
metadata:
    version:
        essentia: "2.1-beta2"
    audio_properties:
        analysis_sample_rate: 44100
        bitrate: 192
        channels: 2
        equal_loudness: 1
        length: 407.35345459
        replay_gain: -13.2899875641
        downmix: "mix"
    tags:
        album: "Wishmaster"
        artist: "Nightwish"
        comment: "880C910B"
        date: "2000"
        genre: "Rock"
        title: "Dead Boy's Poem"
        tracknumber: "10"

configuration:
    average_loudness:
        compute: 1
        frameSize: 88200
        hopSize: 44100
        silentFrames: "noise"
        windowType: "hann"
    general:
        analysisSampleRate: 44100
        endTime: 2000
        equalLoudness: 1
        nequalLoudness: 0
        shortSound: 0
        startTime: 0
    lowlevel:
        compute: 1
        frameSize: 2048
        hopSize: 1024
        zeroPadding: 0
        silentFrames: "noise"
        windowType: "blackmanharris62"
        mfccStats: ["mean", "cov", "icov"]
        stats: ["mean", "var", "median", "min", "max", "dmean", "dmean2", "dvar", "dvar2"]
    panning:
        compute: 0
        frameSize: 8192
        hopSize: 2048
        zeroPadding: 8192
        silentFrames: "noise"
        windowType: "hann"
        stats: ["copy"]
    rhythm:
        compute: 1
        maxTempo: 208
        minTempo: 40
        method: "degara"
        stats: ["mean", "var", "median", "min", "max", "dmean", "dmean2", "dvar", "dvar2"]
    segmentation:
        compute: 0
        cpw: 5
        inc1: 300
        inc2: 50
        minimumSegmentsLength: 10
        size1: 1000
        size2: 600
    sfx:
        compute: 1
        stats: ["mean", "var", "median", "min", "max", "dmean", "dmean2", "dvar", "dvar2"]
    svm:
        compute: 0
    tonal:
        compute: 1
        frameSize: 4096
        hopSize: 2048
        zeroPadding: 0
        silentFrames: "noise"
        windowType: "blackmanharris62"
        stats: ["mean", "var", "median", "min", "max", "dmean", "dmean2", "dvar", "dvar2"]

lowlevel:
    average_loudness: 0.537368237972
    barkbands_kurtosis:
        dmean: 1.75678622723
        dmean2: 2.66542339325
        dvar: 28.7062892914
        dvar2: 64.1646499634
        max: 248.357315063
        mean: 2.19945478439
        median: -0.966611087322
        min: -1.93415307999
        var: 82.6182250977
    barkbands_skewness:
        dmean: 0.405028104782
        dmean2: 0.609346568584
        dvar: 0.255943238735
        dvar2: 0.518835961819
        max: 14.5455780029
        mean: 0.568551242352
        median: 0.202753469348
        min: -10.1931018829
        var: 2.06248378754
    barkbands_spread:
        dmean: 4.28266763687
        dmean2: 6.68480157852
        dvar: 26.5138530731
        dvar2: 60.6667556763
        max: 84.3731079102
        mean: 28.6072101593
        median: 32.2504463196
        min: 0.398577451706
        var: 244.72644043
    dissonance:
        dmean: 0.0205184984952
        dmean2: 0.034051489085
        dvar: 0.000627308501862
        dvar2: 0.00168593833223
        max: 0.5
        mean: 0.450295418501
        median: 0.470329791307
        min: 0.13648571074
        var: 0.00257445196621
    hfc:
        dmean: 1.83728897572
        dmean2: 3.01142907143
        dvar: 12.4529743195
        dvar2: 33.3270797729
        max: 55.6124954224
        mean: 6.90972805023
        median: 5.20891189575
        min: 1.14510913535e-016
        var: 56.0895347595
    pitch:
        dmean: 563.672058105
        dmean2: 1084.6842041
        dvar: 1289106.875
        dvar2: 3261989.5
        max: 6737.77929688
        mean: 1282.19567871
        median: 394.460784912
        min: 54.9469909668
        var: 2225779.75
    pitch_instantaneous_confidence:
        dmean: 0.076770812273
        dmean2: 0.120856940746
        dvar: 0.00500832870603
        dvar2: 0.0114606739953
        max: 0.976734817028
        mean: 0.526358306408
        median: 0.495073080063
        min: 0.106807351112
        var: 0.0345421694219
    pitch_salience:
        dmean: 0.0542651079595
        dmean2: 0.0861985683441
        dvar: 0.00270247622393
        dvar2: 0.00634990492836
        max: 0.907424330711
        mean: 0.57743948698
        median: 0.589429438114
        min: 0.0556794404984
        var: 0.0131291011348
    silence_rate_20dB:
        dmean: 0
        dmean2: 0
        dvar: 0
        dvar2: 0
        max: 1
        mean: 1
        median: 1
        min: 1
        var: 0
    silence_rate_30dB:
        dmean: 0
        dmean2: 0
        dvar: 0
        dvar2: 0
        max: 1
        mean: 1
        median: 1
        min: 1
        var: 0
    silence_rate_60dB:
        dmean: 0.0306657552719
        dmean2: 0.0613350048661
        dvar: 0.0297242701054
        dvar2: 0.0653303265572
        max: 1
        mean: 0.503505289555
        median: 1
        min: 0
        var: 0.249965935946
    spectral_centroid:
        dmean: 205.397613525
        dmean2: 317.622558594
        dvar: 81093.0546875
        dvar2: 173649.734375
        max: 11660.2255859
        mean: 1472.61450195
        median: 1514.42663574
        min: 207.2396698
        var: 630964.4375
    spectral_complexity:
        dmean: 2.49418616295
        dmean2: 4.01447868347
        dvar: 13.0766525269
        dvar2: 31.0818099976
        max: 50
        mean: 11.7031059265
        median: 12
        min: 0
        var: 107.81968689
    spectral_crest:
        dmean: 1.91284632683
        dmean2: 3.02808690071
        dvar: 3.73272871971
        dvar2: 8.70831871033
        max: 26.4892311096
        mean: 8.83576583862
        median: 7.47160625458
        min: 2.5760102272
        var: 21.5501289368
    spectral_decrease:
        dmean: 1.69037325803e-010
        dmean2: 2.73443157006e-010
        dvar: 8.58498187532e-020
        dvar2: 2.25805185331e-019
        max: 4.47988969453e-029
        mean: -8.06926636621e-010
        median: -6.88116452707e-010
        min: -4.67257788017e-009
        var: 5.35797401288e-019
    spectral_energy:
        dmean: 0.000782024406362
        dmean2: 0.00126579718199
        dvar: 1.92519064512e-006
        dvar2: 5.08854145664e-006
        max: 0.0218329783529
        mean: 0.00367224705406
        median: 0.0031062902417
        min: 1.06948645167e-020
        var: 1.15685834317e-005
    spectral_energyband_high:
        dmean: 0.000151413682033
        dmean2: 0.000253823032835
        dvar: 1.39257352316e-007
        dvar2: 3.67554946479e-007
        max: 0.00639536418021
        mean: 0.000313255412038
        median: 0.000147361759446
        min: 7.6601117171e-021
        var: 2.58356607219e-007
    spectral_energyband_low:
        dmean: 0.000182176299859
        dmean2: 0.000302170141367
        dvar: 1.41689184829e-007
        dvar2: 3.8603772623e-007
        max: 0.00504239788279
        mean: 0.000412830209825
        median: 0.000279991945717
        min: 3.36971654432e-023
        var: 2.76230423424e-007
    spectral_energyband_middle_high:
        dmean: 0.000449330749689
        dmean2: 0.00072549667675
        dvar: 5.27334293565e-007
        dvar2: 1.39062478866e-006
        max: 0.0125059336424
        mean: 0.00185146636795
        median: 0.00135683908593
        min: 1.20860750725e-021
        var: 3.89849583371e-006
    spectral_energyband_middle_low:
        dmean: 0.000370636844309
        dmean2: 0.000586960231885
        dvar: 3.88831267628e-007
        dvar2: 1.00115971691e-006
        max: 0.0107697034255
        mean: 0.00121778738685
        median: 0.000886543770321
        min: 2.3756554996e-022
        var: 1.48114384046e-006
    spectral_flatness_db:
        dmean: 0.015210785903
        dmean2: 0.0229398552328
        dvar: 0.000249199016253
        dvar2: 0.000509286590386
        max: 0.49817943573
        mean: 0.179434001446
        median: 0.158951327205
        min: 0.0637572556734
        var: 0.00410510646179
    spectral_flux:
        dmean: 0.0057368404232
        dmean2: 0.00905416533351
        dvar: 5.90851850575e-005
        dvar2: 0.000131749169668
        max: 0.11037594825
        mean: 0.028371470049
        median: 0.0284851081669
        min: 6.86111792381e-011
        var: 0.000443293363787
    spectral_kurtosis:
        dmean: 1.54992341995
        dmean2: 2.59576797485
        dvar: 4.55284404755
        dvar2: 12.7231893539
        max: 83.4213790894
        mean: 5.30962562561
        median: 3.44368624687
        min: -1.55995976925
        var: 32.8544616699
    spectral_rms:
        dmean: 0.00017407895939
        dmean2: 0.000273520709015
        dvar: 6.11842025933e-008
        dvar2: 1.56442993671e-007
        max: 0.00461524259299
        mean: 0.00159735453781
        median: 0.00174084096216
        min: 3.23017242294e-012
        var: 1.03112824945e-006
    spectral_rolloff:
        dmean: 296.408691406
        dmean2: 489.081512451
        dvar: 305571.5625
        dvar2: 624471.375
        max: 19229.1503906
        mean: 2669.83032227
        median: 3251.51367188
        min: 150.732421875
        var: 2153468.25
    spectral_skewness:
        dmean: 0.199000030756
        dmean2: 0.317407250404
        dvar: 0.0483289957047
        dvar2: 0.113089986145
        max: 7.99224328995
        mean: 1.59910523891
        median: 1.28759348392
        min: -0.656902849674
        var: 0.69462710619
    spectral_spread:
        dmean: 415262.0625
        dmean2: 601138.75
        dvar: 373659402240
        dvar2: 668041740288
        max: 41091184
        mean: 4404573
        median: 4097164.25
        min: 1093204.25
        var: 2.74795226726e+012
    spectral_strongpeak:
        dmean: 0.415588825941
        dmean2: 0.714013516903
        dvar: 0.764888644218
        dvar2: 2.00433492661
        max: 11.7243499756
        mean: 0.704788327217
        median: 0.2276596874
        min: 3.16508555476e-011
        var: 1.52053642273
    zerocrossingrate:
        dmean: 0.00708043994382
        dmean2: 0.00829632766545
        dvar: 7.64035139582e-005
        dvar2: 7.83723298809e-005
        max: 0.52490234375
        mean: 0.0843105465174
        median: 0.0927734375
        min: 0.0048828125
        var: 0.00161677936558
    barkbands:
        dmean: [2.93485356906e-007, 6.79393124301e-005, 0.000105788341898, 9.98066316242e-005, 0.000110148706881, 9.44314233493e-005, 0.000128452957142, 6.2761377194e-005, 6.56778938719e-005, 7.82289498602e-005, 5.2670842706e-005, 3.84175000363e-005, 2.00416234293e-005, 3.30751718138e-005, 4.16650582338e-005, 3.84380691685e-005, 0.000101226920378, 0.000159871167853, 0.000218483124627, 0.000145057550981, 7.46082587284e-005, 2.39478486037e-005, 5.1708425417e-006, 1.68402709733e-006, 1.04085540897e-006, 3.32366276723e-008, 3.89041160398e-010]
        dmean2: [4.67023795636e-007, 0.000115494942293, 0.000173936234205, 0.000161662508617, 0.000180560353328, 0.000143562749145, 0.000200732873054, 9.68376480159e-005, 0.000104226535768, 0.000119248092233, 8.32795121823e-005, 6.02942127443e-005, 3.23586100421e-005, 5.40021355846e-005, 6.83941761963e-005, 6.26597102382e-005, 0.00016637891531, 0.000265240843873, 0.000359691155609, 0.000244036637014, 0.000126002632896, 3.97252879338e-005, 8.69584073371e-006, 2.6215386697e-006, 1.5318134956e-006, 5.02047647899e-008, 6.25252460917e-010]
        dvar: [6.25729773985e-013, 2.63276103141e-008, 5.27406420758e-008, 5.64104709611e-008, 7.97679291509e-008, 2.85300387759e-008, 8.10137095186e-008, 3.12237879996e-008, 2.44133975258e-008, 3.73489008609e-008, 1.53372834433e-008, 1.24257004686e-008, 1.90779281262e-009, 5.61670443489e-009, 8.89596929454e-009, 4.88641305196e-009, 3.01020612881e-008, 7.67237580135e-008, 1.44936464608e-007, 8.82509993971e-008, 3.15723838185e-008, 3.88392340511e-009, 1.76923947715e-010, 1.76516665867e-011, 1.92201445731e-011, 1.01306461863e-014, 9.57925090366e-019]
        dvar2: [1.47888905982e-012, 7.37126910622e-008, 1.4484905364e-007, 1.38696236718e-007, 2.16018250399e-007, 6.71359288162e-008, 1.94449057744e-007, 7.50239408376e-008, 6.01975074233e-008, 8.6797498966e-008, 3.70736579214e-008, 2.65610964334e-008, 4.35886349237e-009, 1.35779103516e-008, 2.05238528395e-008, 1.24306334115e-008, 7.82364821816e-008, 2.00829589403e-007, 3.76405466795e-007, 2.37251938984e-007, 8.40155749415e-008, 9.4294509978e-009, 4.51958109826e-010, 3.85674270298e-011, 3.68755546931e-011, 2.20049063064e-014, 2.13900696639e-018]
        max: [1.0275585737e-005, 0.00209827977233, 0.00412693200633, 0.00416784454137, 0.00524511421099, 0.00416331365705, 0.00657030753791, 0.00425224844366, 0.00512854428962, 0.0059320977889, 0.0029932865873, 0.0036221423652, 0.00165759469382, 0.00172891258262, 0.00262598856352, 0.00193488062359, 0.00552471773699, 0.00434631295502, 0.00738423597068, 0.00661773001775, 0.00287017505616, 0.00225350121036, 0.000375898933271, 0.000131272521685, 0.000378364609787, 3.6120347886e-006, 3.91785093257e-008]
        mean: [3.97485536041e-007, 0.000129720559926, 0.000211491249502, 0.000142824777868, 0.000206457872991, 0.000252988451393, 0.00028005769127, 0.000118464355182, 0.000130507309223, 0.000162443902809, 9.43515042309e-005, 7.26237194613e-005, 3.59536461474e-005, 5.7857203501e-005, 7.47424055589e-005, 7.51645566197e-005, 0.000219689158257, 0.00035788025707, 0.000556841550861, 0.000288691750029, 0.000142896620673, 4.5030756155e-005, 9.45548254094e-006, 3.73910211238e-006, 1.92263655663e-006, 5.17809368716e-008, 4.69971783712e-010]
        median: [6.31401562146e-008, 5.46241171833e-005, 0.000111055793241, 3.90107161365e-005, 0.000119180862384, 0.000109379354399, 6.35127071291e-005, 2.76342980214e-005, 3.87203763239e-005, 4.33733439422e-005, 2.40307417698e-005, 1.7871036107e-005, 1.50474597831e-005, 2.30102959904e-005, 3.06824586005e-005, 4.28295534221e-005, 0.000135104724905, 0.000215550957364, 0.00031181902159, 0.000143430894241, 6.07215006312e-005, 1.70530511241e-005, 2.17189904106e-006, 7.35842945687e-007, 1.9151758579e-007, 5.46252909572e-009, 6.10251571498e-011]
        min: [1.33828112786e-024, 8.80060483385e-024, 3.00546420229e-024, 9.04502234128e-024, 3.63272781883e-023, 2.16661215599e-023, 1.82786834131e-023, 1.12317431928e-023, 3.18162307443e-023, 6.36109666066e-023, 4.36623025225e-023, 3.09493893609e-023, 7.13860995954e-023, 1.01447891065e-022, 6.80576556225e-023, 9.02156288014e-023, 8.40299053862e-023, 1.98013881707e-022, 1.6999330254e-022, 3.51166215612e-022, 2.55570612235e-022, 4.23919310182e-022, 4.25231469857e-022, 6.17349922651e-022, 1.03150361445e-021, 1.47723723845e-021, 2.17173381964e-021]
        var: [8.2543157422e-013, 3.9997814838e-008, 9.73703819795e-008, 8.65813731821e-008, 1.02737907071e-007, 1.66148424796e-007, 3.17330062671e-007, 9.81930909916e-008, 9.15558757697e-008, 1.34400792717e-007, 4.15571435042e-008, 4.23406092409e-008, 4.62181182215e-009, 1.27109993642e-008, 2.38071304892e-008, 1.22654508772e-008, 8.74289725061e-008, 2.22944635198e-007, 6.17753414645e-007, 1.79602821504e-007, 5.70656908394e-008, 8.20909651367e-009, 3.35293015574e-010, 5.78288354702e-011, 6.10611214369e-011, 1.99202887665e-014, 1.67059629899e-018]
    frequency_bands:
        dmean: [2.93485356906e-007, 6.79393124301e-005, 0.000105788341898, 9.98066316242e-005, 0.000110148706881, 9.44314233493e-005, 0.000128452957142, 6.2761377194e-005, 6.56778938719e-005, 7.82289498602e-005, 5.2670842706e-005, 3.84175000363e-005, 2.00416234293e-005, 3.30751718138e-005, 4.16650582338e-005, 3.84380691685e-005, 0.000101226920378, 0.000159871167853, 0.000218483124627, 0.000145057550981, 7.46082587284e-005, 2.39478486037e-005, 5.1708425417e-006, 1.68402709733e-006, 1.04085540897e-006, 3.32366276723e-008, 3.89041160398e-010, 4.32670912986e-011]
        dmean2: [4.67023795636e-007, 0.000115494942293, 0.000173936234205, 0.000161662508617, 0.000180560353328, 0.000143562749145, 0.000200732873054, 9.68376480159e-005, 0.000104226535768, 0.000119248092233, 8.32795121823e-005, 6.02942127443e-005, 3.23586100421e-005, 5.40021355846e-005, 6.83941761963e-005, 6.26597102382e-005, 0.00016637891531, 0.000265240843873, 0.000359691155609, 0.000244036637014, 0.000126002632896, 3.97252879338e-005, 8.69584073371e-006, 2.6215386697e-006, 1.5318134956e-006, 5.02047647899e-008, 6.25252460917e-010, 8.02539562583e-011]
        dvar: [6.25729773985e-013, 2.63276103141e-008, 5.27406420758e-008, 5.64104709611e-008, 7.97679291509e-008, 2.85300387759e-008, 8.10137095186e-008, 3.12237879996e-008, 2.44133975258e-008, 3.73489008609e-008, 1.53372834433e-008, 1.24257004686e-008, 1.90779281262e-009, 5.61670443489e-009, 8.89596929454e-009, 4.88641305196e-009, 3.01020612881e-008, 7.67237580135e-008, 1.44936464608e-007, 8.82509993971e-008, 3.15723838185e-008, 3.88392340511e-009, 1.76923947715e-010, 1.76516665867e-011, 1.92201445731e-011, 1.01306461863e-014, 9.57925090366e-019, 6.00990699379e-021]
        dvar2: [1.47888905982e-012, 7.37126910622e-008, 1.4484905364e-007, 1.38696236718e-007, 2.16018250399e-007, 6.71359288162e-008, 1.94449057744e-007, 7.50239408376e-008, 6.01975074233e-008, 8.6797498966e-008, 3.70736579214e-008, 2.65610964334e-008, 4.35886349237e-009, 1.35779103516e-008, 2.05238528395e-008, 1.24306334115e-008, 7.82364821816e-008, 2.00829589403e-007, 3.76405466795e-007, 2.37251938984e-007, 8.40155749415e-008, 9.4294509978e-009, 4.51958109826e-010, 3.85674270298e-011, 3.68755546931e-011, 2.20049063064e-014, 2.13900696639e-018, 1.92777414436e-020]
        max: [1.0275585737e-005, 0.00209827977233, 0.00412693200633, 0.00416784454137, 0.00524511421099, 0.00416331365705, 0.00657030753791, 0.00425224844366, 0.00512854428962, 0.0059320977889, 0.0029932865873, 0.0036221423652, 0.00165759469382, 0.00172891258262, 0.00262598856352, 0.00193488062359, 0.00552471773699, 0.00434631295502, 0.00738423597068, 0.00661773001775, 0.00287017505616, 0.00225350121036, 0.000375898933271, 0.000131272521685, 0.000378364609787, 3.6120347886e-006, 3.91785093257e-008, 9.55764911659e-010]
        mean: [3.97485536041e-007, 0.000129720559926, 0.000211491249502, 0.000142824777868, 0.000206457872991, 0.000252988451393, 0.00028005769127, 0.000118464355182, 0.000130507309223, 0.000162443902809, 9.43515042309e-005, 7.26237194613e-005, 3.59536461474e-005, 5.7857203501e-005, 7.47424055589e-005, 7.51645566197e-005, 0.000219689158257, 0.00035788025707, 0.000556841550861, 0.000288691750029, 0.000142896620673, 4.5030756155e-005, 9.45548254094e-006, 3.73910211238e-006, 1.92263655663e-006, 5.17809368716e-008, 4.69971783712e-010, 3.38674921441e-011]
        median: [6.31401562146e-008, 5.46241171833e-005, 0.000111055793241, 3.90107161365e-005, 0.000119180862384, 0.000109379354399, 6.35127071291e-005, 2.76342980214e-005, 3.87203763239e-005, 4.33733439422e-005, 2.40307417698e-005, 1.7871036107e-005, 1.50474597831e-005, 2.30102959904e-005, 3.06824586005e-005, 4.28295534221e-005, 0.000135104724905, 0.000215550957364, 0.00031181902159, 0.000143430894241, 6.07215006312e-005, 1.70530511241e-005, 2.17189904106e-006, 7.35842945687e-007, 1.9151758579e-007, 5.46252909572e-009, 6.10251571498e-011, 5.58477526377e-012]
        min: [1.33828112786e-024, 8.80060483385e-024, 3.00546420229e-024, 9.04502234128e-024, 3.63272781883e-023, 2.16661215599e-023, 1.82786834131e-023, 1.12317431928e-023, 3.18162307443e-023, 6.36109666066e-023, 4.36623025225e-023, 3.09493893609e-023, 7.13860995954e-023, 1.01447891065e-022, 6.80576556225e-023, 9.02156288014e-023, 8.40299053862e-023, 1.98013881707e-022, 1.6999330254e-022, 3.51166215612e-022, 2.55570612235e-022, 4.23919310182e-022, 4.25231469857e-022, 6.17349922651e-022, 1.03150361445e-021, 1.47723723845e-021, 2.17173381964e-021, 5.389996517e-022]
        var: [8.2543157422e-013, 3.9997814838e-008, 9.73703819795e-008, 8.65813731821e-008, 1.02737907071e-007, 1.66148424796e-007, 3.17330062671e-007, 9.81930909916e-008, 9.15558757697e-008, 1.34400792717e-007, 4.15571435042e-008, 4.23406092409e-008, 4.62181182215e-009, 1.27109993642e-008, 2.38071304892e-008, 1.22654508772e-008, 8.74289725061e-008, 2.22944635198e-007, 6.17753414645e-007, 1.79602821504e-007, 5.70656908394e-008, 8.20909651367e-009, 3.35293015574e-010, 5.78288354702e-011, 6.10611214369e-011, 1.99202887665e-014, 1.67059629899e-018, 4.76704227404e-021]
    mfcc:
        mean: [-782.042236328, 107.373191833, -30.0604915619, 45.3195266724, -16.6868858337, -14.812494278, -1.57679784298, -0.487002015114, -5.98417568207, -4.69096517563, -3.84743785858, -4.56253147125, -2.6747803688]
        cov: [[18192.4355469, -526.738037109, -2658.86499023, 3402.69311523, 25.9846038818, 1001.37811279, 589.123413086, 629.356140137, 500.149291992, 302.871948242, 571.40020752, 276.099853516, -157.945358276], [-526.738037109, 912.309570313, -34.1695861816, -61.9957885742, 46.991027832, -67.0576705933, 23.3242969513, 14.1855678558, -21.7764930725, -1.44503235817, -13.4107408524, -3.30802369118, -15.1556501389], [-2658.86499023, -34.1695861816, 880.906494141, -535.843444824, -4.51168251038, -62.8443145752, -84.7295761108, -96.4274749756, -28.197101593, -51.4572143555, -68.9956054688, -9.62552928925, 39.6499557495], [3402.69311523, -61.9957885742, -535.843444824, 1038.01135254, 111.969429016, 261.528015137, 84.5436553955, 73.7188644409, 105.40965271, 20.870677948, 89.9491271973, 77.1462783813, -23.1515026093], [25.9846038818, 46.991027832, -4.51168251038, 111.969429016, 206.65725708, 51.334400177, -34.956577301, -16.8785991669, 28.1917934418, 0.518844366074, -2.81489419937, 13.3778934479, -0.792350053787], [1001.37811279, -67.0576705933, -62.8443145752, 261.528015137, 51.334400177, 229.009597778, 73.6626815796, 45.2382125854, 106.093475342, 19.6407699585, 59.9729042053, 51.3518562317, -15.7490949631], [589.123413086, 23.3242969513, -84.7295761108, 84.5436553955, -34.956577301, 73.6626815796, 177.131896973, 102.333312988, 39.1701889038, 22.854385376, 51.1290435791, 1.51197445393, -11.3406553268], [629.356140137, 14.1855678558, -96.4274749756, 73.7188644409, -16.8785991669, 45.2382125854, 102.333312988, 164.47769165, 60.1319465637, 42.7560310364, 56.2647857666, 9.28734302521, -1.93613827229], [500.149291992, -21.7764930725, -28.197101593, 105.40965271, 28.1917934418, 106.093475342, 39.1701889038, 60.1319465637, 191.9715271, 43.1556625366, 49.878326416, 47.5518875122, -15.7180233002], [302.871948242, -1.44503235817, -51.4572143555, 20.870677948, 0.518844366074, 19.6407699585, 22.854385376, 42.7560310364, 43.1556625366, 116.546005249, 51.5107536316, 13.653459549, 15.2629480362], [571.40020752, -13.4107408524, -68.9956054688, 89.9491271973, -2.81489419937, 59.9729042053, 51.1290435791, 56.2647857666, 49.878326416, 51.5107536316, 136.293701172, 65.1129837036, -2.40787792206], [276.099853516, -3.30802369118, -9.62552928925, 77.1462783813, 13.3778934479, 51.3518562317, 1.51197445393, 9.28734302521, 47.5518875122, 13.653459549, 65.1129837036, 106.184455872, 33.1006278992], [-157.945358276, -15.1556501389, 39.6499557495, -23.1515026093, -0.792350053787, -15.7490949631, -11.3406553268, -1.93613827229, -15.7180233002, 15.2629480362, -2.40787792206, 33.1006278992, 95.5215911865]]
        icov: [[0.000234166451264, 8.01618080004e-005, 0.000313382508466, -0.000526316172909, 0.000287358736387, -0.000271088705631, 2.98946833936e-005, -0.000300672021694, 2.27665150305e-005, -0.000175279245013, -0.000171712497831, 4.37809239884e-006, 0.000123319841805], [8.01618080004e-005, 0.00123711698689, 0.00017490106984, -0.00010997006757, -0.000444784614956, 0.000571262207814, -0.000579462212045, -0.000160018069437, 0.000100620105513, -0.000194305786863, 0.000331982679199, -0.000662062782794, 0.000533430604264], [0.000313382508466, 0.00017490106984, 0.00239694304764, 0.000527426134795, 0.000119953059766, -0.00135953654535, 0.000318767240969, 0.000120900651382, -0.000218307468458, 0.000470814644359, -6.7032626248e-005, -8.68031056598e-005, -0.000586807553191], [-0.000526316172909, -0.00010997006757, 0.000527426134795, 0.00337006011978, -0.00126894423738, -0.00148658407852, 0.000129231557366, 0.00061760796234, 0.000159902978339, 0.000878582708538, 0.000407439103583, -0.000508216733579, -0.000445300713181], [0.000287358736387, -0.000444784614956, 0.000119953059766, -0.00126894423738, 0.00641029467806, -0.0018878611736, 0.00216165161692, -0.000381483900128, -0.00036689688568, -0.00035482615931, -4.74781772937e-005, 0.000569986354094, -0.00016433474957], [-0.000271088705631, 0.000571262207814, -0.00135953654535, -0.00148658407852, -0.0018878611736, 0.0104882214218, -0.00388393993489, 0.00151504029054, -0.00316457194276, 0.000162987140357, -0.00020474739722, -0.00211932254024, 0.00131205969956], [2.98946833936e-005, -0.000579462212045, 0.000318767240969, 0.000129231557366, 0.00216165161692, -0.00388393993489, 0.0113006345928, -0.00555462902412, 0.000677760224789, 0.00104576721787, -0.00239734421484, 0.00302023743279, -0.000699464872014], [-0.000300672021694, -0.000160018069437, 0.000120900651382, 0.00061760796234, -0.000381483900128, 0.00151504029054, -0.00555462902412, 0.0118993353099, -0.00278314016759, -0.000800014764536, -0.00223237695172, 0.00192463770509, -0.00164803676307], [2.27665150305e-005, 0.000100620105513, -0.000218307468458, 0.000159902978339, -0.00036689688568, -0.00316457194276, 0.000677760224789, -0.00278314016759, 0.00901619996876, -0.00279043638147, 0.00173813314177, -0.00408348673955, 0.00307056098245], [-0.000175279245013, -0.000194305786863, 0.000470814644359, 0.000878582708538, -0.00035482615931, 0.000162987140357, 0.00104576721787, -0.000800014764536, -0.00279043638147, 0.0127637498081, -0.00571647565812, 0.00433422811329, -0.00431591412053], [-0.000171712497831, 0.000331982679199, -6.7032626248e-005, 0.000407439103583, -4.74781772937e-005, -0.00020474739722, -0.00239734421484, -0.00223237695172, 0.00173813314177, -0.00571647565812, 0.0167748369277, -0.0114355357364, 0.00511627271771], [4.37809239884e-006, -0.000662062782794, -8.68031056598e-005, -0.000508216733579, 0.000569986354094, -0.00211932254024, 0.00302023743279, 0.00192463770509, -0.00408348673955, 0.00433422811329, -0.0114355357364, 0.0216695740819, -0.00929385703057], [0.000123319841805, 0.000533430604264, -0.000586807553191, -0.000445300713181, -0.00016433474957, 0.00131205969956, -0.000699464872014, -0.00164803676307, 0.00307056098245, -0.00431591412053, 0.00511627271771, -0.00929385703057, 0.0155359506607]]
    sccoeffs:
        dmean: [0.0423409454525, 0.0414806231856, 0.0347839444876, 0.0272762030363, 0.0202725771815, 0.0149366408587]
        dmean2: [0.0700179710984, 0.0673811510205, 0.0556973069906, 0.0440613739192, 0.0322181247175, 0.0241171326488]
        dvar: [0.00131079764105, 0.00115446036216, 0.000799318426289, 0.000499595247675, 0.000290675845463, 0.000201144808671]
        dvar2: [0.00363811384887, 0.0030160387978, 0.00198484444991, 0.00123258796521, 0.000664133112878, 0.00049743958516]
        max: [-0.346488922834, -0.381038963795, -0.436134934425, -0.541692912579, -0.576147258282, -0.596639454365]
        mean: [-0.670762658119, -0.709355294704, -0.747417628765, -0.788628339767, -0.783433914185, -0.76522821188]
        median: [-0.674421429634, -0.718893587589, -0.757472634315, -0.793873250484, -0.784151017666, -0.75176435709]
        min: [-0.961116671562, -0.9686165452, -0.975440859795, -0.960833609104, -0.963239312172, -0.964013397694]
        var: [0.00568351428956, 0.00689050462097, 0.00513388728723, 0.00261989701539, 0.00262868334539, 0.00334460288286]
    scvalleys:
        dmean: [0.342539995909, 0.308837473392, 0.276590198278, 0.257187306881, 0.217990428209, 0.228603601456]
        dmean2: [0.565572142601, 0.513838708401, 0.454761087894, 0.412601649761, 0.333930671215, 0.332508832216]
        dvar: [0.0860438197851, 0.0720957517624, 0.0592615306377, 0.0677460059524, 0.0687213465571, 0.124975092709]
        dvar2: [0.223988682032, 0.18560552597, 0.14309284091, 0.154423117638, 0.140046834946, 0.253621101379]
        max: [-4.98705911636, -4.903819561, -5.4348897934, -5.8541097641, -5.50407361984, -7.51624774933]
        mean: [-7.70376729965, -7.28393507004, -7.85631227493, -8.33701896667, -8.07818698883, -10.5845251083]
        median: [-6.85043096542, -6.85764074326, -7.33736419678, -7.5201458931, -7.05828237534, -10.1519632339]
        min: [-27.886932373, -27.3741226196, -27.5263805389, -27.5544033051, -27.4235305786, -27.3060302734]
        var: [3.25025582314, 1.65951609612, 1.96824812889, 2.54781484604, 3.50002098083, 2.87198257446]

rhythm:
    beats_loudness:
        dmean: 0.00168559548911
        dmean2: 0.00308332894929
        dvar: 3.79206130674e-006
        dvar2: 1.26705172079e-005
        max: 0.0162685848773
        mean: 0.00418754480779
        median: 0.00384894898161
        min: 7.19802670801e-008
        var: 1.38138966577e-005
    bpm: 133.34185791
    bpm_confidence: 0
    first_peak_bpm: 133
    first_peak_spread: 0.497663527727
    first_peak_weight: 0.272496819496
    onset_rate: 2.83046579361
    second_peak_bpm: 92
    second_peak_spread: 0.233160629869
    second_peak_weight: 0.187579214573
    beats_loudness_band_ratio:
        dmean: [0.100289009511, 0.130346044898, 0.132575422525, 0.0899831280112, 0.0724258646369, 0.103421375155]
        dmean2: [0.174606442451, 0.227676302195, 0.229126542807, 0.157465219498, 0.12291289866, 0.185693755746]
        dvar: [0.0102054262534, 0.0245685596019, 0.0216669011861, 0.0163013935089, 0.00498127378523, 0.018785731867]
        dvar2: [0.0290464814752, 0.0715929046273, 0.0624636597931, 0.0474014654756, 0.0137397637591, 0.0554497763515]
        max: [0.662379086018, 0.990404605865, 0.904303491116, 0.895956575871, 0.527241945267, 0.989367425442]
        mean: [0.16603115201, 0.198941111565, 0.206119760871, 0.114585898817, 0.171135798097, 0.195630759001]
        median: [0.139394387603, 0.119837783277, 0.121648490429, 0.0667520985007, 0.179322123528, 0.185782521963]
        min: [1.47196885791e-006, 0.000227021126193, 0.000929594330955, 0.000528192555066, 0.000171147898072, 0.000158190116053]
        var: [0.0182521231472, 0.0425684638321, 0.042481970042, 0.0199994854629, 0.0131306406111, 0.0256558451802]
