
metadata:
    version:
        essentia: "2.1-beta2"
    audio_properties:
        analysis_sample_rate: 44100
        bitrate: 192
        channels: 2
        equal_loudness: 1
        length: 497.763275146
        replay_gain: -13.1686687469
        downmix: "mix"
    tags:
        album: "Wishmaster"
        artist: "Nightwish"
        comment: "880C910B"
        date: "2000"
        genre: "Rock"
        title: "Fantasmic"
        tracknumber: "11"

configuration:
    average_loudness:
        compute: 1
        frameSize: 88200
        hopSize: 44100
        silentFrames: "noise"
        windowType: "hann"
    general:
        analysisSampleRate: 44100
        endTime: 2000
        equalLoudness: 1
        nequalLoudness: 0
        shortSound: 0
        startTime: 0
    lowlevel:
        compute: 1
        frameSize: 2048
        hopSize: 1024
        zeroPadding: 0
        silentFrames: "noise"
        windowType: "blackmanharris62"
        mfccStats: ["mean", "cov", "icov"]
        stats: ["mean", "var", "median", "min", "max", "dmean", "dmean2", "dvar", "dvar2"]
    panning:
        compute: 0
        frameSize: 8192
        hopSize: 2048
        zeroPadding: 8192
        silentFrames: "noise"
        windowType: "hann"
        stats: ["copy"]
    rhythm:
        compute: 1
        maxTempo: 208
        minTempo: 40
        method: "degara"
        stats: ["mean", "var", "median", "min", "max", "dmean", "dmean2", "dvar", "dvar2"]
    segmentation:
        compute: 0
        cpw: 5
        inc1: 300
        inc2: 50
        minimumSegmentsLength: 10
        size1: 1000
        size2: 600
    sfx:
        compute: 1
        stats: ["mean", "var", "median", "min", "max", "dmean", "dmean2", "dvar", "dvar2"]
    svm:
        compute: 0
    tonal:
        compute: 1
        frameSize: 4096
        hopSize: 2048
        zeroPadding: 0
        silentFrames: "noise"
        windowType: "blackmanharris62"
        stats: ["mean", "var", "median", "min", "max", "dmean", "dmean2", "dvar", "dvar2"]

lowlevel:
    average_loudness: 0.823558807373
    barkbands_kurtosis:
        dmean: 1.0064368248
        dmean2: 1.57161509991
        dvar: 4.66575479507
        dvar2: 9.74697780609
        max: 110.333808899
        mean: 0.459661692381
        median: -0.999515295029
        min: -1.90717244148
        var: 19.9245624542
    barkbands_skewness:
        dmean: 0.396496623755
        dmean2: 0.620858073235
        dvar: 0.149790912867
        dvar2: 0.34579500556
        max: 8.61756038666
        mean: 0.0716120526195
        median: -0.222196877003
        min: -5.23459672928
        var: 1.44259798527
    barkbands_spread:
        dmean: 5.80994844437
        dmean2: 9.28224945068
        dvar: 32.7214546204
        dvar2: 80.8120651245
        max: 74.7569503784
        mean: 33.9316558838
        median: 35.3464317322
        min: 0.550500631332
        var: 168.033065796
    dissonance:
        dmean: 0.0131029328331
        dmean2: 0.0219879020005
        dvar: 0.000244291091803
        dvar2: 0.000655233277939
        max: 0.500000119209
        mean: 0.473663300276
        median: 0.483086884022
        min: 0.239750176668
        var: 0.000817729334813
    hfc:
        dmean: 2.82722592354
        dmean2: 4.68782711029
        dvar: 17.5236339569
        dvar2: 46.4528884888
        max: 58.0574378967
        mean: 8.78272914886
        median: 7.76618289948
        min: 1.13517238009e-016
        var: 55.4242286682
    pitch:
        dmean: 788.547485352
        dmean2: 1513.89892578
        dvar: 1583574
        dvar2: 3853598
        max: 6191.92724609
        mean: 1769.0333252
        median: 665.002807617
        min: 54.7897453308
        var: 2448934.75
    pitch_instantaneous_confidence:
        dmean: 0.0808924883604
        dmean2: 0.130001813173
        dvar: 0.00476892013103
        dvar2: 0.0115956701338
        max: 0.983642756939
        mean: 0.438172221184
        median: 0.411962002516
        min: 0.102714061737
        var: 0.022692643106
    pitch_salience:
        dmean: 0.0576236099005
        dmean2: 0.0928272306919
        dvar: 0.00264889816754
        dvar2: 0.00677182246
        max: 0.859604656696
        mean: 0.618563532829
        median: 0.635637283325
        min: 0.0793423876166
        var: 0.0104492465034
    silence_rate_20dB:
        dmean: 0
        dmean2: 0
        dvar: 0
        dvar2: 0
        max: 1
        mean: 1
        median: 1
        min: 1
        var: 0
    silence_rate_30dB:
        dmean: 0
        dmean2: 0
        dvar: 0
        dvar2: 0
        max: 1
        mean: 1
        median: 1
        min: 1
        var: 0
    silence_rate_60dB:
        dmean: 0.0643746778369
        dmean2: 0.128755360842
        dvar: 0.0602349713445
        dvar2: 0.133839204907
        max: 1
        mean: 0.381472140551
        median: 0
        min: 0
        var: 0.235951304436
    spectral_centroid:
        dmean: 256.088104248
        dmean2: 411.275787354
        dvar: 76505.4609375
        dvar2: 186370.921875
        max: 11371.0234375
        mean: 1754.4152832
        median: 1891.56665039
        min: 174.999145508
        var: 570216.0625
    spectral_complexity:
        dmean: 3.75444316864
        dmean2: 5.98805761337
        dvar: 19.3228206635
        dvar2: 45.7211647034
        max: 49
        mean: 15.0664243698
        median: 15
        min: 0
        var: 102.057243347
    spectral_crest:
        dmean: 1.73170220852
        dmean2: 2.82647919655
        dvar: 2.77767753601
        dvar2: 6.79485464096
        max: 26.4902362823
        mean: 7.19800615311
        median: 6.24952507019
        min: 2.55569624901
        var: 10.8894577026
    spectral_decrease:
        dmean: 2.46187542574e-010
        dmean2: 3.97451127565e-010
        dvar: 1.10689483862e-019
        dvar2: 2.80620376574e-019
        max: -8.30881687342e-029
        mean: -9.34149424481e-010
        median: -8.77100336805e-010
        min: -3.97672161867e-009
        var: 4.01077958741e-019
    spectral_energy:
        dmean: 0.00115484697744
        dmean2: 0.00187109445687
        dvar: 2.5369524792e-006
        dvar2: 6.48552259008e-006
        max: 0.019732112065
        mean: 0.00432233838364
        median: 0.00404092855752
        min: 1.06099363323e-020
        var: 9.10521521291e-006
    spectral_energyband_high:
        dmean: 0.000244492519414
        dmean2: 0.000420597818447
        dvar: 2.14275090116e-007
        dvar2: 5.78509798288e-007
        max: 0.00829236675054
        mean: 0.000440490577603
        median: 0.000252894300502
        min: 7.50852117633e-021
        var: 3.13846896915e-007
    spectral_energyband_low:
        dmean: 0.000301519641653
        dmean2: 0.000503953720909
        dvar: 1.9324257039e-007
        dvar2: 5.2443073173e-007
        max: 0.00861149933189
        mean: 0.000567486102227
        median: 0.000408759748098
        min: 7.42134969865e-023
        var: 3.37126181194e-007
    spectral_energyband_middle_high:
        dmean: 0.000658026430756
        dmean2: 0.00105973007157
        dvar: 6.92336584507e-007
        dvar2: 1.78531058737e-006
        max: 0.0131264068186
        mean: 0.00228043762036
        median: 0.0021204885561
        min: 1.80324000287e-021
        var: 3.4533361486e-006
    spectral_energyband_middle_low:
        dmean: 0.000463939039037
        dmean2: 0.000742207921576
        dvar: 4.61488440351e-007
        dvar2: 1.1551200032e-006
        max: 0.00734998937696
        mean: 0.00117258902173
        median: 0.00084599875845
        min: 2.95138385871e-022
        var: 1.05837989395e-006
    spectral_flatness_db:
        dmean: 0.0136943822727
        dmean2: 0.0210565179586
        dvar: 0.000190391016076
        dvar2: 0.000407210492995
        max: 0.430498808622
        mean: 0.146970301867
        median: 0.135126322508
        min: 0.0460583120584
        var: 0.00197026436217
    spectral_flux:
        dmean: 0.00694782054052
        dmean2: 0.0107510052621
        dvar: 6.35448668618e-005
        dvar2: 0.000129226216814
        max: 0.107148304582
        mean: 0.0365787148476
        median: 0.0380637608469
        min: 1.03004542396e-010
        var: 0.000379047240131
    spectral_kurtosis:
        dmean: 1.12815332413
        dmean2: 1.90324783325
        dvar: 3.54809117317
        dvar2: 9.61331653595
        max: 94.4878387451
        mean: 3.80730557442
        median: 2.97585058212
        min: -1.50552475452
        var: 14.318444252
    spectral_rms:
        dmean: 0.000248925731285
        dmean2: 0.000393938127672
        dvar: 8.63805027507e-008
        dvar2: 2.12943760403e-007
        max: 0.00438757799566
        mean: 0.00189741025679
        median: 0.00198554014787
        min: 3.21732137459e-012
        var: 6.16712384272e-007
    spectral_rolloff:
        dmean: 315.938873291
        dmean2: 526.77911377
        dvar: 216860.40625
        dvar2: 466714.03125
        max: 18410.8886719
        mean: 3127.97631836
        median: 3466.84570313
        min: 107.666015625
        var: 1460700.5
    spectral_skewness:
        dmean: 0.158939450979
        dmean2: 0.259816259146
        dvar: 0.0352293103933
        dvar2: 0.0866833105683
        max: 7.69989013672
        mean: 1.37402355671
        median: 1.25960493088
        min: -0.149629577994
        var: 0.302425742149
    spectral_spread:
        dmean: 443465.3125
        dmean2: 642546.4375
        dvar: 361696559104
        dvar2: 593106173952
        max: 41176356
        mean: 4830190
        median: 4709311
        min: 907956.8125
        var: 2.18720724582e+012
    spectral_strongpeak:
        dmean: 0.536634206772
        dmean2: 0.930952727795
        dvar: 0.754947006702
        dvar2: 1.98780977726
        max: 11.1015052795
        mean: 0.712086975574
        median: 0.225326955318
        min: 4.07961753268e-009
        var: 1.06790602207
    zerocrossingrate:
        dmean: 0.00725691113621
        dmean2: 0.00893789716065
        dvar: 5.4680302128e-005
        dvar2: 6.73941030982e-005
        max: 0.4970703125
        mean: 0.0991553515196
        median: 0.10791015625
        min: 0.0068359375
        var: 0.00124661636073
    barkbands:
        dmean: [5.28493501406e-007, 0.000111267530883, 0.000176281741005, 0.000169446342625, 0.000133469118737, 6.72000533086e-005, 0.000113647096441, 0.000107017302071, 0.000135567854159, 5.11983307661e-005, 4.49343933724e-005, 4.96508546348e-005, 3.78587683372e-005, 4.97177570651e-005, 5.92817341385e-005, 8.04709270597e-005, 0.000171772568137, 0.000215318039409, 0.000285444490146, 0.000198998983251, 0.000123113524751, 3.44070904248e-005, 8.2877195382e-006, 2.75442539532e-006, 1.51783592628e-006, 5.42280176319e-008, 6.2152094582e-010]
        dmean2: [8.39660231122e-007, 0.000190499602468, 0.000293257937301, 0.000281116779661, 0.000224185117986, 0.000108354572149, 0.000184062140761, 0.000169778257259, 0.000218892018893, 8.04937735666e-005, 7.15795467841e-005, 7.88352481322e-005, 6.12177173025e-005, 8.0526835518e-005, 9.66504085227e-005, 0.000131187567604, 0.000284707872197, 0.000360101519618, 0.000474485015729, 0.000339515187079, 0.000213089442695, 5.83365035709e-005, 1.4136136997e-005, 4.19502703153e-006, 2.31613307733e-006, 8.01988662147e-008, 9.42086630928e-010]
        dvar: [8.71869362731e-013, 3.18852926284e-008, 8.22752070917e-008, 8.20710184257e-008, 6.66680364247e-008, 1.11028457539e-008, 5.60778801173e-008, 7.21003559079e-008, 1.04656628253e-007, 2.54867220661e-008, 1.29740387322e-008, 1.86519013567e-008, 8.75350369967e-009, 1.03422106434e-008, 1.68748126583e-008, 1.94096116957e-008, 5.42744871268e-008, 9.275680668e-008, 1.61747834682e-007, 1.22772590316e-007, 5.62707640483e-008, 3.60030449897e-009, 2.38951802789e-010, 3.0954201008e-011, 1.36769198397e-011, 1.26993913364e-014, 1.14838073807e-018]
        dvar2: [1.96358923045e-012, 8.69510472512e-008, 2.21491262664e-007, 2.11842120734e-007, 1.79816026957e-007, 2.79702963013e-008, 1.40625161293e-007, 1.72594781134e-007, 2.62171965915e-007, 5.8749716203e-008, 2.73492535285e-008, 4.2530551525e-008, 2.14967474932e-008, 2.42691626795e-008, 3.88858119038e-008, 4.91145186743e-008, 1.44864387153e-007, 2.54774107589e-007, 4.35018876033e-007, 3.27304775283e-007, 1.53892870003e-007, 9.4703898057e-009, 6.19515716505e-010, 5.71068019262e-011, 2.63860357175e-011, 2.55289072623e-014, 2.2207154537e-018]
        max: [1.03579268398e-005, 0.00224311649799, 0.00720989983529, 0.00436867959797, 0.00384384370409, 0.00262053543702, 0.00404259189963, 0.00555051257834, 0.00612225336954, 0.00529867503792, 0.00306079327129, 0.00396788306534, 0.00254696886986, 0.00279467226937, 0.00382388895378, 0.00494604138657, 0.00405243597925, 0.0064652832225, 0.00819727871567, 0.0112618394196, 0.00421346258372, 0.000983454752713, 0.000476931862067, 0.000240913912421, 0.000202085488127, 4.2844926611e-006, 2.13709938635e-008]
        mean: [5.44291083315e-007, 0.000160446099471, 0.000291913544061, 0.000229287004913, 0.000204676383873, 0.000132671921165, 0.000187173020095, 0.000170091574546, 0.000224283357966, 8.15603780211e-005, 7.26177677279e-005, 8.15838066046e-005, 6.27276385785e-005, 8.4486520791e-005, 9.57749944064e-005, 0.000148555700434, 0.000351169990608, 0.000444616540335, 0.000651612819638, 0.000351576542016, 0.000204941912671, 6.5306405304e-005, 1.48216968228e-005, 6.54502900943e-006, 3.23283188663e-006, 1.12181979262e-007, 1.09154196792e-009]
        median: [1.34710404609e-007, 9.86882660072e-005, 0.000176602246938, 0.000103575031972, 0.000131654756842, 7.27992883185e-005, 6.63243044983e-005, 3.72048234567e-005, 7.58192327339e-005, 3.12769116135e-005, 2.9033228202e-005, 3.12932279485e-005, 3.15353318001e-005, 5.08505800099e-005, 4.31341868534e-005, 9.38004377531e-005, 0.000274209305644, 0.000356671196641, 0.000502349925227, 0.000201553484658, 0.00011611069931, 3.93853260903e-005, 7.63655407354e-006, 3.26987492372e-006, 1.40031943374e-006, 4.54811797113e-008, 3.6636579881e-010]
        min: [4.53335611482e-023, 4.62740600521e-023, 1.37915763199e-023, 5.38726601697e-024, 1.01483976718e-022, 6.75515918855e-023, 3.79947660588e-023, 2.04323762363e-023, 4.24221626924e-023, 8.89409747289e-023, 7.43682146981e-023, 6.6169482336e-023, 1.17271216511e-022, 2.33570606874e-022, 2.03385380762e-022, 1.42178874816e-022, 1.46153383248e-022, 2.79945480195e-022, 3.31280811861e-022, 3.47111647264e-022, 3.32245595059e-022, 5.70486132275e-022, 4.70870544212e-022, 8.82618778233e-022, 1.24700829686e-021, 1.62662906611e-021, 2.35745404251e-021]
        var: [9.32954451541e-013, 3.68552157681e-008, 1.4616718147e-007, 1.1984657533e-007, 6.52552500924e-008, 3.23075788344e-008, 1.13541723579e-007, 1.73099792278e-007, 2.27434611588e-007, 4.83722430999e-008, 2.75085607626e-008, 3.69119632637e-008, 1.62731694786e-008, 1.85722583979e-008, 3.6083481092e-008, 3.93056005521e-008, 1.26866964933e-007, 2.06702281957e-007, 4.64353263396e-007, 2.09383955507e-007, 7.35544531949e-008, 6.5241105851e-009, 4.14967615825e-010, 1.13984113814e-010, 3.73099259821e-011, 3.53643404437e-014, 3.35729594335e-018]
    frequency_bands:
        dmean: [5.28493501406e-007, 0.000111267530883, 0.000176281741005, 0.000169446342625, 0.000133469118737, 6.72000533086e-005, 0.000113647096441, 0.000107017302071, 0.000135567854159, 5.11983307661e-005, 4.49343933724e-005, 4.96508546348e-005, 3.78587683372e-005, 4.97177570651e-005, 5.92817341385e-005, 8.04709270597e-005, 0.000171772568137, 0.000215318039409, 0.000285444490146, 0.000198998983251, 0.000123113524751, 3.44070904248e-005, 8.2877195382e-006, 2.75442539532e-006, 1.51783592628e-006, 5.42280176319e-008, 6.2152094582e-010, 5.10052694525e-011]
        dmean2: [8.39660231122e-007, 0.000190499602468, 0.000293257937301, 0.000281116779661, 0.000224185117986, 0.000108354572149, 0.000184062140761, 0.000169778257259, 0.000218892018893, 8.04937735666e-005, 7.15795467841e-005, 7.88352481322e-005, 6.12177173025e-005, 8.0526835518e-005, 9.66504085227e-005, 0.000131187567604, 0.000284707872197, 0.000360101519618, 0.000474485015729, 0.000339515187079, 0.000213089442695, 5.83365035709e-005, 1.4136136997e-005, 4.19502703153e-006, 2.31613307733e-006, 8.01988662147e-008, 9.42086630928e-010, 9.47234304882e-011]
        dvar: [8.71869362731e-013, 3.18852926284e-008, 8.22752070917e-008, 8.20710184257e-008, 6.66680364247e-008, 1.11028457539e-008, 5.60778801173e-008, 7.21003559079e-008, 1.04656628253e-007, 2.54867220661e-008, 1.29740387322e-008, 1.86519013567e-008, 8.75350369967e-009, 1.03422106434e-008, 1.68748126583e-008, 1.94096116957e-008, 5.42744871268e-008, 9.275680668e-008, 1.61747834682e-007, 1.22772590316e-007, 5.62707640483e-008, 3.60030449897e-009, 2.38951802789e-010, 3.0954201008e-011, 1.36769198397e-011, 1.26993913364e-014, 1.14838073807e-018, 7.16345519054e-021]
        dvar2: [1.96358923045e-012, 8.69510472512e-008, 2.21491262664e-007, 2.11842120734e-007, 1.79816026957e-007, 2.79702963013e-008, 1.40625161293e-007, 1.72594781134e-007, 2.62171965915e-007, 5.8749716203e-008, 2.73492535285e-008, 4.2530551525e-008, 2.14967474932e-008, 2.42691626795e-008, 3.88858119038e-008, 4.91145186743e-008, 1.44864387153e-007, 2.54774107589e-007, 4.35018876033e-007, 3.27304775283e-007, 1.53892870003e-007, 9.4703898057e-009, 6.19515716505e-010, 5.71068019262e-011, 2.63860357175e-011, 2.55289072623e-014, 2.2207154537e-018, 2.30615143658e-020]
        max: [1.03579268398e-005, 0.00224311649799, 0.00720989983529, 0.00436867959797, 0.00384384370409, 0.00262053543702, 0.00404259189963, 0.00555051257834, 0.00612225336954, 0.00529867503792, 0.00306079327129, 0.00396788306534, 0.00254696886986, 0.00279467226937, 0.00382388895378, 0.00494604138657, 0.00405243597925, 0.0064652832225, 0.00819727871567, 0.0112618394196, 0.00421346258372, 0.000983454752713, 0.000476931862067, 0.000240913912421, 0.000202085488127, 4.2844926611e-006, 2.13709938635e-008, 1.99111616084e-009]
        mean: [5.44291083315e-007, 0.000160446099471, 0.000291913544061, 0.000229287004913, 0.000204676383873, 0.000132671921165, 0.000187173020095, 0.000170091574546, 0.000224283357966, 8.15603780211e-005, 7.26177677279e-005, 8.15838066046e-005, 6.27276385785e-005, 8.4486520791e-005, 9.57749944064e-005, 0.000148555700434, 0.000351169990608, 0.000444616540335, 0.000651612819638, 0.000351576542016, 0.000204941912671, 6.5306405304e-005, 1.48216968228e-005, 6.54502900943e-006, 3.23283188663e-006, 1.12181979262e-007, 1.09154196792e-009, 3.95930926933e-011]
        median: [1.34710404609e-007, 9.86882660072e-005, 0.000176602246938, 0.000103575031972, 0.000131654756842, 7.27992883185e-005, 6.63243044983e-005, 3.72048234567e-005, 7.58192327339e-005, 3.12769116135e-005, 2.9033228202e-005, 3.12932279485e-005, 3.15353318001e-005, 5.08505800099e-005, 4.31341868534e-005, 9.38004377531e-005, 0.000274209305644, 0.000356671196641, 0.000502349925227, 0.000201553484658, 0.00011611069931, 3.93853260903e-005, 7.63655407354e-006, 3.26987492372e-006, 1.40031943374e-006, 4.54811797113e-008, 3.6636579881e-010, 1.17485101508e-011]
        min: [4.53335611482e-023, 4.62740600521e-023, 1.37915763199e-023, 5.38726601697e-024, 1.01483976718e-022, 6.75515918855e-023, 3.79947660588e-023, 2.04323762363e-023, 4.24221626924e-023, 8.89409747289e-023, 7.43682146981e-023, 6.6169482336e-023, 1.17271216511e-022, 2.33570606874e-022, 2.03385380762e-022, 1.42178874816e-022, 1.46153383248e-022, 2.79945480195e-022, 3.31280811861e-022, 3.47111647264e-022, 3.32245595059e-022, 5.70486132275e-022, 4.70870544212e-022, 8.82618778233e-022, 1.24700829686e-021, 1.62662906611e-021, 2.35745404251e-021, 7.11584444355e-022]
        var: [9.32954451541e-013, 3.68552157681e-008, 1.4616718147e-007, 1.1984657533e-007, 6.52552500924e-008, 3.23075788344e-008, 1.13541723579e-007, 1.73099792278e-007, 2.27434611588e-007, 4.83722430999e-008, 2.75085607626e-008, 3.69119632637e-008, 1.62731694786e-008, 1.85722583979e-008, 3.6083481092e-008, 3.93056005521e-008, 1.26866964933e-007, 2.06702281957e-007, 4.64353263396e-007, 2.09383955507e-007, 7.35544531949e-008, 6.5241105851e-009, 4.14967615825e-010, 1.13984113814e-010, 3.73099259821e-011, 3.53643404437e-014, 3.35729594335e-018, 5.49338238056e-021]
    mfcc:
        mean: [-722.387451172, 98.1470413208, -35.9997215271, 58.0661849976, -7.09710693359, -6.44550132751, 1.70869135857, 2.63210654259, -0.866972506046, -2.70001339912, 2.27892494202, -0.737520039082, -5.03275966644]
        cov: [[8065.42724609, -1541.81762695, -1369.90612793, 556.757446289, -387.433990479, 103.83971405, -27.2202568054, 193.465133667, 248.644424438, 86.5503540039, 252.729095459, 74.7786102295, -96.3678894043], [-1541.81762695, 1170.99829102, 175.056228638, 0.791880071163, 119.097259521, -89.6728363037, 29.7032318115, -0.0249040294439, -89.7294845581, 19.0765037537, 9.08175086975, 14.6845464706, 14.7075910568], [-1369.90612793, 175.056228638, 727.600891113, -136.708099365, 73.6290359497, -20.8886947632, -25.6077079773, -64.6546173096, -49.6200904846, 21.8445510864, -68.8939590454, -24.1665496826, 52.1503829956], [556.757446289, 0.791880071163, -136.708099365, 319.165466309, 26.7792510986, 50.124835968, -7.43423461914, -1.24463248253, 75.43775177, -13.849187851, 21.3430595398, 26.0750808716, -11.7658405304], [-387.433990479, 119.097259521, 73.6290359497, 26.7792510986, 170.140289307, -3.1948428154, -21.574968338, -15.9606618881, 4.42166280746, 5.09106302261, -12.1153087616, -2.93885111809, -4.63062572479], [103.83971405, -89.6728363037, -20.8886947632, 50.124835968, -3.1948428154, 133.030654907, 67.0205612183, 20.7883110046, 34.3942565918, -20.8872356415, 5.06630897522, 1.94697213173, -15.6318559647], [-27.2202568054, 29.7032318115, -25.6077079773, -7.43423461914, -21.574968338, 67.0205612183, 157.130050659, 76.5543518066, 14.9078035355, -20.0282173157, 14.8938531876, 2.7882874012, -10.227599144], [193.465133667, -0.0249040294439, -64.6546173096, -1.24463248253, -15.9606618881, 20.7883110046, 76.5543518066, 113.014167786, 24.8366470337, 9.04702949524, 15.9929456711, -1.20927762985, -7.5044927597], [248.644424438, -89.7294845581, -49.6200904846, 75.43775177, 4.42166280746, 34.3942565918, 14.9078035355, 24.8366470337, 112.411521912, 6.83422803879, 16.2370471954, 9.21553993225, -16.9382514954], [86.5503540039, 19.0765037537, 21.8445510864, -13.849187851, 5.09106302261, -20.8872356415, -20.0282173157, 9.04702949524, 6.83422803879, 116.307380676, 32.6439628601, -3.58551216125, 10.7707719803], [252.729095459, 9.08175086975, -68.8939590454, 21.3430595398, -12.1153087616, 5.06630897522, 14.8938531876, 15.9929456711, 16.2370471954, 32.6439628601, 98.3154602051, 38.6659736633, -18.1032085419], [74.7786102295, 14.6845464706, -24.1665496826, 26.0750808716, -2.93885111809, 1.94697213173, 2.7882874012, -1.20927762985, 9.21553993225, -3.58551216125, 38.6659736633, 68.9579620361, 21.6016616821], [-96.3678894043, 14.7075910568, 52.1503829956, -11.7658405304, -4.63062572479, -15.6318559647, -10.227599144, -7.5044927597, -16.9382514954, 10.7707719803, -18.1032085419, 21.6016616821, 85.4656524658]]
        icov: [[0.000321793719195, 0.000354180549039, 0.000343581603374, -0.000481932162074, 0.000378438999178, 0.000133865323733, 0.000224293791689, -0.000432286236901, 0.000124465412227, -0.000230827863561, -0.000409083382692, 7.19891249901e-005, 8.67804737936e-006], [0.000354180549039, 0.00155324838124, 0.000125375168864, -0.000980991520919, -0.000347351946402, 0.00126582453959, -0.000705666258, -0.000474349450087, 0.00116140814498, -0.000435625872342, -0.00058054208057, -0.000255899911281, 0.000233903134358], [0.000343581603374, 0.000125375168864, 0.00227102637291, 0.000345459411619, -0.000236911480897, -0.000269206851954, -5.70437659917e-005, 0.000730571569875, -0.000122453740914, -0.000835719867609, 0.000566316011827, 0.000192318766494, -0.000824719434604], [-0.000481932162074, -0.000980991520919, 0.000345459411619, 0.00532845500857, -0.00115550949704, -0.00205224798992, 0.000893005752005, 0.00116002513096, -0.00296553759836, 0.000879920553416, 0.000512385275215, -0.000873484066688, -0.000450394320069], [0.000378438999178, -0.000347351946402, -0.000236911480897, -0.00115550949704, 0.00750470906496, -0.000491541984957, 0.00151176168583, -0.000518379732966, -0.000517879729159, -0.000700906850398, 0.000637321732938, -0.000402777048294, 0.00114657077938], [0.000133865323733, 0.00126582453959, -0.000269206851954, -0.00205224798992, -0.000491541984957, 0.0124432556331, -0.00639628246427, 0.00187786819879, -0.00123778788839, 0.000466258323286, 2.20754809561e-005, -1.26295685732e-006, 0.0011644884944], [0.000224293791689, -0.000705666258, -5.70437659917e-005, 0.000893005752005, 0.00151176168583, -0.00639628246427, 0.0141718247905, -0.00860126037151, 0.000271473603789, 0.00262978579849, -0.00221219146624, 0.000569736468606, -0.000505420321133], [-0.000432286236901, -0.000474349450087, 0.000730571569875, 0.00116002513096, -0.000518379732966, 0.00187786819879, -0.00860126037151, 0.0161385852844, -0.00298903882504, -0.0018578467425, 0.000501842587255, 0.00112913001794, -0.000526081072167], [0.000124465412227, 0.00116140814498, -0.000122453740914, -0.00296553759836, -0.000517879729159, -0.00123778788839, 0.000271473603789, -0.00298903882504, 0.0131279649213, -0.00168481701985, 0.000279563857475, -0.00214847573079, 0.00253889593296], [-0.000230827863561, -0.000435625872342, -0.000835719867609, 0.000879920553416, -0.000700906850398, 0.000466258323286, 0.00262978579849, -0.0018578467425, -0.00168481701985, 0.0125585598871, -0.00735218450427, 0.0058887177147, -0.00431766081601], [-0.000409083382692, -0.00058054208057, 0.000566316011827, 0.000512385275215, 0.000637321732938, 2.20754809561e-005, -0.00221219146624, 0.000501842587255, 0.000279563857475, -0.00735218450427, 0.0214825104922, -0.0143840741366, 0.00834948476404], [7.19891249901e-005, -0.000255899911281, 0.000192318766494, -0.000873484066688, -0.000402777048294, -1.26295685732e-006, 0.000569736468606, 0.00112913001794, -0.00214847573079, 0.0058887177147, -0.0143840741366, 0.0269585549831, -0.010995702818], [8.67804737936e-006, 0.000233903134358, -0.000824719434604, -0.000450394320069, 0.00114657077938, 0.0011644884944, -0.000505420321133, -0.000526081072167, 0.00253889593296, -0.00431766081601, 0.00834948476404, -0.010995702818, 0.0178748816252]]
    sccoeffs:
        dmean: [0.0490050502121, 0.0441601425409, 0.0372585020959, 0.0286484677345, 0.0221954677254, 0.0167871974409]
        dmean2: [0.0819401219487, 0.0732224956155, 0.0604708045721, 0.0466845668852, 0.0358612202108, 0.0273950789124]
        dvar: [0.00164167012554, 0.0012680022046, 0.000916613731533, 0.000533375539817, 0.000335576944053, 0.000250615325058]
        dvar2: [0.0045788330026, 0.0034434213303, 0.00230428855866, 0.00136755476706, 0.00083363847807, 0.000623525411356]
        max: [-0.366776585579, -0.450159072876, -0.4209626019, -0.53755569458, -0.592135310173, -0.599524438381]
        mean: [-0.671953380108, -0.747579336166, -0.778883337975, -0.792298555374, -0.778260111809, -0.751659154892]
        median: [-0.67434066534, -0.754798054695, -0.789545297623, -0.799838900566, -0.778653085232, -0.748868703842]
        min: [-0.95894664526, -0.964687407017, -0.959574878216, -0.963442921638, -0.961076676846, -0.961342990398]
        var: [0.00427499134094, 0.00494091212749, 0.00413173157722, 0.00244580465369, 0.00170471612364, 0.00172567204572]
    scvalleys:
        dmean: [0.373000711203, 0.332618296146, 0.282160937786, 0.265049993992, 0.253549814224, 0.277595043182]
        dmean2: [0.610593676567, 0.55567330122, 0.464698374271, 0.424603611231, 0.3925575912, 0.412574052811]
        dvar: [0.114497043192, 0.0919123142958, 0.0692647397518, 0.0713847354054, 0.0871737524867, 0.149258643389]
        dvar2: [0.274050921202, 0.2246555686, 0.153616517782, 0.150097072124, 0.178217604756, 0.30357375741]
        max: [-5.07146501541, -4.87109279633, -5.52869319916, -5.73583030701, -5.36806058884, -7.39302539825]
        mean: [-6.81950139999, -6.83651399612, -7.34864616394, -7.54548931122, -7.23656368256, -9.75628662109]
        median: [-6.67480945587, -6.70287799835, -7.04403400421, -7.14166498184, -6.78186035156, -9.35662078857]
        min: [-27.2231197357, -27.0691719055, -27.4108524323, -27.0968456268, -27.2575054169, -27.2350769043]
        var: [0.719110846519, 0.760009348392, 1.05642843246, 1.31623446941, 1.64347076416, 1.80119907856]

rhythm:
    beats_loudness:
        dmean: 0.00185453228187
        dmean2: 0.00346432044171
        dvar: 2.55071199717e-006
        dvar2: 8.10510937299e-006
        max: 0.0139693301171
        mean: 0.00528036430478
        median: 0.00569178070873
        min: 1.4449893504e-009
        var: 9.59057524597e-006
    bpm: 139.953231812
    bpm_confidence: 0
    first_peak_bpm: 140
    first_peak_spread: 0.32335332036
    first_peak_weight: 0.495614022017
    onset_rate: 3.31683778763
    second_peak_bpm: 133
    second_peak_spread: 0.311403483152
    second_peak_weight: 0.13771930337
    beats_loudness_band_ratio:
        dmean: [0.12554295361, 0.0665690898895, 0.0762152299285, 0.0478096567094, 0.0776694044471, 0.086936019361]
        dmean2: [0.218738257885, 0.11864618212, 0.133416473866, 0.0837577283382, 0.135516777635, 0.149547636509]
        dvar: [0.0115055935457, 0.00711935851723, 0.00780821265653, 0.00707789324224, 0.00515613611788, 0.00619635079056]
        dvar2: [0.0334613546729, 0.0206614173949, 0.0220576282591, 0.0185045208782, 0.0146731473505, 0.0176184270531]
        max: [0.836312711239, 0.902532935143, 0.804452121258, 0.97901058197, 0.624454796314, 0.810758888721]
        mean: [0.255371719599, 0.117130212486, 0.123094551265, 0.0737679973245, 0.22506646812, 0.237373232841]
        median: [0.226360082626, 0.0716766938567, 0.0834406763315, 0.0506029240787, 0.228053122759, 0.246169149876]
        min: [5.87840149819e-005, 1.63968707056e-005, 5.215105557e-005, 0.00260384357534, 0.00100541557185, 0.000254972983385]
        var: [0.0240315105766, 0.0188414119184, 0.0132856611162, 0.00953802652657, 0.0132272196934, 0.0162869561464]
