
metadata:
    version:
        essentia: "2.1-beta2"
    audio_properties:
        analysis_sample_rate: 44100
        bitrate: 128
        channels: 2
        equal_loudness: 1
        length: 241.815505981
        replay_gain: -15.1640758514
        downmix: "mix"
    tags:
        album: "World We View"
        artist: "Nine Lashes"
        comment: ""
        date: "2012"
        genre: "Religious"
        title: "Anthem of the Lonely"
        tracknumber: "1"

configuration:
    average_loudness:
        compute: 1
        frameSize: 88200
        hopSize: 44100
        silentFrames: "noise"
        windowType: "hann"
    general:
        analysisSampleRate: 44100
        endTime: 2000
        equalLoudness: 1
        nequalLoudness: 0
        shortSound: 0
        startTime: 0
    lowlevel:
        compute: 1
        frameSize: 2048
        hopSize: 1024
        zeroPadding: 0
        silentFrames: "noise"
        windowType: "blackmanharris62"
        mfccStats: ["mean", "cov", "icov"]
        stats: ["mean", "var", "median", "min", "max", "dmean", "dmean2", "dvar", "dvar2"]
    panning:
        compute: 0
        frameSize: 8192
        hopSize: 2048
        zeroPadding: 8192
        silentFrames: "noise"
        windowType: "hann"
        stats: ["copy"]
    rhythm:
        compute: 1
        maxTempo: 208
        minTempo: 40
        method: "degara"
        stats: ["mean", "var", "median", "min", "max", "dmean", "dmean2", "dvar", "dvar2"]
    segmentation:
        compute: 0
        cpw: 5
        inc1: 300
        inc2: 50
        minimumSegmentsLength: 10
        size1: 1000
        size2: 600
    sfx:
        compute: 1
        stats: ["mean", "var", "median", "min", "max", "dmean", "dmean2", "dvar", "dvar2"]
    svm:
        compute: 0
    tonal:
        compute: 1
        frameSize: 4096
        hopSize: 2048
        zeroPadding: 0
        silentFrames: "noise"
        windowType: "blackmanharris62"
        stats: ["mean", "var", "median", "min", "max", "dmean", "dmean2", "dvar", "dvar2"]

lowlevel:
    average_loudness: 0.948847651482
    barkbands_kurtosis:
        dmean: 0.604189395905
        dmean2: 0.977590799332
        dvar: 3.42631340027
        dvar2: 8.11389827728
        max: 123.217658997
        mean: -0.65325653553
        median: -1.05826079845
        min: -1.85271453857
        var: 4.91290664673
    barkbands_skewness:
        dmean: 0.341398984194
        dmean2: 0.544362306595
        dvar: 0.118725910783
        dvar2: 0.285016089678
        max: 10.0442485809
        mean: -0.179790064692
        median: -0.230972319841
        min: -2.97017335892
        var: 0.522055745125
    barkbands_spread:
        dmean: 5.1829867363
        dmean2: 8.26606655121
        dvar: 26.2462673187
        dvar2: 68.230758667
        max: 62.8784828186
        mean: 32.5336303711
        median: 33.2965927124
        min: 0.200885370374
        var: 104.738960266
    dissonance:
        dmean: 0.0120294746011
        dmean2: 0.0202536396682
        dvar: 0.000177471127245
        dvar2: 0.000476888759295
        max: 0.500000059605
        mean: 0.476971745491
        median: 0.482997208834
        min: 0.0945255532861
        var: 0.000534134975169
    hfc:
        dmean: 2.36664843559
        dmean2: 3.8423705101
        dvar: 9.17441558838
        dvar2: 24.3627223969
        max: 40.3468170166
        mean: 10.3434457779
        median: 10.2804641724
        min: 1.19141020618e-016
        var: 31.9751052856
    pitch:
        dmean: 727.599853516
        dmean2: 1393.78417969
        dvar: 1453658
        dvar2: 3689481.75
        max: 4893.875
        mean: 979.589782715
        median: 329.951293945
        min: 75.0840988159
        var: 1692498.125
    pitch_instantaneous_confidence:
        dmean: 0.0768199190497
        dmean2: 0.124024704099
        dvar: 0.00450164405629
        dvar2: 0.0102075226605
        max: 0.934378683567
        mean: 0.367638856173
        median: 0.329771637917
        min: 0.120606780052
        var: 0.0210732016712
    pitch_salience:
        dmean: 0.0550777800381
        dmean2: 0.0901793316007
        dvar: 0.00247272616252
        dvar2: 0.00629602791741
        max: 0.941029667854
        mean: 0.655961811543
        median: 0.670550942421
        min: 0.158045306802
        var: 0.00754926959053
    silence_rate_20dB:
        dmean: 0
        dmean2: 0
        dvar: 0
        dvar2: 0
        max: 1
        mean: 1
        median: 1
        min: 1
        var: 0
    silence_rate_30dB:
        dmean: 0
        dmean2: 0
        dvar: 0
        dvar2: 0
        max: 1
        mean: 1
        median: 1
        min: 1
        var: 0
    silence_rate_60dB:
        dmean: 0.0528084486723
        dmean2: 0.105627037585
        dvar: 0.050014320761
        dvar2: 0.112331941724
        max: 1
        mean: 0.172811061144
        median: 0
        min: 0
        var: 0.142949327826
    spectral_centroid:
        dmean: 240.317779541
        dmean2: 389.076843262
        dvar: 68266.6015625
        dvar2: 151255.78125
        max: 10314.7958984
        mean: 1910.2791748
        median: 1929.43920898
        min: 224.263565063
        var: 303125.1875
    spectral_complexity:
        dmean: 3.89476704597
        dmean2: 6.28115987778
        dvar: 14.2355928421
        dvar2: 34.809879303
        max: 45
        mean: 18.9843502045
        median: 20
        min: 0
        var: 79.7154693604
    spectral_crest:
        dmean: 1.89584457874
        dmean2: 3.10972714424
        dvar: 3.47948122025
        dvar2: 8.46564102173
        max: 25.7850036621
        mean: 6.66491603851
        median: 5.64243602753
        min: 2.32034993172
        var: 10.9048442841
    spectral_decrease:
        dmean: 2.62737581691e-010
        dmean2: 4.29787067047e-010
        dvar: 1.38565315408e-019
        dvar2: 3.7039103143e-019
        max: 2.0426581509e-029
        mean: -1.15577680759e-009
        median: -1.13300013815e-009
        min: -4.74937378314e-009
        var: 3.16148611064e-019
    spectral_energy:
        dmean: 0.00116939586587
        dmean2: 0.00190397072583
        dvar: 2.64278378381e-006
        dvar2: 7.04333479007e-006
        max: 0.0211356636137
        mean: 0.00530035421252
        median: 0.00524635985494
        min: 1.0729341954e-020
        var: 6.5864383032e-006
    spectral_energyband_high:
        dmean: 0.00020219234284
        dmean2: 0.000340180413332
        dvar: 9.06110741994e-008
        dvar2: 2.52438155712e-007
        max: 0.00479251053184
        mean: 0.000570567732211
        median: 0.000519076071214
        min: 7.72615530355e-021
        var: 1.86337359764e-007
    spectral_energyband_low:
        dmean: 0.000236025531194
        dmean2: 0.000411535322201
        dvar: 2.02748495326e-007
        dvar2: 5.73828629058e-007
        max: 0.00442483834922
        mean: 0.000385071965866
        median: 0.00031492090784
        min: 3.49230647562e-023
        var: 1.90641898712e-007
    spectral_energyband_middle_high:
        dmean: 0.000677245145198
        dmean2: 0.00108716066461
        dvar: 5.81704682645e-007
        dvar2: 1.47229502545e-006
        max: 0.0119130471721
        mean: 0.00281583075412
        median: 0.00270138820633
        min: 1.5220718009e-021
        var: 2.50211110142e-006
    spectral_energyband_middle_low:
        dmean: 0.000647403183393
        dmean2: 0.00106630113441
        dvar: 1.12814245767e-006
        dvar2: 3.05556295643e-006
        max: 0.0126165756956
        mean: 0.00163349194918
        median: 0.00132696772926
        min: 2.13158168309e-022
        var: 1.65741278124e-006
    spectral_flatness_db:
        dmean: 0.0132666872814
        dmean2: 0.0205340124667
        dvar: 0.000179062146344
        dvar2: 0.000388954096707
        max: 0.693231463432
        mean: 0.141538843513
        median: 0.133822023869
        min: 0.0474304333329
        var: 0.00142781098839
    spectral_flux:
        dmean: 0.00734841870144
        dmean2: 0.0112341511995
        dvar: 6.58268400002e-005
        dvar2: 0.000133338486194
        max: 0.119554013014
        mean: 0.0436135940254
        median: 0.0432870350778
        min: 1.0358253838e-010
        var: 0.000248804717558
    spectral_kurtosis:
        dmean: 1.27133774757
        dmean2: 2.09400081635
        dvar: 138.825485229
        dvar2: 339.659851074
        max: 1007.9387207
        mean: 3.42952537537
        median: 2.33406925201
        min: -1.17978465557
        var: 284.921081543
    spectral_rms:
        dmean: 0.000237600834225
        dmean2: 0.00037959596375
        dvar: 7.8078237209e-008
        dvar2: 1.97779840505e-007
        max: 0.00454094260931
        mean: 0.00218827277422
        median: 0.00226238789037
        min: 3.23537485865e-012
        var: 3.82531993637e-007
    spectral_rolloff:
        dmean: 324.136810303
        dmean2: 528.801879883
        dvar: 171038.015625
        dvar2: 318943.90625
        max: 19143.0175781
        mean: 3460.06494141
        median: 3596.04492188
        min: 236.865234375
        var: 726949.125
    spectral_skewness:
        dmean: 0.148088663816
        dmean2: 0.23900565505
        dvar: 0.0940095409751
        dvar2: 0.200976938009
        max: 27.5694484711
        mean: 1.22400450706
        median: 1.12783801556
        min: 0.015316221863
        var: 0.519121289253
    spectral_spread:
        dmean: 400445.625
        dmean2: 583552.5
        dvar: 387883139072
        dvar2: 539673591808
        max: 40420200
        mean: 4790485.5
        median: 4672063
        min: 196866.4375
        var: 1.89729289011e+012
    spectral_strongpeak:
        dmean: 0.505516827106
        dmean2: 0.858674883842
        dvar: 0.556293129921
        dvar2: 1.46865510941
        max: 8.36651039124
        mean: 0.831152737141
        median: 0.491857886314
        min: 0
        var: 0.943053007126
    zerocrossingrate:
        dmean: 0.007249253802
        dmean2: 0.00886853598058
        dvar: 6.82924946886e-005
        dvar2: 7.89124605944e-005
        max: 0.5068359375
        mean: 0.105773411691
        median: 0.10791015625
        min: 0.01025390625
        var: 0.000722529599443
    barkbands:
        dmean: [2.47511650286e-007, 8.46612310852e-005, 0.000140319403727, 0.000135120135383, 0.000261728826445, 0.000196097986191, 0.000130858941702, 0.000123548146803, 0.000162306212587, 7.57797097322e-005, 7.89246405475e-005, 8.29156924738e-005, 8.3948179963e-005, 0.000106747989776, 0.000148572886246, 0.000156056674314, 0.000194351756363, 0.000165123550687, 0.00023577020329, 0.00017066761211, 0.000118827112601, 4.57284950244e-005, 8.0817280832e-006, 3.73591569769e-006, 1.86773377209e-006, 5.73850797991e-008, 2.99376412549e-010]
        dmean2: [3.85996628438e-007, 0.000145295110997, 0.00024685965036, 0.000232243022765, 0.00045339204371, 0.000323753192788, 0.000208588986425, 0.000201303206268, 0.00024192626006, 0.000119396245282, 0.00012600516493, 0.000132267421577, 0.000136632166686, 0.000176072542672, 0.000243402275373, 0.000255510036368, 0.00032051090966, 0.000279559288174, 0.00040101839113, 0.000288873387035, 0.00020355777815, 7.64709184295e-005, 1.30701155285e-005, 5.86987243878e-006, 2.76448486147e-006, 8.75423680213e-008, 5.18231180191e-010]
        dvar: [3.34518898042e-013, 3.32096838918e-008, 6.98471396277e-008, 5.05676958085e-008, 3.7757703808e-007, 1.16175371545e-007, 7.547780001e-008, 6.54824532376e-008, 1.14255364281e-007, 3.96751147491e-008, 2.88342221211e-008, 2.97195548171e-008, 2.8614760339e-008, 5.70828824209e-008, 1.05744483392e-007, 9.59913109e-008, 6.5567455465e-008, 4.14607086441e-008, 9.03172008293e-008, 6.59242616052e-008, 3.08130942983e-008, 3.93911436802e-009, 1.7619043724e-010, 7.1536547519e-011, 2.85611222173e-011, 2.57400471651e-014, 1.93565446141e-019]
        dvar2: [7.38479589979e-013, 9.12644395612e-008, 2.04085452538e-007, 1.36989726229e-007, 1.07165487861e-006, 2.96993135862e-007, 1.76032827426e-007, 1.59102981456e-007, 2.21939231437e-007, 8.75601742223e-008, 6.65921930931e-008, 6.94967994264e-008, 6.90474379894e-008, 1.40675297189e-007, 2.59925144519e-007, 2.39970063376e-007, 1.70302200786e-007, 1.14529370876e-007, 2.59136299974e-007, 1.85338507208e-007, 8.90226843353e-008, 1.06285478196e-008, 4.06770839234e-010, 1.50495255147e-010, 5.51294773721e-011, 5.61615336213e-014, 5.26243155021e-019]
        max: [4.57208852822e-006, 0.00162255368195, 0.00283798179589, 0.00326865771785, 0.00879834033549, 0.00501958793029, 0.00518829608336, 0.00460143713281, 0.00816207937896, 0.00448968168348, 0.00373883196153, 0.00404127081856, 0.00379255972803, 0.00667366664857, 0.00665429467335, 0.00863295607269, 0.00442371796817, 0.0031534251757, 0.00497432425618, 0.00437992298976, 0.00350510352291, 0.000795055646449, 0.000280754233245, 0.000180541610462, 0.0001812842238, 3.74215960619e-006, 8.08388733731e-009]
        mean: [2.36058468772e-007, 0.000114899521577, 0.000192999927094, 0.000179171911441, 0.000357386947144, 0.000314194068778, 0.000205226140679, 0.000207889228477, 0.000331197370542, 0.000127071674797, 0.000140762218507, 0.000138791161589, 0.000138818533742, 0.000165600373293, 0.000253187783528, 0.000309277704218, 0.0004106600245, 0.000359360215953, 0.00055341020925, 0.000371897534933, 0.000281076674582, 0.000116103830806, 1.84648451977e-005, 8.55081907503e-006, 4.01755005441e-006, 1.09146540694e-007, 3.37989136678e-010]
        median: [2.5664123271e-008, 7.46236328268e-005, 0.000125703489175, 9.87231687759e-005, 0.000201835544431, 0.000159466202604, 8.50641154102e-005, 6.44808169454e-005, 0.000104974518763, 4.19252755819e-005, 6.23247615295e-005, 7.65609293012e-005, 7.91580969235e-005, 8.82370077306e-005, 0.000135973095894, 0.000194128107978, 0.000320479157381, 0.000308441347443, 0.000498861889355, 0.000296340382192, 0.000250045268331, 0.000103447055153, 1.34196561703e-005, 4.86130011268e-006, 1.65441952049e-006, 4.37921983121e-008, 1.47168610631e-010]
        min: [6.68858911002e-024, 2.67575749926e-023, 5.64622578076e-024, 1.53146363805e-023, 3.86084051798e-023, 3.71476777525e-023, 4.02879058242e-023, 2.83913122382e-023, 3.97969598176e-023, 8.05719304528e-023, 5.31210350769e-023, 5.34803328203e-023, 5.33112325966e-023, 7.22714602774e-023, 1.08815750945e-022, 1.30167956352e-022, 1.52682677676e-022, 1.56638796183e-022, 2.03629713072e-022, 3.32921263891e-022, 4.36192723689e-022, 4.61550928856e-022, 6.60838398096e-022, 7.9827998016e-022, 8.22877041838e-022, 1.41437605573e-021, 2.70197618128e-021]
        var: [3.56395007907e-013, 2.83465162454e-008, 6.36964685441e-008, 5.85977062428e-008, 3.28549248252e-007, 1.91712985043e-007, 1.54502814098e-007, 1.64756997378e-007, 4.7045273277e-007, 9.7049067449e-008, 7.81221132229e-008, 5.5447724634e-008, 4.80490314203e-008, 7.64297709566e-008, 1.89827986219e-007, 2.26157055749e-007, 1.51841405227e-007, 8.21162515763e-008, 1.82059721965e-007, 1.24203978658e-007, 5.4534485372e-008, 8.51937631552e-009, 4.00176142223e-010, 1.86013218717e-010, 7.42115743857e-011, 5.23553842966e-014, 2.82801057313e-019]
    frequency_bands:
        dmean: [2.47511650286e-007, 8.46612310852e-005, 0.000140319403727, 0.000135120135383, 0.000261728826445, 0.000196097986191, 0.000130858941702, 0.000123548146803, 0.000162306212587, 7.57797097322e-005, 7.89246405475e-005, 8.29156924738e-005, 8.3948179963e-005, 0.000106747989776, 0.000148572886246, 0.000156056674314, 0.000194351756363, 0.000165123550687, 0.00023577020329, 0.00017066761211, 0.000118827112601, 4.57284950244e-005, 8.0817280832e-006, 3.73591569769e-006, 1.86773377209e-006, 5.73850797991e-008, 2.99376412549e-010, 6.21865059447e-011]
        dmean2: [3.85996628438e-007, 0.000145295110997, 0.00024685965036, 0.000232243022765, 0.00045339204371, 0.000323753192788, 0.000208588986425, 0.000201303206268, 0.00024192626006, 0.000119396245282, 0.00012600516493, 0.000132267421577, 0.000136632166686, 0.000176072542672, 0.000243402275373, 0.000255510036368, 0.00032051090966, 0.000279559288174, 0.00040101839113, 0.000288873387035, 0.00020355777815, 7.64709184295e-005, 1.30701155285e-005, 5.86987243878e-006, 2.76448486147e-006, 8.75423680213e-008, 5.18231180191e-010, 1.15376416754e-010]
        dvar: [3.34518898042e-013, 3.32096838918e-008, 6.98471396277e-008, 5.05676958085e-008, 3.7757703808e-007, 1.16175371545e-007, 7.547780001e-008, 6.54824532376e-008, 1.14255364281e-007, 3.96751147491e-008, 2.88342221211e-008, 2.97195548171e-008, 2.8614760339e-008, 5.70828824209e-008, 1.05744483392e-007, 9.59913109e-008, 6.5567455465e-008, 4.14607086441e-008, 9.03172008293e-008, 6.59242616052e-008, 3.08130942983e-008, 3.93911436802e-009, 1.7619043724e-010, 7.1536547519e-011, 2.85611222173e-011, 2.57400471651e-014, 1.93565446141e-019, 8.21070462013e-021]
        dvar2: [7.38479589979e-013, 9.12644395612e-008, 2.04085452538e-007, 1.36989726229e-007, 1.07165487861e-006, 2.96993135862e-007, 1.76032827426e-007, 1.59102981456e-007, 2.21939231437e-007, 8.75601742223e-008, 6.65921930931e-008, 6.94967994264e-008, 6.90474379894e-008, 1.40675297189e-007, 2.59925144519e-007, 2.39970063376e-007, 1.70302200786e-007, 1.14529370876e-007, 2.59136299974e-007, 1.85338507208e-007, 8.90226843353e-008, 1.06285478196e-008, 4.06770839234e-010, 1.50495255147e-010, 5.51294773721e-011, 5.61615336213e-014, 5.26243155021e-019, 2.61585011974e-020]
        max: [4.57208852822e-006, 0.00162255368195, 0.00283798179589, 0.00326865771785, 0.00879834033549, 0.00501958793029, 0.00518829608336, 0.00460143713281, 0.00816207937896, 0.00448968168348, 0.00373883196153, 0.00404127081856, 0.00379255972803, 0.00667366664857, 0.00665429467335, 0.00863295607269, 0.00442371796817, 0.0031534251757, 0.00497432425618, 0.00437992298976, 0.00350510352291, 0.000795055646449, 0.000280754233245, 0.000180541610462, 0.0001812842238, 3.74215960619e-006, 8.08388733731e-009, 1.34523980844e-009]
        mean: [2.36058468772e-007, 0.000114899521577, 0.000192999927094, 0.000179171911441, 0.000357386947144, 0.000314194068778, 0.000205226140679, 0.000207889228477, 0.000331197370542, 0.000127071674797, 0.000140762218507, 0.000138791161589, 0.000138818533742, 0.000165600373293, 0.000253187783528, 0.000309277704218, 0.0004106600245, 0.000359360215953, 0.00055341020925, 0.000371897534933, 0.000281076674582, 0.000116103830806, 1.84648451977e-005, 8.55081907503e-006, 4.01755005441e-006, 1.09146540694e-007, 3.37989136678e-010, 4.86904197516e-011]
        median: [2.5664123271e-008, 7.46236328268e-005, 0.000125703489175, 9.87231687759e-005, 0.000201835544431, 0.000159466202604, 8.50641154102e-005, 6.44808169454e-005, 0.000104974518763, 4.19252755819e-005, 6.23247615295e-005, 7.65609293012e-005, 7.91580969235e-005, 8.82370077306e-005, 0.000135973095894, 0.000194128107978, 0.000320479157381, 0.000308441347443, 0.000498861889355, 0.000296340382192, 0.000250045268331, 0.000103447055153, 1.34196561703e-005, 4.86130011268e-006, 1.65441952049e-006, 4.37921983121e-008, 1.47168610631e-010, 1.88065656798e-011]
        min: [6.68858911002e-024, 2.67575749926e-023, 5.64622578076e-024, 1.53146363805e-023, 3.86084051798e-023, 3.71476777525e-023, 4.02879058242e-023, 2.83913122382e-023, 3.97969598176e-023, 8.05719304528e-023, 5.31210350769e-023, 5.34803328203e-023, 5.33112325966e-023, 7.22714602774e-023, 1.08815750945e-022, 1.30167956352e-022, 1.52682677676e-022, 1.56638796183e-022, 2.03629713072e-022, 3.32921263891e-022, 4.36192723689e-022, 4.61550928856e-022, 6.60838398096e-022, 7.9827998016e-022, 8.22877041838e-022, 1.41437605573e-021, 2.70197618128e-021, 5.7996720537e-022]
        var: [3.56395007907e-013, 2.83465162454e-008, 6.36964685441e-008, 5.85977062428e-008, 3.28549248252e-007, 1.91712985043e-007, 1.54502814098e-007, 1.64756997378e-007, 4.7045273277e-007, 9.7049067449e-008, 7.81221132229e-008, 5.5447724634e-008, 4.80490314203e-008, 7.64297709566e-008, 1.89827986219e-007, 2.26157055749e-007, 1.51841405227e-007, 8.21162515763e-008, 1.82059721965e-007, 1.24203978658e-007, 5.4534485372e-008, 8.51937631552e-009, 4.00176142223e-010, 1.86013218717e-010, 7.42115743857e-011, 5.23553842966e-014, 2.82801057313e-019, 6.3693860363e-021]
    mfcc:
        mean: [-685.128723145, 88.8480377197, -51.999458313, 47.601272583, -15.9058933258, -0.487772285938, -7.4373793602, -5.14505004883, -1.68345046043, -7.00972223282, -2.10061526299, -4.83696556091, -4.05473566055]
        cov: [[4378.71826172, -255.546615601, 36.8161888123, 566.847839355, 51.8616104126, 272.99520874, 45.5996856689, 180.720687866, 136.908416748, 71.3312530518, 88.3851013184, 46.3754348755, -9.60403347015], [-255.546615601, 669.773864746, -135.07975769, 79.3478622437, -15.0718164444, 44.0381278992, 56.9122428894, 46.3995056152, 37.8456459045, 21.2890415192, 30.9791889191, 8.90998363495, 19.6106948853], [36.8161888123, -135.07975769, 373.002502441, 42.3522758484, 120.648208618, 39.3900337219, 40.7720680237, 37.4267959595, 9.84603977203, 27.0122814178, 6.22530698776, 22.5763320923, 12.4653606415], [566.847839355, 79.3478622437, 42.3522758484, 466.537719727, 116.020706177, 108.32019043, 55.7078323364, 55.1344680786, 54.9642448425, 29.8727054596, 54.4788703918, 54.3722457886, 55.5166931152], [51.8616104126, -15.0718164444, 120.648208618, 116.020706177, 204.446929932, 61.1492004395, 21.073890686, 21.7691440582, 34.1006278992, 39.0920295715, 12.9191999435, 24.3995018005, 15.8842563629], [272.99520874, 44.0381278992, 39.3900337219, 108.32019043, 61.1492004395, 143.335784912, 68.947517395, 64.7632904053, 38.4194908142, 26.8284091949, 32.3685073853, 16.6870613098, 9.14806461334], [45.5996856689, 56.9122428894, 40.7720680237, 55.7078323364, 21.073890686, 68.947517395, 150.147186279, 73.7560424805, 27.4149665833, 13.2440977097, 19.2776489258, 18.3567943573, 13.0054702759], [180.720687866, 46.3995056152, 37.4267959595, 55.1344680786, 21.7691440582, 64.7632904053, 73.7560424805, 129.666519165, 71.0843048096, 34.2845573425, 24.7787971497, 16.865228653, 8.36063861847], [136.908416748, 37.8456459045, 9.84603977203, 54.9642448425, 34.1006278992, 38.4194908142, 27.4149665833, 71.0843048096, 105.028633118, 60.0451278687, 31.077835083, 11.6134214401, 1.03067457676], [71.3312530518, 21.2890415192, 27.0122814178, 29.8727054596, 39.0920295715, 26.8284091949, 13.2440977097, 34.2845573425, 60.0451278687, 98.4598770142, 50.787399292, 18.4757480621, -2.92996835709], [88.3851013184, 30.9791889191, 6.22530698776, 54.4788703918, 12.9191999435, 32.3685073853, 19.2776489258, 24.7787971497, 31.077835083, 50.787399292, 77.2869796753, 34.8876571655, 10.1418561935], [46.3754348755, 8.90998363495, 22.5763320923, 54.3722457886, 24.3995018005, 16.6870613098, 18.3567943573, 16.865228653, 11.6134214401, 18.4757480621, 34.8876571655, 66.3226013184, 34.9144248962], [-9.60403347015, 19.6106948853, 12.4653606415, 55.5166931152, 15.8842563629, 9.14806461334, 13.0054702759, 8.36063861847, 1.03067457676, -2.92996835709, 10.1418561935, 34.9144248962, 62.9722709656]]
        icov: [[0.000341103033861, 0.000221431691898, 5.05397401867e-005, -0.000441464566393, 0.000315624085488, -0.000543303787708, 0.000311057578074, -0.000325961678755, -4.11881956097e-005, -7.0888796472e-005, 0.000106763160147, -0.000147209095303, 0.000402405799832], [0.000221431691898, 0.00192809023429, 0.000836711609736, -0.000442279968411, 0.000133166176965, -0.000451043626526, -0.000370304653188, -0.000498922599945, -7.58125461289e-005, -0.000269033713266, -0.00027857456007, 0.000371607602574, -0.000340175727615], [5.05397401867e-005, 0.000836711609736, 0.00392652116716, 0.00010775217379, -0.00218756380491, 0.000144476318383, -0.000655434210785, -0.00146609311923, 0.0015012488002, -0.000934357987717, 0.00033481491846, -0.000318292964948, -0.000209780802834], [-0.000441464566393, -0.000442279968411, 0.00010775217379, 0.00385917909443, -0.00175625702832, -0.000783527735621, -0.000402022415074, 0.000742205127608, -0.00111215631478, 0.00141709565651, -0.00167540542316, -0.000129040490719, -0.00238637207076], [0.000315624085488, 0.000133166176965, -0.00218756380491, -0.00175625702832, 0.00859212316573, -0.00318556232378, 0.000793732586317, 0.0017593735829, -0.00153347267769, -0.00287264795043, 0.00351710640825, -0.00204293662682, 0.000343671010341], [-0.000543303787708, -0.000451043626526, 0.000144476318383, -0.000783527735621, -0.00318556232378, 0.0134198805317, -0.00358888809569, -0.003186726477, 0.000829474651255, 0.000928968249355, -0.00374087668024, 0.00208332878537, 0.00021511084924], [0.000311057578074, -0.000370304653188, -0.000655434210785, -0.000402022415074, 0.000793732586317, -0.00358888809569, 0.0110454121605, -0.0055213519372, 0.00183310557622, 0.000308057846269, 7.30744359316e-005, -0.00110525276978, 5.31532532477e-006], [-0.000325961678755, -0.000498922599945, -0.00146609311923, 0.000742205127608, 0.0017593735829, -0.003186726477, -0.0055213519372, 0.018723629415, -0.0112900342792, 0.00165153574198, 0.000772622763179, -0.0014410095755, -0.000648728688248], [-4.11881956097e-005, -7.58125461289e-005, 0.0015012488002, -0.00111215631478, -0.00153347267769, 0.000829474651255, 0.00183310557622, -0.0112900342792, 0.0231516975909, -0.0108223259449, 0.000890657829586, 0.00154256855603, 0.000206130804145], [-7.0888796472e-005, -0.000269033713266, -0.000934357987717, 0.00141709565651, -0.00287264795043, 0.000928968249355, 0.000308057846269, 0.00165153574198, -0.0108223259449, 0.0236298702657, -0.0129154007882, 0.000366456486518, 0.00246882694773], [0.000106763160147, -0.00027857456007, 0.00033481491846, -0.00167540542316, 0.00351710640825, -0.00374087668024, 7.30744359316e-005, 0.000772622763179, 0.000890657829586, -0.0129154007882, 0.0279977954924, -0.0119880968705, 0.0025744845625], [-0.000147209095303, 0.000371607602574, -0.000318292964948, -0.000129040490719, -0.00204293662682, 0.00208332878537, -0.00110525276978, -0.0014410095755, 0.00154256855603, 0.000366456486518, -0.0119880968705, 0.029392298311, -0.0137029420584], [0.000402405799832, -0.000340175727615, -0.000209780802834, -0.00238637207076, 0.000343671010341, 0.00021511084924, 5.31532532477e-006, -0.000648728688248, 0.000206130804145, 0.00246882694773, 0.0025744845625, -0.0137029420584, 0.0254541169852]]
    sccoeffs:
        dmean: [0.0542116239667, 0.0505879074335, 0.0385789386928, 0.0303747095168, 0.0200981199741, 0.0183335952461]
        dmean2: [0.0888561084867, 0.0831832513213, 0.062905587256, 0.0503203906119, 0.0336250811815, 0.0290884133428]
        dvar: [0.00193285965361, 0.00166370137595, 0.000929047702812, 0.000604052795097, 0.000263326772256, 0.000253231875831]
        dvar2: [0.00513053080067, 0.00428036367521, 0.00234391354024, 0.00156879448332, 0.000710466760211, 0.000590005831327]
        max: [-0.286798715591, -0.452384263277, -0.501956701279, -0.53822696209, -0.528486251831, -0.592708528042]
        mean: [-0.653825640678, -0.735344707966, -0.7761682868, -0.787817597389, -0.793530166149, -0.725692093372]
        median: [-0.662433743477, -0.745191216469, -0.786696851254, -0.794610619545, -0.795983076096, -0.722132384777]
        min: [-0.966767430305, -0.955486476421, -0.962740123272, -0.961976647377, -0.961468338966, -0.967936336994]
        var: [0.00600964995101, 0.00589397968724, 0.00389518169686, 0.00218417239375, 0.000970268563833, 0.00185976875946]
    scvalleys:
        dmean: [0.430374801159, 0.36159491539, 0.293517827988, 0.243993744254, 0.205457642674, 0.248722374439]
        dmean2: [0.696291685104, 0.605531811714, 0.487705290318, 0.395453989506, 0.325939774513, 0.366359174252]
        dvar: [0.155579328537, 0.112402684987, 0.0796768814325, 0.0664277747273, 0.0719704553485, 0.114001244307]
        dvar2: [0.342653304338, 0.260146558285, 0.174600973725, 0.129973679781, 0.134049862623, 0.219822347164]
        max: [-5.1417298317, -4.52530622482, -5.3191318512, -5.55850315094, -5.40096616745, -7.37978982925]
        mean: [-7.13721847534, -6.58411550522, -6.87454175949, -6.84748363495, -6.78481817245, -9.40140914917]
        median: [-6.75998020172, -6.45552158356, -6.78495550156, -6.71317100525, -6.54079914093, -9.13347244263]
        min: [-28.3701133728, -27.3998336792, -27.2427463531, -27.2262840271, -27.2590675354, -27.2181167603]
        var: [1.71285569668, 0.813433229923, 0.768909752369, 0.820862293243, 1.06574547291, 1.51649773121]

rhythm:
    beats_loudness:
        dmean: 0.00201520090923
        dmean2: 0.00369815132581
        dvar: 1.89323134236e-006
        dvar2: 6.40356802251e-006
        max: 0.0107188113034
        mean: 0.00604852987453
        median: 0.0061463098973
        min: 8.05241313628e-008
        var: 5.37410460311e-006
    bpm: 97.9961013794
    bpm_confidence: 0
    first_peak_bpm: 98
    first_peak_spread: 0.0220386367291
    first_peak_weight: 0.883084535599
    onset_rate: 2.64251065254
    second_peak_bpm: 129
    second_peak_spread: 0.424242466688
    second_peak_weight: 0.0472636818886
    beats_loudness_band_ratio:
        dmean: [0.0821808800101, 0.125815108418, 0.110068328679, 0.0752149522305, 0.118238963187, 0.0648348256946]
        dmean2: [0.140189468861, 0.234024375677, 0.191417843103, 0.134893342853, 0.206409856677, 0.111890889704]
        dvar: [0.00442854454741, 0.0104855922982, 0.0135350311175, 0.00759950373322, 0.0110830999911, 0.00319149717689]
        dvar2: [0.013215335086, 0.0347285792232, 0.0408144257963, 0.0224196892232, 0.0331918075681, 0.00980444997549]
        max: [0.551418066025, 0.749990999699, 0.815121293068, 0.5800370574, 0.662972688675, 0.507700562477]
        mean: [0.13407087326, 0.152305155993, 0.145662516356, 0.109604008496, 0.266038507223, 0.229214027524]
        median: [0.125681251287, 0.111062653363, 0.0956782773137, 0.0730669423938, 0.243687465787, 0.237283527851]
        min: [0.000413727015257, 0.0047072796151, 0.0118632204831, 0.00870547257364, 0.00594042241573, 0.0023357172031]
        var: [0.00719489343464, 0.0161041580141, 0.0161339659244, 0.00778406718746, 0.0147825172171, 0.00873807724565]
    beats_position: [0.626938760281, 1.25387752056, 1.86920630932, 2.48453521729, 3.09986400604, 3.7151927948, 4.31891155243, 4.93424034119, 5.54956912994, 6.1648979187, 6.78022670746, 7.38394546509, 7.99927425385, 8.6146030426, 9.22993183136, 9.84526062012, 10.4489793777, 11.0526981354, 11.6680269241, 12.2833557129, 12.8870744705, 13.5024032593, 14.117732048, 14.7214508057, 15.3367795944, 15.9521083832, 16.5674381256, 17.1711559296, 17.786485672, 18.4018135071, 19.0171432495, 19.6208610535, 20.2361907959, 20.851518631, 21.4668483734, 22.0821762085, 22.6858959198, 23.3012237549, 23.9165534973, 24.5202713013, 25.1356010437, 25.7509288788, 26.3662586212, 26.9815864563, 27.5853061676, 28.2006340027, 28.804353714, 29.4312915802, 30.0466213226, 30.6503391266, 31.265668869, 31.8809967041, 32.4847145081, 33.1000442505, 33.7037620544, 34.3190917969, 34.9344215393, 35.5497512817, 36.1650772095, 36.7804069519, 37.3841247559, 37.9878463745, 38.6031723022, 39.2185020447, 39.8338317871, 40.4491615295, 41.0644874573, 41.6798171997, 42.2835350037, 42.8872566223, 43.50258255, 44.1179122925, 44.7332420349, 45.3369598389, 45.9522895813, 46.5676193237, 47.1829452515, 47.7866668701, 48.4019927979, 49.0173225403, 49.6326522827, 50.2479820251, 50.8516998291, 51.4670295715, 52.0823554993, 52.6976852417, 53.3014030457, 53.9167327881, 54.5320625305, 55.1473922729, 55.7511100769, 56.3548278809, 56.9701576233, 57.5854873657, 58.2008171082, 58.8161430359, 59.4198646545, 60.0235824585, 60.6389122009, 61.2542381287, 61.8695678711, 62.4848976135, 63.100227356, 63.7155532837, 64.3192749023, 64.9229888916, 65.5383224487, 66.1536483765, 66.7689819336, 67.3843078613, 67.9996337891, 68.6149673462, 69.2186813354, 69.8340148926, 70.4377288818, 71.053062439, 71.6683883667, 72.2837142944, 72.8874359131, 73.4911575317, 74.1064834595, 74.7218093872, 75.3371429443, 75.9524688721, 76.5678024292, 77.1831283569, 77.7868499756, 78.4021759033, 79.0175018311, 79.6328353882, 80.2481613159, 80.8518829346, 81.4672088623, 82.08253479, 82.6978683472, 83.3131942749, 83.9169158936, 84.5206298828, 85.1359634399, 85.7512893677, 86.3550109863, 86.9703369141, 87.5856704712, 88.1893844604, 88.8047180176, 89.4200439453, 90.035369873, 90.6507034302, 91.2544174194, 91.8697509766, 92.4850769043, 93.0887985229, 93.7041244507, 94.3194503784, 94.9347839355, 95.5501098633, 96.1538314819, 96.7691574097, 97.3728790283, 97.9882049561, 98.6035385132, 99.2188644409, 99.8341903687, 100.449523926, 101.064849854, 101.680175781, 102.2838974, 102.887619019, 103.502944946, 104.118278503, 104.733604431, 105.348930359, 105.952651978, 106.567977905, 107.183311462, 107.79863739, 108.413963318, 109.017684937, 109.633010864, 110.248344421, 110.852058411, 111.455780029, 112.071105957, 112.686439514, 113.301765442, 113.917098999, 114.532424927, 115.147750854, 115.751472473, 116.366798401, 116.982131958, 117.585845947, 118.201179504, 118.816505432, 119.43183136, 120.047164917, 120.662490845, 121.277824402, 121.881538391, 122.48526001, 123.100585938, 123.715919495, 124.331245422, 124.94657135, 125.550292969, 126.154014587, 126.769340515, 127.384666443, 128, 128.615325928, 129.242263794, 129.845977783, 130.449707031, 131.053421021, 131.65713501, 132.272476196, 132.887802124, 133.491516113, 134.106842041, 134.722167969, 135.337509155, 135.952835083, 136.568161011, 137.183486938, 137.798812866, 138.414154053, 139.017868042, 139.621582031, 140.236907959, 140.852249146, 141.467575073, 142.071289063, 142.68661499, 143.290344238, 143.905670166, 144.520996094, 145.136322021, 145.751647949, 146.355377197, 146.959091187, 147.586029053, 148.20135498, 148.816680908, 149.420410156, 150.024124146, 150.627838135, 151.243179321, 151.858505249, 152.473831177, 153.089157104, 153.704483032, 154.31980896, 154.935150146, 155.550476074, 156.165802002, 156.78112793, 157.396453857, 158.011795044, 158.615509033, 159.219223022, 159.83454895, 160.449890137, 161.053604126, 161.657318115, 162.272644043, 162.887985229, 163.503311157, 164.118637085, 164.733963013, 165.34928894, 165.964630127, 166.579956055, 167.183670044, 167.798995972, 168.40272522, 169.018051147, 169.633377075, 170.248703003, 170.864028931, 171.479354858, 172.083084106, 172.686798096, 173.302124023, 173.917449951, 174.521179199, 175.136505127, 175.740219116, 176.355545044, 176.97088623, 177.586212158, 178.201538086, 178.816864014, 179.432189941, 180.047531128, 180.651245117, 181.254959106, 181.870285034, 182.485626221, 183.100952148, 183.716278076, 184.319992065, 184.923721313, 185.527435303, 186.14276123, 186.758087158, 187.385025024, 188.011962891, 188.638900757, 189.254241943, 189.869567871, 190.47328186, 191.07699585, 191.680725098, 192.284439087, 192.899765015, 193.503494263, 194.11882019, 194.734146118, 195.349472046, 195.964797974, 196.58013916, 197.183853149, 197.799179077, 198.414505005, 199.018234253, 199.633560181, 200.248886108, 200.864212036, 201.467926025, 202.083267212, 202.686981201, 203.302307129, 203.917633057, 204.532974243, 205.148300171, 205.75201416, 206.367340088, 206.982666016, 207.586395264, 208.201721191, 208.817047119, 209.420761108, 210.036102295, 210.651428223, 211.26675415, 211.882080078, 212.485794067, 213.089523315, 213.704849243, 214.320175171, 214.935501099, 215.550842285, 216.154556274, 216.781494141, 217.38520813, 217.988937378, 218.604263306, 219.219589233, 219.834915161, 220.450241089, 221.053970337, 221.669296265, 222.284622192, 222.89994812, 223.364349365, 223.851974487, 224.339584351, 224.827209473, 225.326431274, 225.79083252, 226.255233765, 226.71963501, 227.184036255, 227.6484375, 228.101226807, 228.565612793, 229.0184021, 229.471191406, 229.923980713, 230.388381958, 230.852783203, 231.30557251, 231.758361816, 232.211151123, 232.66394043, 233.128341675, 233.59274292, 234.057144165, 234.521530151, 234.974319458, 235.427108765, 235.89151001, 236.355911255, 236.8203125, 237.284713745, 237.74911499, 238.213516235, 238.68951416, 239.165527344, 239.641540527, 240.117553711, 240.605163574, 241.092788696]
