
metadata:
    version:
        essentia: "2.1-beta2"
    audio_properties:
        analysis_sample_rate: 44100
        bitrate: 128
        channels: 2
        equal_loudness: 1
        length: 215.719177246
        replay_gain: -14.6986083984
        downmix: "mix"
    tags:
        album: "World We View"
        artist: "Nine Lashes"
        comment: ""
        date: "2012"
        genre: "Religious"
        title: "The Intervention"
        tracknumber: "1"

configuration:
    average_loudness:
        compute: 1
        frameSize: 88200
        hopSize: 44100
        silentFrames: "noise"
        windowType: "hann"
    general:
        analysisSampleRate: 44100
        endTime: 2000
        equalLoudness: 1
        nequalLoudness: 0
        shortSound: 0
        startTime: 0
    lowlevel:
        compute: 1
        frameSize: 2048
        hopSize: 1024
        zeroPadding: 0
        silentFrames: "noise"
        windowType: "blackmanharris62"
        mfccStats: ["mean", "cov", "icov"]
        stats: ["mean", "var", "median", "min", "max", "dmean", "dmean2", "dvar", "dvar2"]
    panning:
        compute: 0
        frameSize: 8192
        hopSize: 2048
        zeroPadding: 8192
        silentFrames: "noise"
        windowType: "hann"
        stats: ["copy"]
    rhythm:
        compute: 1
        maxTempo: 208
        minTempo: 40
        method: "degara"
        stats: ["mean", "var", "median", "min", "max", "dmean", "dmean2", "dvar", "dvar2"]
    segmentation:
        compute: 0
        cpw: 5
        inc1: 300
        inc2: 50
        minimumSegmentsLength: 10
        size1: 1000
        size2: 600
    sfx:
        compute: 1
        stats: ["mean", "var", "median", "min", "max", "dmean", "dmean2", "dvar", "dvar2"]
    svm:
        compute: 0
    tonal:
        compute: 1
        frameSize: 4096
        hopSize: 2048
        zeroPadding: 0
        silentFrames: "noise"
        windowType: "blackmanharris62"
        stats: ["mean", "var", "median", "min", "max", "dmean", "dmean2", "dvar", "dvar2"]

lowlevel:
    average_loudness: 0.948192059994
    barkbands_kurtosis:
        dmean: 0.578558862209
        dmean2: 0.92008882761
        dvar: 4.30186843872
        dvar2: 11.2920827866
        max: 141.365615845
        mean: -0.505745470524
        median: -0.973132014275
        min: -1.82323849201
        var: 4.94114875793
    barkbands_skewness:
        dmean: 0.327984303236
        dmean2: 0.50291031599
        dvar: 0.12513461709
        dvar2: 0.284481436014
        max: 11.3936719894
        mean: 0.0769177600741
        median: -0.00924063660204
        min: -2.99508142471
        var: 0.605709016323
    barkbands_spread:
        dmean: 4.70638179779
        dmean2: 7.32457447052
        dvar: 23.878156662
        dvar2: 57.048828125
        max: 73.9270401001
        mean: 29.6831188202
        median: 29.3994274139
        min: 1.4685921669
        var: 97.6024017334
    dissonance:
        dmean: 0.0133094293997
        dmean2: 0.0226270537823
        dvar: 0.000190897233551
        dvar2: 0.000530128483661
        max: 0.500000238419
        mean: 0.475652515888
        median: 0.481555640697
        min: 0.307815521955
        var: 0.000418188865297
    hfc:
        dmean: 2.08295607567
        dmean2: 3.34513807297
        dvar: 8.45980167389
        dvar2: 21.1607818604
        max: 47.2664833069
        mean: 9.06592655182
        median: 8.87624359131
        min: 1.17287566945e-016
        var: 29.9232978821
    pitch:
        dmean: 522.641174316
        dmean2: 998.064697266
        dvar: 1063749.25
        dvar2: 2822005.75
        max: 5090.05761719
        mean: 646.992248535
        median: 292.123931885
        min: 64.5086212158
        var: 1013753.0625
    pitch_instantaneous_confidence:
        dmean: 0.0726616457105
        dmean2: 0.116767533123
        dvar: 0.00430257618427
        dvar2: 0.0101036420092
        max: 0.960192680359
        mean: 0.366714090109
        median: 0.327404618263
        min: 0.103583216667
        var: 0.0250186864287
    pitch_salience:
        dmean: 0.0556085333228
        dmean2: 0.0912735983729
        dvar: 0.0025432894472
        dvar2: 0.00659503182396
        max: 0.85942453146
        mean: 0.64142036438
        median: 0.655927419662
        min: 0.109486483037
        var: 0.00901378225535
    silence_rate_20dB:
        dmean: 0
        dmean2: 0
        dvar: 0
        dvar2: 0
        max: 1
        mean: 1
        median: 1
        min: 1
        var: 0
    silence_rate_30dB:
        dmean: 0
        dmean2: 0
        dvar: 0
        dvar2: 0
        max: 1
        mean: 1
        median: 1
        min: 1
        var: 0
    silence_rate_60dB:
        dmean: 0.0480034425855
        dmean2: 0.0960172191262
        dvar: 0.0457045994699
        dvar2: 0.0992828831077
        max: 1
        mean: 0.196405515075
        median: 0
        min: 0
        var: 0.157827869058
    spectral_centroid:
        dmean: 219.197143555
        dmean2: 334.663299561
        dvar: 70965.0078125
        dvar2: 131342.171875
        max: 11489.5263672
        mean: 1665.26586914
        median: 1676.10888672
        min: 238.52684021
        var: 313537.96875
    spectral_complexity:
        dmean: 3.76514911652
        dmean2: 6.12809467316
        dvar: 14.9840068817
        dvar2: 37.4070014954
        max: 46
        mean: 17.5286273956
        median: 18
        min: 0
        var: 75.4262390137
    spectral_crest:
        dmean: 1.91021978855
        dmean2: 3.08809828758
        dvar: 3.50222873688
        dvar2: 8.65452480316
        max: 25.5288887024
        mean: 6.93517637253
        median: 5.95438766479
        min: 2.15215539932
        var: 12.2548484802
    spectral_decrease:
        dmean: 2.77345979516e-010
        dmean2: 4.55201459859e-010
        dvar: 1.53714598415e-019
        dvar2: 4.03398303757e-019
        max: 2.92995514114e-029
        mean: -1.17184717485e-009
        median: -1.15007492418e-009
        min: -4.37243885543e-009
        var: 3.44851442277e-019
    spectral_energy:
        dmean: 0.00119975639973
        dmean2: 0.00196527619846
        dvar: 2.8472768463e-006
        dvar2: 7.4712274909e-006
        max: 0.0189615022391
        mean: 0.00524512305856
        median: 0.0051750857383
        min: 1.05277384901e-020
        var: 6.92714593242e-006
    spectral_energyband_high:
        dmean: 0.000144955061842
        dmean2: 0.000236434701947
        dvar: 5.85728088254e-008
        dvar2: 1.42537516012e-007
        max: 0.00426705740392
        mean: 0.000429159990745
        median: 0.000358080433216
        min: 7.6498535466e-021
        var: 1.62265436643e-007
    spectral_energyband_low:
        dmean: 0.000310596718919
        dmean2: 0.000544863578398
        dvar: 4.26374839435e-007
        dvar2: 1.1795006003e-006
        max: 0.00597816333175
        mean: 0.000414245092543
        median: 0.000285073881969
        min: 9.69210285373e-023
        var: 3.25694031744e-007
    spectral_energyband_middle_high:
        dmean: 0.000678842654452
        dmean2: 0.00107573380228
        dvar: 6.80488767557e-007
        dvar2: 1.68411736468e-006
        max: 0.0133810844272
        mean: 0.00276400172152
        median: 0.00257323286496
        min: 1.47182310304e-021
        var: 2.99435032503e-006
    spectral_energyband_middle_low:
        dmean: 0.00064941047458
        dmean2: 0.00105279171839
        dvar: 1.07362006929e-006
        dvar2: 2.77966137219e-006
        max: 0.0120061784983
        mean: 0.00185683905147
        median: 0.00157074374147
        min: 3.09703105832e-022
        var: 1.82945575489e-006
    spectral_flatness_db:
        dmean: 0.0128163555637
        dmean2: 0.0201569609344
        dvar: 0.000150344872964
        dvar2: 0.000338046811521
        max: 0.382434397936
        mean: 0.136084362864
        median: 0.128107488155
        min: 0.0535675734282
        var: 0.00148121616803
    spectral_flux:
        dmean: 0.0080934446305
        dmean2: 0.0124061442912
        dvar: 8.36713443277e-005
        dvar2: 0.000169888429809
        max: 0.10960226506
        mean: 0.0422218292952
        median: 0.0408146306872
        min: 1.02604764962e-010
        var: 0.000294301687973
    spectral_kurtosis:
        dmean: 0.923074603081
        dmean2: 1.52815508842
        dvar: 1.44066858292
        dvar2: 4.16992473602
        max: 25.5631389618
        mean: 3.34642505646
        median: 2.96493911743
        min: -1.23505628109
        var: 5.01414585114
    spectral_rms:
        dmean: 0.000241921152337
        dmean2: 0.000387110107113
        dvar: 8.51329247098e-008
        dvar2: 2.12749114326e-007
        max: 0.00430104928091
        mean: 0.00217159395106
        median: 0.00224696774967
        min: 3.20483461817e-012
        var: 4.01388916771e-007
    spectral_rolloff:
        dmean: 340.7215271
        dmean2: 542.821166992
        dvar: 188963.828125
        dvar2: 357862.46875
        max: 18755.4199219
        mean: 3097.50830078
        median: 3229.98046875
        min: 215.33203125
        var: 926469.5
    spectral_skewness:
        dmean: 0.14265345037
        dmean2: 0.228829756379
        dvar: 0.021457253024
        dvar2: 0.0513947419822
        max: 3.60569834709
        mean: 1.40537202358
        median: 1.36182010174
        min: -0.0484305769205
        var: 0.113484993577
    spectral_spread:
        dmean: 443120.34375
        dmean2: 625486.875
        dvar: 607504891904
        dvar2: 766297833472
        max: 50020584
        mean: 5079816.5
        median: 4823987
        min: 1764421.5
        var: 2.48676456858e+012
    spectral_strongpeak:
        dmean: 0.448085218668
        dmean2: 0.751106202602
        dvar: 0.401526778936
        dvar2: 1.04457902908
        max: 7.05310964584
        mean: 0.853362381458
        median: 0.529225230217
        min: 0
        var: 0.880857288837
    zerocrossingrate:
        dmean: 0.00750511046499
        dmean2: 0.0087912697345
        dvar: 8.97507925401e-005
        dvar2: 8.67335693329e-005
        max: 0.5087890625
        mean: 0.0945225656033
        median: 0.095703125
        min: 0.01171875
        var: 0.000816977699287
    barkbands:
        dmean: [2.32887984453e-007, 9.3464514066e-005, 0.00019096134929, 0.000149519415572, 0.00027688339469, 0.000215627340367, 0.000111032888526, 0.000105822262412, 0.000129131425638, 0.000140286356327, 7.42159609217e-005, 9.29812013055e-005, 7.67744495533e-005, 0.000153317450895, 0.000187646553968, 0.000156436057296, 0.000199082278414, 0.000149169602082, 0.000174514818355, 0.000116435192467, 8.15402017906e-005, 3.47600143868e-005, 7.6103997344e-006, 4.33094828622e-006, 3.0628082186e-006, 9.08243578124e-008, 3.45031392346e-010]
        dmean2: [3.6880544485e-007, 0.000153644898091, 0.000346250511939, 0.000267266615992, 0.000460895185824, 0.000337303499691, 0.000183655531146, 0.000170559287653, 0.000198022375116, 0.000207028584555, 0.000116181116027, 0.000149227387737, 0.000125741426018, 0.000250063865678, 0.000301221589325, 0.000252471334534, 0.000324239721522, 0.000248253083555, 0.000295386649668, 0.000197280052816, 0.0001373658597, 5.52287383471e-005, 1.17944082376e-005, 6.43369457975e-006, 4.47762658951e-006, 1.38085653134e-007, 5.93688653794e-010]
        dvar: [2.81384941389e-013, 3.69032200354e-008, 1.7317681511e-007, 7.79474405022e-008, 4.93135530633e-007, 1.19549369515e-007, 5.89729793887e-008, 2.76005671651e-008, 5.65017757026e-008, 6.64853629928e-008, 2.79551173321e-008, 3.94131944859e-008, 2.01852330406e-008, 8.66332925398e-008, 1.68820832869e-007, 7.90799816741e-008, 1.02565707039e-007, 5.45757572468e-008, 6.52996803296e-008, 3.17052908372e-008, 1.60639910263e-008, 3.92324350784e-009, 2.12798417776e-010, 1.10763724581e-010, 7.28563945285e-011, 7.31436192538e-014, 4.22528458084e-019]
        dvar2: [6.05473841637e-013, 9.47997733647e-008, 5.00964915773e-007, 2.23733238158e-007, 1.30664091103e-006, 2.68413685944e-007, 1.47016365304e-007, 6.49096492111e-008, 1.11831553795e-007, 1.29133070459e-007, 6.30090539744e-008, 9.32722983293e-008, 5.10841111634e-008, 2.11788616866e-007, 4.17217620452e-007, 1.8758592546e-007, 2.45594492299e-007, 1.4408573179e-007, 1.71636898472e-007, 8.79374866258e-008, 4.14642471469e-008, 8.10064193502e-009, 4.32861135824e-010, 1.99908062326e-010, 1.27347590806e-010, 1.47824596531e-013, 1.02136529386e-018]
        max: [7.65591903473e-006, 0.00156432297081, 0.00342626310885, 0.00372989848256, 0.00980055797845, 0.00486861728132, 0.00404752697796, 0.00357517693192, 0.00530842598528, 0.00665646418929, 0.00500559341162, 0.00391652015969, 0.00288383476436, 0.00508423475549, 0.00795744825155, 0.00564939901233, 0.00621465174481, 0.00566413672641, 0.00796749163419, 0.00335390749387, 0.00227332254872, 0.00193364347797, 0.000298098952044, 0.000267570780125, 0.000190800492419, 5.94290486333e-006, 2.55668464177e-008]
        mean: [2.48751518939e-007, 0.00011719140457, 0.000206747616176, 0.000168018479599, 0.000382758909836, 0.000409453787142, 0.000159524308401, 0.000207082208362, 0.000267456198344, 0.00036296757753, 0.000129420106532, 0.000164608980413, 0.000128740590299, 0.000234051170992, 0.00031823842437, 0.000293624587357, 0.000402232835768, 0.000310623989208, 0.000395803392166, 0.000269196927547, 0.000196207955014, 8.67362177814e-005, 1.74533233803e-005, 9.86650320556e-006, 6.71080988468e-006, 1.72983149582e-007, 3.81922132808e-010]
        median: [6.51007496799e-008, 6.73026297591e-005, 0.000112685651402, 9.64553400991e-005, 0.000202227121918, 0.000209851205, 8.03017319413e-005, 0.000114049988042, 0.00012160307233, 0.000115124435979, 5.91944699408e-005, 8.37186453282e-005, 7.19823074178e-005, 0.000130414540763, 0.000144869729411, 0.000177813170012, 0.000264677073574, 0.000251726072747, 0.000337156641763, 0.00022367418569, 0.000163605596754, 6.53214592603e-005, 9.84669986792e-006, 4.28102976002e-006, 2.37388803725e-006, 6.08636483435e-008, 1.5846347845e-010]
        min: [1.53243709241e-023, 3.24066458002e-023, 4.00969699307e-023, 1.61847767802e-023, 2.24653780741e-023, 7.06331287059e-023, 3.31346255762e-023, 6.65242614841e-023, 8.95612592141e-023, 4.02169903843e-023, 1.023699748e-022, 8.7456578319e-023, 4.73980353807e-023, 1.2137778657e-022, 1.72081007149e-022, 1.09749661283e-022, 2.00373837992e-022, 2.44720127095e-022, 1.72983968895e-022, 2.55511668548e-022, 3.84430094469e-022, 4.3766745182e-022, 5.81653878338e-022, 8.26658121577e-022, 1.01807293569e-021, 1.70079279544e-021, 2.29216958007e-021]
        var: [3.17954321725e-013, 3.28616600598e-008, 1.15430815129e-007, 5.85660409058e-008, 4.52371693882e-007, 3.13525674756e-007, 7.26592261913e-008, 8.0703898675e-008, 2.2977330616e-007, 4.87900308599e-007, 5.98505280891e-008, 6.98994711001e-008, 3.56731852946e-008, 1.27010935103e-007, 3.50543331251e-007, 1.77686843017e-007, 2.52991043226e-007, 8.99627252693e-008, 1.32464577973e-007, 5.97296221372e-008, 3.59352227974e-008, 1.2298275287e-008, 6.36346475513e-010, 3.35217104075e-010, 2.17985532402e-010, 1.59469049836e-013, 6.03198817635e-019]
    frequency_bands:
        dmean: [2.32887984453e-007, 9.3464514066e-005, 0.00019096134929, 0.000149519415572, 0.00027688339469, 0.000215627340367, 0.000111032888526, 0.000105822262412, 0.000129131425638, 0.000140286356327, 7.42159609217e-005, 9.29812013055e-005, 7.67744495533e-005, 0.000153317450895, 0.000187646553968, 0.000156436057296, 0.000199082278414, 0.000149169602082, 0.000174514818355, 0.000116435192467, 8.15402017906e-005, 3.47600143868e-005, 7.6103997344e-006, 4.33094828622e-006, 3.0628082186e-006, 9.08243578124e-008, 3.45031392346e-010, 6.13356240797e-011]
        dmean2: [3.6880544485e-007, 0.000153644898091, 0.000346250511939, 0.000267266615992, 0.000460895185824, 0.000337303499691, 0.000183655531146, 0.000170559287653, 0.000198022375116, 0.000207028584555, 0.000116181116027, 0.000149227387737, 0.000125741426018, 0.000250063865678, 0.000301221589325, 0.000252471334534, 0.000324239721522, 0.000248253083555, 0.000295386649668, 0.000197280052816, 0.0001373658597, 5.52287383471e-005, 1.17944082376e-005, 6.43369457975e-006, 4.47762658951e-006, 1.38085653134e-007, 5.93688653794e-010, 1.13813361513e-010]
        dvar: [2.81384941389e-013, 3.69032200354e-008, 1.7317681511e-007, 7.79474405022e-008, 4.93135530633e-007, 1.19549369515e-007, 5.89729793887e-008, 2.76005671651e-008, 5.65017757026e-008, 6.64853629928e-008, 2.79551173321e-008, 3.94131944859e-008, 2.01852330406e-008, 8.66332925398e-008, 1.68820832869e-007, 7.90799816741e-008, 1.02565707039e-007, 5.45757572468e-008, 6.52996803296e-008, 3.17052908372e-008, 1.60639910263e-008, 3.92324350784e-009, 2.12798417776e-010, 1.10763724581e-010, 7.28563945285e-011, 7.31436192538e-014, 4.22528458084e-019, 6.86625824374e-021]
        dvar2: [6.05473841637e-013, 9.47997733647e-008, 5.00964915773e-007, 2.23733238158e-007, 1.30664091103e-006, 2.68413685944e-007, 1.47016365304e-007, 6.49096492111e-008, 1.11831553795e-007, 1.29133070459e-007, 6.30090539744e-008, 9.32722983293e-008, 5.10841111634e-008, 2.11788616866e-007, 4.17217620452e-007, 1.8758592546e-007, 2.45594492299e-007, 1.4408573179e-007, 1.71636898472e-007, 8.79374866258e-008, 4.14642471469e-008, 8.10064193502e-009, 4.32861135824e-010, 1.99908062326e-010, 1.27347590806e-010, 1.47824596531e-013, 1.02136529386e-018, 2.15556336763e-020]
        max: [7.65591903473e-006, 0.00156432297081, 0.00342626310885, 0.00372989848256, 0.00980055797845, 0.00486861728132, 0.00404752697796, 0.00357517693192, 0.00530842598528, 0.00665646418929, 0.00500559341162, 0.00391652015969, 0.00288383476436, 0.00508423475549, 0.00795744825155, 0.00564939901233, 0.00621465174481, 0.00566413672641, 0.00796749163419, 0.00335390749387, 0.00227332254872, 0.00193364347797, 0.000298098952044, 0.000267570780125, 0.000190800492419, 5.94290486333e-006, 2.55668464177e-008, 8.90288343047e-010]
        mean: [2.48751518939e-007, 0.00011719140457, 0.000206747616176, 0.000168018479599, 0.000382758909836, 0.000409453787142, 0.000159524308401, 0.000207082208362, 0.000267456198344, 0.00036296757753, 0.000129420106532, 0.000164608980413, 0.000128740590299, 0.000234051170992, 0.00031823842437, 0.000293624587357, 0.000402232835768, 0.000310623989208, 0.000395803392166, 0.000269196927547, 0.000196207955014, 8.67362177814e-005, 1.74533233803e-005, 9.86650320556e-006, 6.71080988468e-006, 1.72983149582e-007, 3.81922132808e-010, 4.86829569712e-011]
        median: [6.51007496799e-008, 6.73026297591e-005, 0.000112685651402, 9.64553400991e-005, 0.000202227121918, 0.000209851205, 8.03017319413e-005, 0.000114049988042, 0.00012160307233, 0.000115124435979, 5.91944699408e-005, 8.37186453282e-005, 7.19823074178e-005, 0.000130414540763, 0.000144869729411, 0.000177813170012, 0.000264677073574, 0.000251726072747, 0.000337156641763, 0.00022367418569, 0.000163605596754, 6.53214592603e-005, 9.84669986792e-006, 4.28102976002e-006, 2.37388803725e-006, 6.08636483435e-008, 1.5846347845e-010, 1.94438198181e-011]
        min: [1.53243709241e-023, 3.24066458002e-023, 4.00969699307e-023, 1.61847767802e-023, 2.24653780741e-023, 7.06331287059e-023, 3.31346255762e-023, 6.65242614841e-023, 8.95612592141e-023, 4.02169903843e-023, 1.023699748e-022, 8.7456578319e-023, 4.73980353807e-023, 1.2137778657e-022, 1.72081007149e-022, 1.09749661283e-022, 2.00373837992e-022, 2.44720127095e-022, 1.72983968895e-022, 2.55511668548e-022, 3.84430094469e-022, 4.3766745182e-022, 5.81653878338e-022, 8.26658121577e-022, 1.01807293569e-021, 1.70079279544e-021, 2.29216958007e-021, 6.3791871976e-022]
        var: [3.17954321725e-013, 3.28616600598e-008, 1.15430815129e-007, 5.85660409058e-008, 4.52371693882e-007, 3.13525674756e-007, 7.26592261913e-008, 8.0703898675e-008, 2.2977330616e-007, 4.87900308599e-007, 5.98505280891e-008, 6.98994711001e-008, 3.56731852946e-008, 1.27010935103e-007, 3.50543331251e-007, 1.77686843017e-007, 2.52991043226e-007, 8.99627252693e-008, 1.32464577973e-007, 5.97296221372e-008, 3.59352227974e-008, 1.2298275287e-008, 6.36346475513e-010, 3.35217104075e-010, 2.17985532402e-010, 1.59469049836e-013, 6.03198817635e-019, 5.70935245303e-021]
    mfcc:
        mean: [-688.180541992, 97.4234161377, -49.039478302, 40.153881073, -12.5956039429, -2.89405560493, -6.35977602005, -5.687022686, 0.759304344654, -5.77453899384, -2.16304802895, -6.44117164612, -6.20347833633]
        cov: [[4469.203125, -564.879577637, -11.2835712433, 314.20211792, -0.630707621574, 207.875045776, 75.473991394, 104.119842529, 99.5776977539, 79.3361282349, 72.1088790894, -3.04322099686, 15.2739648819], [-564.879577637, 687.677185059, -178.914535522, 76.5749588013, -13.6492595673, 18.7223873138, 5.87094402313, 16.0871257782, 12.4115314484, -1.4196407795, 20.9026889801, 12.6209135056, 9.31197929382], [-11.2835712433, -178.914535522, 512.32824707, 103.808853149, 154.963623047, 73.1198501587, 97.8096694946, 11.7786006927, -17.8091392517, 25.8120231628, 22.4590873718, 50.3080749512, 46.2868843079], [314.20211792, 76.5749588013, 103.808853149, 298.718322754, 107.350952148, 72.3000869751, 52.2540550232, 34.2384376526, 32.4185905457, 38.4740257263, 34.409286499, 34.4292984009, 46.9104156494], [-0.630707621574, -13.6492595673, 154.963623047, 107.350952148, 200.030349731, 47.0510787964, 6.5509314537, 3.63105845451, 5.29725313187, 23.1275939941, 8.35208511353, 31.666475296, 31.9635601044], [207.875045776, 18.7223873138, 73.1198501587, 72.3000869751, 47.0510787964, 140.222091675, 82.1199111938, 31.1085586548, 11.9565038681, 24.9789466858, 36.3678741455, 20.7470493317, 15.1988954544], [75.473991394, 5.87094402313, 97.8096694946, 52.2540550232, 6.5509314537, 82.1199111938, 173.107192993, 54.534034729, 28.0043869019, 29.1821479797, 30.5466136932, 18.250957489, 12.3151283264], [104.119842529, 16.0871257782, 11.7786006927, 34.2384376526, 3.63105845451, 31.1085586548, 54.534034729, 109.104507446, 61.3551216125, 36.716129303, 16.7610588074, 3.58179283142, 7.70192432404], [99.5776977539, 12.4115314484, -17.8091392517, 32.4185905457, 5.29725313187, 11.9565038681, 28.0043869019, 61.3551216125, 117.446922302, 66.4446563721, 21.5983810425, -3.89668560028, -9.92526912689], [79.3361282349, -1.4196407795, 25.8120231628, 38.4740257263, 23.1275939941, 24.9789466858, 29.1821479797, 36.716129303, 66.4446563721, 99.7723770142, 45.0806274414, 8.21269607544, -4.31864404678], [72.1088790894, 20.9026889801, 22.4590873718, 34.409286499, 8.35208511353, 36.3678741455, 30.5466136932, 16.7610588074, 21.5983810425, 45.0806274414, 77.3374328613, 26.9766902924, 9.8260307312], [-3.04322099686, 12.6209135056, 50.3080749512, 34.4292984009, 31.666475296, 20.7470493317, 18.250957489, 3.58179283142, -3.89668560028, 8.21269607544, 26.9766902924, 63.9040336609, 35.5847396851], [15.2739648819, 9.31197929382, 46.2868843079, 46.9104156494, 31.9635601044, 15.1988954544, 12.3151283264, 7.70192432404, -9.92526912689, -4.31864404678, 9.8260307312, 35.5847396851, 68.4094390869]]
        icov: [[0.000342705607181, 0.000421805889346, 0.000221778769628, -0.00051123322919, 0.000244602531893, -0.000560612301342, 0.000183857118827, -0.000151361804456, -9.10269009182e-005, 6.70140070724e-005, -0.000113943468023, 6.56075062579e-005, 3.40478545695e-005], [0.000421805889346, 0.00229652016424, 0.00118707201909, -0.00121879123617, 9.20684105949e-005, -0.00074198411312, -6.85198465362e-005, -0.000310861389153, 2.54439510172e-005, 0.000406970008044, -0.000512208091095, -0.000361454905942, 8.59275678522e-005], [0.000221778769628, 0.00118707201909, 0.00371459731832, -0.00059996987693, -0.00215894216672, -0.000119411663036, -0.00191377825104, 8.54676454765e-006, 0.00125098135322, -0.000601242820267, 4.13004963775e-005, -0.00083135656314, -0.000364148145309], [-0.00051123322919, -0.00121879123617, -0.00059996987693, 0.00591761339456, -0.00230923527852, -0.000262719986495, -0.000615543802269, 0.000184076707228, -0.000875432335306, -0.000379168166546, -0.000457165879197, 0.000458259746665, -0.00246812705882], [0.000244602531893, 9.20684105949e-005, -0.00215894216672, -0.00230923527852, 0.00899262819439, -0.00274336454459, 0.00284760561772, 0.000372924521798, -0.000477653928101, -0.00176645838656, 0.00242848927155, -0.00189128227066, -0.000715512898751], [-0.000560612301342, -0.00074198411312, -0.000119411663036, -0.000262719986495, -0.00274336454459, 0.0129990028217, -0.0051452931948, -0.000798835419118, 0.00159895000979, 0.000261000153841, -0.00349133322015, 0.00026234172401, 0.0005105449236], [0.000183857118827, -6.85198465362e-005, -0.00191377825104, -0.000615543802269, 0.00284760561772, -0.0051452931948, 0.0105375284329, -0.00326219201088, -0.000583984656259, -0.000109660410089, -0.000190547216334, -0.000836677092593, 0.000339146907208], [-0.000151361804456, -0.000310861389153, 8.54676454765e-006, 0.000184076707228, 0.000372924521798, -0.000798835419118, -0.00326219201088, 0.0153899779543, -0.00731727434322, -0.000144601217471, 0.000563013018109, 0.00103481917176, -0.00288801011629], [-9.10269009182e-005, 2.54439510172e-005, 0.00125098135322, -0.000875432335306, -0.000477653928101, 0.00159895000979, -0.000583984656259, -0.00731727434322, 0.018637785688, -0.0104618743062, 0.00173127453309, 0.000290726398816, 0.00221135281026], [6.70140070724e-005, 0.000406970008044, -0.000601242820267, -0.000379168166546, -0.00176645838656, 0.000261000153841, -0.000109660410089, -0.000144601217471, -0.0104618743062, 0.022426372394, -0.0105051882565, 0.00110113667324, 0.00223387521692], [-0.000113943468023, -0.000512208091095, 4.13004963775e-005, -0.000457165879197, 0.00242848927155, -0.00349133322015, -0.000190547216334, 0.000563013018109, 0.00173127453309, -0.0105051882565, 0.0231984015554, -0.00842678826302, 0.000631898466963], [6.56075062579e-005, -0.000361454905942, -0.00083135656314, 0.000458259746665, -0.00189128227066, 0.00026234172401, -0.000836677092593, 0.00103481917176, 0.000290726398816, 0.00110113667324, -0.00842678826302, 0.0270640403032, -0.0116135729477], [3.40478545695e-005, 8.59275678522e-005, -0.000364148145309, -0.00246812705882, -0.000715512898751, 0.0005105449236, 0.000339146907208, -0.00288801011629, 0.00221135281026, 0.00223387521692, 0.000631898466963, -0.0116135729477, 0.0234345681965]]
    sccoeffs:
        dmean: [0.0566765069962, 0.0468967519701, 0.0374103076756, 0.0308521278203, 0.0203558448702, 0.0177675355226]
        dmean2: [0.0934620946646, 0.0775869637728, 0.0613342300057, 0.0505375601351, 0.0335138216615, 0.0282147563994]
        dvar: [0.00236138678156, 0.00141271669418, 0.000922776758671, 0.000616892066319, 0.00027419772232, 0.00024610129185]
        dvar2: [0.00626241089776, 0.00379233923741, 0.00240995991044, 0.00162504450418, 0.000721248041373, 0.000561848399229]
        max: [-0.235937282443, -0.453087449074, -0.448180824518, -0.55509352684, -0.509231686592, -0.597527623177]
        mean: [-0.655440449715, -0.74345433712, -0.763219177723, -0.779736161232, -0.795929253101, -0.752602100372]
        median: [-0.665487408638, -0.749447226524, -0.774764060974, -0.786414802074, -0.800244212151, -0.750243782997]
        min: [-0.95485073328, -0.966094493866, -0.97079372406, -0.962065517902, -0.960539102554, -0.961903452873]
        var: [0.00626856321469, 0.00483259558678, 0.00512815453112, 0.00263422634453, 0.00129805831239, 0.0013115593465]
    scvalleys:
        dmean: [0.39700332284, 0.338110536337, 0.283192276955, 0.241283297539, 0.199844837189, 0.222608685493]
        dmean2: [0.64358997345, 0.563259124756, 0.46705147624, 0.388285219669, 0.314061880112, 0.321375072002]
        dvar: [0.140483602881, 0.110063605011, 0.0824407339096, 0.0713185817003, 0.066513210535, 0.0931731313467]
        dvar2: [0.295185029507, 0.237959742546, 0.154624640942, 0.123093985021, 0.101199105382, 0.145257055759]
        max: [-5.42581176758, -4.63364028931, -5.15479755402, -5.51570987701, -5.50375270844, -7.22862625122]
        mean: [-7.05937337875, -6.42408561707, -6.82687282562, -6.82422065735, -6.91576099396, -9.31482982635]
        median: [-6.74410676956, -6.3139629364, -6.7078499794, -6.66028213501, -6.67541456223, -9.11102485657]
        min: [-27.8428974152, -27.3013629913, -27.3994522095, -27.507566452, -27.2970619202, -27.2430915833]
        var: [1.19801354408, 0.502729475498, 0.498151659966, 0.564143180847, 0.713535368443, 1.16501545906]

rhythm:
    beats_loudness:
        dmean: 0.00222243135795
        dmean2: 0.00397008750588
        dvar: 2.64303594122e-006
        dvar2: 8.84179735294e-006
        max: 0.0130012594163
        mean: 0.00616862718016
        median: 0.00625507999212
        min: 1.0845384395e-006
        var: 7.03638215782e-006
    bpm: 107.928939819
    bpm_confidence: 0
    first_peak_bpm: 108
    first_peak_spread: 0.218749985099
    first_peak_weight: 0.777202069759
    onset_rate: 2.3966345787
    second_peak_bpm: 103
    second_peak_spread: 0
    second_peak_weight: 0.00518134701997
    beats_loudness_band_ratio:
        dmean: [0.115151442587, 0.18698720634, 0.112564489245, 0.101901650429, 0.145617440343, 0.0642960816622]
        dmean2: [0.204184383154, 0.359556049109, 0.196660667658, 0.181918039918, 0.263056993484, 0.113506130874]
        dvar: [0.00822795834392, 0.0141812358052, 0.0145782222971, 0.0115578351542, 0.0179723296314, 0.00486507220194]
        dvar2: [0.0246959906071, 0.0439707115293, 0.0406464152038, 0.03335801512, 0.0546267069876, 0.015694167465]
        max: [0.759498894215, 0.879239618778, 0.865434348583, 0.779967427254, 0.72777813673, 0.633145391941]
        mean: [0.179387032986, 0.209502071142, 0.156017169356, 0.14351183176, 0.254805088043, 0.151294499636]
        median: [0.162331998348, 0.187718614936, 0.112520746887, 0.113822467625, 0.221138268709, 0.142911270261]
        min: [9.37051299843e-005, 0.00170687888749, 0.0211018957198, 0.0140222925693, 0.0340523011982, 0.00577577576041]
        var: [0.018243515864, 0.0204312037677, 0.0164726916701, 0.0133799752221, 0.0201068203896, 0.00660051032901]
    beats_position: [0.568888902664, 1.14938771725, 1.71827661991, 2.28716540337, 2.8444442749, 3.40172338486, 3.95900225639, 4.51628112793, 5.07355976105, 5.61922883987, 6.17650794983, 6.73378658295, 7.2910656929, 7.84834432602, 8.40562343597, 8.96290206909, 9.52018165588, 10.077460289, 10.6347389221, 11.1920175552, 11.749297142, 12.3065757751, 12.8638544083, 13.4211339951, 13.966802597, 14.5240812302, 15.0697498322, 15.6270294189, 16.1843090057, 16.7299766541, 17.2756462097, 17.8329238892, 18.390203476, 18.9590930939, 19.5163707733, 20.0736503601, 20.6193199158, 21.1765975952, 21.733877182, 22.2911567688, 22.8484344482, 23.405714035, 23.9513835907, 24.5202713013, 25.0775508881, 25.6348285675, 26.1921081543, 26.73777771, 27.2950553894, 27.8523349762, 28.3980045319, 28.9552822113, 29.5125617981, 30.0582313538, 30.6271190643, 31.1843986511, 31.7416782379, 32.2989578247, 32.8562355042, 33.4135131836, 33.9707946777, 34.5280723572, 35.0853500366, 35.6310195923, 36.1882972717, 36.7455787659, 37.2912483215, 37.848526001, 38.4058036804, 38.9630813599, 39.520362854, 40.0776405334, 40.6349182129, 41.192199707, 41.7378692627, 42.2835350037, 42.8175964355, 43.374874115, 43.9321517944, 44.4894332886, 45.0583229065, 45.6272087097, 46.1844902039, 46.7417678833, 47.2990455627, 47.8563270569, 48.4136047363, 48.959274292, 49.5165519714, 50.0738296509, 50.6194992065, 51.1767807007, 51.7340583801, 52.2913360596, 52.8486175537, 53.4058952332, 53.9631729126, 54.5204544067, 55.0777320862, 55.6350097656, 56.1922874451, 56.7495689392, 57.2952384949, 57.8525161743, 58.4097938538, 58.9670753479, 59.5127410889, 60.070022583, 60.6273002625, 61.1845779419, 61.741859436, 62.2991371155, 62.8448066711, 63.4020843506, 63.95936203, 64.5050354004, 65.0623092651, 65.6195907593, 66.1768722534, 66.7341461182, 67.2914276123, 67.8487091064, 68.4059829712, 68.9632644653, 69.5205459595, 70.0778198242, 70.6351013184, 71.1923828125, 71.7496566772, 72.2837142944, 72.8409957886, 73.3982772827, 73.9555511475, 74.5128326416, 75.0701141357, 75.6157836914, 76.1730575562, 76.7419509888, 77.2992248535, 77.8565063477, 78.4137878418, 78.9710617065, 79.5283432007, 80.0740127563, 80.619682312, 81.1769561768, 81.7342376709, 82.291519165, 82.8487930298, 83.4060745239, 83.9517440796, 84.4974136353, 85.0546951294, 85.6119689941, 86.1692504883, 86.7265319824, 87.2838058472, 87.8410873413, 88.3983688354, 88.9556427002, 89.5129241943, 90.05859375, 90.6158676147, 91.1847610474, 91.7420425415, 92.2877044678, 92.8333740234, 93.3906555176, 93.9479370117, 94.5052108765, 95.0624923706, 95.6197738647, 96.1770477295, 96.7343292236, 97.2916107178, 97.8488845825, 98.4061660767, 98.9634475708, 99.5207214355, 100.066390991, 100.623672485, 101.169342041, 101.726615906, 102.2838974, 102.841178894, 103.398452759, 103.955734253, 104.513015747, 105.070289612, 105.627571106, 106.1848526, 106.718910217, 107.299407959, 107.856689453, 108.413963318, 108.959632874, 109.505302429, 110.062583923, 110.619865417, 111.177139282, 111.734420776, 112.291702271, 112.848976135, 113.406257629, 113.963539124, 114.520812988, 115.078094482, 115.6121521, 116.169433594, 116.726707458, 117.283988953, 117.841270447, 118.398544312, 118.955825806, 119.5131073, 120.070381165, 120.627662659, 121.173332214, 121.742218018, 122.299499512, 122.856781006, 123.414054871, 123.971336365, 124.528617859, 125.085891724, 125.631561279, 126.177230835, 126.734512329, 127.291786194, 127.849067688, 128.406341553, 128.963623047, 129.520904541, 130.078186035, 130.635467529, 131.192733765, 131.73840332, 132.284072876, 132.84135437, 133.398635864, 133.955917358, 134.513198853, 135.070480347, 135.627746582, 136.185028076, 136.74230957, 137.299591064, 137.856872559, 138.414154053, 138.959823608, 139.517089844, 140.062759399, 140.620040894, 141.177322388, 141.734603882, 142.291885376, 142.849151611, 143.406433105, 143.9637146, 144.520996094, 145.078277588, 145.635559082, 146.192825317, 146.750106812, 147.307388306, 147.853057861, 148.398727417, 148.956008911, 149.513290405, 150.070556641, 150.627838135, 151.185119629, 151.742401123, 152.299682617, 152.856964111, 153.414230347, 153.971511841, 154.528793335, 155.086074829, 155.643356323, 156.17741394, 156.734695435, 157.291976929, 157.849243164, 158.406524658, 158.963806152, 159.521087646, 160.078369141, 160.624038696, 161.181304932, 161.750198364, 162.307479858, 162.864761353, 163.410430908, 163.956100464, 164.50177002, 165.070648193, 165.627929688, 166.185211182, 166.742492676, 167.29977417, 167.857055664, 168.414321899, 168.971603394, 169.517272949, 170.062942505, 170.620223999, 171.177505493, 171.734786987, 172.292053223, 172.849334717, 173.395004272, 173.963897705, 174.521179199, 175.078460693, 175.635726929, 176.193008423, 176.750289917, 177.295959473, 177.841629028, 178.398910522, 178.956192017, 179.513473511, 180.070739746, 180.62802124, 181.185302734, 181.742584229, 182.299865723, 182.857131958, 183.414413452, 183.971694946, 184.52897644, 185.074645996, 185.620315552, 186.177597046, 186.73487854, 187.292144775, 187.84942627, 188.406707764, 188.963989258, 189.521270752, 190.078552246, 190.635818481, 191.193099976, 191.75038147, 192.296051025, 192.85333252, 193.410614014, 193.956283569, 194.513549805, 195.070831299, 195.628112793, 196.185394287, 196.742675781, 197.299957275, 197.857223511, 198.414505005, 198.971786499, 199.529067993, 200.074737549, 200.620407104, 201.177688599, 201.734954834, 202.292236328, 202.849517822, 203.406799316, 203.975692749, 204.544570923, 205.113464355, 205.682357788, 206.251235962, 206.820129395, 207.389022827, 207.95791626, 208.515182495, 209.072463989, 209.629745483, 210.187026978, 210.744308472, 211.289978027, 211.835647583, 212.392913818, 212.950195313, 213.507476807, 214.064758301, 214.622039795, 215.179321289]
