
metadata:
    version:
        essentia: "2.1-beta2"
    audio_properties:
        analysis_sample_rate: 44100
        bitrate: 128
        channels: 2
        equal_loudness: 1
        length: 185.80897522
        replay_gain: -13.9417819977
        downmix: "mix"
    tags:
        album: "World We View"
        artist: "Nine Lashes"
        comment: ""
        date: "2012"
        genre: "Religious"
        title: "Get Back"
        tracknumber: "1"

configuration:
    average_loudness:
        compute: 1
        frameSize: 88200
        hopSize: 44100
        silentFrames: "noise"
        windowType: "hann"
    general:
        analysisSampleRate: 44100
        endTime: 2000
        equalLoudness: 1
        nequalLoudness: 0
        shortSound: 0
        startTime: 0
    lowlevel:
        compute: 1
        frameSize: 2048
        hopSize: 1024
        zeroPadding: 0
        silentFrames: "noise"
        windowType: "blackmanharris62"
        mfccStats: ["mean", "cov", "icov"]
        stats: ["mean", "var", "median", "min", "max", "dmean", "dmean2", "dvar", "dvar2"]
    panning:
        compute: 0
        frameSize: 8192
        hopSize: 2048
        zeroPadding: 8192
        silentFrames: "noise"
        windowType: "hann"
        stats: ["copy"]
    rhythm:
        compute: 1
        maxTempo: 208
        minTempo: 40
        method: "degara"
        stats: ["mean", "var", "median", "min", "max", "dmean", "dmean2", "dvar", "dvar2"]
    segmentation:
        compute: 0
        cpw: 5
        inc1: 300
        inc2: 50
        minimumSegmentsLength: 10
        size1: 1000
        size2: 600
    sfx:
        compute: 1
        stats: ["mean", "var", "median", "min", "max", "dmean", "dmean2", "dvar", "dvar2"]
    svm:
        compute: 0
    tonal:
        compute: 1
        frameSize: 4096
        hopSize: 2048
        zeroPadding: 0
        silentFrames: "noise"
        windowType: "blackmanharris62"
        stats: ["mean", "var", "median", "min", "max", "dmean", "dmean2", "dvar", "dvar2"]

lowlevel:
    average_loudness: 0.958622634411
    barkbands_kurtosis:
        dmean: 0.818915486336
        dmean2: 1.25619006157
        dvar: 3.90155744553
        dvar2: 8.24874305725
        max: 75.2386779785
        mean: -0.111494965851
        median: -0.801675796509
        min: -1.86236739159
        var: 9.09728336334
    barkbands_skewness:
        dmean: 0.361251294613
        dmean2: 0.547493994236
        dvar: 0.146364435554
        dvar2: 0.318533182144
        max: 8.29450511932
        mean: 0.212175905704
        median: 0.152379572392
        min: -3.44349336624
        var: 0.810133218765
    barkbands_spread:
        dmean: 5.4503455162
        dmean2: 8.16318893433
        dvar: 30.8505821228
        dvar2: 68.957321167
        max: 90.5484695435
        mean: 29.7648334503
        median: 29.2462272644
        min: 0.988272190094
        var: 129.016647339
    dissonance:
        dmean: 0.0161849968135
        dmean2: 0.0275052431971
        dvar: 0.000316493911669
        dvar2: 0.000891272036824
        max: 0.500000119209
        mean: 0.47036164999
        median: 0.478437542915
        min: 0.193779721856
        var: 0.000827649782877
    hfc:
        dmean: 2.24182677269
        dmean2: 3.6523270607
        dvar: 10.3642683029
        dvar2: 25.9762592316
        max: 61.3764419556
        mean: 8.32733154297
        median: 8.1981678009
        min: 1.19970133524e-016
        var: 30.558965683
    pitch:
        dmean: 548.342651367
        dmean2: 1043.60632324
        dvar: 1115486.625
        dvar2: 2828975.25
        max: 5297.91992188
        mean: 807.444519043
        median: 296.192077637
        min: 48.9523849487
        var: 1380064.5
    pitch_instantaneous_confidence:
        dmean: 0.0828963145614
        dmean2: 0.130648240447
        dvar: 0.00568443164229
        dvar2: 0.0131321409717
        max: 0.977396786213
        mean: 0.398803144693
        median: 0.368655920029
        min: 0.111375510693
        var: 0.0258972384036
    pitch_salience:
        dmean: 0.0598923303187
        dmean2: 0.0959299877286
        dvar: 0.00289209955372
        dvar2: 0.00727208331227
        max: 0.851779222488
        mean: 0.626962304115
        median: 0.636911392212
        min: 0.0991735830903
        var: 0.00966000463814
    silence_rate_20dB:
        dmean: 0
        dmean2: 0
        dvar: 0
        dvar2: 0
        max: 1
        mean: 1
        median: 1
        min: 1
        var: 0
    silence_rate_30dB:
        dmean: 0
        dmean2: 0
        dvar: 0
        dvar2: 0
        max: 1
        mean: 1
        median: 1
        min: 1
        var: 0
    silence_rate_60dB:
        dmean: 0.0607272274792
        dmean2: 0.121469631791
        dvar: 0.0570429302752
        dvar2: 0.123214617372
        max: 1
        mean: 0.222638681531
        median: 0
        min: 0
        var: 0.173064008355
    spectral_centroid:
        dmean: 224.693817139
        dmean2: 345.674438477
        dvar: 77051.7890625
        dvar2: 145047.359375
        max: 11336.4033203
        mean: 1568.88085938
        median: 1557.34570313
        min: 221.722015381
        var: 361248.03125
    spectral_complexity:
        dmean: 3.80232405663
        dmean2: 6.28517866135
        dvar: 18.8087444305
        dvar2: 47.6417503357
        max: 47
        mean: 15.26649189
        median: 15
        min: 0
        var: 66.4826202393
    spectral_crest:
        dmean: 2.19576120377
        dmean2: 3.50057864189
        dvar: 4.65055751801
        dvar2: 11.0462274551
        max: 26.253528595
        mean: 7.82766962051
        median: 6.76732063293
        min: 2.36377263069
        var: 15.7476215363
    spectral_decrease:
        dmean: 2.94446300675e-010
        dmean2: 4.77539341404e-010
        dvar: 1.49028930437e-019
        dvar2: 3.95578008998e-019
        max: 1.35064058664e-028
        mean: -1.16982246112e-009
        median: -1.11205888942e-009
        min: -4.0298990811e-009
        var: 3.57989887988e-019
    spectral_energy:
        dmean: 0.00128468091134
        dmean2: 0.00208430434577
        dvar: 2.88989235742e-006
        dvar2: 7.64767992223e-006
        max: 0.0178824700415
        mean: 0.0051704919897
        median: 0.00494550075382
        min: 1.08185772937e-020
        var: 7.21448623153e-006
    spectral_energyband_high:
        dmean: 0.000141843280289
        dmean2: 0.000236473308178
        dvar: 5.62361179846e-008
        dvar2: 1.44879692243e-007
        max: 0.00463375402614
        mean: 0.000369480228983
        median: 0.000347199325915
        min: 8.02720300228e-021
        var: 1.02249153144e-007
    spectral_energyband_low:
        dmean: 0.000310334406095
        dmean2: 0.00053989700973
        dvar: 4.50215395631e-007
        dvar2: 1.25275846585e-006
        max: 0.00561681063846
        mean: 0.000467321689939
        median: 0.000348904693965
        min: 8.04756326243e-023
        var: 3.45553473835e-007
    spectral_energyband_middle_high:
        dmean: 0.000815530715045
        dmean2: 0.00129531510174
        dvar: 9.96209678306e-007
        dvar2: 2.44135685534e-006
        max: 0.0125821521506
        mean: 0.00273103057407
        median: 0.00232028355822
        min: 1.43180228343e-021
        var: 4.15322574554e-006
    spectral_energyband_middle_low:
        dmean: 0.000626845168881
        dmean2: 0.00100297294557
        dvar: 7.20626758266e-007
        dvar2: 1.86824718185e-006
        max: 0.0110420230776
        mean: 0.0017823392991
        median: 0.00147120770998
        min: 2.60708810409e-022
        var: 1.51141921378e-006
    spectral_flatness_db:
        dmean: 0.0142827127129
        dmean2: 0.0217689480633
        dvar: 0.000182822433999
        dvar2: 0.000387738866266
        max: 0.520167887211
        mean: 0.139412581921
        median: 0.131655290723
        min: 0.0481487698853
        var: 0.00146952236537
    spectral_flux:
        dmean: 0.0089814029634
        dmean2: 0.0134340636432
        dvar: 0.00010136153287
        dvar2: 0.000185897326446
        max: 0.102737084031
        mean: 0.0412380471826
        median: 0.039077475667
        min: 1.05270382689e-010
        var: 0.000321285973769
    spectral_kurtosis:
        dmean: 0.829184353352
        dmean2: 1.33454096317
        dvar: 0.927439212799
        dvar2: 2.3443543911
        max: 22.0299911499
        mean: 3.09540557861
        median: 2.74300003052
        min: -1.22845590115
        var: 3.17875313759
    spectral_rms:
        dmean: 0.000265883398242
        dmean2: 0.0004211779451
        dvar: 1.01581022705e-007
        dvar2: 2.56502403317e-007
        max: 0.00417687837034
        mean: 0.00215294794179
        median: 0.00219656061381
        min: 3.24880118467e-012
        var: 4.09209462759e-007
    spectral_rolloff:
        dmean: 414.930755615
        dmean2: 653.797180176
        dvar: 278444.8125
        dvar2: 528790.75
        max: 18497.0214844
        mean: 2942.14770508
        median: 3143.84765625
        min: 172.265625
        var: 1130756.625
    spectral_skewness:
        dmean: 0.146342098713
        dmean2: 0.228231996298
        dvar: 0.0244729444385
        dvar2: 0.053469799459
        max: 3.67069673538
        mean: 1.40152716637
        median: 1.33654642105
        min: -0.0403331555426
        var: 0.130578622222
    spectral_spread:
        dmean: 440366.90625
        dmean2: 617335.25
        dvar: 544584499200
        dvar2: 724225884160
        max: 42415068
        mean: 5278074.5
        median: 5026205
        min: 2320296.5
        var: 2.19488124928e+012
    spectral_strongpeak:
        dmean: 0.448013156652
        dmean2: 0.74130910635
        dvar: 0.407460272312
        dvar2: 1.00054752827
        max: 8.31088829041
        mean: 0.853454709053
        median: 0.466807276011
        min: 3.20903947859e-009
        var: 0.901488602161
    zerocrossingrate:
        dmean: 0.00803434103727
        dmean2: 0.00926556717604
        dvar: 9.15532727959e-005
        dvar2: 9.47695953073e-005
        max: 0.49951171875
        mean: 0.0901174172759
        median: 0.0908203125
        min: 0.01318359375
        var: 0.000852555502206
    barkbands:
        dmean: [2.4758585937e-007, 0.000116643044748, 0.000165890844073, 0.00017943290004, 0.000242039357545, 0.000164360681083, 0.000118788739201, 9.64119390119e-005, 0.000139919444337, 0.000211086779018, 8.73546523508e-005, 0.000102990939922, 0.000144951016409, 0.000120809818327, 0.000185146302101, 0.00014499030658, 0.000176868255949, 0.000139280848089, 0.000178991569555, 0.000115819355415, 8.19660490379e-005, 3.15018041874e-005, 5.97232201471e-006, 2.81737720798e-006, 1.91189792531e-006, 6.03022485279e-008, 3.17090159685e-010]
        dmean2: [3.80770416086e-007, 0.000197304296307, 0.000297224934911, 0.000309846538585, 0.000402048463002, 0.000262778106844, 0.0001953739702, 0.000150149673573, 0.000206860087928, 0.000307828770019, 0.000133708090289, 0.000161719930475, 0.000235694809817, 0.000193912128452, 0.000309659459163, 0.000236947715166, 0.000290641997708, 0.000229014942306, 0.000300553423585, 0.00019598279323, 0.000139737690915, 5.11424186698e-005, 9.56472104008e-006, 4.35266065324e-006, 2.89975696433e-006, 8.9957964633e-008, 5.45031797472e-010]
        dvar: [2.51558675149e-013, 7.07230611852e-008, 1.44426607562e-007, 9.71639977365e-008, 1.80461043442e-007, 8.01037742804e-008, 6.20575519861e-008, 3.75899702476e-008, 8.3938353157e-008, 2.23707203872e-007, 3.99163617715e-008, 5.68466020923e-008, 1.46585151128e-007, 1.01224372884e-007, 2.57419173977e-007, 1.1844721115e-007, 9.75426175387e-008, 5.21032745837e-008, 8.33988451632e-008, 3.08558014694e-008, 1.67033959997e-008, 2.11050776855e-009, 1.12602302482e-010, 4.09900099974e-011, 2.39785951511e-011, 3.15860585029e-014, 2.8628315165e-019]
        dvar2: [5.39398983378e-013, 1.88769831766e-007, 4.20434844273e-007, 2.73013426977e-007, 4.8681079079e-007, 1.84656485658e-007, 1.53837873995e-007, 8.08872258062e-008, 1.64078073794e-007, 4.39951861608e-007, 7.86526612728e-008, 1.30537330278e-007, 3.87645826549e-007, 2.39490503873e-007, 6.78428648371e-007, 2.96271167599e-007, 2.42588356514e-007, 1.22179486084e-007, 2.04767218293e-007, 8.05262843073e-008, 4.44195862315e-008, 5.10105468976e-009, 2.66129868143e-010, 7.49225542718e-011, 4.7131177433e-011, 5.68744744768e-014, 7.14345215387e-019]
        max: [4.64296499558e-006, 0.00205791881308, 0.00318609294482, 0.00338381296024, 0.00716410577297, 0.00502561079338, 0.00372933107428, 0.00465533416718, 0.00620138272643, 0.00959154777229, 0.00432432629168, 0.00440945941955, 0.00805288925767, 0.00702297082171, 0.00822958536446, 0.00678054569289, 0.0072156637907, 0.00604754965752, 0.00756328785792, 0.00413113413379, 0.00212090858258, 0.00165569141973, 0.000502649345435, 0.00015614493168, 0.000107260944787, 5.75773947276e-006, 1.2435624086e-008]
        mean: [2.73120235761e-007, 0.000145249810885, 0.00021253185696, 0.000247621239396, 0.000443403056124, 0.000291043746984, 0.000164647412021, 0.000175063003553, 0.000324088498019, 0.000433633918874, 0.000152175343828, 0.000164149285411, 0.000211489386857, 0.000179715032573, 0.000270431279205, 0.000256261409959, 0.000333736097673, 0.000276050210232, 0.000364997336874, 0.000244815280894, 0.000176488567377, 7.86233504186e-005, 1.35905293064e-005, 6.32762203168e-006, 3.96242785428e-006, 1.22486625287e-007, 3.50428353002e-010]
        median: [7.7659002784e-008, 7.5559495599e-005, 0.000126165250549, 0.000143345678225, 0.000273133220617, 0.00015472737141, 7.20873504179e-005, 6.14607270109e-005, 9.08497167984e-005, 9.05385022634e-005, 5.20319954376e-005, 6.20575883659e-005, 8.09738558019e-005, 7.71019040258e-005, 0.000111557499622, 0.000129194624606, 0.000191373255802, 0.00021897116676, 0.000301289488561, 0.000210440790397, 0.000157121699885, 6.70102526783e-005, 1.03952661448e-005, 3.8309572119e-006, 2.17223168875e-006, 6.19957347681e-008, 1.50096268747e-010]
        min: [2.94100164456e-024, 3.06729914323e-023, 2.71796692194e-023, 2.66509833182e-024, 4.05618898384e-023, 1.4387213635e-023, 2.40916195634e-023, 4.90365089472e-023, 5.89982949454e-023, 7.25395909436e-023, 9.31617024271e-023, 3.94659222273e-023, 3.19394287296e-023, 1.29241088965e-022, 1.10134271995e-022, 1.60445965129e-022, 1.58137455198e-022, 1.69300695287e-022, 3.11650620391e-022, 2.49742381649e-022, 4.01094951486e-022, 2.67974408673e-022, 4.16260038772e-022, 9.90430643723e-022, 1.30838919786e-021, 1.65421461057e-021, 2.67735362362e-021]
        var: [2.94320855665e-013, 5.75128424884e-008, 1.00157002692e-007, 9.79197949391e-008, 2.81271780977e-007, 1.71781820768e-007, 8.3264218631e-008, 1.37729728067e-007, 4.89809394821e-007, 9.50596472649e-007, 1.02208971953e-007, 1.15264988665e-007, 2.08500480881e-007, 1.69831523067e-007, 3.68110562476e-007, 2.5985301022e-007, 2.49114805229e-007, 9.59246619914e-008, 1.56139080332e-007, 5.55306982619e-008, 2.60128665275e-008, 5.92644600061e-009, 2.49837345256e-010, 1.243571357e-010, 6.07704442324e-011, 9.84442765479e-014, 4.0707253664e-019]
    frequency_bands:
        dmean: [2.4758585937e-007, 0.000116643044748, 0.000165890844073, 0.00017943290004, 0.000242039357545, 0.000164360681083, 0.000118788739201, 9.64119390119e-005, 0.000139919444337, 0.000211086779018, 8.73546523508e-005, 0.000102990939922, 0.000144951016409, 0.000120809818327, 0.000185146302101, 0.00014499030658, 0.000176868255949, 0.000139280848089, 0.000178991569555, 0.000115819355415, 8.19660490379e-005, 3.15018041874e-005, 5.97232201471e-006, 2.81737720798e-006, 1.91189792531e-006, 6.03022485279e-008, 3.17090159685e-010, 5.85054157898e-011]
        dmean2: [3.80770416086e-007, 0.000197304296307, 0.000297224934911, 0.000309846538585, 0.000402048463002, 0.000262778106844, 0.0001953739702, 0.000150149673573, 0.000206860087928, 0.000307828770019, 0.000133708090289, 0.000161719930475, 0.000235694809817, 0.000193912128452, 0.000309659459163, 0.000236947715166, 0.000290641997708, 0.000229014942306, 0.000300553423585, 0.00019598279323, 0.000139737690915, 5.11424186698e-005, 9.56472104008e-006, 4.35266065324e-006, 2.89975696433e-006, 8.9957964633e-008, 5.45031797472e-010, 1.08539850718e-010]
        dvar: [2.51558675149e-013, 7.07230611852e-008, 1.44426607562e-007, 9.71639977365e-008, 1.80461043442e-007, 8.01037742804e-008, 6.20575519861e-008, 3.75899702476e-008, 8.3938353157e-008, 2.23707203872e-007, 3.99163617715e-008, 5.68466020923e-008, 1.46585151128e-007, 1.01224372884e-007, 2.57419173977e-007, 1.1844721115e-007, 9.75426175387e-008, 5.21032745837e-008, 8.33988451632e-008, 3.08558014694e-008, 1.67033959997e-008, 2.11050776855e-009, 1.12602302482e-010, 4.09900099974e-011, 2.39785951511e-011, 3.15860585029e-014, 2.8628315165e-019, 6.9480336099e-021]
        dvar2: [5.39398983378e-013, 1.88769831766e-007, 4.20434844273e-007, 2.73013426977e-007, 4.8681079079e-007, 1.84656485658e-007, 1.53837873995e-007, 8.08872258062e-008, 1.64078073794e-007, 4.39951861608e-007, 7.86526612728e-008, 1.30537330278e-007, 3.87645826549e-007, 2.39490503873e-007, 6.78428648371e-007, 2.96271167599e-007, 2.42588356514e-007, 1.22179486084e-007, 2.04767218293e-007, 8.05262843073e-008, 4.44195862315e-008, 5.10105468976e-009, 2.66129868143e-010, 7.49225542718e-011, 4.7131177433e-011, 5.68744744768e-014, 7.14345215387e-019, 2.21855107101e-020]
        max: [4.64296499558e-006, 0.00205791881308, 0.00318609294482, 0.00338381296024, 0.00716410577297, 0.00502561079338, 0.00372933107428, 0.00465533416718, 0.00620138272643, 0.00959154777229, 0.00432432629168, 0.00440945941955, 0.00805288925767, 0.00702297082171, 0.00822958536446, 0.00678054569289, 0.0072156637907, 0.00604754965752, 0.00756328785792, 0.00413113413379, 0.00212090858258, 0.00165569141973, 0.000502649345435, 0.00015614493168, 0.000107260944787, 5.75773947276e-006, 1.2435624086e-008, 8.84519457678e-010]
        mean: [2.73120235761e-007, 0.000145249810885, 0.00021253185696, 0.000247621239396, 0.000443403056124, 0.000291043746984, 0.000164647412021, 0.000175063003553, 0.000324088498019, 0.000433633918874, 0.000152175343828, 0.000164149285411, 0.000211489386857, 0.000179715032573, 0.000270431279205, 0.000256261409959, 0.000333736097673, 0.000276050210232, 0.000364997336874, 0.000244815280894, 0.000176488567377, 7.86233504186e-005, 1.35905293064e-005, 6.32762203168e-006, 3.96242785428e-006, 1.22486625287e-007, 3.50428353002e-010, 4.56073304123e-011]
        median: [7.7659002784e-008, 7.5559495599e-005, 0.000126165250549, 0.000143345678225, 0.000273133220617, 0.00015472737141, 7.20873504179e-005, 6.14607270109e-005, 9.08497167984e-005, 9.05385022634e-005, 5.20319954376e-005, 6.20575883659e-005, 8.09738558019e-005, 7.71019040258e-005, 0.000111557499622, 0.000129194624606, 0.000191373255802, 0.00021897116676, 0.000301289488561, 0.000210440790397, 0.000157121699885, 6.70102526783e-005, 1.03952661448e-005, 3.8309572119e-006, 2.17223168875e-006, 6.19957347681e-008, 1.50096268747e-010, 1.74900181144e-011]
        min: [2.94100164456e-024, 3.06729914323e-023, 2.71796692194e-023, 2.66509833182e-024, 4.05618898384e-023, 1.4387213635e-023, 2.40916195634e-023, 4.90365089472e-023, 5.89982949454e-023, 7.25395909436e-023, 9.31617024271e-023, 3.94659222273e-023, 3.19394287296e-023, 1.29241088965e-022, 1.10134271995e-022, 1.60445965129e-022, 1.58137455198e-022, 1.69300695287e-022, 3.11650620391e-022, 2.49742381649e-022, 4.01094951486e-022, 2.67974408673e-022, 4.16260038772e-022, 9.90430643723e-022, 1.30838919786e-021, 1.65421461057e-021, 2.67735362362e-021, 6.10195547465e-022]
        var: [2.94320855665e-013, 5.75128424884e-008, 1.00157002692e-007, 9.79197949391e-008, 2.81271780977e-007, 1.71781820768e-007, 8.3264218631e-008, 1.37729728067e-007, 4.89809394821e-007, 9.50596472649e-007, 1.02208971953e-007, 1.15264988665e-007, 2.08500480881e-007, 1.69831523067e-007, 3.68110562476e-007, 2.5985301022e-007, 2.49114805229e-007, 9.59246619914e-008, 1.56139080332e-007, 5.55306982619e-008, 2.60128665275e-008, 5.92644600061e-009, 2.49837345256e-010, 1.243571357e-010, 6.07704442324e-011, 9.84442765479e-014, 4.0707253664e-019, 5.60511921402e-021]
    mfcc:
        mean: [-693.008666992, 98.5148773193, -43.0392723083, 40.5191726685, -13.2067508698, 2.2871761322, -2.45239019394, -3.43486022949, -0.729216694832, -7.85894393921, -2.22364521027, -7.47946310043, -6.20095920563]
        cov: [[4299.40625, 82.0410232544, -246.719421387, 604.490844727, 105.881317139, 172.670028687, 94.8013687134, 142.846374512, 161.57510376, 91.1063690186, 69.1343688965, -11.5621032715, 11.5741300583], [82.0410232544, 682.57244873, -45.3465118408, -41.3987197876, -10.4187908173, 39.4474525452, 0.3487842381, 7.15332794189, -9.74326133728, -28.5787467957, 12.2768383026, 6.1916847229, 4.47285509109], [-246.719421387, -45.3465118408, 376.176818848, 27.4598464966, 101.936836243, 18.5827255249, 28.2472267151, -15.6118974686, -25.3157939911, -8.45377063751, 14.0566596985, 31.5333900452, 14.5489149094], [604.490844727, -41.3987197876, 27.4598464966, 389.197601318, 169.875976563, 39.7951278687, -2.71790647507, 26.7202720642, 53.2259216309, 40.2104988098, 21.4899120331, 12.8975057602, 39.1136207581], [105.881317139, -10.4187908173, 101.936836243, 169.875976563, 278.585144043, 46.8471603394, -40.1273384094, -14.8212966919, 5.92520666122, 17.7238864899, 8.50198078156, 20.5316905975, 34.0883216858], [172.670028687, 39.4474525452, 18.5827255249, 39.7951278687, 46.8471603394, 143.29258728, 75.7135162354, 47.2000617981, 26.6543159485, 21.2432575226, 28.3891677856, 13.4541025162, 3.05010676384], [94.8013687134, 0.3487842381, 28.2472267151, -2.71790647507, -40.1273384094, 75.7135162354, 180.279418945, 82.7369766235, 36.1837615967, 21.5769634247, 21.8958110809, 16.0478916168, 1.94225263596], [142.846374512, 7.15332794189, -15.6118974686, 26.7202720642, -14.8212966919, 47.2000617981, 82.7369766235, 131.918762207, 78.3902740479, 30.1535129547, 23.4855899811, 6.4001955986, 0.576273500919], [161.57510376, -9.74326133728, -25.3157939911, 53.2259216309, 5.92520666122, 26.6543159485, 36.1837615967, 78.3902740479, 121.047943115, 65.8879013062, 25.1028327942, 3.92750597, -3.55710911751], [91.1063690186, -28.5787467957, -8.45377063751, 40.2104988098, 17.7238864899, 21.2432575226, 21.5769634247, 30.1535129547, 65.8879013062, 96.6699676514, 43.87084198, 14.1196908951, 1.73388803005], [69.1343688965, 12.2768383026, 14.0566596985, 21.4899120331, 8.50198078156, 28.3891677856, 21.8958110809, 23.4855899811, 25.1028327942, 43.87084198, 81.7392807007, 38.2618865967, 12.9507770538], [-11.5621032715, 6.1916847229, 31.5333900452, 12.8975057602, 20.5316905975, 13.4541025162, 16.0478916168, 6.4001955986, 3.92750597, 14.1196908951, 38.2618865967, 75.5371551514, 39.1680412292], [11.5741300583, 4.47285509109, 14.5489149094, 39.1136207581, 34.0883216858, 3.05010676384, 1.94225263596, 0.576273500919, -3.55710911751, 1.73388803005, 12.9507770538, 39.1680412292, 68.4817733765]]
        icov: [[0.000343119725585, -4.12404879171e-005, 0.00022565665131, -0.000606141751632, 0.000166698577232, -0.000260882632574, -5.01662070747e-005, -2.39721393882e-005, -8.69585564942e-005, 9.65676517808e-005, -0.000146797174239, 5.58093561267e-005, 0.000162107651704], [-4.12404879171e-005, 0.00157827045768, 0.000202241455554, 0.000293222896289, -6.35985925328e-005, -0.00056718767155, 0.0002143473248, 1.60481522471e-005, -0.000228190212511, 0.000896620331332, -0.000570258998778, 4.12539666286e-005, -0.000206156226341], [0.00022565665131, 0.000202241455554, 0.00350407604128, -9.82336205197e-005, -0.00159846048336, 0.000384005426895, -0.00143524806481, 0.000560920161661, 0.00032885177643, 0.000781508453656, -0.000711572705768, -0.00101578282192, 0.000787708791904], [-0.000606141751632, 0.000293222896289, -9.82336205197e-005, 0.00505637051538, -0.00269216368906, 0.00049516587751, -0.000188753634575, 0.000115607166663, -0.00139202794526, -2.58466225205e-005, -0.000479231763165, 0.00114098121412, -0.00209499662742], [0.000166698577232, -6.35985925328e-005, -0.00159846048336, -0.00269216368906, 0.00695675332099, -0.00316874007694, 0.00292672403157, 6.11161085544e-005, 0.000450872670626, -0.00132475222927, 0.00150070514064, -0.000581944070291, -0.00144605501555], [-0.000260882632574, -0.00056718767155, 0.000384005426895, 0.00049516587751, -0.00316874007694, 0.0115344049409, -0.00482103507966, -0.00100002880208, 0.000301778491121, 0.00021525163902, -0.00250536459498, 0.000227175230975, 0.00127955677453], [-5.01662070747e-005, 0.0002143473248, -0.00143524806481, -0.000188753634575, 0.00292672403157, -0.00482103507966, 0.0109406514093, -0.00592040084302, 0.00211719819345, -0.00195775716566, 0.00162096938584, -0.00152736564633, -0.000368819455616], [-2.39721393882e-005, 1.60481522471e-005, 0.000560920161661, 0.000115607166663, 6.11161085544e-005, -0.00100002880208, -0.00592040084302, 0.0180909540504, -0.0119288992137, 0.00521803181618, -0.00297678518109, 0.00136074644979, -0.00111945788376], [-8.69585564942e-005, -0.000228190212511, 0.00032885177643, -0.00139202794526, 0.000450872670626, 0.000301778491121, 0.00211719819345, -0.0119288992137, 0.0225475020707, -0.0130606712773, 0.00334791559726, -0.000960731995292, 0.00197547045536], [9.65676517808e-005, 0.000896620331332, 0.000781508453656, -2.58466225205e-005, -0.00132475222927, 0.00021525163902, -0.00195775716566, 0.00521803181618, -0.0130606712773, 0.0229496397078, -0.0102254189551, 0.00129136512987, 0.000371000147425], [-0.000146797174239, -0.000570258998778, -0.000711572705768, -0.000479231763165, 0.00150070514064, -0.00250536459498, 0.00162096938584, -0.00297678518109, 0.00334791559726, -0.0102254189551, 0.0229064710438, -0.0105292303488, 0.00195366493426], [5.58093561267e-005, 4.12539666286e-005, -0.00101578282192, 0.00114098121412, -0.000581944070291, 0.000227175230975, -0.00152736564633, 0.00136074644979, -0.000960731995292, 0.00129136512987, -0.0105292303488, 0.0256214924157, -0.0128821339458], [0.000162107651704, -0.000206156226341, 0.000787708791904, -0.00209499662742, -0.00144605501555, 0.00127955677453, -0.000368819455616, -0.00111945788376, 0.00197547045536, 0.000371000147425, 0.00195366493426, -0.0128821339458, 0.0233920756727]]
    sccoeffs:
        dmean: [0.0511446408927, 0.0471825562418, 0.0399700403214, 0.0321490317583, 0.020809950307, 0.0173207521439]
        dmean2: [0.0832034945488, 0.0776358395815, 0.0641610398889, 0.0522631257772, 0.0340847037733, 0.0278430487961]
        dvar: [0.00184577028267, 0.00142729352228, 0.00106826459523, 0.000682271725964, 0.000292522541713, 0.000229417928495]
        dvar2: [0.00479251053184, 0.00377587578259, 0.00260436534882, 0.00175015837885, 0.000739217852242, 0.000547363131773]
        max: [-0.306011736393, -0.377476274967, -0.358344346285, -0.504788994789, -0.536233663559, -0.541908740997]
        mean: [-0.651762187481, -0.743633449078, -0.749689936638, -0.780989289284, -0.799863159657, -0.753551840782]
        median: [-0.659802436829, -0.750823259354, -0.762681901455, -0.790135264397, -0.804298579693, -0.748721659184]
        min: [-0.960680603981, -0.967050611973, -0.969749391079, -0.961567342281, -0.962088465691, -0.962429761887]
        var: [0.0067126727663, 0.00530982995406, 0.00640487298369, 0.00296805799007, 0.00135398330167, 0.00183527357876]
    scvalleys:
        dmean: [0.394106268883, 0.355939149857, 0.293917059898, 0.25747692585, 0.245128720999, 0.226652443409]
        dmean2: [0.633025228977, 0.589455425739, 0.483655929565, 0.413204759359, 0.373879402876, 0.326830357313]
        dvar: [0.177726358175, 0.137833371758, 0.0954173505306, 0.0937358364463, 0.119413197041, 0.104713223875]
        dvar2: [0.346604645252, 0.296416610479, 0.181047320366, 0.164917722344, 0.207422211766, 0.174025610089]
        max: [-5.07592344284, -4.69656038284, -5.36867809296, -5.71187782288, -5.55799150467, -7.50928115845]
        mean: [-6.95902204514, -6.63671445847, -6.93545484543, -6.99351119995, -7.06738567352, -9.33855628967]
        median: [-6.60943031311, -6.49163246155, -6.80071210861, -6.78561306, -6.72545623779, -9.13875579834]
        min: [-27.3289985657, -27.5839595795, -27.1204051971, -27.3526287079, -27.1820392609, -27.3820667267]
        var: [2.19989490509, 1.33107602596, 1.16486513615, 1.23630905151, 1.34132766724, 1.15441727638]

rhythm:
    beats_loudness:
        dmean: 0.00191075901967
        dmean2: 0.00350201688707
        dvar: 1.91769390767e-006
        dvar2: 5.78218487135e-006
        max: 0.0118453428149
        mean: 0.00539927789941
        median: 0.0054026436992
        min: 6.66997967275e-012
        var: 3.97182520828e-006
    bpm: 125.9974823
    bpm_confidence: 0
    first_peak_bpm: 126
    first_peak_spread: 0.189473688602
    first_peak_weight: 0.7938144207
    onset_rate: 2.89006543159
    second_peak_bpm: 133
    second_peak_spread: 0
    second_peak_weight: 0.0103092780337
    beats_loudness_band_ratio:
        dmean: [0.116189360619, 0.084270849824, 0.10075506568, 0.126004576683, 0.119852647185, 0.0641495808959]
        dmean2: [0.202779948711, 0.15261824429, 0.184611186385, 0.22002607584, 0.219655930996, 0.113599218428]
        dvar: [0.00743299163878, 0.00614603888243, 0.0133471097797, 0.0160139854997, 0.0139177646488, 0.00309226103127]
        dvar2: [0.0202077440917, 0.0178175009787, 0.0415346473455, 0.0443197451532, 0.0404541827738, 0.0089284395799]
        max: [0.893070220947, 0.508257091045, 0.849634587765, 0.937357842922, 0.794102787971, 0.42062318325]
        mean: [0.297080993652, 0.115866847336, 0.122258462012, 0.149923890829, 0.205041781068, 0.146626845002]
        median: [0.294025242329, 0.0892930924892, 0.0854472145438, 0.0993317291141, 0.163573622704, 0.133858755231]
        min: [0, 0, 0, 0, 0, 0]
        var: [0.021603051573, 0.00738046364859, 0.0116313621402, 0.0196228530258, 0.0174507386982, 0.00465370342135]
    beats_position: [0.441179126501, 0.893968224525, 1.34675729275, 1.79954648018, 2.2523355484, 2.71673464775, 3.19274377823, 3.66875267029, 4.14476203918, 4.62077093124, 5.0967798233, 5.5727891922, 6.04879808426, 6.52480697632, 7.00081634521, 7.47682523727, 7.95283412933, 8.42884349823, 8.893242836, 9.38086128235, 9.85687065125, 10.3328800201, 10.8088884354, 11.2848978043, 11.7609071732, 12.2369155884, 12.7129249573, 13.1889343262, 13.6649427414, 14.1409521103, 14.6285715103, 15.1045799255, 15.5805892944, 16.0565986633, 16.5326080322, 16.99700737, 17.4730148315, 17.9490242004, 18.4366436005, 18.9126529694, 19.3886623383, 19.8646717072, 20.3406791687, 20.8166885376, 21.2926979065, 21.7687072754, 22.2447166443, 22.7207260132, 23.1967334747, 23.6727428436, 24.1487522125, 24.6131515503, 25.1007709503, 25.5767803192, 26.0527877808, 26.5287971497, 27.0048065186, 27.4808158875, 27.9568252563, 28.4328346252, 28.9088420868, 29.3848514557, 29.8608608246, 30.3368701935, 30.8128795624, 31.2888889313, 31.7648983002, 32.2409057617, 32.7169151306, 33.1929244995, 33.6689338684, 34.1449432373, 34.6209526062, 35.0969619751, 35.572971344, 36.0489807129, 36.5249862671, 37.000995636, 37.4770050049, 37.9530143738, 38.4290237427, 38.8934249878, 39.3810424805, 39.8570518494, 40.3330612183, 40.8090705872, 41.2850799561, 41.761089325, 42.2370948792, 42.713104248, 43.1891136169, 43.6651229858, 44.1411323547, 44.6287536621, 45.0931510925, 45.5575485229, 46.0335578918, 46.5095672607, 46.9855766296, 47.4615859985, 47.9492073059, 48.4368247986, 48.9128341675, 49.3888435364, 49.8532409668, 50.3292503357, 50.8052597046, 51.2928771973, 51.7572784424, 52.2332878113, 52.6976852417, 53.1736946106, 53.661315918, 54.1373214722, 54.6133308411, 55.08934021, 55.5653495789, 56.0413589478, 56.5173683167, 57.0049858093, 57.4809951782, 57.9570045471, 58.4214057922, 58.8974151611, 59.37342453, 59.8494338989, 60.3254394531, 60.801448822, 61.2774581909, 61.7534675598, 62.2294769287, 62.7170982361, 63.2047157288, 63.6807250977, 64.1567306519, 64.6327438354, 65.1087493896, 65.5731506348, 66.049156189, 66.5251693726, 67.0011749268, 67.4771881104, 67.9415893555, 68.4292068481, 68.9168243408, 69.392829895, 69.8688430786, 70.3448486328, 70.8208618164, 71.2968673706, 71.7612686157, 72.2488861084, 72.7365036011, 73.2009048462, 73.6769180298, 74.152923584, 74.6289291382, 75.1049423218, 75.580947876, 76.0569610596, 76.5329666138, 77.0089797974, 77.4849853516, 77.9609985352, 78.4370040894, 78.9130172729, 79.3890228271, 79.8650360107, 80.3410415649, 80.8170471191, 81.2930603027, 81.7690658569, 82.2450790405, 82.7210845947, 83.1970977783, 83.6731033325, 84.1491165161, 84.6251220703, 85.1011352539, 85.5771408081, 86.0531539917, 86.5291595459, 87.0051651001, 87.4811782837, 87.9571838379, 88.4331970215, 88.9092025757, 89.3852157593, 89.8612213135, 90.3372344971, 90.8016281128, 91.2892532349, 91.7652587891, 92.2296600342, 92.7172775269, 93.1932830811, 93.6692962646, 94.1453018188, 94.6213150024, 95.0973205566, 95.5733337402, 96.0493392944, 96.525352478, 97.0013580322, 97.4773712158, 97.95337677, 98.4293823242, 98.9053955078, 99.381401062, 99.8574142456, 100.3334198, 100.809432983, 101.285438538, 101.761451721, 102.237457275, 102.713470459, 103.189476013, 103.665489197, 104.141494751, 104.617500305, 105.093513489, 105.557914734, 106.02230835, 106.509933472, 106.985939026, 107.46194458, 107.949569702, 108.437187195, 108.90158844, 109.377593994, 109.865211487, 110.34122467, 110.817230225, 111.293243408, 111.769248962, 112.245262146, 112.709655762, 113.185668945, 113.6616745, 114.126075745, 114.613693237, 115.10131073, 115.577323914, 116.053329468, 116.529342651, 117.005348206, 117.481361389, 117.957366943, 118.433380127, 118.909385681, 119.385391235, 119.861404419, 120.337409973, 120.813423157, 121.277824402, 121.765441895, 122.241447449, 122.717460632, 123.205078125, 123.681083679, 124.157096863, 124.633102417, 125.109115601, 125.585121155, 126.061134338, 126.537139893, 127.013153076, 127.48915863, 127.965164185, 128.441177368, 128.917190552, 129.393188477, 129.86920166, 130.345214844, 130.821228027, 131.297225952, 131.773239136, 132.249252319, 132.725265503, 133.201263428, 133.677276611, 134.153289795, 134.62928772, 135.105300903, 135.581314087, 136.057327271, 136.533325195, 137.009338379, 137.485351563, 137.961364746, 138.437362671, 138.913375854, 139.389389038, 139.853790283, 140.329788208, 140.805801392, 141.281814575, 141.757827759, 142.233825684, 142.709838867, 143.197463989, 143.661849976, 144.149475098, 144.625488281, 145.101501465, 145.57749939, 146.053512573, 146.529525757, 147.005523682, 147.481536865, 147.957550049, 148.433563232, 148.909561157, 149.385574341, 149.861587524, 150.337600708, 150.813598633, 151.289611816, 151.765625, 152.241622925, 152.717636108, 153.193649292, 153.669662476, 154.1456604, 154.621673584, 155.097686768, 155.573699951, 156.049697876, 156.52571106, 157.001724243, 157.477722168, 157.96534729, 158.441360474, 158.917373657, 159.381759644, 159.846160889, 160.310562134, 160.786575317, 161.262588501, 161.750198364, 162.226211548, 162.702224731, 163.189834595, 163.665847778, 164.141860962, 164.617858887, 165.09387207, 165.569885254, 166.045898438, 166.510284424, 166.974685669, 167.462310791, 167.938323975, 168.414321899, 168.890335083, 169.366348267, 169.85395813, 170.318359375, 170.805984497, 171.281997681, 171.757995605, 172.234008789, 172.710021973, 173.186035156, 173.662033081, 174.138046265, 174.614059448, 175.101669312, 175.577682495, 176.053695679, 176.529708862, 177.005706787, 177.493331909, 177.957733154, 178.433731079, 178.909744263, 179.385757446, 179.86177063, 180.337768555, 180.813781738, 181.289794922, 181.765808105, 182.253417969, 182.741043091, 183.228652954, 183.727890015, 184.227111816, 184.726348877, 185.237182617]
