
metadata:
    version:
        essentia: "2.1-beta2"
    audio_properties:
        analysis_sample_rate: 44100
        bitrate: 128
        channels: 2
        equal_loudness: 1
        length: 266.318359375
        replay_gain: -14.1417388916
        downmix: "mix"
    tags:
        album: "World We View"
        artist: "Nine Lashes"
        comment: ""
        date: "2012"
        genre: "Religious"
        title: "Afterglow"
        tracknumber: "1"

configuration:
    average_loudness:
        compute: 1
        frameSize: 88200
        hopSize: 44100
        silentFrames: "noise"
        windowType: "hann"
    general:
        analysisSampleRate: 44100
        endTime: 2000
        equalLoudness: 1
        nequalLoudness: 0
        shortSound: 0
        startTime: 0
    lowlevel:
        compute: 1
        frameSize: 2048
        hopSize: 1024
        zeroPadding: 0
        silentFrames: "noise"
        windowType: "blackmanharris62"
        mfccStats: ["mean", "cov", "icov"]
        stats: ["mean", "var", "median", "min", "max", "dmean", "dmean2", "dvar", "dvar2"]
    panning:
        compute: 0
        frameSize: 8192
        hopSize: 2048
        zeroPadding: 8192
        silentFrames: "noise"
        windowType: "hann"
        stats: ["copy"]
    rhythm:
        compute: 1
        maxTempo: 208
        minTempo: 40
        method: "degara"
        stats: ["mean", "var", "median", "min", "max", "dmean", "dmean2", "dvar", "dvar2"]
    segmentation:
        compute: 0
        cpw: 5
        inc1: 300
        inc2: 50
        minimumSegmentsLength: 10
        size1: 1000
        size2: 600
    sfx:
        compute: 1
        stats: ["mean", "var", "median", "min", "max", "dmean", "dmean2", "dvar", "dvar2"]
    svm:
        compute: 0
    tonal:
        compute: 1
        frameSize: 4096
        hopSize: 2048
        zeroPadding: 0
        silentFrames: "noise"
        windowType: "blackmanharris62"
        stats: ["mean", "var", "median", "min", "max", "dmean", "dmean2", "dvar", "dvar2"]

lowlevel:
    average_loudness: 0.89756411314
    barkbands_kurtosis:
        dmean: 1.69505023956
        dmean2: 2.58655142784
        dvar: 13.866309166
        dvar2: 30.3166446686
        max: 77.5116958618
        mean: 2.12289357185
        median: -0.65471637249
        min: -1.9256465435
        var: 50.8428153992
    barkbands_skewness:
        dmean: 0.415921598673
        dmean2: 0.634353995323
        dvar: 0.21674734354
        dvar2: 0.484452694654
        max: 7.00869512558
        mean: 0.871105134487
        median: 0.503509402275
        min: -2.53559589386
        var: 1.7911055088
    barkbands_spread:
        dmean: 4.85471391678
        dmean2: 7.2725315094
        dvar: 31.3768310547
        dvar2: 65.917350769
        max: 88.2065353394
        mean: 27.1102294922
        median: 27.3812484741
        min: 0.797266066074
        var: 170.246124268
    dissonance:
        dmean: 0.01647586748
        dmean2: 0.027122868225
        dvar: 0.000282491586404
        dvar2: 0.000730814761482
        max: 0.500000059605
        mean: 0.464087814093
        median: 0.472172766924
        min: 0.216499716043
        var: 0.000888682028744
    hfc:
        dmean: 1.57175374031
        dmean2: 2.51349282265
        dvar: 6.26485538483
        dvar2: 15.9464817047
        max: 41.9603309631
        mean: 6.99043178558
        median: 6.41765499115
        min: 1.18695957743e-016
        var: 34.3739089966
    pitch:
        dmean: 413.040588379
        dmean2: 792.465759277
        dvar: 947149
        dvar2: 2404612
        max: 5692.95214844
        mean: 581.520874023
        median: 258.87487793
        min: 62.0555839539
        var: 997436.6875
    pitch_instantaneous_confidence:
        dmean: 0.0739730447531
        dmean2: 0.117247052491
        dvar: 0.00418855855241
        dvar2: 0.00989326182753
        max: 0.951778113842
        mean: 0.427080512047
        median: 0.409723877907
        min: 0.116000235081
        var: 0.0254458785057
    pitch_salience:
        dmean: 0.0574050061405
        dmean2: 0.0933402776718
        dvar: 0.00278893811628
        dvar2: 0.00732340104878
        max: 0.960689008236
        mean: 0.590200424194
        median: 0.603455781937
        min: 0.146446406841
        var: 0.0100222164765
    silence_rate_20dB:
        dmean: 0
        dmean2: 0
        dvar: 0
        dvar2: 0
        max: 1
        mean: 1
        median: 1
        min: 1
        var: 0
    silence_rate_30dB:
        dmean: 0
        dmean2: 0
        dvar: 0
        dvar2: 0
        max: 1
        mean: 1
        median: 1
        min: 1
        var: 0
    silence_rate_60dB:
        dmean: 0.0428945086896
        dmean2: 0.0857964977622
        dvar: 0.0410505980253
        dvar2: 0.0925681143999
        max: 1
        mean: 0.350100249052
        median: 0
        min: 0
        var: 0.227520570159
    spectral_centroid:
        dmean: 199.290740967
        dmean2: 303.530151367
        dvar: 68016.2109375
        dvar2: 129702.015625
        max: 11331.3662109
        mean: 1259.39489746
        median: 1272.31286621
        min: 151.444778442
        var: 462864.0625
    spectral_complexity:
        dmean: 2.72868347168
        dmean2: 4.48600578308
        dvar: 10.5252323151
        dvar2: 25.8258323669
        max: 51
        mean: 14.0550079346
        median: 14
        min: 0
        var: 92.620880127
    spectral_crest:
        dmean: 2.06056809425
        dmean2: 3.31857895851
        dvar: 3.82333135605
        dvar2: 9.5293712616
        max: 25.4853553772
        mean: 8.54235076904
        median: 7.72291231155
        min: 2.2256269455
        var: 16.9018573761
    spectral_decrease:
        dmean: 2.39149505754e-010
        dmean2: 3.92051918707e-010
        dvar: 1.26225447955e-019
        dvar2: 3.36558956636e-019
        max: 6.86459751746e-029
        mean: -1.08524622622e-009
        median: -1.06284725465e-009
        min: -5.34100275118e-009
        var: 4.60460737928e-019
    spectral_energy:
        dmean: 0.00101232226007
        dmean2: 0.00165901810396
        dvar: 2.29011629926e-006
        dvar2: 6.11122095506e-006
        max: 0.0228827707469
        mean: 0.00473002810031
        median: 0.0046651349403
        min: 1.05069935435e-020
        var: 9.14350675885e-006
    spectral_energyband_high:
        dmean: 0.000123020843603
        dmean2: 0.000196496621356
        dvar: 5.63737607706e-008
        dvar2: 1.36848186116e-007
        max: 0.00375808682293
        mean: 0.000347004330251
        median: 0.000179406517418
        min: 7.75641525057e-021
        var: 1.87198779145e-007
    spectral_energyband_low:
        dmean: 0.000298705039313
        dmean2: 0.000503864313941
        dvar: 4.36023100292e-007
        dvar2: 1.20562731354e-006
        max: 0.00861601252109
        mean: 0.000528803211637
        median: 0.00041061808588
        min: 4.39383217978e-023
        var: 3.94625459421e-007
    spectral_energyband_middle_high:
        dmean: 0.000514028943144
        dmean2: 0.000822991423775
        dvar: 5.33676200121e-007
        dvar2: 1.35799120926e-006
        max: 0.0107325594872
        mean: 0.00203927885741
        median: 0.00178163591772
        min: 1.43802239487e-021
        var: 3.40098222296e-006
    spectral_energyband_middle_low:
        dmean: 0.00061541137984
        dmean2: 0.000986488186754
        dvar: 8.92203217973e-007
        dvar2: 2.28959243032e-006
        max: 0.0142529690638
        mean: 0.00202848738991
        median: 0.00173739041202
        min: 3.15802830786e-022
        var: 2.27419923249e-006
    spectral_flatness_db:
        dmean: 0.0165389440954
        dmean2: 0.0248321071267
        dvar: 0.00029615816311
        dvar2: 0.000597820850089
        max: 0.467816501856
        mean: 0.169893607497
        median: 0.150361046195
        min: 0.0417100265622
        var: 0.00459443358704
    spectral_flux:
        dmean: 0.00693027907982
        dmean2: 0.0107283843681
        dvar: 6.88433210598e-005
        dvar2: 0.000139718584251
        max: 0.119381584227
        mean: 0.0346356518567
        median: 0.0345061607659
        min: 1.02503623645e-010
        var: 0.000349367794115
    spectral_kurtosis:
        dmean: 2.3135406971
        dmean2: 3.70658230782
        dvar: 38.2117576599
        dvar2: 92.5888519287
        max: 130.50163269
        mean: 5.2783703804
        median: 3.06748533249
        min: -1.29566574097
        var: 78.4504928589
    spectral_rms:
        dmean: 0.000217380540562
        dmean2: 0.000349857727997
        dvar: 7.03411018321e-008
        dvar2: 1.78566878617e-007
        max: 0.00472489744425
        mean: 0.00200882041827
        median: 0.00213338970207
        min: 3.20167546988e-012
        var: 5.79303616632e-007
    spectral_rolloff:
        dmean: 411.712341309
        dmean2: 670.851013184
        dvar: 356414.65625
        dvar2: 751512.8125
        max: 18712.3535156
        mean: 2428.67993164
        median: 2627.05078125
        min: 107.666015625
        var: 1896463.125
    spectral_skewness:
        dmean: 0.255797415972
        dmean2: 0.390638828278
        dvar: 0.190035656095
        dvar2: 0.421678960323
        max: 9.55493736267
        mean: 1.60011219978
        median: 1.41794121265
        min: -0.121397569776
        var: 0.578925430775
    spectral_spread:
        dmean: 474474.5625
        dmean2: 638701.6875
        dvar: 448565510144
        dvar2: 632995577856
        max: 39802976
        mean: 4850384
        median: 4870779.5
        min: 571807.75
        var: 3.20569868288e+012
    spectral_strongpeak:
        dmean: 0.312368661165
        dmean2: 0.528711438179
        dvar: 0.272891223431
        dvar2: 0.724749624729
        max: 6.94939088821
        mean: 0.65467107296
        median: 0.319658100605
        min: 5.42835687511e-009
        var: 0.655620634556
    zerocrossingrate:
        dmean: 0.00808988790959
        dmean2: 0.0091842347756
        dvar: 9.19609738048e-005
        dvar2: 9.75687653408e-005
        max: 0.50244140625
        mean: 0.0760151445866
        median: 0.07763671875
        min: 0.00732421875
        var: 0.0012591102859
    barkbands:
        dmean: [1.95711294282e-007, 8.81969754118e-005, 0.000172577754711, 0.0001906388934, 0.000251026125625, 0.000180018789251, 9.71041954472e-005, 0.000124911151943, 0.000114625414426, 0.000115275630378, 8.53963356349e-005, 6.36691765976e-005, 7.86502641859e-005, 8.03081929917e-005, 0.000144489298691, 0.000105416620499, 0.00013774567924, 8.63916138769e-005, 0.000119861593703, 8.45225731609e-005, 7.21325195627e-005, 3.16621735692e-005, 6.45282034384e-006, 4.75857223137e-006, 2.89516606244e-006, 8.31705335713e-008, 2.97896179946e-010]
        dmean2: [3.09568633838e-007, 0.000143660785398, 0.000303604960209, 0.000322171079461, 0.000409722153563, 0.000287955801468, 0.000150868363562, 0.00018730731972, 0.000171700594365, 0.000171433828655, 0.000130345884827, 0.000101615842141, 0.000124777652672, 0.000128361542011, 0.000243022746872, 0.000171730527654, 0.00022845332569, 0.000146191654494, 0.000201529954211, 0.00014130276395, 0.000119685355457, 5.06858777953e-005, 9.83830705081e-006, 6.9264715421e-006, 4.19626348958e-006, 1.19876958138e-007, 5.04640385035e-010]
        dvar: [3.72658419965e-013, 5.97468243768e-008, 1.63417155363e-007, 1.59800237043e-007, 2.02005892902e-007, 1.38275382255e-007, 5.80870853639e-008, 7.44213366488e-008, 8.71373728728e-008, 8.5239470593e-008, 4.78505377544e-008, 3.96516632861e-008, 4.57915874108e-008, 3.90105476811e-008, 1.61302750712e-007, 4.56366677781e-008, 4.10982110566e-008, 2.31577477194e-008, 3.63941943249e-008, 2.280051703e-008, 1.7302109967e-008, 4.83309658961e-009, 2.13508877245e-010, 1.86696422211e-010, 9.9118262209e-011, 7.03430166221e-014, 3.74511967694e-019]
        dvar2: [8.35621936229e-013, 1.55818966618e-007, 4.77297305679e-007, 4.21757249569e-007, 5.16596458056e-007, 3.36920550126e-007, 1.37376389375e-007, 1.48194985172e-007, 1.73332693976e-007, 1.76203386104e-007, 9.57205088525e-008, 9.32106019036e-008, 1.08339200722e-007, 8.93573002259e-008, 4.64008962808e-007, 1.1061790417e-007, 1.09285444694e-007, 6.05799002074e-008, 9.69977449472e-008, 6.02294534247e-008, 4.48879724502e-008, 1.19750271921e-008, 4.36341435206e-010, 3.62616825456e-010, 1.99436869797e-010, 1.38264006906e-013, 9.50717969086e-019]
        max: [6.34097159491e-006, 0.00285739521496, 0.00565645704046, 0.00800262205303, 0.0071376496926, 0.00853601098061, 0.00508356280625, 0.00744431791827, 0.0088668493554, 0.00683547044173, 0.00732849631459, 0.00761781679466, 0.004498437047, 0.00406287470832, 0.0082668736577, 0.00573730375618, 0.00345887010917, 0.00486474530771, 0.00394384609535, 0.00264608557336, 0.00236165104434, 0.00174888106994, 0.000284707813989, 0.000272180011962, 0.000183480107808, 6.61018384562e-006, 1.63658988583e-008]
        mean: [2.05707877399e-007, 0.000142419274198, 0.000254381127888, 0.000294070894597, 0.000510436133482, 0.000354638468707, 0.000166834259289, 0.00027991225943, 0.000260157248704, 0.000262095156359, 0.000158873939654, 0.00011219085718, 0.000126947328681, 0.000133097026264, 0.000222520393436, 0.000214288476855, 0.000304597109789, 0.000190730366739, 0.000279882136965, 0.000190219507203, 0.00016875199799, 7.29684470571e-005, 1.43010693137e-005, 1.00540655694e-005, 5.29616181666e-006, 1.51736628595e-007, 3.53102269646e-010]
        median: [3.64884478188e-008, 7.68256359152e-005, 0.000152376611368, 0.000150914594997, 0.000292960583465, 0.000179237424163, 7.7415323176e-005, 8.08933837106e-005, 6.80421435391e-005, 5.960969429e-005, 5.12895276188e-005, 3.88355147152e-005, 4.87806137244e-005, 6.03457483521e-005, 9.19341182453e-005, 0.000121143340948, 0.000214882675209, 0.000139294861583, 0.000193798681721, 0.000106004619738, 7.33896376914e-005, 3.39668185916e-005, 6.12521080257e-006, 3.05873618345e-006, 1.15067120987e-006, 2.69994853141e-008, 1.03970179688e-010]
        min: [3.72978800243e-023, 7.28035706238e-024, 1.10450521599e-023, 2.59684143202e-023, 6.20415625456e-023, 6.22986744027e-023, 4.68585554957e-023, 2.95306735099e-023, 7.98404228908e-023, 5.96713636915e-023, 3.88805243268e-023, 6.3977484005e-023, 1.31157402497e-022, 4.27034862684e-023, 9.87562597907e-023, 1.42889152553e-022, 1.20743441428e-022, 3.28340847174e-022, 2.4399641979e-022, 2.8861055557e-022, 5.29414070312e-022, 3.46785147201e-022, 6.135688934e-022, 9.07411881312e-022, 1.08517483268e-021, 2.03874595692e-021, 2.3105117447e-021]
        var: [3.76040534432e-013, 5.90149298318e-008, 1.30359978812e-007, 1.91724680576e-007, 4.53717319715e-007, 2.67157048484e-007, 9.52975227619e-008, 3.31288987354e-007, 4.28123257734e-007, 4.80737867292e-007, 1.47467162037e-007, 8.58003446069e-008, 9.1080515574e-008, 7.98540682467e-008, 2.45509937713e-007, 1.15701539016e-007, 1.24677058011e-007, 4.91401479508e-008, 9.44216367316e-008, 5.62988944353e-008, 4.8577447842e-008, 1.14344018698e-008, 5.64121138691e-010, 4.64069560557e-010, 2.0638021847e-010, 1.67350101875e-013, 5.63254627746e-019]
    frequency_bands:
        dmean: [1.95711294282e-007, 8.81969754118e-005, 0.000172577754711, 0.0001906388934, 0.000251026125625, 0.000180018789251, 9.71041954472e-005, 0.000124911151943, 0.000114625414426, 0.000115275630378, 8.53963356349e-005, 6.36691765976e-005, 7.86502641859e-005, 8.03081929917e-005, 0.000144489298691, 0.000105416620499, 0.00013774567924, 8.63916138769e-005, 0.000119861593703, 8.45225731609e-005, 7.21325195627e-005, 3.16621735692e-005, 6.45282034384e-006, 4.75857223137e-006, 2.89516606244e-006, 8.31705335713e-008, 2.97896179946e-010, 5.27947512097e-011]
        dmean2: [3.09568633838e-007, 0.000143660785398, 0.000303604960209, 0.000322171079461, 0.000409722153563, 0.000287955801468, 0.000150868363562, 0.00018730731972, 0.000171700594365, 0.000171433828655, 0.000130345884827, 0.000101615842141, 0.000124777652672, 0.000128361542011, 0.000243022746872, 0.000171730527654, 0.00022845332569, 0.000146191654494, 0.000201529954211, 0.00014130276395, 0.000119685355457, 5.06858777953e-005, 9.83830705081e-006, 6.9264715421e-006, 4.19626348958e-006, 1.19876958138e-007, 5.04640385035e-010, 9.74595473768e-011]
        dvar: [3.72658419965e-013, 5.97468243768e-008, 1.63417155363e-007, 1.59800237043e-007, 2.02005892902e-007, 1.38275382255e-007, 5.80870853639e-008, 7.44213366488e-008, 8.71373728728e-008, 8.5239470593e-008, 4.78505377544e-008, 3.96516632861e-008, 4.57915874108e-008, 3.90105476811e-008, 1.61302750712e-007, 4.56366677781e-008, 4.10982110566e-008, 2.31577477194e-008, 3.63941943249e-008, 2.280051703e-008, 1.7302109967e-008, 4.83309658961e-009, 2.13508877245e-010, 1.86696422211e-010, 9.9118262209e-011, 7.03430166221e-014, 3.74511967694e-019, 7.31383323317e-021]
        dvar2: [8.35621936229e-013, 1.55818966618e-007, 4.77297305679e-007, 4.21757249569e-007, 5.16596458056e-007, 3.36920550126e-007, 1.37376389375e-007, 1.48194985172e-007, 1.73332693976e-007, 1.76203386104e-007, 9.57205088525e-008, 9.32106019036e-008, 1.08339200722e-007, 8.93573002259e-008, 4.64008962808e-007, 1.1061790417e-007, 1.09285444694e-007, 6.05799002074e-008, 9.69977449472e-008, 6.02294534247e-008, 4.48879724502e-008, 1.19750271921e-008, 4.36341435206e-010, 3.62616825456e-010, 1.99436869797e-010, 1.38264006906e-013, 9.50717969086e-019, 2.33252541187e-020]
        max: [6.34097159491e-006, 0.00285739521496, 0.00565645704046, 0.00800262205303, 0.0071376496926, 0.00853601098061, 0.00508356280625, 0.00744431791827, 0.0088668493554, 0.00683547044173, 0.00732849631459, 0.00761781679466, 0.004498437047, 0.00406287470832, 0.0082668736577, 0.00573730375618, 0.00345887010917, 0.00486474530771, 0.00394384609535, 0.00264608557336, 0.00236165104434, 0.00174888106994, 0.000284707813989, 0.000272180011962, 0.000183480107808, 6.61018384562e-006, 1.63658988583e-008, 2.45201281501e-009]
        mean: [2.05707877399e-007, 0.000142419274198, 0.000254381127888, 0.000294070894597, 0.000510436133482, 0.000354638468707, 0.000166834259289, 0.00027991225943, 0.000260157248704, 0.000262095156359, 0.000158873939654, 0.00011219085718, 0.000126947328681, 0.000133097026264, 0.000222520393436, 0.000214288476855, 0.000304597109789, 0.000190730366739, 0.000279882136965, 0.000190219507203, 0.00016875199799, 7.29684470571e-005, 1.43010693137e-005, 1.00540655694e-005, 5.29616181666e-006, 1.51736628595e-007, 3.53102269646e-010, 4.194993658e-011]
        median: [3.64884478188e-008, 7.68256359152e-005, 0.000152376611368, 0.000150914594997, 0.000292960583465, 0.000179237424163, 7.7415323176e-005, 8.08933837106e-005, 6.80421435391e-005, 5.960969429e-005, 5.12895276188e-005, 3.88355147152e-005, 4.87806137244e-005, 6.03457483521e-005, 9.19341182453e-005, 0.000121143340948, 0.000214882675209, 0.000139294861583, 0.000193798681721, 0.000106004619738, 7.33896376914e-005, 3.39668185916e-005, 6.12521080257e-006, 3.05873618345e-006, 1.15067120987e-006, 2.69994853141e-008, 1.03970179688e-010, 1.4311159896e-011]
        min: [3.72978800243e-023, 7.28035706238e-024, 1.10450521599e-023, 2.59684143202e-023, 6.20415625456e-023, 6.22986744027e-023, 4.68585554957e-023, 2.95306735099e-023, 7.98404228908e-023, 5.96713636915e-023, 3.88805243268e-023, 6.3977484005e-023, 1.31157402497e-022, 4.27034862684e-023, 9.87562597907e-023, 1.42889152553e-022, 1.20743441428e-022, 3.28340847174e-022, 2.4399641979e-022, 2.8861055557e-022, 5.29414070312e-022, 3.46785147201e-022, 6.135688934e-022, 9.07411881312e-022, 1.08517483268e-021, 2.03874595692e-021, 2.3105117447e-021, 7.53494895067e-022]
        var: [3.76040534432e-013, 5.90149298318e-008, 1.30359978812e-007, 1.91724680576e-007, 4.53717319715e-007, 2.67157048484e-007, 9.52975227619e-008, 3.31288987354e-007, 4.28123257734e-007, 4.80737867292e-007, 1.47467162037e-007, 8.58003446069e-008, 9.1080515574e-008, 7.98540682467e-008, 2.45509937713e-007, 1.15701539016e-007, 1.24677058011e-007, 4.91401479508e-008, 9.44216367316e-008, 5.62988944353e-008, 4.8577447842e-008, 1.14344018698e-008, 5.64121138691e-010, 4.64069560557e-010, 2.0638021847e-010, 1.67350101875e-013, 5.63254627746e-019, 5.62261400319e-021]
    mfcc:
        mean: [-725.013977051, 111.938606262, -33.6582260132, 44.1263198853, -4.48817205429, -5.03013563156, -6.81566143036, -4.93709516525, -1.84715211391, -7.97744989395, -5.04662847519, -5.76381492615, -6.01253700256]
        cov: [[9454.31152344, -1622.90588379, -1213.20532227, -63.9554862976, -919.627441406, 519.187988281, 79.9114608765, 240.594787598, 502.149475098, 265.500274658, 321.865020752, 215.952774048, 109.62828064], [-1622.90588379, 1279.42443848, -33.4380455017, 33.1854629517, 198.441101074, -176.005874634, -37.8774642944, -52.085395813, -121.381774902, -62.2280845642, -47.9166793823, -26.4170722961, -2.85886526108], [-1213.20532227, -33.4380455017, 638.826477051, 55.0781555176, 184.46194458, -0.742026329041, -10.5655641556, -5.73631477356, -76.9652023315, -27.5548381805, -29.1692504883, -23.4265480042, 9.53700256348], [-63.9554862976, 33.1854629517, 55.0781555176, 349.413818359, 95.7228622437, 24.0116329193, 63.406463623, -11.1506643295, 16.0517196655, 5.51668357849, 12.4522132874, 28.2236270905, 30.0563297272], [-919.627441406, 198.441101074, 184.46194458, 95.7228622437, 306.699005127, -59.535697937, -37.1974945068, -41.3845901489, -54.1761550903, -20.3454647064, -41.5961036682, -14.29180336, 0.3053162992], [519.187988281, -176.005874634, -0.742026329041, 24.0116329193, -59.535697937, 187.710266113, 74.4603500366, 39.9129981995, 49.9819793701, 33.5803337097, 48.451259613, 29.9019756317, 23.1791172028], [79.9114608765, -37.8774642944, -10.5655641556, 63.406463623, -37.1974945068, 74.4603500366, 213.073165894, 42.4536056519, 36.353553772, 27.1037788391, 15.2058591843, 35.6092987061, 19.7929897308], [240.594787598, -52.085395813, -5.73631477356, -11.1506643295, -41.3845901489, 39.9129981995, 42.4536056519, 107.56552887, 62.0452919006, 32.7300643921, 24.0502052307, 20.2804374695, 17.3027133942], [502.149475098, -121.381774902, -76.9652023315, 16.0517196655, -54.1761550903, 49.9819793701, 36.353553772, 62.0452919006, 138.723724365, 75.3857192993, 43.4272003174, 32.0842399597, 9.27039051056], [265.500274658, -62.2280845642, -27.5548381805, 5.51668357849, -20.3454647064, 33.5803337097, 27.1037788391, 32.7300643921, 75.3857192993, 108.800613403, 50.9434127808, 26.0031871796, 6.68801641464], [321.865020752, -47.9166793823, -29.1692504883, 12.4522132874, -41.5961036682, 48.451259613, 15.2058591843, 24.0502052307, 43.4272003174, 50.9434127808, 95.0165176392, 43.4875907898, 16.0176200867], [215.952774048, -26.4170722961, -23.4265480042, 28.2236270905, -14.29180336, 29.9019756317, 35.6092987061, 20.2804374695, 32.0842399597, 26.0031871796, 43.4875907898, 84.0021057129, 34.4224433899], [109.62828064, -2.85886526108, 9.53700256348, 30.0563297272, 0.3053162992, 23.1791172028, 19.7929897308, 17.3027133942, 9.27039051056, 6.68801641464, 16.0176200867, 34.4224433899, 74.9185943604]]
        icov: [[0.000273803190794, 0.000233067432418, 0.000413211149862, -0.000122147030197, 0.000347968045389, -0.000360692822142, 0.000298034516163, -0.000128501051222, -0.000185051598237, -4.39187169832e-005, -0.000138484669151, -0.000138261500979, -0.000214290223084], [0.000233067432418, 0.00126177375205, 0.0007023573271, -0.000105789578811, -0.000417580304202, 0.000515889492817, -1.39804069477e-005, -0.000466017751023, 0.000693444570061, 2.54328806477e-005, -0.000541762099601, 5.85529778618e-005, -0.000385604595067], [0.000413211149862, 0.0007023573271, 0.00282413931563, -0.000254356855294, -0.000928221852519, -0.000809851102531, 0.000392314104829, -0.00123217713553, 0.00135788670741, -0.000333320320351, -0.000376037613023, 0.000320360210026, -0.000605106703006], [-0.000122147030197, -0.000105789578811, -0.000254356855294, 0.00377731397748, -0.00157673028298, 2.62143621512e-005, -0.00140323815867, 0.00132388062775, -0.00127116555814, 0.000940607860684, -0.000749225378968, -8.00252819317e-005, -0.00097476283554], [0.000347968045389, -0.000417580304202, -0.000928221852519, -0.00157673028298, 0.00603031367064, -4.59011826024e-005, 0.00134372117463, 0.000746828969568, 0.00012926432828, -0.00142867758404, 0.0020019817166, -0.00104528991506, -0.000148457926116], [-0.000360692822142, 0.000515889492817, -0.000809851102531, 2.62143621512e-005, -4.59011826024e-005, 0.00871631130576, -0.00263556023128, -0.000418219395215, -0.00055175612215, 0.000722671800759, -0.00312114041299, 0.000995640060864, -0.00105000857729], [0.000298034516163, -1.39804069477e-005, 0.000392314104829, -0.00140323815867, 0.00134372117463, -0.00263556023128, 0.00689042825252, -0.00191895617172, 0.000439280469436, -0.00142432679422, 0.00225785700604, -0.00247272453271, 0.000235291779973], [-0.000128501051222, -0.000466017751023, -0.00123217713553, 0.00132388062775, 0.000746828969568, -0.000418219395215, -0.00191895617172, 0.0145793547854, -0.00663163978606, 0.000869269599207, -0.000419089017669, 0.000379920820706, -0.00227980827913], [-0.000185051598237, 0.000693444570061, 0.00135788670741, -0.00127116555814, 0.00012926432828, -0.00055175612215, 0.000439280469436, -0.00663163978606, 0.017255268991, -0.00867382064462, 0.000855436082929, -0.00183898117393, 0.0015213037841], [-4.39187169832e-005, 2.54328806477e-005, -0.000333320320351, 0.000940607860684, -0.00142867758404, 0.000722671800759, -0.00142432679422, 0.000869269599207, -0.00867382064462, 0.0179033074528, -0.00718062371016, 0.000994944130071, 0.000241215806454], [-0.000138484669151, -0.000541762099601, -0.000376037613023, -0.000749225378968, 0.0020019817166, -0.00312114041299, 0.00225785700604, -0.000419089017669, 0.000855436082929, -0.00718062371016, 0.0197869241238, -0.00777368387207, 0.00086463970365], [-0.000138261500979, 5.85529778618e-005, 0.000320360210026, -8.00252819317e-005, -0.00104528991506, 0.000995640060864, -0.00247272453271, 0.000379920820706, -0.00183898117393, 0.000994944130071, -0.00777368387207, 0.0200957804918, -0.00697492109612], [-0.000214290223084, -0.000385604595067, -0.000605106703006, -0.00097476283554, -0.000148457926116, -0.00105000857729, 0.000235291779973, -0.00227980827913, 0.0015213037841, 0.000241215806454, 0.00086463970365, -0.00697492109612, 0.0177146941423]]
    sccoeffs:
        dmean: [0.0493118949234, 0.0428801178932, 0.0348237901926, 0.0297149028629, 0.0213004853576, 0.0208501238376]
        dmean2: [0.0818301811814, 0.0702827498317, 0.0563326776028, 0.0490404367447, 0.0344259291887, 0.0325539149344]
        dvar: [0.00170440273359, 0.0012385211885, 0.000798373715952, 0.000571615120862, 0.000299169449136, 0.000479886250105]
        dvar2: [0.00459561916068, 0.00315967947245, 0.00206157006323, 0.0015031871153, 0.000750710722059, 0.00108846963849]
        max: [-0.285924255848, -0.43351867795, -0.453982442617, -0.544216275215, -0.499488830566, -0.496181726456]
        mean: [-0.600453317165, -0.722314536572, -0.764715254307, -0.782428860664, -0.788113415241, -0.756643176079]
        median: [-0.613801956177, -0.729277610779, -0.775556921959, -0.788941562176, -0.794785141945, -0.752126216888]
        min: [-0.964896261692, -0.961605668068, -0.981160461903, -0.967783153057, -0.961453795433, -0.959352612495]
        var: [0.00848137680441, 0.00510919000953, 0.00478295981884, 0.00270974286832, 0.00196664291434, 0.00213262136094]
    scvalleys:
        dmean: [0.380638182163, 0.312959611416, 0.282610714436, 0.254394024611, 0.265319228172, 0.294971078634]
        dmean2: [0.638062059879, 0.519418478012, 0.459264010191, 0.39412355423, 0.363434821367, 0.403497159481]
        dvar: [0.116214714944, 0.0812653973699, 0.0701182112098, 0.0682548433542, 0.101820111275, 0.159843742847]
        dvar2: [0.283770948648, 0.185277596116, 0.148990541697, 0.126672178507, 0.158649608493, 0.314986675978]
        max: [-5.09770679474, -4.56190872192, -5.32294416428, -5.56079864502, -5.50086593628, -7.28215026855]
        mean: [-7.21064376831, -6.71082782745, -7.2670416832, -7.40879058838, -7.53638935089, -10.0239009857]
        median: [-6.89622402191, -6.51515960693, -7.00761222839, -7.04304599762, -7.14147996902, -9.4829082489]
        min: [-27.339258194, -27.6900691986, -27.1867084503, -27.0033988953, -27.256444931, -27.2032337189]
        var: [1.28533315659, 0.854837596416, 1.09571528435, 1.24332261086, 1.63111019135, 3.37355947495]

rhythm:
    beats_loudness:
        dmean: 0.00237385137007
        dmean2: 0.00412518065423
        dvar: 4.71157227366e-006
        dvar2: 1.33787843879e-005
        max: 0.0143015310168
        mean: 0.00527895009145
        median: 0.004971829243
        min: 1.24955420233e-007
        var: 9.97895222099e-006
    bpm: 98.5804214478
    bpm_confidence: 0
    first_peak_bpm: 99
    first_peak_spread: 0.042352963239
    first_peak_weight: 0.935632169247
    onset_rate: 2.75609993935
    second_peak_bpm: 91
    second_peak_spread: 0.5
    second_peak_weight: 0.0114942528307
    beats_loudness_band_ratio:
        dmean: [0.145123690367, 0.13725720346, 0.118244037032, 0.0710516050458, 0.0934746190906, 0.078771725297]
        dmean2: [0.259826481342, 0.246199950576, 0.207339257002, 0.129186615348, 0.162590384483, 0.140354290605]
        dvar: [0.0169902313501, 0.0187694504857, 0.0159446429461, 0.00929618254304, 0.00861449074, 0.0083089210093]
        dvar2: [0.0490928031504, 0.0577041395009, 0.0437551476061, 0.0259101781994, 0.0246851593256, 0.0229321345687]
        max: [0.837953090668, 0.815784990788, 0.762701094151, 0.633054673672, 0.796626329422, 0.727525293827]
        mean: [0.27376139164, 0.193485036492, 0.159441590309, 0.0957876518369, 0.191307708621, 0.13434509933]
        median: [0.229120343924, 0.130822211504, 0.119897589087, 0.0615283548832, 0.162072688341, 0.117385730147]
        min: [0.00114003883209, 0.00549894897267, 0.00326324626803, 0.00382645335048, 0.0113902706653, 0.00509427068755]
        var: [0.0381834581494, 0.0275823082775, 0.0196982957423, 0.0105475690216, 0.0157748050988, 0.00908785592765]
    beats_position: [0.650158703327, 1.31192743778, 1.95047616959, 2.56580495834, 3.1811337471, 3.78485250473, 4.38857126236, 4.99229001999, 5.59600877762, 6.21133756638, 6.82666635513, 7.4303855896, 8.03410434723, 8.63782310486, 9.25315189362, 9.86848068237, 10.47219944, 11.0759181976, 11.6912469864, 12.3065757751, 12.9102945328, 13.5140132904, 14.1293420792, 14.7446708679, 15.3599996567, 15.9753284454, 16.5906581879, 17.2059860229, 17.8213157654, 18.4018135071, 18.9939231873, 19.5976409912, 20.2013607025, 20.7934684753, 21.3739681244, 21.9660758972, 22.5930156708, 23.219953537, 23.8468933105, 24.4622211456, 25.0775508881, 25.681268692, 26.2849884033, 26.8887062073, 27.5040359497, 28.1193637848, 28.7230834961, 29.3268013, 29.9305210114, 30.5342407227, 31.1379585266, 31.7416782379, 32.3453979492, 32.960723877, 33.5760536194, 34.1797714233, 34.783493042, 35.3872108459, 35.9909286499, 36.5946464539, 37.2099761963, 37.8253059387, 38.4290237427, 39.0443534851, 39.6596832275, 40.2634010315, 40.8671188354, 41.4824485779, 42.0977783203, 42.7014961243, 43.3284339905, 43.9437637329, 44.5590934753, 45.1628112793, 45.7549209595, 46.3586387634, 46.9623565674, 47.5660743713, 48.16979599, 48.7735137939, 49.3772315979, 49.9925613403, 50.6078910828, 51.2232208252, 51.8269386292, 52.4422683716, 53.0575942993, 53.661315918, 54.2766418457, 54.8803634644, 55.4840812683, 56.0994110107, 56.7031288147, 57.3068466187, 57.9105644226, 58.5142860413, 59.1180038452, 59.7217216492, 60.3254394531, 60.9407691956, 61.556098938, 62.1714286804, 62.7751464844, 63.3904762268, 63.9941940308, 64.5979156494, 65.2016296387, 65.8169631958, 66.4206771851, 67.0360107422, 67.6397247314, 68.2434463501, 68.8471679688, 69.450881958, 70.0546035767, 70.6583175659, 71.273651123, 71.8889770508, 72.4926986694, 73.0964126587, 73.7117462158, 74.3270721436, 74.9307937622, 75.5345077515, 76.1382293701, 76.7535552979, 77.3572769165, 77.9726028442, 78.5879364014, 79.2032623291, 79.8069839478, 80.410697937, 81.0144195557, 81.6181411743, 82.2334671021, 82.8487930298, 83.4525146484, 84.0562362671, 84.6599502563, 85.2752838135, 85.8906097412, 86.4943313599, 87.0980453491, 87.7017669678, 88.3170928955, 88.9324264526, 89.5361404419, 90.1398620605, 90.7551879883, 91.3589096069, 91.9742355347, 92.5779571533, 93.181678772, 93.7853927612, 94.4007263184, 95.0044403076, 95.6197738647, 96.223487854, 96.8272094727, 97.4309310913, 98.0346450806, 98.6383666992, 99.2420806885, 99.8574142456, 100.472740173, 101.08807373, 101.703399658, 102.307121277, 102.910835266, 103.514556885, 104.118278503, 104.721992493, 105.33732605, 105.952651978, 106.556373596, 107.160087585, 107.775421143, 108.379135132, 108.98285675, 109.598182678, 110.201904297, 110.805618286, 111.420951843, 112.024665833, 112.63999939, 113.243713379, 113.847434998, 114.462760925, 115.078094482, 115.681808472, 116.28553009, 116.889251709, 117.504577637, 118.119903564, 118.723625183, 119.327346802, 119.931060791, 120.53478241, 121.150108337, 121.753829956, 122.369155884, 122.972877502, 123.576599121, 124.191925049, 124.795646667, 125.410972595, 126.026298523, 126.630020142, 127.245346069, 127.849067688, 128.452789307, 129.056503296, 129.671829224, 130.28717041, 130.890884399, 131.494598389, 132.098312378, 132.702041626, 133.305755615, 133.909469604, 134.524810791, 135.140136719, 135.743850708, 136.347564697, 136.962905884, 137.578231812, 138.181945801, 138.78565979, 139.389389038, 140.004714966, 140.608428955, 141.223754883, 141.827484131, 142.43119812, 143.034912109, 143.638641357, 144.253967285, 144.869293213, 145.473007202, 146.07673645, 146.692062378, 147.307388306, 147.911102295, 148.526443481, 149.141769409, 149.745483398, 150.349197388, 150.952926636, 151.556640625, 152.160354614, 152.764083862, 153.37940979, 153.983123779, 154.598449707, 155.202178955, 155.805892944, 156.421218872, 157.0365448, 157.640274048, 158.243988037, 158.847702026, 159.451431274, 160.055145264, 160.670471191, 161.285797119, 161.889526367, 162.493240356, 163.108566284, 163.712280273, 164.32762146, 164.931335449, 165.535049438, 166.138778687, 166.742492676, 167.346206665, 167.961532593, 168.576873779, 169.192199707, 169.795913696, 170.399627686, 171.014968872, 171.618682861, 172.222396851, 172.837722778, 173.453063965, 174.056777954, 174.660491943, 175.275817871, 175.879547119, 176.494873047, 177.098587036, 177.713912964, 178.32925415, 178.93296814, 179.536682129, 180.140411377, 180.744125366, 181.347839355, 181.963165283, 182.566894531, 183.182220459, 183.785934448, 184.389663696, 184.993377686, 185.608703613, 186.224029541, 186.839355469, 187.443084717, 188.058410645, 188.662124634, 189.2890625, 189.916000366, 190.542938232, 191.169876099, 191.796829224, 192.42376709, 193.062316895, 193.689254761, 194.304580688, 194.919906616, 195.535232544, 196.150558472, 196.765899658, 197.381225586, 198.019775391, 198.669921875, 199.320083618, 199.9818573, 200.655227661, 201.317001343, 201.990386963, 202.617324829, 203.232650757, 203.847976685, 204.463302612, 205.07862854, 205.682357788, 206.286071777, 206.889785767, 207.493515015, 208.108840942, 208.712554932, 209.327880859, 209.931610107, 210.535324097, 211.150650024, 211.765975952, 212.3697052, 212.973419189, 213.588745117, 214.204071045, 214.807800293, 215.411514282, 216.02684021, 216.630569458, 217.234283447, 217.837997437, 218.441726685, 219.057052612, 219.660766602, 220.264480591, 220.868209839, 221.471923828, 222.087249756, 222.702575684, 223.31791687, 223.933242798, 224.536956787, 225.140670776, 225.744400024, 226.348114014, 226.963439941, 227.578765869, 228.182495117, 228.797821045, 229.401535034, 230.016860962, 230.62059021, 231.224304199, 231.828018188, 232.431747437, 233.047073364, 233.662399292, 234.266113281, 234.869842529, 235.473556519, 236.077270508, 236.680999756, 237.296325684, 237.900039673, 238.515365601, 239.119094849, 239.734420776, 240.349746704, 240.953460693, 241.557189941, 242.160903931, 242.776229858, 243.379943848, 243.983673096, 244.598999023, 245.202713013, 245.806442261, 246.41015625, 247.013870239, 247.629196167, 248.244537354, 248.859863281, 249.475189209, 250.078903198, 250.682632446, 251.286346436, 251.890060425, 252.505386353, 253.120727539, 253.724441528, 254.328155518, 254.931884766, 255.547210693, 256.162536621, 256.766265869, 257.3699646, 257.973693848, 258.589019775, 259.204345703, 259.808074951, 260.411773682, 261.01550293, 261.619232178, 262.234558105, 262.838256836, 263.453613281, 264.057312012, 264.672637939, 265.287963867, 265.903320313]
