
metadata:
    version:
        essentia: "2.1-beta2"
    audio_properties:
        analysis_sample_rate: 44100
        bitrate: 128
        channels: 2
        equal_loudness: 1
        length: 202.292251587
        replay_gain: -15.3814487457
        downmix: "mix"
    tags:
        album: "World We View"
        artist: "Nine Lashes"
        comment: ""
        date: "2012"
        genre: "Religious"
        title: "Adrenaline"
        tracknumber: "1"

configuration:
    average_loudness:
        compute: 1
        frameSize: 88200
        hopSize: 44100
        silentFrames: "noise"
        windowType: "hann"
    general:
        analysisSampleRate: 44100
        endTime: 2000
        equalLoudness: 1
        nequalLoudness: 0
        shortSound: 0
        startTime: 0
    lowlevel:
        compute: 1
        frameSize: 2048
        hopSize: 1024
        zeroPadding: 0
        silentFrames: "noise"
        windowType: "blackmanharris62"
        mfccStats: ["mean", "cov", "icov"]
        stats: ["mean", "var", "median", "min", "max", "dmean", "dmean2", "dvar", "dvar2"]
    panning:
        compute: 0
        frameSize: 8192
        hopSize: 2048
        zeroPadding: 8192
        silentFrames: "noise"
        windowType: "hann"
        stats: ["copy"]
    rhythm:
        compute: 1
        maxTempo: 208
        minTempo: 40
        method: "degara"
        stats: ["mean", "var", "median", "min", "max", "dmean", "dmean2", "dvar", "dvar2"]
    segmentation:
        compute: 0
        cpw: 5
        inc1: 300
        inc2: 50
        minimumSegmentsLength: 10
        size1: 1000
        size2: 600
    sfx:
        compute: 1
        stats: ["mean", "var", "median", "min", "max", "dmean", "dmean2", "dvar", "dvar2"]
    svm:
        compute: 0
    tonal:
        compute: 1
        frameSize: 4096
        hopSize: 2048
        zeroPadding: 0
        silentFrames: "noise"
        windowType: "blackmanharris62"
        stats: ["mean", "var", "median", "min", "max", "dmean", "dmean2", "dvar", "dvar2"]

lowlevel:
    average_loudness: 0.962515890598
    barkbands_kurtosis:
        dmean: 0.760241806507
        dmean2: 1.19657874107
        dvar: 2.39822506905
        dvar2: 6.09109687805
        max: 46.9891662598
        mean: -0.465517908335
        median: -1.07119262218
        min: -1.89514636993
        var: 4.46359491348
    barkbands_skewness:
        dmean: 0.371509939432
        dmean2: 0.571908652782
        dvar: 0.137895971537
        dvar2: 0.318329066038
        max: 6.45010614395
        mean: -0.28231933713
        median: -0.297349989414
        min: -3.81326746941
        var: 0.566648423672
    barkbands_spread:
        dmean: 6.02508449554
        dmean2: 9.25290489197
        dvar: 35.9912757874
        dvar2: 81.3714370728
        max: 87.7775726318
        mean: 32.2271385193
        median: 32.8550415039
        min: 1.81700062752
        var: 118.236663818
    dissonance:
        dmean: 0.0124951181933
        dmean2: 0.0212244372815
        dvar: 0.000229591751122
        dvar2: 0.000617716636043
        max: 0.500000119209
        mean: 0.478814274073
        median: 0.484954923391
        min: 0.187144294381
        var: 0.000560340587981
    hfc:
        dmean: 2.92463707924
        dmean2: 4.6238451004
        dvar: 13.1130170822
        dvar2: 31.8514194489
        max: 55.7470970154
        mean: 10.9378833771
        median: 10.3108072281
        min: 1.20860312212e-016
        var: 37.1273498535
    pitch:
        dmean: 804.869628906
        dmean2: 1519.3026123
        dvar: 1481799.25
        dvar2: 3674225
        max: 5112.24072266
        mean: 1219.51696777
        median: 402.300842285
        min: 50.3488044739
        var: 1983571.75
    pitch_instantaneous_confidence:
        dmean: 0.0839597508311
        dmean2: 0.136116534472
        dvar: 0.00574953015894
        dvar2: 0.0135863367468
        max: 0.97515553236
        mean: 0.352519333363
        median: 0.316484987736
        min: 0.106226444244
        var: 0.0219914540648
    pitch_salience:
        dmean: 0.0577365085483
        dmean2: 0.0942328125238
        dvar: 0.00266527221538
        dvar2: 0.0067977164872
        max: 0.905500948429
        mean: 0.65967464447
        median: 0.670724391937
        min: 0.129502549767
        var: 0.00754435313866
    silence_rate_20dB:
        dmean: 0
        dmean2: 0
        dvar: 0
        dvar2: 0
        max: 1
        mean: 1
        median: 1
        min: 1
        var: 0
    silence_rate_30dB:
        dmean: 0
        dmean2: 0
        dvar: 0
        dvar2: 0
        max: 1
        mean: 1
        median: 1
        min: 1
        var: 0
    silence_rate_60dB:
        dmean: 0.05119375512
        dmean2: 0.102399267256
        dvar: 0.0485762059689
        dvar2: 0.10592699796
        max: 1
        mean: 0.162056699395
        median: 0
        min: 0
        var: 0.135785698891
    spectral_centroid:
        dmean: 253.437820435
        dmean2: 384.328277588
        dvar: 74964.8359375
        dvar2: 139386.359375
        max: 11366.1132813
        mean: 1995.18444824
        median: 1972.79150391
        min: 155.953048706
        var: 344515.53125
    spectral_complexity:
        dmean: 4.62052345276
        dmean2: 7.33486413956
        dvar: 20.9061565399
        dvar2: 47.7439193726
        max: 51
        mean: 19.2350502014
        median: 20
        min: 0
        var: 81.9898529053
    spectral_crest:
        dmean: 1.94910669327
        dmean2: 3.20770645142
        dvar: 3.67782664299
        dvar2: 9.20009613037
        max: 25.7979679108
        mean: 6.47567176819
        median: 5.66233587265
        min: 2.32257556915
        var: 8.79274368286
    spectral_decrease:
        dmean: 3.04130415296e-010
        dmean2: 4.96797436522e-010
        dvar: 1.78911993288e-019
        dvar2: 4.68527610057e-019
        max: -6.42980980472e-029
        mean: -1.15680753865e-009
        median: -1.10996223324e-009
        min: -4.47683135008e-009
        var: 3.1924074144e-019
    spectral_energy:
        dmean: 0.00137773470487
        dmean2: 0.00223847758025
        dvar: 3.52345614374e-006
        dvar2: 9.16063436307e-006
        max: 0.0205257795751
        mean: 0.00535815488547
        median: 0.00513369170949
        min: 1.12050669336e-020
        var: 6.79739468978e-006
    spectral_energyband_high:
        dmean: 0.00025865319185
        dmean2: 0.000419743271777
        dvar: 1.63940370612e-007
        dvar2: 3.98279439651e-007
        max: 0.00725838821381
        mean: 0.0006690826267
        median: 0.000552898040041
        min: 8.34808607206e-021
        var: 3.45783860212e-007
    spectral_energyband_low:
        dmean: 0.000254865124589
        dmean2: 0.00043468925287
        dvar: 2.54518710108e-007
        dvar2: 6.98546216427e-007
        max: 0.00458017596975
        mean: 0.000397872325266
        median: 0.000294043740723
        min: 5.23791934371e-023
        var: 2.15996522002e-007
    spectral_energyband_middle_high:
        dmean: 0.000856397091411
        dmean2: 0.00132863805629
        dvar: 8.75782461662e-007
        dvar2: 1.99554415303e-006
        max: 0.0111874369904
        mean: 0.00304550281726
        median: 0.00274309352972
        min: 1.5279574858e-021
        var: 3.13636132887e-006
    spectral_energyband_middle_low:
        dmean: 0.000620531325694
        dmean2: 0.00103847077116
        dvar: 1.24404459712e-006
        dvar2: 3.35849881594e-006
        max: 0.011470399797
        mean: 0.00137106666807
        median: 0.00112502160482
        min: 3.11955941116e-022
        var: 1.35495963605e-006
    spectral_flatness_db:
        dmean: 0.0143263954669
        dmean2: 0.0216137133539
        dvar: 0.000197888846742
        dvar2: 0.000427852588473
        max: 0.448117077351
        mean: 0.140556231141
        median: 0.127144768834
        min: 0.0682566985488
        var: 0.0021965734195
    spectral_flux:
        dmean: 0.00871161185205
        dmean2: 0.0133743528277
        dvar: 9.02432220755e-005
        dvar2: 0.000178272748599
        max: 0.113061204553
        mean: 0.046756003052
        median: 0.0455600917339
        min: 1.05853985299e-010
        var: 0.000282454013359
    spectral_kurtosis:
        dmean: 1.11875247955
        dmean2: 1.82505226135
        dvar: 9.41375160217
        dvar2: 25.0008525848
        max: 86.6766052246
        mean: 3.08707880974
        median: 2.33370780945
        min: -1.17785191536
        var: 21.2700653076
    spectral_rms:
        dmean: 0.000279754138319
        dmean2: 0.000443527009338
        dvar: 1.0673056039e-007
        dvar2: 2.62735255774e-007
        max: 0.00447494722903
        mean: 0.00220794673078
        median: 0.00223796325736
        min: 3.30632309725e-012
        var: 3.52431896999e-007
    spectral_rolloff:
        dmean: 360.640319824
        dmean2: 563.034912109
        dvar: 186649.625
        dvar2: 364839.90625
        max: 18023.2910156
        mean: 3596.73583984
        median: 3617.578125
        min: 150.732421875
        var: 835437.5
    spectral_skewness:
        dmean: 0.166729316115
        dmean2: 0.260932743549
        dvar: 0.0605221167207
        dvar2: 0.148922279477
        max: 6.73755598068
        mean: 1.23931384087
        median: 1.19598031044
        min: -0.241494998336
        var: 0.177920520306
    spectral_spread:
        dmean: 451294.71875
        dmean2: 660469.8125
        dvar: 422189105152
        dvar2: 717330513920
        max: 39688892
        mean: 5084108
        median: 5125924
        min: 819339.375
        var: 1.92895791923e+012
    spectral_strongpeak:
        dmean: 0.534113585949
        dmean2: 0.905684649944
        dvar: 0.486117511988
        dvar2: 1.23526251316
        max: 10.0618896484
        mean: 0.797360956669
        median: 0.499609619379
        min: 2.53628673619e-009
        var: 0.748267054558
    zerocrossingrate:
        dmean: 0.00824243668467
        dmean2: 0.00955845136195
        dvar: 8.68527349667e-005
        dvar2: 9.38096636673e-005
        max: 0.5166015625
        mean: 0.110331274569
        median: 0.1103515625
        min: 0.0126953125
        var: 0.000772622413933
    barkbands:
        dmean: [2.04923750857e-007, 8.81482483237e-005, 0.000154067558469, 0.000124992191559, 0.000209230260225, 0.000220244066441, 0.000141571697895, 0.000101484285551, 0.000139747338835, 0.000139255964314, 8.16296014818e-005, 8.17428590381e-005, 0.000135697016958, 0.00014062912669, 0.000214072628296, 0.000188843201613, 0.000225419571507, 0.000215456573642, 0.000227483935305, 0.00015540602908, 0.000159458781127, 5.07890727022e-005, 1.22340970847e-005, 5.61655951969e-006, 2.36469713855e-006, 8.74770833548e-008, 3.96063182251e-010]
        dmean2: [3.23612141528e-007, 0.000142907403642, 0.00027684433735, 0.000215772728552, 0.000362954160664, 0.000362003076589, 0.000236085543293, 0.000168771846802, 0.000219763576752, 0.000218938250327, 0.000130003725644, 0.000132315253722, 0.000221368769417, 0.00023166302708, 0.000344686151948, 0.000304582557874, 0.000368012522813, 0.000350268644979, 0.000382944184821, 0.000257273582974, 0.000268182135187, 8.02708236733e-005, 1.85353692359e-005, 8.42984809424e-006, 3.55683209818e-006, 1.32913882567e-007, 6.70656585822e-010]
        dvar: [1.69092780685e-013, 2.95315381038e-008, 1.03046225775e-007, 4.0479399388e-008, 2.43770870156e-007, 1.56682759211e-007, 9.78596830237e-008, 5.28849817272e-008, 9.71955316231e-008, 5.70833691427e-008, 3.98068635832e-008, 3.52802338455e-008, 9.00249546021e-008, 7.64990559787e-008, 2.23821174927e-007, 1.71851155528e-007, 1.14935019724e-007, 1.04990661498e-007, 7.75992603508e-008, 5.60195836385e-008, 5.51941070626e-008, 8.9999332431e-009, 6.03202710003e-010, 1.23263288465e-010, 2.64472020672e-011, 3.91647807664e-014, 4.383098751e-019]
        dvar2: [3.80085638527e-013, 7.47788178046e-008, 2.98879996308e-007, 1.14037753463e-007, 6.93483571013e-007, 3.97357069915e-007, 2.6517977858e-007, 1.34173504307e-007, 2.11458043964e-007, 1.35299544013e-007, 9.26407821566e-008, 8.50490735615e-008, 2.22641133973e-007, 1.88395503642e-007, 5.43759711036e-007, 4.05788938451e-007, 2.84709244625e-007, 2.58696275068e-007, 2.0236765863e-007, 1.43995748658e-007, 1.44480083009e-007, 1.89230568992e-008, 1.12552100973e-009, 2.45189146764e-010, 5.51329606968e-011, 8.22009086775e-014, 1.0918772712e-018]
        max: [3.2761311104e-006, 0.00121015962213, 0.00258567929268, 0.00240616220981, 0.00529909925535, 0.00451269373298, 0.00407615676522, 0.00370568176731, 0.00613048067316, 0.00442963140085, 0.00367493415251, 0.00378265208565, 0.00542559055611, 0.00550202606246, 0.00749699864537, 0.00778785301372, 0.00629951385781, 0.00570387858897, 0.0048714261502, 0.00441954750568, 0.00300105451606, 0.00332983559929, 0.00050330319209, 0.000195150030777, 0.000119702803204, 4.10991469835e-006, 1.69831100294e-008]
        mean: [2.13147259842e-007, 0.000114268012112, 0.000188144418644, 0.000175188688445, 0.000286220019916, 0.000321462575812, 0.000200521273655, 0.000138742572744, 0.000210261277971, 0.000294390833005, 0.000107417217805, 0.000114966460387, 0.000185133918421, 0.000187207653653, 0.000297756167129, 0.000308900460368, 0.000417202682002, 0.000418725772761, 0.000540184380952, 0.000335006392561, 0.000354504707502, 0.00011848295253, 2.57315550698e-005, 1.18984271467e-005, 5.46055935047e-006, 1.70796624843e-007, 4.29415752956e-010]
        median: [6.61749055553e-008, 6.78818469169e-005, 0.000112282403279, 0.000104713239125, 0.000176708155777, 0.000161286763614, 8.93060787348e-005, 5.1156290283e-005, 7.37185400794e-005, 9.11856914172e-005, 3.93404152419e-005, 5.63094945392e-005, 9.04431071831e-005, 9.86589002423e-005, 0.000129250984173, 0.000174214554136, 0.000307595968479, 0.000292599375825, 0.00046831756481, 0.000276854640106, 0.000285025482299, 8.29520795378e-005, 1.58517668751e-005, 6.78240940033e-006, 3.17769422509e-006, 8.7853493369e-008, 1.9057221079e-010]
        min: [7.21097753463e-024, 1.36995130968e-023, 1.55862727446e-023, 2.74971257803e-023, 2.99251260506e-023, 7.75314522648e-023, 5.59930125756e-023, 5.01896595076e-023, 6.70048734128e-023, 2.65282689047e-023, 4.83176452478e-023, 8.35244411835e-023, 8.52012565454e-023, 1.41737857394e-022, 1.07985313915e-022, 1.40649380806e-022, 2.23770531051e-022, 2.58212223416e-022, 1.86225194827e-022, 3.57840483741e-022, 7.20087885286e-022, 5.71983024241e-022, 6.70368191241e-022, 1.05011739967e-021, 1.51853871379e-021, 1.50445897289e-021, 2.46854342942e-021]
        var: [1.76672112812e-013, 2.7243009626e-008, 7.30265412585e-008, 4.42420287072e-008, 1.8898171561e-007, 2.11938285588e-007, 1.02906959398e-007, 7.56507105848e-008, 1.86479240938e-007, 2.21449710125e-007, 5.73894318734e-008, 4.90631251182e-008, 1.08891768491e-007, 8.98076066846e-008, 3.01482799614e-007, 2.92206323138e-007, 2.03405889465e-007, 2.09175425425e-007, 1.78757531444e-007, 9.04536392454e-008, 1.00878615683e-007, 2.24009131244e-008, 1.51303258811e-009, 3.0275421059e-010, 6.87212300954e-011, 8.41835417565e-014, 5.61914853648e-019]
    frequency_bands:
        dmean: [2.04923750857e-007, 8.81482483237e-005, 0.000154067558469, 0.000124992191559, 0.000209230260225, 0.000220244066441, 0.000141571697895, 0.000101484285551, 0.000139747338835, 0.000139255964314, 8.16296014818e-005, 8.17428590381e-005, 0.000135697016958, 0.00014062912669, 0.000214072628296, 0.000188843201613, 0.000225419571507, 0.000215456573642, 0.000227483935305, 0.00015540602908, 0.000159458781127, 5.07890727022e-005, 1.22340970847e-005, 5.61655951969e-006, 2.36469713855e-006, 8.74770833548e-008, 3.96063182251e-010, 6.36186103797e-011]
        dmean2: [3.23612141528e-007, 0.000142907403642, 0.00027684433735, 0.000215772728552, 0.000362954160664, 0.000362003076589, 0.000236085543293, 0.000168771846802, 0.000219763576752, 0.000218938250327, 0.000130003725644, 0.000132315253722, 0.000221368769417, 0.00023166302708, 0.000344686151948, 0.000304582557874, 0.000368012522813, 0.000350268644979, 0.000382944184821, 0.000257273582974, 0.000268182135187, 8.02708236733e-005, 1.85353692359e-005, 8.42984809424e-006, 3.55683209818e-006, 1.32913882567e-007, 6.70656585822e-010, 1.18609691513e-010]
        dvar: [1.69092780685e-013, 2.95315381038e-008, 1.03046225775e-007, 4.0479399388e-008, 2.43770870156e-007, 1.56682759211e-007, 9.78596830237e-008, 5.28849817272e-008, 9.71955316231e-008, 5.70833691427e-008, 3.98068635832e-008, 3.52802338455e-008, 9.00249546021e-008, 7.64990559787e-008, 2.23821174927e-007, 1.71851155528e-007, 1.14935019724e-007, 1.04990661498e-007, 7.75992603508e-008, 5.60195836385e-008, 5.51941070626e-008, 8.9999332431e-009, 6.03202710003e-010, 1.23263288465e-010, 2.64472020672e-011, 3.91647807664e-014, 4.383098751e-019, 8.10791854329e-021]
        dvar2: [3.80085638527e-013, 7.47788178046e-008, 2.98879996308e-007, 1.14037753463e-007, 6.93483571013e-007, 3.97357069915e-007, 2.6517977858e-007, 1.34173504307e-007, 2.11458043964e-007, 1.35299544013e-007, 9.26407821566e-008, 8.50490735615e-008, 2.22641133973e-007, 1.88395503642e-007, 5.43759711036e-007, 4.05788938451e-007, 2.84709244625e-007, 2.58696275068e-007, 2.0236765863e-007, 1.43995748658e-007, 1.44480083009e-007, 1.89230568992e-008, 1.12552100973e-009, 2.45189146764e-010, 5.51329606968e-011, 8.22009086775e-014, 1.0918772712e-018, 2.58504733545e-020]
        max: [3.2761311104e-006, 0.00121015962213, 0.00258567929268, 0.00240616220981, 0.00529909925535, 0.00451269373298, 0.00407615676522, 0.00370568176731, 0.00613048067316, 0.00442963140085, 0.00367493415251, 0.00378265208565, 0.00542559055611, 0.00550202606246, 0.00749699864537, 0.00778785301372, 0.00629951385781, 0.00570387858897, 0.0048714261502, 0.00441954750568, 0.00300105451606, 0.00332983559929, 0.00050330319209, 0.000195150030777, 0.000119702803204, 4.10991469835e-006, 1.69831100294e-008, 1.20649878976e-009]
        mean: [2.13147259842e-007, 0.000114268012112, 0.000188144418644, 0.000175188688445, 0.000286220019916, 0.000321462575812, 0.000200521273655, 0.000138742572744, 0.000210261277971, 0.000294390833005, 0.000107417217805, 0.000114966460387, 0.000185133918421, 0.000187207653653, 0.000297756167129, 0.000308900460368, 0.000417202682002, 0.000418725772761, 0.000540184380952, 0.000335006392561, 0.000354504707502, 0.00011848295253, 2.57315550698e-005, 1.18984271467e-005, 5.46055935047e-006, 1.70796624843e-007, 4.29415752956e-010, 4.96141287776e-011]
        median: [6.61749055553e-008, 6.78818469169e-005, 0.000112282403279, 0.000104713239125, 0.000176708155777, 0.000161286763614, 8.93060787348e-005, 5.1156290283e-005, 7.37185400794e-005, 9.11856914172e-005, 3.93404152419e-005, 5.63094945392e-005, 9.04431071831e-005, 9.86589002423e-005, 0.000129250984173, 0.000174214554136, 0.000307595968479, 0.000292599375825, 0.00046831756481, 0.000276854640106, 0.000285025482299, 8.29520795378e-005, 1.58517668751e-005, 6.78240940033e-006, 3.17769422509e-006, 8.7853493369e-008, 1.9057221079e-010, 1.93308997282e-011]
        min: [7.21097753463e-024, 1.36995130968e-023, 1.55862727446e-023, 2.74971257803e-023, 2.99251260506e-023, 7.75314522648e-023, 5.59930125756e-023, 5.01896595076e-023, 6.70048734128e-023, 2.65282689047e-023, 4.83176452478e-023, 8.35244411835e-023, 8.52012565454e-023, 1.41737857394e-022, 1.07985313915e-022, 1.40649380806e-022, 2.23770531051e-022, 2.58212223416e-022, 1.86225194827e-022, 3.57840483741e-022, 7.20087885286e-022, 5.71983024241e-022, 6.70368191241e-022, 1.05011739967e-021, 1.51853871379e-021, 1.50445897289e-021, 2.46854342942e-021, 6.96334816424e-022]
        var: [1.76672112812e-013, 2.7243009626e-008, 7.30265412585e-008, 4.42420287072e-008, 1.8898171561e-007, 2.11938285588e-007, 1.02906959398e-007, 7.56507105848e-008, 1.86479240938e-007, 2.21449710125e-007, 5.73894318734e-008, 4.90631251182e-008, 1.08891768491e-007, 8.98076066846e-008, 3.01482799614e-007, 2.92206323138e-007, 2.03405889465e-007, 2.09175425425e-007, 1.78757531444e-007, 9.04536392454e-008, 1.00878615683e-007, 2.24009131244e-008, 1.51303258811e-009, 3.0275421059e-010, 6.87212300954e-011, 8.41835417565e-014, 5.61914853648e-019, 6.43079167598e-021]
    mfcc:
        mean: [-682.950256348, 82.9349746704, -48.6800689697, 45.4419326782, -12.1292591095, 1.29804468155, -4.37324619293, -4.24922561646, -1.07613277435, -6.18252038956, -2.39923763275, -4.33914089203, -6.48379325867]
        cov: [[4362.31591797, -321.368988037, 122.605285645, 461.846221924, -196.261566162, 12.9690418243, 12.9998016357, 5.8348274231, 87.0679931641, 42.6998138428, -14.2819013596, 9.69798660278, -43.2589912415], [-321.368988037, 888.680541992, -126.8956604, 48.2027282715, 173.262039185, 146.292251587, 127.620292664, 72.2322692871, 15.8507013321, -31.3490085602, 39.6704521179, -0.776328146458, 1.13236510754], [122.605285645, -126.8956604, 492.688751221, 46.5058326721, 93.7027893066, 94.0961761475, 105.733856201, 38.1939048767, 13.9439239502, 9.14598655701, 6.90047693253, 58.983291626, 34.3545570374], [461.846221924, 48.2027282715, 46.5058326721, 354.649200439, 74.1432647705, 79.6270065308, 37.5888290405, 30.0366802216, 65.9789733887, 20.4040355682, 5.876080513, 11.2383918762, 17.2726020813], [-196.261566162, 173.262039185, 93.7027893066, 74.1432647705, 385.452362061, 147.897537231, 44.5156326294, 55.4612121582, 22.3740100861, 40.9223022461, 37.849407196, 27.7140159607, 7.38191318512], [12.9690418243, 146.292251587, 94.0961761475, 79.6270065308, 147.897537231, 216.896072388, 87.8887023926, 70.8838653564, 34.0449562073, 24.6317024231, 41.1322212219, 32.6268310547, 5.06920576096], [12.9998016357, 127.620292664, 105.733856201, 37.5888290405, 44.5156326294, 87.8887023926, 203.020645142, 77.0098876953, 26.2413482666, 4.9274520874, 20.6337051392, 18.8610725403, 3.76088142395], [5.8348274231, 72.2322692871, 38.1939048767, 30.0366802216, 55.4612121582, 70.8838653564, 77.0098876953, 140.025741577, 50.3098106384, 27.3781909943, 24.5964546204, 7.66150951385, -8.55961894989], [87.0679931641, 15.8507013321, 13.9439239502, 65.9789733887, 22.3740100861, 34.0449562073, 26.2413482666, 50.3098106384, 114.480461121, 43.7516822815, 15.9595298767, 4.03240346909, 4.1106338501], [42.6998138428, -31.3490085602, 9.14598655701, 20.4040355682, 40.9223022461, 24.6317024231, 4.9274520874, 27.3781909943, 43.7516822815, 92.9641494751, 41.6301803589, 10.4052600861, -5.51923847198], [-14.2819013596, 39.6704521179, 6.90047693253, 5.876080513, 37.849407196, 41.1322212219, 20.6337051392, 24.5964546204, 15.9595298767, 41.6301803589, 79.9322433472, 30.9069747925, -5.19140577316], [9.69798660278, -0.776328146458, 58.983291626, 11.2383918762, 27.7140159607, 32.6268310547, 18.8610725403, 7.66150951385, 4.03240346909, 10.4052600861, 30.9069747925, 71.6993560791, 34.6616744995], [-43.2589912415, 1.13236510754, 34.3545570374, 17.2726020813, 7.38191318512, 5.06920576096, 3.76088142395, -8.55961894989, 4.1106338501, -5.51923847198, -5.19140577316, 34.6616744995, 73.9156570435]]
        icov: [[0.000299913837807, 7.01553581166e-005, -5.52706551389e-005, -0.000444450532086, 0.000239711851464, -3.60115191143e-005, 7.7409822552e-006, 1.75930163095e-005, 2.25478538596e-006, -0.000124360070913, 0.00013509116252, -0.000236110383412, 0.000394967617467], [7.01553581166e-005, 0.00178166665137, 0.000893830903806, -6.74427064951e-005, -0.000651428010315, -0.000703864498064, -0.00106537609827, -5.77501123189e-005, -0.00019836051797, 0.00147410912905, -0.000954241200816, 0.000562272733077, -0.000434650370153], [-5.52706551389e-005, 0.000893830903806, 0.00311941420659, 7.06731734681e-005, -0.000714225403499, -0.000791217375081, -0.00167408934794, 0.00012091636745, 2.19353969442e-005, 0.000352739240043, 0.000870952790137, -0.00173751486, -0.000386553118005], [-0.000444450532086, -6.74427064951e-005, 7.06731734681e-005, 0.00409843260422, -0.000654654402751, -0.000941630452871, -0.000162026146427, 0.000457538786577, -0.00192531559151, 0.000345668930095, 0.000262435089098, 0.000540077860933, -0.00116041058209], [0.000239711851464, -0.000651428010315, -0.000714225403499, -0.000654654402751, 0.00418343767524, -0.0020732274279, 0.0009598476463, -0.000435416877735, 0.000788209843449, -0.00181791291106, 0.000361057842383, -0.00027974502882, 0.000237298692809], [-3.60115191143e-005, -0.000703864498064, -0.000791217375081, -0.000941630452871, -0.0020732274279, 0.00882885698229, -0.00138706481084, -0.00164425885305, -0.000259949272731, 0.000280243140878, -0.00168175075669, -0.00151252001524, 0.000685755920131], [7.7409822552e-006, -0.00106537609827, -0.00167408934794, -0.000162026146427, 0.0009598476463, -0.00138706481084, 0.00809644721448, -0.00311965541914, 6.78133801557e-005, 0.00042457980453, -0.000369471672457, -0.000108381333121, 0.000115654009278], [1.75930163095e-005, -5.77501123189e-005, 0.00012091636745, 0.000457538786577, -0.000435416877735, -0.00164425885305, -0.00311965541914, 0.0114145735279, -0.00375873036683, -0.000618798425421, -0.000544314621948, 0.00013063690858, 0.00154821737669], [2.25478538596e-006, -0.00019836051797, 2.19353969442e-005, -0.00192531559151, 0.000788209843449, -0.000259949272731, 6.78133801557e-005, -0.00375873036683, 0.0135465273634, -0.0058555114083, 0.00103617901914, 0.000888647220563, -0.00159006717149], [-0.000124360070913, 0.00147410912905, 0.000352739240043, 0.000345668930095, -0.00181791291106, 0.000280243140878, 0.00042457980453, -0.000618798425421, -0.0058555114083, 0.0188295654953, -0.00939479190856, 0.00191043212544, -9.50861285673e-005], [0.00013509116252, -0.000954241200816, 0.000870952790137, 0.000262435089098, 0.000361057842383, -0.00168175075669, -0.000369471672457, -0.000544314621948, 0.00103617901914, -0.00939479190856, 0.0235008206218, -0.0117653878406, 0.00607123691589], [-0.000236110383412, 0.000562272733077, -0.00173751486, 0.000540077860933, -0.00027974502882, -0.00151252001524, -0.000108381333121, 0.00013063690858, 0.000888647220563, 0.00191043212544, -0.0117653878406, 0.027036735788, -0.0127247143537], [0.000394967617467, -0.000434650370153, -0.000386553118005, -0.00116041058209, 0.000237298692809, 0.000685755920131, 0.000115654009278, 0.00154821737669, -0.00159006717149, -9.50861285673e-005, 0.00607123691589, -0.0127247143537, 0.0207950528711]]
    sccoeffs:
        dmean: [0.0549477748573, 0.0513786040246, 0.0420682132244, 0.0338829830289, 0.0221374221146, 0.0190765019506]
        dmean2: [0.0911296159029, 0.0847536027431, 0.0682255327702, 0.0544456988573, 0.0362588204443, 0.0305989459157]
        dvar: [0.00223068194464, 0.00180065270979, 0.00116232875735, 0.000812332495116, 0.000332396797603, 0.000274595106021]
        dvar2: [0.00609986344352, 0.00463635567576, 0.00288749742322, 0.00194427033421, 0.000809144868981, 0.000637552468106]
        max: [-0.352400571108, -0.410851329565, -0.430270045996, -0.482804119587, -0.435895115137, -0.514009773731]
        mean: [-0.673234939575, -0.741521716118, -0.764902591705, -0.7847610116, -0.79032766819, -0.736783921719]
        median: [-0.680271208286, -0.747528135777, -0.77520608902, -0.796198189259, -0.797259628773, -0.737678706646]
        min: [-0.952520728111, -0.96959489584, -0.954275906086, -0.965819895267, -0.962198853493, -0.95943659544]
        var: [0.00526498490945, 0.00528957089409, 0.00485651567578, 0.00283878203481, 0.00144703115802, 0.00188375660218]
    scvalleys:
        dmean: [0.394358247519, 0.380374759436, 0.316924840212, 0.272087395191, 0.222745373845, 0.231141328812]
        dmean2: [0.625285208225, 0.625619351864, 0.518121600151, 0.428955584764, 0.344379663467, 0.334883570671]
        dvar: [0.147484242916, 0.144852146506, 0.0978472754359, 0.0829505324364, 0.0791346058249, 0.0837344378233]
        dvar2: [0.293523699045, 0.321174442768, 0.20196801424, 0.153431043029, 0.134178623557, 0.143328517675]
        max: [-5.31349992752, -4.4168548584, -5.35891914368, -5.57727718353, -5.34377336502, -7.35051441193]
        mean: [-7.02483510971, -6.65787506104, -6.94005203247, -6.81462287903, -6.78826093674, -9.19828414917]
        median: [-6.6664390564, -6.51863479614, -6.7994556427, -6.66470241547, -6.54484510422, -8.87185192108]
        min: [-27.7340183258, -27.1583061218, -27.691652298, -27.0152511597, -27.2206172943, -27.2737503052]
        var: [1.71053302288, 0.912218511105, 0.821596264839, 0.780815124512, 1.09585249424, 1.61697781086]

rhythm:
    beats_loudness:
        dmean: 0.0020316154696
        dmean2: 0.00365163083188
        dvar: 2.31185822486e-006
        dvar2: 6.6576512836e-006
        max: 0.0117032490671
        mean: 0.00617842515931
        median: 0.00642868876457
        min: 3.12583878781e-008
        var: 5.19162813362e-006
    bpm: 95.9302902222
    bpm_confidence: 0
    first_peak_bpm: 96
    first_peak_spread: 0.24213835597
    first_peak_weight: 0.750778794289
    onset_rate: 2.99566602707
    second_peak_bpm: 91
    second_peak_spread: 0
    second_peak_weight: 0.00934579409659
    beats_loudness_band_ratio:
        dmean: [0.0789625197649, 0.121135994792, 0.0921346843243, 0.0992603749037, 0.149502053857, 0.0935266464949]
        dmean2: [0.133531317115, 0.225882858038, 0.165459781885, 0.170582056046, 0.260300070047, 0.162521138787]
        dvar: [0.00798920448869, 0.00910392962396, 0.00948815327138, 0.00968550425023, 0.0159400999546, 0.0089335180819]
        dvar2: [0.0178070459515, 0.0254088528454, 0.0251597426832, 0.0263847857714, 0.0446268245578, 0.0251853819937]
        max: [0.805978238583, 0.584966957569, 0.860233008862, 0.652445077896, 0.93104326725, 0.828959941864]
        mean: [0.106039173901, 0.129943326116, 0.116898149252, 0.138081029058, 0.29117295146, 0.249730080366]
        median: [0.0773211121559, 0.102893821895, 0.0914242267609, 0.0970132350922, 0.25818836689, 0.247447520494]
        min: [7.17663442629e-006, 0.000197316359845, 0.00121910031885, 0.00675964495167, 0.00955828092992, 0.00132702593692]
        var: [0.0117200575769, 0.010581578128, 0.0101062804461, 0.0122586339712, 0.0220914334059, 0.0133738536388]
    beats_position: [0.650158703327, 1.30031740665, 1.95047616959, 2.60063481331, 3.25079369545, 3.9125623703, 4.57433080673, 5.21287965775, 5.85142850876, 6.47836732864, 7.10530614853, 7.73224496841, 8.35918331146, 8.97451210022, 9.58984088898, 10.2167797089, 10.8437185287, 11.4706573486, 12.0975961685, 12.7245349884, 13.3514738083, 13.9784126282, 14.6053514481, 15.2322902679, 15.8592290878, 16.4745578766, 17.0898857117, 17.7168254852, 18.3437633514, 18.970703125, 19.5976409912, 20.2245807648, 20.851518631, 21.4668483734, 22.0821762085, 22.7091159821, 23.3360538483, 23.9629936218, 24.589931488, 25.2168693542, 25.8438091278, 26.470746994, 27.0976867676, 27.7246246338, 28.3515644073, 28.9668922424, 29.5822219849, 30.2091598511, 30.8360996246, 31.4514274597, 32.0667572021, 32.6936950684, 33.3206329346, 33.9475746155, 34.5745124817, 35.2014503479, 35.8283882141, 36.4669380188, 37.1054878235, 37.7324256897, 38.3593635559, 38.9746932983, 39.5900230408, 40.216960907, 40.8438987732, 41.4708366394, 42.0977783203, 42.7247161865, 43.3516540527, 43.9785919189, 44.6055335999, 45.2324714661, 45.8594093323, 46.4747390747, 47.0900688171, 47.7170066833, 48.3439445496, 48.9708824158, 49.5978240967, 50.2247619629, 50.8516998291, 51.4786376953, 52.1055755615, 52.7325172424, 53.3594551086, 53.9747848511, 54.5901107788, 55.2170524597, 55.8439903259, 56.4825401306, 57.0978660583, 57.7248077393, 58.3517456055, 58.9786834717, 59.6056213379, 60.2325630188, 60.8478889465, 61.463218689, 62.0901565552, 62.7170982361, 63.3440361023, 63.95936203, 64.5979156494, 65.2248535156, 65.8517913818, 66.478729248, 67.1056671143, 67.7326049805, 68.3595428467, 68.9864807129, 69.60181427, 70.2171401978, 70.844078064, 71.4710159302, 72.0979614258, 72.724899292, 73.3518371582, 73.9671630859, 74.6057128906, 75.2326507568, 75.859588623, 76.4749221802, 77.0902481079, 77.7171859741, 78.3441238403, 78.9710617065, 79.5979995728, 80.2249450684, 80.8518829346, 81.4788208008, 82.0941467285, 82.7094802856, 83.3364181519, 83.9633560181, 84.5902938843, 85.2172317505, 85.8441696167, 86.4595031738, 87.0980453491, 87.7249908447, 88.3519287109, 88.9788665771, 89.6058044434, 90.2327423096, 90.8364639282, 91.4634017944, 92.0903396606, 92.7172775269, 93.3442153931, 93.9711532593, 94.5980911255, 95.2250289917, 95.8519744873, 96.4789123535, 97.1058502197, 97.7211761475, 98.3365097046, 98.9634475708, 99.590385437, 100.217323303, 100.844261169, 101.471199036, 102.098136902, 102.725074768, 103.352012634, 103.97895813, 104.605895996, 105.232833862, 105.859771729, 106.475097656, 107.090431213, 107.71736908, 108.344306946, 108.971244812, 109.598182678, 110.225120544, 110.852058411, 111.479003906, 112.105941772, 112.732879639, 113.359817505, 113.975143433, 114.59047699, 115.217414856, 115.844352722, 116.471290588, 117.098228455, 117.725166321, 118.352104187, 118.979042053, 119.605987549, 120.232925415, 120.859863281, 121.486801147, 122.113739014, 122.729064941, 123.344398499, 123.971336365, 124.598274231, 125.225212097, 125.852149963, 126.47908783, 127.106025696, 127.732971191, 128.359909058, 128.986846924, 129.61378479, 130.229110718, 130.844436646, 131.471374512, 132.098312378, 132.725265503, 133.352203369, 133.979141235, 134.606079102, 135.233016968, 135.859954834, 136.4868927, 137.102218628, 137.717544556, 138.344482422, 138.971420288, 139.598358154, 140.225296021, 140.852249146, 141.479187012, 142.106124878, 142.733062744, 143.36000061, 143.986938477, 144.613876343, 145.240814209, 145.867752075, 146.483078003, 147.098403931, 147.725341797, 148.352294922, 148.979232788, 149.606170654, 150.221496582, 150.848434448, 151.463760376, 152.090698242, 152.729248047, 153.344573975, 153.971511841, 154.598449707, 155.225387573, 155.852325439, 156.479278564, 157.106216431, 157.733154297, 158.348480225, 158.975418091, 159.590744019, 160.206069946, 160.844619751, 161.471557617, 162.098495483, 162.72543335, 163.352371216, 163.979324341, 164.606262207, 165.233200073, 165.848526001, 166.463851929, 167.090789795, 167.717727661, 168.344665527, 168.971603394, 169.59854126, 170.225479126, 170.852416992, 171.479354858, 172.106307983, 172.73324585, 173.360183716, 173.987121582, 174.614059448, 175.229385376, 175.844711304, 176.460037231, 177.098587036, 177.725524902, 178.352462769, 178.979400635, 179.606338501, 180.221679688, 180.848617554, 181.47555542, 182.102493286, 182.729431152, 183.34475708, 183.971694946, 184.598632813, 185.225570679, 185.852508545, 186.467849731, 187.094787598, 187.721725464, 188.34866333, 188.975601196, 189.590927124, 190.21786499, 190.844802856, 191.471740723, 192.098678589, 192.725616455, 193.352554321, 193.979492188, 194.606430054, 195.23336792, 195.860321045, 196.475646973, 197.102584839, 197.729522705, 198.344848633, 198.971786499, 199.598724365, 200.23727417, 200.887435913, 201.549209595]
    bpm_estimates: [92.28515625, 92.2851486206, 92.2851715088, 92.2851333618, 93.9630508423, 93.9630508423, 95.7031173706, 95.7031173706, 95.7031173706, 95.7031936646, 97.5088424683, 97.5088424683, 95.7031173706, 95.7031173706, 95.7031173706, 95.7031173706, 95.7031173706, 95.7031173706, 95.7031173706, 95.7031173706, 95.7031173706, 95.7031173706, 97.5088424683, 97.5089950562, 95.7029724121, 95.7032623291, 95.7029724121, 95.7032623291, 95.7029724121, 95.7032623291, 97.5086975098, 97.5089950562, 95.7029724121, 95.7032623291, 95.7029724121, 95.7032623291, 95.7032623291, 95.7029724121, 95.7032623291, 95.7029724121, 95.7032623291, 95.7029724121, 97.5089950562, 97.5086975098, 95.7032623291, 95.7029724121, 97.5089950562, 97.5086975098, 95.7032623291, 95.7032623291, 95.7026824951, 95.7032623291, 95.7032623291, 95.7032623291, 93.9629135132, 93.9629135132, 95.7032623291, 95.7032623291, 97.5086975098, 97.5086975098, 95.7032623291, 95.7032623291, 95.7032623291, 95.7026824951, 95.7032623291, 95.7032623291, 95.7032623291, 95.7026824951, 95.7032623291, 95.7032623291, 97.5086975098, 97.5086975098, 95.7032623291, 95.7032623291, 95.7032623291, 95.7026824951, 95.7032623291, 95.7032623291, 95.7032623291, 95.7032623291, 95.7026824951, 95.7032623291, 97.5086975098, 97.5093002319, 95.7026824951, 95.7032623291, 93.9629135132, 97.5093002319, 95.7026824951, 95.7032623291, 95.7032623291, 95.7032623291, 95.7026824951, 97.5093002319, 97.5086975098, 95.7032623291, 95.7026824951, 95.7032623291, 97.5093002319, 93.962348938, 95.7032623291, 95.7032623291, 95.7032623291, 95.7032623291, 95.7032623291, 95.7032623291, 95.7032623291, 97.5080871582, 97.5093002319, 95.7032623291, 95.7032623291, 95.7021026611, 95.7032623291, 95.7032623291, 97.5093002319, 93.9629135132, 95.7032623291, 95.7032623291, 97.5080871582, 97.5093002319, 95.7032623291, 95.7032623291, 95.7032623291, 95.7032623291, 95.7021026611, 95.7032623291, 95.7032623291, 97.5093002319, 97.5080871582, 95.7032623291, 95.7032623291, 95.7032623291, 95.7032623291, 95.7032623291, 97.5080871582, 93.9640350342, 95.7021026611, 95.7032623291, 95.7032623291, 95.7032623291, 95.7032623291, 99.3835525513, 95.7032623291, 95.7032623291, 95.7032623291, 95.7032623291, 95.7032623291, 95.7032623291, 95.7032623291, 95.7021026611, 95.7032623291, 95.7032623291, 97.5093002319, 97.5080871582, 95.7032623291, 95.7032623291, 95.7032623291, 95.7032623291, 95.7032623291, 95.7032623291, 95.7032623291, 95.7032623291, 95.7021026611, 95.7032623291, 95.7032623291, 95.7032623291, 97.5093002319, 97.5080871582, 95.7032623291, 95.7032623291, 95.7032623291, 95.7032623291, 95.7032623291, 95.7032623291, 95.7021026611, 95.7032623291, 95.7032623291, 95.7032623291, 97.5093002319, 97.5080871582, 95.7032623291, 95.7032623291, 95.7032623291, 95.7032623291, 95.7032623291, 95.7032623291, 95.7032623291, 95.7021026611, 95.7032623291, 95.7032623291, 95.7032623291, 95.7032623291, 97.5093002319, 97.5080871582, 95.7032623291, 95.7032623291, 95.7032623291, 95.7032623291, 95.7032623291, 95.7032623291, 95.7021026611, 95.7032623291, 95.7032623291, 95.7032623291, 97.5093002319, 97.5093002319, 95.7032623291, 95.7032623291, 95.7009353638, 95.7032623291, 95.7032623291, 95.7032623291, 95.7032623291, 95.7032623291, 95.7032623291, 97.5093002319, 97.5093002319, 95.7032623291, 95.7032623291, 95.7032623291, 95.7032623291, 95.7009353638, 95.7032623291, 95.7032623291, 95.7032623291, 95.7032623291, 95.7032623291, 95.7032623291, 95.7032623291, 95.7032623291, 97.5093002319, 97.5093002319, 95.7032623291, 95.7009353638, 95.7032623291, 95.7032623291, 97.5093002319, 95.7032623291, 97.5093002319, 95.7032623291, 93.9629135132, 97.5093002319, 95.7032623291, 95.7032623291, 95.7032623291, 95.7032623291, 95.7009353638, 95.7032623291, 95.7032623291, 97.5093002319, 95.7032623291, 97.5093002319, 97.5093002319, 93.9629135132, 95.7032623291, 95.7032623291, 95.7032623291, 95.7032623291, 95.7009353638, 95.7032623291, 95.7032623291, 97.5093002319, 97.5093002319, 95.7032623291, 95.7032623291, 95.7032623291, 95.7032623291, 95.7032623291, 95.7032623291, 95.7032623291, 95.7032623291, 95.7009353638, 95.7032623291, 95.7032623291, 95.7032623291, 95.7032623291, 97.5093002319, 97.5093002319, 97.5093002319, 93.9629135132, 95.7032623291, 95.7032623291, 95.7032623291, 95.7032623291, 97.5068817139, 95.7032623291, 95.7032623291, 95.7032623291, 95.7032623291, 97.5093002319, 95.7032623291, 95.7032623291, 95.7032623291, 95.7032623291, 97.5068817139, 95.7032623291, 95.7032623291, 95.7032623291, 95.7032623291, 97.5093002319, 95.7032623291, 95.7032623291, 95.7032623291, 95.7032623291, 95.7032623291, 95.7032623291, 95.7032623291, 95.7032623291, 95.7032623291, 95.7009353638, 97.5093002319, 95.7032623291, 95.7032623291, 97.5093002319, 95.7032623291, 95.7032623291, 93.9629135132, 92.2847290039]
