
metadata:
    version:
        essentia: "2.1-beta2"
    audio_properties:
        analysis_sample_rate: 44100
        bitrate: 128
        channels: 2
        equal_loudness: 1
        length: 211.617965698
        replay_gain: -14.7369270325
        downmix: "mix"
    tags:
        album: "World We View"
        artist: "Nine Lashes"
        comment: ""
        date: "2012"
        genre: "Religious"
        title: "Our Darkest Day"
        tracknumber: "1"

configuration:
    average_loudness:
        compute: 1
        frameSize: 88200
        hopSize: 44100
        silentFrames: "noise"
        windowType: "hann"
    general:
        analysisSampleRate: 44100
        endTime: 2000
        equalLoudness: 1
        nequalLoudness: 0
        shortSound: 0
        startTime: 0
    lowlevel:
        compute: 1
        frameSize: 2048
        hopSize: 1024
        zeroPadding: 0
        silentFrames: "noise"
        windowType: "blackmanharris62"
        mfccStats: ["mean", "cov", "icov"]
        stats: ["mean", "var", "median", "min", "max", "dmean", "dmean2", "dvar", "dvar2"]
    panning:
        compute: 0
        frameSize: 8192
        hopSize: 2048
        zeroPadding: 8192
        silentFrames: "noise"
        windowType: "hann"
        stats: ["copy"]
    rhythm:
        compute: 1
        maxTempo: 208
        minTempo: 40
        method: "degara"
        stats: ["mean", "var", "median", "min", "max", "dmean", "dmean2", "dvar", "dvar2"]
    segmentation:
        compute: 0
        cpw: 5
        inc1: 300
        inc2: 50
        minimumSegmentsLength: 10
        size1: 1000
        size2: 600
    sfx:
        compute: 1
        stats: ["mean", "var", "median", "min", "max", "dmean", "dmean2", "dvar", "dvar2"]
    svm:
        compute: 0
    tonal:
        compute: 1
        frameSize: 4096
        hopSize: 2048
        zeroPadding: 0
        silentFrames: "noise"
        windowType: "blackmanharris62"
        stats: ["mean", "var", "median", "min", "max", "dmean", "dmean2", "dvar", "dvar2"]

lowlevel:
    average_loudness: 0.958557605743
    barkbands_kurtosis:
        dmean: 0.584148406982
        dmean2: 0.933176338673
        dvar: 1.03886413574
        dvar2: 2.41573786736
        max: 45.5035133362
        mean: -0.396568059921
        median: -1.03886699677
        min: -1.86819350719
        var: 7.83052158356
    barkbands_skewness:
        dmean: 0.315760761499
        dmean2: 0.500600516796
        dvar: 0.0987021923065
        dvar2: 0.230160444975
        max: 3.99089121819
        mean: -0.192553877831
        median: -0.191389396787
        min: -5.47894716263
        var: 0.698934555054
    barkbands_spread:
        dmean: 5.13445901871
        dmean2: 8.17694473267
        dvar: 27.8551101685
        dvar2: 69.0631561279
        max: 72.8105239868
        mean: 32.9389648438
        median: 32.7946815491
        min: 2.04107022285
        var: 137.519805908
    dissonance:
        dmean: 0.0116344802082
        dmean2: 0.0196666549891
        dvar: 0.000148891238496
        dvar2: 0.000404036778491
        max: 0.500000119209
        mean: 0.477278083563
        median: 0.483267366886
        min: 0.318203836679
        var: 0.000421029340941
    hfc:
        dmean: 2.33554673195
        dmean2: 3.85707712173
        dvar: 9.60454940796
        dvar2: 25.1371765137
        max: 49.9322013855
        mean: 10.5854511261
        median: 10.8257684708
        min: 1.21316862971e-016
        var: 34.0432357788
    pitch:
        dmean: 670.843994141
        dmean2: 1280.20385742
        dvar: 1446864
        dvar2: 3806982.75
        max: 4876.44726563
        mean: 1316.81164551
        median: 355.130340576
        min: 56.3364372253
        var: 2395219.75
    pitch_instantaneous_confidence:
        dmean: 0.07265753299
        dmean2: 0.11940010637
        dvar: 0.0037395330146
        dvar2: 0.00957374740392
        max: 0.948329269886
        mean: 0.388027667999
        median: 0.358599424362
        min: 0.116849899292
        var: 0.0204912256449
    pitch_salience:
        dmean: 0.0526108033955
        dmean2: 0.0871205925941
        dvar: 0.00226210453548
        dvar2: 0.00587594462559
        max: 0.929005324841
        mean: 0.646416306496
        median: 0.659757196903
        min: 0.192443326116
        var: 0.00784984137863
    silence_rate_20dB:
        dmean: 0
        dmean2: 0
        dvar: 0
        dvar2: 0
        max: 1
        mean: 1
        median: 1
        min: 1
        var: 0
    silence_rate_30dB:
        dmean: 0
        dmean2: 0
        dvar: 0
        dvar2: 0
        max: 1
        mean: 1
        median: 1
        min: 1
        var: 0
    silence_rate_60dB:
        dmean: 0.0250164587051
        dmean2: 0.050038408488
        dvar: 0.0243904255331
        dvar2: 0.0565316230059
        max: 1
        mean: 0.144487112761
        median: 0
        min: 0
        var: 0.123607337475
    spectral_centroid:
        dmean: 225.48979187
        dmean2: 357.872314453
        dvar: 58091.140625
        dvar2: 127492.679688
        max: 10964.9697266
        mean: 1908.23327637
        median: 1938.48522949
        min: 141.720611572
        var: 355802.1875
    spectral_complexity:
        dmean: 3.767390728
        dmean2: 6.19993400574
        dvar: 14.5696077347
        dvar2: 36.1440925598
        max: 48
        mean: 18.8073501587
        median: 20
        min: 0
        var: 84.2464981079
    spectral_crest:
        dmean: 1.7805107832
        dmean2: 2.9302675724
        dvar: 2.87729072571
        dvar2: 7.4695148468
        max: 24.4950733185
        mean: 7.0891699791
        median: 6.13423061371
        min: 2.28857016563
        var: 10.7136907578
    spectral_decrease:
        dmean: 2.61527882683e-010
        dmean2: 4.43315745224e-010
        dvar: 1.52807530249e-019
        dvar2: 4.15691655225e-019
        max: 3.42262547466e-029
        mean: -1.20192777953e-009
        median: -1.21750753923e-009
        min: -4.78908068757e-009
        var: 3.46799245824e-019
    spectral_energy:
        dmean: 0.00115876621567
        dmean2: 0.00196005683392
        dvar: 2.93259745376e-006
        dvar2: 7.95834512246e-006
        max: 0.0212113764137
        mean: 0.00549649167806
        median: 0.00554646644741
        min: 1.08746284737e-020
        var: 7.19471063348e-006
    spectral_energyband_high:
        dmean: 0.000224077200983
        dmean2: 0.000375064642867
        dvar: 1.1651795262e-007
        dvar2: 3.08146297812e-007
        max: 0.00513191800565
        mean: 0.000656521762721
        median: 0.000617063895334
        min: 7.85615594566e-021
        var: 2.45232541829e-007
    spectral_energyband_low:
        dmean: 0.000311727722874
        dmean2: 0.000547070987523
        dvar: 3.68726347233e-007
        dvar2: 1.02376429822e-006
        max: 0.00549555337057
        mean: 0.000450262392405
        median: 0.000335888413247
        min: 4.39311968061e-023
        var: 3.02528917473e-007
    spectral_energyband_middle_high:
        dmean: 0.000644226325676
        dmean2: 0.00103280809708
        dvar: 5.55485712539e-007
        dvar2: 1.33385367462e-006
        max: 0.012948368676
        mean: 0.00283421343192
        median: 0.00257283449173
        min: 1.52809884968e-021
        var: 3.20339859172e-006
    spectral_energyband_middle_low:
        dmean: 0.000594848417677
        dmean2: 0.000993526657112
        dvar: 1.10268138087e-006
        dvar2: 2.98561553791e-006
        max: 0.0122826732695
        mean: 0.00166953203734
        median: 0.00137672643177
        min: 3.62915295364e-022
        var: 1.6131581333e-006
    spectral_flatness_db:
        dmean: 0.0126509256661
        dmean2: 0.0201633479446
        dvar: 0.000136148766614
        dvar2: 0.000310584669933
        max: 0.47900775075
        mean: 0.152510792017
        median: 0.139102086425
        min: 0.0597741417587
        var: 0.00230635260232
    spectral_flux:
        dmean: 0.00747607741505
        dmean2: 0.0117094647139
        dvar: 7.93700528448e-005
        dvar2: 0.00015992783301
        max: 0.116595238447
        mean: 0.0430742092431
        median: 0.0430829077959
        min: 1.04281486224e-010
        var: 0.000320609280607
    spectral_kurtosis:
        dmean: 1.36359167099
        dmean2: 2.36736869812
        dvar: 11.1546611786
        dvar2: 34.7179756165
        max: 75.5154876709
        mean: 3.45459675789
        median: 2.43524503708
        min: -1.20012962818
        var: 20.0690994263
    spectral_rms:
        dmean: 0.000227116819588
        dmean2: 0.000377421907615
        dvar: 8.47695815764e-008
        dvar2: 2.21180528115e-007
        max: 0.00454906886443
        mean: 0.00220658699982
        median: 0.00232619582675
        min: 3.25720635359e-012
        var: 4.93425886816e-007
    spectral_rolloff:
        dmean: 315.199981689
        dmean2: 509.596679688
        dvar: 136835.765625
        dvar2: 271942.59375
        max: 18820.0195313
        mean: 3515.34765625
        median: 3703.7109375
        min: 193.798828125
        var: 815028.625
    spectral_skewness:
        dmean: 0.176073253155
        dmean2: 0.295270323753
        dvar: 0.0694861188531
        dvar2: 0.207065224648
        max: 6.68307876587
        mean: 1.17287576199
        median: 1.08495402336
        min: 0.00346883805469
        var: 0.204592809081
    spectral_spread:
        dmean: 361010.6875
        dmean2: 519155.53125
        dvar: 275551715328
        dvar2: 407272980480
        max: 40875088
        mean: 4414736.5
        median: 4360898.5
        min: 766465.8125
        var: 1.62346945741e+012
    spectral_strongpeak:
        dmean: 0.472143739462
        dmean2: 0.801285147667
        dvar: 0.493831664324
        dvar2: 1.24948382378
        max: 9.87081432343
        mean: 0.901735007763
        median: 0.47875675559
        min: 5.85538417752e-009
        var: 1.0258500576
    zerocrossingrate:
        dmean: 0.007182888221
        dmean2: 0.00889788474888
        dvar: 6.11476862105e-005
        dvar2: 7.56544541218e-005
        max: 0.47900390625
        mean: 0.106273733079
        median: 0.10888671875
        min: 0.0078125
        var: 0.00077048438834
    barkbands:
        dmean: [2.1199684852e-007, 0.000104338454548, 0.000191574828932, 0.000146482576383, 0.00027858154499, 0.000175759909325, 0.000116510127555, 9.95832378976e-005, 0.000125351973111, 8.92309617484e-005, 7.59858230595e-005, 7.87597673479e-005, 9.77672971203e-005, 9.9526521808e-005, 0.00014746535453, 0.000160865369253, 0.000168153099366, 0.000148412058479, 0.000223490293138, 0.000162198790349, 0.000145697937114, 4.36312329839e-005, 6.25125630904e-006, 2.77778303825e-006, 1.49971788233e-006, 3.60865470839e-008, 2.93593510614e-010]
        dmean2: [3.4351964473e-007, 0.000177526846528, 0.000345760927303, 0.000257915206021, 0.000477407826111, 0.000285885413177, 0.000191077691852, 0.00016108759155, 0.00019535793399, 0.000138001822052, 0.000118897565699, 0.000125380858663, 0.000157164307893, 0.000160905110533, 0.000228117787628, 0.000253608392086, 0.000272959587164, 0.000252334866673, 0.000379164586775, 0.000275229394902, 0.000248658878263, 7.03552577761e-005, 9.86118266155e-006, 4.04307593271e-006, 2.17665046875e-006, 5.2998903044e-008, 5.18850296061e-010]
        dvar: [1.55078491823e-013, 4.23076755851e-008, 1.35933476031e-007, 6.00688352392e-008, 4.14723672293e-007, 8.76142109973e-008, 5.71613085754e-008, 3.24286553166e-008, 5.10582687241e-008, 4.13156158174e-008, 3.6648621915e-008, 2.91343233982e-008, 5.35052144812e-008, 5.77735193019e-008, 1.39220915685e-007, 1.07050254883e-007, 6.43342801254e-008, 3.77785767114e-008, 7.30288505224e-008, 4.65763783097e-008, 4.45459527043e-008, 4.29771507271e-009, 1.46613735041e-010, 5.65749114223e-011, 2.24494398765e-011, 1.49672957947e-014, 1.99364589696e-019]
        dvar2: [3.6209837212e-013, 1.1236092945e-007, 3.92292463403e-007, 1.67336096979e-007, 1.16456089927e-006, 2.19059373308e-007, 1.41321052638e-007, 7.57903890758e-008, 1.08384824671e-007, 9.12885482762e-008, 7.93567167534e-008, 7.12296852612e-008, 1.33146770054e-007, 1.37588216376e-007, 2.84472889689e-007, 2.20875207901e-007, 1.43618947845e-007, 1.0006818485e-007, 1.97703997173e-007, 1.30184602654e-007, 1.21022608823e-007, 9.98203297797e-009, 3.09692160805e-010, 1.01962660537e-010, 4.05033125095e-011, 2.91942644647e-014, 5.6741183071e-019]
        max: [4.16829152527e-006, 0.0017980429111, 0.00338796596043, 0.00214265147224, 0.00758552504703, 0.0041095642373, 0.0045339372009, 0.0037865662016, 0.00567768700421, 0.00552783766761, 0.00419284030795, 0.00365138868801, 0.00394897675142, 0.00505496794358, 0.00789112411439, 0.0119520528242, 0.00824579969049, 0.00658942339942, 0.00691691692919, 0.00387116940692, 0.00300648692064, 0.00155470415484, 0.000362957536709, 0.000178159680218, 0.000124958649394, 4.00484759666e-006, 9.78662662021e-009]
        mean: [2.36281650245e-007, 0.000150893407408, 0.000222117450903, 0.000170096245711, 0.000431093823863, 0.000301739375573, 0.000173283871845, 0.000208739889786, 0.000337371981004, 0.000191101848031, 0.000140513846418, 0.000133277237182, 0.000161664007464, 0.000162231299328, 0.000257325125858, 0.00033605194767, 0.000369732442778, 0.000335588876624, 0.000529653567355, 0.000402591220336, 0.000350091460859, 0.000108700391138, 1.35825466714e-005, 5.66558219361e-006, 3.0725373108e-006, 6.91707100486e-008, 3.09096109818e-010]
        median: [6.63813963797e-008, 0.0001063517484, 0.000128354004119, 8.77096244949e-005, 0.000234038947383, 0.00016721044085, 7.72010098444e-005, 7.17316870578e-005, 9.49582245084e-005, 4.55108565802e-005, 4.13342204411e-005, 5.65317350265e-005, 6.05244385952e-005, 6.97416253388e-005, 0.000109660002636, 0.000168270184076, 0.000250277633313, 0.000301971478621, 0.000504856579937, 0.000382794445613, 0.000317558908137, 9.07252615434e-005, 8.62715023686e-006, 2.6876280117e-006, 1.2041117543e-006, 2.50630751708e-008, 1.44673759084e-010]
        min: [7.88930246095e-024, 1.29387829715e-023, 1.73205866002e-023, 1.55227221101e-023, 8.68322864204e-023, 2.97618349987e-023, 1.90744058305e-023, 1.13634895904e-022, 9.04225123069e-023, 5.55255083596e-023, 1.54991086633e-022, 4.85174226943e-023, 1.46374150706e-022, 1.88476086358e-022, 1.43458407204e-022, 1.42430186968e-022, 1.04478719906e-022, 1.6997473591e-022, 2.46007951989e-022, 3.77307450424e-022, 2.60352447228e-022, 5.45678135502e-022, 6.29250539428e-022, 1.03382965603e-021, 1.17060607058e-021, 1.67924187281e-021, 2.55585218152e-021]
        var: [1.76130079488e-013, 3.97147346121e-008, 1.02012052139e-007, 5.71072966693e-008, 4.0710639837e-007, 1.57871042461e-007, 9.09946251682e-008, 1.82704937401e-007, 4.38052239815e-007, 2.04345738553e-007, 1.09702916973e-007, 5.7307889989e-008, 9.81437295877e-008, 1.05352647495e-007, 2.87672207833e-007, 3.78891570563e-007, 2.08029675264e-007, 6.90693013894e-008, 1.63620356375e-007, 9.2387949735e-008, 8.26484907179e-008, 1.07778461711e-008, 4.07674366487e-010, 1.36913660964e-010, 5.10921652208e-011, 3.4563650363e-014, 2.29836967035e-019]
    frequency_bands:
        dmean: [2.1199684852e-007, 0.000104338454548, 0.000191574828932, 0.000146482576383, 0.00027858154499, 0.000175759909325, 0.000116510127555, 9.95832378976e-005, 0.000125351973111, 8.92309617484e-005, 7.59858230595e-005, 7.87597673479e-005, 9.77672971203e-005, 9.9526521808e-005, 0.00014746535453, 0.000160865369253, 0.000168153099366, 0.000148412058479, 0.000223490293138, 0.000162198790349, 0.000145697937114, 4.36312329839e-005, 6.25125630904e-006, 2.77778303825e-006, 1.49971788233e-006, 3.60865470839e-008, 2.93593510614e-010, 6.54122936372e-011]
        dmean2: [3.4351964473e-007, 0.000177526846528, 0.000345760927303, 0.000257915206021, 0.000477407826111, 0.000285885413177, 0.000191077691852, 0.00016108759155, 0.00019535793399, 0.000138001822052, 0.000118897565699, 0.000125380858663, 0.000157164307893, 0.000160905110533, 0.000228117787628, 0.000253608392086, 0.000272959587164, 0.000252334866673, 0.000379164586775, 0.000275229394902, 0.000248658878263, 7.03552577761e-005, 9.86118266155e-006, 4.04307593271e-006, 2.17665046875e-006, 5.2998903044e-008, 5.18850296061e-010, 1.21696416833e-010]
        dvar: [1.55078491823e-013, 4.23076755851e-008, 1.35933476031e-007, 6.00688352392e-008, 4.14723672293e-007, 8.76142109973e-008, 5.71613085754e-008, 3.24286553166e-008, 5.10582687241e-008, 4.13156158174e-008, 3.6648621915e-008, 2.91343233982e-008, 5.35052144812e-008, 5.77735193019e-008, 1.39220915685e-007, 1.07050254883e-007, 6.43342801254e-008, 3.77785767114e-008, 7.30288505224e-008, 4.65763783097e-008, 4.45459527043e-008, 4.29771507271e-009, 1.46613735041e-010, 5.65749114223e-011, 2.24494398765e-011, 1.49672957947e-014, 1.99364589696e-019, 8.39939308046e-021]
        dvar2: [3.6209837212e-013, 1.1236092945e-007, 3.92292463403e-007, 1.67336096979e-007, 1.16456089927e-006, 2.19059373308e-007, 1.41321052638e-007, 7.57903890758e-008, 1.08384824671e-007, 9.12885482762e-008, 7.93567167534e-008, 7.12296852612e-008, 1.33146770054e-007, 1.37588216376e-007, 2.84472889689e-007, 2.20875207901e-007, 1.43618947845e-007, 1.0006818485e-007, 1.97703997173e-007, 1.30184602654e-007, 1.21022608823e-007, 9.98203297797e-009, 3.09692160805e-010, 1.01962660537e-010, 4.05033125095e-011, 2.91942644647e-014, 5.6741183071e-019, 2.66867109485e-020]
        max: [4.16829152527e-006, 0.0017980429111, 0.00338796596043, 0.00214265147224, 0.00758552504703, 0.0041095642373, 0.0045339372009, 0.0037865662016, 0.00567768700421, 0.00552783766761, 0.00419284030795, 0.00365138868801, 0.00394897675142, 0.00505496794358, 0.00789112411439, 0.0119520528242, 0.00824579969049, 0.00658942339942, 0.00691691692919, 0.00387116940692, 0.00300648692064, 0.00155470415484, 0.000362957536709, 0.000178159680218, 0.000124958649394, 4.00484759666e-006, 9.78662662021e-009, 1.1872514083e-009]
        mean: [2.36281650245e-007, 0.000150893407408, 0.000222117450903, 0.000170096245711, 0.000431093823863, 0.000301739375573, 0.000173283871845, 0.000208739889786, 0.000337371981004, 0.000191101848031, 0.000140513846418, 0.000133277237182, 0.000161664007464, 0.000162231299328, 0.000257325125858, 0.00033605194767, 0.000369732442778, 0.000335588876624, 0.000529653567355, 0.000402591220336, 0.000350091460859, 0.000108700391138, 1.35825466714e-005, 5.66558219361e-006, 3.0725373108e-006, 6.91707100486e-008, 3.09096109818e-010, 5.04834854476e-011]
        median: [6.63813963797e-008, 0.0001063517484, 0.000128354004119, 8.77096244949e-005, 0.000234038947383, 0.00016721044085, 7.72010098444e-005, 7.17316870578e-005, 9.49582245084e-005, 4.55108565802e-005, 4.13342204411e-005, 5.65317350265e-005, 6.05244385952e-005, 6.97416253388e-005, 0.000109660002636, 0.000168270184076, 0.000250277633313, 0.000301971478621, 0.000504856579937, 0.000382794445613, 0.000317558908137, 9.07252615434e-005, 8.62715023686e-006, 2.6876280117e-006, 1.2041117543e-006, 2.50630751708e-008, 1.44673759084e-010, 1.83672990012e-011]
        min: [7.88930246095e-024, 1.29387829715e-023, 1.73205866002e-023, 1.55227221101e-023, 8.68322864204e-023, 2.97618349987e-023, 1.90744058305e-023, 1.13634895904e-022, 9.04225123069e-023, 5.55255083596e-023, 1.54991086633e-022, 4.85174226943e-023, 1.46374150706e-022, 1.88476086358e-022, 1.43458407204e-022, 1.42430186968e-022, 1.04478719906e-022, 1.6997473591e-022, 2.46007951989e-022, 3.77307450424e-022, 2.60352447228e-022, 5.45678135502e-022, 6.29250539428e-022, 1.03382965603e-021, 1.17060607058e-021, 1.67924187281e-021, 2.55585218152e-021, 8.28872586666e-022]
        var: [1.76130079488e-013, 3.97147346121e-008, 1.02012052139e-007, 5.71072966693e-008, 4.0710639837e-007, 1.57871042461e-007, 9.09946251682e-008, 1.82704937401e-007, 4.38052239815e-007, 2.04345738553e-007, 1.09702916973e-007, 5.7307889989e-008, 9.81437295877e-008, 1.05352647495e-007, 2.87672207833e-007, 3.78891570563e-007, 2.08029675264e-007, 6.90693013894e-008, 1.63620356375e-007, 9.2387949735e-008, 8.26484907179e-008, 1.07778461711e-008, 4.07674366487e-010, 1.36913660964e-010, 5.10921652208e-011, 3.4563650363e-014, 2.29836967035e-019, 6.57976658118e-021]
    mfcc:
        mean: [-698.061523438, 92.7594680786, -50.4265441895, 54.2289848328, -15.8970632553, 0.524837017059, -3.46305513382, -6.05342626572, 1.22947967052, -5.90843200684, -1.47520852089, -4.97028875351, -4.67389011383]
        cov: [[8366.32910156, 573.623413086, -220.146759033, 1000.2802124, -273.240600586, 559.228027344, -102.773132324, 14.4312734604, 279.122161865, -76.3771514893, 118.719223022, 67.5307769775, -3.82247400284], [573.623413086, 874.226623535, -232.426040649, -91.9832229614, -58.9957695007, -72.790763855, -67.581199646, -9.84852313995, -41.1688117981, -48.5908546448, -23.5736751556, -45.146232605, -28.2805538177], [-220.146759033, -232.426040649, 374.217468262, 74.8882369995, 105.269683838, 69.2331314087, 42.8439216614, 9.54612541199, 5.52957391739, 21.5109653473, 19.6344432831, 34.9013137817, 27.2051372528], [1000.2802124, -91.9832229614, 74.8882369995, 591.764404297, 67.0867462158, 196.304840088, 34.4550933838, 4.14241933823, 95.3996047974, 20.1066112518, 53.4847183228, 52.7470588684, 43.4610099792], [-273.240600586, -58.9957695007, 105.269683838, 67.0867462158, 234.499343872, 37.7838439941, -29.6228542328, -21.5272274017, -1.36845839024, 31.7031154633, -3.4649412632, 12.4754276276, 18.0632076263], [559.228027344, -72.790763855, 69.2331314087, 196.304840088, 37.7838439941, 225.472198486, 74.2654190063, 42.3874397278, 65.1814651489, 17.4645214081, 50.2370376587, 43.3711128235, 24.8655586243], [-102.773132324, -67.581199646, 42.8439216614, 34.4550933838, -29.6228542328, 74.2654190063, 216.805252075, 95.7054214478, 34.9345970154, 15.4599723816, 13.5607004166, 33.9699440002, 11.884771347], [14.4312734604, -9.84852313995, 9.54612541199, 4.14241933823, -21.5272274017, 42.3874397278, 95.7054214478, 132.27053833, 69.7328033447, 26.265378952, 13.4433517456, 16.8828048706, 2.56224751472], [279.122161865, -41.1688117981, 5.52957391739, 95.3996047974, -1.36845839024, 65.1814651489, 34.9345970154, 69.7328033447, 139.912734985, 65.166557312, 38.1036071777, 21.3570709229, -3.3006696701], [-76.3771514893, -48.5908546448, 21.5109653473, 20.1066112518, 31.7031154633, 17.4645214081, 15.4599723816, 26.265378952, 65.166557312, 97.347694397, 44.3964958191, 19.1793231964, -7.45555496216], [118.719223022, -23.5736751556, 19.6344432831, 53.4847183228, -3.4649412632, 50.2370376587, 13.5607004166, 13.4433517456, 38.1036071777, 44.3964958191, 83.935218811, 39.2934188843, 4.26385450363], [67.5307769775, -45.146232605, 34.9013137817, 52.7470588684, 12.4754276276, 43.3711128235, 33.9699440002, 16.8828048706, 21.3570709229, 19.1793231964, 39.2934188843, 78.9500198364, 38.9186553955], [-3.82247400284, -28.2805538177, 27.2051372528, 43.4610099792, 18.0632076263, 24.8655586243, 11.884771347, 2.56224751472, -3.3006696701, -7.45555496216, 4.26385450363, 38.9186553955, 69.120765686]]
        icov: [[0.000228859280469, -0.000165150631801, 1.84360651474e-005, -0.000277299754089, 0.000395306997234, -0.000535026600119, 0.0003455018159, 7.69917387515e-005, -0.000301158550428, 0.000227665688726, 0.00019184438861, -0.000254444254097, 0.000280699314317], [-0.000165150631801, 0.00156234879978, 0.000824451621156, 0.000219718262088, -0.000436981674284, 0.000476019718917, 9.8204400274e-005, -0.000595947960392, 0.000535235041752, 0.000432024011388, -0.000575105368625, 0.000474200351164, -4.37571434304e-005], [1.84360651474e-005, 0.000824451621156, 0.00381392799318, -5.84857116337e-005, -0.00145946198609, -0.000461027695565, -0.000421575794462, -0.000278610299574, 0.000661179015879, 0.000139234136441, -0.000552343495656, -0.0002761160722, -0.0002598077117], [-0.000277299754089, 0.000219718262088, -5.84857116337e-005, 0.0031107540708, -0.000955563678872, -0.00112899939995, -0.00064458308043, 0.00148870470002, -0.00186302990187, 0.00089430733351, -0.000721990363672, 0.000313286378514, -0.00127121701371], [0.000395306997234, -0.000436981674284, -0.00145946198609, -0.000955563678872, 0.00690943514928, -0.0024100788869, 0.00219257338904, 0.000230159857892, 0.00134833005723, -0.0039732856676, 0.00365131860599, -0.00116316543426, -0.000240325491177], [-0.000535026600119, 0.000476019718917, -0.000461027695565, -0.00112899939995, -0.0024100788869, 0.00988754350692, -0.00305756577291, -0.000351888709702, -0.00192811945453, 0.00294116931036, -0.00475498661399, 0.000833958736621, -0.00128292420413], [0.0003455018159, 9.8204400274e-005, -0.000421575794462, -0.00064458308043, 0.00219257338904, -0.00305756577291, 0.00896609574556, -0.00606212439016, 0.0025704279542, -0.00156632566359, 0.00254096719436, -0.00311648915522, 0.0013923253864], [7.69917387515e-005, -0.000595947960392, -0.000278610299574, 0.00148870470002, 0.000230159857892, -0.000351888709702, -0.00606212439016, 0.0162072852254, -0.00863596610725, 0.00153208139818, 0.000508526281919, 0.00020019862859, -0.000949204608332], [-0.000301158550428, 0.000535235041752, 0.000661179015879, -0.00186302990187, 0.00134833005723, -0.00192811945453, 0.0025704279542, -0.00863596610725, 0.0184424221516, -0.0105884196237, 0.00121270818636, -0.00056558457436, 0.00131516461261], [0.000227665688726, 0.000432024011388, 0.000139234136441, 0.00089430733351, -0.0039732856676, 0.00294116931036, -0.00156632566359, 0.00153208139818, -0.0105884196237, 0.0229708757252, -0.0101304119453, -0.000120092146972, 0.00242964946665], [0.00019184438861, -0.000575105368625, -0.000552343495656, -0.000721990363672, 0.00365131860599, -0.00475498661399, 0.00254096719436, 0.000508526281919, 0.00121270818636, -0.0101304119453, 0.024369193241, -0.0111374473199, 0.00448021385819], [-0.000254444254097, 0.000474200351164, -0.0002761160722, 0.000313286378514, -0.00116316543426, 0.000833958736621, -0.00311648915522, 0.00020019862859, -0.00056558457436, -0.000120092146972, -0.0111374473199, 0.0265630912036, -0.013685323298], [0.000280699314317, -4.37571434304e-005, -0.0002598077117, -0.00127121701371, -0.000240325491177, -0.00128292420413, 0.0013923253864, -0.000949204608332, 0.00131516461261, 0.00242964946665, 0.00448021385819, -0.013685323298, 0.0234407838434]]
    sccoeffs:
        dmean: [0.0564678050578, 0.0473823137581, 0.036644410342, 0.0292724240571, 0.0197343230247, 0.0203718058765]
        dmean2: [0.0948356762528, 0.0780526474118, 0.0602159053087, 0.0481765642762, 0.033050660044, 0.0327326729894]
        dvar: [0.00222293590195, 0.00141828763299, 0.000868571107276, 0.000569741998333, 0.000252493657172, 0.000389510532841]
        dvar2: [0.00617734482512, 0.00372984679416, 0.00227495864965, 0.00144366465975, 0.000678288924973, 0.000974984664936]
        max: [-0.279499441385, -0.44930395484, -0.434458166361, -0.480843544006, -0.561699390411, -0.497355103493]
        mean: [-0.651462495327, -0.74029737711, -0.766537308693, -0.781231880188, -0.797152638435, -0.710862994194]
        median: [-0.657769620419, -0.745673894882, -0.778370141983, -0.790684342384, -0.799868881702, -0.707036554813]
        min: [-0.978735268116, -0.981338143349, -0.970626711845, -0.954833865166, -0.959100246429, -0.961959660053]
        var: [0.00686211232096, 0.0055129812099, 0.00531115569174, 0.00285145756789, 0.000944004394114, 0.00205824780278]
    scvalleys:
        dmean: [0.400537997484, 0.358438938856, 0.289765328169, 0.236801937222, 0.188601121306, 0.264432549477]
        dmean2: [0.664671480656, 0.598139464855, 0.480593442917, 0.388196438551, 0.302333444357, 0.384799659252]
        dvar: [0.128637373447, 0.114145614207, 0.0735255554318, 0.05955651775, 0.0598368793726, 0.125014454126]
        dvar2: [0.306806325912, 0.283302396536, 0.16765126586, 0.120251998305, 0.111084118485, 0.24684433639]
        max: [-5.07755565643, -4.41916561127, -5.18711090088, -5.63247346878, -5.43677139282, -7.22046899796]
        mean: [-7.16811037064, -6.74194717407, -7.09458255768, -7.05134534836, -6.86970567703, -9.78067970276]
        median: [-6.6763253212, -6.50319051743, -6.92444181442, -6.80722570419, -6.47782850266, -9.35535144806]
        min: [-27.7893810272, -27.4968852997, -27.0139083862, -27.2858448029, -27.2335033417, -27.2274417877]
        var: [2.8832347393, 1.58147704601, 1.3280633688, 1.25424432755, 1.48322784901, 2.91429615021]

rhythm:
    beats_loudness:
        dmean: 0.00176081259269
        dmean2: 0.00322793843225
        dvar: 2.14592910197e-006
        dvar2: 6.7510268309e-006
        max: 0.0113598471507
        mean: 0.00586718413979
        median: 0.0061263050884
        min: 5.39094813234e-009
        var: 5.62458899367e-006
    bpm: 91.8277511597
    bpm_confidence: 0
    first_peak_bpm: 92
    first_peak_spread: 0.159235626459
    first_peak_weight: 0.819875776768
    onset_rate: 2.17845416069
    second_peak_bpm: 86
    second_peak_spread: 0
    second_peak_weight: 0.0155279505998
    beats_loudness_band_ratio:
        dmean: [0.075612410903, 0.119981691241, 0.102580182254, 0.0941558033228, 0.119638055563, 0.0945015996695]
        dmean2: [0.131392806768, 0.225119546056, 0.179231703281, 0.167661324143, 0.21161185205, 0.160237297416]
        dvar: [0.00450558541343, 0.0113270990551, 0.0128949545324, 0.0134842488915, 0.0131705477834, 0.00467960862443]
        dvar2: [0.0128900762647, 0.0322541408241, 0.0315876826644, 0.0373605787754, 0.0343127138913, 0.0148224374279]
        max: [0.513797938824, 0.859051048756, 0.639362335205, 0.621751129627, 0.667633891106, 0.857881247997]
        mean: [0.123323738575, 0.146873176098, 0.143542408943, 0.111511655152, 0.239237427711, 0.26793050766]
        median: [0.114939570427, 0.108965359628, 0.086806230247, 0.0666966438293, 0.206696763635, 0.24532404542]
        min: [0.000209105259273, 0.000133489375003, 0.000294290919555, 0.00161460239906, 0.040148768574, 0.00757444184273]
        var: [0.00750792957842, 0.0159490741789, 0.0186290256679, 0.0130473617464, 0.0152089204639, 0.0199767500162]
    beats_position: [0.603718817234, 1.21904754639, 1.83437633514, 2.4497051239, 3.07664394379, 3.7151927948, 4.3653512001, 5.01551008224, 5.66566896439, 6.31582736969, 6.96598625183, 7.6277551651, 8.28952407837, 8.93968200684, 9.6014509201, 10.2516098022, 10.9133787155, 11.5635375977, 12.2136955261, 12.8638544083, 13.5140132904, 14.1641721725, 14.8143310547, 15.4644899368, 16.114648819, 16.7648067474, 17.4149665833, 18.0767345428, 18.7385025024, 19.3886623383, 20.0388202667, 20.6889801025, 21.339138031, 21.9892959595, 22.6394557953, 23.2780036926, 23.9281635284, 24.5783214569, 25.2284793854, 25.9018592834, 26.563627243, 27.2137870789, 27.8639450073, 28.5141029358, 29.1642627716, 29.8028106689, 30.4529705048, 31.1147384644, 31.776506424, 32.4382743835, 33.0884361267, 33.7385940552, 34.3887519836, 35.0389099121, 35.6890678406, 36.3392295837, 36.9893875122, 37.6395454407, 38.2897033691, 38.9398651123, 39.5900230408, 40.2401809692, 40.9019508362, 41.5637168884, 42.2138786316, 42.8640365601, 43.5141944885, 44.164352417, 44.8145103455, 45.4530601501, 46.0916099548, 46.7533760071, 47.415145874, 48.076915741, 48.7386856079, 49.3888435364, 50.0390014648, 50.6891593933, 51.3393173218, 51.9778671265, 52.6164169312, 53.2665748596, 53.9167327881, 54.5668907166, 55.2170524597, 55.8672103882, 56.5405883789, 57.2023582458, 57.8641242981, 58.5142860413, 59.1644439697, 59.8146018982, 60.4647598267, 61.1149177551, 61.7650794983, 62.4152374268, 63.0653953552, 63.7271652222, 64.3773193359, 65.0274810791, 65.6776428223, 66.327796936, 66.9663467407, 67.6165084839, 68.2666625977, 68.9284362793, 69.5902023315, 70.2403640747, 70.8905181885, 71.5522918701, 72.2140579224, 72.8642196655, 73.5143737793, 74.1645355225, 74.8146896362, 75.4648513794, 76.1150131226, 76.7651672363, 77.4153289795, 78.0654830933, 78.7156448364, 79.3774108887, 80.0391845703, 80.6893386841, 81.3395004272, 82.0012664795, 82.6514282227, 83.3015823364, 83.9401321411, 84.5902938843, 85.2520599365, 85.9138336182, 86.5639877319, 87.2141494751, 87.8643035889, 88.514465332, 89.1530151367, 89.814781189, 90.4649429321, 91.1150970459, 91.7652587891, 92.4154205322, 93.065574646, 93.7157363892, 94.3658905029, 95.0276641846, 95.6778182983, 96.3279800415, 96.9897460938, 97.6399078369, 98.2900695801, 98.9402236938, 99.590385437, 100.240539551, 100.890701294, 101.540863037, 102.202629089, 102.852790833, 103.502944946, 104.153106689, 104.814872742, 105.465034485, 106.115188599, 106.765350342, 107.415504456, 108.065666199, 108.727432251, 109.389205933, 110.039360046, 110.68952179, 111.339683533, 111.978225708, 112.616775513, 113.266937256, 113.917098999, 114.578865051, 115.240631104, 115.890792847, 116.552558899, 117.214332581, 117.864486694, 118.514648438, 119.164802551, 119.803352356, 120.453514099, 121.092063904, 121.742218018, 122.415596008, 123.07736969, 123.750747681, 124.412513733, 125.085891724, 125.759269714, 126.386207581, 127.024757385, 127.651695251, 128.290252686, 128.94039917, 129.590560913, 130.240722656, 130.890884399, 131.541046143, 132.202804565, 132.852966309, 133.503128052, 134.164901733, 134.815048218, 135.465209961, 136.115371704, 136.765533447, 137.41569519, 138.065841675, 138.716003418, 139.3777771, 140.039550781, 140.689697266, 141.339859009, 141.990020752, 142.640182495, 143.290344238, 143.940490723, 144.590652466, 145.240814209, 145.902587891, 146.564346313, 147.214508057, 147.887893677, 148.561264038, 149.234649658, 149.919631958, 150.593017578, 151.254776001, 151.916549683, 152.578323364, 153.228485107, 153.878631592, 154.528793335, 155.178955078, 155.829116821, 156.490875244, 157.152648926, 157.802810669, 158.452972412, 159.103118896, 159.75328064, 160.403442383, 161.065216064, 161.715377808, 162.365524292, 163.027297974, 163.689071655, 164.362442017, 165.035827637, 165.709197998, 166.394195557, 167.067565918, 167.740951538, 168.449157715, 169.157363892, 169.85395813, 170.550567627, 171.247161865, 171.932144165, 172.605529785, 173.290512085, 173.952285767, 174.614059448, 175.264221191, 175.914367676, 176.564529419, 177.214691162, 177.864852905, 178.515014648, 179.165161133, 179.803710938, 180.465484619, 181.115646362, 181.765808105, 182.439178467, 183.08934021, 183.739501953, 184.389663696, 185.039810181, 185.689971924, 186.340133667, 186.99029541, 187.640457153, 188.290603638, 188.940765381, 189.590927124, 190.241088867, 190.90284729, 191.564620972, 192.214782715, 192.864944458, 193.515090942, 194.165252686, 194.815414429, 195.465576172, 196.115737915, 196.765899658, 197.416046143, 198.077819824, 198.739593506, 199.38973999, 200.039901733, 200.690063477, 201.34022522, 201.990386963, 202.640533447, 203.29069519, 203.940856934, 204.579406738, 205.229568481, 205.868118286, 206.506668091, 207.145217896, 207.79536438, 208.46875, 209.142120361, 209.815505981, 210.488891602, 211.162261963]
    bpm_estimates: [95.7031173706, 93.9630508423, 92.2852020264, 92.2851333618, 92.2851333618, 92.2852020264, 92.2851333618, 90.6660919189, 90.6660919189, 92.2852706909, 90.6660919189, 92.2851333618, 90.6660919189, 92.2851333618, 92.2852706909, 92.2851333618, 92.2851333618, 92.2851333618, 92.2851333618, 92.2851333618, 92.2851333618, 92.2852706909, 92.2849960327, 90.6662216187, 90.6662216187, 92.2849960327, 92.2852706909, 92.2849960327, 92.2852706909, 92.2852706909, 92.2849960327, 93.9631958008, 92.2849960327, 92.2852706909, 92.2852706909, 89.1027526855, 90.6662216187, 92.2849960327, 92.2852706909, 92.2852706909, 92.2849960327, 93.9631958008, 92.2849960327, 90.6662216187, 90.6662216187, 90.6662216187, 92.2847290039, 92.2852706909, 92.2852706909, 92.2852706909, 92.2852706909, 92.2847290039, 92.2852706909, 92.2852706909, 92.2852706909, 92.2847290039, 92.2852706909, 92.2852706909, 90.6659622192, 90.6664810181, 92.2847290039, 92.2852706909, 92.2852706909, 92.2852706909, 92.2852706909, 93.9629135132, 93.9629135132, 90.6664810181, 90.6659622192, 90.6659622192, 90.6659622192, 92.2852706909, 92.2852706909, 92.2852706909, 92.2852706909, 93.9629135132, 93.9629135132, 92.2852706909, 92.2852706909, 92.2852706909, 92.2847290039, 92.2852706909, 89.1030044556, 90.6659622192, 90.6664810181, 92.2847290039, 92.2852706909, 92.2852706909, 92.2852706909, 92.2852706909, 92.2847290039, 92.2852706909, 92.2852706909, 90.6659622192, 92.2858123779, 92.2847290039, 92.2847290039, 92.2858123779, 93.9629135132, 92.2847290039, 92.2858123779, 90.665435791, 90.6664810181, 92.2847290039, 92.2858123779, 90.665435791, 90.6664810181, 92.2847290039, 92.2858123779, 92.2847290039, 92.2858123779, 92.2847290039, 92.2847290039, 92.2858123779, 92.2847290039, 92.2858123779, 92.2847290039, 90.6664810181, 90.665435791, 92.2858123779, 92.2847290039, 90.6664810181, 92.2847290039, 92.2858123779, 93.9629135132, 92.2847290039, 90.6664810181, 90.665435791, 92.2858123779, 92.2847290039, 92.2858123779, 92.2847290039, 93.9629135132, 90.6664810181, 92.2847290039, 92.2858123779, 92.2847290039, 92.2847290039, 92.2858123779, 92.2847290039, 92.2858123779, 90.665435791, 92.2858123779, 92.2847290039, 90.6664810181, 92.2847290039, 92.2847290039, 92.2858123779, 92.2847290039, 92.2858123779, 92.2847290039, 92.2847290039, 90.6664810181, 92.2847290039, 92.2858123779, 92.2847290039, 90.6664810181, 92.2847290039, 92.2858123779, 92.2847290039, 92.2858123779, 92.2847290039, 90.6664810181, 90.665435791, 92.2858123779, 92.2847290039, 92.2847290039, 93.9640350342, 93.9629135132, 92.2847290039, 92.2847290039, 90.6664810181, 90.6664810181, 92.2847290039, 90.6664810181, 90.665435791, 92.2858123779, 92.2847290039, 92.2858123779, 93.9629135132, 92.2847290039, 93.9629135132, 92.2858123779, 89.1030044556, 90.665435791, 89.1030044556, 90.6664810181, 89.1030044556, 89.1030044556, 95.7032623291, 93.9629135132, 95.7032623291, 93.9617919922, 92.286895752, 92.2847290039, 92.2847290039, 92.2847290039, 92.2847290039, 90.6675262451, 92.2847290039, 92.2847290039, 90.665435791, 92.286895752, 92.2847290039, 92.2847290039, 92.2847290039, 92.2847290039, 92.286895752, 92.2847290039, 90.665435791, 90.665435791, 92.286895752, 92.2847290039, 92.2847290039, 92.2847290039, 92.2847290039, 92.286895752, 92.2847290039, 92.2847290039, 90.665435791, 90.6675262451, 92.2847290039, 89.1019897461, 89.1040115356, 89.1019897461, 87.5935058594, 89.1019897461, 90.6675262451, 90.665435791, 90.665435791, 92.2847290039, 92.286895752, 92.2847290039, 92.2847290039, 92.2847290039, 90.6675262451, 90.665435791, 92.2847290039, 92.2847290039, 92.286895752, 92.2847290039, 92.2847290039, 90.665435791, 92.2847290039, 92.286895752, 90.665435791, 90.665435791, 89.1040115356, 89.1019897461, 89.1040115356, 87.5915527344, 89.1040115356, 89.1019897461, 87.5935058594, 89.1019897461, 87.5935058594, 90.665435791, 90.665435791, 92.2847290039, 92.286895752, 92.2847290039, 92.2847290039, 92.2847290039, 92.2847290039, 92.286895752, 93.9629135132, 90.665435791, 92.2847290039, 92.2847290039, 89.1040115356, 92.2847290039, 92.2847290039, 92.2847290039, 92.286895752, 92.2847290039, 92.2847290039, 92.2847290039, 92.2847290039, 92.286895752, 92.2847290039, 92.2847290039, 92.2847290039, 90.6675262451, 90.665435791, 92.2847290039, 92.2847290039, 92.286895752, 92.2847290039, 92.2847290039, 92.2847290039, 92.2847290039, 92.2847290039, 92.286895752, 90.665435791, 90.665435791, 92.286895752, 92.2847290039, 92.2847290039, 92.2847290039, 92.2847290039, 92.286895752, 92.2847290039, 92.2847290039, 93.9629135132, 92.2847290039, 93.9629135132, 93.9629135132, 93.9629135132, 92.286895752, 89.1019897461, 89.1040115356, 89.1019897461, 89.1019897461, 89.1040115356]
