
metadata:
    version:
        essentia: "2.1-beta2"
    audio_properties:
        analysis_sample_rate: 44100
        bitrate: 286
        channels: 2
        equal_loudness: 1
        length: 215.484085083
        replay_gain: -15.6201324463
        downmix: "mix"
    tags:
        album: "The Return"
        artist: "Nonpoint"
        comment: ""
        date: "2014"
        genre: "Hard Rock"
        title: "Take Apart This World"
        tracknumber: "6/13"

configuration:
    average_loudness:
        compute: 1
        frameSize: 88200
        hopSize: 44100
        silentFrames: "noise"
        windowType: "hann"
    general:
        analysisSampleRate: 44100
        endTime: 2000
        equalLoudness: 1
        nequalLoudness: 0
        shortSound: 0
        startTime: 0
    lowlevel:
        compute: 1
        frameSize: 2048
        hopSize: 1024
        zeroPadding: 0
        silentFrames: "noise"
        windowType: "blackmanharris62"
        mfccStats: ["mean", "cov", "icov"]
        stats: ["mean", "var", "median", "min", "max", "dmean", "dmean2", "dvar", "dvar2"]
    panning:
        compute: 0
        frameSize: 8192
        hopSize: 2048
        zeroPadding: 8192
        silentFrames: "noise"
        windowType: "hann"
        stats: ["copy"]
    rhythm:
        compute: 1
        maxTempo: 208
        minTempo: 40
        method: "degara"
        stats: ["mean", "var", "median", "min", "max", "dmean", "dmean2", "dvar", "dvar2"]
    segmentation:
        compute: 0
        cpw: 5
        inc1: 300
        inc2: 50
        minimumSegmentsLength: 10
        size1: 1000
        size2: 600
    sfx:
        compute: 1
        stats: ["mean", "var", "median", "min", "max", "dmean", "dmean2", "dvar", "dvar2"]
    svm:
        compute: 0
    tonal:
        compute: 1
        frameSize: 4096
        hopSize: 2048
        zeroPadding: 0
        silentFrames: "noise"
        windowType: "blackmanharris62"
        stats: ["mean", "var", "median", "min", "max", "dmean", "dmean2", "dvar", "dvar2"]

lowlevel:
    average_loudness: 0.951147794724
    barkbands_kurtosis:
        dmean: 1.10873043537
        dmean2: 1.73451828957
        dvar: 12.9775819778
        dvar2: 25.4952468872
        max: 107.905891418
        mean: 0.567580759525
        median: -1.07744073868
        min: -1.92638480663
        var: 51.0568618774
    barkbands_skewness:
        dmean: 0.467557996511
        dmean2: 0.710374474525
        dvar: 0.279974669218
        dvar2: 0.55226957798
        max: 8.31100559235
        mean: -0.121907010674
        median: -0.371793806553
        min: -4.72567558289
        var: 1.34348785877
    barkbands_spread:
        dmean: 6.54549741745
        dmean2: 10.4323997498
        dvar: 49.0204925537
        dvar2: 119.309539795
        max: 80.6045455933
        mean: 34.5547904968
        median: 34.1548690796
        min: 0.653760433197
        var: 159.783355713
    dissonance:
        dmean: 0.0101240267977
        dmean2: 0.0170607231557
        dvar: 9.46274158196e-005
        dvar2: 0.000263171474217
        max: 0.500000238419
        mean: 0.481441676617
        median: 0.485572218895
        min: 0.31709626317
        var: 0.000299588398775
    hfc:
        dmean: 3.12790441513
        dmean2: 5.17100572586
        dvar: 20.5678691864
        dvar2: 55.2702331543
        max: 52.4488563538
        mean: 9.51847362518
        median: 8.97170448303
        min: 1.19150562973e-016
        var: 40.327381134
    pitch:
        dmean: 898.977722168
        dmean2: 1711.85046387
        dvar: 1620851.875
        dvar2: 3820225.25
        max: 5395.31542969
        mean: 1949.18383789
        median: 2485.26757813
        min: 58.4421615601
        var: 2564222
    pitch_instantaneous_confidence:
        dmean: 0.0822638943791
        dmean2: 0.135439679027
        dvar: 0.00481348996982
        dvar2: 0.0124008087441
        max: 0.891227543354
        mean: 0.396954059601
        median: 0.379636734724
        min: 0.118013143539
        var: 0.015566281043
    pitch_salience:
        dmean: 0.0634543523192
        dmean2: 0.105964206159
        dvar: 0.00405164062977
        dvar2: 0.0107309194282
        max: 0.870351195335
        mean: 0.658332586288
        median: 0.676438391209
        min: 0.170882686973
        var: 0.00855640228838
    silence_rate_20dB:
        dmean: 0
        dmean2: 0
        dvar: 0
        dvar2: 0
        max: 1
        mean: 1
        median: 1
        min: 1
        var: 0
    silence_rate_30dB:
        dmean: 0
        dmean2: 0
        dvar: 0
        dvar2: 0
        max: 1
        mean: 1
        median: 1
        min: 1
        var: 0
    silence_rate_60dB:
        dmean: 0.0881370529532
        dmean2: 0.176293104887
        dvar: 0.0803643986583
        dvar2: 0.173029243946
        max: 1
        mean: 0.264813631773
        median: 0
        min: 0
        var: 0.194670543075
    spectral_centroid:
        dmean: 301.148956299
        dmean2: 471.374206543
        dvar: 117199.773438
        dvar2: 246640.171875
        max: 10890.3525391
        mean: 1853.8157959
        median: 1950.20629883
        min: 147.524490356
        var: 434271.21875
    spectral_complexity:
        dmean: 4.05969190598
        dmean2: 6.54116392136
        dvar: 18.2147655487
        dvar2: 44.0706443787
        max: 47
        mean: 17.4184436798
        median: 18
        min: 0
        var: 90.6622238159
    spectral_crest:
        dmean: 2.0095975399
        dmean2: 3.34307432175
        dvar: 4.95777750015
        dvar2: 12.7549543381
        max: 23.1879806519
        mean: 7.00692224503
        median: 6.1336517334
        min: 2.38290500641
        var: 9.57963943481
    spectral_decrease:
        dmean: 3.43020584159e-010
        dmean2: 5.5924326281e-010
        dvar: 4.00951038215e-019
        dvar2: 1.00141214652e-018
        max: 1.36741134385e-028
        mean: -1.09944742199e-009
        median: -1.05721731369e-009
        min: -6.43170094961e-009
        var: 5.42274794171e-019
    spectral_energy:
        dmean: 0.0015431054635
        dmean2: 0.00251804688014
        dvar: 7.24598930901e-006
        dvar2: 1.82103049156e-005
        max: 0.0275005530566
        mean: 0.0050129131414
        median: 0.00482953619212
        min: 1.02912116869e-020
        var: 1.06354973468e-005
    spectral_energyband_high:
        dmean: 0.000230034886044
        dmean2: 0.000391990033677
        dvar: 1.74789676066e-007
        dvar2: 4.4858316528e-007
        max: 0.00607540924102
        mean: 0.000444925652118
        median: 0.000330755865434
        min: 7.49505444977e-021
        var: 2.44816504846e-007
    spectral_energyband_low:
        dmean: 0.000320573773934
        dmean2: 0.000529915036168
        dvar: 2.17418914872e-007
        dvar2: 5.72436874791e-007
        max: 0.00491662230343
        mean: 0.000582846230827
        median: 0.000418544776039
        min: 3.44805484982e-023
        var: 3.20559678357e-007
    spectral_energyband_middle_high:
        dmean: 0.000804434122983
        dmean2: 0.00129232835025
        dvar: 9.68480890151e-007
        dvar2: 2.43629483521e-006
        max: 0.0131549322978
        mean: 0.00270241382532
        median: 0.00255978386849
        min: 1.37333842597e-021
        var: 3.4345387121e-006
    spectral_energyband_middle_low:
        dmean: 0.000797038548626
        dmean2: 0.00129700347316
        dvar: 4.26576616519e-006
        dvar2: 1.06841998786e-005
        max: 0.0201800391078
        mean: 0.00145957258064
        median: 0.00107440468855
        min: 2.36277245438e-022
        var: 3.88072839996e-006
    spectral_flatness_db:
        dmean: 0.0157392583787
        dmean2: 0.0240713190287
        dvar: 0.000295750040095
        dvar2: 0.000596230791416
        max: 0.485396653414
        mean: 0.147951632738
        median: 0.134199947119
        min: 0.0592904686928
        var: 0.00263665663078
    spectral_flux:
        dmean: 0.00914297439158
        dmean2: 0.0144439730793
        dvar: 0.000152389518917
        dvar2: 0.000324619526509
        max: 0.153650566936
        mean: 0.0422931276262
        median: 0.0421073846519
        min: 1.05106416626e-010
        var: 0.000371637521312
    spectral_kurtosis:
        dmean: 1.41388952732
        dmean2: 2.37324714661
        dvar: 6.03914403915
        dvar2: 19.184431076
        max: 63.1068534851
        mean: 4.11380147934
        median: 3.35256767273
        min: -1.21768283844
        var: 18.3493785858
    spectral_rms:
        dmean: 0.000303101929603
        dmean2: 0.000481463910546
        dvar: 1.7573113098e-007
        dvar2: 4.22821415214e-007
        max: 0.00517974980175
        mean: 0.00209143524989
        median: 0.00217065494508
        min: 3.16862855398e-012
        var: 5.16548254836e-007
    spectral_rolloff:
        dmean: 328.841888428
        dmean2: 528.642456055
        dvar: 275049.21875
        dvar2: 517256.4375
        max: 18992.2851563
        mean: 3326.56713867
        median: 3466.84570313
        min: 129.19921875
        var: 981785.75
    spectral_skewness:
        dmean: 0.197602838278
        dmean2: 0.3213301301
        dvar: 0.0523125678301
        dvar2: 0.14348372817
        max: 6.22007131577
        mean: 1.30157232285
        median: 1.24519026279
        min: -0.111969709396
        var: 0.278698891401
    spectral_spread:
        dmean: 485844.3125
        dmean2: 687068.6875
        dvar: 590073167872
        dvar2: 916152254464
        max: 40937176
        mean: 4444358
        median: 4245558.5
        min: 1116398.25
        var: 2.44435779584e+012
    spectral_strongpeak:
        dmean: 0.571893513203
        dmean2: 0.996956527233
        dvar: 0.638442218304
        dvar2: 1.6609224081
        max: 8.25029182434
        mean: 0.739880263805
        median: 0.334058344364
        min: 9.30041654801e-010
        var: 0.869495034218
    zerocrossingrate:
        dmean: 0.00903491303325
        dmean2: 0.0109862228855
        dvar: 0.000107715524791
        dvar2: 0.000125047634356
        max: 0.498046875
        mean: 0.10241381079
        median: 0.10595703125
        min: 0.00634765625
        var: 0.00088241812773
    barkbands:
        dmean: [7.36421952752e-007, 0.000134935224196, 0.000188965845155, 0.000111884575745, 0.000515674066264, 0.000154482157086, 0.000145323312609, 5.57119637961e-005, 7.218070823e-005, 0.000122953220853, 3.89698507206e-005, 5.52013843844e-005, 3.99282907892e-005, 7.60975381127e-005, 7.02842589817e-005, 0.000108434265712, 0.000205183256185, 0.000314743840136, 0.000278650986729, 0.000159497591085, 0.000123000965687, 4.3665208068e-005, 8.81015421328e-006, 3.34124433721e-006, 1.35845607474e-006, 5.34367146088e-008, 5.70315572546e-010]
        dmean2: [1.12962777621e-006, 0.000238188076764, 0.00030579889426, 0.000180400194949, 0.000874503515661, 0.00025226076832, 0.000238444452407, 9.06296845642e-005, 0.000116016744869, 0.000200377893634, 6.27621629974e-005, 8.74758916325e-005, 6.41205915599e-005, 0.000118830364954, 0.000112451314635, 0.000175317036337, 0.000325373111991, 0.000516082509421, 0.000476738961879, 0.000267867086222, 0.000214544488699, 7.51552142901e-005, 1.34749225253e-005, 5.02334160046e-006, 2.01750390261e-006, 8.07266502534e-008, 8.98439711516e-010]
        dvar: [1.33777743657e-012, 6.79633913592e-008, 7.02129483443e-008, 2.26265175485e-008, 3.54144731318e-006, 8.98826542084e-008, 7.36573610993e-008, 1.16212097723e-008, 1.67710734189e-008, 4.70277612408e-008, 4.75090722318e-009, 1.17030642954e-008, 6.7466214837e-009, 2.42400250983e-008, 1.6746138698e-008, 2.91326607282e-008, 1.09636054901e-007, 2.29848254207e-007, 1.36555300401e-007, 6.05070269444e-008, 4.84216897689e-008, 7.76242714551e-009, 5.13112885514e-010, 1.07965712759e-010, 9.95995039915e-012, 1.87559335603e-014, 1.57762750539e-018]
        dvar2: [2.81524521577e-012, 1.9162116871e-007, 1.7434082622e-007, 5.34206279212e-008, 9.16917997529e-006, 2.32703143865e-007, 1.89502046055e-007, 2.76137903654e-008, 4.12262863847e-008, 1.28597179128e-007, 1.18482210709e-008, 2.70759326071e-008, 1.64732067987e-008, 5.45887175463e-008, 3.90441634579e-008, 7.32524227942e-008, 2.54633079066e-007, 5.67254460293e-007, 3.7963755517e-007, 1.57137094448e-007, 1.29958493744e-007, 2.00446237386e-008, 1.06084407925e-009, 2.12649217679e-010, 2.1458891955e-011, 4.12899661022e-014, 3.4891735552e-018]
        max: [1.1465956959e-005, 0.00179230608046, 0.00361494580284, 0.00265286583453, 0.0187119729817, 0.00458156643435, 0.00440164748579, 0.0030465554446, 0.00265115941875, 0.00305582373403, 0.0016100887442, 0.001919898903, 0.00153342285194, 0.0027494339738, 0.0022793833632, 0.00330408313312, 0.00516869220883, 0.0089249573648, 0.00600579241291, 0.00518195005134, 0.00287127005868, 0.00120054918807, 0.000379131466616, 0.000443457625806, 8.66192058311e-005, 2.10036478165e-006, 2.78770766471e-008]
        mean: [9.68788185673e-007, 0.000165404897416, 0.000314712728141, 0.000182002288057, 0.000523096590769, 0.000230862366152, 0.00020354326989, 8.90555238584e-005, 0.000127861640067, 0.000233098850003, 6.79941003909e-005, 9.49183886405e-005, 6.7848865001e-005, 0.000129347885377, 0.000122038654808, 0.000225555122597, 0.000423201126978, 0.000612893665675, 0.000568674760871, 0.000340956263244, 0.000203353512916, 6.12554722466e-005, 1.57580416271e-005, 6.07425727139e-006, 2.36014216171e-006, 7.99367114723e-008, 7.13408054853e-010]
        median: [4.31251180544e-007, 0.000103653394035, 0.000197799236048, 0.000107773194031, 0.00021011994977, 0.000120311422506, 0.00010807965009, 5.4233471019e-005, 6.98701333022e-005, 8.56119368109e-005, 3.52447677869e-005, 4.4773274567e-005, 3.12146003125e-005, 4.57440692117e-005, 5.90754352743e-005, 0.000145530560985, 0.000231216632528, 0.000364054983947, 0.000485914642923, 0.000287436821964, 0.000145687678014, 2.87690709229e-005, 5.83404653298e-006, 2.17313572648e-006, 9.32512079999e-007, 2.88311312602e-008, 2.93363250359e-010]
        min: [3.66567822329e-023, 7.82731219329e-024, 1.39473227061e-023, 3.44971674309e-024, 3.89856037548e-023, 5.31802816863e-023, 3.22404990718e-023, 5.58901451135e-023, 2.97066178908e-023, 2.23968449941e-023, 4.78953269845e-023, 7.06401905887e-023, 1.19583348892e-022, 9.27843871007e-023, 8.24981520785e-023, 1.11628765824e-022, 7.71342765762e-023, 1.76868282127e-022, 2.6637497741e-022, 2.61170994547e-022, 3.19879108586e-022, 3.96558357571e-022, 4.92603624285e-022, 5.81677455813e-022, 1.34860540254e-021, 1.52914312481e-021, 2.60267351225e-021]
        var: [1.95286516992e-012, 5.1283056024e-008, 1.30279872224e-007, 5.09338562438e-008, 2.64155164587e-006, 1.19904740359e-007, 9.22316516494e-008, 1.79958394853e-008, 3.89340328866e-008, 1.21247737184e-007, 9.0385139373e-009, 2.35940955662e-008, 1.24012720093e-008, 5.12658466789e-008, 3.7488330662e-008, 8.45420444762e-008, 3.20728247516e-007, 5.12396411523e-007, 2.19082906483e-007, 1.04427492431e-007, 5.50772760732e-008, 9.15276210378e-009, 1.05225494984e-009, 2.43005032763e-010, 1.82310173902e-011, 2.71174701211e-014, 2.13505614499e-018]
    frequency_bands:
        dmean: [7.36421952752e-007, 0.000134935224196, 0.000188965845155, 0.000111884575745, 0.000515674066264, 0.000154482157086, 0.000145323312609, 5.57119637961e-005, 7.218070823e-005, 0.000122953220853, 3.89698507206e-005, 5.52013843844e-005, 3.99282907892e-005, 7.60975381127e-005, 7.02842589817e-005, 0.000108434265712, 0.000205183256185, 0.000314743840136, 0.000278650986729, 0.000159497591085, 0.000123000965687, 4.3665208068e-005, 8.81015421328e-006, 3.34124433721e-006, 1.35845607474e-006, 5.34367146088e-008, 5.70315572546e-010, 5.90221066465e-011]
        dmean2: [1.12962777621e-006, 0.000238188076764, 0.00030579889426, 0.000180400194949, 0.000874503515661, 0.00025226076832, 0.000238444452407, 9.06296845642e-005, 0.000116016744869, 0.000200377893634, 6.27621629974e-005, 8.74758916325e-005, 6.41205915599e-005, 0.000118830364954, 0.000112451314635, 0.000175317036337, 0.000325373111991, 0.000516082509421, 0.000476738961879, 0.000267867086222, 0.000214544488699, 7.51552142901e-005, 1.34749225253e-005, 5.02334160046e-006, 2.01750390261e-006, 8.07266502534e-008, 8.98439711516e-010, 1.10158077105e-010]
        dvar: [1.33777743657e-012, 6.79633913592e-008, 7.02129483443e-008, 2.26265175485e-008, 3.54144731318e-006, 8.98826542084e-008, 7.36573610993e-008, 1.16212097723e-008, 1.67710734189e-008, 4.70277612408e-008, 4.75090722318e-009, 1.17030642954e-008, 6.7466214837e-009, 2.42400250983e-008, 1.6746138698e-008, 2.91326607282e-008, 1.09636054901e-007, 2.29848254207e-007, 1.36555300401e-007, 6.05070269444e-008, 4.84216897689e-008, 7.76242714551e-009, 5.13112885514e-010, 1.07965712759e-010, 9.95995039915e-012, 1.87559335603e-014, 1.57762750539e-018, 8.16948614558e-021]
        dvar2: [2.81524521577e-012, 1.9162116871e-007, 1.7434082622e-007, 5.34206279212e-008, 9.16917997529e-006, 2.32703143865e-007, 1.89502046055e-007, 2.76137903654e-008, 4.12262863847e-008, 1.28597179128e-007, 1.18482210709e-008, 2.70759326071e-008, 1.64732067987e-008, 5.45887175463e-008, 3.90441634579e-008, 7.32524227942e-008, 2.54633079066e-007, 5.67254460293e-007, 3.7963755517e-007, 1.57137094448e-007, 1.29958493744e-007, 2.00446237386e-008, 1.06084407925e-009, 2.12649217679e-010, 2.1458891955e-011, 4.12899661022e-014, 3.4891735552e-018, 2.63025437151e-020]
        max: [1.1465956959e-005, 0.00179230608046, 0.00361494580284, 0.00265286583453, 0.0187119729817, 0.00458156643435, 0.00440164748579, 0.0030465554446, 0.00265115941875, 0.00305582373403, 0.0016100887442, 0.001919898903, 0.00153342285194, 0.0027494339738, 0.0022793833632, 0.00330408313312, 0.00516869220883, 0.0089249573648, 0.00600579241291, 0.00518195005134, 0.00287127005868, 0.00120054918807, 0.000379131466616, 0.000443457625806, 8.66192058311e-005, 2.10036478165e-006, 2.78770766471e-008, 1.14232179271e-009]
        mean: [9.68788185673e-007, 0.000165404897416, 0.000314712728141, 0.000182002288057, 0.000523096590769, 0.000230862366152, 0.00020354326989, 8.90555238584e-005, 0.000127861640067, 0.000233098850003, 6.79941003909e-005, 9.49183886405e-005, 6.7848865001e-005, 0.000129347885377, 0.000122038654808, 0.000225555122597, 0.000423201126978, 0.000612893665675, 0.000568674760871, 0.000340956263244, 0.000203353512916, 6.12554722466e-005, 1.57580416271e-005, 6.07425727139e-006, 2.36014216171e-006, 7.99367114723e-008, 7.13408054853e-010, 4.52018839026e-011]
        median: [4.31251180544e-007, 0.000103653394035, 0.000197799236048, 0.000107773194031, 0.00021011994977, 0.000120311422506, 0.00010807965009, 5.4233471019e-005, 6.98701333022e-005, 8.56119368109e-005, 3.52447677869e-005, 4.4773274567e-005, 3.12146003125e-005, 4.57440692117e-005, 5.90754352743e-005, 0.000145530560985, 0.000231216632528, 0.000364054983947, 0.000485914642923, 0.000287436821964, 0.000145687678014, 2.87690709229e-005, 5.83404653298e-006, 2.17313572648e-006, 9.32512079999e-007, 2.88311312602e-008, 2.93363250359e-010, 1.60323525289e-011]
        min: [3.66567822329e-023, 7.82731219329e-024, 1.39473227061e-023, 3.44971674309e-024, 3.89856037548e-023, 5.31802816863e-023, 3.22404990718e-023, 5.58901451135e-023, 2.97066178908e-023, 2.23968449941e-023, 4.78953269845e-023, 7.06401905887e-023, 1.19583348892e-022, 9.27843871007e-023, 8.24981520785e-023, 1.11628765824e-022, 7.71342765762e-023, 1.76868282127e-022, 2.6637497741e-022, 2.61170994547e-022, 3.19879108586e-022, 3.96558357571e-022, 4.92603624285e-022, 5.81677455813e-022, 1.34860540254e-021, 1.52914312481e-021, 2.60267351225e-021, 8.7561864113e-022]
        var: [1.95286516992e-012, 5.1283056024e-008, 1.30279872224e-007, 5.09338562438e-008, 2.64155164587e-006, 1.19904740359e-007, 9.22316516494e-008, 1.79958394853e-008, 3.89340328866e-008, 1.21247737184e-007, 9.0385139373e-009, 2.35940955662e-008, 1.24012720093e-008, 5.12658466789e-008, 3.7488330662e-008, 8.45420444762e-008, 3.20728247516e-007, 5.12396411523e-007, 2.19082906483e-007, 1.04427492431e-007, 5.50772760732e-008, 9.15276210378e-009, 1.05225494984e-009, 2.43005032763e-010, 1.82310173902e-011, 2.71174701211e-014, 2.13505614499e-018, 6.07531848178e-021]
    mfcc:
        mean: [-707.312988281, 99.3827972412, -45.8402557373, 61.5975074768, -9.0576467514, -6.49962568283, 0.770047962666, 0.691126346588, 0.279637038708, -3.14329600334, -4.65305423737, -3.28818678856, -4.41041564941]
        cov: [[6107.203125, -119.43661499, -570.435180664, 351.812194824, -368.828308105, 159.858551025, -1.24379384518, 254.993911743, 33.3197898865, 31.6607475281, 120.082344055, 103.905761719, 4.46441459656], [-119.43661499, 889.747924805, -203.993759155, 117.661499023, 65.7586212158, -39.3021240234, 45.3262901306, 25.1375045776, 47.7036590576, -22.2202262878, 43.3276062012, 5.17804479599, 1.466812253], [-570.435180664, -203.993759155, 902.130187988, 164.932617188, 152.147033691, 153.859405518, 48.554485321, -8.76374721527, -28.9112663269, 20.1429920197, -31.784488678, 9.3256778717, 42.1996994019], [351.812194824, 117.661499023, 164.932617188, 321.182922363, 79.1587905884, 87.646446228, 10.7012577057, 23.5908985138, 36.7094650269, 21.1694507599, 9.68474292755, 29.5828609467, 36.5876197815], [-368.828308105, 65.7586212158, 152.147033691, 79.1587905884, 228.805389404, 47.4845962524, -23.6848201752, -15.5330247879, 23.4234619141, 1.92594325542, -2.37860941887, 12.1239891052, 4.36089754105], [159.858551025, -39.3021240234, 153.859405518, 87.646446228, 47.4845962524, 152.93812561, 60.3999557495, 36.7845916748, 6.15898799896, 13.3048887253, 25.5685138702, 12.0856027603, 2.40713167191], [-1.24379384518, 45.3262901306, 48.554485321, 10.7012577057, -23.6848201752, 60.3999557495, 142.401641846, 53.5911102295, 4.75322961807, 2.77223277092, 30.0798950195, 7.82459211349, -3.37545919418], [254.993911743, 25.1375045776, -8.76374721527, 23.5908985138, -15.5330247879, 36.7845916748, 53.5911102295, 120.990020752, 21.4205760956, 3.47891497612, 28.1402130127, 14.8537635803, -6.10168552399], [33.3197898865, 47.7036590576, -28.9112663269, 36.7094650269, 23.4234619141, 6.15898799896, 4.75322961807, 21.4205760956, 86.3151550293, 42.2755432129, 0.270562052727, -1.6138215065, 5.5771727562], [31.6607475281, -22.2202262878, 20.1429920197, 21.1694507599, 1.92594325542, 13.3048887253, 2.77223277092, 3.47891497612, 42.2755432129, 89.8211288452, 4.04596614838, -0.10821326077, 4.77183198929], [120.082344055, 43.3276062012, -31.784488678, 9.68474292755, -2.37860941887, 25.5685138702, 30.0798950195, 28.1402130127, 0.270562052727, 4.04596614838, 83.8478469849, 20.7938308716, -12.1215219498], [103.905761719, 5.17804479599, 9.3256778717, 29.5828609467, 12.1239891052, 12.0856027603, 7.82459211349, 14.8537635803, -1.6138215065, -0.10821326077, 20.7938308716, 65.4280929565, 32.2302017212], [4.46441459656, 1.466812253, 42.1996994019, 36.5876197815, 4.36089754105, 2.40713167191, -3.37545919418, -6.10168552399, 5.5771727562, 4.77183198929, -12.1215219498, 32.2302017212, 74.3631973267]]
        icov: [[0.000281068583718, 8.29879645607e-005, 0.00023411361326, -0.000446706137154, 0.000537628307939, -0.000444104342023, 0.000400367600378, -0.000433597044321, 7.37231166568e-005, -7.88245688454e-006, -5.37285486644e-005, -0.000308162532747, 0.000153643195517], [8.29879645607e-005, 0.00162196229212, 0.000549104239326, -0.00104753638152, -0.000664258259349, 0.00105897872709, -0.00102842831984, -6.83412799845e-005, -0.000395883951569, 0.000624331820291, -0.000788205943536, 0.0005755223101, -0.000269088457571], [0.00023411361326, 0.000549104239326, 0.00205137906596, -0.00106712069828, -0.000749877770431, -0.00119434704538, -0.000547181174625, -0.000246053386945, 0.00149078329559, -0.000627303554211, 0.000704734760802, 0.000450968742371, -0.000778494577389], [-0.000446706137154, -0.00104753638152, -0.00106712069828, 0.00566742289811, -0.00091417436488, -0.00199851649813, 0.000843559508212, 0.000328631605953, -0.00162558525335, -8.71155425557e-005, 0.000237869098783, -0.000624632404651, -0.00151482690126], [0.000537628307939, -0.000664258259349, -0.000749877770431, -0.00091417436488, 0.00759389251471, -0.00301362620667, 0.00313384504989, 0.000464649318019, -0.00267351977527, 0.00134025816806, 0.000155020345119, -0.00271191215143, 0.00200391188264], [-0.000444104342023, 0.00105897872709, -0.00119434704538, -0.00199851649813, -0.00301362620667, 0.0131004964933, -0.00511523149908, -0.000810466473922, 0.000824760936666, -0.000816432933789, -0.00237911893055, 0.00133286847267, 0.000145855796291], [0.000400367600378, -0.00102842831984, -0.000547181174625, 0.000843559508212, 0.00313384504989, -0.00511523149908, 0.0119107216597, -0.00360236410052, -0.00054705911316, 0.000308123708237, -0.00157220929395, -0.000707239203621, 0.000190095262951], [-0.000433597044321, -6.83412799845e-005, -0.000246053386945, 0.000328631605953, 0.000464649318019, -0.000810466473922, -0.00360236410052, 0.0123355248943, -0.00391850806773, 0.00165955675766, -0.00129174301401, -0.0023111293558, 0.00183146167547], [7.37231166568e-005, -0.000395883951569, 0.00149078329559, -0.00162558525335, -0.00267351977527, 0.000824760936666, -0.00054705911316, -0.00391850806773, 0.019207438454, -0.00896042957902, 0.00141402438749, 0.00277794897556, -0.00209814100526], [-7.88245688454e-006, 0.000624331820291, -0.000627303554211, -8.71155425557e-005, 0.00134025816806, -0.000816432933789, 0.000308123708237, 0.00165955675766, -0.00896042957902, 0.0157680921257, -0.00165981834289, -3.16751684295e-005, -0.000111641013063], [-5.37285486644e-005, -0.000788205943536, 0.000704734760802, 0.000237869098783, 0.000155020345119, -0.00237911893055, -0.00157220929395, -0.00129174301401, 0.00141402438749, -0.00165981834289, 0.0169754642993, -0.00711399503052, 0.00524323200807], [-0.000308162532747, 0.0005755223101, 0.000450968742371, -0.000624632404651, -0.00271191215143, 0.00133286847267, -0.000707239203621, -0.0023111293558, 0.00277794897556, -3.16751684295e-005, -0.00711399503052, 0.0252220388502, -0.0123448455706], [0.000153643195517, -0.000269088457571, -0.000778494577389, -0.00151482690126, 0.00200391188264, 0.000145855796291, 0.000190095262951, 0.00183146167547, -0.00209814100526, -0.000111641013063, 0.00524323200807, -0.0123448455706, 0.0210370048881]]
    sccoeffs:
        dmean: [0.0551901981235, 0.0486754849553, 0.0379075035453, 0.0300544090569, 0.0221643410623, 0.0200873203576]
        dmean2: [0.0911981090903, 0.0806626230478, 0.0626030266285, 0.0493084006011, 0.0353675782681, 0.0325785130262]
        dvar: [0.00246293726377, 0.00151316972915, 0.00086384016322, 0.000586777925491, 0.000373190763639, 0.000361205282388]
        dvar2: [0.00611465517431, 0.0040063415654, 0.00232279207557, 0.00150318921078, 0.00083358300617, 0.000894277356565]
        max: [-0.331815123558, -0.463253498077, -0.544474959373, -0.585329174995, -0.514799118042, -0.550911903381]
        mean: [-0.681048870087, -0.754486680031, -0.776213884354, -0.788158833981, -0.787670910358, -0.739915847778]
        median: [-0.688348114491, -0.76082110405, -0.779961824417, -0.791717469692, -0.793182969093, -0.739655137062]
        min: [-0.961013376713, -0.955213308334, -0.960723519325, -0.959953606129, -0.96393096447, -0.962910294533]
        var: [0.00518200593069, 0.00398432463408, 0.00343468249775, 0.00234640715644, 0.00178455561399, 0.00187964586075]
    scvalleys:
        dmean: [0.36669126153, 0.358167290688, 0.313149362803, 0.278340488672, 0.243972420692, 0.296381056309]
        dmean2: [0.61665636301, 0.589842557907, 0.499117940664, 0.43451410532, 0.379828065634, 0.423503547907]
        dvar: [0.114533312619, 0.12144908309, 0.100359976292, 0.0902578532696, 0.0983692631125, 0.162776738405]
        dvar2: [0.271114259958, 0.262819647789, 0.185251533985, 0.158975943923, 0.18285022676, 0.305684894323]
        max: [-5.06803417206, -4.70003700256, -5.24772119522, -5.62222862244, -5.4072971344, -7.43164634705]
        mean: [-6.70444536209, -6.74280548096, -7.15264606476, -7.26704502106, -6.87353420258, -9.82873821259]
        median: [-6.38608837128, -6.5246052742, -6.9091501236, -7.02348661423, -6.55985641479, -9.52750968933]
        min: [-27.2519340515, -27.6358413696, -27.3765888214, -27.3728637695, -27.1705131531, -27.2369709015]
        var: [1.85247027874, 1.25236344337, 1.29473793507, 1.2346868515, 1.35033214092, 2.38771557808]

rhythm:
    beats_loudness:
        dmean: 0.00396991055459
        dmean2: 0.00672933226451
        dvar: 1.10952696559e-005
        dvar2: 3.1761777791e-005
        max: 0.0178353283554
        mean: 0.00567576987669
        median: 0.00468145031482
        min: 1.2220171923e-011
        var: 1.42240687637e-005
    bpm: 153.627593994
    bpm_confidence: 0
    first_peak_bpm: 152
    first_peak_spread: 0.0894568562508
    first_peak_weight: 0.521023750305
    onset_rate: 3.20209240913
    second_peak_bpm: 157
    second_peak_spread: 0.0319635011256
    second_peak_weight: 0.387568563223
    beats_loudness_band_ratio:
        dmean: [0.128917500377, 0.194868147373, 0.0647257938981, 0.0623621828854, 0.147548243403, 0.0880671665072]
        dmean2: [0.22172857821, 0.344171106815, 0.111056722701, 0.106957472861, 0.259087145329, 0.150070980191]
        dvar: [0.0109950890765, 0.0323034003377, 0.00386436376721, 0.00420264853165, 0.0171911176294, 0.00869262032211]
        dvar2: [0.0331341959536, 0.0773204192519, 0.0101885274053, 0.0117380572483, 0.0481629297137, 0.02398949489]
        max: [0.823545515537, 0.837368369102, 0.463941156864, 0.441995173693, 0.825835704803, 0.729991137981]
        mean: [0.220262527466, 0.212180778384, 0.0999550297856, 0.0848181769252, 0.255917131901, 0.220321699977]
        median: [0.212181925774, 0.127501666546, 0.0749231129885, 0.0575520843267, 0.215959638357, 0.204063311219]
        min: [0, 0, 0, 0, 0, 0]
        var: [0.0167100578547, 0.0368323549628, 0.00554998405278, 0.00539957499132, 0.024865148589, 0.0120529513806]
    beats_position: [0.383129239082, 0.777868449688, 1.18421769142, 1.57895684242, 1.98530614376, 2.39165520668, 2.7863945961, 3.1811337471, 3.58748292923, 3.99383211136, 4.38857126236, 4.79492044449, 5.20126962662, 5.60761880875, 6.01396799088, 6.39709758759, 6.79183673859, 7.17496585846, 7.56970500946, 7.96444416046, 8.35918331146, 8.75392246246, 9.13705158234, 9.52018165588, 9.91492080688, 10.2980499268, 10.6927890778, 11.0759181976, 11.4706573486, 11.8653964996, 12.2485256195, 12.6316547394, 13.0263938904, 13.4211339951, 13.8158731461, 14.1990022659, 14.5937414169, 14.9768705368, 15.3599996567, 15.7431287766, 16.1378688812, 16.5326080322, 16.9273471832, 17.3104763031, 17.7052154541, 18.088344574, 18.483083725, 18.8894329071, 19.2841720581, 19.667301178, 20.062040329, 20.4451694489, 20.8282985687, 21.2114276886, 21.6061668396, 21.9892959595, 22.3840351105, 22.7787742615, 23.1619052887, 23.5450344086, 23.9397735596, 24.3345127106, 24.7292518616, 25.1007709503, 25.4955101013, 25.8902492523, 26.2733783722, 26.6565074921, 27.0512466431, 27.4459857941, 27.8291149139, 28.2122440338, 28.6069831848, 29.0017223358, 29.3848514557, 29.7679805756, 30.1627197266, 30.5574588776, 30.9405899048, 31.3237190247, 31.7184581757, 32.1131973267, 32.5079345703, 32.8910636902, 33.2741928101, 33.6689338684, 34.0636711121, 34.4468002319, 34.8299331665, 35.2130622864, 35.5961914063, 35.9909286499, 36.3856697083, 36.7804069519, 37.1751480103, 37.5698852539, 37.9646263123, 38.3477554321, 38.730884552, 39.1256217957, 39.520362854, 39.9151000977, 40.2982292175, 40.6813583374, 41.0760993958, 41.4708366394, 41.8539657593, 42.2370948792, 42.6318359375, 43.0265769958, 43.4097061157, 43.7928352356, 44.1875724792, 44.5823135376, 44.9654426575, 45.3601799011, 45.743309021, 46.1380500793, 46.5211791992, 46.9043083191, 47.2990455627, 47.6937866211, 48.076915741, 48.4716529846, 48.8547821045, 49.2495231628, 49.6326522827, 50.0157814026, 50.4105224609, 50.8052597046, 51.1883888245, 51.5831298828, 51.9778671265, 52.3726081848, 52.7557373047, 53.1504745483, 53.5452156067, 53.9399528503, 54.3230819702, 54.7178230286, 55.1009521484, 55.4956893921, 55.8904304504, 56.2619476318, 56.6566886902, 57.0514259338, 57.4345550537, 57.8292961121, 58.2124252319, 58.6071662903, 58.9902954102, 59.3850326538, 59.7681617737, 60.162902832, 60.5576400757, 60.9407691956, 61.3238983154, 61.7186393738, 62.1017684937, 62.4848976135, 62.8796348572, 63.2743759155, 63.6575050354, 64.0522460938, 64.4353713989, 64.8301086426, 65.2132415771, 65.6079788208, 66.0027160645, 66.3974609375, 66.7805862427, 67.1637191772, 67.5468444824, 67.9415893555, 68.3363265991, 68.7310638428, 69.1258010864, 69.5205459595, 69.9036712646, 70.2868041992, 70.6815414429, 71.0762786865, 71.4594116211, 71.8425369263, 72.2372741699, 72.632019043, 73.0151443481, 73.3982772827, 73.7930145264, 74.18775177, 74.5824966431, 74.9772338867, 75.3719711304, 75.766708374, 76.1498413086, 76.5329666138, 76.9277114868, 77.3224487305, 77.7055740356, 78.0887069702, 78.4834442139, 78.8781814575, 79.2613143921, 79.6444396973, 80.0275726318, 80.4223098755, 80.8054428101, 81.2001800537, 81.5949172974, 81.9896621704, 82.3727874756, 82.7559204102, 83.1506576538, 83.5453948975, 83.9401321411, 84.3116531372, 84.7063903809, 85.1011352539, 85.4958724976, 85.8789978027, 86.2737426758, 86.6684799194, 87.0632171631, 87.4579544067, 87.8410873413, 88.2242126465, 88.6189575195, 89.0020828247, 89.3968200684, 89.7799530029, 90.1746902466, 90.5578231812, 90.9525604248, 91.3356933594, 91.730430603, 92.1135559082, 92.5083007813, 92.9030380249, 93.274559021, 93.6692962646, 94.0640335083, 94.458770752, 94.8419036865, 95.2250289917, 95.6197738647, 96.0145111084, 96.4092483521, 96.7923812866, 97.1871185303, 97.5702438354, 97.9649887085, 98.3481140137, 98.7428588867, 99.1259841919, 99.5207214355, 99.9154663086, 100.310203552, 100.693328857, 101.08807373, 101.471199036, 101.85433197, 102.249069214, 102.643806458, 103.026939392, 103.421676636, 103.816413879, 104.199546814, 104.582672119, 104.977409363, 105.360542297, 105.743675232, 106.126800537, 106.521537781, 106.904670715, 107.299407959, 107.694145203, 108.088890076, 108.472015381, 108.855148315, 109.238273621, 109.621406555, 110.016143799, 110.410881042, 110.805618286, 111.200363159, 111.595100403, 111.989837646, 112.372970581, 112.767707825, 113.15083313, 113.533966064, 113.917098999, 114.311836243, 114.706573486, 115.10131073, 115.496055603, 115.890792847, 116.273918152, 116.657051086, 117.05178833, 117.434921265, 117.81804657, 118.212783813, 118.607528687, 119.00226593, 119.397003174, 119.780136108, 120.186485291, 120.569610596, 120.95274353, 121.335868835, 121.730613708, 122.113739014, 122.508476257, 122.891609192, 123.286346436, 123.66947937, 124.064216614, 124.447341919, 124.830474854, 125.225212097, 125.619949341, 126.003082275, 126.397819519, 126.780952454, 127.175689697, 127.558815002, 127.953559875, 128.336685181, 128.731430054, 129.114562988, 129.497680664, 129.892425537, 130.28717041, 130.681900024, 131.065032959, 131.459777832, 131.854507446, 132.237640381, 132.632385254, 133.027114868, 133.421859741, 133.804992676, 134.19972229, 134.582855225, 134.977600098, 135.360717773, 135.743850708, 136.138595581, 136.533325195, 136.904846191, 137.299591064, 137.694335938, 138.089065552, 138.472198486, 138.866943359, 139.250061035, 139.644805908, 140.027938843, 140.422668457, 140.805801392, 141.200546265, 141.58366394, 141.966796875, 142.361541748, 142.756271362, 143.151016235, 143.53414917, 143.928878784, 144.312011719, 144.706756592, 145.101501465, 145.496231079, 145.879364014, 146.262496948, 146.657226563, 147.051971436, 147.446716309, 147.829833984, 148.212966919, 148.607711792, 149.002441406, 149.385574341, 149.768707275, 150.16343689, 150.558181763, 150.941314697, 151.324447632, 151.719177246, 152.113922119, 152.508651733, 152.891784668, 153.286529541, 153.669662476, 154.06439209, 154.447525024, 154.842269897, 155.225387573, 155.620132446, 156.003265381, 156.397994995, 156.78112793, 157.175872803, 157.570602417, 157.96534729, 158.348480225, 158.731613159, 159.126342773, 159.521087646, 159.915817261, 160.298950195, 160.68208313, 161.076828003, 161.471557617, 161.854690552, 162.237823486, 162.632553101, 163.027297974, 163.410430908, 163.793563843, 164.188293457, 164.58303833, 164.977767944, 165.360900879, 165.744033813, 166.138778687, 166.521896362, 166.905029297, 167.29977417, 167.694503784, 168.077636719, 168.472381592, 168.867111206, 169.250244141, 169.644989014, 170.028121948, 170.422851563, 170.805984497, 171.20072937, 171.595458984, 171.978591919, 172.361724854, 172.756454468, 173.151199341, 173.545944214, 173.92906189, 174.312194824, 174.695327759, 175.078460693, 175.473190308, 175.867935181, 176.262680054, 176.657409668, 177.052154541, 177.446884155, 177.818405151, 178.213150024, 178.607894897, 178.991012573, 179.374145508, 179.768890381, 180.163619995, 180.558364868, 180.953109741, 181.336227417, 181.719360352, 182.114105225, 182.508834839, 182.891967773, 183.275100708, 183.669830322, 184.064575195, 184.459320068, 184.842453003, 185.225570679, 185.63192749, 186.015060425, 186.409790039, 186.792922974, 187.187667847, 187.570785522, 187.965530396, 188.34866333, 188.743392944, 189.126525879, 189.521270752, 189.916000366, 190.287521362, 190.670654297, 191.06539917, 191.448516846, 191.843261719, 192.238006592, 192.632736206, 193.015869141, 193.410614014, 193.793731689, 194.188476563, 194.571609497, 194.954742432, 195.349472046, 195.744216919, 196.127349854, 196.510467529, 196.905212402, 197.299957275, 197.69468689, 198.101043701, 198.484161377, 198.87890625, 199.285263062, 199.691604614, 200.097961426, 200.504302979, 200.91065979, 201.317001343, 201.723358154, 202.118087769, 202.52444458, 202.930786133, 203.337142944, 203.731872559, 204.126617432, 204.521362305, 204.927703857, 205.334060669, 205.740402222, 206.146759033, 206.553100586, 207.005889893, 207.458679199, 207.911468506, 208.29460144, 208.677734375, 209.060852051, 209.443984985, 209.885162354, 210.326339722, 210.76751709, 211.231918335, 211.69631958, 212.160720825, 212.62512207, 213.089523315, 213.553924561, 214.018310547, 214.482711792, 214.947113037]
