
metadata:
    version:
        essentia: "2.1-beta2"
    audio_properties:
        analysis_sample_rate: 44100
        bitrate: 288
        channels: 2
        equal_loudness: 1
        length: 215.484085083
        replay_gain: -17.1247062683
        downmix: "mix"
    tags:
        album: "The Return"
        artist: "Nonpoint"
        comment: ""
        date: "2014"
        genre: "Hard Rock"
        title: "Forcing Hands"
        tracknumber: "7/13"

configuration:
    average_loudness:
        compute: 1
        frameSize: 88200
        hopSize: 44100
        silentFrames: "noise"
        windowType: "hann"
    general:
        analysisSampleRate: 44100
        endTime: 2000
        equalLoudness: 1
        nequalLoudness: 0
        shortSound: 0
        startTime: 0
    lowlevel:
        compute: 1
        frameSize: 2048
        hopSize: 1024
        zeroPadding: 0
        silentFrames: "noise"
        windowType: "blackmanharris62"
        mfccStats: ["mean", "cov", "icov"]
        stats: ["mean", "var", "median", "min", "max", "dmean", "dmean2", "dvar", "dvar2"]
    panning:
        compute: 0
        frameSize: 8192
        hopSize: 2048
        zeroPadding: 8192
        silentFrames: "noise"
        windowType: "hann"
        stats: ["copy"]
    rhythm:
        compute: 1
        maxTempo: 208
        minTempo: 40
        method: "degara"
        stats: ["mean", "var", "median", "min", "max", "dmean", "dmean2", "dvar", "dvar2"]
    segmentation:
        compute: 0
        cpw: 5
        inc1: 300
        inc2: 50
        minimumSegmentsLength: 10
        size1: 1000
        size2: 600
    sfx:
        compute: 1
        stats: ["mean", "var", "median", "min", "max", "dmean", "dmean2", "dvar", "dvar2"]
    svm:
        compute: 0
    tonal:
        compute: 1
        frameSize: 4096
        hopSize: 2048
        zeroPadding: 0
        silentFrames: "noise"
        windowType: "blackmanharris62"
        stats: ["mean", "var", "median", "min", "max", "dmean", "dmean2", "dvar", "dvar2"]

lowlevel:
    average_loudness: 0.884537160397
    barkbands_kurtosis:
        dmean: 0.82438647747
        dmean2: 1.34794306755
        dvar: 2.45628499985
        dvar2: 5.33290624619
        max: 81.4290771484
        mean: -0.526613533497
        median: -1.17353105545
        min: -1.91023147106
        var: 4.90499734879
    barkbands_skewness:
        dmean: 0.479302316904
        dmean2: 0.754706859589
        dvar: 0.206684648991
        dvar2: 0.487050294876
        max: 5.55360031128
        mean: -0.428980380297
        median: -0.417216837406
        min: -3.95657849312
        var: 0.733372688293
    barkbands_spread:
        dmean: 6.6062874794
        dmean2: 10.5684051514
        dvar: 44.5207328796
        dvar2: 110.92905426
        max: 78.1730651855
        mean: 37.3744087219
        median: 38.262260437
        min: 0.587044417858
        var: 160.36869812
    dissonance:
        dmean: 0.00880578253418
        dmean2: 0.0150454221293
        dvar: 7.86574237281e-005
        dvar2: 0.000212965664105
        max: 0.500000059605
        mean: 0.485960006714
        median: 0.488138854504
        min: 0.230139106512
        var: 0.000109857435746
    hfc:
        dmean: 2.78614544868
        dmean2: 4.56254005432
        dvar: 14.2180509567
        dvar2: 36.3870048523
        max: 47.3764877319
        mean: 8.06290817261
        median: 6.16632604599
        min: 1.28185241382e-016
        var: 39.7952766418
    pitch:
        dmean: 810.514160156
        dmean2: 1541.81140137
        dvar: 1526322.875
        dvar2: 3860430
        max: 4823.65917969
        mean: 2660.51342773
        median: 3323.01953125
        min: 65.2879943848
        var: 2053138.375
    pitch_instantaneous_confidence:
        dmean: 0.0878651589155
        dmean2: 0.143848121166
        dvar: 0.0050176535733
        dvar2: 0.0127195920795
        max: 0.883575856686
        mean: 0.415753155947
        median: 0.400406837463
        min: 0.120244264603
        var: 0.0173847004771
    pitch_salience:
        dmean: 0.0640456601977
        dmean2: 0.107750214636
        dvar: 0.00401159189641
        dvar2: 0.0110873617232
        max: 0.879869997501
        mean: 0.676538228989
        median: 0.69090205431
        min: 0.158956632018
        var: 0.00648612109944
    silence_rate_20dB:
        dmean: 0
        dmean2: 0
        dvar: 0
        dvar2: 0
        max: 1
        mean: 1
        median: 1
        min: 1
        var: 0
    silence_rate_30dB:
        dmean: 0
        dmean2: 0
        dvar: 0
        dvar2: 0
        max: 1
        mean: 1
        median: 1
        min: 1
        var: 0
    silence_rate_60dB:
        dmean: 0.123478069901
        dmean2: 0.246982753277
        dvar: 0.108239799738
        dvar2: 0.219395592809
        max: 1
        mean: 0.504093945026
        median: 1
        min: 0
        var: 0.249992057681
    spectral_centroid:
        dmean: 319.697143555
        dmean2: 511.185394287
        dvar: 108851.554688
        dvar2: 256469.046875
        max: 10935.8242188
        mean: 2042.70153809
        median: 2088.36865234
        min: 142.440719604
        var: 289464.75
    spectral_complexity:
        dmean: 3.84333586693
        dmean2: 6.21724128723
        dvar: 17.969461441
        dvar2: 43.1489372253
        max: 48
        mean: 12.6929540634
        median: 12
        min: 0
        var: 64.9596099854
    spectral_crest:
        dmean: 2.29238510132
        dmean2: 3.82385540009
        dvar: 5.61370611191
        dvar2: 14.2483787537
        max: 22.9734115601
        mean: 7.34703588486
        median: 6.46744728088
        min: 2.25088381767
        var: 10.5729961395
    spectral_decrease:
        dmean: 3.15514753213e-010
        dmean2: 5.12456133084e-010
        dvar: 3.15086588705e-019
        dvar2: 7.8641741046e-019
        max: 1.68070850681e-028
        mean: -8.36207270094e-010
        median: -6.44001296735e-010
        min: -4.80280171189e-009
        var: 4.59784776271e-019
    spectral_energy:
        dmean: 0.00142246519681
        dmean2: 0.00230706878938
        dvar: 5.63302182854e-006
        dvar2: 1.40668453241e-005
        max: 0.0209449958056
        mean: 0.00388737418689
        median: 0.00300310598686
        min: 1.09924411265e-020
        var: 9.33983938012e-006
    spectral_energyband_high:
        dmean: 0.000175907451194
        dmean2: 0.000298839382594
        dvar: 9.24460721308e-008
        dvar2: 2.37278385384e-007
        max: 0.00390464998782
        mean: 0.000357836193871
        median: 0.00025474713766
        min: 7.98398523866e-021
        var: 1.26608185269e-007
    spectral_energyband_low:
        dmean: 0.000205906748306
        dmean2: 0.000356443342753
        dvar: 1.15078883312e-007
        dvar2: 3.20864927517e-007
        max: 0.00370112294331
        mean: 0.000317786500091
        median: 0.00023362741922
        min: 4.03470703921e-023
        var: 1.05553368712e-007
    spectral_energyband_middle_high:
        dmean: 0.000740247021895
        dmean2: 0.00118034298066
        dvar: 9.09706102448e-007
        dvar2: 2.18815966946e-006
        max: 0.0129767786711
        mean: 0.00222081597894
        median: 0.00147152040154
        min: 1.38598140504e-021
        var: 4.00245517085e-006
    spectral_energyband_middle_low:
        dmean: 0.000710426829755
        dmean2: 0.0011546779424
        dvar: 3.35429058396e-006
        dvar2: 8.4278126451e-006
        max: 0.0155955553055
        mean: 0.00107978889719
        median: 0.00065796636045
        min: 2.71586129441e-022
        var: 2.98007489619e-006
    spectral_flatness_db:
        dmean: 0.0150749720633
        dmean2: 0.0240559261292
        dvar: 0.000224763090955
        dvar2: 0.00054088543402
        max: 0.486089676619
        mean: 0.136848568916
        median: 0.132891982794
        min: 0.0490736104548
        var: 0.0010658421088
    spectral_flux:
        dmean: 0.00897352024913
        dmean2: 0.0139092262834
        dvar: 0.000142366610817
        dvar2: 0.000291395379463
        max: 0.122082144022
        mean: 0.0384640656412
        median: 0.0360975116491
        min: 1.04844841142e-010
        var: 0.000363923987607
    spectral_kurtosis:
        dmean: 0.971760392189
        dmean2: 1.58888316154
        dvar: 2.64456176758
        dvar2: 6.40948438644
        max: 91.9720458984
        mean: 3.26007819176
        median: 2.83508014679
        min: -1.15744590759
        var: 5.53078174591
    spectral_rms:
        dmean: 0.000317893252941
        dmean2: 0.000497804372571
        dvar: 1.84838341966e-007
        dvar2: 4.34718799625e-007
        max: 0.00452041393146
        mean: 0.00179449573625
        median: 0.00171168323141
        min: 3.27480273801e-012
        var: 5.72324154291e-007
    spectral_rolloff:
        dmean: 310.589294434
        dmean2: 500.278503418
        dvar: 183050.5
        dvar2: 401402.15625
        max: 19573.6816406
        mean: 3603.74194336
        median: 3574.51171875
        min: 129.19921875
        var: 446393.34375
    spectral_skewness:
        dmean: 0.160294786096
        dmean2: 0.257941752672
        dvar: 0.031382612884
        dvar2: 0.074702039361
        max: 8.26553153992
        mean: 1.20054626465
        median: 1.18680477142
        min: -0.0182935036719
        var: 0.115891136229
    spectral_spread:
        dmean: 464982.34375
        dmean2: 672506.6875
        dvar: 408067670016
        dvar2: 651829706752
        max: 39168696
        mean: 4755008.5
        median: 4503897
        min: 1173277.5
        var: 2.07953644749e+012
    spectral_strongpeak:
        dmean: 0.592595458031
        dmean2: 1.0096552372
        dvar: 0.773435235023
        dvar2: 1.93703365326
        max: 15.8099632263
        mean: 0.801506280899
        median: 0.218259334564
        min: 0
        var: 1.42202234268
    zerocrossingrate:
        dmean: 0.00905027519912
        dmean2: 0.0112175252289
        dvar: 9.10405724426e-005
        dvar2: 0.000118382711662
        max: 0.50439453125
        mean: 0.112035244703
        median: 0.1123046875
        min: 0.00927734375
        var: 0.000511455931701
    barkbands:
        dmean: [6.97015707374e-007, 9.87136008916e-005, 0.000112576984975, 6.77253265167e-005, 0.000459198665339, 0.000170441911905, 9.20076636248e-005, 4.09592867072e-005, 6.07019246672e-005, 6.64453618811e-005, 2.43821705226e-005, 3.65696396329e-005, 2.60999586317e-005, 4.13061134168e-005, 6.11256546108e-005, 7.63632342569e-005, 0.000187338097021, 0.00035238583223, 0.000243863571086, 0.000131949156639, 8.95204284461e-005, 3.41977829521e-005, 6.1924442889e-006, 2.70055852525e-006, 1.07631251467e-006, 2.72637343812e-008, 2.89769458428e-010]
        dmean2: [1.07548851247e-006, 0.000173375563463, 0.000193294414203, 0.000114031303383, 0.000782578543294, 0.000270760501735, 0.000157684436999, 6.81300953147e-005, 9.65069630183e-005, 0.000105274499219, 4.00357312174e-005, 5.82596112508e-005, 4.20483738708e-005, 6.67914791848e-005, 9.85229780781e-005, 0.000124474390759, 0.000298974628095, 0.000577669998165, 0.000410792941693, 0.000222269853111, 0.000154840046889, 5.93297518208e-005, 9.67583673628e-006, 4.11442624682e-006, 1.65180028944e-006, 4.31831566061e-008, 4.98493912815e-010]
        dvar: [1.48589636689e-012, 3.61983900632e-008, 3.03947267355e-008, 9.68594005002e-009, 2.46734634857e-006, 9.4321187305e-008, 4.3311917608e-008, 6.18824902432e-009, 1.21637526718e-008, 2.32790213772e-008, 2.84542567286e-009, 5.92096016661e-009, 3.91428400803e-009, 8.7412210803e-009, 1.644386316e-008, 1.9026121123e-008, 1.43323191537e-007, 4.03860099141e-007, 1.03867563439e-007, 4.57567139733e-008, 2.16663256225e-008, 4.34178781816e-009, 1.92956345346e-010, 8.14320208486e-011, 6.52491212103e-012, 2.86018144695e-015, 2.41807976558e-019]
        dvar2: [2.9749783366e-012, 1.02155432558e-007, 8.41418454911e-008, 2.58106638285e-008, 6.39446579953e-006, 2.2601706462e-007, 1.20496181921e-007, 1.62794666636e-008, 2.86490955403e-008, 6.11619768165e-008, 6.96634350206e-009, 1.38770168689e-008, 9.65065183323e-009, 2.13175059827e-008, 3.9597999546e-008, 4.68398297926e-008, 3.40934207088e-007, 9.98457835522e-007, 2.73548920404e-007, 1.18681406036e-007, 5.66029179083e-008, 1.1467944816e-008, 3.87788273715e-010, 1.83705869961e-010, 1.40958321404e-011, 6.7287708642e-015, 6.26370628134e-019]
        max: [1.05818035081e-005, 0.00128432561178, 0.00244980235584, 0.00159028614871, 0.0140846362337, 0.00376527337357, 0.00383754214272, 0.0012378556421, 0.00238457671367, 0.00299196387641, 0.00180558743887, 0.00153988937382, 0.0013931178255, 0.00151356437709, 0.00201525026932, 0.00288131600246, 0.00625697756186, 0.0108896996826, 0.00602565612644, 0.00433577224612, 0.00242391508073, 0.000938764889725, 0.000296089303447, 0.000228571036132, 5.61985580134e-005, 1.32564980504e-006, 1.21023768784e-008]
        mean: [7.84168491919e-007, 0.000114908543765, 0.00015226805408, 8.98854777915e-005, 0.000416194699937, 0.000243141432293, 0.000118787727843, 5.91027237533e-005, 9.76670125965e-005, 0.000114444774226, 3.94382877857e-005, 5.84290282859e-005, 3.99524287786e-005, 6.04853703408e-005, 9.58414675551e-005, 0.000148810548126, 0.000353523850208, 0.000670505280141, 0.000511938647833, 0.000268851727014, 0.000161701624165, 5.08585544594e-005, 1.21913317344e-005, 5.3666472013e-006, 2.23388428822e-006, 5.9158701049e-008, 4.34084906908e-010]
        median: [1.85966285926e-007, 7.28954255464e-005, 0.00010023444338, 5.86566602578e-005, 0.000120568103739, 0.000112280999019, 6.11329887761e-005, 3.0137867725e-005, 5.39922511962e-005, 3.86864376196e-005, 2.28054595937e-005, 2.57826977759e-005, 1.96386044991e-005, 2.20274177991e-005, 4.04886231991e-005, 8.94351469469e-005, 0.000140500342241, 0.000204665964702, 0.000375649542548, 0.000213511477341, 0.000116254916065, 2.56499079114e-005, 5.11081543664e-006, 2.51333153756e-006, 1.12410009478e-006, 3.07325613846e-008, 2.47363241002e-010]
        min: [1.03582879996e-024, 1.55719032488e-024, 3.09349058746e-023, 1.8570369466e-023, 8.50299412004e-023, 5.02400393204e-023, 1.11925170843e-023, 5.47340410579e-023, 4.62338155241e-023, 3.9033418192e-023, 8.86148848743e-023, 5.01095175505e-023, 1.01917061355e-022, 1.47999595445e-022, 1.13074135708e-022, 1.10806204781e-022, 9.73446405325e-023, 1.63212027007e-022, 2.44002882138e-022, 3.61795087635e-022, 4.09986890636e-022, 4.70754575348e-022, 7.48914705542e-022, 9.41106768525e-022, 1.20445787169e-021, 1.77481677648e-021, 2.53031661518e-021]
        var: [2.00591518222e-012, 2.66565791662e-008, 3.24559614739e-008, 1.07552926565e-008, 1.85086764759e-006, 1.33607485964e-007, 3.89715388849e-008, 8.45996428467e-009, 2.14322302128e-008, 5.72783456221e-008, 5.21918375185e-009, 1.30019017774e-008, 5.85322590396e-009, 1.4669648607e-008, 2.98337070603e-008, 4.9489074172e-008, 3.47112575128e-007, 1.16111652915e-006, 2.40185102029e-007, 6.20142301955e-008, 2.58659831331e-008, 5.13704323524e-009, 4.90069484993e-010, 1.51299320295e-010, 1.42060165714e-011, 6.75828742131e-015, 3.74872334098e-019]
    frequency_bands:
        dmean: [6.97015707374e-007, 9.87136008916e-005, 0.000112576984975, 6.77253265167e-005, 0.000459198665339, 0.000170441911905, 9.20076636248e-005, 4.09592867072e-005, 6.07019246672e-005, 6.64453618811e-005, 2.43821705226e-005, 3.65696396329e-005, 2.60999586317e-005, 4.13061134168e-005, 6.11256546108e-005, 7.63632342569e-005, 0.000187338097021, 0.00035238583223, 0.000243863571086, 0.000131949156639, 8.95204284461e-005, 3.41977829521e-005, 6.1924442889e-006, 2.70055852525e-006, 1.07631251467e-006, 2.72637343812e-008, 2.89769458428e-010, 4.65244995307e-011]
        dmean2: [1.07548851247e-006, 0.000173375563463, 0.000193294414203, 0.000114031303383, 0.000782578543294, 0.000270760501735, 0.000157684436999, 6.81300953147e-005, 9.65069630183e-005, 0.000105274499219, 4.00357312174e-005, 5.82596112508e-005, 4.20483738708e-005, 6.67914791848e-005, 9.85229780781e-005, 0.000124474390759, 0.000298974628095, 0.000577669998165, 0.000410792941693, 0.000222269853111, 0.000154840046889, 5.93297518208e-005, 9.67583673628e-006, 4.11442624682e-006, 1.65180028944e-006, 4.31831566061e-008, 4.98493912815e-010, 8.67721103304e-011]
        dvar: [1.48589636689e-012, 3.61983900632e-008, 3.03947267355e-008, 9.68594005002e-009, 2.46734634857e-006, 9.4321187305e-008, 4.3311917608e-008, 6.18824902432e-009, 1.21637526718e-008, 2.32790213772e-008, 2.84542567286e-009, 5.92096016661e-009, 3.91428400803e-009, 8.7412210803e-009, 1.644386316e-008, 1.9026121123e-008, 1.43323191537e-007, 4.03860099141e-007, 1.03867563439e-007, 4.57567139733e-008, 2.16663256225e-008, 4.34178781816e-009, 1.92956345346e-010, 8.14320208486e-011, 6.52491212103e-012, 2.86018144695e-015, 2.41807976558e-019, 5.41260060048e-021]
        dvar2: [2.9749783366e-012, 1.02155432558e-007, 8.41418454911e-008, 2.58106638285e-008, 6.39446579953e-006, 2.2601706462e-007, 1.20496181921e-007, 1.62794666636e-008, 2.86490955403e-008, 6.11619768165e-008, 6.96634350206e-009, 1.38770168689e-008, 9.65065183323e-009, 2.13175059827e-008, 3.9597999546e-008, 4.68398297926e-008, 3.40934207088e-007, 9.98457835522e-007, 2.73548920404e-007, 1.18681406036e-007, 5.66029179083e-008, 1.1467944816e-008, 3.87788273715e-010, 1.83705869961e-010, 1.40958321404e-011, 6.7287708642e-015, 6.26370628134e-019, 1.74192007009e-020]
        max: [1.05818035081e-005, 0.00128432561178, 0.00244980235584, 0.00159028614871, 0.0140846362337, 0.00376527337357, 0.00383754214272, 0.0012378556421, 0.00238457671367, 0.00299196387641, 0.00180558743887, 0.00153988937382, 0.0013931178255, 0.00151356437709, 0.00201525026932, 0.00288131600246, 0.00625697756186, 0.0108896996826, 0.00602565612644, 0.00433577224612, 0.00242391508073, 0.000938764889725, 0.000296089303447, 0.000228571036132, 5.61985580134e-005, 1.32564980504e-006, 1.21023768784e-008, 9.95037607865e-010]
        mean: [7.84168491919e-007, 0.000114908543765, 0.00015226805408, 8.98854777915e-005, 0.000416194699937, 0.000243141432293, 0.000118787727843, 5.91027237533e-005, 9.76670125965e-005, 0.000114444774226, 3.94382877857e-005, 5.84290282859e-005, 3.99524287786e-005, 6.04853703408e-005, 9.58414675551e-005, 0.000148810548126, 0.000353523850208, 0.000670505280141, 0.000511938647833, 0.000268851727014, 0.000161701624165, 5.08585544594e-005, 1.21913317344e-005, 5.3666472013e-006, 2.23388428822e-006, 5.9158701049e-008, 4.34084906908e-010, 3.53555587584e-011]
        median: [1.85966285926e-007, 7.28954255464e-005, 0.00010023444338, 5.86566602578e-005, 0.000120568103739, 0.000112280999019, 6.11329887761e-005, 3.0137867725e-005, 5.39922511962e-005, 3.86864376196e-005, 2.28054595937e-005, 2.57826977759e-005, 1.96386044991e-005, 2.20274177991e-005, 4.04886231991e-005, 8.94351469469e-005, 0.000140500342241, 0.000204665964702, 0.000375649542548, 0.000213511477341, 0.000116254916065, 2.56499079114e-005, 5.11081543664e-006, 2.51333153756e-006, 1.12410009478e-006, 3.07325613846e-008, 2.47363241002e-010, 1.13268483135e-011]
        min: [1.03582879996e-024, 1.55719032488e-024, 3.09349058746e-023, 1.8570369466e-023, 8.50299412004e-023, 5.02400393204e-023, 1.11925170843e-023, 5.47340410579e-023, 4.62338155241e-023, 3.9033418192e-023, 8.86148848743e-023, 5.01095175505e-023, 1.01917061355e-022, 1.47999595445e-022, 1.13074135708e-022, 1.10806204781e-022, 9.73446405325e-023, 1.63212027007e-022, 2.44002882138e-022, 3.61795087635e-022, 4.09986890636e-022, 4.70754575348e-022, 7.48914705542e-022, 9.41106768525e-022, 1.20445787169e-021, 1.77481677648e-021, 2.53031661518e-021, 1.09465166486e-021]
        var: [2.00591518222e-012, 2.66565791662e-008, 3.24559614739e-008, 1.07552926565e-008, 1.85086764759e-006, 1.33607485964e-007, 3.89715388849e-008, 8.45996428467e-009, 2.14322302128e-008, 5.72783456221e-008, 5.21918375185e-009, 1.30019017774e-008, 5.85322590396e-009, 1.4669648607e-008, 2.98337070603e-008, 4.9489074172e-008, 3.47112575128e-007, 1.16111652915e-006, 2.40185102029e-007, 6.20142301955e-008, 2.58659831331e-008, 5.13704323524e-009, 4.90069484993e-010, 1.51299320295e-010, 1.42060165714e-011, 6.75828742131e-015, 3.74872334098e-019, 4.12187532358e-021]
    mfcc:
        mean: [-722.54888916, 87.3752746582, -41.613861084, 62.7296028137, -9.51270008087, -7.83055257797, 0.946307897568, 0.0798357352614, 0.197199061513, -3.89121031761, -4.09449911118, -1.73953783512, -3.4016149044]
        cov: [[7341.80517578, 877.724243164, -510.486694336, 718.276123047, -233.33732605, -130.047958374, -170.513458252, 54.775554657, -76.4679718018, -38.9847869873, 5.72560358047, -48.7078056335, -137.147460938], [877.724243164, 696.045776367, -326.444793701, 211.997116089, -34.0304985046, -38.5929718018, 25.9019508362, -7.94140577316, 19.4096717834, -46.9110946655, -13.8242826462, -17.2513256073, -9.82891464233], [-510.486694336, -326.444793701, 488.657745361, -25.5836105347, 9.80284500122, 99.9307937622, 48.6782302856, -36.604675293, -5.54552555084, 25.4850025177, -31.4884109497, 0.858423471451, 42.0747795105], [718.276123047, 211.997116089, -25.5836105347, 328.642181396, 35.3355293274, 31.8499927521, -2.73314404488, -14.5484762192, 25.259054184, -8.48052215576, -12.0308847427, -6.89041852951, 1.90843439102], [-233.33732605, -34.0304985046, 9.80284500122, 35.3355293274, 143.987258911, 8.08595085144, -27.9129734039, -6.55743741989, 29.2830276489, 11.3048658371, 12.3528499603, 19.5282993317, 0.768620669842], [-130.047958374, -38.5929718018, 99.9307937622, 31.8499927521, 8.08595085144, 118.393936157, 55.8071174622, -8.35185050964, 8.90906143188, 8.50967216492, -11.2452774048, -11.9700880051, 9.86642742157], [-170.513458252, 25.9019508362, 48.6782302856, -2.73314404488, -27.9129734039, 55.8071174622, 134.773696899, 34.4896659851, 13.467247963, 9.3487329483, 7.02421426773, 3.28863143921, 11.7356071472], [54.775554657, -7.94140577316, -36.604675293, -14.5484762192, -6.55743741989, -8.35185050964, 34.4896659851, 101.192382813, 29.6738910675, 18.3861846924, 26.0325260162, 12.4162988663, -7.98698282242], [-76.4679718018, 19.4096717834, -5.54552555084, 25.259054184, 29.2830276489, 8.90906143188, 13.467247963, 29.6738910675, 89.4507293701, 37.3044776917, -0.426572829485, 3.68384718895, 15.0034332275], [-38.9847869873, -46.9110946655, 25.4850025177, -8.48052215576, 11.3048658371, 8.50967216492, 9.3487329483, 18.3861846924, 37.3044776917, 80.5591430664, 25.3197193146, 9.58902835846, 5.5498251915], [5.72560358047, -13.8242826462, -31.4884109497, -12.0308847427, 12.3528499603, -11.2452774048, 7.02421426773, 26.0325260162, -0.426572829485, 25.3197193146, 82.0733718872, 25.8522949219, -10.9014568329], [-48.7078056335, -17.2513256073, 0.858423471451, -6.89041852951, 19.5282993317, -11.9700880051, 3.28863143921, 12.4162988663, 3.68384718895, 9.58902835846, 25.8522949219, 58.8013153076, 24.4696445465], [-137.147460938, -9.82891464233, 42.0747795105, 1.90843439102, 0.768620669842, 9.86642742157, 11.7356071472, -7.98698282242, 15.0034332275, 5.5498251915, -10.9014568329, 24.4696445465, 62.3875846863]]
        icov: [[0.000250662560575, -0.000149346175021, 3.3491069189e-005, -0.000555944803637, 0.000561338150874, 5.17085481988e-006, 0.000474257714814, -0.000341945706168, 0.00031051406404, -0.00026501037064, 9.0514186013e-005, -0.000240792433033, 0.000440363422967], [-0.000149346175021, 0.003516853787, 0.00229340209626, -0.00169289973564, 0.000473243446322, 0.000847251387313, -0.00236983527429, 0.00177707406692, -0.00115043018013, 0.00121815258171, 0.000287828326691, 0.000491027371027, -0.000709676707629], [3.3491069189e-005, 0.00229340209626, 0.00441300543025, -0.00102787208743, 0.000225526164286, -0.00148941471707, -0.00168592273258, 0.00159751216415, 0.000467100704554, -0.000724163546693, 0.0013169067679, 7.06151986378e-005, -0.00160086515825], [-0.000555944803637, -0.00169289973564, -0.00102787208743, 0.00582955684513, -0.00227876752615, -0.00175360077992, 0.000395442126319, 0.000439487514086, -0.00132515328005, 0.00074910686817, -0.000300457351841, 0.000384228595067, -0.000637848570477], [0.000561338150874, 0.000473243446322, 0.000225526164286, -0.00227876752615, 0.0107494154945, -0.00168354646303, 0.00335467024706, 0.00100485503208, -0.00382567197084, 0.000678898068145, -0.00087783311028, -0.0049174525775, 0.00349254789762], [5.17085481988e-006, 0.000847251387313, -0.00148941471707, -0.00175360077992, -0.00168354646303, 0.0142908766866, -0.00641884980723, 0.00205664848909, -8.94391196198e-005, -0.000657448370475, 0.000290724594379, 0.00383842014708, -0.000940332072787], [0.000474257714814, -0.00236983527429, -0.00168592273258, 0.000395442126319, 0.00335467024706, -0.00641884980723, 0.0139943128452, -0.00557781336829, 0.000156246300321, -0.000177604495548, -0.00131110730581, -0.00157309474889, -0.000212493949221], [-0.000341945706168, 0.00177707406692, 0.00159751216415, 0.000439487514086, 0.00100485503208, 0.00205664848909, -0.00557781336829, 0.0159684475511, -0.00655482523143, 0.000967812899034, -0.00248060957529, -0.00275053153746, 0.00332897319458], [0.00031051406404, -0.00115043018013, 0.000467100704554, -0.00132515328005, -0.00382567197084, -8.94391196198e-005, 0.000156246300321, -0.00655482523143, 0.0201414283365, -0.00928433611989, 0.00367074017413, 0.00319105829112, -0.00520842755213], [-0.00026501037064, 0.00121815258171, -0.000724163546693, 0.00074910686817, 0.000678898068145, -0.000657448370475, -0.000177604495548, 0.000967812899034, -0.00928433611989, 0.0194493997842, -0.00656820740551, 0.000134149726364, -0.000369999936083], [9.0514186013e-005, 0.000287828326691, 0.0013169067679, -0.000300457351841, -0.00087783311028, 0.000290724594379, -0.00131110730581, -0.00248060957529, 0.00367074017413, -0.00656820740551, 0.0194746945053, -0.00914436485618, 0.00595036055893], [-0.000240792433033, 0.000491027371027, 7.06151986378e-005, 0.000384228595067, -0.0049174525775, 0.00383842014708, -0.00157309474889, -0.00275053153746, 0.00319105829112, 0.000134149726364, -0.00914436485618, 0.0302704051137, -0.0153638822958], [0.000440363422967, -0.000709676707629, -0.00160086515825, -0.000637848570477, 0.00349254789762, -0.000940332072787, -0.000212493949221, 0.00332897319458, -0.00520842755213, -0.000369999936083, 0.00595036055893, -0.0153638822958, 0.0269073136151]]
    sccoeffs:
        dmean: [0.0575818344951, 0.0472432114184, 0.0349818468094, 0.0286909434944, 0.0218243189156, 0.0187054648995]
        dmean2: [0.0942605212331, 0.0783426612616, 0.0576348416507, 0.0474036894739, 0.0355351418257, 0.0304700490087]
        dvar: [0.00280902395025, 0.00141870172229, 0.000767106423154, 0.000543500296772, 0.000353656971129, 0.000330260547344]
        dvar2: [0.00681668333709, 0.00380685832351, 0.00208337372169, 0.00141252588946, 0.000840126827825, 0.000822559755761]
        max: [-0.30270293355, -0.503146886826, -0.565105557442, -0.612333536148, -0.545682668686, -0.547464966774]
        mean: [-0.699796378613, -0.770328223705, -0.804070651531, -0.806558251381, -0.794018566608, -0.750446975231]
        median: [-0.707669734955, -0.774064123631, -0.810461401939, -0.814624786377, -0.804412126541, -0.750563323498]
        min: [-0.978235840797, -0.967007935047, -0.965277552605, -0.960415959358, -0.96669626236, -0.957727789879]
        var: [0.00627701589838, 0.00395003007725, 0.0027234214358, 0.00212282710709, 0.00192457193043, 0.00171899818815]
    scvalleys:
        dmean: [0.393252134323, 0.364685624838, 0.316575556993, 0.280485391617, 0.239582896233, 0.240420624614]
        dmean2: [0.650825619698, 0.588379204273, 0.502721607685, 0.434850811958, 0.375040471554, 0.366696685553]
        dvar: [0.118660733104, 0.115408532321, 0.0972591415048, 0.0813435316086, 0.0840717330575, 0.124094486237]
        dvar2: [0.28870293498, 0.255472868681, 0.191005647182, 0.151600494981, 0.164122924209, 0.251558542252]
        max: [-5.14453363419, -4.83011436462, -5.60479688644, -5.86691904068, -5.5733704567, -7.44142389297]
        mean: [-6.97524309158, -6.85215997696, -7.29585838318, -7.44376707077, -6.95978879929, -9.732878685]
        median: [-6.6765460968, -6.63541316986, -7.07486057281, -7.23881149292, -6.70392417908, -9.47927379608]
        min: [-27.0078754425, -27.1830348969, -27.2360401154, -27.0972728729, -27.2676944733, -27.311296463]
        var: [1.86553549767, 1.36167216301, 1.35953700542, 1.26579916477, 1.49043464661, 1.94803619385]

rhythm:
    beats_loudness:
        dmean: 0.00506595987827
        dmean2: 0.00998603180051
        dvar: 6.60838850308e-006
        dvar2: 2.14636784222e-005
        max: 0.0122890248895
        mean: 0.0055222408846
        median: 0.00561371725053
        min: 5.99380822752e-010
        var: 1.20370868899e-005
    bpm: 90.0173797607
    bpm_confidence: 0
    first_peak_bpm: 91
    first_peak_spread: 0.465798079967
    first_peak_weight: 0.512499988079
    onset_rate: 3.05358982086
    second_peak_bpm: 80
    second_peak_spread: 0.375
    second_peak_weight: 0.015625
    beats_loudness_band_ratio:
        dmean: [0.118354834616, 0.321483820677, 0.0584078431129, 0.0488202348351, 0.158262431622, 0.0913314521313]
        dmean2: [0.206198349595, 0.633450090885, 0.108619883657, 0.0895543843508, 0.279587447643, 0.152964264154]
        dvar: [0.00773429032415, 0.0250154472888, 0.00464521488175, 0.00453522615135, 0.0255947764963, 0.00637356285006]
        dvar2: [0.0239573996514, 0.0850942358375, 0.0138235036284, 0.0133055234328, 0.0781713351607, 0.0195258315653]
        max: [0.875932633877, 0.706125259399, 0.381791651249, 0.614438295364, 0.774701356888, 0.732405364513]
        mean: [0.241430595517, 0.277493387461, 0.0789215564728, 0.0643100589514, 0.231160864234, 0.23034375906]
        median: [0.245143547654, 0.274830669165, 0.0581363737583, 0.0393909104168, 0.173368051648, 0.213008001447]
        min: [0.00030038197292, 0.0100799063221, 0.0120084090158, 0.00688446080312, 0.0313696824014, 0.0227643977851]
        var: [0.01546606794, 0.0435933284461, 0.00427741277963, 0.00587262166664, 0.0265325624496, 0.00808856450021]
    beats_position: [0.684988677502, 1.39319729805, 2.11301589012, 2.82122445107, 3.52943301201, 4.2492518425, 4.96907043457, 5.65405893326, 6.31582736969, 6.98920631409, 7.66258478165, 8.33596324921, 8.98612213135, 9.65950107574, 10.3328800201, 11.0062580109, 11.6680269241, 12.3297958374, 13.0031747818, 13.6765527725, 14.3383216858, 15.0000905991, 15.6618595123, 16.3352375031, 16.99700737, 17.6703853607, 18.3321533203, 18.9939231873, 19.667301178, 20.3406791687, 21.0024490356, 21.6642169952, 22.3375968933, 23.010974884, 23.6611328125, 24.3345127106, 25.0078907013, 25.6696586609, 26.3314285278, 27.0048065186, 27.6665763855, 28.3399543762, 29.0017223358, 29.6751022339, 30.3368701935, 30.9986381531, 31.66040802, 32.3337860107, 32.9955558777, 33.6689338684, 34.3307037354, 35.0040817261, 35.6658477783, 36.3392295837, 37.000995636, 37.6627655029, 38.3245353699, 38.9979133606, 39.6596832275, 40.3330612183, 41.006439209, 41.6682090759, 42.3299751282, 43.0033569336, 43.6651229858, 44.3268928528, 44.9886627197, 45.6620407104, 46.3238105774, 46.9971885681, 47.6705665588, 48.3439445496, 48.994102478, 49.6674804688, 50.3292503357, 50.9910202026, 51.6643981934, 52.3261680603, 52.9879341125, 53.661315918, 54.3346939087, 55.0080718994, 55.6582298279, 56.3316078186, 57.0049858093, 57.6667556763, 58.3285255432, 59.0019035339, 59.6636734009, 60.3370513916, 60.9988212585, 61.6721992493, 62.3339653015, 62.9957351685, 63.6575050354, 64.3308868408, 64.9926528931, 65.6660308838, 66.3394088745, 67.0011749268, 67.6629486084, 68.3363265991, 68.9980926514, 69.659866333, 70.3332443237, 71.0066223145, 71.6683883667, 72.3301544189, 72.9919281006, 73.6653060913, 74.3270721436, 75.0004501343, 75.6622238159, 76.3356018066, 76.9973678589, 77.6707458496, 78.3441238403, 79.005897522, 79.6676635742, 80.3410415649, 80.9912033081, 81.6645812988, 82.3379592896, 83.0113372803, 83.6731033325, 84.3348770142, 85.0082550049, 85.6700210571, 86.3317871094, 87.0051651001, 87.6553268433, 88.328704834, 89.0020828247, 89.6754608154, 90.3256225586, 90.9990005493, 91.67237854, 92.3457565308, 92.9959182739, 93.6692962646, 94.3310623169, 94.9928359985, 95.6546020508, 96.316368103, 96.9897460938, 97.6631240845, 98.3248977661, 98.9982757568, 99.6600418091, 100.3334198, 101.006797791, 101.668571472, 102.330337524, 103.003715515, 103.665489197, 104.327255249, 104.989021301, 105.662399292, 106.324172974, 106.997550964, 107.670928955, 108.344306946, 108.994468689, 109.66784668, 110.329612732, 110.991378784, 111.664756775, 112.338134766, 112.999908447, 113.6616745, 114.33505249, 115.008430481, 115.670204163, 116.331970215, 116.993736267, 117.655509949, 118.328887939, 119.00226593, 119.675643921, 120.337409973, 121.010787964, 121.672561646, 122.345939636, 123.007705688, 123.66947937, 124.331245422, 124.993011475, 125.666389465, 126.328163147, 127.001541138, 127.674919128, 128.336685181, 128.998458862, 129.671829224, 130.333602905, 131.006988525, 131.668746948, 132.33052063, 133.003890991, 133.677276611, 134.339050293, 135.000808716, 135.674194336, 136.335968018, 136.99772644, 137.671112061, 138.344482422, 139.006256104, 139.668029785, 140.341400146, 141.003173828, 141.66494751, 142.326705933, 143.000091553, 143.673461914, 144.335235596, 145.008621216, 145.670379639, 146.33215332, 146.993927002, 147.655685425, 148.329071045, 149.002441406, 149.675827026, 150.32598877, 150.999359131, 151.661132813, 152.334503174, 152.996276855, 153.658050537, 154.31980896, 154.99319458, 155.6665802, 156.339950562, 156.990112305, 157.663482666, 158.325256348, 158.987030029, 159.660400391, 160.333786011, 160.995559692, 161.668930054, 162.330703735, 163.004074097, 163.665847778, 164.32762146, 164.989379883, 165.662765503, 166.324539185, 166.997909546, 167.671295166, 168.333053589, 169.006439209, 169.668212891, 170.329971313, 171.003356934, 171.665115356, 172.338500977, 173.000274658, 173.662033081, 174.323806763, 174.997192383, 175.658950806, 176.332336426, 177.005706787, 177.667480469, 178.32925415, 179.002624512, 179.664398193, 180.326171875, 180.999542236, 181.672927856, 182.334686279, 182.996459961, 183.669830322, 184.343215942, 185.004989624, 185.666748047, 186.328521729, 187.001907349, 187.663665771, 188.337051392, 189.010421753, 189.672195435, 190.333969116, 191.007339478, 191.669113159, 192.330886841, 193.004257202, 193.677642822, 194.339401245, 195.001174927, 195.674560547, 196.33631897, 196.998092651, 197.671463013, 198.344848633, 199.006622314, 199.668380737, 200.341766357, 201.003540039, 201.665298462, 202.338684082, 203.012054443, 203.673828125, 204.335601807, 204.997360229, 205.659133911, 206.332519531, 207.005889893, 207.679275513, 208.329421997, 208.97958374, 209.606521606, 210.233459473, 210.872009277, 211.626663208, 212.381317139, 213.135955811, 213.890609741, 214.645263672]
    bpm_estimates: [87.5927124023, 90.6661529541, 89.1028747559, 89.102935791, 89.102935791, 92.2851333618, 89.1028747559, 89.1028747559, 89.1030044556, 90.6660919189, 90.6660919189, 89.1028747559, 89.1030044556, 90.6660919189, 90.6660919189, 90.6660919189, 89.1030044556, 90.6659622192, 89.1030044556, 90.6662216187, 90.6659622192, 89.1030044556, 89.1030044556, 90.6659622192, 90.6662216187, 89.1027526855, 89.1030044556, 92.2852706909, 89.1027526855, 89.1030044556, 90.6662216187, 90.6659622192, 89.1030044556, 90.6659622192, 89.1030044556, 90.6662216187, 89.1027526855, 90.6662216187, 90.6662216187, 90.6659622192, 89.1030044556, 90.6659622192, 89.1030044556, 90.6659622192, 89.1030044556, 90.6664810181, 89.1024932861, 90.6664810181, 90.6659622192, 90.6659622192, 89.1030044556, 90.6659622192, 89.1030044556, 89.1030044556, 90.6659622192, 90.6664810181, 89.1024932861, 90.6664810181, 90.6659622192, 90.6659622192, 89.1030044556, 90.6659622192, 89.1030044556, 89.1030044556, 89.1030044556, 92.2852706909, 89.1030044556, 90.6659622192, 90.6659622192, 89.1030044556, 90.6659622192, 90.6664810181, 89.1024932861, 89.1030044556, 89.1030044556, 92.2852706909, 89.1030044556, 89.1030044556, 90.6659622192, 90.6659622192, 89.1030044556, 90.6659622192, 89.1030044556, 90.6659622192, 89.1030044556, 90.6664810181, 90.6659622192, 90.6659622192, 89.1024932861, 90.6664810181, 89.1030044556, 89.1030044556, 90.6664810181, 90.665435791, 89.1030044556, 90.6664810181, 90.665435791, 89.1030044556, 89.1030044556, 90.6664810181, 90.6664810181, 90.665435791, 89.1030044556, 90.6664810181, 89.1030044556, 90.665435791, 89.1030044556, 90.6664810181, 89.1030044556, 89.1030044556, 90.665435791, 90.6664810181, 89.1030044556, 92.2847290039, 89.1030044556, 89.1030044556, 89.1030044556, 90.6664810181, 90.665435791, 89.1030044556, 90.6664810181, 90.6664810181, 89.1030044556, 92.2847290039, 89.1030044556, 89.1030044556, 89.1030044556, 92.2847290039, 89.1030044556, 89.1030044556, 89.1030044556, 92.2847290039, 89.1030044556, 90.6664810181, 90.665435791, 90.6664810181, 90.6664810181, 89.1030044556, 89.1030044556, 90.665435791, 89.1030044556, 90.6664810181, 89.1030044556, 89.1030044556, 90.665435791, 90.6664810181, 89.1030044556, 90.665435791, 90.6664810181, 90.6664810181, 89.1030044556, 90.665435791, 89.1030044556, 89.1030044556, 89.1030044556, 92.2847290039, 89.1030044556, 90.6664810181, 90.6664810181, 89.1030044556, 89.1030044556, 90.665435791, 90.6664810181, 89.1030044556, 89.1030044556, 90.665435791, 90.6664810181, 90.6664810181, 90.665435791, 89.1030044556, 89.1030044556, 89.1030044556, 90.6664810181, 89.1030044556, 90.665435791, 89.1030044556, 90.6664810181, 90.665435791, 90.6664810181, 90.6664810181, 89.1030044556, 90.665435791, 89.1030044556, 89.1030044556, 90.6664810181, 90.665435791, 89.1040115356, 90.665435791, 89.1019897461, 90.6675262451, 90.665435791, 89.1040115356, 89.1019897461, 90.665435791, 90.6675262451, 89.1019897461, 90.665435791, 90.6675262451, 89.1019897461, 89.1040115356, 90.665435791, 90.665435791, 89.1040115356, 90.665435791, 90.665435791, 90.6675262451, 89.1019897461, 89.1040115356, 90.665435791, 89.1019897461, 90.6675262451, 90.665435791, 90.665435791, 90.6675262451, 89.1019897461, 89.1040115356, 89.1019897461, 92.2847290039, 89.1040115356, 90.665435791, 89.1040115356, 90.665435791, 90.665435791, 90.6675262451, 89.1019897461, 89.1019897461, 89.1040115356, 92.2847290039, 89.1040115356, 90.665435791, 90.665435791, 89.1040115356, 89.1019897461, 90.665435791, 89.1040115356, 90.665435791, 89.1040115356, 90.665435791, 90.665435791, 90.6675262451, 89.1019897461, 90.665435791, 89.1040115356, 89.1019897461, 90.6675262451, 89.1019897461, 90.665435791, 90.6675262451, 89.1019897461, 90.6675262451, 89.1019897461, 90.665435791, 90.6675262451, 90.665435791, 89.1019897461, 90.6675262451, 89.1019897461, 89.1040115356, 90.665435791, 90.665435791, 89.1040115356, 90.665435791, 90.665435791, 89.1040115356, 89.1019897461, 90.6675262451, 90.665435791, 89.1040115356, 89.1019897461, 90.665435791, 90.6675262451, 90.665435791, 89.1019897461, 90.6675262451, 89.1019897461, 89.1040115356, 90.665435791, 90.665435791, 89.1040115356, 90.665435791, 90.665435791, 89.1040115356, 89.1019897461, 90.6675262451, 90.665435791, 89.1019897461, 90.6675262451, 90.665435791, 89.1040115356, 89.1019897461, 90.665435791, 90.6675262451, 89.1019897461, 90.665435791, 90.6675262451, 89.1019897461, 89.1040115356, 90.665435791, 90.665435791, 90.6675262451, 90.665435791, 89.1019897461, 89.1040115356, 89.1019897461, 92.286895752, 92.2847290039, 93.9629135132]
