
metadata:
    version:
        essentia: "2.1-beta2"
    audio_properties:
        analysis_sample_rate: 44100
        bitrate: 287
        channels: 2
        equal_loudness: 1
        length: 193.462860107
        replay_gain: -16.2188568115
        downmix: "mix"
    tags:
        album: "The Return"
        artist: "Nonpoint"
        comment: ""
        date: "2014"
        genre: "Hard Rock"
        title: "Goodbye Letters"
        tracknumber: "8/13"

configuration:
    average_loudness:
        compute: 1
        frameSize: 88200
        hopSize: 44100
        silentFrames: "noise"
        windowType: "hann"
    general:
        analysisSampleRate: 44100
        endTime: 2000
        equalLoudness: 1
        nequalLoudness: 0
        shortSound: 0
        startTime: 0
    lowlevel:
        compute: 1
        frameSize: 2048
        hopSize: 1024
        zeroPadding: 0
        silentFrames: "noise"
        windowType: "blackmanharris62"
        mfccStats: ["mean", "cov", "icov"]
        stats: ["mean", "var", "median", "min", "max", "dmean", "dmean2", "dvar", "dvar2"]
    panning:
        compute: 0
        frameSize: 8192
        hopSize: 2048
        zeroPadding: 8192
        silentFrames: "noise"
        windowType: "hann"
        stats: ["copy"]
    rhythm:
        compute: 1
        maxTempo: 208
        minTempo: 40
        method: "degara"
        stats: ["mean", "var", "median", "min", "max", "dmean", "dmean2", "dvar", "dvar2"]
    segmentation:
        compute: 0
        cpw: 5
        inc1: 300
        inc2: 50
        minimumSegmentsLength: 10
        size1: 1000
        size2: 600
    sfx:
        compute: 1
        stats: ["mean", "var", "median", "min", "max", "dmean", "dmean2", "dvar", "dvar2"]
    svm:
        compute: 0
    tonal:
        compute: 1
        frameSize: 4096
        hopSize: 2048
        zeroPadding: 0
        silentFrames: "noise"
        windowType: "blackmanharris62"
        stats: ["mean", "var", "median", "min", "max", "dmean", "dmean2", "dvar", "dvar2"]

lowlevel:
    average_loudness: 0.923608183861
    barkbands_kurtosis:
        dmean: 0.908212184906
        dmean2: 1.49213027954
        dvar: 4.4641456604
        dvar2: 11.0957012177
        max: 73.9470977783
        mean: -0.282405525446
        median: -1.05955076218
        min: -1.89126753807
        var: 10.2524938583
    barkbands_skewness:
        dmean: 0.45157673955
        dmean2: 0.705405831337
        dvar: 0.199646085501
        dvar2: 0.479331821203
        max: 7.05218553543
        mean: -0.208684206009
        median: -0.349423289299
        min: -4.7554473877
        var: 0.954791903496
    barkbands_spread:
        dmean: 5.82732200623
        dmean2: 9.20487499237
        dvar: 34.4711532593
        dvar2: 84.5554656982
        max: 79.3946533203
        mean: 34.0202674866
        median: 34.2435493469
        min: 0.571730732918
        var: 138.51171875
    dissonance:
        dmean: 0.0113703673705
        dmean2: 0.0192836895585
        dvar: 0.000348249188391
        dvar2: 0.000884005450644
        max: 0.500000119209
        mean: 0.480773359537
        median: 0.485497385263
        min: 0.123056985438
        var: 0.000552012643311
    hfc:
        dmean: 2.90537190437
        dmean2: 4.68702459335
        dvar: 17.1690406799
        dvar2: 45.2854423523
        max: 48.4394264221
        mean: 9.79138183594
        median: 9.30137443542
        min: 1.23791284438e-016
        var: 43.6107330322
    pitch:
        dmean: 929.017578125
        dmean2: 1773.04663086
        dvar: 1715610.125
        dvar2: 4128535.5
        max: 5140.2578125
        mean: 1870.22900391
        median: 1341.60266113
        min: 43.0243911743
        var: 2497731.75
    pitch_instantaneous_confidence:
        dmean: 0.084940969944
        dmean2: 0.139578476548
        dvar: 0.00496151391417
        dvar2: 0.012603723444
        max: 0.895702660084
        mean: 0.402977585793
        median: 0.388076305389
        min: 0.110107541084
        var: 0.015413749963
    pitch_salience:
        dmean: 0.0635525584221
        dmean2: 0.107124812901
        dvar: 0.00392954191193
        dvar2: 0.0112499119714
        max: 0.860249519348
        mean: 0.653851509094
        median: 0.667309880257
        min: 0.18490229547
        var: 0.0077541032806
    silence_rate_20dB:
        dmean: 0
        dmean2: 0
        dvar: 0
        dvar2: 0
        max: 1
        mean: 1
        median: 1
        min: 1
        var: 0
    silence_rate_30dB:
        dmean: 0
        dmean2: 0
        dvar: 0
        dvar2: 0
        max: 1
        mean: 1
        median: 1
        min: 1
        var: 0
    silence_rate_60dB:
        dmean: 0.0835333690047
        dmean2: 0.167086780071
        dvar: 0.0765521749854
        dvar2: 0.163178324699
        max: 1
        mean: 0.25837033987
        median: 0
        min: 0
        var: 0.191624522209
    spectral_centroid:
        dmean: 287.665039063
        dmean2: 454.490600586
        dvar: 106123.71875
        dvar2: 234052.84375
        max: 10812.8339844
        mean: 1859.68322754
        median: 1958.15441895
        min: 110.795875549
        var: 466219.71875
    spectral_complexity:
        dmean: 3.84997606277
        dmean2: 6.1771697998
        dvar: 17.7829799652
        dvar2: 42.6671714783
        max: 48
        mean: 16.7992324829
        median: 18
        min: 0
        var: 80.3597793579
    spectral_crest:
        dmean: 2.15802431107
        dmean2: 3.63748908043
        dvar: 4.8664264679
        dvar2: 13.3148193359
        max: 23.3174877167
        mean: 7.27352619171
        median: 6.58228778839
        min: 2.44272279739
        var: 8.8324508667
    spectral_decrease:
        dmean: 3.15513476457e-010
        dmean2: 5.06026498481e-010
        dvar: 2.8397790268e-019
        dvar2: 6.93855899916e-019
        max: 6.28303047068e-029
        mean: -1.07524511517e-009
        median: -1.03146624575e-009
        min: -5.63101476558e-009
        var: 4.70274770607e-019
    spectral_energy:
        dmean: 0.00141536514275
        dmean2: 0.00226330920123
        dvar: 5.19442664881e-006
        dvar2: 1.27663834064e-005
        max: 0.024337625131
        mean: 0.00494631519541
        median: 0.00473346933722
        min: 1.09911042282e-020
        var: 9.58541113505e-006
    spectral_energyband_high:
        dmean: 0.000203187402803
        dmean2: 0.000334121868946
        dvar: 1.44796572954e-007
        dvar2: 3.6468708231e-007
        max: 0.00728647457436
        mean: 0.000464363925857
        median: 0.000334512995323
        min: 8.19793340383e-021
        var: 2.49626282312e-007
    spectral_energyband_low:
        dmean: 0.000236131963902
        dmean2: 0.00040185029502
        dvar: 1.67870794598e-007
        dvar2: 4.64898590735e-007
        max: 0.00581130990759
        mean: 0.000421141972765
        median: 0.000306401459966
        min: 2.1077079122e-023
        var: 2.03815574196e-007
    spectral_energyband_middle_high:
        dmean: 0.000816839863546
        dmean2: 0.00128595624119
        dvar: 9.93533603832e-007
        dvar2: 2.4794219371e-006
        max: 0.0136367045343
        mean: 0.00266005890444
        median: 0.00240484252572
        min: 1.50304937311e-021
        var: 3.62957098332e-006
    spectral_energyband_middle_low:
        dmean: 0.000750872772187
        dmean2: 0.00122198183089
        dvar: 2.8445638236e-006
        dvar2: 6.94364325682e-006
        max: 0.0170415882021
        mean: 0.00150694232434
        median: 0.00115814944729
        min: 2.41699080129e-022
        var: 3.00022884403e-006
    spectral_flatness_db:
        dmean: 0.0156111717224
        dmean2: 0.0246658325195
        dvar: 0.00026340293698
        dvar2: 0.000610830262303
        max: 0.560272991657
        mean: 0.152817204595
        median: 0.138983085752
        min: 0.0553085356951
        var: 0.00360787590034
    spectral_flux:
        dmean: 0.0082692950964
        dmean2: 0.0128263812512
        dvar: 0.000112792287837
        dvar2: 0.000238975480897
        max: 0.135207042098
        mean: 0.0421797186136
        median: 0.0422529838979
        min: 1.04838464299e-010
        var: 0.000340437225532
    spectral_kurtosis:
        dmean: 3.19580507278
        dmean2: 5.15089035034
        dvar: 203.378585815
        dvar2: 465.184082031
        max: 366.412567139
        mean: 7.95673179626
        median: 3.27832603455
        min: -1.17116975784
        var: 769.826599121
    spectral_rms:
        dmean: 0.000289835443255
        dmean2: 0.000453803280834
        dvar: 1.40003990623e-007
        dvar2: 3.29473124339e-007
        max: 0.00487278401852
        mean: 0.00207187491469
        median: 0.00214895769022
        min: 3.27460367849e-012
        var: 5.33021761839e-007
    spectral_rolloff:
        dmean: 328.160430908
        dmean2: 534.368469238
        dvar: 228990.40625
        dvar2: 482152.71875
        max: 19056.8847656
        mean: 3307.4934082
        median: 3466.84570313
        min: 107.666015625
        var: 1056287.5
    spectral_skewness:
        dmean: 0.266904890537
        dmean2: 0.425378888845
        dvar: 0.443283706903
        dvar2: 1.05747497082
        max: 14.5357408524
        mean: 1.45068585873
        median: 1.21576428413
        min: -0.00569586688653
        var: 1.97886514664
    spectral_spread:
        dmean: 440929.90625
        dmean2: 616864.8125
        dvar: 410281050112
        dvar2: 620103270400
        max: 40017152
        mean: 4273412
        median: 4146982.25
        min: 270494.96875
        var: 2.22530450227e+012
    spectral_strongpeak:
        dmean: 0.64531236887
        dmean2: 1.1076862812
        dvar: 0.771441042423
        dvar2: 1.98023593426
        max: 8.31014347076
        mean: 0.854421377182
        median: 0.380079656839
        min: 1.49652201742e-009
        var: 1.18862271309
    zerocrossingrate:
        dmean: 0.00844330433756
        dmean2: 0.0104177212343
        dvar: 9.99277253868e-005
        dvar2: 0.000120608863654
        max: 0.50146484375
        mean: 0.103030212224
        median: 0.107421875
        min: 0.00439453125
        var: 0.00100051867776
    barkbands:
        dmean: [4.6153098765e-007, 9.35256757657e-005, 0.000150618128828, 0.000105371487734, 0.000429072184488, 0.000243910704739, 0.000116841147246, 6.65609186399e-005, 8.19499473437e-005, 6.62154052407e-005, 3.63539948012e-005, 5.37671912753e-005, 4.77465255244e-005, 7.52848936827e-005, 9.12590621738e-005, 9.94659494609e-005, 0.000230344128795, 0.000337876903359, 0.000273621233646, 0.000156398906256, 0.000110236360342, 3.94002781832e-005, 8.10981691757e-006, 3.92503716284e-006, 1.65419066889e-006, 4.15687786415e-008, 4.60520593881e-010]
        dmean2: [7.10180756869e-007, 0.000161223055329, 0.000257348001469, 0.00017725735961, 0.000727313687094, 0.00039315133472, 0.000195617845748, 0.000109828113636, 0.0001339870214, 0.000107007523184, 5.95974015596e-005, 8.81904707057e-005, 7.74551517679e-005, 0.000123475445434, 0.000145355646964, 0.000161244286573, 0.000364594889106, 0.000543139816727, 0.000460285198642, 0.00026313343551, 0.000186405493878, 6.5766631451e-005, 1.22385808936e-005, 5.76173715672e-006, 2.49622985393e-006, 6.51435172472e-008, 7.68201779966e-010]
        dvar: [9.08905437892e-013, 3.74428310579e-008, 7.42981356439e-008, 3.19104458413e-008, 2.1468513296e-006, 1.59008820333e-007, 4.16237568857e-008, 1.50808947552e-008, 2.81851271211e-008, 1.54098351857e-008, 7.54825890681e-009, 9.14299391752e-009, 9.97704940886e-009, 2.04897787626e-008, 3.18368407193e-008, 2.41880737661e-008, 1.35983270866e-007, 2.5226503908e-007, 1.3048598646e-007, 7.86131053587e-008, 3.94235861734e-008, 6.1039027166e-009, 4.42493014452e-010, 1.49704318386e-010, 2.68578492779e-011, 1.40532625413e-014, 9.90080806101e-019]
        dvar2: [1.9442706993e-012, 1.0562199293e-007, 2.10125264744e-007, 8.28115105378e-008, 5.53763220523e-006, 3.89004298995e-007, 1.10561686029e-007, 3.83164042717e-008, 7.23749877807e-008, 3.89494054787e-008, 2.12354258622e-008, 2.34052723869e-008, 2.47952556265e-008, 5.10401712006e-008, 8.08240230299e-008, 5.95119153957e-008, 3.15210229473e-007, 5.91900061409e-007, 3.50171632135e-007, 2.05097123285e-007, 1.02263278734e-007, 1.54786619078e-008, 8.55886361784e-010, 2.82970591403e-010, 5.96704283207e-011, 3.47967877114e-014, 2.54040876634e-018]
        max: [1.04181890492e-005, 0.00156446080655, 0.00437540141866, 0.00299022393301, 0.0153162730858, 0.00593593716621, 0.00317102135159, 0.00207120575942, 0.00400386191905, 0.00289712194353, 0.00280866003595, 0.00159842241555, 0.00196758517995, 0.00213063135743, 0.00349007965997, 0.00282206386328, 0.00654019322246, 0.00853378418833, 0.00527928536758, 0.00543068908155, 0.00336487265304, 0.00125654309522, 0.000417743023718, 0.000208550307434, 0.000107597799797, 3.29198246618e-006, 1.7999148838e-008]
        mean: [6.12691678725e-007, 0.00012842315482, 0.000228420365602, 0.000134744128445, 0.000478579459013, 0.000413884292357, 0.000186813995242, 0.000101169578556, 0.000130127358716, 0.000110800639959, 5.69215990254e-005, 8.97844220162e-005, 7.43207056075e-005, 0.000114226611913, 0.000147433864186, 0.000187531710253, 0.000459448783658, 0.000647564069368, 0.00060461164685, 0.000340011290973, 0.000219277397264, 6.73139438732e-005, 1.47946602738e-005, 6.8407712206e-006, 2.61497848442e-006, 6.03344361139e-008, 5.58253054894e-010]
        median: [2.02484343959e-007, 8.60200161696e-005, 0.000140524673043, 8.36124527268e-005, 0.000203462856007, 0.000225425173994, 9.86084196484e-005, 5.59340478503e-005, 6.56735355733e-005, 5.40093788004e-005, 2.99999082927e-005, 4.45927908004e-005, 3.14071112371e-005, 4.72872561659e-005, 6.67475833325e-005, 0.000121225712064, 0.000235285522649, 0.000312206480885, 0.000505989068188, 0.000255624938291, 0.000156749185408, 3.6956207623e-005, 5.46793398826e-006, 2.06560252991e-006, 8.41216717617e-007, 2.36862955916e-008, 2.62608268464e-010]
        min: [4.94027888984e-024, 1.11208451268e-023, 5.80098885188e-024, 3.64034655856e-024, 5.25643517133e-023, 5.50420794085e-024, 7.43836889937e-023, 3.20052733716e-023, 6.06448937792e-023, 3.68634764119e-023, 4.56227701778e-023, 1.15359774983e-022, 1.5271912936e-022, 1.142667798e-022, 5.69822189072e-023, 6.81988491028e-023, 2.52512936879e-022, 2.754164341e-022, 2.46040087027e-022, 2.95881909362e-022, 5.13425513215e-022, 5.39263800196e-022, 7.20745328275e-022, 9.57623218718e-022, 1.38878212631e-021, 1.56940335424e-021, 2.5780864975e-021]
        var: [1.29415705583e-012, 2.91753643467e-008, 9.9553389532e-008, 3.23731974561e-008, 1.70371708919e-006, 2.75957177109e-007, 6.46773514745e-008, 2.21862048733e-008, 4.11778628973e-008, 3.25362528031e-008, 1.16108953563e-008, 1.79899473096e-008, 1.8110432265e-008, 3.43745085729e-008, 6.27866825198e-008, 5.26136538781e-008, 3.65341804809e-007, 6.79403171944e-007, 2.64349210966e-007, 1.25467877865e-007, 5.81002517208e-008, 8.92719764778e-009, 9.72010472111e-010, 3.47315010085e-010, 4.58209269139e-011, 1.67650808736e-014, 1.08310574458e-018]
    frequency_bands:
        dmean: [4.6153098765e-007, 9.35256757657e-005, 0.000150618128828, 0.000105371487734, 0.000429072184488, 0.000243910704739, 0.000116841147246, 6.65609186399e-005, 8.19499473437e-005, 6.62154052407e-005, 3.63539948012e-005, 5.37671912753e-005, 4.77465255244e-005, 7.52848936827e-005, 9.12590621738e-005, 9.94659494609e-005, 0.000230344128795, 0.000337876903359, 0.000273621233646, 0.000156398906256, 0.000110236360342, 3.94002781832e-005, 8.10981691757e-006, 3.92503716284e-006, 1.65419066889e-006, 4.15687786415e-008, 4.60520593881e-010, 5.76847111744e-011]
        dmean2: [7.10180756869e-007, 0.000161223055329, 0.000257348001469, 0.00017725735961, 0.000727313687094, 0.00039315133472, 0.000195617845748, 0.000109828113636, 0.0001339870214, 0.000107007523184, 5.95974015596e-005, 8.81904707057e-005, 7.74551517679e-005, 0.000123475445434, 0.000145355646964, 0.000161244286573, 0.000364594889106, 0.000543139816727, 0.000460285198642, 0.00026313343551, 0.000186405493878, 6.5766631451e-005, 1.22385808936e-005, 5.76173715672e-006, 2.49622985393e-006, 6.51435172472e-008, 7.68201779966e-010, 1.07057238075e-010]
        dvar: [9.08905437892e-013, 3.74428310579e-008, 7.42981356439e-008, 3.19104458413e-008, 2.1468513296e-006, 1.59008820333e-007, 4.16237568857e-008, 1.50808947552e-008, 2.81851271211e-008, 1.54098351857e-008, 7.54825890681e-009, 9.14299391752e-009, 9.97704940886e-009, 2.04897787626e-008, 3.18368407193e-008, 2.41880737661e-008, 1.35983270866e-007, 2.5226503908e-007, 1.3048598646e-007, 7.86131053587e-008, 3.94235861734e-008, 6.1039027166e-009, 4.42493014452e-010, 1.49704318386e-010, 2.68578492779e-011, 1.40532625413e-014, 9.90080806101e-019, 7.54792211535e-021]
        dvar2: [1.9442706993e-012, 1.0562199293e-007, 2.10125264744e-007, 8.28115105378e-008, 5.53763220523e-006, 3.89004298995e-007, 1.10561686029e-007, 3.83164042717e-008, 7.23749877807e-008, 3.89494054787e-008, 2.12354258622e-008, 2.34052723869e-008, 2.47952556265e-008, 5.10401712006e-008, 8.08240230299e-008, 5.95119153957e-008, 3.15210229473e-007, 5.91900061409e-007, 3.50171632135e-007, 2.05097123285e-007, 1.02263278734e-007, 1.54786619078e-008, 8.55886361784e-010, 2.82970591403e-010, 5.96704283207e-011, 3.47967877114e-014, 2.54040876634e-018, 2.40879728046e-020]
        max: [1.04181890492e-005, 0.00156446080655, 0.00437540141866, 0.00299022393301, 0.0153162730858, 0.00593593716621, 0.00317102135159, 0.00207120575942, 0.00400386191905, 0.00289712194353, 0.00280866003595, 0.00159842241555, 0.00196758517995, 0.00213063135743, 0.00349007965997, 0.00282206386328, 0.00654019322246, 0.00853378418833, 0.00527928536758, 0.00543068908155, 0.00336487265304, 0.00125654309522, 0.000417743023718, 0.000208550307434, 0.000107597799797, 3.29198246618e-006, 1.7999148838e-008, 9.05261199335e-010]
        mean: [6.12691678725e-007, 0.00012842315482, 0.000228420365602, 0.000134744128445, 0.000478579459013, 0.000413884292357, 0.000186813995242, 0.000101169578556, 0.000130127358716, 0.000110800639959, 5.69215990254e-005, 8.97844220162e-005, 7.43207056075e-005, 0.000114226611913, 0.000147433864186, 0.000187531710253, 0.000459448783658, 0.000647564069368, 0.00060461164685, 0.000340011290973, 0.000219277397264, 6.73139438732e-005, 1.47946602738e-005, 6.8407712206e-006, 2.61497848442e-006, 6.03344361139e-008, 5.58253054894e-010, 4.44291305135e-011]
        median: [2.02484343959e-007, 8.60200161696e-005, 0.000140524673043, 8.36124527268e-005, 0.000203462856007, 0.000225425173994, 9.86084196484e-005, 5.59340478503e-005, 6.56735355733e-005, 5.40093788004e-005, 2.99999082927e-005, 4.45927908004e-005, 3.14071112371e-005, 4.72872561659e-005, 6.67475833325e-005, 0.000121225712064, 0.000235285522649, 0.000312206480885, 0.000505989068188, 0.000255624938291, 0.000156749185408, 3.6956207623e-005, 5.46793398826e-006, 2.06560252991e-006, 8.41216717617e-007, 2.36862955916e-008, 2.62608268464e-010, 1.57772718501e-011]
        min: [4.94027888984e-024, 1.11208451268e-023, 5.80098885188e-024, 3.64034655856e-024, 5.25643517133e-023, 5.50420794085e-024, 7.43836889937e-023, 3.20052733716e-023, 6.06448937792e-023, 3.68634764119e-023, 4.56227701778e-023, 1.15359774983e-022, 1.5271912936e-022, 1.142667798e-022, 5.69822189072e-023, 6.81988491028e-023, 2.52512936879e-022, 2.754164341e-022, 2.46040087027e-022, 2.95881909362e-022, 5.13425513215e-022, 5.39263800196e-022, 7.20745328275e-022, 9.57623218718e-022, 1.38878212631e-021, 1.56940335424e-021, 2.5780864975e-021, 8.13296408186e-022]
        var: [1.29415705583e-012, 2.91753643467e-008, 9.9553389532e-008, 3.23731974561e-008, 1.70371708919e-006, 2.75957177109e-007, 6.46773514745e-008, 2.21862048733e-008, 4.11778628973e-008, 3.25362528031e-008, 1.16108953563e-008, 1.79899473096e-008, 1.8110432265e-008, 3.43745085729e-008, 6.27866825198e-008, 5.26136538781e-008, 3.65341804809e-007, 6.79403171944e-007, 2.64349210966e-007, 1.25467877865e-007, 5.81002517208e-008, 8.92719764778e-009, 9.72010472111e-010, 3.47315010085e-010, 4.58209269139e-011, 1.67650808736e-014, 1.08310574458e-018, 5.82503212689e-021]
    mfcc:
        mean: [-713.928283691, 99.8729553223, -43.6973152161, 61.1654434204, -9.10761642456, -5.21529102325, -2.24129152298, -2.74302196503, -1.3275796175, -4.16811132431, -2.70772838593, -1.48125362396, -3.98612070084]
        cov: [[9126.6796875, -59.8372535706, -1286.54199219, 1110.78381348, -520.225036621, -77.9734344482, -76.520980835, -101.460632324, -354.060943604, -317.976409912, -46.4095001221, 54.2277870178, -92.2787704468], [-59.8372535706, 1337.34033203, -148.469619751, 3.60588264465, 60.4481468201, -43.7213096619, 73.7648391724, 28.3027477264, 135.676971436, 55.2472991943, -2.60505414009, -49.0506706238, -27.893453598], [-1286.54199219, -148.469619751, 758.18951416, -163.881774902, 96.3600463867, 88.0691452026, 9.49680805206, 3.97992825508, 74.1362991333, 93.7533950806, -40.5343284607, -43.0984764099, 26.5028705597], [1110.78381348, 3.60588264465, -163.881774902, 464.845397949, -30.784450531, 33.2111740112, 14.0460996628, -18.9864349365, -27.2207431793, -53.7487754822, -8.3004617691, 12.1803655624, 12.1496648788], [-520.225036621, 60.4481468201, 96.3600463867, -30.784450531, 197.59979248, 27.0574264526, -40.9418907166, -7.18590497971, 40.4749259949, 35.3579750061, -5.29358959198, -7.56142282486, -8.05896472931], [-77.9734344482, -43.7213096619, 88.0691452026, 33.2111740112, 27.0574264526, 146.21383667, 58.8534164429, 8.52613925934, 6.51486873627, 14.0320034027, 0.6235216856, -16.5838356018, -1.0355989933], [-76.520980835, 73.7648391724, 9.49680805206, 14.0460996628, -40.9418907166, 58.8534164429, 154.123687744, 44.9908752441, 7.78774213791, -0.860816001892, 8.94583702087, -5.10414075851, -2.91547560692], [-101.460632324, 28.3027477264, 3.97992825508, -18.9864349365, -7.18590497971, 8.52613925934, 44.9908752441, 92.4375534058, 31.2546691895, 10.6632137299, 8.87602233887, 4.9090886116, -11.7812299728], [-354.060943604, 135.676971436, 74.1362991333, -27.2207431793, 40.4749259949, 6.51486873627, 7.78774213791, 31.2546691895, 121.348800659, 66.1223449707, -0.068471327424, -20.6298160553, 4.00659656525], [-317.976409912, 55.2472991943, 93.7533950806, -53.7487754822, 35.3579750061, 14.0320034027, -0.860816001892, 10.6632137299, 66.1223449707, 113.786239624, 16.6996059418, -14.9662666321, -5.20961666107], [-46.4095001221, -2.60505414009, -40.5343284607, -8.3004617691, -5.29358959198, 0.6235216856, 8.94583702087, 8.87602233887, -0.068471327424, 16.6996059418, 87.8682632446, 25.8429336548, -15.2170038223], [54.2277870178, -49.0506706238, -43.0984764099, 12.1803655624, -7.56142282486, -16.5838356018, -5.10414075851, 4.9090886116, -20.6298160553, -14.9662666321, 25.8429336548, 67.5136947632, 21.8584518433], [-92.2787704468, -27.893453598, 26.5028705597, 12.1496648788, -8.05896472931, -1.0355989933, -2.91547560692, -11.7812299728, 4.00659656525, -5.20961666107, -15.2170038223, 21.8584518433, 75.3957214355]]
        icov: [[0.000247480085818, -3.67187240045e-005, 0.000231889949646, -0.00046422999003, 0.000539913075045, -0.000172176791239, 0.000347870198311, -7.6107867244e-006, 0.000336358876666, -8.31457000459e-005, 0.000318434671499, -0.000124411235447, 0.000426934857387], [-3.67187240045e-005, 0.00101672648452, 0.000297414197121, 5.99445520493e-005, -0.000545916729607, 0.000673494592775, -0.000972499838099, 0.000415894988691, -0.00123283092398, 1.22775754789e-005, 3.66497697541e-005, 0.000521584181115, 0.000117825162306], [0.000231889949646, 0.000297414197121, 0.00218998268247, 0.000165949822986, -8.6769425252e-005, -0.00100914284121, 8.80119405338e-005, 0.000167698672158, -0.000244659400778, -0.00105591432657, 0.00111326237675, 0.000523919356056, -0.000383402191801], [-0.00046422999003, 5.99445520493e-005, 0.000165949822986, 0.00345783098601, -0.000781271082815, -0.000843257876113, -0.000609959359281, 0.000655671698041, -0.00116037670523, 0.00108502886724, -0.000215727777686, -0.000187817728147, -0.00103023007978], [0.000539913075045, -0.000545916729607, -8.6769425252e-005, -0.000781271082815, 0.00806108582765, -0.00274784839712, 0.0036274518352, 0.000400281889597, -0.000975452014245, -0.000484545744257, 0.00137272558641, -0.00201947125606, 0.00252284831367], [-0.000172176791239, 0.000673494592775, -0.00100914284121, -0.000843257876113, -0.00274784839712, 0.0106424875557, -0.00509557360783, 0.000484938413138, 0.000655397423543, -0.000793309882283, -0.00121169316117, 0.00279608927667, -0.000884576409589], [0.000347870198311, -0.000972499838099, 8.80119405338e-005, -0.000609959359281, 0.0036274518352, -0.00509557360783, 0.0114321410656, -0.00470049446449, 0.00121652777307, 0.000497313332744, -0.000453915039543, 0.000203907096875, -2.23579736485e-005], [-7.6107867244e-006, 0.000415894988691, 0.000167698672158, 0.000655671698041, 0.000400281889597, 0.000484938413138, -0.00470049446449, 0.0155593827367, -0.0057693333365, 0.00115312868729, 0.000759221264161, -0.00412315502763, 0.00401378097013], [0.000336358876666, -0.00123283092398, -0.000244659400778, -0.00116037670523, -0.000975452014245, 0.000655397423543, 0.00121652777307, -0.0057693333365, 0.0171397216618, -0.0076105655171, -6.90094702804e-006, 0.00408598221838, -0.00334383151494], [-8.31457000459e-005, 1.22775754789e-005, -0.00105591432657, 0.00108502886724, -0.000484545744257, -0.000793309882283, 0.000497313332744, 0.00115312868729, -0.0076105655171, 0.0152419507504, -0.00378245813772, 0.00122556136921, 0.00057471729815], [0.000318434671499, 3.66497697541e-005, 0.00111326237675, -0.000215727777686, 0.00137272558641, -0.00121169316117, -0.000453915039543, 0.000759221264161, -6.90094702804e-006, -0.00378245813772, 0.0164050143212, -0.00872997194529, 0.00585887162015], [-0.000124411235447, 0.000521584181115, 0.000523919356056, -0.000187817728147, -0.00201947125606, 0.00279608927667, 0.000203907096875, -0.00412315502763, 0.00408598221838, 0.00122556136921, -0.00872997194529, 0.0245109498501, -0.00992758385837], [0.000426934857387, 0.000117825162306, -0.000383402191801, -0.00103023007978, 0.00252284831367, -0.000884576409589, -2.23579736485e-005, 0.00401378097013, -0.00334383151494, 0.00057471729815, 0.00585887162015, -0.00992758385837, 0.0192921683192]]
    sccoeffs:
        dmean: [0.0524166896939, 0.0491012223065, 0.0362926311791, 0.0312735661864, 0.0226118396968, 0.0204318873584]
        dmean2: [0.0872907564044, 0.0807769224048, 0.05988240242, 0.0506283566356, 0.0360448509455, 0.032797858119]
        dvar: [0.00219531916082, 0.00154689885676, 0.000826917239465, 0.0006477747811, 0.000390660687117, 0.000438908551587]
        dvar2: [0.00558166531846, 0.00406255200505, 0.00222979020327, 0.00161688937806, 0.000915561104193, 0.00114758475684]
        max: [-0.331865668297, -0.331854641438, -0.490133017302, -0.567730724812, -0.485092669725, -0.521495521069]
        mean: [-0.688887238503, -0.742189109325, -0.787569344044, -0.789022684097, -0.785139918327, -0.738856375217]
        median: [-0.693922102451, -0.747309505939, -0.791385650635, -0.792751789093, -0.788306057453, -0.733599424362]
        min: [-0.961049735546, -0.97521686554, -0.958831429482, -0.961754739285, -0.9620475173, -0.959679961205]
        var: [0.00524799292907, 0.00489134108648, 0.00315440329723, 0.00243348139338, 0.00187662884127, 0.00265930686146]
    scvalleys:
        dmean: [0.355623722076, 0.346717119217, 0.297446221113, 0.271265983582, 0.228402599692, 0.30795738101]
        dmean2: [0.600055634975, 0.574041187763, 0.48183619976, 0.425092041492, 0.357210755348, 0.449503988028]
        dvar: [0.0978226736188, 0.100867666304, 0.0835168808699, 0.0798208042979, 0.0966057851911, 0.166519120336]
        dvar2: [0.237645968795, 0.236456662416, 0.175963431597, 0.152270421386, 0.191659897566, 0.352327257395]
        max: [-5.20344305038, -4.7486243248, -5.31637048721, -5.57374095917, -5.35636568069, -7.29926538467]
        mean: [-6.79166316986, -6.70230150223, -7.23676156998, -7.34110355377, -7.05791473389, -9.99997234344]
        median: [-6.53919792175, -6.47474002838, -6.97070360184, -7.04760122299, -6.59578227997, -9.56227874756]
        min: [-27.8247852325, -26.7380580902, -27.4222126007, -27.2386054993, -27.1743373871, -27.2196044922]
        var: [1.67072165012, 1.35453510284, 1.46247327328, 1.54777538776, 2.55063581467, 3.25597453117]

rhythm:
    beats_loudness:
        dmean: 0.00379460118711
        dmean2: 0.00619002059102
        dvar: 1.08625172288e-005
        dvar2: 2.87178045255e-005
        max: 0.0176417902112
        mean: 0.00611951760948
        median: 0.00511251017451
        min: 4.56821247496e-010
        var: 1.65153978742e-005
    bpm: 145.991943359
    bpm_confidence: 0
    first_peak_bpm: 148
    first_peak_spread: 0.496688723564
    first_peak_weight: 0.485106378794
    onset_rate: 2.96180891991
    second_peak_bpm: 178
    second_peak_spread: 0
    second_peak_weight: 0.0191489364952
    beats_loudness_band_ratio:
        dmean: [0.179056614637, 0.192365065217, 0.0744390562177, 0.0599749349058, 0.165517091751, 0.0980359017849]
        dmean2: [0.329803675413, 0.33527263999, 0.128917828202, 0.108558028936, 0.283863306046, 0.173992484808]
        dvar: [0.0167865715921, 0.0241959281266, 0.00591743644327, 0.00424762908369, 0.0213290620595, 0.00931869726628]
        dvar2: [0.0428242236376, 0.0661256834865, 0.0148898372427, 0.0120221488178, 0.0587889961898, 0.0298207663]
        max: [0.851233661175, 0.657021701336, 0.872953653336, 0.420487225056, 0.937527656555, 0.68317592144]
        mean: [0.226454094052, 0.22330108285, 0.11158490181, 0.0716710090637, 0.265545219183, 0.198981106281]
        median: [0.183482676744, 0.168725609779, 0.0731505379081, 0.0498049966991, 0.219283252954, 0.186948493123]
        min: [3.09764141093e-006, 0.00263266288675, 0.00498412596062, 0.000674723414704, 0.0056910039857, 3.44605577993e-005]
        var: [0.0293993912637, 0.0300185717642, 0.0139302182943, 0.00429073814303, 0.0322029180825, 0.0120439454913]
    beats_position: [0.394739210606, 0.812698423862, 1.24226760864, 1.69505667686, 2.14784574509, 2.60063481331, 3.01859402657, 3.43655323982, 3.85451245308, 4.27247142792, 4.69043064117, 5.10838985443, 5.52634906769, 5.93269824982, 6.33904743195, 6.74539661407, 7.1517457962, 7.55809497833, 7.96444416046, 8.37079334259, 8.78875255585, 9.2067117691, 9.62467098236, 10.0310201645, 10.4373693466, 10.8553285599, 11.2732877731, 11.6796369553, 12.0859861374, 12.4923353195, 12.8986845016, 13.3050336838, 13.722992897, 14.1409521103, 14.5473012924, 14.9536504745, 15.3716096878, 15.7895689011, 16.1959171295, 16.602268219, 17.0086174011, 17.4149665833, 17.8329238892, 18.2392749786, 18.6572322845, 19.0635814667, 19.4699325562, 19.8762817383, 20.2942390442, 20.7121982574, 21.1185474396, 21.5248966217, 21.942855835, 22.3608150482, 22.7671642303, 23.1735134125, 23.5914726257, 23.9978218079, 24.40417099, 24.8105201721, 25.2284793854, 25.6348285675, 26.0411777496, 26.4475269318, 26.865486145, 27.2834453583, 27.6897945404, 28.0961437225, 28.5141029358, 28.932062149, 29.3384113312, 29.7447605133, 30.1627197266, 30.5806789398, 30.9870281219, 31.3933773041, 31.8113365173, 32.2176856995, 32.6240348816, 33.0303840637, 33.4367332458, 33.8546943665, 34.2726516724, 34.6790008545, 35.0969619751, 35.5033111572, 35.9096603394, 36.3160095215, 36.7339668274, 37.151927948, 37.5698852539, 37.9646263123, 38.3825836182, 38.7889328003, 39.1952819824, 39.613243103, 40.0195922852, 40.4259414673, 40.8322906494, 41.2386398315, 41.6565971375, 42.0745582581, 42.492515564, 42.8988647461, 43.3168258667, 43.7231750488, 44.129524231, 44.5358734131, 44.953830719, 45.3601799011, 45.7665290833, 46.1728782654, 46.590839386, 47.0087966919, 47.4267578125, 47.8331069946, 48.2394561768, 48.6458053589, 49.052154541, 49.4701118469, 49.8880729675, 50.2944221497, 50.7123794556, 51.1303405762, 51.5366897583, 51.9430389404, 52.3493881226, 52.7557373047, 53.1736946106, 53.5916557312, 54.0096130371, 54.4159622192, 54.8339233398, 55.240272522, 55.6466217041, 56.0529708862, 56.4593200684, 56.8656692505, 57.2720184326, 57.6899757385, 58.1079368591, 58.5142860413, 58.9206352234, 59.3269844055, 59.7449417114, 60.162902832, 60.5808601379, 60.9872093201, 61.3935585022, 61.7999076843, 62.2062568665, 62.6242179871, 63.042175293, 63.4601364136, 63.8548736572, 64.2612228394, 64.6675720215, 65.0855331421, 65.4918823242, 65.8982315063, 66.316192627, 66.7341461182, 67.1404953003, 67.5468444824, 67.964805603, 68.3827667236, 68.7891159058, 69.1954650879, 69.6134262085, 70.0313796997, 70.4377288818, 70.844078064, 71.2504272461, 71.6567764282, 72.0631256104, 72.4694747925, 72.8874359131, 73.3053970337, 73.7233581543, 74.1297073364, 74.5360565186, 74.9540100098, 75.3719711304, 75.766708374, 76.1846694946, 76.6026306152, 77.0089797974, 77.4153289795, 77.8332901001, 78.2512435913, 78.6575927734, 79.0639419556, 79.4702911377, 79.8766403198, 80.2946014404, 80.6893386841, 81.1072998047, 81.5252609253, 81.9432220459, 82.349571228, 82.7675247192, 83.1738739014, 83.591835022, 83.9981842041, 84.4161453247, 84.8224945068, 85.228843689, 85.6351928711, 86.0531539917, 86.4711074829, 86.877456665, 87.2838058472, 87.7017669678, 88.1081161499, 88.5260772705, 88.9324264526, 89.3503875732, 89.7451248169, 90.1630859375, 90.5694351196, 90.9757843018, 91.393737793, 91.788482666, 92.2064361572, 92.6243972778, 93.0423583984, 93.460319519, 93.8550567627, 94.2730178833, 94.6909713745, 95.1089324951, 95.5036697388, 95.9216308594, 96.33959198, 96.7459411621, 97.1522903442, 97.5586395264, 97.9649887085, 98.3713378906, 98.7776870728, 99.1956481934, 99.6136016846, 100.019950867, 100.426300049, 100.844261169, 101.26222229, 101.668571472, 102.074920654, 102.481269836, 102.899223328, 103.305580139, 103.711929321, 104.129882813, 104.536231995, 104.942581177, 105.348930359, 105.766891479, 106.1848526, 106.602806091, 107.020767212, 107.427116394, 107.833465576, 108.239814758, 108.64616394, 109.064125061, 109.470474243, 109.876823425, 110.294784546, 110.712738037, 111.130699158, 111.53704834, 111.943397522, 112.349746704, 112.767707825, 113.174057007, 113.580406189, 113.99836731, 114.404716492, 114.811065674, 115.229019165, 115.646980286, 116.053329468, 116.448066711, 116.866027832, 117.283988953, 117.690338135, 118.096687317, 118.514648438, 118.932601929, 119.350563049, 119.76852417, 120.163261414, 120.569610596, 120.975959778, 121.38230896, 121.800270081, 122.218231201, 122.624580383, 123.042533875, 123.437278748, 123.855232239, 124.273193359, 124.679542542, 125.085891724, 125.492240906, 125.910202026, 126.316551208, 126.722900391, 127.140861511, 127.558815002, 127.965164185, 128.371520996, 128.789474487, 129.195831299, 129.61378479, 130.020126343, 130.426483154, 130.844436646, 131.262405396, 131.680358887, 132.086715698, 132.493057251, 132.899414063, 133.305755615, 133.723709106, 134.130065918, 134.536407471, 134.942764282, 135.360717773, 135.778686523, 136.185028076, 136.602996826, 137.009338379, 137.41569519, 137.822036743, 138.228393555, 138.646347046, 139.064300537, 139.470657349, 139.876998901, 140.294967651, 140.712921143, 141.119277954, 141.525619507, 141.943572998, 142.361541748, 142.767883301, 143.174240112, 143.592193604, 144.010162354, 144.404891968, 144.811248779, 145.229202271, 145.635559082, 146.041900635, 146.448257446, 146.866210938, 147.284164429, 147.702133179, 148.108474731, 148.514831543, 148.932785034, 149.339141846, 149.745483398, 150.15184021, 150.558181763, 150.976135254, 151.394104004, 151.812057495, 152.218414307, 152.636367798, 153.054321289, 153.472290039, 153.89024353, 154.296600342, 154.691329956, 155.097686768, 155.50402832, 155.910385132, 156.316726685, 156.734695435, 157.152648926, 157.559005737, 157.96534729, 158.383300781, 158.801269531, 159.219223022, 159.613967896, 160.020309448, 160.42666626, 160.821395874, 161.239364624, 161.657318115, 162.075286865, 162.493240356, 162.911193848, 163.329162598, 163.747116089, 164.141860962, 164.536590576, 164.942947388, 165.34928894, 165.755645752, 166.161987305, 166.579956055, 166.997909546, 167.404266357, 167.822219849, 168.24017334, 168.646530151, 169.052871704, 169.470840454, 169.888793945, 170.295150757, 170.70149231, 171.107849121, 171.525802612, 171.943756104, 172.361724854, 172.768066406, 173.174423218, 173.592376709, 173.987121582, 174.405075073, 174.823028564, 175.240997314, 175.635726929, 176.04208374, 176.448425293, 176.866394043, 177.284347534, 177.690704346, 178.108657837, 178.515014648, 178.921356201, 179.327713013, 179.745666504, 180.163619995, 180.558364868, 180.976318359, 181.394287109, 181.812240601, 182.218597412, 182.624938965, 183.042892456, 183.449249268, 183.867202759, 184.27355957, 184.679901123, 185.086257935, 185.492599487, 185.898956299, 186.31690979, 186.73487854, 187.152832031, 187.570785522, 187.988754272, 188.406707764, 188.77822876, 189.149749756, 189.53288269, 189.916000366, 190.252700806, 190.589385986, 190.926071167, 191.262756348, 191.599456787, 191.936141968, 192.272827148, 192.609527588, 192.946212769]
