
metadata:
    version:
        essentia: "2.1-beta2"
    audio_properties:
        analysis_sample_rate: 44100
        bitrate: 231
        channels: 2
        equal_loudness: 1
        length: 259.813873291
        replay_gain: -14.5105476379
        downmix: "mix"
    tags:
        album: "One Way Mirror"
        artist: "One Way Mirror"
        comment: ""
        date: "2008"
        genre: "Metal"
        title: "As You Are Now"
        tracknumber: "2"

configuration:
    average_loudness:
        compute: 1
        frameSize: 88200
        hopSize: 44100
        silentFrames: "noise"
        windowType: "hann"
    general:
        analysisSampleRate: 44100
        endTime: 2000
        equalLoudness: 1
        nequalLoudness: 0
        shortSound: 0
        startTime: 0
    lowlevel:
        compute: 1
        frameSize: 2048
        hopSize: 1024
        zeroPadding: 0
        silentFrames: "noise"
        windowType: "blackmanharris62"
        mfccStats: ["mean", "cov", "icov"]
        stats: ["mean", "var", "median", "min", "max", "dmean", "dmean2", "dvar", "dvar2"]
    panning:
        compute: 0
        frameSize: 8192
        hopSize: 2048
        zeroPadding: 8192
        silentFrames: "noise"
        windowType: "hann"
        stats: ["copy"]
    rhythm:
        compute: 1
        maxTempo: 208
        minTempo: 40
        method: "degara"
        stats: ["mean", "var", "median", "min", "max", "dmean", "dmean2", "dvar", "dvar2"]
    segmentation:
        compute: 0
        cpw: 5
        inc1: 300
        inc2: 50
        minimumSegmentsLength: 10
        size1: 1000
        size2: 600
    sfx:
        compute: 1
        stats: ["mean", "var", "median", "min", "max", "dmean", "dmean2", "dvar", "dvar2"]
    svm:
        compute: 0
    tonal:
        compute: 1
        frameSize: 4096
        hopSize: 2048
        zeroPadding: 0
        silentFrames: "noise"
        windowType: "blackmanharris62"
        stats: ["mean", "var", "median", "min", "max", "dmean", "dmean2", "dvar", "dvar2"]

lowlevel:
    average_loudness: 0.953148186207
    barkbands_kurtosis:
        dmean: 0.852962076664
        dmean2: 1.41475117207
        dvar: 0.869010150433
        dvar2: 2.23458003998
        max: 15.0491085052
        mean: -0.245472937822
        median: -0.491401344538
        min: -1.84920179844
        var: 1.64734351635
    barkbands_skewness:
        dmean: 0.360945165157
        dmean2: 0.585087776184
        dvar: 0.110388159752
        dvar2: 0.27897849679
        max: 3.661434412
        mean: -0.744522929192
        median: -0.814366936684
        min: -3.48067378998
        var: 0.382988512516
    barkbands_spread:
        dmean: 6.25220537186
        dmean2: 10.252453804
        dvar: 32.4317321777
        dvar2: 86.6097106934
        max: 69.606300354
        mean: 30.1866455078
        median: 29.9144897461
        min: 3.80347657204
        var: 83.1055374146
    dissonance:
        dmean: 0.00652875332162
        dmean2: 0.0112868938595
        dvar: 5.4817279306e-005
        dvar2: 0.000154803929036
        max: 0.500000119209
        mean: 0.490161061287
        median: 0.492334842682
        min: 0.380508154631
        var: 7.46195000829e-005
    hfc:
        dmean: 3.2316403389
        dmean2: 5.41494560242
        dvar: 15.8966560364
        dvar2: 41.9184875488
        max: 53.9591255188
        mean: 12.2082433701
        median: 11.6996173859
        min: 1.06567630461e-016
        var: 37.3836135864
    pitch:
        dmean: 768.694458008
        dmean2: 1431.24780273
        dvar: 1019377.375
        dvar2: 2576149
        max: 4617.60449219
        mean: 1844.0802002
        median: 2644.75708008
        min: 64.2488250732
        var: 1702402
    pitch_instantaneous_confidence:
        dmean: 0.0747126340866
        dmean2: 0.124667301774
        dvar: 0.00389884179458
        dvar2: 0.0102501017973
        max: 0.810229659081
        mean: 0.335206508636
        median: 0.324886143208
        min: 0.0984645485878
        var: 0.0103283375502
    pitch_salience:
        dmean: 0.0493791550398
        dmean2: 0.0833255201578
        dvar: 0.00185689725913
        dvar2: 0.00522756716236
        max: 0.954583287239
        mean: 0.712155520916
        median: 0.722108125687
        min: 0.304330676794
        var: 0.00385323259979
    silence_rate_20dB:
        dmean: 0
        dmean2: 0
        dvar: 0
        dvar2: 0
        max: 1
        mean: 1
        median: 1
        min: 1
        var: 0
    silence_rate_30dB:
        dmean: 0
        dmean2: 0
        dvar: 0
        dvar2: 0
        max: 1
        mean: 1
        median: 1
        min: 1
        var: 0
    silence_rate_60dB:
        dmean: 0.0375335104764
        dmean2: 0.0750737339258
        dvar: 0.0361218526959
        dvar2: 0.0810504257679
        max: 1
        mean: 0.108926817775
        median: 0
        min: 0
        var: 0.0970512330532
    spectral_centroid:
        dmean: 236.941772461
        dmean2: 389.639282227
        dvar: 64026.5273438
        dvar2: 160994.421875
        max: 11657.3056641
        mean: 2074.19384766
        median: 2038.97021484
        min: 247.154449463
        var: 836552.5625
    spectral_complexity:
        dmean: 4.4886507988
        dmean2: 7.25998735428
        dvar: 18.5851345062
        dvar2: 44.962852478
        max: 51
        mean: 23.2334022522
        median: 24
        min: 0
        var: 77.0034942627
    spectral_crest:
        dmean: 1.4952340126
        dmean2: 2.51480150223
        dvar: 2.08289551735
        dvar2: 5.53535461426
        max: 21.6781730652
        mean: 5.89046859741
        median: 5.38013648987
        min: 2.39463376999
        var: 4.297747612
    spectral_decrease:
        dmean: 2.55696380735e-010
        dmean2: 4.19519613493e-010
        dvar: 8.60570081096e-020
        dvar2: 2.23262199484e-019
        max: 1.96478004397e-028
        mean: -1.27012600437e-009
        median: -1.24688004366e-009
        min: -3.8552006032e-009
        var: 2.46697182665e-019
    spectral_energy:
        dmean: 0.00122651434503
        dmean2: 0.00202292110771
        dvar: 2.05192259273e-006
        dvar2: 5.32526655661e-006
        max: 0.017846910283
        mean: 0.00590107403696
        median: 0.00577924354002
        min: 1.01786569625e-020
        var: 5.68252653466e-006
    spectral_energyband_high:
        dmean: 0.000196801323909
        dmean2: 0.000342833780451
        dvar: 1.25739319401e-007
        dvar2: 3.30486386702e-007
        max: 0.00665790261701
        mean: 0.000389728753362
        median: 0.00027520043659
        min: 6.92255741639e-021
        var: 1.899398967e-007
    spectral_energyband_low:
        dmean: 0.000287858914817
        dmean2: 0.000482803385239
        dvar: 1.1877715167e-007
        dvar2: 3.31259570885e-007
        max: 0.00337301380932
        mean: 0.000531277793925
        median: 0.000460434966953
        min: 1.27480892583e-023
        var: 1.49896507651e-007
    spectral_energyband_middle_high:
        dmean: 0.00102861993946
        dmean2: 0.00169174885377
        dvar: 1.21775417483e-006
        dvar2: 3.11743610837e-006
        max: 0.0127381272614
        mean: 0.00415104720742
        median: 0.00402760785073
        min: 1.13357489496e-021
        var: 3.85650491808e-006
    spectral_energyband_middle_low:
        dmean: 0.00037162101944
        dmean2: 0.000613427604549
        dvar: 1.94703574152e-007
        dvar2: 5.23255778262e-007
        max: 0.00614848732948
        mean: 0.000979189178906
        median: 0.000863843830302
        min: 1.49732312647e-022
        var: 3.44845233258e-007
    spectral_flatness_db:
        dmean: 0.0120671959594
        dmean2: 0.0196809712797
        dvar: 0.000135144437081
        dvar2: 0.000335147662554
        max: 0.330184817314
        mean: 0.138422057033
        median: 0.128586128354
        min: 0.0606159120798
        var: 0.00121239118744
    spectral_flux:
        dmean: 0.00663217809051
        dmean2: 0.0101808616892
        dvar: 4.82132236357e-005
        dvar2: 9.89465625025e-005
        max: 0.0957510024309
        mean: 0.0472865179181
        median: 0.047554910183
        min: 6.29547594611e-011
        var: 0.000189629121451
    spectral_kurtosis:
        dmean: 1.45918488503
        dmean2: 2.48624491692
        dvar: 6.06357240677
        dvar2: 18.5367851257
        max: 55.4498786926
        mean: 4.75836277008
        median: 4.40928459167
        min: -1.24767994881
        var: 7.61857938766
    spectral_rms:
        dmean: 0.000243764879997
        dmean2: 0.000395739945816
        dvar: 6.83995367012e-008
        dvar2: 1.66730160345e-007
        max: 0.00417272327468
        mean: 0.00233218516223
        median: 0.00237450771965
        min: 3.15125334681e-012
        var: 3.18056265769e-007
    spectral_rolloff:
        dmean: 260.752075195
        dmean2: 440.21963501
        dvar: 119897.554688
        dvar2: 265150
        max: 19595.2148438
        mean: 3377.17700195
        median: 3251.51367188
        min: 150.732421875
        var: 2169161.75
    spectral_skewness:
        dmean: 0.190514072776
        dmean2: 0.31366944313
        dvar: 0.0564358830452
        dvar2: 0.160519093275
        max: 5.44682979584
        mean: 1.46703076363
        median: 1.46563398838
        min: -0.117831066251
        var: 0.153218924999
    spectral_spread:
        dmean: 405527.6875
        dmean2: 637259.625
        dvar: 385408237568
        dvar2: 731863646208
        max: 42492196
        mean: 4277487
        median: 4014529.25
        min: 1041633.5625
        var: 1.17132744458e+013
    spectral_strongpeak:
        dmean: 0.638102889061
        dmean2: 1.12383723259
        dvar: 0.551868200302
        dvar2: 1.4261200428
        max: 7.08093309402
        mean: 0.804245889187
        median: 0.297684073448
        min: 1.98959834719e-010
        var: 0.892550110817
    zerocrossingrate:
        dmean: 0.00617629941553
        dmean2: 0.00797880999744
        dvar: 4.27456907346e-005
        dvar2: 5.73826146137e-005
        max: 0.5302734375
        mean: 0.108650408685
        median: 0.107421875
        min: 0.021484375
        var: 0.00162260455545
    barkbands:
        dmean: [4.14090180811e-007, 0.000123589372379, 0.000177919704583, 0.000128735322505, 0.000208784491406, 6.28810812486e-005, 4.88338300784e-005, 3.29801951011e-005, 7.92358696344e-005, 8.44358291943e-005, 8.14738959889e-005, 0.000122857367387, 0.000124477170175, 0.000174598317244, 0.000152120963321, 0.00027281648363, 0.000365015352145, 0.000318881153362, 0.000271288503427, 0.000160632145707, 9.09052614588e-005, 4.04682468798e-005, 9.02333249542e-006, 2.63194442596e-006, 8.80305151441e-007, 5.8797674285e-008, 5.61443613822e-010]
        dmean2: [6.38550886833e-007, 0.000214388404856, 0.000300961837638, 0.000214163432247, 0.000345854554325, 0.000104096419818, 8.50402648211e-005, 5.37625492143e-005, 0.000129266045406, 0.000136655420647, 0.000133199617267, 0.000205162970815, 0.000206390599487, 0.000291298230877, 0.000252525205724, 0.000461615360109, 0.000614035525359, 0.000533410639036, 0.000459976057755, 0.000275533238892, 0.000156475420226, 7.23896591808e-005, 1.5955984054e-005, 4.50251582151e-006, 1.42970975503e-006, 9.4404136064e-008, 9.0693269561e-010]
        dvar: [3.62169224732e-013, 4.0957509384e-008, 4.5822059036e-008, 2.21089155872e-008, 7.74834703066e-008, 1.19766383477e-008, 1.17794423105e-008, 3.24723625766e-009, 2.29762733284e-008, 3.20477120397e-008, 2.97744442435e-008, 6.67060007231e-008, 6.0446367911e-008, 8.42681444624e-008, 5.89657638272e-008, 9.28977286208e-008, 1.61026292744e-007, 1.33251688794e-007, 1.08282094402e-007, 7.61552172435e-008, 2.53659475646e-008, 5.9199889435e-009, 3.20869192327e-010, 1.83445984098e-011, 2.63042083774e-012, 1.17517334161e-014, 9.39432330399e-019]
        dvar2: [8.31567291155e-013, 1.129816809e-007, 1.30281691213e-007, 6.11119759242e-008, 2.02104033065e-007, 2.90241164436e-008, 3.29075149352e-008, 8.13285172541e-009, 5.83720911607e-008, 7.80568498726e-008, 7.47157926639e-008, 1.74995165025e-007, 1.54562513899e-007, 2.25700318879e-007, 1.51423151351e-007, 2.46944608762e-007, 4.31951235669e-007, 3.43959044358e-007, 2.91350175985e-007, 1.95632921418e-007, 6.43409947543e-008, 1.62917181967e-008, 8.65162441688e-010, 4.99845581592e-011, 6.43547368173e-012, 2.7891121216e-014, 1.98922978646e-018]
        max: [1.44287787407e-005, 0.0014945412986, 0.00233362102881, 0.00189936906099, 0.0039238166064, 0.00176817807369, 0.00160351477098, 0.00150077999569, 0.00366933271289, 0.00448490958661, 0.00537300063297, 0.0053617185913, 0.00554946623743, 0.00486733298749, 0.0044954107143, 0.00574063137174, 0.0063021783717, 0.00621198071167, 0.00658529391512, 0.00560868205503, 0.00412254361436, 0.000903131091036, 0.000219171924982, 8.45796530484e-005, 4.9513328122e-005, 1.90015919088e-006, 2.0516742083e-008]
        mean: [6.50030756333e-007, 0.000142660035635, 0.000282141205389, 0.000204413299798, 0.000361836137017, 9.60642501013e-005, 6.1095073761e-005, 5.18442175235e-005, 0.000133177658427, 0.000140797870699, 0.000129992040456, 0.000198229245143, 0.000202075054403, 0.000295769918012, 0.000265140057309, 0.000568617368117, 0.000834033591673, 0.000745496770833, 0.000622627674602, 0.000309608352836, 0.000172902437043, 6.04325323366e-005, 1.41392047226e-005, 5.42716179552e-006, 1.78498157766e-006, 1.14572948462e-007, 1.14016196484e-009]
        median: [4.16890799215e-007, 8.36070394143e-005, 0.000225755604333, 0.00016209531168, 0.00025786733022, 6.13230076851e-005, 3.56968303095e-005, 3.02970365738e-005, 6.61106023472e-005, 7.31124528102e-005, 5.60881962883e-005, 9.93852008833e-005, 9.62656995398e-005, 0.000146658188896, 0.000159704228281, 0.000503165530972, 0.00074850168312, 0.000635751581285, 0.000559693726245, 0.00022297083342, 0.00012160071492, 3.79433622584e-005, 9.1066076493e-006, 4.02532441512e-006, 1.11404597192e-006, 6.50415685755e-008, 6.27445151391e-010]
        min: [4.93447583181e-025, 3.51400693472e-024, 1.64599614407e-024, 3.88382502569e-025, 6.92782380131e-024, 9.76459128231e-024, 4.29743337716e-024, 4.37966423792e-024, 1.75954383613e-023, 1.53402222951e-023, 1.3893978354e-023, 2.16321232326e-023, 3.06952562425e-023, 3.42569600742e-023, 3.43290240956e-023, 7.3773672322e-023, 8.2232274399e-023, 8.94930826993e-023, 9.52416761987e-023, 1.63978913403e-022, 2.16711803671e-022, 2.79183301721e-022, 3.51696279653e-022, 5.78698262651e-022, 7.89628107161e-022, 1.35498495223e-021, 2.05575768554e-021]
        var: [6.03227971047e-013, 3.51288242939e-008, 5.78451064825e-008, 3.14154959824e-008, 1.24595658235e-007, 1.53565125061e-008, 9.81642767073e-009, 5.04724084749e-009, 4.63105536141e-008, 7.27599527295e-008, 7.26464435274e-008, 9.78258398732e-008, 9.81653514032e-008, 1.55725004447e-007, 1.06356665697e-007, 1.59429930591e-007, 3.14802235835e-007, 2.90707959039e-007, 1.9382781602e-007, 1.19750112049e-007, 4.66034286717e-008, 6.1287903641e-009, 3.6195019204e-010, 3.06445389897e-011, 4.77212410213e-012, 2.41072369993e-014, 2.74933163481e-018]
    frequency_bands:
        dmean: [4.14090180811e-007, 0.000123589372379, 0.000177919704583, 0.000128735322505, 0.000208784491406, 6.28810812486e-005, 4.88338300784e-005, 3.29801951011e-005, 7.92358696344e-005, 8.44358291943e-005, 8.14738959889e-005, 0.000122857367387, 0.000124477170175, 0.000174598317244, 0.000152120963321, 0.00027281648363, 0.000365015352145, 0.000318881153362, 0.000271288503427, 0.000160632145707, 9.09052614588e-005, 4.04682468798e-005, 9.02333249542e-006, 2.63194442596e-006, 8.80305151441e-007, 5.8797674285e-008, 5.61443613822e-010, 6.68614261179e-011]
        dmean2: [6.38550886833e-007, 0.000214388404856, 0.000300961837638, 0.000214163432247, 0.000345854554325, 0.000104096419818, 8.50402648211e-005, 5.37625492143e-005, 0.000129266045406, 0.000136655420647, 0.000133199617267, 0.000205162970815, 0.000206390599487, 0.000291298230877, 0.000252525205724, 0.000461615360109, 0.000614035525359, 0.000533410639036, 0.000459976057755, 0.000275533238892, 0.000156475420226, 7.23896591808e-005, 1.5955984054e-005, 4.50251582151e-006, 1.42970975503e-006, 9.4404136064e-008, 9.0693269561e-010, 1.24160806636e-010]
        dvar: [3.62169224732e-013, 4.0957509384e-008, 4.5822059036e-008, 2.21089155872e-008, 7.74834703066e-008, 1.19766383477e-008, 1.17794423105e-008, 3.24723625766e-009, 2.29762733284e-008, 3.20477120397e-008, 2.97744442435e-008, 6.67060007231e-008, 6.0446367911e-008, 8.42681444624e-008, 5.89657638272e-008, 9.28977286208e-008, 1.61026292744e-007, 1.33251688794e-007, 1.08282094402e-007, 7.61552172435e-008, 2.53659475646e-008, 5.9199889435e-009, 3.20869192327e-010, 1.83445984098e-011, 2.63042083774e-012, 1.17517334161e-014, 9.39432330399e-019, 8.424489611e-021]
        dvar2: [8.31567291155e-013, 1.129816809e-007, 1.30281691213e-007, 6.11119759242e-008, 2.02104033065e-007, 2.90241164436e-008, 3.29075149352e-008, 8.13285172541e-009, 5.83720911607e-008, 7.80568498726e-008, 7.47157926639e-008, 1.74995165025e-007, 1.54562513899e-007, 2.25700318879e-007, 1.51423151351e-007, 2.46944608762e-007, 4.31951235669e-007, 3.43959044358e-007, 2.91350175985e-007, 1.95632921418e-007, 6.43409947543e-008, 1.62917181967e-008, 8.65162441688e-010, 4.99845581592e-011, 6.43547368173e-012, 2.7891121216e-014, 1.98922978646e-018, 2.67595868529e-020]
        max: [1.44287787407e-005, 0.0014945412986, 0.00233362102881, 0.00189936906099, 0.0039238166064, 0.00176817807369, 0.00160351477098, 0.00150077999569, 0.00366933271289, 0.00448490958661, 0.00537300063297, 0.0053617185913, 0.00554946623743, 0.00486733298749, 0.0044954107143, 0.00574063137174, 0.0063021783717, 0.00621198071167, 0.00658529391512, 0.00560868205503, 0.00412254361436, 0.000903131091036, 0.000219171924982, 8.45796530484e-005, 4.9513328122e-005, 1.90015919088e-006, 2.0516742083e-008, 1.43234357708e-009]
        mean: [6.50030756333e-007, 0.000142660035635, 0.000282141205389, 0.000204413299798, 0.000361836137017, 9.60642501013e-005, 6.1095073761e-005, 5.18442175235e-005, 0.000133177658427, 0.000140797870699, 0.000129992040456, 0.000198229245143, 0.000202075054403, 0.000295769918012, 0.000265140057309, 0.000568617368117, 0.000834033591673, 0.000745496770833, 0.000622627674602, 0.000309608352836, 0.000172902437043, 6.04325323366e-005, 1.41392047226e-005, 5.42716179552e-006, 1.78498157766e-006, 1.14572948462e-007, 1.14016196484e-009, 5.22643907319e-011]
        median: [4.16890799215e-007, 8.36070394143e-005, 0.000225755604333, 0.00016209531168, 0.00025786733022, 6.13230076851e-005, 3.56968303095e-005, 3.02970365738e-005, 6.61106023472e-005, 7.31124528102e-005, 5.60881962883e-005, 9.93852008833e-005, 9.62656995398e-005, 0.000146658188896, 0.000159704228281, 0.000503165530972, 0.00074850168312, 0.000635751581285, 0.000559693726245, 0.00022297083342, 0.00012160071492, 3.79433622584e-005, 9.1066076493e-006, 4.02532441512e-006, 1.11404597192e-006, 6.50415685755e-008, 6.27445151391e-010, 2.2027518698e-011]
        min: [4.93447583181e-025, 3.51400693472e-024, 1.64599614407e-024, 3.88382502569e-025, 6.92782380131e-024, 9.76459128231e-024, 4.29743337716e-024, 4.37966423792e-024, 1.75954383613e-023, 1.53402222951e-023, 1.3893978354e-023, 2.16321232326e-023, 3.06952562425e-023, 3.42569600742e-023, 3.43290240956e-023, 7.3773672322e-023, 8.2232274399e-023, 8.94930826993e-023, 9.52416761987e-023, 1.63978913403e-022, 2.16711803671e-022, 2.79183301721e-022, 3.51696279653e-022, 5.78698262651e-022, 7.89628107161e-022, 1.35498495223e-021, 2.05575768554e-021, 4.34116896171e-022]
        var: [6.03227971047e-013, 3.51288242939e-008, 5.78451064825e-008, 3.14154959824e-008, 1.24595658235e-007, 1.53565125061e-008, 9.81642767073e-009, 5.04724084749e-009, 4.63105536141e-008, 7.27599527295e-008, 7.26464435274e-008, 9.78258398732e-008, 9.81653514032e-008, 1.55725004447e-007, 1.06356665697e-007, 1.59429930591e-007, 3.14802235835e-007, 2.90707959039e-007, 1.9382781602e-007, 1.19750112049e-007, 4.66034286717e-008, 6.1287903641e-009, 3.6195019204e-010, 3.06445389897e-011, 4.77212410213e-012, 2.41072369993e-014, 2.74933163481e-018, 6.68704439415e-021]
    mfcc:
        mean: [-687.024230957, 95.5818099976, -67.4569549561, 52.6028060913, 3.86556887627, 4.57163047791, 1.58851838112, 5.97645521164, -0.579871177673, -7.45184516907, -5.87329864502, -4.75958585739, -8.0904378891]
        cov: [[4710.99267578, 18.7401885986, -285.701843262, 348.88269043, -89.6973495483, 179.930480957, -31.4456291199, 191.71925354, -10.7804641724, 45.3763694763, 32.567905426, 19.0865745544, -34.4973373413], [18.7401885986, 742.782165527, -224.654922485, 153.701431274, 89.0852127075, -44.0322799683, 82.4486083984, -60.5271911621, 24.9724979401, -56.5437507629, -19.0446014404, -15.7098751068, -23.1578350067], [-285.701843262, -224.654922485, 349.697723389, 28.130613327, 62.5236930847, 32.8177452087, -7.12328195572, 39.2886695862, -9.02234363556, 33.3890228271, -4.96946573257, 18.528427124, 27.9318847656], [348.88269043, 153.701431274, 28.130613327, 385.939361572, 80.2958984375, 62.0032463074, 35.0952262878, -1.74013745785, 52.0334663391, -7.01991891861, -20.1301574707, 4.58023881912, 12.6444778442], [-89.6973495483, 89.0852127075, 62.5236930847, 80.2958984375, 158.265823364, 18.6748199463, 22.5991153717, 3.48942065239, 17.6764221191, 15.4892024994, -0.394443541765, 3.96853208542, 0.0175171382725], [179.930480957, -44.0322799683, 32.8177452087, 62.0032463074, 18.6748199463, 126.935302734, 45.3177947998, 33.2614974976, 7.24306869507, 19.1763191223, 11.9849767685, 6.32258367538, 5.59168291092], [-31.4456291199, 82.4486083984, -7.12328195572, 35.0952262878, 22.5991153717, 45.3177947998, 113.915603638, 25.094909668, 23.3695468903, -4.44218492508, 5.93591594696, 6.67836666107, -6.39640569687], [191.71925354, -60.5271911621, 39.2886695862, -1.74013745785, 3.48942065239, 33.2614974976, 25.094909668, 104.147697449, 22.6339321136, 30.4910297394, 11.5987243652, 18.0620880127, 0.932987451553], [-10.7804641724, 24.9724979401, -9.02234363556, 52.0334663391, 17.6764221191, 7.24306869507, 23.3695468903, 22.6339321136, 82.9428024292, 25.0503234863, 14.1020431519, -1.3483941555, -1.18148517609], [45.3763694763, -56.5437507629, 33.3890228271, -7.01991891861, 15.4892024994, 19.1763191223, -4.44218492508, 30.4910297394, 25.0503234863, 78.6081924438, 25.1774101257, 9.94111919403, -4.63268566132], [32.567905426, -19.0446014404, -4.96946573257, -20.1301574707, -0.394443541765, 11.9849767685, 5.93591594696, 11.5987243652, 14.1020431519, 25.1774101257, 59.4683189392, 18.6895828247, 6.879134655], [19.0865745544, -15.7098751068, 18.528427124, 4.58023881912, 3.96853208542, 6.32258367538, 6.67836666107, 18.0620880127, -1.3483941555, 9.94111919403, 18.6895828247, 52.472454071, 18.3739585876], [-34.4973373413, -23.1578350067, 27.9318847656, 12.6444778442, 0.0175171382725, 5.59168291092, -6.39640569687, 0.932987451553, -1.18148517609, -4.63268566132, 6.879134655, 18.3739585876, 48.8934745789]]
        icov: [[0.000330535985995, 4.8761459766e-005, 0.000435016554547, -0.000478613539599, 0.000169482533238, -0.000286064634565, 0.000401867961045, -0.000846704293508, 0.000557214196306, -8.713574789e-005, -0.000256226805504, 8.12574362499e-005, 0.000243675895035], [4.8761459766e-005, 0.00273668789305, 0.00190399738494, -0.00105492933653, -0.00175607728306, 0.00164643733297, -0.00204855040647, 0.000501527509186, 0.000580436899327, 0.000461457675556, 3.12661177304e-005, 0.000142666685861, 5.02103466715e-005], [0.000435016554547, 0.00190399738494, 0.00549282180145, -0.00128958548885, -0.00239044497721, 0.000320735300193, -0.000424372294219, -0.00189466134179, 0.00222945190035, -0.00136786384974, 0.000974204624072, 6.35608303128e-005, -0.00188757432625], [-0.000478613539599, -0.00105492933653, -0.00128958548885, 0.0048304926604, -0.00108952936716, -0.00233728880994, 0.000533013779204, 0.00199407176115, -0.00397204840556, 0.00113777758088, 0.00247145700268, -0.00139413739089, -0.000862477056216], [0.000169482533238, -0.00175607728306, -0.00239044497721, -0.00108952936716, 0.00921536888927, -0.000829268363304, 5.08948833158e-005, 0.000172905216459, -0.000376306677936, -0.00185048230924, -0.00019860023167, -0.000236662803218, 0.000962562917266], [-0.000286064634565, 0.00164643733297, 0.000320735300193, -0.00233728880994, -0.000829268363304, 0.0129743954167, -0.00614244537428, -0.0014481494436, 0.00328346458264, -0.00262125348672, -0.00201763934456, 0.00249662692659, -0.00208362191916], [0.000401867961045, -0.00204855040647, -0.000424372294219, 0.000533013779204, 5.08948833158e-005, -0.00614244537428, 0.0145645504817, -0.00324304983951, -0.0034517229069, 0.00395371345803, -0.000809389166534, -0.00239468202926, 0.00339258508757], [-0.000846704293508, 0.000501527509186, -0.00189466134179, 0.00199407176115, 0.000172905216459, -0.0014481494436, -0.00324304983951, 0.0157929416746, -0.00463508069515, -0.00280995480716, 0.00232101185247, -0.00455077691004, 0.000652113987599], [0.000557214196306, 0.000580436899327, 0.00222945190035, -0.00397204840556, -0.000376306677936, 0.00328346458264, -0.0034517229069, -0.00463508069515, 0.0192415099591, -0.00585531489924, -0.0041082194075, 0.00484245270491, -0.00164844491519], [-8.713574789e-005, 0.000461457675556, -0.00136786384974, 0.00113777758088, -0.00185048230924, -0.00262125348672, 0.00395371345803, -0.00280995480716, -0.00585531489924, 0.0204689074308, -0.00604323949665, -0.00214246520773, 0.00496891513467], [-0.000256226805504, 3.12661177304e-005, 0.000974204624072, 0.00247145700268, -0.00019860023167, -0.00201763934456, -0.000809389166534, 0.00232101185247, -0.0041082194075, -0.00604323949665, 0.0241187158972, -0.00757027836516, -0.00250143953599], [8.12574362499e-005, 0.000142666685861, 6.35608303128e-005, -0.00139413739089, -0.000236662803218, 0.00249662692659, -0.00239468202926, -0.00455077691004, 0.00484245270491, -0.00214246520773, -0.00757027836516, 0.0272500030696, -0.00932405609637], [0.000243675895035, 5.02103466715e-005, -0.00188757432625, -0.000862477056216, 0.000962562917266, -0.00208362191916, 0.00339258508757, 0.000652113987599, -0.00164844491519, 0.00496891513467, -0.00250143953599, -0.00932405609637, 0.0269059091806]]
    sccoeffs:
        dmean: [0.0501552596688, 0.0440225824714, 0.0355823002756, 0.0299584977329, 0.0230734739453, 0.0195543505251]
        dmean2: [0.083954051137, 0.0735607370734, 0.0602521002293, 0.0506835132837, 0.0385506264865, 0.0314292684197]
        dvar: [0.00160897499882, 0.00125256821048, 0.00078252563253, 0.000561751017813, 0.000340038037393, 0.000402039469918]
        dvar2: [0.00447058677673, 0.00343150272965, 0.00220351177268, 0.00157610955648, 0.000924141088035, 0.000986649887636]
        max: [-0.309899777174, -0.476975768805, -0.549173474312, -0.620439350605, -0.610197007656, -0.503245651722]
        mean: [-0.672580242157, -0.793427288532, -0.807329118252, -0.790377140045, -0.767950236797, -0.733758747578]
        median: [-0.674802303314, -0.79848498106, -0.814916133881, -0.792947769165, -0.766110062599, -0.737547576427]
        min: [-0.977994322777, -0.981429457664, -0.978723704815, -0.97011744976, -0.967598378658, -0.964373111725]
        var: [0.00412245234475, 0.00310898409225, 0.00275465170853, 0.00175511324778, 0.00132347340696, 0.00243619922549]
    scvalleys:
        dmean: [0.367979794741, 0.353378295898, 0.291661679745, 0.235291957855, 0.225886955857, 0.277666181326]
        dmean2: [0.618840754032, 0.588650882244, 0.485511898994, 0.385186523199, 0.368238419294, 0.443479955196]
        dvar: [0.09809461236, 0.0995286628604, 0.072684392333, 0.057976167649, 0.0795617327094, 0.152222633362]
        dvar2: [0.251254200935, 0.23844717443, 0.169818997383, 0.125094056129, 0.163224980235, 0.353945553303]
        max: [-5.20268106461, -5.02882194519, -5.04757881165, -5.16633081436, -5.34913444519, -7.83759880066]
        mean: [-6.83090496063, -6.98965454102, -6.81511878967, -6.68873786926, -6.78501224518, -9.82110595703]
        median: [-6.43749237061, -6.73467159271, -6.57709550858, -6.44131278992, -6.48907899857, -9.34794616699]
        min: [-28.209569931, -27.9856147766, -27.8823413849, -27.6480865479, -27.5791473389, -27.3974990845]
        var: [4.95438432693, 4.13953733444, 4.13277244568, 4.14809751511, 4.1225233078, 4.0258641243]

rhythm:
    beats_loudness:
        dmean: 0.00143556657713
        dmean2: 0.00254213763401
        dvar: 1.52196776071e-006
        dvar2: 4.61430772702e-006
        max: 0.0130330678076
        mean: 0.0061009908095
        median: 0.00597863970324
        min: 0
        var: 3.86614510717e-006
    bpm: 91.9229736328
    bpm_confidence: 0
    first_peak_bpm: 92
    first_peak_spread: 0.110144987702
    first_peak_weight: 0.745145618916
    onset_rate: 2.6134095192
    second_peak_bpm: 123
    second_peak_spread: 0.380952358246
    second_peak_weight: 0.094660192728
    beats_loudness_band_ratio:
        dmean: [0.098605312407, 0.0466159656644, 0.0324250198901, 0.0810914486647, 0.110941320658, 0.0576524697244]
        dmean2: [0.171139478683, 0.08081715554, 0.0575666539371, 0.139879062772, 0.19285826385, 0.100782953203]
        dvar: [0.00625256821513, 0.00335473101586, 0.00151276821271, 0.0085253380239, 0.00928210187703, 0.00364100933075]
        dvar2: [0.0192195810378, 0.00868570897728, 0.00450797472149, 0.0228500496596, 0.0259154271334, 0.0104872463271]
        max: [0.555474221706, 0.62187731266, 0.296690106392, 0.747556507587, 0.835640013218, 0.566517174244]
        mean: [0.197978943586, 0.0776309147477, 0.0504334568977, 0.132265120745, 0.414697647095, 0.149358049035]
        median: [0.191834747791, 0.052992772311, 0.038583021611, 0.092546209693, 0.41183423996, 0.13462716341]
        min: [0, 0, 0, 0, 0, 0]
        var: [0.0139352185652, 0.00774325802922, 0.00162648106925, 0.0126653313637, 0.0144547540694, 0.00510611431673]
    beats_position: [0.650158703327, 1.33514738083, 2.02013611794, 2.70512461662, 3.36689329147, 4.04027223587, 4.69043064117, 5.36380958557, 6.03718805313, 6.71056699753, 7.39555549622, 8.06893444061, 8.74231243134, 9.41569137573, 10.077460289, 10.7276191711, 11.3893871307, 12.051156044, 12.7013149261, 13.3514738083, 14.0132427216, 14.6750106812, 15.3251695633, 15.9753284454, 16.6254863739, 17.2756462097, 17.9258041382, 18.575963974, 19.2261219025, 19.8762817383, 20.5264396667, 21.1765975952, 21.826757431, 22.4769153595, 23.1386852264, 23.7888431549, 24.4506111145, 25.1007709503, 25.7509288788, 26.4126987457, 27.0628566742, 27.7014045715, 28.3515644073, 29.0017223358, 29.6518821716, 30.3136501312, 30.9754180908, 31.6255779266, 32.2757377625, 32.9258956909, 33.5760536194, 34.2262115479, 34.8879814148, 35.5497512817, 36.1999092102, 36.8500671387, 37.5002250671, 38.1503829956, 38.8005447388, 39.4507026672, 40.1008605957, 40.7626304626, 41.4243965149, 42.0745582581, 42.7247161865, 43.374874115, 44.0250320435, 44.6635818481, 45.3021316528, 45.9522895813, 46.625667572, 47.2758255005, 47.9259872437, 48.5761451721, 49.2263031006, 49.8764610291, 50.5266189575, 51.1767807007, 51.8269386292, 52.4770965576, 53.1388664246, 53.8006324768, 54.4624023438, 55.1125602722, 55.7743301392, 56.4244880676, 57.0746459961, 57.7131958008, 58.3633537292, 59.0135154724, 59.6636734009, 60.3138313293, 60.9756011963, 61.6257591248, 62.2875289917, 62.9376869202, 63.5762329102, 64.2263946533, 64.8765487671, 65.5267105103, 66.1768722534, 66.8386383057, 67.5004043579, 68.1505661011, 68.8007278442, 69.450881958, 70.1010437012, 70.7511978149, 71.4013595581, 72.0631256104, 72.724899292, 73.3750534058, 74.0252151489, 74.6869812012, 75.3487548828, 75.9989089966, 76.6490707397, 77.2992248535, 77.9493865967, 78.5995483398, 79.2497024536, 79.8998641968, 80.5500183105, 81.2001800537, 81.8503417969, 82.5004959106, 83.1506576538, 83.8008117676, 84.4509735107, 85.112739563, 85.7745132446, 86.4246673584, 87.0748291016, 87.7249908447, 88.3751449585, 89.0253067017, 89.6754608154, 90.3256225586, 90.9757843018, 91.6259384155, 92.2877044678, 92.9378662109, 93.5996322632, 94.2497940063, 94.8999557495, 95.5501098633, 96.188659668, 96.8272094727, 97.4773712158, 98.1391372681, 98.7892990112, 99.439453125, 100.101219177, 100.75138092, 101.401542664, 102.051696777, 102.713470459, 103.375236511, 104.025398254, 104.66394043, 105.314102173, 105.813331604, 106.300949097, 106.788566589, 107.276191711, 107.763809204, 108.251426697, 108.750656128, 109.249885559, 109.737503052, 110.225120544, 110.712738037, 111.211967468, 111.687980652, 112.163986206, 112.63999939, 113.127616882, 113.615234375, 114.102851868, 114.59047699, 115.078094482, 115.577323914, 116.076553345, 116.575782776, 117.075012207, 117.5626297, 118.050247192, 118.537864685, 119.025482178, 119.5131073, 120.000724792, 120.488342285, 120.987571716, 121.486801147, 121.97441864, 122.462036133, 122.949661255, 123.425666809, 123.913284302, 124.389297485, 124.876914978, 125.364532471, 125.852149963, 126.339767456, 126.827392578, 127.326622009, 127.814239502, 128.301864624, 128.789474487, 129.288711548, 129.776321411, 130.252334595, 130.728347778, 131.215957642, 131.703582764, 132.191192627, 132.678817749, 133.17805481, 133.665664673, 134.153289795, 134.652511597, 135.151748657, 135.650970459, 136.161804199, 136.66104126, 137.311203003, 137.949752808, 138.599899292, 139.250061035, 139.900222778, 140.538772583, 141.177322388, 141.827484131, 142.477645874, 143.139404297, 143.78956604, 144.439727783, 145.101501465, 145.763259888, 146.413421631, 147.075195313, 147.725341797, 148.37550354, 149.025665283, 149.675827026, 150.32598877, 150.976135254, 151.626296997, 152.27645874, 152.926620483, 153.576782227, 154.226928711, 154.877090454, 155.527252197, 156.189025879, 156.839187622, 157.500946045, 158.162719727, 158.824493408, 159.474639893, 160.124801636, 160.774963379, 161.425125122, 162.075286865, 162.72543335, 163.375595093, 164.025756836, 164.664306641, 165.314468384, 165.964630127, 166.62638855, 167.276550293, 167.938323975, 168.600082397, 169.261856079, 169.900405884, 170.538955688, 171.177505493, 171.827667236, 172.477813721, 173.127975464, 173.778137207, 174.42829895, 175.078460693, 175.740219116, 176.401992798, 177.052154541, 177.702316284, 178.352462769, 179.002624512, 179.652786255, 180.302947998, 180.964706421, 181.614868164, 182.276641846, 182.926803589, 183.576965332, 184.227111816, 184.888885498, 185.55065918, 186.200805664, 186.850967407, 187.50112915, 188.151290894, 188.801452637, 189.46321106, 190.124984741, 190.775146484, 191.425308228, 192.08706665, 192.748840332, 193.399002075, 194.03755188, 194.687713623, 195.326248169, 195.976409912, 196.626571655, 197.276733398, 197.93850708, 198.600265503, 199.262039185, 199.923812866, 200.573959351, 201.224121094, 201.862670898, 202.501220703, 203.151382446, 203.801544189, 204.451690674, 205.113464355, 205.763626099, 206.42539978, 207.075546265, 207.725708008, 208.375869751, 209.026031494, 209.676193237, 210.326339722, 210.976501465, 211.626663208, 212.276824951, 212.926986694, 213.577133179, 214.23890686, 214.900680542, 215.550842285, 216.20098877, 216.851150513, 217.501312256, 218.151473999, 218.801635742, 219.463394165, 220.125167847, 220.786941528, 221.425476074, 222.075637817, 222.725799561, 223.375961304, 224.026123047, 224.676269531, 225.326431274, 225.976593018, 226.626754761, 227.276916504, 227.927078247, 228.58883667, 229.250610352, 229.900772095, 230.550918579, 231.224304199, 231.874465942, 232.513015747, 233.151565552, 233.801712036, 234.463485718, 235.113647461, 235.775421143, 236.425567627, 237.07572937, 237.725891113, 238.376052856, 239.0262146, 239.676361084, 240.326522827, 240.97668457, 241.626846313, 242.288604736, 242.950378418, 243.600540161, 244.250701904, 244.900863647, 245.551010132, 246.201171875, 246.851333618, 247.5131073, 248.163253784, 248.813415527, 249.463577271, 250.125350952, 250.775512695, 251.42565918, 252.075820923, 252.725982666, 253.376144409, 254.026306152, 254.664840698, 255.291793823, 255.907119751, 256.52243042, 257.137786865, 257.764709473, 258.414855957, 259.065032959]
