
metadata:
    version:
        essentia: "2.1-beta2"
    audio_properties:
        analysis_sample_rate: 44100
        bitrate: 320
        channels: 2
        equal_loudness: 1
        length: 351.555908203
        replay_gain: -13.6268558502
        downmix: "mix"
    tags:
        album: "Stone's Reach"
        artist: "Be'lakor"
        comment: " "
        date: "2009"
        genre: "Death Metal"
        title: "Aspect"
        tracknumber: "7"

configuration:
    average_loudness:
        compute: 1
        frameSize: 88200
        hopSize: 44100
        silentFrames: "noise"
        windowType: "hann"
    general:
        analysisSampleRate: 44100
        endTime: 2000
        equalLoudness: 1
        nequalLoudness: 0
        shortSound: 0
        startTime: 0
    lowlevel:
        compute: 1
        frameSize: 2048
        hopSize: 1024
        zeroPadding: 0
        silentFrames: "noise"
        windowType: "blackmanharris62"
        mfccStats: ["mean", "cov", "icov"]
        stats: ["mean", "var", "median", "min", "max", "dmean", "dmean2", "dvar", "dvar2"]
    panning:
        compute: 0
        frameSize: 8192
        hopSize: 2048
        zeroPadding: 8192
        silentFrames: "noise"
        windowType: "hann"
        stats: ["copy"]
    rhythm:
        compute: 1
        maxTempo: 208
        minTempo: 40
        method: "degara"
        stats: ["mean", "var", "median", "min", "max", "dmean", "dmean2", "dvar", "dvar2"]
    segmentation:
        compute: 0
        cpw: 5
        inc1: 300
        inc2: 50
        minimumSegmentsLength: 10
        size1: 1000
        size2: 600
    sfx:
        compute: 1
        stats: ["mean", "var", "median", "min", "max", "dmean", "dmean2", "dvar", "dvar2"]
    svm:
        compute: 0
    tonal:
        compute: 1
        frameSize: 4096
        hopSize: 2048
        zeroPadding: 0
        silentFrames: "noise"
        windowType: "blackmanharris62"
        stats: ["mean", "var", "median", "min", "max", "dmean", "dmean2", "dvar", "dvar2"]

lowlevel:
    average_loudness: 0.940302670002
    barkbands_kurtosis:
        dmean: 0.713538765907
        dmean2: 1.1375451088
        dvar: 1.66549837589
        dvar2: 3.91083192825
        max: 36.2529220581
        mean: -0.482540696859
        median: -1.30745565891
        min: -1.88635540009
        var: 6.14933443069
    barkbands_skewness:
        dmean: 0.396030783653
        dmean2: 0.618664324284
        dvar: 0.139482289553
        dvar2: 0.330414563417
        max: 5.37485408783
        mean: 0.391196608543
        median: 0.244209960103
        min: -2.13482832909
        var: 0.79376155138
    barkbands_spread:
        dmean: 4.70806884766
        dmean2: 7.47660923004
        dvar: 22.5301418304
        dvar2: 54.0671577454
        max: 63.25963974
        mean: 34.6288032532
        median: 37.0122642517
        min: 1.14729321003
        var: 125.10231781
    dissonance:
        dmean: 0.0101576987654
        dmean2: 0.0171679835767
        dvar: 0.000140614545671
        dvar2: 0.000388422922697
        max: 0.500000178814
        mean: 0.478510916233
        median: 0.483837962151
        min: 0.251677125692
        var: 0.000455467466963
    hfc:
        dmean: 2.01020145416
        dmean2: 3.24601221085
        dvar: 6.28983926773
        dvar2: 16.0729598999
        max: 40.8116836548
        mean: 7.95750808716
        median: 7.8436255455
        min: 1.15687640822e-016
        var: 26.8686122894
    pitch:
        dmean: 914.996765137
        dmean2: 1774.8548584
        dvar: 1797234.25
        dvar2: 4251940
        max: 4745.17138672
        mean: 1288.21569824
        median: 267.247009277
        min: 64.9911499023
        var: 2157293
    pitch_instantaneous_confidence:
        dmean: 0.0737110227346
        dmean2: 0.117838844657
        dvar: 0.00404643500224
        dvar2: 0.00932994484901
        max: 0.924517571926
        mean: 0.383306950331
        median: 0.357473134995
        min: 0.0685735940933
        var: 0.0190649423748
    pitch_salience:
        dmean: 0.0587044246495
        dmean2: 0.0960772261024
        dvar: 0.00278460909612
        dvar2: 0.00730682443827
        max: 0.856853723526
        mean: 0.645101904869
        median: 0.665363550186
        min: 0.19854849577
        var: 0.00940895918757
    silence_rate_20dB:
        dmean: 0
        dmean2: 0
        dvar: 0
        dvar2: 0
        max: 1
        mean: 1
        median: 1
        min: 1
        var: 0
    silence_rate_30dB:
        dmean: 0
        dmean2: 0
        dvar: 0
        dvar2: 0
        max: 1
        mean: 1
        median: 1
        min: 1
        var: 0
    silence_rate_60dB:
        dmean: 0.034211743623
        dmean2: 0.0684280022979
        dvar: 0.0330335944891
        dvar2: 0.0754931271076
        max: 1
        mean: 0.221371024847
        median: 0
        min: 0
        var: 0.172379076481
    spectral_centroid:
        dmean: 247.595214844
        dmean2: 398.217468262
        dvar: 73961.1328125
        dvar2: 167359.40625
        max: 11049.2607422
        mean: 1454.62341309
        median: 1498.71142578
        min: 233.977859497
        var: 346704.28125
    spectral_complexity:
        dmean: 3.5980451107
        dmean2: 5.71109628677
        dvar: 14.1850061417
        dvar2: 33.09009552
        max: 44
        mean: 16.1534805298
        median: 17
        min: 0
        var: 77.7504425049
    spectral_crest:
        dmean: 2.12003278732
        dmean2: 3.4400742054
        dvar: 4.90698623657
        dvar2: 12.3251142502
        max: 24.8746738434
        mean: 7.71256017685
        median: 6.50756645203
        min: 2.186242342
        var: 14.2176408768
    spectral_decrease:
        dmean: 3.08757047707e-010
        dmean2: 5.1990917127e-010
        dvar: 2.55084302938e-019
        dvar2: 7.00895258627e-019
        max: -2.62352975641e-029
        mean: -1.1664691435e-009
        median: -1.17880949446e-009
        min: -5.7332312231e-009
        var: 4.50424038568e-019
    spectral_energy:
        dmean: 0.00129515433218
        dmean2: 0.00217201584019
        dvar: 4.2184119593e-006
        dvar2: 1.1532397366e-005
        max: 0.023624997586
        mean: 0.00512430071831
        median: 0.00524915754795
        min: 1.05922246505e-020
        var: 8.35892842588e-006
    spectral_energyband_high:
        dmean: 0.000158945840667
        dmean2: 0.000265321898041
        dvar: 5.96432983002e-008
        dvar2: 1.53922826485e-007
        max: 0.00533083034679
        mean: 0.000373430695618
        median: 0.00033438304672
        min: 7.71343417046e-021
        var: 1.15827887726e-007
    spectral_energyband_low:
        dmean: 0.000353332608938
        dmean2: 0.00058814114891
        dvar: 3.07664578258e-007
        dvar2: 7.98765881882e-007
        max: 0.00712479744107
        mean: 0.000595316989347
        median: 0.000379931821954
        min: 6.72431725151e-023
        var: 4.69430801786e-007
    spectral_energyband_middle_high:
        dmean: 0.000511470367201
        dmean2: 0.000812117999885
        dvar: 3.15097054226e-007
        dvar2: 7.88484669556e-007
        max: 0.0107126999646
        mean: 0.00207479461096
        median: 0.00201640976593
        min: 1.41123646506e-021
        var: 1.94210497284e-006
    spectral_energyband_middle_low:
        dmean: 0.000941874342971
        dmean2: 0.00158217153512
        dvar: 2.9026359698e-006
        dvar2: 8.05518811831e-006
        max: 0.0179517250508
        mean: 0.00229672179557
        median: 0.0019002368208
        min: 3.05380652942e-022
        var: 3.4511767808e-006
    spectral_flatness_db:
        dmean: 0.014155250974
        dmean2: 0.0225624404848
        dvar: 0.000174965869519
        dvar2: 0.000432241766248
        max: 0.403454720974
        mean: 0.157553792
        median: 0.141164809465
        min: 0.0648614242673
        var: 0.0025970749557
    spectral_flux:
        dmean: 0.00797450635582
        dmean2: 0.0122880842537
        dvar: 0.000101003242889
        dvar2: 0.000187651297892
        max: 0.123523056507
        mean: 0.0381957665086
        median: 0.0385684072971
        min: 1.02918534806e-010
        var: 0.000335911900038
    spectral_kurtosis:
        dmean: 2.00433635712
        dmean2: 3.53965854645
        dvar: 29.3055324554
        dvar2: 88.9766159058
        max: 164.233474731
        mean: 6.38691997528
        median: 2.99058198929
        min: -1.20630204678
        var: 223.114730835
    spectral_rms:
        dmean: 0.000256759347394
        dmean2: 0.000421708304202
        dvar: 1.15780316889e-007
        dvar2: 3.04459348399e-007
        max: 0.00480091432109
        mean: 0.00211777212098
        median: 0.00226299115457
        min: 3.21463493845e-012
        var: 5.14384112194e-007
    spectral_rolloff:
        dmean: 351.993621826
        dmean2: 578.622802734
        dvar: 234590.46875
        dvar2: 479268.03125
        max: 18841.5527344
        mean: 2930.90820313
        median: 3273.046875
        min: 193.798828125
        var: 1004553.75
    spectral_skewness:
        dmean: 0.203800410032
        dmean2: 0.347538620234
        dvar: 0.0935305804014
        dvar2: 0.281047970057
        max: 10.5601911545
        mean: 1.50234091282
        median: 1.23478412628
        min: -0.0339733287692
        var: 1.2800296545
    spectral_spread:
        dmean: 362942.6875
        dmean2: 576047.125
        dvar: 247500423168
        dvar2: 435816005632
        max: 40923724
        mean: 4251792
        median: 4350754
        min: 579604.5625
        var: 1.53444732109e+012
    spectral_strongpeak:
        dmean: 0.389561504126
        dmean2: 0.685505211353
        dvar: 0.5951628685
        dvar2: 1.57033884525
        max: 7.60325098038
        mean: 0.518247783184
        median: 0.246676534414
        min: 4.85074380663e-009
        var: 0.72419577837
    zerocrossingrate:
        dmean: 0.00742699624971
        dmean2: 0.00925341341645
        dvar: 6.21962026344e-005
        dvar2: 8.10210694908e-005
        max: 0.5048828125
        mean: 0.0867339670658
        median: 0.091796875
        min: 0.0078125
        var: 0.000819752109237
    barkbands:
        dmean: [3.13485429615e-007, 9.38614393817e-005, 0.000225153475185, 0.000238129316131, 0.000660809047986, 0.000174664106453, 0.000100278419268, 7.55209111958e-005, 9.09206137294e-005, 5.33711463504e-005, 4.35760630353e-005, 3.82631988032e-005, 2.99611110677e-005, 2.50062093983e-005, 3.27442940034e-005, 9.72510970314e-005, 0.000205112679396, 0.000157636051881, 0.000212520215428, 0.000125322854728, 6.86199200572e-005, 3.44977233908e-005, 5.50446293346e-006, 2.00460476663e-006, 8.93392041235e-007, 2.2662128174e-008, 3.16359910491e-010]
        dmean2: [4.92367405514e-007, 0.000168633050635, 0.000379498203984, 0.000379733770387, 0.00111492164433, 0.000282191525912, 0.000165511708474, 0.000128161511384, 0.000146611331729, 8.72294622241e-005, 7.12876135367e-005, 6.26454639132e-005, 5.02186449012e-005, 4.20054348069e-005, 5.44437207282e-005, 0.000160005118232, 0.000332879833877, 0.000261493172729, 0.000349364505382, 0.000210742233321, 0.00011390306463, 6.00944767939e-005, 9.14414067665e-006, 3.38099675901e-006, 1.51887149968e-006, 3.57428220354e-008, 5.33640909239e-010]
        dvar: [2.32760561042e-013, 3.58218024132e-008, 1.46793610156e-007, 1.35570829229e-007, 1.8247612843e-006, 6.39055812712e-008, 2.70605156061e-008, 2.3179325126e-008, 2.30443504279e-008, 9.69858771072e-009, 8.78115891112e-009, 7.77875364122e-009, 4.53842430304e-009, 1.85486415116e-009, 1.49003120953e-009, 1.46266891932e-008, 7.38697991665e-008, 3.70830157692e-008, 6.63222721187e-008, 2.8431733412e-008, 1.05651780657e-008, 5.95644911172e-009, 1.30403216003e-010, 1.85504268196e-011, 2.93004010811e-012, 3.72713597385e-015, 2.85528918027e-019]
        dvar2: [5.62707703784e-013, 9.96105953277e-008, 3.80132490818e-007, 3.0352245517e-007, 5.03918454342e-006, 1.7511710837e-007, 7.45619530562e-008, 6.27893044225e-008, 6.05765393402e-008, 2.56551988542e-008, 2.38150974496e-008, 2.13431103901e-008, 1.24651240441e-008, 5.05694863762e-009, 3.9730863044e-009, 3.88006498042e-008, 1.87523568229e-007, 9.87860104829e-008, 1.77618005637e-007, 7.63281846616e-008, 2.74031464187e-008, 1.5041308643e-008, 2.93541885243e-010, 4.34184944942e-011, 7.30165840984e-012, 8.2805771517e-015, 7.45336622711e-019]
        max: [6.02272575634e-006, 0.00140203186311, 0.00537673104554, 0.0084712151438, 0.013411401771, 0.00439261924475, 0.00293684890494, 0.0026835440658, 0.00248694908805, 0.0022218641825, 0.00189914309885, 0.00250369566493, 0.00195373757742, 0.00147652451415, 0.000648663146421, 0.00302080763504, 0.00697238044813, 0.00496857985854, 0.00617245445028, 0.00322975870222, 0.00267900316976, 0.00212013418786, 0.000381141697289, 0.00015066791093, 4.94508785778e-005, 3.37574670084e-006, 1.75548660053e-008]
        mean: [5.24995016349e-007, 9.66267325566e-005, 0.00031123298686, 0.000414089648984, 0.000993116758764, 0.000378645578166, 0.000186578225112, 0.000112023240945, 0.000171899606357, 9.67094601947e-005, 7.26904254407e-005, 6.89028092893e-005, 4.76978311781e-005, 4.12735098507e-005, 7.00345844962e-005, 0.000204522846616, 0.000463010073872, 0.000354244868504, 0.000521696871147, 0.000291771255434, 0.000161749034305, 4.8011461331e-005, 1.13334390335e-005, 4.20653805122e-006, 1.65233939242e-006, 4.47214851818e-008, 4.60941090852e-010]
        median: [2.27740443393e-007, 4.39103168901e-005, 0.000163207223522, 0.000217606022488, 0.000545448623598, 0.000265338632744, 0.000121059645608, 5.57328457944e-005, 9.24390260479e-005, 5.52066339878e-005, 3.634080349e-005, 3.53352334059e-005, 2.55630839092e-005, 2.93615230476e-005, 6.06063258601e-005, 0.000171252817381, 0.000364252191503, 0.000288753974019, 0.000452879758086, 0.00025267212186, 0.000144168559927, 2.79613468592e-005, 6.94083519193e-006, 2.67058817371e-006, 1.01323655599e-006, 2.41674857904e-008, 2.50661713608e-010]
        min: [2.07975257498e-023, 7.40750960739e-024, 1.07425153252e-023, 1.70705634471e-023, 4.94249756114e-023, 2.90121142162e-023, 2.92954888305e-023, 8.45591490121e-023, 6.72217091876e-023, 6.32409277332e-023, 8.49930856189e-023, 1.0131129191e-022, 5.37522815733e-023, 1.1106375209e-022, 9.98508894937e-023, 1.05528864165e-022, 1.55202173189e-022, 1.79406205432e-022, 2.06287480125e-022, 2.16159777742e-022, 3.65486880941e-022, 6.60570614528e-022, 4.91399860409e-022, 7.78391193774e-022, 9.49874458927e-022, 1.65291527462e-021, 2.29011596687e-021]
        var: [4.45889608873e-013, 2.59370231959e-008, 2.05896640182e-007, 3.802868207e-007, 1.91123103832e-006, 1.45172492694e-007, 4.67360727896e-008, 3.34602638929e-008, 5.04520407674e-008, 2.05909458373e-008, 1.66964273518e-008, 1.66429838799e-008, 8.48353121086e-009, 2.33152275264e-009, 3.26974736176e-009, 3.28182530041e-008, 1.9879412605e-007, 9.57107104682e-008, 1.86331703844e-007, 6.51901999049e-008, 2.15412878646e-008, 7.14317449635e-009, 3.03484987141e-010, 3.92838400698e-011, 5.27862475952e-012, 6.56846860838e-015, 4.65367314828e-019]
    frequency_bands:
        dmean: [3.13485429615e-007, 9.38614393817e-005, 0.000225153475185, 0.000238129316131, 0.000660809047986, 0.000174664106453, 0.000100278419268, 7.55209111958e-005, 9.09206137294e-005, 5.33711463504e-005, 4.35760630353e-005, 3.82631988032e-005, 2.99611110677e-005, 2.50062093983e-005, 3.27442940034e-005, 9.72510970314e-005, 0.000205112679396, 0.000157636051881, 0.000212520215428, 0.000125322854728, 6.86199200572e-005, 3.44977233908e-005, 5.50446293346e-006, 2.00460476663e-006, 8.93392041235e-007, 2.2662128174e-008, 3.16359910491e-010, 6.10837769255e-011]
        dmean2: [4.92367405514e-007, 0.000168633050635, 0.000379498203984, 0.000379733770387, 0.00111492164433, 0.000282191525912, 0.000165511708474, 0.000128161511384, 0.000146611331729, 8.72294622241e-005, 7.12876135367e-005, 6.26454639132e-005, 5.02186449012e-005, 4.20054348069e-005, 5.44437207282e-005, 0.000160005118232, 0.000332879833877, 0.000261493172729, 0.000349364505382, 0.000210742233321, 0.00011390306463, 6.00944767939e-005, 9.14414067665e-006, 3.38099675901e-006, 1.51887149968e-006, 3.57428220354e-008, 5.33640909239e-010, 1.1351659196e-010]
        dvar: [2.32760561042e-013, 3.58218024132e-008, 1.46793610156e-007, 1.35570829229e-007, 1.8247612843e-006, 6.39055812712e-008, 2.70605156061e-008, 2.3179325126e-008, 2.30443504279e-008, 9.69858771072e-009, 8.78115891112e-009, 7.77875364122e-009, 4.53842430304e-009, 1.85486415116e-009, 1.49003120953e-009, 1.46266891932e-008, 7.38697991665e-008, 3.70830157692e-008, 6.63222721187e-008, 2.8431733412e-008, 1.05651780657e-008, 5.95644911172e-009, 1.30403216003e-010, 1.85504268196e-011, 2.93004010811e-012, 3.72713597385e-015, 2.85528918027e-019, 1.0287231688e-020]
        dvar2: [5.62707703784e-013, 9.96105953277e-008, 3.80132490818e-007, 3.0352245517e-007, 5.03918454342e-006, 1.7511710837e-007, 7.45619530562e-008, 6.27893044225e-008, 6.05765393402e-008, 2.56551988542e-008, 2.38150974496e-008, 2.13431103901e-008, 1.24651240441e-008, 5.05694863762e-009, 3.9730863044e-009, 3.88006498042e-008, 1.87523568229e-007, 9.87860104829e-008, 1.77618005637e-007, 7.63281846616e-008, 2.74031464187e-008, 1.5041308643e-008, 2.93541885243e-010, 4.34184944942e-011, 7.30165840984e-012, 8.2805771517e-015, 7.45336622711e-019, 3.36179416444e-020]
        max: [6.02272575634e-006, 0.00140203186311, 0.00537673104554, 0.0084712151438, 0.013411401771, 0.00439261924475, 0.00293684890494, 0.0026835440658, 0.00248694908805, 0.0022218641825, 0.00189914309885, 0.00250369566493, 0.00195373757742, 0.00147652451415, 0.000648663146421, 0.00302080763504, 0.00697238044813, 0.00496857985854, 0.00617245445028, 0.00322975870222, 0.00267900316976, 0.00212013418786, 0.000381141697289, 0.00015066791093, 4.94508785778e-005, 3.37574670084e-006, 1.75548660053e-008, 3.101436441e-009]
        mean: [5.24995016349e-007, 9.66267325566e-005, 0.00031123298686, 0.000414089648984, 0.000993116758764, 0.000378645578166, 0.000186578225112, 0.000112023240945, 0.000171899606357, 9.67094601947e-005, 7.26904254407e-005, 6.89028092893e-005, 4.76978311781e-005, 4.12735098507e-005, 7.00345844962e-005, 0.000204522846616, 0.000463010073872, 0.000354244868504, 0.000521696871147, 0.000291771255434, 0.000161749034305, 4.8011461331e-005, 1.13334390335e-005, 4.20653805122e-006, 1.65233939242e-006, 4.47214851818e-008, 4.60941090852e-010, 4.76050240894e-011]
        median: [2.27740443393e-007, 4.39103168901e-005, 0.000163207223522, 0.000217606022488, 0.000545448623598, 0.000265338632744, 0.000121059645608, 5.57328457944e-005, 9.24390260479e-005, 5.52066339878e-005, 3.634080349e-005, 3.53352334059e-005, 2.55630839092e-005, 2.93615230476e-005, 6.06063258601e-005, 0.000171252817381, 0.000364252191503, 0.000288753974019, 0.000452879758086, 0.00025267212186, 0.000144168559927, 2.79613468592e-005, 6.94083519193e-006, 2.67058817371e-006, 1.01323655599e-006, 2.41674857904e-008, 2.50661713608e-010, 1.7376078007e-011]
        min: [2.07975257498e-023, 7.40750960739e-024, 1.07425153252e-023, 1.70705634471e-023, 4.94249756114e-023, 2.90121142162e-023, 2.92954888305e-023, 8.45591490121e-023, 6.72217091876e-023, 6.32409277332e-023, 8.49930856189e-023, 1.0131129191e-022, 5.37522815733e-023, 1.1106375209e-022, 9.98508894937e-023, 1.05528864165e-022, 1.55202173189e-022, 1.79406205432e-022, 2.06287480125e-022, 2.16159777742e-022, 3.65486880941e-022, 6.60570614528e-022, 4.91399860409e-022, 7.78391193774e-022, 9.49874458927e-022, 1.65291527462e-021, 2.29011596687e-021, 7.35396027764e-022]
        var: [4.45889608873e-013, 2.59370231959e-008, 2.05896640182e-007, 3.802868207e-007, 1.91123103832e-006, 1.45172492694e-007, 4.67360727896e-008, 3.34602638929e-008, 5.04520407674e-008, 2.05909458373e-008, 1.66964273518e-008, 1.66429838799e-008, 8.48353121086e-009, 2.33152275264e-009, 3.26974736176e-009, 3.28182530041e-008, 1.9879412605e-007, 9.57107104682e-008, 1.86331703844e-007, 6.51901999049e-008, 2.15412878646e-008, 7.14317449635e-009, 3.03484987141e-010, 3.92838400698e-011, 5.27862475952e-012, 6.56846860838e-015, 4.65367314828e-019, 7.48676164102e-021]
    mfcc:
        mean: [-710.827514648, 111.151054382, -37.6231422424, 61.6979064941, -11.0605154037, -12.287853241, -5.68346595764, -1.31595599651, -3.59333229065, -11.1695318222, -10.9237003326, -5.73074150085, -6.54740142822]
        cov: [[6692.80615234, -1361.24694824, -918.631347656, 1179.48181152, 68.7282485962, 199.37663269, -153.684402466, 225.931945801, 191.318603516, 72.0935134888, -8.33165168762, 146.25894165, 123.572677612], [-1361.24694824, 801.057556152, 63.8838424683, -213.553985596, -75.5366439819, -83.9894866943, 71.6797790527, -55.4816360474, -25.1497173309, -52.4519920349, 15.2076463699, -23.8049869537, -30.7188472748], [-918.631347656, 63.8838424683, 418.332580566, -304.927581787, 19.3788642883, 3.27260255814, 16.1184368134, -4.77020406723, -54.3669929504, 22.1991691589, 1.50168633461, -39.8205795288, -27.3961448669], [1179.48181152, -213.553985596, -304.927581787, 523.550231934, 74.9801864624, 44.5720596313, -36.6480865479, 21.585477829, 75.6727752686, -6.22092485428, -5.63434886932, 36.1163864136, 27.1729793549], [68.7282485962, -75.5366439819, 19.3788642883, 74.9801864624, 108.43812561, 36.8571891785, 6.5222992897, 1.47660028934, -0.39048370719, 5.07418966293, -9.37819671631, 3.47567987442, 0.994018793106], [199.37663269, -83.9894866943, 3.27260255814, 44.5720596313, 36.8571891785, 99.6714935303, 19.0692424774, 6.96905660629, -3.45502495766, 1.87109100819, 0.756316483021, 2.24373555183, 4.55831336975], [-153.684402466, 71.6797790527, 16.1184368134, -36.6480865479, 6.5222992897, 19.0692424774, 82.1906509399, 27.1401901245, 8.96863651276, -11.0251893997, 7.60183000565, 8.49108886719, 7.05327892303], [225.931945801, -55.4816360474, -4.77020406723, 21.585477829, 1.47660028934, 6.96905660629, 27.1401901245, 77.8716125488, 36.8171691895, 15.5673789978, 5.70440340042, 10.1208410263, 14.1237373352], [191.318603516, -25.1497173309, -54.3669929504, 75.6727752686, -0.39048370719, -3.45502495766, 8.96863651276, 36.8171691895, 75.6585922241, 20.4632606506, 12.3639764786, 16.2668151855, 15.1841268539], [72.0935134888, -52.4519920349, 22.1991691589, -6.22092485428, 5.07418966293, 1.87109100819, -11.0251893997, 15.5673789978, 20.4632606506, 59.5701370239, 19.3061332703, 4.69357299805, 2.56416654587], [-8.33165168762, 15.2076463699, 1.50168633461, -5.63434886932, -9.37819671631, 0.756316483021, 7.60183000565, 5.70440340042, 12.3639764786, 19.3061332703, 54.4533691406, 22.026506424, 7.00126981735], [146.25894165, -23.8049869537, -39.8205795288, 36.1163864136, 3.47567987442, 2.24373555183, 8.49108886719, 10.1208410263, 16.2668151855, 4.69357299805, 22.026506424, 53.1936645508, 32.6888885498], [123.572677612, -30.7188472748, -27.3961448669, 27.1729793549, 0.994018793106, 4.55831336975, 7.05327892303, 14.1237373352, 15.1841268539, 2.56416654587, 7.00126981735, 32.6888885498, 55.7584152222]]
        icov: [[0.000477793597383, 0.000475938344607, 0.000573037716094, -0.000540940498468, 0.000496788590681, -0.000508715515025, 0.000525471637957, -0.00117490091361, 0.00050336739514, -0.000242203313974, 0.000147663915413, -0.000450705701951, 0.000132103508804], [0.000475938344607, 0.00253512873314, 0.000573756231461, -0.000129691528855, 0.00104498502333, 0.00109369575512, -0.00196890369989, 0.000923657149542, -0.000307289272314, 0.00102613552008, -0.000849063042551, 0.00042142890743, 0.000490094244014], [0.000573037716094, 0.000573756231461, 0.00614461209625, 0.00289455591701, -0.00280255242251, -0.00121079443488, 0.00162925408222, -0.00266751809977, 0.001381814247, -0.00119363539852, -0.00102388393134, 0.00193868763745, -5.62966706639e-005], [-0.000540940498468, -0.000129691528855, 0.00289455591701, 0.00623296014965, -0.00464956089854, -0.000908676243853, 0.00246699340641, 0.000712291395757, -0.00418733153492, 0.00247932970524, -0.000865664973389, 0.000634139287286, -6.00582570769e-005], [0.000496788590681, 0.00104498502333, -0.00280255242251, -0.00464956089854, 0.0151108987629, -0.00288568390533, -0.00314589799382, 0.000934868643526, 0.00216402369551, -0.00302472617477, 0.00413554208353, -0.00342990155332, 0.00153260526713], [-0.000508715515025, 0.00109369575512, -0.00121079443488, -0.000908676243853, -0.00288568390533, 0.0146030765027, -0.00634508533403, 0.0025748508051, 0.0019082458457, -0.00037347120815, -0.00172885879874, 0.00261810049415, -0.00123434420675], [0.000525471637957, -0.00196890369989, 0.00162925408222, 0.00246699340641, -0.00314589799382, -0.00634508533403, 0.0223894547671, -0.0105302194133, -0.00179412669968, 0.00622015120462, -0.00224602106027, -0.00292186648585, -4.35700276284e-005], [-0.00117490091361, 0.000923657149542, -0.00266751809977, 0.000712291395757, 0.000934868643526, 0.0025748508051, -0.0105302194133, 0.0251326393336, -0.0096927518025, -0.00250477110967, 0.00124500831589, 0.00203920458443, -0.00240346300416], [0.00050336739514, -0.000307289272314, 0.001381814247, -0.00418733153492, 0.00216402369551, 0.0019082458457, -0.00179412669968, -0.0096927518025, 0.0249618496746, -0.00802626274526, -0.00076477532275, -0.0013487378601, -0.00161949638277], [-0.000242203313974, 0.00102613552008, -0.00119363539852, 0.00247932970524, -0.00302472617477, -0.00037347120815, 0.00622015120462, -0.00250477110967, -0.00802626274526, 0.0264668576419, -0.00966869760305, 0.00233563967049, 5.27811534994e-005], [0.000147663915413, -0.000849063042551, -0.00102388393134, -0.000865664973389, 0.00413554208353, -0.00172885879874, -0.00224602106027, 0.00124500831589, -0.00076477532275, -0.00966869760305, 0.0284072961658, -0.0147084500641, 0.00486905127764], [-0.000450705701951, 0.00042142890743, 0.00193868763745, 0.000634139287286, -0.00342990155332, 0.00261810049415, -0.00292186648585, 0.00203920458443, -0.0013487378601, 0.00233563967049, -0.0147084500641, 0.0398206487298, -0.0196637548506], [0.000132103508804, 0.000490094244014, -5.62966706639e-005, -6.00582570769e-005, 0.00153260526713, -0.00123434420675, -4.35700276284e-005, -0.00240346300416, -0.00161949638277, 5.27811534994e-005, 0.00486905127764, -0.0196637548506, 0.0299565307796]]
    sccoeffs:
        dmean: [0.052230745554, 0.043296135962, 0.0332436710596, 0.0263609346002, 0.0197858586907, 0.0159120336175]
        dmean2: [0.0862326622009, 0.0714282020926, 0.0554031915963, 0.0443249493837, 0.0329197198153, 0.0252435952425]
        dvar: [0.00212025293149, 0.00124529970344, 0.000676469993778, 0.000429599662311, 0.000266091374215, 0.000184233795153]
        dvar2: [0.00568829011172, 0.00346220610663, 0.00188393006101, 0.00118774280418, 0.000686267507263, 0.000444875389803]
        max: [-0.301013559103, -0.495839744806, -0.599375128746, -0.545931875706, -0.562149882317, -0.561097323895]
        mean: [-0.62483727932, -0.744205832481, -0.794920444489, -0.800078630447, -0.790508985519, -0.742990791798]
        median: [-0.629968643188, -0.747082471848, -0.798702716827, -0.805502772331, -0.791247785091, -0.742071092129]
        min: [-0.953759074211, -0.974782109261, -0.982602000237, -0.982120573521, -0.978335499763, -0.979697406292]
        var: [0.00547022093087, 0.00345689291134, 0.00190907227807, 0.0015476552071, 0.00129298539832, 0.00182498642243]
    scvalleys:
        dmean: [0.333324581385, 0.337416350842, 0.277574717999, 0.246910005808, 0.216036453843, 0.243549078703]
        dmean2: [0.542699992657, 0.551413059235, 0.441555798054, 0.387939840555, 0.327066779137, 0.384333729744]
        dvar: [0.100953362882, 0.110664576292, 0.06838234514, 0.0627622231841, 0.0639625415206, 0.102836601436]
        dvar2: [0.220846638083, 0.24839527905, 0.131357237697, 0.112665019929, 0.107133090496, 0.22306714952]
        max: [-5.02158594131, -4.21148586273, -5.0996837616, -5.65298461914, -5.55656671524, -7.47147798538]
        mean: [-6.69636869431, -6.49986839294, -6.96924781799, -7.4315404892, -7.0615901947, -9.9625749588]
        median: [-6.49406147003, -6.39873409271, -6.86456108093, -7.11603069305, -6.5929350853, -9.41707706451]
        min: [-27.7132873535, -27.391210556, -27.4366874695, -27.3354606628, -27.3366508484, -27.2605857849]
        var: [0.742218315601, 0.630109906197, 0.614421486855, 1.10037338734, 1.77380132675, 2.19940781593]

rhythm:
    beats_loudness:
        dmean: 0.00123998674098
        dmean2: 0.00215759361163
        dvar: 1.23325355617e-006
        dvar2: 3.69201666217e-006
        max: 0.0115384701639
        mean: 0.00550562888384
        median: 0.00586993433535
        min: 3.60175613423e-006
        var: 5.59941554457e-006
    bpm: 143.122161865
    bpm_confidence: 0
    first_peak_bpm: 144
    first_peak_spread: 0.597826063633
    first_peak_weight: 0.179393932223
    onset_rate: 3.11188054085
    second_peak_bpm: 133
    second_peak_spread: 0.525139689445
    second_peak_weight: 0.10303030163
    beats_loudness_band_ratio:
        dmean: [0.113911561668, 0.154123961926, 0.0663677826524, 0.0383646562696, 0.0765453055501, 0.0600792132318]
        dmean2: [0.199553802609, 0.278361648321, 0.114444807172, 0.0686508119106, 0.13282738626, 0.103945799172]
        dvar: [0.00877690501511, 0.0178344082087, 0.00533280940726, 0.00199310365133, 0.00481127249077, 0.00392350321636]
        dvar2: [0.0279530920088, 0.058366637677, 0.0160493534058, 0.005689621903, 0.0148714641109, 0.0123400529847]
        max: [0.778600335121, 0.884280622005, 0.711685240269, 0.408669829369, 0.574102520943, 0.625461518764]
        mean: [0.193440273404, 0.267487883568, 0.122608758509, 0.0689540058374, 0.225848659873, 0.173201605678]
        median: [0.168096810579, 0.232010498643, 0.0942300185561, 0.0541055761278, 0.226352572441, 0.173100948334]
        min: [0.00671858433634, 0.00833877176046, 0.0134731912985, 0.00620959838852, 0.00115400692448, 4.91269674967e-005]
        var: [0.0141005478799, 0.0251605659723, 0.00949399080127, 0.00292301736772, 0.0115299867466, 0.00715100113302]
