
metadata:
    version:
        essentia: "2.1-beta2"
    audio_properties:
        analysis_sample_rate: 44100
        bitrate: 234
        channels: 2
        equal_loudness: 1
        length: 230.138778687
        replay_gain: -14.4661045074
        downmix: "mix"
    tags:
        album: "One Way Mirror"
        artist: "One Way Mirror"
        comment: ""
        date: "2008"
        genre: "Metal"
        title: "Danger Calling"
        tracknumber: "4"

configuration:
    average_loudness:
        compute: 1
        frameSize: 88200
        hopSize: 44100
        silentFrames: "noise"
        windowType: "hann"
    general:
        analysisSampleRate: 44100
        endTime: 2000
        equalLoudness: 1
        nequalLoudness: 0
        shortSound: 0
        startTime: 0
    lowlevel:
        compute: 1
        frameSize: 2048
        hopSize: 1024
        zeroPadding: 0
        silentFrames: "noise"
        windowType: "blackmanharris62"
        mfccStats: ["mean", "cov", "icov"]
        stats: ["mean", "var", "median", "min", "max", "dmean", "dmean2", "dvar", "dvar2"]
    panning:
        compute: 0
        frameSize: 8192
        hopSize: 2048
        zeroPadding: 8192
        silentFrames: "noise"
        windowType: "hann"
        stats: ["copy"]
    rhythm:
        compute: 1
        maxTempo: 208
        minTempo: 40
        method: "degara"
        stats: ["mean", "var", "median", "min", "max", "dmean", "dmean2", "dvar", "dvar2"]
    segmentation:
        compute: 0
        cpw: 5
        inc1: 300
        inc2: 50
        minimumSegmentsLength: 10
        size1: 1000
        size2: 600
    sfx:
        compute: 1
        stats: ["mean", "var", "median", "min", "max", "dmean", "dmean2", "dvar", "dvar2"]
    svm:
        compute: 0
    tonal:
        compute: 1
        frameSize: 4096
        hopSize: 2048
        zeroPadding: 0
        silentFrames: "noise"
        windowType: "blackmanharris62"
        stats: ["mean", "var", "median", "min", "max", "dmean", "dmean2", "dvar", "dvar2"]

lowlevel:
    average_loudness: 0.955594360828
    barkbands_kurtosis:
        dmean: 0.869210064411
        dmean2: 1.44281888008
        dvar: 2.0171225071
        dvar2: 5.50067138672
        max: 61.2790107727
        mean: -0.294265627861
        median: -0.607501149178
        min: -1.86029684544
        var: 2.76594591141
    barkbands_skewness:
        dmean: 0.368579089642
        dmean2: 0.600055277348
        dvar: 0.123295754194
        dvar2: 0.336924374104
        max: 7.42486381531
        mean: -0.783082962036
        median: -0.789916694164
        min: -4.16680240631
        var: 0.302252411842
    barkbands_spread:
        dmean: 6.59251070023
        dmean2: 10.9466085434
        dvar: 39.2562179565
        dvar2: 107.473487854
        max: 65.7446975708
        mean: 30.1012535095
        median: 29.9086074829
        min: 3.7537791729
        var: 88.3530502319
    dissonance:
        dmean: 0.0069236010313
        dmean2: 0.0118598900735
        dvar: 6.12152725807e-005
        dvar2: 0.000162617769092
        max: 0.499999970198
        mean: 0.48838147521
        median: 0.491782426834
        min: 0.149786010385
        var: 0.000129901527544
    hfc:
        dmean: 3.3562836647
        dmean2: 5.73184967041
        dvar: 15.9631605148
        dvar2: 44.8709259033
        max: 44.4909248352
        mean: 12.949930191
        median: 12.4496927261
        min: 1.17065697253e-016
        var: 24.9174346924
    pitch:
        dmean: 755.709289551
        dmean2: 1415.06884766
        dvar: 1003618.6875
        dvar2: 2511063.75
        max: 4570.54492188
        mean: 1816.64624023
        median: 2627.10791016
        min: 76.8666381836
        var: 1542654.5
    pitch_instantaneous_confidence:
        dmean: 0.0715120360255
        dmean2: 0.118798851967
        dvar: 0.00355775747448
        dvar2: 0.00965736247599
        max: 0.913678050041
        mean: 0.37210547924
        median: 0.345266282558
        min: 0.122098922729
        var: 0.0201424043626
    pitch_salience:
        dmean: 0.0526871941984
        dmean2: 0.0885950177908
        dvar: 0.00217495160177
        dvar2: 0.00607796572149
        max: 0.963360726833
        mean: 0.684309780598
        median: 0.710407733917
        min: 0.194535046816
        var: 0.00876952335238
    silence_rate_20dB:
        dmean: 0
        dmean2: 0
        dvar: 0
        dvar2: 0
        max: 1
        mean: 1
        median: 1
        min: 1
        var: 0
    silence_rate_30dB:
        dmean: 0
        dmean2: 0
        dvar: 0
        dvar2: 0
        max: 1
        mean: 1
        median: 1
        min: 1
        var: 0
    silence_rate_60dB:
        dmean: 0.0199757870287
        dmean2: 0.0399556048214
        dvar: 0.0195751152933
        dvar2: 0.0442069843411
        max: 1
        mean: 0.038938768208
        median: 0
        min: 0
        var: 0.0374238602817
    spectral_centroid:
        dmean: 237.789199829
        dmean2: 393.096405029
        dvar: 60354.203125
        dvar2: 158705.421875
        max: 10882.7314453
        mean: 2065.47363281
        median: 2081.85424805
        min: 142.180145264
        var: 118685.3125
    spectral_complexity:
        dmean: 4.42090415955
        dmean2: 7.21218824387
        dvar: 18.6157016754
        dvar2: 46.9289016724
        max: 54
        mean: 23.1312427521
        median: 23
        min: 0
        var: 60.7468528748
    spectral_crest:
        dmean: 1.48183000088
        dmean2: 2.49279856682
        dvar: 1.92937874794
        dvar2: 5.29606676102
        max: 19.2975234985
        mean: 6.21763277054
        median: 5.59673166275
        min: 2.48357152939
        var: 5.33205413818
    spectral_decrease:
        dmean: 2.80740763969e-010
        dmean2: 4.72293371079e-010
        dvar: 1.16998972005e-019
        dvar2: 3.21988066748e-019
        max: -3.43167493798e-029
        mean: -1.34492683657e-009
        median: -1.30443333912e-009
        min: -3.72330943854e-009
        var: 1.96315240066e-019
    spectral_energy:
        dmean: 0.00132574292365
        dmean2: 0.0022396473214
        dvar: 2.64282812168e-006
        dvar2: 7.29213388695e-006
        max: 0.0174583699554
        mean: 0.00625066738576
        median: 0.00607088487595
        min: 1.07477144109e-020
        var: 4.34749290434e-006
    spectral_energyband_high:
        dmean: 0.000188754580449
        dmean2: 0.000339475169312
        dvar: 8.36770581714e-008
        dvar2: 2.39909184074e-007
        max: 0.00312255229801
        mean: 0.000402485573431
        median: 0.000342902669217
        min: 7.81084114993e-021
        var: 7.56994751328e-008
    spectral_energyband_low:
        dmean: 0.000325084518408
        dmean2: 0.000549688236788
        dvar: 1.63454927815e-007
        dvar2: 4.502288391e-007
        max: 0.00309864641167
        mean: 0.000520317349583
        median: 0.000424103345722
        min: 9.79022011094e-023
        var: 2.03380139396e-007
    spectral_energyband_middle_high:
        dmean: 0.00106940302067
        dmean2: 0.00178442313336
        dvar: 1.22452456708e-006
        dvar2: 3.36057155437e-006
        max: 0.0134650953114
        mean: 0.00436539854854
        median: 0.00425124587491
        min: 1.41119042083e-021
        var: 2.70934287983e-006
    spectral_energyband_middle_low:
        dmean: 0.000474049127661
        dmean2: 0.000783596478868
        dvar: 3.2895906088e-007
        dvar2: 8.99390101949e-007
        max: 0.00696478085592
        mean: 0.0011007754365
        median: 0.000954820890911
        min: 4.32121242164e-022
        var: 4.52887178426e-007
    spectral_flatness_db:
        dmean: 0.0118553964421
        dmean2: 0.0194090437144
        dvar: 0.000109516135126
        dvar2: 0.000278287625406
        max: 0.385871738195
        mean: 0.147834584117
        median: 0.131104946136
        min: 0.0671199560165
        var: 0.00239225453697
    spectral_flux:
        dmean: 0.00668636383489
        dmean2: 0.0104970252141
        dvar: 4.80438939121e-005
        dvar2: 9.75253642537e-005
        max: 0.116115607321
        mean: 0.0480328425765
        median: 0.049143422395
        min: 1.0367118275e-010
        var: 0.000198967958568
    spectral_kurtosis:
        dmean: 1.38516581059
        dmean2: 2.4200527668
        dvar: 2.59959769249
        dvar2: 8.23035812378
        max: 19.1363887787
        mean: 4.25420427322
        median: 3.89679312706
        min: -1.20981872082
        var: 3.79908180237
    spectral_rms:
        dmean: 0.00025425243075
        dmean2: 0.000422962824814
        dvar: 7.95394541342e-008
        dvar2: 2.10705863424e-007
        max: 0.00412705168128
        mean: 0.00243294844404
        median: 0.00243368325755
        min: 3.23814369416e-012
        var: 1.78944475238e-007
    spectral_rolloff:
        dmean: 230.534835815
        dmean2: 391.548858643
        dvar: 92980.21875
        dvar2: 220986.84375
        max: 18497.0214844
        mean: 3303.33178711
        median: 3273.046875
        min: 107.666015625
        var: 146323.53125
    spectral_skewness:
        dmean: 0.181502610445
        dmean2: 0.310863137245
        dvar: 0.029805848375
        dvar2: 0.0903328880668
        max: 2.76695609093
        mean: 1.35479211807
        median: 1.36651432514
        min: 0.00152327516116
        var: 0.0640575364232
    spectral_spread:
        dmean: 380079.59375
        dmean2: 611708.5
        dvar: 225038663680
        dvar2: 432845881344
        max: 39701972
        mean: 3995066.75
        median: 4060850.25
        min: 1668719.25
        var: 1.15806856806e+012
    spectral_strongpeak:
        dmean: 0.681210041046
        dmean2: 1.19971930981
        dvar: 0.614820361137
        dvar2: 1.60742104053
        max: 8.51878452301
        mean: 1.05882322788
        median: 0.48431161046
        min: 1.93244154012e-009
        var: 1.63269722462
    zerocrossingrate:
        dmean: 0.00597297213972
        dmean2: 0.00793596170843
        dvar: 5.08166049258e-005
        dvar2: 7.02389515936e-005
        max: 0.4970703125
        mean: 0.109123937786
        median: 0.109375
        min: 0.0185546875
        var: 0.000190546066733
    barkbands:
        dmean: [3.96333376784e-007, 0.000148171136971, 0.000195071464987, 0.000133688634378, 0.000274089485174, 6.58468634356e-005, 7.13278568583e-005, 2.73072528216e-005, 0.000100765879324, 0.000108774853288, 9.55728537519e-005, 0.000133580208058, 0.000120214943308, 0.000126632730826, 0.00010576472414, 0.000298313505482, 0.000382819969673, 0.000329402042553, 0.000298449682305, 0.000141452852404, 8.29522396089e-005, 5.47946547158e-005, 7.32560692995e-006, 3.85658086088e-006, 7.39449035336e-007, 3.57780187699e-008, 4.05669497994e-010]
        dmean2: [6.1798959905e-007, 0.000260655448074, 0.000332162017003, 0.000224291245104, 0.000455603498267, 0.000111006593215, 0.000119868702313, 4.61429735878e-005, 0.000159399671247, 0.000177240552148, 0.000159223360242, 0.000220458139665, 0.000200868322281, 0.000213221064769, 0.000179187016329, 0.00049725867575, 0.000641606049612, 0.000549406337086, 0.000501536822412, 0.000246959272772, 0.000146504768054, 0.000101378245745, 1.28178353407e-005, 6.65150628265e-006, 1.21309233236e-006, 5.8980358375e-008, 6.97405244665e-010]
        dvar: [2.68069610563e-013, 5.47225766923e-008, 5.97655258616e-008, 2.52166110215e-008, 1.40970897178e-007, 9.95079663113e-009, 1.87869595436e-008, 2.08378403421e-009, 3.31944001175e-008, 4.33197691052e-008, 3.64342866987e-008, 8.03147699457e-008, 4.48114150231e-008, 3.76892828058e-008, 2.19823537151e-008, 9.86935546621e-008, 1.55639057198e-007, 1.14041142751e-007, 1.08286641876e-007, 5.23990522083e-008, 1.55326755902e-008, 7.61330998245e-009, 9.61560692181e-011, 2.72535292944e-011, 1.12797856992e-012, 3.30806091748e-015, 2.1859602195e-019]
        dvar2: [6.28257211879e-013, 1.5145256782e-007, 1.66896597875e-007, 6.64128236849e-008, 3.78290337721e-007, 2.70867825947e-008, 4.93572827054e-008, 5.3249920029e-009, 7.42267687315e-008, 1.02704412086e-007, 9.80696341912e-008, 2.03922311925e-007, 1.16562226538e-007, 9.96050104618e-008, 5.99439218263e-008, 2.64055074695e-007, 4.29830208759e-007, 3.05906326048e-007, 2.95843165077e-007, 1.4970079576e-007, 4.45174563879e-008, 2.15509317059e-008, 2.58730398217e-010, 7.30029439677e-011, 2.67824933238e-012, 8.06671234395e-015, 5.73393380514e-019]
        max: [4.19514935857e-006, 0.00166187132709, 0.00234587024897, 0.00183851690963, 0.00395928369835, 0.00141679879744, 0.00179336045403, 0.000951751309913, 0.00355940544978, 0.00466503482312, 0.00351504795253, 0.00522636901587, 0.0033020847477, 0.00376527477056, 0.00248817354441, 0.00626097479835, 0.00553254969418, 0.0060317395255, 0.00772970588878, 0.00300251506269, 0.00207750219852, 0.000855298188981, 0.000124297410366, 6.23884116067e-005, 1.50779851538e-005, 1.00461306829e-006, 9.10440078883e-009]
        mean: [5.50162724267e-007, 0.000149310100824, 0.000273990735877, 0.000190845166799, 0.000409691710956, 0.000100741657661, 0.000101588091638, 3.77553769795e-005, 0.000190163118532, 0.000166546567925, 0.000142763703479, 0.000212913859286, 0.000186814388144, 0.00021505485347, 0.000203731557122, 0.000689303211402, 0.000897722726222, 0.000825619790703, 0.000701258308254, 0.000285826099571, 0.000175071167178, 7.05148413545e-005, 1.4067988559e-005, 7.13344661563e-006, 1.60963202234e-006, 6.92503618893e-008, 7.5900419283e-010]
        median: [2.73503303561e-007, 7.79566471465e-005, 0.000198527326575, 0.000134187794174, 0.000280303123873, 6.19053971604e-005, 4.34043795394e-005, 2.29981160373e-005, 7.19271920389e-005, 8.04565352155e-005, 5.71522468817e-005, 0.00010147622379, 9.28461668082e-005, 0.000131134307594, 0.000147043174366, 0.000567495531868, 0.000790963415056, 0.000691699329764, 0.000617668207269, 0.000233436498092, 0.000146083591972, 4.83062613057e-005, 1.15554285003e-005, 4.94112418892e-006, 1.20852917007e-006, 4.99351493488e-008, 5.94654159247e-010]
        min: [4.09403916116e-023, 4.17234244124e-023, 3.23331839173e-023, 6.20821857268e-024, 1.68074780197e-022, 7.31901108896e-023, 7.90530324223e-023, 1.59920911932e-023, 5.9840527024e-023, 8.94608782417e-023, 9.52920497006e-023, 1.32098330541e-022, 8.08189575121e-023, 6.66145071716e-023, 1.26578550881e-022, 1.20589367427e-022, 2.38370011378e-022, 1.64293119857e-022, 1.89208338604e-022, 2.05022778322e-022, 8.00291285167e-022, 3.67580606136e-022, 3.76413020997e-022, 1.04928113138e-021, 1.30414939235e-021, 1.77279143606e-021, 2.26698560588e-021]
        var: [4.63406819428e-013, 4.43902123948e-008, 7.627087939e-008, 3.74014028637e-008, 1.87430330811e-007, 1.47621292967e-008, 2.52448533189e-008, 2.80791501162e-009, 9.01409080711e-008, 8.89104256885e-008, 6.38691375343e-008, 1.44608890196e-007, 6.97674948924e-008, 7.26170483745e-008, 3.9046383904e-008, 2.82964975895e-007, 3.69665286826e-007, 3.18429499657e-007, 1.84371998557e-007, 4.84274238488e-008, 1.56507109494e-008, 5.86160675553e-009, 1.62442864715e-010, 5.5717475772e-011, 2.88615572414e-012, 6.20737211022e-015, 4.78508423027e-019]
    frequency_bands:
        dmean: [3.96333376784e-007, 0.000148171136971, 0.000195071464987, 0.000133688634378, 0.000274089485174, 6.58468634356e-005, 7.13278568583e-005, 2.73072528216e-005, 0.000100765879324, 0.000108774853288, 9.55728537519e-005, 0.000133580208058, 0.000120214943308, 0.000126632730826, 0.00010576472414, 0.000298313505482, 0.000382819969673, 0.000329402042553, 0.000298449682305, 0.000141452852404, 8.29522396089e-005, 5.47946547158e-005, 7.32560692995e-006, 3.85658086088e-006, 7.39449035336e-007, 3.57780187699e-008, 4.05669497994e-010, 7.14528020085e-011]
        dmean2: [6.1798959905e-007, 0.000260655448074, 0.000332162017003, 0.000224291245104, 0.000455603498267, 0.000111006593215, 0.000119868702313, 4.61429735878e-005, 0.000159399671247, 0.000177240552148, 0.000159223360242, 0.000220458139665, 0.000200868322281, 0.000213221064769, 0.000179187016329, 0.00049725867575, 0.000641606049612, 0.000549406337086, 0.000501536822412, 0.000246959272772, 0.000146504768054, 0.000101378245745, 1.28178353407e-005, 6.65150628265e-006, 1.21309233236e-006, 5.8980358375e-008, 6.97405244665e-010, 1.3307774327e-010]
        dvar: [2.68069610563e-013, 5.47225766923e-008, 5.97655258616e-008, 2.52166110215e-008, 1.40970897178e-007, 9.95079663113e-009, 1.87869595436e-008, 2.08378403421e-009, 3.31944001175e-008, 4.33197691052e-008, 3.64342866987e-008, 8.03147699457e-008, 4.48114150231e-008, 3.76892828058e-008, 2.19823537151e-008, 9.86935546621e-008, 1.55639057198e-007, 1.14041142751e-007, 1.08286641876e-007, 5.23990522083e-008, 1.55326755902e-008, 7.61330998245e-009, 9.61560692181e-011, 2.72535292944e-011, 1.12797856992e-012, 3.30806091748e-015, 2.1859602195e-019, 7.99435730806e-021]
        dvar2: [6.28257211879e-013, 1.5145256782e-007, 1.66896597875e-007, 6.64128236849e-008, 3.78290337721e-007, 2.70867825947e-008, 4.93572827054e-008, 5.3249920029e-009, 7.42267687315e-008, 1.02704412086e-007, 9.80696341912e-008, 2.03922311925e-007, 1.16562226538e-007, 9.96050104618e-008, 5.99439218263e-008, 2.64055074695e-007, 4.29830208759e-007, 3.05906326048e-007, 2.95843165077e-007, 1.4970079576e-007, 4.45174563879e-008, 2.15509317059e-008, 2.58730398217e-010, 7.30029439677e-011, 2.67824933238e-012, 8.06671234395e-015, 5.73393380514e-019, 2.50683740853e-020]
        max: [4.19514935857e-006, 0.00166187132709, 0.00234587024897, 0.00183851690963, 0.00395928369835, 0.00141679879744, 0.00179336045403, 0.000951751309913, 0.00355940544978, 0.00466503482312, 0.00351504795253, 0.00522636901587, 0.0033020847477, 0.00376527477056, 0.00248817354441, 0.00626097479835, 0.00553254969418, 0.0060317395255, 0.00772970588878, 0.00300251506269, 0.00207750219852, 0.000855298188981, 0.000124297410366, 6.23884116067e-005, 1.50779851538e-005, 1.00461306829e-006, 9.10440078883e-009, 8.49337711273e-010]
        mean: [5.50162724267e-007, 0.000149310100824, 0.000273990735877, 0.000190845166799, 0.000409691710956, 0.000100741657661, 0.000101588091638, 3.77553769795e-005, 0.000190163118532, 0.000166546567925, 0.000142763703479, 0.000212913859286, 0.000186814388144, 0.00021505485347, 0.000203731557122, 0.000689303211402, 0.000897722726222, 0.000825619790703, 0.000701258308254, 0.000285826099571, 0.000175071167178, 7.05148413545e-005, 1.4067988559e-005, 7.13344661563e-006, 1.60963202234e-006, 6.92503618893e-008, 7.5900419283e-010, 5.56644799699e-011]
        median: [2.73503303561e-007, 7.79566471465e-005, 0.000198527326575, 0.000134187794174, 0.000280303123873, 6.19053971604e-005, 4.34043795394e-005, 2.29981160373e-005, 7.19271920389e-005, 8.04565352155e-005, 5.71522468817e-005, 0.00010147622379, 9.28461668082e-005, 0.000131134307594, 0.000147043174366, 0.000567495531868, 0.000790963415056, 0.000691699329764, 0.000617668207269, 0.000233436498092, 0.000146083591972, 4.83062613057e-005, 1.15554285003e-005, 4.94112418892e-006, 1.20852917007e-006, 4.99351493488e-008, 5.94654159247e-010, 2.43591657262e-011]
        min: [4.09403916116e-023, 4.17234244124e-023, 3.23331839173e-023, 6.20821857268e-024, 1.68074780197e-022, 7.31901108896e-023, 7.90530324223e-023, 1.59920911932e-023, 5.9840527024e-023, 8.94608782417e-023, 9.52920497006e-023, 1.32098330541e-022, 8.08189575121e-023, 6.66145071716e-023, 1.26578550881e-022, 1.20589367427e-022, 2.38370011378e-022, 1.64293119857e-022, 1.89208338604e-022, 2.05022778322e-022, 8.00291285167e-022, 3.67580606136e-022, 3.76413020997e-022, 1.04928113138e-021, 1.30414939235e-021, 1.77279143606e-021, 2.26698560588e-021, 7.84517702134e-022]
        var: [4.63406819428e-013, 4.43902123948e-008, 7.627087939e-008, 3.74014028637e-008, 1.87430330811e-007, 1.47621292967e-008, 2.52448533189e-008, 2.80791501162e-009, 9.01409080711e-008, 8.89104256885e-008, 6.38691375343e-008, 1.44608890196e-007, 6.97674948924e-008, 7.26170483745e-008, 3.9046383904e-008, 2.82964975895e-007, 3.69665286826e-007, 3.18429499657e-007, 1.84371998557e-007, 4.84274238488e-008, 1.56507109494e-008, 5.86160675553e-009, 1.62442864715e-010, 5.5717475772e-011, 2.88615572414e-012, 6.20737211022e-015, 4.78508423027e-019, 6.64043874431e-021]
    mfcc:
        mean: [-679.405151367, 90.0247879028, -68.9771728516, 55.9729537964, -0.680104136467, 3.34936833382, -0.845219433308, 7.81295776367, 0.006608676631, -8.03438472748, -6.6331205368, -3.20978879929, -8.63159751892]
        cov: [[1510.97143555, -60.1037864685, 439.371276855, -191.047332764, 150.120346069, 252.925521851, 95.6839599609, 122.795059204, -137.875076294, -65.013458252, -86.4509429932, -108.24331665, 16.4943904877], [-60.1037864685, 389.363983154, -111.422912598, 158.790802002, 76.7706985474, -12.2462778091, 20.0044460297, -24.6278400421, 37.7378807068, -41.5826416016, 8.33492088318, 6.51686859131, -19.0336112976], [439.371276855, -111.422912598, 525.816711426, -47.698802948, 192.268188477, 211.61390686, 85.464515686, 105.48374176, -119.867370605, -14.9150524139, -67.2851409912, -51.3120765686, 40.8458251953], [-191.047332764, 158.790802002, -47.698802948, 311.832977295, 126.307922363, -25.5153465271, -55.9023590088, -37.9703369141, 50.3034973145, -8.54157924652, 4.0822763443, 12.7329235077, 4.41042518616], [150.120346069, 76.7706985474, 192.268188477, 126.307922363, 256.334442139, 121.864242554, 27.7973327637, 49.2085838318, -29.9102611542, -0.576135993004, -32.8888549805, -20.2746257782, 15.1955947876], [252.925521851, -12.2462778091, 211.61390686, -25.5153465271, 121.864242554, 188.146453857, 100.267410278, 72.5867156982, -62.5256271362, -18.8035736084, -36.5970878601, -29.1137695313, 23.5075206757], [95.6839599609, 20.0044460297, 85.464515686, -55.9023590088, 27.7973327637, 100.267410278, 137.68069458, 73.7002334595, -22.9745483398, -20.769487381, -13.0604362488, -9.78425502777, 13.8290710449], [122.795059204, -24.6278400421, 105.48374176, -37.9703369141, 49.2085838318, 72.5867156982, 73.7002334595, 127.875114441, 6.47371149063, 20.7894039154, -16.5588855743, -4.22763442993, 0.989030838013], [-137.875076294, 37.7378807068, -119.867370605, 50.3034973145, -29.9102611542, -62.5256271362, -22.9745483398, 6.47371149063, 116.097618103, 35.1768341064, 32.3178024292, 11.7525930405, -11.2670202255], [-65.013458252, -41.5826416016, -14.9150524139, -8.54157924652, -0.576135993004, -18.8035736084, -20.769487381, 20.7894039154, 35.1768341064, 94.0349807739, 30.9579620361, 14.6438579559, -17.498878479], [-86.4509429932, 8.33492088318, -67.2851409912, 4.0822763443, -32.8888549805, -36.5970878601, -13.0604362488, -16.5588855743, 32.3178024292, 30.9579620361, 88.9921722412, 34.7414703369, -4.51607227325], [-108.24331665, 6.51686859131, -51.3120765686, 12.7329235077, -20.2746257782, -29.1137695313, -9.78425502777, -4.22763442993, 11.7525930405, 14.6438579559, 34.7414703369, 79.0251998901, 30.8264122009], [16.4943904877, -19.0336112976, 40.8458251953, 4.41042518616, 15.1955947876, 23.5075206757, 13.8290710449, 0.989030838013, -11.2670202255, -17.498878479, -4.51607227325, 30.8264122009, 87.6226806641]]
        icov: [[0.00115292158443, -0.000399493233999, -0.000442896882305, 0.000900161685422, -8.74611650943e-005, -0.00106369401328, 0.00131901632994, -0.000815115869045, 0.000104200837086, 0.000769979204051, -0.000341718579875, 0.000967410975136, -0.000231882164371], [-0.000399493233999, 0.00463747419417, 0.00134104851168, -0.0016803604085, -0.00207144976594, 0.00115219701547, -0.0031112562865, 0.00127274903934, -0.000729095307179, 0.00188563391566, -0.000130255430122, -0.00106699054595, 0.00172028248198], [-0.000442896882305, 0.00134104851168, 0.00560389086604, -3.33513198711e-005, -0.00241917464882, -0.00199220073409, 0.000518670247402, -0.00224466179498, 0.00318699842319, -0.000348063913407, -0.000214311410673, 0.00184842199087, -0.00165949214716], [0.000900161685422, -0.0016803604085, -3.33513198711e-005, 0.00777198234573, -0.00470681861043, -4.05142673117e-005, 0.00301266717725, 0.00106013985351, -0.00314361345954, 0.00212614634074, 0.000128259052872, -0.00054014835041, -0.000353401032044], [-8.74611650943e-005, -0.00207144976594, -0.00241917464882, -0.00470681861043, 0.0119806118309, -0.00611359998584, 0.00308570382185, -0.00215103267692, 0.00112273183186, -0.0026133460924, 0.000739823211916, 0.000509292411152, -0.000487699871883], [-0.00106369401328, 0.00115219701547, -0.00199220073409, -4.05142673117e-005, -0.00611359998584, 0.0206155404449, -0.0112571734935, 8.83791508386e-005, 0.0034985835664, -0.000968318548985, 8.34822567413e-005, 0.00212288694456, -0.00179969682358], [0.00131901632994, -0.0031112562865, 0.000518670247402, 0.00301266717725, 0.00308570382185, -0.0112571734935, 0.0210900399834, -0.00940148532391, 0.000263693335, 0.00460042385384, -0.0027772388421, 0.00171815510839, -0.00184996752068], [-0.000815115869045, 0.00127274903934, -0.00224466179498, 0.00106013985351, -0.00215103267692, 8.83791508386e-005, -0.00940148532391, 0.0186234079301, -0.00680768536404, -0.00401297910139, 0.00474846176803, -0.00521317822859, 0.00344780134037], [0.000104200837086, -0.000729095307179, 0.00318699842319, -0.00314361345954, 0.00112273183186, 0.0034985835664, 0.000263693335, -0.00680768536404, 0.0178234409541, -0.00461096782237, -0.00367227592506, 0.00509631168097, -0.00321468291804], [0.000769979204051, 0.00188563391566, -0.000348063913407, 0.00212614634074, -0.0026133460924, -0.000968318548985, 0.00460042385384, -0.00401297910139, -0.00461096782237, 0.0182579942048, -0.00469619501382, -0.00256006675772, 0.00406407564878], [-0.000341718579875, -0.000130255430122, -0.000214311410673, 0.000128259052872, 0.000739823211916, 8.34822567413e-005, -0.0027772388421, 0.00474846176803, -0.00367227592506, -0.00469619501382, 0.0177135597914, -0.00788770616055, 0.00264135561883], [0.000967410975136, -0.00106699054595, 0.00184842199087, -0.00054014835041, 0.000509292411152, 0.00212288694456, 0.00171815510839, -0.00521317822859, 0.00509631168097, -0.00256006675772, -0.00788770616055, 0.0235452298075, -0.0106644229963], [-0.000231882164371, 0.00172028248198, -0.00165949214716, -0.000353401032044, -0.000487699871883, -0.00179969682358, -0.00184996752068, 0.00344780134037, -0.00321468291804, 0.00406407564878, 0.00264135561883, -0.0106644229963, 0.017727965489]]
    sccoeffs:
        dmean: [0.0548796318471, 0.0461899116635, 0.0371600724757, 0.0300662219524, 0.0216280911118, 0.0177107788622]
        dmean2: [0.0931892618537, 0.0769150033593, 0.0620124526322, 0.0506266467273, 0.0362616963685, 0.0293185804039]
        dvar: [0.00189706473611, 0.00139248056803, 0.000925279222429, 0.000560255721211, 0.000294055556878, 0.000263121793978]
        dvar2: [0.00532270874828, 0.00380760058761, 0.0024915128015, 0.00155610940419, 0.000832875201013, 0.000697567826137]
        max: [-0.352592617273, -0.39760813117, -0.413165360689, -0.432068765163, -0.519459366798, -0.55924487114]
        mean: [-0.669522464275, -0.766384720802, -0.777500450611, -0.77091473341, -0.753859341145, -0.723112344742]
        median: [-0.671307206154, -0.787184476852, -0.804409086704, -0.785257160664, -0.762268781662, -0.731895565987]
        min: [-0.957510709763, -0.983123362064, -0.979184925556, -0.968601346016, -0.9582888484, -0.9617806077]
        var: [0.00387869589031, 0.00777302542701, 0.00795829016715, 0.00410321075469, 0.00224575190805, 0.0018719881773]
    scvalleys:
        dmean: [0.410038739443, 0.378295749426, 0.303665846586, 0.246408805251, 0.202764958143, 0.246181070805]
        dmean2: [0.677516460419, 0.632454872131, 0.498166680336, 0.404953956604, 0.336676180363, 0.417577117682]
        dvar: [0.154534474015, 0.126364126801, 0.0908212438226, 0.0795940607786, 0.0709827393293, 0.096465729177]
        dvar2: [0.321661859751, 0.291230171919, 0.188733950257, 0.155660375953, 0.137230634689, 0.224032491446]
        max: [-5.04225158691, -5.02932786942, -4.92881774902, -5.32150793076, -5.30946826935, -7.98071098328]
        mean: [-6.74301576614, -7.00046205521, -6.75216245651, -6.66004562378, -6.60029363632, -9.54346752167]
        median: [-6.44750356674, -6.8416929245, -6.58967876434, -6.49965620041, -6.48108196259, -9.23499107361]
        min: [-27.1865615845, -27.2235412598, -27.442987442, -27.3197898865, -27.1190910339, -27.2140464783]
        var: [1.09555494785, 0.671389698982, 0.717102766037, 0.525575757027, 0.353022009134, 0.921835780144]

rhythm:
    beats_loudness:
        dmean: 0.00124931230675
        dmean2: 0.00216421904042
        dvar: 9.19662340948e-007
        dvar2: 2.69240308626e-006
        max: 0.0111999595538
        mean: 0.00654923683032
        median: 0.00641511380672
        min: 0.00152239820454
        var: 2.17080150833e-006
    bpm: 104.554718018
    bpm_confidence: 0
    first_peak_bpm: 105
    first_peak_spread: 0.535294115543
    first_peak_weight: 0.39205956459
    onset_rate: 2.3377199173
    second_peak_bpm: 120
    second_peak_spread: 0.558823525906
    second_peak_weight: 0.0372208431363
    beats_loudness_band_ratio:
        dmean: [0.0763473585248, 0.05708071962, 0.0384354218841, 0.0846031978726, 0.107987821102, 0.0530851148069]
        dmean2: [0.131490036845, 0.100370176136, 0.0672791451216, 0.151162147522, 0.190759509802, 0.0896610990167]
        dvar: [0.00725138233975, 0.00326751125976, 0.00257769343443, 0.00994987785816, 0.00717105297372, 0.00184523232747]
        dvar2: [0.0186183135957, 0.00937998667359, 0.00722772348672, 0.0307382438332, 0.0225789826363, 0.00515997642651]
        max: [0.974481105804, 0.463255047798, 0.340065091848, 0.639305889606, 0.796807289124, 0.439984053373]
        mean: [0.129070237279, 0.0846516191959, 0.0632912814617, 0.130246967077, 0.450917512178, 0.172380641103]
        median: [0.114031851292, 0.072918087244, 0.0399040058255, 0.0934691876173, 0.451925963163, 0.169502809644]
        min: [3.51134149241e-005, 4.63129072159e-005, 0.000524398579728, 0.00115973385982, 0.00292597734369, 0.003254664829]
        var: [0.00984481722116, 0.00398344872519, 0.00400619069114, 0.0112330531701, 0.0143576096743, 0.00292939250357]
    beats_position: [0.603718817234, 1.20743763447, 1.82276642323, 2.41487526894, 2.99537420273, 3.5758728981, 4.15637159348, 4.73687076569, 5.31736946106, 5.89786815643, 6.46675729752, 7.03564596176, 7.59292507172, 8.17342376709, 8.75392246246, 9.32281208038, 9.90331077576, 10.4838094711, 11.0526981354, 11.6215867996, 12.1904764175, 12.7593650818, 13.328253746, 13.9087524414, 14.4892511368, 15.0697498322, 15.6386394501, 16.2075271606, 16.7764167786, 17.3453063965, 17.9258041382, 18.5179138184, 19.1100215912, 19.6905212402, 20.2710208893, 20.8747386932, 21.4784584045, 22.0821762085, 22.6626758575, 23.2431735992, 23.8236732483, 24.40417099, 24.984670639, 25.5651702881, 26.1340579987, 26.7029476166, 27.2834453583, 27.8523349762, 28.4212245941, 28.9901123047, 29.5590019226, 30.1394996643, 30.7199993134, 31.2888889313, 31.8577766418, 32.4382743835, 33.0187759399, 33.5876655579, 34.1565513611, 34.725440979, 35.2943305969, 35.8748283386, 36.4437179565, 37.0126075745, 37.5931053162, 38.1736030579, 38.7541046143, 39.3229942322, 39.9034919739, 40.4723815918, 41.041267395, 41.6101570129, 42.1790466309, 42.7595443726, 43.340045929, 43.9089317322, 44.4894332886, 45.0699310303, 45.650428772, 46.2193183899, 46.7882080078, 47.3687057495, 47.9492073059, 48.5180931091, 49.0869827271, 49.655872345, 50.2247619629, 50.7936515808, 51.3741493225, 51.9430389404, 52.5235366821, 53.0924263, 53.661315918, 54.2418136597, 54.8223114014, 55.3912010193, 55.971698761, 56.5522003174, 57.1210861206, 57.701587677, 58.2704734802, 58.8277549744, 59.3850326538, 59.9307022095, 60.4763717651, 61.0220413208, 61.590927124, 62.1598167419, 62.7287063599, 63.2975959778, 63.8780937195, 64.4469833374, 65.0274810791, 65.5963668823, 66.1652603149, 66.7341461182, 67.3146438599, 67.8835372925, 68.4524230957, 69.0329208374, 69.6134262085, 70.1939239502, 70.7628097534, 71.3316955566, 71.9122009277, 72.4926986694, 73.0731964111, 73.6536941528, 74.2225799561, 74.7914733887, 75.3603591919, 75.9292526245, 76.5097503662, 77.0902481079, 77.6823577881, 78.2860794067, 78.9014053345, 79.5051269531, 80.0856246948, 80.654510498, 81.2233963013, 81.8039016724, 82.3843994141, 82.9648971558, 83.5453948975, 84.1142807007, 84.6831741333, 85.2520599365, 85.8209533691, 86.3898391724, 86.9587249756, 87.5392303467, 88.1197280884, 88.7002258301, 89.2691116333, 89.8380050659, 90.4185028076, 90.9990005493, 91.579498291, 92.1483917236, 92.7172775269, 93.2977752686, 93.8782730103, 94.458770752, 95.039276123, 95.5965499878, 96.1654434204, 96.7343292236, 97.2799987793, 97.825668335, 98.3713378906, 98.9170074463, 99.4858932495, 100.054779053, 100.635284424, 101.215782166, 101.784667969, 102.353561401, 102.922447205, 103.502944946, 104.071838379, 104.652336121, 105.232833862, 105.813331604, 106.393829346, 106.974327087, 107.54322052, 108.112106323, 108.669387817, 109.226661682, 109.795555115, 110.364440918, 110.933334351, 111.502220154, 112.082717896, 112.663215637, 113.243713379, 113.82421875, 114.404716492, 114.985214233, 115.554100037, 116.122993469, 116.703491211, 117.283988953, 117.852874756, 118.421768188, 119.00226593, 119.582763672, 120.163261414, 120.720542908, 121.301040649, 121.881538391, 122.450431824, 123.019317627, 123.58820343, 124.157096863, 124.737594604, 125.329704285, 125.921813965, 126.47908783, 127.036369324, 127.605255127, 128.185760498, 128.76625061, 129.35836792, 129.938858032, 130.519363403, 131.088256836, 131.65713501, 132.214416504, 132.783309937, 133.352203369, 133.921081543, 134.489974976, 135.070480347, 135.650970459, 136.219863892, 136.800354004, 137.369247437, 137.949752808, 138.53024292, 139.110748291, 139.679641724, 140.248519897, 140.81741333, 141.386306763, 141.966796875, 142.547302246, 143.11618042, 143.685073853, 144.253967285, 144.822860718, 145.391738892, 145.960632324, 146.541137695, 147.121627808, 147.702133179, 148.282623291, 148.863128662, 149.443618774, 150.012512207, 150.58140564, 151.150299072, 151.719177246, 152.299682617, 152.880172729, 153.460678101, 154.06439209, 154.668121338, 155.271835327, 155.875549316, 156.456054688, 157.024932861, 157.605438232, 158.174331665, 158.754821777, 159.335327148, 159.904220581, 160.473098755, 161.041992188, 161.622497559, 162.191375732, 162.771881104, 163.352371216, 163.921264648, 164.490158081, 165.070648193, 165.651153564, 166.231658936, 166.812149048, 167.38104248, 167.949935913, 168.518814087, 169.08770752, 169.668212891, 170.237091064, 170.805984497, 171.363265991, 171.955368042, 172.524261475, 173.104751587, 173.67364502, 174.242538452, 174.823028564, 175.403533936, 175.984039307, 176.564529419, 177.133422852, 177.702316284, 178.25958252, 178.840087891, 179.420593262, 179.989471436, 180.558364868, 181.138870239, 181.719360352, 182.288253784, 182.868743896, 183.437637329, 184.006530762, 184.575408936, 185.155914307, 185.736419678, 186.31690979, 186.885803223, 187.454696655, 188.035186768, 188.6040802, 189.172973633, 189.753463745, 190.333969116, 190.914459229, 191.483352661, 192.052246094, 192.621124268, 193.201629639, 193.770523071, 194.351013184, 194.919906616, 195.500411987, 196.069290161, 196.649795532, 197.230285645, 197.810791016, 198.402893066, 198.995010376, 199.563903809, 200.132781982, 200.701675415, 201.270568848, 201.839447021, 202.431564331, 203.023666382, 203.615783691, 204.207885742, 204.800003052, 205.276000977, 205.763626099, 206.251235962, 206.738861084, 207.214874268, 207.702484131, 208.201721191, 208.700942993, 209.188568115, 209.687789917, 210.175415039, 210.6746521, 211.18548584, 211.69631958, 212.195556641, 212.694778442, 213.182403564, 213.681625366, 214.192474365, 214.691696167, 215.190933228, 215.690155029, 216.189376831, 216.688613892, 217.187835693, 217.687072754, 218.186294556, 218.708755493, 219.231201172, 219.753646851, 220.334152222, 220.914642334, 221.518356323, 222.122085571, 222.725799561, 223.283081055, 223.840362549, 224.386032104, 224.873641968, 225.36126709, 225.883712769, 226.394546509, 226.905395508, 227.416229248, 227.927078247, 228.437911987, 228.948745728, 229.459594727]
