
metadata:
    version:
        essentia: "2.1-beta2"
    audio_properties:
        analysis_sample_rate: 44100
        bitrate: 232
        channels: 2
        equal_loudness: 1
        length: 350.328155518
        replay_gain: -15.6726112366
        downmix: "mix"
    tags:
        album: "One Way Mirror"
        artist: "One Way Mirror"
        comment: ""
        date: "2008"
        genre: "Metal"
        title: "Keeping Me Away"
        tracknumber: "7"

configuration:
    average_loudness:
        compute: 1
        frameSize: 88200
        hopSize: 44100
        silentFrames: "noise"
        windowType: "hann"
    general:
        analysisSampleRate: 44100
        endTime: 2000
        equalLoudness: 1
        nequalLoudness: 0
        shortSound: 0
        startTime: 0
    lowlevel:
        compute: 1
        frameSize: 2048
        hopSize: 1024
        zeroPadding: 0
        silentFrames: "noise"
        windowType: "blackmanharris62"
        mfccStats: ["mean", "cov", "icov"]
        stats: ["mean", "var", "median", "min", "max", "dmean", "dmean2", "dvar", "dvar2"]
    panning:
        compute: 0
        frameSize: 8192
        hopSize: 2048
        zeroPadding: 8192
        silentFrames: "noise"
        windowType: "hann"
        stats: ["copy"]
    rhythm:
        compute: 1
        maxTempo: 208
        minTempo: 40
        method: "degara"
        stats: ["mean", "var", "median", "min", "max", "dmean", "dmean2", "dvar", "dvar2"]
    segmentation:
        compute: 0
        cpw: 5
        inc1: 300
        inc2: 50
        minimumSegmentsLength: 10
        size1: 1000
        size2: 600
    sfx:
        compute: 1
        stats: ["mean", "var", "median", "min", "max", "dmean", "dmean2", "dvar", "dvar2"]
    svm:
        compute: 0
    tonal:
        compute: 1
        frameSize: 4096
        hopSize: 2048
        zeroPadding: 0
        silentFrames: "noise"
        windowType: "blackmanharris62"
        stats: ["mean", "var", "median", "min", "max", "dmean", "dmean2", "dvar", "dvar2"]

lowlevel:
    average_loudness: 0.947174072266
    barkbands_kurtosis:
        dmean: 1.19983708858
        dmean2: 1.99937057495
        dvar: 1.79476988316
        dvar2: 4.636739254
        max: 25.5905685425
        mean: 0.434181809425
        median: 0.0410871431231
        min: -1.89839088917
        var: 3.20134115219
    barkbands_skewness:
        dmean: 0.410761594772
        dmean2: 0.674228668213
        dvar: 0.128057986498
        dvar2: 0.339811325073
        max: 1.88884294033
        mean: -1.02334856987
        median: -1.02153754234
        min: -4.67667245865
        var: 0.32440212369
    barkbands_spread:
        dmean: 7.03088617325
        dmean2: 11.7174711227
        dvar: 45.1516113281
        dvar2: 122.078468323
        max: 75.8338394165
        mean: 26.1755886078
        median: 24.5490665436
        min: 2.07647037506
        var: 93.4326019287
    dissonance:
        dmean: 0.00750714214519
        dmean2: 0.0130183007568
        dvar: 8.53015881148e-005
        dvar2: 0.000241101777647
        max: 0.500000119209
        mean: 0.489193499088
        median: 0.492622673512
        min: 0.361994832754
        var: 0.000130791289848
    hfc:
        dmean: 3.11924910545
        dmean2: 5.24040412903
        dvar: 12.6807403564
        dvar2: 32.1312103271
        max: 66.0061721802
        mean: 12.3235492706
        median: 11.9565296173
        min: 1.06144477947e-016
        var: 35.2912063599
    pitch:
        dmean: 680.093566895
        dmean2: 1266.02160645
        dvar: 869803.3125
        dvar2: 2212190.25
        max: 4843.62792969
        mean: 2063.41601563
        median: 2728.65771484
        min: 77.0152053833
        var: 1336229.75
    pitch_instantaneous_confidence:
        dmean: 0.0814023017883
        dmean2: 0.135803520679
        dvar: 0.00427549378946
        dvar2: 0.0115690752864
        max: 0.906973898411
        mean: 0.371638894081
        median: 0.368428349495
        min: 0.0996918082237
        var: 0.00999903026968
    pitch_salience:
        dmean: 0.053925331682
        dmean2: 0.0911165177822
        dvar: 0.00223636860028
        dvar2: 0.00618320843205
        max: 0.980581700802
        mean: 0.711870133877
        median: 0.727211594582
        min: 0.364970982075
        var: 0.00508116651326
    silence_rate_20dB:
        dmean: 0
        dmean2: 0
        dvar: 0
        dvar2: 0
        max: 1
        mean: 1
        median: 1
        min: 1
        var: 0
    silence_rate_30dB:
        dmean: 0
        dmean2: 0
        dvar: 0
        dvar2: 0
        max: 1
        mean: 1
        median: 1
        min: 1
        var: 0
    silence_rate_60dB:
        dmean: 0.0434782616794
        dmean2: 0.0869622826576
        dvar: 0.041589576751
        dvar2: 0.0973002389073
        max: 1
        mean: 0.111935846508
        median: 0
        min: 0
        var: 0.0994041487575
    spectral_centroid:
        dmean: 239.650726318
        dmean2: 402.319793701
        dvar: 61345.2265625
        dvar2: 161012.390625
        max: 11901.0839844
        mean: 2218.6340332
        median: 2160.52563477
        min: 472.286682129
        var: 686818.625
    spectral_complexity:
        dmean: 4.03168058395
        dmean2: 6.64717960358
        dvar: 14.3049278259
        dvar2: 36.2315711975
        max: 52
        mean: 21.7302017212
        median: 22
        min: 0
        var: 65.4331665039
    spectral_crest:
        dmean: 1.68919062614
        dmean2: 2.84570360184
        dvar: 2.30858659744
        dvar2: 6.19437265396
        max: 22.3228530884
        mean: 6.47395467758
        median: 6.05770206451
        min: 2.52975440025
        var: 4.24687004089
    spectral_decrease:
        dmean: 2.47778769724e-010
        dmean2: 4.06229244687e-010
        dvar: 7.43313739599e-020
        dvar2: 1.89029756348e-019
        max: 1.8378228624e-028
        mean: -1.2156032847e-009
        median: -1.1919905063e-009
        min: -3.51626638917e-009
        var: 2.80953368469e-019
    spectral_energy:
        dmean: 0.00118702824693
        dmean2: 0.00195748708211
        dvar: 1.72536931586e-006
        dvar2: 4.37085918747e-006
        max: 0.0191119685769
        mean: 0.00570573471487
        median: 0.0056039118208
        min: 9.68690293507e-021
        var: 6.25854181635e-006
    spectral_energyband_high:
        dmean: 0.000170836545294
        dmean2: 0.000299561186694
        dvar: 8.40470377739e-008
        dvar2: 2.10008167301e-007
        max: 0.00557345012203
        mean: 0.000344055122696
        median: 0.000256351602729
        min: 7.07343790662e-021
        var: 1.15346310281e-007
    spectral_energyband_low:
        dmean: 0.000242680835072
        dmean2: 0.000416647584643
        dvar: 9.56829353527e-008
        dvar2: 2.63433321379e-007
        max: 0.00309080141596
        mean: 0.000356139527867
        median: 0.000276063161436
        min: 1.74264864435e-023
        var: 9.97136453407e-008
    spectral_energyband_middle_high:
        dmean: 0.00106411427259
        dmean2: 0.00175091833808
        dvar: 1.18399862004e-006
        dvar2: 3.00731994685e-006
        max: 0.0153096197173
        mean: 0.004409449175
        median: 0.00416327640414
        min: 1.20367693726e-021
        var: 4.82746645503e-006
    spectral_energyband_middle_low:
        dmean: 0.000294533267152
        dmean2: 0.000487662153319
        dvar: 1.72881541971e-007
        dvar2: 4.6352815275e-007
        max: 0.00521898921579
        mean: 0.000672056048643
        median: 0.000570162315853
        min: 1.60677322255e-022
        var: 2.46933751669e-007
    spectral_flatness_db:
        dmean: 0.0130514381453
        dmean2: 0.021379025653
        dvar: 0.000128066851175
        dvar2: 0.000320601422573
        max: 0.328724265099
        mean: 0.138237386942
        median: 0.134755551815
        min: 0.0541389770806
        var: 0.000660658348352
    spectral_flux:
        dmean: 0.00622785231099
        dmean2: 0.00975237879902
        dvar: 4.15704562329e-005
        dvar2: 8.77227503224e-005
        max: 0.116623535752
        mean: 0.0473982430995
        median: 0.0480364859104
        min: 6.28703478167e-011
        var: 0.000198552676011
    spectral_kurtosis:
        dmean: 1.28194355965
        dmean2: 2.14102435112
        dvar: 1.62599027157
        dvar2: 4.61869812012
        max: 21.7135162354
        mean: 5.06985473633
        median: 4.91278457642
        min: -1.26917457581
        var: 3.82384800911
    spectral_rms:
        dmean: 0.000239799221163
        dmean2: 0.00039053580258
        dvar: 6.26160527872e-008
        dvar2: 1.50054546566e-007
        max: 0.00431808084249
        mean: 0.00227455492131
        median: 0.00233821105212
        min: 3.07418890691e-012
        var: 3.92967564267e-007
    spectral_rolloff:
        dmean: 238.909881592
        dmean2: 404.21786499
        dvar: 91018.03125
        dvar2: 213984.296875
        max: 19832.0800781
        mean: 3405.54199219
        median: 3251.51367188
        min: 925.927734375
        var: 1897900.125
    spectral_skewness:
        dmean: 0.178684204817
        dmean2: 0.290117830038
        dvar: 0.0296683292836
        dvar2: 0.0772149264812
        max: 3.5173330307
        mean: 1.57412159443
        median: 1.56733644009
        min: -0.0948583334684
        var: 0.116864964366
    spectral_spread:
        dmean: 446445.0625
        dmean2: 709411.9375
        dvar: 320826343424
        dvar2: 634145865728
        max: 42732160
        mean: 4393648.5
        median: 4002983.25
        min: 1283057.875
        var: 1.07451546337e+013
    spectral_strongpeak:
        dmean: 0.737072646618
        dmean2: 1.27553761005
        dvar: 0.531481385231
        dvar2: 1.41537821293
        max: 9.59734630585
        mean: 1.04235756397
        median: 0.90471380949
        min: 0
        var: 0.915908396244
    zerocrossingrate:
        dmean: 0.00607073260471
        dmean2: 0.00802830606699
        dvar: 3.67582942999e-005
        dvar2: 5.565257743e-005
        max: 0.51904296875
        mean: 0.113552004099
        median: 0.1103515625
        min: 0.04736328125
        var: 0.00126928102691
    barkbands:
        dmean: [3.10834082029e-007, 0.000118953517813, 0.000139522308018, 7.5922551332e-005, 0.000149778774357, 6.15413591731e-005, 5.71445343667e-005, 2.94061046588e-005, 7.76754895924e-005, 0.00010512326844, 0.000176022484084, 0.000107051746454, 0.000123179823277, 0.000117008290545, 0.000143578377902, 0.000307907059323, 0.000412891648011, 0.000356195378117, 0.00026412011357, 0.000132625718834, 7.80413320172e-005, 4.01698416681e-005, 7.89278601587e-006, 2.89605372927e-006, 9.31864406084e-007, 5.89006745599e-008, 7.71083696893e-010]
        dmean2: [4.72381287864e-007, 0.000210346348467, 0.000242980284384, 0.000128501356812, 0.000249641132541, 0.000105458697362, 9.78384632617e-005, 4.92484032293e-005, 0.000127457562485, 0.000169650287717, 0.000279826665064, 0.000176217567059, 0.000203635776415, 0.000195490079932, 0.000235080791754, 0.000520277710166, 0.000695329566952, 0.000599039776716, 0.000446996215032, 0.000226262054639, 0.000134809408337, 7.21820615581e-005, 1.39310541272e-005, 5.03057572132e-006, 1.51155109052e-006, 9.41105398056e-008, 1.20790266678e-009]
        dvar: [1.55971671125e-013, 3.66493395632e-008, 3.12970414029e-008, 7.57948281915e-009, 4.5572395635e-008, 1.46770320342e-008, 2.08816643976e-008, 4.36750058341e-009, 2.26999059549e-008, 5.79500003539e-008, 1.54115937789e-007, 4.45310632813e-008, 5.42282343474e-008, 4.01193638311e-008, 6.74901770026e-008, 1.60419588724e-007, 2.45988189818e-007, 1.82467999821e-007, 1.16399448302e-007, 7.00737246007e-008, 1.63420015298e-008, 4.77233408347e-009, 1.81736209415e-010, 1.67952214636e-011, 2.38239614668e-012, 1.05541821417e-014, 2.10465291478e-018]
        dvar2: [3.50276204526e-013, 9.90647848198e-008, 8.88429099177e-008, 2.07169676969e-008, 1.1757946794e-007, 4.01731874433e-008, 5.45377751848e-008, 1.15863434402e-008, 5.72098812768e-008, 1.49750420064e-007, 3.77613730507e-007, 1.12490269544e-007, 1.43596153634e-007, 1.0418264651e-007, 1.70534320887e-007, 4.16427894834e-007, 6.51872994695e-007, 4.86431929403e-007, 3.02150255038e-007, 1.7152581222e-007, 3.96809589631e-008, 1.26669315037e-008, 4.67546834582e-010, 4.46046984071e-011, 5.32861515329e-012, 2.33054694927e-014, 4.62625697066e-018]
        max: [3.51817607225e-006, 0.00125087623019, 0.00209270021878, 0.00126020761672, 0.00373076624237, 0.00214531016536, 0.00216251774691, 0.00193193042651, 0.00389714678749, 0.00549584394321, 0.00609325477853, 0.00485249143094, 0.00347810029052, 0.0046053067781, 0.00454883649945, 0.00814040191472, 0.0109803769737, 0.00769770424813, 0.00898640882224, 0.00697293831035, 0.00272457255051, 0.00119934719987, 0.000231733225519, 4.97032342537e-005, 2.88293522317e-005, 2.01976740755e-006, 3.63960275251e-008]
        mean: [4.26482671401e-007, 0.000112056448415, 0.000188730919035, 0.000105115977931, 0.000231799422181, 8.04109367891e-005, 6.40135767753e-005, 3.96958530473e-005, 0.000124068174046, 0.000163138334756, 0.000278674560832, 0.000177838941454, 0.00019988976419, 0.000188503618119, 0.000251984019997, 0.000647638458759, 0.000934517534915, 0.00081492488971, 0.000615366792772, 0.00025981705403, 0.000153384622536, 5.43255955563e-005, 1.21561788546e-005, 5.21668152942e-006, 1.92697825696e-006, 1.22487634258e-007, 1.6232540867e-009]
        median: [2.1897146496e-007, 5.19698878634e-005, 0.000137005583383, 7.77830500738e-005, 0.000154318579007, 4.65667035314e-005, 2.73087844107e-005, 2.02694773179e-005, 5.89142073295e-005, 5.72862008994e-005, 5.03241644765e-005, 8.29704367789e-005, 7.30189130991e-005, 0.000107746105641, 0.000128799059894, 0.000514065730385, 0.000790002231952, 0.000660547812004, 0.000545578310266, 0.000195829590666, 0.00011415809422, 3.28498754243e-005, 7.91744423623e-006, 3.83179894925e-006, 1.25698511511e-006, 6.90383927804e-008, 8.73702721282e-010]
        min: [1.49591545546e-025, 2.56760419584e-024, 6.82678649656e-025, 2.38866860234e-025, 7.52969390641e-024, 1.01897478672e-023, 4.34060300134e-024, 9.99549165813e-024, 2.01993672353e-023, 1.62362436434e-023, 2.48252270731e-023, 2.58814944702e-023, 2.39675980073e-023, 2.39848267295e-023, 3.90309885004e-023, 6.23948333916e-023, 7.46917107782e-023, 8.00858659174e-023, 1.2509186993e-022, 1.54148520077e-022, 1.76469004913e-022, 3.21728526714e-022, 3.75953159265e-022, 5.92486238609e-022, 8.65905024462e-022, 1.35011839989e-021, 1.87805844889e-021]
        var: [2.59967177993e-013, 2.84238446113e-008, 3.51000899457e-008, 1.03377164606e-008, 6.75499904901e-008, 1.44495109211e-008, 1.95264888703e-008, 5.13214981623e-009, 4.16107504009e-008, 1.17767818608e-007, 3.53983807599e-007, 8.36480751332e-008, 1.13322961681e-007, 6.35976746821e-008, 1.39064511018e-007, 3.26955131413e-007, 4.93452660066e-007, 3.88245410932e-007, 1.88609476481e-007, 9.74091847183e-008, 2.51999701106e-008, 4.77742867488e-009, 2.53101845038e-010, 2.45586259662e-011, 5.36593599415e-012, 2.62668338957e-014, 5.7785088106e-018]
    frequency_bands:
        dmean: [3.10834082029e-007, 0.000118953517813, 0.000139522308018, 7.5922551332e-005, 0.000149778774357, 6.15413591731e-005, 5.71445343667e-005, 2.94061046588e-005, 7.76754895924e-005, 0.00010512326844, 0.000176022484084, 0.000107051746454, 0.000123179823277, 0.000117008290545, 0.000143578377902, 0.000307907059323, 0.000412891648011, 0.000356195378117, 0.00026412011357, 0.000132625718834, 7.80413320172e-005, 4.01698416681e-005, 7.89278601587e-006, 2.89605372927e-006, 9.31864406084e-007, 5.89006745599e-008, 7.71083696893e-010, 6.66741176159e-011]
        dmean2: [4.72381287864e-007, 0.000210346348467, 0.000242980284384, 0.000128501356812, 0.000249641132541, 0.000105458697362, 9.78384632617e-005, 4.92484032293e-005, 0.000127457562485, 0.000169650287717, 0.000279826665064, 0.000176217567059, 0.000203635776415, 0.000195490079932, 0.000235080791754, 0.000520277710166, 0.000695329566952, 0.000599039776716, 0.000446996215032, 0.000226262054639, 0.000134809408337, 7.21820615581e-005, 1.39310541272e-005, 5.03057572132e-006, 1.51155109052e-006, 9.41105398056e-008, 1.20790266678e-009, 1.23707558086e-010]
        dvar: [1.55971671125e-013, 3.66493395632e-008, 3.12970414029e-008, 7.57948281915e-009, 4.5572395635e-008, 1.46770320342e-008, 2.08816643976e-008, 4.36750058341e-009, 2.26999059549e-008, 5.79500003539e-008, 1.54115937789e-007, 4.45310632813e-008, 5.42282343474e-008, 4.01193638311e-008, 6.74901770026e-008, 1.60419588724e-007, 2.45988189818e-007, 1.82467999821e-007, 1.16399448302e-007, 7.00737246007e-008, 1.63420015298e-008, 4.77233408347e-009, 1.81736209415e-010, 1.67952214636e-011, 2.38239614668e-012, 1.05541821417e-014, 2.10465291478e-018, 8.61261100025e-021]
        dvar2: [3.50276204526e-013, 9.90647848198e-008, 8.88429099177e-008, 2.07169676969e-008, 1.1757946794e-007, 4.01731874433e-008, 5.45377751848e-008, 1.15863434402e-008, 5.72098812768e-008, 1.49750420064e-007, 3.77613730507e-007, 1.12490269544e-007, 1.43596153634e-007, 1.0418264651e-007, 1.70534320887e-007, 4.16427894834e-007, 6.51872994695e-007, 4.86431929403e-007, 3.02150255038e-007, 1.7152581222e-007, 3.96809589631e-008, 1.26669315037e-008, 4.67546834582e-010, 4.46046984071e-011, 5.32861515329e-012, 2.33054694927e-014, 4.62625697066e-018, 2.72290441623e-020]
        max: [3.51817607225e-006, 0.00125087623019, 0.00209270021878, 0.00126020761672, 0.00373076624237, 0.00214531016536, 0.00216251774691, 0.00193193042651, 0.00389714678749, 0.00549584394321, 0.00609325477853, 0.00485249143094, 0.00347810029052, 0.0046053067781, 0.00454883649945, 0.00814040191472, 0.0109803769737, 0.00769770424813, 0.00898640882224, 0.00697293831035, 0.00272457255051, 0.00119934719987, 0.000231733225519, 4.97032342537e-005, 2.88293522317e-005, 2.01976740755e-006, 3.63960275251e-008, 1.25979715548e-009]
        mean: [4.26482671401e-007, 0.000112056448415, 0.000188730919035, 0.000105115977931, 0.000231799422181, 8.04109367891e-005, 6.40135767753e-005, 3.96958530473e-005, 0.000124068174046, 0.000163138334756, 0.000278674560832, 0.000177838941454, 0.00019988976419, 0.000188503618119, 0.000251984019997, 0.000647638458759, 0.000934517534915, 0.00081492488971, 0.000615366792772, 0.00025981705403, 0.000153384622536, 5.43255955563e-005, 1.21561788546e-005, 5.21668152942e-006, 1.92697825696e-006, 1.22487634258e-007, 1.6232540867e-009, 5.23434004474e-011]
        median: [2.1897146496e-007, 5.19698878634e-005, 0.000137005583383, 7.77830500738e-005, 0.000154318579007, 4.65667035314e-005, 2.73087844107e-005, 2.02694773179e-005, 5.89142073295e-005, 5.72862008994e-005, 5.03241644765e-005, 8.29704367789e-005, 7.30189130991e-005, 0.000107746105641, 0.000128799059894, 0.000514065730385, 0.000790002231952, 0.000660547812004, 0.000545578310266, 0.000195829590666, 0.00011415809422, 3.28498754243e-005, 7.91744423623e-006, 3.83179894925e-006, 1.25698511511e-006, 6.90383927804e-008, 8.73702721282e-010, 2.06634258315e-011]
        min: [1.49591545546e-025, 2.56760419584e-024, 6.82678649656e-025, 2.38866860234e-025, 7.52969390641e-024, 1.01897478672e-023, 4.34060300134e-024, 9.99549165813e-024, 2.01993672353e-023, 1.62362436434e-023, 2.48252270731e-023, 2.58814944702e-023, 2.39675980073e-023, 2.39848267295e-023, 3.90309885004e-023, 6.23948333916e-023, 7.46917107782e-023, 8.00858659174e-023, 1.2509186993e-022, 1.54148520077e-022, 1.76469004913e-022, 3.21728526714e-022, 3.75953159265e-022, 5.92486238609e-022, 8.65905024462e-022, 1.35011839989e-021, 1.87805844889e-021, 4.88084675611e-022]
        var: [2.59967177993e-013, 2.84238446113e-008, 3.51000899457e-008, 1.03377164606e-008, 6.75499904901e-008, 1.44495109211e-008, 1.95264888703e-008, 5.13214981623e-009, 4.16107504009e-008, 1.17767818608e-007, 3.53983807599e-007, 8.36480751332e-008, 1.13322961681e-007, 6.35976746821e-008, 1.39064511018e-007, 3.26955131413e-007, 4.93452660066e-007, 3.88245410932e-007, 1.88609476481e-007, 9.74091847183e-008, 2.51999701106e-008, 4.77742867488e-009, 2.53101845038e-010, 2.45586259662e-011, 5.36593599415e-012, 2.62668338957e-014, 5.7785088106e-018, 6.94002514448e-021]
    mfcc:
        mean: [-694.405395508, 85.3949966431, -68.3120269775, 51.1338310242, 3.94220089912, 2.07881093025, 1.93250203133, 9.2294883728, 1.35613584518, -9.22025489807, -6.48215484619, -3.550770998, -6.74349546432]
        cov: [[5557.1015625, 692.610046387, -607.013549805, 328.609558105, -182.52722168, 70.5805130005, -29.4469413757, 90.2986373901, -37.0778923035, -58.4117431641, -65.3768768311, -44.3528213501, -76.6691436768], [692.610046387, 456.273986816, -221.859817505, 132.70135498, 10.9401521683, -8.10176372528, 34.4466209412, 8.03854465485, 26.3329410553, -26.0202865601, -7.31347084045, 9.13609218597, -19.7156410217], [-607.013549805, -221.859817505, 373.598510742, 24.2026519775, 73.5664215088, 25.1532802582, -25.1532211304, -14.5635108948, -11.199095726, 16.9998188019, 5.62989044189, 9.78357315063, 32.9122962952], [328.609558105, 132.70135498, 24.2026519775, 303.261627197, 98.7394714355, 41.5845108032, -33.9621047974, -30.9617004395, 27.3890953064, 1.37826967239, 0.378902316093, 4.05102348328, 13.3278455734], [-182.52722168, 10.9401521683, 73.5664215088, 98.7394714355, 182.406829834, 14.70911026, -32.4934310913, -27.0963821411, 18.8007392883, 14.8168125153, 7.41610097885, 1.88428640366, 10.795624733], [70.5805130005, -8.10176372528, 25.1532802582, 41.5845108032, 14.70911026, 116.863677979, 60.0569839478, 19.4243450165, -9.47396755219, -0.502644181252, 5.07388925552, 6.81510591507, 5.36645793915], [-29.4469413757, 34.4466209412, -25.1532211304, -33.9621047974, -32.4934310913, 60.0569839478, 164.795257568, 65.7009429932, -4.02960634232, -22.197511673, 3.36538243294, 10.5614204407, -8.77070808411], [90.2986373901, 8.03854465485, -14.5635108948, -30.9617004395, -27.0963821411, 19.4243450165, 65.7009429932, 125.774810791, 32.6569786072, 9.87251472473, -13.4403657913, -1.02830350399, -15.971414566], [-37.0778923035, 26.3329410553, -11.199095726, 27.3890953064, 18.8007392883, -9.47396755219, -4.02960634232, 32.6569786072, 91.1682052612, 34.0754623413, 2.75595808029, -11.6630887985, -6.51642894745], [-58.4117431641, -26.0202865601, 16.9998188019, 1.37826967239, 14.8168125153, -0.502644181252, -22.197511673, 9.87251472473, 34.0754623413, 75.4823760986, 21.2581424713, 4.99516773224, -3.7826461792], [-65.3768768311, -7.31347084045, 5.62989044189, 0.378902316093, 7.41610097885, 5.07388925552, 3.36538243294, -13.4403657913, 2.75595808029, 21.2581424713, 65.3758926392, 28.3087940216, 12.2314825058], [-44.3528213501, 9.13609218597, 9.78357315063, 4.05102348328, 1.88428640366, 6.81510591507, 10.5614204407, -1.02830350399, -11.6630887985, 4.99516773224, 28.3087940216, 58.7350158691, 19.8005313873], [-76.6691436768, -19.7156410217, 32.9122962952, 13.3278455734, 10.795624733, 5.36645793915, -8.77070808411, -15.971414566, -6.51642894745, -3.7826461792, 12.2314825058, 19.8005313873, 53.4192123413]]
        icov: [[0.000301581021631, -0.00027484857128, 0.00031324379961, -0.000352404429577, 0.000367880042177, -0.000329645496095, 0.000466688245069, -0.000475289678434, 0.000474256143207, -1.74289671122e-005, -3.52712631866e-005, 0.000259807944531, 8.80141815287e-005], [-0.00027484857128, 0.00465681450441, 0.00229623378254, -0.00192664691713, -0.000810349418316, 0.00155920407269, -0.00177069229539, 0.000563153997064, -0.00111490034033, 0.000971044122707, 0.000639054225758, -0.00187516130973, 0.000756449357141], [0.00031324379961, 0.00229623378254, 0.00502837216482, -0.00140604015905, -0.00116574531421, -0.000287179660518, 0.000146254897118, -0.000725208723452, 0.000935380754527, -0.000349083507899, 0.000675631628837, -0.000517653417774, -0.0012520023156], [-0.000352404429577, -0.00192664691713, -0.00140604015905, 0.00626924494281, -0.00216782465577, -0.00270812259987, 0.00145085377153, 0.00145148020238, -0.00238933763467, 0.00089038873557, 0.000353644223651, -0.000517876527738, -0.000649825728033], [0.000367880042177, -0.000810349418316, -0.00116574531421, -0.00216782465577, 0.00806876737624, -0.00109543930739, 0.0012588230893, 0.000589876668528, -0.00075340695912, -0.000563904235605, -0.000383653416065, 0.000433936627815, 0.000145628451719], [-0.000329645496095, 0.00155920407269, -0.000287179660518, -0.00270812259987, -0.00109543930739, 0.0135964499786, -0.00646432535723, -0.000146643345943, 0.00246194587089, -0.00237951171584, -5.07670811203e-005, 0.000530643912498, -0.00134800211526], [0.000466688245069, -0.00177069229539, 0.000146254897118, 0.00145085377153, 0.0012588230893, -0.00646432535723, 0.0124994404614, -0.00564583810046, 0.000333164498443, 0.00454394659027, -0.0026837841142, -0.000683938327711, 0.00155385618564], [-0.000475289678434, 0.000563153997064, -0.000725208723452, 0.00145148020238, 0.000589876668528, -0.000146643345943, -0.00564583810046, 0.0140510760248, -0.0059603000991, -0.00195595645346, 0.00461283652112, -0.00308132008649, 0.00200028927065], [0.000474256143207, -0.00111490034033, 0.000935380754527, -0.00238933763467, -0.00075340695912, 0.00246194587089, 0.000333164498443, -0.0059603000991, 0.0183110162616, -0.00741464458406, -0.00159117020667, 0.00567560410127, -0.00156411679927], [-1.74289671122e-005, 0.000971044122707, -0.000349083507899, 0.00089038873557, -0.000563904235605, -0.00237951171584, 0.00454394659027, -0.00195595645346, -0.00741464458406, 0.020823424682, -0.00652408599854, -0.00205996306613, 0.00366797647439], [-3.52712631866e-005, 0.000639054225758, 0.000675631628837, 0.000353644223651, -0.000383653416065, -5.07670811203e-005, -0.0026837841142, 0.00461283652112, -0.00159117020667, -0.00652408599854, 0.0232729129493, -0.0101463599131, -0.00152214290574], [0.000259807944531, -0.00187516130973, -0.000517653417774, -0.000517876527738, 0.000433936627815, 0.000530643912498, -0.000683938327711, -0.00308132008649, 0.00567560410127, -0.00205996306613, -0.0101463599131, 0.0265204329044, -0.00800604186952], [8.80141815287e-005, 0.000756449357141, -0.0012520023156, -0.000649825728033, 0.000145628451719, -0.00134800211526, 0.00155385618564, 0.00200028927065, -0.00156411679927, 0.00366797647439, -0.00152214290574, -0.00800604186952, 0.0244030319154]]
    sccoeffs:
        dmean: [0.0525771081448, 0.0451753139496, 0.0390330441296, 0.0311425160617, 0.0237341467291, 0.0172585397959]
        dmean2: [0.0891936644912, 0.0755260586739, 0.0649339109659, 0.0524349734187, 0.0397092811763, 0.0279475040734]
        dvar: [0.00170047744177, 0.00131183164194, 0.000994800473563, 0.000596605474129, 0.000368070759578, 0.00024043834128]
        dvar2: [0.00487589510158, 0.00363895995542, 0.00267563294619, 0.00166528997943, 0.000992567045614, 0.000581159838475]
        max: [-0.406028002501, -0.501991868019, -0.528853833675, -0.596499800682, -0.530706584454, -0.512307167053]
        mean: [-0.693081617355, -0.795659601688, -0.790481865406, -0.786489844322, -0.760258674622, -0.748914957047]
        median: [-0.692446768284, -0.800834357738, -0.803186833858, -0.789842963219, -0.760341227055, -0.748571753502]
        min: [-0.988169968128, -0.990789115429, -0.978494226933, -0.971514880657, -0.96874076128, -0.964398503304]
        var: [0.00387810287066, 0.00314855203032, 0.00453130388632, 0.00198599230498, 0.00165220303461, 0.00166167458519]
    scvalleys:
        dmean: [0.383841276169, 0.375825047493, 0.300406605005, 0.236305132508, 0.204841136932, 0.271502971649]
        dmean2: [0.64357572794, 0.625706911087, 0.498427033424, 0.392636805773, 0.342101663351, 0.456762552261]
        dvar: [0.110391885042, 0.114111997187, 0.0791569426656, 0.0534874536097, 0.052308395505, 0.112973868847]
        dvar2: [0.277579933405, 0.284845381975, 0.186611279845, 0.11858728528, 0.11163906008, 0.277669996023]
        max: [-5.42618703842, -4.86150884628, -4.87755727768, -5.44114685059, -5.27371644974, -7.96071243286]
        mean: [-7.00018644333, -7.17426156998, -6.96096563339, -6.82442522049, -6.8031463623, -9.60588550568]
        median: [-6.66963338852, -6.90706348419, -6.71377325058, -6.56447172165, -6.52366733551, -9.34126853943]
        min: [-27.9891815186, -27.9683685303, -27.7466411591, -27.8438930511, -27.5346698761, -27.390007019]
        var: [4.15902090073, 3.9866335392, 4.01503038406, 3.97193169594, 3.88793253899, 3.18765974045]

rhythm:
    beats_loudness:
        dmean: 0.00160577753559
        dmean2: 0.00283215683885
        dvar: 2.27645341511e-006
        dvar2: 6.75299679642e-006
        max: 0.0174094066024
        mean: 0.00589093239978
        median: 0.00589696085081
        min: 0
        var: 6.44684951112e-006
    bpm: 89.9308319092
    bpm_confidence: 0
    first_peak_bpm: 178
    first_peak_spread: 0
    first_peak_weight: 0.342975199223
    onset_rate: 2.24075627327
    second_peak_bpm: 91
    second_peak_spread: 0.454838693142
    second_peak_weight: 0.232782378793
    beats_loudness_band_ratio:
        dmean: [0.08516523242, 0.061118979007, 0.0332153774798, 0.0910361707211, 0.119490109384, 0.0756354406476]
        dmean2: [0.152812242508, 0.113938219845, 0.0593705959618, 0.158329337835, 0.204319477081, 0.135200440884]
        dvar: [0.00674376729876, 0.00293408683501, 0.00120252266061, 0.00913540273905, 0.00990711897612, 0.00644592335448]
        dvar2: [0.019035346806, 0.00884471926838, 0.00338788866065, 0.0254647769034, 0.0283077973872, 0.0183224529028]
        max: [0.520777344704, 0.336868733168, 0.30301502347, 0.617519438267, 0.856934726238, 0.811281740665]
        mean: [0.110771045089, 0.0683979019523, 0.0456482693553, 0.132513359189, 0.476300984621, 0.173995301127]
        median: [0.0748373046517, 0.0517823919654, 0.0353049226105, 0.0901195257902, 0.476206153631, 0.163468107581]
        min: [0, 0, 0, 0, 0, 0]
        var: [0.00950245186687, 0.00311115640216, 0.00129763793666, 0.0139896739274, 0.0168617237359, 0.00633287243545]
