
metadata:
    version:
        essentia: "2.1-beta2"
    audio_properties:
        analysis_sample_rate: 44100
        bitrate: 228
        channels: 2
        equal_loudness: 1
        length: 271.751831055
        replay_gain: -14.6175193787
        downmix: "mix"
    tags:
        album: "One Way Mirror"
        artist: "One Way Mirror"
        comment: ""
        date: "2008"
        genre: "Metal"
        title: "Sockracer"
        tracknumber: "8"

configuration:
    average_loudness:
        compute: 1
        frameSize: 88200
        hopSize: 44100
        silentFrames: "noise"
        windowType: "hann"
    general:
        analysisSampleRate: 44100
        endTime: 2000
        equalLoudness: 1
        nequalLoudness: 0
        shortSound: 0
        startTime: 0
    lowlevel:
        compute: 1
        frameSize: 2048
        hopSize: 1024
        zeroPadding: 0
        silentFrames: "noise"
        windowType: "blackmanharris62"
        mfccStats: ["mean", "cov", "icov"]
        stats: ["mean", "var", "median", "min", "max", "dmean", "dmean2", "dvar", "dvar2"]
    panning:
        compute: 0
        frameSize: 8192
        hopSize: 2048
        zeroPadding: 8192
        silentFrames: "noise"
        windowType: "hann"
        stats: ["copy"]
    rhythm:
        compute: 1
        maxTempo: 208
        minTempo: 40
        method: "degara"
        stats: ["mean", "var", "median", "min", "max", "dmean", "dmean2", "dvar", "dvar2"]
    segmentation:
        compute: 0
        cpw: 5
        inc1: 300
        inc2: 50
        minimumSegmentsLength: 10
        size1: 1000
        size2: 600
    sfx:
        compute: 1
        stats: ["mean", "var", "median", "min", "max", "dmean", "dmean2", "dvar", "dvar2"]
    svm:
        compute: 0
    tonal:
        compute: 1
        frameSize: 4096
        hopSize: 2048
        zeroPadding: 0
        silentFrames: "noise"
        windowType: "blackmanharris62"
        stats: ["mean", "var", "median", "min", "max", "dmean", "dmean2", "dvar", "dvar2"]

lowlevel:
    average_loudness: 0.953349709511
    barkbands_kurtosis:
        dmean: 0.966302990913
        dmean2: 1.60950696468
        dvar: 1.5288143158
        dvar2: 3.85836386681
        max: 33.5834922791
        mean: -0.0971093773842
        median: -0.493485599756
        min: -1.83733046055
        var: 2.9566514492
    barkbands_skewness:
        dmean: 0.391861468554
        dmean2: 0.63068395853
        dvar: 0.137644693255
        dvar2: 0.34044316411
        max: 3.41007590294
        mean: -0.812407791615
        median: -0.841715574265
        min: -4.55100154877
        var: 0.401667326689
    barkbands_spread:
        dmean: 6.66636753082
        dmean2: 11.0359544754
        dvar: 37.0020980835
        dvar2: 99.6767807007
        max: 72.7227172852
        mean: 30.3179149628
        median: 29.640750885
        min: 1.88508987427
        var: 84.182220459
    dissonance:
        dmean: 0.00630962057039
        dmean2: 0.0107965487987
        dvar: 5.82520005992e-005
        dvar2: 0.000159264425747
        max: 0.500000238419
        mean: 0.490556865931
        median: 0.492971003056
        min: 0.352445036173
        var: 8.50381547934e-005
    hfc:
        dmean: 3.39104914665
        dmean2: 5.54166078568
        dvar: 17.2305641174
        dvar2: 43.9977073669
        max: 56.7720680237
        mean: 11.9510822296
        median: 11.7071046829
        min: 1.01500374969e-016
        var: 41.6602973938
    pitch:
        dmean: 868.068969727
        dmean2: 1609.72155762
        dvar: 1068718.25
        dvar2: 2586077.75
        max: 4467.32861328
        mean: 1861.62524414
        median: 2564.70996094
        min: 70.5947570801
        var: 1561739.5
    pitch_instantaneous_confidence:
        dmean: 0.0741878449917
        dmean2: 0.123198129237
        dvar: 0.00407870067284
        dvar2: 0.0102719571441
        max: 0.890143930912
        mean: 0.318288952112
        median: 0.303510010242
        min: 0.0907084345818
        var: 0.0109072094783
    pitch_salience:
        dmean: 0.0499632880092
        dmean2: 0.0841382592916
        dvar: 0.00196156650782
        dvar2: 0.00547157321125
        max: 0.951998114586
        mean: 0.71925842762
        median: 0.730620086193
        min: 0.185555517673
        var: 0.0041716909036
    silence_rate_20dB:
        dmean: 0
        dmean2: 0
        dvar: 0
        dvar2: 0
        max: 1
        mean: 1
        median: 1
        min: 1
        var: 0
    silence_rate_30dB:
        dmean: 0
        dmean2: 0
        dvar: 0
        dvar2: 0
        max: 1
        mean: 1
        median: 1
        min: 1
        var: 0
    silence_rate_60dB:
        dmean: 0.0468215979636
        dmean2: 0.0936511978507
        dvar: 0.0446330793202
        dvar2: 0.0978755056858
        max: 1
        mean: 0.121059373021
        median: 0
        min: 0
        var: 0.106398038566
    spectral_centroid:
        dmean: 253.249481201
        dmean2: 415.371856689
        dvar: 71456.1328125
        dvar2: 178129.03125
        max: 11743.1132813
        mean: 2179.51855469
        median: 2060.90478516
        min: 287.505584717
        var: 1600879.875
    spectral_complexity:
        dmean: 4.66695165634
        dmean2: 7.38990020752
        dvar: 20.6139011383
        dvar2: 48.4068031311
        max: 52
        mean: 22.6080303192
        median: 24
        min: 0
        var: 88.8549880981
    spectral_crest:
        dmean: 1.49733197689
        dmean2: 2.50311732292
        dvar: 2.09232902527
        dvar2: 5.35634756088
        max: 21.6609535217
        mean: 5.8851480484
        median: 5.37210178375
        min: 2.54367160797
        var: 4.54265594482
    spectral_decrease:
        dmean: 2.59685883908e-010
        dmean2: 4.18831552773e-010
        dvar: 9.14120978471e-020
        dvar2: 2.2745512631e-019
        max: 2.19115625704e-028
        mean: -1.22847365613e-009
        median: -1.23180787792e-009
        min: -4.09802414225e-009
        var: 2.94193531546e-019
    spectral_energy:
        dmean: 0.00125690363348
        dmean2: 0.00203031674027
        dvar: 2.20922470362e-006
        dvar2: 5.50734421267e-006
        max: 0.0193567425013
        mean: 0.00572054414079
        median: 0.00573507230729
        min: 9.85938624866e-021
        var: 6.73463409839e-006
    spectral_energyband_high:
        dmean: 0.000188475853065
        dmean2: 0.000332095863996
        dvar: 9.53456336106e-008
        dvar2: 2.57961062289e-007
        max: 0.00410589529201
        mean: 0.000367630360415
        median: 0.000291147560347
        min: 6.75486431865e-021
        var: 1.11955543503e-007
    spectral_energyband_low:
        dmean: 0.000289122137474
        dmean2: 0.000491592276376
        dvar: 1.35354582653e-007
        dvar2: 3.74563200012e-007
        max: 0.00333285704255
        mean: 0.000489036028739
        median: 0.000402725476306
        min: 1.56677983637e-023
        var: 1.51875170218e-007
    spectral_energyband_middle_high:
        dmean: 0.00108996429481
        dmean2: 0.00174929469358
        dvar: 1.46293530179e-006
        dvar2: 3.60617650585e-006
        max: 0.0156451426446
        mean: 0.0040986277163
        median: 0.00401005754247
        min: 1.12627880249e-021
        var: 4.7236685532e-006
    spectral_energyband_middle_low:
        dmean: 0.000351317197783
        dmean2: 0.000578975013923
        dvar: 1.75608789732e-007
        dvar2: 4.768816666e-007
        max: 0.00469616381451
        mean: 0.000897196994629
        median: 0.000798455905169
        min: 1.54417793014e-022
        var: 3.28208955125e-007
    spectral_flatness_db:
        dmean: 0.0121602090076
        dmean2: 0.019606102258
        dvar: 0.000153585206135
        dvar2: 0.000352362287231
        max: 0.324759334326
        mean: 0.130464956164
        median: 0.126729622483
        min: 0.0585556551814
        var: 0.000669424538501
    spectral_flux:
        dmean: 0.00671684928238
        dmean2: 0.0100340098143
        dvar: 5.16323743796e-005
        dvar2: 0.000103759601188
        max: 0.105725675821
        mean: 0.0467177852988
        median: 0.0482029058039
        min: 6.25568277735e-011
        var: 0.000248058786383
    spectral_kurtosis:
        dmean: 1.31922578812
        dmean2: 2.20666599274
        dvar: 5.84673023224
        dvar2: 14.9854240417
        max: 88.4780960083
        mean: 4.78529787064
        median: 4.49979257584
        min: -1.25871169567
        var: 8.87444019318
    spectral_rms:
        dmean: 0.000251630524872
        dmean2: 0.000399023905629
        dvar: 7.61637934943e-008
        dvar2: 1.79124896249e-007
        max: 0.00434564473107
        mean: 0.00226066820323
        median: 0.00236541591585
        min: 3.10143729275e-012
        var: 4.70373635153e-007
    spectral_rolloff:
        dmean: 268.851531982
        dmean2: 448.906188965
        dvar: 122113.554688
        dvar2: 278982.90625
        max: 19702.8808594
        mean: 3546.85375977
        median: 3273.046875
        min: 129.19921875
        var: 4478824.5
    spectral_skewness:
        dmean: 0.176674768329
        dmean2: 0.288819104433
        dvar: 0.050457932055
        dvar2: 0.124722853303
        max: 7.47034502029
        mean: 1.51486432552
        median: 1.48904824257
        min: -0.0821212530136
        var: 0.173917412758
    spectral_spread:
        dmean: 469381
        dmean2: 731143.0625
        dvar: 376786747392
        dvar2: 745298067456
        max: 43147596
        mean: 4864552
        median: 4185898
        min: 943641.4375
        var: 2.47542348513e+013
    spectral_strongpeak:
        dmean: 0.647729575634
        dmean2: 1.13642787933
        dvar: 0.584156870842
        dvar2: 1.55803847313
        max: 11.3315544128
        mean: 0.760027945042
        median: 0.265950769186
        min: 0
        var: 0.844173431396
    zerocrossingrate:
        dmean: 0.00660101696849
        dmean2: 0.00840358622372
        dvar: 4.71492821816e-005
        dvar2: 6.81313249515e-005
        max: 0.5302734375
        mean: 0.113856300712
        median: 0.1083984375
        min: 0.0185546875
        var: 0.00301138777286
    barkbands:
        dmean: [4.21152549279e-007, 0.000131875596708, 0.000168306432897, 0.000142196789966, 0.000207781064091, 5.92530450376e-005, 4.95440835948e-005, 2.52407971857e-005, 6.38537385385e-005, 6.68448701617e-005, 0.000102890197013, 0.000100200508314, 0.000112996516691, 0.000128530140501, 0.000142951364978, 0.000306365982397, 0.000411890883697, 0.000327471760102, 0.000276828825008, 0.000167147634784, 8.08908152976e-005, 4.0791448555e-005, 8.19391698315e-006, 2.58372506323e-006, 1.09941572646e-006, 6.0826863546e-008, 6.75671352202e-010]
        dmean2: [6.55044971154e-007, 0.000229959347052, 0.000290355557809, 0.000238444918068, 0.000340337632224, 9.70179680735e-005, 8.49974894663e-005, 4.25623475167e-005, 0.000102932186564, 0.000111145527626, 0.000167494537891, 0.000167221223819, 0.000190279519302, 0.00021512217063, 0.000237311149249, 0.000507223594468, 0.000679937016685, 0.000542339927051, 0.000461874995381, 0.000284843466943, 0.000140877862577, 7.32973931008e-005, 1.46774336827e-005, 4.47831780548e-006, 1.81232019258e-006, 9.97545583914e-008, 1.0960146124e-009]
        dvar: [2.48383046986e-013, 4.38069385211e-008, 5.04332788864e-008, 3.12608001707e-008, 6.98177728964e-008, 6.38907415862e-009, 1.06052437943e-008, 2.35519337366e-009, 1.73932264147e-008, 1.83472455006e-008, 5.80909080838e-008, 2.81265091218e-008, 3.15726609301e-008, 4.27644621936e-008, 4.88954903233e-008, 1.25791245864e-007, 2.45575648705e-007, 1.75688285253e-007, 1.6516337098e-007, 8.32782376392e-008, 1.54055950219e-008, 5.26676924295e-009, 2.09014749952e-010, 1.36701795717e-011, 3.55197598764e-012, 1.01245611016e-014, 1.20753025232e-018]
        dvar2: [5.79924617442e-013, 1.18627205836e-007, 1.43241166484e-007, 8.68992984238e-008, 1.82013295102e-007, 1.62959086225e-008, 2.91115629381e-008, 6.1423022224e-009, 4.13325231818e-008, 4.59258231444e-008, 1.43728314583e-007, 7.21249335811e-008, 8.39997298385e-008, 1.11493001498e-007, 1.25734914036e-007, 3.29860796455e-007, 6.32713749837e-007, 4.51278680202e-007, 4.15525562403e-007, 2.09372345239e-007, 4.04714484148e-008, 1.46600180884e-008, 5.79335357465e-010, 3.7743443787e-011, 8.35873818078e-012, 2.43772084224e-014, 2.74598941154e-018]
        max: [4.39215091319e-006, 0.00155105139129, 0.00236100843176, 0.00264697591774, 0.00318417022936, 0.00123409356456, 0.00207814807072, 0.00096658943221, 0.00335947237909, 0.00245937472209, 0.0054135741666, 0.0028230722528, 0.00277549470775, 0.00308672827668, 0.00330293085426, 0.00502975145355, 0.00982096046209, 0.0113257961348, 0.0117018828169, 0.00616248138249, 0.0024555970449, 0.000730128551368, 0.000197307934286, 4.13876696257e-005, 3.42537532561e-005, 1.44252317114e-006, 2.30687948743e-008]
        mean: [6.54668212974e-007, 0.000137608702062, 0.000238973516389, 0.000219701003516, 0.000365845597116, 9.17612414923e-005, 5.92348769715e-005, 3.42773746524e-005, 0.000102925892861, 0.000104362596176, 0.00017550267512, 0.000165643185028, 0.00020326419326, 0.000213511768379, 0.000250799697824, 0.00061976024881, 0.000874170684256, 0.000708919367753, 0.00060139677953, 0.000320863851812, 0.000153465327458, 5.78977524128e-005, 1.25647420646e-005, 4.96274878969e-006, 2.34634535445e-006, 1.29580939756e-007, 1.49998935495e-009]
        median: [4.61139336494e-007, 7.00528253219e-005, 0.000175798020791, 0.000161120173289, 0.000270589458523, 5.92090145801e-005, 2.99351177091e-005, 1.85893113667e-005, 4.39218856627e-005, 6.0407917772e-005, 0.000104633880255, 9.673499153e-005, 0.00010789767839, 0.00012731346942, 0.000156314999913, 0.000528105767444, 0.000748241087422, 0.000595450110268, 0.000519746274222, 0.000246756040724, 0.000122811339679, 3.68086730305e-005, 7.84857365943e-006, 3.76581760975e-006, 1.43813144859e-006, 6.52191403105e-008, 7.94364185541e-010]
        min: [9.84082100699e-026, 1.0508526559e-024, 4.68358355128e-025, 7.00635342531e-025, 4.43408459633e-024, 4.09302295054e-024, 4.47957702144e-024, 6.77790394171e-024, 8.28969117997e-024, 1.12859513477e-023, 1.09069865131e-023, 1.61992823545e-023, 2.1105758949e-023, 2.30600876888e-023, 3.85533931757e-023, 5.11121471392e-023, 6.0904656209e-023, 8.06647509823e-023, 1.02024542075e-022, 1.55561325782e-022, 2.3235732618e-022, 2.81008915182e-022, 3.89165557064e-022, 5.11406483682e-022, 8.12253799126e-022, 1.26481368266e-021, 1.89979253871e-021]
        var: [4.39396213641e-013, 3.67316914662e-008, 5.57045218841e-008, 4.64660310229e-008, 1.14801387952e-007, 1.03692334719e-008, 9.71101687952e-009, 2.80775980244e-009, 3.98976496285e-008, 2.66484434519e-008, 1.0107666526e-007, 4.8858343149e-008, 6.80485072735e-008, 6.61267094415e-008, 8.55190620541e-008, 2.27532424901e-007, 5.17719456639e-007, 3.3356391782e-007, 2.76456034953e-007, 1.24786041056e-007, 2.12439310587e-008, 4.89864193653e-009, 2.35784364255e-010, 2.14099848961e-011, 9.39275393574e-012, 2.79642608169e-014, 4.17460601645e-018]
    frequency_bands:
        dmean: [4.21152549279e-007, 0.000131875596708, 0.000168306432897, 0.000142196789966, 0.000207781064091, 5.92530450376e-005, 4.95440835948e-005, 2.52407971857e-005, 6.38537385385e-005, 6.68448701617e-005, 0.000102890197013, 0.000100200508314, 0.000112996516691, 0.000128530140501, 0.000142951364978, 0.000306365982397, 0.000411890883697, 0.000327471760102, 0.000276828825008, 0.000167147634784, 8.08908152976e-005, 4.0791448555e-005, 8.19391698315e-006, 2.58372506323e-006, 1.09941572646e-006, 6.0826863546e-008, 6.75671352202e-010, 6.41765529608e-011]
        dmean2: [6.55044971154e-007, 0.000229959347052, 0.000290355557809, 0.000238444918068, 0.000340337632224, 9.70179680735e-005, 8.49974894663e-005, 4.25623475167e-005, 0.000102932186564, 0.000111145527626, 0.000167494537891, 0.000167221223819, 0.000190279519302, 0.00021512217063, 0.000237311149249, 0.000507223594468, 0.000679937016685, 0.000542339927051, 0.000461874995381, 0.000284843466943, 0.000140877862577, 7.32973931008e-005, 1.46774336827e-005, 4.47831780548e-006, 1.81232019258e-006, 9.97545583914e-008, 1.0960146124e-009, 1.18732870757e-010]
        dvar: [2.48383046986e-013, 4.38069385211e-008, 5.04332788864e-008, 3.12608001707e-008, 6.98177728964e-008, 6.38907415862e-009, 1.06052437943e-008, 2.35519337366e-009, 1.73932264147e-008, 1.83472455006e-008, 5.80909080838e-008, 2.81265091218e-008, 3.15726609301e-008, 4.27644621936e-008, 4.88954903233e-008, 1.25791245864e-007, 2.45575648705e-007, 1.75688285253e-007, 1.6516337098e-007, 8.32782376392e-008, 1.54055950219e-008, 5.26676924295e-009, 2.09014749952e-010, 1.36701795717e-011, 3.55197598764e-012, 1.01245611016e-014, 1.20753025232e-018, 7.40153295735e-021]
        dvar2: [5.79924617442e-013, 1.18627205836e-007, 1.43241166484e-007, 8.68992984238e-008, 1.82013295102e-007, 1.62959086225e-008, 2.91115629381e-008, 6.1423022224e-009, 4.13325231818e-008, 4.59258231444e-008, 1.43728314583e-007, 7.21249335811e-008, 8.39997298385e-008, 1.11493001498e-007, 1.25734914036e-007, 3.29860796455e-007, 6.32713749837e-007, 4.51278680202e-007, 4.15525562403e-007, 2.09372345239e-007, 4.04714484148e-008, 1.46600180884e-008, 5.79335357465e-010, 3.7743443787e-011, 8.35873818078e-012, 2.43772084224e-014, 2.74598941154e-018, 2.33700446564e-020]
        max: [4.39215091319e-006, 0.00155105139129, 0.00236100843176, 0.00264697591774, 0.00318417022936, 0.00123409356456, 0.00207814807072, 0.00096658943221, 0.00335947237909, 0.00245937472209, 0.0054135741666, 0.0028230722528, 0.00277549470775, 0.00308672827668, 0.00330293085426, 0.00502975145355, 0.00982096046209, 0.0113257961348, 0.0117018828169, 0.00616248138249, 0.0024555970449, 0.000730128551368, 0.000197307934286, 4.13876696257e-005, 3.42537532561e-005, 1.44252317114e-006, 2.30687948743e-008, 1.13821596592e-009]
        mean: [6.54668212974e-007, 0.000137608702062, 0.000238973516389, 0.000219701003516, 0.000365845597116, 9.17612414923e-005, 5.92348769715e-005, 3.42773746524e-005, 0.000102925892861, 0.000104362596176, 0.00017550267512, 0.000165643185028, 0.00020326419326, 0.000213511768379, 0.000250799697824, 0.00061976024881, 0.000874170684256, 0.000708919367753, 0.00060139677953, 0.000320863851812, 0.000153465327458, 5.78977524128e-005, 1.25647420646e-005, 4.96274878969e-006, 2.34634535445e-006, 1.29580939756e-007, 1.49998935495e-009, 5.01772026706e-011]
        median: [4.61139336494e-007, 7.00528253219e-005, 0.000175798020791, 0.000161120173289, 0.000270589458523, 5.92090145801e-005, 2.99351177091e-005, 1.85893113667e-005, 4.39218856627e-005, 6.0407917772e-005, 0.000104633880255, 9.673499153e-005, 0.00010789767839, 0.00012731346942, 0.000156314999913, 0.000528105767444, 0.000748241087422, 0.000595450110268, 0.000519746274222, 0.000246756040724, 0.000122811339679, 3.68086730305e-005, 7.84857365943e-006, 3.76581760975e-006, 1.43813144859e-006, 6.52191403105e-008, 7.94364185541e-010, 2.00792091287e-011]
        min: [9.84082100699e-026, 1.0508526559e-024, 4.68358355128e-025, 7.00635342531e-025, 4.43408459633e-024, 4.09302295054e-024, 4.47957702144e-024, 6.77790394171e-024, 8.28969117997e-024, 1.12859513477e-023, 1.09069865131e-023, 1.61992823545e-023, 2.1105758949e-023, 2.30600876888e-023, 3.85533931757e-023, 5.11121471392e-023, 6.0904656209e-023, 8.06647509823e-023, 1.02024542075e-022, 1.55561325782e-022, 2.3235732618e-022, 2.81008915182e-022, 3.89165557064e-022, 5.11406483682e-022, 8.12253799126e-022, 1.26481368266e-021, 1.89979253871e-021, 5.15166611275e-022]
        var: [4.39396213641e-013, 3.67316914662e-008, 5.57045218841e-008, 4.64660310229e-008, 1.14801387952e-007, 1.03692334719e-008, 9.71101687952e-009, 2.80775980244e-009, 3.98976496285e-008, 2.66484434519e-008, 1.0107666526e-007, 4.8858343149e-008, 6.80485072735e-008, 6.61267094415e-008, 8.55190620541e-008, 2.27532424901e-007, 5.17719456639e-007, 3.3356391782e-007, 2.76456034953e-007, 1.24786041056e-007, 2.12439310587e-008, 4.89864193653e-009, 2.35784364255e-010, 2.14099848961e-011, 9.39275393574e-012, 2.79642608169e-014, 4.17460601645e-018, 6.08454711938e-021]
    mfcc:
        mean: [-695.570739746, 89.8886184692, -63.9026527405, 51.1154060364, 5.73058652878, 6.7414150238, 4.70243835449, 6.35748004913, -1.34953713417, -10.4251480103, -8.98057460785, -5.41095733643, -5.47689437866]
        cov: [[8639.9921875, 982.159362793, -1072.47131348, 889.692504883, -17.3200187683, 198.870666504, 40.3937454224, 175.315048218, 44.7840499878, -170.960769653, -103.892982483, -76.7044219971, -146.351974487], [982.159362793, 615.346679688, -271.326202393, 157.642944336, 34.0322341919, -9.97378063202, 41.3364715576, 9.51592159271, 15.0852174759, -34.7651138306, -21.0714817047, -6.19558429718, -27.8034324646], [-1072.47131348, -271.326202393, 384.136138916, -167.82623291, 12.6092319489, -19.8097171783, -29.9026088715, -8.52994251251, -12.5067138672, 16.611246109, 5.25935649872, 1.61012375355, 32.8597297668], [889.692504883, 157.642944336, -167.82623291, 319.039886475, 47.6558380127, 75.5545196533, 23.715057373, 35.3898277283, 27.5742263794, -12.6298484802, -21.5670490265, -2.74878573418, -4.19541883469], [-17.3200187683, 34.0322341919, 12.6092319489, 47.6558380127, 109.490150452, 17.5128059387, 8.93376159668, -1.24959826469, 14.9364414215, 5.86291408539, -4.1553440094, 2.62047624588, 2.07894730568], [198.870666504, -9.97378063202, -19.8097171783, 75.5545196533, 17.5128059387, 125.281311035, 48.5984268188, 20.1026000977, -1.56749224663, -0.103446498513, -3.56122899055, -5.98743200302, -3.35074353218], [40.3937454224, 41.3364715576, -29.9026088715, 23.715057373, 8.93376159668, 48.5984268188, 99.5900726318, 29.425907135, 4.79326248169, -3.02511763573, -2.52504229546, -3.48365473747, -9.37727642059], [175.315048218, 9.51592159271, -8.52994251251, 35.3898277283, -1.24959826469, 20.1026000977, 29.425907135, 82.8707199097, 29.5836277008, 0.724052846432, -5.267765522, 0.984501004219, -6.9616355896], [44.7840499878, 15.0852174759, -12.5067138672, 27.5742263794, 14.9364414215, -1.56749224663, 4.79326248169, 29.5836277008, 76.8033218384, 25.181930542, 13.7331571579, -0.295298337936, -5.70098638535], [-170.960769653, -34.7651138306, 16.611246109, -12.6298484802, 5.86291408539, -0.103446498513, -3.02511763573, 0.724052846432, 25.181930542, 66.5243148804, 29.2303752899, 10.2574720383, -0.0757219940424], [-103.892982483, -21.0714817047, 5.25935649872, -21.5670490265, -4.1553440094, -3.56122899055, -2.52504229546, -5.267765522, 13.7331571579, 29.2303752899, 61.344203949, 24.7593669891, 9.59646511078], [-76.7044219971, -6.19558429718, 1.61012375355, -2.74878573418, 2.62047624588, -5.98743200302, -3.48365473747, 0.984501004219, -0.295298337936, 10.2574720383, 24.7593669891, 49.6364135742, 20.4436454773], [-146.351974487, -27.8034324646, 32.8597297668, -4.19541883469, 2.07894730568, -3.35074353218, -9.37727642059, -6.9616355896, -5.70098638535, -0.0757219940424, 9.59646511078, 20.4436454773, 51.4690971375]]
        icov: [[0.000238382548559, -0.000115208866191, 0.000403427198762, -0.000346190994605, 0.000121343211504, -0.000207467775908, 0.000407325016567, -0.000422572193202, 0.000103218786535, 0.000395801354898, -0.000154888126417, 0.000204720854526, 0.000288047740469], [-0.000115208866191, 0.00274457293563, 0.0014208946377, -0.000357153650839, -0.000995197915472, 0.00139890331775, -0.0012488696957, 0.000428169063525, -0.000254151411355, 0.000764298893046, 0.000209930789424, -0.000104505103081, 0.000155740126502], [0.000403427198762, 0.0014208946377, 0.00576608534902, 0.0017285423819, -0.00188168662135, -0.000618923571892, 0.0014358839253, -0.00187838706188, 0.000442028191173, 0.000285578076728, 0.000542276888154, 0.00145664985757, -0.00221273326315], [-0.000346190994605, -0.000357153650839, 0.0017285423819, 0.00652645900846, -0.00222430704162, -0.00317967566662, 0.00120212358888, -0.00100394443143, -0.00156031199731, -0.0002587379131, 0.00209761480801, -0.000563683104701, -0.00212324317545], [0.000121343211504, -0.000995197915472, -0.00188168662135, -0.00222430704162, 0.0113609405234, -0.000938586657867, -0.000797919230536, 0.00236606784165, -0.0024888664484, -0.000738210976124, 0.00164820684586, -0.00174220278859, 0.000590052513871], [-0.000207467775908, 0.00139890331775, -0.000618923571892, -0.00317967566662, -0.000938586657867, 0.01289867796, -0.00616701878607, -0.000358530698577, 0.0024244512897, -0.00106469902676, -0.00127906631678, 0.00184005848132, -0.00021814298816], [0.000407325016567, -0.0012488696957, 0.0014358839253, 0.00120212358888, -0.000797919230536, -0.00616701878607, 0.0153020331636, -0.00528197456151, 0.000830861157738, 0.0010275823297, -0.00080827641068, 0.00059993553441, 0.00137503526639], [-0.000422572193202, 0.000428169063525, -0.00187838706188, -0.00100394443143, 0.00236606784165, -0.000358530698577, -0.00528197456151, 0.0183212123811, -0.0077600046061, 0.000809751858469, 0.00349686783738, -0.0041464692913, 0.00168060895521], [0.000103218786535, -0.000254151411355, 0.000442028191173, -0.00156031199731, -0.0024888664484, 0.0024244512897, 0.000830861157738, -0.0077600046061, 0.0199807547033, -0.00618142914027, -0.00439811684191, 0.00403574062511, 0.000528060481884], [0.000395801354898, 0.000764298893046, 0.000285578076728, -0.0002587379131, -0.000738210976124, -0.00106469902676, 0.0010275823297, 0.000809751858469, -0.00618142914027, 0.0227488446981, -0.00871414970607, -0.000953855342232, 0.00294457981363], [-0.000154888126417, 0.000209930789424, 0.000542276888154, 0.00209761480801, 0.00164820684586, -0.00127906631678, -0.00080827641068, 0.00349686783738, -0.00439811684191, -0.00871414970607, 0.0271823834628, -0.0117628816515, -0.00122228753753], [0.000204720854526, -0.000104505103081, 0.00145664985757, -0.000563683104701, -0.00174220278859, 0.00184005848132, 0.00059993553441, -0.0041464692913, 0.00403574062511, -0.000953855342232, -0.0117628816515, 0.0312103666365, -0.0104696480557], [0.000288047740469, 0.000155740126502, -0.00221273326315, -0.00212324317545, 0.000590052513871, -0.00021814298816, 0.00137503526639, 0.00168060895521, 0.000528060481884, 0.00294457981363, -0.00122228753753, -0.0104696480557, 0.0264610331506]]
    sccoeffs:
        dmean: [0.0509843118489, 0.0450812056661, 0.0356139279902, 0.0291185490787, 0.0228363666683, 0.0183869339526]
        dmean2: [0.0862443968654, 0.0756208002567, 0.0600365586579, 0.0491228066385, 0.037922475487, 0.0295257531106]
        dvar: [0.00168589293025, 0.00126842269674, 0.000818227475975, 0.00053585099522, 0.000351505063009, 0.000292107579298]
        dvar2: [0.00472536543384, 0.00350932730362, 0.00226219161414, 0.00149554142263, 0.000929298228584, 0.000710331310984]
        max: [-0.434862673283, -0.54647821188, -0.56007796526, -0.61219483614, -0.590030670166, -0.551551580429]
        mean: [-0.685884654522, -0.796088397503, -0.810325443745, -0.799305379391, -0.775570511818, -0.754491329193]
        median: [-0.684017598629, -0.798062264919, -0.814495027065, -0.799703598022, -0.772988438606, -0.74942690134]
        min: [-0.982904911041, -0.98480284214, -0.98022288084, -0.97113186121, -0.969168066978, -0.965164244175]
        var: [0.00455919047818, 0.00309441401623, 0.00265749474056, 0.00180373166222, 0.00178017152939, 0.00225329003297]
    scvalleys:
        dmean: [0.355671495199, 0.364383131266, 0.289996385574, 0.250259876251, 0.232641071081, 0.283315867186]
        dmean2: [0.598134756088, 0.610089242458, 0.477985709906, 0.407783031464, 0.366609930992, 0.452674597502]
        dvar: [0.0911340788007, 0.103255279362, 0.0697067677975, 0.065327681601, 0.0836951434612, 0.140015393496]
        dvar2: [0.23359207809, 0.253067672253, 0.15684440732, 0.134623736143, 0.160287618637, 0.302650481462]
        max: [-5.33015584946, -5.30878782272, -5.11435699463, -5.26138162613, -5.39278125763, -7.98109817505]
        mean: [-6.99854898453, -7.34292697906, -7.05707025528, -6.92897081375, -7.0281996727, -9.81918907166]
        median: [-6.42593050003, -6.85665082932, -6.55575561523, -6.42387008667, -6.47268724442, -9.29173564911]
        min: [-28.3440475464, -28.0078086853, -27.768447876, -27.7294445038, -27.5149688721, -27.4232559204]
        var: [8.89428520203, 8.34118652344, 8.55503559113, 8.61627101898, 8.68807315826, 6.81201457977]

rhythm:
    beats_loudness:
        dmean: 0.00142867653631
        dmean2: 0.00246929540299
        dvar: 2.03796594178e-006
        dvar2: 6.06209005127e-006
        max: 0.0163142979145
        mean: 0.00612190039828
        median: 0.006018999964
        min: 0
        var: 4.86074304717e-006
    bpm: 164.66355896
    bpm_confidence: 0
    first_peak_bpm: 167
    first_peak_spread: 0
    first_peak_weight: 0.564450502396
    onset_rate: 3.10945487022
    second_peak_bpm: 161
    second_peak_spread: 0.0182481743395
    second_peak_weight: 0.364993214607
    beats_loudness_band_ratio:
        dmean: [0.0974805578589, 0.04082287848, 0.0309964679182, 0.0647996068001, 0.103488571942, 0.0638014227152]
        dmean2: [0.170018970966, 0.0700303688645, 0.0553482621908, 0.111232094467, 0.176670119166, 0.112027309835]
        dvar: [0.0074272621423, 0.00216689403169, 0.00153327081352, 0.00398472277448, 0.00830569397658, 0.00527691375464]
        dvar2: [0.020755501464, 0.00638237595558, 0.00430906191468, 0.0110779237002, 0.0242031961679, 0.0173622258008]
        max: [0.72530412674, 0.657138705254, 0.3868496418, 0.483026981354, 0.867973446846, 0.769889116287]
        mean: [0.161381706595, 0.0612110830843, 0.0432501770556, 0.126790434122, 0.450632154942, 0.168294772506]
        median: [0.141417145729, 0.049935143441, 0.0313772857189, 0.102261088789, 0.451314508915, 0.160184919834]
        min: [0, 0, 0, 0, 0, 0]
        var: [0.0102596404031, 0.00240954919718, 0.00180442607962, 0.00673334626481, 0.0146448193118, 0.00522062554955]
