
metadata:
    version:
        essentia: "2.1-beta2"
    audio_properties:
        analysis_sample_rate: 44100
        bitrate: 240
        channels: 2
        equal_loudness: 1
        length: 277.707763672
        replay_gain: -14.1446456909
        downmix: "mix"
    tags:
        album: "One Way Mirror"
        artist: "One Way Mirror"
        comment: ""
        date: "2008"
        genre: "Metal"
        title: "21st Century"
        tracknumber: "9"

configuration:
    average_loudness:
        compute: 1
        frameSize: 88200
        hopSize: 44100
        silentFrames: "noise"
        windowType: "hann"
    general:
        analysisSampleRate: 44100
        endTime: 2000
        equalLoudness: 1
        nequalLoudness: 0
        shortSound: 0
        startTime: 0
    lowlevel:
        compute: 1
        frameSize: 2048
        hopSize: 1024
        zeroPadding: 0
        silentFrames: "noise"
        windowType: "blackmanharris62"
        mfccStats: ["mean", "cov", "icov"]
        stats: ["mean", "var", "median", "min", "max", "dmean", "dmean2", "dvar", "dvar2"]
    panning:
        compute: 0
        frameSize: 8192
        hopSize: 2048
        zeroPadding: 8192
        silentFrames: "noise"
        windowType: "hann"
        stats: ["copy"]
    rhythm:
        compute: 1
        maxTempo: 208
        minTempo: 40
        method: "degara"
        stats: ["mean", "var", "median", "min", "max", "dmean", "dmean2", "dvar", "dvar2"]
    segmentation:
        compute: 0
        cpw: 5
        inc1: 300
        inc2: 50
        minimumSegmentsLength: 10
        size1: 1000
        size2: 600
    sfx:
        compute: 1
        stats: ["mean", "var", "median", "min", "max", "dmean", "dmean2", "dvar", "dvar2"]
    svm:
        compute: 0
    tonal:
        compute: 1
        frameSize: 4096
        hopSize: 2048
        zeroPadding: 0
        silentFrames: "noise"
        windowType: "blackmanharris62"
        stats: ["mean", "var", "median", "min", "max", "dmean", "dmean2", "dvar", "dvar2"]

lowlevel:
    average_loudness: 0.96573472023
    barkbands_kurtosis:
        dmean: 0.95950627327
        dmean2: 1.60178458691
        dvar: 1.25481665134
        dvar2: 3.35930252075
        max: 30.2341556549
        mean: -0.078226365149
        median: -0.448984503746
        min: -1.88695800304
        var: 2.45307540894
    barkbands_skewness:
        dmean: 0.386620432138
        dmean2: 0.639777839184
        dvar: 0.122020237148
        dvar2: 0.328789740801
        max: 4.67292785645
        mean: -0.784326255322
        median: -0.826644778252
        min: -3.32003426552
        var: 0.391530126333
    barkbands_spread:
        dmean: 7.26370334625
        dmean2: 11.8983697891
        dvar: 46.5564842224
        dvar2: 120.600952148
        max: 80.6159210205
        mean: 30.2748432159
        median: 29.636259079
        min: 1.59976065159
        var: 95.706199646
    dissonance:
        dmean: 0.00638220459223
        dmean2: 0.0110294278711
        dvar: 5.20018911629e-005
        dvar2: 0.000144888093928
        max: 0.500000119209
        mean: 0.490410417318
        median: 0.492625683546
        min: 0.285868734121
        var: 7.97742322902e-005
    hfc:
        dmean: 3.24344944954
        dmean2: 5.47609138489
        dvar: 15.4494686127
        dvar2: 42.4882659912
        max: 45.610408783
        mean: 11.9893655777
        median: 11.8786888123
        min: 1.0658040213e-016
        var: 34.9799079895
    pitch:
        dmean: 753.499755859
        dmean2: 1394.2701416
        dvar: 942209.8125
        dvar2: 2372081.25
        max: 4527.89306641
        mean: 1905.43444824
        median: 2645.96459961
        min: 58.0960006714
        var: 1535403
    pitch_instantaneous_confidence:
        dmean: 0.0744074359536
        dmean2: 0.124071881175
        dvar: 0.00399159360677
        dvar2: 0.0106773087755
        max: 0.93344938755
        mean: 0.325018763542
        median: 0.313070714474
        min: 0.0989009737968
        var: 0.0109728621319
    pitch_salience:
        dmean: 0.0546325072646
        dmean2: 0.0925544053316
        dvar: 0.00236995122395
        dvar2: 0.00667688203976
        max: 0.885006785393
        mean: 0.711850523949
        median: 0.723597764969
        min: 0.154649823904
        var: 0.00426479056478
    silence_rate_20dB:
        dmean: 0
        dmean2: 0
        dvar: 0
        dvar2: 0
        max: 1
        mean: 1
        median: 1
        min: 1
        var: 0
    silence_rate_30dB:
        dmean: 0
        dmean2: 0
        dvar: 0
        dvar2: 0
        max: 1
        mean: 1
        median: 1
        min: 1
        var: 0
    silence_rate_60dB:
        dmean: 0.040301002562
        dmean2: 0.0806087478995
        dvar: 0.0386728569865
        dvar2: 0.0866445600986
        max: 1
        mean: 0.11378647387
        median: 0
        min: 0
        var: 0.100840486586
    spectral_centroid:
        dmean: 258.683807373
        dmean2: 434.527832031
        dvar: 67774.640625
        dvar2: 176866.140625
        max: 11889.2724609
        mean: 2170.7109375
        median: 2079.79638672
        min: 376.422058105
        var: 1511436.125
    spectral_complexity:
        dmean: 4.3658862114
        dmean2: 7.05978775024
        dvar: 16.4757957458
        dvar2: 41.3919219971
        max: 51
        mean: 22.5772094727
        median: 24
        min: 0
        var: 77.5734100342
    spectral_crest:
        dmean: 1.53579163551
        dmean2: 2.61404895782
        dvar: 2.13228964806
        dvar2: 5.81843948364
        max: 24.6787376404
        mean: 5.8889670372
        median: 5.49346971512
        min: 2.45920443535
        var: 3.68854546547
    spectral_decrease:
        dmean: 2.74598344063e-010
        dmean2: 4.54636384095e-010
        dvar: 1.05975782216e-019
        dvar2: 2.82745662061e-019
        max: 2.02854999184e-028
        mean: -1.24884280694e-009
        median: -1.23643695282e-009
        min: -4.03778210867e-009
        var: 2.69773324557e-019
    spectral_energy:
        dmean: 0.00128893763758
        dmean2: 0.00214000954293
        dvar: 2.38478946812e-006
        dvar2: 6.38601159153e-006
        max: 0.0185841489583
        mean: 0.00580087909475
        median: 0.00574504770339
        min: 9.83237847855e-021
        var: 6.01430792813e-006
    spectral_energyband_high:
        dmean: 0.000181032839464
        dmean2: 0.000320731429383
        dvar: 7.96137058501e-008
        dvar2: 2.24078149813e-007
        max: 0.00327933137305
        mean: 0.000374376599211
        median: 0.000317330734106
        min: 6.89336294909e-021
        var: 8.37828153522e-008
    spectral_energyband_low:
        dmean: 0.000365240848623
        dmean2: 0.000618341553491
        dvar: 2.19614989305e-007
        dvar2: 5.94480525251e-007
        max: 0.00434499559924
        mean: 0.000547356612515
        median: 0.000428422004916
        min: 1.88791043807e-023
        var: 2.3957741746e-007
    spectral_energyband_middle_high:
        dmean: 0.00104225170799
        dmean2: 0.00171873462386
        dvar: 1.25392966766e-006
        dvar2: 3.32284253091e-006
        max: 0.0128654139116
        mean: 0.0040673064068
        median: 0.00394602585584
        min: 1.11349597416e-021
        var: 3.99500277126e-006
    spectral_energyband_middle_low:
        dmean: 0.000432355736848
        dmean2: 0.000727610255126
        dvar: 3.18785282616e-007
        dvar2: 8.80847437656e-007
        max: 0.00650223065168
        mean: 0.000937382224947
        median: 0.000766210490838
        min: 1.75325535254e-022
        var: 4.93444929361e-007
    spectral_flatness_db:
        dmean: 0.0119411274791
        dmean2: 0.0196427963674
        dvar: 0.000107148436655
        dvar2: 0.000277662591543
        max: 0.351168006659
        mean: 0.129874959588
        median: 0.127761736512
        min: 0.0578152984381
        var: 0.000438454706455
    spectral_flux:
        dmean: 0.00644511543214
        dmean2: 0.00988331716508
        dvar: 4.57000933238e-005
        dvar2: 8.9917150035e-005
        max: 0.105110839009
        mean: 0.0484114103019
        median: 0.0490514785051
        min: 6.27357055194e-011
        var: 0.000204385141842
    spectral_kurtosis:
        dmean: 1.05997037888
        dmean2: 1.75910842419
        dvar: 1.23047089577
        dvar2: 3.29368281364
        max: 34.8458404541
        mean: 4.28803825378
        median: 4.10587930679
        min: -1.27554166317
        var: 4.15189409256
    spectral_rms:
        dmean: 0.000255850143731
        dmean2: 0.000416354945628
        dvar: 7.49589617044e-008
        dvar2: 1.90726964888e-007
        max: 0.00425803661346
        mean: 0.00229932996444
        median: 0.00236747227609
        min: 3.09718656971e-012
        var: 3.72498618617e-007
    spectral_rolloff:
        dmean: 271.804382324
        dmean2: 456.280700684
        dvar: 109958.835938
        dvar2: 242895.671875
        max: 19789.0136719
        mean: 3528.40039063
        median: 3294.58007813
        min: 344.53125
        var: 4159605
    spectral_skewness:
        dmean: 0.162399366498
        dmean2: 0.261779129505
        dvar: 0.0233860760927
        dvar2: 0.0568690784276
        max: 4.33808612823
        mean: 1.47531247139
        median: 1.46948421001
        min: -0.0920600071549
        var: 0.123479709029
    spectral_spread:
        dmean: 436201.875
        dmean2: 676945.1875
        dvar: 333878198272
        dvar2: 657267490816
        max: 43466884
        mean: 4900505.5
        median: 4223347
        min: 1535411
        var: 2.23915645338e+013
    spectral_strongpeak:
        dmean: 0.610965907574
        dmean2: 1.07015073299
        dvar: 0.512427031994
        dvar2: 1.36327540874
        max: 8.10454368591
        mean: 0.71530765295
        median: 0.269309788942
        min: 0
        var: 0.706349074841
    zerocrossingrate:
        dmean: 0.00660016620532
        dmean2: 0.00883021857589
        dvar: 4.16791626776e-005
        dvar2: 6.37348421151e-005
        max: 0.52294921875
        mean: 0.113750465214
        median: 0.109375
        min: 0.01708984375
        var: 0.0028146689292
    barkbands:
        dmean: [4.37435971889e-007, 0.000155352099682, 0.000221314141527, 0.000157414076966, 0.000235116298427, 6.25710090389e-005, 7.05090424162e-005, 3.03388933389e-005, 8.33047524793e-005, 7.89169498603e-005, 8.81623855093e-005, 0.000118638010463, 0.000133277411805, 0.000173139516846, 0.000129834690597, 0.000266523536993, 0.000355067750206, 0.000325005879859, 0.000290032097837, 0.000144018587889, 7.2820323112e-005, 5.68944815313e-005, 8.88927206688e-006, 3.67597067452e-006, 9.63178081292e-007, 5.75109098122e-008, 7.08099245905e-010]
        dmean2: [6.88888462719e-007, 0.000274891994195, 0.00038323647459, 0.000265627109911, 0.00039978773566, 0.000105855884613, 0.00012034484098, 5.05223688378e-005, 0.000135750466143, 0.000132454821141, 0.000147491387906, 0.000197341985768, 0.000221881826292, 0.000287161237793, 0.000215952750295, 0.000448265956948, 0.000597830803599, 0.000546700786799, 0.000489301746711, 0.000249350676313, 0.000126225539134, 0.000103129154013, 1.51457670654e-005, 6.30193153484e-006, 1.55479847308e-006, 9.16460152212e-008, 1.09637066092e-009]
        dvar: [2.79757093142e-013, 6.51601652635e-008, 8.68322018732e-008, 3.78795199651e-008, 1.25728774947e-007, 1.28432358082e-008, 2.25593037584e-008, 2.95305957465e-009, 2.84105734494e-008, 1.37760851615e-008, 2.56848924352e-008, 5.33870689878e-008, 4.96389880311e-008, 9.67995319456e-008, 3.79211648749e-008, 7.90780774196e-008, 1.62986253827e-007, 1.84517503499e-007, 1.25666659301e-007, 5.67966367271e-008, 1.07306519226e-008, 1.0650940574e-008, 1.85682358378e-010, 2.53804303962e-011, 2.0812516207e-012, 9.21735493378e-015, 1.90381180769e-018]
        dvar2: [6.54951461988e-013, 1.76157399778e-007, 2.39899094368e-007, 1.01853906642e-007, 3.50047571374e-007, 3.35141550067e-008, 6.05783014862e-008, 7.75898101324e-009, 6.74931328604e-008, 3.65235202082e-008, 6.99819651118e-008, 1.37158636448e-007, 1.30506961682e-007, 2.49606102898e-007, 1.00094339928e-007, 2.16681442566e-007, 4.39151506271e-007, 4.80469907416e-007, 3.30453161723e-007, 1.60213176059e-007, 3.00886142668e-008, 2.98444327029e-008, 4.63743432544e-010, 6.99966473672e-011, 5.13775523861e-012, 2.19885805934e-014, 3.98471843503e-018]
        max: [4.44847000836e-006, 0.00174530304503, 0.00343748927116, 0.00224075256847, 0.00442053470761, 0.00194330024533, 0.00267417519353, 0.00128557498101, 0.00383729627356, 0.0020894354675, 0.00272152433172, 0.00605944637209, 0.00296188262291, 0.00634413259104, 0.00526581471786, 0.00454288441688, 0.00680675543845, 0.008266675286, 0.00533270137385, 0.00377808255143, 0.00153027637862, 0.0011920556426, 0.000179832743015, 6.5281172283e-005, 2.335454883e-005, 1.74417118615e-006, 2.60672816665e-008]
        mean: [5.93210756961e-007, 0.00015213273582, 0.000297783815768, 0.000206006909139, 0.000347808090737, 8.35638566059e-005, 7.91833808762e-005, 4.36060472566e-005, 0.000138305083965, 0.000125365288113, 0.000130067797727, 0.000184674092452, 0.000220832938794, 0.000280763779301, 0.00023511397012, 0.000563189794775, 0.000802933238447, 0.000713630404789, 0.000663362443447, 0.000279710773611, 0.000150318432134, 7.61628471082e-005, 1.66295976669e-005, 6.97753921486e-006, 2.06947288461e-006, 1.16149152518e-007, 1.36898270497e-009]
        median: [3.44600067592e-007, 7.2747017839e-005, 0.0002030589676, 0.000136671646032, 0.000222340255277, 4.46117992396e-005, 3.2909840229e-005, 2.38325246755e-005, 6.39493810013e-005, 8.31035213196e-005, 5.90271010878e-005, 9.75059374468e-005, 9.97576207737e-005, 0.000150431529619, 0.000153375585796, 0.000505347619765, 0.000719211180694, 0.000612999603618, 0.000587139744312, 0.000233435581322, 0.000128675048472, 4.96877764817e-005, 1.19934866234e-005, 5.46315413885e-006, 1.44400507907e-006, 7.44791890384e-008, 7.46340544922e-010]
        min: [5.09966527751e-025, 2.97181494595e-024, 2.59073803492e-025, 4.88863315245e-025, 6.76774814642e-024, 6.26438665242e-024, 1.03898629462e-023, 4.33707994854e-024, 1.89614646147e-023, 1.62263260841e-023, 9.70332597782e-024, 2.29191608435e-023, 1.70737756887e-023, 3.57594718859e-023, 2.98361488514e-023, 3.78426736763e-023, 5.17194311967e-023, 7.84943674401e-023, 1.25910480357e-022, 1.76500332158e-022, 2.47409145662e-022, 2.6122784302e-022, 3.88078115461e-022, 5.20965054473e-022, 7.99032540842e-022, 1.22317818468e-021, 1.95882811206e-021]
        var: [4.65072696066e-013, 5.11334228293e-008, 9.93388553638e-008, 5.06568511582e-008, 1.51244790914e-007, 1.6244309009e-008, 2.07746193581e-008, 4.65489646828e-009, 6.88111043701e-008, 2.03821919342e-008, 4.14662117976e-008, 7.53942615006e-008, 1.04222984021e-007, 1.57713273552e-007, 7.06732521394e-008, 1.53884442966e-007, 3.61608897492e-007, 3.39908751812e-007, 2.35203643228e-007, 5.76781076234e-008, 1.33953452774e-008, 8.50390247109e-009, 3.17163878494e-010, 3.99945597473e-011, 4.5453757945e-012, 2.00251260344e-014, 4.59056660877e-018]
    frequency_bands:
        dmean: [4.37435971889e-007, 0.000155352099682, 0.000221314141527, 0.000157414076966, 0.000235116298427, 6.25710090389e-005, 7.05090424162e-005, 3.03388933389e-005, 8.33047524793e-005, 7.89169498603e-005, 8.81623855093e-005, 0.000118638010463, 0.000133277411805, 0.000173139516846, 0.000129834690597, 0.000266523536993, 0.000355067750206, 0.000325005879859, 0.000290032097837, 0.000144018587889, 7.2820323112e-005, 5.68944815313e-005, 8.88927206688e-006, 3.67597067452e-006, 9.63178081292e-007, 5.75109098122e-008, 7.08099245905e-010, 6.9201241959e-011]
        dmean2: [6.88888462719e-007, 0.000274891994195, 0.00038323647459, 0.000265627109911, 0.00039978773566, 0.000105855884613, 0.00012034484098, 5.05223688378e-005, 0.000135750466143, 0.000132454821141, 0.000147491387906, 0.000197341985768, 0.000221881826292, 0.000287161237793, 0.000215952750295, 0.000448265956948, 0.000597830803599, 0.000546700786799, 0.000489301746711, 0.000249350676313, 0.000126225539134, 0.000103129154013, 1.51457670654e-005, 6.30193153484e-006, 1.55479847308e-006, 9.16460152212e-008, 1.09637066092e-009, 1.28551766454e-010]
        dvar: [2.79757093142e-013, 6.51601652635e-008, 8.68322018732e-008, 3.78795199651e-008, 1.25728774947e-007, 1.28432358082e-008, 2.25593037584e-008, 2.95305957465e-009, 2.84105734494e-008, 1.37760851615e-008, 2.56848924352e-008, 5.33870689878e-008, 4.96389880311e-008, 9.67995319456e-008, 3.79211648749e-008, 7.90780774196e-008, 1.62986253827e-007, 1.84517503499e-007, 1.25666659301e-007, 5.67966367271e-008, 1.07306519226e-008, 1.0650940574e-008, 1.85682358378e-010, 2.53804303962e-011, 2.0812516207e-012, 9.21735493378e-015, 1.90381180769e-018, 9.01986093482e-021]
        dvar2: [6.54951461988e-013, 1.76157399778e-007, 2.39899094368e-007, 1.01853906642e-007, 3.50047571374e-007, 3.35141550067e-008, 6.05783014862e-008, 7.75898101324e-009, 6.74931328604e-008, 3.65235202082e-008, 6.99819651118e-008, 1.37158636448e-007, 1.30506961682e-007, 2.49606102898e-007, 1.00094339928e-007, 2.16681442566e-007, 4.39151506271e-007, 4.80469907416e-007, 3.30453161723e-007, 1.60213176059e-007, 3.00886142668e-008, 2.98444327029e-008, 4.63743432544e-010, 6.99966473672e-011, 5.13775523861e-012, 2.19885805934e-014, 3.98471843503e-018, 2.86487445874e-020]
        max: [4.44847000836e-006, 0.00174530304503, 0.00343748927116, 0.00224075256847, 0.00442053470761, 0.00194330024533, 0.00267417519353, 0.00128557498101, 0.00383729627356, 0.0020894354675, 0.00272152433172, 0.00605944637209, 0.00296188262291, 0.00634413259104, 0.00526581471786, 0.00454288441688, 0.00680675543845, 0.008266675286, 0.00533270137385, 0.00377808255143, 0.00153027637862, 0.0011920556426, 0.000179832743015, 6.5281172283e-005, 2.335454883e-005, 1.74417118615e-006, 2.60672816665e-008, 1.49131551552e-009]
        mean: [5.93210756961e-007, 0.00015213273582, 0.000297783815768, 0.000206006909139, 0.000347808090737, 8.35638566059e-005, 7.91833808762e-005, 4.36060472566e-005, 0.000138305083965, 0.000125365288113, 0.000130067797727, 0.000184674092452, 0.000220832938794, 0.000280763779301, 0.00023511397012, 0.000563189794775, 0.000802933238447, 0.000713630404789, 0.000663362443447, 0.000279710773611, 0.000150318432134, 7.61628471082e-005, 1.66295976669e-005, 6.97753921486e-006, 2.06947288461e-006, 1.16149152518e-007, 1.36898270497e-009, 5.33963637195e-011]
        median: [3.44600067592e-007, 7.2747017839e-005, 0.0002030589676, 0.000136671646032, 0.000222340255277, 4.46117992396e-005, 3.2909840229e-005, 2.38325246755e-005, 6.39493810013e-005, 8.31035213196e-005, 5.90271010878e-005, 9.75059374468e-005, 9.97576207737e-005, 0.000150431529619, 0.000153375585796, 0.000505347619765, 0.000719211180694, 0.000612999603618, 0.000587139744312, 0.000233435581322, 0.000128675048472, 4.96877764817e-005, 1.19934866234e-005, 5.46315413885e-006, 1.44400507907e-006, 7.44791890384e-008, 7.46340544922e-010, 2.1458014185e-011]
        min: [5.09966527751e-025, 2.97181494595e-024, 2.59073803492e-025, 4.88863315245e-025, 6.76774814642e-024, 6.26438665242e-024, 1.03898629462e-023, 4.33707994854e-024, 1.89614646147e-023, 1.62263260841e-023, 9.70332597782e-024, 2.29191608435e-023, 1.70737756887e-023, 3.57594718859e-023, 2.98361488514e-023, 3.78426736763e-023, 5.17194311967e-023, 7.84943674401e-023, 1.25910480357e-022, 1.76500332158e-022, 2.47409145662e-022, 2.6122784302e-022, 3.88078115461e-022, 5.20965054473e-022, 7.99032540842e-022, 1.22317818468e-021, 1.95882811206e-021, 4.65583232394e-022]
        var: [4.65072696066e-013, 5.11334228293e-008, 9.93388553638e-008, 5.06568511582e-008, 1.51244790914e-007, 1.6244309009e-008, 2.07746193581e-008, 4.65489646828e-009, 6.88111043701e-008, 2.03821919342e-008, 4.14662117976e-008, 7.53942615006e-008, 1.04222984021e-007, 1.57713273552e-007, 7.06732521394e-008, 1.53884442966e-007, 3.61608897492e-007, 3.39908751812e-007, 2.35203643228e-007, 5.76781076234e-008, 1.33953452774e-008, 8.50390247109e-009, 3.17163878494e-010, 3.99945597473e-011, 4.5453757945e-012, 2.00251260344e-014, 4.59056660877e-018, 7.14491713598e-021]
    mfcc:
        mean: [-687.079528809, 86.7563934326, -61.5280532837, 49.744556427, 3.6166472435, 7.48818206787, 2.30487585068, 8.78208255768, -0.879313647747, -5.9340171814, -5.3975481987, -5.6702413559, -7.66792917252]
        cov: [[6585.28076172, 738.255859375, -724.618835449, 586.98614502, -66.9719696045, 69.7759399414, -68.9854125977, 141.04107666, -44.7746620178, -87.2636566162, -25.7805786133, -49.0867156982, -100.650001526], [738.255859375, 670.752990723, -194.019515991, 96.5717468262, -13.194486618, 13.9509067535, 45.0715255737, -44.2589187622, 17.9206562042, -4.92287111282, -9.63994216919, -10.7088804245, -15.9070091248], [-724.618835449, -194.019515991, 270.977874756, -38.4650840759, 20.8280105591, 6.74574995041, -40.105178833, -14.6722869873, -3.10316133499, 12.9812660217, -2.37186741829, -1.30866098404, 29.9158840179], [586.98614502, 96.5717468262, -38.4650840759, 228.416473389, 52.6404533386, 19.6380138397, -22.6377696991, 21.9461936951, 21.2346801758, -1.98904728889, -7.83473539352, -4.30021190643, 5.05050611496], [-66.9719696045, -13.194486618, 20.8280105591, 52.6404533386, 114.116317749, 8.87693119049, -1.5224288702, 11.4642477036, 23.6142349243, 17.9267044067, -1.09907817841, 7.84703683853, 6.52802228928], [69.7759399414, 13.9509067535, 6.74574995041, 19.6380138397, 8.87693119049, 113.114356995, 54.2965621948, 22.4925498962, -7.36964035034, -0.161709234118, 8.73229312897, -4.28078794479, 4.88594532013], [-68.9854125977, 45.0715255737, -40.105178833, -22.6377696991, -1.5224288702, 54.2965621948, 144.93258667, 38.4312171936, -0.884728491306, -12.0792350769, 9.93037509918, 3.8573820591, -1.09653997421], [141.04107666, -44.2589187622, -14.6722869873, 21.9461936951, 11.4642477036, 22.4925498962, 38.4312171936, 101.260375977, 28.1515789032, 13.0196199417, 6.08517408371, 7.08307981491, -4.82267332077], [-44.7746620178, 17.9206562042, -3.10316133499, 21.2346801758, 23.6142349243, -7.36964035034, -0.884728491306, 28.1515789032, 80.2800292969, 37.6732711792, 8.0440826416, -3.41662430763, -7.2321395874], [-87.2636566162, -4.92287111282, 12.9812660217, -1.98904728889, 17.9267044067, -0.161709234118, -12.0792350769, 13.0196199417, 37.6732711792, 77.5532531738, 20.7945384979, 5.92564201355, -10.8127536774], [-25.7805786133, -9.63994216919, -2.37186741829, -7.83473539352, -1.09907817841, 8.73229312897, 9.93037509918, 6.08517408371, 8.0440826416, 20.7945384979, 65.1019210815, 20.1348972321, 6.11661481857], [-49.0867156982, -10.7088804245, -1.30866098404, -4.30021190643, 7.84703683853, -4.28078794479, 3.8573820591, 7.08307981491, -3.41662430763, 5.92564201355, 20.1348972321, 57.3918304443, 20.5226345062], [-100.650001526, -15.9070091248, 29.9158840179, 5.05050611496, 6.52802228928, 4.88594532013, -1.09653997421, -4.82267332077, -7.2321395874, -10.8127536774, 6.11661481857, 20.5226345062, 60.6138725281]]
        icov: [[0.000346490909578, -0.000151846470544, 0.000733189401217, -0.000676709110849, 0.000296775455354, -0.000262654561084, 0.000610802846495, -0.00066639034776, 0.000522633315995, 0.000174932240043, -0.000132385990582, 0.000196750203031, 0.000217569424422], [-0.000151846470544, 0.00238560745493, 0.00115501123946, -0.000735684705433, 0.000437355833128, -0.000169178820215, -0.00127852417063, 0.00242464384064, -0.00122710398864, -0.00053859280888, 0.000639041885734, -0.000149780418724, -0.000254782789852], [0.000733189401217, 0.00115501123946, 0.00710880244151, -0.000690072716679, -0.000225278578, -0.00183972285595, 0.00243713031523, -0.000185804106877, 0.000777072506025, -0.00078427279368, 0.000430699175922, 0.00151591317263, -0.00233250344172], [-0.000676709110849, -0.000735684705433, -0.000690072716679, 0.00767823820934, -0.00348081788979, -0.00116886408068, 0.00160576845519, -0.000880111416336, -0.00175467925146, 0.00126885052305, 0.000277705636108, 0.000374036550056, -0.00132549123373], [0.000296775455354, 0.000437355833128, -0.000225278578, -0.00348081788979, 0.0115015534684, -0.000646319938824, -0.000556884973776, 0.000377415999537, -0.00200390303507, -0.00181987602264, 0.00153947644867, -0.00195505539887, -0.000215002015466], [-0.000262654561084, -0.000169178820215, -0.00183972285595, -0.00116886408068, -0.000646319938824, 0.0126029383391, -0.00529689854011, -0.00112782500219, 0.00280666607432, -0.00180671352427, -0.00154469325207, 0.00249194353819, -0.00128226075321], [0.000610802846495, -0.00127852417063, 0.00243713031523, 0.00160576845519, -0.000556884973776, -0.00529689854011, 0.0122912963852, -0.00531610753387, 0.000599509687163, 0.00334274140187, -0.00153906119522, 4.52902277175e-005, 0.000436221394921], [-0.00066639034776, 0.00242464384064, -0.000185804106877, -0.000880111416336, 0.000377415999537, -0.00112782500219, -0.00531610753387, 0.0163317900151, -0.0063147819601, -0.00121584301814, 0.00145576801151, -0.00305197224952, 0.000864398898557], [0.000522633315995, -0.00122710398864, 0.000777072506025, -0.00175467925146, -0.00200390303507, 0.00280666607432, 0.000599509687163, -0.0063147819601, 0.020640078932, -0.00809894409031, -0.00122041231953, 0.00396043295041, -0.000393365742639], [0.000174932240043, -0.00053859280888, -0.00078427279368, 0.00126885052305, -0.00181987602264, -0.00180671352427, 0.00334274140187, -0.00121584301814, -0.00809894409031, 0.0205760747194, -0.00539398705587, -0.0022450229153, 0.00474447477609], [-0.000132385990582, 0.000639041885734, 0.000430699175922, 0.000277705636108, 0.00153947644867, -0.00154469325207, -0.00153906119522, 0.00145576801151, -0.00122041231953, -0.00539398705587, 0.0197432823479, -0.00638595223427, -0.00117913004942], [0.000196750203031, -0.000149780418724, 0.00151591317263, 0.000374036550056, -0.00195505539887, 0.00249194353819, 4.52902277175e-005, -0.00305197224952, 0.00396043295041, -0.0022450229153, -0.00638595223427, 0.0240799691528, -0.00816078763455], [0.000217569424422, -0.000254782789852, -0.00233250344172, -0.00132549123373, -0.000215002015466, -0.00128226075321, 0.000436221394921, 0.000864398898557, -0.000393365742639, 0.00474447477609, -0.00117913004942, -0.00816078763455, 0.0219386015087]]
    sccoeffs:
        dmean: [0.0553661622107, 0.0465883985162, 0.0365942902863, 0.0312418267131, 0.0222722161561, 0.0188172310591]
        dmean2: [0.0937556922436, 0.0771696791053, 0.0618975237012, 0.0529427230358, 0.0370867438614, 0.0305182952434]
        dvar: [0.00195315759629, 0.00140390556771, 0.000838385429233, 0.000623678381089, 0.000316293735523, 0.000283666769974]
        dvar2: [0.00551488157362, 0.00382675346918, 0.00230541080236, 0.00172563572414, 0.000874682038557, 0.000709777406882]
        max: [-0.396596610546, -0.495408117771, -0.562455356121, -0.585609674454, -0.573445856571, -0.613231837749]
        mean: [-0.67583823204, -0.79390925169, -0.808313548565, -0.789766013622, -0.774489998817, -0.750098526478]
        median: [-0.674568116665, -0.800356626511, -0.812931537628, -0.79148876667, -0.770776927471, -0.745202481747]
        min: [-0.978159189224, -0.979176282883, -0.976348519325, -0.973856687546, -0.968597948551, -0.964761316776]
        var: [0.00500660482794, 0.00376664148644, 0.00251295790076, 0.00211051665246, 0.0016419562744, 0.00170113507193]
    scvalleys:
        dmean: [0.386735886335, 0.370766282082, 0.298410028219, 0.241761565208, 0.205564200878, 0.249035567045]
        dmean2: [0.645422101021, 0.617910861969, 0.491665035486, 0.395930558443, 0.338239848614, 0.406032830477]
        dvar: [0.10960868001, 0.111500799656, 0.0794346109033, 0.0599592141807, 0.0577687732875, 0.0891038179398]
        dvar2: [0.27144408226, 0.270724117756, 0.177011400461, 0.129397049546, 0.120550461113, 0.214360326529]
        max: [-5.32841253281, -5.09612989426, -4.99438238144, -5.24816989899, -5.31646585464, -7.98890399933]
        mean: [-6.97372055054, -7.26294231415, -6.97006082535, -6.87141799927, -6.94279670715, -9.62522506714]
        median: [-6.48998975754, -6.83728504181, -6.5546002388, -6.44236040115, -6.46873235703, -9.1721868515]
        min: [-28.2157287598, -28.0145950317, -28.0265960693, -27.8980102539, -27.5022087097, -27.3930873871]
        var: [7.77609348297, 7.58379364014, 7.62600708008, 7.62065172195, 7.65533542633, 6.04898071289]

rhythm:
    beats_loudness:
        dmean: 0.00131900201086
        dmean2: 0.00226719072089
        dvar: 1.30129569698e-006
        dvar2: 3.82627104045e-006
        max: 0.0122353537008
        mean: 0.0060468907468
        median: 0.00612001493573
        min: 0
        var: 3.8492044041e-006
    bpm: 178.206207275
    bpm_confidence: 0
    first_peak_bpm: 178
    first_peak_spread: 0
    first_peak_weight: 0.610640883446
    onset_rate: 2.35499382019
    second_peak_bpm: 185
    second_peak_spread: 0
    second_peak_weight: 0.310761779547
    beats_loudness_band_ratio:
        dmean: [0.115399636328, 0.043143581599, 0.0426870472729, 0.085224956274, 0.122223496437, 0.0576967485249]
        dmean2: [0.202191725373, 0.0761623904109, 0.0762494876981, 0.148931115866, 0.215055346489, 0.0980758368969]
        dvar: [0.00903176236898, 0.00194522493985, 0.00356341362931, 0.0080536454916, 0.00962574128062, 0.00238792249002]
        dvar2: [0.0273600090295, 0.00549076125026, 0.0107615971938, 0.0209919735789, 0.0285921990871, 0.00664280308411]
        max: [0.544106483459, 0.5099157691, 0.852992594242, 0.807200074196, 0.779684484005, 0.394306570292]
        mean: [0.185759499669, 0.0632008984685, 0.0553744323552, 0.133210450411, 0.414974153042, 0.162643015385]
        median: [0.163775742054, 0.0495636835694, 0.0398054942489, 0.0993849784136, 0.417970955372, 0.155212372541]
        min: [0, 0, 0, 0, 0, 0]
        var: [0.013564042747, 0.00280737364665, 0.0032243526075, 0.0103751253337, 0.0194689594209, 0.0043982276693]
