
metadata:
    version:
        essentia: "2.1-beta2"
    audio_properties:
        analysis_sample_rate: 44100
        bitrate: 213
        channels: 2
        equal_loudness: 1
        length: 235.807342529
        replay_gain: -14.2650184631
        downmix: "mix"
    tags:
        album: "One Way Mirror"
        artist: "One Way Mirror"
        comment: ""
        date: "2008"
        genre: "Metal"
        title: "Relax"
        tracknumber: "10"

configuration:
    average_loudness:
        compute: 1
        frameSize: 88200
        hopSize: 44100
        silentFrames: "noise"
        windowType: "hann"
    general:
        analysisSampleRate: 44100
        endTime: 2000
        equalLoudness: 1
        nequalLoudness: 0
        shortSound: 0
        startTime: 0
    lowlevel:
        compute: 1
        frameSize: 2048
        hopSize: 1024
        zeroPadding: 0
        silentFrames: "noise"
        windowType: "blackmanharris62"
        mfccStats: ["mean", "cov", "icov"]
        stats: ["mean", "var", "median", "min", "max", "dmean", "dmean2", "dvar", "dvar2"]
    panning:
        compute: 0
        frameSize: 8192
        hopSize: 2048
        zeroPadding: 8192
        silentFrames: "noise"
        windowType: "hann"
        stats: ["copy"]
    rhythm:
        compute: 1
        maxTempo: 208
        minTempo: 40
        method: "degara"
        stats: ["mean", "var", "median", "min", "max", "dmean", "dmean2", "dvar", "dvar2"]
    segmentation:
        compute: 0
        cpw: 5
        inc1: 300
        inc2: 50
        minimumSegmentsLength: 10
        size1: 1000
        size2: 600
    sfx:
        compute: 1
        stats: ["mean", "var", "median", "min", "max", "dmean", "dmean2", "dvar", "dvar2"]
    svm:
        compute: 0
    tonal:
        compute: 1
        frameSize: 4096
        hopSize: 2048
        zeroPadding: 0
        silentFrames: "noise"
        windowType: "blackmanharris62"
        stats: ["mean", "var", "median", "min", "max", "dmean", "dmean2", "dvar", "dvar2"]

lowlevel:
    average_loudness: 0.899639368057
    barkbands_kurtosis:
        dmean: 0.671740889549
        dmean2: 1.11680233479
        dvar: 0.713422775269
        dvar2: 1.83717763424
        max: 15.2373561859
        mean: -0.526150047779
        median: -0.893872857094
        min: -1.83600270748
        var: 1.62769711018
    barkbands_skewness:
        dmean: 0.398463189602
        dmean2: 0.644342243671
        dvar: 0.138276234269
        dvar2: 0.360163837671
        max: 3.51339817047
        mean: -0.275575071573
        median: -0.319200456142
        min: -2.54075741768
        var: 0.487175762653
    barkbands_spread:
        dmean: 6.32909679413
        dmean2: 10.0203504562
        dvar: 31.1995067596
        dvar2: 71.201423645
        max: 68.3813934326
        mean: 32.3665733337
        median: 32.0725021362
        min: 3.33307480812
        var: 104.211357117
    dissonance:
        dmean: 0.0113493734971
        dmean2: 0.0194601882249
        dvar: 0.000172564497916
        dvar2: 0.00047487943084
        max: 0.500000059605
        mean: 0.482909440994
        median: 0.488417208195
        min: 0.322477132082
        var: 0.000293065560982
    hfc:
        dmean: 2.79212450981
        dmean2: 4.72911500931
        dvar: 12.420589447
        dvar2: 35.5038452148
        max: 37.4577255249
        mean: 10.04966259
        median: 10.0888404846
        min: 1.05269420121e-016
        var: 34.6219711304
    pitch:
        dmean: 755.374633789
        dmean2: 1421.9375
        dvar: 1075831.75
        dvar2: 2685778.25
        max: 5482.16357422
        mean: 1105.5279541
        median: 366.644165039
        min: 65.4791259766
        var: 1441894.875
    pitch_instantaneous_confidence:
        dmean: 0.0788616612554
        dmean2: 0.129056245089
        dvar: 0.00466986745596
        dvar2: 0.0116195073351
        max: 0.905582785606
        mean: 0.33237990737
        median: 0.307749330997
        min: 0.0936642885208
        var: 0.016303807497
    pitch_salience:
        dmean: 0.0624571032822
        dmean2: 0.103937320411
        dvar: 0.00344034982845
        dvar2: 0.00944304279983
        max: 0.922091543674
        mean: 0.663732409477
        median: 0.677044630051
        min: 0.202340990305
        var: 0.00766563136131
    silence_rate_20dB:
        dmean: 0
        dmean2: 0
        dvar: 0
        dvar2: 0
        max: 1
        mean: 1
        median: 1
        min: 1
        var: 0
    silence_rate_30dB:
        dmean: 0
        dmean2: 0
        dvar: 0
        dvar2: 0
        max: 1
        mean: 1
        median: 1
        min: 1
        var: 0
    silence_rate_60dB:
        dmean: 0.0289484057575
        dmean2: 0.0579025112092
        dvar: 0.0281088743359
        dvar2: 0.0683397948742
        max: 1
        mean: 0.178103774786
        median: 0
        min: 0
        var: 0.146398931742
    spectral_centroid:
        dmean: 286.936859131
        dmean2: 464.922363281
        dvar: 90144.3125
        dvar2: 228183.796875
        max: 11736.5078125
        mean: 1995.70031738
        median: 1847.9934082
        min: 324.180664063
        var: 1944620.875
    spectral_complexity:
        dmean: 4.35250091553
        dmean2: 7.35617923737
        dvar: 20.8035011292
        dvar2: 58.21352005
        max: 47
        mean: 19.3267688751
        median: 21
        min: 0
        var: 92.7496261597
    spectral_crest:
        dmean: 1.97031116486
        dmean2: 3.36014199257
        dvar: 4.02093553543
        dvar2: 10.798579216
        max: 23.4652729034
        mean: 6.14757919312
        median: 5.45627212524
        min: 2.07893276215
        var: 7.33910894394
    spectral_decrease:
        dmean: 2.831510304e-010
        dmean2: 4.70052829993e-010
        dvar: 1.09243869419e-019
        dvar2: 2.94175695464e-019
        max: 2.5559179996e-028
        mean: -1.19328324999e-009
        median: -1.21165955047e-009
        min: -3.77230202631e-009
        var: 3.757148951e-019
    spectral_energy:
        dmean: 0.00126956962049
        dmean2: 0.00212423875928
        dvar: 2.26499128075e-006
        dvar2: 6.17157320448e-006
        max: 0.0176350492984
        mean: 0.00541526405141
        median: 0.00547244679183
        min: 9.89236280545e-021
        var: 7.79586935096e-006
    spectral_energyband_high:
        dmean: 0.000211533551919
        dmean2: 0.000367561413441
        dvar: 9.95164128881e-008
        dvar2: 2.75725312804e-007
        max: 0.00320755410939
        mean: 0.0004634646466
        median: 0.000373243208742
        min: 7.08489807395e-021
        var: 1.65031053712e-007
    spectral_energyband_low:
        dmean: 0.000415191490902
        dmean2: 0.000671152898576
        dvar: 3.94585072172e-007
        dvar2: 1.00241379641e-006
        max: 0.0058790226467
        mean: 0.000594360753894
        median: 0.00041229755152
        min: 7.66947690338e-024
        var: 4.39978862232e-007
    spectral_energyband_middle_high:
        dmean: 0.000904228305444
        dmean2: 0.00148782855831
        dvar: 9.8025736861e-007
        dvar2: 2.65574863079e-006
        max: 0.0127818835899
        mean: 0.00323364976794
        median: 0.00307549908757
        min: 1.20079260936e-021
        var: 4.00701765102e-006
    spectral_energyband_middle_low:
        dmean: 0.000597850303166
        dmean2: 0.00100696086884
        dvar: 5.73418105887e-007
        dvar2: 1.57340252827e-006
        max: 0.00811058655381
        mean: 0.00128578569274
        median: 0.0010843166383
        min: 1.59548721046e-022
        var: 9.33363935474e-007
    spectral_flatness_db:
        dmean: 0.0141887841746
        dmean2: 0.0228617992252
        dvar: 0.000186191056855
        dvar2: 0.000463260890683
        max: 0.311200469732
        mean: 0.117389813066
        median: 0.112155131996
        min: 0.0372254624963
        var: 0.000811179284938
    spectral_flux:
        dmean: 0.00753904879093
        dmean2: 0.0117234084755
        dvar: 6.41968290438e-005
        dvar2: 0.000126608123537
        max: 0.0999889075756
        mean: 0.044842902571
        median: 0.0463681221008
        min: 6.36239880225e-011
        var: 0.000326020410284
    spectral_kurtosis:
        dmean: 0.834195137024
        dmean2: 1.3534245491
        dvar: 1.13222301006
        dvar2: 3.04290533066
        max: 25.2066936493
        mean: 3.42371249199
        median: 3.0997800827
        min: -1.25796210766
        var: 4.10262489319
    spectral_rms:
        dmean: 0.000257313979091
        dmean2: 0.000424385012593
        dvar: 7.7795405673e-008
        dvar2: 2.08466076401e-007
        max: 0.00414788210765
        mean: 0.0021671212744
        median: 0.002310621785
        min: 3.10661977913e-012
        var: 5.86764542732e-007
    spectral_rolloff:
        dmean: 412.322570801
        dmean2: 691.976013184
        dvar: 247016.703125
        dvar2: 612644.625
        max: 19638.28125
        mean: 3540.25756836
        median: 3229.98046875
        min: 258.3984375
        var: 5407891.5
    spectral_skewness:
        dmean: 0.145497396588
        dmean2: 0.228886395693
        dvar: 0.0232610795647
        dvar2: 0.0560308694839
        max: 3.34489011765
        mean: 1.45220553875
        median: 1.45205283165
        min: -0.0873169973493
        var: 0.139192074537
    spectral_spread:
        dmean: 541587.6875
        dmean2: 786785.5625
        dvar: 588845416448
        dvar2: 1.15279580365e+012
        max: 42729100
        mean: 6244081
        median: 5541309.5
        min: 1642100.625
        var: 2.63302466765e+013
    spectral_strongpeak:
        dmean: 0.538516044617
        dmean2: 0.937046408653
        dvar: 0.523683547974
        dvar2: 1.34277975559
        max: 9.17088317871
        mean: 0.706867337227
        median: 0.262088119984
        min: 1.45979218297e-011
        var: 0.831246137619
    zerocrossingrate:
        dmean: 0.00899267289788
        dmean2: 0.0116271041334
        dvar: 7.5431787991e-005
        dvar2: 0.000116726012493
        max: 0.52783203125
        mean: 0.10917828232
        median: 0.1025390625
        min: 0.025390625
        var: 0.0037039257586
    barkbands:
        dmean: [3.88169866028e-007, 0.000232309917919, 0.000207885546843, 0.000185204844456, 0.000295274192467, 0.000127827486722, 6.56424817862e-005, 5.59086511203e-005, 0.000137232083944, 0.00013360408775, 0.000155396090122, 0.000131318345666, 0.000119723466923, 0.000122961209854, 0.00012141285697, 0.000201970964554, 0.000273683224805, 0.000237190688495, 0.000169814084074, 0.000155820220243, 0.000100783261587, 4.4690015784e-005, 1.45122112372e-005, 4.69217093269e-006, 3.04577156385e-006, 1.30328544401e-007, 2.20039830801e-009]
        dmean2: [6.13368229097e-007, 0.000377429503715, 0.00037285927101, 0.00032301954343, 0.000495931191836, 0.000215555992327, 0.000116117407742, 9.17346333154e-005, 0.000218117522309, 0.000217676613829, 0.000249367352808, 0.000217396824155, 0.000200212773052, 0.000203492600122, 0.000196879598661, 0.000334924086928, 0.000455988978501, 0.00040057048318, 0.000288559822366, 0.000268417003099, 0.000178203103133, 7.52168416511e-005, 2.38979719143e-005, 7.6518554124e-006, 4.73152749692e-006, 2.10480394003e-007, 3.35344840785e-009]
        dvar: [2.46612897204e-013, 1.45579051036e-007, 1.34343665081e-007, 9.42636049217e-008, 1.62715565466e-007, 4.00110877763e-008, 1.9694033071e-008, 1.31420216931e-008, 6.82382719219e-008, 1.10465393277e-007, 1.25224474345e-007, 7.63473622101e-008, 6.43895745611e-008, 5.51625802814e-008, 4.64354279472e-008, 7.65934586866e-008, 1.21314627677e-007, 1.02396583657e-007, 4.79087418626e-008, 4.41291589937e-008, 2.25245777585e-008, 5.01357266813e-009, 5.61452773162e-010, 5.30373557572e-011, 4.43871640832e-011, 7.96026994863e-014, 2.99124391367e-017]
        dvar2: [5.38400758438e-013, 3.60742262728e-007, 3.82863618142e-007, 2.70829644933e-007, 4.28379848927e-007, 1.05824625507e-007, 5.64105420153e-008, 3.29332081606e-008, 1.65708783584e-007, 2.89904704687e-007, 3.13436601118e-007, 1.95359348254e-007, 1.71267956262e-007, 1.4620576394e-007, 1.18521128911e-007, 1.9757924008e-007, 3.14770005616e-007, 2.73312338095e-007, 1.26849258208e-007, 1.21890963101e-007, 6.36251655806e-008, 1.24772663312e-008, 1.3386088904e-009, 1.32747632331e-010, 1.04146836988e-010, 1.81944289821e-013, 7.71143559741e-017]
        max: [4.67875815957e-006, 0.00248086964712, 0.00361616723239, 0.00333489710465, 0.00469132652506, 0.002600266831, 0.00191585940775, 0.0024707489647, 0.00488628679886, 0.00681087141857, 0.0070983110927, 0.00578331155702, 0.00527338171378, 0.00502134393901, 0.00430635036901, 0.00678201764822, 0.00751710217446, 0.00616890890524, 0.00422676187009, 0.00305073871277, 0.00154256727546, 0.00111699546687, 0.000367010012269, 0.000129839303554, 0.000130576285301, 6.43855173621e-006, 8.7139653715e-008]
        mean: [5.07130152982e-007, 0.000240333902184, 0.000221721697017, 0.000236034422414, 0.000429465027992, 0.000178293383215, 7.44472490624e-005, 7.98184628366e-005, 0.000236363470322, 0.000203415227588, 0.000234200488194, 0.000208327270229, 0.000180168237421, 0.000199711503228, 0.000216724860366, 0.000415133719798, 0.000581739412155, 0.000492290651891, 0.000369257322745, 0.000310004426865, 0.000177471752977, 8.38030609884e-005, 2.8229002055e-005, 1.12752140922e-005, 6.29850910627e-006, 2.20376847437e-007, 3.67365760034e-009]
        median: [2.54397605204e-007, 0.00010318258137, 0.000120384705951, 0.000125929742353, 0.000285501824692, 0.000101392317447, 3.96185241698e-005, 3.6186655052e-005, 0.000107243344246, 6.98427611496e-005, 9.78712268989e-005, 0.000108967396955, 9.14184638532e-005, 9.89963155007e-005, 0.00010972491873, 0.000329582137056, 0.000487530953251, 0.000400461518439, 0.000317034777254, 0.000245992821874, 0.000131925640744, 5.7255198044e-005, 1.90011705854e-005, 8.19760680315e-006, 4.72092415293e-006, 1.43796157204e-007, 1.35109234911e-009]
        min: [5.88258083699e-027, 1.48157997926e-024, 9.95004656467e-025, 9.33300548106e-025, 8.44680545102e-024, 5.95370522338e-024, 5.61242032995e-024, 6.88959796842e-024, 8.78985187085e-024, 8.16131037854e-024, 1.3707406439e-023, 1.79851419594e-023, 3.14359808553e-023, 3.30749876918e-023, 4.39217367861e-023, 4.90366793411e-023, 4.76383886768e-023, 7.68866878479e-023, 1.15232446522e-022, 1.65337975592e-022, 2.38621159447e-022, 3.0432173655e-022, 3.69458625205e-022, 5.32508929415e-022, 8.18711351387e-022, 1.26232335607e-021, 1.90342599417e-021]
        var: [4.02211955148e-013, 1.45262944784e-007, 1.01721681744e-007, 9.52528935727e-008, 2.17091780996e-007, 5.20683833827e-008, 1.5427090716e-008, 2.1598248523e-008, 1.56944253149e-007, 2.0268970502e-007, 2.26771334155e-007, 1.19992364489e-007, 7.91566847624e-008, 8.67178329145e-008, 9.31408621341e-008, 1.69605357314e-007, 2.7555199722e-007, 2.1620614632e-007, 1.01082768822e-007, 7.69712968918e-008, 2.92003115021e-008, 1.03000967755e-008, 1.31263755421e-009, 1.30931945841e-010, 6.71997318902e-011, 1.13640406764e-013, 5.10578159541e-017]
    frequency_bands:
        dmean: [3.88169866028e-007, 0.000232309917919, 0.000207885546843, 0.000185204844456, 0.000295274192467, 0.000127827486722, 6.56424817862e-005, 5.59086511203e-005, 0.000137232083944, 0.00013360408775, 0.000155396090122, 0.000131318345666, 0.000119723466923, 0.000122961209854, 0.00012141285697, 0.000201970964554, 0.000273683224805, 0.000237190688495, 0.000169814084074, 0.000155820220243, 0.000100783261587, 4.4690015784e-005, 1.45122112372e-005, 4.69217093269e-006, 3.04577156385e-006, 1.30328544401e-007, 2.20039830801e-009, 6.28507176859e-011]
        dmean2: [6.13368229097e-007, 0.000377429503715, 0.00037285927101, 0.00032301954343, 0.000495931191836, 0.000215555992327, 0.000116117407742, 9.17346333154e-005, 0.000218117522309, 0.000217676613829, 0.000249367352808, 0.000217396824155, 0.000200212773052, 0.000203492600122, 0.000196879598661, 0.000334924086928, 0.000455988978501, 0.00040057048318, 0.000288559822366, 0.000268417003099, 0.000178203103133, 7.52168416511e-005, 2.38979719143e-005, 7.6518554124e-006, 4.73152749692e-006, 2.10480394003e-007, 3.35344840785e-009, 1.1669465394e-010]
        dvar: [2.46612897204e-013, 1.45579051036e-007, 1.34343665081e-007, 9.42636049217e-008, 1.62715565466e-007, 4.00110877763e-008, 1.9694033071e-008, 1.31420216931e-008, 6.82382719219e-008, 1.10465393277e-007, 1.25224474345e-007, 7.63473622101e-008, 6.43895745611e-008, 5.51625802814e-008, 4.64354279472e-008, 7.65934586866e-008, 1.21314627677e-007, 1.02396583657e-007, 4.79087418626e-008, 4.41291589937e-008, 2.25245777585e-008, 5.01357266813e-009, 5.61452773162e-010, 5.30373557572e-011, 4.43871640832e-011, 7.96026994863e-014, 2.99124391367e-017, 8.31325401345e-021]
        dvar2: [5.38400758438e-013, 3.60742262728e-007, 3.82863618142e-007, 2.70829644933e-007, 4.28379848927e-007, 1.05824625507e-007, 5.64105420153e-008, 3.29332081606e-008, 1.65708783584e-007, 2.89904704687e-007, 3.13436601118e-007, 1.95359348254e-007, 1.71267956262e-007, 1.4620576394e-007, 1.18521128911e-007, 1.9757924008e-007, 3.14770005616e-007, 2.73312338095e-007, 1.26849258208e-007, 1.21890963101e-007, 6.36251655806e-008, 1.24772663312e-008, 1.3386088904e-009, 1.32747632331e-010, 1.04146836988e-010, 1.81944289821e-013, 7.71143559741e-017, 2.64834458533e-020]
        max: [4.67875815957e-006, 0.00248086964712, 0.00361616723239, 0.00333489710465, 0.00469132652506, 0.002600266831, 0.00191585940775, 0.0024707489647, 0.00488628679886, 0.00681087141857, 0.0070983110927, 0.00578331155702, 0.00527338171378, 0.00502134393901, 0.00430635036901, 0.00678201764822, 0.00751710217446, 0.00616890890524, 0.00422676187009, 0.00305073871277, 0.00154256727546, 0.00111699546687, 0.000367010012269, 0.000129839303554, 0.000130576285301, 6.43855173621e-006, 8.7139653715e-008, 1.04451247651e-009]
        mean: [5.07130152982e-007, 0.000240333902184, 0.000221721697017, 0.000236034422414, 0.000429465027992, 0.000178293383215, 7.44472490624e-005, 7.98184628366e-005, 0.000236363470322, 0.000203415227588, 0.000234200488194, 0.000208327270229, 0.000180168237421, 0.000199711503228, 0.000216724860366, 0.000415133719798, 0.000581739412155, 0.000492290651891, 0.000369257322745, 0.000310004426865, 0.000177471752977, 8.38030609884e-005, 2.8229002055e-005, 1.12752140922e-005, 6.29850910627e-006, 2.20376847437e-007, 3.67365760034e-009, 4.8952460141e-011]
        median: [2.54397605204e-007, 0.00010318258137, 0.000120384705951, 0.000125929742353, 0.000285501824692, 0.000101392317447, 3.96185241698e-005, 3.6186655052e-005, 0.000107243344246, 6.98427611496e-005, 9.78712268989e-005, 0.000108967396955, 9.14184638532e-005, 9.89963155007e-005, 0.00010972491873, 0.000329582137056, 0.000487530953251, 0.000400461518439, 0.000317034777254, 0.000245992821874, 0.000131925640744, 5.7255198044e-005, 1.90011705854e-005, 8.19760680315e-006, 4.72092415293e-006, 1.43796157204e-007, 1.35109234911e-009, 1.76173641647e-011]
        min: [5.88258083699e-027, 1.48157997926e-024, 9.95004656467e-025, 9.33300548106e-025, 8.44680545102e-024, 5.95370522338e-024, 5.61242032995e-024, 6.88959796842e-024, 8.78985187085e-024, 8.16131037854e-024, 1.3707406439e-023, 1.79851419594e-023, 3.14359808553e-023, 3.30749876918e-023, 4.39217367861e-023, 4.90366793411e-023, 4.76383886768e-023, 7.68866878479e-023, 1.15232446522e-022, 1.65337975592e-022, 2.38621159447e-022, 3.0432173655e-022, 3.69458625205e-022, 5.32508929415e-022, 8.18711351387e-022, 1.26232335607e-021, 1.90342599417e-021, 4.73695650751e-022]
        var: [4.02211955148e-013, 1.45262944784e-007, 1.01721681744e-007, 9.52528935727e-008, 2.17091780996e-007, 5.20683833827e-008, 1.5427090716e-008, 2.1598248523e-008, 1.56944253149e-007, 2.0268970502e-007, 2.26771334155e-007, 1.19992364489e-007, 7.91566847624e-008, 8.67178329145e-008, 9.31408621341e-008, 1.69605357314e-007, 2.7555199722e-007, 2.1620614632e-007, 1.01082768822e-007, 7.69712968918e-008, 2.92003115021e-008, 1.03000967755e-008, 1.31263755421e-009, 1.30931945841e-010, 6.71997318902e-011, 1.13640406764e-013, 5.10578159541e-017, 6.61983071872e-021]
    mfcc:
        mean: [-695.002868652, 86.6663208008, -44.3297729492, 40.6383781433, -1.56432855129, 2.77944135666, 3.78850531578, 5.51275348663, 2.30427956581, -8.77433776855, -5.65862464905, -4.47446870804, -5.3693819046]
        cov: [[11370.1503906, 878.273010254, -865.136657715, 783.132995605, 192.882339478, 260.730834961, -91.2037811279, 96.9324569702, 1.06361019611, -171.629241943, -220.424285889, -141.090667725, -100.487602234], [878.273010254, 837.519287109, -267.172210693, 155.700927734, -60.8512573242, -48.9021034241, 68.2252883911, 22.5254116058, 42.7173118591, -37.8137321472, 13.7462215424, 0.0785029456019, -41.6122016907], [-865.136657715, -267.172210693, 386.68637085, -64.0610122681, 6.70891809464, 10.4501810074, 0.681842565536, -14.7334794998, -18.6594562531, 31.4100418091, 9.4767074585, 11.6914205551, 49.2608184814], [783.132995605, 155.700927734, -64.0610122681, 250.33152771, 80.1931915283, 14.1053705215, -18.9647598267, 7.01971530914, 7.61931991577, -18.251707077, -7.04024791718, 8.05094718933, 12.0073957443], [192.882339478, -60.8512573242, 6.70891809464, 80.1931915283, 192.935470581, 40.5329399109, -16.4629173279, -2.31745314598, 3.55111193657, 8.44485378265, -10.1017942429, 4.42196941376, 17.9360256195], [260.730834961, -48.9021034241, 10.4501810074, 14.1053705215, 40.5329399109, 127.396835327, 44.0254020691, 16.3565788269, 0.450681775808, 10.0219459534, 0.516553282738, -1.16296350956, 3.84829545021], [-91.2037811279, 68.2252883911, 0.681842565536, -18.9647598267, -16.4629173279, 44.0254020691, 133.292007446, 49.1768417358, 13.717247963, -3.56210231781, 10.6842603683, 5.68874835968, -1.90340554714], [96.9324569702, 22.5254116058, -14.7334794998, 7.01971530914, -2.31745314598, 16.3565788269, 49.1768417358, 82.1586837769, 34.6045646667, 4.39093875885, 3.86125731468, -0.944154560566, 0.433528214693], [1.06361019611, 42.7173118591, -18.6594562531, 7.61931991577, 3.55111193657, 0.450681775808, 13.717247963, 34.6045646667, 77.0959320068, 33.8594703674, 8.41127872467, -2.80877614021, -5.85429477692], [-171.629241943, -37.8137321472, 31.4100418091, -18.251707077, 8.44485378265, 10.0219459534, -3.56210231781, 4.39093875885, 33.8594703674, 72.8879470825, 28.1147022247, 3.79687190056, -0.366087377071], [-220.424285889, 13.7462215424, 9.4767074585, -7.04024791718, -10.1017942429, 0.516553282738, 10.6842603683, 3.86125731468, 8.41127872467, 28.1147022247, 71.6981430054, 31.205619812, 2.38781499863], [-141.090667725, 0.0785029456019, 11.6914205551, 8.05094718933, 4.42196941376, -1.16296350956, 5.68874835968, -0.944154560566, -2.80877614021, 3.79687190056, 31.205619812, 63.3767776489, 27.3945674896], [-100.487602234, -41.6122016907, 49.2608184814, 12.0073957443, 17.9360256195, 3.84829545021, -1.90340554714, 0.433528214693, -5.85429477692, -0.366087377071, 2.38781499863, 27.3945674896, 62.1835632324]]
        icov: [[0.000157763221068, -6.9570443884e-005, 0.000231592013733, -0.000364879204426, 8.04851806606e-005, -0.000423416495323, 0.000289933464956, -0.000264419068117, 0.000161098883837, 1.25190717881e-005, 0.000335474702297, 0.000129224426928, 5.45168513781e-005], [-6.9570443884e-005, 0.00223232456483, 0.0010209963657, -0.00138079456519, 0.000815202191006, 0.00127583951689, -0.00196912372485, 0.00126199668739, -0.00128850596957, 0.000650096160825, -0.000753057189286, 0.000132649132865, 0.000309055147227], [0.000231592013733, 0.0010209963657, 0.0042167021893, -0.000515029532835, 0.000400850054575, -7.74849759182e-005, -0.00078834022861, 0.0004669027403, 0.000899606267922, -0.00152856460772, 0.000175044799107, 0.00107361900155, -0.002725684084], [-0.000364879204426, -0.00138079456519, -0.000515029532835, 0.00710701616481, -0.00279943970963, -0.000195980624994, 0.00163104583044, -0.000688683008775, -0.000620271428488, 0.00155463279225, -0.000875299447216, -0.000707836879883, -0.00130746408831], [8.04851806606e-005, 0.000815202191006, 0.000400850054575, -0.00279943970963, 0.00720745697618, -0.00199435325339, 0.000519572000485, 0.000466034631245, -0.000439471943537, -0.00113043608144, 0.00134850258473, -0.000297139049508, -0.00101313053165], [-0.000423416495323, 0.00127583951689, -7.74849759182e-005, -0.000195980624994, -0.00199435325339, 0.011897906661, -0.00559030706063, 0.000776212138589, 0.00108573387843, -0.00240451213904, -0.000523842289113, 0.000492752704304, -0.000177738460479], [0.000289933464956, -0.00196912372485, -0.00078834022861, 0.00163104583044, 0.000519572000485, -0.00559030706063, 0.0137376049533, -0.00765875400975, 0.00089212693274, 0.00207543349825, -0.00046780728735, -0.00106236955617, 0.00071257079253], [-0.000264419068117, 0.00126199668739, 0.0004669027403, -0.000688683008775, 0.000466034631245, 0.000776212138589, -0.00765875400975, 0.0207490809262, -0.00968512520194, 0.00293013849296, -0.00165678083431, 0.0013888515532, -0.00182401610073], [0.000161098883837, -0.00128850596957, 0.000899606267922, -0.000620271428488, -0.000439471943537, 0.00108573387843, 0.00089212693274, -0.00968512520194, 0.0232978481799, -0.012244945392, 0.00291052204557, 1.65796554938e-005, 0.000961832061876], [1.25190717881e-005, 0.000650096160825, -0.00152856460772, 0.00155463279225, -0.00113043608144, -0.00240451213904, 0.00207543349825, 0.00293013849296, -0.012244945392, 0.0248783733696, -0.00989586021751, 0.00284036551602, 6.28989118923e-006], [0.000335474702297, -0.000753057189286, 0.000175044799107, -0.000875299447216, 0.00134850258473, -0.000523842289113, -0.00046780728735, -0.00165678083431, 0.00291052204557, -0.00989586021751, 0.0241256412119, -0.0123324524611, 0.00443155365065], [0.000129224426928, 0.000132649132865, 0.00107361900155, -0.000707836879883, -0.000297139049508, 0.000492752704304, -0.00106236955617, 0.0013888515532, 1.65796554938e-005, 0.00284036551602, -0.0123324524611, 0.0271357111633, -0.0118658421561], [5.45168513781e-005, 0.000309055147227, -0.002725684084, -0.00130746408831, -0.00101313053165, -0.000177738460479, 0.00071257079253, -0.00182401610073, 0.000961832061876, 6.28989118923e-006, 0.00443155365065, -0.0118658421561, 0.0242736339569]]
    sccoeffs:
        dmean: [0.0527197830379, 0.0477719604969, 0.039735134691, 0.0305513534695, 0.0211925432086, 0.0188052393496]
        dmean2: [0.0884192809463, 0.0791730582714, 0.0652377977967, 0.0506824627519, 0.0353608764708, 0.0298723392189]
        dvar: [0.001707217074, 0.00152823026292, 0.00105233245995, 0.000641907157842, 0.000298943486996, 0.000297706545098]
        dvar2: [0.00479817949235, 0.00405965233222, 0.00275113387033, 0.00170721206814, 0.000815374893136, 0.00072705122875]
        max: [-0.433237969875, -0.486058324575, -0.520962953568, -0.606476664543, -0.603100657463, -0.622495472431]
        mean: [-0.682691812515, -0.773810982704, -0.784069240093, -0.789372563362, -0.785716772079, -0.773931145668]
        median: [-0.679111719131, -0.777427613735, -0.791641414165, -0.790469884872, -0.782624483109, -0.773511350155]
        min: [-0.987089276314, -0.977294683456, -0.980100631714, -0.975010693073, -0.971980035305, -0.965510308743]
        var: [0.00543551938608, 0.00452688336372, 0.00440547196195, 0.00253968755715, 0.00178975472227, 0.00187223230023]
    scvalleys:
        dmean: [0.425182908773, 0.38891094923, 0.302768200636, 0.253545165062, 0.217162936926, 0.263435006142]
        dmean2: [0.708163499832, 0.661207318306, 0.501775622368, 0.419926047325, 0.36479511857, 0.406391173601]
        dvar: [0.132787019014, 0.116765640676, 0.0717965215445, 0.0596781335771, 0.0650170519948, 0.126414075494]
        dvar2: [0.338201373816, 0.306482642889, 0.176370114088, 0.142892196774, 0.151452347636, 0.293603718281]
        max: [-4.89215612411, -4.67867994308, -5.23482036591, -5.38287258148, -5.61073637009, -7.45267677307]
        mean: [-7.13464307785, -7.25765657425, -7.19039964676, -7.322265625, -7.33988714218, -9.55006122589]
        median: [-6.43980979919, -6.65466547012, -6.55481243134, -6.63613557816, -6.62851142883, -8.77396774292]
        min: [-28.0186386108, -27.9512615204, -27.8976249695, -27.7886161804, -27.540397644, -27.4879245758]
        var: [10.5016422272, 9.91684913635, 9.90300559998, 9.95854949951, 9.83584594727, 8.3560552597]

rhythm:
    beats_loudness:
        dmean: 0.00165817106608
        dmean2: 0.002993715927
        dvar: 2.38128109231e-006
        dvar2: 7.92079936218e-006
        max: 0.0135767050087
        mean: 0.00538644567132
        median: 0.00516364071518
        min: 0
        var: 5.75113472223e-006
    bpm: 119.004135132
    bpm_confidence: 0
    first_peak_bpm: 120
    first_peak_spread: 0.474040597677
    first_peak_weight: 0.502155184746
    onset_rate: 2.72680258751
    second_peak_bpm: 108
    second_peak_spread: 0.461538434029
    second_peak_weight: 0.0150862066075
    beats_loudness_band_ratio:
        dmean: [0.150469988585, 0.0472658798099, 0.0454842373729, 0.0798801705241, 0.090036816895, 0.0563903003931]
        dmean2: [0.267972499132, 0.0866813659668, 0.0819484516978, 0.141851097345, 0.158386141062, 0.0994436219335]
        dvar: [0.01325030718, 0.00197955383919, 0.00565281696618, 0.0096662407741, 0.00850178208202, 0.00379381142557]
        dvar2: [0.0416881479323, 0.0057381791994, 0.0140053955838, 0.0272976085544, 0.0271261408925, 0.0102250641212]
        max: [0.775879979134, 0.397835791111, 0.804834604263, 0.812756478786, 0.798056900501, 0.6355894804]
        mean: [0.3707485497, 0.0922474712133, 0.0691337361932, 0.119688719511, 0.23168233037, 0.119527861476]
        median: [0.38989430666, 0.0853936672211, 0.0424231216311, 0.0869285166264, 0.221436992288, 0.101807393134]
        min: [0, 0, 0, 0, 0, 0]
        var: [0.0355981476605, 0.0029366100207, 0.0101767396554, 0.0131352283061, 0.0157268531621, 0.00593965267763]
    beats_position: [0.49922901392, 1.01006805897, 1.50929701328, 2.02013611794, 2.51936507225, 3.01859402657, 3.52943301201, 4.04027223587, 4.53950119019, 5.0387301445, 5.54956912994, 6.06040811539, 6.57124710083, 7.08208608627, 7.59292507172, 8.11537361145, 8.64943313599, 9.17188167572, 9.69433116913, 10.2167797089, 10.7392292023, 11.2732877731, 11.807346344, 12.3297958374, 12.840634346, 13.3514738083, 13.8623123169, 14.3731517792, 14.8723802567, 15.3716096878, 15.8824491501, 16.3932876587, 16.8925170898, 17.391746521, 17.9025840759, 18.4018135071, 18.9010429382, 19.4118824005, 19.9111099243, 20.4103393555, 20.9211788177, 21.43201828, 21.9312477112, 22.430475235, 22.9413146973, 23.4405441284, 23.9397735596, 24.4506111145, 24.9498405457, 25.4490699768, 25.9599094391, 26.470746994, 26.9815864563, 27.4808158875, 27.9800453186, 28.4792747498, 28.9785022736, 29.4777317047, 29.9769611359, 30.4878005981, 30.9986381531, 31.4978675842, 31.9970970154, 32.5079345703, 33.0187759399, 33.5180053711, 34.0172348022, 34.5280723572, 35.0389099121, 35.5497512817, 36.0489807129, 36.5482063293, 37.059047699, 37.5582771301, 38.0575065613, 38.5683441162, 39.0791816711, 39.5784111023, 40.0776405334, 40.5768699646, 41.0877075195, 41.5869369507, 42.0977783203, 42.6086158752, 43.1078453064, 43.6070747375, 44.1179122925, 44.6171417236, 45.1163711548, 45.6272087097, 46.1380500793, 46.6372795105, 47.1365089417, 47.6473464966, 48.1581840515, 48.6574134827, 49.1566429138, 49.655872345, 50.1551017761, 50.6659393311, 51.1767807007, 51.6876182556, 52.1868476868, 52.6860771179, 53.1969146729, 53.696144104, 54.1953735352, 54.7062110901, 55.2170524597, 55.7046699524, 56.2038993835, 56.7031288147, 57.2139663696, 57.7131958008, 58.2124252319, 58.7232627869, 59.2341041565, 59.7449417114, 60.2441711426, 60.7434005737, 61.2426300049, 61.741859436, 62.252696991, 62.7635345459, 63.2743759155, 63.7736053467, 64.2728347778, 64.772064209, 65.2828979492, 65.7821273804, 66.29296875, 66.7805862427, 67.2914276123, 67.8022689819, 68.3131027222, 68.8123321533, 69.3115615845, 69.8107910156, 70.3216323853, 70.8208618164, 71.3316955566, 71.8309249878, 72.3301544189, 72.8409957886, 73.3518371582, 73.8510665894, 74.3619003296, 74.8611297607, 75.3719711304, 75.8712005615, 76.3704299927, 76.8696594238, 77.368888855, 77.8797302246, 78.3905639648, 78.9014053345, 79.4122467041, 79.9114761353, 80.410697937, 80.9099273682, 81.4091567993, 81.9199981689, 82.4308395386, 82.9300689697, 83.44090271, 83.9401321411, 84.4509735107, 84.9502029419, 85.4610443115, 85.9602737427, 86.4711074829, 86.9587249756, 87.4695663452, 87.9804077148, 88.4912490845, 88.9904708862, 89.4897003174, 89.9889297485, 90.4881591797, 90.9873886108, 91.4982299805, 92.0090713501, 92.5199050903, 93.0191345215, 93.5299758911, 94.0292053223, 94.5284347534, 95.0276641846, 95.5268936157, 96.037727356, 96.5369567871, 97.0361862183, 97.5470275879, 98.0578689575, 98.5687026978, 99.0795440674, 99.590385437, 100.07800293, 100.588844299, 101.08807373, 101.587303162, 102.086524963, 102.585754395, 103.096595764, 103.607437134, 104.106666565, 104.605895996, 105.116729736, 105.627571106, 106.126800537, 106.626029968, 107.125259399, 107.624488831, 108.1353302, 108.64616394, 109.145393372, 109.656234741, 110.155464172, 110.666305542, 111.165527344, 111.676368713, 112.175598145, 112.674827576, 113.174057007, 113.684898376, 114.184127808, 114.694961548, 115.194190979, 115.705032349, 116.215873718, 116.715103149, 117.214332581, 117.725166321, 118.23600769, 118.735237122, 119.234466553, 119.733695984, 120.232925415, 120.743759155, 121.254600525, 121.765441895, 122.264671326, 122.763900757, 123.263130188, 123.773963928, 124.273193359, 124.784034729, 125.28326416, 125.782493591, 126.293327332, 126.804168701, 127.303398132, 127.802627563, 128.313461304, 128.824310303, 129.323532104, 129.822769165, 130.321990967, 130.832824707, 131.332061768, 131.842895508, 132.342132568, 132.84135437, 133.340591431, 133.839813232, 134.350662231, 134.861495972, 135.360717773, 135.859954834, 136.370788574, 136.881637573, 137.392471313, 137.891693115, 138.390930176, 138.901763916, 139.401000977, 139.911834717, 140.411056519, 140.910293579, 141.409515381, 141.908752441, 142.407974243, 142.918823242, 143.429656982, 143.940490723, 144.428115845, 144.938949585, 145.449798584, 145.949020386, 146.448257446, 146.959091187, 147.469924927, 147.980773926, 148.479995728, 148.979232788, 149.490066528, 150.000900269, 150.500137329, 150.999359131, 151.51020813, 152.02104187, 152.520263672, 153.019500732, 153.518722534, 154.029571533, 154.528793335, 155.016418457, 155.527252197, 156.038085938, 156.548934937, 157.059768677, 157.559005737, 158.058227539, 158.569061279, 159.06829834, 159.567520142, 160.078369141, 160.577590942, 161.076828003, 161.587661743, 162.098495483, 162.609344482, 163.108566284, 163.607803345, 164.118637085, 164.617858887, 165.117095947, 165.616317749, 166.11555481, 166.62638855, 167.137237549, 167.636459351, 168.135681152, 168.646530151, 169.157363892, 169.668212891, 170.167434692, 170.666656494, 171.177505493, 171.676727295, 172.175964355, 172.675186157, 173.174423218, 173.685256958, 174.196090698, 174.706939697, 175.206161499, 175.70539856, 176.204620361, 176.703857422, 177.214691162, 177.725524902, 178.236373901, 178.735595703, 179.234832764, 179.734054565, 180.233291626, 180.732513428, 181.231735229, 181.742584229, 182.253417969, 182.764266968, 183.275100708, 183.785934448, 184.285171509, 184.784393311, 185.283630371, 185.794464111, 186.293685913, 186.792922974, 187.303756714, 187.802993774, 188.313827515, 188.813064575, 189.312286377, 189.823120117, 190.333969116, 190.844802856, 191.355636597, 191.854873657, 192.354095459, 192.85333252, 193.352554321, 193.851791382, 194.351013184, 194.861862183, 195.361083984, 195.860321045, 196.371154785, 196.870376587, 197.381225586, 197.880447388, 198.391296387, 198.890518188, 199.401351929, 199.900588989, 200.411422729, 200.92225647, 201.42149353, 201.920715332, 202.431564331, 202.930786133, 203.430023193, 203.940856934, 204.451690674, 204.950927734, 205.450149536, 205.960998535, 206.471832275, 206.971069336, 207.470291138, 207.969512939, 208.480361938, 208.97958374, 209.490432739, 209.989654541, 210.500488281, 210.999725342, 211.510559082, 212.009796143, 212.509017944, 213.019866943, 213.530700684, 214.029922485, 214.529159546, 215.028381348, 215.527618408, 216.02684021, 216.526077271, 217.036911011, 217.547744751, 218.046981812, 218.557815552, 219.057052612, 219.567886353, 220.067123413, 220.577957153, 221.077178955, 221.588027954, 222.098861694, 222.598098755, 223.097320557, 223.596542358, 224.095779419, 224.606613159, 225.117462158, 225.628295898, 226.104309082, 226.580307007, 227.067932129, 227.578765869, 228.089614868, 228.600448608, 229.157730103, 229.726623535, 230.295501709, 230.783126831, 231.270736694, 231.828018188, 232.385299683, 232.942581177, 233.499862671, 234.045532227, 234.602813721, 235.160079956]
