
metadata:
    version:
        essentia: "2.1-beta2"
    audio_properties:
        analysis_sample_rate: 44100
        bitrate: 320
        channels: 2
        equal_loudness: 1
        length: 270.106109619
        replay_gain: -13.9871883392
        downmix: "mix"
    tags:
        album: "Twilight Of The Thunder God"
        artist: "Amon Amarth"
        comment: ""
        date: "2008"
        genre: "Melodic Death Metal"
        title: "Tattered Banners And Bloody Flags"
        tracknumber: "6"

configuration:
    average_loudness:
        compute: 1
        frameSize: 88200
        hopSize: 44100
        silentFrames: "noise"
        windowType: "hann"
    general:
        analysisSampleRate: 44100
        endTime: 2000
        equalLoudness: 1
        nequalLoudness: 0
        shortSound: 0
        startTime: 0
    lowlevel:
        compute: 1
        frameSize: 2048
        hopSize: 1024
        zeroPadding: 0
        silentFrames: "noise"
        windowType: "blackmanharris62"
        mfccStats: ["mean", "cov", "icov"]
        stats: ["mean", "var", "median", "min", "max", "dmean", "dmean2", "dvar", "dvar2"]
    panning:
        compute: 0
        frameSize: 8192
        hopSize: 2048
        zeroPadding: 8192
        silentFrames: "noise"
        windowType: "hann"
        stats: ["copy"]
    rhythm:
        compute: 1
        maxTempo: 208
        minTempo: 40
        method: "degara"
        stats: ["mean", "var", "median", "min", "max", "dmean", "dmean2", "dvar", "dvar2"]
    segmentation:
        compute: 0
        cpw: 5
        inc1: 300
        inc2: 50
        minimumSegmentsLength: 10
        size1: 1000
        size2: 600
    sfx:
        compute: 1
        stats: ["mean", "var", "median", "min", "max", "dmean", "dmean2", "dvar", "dvar2"]
    svm:
        compute: 0
    tonal:
        compute: 1
        frameSize: 4096
        hopSize: 2048
        zeroPadding: 0
        silentFrames: "noise"
        windowType: "blackmanharris62"
        stats: ["mean", "var", "median", "min", "max", "dmean", "dmean2", "dvar", "dvar2"]

lowlevel:
    average_loudness: 0.943475961685
    barkbands_kurtosis:
        dmean: 0.51047295332
        dmean2: 0.85719871521
        dvar: 2.08300185204
        dvar2: 5.47198486328
        max: 242.080154419
        mean: 0.150390043855
        median: -1.3262629509
        min: -1.88369572163
        var: 144.723068237
    barkbands_skewness:
        dmean: 0.340163260698
        dmean2: 0.555790662766
        dvar: 0.0847424864769
        dvar2: 0.224210545421
        max: 12.4835176468
        mean: 0.27162489295
        median: 0.135166212916
        min: -2.10964894295
        var: 0.868071317673
    barkbands_spread:
        dmean: 4.83309698105
        dmean2: 7.96721982956
        dvar: 17.7666473389
        dvar2: 47.7184066772
        max: 102.00554657
        mean: 36.8465995789
        median: 37.8630599976
        min: 0.311747193336
        var: 97.9729003906
    dissonance:
        dmean: 0.0101624503732
        dmean2: 0.0177387520671
        dvar: 0.000144078192534
        dvar2: 0.000452395819593
        max: 0.500000059605
        mean: 0.481690347195
        median: 0.486679494381
        min: 0.177620530128
        var: 0.000600904924795
    hfc:
        dmean: 1.94752049446
        dmean2: 3.1596763134
        dvar: 4.1606798172
        dvar2: 10.9811706543
        max: 28.4976558685
        mean: 8.37515926361
        median: 8.29872131348
        min: 1.0637771641e-016
        var: 18.8104248047
    pitch:
        dmean: 933.047119141
        dmean2: 1805.44641113
        dvar: 1939620.625
        dvar2: 4885132
        max: 4626.09472656
        mean: 955.279724121
        median: 223.657806396
        min: 61.534954071
        var: 1859992
    pitch_instantaneous_confidence:
        dmean: 0.0571204759181
        dmean2: 0.0962794348598
        dvar: 0.00233271275647
        dvar2: 0.00622125249356
        max: 0.872492551804
        mean: 0.261419981718
        median: 0.234221369028
        min: 0.0950974225998
        var: 0.0126696676016
    pitch_salience:
        dmean: 0.0506997145712
        dmean2: 0.0860241353512
        dvar: 0.00194048543926
        dvar2: 0.00556688569486
        max: 0.989119648933
        mean: 0.688530623913
        median: 0.708637595177
        min: 0.12284450978
        var: 0.00839130207896
    silence_rate_20dB:
        dmean: 0
        dmean2: 0
        dvar: 0
        dvar2: 0
        max: 1
        mean: 1
        median: 1
        min: 1
        var: 0
    silence_rate_30dB:
        dmean: 0
        dmean2: 0
        dvar: 0
        dvar2: 0
        max: 1
        mean: 1
        median: 1
        min: 1
        var: 0
    silence_rate_60dB:
        dmean: 0.065847158432
        dmean2: 0.131705641747
        dvar: 0.0615088939667
        dvar2: 0.147530660033
        max: 1
        mean: 0.177840813994
        median: 0
        min: 0
        var: 0.146202102304
    spectral_centroid:
        dmean: 251.191223145
        dmean2: 409.893707275
        dvar: 56450.4335938
        dvar2: 141146.515625
        max: 11798.9892578
        mean: 1598.29516602
        median: 1595.59228516
        min: 161.443725586
        var: 811163.4375
    spectral_complexity:
        dmean: 4.27714252472
        dmean2: 6.85815000534
        dvar: 14.5381422043
        dvar2: 35.9852828979
        max: 49
        mean: 19.9552173615
        median: 20
        min: 0
        var: 106.355575562
    spectral_crest:
        dmean: 1.56312417984
        dmean2: 2.64840364456
        dvar: 2.22522830963
        dvar2: 6.0245423317
        max: 23.600982666
        mean: 5.5980629921
        median: 4.65898227692
        min: 2.107817173
        var: 9.5337896347
    spectral_decrease:
        dmean: 2.9159535897e-010
        dmean2: 4.89856932795e-010
        dvar: 1.47178514482e-019
        dvar2: 4.10191110947e-019
        max: 1.9172367781e-028
        mean: -1.19791532249e-009
        median: -1.14939080476e-009
        min: -5.07704012165e-009
        var: 3.53864247135e-019
    spectral_energy:
        dmean: 0.00122989609372
        dmean2: 0.00205388432369
        dvar: 2.5222414024e-006
        dvar2: 6.99581505614e-006
        max: 0.021085742861
        mean: 0.00528086302802
        median: 0.00509924441576
        min: 1.00070743387e-020
        var: 6.69423798172e-006
    spectral_energyband_high:
        dmean: 0.000188223464647
        dmean2: 0.00031945714727
        dvar: 4.46266490428e-008
        dvar2: 1.2009363104e-007
        max: 0.00293289823458
        mean: 0.000469492457341
        median: 0.000429250590969
        min: 6.94056555838e-021
        var: 9.02589007978e-008
    spectral_energyband_low:
        dmean: 0.000407766550779
        dmean2: 0.000703787605744
        dvar: 1.89520775962e-007
        dvar2: 5.32152114374e-007
        max: 0.00602319091558
        mean: 0.000677152362186
        median: 0.000555388396606
        min: 9.13066739204e-024
        var: 2.75593578181e-007
    spectral_energyband_middle_high:
        dmean: 0.000496508786455
        dmean2: 0.000785910699051
        dvar: 2.33893928225e-007
        dvar2: 5.79071127049e-007
        max: 0.00801516789943
        mean: 0.00229157879949
        median: 0.00218211114407
        min: 1.1018821241e-021
        var: 1.71626948031e-006
    spectral_energyband_middle_low:
        dmean: 0.000832440913655
        dmean2: 0.00142161420081
        dvar: 1.50783353092e-006
        dvar2: 4.31218632002e-006
        max: 0.0142316743731
        mean: 0.00204413267784
        median: 0.00175044988282
        min: 1.96079720986e-022
        var: 2.0913064418e-006
    spectral_flatness_db:
        dmean: 0.0117157120258
        dmean2: 0.0196075160056
        dvar: 0.000107740328531
        dvar2: 0.000302033557091
        max: 0.565237998962
        mean: 0.136024832726
        median: 0.122422926128
        min: 0.0532645955682
        var: 0.0036347520072
    spectral_flux:
        dmean: 0.00620369520038
        dmean2: 0.00981045141816
        dvar: 4.99100497109e-005
        dvar2: 0.000102782614704
        max: 0.11575949192
        mean: 0.0434457585216
        median: 0.0441763922572
        min: 6.23199131189e-011
        var: 0.000243686678004
    spectral_kurtosis:
        dmean: 1.49318182468
        dmean2: 2.62641453743
        dvar: 18.8847789764
        dvar2: 59.1239700317
        max: 159.148406982
        mean: 5.31247186661
        median: 2.70643115044
        min: -1.3273588419
        var: 251.394058228
    spectral_rms:
        dmean: 0.000248867640039
        dmean2: 0.000409665401094
        dvar: 7.33396205987e-008
        dvar2: 1.98754122493e-007
        max: 0.0045355767943
        mean: 0.00217601167969
        median: 0.00223044212908
        min: 3.12457980496e-012
        var: 4.17044361711e-007
    spectral_rolloff:
        dmean: 342.383728027
        dmean2: 564.180236816
        dvar: 143412.125
        dvar2: 334817.09375
        max: 19853.6132813
        mean: 3349.30078125
        median: 3466.84570313
        min: 172.265625
        var: 2258055.75
    spectral_skewness:
        dmean: 0.175697445869
        dmean2: 0.298429399729
        dvar: 0.0596976913512
        dvar2: 0.184773564339
        max: 10.7452936172
        mean: 1.33999180794
        median: 1.16092884541
        min: -0.0795410573483
        var: 1.30964100361
    spectral_spread:
        dmean: 388993.625
        dmean2: 644467.4375
        dvar: 368006725632
        dvar2: 888667832320
        max: 50134032
        mean: 4415581
        median: 4208492
        min: 503122.4375
        var: 9.67056136602e+012
    spectral_strongpeak:
        dmean: 0.18923099339
        dmean2: 0.33319401741
        dvar: 0.089475132525
        dvar2: 0.256076723337
        max: 3.83287668228
        mean: 0.249256789684
        median: 0.161093696952
        min: 0
        var: 0.0856119021773
    zerocrossingrate:
        dmean: 0.00706255389377
        dmean2: 0.00920690596104
        dvar: 4.66370001959e-005
        dvar2: 6.66721825837e-005
        max: 0.52978515625
        mean: 0.0948307737708
        median: 0.09619140625
        min: 0.00732421875
        var: 0.00164352229331
    barkbands:
        dmean: [8.50726792123e-007, 0.000124184909509, 0.00025524009834, 0.000320623279549, 0.000414539681515, 0.000230459467275, 0.000168614802533, 0.000103105478047, 0.0001289134525, 0.000111204157292, 7.97865650384e-005, 7.38239468774e-005, 7.57161105867e-005, 7.51399857108e-005, 7.15441346983e-005, 0.000103126076283, 0.000140726042446, 0.000117696174129, 0.000167844584212, 0.000134636051371, 9.75391958491e-005, 4.00878416258e-005, 6.48573768558e-006, 1.42467570186e-006, 5.12392603014e-007, 1.42024214611e-008, 2.8407778907e-010]
        dmean2: [1.39687335832e-006, 0.000217435052036, 0.000437770795543, 0.000566513510421, 0.000714627560228, 0.0003853731032, 0.000283152039628, 0.000173159278347, 0.000214764513657, 0.000186455377843, 0.000134358939249, 0.000123270889162, 0.000126692073536, 0.000125345977722, 0.000120164477266, 0.000173757784069, 0.000237918968196, 0.000197862944333, 0.000284611684037, 0.000225986383157, 0.000166486614035, 7.02212637407e-005, 1.12690158858e-005, 2.39721111939e-006, 8.29425403026e-007, 2.25575025325e-008, 4.98377172864e-010]
        dvar: [6.53664297169e-013, 1.82162285256e-008, 8.31124324918e-008, 2.61223590314e-007, 5.37731295935e-007, 1.03235059612e-007, 8.39132923147e-008, 2.64774548953e-008, 4.18251104861e-008, 3.61546632632e-008, 2.66126463089e-008, 1.37044731119e-008, 1.25865406986e-008, 1.06774526998e-008, 1.20796537217e-008, 1.39685125689e-008, 2.26121645852e-008, 1.42101601597e-008, 2.73942752926e-008, 1.89020354924e-008, 1.22855325912e-008, 2.67441468971e-009, 8.60492579968e-011, 4.9976134342e-012, 8.38171383428e-013, 9.57830997744e-016, 1.27643920534e-019]
        dvar2: [1.74105760191e-012, 4.94819012431e-008, 2.34279966094e-007, 7.56484723752e-007, 1.54269469022e-006, 2.8800602081e-007, 2.31127287975e-007, 7.16096622e-008, 1.15784771992e-007, 9.71456444177e-008, 7.38176595405e-008, 3.69470782857e-008, 3.40857937431e-008, 2.67221711425e-008, 3.3523445353e-008, 3.75283981668e-008, 6.37670751757e-008, 3.96384649548e-008, 7.61118172932e-008, 5.27990309251e-008, 3.31923430963e-008, 7.27666948919e-009, 2.19844087379e-010, 1.18364727741e-011, 1.88681600725e-012, 2.04954169379e-015, 3.6739718045e-019]
        max: [5.78572235099e-006, 0.00111523095984, 0.0039711650461, 0.00567377451807, 0.0097636859864, 0.00538615789264, 0.00459210155532, 0.00350796594284, 0.00350773893297, 0.00324691436253, 0.00252243201248, 0.00181847740896, 0.00193061900791, 0.00245958729647, 0.00302955042571, 0.00240016495809, 0.00228883698583, 0.00217609503306, 0.00181466294453, 0.00183529162314, 0.00142338022124, 0.000574392848648, 0.000142271877849, 4.06181497965e-005, 2.39124492509e-005, 1.25114695493e-006, 6.06058980779e-009]
        mean: [1.00053864571e-006, 0.000158462105901, 0.000356032425771, 0.000369625166059, 0.000587288232055, 0.000376537529519, 0.000262759684119, 0.000162170501426, 0.000219064051635, 0.000184645992704, 0.000125380625832, 0.000128356317873, 0.00013937879703, 0.000150455263793, 0.000143597120768, 0.000223395851208, 0.000328590947902, 0.000285940855974, 0.000422341283411, 0.0003559285542, 0.000215637104702, 7.08291408955e-005, 9.63551792665e-006, 2.73183354693e-006, 1.04555442704e-006, 2.83852426008e-008, 3.89849375004e-010]
        median: [6.7942539772e-007, 0.000119426993479, 0.000255686580203, 0.000220909889322, 0.000397293857532, 0.000242686131969, 0.000136434158776, 9.50404792093e-005, 0.000124392070575, 9.09443406272e-005, 5.14931889484e-005, 7.55861983635e-005, 9.03514082893e-005, 0.000107572705019, 0.000104734310298, 0.000188781850738, 0.000290523108561, 0.000261543260422, 0.000391914392821, 0.00032744181226, 0.00019089844136, 5.77620921831e-005, 6.46643638902e-006, 1.85085536941e-006, 6.91766103955e-007, 1.80022876606e-008, 2.59100019218e-010]
        min: [1.25707906498e-025, 1.51420766073e-024, 2.63329855987e-025, 7.74741835762e-026, 6.01800014817e-024, 9.52164657819e-024, 9.00630347033e-024, 8.03906218178e-024, 1.10955944781e-023, 1.73741660328e-023, 1.25229996319e-023, 2.13497599379e-023, 2.38494518873e-023, 3.21796873623e-023, 3.52875058726e-023, 4.58524959398e-023, 5.73340256273e-023, 8.16777493588e-023, 1.02155575027e-022, 1.80796620109e-022, 1.88085543412e-022, 3.36237635136e-022, 4.58387811196e-022, 5.59607828744e-022, 6.92106622946e-022, 1.32800656561e-021, 1.91790246268e-021]
        var: [9.61979953161e-013, 1.99299350356e-008, 1.24203637597e-007, 2.2999294913e-007, 4.87620070544e-007, 1.78024620823e-007, 1.37007631906e-007, 4.53519746202e-008, 8.03506097213e-008, 6.81176004491e-008, 4.69462690944e-008, 2.73543090401e-008, 2.55782488523e-008, 2.54187337845e-008, 2.69570907818e-008, 3.05006793155e-008, 5.01499890504e-008, 3.16228963015e-008, 6.57394068071e-008, 5.04555366376e-008, 2.15377973234e-008, 3.52444340379e-009, 1.2348928824e-010, 1.13343154307e-011, 2.28860745459e-012, 1.86988346458e-015, 1.79407009186e-019]
    frequency_bands:
        dmean: [8.50726792123e-007, 0.000124184909509, 0.00025524009834, 0.000320623279549, 0.000414539681515, 0.000230459467275, 0.000168614802533, 0.000103105478047, 0.0001289134525, 0.000111204157292, 7.97865650384e-005, 7.38239468774e-005, 7.57161105867e-005, 7.51399857108e-005, 7.15441346983e-005, 0.000103126076283, 0.000140726042446, 0.000117696174129, 0.000167844584212, 0.000134636051371, 9.75391958491e-005, 4.00878416258e-005, 6.48573768558e-006, 1.42467570186e-006, 5.12392603014e-007, 1.42024214611e-008, 2.8407778907e-010, 6.40558786569e-011]
        dmean2: [1.39687335832e-006, 0.000217435052036, 0.000437770795543, 0.000566513510421, 0.000714627560228, 0.0003853731032, 0.000283152039628, 0.000173159278347, 0.000214764513657, 0.000186455377843, 0.000134358939249, 0.000123270889162, 0.000126692073536, 0.000125345977722, 0.000120164477266, 0.000173757784069, 0.000237918968196, 0.000197862944333, 0.000284611684037, 0.000225986383157, 0.000166486614035, 7.02212637407e-005, 1.12690158858e-005, 2.39721111939e-006, 8.29425403026e-007, 2.25575025325e-008, 4.98377172864e-010, 1.19186396863e-010]
        dvar: [6.53664297169e-013, 1.82162285256e-008, 8.31124324918e-008, 2.61223590314e-007, 5.37731295935e-007, 1.03235059612e-007, 8.39132923147e-008, 2.64774548953e-008, 4.18251104861e-008, 3.61546632632e-008, 2.66126463089e-008, 1.37044731119e-008, 1.25865406986e-008, 1.06774526998e-008, 1.20796537217e-008, 1.39685125689e-008, 2.26121645852e-008, 1.42101601597e-008, 2.73942752926e-008, 1.89020354924e-008, 1.22855325912e-008, 2.67441468971e-009, 8.60492579968e-011, 4.9976134342e-012, 8.38171383428e-013, 9.57830997744e-016, 1.27643920534e-019, 7.9976918799e-021]
        dvar2: [1.74105760191e-012, 4.94819012431e-008, 2.34279966094e-007, 7.56484723752e-007, 1.54269469022e-006, 2.8800602081e-007, 2.31127287975e-007, 7.16096622e-008, 1.15784771992e-007, 9.71456444177e-008, 7.38176595405e-008, 3.69470782857e-008, 3.40857937431e-008, 2.67221711425e-008, 3.3523445353e-008, 3.75283981668e-008, 6.37670751757e-008, 3.96384649548e-008, 7.61118172932e-008, 5.27990309251e-008, 3.31923430963e-008, 7.27666948919e-009, 2.19844087379e-010, 1.18364727741e-011, 1.88681600725e-012, 2.04954169379e-015, 3.6739718045e-019, 2.53883007275e-020]
        max: [5.78572235099e-006, 0.00111523095984, 0.0039711650461, 0.00567377451807, 0.0097636859864, 0.00538615789264, 0.00459210155532, 0.00350796594284, 0.00350773893297, 0.00324691436253, 0.00252243201248, 0.00181847740896, 0.00193061900791, 0.00245958729647, 0.00302955042571, 0.00240016495809, 0.00228883698583, 0.00217609503306, 0.00181466294453, 0.00183529162314, 0.00142338022124, 0.000574392848648, 0.000142271877849, 4.06181497965e-005, 2.39124492509e-005, 1.25114695493e-006, 6.06058980779e-009, 1.13866194251e-009]
        mean: [1.00053864571e-006, 0.000158462105901, 0.000356032425771, 0.000369625166059, 0.000587288232055, 0.000376537529519, 0.000262759684119, 0.000162170501426, 0.000219064051635, 0.000184645992704, 0.000125380625832, 0.000128356317873, 0.00013937879703, 0.000150455263793, 0.000143597120768, 0.000223395851208, 0.000328590947902, 0.000285940855974, 0.000422341283411, 0.0003559285542, 0.000215637104702, 7.08291408955e-005, 9.63551792665e-006, 2.73183354693e-006, 1.04555442704e-006, 2.83852426008e-008, 3.89849375004e-010, 4.93551692571e-011]
        median: [6.7942539772e-007, 0.000119426993479, 0.000255686580203, 0.000220909889322, 0.000397293857532, 0.000242686131969, 0.000136434158776, 9.50404792093e-005, 0.000124392070575, 9.09443406272e-005, 5.14931889484e-005, 7.55861983635e-005, 9.03514082893e-005, 0.000107572705019, 0.000104734310298, 0.000188781850738, 0.000290523108561, 0.000261543260422, 0.000391914392821, 0.00032744181226, 0.00019089844136, 5.77620921831e-005, 6.46643638902e-006, 1.85085536941e-006, 6.91766103955e-007, 1.80022876606e-008, 2.59100019218e-010, 1.94971955247e-011]
        min: [1.25707906498e-025, 1.51420766073e-024, 2.63329855987e-025, 7.74741835762e-026, 6.01800014817e-024, 9.52164657819e-024, 9.00630347033e-024, 8.03906218178e-024, 1.10955944781e-023, 1.73741660328e-023, 1.25229996319e-023, 2.13497599379e-023, 2.38494518873e-023, 3.21796873623e-023, 3.52875058726e-023, 4.58524959398e-023, 5.73340256273e-023, 8.16777493588e-023, 1.02155575027e-022, 1.80796620109e-022, 1.88085543412e-022, 3.36237635136e-022, 4.58387811196e-022, 5.59607828744e-022, 6.92106622946e-022, 1.32800656561e-021, 1.91790246268e-021, 5.14379921315e-022]
        var: [9.61979953161e-013, 1.99299350356e-008, 1.24203637597e-007, 2.2999294913e-007, 4.87620070544e-007, 1.78024620823e-007, 1.37007631906e-007, 4.53519746202e-008, 8.03506097213e-008, 6.81176004491e-008, 4.69462690944e-008, 2.73543090401e-008, 2.55782488523e-008, 2.54187337845e-008, 2.69570907818e-008, 3.05006793155e-008, 5.01499890504e-008, 3.16228963015e-008, 6.57394068071e-008, 5.04555366376e-008, 2.15377973234e-008, 3.52444340379e-009, 1.2348928824e-010, 1.13343154307e-011, 2.28860745459e-012, 1.86988346458e-015, 1.79407009186e-019, 6.30007775215e-021]
    mfcc:
        mean: [-693.503540039, 111.336235046, -47.6068267822, 60.0780410767, -15.1683759689, 3.84288954735, -1.26670444012, -4.50553846359, 0.675302684307, -5.95679426193, -2.68566894531, -3.58876490593, -4.9776763916]
        cov: [[7914.76318359, 688.450744629, -1270.58374023, 517.14276123, -537.633300781, 35.9655227661, -30.6058330536, 66.0932540894, 103.718086243, 89.1397628784, 77.9944992065, 99.254234314, 38.9419822693], [688.450744629, 544.089538574, -200.998596191, 166.556716919, -45.1518478394, -14.1427373886, 17.6460151672, -23.0379371643, 31.8873577118, -29.7805728912, 2.29364752769, -9.00391578674, -4.96609640121], [-1270.58374023, -200.998596191, 546.311584473, -149.468032837, 133.577178955, -16.8764228821, -32.2792816162, 5.96422576904, -70.234336853, -22.9393081665, -57.2042999268, -20.9402809143, -8.10008144379], [517.14276123, 166.556716919, -149.468032837, 231.090133667, 6.84701633453, 44.6800842285, 8.52600860596, -9.89774417877, 32.0276527405, -3.68081331253, 23.2168807983, -12.2960634232, -12.3731050491], [-537.633300781, -45.1518478394, 133.577178955, 6.84701633453, 127.071350098, 30.2728900909, 11.0123310089, -19.6708011627, -21.1059303284, -5.5065574646, -7.47252368927, -12.82625103, -12.164686203], [35.9655227661, -14.1427373886, -16.8764228821, 44.6800842285, 30.2728900909, 62.9917488098, 20.9810600281, 4.87696743011, -0.988764047623, 1.70872962475, 7.21777153015, -3.63988995552, -2.68982338905], [-30.6058330536, 17.6460151672, -32.2792816162, 8.52600860596, 11.0123310089, 20.9810600281, 64.9505004883, 20.6746826172, 16.1441993713, -2.0757484436, 5.29813337326, 1.37709057331, -1.49830412865], [66.0932540894, -23.0379371643, 5.96422576904, -9.89774417877, -19.6708011627, 4.87696743011, 20.6746826172, 59.1407241821, 23.6298656464, 10.5095891953, -4.26938295364, 2.21379685402, 2.74711084366], [103.718086243, 31.8873577118, -70.234336853, 32.0276527405, -21.1059303284, -0.988764047623, 16.1441993713, 23.6298656464, 59.2125892639, 19.2521724701, 14.8531064987, -0.49386703968, -1.39512515068], [89.1397628784, -29.7805728912, -22.9393081665, -3.68081331253, -5.5065574646, 1.70872962475, -2.0757484436, 10.5095891953, 19.2521724701, 47.7436065674, 21.6013679504, 10.2307891846, -1.08485686779], [77.9944992065, 2.29364752769, -57.2042999268, 23.2168807983, -7.47252368927, 7.21777153015, 5.29813337326, -4.26938295364, 14.8531064987, 21.6013679504, 46.8013534546, 19.4006614685, 5.62214612961], [99.254234314, -9.00391578674, -20.9402809143, -12.2960634232, -12.82625103, -3.63988995552, 1.37709057331, 2.21379685402, -0.49386703968, 10.2307891846, 19.4006614685, 43.5981712341, 21.8968315125], [38.9419822693, -4.96609640121, -8.10008144379, -12.3731050491, -12.164686203, -2.68982338905, -1.49830412865, 2.74711084366, -1.39512515068, -1.08485686779, 5.62214612961, 21.8968315125, 40.5105018616]]
        icov: [[0.00030955648981, -0.00012101734319, 0.000448957638582, -0.00055147591047, 0.000899659877177, -0.000265123584541, 0.000258101470536, -0.000411326938774, 0.000829438387882, -0.000818483997136, 0.000791109458078, -0.000634629104752, 0.000138800620334], [-0.00012101734319, 0.00303900404833, 0.000238617358264, -0.00209723855369, 0.000187151134014, 0.00247053313069, -0.00163155409973, 0.00149419659283, -0.000780060363468, 0.00150203460362, 0.00094641308533, -5.10160534759e-005, -0.00013581213716], [0.000448957638582, 0.000238617358264, 0.00531260995194, 0.000970938592218, -0.00432829093188, 0.00168241292704, 0.00327438535169, -0.00486101908609, 0.00379237276502, 5.7491226471e-005, 0.00232969527133, -0.000217012799112, 0.000145342171891], [-0.00055147591047, -0.00209723855369, 0.000970938592218, 0.0103242667392, -0.00413379725069, -0.00595140317455, 0.00389421288855, -9.88370811683e-005, -0.00515846395865, 0.00465000653639, -0.00491500459611, 0.00277123693377, 0.00126583257224], [0.000899659877177, 0.000187151134014, -0.00432829093188, -0.00413379725069, 0.0204585939646, -0.00747773982584, -0.00586706912145, 0.00881044194102, 0.00159787200391, -0.00538799213246, 0.00345678068697, -0.00141005136538, 0.00205569597892], [-0.000265123584541, 0.00247053313069, 0.00168241292704, -0.00595140317455, -0.00747773982584, 0.0282086227089, -0.00712322071195, -0.00514700869098, 0.00722769415006, -0.00114550592843, -0.00293306796812, 0.00389093579724, -0.0026883399114], [0.000258101470536, -0.00163155409973, 0.00327438535169, 0.00389421288855, -0.00586706912145, -0.00712322071195, 0.0254253335297, -0.0107550546527, -0.0041027572006, 0.00714576989412, -0.00328803597949, -0.00242009130307, 0.00264544319361], [-0.000411326938774, 0.00149419659283, -0.00486101908609, -9.88370811683e-005, 0.00881044194102, -0.00514700869098, -0.0107550546527, 0.0326460190117, -0.0134548768401, -0.00521659804508, 0.00902507547289, -0.00263332435861, -0.00116348976735], [0.000829438387882, -0.000780060363468, 0.00379237276502, -0.00515846395865, 0.00159787200391, 0.00722769415006, -0.0041027572006, -0.0134548768401, 0.0350560992956, -0.0116400979459, -0.00375325419009, 0.0058827996254, -0.00175315898377], [-0.000818483997136, 0.00150203460362, 5.7491226471e-005, 0.00465000653639, -0.00538799213246, -0.00114550592843, 0.00714576989412, -0.00521659804508, -0.0116400979459, 0.0373136997223, -0.0159886591136, -0.0027225355152, 0.00561563298106], [0.000791109458078, 0.00094641308533, 0.00232969527133, -0.00491500459611, 0.00345678068697, -0.00293306796812, -0.00328803597949, 0.00902507547289, -0.00375325419009, -0.0159886591136, 0.0432243533432, -0.0177050754428, 0.00144360295963], [-0.000634629104752, -5.10160534759e-005, -0.000217012799112, 0.00277123693377, -0.00141005136538, 0.00389093579724, -0.00242009130307, -0.00263332435861, 0.0058827996254, -0.0027225355152, -0.0177050754428, 0.0436290465295, -0.0196648091078], [0.000138800620334, -0.00013581213716, 0.000145342171891, 0.00126583257224, 0.00205569597892, -0.0026883399114, 0.00264544319361, -0.00116348976735, -0.00175315898377, 0.00561563298106, 0.00144360295963, -0.0196648091078, 0.0360850319266]]
    sccoeffs:
        dmean: [0.0591699667275, 0.0488988123834, 0.0368858873844, 0.0254159197211, 0.0166018176824, 0.0183281060308]
        dmean2: [0.101024597883, 0.0833701640368, 0.0632052347064, 0.0434350371361, 0.0284849330783, 0.0299234669656]
        dvar: [0.00230705249123, 0.00149853131734, 0.000840124441311, 0.000380377867259, 0.000168258193298, 0.000265398062766]
        dvar2: [0.00670532369986, 0.00430611800402, 0.00239984621294, 0.0011019037338, 0.00048779475037, 0.000693862617481]
        max: [-0.347021251917, -0.55208337307, -0.597861528397, -0.673055648804, -0.685529828072, -0.595243871212]
        mean: [-0.67249161005, -0.760840892792, -0.802983343601, -0.816951274872, -0.817690968513, -0.716849505901]
        median: [-0.675529837608, -0.764324784279, -0.806233406067, -0.816889405251, -0.815054059029, -0.713062286377]
        min: [-0.979388058186, -0.995485365391, -0.973116457462, -0.971496641636, -0.970948934555, -0.965074121952]
        var: [0.00448942976072, 0.00353370653465, 0.00214769109152, 0.00109753303695, 0.000692354922649, 0.00220049661584]
    scvalleys:
        dmean: [0.358469486237, 0.332287997007, 0.280419707298, 0.219887644053, 0.183411180973, 0.320144444704]
        dmean2: [0.612123370171, 0.562559723854, 0.467781841755, 0.360757440329, 0.294001489878, 0.523144006729]
        dvar: [0.0877561494708, 0.084825001657, 0.0629460066557, 0.0432871989906, 0.0372948944569, 0.134911805391]
        dvar2: [0.231239750981, 0.211548626423, 0.14458052814, 0.0918396934867, 0.0721279457211, 0.335120737553]
        max: [-5.11311674118, -4.77622365952, -4.91068267822, -5.55288887024, -5.53002357483, -7.98586130142]
        mean: [-6.55622148514, -6.51719760895, -6.87631797791, -7.00953006744, -6.91520738602, -10.0047159195]
        median: [-6.21105670929, -6.17103528976, -6.55872058868, -6.61907720566, -6.47178030014, -9.53195571899]
        min: [-28.2074394226, -28.0697307587, -27.907037735, -27.6840171814, -27.4903678894, -27.5223922729]
        var: [4.17619228363, 4.45952367783, 4.63997173309, 4.71914148331, 4.80183696747, 4.13686227798]

rhythm:
    beats_loudness:
        dmean: 0.00153105356731
        dmean2: 0.00270357634872
        dvar: 1.53357871113e-006
        dvar2: 4.87451370645e-006
        max: 0.0129632623866
        mean: 0.00590699957684
        median: 0.0061393789947
        min: 0
        var: 5.97096095589e-006
    bpm: 102.437171936
    bpm_confidence: 0
    first_peak_bpm: 103
    first_peak_spread: 0.439252316952
    first_peak_weight: 0.51172709465
    onset_rate: 2.13619756699
    second_peak_bpm: 161
    second_peak_spread: 0.439999997616
    second_peak_weight: 0.0298507455736
    beats_loudness_band_ratio:
        dmean: [0.120599143207, 0.0901136472821, 0.0738590881228, 0.0547567084432, 0.057110529393, 0.0551348291337]
        dmean2: [0.224481388927, 0.160451993346, 0.129249617457, 0.0958819687366, 0.103148132563, 0.0987746417522]
        dvar: [0.0112485960126, 0.0071328105405, 0.00455696694553, 0.00333979260176, 0.0024330499582, 0.00238661956973]
        dvar2: [0.0299204774201, 0.0199328195304, 0.0140871452168, 0.010102157481, 0.00732307462022, 0.00714010698721]
        max: [0.975811839104, 0.788785040379, 0.511256933212, 0.429341107607, 0.417294353247, 0.436337858438]
        mean: [0.245791241527, 0.151113018394, 0.133083373308, 0.11197385937, 0.202536284924, 0.193032503128]
        median: [0.209782063961, 0.13309776783, 0.114486426115, 0.0981659293175, 0.207904428244, 0.199039444327]
        min: [0, 0, 0, 0, 0, 0]
        var: [0.0302388016135, 0.00831583235413, 0.00709204562008, 0.00480852462351, 0.00570874428377, 0.00591562967747]
    beats_position: [0.592108845711, 1.20743763447, 1.8111563921, 2.41487526894, 3.01859402657, 3.62231278419, 4.21442174911, 4.80653047562, 5.39863920212, 5.99074840546, 6.58285713196, 7.18657588959, 7.79029464722, 8.38240337372, 8.96290206909, 9.54340076447, 10.1239004135, 10.71600914, 11.3081178665, 11.900226593, 12.4923353195, 13.084444046, 13.6765527725, 14.2570514679, 14.8375511169, 15.4180498123, 16.0101585388, 16.602268219, 17.1827659607, 17.7632656097, 18.3437633514, 18.9358730316, 19.5279808044, 20.1084804535, 20.6889801025, 21.2694778442, 21.8615875244, 22.4536952972, 23.0341949463, 23.6263027191, 24.2068023682, 24.7989120483, 25.37940979, 25.9599094391, 26.5404071808, 27.1209068298, 27.7130146027, 28.3051242828, 28.8856239319, 29.4661216736, 30.0582313538, 30.6503391266, 31.2308387756, 31.8113365173, 32.391834259, 32.9723358154, 33.5644454956, 34.1565513611, 34.7370529175, 35.3175506592, 35.8980484009, 36.4785499573, 37.0706558228, 37.6627655029, 38.2432632446, 38.8353729248, 39.427482605, 40.0079803467, 40.5884780884, 41.1805877686, 41.761089325, 42.3531951904, 42.9336967468, 43.5258026123, 44.1179122925, 44.6984100342, 45.2789115906, 45.8594093323, 46.439907074, 47.0320167542, 47.6241264343, 48.204624176, 48.7851219177, 49.3656234741, 49.9577331543, 50.5498390198, 51.1303405762, 51.7224464417, 52.302947998, 52.8950538635, 53.4755554199, 54.0560531616, 54.6365509033, 55.2170524597, 55.7975502014, 56.3896598816, 56.9817695618, 57.5622673035, 58.1543769836, 58.7464828491, 59.3269844055, 59.9074821472, 60.4995918274, 61.0916976929, 61.6721992493, 62.252696991, 62.8331947327, 63.4136962891, 63.9941940308, 64.5746917725, 65.1668014526, 65.7589111328, 66.3394088745, 66.9199066162, 67.5004043579, 68.0809020996, 68.6614074707, 69.2535171509, 69.8456192017, 70.4377288818, 71.029838562, 71.6219482422, 72.2024459839, 72.7945556641, 73.3750534058, 73.9555511475, 74.5360565186, 75.1281585693, 75.7086639404, 76.3007659912, 76.8812713623, 77.461769104, 78.0538787842, 78.6459884644, 79.2264862061, 79.8069839478, 80.3874816895, 80.9795913696, 81.5600891113, 82.140586853, 82.7326965332, 83.3131942749, 83.8936920166, 84.4741897583, 85.0662994385, 85.6584091187, 86.2389068604, 86.8310165405, 87.4115142822, 87.9920196533, 88.5841217041, 89.1646270752, 89.7567367554, 90.3488388062, 90.9293441772, 91.5098419189, 92.0903396606, 92.6824493408, 93.274559021, 93.8550567627, 94.4471664429, 95.039276123, 95.6197738647, 96.2118835449, 96.7923812866, 97.3844909668, 97.9649887085, 98.5454864502, 99.1259841919, 99.7180938721, 100.298591614, 100.890701294, 101.471199036, 102.051696777, 102.632194519, 103.224304199, 103.816413879, 104.396911621, 104.977409363, 105.569519043, 106.161628723, 106.742126465, 107.322631836, 107.914733887, 108.506843567, 109.087341309, 109.66784668, 110.248344421, 110.828842163, 111.409339905, 112.001449585, 112.593559265, 113.174057007, 113.766166687, 114.346664429, 114.938774109, 115.519271851, 116.099769592, 116.680267334, 117.283988953, 117.864486694, 118.444984436, 119.025482178, 119.605987549, 120.186485291, 120.778594971, 121.370697021, 121.962806702, 122.554916382, 123.135414124, 123.715919495, 124.296417236, 124.888526917, 125.480628967, 126.061134338, 126.64163208, 127.222129822, 127.814239502, 128.406341553, 128.986846924, 129.567337036, 130.147842407, 130.728347778, 131.308837891, 131.9009552, 132.493057251, 133.073562622, 133.654052734, 134.246170044, 134.838272095, 135.418777466, 136.010879517, 136.591384888, 137.183486938, 137.76399231, 138.344482422, 138.924987793, 139.517089844, 140.097595215, 140.678085327, 141.270202637, 141.850692749, 142.43119812, 143.011703491, 143.592193604, 144.184310913, 144.776412964, 145.368530273, 145.960632324, 146.541137695, 147.133239746, 147.725341797, 148.305847168, 148.886352539, 149.47845459, 150.058959961, 150.651062012, 151.231567383, 151.812057495, 152.392562866, 152.973052979, 153.55355835, 154.1456604, 154.73777771, 155.329879761, 155.92199707, 156.502487183, 157.082992554, 157.663482666, 158.243988037, 158.836090088, 159.428207397, 160.00869751, 160.589202881, 161.169708252, 161.761810303, 162.353912354, 162.934417725, 163.514923096, 164.107025146, 164.699142456, 165.279632568, 165.860137939, 166.440628052, 167.032745361, 167.624847412, 168.205352783, 168.797454834, 169.389572144, 169.970062256, 170.550567627, 171.131057739, 171.71156311, 172.303665161, 172.895782471, 173.476272583, 174.056777954, 174.637283325, 175.229385376, 175.821487427, 176.401992798, 176.982498169, 177.562988281, 178.155105591, 178.747207642, 179.327713013, 179.908203125, 180.488708496, 181.069198608, 181.661315918, 182.253417969, 182.83392334, 183.414413452, 184.006530762, 184.598632813, 185.179138184, 185.759628296, 186.340133667, 186.932235718, 187.524353027, 188.10484314, 188.685348511, 189.265853882, 189.857955933, 190.438461304, 191.030563354, 191.611068726, 192.191558838, 192.783676147, 193.36416626, 193.956283569, 194.536773682, 195.128890991, 195.709381104, 196.301498413, 196.881988525, 197.462493896, 198.054595947, 198.646713257, 199.238815308, 199.819320679, 200.411422729, 200.991928101, 201.572418213, 202.152923584, 202.745025635, 203.325531006, 203.917633057, 204.498138428, 205.07862854, 205.659133911, 206.251235962, 206.843353271, 207.423858643, 208.004348755, 208.596466064, 209.188568115, 209.769073486, 210.349563599, 210.941680908, 211.522171021, 212.11428833, 212.694778442, 213.275283813, 213.855773926, 214.447891235, 215.039993286, 215.620498657, 216.20098877, 216.781494141, 217.361984253, 217.954101563, 218.546203613, 219.126708984, 219.707214355, 220.299316406, 220.891418457, 221.471923828, 222.052429199, 222.632919312, 223.213424683, 223.793914795, 224.386032104, 224.978134155, 225.570251465, 226.150741577, 226.742858887, 227.323348999, 227.915466309, 228.507568359, 229.08807373, 229.668563843, 230.249069214, 230.841171265, 231.433288574, 232.013778687, 232.594284058, 233.17477417, 233.755279541, 234.347381592, 234.927886963, 235.519989014, 236.100494385, 236.692596436, 237.273101807, 237.865203857, 238.445709229, 239.037811279, 239.61831665, 240.21043396, 240.790924072, 241.371429443, 241.951919556, 242.532424927, 243.124526978, 243.705032349, 244.285522461, 244.866027832, 245.458129883, 246.038635254, 246.619140625, 247.211242676, 247.803344727, 248.383850098, 248.975952148, 249.55645752, 250.14855957, 250.763900757, 251.42565918, 252.087432861, 252.679534912, 253.271652222, 253.863754272, 254.39781189, 254.920272827, 255.454330444, 255.976776123, 256.499237061, 257.02166748, 257.567352295, 258.113006592, 258.577423096, 259.030212402, 259.483001709, 259.935791016, 260.307312012, 260.690429688, 261.073547363, 261.456695557, 261.839813232, 262.222930908, 262.606079102, 262.989196777, 263.360717773, 263.73223877, 264.103759766, 264.475280762, 264.858398438, 265.241546631, 265.624664307, 265.996185303, 266.367706299, 266.739227295, 267.110748291, 267.482269287, 267.853790283, 268.225311279, 268.596832275, 268.968353271, 269.351470947]
