
metadata:
    version:
        essentia: "2.1-beta2"
    audio_properties:
        analysis_sample_rate: 44100
        bitrate: 320
        channels: 2
        equal_loudness: 1
        length: 600.920837402
        replay_gain: -14.2145862579
        downmix: "mix"
    tags:
        album: "Stone's Reach"
        artist: "Be'lakor"
        comment: " "
        date: "2009"
        genre: "Death Metal"
        title: "Countless Skies"
        tracknumber: "8"

configuration:
    average_loudness:
        compute: 1
        frameSize: 88200
        hopSize: 44100
        silentFrames: "noise"
        windowType: "hann"
    general:
        analysisSampleRate: 44100
        endTime: 2000
        equalLoudness: 1
        nequalLoudness: 0
        shortSound: 0
        startTime: 0
    lowlevel:
        compute: 1
        frameSize: 2048
        hopSize: 1024
        zeroPadding: 0
        silentFrames: "noise"
        windowType: "blackmanharris62"
        mfccStats: ["mean", "cov", "icov"]
        stats: ["mean", "var", "median", "min", "max", "dmean", "dmean2", "dvar", "dvar2"]
    panning:
        compute: 0
        frameSize: 8192
        hopSize: 2048
        zeroPadding: 8192
        silentFrames: "noise"
        windowType: "hann"
        stats: ["copy"]
    rhythm:
        compute: 1
        maxTempo: 208
        minTempo: 40
        method: "degara"
        stats: ["mean", "var", "median", "min", "max", "dmean", "dmean2", "dvar", "dvar2"]
    segmentation:
        compute: 0
        cpw: 5
        inc1: 300
        inc2: 50
        minimumSegmentsLength: 10
        size1: 1000
        size2: 600
    sfx:
        compute: 1
        stats: ["mean", "var", "median", "min", "max", "dmean", "dmean2", "dvar", "dvar2"]
    svm:
        compute: 0
    tonal:
        compute: 1
        frameSize: 4096
        hopSize: 2048
        zeroPadding: 0
        silentFrames: "noise"
        windowType: "blackmanharris62"
        stats: ["mean", "var", "median", "min", "max", "dmean", "dmean2", "dvar", "dvar2"]

lowlevel:
    average_loudness: 0.904726922512
    barkbands_kurtosis:
        dmean: 0.787469387054
        dmean2: 1.27356302738
        dvar: 2.15497493744
        dvar2: 5.45498991013
        max: 61.4662055969
        mean: -0.152130499482
        median: -1.21301591396
        min: -1.91272687912
        var: 10.0887765884
    barkbands_skewness:
        dmean: 0.397688359022
        dmean2: 0.632267177105
        dvar: 0.150535106659
        dvar2: 0.371789813042
        max: 5.67067909241
        mean: 0.0749364048243
        median: -0.11820692569
        min: -3.1729221344
        var: 1.03755617142
    barkbands_spread:
        dmean: 4.94423389435
        dmean2: 8.06335353851
        dvar: 27.0049972534
        dvar2: 69.5729598999
        max: 66.3434677124
        mean: 33.2024002075
        median: 35.5765647888
        min: 0.584191918373
        var: 129.067443848
    dissonance:
        dmean: 0.0111120725051
        dmean2: 0.0187672413886
        dvar: 0.000208331708563
        dvar2: 0.000577854458243
        max: 0.500000119209
        mean: 0.476610898972
        median: 0.48370796442
        min: 0.223238095641
        var: 0.000738144502975
    hfc:
        dmean: 2.01799511909
        dmean2: 3.25722408295
        dvar: 5.41950416565
        dvar2: 13.7906293869
        max: 45.6625175476
        mean: 9.07555866241
        median: 9.08400630951
        min: 1.0535538073e-016
        var: 35.8062171936
    pitch:
        dmean: 898.786865234
        dmean2: 1744.72045898
        dvar: 1747580.25
        dvar2: 3990582.5
        max: 4601.64550781
        mean: 1333.9855957
        median: 313.431213379
        min: 51.9199676514
        var: 2165977.25
    pitch_instantaneous_confidence:
        dmean: 0.0802602395415
        dmean2: 0.126834750175
        dvar: 0.00465707900003
        dvar2: 0.0106796817854
        max: 0.917357444763
        mean: 0.419656157494
        median: 0.404965341091
        min: 0.107250750065
        var: 0.0175250861794
    pitch_salience:
        dmean: 0.0598618090153
        dmean2: 0.0972371771932
        dvar: 0.0029939704109
        dvar2: 0.00750103173777
        max: 0.851849019527
        mean: 0.639162957668
        median: 0.653585731983
        min: 0.159136712551
        var: 0.00846506748348
    silence_rate_20dB:
        dmean: 0
        dmean2: 0
        dvar: 0
        dvar2: 0
        max: 1
        mean: 1
        median: 1
        min: 1
        var: 0
    silence_rate_30dB:
        dmean: 0
        dmean2: 0
        dvar: 0
        dvar2: 0
        max: 1
        mean: 1
        median: 1
        min: 1
        var: 0
    silence_rate_60dB:
        dmean: 0.0369397215545
        dmean2: 0.0738822966814
        dvar: 0.0355624295771
        dvar2: 0.081031113863
        max: 1
        mean: 0.2427649647
        median: 0
        min: 0
        var: 0.183763504028
    spectral_centroid:
        dmean: 247.616668701
        dmean2: 402.895965576
        dvar: 73583.578125
        dvar2: 180956.9375
        max: 11492.1191406
        mean: 1672.85388184
        median: 1802.37536621
        min: 161.501617432
        var: 469180.6875
    spectral_complexity:
        dmean: 3.12843894958
        dmean2: 4.99215602875
        dvar: 9.64516448975
        dvar2: 22.9736881256
        max: 48
        mean: 16.6186008453
        median: 17
        min: 0
        var: 82.1446456909
    spectral_crest:
        dmean: 1.92966663837
        dmean2: 3.21236419678
        dvar: 3.84605240822
        dvar2: 10.4098291397
        max: 24.4870357513
        mean: 7.36406517029
        median: 6.43625402451
        min: 2.63863420486
        var: 10.4576177597
    spectral_decrease:
        dmean: 2.79707312867e-010
        dmean2: 4.74770389669e-010
        dvar: 2.10995059301e-019
        dvar2: 5.93532953683e-019
        max: 1.6858935917e-028
        mean: -1.13535858492e-009
        median: -1.16165932429e-009
        min: -5.42171729734e-009
        var: 4.13183100771e-019
    spectral_energy:
        dmean: 0.00119302701205
        dmean2: 0.00201267469674
        dvar: 3.43603528563e-006
        dvar2: 9.6061221484e-006
        max: 0.0221465192735
        mean: 0.00510828290135
        median: 0.00527572305873
        min: 9.93036141484e-021
        var: 8.20261993795e-006
    spectral_energyband_high:
        dmean: 0.000143833618495
        dmean2: 0.000240738721914
        dvar: 4.45151329131e-008
        dvar2: 1.1308227954e-007
        max: 0.00454563926905
        mean: 0.000387244072044
        median: 0.000349582609488
        min: 7.16911297669e-021
        var: 1.12034882704e-007
    spectral_energyband_low:
        dmean: 0.00032024999382
        dmean2: 0.000541783869267
        dvar: 2.34923760445e-007
        dvar2: 6.10998256434e-007
        max: 0.00765941897407
        mean: 0.000506884243805
        median: 0.000311372656142
        min: 3.67526603873e-023
        var: 3.5593276948e-007
    spectral_energyband_middle_high:
        dmean: 0.0005507216556
        dmean2: 0.000876027275808
        dvar: 3.64562595223e-007
        dvar2: 9.28360577745e-007
        max: 0.0115952221677
        mean: 0.00242620380595
        median: 0.00238404097036
        min: 1.31876520525e-021
        var: 2.77237677437e-006
    spectral_energyband_middle_low:
        dmean: 0.000802668510005
        dmean2: 0.00136647000909
        dvar: 2.59257467405e-006
        dvar2: 7.38233620723e-006
        max: 0.0175560843199
        mean: 0.00197250465862
        median: 0.00161477993242
        min: 2.13635397602e-022
        var: 2.76471860161e-006
    spectral_flatness_db:
        dmean: 0.0142149142921
        dmean2: 0.02307109721
        dvar: 0.000185376702575
        dvar2: 0.000467560021207
        max: 0.449896216393
        mean: 0.160567522049
        median: 0.143768072128
        min: 0.0595253445208
        var: 0.00320323673077
    spectral_flux:
        dmean: 0.00784872099757
        dmean2: 0.0119901867583
        dvar: 9.26177890506e-005
        dvar2: 0.000169119157363
        max: 0.12043505162
        mean: 0.0381279587746
        median: 0.0391408093274
        min: 6.43341699358e-011
        var: 0.000344700063579
    spectral_kurtosis:
        dmean: 2.46041464806
        dmean2: 4.25566768646
        dvar: 49.6643829346
        dvar2: 142.513702393
        max: 158.854019165
        mean: 7.74290561676
        median: 3.04112291336
        min: -1.23030865192
        var: 349.057922363
    spectral_rms:
        dmean: 0.000238662178162
        dmean2: 0.000394655013224
        dvar: 9.66237720945e-008
        dvar2: 2.64334971689e-007
        max: 0.00464826403186
        mean: 0.00211095809937
        median: 0.0022687104065
        min: 3.11258050584e-012
        var: 5.27504425918e-007
    spectral_rolloff:
        dmean: 290.242767334
        dmean2: 490.128997803
        dvar: 193227.90625
        dvar2: 449061.1875
        max: 19444.4824219
        mean: 3039.02661133
        median: 3359.1796875
        min: 150.732421875
        var: 1108073.125
    spectral_skewness:
        dmean: 0.220516234636
        dmean2: 0.374740123749
        dvar: 0.155700281262
        dvar2: 0.443888604641
        max: 10.5131902695
        mean: 1.53305006027
        median: 1.19588196278
        min: -0.0465866103768
        var: 1.79131984711
    spectral_spread:
        dmean: 390677.5
        dmean2: 618390.9375
        dvar: 263098073088
        dvar2: 519935393792
        max: 41399580
        mean: 4175313
        median: 4212311
        min: 572093.4375
        var: 2.36648792064e+012
    spectral_strongpeak:
        dmean: 0.695381641388
        dmean2: 1.19737637043
        dvar: 1.14178597927
        dvar2: 2.8234038353
        max: 10.2020454407
        mean: 0.961187899113
        median: 0.310395181179
        min: 8.78903200219e-011
        var: 1.82980036736
    zerocrossingrate:
        dmean: 0.0069364993833
        dmean2: 0.00868353433907
        dvar: 5.15629217261e-005
        dvar2: 6.61095182295e-005
        max: 0.51904296875
        mean: 0.0953527912498
        median: 0.103515625
        min: 0.00732421875
        var: 0.00101544579957
    barkbands:
        dmean: [3.57919873295e-007, 8.40936627355e-005, 0.000192192790564, 0.000186346631381, 0.000496088177897, 0.000206104465178, 0.000107990599645, 7.05100974301e-005, 8.98247162695e-005, 3.9733498852e-005, 4.21294571424e-005, 2.88598912448e-005, 2.20835809159e-005, 2.25135408982e-005, 4.15106042055e-005, 0.000110427390609, 0.000229718876653, 0.000241369038122, 0.000255442282651, 0.000132130386191, 6.44795654807e-005, 3.05945795844e-005, 5.34891796633e-006, 2.12412487599e-006, 9.6705798569e-007, 2.44300544239e-008, 3.039972718e-010]
        dmean2: [5.83648215979e-007, 0.000150937077706, 0.000332747178618, 0.000293146906188, 0.000863365537953, 0.000337535224389, 0.000173872031155, 0.000118489006127, 0.000140255826409, 6.50711372145e-005, 6.760013639e-005, 4.74484404549e-005, 3.68817673007e-005, 3.73421244149e-005, 6.8853769335e-005, 0.00018312408065, 0.00037507415982, 0.000394368777052, 0.00041707494529, 0.000221203226829, 0.000107229447167, 5.36672268936e-005, 8.77022830537e-006, 3.47523155142e-006, 1.61658942943e-006, 3.8210657749e-008, 5.2136100992e-010]
        dvar: [2.70928082486e-013, 2.73717883914e-008, 9.1732403007e-008, 1.20633700362e-007, 1.52960478772e-006, 8.64275833123e-008, 3.62356935568e-008, 2.17909441602e-008, 1.95347968912e-008, 5.68404434631e-009, 5.89550586128e-009, 2.95457125432e-009, 1.40482225852e-009, 1.11555298332e-009, 3.50315176867e-009, 2.07478976222e-008, 9.69926006178e-008, 1.10016507904e-007, 9.90647492927e-008, 2.82088130632e-008, 7.89474885465e-009, 4.39892700044e-009, 1.65812974462e-010, 2.90923066887e-011, 6.77219218204e-012, 9.70171547808e-015, 3.69244042114e-019]
        dvar2: [7.27969550959e-013, 7.60069553962e-008, 2.46107333624e-007, 2.58436330114e-007, 4.37926155428e-006, 2.41063702333e-007, 9.32247843366e-008, 6.00284337793e-008, 4.95163305914e-008, 1.58118531601e-008, 1.5686625332e-008, 8.04286770517e-009, 3.81704046148e-009, 2.93370883142e-009, 9.43489553151e-009, 5.60844313213e-008, 2.53461223565e-007, 2.76719731573e-007, 2.57844902762e-007, 7.68926042838e-008, 2.0476086604e-008, 1.10810534082e-008, 3.82141485122e-010, 6.43221587104e-011, 1.54421857246e-011, 2.19616991558e-014, 1.00076922039e-018]
        max: [5.19227569384e-006, 0.00145307055209, 0.00483414065093, 0.00749529339373, 0.0144558269531, 0.00516270846128, 0.00431518489495, 0.00335535081103, 0.00301146064885, 0.00192772690207, 0.00192998698913, 0.00190892885439, 0.000815404462628, 0.000721205957234, 0.00108134618495, 0.00277541554533, 0.00729576265439, 0.00591063778847, 0.00589114055037, 0.00379235646687, 0.00261839129962, 0.00194610399194, 0.000690472836141, 0.000197889792616, 0.00011893753981, 4.52861922895e-006, 2.80910299466e-008]
        mean: [5.65018751786e-007, 8.95649209269e-005, 0.000249943404924, 0.000324031687342, 0.000669423257932, 0.00044706396875, 0.000206610755413, 0.000110572414997, 0.000191333092516, 7.16969298082e-005, 7.68794270698e-005, 5.38934582437e-005, 3.73469483748e-005, 3.88422231481e-005, 7.91363563621e-005, 0.000225709663937, 0.000501790316775, 0.000547921343241, 0.0006249982398, 0.000330275972374, 0.000168697180925, 4.46936064691e-005, 1.12387733679e-005, 4.3089457904e-006, 1.69797840499e-006, 4.37725375946e-008, 4.08857975254e-010]
        median: [3.04012303332e-007, 3.85288440157e-005, 0.000138480769238, 0.000157711867359, 0.000351526890881, 0.000295030971756, 0.000105437386082, 5.26359472133e-005, 0.000111902823846, 4.04198653996e-005, 4.2153216782e-005, 3.43022802554e-005, 2.39801320276e-005, 2.81007451122e-005, 6.2354018155e-005, 0.000192326537217, 0.000400060758693, 0.000405702565331, 0.000515224877745, 0.00029112843913, 0.000153258471983, 2.73516234301e-005, 6.7239548116e-006, 2.50499283538e-006, 9.70713244897e-007, 1.96192235791e-008, 2.10546136081e-010]
        min: [8.4148285798e-025, 9.3867008763e-024, 2.02175465348e-024, 1.33025279182e-024, 1.58582498966e-023, 1.47924988137e-023, 3.11774648258e-023, 9.53385025639e-024, 4.56510429527e-023, 1.48969534638e-023, 4.15790407787e-023, 2.91180109041e-023, 4.31723126153e-023, 6.49284463599e-023, 5.23198048327e-023, 7.45442568977e-023, 1.09870312825e-022, 1.24907427939e-022, 1.54793505375e-022, 1.63829446349e-022, 3.0382226769e-022, 3.27152633324e-022, 4.9208093136e-022, 8.01514486576e-022, 1.01885296135e-021, 1.41676409547e-021, 2.02824565029e-021]
        var: [4.56298085254e-013, 2.08133439372e-008, 1.08306707602e-007, 2.83548075686e-007, 1.17336094263e-006, 2.2516131537e-007, 9.17129270306e-008, 3.29489644457e-008, 5.29104973168e-008, 1.10336655368e-008, 1.1987252968e-008, 6.88676227156e-009, 2.50979748095e-009, 1.60934676696e-009, 5.72766012397e-009, 4.03607423038e-008, 2.17252662083e-007, 3.03240597077e-007, 3.08646434632e-007, 7.84394416087e-008, 2.05769925543e-008, 5.35925037681e-009, 3.36446925875e-010, 5.92184357107e-011, 1.18100685481e-011, 1.46779340933e-014, 4.71593244804e-019]
    frequency_bands:
        dmean: [3.57919873295e-007, 8.40936627355e-005, 0.000192192790564, 0.000186346631381, 0.000496088177897, 0.000206104465178, 0.000107990599645, 7.05100974301e-005, 8.98247162695e-005, 3.9733498852e-005, 4.21294571424e-005, 2.88598912448e-005, 2.20835809159e-005, 2.25135408982e-005, 4.15106042055e-005, 0.000110427390609, 0.000229718876653, 0.000241369038122, 0.000255442282651, 0.000132130386191, 6.44795654807e-005, 3.05945795844e-005, 5.34891796633e-006, 2.12412487599e-006, 9.6705798569e-007, 2.44300544239e-008, 3.039972718e-010, 6.0936193591e-011]
        dmean2: [5.83648215979e-007, 0.000150937077706, 0.000332747178618, 0.000293146906188, 0.000863365537953, 0.000337535224389, 0.000173872031155, 0.000118489006127, 0.000140255826409, 6.50711372145e-005, 6.760013639e-005, 4.74484404549e-005, 3.68817673007e-005, 3.73421244149e-005, 6.8853769335e-005, 0.00018312408065, 0.00037507415982, 0.000394368777052, 0.00041707494529, 0.000221203226829, 0.000107229447167, 5.36672268936e-005, 8.77022830537e-006, 3.47523155142e-006, 1.61658942943e-006, 3.8210657749e-008, 5.2136100992e-010, 1.13024499482e-010]
        dvar: [2.70928082486e-013, 2.73717883914e-008, 9.1732403007e-008, 1.20633700362e-007, 1.52960478772e-006, 8.64275833123e-008, 3.62356935568e-008, 2.17909441602e-008, 1.95347968912e-008, 5.68404434631e-009, 5.89550586128e-009, 2.95457125432e-009, 1.40482225852e-009, 1.11555298332e-009, 3.50315176867e-009, 2.07478976222e-008, 9.69926006178e-008, 1.10016507904e-007, 9.90647492927e-008, 2.82088130632e-008, 7.89474885465e-009, 4.39892700044e-009, 1.65812974462e-010, 2.90923066887e-011, 6.77219218204e-012, 9.70171547808e-015, 3.69244042114e-019, 7.73093501808e-021]
        dvar2: [7.27969550959e-013, 7.60069553962e-008, 2.46107333624e-007, 2.58436330114e-007, 4.37926155428e-006, 2.41063702333e-007, 9.32247843366e-008, 6.00284337793e-008, 4.95163305914e-008, 1.58118531601e-008, 1.5686625332e-008, 8.04286770517e-009, 3.81704046148e-009, 2.93370883142e-009, 9.43489553151e-009, 5.60844313213e-008, 2.53461223565e-007, 2.76719731573e-007, 2.57844902762e-007, 7.68926042838e-008, 2.0476086604e-008, 1.10810534082e-008, 3.82141485122e-010, 6.43221587104e-011, 1.54421857246e-011, 2.19616991558e-014, 1.00076922039e-018, 2.4780011169e-020]
        max: [5.19227569384e-006, 0.00145307055209, 0.00483414065093, 0.00749529339373, 0.0144558269531, 0.00516270846128, 0.00431518489495, 0.00335535081103, 0.00301146064885, 0.00192772690207, 0.00192998698913, 0.00190892885439, 0.000815404462628, 0.000721205957234, 0.00108134618495, 0.00277541554533, 0.00729576265439, 0.00591063778847, 0.00589114055037, 0.00379235646687, 0.00261839129962, 0.00194610399194, 0.000690472836141, 0.000197889792616, 0.00011893753981, 4.52861922895e-006, 2.80910299466e-008, 1.29937327564e-009]
        mean: [5.65018751786e-007, 8.95649209269e-005, 0.000249943404924, 0.000324031687342, 0.000669423257932, 0.00044706396875, 0.000206610755413, 0.000110572414997, 0.000191333092516, 7.16969298082e-005, 7.68794270698e-005, 5.38934582437e-005, 3.73469483748e-005, 3.88422231481e-005, 7.91363563621e-005, 0.000225709663937, 0.000501790316775, 0.000547921343241, 0.0006249982398, 0.000330275972374, 0.000168697180925, 4.46936064691e-005, 1.12387733679e-005, 4.3089457904e-006, 1.69797840499e-006, 4.37725375946e-008, 4.08857975254e-010, 4.74897655922e-011]
        median: [3.04012303332e-007, 3.85288440157e-005, 0.000138480769238, 0.000157711867359, 0.000351526890881, 0.000295030971756, 0.000105437386082, 5.26359472133e-005, 0.000111902823846, 4.04198653996e-005, 4.2153216782e-005, 3.43022802554e-005, 2.39801320276e-005, 2.81007451122e-005, 6.2354018155e-005, 0.000192326537217, 0.000400060758693, 0.000405702565331, 0.000515224877745, 0.00029112843913, 0.000153258471983, 2.73516234301e-005, 6.7239548116e-006, 2.50499283538e-006, 9.70713244897e-007, 1.96192235791e-008, 2.10546136081e-010, 1.6997075622e-011]
        min: [8.4148285798e-025, 9.3867008763e-024, 2.02175465348e-024, 1.33025279182e-024, 1.58582498966e-023, 1.47924988137e-023, 3.11774648258e-023, 9.53385025639e-024, 4.56510429527e-023, 1.48969534638e-023, 4.15790407787e-023, 2.91180109041e-023, 4.31723126153e-023, 6.49284463599e-023, 5.23198048327e-023, 7.45442568977e-023, 1.09870312825e-022, 1.24907427939e-022, 1.54793505375e-022, 1.63829446349e-022, 3.0382226769e-022, 3.27152633324e-022, 4.9208093136e-022, 8.01514486576e-022, 1.01885296135e-021, 1.41676409547e-021, 2.02824565029e-021, 5.34628175838e-022]
        var: [4.56298085254e-013, 2.08133439372e-008, 1.08306707602e-007, 2.83548075686e-007, 1.17336094263e-006, 2.2516131537e-007, 9.17129270306e-008, 3.29489644457e-008, 5.29104973168e-008, 1.10336655368e-008, 1.1987252968e-008, 6.88676227156e-009, 2.50979748095e-009, 1.60934676696e-009, 5.72766012397e-009, 4.03607423038e-008, 2.17252662083e-007, 3.03240597077e-007, 3.08646434632e-007, 7.84394416087e-008, 2.05769925543e-008, 5.35925037681e-009, 3.36446925875e-010, 5.92184357107e-011, 1.18100685481e-011, 1.46779340933e-014, 4.71593244804e-019, 6.16746430175e-021]
    mfcc:
        mean: [-715.350097656, 107.395355225, -39.9823799133, 61.4405593872, -9.98132324219, -14.5165119171, -7.5233001709, 0.0154468696564, -3.14115738869, -9.99843788147, -9.47832298279, -4.58314847946, -5.64917755127]
        cov: [[8120.02734375, -1098.03540039, -1223.38378906, 1346.3059082, -391.293457031, 33.557800293, -30.0396347046, 161.287689209, 166.232574463, 93.8631057739, -41.9152679443, 29.4356155396, 19.9561920166], [-1098.03540039, 1173.67834473, 302.07510376, -328.069274902, 93.1150665283, 40.2297172546, 5.01684761047, -54.3106307983, -79.4936828613, -62.9070320129, 2.55352759361, -8.50369644165, -12.619102478], [-1223.38378906, 302.07510376, 730.444213867, -413.902008057, 186.841415405, 132.560760498, 27.1481170654, -29.960193634, -86.101600647, 10.3057928085, 6.82142162323, 12.6370458603, 11.3976335526], [1346.3059082, -328.069274902, -413.902008057, 512.817749023, -92.6181335449, -26.8381309509, -12.8723020554, 17.7579956055, 72.8468856812, 10.0630636215, -13.3919143677, -1.22015249729, -0.687966227531], [-391.293457031, 93.1150665283, 186.841415405, -92.6181335449, 153.243469238, 45.0067672729, 24.0549163818, 4.39706230164, -25.6185054779, 3.30298733711, 0.337746411562, 4.63791847229, -1.37256419659], [33.557800293, 40.2297172546, 132.560760498, -26.8381309509, 45.0067672729, 133.364273071, 34.3141365051, -0.577268183231, -14.8064508438, 9.18464851379, 4.11132097244, 15.0157423019, 18.3209686279], [-30.0396347046, 5.01684761047, 27.1481170654, -12.8723020554, 24.0549163818, 34.3141365051, 67.087310791, 28.3103504181, 5.43172454834, 11.0588083267, 8.85940170288, -1.09036386013, 0.273575663567], [161.287689209, -54.3106307983, -29.960193634, 17.7579956055, 4.39706230164, -0.577268183231, 28.3103504181, 81.386100769, 35.7568244934, 18.9718265533, 9.16018295288, 4.79847669601, 3.21707367897], [166.232574463, -79.4936828613, -86.101600647, 72.8468856812, -25.6185054779, -14.8064508438, 5.43172454834, 35.7568244934, 81.2919082642, 21.5332431793, 5.9054517746, 8.11117172241, 6.5468211174], [93.8631057739, -62.9070320129, 10.3057928085, 10.0630636215, 3.30298733711, 9.18464851379, 11.0588083267, 18.9718265533, 21.5332431793, 66.1229553223, 26.9820213318, 3.91553330421, 0.959020733833], [-41.9152679443, 2.55352759361, 6.82142162323, -13.3919143677, 0.337746411562, 4.11132097244, 8.85940170288, 9.16018295288, 5.9054517746, 26.9820213318, 60.3210792542, 16.0572853088, 0.253641158342], [29.4356155396, -8.50369644165, 12.6370458603, -1.22015249729, 4.63791847229, 15.0157423019, -1.09036386013, 4.79847669601, 8.11117172241, 3.91553330421, 16.0572853088, 63.2583618164, 38.42603302], [19.9561920166, -12.619102478, 11.3976335526, -0.687966227531, -1.37256419659, 18.3209686279, 0.273575663567, 3.21707367897, 6.5468211174, 0.959020733833, 0.253641158342, 38.42603302, 64.3006362915]]
        icov: [[0.000271597207757, 2.75446982414e-005, 0.000133575726068, -0.000571256736293, 0.000375215720851, -0.000448324455647, 0.000295266509056, -0.000632371054962, 0.000515723018907, -0.000404781196266, 0.000322356936522, -0.000246803188929, 0.000157202113769], [2.75446982414e-005, 0.00114050891716, -1.01293135231e-005, 0.000547431001905, -0.000243483067607, -0.000239318367676, -3.65857231373e-005, 0.000399467156967, -1.81132545549e-005, 0.00108740199357, -0.000469957187306, 0.000152412321768, 0.000162489217473], [0.000133575726068, -1.01293135231e-005, 0.00422732997686, 0.00239656749181, -0.00248341774568, -0.00301625905558, 0.00115765479859, 0.0003882671881, 0.000843504793011, -0.00158545724116, 0.000832387362607, -0.000257159874309, 0.000103090365883], [-0.000571256736293, 0.000547431001905, 0.00239656749181, 0.00572262331843, -0.00146356609184, -0.0011924727587, 0.000161970383488, 0.00218048272654, -0.00271343276836, 0.000408586172853, 0.000309619907057, 0.00032436978654, 0.000195006563445], [0.000375215720851, -0.000243483067607, -0.00248341774568, -0.00146356609184, 0.0108368378133, -0.000803355243988, -0.00183823856059, -0.00238121650182, 0.0022814606782, -0.00086632539751, 0.00150844326708, -0.00187456363346, 0.00174240395427], [-0.000448324455647, -0.000239318367676, -0.00301625905558, -0.0011924727587, -0.000803355243988, 0.0129304639995, -0.0064611970447, 0.00229545892216, 0.000469345628517, -0.000262182933511, -0.000174491753569, -0.000918227131478, -0.00266913091764], [0.000295266509056, -3.65857231373e-005, 0.00115765479859, 0.000161970383488, -0.00183823856059, -0.0064611970447, 0.0223181881011, -0.0080520408228, 0.000789810030255, -0.000711038475856, -0.00195118121337, 0.00262389378622, 0.000177193316631], [-0.000632371054962, 0.000399467156967, 0.0003882671881, 0.00218048272654, -0.00238121650182, 0.00229545892216, -0.0080520408228, 0.0203643348068, -0.00830171443522, -0.000721753691323, -0.000916660181247, -5.44201866433e-005, -0.000568160030525], [0.000515723018907, -1.81132545549e-005, 0.000843504793011, -0.00271343276836, 0.0022814606782, 0.000469345628517, 0.000789810030255, -0.00830171443522, 0.0206412244588, -0.00578365055844, 0.00202443962917, -0.00261049391702, -0.000478498113807], [-0.000404781196266, 0.00108740199357, -0.00158545724116, 0.000408586172853, -0.00086632539751, -0.000262182933511, -0.000711038475856, -0.000721753691323, -0.00578365055844, 0.0233492590487, -0.0106176696718, 0.0034694976639, -0.00107108661905], [0.000322356936522, -0.000469957187306, 0.000832387362607, 0.000309619907057, 0.00150844326708, -0.000174491753569, -0.00195118121337, -0.000916660181247, 0.00202443962917, -0.0106176696718, 0.0242429673672, -0.00934713333845, 0.00524202454835], [-0.000246803188929, 0.000152412321768, -0.000257159874309, 0.00032436978654, -0.00187456363346, -0.000918227131478, 0.00262389378622, -5.44201866433e-005, -0.00261049391702, 0.0034694976639, -0.00934713333845, 0.0290775336325, -0.0167570747435], [0.000157202113769, 0.000162489217473, 0.000103090365883, 0.000195006563445, 0.00174240395427, -0.00266913091764, 0.000177193316631, -0.000568160030525, -0.000478498113807, -0.00107108661905, 0.00524202454835, -0.0167570747435, 0.0264022666961]]
    sccoeffs:
        dmean: [0.0529145151377, 0.0447077192366, 0.0343313887715, 0.0275337528437, 0.021618925035, 0.0159607417881]
        dmean2: [0.087755061686, 0.0733198076487, 0.055771600455, 0.0457275211811, 0.0347517877817, 0.025683267042]
        dvar: [0.00228200596757, 0.00136512005702, 0.000750221603084, 0.000458320224425, 0.000313198281219, 0.000196171895368]
        dvar2: [0.00626593641937, 0.00366329564713, 0.00194690108765, 0.00125083827879, 0.000756294524763, 0.000472681364045]
        max: [-0.289755225182, -0.456605643034, -0.539146006107, -0.557218968868, -0.573338150978, -0.60223543644]
        mean: [-0.647313714027, -0.739310324192, -0.787888348103, -0.798277318478, -0.777359247208, -0.74542927742]
        median: [-0.65075814724, -0.743062019348, -0.792310118675, -0.801171123981, -0.778989553452, -0.740146279335]
        min: [-0.974439024925, -0.968796551228, -0.970427572727, -0.970155775547, -0.963434278965, -0.964000463486]
        var: [0.00608946243301, 0.00429663807154, 0.0024905463215, 0.00135150295682, 0.00159917690326, 0.0022370214574]
    scvalleys:
        dmean: [0.336129724979, 0.337123572826, 0.282173424959, 0.247371971607, 0.209710195661, 0.254547297955]
        dmean2: [0.549509108067, 0.548498749733, 0.44967508316, 0.387740194798, 0.316195368767, 0.40914362669]
        dvar: [0.0898362398148, 0.110456652939, 0.0653671473265, 0.0573125295341, 0.0552961565554, 0.106602273881]
        dvar2: [0.215667068958, 0.268886327744, 0.140068411827, 0.114599920809, 0.103568017483, 0.248239547014]
        max: [-4.94672632217, -4.49758815765, -4.7858300209, -5.77259969711, -5.54045248032, -7.3415646553]
        mean: [-6.84109640121, -6.53887796402, -7.15748882294, -7.47596263885, -7.14010334015, -10.0021381378]
        median: [-6.59693098068, -6.39431428909, -6.95576095581, -7.15026330948, -6.59601736069, -9.44230270386]
        min: [-27.578962326, -27.6201877594, -27.5354537964, -27.4622440338, -27.4762077332, -27.3473243713]
        var: [1.36385643482, 1.12313890457, 1.17228543758, 1.33886182308, 2.23079967499, 2.43566417694]

rhythm:
    beats_loudness:
        dmean: 0.00124490761664
        dmean2: 0.00219414941967
        dvar: 1.18383240988e-006
        dvar2: 3.44127829521e-006
        max: 0.0119046065956
        mean: 0.00530986627564
        median: 0.00566441798583
        min: 3.18026958934e-011
        var: 5.83038445257e-006
    bpm: 137.712890625
    bpm_confidence: 0
    first_peak_bpm: 136
    first_peak_spread: 0.489361673594
    first_peak_weight: 0.165644168854
    onset_rate: 3.10523438454
    second_peak_bpm: 144
    second_peak_spread: 0.495176821947
    second_peak_weight: 0.120398774743
    beats_loudness_band_ratio:
        dmean: [0.100994415581, 0.115752868354, 0.0636303275824, 0.0329532288015, 0.0925467461348, 0.0742231234908]
        dmean2: [0.18013754487, 0.202106297016, 0.111822776496, 0.058257933706, 0.163082718849, 0.1294991225]
        dvar: [0.0132232559845, 0.00996721629053, 0.0049678562209, 0.00101309618913, 0.00657514343038, 0.00446673762053]
        dvar2: [0.0445122607052, 0.0285957790911, 0.0143347997218, 0.00287868501619, 0.0196711290628, 0.0135513357818]
        max: [0.860810518265, 0.920750677586, 0.575208544731, 0.348214119673, 0.742152452469, 0.633605420589]
        mean: [0.146597832441, 0.220932304859, 0.1122706756, 0.0603141002357, 0.288923531771, 0.203372478485]
        median: [0.106869854033, 0.180856108665, 0.0934392511845, 0.051353238523, 0.292099565268, 0.206201449037]
        min: [0, 0, 0, 0, 0, 0]
        var: [0.0157691668719, 0.0256549213082, 0.00587395019829, 0.0015565357171, 0.0205398667604, 0.00960130710155]
