
metadata:
    version:
        essentia: "2.1-beta2"
    audio_properties:
        analysis_sample_rate: 44100
        bitrate: 320
        channels: 2
        equal_loudness: 1
        length: 199.183670044
        replay_gain: -16.6741580963
        downmix: "mix"
    tags:
        album: "According To You"
        artist: "Orianthi"
        comment: ""
        date: "2009"
        genre: "Pop"
        title: "According To You"
        tracknumber: "1"

configuration:
    average_loudness:
        compute: 1
        frameSize: 88200
        hopSize: 44100
        silentFrames: "noise"
        windowType: "hann"
    general:
        analysisSampleRate: 44100
        endTime: 2000
        equalLoudness: 1
        nequalLoudness: 0
        shortSound: 0
        startTime: 0
    lowlevel:
        compute: 1
        frameSize: 2048
        hopSize: 1024
        zeroPadding: 0
        silentFrames: "noise"
        windowType: "blackmanharris62"
        mfccStats: ["mean", "cov", "icov"]
        stats: ["mean", "var", "median", "min", "max", "dmean", "dmean2", "dvar", "dvar2"]
    panning:
        compute: 0
        frameSize: 8192
        hopSize: 2048
        zeroPadding: 8192
        silentFrames: "noise"
        windowType: "hann"
        stats: ["copy"]
    rhythm:
        compute: 1
        maxTempo: 208
        minTempo: 40
        method: "degara"
        stats: ["mean", "var", "median", "min", "max", "dmean", "dmean2", "dvar", "dvar2"]
    segmentation:
        compute: 0
        cpw: 5
        inc1: 300
        inc2: 50
        minimumSegmentsLength: 10
        size1: 1000
        size2: 600
    sfx:
        compute: 1
        stats: ["mean", "var", "median", "min", "max", "dmean", "dmean2", "dvar", "dvar2"]
    svm:
        compute: 0
    tonal:
        compute: 1
        frameSize: 4096
        hopSize: 2048
        zeroPadding: 0
        silentFrames: "noise"
        windowType: "blackmanharris62"
        stats: ["mean", "var", "median", "min", "max", "dmean", "dmean2", "dvar", "dvar2"]

lowlevel:
    average_loudness: 0.884210705757
    barkbands_kurtosis:
        dmean: 1.98228025436
        dmean2: 3.00474596024
        dvar: 57.1091270447
        dvar2: 119.99596405
        max: 212.384735107
        mean: 1.5160882473
        median: -0.906925857067
        min: -1.91928076744
        var: 103.905166626
    barkbands_skewness:
        dmean: 0.553467214108
        dmean2: 0.805381298065
        dvar: 0.442183256149
        dvar2: 0.866295039654
        max: 12.8209981918
        mean: 0.115604117513
        median: -0.135192871094
        min: -4.09891796112
        var: 2.06916069984
    barkbands_spread:
        dmean: 6.7220582962
        dmean2: 10.2555780411
        dvar: 53.8591041565
        dvar2: 118.950241089
        max: 90.2465667725
        mean: 31.6971225739
        median: 32.9549331665
        min: 0.290238887072
        var: 193.28302002
    dissonance:
        dmean: 0.015346144326
        dmean2: 0.0250657089055
        dvar: 0.000297588354442
        dvar2: 0.000767194898799
        max: 0.499999552965
        mean: 0.465593189001
        median: 0.478228002787
        min: 0.0756502822042
        var: 0.00201685051434
    hfc:
        dmean: 2.91427850723
        dmean2: 4.66892242432
        dvar: 17.4837799072
        dvar2: 43.7720718384
        max: 67.4964141846
        mean: 8.79149055481
        median: 7.63863754272
        min: 1.07332858555e-016
        var: 53.8057899475
    pitch:
        dmean: 857.679077148
        dmean2: 1655.2409668
        dvar: 1919402.625
        dvar2: 4440026
        max: 5946.82861328
        mean: 1312.18994141
        median: 391.760314941
        min: 58.0602416992
        var: 2425408.75
    pitch_instantaneous_confidence:
        dmean: 0.0982885509729
        dmean2: 0.15494197607
        dvar: 0.00767906429246
        dvar2: 0.0176768321544
        max: 0.962736189365
        mean: 0.513215005398
        median: 0.506895244122
        min: 0.106260955334
        var: 0.0288332346827
    pitch_salience:
        dmean: 0.0667872801423
        dmean2: 0.105881780386
        dvar: 0.00388426124118
        dvar2: 0.00977285858244
        max: 0.889236927032
        mean: 0.598016798496
        median: 0.607803702354
        min: 0.0987508520484
        var: 0.0113304136321
    silence_rate_20dB:
        dmean: 0
        dmean2: 0
        dvar: 0
        dvar2: 0
        max: 1
        mean: 1
        median: 1
        min: 1
        var: 0
    silence_rate_30dB:
        dmean: 0
        dmean2: 0
        dvar: 0
        dvar2: 0
        max: 1
        mean: 1
        median: 1
        min: 1
        var: 0
    silence_rate_60dB:
        dmean: 0.0913859456778
        dmean2: 0.182793185115
        dvar: 0.0830406621099
        dvar2: 0.17527090013
        max: 1
        mean: 0.385081589222
        median: 0
        min: 0
        var: 0.236814558506
    spectral_centroid:
        dmean: 332.860626221
        dmean2: 501.690032959
        dvar: 152503.46875
        dvar2: 314406.90625
        max: 11442.0283203
        mean: 1834.49853516
        median: 1929.1315918
        min: 134.379379272
        var: 757374.5
    spectral_complexity:
        dmean: 3.28080201149
        dmean2: 5.34180450439
        dvar: 15.5518417358
        dvar2: 37.1900024414
        max: 41
        mean: 12.3058271408
        median: 12
        min: 0
        var: 65.0664520264
    spectral_crest:
        dmean: 2.34171724319
        dmean2: 3.78506994247
        dvar: 4.99317789078
        dvar2: 12.2781991959
        max: 25.6908607483
        mean: 8.59157180786
        median: 7.60200786591
        min: 2.49233865738
        var: 15.4138565063
    spectral_decrease:
        dmean: 2.84190670996e-010
        dmean2: 4.54977333586e-010
        dvar: 1.78292254064e-019
        dvar2: 4.51272932672e-019
        max: 1.32371054896e-028
        mean: -9.31909771573e-010
        median: -8.84604944851e-010
        min: -4.52829462816e-009
        var: 4.23801282252e-019
    spectral_energy:
        dmean: 0.00129714864306
        dmean2: 0.00207795156166
        dvar: 3.61702313967e-006
        dvar2: 9.15687087399e-006
        max: 0.0229910723865
        mean: 0.00431466149166
        median: 0.0040604583919
        min: 1.01524375989e-020
        var: 9.28699864744e-006
    spectral_energyband_high:
        dmean: 0.000222622416914
        dmean2: 0.00036703600199
        dvar: 1.21688998433e-007
        dvar2: 3.25111471966e-007
        max: 0.0066585522145
        mean: 0.000471578940051
        median: 0.000352072500391
        min: 7.27829839416e-021
        var: 2.26222582e-007
    spectral_energyband_low:
        dmean: 0.000171507679624
        dmean2: 0.000281391810859
        dvar: 1.00379914159e-007
        dvar2: 2.69511104989e-007
        max: 0.00598265370354
        mean: 0.000296825048281
        median: 0.000200555572519
        min: 2.66580523008e-023
        var: 1.19116442931e-007
    spectral_energyband_middle_high:
        dmean: 0.000767391989939
        dmean2: 0.00120178901125
        dvar: 1.1001616258e-006
        dvar2: 2.60476144831e-006
        max: 0.0196990575641
        mean: 0.00231056427583
        median: 0.00181053578854
        min: 1.39726446363e-021
        var: 4.41526526629e-006
    spectral_energyband_middle_low:
        dmean: 0.000656973395962
        dmean2: 0.0010399116436
        dvar: 1.34209062708e-006
        dvar2: 3.36602442985e-006
        max: 0.0132305296138
        mean: 0.00136564788409
        median: 0.000927868066356
        min: 1.42490569537e-022
        var: 1.9768654056e-006
    spectral_flatness_db:
        dmean: 0.0192603804171
        dmean2: 0.0276358351111
        dvar: 0.000476247892948
        dvar2: 0.000880609790329
        max: 0.713604807854
        mean: 0.16419968009
        median: 0.144657373428
        min: 0.0538877956569
        var: 0.00574578717351
    spectral_flux:
        dmean: 0.0104416394606
        dmean2: 0.0163271483034
        dvar: 0.000130093772896
        dvar2: 0.000288797193207
        max: 0.15024933219
        mean: 0.0398689880967
        median: 0.0392094068229
        min: 6.40966377197e-011
        var: 0.000473714258987
    spectral_kurtosis:
        dmean: 3.81068921089
        dmean2: 5.95209884644
        dvar: 926.606689453
        dvar2: 2275.31518555
        max: 1118.07189941
        mean: 9.96649074554
        median: 2.99988555908
        min: -1.29083371162
        var: 3324.65698242
    spectral_rms:
        dmean: 0.000287440925604
        dmean2: 0.00044631716446
        dvar: 1.2841017849e-007
        dvar2: 3.06424368546e-007
        max: 0.0047360653989
        mean: 0.00189510465134
        median: 0.00199033226818
        min: 3.14719192547e-012
        var: 6.18022113485e-007
    spectral_rolloff:
        dmean: 434.014007568
        dmean2: 696.59942627
        dvar: 530410.0625
        dvar2: 1040639.9375
        max: 19509.0820313
        mean: 3288.50634766
        median: 3617.578125
        min: 129.19921875
        var: 2040911.25
    spectral_skewness:
        dmean: 0.23094137013
        dmean2: 0.341759949923
        dvar: 0.319723576307
        dvar2: 0.658903241158
        max: 27.5169582367
        mean: 1.61233687401
        median: 1.27324306965
        min: -0.230556279421
        var: 4.34445095062
    spectral_spread:
        dmean: 665282.5
        dmean2: 903982.1875
        dvar: 865458454528
        dvar2: 1.460666368e+012
        max: 42304732
        mean: 5289614.5
        median: 5019888
        min: 107600.320313
        var: 5.16186544538e+012
    spectral_strongpeak:
        dmean: 0.727741956711
        dmean2: 1.22510504723
        dvar: 1.26326608658
        dvar2: 3.1879324913
        max: 12.2759895325
        mean: 1.07535493374
        median: 0.378700792789
        min: 1.21992988628e-011
        var: 2.32623839378
    zerocrossingrate:
        dmean: 0.0108499294147
        dmean2: 0.0123680084944
        dvar: 0.000166698227986
        dvar2: 0.000205466363695
        max: 0.515625
        mean: 0.102370783687
        median: 0.10986328125
        min: 0.0048828125
        var: 0.00162492902018
    barkbands:
        dmean: [1.9111389804e-007, 3.98616393795e-005, 0.000100015080534, 0.000106664017949, 0.000354827672709, 0.000152410633746, 0.000157426475198, 6.52877570246e-005, 8.17587642814e-005, 0.00012438664271, 5.95027631789e-005, 4.99569978274e-005, 5.4873580666e-005, 3.99577875214e-005, 8.76095582498e-005, 9.92179702735e-005, 0.000162311756867, 0.000225076815696, 0.000385658320738, 0.000237135158386, 0.000102880883787, 2.94331748592e-005, 6.01000874667e-006, 3.70551174456e-006, 1.86664726698e-006, 8.10337610346e-008, 8.56640092195e-010]
        dmean2: [3.07927535914e-007, 7.05704733264e-005, 0.00016350192891, 0.000178746879101, 0.00058316119248, 0.000239020038862, 0.000253270554822, 0.000105429178802, 0.000127334904391, 0.00018601861666, 9.26755383261e-005, 7.715713582e-005, 8.47698538564e-005, 6.46648841212e-005, 0.000140975316754, 0.000159290517331, 0.000257288716966, 0.000367087021004, 0.000619905884378, 0.000389116961742, 0.00017256969295, 4.65047669422e-005, 9.18670593819e-006, 5.60794796911e-006, 2.68394478553e-006, 1.18298267182e-007, 1.36336808509e-009]
        dvar: [1.23169242817e-013, 1.13365770105e-008, 3.70151411744e-008, 3.31855396496e-008, 7.37270568152e-007, 1.34326384682e-007, 1.19146569943e-007, 2.53121896776e-008, 4.13478531414e-008, 1.07169668695e-007, 2.31786376759e-008, 1.9345680613e-008, 2.62901025394e-008, 1.60162496599e-008, 4.34868425714e-008, 6.08202910257e-008, 1.42983594742e-007, 1.71433015339e-007, 3.82402959076e-007, 1.47172841025e-007, 3.05028606817e-008, 2.81760681453e-009, 1.22478305276e-010, 5.86074036524e-011, 2.59363242688e-011, 5.12396724985e-014, 3.32347645721e-018]
        dvar2: [2.97094027981e-013, 3.14203170149e-008, 1.00871467623e-007, 9.14646278716e-008, 1.91529920812e-006, 3.18712267244e-007, 2.88393010806e-007, 5.92441971037e-008, 9.63852286873e-008, 2.32111304399e-007, 5.27356256441e-008, 4.20368948539e-008, 5.8823122373e-008, 3.93794046261e-008, 1.04861925365e-007, 1.42594544172e-007, 3.30347546651e-007, 4.35935646692e-007, 9.30017904466e-007, 3.70120005755e-007, 8.23377135362e-008, 6.69521682539e-009, 2.66798610982e-010, 1.1613093126e-010, 5.02205013686e-011, 9.8171972396e-014, 8.11812175798e-018]
        max: [4.58971908301e-006, 0.000896114739589, 0.00420463969931, 0.0028421394527, 0.0107183950022, 0.00939950533211, 0.00627494510263, 0.00443117739633, 0.00379350688308, 0.00732401944697, 0.00498391874135, 0.00523440213874, 0.00392932025716, 0.00370777957141, 0.0030232721474, 0.00820088107139, 0.0103961899877, 0.00659049255773, 0.0175247266889, 0.00769119197503, 0.0038759871386, 0.00104836816899, 0.000281466258457, 0.000159339499078, 0.000134172951221, 5.86087026022e-006, 2.09710204757e-008]
        mean: [2.35253850178e-007, 4.12306471844e-005, 0.00016201629478, 0.000173189167981, 0.000461039860966, 0.000243259695708, 0.000216217260459, 9.98189643724e-005, 0.000125238584587, 0.000190630104044, 8.80424922798e-005, 7.48497332097e-005, 7.78441753937e-005, 5.32338999619e-005, 0.000125471211504, 0.00015400389384, 0.000268394156592, 0.000349438370904, 0.000708023726474, 0.000437258917373, 0.000193708314328, 4.95472631883e-005, 1.08997892312e-005, 7.61007231631e-006, 3.32870695274e-006, 1.28013496692e-007, 1.03906605542e-009]
        median: [9.22879621612e-008, 1.87387504411e-005, 0.000101355355582, 9.92214118014e-005, 0.000189321523067, 9.50588437263e-005, 7.00367090758e-005, 3.27108209603e-005, 4.04222810175e-005, 4.05354221584e-005, 2.42791320488e-005, 2.58505242527e-005, 2.38026732404e-005, 1.92943189177e-005, 4.84219272039e-005, 7.57470479584e-005, 0.000129286185256, 0.000160886585945, 0.000389443623135, 0.000275285623502, 0.000132796878461, 2.84009292955e-005, 6.57844339003e-006, 4.3118470785e-006, 1.7598431441e-006, 6.5089594159e-008, 4.8175252676e-010]
        min: [3.4241750047e-024, 1.00401877282e-023, 5.11169244809e-025, 5.7005132161e-024, 7.005637041e-024, 1.73826273549e-023, 1.76617720971e-023, 1.70476312606e-023, 1.21496838303e-023, 1.6105213847e-023, 1.37877266787e-023, 4.76965624354e-023, 4.6307084925e-023, 7.21376694679e-023, 7.04690835029e-023, 9.53361501807e-023, 5.44659608788e-023, 1.12253101899e-022, 1.8526212819e-022, 2.0986830279e-022, 2.23191343063e-022, 3.60305087157e-022, 4.18850001652e-022, 6.50439974431e-022, 9.23188998443e-022, 1.53187154856e-021, 2.09299939236e-021]
        var: [1.5703947474e-013, 8.01817900964e-009, 4.24429842383e-008, 5.13058573404e-008, 7.34426976123e-007, 2.44708616037e-007, 1.8173908245e-007, 4.94748704227e-008, 8.00414952096e-008, 2.32741854234e-007, 4.2241417475e-008, 3.8739443653e-008, 3.97930328688e-008, 2.02632630675e-008, 6.26569232054e-008, 9.5274529599e-008, 2.57988034491e-007, 2.89425145183e-007, 8.66805976329e-007, 2.84168123699e-007, 5.04350765596e-008, 4.54030946173e-009, 2.39504416299e-010, 1.3725715009e-010, 5.21357193528e-011, 8.68609857977e-014, 3.3042428536e-018]
    frequency_bands:
        dmean: [1.9111389804e-007, 3.98616393795e-005, 0.000100015080534, 0.000106664017949, 0.000354827672709, 0.000152410633746, 0.000157426475198, 6.52877570246e-005, 8.17587642814e-005, 0.00012438664271, 5.95027631789e-005, 4.99569978274e-005, 5.4873580666e-005, 3.99577875214e-005, 8.76095582498e-005, 9.92179702735e-005, 0.000162311756867, 0.000225076815696, 0.000385658320738, 0.000237135158386, 0.000102880883787, 2.94331748592e-005, 6.01000874667e-006, 3.70551174456e-006, 1.86664726698e-006, 8.10337610346e-008, 8.56640092195e-010, 4.94200132206e-011]
        dmean2: [3.07927535914e-007, 7.05704733264e-005, 0.00016350192891, 0.000178746879101, 0.00058316119248, 0.000239020038862, 0.000253270554822, 0.000105429178802, 0.000127334904391, 0.00018601861666, 9.26755383261e-005, 7.715713582e-005, 8.47698538564e-005, 6.46648841212e-005, 0.000140975316754, 0.000159290517331, 0.000257288716966, 0.000367087021004, 0.000619905884378, 0.000389116961742, 0.00017256969295, 4.65047669422e-005, 9.18670593819e-006, 5.60794796911e-006, 2.68394478553e-006, 1.18298267182e-007, 1.36336808509e-009, 9.22273021842e-011]
        dvar: [1.23169242817e-013, 1.13365770105e-008, 3.70151411744e-008, 3.31855396496e-008, 7.37270568152e-007, 1.34326384682e-007, 1.19146569943e-007, 2.53121896776e-008, 4.13478531414e-008, 1.07169668695e-007, 2.31786376759e-008, 1.9345680613e-008, 2.62901025394e-008, 1.60162496599e-008, 4.34868425714e-008, 6.08202910257e-008, 1.42983594742e-007, 1.71433015339e-007, 3.82402959076e-007, 1.47172841025e-007, 3.05028606817e-008, 2.81760681453e-009, 1.22478305276e-010, 5.86074036524e-011, 2.59363242688e-011, 5.12396724985e-014, 3.32347645721e-018, 6.23272796351e-021]
        dvar2: [2.97094027981e-013, 3.14203170149e-008, 1.00871467623e-007, 9.14646278716e-008, 1.91529920812e-006, 3.18712267244e-007, 2.88393010806e-007, 5.92441971037e-008, 9.63852286873e-008, 2.32111304399e-007, 5.27356256441e-008, 4.20368948539e-008, 5.8823122373e-008, 3.93794046261e-008, 1.04861925365e-007, 1.42594544172e-007, 3.30347546651e-007, 4.35935646692e-007, 9.30017904466e-007, 3.70120005755e-007, 8.23377135362e-008, 6.69521682539e-009, 2.66798610982e-010, 1.1613093126e-010, 5.02205013686e-011, 9.8171972396e-014, 8.11812175798e-018, 1.97811583945e-020]
        max: [4.58971908301e-006, 0.000896114739589, 0.00420463969931, 0.0028421394527, 0.0107183950022, 0.00939950533211, 0.00627494510263, 0.00443117739633, 0.00379350688308, 0.00732401944697, 0.00498391874135, 0.00523440213874, 0.00392932025716, 0.00370777957141, 0.0030232721474, 0.00820088107139, 0.0103961899877, 0.00659049255773, 0.0175247266889, 0.00769119197503, 0.0038759871386, 0.00104836816899, 0.000281466258457, 0.000159339499078, 0.000134172951221, 5.86087026022e-006, 2.09710204757e-008, 1.22367382893e-009]
        mean: [2.35253850178e-007, 4.12306471844e-005, 0.00016201629478, 0.000173189167981, 0.000461039860966, 0.000243259695708, 0.000216217260459, 9.98189643724e-005, 0.000125238584587, 0.000190630104044, 8.80424922798e-005, 7.48497332097e-005, 7.78441753937e-005, 5.32338999619e-005, 0.000125471211504, 0.00015400389384, 0.000268394156592, 0.000349438370904, 0.000708023726474, 0.000437258917373, 0.000193708314328, 4.95472631883e-005, 1.08997892312e-005, 7.61007231631e-006, 3.32870695274e-006, 1.28013496692e-007, 1.03906605542e-009, 3.79257007743e-011]
        median: [9.22879621612e-008, 1.87387504411e-005, 0.000101355355582, 9.92214118014e-005, 0.000189321523067, 9.50588437263e-005, 7.00367090758e-005, 3.27108209603e-005, 4.04222810175e-005, 4.05354221584e-005, 2.42791320488e-005, 2.58505242527e-005, 2.38026732404e-005, 1.92943189177e-005, 4.84219272039e-005, 7.57470479584e-005, 0.000129286185256, 0.000160886585945, 0.000389443623135, 0.000275285623502, 0.000132796878461, 2.84009292955e-005, 6.57844339003e-006, 4.3118470785e-006, 1.7598431441e-006, 6.5089594159e-008, 4.8175252676e-010, 1.14550938179e-011]
        min: [3.4241750047e-024, 1.00401877282e-023, 5.11169244809e-025, 5.7005132161e-024, 7.005637041e-024, 1.73826273549e-023, 1.76617720971e-023, 1.70476312606e-023, 1.21496838303e-023, 1.6105213847e-023, 1.37877266787e-023, 4.76965624354e-023, 4.6307084925e-023, 7.21376694679e-023, 7.04690835029e-023, 9.53361501807e-023, 5.44659608788e-023, 1.12253101899e-022, 1.8526212819e-022, 2.0986830279e-022, 2.23191343063e-022, 3.60305087157e-022, 4.18850001652e-022, 6.50439974431e-022, 9.23188998443e-022, 1.53187154856e-021, 2.09299939236e-021, 4.82967656774e-022]
        var: [1.5703947474e-013, 8.01817900964e-009, 4.24429842383e-008, 5.13058573404e-008, 7.34426976123e-007, 2.44708616037e-007, 1.8173908245e-007, 4.94748704227e-008, 8.00414952096e-008, 2.32741854234e-007, 4.2241417475e-008, 3.8739443653e-008, 3.97930328688e-008, 2.02632630675e-008, 6.26569232054e-008, 9.5274529599e-008, 2.57988034491e-007, 2.89425145183e-007, 8.66805976329e-007, 2.84168123699e-007, 5.04350765596e-008, 4.54030946173e-009, 2.39504416299e-010, 1.3725715009e-010, 5.21357193528e-011, 8.68609857977e-014, 3.3042428536e-018, 4.76446945153e-021]
    mfcc:
        mean: [-731.955932617, 89.9094543457, -33.5612564087, 54.5226364136, -12.0232973099, -12.1768054962, 1.86882185936, -8.69199943542, -5.2004942894, -6.38251399994, -10.0020780563, -5.9885058403, -5.59849977493]
        cov: [[9347.33886719, -696.160705566, -1985.91418457, 506.168548584, -544.704040527, 85.9716720581, 253.184341431, 414.107269287, 168.38973999, 155.847518921, -47.0990028381, -2.26059222221, 14.204202652], [-696.160705566, 954.649475098, 90.6896057129, 14.5654773712, 74.9472351074, -83.8943252563, 55.6066818237, -91.0036697388, -12.0109882355, -17.6640224457, -24.6825447083, -10.0573072433, -10.9934530258], [-1985.91418457, 90.6896057129, 1122.23046875, -61.8312606812, 192.86882019, 58.1049308777, -153.51701355, -98.216255188, -40.9212341309, -52.6358337402, 34.6401367188, 6.99799442291, 3.86501598358], [506.168548584, 14.5654773712, -61.8312606812, 362.811004639, 29.4949836731, -31.1733074188, -10.9819793701, -4.71823692322, 49.2076835632, -29.7718315125, -1.95977461338, 5.58796024323, -13.8725557327], [-544.704040527, 74.9472351074, 192.86882019, 29.4949836731, 216.212997437, 51.3728294373, -17.2709255219, -6.37405061722, 12.2591409683, 3.90477561951, 4.30198955536, 12.535820961, 1.66506254673], [85.9716720581, -83.8943252563, 58.1049308777, -31.1733074188, 51.3728294373, 249.766403198, 42.7401618958, 61.8185310364, 18.4890384674, 12.5337629318, 45.4994812012, -16.424331665, 33.8467407227], [253.184341431, 55.6066818237, -153.51701355, -10.9819793701, -17.2709255219, 42.7401618958, 178.923675537, 48.8814620972, 19.1339435577, 32.6103553772, -0.345695137978, -9.67479801178, 8.47628974915], [414.107269287, -91.0036697388, -98.216255188, -4.71823692322, -6.37405061722, 61.8185310364, 48.8814620972, 198.195404053, 66.1396865845, 20.9995708466, 14.2680883408, 3.20371341705, 26.6467494965], [168.38973999, -12.0109882355, -40.9212341309, 49.2076835632, 12.2591409683, 18.4890384674, 19.1339435577, 66.1396865845, 132.018722534, 24.2706356049, 10.2389135361, -2.45992684364, 8.47336769104], [155.847518921, -17.6640224457, -52.6358337402, -29.7718315125, 3.90477561951, 12.5337629318, 32.6103553772, 20.9995708466, 24.2706356049, 113.190628052, 10.4449567795, 5.75057983398, 1.09446275234], [-47.0990028381, -24.6825447083, 34.6401367188, -1.95977461338, 4.30198955536, 45.4994812012, -0.345695137978, 14.2680883408, 10.2389135361, 10.4449567795, 108.257385254, 18.992931366, 16.9416904449], [-2.26059222221, -10.0573072433, 6.99799442291, 5.58796024323, 12.535820961, -16.424331665, -9.67479801178, 3.20371341705, -2.45992684364, 5.75057983398, 18.992931366, 102.354896545, 24.4049797058], [14.204202652, -10.9934530258, 3.86501598358, -13.8725557327, 1.66506254673, 33.8467407227, 8.47628974915, 26.6467494965, 8.47336769104, 1.09446275234, 16.9416904449, 24.4049797058, 81.7880325317]]
        icov: [[0.000236264488194, 6.3942228735e-005, 0.000312040763674, -0.00036203241325, 0.000402927369578, -0.000244186376221, 9.35029966058e-005, -0.000269932934316, 8.49863354233e-005, -0.000258041312918, 0.000157549875439, -8.59726787894e-005, 5.01812646689e-005], [6.3942228735e-005, 0.00127784023061, -5.75851026952e-006, -4.93462430313e-005, -0.000455565896118, 0.000544198206626, -0.000811499310657, 0.000513115606736, -0.000145961268572, 0.000209872450796, 2.79393261735e-005, 0.000208098601433, -0.000202018782147], [0.000312040763674, -5.75851026952e-006, 0.00172119063791, -0.000130196887767, -0.00050206593005, -0.000606182729825, 0.00107809598558, 6.49045759928e-005, 0.000123450634419, 8.68408897077e-005, -0.000166353405803, -9.56937583396e-006, -6.82124118612e-006], [-0.00036203241325, -4.93462430313e-005, -0.000130196887767, 0.00381096801721, -0.00137846684083, 0.000758258567657, -4.71230378025e-005, 0.000861900509335, -0.00170402764343, 0.00166089844424, -0.000484842574224, -0.000100181430753, 0.000431777705671], [0.000402927369578, -0.000455565896118, -0.00050206593005, -0.00137846684083, 0.00704442802817, -0.00206832028925, 0.000528368167579, -0.000508264405653, -0.000309738446958, -0.00127042247914, 0.00114770804066, -0.00137167249341, 0.00070272013545], [-0.000244186376221, 0.000544198206626, -0.000606182729825, 0.000758258567657, -0.00206832028925, 0.00620304001495, -0.00165444356389, -0.000804912124295, 0.000116649120173, 0.000452059932286, -0.00230303918943, 0.00203964463435, -0.00196810299531], [9.35029966058e-005, -0.000811499310657, 0.00107809598558, -4.71230378025e-005, 0.000528368167579, -0.00165444356389, 0.00774892419577, -0.00131852994673, 0.000161533025675, -0.00168432272039, 0.000485270982608, 0.000320898776408, -7.4312389188e-005], [-0.000269932934316, 0.000513115606736, 6.49045759928e-005, 0.000861900509335, -0.000508264405653, -0.000804912124295, -0.00131852994673, 0.00774485385045, -0.00344331981614, 0.000534055870958, -0.00015188215184, -0.000205630960409, -0.00134181510657], [8.49863354233e-005, -0.000145961268572, 0.000123450634419, -0.00170402764343, -0.000309738446958, 0.000116649120173, 0.000161533025675, -0.00344331981614, 0.0103169102222, -0.00214462471195, -0.000491244136356, 0.000818404834718, -0.000448707753094], [-0.000258041312918, 0.000209872450796, 8.68408897077e-005, 0.00166089844424, -0.00127042247914, 0.000452059932286, -0.00168432272039, 0.000534055870958, -0.00214462471195, 0.0106670362875, -0.0010990932351, -0.000640468497295, 0.000688204949256], [0.000157549875439, 2.79393261735e-005, -0.000166353405803, -0.000484842574224, 0.00114770804066, -0.00230303918943, 0.000485270982608, -0.00015188215184, -0.000491244136356, -0.0010990932351, 0.0109548904002, -0.00222960440442, -0.000707389903255], [-8.59726787894e-005, 0.000208098601433, -9.56937583396e-006, -0.000100181430753, -0.00137167249341, 0.00203964463435, 0.000320898776408, -0.000205630960409, 0.000818404834718, -0.000640468497295, -0.00222960440442, 0.0117180617526, -0.0038670131471], [5.01812646689e-005, -0.000202018782147, -6.82124118612e-006, 0.000431777705671, 0.00070272013545, -0.00196810299531, -7.4312389188e-005, -0.00134181510657, -0.000448707753094, 0.000688204949256, -0.000707389903255, -0.0038670131471, 0.0148471463472]]
    sccoeffs:
        dmean: [0.0518810935318, 0.0477647446096, 0.0408894196153, 0.0324803367257, 0.025087479502, 0.0192690640688]
        dmean2: [0.084151878953, 0.076439589262, 0.0636980906129, 0.0511840730906, 0.0390579998493, 0.0297781098634]
        dvar: [0.00208232505247, 0.00175655446947, 0.00118138559628, 0.00076460686978, 0.000475324835861, 0.000315877638059]
        dvar2: [0.00518923066556, 0.00414295634255, 0.00267360173166, 0.00172554142773, 0.00107065588236, 0.000710335443728]
        max: [-0.283465206623, -0.387723952532, -0.431909531355, -0.479862838984, -0.537632524967, -0.555060982704]
        mean: [-0.639630615711, -0.725320339203, -0.75736528635, -0.77853679657, -0.78046220541, -0.769630730152]
        median: [-0.652945160866, -0.738350450993, -0.765719771385, -0.785695552826, -0.782407641411, -0.765953302383]
        min: [-0.979194164276, -0.972928524017, -0.97145485878, -0.971076190472, -0.967786610126, -0.964763104916]
        var: [0.00890121422708, 0.00691772950813, 0.00546832429245, 0.00385174294934, 0.00299448566511, 0.0022416759748]
    scvalleys:
        dmean: [0.382253825665, 0.380598127842, 0.336016058922, 0.305777728558, 0.301868587732, 0.328632175922]
        dmean2: [0.630373001099, 0.612754642963, 0.520106196404, 0.457654356956, 0.442199289799, 0.430253982544]
        dvar: [0.141248866916, 0.149328500032, 0.132668435574, 0.126504987478, 0.146518573165, 0.201557025313]
        dvar2: [0.323357313871, 0.338061720133, 0.273541837931, 0.245040491223, 0.279783159494, 0.332288622856]
        max: [-5.25222158432, -4.8928976059, -5.45728254318, -5.99378538132, -5.44509363174, -7.46421718597]
        mean: [-7.31482172012, -7.11731338501, -7.61528348923, -7.89906930923, -7.40712594986, -9.74902915955]
        median: [-6.95246982574, -6.86047887802, -7.19974040985, -7.42615127563, -6.89879989624, -9.23273849487]
        min: [-27.6221828461, -28.0177536011, -27.6013450623, -27.6665019989, -27.5732135773, -27.4097270966]
        var: [1.96572089195, 1.90301585197, 2.27669692039, 2.54347968102, 3.00301146507, 2.80336594582]

rhythm:
    beats_loudness:
        dmean: 0.00231968797743
        dmean2: 0.00427908077836
        dvar: 3.04001900986e-006
        dvar2: 9.22538220038e-006
        max: 0.0138107147068
        mean: 0.00539029855281
        median: 0.00535699632019
        min: 1.4956728564e-011
        var: 8.19269098429e-006
    bpm: 131.113723755
    bpm_confidence: 0
    first_peak_bpm: 133
    first_peak_spread: 0.467821806669
    first_peak_weight: 0.502336442471
    onset_rate: 3.71516442299
    second_peak_bpm: 126
    second_peak_spread: 0
    second_peak_weight: 0.0140186911449
    beats_loudness_band_ratio:
        dmean: [0.14787273109, 0.202250421047, 0.104855202138, 0.0643675103784, 0.106380693614, 0.135865077376]
        dmean2: [0.268152445555, 0.385128080845, 0.185672953725, 0.119078315794, 0.18470698595, 0.241251498461]
        dvar: [0.0245357118547, 0.0178251881152, 0.0154084302485, 0.00824063830078, 0.00752015365288, 0.0113739836961]
        dvar2: [0.0846052467823, 0.0561896190047, 0.0447470918298, 0.0263192038983, 0.0228782221675, 0.0380448102951]
        max: [0.90370285511, 0.904813051224, 0.778794646263, 0.665837526321, 0.532955050468, 0.684955239296]
        mean: [0.209166780114, 0.240366131067, 0.127732798457, 0.0691869258881, 0.187337309122, 0.24082402885]
        median: [0.17346277833, 0.203905150294, 0.0907687693834, 0.044675026089, 0.167998939753, 0.22585400939]
        min: [0, 0, 0, 0, 0, 0]
        var: [0.0255038551986, 0.031568095088, 0.0130686573684, 0.00633747410029, 0.0125959422439, 0.018392521888]
    beats_position: [0.476009070873, 0.952018141747, 1.42802715302, 1.90403628349, 2.38004541397, 2.83283448219, 3.28562355042, 3.73841261864, 4.19120168686, 4.6439909935, 5.10838985443, 5.5727891922, 6.025578022, 6.48997735977, 6.94276618958, 7.40716552734, 7.87156438828, 8.33596324921, 8.78875255585, 9.24154186249, 9.69433116913, 10.1471195221, 10.5999088287, 11.0526981354, 11.4938774109, 11.9582767487, 12.4226751328, 12.8754644394, 13.328253746, 13.7926530838, 14.2454423904, 14.6982307434, 15.1626300812, 15.6270294189, 16.0798187256, 16.5326080322, 16.99700737, 17.4497947693, 17.9025840759, 18.3669834137, 18.8313827515, 19.2841720581, 19.7369613647, 20.1897506714, 20.6541500092, 21.1069393158, 21.5713367462, 22.035736084, 22.5001354218, 22.9529247284, 23.405714035, 23.8585033417, 24.3229026794, 24.7756919861, 25.2400894165, 25.7044887543, 26.1572780609, 26.6100673676, 27.0744667053, 27.527256012, 27.9800453186, 28.4444446564, 28.9088420868, 29.3616313934, 29.8144207001, 30.2788200378, 30.7432193756, 31.2076187134, 31.66040802, 32.1131973267, 32.5775947571, 33.0303840637, 33.4831733704, 33.9475746155, 34.4119720459, 34.8647613525, 35.3175506592, 35.7703399658, 36.2231292725, 36.6875267029, 37.151927948, 37.6047172546, 38.0575065613, 38.5219039917, 38.9863014221, 39.4390907288, 39.8918800354, 40.344669342, 40.8090705872, 41.2618598938, 41.7262573242, 42.1906585693, 42.6550559998, 43.1078453064, 43.560634613, 44.0250320435, 44.4778213501, 44.9306106567, 45.3950119019, 45.8478012085, 46.3005905151, 46.7649879456, 47.229385376, 47.6821746826, 48.1349639893, 48.5993652344, 49.0637626648, 49.5281639099, 49.9809532166, 50.4337387085, 50.8749198914, 51.3393173218, 51.8037185669, 52.2681159973, 52.720905304, 53.1736946106, 53.6380958557, 54.0908851624, 54.5436706543, 55.0080718994, 55.4724693298, 55.936870575, 56.3896598816, 56.8424491882, 57.2952384949, 57.7480278015, 58.2124252319, 58.6652145386, 59.1180038452, 59.5824012756, 60.0468025208, 60.5111999512, 60.9639892578, 61.4167785645, 61.8811798096, 62.34557724, 62.7983665466, 63.2511558533, 63.7155532837, 64.1683425903, 64.621131897, 65.0855331421, 65.5499343872, 66.0027160645, 66.4555053711, 66.9082946777, 67.3726959229, 67.8254852295, 68.2898864746, 68.7542877197, 69.2186813354, 69.6714706421, 70.1242599487, 70.5770492554, 71.029838562, 71.4942398071, 71.9586410522, 72.423034668, 72.8758239746, 73.3286132813, 73.7930145264, 74.245803833, 74.6985931396, 75.1629943848, 75.6273880005, 76.0801773071, 76.5329666138, 76.9973678589, 77.461769104, 77.9145584106, 78.3673477173, 78.8201370239, 79.2729263306, 79.7257156372, 80.1901092529, 80.6428985596, 81.1072998047, 81.5717010498, 82.0360946655, 82.5004959106, 82.9532852173, 83.4060745239, 83.870475769, 84.3232650757, 84.7760543823, 85.2404556274, 85.6932373047, 86.1460266113, 86.6104278564, 87.0632171631, 87.5276184082, 87.9804077148, 88.44480896, 88.8975982666, 89.3503875732, 89.814781189, 90.2791824341, 90.7319717407, 91.1963729858, 91.6491622925, 92.1135559082, 92.5663452148, 93.0191345215, 93.4835357666, 93.9363250732, 94.3891143799, 94.853515625, 95.3179092407, 95.7823104858, 96.2350997925, 96.6878890991, 97.1522903442, 97.61668396, 98.0694732666, 98.5222625732, 98.9634475708, 99.4278411865, 99.8922424316, 100.356643677, 100.809432983, 101.273826599, 101.738227844, 102.191017151, 102.655418396, 103.108207703, 103.560997009, 104.025398254, 104.478187561, 104.930976868, 105.395370483, 105.84815979, 106.300949097, 106.765350342, 107.229751587, 107.694145203, 108.146934509, 108.599723816, 109.064125061, 109.505302429, 109.969703674, 110.434104919, 110.886894226, 111.339683533, 111.804077148, 112.268478394, 112.7212677, 113.174057007, 113.638458252, 114.091247559, 114.544036865, 115.008430481, 115.472831726, 115.925621033, 116.378410339, 116.842811584, 117.3072052, 117.771606445, 118.224395752, 118.677185059, 119.129974365, 119.582763672, 120.035552979, 120.488342285, 120.95274353, 121.417137146, 121.881538391, 122.345939636, 122.798728943, 123.25151825, 123.715919495, 124.18031311, 124.633102417, 125.085891724, 125.550292969, 126.014694214, 126.467483521, 126.920272827, 127.384666443, 127.83745575, 128.290252686, 128.754638672, 129.219039917, 129.671829224, 130.12461853, 130.589019775, 131.041809082, 131.494598389, 131.958999634, 132.41178894, 132.864578247, 133.328979492, 133.793380737, 134.257781982, 134.710571289, 135.163360596, 135.616149902, 136.068939209, 136.521713257, 136.986114502, 137.438903809, 137.903305054, 138.367706299, 138.832107544, 139.284896851, 139.737686157, 140.202087402, 140.666488647, 141.119277954, 141.572067261, 142.036453247, 142.500854492, 142.953643799, 143.406433105, 143.870834351, 144.335235596, 144.788024902, 145.240814209, 145.705215454, 146.158004761, 146.610794067, 147.075195313, 147.539596558, 147.992385864, 148.456771851, 148.909561157, 149.362350464, 149.815139771, 150.279541016, 150.755554199, 151.231567383, 151.684356689, 152.125534058, 152.578323364, 153.031112671, 153.483901978, 153.936691284, 154.389480591, 154.853881836, 155.318267822, 155.782669067, 156.235458374, 156.688247681, 157.152648926, 157.605438232, 158.058227539, 158.522628784, 158.987030029, 159.439819336, 159.892608643, 160.357009888, 160.821395874, 161.274185181, 161.726974487, 162.179763794, 162.644165039, 163.096954346, 163.561355591, 164.014144897, 164.466934204, 164.931335449, 165.395736694, 165.848526001, 166.301315308, 166.765716553, 167.230117798, 167.682891846, 168.135681152, 168.600082397, 169.064483643, 169.528884888, 169.981674194, 170.434463501, 170.898864746, 171.363265991, 171.804443359, 172.268844604, 172.73324585, 173.186035156, 173.638824463, 174.103210449, 174.555999756, 175.008789063, 175.461578369, 175.914367676, 176.378768921, 176.843170166, 177.295959473, 177.748748779, 178.213150024, 178.665939331, 179.130340576, 179.583129883, 180.047531128, 180.500320435, 180.964706421, 181.417495728, 181.881896973, 182.346298218, 182.810699463, 183.26348877, 183.716278076, 184.169067383, 184.621856689, 185.074645996, 185.527435303, 185.991836548, 186.456237793, 186.920639038, 187.361816406, 187.802993774, 188.244171143, 188.755004883, 189.265853882, 189.776687622, 190.299133301, 190.821578979, 191.355636597, 191.878097534, 192.400543213, 192.93460083, 193.491882324, 194.049163818, 194.687713623, 195.326248169, 195.953201294, 196.59173584, 197.218673706, 197.845626831, 198.484161377]
