
metadata:
    version:
        essentia: "2.1-beta2"
    audio_properties:
        analysis_sample_rate: 44100
        bitrate: 192
        channels: 2
        equal_loudness: 1
        length: 186.540405273
        replay_gain: -16.227273941
        downmix: "mix"
    tags:
        album: "Believe International Version - Repackage"
        artist: "Orianthi"
        comment: ""
        date: "2010"
        genre: "Rock"
        title: "Bad News"
        tracknumber: "4"

configuration:
    average_loudness:
        compute: 1
        frameSize: 88200
        hopSize: 44100
        silentFrames: "noise"
        windowType: "hann"
    general:
        analysisSampleRate: 44100
        endTime: 2000
        equalLoudness: 1
        nequalLoudness: 0
        shortSound: 0
        startTime: 0
    lowlevel:
        compute: 1
        frameSize: 2048
        hopSize: 1024
        zeroPadding: 0
        silentFrames: "noise"
        windowType: "blackmanharris62"
        mfccStats: ["mean", "cov", "icov"]
        stats: ["mean", "var", "median", "min", "max", "dmean", "dmean2", "dvar", "dvar2"]
    panning:
        compute: 0
        frameSize: 8192
        hopSize: 2048
        zeroPadding: 8192
        silentFrames: "noise"
        windowType: "hann"
        stats: ["copy"]
    rhythm:
        compute: 1
        maxTempo: 208
        minTempo: 40
        method: "degara"
        stats: ["mean", "var", "median", "min", "max", "dmean", "dmean2", "dvar", "dvar2"]
    segmentation:
        compute: 0
        cpw: 5
        inc1: 300
        inc2: 50
        minimumSegmentsLength: 10
        size1: 1000
        size2: 600
    sfx:
        compute: 1
        stats: ["mean", "var", "median", "min", "max", "dmean", "dmean2", "dvar", "dvar2"]
    svm:
        compute: 0
    tonal:
        compute: 1
        frameSize: 4096
        hopSize: 2048
        zeroPadding: 0
        silentFrames: "noise"
        windowType: "blackmanharris62"
        stats: ["mean", "var", "median", "min", "max", "dmean", "dmean2", "dvar", "dvar2"]

lowlevel:
    average_loudness: 0.878785729408
    barkbands_kurtosis:
        dmean: 1.04765927792
        dmean2: 1.64102709293
        dvar: 25.4946651459
        dvar2: 55.9891815186
        max: 288.55255127
        mean: 0.116406723857
        median: -0.876214444637
        min: -1.89020860195
        var: 62.2683067322
    barkbands_skewness:
        dmean: 0.424900025129
        dmean2: 0.642145633698
        dvar: 0.208407223225
        dvar2: 0.437313944101
        max: 16.47057724
        mean: -0.14492186904
        median: -0.302435070276
        min: -3.2503080368
        var: 1.22733783722
    barkbands_spread:
        dmean: 5.7126250267
        dmean2: 8.92834663391
        dvar: 35.4528579712
        dvar2: 84.3794937134
        max: 109.150222778
        mean: 29.0425567627
        median: 28.2053794861
        min: 0.615065932274
        var: 101.38809967
    dissonance:
        dmean: 0.0140894101933
        dmean2: 0.0236356612295
        dvar: 0.000185987912118
        dvar2: 0.00049519049935
        max: 0.500000059605
        mean: 0.474889457226
        median: 0.480672240257
        min: 0.344386935234
        var: 0.000429616717156
    hfc:
        dmean: 2.38745117188
        dmean2: 3.82575488091
        dvar: 9.35053348541
        dvar2: 22.862493515
        max: 48.766708374
        mean: 9.69105911255
        median: 9.13189792633
        min: 1.08242558705e-016
        var: 43.5332794189
    pitch:
        dmean: 714.77935791
        dmean2: 1380.12524414
        dvar: 1594876.875
        dvar2: 3985948.5
        max: 5258.84912109
        mean: 1029.9453125
        median: 392.473754883
        min: 55.6685256958
        var: 1821974.625
    pitch_instantaneous_confidence:
        dmean: 0.0915015414357
        dmean2: 0.144788965583
        dvar: 0.00639066565782
        dvar2: 0.0145136583596
        max: 0.95728546381
        mean: 0.480835467577
        median: 0.469074964523
        min: 0.105202019215
        var: 0.0273541212082
    pitch_salience:
        dmean: 0.0634112134576
        dmean2: 0.103384405375
        dvar: 0.00320033798926
        dvar2: 0.00860589742661
        max: 0.978651940823
        mean: 0.619923651218
        median: 0.62741881609
        min: 0.0253266040236
        var: 0.00866383407265
    silence_rate_20dB:
        dmean: 0
        dmean2: 0
        dvar: 0
        dvar2: 0
        max: 1
        mean: 1
        median: 1
        min: 1
        var: 0
    silence_rate_30dB:
        dmean: 0
        dmean2: 0
        dvar: 0
        dvar2: 0
        max: 1
        mean: 1
        median: 1
        min: 1
        var: 0
    silence_rate_60dB:
        dmean: 0.0868807584047
        dmean2: 0.173783138394
        dvar: 0.0793372541666
        dvar2: 0.171205177903
        max: 1
        mean: 0.323584318161
        median: 0
        min: 0
        var: 0.218891680241
    spectral_centroid:
        dmean: 278.765686035
        dmean2: 430.87890625
        dvar: 82904.453125
        dvar2: 188741.234375
        max: 11457.5996094
        mean: 2004.4666748
        median: 2068.6003418
        min: 178.992156982
        var: 695761.25
    spectral_complexity:
        dmean: 3.23151612282
        dmean2: 5.24461603165
        dvar: 11.1513519287
        dvar2: 26.8723602295
        max: 43
        mean: 14.606098175
        median: 15
        min: 0
        var: 64.1327514648
    spectral_crest:
        dmean: 2.12341427803
        dmean2: 3.42093968391
        dvar: 3.93472337723
        dvar2: 9.69602298737
        max: 26.862745285
        mean: 7.68705320358
        median: 6.78619909286
        min: 2.34594082832
        var: 11.4754943848
    spectral_decrease:
        dmean: 2.62906307835e-010
        dmean2: 4.16355838695e-010
        dvar: 1.26812358449e-019
        dvar2: 3.10499536166e-019
        max: 1.71744838902e-028
        mean: -1.00491903687e-009
        median: -9.25533816254e-010
        min: -3.95437682599e-009
        var: 3.70798417882e-019
    spectral_energy:
        dmean: 0.00117050798144
        dmean2: 0.00185193447396
        dvar: 2.41795055445e-006
        dvar2: 5.87623208048e-006
        max: 0.0183614287525
        mean: 0.00467181298882
        median: 0.00434214947745
        min: 9.88307802619e-021
        var: 8.01903934189e-006
    spectral_energyband_high:
        dmean: 0.000186996432603
        dmean2: 0.000312404299621
        dvar: 8.44458512006e-008
        dvar2: 2.19785363242e-007
        max: 0.00569982500747
        mean: 0.000492872262839
        median: 0.000422832614277
        min: 7.12056700669e-021
        var: 1.80801080774e-007
    spectral_energyband_low:
        dmean: 0.000119843694847
        dmean2: 0.000203920732019
        dvar: 5.35588995376e-008
        dvar2: 1.41095313211e-007
        max: 0.0023118823301
        mean: 0.000160680516274
        median: 9.24979758565e-005
        min: 2.24062387498e-023
        var: 4.89672054016e-008
    spectral_energyband_middle_high:
        dmean: 0.000719056988601
        dmean2: 0.00111669744365
        dvar: 7.18830904134e-007
        dvar2: 1.66167842508e-006
        max: 0.0166100785136
        mean: 0.00285594025627
        median: 0.00251728086732
        min: 1.21790349464e-021
        var: 4.56530096926e-006
    spectral_energyband_middle_low:
        dmean: 0.000629319110885
        dmean2: 0.00102115934715
        dvar: 1.17108322684e-006
        dvar2: 2.98459758596e-006
        max: 0.0118321496993
        mean: 0.00125822669361
        median: 0.000853451667354
        min: 1.88264595904e-022
        var: 1.59112403253e-006
    spectral_flatness_db:
        dmean: 0.0152680175379
        dmean2: 0.0231459662318
        dvar: 0.000215513719013
        dvar2: 0.000456016336102
        max: 0.503163576126
        mean: 0.139414578676
        median: 0.135365054011
        min: 0.0476579777896
        var: 0.0013724170858
    spectral_flux:
        dmean: 0.00907906051725
        dmean2: 0.0140053424984
        dvar: 9.02256506379e-005
        dvar2: 0.000194682710571
        max: 0.111987523735
        mean: 0.0415129363537
        median: 0.0410869829357
        min: 6.39423375359e-011
        var: 0.0003347559541
    spectral_kurtosis:
        dmean: 0.870506107807
        dmean2: 1.44259881973
        dvar: 1.638479352
        dvar2: 4.60961294174
        max: 36.1241188049
        mean: 3.25566482544
        median: 3.04290676117
        min: -1.33551156521
        var: 3.49911618233
    spectral_rms:
        dmean: 0.000256560073467
        dmean2: 0.000397569325287
        dvar: 9.20131313364e-008
        dvar2: 2.13340669575e-007
        max: 0.00423244480044
        mean: 0.00201519485563
        median: 0.00205821357667
        min: 3.10516152721e-012
        var: 4.9683785619e-007
    spectral_rolloff:
        dmean: 339.002197266
        dmean2: 557.553344727
        dvar: 261250.078125
        dvar2: 562173.25
        max: 19530.6152344
        mean: 3529.12060547
        median: 3660.64453125
        min: 193.798828125
        var: 1645174.875
    spectral_skewness:
        dmean: 0.141149356961
        dmean2: 0.229905739427
        dvar: 0.0246495380998
        dvar2: 0.0623804330826
        max: 4.1174197197
        mean: 1.31085729599
        median: 1.30192101002
        min: -0.0558315292001
        var: 0.0997973531485
    spectral_spread:
        dmean: 468756.09375
        dmean2: 685836.625
        dvar: 622358036480
        dvar2: 1.22355122176e+012
        max: 45869820
        mean: 5192576
        median: 4850532
        min: 1212670.375
        var: 6.68876983501e+012
    spectral_strongpeak:
        dmean: 0.742999970913
        dmean2: 1.24458062649
        dvar: 1.02890348434
        dvar2: 2.62359619141
        max: 13.5248756409
        mean: 1.25441253185
        median: 0.71768951416
        min: 4.25901258705e-011
        var: 2.06490397453
    zerocrossingrate:
        dmean: 0.00859007891268
        dmean2: 0.0102506848052
        dvar: 7.29346647859e-005
        dvar2: 8.76805133885e-005
        max: 0.52783203125
        mean: 0.109984152019
        median: 0.11328125
        min: 0.0087890625
        var: 0.00130762369372
    barkbands:
        dmean: [3.08004388216e-007, 4.29409519711e-005, 5.72075114178e-005, 0.000131864333525, 0.000323437649058, 0.000153885281179, 0.000108476029709, 6.91374880262e-005, 0.00010042260692, 0.000118837684568, 0.000167228790815, 6.40740690869e-005, 6.07120200584e-005, 5.15128340339e-005, 9.01235180208e-005, 0.000118472271424, 0.000178260568646, 0.000210299302125, 0.000311042211251, 0.000211433507502, 9.09418158699e-005, 2.59814933088e-005, 3.88115813621e-006, 2.27980012824e-006, 1.24457585571e-006, 6.06136723036e-008, 4.41037317778e-010]
        dmean2: [4.92898323046e-007, 7.70771875978e-005, 9.77384333964e-005, 0.00022339107818, 0.000548746844288, 0.000259440683294, 0.000175175839104, 0.000112121881102, 0.000156661350047, 0.000184907781659, 0.000240707886405, 9.96506641968e-005, 9.86607410596e-005, 8.14893719507e-005, 0.000147296639625, 0.000190125967492, 0.00028473578277, 0.000337611127179, 0.00050972099416, 0.000348775560269, 0.000150250984007, 4.50722109235e-005, 6.32113324173e-006, 3.58410943591e-006, 1.88943852208e-006, 9.38599882261e-008, 7.14935277646e-010]
        dvar: [2.66023965009e-013, 1.15663443268e-008, 1.33311273132e-008, 7.85570080097e-008, 5.05018078911e-007, 1.30021476252e-007, 4.64662974764e-008, 2.51649900918e-008, 5.92043960523e-008, 8.58110311697e-008, 1.31197069209e-007, 1.95944060977e-008, 1.48619205831e-008, 1.18721645848e-008, 2.81208158981e-008, 6.52728289197e-008, 1.23139727748e-007, 1.34610189662e-007, 1.92689611822e-007, 9.99993332584e-008, 1.56345354441e-008, 2.02911754066e-009, 3.60170088198e-011, 1.63256647784e-011, 9.16778371968e-012, 1.37150414384e-014, 3.52068748218e-019]
        dvar2: [6.05601235392e-013, 3.20882875826e-008, 3.60089735807e-008, 2.06486163279e-007, 1.33824801196e-006, 3.4659055359e-007, 1.16516510218e-007, 6.0411402103e-008, 1.37877435691e-007, 1.96619467374e-007, 2.68787886171e-007, 4.41710845678e-008, 3.79005271611e-008, 2.58283101573e-008, 7.13040790856e-008, 1.58482180268e-007, 2.79787201407e-007, 3.23089381027e-007, 4.83830319808e-007, 2.60780069539e-007, 4.0529378964e-008, 5.83283821243e-009, 8.60835569494e-011, 3.79557496544e-011, 1.99606598611e-011, 3.13616388176e-014, 8.44300614595e-019]
        max: [5.2527338994e-006, 0.000746444333345, 0.00155903422274, 0.00319061870687, 0.00843422301114, 0.00949718151242, 0.00539958709851, 0.00289459433407, 0.00595561554655, 0.00730175338686, 0.00781050603837, 0.00347871449776, 0.00240038894117, 0.00255674449727, 0.00330854346976, 0.0063637518324, 0.0107729276642, 0.0121298935264, 0.00753710092977, 0.00618840614334, 0.00242075696588, 0.000541830551811, 0.000189476180822, 8.66366171977e-005, 6.93805195624e-005, 2.38600819102e-006, 1.01891641791e-008]
        mean: [4.51733797036e-007, 4.21953700425e-005, 7.16572030797e-005, 0.000141159514897, 0.000397228694055, 0.000220590780373, 0.000171606254298, 9.93917419692e-005, 0.000161696734722, 0.000193939267774, 0.000359818543075, 0.000117428447993, 9.93365320028e-005, 8.8552973466e-005, 0.000151071042637, 0.000202655355679, 0.000343259482179, 0.0003926033678, 0.000674245995469, 0.00044985092245, 0.000222612899961, 5.18074157299e-005, 9.65878825809e-006, 6.00514067628e-006, 2.86946510641e-006, 1.22019187643e-007, 7.68623054093e-010]
        median: [2.95572419873e-007, 1.81432951649e-005, 3.82643193007e-005, 5.56367594982e-005, 0.000168760161614, 9.56853036769e-005, 8.49442876643e-005, 4.26846963819e-005, 5.86177775403e-005, 5.73019824515e-005, 6.11764990026e-005, 4.72004321637e-005, 5.34387181688e-005, 4.33116765635e-005, 8.46208931762e-005, 9.75645525614e-005, 0.000177529465873, 0.000219870431465, 0.000502120587043, 0.000339577760315, 0.000178637128556, 3.940355964e-005, 7.91688671598e-006, 4.63131618744e-006, 1.8855827193e-006, 6.9993092211e-008, 4.76983896824e-010]
        min: [2.3594439189e-024, 2.64838808848e-024, 7.10059913069e-025, 6.58549416022e-025, 5.3511515703e-024, 1.12276340164e-023, 1.04695662966e-023, 1.70822606766e-023, 1.88808619628e-023, 1.92301175068e-023, 1.90914610032e-023, 4.20708766204e-023, 2.75514530532e-023, 3.40869921035e-023, 3.83465948671e-023, 2.55442879877e-023, 7.55092231115e-023, 1.16683445717e-022, 1.30411455625e-022, 1.69729292883e-022, 2.94846267523e-022, 3.67409480117e-022, 3.82684856468e-022, 6.92364006172e-022, 9.74808622958e-022, 1.14277849097e-021, 1.94261044452e-021]
        var: [3.27177602502e-013, 7.76703767968e-009, 1.24367209864e-008, 6.91146198051e-008, 4.95013182444e-007, 1.74171617573e-007, 7.73485098193e-008, 3.6013982907e-008, 1.15917195842e-007, 1.63371936424e-007, 6.51786479011e-007, 5.38385762638e-008, 2.61838177806e-008, 2.60454431356e-008, 4.53892212704e-008, 1.26406774825e-007, 2.94538068601e-007, 3.24960097942e-007, 4.36663782466e-007, 2.04049328545e-007, 4.19616696945e-008, 2.7161728422e-009, 9.27235302428e-011, 3.89444483606e-011, 1.95852049856e-011, 2.72213078901e-014, 7.54451015688e-019]
    frequency_bands:
        dmean: [3.08004388216e-007, 4.29409519711e-005, 5.72075114178e-005, 0.000131864333525, 0.000323437649058, 0.000153885281179, 0.000108476029709, 6.91374880262e-005, 0.00010042260692, 0.000118837684568, 0.000167228790815, 6.40740690869e-005, 6.07120200584e-005, 5.15128340339e-005, 9.01235180208e-005, 0.000118472271424, 0.000178260568646, 0.000210299302125, 0.000311042211251, 0.000211433507502, 9.09418158699e-005, 2.59814933088e-005, 3.88115813621e-006, 2.27980012824e-006, 1.24457585571e-006, 6.06136723036e-008, 4.41037317778e-010, 5.45530738638e-011]
        dmean2: [4.92898323046e-007, 7.70771875978e-005, 9.77384333964e-005, 0.00022339107818, 0.000548746844288, 0.000259440683294, 0.000175175839104, 0.000112121881102, 0.000156661350047, 0.000184907781659, 0.000240707886405, 9.96506641968e-005, 9.86607410596e-005, 8.14893719507e-005, 0.000147296639625, 0.000190125967492, 0.00028473578277, 0.000337611127179, 0.00050972099416, 0.000348775560269, 0.000150250984007, 4.50722109235e-005, 6.32113324173e-006, 3.58410943591e-006, 1.88943852208e-006, 9.38599882261e-008, 7.14935277646e-010, 1.00993123586e-010]
        dvar: [2.66023965009e-013, 1.15663443268e-008, 1.33311273132e-008, 7.85570080097e-008, 5.05018078911e-007, 1.30021476252e-007, 4.64662974764e-008, 2.51649900918e-008, 5.92043960523e-008, 8.58110311697e-008, 1.31197069209e-007, 1.95944060977e-008, 1.48619205831e-008, 1.18721645848e-008, 2.81208158981e-008, 6.52728289197e-008, 1.23139727748e-007, 1.34610189662e-007, 1.92689611822e-007, 9.99993332584e-008, 1.56345354441e-008, 2.02911754066e-009, 3.60170088198e-011, 1.63256647784e-011, 9.16778371968e-012, 1.37150414384e-014, 3.52068748218e-019, 6.93439401553e-021]
        dvar2: [6.05601235392e-013, 3.20882875826e-008, 3.60089735807e-008, 2.06486163279e-007, 1.33824801196e-006, 3.4659055359e-007, 1.16516510218e-007, 6.0411402103e-008, 1.37877435691e-007, 1.96619467374e-007, 2.68787886171e-007, 4.41710845678e-008, 3.79005271611e-008, 2.58283101573e-008, 7.13040790856e-008, 1.58482180268e-007, 2.79787201407e-007, 3.23089381027e-007, 4.83830319808e-007, 2.60780069539e-007, 4.0529378964e-008, 5.83283821243e-009, 8.60835569494e-011, 3.79557496544e-011, 1.99606598611e-011, 3.13616388176e-014, 8.44300614595e-019, 2.20591782586e-020]
        max: [5.2527338994e-006, 0.000746444333345, 0.00155903422274, 0.00319061870687, 0.00843422301114, 0.00949718151242, 0.00539958709851, 0.00289459433407, 0.00595561554655, 0.00730175338686, 0.00781050603837, 0.00347871449776, 0.00240038894117, 0.00255674449727, 0.00330854346976, 0.0063637518324, 0.0107729276642, 0.0121298935264, 0.00753710092977, 0.00618840614334, 0.00242075696588, 0.000541830551811, 0.000189476180822, 8.66366171977e-005, 6.93805195624e-005, 2.38600819102e-006, 1.01891641791e-008, 1.48799128574e-009]
        mean: [4.51733797036e-007, 4.21953700425e-005, 7.16572030797e-005, 0.000141159514897, 0.000397228694055, 0.000220590780373, 0.000171606254298, 9.93917419692e-005, 0.000161696734722, 0.000193939267774, 0.000359818543075, 0.000117428447993, 9.93365320028e-005, 8.8552973466e-005, 0.000151071042637, 0.000202655355679, 0.000343259482179, 0.0003926033678, 0.000674245995469, 0.00044985092245, 0.000222612899961, 5.18074157299e-005, 9.65878825809e-006, 6.00514067628e-006, 2.86946510641e-006, 1.22019187643e-007, 7.68623054093e-010, 4.26444539403e-011]
        median: [2.95572419873e-007, 1.81432951649e-005, 3.82643193007e-005, 5.56367594982e-005, 0.000168760161614, 9.56853036769e-005, 8.49442876643e-005, 4.26846963819e-005, 5.86177775403e-005, 5.73019824515e-005, 6.11764990026e-005, 4.72004321637e-005, 5.34387181688e-005, 4.33116765635e-005, 8.46208931762e-005, 9.75645525614e-005, 0.000177529465873, 0.000219870431465, 0.000502120587043, 0.000339577760315, 0.000178637128556, 3.940355964e-005, 7.91688671598e-006, 4.63131618744e-006, 1.8855827193e-006, 6.9993092211e-008, 4.76983896824e-010, 1.49822584894e-011]
        min: [2.3594439189e-024, 2.64838808848e-024, 7.10059913069e-025, 6.58549416022e-025, 5.3511515703e-024, 1.12276340164e-023, 1.04695662966e-023, 1.70822606766e-023, 1.88808619628e-023, 1.92301175068e-023, 1.90914610032e-023, 4.20708766204e-023, 2.75514530532e-023, 3.40869921035e-023, 3.83465948671e-023, 2.55442879877e-023, 7.55092231115e-023, 1.16683445717e-022, 1.30411455625e-022, 1.69729292883e-022, 2.94846267523e-022, 3.67409480117e-022, 3.82684856468e-022, 6.92364006172e-022, 9.74808622958e-022, 1.14277849097e-021, 1.94261044452e-021, 5.22238288595e-022]
        var: [3.27177602502e-013, 7.76703767968e-009, 1.24367209864e-008, 6.91146198051e-008, 4.95013182444e-007, 1.74171617573e-007, 7.73485098193e-008, 3.6013982907e-008, 1.15917195842e-007, 1.63371936424e-007, 6.51786479011e-007, 5.38385762638e-008, 2.61838177806e-008, 2.60454431356e-008, 4.53892212704e-008, 1.26406774825e-007, 2.94538068601e-007, 3.24960097942e-007, 4.36663782466e-007, 2.04049328545e-007, 4.19616696945e-008, 2.7161728422e-009, 9.27235302428e-011, 3.89444483606e-011, 1.95852049856e-011, 2.72213078901e-014, 7.54451015688e-019, 5.46645902487e-021]
    mfcc:
        mean: [-707.387207031, 89.2942199707, -48.8122406006, 48.5372810364, -17.5986862183, -8.55227184296, 4.30633401871, -6.98256921768, -4.01928043365, -7.08554792404, -8.2407989502, -6.09152412415, -3.28418278694]
        cov: [[5699.42333984, -111.384986877, -820.284423828, 172.3409729, -401.816650391, -22.7439994812, -33.4241676331, 125.471046448, -35.9540557861, -73.0034637451, -127.586296082, 16.8708171844, -17.9613227844], [-111.384986877, 705.887573242, -30.280090332, 161.026702881, 23.6180706024, -28.6270427704, 50.6235046387, -62.5696563721, 12.5885534286, -1.31234455109, 17.3429222107, -29.5019226074, 0.859098553658], [-820.284423828, -30.280090332, 481.345184326, -6.76693487167, 120.143928528, -10.3157567978, -33.9437179565, -44.5086135864, -6.78109073639, 1.96561229229, 29.6131591797, -29.7409172058, -38.9416885376], [172.3409729, 161.026702881, -6.76693487167, 232.279998779, 36.6299667358, 10.480386734, -18.8118667603, -19.5265674591, 10.5001783371, -26.8760433197, 1.66229951382, -5.98838472366, -0.607759714127], [-401.816650391, 23.6180706024, 120.143928528, 36.6299667358, 171.019561768, 15.1942138672, -5.70940256119, -12.6839799881, 12.5478630066, 13.6943464279, 10.0399656296, 4.17569208145, -6.2685379982], [-22.7439994812, -28.6270427704, -10.3157567978, 10.480386734, 15.1942138672, 133.769927979, 39.0387115479, 18.02825737, -9.73643684387, -0.289583474398, 6.04486846924, -0.18324868381, 21.9913520813], [-33.4241676331, 50.6235046387, -33.9437179565, -18.8118667603, -5.70940256119, 39.0387115479, 125.269393921, 26.6717987061, -1.72209465504, 13.7060317993, 3.77153778076, 0.472027212381, 24.0902004242], [125.471046448, -62.5696563721, -44.5086135864, -19.5265674591, -12.6839799881, 18.02825737, 26.6717987061, 112.449531555, 37.6056137085, -0.783330976963, -3.4221496582, 10.3375892639, 11.7922725677], [-35.9540557861, 12.5885534286, -6.78109073639, 10.5001783371, 12.5478630066, -9.73643684387, -1.72209465504, 37.6056137085, 91.5496826172, 27.6943035126, 10.6441278458, 1.27122223377, -3.63678789139], [-73.0034637451, -1.31234455109, 1.96561229229, -26.8760433197, 13.6943464279, -0.289583474398, 13.7060317993, -0.783330976963, 27.6943035126, 106.108261108, 37.3651504517, -1.86276531219, -15.8242912292], [-127.586296082, 17.3429222107, 29.6131591797, 1.66229951382, 10.0399656296, 6.04486846924, 3.77153778076, -3.4221496582, 10.6441278458, 37.3651504517, 87.202545166, 20.2532234192, -2.61272835732], [16.8708171844, -29.5019226074, -29.7409172058, -5.98838472366, 4.17569208145, -0.18324868381, 0.472027212381, 10.3375892639, 1.27122223377, -1.86276531219, 20.2532234192, 84.6651306152, 30.7085380554], [-17.9613227844, 0.859098553658, -38.9416885376, -0.607759714127, -6.2685379982, 21.9913520813, 24.0902004242, 11.7922725677, -3.63678789139, -15.8242912292, -2.61272835732, 30.7085380554, 80.3885421753]]
        icov: [[0.000287098955596, 8.77267229953e-005, 0.000366927793948, -0.000373681890778, 0.000453737797216, 3.48663270415e-005, 9.44214843912e-005, -0.000261897948803, 0.000229981145822, -7.96798340161e-005, 0.000253495847574, -9.44517014432e-005, 0.00031313605723], [8.77267229953e-005, 0.00209617521614, 0.000362021994079, -0.00148201792035, -2.53952493949e-005, 0.000881086685695, -0.00149250484537, 0.00126780651044, -0.000533095153514, 0.000241617584834, -0.00054938957328, 0.000777214765549, -0.000111670349725], [0.000366927793948, 0.000362021994079, 0.00343421613798, 1.36221333378e-005, -0.00159865047317, 0.000327688874677, 0.000344327563653, 0.000487089389935, 0.000304698769469, 0.000882443855517, -0.00119939004071, 0.00120229343884, 0.0010421066545], [-0.000373681890778, -0.00148201792035, 1.36221333378e-005, 0.00646461220458, -0.00187837297563, -0.00121797341853, 0.00140850630123, 0.000810880155768, -0.00140058505349, 0.00209439569153, -0.00092340860283, 0.000358102814062, -0.000184392527444], [0.000453737797216, -2.53952493949e-005, -0.00159865047317, -0.00187837297563, 0.00871259439737, -0.001185066998, 0.000169326667674, 2.19180019485e-005, -0.000696732080542, -0.00157250557095, 0.00153369957116, -0.00186923414003, 0.000685490900651], [3.48663270415e-005, 0.000881086685695, 0.000327688874677, -0.00121797341853, -0.001185066998, 0.00940630491823, -0.00270947394893, -0.00116349477321, 0.00170078850351, -3.91399225919e-005, -0.00128649221733, 0.00161728030071, -0.00212547299452], [9.44214843912e-005, -0.00149250484537, 0.000344327563653, 0.00140850630123, 0.000169326667674, -0.00270947394893, 0.011156222783, -0.00315276882611, 0.00176745827775, -0.0020043454133, 0.000241348243435, 0.000773753039539, -0.00251413625665], [-0.000261897948803, 0.00126780651044, 0.000487089389935, 0.000810880155768, 2.19180019485e-005, -0.00116349477321, -0.00315276882611, 0.0135101908818, -0.00674898549914, 0.00228606839664, -7.02181059751e-005, -0.000694197951816, -0.000139422554639], [0.000229981145822, -0.000533095153514, 0.000304698769469, -0.00140058505349, -0.000696732080542, 0.00170078850351, 0.00176745827775, -0.00674898549914, 0.0157050192356, -0.004474083893, -0.000108956897748, 0.000388365588151, -0.000187263809494], [-7.96798340161e-005, 0.000241617584834, 0.000882443855517, 0.00209439569153, -0.00157250557095, -3.91399225919e-005, -0.0020043454133, 0.00228606839664, -0.004474083893, 0.0139620313421, -0.00579353235662, 0.00123489717953, 0.00246226298623], [0.000253495847574, -0.00054938957328, -0.00119939004071, -0.00092340860283, 0.00153369957116, -0.00128649221733, 0.000241348243435, -7.02181059751e-005, -0.000108956897748, -0.00579353235662, 0.0160152129829, -0.00520984269679, 0.00124933896586], [-9.44517014432e-005, 0.000777214765549, 0.00120229343884, 0.000358102814062, -0.00186923414003, 0.00161728030071, 0.000773753039539, -0.000694197951816, 0.000388365588151, 0.00123489717953, -0.00520984269679, 0.0162727832794, -0.0062874131836], [0.00031313605723, -0.000111670349725, 0.0010421066545, -0.000184392527444, 0.000685490900651, -0.00212547299452, -0.00251413625665, -0.000139422554639, -0.000187263809494, 0.00246226298623, 0.00124933896586, -0.0062874131836, 0.0173415616155]]
    sccoeffs:
        dmean: [0.0540194697678, 0.0478053502738, 0.0422524735332, 0.0308502335101, 0.0226763430983, 0.0173005033284]
        dmean2: [0.087750069797, 0.0784164965153, 0.0667420327663, 0.0496823899448, 0.0358893573284, 0.0281017255038]
        dvar: [0.0026259929873, 0.00152309273835, 0.00117302534636, 0.000623680185527, 0.00034153246088, 0.000259845459368]
        dvar2: [0.00644655432552, 0.00400495296344, 0.00275164004415, 0.00157979375217, 0.000786700751632, 0.000642292026896]
        max: [-0.207982540131, -0.428643643856, -0.472683042288, -0.515134990215, -0.571326971054, -0.569269537926]
        mean: [-0.693580508232, -0.745558142662, -0.745313286781, -0.77364975214, -0.779022157192, -0.753959238529]
        median: [-0.706629157066, -0.752872049809, -0.752571225166, -0.77806609869, -0.780871629715, -0.754718959332]
        min: [-0.981619536877, -0.995924293995, -0.984642267227, -0.967323124409, -0.966544032097, -0.964582204819]
        var: [0.0070932218805, 0.00506358966231, 0.00579239195213, 0.00277530029416, 0.00187547435053, 0.00209168856964]
    scvalleys:
        dmean: [0.358477830887, 0.347123801708, 0.298502981663, 0.264200657606, 0.235793963075, 0.230114728212]
        dmean2: [0.588033139706, 0.571117639542, 0.472711414099, 0.408139497042, 0.359785586596, 0.321631222963]
        dvar: [0.104390129447, 0.093233935535, 0.0740540251136, 0.0704904049635, 0.0823861509562, 0.104928426445]
        dvar2: [0.256341129541, 0.224690318108, 0.156856775284, 0.136646553874, 0.15639834106, 0.183588624001]
        max: [-5.20759391785, -5.14084720612, -5.67068910599, -5.85770463943, -5.57894515991, -7.92596721649]
        mean: [-7.09622430801, -6.89439249039, -7.21800374985, -7.46871042252, -7.08824968338, -9.61524581909]
        median: [-6.88872766495, -6.64989471436, -6.89399194717, -7.16766262054, -6.74569654465, -9.2062702179]
        min: [-27.8265552521, -27.7155761719, -27.9702091217, -27.7787151337, -27.4181632996, -27.405544281]
        var: [2.76570034027, 2.7206401825, 2.7067322731, 2.62461209297, 2.74289703369, 2.70062017441]

rhythm:
    beats_loudness:
        dmean: 0.00210296013393
        dmean2: 0.00371810887009
        dvar: 2.6149941732e-006
        dvar2: 7.62943454902e-006
        max: 0.0160421840847
        mean: 0.00584084959701
        median: 0.00591586623341
        min: 3.71519308373e-012
        var: 7.70422866481e-006
    bpm: 128.037063599
    bpm_confidence: 0
    first_peak_bpm: 129
    first_peak_spread: 0.374331504107
    first_peak_weight: 0.589420676231
    onset_rate: 2.95378398895
    second_peak_bpm: 117
    second_peak_spread: 0.40000000596
    second_peak_weight: 0.015113350004
    beats_loudness_band_ratio:
        dmean: [0.161248192191, 0.116519704461, 0.0940902009606, 0.0940992981195, 0.116748720407, 0.110066741705]
        dmean2: [0.30290389061, 0.209432646632, 0.170733958483, 0.170386299491, 0.20978243649, 0.200207948685]
        dvar: [0.0186317097396, 0.00931044574827, 0.0106715410948, 0.00811084732413, 0.0104665355757, 0.00875105243176]
        dvar2: [0.0590094663203, 0.0281011946499, 0.0311481263489, 0.0224285963923, 0.0305772516876, 0.0263494383544]
        max: [0.70580214262, 0.648450911045, 0.733769536018, 0.533965110779, 0.646904468536, 0.657608509064]
        mean: [0.192109137774, 0.148693308234, 0.108553446829, 0.133884817362, 0.227526083589, 0.258481919765]
        median: [0.148062929511, 0.1213940382, 0.0710106343031, 0.100679144263, 0.203923165798, 0.240903973579]
        min: [0, 0, 0, 0, 0, 0]
        var: [0.0226559881121, 0.0132935093716, 0.0105114281178, 0.011744803749, 0.0136105017737, 0.0122324535623]
    beats_position: [0.476009070873, 0.986848056316, 1.49768710136, 2.02013611794, 2.50775504112, 2.9837641716, 3.44816327095, 3.92417216301, 4.38857126236, 4.86458063126, 5.32897949219, 5.80498838425, 6.26938772202, 6.73378658295, 7.19818592072, 7.67419481277, 8.15020370483, 8.6146030426, 9.07900238037, 9.54340076447, 10.0078001022, 10.4838094711, 10.95981884, 11.4242172241, 11.900226593, 12.3762359619, 12.840634346, 13.3050336838, 13.7694330215, 14.2338323593, 14.6982307434, 15.1742401123, 15.6502494812, 16.114648819, 16.5790481567, 17.0434455872, 17.5194549561, 17.995464325, 18.4598636627, 18.9242630005, 19.3886623383, 19.853061676, 20.3174591064, 20.7934684753, 21.2694778442, 21.733877182, 22.2098865509, 22.6858959198, 23.1502952576, 23.614692688, 24.0790920258, 24.5434913635, 25.0078907013, 25.4839000702, 25.9599094391, 26.4243087769, 26.8887062073, 27.353105545, 27.8175048828, 28.2935142517, 28.7579135895, 29.2339229584, 29.7099323273, 30.1743297577, 30.6503391266, 31.1147384644, 31.5791378021, 32.0551452637, 32.5311546326, 32.9955558777, 33.4599533081, 33.9243545532, 34.3887519836, 34.8647613525, 35.3407707214, 35.8051681519, 36.269569397, 36.7339668274, 37.2099761963, 37.6859855652, 38.1503829956, 38.6147842407, 39.0791816711, 39.5435829163, 40.0195922852, 40.4956016541, 40.9599990845, 41.4243965149, 41.9004058838, 42.3648071289, 42.8408164978, 43.3052139282, 43.7696151733, 44.2340126038, 44.6984100342, 45.1744194031, 45.650428772, 46.1148300171, 46.5792274475, 47.0436286926, 47.5196380615, 47.9956436157, 48.4600448608, 48.9244422913, 49.3888435364, 49.8648529053, 50.3292503357, 50.7936515808, 51.269657135, 51.7340583801, 52.1984558105, 52.6628570557, 53.1388664246, 53.6148757935, 54.0792732239, 54.5436706543, 55.0080718994, 55.4840812683, 55.9600906372, 56.4244880676, 56.8888893127, 57.3532867432, 57.8292961121, 58.305305481, 58.7697029114, 59.2341041565, 59.7101135254, 60.1745109558, 60.6505203247, 61.1149177551, 61.5793190002, 62.0437164307, 62.5081176758, 62.9841270447, 63.4601364136, 63.924533844, 64.3889312744, 64.8533325195, 65.3293380737, 65.8053512573, 66.2697525024, 66.7341461182, 67.1985473633, 67.6629486084, 68.1389541626, 68.6149673462, 69.0793609619, 69.543762207, 70.0081634521, 70.4841690063, 70.9601821899, 71.4245758057, 71.8889770508, 72.3533782959, 72.8293838501, 73.3053970337, 73.7697982788, 74.2341918945, 74.6985931396, 75.1629943848, 75.638999939, 76.1150131226, 76.5794067383, 77.0438079834, 77.5082092285, 77.9842147827, 78.4602279663, 78.924621582, 79.3890228271, 79.8534240723, 80.3178253174, 80.7822189331, 81.2466201782, 81.7226257324, 82.198638916, 82.6746444702, 83.1506576538, 83.6150588989, 84.0794525146, 84.5554656982, 85.0314712524, 85.4958724976, 85.9602737427, 86.4246673584, 86.8890686035, 87.3650741577, 87.8410873413, 88.3054885864, 88.7698822021, 89.2342834473, 89.7102966309, 90.1863021851, 90.6507034302, 91.1150970459, 91.579498291, 92.0438995361, 92.5199050903, 92.9959182739, 93.460319519, 93.9247131348, 94.3891143799, 94.853515625, 95.3295211792, 95.8055343628, 96.2699279785, 96.7343292236, 97.1987304688, 97.6631240845, 98.1391372681, 98.6151428223, 99.0795440674, 99.555557251, 100.031562805, 100.49596405, 100.960357666, 101.424758911, 101.889160156, 102.353561401, 102.817955017, 103.293968201, 103.769973755, 104.234375, 104.698776245, 105.174781799, 105.650794983, 106.115188599, 106.579589844, 107.043991089, 107.508384705, 107.984397888, 108.448799133, 108.924804688, 109.389205933, 109.853607178, 110.318000793, 110.782402039, 111.258407593, 111.734420776, 112.198822021, 112.674827576, 113.15083313, 113.615234375, 114.07963562, 114.544036865, 115.020042419, 115.496055603, 115.960449219, 116.424850464, 116.889251709, 117.353645325, 117.829658508, 118.305664063, 118.770065308, 119.234466553, 119.698867798, 120.163261414, 120.639274597, 121.115280151, 121.579681396, 122.044082642, 122.520088196, 122.99609375, 123.460494995, 123.92489624, 124.400901794, 124.86530304, 125.341316223, 125.805709839, 126.270111084, 126.734512329, 127.198905945, 127.66330719, 128.127700806, 128.603713989, 129.079727173, 129.544128418, 130.020126343, 130.496139526, 130.960540771, 131.424942017, 131.9009552, 132.365356445, 132.84135437, 133.305755615, 133.793380737, 134.269378662, 134.745391846, 135.209793091, 135.674194336, 136.138595581, 136.602996826, 137.067382813, 137.531784058, 137.996185303, 138.460586548, 138.924987793, 139.401000977, 139.865386963, 140.341400146, 140.805801392, 141.270202637, 141.734603882, 142.199005127, 142.675003052, 143.151016235, 143.61541748, 144.079818726, 144.544219971, 145.020217896, 145.496231079, 145.960632324, 146.425033569, 146.901046753, 147.365432739, 147.841445923, 148.305847168, 148.770248413, 149.234649658, 149.699050903, 150.16343689, 150.639450073, 151.115463257, 151.579864502, 152.044265747, 152.508651733, 152.984664917, 153.460678101, 153.925079346, 154.389480591, 154.865478516, 155.329879761, 155.805892944, 156.270294189, 156.734695435, 157.19909668, 157.675094604, 158.151107788, 158.615509033, 159.079910278, 159.544311523, 160.00869751, 160.484710693, 160.960723877, 161.425125122, 161.889526367, 162.365524292, 162.841537476, 163.305938721, 163.770339966, 164.234741211, 164.699142456, 165.175140381, 165.651153564, 166.11555481, 166.579956055, 167.032745361, 167.508743286, 167.973144531, 168.437545776, 168.91355896, 169.389572144, 169.85395813, 170.329971313, 170.794372559, 171.270385742, 171.734786987, 172.199172974, 172.663574219, 173.139587402, 173.615600586, 174.080001831, 174.544403076, 175.008789063, 175.484802246, 175.949203491, 176.425216675, 176.88961792, 177.354003906, 177.818405151, 178.282806396, 178.642715454, 179.002624512, 179.362533569, 179.710830688, 180.070739746, 180.442260742, 180.813781738, 181.196914673, 181.603256226, 181.998001099, 182.40435791, 182.903579712, 183.402801514, 183.902038574, 184.412872314, 184.923721313, 185.434555054, 185.945388794]
