
metadata:
    version:
        essentia: "2.1-beta2"
    audio_properties:
        analysis_sample_rate: 44100
        bitrate: 192
        channels: 2
        equal_loudness: 1
        length: 196.519180298
        replay_gain: -16.3115005493
        downmix: "mix"
    tags:
        album: "Believe International Version - Repackage"
        artist: "Orianthi"
        comment: ""
        date: "2010"
        genre: "Rock"
        title: "Shut Up & Kiss Me"
        tracknumber: "2"

configuration:
    average_loudness:
        compute: 1
        frameSize: 88200
        hopSize: 44100
        silentFrames: "noise"
        windowType: "hann"
    general:
        analysisSampleRate: 44100
        endTime: 2000
        equalLoudness: 1
        nequalLoudness: 0
        shortSound: 0
        startTime: 0
    lowlevel:
        compute: 1
        frameSize: 2048
        hopSize: 1024
        zeroPadding: 0
        silentFrames: "noise"
        windowType: "blackmanharris62"
        mfccStats: ["mean", "cov", "icov"]
        stats: ["mean", "var", "median", "min", "max", "dmean", "dmean2", "dvar", "dvar2"]
    panning:
        compute: 0
        frameSize: 8192
        hopSize: 2048
        zeroPadding: 8192
        silentFrames: "noise"
        windowType: "hann"
        stats: ["copy"]
    rhythm:
        compute: 1
        maxTempo: 208
        minTempo: 40
        method: "degara"
        stats: ["mean", "var", "median", "min", "max", "dmean", "dmean2", "dvar", "dvar2"]
    segmentation:
        compute: 0
        cpw: 5
        inc1: 300
        inc2: 50
        minimumSegmentsLength: 10
        size1: 1000
        size2: 600
    sfx:
        compute: 1
        stats: ["mean", "var", "median", "min", "max", "dmean", "dmean2", "dvar", "dvar2"]
    svm:
        compute: 0
    tonal:
        compute: 1
        frameSize: 4096
        hopSize: 2048
        zeroPadding: 0
        silentFrames: "noise"
        windowType: "blackmanharris62"
        stats: ["mean", "var", "median", "min", "max", "dmean", "dmean2", "dvar", "dvar2"]

lowlevel:
    average_loudness: 0.926819384098
    barkbands_kurtosis:
        dmean: 1.12906622887
        dmean2: 1.74832856655
        dvar: 10.8515987396
        dvar2: 21.0961437225
        max: 140.70022583
        mean: 0.051666893065
        median: -0.953681528568
        min: -1.8937830925
        var: 21.3214492798
    barkbands_skewness:
        dmean: 0.489839553833
        dmean2: 0.729571580887
        dvar: 0.262400746346
        dvar2: 0.55266046524
        max: 8.74653434753
        mean: -0.0728051364422
        median: -0.237784937024
        min: -3.01317429543
        var: 1.3133957386
    barkbands_spread:
        dmean: 6.30650281906
        dmean2: 9.92499732971
        dvar: 37.9591560364
        dvar2: 90.297203064
        max: 75.2516098022
        mean: 32.4151420593
        median: 32.7924156189
        min: 0.528890430927
        var: 110.713851929
    dissonance:
        dmean: 0.0137984473258
        dmean2: 0.0228652525693
        dvar: 0.000190749589819
        dvar2: 0.000484774645884
        max: 0.499999910593
        mean: 0.473080694675
        median: 0.479632139206
        min: 0.27348446846
        var: 0.000512986560352
    hfc:
        dmean: 3.33547639847
        dmean2: 5.5796713829
        dvar: 22.2772064209
        dvar2: 57.8689460754
        max: 49.9127807617
        mean: 10.1332044601
        median: 9.03415393829
        min: 1.09507853875e-016
        var: 53.1962471008
    pitch:
        dmean: 807.220214844
        dmean2: 1557.85302734
        dvar: 1848614.375
        dvar2: 4270201
        max: 5155.58300781
        mean: 1396.99523926
        median: 413.467498779
        min: 61.8662147522
        var: 2513208
    pitch_instantaneous_confidence:
        dmean: 0.0951477661729
        dmean2: 0.149812340736
        dvar: 0.00649841269478
        dvar2: 0.0149997211993
        max: 0.940415740013
        mean: 0.499599963427
        median: 0.493588328362
        min: 0.0861042737961
        var: 0.024730252102
    pitch_salience:
        dmean: 0.0696905478835
        dmean2: 0.112422436476
        dvar: 0.0040400614962
        dvar2: 0.0104981781915
        max: 0.970501720905
        mean: 0.619820296764
        median: 0.627158463001
        min: 0.130894556642
        var: 0.0107842478901
    silence_rate_20dB:
        dmean: 0
        dmean2: 0
        dvar: 0
        dvar2: 0
        max: 1
        mean: 1
        median: 1
        min: 1
        var: 0
    silence_rate_30dB:
        dmean: 0
        dmean2: 0
        dvar: 0
        dvar2: 0
        max: 1
        mean: 1
        median: 1
        min: 1
        var: 0
    silence_rate_60dB:
        dmean: 0.0812854468822
        dmean2: 0.162590101361
        dvar: 0.0746813192964
        dvar2: 0.160038948059
        max: 1
        mean: 0.28576490283
        median: 0
        min: 0
        var: 0.204105809331
    spectral_centroid:
        dmean: 338.451324463
        dmean2: 522.390197754
        dvar: 127243.085938
        dvar2: 290662.0625
        max: 11733.7246094
        mean: 1995.39489746
        median: 2046.7322998
        min: 181.643157959
        var: 783651.625
    spectral_complexity:
        dmean: 3.81545376778
        dmean2: 6.30532884598
        dvar: 17.3139686584
        dvar2: 44.4371452332
        max: 40
        mean: 14.6900177002
        median: 15
        min: 0
        var: 59.0306625366
    spectral_crest:
        dmean: 2.29380345345
        dmean2: 3.74488687515
        dvar: 4.55302238464
        dvar2: 11.2047863007
        max: 25.3006534576
        mean: 8.10458183289
        median: 7.15785837173
        min: 2.44615960121
        var: 13.5234060287
    spectral_decrease:
        dmean: 2.92292468007e-010
        dmean2: 4.51677112379e-010
        dvar: 1.28123530193e-019
        dvar2: 2.92015073855e-019
        max: 1.63509490237e-028
        mean: -1.06192254989e-009
        median: -1.02869912588e-009
        min: -3.8065119945e-009
        var: 3.68738944952e-019
    spectral_energy:
        dmean: 0.00135928683449
        dmean2: 0.00212234957144
        dvar: 2.85641999653e-006
        dvar2: 6.8197255132e-006
        max: 0.017469951883
        mean: 0.00492704799399
        median: 0.00480599794537
        min: 1.02427473041e-020
        var: 8.05925901659e-006
    spectral_energyband_high:
        dmean: 0.000302593718516
        dmean2: 0.000519137014635
        dvar: 2.39265347091e-007
        dvar2: 6.33951913187e-007
        max: 0.00624355394393
        mean: 0.000594878802076
        median: 0.000428696657764
        min: 6.90198452983e-021
        var: 3.79775968895e-007
    spectral_energyband_low:
        dmean: 0.000146312158904
        dmean2: 0.00024123788171
        dvar: 4.76793928783e-008
        dvar2: 1.25899518366e-007
        max: 0.0046428591013
        mean: 0.000258806452621
        median: 0.000187331344932
        min: 1.41150676667e-023
        var: 7.07806577793e-008
    spectral_energyband_middle_high:
        dmean: 0.000815747480374
        dmean2: 0.00131781341042
        dvar: 1.02096180399e-006
        dvar2: 2.5495050977e-006
        max: 0.014042631723
        mean: 0.00257869856432
        median: 0.00221385783516
        min: 1.35386565327e-021
        var: 3.73458738068e-006
    spectral_energyband_middle_low:
        dmean: 0.000680435798131
        dmean2: 0.00102870957926
        dvar: 9.79083097263e-007
        dvar2: 1.98896373149e-006
        max: 0.0117230368778
        mean: 0.00161561300047
        median: 0.00107365706936
        min: 1.15689455733e-022
        var: 2.44119109993e-006
    spectral_flatness_db:
        dmean: 0.0166504494846
        dmean2: 0.0252477172762
        dvar: 0.000261791254161
        dvar2: 0.000522624177393
        max: 0.454730242491
        mean: 0.150808885694
        median: 0.141870260239
        min: 0.0587350390851
        var: 0.00178321520798
    spectral_flux:
        dmean: 0.00978733692318
        dmean2: 0.0148347355425
        dvar: 0.000102138183138
        dvar2: 0.00021076615667
        max: 0.132932722569
        mean: 0.0425920113921
        median: 0.0415244586766
        min: 6.35854285891e-011
        var: 0.000360032077879
    spectral_kurtosis:
        dmean: 0.927948892117
        dmean2: 1.56001615524
        dvar: 1.9177929163
        dvar2: 5.01835155487
        max: 55.0686798096
        mean: 2.77964115143
        median: 2.57474350929
        min: -1.34300649166
        var: 3.59794449806
    spectral_rms:
        dmean: 0.000289071496809
        dmean2: 0.000442540127551
        dvar: 1.01284626908e-007
        dvar2: 2.30898152154e-007
        max: 0.00412842072546
        mean: 0.00208414369263
        median: 0.00216535874642
        min: 3.16115861786e-012
        var: 4.63228303715e-007
    spectral_rolloff:
        dmean: 423.165893555
        dmean2: 699.837280273
        dvar: 388220.40625
        dvar2: 857286.875
        max: 19509.0820313
        mean: 3545.13647461
        median: 3703.7109375
        min: 193.798828125
        var: 1828064.375
    spectral_skewness:
        dmean: 0.161037370563
        dmean2: 0.26353225112
        dvar: 0.0357764065266
        dvar2: 0.0892686098814
        max: 5.91967153549
        mean: 1.19173491001
        median: 1.18531191349
        min: -0.0556140057743
        var: 0.124499969184
    spectral_spread:
        dmean: 488976.09375
        dmean2: 702280.5
        dvar: 524730433536
        dvar2: 920577441792
        max: 42305008
        mean: 5310968.5
        median: 5034921
        min: 1380368.625
        var: 6.34068769178e+012
    spectral_strongpeak:
        dmean: 0.736409068108
        dmean2: 1.22731339931
        dvar: 1.16288721561
        dvar2: 2.82538199425
        max: 13.1495723724
        mean: 1.14619588852
        median: 0.552824258804
        min: 0
        var: 2.18776488304
    zerocrossingrate:
        dmean: 0.0100829154253
        dmean2: 0.0117280390114
        dvar: 9.87392340903e-005
        dvar2: 0.000121906719869
        max: 0.5244140625
        mean: 0.10998095572
        median: 0.1123046875
        min: 0.00830078125
        var: 0.00149272731505
    barkbands:
        dmean: [2.18368313654e-007, 5.28491873411e-005, 7.33292399673e-005, 0.000162331780302, 0.000290523981676, 0.000245999690378, 0.00017852592282, 6.194015441e-005, 0.000100777055195, 0.000140279924381, 9.42960687098e-005, 4.92528961331e-005, 3.53112627636e-005, 5.47452254978e-005, 7.30347746867e-005, 0.0001120776069, 0.000166646044818, 0.000178208822035, 0.000384586310247, 0.000285170972347, 0.000165109799127, 4.21112272306e-005, 7.48563024899e-006, 4.65290622742e-006, 2.63156175606e-006, 7.39655448001e-008, 4.42885700336e-010]
        dmean2: [3.52619395017e-007, 9.14737902349e-005, 0.000123295423691, 0.000264199363301, 0.000470580213005, 0.000379690987756, 0.000290134834358, 9.98543691821e-005, 0.000152382286615, 0.000220135698328, 0.000146730104461, 7.83288778621e-005, 5.61311135243e-005, 8.6973865109e-005, 0.00011882691615, 0.000180745613761, 0.000273659417871, 0.000293970282655, 0.00062208151212, 0.000480435555801, 0.000280807085801, 7.44275312172e-005, 1.27161247292e-005, 7.33156593924e-006, 3.99415330321e-006, 1.15042013249e-007, 7.28921756288e-010]
        dvar: [1.96626487878e-013, 1.24650050282e-008, 1.65953277786e-008, 7.39512913128e-008, 3.27357952301e-007, 2.87435483415e-007, 1.58790584237e-007, 2.74236420239e-008, 5.48672858258e-008, 1.27186623899e-007, 7.54617772714e-008, 1.21698358058e-008, 5.97770233313e-009, 2.37176198681e-008, 2.70246811596e-008, 4.66773251162e-008, 1.43487582704e-007, 1.0498736458e-007, 3.05058705408e-007, 1.94627915562e-007, 7.63804521853e-008, 5.56388624062e-009, 2.08132261426e-010, 6.51922543726e-011, 3.55670111418e-011, 2.89243726626e-014, 4.33990234543e-019]
        dvar2: [4.78956934877e-013, 3.41306680696e-008, 4.54771331704e-008, 1.91264760474e-007, 6.94953826041e-007, 5.68482789731e-007, 4.01226259328e-007, 6.75218316815e-008, 1.19673899235e-007, 2.86575414066e-007, 1.73481922161e-007, 2.84976025e-008, 1.40006397586e-008, 5.5461384818e-008, 6.57857839315e-008, 1.10389564156e-007, 3.81603229016e-007, 2.60005492692e-007, 7.60069383432e-007, 5.12151984822e-007, 1.91712430819e-007, 1.54848436296e-008, 5.37794808686e-010, 1.45986847611e-010, 6.90944107484e-011, 6.60533978317e-014, 1.1073180449e-018]
        max: [3.83452515962e-006, 0.00110535183921, 0.00332537433133, 0.00472877919674, 0.00671693729237, 0.0113779203966, 0.00653909659013, 0.00387935037725, 0.0070915101096, 0.00945254508406, 0.0057169161737, 0.00270476657897, 0.00162736198399, 0.0050330767408, 0.00406301161274, 0.00626667076722, 0.0109575828537, 0.00639173993841, 0.0116856293753, 0.00613191211596, 0.0049858270213, 0.00101961998735, 0.000368717795936, 0.000176589499461, 0.000131972992676, 6.0034285525e-006, 1.01315960066e-008]
        mean: [2.09482180935e-007, 5.59960462851e-005, 0.000111978857603, 0.000226058517001, 0.000409906031564, 0.000434523419244, 0.000247594027314, 9.31036338443e-005, 0.000172814950929, 0.000210712649277, 0.000150609819684, 8.22586225695e-005, 6.04451379331e-005, 8.57863487909e-005, 0.000118850912258, 0.000195017215447, 0.00030560081359, 0.00031062591006, 0.00076069746865, 0.000505648902617, 0.000286225724267, 7.42378761061e-005, 1.34487863761e-005, 9.7938673207e-006, 4.77472440252e-006, 1.27457511212e-007, 6.59771959288e-010]
        median: [5.86500981115e-008, 2.48470150837e-005, 7.07141880412e-005, 0.000117817369755, 0.000177107169293, 0.000137653332786, 0.00010223636491, 3.7944806536e-005, 6.98576841387e-005, 4.75012020615e-005, 2.88403462037e-005, 2.99936218653e-005, 2.5105642635e-005, 3.13500459015e-005, 5.87614304095e-005, 0.000116678238555, 0.000179657552508, 0.000184503136552, 0.000506507407408, 0.000335400574841, 0.00017708222731, 4.84378906549e-005, 7.60801003707e-006, 5.37707364856e-006, 1.80276731498e-006, 5.99347487196e-008, 3.55987322953e-010]
        min: [7.37690555135e-025, 3.04677408689e-024, 3.16486064794e-024, 1.02033793836e-024, 7.59968243479e-024, 6.83647844165e-024, 8.38135287286e-024, 8.20375425068e-024, 1.52140219052e-023, 3.32709659842e-023, 2.24641774278e-023, 3.17939186024e-023, 2.46400467088e-023, 5.6733279649e-023, 7.31813387564e-023, 5.43724019754e-023, 8.54551940263e-023, 8.75328706349e-023, 1.616633479e-022, 1.68446112802e-022, 2.66173710594e-022, 3.71724511403e-022, 3.68147626732e-022, 6.0067080303e-022, 9.4327660302e-022, 1.3082528827e-021, 1.9869510412e-021]
        var: [1.88349824019e-013, 1.03147153041e-008, 2.15968967154e-008, 1.02586447781e-007, 4.47261072622e-007, 1.02087949472e-006, 2.0231611586e-007, 4.30020854481e-008, 1.16400727279e-007, 2.51241573324e-007, 1.89014400576e-007, 2.70237059397e-008, 1.50780135044e-008, 4.78719428543e-008, 4.61616060932e-008, 9.42298186146e-008, 2.57523709024e-007, 2.03564823664e-007, 6.63644073029e-007, 3.11024024313e-007, 1.28694054524e-007, 8.46286329903e-009, 4.66041483183e-010, 1.78716402788e-010, 9.24378698586e-011, 5.87776287603e-014, 7.61511777698e-019]
    frequency_bands:
        dmean: [2.18368313654e-007, 5.28491873411e-005, 7.33292399673e-005, 0.000162331780302, 0.000290523981676, 0.000245999690378, 0.00017852592282, 6.194015441e-005, 0.000100777055195, 0.000140279924381, 9.42960687098e-005, 4.92528961331e-005, 3.53112627636e-005, 5.47452254978e-005, 7.30347746867e-005, 0.0001120776069, 0.000166646044818, 0.000178208822035, 0.000384586310247, 0.000285170972347, 0.000165109799127, 4.21112272306e-005, 7.48563024899e-006, 4.65290622742e-006, 2.63156175606e-006, 7.39655448001e-008, 4.42885700336e-010, 6.51737622204e-011]
        dmean2: [3.52619395017e-007, 9.14737902349e-005, 0.000123295423691, 0.000264199363301, 0.000470580213005, 0.000379690987756, 0.000290134834358, 9.98543691821e-005, 0.000152382286615, 0.000220135698328, 0.000146730104461, 7.83288778621e-005, 5.61311135243e-005, 8.6973865109e-005, 0.00011882691615, 0.000180745613761, 0.000273659417871, 0.000293970282655, 0.00062208151212, 0.000480435555801, 0.000280807085801, 7.44275312172e-005, 1.27161247292e-005, 7.33156593924e-006, 3.99415330321e-006, 1.15042013249e-007, 7.28921756288e-010, 1.20986540231e-010]
        dvar: [1.96626487878e-013, 1.24650050282e-008, 1.65953277786e-008, 7.39512913128e-008, 3.27357952301e-007, 2.87435483415e-007, 1.58790584237e-007, 2.74236420239e-008, 5.48672858258e-008, 1.27186623899e-007, 7.54617772714e-008, 1.21698358058e-008, 5.97770233313e-009, 2.37176198681e-008, 2.70246811596e-008, 4.66773251162e-008, 1.43487582704e-007, 1.0498736458e-007, 3.05058705408e-007, 1.94627915562e-007, 7.63804521853e-008, 5.56388624062e-009, 2.08132261426e-010, 6.51922543726e-011, 3.55670111418e-011, 2.89243726626e-014, 4.33990234543e-019, 9.54040472495e-021]
        dvar2: [4.78956934877e-013, 3.41306680696e-008, 4.54771331704e-008, 1.91264760474e-007, 6.94953826041e-007, 5.68482789731e-007, 4.01226259328e-007, 6.75218316815e-008, 1.19673899235e-007, 2.86575414066e-007, 1.73481922161e-007, 2.84976025e-008, 1.40006397586e-008, 5.5461384818e-008, 6.57857839315e-008, 1.10389564156e-007, 3.81603229016e-007, 2.60005492692e-007, 7.60069383432e-007, 5.12151984822e-007, 1.91712430819e-007, 1.54848436296e-008, 5.37794808686e-010, 1.45986847611e-010, 6.90944107484e-011, 6.60533978317e-014, 1.1073180449e-018, 3.06692560182e-020]
        max: [3.83452515962e-006, 0.00110535183921, 0.00332537433133, 0.00472877919674, 0.00671693729237, 0.0113779203966, 0.00653909659013, 0.00387935037725, 0.0070915101096, 0.00945254508406, 0.0057169161737, 0.00270476657897, 0.00162736198399, 0.0050330767408, 0.00406301161274, 0.00626667076722, 0.0109575828537, 0.00639173993841, 0.0116856293753, 0.00613191211596, 0.0049858270213, 0.00101961998735, 0.000368717795936, 0.000176589499461, 0.000131972992676, 6.0034285525e-006, 1.01315960066e-008, 1.33933808488e-009]
        mean: [2.09482180935e-007, 5.59960462851e-005, 0.000111978857603, 0.000226058517001, 0.000409906031564, 0.000434523419244, 0.000247594027314, 9.31036338443e-005, 0.000172814950929, 0.000210712649277, 0.000150609819684, 8.22586225695e-005, 6.04451379331e-005, 8.57863487909e-005, 0.000118850912258, 0.000195017215447, 0.00030560081359, 0.00031062591006, 0.00076069746865, 0.000505648902617, 0.000286225724267, 7.42378761061e-005, 1.34487863761e-005, 9.7938673207e-006, 4.77472440252e-006, 1.27457511212e-007, 6.59771959288e-010, 5.1079886848e-011]
        median: [5.86500981115e-008, 2.48470150837e-005, 7.07141880412e-005, 0.000117817369755, 0.000177107169293, 0.000137653332786, 0.00010223636491, 3.7944806536e-005, 6.98576841387e-005, 4.75012020615e-005, 2.88403462037e-005, 2.99936218653e-005, 2.5105642635e-005, 3.13500459015e-005, 5.87614304095e-005, 0.000116678238555, 0.000179657552508, 0.000184503136552, 0.000506507407408, 0.000335400574841, 0.00017708222731, 4.84378906549e-005, 7.60801003707e-006, 5.37707364856e-006, 1.80276731498e-006, 5.99347487196e-008, 3.55987322953e-010, 1.85754953086e-011]
        min: [7.37690555135e-025, 3.04677408689e-024, 3.16486064794e-024, 1.02033793836e-024, 7.59968243479e-024, 6.83647844165e-024, 8.38135287286e-024, 8.20375425068e-024, 1.52140219052e-023, 3.32709659842e-023, 2.24641774278e-023, 3.17939186024e-023, 2.46400467088e-023, 5.6733279649e-023, 7.31813387564e-023, 5.43724019754e-023, 8.54551940263e-023, 8.75328706349e-023, 1.616633479e-022, 1.68446112802e-022, 2.66173710594e-022, 3.71724511403e-022, 3.68147626732e-022, 6.0067080303e-022, 9.4327660302e-022, 1.3082528827e-021, 1.9869510412e-021, 5.55002092748e-022]
        var: [1.88349824019e-013, 1.03147153041e-008, 2.15968967154e-008, 1.02586447781e-007, 4.47261072622e-007, 1.02087949472e-006, 2.0231611586e-007, 4.30020854481e-008, 1.16400727279e-007, 2.51241573324e-007, 1.89014400576e-007, 2.70237059397e-008, 1.50780135044e-008, 4.78719428543e-008, 4.61616060932e-008, 9.42298186146e-008, 2.57523709024e-007, 2.03564823664e-007, 6.63644073029e-007, 3.11024024313e-007, 1.28694054524e-007, 8.46286329903e-009, 4.66041483183e-010, 1.78716402788e-010, 9.24378698586e-011, 5.87776287603e-014, 7.61511777698e-019, 7.46989329575e-021]
    mfcc:
        mean: [-705.578308105, 86.4789886475, -40.4321060181, 56.7803573608, -16.9827461243, -12.7887735367, -0.188062354922, -8.34426021576, -1.4716681242, -6.91930389404, -10.5501174927, -8.54778385162, -4.15740966797]
        cov: [[4977.66796875, -298.556152344, -355.790344238, 115.750160217, -138.921295166, 6.87099981308, 55.4915771484, 207.137954712, 70.5424575806, 137.782119751, 31.2829666138, 116.260116577, 6.13502025604], [-298.556152344, 775.177185059, -99.3888397217, 168.83934021, -44.0400238037, -77.4447784424, -8.65132427216, -84.150718689, -17.2472419739, -50.1417007446, -22.9002017975, -80.6016540527, 0.324790686369], [-355.790344238, -99.3888397217, 417.860595703, -6.0812830925, 101.775016785, 24.3375778198, -20.1828308105, -24.2051467896, -11.9611902237, -16.6965770721, -1.04663205147, 8.37909984589, 0.180218413472], [115.750160217, 168.83934021, -6.0812830925, 336.500701904, -0.451924651861, 0.886843919754, -54.452041626, -11.1726131439, -2.1513273716, -49.9401283264, 22.0683078766, 1.57719051838, 19.0190639496], [-138.921295166, -44.0400238037, 101.775016785, -0.451924651861, 185.065597534, 51.6191177368, 18.1274871826, 9.04511928558, 11.6351823807, 21.0449848175, 1.97631812096, 34.8944892883, 7.80377912521], [6.87099981308, -77.4447784424, 24.3375778198, 0.886843919754, 51.6191177368, 200.677398682, 59.9082603455, 35.8982772827, -4.75827646255, 24.7480754852, 31.6257190704, 19.8398742676, 22.9442405701], [55.4915771484, -8.65132427216, -20.1828308105, -54.452041626, 18.1274871826, 59.9082603455, 138.885650635, 40.7013587952, 3.52918553352, 40.0177841187, 3.24305319786, 7.17290878296, 0.229414865375], [207.137954712, -84.150718689, -24.2051467896, -11.1726131439, 9.04511928558, 35.8982772827, 40.7013587952, 158.302474976, 61.5396957397, 24.2147026062, 12.397603035, 28.9438266754, 10.3915739059], [70.5424575806, -17.2472419739, -11.9611902237, -2.1513273716, 11.6351823807, -4.75827646255, 3.52918553352, 61.5396957397, 102.452987671, 36.9779434204, 7.84418582916, 12.4422655106, -0.09382519871], [137.782119751, -50.1417007446, -16.6965770721, -49.9401283264, 21.0449848175, 24.7480754852, 40.0177841187, 24.2147026062, 36.9779434204, 114.378448486, 28.2598743439, 21.0897102356, -4.69372844696], [31.2829666138, -22.9002017975, -1.04663205147, 22.0683078766, 1.97631812096, 31.6257190704, 3.24305319786, 12.397603035, 7.84418582916, 28.2598743439, 117.10710144, 43.0998687744, 9.91900062561], [116.260116577, -80.6016540527, 8.37909984589, 1.57719051838, 34.8944892883, 19.8398742676, 7.17290878296, 28.9438266754, 12.4422655106, 21.0897102356, 43.0998687744, 102.397613525, 27.8520202637], [6.13502025604, 0.324790686369, 0.180218413472, 19.0190639496, 7.80377912521, 22.9442405701, 0.229414865375, 10.3915739059, -0.09382519871, -4.69372844696, 9.91900062561, 27.8520202637, 74.1532058716]]
        icov: [[0.000253443286056, 0.000115844486572, 0.000168732745806, -0.000219587760512, 0.000197421264602, 5.27684678673e-005, -2.62768371613e-005, -0.000247432297328, 0.000132363798912, -0.000346529559465, 0.000167007165146, -0.000249990320299, 8.18765620352e-005], [0.000115844486572, 0.00191747560166, 0.000499969697557, -0.00105246040039, -0.000115576964163, 0.000762677460443, -0.000957608106546, 0.000882637570612, -0.000396000075852, 0.00023267159122, -0.00018113621627, 0.00128509034403, -0.000538033782504], [0.000168732745806, 0.000499969697557, 0.00310346158221, -0.000111618632218, -0.00163273734506, -1.04779894627e-006, 0.000321058818372, 0.000367309257854, 7.85803276813e-005, 0.000488825025968, -0.000165817618836, 0.000324354332406, 5.60138760193e-005], [-0.000219587760512, -0.00105246040039, -0.000111618632218, 0.00417737942189, -0.000395795155782, -0.000741792842746, 0.00161799660418, -0.000183483512956, -0.000407282204833, 0.00171758548822, -0.001044046483, -0.000160022740602, -0.000448532780865], [0.000197421264602, -0.000115576964163, -0.00163273734506, -0.000395795155782, 0.00762757752091, -0.00166413083207, -0.000344168685842, 0.000311878073262, -0.000773913110606, -0.00127626920585, 0.0017105009174, -0.00303999288008, 0.000590466836002], [5.27684678673e-005, 0.000762677460443, -1.04779894627e-006, -0.000741792842746, -0.00166413083207, 0.00718404352665, -0.00277499761432, -0.00101013539825, 0.00143792212475, -0.000489579862915, -0.00178929441608, 0.00144299073145, -0.00204685260542], [-2.62768371613e-005, -0.000957608106546, 0.000321058818372, 0.00161799660418, -0.000344168685842, -0.00277499761432, 0.0107175922021, -0.00290242023766, 0.00225252774544, -0.00297988462262, 0.000893561169505, -0.000264230824541, 0.000652975984849], [-0.000247432297328, 0.000882637570612, 0.000367309257854, -0.000183483512956, 0.000311878073262, -0.00101013539825, -0.00290242023766, 0.0106212915853, -0.00654612062499, 0.00190716353245, -3.62248792953e-005, -0.00118707760703, -0.000573797966354], [0.000132363798912, -0.000396000075852, 7.85803276813e-005, -0.000407282204833, -0.000773913110606, 0.00143792212475, 0.00225252774544, -0.00654612062499, 0.0154282609001, -0.00517165148631, 0.000341307051713, 0.000204792915611, 0.000211556398426], [-0.000346529559465, 0.00023267159122, 0.000488825025968, 0.00171758548822, -0.00127626920585, -0.000489579862915, -0.00297988462262, 0.00190716353245, -0.00517165148631, 0.013608484529, -0.00299265375361, -0.000491748156492, 0.00105353514664], [0.000167007165146, -0.00018113621627, -0.000165817618836, -0.001044046483, 0.0017105009174, -0.00178929441608, 0.000893561169505, -3.62248792953e-005, 0.000341307051713, -0.00299265375361, 0.0116031132638, -0.00512135587633, 0.000813614402432], [-0.000249990320299, 0.00128509034403, 0.000324354332406, -0.000160022740602, -0.00303999288008, 0.00144299073145, -0.000264230824541, -0.00118707760703, 0.000204792915611, -0.000491748156492, -0.00512135587633, 0.0157885681838, -0.0051801004447], [8.18765620352e-005, -0.000538033782504, 5.60138760193e-005, -0.000448532780865, 0.000590466836002, -0.00204685260542, 0.000652975984849, -0.000573797966354, 0.000211556398426, 0.00105353514664, 0.000813614402432, -0.0051801004447, 0.0161494351923]]
    sccoeffs:
        dmean: [0.0534289292991, 0.051581736654, 0.0437724739313, 0.033292748034, 0.0240449737757, 0.0189315099269]
        dmean2: [0.0858629494905, 0.0828222706914, 0.0683716610074, 0.0523995161057, 0.0377202965319, 0.0305706299841]
        dvar: [0.00207932852209, 0.00186012370978, 0.00130548945162, 0.000774688844103, 0.000419842981501, 0.00032202139846]
        dvar2: [0.00495099695399, 0.00463306205347, 0.00294140796177, 0.0017524685245, 0.000915591372177, 0.000803603208624]
        max: [-0.290211707354, -0.305477172136, -0.469830751419, -0.482164055109, -0.542531609535, -0.429114252329]
        mean: [-0.648817539215, -0.720223486423, -0.748290359974, -0.771765708923, -0.778166055679, -0.747105717659]
        median: [-0.662654340267, -0.731935024261, -0.754177868366, -0.777610361576, -0.781730234623, -0.757589995861]
        min: [-0.975684285164, -0.986566483974, -0.98950958252, -0.98760509491, -0.992814004421, -0.963137865067]
        var: [0.00805286504328, 0.0081477984786, 0.00596324680373, 0.00324164796621, 0.00204788800329, 0.00472065480426]
    scvalleys:
        dmean: [0.463005393744, 0.397162437439, 0.33604580164, 0.28879776597, 0.272933661938, 0.278066962957]
        dmean2: [0.751687586308, 0.638883292675, 0.518142580986, 0.433557569981, 0.41110894084, 0.415812045336]
        dvar: [0.208427667618, 0.127886354923, 0.10331299156, 0.0841289013624, 0.102756492794, 0.125315442681]
        dvar2: [0.458649069071, 0.301982104778, 0.212668418884, 0.162642836571, 0.216721430421, 0.273045092821]
        max: [-5.34003734589, -4.75149011612, -5.4413933754, -5.95303106308, -5.39682245255, -7.27906417847]
        mean: [-7.24992132187, -6.89546585083, -7.40698099136, -7.59735584259, -7.02720928192, -9.58985614777]
        median: [-6.92999458313, -6.68732213974, -7.13935756683, -7.29888248444, -6.71618509293, -9.14195919037]
        min: [-28.0086746216, -28.015581131, -27.7180747986, -27.4948158264, -27.4635639191, -27.3829689026]
        var: [2.7619767189, 2.54896616936, 2.43203091621, 2.42216420174, 2.48082280159, 3.10197710991]

rhythm:
    beats_loudness:
        dmean: 0.00275417882949
        dmean2: 0.00515583576635
        dvar: 3.99258760808e-006
        dvar2: 1.33448766064e-005
        max: 0.0147751625627
        mean: 0.00609538145363
        median: 0.00611889455467
        min: 7.69367733991e-015
        var: 8.57452323544e-006
    bpm: 151.962387085
    bpm_confidence: 0
    first_peak_bpm: 152
    first_peak_spread: 0.0485651232302
    first_peak_weight: 0.874239325523
    onset_rate: 3.54672789574
    second_peak_bpm: 157
    second_peak_spread: 0
    second_peak_weight: 0.0344827584922
    beats_loudness_band_ratio:
        dmean: [0.200260952115, 0.177783429623, 0.0863642096519, 0.0761825442314, 0.0983528420329, 0.132729038596]
        dmean2: [0.371065974236, 0.331495881081, 0.148595288396, 0.133409485221, 0.178251504898, 0.230423033237]
        dvar: [0.0185630638152, 0.0153369903564, 0.00830064620823, 0.00696565769613, 0.00886525120586, 0.0120615856722]
        dvar2: [0.0569406114519, 0.0470361150801, 0.0218243896961, 0.0186063293368, 0.0256142131984, 0.0358245112002]
        max: [0.75688624382, 0.938816130161, 0.630152761936, 0.534317016602, 0.623326659203, 0.716478228569]
        mean: [0.270427286625, 0.21106095612, 0.108579941094, 0.0869842618704, 0.160797849298, 0.252906680107]
        median: [0.259862005711, 0.188695520163, 0.0720637142658, 0.0561117492616, 0.138302028179, 0.221627503633]
        min: [0, 0, 0, 0, 0, 0]
        var: [0.0296333711594, 0.0255955476314, 0.00966279860586, 0.00758684845641, 0.0100427949801, 0.0198758281767]
    beats_position: [0.371519267559, 0.754648506641, 1.14938771725, 1.53251695633, 1.92725622654, 2.32199549675, 2.71673464775, 3.11147379875, 3.50621318817, 3.9125623703, 4.31891155243, 4.72526073456, 5.14321994781, 5.5727891922, 6.01396799088, 6.44353723526, 6.86149644852, 7.26784563065, 7.66258478165, 8.05732440948, 8.45206356049, 8.84680271149, 9.24154186249, 9.63628101349, 10.0310201645, 10.4257593155, 10.8204984665, 11.2152376175, 11.6099767685, 12.0047159195, 12.3994560242, 12.7941951752, 13.1889343262, 13.5836734772, 13.9784126282, 14.3731517792, 14.7678909302, 15.1626300812, 15.5573692322, 15.9521083832, 16.3468475342, 16.7415866852, 17.1363258362, 17.5310649872, 17.9258041382, 18.3205432892, 18.7152824402, 19.1100215912, 19.5047607422, 19.8994998932, 20.2942390442, 20.6889801025, 21.0837192535, 21.4784584045, 21.8731975555, 22.2679367065, 22.6626758575, 23.0574150085, 23.4521541595, 23.8468933105, 24.2416324615, 24.6363716125, 25.0311107635, 25.4258499146, 25.8205890656, 26.2153282166, 26.6100673676, 27.0048065186, 27.3995456696, 27.7942848206, 28.1890239716, 28.5837631226, 28.9785022736, 29.3732414246, 29.7679805756, 30.1627197266, 30.5574588776, 30.9521980286, 31.3469390869, 31.7416782379, 32.1364173889, 32.5311546326, 32.9258956909, 33.3206329346, 33.7153739929, 34.1101112366, 34.5048522949, 34.8995895386, 35.2943305969, 35.6890678406, 36.0838088989, 36.4785499573, 36.8732872009, 37.2680282593, 37.6627655029, 38.0575065613, 38.4522438049, 38.8469848633, 39.2417221069, 39.6364631653, 40.0312004089, 40.4259414673, 40.8206787109, 41.2154197693, 41.6101570129, 42.0048980713, 42.3996353149, 42.7943763733, 43.1891136169, 43.5838546753, 43.9785919189, 44.3733329773, 44.7680702209, 45.1628112793, 45.5575485229, 45.9522895813, 46.347026825, 46.7417678833, 47.1365089417, 47.5312461853, 47.9259872437, 48.3207244873, 48.7154655457, 49.1102027893, 49.5049438477, 49.8996810913, 50.2944221497, 50.6891593933, 51.0839004517, 51.4786376953, 51.8733787537, 52.2681159973, 52.6628570557, 53.0575942993, 53.4523353577, 53.8470726013, 54.2418136597, 54.6365509033, 55.0312919617, 55.4260292053, 55.8207702637, 56.2155075073, 56.6102485657, 57.0049858093, 57.3997268677, 57.794467926, 58.1892051697, 58.583946228, 58.9786834717, 59.37342453, 59.7681617737, 60.162902832, 60.5576400757, 60.952381134, 61.3471183777, 61.741859436, 62.1365966797, 62.531337738, 62.9260749817, 63.32081604, 63.7155532837, 64.1102905273, 64.5050354004, 64.899772644, 65.2945098877, 65.6892471313, 66.0839920044, 66.478729248, 66.8734664917, 67.2682037354, 67.6629486084, 68.0576858521, 68.4524230957, 68.8471679688, 69.2419052124, 69.6366424561, 70.0313796997, 70.4261245728, 70.8208618164, 71.2155990601, 71.6103363037, 72.0050811768, 72.3998184204, 72.7945556641, 73.1892929077, 73.5840377808, 73.9787750244, 74.3735122681, 74.7682495117, 75.1629943848, 75.5577316284, 75.9524688721, 76.3472061157, 76.7303390503, 77.1250762939, 77.5082092285, 77.9029464722, 78.2976837158, 78.7040328979, 79.098777771, 79.5051269531, 79.8998641968, 80.2946014404, 80.6893386841, 81.0840835571, 81.4788208008, 81.8735580444, 82.2682952881, 82.6630401611, 83.0577774048, 83.4525146484, 83.835647583, 84.2303848267, 84.6251220703, 85.0314712524, 85.4262084961, 85.8209533691, 86.2156906128, 86.6104278564, 87.0051651001, 87.3999099731, 87.7946472168, 88.1893844604, 88.5841217041, 88.9788665771, 89.3619918823, 89.7567367554, 90.151473999, 90.5462112427, 90.9409484863, 91.3472976685, 91.7420425415, 92.1367797852, 92.5315170288, 92.9262542725, 93.3209991455, 93.7157363892, 94.1104736328, 94.5052108765, 94.8999557495, 95.2946929932, 95.6894302368, 96.0841674805, 96.4789123535, 96.8736495972, 97.2683868408, 97.6631240845, 98.0578689575, 98.4526062012, 98.8473434448, 99.2420806885, 99.6368255615, 100.031562805, 100.426300049, 100.821044922, 101.215782166, 101.610519409, 102.005256653, 102.400001526, 102.79473877, 103.189476013, 103.584213257, 103.97895813, 104.362083435, 104.768432617, 105.163169861, 105.557914734, 105.952651978, 106.347389221, 106.742126465, 107.136871338, 107.531608582, 107.926345825, 108.321083069, 108.715827942, 109.110565186, 109.505302429, 109.900039673, 110.294784546, 110.68952179, 111.084259033, 111.479003906, 111.87374115, 112.268478394, 112.663215637, 113.05796051, 113.452697754, 113.847434998, 114.242172241, 114.636917114, 115.031654358, 115.426391602, 115.821128845, 116.215873718, 116.610610962, 117.005348206, 117.400085449, 117.794830322, 118.189567566, 118.58430481, 118.979042053, 119.373786926, 119.76852417, 120.163261414, 120.557998657, 120.95274353, 121.347480774, 121.742218018, 122.136962891, 122.531700134, 122.926437378, 123.321174622, 123.715919495, 124.110656738, 124.505393982, 124.888526917, 125.271652222, 125.666389465, 126.061134338, 126.467483521, 126.873832703, 127.268569946, 127.66330719, 128.046432495, 128.441177368, 128.835922241, 129.242263794, 129.637008667, 130.031738281, 130.426483154, 130.821228027, 131.215957642, 131.610702515, 132.005432129, 132.400177002, 132.794921875, 133.189651489, 133.584396362, 133.979141235, 134.37387085, 134.768615723, 135.163360596, 135.55809021, 135.952835083, 136.347564697, 136.74230957, 137.137054443, 137.531784058, 137.926528931, 138.321273804, 138.716003418, 139.110748291, 139.505477905, 139.900222778, 140.294967651, 140.689697266, 141.084442139, 141.479187012, 141.873916626, 142.268661499, 142.663391113, 143.058135986, 143.452880859, 143.847610474, 144.242355347, 144.63710022, 145.031829834, 145.426574707, 145.82131958, 146.216049194, 146.610794067, 147.005523682, 147.400268555, 147.795013428, 148.189743042, 148.584487915, 148.96762085, 149.350738525, 149.745483398, 150.15184021, 150.546569824, 150.929702759, 151.324447632, 151.730789185, 152.125534058, 152.520263672, 152.915008545, 153.321365356, 153.716094971, 154.110839844, 154.505569458, 154.900314331, 155.295059204, 155.67817688, 156.072921753, 156.479278564, 156.874008179, 157.268753052, 157.663482666, 158.058227539, 158.452972412, 158.847702026, 159.242446899, 159.625579834, 160.020309448, 160.415054321, 160.821395874, 161.216140747, 161.61088562, 162.005615234, 162.400360107, 162.79510498, 163.189834595, 163.584579468, 163.979324341, 164.374053955, 164.768798828, 165.163528442, 165.558273315, 165.953018188, 166.347747803, 166.742492676, 167.137237549, 167.531967163, 167.926712036, 168.32144165, 168.716186523, 169.110931396, 169.505661011, 169.900405884, 170.295150757, 170.689880371, 171.084625244, 171.479354858, 171.874099731, 172.268844604, 172.663574219, 173.058319092, 173.453063965, 173.847793579, 174.242538452, 174.637283325, 175.032012939, 175.426757813, 175.821487427, 176.2162323, 176.610977173, 177.005706787, 177.40045166, 177.795196533, 178.189926147, 178.584671021, 178.979400635, 179.374145508, 179.768890381, 180.163619995, 180.558364868, 180.953109741, 181.336227417, 181.719360352, 182.114105225, 182.508834839, 182.903579712, 183.298324585, 183.693054199, 184.087799072, 184.482528687, 184.87727356, 185.272018433, 185.666748047, 186.06149292, 186.467849731, 186.874191284, 187.292144775, 187.710113525, 188.128067017, 188.546035767, 188.952377319, 189.358734131, 189.765075684, 190.21786499, 190.659042358, 191.088607788, 191.529785156, 191.982574463, 192.42376709, 192.864944458, 193.306121826, 193.747299194, 194.188476563, 194.629653931, 195.082443237, 195.535232544, 195.988021851]
