
metadata:
    version:
        essentia: "2.1-beta2"
    audio_properties:
        analysis_sample_rate: 44100
        bitrate: 320
        channels: 2
        equal_loudness: 1
        length: 279.040008545
        replay_gain: -14.7551517487
        downmix: "mix"
    tags:
        album: "Dancing With the Dead"
        artist: "Pain"
        comment: ""
        date: "2005"
        genre: "Industrial Metal"
        title: "Dont Count Me Out"
        tracknumber: "01"

configuration:
    average_loudness:
        compute: 1
        frameSize: 88200
        hopSize: 44100
        silentFrames: "noise"
        windowType: "hann"
    general:
        analysisSampleRate: 44100
        endTime: 2000
        equalLoudness: 1
        nequalLoudness: 0
        shortSound: 0
        startTime: 0
    lowlevel:
        compute: 1
        frameSize: 2048
        hopSize: 1024
        zeroPadding: 0
        silentFrames: "noise"
        windowType: "blackmanharris62"
        mfccStats: ["mean", "cov", "icov"]
        stats: ["mean", "var", "median", "min", "max", "dmean", "dmean2", "dvar", "dvar2"]
    panning:
        compute: 0
        frameSize: 8192
        hopSize: 2048
        zeroPadding: 8192
        silentFrames: "noise"
        windowType: "hann"
        stats: ["copy"]
    rhythm:
        compute: 1
        maxTempo: 208
        minTempo: 40
        method: "degara"
        stats: ["mean", "var", "median", "min", "max", "dmean", "dmean2", "dvar", "dvar2"]
    segmentation:
        compute: 0
        cpw: 5
        inc1: 300
        inc2: 50
        minimumSegmentsLength: 10
        size1: 1000
        size2: 600
    sfx:
        compute: 1
        stats: ["mean", "var", "median", "min", "max", "dmean", "dmean2", "dvar", "dvar2"]
    svm:
        compute: 0
    tonal:
        compute: 1
        frameSize: 4096
        hopSize: 2048
        zeroPadding: 0
        silentFrames: "noise"
        windowType: "blackmanharris62"
        stats: ["mean", "var", "median", "min", "max", "dmean", "dmean2", "dvar", "dvar2"]

lowlevel:
    average_loudness: 0.788816452026
    barkbands_kurtosis:
        dmean: 1.06605148315
        dmean2: 1.7783178091
        dvar: 12.4531135559
        dvar2: 27.6557693481
        max: 221.38092041
        mean: 0.0992566794157
        median: -0.890241861343
        min: -1.86902236938
        var: 66.7302627563
    barkbands_skewness:
        dmean: 0.407224774361
        dmean2: 0.657257378101
        dvar: 0.166602090001
        dvar2: 0.367790609598
        max: 11.9851570129
        mean: -0.504478096962
        median: -0.608553647995
        min: -2.58683395386
        var: 1.00454306602
    barkbands_spread:
        dmean: 7.08657407761
        dmean2: 12.0035209656
        dvar: 40.8542480469
        dvar2: 117.161018372
        max: 67.4901123047
        mean: 35.124370575
        median: 33.8313674927
        min: 0.484225869179
        var: 127.542724609
    dissonance:
        dmean: 0.00745921675116
        dmean2: 0.0128122670576
        dvar: 6.18497142568e-005
        dvar2: 0.000173886859557
        max: 0.500000119209
        mean: 0.488422572613
        median: 0.490986317396
        min: 0.192352965474
        var: 0.000107311418105
    hfc:
        dmean: 1.79639673233
        dmean2: 2.66167593002
        dvar: 3.77805781364
        dvar2: 8.29488277435
        max: 38.43176651
        mean: 10.0697402954
        median: 9.24414157867
        min: 1.05082920671e-016
        var: 46.6549377441
    pitch:
        dmean: 880.725402832
        dmean2: 1674.97509766
        dvar: 1647897.125
        dvar2: 4027115.5
        max: 4707.96240234
        mean: 2067.42333984
        median: 3205.87646484
        min: 43.1605644226
        var: 2581118.75
    pitch_instantaneous_confidence:
        dmean: 0.0661211013794
        dmean2: 0.111784659326
        dvar: 0.00283189141192
        dvar2: 0.00769052607939
        max: 0.976037621498
        mean: 0.320107072592
        median: 0.305495202541
        min: 0.100173354149
        var: 0.0109690669924
    pitch_salience:
        dmean: 0.0475927181542
        dmean2: 0.0783100947738
        dvar: 0.00185971602332
        dvar2: 0.00438469508663
        max: 0.950247347355
        mean: 0.684995412827
        median: 0.714069902897
        min: 0.111664995551
        var: 0.0100189568475
    silence_rate_20dB:
        dmean: 0
        dmean2: 0
        dvar: 0
        dvar2: 0
        max: 1
        mean: 1
        median: 1
        min: 1
        var: 0
    silence_rate_30dB:
        dmean: 0
        dmean2: 0
        dvar: 0
        dvar2: 0
        max: 1
        mean: 1
        median: 1
        min: 1
        var: 0
    silence_rate_60dB:
        dmean: 0.0798801779747
        dmean2: 0.159773647785
        dvar: 0.0735096111894
        dvar2: 0.1661875844
        max: 1
        mean: 0.350112318993
        median: 0
        min: 0
        var: 0.227524787188
    spectral_centroid:
        dmean: 267.803161621
        dmean2: 437.242370605
        dvar: 57509.2226563
        dvar2: 138226.4375
        max: 11472.8837891
        mean: 2174.18847656
        median: 2232.03466797
        min: 114.960899353
        var: 469766.96875
    spectral_complexity:
        dmean: 3.50274586678
        dmean2: 5.34143304825
        dvar: 11.3854608536
        dvar2: 23.9900379181
        max: 52
        mean: 19.8281879425
        median: 20
        min: 0
        var: 157.955108643
    spectral_crest:
        dmean: 1.30098700523
        dmean2: 2.21114659309
        dvar: 1.53126251698
        dvar2: 3.93867921829
        max: 23.3056678772
        mean: 5.5559887886
        median: 4.94737958908
        min: 2.42736077309
        var: 5.41479825974
    spectral_decrease:
        dmean: 1.81052520198e-010
        dmean2: 2.9200186713e-010
        dvar: 3.66935994947e-020
        dvar2: 8.64762982073e-020
        max: 1.48739774235e-028
        mean: -9.44341049802e-010
        median: -8.51113401978e-010
        min: -3.20161852585e-009
        var: 3.37630620818e-019
    spectral_energy:
        dmean: 0.000806349911727
        dmean2: 0.00127839739434
        dvar: 7.3859848726e-007
        dvar2: 1.68541839685e-006
        max: 0.0144627336413
        mean: 0.00447749393061
        median: 0.00404973141849
        min: 1.02466432925e-020
        var: 7.74753152655e-006
    spectral_energyband_high:
        dmean: 0.000150755920913
        dmean2: 0.000238543812884
        dvar: 2.92217237075e-008
        dvar2: 7.55135687314e-008
        max: 0.00253902864642
        mean: 0.000587149348576
        median: 0.000505513336975
        min: 6.98462019614e-021
        var: 1.84902631872e-007
    spectral_energyband_low:
        dmean: 0.000264366215561
        dmean2: 0.000460971030407
        dvar: 8.07997793117e-008
        dvar2: 2.33818695961e-007
        max: 0.00372998835519
        mean: 0.000423319725087
        median: 0.000321997562423
        min: 2.45203607322e-023
        var: 1.42214943821e-007
    spectral_energyband_middle_high:
        dmean: 0.000530449033249
        dmean2: 0.000799192348495
        dvar: 3.31359956363e-007
        dvar2: 7.62819297506e-007
        max: 0.0114258537069
        mean: 0.00271939765662
        median: 0.0023422758095
        min: 1.26080732949e-021
        var: 3.84572149414e-006
    spectral_energyband_middle_low:
        dmean: 0.000397578871343
        dmean2: 0.000665581319481
        dvar: 2.16327819658e-007
        dvar2: 5.67515598959e-007
        max: 0.00634824624285
        mean: 0.000882552238181
        median: 0.000724788696971
        min: 1.89519667294e-022
        var: 5.09169524321e-007
    spectral_flatness_db:
        dmean: 0.0105914957821
        dmean2: 0.0173387862742
        dvar: 0.000114776950795
        dvar2: 0.000262276007561
        max: 0.507008492947
        mean: 0.137809932232
        median: 0.131474524736
        min: 0.0596690811217
        var: 0.00116899900604
    spectral_flux:
        dmean: 0.00440518511459
        dmean2: 0.00668498827145
        dvar: 1.80806928256e-005
        dvar2: 3.75956260541e-005
        max: 0.0809100195765
        mean: 0.039191160351
        median: 0.0411563999951
        min: 6.3961495822e-011
        var: 0.000244749448029
    spectral_kurtosis:
        dmean: 0.943097412586
        dmean2: 1.64296495914
        dvar: 2.73696613312
        dvar2: 7.92242288589
        max: 48.8788909912
        mean: 3.08073878288
        median: 2.7407772541
        min: -1.24995684624
        var: 5.51433849335
    spectral_rms:
        dmean: 0.00018457492115
        dmean2: 0.000291135336738
        dvar: 3.17157002883e-008
        dvar2: 6.99167870266e-008
        max: 0.00375632592477
        mean: 0.00195967056789
        median: 0.00198770151474
        min: 3.16175991638e-012
        var: 5.27983956999e-007
    spectral_rolloff:
        dmean: 224.251083374
        dmean2: 372.710113525
        dvar: 83882.28125
        dvar2: 181958.921875
        max: 19336.8164063
        mean: 3781.90258789
        median: 3854.44335938
        min: 107.666015625
        var: 946262.625
    spectral_skewness:
        dmean: 0.132005721331
        dmean2: 0.220384225249
        dvar: 0.026479722932
        dvar2: 0.0682626962662
        max: 5.00118017197
        mean: 1.07918286324
        median: 1.04032301903
        min: -0.0526445433497
        var: 0.105481781065
    spectral_spread:
        dmean: 323768.4375
        dmean2: 516301.03125
        dvar: 213067399168
        dvar2: 441893158912
        max: 42105976
        mean: 4179904
        median: 4009207
        min: 1081113.375
        var: 4.01215271731e+012
    spectral_strongpeak:
        dmean: 0.475337296724
        dmean2: 0.85125541687
        dvar: 0.381309658289
        dvar2: 1.04061460495
        max: 6.58713102341
        mean: 0.548022925854
        median: 0.176661387086
        min: 0
        var: 0.480110555887
    zerocrossingrate:
        dmean: 0.00662669725716
        dmean2: 0.00821147114038
        dvar: 5.42235393368e-005
        dvar2: 6.12011717749e-005
        max: 0.52734375
        mean: 0.118034020066
        median: 0.12158203125
        min: 0.0048828125
        var: 0.000859122199472
    barkbands:
        dmean: [7.67164863191e-007, 7.17717703083e-005, 0.000161271891557, 0.000160553463502, 0.000168960614246, 6.34547759546e-005, 4.15401555074e-005, 5.92414326093e-005, 0.000102676058304, 7.08793158992e-005, 6.53027746012e-005, 6.84004335199e-005, 8.3622369857e-005, 5.98924852966e-005, 6.4035950345e-005, 0.000102775768028, 0.000168178361491, 0.000197252200451, 0.000209015532164, 0.000172780230059, 8.79335057107e-005, 2.51998317253e-005, 3.99429518438e-006, 1.23879306102e-006, 5.68693849345e-007, 1.67121996242e-008, 2.45510417551e-010]
        dmean2: [1.01265675312e-006, 0.000125612510601, 0.00028131439467, 0.000277697079582, 0.000291624106467, 0.000105462146166, 6.9473455369e-005, 9.69938919297e-005, 0.000167875710758, 0.000114515474706, 0.000104723236291, 0.000113765279821, 0.000137204697239, 9.86150698736e-005, 0.000104378530523, 0.000168679354829, 0.000279406958725, 0.000325744942529, 0.000344042724464, 0.000283475237666, 0.000143300901982, 4.23384517489e-005, 6.50149513604e-006, 1.95563779926e-006, 8.9001696324e-007, 2.78978777857e-008, 4.29939805979e-010]
        dvar: [1.79270693342e-012, 8.22183476856e-009, 3.46845929755e-008, 3.65080801146e-008, 7.03482214703e-008, 1.27786474735e-008, 4.72242911442e-009, 1.83387722785e-008, 4.61417286601e-008, 2.79497971434e-008, 2.05023145128e-008, 2.22847820197e-008, 2.70169593364e-008, 1.24846630811e-008, 1.01312789269e-008, 1.91660358695e-008, 4.04483984084e-008, 5.08478734673e-008, 5.68570079906e-008, 3.88031686782e-008, 1.01951291853e-008, 9.71459468424e-010, 2.27454530904e-011, 4.16887401336e-012, 9.31218969123e-013, 8.44612021212e-016, 1.35917277623e-019]
        dvar2: [3.08904291035e-012, 2.35415473782e-008, 9.85202035508e-008, 1.01443802691e-007, 1.87455498235e-007, 3.35215766256e-008, 1.24327135254e-008, 4.39422223053e-008, 1.18348665978e-007, 7.21159665318e-008, 4.93297420689e-008, 5.94001541288e-008, 7.11447398771e-008, 3.24468629742e-008, 2.51740921442e-008, 5.02017947213e-008, 1.1114139653e-007, 1.3678572941e-007, 1.56990083156e-007, 1.04986895622e-007, 2.76752381012e-008, 2.65618593787e-009, 5.53332830944e-011, 9.26413286362e-012, 2.04887951223e-012, 2.11946426359e-015, 3.68389383595e-019]
        max: [8.958345461e-006, 0.00114013638813, 0.00291006406769, 0.0027003120631, 0.00340954726562, 0.00240960204974, 0.00134856719524, 0.00332690449432, 0.00427266070619, 0.00593685591593, 0.00307262106799, 0.00465171970427, 0.00287987082265, 0.00259587075561, 0.00271319062449, 0.00262609100901, 0.00461754249409, 0.00379024026915, 0.00332186743617, 0.00320252915844, 0.00205561891198, 0.000491488433909, 7.46502410038e-005, 4.24435966124e-005, 1.94058811758e-005, 5.02254465573e-007, 5.46622347386e-009]
        mean: [1.00590887087e-006, 8.73622120707e-005, 0.000232535225223, 0.000208771234611, 0.000204910567845, 9.7859527159e-005, 6.30280046607e-005, 9.29861198529e-005, 0.0001723166788, 0.000132535002194, 0.000110657456389, 0.0001221554121, 0.000152842170792, 0.000107115985884, 0.000127886960399, 0.0002239485475, 0.000392285117414, 0.000505152740516, 0.000570005096961, 0.000502961804159, 0.000282446359051, 7.1991016739e-005, 1.05422022898e-005, 2.90882530862e-006, 1.26322959204e-006, 3.35468683943e-008, 3.88226478742e-010]
        median: [1.04737878814e-007, 5.85520610912e-005, 0.000146115373354, 0.000140270596603, 0.000136800546898, 5.4255433497e-005, 3.60775629815e-005, 3.87119980587e-005, 5.93903459958e-005, 4.1002582293e-005, 3.98169504479e-005, 4.37799280917e-005, 5.05251773575e-005, 5.55491933483e-005, 8.6633466708e-005, 0.00017672892136, 0.00034000215237, 0.000443554366939, 0.000503946386743, 0.000419852614868, 0.000244024835411, 6.00513230893e-005, 8.89225339051e-006, 2.14777151086e-006, 8.14553061446e-007, 2.05676844445e-008, 1.52298854084e-010]
        min: [7.44422151759e-026, 2.83398063264e-024, 8.93285775904e-025, 3.4227475609e-024, 6.97412520328e-024, 1.19464117299e-023, 1.33699175443e-023, 1.27084095547e-023, 2.70018599714e-023, 2.6775516845e-023, 1.31246275567e-023, 1.49577872614e-023, 4.0957550914e-023, 4.78585692217e-023, 6.13706710556e-023, 7.84952635861e-023, 7.4748527696e-023, 1.07090947597e-022, 1.54100166059e-022, 2.04044994696e-022, 2.34845961455e-022, 2.94546096482e-022, 4.27443410592e-022, 6.85511644805e-022, 9.72276392074e-022, 1.36332824809e-021, 2.00393853602e-021]
        var: [3.2669526806e-012, 9.01673580245e-009, 7.06472391698e-008, 5.31426067596e-008, 6.70140636316e-008, 1.90700379932e-008, 7.12608594355e-009, 3.7694690036e-008, 9.64737196796e-008, 8.86248940901e-008, 4.68990002389e-008, 5.04600023987e-008, 6.55029097629e-008, 2.34249011299e-008, 2.2423805035e-008, 4.74696513209e-008, 1.20367033674e-007, 1.67825774611e-007, 1.96132432961e-007, 1.5044034285e-007, 4.46082353278e-008, 3.03228020471e-009, 6.85074011408e-011, 9.52726352671e-012, 2.11988608091e-012, 1.59182245327e-015, 3.27454696622e-019]
    frequency_bands:
        dmean: [7.67164863191e-007, 7.17717703083e-005, 0.000161271891557, 0.000160553463502, 0.000168960614246, 6.34547759546e-005, 4.15401555074e-005, 5.92414326093e-005, 0.000102676058304, 7.08793158992e-005, 6.53027746012e-005, 6.84004335199e-005, 8.3622369857e-005, 5.98924852966e-005, 6.4035950345e-005, 0.000102775768028, 0.000168178361491, 0.000197252200451, 0.000209015532164, 0.000172780230059, 8.79335057107e-005, 2.51998317253e-005, 3.99429518438e-006, 1.23879306102e-006, 5.68693849345e-007, 1.67121996242e-008, 2.45510417551e-010, 5.20832404982e-011]
        dmean2: [1.01265675312e-006, 0.000125612510601, 0.00028131439467, 0.000277697079582, 0.000291624106467, 0.000105462146166, 6.9473455369e-005, 9.69938919297e-005, 0.000167875710758, 0.000114515474706, 0.000104723236291, 0.000113765279821, 0.000137204697239, 9.86150698736e-005, 0.000104378530523, 0.000168679354829, 0.000279406958725, 0.000325744942529, 0.000344042724464, 0.000283475237666, 0.000143300901982, 4.23384517489e-005, 6.50149513604e-006, 1.95563779926e-006, 8.9001696324e-007, 2.78978777857e-008, 4.29939805979e-010, 9.68482724573e-011]
        dvar: [1.79270693342e-012, 8.22183476856e-009, 3.46845929755e-008, 3.65080801146e-008, 7.03482214703e-008, 1.27786474735e-008, 4.72242911442e-009, 1.83387722785e-008, 4.61417286601e-008, 2.79497971434e-008, 2.05023145128e-008, 2.22847820197e-008, 2.70169593364e-008, 1.24846630811e-008, 1.01312789269e-008, 1.91660358695e-008, 4.04483984084e-008, 5.08478734673e-008, 5.68570079906e-008, 3.88031686782e-008, 1.01951291853e-008, 9.71459468424e-010, 2.27454530904e-011, 4.16887401336e-012, 9.31218969123e-013, 8.44612021212e-016, 1.35917277623e-019, 6.18109985716e-021]
        dvar2: [3.08904291035e-012, 2.35415473782e-008, 9.85202035508e-008, 1.01443802691e-007, 1.87455498235e-007, 3.35215766256e-008, 1.24327135254e-008, 4.39422223053e-008, 1.18348665978e-007, 7.21159665318e-008, 4.93297420689e-008, 5.94001541288e-008, 7.11447398771e-008, 3.24468629742e-008, 2.51740921442e-008, 5.02017947213e-008, 1.1114139653e-007, 1.3678572941e-007, 1.56990083156e-007, 1.04986895622e-007, 2.76752381012e-008, 2.65618593787e-009, 5.53332830944e-011, 9.26413286362e-012, 2.04887951223e-012, 2.11946426359e-015, 3.68389383595e-019, 1.95605677428e-020]
        max: [8.958345461e-006, 0.00114013638813, 0.00291006406769, 0.0027003120631, 0.00340954726562, 0.00240960204974, 0.00134856719524, 0.00332690449432, 0.00427266070619, 0.00593685591593, 0.00307262106799, 0.00465171970427, 0.00287987082265, 0.00259587075561, 0.00271319062449, 0.00262609100901, 0.00461754249409, 0.00379024026915, 0.00332186743617, 0.00320252915844, 0.00205561891198, 0.000491488433909, 7.46502410038e-005, 4.24435966124e-005, 1.94058811758e-005, 5.02254465573e-007, 5.46622347386e-009, 1.06327924243e-009]
        mean: [1.00590887087e-006, 8.73622120707e-005, 0.000232535225223, 0.000208771234611, 0.000204910567845, 9.7859527159e-005, 6.30280046607e-005, 9.29861198529e-005, 0.0001723166788, 0.000132535002194, 0.000110657456389, 0.0001221554121, 0.000152842170792, 0.000107115985884, 0.000127886960399, 0.0002239485475, 0.000392285117414, 0.000505152740516, 0.000570005096961, 0.000502961804159, 0.000282446359051, 7.1991016739e-005, 1.05422022898e-005, 2.90882530862e-006, 1.26322959204e-006, 3.35468683943e-008, 3.88226478742e-010, 4.0789836786e-011]
        median: [1.04737878814e-007, 5.85520610912e-005, 0.000146115373354, 0.000140270596603, 0.000136800546898, 5.4255433497e-005, 3.60775629815e-005, 3.87119980587e-005, 5.93903459958e-005, 4.1002582293e-005, 3.98169504479e-005, 4.37799280917e-005, 5.05251773575e-005, 5.55491933483e-005, 8.6633466708e-005, 0.00017672892136, 0.00034000215237, 0.000443554366939, 0.000503946386743, 0.000419852614868, 0.000244024835411, 6.00513230893e-005, 8.89225339051e-006, 2.14777151086e-006, 8.14553061446e-007, 2.05676844445e-008, 1.52298854084e-010, 1.32652907756e-011]
        min: [7.44422151759e-026, 2.83398063264e-024, 8.93285775904e-025, 3.4227475609e-024, 6.97412520328e-024, 1.19464117299e-023, 1.33699175443e-023, 1.27084095547e-023, 2.70018599714e-023, 2.6775516845e-023, 1.31246275567e-023, 1.49577872614e-023, 4.0957550914e-023, 4.78585692217e-023, 6.13706710556e-023, 7.84952635861e-023, 7.4748527696e-023, 1.07090947597e-022, 1.54100166059e-022, 2.04044994696e-022, 2.34845961455e-022, 2.94546096482e-022, 4.27443410592e-022, 6.85511644805e-022, 9.72276392074e-022, 1.36332824809e-021, 2.00393853602e-021, 4.36238868897e-022]
        var: [3.2669526806e-012, 9.01673580245e-009, 7.06472391698e-008, 5.31426067596e-008, 6.70140636316e-008, 1.90700379932e-008, 7.12608594355e-009, 3.7694690036e-008, 9.64737196796e-008, 8.86248940901e-008, 4.68990002389e-008, 5.04600023987e-008, 6.55029097629e-008, 2.34249011299e-008, 2.2423805035e-008, 4.74696513209e-008, 1.20367033674e-007, 1.67825774611e-007, 1.96132432961e-007, 1.5044034285e-007, 4.46082353278e-008, 3.03228020471e-009, 6.85074011408e-011, 9.52726352671e-012, 2.11988608091e-012, 1.59182245327e-015, 3.27454696622e-019, 4.94414293566e-021]
    mfcc:
        mean: [-703.756164551, 88.0399398804, -56.7925987244, 63.2081718445, -13.1794528961, 3.59507918358, 4.27615499496, 1.4241117239, 3.43178343773, -4.80929803848, -0.900711715221, -3.27293515205, -4.086789608]
        cov: [[5193.53857422, -108.830230713, -520.238952637, 161.037246704, -350.628570557, 137.205459595, 43.7106933594, 56.6290969849, -16.1755542755, -81.7675247192, -54.5221977234, -85.7226409912, -149.297653198], [-108.830230713, 325.384155273, -36.7423248291, -1.27123081684, 0.460185915232, -9.94000720978, 9.37019062042, -9.63776683807, 15.0200548172, -5.46545982361, 10.3286867142, -3.5060544014, -8.10166168213], [-520.238952637, -36.7423248291, 350.990356445, 38.4801673889, 157.897094727, 19.3930130005, 21.8366565704, 24.6976776123, -11.0603237152, 19.5794048309, -20.966753006, -13.1057109833, 1.54327785969], [161.037246704, -1.27123081684, 38.4801673889, 225.681182861, 72.3750152588, 34.0079727173, -17.8050689697, 0.59958088398, 14.921245575, 1.8474906683, -2.71488285065, -9.71534061432, -0.493327587843], [-350.628570557, 0.460185915232, 157.897094727, 72.3750152588, 175.33241272, 29.7837123871, 12.3476648331, 5.19654750824, 10.6638021469, 19.1053695679, -5.92285966873, -5.78048181534, -2.29761338234], [137.205459595, -9.94000720978, 19.3930130005, 34.0079727173, 29.7837123871, 118.618034363, 66.0626525879, 36.9380683899, -7.19354867935, 10.6113586426, 5.19493675232, -6.50211000443, -5.33187913895], [43.7106933594, 9.37019062042, 21.8366565704, -17.8050689697, 12.3476648331, 66.0626525879, 94.6915588379, 50.7120742798, -2.99789571762, -3.67759275436, -0.701325595379, 0.857525706291, -2.20581245422], [56.6290969849, -9.63776683807, 24.6976776123, 0.59958088398, 5.19654750824, 36.9380683899, 50.7120742798, 72.7257156372, 18.9147777557, 5.67178535461, -5.45112848282, -3.87440657616, -3.63019561768], [-16.1755542755, 15.0200548172, -11.0603237152, 14.921245575, 10.6638021469, -7.19354867935, -2.99789571762, 18.9147777557, 60.1014480591, 31.4142665863, 8.90687656403, -4.7989358902, -2.67347049713], [-81.7675247192, -5.46545982361, 19.5794048309, 1.8474906683, 19.1053695679, 10.6113586426, -3.67759275436, 5.67178535461, 31.4142665863, 62.9206123352, 26.9495544434, -0.232731387019, -0.518738865852], [-54.5221977234, 10.3286867142, -20.966753006, -2.71488285065, -5.92285966873, 5.19493675232, -0.701325595379, -5.45112848282, 8.90687656403, 26.9495544434, 46.991443634, 20.964466095, 9.08612442017], [-85.7226409912, -3.5060544014, -13.1057109833, -9.71534061432, -5.78048181534, -6.50211000443, 0.857525706291, -3.87440657616, -4.7989358902, -0.232731387019, 20.964466095, 45.1785087585, 25.0136547089], [-149.297653198, -8.10166168213, 1.54327785969, -0.493327587843, -2.29761338234, -5.33187913895, -2.20581245422, -3.63019561768, -2.67347049713, -0.518738865852, 9.08612442017, 25.0136547089, 46.271987915]]
        icov: [[0.000327076297253, 0.000141001481097, 0.000297192163998, -0.000443408091087, 0.000653030874673, -0.000362617836799, -7.32095868443e-005, -8.43437155709e-005, 3.5719564039e-005, 5.67973256693e-005, 0.000367743195966, -8.45231697895e-005, 0.00102208298631], [0.000141001481097, 0.00344754359685, 0.000436066242401, -0.000218044122448, -0.000131025226437, 0.000565202673897, -0.00161922676489, 0.00131649966352, -0.00155254290439, 0.00150988227688, -0.00149364653043, 0.000875019526575, 0.00087392074056], [0.000297192163998, 0.000436066242401, 0.00630297139287, -0.000214739018702, -0.00496432557702, 0.00186523119919, -0.000565137714148, -0.00327140721492, 0.00487231090665, -0.00353872403502, 0.00240735802799, 0.00138781114947, -0.000473527179565], [-0.000443408091087, -0.000218044122448, -0.000214739018702, 0.00701142381877, -0.00357695994899, -0.00345152756199, 0.00488485023379, -0.000832573277876, -0.00260058580898, 0.00336557370611, -0.00183599523734, 0.00131027668249, -0.00225502252579], [0.000653030874673, -0.000131025226437, -0.00496432557702, -0.00357695994899, 0.0138683402911, -0.00303566060029, -0.00194791180547, 0.00449618743733, -0.00422277115285, -0.000826884817798, 0.0028548638802, -0.00300155417062, 0.0036189625971], [-0.000362617836799, 0.000565202673897, 0.00186523119919, -0.00345152756199, -0.00303566060029, 0.0198848582804, -0.0131713533774, -0.00255951401778, 0.00834684353322, -0.00713421404362, -0.00210244720802, 0.00421612989157, -0.00132217945065], [-7.32095868443e-005, -0.00161922676489, -0.000565137714148, 0.00488485023379, -0.00194791180547, -0.0131713533774, 0.0293817650527, -0.0146899139509, 0.000832257443108, 0.00638630753383, -0.00270620780066, -0.00188216916285, -0.000146523787407], [-8.43437155709e-005, 0.00131649966352, -0.00327140721492, -0.000832573277876, 0.00449618743733, -0.00255951401778, -0.0146899139509, 0.0300678219646, -0.013544773683, 0.00114490115084, 0.00505061587319, -0.00261730491184, 0.00129892886616], [3.5719564039e-005, -0.00155254290439, 0.00487231090665, -0.00260058580898, -0.00422277115285, 0.00834684353322, 0.000832257443108, -0.013544773683, 0.0341191366315, -0.0183151792735, 0.00210110051557, 0.00347161106765, -0.00114092230797], [5.67973256693e-005, 0.00150988227688, -0.00353872403502, 0.00336557370611, -0.000826884817798, -0.00713421404362, 0.00638630753383, 0.00114490115084, -0.0183151792735, 0.0373815000057, -0.0219159927219, 0.00725158536807, -0.000123025776702], [0.000367743195966, -0.00149364653043, 0.00240735802799, -0.00183599523734, 0.0028548638802, -0.00210244720802, -0.00270620780066, 0.00505061587319, 0.00210110051557, -0.0219159927219, 0.0451645366848, -0.0213860440999, 0.0035597558599], [-8.45231697895e-005, 0.000875019526575, 0.00138781114947, 0.00131027668249, -0.00300155417062, 0.00421612989157, -0.00188216916285, -0.00261730491184, 0.00347161106765, 0.00725158536807, -0.0213860440999, 0.0437706373632, -0.0192902758718], [0.00102208298631, 0.00087392074056, -0.000473527179565, -0.00225502252579, 0.0036189625971, -0.00132217945065, -0.000146523787407, 0.00129892886616, -0.00114092230797, -0.000123025776702, 0.0035597558599, -0.0192902758718, 0.0348377600312]]
    sccoeffs:
        dmean: [0.0539912693202, 0.0433285683393, 0.0361094921827, 0.0288343504071, 0.018069036305, 0.0175878126174]
        dmean2: [0.089284107089, 0.0735880434513, 0.0605867728591, 0.0486356876791, 0.0305199529976, 0.0277515985072]
        dvar: [0.0018360579852, 0.00113562005572, 0.000779893132858, 0.000512294296641, 0.000201492162887, 0.00024010805646]
        dvar2: [0.0049513084814, 0.00322480872273, 0.00219277641736, 0.00139128847513, 0.000567875918932, 0.000541757268365]
        max: [-0.393577843904, -0.496104001999, -0.585150659084, -0.532261967659, -0.597316563129, -0.565312922001]
        mean: [-0.681587100029, -0.78826290369, -0.798040628433, -0.79605704546, -0.804290831089, -0.709433913231]
        median: [-0.685772776604, -0.793264627457, -0.803719043732, -0.799071073532, -0.80632686615, -0.712207973003]
        min: [-0.976146399975, -0.977272689342, -0.971453249454, -0.977352082729, -0.968183398247, -0.963284373283]
        var: [0.00551974726841, 0.0028936676681, 0.00259460136294, 0.0015936245909, 0.000640477635898, 0.00141304323915]
    scvalleys:
        dmean: [0.409057468176, 0.334266394377, 0.291138738394, 0.238404154778, 0.173496454954, 0.208219558001]
        dmean2: [0.673373699188, 0.553176879883, 0.475401252508, 0.38467258215, 0.261158525944, 0.312180250883]
        dvar: [0.113250374794, 0.0849757045507, 0.0705207958817, 0.0575289204717, 0.0421232655644, 0.0737792477012]
        dvar2: [0.290082752705, 0.198330581188, 0.149276524782, 0.110087513924, 0.0653275251389, 0.145290121436]
        max: [-5.22787761688, -5.33797693253, -5.10466623306, -5.69130802155, -5.53373384476, -8.16342258453]
        mean: [-6.92650127411, -6.87668085098, -7.05483388901, -7.09957408905, -6.68999624252, -9.81390190125]
        median: [-6.64657783508, -6.69384908676, -6.89877414703, -6.85794210434, -6.3453168869, -9.51688575745]
        min: [-27.8282222748, -27.8455638885, -27.6232700348, -27.6143817902, -27.3841686249, -27.3490390778]
        var: [2.02420592308, 1.65045464039, 1.7665489912, 1.79004335403, 1.95177364349, 2.14363455772]

rhythm:
    beats_loudness:
        dmean: 0.00133524951525
        dmean2: 0.00234692869708
        dvar: 1.51403548898e-006
        dvar2: 4.13292173107e-006
        max: 0.0141206579283
        mean: 0.00525347655639
        median: 0.004988017492
        min: 6.67341399155e-012
        var: 8.03642160463e-006
    bpm: 110.071105957
    bpm_confidence: 0
    first_peak_bpm: 110
    first_peak_spread: 0.228395074606
    first_peak_weight: 0.452079564333
    onset_rate: 2.15739679337
    second_peak_bpm: 144
    second_peak_spread: 0.586419761181
    second_peak_weight: 0.121157325804
    beats_loudness_band_ratio:
        dmean: [0.0768377631903, 0.0427536144853, 0.0482617765665, 0.0513569265604, 0.0837258026004, 0.0801400691271]
        dmean2: [0.136452630162, 0.0759899616241, 0.0815852880478, 0.0868244767189, 0.141177415848, 0.137370333076]
        dvar: [0.0110182212666, 0.00146037712693, 0.00248308363371, 0.0030477643013, 0.00491506839171, 0.00504864286631]
        dvar2: [0.0325132869184, 0.00422029476613, 0.00697675114498, 0.00795815233141, 0.0145439580083, 0.0147754540667]
        max: [0.993170082569, 0.252840876579, 0.501031696796, 0.440029144287, 0.550316691399, 0.674205541611]
        mean: [0.119607932866, 0.0656157061458, 0.0834765210748, 0.0943269059062, 0.326617747545, 0.334686100483]
        median: [0.0920062214136, 0.0558547340333, 0.063375890255, 0.067052103579, 0.326004326344, 0.331662893295]
        min: [0, 0, 0, 0, 0, 0]
        var: [0.0103593794629, 0.001787418616, 0.0043731443584, 0.00535312760621, 0.0068363645114, 0.00793830119073]
    beats_position: [0.708208620548, 1.369977355, 2.02013611794, 2.68190479279, 3.34367346764, 4.00544214249, 4.65560102463, 5.30575942993, 5.95591831207, 6.59446716309, 7.24462556839, 7.87156438828, 8.498503685, 9.12544155121, 9.75238037109, 10.379319191, 10.9133787155, 11.4474372864, 11.9814968109, 12.5155553818, 13.0496139526, 13.5836734772, 14.117732048, 14.6517915726, 15.1742401123, 15.696688652, 16.2191371918, 16.6487064362, 17.0782756805, 17.4962348938, 17.9258041382, 18.3437633514, 18.7617225647, 19.3190021515, 19.8646717072, 20.3987293243, 20.9327888489, 21.4784584045, 22.0241260529, 22.5697956085, 23.1154651642, 23.6611328125, 24.2068023682, 24.7524719238, 25.286529541, 25.8321990967, 26.3778686523, 26.9235363007, 27.4692058563, 28.014875412, 28.5605430603, 29.106212616, 29.6518821716, 30.1859397888, 30.7316093445, 31.2772789001, 31.8345565796, 32.3802261353, 32.9258956909, 33.4599533081, 34.0056228638, 34.5512924194, 35.0969619751, 35.6426315308, 36.1882972717, 36.7339668274, 37.2796363831, 37.8253059387, 38.3709754944, 38.91664505, 39.462310791, 40.0079803467, 40.5420417786, 41.0877075195, 41.6333770752, 42.1790466309, 42.7247161865, 43.2703857422, 43.8160552979, 44.3617210388, 44.9073905945, 45.4530601501, 45.9987297058, 46.5443992615, 47.0900688171, 47.6357345581, 48.1814041138, 48.7270736694, 49.2727432251, 49.8184127808, 50.3640823364, 50.9097480774, 51.4554176331, 52.0010871887, 52.5467567444, 53.0924263, 53.6380958557, 54.1837615967, 54.7294311523, 55.275100708, 55.8207702637, 56.3664398193, 56.912109375, 57.457775116, 58.0034446716, 58.5491142273, 59.094783783, 59.6404533386, 60.1861228943, 60.7201805115, 61.2658500671, 61.8115196228, 62.3571853638, 62.9144668579, 63.4601364136, 64.0174102783, 64.5746917725, 65.1203613281, 65.6544189453, 66.200088501, 66.7457580566, 67.2914276123, 67.8254852295, 68.3595428467, 68.9052124023, 69.450881958, 70.0081634521, 70.5538330078, 71.0995025635, 71.6451721191, 72.1908340454, 72.7365036011, 73.2937850952, 73.8394546509, 74.3851242065, 74.9307937622, 75.4648513794, 76.0105209351, 76.5561904907, 77.0902481079, 77.6359176636, 78.1815872192, 78.7272567749, 79.2729263306, 79.8302001953, 80.375869751, 80.9215393066, 81.4672088623, 82.012878418, 82.5585479736, 83.1042175293, 83.649887085, 84.1955566406, 84.7412261963, 85.2868881226, 85.8325576782, 86.3782272339, 86.9238967896, 87.4695663452, 88.0152359009, 88.5609054565, 89.0949630737, 89.6406326294, 90.1863021851, 90.7203598022, 91.2660293579, 91.8116989136, 92.3573684692, 92.9030380249, 93.4487075806, 93.9943771362, 94.5400466919, 95.0857162476, 95.6313781738, 96.188659668, 96.7343292236, 97.2799987793, 97.825668335, 98.3713378906, 98.9170074463, 99.462677002, 100.008346558, 100.542404175, 101.08807373, 101.633743286, 102.179405212, 102.725074768, 103.270744324, 103.816413879, 104.373695374, 104.930976868, 105.499862671, 106.057144165, 106.626029968, 107.090431213, 107.554824829, 108.019226074, 108.472015381, 108.924804688, 109.389205933, 109.853607178, 110.283172607, 110.712738037, 111.142311096, 111.560272217, 111.989837646, 112.407798767, 112.814147949, 113.220497131, 113.638458252, 114.044807434, 114.451156616, 114.857505798, 115.26385498, 115.658592224, 116.041717529, 116.436462402, 116.842811584, 117.249160767, 117.678726196, 118.108299255, 118.537864685, 118.955825806, 119.385391235, 119.826576233, 120.256141663, 120.697319031, 121.115280151, 121.533241272, 121.951202393, 122.369155884, 122.798728943, 123.228294373, 123.657867432, 124.087432861, 124.528617859, 125.085891724, 125.631561279, 126.177230835, 126.722900391, 127.268569946, 127.814239502, 128.359909058, 128.905578613, 129.451248169, 129.996917725, 130.54258728, 131.088256836, 131.633926392, 132.179595947, 132.725265503, 133.2709198, 133.816589355, 134.362258911, 134.907928467, 135.453598022, 135.999267578, 136.544937134, 137.090606689, 137.636276245, 138.181945801, 138.727615356, 139.261672974, 139.807342529, 140.364624023, 140.910293579, 141.455963135, 142.013244629, 142.558914185, 143.10458374, 143.650253296, 144.195922852, 144.741577148, 145.287246704, 145.82131958, 146.366973877, 146.912643433, 147.458312988, 148.003982544, 148.5496521, 149.095321655, 149.640991211, 150.186660767, 150.732330322, 151.277999878, 151.823669434, 152.369338989, 152.915008545, 153.472290039, 154.017959595, 154.56362915, 155.109298706, 155.654968262, 156.200637817, 156.746307373, 157.291976929, 157.826034546, 158.371704102, 158.917373657, 159.463043213, 160.00869751, 160.554367065, 161.100036621, 161.645706177, 162.191375732, 162.737045288, 163.282714844, 163.828384399, 164.374053955, 164.908111572, 165.453781128, 165.999450684, 166.545120239, 167.090789795, 167.636459351, 168.182128906, 168.7394104, 169.273468018, 169.830749512, 170.376419067, 170.922088623, 171.467758179, 172.013427734, 172.55909729, 173.104751587, 173.650421143, 174.196090698, 174.753372192, 175.28742981, 175.821487427, 176.355545044, 176.912826538, 177.458496094, 178.015777588, 178.561447144, 179.107116699, 179.652786255, 180.186843872, 180.732513428, 181.278182983, 181.812240601, 182.346298218, 182.903579712, 183.460861206, 184.006530762, 184.552200317, 185.109481812, 185.666748047, 186.200805664, 186.758087158, 187.292144775, 187.837814331, 188.383483887, 188.940765381, 189.46321106, 189.997268677, 190.542938232, 191.088607788, 191.634277344, 192.179946899, 192.725616455, 193.271286011, 193.816955566, 194.351013184, 194.896682739, 195.442352295, 195.988021851, 196.533691406, 197.0909729, 197.625030518, 198.170700073, 198.716369629, 199.273651123, 199.819320679, 200.364990234, 200.91065979, 201.456329346, 202.013595581, 202.547653198, 203.081726074, 203.63899231, 204.184661865, 204.730331421, 205.276000977, 205.821670532, 206.367340088, 206.913009644, 207.447067261, 207.992736816, 208.538406372, 209.095687866, 209.641357422, 210.187026978, 210.732696533, 211.162261963, 211.603439331, 212.033004761, 212.462585449, 212.892150879, 213.31010437, 213.716461182, 214.134414673, 214.552383423, 214.981948853, 215.411514282, 215.85269165, 216.293869019, 216.735046387, 217.176239014, 217.617416382, 218.05859375, 218.48815918, 218.917724609, 219.335693359, 219.753646851, 220.171600342, 220.589569092, 221.007522583, 221.425476074, 221.843444824, 222.273010254, 222.702575684, 223.120544434, 223.550109863, 223.979675293, 224.409240723, 224.838821411, 225.279998779, 225.721176147, 226.150741577, 226.580307007, 227.009887695, 227.439453125, 227.880630493, 228.298583984, 228.716552734, 229.134506226, 229.540863037, 229.94720459, 230.353561401, 230.759902954, 231.177871704, 231.584213257, 231.97895813, 232.373687744, 232.780044556, 233.197998047, 233.615966797, 234.033920288, 234.451873779, 234.881454468, 235.311019897, 235.740585327, 236.170150757, 236.611328125, 237.029296875, 237.447250366, 237.865203857, 238.271560669, 238.68951416, 239.095870972, 239.513824463, 239.931793213, 240.349746704, 240.767700195, 241.185668945, 241.615234375, 242.044799805, 242.485977173, 242.927154541, 243.368347168, 243.809524536, 244.250701904, 244.668655396, 245.086624146, 245.504577637, 245.910919189, 246.317276001, 246.723617554, 247.129974365, 247.547927856, 247.965896606, 248.395462036, 248.825027466, 249.254592896, 249.707382202, 250.160171509, 250.612960815, 251.065750122, 251.495330811, 251.92489624, 252.35446167, 252.795639038, 253.236816406, 253.654785156, 254.072738647, 254.490692139, 254.908660889, 255.315002441, 255.721359253, 256.127716064, 256.545654297, 256.952026367, 257.35836792, 257.764709473, 258.171051025, 258.565795898, 258.972137451, 259.390106201, 259.808074951, 260.226013184, 260.655609131, 261.085174561, 261.51473999, 261.9559021, 262.37387085, 262.803436279, 263.221405029, 263.639373779, 264.045715332, 264.452056885, 264.858398438, 265.264770508, 265.68270874, 266.10067749, 266.51864624, 266.936584473, 267.354553223, 267.79574585, 268.236907959, 268.678100586, 269.119262695, 269.560455322, 270.001617432, 270.454406738, 270.872375488, 271.290344238, 271.696685791, 272.103027344, 272.509368896, 272.915740967, 273.32208252, 273.728424072, 274.134765625, 274.541137695, 274.959075928, 275.365447998, 275.78338623, 276.20135498, 276.61932373, 277.04888916, 277.47845459, 277.90802002, 278.32598877]
