
metadata:
    version:
        essentia: "2.1-beta2"
    audio_properties:
        analysis_sample_rate: 44100
        bitrate: 320
        channels: 2
        equal_loudness: 1
        length: 238.863677979
        replay_gain: -14.6389045715
        downmix: "mix"
    tags:
        album: "Dancing With the Dead"
        artist: "Pain"
        comment: ""
        date: "2005"
        genre: "Industrial Metal"
        title: "Same Old Song"
        tracknumber: "2"

configuration:
    average_loudness:
        compute: 1
        frameSize: 88200
        hopSize: 44100
        silentFrames: "noise"
        windowType: "hann"
    general:
        analysisSampleRate: 44100
        endTime: 2000
        equalLoudness: 1
        nequalLoudness: 0
        shortSound: 0
        startTime: 0
    lowlevel:
        compute: 1
        frameSize: 2048
        hopSize: 1024
        zeroPadding: 0
        silentFrames: "noise"
        windowType: "blackmanharris62"
        mfccStats: ["mean", "cov", "icov"]
        stats: ["mean", "var", "median", "min", "max", "dmean", "dmean2", "dvar", "dvar2"]
    panning:
        compute: 0
        frameSize: 8192
        hopSize: 2048
        zeroPadding: 8192
        silentFrames: "noise"
        windowType: "hann"
        stats: ["copy"]
    rhythm:
        compute: 1
        maxTempo: 208
        minTempo: 40
        method: "degara"
        stats: ["mean", "var", "median", "min", "max", "dmean", "dmean2", "dvar", "dvar2"]
    segmentation:
        compute: 0
        cpw: 5
        inc1: 300
        inc2: 50
        minimumSegmentsLength: 10
        size1: 1000
        size2: 600
    sfx:
        compute: 1
        stats: ["mean", "var", "median", "min", "max", "dmean", "dmean2", "dvar", "dvar2"]
    svm:
        compute: 0
    tonal:
        compute: 1
        frameSize: 4096
        hopSize: 2048
        zeroPadding: 0
        silentFrames: "noise"
        windowType: "blackmanharris62"
        stats: ["mean", "var", "median", "min", "max", "dmean", "dmean2", "dvar", "dvar2"]

lowlevel:
    average_loudness: 0.847050666809
    barkbands_kurtosis:
        dmean: 0.580425024033
        dmean2: 0.938967525959
        dvar: 0.614839375019
        dvar2: 1.59122598171
        max: 15.6783895493
        mean: -0.649982750416
        median: -0.95481979847
        min: -1.83750164509
        var: 1.19337785244
    barkbands_skewness:
        dmean: 0.330453455448
        dmean2: 0.504056751728
        dvar: 0.0851026549935
        dvar2: 0.196957021952
        max: 3.63333964348
        mean: -0.147790387273
        median: -0.234932601452
        min: -2.51858258247
        var: 0.454539716244
    barkbands_spread:
        dmean: 5.07402610779
        dmean2: 7.96294784546
        dvar: 18.8508605957
        dvar2: 45.4914588928
        max: 67.6016159058
        mean: 30.1622314453
        median: 30.2218360901
        min: 2.42738056183
        var: 82.7558670044
    dissonance:
        dmean: 0.0135212745517
        dmean2: 0.0230624228716
        dvar: 0.000234033243032
        dvar2: 0.000661001948174
        max: 0.5
        mean: 0.477166593075
        median: 0.483048200607
        min: 0.297112345695
        var: 0.000457111134892
    hfc:
        dmean: 1.71771502495
        dmean2: 2.53153777122
        dvar: 4.19337558746
        dvar2: 8.81861972809
        max: 39.6188812256
        mean: 8.86088752747
        median: 9.02215194702
        min: 1.14953382371e-016
        var: 34.4078636169
    pitch:
        dmean: 775.198425293
        dmean2: 1485.66357422
        dvar: 1458282.5
        dvar2: 3687137.5
        max: 4831.73339844
        mean: 955.39239502
        median: 293.344604492
        min: 58.2024459839
        var: 1610629.5
    pitch_instantaneous_confidence:
        dmean: 0.0759189277887
        dmean2: 0.125108316541
        dvar: 0.00404679588974
        dvar2: 0.0101646073163
        max: 0.899344325066
        mean: 0.33891287446
        median: 0.304587244987
        min: 0.116084098816
        var: 0.0171781033278
    pitch_salience:
        dmean: 0.0531238727272
        dmean2: 0.0860622674227
        dvar: 0.0020961209666
        dvar2: 0.00556625518948
        max: 0.857869565487
        mean: 0.653307974339
        median: 0.665161430836
        min: 0.161609068513
        var: 0.00637370441109
    silence_rate_20dB:
        dmean: 0
        dmean2: 0
        dvar: 0
        dvar2: 0
        max: 1
        mean: 1
        median: 1
        min: 1
        var: 0
    silence_rate_30dB:
        dmean: 0
        dmean2: 0
        dvar: 0
        dvar2: 0
        max: 1
        mean: 1
        median: 1
        min: 1
        var: 0
    silence_rate_60dB:
        dmean: 0.0454943142831
        dmean2: 0.0909974724054
        dvar: 0.0434280820191
        dvar2: 0.0973074957728
        max: 1
        mean: 0.284797817469
        median: 0
        min: 0
        var: 0.203658863902
    spectral_centroid:
        dmean: 224.699203491
        dmean2: 337.046875
        dvar: 55742.1445313
        dvar2: 107042.867188
        max: 11246.1269531
        mean: 1772.09521484
        median: 1825.75268555
        min: 262.539031982
        var: 275082.9375
    spectral_complexity:
        dmean: 3.38368821144
        dmean2: 5.25199317932
        dvar: 10.9381828308
        dvar2: 23.3461952209
        max: 49
        mean: 18.7644824982
        median: 21
        min: 0
        var: 119.442260742
    spectral_crest:
        dmean: 1.90629482269
        dmean2: 3.17854571342
        dvar: 3.82713198662
        dvar2: 10.3532981873
        max: 24.9194164276
        mean: 6.24071788788
        median: 5.24157905579
        min: 2.3641462326
        var: 9.19538116455
    spectral_decrease:
        dmean: 2.08481190644e-010
        dmean2: 3.24901300308e-010
        dvar: 6.94428270125e-020
        dvar2: 1.67162874964e-019
        max: 1.24496709763e-028
        mean: -1.03159569775e-009
        median: -1.03706410126e-009
        min: -3.55857410206e-009
        var: 3.82877012584e-019
    spectral_energy:
        dmean: 0.00091049115872
        dmean2: 0.00140765670221
        dvar: 1.28453712023e-006
        dvar2: 3.02101875604e-006
        max: 0.0166886262596
        mean: 0.00469720456749
        median: 0.00477198883891
        min: 1.03568659169e-020
        var: 7.97748634795e-006
    spectral_energyband_high:
        dmean: 0.00010437562014
        dmean2: 0.000159517891007
        dvar: 1.70758518436e-008
        dvar2: 4.02402235977e-008
        max: 0.00217151967809
        mean: 0.000358862307621
        median: 0.000328802561853
        min: 7.32779109822e-021
        var: 7.8092121214e-008
    spectral_energyband_low:
        dmean: 0.000174676446477
        dmean2: 0.000275807426078
        dvar: 5.13486746456e-008
        dvar2: 1.27122802951e-007
        max: 0.00310249114409
        mean: 0.000334518379532
        median: 0.000238905573497
        min: 3.70581672833e-023
        var: 1.15391728173e-007
    spectral_energyband_middle_high:
        dmean: 0.000619191734586
        dmean2: 0.000942532205954
        dvar: 5.52288156541e-007
        dvar2: 1.24800396861e-006
        max: 0.0141563946381
        mean: 0.00287971552461
        median: 0.00279861455783
        min: 1.40805567692e-021
        var: 4.23513711212e-006
    spectral_energyband_middle_low:
        dmean: 0.000494586885907
        dmean2: 0.000786414253525
        dvar: 5.57856878913e-007
        dvar2: 1.42862029406e-006
        max: 0.00992756523192
        mean: 0.00123102311045
        median: 0.0010096746264
        min: 2.09607991313e-022
        var: 1.053542519e-006
    spectral_flatness_db:
        dmean: 0.0132465781644
        dmean2: 0.0209658499807
        dvar: 0.000157899412443
        dvar2: 0.000391156354453
        max: 0.334909439087
        mean: 0.1405095011
        median: 0.134921506047
        min: 0.0706563740969
        var: 0.000931332760956
    spectral_flux:
        dmean: 0.00545316981152
        dmean2: 0.00844813045114
        dvar: 3.45215048583e-005
        dvar2: 7.46959340177e-005
        max: 0.0957575365901
        mean: 0.0383579917252
        median: 0.0402307510376
        min: 6.65793600807e-011
        var: 0.000248390162596
    spectral_kurtosis:
        dmean: 1.06501376629
        dmean2: 1.81535625458
        dvar: 2.72790598869
        dvar2: 8.47663116455
        max: 64.2912902832
        mean: 3.90830421448
        median: 3.44605016708
        min: -1.25359034538
        var: 7.66049623489
    spectral_rms:
        dmean: 0.000201181566808
        dmean2: 0.000307623209665
        dvar: 4.44930670085e-008
        dvar2: 9.8705640994e-008
        max: 0.00403504492715
        mean: 0.00199909624644
        median: 0.00215768371709
        min: 3.17871987413e-012
        var: 5.86218050103e-007
    spectral_rolloff:
        dmean: 300.114044189
        dmean2: 480.853637695
        dvar: 182222.65625
        dvar2: 363764.375
        max: 19315.2832031
        mean: 3248.16162109
        median: 3445.3125
        min: 193.798828125
        var: 689630.9375
    spectral_skewness:
        dmean: 0.148754358292
        dmean2: 0.241687491536
        dvar: 0.0244619175792
        dvar2: 0.0643387511373
        max: 6.12400245667
        mean: 1.35542654991
        median: 1.30651760101
        min: -0.0337040573359
        var: 0.124762445688
    spectral_spread:
        dmean: 372511.09375
        dmean2: 530956.5
        dvar: 402117328896
        dvar2: 632147410944
        max: 42091000
        mean: 4210561.5
        median: 4061564.75
        min: 888149.875
        var: 1.85297443226e+012
    spectral_strongpeak:
        dmean: 0.465371370316
        dmean2: 0.792224764824
        dvar: 0.42251342535
        dvar2: 1.10519945621
        max: 9.2415933609
        mean: 0.672223687172
        median: 0.321808576584
        min: 1.71671710181e-009
        var: 0.693440854549
    zerocrossingrate:
        dmean: 0.00721936672926
        dmean2: 0.008570603095
        dvar: 6.13930242253e-005
        dvar2: 6.80282173562e-005
        max: 0.50537109375
        mean: 0.099363386631
        median: 0.1025390625
        min: 0.0234375
        var: 0.000542629510164
    barkbands:
        dmean: [2.28711868999e-007, 4.35730617028e-005, 0.000118917763757, 0.000130912914756, 0.000257985375356, 7.50249091652e-005, 6.96389688528e-005, 7.92661085143e-005, 0.000143961326103, 0.000159383023856, 8.95844277693e-005, 0.000128263549414, 6.85798149789e-005, 8.83938773768e-005, 0.000135325404699, 0.000141669530421, 0.000140010422911, 0.000145059835631, 0.000217048727791, 0.000129690190079, 5.33579004696e-005, 1.68797359947e-005, 3.7324598452e-006, 1.84544353488e-006, 9.07796618321e-007, 3.29131353283e-008, 2.62207588975e-010]
        dmean2: [3.02994351387e-007, 7.19094532542e-005, 0.000186193559784, 0.000211349746678, 0.000424126774305, 0.000122140554595, 0.000113691632578, 0.000128094325191, 0.000222755901632, 0.000253196049016, 0.000148022299982, 0.000211096936255, 0.000114707836474, 0.000147989703692, 0.000219912195462, 0.000232453458011, 0.000229462515563, 0.000239396729739, 0.000349383510184, 0.00020929913444, 8.5441119154e-005, 2.74741232715e-005, 5.74697469347e-006, 2.55982831732e-006, 1.3141020645e-006, 5.01724635171e-008, 4.56242543745e-010]
        dvar: [4.64931424523e-013, 6.312518952e-009, 2.50096032772e-008, 3.06321012999e-008, 3.07179334413e-007, 1.41893199412e-008, 1.65949689546e-008, 2.66226738432e-008, 6.57094574308e-008, 1.48580994619e-007, 2.93924014017e-008, 4.7063469566e-008, 1.55467212437e-008, 2.32222312491e-008, 9.66147837289e-008, 5.61210171668e-008, 4.53642599041e-008, 3.33302949684e-008, 9.60764126035e-008, 2.65057416016e-008, 3.94337451581e-009, 7.9445189316e-010, 4.93301788307e-011, 2.18902812543e-011, 4.28549426848e-012, 3.54926921932e-015, 1.20705193513e-019]
        dvar2: [7.32268141523e-013, 1.67184293076e-008, 5.8427712446e-008, 7.53967270839e-008, 8.09137759461e-007, 3.60627048224e-008, 4.1778754678e-008, 6.24320577458e-008, 1.41059075531e-007, 3.69549866264e-007, 7.82925511089e-008, 1.16298508601e-007, 4.25529265158e-008, 6.0786760514e-008, 2.43801991928e-007, 1.3819315825e-007, 1.1308868153e-007, 8.8707707846e-008, 2.39932973045e-007, 6.74141702461e-008, 1.00097592437e-008, 2.06601358244e-009, 1.0863839689e-010, 3.88139693996e-011, 9.12973949913e-012, 8.5434775438e-015, 3.46942141275e-019]
        max: [8.74592751643e-006, 0.00125425599981, 0.00255450885743, 0.00274666049518, 0.00696913711727, 0.0024476707913, 0.00223526405171, 0.00327076180838, 0.00611922331154, 0.00726680317894, 0.00465911952779, 0.00489470455796, 0.00291228573769, 0.00281013641506, 0.00698863714933, 0.00618049129844, 0.00682842126116, 0.00538915302604, 0.00712639698759, 0.00244891061448, 0.00108444539364, 0.000858488609083, 0.000146986174514, 0.000112472596811, 5.10254612891e-005, 7.86982411682e-007, 3.23318216644e-009]
        mean: [3.36572242077e-007, 6.28205525572e-005, 0.000201016620849, 0.000200487702386, 0.000372402835637, 0.000120417906146, 0.00010552083404, 0.000121213844977, 0.000254120968748, 0.000267309660558, 0.000143153840327, 0.000226131305681, 0.000123149919091, 0.000150148625835, 0.000255889957771, 0.000299750478007, 0.00031174524338, 0.000368261273252, 0.000555666571017, 0.00033206527587, 0.0001648398611, 4.56108573417e-005, 9.19825561141e-006, 4.03441754315e-006, 1.84706652817e-006, 5.50124106269e-008, 3.27450899729e-010]
        median: [4.02989144277e-008, 3.38674108207e-005, 0.000118845462566, 0.000117812443932, 0.000216509215534, 7.30282845325e-005, 5.08342600369e-005, 5.44606955373e-005, 0.000118341347843, 7.23838456906e-005, 6.50525762467e-005, 0.000110539913294, 6.28348934697e-005, 9.57301526796e-005, 0.000155655987328, 0.000227058277233, 0.000264448201051, 0.00033095976687, 0.000488975550979, 0.000285997113679, 0.000153055007104, 3.69652771042e-005, 4.69806946057e-006, 1.29805607685e-006, 7.3856756444e-007, 2.21346247997e-008, 1.72859004888e-010]
        min: [5.0445169977e-024, 1.62215645197e-023, 3.10842396106e-024, 1.75171494385e-024, 2.5342237044e-023, 1.84330508705e-023, 1.54706383577e-023, 1.20842872612e-023, 4.80615841534e-023, 5.29167705896e-023, 3.98605104521e-023, 5.09707643324e-023, 4.69642092145e-023, 5.9048075224e-023, 5.48794123455e-023, 1.02918378279e-022, 8.86635986129e-023, 1.60833226414e-022, 2.33725097394e-022, 2.41788265587e-022, 2.85027536716e-022, 4.8501586785e-022, 4.82816346941e-022, 6.73542567523e-022, 1.06296666902e-021, 1.58301770507e-021, 2.26385358827e-021]
        var: [1.02143391401e-012, 7.8753457089e-009, 6.24282066042e-008, 6.21054638827e-008, 3.09462649284e-007, 2.28369927413e-008, 2.71823150655e-008, 5.13197946361e-008, 1.9302343901e-007, 3.65538937785e-007, 5.81785393194e-008, 1.12927004636e-007, 4.18786640921e-008, 4.09336813334e-008, 1.82162295914e-007, 1.31452708274e-007, 1.00696041727e-007, 9.99372460342e-008, 2.67311349944e-007, 7.80515563292e-008, 1.61587152547e-008, 1.97952032543e-009, 1.52330190129e-010, 7.37586172694e-011, 1.08181172354e-011, 6.17929423857e-015, 1.61884002165e-019]
    frequency_bands:
        dmean: [2.28711868999e-007, 4.35730617028e-005, 0.000118917763757, 0.000130912914756, 0.000257985375356, 7.50249091652e-005, 6.96389688528e-005, 7.92661085143e-005, 0.000143961326103, 0.000159383023856, 8.95844277693e-005, 0.000128263549414, 6.85798149789e-005, 8.83938773768e-005, 0.000135325404699, 0.000141669530421, 0.000140010422911, 0.000145059835631, 0.000217048727791, 0.000129690190079, 5.33579004696e-005, 1.68797359947e-005, 3.7324598452e-006, 1.84544353488e-006, 9.07796618321e-007, 3.29131353283e-008, 2.62207588975e-010, 5.48710417381e-011]
        dmean2: [3.02994351387e-007, 7.19094532542e-005, 0.000186193559784, 0.000211349746678, 0.000424126774305, 0.000122140554595, 0.000113691632578, 0.000128094325191, 0.000222755901632, 0.000253196049016, 0.000148022299982, 0.000211096936255, 0.000114707836474, 0.000147989703692, 0.000219912195462, 0.000232453458011, 0.000229462515563, 0.000239396729739, 0.000349383510184, 0.00020929913444, 8.5441119154e-005, 2.74741232715e-005, 5.74697469347e-006, 2.55982831732e-006, 1.3141020645e-006, 5.01724635171e-008, 4.56242543745e-010, 1.02112159006e-010]
        dvar: [4.64931424523e-013, 6.312518952e-009, 2.50096032772e-008, 3.06321012999e-008, 3.07179334413e-007, 1.41893199412e-008, 1.65949689546e-008, 2.66226738432e-008, 6.57094574308e-008, 1.48580994619e-007, 2.93924014017e-008, 4.7063469566e-008, 1.55467212437e-008, 2.32222312491e-008, 9.66147837289e-008, 5.61210171668e-008, 4.53642599041e-008, 3.33302949684e-008, 9.60764126035e-008, 2.65057416016e-008, 3.94337451581e-009, 7.9445189316e-010, 4.93301788307e-011, 2.18902812543e-011, 4.28549426848e-012, 3.54926921932e-015, 1.20705193513e-019, 6.54745766578e-021]
        dvar2: [7.32268141523e-013, 1.67184293076e-008, 5.8427712446e-008, 7.53967270839e-008, 8.09137759461e-007, 3.60627048224e-008, 4.1778754678e-008, 6.24320577458e-008, 1.41059075531e-007, 3.69549866264e-007, 7.82925511089e-008, 1.16298508601e-007, 4.25529265158e-008, 6.0786760514e-008, 2.43801991928e-007, 1.3819315825e-007, 1.1308868153e-007, 8.8707707846e-008, 2.39932973045e-007, 6.74141702461e-008, 1.00097592437e-008, 2.06601358244e-009, 1.0863839689e-010, 3.88139693996e-011, 9.12973949913e-012, 8.5434775438e-015, 3.46942141275e-019, 2.10187029858e-020]
        max: [8.74592751643e-006, 0.00125425599981, 0.00255450885743, 0.00274666049518, 0.00696913711727, 0.0024476707913, 0.00223526405171, 0.00327076180838, 0.00611922331154, 0.00726680317894, 0.00465911952779, 0.00489470455796, 0.00291228573769, 0.00281013641506, 0.00698863714933, 0.00618049129844, 0.00682842126116, 0.00538915302604, 0.00712639698759, 0.00244891061448, 0.00108444539364, 0.000858488609083, 0.000146986174514, 0.000112472596811, 5.10254612891e-005, 7.86982411682e-007, 3.23318216644e-009, 8.13065892391e-010]
        mean: [3.36572242077e-007, 6.28205525572e-005, 0.000201016620849, 0.000200487702386, 0.000372402835637, 0.000120417906146, 0.00010552083404, 0.000121213844977, 0.000254120968748, 0.000267309660558, 0.000143153840327, 0.000226131305681, 0.000123149919091, 0.000150148625835, 0.000255889957771, 0.000299750478007, 0.00031174524338, 0.000368261273252, 0.000555666571017, 0.00033206527587, 0.0001648398611, 4.56108573417e-005, 9.19825561141e-006, 4.03441754315e-006, 1.84706652817e-006, 5.50124106269e-008, 3.27450899729e-010, 4.30454491496e-011]
        median: [4.02989144277e-008, 3.38674108207e-005, 0.000118845462566, 0.000117812443932, 0.000216509215534, 7.30282845325e-005, 5.08342600369e-005, 5.44606955373e-005, 0.000118341347843, 7.23838456906e-005, 6.50525762467e-005, 0.000110539913294, 6.28348934697e-005, 9.57301526796e-005, 0.000155655987328, 0.000227058277233, 0.000264448201051, 0.00033095976687, 0.000488975550979, 0.000285997113679, 0.000153055007104, 3.69652771042e-005, 4.69806946057e-006, 1.29805607685e-006, 7.3856756444e-007, 2.21346247997e-008, 1.72859004888e-010, 1.39284070388e-011]
        min: [5.0445169977e-024, 1.62215645197e-023, 3.10842396106e-024, 1.75171494385e-024, 2.5342237044e-023, 1.84330508705e-023, 1.54706383577e-023, 1.20842872612e-023, 4.80615841534e-023, 5.29167705896e-023, 3.98605104521e-023, 5.09707643324e-023, 4.69642092145e-023, 5.9048075224e-023, 5.48794123455e-023, 1.02918378279e-022, 8.86635986129e-023, 1.60833226414e-022, 2.33725097394e-022, 2.41788265587e-022, 2.85027536716e-022, 4.8501586785e-022, 4.82816346941e-022, 6.73542567523e-022, 1.06296666902e-021, 1.58301770507e-021, 2.26385358827e-021, 5.23580538581e-022]
        var: [1.02143391401e-012, 7.8753457089e-009, 6.24282066042e-008, 6.21054638827e-008, 3.09462649284e-007, 2.28369927413e-008, 2.71823150655e-008, 5.13197946361e-008, 1.9302343901e-007, 3.65538937785e-007, 5.81785393194e-008, 1.12927004636e-007, 4.18786640921e-008, 4.09336813334e-008, 1.82162295914e-007, 1.31452708274e-007, 1.00696041727e-007, 9.99372460342e-008, 2.67311349944e-007, 7.80515563292e-008, 1.61587152547e-008, 1.97952032543e-009, 1.52330190129e-010, 7.37586172694e-011, 1.08181172354e-011, 6.17929423857e-015, 1.61884002165e-019, 5.32697690577e-021]
    mfcc:
        mean: [-705.753601074, 104.044921875, -58.7190856934, 47.4605979919, -15.7299566269, -1.47330725193, 2.92917990685, 0.949335515499, 1.48747324944, -5.1487364769, -6.66734695435, -9.85366630554, -4.80246448517]
        cov: [[5955.84619141, -445.04107666, -642.73236084, 734.804382324, -1.01365053654, 389.544891357, 39.3414764404, -55.2185630798, 214.045593262, 134.822463989, 79.1402664185, -47.5690574646, -129.047836304], [-445.04107666, 445.863861084, -84.9959106445, 6.08863544464, -36.7147674561, -27.6767520905, 19.4872570038, 16.3053627014, -0.541920542717, -22.5639266968, 2.33585762978, -17.7069473267, 11.0102901459], [-642.73236084, -84.9959106445, 419.459014893, -95.606918335, 78.1394271851, -49.1623077393, 5.69316387177, 13.3979187012, -32.0975914001, -15.5373106003, -42.5018005371, 8.30012798309, 9.17942810059], [734.804382324, 6.08863544464, -95.606918335, 325.663421631, 18.3811435699, 109.423728943, -19.1888561249, -32.0299911499, 57.8377761841, 19.0948143005, 16.6146907806, -13.9516334534, -18.6699619293], [-1.01365053654, -36.7147674561, 78.1394271851, 18.3811435699, 141.066314697, 1.74067926407, -15.1744422913, -11.8730630875, 0.580301880836, 18.8446960449, -7.24296808243, -4.16867446899, 0.931306540966], [389.544891357, -27.6767520905, -49.1623077393, 109.423728943, 1.74067926407, 122.416908264, 28.3298435211, -3.39068222046, 21.0438423157, 3.53240275383, 16.3628864288, 3.35255479813, -16.1612167358], [39.3414764404, 19.4872570038, 5.69316387177, -19.1888561249, -15.1744422913, 28.3298435211, 87.4515380859, 41.323638916, 6.16468477249, -4.94169187546, 6.28366613388, 5.93842554092, 0.61441141367], [-55.2185630798, 16.3053627014, 13.3979187012, -32.0299911499, -11.8730630875, -3.39068222046, 41.323638916, 68.1366882324, 21.2952232361, 1.35616707802, -2.4586660862, -0.960766136646, 1.5572296381], [214.045593262, -0.541920542717, -32.0975914001, 57.8377761841, 0.580301880836, 21.0438423157, 6.16468477249, 21.2952232361, 73.7311477661, 38.2155609131, 8.6861333847, -9.87838077545, -9.49920368195], [134.822463989, -22.5639266968, -15.5373106003, 19.0948143005, 18.8446960449, 3.53240275383, -4.94169187546, 1.35616707802, 38.2155609131, 63.8659896851, 20.9770812988, -3.5657055378, -7.17305755615], [79.1402664185, 2.33585762978, -42.5018005371, 16.6146907806, -7.24296808243, 16.3628864288, 6.28366613388, -2.4586660862, 8.6861333847, 20.9770812988, 54.4232330322, 25.7089500427, -0.613729715347], [-47.5690574646, -17.7069473267, 8.30012798309, -13.9516334534, -4.16867446899, 3.35255479813, 5.93842554092, -0.960766136646, -9.87838077545, -3.5657055378, 25.7089500427, 55.6703987122, 25.9844837189], [-129.047836304, 11.0102901459, 9.17942810059, -18.6699619293, 0.931306540966, -16.1612167358, 0.61441141367, 1.5572296381, -9.49920368195, -7.17305755615, -0.613729715347, 25.9844837189, 56.9051971436]]
        icov: [[0.000354463933036, 0.000425750622526, 0.000498769921251, -0.000565100868698, -7.76811066316e-005, -0.000162775599165, -0.000458848458948, 0.000140594638651, -0.00017981090059, -0.000269600568572, 0.00031066997326, -0.00010021043272, 0.000396864808863], [0.000425750622526, 0.00318636698648, 0.00109354418237, -0.00109002867248, 2.50363227678e-005, 0.00117820419837, -0.0015050683869, -5.1477811212e-005, -0.000452080450486, 0.00126495980658, -0.00100015697535, 0.00175669963937, -0.000562132685445], [0.000498769921251, 0.00109354418237, 0.00413604453206, -0.000450183928479, -0.00198615598492, 0.000800293695647, -0.00140529265627, -0.000411368644563, 0.000451792235253, -0.000423182471422, 0.00337755423971, -0.00219355733134, 0.00145098310895], [-0.000565100868698, -0.00109002867248, -0.000450183928479, 0.00708091631532, -0.000722918892279, -0.00477316696197, 0.00273394025862, 0.00266324379481, -0.00484720664099, 0.00254175043665, -0.00149382569361, 0.00163232441992, -0.00137121079024], [-7.76811066316e-005, 2.50363227678e-005, -0.00198615598492, -0.000722918892279, 0.0090961214155, -0.000789295765571, 0.0011587543413, 0.000389336782973, 0.00189461070113, -0.00422096252441, 0.00109288759995, 0.000705638085492, -0.00102021696512], [-0.000162775599165, 0.00117820419837, 0.000800293695647, -0.00477316696197, -0.000789295765571, 0.0161516591907, -0.00736825913191, 0.00245325430296, -0.00110267661512, 0.00247369147837, -0.0013765002368, -0.00231367489323, 0.00348961702548], [-0.000458848458948, -0.0015050683869, -0.00140529265627, 0.00273394025862, 0.0011587543413, -0.00736825913191, 0.0210443288088, -0.0121625205502, 0.00229225237854, 0.000577733211685, -0.00259701907635, 0.00038734669215, -0.00138105545193], [0.000140594638651, -5.1477811212e-005, -0.000411368644563, 0.00266324379481, 0.000389336782973, 0.00245325430296, -0.0121625205502, 0.0276200529188, -0.0126712229103, 0.00428475392982, 0.000862225366291, 0.000284249807009, -0.00036082175211], [-0.00017981090059, -0.000452080450486, 0.000451792235253, -0.00484720664099, 0.00189461070113, -0.00110267661512, 0.00229225237854, -0.0126712229103, 0.030794326216, -0.017756190151, 0.00354559160769, 0.000532191537786, 0.000691856781486], [-0.000269600568572, 0.00126495980658, -0.000423182471422, 0.00254175043665, -0.00422096252441, 0.00247369147837, 0.000577733211685, 0.00428475392982, -0.017756190151, 0.0326548404992, -0.015027125366, 0.00700708152726, -0.0015153454151], [0.00031066997326, -0.00100015697535, 0.00337755423971, -0.00149382569361, 0.00109288759995, -0.0013765002368, -0.00259701907635, 0.000862225366291, 0.00354559160769, -0.015027125366, 0.0378624126315, -0.0223957933486, 0.00879127252847], [-0.00010021043272, 0.00175669963937, -0.00219355733134, 0.00163232441992, 0.000705638085492, -0.00231367489323, 0.00038734669215, 0.000284249807009, 0.000532191537786, 0.00700708152726, -0.0223957933486, 0.0381766296923, -0.0170602984726], [0.000396864808863, -0.000562132685445, 0.00145098310895, -0.00137121079024, -0.00102021696512, 0.00348961702548, -0.00138105545193, -0.00036082175211, 0.000691856781486, -0.0015153454151, 0.00879127252847, -0.0170602984726, 0.0267399493605]]
    sccoeffs:
        dmean: [0.0544181801379, 0.0467286966741, 0.0410525351763, 0.0283262729645, 0.0179443918169, 0.017042061314]
        dmean2: [0.0874246135354, 0.0782328397036, 0.0680341348052, 0.0475786179304, 0.0302483588457, 0.0268992520869]
        dvar: [0.00181336165406, 0.0013435803121, 0.00100075942464, 0.000518340442795, 0.000200203372515, 0.000271625060122]
        dvar2: [0.00481043197215, 0.0036193812266, 0.00276785716414, 0.00138425489422, 0.000544712995179, 0.000598802231252]
        max: [-0.375730633736, -0.505461394787, -0.515995264053, -0.532515048981, -0.661356389523, -0.583628356457]
        mean: [-0.664857983589, -0.764957666397, -0.759438693523, -0.791490018368, -0.802932083607, -0.742981016636]
        median: [-0.667449235916, -0.768827438354, -0.763532042503, -0.795619547367, -0.802068591118, -0.742514252663]
        min: [-0.976324141026, -0.964826285839, -0.969908118248, -0.965237677097, -0.964422285557, -0.964266002178]
        var: [0.00495121069252, 0.00304300128482, 0.00289826910011, 0.00169009459205, 0.000803342612926, 0.00204051961191]
    scvalleys:
        dmean: [0.391575962305, 0.323004931211, 0.266286998987, 0.219127610326, 0.171704500914, 0.231259003282]
        dmean2: [0.647821784019, 0.54089564085, 0.442302525043, 0.354369163513, 0.258455604315, 0.305518269539]
        dvar: [0.132112711668, 0.0978244841099, 0.074193008244, 0.0608865879476, 0.053159236908, 0.0967003181577]
        dvar2: [0.300732016563, 0.208504512906, 0.147098198533, 0.10806427151, 0.0817785561085, 0.172041594982]
        max: [-5.34060335159, -4.99799156189, -5.15277767181, -5.3918094635, -5.64942741394, -7.68575716019]
        mean: [-7.01300954819, -6.79399108887, -6.78894805908, -6.99777126312, -6.87959671021, -9.79486751556]
        median: [-6.80931663513, -6.6350402832, -6.63525867462, -6.69843578339, -6.52547550201, -9.63847732544]
        min: [-28.1645641327, -27.5028572083, -27.2858695984, -27.4602527618, -27.2965240479, -27.2807025909]
        var: [1.24890422821, 0.829323232174, 0.822950005531, 1.11309456825, 1.22910690308, 1.43892872334]

rhythm:
    beats_loudness:
        dmean: 0.001785882283
        dmean2: 0.00318071222864
        dvar: 2.73164891951e-006
        dvar2: 8.31286433822e-006
        max: 0.0168318990618
        mean: 0.00569732161239
        median: 0.00602297019213
        min: 3.51975373292e-008
        var: 8.8357974164e-006
    bpm: 94.8641586304
    bpm_confidence: 0
    first_peak_bpm: 96
    first_peak_spread: 0.450819671154
    first_peak_weight: 0.536000013351
    onset_rate: 2.70028495789
    second_peak_bpm: 91
    second_peak_spread: 0
    second_peak_weight: 0.0240000002086
    beats_loudness_band_ratio:
        dmean: [0.0769651681185, 0.117157243192, 0.0851780921221, 0.0992983430624, 0.0902600586414, 0.0712316036224]
        dmean2: [0.133247986436, 0.225250512362, 0.146023005247, 0.169846400619, 0.161209389567, 0.122590005398]
        dvar: [0.00363599369302, 0.00726218661293, 0.00834908336401, 0.00969529617578, 0.00842089299113, 0.00361553090625]
        dvar2: [0.0108262272552, 0.023617150262, 0.0234433095902, 0.0256155207753, 0.0267751738429, 0.0106752207503]
        max: [0.378924190998, 0.533560216427, 0.622746706009, 0.817238032818, 0.810588777065, 0.480008363724]
        mean: [0.124628297985, 0.136494964361, 0.131996080279, 0.165249794722, 0.262398123741, 0.238227382302]
        median: [0.109206676483, 0.105911687016, 0.101404935122, 0.133672341704, 0.261743307114, 0.239423662424]
        min: [0.000116492839879, 0.00757561158389, 0.0127717982978, 0.0257382560521, 0.0367634668946, 0.00778916524723]
        var: [0.00605810014531, 0.0103000672534, 0.0103359473869, 0.0140565484762, 0.0120157916099, 0.00735525228083]
    beats_position: [0.638548731804, 1.27709746361, 1.92725622654, 2.57741498947, 3.21596360207, 3.85451245308, 4.49306106567, 5.13160991669, 5.7701587677, 6.43192720413, 7.0936961174, 7.75546455383, 8.4172334671, 9.06739234924, 9.71755123138, 10.3677091599, 11.017868042, 11.6680269241, 12.3181858063, 12.9799547195, 13.6301136017, 14.2918815613, 14.9420404434, 15.5805892944, 16.2191371918, 16.8576869965, 17.4846248627, 18.1231746674, 18.7617225647, 19.3886623383, 20.0272102356, 20.6657600403, 21.2926979065, 21.9196376801, 22.5465755463, 23.1735134125, 23.8120632172, 24.4390010834, 25.0775508881, 25.7044887543, 26.3314285278, 26.958366394, 27.5969161987, 28.2354640961, 28.8624038696, 29.4893417358, 30.1278915405, 30.7664394379, 31.3933773041, 32.0319252014, 32.6704750061, 33.2974128723, 33.9243545532, 34.5512924194, 35.1782302856, 35.8167800903, 36.4437179565, 37.0706558228, 37.7092056274, 38.3361434937, 38.9630813599, 39.6016311646, 40.2401809692, 40.8671188354, 41.4940567017, 42.1326065063, 42.771156311, 43.3980941772, 44.0250320435, 44.6519737244, 45.2905197144, 45.929069519, 46.5560073853, 47.1829452515, 47.8098869324, 48.4368247986, 49.0637626648, 49.7023124695, 50.3408622742, 50.9678001404, 51.5947380066, 52.2216758728, 52.8602256775, 53.4987754822, 54.1257133484, 54.7642631531, 55.4028091431, 56.029750824, 56.6566886902, 57.2836265564, 57.9105644226, 58.5491142273, 59.187664032, 59.8146018982, 60.4415397644, 61.0684814453, 61.6954193115, 62.3339653015, 62.9725151062, 63.5994529724, 64.2263946533, 64.864944458, 65.5034942627, 66.1304321289, 66.7573699951, 67.3843078613, 68.022857666, 68.6497955322, 69.2883453369, 69.9152832031, 70.5538330078, 71.1923828125, 71.8193206787, 72.4462585449, 73.0731964111, 73.7001342773, 74.338684082, 74.9772338867, 75.6041717529, 76.2311096191, 76.8696594238, 77.5082092285, 78.1351470947, 78.7620849609, 79.3890228271, 80.0275726318, 80.6661224365, 81.2930603027, 81.9199981689, 82.5585479736, 83.1854858398, 83.8240356445, 84.4509735107, 85.077911377, 85.7048492432, 86.3433990479, 86.9819488525, 87.6088867188, 88.235824585, 88.8743743896, 89.5129241943, 90.1398620605, 90.7667999268, 91.393737793, 92.0206756592, 92.6476211548, 93.2861633301, 93.9247131348, 94.551651001, 95.1785888672, 95.8055343628, 96.4440765381, 97.0826263428, 97.709564209, 98.3365097046, 98.9634475708, 99.590385437, 100.228935242, 100.867477417, 101.506027222, 102.132965088, 102.771514893, 103.398452759, 104.025398254, 104.652336121, 105.279273987, 105.906211853, 106.544761658, 107.183311462, 107.810249329, 108.437187195, 109.075737, 109.714286804, 110.34122467, 110.979774475, 111.61831665, 112.245262146, 112.872200012, 113.499137878, 114.126075745, 114.753013611, 115.379951477, 116.018501282, 116.657051086, 117.283988953, 117.910926819, 118.549476624, 119.188026428, 119.814964294, 120.441902161, 121.068840027, 121.707389832, 122.345939636, 122.972877502, 123.599815369, 124.226753235, 124.853691101, 125.492240906, 126.13079071, 126.757728577, 127.396278381, 128.034820557, 128.661773682, 129.288711548, 129.915649414, 130.54258728, 131.181137085, 131.81968689, 132.446624756, 133.073562622, 133.700500488, 134.339050293, 134.977600098, 135.604537964, 136.23147583, 136.870025635, 137.508575439, 138.135513306, 138.762451172, 139.401000977, 140.039550781, 140.666488647, 141.293426514, 141.92036438, 142.547302246, 143.174240112, 143.812789917, 144.451339722, 145.078277588, 145.705215454, 146.33215332, 146.970703125, 147.60925293, 148.236190796, 148.863128662, 149.501678467, 150.140228271, 150.767166138, 151.394104004, 152.02104187, 152.647979736, 153.286529541, 153.925079346, 154.552017212, 155.178955078, 155.817504883, 156.456054688, 157.082992554, 157.70993042, 158.336868286, 158.963806152, 159.590744019, 160.217681885, 160.856231689, 161.494781494, 162.12171936, 162.748657227, 163.387207031, 164.025756836, 164.652694702, 165.279632568, 165.918182373, 166.556732178, 167.183670044, 167.81060791, 168.437545776, 169.064483643, 169.703033447, 170.341583252, 170.980133057, 171.618682861, 172.257232666, 172.884170532, 173.511108398, 174.149658203, 174.776596069, 175.403533936, 176.030471802, 176.657409668, 177.295959473, 177.934509277, 178.561447144, 179.18838501, 179.815322876, 180.442260742, 181.080810547, 181.719360352, 182.357910156, 182.996459961, 183.623397827, 184.250335693, 184.888885498, 185.515823364, 186.14276123, 186.769699097, 187.408248901, 188.046798706, 188.673736572, 189.312286377, 189.939224243, 190.566162109, 191.193099976, 191.83164978, 192.446975708, 193.073913574, 193.70085144, 194.327789307, 194.966339111, 195.604888916, 196.231826782, 196.870376587, 197.508926392, 198.135864258, 198.762802124, 199.38973999, 200.016693115, 200.655227661, 201.293777466, 201.932327271, 202.559265137, 203.186203003, 203.813140869, 204.451690674, 205.07862854, 205.705581665, 206.344116211, 206.982666016, 207.609603882, 208.236557007, 208.863494873, 209.502029419, 210.128982544, 210.76751709, 211.394470215, 212.021408081, 212.648345947, 213.275283813, 213.913833618, 214.552383423, 215.179321289, 215.806259155, 216.44480896, 217.083358765, 217.710296631, 218.337234497, 218.964172363, 219.591110229, 220.229660034, 220.868209839, 221.506759644, 222.13369751, 222.772247314, 223.399185181, 224.026123047, 224.664672852, 225.291610718, 225.930160522, 226.557098389, 227.195648193, 227.82258606, 228.449523926, 229.08807373, 229.738220215, 230.399993896, 231.061767578, 231.723526001, 232.373687744, 233.012237549, 233.662399292, 234.312561035, 234.95111084, 235.589660645, 236.216598511, 236.843536377, 237.470474243, 238.109024048]
