
metadata:
    version:
        essentia: "2.1-beta2"
    audio_properties:
        analysis_sample_rate: 44100
        bitrate: 320
        channels: 2
        equal_loudness: 1
        length: 247.745300293
        replay_gain: -15.4437503815
        downmix: "mix"
    tags:
        album: "Dancing With the Dead"
        artist: "Pain"
        comment: ""
        date: "2005"
        genre: "Industrial Metal"
        title: "Nothing"
        tracknumber: "3"

configuration:
    average_loudness:
        compute: 1
        frameSize: 88200
        hopSize: 44100
        silentFrames: "noise"
        windowType: "hann"
    general:
        analysisSampleRate: 44100
        endTime: 2000
        equalLoudness: 1
        nequalLoudness: 0
        shortSound: 0
        startTime: 0
    lowlevel:
        compute: 1
        frameSize: 2048
        hopSize: 1024
        zeroPadding: 0
        silentFrames: "noise"
        windowType: "blackmanharris62"
        mfccStats: ["mean", "cov", "icov"]
        stats: ["mean", "var", "median", "min", "max", "dmean", "dmean2", "dvar", "dvar2"]
    panning:
        compute: 0
        frameSize: 8192
        hopSize: 2048
        zeroPadding: 8192
        silentFrames: "noise"
        windowType: "hann"
        stats: ["copy"]
    rhythm:
        compute: 1
        maxTempo: 208
        minTempo: 40
        method: "degara"
        stats: ["mean", "var", "median", "min", "max", "dmean", "dmean2", "dvar", "dvar2"]
    segmentation:
        compute: 0
        cpw: 5
        inc1: 300
        inc2: 50
        minimumSegmentsLength: 10
        size1: 1000
        size2: 600
    sfx:
        compute: 1
        stats: ["mean", "var", "median", "min", "max", "dmean", "dmean2", "dvar", "dvar2"]
    svm:
        compute: 0
    tonal:
        compute: 1
        frameSize: 4096
        hopSize: 2048
        zeroPadding: 0
        silentFrames: "noise"
        windowType: "blackmanharris62"
        stats: ["mean", "var", "median", "min", "max", "dmean", "dmean2", "dvar", "dvar2"]

lowlevel:
    average_loudness: 0.872739851475
    barkbands_kurtosis:
        dmean: 0.673724770546
        dmean2: 1.08825552464
        dvar: 1.21479308605
        dvar2: 3.28176736832
        max: 61.8576431274
        mean: -0.323924452066
        median: -0.731406927109
        min: -1.84989786148
        var: 2.25405073166
    barkbands_skewness:
        dmean: 0.323223203421
        dmean2: 0.507203578949
        dvar: 0.0840906277299
        dvar2: 0.203829824924
        max: 4.89674425125
        mean: -0.634515047073
        median: -0.68770223856
        min: -3.4908862114
        var: 0.477048993111
    barkbands_spread:
        dmean: 4.68447399139
        dmean2: 7.48883152008
        dvar: 18.8888950348
        dvar2: 47.3196716309
        max: 60.3322944641
        mean: 28.6962451935
        median: 27.2132091522
        min: 0.578437328339
        var: 74.205116272
    dissonance:
        dmean: 0.00901140552014
        dmean2: 0.0153793701902
        dvar: 9.239094652e-005
        dvar2: 0.000262360816123
        max: 0.500000178814
        mean: 0.484197884798
        median: 0.487181186676
        min: 0.187889263034
        var: 0.000158208058565
    hfc:
        dmean: 1.69129037857
        dmean2: 2.65559601784
        dvar: 3.76619648933
        dvar2: 9.06362438202
        max: 43.7846260071
        mean: 10.8393535614
        median: 11.7108917236
        min: 1.08618191348e-016
        var: 57.6225280762
    pitch:
        dmean: 975.849304199
        dmean2: 1877.89428711
        dvar: 1849578
        dvar2: 4542489
        max: 4463.54492188
        mean: 1988.41235352
        median: 2568.33984375
        min: 65.6332626343
        var: 2616697.5
    pitch_instantaneous_confidence:
        dmean: 0.0679747760296
        dmean2: 0.113826662302
        dvar: 0.00301431166008
        dvar2: 0.00788124743849
        max: 0.946398854256
        mean: 0.324351012707
        median: 0.308619737625
        min: 0.104784369469
        var: 0.00960427708924
    pitch_salience:
        dmean: 0.0426361486316
        dmean2: 0.0707728266716
        dvar: 0.00142591190524
        dvar2: 0.00377262895927
        max: 0.995603621006
        mean: 0.706820189953
        median: 0.717715501785
        min: 0.288684844971
        var: 0.00421069562435
    silence_rate_20dB:
        dmean: 0
        dmean2: 0
        dvar: 0
        dvar2: 0
        max: 1
        mean: 1
        median: 1
        min: 1
        var: 0
    silence_rate_30dB:
        dmean: 0
        dmean2: 0
        dvar: 0
        dvar2: 0
        max: 1
        mean: 1
        median: 1
        min: 1
        var: 0
    silence_rate_60dB:
        dmean: 0.0331771336496
        dmean2: 0.0663604810834
        dvar: 0.0320749282837
        dvar2: 0.0698235556483
        max: 1
        mean: 0.37578484416
        median: 0
        min: 0
        var: 0.234553530812
    spectral_centroid:
        dmean: 210.086532593
        dmean2: 331.835144043
        dvar: 45287.0234375
        dvar2: 103575.15625
        max: 11804.1132813
        mean: 2218.57080078
        median: 2270.21142578
        min: 297.594451904
        var: 664118.1875
    spectral_complexity:
        dmean: 2.95895028114
        dmean2: 4.80907297134
        dvar: 7.75460100174
        dvar2: 19.4434738159
        max: 51
        mean: 21.162776947
        median: 25
        min: 0
        var: 187.979049683
    spectral_crest:
        dmean: 1.44665074348
        dmean2: 2.4213411808
        dvar: 2.03196525574
        dvar2: 5.33557701111
        max: 19.9725265503
        mean: 5.72743082047
        median: 5.25202655792
        min: 2.19271540642
        var: 3.83396816254
    spectral_decrease:
        dmean: 1.68114633325e-010
        dmean2: 2.62289884256e-010
        dvar: 4.05719262695e-020
        dvar2: 9.56023944975e-020
        max: 1.77976666719e-028
        mean: -9.73672920068e-010
        median: -9.85221348948e-010
        min: -3.37242944681e-009
        var: 3.89193829031e-019
    spectral_energy:
        dmean: 0.000760269176681
        dmean2: 0.00118575850502
        dvar: 7.92602122601e-007
        dvar2: 1.85390547358e-006
        max: 0.0158993862569
        mean: 0.00465800473467
        median: 0.00479396712035
        min: 1.00361783331e-020
        var: 9.10448943614e-006
    spectral_energyband_high:
        dmean: 0.000140435935464
        dmean2: 0.000229600758757
        dvar: 2.79167107209e-008
        dvar2: 7.3923445143e-008
        max: 0.00312558189034
        mean: 0.00055683759274
        median: 0.000574429228436
        min: 7.04126429664e-021
        var: 1.87238867966e-007
    spectral_energyband_low:
        dmean: 0.000115473478218
        dmean2: 0.000193837971892
        dvar: 3.08753520528e-008
        dvar2: 8.41729743684e-008
        max: 0.00255034514703
        mean: 0.00017997197574
        median: 0.000126339829876
        min: 1.13843562236e-023
        var: 3.65877141917e-008
    spectral_energyband_middle_high:
        dmean: 0.000525354640558
        dmean2: 0.000830885663163
        dvar: 3.65196115126e-007
        dvar2: 9.20829393181e-007
        max: 0.0120059857145
        mean: 0.00303316907957
        median: 0.00316747324541
        min: 1.22988176057e-021
        var: 4.65912899017e-006
    spectral_energyband_middle_low:
        dmean: 0.000402034202125
        dmean2: 0.000636086391751
        dvar: 3.11451174184e-007
        dvar2: 7.67678216107e-007
        max: 0.00666793435812
        mean: 0.00100032927003
        median: 0.000789120502304
        min: 1.66407633114e-022
        var: 6.54357052099e-007
    spectral_flatness_db:
        dmean: 0.0117746386677
        dmean2: 0.018518794328
        dvar: 0.00011310006812
        dvar2: 0.000261047651293
        max: 0.39494857192
        mean: 0.143714383245
        median: 0.141935303807
        min: 0.0600378029048
        var: 0.000600985600613
    spectral_flux:
        dmean: 0.00453596375883
        dmean2: 0.00690181087703
        dvar: 2.07160555874e-005
        dvar2: 4.34645553469e-005
        max: 0.0898146629333
        mean: 0.0391527675092
        median: 0.0428368635476
        min: 6.58785387353e-011
        var: 0.000274929101579
    spectral_kurtosis:
        dmean: 1.11599433422
        dmean2: 1.96229422092
        dvar: 3.04328107834
        dvar2: 9.52116584778
        max: 77.4865951538
        mean: 3.86317801476
        median: 3.54084992409
        min: -1.27091908455
        var: 4.26134347916
    spectral_rms:
        dmean: 0.000169322549482
        dmean2: 0.000260907196207
        dvar: 2.98309537072e-008
        dvar2: 6.63253132416e-008
        max: 0.00393847655505
        mean: 0.00197832798585
        median: 0.00216264673509
        min: 3.12912022682e-012
        var: 6.30650276889e-007
    spectral_rolloff:
        dmean: 199.701950073
        dmean2: 330.720977783
        dvar: 77345
        dvar2: 171581.28125
        max: 19573.6816406
        mean: 3749.50585938
        median: 3789.84375
        min: 301.46484375
        var: 1366708.625
    spectral_skewness:
        dmean: 0.150524735451
        dmean2: 0.249663323164
        dvar: 0.0285434704274
        dvar2: 0.0813085511327
        max: 7.44764709473
        mean: 1.17241179943
        median: 1.15878355503
        min: -0.087260171771
        var: 0.0705188289285
    spectral_spread:
        dmean: 344787.78125
        dmean2: 506464.15625
        dvar: 333394673664
        dvar2: 649098166272
        max: 43616536
        mean: 3875242.5
        median: 3532575
        min: 1434680.5
        var: 7.44576673382e+012
    spectral_strongpeak:
        dmean: 0.546763718128
        dmean2: 0.950098752975
        dvar: 0.487983465195
        dvar2: 1.30379247665
        max: 7.6217455864
        mean: 0.789208292961
        median: 0.551800429821
        min: 9.264745221e-011
        var: 0.71382278204
    zerocrossingrate:
        dmean: 0.0060185356997
        dmean2: 0.00760797038674
        dvar: 3.71463247575e-005
        dvar2: 4.76015593449e-005
        max: 0.52392578125
        mean: 0.117785461247
        median: 0.1201171875
        min: 0.0341796875
        var: 0.00117883237544
    barkbands:
        dmean: [3.84323669778e-007, 3.75263443857e-005, 6.52249582345e-005, 7.44958015275e-005, 0.000168601516634, 8.46631883178e-005, 7.4307230534e-005, 4.84235461045e-005, 0.000137721246574, 0.000104581762571, 8.43747911858e-005, 5.15666833962e-005, 4.74015905638e-005, 6.79785953253e-005, 0.000114262358693, 0.000125404782011, 0.000165279125213, 0.000169449398527, 0.000245944538619, 0.000188479723874, 7.35061184969e-005, 1.52999600687e-005, 2.84313409793e-006, 1.16161413644e-006, 4.26676223242e-007, 2.40327597822e-008, 2.7989793816e-010]
        dmean2: [5.38005792805e-007, 6.45583859296e-005, 0.000111789588118, 0.000126666913275, 0.000281654327409, 0.000139279276482, 0.000118431409646, 7.81573544373e-005, 0.00021096180717, 0.000167737627635, 0.000135837763082, 8.3803482994e-005, 7.77301684138e-005, 0.000111568566354, 0.000189637226867, 0.000211625432712, 0.000280065432889, 0.000289249874186, 0.00040723537677, 0.000313409778755, 0.000122879297123, 2.53620382864e-005, 4.49819617643e-006, 1.7151838847e-006, 6.07863455571e-007, 3.66007313346e-008, 4.88300344603e-010]
        dvar: [8.21421218804e-013, 5.80408743289e-009, 1.01076720327e-008, 1.21316219293e-008, 1.27331688304e-007, 2.29339658375e-008, 2.22106866232e-008, 1.00059729391e-008, 6.68409825266e-008, 4.61471003632e-008, 3.98920896316e-008, 1.62242042023e-008, 7.93806798072e-009, 1.20616068244e-008, 2.8741620639e-008, 2.69096354089e-008, 4.48092762895e-008, 4.18952765813e-008, 9.85767982797e-008, 5.89199267154e-008, 8.07187738872e-009, 4.09910633214e-010, 1.67389366257e-011, 3.31206308039e-012, 5.61542728549e-013, 2.02345583187e-015, 1.75176212998e-019]
        dvar2: [1.5876440787e-012, 1.60345869915e-008, 2.85230843389e-008, 3.32898650868e-008, 3.28891530899e-007, 5.55969954519e-008, 5.21407343967e-008, 2.5814156146e-008, 1.58951024787e-007, 1.17911056918e-007, 1.01095743332e-007, 4.21553707497e-008, 2.06456434171e-008, 3.11134229491e-008, 7.62847491842e-008, 7.41516146263e-008, 1.25098793546e-007, 1.20794965142e-007, 2.69051355417e-007, 1.53590534069e-007, 2.23176659375e-008, 1.08973863266e-009, 4.0417533903e-011, 6.73708484833e-012, 1.14274345195e-012, 4.77118751408e-015, 4.96082547225e-019]
        max: [9.76337560132e-006, 0.00093922886299, 0.00139437499456, 0.00214775186032, 0.00428362749517, 0.00384512264282, 0.00314939860255, 0.00234658014961, 0.0043615847826, 0.00429889839143, 0.00466195680201, 0.00408788956702, 0.00202758796513, 0.00187787343748, 0.00337408902124, 0.00348528195173, 0.0058220308274, 0.00285548227839, 0.00595682999119, 0.00814707484096, 0.00116549886297, 0.000317228201311, 6.15364187979e-005, 2.78119332506e-005, 8.5458277681e-006, 4.46644776275e-007, 4.77324491044e-009]
        mean: [5.03770365867e-007, 4.60716182715e-005, 8.71950469445e-005, 9.58302698564e-005, 0.000218247281737, 0.000131714768941, 0.000122255994938, 7.54193388275e-005, 0.000252687634202, 0.000181799259735, 0.000138042742037, 8.5473904619e-005, 8.31946526887e-005, 0.000128342027892, 0.000233339422266, 0.000297721475363, 0.000409895583289, 0.000468080979772, 0.000722737517208, 0.00058175373124, 0.0002401581296, 4.68639300379e-005, 7.32468470233e-006, 2.46217359745e-006, 8.79587503277e-007, 3.50005393557e-008, 3.10743542009e-010]
        median: [1.13218291631e-007, 2.4107783247e-005, 5.56230152142e-005, 6.20352657279e-005, 0.000123472491396, 7.95528540039e-005, 6.43867460894e-005, 3.8964972191e-005, 9.68136446318e-005, 5.90359268244e-005, 4.63308897451e-005, 4.05080972996e-005, 4.79342124891e-005, 8.1706297351e-005, 0.000165260484209, 0.000253981823334, 0.000365396495908, 0.000441146054072, 0.000650858622976, 0.00056677631801, 0.000238669745158, 4.45200130343e-005, 5.0525259212e-006, 1.55930308665e-006, 4.99449015479e-007, 1.67312972366e-008, 1.54880760994e-010]
        min: [4.56148908379e-025, 8.34721531161e-025, 1.0103872469e-024, 1.0946637226e-024, 6.00912625185e-024, 9.02649988722e-024, 9.12895793046e-024, 9.18791345021e-024, 2.99977138757e-023, 1.70662152458e-023, 2.04072999258e-023, 3.43712944183e-023, 2.00921263284e-023, 4.10132066286e-023, 4.56279261727e-023, 7.20018717962e-023, 6.61687187186e-023, 9.5123340752e-023, 1.08321823044e-022, 1.83079318511e-022, 2.50384274612e-022, 2.63741519895e-022, 3.81605316096e-022, 6.4459826379e-022, 8.94300482953e-022, 1.38624706815e-021, 2.02153551108e-021]
        var: [1.37272929569e-012, 5.19056886361e-009, 1.08118287656e-008, 1.30436941248e-008, 1.23235906813e-007, 3.26727018773e-008, 3.88261902629e-008, 1.53848951356e-008, 1.64824058402e-007, 9.61420383305e-008, 7.52240012503e-008, 2.6210168258e-008, 1.50629357876e-008, 2.4383894015e-008, 6.72968383242e-008, 7.30928420012e-008, 1.29560660866e-007, 1.45621129377e-007, 3.78746790375e-007, 2.30975487625e-007, 3.89002501322e-008, 1.63342162018e-009, 5.4427618662e-011, 7.94618017219e-012, 1.20943988331e-012, 2.62695897174e-015, 1.87527505883e-019]
    frequency_bands:
        dmean: [3.84323669778e-007, 3.75263443857e-005, 6.52249582345e-005, 7.44958015275e-005, 0.000168601516634, 8.46631883178e-005, 7.4307230534e-005, 4.84235461045e-005, 0.000137721246574, 0.000104581762571, 8.43747911858e-005, 5.15666833962e-005, 4.74015905638e-005, 6.79785953253e-005, 0.000114262358693, 0.000125404782011, 0.000165279125213, 0.000169449398527, 0.000245944538619, 0.000188479723874, 7.35061184969e-005, 1.52999600687e-005, 2.84313409793e-006, 1.16161413644e-006, 4.26676223242e-007, 2.40327597822e-008, 2.7989793816e-010, 5.42336245357e-011]
        dmean2: [5.38005792805e-007, 6.45583859296e-005, 0.000111789588118, 0.000126666913275, 0.000281654327409, 0.000139279276482, 0.000118431409646, 7.81573544373e-005, 0.00021096180717, 0.000167737627635, 0.000135837763082, 8.3803482994e-005, 7.77301684138e-005, 0.000111568566354, 0.000189637226867, 0.000211625432712, 0.000280065432889, 0.000289249874186, 0.00040723537677, 0.000313409778755, 0.000122879297123, 2.53620382864e-005, 4.49819617643e-006, 1.7151838847e-006, 6.07863455571e-007, 3.66007313346e-008, 4.88300344603e-010, 1.00587288498e-010]
        dvar: [8.21421218804e-013, 5.80408743289e-009, 1.01076720327e-008, 1.21316219293e-008, 1.27331688304e-007, 2.29339658375e-008, 2.22106866232e-008, 1.00059729391e-008, 6.68409825266e-008, 4.61471003632e-008, 3.98920896316e-008, 1.62242042023e-008, 7.93806798072e-009, 1.20616068244e-008, 2.8741620639e-008, 2.69096354089e-008, 4.48092762895e-008, 4.18952765813e-008, 9.85767982797e-008, 5.89199267154e-008, 8.07187738872e-009, 4.09910633214e-010, 1.67389366257e-011, 3.31206308039e-012, 5.61542728549e-013, 2.02345583187e-015, 1.75176212998e-019, 6.86747397306e-021]
        dvar2: [1.5876440787e-012, 1.60345869915e-008, 2.85230843389e-008, 3.32898650868e-008, 3.28891530899e-007, 5.55969954519e-008, 5.21407343967e-008, 2.5814156146e-008, 1.58951024787e-007, 1.17911056918e-007, 1.01095743332e-007, 4.21553707497e-008, 2.06456434171e-008, 3.11134229491e-008, 7.62847491842e-008, 7.41516146263e-008, 1.25098793546e-007, 1.20794965142e-007, 2.69051355417e-007, 1.53590534069e-007, 2.23176659375e-008, 1.08973863266e-009, 4.0417533903e-011, 6.73708484833e-012, 1.14274345195e-012, 4.77118751408e-015, 4.96082547225e-019, 2.19151244318e-020]
        max: [9.76337560132e-006, 0.00093922886299, 0.00139437499456, 0.00214775186032, 0.00428362749517, 0.00384512264282, 0.00314939860255, 0.00234658014961, 0.0043615847826, 0.00429889839143, 0.00466195680201, 0.00408788956702, 0.00202758796513, 0.00187787343748, 0.00337408902124, 0.00348528195173, 0.0058220308274, 0.00285548227839, 0.00595682999119, 0.00814707484096, 0.00116549886297, 0.000317228201311, 6.15364187979e-005, 2.78119332506e-005, 8.5458277681e-006, 4.46644776275e-007, 4.77324491044e-009, 9.8349905997e-010]
        mean: [5.03770365867e-007, 4.60716182715e-005, 8.71950469445e-005, 9.58302698564e-005, 0.000218247281737, 0.000131714768941, 0.000122255994938, 7.54193388275e-005, 0.000252687634202, 0.000181799259735, 0.000138042742037, 8.5473904619e-005, 8.31946526887e-005, 0.000128342027892, 0.000233339422266, 0.000297721475363, 0.000409895583289, 0.000468080979772, 0.000722737517208, 0.00058175373124, 0.0002401581296, 4.68639300379e-005, 7.32468470233e-006, 2.46217359745e-006, 8.79587503277e-007, 3.50005393557e-008, 3.10743542009e-010, 4.21625477587e-011]
        median: [1.13218291631e-007, 2.4107783247e-005, 5.56230152142e-005, 6.20352657279e-005, 0.000123472491396, 7.95528540039e-005, 6.43867460894e-005, 3.8964972191e-005, 9.68136446318e-005, 5.90359268244e-005, 4.63308897451e-005, 4.05080972996e-005, 4.79342124891e-005, 8.1706297351e-005, 0.000165260484209, 0.000253981823334, 0.000365396495908, 0.000441146054072, 0.000650858622976, 0.00056677631801, 0.000238669745158, 4.45200130343e-005, 5.0525259212e-006, 1.55930308665e-006, 4.99449015479e-007, 1.67312972366e-008, 1.54880760994e-010, 1.26413150781e-011]
        min: [4.56148908379e-025, 8.34721531161e-025, 1.0103872469e-024, 1.0946637226e-024, 6.00912625185e-024, 9.02649988722e-024, 9.12895793046e-024, 9.18791345021e-024, 2.99977138757e-023, 1.70662152458e-023, 2.04072999258e-023, 3.43712944183e-023, 2.00921263284e-023, 4.10132066286e-023, 4.56279261727e-023, 7.20018717962e-023, 6.61687187186e-023, 9.5123340752e-023, 1.08321823044e-022, 1.83079318511e-022, 2.50384274612e-022, 2.63741519895e-022, 3.81605316096e-022, 6.4459826379e-022, 8.94300482953e-022, 1.38624706815e-021, 2.02153551108e-021, 4.98826209593e-022]
        var: [1.37272929569e-012, 5.19056886361e-009, 1.08118287656e-008, 1.30436941248e-008, 1.23235906813e-007, 3.26727018773e-008, 3.88261902629e-008, 1.53848951356e-008, 1.64824058402e-007, 9.61420383305e-008, 7.52240012503e-008, 2.6210168258e-008, 1.50629357876e-008, 2.4383894015e-008, 6.72968383242e-008, 7.30928420012e-008, 1.29560660866e-007, 1.45621129377e-007, 3.78746790375e-007, 2.30975487625e-007, 3.89002501322e-008, 1.63342162018e-009, 5.4427618662e-011, 7.94618017219e-012, 1.20943988331e-012, 2.62695897174e-015, 1.87527505883e-019, 5.5046163657e-021]
    mfcc:
        mean: [-710.403076172, 97.3017120361, -67.2987213135, 58.1833305359, -16.0979099274, -6.73162126541, -0.426889538765, -4.83542919159, 2.38644456863, -1.31732320786, -6.29037284851, -6.62720727921, -5.38247776031]
        cov: [[5932.00683594, -217.380172729, -604.579772949, 454.207122803, -503.480682373, 153.734375, -98.1314468384, 145.183517456, 83.9366912842, 42.0054855347, -66.2487106323, -69.5243988037, -21.2598514557], [-217.380172729, 621.890319824, -122.676589966, -3.68587756157, 28.6273670197, -75.9471359253, 36.1350250244, -65.069190979, -9.26533031464, -16.6331577301, 12.3088502884, 2.18325042725, -11.2967834473], [-604.579772949, -122.676589966, 341.369384766, -17.8311634064, 113.539482117, 13.0752182007, 14.0187454224, -7.67988586426, -29.6587371826, -15.3188800812, 8.04461956024, 8.15001487732, 13.4429550171], [454.207122803, -3.68587756157, -17.8311634064, 236.32572937, 29.3352565765, 37.7587623596, -20.2068138123, -11.0814418793, 4.131772995, 5.51092290878, -1.20681428909, -6.08057689667, 17.2572441101], [-503.480682373, 28.6273670197, 113.539482117, 29.3352565765, 227.350723267, 12.3840436935, -0.220772206783, -30.3307991028, -29.6049785614, -14.3628635406, -12.8244504929, 11.3168144226, 14.9625720978], [153.734375, -75.9471359253, 13.0752182007, 37.7587623596, 12.3840436935, 96.5921630859, 31.3098316193, 24.3143787384, -3.50225377083, -11.3133935928, 3.65023565292, 3.57704401016, 2.70723104477], [-98.1314468384, 36.1350250244, 14.0187454224, -20.2068138123, -0.220772206783, 31.3098316193, 94.1776123047, 41.8339729309, 4.02137565613, -10.8391160965, 5.78890180588, 4.20455360413, -4.89839696884], [145.183517456, -65.069190979, -7.67988586426, -11.0814418793, -30.3307991028, 24.3143787384, 41.8339729309, 88.6482925415, 35.3251876831, 4.96050548553, -2.28947734833, -0.783869981766, -4.13329696655], [83.9366912842, -9.26533031464, -29.6587371826, 4.131772995, -29.6049785614, -3.50225377083, 4.02137565613, 35.3251876831, 66.4808578491, 40.0582046509, 8.10779380798, -5.88847732544, -8.81604194641], [42.0054855347, -16.6331577301, -15.3188800812, 5.51092290878, -14.3628635406, -11.3133935928, -10.8391160965, 4.96050548553, 40.0582046509, 72.9997329712, 24.6264820099, -0.514074802399, -7.98362827301], [-66.2487106323, 12.3088502884, 8.04461956024, -1.20681428909, -12.8244504929, 3.65023565292, 5.78890180588, -2.28947734833, 8.10779380798, 24.6264820099, 55.614818573, 19.5978546143, 1.28551721573], [-69.5243988037, 2.18325042725, 8.15001487732, -6.08057689667, 11.3168144226, 3.57704401016, 4.20455360413, -0.783869981766, -5.88847732544, -0.514074802399, 19.5978546143, 42.8876190186, 21.0284881592], [-21.2598514557, -11.2967834473, 13.4429550171, 17.2572441101, 14.9625720978, 2.70723104477, -4.89839696884, -4.13329696655, -8.81604194641, -7.98362827301, 1.28551721573, 21.0284881592, 49.117515564]]
        icov: [[0.000355043332092, -3.23356107401e-005, 0.000338656594977, -0.000653092982247, 0.000711532891728, -0.000531598110683, 0.00060180289438, -0.00072853063466, 0.000547583971638, -0.000374688534066, 0.000576280232053, -5.73101169721e-005, 0.000141107069794], [-3.23356107401e-005, 0.00285669113509, 0.00134663237259, -0.000312185060466, -0.00100943446159, 0.00285559124313, -0.00337876589037, 0.00324140442535, -0.00169655831996, 0.0019908931572, -0.00151691702195, 0.000184099000762, 0.000450046558399], [0.000338656594977, 0.00134663237259, 0.00476269610226, -0.000222430826398, -0.00175608252175, 0.000698040239513, -0.00111028004903, 3.51535818481e-005, 0.00102860643528, 0.000729216495529, -0.00185897771735, 0.00135672243778, -0.000609382346738], [-0.000653092982247, -0.000312185060466, -0.000222430826398, 0.00649549253285, -0.0020244801417, -0.00212075188756, 0.00072893925244, 0.0017437612405, -0.00184004218318, 0.000246703828452, -0.00151097297203, 0.00246957410127, -0.00293064373545], [0.000711532891728, -0.00100943446159, -0.00175608252175, -0.0020244801417, 0.00789707060903, -0.00257723266259, 0.00141817098483, -0.000281359971268, 0.00239151576534, -0.00239522522315, 0.00479065580294, -0.00275734229945, 0.000216898013605], [-0.000531598110683, 0.00285559124313, 0.000698040239513, -0.00212075188756, -0.00257723266259, 0.0173911340535, -0.00743551366031, 0.000435579626355, -0.000261359411525, 0.00392369646579, -0.0040774429217, 1.02842477645e-005, 0.000795580621343], [0.00060180289438, -0.00337876589037, -0.00111028004903, 0.00072893925244, 0.00141817098483, -0.00743551366031, 0.0207277946174, -0.0123228980228, 0.00416779099032, -0.000305314781144, -0.000563857436646, -0.000426852202509, 0.00143506354652], [-0.00072853063466, 0.00324140442535, 3.51535818481e-005, 0.0017437612405, -0.000281359971268, 0.000435579626355, -0.0123228980228, 0.026797382161, -0.0161804556847, 0.00582255143672, 0.00121313217096, -0.00194849236868, -0.000259672669927], [0.000547583971638, -0.00169655831996, 0.00102860643528, -0.00184004218318, 0.00239151576534, -0.000261359411525, 0.00416779099032, -0.0161804556847, 0.0350235663354, -0.0181182641536, 0.00240179384127, 0.0022792192176, 0.000854426587466], [-0.000374688534066, 0.0019908931572, 0.000729216495529, 0.000246703828452, -0.00239522522315, 0.00392369646579, -0.000305314781144, 0.00582255143672, -0.0181182641536, 0.0285117030144, -0.0123565122485, 0.00229254411533, 0.00170658074785], [0.000576280232053, -0.00151691702195, -0.00185897771735, -0.00151097297203, 0.00479065580294, -0.0040774429217, -0.000563857436646, 0.00121313217096, 0.00240179384127, -0.0123565122485, 0.031337145716, -0.0158677343279, 0.00414730980992], [-5.73101169721e-005, 0.000184099000762, 0.00135672243778, 0.00246957410127, -0.00275734229945, 1.02842477645e-005, -0.000426852202509, -0.00194849236868, 0.0022792192176, 0.00229254411533, -0.0158677343279, 0.0396575331688, -0.0163700021803], [0.000141107069794, 0.000450046558399, -0.000609382346738, -0.00293064373545, 0.000216898013605, 0.000795580621343, 0.00143506354652, -0.000259672669927, 0.000854426587466, 0.00170658074785, 0.00414730980992, -0.0163700021803, 0.0290623437613]]
    sccoeffs:
        dmean: [0.0481001287699, 0.0441886894405, 0.0365299396217, 0.0283294972032, 0.0174297951162, 0.0174289010465]
        dmean2: [0.0799985975027, 0.0735516250134, 0.0605360753834, 0.0478379651904, 0.0296238474548, 0.0271974112839]
        dvar: [0.00153195520397, 0.00119536544662, 0.000829622556921, 0.000477866880829, 0.000183559575817, 0.000260564585915]
        dvar2: [0.00409486936405, 0.0032876029145, 0.0022307629697, 0.00134125503246, 0.000511722813826, 0.00055946019711]
        max: [-0.389683514833, -0.519649326801, -0.569130957127, -0.629372954369, -0.604776322842, -0.616897523403]
        mean: [-0.706001996994, -0.767427921295, -0.775615215302, -0.792176783085, -0.805240690708, -0.722567677498]
        median: [-0.710345029831, -0.770765125751, -0.776006579399, -0.792944610119, -0.805131554604, -0.716743946075]
        min: [-0.978613555431, -0.987451970577, -0.98509645462, -0.979675769806, -0.979844629765, -0.964191496372]
        var: [0.00401269691065, 0.00343162962236, 0.00345483771525, 0.00153521599714, 0.000733738823328, 0.00176333740819]
    scvalleys:
        dmean: [0.388611882925, 0.324981868267, 0.277900159359, 0.207509487867, 0.140404671431, 0.236766889691]
        dmean2: [0.65051561594, 0.535858273506, 0.45683413744, 0.342899888754, 0.229195684195, 0.318013250828]
        dvar: [0.110640078783, 0.0810183137655, 0.0612236745656, 0.0388634726405, 0.0264089256525, 0.087333753705]
        dvar2: [0.289990305901, 0.198678791523, 0.141504451632, 0.0823010578752, 0.0462437011302, 0.153474092484]
        max: [-5.15694665909, -5.10241365433, -5.1537156105, -5.61959457397, -5.51712608337, -8.3059425354]
        mean: [-7.14099311829, -6.89226770401, -7.10575771332, -7.05993032455, -6.7319355011, -10.0728769302]
        median: [-6.92790794373, -6.6504149437, -6.84214687347, -6.73744153976, -6.23320007324, -9.70114517212]
        min: [-28.3280677795, -27.8805408478, -27.6540489197, -27.6807460785, -27.5165691376, -27.4095153809]
        var: [3.13877153397, 3.0316183567, 2.97513246536, 2.88196897507, 3.11396837234, 2.8690059185]

rhythm:
    beats_loudness:
        dmean: 0.00150551984552
        dmean2: 0.00264201592654
        dvar: 1.9203289412e-006
        dvar2: 5.51895163881e-006
        max: 0.0124360565096
        mean: 0.00535166310146
        median: 0.00557772256434
        min: 0
        var: 9.49912919168e-006
    bpm: 124.956718445
    bpm_confidence: 0
    first_peak_bpm: 126
    first_peak_spread: 0.38430583477
    first_peak_weight: 0.596491217613
    onset_rate: 2.02223825455
    second_peak_bpm: 120
    second_peak_spread: 0.0625
    second_peak_weight: 0.0292397662997
    beats_loudness_band_ratio:
        dmean: [0.0749799236655, 0.0910245105624, 0.0774221047759, 0.0699941888452, 0.0865404680371, 0.0836997777224]
        dmean2: [0.124895319343, 0.171050727367, 0.135126426816, 0.125784441829, 0.146731123328, 0.140651598573]
        dvar: [0.00693213939667, 0.00777015136555, 0.00549246137962, 0.00466293375939, 0.00442453380674, 0.0058899205178]
        dvar2: [0.019143819809, 0.0258047245443, 0.0151746766642, 0.0120450481772, 0.0127619216219, 0.0158667881042]
        max: [0.605793714523, 0.622429013252, 0.641753554344, 0.533830583096, 0.765480816364, 0.755859196186]
        mean: [0.116961799562, 0.112942121923, 0.121952317655, 0.102157913148, 0.294022083282, 0.293709367514]
        median: [0.0775673985481, 0.0794985741377, 0.0998561382294, 0.0798604637384, 0.293292045593, 0.301977336407]
        min: [0, 0, 0, 0, 0, 0]
        var: [0.0112631842494, 0.0104534421116, 0.00801291689277, 0.00562469474971, 0.010628817603, 0.0142183173448]
    beats_position: [0.487619042397, 0.975238084793, 1.46285712719, 1.93886613846, 2.41487526894, 2.90249419212, 3.39011335373, 3.87773227692, 4.3653512001, 4.841360569, 5.31736946106, 5.79337835312, 6.26938772202, 6.7570066452, 7.24462556839, 7.72063493729, 8.19664382935, 8.68426322937, 9.17188167572, 9.64789104462, 10.1239004135, 10.6115188599, 11.0875282288, 11.5635375977, 12.051156044, 12.5271654129, 13.0031747818, 13.479183197, 13.9551925659, 14.4195919037, 14.90721035, 15.3948297501, 15.8824491501, 16.3584575653, 16.8344669342, 17.3220863342, 17.7980957031, 18.2741031647, 18.7617225647, 19.2493419647, 19.7369613647, 20.2245807648, 20.7005901337, 21.1765975952, 21.6642169952, 22.1518363953, 22.6394557953, 23.1386852264, 23.6379127502, 24.1371421814, 24.6363716125, 25.1356010437, 25.6348285675, 26.1340579987, 26.6332874298, 27.1209068298, 27.6085262299, 28.0961437225, 28.5837631226, 29.0713825226, 29.5473918915, 30.0234012604, 30.5110206604, 30.9870281219, 31.4630374908, 31.9506568909, 32.4266662598, 32.9026756287, 33.3902931213, 33.8663024902, 34.3423118591, 34.8299331665, 35.3175506592, 35.7935600281, 36.269569397, 36.7455787659, 37.2215881348, 37.7092056274, 38.1968231201, 38.672832489, 39.1488418579, 39.6248512268, 40.1008605957, 40.5884780884, 41.0644874573, 41.5404968262, 42.0281181335, 42.5041275024, 42.9801368713, 43.467754364, 43.9437637329, 44.4197731018, 44.9073905945, 45.3950119019, 45.8710212708, 46.3586387634, 46.8346481323, 47.3106575012, 47.7866668701, 48.262676239, 48.7386856079, 49.2263031006, 49.7023124695, 50.1899299622, 50.6659393311, 51.1535606384, 51.6411781311, 52.1171875, 52.5931968689, 53.0692062378, 53.5452156067, 54.0328330994, 54.5204544067, 54.9964599609, 55.4724693298, 55.9600906372, 56.4477081299, 56.9237174988, 57.3997268677, 57.8757362366, 58.3517456055, 58.8393630981, 59.3269844055, 59.8029937744, 60.2789993286, 60.7550086975, 61.2310180664, 61.7186393738, 62.2062568665, 62.6822662354, 63.1582756042, 63.6342849731, 64.1102905273, 64.5979156494, 65.0855331421, 65.5615386963, 66.0375518799, 66.5135574341, 66.9895706177, 67.4771881104, 67.964805603, 68.4408187866, 68.9168243408, 69.392829895, 69.8688430786, 70.3564605713, 70.844078064, 71.3200912476, 71.7960968018, 72.2721099854, 72.7481155396, 73.2357330322, 73.7233581543, 74.1993637085, 74.6753692627, 75.1513824463, 75.6273880005, 76.1150131226, 76.6026306152, 77.0786361694, 77.554649353, 78.0422668457, 78.5298843384, 79.005897522, 79.4819030762, 79.9579086304, 80.433921814, 80.9099273682, 81.3975524902, 81.8851699829, 82.3727874756, 82.8487930298, 83.3248062134, 83.8008117676, 84.2884368896, 84.7644424438, 85.2520599365, 85.7280731201, 86.2156906128, 86.7033081055, 87.1793212891, 87.6553268433, 88.1313400269, 88.6073455811, 89.0833511353, 89.5593643188, 90.0469818115, 90.5229949951, 90.9990005493, 91.4750061035, 91.9510192871, 92.4386367798, 92.9262542725, 93.4022674561, 93.8782730103, 94.3542861938, 94.830291748, 95.3179092407, 95.7939224243, 96.2699279785, 96.7575454712, 97.2335586548, 97.7211761475, 98.1971893311, 98.6848068237, 99.1608123779, 99.6368255615, 100.112831116, 100.600448608, 101.076461792, 101.552467346, 102.02848053, 102.516098022, 103.003715515, 103.479728699, 103.955734253, 104.431747437, 104.907752991, 105.395370483, 105.871383667, 106.35900116, 106.835006714, 107.322631836, 107.79863739, 108.274642944, 108.762268066, 109.249885559, 109.725891113, 110.201904297, 110.677909851, 111.153923035, 111.641540527, 112.12915802, 112.605171204, 113.081176758, 113.557182312, 114.033195496, 114.520812988, 114.996826172, 115.472831726, 115.960449219, 116.448066711, 116.924079895, 117.411697388, 117.887710571, 118.352104187, 118.839729309, 119.315734863, 119.791740417, 120.267753601, 120.743759155, 121.231384277, 121.71900177, 122.195007324, 122.671020508, 123.158638, 123.634643555, 124.110656738, 124.598274231, 125.074279785, 125.550292969, 126.026298523, 126.513923645, 126.989929199, 127.465942383, 127.941947937, 128.417953491, 128.893966675, 129.381591797, 129.86920166, 130.345214844, 130.832824707, 131.320449829, 131.796463013, 132.284072876, 132.771697998, 133.236099243, 133.712112427, 134.188110352, 134.664123535, 135.151748657, 135.627746582, 136.115371704, 136.602996826, 137.090606689, 137.566619873, 138.042633057, 138.518630981, 138.994644165, 139.482269287, 139.96987915, 140.445892334, 140.921905518, 141.409515381, 141.897140503, 142.373153687, 142.849151611, 143.325164795, 143.801177979, 144.277191162, 144.753189087, 145.229202271, 145.705215454, 146.192825317, 146.680450439, 147.156463623, 147.632461548, 148.12008667, 148.607711792, 149.083709717, 149.571334839, 150.047348022, 150.523345947, 150.999359131, 151.486984253, 151.962997437, 152.4506073, 152.926620483, 153.402633667, 153.878631592, 154.366256714, 154.842269897, 155.329879761, 155.805892944, 156.281906128, 156.757904053, 157.233917236, 157.70993042, 158.197555542, 158.685165405, 159.161178589, 159.637191772, 160.124801636, 160.600814819, 161.076828003, 161.552825928, 162.028839111, 162.516464233, 163.004074097, 163.48008728, 163.956100464, 164.443710327, 164.931335449, 165.407348633, 165.883346558, 166.37097168, 166.846984863, 167.322982788, 167.798995972, 168.275009155, 168.751022339, 169.227020264, 169.714645386, 170.190658569, 170.666656494, 171.154281616, 171.6302948, 172.106307983, 172.582305908, 173.06993103, 173.545944214, 174.033554077, 174.521179199, 174.997192383, 175.484802246, 175.96081543, 176.436828613, 176.912826538, 177.40045166, 177.876464844, 178.364074707, 178.851699829, 179.339309692, 179.815322876, 180.29133606, 180.767349243, 181.243347168, 181.719360352, 182.195373535, 182.671386719, 183.135772705, 183.623397827, 184.111022949, 184.598632813, 185.086257935, 185.55065918, 186.026657104, 186.502670288, 186.99029541, 187.466293335, 187.953918457, 188.429931641, 188.905944824, 189.381942749, 189.869567871, 190.345581055, 190.821578979, 191.309204102, 191.796829224, 192.284439087, 192.760452271, 193.236465454, 193.712463379, 194.188476563, 194.676101685, 195.152099609, 195.639724731, 196.127349854, 196.603347778, 197.079360962, 197.555374146, 198.03137207, 198.518997192, 198.995010376, 199.482620239, 199.958633423, 200.434646606, 200.92225647, 201.398269653, 201.874282837, 202.361907959, 202.837905884, 203.313919067, 203.801544189, 204.289154053, 204.765167236, 205.24118042, 205.717178345, 206.193191528, 206.68081665, 207.168426514, 207.644439697, 208.120452881, 208.608062744, 209.084075928, 209.560089111, 210.036102295, 210.51210022, 210.999725342, 211.475738525, 211.95173645, 212.439361572, 212.926986694, 213.402984619, 213.878997803, 214.366622925, 214.854232788, 215.330245972, 215.806259155, 216.28225708, 216.758270264, 217.245895386, 217.733505249, 218.209518433, 218.685531616, 219.1615448, 219.637542725, 220.113555908, 220.589569092, 221.065567017, 221.5415802, 222.029205322, 222.516815186, 223.004440308, 223.49206543, 223.968063354, 224.444076538, 224.920089722, 225.396102905, 225.883712769, 226.371337891, 226.847335815, 227.334960938, 227.82258606, 228.298583984, 228.774597168, 229.250610352, 229.726623535, 230.20262146, 230.678634644, 231.154647827, 231.630645752, 232.106658936, 232.582672119, 233.081893921, 233.557907104, 234.033920288, 234.509933472, 234.997543335, 235.473556519, 235.961181641, 236.437179565, 236.924804688, 237.400817871, 237.888427734, 238.364440918, 238.840454102, 239.316452026, 239.804077148, 240.291702271, 240.767700195, 241.243713379, 241.731338501, 242.230560303, 242.718185425, 243.205795288, 243.681808472, 244.157821655, 244.657043457, 245.156280518, 245.655502319, 246.15473938, 246.653961182, 247.164810181]
