
metadata:
    version:
        essentia: "2.1-beta2"
    audio_properties:
        analysis_sample_rate: 44100
        bitrate: 320
        channels: 2
        equal_loudness: 1
        length: 255.451431274
        replay_gain: -15.3096351624
        downmix: "mix"
    tags:
        album: "Dancing With the Dead"
        artist: "Pain"
        comment: ""
        date: "2005"
        genre: "Industrial Metal"
        title: "Not Afraid To Die"
        tracknumber: "5"

configuration:
    average_loudness:
        compute: 1
        frameSize: 88200
        hopSize: 44100
        silentFrames: "noise"
        windowType: "hann"
    general:
        analysisSampleRate: 44100
        endTime: 2000
        equalLoudness: 1
        nequalLoudness: 0
        shortSound: 0
        startTime: 0
    lowlevel:
        compute: 1
        frameSize: 2048
        hopSize: 1024
        zeroPadding: 0
        silentFrames: "noise"
        windowType: "blackmanharris62"
        mfccStats: ["mean", "cov", "icov"]
        stats: ["mean", "var", "median", "min", "max", "dmean", "dmean2", "dvar", "dvar2"]
    panning:
        compute: 0
        frameSize: 8192
        hopSize: 2048
        zeroPadding: 8192
        silentFrames: "noise"
        windowType: "hann"
        stats: ["copy"]
    rhythm:
        compute: 1
        maxTempo: 208
        minTempo: 40
        method: "degara"
        stats: ["mean", "var", "median", "min", "max", "dmean", "dmean2", "dvar", "dvar2"]
    segmentation:
        compute: 0
        cpw: 5
        inc1: 300
        inc2: 50
        minimumSegmentsLength: 10
        size1: 1000
        size2: 600
    sfx:
        compute: 1
        stats: ["mean", "var", "median", "min", "max", "dmean", "dmean2", "dvar", "dvar2"]
    svm:
        compute: 0
    tonal:
        compute: 1
        frameSize: 4096
        hopSize: 2048
        zeroPadding: 0
        silentFrames: "noise"
        windowType: "blackmanharris62"
        stats: ["mean", "var", "median", "min", "max", "dmean", "dmean2", "dvar", "dvar2"]

lowlevel:
    average_loudness: 0.901414096355
    barkbands_kurtosis:
        dmean: 0.623671293259
        dmean2: 1.02056062222
        dvar: 0.497656553984
        dvar2: 1.27697849274
        max: 12.5133924484
        mean: -0.626714169979
        median: -0.893886268139
        min: -1.84544527531
        var: 1.11600768566
    barkbands_skewness:
        dmean: 0.327019274235
        dmean2: 0.522062540054
        dvar: 0.0758979693055
        dvar2: 0.190936714411
        max: 1.71117436886
        mean: -0.670330703259
        median: -0.700124144554
        min: -3.34158396721
        var: 0.293664932251
    barkbands_spread:
        dmean: 5.26616811752
        dmean2: 8.4350605011
        dvar: 21.560338974
        dvar2: 54.9653778076
        max: 69.1893386841
        mean: 32.0433235168
        median: 31.9892120361
        min: 3.43250107765
        var: 69.7900009155
    dissonance:
        dmean: 0.00793271698058
        dmean2: 0.0135290771723
        dvar: 5.16876898473e-005
        dvar2: 0.000142333898111
        max: 0.500000119209
        mean: 0.486448287964
        median: 0.488533943892
        min: 0.395345330238
        var: 9.07384383027e-005
    hfc:
        dmean: 2.24110841751
        dmean2: 3.56566309929
        dvar: 7.00502824783
        dvar2: 17.5462436676
        max: 41.1494102478
        mean: 10.3409347534
        median: 9.82870197296
        min: 1.06059093056e-016
        var: 45.0318908691
    pitch:
        dmean: 937.984008789
        dmean2: 1790.03491211
        dvar: 1612446
        dvar2: 3824801.75
        max: 4294.18798828
        mean: 2211.93847656
        median: 3148.00219727
        min: 78.8427886963
        var: 2152827
    pitch_instantaneous_confidence:
        dmean: 0.0742146745324
        dmean2: 0.123444132507
        dvar: 0.00341670494527
        dvar2: 0.0092524336651
        max: 0.817301571369
        mean: 0.355659097433
        median: 0.345703661442
        min: 0.0997480154037
        var: 0.00865445099771
    pitch_salience:
        dmean: 0.0444765985012
        dmean2: 0.0740458890796
        dvar: 0.00132475665305
        dvar2: 0.00356506323442
        max: 0.991971671581
        mean: 0.69664734602
        median: 0.707622945309
        min: 0.358090162277
        var: 0.00415857182816
    silence_rate_20dB:
        dmean: 0
        dmean2: 0
        dvar: 0
        dvar2: 0
        max: 1
        mean: 1
        median: 1
        min: 1
        var: 0
    silence_rate_30dB:
        dmean: 0
        dmean2: 0
        dvar: 0
        dvar2: 0
        max: 1
        mean: 1
        median: 1
        min: 1
        var: 0
    silence_rate_60dB:
        dmean: 0.0568987466395
        dmean2: 0.113807834685
        dvar: 0.0536591485143
        dvar2: 0.120115913451
        max: 1
        mean: 0.31591385603
        median: 0
        min: 0
        var: 0.216144248843
    spectral_centroid:
        dmean: 219.37008667
        dmean2: 349.274261475
        dvar: 42065.8789063
        dvar2: 101960.617188
        max: 11508.7988281
        mean: 2166.18359375
        median: 2207.15356445
        min: 594.323913574
        var: 262606.84375
    spectral_complexity:
        dmean: 3.58298492432
        dmean2: 5.72838830948
        dvar: 11.7355241776
        dvar2: 28.3943843842
        max: 50
        mean: 19.9197483063
        median: 21
        min: 0
        var: 125.661705017
    spectral_crest:
        dmean: 1.35657823086
        dmean2: 2.2679502964
        dvar: 1.44756412506
        dvar2: 3.94946050644
        max: 17.1481342316
        mean: 5.58050680161
        median: 5.27346944809
        min: 2.56972527504
        var: 2.5802462101
    spectral_decrease:
        dmean: 2.02774533276e-010
        dmean2: 3.16029230563e-010
        dvar: 5.94195305634e-020
        dvar2: 1.44406205734e-019
        max: 8.98197392611e-029
        mean: -9.8304531182e-010
        median: -9.5415830792e-010
        min: -3.73645780982e-009
        var: 3.46812429015e-019
    spectral_energy:
        dmean: 0.000941936217714
        dmean2: 0.00147006113548
        dvar: 1.27396333482e-006
        dvar2: 3.09920369546e-006
        max: 0.0170273855329
        mean: 0.00464820489287
        median: 0.00450200773776
        min: 9.92635395095e-021
        var: 7.89641308074e-006
    spectral_energyband_high:
        dmean: 0.000143522280268
        dmean2: 0.000234989071032
        dvar: 4.25300648033e-008
        dvar2: 1.13100028898e-007
        max: 0.00285371555947
        mean: 0.000440594682004
        median: 0.000391023349948
        min: 7.26326212471e-021
        var: 1.14589930433e-007
    spectral_energyband_low:
        dmean: 0.000201546528842
        dmean2: 0.000329856498865
        dvar: 9.6079148193e-008
        dvar2: 2.57734598108e-007
        max: 0.00358253787272
        mean: 0.000313767930493
        median: 0.00021549052326
        min: 1.53595525427e-023
        var: 1.23902523796e-007
    spectral_energyband_middle_high:
        dmean: 0.000665570027195
        dmean2: 0.00106187013444
        dvar: 5.37548828561e-007
        dvar2: 1.33300670768e-006
        max: 0.0121868513525
        mean: 0.00303978356533
        median: 0.00282189506106
        min: 1.20988543667e-021
        var: 4.21798722527e-006
    spectral_energyband_middle_low:
        dmean: 0.000360626232577
        dmean2: 0.000576047343202
        dvar: 2.36132962073e-007
        dvar2: 6.12914789144e-007
        max: 0.0064735095948
        mean: 0.000950060726609
        median: 0.000856478291098
        min: 2.17459971975e-022
        var: 4.33355751284e-007
    spectral_flatness_db:
        dmean: 0.0105335777625
        dmean2: 0.0169149115682
        dvar: 7.77225432103e-005
        dvar2: 0.000187137862667
        max: 0.326383709908
        mean: 0.138808399439
        median: 0.132051542401
        min: 0.0602305158973
        var: 0.000741580268368
    spectral_flux:
        dmean: 0.00518654566258
        dmean2: 0.00787976849824
        dvar: 3.01281379507e-005
        dvar2: 6.1841274146e-005
        max: 0.0913077965379
        mean: 0.0395316816866
        median: 0.0410151481628
        min: 6.31266705575e-011
        var: 0.000246663024882
    spectral_kurtosis:
        dmean: 0.965687870979
        dmean2: 1.67412924767
        dvar: 1.05652046204
        dvar2: 3.21416950226
        max: 16.0874481201
        mean: 3.77715373039
        median: 3.73511528969
        min: -1.24784839153
        var: 1.63497042656
    spectral_rms:
        dmean: 0.000206590702874
        dmean2: 0.000318430305924
        dvar: 4.75080952356e-008
        dvar2: 1.11720403595e-007
        max: 0.00407579215243
        mean: 0.00200007553212
        median: 0.00209575821646
        min: 3.1119523191e-012
        var: 5.34546131803e-007
    spectral_rolloff:
        dmean: 188.35975647
        dmean2: 315.580108643
        dvar: 52121.6015625
        dvar2: 117399
        max: 19229.1503906
        mean: 3612.83544922
        median: 3596.04492188
        min: 1141.25976563
        var: 430649.46875
    spectral_skewness:
        dmean: 0.132461056113
        dmean2: 0.22233659029
        dvar: 0.0154365077615
        dvar2: 0.0426553338766
        max: 2.57463359833
        mean: 1.21319055557
        median: 1.24316084385
        min: -0.179382905364
        var: 0.0569126084447
    spectral_spread:
        dmean: 310987.9375
        dmean2: 472632.65625
        dvar: 214457974784
        dvar2: 431801565184
        max: 43009020
        mean: 3965444.25
        median: 3908343.5
        min: 1387003.875
        var: 2.5739001856e+012
    spectral_strongpeak:
        dmean: 0.729189574718
        dmean2: 1.27355194092
        dvar: 0.734038233757
        dvar2: 1.90376961231
        max: 7.89939022064
        mean: 0.92236661911
        median: 0.450384348631
        min: 2.32992042326e-010
        var: 1.07294535637
    zerocrossingrate:
        dmean: 0.00596988387406
        dmean2: 0.00756984623149
        dvar: 4.05176251661e-005
        dvar2: 5.74666155444e-005
        max: 0.517578125
        mean: 0.116236455739
        median: 0.1171875
        min: 0.0517578125
        var: 0.000440563075244
    barkbands:
        dmean: [2.49976210398e-007, 6.18645062787e-005, 0.000122954705148, 0.000102455778688, 0.000171176259755, 8.2066791947e-005, 9.35008865781e-005, 6.45675900159e-005, 7.32792541385e-005, 6.5641994297e-005, 9.55807772698e-005, 5.00720452692e-005, 5.25888863194e-005, 4.89572885272e-005, 0.000109969798359, 0.000113572867122, 0.000233816637774, 0.000257781299297, 0.000271150522167, 0.000158780894708, 7.03201294527e-005, 2.3256696295e-005, 3.91902722185e-006, 1.3886041188e-006, 6.22896777713e-007, 2.95092839053e-008, 3.33030464317e-010]
        dmean2: [3.59753840939e-007, 0.00010414487042, 0.000205911404919, 0.000170296669239, 0.000285691698082, 0.000136472575832, 0.000149013518239, 0.000103910104372, 0.000116907678603, 0.000104653954622, 0.000152442298713, 8.19037377369e-005, 8.63728637341e-005, 8.01511559985e-005, 0.000178379632416, 0.000187627709238, 0.000396942108637, 0.000432038563304, 0.000448126462288, 0.000264248548774, 0.000115557311801, 3.96833638661e-005, 6.34842763247e-006, 2.12456075133e-006, 9.51576225816e-007, 4.498494377e-008, 5.3645643483e-010]
        dvar: [3.46167268028e-013, 1.53852415252e-008, 3.88709153754e-008, 1.79259433963e-008, 8.07986708651e-008, 1.26285337743e-008, 2.05478762894e-008, 1.07577999842e-008, 1.58809960737e-008, 1.38711140352e-008, 3.36941532453e-008, 8.64076454832e-009, 1.07602815547e-008, 7.06175740106e-009, 3.5276343624e-008, 3.97151609377e-008, 8.04774842322e-008, 9.06540549295e-008, 9.96770168626e-008, 4.28402771036e-008, 7.92043142184e-009, 1.94028615397e-009, 4.83652076722e-011, 8.20618226149e-012, 1.66192049272e-012, 2.05894968874e-015, 1.42421605575e-019]
        dvar2: [6.37581946874e-013, 3.91041048431e-008, 1.0914780546e-007, 4.74153338814e-008, 2.1729036348e-007, 3.44536772445e-008, 4.92415956899e-008, 2.56538115195e-008, 3.99979569465e-008, 3.28223777046e-008, 8.0984918327e-008, 2.14559694456e-008, 2.67507775931e-008, 1.74513257178e-008, 8.69188525598e-008, 9.99996316864e-008, 2.2648626441e-007, 2.45301322366e-007, 2.65123134113e-007, 1.1366869046e-007, 2.12829682766e-008, 5.47049827659e-009, 1.23595425561e-010, 1.57743297591e-011, 3.73596683104e-012, 4.8510135931e-015, 3.50286199847e-019]
        max: [1.31748874992e-005, 0.0013926589163, 0.00263574672863, 0.0013923717197, 0.00347713544033, 0.00170004123356, 0.00310806022026, 0.00237338081934, 0.00231070816517, 0.0027240277268, 0.00334282009862, 0.00225691660307, 0.00245373253711, 0.00167433149181, 0.00377703481354, 0.00551851792261, 0.00432459264994, 0.00392093556002, 0.00389710953459, 0.00282233138569, 0.00107999495231, 0.000614702352323, 9.53427661443e-005, 6.01585779805e-005, 2.96845919365e-005, 6.18969068e-007, 5.63413182775e-009]
        mean: [3.51690260914e-007, 7.7403819887e-005, 0.000161740841577, 0.000151220388943, 0.00025274863583, 0.000140440170071, 0.000152367807459, 0.00010510058928, 0.000122779791127, 0.000115379421914, 0.000170261628227, 8.09267585282e-005, 8.3277343947e-005, 8.31736906548e-005, 0.000192249601241, 0.000236880368902, 0.000520048954058, 0.000632001552731, 0.000696057046298, 0.000411911285482, 0.000198099995032, 5.0359787565e-005, 8.54714107845e-006, 3.40957376466e-006, 1.41504392559e-006, 5.19748013517e-008, 5.23687426757e-010]
        median: [1.11392239432e-007, 4.05980608775e-005, 9.33283445193e-005, 9.40413447097e-005, 0.000172898769961, 0.000100566154288, 9.17723518796e-005, 5.97633406869e-005, 6.76428608131e-005, 5.96085992584e-005, 6.43976527499e-005, 4.23951714765e-005, 3.78142067348e-005, 4.71852472401e-005, 0.000115294758871, 0.000161979871336, 0.000432107422967, 0.000531286117621, 0.000598819111474, 0.000340518745361, 0.000170203173184, 4.06420549552e-005, 5.81178392167e-006, 2.18073137148e-006, 1.01290231669e-006, 3.41009354088e-008, 3.65156155313e-010]
        min: [1.90928142941e-024, 8.61091455172e-024, 2.36429738562e-024, 4.685771457e-024, 2.16006113949e-023, 3.10511019305e-023, 7.7566602329e-024, 1.89537968867e-023, 3.78882351267e-023, 3.54748887366e-023, 1.89030762859e-023, 2.63744615385e-023, 3.79834317053e-023, 4.44677326622e-023, 7.0575194761e-023, 5.56038138485e-023, 8.68135178417e-023, 9.87414039622e-023, 1.21749977456e-022, 1.80789324723e-022, 3.57615967616e-022, 3.58271264904e-022, 5.44767651177e-022, 6.39778361525e-022, 9.68066373951e-022, 1.43589900851e-021, 1.90751948807e-021]
        var: [6.50874048668e-013, 1.66035150073e-008, 4.33090399099e-008, 2.7860574292e-008, 8.28676363085e-008, 1.91043323383e-008, 3.68581360988e-008, 1.92319795644e-008, 2.95799580385e-008, 3.35673284724e-008, 9.52788781206e-008, 1.64904818689e-008, 1.9926666539e-008, 1.24910410904e-008, 6.55773320091e-008, 9.06099160147e-008, 1.7637640326e-007, 2.47222942562e-007, 2.98002476029e-007, 1.16513263038e-007, 2.39061712648e-008, 2.45100206797e-009, 9.44347794407e-011, 2.59198600083e-011, 3.42388118725e-012, 3.45322140057e-015, 2.74819539884e-019]
    frequency_bands:
        dmean: [2.49976210398e-007, 6.18645062787e-005, 0.000122954705148, 0.000102455778688, 0.000171176259755, 8.2066791947e-005, 9.35008865781e-005, 6.45675900159e-005, 7.32792541385e-005, 6.5641994297e-005, 9.55807772698e-005, 5.00720452692e-005, 5.25888863194e-005, 4.89572885272e-005, 0.000109969798359, 0.000113572867122, 0.000233816637774, 0.000257781299297, 0.000271150522167, 0.000158780894708, 7.03201294527e-005, 2.3256696295e-005, 3.91902722185e-006, 1.3886041188e-006, 6.22896777713e-007, 2.95092839053e-008, 3.33030464317e-010, 5.3072914119e-011]
        dmean2: [3.59753840939e-007, 0.00010414487042, 0.000205911404919, 0.000170296669239, 0.000285691698082, 0.000136472575832, 0.000149013518239, 0.000103910104372, 0.000116907678603, 0.000104653954622, 0.000152442298713, 8.19037377369e-005, 8.63728637341e-005, 8.01511559985e-005, 0.000178379632416, 0.000187627709238, 0.000396942108637, 0.000432038563304, 0.000448126462288, 0.000264248548774, 0.000115557311801, 3.96833638661e-005, 6.34842763247e-006, 2.12456075133e-006, 9.51576225816e-007, 4.498494377e-008, 5.3645643483e-010, 9.83584672043e-011]
        dvar: [3.46167268028e-013, 1.53852415252e-008, 3.88709153754e-008, 1.79259433963e-008, 8.07986708651e-008, 1.26285337743e-008, 2.05478762894e-008, 1.07577999842e-008, 1.58809960737e-008, 1.38711140352e-008, 3.36941532453e-008, 8.64076454832e-009, 1.07602815547e-008, 7.06175740106e-009, 3.5276343624e-008, 3.97151609377e-008, 8.04774842322e-008, 9.06540549295e-008, 9.96770168626e-008, 4.28402771036e-008, 7.92043142184e-009, 1.94028615397e-009, 4.83652076722e-011, 8.20618226149e-012, 1.66192049272e-012, 2.05894968874e-015, 1.42421605575e-019, 5.89719232622e-021]
        dvar2: [6.37581946874e-013, 3.91041048431e-008, 1.0914780546e-007, 4.74153338814e-008, 2.1729036348e-007, 3.44536772445e-008, 4.92415956899e-008, 2.56538115195e-008, 3.99979569465e-008, 3.28223777046e-008, 8.0984918327e-008, 2.14559694456e-008, 2.67507775931e-008, 1.74513257178e-008, 8.69188525598e-008, 9.99996316864e-008, 2.2648626441e-007, 2.45301322366e-007, 2.65123134113e-007, 1.1366869046e-007, 2.12829682766e-008, 5.47049827659e-009, 1.23595425561e-010, 1.57743297591e-011, 3.73596683104e-012, 4.8510135931e-015, 3.50286199847e-019, 1.85725651246e-020]
        max: [1.31748874992e-005, 0.0013926589163, 0.00263574672863, 0.0013923717197, 0.00347713544033, 0.00170004123356, 0.00310806022026, 0.00237338081934, 0.00231070816517, 0.0027240277268, 0.00334282009862, 0.00225691660307, 0.00245373253711, 0.00167433149181, 0.00377703481354, 0.00551851792261, 0.00432459264994, 0.00392093556002, 0.00389710953459, 0.00282233138569, 0.00107999495231, 0.000614702352323, 9.53427661443e-005, 6.01585779805e-005, 2.96845919365e-005, 6.18969068e-007, 5.63413182775e-009, 7.03308189465e-010]
        mean: [3.51690260914e-007, 7.7403819887e-005, 0.000161740841577, 0.000151220388943, 0.00025274863583, 0.000140440170071, 0.000152367807459, 0.00010510058928, 0.000122779791127, 0.000115379421914, 0.000170261628227, 8.09267585282e-005, 8.3277343947e-005, 8.31736906548e-005, 0.000192249601241, 0.000236880368902, 0.000520048954058, 0.000632001552731, 0.000696057046298, 0.000411911285482, 0.000198099995032, 5.0359787565e-005, 8.54714107845e-006, 3.40957376466e-006, 1.41504392559e-006, 5.19748013517e-008, 5.23687426757e-010, 4.19007537e-011]
        median: [1.11392239432e-007, 4.05980608775e-005, 9.33283445193e-005, 9.40413447097e-005, 0.000172898769961, 0.000100566154288, 9.17723518796e-005, 5.97633406869e-005, 6.76428608131e-005, 5.96085992584e-005, 6.43976527499e-005, 4.23951714765e-005, 3.78142067348e-005, 4.71852472401e-005, 0.000115294758871, 0.000161979871336, 0.000432107422967, 0.000531286117621, 0.000598819111474, 0.000340518745361, 0.000170203173184, 4.06420549552e-005, 5.81178392167e-006, 2.18073137148e-006, 1.01290231669e-006, 3.41009354088e-008, 3.65156155313e-010, 1.4026257586e-011]
        min: [1.90928142941e-024, 8.61091455172e-024, 2.36429738562e-024, 4.685771457e-024, 2.16006113949e-023, 3.10511019305e-023, 7.7566602329e-024, 1.89537968867e-023, 3.78882351267e-023, 3.54748887366e-023, 1.89030762859e-023, 2.63744615385e-023, 3.79834317053e-023, 4.44677326622e-023, 7.0575194761e-023, 5.56038138485e-023, 8.68135178417e-023, 9.87414039622e-023, 1.21749977456e-022, 1.80789324723e-022, 3.57615967616e-022, 3.58271264904e-022, 5.44767651177e-022, 6.39778361525e-022, 9.68066373951e-022, 1.43589900851e-021, 1.90751948807e-021, 5.83708299327e-022]
        var: [6.50874048668e-013, 1.66035150073e-008, 4.33090399099e-008, 2.7860574292e-008, 8.28676363085e-008, 1.91043323383e-008, 3.68581360988e-008, 1.92319795644e-008, 2.95799580385e-008, 3.35673284724e-008, 9.52788781206e-008, 1.64904818689e-008, 1.9926666539e-008, 1.24910410904e-008, 6.55773320091e-008, 9.06099160147e-008, 1.7637640326e-007, 2.47222942562e-007, 2.98002476029e-007, 1.16513263038e-007, 2.39061712648e-008, 2.45100206797e-009, 9.44347794407e-011, 2.59198600083e-011, 3.42388118725e-012, 3.45322140057e-015, 2.74819539884e-019, 4.82827746928e-021]
    mfcc:
        mean: [-703.032043457, 96.0560150146, -61.2196044922, 61.2277603149, -12.7051868439, -9.47879314423, -0.496889173985, -1.19485020638, -0.0238141082227, -8.55984115601, -4.76918172836, -4.1630153656, -2.98456072807]
        cov: [[4940.84033203, -131.010345459, -16.5121040344, 125.686729431, -197.198242188, 248.17729187, 50.2392616272, 228.958618164, 40.4837913513, 106.159706116, 31.6732330322, -23.9269390106, -23.3600177765], [-131.010345459, 453.810394287, -77.85546875, 105.797454834, 15.0866107941, -3.66586089134, 36.1255378723, -12.3386945724, 24.2457370758, -21.0077476501, 17.3737316132, -2.44245648384, 3.91315150261], [-16.5121040344, -77.85546875, 245.122344971, 11.0499191284, 78.4769439697, 16.0160217285, -10.4044885635, 12.9442186356, -5.86267280579, 21.6893749237, -1.45694601536, 8.02660942078, 2.0023431778], [125.686729431, 105.797454834, 11.0499191284, 172.944030762, 38.1359024048, 18.6170597076, -13.7534799576, 2.19071602821, 26.6335945129, 2.55735683441, 6.50921726227, -0.883219361305, 5.51730155945], [-197.198242188, 15.0866107941, 78.4769439697, 38.1359024048, 132.487792969, 7.48444318771, -8.37806224823, -8.84910106659, 8.10018539429, 19.787563324, -5.2514462471, 2.54243350029, 5.98670816422], [248.17729187, -3.66586089134, 16.0160217285, 18.6170597076, 7.48444318771, 86.6325378418, 38.226020813, 32.2684898376, 1.63217246532, 4.58701324463, 10.3866615295, 0.762137293816, -1.35796177387], [50.2392616272, 36.1255378723, -10.4044885635, -13.7534799576, -8.37806224823, 38.226020813, 85.7741622925, 38.9388160706, 1.06973600388, -9.47108364105, 5.38478803635, 6.62801599503, 0.0413848720491], [228.958618164, -12.3386945724, 12.9442186356, 2.19071602821, -8.84910106659, 32.2684898376, 38.9388160706, 72.8197784424, 20.4876422882, 7.45304107666, 4.79105949402, 6.31425666809, 2.13442063332], [40.4837913513, 24.2457370758, -5.86267280579, 26.6335945129, 8.10018539429, 1.63217246532, 1.06973600388, 20.4876422882, 54.3781852722, 28.3983020782, 5.4339556694, -0.927751839161, 0.981101095676], [106.159706116, -21.0077476501, 21.6893749237, 2.55735683441, 19.787563324, 4.58701324463, -9.47108364105, 7.45304107666, 28.3983020782, 65.3379440308, 18.5561351776, 0.44990298152, -0.267474502325], [31.6732330322, 17.3737316132, -1.45694601536, 6.50921726227, -5.2514462471, 10.3866615295, 5.38478803635, 4.79105949402, 5.4339556694, 18.5561351776, 46.4668083191, 18.476026535, 0.571197032928], [-23.9269390106, -2.44245648384, 8.02660942078, -0.883219361305, 2.54243350029, 0.762137293816, 6.62801599503, 6.31425666809, -0.927751839161, 0.44990298152, 18.476026535, 44.1058921814, 17.568145752], [-23.3600177765, 3.91315150261, 2.0023431778, 5.51730155945, 5.98670816422, -1.35796177387, 0.0413848720491, 2.13442063332, 0.981101095676, -0.267474502325, 0.571197032928, 17.568145752, 40.9378814697]]
        icov: [[0.000332657888066, -1.14994304568e-006, 3.84898885386e-005, -0.000364952953532, 0.000694341550115, -0.000802335445769, 0.000489492493216, -0.000984819722362, 0.000648862682283, -0.00090842274949, 0.000411526678363, 6.0587981352e-006, 0.000130104352138], [-1.14994304568e-006, 0.00337586901151, 0.000865126436111, -0.00203031883575, -0.000695953844115, 0.00127833499573, -0.00277316151187, 0.00162531342357, -0.00154353387188, 0.00167895434424, -0.00213109864853, 0.00122348894365, -0.000477142311865], [3.84898885386e-005, 0.000865126436111, 0.00586347095668, -0.000439649214968, -0.00339380372316, -0.000344080006471, 0.000981788034551, -0.00229800399393, 0.00247646681964, -0.00143044569995, 0.000374444614863, -0.00097752106376, 0.000661015394144], [-0.000364952953532, -0.00203031883575, -0.000439649214968, 0.00924580916762, -0.00259103858843, -0.00246570957825, 0.00363798812032, 0.000553296646103, -0.00500108767301, 0.00376944057643, -0.00160811061505, 0.000449091894552, -0.000999963493086], [0.000694341550115, -0.000695953844115, -0.00339380372316, -0.00259103858843, 0.0126927709207, -0.00274922861718, 0.000168690487044, 0.00123487866949, 0.000848154944833, -0.00560927251354, 0.00478770583868, -0.00175110425334, -0.000406303966884], [-0.000802335445769, 0.00127833499573, -0.000344080006471, -0.00246570957825, -0.00274922861718, 0.0198063403368, -0.00837995484471, -0.0024131606333, 0.00219665560871, 0.000892039446626, -0.00508580124006, 0.00343079073355, -0.000485698139528], [0.000489492493216, -0.00277316151187, 0.000981788034551, 0.00363798812032, 0.000168690487044, -0.00837995484471, 0.0223896838725, -0.0111880144104, 0.00211833347566, 0.00183039915282, 0.00061147485394, -0.00233792560175, 0.00122007797472], [-0.000984819722362, 0.00162531342357, -0.00229800399393, 0.000553296646103, 0.00123487866949, -0.0024131606333, -0.0111880144104, 0.0281837955117, -0.0128147276118, 0.00338849774562, 5.36560255568e-005, -0.0022919466719, -0.00108618789818], [0.000648862682283, -0.00154353387188, 0.00247646681964, -0.00500108767301, 0.000848154944833, 0.00219665560871, 0.00211833347566, -0.0128147276118, 0.0343187898397, -0.0169773623347, 0.00438585225493, -8.71974989423e-005, 0.000728334358428], [-0.00090842274949, 0.00167895434424, -0.00143044569995, 0.00376944057643, -0.00560927251354, 0.000892039446626, 0.00183039915282, 0.00338849774562, -0.0169773623347, 0.0305980201811, -0.0144494157284, 0.0056965961121, -0.00208178674802], [0.000411526678363, -0.00213109864853, 0.000374444614863, -0.00160811061505, 0.00478770583868, -0.00508580124006, 0.00061147485394, 5.36560255568e-005, 0.00438585225493, -0.0144494157284, 0.036155179143, -0.0178688634187, 0.00672896904871], [6.0587981352e-006, 0.00122348894365, -0.00097752106376, 0.000449091894552, -0.00175110425334, 0.00343079073355, -0.00233792560175, -0.0022919466719, -8.71974989423e-005, 0.0056965961121, -0.0178688634187, 0.0371701978147, -0.0152971092612], [0.000130104352138, -0.000477142311865, 0.000661015394144, -0.000999963493086, -0.000406303966884, -0.000485698139528, 0.00122007797472, -0.00108618789818, 0.000728334358428, -0.00208178674802, 0.00672896904871, -0.0152971092612, 0.0311879236251]]
    sccoeffs:
        dmean: [0.0501153171062, 0.043560039252, 0.0358207896352, 0.0288341958076, 0.0192589573562, 0.0161790475249]
        dmean2: [0.0839674472809, 0.0727816522121, 0.0600621625781, 0.0480509959161, 0.0328488126397, 0.0257626343518]
        dvar: [0.00173441960942, 0.00115403358359, 0.000776396482252, 0.000497895176522, 0.000217708322452, 0.00019681006961]
        dvar2: [0.00484817428514, 0.00320559716783, 0.00209539057687, 0.00134407356381, 0.000624239153694, 0.000457511720015]
        max: [-0.324291110039, -0.54848086834, -0.547158241272, -0.610282301903, -0.692823946476, -0.523196458817]
        mean: [-0.68363904953, -0.770560443401, -0.792935371399, -0.791813254356, -0.789343833923, -0.727901399136]
        median: [-0.687290787697, -0.773016750813, -0.796429872513, -0.796098411083, -0.789218962193, -0.730401515961]
        min: [-0.977633118629, -0.992985785007, -0.985740721226, -0.971275627613, -0.974899470806, -0.962404847145]
        var: [0.0035906760022, 0.00254862057045, 0.0023591760546, 0.00155745598022, 0.000649040914141, 0.0014693280682]
    scvalleys:
        dmean: [0.396886855364, 0.332746595144, 0.28517767787, 0.234068244696, 0.172757327557, 0.221321091056]
        dmean2: [0.663424253464, 0.555007576942, 0.472825229168, 0.386639803648, 0.277116656303, 0.314630687237]
        dvar: [0.115169778466, 0.0844257324934, 0.0666639432311, 0.0525425858796, 0.0393420755863, 0.0831113755703]
        dvar2: [0.29087895155, 0.204991310835, 0.15241587162, 0.110509738326, 0.0698836967349, 0.159009903669]
        max: [-5.05029821396, -4.84853506088, -5.25901269913, -5.83613109589, -5.51572132111, -7.81558275223]
        mean: [-6.99600696564, -6.64451742172, -6.93788051605, -7.10521125793, -6.66518211365, -9.86693477631]
        median: [-6.77590751648, -6.48987722397, -6.77899599075, -6.93531560898, -6.43576860428, -9.42848777771]
        min: [-27.8904418945, -27.6742343903, -27.6147136688, -27.4028263092, -27.4434223175, -27.4499168396]
        var: [1.44546544552, 1.11989533901, 1.18136513233, 1.08893191814, 1.18123292923, 2.05297064781]

rhythm:
    beats_loudness:
        dmean: 0.0016563051613
        dmean2: 0.00300544966012
        dvar: 2.21915252041e-006
        dvar2: 5.75747935727e-006
        max: 0.013842727989
        mean: 0.00565677881241
        median: 0.00592579785734
        min: 6.79609172494e-007
        var: 8.44962778501e-006
    bpm: 126.942550659
    bpm_confidence: 0
    first_peak_bpm: 126
    first_peak_spread: 0.349532663822
    first_peak_weight: 0.646840155125
    onset_rate: 2.68544197083
    second_peak_bpm: 120
    second_peak_spread: 0
    second_peak_weight: 0.00557620823383
    beats_loudness_band_ratio:
        dmean: [0.0783920064569, 0.0580520145595, 0.0530868805945, 0.0648055300117, 0.0989360809326, 0.0799617916346]
        dmean2: [0.136828109622, 0.100388266146, 0.0924470797181, 0.115220434964, 0.173941463232, 0.138949692249]
        dvar: [0.00486962869763, 0.00273906392977, 0.00184873805847, 0.00474356999621, 0.00516327982768, 0.00408474262804]
        dvar2: [0.0142630729824, 0.00792020373046, 0.00528577016667, 0.0133624402806, 0.0155625864863, 0.011117038317]
        max: [0.501962840557, 0.359780430794, 0.368037641048, 0.478528648615, 0.686152279377, 0.793688297272]
        mean: [0.120445124805, 0.103877082467, 0.0923655405641, 0.0877877697349, 0.342942535877, 0.281394571066]
        median: [0.105675019324, 0.0872263908386, 0.0809119939804, 0.0682759284973, 0.32935449481, 0.277036309242]
        min: [0.000482212955831, 0.00175053591374, 0.00834861118346, 0.0150697994977, 0.113401010633, 0.0789301544428]
        var: [0.00622490933165, 0.00427460251376, 0.00256030377932, 0.00456103216857, 0.00916930567473, 0.00666790548712]
    beats_position: [0.452789098024, 0.9287981987, 1.39319729805, 1.86920630932, 2.34521532059, 2.80961441994, 3.28562355042, 3.76163268089, 4.23764181137, 4.7020406723, 5.17804956436, 5.65405893326, 6.13006782532, 6.59446716309, 7.05886602402, 7.53487491608, 8.01088428497, 8.48689365387, 8.96290206909, 9.43891143799, 9.91492080688, 10.379319191, 10.8437185287, 11.3197278976, 11.7957363129, 12.2601356506, 12.7361450195, 13.2121543884, 13.6765527725, 14.1525621414, 14.6285715103, 15.1045799255, 15.5805892944, 16.0565986633, 16.5326080322, 16.99700737, 17.4614048004, 17.9258041382, 18.4018135071, 18.8662128448, 19.3422222137, 19.8066215515, 20.2826309204, 20.758638382, 21.2230377197, 21.6990470886, 22.1750564575, 22.6394557953, 23.1154651642, 23.5914726257, 24.0674819946, 24.5434913635, 25.0078907013, 25.4839000702, 25.9599094391, 26.4243087769, 26.9003162384, 27.3763256073, 27.8523349762, 28.3283443451, 28.7927436829, 29.2571430206, 29.7331504822, 30.2091598511, 30.6735591888, 31.1495685577, 31.6255779266, 32.1015853882, 32.5775947571, 33.0419960022, 33.5063934326, 33.9824028015, 34.4584121704, 34.9344215393, 35.4104309082, 35.8748283386, 36.3508377075, 36.8268470764, 37.3028564453, 37.7788658142, 38.2432632446, 38.7076644897, 39.1836738586, 39.6596832275, 40.124080658, 40.6000900269, 41.0760993958, 41.5404968262, 42.0165061951, 42.492515564, 42.9685249329, 43.4445343018, 43.9205436707, 44.3965530396, 44.86095047, 45.3253517151, 45.7897491455, 46.2657585144, 46.7417678833, 47.2061653137, 47.6821746826, 48.1581840515, 48.6341934204, 49.1102027893, 49.5746040344, 50.0506095886, 50.5266189575, 50.9910202026, 51.4554176331, 51.931427002, 52.4074363708, 52.871837616, 53.3478431702, 53.8238525391, 54.299861908, 54.7758712769, 55.240272522, 55.7162818909, 56.1922874451, 56.6566886902, 57.1326980591, 57.608707428, 58.0847167969, 58.5607261658, 59.0251235962, 59.5011329651, 59.977142334, 60.4415397644, 60.9175491333, 61.3935585022, 61.8695678711, 62.34557724, 62.8099746704, 63.2743759155, 63.7503852844, 64.2263946533, 64.6907958984, 65.1551895142, 65.6312026978, 66.107208252, 66.5948257446, 67.0592269897, 67.5236282349, 67.98802948, 68.4640350342, 68.9400405884, 69.4276657104, 69.8920593262, 70.3680725098, 70.844078064, 71.3084793091, 71.7728805542, 72.2488861084, 72.724899292, 73.2009048462, 73.6769180298, 74.1413116455, 74.6173248291, 75.0933303833, 75.5577316284, 76.0337371826, 76.5097503662, 76.9741516113, 77.4501571655, 77.9261627197, 78.3905639648, 78.8665771484, 79.3425827026, 79.8185958862, 80.2946014404, 80.7590026855, 81.2233963013, 81.6994094849, 82.1754150391, 82.6514282227, 83.1274337769, 83.591835022, 84.0562362671, 84.5322418213, 85.0082550049, 85.4842605591, 85.9602737427, 86.4246673584, 86.900680542, 87.3766860962, 87.8410873413, 88.3170928955, 88.7931060791, 89.2691116333, 89.7451248169, 90.2095184326, 90.6739196777, 91.1499328613, 91.6259384155, 92.1019515991, 92.5663452148, 93.0423583984, 93.5067520142, 93.9827651978, 94.458770752, 94.9231719971, 95.3991851807, 95.8751907349, 96.3511962891, 96.8272094727, 97.2916107178, 97.767616272, 98.2436294556, 98.7080230713, 99.1724243164, 99.6484298706, 100.124443054, 100.588844299, 101.064849854, 101.540863037, 102.016868591, 102.492874146, 102.957275391, 103.433288574, 103.909294128, 104.373695374, 104.849700928, 105.325714111, 105.790107727, 106.266120911, 106.742126465, 107.218139648, 107.694145203, 108.158546448, 108.622947693, 109.098953247, 109.574966431, 110.039360046, 110.51537323, 110.991378784, 111.455780029, 111.931785583, 112.407798767, 112.89541626, 113.359817505, 113.82421875, 114.300224304, 114.776237488, 115.240631104, 115.716644287, 116.192649841, 116.668663025, 117.133056641, 117.609069824, 118.07346344, 118.549476624, 119.025482178, 119.501495361, 119.977500916, 120.441902161, 120.906303406, 121.38230896, 121.858322144, 122.334327698, 122.810340881, 123.274734497, 123.750747681, 124.226753235, 124.69115448, 125.167160034, 125.643173218, 126.107574463, 126.571968079, 127.047981262, 127.523986816, 128, 128.476013184, 128.94039917, 129.416412354, 129.892425537, 130.356826782, 130.832824707, 131.308837891, 131.784851074, 132.260864258, 132.725265503, 133.189651489, 133.665664673, 134.141677856, 134.61769104, 135.093688965, 135.569702148, 136.034103394, 136.498504639, 136.974502563, 137.450515747, 137.926528931, 138.390930176, 138.866943359, 139.331329346, 139.807342529, 140.271743774, 140.759368896, 141.235366821, 141.711380005, 142.17578125, 142.640182495, 143.11618042, 143.592193604, 144.068206787, 144.544219971, 145.020217896, 145.496231079, 145.960632324, 146.425033569, 146.901046753, 147.377044678, 147.841445923, 148.305847168, 148.781860352, 149.257858276, 149.73387146, 150.209884644, 150.697509766, 151.161895752, 151.626296997, 152.090698242, 152.566711426, 153.042724609, 153.507110596, 153.983123779, 154.459136963, 154.923538208, 155.399536133, 155.875549316, 156.3515625, 156.827575684, 157.291976929, 157.756362915, 158.232376099, 158.708389282, 159.172790527, 159.648788452, 160.124801636, 160.600814819, 161.076828003, 161.552825928, 162.028839111, 162.504852295, 162.980865479, 163.445251465, 163.90965271, 164.385665894, 164.861679077, 165.337677002, 165.813690186, 166.278091431, 166.742492676, 167.218505859, 167.694503784, 168.158905029, 168.634918213, 169.110931396, 169.575332642, 170.051330566, 170.52734375, 171.003356934, 171.479354858, 171.955368042, 172.419769287, 172.884170532, 173.360183716, 173.836181641, 174.312194824, 174.776596069, 175.240997314, 175.717010498, 176.193008423, 176.669021606, 177.14503479, 177.621032715, 178.097045898, 178.561447144, 179.025848389, 179.501861572, 179.977859497, 180.442260742, 180.906661987, 181.382675171, 181.858688354, 182.323074341, 182.799087524, 183.275100708, 183.762710571, 184.227111816, 184.691513062, 185.167526245, 185.643539429, 186.107940674, 186.583938599, 187.059951782, 187.524353027, 188.000366211, 188.476364136, 188.952377319, 189.428390503, 189.892791748, 190.357177734, 190.833190918, 191.309204102, 191.785217285, 192.26121521, 192.725616455, 193.1900177, 193.666030884, 194.142044067, 194.618041992, 195.094055176, 195.558456421, 196.022857666, 196.498855591, 196.974868774, 197.450881958, 197.926895142, 198.391296387, 198.867294312, 199.343307495, 199.819320679, 200.283721924, 200.759719849, 201.224121094, 201.700134277, 202.176147461, 202.640533447, 203.116546631, 203.592559814, 204.05696106, 204.532974243, 205.008972168, 205.484985352, 205.960998535, 206.42539978, 206.889785767, 207.36579895, 207.841812134, 208.317825317, 208.793823242, 209.258224487, 209.722625732, 210.198638916, 210.6746521, 211.150650024, 211.626663208, 212.102676392, 212.567077637, 213.043075562, 213.507476807, 213.971878052, 214.459503174, 214.92388916, 215.388290405, 215.864303589, 216.340316772, 216.816329956, 217.292327881, 217.756729126, 218.23274231, 218.708755493, 219.173141479, 219.649154663, 220.125167847, 220.60118103, 221.077178955, 221.5415802, 222.005981445, 222.481994629, 222.958007813, 223.434005737, 223.910018921, 224.374420166, 224.85043335, 225.326431274, 225.79083252, 226.266845703, 226.742858887, 227.207244873, 227.671646118, 228.147659302, 228.623672485, 229.099685669, 229.564071655, 230.040084839, 230.516098022, 230.992111206, 231.456497192, 231.932510376, 232.40852356, 232.872924805, 233.348922729, 233.824935913, 234.289337158, 234.765350342, 235.241363525, 235.71736145, 236.193374634, 236.657775879, 237.122177124, 237.598175049, 238.074188232, 238.550201416, 239.0262146, 239.502212524, 239.978225708, 240.442626953, 240.907028198, 241.383041382, 241.859039307, 242.323440552, 242.811065674, 243.287063599, 243.774688721, 244.262313843, 244.749923706, 245.249160767, 245.748382568, 246.247619629, 246.735229492, 247.222854614, 247.710464478, 248.186477661, 248.662490845, 249.138504028, 249.614501953, 250.078903198, 250.543304443, 251.007705688, 251.483718872, 251.959716797, 252.43572998, 252.911743164, 253.399353027, 253.886978149, 254.374603271, 254.862213135]
