
metadata:
    version:
        essentia: "2.1-beta2"
    audio_properties:
        analysis_sample_rate: 44100
        bitrate: 320
        channels: 2
        equal_loudness: 1
        length: 236.016326904
        replay_gain: -14.6819248199
        downmix: "mix"
    tags:
        album: "Dancing With the Dead"
        artist: "Pain"
        comment: ""
        date: "2005"
        genre: "Industrial Metal"
        title: "My Misery"
        tracknumber: "09"

configuration:
    average_loudness:
        compute: 1
        frameSize: 88200
        hopSize: 44100
        silentFrames: "noise"
        windowType: "hann"
    general:
        analysisSampleRate: 44100
        endTime: 2000
        equalLoudness: 1
        nequalLoudness: 0
        shortSound: 0
        startTime: 0
    lowlevel:
        compute: 1
        frameSize: 2048
        hopSize: 1024
        zeroPadding: 0
        silentFrames: "noise"
        windowType: "blackmanharris62"
        mfccStats: ["mean", "cov", "icov"]
        stats: ["mean", "var", "median", "min", "max", "dmean", "dmean2", "dvar", "dvar2"]
    panning:
        compute: 0
        frameSize: 8192
        hopSize: 2048
        zeroPadding: 8192
        silentFrames: "noise"
        windowType: "hann"
        stats: ["copy"]
    rhythm:
        compute: 1
        maxTempo: 208
        minTempo: 40
        method: "degara"
        stats: ["mean", "var", "median", "min", "max", "dmean", "dmean2", "dvar", "dvar2"]
    segmentation:
        compute: 0
        cpw: 5
        inc1: 300
        inc2: 50
        minimumSegmentsLength: 10
        size1: 1000
        size2: 600
    sfx:
        compute: 1
        stats: ["mean", "var", "median", "min", "max", "dmean", "dmean2", "dvar", "dvar2"]
    svm:
        compute: 0
    tonal:
        compute: 1
        frameSize: 4096
        hopSize: 2048
        zeroPadding: 0
        silentFrames: "noise"
        windowType: "blackmanharris62"
        stats: ["mean", "var", "median", "min", "max", "dmean", "dmean2", "dvar", "dvar2"]

lowlevel:
    average_loudness: 0.836564064026
    barkbands_kurtosis:
        dmean: 1.27404356003
        dmean2: 2.06563520432
        dvar: 10.1898517609
        dvar2: 26.448507309
        max: 66.525932312
        mean: 0.380613923073
        median: -1.06848156452
        min: -1.92411077023
        var: 18.6330699921
    barkbands_skewness:
        dmean: 0.424458265305
        dmean2: 0.664852321148
        dvar: 0.212947353721
        dvar2: 0.482056111097
        max: 7.3316245079
        mean: 0.236582905054
        median: -0.127628535032
        min: -3.46422123909
        var: 1.49276173115
    barkbands_spread:
        dmean: 5.77725791931
        dmean2: 9.24124717712
        dvar: 30.9708442688
        dvar2: 73.8033676147
        max: 90.2066497803
        mean: 34.5551071167
        median: 35.5965919495
        min: 2.17263317108
        var: 133.832672119
    dissonance:
        dmean: 0.0112266447395
        dmean2: 0.0188081860542
        dvar: 0.000140021758853
        dvar2: 0.000373035523808
        max: 0.5
        mean: 0.478341519833
        median: 0.483770698309
        min: 0.283029258251
        var: 0.000357799814083
    hfc:
        dmean: 1.58831965923
        dmean2: 2.41260671616
        dvar: 3.70387887955
        dvar2: 8.51554203033
        max: 34.9574356079
        mean: 8.79443359375
        median: 9.39028739929
        min: 1.08397592204e-016
        var: 52.1177444458
    pitch:
        dmean: 939.25213623
        dmean2: 1806.83154297
        dvar: 1994174
        dvar2: 4827655
        max: 4672.11279297
        mean: 1479.7130127
        median: 334.120239258
        min: 48.9870681763
        var: 2605888.25
    pitch_instantaneous_confidence:
        dmean: 0.0719827339053
        dmean2: 0.117690831423
        dvar: 0.00393340643495
        dvar2: 0.00990885961801
        max: 0.970183372498
        mean: 0.347809672356
        median: 0.3136061728
        min: 0.0825344324112
        var: 0.0203166492283
    pitch_salience:
        dmean: 0.0581791326404
        dmean2: 0.0950934812427
        dvar: 0.00306112575345
        dvar2: 0.0077018677257
        max: 0.881833314896
        mean: 0.624238371849
        median: 0.648225605488
        min: 0.114379473031
        var: 0.0120724057779
    silence_rate_20dB:
        dmean: 0
        dmean2: 0
        dvar: 0
        dvar2: 0
        max: 1
        mean: 1
        median: 1
        min: 1
        var: 0
    silence_rate_30dB:
        dmean: 0
        dmean2: 0
        dvar: 0
        dvar2: 0
        max: 1
        mean: 1
        median: 1
        min: 1
        var: 0
    silence_rate_60dB:
        dmean: 0.0385636985302
        dmean2: 0.077134989202
        dvar: 0.0370746105909
        dvar2: 0.0820054858923
        max: 1
        mean: 0.388746798038
        median: 0
        min: 0
        var: 0.237620100379
    spectral_centroid:
        dmean: 248.294219971
        dmean2: 390.106994629
        dvar: 67875.6015625
        dvar2: 148035.453125
        max: 11761.5898438
        mean: 1748.14855957
        median: 1872.66821289
        min: 152.995330811
        var: 1124223.875
    spectral_complexity:
        dmean: 2.96468281746
        dmean2: 4.66430521011
        dvar: 11.1081533432
        dvar2: 24.5946006775
        max: 49
        mean: 17.0564632416
        median: 19
        min: 0
        var: 174.388717651
    spectral_crest:
        dmean: 1.84358799458
        dmean2: 3.06463003159
        dvar: 3.76058983803
        dvar2: 9.29232311249
        max: 25.2821006775
        mean: 7.02684879303
        median: 5.7556977272
        min: 2.41951227188
        var: 14.2920560837
    spectral_decrease:
        dmean: 2.07370426386e-010
        dmean2: 3.29480775996e-010
        dvar: 6.01642968451e-020
        dvar2: 1.48559350343e-019
        max: 1.78331627645e-028
        mean: -9.77487424336e-010
        median: -1.05123987293e-009
        min: -3.61057095333e-009
        var: 4.72966778212e-019
    spectral_energy:
        dmean: 0.000889627379365
        dmean2: 0.00140470720362
        dvar: 1.10479129489e-006
        dvar2: 2.67289510703e-006
        max: 0.016482591629
        mean: 0.00448695104569
        median: 0.00486633460969
        min: 1.00611868142e-020
        var: 1.03396196209e-005
    spectral_energyband_high:
        dmean: 0.000133513487526
        dmean2: 0.000215499385376
        dvar: 2.7985034734e-008
        dvar2: 7.26738136336e-008
        max: 0.00328531907871
        mean: 0.000524013012182
        median: 0.000541159824934
        min: 7.15242638497e-021
        var: 2.01818252776e-007
    spectral_energyband_low:
        dmean: 0.000320429884596
        dmean2: 0.000548512733076
        dvar: 1.94157919964e-007
        dvar2: 5.50780498543e-007
        max: 0.00564259150997
        mean: 0.000570652715396
        median: 0.000412536377553
        min: 2.75580510858e-023
        var: 3.34776927957e-007
    spectral_energyband_middle_high:
        dmean: 0.000454539607745
        dmean2: 0.000695495633408
        dvar: 2.93178629818e-007
        dvar2: 6.99380223068e-007
        max: 0.0100163910538
        mean: 0.00226631411351
        median: 0.00225419225171
        min: 1.20728444236e-021
        var: 3.78427739633e-006
    spectral_energyband_middle_low:
        dmean: 0.000526457675733
        dmean2: 0.000855835445691
        dvar: 4.82316465877e-007
        dvar2: 1.21516359286e-006
        max: 0.00893102306873
        mean: 0.00128765997943
        median: 0.00106851360761
        min: 1.6301729827e-022
        var: 1.18625143841e-006
    spectral_flatness_db:
        dmean: 0.0143245439976
        dmean2: 0.0226830076426
        dvar: 0.000251582328929
        dvar2: 0.00055862305453
        max: 0.347188800573
        mean: 0.144703418016
        median: 0.137065052986
        min: 0.051395341754
        var: 0.00120632490143
    spectral_flux:
        dmean: 0.00569933652878
        dmean2: 0.00872066896409
        dvar: 3.83340229746e-005
        dvar2: 7.70007754909e-005
        max: 0.0876402780414
        mean: 0.0363404862583
        median: 0.0419421121478
        min: 6.32155300329e-011
        var: 0.000345963286236
    spectral_kurtosis:
        dmean: 0.814983248711
        dmean2: 1.35938692093
        dvar: 0.754913926125
        dvar2: 2.01127457619
        max: 14.3332901001
        mean: 2.97927331924
        median: 2.71852397919
        min: -1.32200276852
        var: 2.08893108368
    spectral_rms:
        dmean: 0.000213743609493
        dmean2: 0.000329739181325
        dvar: 5.07548527651e-008
        dvar2: 1.13744604846e-007
        max: 0.00401005940512
        mean: 0.00188813463319
        median: 0.00217890879139
        min: 3.13301641575e-012
        var: 8.12470943856e-007
    spectral_rolloff:
        dmean: 358.272369385
        dmean2: 590.133300781
        dvar: 320766.15625
        dvar2: 669220.1875
        max: 19832.0800781
        mean: 3274.41064453
        median: 3703.7109375
        min: 129.19921875
        var: 3369707.5
    spectral_skewness:
        dmean: 0.141002506018
        dmean2: 0.220497250557
        dvar: 0.0183619111776
        dvar2: 0.0388785265386
        max: 3.01926231384
        mean: 1.18891358376
        median: 1.12824141979
        min: -0.0846848040819
        var: 0.123962447047
    spectral_spread:
        dmean: 418046.625
        dmean2: 615852.625
        dvar: 509321379840
        dvar2: 1.01277053747e+012
        max: 50480236
        mean: 5073175.5
        median: 4391383
        min: 2136187.5
        var: 1.16667921203e+013
    spectral_strongpeak:
        dmean: 0.340560078621
        dmean2: 0.5904468894
        dvar: 0.358293563128
        dvar2: 0.946967482567
        max: 8.08562374115
        mean: 0.513632893562
        median: 0.151377305388
        min: 0
        var: 0.633016049862
    zerocrossingrate:
        dmean: 0.00810354761779
        dmean2: 0.00951889064163
        dvar: 6.81413439452e-005
        dvar2: 7.87213939475e-005
        max: 0.52587890625
        mean: 0.101385891438
        median: 0.1083984375
        min: 0.0087890625
        var: 0.00217368965968
    barkbands:
        dmean: [4.8064339353e-007, 8.3455182903e-005, 0.000207670891541, 0.000200640555704, 0.000221923270146, 0.00012185957894, 9.80436670943e-005, 5.22940790688e-005, 0.000143291370478, 5.01580325363e-005, 6.32238516118e-005, 3.47071472788e-005, 7.51480765757e-005, 7.12399196345e-005, 9.64243299677e-005, 8.68591669132e-005, 0.00012178268662, 0.000128549887449, 0.000198293098947, 0.000149534462253, 7.77712120907e-005, 2.34363287746e-005, 3.02266289509e-006, 1.09494419576e-006, 4.72645439231e-007, 2.97900939472e-008, 2.63492366814e-010]
        dmean2: [6.35077526567e-007, 0.000143046039739, 0.000357719050953, 0.000343511550454, 0.000379866949515, 0.000192881008843, 0.000160420415341, 8.37639745441e-005, 0.000223796319915, 7.66216471675e-005, 9.93304129224e-005, 5.70870106458e-005, 0.000115449496661, 0.000109557113319, 0.000156041787704, 0.000144416844705, 0.000203045390663, 0.000214506755583, 0.000328106252709, 0.000245551433181, 0.00012765651627, 3.90818022424e-005, 4.90859656566e-006, 1.62221419941e-006, 6.90299714279e-007, 4.84659139488e-008, 4.60470300778e-010]
        dvar: [1.5818329719e-012, 1.61241668906e-008, 9.01056225189e-008, 7.77726043566e-008, 1.87961703091e-007, 4.33211582163e-008, 3.76889772724e-008, 1.52200154702e-008, 7.8393824765e-008, 1.12192042323e-008, 2.09165875731e-008, 4.80459227958e-009, 2.92839601457e-008, 2.24422276318e-008, 3.4973659524e-008, 1.53805892467e-008, 2.63223967067e-008, 3.02957765541e-008, 7.60701084346e-008, 3.74637174616e-008, 9.08590980231e-009, 1.09023001738e-009, 2.35245659758e-011, 4.01478373116e-012, 6.76110968427e-013, 2.60102642278e-015, 1.38091056574e-019]
        dvar2: [2.87258194662e-012, 4.64121292509e-008, 2.56682767485e-007, 2.13766085722e-007, 4.87664863158e-007, 1.05781175819e-007, 9.44476283848e-008, 3.60870586746e-008, 1.86428508187e-007, 2.4332958759e-008, 4.80897845989e-008, 1.1950370471e-008, 6.31058227896e-008, 4.84363837927e-008, 9.63352917438e-008, 4.17141414744e-008, 7.29271292244e-008, 8.4945199319e-008, 2.04885608923e-007, 1.0040579923e-007, 2.50112286437e-008, 3.02993874435e-009, 5.90532692191e-011, 7.76487988491e-012, 1.36817933285e-012, 6.13711369186e-015, 4.03141334929e-019]
        max: [1.2152346244e-005, 0.00135611870792, 0.00436842115596, 0.00362709257752, 0.00592920603231, 0.0034296431113, 0.00410294858739, 0.00273041543551, 0.00405173096806, 0.00311281415634, 0.00290096504614, 0.00213356362656, 0.00392922805622, 0.00310143525712, 0.00351849664003, 0.00218167994171, 0.00226502213627, 0.00288918917067, 0.00431281654164, 0.00386483641341, 0.00126452569384, 0.000453338958323, 9.68754320638e-005, 4.9077829317e-005, 1.21280854728e-005, 5.39268853572e-007, 4.78442752083e-009]
        mean: [6.19574962002e-007, 0.000121350305562, 0.00030911367503, 0.000289973482722, 0.000291189760901, 0.000179645707249, 0.000149906554725, 7.80759146437e-005, 0.000274388934486, 8.8701803179e-005, 0.00010772881069, 6.12227522652e-005, 0.000124689307995, 0.000114865513751, 0.000191827974049, 0.000191817423911, 0.000285520771286, 0.000322047650116, 0.00054075132357, 0.00042921610293, 0.000257642561337, 6.49140929454e-005, 7.69216785557e-006, 2.78677043752e-006, 1.20930917547e-006, 5.23486924919e-008, 3.41225353528e-010]
        median: [7.72545902805e-008, 7.32250337023e-005, 0.000185564247658, 0.000186360732187, 0.00017736965674, 9.01315070223e-005, 4.59291259176e-005, 2.72448505712e-005, 6.48163550068e-005, 3.52056449628e-005, 3.27793313772e-005, 3.36546581821e-005, 3.36491357302e-005, 3.96758841816e-005, 9.0361063485e-005, 0.000149965344463, 0.000249049713602, 0.000281806132989, 0.000455452041933, 0.000403340556659, 0.000253494479693, 5.68272880628e-005, 5.99915438215e-006, 1.77816855285e-006, 7.33567048883e-007, 2.17848565853e-008, 2.07003747477e-010]
        min: [3.95689770438e-025, 8.52903631178e-024, 7.97237326135e-025, 8.40578133129e-025, 7.96962506718e-024, 3.34361850122e-024, 8.99297960964e-024, 5.88286985283e-024, 1.69309524219e-023, 1.166739005e-023, 1.49203715887e-023, 1.78442040701e-023, 1.68452663503e-023, 3.92726923263e-023, 4.72852219604e-023, 4.88833752683e-023, 8.24495898012e-023, 8.03928527164e-023, 1.24887561266e-022, 2.03710126397e-022, 2.7652384335e-022, 3.37708147594e-022, 4.21533087985e-022, 6.28146941954e-022, 7.80250078233e-022, 1.31887001647e-021, 1.90649035907e-021]
        var: [2.69710989653e-012, 1.89530346972e-008, 1.54801725216e-007, 1.12787915896e-007, 1.82620752298e-007, 6.55798686466e-008, 8.11724092387e-008, 2.76479408257e-008, 2.38325199575e-007, 3.43064421315e-008, 5.55016477222e-008, 1.06350306339e-008, 6.59078835952e-008, 4.30556461595e-008, 9.17876548101e-008, 4.19125782969e-008, 7.84445717272e-008, 1.00813437598e-007, 3.10685550176e-007, 1.57686159241e-007, 5.14390308126e-008, 3.67686792124e-009, 6.4978758485e-011, 1.24333278048e-011, 1.93065875786e-012, 4.49912349604e-015, 1.58026225659e-019]
    frequency_bands:
        dmean: [4.8064339353e-007, 8.3455182903e-005, 0.000207670891541, 0.000200640555704, 0.000221923270146, 0.00012185957894, 9.80436670943e-005, 5.22940790688e-005, 0.000143291370478, 5.01580325363e-005, 6.32238516118e-005, 3.47071472788e-005, 7.51480765757e-005, 7.12399196345e-005, 9.64243299677e-005, 8.68591669132e-005, 0.00012178268662, 0.000128549887449, 0.000198293098947, 0.000149534462253, 7.77712120907e-005, 2.34363287746e-005, 3.02266289509e-006, 1.09494419576e-006, 4.72645439231e-007, 2.97900939472e-008, 2.63492366814e-010, 5.17704178138e-011]
        dmean2: [6.35077526567e-007, 0.000143046039739, 0.000357719050953, 0.000343511550454, 0.000379866949515, 0.000192881008843, 0.000160420415341, 8.37639745441e-005, 0.000223796319915, 7.66216471675e-005, 9.93304129224e-005, 5.70870106458e-005, 0.000115449496661, 0.000109557113319, 0.000156041787704, 0.000144416844705, 0.000203045390663, 0.000214506755583, 0.000328106252709, 0.000245551433181, 0.00012765651627, 3.90818022424e-005, 4.90859656566e-006, 1.62221419941e-006, 6.90299714279e-007, 4.84659139488e-008, 4.60470300778e-010, 9.58496476633e-011]
        dvar: [1.5818329719e-012, 1.61241668906e-008, 9.01056225189e-008, 7.77726043566e-008, 1.87961703091e-007, 4.33211582163e-008, 3.76889772724e-008, 1.52200154702e-008, 7.8393824765e-008, 1.12192042323e-008, 2.09165875731e-008, 4.80459227958e-009, 2.92839601457e-008, 2.24422276318e-008, 3.4973659524e-008, 1.53805892467e-008, 2.63223967067e-008, 3.02957765541e-008, 7.60701084346e-008, 3.74637174616e-008, 9.08590980231e-009, 1.09023001738e-009, 2.35245659758e-011, 4.01478373116e-012, 6.76110968427e-013, 2.60102642278e-015, 1.38091056574e-019, 7.37646469959e-021]
        dvar2: [2.87258194662e-012, 4.64121292509e-008, 2.56682767485e-007, 2.13766085722e-007, 4.87664863158e-007, 1.05781175819e-007, 9.44476283848e-008, 3.60870586746e-008, 1.86428508187e-007, 2.4332958759e-008, 4.80897845989e-008, 1.1950370471e-008, 6.31058227896e-008, 4.84363837927e-008, 9.63352917438e-008, 4.17141414744e-008, 7.29271292244e-008, 8.4945199319e-008, 2.04885608923e-007, 1.0040579923e-007, 2.50112286437e-008, 3.02993874435e-009, 5.90532692191e-011, 7.76487988491e-012, 1.36817933285e-012, 6.13711369186e-015, 4.03141334929e-019, 2.36282542545e-020]
        max: [1.2152346244e-005, 0.00135611870792, 0.00436842115596, 0.00362709257752, 0.00592920603231, 0.0034296431113, 0.00410294858739, 0.00273041543551, 0.00405173096806, 0.00311281415634, 0.00290096504614, 0.00213356362656, 0.00392922805622, 0.00310143525712, 0.00351849664003, 0.00218167994171, 0.00226502213627, 0.00288918917067, 0.00431281654164, 0.00386483641341, 0.00126452569384, 0.000453338958323, 9.68754320638e-005, 4.9077829317e-005, 1.21280854728e-005, 5.39268853572e-007, 4.78442752083e-009, 1.32773481099e-009]
        mean: [6.19574962002e-007, 0.000121350305562, 0.00030911367503, 0.000289973482722, 0.000291189760901, 0.000179645707249, 0.000149906554725, 7.80759146437e-005, 0.000274388934486, 8.8701803179e-005, 0.00010772881069, 6.12227522652e-005, 0.000124689307995, 0.000114865513751, 0.000191827974049, 0.000191817423911, 0.000285520771286, 0.000322047650116, 0.00054075132357, 0.00042921610293, 0.000257642561337, 6.49140929454e-005, 7.69216785557e-006, 2.78677043752e-006, 1.20930917547e-006, 5.23486924919e-008, 3.41225353528e-010, 4.05230571321e-011]
        median: [7.72545902805e-008, 7.32250337023e-005, 0.000185564247658, 0.000186360732187, 0.00017736965674, 9.01315070223e-005, 4.59291259176e-005, 2.72448505712e-005, 6.48163550068e-005, 3.52056449628e-005, 3.27793313772e-005, 3.36546581821e-005, 3.36491357302e-005, 3.96758841816e-005, 9.0361063485e-005, 0.000149965344463, 0.000249049713602, 0.000281806132989, 0.000455452041933, 0.000403340556659, 0.000253494479693, 5.68272880628e-005, 5.99915438215e-006, 1.77816855285e-006, 7.33567048883e-007, 2.17848565853e-008, 2.07003747477e-010, 1.00785126772e-011]
        min: [3.95689770438e-025, 8.52903631178e-024, 7.97237326135e-025, 8.40578133129e-025, 7.96962506718e-024, 3.34361850122e-024, 8.99297960964e-024, 5.88286985283e-024, 1.69309524219e-023, 1.166739005e-023, 1.49203715887e-023, 1.78442040701e-023, 1.68452663503e-023, 3.92726923263e-023, 4.72852219604e-023, 4.88833752683e-023, 8.24495898012e-023, 8.03928527164e-023, 1.24887561266e-022, 2.03710126397e-022, 2.7652384335e-022, 3.37708147594e-022, 4.21533087985e-022, 6.28146941954e-022, 7.80250078233e-022, 1.31887001647e-021, 1.90649035907e-021, 5.52425332244e-022]
        var: [2.69710989653e-012, 1.89530346972e-008, 1.54801725216e-007, 1.12787915896e-007, 1.82620752298e-007, 6.55798686466e-008, 8.11724092387e-008, 2.76479408257e-008, 2.38325199575e-007, 3.43064421315e-008, 5.55016477222e-008, 1.06350306339e-008, 6.59078835952e-008, 4.30556461595e-008, 9.17876548101e-008, 4.19125782969e-008, 7.84445717272e-008, 1.00813437598e-007, 3.10685550176e-007, 1.57686159241e-007, 5.14390308126e-008, 3.67686792124e-009, 6.4978758485e-011, 1.24333278048e-011, 1.93065875786e-012, 4.49912349604e-015, 1.58026225659e-019, 5.8851788203e-021]
    mfcc:
        mean: [-728.927856445, 98.1139450073, -40.8896408081, 61.9276580811, -12.6974077225, 2.6068406105, 2.23187708855, -4.5284113884, 5.22606706619, -4.46131277084, -3.99472594261, -5.81133890152, -3.6443502903]
        cov: [[10047.5722656, 84.957572937, -1686.00073242, 838.580322266, -400.548309326, 193.088027954, -63.5521812439, 223.265274048, -86.3347549438, 94.2855148315, 168.015609741, 67.5922622681, -186.890106201], [84.957572937, 557.237915039, 55.155128479, 76.9843444824, 13.630487442, 34.0712928772, 42.9265480042, -26.4219436646, 17.1955661774, -17.453042984, -10.3098564148, 0.658378124237, -2.18105316162], [-1686.00073242, 55.155128479, 749.943115234, -13.4320430756, 207.324478149, 37.2672691345, 33.8603935242, -37.2718811035, 11.305065155, -30.0375671387, -35.579788208, 2.88304686546, 65.257774353], [838.580322266, 76.9843444824, -13.4320430756, 357.914306641, 93.3300247192, 83.8671264648, -8.2605714798, 23.8560447693, 27.217464447, 12.3460884094, 11.6351070404, -3.64384222031, -2.90611767769], [-400.548309326, 13.630487442, 207.324478149, 93.3300247192, 210.144119263, 75.6245574951, 1.2761118412, -14.0712080002, 29.2583026886, 20.9685230255, -18.2939300537, -9.52738761902, 24.6928119659], [193.088027954, 34.0712928772, 37.2672691345, 83.8671264648, 75.6245574951, 132.415740967, 41.101146698, 17.6541347504, 7.01718521118, 10.3475284576, 6.70015382767, -5.75241136551, 0.742589473724], [-63.5521812439, 42.9265480042, 33.8603935242, -8.2605714798, 1.2761118412, 41.101146698, 111.528579712, 53.2671279907, 6.23835945129, -6.36191415787, 4.46744537354, 5.13705635071, -6.2159819603], [223.265274048, -26.4219436646, -37.2718811035, 23.8560447693, -14.0712080002, 17.6541347504, 53.2671279907, 101.238800049, 27.6145343781, 9.17507362366, 4.10719823837, 5.63276815414, -7.67080450058], [-86.3347549438, 17.1955661774, 11.305065155, 27.217464447, 29.2583026886, 7.01718521118, 6.23835945129, 27.6145343781, 77.4964141846, 40.7868995667, 0.06402451545, -10.9076461792, 2.7793097496], [94.2855148315, -17.453042984, -30.0375671387, 12.3460884094, 20.9685230255, 10.3475284576, -6.36191415787, 9.17507362366, 40.7868995667, 86.2718276978, 25.3854217529, 0.102896459401, 0.678726375103], [168.015609741, -10.3098564148, -35.579788208, 11.6351070404, -18.2939300537, 6.70015382767, 4.46744537354, 4.10719823837, 0.06402451545, 25.3854217529, 62.3892211914, 26.6233825684, -6.11624860764], [67.5922622681, 0.658378124237, 2.88304686546, -3.64384222031, -9.52738761902, -5.75241136551, 5.13705635071, 5.63276815414, -10.9076461792, 0.102896459401, 26.6233825684, 62.8586502075, 20.236995697], [-186.890106201, -2.18105316162, 65.257774353, -2.90611767769, 24.6928119659, 0.742589473724, -6.2159819603, -7.67080450058, 2.7793097496, 0.678726375103, -6.11624860764, 20.236995697, 59.3913192749]]
        icov: [[0.000280475389445, -6.31122165942e-005, 0.000452536216471, -0.000634604657535, 0.00039795608609, -0.000414475565776, 0.000346288084984, -0.000484758958919, 0.000662111327983, -0.000386088999221, 0.000103819344076, -0.00033417501254, 0.00026332741254], [-6.31122165942e-005, 0.00222115591168, -0.000230445642956, -0.000564428570215, 0.000604923872743, -0.000196230103029, -0.00170837051701, 0.00219969800673, -0.00158811709844, 0.000551929289941, 0.000789874640759, -0.000684157130308, 0.00034728643368], [0.000452536216471, -0.000230445642956, 0.00305110402405, -0.000481396418763, -0.00205894047394, 0.000142082906677, -0.000610822055023, -0.000145911370055, 0.000728899263777, 0.000807883159723, -0.000336445431458, -0.00023875394254, -0.00118563137949], [-0.000634604657535, -0.000564428570215, -0.000481396418763, 0.00560824293643, -0.00291643990204, -0.000933485105634, 0.00147151737474, -0.000910187489353, -0.00206570280716, 0.00216335337609, -0.00186686404049, 0.00103541684803, -0.000426745624281], [0.00039795608609, 0.000604923872743, -0.00205894047394, -0.00291643990204, 0.0117896087468, -0.00561352167279, 0.0012656460749, 0.001782780746, -0.0014301922638, -0.00350613472983, 0.00436188094318, -0.00159700179938, 2.56579951383e-005], [-0.000414475565776, -0.000196230103029, 0.000142082906677, -0.000933485105634, -0.00561352167279, 0.0138976210728, -0.0056872353889, 0.000321235624142, 0.00163456867449, -7.94058723841e-005, -0.00287572317757, 0.00318494066596, -0.00136383157223], [0.000346288084984, -0.00170837051701, -0.000610822055023, 0.00147151737474, 0.0012656460749, -0.0056872353889, 0.0171120762825, -0.00996820814908, 0.00180457113311, 0.00107891019434, -0.00134741631337, -0.000789129233453, 0.00185186800081], [-0.000484758958919, 0.00219969800673, -0.000145911370055, -0.000910187489353, 0.001782780746, 0.000321235624142, -0.00996820814908, 0.0195204634219, -0.00856887735426, 0.00100449344609, 0.00276139611378, -0.00321912555955, 0.00117460568435], [0.000662111327983, -0.00158811709844, 0.000728899263777, -0.00206570280716, -0.0014301922638, 0.00163456867449, 0.00180457113311, -0.00856887735426, 0.0244170948863, -0.0112409805879, 0.00137345236726, 0.00382834975608, -0.00139767245855], [-0.000386088999221, 0.000551929289941, 0.000807883159723, 0.00216335337609, -0.00350613472983, -7.94058723841e-005, 0.00107891019434, 0.00100449344609, -0.0112409805879, 0.021157277748, -0.00985596328974, 0.0025765215978, -0.00188376836013], [0.000103819344076, 0.000789874640759, -0.000336445431458, -0.00186686404049, 0.00436188094318, -0.00287572317757, -0.00134741631337, 0.00276139611378, 0.00137345236726, -0.00985596328974, 0.0280661229044, -0.0137394014746, 0.00669233733788], [-0.00033417501254, -0.000684157130308, -0.00023875394254, 0.00103541684803, -0.00159700179938, 0.00318494066596, -0.000789129233453, -0.00321912555955, 0.00382834975608, 0.0025765215978, -0.0137394014746, 0.0269076991826, -0.0114299403504], [0.00026332741254, 0.00034728643368, -0.00118563137949, -0.000426745624281, 2.56579951383e-005, -0.00136383157223, 0.00185186800081, 0.00117460568435, -0.00139767245855, -0.00188376836013, 0.00669233733788, -0.0114299403504, 0.0239833965898]]
    sccoeffs:
        dmean: [0.055036906153, 0.0479531474411, 0.0361538976431, 0.028887854889, 0.0171804539859, 0.0164136476815]
        dmean2: [0.0920231118798, 0.0792945474386, 0.0593769140542, 0.0473789088428, 0.0288347490132, 0.0257162693888]
        dvar: [0.0020080821123, 0.00149398506619, 0.000790566846263, 0.000517781940289, 0.000178249654709, 0.000211578444578]
        dvar2: [0.00543470028788, 0.00398812862113, 0.00207519344985, 0.00140165677294, 0.000501871400047, 0.000470313912956]
        max: [-0.334543347359, -0.490483373404, -0.5958994627, -0.534814715385, -0.679655849934, -0.562696814537]
        mean: [-0.645825326443, -0.749666690826, -0.792765080929, -0.794611811638, -0.817777454853, -0.726294219494]
        median: [-0.64560508728, -0.751733899117, -0.799186348915, -0.797217190266, -0.814813137054, -0.721909880638]
        min: [-0.982403635979, -0.977251172066, -0.97672110796, -0.96762573719, -0.965157926083, -0.965091824532]
        var: [0.00533709675074, 0.00463646277785, 0.00316134607419, 0.00275240605697, 0.000988672254607, 0.00271374336444]
    scvalleys:
        dmean: [0.399358481169, 0.373773515224, 0.306170582771, 0.254234105349, 0.199956178665, 0.221127182245]
        dmean2: [0.656987726688, 0.601938724518, 0.482145875692, 0.399650514126, 0.294767647982, 0.313367843628]
        dvar: [0.123000651598, 0.125166803598, 0.0894131138921, 0.0733855962753, 0.0669390186667, 0.106392115355]
        dvar2: [0.293282598257, 0.272102862597, 0.178940758109, 0.139123722911, 0.109841659665, 0.190576016903]
        max: [-5.21928167343, -4.93807458878, -5.52814245224, -5.74180841446, -5.59767436981, -8.06481647491]
        mean: [-7.20483112335, -7.12701034546, -7.39229345322, -7.54148769379, -7.1842083931, -10.0326347351]
        median: [-6.74927330017, -6.72532653809, -6.90440177917, -6.96543312073, -6.40737104416, -9.57766342163]
        min: [-28.1369628906, -28.0970592499, -27.9967975616, -27.5867023468, -27.519159317, -27.3942756653]
        var: [4.52097320557, 4.12674045563, 4.05480146408, 4.16536140442, 4.57043600082, 3.4729282856]

rhythm:
    beats_loudness:
        dmean: 0.00168641132768
        dmean2: 0.00320227863267
        dvar: 2.34242861552e-006
        dvar2: 7.34114746592e-006
        max: 0.0137749677524
        mean: 0.00545748556033
        median: 0.00586450193077
        min: 0
        var: 9.92399600364e-006
    bpm: 84.7183761597
    bpm_confidence: 0
    first_peak_bpm: 85
    first_peak_spread: 0.0853658691049
    first_peak_weight: 0.906344413757
    onset_rate: 2.57609295845
    second_peak_bpm: 80
    second_peak_spread: 0
    second_peak_weight: 0.00906344410032
    beats_loudness_band_ratio:
        dmean: [0.146511629224, 0.118819497526, 0.07428535074, 0.055945198983, 0.0872370451689, 0.0927429571748]
        dmean2: [0.26812389493, 0.226663738489, 0.121997542679, 0.100802414119, 0.158302351832, 0.163140103221]
        dvar: [0.0300013888627, 0.0111695853993, 0.00521590933204, 0.00331584131345, 0.00821697432548, 0.00743105914444]
        dvar2: [0.107123620808, 0.0369661413133, 0.0126984296367, 0.00951689574867, 0.0213621668518, 0.0186368227005]
        max: [0.916676938534, 0.670494198799, 0.679164469242, 0.566046714783, 0.837479293346, 0.88271600008]
        mean: [0.226124152541, 0.142124965787, 0.120173491538, 0.0778378620744, 0.217830225825, 0.254453063011]
        median: [0.162676513195, 0.107544586062, 0.102204665542, 0.0601806417108, 0.222436636686, 0.265967339277]
        min: [0, 0, 0, 0, 0, 0]
        var: [0.0393994525075, 0.0160618796945, 0.0090399114415, 0.00418198481202, 0.0150208100677, 0.014767980203]
    beats_position: [0.731428563595, 1.47446703911, 2.22911548615, 2.9837641716, 3.7151927948, 4.446621418, 5.18965959549, 5.93269824982, 6.68734693527, 7.40716552734, 8.11537361145, 8.82358264923, 9.53179073334, 10.2399997711, 10.9482088089, 11.656416893, 12.3646259308, 13.0728340149, 13.7694330215, 14.4776411057, 15.1858501434, 15.8940582275, 16.602268219, 17.298866272, 18.0070743561, 18.7152824402, 19.4234924316, 20.1317005157, 20.8282985687, 21.5365066528, 22.2447166443, 22.9529247284, 23.6611328125, 24.369342804, 25.0775508881, 25.7857589722, 26.4939670563, 27.1905670166, 27.8871650696, 28.5953731537, 29.3035831451, 30.0117912292, 30.7199993134, 31.4282073975, 32.1364173889, 32.8446235657, 33.5528335571, 34.2494316101, 34.9460296631, 35.6542396545, 36.362449646, 37.0706558228, 37.7788658142, 38.4870758057, 39.1952819824, 39.9034919739, 40.6116981506, 41.3083000183, 42.0048980713, 42.713104248, 43.4213142395, 44.129524231, 44.8377304077, 45.5459403992, 46.2541503906, 46.9507484436, 47.6589546204, 48.3671646118, 49.0637626648, 49.7719726563, 50.480178833, 51.1883888245, 51.8965988159, 52.5931968689, 53.3014030457, 54.0096130371, 54.7178230286, 55.4260292053, 56.1342391968, 56.8424491882, 57.5390472412, 58.2356452942, 58.9438552856, 59.6520614624, 60.3602714539, 61.0684814453, 61.7766876221, 62.4848976135, 63.1814956665, 63.889705658, 64.5979156494, 65.3061218262, 66.0143280029, 66.7225418091, 67.4307479858, 68.1273422241, 68.8239440918, 69.5321502686, 70.2403640747, 70.9485702515, 71.6567764282, 72.3533782959, 73.0615844727, 73.7697982788, 74.4780044556, 75.1745986938, 75.8828125, 76.5910186768, 77.2992248535, 78.0074386597, 78.7156448364, 79.4238510132, 80.1320648193, 80.8286590576, 81.5368728638, 82.2450790405, 82.9416732788, 83.649887085, 84.3580932617, 85.0662994385, 85.7745132446, 86.4827194214, 87.1909255981, 87.8991394043, 88.6073455811, 89.3039474487, 90.0121536255, 90.7203598022, 91.428565979, 92.1367797852, 92.8333740234, 93.5415878296, 94.2497940063, 94.9580001831, 95.6662139893, 96.3628082275, 97.0710220337, 97.7792282104, 98.4874343872, 99.1956481934, 99.8922424316, 100.600448608, 101.308662415, 102.016868591, 102.713470459, 103.421676636, 104.118278503, 104.82648468, 105.534690857, 106.242897034, 106.95111084, 107.659317017, 108.367523193, 109.075737, 109.783943176, 110.480545044, 111.188751221, 111.896957397, 112.605171204, 113.31337738, 114.009971619, 114.718185425, 115.426391602, 116.134597778, 116.842811584, 117.551017761, 118.259223938, 118.955825806, 119.652427673, 120.36063385, 121.068840027, 121.777046204, 122.48526001, 123.181854248, 123.890068054, 124.598274231, 125.294876099, 126.003082275, 126.711288452, 127.419502258, 128.127700806, 128.835922241, 129.544128418, 130.252334595, 130.960540771, 131.65713501, 132.353744507, 133.061950684, 133.77015686, 134.478363037, 135.186569214, 135.894775391, 136.602996826, 137.299591064, 138.007797241, 138.716003418, 139.424209595, 140.13243103, 140.840637207, 141.548843384, 142.245437622, 142.94203186, 143.638641357, 144.346847534, 145.055053711, 145.763259888, 146.471466064, 147.179672241, 147.887893677, 148.596099854, 149.30430603, 150.012512207, 150.720718384, 151.428924561, 152.137145996, 152.845352173, 153.55355835, 154.250152588, 154.946762085, 155.654968262, 156.363174438, 157.071380615, 157.779586792, 158.487792969, 159.184402466, 159.892608643, 160.589202881, 161.297409058, 162.005615234, 162.71383667, 163.422042847, 164.118637085, 164.826843262, 165.535049438, 166.243255615, 166.951477051, 167.659683228, 168.356277466, 169.064483643, 169.772689819, 170.480911255, 171.177505493, 171.88571167, 172.593917847, 173.313735962, 174.0103302, 174.706939697, 175.415145874, 176.123352051, 176.831558228, 177.539764404, 178.24798584, 178.956192017, 179.652786255, 180.360992432, 181.069198608, 181.765808105, 182.474014282, 183.182220459, 183.890426636, 184.598632813, 185.306838989, 186.015060425, 186.711654663, 187.408248901, 188.116455078, 188.824661255, 189.53288269, 190.241088867, 190.949295044, 191.657501221, 192.365707397, 193.073913574, 193.770523071, 194.46711731, 195.175323486, 195.883529663, 196.59173584, 197.299957275, 198.008163452, 198.716369629, 199.447799683, 200.179229736, 200.91065979, 201.642089844, 202.373504639, 203.104934692, 203.813140869, 204.521362305, 205.229568481, 205.937774658, 206.645980835, 207.354187012, 208.050796509, 208.759002686, 209.467208862, 210.163803101, 210.872009277, 211.580215454, 212.28843689, 212.996643066, 213.693237305, 214.41305542, 215.132873535, 215.841079712, 216.549285889, 217.257507324, 217.954101563, 218.650695801, 219.358901978, 220.067123413, 220.77532959, 221.471923828, 222.180130005, 222.888336182, 223.596542358, 224.304763794, 225.012969971, 225.732788086, 226.475830078, 227.218856812, 227.938674927, 228.67010498, 229.401535034, 230.132965088, 230.864395142, 231.595825195, 232.315643311, 233.035461426, 233.755279541, 234.463485718, 235.194915771]
    bpm_estimates: [80.7495193481, 79.5072174072, 79.507194519, 82.0312423706, 82.0312423706, 80.7495498657, 80.74949646, 79.507194519, 83.3543319702, 84.7208633423, 84.7207489014, 84.7208633423, 84.7207489014, 84.7207489014, 84.7208633423, 84.7207489014, 84.7208633423, 86.1327667236, 84.7208633423, 84.7207489014, 84.7208633423, 84.7206344604, 86.1328887939, 84.7208633423, 84.7208633423, 84.7206344604, 84.7208633423, 86.1328887939, 84.7208633423, 84.7206344604, 84.7208633423, 84.7208633423, 84.7206344604, 84.7208633423, 84.7208633423, 84.7208633423, 86.1326522827, 86.1328887939, 84.7208633423, 84.7206344604, 84.7208633423, 84.7208633423, 84.7208633423, 84.7206344604, 84.7210922241, 84.7206344604, 86.1328887939, 86.1328887939, 84.7206344604, 84.7206344604, 84.7210922241, 84.7206344604, 84.7206344604, 84.7210922241, 84.7206344604, 84.7210922241, 86.1324157715, 86.1328887939, 84.7210922241, 84.7206344604, 84.7206344604, 84.7210922241, 84.7206344604, 84.7206344604, 86.1328887939, 84.7210922241, 84.7206344604, 86.1328887939, 84.7206344604, 84.7210922241, 84.7206344604, 84.7206344604, 86.1328887939, 84.7210922241, 84.7206344604, 84.7206344604, 84.7210922241, 84.7206344604, 84.7206344604, 86.1328887939, 86.1328887939, 84.7206344604, 84.7210922241, 84.7206344604, 84.7206344604, 84.7210922241, 84.7206344604, 86.1328887939, 84.7206344604, 84.7206344604, 84.7210922241, 84.7210922241, 84.7201766968, 84.7210922241, 86.133354187, 86.1324157715, 84.7210922241, 84.7201766968, 84.7210922241, 84.7210922241, 86.1324157715, 84.7210922241, 84.7201766968, 84.7210922241, 86.133354187, 84.7201766968, 84.7210922241, 84.7210922241, 84.7201766968, 84.7210922241, 84.7210922241, 84.7201766968, 86.133354187, 84.7201766968, 84.7210922241, 86.133354187, 84.7201766968, 84.7210922241, 84.7210922241, 84.7201766968, 84.7210922241, 84.7210922241, 84.7201766968, 84.7210922241, 86.1324157715, 84.7210922241, 84.7210922241, 84.7210922241, 84.7201766968, 86.133354187, 84.7201766968, 84.7210922241, 84.7210922241, 84.7201766968, 86.133354187, 84.7201766968, 84.7210922241, 84.7210922241, 84.7201766968, 86.133354187, 84.7210922241, 84.7201766968, 84.7210922241, 86.1324157715, 84.7210922241, 86.1324157715, 84.7210922241, 84.7210922241, 84.7210922241, 84.7201766968, 84.7210922241, 84.7210922241, 84.7201766968, 84.7210922241, 86.1324157715, 84.7210922241, 84.7210922241, 84.7201766968, 84.7210922241, 86.133354187, 84.7201766968, 84.7210922241, 84.7210922241, 84.7201766968, 84.7210922241, 84.7210922241, 86.1324157715, 86.1324157715, 84.7210922241, 84.7210922241, 84.7210922241, 84.7201766968, 86.133354187, 84.7201766968, 84.7210922241, 86.1324157715, 84.7210922241, 84.7210922241, 84.7201766968, 84.7220001221, 84.7192687988, 84.7210922241, 84.7210922241, 84.7210922241, 86.133354187, 86.1314697266, 84.7210922241, 84.7210922241, 84.7210922241, 84.7210922241, 84.7210922241, 84.7192687988, 86.133354187, 84.7210922241, 84.7210922241, 84.7210922241, 84.7192687988, 84.7210922241, 84.7210922241, 86.133354187, 86.133354187, 86.1314697266, 84.7210922241, 84.7210922241, 84.7210922241, 84.7210922241, 84.7210922241, 84.7192687988, 84.7210922241, 84.7210922241, 84.7210922241, 84.7210922241, 84.7210922241, 84.7192687988, 84.7210922241, 84.7210922241, 86.133354187, 86.1314697266, 84.7210922241, 84.7210922241, 84.7210922241, 84.7210922241, 84.7210922241, 86.1314697266, 84.7210922241, 86.133354187, 84.7210922241, 84.7210922241, 84.7192687988, 84.7210922241, 86.133354187, 84.7210922241, 84.7210922241, 84.7210922241, 84.7192687988, 84.7210922241, 86.133354187, 84.7210922241, 84.7210922241, 84.7192687988, 86.133354187, 84.7210922241, 84.7210922241, 83.3543930054, 86.133354187, 86.1314697266, 84.7210922241, 84.7210922241, 84.7210922241, 84.7210922241, 84.7192687988, 84.7210922241, 86.133354187, 84.7210922241, 84.7210922241, 86.1314697266, 84.7210922241, 84.7210922241, 84.7210922241, 84.7210922241, 84.7210922241, 84.7192687988, 86.133354187, 86.133354187, 84.7210922241, 84.7210922241, 84.7192687988, 84.7210922241, 84.7210922241, 84.7210922241, 84.7210922241, 84.7210922241, 86.1314697266, 86.133354187, 84.7210922241, 84.7210922241, 84.7210922241, 84.7192687988, 84.7210922241, 84.7210922241, 82.0310821533, 82.0310821533, 82.0310821533, 82.0310821533, 82.0327987671, 82.0310821533, 84.7210922241, 84.7192687988, 84.7210922241, 84.7210922241, 84.7210922241, 84.7210922241, 86.1314697266, 84.7210922241, 84.7210922241, 86.133354187, 84.7210922241, 84.7210922241, 84.7192687988, 84.7210922241, 86.133354187, 83.3543930054, 83.3543930054, 84.7210922241, 84.7210922241, 84.7192687988, 86.133354187, 86.133354187, 84.7210922241, 84.7192687988, 84.7210922241, 86.133354187, 84.7210922241, 84.7210922241, 84.7210922241, 84.7192687988, 84.7210922241, 83.3543930054, 80.7491378784, 80.750793457, 83.3543930054, 82.0310821533, 82.0310821533, 82.0310821533, 82.0310821533, 82.0310821533, 83.3543930054, 83.3543930054, 83.3543930054, 84.7210922241, 82.0310821533]
