
metadata:
    version:
        essentia: "2.1-beta2"
    audio_properties:
        analysis_sample_rate: 44100
        bitrate: 320
        channels: 2
        equal_loudness: 1
        length: 224.966537476
        replay_gain: -15.6082849503
        downmix: "mix"
    tags:
        album: "Dancing With the Dead"
        artist: "Pain"
        comment: ""
        date: "2005"
        genre: "Industrial Metal"
        title: "A Good Day To Die"
        tracknumber: "10"

configuration:
    average_loudness:
        compute: 1
        frameSize: 88200
        hopSize: 44100
        silentFrames: "noise"
        windowType: "hann"
    general:
        analysisSampleRate: 44100
        endTime: 2000
        equalLoudness: 1
        nequalLoudness: 0
        shortSound: 0
        startTime: 0
    lowlevel:
        compute: 1
        frameSize: 2048
        hopSize: 1024
        zeroPadding: 0
        silentFrames: "noise"
        windowType: "blackmanharris62"
        mfccStats: ["mean", "cov", "icov"]
        stats: ["mean", "var", "median", "min", "max", "dmean", "dmean2", "dvar", "dvar2"]
    panning:
        compute: 0
        frameSize: 8192
        hopSize: 2048
        zeroPadding: 8192
        silentFrames: "noise"
        windowType: "hann"
        stats: ["copy"]
    rhythm:
        compute: 1
        maxTempo: 208
        minTempo: 40
        method: "degara"
        stats: ["mean", "var", "median", "min", "max", "dmean", "dmean2", "dvar", "dvar2"]
    segmentation:
        compute: 0
        cpw: 5
        inc1: 300
        inc2: 50
        minimumSegmentsLength: 10
        size1: 1000
        size2: 600
    sfx:
        compute: 1
        stats: ["mean", "var", "median", "min", "max", "dmean", "dmean2", "dvar", "dvar2"]
    svm:
        compute: 0
    tonal:
        compute: 1
        frameSize: 4096
        hopSize: 2048
        zeroPadding: 0
        silentFrames: "noise"
        windowType: "blackmanharris62"
        stats: ["mean", "var", "median", "min", "max", "dmean", "dmean2", "dvar", "dvar2"]

lowlevel:
    average_loudness: 0.95751273632
    barkbands_kurtosis:
        dmean: 1.02908110619
        dmean2: 1.72308588028
        dvar: 3.30510687828
        dvar2: 6.5170173645
        max: 100.082244873
        mean: -0.094163313508
        median: -0.64809525013
        min: -1.94069314003
        var: 8.15356349945
    barkbands_skewness:
        dmean: 0.404410988092
        dmean2: 0.65698069334
        dvar: 0.144891574979
        dvar2: 0.347808748484
        max: 9.19107055664
        mean: -0.773120522499
        median: -0.803969025612
        min: -4.36731529236
        var: 0.565055131912
    barkbands_spread:
        dmean: 8.19128513336
        dmean2: 13.7827339172
        dvar: 50.4165458679
        dvar2: 136.872024536
        max: 70.6059417725
        mean: 34.2181549072
        median: 32.8384437561
        min: 1.59430754185
        var: 115.867530823
    dissonance:
        dmean: 0.00626198993996
        dmean2: 0.0108079528436
        dvar: 3.9670663682e-005
        dvar2: 0.000112406080007
        max: 0.500000119209
        mean: 0.490462601185
        median: 0.492338955402
        min: 0.37983751297
        var: 5.42539637536e-005
    hfc:
        dmean: 2.54874658585
        dmean2: 3.90713334084
        dvar: 7.36495256424
        dvar2: 15.7049732208
        max: 46.9359893799
        mean: 13.4208145142
        median: 13.6868057251
        min: 1.05675678298e-016
        var: 39.9713249207
    pitch:
        dmean: 900.595214844
        dmean2: 1707.46606445
        dvar: 1704884.375
        dvar2: 4333121.5
        max: 4497.99853516
        mean: 2735.87670898
        median: 3627.20947266
        min: 64.744392395
        var: 2283457.5
    pitch_instantaneous_confidence:
        dmean: 0.0691982731223
        dmean2: 0.116024747491
        dvar: 0.00317672127858
        dvar2: 0.00854947324842
        max: 0.74352824688
        mean: 0.324574112892
        median: 0.315769582987
        min: 0.0870885252953
        var: 0.00873636174947
    pitch_salience:
        dmean: 0.0469544418156
        dmean2: 0.0778323709965
        dvar: 0.00188541063108
        dvar2: 0.00471160328016
        max: 0.915137171745
        mean: 0.709962844849
        median: 0.728095948696
        min: 0.112051874399
        var: 0.00606709998101
    silence_rate_20dB:
        dmean: 0
        dmean2: 0
        dvar: 0
        dvar2: 0
        max: 1
        mean: 1
        median: 1
        min: 1
        var: 0
    silence_rate_30dB:
        dmean: 0
        dmean2: 0
        dvar: 0
        dvar2: 0
        max: 1
        mean: 1
        median: 1
        min: 1
        var: 0
    silence_rate_60dB:
        dmean: 0.033233564347
        dmean2: 0.0664739906788
        dvar: 0.0321253165603
        dvar2: 0.0723724886775
        max: 1
        mean: 0.120536632836
        median: 0
        min: 0
        var: 0.106004752219
    spectral_centroid:
        dmean: 277.871582031
        dmean2: 451.91015625
        dvar: 70253.3984375
        dvar2: 160848.03125
        max: 11692.4873047
        mean: 2478.52539063
        median: 2458.47387695
        min: 129.565353394
        var: 954118.625
    spectral_complexity:
        dmean: 4.09515953064
        dmean2: 6.40751457214
        dvar: 14.0861701965
        dvar2: 29.2354354858
        max: 55
        mean: 24.7777080536
        median: 26
        min: 0
        var: 110.285293579
    spectral_crest:
        dmean: 1.3525249958
        dmean2: 2.26238536835
        dvar: 1.6823580265
        dvar2: 4.32356452942
        max: 22.5909996033
        mean: 5.68409442902
        median: 5.21384334564
        min: 2.50613427162
        var: 4.30223751068
    spectral_decrease:
        dmean: 2.32426439206e-010
        dmean2: 3.74826419902e-010
        dvar: 6.52492281021e-020
        dvar2: 1.5061044807e-019
        max: 2.10977223538e-028
        mean: -1.15013976121e-009
        median: -1.12280895692e-009
        min: -3.74709685502e-009
        var: 2.58870153505e-019
    spectral_energy:
        dmean: 0.00105880817864
        dmean2: 0.00168661295902
        dvar: 1.36110986659e-006
        dvar2: 3.04241484628e-006
        max: 0.017787810415
        mean: 0.00555819645524
        median: 0.00547686545178
        min: 1.01146554782e-020
        var: 5.9708822846e-006
    spectral_energyband_high:
        dmean: 0.000246537470957
        dmean2: 0.000397887051804
        dvar: 6.91936676844e-008
        dvar2: 1.65347586289e-007
        max: 0.00415777787566
        mean: 0.000919749494642
        median: 0.000901470542885
        min: 6.88239230465e-021
        var: 2.32205891848e-007
    spectral_energyband_low:
        dmean: 0.000362448772648
        dmean2: 0.000632439681794
        dvar: 1.83965099154e-007
        dvar2: 5.06189110183e-007
        max: 0.00598599715158
        mean: 0.000490085629281
        median: 0.000338489830028
        min: 1.35564547494e-023
        var: 2.51345710467e-007
    spectral_energyband_middle_high:
        dmean: 0.000664427818265
        dmean2: 0.00102473411243
        dvar: 4.48786977358e-007
        dvar2: 9.67186110756e-007
        max: 0.0112815378234
        mean: 0.0032699785661
        median: 0.00321099162102
        min: 1.23817638687e-021
        var: 2.746134669e-006
    spectral_energyband_middle_low:
        dmean: 0.000470477243653
        dmean2: 0.000785665528383
        dvar: 3.12670721314e-007
        dvar2: 8.11945540136e-007
        max: 0.00668152840808
        mean: 0.0010590251768
        median: 0.000892000505701
        min: 1.62544789521e-022
        var: 5.74092666739e-007
    spectral_flatness_db:
        dmean: 0.0111702308059
        dmean2: 0.0177933499217
        dvar: 0.000109841879748
        dvar2: 0.00024361020769
        max: 0.343485027552
        mean: 0.136208474636
        median: 0.133663713932
        min: 0.0564051382244
        var: 0.000541263900232
    spectral_flux:
        dmean: 0.00556775322184
        dmean2: 0.00852290447801
        dvar: 3.34968099196e-005
        dvar2: 6.58761928207e-005
        max: 0.0975900739431
        mean: 0.0459703877568
        median: 0.0468502938747
        min: 6.33981478426e-011
        var: 0.000184526958037
    spectral_kurtosis:
        dmean: 0.778395533562
        dmean2: 1.34813725948
        dvar: 0.594677865505
        dvar2: 1.71562719345
        max: 20.7142696381
        mean: 2.65691614151
        median: 2.52035140991
        min: -1.25702416897
        var: 1.22323155403
    spectral_rms:
        dmean: 0.000219436260522
        dmean2: 0.000345802138327
        dvar: 5.20375031954e-008
        dvar2: 1.09320296815e-007
        max: 0.00416580867022
        mean: 0.00224406528287
        median: 0.00231155427173
        min: 3.14133029485e-012
        var: 3.86820317999e-007
    spectral_rolloff:
        dmean: 226.250228882
        dmean2: 373.014343262
        dvar: 119543.851563
        dvar2: 261649.4375
        max: 19444.4824219
        mean: 4136.65722656
        median: 4091.30859375
        min: 129.19921875
        var: 2273044.25
    spectral_skewness:
        dmean: 0.117870651186
        dmean2: 0.196030437946
        dvar: 0.0123763186857
        dvar2: 0.0320233330131
        max: 3.46562480927
        mean: 0.963330447674
        median: 0.952463746071
        min: -0.0785036534071
        var: 0.0549551844597
    spectral_spread:
        dmean: 381797.78125
        dmean2: 603507.1875
        dvar: 364865224704
        dvar2: 796946661376
        max: 42872828
        mean: 4474944
        median: 3979024.5
        min: 2221967.25
        var: 1.29638911181e+013
    spectral_strongpeak:
        dmean: 0.65986764431
        dmean2: 1.16217041016
        dvar: 0.665858149529
        dvar2: 1.76147139072
        max: 8.15059661865
        mean: 0.751833021641
        median: 0.336323261261
        min: 0
        var: 0.829916477203
    zerocrossingrate:
        dmean: 0.00680126529187
        dmean2: 0.00838081724942
        dvar: 4.8912348575e-005
        dvar2: 5.91096140852e-005
        max: 0.53564453125
        mean: 0.130920097232
        median: 0.1298828125
        min: 0.0078125
        var: 0.00169616087805
    barkbands:
        dmean: [7.80867310368e-007, 8.2921666035e-005, 0.000217737848288, 0.00021850426856, 0.000219110064791, 9.16282442631e-005, 5.5391996284e-005, 5.10387981194e-005, 9.88112369669e-005, 8.04346345831e-005, 7.38588132663e-005, 5.82170978305e-005, 6.19199636276e-005, 6.02846921538e-005, 0.000110710425361, 0.000114792033855, 0.000176669957, 0.000211863938603, 0.000311282812618, 0.000279792729998, 0.000134436151711, 3.81859572371e-005, 6.18122294327e-006, 2.05425180866e-006, 8.22571507797e-007, 2.30229435516e-008, 3.19282489336e-010]
        dmean2: [1.0128097756e-006, 0.000145106430864, 0.000381604826543, 0.000382131227525, 0.000376206124201, 0.000151905303937, 9.27839428186e-005, 8.51046788739e-005, 0.000159883711603, 0.000131194887217, 0.000122082798043, 9.58355885814e-005, 0.00010066111281, 9.74440554273e-005, 0.000182540461537, 0.000190013364772, 0.000295660138363, 0.000351149152266, 0.000512956466991, 0.000457446993096, 0.000220935893594, 6.47526685498e-005, 1.01777077361e-005, 3.17799594995e-006, 1.27853661525e-006, 3.63063961117e-008, 5.51585832564e-010]
        dvar: [1.44961831167e-012, 1.39794016363e-008, 7.53396633968e-008, 6.47079758664e-008, 1.29416164896e-007, 2.27248371232e-008, 8.19900858318e-009, 7.29128757371e-009, 2.43906068675e-008, 2.00066825329e-008, 1.91949425243e-008, 1.25325394507e-008, 1.34891164905e-008, 9.24241660982e-009, 2.16395044106e-008, 1.74569247946e-008, 3.44642359096e-008, 4.63715927879e-008, 1.23095105664e-007, 8.22320842531e-008, 1.74201186809e-008, 2.31752195212e-009, 7.25055987472e-011, 1.47473804002e-011, 3.28271958228e-012, 2.33000806691e-015, 1.76623455952e-019]
        dvar2: [2.31753592012e-012, 3.85209837361e-008, 2.03774561669e-007, 1.79896304076e-007, 3.35292810405e-007, 5.82616195288e-008, 2.07815400444e-008, 1.82513240077e-008, 5.90161093328e-008, 5.03602528568e-008, 4.9311761785e-008, 3.31947624943e-008, 3.45989974448e-008, 2.17561897387e-008, 5.64694566663e-008, 4.4951914191e-008, 9.38656938843e-008, 1.21950080256e-007, 3.25857286043e-007, 2.13631707879e-007, 4.51299762005e-008, 6.36000629939e-009, 1.75962411308e-010, 2.64924956972e-011, 6.87333046381e-012, 5.44757550972e-015, 4.80055509266e-019]
        max: [1.25441783894e-005, 0.00105988793075, 0.00481344899163, 0.00290679908358, 0.00389507389627, 0.00299769383855, 0.00153398071416, 0.00200032489374, 0.00225953664631, 0.0020948224701, 0.00221265922301, 0.00188172073103, 0.00202966458164, 0.00185192306526, 0.00251725222915, 0.00222920998931, 0.00259619718418, 0.00282977940515, 0.00623257085681, 0.00482986401767, 0.00200292421505, 0.000610733462963, 0.000165367586305, 0.000107689629658, 3.25200671796e-005, 1.33241564981e-006, 5.79727821304e-009]
        mean: [1.11759879928e-006, 9.03166946955e-005, 0.00026246428024, 0.000259244814515, 0.000268746283837, 0.000144831559737, 8.2725615357e-005, 8.00125635578e-005, 0.000179059192305, 0.000137603303301, 0.000128573767142, 0.00010956593178, 0.000111316083348, 0.000112681722385, 0.000220419373363, 0.000257081876043, 0.000403570506023, 0.000528029748239, 0.000832192949019, 0.00078959093662, 0.000437364651589, 0.000100982288131, 1.41979971886e-005, 4.74666330774e-006, 1.732663236e-006, 4.35990834546e-008, 4.27199692288e-010]
        median: [2.04801295922e-007, 5.18481247127e-005, 0.00015583311324, 0.000173817999894, 0.000152850610903, 9.02216488612e-005, 5.05376774527e-005, 4.79141926917e-005, 8.68942079251e-005, 5.37398373126e-005, 5.00665337313e-005, 4.4546504796e-005, 4.56765847048e-005, 6.08076297794e-005, 0.000151627784362, 0.000212461978663, 0.000368124863598, 0.000492164923344, 0.000741472875234, 0.000738337170333, 0.000430085841799, 9.35635034693e-005, 1.0471958376e-005, 2.82437190435e-006, 9.73896248979e-007, 2.45584637071e-008, 2.40019171205e-010]
        min: [4.27849065746e-026, 2.01032701719e-024, 1.04445203573e-024, 3.17023131159e-025, 4.24997866055e-024, 1.10160449555e-023, 7.04279475621e-024, 3.94686674633e-024, 1.90615521309e-023, 1.64316413342e-023, 9.84038188264e-024, 2.13173693091e-023, 1.26176361192e-023, 2.06411025209e-023, 5.90926111552e-023, 4.92252675846e-023, 6.32775308792e-023, 1.11778131904e-022, 1.42209937003e-022, 1.68574791793e-022, 2.4875482877e-022, 3.01227205613e-022, 3.4904441959e-022, 5.30954330696e-022, 8.58689913296e-022, 1.29057260392e-021, 1.94991148472e-021]
        var: [3.17800538489e-012, 1.32634294658e-008, 1.17171694569e-007, 7.65174945627e-008, 1.40302105933e-007, 3.5954411004e-008, 1.2281245354e-008, 1.29607853339e-008, 5.86580100048e-008, 4.45651124892e-008, 4.2931521449e-008, 3.53525386743e-008, 3.52740023857e-008, 2.05914041373e-008, 4.63093172698e-008, 4.19096224391e-008, 7.03267133417e-008, 1.06793265786e-007, 3.39826954132e-007, 2.15248519453e-007, 5.44080691611e-008, 4.15010870114e-009, 1.65563854293e-010, 5.52926385233e-011, 8.21091979131e-012, 4.24070983746e-015, 2.88679183692e-019]
    frequency_bands:
        dmean: [7.80867310368e-007, 8.2921666035e-005, 0.000217737848288, 0.00021850426856, 0.000219110064791, 9.16282442631e-005, 5.5391996284e-005, 5.10387981194e-005, 9.88112369669e-005, 8.04346345831e-005, 7.38588132663e-005, 5.82170978305e-005, 6.19199636276e-005, 6.02846921538e-005, 0.000110710425361, 0.000114792033855, 0.000176669957, 0.000211863938603, 0.000311282812618, 0.000279792729998, 0.000134436151711, 3.81859572371e-005, 6.18122294327e-006, 2.05425180866e-006, 8.22571507797e-007, 2.30229435516e-008, 3.19282489336e-010, 6.69537897346e-011]
        dmean2: [1.0128097756e-006, 0.000145106430864, 0.000381604826543, 0.000382131227525, 0.000376206124201, 0.000151905303937, 9.27839428186e-005, 8.51046788739e-005, 0.000159883711603, 0.000131194887217, 0.000122082798043, 9.58355885814e-005, 0.00010066111281, 9.74440554273e-005, 0.000182540461537, 0.000190013364772, 0.000295660138363, 0.000351149152266, 0.000512956466991, 0.000457446993096, 0.000220935893594, 6.47526685498e-005, 1.01777077361e-005, 3.17799594995e-006, 1.27853661525e-006, 3.63063961117e-008, 5.51585832564e-010, 1.24299390225e-010]
        dvar: [1.44961831167e-012, 1.39794016363e-008, 7.53396633968e-008, 6.47079758664e-008, 1.29416164896e-007, 2.27248371232e-008, 8.19900858318e-009, 7.29128757371e-009, 2.43906068675e-008, 2.00066825329e-008, 1.91949425243e-008, 1.25325394507e-008, 1.34891164905e-008, 9.24241660982e-009, 2.16395044106e-008, 1.74569247946e-008, 3.44642359096e-008, 4.63715927879e-008, 1.23095105664e-007, 8.22320842531e-008, 1.74201186809e-008, 2.31752195212e-009, 7.25055987472e-011, 1.47473804002e-011, 3.28271958228e-012, 2.33000806691e-015, 1.76623455952e-019, 8.35644673547e-021]
        dvar2: [2.31753592012e-012, 3.85209837361e-008, 2.03774561669e-007, 1.79896304076e-007, 3.35292810405e-007, 5.82616195288e-008, 2.07815400444e-008, 1.82513240077e-008, 5.90161093328e-008, 5.03602528568e-008, 4.9311761785e-008, 3.31947624943e-008, 3.45989974448e-008, 2.17561897387e-008, 5.64694566663e-008, 4.4951914191e-008, 9.38656938843e-008, 1.21950080256e-007, 3.25857286043e-007, 2.13631707879e-007, 4.51299762005e-008, 6.36000629939e-009, 1.75962411308e-010, 2.64924956972e-011, 6.87333046381e-012, 5.44757550972e-015, 4.80055509266e-019, 2.63683708129e-020]
        max: [1.25441783894e-005, 0.00105988793075, 0.00481344899163, 0.00290679908358, 0.00389507389627, 0.00299769383855, 0.00153398071416, 0.00200032489374, 0.00225953664631, 0.0020948224701, 0.00221265922301, 0.00188172073103, 0.00202966458164, 0.00185192306526, 0.00251725222915, 0.00222920998931, 0.00259619718418, 0.00282977940515, 0.00623257085681, 0.00482986401767, 0.00200292421505, 0.000610733462963, 0.000165367586305, 0.000107689629658, 3.25200671796e-005, 1.33241564981e-006, 5.79727821304e-009, 1.30012012267e-009]
        mean: [1.11759879928e-006, 9.03166946955e-005, 0.00026246428024, 0.000259244814515, 0.000268746283837, 0.000144831559737, 8.2725615357e-005, 8.00125635578e-005, 0.000179059192305, 0.000137603303301, 0.000128573767142, 0.00010956593178, 0.000111316083348, 0.000112681722385, 0.000220419373363, 0.000257081876043, 0.000403570506023, 0.000528029748239, 0.000832192949019, 0.00078959093662, 0.000437364651589, 0.000100982288131, 1.41979971886e-005, 4.74666330774e-006, 1.732663236e-006, 4.35990834546e-008, 4.27199692288e-010, 5.24042996497e-011]
        median: [2.04801295922e-007, 5.18481247127e-005, 0.00015583311324, 0.000173817999894, 0.000152850610903, 9.02216488612e-005, 5.05376774527e-005, 4.79141926917e-005, 8.68942079251e-005, 5.37398373126e-005, 5.00665337313e-005, 4.4546504796e-005, 4.56765847048e-005, 6.08076297794e-005, 0.000151627784362, 0.000212461978663, 0.000368124863598, 0.000492164923344, 0.000741472875234, 0.000738337170333, 0.000430085841799, 9.35635034693e-005, 1.0471958376e-005, 2.82437190435e-006, 9.73896248979e-007, 2.45584637071e-008, 2.40019171205e-010, 2.07438944494e-011]
        min: [4.27849065746e-026, 2.01032701719e-024, 1.04445203573e-024, 3.17023131159e-025, 4.24997866055e-024, 1.10160449555e-023, 7.04279475621e-024, 3.94686674633e-024, 1.90615521309e-023, 1.64316413342e-023, 9.84038188264e-024, 2.13173693091e-023, 1.26176361192e-023, 2.06411025209e-023, 5.90926111552e-023, 4.92252675846e-023, 6.32775308792e-023, 1.11778131904e-022, 1.42209937003e-022, 1.68574791793e-022, 2.4875482877e-022, 3.01227205613e-022, 3.4904441959e-022, 5.30954330696e-022, 8.58689913296e-022, 1.29057260392e-021, 1.94991148472e-021, 4.27912031835e-022]
        var: [3.17800538489e-012, 1.32634294658e-008, 1.17171694569e-007, 7.65174945627e-008, 1.40302105933e-007, 3.5954411004e-008, 1.2281245354e-008, 1.29607853339e-008, 5.86580100048e-008, 4.45651124892e-008, 4.2931521449e-008, 3.53525386743e-008, 3.52740023857e-008, 2.05914041373e-008, 4.63093172698e-008, 4.19096224391e-008, 7.03267133417e-008, 1.06793265786e-007, 3.39826954132e-007, 2.15248519453e-007, 5.44080691611e-008, 4.15010870114e-009, 1.65563854293e-010, 5.52926385233e-011, 8.21091979131e-012, 4.24070983746e-015, 2.88679183692e-019, 7.05141099163e-021]
    mfcc:
        mean: [-688.696533203, 80.1231002808, -55.5843315125, 66.3023757935, -16.8920516968, 2.09859585762, 2.38581609726, -1.24546515942, 4.36150741577, -3.18245792389, -5.49750852585, -6.24981069565, -5.82599592209]
        cov: [[6480.27050781, 942.665405273, -694.663269043, 598.33203125, -234.338607788, 4.45139884949, -50.4236907959, -66.9984130859, -20.0204639435, -69.4475784302, -50.302898407, -56.3548049927, -85.8014450073], [942.665405273, 551.621582031, -200.266815186, 72.2399749756, -60.9235343933, 32.9118843079, 59.2994117737, 23.8290157318, 19.7766628265, -14.7814855576, 6.14557981491, -24.2484493256, -42.9290351868], [-694.663269043, -200.266815186, 353.989959717, 8.36027812958, 149.084243774, 10.5749855042, 11.1459550858, 12.6578798294, 3.79140615463, 27.3515319824, -3.76599359512, 11.5838565826, 18.9574871063], [598.33203125, 72.2399749756, 8.36027812958, 309.29788208, 72.9442214966, 31.3618602753, -44.5779380798, -10.408864975, 35.0377960205, 20.4210739136, 2.03947806358, -1.02250647545, 10.0607767105], [-234.338607788, -60.9235343933, 149.084243774, 72.9442214966, 157.409942627, 31.0268096924, -2.19678521156, 3.08142781258, 27.1029777527, 36.6787414551, 3.68939900398, 4.05057096481, 8.98398017883], [4.45139884949, 32.9118843079, 10.5749855042, 31.3618602753, 31.0268096924, 92.699508667, 53.6194801331, 25.5894947052, 4.92580080032, -0.722302079201, 8.16585350037, 8.21646404266, 8.02795314789], [-50.4236907959, 59.2994117737, 11.1459550858, -44.5779380798, -2.19678521156, 53.6194801331, 106.20136261, 50.5790634155, 2.81232190132, -8.05887794495, 5.55923509598, 5.13864088058, -2.41052794456], [-66.9984130859, 23.8290157318, 12.6578798294, -10.408864975, 3.08142781258, 25.5894947052, 50.5790634155, 67.6087112427, 31.6553440094, 9.65278244019, 3.50956583023, 1.28223419189, 3.28855156898], [-20.0204639435, 19.7766628265, 3.79140615463, 35.0377960205, 27.1029777527, 4.92580080032, 2.81232190132, 31.6553440094, 67.9923934937, 42.3327865601, 9.74650382996, -6.04204845428, 0.234691277146], [-69.4475784302, -14.7814855576, 27.3515319824, 20.4210739136, 36.6787414551, -0.722302079201, -8.05887794495, 9.65278244019, 42.3327865601, 68.6774673462, 23.133764267, -1.11413943768, -1.61707103252], [-50.302898407, 6.14557981491, -3.76599359512, 2.03947806358, 3.68939900398, 8.16585350037, 5.55923509598, 3.50956583023, 9.74650382996, 23.133764267, 41.0707511902, 18.5554599762, 2.58633613586], [-56.3548049927, -24.2484493256, 11.5838565826, -1.02250647545, 4.05057096481, 8.21646404266, 5.13864088058, 1.28223419189, -6.04204845428, -1.11413943768, 18.5554599762, 42.2143974304, 21.0442047119], [-85.8014450073, -42.9290351868, 18.9574871063, 10.0607767105, 8.98398017883, 8.02795314789, -2.41052794456, 3.28855156898, 0.234691277146, -1.61707103252, 2.58633613586, 21.0442047119, 43.8130111694]]
        icov: [[0.000316938065225, -0.00029812057619, 0.000387324689655, -0.000710806343704, 0.000250878190855, 0.000222133443458, -0.000232004356803, 9.77114032139e-005, 0.000488338933792, -0.000387023639632, 0.000679812044837, -0.0003024667094, 0.000300208252156], [-0.00029812057619, 0.00332794478163, 0.00133475370239, -0.000485666590976, -0.000457760383142, 0.00029427264235, -0.00248232949525, 0.000362485821825, -0.0012780521065, 0.00124774384312, -0.00139434484299, 0.00101037847344, 0.0017370294081], [0.000387324689655, 0.00133475370239, 0.00709561537951, -0.000843660440296, -0.00608064746484, 0.00268003228121, -0.00242743105628, -0.00205426523462, 0.00366339483298, -0.00144403427839, 0.0016682127025, -0.000537555257324, 5.30880570295e-005], [-0.000710806343704, -0.000485666590976, -0.000843660440296, 0.00670091342181, -0.00255895010196, -0.00345499604009, 0.00481723248959, -0.000118608360935, -0.00326497177593, 0.00186199124437, -0.00133151584305, 0.000510967627633, -0.00169045268558], [0.000250878190855, -0.000457760383142, -0.00608064746484, -0.00255895010196, 0.0160957686603, -0.00525398226455, 0.00056888430845, 0.00433124927804, -0.00406529614702, -0.00446330010891, 0.00329984701239, -0.00176159269176, 0.00113822740968], [0.000222133443458, 0.00029427264235, 0.00268003228121, -0.00345499604009, -0.00525398226455, 0.0207236055285, -0.0119326123968, -0.00081893207971, 0.00288902409375, 0.0010886725504, -0.00280145299621, 0.000851744436659, -0.00317686749622], [-0.000232004356803, -0.00248232949525, -0.00242743105628, 0.00481723248959, 0.00056888430845, -0.0119326123968, 0.0269179996103, -0.0161240100861, 0.00442189536989, 0.00173792685382, -0.00196498376317, -0.0012015751563, 0.00255217077211], [9.77114032139e-005, 0.000362485821825, -0.00205426523462, -0.000118608360935, 0.00433124927804, -0.00081893207971, -0.0161240100861, 0.036377415061, -0.0204088706523, 0.00341340014711, 0.00236866017804, -0.00128388113808, -0.00218086689711], [0.000488338933792, -0.0012780521065, 0.00366339483298, -0.00326497177593, -0.00406529614702, 0.00288902409375, 0.00442189536989, -0.0204088706523, 0.0399564728141, -0.0201254058629, 0.00246704556048, 0.00384341506287, -0.00200044480152], [-0.000387023639632, 0.00124774384312, -0.00144403427839, 0.00186199124437, -0.00446330010891, 0.0010886725504, 0.00173792685382, 0.00341340014711, -0.0201254058629, 0.0358036421239, -0.0198739692569, 0.00715081160888, 0.000384815066354], [0.000679812044837, -0.00139434484299, 0.0016682127025, -0.00133151584305, 0.00329984701239, -0.00280145299621, -0.00196498376317, 0.00236866017804, 0.00246704556048, -0.0198739692569, 0.0471780486405, -0.0245699603111, 0.00736950943246], [-0.0003024667094, 0.00101037847344, -0.000537555257324, 0.000510967627633, -0.00176159269176, 0.000851744436659, -0.0012015751563, -0.00128388113808, 0.00384341506287, 0.00715081160888, -0.0245699603111, 0.0454072505236, -0.0193678867072], [0.000300208252156, 0.0017370294081, 5.30880570295e-005, -0.00169045268558, 0.00113822740968, -0.00317686749622, 0.00255217077211, -0.00218086689711, -0.00200044480152, 0.000384815066354, 0.00736950943246, -0.0193678867072, 0.0350248366594]]
    sccoeffs:
        dmean: [0.0583994202316, 0.0436582118273, 0.0347887650132, 0.0284438692033, 0.0179023463279, 0.0177339427173]
        dmean2: [0.0969567522407, 0.0738485604525, 0.0587409064174, 0.0482228249311, 0.0303924418986, 0.028118243441]
        dvar: [0.00217573624104, 0.00116642517969, 0.000740766699892, 0.000509500212502, 0.000198237437871, 0.000241251531406]
        dvar2: [0.00590758025646, 0.00330082071014, 0.00210474594496, 0.00141520204488, 0.000570849108044, 0.00053937593475]
        max: [-0.39875715971, -0.584994077682, -0.603693425655, -0.599120020866, -0.7034329772, -0.592019617558]
        mean: [-0.680362761021, -0.795607507229, -0.807214140892, -0.798592269421, -0.808705508709, -0.705630779266]
        median: [-0.682724952698, -0.799070596695, -0.810394763947, -0.800412535667, -0.807524979115, -0.696987271309]
        min: [-0.9806214571, -0.976106524467, -0.974374771118, -0.973393440247, -0.967094540596, -0.964858412743]
        var: [0.00568201532587, 0.00283805863, 0.00226678838953, 0.00172805075999, 0.000713077664841, 0.00213852431625]
    scvalleys:
        dmean: [0.462521970272, 0.342140167952, 0.287606537342, 0.235606968403, 0.168675631285, 0.22196342051]
        dmean2: [0.769152462482, 0.566086113453, 0.4629124403, 0.377916514874, 0.261740803719, 0.342874616385]
        dvar: [0.185572117567, 0.0987507104874, 0.077203899622, 0.0653550997376, 0.0547983124852, 0.084444925189]
        dvar2: [0.420241773129, 0.222741171718, 0.156094223261, 0.122639447451, 0.0881392434239, 0.168782815337]
        max: [-5.15611171722, -5.01511859894, -5.24581813812, -5.63309526443, -5.47808074951, -7.70331811905]
        mean: [-6.98248052597, -6.83956956863, -7.01256227493, -7.06784152985, -6.5507273674, -9.5887556076]
        median: [-6.62245416641, -6.49758863449, -6.721575737, -6.73622512817, -6.16659784317, -9.34808731079]
        min: [-28.0263977051, -28.0191135406, -27.8066997528, -27.6788139343, -27.4922428131, -27.4298305511]
        var: [5.2764377594, 4.84862327576, 4.8360490799, 4.7309794426, 4.85126924515, 3.74762272835]

rhythm:
    beats_loudness:
        dmean: 0.00199746876024
        dmean2: 0.00359558756463
        dvar: 3.06786705551e-006
        dvar2: 9.64163427852e-006
        max: 0.0145018100739
        mean: 0.00679705571383
        median: 0.00641760695726
        min: 0
        var: 8.14931354398e-006
    bpm: 124.85459137
    bpm_confidence: 0
    first_peak_bpm: 126
    first_peak_spread: 0.47010871768
    first_peak_weight: 0.40966385603
    onset_rate: 1.93806600571
    second_peak_bpm: 120
    second_peak_spread: 0.150943383574
    second_peak_weight: 0.0945378169417
    beats_loudness_band_ratio:
        dmean: [0.0852599963546, 0.0533472187817, 0.0356722809374, 0.0614126324654, 0.0834190174937, 0.0935557559133]
        dmean2: [0.154123276472, 0.097581513226, 0.061789534986, 0.107717290521, 0.1460172683, 0.163756519556]
        dvar: [0.0135946879163, 0.00240308744833, 0.00148282630835, 0.00539639918134, 0.00590755278245, 0.00696985749528]
        dvar2: [0.0397837460041, 0.00713001843542, 0.00425059814006, 0.0146979596466, 0.0169071014971, 0.0199958067387]
        max: [0.988739430904, 0.325717151165, 0.300333917141, 0.51282453537, 0.534534931183, 0.621173679829]
        mean: [0.119485393167, 0.0679655596614, 0.0671910494566, 0.0886455029249, 0.288416266441, 0.390724360943]
        median: [0.0896757468581, 0.054735712707, 0.0550190396607, 0.0505909323692, 0.285360604525, 0.398936569691]
        min: [0, 0, 0, 0, 0, 0]
        var: [0.0119318906218, 0.00244484562427, 0.00197180942632, 0.00670620193705, 0.0075198863633, 0.0112204607576]
    beats_position: [0.487619042397, 0.986848056316, 1.48607707024, 1.97369611263, 2.46131515503, 2.96054410934, 3.45977306366, 3.94739222527, 4.43501138687, 4.93424034119, 5.4334692955, 5.93269824982, 6.43192720413, 6.93115615845, 7.4303855896, 7.92961454391, 8.42884349823, 8.92807197571, 9.42730140686, 9.92653083801, 10.4257593155, 10.9133787155, 11.4009971619, 11.8770065308, 12.3646259308, 12.8522443771, 13.328253746, 13.8042631149, 14.2802715302, 14.7446708679, 15.2206802368, 15.696688652, 16.1726989746, 16.6487064362, 17.1363258362, 17.6239452362, 18.1115646362, 18.5991840363, 19.0751914978, 19.5628108978, 20.0388202667, 20.5148296356, 20.9908390045, 21.4668483734, 21.9544658661, 22.4420852661, 22.918094635, 23.3941040039, 23.8701133728, 24.3577327728, 24.8337402344, 25.3097496033, 25.7857589722, 26.2617683411, 26.7493877411, 27.2370071411, 27.7246246338, 28.2122440338, 28.6882534027, 29.1642627716, 29.6402721405, 30.1162815094, 30.5922889709, 31.0682983398, 31.5559177399, 32.0319252014, 32.5195465088, 32.9955558777, 33.4831733704, 33.9707946777, 34.4468002319, 34.9228096008, 35.3988189697, 35.8748283386, 36.3508377075, 36.8384590149, 37.3260765076, 37.8020858765, 38.2780952454, 38.7541046143, 39.2301139832, 39.7061233521, 40.1937408447, 40.6813583374, 41.1573677063, 41.6333770752, 42.1093864441, 42.585395813, 43.0730133057, 43.560634613, 44.0482521057, 44.5242614746, 45.0002708435, 45.4762802124, 45.9522895813, 46.439907074, 46.9275283813, 47.415145874, 47.9143753052, 48.4136047363, 48.9128341675, 49.4236717224, 49.934513092, 50.445350647, 50.9445800781, 51.4438095093, 51.9430389404, 52.4422683716, 52.941493988, 53.4291152954, 53.9167327881, 54.4043540955, 54.9035835266, 55.4028091431, 55.9020385742, 56.4012680054, 56.9004974365, 57.4113349915, 57.9221763611, 58.4214057922, 58.9090232849, 59.3966445923, 59.8726501465, 60.3486595154, 60.8362808228, 61.3238983154, 61.7999076843, 62.2759170532, 62.7635345459, 63.2395439148, 63.7271652222, 64.2031707764, 64.67918396, 65.1551895142, 65.6428070068, 66.1188201904, 66.5948257446, 67.0708389282, 67.5468444824, 68.022857666, 68.5104751587, 68.9864807129, 69.474105835, 69.9617233276, 70.4493408203, 70.9137420654, 71.4013595581, 71.8773651123, 72.3533782959, 72.8409957886, 73.3286132813, 73.8046264648, 74.280632019, 74.7566452026, 75.2326507568, 75.7202682495, 76.2078933716, 76.6838989258, 77.15990448, 77.6359176636, 78.1119232178, 78.5995483398, 79.0871658325, 79.5515594482, 80.0391845703, 80.526802063, 81.0028076172, 81.4788208008, 81.9664382935, 82.4308395386, 82.9068450928, 83.2319259644, 83.5570068359, 83.8936920166, 84.2419967651, 84.5902938843, 84.9502029419, 85.3101119995, 85.6816329956, 86.0299301147, 86.4014511108, 86.7613601685, 87.1328811646, 87.5160064697, 87.9107437134, 88.2938766479, 88.665397644, 89.0253067017, 89.3968200684, 89.7567367554, 90.116645813, 90.4765548706, 90.9641723633, 91.451789856, 91.9510192871, 92.4386367798, 92.9262542725, 93.4138793945, 93.9014968872, 94.3891143799, 94.8767318726, 95.3643493652, 95.8519744873, 96.33959198, 96.8272094727, 97.3148269653, 97.7908401489, 98.2668457031, 98.7428588867, 99.2188644409, 99.7064819336, 100.194099426, 100.681724548, 101.157730103, 101.633743286, 102.121360779, 102.597366333, 103.073379517, 103.549385071, 104.025398254, 104.513015747, 105.00063324, 105.488250732, 105.975868225, 106.451881409, 106.939498901, 107.415504456, 107.891517639, 108.367523193, 108.843536377, 109.319541931, 109.795555115, 110.271560669, 110.759178162, 111.235191345, 111.711196899, 112.187210083, 112.663215637, 113.15083313, 113.638458252, 114.114463806, 114.59047699, 115.078094482, 115.565711975, 116.041717529, 116.517730713, 117.005348206, 117.481361389, 117.957366943, 118.433380127, 118.92099762, 119.397003174, 119.884620667, 120.372245789, 120.848251343, 121.324264526, 121.800270081, 122.276275635, 122.763900757, 123.25151825, 123.715919495, 124.203536987, 124.679542542, 125.155555725, 125.631561279, 126.107574463, 126.595191956, 127.082809448, 127.558815002, 128.034820557, 128.522445679, 129.010070801, 129.474472046, 129.962081909, 130.438095093, 130.914108276, 131.40171814, 131.877731323, 132.353744507, 132.84135437, 133.317367554, 133.793380737, 134.280990601, 134.768615723, 135.244628906, 135.720626831, 136.196640015, 136.672653198, 137.160263062, 137.647888184, 138.123901367, 138.599899292, 139.075912476, 139.551925659, 140.039550781, 140.515548706, 140.99156189, 141.479187012, 141.966796875, 142.442810059, 142.930435181, 143.406433105, 143.882446289, 144.358459473, 144.846069336, 145.333694458, 145.798095703, 146.274108887, 146.750106812, 147.237731934, 147.713745117, 148.189743042, 148.677368164, 149.164993286, 149.640991211, 150.117004395, 150.593017578, 151.069015503, 151.545028687, 152.02104187, 152.508651733, 152.996276855, 153.472290039, 153.948303223, 154.435913086, 154.923538208, 155.411148071, 155.887161255, 156.363174438, 156.839187622, 157.315185547, 157.802810669, 158.278823853, 158.754821777, 159.242446899, 159.730072021, 160.217681885, 160.68208313, 161.146484375, 161.622497559, 161.982406616, 162.353912354, 162.71383667, 163.085342407, 163.456863403, 163.839996338, 164.223129272, 164.606262207, 164.989379883, 165.34928894, 165.709197998, 166.069107056, 166.429016113, 166.788925171, 167.148834229, 167.508743286, 167.880264282, 168.379501343, 168.878723145, 169.377960205, 169.877182007, 170.376419067, 170.875640869, 171.37487793, 171.88571167, 172.408157349, 172.907394409, 173.395004272, 173.882629395, 174.370239258, 174.85786438, 175.345489502, 175.833099365, 176.332336426, 176.843170166, 177.342407227, 177.83001709, 178.317642212, 178.793640137, 179.26965332, 179.745666504, 180.221679688, 180.697677612, 181.185302734, 181.672927856, 182.16053772, 182.65977478, 183.158996582, 183.658233643, 184.169067383, 184.668289185, 185.144302368, 185.620315552, 186.107940674, 186.583938599, 187.059951782, 187.547576904, 188.035186768, 188.52281189, 189.010421753, 189.498046875, 189.96244812, 190.426849365, 190.914459229, 191.390472412, 191.866485596, 192.354095459, 192.841720581, 193.329345703, 193.805343628, 194.281356812, 194.757369995, 195.23336792, 195.720993042, 196.197006226, 196.684616089, 197.160629272, 197.636642456, 198.11265564, 198.600265503, 199.076278687, 199.55229187, 200.039901733, 200.504302979, 200.991928101, 201.479537964, 201.967163086, 202.431564331, 202.919174194, 203.395187378, 203.871200562, 204.347213745, 204.82321167, 205.310836792, 205.798446655, 206.274459839, 206.750473022, 207.226486206, 207.702484131, 208.190109253, 208.677734375, 209.1537323, 209.629745483, 210.117370605, 210.604980469, 211.080993652, 211.557006836, 212.033004761, 212.509017944, 212.996643066, 213.48425293, 213.960266113, 214.436279297, 214.92388916, 215.399902344, 215.875915527, 216.363540649, 216.839538574, 217.315551758, 217.791564941, 218.267562866, 218.627471924, 218.987380981, 219.347290039, 219.707214355, 220.067123413, 220.427032471, 220.798538208, 221.170059204, 221.553192139, 221.936325073, 222.331054688, 222.725799561, 223.120544434, 223.550109863, 223.968063354, 224.386032104]
