
metadata:
    version:
        essentia: "2.1-beta2"
    audio_properties:
        analysis_sample_rate: 44100
        bitrate: 320
        channels: 2
        equal_loudness: 1
        length: 199.862854004
        replay_gain: -13.772731781
        downmix: "mix"
    tags:
        album: "Dancing With the Dead"
        artist: "Pain"
        comment: ""
        date: "2005"
        genre: "Industrial Metal"
        title: "Stay Away"
        tracknumber: "11"

configuration:
    average_loudness:
        compute: 1
        frameSize: 88200
        hopSize: 44100
        silentFrames: "noise"
        windowType: "hann"
    general:
        analysisSampleRate: 44100
        endTime: 2000
        equalLoudness: 1
        nequalLoudness: 0
        shortSound: 0
        startTime: 0
    lowlevel:
        compute: 1
        frameSize: 2048
        hopSize: 1024
        zeroPadding: 0
        silentFrames: "noise"
        windowType: "blackmanharris62"
        mfccStats: ["mean", "cov", "icov"]
        stats: ["mean", "var", "median", "min", "max", "dmean", "dmean2", "dvar", "dvar2"]
    panning:
        compute: 0
        frameSize: 8192
        hopSize: 2048
        zeroPadding: 8192
        silentFrames: "noise"
        windowType: "hann"
        stats: ["copy"]
    rhythm:
        compute: 1
        maxTempo: 208
        minTempo: 40
        method: "degara"
        stats: ["mean", "var", "median", "min", "max", "dmean", "dmean2", "dvar", "dvar2"]
    segmentation:
        compute: 0
        cpw: 5
        inc1: 300
        inc2: 50
        minimumSegmentsLength: 10
        size1: 1000
        size2: 600
    sfx:
        compute: 1
        stats: ["mean", "var", "median", "min", "max", "dmean", "dmean2", "dvar", "dvar2"]
    svm:
        compute: 0
    tonal:
        compute: 1
        frameSize: 4096
        hopSize: 2048
        zeroPadding: 0
        silentFrames: "noise"
        windowType: "blackmanharris62"
        stats: ["mean", "var", "median", "min", "max", "dmean", "dmean2", "dvar", "dvar2"]

lowlevel:
    average_loudness: 0.889139890671
    barkbands_kurtosis:
        dmean: 1.79038083553
        dmean2: 3.01815509796
        dvar: 103.658432007
        dvar2: 267.285736084
        max: 523.203613281
        mean: 1.3162381649
        median: -1.01215076447
        min: -1.92139613628
        var: 282.681152344
    barkbands_skewness:
        dmean: 0.591421186924
        dmean2: 0.978493869305
        dvar: 0.380986958742
        dvar2: 1.05195522308
        max: 18.366355896
        mean: -0.280274182558
        median: -0.509312272072
        min: -5.38091230392
        var: 1.83859205246
    barkbands_spread:
        dmean: 8.37783622742
        dmean2: 13.9294338226
        dvar: 53.2082710266
        dvar2: 145.35836792
        max: 68.7794723511
        mean: 38.0632171631
        median: 38.3422584534
        min: 0.247563973069
        var: 139.186386108
    dissonance:
        dmean: 0.00837783608586
        dmean2: 0.0142667246982
        dvar: 8.40354332468e-005
        dvar2: 0.000227049880777
        max: 0.500000059605
        mean: 0.486246854067
        median: 0.489905208349
        min: 0.289927512407
        var: 0.0001833934366
    hfc:
        dmean: 2.32098913193
        dmean2: 3.59331035614
        dvar: 8.69999217987
        dvar2: 20.7687950134
        max: 51.961971283
        mean: 10.441608429
        median: 9.75161933899
        min: 1.04269649928e-016
        var: 61.6905937195
    pitch:
        dmean: 787.369140625
        dmean2: 1494.29589844
        dvar: 1542936
        dvar2: 3905174
        max: 4514.91894531
        mean: 2787.45043945
        median: 3500.26000977
        min: 43.2177619934
        var: 1955715.25
    pitch_instantaneous_confidence:
        dmean: 0.083232678473
        dmean2: 0.134437203407
        dvar: 0.0047850580886
        dvar2: 0.0116661563516
        max: 0.883310735226
        mean: 0.382485389709
        median: 0.357458412647
        min: 0.101634979248
        var: 0.0181795954704
    pitch_salience:
        dmean: 0.0535539500415
        dmean2: 0.0895672440529
        dvar: 0.00206495006569
        dvar2: 0.00562367541716
        max: 0.989548563957
        mean: 0.684851646423
        median: 0.705937683582
        min: 0.147701755166
        var: 0.00899323541671
    silence_rate_20dB:
        dmean: 0
        dmean2: 0
        dvar: 0
        dvar2: 0
        max: 1
        mean: 1
        median: 1
        min: 1
        var: 0
    silence_rate_30dB:
        dmean: 0
        dmean2: 0
        dvar: 0
        dvar2: 0
        max: 1
        mean: 1
        median: 1
        min: 1
        var: 0
    silence_rate_60dB:
        dmean: 0.0439126379788
        dmean2: 0.087835483253
        dvar: 0.0419804006815
        dvar2: 0.097072660923
        max: 1
        mean: 0.398536413908
        median: 0
        min: 0
        var: 0.239705741405
    spectral_centroid:
        dmean: 396.428497314
        dmean2: 658.898193359
        dvar: 141881.671875
        dvar2: 400879.03125
        max: 11642.4560547
        mean: 2080.72949219
        median: 2166.99194336
        min: 103.405006409
        var: 787665.3125
    spectral_complexity:
        dmean: 3.34804821014
        dmean2: 5.24038553238
        dvar: 11.3490552902
        dvar2: 24.9509754181
        max: 50
        mean: 18.2866764069
        median: 18
        min: 0
        var: 172.508804321
    spectral_crest:
        dmean: 1.73419964314
        dmean2: 2.91537094116
        dvar: 2.53159976006
        dvar2: 6.78122377396
        max: 24.5665855408
        mean: 6.46149921417
        median: 5.72493886948
        min: 2.36700940132
        var: 8.0539598465
    spectral_decrease:
        dmean: 2.41518138822e-010
        dmean2: 3.91751214801e-010
        dvar: 7.50470402861e-020
        dvar2: 1.86720862614e-019
        max: 1.72709765915e-028
        mean: -9.76370206907e-010
        median: -9.69723523703e-010
        min: -4.24581392267e-009
        var: 3.78100923426e-019
    spectral_energy:
        dmean: 0.00106821313966
        dmean2: 0.00171119719744
        dvar: 1.5195018932e-006
        dvar2: 3.72147542294e-006
        max: 0.0205160044134
        mean: 0.00463213352486
        median: 0.00455181021243
        min: 9.76350357565e-021
        var: 8.94478762348e-006
    spectral_energyband_high:
        dmean: 0.000192713268916
        dmean2: 0.000310713861836
        dvar: 6.9099804989e-008
        dvar2: 1.81659245868e-007
        max: 0.00377992563881
        mean: 0.000617536483333
        median: 0.000517143693287
        min: 6.92631446427e-021
        var: 2.98484252426e-007
    spectral_energyband_low:
        dmean: 0.000456989189843
        dmean2: 0.000778150744736
        dvar: 2.78239866702e-007
        dvar2: 7.60161697144e-007
        max: 0.00538041209802
        mean: 0.000586873386055
        median: 0.000427214952651
        min: 2.28567871895e-023
        var: 3.40671078902e-007
    spectral_energyband_middle_high:
        dmean: 0.000594968616497
        dmean2: 0.000930927984882
        dvar: 5.19125819665e-007
        dvar2: 1.23623306081e-006
        max: 0.0137023087591
        mean: 0.00261208205484
        median: 0.00240618688986
        min: 1.2990927056e-021
        var: 3.86243982575e-006
    spectral_energyband_middle_low:
        dmean: 0.000484671298182
        dmean2: 0.000809352088254
        dvar: 3.04670976448e-007
        dvar2: 8.08958418475e-007
        max: 0.00671139266342
        mean: 0.00100457959343
        median: 0.000862248707563
        min: 1.84607196934e-022
        var: 5.6945890492e-007
    spectral_flatness_db:
        dmean: 0.0150792133063
        dmean2: 0.0236655212939
        dvar: 0.000197211760678
        dvar2: 0.000473517517094
        max: 0.605016827583
        mean: 0.138859659433
        median: 0.12981185317
        min: 0.0593284107745
        var: 0.00263817841187
    spectral_flux:
        dmean: 0.00600211834535
        dmean2: 0.0092611014843
        dvar: 3.62508690159e-005
        dvar2: 7.40863688407e-005
        max: 0.101401485503
        mean: 0.0413774140179
        median: 0.0431186817586
        min: 6.48917447554e-011
        var: 0.000276553008007
    spectral_kurtosis:
        dmean: 1.16882956028
        dmean2: 1.91543245316
        dvar: 25.4567489624
        dvar2: 51.9373893738
        max: 257.474761963
        mean: 3.95652723312
        median: 2.87591791153
        min: -1.24516165257
        var: 100.643760681
    spectral_rms:
        dmean: 0.000249187025474
        dmean2: 0.00039655592991
        dvar: 5.69025182529e-008
        dvar2: 1.36548848673e-007
        max: 0.00447388133034
        mean: 0.00198207306676
        median: 0.00210731825791
        min: 3.08631961134e-012
        var: 5.90536330947e-007
    spectral_rolloff:
        dmean: 310.487670898
        dmean2: 529.84753418
        dvar: 192804.953125
        dvar2: 510924.3125
        max: 19444.4824219
        mean: 3718.45800781
        median: 3768.31054688
        min: 107.666015625
        var: 1553448
    spectral_skewness:
        dmean: 0.146430179477
        dmean2: 0.239623129368
        dvar: 0.073911421001
        dvar2: 0.147851169109
        max: 13.6414442062
        mean: 1.2088855505
        median: 1.13141608238
        min: -0.0653328672051
        var: 0.561014771461
    spectral_spread:
        dmean: 470331.28125
        dmean2: 714556.3125
        dvar: 472079204352
        dvar2: 997673730048
        max: 41843112
        mean: 4734221.5
        median: 4476798
        min: 413022.4375
        var: 6.6434409431e+012
    spectral_strongpeak:
        dmean: 0.630963146687
        dmean2: 1.12030243874
        dvar: 0.791253328323
        dvar2: 2.0775847435
        max: 8.29773521423
        mean: 0.662478506565
        median: 0.133933261037
        min: 2.52964142688e-011
        var: 1.05014944077
    zerocrossingrate:
        dmean: 0.00790978223085
        dmean2: 0.0107683399692
        dvar: 5.70485026401e-005
        dvar2: 9.80896511464e-005
        max: 0.5302734375
        mean: 0.1166542992
        median: 0.119140625
        min: 0.00439453125
        var: 0.00129599496722
    barkbands:
        dmean: [1.03751699498e-006, 0.000159642062499, 0.000234383303905, 0.000250702403719, 0.000204138879781, 5.53363570361e-005, 6.41477745376e-005, 6.5264699515e-005, 6.50283036521e-005, 6.14667223999e-005, 3.82865400752e-005, 5.64051588299e-005, 5.11557482241e-005, 5.44578797417e-005, 6.34151438135e-005, 7.89442565292e-005, 0.00013558815408, 0.000191117214854, 0.000342943443684, 0.000201754883165, 0.000102928373963, 3.21863917634e-005, 5.78835260967e-006, 1.62834157891e-006, 8.60125965119e-007, 3.8144882808e-008, 3.81459697163e-010]
        dmean2: [1.41934674502e-006, 0.000269115931587, 0.000407199375331, 0.000430719490396, 0.000341006641975, 9.23090483411e-005, 0.000105833125417, 0.000106339255581, 0.000104566039226, 9.97928073048e-005, 6.38109268039e-005, 9.06406567083e-005, 8.30251010484e-005, 8.7874228484e-005, 0.000105182516563, 0.000131443492137, 0.000225811469136, 0.000317976402584, 0.000557070190553, 0.000332435884047, 0.000169006016222, 5.41488625458e-005, 9.63776710705e-006, 2.55170471064e-006, 1.28062276872e-006, 5.97517058054e-008, 6.21199369721e-010]
        dvar: [3.84972088929e-012, 8.79361223838e-008, 7.67171641769e-008, 8.02928070698e-008, 8.08146936038e-008, 7.34721350426e-009, 1.54046055911e-008, 1.40006468641e-008, 1.3686861422e-008, 1.28168480273e-008, 5.6290425654e-009, 1.34450468536e-008, 9.51697209928e-009, 9.03846419931e-009, 9.95503590673e-009, 1.43926222052e-008, 3.51332616333e-008, 5.99558447334e-008, 2.47501219519e-007, 8.4143174206e-008, 2.04773940027e-008, 2.52479970264e-009, 1.06926169308e-010, 6.75857677115e-012, 1.86989161134e-012, 3.64538416543e-015, 2.53940079506e-019]
        dvar2: [6.80623656393e-012, 2.26670039183e-007, 2.22121116167e-007, 2.2673350486e-007, 2.03634058948e-007, 1.98008773822e-008, 3.92971308827e-008, 3.4531929316e-008, 3.39408501304e-008, 3.25146949365e-008, 1.47474183976e-008, 3.30646017233e-008, 2.3231773838e-008, 2.24394121062e-008, 2.67973572221e-008, 3.93891816941e-008, 9.52298861989e-008, 1.6155627236e-007, 6.31867635548e-007, 2.21734623551e-007, 5.32771515793e-008, 7.01417457449e-009, 2.97428026652e-010, 1.6959435592e-011, 4.49972177574e-012, 8.68566811762e-015, 6.32377406948e-019]
        max: [1.49781762957e-005, 0.00254100747406, 0.00343326944858, 0.00397092150524, 0.00388275296427, 0.00137334852479, 0.00281419116072, 0.00194309558719, 0.001857990399, 0.00235164863989, 0.00159821100533, 0.00299756205641, 0.00197945861146, 0.00155914213974, 0.00153371342458, 0.00239224592224, 0.00310449441895, 0.00494844047353, 0.00900958757848, 0.00531284371391, 0.00183749792632, 0.000797682616394, 0.00014707785158, 3.79007688025e-005, 1.65285619005e-005, 6.56856570913e-007, 6.04938676929e-009]
        mean: [1.26511406506e-006, 0.000156252121087, 0.000265085167484, 0.000305277266307, 0.00027000188129, 9.01330713532e-005, 9.83414647635e-005, 0.000104442755401, 0.000112439163786, 0.000105663391878, 6.14798846073e-005, 9.51855472522e-005, 8.25741808512e-005, 9.26651046029e-005, 0.000123102523503, 0.000169893566635, 0.000310359639116, 0.000468497863039, 0.000810852565337, 0.00052867399063, 0.000284350244328, 7.68275203882e-005, 1.26655031636e-005, 4.13874022342e-006, 1.90041043879e-006, 6.85115466581e-008, 4.99833119338e-010]
        median: [2.24156593731e-007, 7.20842072042e-005, 0.00018263104721, 0.000217646447709, 0.000196156004677, 5.30352590431e-005, 4.17347982875e-005, 4.15171962231e-005, 5.23789603903e-005, 4.68520083814e-005, 2.80370568362e-005, 4.09453932662e-005, 3.89182387153e-005, 4.67918034701e-005, 7.50030158088e-005, 0.000120790900837, 0.000232422709814, 0.000389845430618, 0.000608588044997, 0.000432251807069, 0.000225269672228, 5.7208511862e-005, 9.69026223174e-006, 2.88424166683e-006, 1.31739932385e-006, 4.52259314443e-008, 2.8577773481e-010]
        min: [1.34733803991e-024, 3.1882247358e-024, 3.12993777567e-024, 3.60489712163e-025, 1.74647793296e-023, 1.20650035564e-023, 1.17494694495e-023, 7.1015680491e-024, 2.22266955855e-023, 2.0413151696e-023, 1.88160633503e-023, 2.36035071451e-023, 3.98847442591e-023, 3.89791003855e-023, 5.29138738923e-023, 5.29781818333e-023, 8.65117438356e-023, 9.74417903307e-023, 1.16108990895e-022, 1.56875593294e-022, 2.47012367559e-022, 3.43401653359e-022, 4.07347803809e-022, 5.3315652742e-022, 8.98558564793e-022, 1.35357838169e-021, 2.1492371727e-021]
        var: [6.54112267823e-012, 7.66084085058e-008, 9.24554939274e-008, 1.03728233114e-007, 9.21429332834e-008, 1.19617586947e-008, 2.73981832777e-008, 2.90401871439e-008, 2.95111970416e-008, 2.53468233069e-008, 9.95489113365e-009, 2.71460436352e-008, 1.66636695553e-008, 1.75737930874e-008, 2.30130012824e-008, 3.5932771425e-008, 9.76537108954e-008, 1.78455323407e-007, 6.54453458537e-007, 2.32470426909e-007, 7.25810878066e-008, 5.91180970844e-009, 1.68655520105e-010, 1.89919139443e-011, 4.03423171605e-012, 5.66511601695e-015, 3.35094536759e-019]
    frequency_bands:
        dmean: [1.03751699498e-006, 0.000159642062499, 0.000234383303905, 0.000250702403719, 0.000204138879781, 5.53363570361e-005, 6.41477745376e-005, 6.5264699515e-005, 6.50283036521e-005, 6.14667223999e-005, 3.82865400752e-005, 5.64051588299e-005, 5.11557482241e-005, 5.44578797417e-005, 6.34151438135e-005, 7.89442565292e-005, 0.00013558815408, 0.000191117214854, 0.000342943443684, 0.000201754883165, 0.000102928373963, 3.21863917634e-005, 5.78835260967e-006, 1.62834157891e-006, 8.60125965119e-007, 3.8144882808e-008, 3.81459697163e-010, 5.39309395753e-011]
        dmean2: [1.41934674502e-006, 0.000269115931587, 0.000407199375331, 0.000430719490396, 0.000341006641975, 9.23090483411e-005, 0.000105833125417, 0.000106339255581, 0.000104566039226, 9.97928073048e-005, 6.38109268039e-005, 9.06406567083e-005, 8.30251010484e-005, 8.7874228484e-005, 0.000105182516563, 0.000131443492137, 0.000225811469136, 0.000317976402584, 0.000557070190553, 0.000332435884047, 0.000169006016222, 5.41488625458e-005, 9.63776710705e-006, 2.55170471064e-006, 1.28062276872e-006, 5.97517058054e-008, 6.21199369721e-010, 1.00304049788e-010]
        dvar: [3.84972088929e-012, 8.79361223838e-008, 7.67171641769e-008, 8.02928070698e-008, 8.08146936038e-008, 7.34721350426e-009, 1.54046055911e-008, 1.40006468641e-008, 1.3686861422e-008, 1.28168480273e-008, 5.6290425654e-009, 1.34450468536e-008, 9.51697209928e-009, 9.03846419931e-009, 9.95503590673e-009, 1.43926222052e-008, 3.51332616333e-008, 5.99558447334e-008, 2.47501219519e-007, 8.4143174206e-008, 2.04773940027e-008, 2.52479970264e-009, 1.06926169308e-010, 6.75857677115e-012, 1.86989161134e-012, 3.64538416543e-015, 2.53940079506e-019, 6.87795751797e-021]
        dvar2: [6.80623656393e-012, 2.26670039183e-007, 2.22121116167e-007, 2.2673350486e-007, 2.03634058948e-007, 1.98008773822e-008, 3.92971308827e-008, 3.4531929316e-008, 3.39408501304e-008, 3.25146949365e-008, 1.47474183976e-008, 3.30646017233e-008, 2.3231773838e-008, 2.24394121062e-008, 2.67973572221e-008, 3.93891816941e-008, 9.52298861989e-008, 1.6155627236e-007, 6.31867635548e-007, 2.21734623551e-007, 5.32771515793e-008, 7.01417457449e-009, 2.97428026652e-010, 1.6959435592e-011, 4.49972177574e-012, 8.68566811762e-015, 6.32377406948e-019, 2.21148788562e-020]
        max: [1.49781762957e-005, 0.00254100747406, 0.00343326944858, 0.00397092150524, 0.00388275296427, 0.00137334852479, 0.00281419116072, 0.00194309558719, 0.001857990399, 0.00235164863989, 0.00159821100533, 0.00299756205641, 0.00197945861146, 0.00155914213974, 0.00153371342458, 0.00239224592224, 0.00310449441895, 0.00494844047353, 0.00900958757848, 0.00531284371391, 0.00183749792632, 0.000797682616394, 0.00014707785158, 3.79007688025e-005, 1.65285619005e-005, 6.56856570913e-007, 6.04938676929e-009, 1.14841669507e-009]
        mean: [1.26511406506e-006, 0.000156252121087, 0.000265085167484, 0.000305277266307, 0.00027000188129, 9.01330713532e-005, 9.83414647635e-005, 0.000104442755401, 0.000112439163786, 0.000105663391878, 6.14798846073e-005, 9.51855472522e-005, 8.25741808512e-005, 9.26651046029e-005, 0.000123102523503, 0.000169893566635, 0.000310359639116, 0.000468497863039, 0.000810852565337, 0.00052867399063, 0.000284350244328, 7.68275203882e-005, 1.26655031636e-005, 4.13874022342e-006, 1.90041043879e-006, 6.85115466581e-008, 4.99833119338e-010, 4.17793993845e-011]
        median: [2.24156593731e-007, 7.20842072042e-005, 0.00018263104721, 0.000217646447709, 0.000196156004677, 5.30352590431e-005, 4.17347982875e-005, 4.15171962231e-005, 5.23789603903e-005, 4.68520083814e-005, 2.80370568362e-005, 4.09453932662e-005, 3.89182387153e-005, 4.67918034701e-005, 7.50030158088e-005, 0.000120790900837, 0.000232422709814, 0.000389845430618, 0.000608588044997, 0.000432251807069, 0.000225269672228, 5.7208511862e-005, 9.69026223174e-006, 2.88424166683e-006, 1.31739932385e-006, 4.52259314443e-008, 2.8577773481e-010, 1.37960042695e-011]
        min: [1.34733803991e-024, 3.1882247358e-024, 3.12993777567e-024, 3.60489712163e-025, 1.74647793296e-023, 1.20650035564e-023, 1.17494694495e-023, 7.1015680491e-024, 2.22266955855e-023, 2.0413151696e-023, 1.88160633503e-023, 2.36035071451e-023, 3.98847442591e-023, 3.89791003855e-023, 5.29138738923e-023, 5.29781818333e-023, 8.65117438356e-023, 9.74417903307e-023, 1.16108990895e-022, 1.56875593294e-022, 2.47012367559e-022, 3.43401653359e-022, 4.07347803809e-022, 5.3315652742e-022, 8.98558564793e-022, 1.35357838169e-021, 2.1492371727e-021, 5.06732236694e-022]
        var: [6.54112267823e-012, 7.66084085058e-008, 9.24554939274e-008, 1.03728233114e-007, 9.21429332834e-008, 1.19617586947e-008, 2.73981832777e-008, 2.90401871439e-008, 2.95111970416e-008, 2.53468233069e-008, 9.95489113365e-009, 2.71460436352e-008, 1.66636695553e-008, 1.75737930874e-008, 2.30130012824e-008, 3.5932771425e-008, 9.76537108954e-008, 1.78455323407e-007, 6.54453458537e-007, 2.32470426909e-007, 7.25810878066e-008, 5.91180970844e-009, 1.68655520105e-010, 1.89919139443e-011, 4.03423171605e-012, 5.66511601695e-015, 3.35094536759e-019, 5.36595940772e-021]
    mfcc:
        mean: [-708.864929199, 86.4801025391, -43.9874572754, 66.5152206421, -9.71431827545, 1.7824280262, 8.23243331909, 2.54681634903, 0.308688491583, -2.2593755722, -1.19147574902, -5.40726041794, -6.35028362274]
        cov: [[7395.72167969, 73.0668106079, -1061.2800293, 208.202606201, -595.878601074, -195.189453125, -375.218200684, -202.121246338, 25.8394699097, -67.5409393311, -51.1385002136, 110.204025269, 37.5162734985], [73.0668106079, 423.270629883, -78.6000137329, 94.0477218628, -28.8348083496, -18.7760887146, 72.7130355835, 11.2350711823, -20.7224254608, 1.07967960835, 12.8527822495, -29.6051006317, -9.90835666656], [-1061.2800293, -78.6000137329, 450.269287109, 6.08915042877, 173.891830444, 64.7688751221, 50.990234375, 49.1011428833, 5.47261857986, 3.53232097626, -8.05550575256, -12.1138591766, -7.84762811661], [208.202606201, 94.0477218628, 6.08915042877, 221.363037109, 48.1967697144, -16.0714874268, -17.7245578766, -17.0461025238, -6.65157604218, -2.66167783737, -7.80278873444, -15.5011730194, 2.57094049454], [-595.878601074, -28.8348083496, 173.891830444, 48.1967697144, 187.363098145, 58.9201850891, 19.7078094482, 13.0707302094, 6.58788108826, 14.9392232895, 8.01558971405, -11.3756790161, -9.65155792236], [-195.189453125, -18.7760887146, 64.7688751221, -16.0714874268, 58.9201850891, 103.061973572, 59.5201454163, 22.7614440918, -2.98363447189, -0.365290731192, 8.81073856354, 0.1159215644, -10.6523513794], [-375.218200684, 72.7130355835, 50.990234375, -17.7245578766, 19.7078094482, 59.5201454163, 156.311203003, 67.4824295044, -16.6309108734, 2.90966320038, 13.9815855026, -21.3078556061, -10.7861700058], [-202.121246338, 11.2350711823, 49.1011428833, -17.0461025238, 13.0707302094, 22.7614440918, 67.4824295044, 84.7084579468, 23.6752796173, 0.37559568882, -0.511371850967, -9.17223548889, -4.51932096481], [25.8394699097, -20.7224254608, 5.47261857986, -6.65157604218, 6.58788108826, -2.98363447189, -16.6309108734, 23.6752796173, 63.7574920654, 22.6672592163, -2.01944422722, -0.0118243815377, -1.01752126217], [-67.5409393311, 1.07967960835, 3.53232097626, -2.66167783737, 14.9392232895, -0.365290731192, 2.90966320038, 0.37559568882, 22.6672592163, 65.0956039429, 28.4233036041, -4.92401361465, -6.26646709442], [-51.1385002136, 12.8527822495, -8.05550575256, -7.80278873444, 8.01558971405, 8.81073856354, 13.9815855026, -0.511371850967, -2.01944422722, 28.4233036041, 54.0300102234, 17.2007732391, -1.42321431637], [110.204025269, -29.6051006317, -12.1138591766, -15.5011730194, -11.3756790161, 0.1159215644, -21.3078556061, -9.17223548889, -0.0118243815377, -4.92401361465, 17.2007732391, 52.1071243286, 22.1098823547], [37.5162734985, -9.90835666656, -7.84762811661, 2.57094049454, -9.65155792236, -10.6523513794, -10.7861700058, -4.51932096481, -1.01752126217, -6.26646709442, -1.42321431637, 22.1098823547, 47.7371253967]]
        icov: [[0.000288557901513, 3.77838478016e-005, 0.000424015248427, -0.000489714439027, 0.000743403448723, -0.000504649884533, 0.000528494478203, -6.47332417429e-005, -0.000110889843199, -2.28160279221e-005, 0.000250238692388, -0.000454776018159, 0.000240857683821], [3.77838478016e-005, 0.00341753521934, 0.000563138397411, -0.00162709632423, 0.00045735144522, 0.00122179696336, -0.00250229076482, 0.000788659963291, -0.000324212072883, 0.000651745707728, -0.00122823694255, 0.00106905191205, 0.000281121843727], [0.000424015248427, 0.000563138397411, 0.00455757789314, -0.000341285776813, -0.0026300472673, -0.000349971815012, 0.000239478773437, -0.00177797465585, 0.000765295349993, -0.000381951715099, 0.00190674653277, -0.00125584192574, 0.000431888038293], [-0.000489714439027, -0.00162709632423, -0.000341285776813, 0.00692982692271, -0.00396098848432, 0.00193115894217, 0.00023535573564, 0.000507752934936, 0.00062472949503, 0.000428422790719, 0.000203245828743, 0.0020257786382, -0.00151347974315], [0.000743403448723, 0.00045735144522, -0.0026300472673, -0.00396098848432, 0.0133479656652, -0.0068035419099, 0.00318414368667, 9.43846389418e-005, -0.000875574129168, -0.00119491619989, -0.00196475838311, 0.00158193078823, 0.000233791259234], [-0.000504649884533, 0.00122179696336, -0.000349971815012, 0.00193115894217, -0.0068035419099, 0.0185197982937, -0.00963556580245, 0.00334461429156, -0.0021851065103, 0.0024832340423, -0.000113999522, -0.00380403874442, 0.00342309498228], [0.000528494478203, -0.00250229076482, 0.000239478773437, 0.00023535573564, 0.00318414368667, -0.00963556580245, 0.020660366863, -0.0151896728203, 0.0101386737078, -0.0029421497602, -0.0031854477711, 0.00574964797124, -0.00211229547858], [-6.47332417429e-005, 0.000788659963291, -0.00177797465585, 0.000507752934936, 9.43846389418e-005, 0.00334461429156, -0.0151896728203, 0.0283660292625, -0.0162106342614, 0.00656424090266, -0.000774047104642, -0.000227569791605, 0.000512184109539], [-0.000110889843199, -0.000324212072883, 0.000765295349993, 0.00062472949503, -0.000875574129168, -0.0021851065103, 0.0101386737078, -0.0162106342614, 0.0293438751251, -0.0136373322457, 0.00683456659317, -0.00211149966344, 0.000220557543798], [-2.28160279221e-005, 0.000651745707728, -0.000381951715099, 0.000428422790719, -0.00119491619989, 0.0024832340423, -0.0029421497602, 0.00656424090266, -0.0136373322457, 0.0291707906872, -0.0184624418616, 0.00943461433053, -0.00104503554758], [0.000250238692388, -0.00122823694255, 0.00190674653277, 0.000203245828743, -0.00196475838311, -0.000113999522, -0.0031854477711, -0.000774047104642, 0.00683456659317, -0.0184624418616, 0.0367011651397, -0.0191267132759, 0.00631022080779], [-0.000454776018159, 0.00106905191205, -0.00125584192574, 0.0020257786382, 0.00158193078823, -0.00380403874442, 0.00574964797124, -0.000227569791605, -0.00211149966344, 0.00943461433053, -0.0191267132759, 0.0376452058554, -0.0158001650125], [0.000240857683821, 0.000281121843727, 0.000431888038293, -0.00151347974315, 0.000233791259234, 0.00342309498228, -0.00211229547858, 0.000512184109539, 0.000220557543798, -0.00104503554758, 0.00631022080779, -0.0158001650125, 0.0287256017327]]
    sccoeffs:
        dmean: [0.0535877123475, 0.0442152395844, 0.0346103906631, 0.0275686718524, 0.0192904360592, 0.0161955282092]
        dmean2: [0.0910072699189, 0.0741341635585, 0.0575699135661, 0.0460352748632, 0.0321558080614, 0.0260279253125]
        dvar: [0.00175508367829, 0.00119140686002, 0.000747150799725, 0.000477377761854, 0.000236259991652, 0.000186946010217]
        dvar2: [0.00503564625978, 0.00338233355433, 0.00203107250854, 0.00129180587828, 0.000628652458545, 0.000450904393801]
        max: [-0.448399364948, -0.544366538525, -0.578128635883, -0.646853983402, -0.687440872192, -0.619417011738]
        mean: [-0.692365109921, -0.787107586861, -0.8072245121, -0.808630049229, -0.802598237991, -0.738338053226]
        median: [-0.693482577801, -0.789630293846, -0.81199234724, -0.810391366482, -0.803352057934, -0.734362483025]
        min: [-0.980911970139, -0.981439054012, -0.99242246151, -0.975843906403, -0.979860961437, -0.964811980724]
        var: [0.00367942638695, 0.00306843896396, 0.00266160350293, 0.00163508881815, 0.000969890214037, 0.00178368028719]
    scvalleys:
        dmean: [0.459394842386, 0.350624382496, 0.293016314507, 0.238670915365, 0.172891929746, 0.253817647696]
        dmean2: [0.76475507021, 0.581113100052, 0.476859927177, 0.378870308399, 0.265691876411, 0.349484980106]
        dvar: [0.151796251535, 0.0938979312778, 0.0686575472355, 0.0534960217774, 0.042680259794, 0.106257207692]
        dvar2: [0.37326708436, 0.225668504834, 0.148939460516, 0.103374280035, 0.0704156458378, 0.200151890516]
        max: [-4.83180713654, -5.14101648331, -5.25264453888, -5.65362739563, -5.55237865448, -7.92249822617]
        mean: [-6.64653682709, -6.96523666382, -7.26746845245, -7.32520437241, -6.83340597153, -9.6429977417]
        median: [-6.43802785873, -6.71715164185, -6.98581361771, -6.98166227341, -6.41876316071, -9.27005290985]
        min: [-28.4790420532, -27.6990642548, -27.8501796722, -27.6574001312, -27.5272388458, -27.3670825958]
        var: [2.77597379684, 3.10291695595, 3.15017414093, 3.2449400425, 3.42197394371, 2.96145749092]

rhythm:
    beats_loudness:
        dmean: 0.00149452663027
        dmean2: 0.00272103655152
        dvar: 1.46071363361e-006
        dvar2: 4.64107597509e-006
        max: 0.0112942820415
        mean: 0.00554730230942
        median: 0.00600465107709
        min: 8.2974273215e-039
        var: 8.29270265967e-006
    bpm: 130.012054443
    bpm_confidence: 0
    first_peak_bpm: 129
    first_peak_spread: 0.250000029802
    first_peak_weight: 0.725581407547
    onset_rate: 2.94702124596
    second_peak_bpm: 117
    second_peak_spread: 0.555555582047
    second_peak_weight: 0.00930232554674
    beats_loudness_band_ratio:
        dmean: [0.121703244746, 0.0627154186368, 0.0431163609028, 0.04757386446, 0.0733392462134, 0.0947373583913]
        dmean2: [0.209072709084, 0.117456354201, 0.075243845582, 0.0845676511526, 0.133133888245, 0.162039518356]
        dvar: [0.0118705751374, 0.00244832644239, 0.00142382644117, 0.00234849983826, 0.00304306996986, 0.00767051475123]
        dvar2: [0.0309146717191, 0.00773354806006, 0.00437954673544, 0.00664894562215, 0.00907965004444, 0.0214383155107]
        max: [0.995361626148, 0.345486938953, 0.290227711201, 0.42173615098, 0.4095274508, 0.748087882996]
        mean: [0.324761629105, 0.097853474319, 0.0687323436141, 0.0733075663447, 0.19691991806, 0.277998179197]
        median: [0.28721678257, 0.089525051415, 0.0614679902792, 0.0586530640721, 0.193634703755, 0.277781784534]
        min: [0, 0, 0, 0, 0, 0]
        var: [0.0331506356597, 0.00300735258497, 0.00209679733962, 0.00334499916062, 0.00736420601606, 0.0138604389504]
    beats_position: [0.417959183455, 0.847528338432, 1.28870749474, 1.72988653183, 2.17106580734, 2.62385487556, 3.08825397491, 3.55265307426, 4.00544214249, 4.45823097229, 4.92263031006, 5.38702917099, 5.85142850876, 6.31582736969, 6.76861667633, 7.22140598297, 7.6858048439, 8.15020370483, 8.6146030426, 9.07900238037, 9.54340076447, 10.0078001022, 10.47219944, 10.9365987778, 11.3893871307, 11.8421764374, 12.3065757751, 12.7709751129, 13.235373497, 13.6997728348, 14.1641721725, 14.6285715103, 15.0929698944, 15.545759201, 15.9985485077, 16.4629478455, 16.9273471832, 17.391746521, 17.8561439514, 18.3205432892, 18.784942627, 19.2377319336, 19.6905212402, 20.154920578, 20.6193199158, 21.0837192535, 21.548116684, 22.0125160217, 22.4769153595, 22.9413146973, 23.3941040039, 23.8468933105, 24.3112926483, 24.7756919861, 25.2284793854, 25.6928787231, 26.1572780609, 26.6216773987, 27.0744667053, 27.5388660431, 28.0032653809, 28.4676647186, 28.932062149, 29.3964614868, 29.8492507935, 30.3136501312, 30.7664394379, 31.2308387756, 31.6952381134, 32.1596374512, 32.6240348816, 33.0884361267, 33.5528335571, 34.0172348022, 34.4700202942, 34.9344215393, 35.3872108459, 35.8516082764, 36.3160095215, 36.7804069519, 37.244808197, 37.6975975037, 38.1503829956, 38.6147842407, 39.0791816711, 39.5435829163, 40.0079803467, 40.4723815918, 40.9367790222, 41.3895683289, 41.8423576355, 42.3067550659, 42.771156311, 43.2355537415, 43.6999549866, 44.164352417, 44.6287536621, 45.0931510925, 45.5459403992, 45.9987297058, 46.4631271362, 46.9275283813, 47.3919258118, 47.8563270569, 48.3091163635, 48.7735137939, 49.2379112244, 49.690700531, 50.1551017761, 50.6194992065, 51.0839004517, 51.5482978821, 52.0126991272, 52.4654884338, 52.9182739258, 53.3826751709, 53.8470726013, 54.3114738464, 54.7758712769, 55.240272522, 55.7046699524, 56.1690673828, 56.6218566895, 57.0746459961, 57.5390472412, 58.0034446716, 58.4678459167, 58.9322433472, 59.3966445923, 59.8610420227, 60.3138313293, 60.7782287598, 61.2310180664, 61.6954193115, 62.1598167419, 62.6242179871, 63.0886154175, 63.5530128479, 64.0174102783, 64.470199585, 64.9229888916, 65.3873901367, 65.8517913818, 66.316192627, 66.7805862427, 67.2449874878, 67.6977767944, 68.1505661011, 68.6149673462, 69.0793609619, 69.543762207, 70.0081634521, 70.4725646973, 70.936958313, 71.4013595581, 71.8541488647, 72.3069381714, 72.7713394165, 73.2357330322, 73.7001342773, 74.1645355225, 74.6289291382, 75.0817184448, 75.5345077515, 75.9989089966, 76.4633102417, 76.9277114868, 77.3921051025, 77.8565063477, 78.3209075928, 78.7853012085, 79.2497024536, 79.7024917603, 80.1552810669, 80.619682312, 81.0840835571, 81.5484771729, 82.012878418, 82.4656677246, 82.9300689697, 83.3828582764, 83.8472518921, 84.3116531372, 84.7760543823, 85.2404556274, 85.7048492432, 86.1692504883, 86.6336517334, 87.08644104, 87.5392303467, 88.0036239624, 88.4680252075, 88.9324264526, 89.3968200684, 89.849609375, 90.3140106201, 90.7667999268, 91.2312011719, 91.695602417, 92.1599960327, 92.6243972778, 93.0887985229, 93.5531921387, 94.0059814453, 94.458770752, 94.9231719971, 95.3875732422, 95.8519744873, 96.316368103, 96.7807693481, 97.2335586548, 97.6979598999, 98.1507492065, 98.6151428223, 99.0795440674, 99.5439453125, 100.008346558, 100.472740173, 100.92552948, 101.389930725, 101.842720032, 102.307121277, 102.771514893, 103.235916138, 103.700317383, 104.164710999, 104.629112244, 105.08190155, 105.534690857, 105.999092102, 106.463493347, 106.927886963, 107.392288208, 107.856689453, 108.321083069, 108.785484314, 109.238273621, 109.691062927, 110.155464172, 110.619865417, 111.084259033, 111.548660278, 112.001449585, 112.46585083, 112.930244446, 113.383033752, 113.847434998, 114.311836243, 114.776237488, 115.240631104, 115.705032349, 116.157821655, 116.610610962, 117.075012207, 117.539405823, 118.003807068, 118.468208313, 118.932601929, 119.397003174, 119.861404419, 120.314193726, 120.766983032, 121.231384277, 121.695777893, 122.160179138, 122.624580383, 123.088973999, 123.553375244, 124.006164551, 124.458953857, 124.923355103, 125.387756348, 125.852149963, 126.316551208, 126.780952454, 127.245346069, 127.709747314, 128.162536621, 128.615325928, 129.079727173, 129.544128418, 130.008529663, 130.472915649, 130.937316895, 131.390106201, 131.842895508, 132.307296753, 132.771697998, 133.236099243, 133.700500488, 134.153289795, 134.61769104, 135.082077026, 135.534866333, 135.999267578, 136.463668823, 136.928070068, 137.392471313, 137.856872559, 138.309661865, 138.77406311, 139.226852417, 139.691238403, 140.155639648, 140.620040894, 141.084442139, 141.537231445, 141.990020752, 142.454421997, 142.918823242, 143.383224487, 143.847610474, 144.312011719, 144.776412964, 145.240814209, 145.705215454, 146.169616699, 146.622406006, 147.075195313, 147.539596558, 148.003982544, 148.468383789, 148.932785034, 149.397186279, 149.861587524, 150.32598877, 150.778778076, 151.231567383, 151.695953369, 152.160354614, 152.624755859, 153.089157104, 153.55355835, 154.017959595, 154.470748901, 154.923538208, 155.387939453, 155.852325439, 156.316726685, 156.78112793, 157.245529175, 157.698318481, 158.151107788, 158.615509033, 159.079910278, 159.544311523, 160.00869751, 160.473098755, 160.9375, 161.390289307, 161.843078613, 162.307479858, 162.771881104, 163.236282349, 163.700683594, 164.16506958, 164.617858887, 165.070648193, 165.535049438, 165.999450684, 166.463851929, 166.928253174, 167.392654419, 167.857055664, 168.309844971, 168.774230957, 169.227020264, 169.691421509, 170.155822754, 170.620223999, 171.084625244, 171.549026489, 172.001815796, 172.454605103, 172.919006348, 173.383392334, 173.847793579, 174.312194824, 174.776596069, 175.240997314, 175.693786621, 176.158187866, 176.610977173, 177.075378418, 177.539764404, 178.004165649, 178.468566895, 178.921356201, 179.374145508, 179.838546753, 180.302947998, 180.767349243, 181.231735229, 181.696136475, 182.16053772, 182.624938965, 183.08934021, 183.553741455, 184.006530762, 184.459320068, 184.923721313, 185.3881073, 185.852508545, 186.31690979, 186.781311035, 187.24571228, 187.698501587, 188.151290894, 188.615692139, 189.080093384, 189.53288269, 189.985671997, 190.450057983, 190.914459229, 191.378860474, 191.843261719, 192.307662964, 192.772064209, 193.236465454, 193.70085144, 194.176864624, 194.676101685, 195.175323486, 195.662948608, 196.185394287, 196.707839966, 197.218673706, 197.729522705, 198.251968384, 198.762802124, 199.273651123]
