
metadata:
    version:
        essentia: "2.1-beta2"
    audio_properties:
        analysis_sample_rate: 44100
        bitrate: 320
        channels: 2
        equal_loudness: 1
        length: 356.937133789
        replay_gain: -14.0424137115
        downmix: "mix"
    tags:
        album: "The Plague Within"
        artist: "Paradise Lost"
        comment: ""
        date: "2015"
        genre: "Metal"
        title: "3 An Eternity Of Lies"
        tracknumber: "3/10"

configuration:
    average_loudness:
        compute: 1
        frameSize: 88200
        hopSize: 44100
        silentFrames: "noise"
        windowType: "hann"
    general:
        analysisSampleRate: 44100
        endTime: 2000
        equalLoudness: 1
        nequalLoudness: 0
        shortSound: 0
        startTime: 0
    lowlevel:
        compute: 1
        frameSize: 2048
        hopSize: 1024
        zeroPadding: 0
        silentFrames: "noise"
        windowType: "blackmanharris62"
        mfccStats: ["mean", "cov", "icov"]
        stats: ["mean", "var", "median", "min", "max", "dmean", "dmean2", "dvar", "dvar2"]
    panning:
        compute: 0
        frameSize: 8192
        hopSize: 2048
        zeroPadding: 8192
        silentFrames: "noise"
        windowType: "hann"
        stats: ["copy"]
    rhythm:
        compute: 1
        maxTempo: 208
        minTempo: 40
        method: "degara"
        stats: ["mean", "var", "median", "min", "max", "dmean", "dmean2", "dvar", "dvar2"]
    segmentation:
        compute: 0
        cpw: 5
        inc1: 300
        inc2: 50
        minimumSegmentsLength: 10
        size1: 1000
        size2: 600
    sfx:
        compute: 1
        stats: ["mean", "var", "median", "min", "max", "dmean", "dmean2", "dvar", "dvar2"]
    svm:
        compute: 0
    tonal:
        compute: 1
        frameSize: 4096
        hopSize: 2048
        zeroPadding: 0
        silentFrames: "noise"
        windowType: "blackmanharris62"
        stats: ["mean", "var", "median", "min", "max", "dmean", "dmean2", "dvar", "dvar2"]

lowlevel:
    average_loudness: 0.905857741833
    barkbands_kurtosis:
        dmean: 0.474558204412
        dmean2: 0.740968286991
        dvar: 1.56938302517
        dvar2: 3.34355282784
        max: 100.088409424
        mean: -0.763453722
        median: -1.26895093918
        min: -1.83563613892
        var: 5.31709241867
    barkbands_skewness:
        dmean: 0.300771921873
        dmean2: 0.469522684813
        dvar: 0.088276937604
        dvar2: 0.207872062922
        max: 9.44487380981
        mean: 0.119610205293
        median: 0.0107116894796
        min: -2.57501196861
        var: 0.564187467098
    barkbands_spread:
        dmean: 4.04190540314
        dmean2: 6.34899616241
        dvar: 14.9440450668
        dvar2: 36.1960678101
        max: 59.8346786499
        mean: 33.3987426758
        median: 33.9218635559
        min: 0.815964818001
        var: 89.455291748
    dissonance:
        dmean: 0.0133187836036
        dmean2: 0.0226142816246
        dvar: 0.000245674047619
        dvar2: 0.000698898569681
        max: 0.500000059605
        mean: 0.474282503128
        median: 0.481759518385
        min: 0.20270177722
        var: 0.000600464874879
    hfc:
        dmean: 1.96357488632
        dmean2: 3.16105413437
        dvar: 7.33690357208
        dvar2: 18.9450588226
        max: 41.8383216858
        mean: 8.62422370911
        median: 8.2956905365
        min: 1.20631983893e-016
        var: 25.7852096558
    pitch:
        dmean: 636.835571289
        dmean2: 1233.734375
        dvar: 1451864.25
        dvar2: 3660474.25
        max: 4510.58837891
        mean: 1243.70581055
        median: 330.347869873
        min: 58.1636428833
        var: 2276399.25
    pitch_instantaneous_confidence:
        dmean: 0.0733114331961
        dmean2: 0.117296628654
        dvar: 0.00424124719575
        dvar2: 0.00974224880338
        max: 0.990049302578
        mean: 0.436678439379
        median: 0.410860598087
        min: 0.133686125278
        var: 0.0225186236203
    pitch_salience:
        dmean: 0.0512674413621
        dmean2: 0.0811652243137
        dvar: 0.0021802210249
        dvar2: 0.00513495225459
        max: 0.910215556622
        mean: 0.630798459053
        median: 0.650106728077
        min: 0.0802405253053
        var: 0.0117180990055
    silence_rate_20dB:
        dmean: 0
        dmean2: 0
        dvar: 0
        dvar2: 0
        max: 1
        mean: 1
        median: 1
        min: 1
        var: 0
    silence_rate_30dB:
        dmean: 0
        dmean2: 0
        dvar: 0
        dvar2: 0
        max: 1
        mean: 1
        median: 1
        min: 1
        var: 0
    silence_rate_60dB:
        dmean: 0.0637522786856
        dmean2: 0.127512842417
        dvar: 0.0597010739148
        dvar2: 0.132055088878
        max: 1
        mean: 0.253366291523
        median: 0
        min: 0
        var: 0.189179301262
    spectral_centroid:
        dmean: 217.590927124
        dmean2: 347.294708252
        dvar: 52684.5195313
        dvar2: 131139.546875
        max: 11037.5908203
        mean: 1676.68786621
        median: 1712.85180664
        min: 305.605560303
        var: 233227.984375
    spectral_complexity:
        dmean: 3.57832431793
        dmean2: 5.70086526871
        dvar: 14.4466028214
        dvar2: 33.0385971069
        max: 49
        mean: 17.549665451
        median: 18
        min: 0
        var: 72.850189209
    spectral_crest:
        dmean: 1.59259963036
        dmean2: 2.5597858429
        dvar: 2.37374472618
        dvar2: 5.73602342606
        max: 26.5570526123
        mean: 6.81273174286
        median: 6.02163362503
        min: 2.38360905647
        var: 9.11484050751
    spectral_decrease:
        dmean: 2.15415449367e-010
        dmean2: 3.3813096767e-010
        dvar: 7.56288067506e-020
        dvar2: 1.88074672934e-019
        max: 9.47920450062e-029
        mean: -1.11977527251e-009
        median: -1.06553987855e-009
        min: -4.45069225918e-009
        var: 3.38194034213e-019
    spectral_energy:
        dmean: 0.000958736694884
        dmean2: 0.00151043804362
        dvar: 1.49283869177e-006
        dvar2: 3.70405405192e-006
        max: 0.019301129505
        mean: 0.00500853825361
        median: 0.00482819089666
        min: 1.05839181093e-020
        var: 6.72190617479e-006
    spectral_energyband_high:
        dmean: 0.000163547621923
        dmean2: 0.000272929057246
        dvar: 7.81805198358e-008
        dvar2: 2.12006838751e-007
        max: 0.00578684872016
        mean: 0.000428871106124
        median: 0.000375039118808
        min: 7.56836171597e-021
        var: 1.19657869391e-007
    spectral_energyband_low:
        dmean: 0.000235554703977
        dmean2: 0.000370213325368
        dvar: 1.18274165573e-007
        dvar2: 2.88031969831e-007
        max: 0.00458025746047
        mean: 0.000494805630296
        median: 0.000311257346766
        min: 7.94000365573e-023
        var: 3.22580774537e-007
    spectral_energyband_middle_high:
        dmean: 0.000594793411437
        dmean2: 0.000935383839533
        dvar: 5.70325255467e-007
        dvar2: 1.39207020311e-006
        max: 0.0132105266675
        mean: 0.0025340707507
        median: 0.00219269306399
        min: 1.45486802094e-021
        var: 3.08845301333e-006
    spectral_energyband_middle_low:
        dmean: 0.000522162008565
        dmean2: 0.000825154478662
        dvar: 5.25024518083e-007
        dvar2: 1.36817811835e-006
        max: 0.0108240097761
        mean: 0.00178056175355
        median: 0.00149942468852
        min: 3.42056651827e-022
        var: 1.42381111345e-006
    spectral_flatness_db:
        dmean: 0.0115116592497
        dmean2: 0.0176797769964
        dvar: 0.000112994064693
        dvar2: 0.0002419090888
        max: 0.472153455019
        mean: 0.156707346439
        median: 0.144304409623
        min: 0.0709148943424
        var: 0.00183554959949
    spectral_flux:
        dmean: 0.0063854935579
        dmean2: 0.0099627841264
        dvar: 5.21448600921e-005
        dvar2: 0.000111368579383
        max: 0.105924069881
        mean: 0.0367102175951
        median: 0.0359477326274
        min: 1.0287817126e-010
        var: 0.000239796252572
    spectral_kurtosis:
        dmean: 1.13665270805
        dmean2: 1.9767563343
        dvar: 1.80168378353
        dvar2: 5.42842340469
        max: 38.2539520264
        mean: 3.80678296089
        median: 3.4966032505
        min: -1.16569280624
        var: 4.78599452972
    spectral_rms:
        dmean: 0.000199775182409
        dmean2: 0.000309965951601
        dvar: 4.95990768457e-008
        dvar2: 1.19417521205e-007
        max: 0.00433939741924
        mean: 0.00211653322913
        median: 0.00217035249807
        min: 3.21337422816e-012
        var: 4.06653754226e-007
    spectral_rolloff:
        dmean: 284.931640625
        dmean2: 468.261535645
        dvar: 148378.125
        dvar2: 319962.9375
        max: 19078.4179688
        mean: 3296.02001953
        median: 3531.4453125
        min: 150.732421875
        var: 651006.8125
    spectral_skewness:
        dmean: 0.160789847374
        dmean2: 0.268647432327
        dvar: 0.0258489660919
        dvar2: 0.0704203918576
        max: 5.09666013718
        mean: 1.27005326748
        median: 1.23398435116
        min: -0.0257821585983
        var: 0.161467596889
    spectral_spread:
        dmean: 293420
        dmean2: 442450.5625
        dvar: 172932530176
        dvar2: 284947087360
        max: 39858416
        mean: 4000489.25
        median: 3886966.75
        min: 1858529.25
        var: 887791026176
    spectral_strongpeak:
        dmean: 0.479816377163
        dmean2: 0.828659892082
        dvar: 0.636657059193
        dvar2: 1.65359461308
        max: 9.94611644745
        mean: 0.796973884106
        median: 0.357592940331
        min: 1.03899049086e-010
        var: 1.04461491108
    zerocrossingrate:
        dmean: 0.00665843859315
        dmean2: 0.00825284607708
        dvar: 3.88879343518e-005
        dvar2: 4.99378693348e-005
        max: 0.48974609375
        mean: 0.0959094539285
        median: 0.09912109375
        min: 0.01416015625
        var: 0.000516456260812
    barkbands:
        dmean: [1.57970518444e-007, 5.27738084202e-005, 0.000132799090352, 0.000173726773937, 0.000177753259777, 0.000157402202603, 0.000120414159028, 0.000116321672976, 0.000145587822772, 0.000162100346643, 6.04057058808e-005, 6.23421074124e-005, 8.12623402453e-005, 4.22341981903e-005, 0.000104389830085, 8.94774275366e-005, 0.000130766260554, 0.000127407387481, 0.000239683315158, 0.000161058007507, 7.87280368968e-005, 1.29933123389e-005, 2.33467994804e-006, 1.05160063413e-006, 5.95230062572e-007, 2.8000755492e-008, 3.08824105177e-010]
        dmean2: [2.41157835035e-007, 8.63942113938e-005, 0.000216878863284, 0.000275382684777, 0.000291044038022, 0.000254859944107, 0.000194590495084, 0.000180122049642, 0.000228297518333, 0.000247624062467, 9.63931597653e-005, 0.000102460726339, 0.000131597742438, 6.89401640557e-005, 0.000169059683685, 0.000144198129419, 0.000209596721106, 0.000207875636988, 0.00039058184484, 0.000266395189101, 0.000133358626044, 2.20787496801e-005, 3.81651261705e-006, 1.56831265485e-006, 9.09217419576e-007, 4.40891909648e-008, 5.42626221733e-010]
        dvar: [6.12347425912e-014, 9.37733979356e-009, 3.5027746037e-008, 1.25441090404e-007, 9.03286547782e-008, 5.94941589327e-008, 5.51956382822e-008, 7.01164069028e-008, 9.18726499322e-008, 1.29560206119e-007, 1.93558236106e-008, 2.13104147662e-008, 3.65407295533e-008, 1.26170975889e-008, 8.51913810607e-008, 4.04274764776e-008, 3.76478581643e-008, 2.51469920443e-008, 7.64069483239e-008, 5.38012407958e-008, 1.81990440495e-008, 6.75676181672e-010, 4.59580810908e-011, 1.6576098133e-011, 3.86851011294e-012, 6.70223586306e-015, 7.3224979824e-019]
        dvar2: [1.38230193351e-013, 2.28000818225e-008, 9.3003244217e-008, 3.16787861721e-007, 2.5678625093e-007, 1.54778959427e-007, 1.42305097484e-007, 1.71058673004e-007, 2.20955911345e-007, 2.86549408202e-007, 4.6226688255e-008, 5.58748958213e-008, 9.04856634065e-008, 3.1639405762e-008, 2.25117616992e-007, 9.65265627428e-008, 8.90474964876e-008, 6.34844354863e-008, 1.98859723355e-007, 1.43540574982e-007, 4.9621853293e-008, 1.82906778612e-009, 1.07789020765e-010, 2.12641293462e-011, 6.76446268791e-012, 1.46232072946e-014, 2.01022590515e-018]
        max: [2.85016562884e-006, 0.00102732912637, 0.0035730227828, 0.00540912244469, 0.00483998749405, 0.00561758736148, 0.00791355315596, 0.00711342319846, 0.00854748766869, 0.00894999224693, 0.00463684275746, 0.00527593353763, 0.00492862518877, 0.00355549878441, 0.00868586450815, 0.00951198302209, 0.00695780664682, 0.00305764307268, 0.00466401875019, 0.00479199457914, 0.00276095792651, 0.000640596204903, 0.000237720480072, 0.000405390368542, 0.000203100164072, 5.76320462642e-006, 2.83958581093e-008]
        mean: [2.3490672163e-007, 7.0290217991e-005, 0.000231497149798, 0.000289563584374, 0.000394436181523, 0.000329242000589, 0.000201978677069, 0.000211835693335, 0.000300788233289, 0.000349181849742, 0.00011701976473, 0.000115613431262, 0.000152710665134, 7.0214169682e-005, 0.000188957623322, 0.000172707892489, 0.000295406585792, 0.000291974836728, 0.000624322157819, 0.000378918775823, 0.00018565323262, 2.74001122307e-005, 4.71175462735e-006, 2.55709574049e-006, 1.26471479689e-006, 5.51269501159e-008, 3.75356690174e-010]
        median: [1.04728712813e-007, 3.24819411617e-005, 0.000142048927955, 0.000113979986054, 0.000247593503445, 0.00021123814804, 0.000107231251604, 8.73673852766e-005, 0.000146993843373, 0.00010567199206, 5.01924405398e-005, 5.19961358805e-005, 5.21424371982e-005, 3.48071189364e-005, 7.73318461142e-005, 0.000101343015558, 0.000202503317269, 0.000243479618803, 0.000548344745766, 0.000328077439917, 0.000158299095347, 2.06070253626e-005, 2.49763434113e-006, 1.25764790937e-006, 4.93049810757e-007, 2.04565395734e-008, 1.97760502418e-010]
        min: [1.24942945613e-023, 3.7381789581e-023, 1.93020789763e-023, 2.62733500809e-023, 3.2905723385e-023, 1.66055472985e-022, 4.47555753847e-023, 1.48918258679e-023, 4.74044661748e-023, 4.28861896095e-023, 8.18985483707e-023, 1.17778094353e-022, 1.29488564097e-022, 1.09197168348e-022, 1.03896818237e-022, 1.07530715463e-022, 1.7613282395e-022, 1.7536427148e-022, 3.06255695323e-022, 1.83812391173e-022, 5.24171540549e-022, 4.64302576667e-022, 5.93001408957e-022, 8.30733591583e-022, 1.05330394334e-021, 1.69838173359e-021, 2.5102043729e-021]
        var: [1.15047484343e-013, 1.25557280128e-008, 7.70175532239e-008, 2.28626191756e-007, 1.99478250806e-007, 1.51745453536e-007, 1.02747016228e-007, 1.63839587231e-007, 2.38394818552e-007, 4.61494209958e-007, 4.73765915388e-008, 4.43758949586e-008, 7.94719525743e-008, 1.74123702124e-008, 1.77448114869e-007, 9.35580786177e-008, 1.25843129695e-007, 5.41280904542e-008, 2.06342576803e-007, 8.90579627821e-008, 2.54366714358e-008, 8.55944481959e-010, 9.23570248057e-011, 8.14000325478e-011, 1.45383869873e-011, 1.50366610168e-014, 5.80058439999e-019]
    frequency_bands:
        dmean: [1.57970518444e-007, 5.27738084202e-005, 0.000132799090352, 0.000173726773937, 0.000177753259777, 0.000157402202603, 0.000120414159028, 0.000116321672976, 0.000145587822772, 0.000162100346643, 6.04057058808e-005, 6.23421074124e-005, 8.12623402453e-005, 4.22341981903e-005, 0.000104389830085, 8.94774275366e-005, 0.000130766260554, 0.000127407387481, 0.000239683315158, 0.000161058007507, 7.87280368968e-005, 1.29933123389e-005, 2.33467994804e-006, 1.05160063413e-006, 5.95230062572e-007, 2.8000755492e-008, 3.08824105177e-010, 5.75580104412e-011]
        dmean2: [2.41157835035e-007, 8.63942113938e-005, 0.000216878863284, 0.000275382684777, 0.000291044038022, 0.000254859944107, 0.000194590495084, 0.000180122049642, 0.000228297518333, 0.000247624062467, 9.63931597653e-005, 0.000102460726339, 0.000131597742438, 6.89401640557e-005, 0.000169059683685, 0.000144198129419, 0.000209596721106, 0.000207875636988, 0.00039058184484, 0.000266395189101, 0.000133358626044, 2.20787496801e-005, 3.81651261705e-006, 1.56831265485e-006, 9.09217419576e-007, 4.40891909648e-008, 5.42626221733e-010, 1.06691384893e-010]
        dvar: [6.12347425912e-014, 9.37733979356e-009, 3.5027746037e-008, 1.25441090404e-007, 9.03286547782e-008, 5.94941589327e-008, 5.51956382822e-008, 7.01164069028e-008, 9.18726499322e-008, 1.29560206119e-007, 1.93558236106e-008, 2.13104147662e-008, 3.65407295533e-008, 1.26170975889e-008, 8.51913810607e-008, 4.04274764776e-008, 3.76478581643e-008, 2.51469920443e-008, 7.64069483239e-008, 5.38012407958e-008, 1.81990440495e-008, 6.75676181672e-010, 4.59580810908e-011, 1.6576098133e-011, 3.86851011294e-012, 6.70223586306e-015, 7.3224979824e-019, 6.3986564362e-021]
        dvar2: [1.38230193351e-013, 2.28000818225e-008, 9.3003244217e-008, 3.16787861721e-007, 2.5678625093e-007, 1.54778959427e-007, 1.42305097484e-007, 1.71058673004e-007, 2.20955911345e-007, 2.86549408202e-007, 4.6226688255e-008, 5.58748958213e-008, 9.04856634065e-008, 3.1639405762e-008, 2.25117616992e-007, 9.65265627428e-008, 8.90474964876e-008, 6.34844354863e-008, 1.98859723355e-007, 1.43540574982e-007, 4.9621853293e-008, 1.82906778612e-009, 1.07789020765e-010, 2.12641293462e-011, 6.76446268791e-012, 1.46232072946e-014, 2.01022590515e-018, 2.00801098689e-020]
        max: [2.85016562884e-006, 0.00102732912637, 0.0035730227828, 0.00540912244469, 0.00483998749405, 0.00561758736148, 0.00791355315596, 0.00711342319846, 0.00854748766869, 0.00894999224693, 0.00463684275746, 0.00527593353763, 0.00492862518877, 0.00355549878441, 0.00868586450815, 0.00951198302209, 0.00695780664682, 0.00305764307268, 0.00466401875019, 0.00479199457914, 0.00276095792651, 0.000640596204903, 0.000237720480072, 0.000405390368542, 0.000203100164072, 5.76320462642e-006, 2.83958581093e-008, 9.04578190131e-010]
        mean: [2.3490672163e-007, 7.0290217991e-005, 0.000231497149798, 0.000289563584374, 0.000394436181523, 0.000329242000589, 0.000201978677069, 0.000211835693335, 0.000300788233289, 0.000349181849742, 0.00011701976473, 0.000115613431262, 0.000152710665134, 7.0214169682e-005, 0.000188957623322, 0.000172707892489, 0.000295406585792, 0.000291974836728, 0.000624322157819, 0.000378918775823, 0.00018565323262, 2.74001122307e-005, 4.71175462735e-006, 2.55709574049e-006, 1.26471479689e-006, 5.51269501159e-008, 3.75356690174e-010, 4.49167959771e-011]
        median: [1.04728712813e-007, 3.24819411617e-005, 0.000142048927955, 0.000113979986054, 0.000247593503445, 0.00021123814804, 0.000107231251604, 8.73673852766e-005, 0.000146993843373, 0.00010567199206, 5.01924405398e-005, 5.19961358805e-005, 5.21424371982e-005, 3.48071189364e-005, 7.73318461142e-005, 0.000101343015558, 0.000202503317269, 0.000243479618803, 0.000548344745766, 0.000328077439917, 0.000158299095347, 2.06070253626e-005, 2.49763434113e-006, 1.25764790937e-006, 4.93049810757e-007, 2.04565395734e-008, 1.97760502418e-010, 1.70275633871e-011]
        min: [1.24942945613e-023, 3.7381789581e-023, 1.93020789763e-023, 2.62733500809e-023, 3.2905723385e-023, 1.66055472985e-022, 4.47555753847e-023, 1.48918258679e-023, 4.74044661748e-023, 4.28861896095e-023, 8.18985483707e-023, 1.17778094353e-022, 1.29488564097e-022, 1.09197168348e-022, 1.03896818237e-022, 1.07530715463e-022, 1.7613282395e-022, 1.7536427148e-022, 3.06255695323e-022, 1.83812391173e-022, 5.24171540549e-022, 4.64302576667e-022, 5.93001408957e-022, 8.30733591583e-022, 1.05330394334e-021, 1.69838173359e-021, 2.5102043729e-021, 9.74104125993e-022]
        var: [1.15047484343e-013, 1.25557280128e-008, 7.70175532239e-008, 2.28626191756e-007, 1.99478250806e-007, 1.51745453536e-007, 1.02747016228e-007, 1.63839587231e-007, 2.38394818552e-007, 4.61494209958e-007, 4.73765915388e-008, 4.43758949586e-008, 7.94719525743e-008, 1.74123702124e-008, 1.77448114869e-007, 9.35580786177e-008, 1.25843129695e-007, 5.41280904542e-008, 2.06342576803e-007, 8.90579627821e-008, 2.54366714358e-008, 8.55944481959e-010, 9.23570248057e-011, 8.14000325478e-011, 1.45383869873e-011, 1.50366610168e-014, 5.80058439999e-019, 5.15654700343e-021]
    mfcc:
        mean: [-707.687133789, 114.529197693, -57.2807807922, 57.9043159485, -22.3814430237, -12.1204633713, 4.067278862, -7.96648406982, -0.269715219736, -6.52317142487, -7.482629776, -6.09589719772, -7.32923269272]
        cov: [[4907.76513672, 79.8125534058, -370.086120605, 335.964904785, -77.5034408569, 189.098098755, 31.2651977539, 109.085731506, 146.705032349, 160.185119629, 89.2471694946, 51.3230705261, 25.0288448334], [79.8125534058, 502.679779053, -200.470443726, 77.6351318359, -83.1438293457, -61.1188278198, -15.0503854752, -53.703578949, 21.8756313324, -51.4118728638, -3.68485856056, -24.5037708282, -12.7450532913], [-370.086120605, -200.470443726, 322.641906738, -27.5636787415, 84.9139099121, 16.0211029053, 7.56199026108, 21.0160598755, -27.9086551666, 17.2524700165, -4.69010066986, 17.0553646088, 8.0002040863], [335.964904785, 77.6351318359, -27.5636787415, 349.008361816, 27.0848560333, 74.0995559692, 12.3736772537, 26.3440494537, 36.5638809204, -11.645450592, 0.239882677794, -2.84792947769, 16.2952632904], [-77.5034408569, -83.1438293457, 84.9139099121, 27.0848560333, 130.634414673, 51.8030090332, 20.026222229, -1.46541285515, -0.0102692982182, 13.3881807327, 4.45057439804, 3.27800631523, 8.64840316772], [189.098098755, -61.1188278198, 16.0211029053, 74.0995559692, 51.8030090332, 147.539916992, 67.4362258911, 38.2289276123, 1.51057469845, 18.8582229614, 14.4788360596, 12.0155363083, 16.985250473], [31.2651977539, -15.0503854752, 7.56199026108, 12.3736772537, 20.026222229, 67.4362258911, 139.668151855, 52.1020927429, 8.71170330048, -12.1212444305, -2.1362323761, -2.20990800858, 11.1672754288], [109.085731506, -53.703578949, 21.0160598755, 26.3440494537, -1.46541285515, 38.2289276123, 52.1020927429, 117.339431763, 49.3593482971, 21.9704418182, -0.113653607666, 13.5868883133, 7.24121809006], [146.705032349, 21.8756313324, -27.9086551666, 36.5638809204, -0.0102692982182, 1.51057469845, 8.71170330048, 49.3593482971, 102.041397095, 33.4830818176, 10.2671785355, -4.7346496582, -3.05361819267], [160.185119629, -51.4118728638, 17.2524700165, -11.645450592, 13.3881807327, 18.8582229614, -12.1212444305, 21.9704418182, 33.4830818176, 90.6084671021, 43.0163726807, 27.6571063995, 6.25319910049], [89.2471694946, -3.68485856056, -4.69010066986, 0.239882677794, 4.45057439804, 14.4788360596, -2.1362323761, -0.113653607666, 10.2671785355, 43.0163726807, 72.8030090332, 41.5412902832, 16.9474945068], [51.3230705261, -24.5037708282, 17.0553646088, -2.84792947769, 3.27800631523, 12.0155363083, -2.20990800858, 13.5868883133, -4.7346496582, 27.6571063995, 41.5412902832, 83.4672317505, 37.3050613403], [25.0288448334, -12.7450532913, 8.0002040863, 16.2952632904, 8.64840316772, 16.985250473, 11.1672754288, 7.24121809006, -3.05361819267, 6.25319910049, 16.9474945068, 37.3050613403, 62.1466293335]]
        icov: [[0.000272979261354, 7.14617708581e-005, 0.000326534966007, -0.000223854061915, 0.000185178229003, -0.000249233911745, 9.51642778091e-006, -2.06620898098e-005, -7.65075164963e-005, -0.000480702903587, 6.20789214736e-005, -8.39627537061e-005, 4.25035614171e-005], [7.14617708581e-005, 0.00334978592582, 0.00150121829938, -0.000953385373577, 0.000981331570074, 0.00109062390402, -0.000806252704933, 0.0016876560403, -0.001179801533, 0.00126521335915, -0.000662239792291, -0.00020230023074, 0.000345272623235], [0.000326534966007, 0.00150121829938, 0.00534009328112, -0.00041804331704, -0.00262695830315, 0.00123862770852, -0.000125349892187, -0.00129820185248, 0.0017138911644, -0.00113738060463, 0.000716067734174, -0.000719913165085, 0.000234900362557], [-0.000223854061915, -0.000953385373577, -0.00041804331704, 0.00413662334904, -0.000702412973624, -0.00257621030323, 0.00156786350999, -0.00069725769572, -0.00150137557648, 0.00209734588861, -0.000255567283602, 0.000437373382738, -0.00101249699946], [0.000185178229003, 0.000981331570074, -0.00262695830315, -0.000702412973624, 0.0120684597641, -0.00392789067701, -0.000878751219716, 0.00393116846681, -0.00252898340113, -0.000711534230504, 0.000454241700936, 0.000239667962887, -0.000577466969844], [-0.000249233911745, 0.00109062390402, 0.00123862770852, -0.00257621030323, -0.00392789067701, 0.0135197043419, -0.00530317891389, -0.00205104472116, 0.00370760378428, -0.00291615305468, -0.00112871581223, 0.000575520622078, -0.000678502547089], [9.51642778091e-006, -0.000806252704933, -0.000125349892187, 0.00156786350999, -0.000878751219716, -0.00530317891389, 0.01213010028, -0.00533709209412, 2.77454528259e-005, 0.00428951624781, -0.00198010564782, 0.00216895458288, -0.0017425075639], [-2.06620898098e-005, 0.0016876560403, -0.00129820185248, -0.00069725769572, 0.00393116846681, -0.00205104472116, -0.00533709209412, 0.017098069191, -0.00835244636983, -0.00161407049745, 0.00467457342893, -0.00475324317813, 0.00101516442373], [-7.65075164963e-005, -0.001179801533, 0.0017138911644, -0.00150137557648, -0.00252898340113, 0.00370760378428, 2.77454528259e-005, -0.00835244636983, 0.0176275856793, -0.00654240697622, -0.00141114508733, 0.00426648743451, -0.000383063044865], [-0.000480702903587, 0.00126521335915, -0.00113738060463, 0.00209734588861, -0.000711534230504, -0.00291615305468, 0.00428951624781, -0.00161407049745, -0.00654240697622, 0.0225641094148, -0.0106166163459, -0.0014577495167, 0.00154120312072], [6.20789214736e-005, -0.000662239792291, 0.000716067734174, -0.000255567283602, 0.000454241700936, -0.00112871581223, -0.00198010564782, 0.00467457342893, -0.00141114508733, -0.0106166163459, 0.0264462847263, -0.0108594177291, 0.000176024332177], [-8.39627537061e-005, -0.00020230023074, -0.000719913165085, 0.000437373382738, 0.000239667962887, 0.000575520622078, 0.00216895458288, -0.00475324317813, 0.00426648743451, -0.0014577495167, -0.0108594177291, 0.0239793397486, -0.0111327301711], [4.25035614171e-005, 0.000345272623235, 0.000234900362557, -0.00101249699946, -0.000577466969844, -0.000678502547089, -0.0017425075639, 0.00101516442373, -0.000383063044865, 0.00154120312072, 0.000176024332177, -0.0111327301711, 0.0233013425022]]
    sccoeffs:
        dmean: [0.0484462343156, 0.0432643406093, 0.0359128303826, 0.0270885378122, 0.0191245507449, 0.0164213888347]
        dmean2: [0.079364977777, 0.0714823678136, 0.0581040382385, 0.0446151420474, 0.0314426198602, 0.02633071132]
        dvar: [0.00153741298709, 0.00120456330478, 0.000832334975712, 0.000478923902847, 0.000234175400692, 0.00023713443079]
        dvar2: [0.0040757516399, 0.00329982466064, 0.00211888202466, 0.00127304543275, 0.000601020990871, 0.000572652323171]
        max: [-0.318336844444, -0.424260377884, -0.442784518003, -0.569143116474, -0.638818800449, -0.536689460278]
        mean: [-0.630261540413, -0.743957817554, -0.750672161579, -0.77688741684, -0.788405656815, -0.723004221916]
        median: [-0.637593567371, -0.749361991882, -0.759830355644, -0.781921863556, -0.792417764664, -0.73008787632]
        min: [-0.968302726746, -0.967650711536, -0.956318676472, -0.963404536247, -0.962919533253, -0.958341836929]
        var: [0.00691401585937, 0.00424544047564, 0.00502582266927, 0.00229152035899, 0.00112497690134, 0.00248054671101]
    scvalleys:
        dmean: [0.353484541178, 0.313050925732, 0.276137202978, 0.237249106169, 0.196149349213, 0.196785435081]
        dmean2: [0.590982139111, 0.515668511391, 0.446376532316, 0.378073215485, 0.308057844639, 0.291609942913]
        dvar: [0.0835978016257, 0.0695451721549, 0.0558919124305, 0.0461565218866, 0.0405502133071, 0.0766189843416]
        dvar2: [0.228125080466, 0.173091292381, 0.128717780113, 0.101244799793, 0.0864333063364, 0.155647069216]
        max: [-5.1025762558, -4.49634170532, -4.76302051544, -5.26636362076, -5.4481139183, -7.16448116302]
        mean: [-7.10967302322, -6.49182128906, -6.95501708984, -7.27158117294, -6.89872646332, -10.1668844223]
        median: [-6.8051404953, -6.35793018341, -6.84429693222, -7.15200901031, -6.65208864212, -9.79960727692]
        min: [-26.9431247711, -26.9374599457, -27.550327301, -27.4142131805, -27.1765937805, -27.3171443939]
        var: [1.26150000095, 0.870466709137, 0.888241291046, 0.840607225895, 0.896030783653, 1.77432668209]

rhythm:
    beats_loudness:
        dmean: 0.0020484298002
        dmean2: 0.00359721155837
        dvar: 3.86010833608e-006
        dvar2: 1.05403532871e-005
        max: 0.0154921114445
        mean: 0.0056968186982
        median: 0.00564648862928
        min: 1.00427236305e-007
        var: 7.5193865996e-006
    bpm: 134.960205078
    bpm_confidence: 0
    first_peak_bpm: 136
    first_peak_spread: 0.308474570513
    first_peak_weight: 0.54765099287
    onset_rate: 2.44580888748
    second_peak_bpm: 91
    second_peak_spread: 0.406593412161
    second_peak_weight: 0.0724832192063
    beats_loudness_band_ratio:
        dmean: [0.112759068608, 0.0786375030875, 0.0942735746503, 0.0709715783596, 0.076475828886, 0.077855207026]
        dmean2: [0.197290197015, 0.134988769889, 0.164312720299, 0.123144231737, 0.134584844112, 0.132529780269]
        dvar: [0.00917405262589, 0.00569209735841, 0.0108965532854, 0.00685530202463, 0.00544718047604, 0.0038437328767]
        dvar2: [0.0239119473845, 0.01465616934, 0.0288599226624, 0.0187729801983, 0.0154439592734, 0.0109676122665]
        max: [0.569241404533, 0.82687073946, 0.973318755627, 0.687954306602, 0.704699456692, 0.562454342842]
        mean: [0.164044350386, 0.137865945697, 0.164694324136, 0.132384851575, 0.194561958313, 0.231919065118]
        median: [0.131181851029, 0.101546153426, 0.12140224874, 0.0991993919015, 0.185328960419, 0.235920488834]
        min: [0.000580576190259, 0.000770807731897, 0.00817035511136, 0.00540379807353, 0.00774585502222, 0.000640249578282]
        var: [0.0140809677541, 0.0146117899567, 0.0191528722644, 0.0117415664718, 0.00848456472158, 0.0105179045349]
