
metadata:
    version:
        essentia: "2.1-beta2"
    audio_properties:
        analysis_sample_rate: 44100
        bitrate: 320
        channels: 2
        equal_loudness: 1
        length: 368.37878418
        replay_gain: -14.3230857849
        downmix: "mix"
    tags:
        album: "The Plague Within"
        artist: "Paradise Lost"
        comment: ""
        date: "2015"
        genre: "Metal"
        title: "5 Beneath Broken Earth"
        tracknumber: "5/10"

configuration:
    average_loudness:
        compute: 1
        frameSize: 88200
        hopSize: 44100
        silentFrames: "noise"
        windowType: "hann"
    general:
        analysisSampleRate: 44100
        endTime: 2000
        equalLoudness: 1
        nequalLoudness: 0
        shortSound: 0
        startTime: 0
    lowlevel:
        compute: 1
        frameSize: 2048
        hopSize: 1024
        zeroPadding: 0
        silentFrames: "noise"
        windowType: "blackmanharris62"
        mfccStats: ["mean", "cov", "icov"]
        stats: ["mean", "var", "median", "min", "max", "dmean", "dmean2", "dvar", "dvar2"]
    panning:
        compute: 0
        frameSize: 8192
        hopSize: 2048
        zeroPadding: 8192
        silentFrames: "noise"
        windowType: "hann"
        stats: ["copy"]
    rhythm:
        compute: 1
        maxTempo: 208
        minTempo: 40
        method: "degara"
        stats: ["mean", "var", "median", "min", "max", "dmean", "dmean2", "dvar", "dvar2"]
    segmentation:
        compute: 0
        cpw: 5
        inc1: 300
        inc2: 50
        minimumSegmentsLength: 10
        size1: 1000
        size2: 600
    sfx:
        compute: 1
        stats: ["mean", "var", "median", "min", "max", "dmean", "dmean2", "dvar", "dvar2"]
    svm:
        compute: 0
    tonal:
        compute: 1
        frameSize: 4096
        hopSize: 2048
        zeroPadding: 0
        silentFrames: "noise"
        windowType: "blackmanharris62"
        stats: ["mean", "var", "median", "min", "max", "dmean", "dmean2", "dvar", "dvar2"]

lowlevel:
    average_loudness: 0.709129214287
    barkbands_kurtosis:
        dmean: 0.446736991405
        dmean2: 0.729281425476
        dvar: 0.532732129097
        dvar2: 1.29680430889
        max: 28.5291023254
        mean: -0.739164948463
        median: -1.26100039482
        min: -1.90900707245
        var: 2.51138830185
    barkbands_skewness:
        dmean: 0.277596384287
        dmean2: 0.447743058205
        dvar: 0.0776923373342
        dvar2: 0.209356680512
        max: 5.10547018051
        mean: -0.266832172871
        median: -0.259581804276
        min: -3.07954835892
        var: 0.613923788071
    barkbands_spread:
        dmean: 3.80131173134
        dmean2: 6.15618658066
        dvar: 16.0981903076
        dvar2: 41.1492767334
        max: 64.4824066162
        mean: 35.2510719299
        median: 36.9486427307
        min: 4.91177558899
        var: 108.167167664
    dissonance:
        dmean: 0.00694421865046
        dmean2: 0.0117174778134
        dvar: 4.71922649012e-005
        dvar2: 0.000131153094117
        max: 0.500000119209
        mean: 0.484113514423
        median: 0.487187922001
        min: 0.364161163568
        var: 0.000161563031725
    hfc:
        dmean: 1.98487305641
        dmean2: 3.31953978539
        dvar: 12.4833574295
        dvar2: 34.3085365295
        max: 56.9053497314
        mean: 8.86224079132
        median: 7.82308101654
        min: 1.17056829877e-016
        var: 36.0406913757
    pitch:
        dmean: 771.975769043
        dmean2: 1499.60217285
        dvar: 1715924
        dvar2: 4271804
        max: 4388.64160156
        mean: 1746.1262207
        median: 670.66027832
        min: 65.1848526001
        var: 2727991.75
    pitch_instantaneous_confidence:
        dmean: 0.0637789666653
        dmean2: 0.105754934251
        dvar: 0.00285610882565
        dvar2: 0.00764946639538
        max: 0.875484764576
        mean: 0.406763315201
        median: 0.390066385269
        min: 0.125330090523
        var: 0.0146862538531
    pitch_salience:
        dmean: 0.043277528137
        dmean2: 0.0716609507799
        dvar: 0.00165564147756
        dvar2: 0.00458068260923
        max: 0.877471327782
        mean: 0.694984197617
        median: 0.708624064922
        min: 0.302828252316
        var: 0.00602346565574
    silence_rate_20dB:
        dmean: 0
        dmean2: 0
        dvar: 0
        dvar2: 0
        max: 1
        mean: 1
        median: 1
        min: 1
        var: 0
    silence_rate_30dB:
        dmean: 0
        dmean2: 0
        dvar: 0
        dvar2: 0
        max: 1
        mean: 1
        median: 1
        min: 1
        var: 0
    silence_rate_60dB:
        dmean: 0.0646706596017
        dmean2: 0.129349470139
        dvar: 0.0605019144714
        dvar2: 0.137961030006
        max: 1
        mean: 0.356800705194
        median: 0
        min: 0
        var: 0.229475036263
    spectral_centroid:
        dmean: 197.484542847
        dmean2: 321.395477295
        dvar: 49367.9453125
        dvar2: 131293.109375
        max: 10862.2871094
        mean: 1927.84887695
        median: 1904.85473633
        min: 216.526443481
        var: 316751.59375
    spectral_complexity:
        dmean: 3.36110925674
        dmean2: 5.5586233139
        dvar: 13.188290596
        dvar2: 33.1656913757
        max: 50
        mean: 18.1479892731
        median: 18
        min: 0
        var: 88.1510772705
    spectral_crest:
        dmean: 1.31991803646
        dmean2: 2.18586540222
        dvar: 1.41565310955
        dvar2: 3.77564930916
        max: 19.5555171967
        mean: 6.36308813095
        median: 5.66715717316
        min: 2.47066497803
        var: 6.89944124222
    spectral_decrease:
        dmean: 1.72593855874e-010
        dmean2: 2.82777967708e-010
        dvar: 7.56853587627e-020
        dvar2: 2.03790652208e-019
        max: 5.15367899391e-029
        mean: -9.78847891631e-010
        median: -8.47642511737e-010
        min: -4.726459224e-009
        var: 2.98580587323e-019
    spectral_energy:
        dmean: 0.000805613119155
        dmean2: 0.00132586061954
        dvar: 1.73258354152e-006
        dvar2: 4.65716675535e-006
        max: 0.0224004406482
        mean: 0.00449822144583
        median: 0.00389100704342
        min: 1.04228844617e-020
        var: 6.48088189337e-006
    spectral_energyband_high:
        dmean: 0.000162230426213
        dmean2: 0.00027868716279
        dvar: 1.13539279312e-007
        dvar2: 3.20851569313e-007
        max: 0.00532442657277
        mean: 0.000444929406513
        median: 0.000351617170963
        min: 7.64898032175e-021
        var: 1.59966702995e-007
    spectral_energyband_low:
        dmean: 0.000197120694793
        dmean2: 0.000327547662891
        dvar: 1.36703803832e-007
        dvar2: 3.71557376866e-007
        max: 0.00546317966655
        mean: 0.000406156061217
        median: 0.000306490866933
        min: 6.59238689154e-023
        var: 1.9563627518e-007
    spectral_energyband_middle_high:
        dmean: 0.000566310016438
        dmean2: 0.000937622971833
        dvar: 6.75651790516e-007
        dvar2: 1.8201325247e-006
        max: 0.0139355119318
        mean: 0.00248624943197
        median: 0.00204648077488
        min: 1.55977051693e-021
        var: 3.56224131792e-006
    spectral_energyband_middle_low:
        dmean: 0.000330316834152
        dmean2: 0.000543418980669
        dvar: 2.88091740686e-007
        dvar2: 8.30552721709e-007
        max: 0.00883701816201
        mean: 0.00128213944845
        median: 0.00110886967741
        min: 3.8958540777e-022
        var: 6.97776442848e-007
    spectral_flatness_db:
        dmean: 0.0106688840315
        dmean2: 0.0172641500831
        dvar: 8.9033113909e-005
        dvar2: 0.000227831769735
        max: 0.317762553692
        mean: 0.165229737759
        median: 0.152410179377
        min: 0.0786340236664
        var: 0.00194440735504
    spectral_flux:
        dmean: 0.00506570795551
        dmean2: 0.00800893176347
        dvar: 4.32406086475e-005
        dvar2: 8.81531086634e-005
        max: 0.10985661298
        mean: 0.0356297306716
        median: 0.0334388241172
        min: 1.02092528875e-010
        var: 0.000234061328229
    spectral_kurtosis:
        dmean: 1.36400973797
        dmean2: 2.39412117004
        dvar: 2.04679465294
        dvar2: 6.41144514084
        max: 22.4049873352
        mean: 3.31664800644
        median: 3.09321546555
        min: -1.21392226219
        var: 3.31234407425
    spectral_rms:
        dmean: 0.000171036663232
        dmean2: 0.000276986946119
        dvar: 5.23618766124e-008
        dvar2: 1.36508489845e-007
        max: 0.00467483559623
        mean: 0.00201087235473
        median: 0.00194835942239
        min: 3.18883482987e-012
        var: 3.44917680195e-007
    spectral_rolloff:
        dmean: 219.301712036
        dmean2: 368.93850708
        dvar: 74532.7109375
        dvar2: 176064.421875
        max: 18669.2871094
        mean: 3555.41210938
        median: 3596.04492188
        min: 172.265625
        var: 301431.15625
    spectral_skewness:
        dmean: 0.173896715045
        dmean2: 0.295487701893
        dvar: 0.0269448310137
        dvar2: 0.0784864574671
        max: 3.4024477005
        mean: 0.968931734562
        median: 0.98120367527
        min: -0.231394678354
        var: 0.171585902572
    spectral_spread:
        dmean: 249780.953125
        dmean2: 384695.84375
        dvar: 152559484928
        dvar2: 238775271424
        max: 41932868
        mean: 3567417.75
        median: 3395754.25
        min: 1761613.5
        var: 1.30827249254e+012
    spectral_strongpeak:
        dmean: 0.46352276206
        dmean2: 0.814267337322
        dvar: 0.58042383194
        dvar2: 1.56780982018
        max: 11.5057258606
        mean: 0.74592769146
        median: 0.281370341778
        min: 7.55627205251e-009
        var: 1.19884347916
    zerocrossingrate:
        dmean: 0.00569905620068
        dmean2: 0.0073645086959
        dvar: 2.8509835829e-005
        dvar2: 4.26245496783e-005
        max: 0.50927734375
        mean: 0.105082459748
        median: 0.10595703125
        min: 0.01953125
        var: 0.000499893096276
    barkbands:
        dmean: [1.84814382465e-007, 6.15640019532e-005, 0.000127619889099, 0.000105314829852, 0.000143088487675, 8.65555775817e-005, 8.3063277998e-005, 6.23678133707e-005, 8.67145499797e-005, 6.98081639712e-005, 6.67117055855e-005, 5.5759181123e-005, 4.47739002993e-005, 3.6981622543e-005, 6.77221541991e-005, 0.000102157493529, 0.000162030744832, 0.000153054541443, 0.000247003335971, 0.000177153866389, 7.78419489507e-005, 1.32762470457e-005, 2.36934488385e-006, 8.68801464549e-007, 3.67318079952e-007, 1.6638175282e-008, 2.41184100469e-010]
        dmean2: [2.79244858348e-007, 0.000101725032437, 0.000214647836401, 0.000180052506039, 0.00023237473215, 0.000139492927701, 0.000134700821945, 0.000103139500425, 0.000135529960971, 0.000115046001156, 0.000113073219836, 9.33235496632e-005, 7.41836993257e-005, 6.00885796302e-005, 0.000112735731818, 0.000169545135577, 0.000267515482847, 0.000253624195466, 0.000411300250562, 0.000300428335322, 0.000133356210426, 2.32280981436e-005, 3.93725122194e-006, 1.36323330935e-006, 5.97919949996e-007, 2.68949413851e-008, 4.26963520095e-010]
        dvar: [7.83501207164e-014, 1.24465220352e-008, 5.72230227647e-008, 7.71659287579e-008, 4.65058711541e-008, 1.96403604491e-008, 2.99344620203e-008, 2.41910296239e-008, 2.59349874909e-008, 3.30898473067e-008, 5.53972689943e-008, 2.07311980915e-008, 1.02483621589e-008, 9.42034805718e-009, 1.61718123337e-008, 3.03194553908e-008, 5.58170931697e-008, 4.68964955758e-008, 1.02019996007e-007, 9.7239855279e-008, 2.67309090418e-008, 1.23847043731e-009, 8.27449150864e-011, 1.04935270542e-011, 1.47263885114e-012, 4.51629285388e-015, 4.23594952388e-019]
        dvar2: [1.9255396702e-013, 3.0994591782e-008, 1.56521693384e-007, 2.23285340439e-007, 1.32531312147e-007, 5.47545901952e-008, 8.18093113253e-008, 6.6640573948e-008, 6.97855924159e-008, 9.72179634573e-008, 1.59154765811e-007, 6.09008949937e-008, 2.86641306246e-008, 2.46095410716e-008, 4.39442793265e-008, 8.37815363752e-008, 1.43871531577e-007, 1.23785568462e-007, 2.75064252264e-007, 2.67532271891e-007, 7.526589485e-008, 3.49856876802e-009, 2.08236941579e-010, 2.26068452153e-011, 3.65760980531e-012, 1.18671535137e-014, 1.17498762286e-018]
        max: [4.1181879169e-006, 0.00143738125917, 0.00276534375735, 0.00483846664429, 0.00361340143718, 0.00405121408403, 0.0045176227577, 0.00348833436146, 0.00431314716116, 0.00496600754559, 0.00541516952217, 0.00366841536015, 0.00242429412901, 0.00307545997202, 0.00348661607131, 0.0046321041882, 0.00591039843857, 0.00565081136301, 0.00772267021239, 0.00526013644412, 0.00380066270009, 0.000550377357285, 0.000579362676945, 0.000182138726814, 3.69973822671e-005, 2.85602254735e-006, 3.32572795969e-008]
        mean: [3.59043639264e-007, 0.000107111314719, 0.000209831763641, 0.000170599785633, 0.00039413117338, 0.000217401218833, 0.000168329686858, 0.000106808933197, 0.000185065233381, 0.000140389078297, 0.000131950044306, 0.000113206224341, 8.74832767295e-005, 7.19852978364e-005, 0.00014633583487, 0.00020993014914, 0.000362369755749, 0.000365779822459, 0.000656675430946, 0.000421627104515, 0.000197759276489, 2.61235763901e-005, 4.26160841016e-006, 1.9538874767e-006, 7.26603843759e-007, 3.08420027295e-008, 2.87309703806e-010]
        median: [2.05934867381e-007, 7.79442852945e-005, 0.000120608630823, 9.34570998652e-005, 0.000262453802861, 0.000142455886817, 8.98577709449e-005, 5.21751935594e-005, 0.000103871221654, 5.32180238224e-005, 1.97624849534e-005, 3.61043021258e-005, 3.67593856936e-005, 3.51841808879e-005, 9.13032708922e-005, 0.000133597757667, 0.000263715977781, 0.000283792527625, 0.000543474801816, 0.000336256140145, 0.000148620601976, 1.63379045262e-005, 1.43719614698e-006, 4.72991132483e-007, 1.75042742967e-007, 6.03183636372e-009, 1.3130992127e-010]
        min: [2.39281332684e-024, 1.36116939454e-023, 2.26376510963e-023, 6.91060328329e-023, 1.06751535459e-022, 4.94393928333e-023, 4.80115893047e-023, 4.67639616069e-023, 4.9237056322e-023, 4.76262339079e-023, 1.2824745239e-022, 4.02066121302e-023, 2.16821291254e-023, 4.23587288093e-023, 1.99006357079e-022, 8.71755545101e-023, 2.21965743517e-022, 4.04493187561e-022, 2.65903983274e-022, 2.82915207026e-022, 4.04020274915e-022, 3.81317564882e-022, 4.37280771137e-022, 7.77990831087e-022, 1.25508996857e-021, 1.73257200021e-021, 2.66194738471e-021]
        var: [1.87578861406e-013, 1.70727645354e-008, 8.28110700013e-008, 7.67349135344e-008, 1.66929027046e-007, 5.6721258801e-008, 6.03501959517e-008, 4.16137133641e-008, 6.44638404879e-008, 7.69193206906e-008, 1.68698932157e-007, 6.42074553525e-008, 2.65556749923e-008, 2.06764383393e-008, 4.10898621794e-008, 7.25362596654e-008, 1.38576083941e-007, 1.03391116113e-007, 2.66745445288e-007, 1.39075979178e-007, 4.08210745206e-008, 1.28041244274e-009, 1.76837433585e-010, 4.53862017413e-011, 3.61624423982e-012, 5.79252798342e-015, 3.82361032828e-019]
    frequency_bands:
        dmean: [1.84814382465e-007, 6.15640019532e-005, 0.000127619889099, 0.000105314829852, 0.000143088487675, 8.65555775817e-005, 8.3063277998e-005, 6.23678133707e-005, 8.67145499797e-005, 6.98081639712e-005, 6.67117055855e-005, 5.5759181123e-005, 4.47739002993e-005, 3.6981622543e-005, 6.77221541991e-005, 0.000102157493529, 0.000162030744832, 0.000153054541443, 0.000247003335971, 0.000177153866389, 7.78419489507e-005, 1.32762470457e-005, 2.36934488385e-006, 8.68801464549e-007, 3.67318079952e-007, 1.6638175282e-008, 2.41184100469e-010, 5.09807300542e-011]
        dmean2: [2.79244858348e-007, 0.000101725032437, 0.000214647836401, 0.000180052506039, 0.00023237473215, 0.000139492927701, 0.000134700821945, 0.000103139500425, 0.000135529960971, 0.000115046001156, 0.000113073219836, 9.33235496632e-005, 7.41836993257e-005, 6.00885796302e-005, 0.000112735731818, 0.000169545135577, 0.000267515482847, 0.000253624195466, 0.000411300250562, 0.000300428335322, 0.000133356210426, 2.32280981436e-005, 3.93725122194e-006, 1.36323330935e-006, 5.97919949996e-007, 2.68949413851e-008, 4.26963520095e-010, 9.42765934764e-011]
        dvar: [7.83501207164e-014, 1.24465220352e-008, 5.72230227647e-008, 7.71659287579e-008, 4.65058711541e-008, 1.96403604491e-008, 2.99344620203e-008, 2.41910296239e-008, 2.59349874909e-008, 3.30898473067e-008, 5.53972689943e-008, 2.07311980915e-008, 1.02483621589e-008, 9.42034805718e-009, 1.61718123337e-008, 3.03194553908e-008, 5.58170931697e-008, 4.68964955758e-008, 1.02019996007e-007, 9.7239855279e-008, 2.67309090418e-008, 1.23847043731e-009, 8.27449150864e-011, 1.04935270542e-011, 1.47263885114e-012, 4.51629285388e-015, 4.23594952388e-019, 5.82611133909e-021]
        dvar2: [1.9255396702e-013, 3.0994591782e-008, 1.56521693384e-007, 2.23285340439e-007, 1.32531312147e-007, 5.47545901952e-008, 8.18093113253e-008, 6.6640573948e-008, 6.97855924159e-008, 9.72179634573e-008, 1.59154765811e-007, 6.09008949937e-008, 2.86641306246e-008, 2.46095410716e-008, 4.39442793265e-008, 8.37815363752e-008, 1.43871531577e-007, 1.23785568462e-007, 2.75064252264e-007, 2.67532271891e-007, 7.526589485e-008, 3.49856876802e-009, 2.08236941579e-010, 2.26068452153e-011, 3.65760980531e-012, 1.18671535137e-014, 1.17498762286e-018, 1.83669057292e-020]
        max: [4.1181879169e-006, 0.00143738125917, 0.00276534375735, 0.00483846664429, 0.00361340143718, 0.00405121408403, 0.0045176227577, 0.00348833436146, 0.00431314716116, 0.00496600754559, 0.00541516952217, 0.00366841536015, 0.00242429412901, 0.00307545997202, 0.00348661607131, 0.0046321041882, 0.00591039843857, 0.00565081136301, 0.00772267021239, 0.00526013644412, 0.00380066270009, 0.000550377357285, 0.000579362676945, 0.000182138726814, 3.69973822671e-005, 2.85602254735e-006, 3.32572795969e-008, 1.1877780981e-009]
        mean: [3.59043639264e-007, 0.000107111314719, 0.000209831763641, 0.000170599785633, 0.00039413117338, 0.000217401218833, 0.000168329686858, 0.000106808933197, 0.000185065233381, 0.000140389078297, 0.000131950044306, 0.000113206224341, 8.74832767295e-005, 7.19852978364e-005, 0.00014633583487, 0.00020993014914, 0.000362369755749, 0.000365779822459, 0.000656675430946, 0.000421627104515, 0.000197759276489, 2.61235763901e-005, 4.26160841016e-006, 1.9538874767e-006, 7.26603843759e-007, 3.08420027295e-008, 2.87309703806e-010, 4.01737428046e-011]
        median: [2.05934867381e-007, 7.79442852945e-005, 0.000120608630823, 9.34570998652e-005, 0.000262453802861, 0.000142455886817, 8.98577709449e-005, 5.21751935594e-005, 0.000103871221654, 5.32180238224e-005, 1.97624849534e-005, 3.61043021258e-005, 3.67593856936e-005, 3.51841808879e-005, 9.13032708922e-005, 0.000133597757667, 0.000263715977781, 0.000283792527625, 0.000543474801816, 0.000336256140145, 0.000148620601976, 1.63379045262e-005, 1.43719614698e-006, 4.72991132483e-007, 1.75042742967e-007, 6.03183636372e-009, 1.3130992127e-010, 1.49210453021e-011]
        min: [2.39281332684e-024, 1.36116939454e-023, 2.26376510963e-023, 6.91060328329e-023, 1.06751535459e-022, 4.94393928333e-023, 4.80115893047e-023, 4.67639616069e-023, 4.9237056322e-023, 4.76262339079e-023, 1.2824745239e-022, 4.02066121302e-023, 2.16821291254e-023, 4.23587288093e-023, 1.99006357079e-022, 8.71755545101e-023, 2.21965743517e-022, 4.04493187561e-022, 2.65903983274e-022, 2.82915207026e-022, 4.04020274915e-022, 3.81317564882e-022, 4.37280771137e-022, 7.77990831087e-022, 1.25508996857e-021, 1.73257200021e-021, 2.66194738471e-021, 6.23137006252e-022]
        var: [1.87578861406e-013, 1.70727645354e-008, 8.28110700013e-008, 7.67349135344e-008, 1.66929027046e-007, 5.6721258801e-008, 6.03501959517e-008, 4.16137133641e-008, 6.44638404879e-008, 7.69193206906e-008, 1.68698932157e-007, 6.42074553525e-008, 2.65556749923e-008, 2.06764383393e-008, 4.10898621794e-008, 7.25362596654e-008, 1.38576083941e-007, 1.03391116113e-007, 2.66745445288e-007, 1.39075979178e-007, 4.08210745206e-008, 1.28041244274e-009, 1.76837433585e-010, 4.53862017413e-011, 3.61624423982e-012, 5.79252798342e-015, 3.82361032828e-019, 4.69718388247e-021]
    mfcc:
        mean: [-715.383117676, 114.442314148, -67.8988800049, 73.2348709106, -18.9709739685, -9.87624835968, 1.2323038578, -10.0204029083, 2.15024590492, -7.35704708099, -4.18901968002, -5.01203918457, -5.32334661484]
        cov: [[3796.92211914, 299.257781982, -76.2550811768, 80.1894683838, -42.8181533813, 116.009773254, 85.537071228, 169.027450562, 18.8456134796, 97.8226623535, -13.1435747147, 86.8829498291, 85.2526779175], [299.257781982, 508.417175293, -153.584884644, 185.702285767, -15.4647636414, 22.3641738892, 45.2976417542, -38.570274353, 17.7945156097, -47.364566803, 5.85394716263, -22.0719413757, 4.02079391479], [-76.2550811768, -153.584884644, 689.501464844, -2.96275568008, 268.052429199, 141.536972046, 54.7362289429, 165.1849823, -53.060710907, 113.565956116, 27.5116119385, 91.4021606445, 71.5797195435], [80.1894683838, 185.702285767, -2.96275568008, 366.742797852, 43.1657295227, 54.1861076355, -11.0437555313, -15.2729282379, -6.24645137787, -28.7404937744, 22.5262985229, -21.5440559387, 25.1829586029], [-42.8181533813, -15.4647636414, 268.052429199, 43.1657295227, 195.380584717, 88.3781585693, 29.2005996704, 47.386100769, -19.3198413849, 49.6179695129, 18.7828178406, 40.4094390869, 34.214515686], [116.009773254, 22.3641738892, 141.536972046, 54.1861076355, 88.3781585693, 152.878631592, 79.2043685913, 94.2825164795, -9.13842391968, 22.7726554871, 19.0447311401, 34.1434326172, 56.1596107483], [85.537071228, 45.2976417542, 54.7362289429, -11.0437555313, 29.2005996704, 79.2043685913, 114.513687134, 86.1923217773, 11.6656637192, -1.81582868099, 5.53589773178, 24.1104812622, 37.352191925], [169.027450562, -38.570274353, 165.1849823, -15.2729282379, 47.386100769, 94.2825164795, 86.1923217773, 159.59085083, 21.5694007874, 41.3914451599, 10.5531263351, 46.9521713257, 52.3950576782], [18.8456134796, 17.7945156097, -53.060710907, -6.24645137787, -19.3198413849, -9.13842391968, 11.6656637192, 21.5694007874, 64.5244140625, 23.5331325531, 13.2747945786, -0.188025072217, -1.05129218102], [97.8226623535, -47.364566803, 113.565956116, -28.7404937744, 49.6179695129, 22.7726554871, -1.81582868099, 41.3914451599, 23.5331325531, 101.063613892, 36.4635848999, 38.2744407654, 9.02334880829], [-13.1435747147, 5.85394716263, 27.5116119385, 22.5262985229, 18.7828178406, 19.0447311401, 5.53589773178, 10.5531263351, 13.2747945786, 36.4635848999, 57.2329673767, 30.3003940582, 18.9411182404], [86.8829498291, -22.0719413757, 91.4021606445, -21.5440559387, 40.4094390869, 34.1434326172, 24.1104812622, 46.9521713257, -0.188025072217, 38.2744407654, 30.3003940582, 73.2261657715, 41.4914855957], [85.2526779175, 4.02079391479, 71.5797195435, 25.1829586029, 34.214515686, 56.1596107483, 37.352191925, 52.3950576782, -1.05129218102, 9.02334880829, 18.9411182404, 41.4914855957, 77.3810348511]]
        icov: [[0.000350989867002, -0.000264789385255, 0.000283270783257, -7.69520265749e-005, 0.000132671790197, -5.21113906871e-005, 0.000155896472279, -0.00055072538089, 0.000544907117728, -0.000876174250152, 0.000749915780034, -0.000344564206898, -0.000222356015001], [-0.000264789385255, 0.00332119036466, 0.000297278427752, -0.0016671156045, -0.000212850020034, 0.000113691799925, -0.00311693013646, 0.00230973237194, -0.00119967071805, 0.000478266389109, 9.99028125079e-005, -0.000529057986569, 0.000526093062945], [0.000283270783257, 0.000297278427752, 0.00604531541467, -7.49069586163e-005, -0.00631512422115, 0.00223210104741, 0.00110978435259, -0.00643441081047, 0.00635015685111, -0.00338168698363, 0.000230070625548, 0.000501830363646, -0.000746649806388], [-7.69520265749e-005, -0.0016671156045, -7.49069586163e-005, 0.00481552397832, -0.00124054204207, -0.0020527348388, 0.00389798358083, -0.00113517441787, -0.00036083147279, 0.00267363875173, -0.00355116534047, 0.00311765517108, -0.0015202278737], [0.000132671790197, -0.000212850020034, -0.00631512422115, -0.00124054204207, 0.0159407779574, -0.00685038790107, -0.00196019886062, 0.00827981811017, -0.0037646475248, -0.0021882338915, 0.00320736668073, -0.00356089486741, 0.000701838871464], [-5.21113906871e-005, 0.000113691799925, 0.00223210104741, -0.0020527348388, -0.00685038790107, 0.0202323179692, -0.00743229873478, -0.00810039229691, 0.00817334465683, -0.00297782639973, -0.00325896916911, 0.00450083520263, -0.00508486665785], [0.000155896472279, -0.00311693013646, 0.00110978435259, 0.00389798358083, -0.00196019886062, -0.00743229873478, 0.024443378672, -0.0112114651129, -0.00240603182465, 0.00769555382431, -0.00298051256686, -0.000307617301587, -0.000287361908704], [-0.00055072538089, 0.00230973237194, -0.00643441081047, -0.00113517441787, 0.00827981811017, -0.00810039229691, -0.0112114651129, 0.026434103027, -0.0121013121679, -0.0022080806084, 0.00729627395049, -0.00571518624201, -0.00208914489485], [0.000544907117728, -0.00119967071805, 0.00635015685111, -0.00036083147279, -0.0037646475248, 0.00817334465683, -0.00240603182465, -0.0121013121679, 0.0303671937436, -0.0112279662862, -0.00446014292538, 0.00669232755899, -0.0019814861007], [-0.000876174250152, 0.000478266389109, -0.00338168698363, 0.00267363875173, -0.0021882338915, -0.00297782639973, 0.00769555382431, -0.0022080806084, -0.0112279662862, 0.0266015063971, -0.0122066037729, -0.004868096672, 0.00645126635209], [0.000749915780034, 9.99028125079e-005, 0.000230070625548, -0.00355116534047, 0.00320736668073, -0.00325896916911, -0.00298051256686, 0.00729627395049, -0.00446014292538, -0.0122066037729, 0.03415729478, -0.0122879520059, -0.00285245710984], [-0.000344564206898, -0.000529057986569, 0.000501830363646, 0.00311765517108, -0.00356089486741, 0.00450083520263, -0.000307617301587, -0.00571518624201, 0.00669232755899, -0.004868096672, -0.0122879520059, 0.0325876325369, -0.0125524709001], [-0.000222356015001, 0.000526093062945, -0.000746649806388, -0.0015202278737, 0.000701838871464, -0.00508486665785, -0.000287361908704, -0.00208914489485, -0.0019814861007, 0.00645126635209, -0.00285245710984, -0.0125524709001, 0.0259090587497]]
    sccoeffs:
        dmean: [0.0443930327892, 0.0390071943402, 0.0319230258465, 0.0255160648376, 0.0182926021516, 0.0154159124941]
        dmean2: [0.07366335392, 0.0648702532053, 0.0530678220093, 0.0429131537676, 0.0308587122709, 0.0247382521629]
        dvar: [0.00142550363671, 0.00102746672928, 0.00066280295141, 0.000418038544012, 0.00021276906773, 0.00023521912226]
        dvar2: [0.00393489468843, 0.00284861074761, 0.00181216211058, 0.00115879438818, 0.000576513062697, 0.000516725471243]
        max: [-0.268737882376, -0.473558843136, -0.508490860462, -0.540329158306, -0.568195104599, -0.501189947128]
        mean: [-0.647735416889, -0.751391112804, -0.779370725155, -0.790273964405, -0.790312170982, -0.679633200169]
        median: [-0.667661070824, -0.759578406811, -0.791953444481, -0.798362612724, -0.796527445316, -0.69766253233]
        min: [-0.945578098297, -0.955565750599, -0.960859835148, -0.976422965527, -0.958809792995, -0.96399307251]
        var: [0.00959301088005, 0.00478903483599, 0.0045913872309, 0.00258317124099, 0.00160110427532, 0.00511371530592]
    scvalleys:
        dmean: [0.34343457222, 0.293267995119, 0.259585231543, 0.214011222124, 0.168532177806, 0.196750789881]
        dmean2: [0.578907489777, 0.489254385233, 0.42941275239, 0.352407634258, 0.276576340199, 0.29713639617]
        dvar: [0.0869941711426, 0.0648292824626, 0.0505998581648, 0.0368232540786, 0.0330519154668, 0.115287460387]
        dvar2: [0.237010985613, 0.162416905165, 0.120769105852, 0.0837564393878, 0.0704608783126, 0.253521889448]
        max: [-5.34745788574, -4.76436090469, -4.70578336716, -5.35348558426, -5.23868513107, -7.67338705063]
        mean: [-7.12599658966, -6.69472646713, -7.15559864044, -7.20625782013, -6.72697210312, -10.6517572403]
        median: [-6.58238077164, -6.49784660339, -7.05460643768, -7.11415100098, -6.58302116394, -10.2836322784]
        min: [-27.5905857086, -27.0685653687, -27.229511261, -26.7703075409, -27.3761730194, -27.153295517]
        var: [2.44030404091, 1.23104429245, 1.26328682899, 0.924172878265, 0.757964789867, 1.7486345768]

rhythm:
    beats_loudness:
        dmean: 0.00150480226148
        dmean2: 0.00262166443281
        dvar: 2.44817715611e-006
        dvar2: 6.79535378367e-006
        max: 0.0183757245541
        mean: 0.00487203756347
        median: 0.00430276384577
        min: 5.65356261806e-010
        var: 5.99687018621e-006
    bpm: 153.739959717
    bpm_confidence: 0
    first_peak_bpm: 152
    first_peak_spread: 0.0552995167673
    first_peak_weight: 0.472895026207
    onset_rate: 1.44145107269
    second_peak_bpm: 157
    second_peak_spread: 0.0536277592182
    second_peak_weight: 0.346020758152
    beats_loudness_band_ratio:
        dmean: [0.147044017911, 0.0820467621088, 0.0588403232396, 0.0369228385389, 0.0871237069368, 0.0918021276593]
        dmean2: [0.259588241577, 0.140847504139, 0.100392490625, 0.0622579269111, 0.150735378265, 0.156642377377]
        dvar: [0.0191676113755, 0.00788367167115, 0.00368753098883, 0.0025013696868, 0.00529179815203, 0.00510340882465]
        dvar2: [0.0553267784417, 0.0231001265347, 0.00978001952171, 0.0064569497481, 0.0140174794942, 0.0147327315062]
        max: [0.847740530968, 0.622977077961, 0.700243234634, 0.634065628052, 0.641362011433, 0.774263203144]
        mean: [0.218884035945, 0.119804106653, 0.111637838185, 0.0787854120135, 0.240905582905, 0.256711214781]
        median: [0.175976842642, 0.0871966332197, 0.0897928476334, 0.0484799295664, 0.225744441152, 0.24195381999]
        min: [0.000325524160871, 0.00233592721634, 0.00530990213156, 0.0060592899099, 0.0337550193071, 0.0302618891001]
        var: [0.0321165323257, 0.0120634585619, 0.00785622745752, 0.00897167157382, 0.0112260980532, 0.012739431113]
