
metadata:
    version:
        essentia: "2.1-beta2"
    audio_properties:
        analysis_sample_rate: 44100
        bitrate: 320
        channels: 2
        equal_loudness: 1
        length: 269.426940918
        replay_gain: -15.1790847778
        downmix: "mix"
    tags:
        album: "The Plague Within"
        artist: "Paradise Lost"
        comment: ""
        date: "2015"
        genre: "Metal"
        title: "9 Cry Out"
        tracknumber: "9/10"

configuration:
    average_loudness:
        compute: 1
        frameSize: 88200
        hopSize: 44100
        silentFrames: "noise"
        windowType: "hann"
    general:
        analysisSampleRate: 44100
        endTime: 2000
        equalLoudness: 1
        nequalLoudness: 0
        shortSound: 0
        startTime: 0
    lowlevel:
        compute: 1
        frameSize: 2048
        hopSize: 1024
        zeroPadding: 0
        silentFrames: "noise"
        windowType: "blackmanharris62"
        mfccStats: ["mean", "cov", "icov"]
        stats: ["mean", "var", "median", "min", "max", "dmean", "dmean2", "dvar", "dvar2"]
    panning:
        compute: 0
        frameSize: 8192
        hopSize: 2048
        zeroPadding: 8192
        silentFrames: "noise"
        windowType: "hann"
        stats: ["copy"]
    rhythm:
        compute: 1
        maxTempo: 208
        minTempo: 40
        method: "degara"
        stats: ["mean", "var", "median", "min", "max", "dmean", "dmean2", "dvar", "dvar2"]
    segmentation:
        compute: 0
        cpw: 5
        inc1: 300
        inc2: 50
        minimumSegmentsLength: 10
        size1: 1000
        size2: 600
    sfx:
        compute: 1
        stats: ["mean", "var", "median", "min", "max", "dmean", "dmean2", "dvar", "dvar2"]
    svm:
        compute: 0
    tonal:
        compute: 1
        frameSize: 4096
        hopSize: 2048
        zeroPadding: 0
        silentFrames: "noise"
        windowType: "blackmanharris62"
        stats: ["mean", "var", "median", "min", "max", "dmean", "dmean2", "dvar", "dvar2"]

lowlevel:
    average_loudness: 0.908509612083
    barkbands_kurtosis:
        dmean: 0.426758557558
        dmean2: 0.724867403507
        dvar: 0.306506454945
        dvar2: 0.827784538269
        max: 12.1560945511
        mean: -0.937451601028
        median: -1.26287817955
        min: -1.86276853085
        var: 1.25301647186
    barkbands_skewness:
        dmean: 0.326359838247
        dmean2: 0.534005105495
        dvar: 0.0896029546857
        dvar2: 0.242304757237
        max: 3.09129309654
        mean: -0.174977451563
        median: -0.258279114962
        min: -2.66246271133
        var: 0.439918130636
    barkbands_spread:
        dmean: 4.6325378418
        dmean2: 7.59286117554
        dvar: 20.1348018646
        dvar2: 52.4633865356
        max: 63.5910873413
        mean: 34.5085449219
        median: 35.0406150818
        min: 3.62545514107
        var: 91.0110397339
    dissonance:
        dmean: 0.00980374589562
        dmean2: 0.0168799106032
        dvar: 9.4670605904e-005
        dvar2: 0.000274334161077
        max: 0.5
        mean: 0.483577847481
        median: 0.486500412226
        min: 0.310768455267
        var: 0.000174747998244
    hfc:
        dmean: 2.13248944283
        dmean2: 3.5512406826
        dvar: 8.86793518066
        dvar2: 24.1299629211
        max: 41.6468887329
        mean: 8.76241111755
        median: 8.08617305756
        min: 1.13590003433e-016
        var: 22.8958377838
    pitch:
        dmean: 759.825256348
        dmean2: 1467.55651855
        dvar: 1601369.375
        dvar2: 4076927.75
        max: 4205.96337891
        mean: 1675.74182129
        median: 607.459838867
        min: 73.4416885376
        var: 2541928.5
    pitch_instantaneous_confidence:
        dmean: 0.0728135034442
        dmean2: 0.121585555375
        dvar: 0.00353607023135
        dvar2: 0.00942253973335
        max: 0.902321696281
        mean: 0.381486743689
        median: 0.364080548286
        min: 0.127113759518
        var: 0.014627173543
    pitch_salience:
        dmean: 0.0515059679747
        dmean2: 0.0874639227986
        dvar: 0.00228027487174
        dvar2: 0.00641592172906
        max: 0.924826383591
        mean: 0.675358951092
        median: 0.695039689541
        min: 0.307629972696
        var: 0.00779513083398
    silence_rate_20dB:
        dmean: 0
        dmean2: 0
        dvar: 0
        dvar2: 0
        max: 1
        mean: 1
        median: 1
        min: 1
        var: 0
    silence_rate_30dB:
        dmean: 0
        dmean2: 0
        dvar: 0
        dvar2: 0
        max: 1
        mean: 1
        median: 1
        min: 1
        var: 0
    silence_rate_60dB:
        dmean: 0.0668734908104
        dmean2: 0.13375851512
        dvar: 0.0623956248164
        dvar2: 0.139849692583
        max: 1
        mean: 0.247221022844
        median: 0
        min: 0
        var: 0.186113014817
    spectral_centroid:
        dmean: 247.80796814
        dmean2: 408.150054932
        dvar: 64952.4101563
        dvar2: 173996.515625
        max: 11080.4902344
        mean: 1854.58081055
        median: 1880.8248291
        min: 400.626190186
        var: 206150.71875
    spectral_complexity:
        dmean: 3.89520859718
        dmean2: 6.38214254379
        dvar: 15.3470449448
        dvar2: 39.1515159607
        max: 47
        mean: 18.2307624817
        median: 18
        min: 0
        var: 75.5517578125
    spectral_crest:
        dmean: 1.47899830341
        dmean2: 2.50356912613
        dvar: 1.83391416073
        dvar2: 4.96314477921
        max: 23.1629123688
        mean: 6.50268602371
        median: 5.43125867844
        min: 2.49101114273
        var: 11.6512269974
    spectral_decrease:
        dmean: 2.27823815369e-010
        dmean2: 3.72665315274e-010
        dvar: 1.11826275592e-019
        dvar2: 2.90199619206e-019
        max: -6.91153664317e-029
        mean: -1.04011854685e-009
        median: -9.59873180939e-010
        min: -4.29326618701e-009
        var: 2.95652910791e-019
    spectral_energy:
        dmean: 0.00102065410465
        dmean2: 0.0016701844288
        dvar: 2.13941302718e-006
        dvar2: 5.5572495512e-006
        max: 0.0193963013589
        mean: 0.00472043314949
        median: 0.00435798568651
        min: 1.05638129352e-020
        var: 5.90679201196e-006
    spectral_energyband_high:
        dmean: 0.00016771958326
        dmean2: 0.000291808624752
        dvar: 8.25264692139e-008
        dvar2: 2.32979843418e-007
        max: 0.00444386154413
        mean: 0.000409176864196
        median: 0.000355238880729
        min: 8.15418491983e-021
        var: 8.89906530688e-008
    spectral_energyband_low:
        dmean: 0.00021605467191
        dmean2: 0.000365931278793
        dvar: 7.841485683e-008
        dvar2: 2.11651538962e-007
        max: 0.00302003859542
        mean: 0.000362061866326
        median: 0.000281546032056
        min: 4.80537933631e-023
        var: 1.0027635966e-007
    spectral_energyband_middle_high:
        dmean: 0.000597333768383
        dmean2: 0.000969572633039
        dvar: 5.44147439996e-007
        dvar2: 1.37307563364e-006
        max: 0.0148316249251
        mean: 0.00254648388363
        median: 0.002253518207
        min: 1.45770186175e-021
        var: 2.65142239186e-006
    spectral_energyband_middle_low:
        dmean: 0.000567279290408
        dmean2: 0.000942524697166
        dvar: 8.97611641903e-007
        dvar2: 2.40261283579e-006
        max: 0.0125249549747
        mean: 0.00154246180318
        median: 0.0012780406978
        min: 1.65581878762e-022
        var: 1.35464574669e-006
    spectral_flatness_db:
        dmean: 0.0111935352907
        dmean2: 0.0183031503111
        dvar: 8.76421545399e-005
        dvar2: 0.000227105250815
        max: 0.360692381859
        mean: 0.154548168182
        median: 0.144237115979
        min: 0.0680808499455
        var: 0.00177626556251
    spectral_flux:
        dmean: 0.00580684980378
        dmean2: 0.00894158519804
        dvar: 4.9896647397e-005
        dvar2: 9.71250701696e-005
        max: 0.111219897866
        mean: 0.0393537059426
        median: 0.037943135947
        min: 1.02780409184e-010
        var: 0.000221134512685
    spectral_kurtosis:
        dmean: 1.33426654339
        dmean2: 2.31847977638
        dvar: 2.30963158607
        dvar2: 7.21668434143
        max: 24.7282772064
        mean: 3.64991474152
        median: 3.31238293648
        min: -1.16858148575
        var: 4.63786268234
    spectral_rms:
        dmean: 0.0002151390363
        dmean2: 0.000347582594259
        dvar: 6.86362824354e-008
        dvar2: 1.73460435349e-007
        max: 0.0043500829488
        mean: 0.0020694390405
        median: 0.00206196354702
        min: 3.21032068117e-012
        var: 3.22714072354e-007
    spectral_rolloff:
        dmean: 256.009735107
        dmean2: 430.544128418
        dvar: 86174.0390625
        dvar2: 206133.8125
        max: 17872.5585938
        mean: 3440.27124023
        median: 3531.4453125
        min: 172.265625
        var: 372407.875
    spectral_skewness:
        dmean: 0.178136795759
        dmean2: 0.299808233976
        dvar: 0.0278972033411
        dvar2: 0.0790895968676
        max: 2.98301720619
        mean: 1.12357473373
        median: 1.10786890984
        min: 0.00329814990982
        var: 0.136939361691
    spectral_spread:
        dmean: 307730.90625
        dmean2: 461973.71875
        dvar: 219571175424
        dvar2: 344988844032
        max: 39922904
        mean: 3732054.25
        median: 3546463.25
        min: 1649543.125
        var: 1.30624179405e+012
    spectral_strongpeak:
        dmean: 0.437380105257
        dmean2: 0.773904621601
        dvar: 0.441335439682
        dvar2: 1.16864609718
        max: 6.98072147369
        mean: 0.601490914822
        median: 0.314016520977
        min: 4.61069049607e-009
        var: 0.584254145622
    zerocrossingrate:
        dmean: 0.00650490447879
        dmean2: 0.00835510995239
        dvar: 3.81290192308e-005
        dvar2: 5.27915399289e-005
        max: 0.50830078125
        mean: 0.102661289275
        median: 0.1044921875
        min: 0.0322265625
        var: 0.000404507387429
    barkbands:
        dmean: [1.43931799812e-007, 6.41105507384e-005, 0.000145004771184, 0.000171218824107, 0.000274594785878, 0.000110791239422, 0.000113286907435, 8.85106055648e-005, 0.000146664926433, 0.000110033484816, 5.03543378727e-005, 5.27809243067e-005, 5.0083403039e-005, 5.00975329487e-005, 0.000113576221338, 0.000119125499623, 0.000160919982591, 0.000147824393935, 0.000225773401326, 0.000169353806996, 7.91218553786e-005, 1.72184172698e-005, 3.64875199921e-006, 1.40286795158e-006, 5.4388215176e-007, 2.24309424368e-008, 2.96050878257e-010]
        dmean2: [2.12745931094e-007, 0.000107338877569, 0.000253877311479, 0.000285473710392, 0.000472166022519, 0.000189065744053, 0.000187260011444, 0.000149755360326, 0.000238692897256, 0.000181231545866, 8.37789484649e-005, 8.82181484485e-005, 8.2364625996e-005, 8.02542635938e-005, 0.000181509691174, 0.000195545930183, 0.000263987283688, 0.000249931355938, 0.00037990216515, 0.000291052769171, 0.000138108574902, 3.06791916955e-005, 5.88067587159e-006, 2.13554881157e-006, 8.35029140944e-007, 3.5526280584e-008, 5.17748899309e-010]
        dvar: [3.82043504363e-014, 1.09731459474e-008, 4.21652970317e-008, 8.50962109666e-008, 3.32578679263e-007, 3.12578372075e-008, 3.78629003706e-008, 3.13354604486e-008, 7.79538993356e-008, 5.12849780421e-008, 1.43209897274e-008, 1.4078353594e-008, 1.26004300327e-008, 2.9599240392e-008, 6.63132198042e-008, 5.87269290975e-008, 3.85286824667e-008, 2.91921278261e-008, 6.02493059887e-008, 6.73730582434e-008, 1.64957842941e-008, 1.51882562083e-009, 1.17039017367e-010, 2.01275471984e-011, 2.24895861482e-012, 3.49709093098e-015, 4.98681807203e-019]
        dvar2: [8.44791088212e-014, 2.73269495921e-008, 1.20116325775e-007, 2.18666244223e-007, 9.23485856674e-007, 8.7457983966e-008, 9.96132172304e-008, 8.36731359755e-008, 2.10845158222e-007, 1.38435140684e-007, 3.81167026831e-008, 3.7250764251e-008, 3.18807451549e-008, 7.03474540842e-008, 1.53520048229e-007, 1.50777623276e-007, 9.73927569703e-008, 7.95027332856e-008, 1.63371453255e-007, 1.88892158803e-007, 4.6793964259e-008, 4.19457579781e-009, 2.40965608578e-010, 3.69212820039e-011, 4.60157563095e-012, 8.40328850883e-015, 1.36601030287e-018]
        max: [3.13868144985e-006, 0.000939069141168, 0.00252370280214, 0.00379091012292, 0.00797875225544, 0.00306607130915, 0.0039950767532, 0.0031417759601, 0.00933462195098, 0.00684295874089, 0.00361788761802, 0.00279900478199, 0.00366459530778, 0.00696101365611, 0.0102769788355, 0.006930379197, 0.00384035659954, 0.00240549398586, 0.00463795801625, 0.00508664362133, 0.00183263840154, 0.000662504578941, 0.000265818933258, 0.000142752949614, 4.21390468546e-005, 1.16620594781e-006, 2.42953976937e-008]
        mean: [2.70889557896e-007, 7.95078958618e-005, 0.000190170903807, 0.000220978967263, 0.00045043224236, 0.000177336769411, 0.00019644178974, 0.000131617547595, 0.000287386181299, 0.000250314682489, 8.44956230139e-005, 9.42887418205e-005, 8.50895085023e-005, 7.72954372223e-005, 0.000228258242714, 0.000238650813117, 0.000385972874938, 0.000353527342668, 0.000600616156589, 0.000370468536858, 0.000178752277861, 2.81539141724e-005, 6.53145434626e-006, 2.80900599137e-006, 1.02529020296e-006, 3.83644014335e-008, 3.39114986092e-010]
        median: [1.40045131047e-007, 4.42975506303e-005, 0.000129025967908, 0.000118956988445, 0.000232032238273, 0.000113859736302, 9.81120756478e-005, 6.24136082479e-005, 0.000119720687508, 0.000113096844871, 3.8313355617e-005, 5.22149821336e-005, 4.33925160905e-005, 3.08622256853e-005, 0.000109066677396, 0.000135263166158, 0.000294355500955, 0.000300201849313, 0.0005274459254, 0.000319106504321, 0.000154947701958, 1.83565007319e-005, 2.31277931562e-006, 8.89440286755e-007, 3.54922264023e-007, 1.27964590035e-008, 1.66963734505e-010]
        min: [2.8275208479e-024, 1.11280955474e-023, 2.00804070107e-023, 2.10303201807e-023, 1.47496194903e-023, 7.19448403082e-023, 2.58183177558e-023, 1.14933610234e-023, 1.8244825503e-023, 2.87573941853e-023, 2.02618245086e-023, 9.99433755462e-023, 1.40753611419e-022, 1.43151357296e-022, 1.42665343248e-022, 1.22186615123e-022, 1.67345241632e-022, 2.56490310454e-022, 1.91856008238e-022, 2.83584893136e-022, 4.39363111491e-022, 7.9946036851e-022, 6.6664421241e-022, 1.15843676147e-021, 1.37879890854e-021, 1.54383497128e-021, 2.11994152925e-021]
        var: [1.09499465972e-013, 1.21671863695e-008, 4.4308613667e-008, 9.99877229901e-008, 4.29981412253e-007, 4.24472474947e-008, 7.31623615025e-008, 4.88492943873e-008, 1.84648584423e-007, 1.42841173556e-007, 3.16121777644e-008, 2.98837505852e-008, 1.94438207757e-008, 4.13569338775e-008, 1.79391662414e-007, 1.40931348369e-007, 1.07563153051e-007, 5.9587961232e-008, 1.36039631116e-007, 7.34980361017e-008, 1.71287322104e-008, 1.53434565053e-009, 3.11450670809e-010, 7.27705048997e-011, 6.33916096698e-012, 5.63800291582e-015, 4.53040255749e-019]
    frequency_bands:
        dmean: [1.43931799812e-007, 6.41105507384e-005, 0.000145004771184, 0.000171218824107, 0.000274594785878, 0.000110791239422, 0.000113286907435, 8.85106055648e-005, 0.000146664926433, 0.000110033484816, 5.03543378727e-005, 5.27809243067e-005, 5.0083403039e-005, 5.00975329487e-005, 0.000113576221338, 0.000119125499623, 0.000160919982591, 0.000147824393935, 0.000225773401326, 0.000169353806996, 7.91218553786e-005, 1.72184172698e-005, 3.64875199921e-006, 1.40286795158e-006, 5.4388215176e-007, 2.24309424368e-008, 2.96050878257e-010, 5.31371335821e-011]
        dmean2: [2.12745931094e-007, 0.000107338877569, 0.000253877311479, 0.000285473710392, 0.000472166022519, 0.000189065744053, 0.000187260011444, 0.000149755360326, 0.000238692897256, 0.000181231545866, 8.37789484649e-005, 8.82181484485e-005, 8.2364625996e-005, 8.02542635938e-005, 0.000181509691174, 0.000195545930183, 0.000263987283688, 0.000249931355938, 0.00037990216515, 0.000291052769171, 0.000138108574902, 3.06791916955e-005, 5.88067587159e-006, 2.13554881157e-006, 8.35029140944e-007, 3.5526280584e-008, 5.17748899309e-010, 9.78358505321e-011]
        dvar: [3.82043504363e-014, 1.09731459474e-008, 4.21652970317e-008, 8.50962109666e-008, 3.32578679263e-007, 3.12578372075e-008, 3.78629003706e-008, 3.13354604486e-008, 7.79538993356e-008, 5.12849780421e-008, 1.43209897274e-008, 1.4078353594e-008, 1.26004300327e-008, 2.9599240392e-008, 6.63132198042e-008, 5.87269290975e-008, 3.85286824667e-008, 2.91921278261e-008, 6.02493059887e-008, 6.73730582434e-008, 1.64957842941e-008, 1.51882562083e-009, 1.17039017367e-010, 2.01275471984e-011, 2.24895861482e-012, 3.49709093098e-015, 4.98681807203e-019, 5.55140901975e-021]
        dvar2: [8.44791088212e-014, 2.73269495921e-008, 1.20116325775e-007, 2.18666244223e-007, 9.23485856674e-007, 8.7457983966e-008, 9.96132172304e-008, 8.36731359755e-008, 2.10845158222e-007, 1.38435140684e-007, 3.81167026831e-008, 3.7250764251e-008, 3.18807451549e-008, 7.03474540842e-008, 1.53520048229e-007, 1.50777623276e-007, 9.73927569703e-008, 7.95027332856e-008, 1.63371453255e-007, 1.88892158803e-007, 4.6793964259e-008, 4.19457579781e-009, 2.40965608578e-010, 3.69212820039e-011, 4.60157563095e-012, 8.40328850883e-015, 1.36601030287e-018, 1.74459968291e-020]
        max: [3.13868144985e-006, 0.000939069141168, 0.00252370280214, 0.00379091012292, 0.00797875225544, 0.00306607130915, 0.0039950767532, 0.0031417759601, 0.00933462195098, 0.00684295874089, 0.00361788761802, 0.00279900478199, 0.00366459530778, 0.00696101365611, 0.0102769788355, 0.006930379197, 0.00384035659954, 0.00240549398586, 0.00463795801625, 0.00508664362133, 0.00183263840154, 0.000662504578941, 0.000265818933258, 0.000142752949614, 4.21390468546e-005, 1.16620594781e-006, 2.42953976937e-008, 9.31278998362e-010]
        mean: [2.70889557896e-007, 7.95078958618e-005, 0.000190170903807, 0.000220978967263, 0.00045043224236, 0.000177336769411, 0.00019644178974, 0.000131617547595, 0.000287386181299, 0.000250314682489, 8.44956230139e-005, 9.42887418205e-005, 8.50895085023e-005, 7.72954372223e-005, 0.000228258242714, 0.000238650813117, 0.000385972874938, 0.000353527342668, 0.000600616156589, 0.000370468536858, 0.000178752277861, 2.81539141724e-005, 6.53145434626e-006, 2.80900599137e-006, 1.02529020296e-006, 3.83644014335e-008, 3.39114986092e-010, 4.21963748665e-011]
        median: [1.40045131047e-007, 4.42975506303e-005, 0.000129025967908, 0.000118956988445, 0.000232032238273, 0.000113859736302, 9.81120756478e-005, 6.24136082479e-005, 0.000119720687508, 0.000113096844871, 3.8313355617e-005, 5.22149821336e-005, 4.33925160905e-005, 3.08622256853e-005, 0.000109066677396, 0.000135263166158, 0.000294355500955, 0.000300201849313, 0.0005274459254, 0.000319106504321, 0.000154947701958, 1.83565007319e-005, 2.31277931562e-006, 8.89440286755e-007, 3.54922264023e-007, 1.27964590035e-008, 1.66963734505e-010, 1.68300425679e-011]
        min: [2.8275208479e-024, 1.11280955474e-023, 2.00804070107e-023, 2.10303201807e-023, 1.47496194903e-023, 7.19448403082e-023, 2.58183177558e-023, 1.14933610234e-023, 1.8244825503e-023, 2.87573941853e-023, 2.02618245086e-023, 9.99433755462e-023, 1.40753611419e-022, 1.43151357296e-022, 1.42665343248e-022, 1.22186615123e-022, 1.67345241632e-022, 2.56490310454e-022, 1.91856008238e-022, 2.83584893136e-022, 4.39363111491e-022, 7.9946036851e-022, 6.6664421241e-022, 1.15843676147e-021, 1.37879890854e-021, 1.54383497128e-021, 2.11994152925e-021, 6.63016865885e-022]
        var: [1.09499465972e-013, 1.21671863695e-008, 4.4308613667e-008, 9.99877229901e-008, 4.29981412253e-007, 4.24472474947e-008, 7.31623615025e-008, 4.88492943873e-008, 1.84648584423e-007, 1.42841173556e-007, 3.16121777644e-008, 2.98837505852e-008, 1.94438207757e-008, 4.13569338775e-008, 1.79391662414e-007, 1.40931348369e-007, 1.07563153051e-007, 5.9587961232e-008, 1.36039631116e-007, 7.34980361017e-008, 1.71287322104e-008, 1.53434565053e-009, 3.11450670809e-010, 7.27705048997e-011, 6.33916096698e-012, 5.63800291582e-015, 4.53040255749e-019, 4.58944926224e-021]
    mfcc:
        mean: [-705.715881348, 113.510650635, -64.0298843384, 64.9688339233, -19.4342823029, -10.8891525269, 1.99556481838, -2.99949002266, 4.59150123596, -4.37764453888, -7.58996582031, -6.37759447098, -6.43988323212]
        cov: [[3788.03588867, 162.193969727, -112.138023376, 262.006317139, 10.8486146927, 212.122909546, -49.9212188721, -25.5224380493, -30.7210826874, 152.919494629, 143.2109375, 168.403991699, 67.5250930786], [162.193969727, 531.895690918, -281.974304199, 201.749252319, -68.9256515503, -23.6352100372, 46.5441513062, -47.4272460938, 54.0658378601, -77.1045684814, -12.8340711594, -37.7168960571, -24.7921333313], [-112.138023376, -281.974304199, 372.428344727, -76.7825546265, 81.6098480225, 25.4281311035, -30.3046360016, 16.9421653748, -74.4729614258, 35.6540527344, 11.6049985886, 35.7894859314, 22.6536540985], [262.006317139, 201.749252319, -76.7825546265, 338.710418701, -0.0954149365425, 75.0475616455, 20.6715450287, -24.0477828979, 24.3559150696, -29.3994293213, 24.8519096375, -2.4613032341, 14.213924408], [10.8486146927, -68.9256515503, 81.6098480225, -0.0954149365425, 120.281936646, 33.6000442505, -19.8125591278, -20.6313495636, -7.16111850739, 26.524766922, 3.39392662048, 6.88528823853, 8.77238464355], [212.122909546, -23.6352100372, 25.4281311035, 75.0475616455, 33.6000442505, 118.973747253, 15.7326984406, 1.0162447691, -11.0704250336, 29.2492275238, 52.0261764526, 34.2730369568, 25.4947166443], [-49.9212188721, 46.5441513062, -30.3046360016, 20.6715450287, -19.8125591278, 15.7326984406, 83.2985610962, 37.0023841858, 23.4587745667, -16.4502696991, 1.9371830225, -1.94271957874, -2.45719528198], [-25.5224380493, -47.4272460938, 16.9421653748, -24.0477828979, -20.6313495636, 1.0162447691, 37.0023841858, 83.9522705078, 28.3690910339, 15.5487699509, -4.12297296524, 11.1460056305, 3.36646986008], [-30.7210826874, 54.0658378601, -74.4729614258, 24.3559150696, -7.16111850739, -11.0704250336, 23.4587745667, 28.3690910339, 79.5434188843, 15.5243167877, 1.25278115273, -10.8214216232, -3.08812570572], [152.919494629, -77.1045684814, 35.6540527344, -29.3994293213, 26.524766922, 29.2492275238, -16.4502696991, 15.5487699509, 15.5243167877, 91.2405853271, 44.8564033508, 30.8957710266, 12.743850708], [143.2109375, -12.8340711594, 11.6049985886, 24.8519096375, 3.39392662048, 52.0261764526, 1.9371830225, -4.12297296524, 1.25278115273, 44.8564033508, 89.462852478, 50.1929130554, 29.313867569], [168.403991699, -37.7168960571, 35.7894859314, -2.4613032341, 6.88528823853, 34.2730369568, -1.94271957874, 11.1460056305, -10.8214216232, 30.8957710266, 50.1929130554, 75.2456283569, 38.0124473572], [67.5250930786, -24.7921333313, 22.6536540985, 14.213924408, 8.77238464355, 25.4947166443, -2.45719528198, 3.36646986008, -3.08812570572, 12.743850708, 29.313867569, 38.0124473572, 51.499420166]]
        icov: [[0.000368680834072, -0.00015079928562, 0.000182759220479, -0.000218724409933, 0.000129872350954, -0.000429857522249, 0.000256057654042, -2.00752783712e-005, 0.000406827020925, -0.000773851003032, 0.000440855626948, -0.00081896194024, 0.000197618472157], [-0.00015079928562, 0.00492896372452, 0.00242627970874, -0.00221683993004, 0.000245201808866, 0.00208500656299, -0.00237129069865, 0.00271638645791, -0.000813224411104, 0.00165470666252, -0.000489276309963, -0.000976591720246, 0.00129158131313], [0.000182759220479, 0.00242627970874, 0.00638728635386, -0.00111705868039, -0.00342620094307, 0.00184467283543, -0.000394199829316, -0.00266587827355, 0.00580941373482, -0.000658501812723, -0.000838844454847, -0.000575512473006, -0.00033349491423], [-0.000218724409933, -0.00221683993004, -0.00111705868039, 0.00568623887375, 0.000308094517095, -0.00454207742587, 0.00146557262633, 0.000264186644927, -0.00284389778972, 0.00276262569241, -0.000654795498122, 0.00171338836662, -0.00135584722739], [0.000129872350954, 0.000245201808866, -0.00342620094307, 0.000308094517095, 0.0140011301264, -0.00537756551057, 0.000309069058858, 0.00723724532872, -0.00517721427605, -0.00359510676935, 0.00594019005075, -0.00133901520167, -0.000624962849542], [-0.000429857522249, 0.00208500656299, 0.00184467283543, -0.00454207742587, -0.00537756551057, 0.0190960913897, -0.00599137041718, -0.00177483726293, 0.00677168602124, -0.00252514635213, -0.00753431022167, 0.000982760218903, -0.0021036695689], [0.000256057654042, -0.00237129069865, -0.000394199829316, 0.00146557262633, 0.000309069058858, -0.00599137041718, 0.0215962268412, -0.0106744179502, -0.00365548185073, 0.00746447918937, -0.00355385011062, 0.00100994878449, 0.00214427267201], [-2.00752783712e-005, 0.00271638645791, -0.00266587827355, 0.000264186644927, 0.00723724532872, -0.00177483726293, -0.0106744179502, 0.0264685470611, -0.0104958657175, -0.00497292727232, 0.00957046542317, -0.00747789395973, 0.000513231498189], [0.000406827020925, -0.000813224411104, 0.00580941373482, -0.00284389778972, -0.00517721427605, 0.00677168602124, -0.00365548185073, -0.0104958657175, 0.0273410305381, -0.00878027733415, -0.00310300407, 0.00608423026279, -0.00356657174416], [-0.000773851003032, 0.00165470666252, -0.000658501812723, 0.00276262569241, -0.00359510676935, -0.00252514635213, 0.00746447918937, -0.00497292727232, -0.00878027733415, 0.0257956087589, -0.0117524974048, -0.00078351754928, 0.00424025766551], [0.000440855626948, -0.000489276309963, -0.000838844454847, -0.000654795498122, 0.00594019005075, -0.00753431022167, -0.00355385011062, 0.00957046542317, -0.00310300407, -0.0117524974048, 0.0298195276409, -0.0137550849468, -0.00243956688792], [-0.00081896194024, -0.000976591720246, -0.000575512473006, 0.00171338836662, -0.00133901520167, 0.000982760218903, 0.00100994878449, -0.00747789395973, 0.00608423026279, -0.00078351754928, -0.0137550849468, 0.0343976393342, -0.0163386445493], [0.000197618472157, 0.00129158131313, -0.00033349491423, -0.00135584722739, -0.000624962849542, -0.0021036695689, 0.00214427267201, 0.000513231498189, -0.00356657174416, 0.00424025766551, -0.00243956688792, -0.0163386445493, 0.0337031632662]]
    sccoeffs:
        dmean: [0.0551464036107, 0.045032184571, 0.0344245359302, 0.0278577338904, 0.0175164937973, 0.0169843491167]
        dmean2: [0.0921052247286, 0.0764491483569, 0.0578137859702, 0.0465663410723, 0.029855703935, 0.02742177248]
        dvar: [0.00198229472153, 0.00123560428619, 0.000728593207896, 0.000498671433888, 0.000184603311936, 0.000247801624937]
        dvar2: [0.00543552450836, 0.00351388449781, 0.00204823701642, 0.00134748232085, 0.000532440026291, 0.000584292400163]
        max: [-0.304572731256, -0.531532287598, -0.452813565731, -0.584547400475, -0.673400580883, -0.554433643818]
        mean: [-0.657964169979, -0.768315672874, -0.782139897346, -0.792602002621, -0.802061259747, -0.706142187119]
        median: [-0.661798119545, -0.770692050457, -0.792601823807, -0.796100258827, -0.803684830666, -0.713503479958]
        min: [-0.934619367123, -0.983439981937, -0.965233325958, -0.971294999123, -0.957432925701, -0.95807826519]
        var: [0.0050047156401, 0.00288560427725, 0.00422431761399, 0.00181835133117, 0.000731590145733, 0.00297405314632]
    scvalleys:
        dmean: [0.364123612642, 0.332301318645, 0.27453827858, 0.23242084682, 0.172468319535, 0.232068568468]
        dmean2: [0.620801210403, 0.562562763691, 0.455098748207, 0.37945741415, 0.281840890646, 0.362498551607]
        dvar: [0.0878559499979, 0.0791082084179, 0.0561652295291, 0.0448666624725, 0.0322333909571, 0.109654970467]
        dvar2: [0.240787670016, 0.207071021199, 0.136345893145, 0.100954189897, 0.0692363679409, 0.246148452163]
        max: [-5.50608539581, -4.78004217148, -4.81356096268, -5.33620357513, -5.54358625412, -7.68998241425]
        mean: [-6.90289020538, -6.48842048645, -6.78311681747, -7.11350154877, -6.63552284241, -10.2945098877]
        median: [-6.67898416519, -6.37891483307, -6.68868494034, -7.05161094666, -6.49904823303, -9.94723415375]
        min: [-27.8810005188, -27.4861869812, -27.275894165, -27.0633563995, -27.39336586, -27.308889389]
        var: [1.38321578503, 0.909563660622, 0.784331381321, 0.791052162647, 0.757141888142, 1.82425689697]

rhythm:
    beats_loudness:
        dmean: 0.00179181655403
        dmean2: 0.00310835218988
        dvar: 2.33721812037e-006
        dvar2: 6.42223176328e-006
        max: 0.0144715765491
        mean: 0.00530568324029
        median: 0.00498019438237
        min: 1.58268720352e-009
        var: 5.47056788491e-006
    bpm: 129.954025269
    bpm_confidence: 0
    first_peak_bpm: 129
    first_peak_spread: 0.29345792532
    first_peak_weight: 0.652849733829
    onset_rate: 2.23437213898
    second_peak_bpm: 115
    second_peak_spread: 0.0384615324438
    second_peak_weight: 0.0431778915226
    beats_loudness_band_ratio:
        dmean: [0.129834935069, 0.079937338829, 0.0761985853314, 0.0520610585809, 0.0927069038153, 0.0783772170544]
        dmean2: [0.228836193681, 0.143424555659, 0.130966365337, 0.0865081399679, 0.157972380519, 0.135163739324]
        dvar: [0.0131777767092, 0.00439118267968, 0.00538343703374, 0.00508818542585, 0.00758291827515, 0.00464035291225]
        dvar2: [0.0375603996217, 0.0130078271031, 0.0147319827229, 0.0130115263164, 0.0210221111774, 0.0131839849055]
        max: [0.587607979774, 0.747628092766, 0.831021308899, 0.608861684799, 0.69084918499, 0.58468580246]
        mean: [0.218779176474, 0.118335671723, 0.145179405808, 0.104368045926, 0.235286712646, 0.22691090405]
        median: [0.197056815028, 0.0928292423487, 0.110303387046, 0.069885969162, 0.217151761055, 0.223983287811]
        min: [0.00141052831896, 0.00576524809003, 0.0161826331168, 0.0165416654199, 0.0192739404738, 0.0155425565317]
        var: [0.0222630929202, 0.0129335131496, 0.0136774294078, 0.0100909946486, 0.011902933009, 0.00906496029347]
    beats_position: [0.46439909935, 0.940408170223, 1.4164172411, 1.88081634045, 2.34521532059, 2.79800438881, 3.25079369545, 3.70358276367, 4.15637159348, 4.62077093124, 5.08516979218, 5.54956912994, 6.01396799088, 6.47836732864, 6.94276618958, 7.40716552734, 7.87156438828, 8.33596324921, 8.80036258698, 9.26476192474, 9.72916126251, 10.1935596466, 10.6579589844, 11.110748291, 11.5635375977, 12.0279359818, 12.4923353195, 12.9567346573, 13.4211339951, 13.873922348, 14.3383216858, 14.7911109924, 15.2555103302, 15.7199087143, 16.1843090057, 16.6487064362, 17.1131057739, 17.5775051117, 18.0419044495, 18.4946937561, 18.9590930939, 19.4118824005, 19.8762817383, 20.3406791687, 20.8050785065, 21.2694778442, 21.733877182, 22.1866664886, 22.6394557953, 23.1038551331, 23.5682544708, 24.0326519012, 24.497051239, 24.9614505768, 25.4258499146, 25.8786392212, 26.3314285278, 26.7842178345, 27.2602272034, 27.7246246338, 28.1890239716, 28.6534233093, 29.106212616, 29.5590019226, 30.0234012604, 30.4878005981, 30.9521980286, 31.4165973663, 31.8809967041, 32.3337860107, 32.7865753174, 33.2509727478, 33.7153739929, 34.1797714233, 34.6441726685, 35.1085700989, 35.572971344, 36.0373687744, 36.5249862671, 36.9777755737, 37.4305648804, 37.8717460632, 38.3361434937, 38.8005447388, 39.2649421692, 39.7293434143, 40.1937408447, 40.6581382751, 41.1109275818, 41.5637168884, 42.0281181335, 42.492515564, 42.9569168091, 43.4213142395, 43.8857116699, 44.350112915, 44.8145103455, 45.2789115906, 45.743309021, 46.2077102661, 46.6604995728, 47.1132888794, 47.5776863098, 48.0304756165, 48.4832649231, 48.9476623535, 49.4120635986, 49.8764610291, 50.3408622742, 50.8052597046, 51.269657135, 51.7224464417, 52.1868476868, 52.6512451172, 53.1040344238, 53.5684356689, 54.0328330994, 54.4972343445, 54.9616317749, 55.4260292053, 55.8904304504, 56.3432197571, 56.8076171875, 57.2604064941, 57.7248077393, 58.1892051697, 58.6419944763, 59.094783783, 59.5591812134, 60.0235824585, 60.4879798889, 60.952381134, 61.4167785645, 61.8811798096, 62.34557724, 62.8099746704, 63.2627639771, 63.7155532837, 64.1799545288, 64.6327438354, 65.1087493896, 65.5731506348, 66.0375518799, 66.5019454956, 66.9663467407, 67.4191360474, 67.8835372925, 68.3363265991, 68.8007278442, 69.26512146, 69.7295227051, 70.1823120117, 70.6351013184, 71.0995025635, 71.5638961792, 72.0282974243, 72.4926986694, 72.9570999146, 73.4214935303, 73.8858947754, 74.3502960205, 74.8146896362, 75.2790908813, 75.7434921265, 76.1962814331, 76.6490707397, 77.1134643555, 77.5778656006, 78.0306549072, 78.4834442139, 78.947845459, 79.4122467041, 79.8766403198, 80.3294296265, 80.7822189331, 81.2466201782, 81.7110214233, 82.1754150391, 82.6398162842, 83.1042175293, 83.5686187744, 84.0330123901, 84.4974136353, 84.9618148804, 85.4262084961, 85.8906097412, 86.3550109863, 86.8194122314, 87.2838058472, 87.7365951538, 88.2009963989, 88.6537857056, 89.1181869507, 89.5709762573, 90.023765564, 90.4881591797, 90.9525604248, 91.4169616699, 91.8813552856, 92.3457565308, 92.8101577759, 93.274559021, 93.7389526367, 94.2033538818, 94.6561431885, 95.1089324951, 95.5733337402, 96.037727356, 96.4905166626, 96.9433059692, 97.4077072144, 97.8721084595, 98.3481140137, 98.8125152588, 99.2653045654, 99.7297058105, 100.194099426, 100.658500671, 101.111289978, 101.564079285, 102.02848053, 102.504486084, 102.957275391, 103.421676636, 103.886077881, 104.350471497, 104.803260803, 105.25605011, 105.720451355, 106.1848526, 106.649246216, 107.113647461, 107.578048706, 108.042449951, 108.495239258, 108.948028564, 109.41242218, 109.876823425, 110.34122467, 110.805618286, 111.270019531, 111.722808838, 112.187210083, 112.651611328, 113.104400635, 113.56879425, 114.033195496, 114.497596741, 114.961990356, 115.426391602, 115.890792847, 116.355194092, 116.819587708, 117.272377014, 117.725166321, 118.189567566, 118.653968811, 119.118362427, 119.582763672, 120.047164917, 120.511566162, 120.964347839, 121.417137146, 121.881538391, 122.345939636, 122.810340881, 123.274734497, 123.727523804, 124.18031311, 124.644714355, 125.109115601, 125.573509216, 126.037910461, 126.502311707, 126.966712952, 127.431106567, 127.895507813, 128.359909058, 128.812698364, 129.265487671, 129.729888916, 130.194290161, 130.658676147, 131.123077393, 131.587478638, 132.051879883, 132.504669189, 132.957458496, 133.421859741, 133.886260986, 134.350662231, 134.803451538, 135.256240845, 135.720626831, 136.185028076, 136.637817383, 137.090606689, 137.555007935, 138.01940918, 138.483810425, 138.94821167, 139.412597656, 139.876998901, 140.341400146, 140.805801392, 141.270202637, 141.734603882, 142.187393188, 142.651794434, 143.11618042, 143.568969727, 144.033370972, 144.497772217, 144.962173462, 145.426574707, 145.890975952, 146.343765259, 146.808166504, 147.260955811, 147.725341797, 148.189743042, 148.654144287, 149.106933594, 149.5597229, 150.035736084, 150.488525391, 150.952926636, 151.417327881, 151.881713867, 152.346115112, 152.798904419, 153.251693726, 153.716094971, 154.180496216, 154.633285522, 155.086074829, 155.538864136, 155.991653442, 156.467666626, 156.943664551, 157.419677734, 157.884078979, 158.348480225, 158.801269531, 159.265670776, 159.730072021, 160.194458008, 160.658859253, 161.123260498, 161.576049805, 162.028839111, 162.493240356, 162.957641602, 163.422042847, 163.886444092, 164.350830078, 164.815231323, 165.279632568, 165.732421875, 166.185211182, 166.649612427, 167.114013672, 167.566802979, 168.019592285, 168.48399353, 168.948379517, 169.412780762, 169.877182007, 170.341583252, 170.794372559, 171.247161865, 171.71156311, 172.175964355, 172.628753662, 173.093154907, 173.557540894, 174.033554077, 174.497955322, 174.962356567, 175.415145874, 175.867935181, 176.332336426, 176.796737671, 177.261123657, 177.725524902, 178.178314209, 178.642715454, 179.095504761, 179.571517944, 180.035919189, 180.488708496, 180.953109741, 181.417495728, 181.881896973, 182.346298218, 182.810699463, 183.275100708, 183.739501953, 184.203903198, 184.656692505, 185.109481812, 185.562271118, 186.038269043, 186.502670288, 186.967071533, 187.41986084, 187.884262085, 188.337051392, 188.801452637, 189.265853882, 189.730239868, 190.194641113, 190.659042358, 191.123443604, 191.587844849, 192.052246094, 192.5050354, 192.957824707, 193.422225952, 193.886611938, 194.339401245, 194.792190552, 195.256591797, 195.720993042, 196.185394287, 196.649795532, 197.114196777, 197.578598022, 198.042984009, 198.507385254, 198.971786499, 199.424575806, 199.888977051, 200.341766357, 200.806167603, 201.258956909, 201.734954834, 202.199356079, 202.652145386, 203.104934692, 203.569335938, 204.033737183, 204.498138428, 204.962539673, 205.415328979, 205.868118286, 206.332519531, 206.796905518, 207.261306763, 207.725708008, 208.190109253, 208.654510498, 209.118911743, 209.583312988, 210.036102295, 210.488891602, 210.953277588, 211.417678833, 211.882080078, 212.346481323, 212.79927063, 213.263671875, 213.716461182, 214.180862427, 214.645263672, 215.109649658, 215.574050903, 216.038452148, 216.502853394, 216.967254639, 217.431655884, 217.896057129, 218.360443115, 218.813232422, 219.266021729, 219.730422974, 220.194824219, 220.647613525, 221.100402832, 221.564804077, 222.029205322, 222.493606567, 222.958007813, 223.410797119, 223.863571167, 224.327972412, 224.792373657, 225.256774902, 225.721176147, 226.185577393, 226.649978638, 227.114364624, 227.578765869, 228.031555176, 228.495956421, 228.960357666, 229.424758911, 229.877548218, 230.341949463, 230.806350708, 231.270736694, 231.735137939, 232.187927246, 232.640716553, 233.105117798, 233.569519043, 234.033920288, 234.498321533, 234.95111084, 235.403900146, 235.868301392, 236.332687378, 236.797088623, 237.261489868, 237.737503052, 238.225112915, 238.712738037, 239.188751221, 239.687973022, 240.187210083, 240.686431885, 241.15083313, 241.615234375, 242.07963562, 242.544036865, 243.00843811, 243.472824097, 243.937225342, 244.401626587, 244.866027832, 245.330429077, 245.794830322, 246.270828247, 246.793289185, 247.315734863, 247.838180542, 248.372238159, 248.894683838, 249.417144775, 249.939590454, 250.462036133, 250.984481812, 251.50692749, 252.029388428, 252.551834106, 253.074279785, 253.596725464, 254.119186401, 254.64163208, 255.164077759, 255.686523438, 256.208984375, 256.731414795, 257.195831299, 257.660217285, 258.136230469, 258.658691406, 259.181121826, 259.703582764, 260.226013184, 260.748474121, 261.270935059, 261.735321045, 262.199737549, 262.664123535, 263.128509521, 263.592926025, 264.057312012, 264.510101318, 264.893249512, 265.287963867, 265.68270874, 266.077453613, 266.460571289, 266.855316162, 267.238464355, 267.633178711, 268.027923584, 268.422668457, 268.81741333]
