
metadata:
    version:
        essentia: "2.1-beta2"
    audio_properties:
        analysis_sample_rate: 44100
        bitrate: 320
        channels: 2
        equal_loudness: 1
        length: 276.271026611
        replay_gain: -14.7483615875
        downmix: "mix"
    tags:
        album: "Ire"
        artist: "Parkway Drive"
        comment: ""
        date: "2015"
        genre: "Alternative"
        title: "Crushed"
        tracknumber: "04/11"

configuration:
    average_loudness:
        compute: 1
        frameSize: 88200
        hopSize: 44100
        silentFrames: "noise"
        windowType: "hann"
    general:
        analysisSampleRate: 44100
        endTime: 2000
        equalLoudness: 1
        nequalLoudness: 0
        shortSound: 0
        startTime: 0
    lowlevel:
        compute: 1
        frameSize: 2048
        hopSize: 1024
        zeroPadding: 0
        silentFrames: "noise"
        windowType: "blackmanharris62"
        mfccStats: ["mean", "cov", "icov"]
        stats: ["mean", "var", "median", "min", "max", "dmean", "dmean2", "dvar", "dvar2"]
    panning:
        compute: 0
        frameSize: 8192
        hopSize: 2048
        zeroPadding: 8192
        silentFrames: "noise"
        windowType: "hann"
        stats: ["copy"]
    rhythm:
        compute: 1
        maxTempo: 208
        minTempo: 40
        method: "degara"
        stats: ["mean", "var", "median", "min", "max", "dmean", "dmean2", "dvar", "dvar2"]
    segmentation:
        compute: 0
        cpw: 5
        inc1: 300
        inc2: 50
        minimumSegmentsLength: 10
        size1: 1000
        size2: 600
    sfx:
        compute: 1
        stats: ["mean", "var", "median", "min", "max", "dmean", "dmean2", "dvar", "dvar2"]
    svm:
        compute: 0
    tonal:
        compute: 1
        frameSize: 4096
        hopSize: 2048
        zeroPadding: 0
        silentFrames: "noise"
        windowType: "blackmanharris62"
        stats: ["mean", "var", "median", "min", "max", "dmean", "dmean2", "dvar", "dvar2"]

lowlevel:
    average_loudness: 0.816773056984
    barkbands_kurtosis:
        dmean: 1.91524660587
        dmean2: 3.01283025742
        dvar: 62.8603858948
        dvar2: 141.189285278
        max: 388.025299072
        mean: 1.77490866184
        median: -0.871606647968
        min: -1.84131574631
        var: 160.983261108
    barkbands_skewness:
        dmean: 0.4751060009
        dmean2: 0.729528605938
        dvar: 0.310480058193
        dvar2: 0.711501419544
        max: 16.8704681396
        mean: 0.448653370142
        median: 0.154674470425
        min: -4.25096607208
        var: 1.94317209721
    barkbands_spread:
        dmean: 5.19624519348
        dmean2: 8.27178096771
        dvar: 27.1889362335
        dvar2: 67.0898971558
        max: 67.3370742798
        mean: 28.1626033783
        median: 28.6666984558
        min: 0.309330046177
        var: 137.515838623
    dissonance:
        dmean: 0.0155854849145
        dmean2: 0.0267308726907
        dvar: 0.000366456690244
        dvar2: 0.00100644421764
        max: 0.500000059605
        mean: 0.469807744026
        median: 0.484452903271
        min: 0.133363947272
        var: 0.002261582762
    hfc:
        dmean: 2.1432454586
        dmean2: 3.39694356918
        dvar: 12.005106926
        dvar2: 29.3079738617
        max: 52.4177360535
        mean: 6.95998430252
        median: 6.63840770721
        min: 1.18198511175e-016
        var: 27.1514892578
    pitch:
        dmean: 664.247009277
        dmean2: 1253.56115723
        dvar: 1280623.25
        dvar2: 3217091.5
        max: 5766.97851563
        mean: 929.724365234
        median: 330.575622559
        min: 48.9412918091
        var: 1564923.75
    pitch_instantaneous_confidence:
        dmean: 0.0748286321759
        dmean2: 0.124236382544
        dvar: 0.00445921299979
        dvar2: 0.011699588038
        max: 0.951524317265
        mean: 0.349879443645
        median: 0.294900357723
        min: 0.111396193504
        var: 0.0289498567581
    pitch_salience:
        dmean: 0.063773676753
        dmean2: 0.104645349085
        dvar: 0.00380433583632
        dvar2: 0.00979398470372
        max: 0.844939947128
        mean: 0.665133953094
        median: 0.693096160889
        min: 0.107514537871
        var: 0.0110172955319
    silence_rate_20dB:
        dmean: 0
        dmean2: 0
        dvar: 0
        dvar2: 0
        max: 1
        mean: 1
        median: 1
        min: 1
        var: 0
    silence_rate_30dB:
        dmean: 0
        dmean2: 0
        dvar: 0
        dvar2: 0
        max: 1
        mean: 1
        median: 1
        min: 1
        var: 0
    silence_rate_60dB:
        dmean: 0.0853925049305
        dmean2: 0.170799359679
        dvar: 0.0780874341726
        dvar2: 0.170377865434
        max: 1
        mean: 0.334061682224
        median: 0
        min: 0
        var: 0.222444981337
    spectral_centroid:
        dmean: 287.176422119
        dmean2: 438.501922607
        dvar: 110444.453125
        dvar2: 228847.359375
        max: 11157.3154297
        mean: 1535.38330078
        median: 1558.41809082
        min: 106.343933105
        var: 408860.59375
    spectral_complexity:
        dmean: 3.78366112709
        dmean2: 5.91947555542
        dvar: 16.3411026001
        dvar2: 37.0589294434
        max: 51
        mean: 15.5088663101
        median: 15
        min: 0
        var: 93.1178588867
    spectral_crest:
        dmean: 2.13280916214
        dmean2: 3.52888035774
        dvar: 4.70636177063
        dvar2: 12.0420942307
        max: 26.2436447144
        mean: 7.16343736649
        median: 5.80402231216
        min: 2.09570908546
        var: 16.9048843384
    spectral_decrease:
        dmean: 2.89554935584e-010
        dmean2: 4.64447785786e-010
        dvar: 3.16885965031e-019
        dvar2: 8.24542061495e-019
        max: -9.15748994048e-029
        mean: -9.73123359671e-010
        median: -8.98353336165e-010
        min: -6.41063557794e-009
        var: 5.53525122586e-019
    spectral_energy:
        dmean: 0.00124703685287
        dmean2: 0.00199343822896
        dvar: 5.04400804857e-006
        dvar2: 1.29902327899e-005
        max: 0.0253721065819
        mean: 0.00430408027023
        median: 0.00398881034926
        min: 1.10665828435e-020
        var: 9.90538501355e-006
    spectral_energyband_high:
        dmean: 0.000188288584468
        dmean2: 0.000311769690597
        dvar: 1.37322572868e-007
        dvar2: 3.46128018691e-007
        max: 0.00628871005028
        mean: 0.000358369143214
        median: 0.000261511653662
        min: 8.15245220263e-021
        var: 1.79810143663e-007
    spectral_energyband_low:
        dmean: 0.000216540924157
        dmean2: 0.000350318237906
        dvar: 1.01240800632e-007
        dvar2: 2.56484071315e-007
        max: 0.00406629033387
        mean: 0.000383887731005
        median: 0.000234229824855
        min: 1.02625849723e-022
        var: 1.85526062069e-007
    spectral_energyband_middle_high:
        dmean: 0.000597296282649
        dmean2: 0.000933660601731
        dvar: 5.38832068742e-007
        dvar2: 1.29817487959e-006
        max: 0.012768051587
        mean: 0.00211252877489
        median: 0.00205337256193
        min: 1.53242185792e-021
        var: 2.2259389425e-006
    spectral_energyband_middle_low:
        dmean: 0.000853150675539
        dmean2: 0.00140162627213
        dvar: 4.61710715172e-006
        dvar2: 1.23183353935e-005
        max: 0.0225460194051
        mean: 0.00159620121121
        median: 0.00114681455307
        min: 5.05369539434e-022
        var: 4.78999118059e-006
    spectral_flatness_db:
        dmean: 0.0156775321811
        dmean2: 0.0245690029114
        dvar: 0.000258600368397
        dvar2: 0.000652085931506
        max: 0.515216708183
        mean: 0.15566419065
        median: 0.136483088136
        min: 0.0498405732214
        var: 0.0035726276692
    spectral_flux:
        dmean: 0.00716737192124
        dmean2: 0.0111683392897
        dvar: 0.000101814002846
        dvar2: 0.00022831147362
        max: 0.147957637906
        mean: 0.039038464427
        median: 0.0400638505816
        min: 1.05197829614e-010
        var: 0.000380571407732
    spectral_kurtosis:
        dmean: 1.35412847996
        dmean2: 2.23982024193
        dvar: 4.16628074646
        dvar2: 11.4233970642
        max: 77.6816940308
        mean: 4.48669576645
        median: 3.4388551712
        min: -1.15936851501
        var: 24.0886173248
    spectral_rms:
        dmean: 0.000256631319644
        dmean2: 0.00039995307452
        dvar: 1.18166084917e-007
        dvar2: 2.86642716674e-007
        max: 0.00497526628897
        mean: 0.00189402024262
        median: 0.00197269418277
        min: 3.2858279899e-012
        var: 6.11781615589e-007
    spectral_rolloff:
        dmean: 459.008361816
        dmean2: 741.439697266
        dvar: 389145.3125
        dvar2: 894989.625
        max: 18303.2226563
        mean: 2915.83203125
        median: 3337.64648438
        min: 86.1328125
        var: 1403423.125
    spectral_skewness:
        dmean: 0.199077308178
        dmean2: 0.314355969429
        dvar: 0.0441299602389
        dvar2: 0.105312772095
        max: 7.08767127991
        mean: 1.48365867138
        median: 1.37731158733
        min: -0.0569751672447
        var: 0.383993089199
    spectral_spread:
        dmean: 414654.46875
        dmean2: 603936.4375
        dvar: 319240372224
        dvar2: 522816651264
        max: 39043724
        mean: 4345072
        median: 4222937.5
        min: 909787.3125
        var: 1.59907669606e+012
    spectral_strongpeak:
        dmean: 0.292197167873
        dmean2: 0.509930610657
        dvar: 0.17792391777
        dvar2: 0.474975258112
        max: 6.75318241119
        mean: 0.421673923731
        median: 0.266445875168
        min: 2.40201220025e-010
        var: 0.214433521032
    zerocrossingrate:
        dmean: 0.00937218498439
        dmean2: 0.0111946389079
        dvar: 0.000101307574369
        dvar2: 0.000125359787489
        max: 0.49951171875
        mean: 0.0880742147565
        median: 0.09130859375
        min: 0.00634765625
        var: 0.000926399196032
    barkbands:
        dmean: [7.53317834778e-008, 7.02766192262e-005, 0.00011451694445, 0.000227966054808, 0.000468095036922, 0.000121661512821, 9.50026078499e-005, 0.000139954936458, 0.000162688957062, 0.000133022374939, 0.000131520704599, 9.70797264017e-005, 9.06051500351e-005, 6.32774463156e-005, 7.03630576027e-005, 0.000111710258352, 0.000110337372462, 9.82233250397e-005, 0.000180767208803, 0.000135931681143, 9.60558390943e-005, 3.77987671527e-005, 6.54412542644e-006, 2.52193922279e-006, 1.03357012904e-006, 2.94476834029e-008, 3.40710099023e-010]
        dmean2: [1.25406018014e-007, 0.000113865215098, 0.000185349257663, 0.000381956575438, 0.000794589810539, 0.000200042471988, 0.000157576418133, 0.000231003257795, 0.000271670898655, 0.000218848974328, 0.00021937621932, 0.000161116928211, 0.00014900729002, 0.000103714257421, 0.000114762864541, 0.000181444236659, 0.000182872783625, 0.000162607917446, 0.000297386402963, 0.000227134907618, 0.000161055140779, 6.27219487797e-005, 1.07356081571e-005, 4.00903718401e-006, 1.62760716194e-006, 4.61768898674e-008, 5.60430202245e-010]
        dvar: [4.90078423264e-014, 1.55634776178e-008, 3.30037153162e-008, 4.02533032684e-007, 2.53841881204e-006, 4.8086111093e-008, 3.06789829096e-008, 5.12021216537e-008, 6.79513902924e-008, 4.6038110213e-008, 5.0861476808e-008, 3.32449587859e-008, 3.06331102706e-008, 1.37907401054e-008, 1.59521711396e-008, 2.53234091474e-008, 2.28832188753e-008, 3.10624308497e-008, 7.849707373e-008, 6.34108943132e-008, 3.82471299076e-008, 6.71836408728e-009, 2.9630611853e-010, 5.04860389605e-011, 1.08511845343e-011, 7.17820019326e-015, 2.90677910545e-019]
        dvar2: [1.33350727921e-013, 4.0778076027e-008, 8.39502547478e-008, 1.06235540898e-006, 7.05526599631e-006, 1.19387991049e-007, 7.90196210687e-008, 1.32896730065e-007, 1.83929770969e-007, 1.20412764204e-007, 1.38261057714e-007, 8.47633856438e-008, 8.11031526382e-008, 3.51101192564e-008, 3.713768848e-008, 6.30292120718e-008, 6.01272915901e-008, 8.10852824884e-008, 1.97486357933e-007, 1.57107351129e-007, 9.91975781517e-008, 1.67264087025e-008, 7.21444293195e-010, 1.16796683436e-010, 2.58855523821e-011, 1.65304307243e-014, 7.22850803434e-019]
        max: [7.88020224718e-006, 0.00187901896425, 0.00230960082263, 0.00849966704845, 0.0165955238044, 0.00600862316787, 0.00239099445753, 0.0035833097063, 0.00366655527614, 0.00455679697916, 0.00354450801387, 0.00316980108619, 0.00335939880461, 0.00212440337054, 0.00516546936706, 0.0033369930461, 0.00255857361481, 0.00392416771501, 0.00517029128969, 0.00473738508299, 0.00290142907761, 0.00179693917744, 0.000455582863651, 0.000202479786822, 9.51410984271e-005, 3.84503937312e-006, 8.49050696416e-009]
        mean: [1.05916001303e-007, 0.000108068044938, 0.00016382112517, 0.000259913358605, 0.00050392356934, 0.000178366884938, 0.000124237776618, 0.00020690956444, 0.000267012132099, 0.000217787513975, 0.000214249826968, 0.000164018361829, 0.000154547247803, 0.000103323618532, 0.000127132327179, 0.000215360327275, 0.000218160901568, 0.00019235376385, 0.000387613748899, 0.000259337248281, 0.000163711127243, 5.87879185332e-005, 9.53442395257e-006, 4.1333541958e-006, 1.62424328209e-006, 5.29070938171e-008, 5.12189901603e-010]
        median: [1.92984810354e-008, 5.44797221664e-005, 9.03473555809e-005, 6.54701943859e-005, 0.000135675916681, 9.29378438741e-005, 5.95595738559e-005, 9.81341145234e-005, 0.00013580067025, 0.000100008313893, 8.66700574988e-005, 8.04753726698e-005, 6.83425168972e-005, 5.0570241001e-005, 8.50601209095e-005, 0.000166011770489, 0.000184491742402, 0.000155890666065, 0.000342387356795, 0.000196690685698, 0.000120628552395, 3.18164857163e-005, 3.36103835252e-006, 1.74380829776e-006, 6.17828106897e-007, 2.53309284659e-008, 2.61459881523e-010]
        min: [1.01965502148e-023, 7.22829713357e-023, 1.61957372136e-023, 3.37636411739e-023, 5.52704159864e-023, 3.97331788357e-023, 1.17367381811e-022, 5.48921350942e-023, 7.43146857526e-023, 1.84841949318e-022, 7.61834909261e-023, 9.39860683839e-023, 9.27445149151e-023, 8.78452658642e-023, 1.46831576435e-022, 2.15840850744e-022, 7.29569614714e-023, 2.20129956906e-022, 2.36257580714e-022, 5.54410838344e-022, 3.8373786587e-022, 4.35514379042e-022, 8.59451460682e-022, 8.5937441737e-022, 1.17012341392e-021, 1.86319444141e-021, 2.360116934e-021]
        var: [1.52401488239e-013, 2.50467326879e-008, 4.88038871538e-008, 3.92053038922e-007, 2.0612399112e-006, 7.14971335469e-008, 3.66508814409e-008, 8.76007320016e-008, 1.26067533301e-007, 9.53594678776e-008, 1.00574190753e-007, 6.317865342e-008, 5.93528568515e-008, 2.43969768832e-008, 2.89253314634e-008, 5.14356770509e-008, 4.18776409106e-008, 4.30475282087e-008, 1.43208609416e-007, 9.16814144603e-008, 4.37943903364e-008, 8.49714343332e-009, 3.90107945947e-010, 7.06478070489e-011, 1.35902088194e-011, 1.10423162178e-014, 5.50990124202e-019]
    frequency_bands:
        dmean: [7.53317834778e-008, 7.02766192262e-005, 0.00011451694445, 0.000227966054808, 0.000468095036922, 0.000121661512821, 9.50026078499e-005, 0.000139954936458, 0.000162688957062, 0.000133022374939, 0.000131520704599, 9.70797264017e-005, 9.06051500351e-005, 6.32774463156e-005, 7.03630576027e-005, 0.000111710258352, 0.000110337372462, 9.82233250397e-005, 0.000180767208803, 0.000135931681143, 9.60558390943e-005, 3.77987671527e-005, 6.54412542644e-006, 2.52193922279e-006, 1.03357012904e-006, 2.94476834029e-008, 3.40710099023e-010, 4.84927341338e-011]
        dmean2: [1.25406018014e-007, 0.000113865215098, 0.000185349257663, 0.000381956575438, 0.000794589810539, 0.000200042471988, 0.000157576418133, 0.000231003257795, 0.000271670898655, 0.000218848974328, 0.00021937621932, 0.000161116928211, 0.00014900729002, 0.000103714257421, 0.000114762864541, 0.000181444236659, 0.000182872783625, 0.000162607917446, 0.000297386402963, 0.000227134907618, 0.000161055140779, 6.27219487797e-005, 1.07356081571e-005, 4.00903718401e-006, 1.62760716194e-006, 4.61768898674e-008, 5.60430202245e-010, 8.99212926342e-011]
        dvar: [4.90078423264e-014, 1.55634776178e-008, 3.30037153162e-008, 4.02533032684e-007, 2.53841881204e-006, 4.8086111093e-008, 3.06789829096e-008, 5.12021216537e-008, 6.79513902924e-008, 4.6038110213e-008, 5.0861476808e-008, 3.32449587859e-008, 3.06331102706e-008, 1.37907401054e-008, 1.59521711396e-008, 2.53234091474e-008, 2.28832188753e-008, 3.10624308497e-008, 7.849707373e-008, 6.34108943132e-008, 3.82471299076e-008, 6.71836408728e-009, 2.9630611853e-010, 5.04860389605e-011, 1.08511845343e-011, 7.17820019326e-015, 2.90677910545e-019, 5.48931392826e-021]
        dvar2: [1.33350727921e-013, 4.0778076027e-008, 8.39502547478e-008, 1.06235540898e-006, 7.05526599631e-006, 1.19387991049e-007, 7.90196210687e-008, 1.32896730065e-007, 1.83929770969e-007, 1.20412764204e-007, 1.38261057714e-007, 8.47633856438e-008, 8.11031526382e-008, 3.51101192564e-008, 3.713768848e-008, 6.30292120718e-008, 6.01272915901e-008, 8.10852824884e-008, 1.97486357933e-007, 1.57107351129e-007, 9.91975781517e-008, 1.67264087025e-008, 7.21444293195e-010, 1.16796683436e-010, 2.58855523821e-011, 1.65304307243e-014, 7.22850803434e-019, 1.71103715267e-020]
        max: [7.88020224718e-006, 0.00187901896425, 0.00230960082263, 0.00849966704845, 0.0165955238044, 0.00600862316787, 0.00239099445753, 0.0035833097063, 0.00366655527614, 0.00455679697916, 0.00354450801387, 0.00316980108619, 0.00335939880461, 0.00212440337054, 0.00516546936706, 0.0033369930461, 0.00255857361481, 0.00392416771501, 0.00517029128969, 0.00473738508299, 0.00290142907761, 0.00179693917744, 0.000455582863651, 0.000202479786822, 9.51410984271e-005, 3.84503937312e-006, 8.49050696416e-009, 1.06734820982e-009]
        mean: [1.05916001303e-007, 0.000108068044938, 0.00016382112517, 0.000259913358605, 0.00050392356934, 0.000178366884938, 0.000124237776618, 0.00020690956444, 0.000267012132099, 0.000217787513975, 0.000214249826968, 0.000164018361829, 0.000154547247803, 0.000103323618532, 0.000127132327179, 0.000215360327275, 0.000218160901568, 0.00019235376385, 0.000387613748899, 0.000259337248281, 0.000163711127243, 5.87879185332e-005, 9.53442395257e-006, 4.1333541958e-006, 1.62424328209e-006, 5.29070938171e-008, 5.12189901603e-010, 3.79047140897e-011]
        median: [1.92984810354e-008, 5.44797221664e-005, 9.03473555809e-005, 6.54701943859e-005, 0.000135675916681, 9.29378438741e-005, 5.95595738559e-005, 9.81341145234e-005, 0.00013580067025, 0.000100008313893, 8.66700574988e-005, 8.04753726698e-005, 6.83425168972e-005, 5.0570241001e-005, 8.50601209095e-005, 0.000166011770489, 0.000184491742402, 0.000155890666065, 0.000342387356795, 0.000196690685698, 0.000120628552395, 3.18164857163e-005, 3.36103835252e-006, 1.74380829776e-006, 6.17828106897e-007, 2.53309284659e-008, 2.61459881523e-010, 1.24438835972e-011]
        min: [1.01965502148e-023, 7.22829713357e-023, 1.61957372136e-023, 3.37636411739e-023, 5.52704159864e-023, 3.97331788357e-023, 1.17367381811e-022, 5.48921350942e-023, 7.43146857526e-023, 1.84841949318e-022, 7.61834909261e-023, 9.39860683839e-023, 9.27445149151e-023, 8.78452658642e-023, 1.46831576435e-022, 2.15840850744e-022, 7.29569614714e-023, 2.20129956906e-022, 2.36257580714e-022, 5.54410838344e-022, 3.8373786587e-022, 4.35514379042e-022, 8.59451460682e-022, 8.5937441737e-022, 1.17012341392e-021, 1.86319444141e-021, 2.360116934e-021, 6.79026779023e-022]
        var: [1.52401488239e-013, 2.50467326879e-008, 4.88038871538e-008, 3.92053038922e-007, 2.0612399112e-006, 7.14971335469e-008, 3.66508814409e-008, 8.76007320016e-008, 1.26067533301e-007, 9.53594678776e-008, 1.00574190753e-007, 6.317865342e-008, 5.93528568515e-008, 2.43969768832e-008, 2.89253314634e-008, 5.14356770509e-008, 4.18776409106e-008, 4.30475282087e-008, 1.43208609416e-007, 9.16814144603e-008, 4.37943903364e-008, 8.49714343332e-009, 3.90107945947e-010, 7.06478070489e-011, 1.35902088194e-011, 1.10423162178e-014, 5.50990124202e-019, 4.42666270263e-021]
    mfcc:
        mean: [-727.287353516, 106.181304932, -47.0623283386, 41.6222991943, -22.3175640106, -3.67563033104, 1.37982428074, -1.12274801731, 3.69977760315, -4.11342287064, -5.87793207169, -3.56777477264, -1.97195506096]
        cov: [[11837.1396484, 564.635314941, -1899.03308105, 1125.67858887, 257.716766357, 1013.17584229, 379.57598877, 364.31463623, 135.547714233, 91.5324020386, 147.359573364, -278.723175049, -197.325454712], [564.635314941, 926.168151855, -234.288330078, 52.6527252197, -63.5071372986, -32.1958847046, 33.6689567566, 23.2489128113, 68.9637527466, -17.0192584991, -9.0034198761, -0.211050421, 6.7681479454], [-1899.03308105, -234.288330078, 827.304748535, -162.915740967, 8.9046459198, -175.53855896, -109.181587219, -25.3542804718, -43.4383049011, -12.2219228745, -45.5114250183, 26.2516155243, 16.5898132324], [1125.67858887, 52.6527252197, -162.915740967, 379.073486328, 140.013442993, 138.619445801, 22.5960464478, -2.49042129517, 26.9758300781, -0.519562840462, 28.0903968811, -50.9851226807, -12.4191932678], [257.716766357, -63.5071372986, 8.9046459198, 140.013442993, 377.82333374, 193.207260132, -12.6264276505, -1.26144683361, -14.4737615585, 33.434387207, 61.502243042, -41.8207092285, -20.6648025513], [1013.17584229, -32.1958847046, -175.53855896, 138.619445801, 193.207260132, 326.24307251, 85.5102767944, 78.0539398193, 3.9466240406, 23.8105335236, 68.0016403198, -53.4541091919, -39.1643676758], [379.57598877, 33.6689567566, -109.181587219, 22.5960464478, -12.6264276505, 85.5102767944, 194.663238525, 97.220413208, 29.5022106171, 15.514289856, 4.16143798828, -5.59765958786, -8.03689098358], [364.31463623, 23.2489128113, -25.3542804718, -2.49042129517, -1.26144683361, 78.0539398193, 97.220413208, 169.894683838, 58.3371620178, 35.7881278992, 21.2790985107, -6.54404973984, -9.2531452179], [135.547714233, 68.9637527466, -43.4383049011, 26.9758300781, -14.4737615585, 3.9466240406, 29.5022106171, 58.3371620178, 100.141181946, 42.3318634033, 14.6726732254, 8.67696380615, 9.11320114136], [91.5324020386, -17.0192584991, -12.2219228745, -0.519562840462, 33.434387207, 23.8105335236, 15.514289856, 35.7881278992, 42.3318634033, 92.1323242188, 43.5832710266, 13.7719297409, 7.98470878601], [147.359573364, -9.0034198761, -45.5114250183, 28.0903968811, 61.502243042, 68.0016403198, 4.16143798828, 21.2790985107, 14.6726732254, 43.5832710266, 90.8287200928, 13.9514389038, 6.48480463028], [-278.723175049, -0.211050421, 26.2516155243, -50.9851226807, -41.8207092285, -53.4541091919, -5.59765958786, -6.54404973984, 8.67696380615, 13.7719297409, 13.9514389038, 82.4170532227, 38.5892333984], [-197.325454712, 6.7681479454, 16.5898132324, -12.4191932678, -20.6648025513, -39.1643676758, -8.03689098358, -9.2531452179, 9.11320114136, 7.98470878601, 6.48480463028, 38.5892333984, 65.1850814819]]
        icov: [[0.000229615936405, -4.43585558969e-005, 0.000362956052413, -0.000510731479153, 0.000245846720645, -0.000401237804908, 0.000216762316995, -0.000438632298028, 0.00034274123027, -0.000363105908036, 0.000283166766167, 4.83490330225e-005, 0.000251105841016], [-4.43585558969e-005, 0.00128641037736, 0.000314815086313, 4.72692590847e-005, -0.000116320275993, 0.000506139651407, -9.67031955952e-005, -8.81805226527e-006, -0.00101825455204, 0.000801119662356, -0.000178359798156, 8.09309494798e-005, -7.0857204264e-005], [0.000362956052413, 0.000314815086313, 0.00237151817419, -0.000363662664313, -0.000451498373877, 0.000584718945902, 0.00105049158446, -0.00171514856629, 0.00104306440335, -0.00046448057401, 0.000999032403342, -1.12615498438e-005, 0.000305769848637], [-0.000510731479153, 4.72692590847e-005, -0.000363662664313, 0.00507681211457, -0.00156532682013, 4.01940378651e-005, -0.000722699682228, 0.00216096220538, -0.00284855323844, 0.00200020312332, -0.00101972848643, 0.00173182482831, -0.0015161667252], [0.000245846720645, -0.000116320275993, -0.000451498373877, -0.00156532682013, 0.00531693315133, -0.00352123100311, 0.00109953607898, 0.000601143925451, 0.00112003588583, -0.00213583582081, -0.000599464925472, 0.000880117644556, 7.4624631452e-006], [-0.000401237804908, 0.000506139651407, 0.000584718945902, 4.01940378651e-005, -0.00352123100311, 0.00903772749007, -0.00224652444012, -0.00207122019492, 0.00100153207313, 0.00184377818368, -0.00424923747778, 0.00197420897894, 0.00122256134637], [0.000216762316995, -9.67031955952e-005, 0.00105049158446, -0.000722699682228, 0.00109953607898, -0.00224652444012, 0.00865812785923, -0.00470919674262, 0.00103063811548, -0.0010583755793, 0.00254231342115, -0.00112202914897, 5.58748542971e-005], [-0.000438632298028, -8.81805226527e-006, -0.00171514856629, 0.00216096220538, 0.000601143925451, -0.00207122019492, -0.00470919674262, 0.0127117438242, -0.00640796590596, -0.000106679006421, -0.0015024311142, 0.000894629280083, 0.000220101937884], [0.00034274123027, -0.00101825455204, 0.00104306440335, -0.00284855323844, 0.00112003588583, 0.00100153207313, 0.00103063811548, -0.00640796590596, 0.0181402266026, -0.00767959421501, 0.0016089968849, -0.000656160525978, -0.00085768464487], [-0.000363105908036, 0.000801119662356, -0.00046448057401, 0.00200020312332, -0.00213583582081, 0.00184377818368, -0.0010583755793, -0.000106679006421, -0.00767959421501, 0.0192352291197, -0.00789824593812, -0.000634502270259, -0.000519190158229], [0.000283166766167, -0.000178359798156, 0.000999032403342, -0.00101972848643, -0.000599464925472, -0.00424923747778, 0.00254231342115, -0.0015024311142, 0.0016089968849, -0.00789824593812, 0.0194917544723, -0.00491146743298, -0.000504710653331], [4.83490330225e-005, 8.09309494798e-005, -1.12615498438e-005, 0.00173182482831, 0.000880117644556, 0.00197420897894, -0.00112202914897, 0.000894629280083, -0.000656160525978, -0.000634502270259, -0.00491146743298, 0.0206016115844, -0.00961340218782], [0.000251105841016, -7.0857204264e-005, 0.000305769848637, -0.0015161667252, 7.4624631452e-006, 0.00122256134637, 5.58748542971e-005, 0.000220101937884, -0.00085768464487, -0.000519190158229, -0.000504710653331, -0.00961340218782, 0.0224415808916]]
    sccoeffs:
        dmean: [0.0540298260748, 0.0491051673889, 0.0374529361725, 0.0288763791323, 0.0191498063505, 0.0194112285972]
        dmean2: [0.0888833776116, 0.0823166966438, 0.0631631910801, 0.0485055670142, 0.0321621336043, 0.0299154296517]
        dvar: [0.00232458626851, 0.00150652951561, 0.000894747790881, 0.000541326822713, 0.000251717894571, 0.000313469150569]
        dvar2: [0.00586280226707, 0.004220739007, 0.00245264731348, 0.00146662641782, 0.000673757807817, 0.000688260886818]
        max: [-0.274559080601, -0.356430023909, -0.527556300163, -0.529049217701, -0.58736371994, -0.547252297401]
        mean: [-0.663809359074, -0.753944516182, -0.790906131268, -0.80136692524, -0.805246591568, -0.735522091389]
        median: [-0.670272409916, -0.762396037579, -0.796891152859, -0.804933607578, -0.807118713856, -0.733528852463]
        min: [-0.96858471632, -0.964318156242, -0.971273124218, -0.962422132492, -0.955616116524, -0.958299398422]
        var: [0.00714601716027, 0.00536024803296, 0.00316033838317, 0.00200298684649, 0.00123972923029, 0.00232699513435]
    scvalleys:
        dmean: [0.392212539911, 0.346862316132, 0.286942094564, 0.24944242835, 0.220237210393, 0.259232312441]
        dmean2: [0.658065438271, 0.575336277485, 0.468047678471, 0.389971852303, 0.33575206995, 0.377632081509]
        dvar: [0.113090343773, 0.0918318927288, 0.0653707459569, 0.0515511594713, 0.0615599788725, 0.112416282296]
        dvar2: [0.285785794258, 0.222549110651, 0.14499014616, 0.104783184826, 0.115603856742, 0.214260756969]
        max: [-5.07586956024, -4.63687801361, -4.76957559586, -5.52329683304, -5.43035316467, -7.51514148712]
        mean: [-7.3255610466, -6.75378322601, -6.85406541824, -7.35068082809, -7.34931230545, -10.1536560059]
        median: [-6.85501146317, -6.44259977341, -6.47341585159, -6.80968236923, -6.74737119675, -9.67162799835]
        min: [-27.2301330566, -27.2847442627, -27.0147151947, -27.16929245, -27.4592971802, -27.3164253235]
        var: [2.51137828827, 1.71054506302, 2.34770655632, 2.86226320267, 2.71452569962, 3.03485751152]

rhythm:
    beats_loudness:
        dmean: 0.00343109946698
        dmean2: 0.00656215799972
        dvar: 7.1995395956e-006
        dvar2: 2.61302284343e-005
        max: 0.0197809543461
        mean: 0.00615450087935
        median: 0.00548209063709
        min: 2.34563701795e-010
        var: 1.50807336468e-005
    bpm: 84.9430084229
    bpm_confidence: 0
    first_peak_bpm: 85
    first_peak_spread: 0.107361920178
    first_peak_weight: 0.720297038555
    onset_rate: 2.8993268013
    second_peak_bpm: 112
    second_peak_spread: 0.589743614197
    second_peak_weight: 0.039603959769
    beats_loudness_band_ratio:
        dmean: [0.136372640729, 0.197533011436, 0.0988626852632, 0.092742703855, 0.098986402154, 0.095248863101]
        dmean2: [0.246678575873, 0.377197265625, 0.165538102388, 0.163896039128, 0.181003600359, 0.176617398858]
        dvar: [0.0134365828708, 0.0179324634373, 0.01231160108, 0.00919488724321, 0.00762676727027, 0.00887167733163]
        dvar2: [0.0417618751526, 0.0622980520129, 0.0334145501256, 0.0281603895128, 0.0232640374452, 0.0275919064879]
        max: [0.944095790386, 0.586623430252, 0.970409870148, 0.656378149986, 0.661662697792, 0.692797660828]
        mean: [0.237844318151, 0.169587135315, 0.189084559679, 0.143523961306, 0.171182781458, 0.14560547471]
        median: [0.229372873902, 0.119720064104, 0.12168277055, 0.109183616936, 0.156313866377, 0.128726020455]
        min: [0.00032782118069, 0.000805817195214, 0.0104931378737, 0.00267985323444, 0.000193041720195, 0.000295824866043]
        var: [0.0298084970564, 0.0220457240939, 0.0426984205842, 0.0120685212314, 0.0113663226366, 0.0100885108113]
    beats_position: [0.452789098024, 0.905578196049, 1.369977355, 1.83437633514, 2.28716540337, 2.75156450272, 3.20435357094, 3.66875267029, 4.12154197693, 4.6439909935, 5.15482997894, 5.66566896439, 6.28099775314, 6.8963265419, 7.52326536179, 8.13859367371, 8.75392246246, 9.36925125122, 9.98458003998, 10.6115188599, 11.2384576797, 11.8653964996, 12.4923353195, 13.1192741394, 13.6765527725, 14.2338323593, 14.8607711792, 15.4644899368, 16.0682086945, 16.6719264984, 17.2640361786, 17.8561439514, 18.4366436005, 19.0287532806, 19.6789112091, 20.3290691376, 21.0488891602, 21.7687072754, 22.4653053284, 23.1619052887, 23.8701133728, 24.589931488, 25.3097496033, 26.0295696259, 26.73777771, 27.4459857941, 28.1541938782, 28.8624038696, 29.5706119537, 30.2788200378, 30.9870281219, 31.6952381134, 32.4034461975, 33.111656189, 33.8082542419, 34.5048522949, 35.2130622864, 35.9212684631, 36.6294784546, 37.3376846313, 38.034286499, 38.7424926758, 39.4507026672, 40.1589126587, 40.8671188354, 41.5753288269, 42.2835350037, 42.9801368713, 43.6883430481, 44.3965530396, 45.1047592163, 45.8129692078, 46.5211791992, 47.229385376, 47.9259872437, 48.6341934204, 49.3424034119, 50.0390014648, 50.7472114563, 51.4554176331, 52.152015686, 52.8602256775, 53.5684356689, 54.2766418457, 54.9848518372, 55.6930618286, 56.4012680054, 57.0978660583, 57.8060760498, 58.5142860413, 59.222492218, 59.9307022095, 60.6273002625, 61.3355102539, 62.0437164307, 62.7519264221, 63.4601364136, 64.1567306519, 64.864944458, 65.5731506348, 66.2813568115, 66.9895706177, 67.686164856, 68.3943786621, 69.1025848389, 69.7991790771, 70.5073928833, 71.2155990601, 71.9238052368, 72.632019043, 73.3402252197, 74.0484313965, 74.7450332642, 75.4416275024, 76.1382293701, 76.8232192993, 77.554649353, 78.2744674683, 78.9710617065, 79.6792755127, 80.3874816895, 81.0956878662, 81.8039016724, 82.5121078491, 83.2203140259, 83.9169158936, 84.6135101318, 85.321723938, 86.0299301147, 86.7381362915, 87.4463500977, 88.1545562744, 88.8511581421, 89.5593643188, 90.2675704956, 90.9757843018, 91.6839904785, 92.3921966553, 93.100402832, 93.8086166382, 94.5168228149, 95.2134246826, 95.9216308594, 96.6182327271, 97.3148269653, 98.0346450806, 98.7544631958, 99.462677002, 100.170883179, 100.867477417, 101.575691223, 102.2838974, 102.992103577, 103.700317383, 104.396911621, 105.105125427, 105.801719666, 106.509933472, 107.218139648, 107.926345825, 108.622947693, 109.319541931, 110.016143799, 110.735961914, 111.444168091, 112.152381897, 112.860588074, 113.557182312, 114.265396118, 114.973602295, 115.670204163, 116.378410339, 117.086616516, 117.794830322, 118.514648438, 119.222854614, 119.931060791, 120.627662659, 121.335868835, 122.032470703, 122.74067688, 123.448883057, 124.157096863, 124.86530304, 125.561904907, 126.270111084, 126.966712952, 127.66330719, 128.383132935, 129.091339111, 129.799545288, 130.507751465, 131.215957642, 131.924163818, 132.632385254, 133.328979492, 134.037185669, 134.745391846, 135.453598022, 136.161804199, 136.870025635, 137.578231812, 138.27482605, 138.983032227, 139.691238403, 140.399459839, 141.119277954, 141.885528564, 142.651794434, 143.371612549, 144.091430664, 144.834457397, 145.6587677, 146.483078003, 147.307388306, 148.131698608, 148.851516724, 149.5597229, 150.279541016, 150.976135254, 151.684356689, 152.392562866, 153.100769043, 153.80897522, 154.505569458, 155.202178955, 155.910385132, 156.618591309, 157.326797485, 158.035003662, 158.743209839, 159.451431274, 160.159637451, 160.856231689, 161.541213989, 162.261047363, 162.980865479, 163.689071655, 164.397277832, 165.09387207, 165.802078247, 166.510284424, 167.218505859, 167.926712036, 168.634918213, 169.34312439, 170.051330566, 170.759536743, 171.45614624, 172.164352417, 172.872558594, 173.580764771, 174.288970947, 175.008789063, 175.717010498, 176.413604736, 177.110198975, 177.806793213, 178.515014648, 179.223220825, 179.931427002, 180.616409302, 181.324615479, 182.044433594, 182.741043091, 183.460861206, 184.157455444, 184.87727356, 185.573867798, 186.282089233, 186.99029541, 187.686889648, 188.383483887, 189.091690063, 189.799911499, 190.519729614, 191.216323853, 191.924530029, 192.621124268, 193.329345703, 194.03755188, 194.745758057, 195.453964233, 196.16217041, 196.858764648, 197.566986084, 198.263580322, 198.971786499, 199.668380737, 200.388198853, 201.096420288, 201.804626465, 202.512832642, 203.221038818, 203.917633057, 204.625839233, 205.334060669, 206.042266846, 206.750473022, 207.470291138, 208.166885376, 208.863494873, 209.57170105, 210.279907227, 210.988113403, 211.69631958, 212.392913818, 213.101135254, 213.809341431, 214.517547607, 215.225753784, 215.922348022, 216.630569458, 217.338775635, 218.046981812, 218.755187988, 219.451782227, 220.159988403, 220.868209839, 221.576416016, 222.284622192, 222.981216431, 223.689422607, 224.397644043, 225.094238281, 225.802444458, 226.510650635, 227.207244873, 227.915466309, 228.623672485, 229.331878662, 230.040084839, 230.736679077, 231.444900513, 232.153106689, 232.872924805, 233.569519043, 234.27772522, 234.985931396, 235.694152832, 236.39074707, 237.098953247, 237.795547485, 238.515365601, 239.211975098, 239.920181274, 240.628387451, 241.324981689, 242.021575928, 242.741394043, 243.461227417, 244.169433594, 244.866027832, 245.56262207, 246.270828247, 246.979049683, 247.687255859, 248.407073975, 249.103668213, 249.800262451, 250.508468628, 251.216690063, 251.92489624, 252.633102417, 253.341308594, 254.049514771, 254.746124268, 255.454330444, 255.976776123, 256.51083374, 257.044891357, 257.578948975, 258.113006592, 258.635467529, 259.157897949, 259.691955566, 260.214416504, 260.748474121, 261.270935059, 261.804992676, 262.339050293, 262.87310791, 263.407165527, 263.941223145, 264.463653564, 264.986114502, 265.508575439, 266.031005859, 266.565063477, 267.099121094, 267.633178711, 268.167236328, 268.701324463, 269.258575439, 269.815856934, 270.373138428, 270.918823242, 271.464477539, 272.010162354, 272.567443848, 273.124725342, 273.681976318, 274.25088501, 274.808166504, 275.365447998]
