
metadata:
    version:
        essentia: "2.1-beta2"
    audio_properties:
        analysis_sample_rate: 44100
        bitrate: 256
        channels: 2
        equal_loudness: 1
        length: 214.961639404
        replay_gain: -15.1018257141
        downmix: "mix"
    tags:
        album: "Human Bomb"
        artist: "Black Bomb A"
        comment: ""
        date: "2001"
        genre: "Rock"
        title: "Human Circus"
        tracknumber: "3"

configuration:
    average_loudness:
        compute: 1
        frameSize: 88200
        hopSize: 44100
        silentFrames: "noise"
        windowType: "hann"
    general:
        analysisSampleRate: 44100
        endTime: 2000
        equalLoudness: 1
        nequalLoudness: 0
        shortSound: 0
        startTime: 0
    lowlevel:
        compute: 1
        frameSize: 2048
        hopSize: 1024
        zeroPadding: 0
        silentFrames: "noise"
        windowType: "blackmanharris62"
        mfccStats: ["mean", "cov", "icov"]
        stats: ["mean", "var", "median", "min", "max", "dmean", "dmean2", "dvar", "dvar2"]
    panning:
        compute: 0
        frameSize: 8192
        hopSize: 2048
        zeroPadding: 8192
        silentFrames: "noise"
        windowType: "hann"
        stats: ["copy"]
    rhythm:
        compute: 1
        maxTempo: 208
        minTempo: 40
        method: "degara"
        stats: ["mean", "var", "median", "min", "max", "dmean", "dmean2", "dvar", "dvar2"]
    segmentation:
        compute: 0
        cpw: 5
        inc1: 300
        inc2: 50
        minimumSegmentsLength: 10
        size1: 1000
        size2: 600
    sfx:
        compute: 1
        stats: ["mean", "var", "median", "min", "max", "dmean", "dmean2", "dvar", "dvar2"]
    svm:
        compute: 0
    tonal:
        compute: 1
        frameSize: 4096
        hopSize: 2048
        zeroPadding: 0
        silentFrames: "noise"
        windowType: "blackmanharris62"
        stats: ["mean", "var", "median", "min", "max", "dmean", "dmean2", "dvar", "dvar2"]

lowlevel:
    average_loudness: 0.965334117413
    barkbands_kurtosis:
        dmean: 0.855523467064
        dmean2: 1.390578866
        dvar: 1.42521893978
        dvar2: 3.41231298447
        max: 33.2261428833
        mean: -0.178362235427
        median: -0.635564208031
        min: -1.93770623207
        var: 2.98570036888
    barkbands_skewness:
        dmean: 0.383094787598
        dmean2: 0.596984803677
        dvar: 0.128655657172
        dvar2: 0.292740225792
        max: 3.98879551888
        mean: -0.716239690781
        median: -0.747001349926
        min: -4.61534261703
        var: 0.508786380291
    barkbands_spread:
        dmean: 6.2499961853
        dmean2: 9.80637741089
        dvar: 29.2464485168
        dvar2: 69.5777664185
        max: 75.909324646
        mean: 32.4094314575
        median: 31.4408111572
        min: 2.13471078873
        var: 105.435913086
    dissonance:
        dmean: 0.00880667287856
        dmean2: 0.0152819389477
        dvar: 8.28857519082e-005
        dvar2: 0.000231744357734
        max: 0.500000059605
        mean: 0.487843066454
        median: 0.490831762552
        min: 0.393739134073
        var: 0.000110211192805
    hfc:
        dmean: 3.84212422371
        dmean2: 6.37251520157
        dvar: 39.3356552124
        dvar2: 106.667900085
        max: 67.4241638184
        mean: 11.2428350449
        median: 10.0074510574
        min: 1.12530285806e-016
        var: 52.8636283875
    pitch:
        dmean: 1043.02111816
        dmean2: 1981.59301758
        dvar: 1686217.25
        dvar2: 3832687
        max: 4511.84082031
        mean: 1989.76501465
        median: 1728.40905762
        min: 65.2915725708
        var: 2206931
    pitch_instantaneous_confidence:
        dmean: 0.0799420028925
        dmean2: 0.134386882186
        dvar: 0.00417591584846
        dvar2: 0.0114774256945
        max: 0.929462969303
        mean: 0.359233915806
        median: 0.346633732319
        min: 0.122218310833
        var: 0.0114403832704
    pitch_salience:
        dmean: 0.0511844046414
        dmean2: 0.0822830274701
        dvar: 0.00202098395675
        dvar2: 0.0048592062667
        max: 0.896583378315
        mean: 0.683720946312
        median: 0.698921084404
        min: 0.211132615805
        var: 0.00684482418001
    silence_rate_20dB:
        dmean: 0
        dmean2: 0
        dvar: 0
        dvar2: 0
        max: 1
        mean: 1
        median: 1
        min: 1
        var: 0
    silence_rate_30dB:
        dmean: 0
        dmean2: 0
        dvar: 0
        dvar2: 0
        max: 1
        mean: 1
        median: 1
        min: 1
        var: 0
    silence_rate_60dB:
        dmean: 0.0853316038847
        dmean2: 0.170681640506
        dvar: 0.0780518501997
        dvar2: 0.169418901205
        max: 1
        mean: 0.172696828842
        median: 0
        min: 0
        var: 0.142873570323
    spectral_centroid:
        dmean: 259.824371338
        dmean2: 405.862548828
        dvar: 64428.3671875
        dvar2: 140162.84375
        max: 10782.6630859
        mean: 2171.37133789
        median: 2195.27929688
        min: 242.959320068
        var: 276949.75
    spectral_complexity:
        dmean: 4.61309146881
        dmean2: 7.17014169693
        dvar: 19.6189556122
        dvar2: 44.0639228821
        max: 50
        mean: 20.4187278748
        median: 21
        min: 0
        var: 80.4758224487
    spectral_crest:
        dmean: 1.6198182106
        dmean2: 2.7095515728
        dvar: 2.18783426285
        dvar2: 5.73867034912
        max: 22.5622081757
        mean: 6.20008802414
        median: 5.68880748749
        min: 2.52514910698
        var: 4.78290939331
    spectral_decrease:
        dmean: 3.03771841015e-010
        dmean2: 4.92552387765e-010
        dvar: 1.62000802653e-019
        dvar2: 4.1868956456e-019
        max: -4.49371395949e-029
        mean: -1.05825848085e-009
        median: -9.99617832953e-010
        min: -4.11043421522e-009
        var: 2.5923390618e-019
    spectral_energy:
        dmean: 0.00146486761514
        dmean2: 0.00238755787723
        dvar: 4.25794041803e-006
        dvar2: 1.11708704935e-005
        max: 0.0212371256202
        mean: 0.00501387612894
        median: 0.00470200087875
        min: 1.03764258303e-020
        var: 6.44711280984e-006
    spectral_energyband_high:
        dmean: 0.000213726758375
        dmean2: 0.000358813471394
        dvar: 1.06026377011e-007
        dvar2: 2.89382796836e-007
        max: 0.0037370370701
        mean: 0.000534600520041
        median: 0.000411703542341
        min: 7.25547661031e-021
        var: 1.99062924366e-007
    spectral_energyband_low:
        dmean: 0.000251257239142
        dmean2: 0.000394529808545
        dvar: 7.91550291979e-008
        dvar2: 1.89298688724e-007
        max: 0.00393257290125
        mean: 0.00049612915609
        median: 0.000390981906094
        min: 4.22789781272e-023
        var: 1.74824023702e-007
    spectral_energyband_middle_high:
        dmean: 0.00113147869706
        dmean2: 0.00185431400314
        dvar: 2.69400243269e-006
        dvar2: 7.07451727067e-006
        max: 0.0177012290806
        mean: 0.0033033345826
        median: 0.00301469257101
        min: 1.46194116239e-021
        var: 4.15922158936e-006
    spectral_energyband_middle_low:
        dmean: 0.000376435316866
        dmean2: 0.000609034847002
        dvar: 2.30932812428e-007
        dvar2: 5.76426771204e-007
        max: 0.00550239998847
        mean: 0.000827368116006
        median: 0.000679545919411
        min: 3.64731366764e-022
        var: 3.67270246215e-007
    spectral_flatness_db:
        dmean: 0.0135915754363
        dmean2: 0.0223055910319
        dvar: 0.000146715159644
        dvar2: 0.000377986376407
        max: 0.369315207005
        mean: 0.141892626882
        median: 0.1360501647
        min: 0.0539164580405
        var: 0.000894715136383
    spectral_flux:
        dmean: 0.00770800421014
        dmean2: 0.0117528513074
        dvar: 8.13370497781e-005
        dvar2: 0.000144657518831
        max: 0.110287375748
        mean: 0.0451649874449
        median: 0.0435985140502
        min: 6.88099091595e-011
        var: 0.000242754613282
    spectral_kurtosis:
        dmean: 1.13471925259
        dmean2: 1.91862976551
        dvar: 3.39858937263
        dvar2: 9.77406597137
        max: 52.1472511292
        mean: 3.82969999313
        median: 3.49445533752
        min: -1.21861052513
        var: 5.93054819107
    spectral_rms:
        dmean: 0.000297994556604
        dmean2: 0.000473753199913
        dvar: 1.25561825826e-007
        dvar2: 3.15971561804e-007
        max: 0.00455182883888
        mean: 0.00213451776654
        median: 0.00214180257171
        min: 3.18172007838e-012
        var: 3.35422640774e-007
    spectral_rolloff:
        dmean: 247.648956299
        dmean2: 404.290679932
        dvar: 122364.65625
        dvar2: 241759.84375
        max: 18604.6875
        mean: 3625.63354492
        median: 3639.11132813
        min: 150.732421875
        var: 365984.9375
    spectral_skewness:
        dmean: 0.161687672138
        dmean2: 0.269173920155
        dvar: 0.0350072234869
        dvar2: 0.0999100729823
        max: 4.96163988113
        mean: 1.25316369534
        median: 1.25585496426
        min: -0.601696789265
        var: 0.0894901752472
    spectral_spread:
        dmean: 431777.34375
        dmean2: 649622.9375
        dvar: 482338897920
        dvar2: 872151056384
        max: 42672984
        mean: 4209337
        median: 4013431.5
        min: 1012060.25
        var: 2.02088225178e+012
    spectral_strongpeak:
        dmean: 0.661007463932
        dmean2: 1.15821766853
        dvar: 0.669041693211
        dvar2: 1.78140509129
        max: 6.79165029526
        mean: 0.813616514206
        median: 0.475889712572
        min: 4.19930895612e-011
        var: 0.940127849579
    zerocrossingrate:
        dmean: 0.00712759839371
        dmean2: 0.00862496625632
        dvar: 5.15182764502e-005
        dvar2: 5.94798584643e-005
        max: 0.51904296875
        mean: 0.115827441216
        median: 0.1171875
        min: 0.021484375
        var: 0.000433135603089
    barkbands:
        dmean: [7.11919142304e-007, 7.12413675501e-005, 0.00016204068379, 0.00012278307986, 0.000113640140626, 3.3622396586e-005, 5.16627187608e-005, 0.000109187225462, 0.000144833946251, 9.62539779721e-005, 0.000111423367343, 0.000111389701487, 9.18087680475e-005, 9.28579975152e-005, 0.000118664502224, 0.000157429778483, 0.000203677860554, 0.000240964305704, 0.000504033640027, 0.000263329420704, 0.000103694830614, 2.39512628468e-005, 5.00440000906e-006, 2.40746453528e-006, 1.5994506839e-006, 5.26785584043e-008, 2.04997172015e-010]
        dmean2: [1.20735967357e-006, 0.00011492449994, 0.000254799699178, 0.000202795956284, 0.000189113736269, 5.57116909476e-005, 8.86105699465e-005, 0.00018230274145, 0.000238023436395, 0.000157884234795, 0.000184714983334, 0.000183789583389, 0.000151335305418, 0.000150805673911, 0.000195501605049, 0.000265488430159, 0.000341180682881, 0.000395271665184, 0.000872887496371, 0.000455976754893, 0.000178058005986, 3.95845236199e-005, 8.02280828793e-006, 3.73586021851e-006, 2.48972764894e-006, 8.09233071664e-008, 3.81938453087e-010]
        dvar: [1.24217975316e-012, 7.91574894521e-009, 3.88750045488e-008, 2.36201707082e-008, 3.23308206873e-008, 2.86070633848e-009, 1.80590422616e-008, 4.91537406333e-008, 1.06420102952e-007, 3.42855130953e-008, 3.48337962919e-008, 4.29632329713e-008, 2.66222208722e-008, 4.58797480007e-008, 4.05212823296e-008, 6.2880658902e-008, 6.62273222929e-008, 9.22123604141e-008, 7.44069097891e-007, 1.92948149902e-007, 3.09595904469e-008, 2.40956232744e-009, 1.27031857255e-010, 3.32702372596e-011, 2.0455337077e-011, 1.63455014091e-014, 9.21686126784e-020]
        dvar2: [3.36981441015e-012, 2.03788772524e-008, 9.06947263957e-008, 6.30580530014e-008, 8.83928663598e-008, 7.73091457518e-009, 5.02270971481e-008, 1.27428151586e-007, 2.65083599515e-007, 8.73978649452e-008, 9.24358616317e-008, 1.12086766535e-007, 6.455665158e-008, 1.14405125373e-007, 1.01062326507e-007, 1.65619155723e-007, 1.71991374032e-007, 2.23250154363e-007, 2.0689608391e-006, 5.43487544746e-007, 8.58103987866e-008, 6.17414919191e-009, 3.19134912941e-010, 7.73084374295e-011, 4.73516260924e-011, 3.55029861846e-014, 2.96345286814e-019]
        max: [1.39917465276e-005, 0.000943039543927, 0.00291782990098, 0.00178492860869, 0.00372569053434, 0.00101918133441, 0.00333789456636, 0.00244933227077, 0.00427917437628, 0.00365851167589, 0.00254772254266, 0.00392269762233, 0.00289418152533, 0.0059588146396, 0.00392542453483, 0.00467572361231, 0.00583376921713, 0.00647420017049, 0.0111051071435, 0.00447433348745, 0.00223813694902, 0.00120750954375, 0.000250261509791, 0.000105135113699, 9.02837055037e-005, 2.29851434597e-006, 3.74081965404e-009]
        mean: [1.04308935533e-006, 0.000114909853437, 0.00027177555603, 0.000170936924405, 0.000177810332389, 5.76694546908e-005, 6.12954245298e-005, 0.000134987218189, 0.000174967717612, 0.000146932390635, 0.000168139042216, 0.000165669727721, 0.000136875780299, 0.000137762355735, 0.000198107620236, 0.000273892073892, 0.000410935870605, 0.000525593815837, 0.000899032980669, 0.000499636749737, 0.000221619353397, 4.75324341096e-005, 9.2682430477e-006, 4.59712100565e-006, 2.79377832157e-006, 9.56269374797e-008, 1.57805601919e-010]
        median: [6.03703256274e-007, 9.16245335247e-005, 0.000178649177542, 0.000118708150694, 0.000120378383144, 3.90620043618e-005, 2.9000451832e-005, 4.13191519328e-005, 6.70205772622e-005, 5.45034599782e-005, 6.06150933891e-005, 6.40794969513e-005, 6.59819270368e-005, 5.38483764103e-005, 0.000116715491458, 0.000208208628464, 0.000347132096067, 0.000422672223067, 0.000718124851119, 0.000369394983863, 0.000167173508089, 3.37371566275e-005, 5.86918395129e-006, 2.73826753983e-006, 1.40302108775e-006, 3.83367186885e-008, 5.9652942308e-011]
        min: [5.66465633252e-024, 3.93064855497e-024, 2.40420270337e-023, 2.15893145123e-024, 2.97248311114e-023, 3.57097768043e-023, 1.68674917175e-023, 3.67526067448e-023, 5.46832825918e-023, 7.80984223746e-023, 1.9563220335e-023, 4.76263222604e-023, 6.82061318666e-023, 4.7221579818e-023, 6.91859602198e-023, 1.14068908242e-022, 1.54778977713e-022, 1.11452187199e-022, 2.11250210391e-022, 2.57560737905e-022, 3.83890690315e-022, 4.97521875418e-022, 7.29559012423e-022, 7.03699419887e-022, 1.06026964824e-021, 1.58165394758e-021, 2.2040851442e-021]
        var: [1.63613057564e-012, 1.02265707014e-008, 9.09556234774e-008, 2.97787909886e-008, 3.67181627325e-008, 4.0417278413e-009, 1.51645984658e-008, 5.88447015559e-008, 1.15409115153e-007, 6.02980136932e-008, 6.61391084122e-008, 6.65295445401e-008, 4.08191915824e-008, 6.15903914536e-008, 6.03624741302e-008, 7.70189387822e-008, 1.16796414318e-007, 1.96485601123e-007, 7.17285161045e-007, 2.18125748574e-007, 4.2198895045e-008, 3.17683124251e-009, 1.61512608843e-010, 4.78741837839e-011, 2.75259363913e-011, 2.74548653668e-014, 7.07794733343e-020]
    frequency_bands:
        dmean: [7.11919142304e-007, 7.12413675501e-005, 0.00016204068379, 0.00012278307986, 0.000113640140626, 3.3622396586e-005, 5.16627187608e-005, 0.000109187225462, 0.000144833946251, 9.62539779721e-005, 0.000111423367343, 0.000111389701487, 9.18087680475e-005, 9.28579975152e-005, 0.000118664502224, 0.000157429778483, 0.000203677860554, 0.000240964305704, 0.000504033640027, 0.000263329420704, 0.000103694830614, 2.39512628468e-005, 5.00440000906e-006, 2.40746453528e-006, 1.5994506839e-006, 5.26785584043e-008, 2.04997172015e-010, 5.8189283253e-011]
        dmean2: [1.20735967357e-006, 0.00011492449994, 0.000254799699178, 0.000202795956284, 0.000189113736269, 5.57116909476e-005, 8.86105699465e-005, 0.00018230274145, 0.000238023436395, 0.000157884234795, 0.000184714983334, 0.000183789583389, 0.000151335305418, 0.000150805673911, 0.000195501605049, 0.000265488430159, 0.000341180682881, 0.000395271665184, 0.000872887496371, 0.000455976754893, 0.000178058005986, 3.95845236199e-005, 8.02280828793e-006, 3.73586021851e-006, 2.48972764894e-006, 8.09233071664e-008, 3.81938453087e-010, 1.08416012279e-010]
        dvar: [1.24217975316e-012, 7.91574894521e-009, 3.88750045488e-008, 2.36201707082e-008, 3.23308206873e-008, 2.86070633848e-009, 1.80590422616e-008, 4.91537406333e-008, 1.06420102952e-007, 3.42855130953e-008, 3.48337962919e-008, 4.29632329713e-008, 2.66222208722e-008, 4.58797480007e-008, 4.05212823296e-008, 6.2880658902e-008, 6.62273222929e-008, 9.22123604141e-008, 7.44069097891e-007, 1.92948149902e-007, 3.09595904469e-008, 2.40956232744e-009, 1.27031857255e-010, 3.32702372596e-011, 2.0455337077e-011, 1.63455014091e-014, 9.21686126784e-020, 7.41565076552e-021]
        dvar2: [3.36981441015e-012, 2.03788772524e-008, 9.06947263957e-008, 6.30580530014e-008, 8.83928663598e-008, 7.73091457518e-009, 5.02270971481e-008, 1.27428151586e-007, 2.65083599515e-007, 8.73978649452e-008, 9.24358616317e-008, 1.12086766535e-007, 6.455665158e-008, 1.14405125373e-007, 1.01062326507e-007, 1.65619155723e-007, 1.71991374032e-007, 2.23250154363e-007, 2.0689608391e-006, 5.43487544746e-007, 8.58103987866e-008, 6.17414919191e-009, 3.19134912941e-010, 7.73084374295e-011, 4.73516260924e-011, 3.55029861846e-014, 2.96345286814e-019, 2.38477204575e-020]
        max: [1.39917465276e-005, 0.000943039543927, 0.00291782990098, 0.00178492860869, 0.00372569053434, 0.00101918133441, 0.00333789456636, 0.00244933227077, 0.00427917437628, 0.00365851167589, 0.00254772254266, 0.00392269762233, 0.00289418152533, 0.0059588146396, 0.00392542453483, 0.00467572361231, 0.00583376921713, 0.00647420017049, 0.0111051071435, 0.00447433348745, 0.00223813694902, 0.00120750954375, 0.000250261509791, 0.000105135113699, 9.02837055037e-005, 2.29851434597e-006, 3.74081965404e-009, 1.0588799837e-009]
        mean: [1.04308935533e-006, 0.000114909853437, 0.00027177555603, 0.000170936924405, 0.000177810332389, 5.76694546908e-005, 6.12954245298e-005, 0.000134987218189, 0.000174967717612, 0.000146932390635, 0.000168139042216, 0.000165669727721, 0.000136875780299, 0.000137762355735, 0.000198107620236, 0.000273892073892, 0.000410935870605, 0.000525593815837, 0.000899032980669, 0.000499636749737, 0.000221619353397, 4.75324341096e-005, 9.2682430477e-006, 4.59712100565e-006, 2.79377832157e-006, 9.56269374797e-008, 1.57805601919e-010, 4.4461767601e-011]
        median: [6.03703256274e-007, 9.16245335247e-005, 0.000178649177542, 0.000118708150694, 0.000120378383144, 3.90620043618e-005, 2.9000451832e-005, 4.13191519328e-005, 6.70205772622e-005, 5.45034599782e-005, 6.06150933891e-005, 6.40794969513e-005, 6.59819270368e-005, 5.38483764103e-005, 0.000116715491458, 0.000208208628464, 0.000347132096067, 0.000422672223067, 0.000718124851119, 0.000369394983863, 0.000167173508089, 3.37371566275e-005, 5.86918395129e-006, 2.73826753983e-006, 1.40302108775e-006, 3.83367186885e-008, 5.9652942308e-011, 1.65100346589e-011]
        min: [5.66465633252e-024, 3.93064855497e-024, 2.40420270337e-023, 2.15893145123e-024, 2.97248311114e-023, 3.57097768043e-023, 1.68674917175e-023, 3.67526067448e-023, 5.46832825918e-023, 7.80984223746e-023, 1.9563220335e-023, 4.76263222604e-023, 6.82061318666e-023, 4.7221579818e-023, 6.91859602198e-023, 1.14068908242e-022, 1.54778977713e-022, 1.11452187199e-022, 2.11250210391e-022, 2.57560737905e-022, 3.83890690315e-022, 4.97521875418e-022, 7.29559012423e-022, 7.03699419887e-022, 1.06026964824e-021, 1.58165394758e-021, 2.2040851442e-021, 6.39296007791e-022]
        var: [1.63613057564e-012, 1.02265707014e-008, 9.09556234774e-008, 2.97787909886e-008, 3.67181627325e-008, 4.0417278413e-009, 1.51645984658e-008, 5.88447015559e-008, 1.15409115153e-007, 6.02980136932e-008, 6.61391084122e-008, 6.65295445401e-008, 4.08191915824e-008, 6.15903914536e-008, 6.03624741302e-008, 7.70189387822e-008, 1.16796414318e-007, 1.96485601123e-007, 7.17285161045e-007, 2.18125748574e-007, 4.2198895045e-008, 3.17683124251e-009, 1.61512608843e-010, 4.78741837839e-011, 2.75259363913e-011, 2.74548653668e-014, 7.07794733343e-020, 5.68590705254e-021]
    mfcc:
        mean: [-697.409301758, 89.9611282349, -61.2882728577, 58.8742294312, -5.19581604004, -0.345998317003, 13.5072984695, 3.87598752975, 5.72916460037, -1.88028049469, -2.01543998718, -2.34847927094, -4.85929584503]
        cov: [[4636.10742188, 313.579162598, -452.063659668, 136.184585571, -379.815338135, -51.4768829346, -80.2417907715, 13.9972143173, 47.692073822, -19.8608474731, -25.9778118134, 16.8973369598, 3.15230059624], [313.579162598, 615.079589844, -312.553405762, 110.343772888, 25.3159389496, -0.0519368313253, 58.2104606628, -8.74465656281, -18.1104507446, -21.4024848938, -3.82507228851, 1.46998476982, -34.0556182861], [-452.063659668, -312.553405762, 470.645507813, -23.1279945374, 2.13446044922, 12.1426858902, -31.5923652649, 37.4704322815, 42.7130622864, 7.65012359619, -10.228055954, -13.4355144501, 31.6138381958], [136.184585571, 110.343772888, -23.1279945374, 283.743804932, 56.6030769348, -23.2369060516, -30.6480579376, -31.6473426819, 22.3251514435, -1.07498371601, -12.4082841873, 32.045337677, -3.42294597626], [-379.815338135, 25.3159389496, 2.13446044922, 56.6030769348, 252.277435303, 62.2181472778, 23.8190574646, -39.0033149719, -28.7572612762, 18.3901023865, 28.1061820984, -11.2940511703, -10.7664527893], [-51.4768829346, -0.0519368313253, 12.1426858902, -23.2369060516, 62.2181472778, 157.262207031, 62.6464347839, 17.1830062866, -20.4166240692, -4.01615571976, 13.634270668, -25.8463878632, -6.68874073029], [-80.2417907715, 58.2104606628, -31.5923652649, -30.6480579376, 23.8190574646, 62.6464347839, 148.126693726, 53.042301178, -3.53287267685, -27.3393688202, -6.62033700943, -17.0450878143, -8.46585941315], [13.9972143173, -8.74465656281, 37.4704322815, -31.6473426819, -39.0033149719, 17.1830062866, 53.042301178, 108.887329102, 25.1192035675, -18.9814224243, -17.6731376648, -23.0883827209, 10.0824136734], [47.692073822, -18.1104507446, 42.7130622864, 22.3251514435, -28.7572612762, -20.4166240692, -3.53287267685, 25.1192035675, 90.3387908936, 23.5981521606, -3.22928142548, 2.13928985596, -5.67738389969], [-19.8608474731, -21.4024848938, 7.65012359619, -1.07498371601, 18.3901023865, -4.01615571976, -27.3393688202, -18.9814224243, 23.5981521606, 86.6158294678, 38.93907547, 10.5667104721, -11.845615387], [-25.9778118134, -3.82507228851, -10.228055954, -12.4082841873, 28.1061820984, 13.634270668, -6.62033700943, -17.6731376648, -3.22928142548, 38.93907547, 77.3126983643, 20.9354801178, 2.09901475906], [16.8973369598, 1.46998476982, -13.4355144501, 32.045337677, -11.2940511703, -25.8463878632, -17.0450878143, -23.0883827209, 2.13928985596, 10.5667104721, 20.9354801178, 78.3827438354, 21.4631137848], [3.15230059624, -34.0556182861, 31.6138381958, -3.42294597626, -10.7664527893, -6.68874073029, -8.46585941315, 10.0824136734, -5.67738389969, -11.845615387, 2.09901475906, 21.4631137848, 60.9543418884]]
        icov: [[0.000299463834381, -3.62166906598e-006, 0.000321301718941, -0.000238968947087, 0.000534525490366, -0.000240507244598, 0.000209628531593, -1.14885597213e-005, -0.000145777099533, 7.02353554516e-006, -9.22713443288e-005, 0.000205105825444, -0.000179791793926], [-3.62166906598e-006, 0.00282475329004, 0.00174559815787, -0.00110100710299, -2.71900844382e-005, 0.000184432166861, -0.000809931661934, -0.000288816256216, 1.57858157763e-005, 0.000362687685993, -0.0002622968168, 0.000373541843146, 0.000511391670443], [0.000321301718941, 0.00174559815787, 0.00396903976798, -0.000586524023674, 0.000113508547656, -0.000703200523276, 0.000880950479768, -0.00101019802969, -0.00149989151396, 0.000183654090506, 0.000212950850255, 0.000811176956631, -0.00129744934384], [-0.000238968947087, -0.00110100710299, -0.000586524023674, 0.0051681199111, -0.00205252575688, 0.000221810856601, 0.0012177642202, 0.000530634250026, -0.00186235003639, 0.000867788854521, 0.00173226941843, -0.00263541215099, 0.000598302925937], [0.000534525490366, -2.71900844382e-005, 0.000113508547656, -0.00205252575688, 0.00669097714126, -0.00190104951616, -0.00126952060964, 0.00234174425714, 0.00134509638883, -0.00128790526651, -0.00169819034636, 0.00226961285807, -0.000673101749271], [-0.000240507244598, 0.000184432166861, -0.000703200523276, 0.000221810856601, -0.00190104951616, 0.00938718393445, -0.00367013644427, -0.000349205569364, 0.00186694820877, -0.000250867131399, -0.00188377930317, 0.00220278184861, 0.00014934616047], [0.000209628531593, -0.000809931661934, 0.000880950479768, 0.0012177642202, -0.00126952060964, -0.00367013644427, 0.0118444068357, -0.00553481234238, -0.000866576679982, 0.00318257324398, 9.32081775318e-007, -0.00185232749209, 0.00227169226855], [-1.14885597213e-005, -0.000288816256216, -0.00101019802969, 0.000530634250026, 0.00234174425714, -0.000349205569364, -0.00553481234238, 0.0158307347447, -0.00428419467062, 0.00103276199661, 0.000535776140168, 0.00432796264067, -0.00435973750427], [-0.000145777099533, 1.57858157763e-005, -0.00149989151396, -0.00186235003639, 0.00134509638883, 0.00186694820877, -0.000866576679982, -0.00428419467062, 0.0160863604397, -0.00593361258507, 0.001380897942, -0.000737184891477, 0.00227765226737], [7.02353554516e-006, 0.000362687685993, 0.000183654090506, 0.000867788854521, -0.00128790526651, -0.000250867131399, 0.00318257324398, 0.00103276199661, -0.00593361258507, 0.0192585811019, -0.00862948875874, -0.000813398743048, 0.00394547730684], [-9.22713443288e-005, -0.0002622968168, 0.000212950850255, 0.00173226941843, -0.00169819034636, -0.00188377930317, 9.32081775318e-007, 0.000535776140168, 0.001380897942, -0.00862948875874, 0.0201384518296, -0.00529962731525, -0.0011258966988], [0.000205105825444, 0.000373541843146, 0.000811176956631, -0.00263541215099, 0.00226961285807, 0.00220278184861, -0.00185232749209, 0.00432796264067, -0.000737184891477, -0.000813398743048, -0.00529962731525, 0.019475793466, -0.00760317733511], [-0.000179791793926, 0.000511391670443, -0.00129744934384, 0.000598302925937, -0.000673101749271, 0.00014934616047, 0.00227169226855, -0.00435973750427, 0.00227765226737, 0.00394547730684, -0.0011258966988, -0.00760317733511, 0.0220362842083]]
    sccoeffs:
        dmean: [0.0507055111229, 0.0485057346523, 0.040187060833, 0.0301716458052, 0.0210317447782, 0.0204500555992]
        dmean2: [0.0837420523167, 0.0807914361358, 0.0671067088842, 0.0505218096077, 0.0352823883295, 0.0330940298736]
        dvar: [0.00164770404808, 0.00169413932599, 0.00110854615923, 0.000599087739829, 0.000313504482619, 0.000342439394444]
        dvar2: [0.00441639684141, 0.00449382606894, 0.00302707403898, 0.00161886890419, 0.000835757295135, 0.000862158311065]
        max: [-0.314271390438, -0.493896245956, -0.580941855907, -0.600940227509, -0.506092488766, -0.585833609104]
        mean: [-0.69340890646, -0.781273126602, -0.793206512928, -0.79178839922, -0.787564516068, -0.731416463852]
        median: [-0.698433756828, -0.789678812027, -0.798744320869, -0.793449938297, -0.790443360806, -0.728926241398]
        min: [-0.960430681705, -0.970443964005, -0.970117807388, -0.96153318882, -0.966423690319, -0.963844835758]
        var: [0.00431588850915, 0.00405536964536, 0.00293010286987, 0.0016774404794, 0.00121359259356, 0.00169231765904]
    scvalleys:
        dmean: [0.34511834383, 0.388218820095, 0.32280600071, 0.260666489601, 0.208224773407, 0.258073031902]
        dmean2: [0.572680592537, 0.635232746601, 0.51330190897, 0.408982485533, 0.324550628662, 0.364738404751]
        dvar: [0.0925653800368, 0.115786761045, 0.090710401535, 0.0702282264829, 0.0665781646967, 0.0973062515259]
        dvar2: [0.225532948971, 0.28041639924, 0.194542422891, 0.13326741755, 0.127219557762, 0.173868328333]
        max: [-5.36751508713, -5.03296089172, -5.10024690628, -5.41198778152, -5.26725435257, -7.5389585495]
        mean: [-6.74811601639, -6.9999332428, -6.88129234314, -6.94931268692, -6.63720750809, -9.69865608215]
        median: [-6.54397535324, -6.81676197052, -6.7557091713, -6.80171871185, -6.43670272827, -9.49865722656]
        min: [-27.7109737396, -27.5800800323, -27.4839363098, -27.3478221893, -27.2263641357, -27.2167949677]
        var: [1.84132504463, 1.60550534725, 1.60519754887, 1.44232141972, 1.33119833469, 1.45267939568]

rhythm:
    beats_loudness:
        dmean: 0.00261615775526
        dmean2: 0.00477560376748
        dvar: 4.02585874326e-006
        dvar2: 1.30905482365e-005
        max: 0.0137900151312
        mean: 0.00563234789297
        median: 0.00546324346215
        min: 5.88564570345e-012
        var: 5.32230296812e-006
    bpm: 126.065788269
    bpm_confidence: 0
    first_peak_bpm: 126
    first_peak_spread: 0.423963099718
    first_peak_weight: 0.554323732853
    onset_rate: 3.07961940765
    second_peak_bpm: 133
    second_peak_spread: 0
    second_peak_weight: 0.0133037697524
    beats_loudness_band_ratio:
        dmean: [0.100488044322, 0.0307076517493, 0.0799266770482, 0.0799014866352, 0.0955021604896, 0.0925496667624]
        dmean2: [0.177147969604, 0.0531125441194, 0.139432728291, 0.140034556389, 0.163762047887, 0.162355870008]
        dvar: [0.00732879247516, 0.000887302216142, 0.00703797489405, 0.00551816960797, 0.00618688669056, 0.00548002868891]
        dvar2: [0.0206916965544, 0.00244711712003, 0.0189165510237, 0.0164412241429, 0.0160806104541, 0.0146253416315]
        max: [0.75073415041, 0.23508797586, 0.562787175179, 0.46840557456, 0.830471336842, 0.638443112373]
        mean: [0.131760522723, 0.0472041405737, 0.0942820012569, 0.120171554387, 0.324788480997, 0.307922154665]
        median: [0.100818872452, 0.039296284318, 0.065425992012, 0.0910970717669, 0.319943249226, 0.307924091816]
        min: [0, 0, 0, 0, 0, 0]
        var: [0.0103955324739, 0.00113230757415, 0.00826711021364, 0.00781560875475, 0.0109548503533, 0.0093490825966]
    beats_position: [0.441179126501, 0.893968224525, 1.34675729275, 1.79954648018, 2.2523355484, 2.71673464775, 3.1811337471, 3.65714287758, 4.14476203918, 4.62077093124, 5.0967798233, 5.5727891922, 6.03718805313, 6.5015873909, 6.97759628296, 7.46521520615, 7.94122457504, 8.42884349823, 8.90485286713, 9.38086128235, 9.85687065125, 10.3328800201, 10.8088884354, 11.2848978043, 11.7609071732, 12.2369155884, 12.7129249573, 13.1889343262, 13.6649427414, 14.1409521103, 14.6285715103, 15.1045799255, 15.5921993256, 16.0682086945, 16.5442180634, 17.0086174011, 17.4730148315, 17.9490242004, 18.4250335693, 18.9010429382, 19.3886623383, 19.8762817383, 20.3522891998, 20.8282985687, 21.3159179688, 21.7919273376, 22.2679367065, 22.7439460754, 23.219953537, 23.6959629059, 24.1719722748, 24.6363716125, 25.1239910126, 25.6116104126, 26.0876178741, 26.563627243, 27.0280265808, 27.5040359497, 27.9684352875, 28.4444446564, 28.9204521179, 29.3964614868, 29.8724708557, 30.3484802246, 30.8244895935, 31.3004989624, 31.776506424, 32.2525177002, 32.7285270691, 33.204536438, 33.6805419922, 34.1565513611, 34.6209526062, 35.1085700989, 35.572971344, 36.0489807129, 36.5249862671, 37.0126075745, 37.4886169434, 37.9646263123, 38.4406356812, 38.91664505, 39.3926506042, 39.8802719116, 40.3562812805, 40.8206787109, 41.2850799561, 41.7494773865, 42.2254867554, 42.7247161865, 43.1891136169, 43.6651229858, 44.129524231, 44.6055335999, 45.0815429688, 45.5575485229, 46.0335578918, 46.5095672607, 46.9971885681, 47.4848060608, 47.9492073059, 48.4368247986, 48.9128341675, 49.3888435364, 49.8764610291, 50.3640823364, 50.8400878906, 51.3160972595, 51.7804985046, 52.2448959351, 52.7092971802, 53.1969146729, 53.661315918, 54.1257133484, 54.6017227173, 55.0777320862, 55.5537414551, 56.029750824, 56.5057601929, 56.9817695618, 57.457775116, 57.9337844849, 58.4097938538, 58.8858032227, 59.3618125916, 59.8378219604, 60.3254394531, 60.8130607605, 61.2890701294, 61.7650794983, 62.252696991, 62.7403144836, 63.227935791, 63.7155532837, 64.1915664673, 64.6675720215, 65.1435852051, 65.6195907593, 66.0839920044, 66.5483856201, 67.0127868652, 67.4771881104, 67.9531936646, 68.4292068481, 68.8936004639, 69.3812255859, 69.8688430786, 70.3564605713, 70.844078064, 71.3316955566, 71.8077087402, 72.2837142944, 72.759727478, 73.2357330322, 73.7117462158, 74.1761474609, 74.6405410767, 75.0933303833, 75.5577316284, 76.0221328735, 76.4865264893, 76.9741516113, 77.461769104, 77.9493865967, 78.4370040894, 78.924621582, 79.4006347656, 79.8882522583, 80.3642578125, 80.8518829346, 81.3395004272, 81.8155059814, 82.291519165, 82.7559204102, 83.2203140259, 83.684715271, 84.1607208252, 84.6367340088, 85.112739563, 85.5887527466, 86.0531539917, 86.5175476074, 86.9819488525, 87.4579544067, 87.9339675903, 88.3983688354, 88.8743743896, 89.3619918823, 89.8380050659, 90.3256225586, 90.8016281128, 91.2776412964, 91.7420425415, 92.2296600342, 92.7056655884, 93.181678772, 93.6460723877, 94.1336975098, 94.609703064, 95.0857162476, 95.5733337402, 96.0609512329, 96.525352478, 96.9897460938, 97.4541473389, 97.9417648315, 98.4177780151, 98.8937835693, 99.3581848145, 99.8458023071, 100.321815491, 100.797821045, 101.273826599, 101.749839783, 102.225845337, 102.701858521, 103.177864075, 103.665489197, 104.153106689, 104.629112244, 105.093513489, 105.569519043, 106.045532227, 106.509933472, 106.985939026, 107.485168457, 107.961174011, 108.437187195, 108.913192749, 109.389205933, 109.853607178, 110.329612732, 110.805618286, 111.270019531, 111.734420776, 112.222038269, 112.698051453, 113.174057007, 113.650062561, 114.126075745, 114.59047699, 115.078094482, 115.554100037, 116.03011322, 116.506118774, 116.982131958, 117.469749451, 117.957366943, 118.433380127, 118.909385681, 119.385391235, 119.861404419, 120.349021912, 120.825035095, 121.289428711, 121.765441895, 122.241447449, 122.717460632, 123.181854248, 123.66947937, 124.145484924, 124.621498108, 125.097503662, 125.573509216, 126.0495224, 126.525527954, 127.001541138, 127.477546692, 127.965164185, 128.452789307, 128.94039917, 129.404800415, 129.880813599, 130.356826782, 130.832824707, 131.308837891, 131.773239136, 132.237640381, 132.713653564, 133.189651489, 133.665664673, 134.141677856, 134.61769104, 135.093688965, 135.581314087, 136.068939209, 136.556549072, 137.044174194, 137.508575439, 137.996185303, 138.472198486, 138.94821167, 139.412597656, 139.876998901, 140.341400146, 140.81741333, 141.293426514, 141.757827759, 142.233825684, 142.721450806, 143.197463989, 143.685073853, 144.161087036, 144.63710022, 145.124710083, 145.612335205, 146.088348389, 146.564346313, 147.028747559, 147.493148804, 147.957550049, 148.421951294, 148.886352539, 149.362350464, 149.838363647, 150.32598877, 150.801986694, 151.277999878, 151.742401123, 152.218414307, 152.694412231, 153.182037354, 153.669662476, 154.1456604, 154.621673584, 155.097686768, 155.573699951, 156.038085938, 156.514099121, 156.990112305, 157.477722168, 157.953735352, 158.429748535, 158.905761719, 159.381759644, 159.846160889, 160.310562134, 160.798187256, 161.274185181, 161.750198364, 162.226211548, 162.702224731, 163.166610718, 163.631011963, 164.095413208, 164.58303833, 165.070648193, 165.558273315, 166.022674561, 166.510284424, 166.986297607, 167.462310791, 167.949935913, 168.425933838, 168.901947021, 169.377960205, 169.84236145, 170.318359375, 170.78276062, 171.247161865, 171.723175049, 172.210784912, 172.698410034, 173.174423218, 173.650421143, 174.126434326, 174.60244751, 175.078460693, 175.554458618, 176.030471802, 176.506484985, 176.982498169, 177.446884155, 177.934509277, 178.398910522, 178.863311768, 179.339309692, 179.815322876, 180.302947998, 180.778961182, 181.243347168, 181.719360352, 182.195373535, 182.671386719, 183.147384644, 183.635009766, 184.111022949, 184.598632813, 185.086257935, 185.573867798, 186.038269043, 186.502670288, 186.978683472, 187.466293335, 187.942306519, 188.418319702, 188.894332886, 189.381942749, 189.846343994, 190.322357178, 190.798370361, 191.274368286, 191.738769531, 192.214782715, 192.67918396, 193.155181885, 193.61958313, 194.095596313, 194.571609497, 195.047622681, 195.512008667, 195.999633789, 196.487258911, 196.963256836, 197.43927002, 197.915283203, 198.391296387, 198.87890625, 199.366531372, 199.842529297, 200.31854248, 200.794555664, 201.270568848, 201.758178711, 202.245803833, 202.721817017, 203.197814941, 203.673828125, 204.149841309, 204.625839233, 205.101852417, 205.577865601, 206.065490723, 206.541488647, 207.017501831, 207.493515015, 207.95791626, 208.433914185, 208.909927368, 209.374328613, 209.82711792, 210.291519165, 210.76751709, 211.162261963, 211.557006836, 211.95173645, 212.346481323, 212.752838135, 213.147567749, 213.553924561, 213.960266113, 214.366622925]
