
metadata:
    version:
        essentia: "2.1-beta2"
    audio_properties:
        analysis_sample_rate: 44100
        bitrate: 320
        channels: 2
        equal_loudness: 1
        length: 263.888977051
        replay_gain: -14.5771999359
        downmix: "mix"
    tags:
        album: "Ire"
        artist: "Parkway Drive"
        comment: ""
        date: "2015"
        genre: "Alternative"
        title: "Writings On The Wall"
        tracknumber: "06/11"

configuration:
    average_loudness:
        compute: 1
        frameSize: 88200
        hopSize: 44100
        silentFrames: "noise"
        windowType: "hann"
    general:
        analysisSampleRate: 44100
        endTime: 2000
        equalLoudness: 1
        nequalLoudness: 0
        shortSound: 0
        startTime: 0
    lowlevel:
        compute: 1
        frameSize: 2048
        hopSize: 1024
        zeroPadding: 0
        silentFrames: "noise"
        windowType: "blackmanharris62"
        mfccStats: ["mean", "cov", "icov"]
        stats: ["mean", "var", "median", "min", "max", "dmean", "dmean2", "dvar", "dvar2"]
    panning:
        compute: 0
        frameSize: 8192
        hopSize: 2048
        zeroPadding: 8192
        silentFrames: "noise"
        windowType: "hann"
        stats: ["copy"]
    rhythm:
        compute: 1
        maxTempo: 208
        minTempo: 40
        method: "degara"
        stats: ["mean", "var", "median", "min", "max", "dmean", "dmean2", "dvar", "dvar2"]
    segmentation:
        compute: 0
        cpw: 5
        inc1: 300
        inc2: 50
        minimumSegmentsLength: 10
        size1: 1000
        size2: 600
    sfx:
        compute: 1
        stats: ["mean", "var", "median", "min", "max", "dmean", "dmean2", "dvar", "dvar2"]
    svm:
        compute: 0
    tonal:
        compute: 1
        frameSize: 4096
        hopSize: 2048
        zeroPadding: 0
        silentFrames: "noise"
        windowType: "blackmanharris62"
        stats: ["mean", "var", "median", "min", "max", "dmean", "dmean2", "dvar", "dvar2"]

lowlevel:
    average_loudness: 0.812050402164
    barkbands_kurtosis:
        dmean: 0.957273066044
        dmean2: 1.60794758797
        dvar: 2.2778878212
        dvar2: 6.2450838089
        max: 32.6518592834
        mean: 0.134930700064
        median: -0.647193431854
        min: -1.89378333092
        var: 5.05150651932
    barkbands_skewness:
        dmean: 0.440191358328
        dmean2: 0.691255331039
        dvar: 0.234237983823
        dvar2: 0.579466402531
        max: 5.54529857635
        mean: 0.571030974388
        median: 0.535444140434
        min: -2.94146084785
        var: 0.775173485279
    barkbands_spread:
        dmean: 5.42811822891
        dmean2: 8.82650089264
        dvar: 36.0556488037
        dvar2: 90.6236572266
        max: 83.4655914307
        mean: 28.6728076935
        median: 28.5158462524
        min: 2.40155410767
        var: 153.813415527
    dissonance:
        dmean: 0.0146775525063
        dmean2: 0.0251777507365
        dvar: 0.000253999140114
        dvar2: 0.000700961507391
        max: 0.5
        mean: 0.471792966127
        median: 0.480314493179
        min: 0.265354663134
        var: 0.000701959943399
    hfc:
        dmean: 1.9837243557
        dmean2: 3.12145543098
        dvar: 14.6815662384
        dvar2: 36.1961364746
        max: 65.3324813843
        mean: 5.43645334244
        median: 4.42891979218
        min: 1.08222693136e-016
        var: 30.073348999
    pitch:
        dmean: 575.953186035
        dmean2: 1091.24853516
        dvar: 1283321.625
        dvar2: 3167801.75
        max: 5423.01757813
        mean: 820.305236816
        median: 263.201293945
        min: 64.3846740723
        var: 1563401.125
    pitch_instantaneous_confidence:
        dmean: 0.0717975497246
        dmean2: 0.117745392025
        dvar: 0.00462418561801
        dvar2: 0.0118232117966
        max: 0.961170196533
        mean: 0.37071660161
        median: 0.319424182177
        min: 0.103328108788
        var: 0.0316388718784
    pitch_salience:
        dmean: 0.0622955746949
        dmean2: 0.101778186858
        dvar: 0.00401816563681
        dvar2: 0.0111180599779
        max: 0.89812797308
        mean: 0.643527984619
        median: 0.664863884449
        min: 0.147632658482
        var: 0.0107187470421
    silence_rate_20dB:
        dmean: 0
        dmean2: 0
        dvar: 0
        dvar2: 0
        max: 1
        mean: 1
        median: 1
        min: 1
        var: 0
    silence_rate_30dB:
        dmean: 0
        dmean2: 0
        dvar: 0
        dvar2: 0
        max: 1
        mean: 1
        median: 1
        min: 1
        var: 0
    silence_rate_60dB:
        dmean: 0.0879894420505
        dmean2: 0.175994366407
        dvar: 0.0802539288998
        dvar2: 0.173893332481
        max: 1
        mean: 0.425303548574
        median: 0
        min: 0
        var: 0.244443491101
    spectral_centroid:
        dmean: 291.220184326
        dmean2: 452.430969238
        dvar: 144671.125
        dvar2: 310392.6875
        max: 11450.9179688
        mean: 1333.88952637
        median: 1193.22070313
        min: 172.659439087
        var: 577487.375
    spectral_complexity:
        dmean: 3.25842499733
        dmean2: 5.05983829498
        dvar: 16.77759552
        dvar2: 37.5645103455
        max: 46
        mean: 12.1342601776
        median: 11
        min: 0
        var: 95.3556747437
    spectral_crest:
        dmean: 2.03374791145
        dmean2: 3.37642860413
        dvar: 4.44111728668
        dvar2: 12.0841827393
        max: 23.3700637817
        mean: 7.12653923035
        median: 6.3019785881
        min: 2.14252519608
        var: 10.9654884338
    spectral_decrease:
        dmean: 3.05954928059e-010
        dmean2: 4.91897245158e-010
        dvar: 3.82283975784e-019
        dvar2: 1.03704853487e-018
        max: 1.23910131687e-028
        mean: -8.94933682716e-010
        median: -8.16548495486e-010
        min: -8.30397794971e-009
        var: 7.58192095105e-019
    spectral_energy:
        dmean: 0.00128596520517
        dmean2: 0.00205495255068
        dvar: 6.04447268415e-006
        dvar2: 1.61152001965e-005
        max: 0.0323764495552
        mean: 0.00387078360654
        median: 0.00357396667823
        min: 9.95213549043e-021
        var: 1.32361501528e-005
    spectral_energyband_high:
        dmean: 0.000188122576219
        dmean2: 0.000309570517857
        dvar: 1.90913070242e-007
        dvar2: 4.89240676416e-007
        max: 0.0078651746735
        mean: 0.000323579792166
        median: 0.00017158431001
        min: 7.21206739961e-021
        var: 2.42356122726e-007
    spectral_energyband_low:
        dmean: 0.000275659549516
        dmean2: 0.000449967075838
        dvar: 2.04590449471e-007
        dvar2: 5.11521363933e-007
        max: 0.00785083509982
        mean: 0.000510935555212
        median: 0.000316911144182
        min: 1.48622498949e-023
        var: 4.22001761535e-007
    spectral_energyband_middle_high:
        dmean: 0.00048262506607
        dmean2: 0.000751751242206
        dvar: 5.68156167446e-007
        dvar2: 1.38784457704e-006
        max: 0.0130098490044
        mean: 0.00147218536586
        median: 0.00113287405111
        min: 1.32783602019e-021
        var: 2.01529564947e-006
    spectral_energyband_middle_low:
        dmean: 0.000950829766225
        dmean2: 0.00158493954223
        dvar: 5.54607640879e-006
        dvar2: 1.58318616741e-005
        max: 0.0304964166135
        mean: 0.00176160375122
        median: 0.00119683181401
        min: 1.53050148018e-022
        var: 6.57594819131e-006
    spectral_flatness_db:
        dmean: 0.0157988369465
        dmean2: 0.0256822202355
        dvar: 0.000252553989412
        dvar2: 0.000671011104714
        max: 0.36113551259
        mean: 0.160420566797
        median: 0.14156588912
        min: 0.0590789690614
        var: 0.00278411828913
    spectral_flux:
        dmean: 0.00710665853694
        dmean2: 0.0108443340287
        dvar: 0.000117619216326
        dvar2: 0.000255015096627
        max: 0.16475251317
        mean: 0.0342980101705
        median: 0.0363736003637
        min: 6.54820503376e-011
        var: 0.000543397385627
    spectral_kurtosis:
        dmean: 2.20495176315
        dmean2: 3.76687932014
        dvar: 13.5736989975
        dvar2: 41.1310997009
        max: 66.5899047852
        mean: 6.07897377014
        median: 3.30176401138
        min: -1.24088668823
        var: 65.9657745361
    spectral_rms:
        dmean: 0.0002623317705
        dmean2: 0.000403916143114
        dvar: 1.40591154718e-007
        dvar2: 3.39427913332e-007
        max: 0.0056202118285
        mean: 0.00169795576949
        median: 0.00186729663983
        min: 3.11599097219e-012
        var: 8.93317633199e-007
    spectral_rolloff:
        dmean: 542.393676758
        dmean2: 875.243225098
        dvar: 503670.59375
        dvar2: 1148585.625
        max: 19099.9511719
        mean: 2593.50219727
        median: 2627.05078125
        min: 129.19921875
        var: 1987944.25
    spectral_skewness:
        dmean: 0.255901128054
        dmean2: 0.417590200901
        dvar: 0.0822337791324
        dvar2: 0.225973248482
        max: 6.18478822708
        mean: 1.61937296391
        median: 1.43230819702
        min: -0.0795853435993
        var: 0.684688031673
    spectral_spread:
        dmean: 441291.65625
        dmean2: 652532.75
        dvar: 461987119104
        dvar2: 806923862016
        max: 42693436
        mean: 4324683.5
        median: 4234392
        min: 1048512.875
        var: 4.74522111181e+012
    spectral_strongpeak:
        dmean: 0.203551262617
        dmean2: 0.357845246792
        dvar: 0.153365597129
        dvar2: 0.420213580132
        max: 6.41272163391
        mean: 0.285058438778
        median: 0.164186805487
        min: 6.66100438695e-011
        var: 0.154816359282
    zerocrossingrate:
        dmean: 0.009670374915
        dmean2: 0.0114101581275
        dvar: 0.000127176273963
        dvar2: 0.000154601162649
        max: 0.515625
        mean: 0.0801395177841
        median: 0.0771484375
        min: 0.01318359375
        var: 0.00123121670913
    barkbands:
        dmean: [1.55522087653e-007, 7.15465357644e-005, 0.00014986511087, 0.000314974080538, 0.000571994576603, 0.000160363415489, 0.000107656793261, 9.53752896748e-005, 0.000101608020486, 9.33329429245e-005, 7.4559058703e-005, 6.97153373039e-005, 6.08734335401e-005, 5.14676576131e-005, 5.74490295548e-005, 6.73893810017e-005, 8.90352821443e-005, 8.51505174069e-005, 0.00013984713587, 0.000126706348965, 8.69586365297e-005, 4.57430287497e-005, 9.73058104137e-006, 3.31371893481e-006, 1.31460399189e-006, 2.81214429521e-008, 2.01160074709e-010]
        dmean2: [2.45322752335e-007, 0.000118904616102, 0.000252362428, 0.000530018704012, 0.000989753869362, 0.000265312584816, 0.000179620867129, 0.000157756148838, 0.000169336999534, 0.000154244422447, 0.000123792851809, 0.000117112249427, 9.96485105134e-005, 8.52325247251e-005, 9.34638665058e-005, 0.000108592605102, 0.000147908693179, 0.000141343844007, 0.000229796612985, 0.000210686033824, 0.000146776787005, 7.31496038497e-005, 1.54746030603e-005, 5.25646373717e-006, 2.06167169381e-006, 4.40169678484e-008, 3.53648027529e-010]
        dvar: [2.15404869506e-013, 1.78782659788e-008, 7.35920693273e-008, 5.08711707425e-007, 3.06872038891e-006, 8.36734912468e-008, 4.32047890797e-008, 3.41208448162e-008, 4.15257872532e-008, 3.05081151453e-008, 2.548381417e-008, 2.77735416887e-008, 1.47023682118e-008, 1.19545804367e-008, 1.13553451087e-008, 1.30549695498e-008, 2.60653809647e-008, 4.02594082516e-008, 9.89660406958e-008, 8.27271975368e-008, 4.0476273e-008, 1.4173055618e-008, 7.55449092171e-010, 1.13194655038e-010, 1.868884561e-011, 7.26971193882e-015, 1.19269052874e-019]
        dvar2: [4.89857720359e-013, 4.7880135412e-008, 1.97056550633e-007, 1.41877933402e-006, 9.04216358322e-006, 2.12518855847e-007, 1.15028498726e-007, 9.04417589709e-008, 1.11351532439e-007, 8.10503593129e-008, 6.83668162083e-008, 7.69920802668e-008, 3.97987669487e-008, 3.17481188006e-008, 2.95076834078e-008, 3.24884190661e-008, 7.17832122632e-008, 1.04350434071e-007, 2.5207998533e-007, 2.17633541411e-007, 1.06762747976e-007, 3.51116931085e-008, 1.87769733095e-009, 2.84143375495e-010, 4.57929111297e-011, 1.6874226151e-014, 3.33010403507e-019]
        max: [1.16686596812e-005, 0.00172292557545, 0.00381622486748, 0.00881855282933, 0.022547531873, 0.00614944379777, 0.00370048801415, 0.00423535890877, 0.00442013517022, 0.00293584540486, 0.00314640346915, 0.00341655593365, 0.00220500957221, 0.0035546568688, 0.00282901758328, 0.00254333438352, 0.00377161987126, 0.00513016106561, 0.00634275469929, 0.00611957581714, 0.00383104430512, 0.00247076619416, 0.00061828258913, 0.000309603085043, 0.000124610218336, 1.99929536393e-006, 8.87781048675e-009]
        mean: [1.90771260122e-007, 0.000126381390146, 0.00021494741668, 0.000373376067728, 0.000653891125694, 0.000243356247665, 0.000152827255079, 0.000134882648126, 0.000157746660989, 0.000155005865963, 0.000120893950225, 0.000113788635645, 0.000103318721813, 8.50270298542e-005, 0.000104944607301, 0.000128715138999, 0.000166909041582, 0.000154673529323, 0.000250651472015, 0.00020942997071, 0.00013109522115, 6.82232130202e-005, 1.39548219522e-005, 4.7557000471e-006, 1.75782099632e-006, 3.97093806725e-008, 2.31248090121e-010]
        median: [2.54648959697e-008, 5.9300698922e-005, 0.000108178719529, 0.000103381185909, 0.000219989509787, 0.000137870694743, 7.53058557166e-005, 6.32745941402e-005, 6.53978495393e-005, 6.89662483637e-005, 4.75686356367e-005, 4.20644355472e-005, 4.16771727032e-005, 4.03264457418e-005, 6.24681852059e-005, 7.51154439058e-005, 0.000108770895167, 9.0698551503e-005, 0.000143146375194, 0.000113180634798, 6.10755232628e-005, 2.61572513409e-005, 3.34246124112e-006, 1.51932499648e-006, 4.8017784593e-007, 1.30801396381e-008, 1.04013402058e-010]
        min: [9.67771107259e-025, 5.48421426121e-024, 1.68741706083e-024, 8.95666558116e-025, 1.41880373005e-023, 1.17669379854e-023, 2.27708707705e-023, 1.63642237035e-023, 1.61939181004e-023, 3.14271487686e-023, 1.40105893507e-023, 1.37971977427e-023, 2.63078627455e-023, 3.64474122378e-023, 5.98653098782e-023, 9.26647957875e-023, 9.90632655224e-023, 1.643520383e-022, 1.64420561914e-022, 2.43529893761e-022, 2.26514631041e-022, 3.28346022102e-022, 3.84980378593e-022, 7.05129315475e-022, 9.77489992729e-022, 1.34536584741e-021, 2.08915207355e-021]
        var: [3.42755554841e-013, 3.11868113556e-008, 1.02273340019e-007, 5.66396636259e-007, 2.78592324321e-006, 1.17279967071e-007, 5.52675807342e-008, 4.31826698843e-008, 6.58214318605e-008, 5.83308974456e-008, 4.53612223339e-008, 5.14038944743e-008, 3.14214680941e-008, 1.86149566872e-008, 2.05157366651e-008, 2.73865996547e-008, 4.2068460715e-008, 5.31672093018e-008, 1.38239983016e-007, 1.01105854355e-007, 4.51703634496e-008, 1.8341781427e-008, 1.02324126949e-009, 1.22458335139e-010, 2.06224724797e-011, 9.14770764969e-015, 1.39610445187e-019]
    frequency_bands:
        dmean: [1.55522087653e-007, 7.15465357644e-005, 0.00014986511087, 0.000314974080538, 0.000571994576603, 0.000160363415489, 0.000107656793261, 9.53752896748e-005, 0.000101608020486, 9.33329429245e-005, 7.4559058703e-005, 6.97153373039e-005, 6.08734335401e-005, 5.14676576131e-005, 5.74490295548e-005, 6.73893810017e-005, 8.90352821443e-005, 8.51505174069e-005, 0.00013984713587, 0.000126706348965, 8.69586365297e-005, 4.57430287497e-005, 9.73058104137e-006, 3.31371893481e-006, 1.31460399189e-006, 2.81214429521e-008, 2.01160074709e-010, 4.45375056279e-011]
        dmean2: [2.45322752335e-007, 0.000118904616102, 0.000252362428, 0.000530018704012, 0.000989753869362, 0.000265312584816, 0.000179620867129, 0.000157756148838, 0.000169336999534, 0.000154244422447, 0.000123792851809, 0.000117112249427, 9.96485105134e-005, 8.52325247251e-005, 9.34638665058e-005, 0.000108592605102, 0.000147908693179, 0.000141343844007, 0.000229796612985, 0.000210686033824, 0.000146776787005, 7.31496038497e-005, 1.54746030603e-005, 5.25646373717e-006, 2.06167169381e-006, 4.40169678484e-008, 3.53648027529e-010, 8.27821908245e-011]
        dvar: [2.15404869506e-013, 1.78782659788e-008, 7.35920693273e-008, 5.08711707425e-007, 3.06872038891e-006, 8.36734912468e-008, 4.32047890797e-008, 3.41208448162e-008, 4.15257872532e-008, 3.05081151453e-008, 2.548381417e-008, 2.77735416887e-008, 1.47023682118e-008, 1.19545804367e-008, 1.13553451087e-008, 1.30549695498e-008, 2.60653809647e-008, 4.02594082516e-008, 9.89660406958e-008, 8.27271975368e-008, 4.0476273e-008, 1.4173055618e-008, 7.55449092171e-010, 1.13194655038e-010, 1.868884561e-011, 7.26971193882e-015, 1.19269052874e-019, 5.2946768761e-021]
        dvar2: [4.89857720359e-013, 4.7880135412e-008, 1.97056550633e-007, 1.41877933402e-006, 9.04216358322e-006, 2.12518855847e-007, 1.15028498726e-007, 9.04417589709e-008, 1.11351532439e-007, 8.10503593129e-008, 6.83668162083e-008, 7.69920802668e-008, 3.97987669487e-008, 3.17481188006e-008, 2.95076834078e-008, 3.24884190661e-008, 7.17832122632e-008, 1.04350434071e-007, 2.5207998533e-007, 2.17633541411e-007, 1.06762747976e-007, 3.51116931085e-008, 1.87769733095e-009, 2.84143375495e-010, 4.57929111297e-011, 1.6874226151e-014, 3.33010403507e-019, 1.69177790001e-020]
        max: [1.16686596812e-005, 0.00172292557545, 0.00381622486748, 0.00881855282933, 0.022547531873, 0.00614944379777, 0.00370048801415, 0.00423535890877, 0.00442013517022, 0.00293584540486, 0.00314640346915, 0.00341655593365, 0.00220500957221, 0.0035546568688, 0.00282901758328, 0.00254333438352, 0.00377161987126, 0.00513016106561, 0.00634275469929, 0.00611957581714, 0.00383104430512, 0.00247076619416, 0.00061828258913, 0.000309603085043, 0.000124610218336, 1.99929536393e-006, 8.87781048675e-009, 8.55970128111e-010]
        mean: [1.90771260122e-007, 0.000126381390146, 0.00021494741668, 0.000373376067728, 0.000653891125694, 0.000243356247665, 0.000152827255079, 0.000134882648126, 0.000157746660989, 0.000155005865963, 0.000120893950225, 0.000113788635645, 0.000103318721813, 8.50270298542e-005, 0.000104944607301, 0.000128715138999, 0.000166909041582, 0.000154673529323, 0.000250651472015, 0.00020942997071, 0.00013109522115, 6.82232130202e-005, 1.39548219522e-005, 4.7557000471e-006, 1.75782099632e-006, 3.97093806725e-008, 2.31248090121e-010, 3.46270651042e-011]
        median: [2.54648959697e-008, 5.9300698922e-005, 0.000108178719529, 0.000103381185909, 0.000219989509787, 0.000137870694743, 7.53058557166e-005, 6.32745941402e-005, 6.53978495393e-005, 6.89662483637e-005, 4.75686356367e-005, 4.20644355472e-005, 4.16771727032e-005, 4.03264457418e-005, 6.24681852059e-005, 7.51154439058e-005, 0.000108770895167, 9.0698551503e-005, 0.000143146375194, 0.000113180634798, 6.10755232628e-005, 2.61572513409e-005, 3.34246124112e-006, 1.51932499648e-006, 4.8017784593e-007, 1.30801396381e-008, 1.04013402058e-010, 8.81673033193e-012]
        min: [9.67771107259e-025, 5.48421426121e-024, 1.68741706083e-024, 8.95666558116e-025, 1.41880373005e-023, 1.17669379854e-023, 2.27708707705e-023, 1.63642237035e-023, 1.61939181004e-023, 3.14271487686e-023, 1.40105893507e-023, 1.37971977427e-023, 2.63078627455e-023, 3.64474122378e-023, 5.98653098782e-023, 9.26647957875e-023, 9.90632655224e-023, 1.643520383e-022, 1.64420561914e-022, 2.43529893761e-022, 2.26514631041e-022, 3.28346022102e-022, 3.84980378593e-022, 7.05129315475e-022, 9.77489992729e-022, 1.34536584741e-021, 2.08915207355e-021, 5.67479827541e-022]
        var: [3.42755554841e-013, 3.11868113556e-008, 1.02273340019e-007, 5.66396636259e-007, 2.78592324321e-006, 1.17279967071e-007, 5.52675807342e-008, 4.31826698843e-008, 6.58214318605e-008, 5.83308974456e-008, 4.53612223339e-008, 5.14038944743e-008, 3.14214680941e-008, 1.86149566872e-008, 2.05157366651e-008, 2.73865996547e-008, 4.2068460715e-008, 5.31672093018e-008, 1.38239983016e-007, 1.01105854355e-007, 4.51703634496e-008, 1.8341781427e-008, 1.02324126949e-009, 1.22458335139e-010, 2.06224724797e-011, 9.14770764969e-015, 1.39610445187e-019, 4.13892663409e-021]
    mfcc:
        mean: [-751.140075684, 111.897712708, -37.6210327148, 37.8317527771, -13.7926025391, -3.54060935974, -3.15165925026, -3.14960217476, -2.18929648399, -4.71358060837, -5.93837022781, -5.56802749634, -2.95372605324]
        cov: [[14375.6835938, 60.3205947876, -749.839660645, 2086.16430664, -466.545623779, 1290.20568848, 314.710327148, 265.585296631, 177.615234375, -31.5124893188, 22.2570724487, -144.7550354, -230.122940063], [60.3205947876, 1001.90899658, -249.510299683, -67.4597549438, 20.9372959137, -146.364944458, 1.75128757954, -33.5076065063, 4.96614170074, -30.6264400482, -37.9676628113, 11.5679645538, 7.86778020859], [-749.839660645, -249.510299683, 587.094238281, -117.014144897, 93.5026321411, 86.6787719727, -38.2393569946, 55.3125, -45.0725593567, 13.1395196915, 3.95405030251, 1.38565695286, 1.29268920422], [2086.16430664, -67.4597549438, -117.014144897, 623.679138184, -42.5177497864, 243.384429932, 65.5018997192, 19.9099159241, 57.6900405884, 0.843610465527, 13.9925632477, -30.7590274811, -29.9689388275], [-466.545623779, 20.9372959137, 93.5026321411, -42.5177497864, 182.542266846, -12.0173616409, -16.7350635529, 4.58915233612, -8.42901515961, 1.5336214304, 4.73689222336, 6.21536111832, 3.95203518867], [1290.20568848, -146.364944458, 86.6787719727, 243.384429932, -12.0173616409, 332.543518066, 81.7306442261, 80.2698822021, 33.3410987854, 4.3875207901, 31.7316570282, -6.77822351456, -27.8742904663], [314.710327148, 1.75128757954, -38.2393569946, 65.5018997192, -16.7350635529, 81.7306442261, 143.642318726, 56.1065101624, 27.6810569763, 0.888809859753, 7.36014556885, 10.6499986649, -4.8284163475], [265.585296631, -33.5076065063, 55.3125, 19.9099159241, 4.58915233612, 80.2698822021, 56.1065101624, 132.433563232, 25.6970901489, 9.6285200119, 22.2706203461, 14.6285924911, 10.2490682602], [177.615234375, 4.96614170074, -45.0725593567, 57.6900405884, -8.42901515961, 33.3410987854, 27.6810569763, 25.6970901489, 85.2021789551, 25.4011211395, 10.4850215912, 5.52940225601, 2.76793122292], [-31.5124893188, -30.6264400482, 13.1395196915, 0.843610465527, 1.5336214304, 4.3875207901, 0.888809859753, 9.6285200119, 25.4011211395, 78.6412811279, 24.0399188995, 11.2392396927, 10.732925415], [22.2570724487, -37.9676628113, 3.95405030251, 13.9925632477, 4.73689222336, 31.7316570282, 7.36014556885, 22.2706203461, 10.4850215912, 24.0399188995, 85.3777313232, 23.9306564331, 14.292011261], [-144.7550354, 11.5679645538, 1.38565695286, -30.7590274811, 6.21536111832, -6.77822351456, 10.6499986649, 14.6285924911, 5.52940225601, 11.2392396927, 23.9306564331, 64.5777053833, 26.0572071075], [-230.122940063, 7.86778020859, 1.29268920422, -29.9689388275, 3.95203518867, -27.8742904663, -4.8284163475, 10.2490682602, 2.76793122292, 10.732925415, 14.292011261, 26.0572071075, 70.7270126343]]
        icov: [[0.000214798157685, -8.55781836435e-005, 0.000256161409197, -0.000460401817691, 0.000317272060784, -0.00058703229297, 0.000264052679995, -0.000361006445019, 0.000287657836452, -0.000108894884761, 0.000180422881385, 2.94086130452e-005, 0.000287867267616], [-8.55781836435e-005, 0.00125416414812, 0.000434436282376, 0.000250335491728, -0.000513914506882, 0.00057768059196, -0.000180886636372, 2.53329585576e-006, -0.000183177457075, 0.000360653793905, 0.000371661415556, -0.000319270475302, -8.11931458884e-005], [0.000256161409197, 0.000434436282376, 0.00307269860059, 0.000228771474212, -0.00082453165669, -0.00201496342197, 0.00142253399827, -0.00154163711704, 0.00174060126301, -0.000848346273415, 0.000989878433757, 5.77833416173e-005, 0.00023768482788], [-0.000460401817691, 0.000250335491728, 0.000228771474212, 0.00371882063337, -0.000681884237565, -0.00101359677501, -0.000500368303619, 0.00146562058944, -0.00148130825255, 0.000291589298286, -0.000337047647918, 0.000932766415644, -0.000823993061204], [0.000317272060784, -0.000513914506882, -0.00082453165669, -0.000681884237565, 0.00667263893411, -0.000495411397424, 0.000687859079335, -0.000542641850188, 0.000222279617446, 1.97596509679e-005, -0.000299182895105, -0.000317628408084, 0.000538884080015], [-0.00058703229297, 0.00057768059196, -0.00201496342197, -0.00101359677501, -0.000495411397424, 0.00810235925019, -0.00268269586377, -0.000986670493148, -0.00130103889387, 0.000961232814007, -0.00212176260538, -3.23487874994e-005, 0.00115952640772], [0.000264052679995, -0.000180886636372, 0.00142253399827, -0.000500368303619, 0.000687859079335, -0.00268269586377, 0.0103437751532, -0.00387076172046, -0.000667773711029, 0.000214993342524, 0.00125525565818, -0.00174982717726, 0.00119712029118], [-0.000361006445019, 2.53329585576e-006, -0.00154163711704, 0.00146562058944, -0.000542641850188, -0.000986670493148, -0.00387076172046, 0.0120127638802, -0.00294822384603, 0.000614640535787, -0.00176450691652, -0.000470240862342, -0.00233732792549], [0.000287657836452, -0.000183177457075, 0.00174060126301, -0.00148130825255, 0.000222279617446, -0.00130103889387, -0.000667773711029, -0.00294822384603, 0.0161891020834, -0.00527168484405, 0.000848986092024, -0.000338694109814, 0.000272948353086], [-0.000108894884761, 0.000360653793905, -0.000848346273415, 0.000291589298286, 1.97596509679e-005, 0.000961232814007, 0.000214993342524, 0.000614640535787, -0.00527168484405, 0.0159421227872, -0.00381785514764, -0.000673602626193, -0.0011453081388], [0.000180422881385, 0.000371661415556, 0.000989878433757, -0.000337047647918, -0.000299182895105, -0.00212176260538, 0.00125525565818, -0.00176450691652, 0.000848986092024, -0.00381785514764, 0.0154130104929, -0.0045704045333, -0.000977903488092], [2.94086130452e-005, -0.000319270475302, 5.77833416173e-005, 0.000932766415644, -0.000317628408084, -3.23487874994e-005, -0.00174982717726, -0.000470240862342, -0.000338694109814, -0.000673602626193, -0.0045704045333, 0.0207918714732, -0.0061420314014], [0.000287867267616, -8.11931458884e-005, 0.00023768482788, -0.000823993061204, 0.000538884080015, 0.00115952640772, 0.00119712029118, -0.00233732792549, 0.000272948353086, -0.0011453081388, -0.000977903488092, -0.0061420314014, 0.0182019080967]]
    sccoeffs:
        dmean: [0.0534532107413, 0.0437573492527, 0.0327758640051, 0.0257951356471, 0.0193453170359, 0.0193727146834]
        dmean2: [0.0892117023468, 0.0729290693998, 0.0549133867025, 0.0429762974381, 0.0321112275124, 0.0297267045826]
        dvar: [0.00236831046641, 0.00138335418887, 0.000730067607947, 0.000438228540588, 0.000274614722002, 0.000373620569007]
        dvar2: [0.0063857329078, 0.00380057608709, 0.00204445212148, 0.00121294183191, 0.000731594569515, 0.00080429087393]
        max: [-0.238617524505, -0.468569368124, -0.554760873318, -0.610025823116, -0.624942064285, -0.535883963108]
        mean: [-0.649509370327, -0.762830197811, -0.79623234272, -0.799180567265, -0.79438072443, -0.752386152744]
        median: [-0.653329372406, -0.768460869789, -0.80044901371, -0.80239546299, -0.800370573997, -0.746987164021]
        min: [-0.974052548409, -0.975036561489, -0.97013002634, -0.967408180237, -0.96504420042, -0.964893817902]
        var: [0.00780434301123, 0.00432690931484, 0.00258105993271, 0.00179698970169, 0.00208470481448, 0.00273273256607]
    scvalleys:
        dmean: [0.394167512655, 0.328831702471, 0.283877253532, 0.244540899992, 0.23544664681, 0.275322794914]
        dmean2: [0.663243472576, 0.53467053175, 0.457261353731, 0.382154613733, 0.358126044273, 0.391866415739]
        dvar: [0.113913156092, 0.091074578464, 0.0729252398014, 0.0629976391792, 0.0886747688055, 0.132077753544]
        dvar2: [0.285744488239, 0.205375820398, 0.148300662637, 0.115802273154, 0.165905073285, 0.23767401278]
        max: [-5.14902639389, -4.44991159439, -4.90745019913, -5.56140899658, -5.35425329208, -7.37169981003]
        mean: [-7.4859495163, -6.84212112427, -7.18839168549, -7.67565059662, -7.96552276611, -10.6068429947]
        median: [-6.77343940735, -6.48467683792, -6.7798242569, -7.05122661591, -7.15124893188, -9.7720451355]
        min: [-27.7975006104, -27.9328804016, -27.56300354, -27.4184246063, -27.5474700928, -27.3466148376]
        var: [3.65273833275, 2.35440087318, 2.83389616013, 3.37653565407, 4.28203201294, 4.66632843018]

rhythm:
    beats_loudness:
        dmean: 0.0035541804973
        dmean2: 0.00676450692117
        dvar: 1.18235093396e-005
        dvar2: 3.62343234883e-005
        max: 0.0200558844954
        mean: 0.00543072866276
        median: 0.00513683725148
        min: 3.07154440771e-011
        var: 1.69795494003e-005
    bpm: 150.183105469
    bpm_confidence: 0
    first_peak_bpm: 152
    first_peak_spread: 0.455426335335
    first_peak_weight: 0.43565890193
    onset_rate: 2.87620973587
    second_peak_bpm: 144
    second_peak_spread: 0.314814805984
    second_peak_weight: 0.0573643408716
    beats_loudness_band_ratio:
        dmean: [0.139903023839, 0.152623549104, 0.100389048457, 0.0794550105929, 0.0823884531856, 0.0855683162808]
        dmean2: [0.241477191448, 0.255873143673, 0.166503354907, 0.136739239097, 0.142773479223, 0.15210711956]
        dvar: [0.013394439593, 0.0144257703796, 0.0098336962983, 0.00795425381511, 0.00742990197614, 0.0118353916332]
        dvar2: [0.0385563746095, 0.0376441590488, 0.0269458331168, 0.023170683533, 0.0213023591787, 0.0334381833673]
        max: [0.79180932045, 0.752996742725, 0.837073683739, 0.690139770508, 0.774836182594, 0.773696243763]
        mean: [0.240641400218, 0.229279562831, 0.189102396369, 0.135719507933, 0.158674925566, 0.125096693635]
        median: [0.231936484575, 0.197234243155, 0.131872236729, 0.102989628911, 0.133778035641, 0.0993714183569]
        min: [0, 0, 0, 0, 0, 0]
        var: [0.0284107904881, 0.0240592584014, 0.0251961220056, 0.0121220406145, 0.0100189056247, 0.0126856565475]
    beats_position: [0.441179126501, 0.882358253002, 1.3235373497, 1.77632653713, 2.22911548615, 2.68190479279, 3.12308382988, 3.56426286697, 3.99383211136, 4.42340135574, 4.85297060013, 5.28253936768, 5.71210861206, 6.14167785645, 6.57124710083, 6.98920631409, 7.40716552734, 7.8251247406, 8.24308395386, 8.66104316711, 9.13705158234, 9.62467098236, 10.1122903824, 10.5418596268, 10.9714279175, 11.4009971619, 11.8305664063, 12.2833557129, 12.7361450195, 13.1889343262, 13.6301136017, 14.0712919235, 14.5008611679, 14.9304304123, 15.3599996567, 15.7895689011, 16.2191371918, 16.637096405, 17.0550556183, 17.4730148315, 17.9025840759, 18.3205432892, 18.7385025024, 19.1564617157, 19.5628108978, 19.9807701111, 20.3987293243, 20.8050785065, 21.2230377197, 21.640996933, 22.0589561462, 22.4188652039, 22.7787742615, 23.1386852264, 23.4985942841, 23.8701133728, 24.2416324615, 24.6131515503, 24.984670639, 25.4026298523, 25.8089790344, 26.2269382477, 26.6332874298, 27.0396366119, 27.4459857941, 27.8523349762, 28.2702941895, 28.6766433716, 29.0829925537, 29.4777317047, 29.8840808868, 30.2788200378, 30.68516922, 31.079908371, 31.4862575531, 31.8926067352, 32.2989578247, 32.6936950684, 33.0884361267, 33.4831733704, 33.901134491, 34.2958717346, 34.690612793, 35.0853500366, 35.480091095, 35.8748283386, 36.2811775208, 36.6759185791, 37.0822677612, 37.4770050049, 37.8717460632, 38.2780952454, 38.6844444275, 39.0907936096, 39.4971427917, 39.8918800354, 40.2982292175, 40.6929702759, 41.0877075195, 41.4824485779, 41.88879776, 42.2835350037, 42.678276062, 43.0846252441, 43.4909744263, 43.8857116699, 44.2804527283, 44.6751937866, 45.0699310303, 45.4646720886, 45.8594093323, 46.2657585144, 46.6721076965, 47.0668487549, 47.473197937, 47.8795471191, 48.2858963013, 48.6806335449, 49.0869827271, 49.4933319092, 49.8996810913, 50.2944221497, 50.6891593933, 51.0955085754, 51.5018577576, 51.8965988159, 52.2913360596, 52.6860771179, 53.0808143616, 53.4755554199, 53.8702926636, 54.2650337219, 54.6597709656, 55.0661201477, 55.4724693298, 55.878818512, 56.2851676941, 56.6799087524, 57.0746459961, 57.4809951782, 57.8873443604, 58.2704734802, 58.6768226624, 59.094783783, 59.5011329651, 59.9074821472, 60.3022193909, 60.6969604492, 61.1033096313, 61.5096588135, 61.9043960571, 62.2991371155, 62.7054862976, 63.100227356, 63.4949645996, 63.889705658, 64.2960510254, 64.6907958984, 65.0971450806, 65.4918823242, 65.8982315063, 66.29296875, 66.6877059937, 67.0708389282, 67.4771881104, 67.8835372925, 68.2898864746, 68.6846237183, 69.0909729004, 69.4973220825, 69.9036712646, 70.2984085083, 70.7047576904, 71.0995025635, 71.4942398071, 71.8889770508, 72.2953262329, 72.6900634766, 73.0848083496, 73.4795455933, 73.8858947754, 74.280632019, 74.6753692627, 75.0701141357, 75.4648513794, 75.8712005615, 76.2775497437, 76.6722869873, 77.0670318604, 77.4733810425, 77.8797302246, 78.2744674683, 78.6692047119, 79.040725708, 79.4122467041, 79.8069839478, 80.2017211914, 80.6080703735, 81.0144195557, 81.4091567993, 81.8155059814, 82.2218551636, 82.6166000366, 83.0229492188, 83.4292984009, 83.8240356445, 84.2187728882, 84.6135101318, 85.019859314, 85.414604187, 85.8093414307, 86.2040786743, 86.6104278564, 87.0051651001, 87.3999099731, 87.7946472168, 88.2126083374, 88.6073455811, 89.0136947632, 89.4200439453, 89.8263931274, 90.2211303711, 90.6274795532, 91.0222167969, 91.4169616699, 91.8116989136, 92.2064361572, 92.6011810303, 92.9959182739, 93.3906555176, 93.7970046997, 94.2033538818, 94.609703064, 95.0044403076, 95.4107894897, 95.8171386719, 96.223487854, 96.6182327271, 97.0129699707, 97.4077072144, 97.8140563965, 98.2204055786, 98.6151428223, 99.0098876953, 99.404624939, 99.7993621826, 100.205711365, 100.600448608, 100.983581543, 101.389930725, 101.796279907, 102.202629089, 102.608978271, 103.003715515, 103.398452759, 103.793197632, 104.187934875, 104.582672119, 104.989021301, 105.383758545, 105.790107727, 106.1848526, 106.579589844, 106.997550964, 107.403900146, 107.787025452, 108.193374634, 108.599723816, 109.017684937, 109.41242218, 109.807167053, 110.201904297, 110.596641541, 110.991378784, 111.386123657, 111.780860901, 112.175598145, 112.570335388, 112.988296509, 113.394645691, 113.800994873, 114.184127808, 114.59047699, 114.996826172, 115.403175354, 115.809524536, 116.215873718, 116.610610962, 117.005348206, 117.411697388, 117.81804657, 118.212783813, 118.607528687, 119.00226593, 119.408615112, 119.814964294, 120.221313477, 120.627662659, 121.022399902, 121.417137146, 121.823486328, 122.218231201, 122.624580383, 123.019317627, 123.414054871, 123.808792114, 124.203536987, 124.598274231, 125.004623413, 125.410972595, 125.805709839, 126.212059021, 126.618408203, 127.036369324, 127.431106567, 127.83745575, 128.243804932, 128.638549805, 129.021682739, 129.404800415, 129.811157227, 130.217498779, 130.612243652, 131.006988525, 131.40171814, 131.796463013, 132.202804565, 132.609161377, 133.003890991, 133.410247803, 133.816589355, 134.211334229, 134.61769104, 135.024032593, 135.418777466, 135.81350708, 136.208251953, 136.602996826, 136.99772644, 137.404083252, 137.810424805, 138.205169678, 138.61151123, 139.017868042, 139.412597656, 139.795730591, 140.202087402, 140.596817017, 140.99156189, 141.397918701, 141.804260254, 142.210617065, 142.616958618, 143.000091553, 143.394821167, 143.78956604, 144.195922852, 144.590652466, 144.997009277, 145.40335083, 145.798095703, 146.204437256, 146.610794067, 147.01713562, 147.423492432, 147.818222046, 148.212966919, 148.607711792, 149.014053345, 149.420410156, 149.815139771, 150.221496582, 150.627838135, 151.022583008, 151.417327881, 151.812057495, 152.206802368, 152.601531982, 152.996276855, 153.391021729, 153.785751343, 154.192108154, 154.598449707, 155.004806519, 155.411148071, 155.817504883, 156.212234497, 156.60697937, 157.013336182, 157.408065796, 157.802810669, 158.197555542, 158.592285156, 158.987030029, 159.404983521, 159.799728394, 160.206069946, 160.600814819, 160.995559692, 161.401901245, 161.819854736, 162.214599609, 162.609344482, 163.015686035, 163.422042847, 163.816772461, 164.211517334, 164.606262207, 165.000991821, 165.395736694, 165.790466309, 166.19682312, 166.603164673, 166.997909546, 167.404266357, 167.81060791, 168.205352783, 168.600082397, 168.994827271, 169.401168823, 169.807525635, 170.213867188, 170.620223999, 171.014968872, 171.409698486, 171.816055298, 172.210784912, 172.617141724, 173.011871338, 173.418228149, 173.824569702, 174.219314575, 174.614059448, 175.008789063, 175.403533936, 175.809890747, 176.2162323, 176.610977173, 177.005706787, 177.40045166, 177.795196533, 178.201538086, 178.607894897, 179.01423645, 179.420593262, 179.815322876, 180.210067749, 180.604797363, 181.022766113, 181.417495728, 181.812240601, 182.206985474, 182.601715088, 183.008071899, 183.414413452, 183.809158325, 184.203903198, 184.598632813, 184.993377686, 185.399719238, 185.80607605, 186.212417603, 186.618774414, 187.013504028, 187.408248901, 187.802993774, 188.209335327, 188.615692139, 189.010421753, 189.416778564, 189.823120117, 190.21786499, 190.612609863, 191.007339478, 191.402084351, 191.808425903, 192.214782715, 192.621124268, 193.027481079, 193.422225952, 193.816955566, 194.211700439, 194.606430054, 195.001174927, 195.3959198, 195.802261353, 196.208618164, 196.614959717, 197.021316528, 197.416046143, 197.810791016, 198.205535889, 198.600265503, 199.006622314, 199.412963867, 199.819320679, 200.225662231, 200.620407104, 201.015136719, 201.42149353, 201.816238403, 202.222579956, 202.617324829, 203.012054443, 203.418411255, 203.813140869, 204.207885742, 204.602630615, 204.997360229, 205.403717041, 205.798446655, 206.193191528, 206.59954834, 207.005889893, 207.412246704, 207.818588257, 208.21333313, 208.608062744, 209.014419556, 209.420761108, 209.815505981, 210.210250854, 210.604980469, 211.01133728, 211.417678833, 211.812423706, 212.207168579, 212.601898193, 213.008255005, 213.402984619, 213.809341431, 214.204071045, 214.598815918, 215.005172729, 215.411514282, 215.806259155, 216.212600708, 216.61895752, 217.013687134, 217.408432007, 217.80317688, 218.209518433, 218.615875244, 219.010604858, 219.405349731, 219.811691284, 220.218048096, 220.61277771, 221.019134521, 221.425476074, 221.820220947, 222.21496582, 222.609695435, 223.004440308, 223.399185181, 223.793914795, 224.188659668, 224.595001221, 225.001358032, 225.407699585, 225.825668335, 226.232009888, 226.638366699, 227.044708252, 227.451065063, 227.857406616, 228.252151489, 228.646896362, 229.041625977, 229.447982788, 229.842712402, 230.260681152, 230.678634644, 231.084991455, 231.502944946, 231.886077881, 232.269195557, 232.66394043, 233.058685303, 233.453414917, 233.84815979, 234.242904663, 234.637634277, 235.020767212, 235.415512085, 235.810241699, 236.193374634, 236.599716187, 237.006072998, 237.412414551, 237.818771362, 238.225112915, 238.643081665, 239.049423218, 239.467391968, 239.862121582, 240.256866455, 240.663208008, 241.069564819, 241.464309692, 241.859039307, 242.25378418, 242.648529053, 243.043258667, 243.43800354, 243.844345093, 244.250701904, 244.668655396, 245.086624146, 245.527801514, 245.968978882, 246.41015625, 246.886169434, 247.362167358, 247.814956665, 248.267745972, 248.732147217, 249.196548462, 249.695770264, 250.195007324, 250.694229126, 251.193466187, 251.681091309, 252.168701172, 252.679534912, 253.20199585, 253.724441528, 254.258499146, 254.792556763, 255.32661438, 255.814239502, 256.301849365, 256.789459229, 257.288696289, 257.78793335, 258.28717041, 258.832824707, 259.378509521, 259.924163818, 260.411773682, 260.887786865, 261.363800049, 261.839813232, 262.315826416, 262.7918396, 263.267852783]
