
metadata:
    version:
        essentia: "2.1-beta2"
    audio_properties:
        analysis_sample_rate: 44100
        bitrate: 320
        channels: 2
        equal_loudness: 1
        length: 260.127349854
        replay_gain: -15.4200172424
        downmix: "mix"
    tags:
        album: "Ire"
        artist: "Parkway Drive"
        comment: ""
        date: "2015"
        genre: "Alternative"
        title: "Bottom Feeder"
        tracknumber: "07/11"

configuration:
    average_loudness:
        compute: 1
        frameSize: 88200
        hopSize: 44100
        silentFrames: "noise"
        windowType: "hann"
    general:
        analysisSampleRate: 44100
        endTime: 2000
        equalLoudness: 1
        nequalLoudness: 0
        shortSound: 0
        startTime: 0
    lowlevel:
        compute: 1
        frameSize: 2048
        hopSize: 1024
        zeroPadding: 0
        silentFrames: "noise"
        windowType: "blackmanharris62"
        mfccStats: ["mean", "cov", "icov"]
        stats: ["mean", "var", "median", "min", "max", "dmean", "dmean2", "dvar", "dvar2"]
    panning:
        compute: 0
        frameSize: 8192
        hopSize: 2048
        zeroPadding: 8192
        silentFrames: "noise"
        windowType: "hann"
        stats: ["copy"]
    rhythm:
        compute: 1
        maxTempo: 208
        minTempo: 40
        method: "degara"
        stats: ["mean", "var", "median", "min", "max", "dmean", "dmean2", "dvar", "dvar2"]
    segmentation:
        compute: 0
        cpw: 5
        inc1: 300
        inc2: 50
        minimumSegmentsLength: 10
        size1: 1000
        size2: 600
    sfx:
        compute: 1
        stats: ["mean", "var", "median", "min", "max", "dmean", "dmean2", "dvar", "dvar2"]
    svm:
        compute: 0
    tonal:
        compute: 1
        frameSize: 4096
        hopSize: 2048
        zeroPadding: 0
        silentFrames: "noise"
        windowType: "blackmanharris62"
        stats: ["mean", "var", "median", "min", "max", "dmean", "dmean2", "dvar", "dvar2"]

lowlevel:
    average_loudness: 0.942124426365
    barkbands_kurtosis:
        dmean: 9.59962463379
        dmean2: 14.6817741394
        dvar: 36316.328125
        dvar2: 90058.6328125
        max: 15136.6123047
        mean: 25.2911720276
        median: -1.07288312912
        min: -1.89919650555
        var: 213187.640625
    barkbands_skewness:
        dmean: 0.538793206215
        dmean2: 0.832270741463
        dvar: 1.45388567448
        dvar2: 3.6639547348
        max: 10.4249343872
        mean: -0.10625192523
        median: -0.0742437690496
        min: -68.0103225708
        var: 5.83766031265
    barkbands_spread:
        dmean: 6.12360334396
        dmean2: 9.97411346436
        dvar: 32.5050964355
        dvar2: 84.04347229
        max: 84.4105682373
        mean: 34.0188598633
        median: 34.4019165039
        min: 0.00408159941435
        var: 124.403327942
    dissonance:
        dmean: 0.0103277796879
        dmean2: 0.0177166797221
        dvar: 0.000127132283524
        dvar2: 0.000356558273779
        max: 0.500000059605
        mean: 0.484282612801
        median: 0.487554758787
        min: 0.194853976369
        var: 0.000175452631083
    hfc:
        dmean: 2.2601017952
        dmean2: 3.69687151909
        dvar: 8.79794692993
        dvar2: 21.9911785126
        max: 46.394203186
        mean: 6.69723367691
        median: 6.26690292358
        min: 1.13887444346e-016
        var: 14.6975803375
    pitch:
        dmean: 825.76953125
        dmean2: 1568.36096191
        dvar: 1615351.875
        dvar2: 4036330
        max: 5263.61914063
        mean: 1109.94104004
        median: 311.016296387
        min: 64.9811706543
        var: 1924188.625
    pitch_instantaneous_confidence:
        dmean: 0.0870378986001
        dmean2: 0.142359986901
        dvar: 0.00596571108326
        dvar2: 0.0149740083143
        max: 0.997547447681
        mean: 0.337742328644
        median: 0.307378709316
        min: 0.104337513447
        var: 0.0197863616049
    pitch_salience:
        dmean: 0.0698953792453
        dmean2: 0.114697702229
        dvar: 0.00433612847701
        dvar2: 0.0115868970752
        max: 0.998455047607
        mean: 0.658653914928
        median: 0.677608430386
        min: 0.0391624569893
        var: 0.0100310100242
    silence_rate_20dB:
        dmean: 0
        dmean2: 0
        dvar: 0
        dvar2: 0
        max: 1
        mean: 1
        median: 1
        min: 1
        var: 0
    silence_rate_30dB:
        dmean: 0
        dmean2: 0
        dvar: 0
        dvar2: 0
        max: 1
        mean: 1
        median: 1
        min: 1
        var: 0
    silence_rate_60dB:
        dmean: 0.12585914135
        dmean2: 0.251740753651
        dvar: 0.110033392906
        dvar2: 0.232654064894
        max: 1
        mean: 0.341217428446
        median: 0
        min: 0
        var: 0.224805876613
    spectral_centroid:
        dmean: 364.228759766
        dmean2: 568.482543945
        dvar: 138457.609375
        dvar2: 316248.0625
        max: 11255.3632813
        mean: 1738.80224609
        median: 1722.12426758
        min: 203.620178223
        var: 424931.5
    spectral_complexity:
        dmean: 4.16281366348
        dmean2: 6.69487571716
        dvar: 16.2546157837
        dvar2: 39.7952156067
        max: 43
        mean: 14.7115316391
        median: 14
        min: 0
        var: 57.5165328979
    spectral_crest:
        dmean: 2.05280733109
        dmean2: 3.41918063164
        dvar: 4.90446710587
        dvar2: 12.5381708145
        max: 26.9777565002
        mean: 6.34876012802
        median: 5.31279325485
        min: 2.01509022713
        var: 11.7453613281
    spectral_decrease:
        dmean: 3.28529925486e-010
        dmean2: 5.31522270641e-010
        dvar: 3.56197387601e-019
        dvar2: 9.27208462102e-019
        max: 1.81853262771e-028
        mean: -9.28919607901e-010
        median: -8.41139435881e-010
        min: -5.17667153588e-009
        var: 4.15742811176e-019
    spectral_energy:
        dmean: 0.00140574504621
        dmean2: 0.00227189832367
        dvar: 5.52495112061e-006
        dvar2: 1.43143515743e-005
        max: 0.0205936636776
        mean: 0.00411342829466
        median: 0.00379150104709
        min: 1.01772643264e-020
        var: 6.99690508554e-006
    spectral_energyband_high:
        dmean: 0.000211034537642
        dmean2: 0.000363307102816
        dvar: 9.35113888545e-008
        dvar2: 2.42068836087e-007
        max: 0.00415255688131
        mean: 0.000375899282517
        median: 0.00029478140641
        min: 7.31995065385e-021
        var: 1.07857040632e-007
    spectral_energyband_low:
        dmean: 0.000260913773673
        dmean2: 0.000425544247264
        dvar: 8.9438472628e-008
        dvar2: 2.24609109978e-007
        max: 0.00459884293377
        mean: 0.000474179832963
        median: 0.000351931317709
        min: 1.59552860988e-023
        var: 2.00613669676e-007
    spectral_energyband_middle_high:
        dmean: 0.000543096044566
        dmean2: 0.00086417858256
        dvar: 3.70496252344e-007
        dvar2: 9.12523603347e-007
        max: 0.0115403542295
        mean: 0.00190670287702
        median: 0.00183175434358
        min: 1.31871754543e-021
        var: 1.01549585452e-006
    spectral_energyband_middle_low:
        dmean: 0.000982929253951
        dmean2: 0.00161834212486
        dvar: 5.24992810824e-006
        dvar2: 1.38672758112e-005
        max: 0.0181969124824
        mean: 0.00151921634097
        median: 0.000945734558627
        min: 2.13130274187e-022
        var: 4.8095071179e-006
    spectral_flatness_db:
        dmean: 0.0152639141306
        dmean2: 0.0244868248701
        dvar: 0.000271812983556
        dvar2: 0.000689217878971
        max: 0.726256549358
        mean: 0.144785165787
        median: 0.133833527565
        min: 0.0596572682261
        var: 0.00317126163282
    spectral_flux:
        dmean: 0.00873931962997
        dmean2: 0.0135922012851
        dvar: 0.000142614007927
        dvar2: 0.000320847670082
        max: 0.131880670786
        mean: 0.0401094742119
        median: 0.0388775654137
        min: 6.57661494707e-011
        var: 0.000266122980975
    spectral_kurtosis:
        dmean: 1.16963303089
        dmean2: 1.97690165043
        dvar: 5.77951860428
        dvar2: 17.1670703888
        max: 190.315048218
        mean: 4.0977435112
        median: 3.13554143906
        min: -1.23338210583
        var: 97.2630767822
    spectral_rms:
        dmean: 0.000303191802232
        dmean2: 0.000474584929179
        dvar: 1.55013580638e-007
        dvar2: 3.80406106615e-007
        max: 0.00448234099895
        mean: 0.0019161652308
        median: 0.00192328507546
        min: 3.15103759058e-012
        var: 3.41402227377e-007
    spectral_rolloff:
        dmean: 510.396820068
        dmean2: 827.384277344
        dvar: 399355.4375
        dvar2: 935073
        max: 19401.4160156
        mean: 3335.79931641
        median: 3509.91210938
        min: 150.732421875
        var: 986268.8125
    spectral_skewness:
        dmean: 0.195492550731
        dmean2: 0.315124928951
        dvar: 0.0423758774996
        dvar2: 0.107873991132
        max: 11.4924049377
        mean: 1.3407535553
        median: 1.29423260689
        min: -0.440070211887
        var: 0.457534044981
    spectral_spread:
        dmean: 400466.71875
        dmean2: 611426.0625
        dvar: 313710051328
        dvar2: 569913507840
        max: 41176728
        mean: 4530016
        median: 4346517
        min: 479019.46875
        var: 2.28378673152e+012
    spectral_strongpeak:
        dmean: 0.337034881115
        dmean2: 0.598672330379
        dvar: 0.293673098087
        dvar2: 0.77496701479
        max: 5.27656650543
        mean: 0.404555052519
        median: 0.195679962635
        min: 5.04070951646e-010
        var: 0.332863718271
    zerocrossingrate:
        dmean: 0.0104913562536
        dmean2: 0.0127550289035
        dvar: 0.000109522443381
        dvar2: 0.000159558141604
        max: 0.5185546875
        mean: 0.0995981767774
        median: 0.10009765625
        min: 0.0146484375
        var: 0.000716869777534
    barkbands:
        dmean: [5.45083693737e-008, 9.53149501584e-005, 0.0001395206491, 0.000291949545499, 0.000594151904806, 0.000102801575849, 8.5644183855e-005, 8.17175023258e-005, 0.000116043906019, 9.43177001318e-005, 8.39043132146e-005, 8.56474143802e-005, 6.38193232589e-005, 6.63281825837e-005, 7.00283344486e-005, 0.000106007115392, 0.000103768594272, 9.74861904979e-005, 0.000191374638234, 0.000151046100655, 0.000108676300442, 3.87952495657e-005, 5.62805325899e-006, 2.05942023968e-006, 8.32174407606e-007, 2.91919111106e-008, 3.10128034364e-010]
        dmean2: [9.27260899175e-008, 0.000155685571372, 0.000228558303206, 0.000486225006171, 0.00100847461727, 0.000166653378983, 0.000144884892507, 0.000137634109706, 0.000191387560335, 0.000156780632096, 0.000137123919558, 0.000141052354593, 0.000104370497866, 0.000108138330688, 0.000115502029075, 0.000172931730049, 0.000173133899807, 0.000159401533892, 0.000316298945108, 0.000255477119936, 0.00018882167933, 6.61951489747e-005, 9.5987397799e-006, 3.34087803822e-006, 1.29348097744e-006, 4.66263223586e-008, 5.25902821291e-010]
        dvar: [2.0232098535e-014, 1.52526382635e-008, 3.45346649056e-008, 3.76430961069e-007, 2.69416705123e-006, 3.17878630085e-008, 3.47674848911e-008, 2.46551703498e-008, 3.59723770771e-008, 2.45154172518e-008, 2.01218455231e-008, 1.9449766242e-008, 9.82837367047e-009, 8.70043326273e-009, 1.06741895323e-008, 1.72143508337e-008, 1.9798441997e-008, 2.76978795455e-008, 6.63350121499e-008, 4.18363050869e-008, 2.75883529355e-008, 4.11794509603e-009, 1.09843405205e-010, 2.18390514006e-011, 5.90774347844e-012, 7.68997665296e-015, 2.48514033182e-019]
        dvar2: [5.7036650793e-014, 3.94841563889e-008, 8.90562006362e-008, 9.98307882583e-007, 7.25325708117e-006, 7.54132969405e-008, 8.92469174119e-008, 6.41221262754e-008, 9.33264274749e-008, 6.52776321886e-008, 5.35807274105e-008, 5.20014040717e-008, 2.50481591024e-008, 2.18740208169e-008, 2.77167941931e-008, 4.45414727324e-008, 5.14672287011e-008, 6.83402490154e-008, 1.73946801851e-007, 1.09820462058e-007, 7.24797502016e-008, 1.02857660167e-008, 2.70047789686e-010, 5.12566621091e-011, 1.32346087214e-011, 1.86841085545e-014, 6.21310143942e-019]
        max: [6.91385275786e-006, 0.00122430105694, 0.00314161274582, 0.00573862437159, 0.0127549422905, 0.00258360314183, 0.00320721976459, 0.00371707649902, 0.00375715037808, 0.00237758620642, 0.00194713193923, 0.00237081828527, 0.00284028146416, 0.00274145277217, 0.00262212264352, 0.00213838974014, 0.00417752517387, 0.00573646882549, 0.00499982247129, 0.00326780974865, 0.00287677766755, 0.00115289201494, 0.000195497574168, 0.000103443722764, 7.37293157727e-005, 2.23572465075e-006, 9.23345311321e-009]
        mean: [6.81146303805e-008, 0.000142701595905, 0.000197978428332, 0.000311574811349, 0.00060403929092, 0.000146723672515, 0.000107335792563, 0.000116998438898, 0.000191072234884, 0.000153180924826, 0.000134559726575, 0.000147773229401, 0.000109347762191, 0.00011823647219, 0.000129221763927, 0.000204537369427, 0.000198384426767, 0.000192865525605, 0.000382031081244, 0.000287730508717, 0.00016643415438, 5.74017431063e-005, 8.21389494376e-006, 3.47785908161e-006, 1.4863371689e-006, 5.36880371271e-008, 5.10536890541e-010]
        median: [2.41866473516e-008, 7.91037018644e-005, 0.000120229509776, 9.85953156487e-005, 0.000191524042748, 7.30570172891e-005, 4.04803686251e-005, 5.96413010499e-005, 9.89561667666e-005, 7.17556249583e-005, 6.25165048405e-005, 7.850878319e-005, 6.92360918038e-005, 7.93783765403e-005, 8.91188901733e-005, 0.000162181357155, 0.000163144737598, 0.000158409049618, 0.000324066000758, 0.00024088670034, 0.000122434852528, 3.50843256456e-005, 3.72296358364e-006, 1.70651355802e-006, 6.9807441605e-007, 2.73054112654e-008, 2.68677635695e-010]
        min: [3.56456882653e-025, 1.62666560062e-024, 1.59340209726e-024, 3.39725709847e-024, 1.15204867945e-023, 3.16275036613e-023, 1.92202457015e-023, 1.25987531557e-023, 2.29499153748e-023, 2.39320393131e-023, 2.23113545601e-023, 3.23696829336e-023, 3.78976036389e-023, 7.29004853414e-023, 4.51308491391e-023, 8.20212761949e-023, 9.81533807325e-023, 1.33407789157e-022, 1.85640112471e-022, 2.24894929209e-022, 2.64319546679e-022, 3.31043194335e-022, 4.86924078203e-022, 7.47843773221e-022, 9.1695485159e-022, 1.37150887452e-021, 2.3796182824e-021]
        var: [5.32983488073e-014, 2.72184070838e-008, 5.65750362114e-008, 3.7542142195e-007, 2.12690360968e-006, 4.56671003235e-008, 4.57566855516e-008, 3.3109522235e-008, 6.44138395955e-008, 4.41447802757e-008, 3.69497250574e-008, 3.7549416021e-008, 1.74289898069e-008, 1.63863926872e-008, 1.92587332748e-008, 2.98299625001e-008, 2.88302661744e-008, 3.51428504075e-008, 9.59028341185e-008, 5.5596522941e-008, 2.74963731783e-008, 5.03625185999e-009, 1.69297117991e-010, 3.53177626033e-011, 8.50243920408e-012, 9.2446607349e-015, 5.08106858199e-019]
    frequency_bands:
        dmean: [5.45083693737e-008, 9.53149501584e-005, 0.0001395206491, 0.000291949545499, 0.000594151904806, 0.000102801575849, 8.5644183855e-005, 8.17175023258e-005, 0.000116043906019, 9.43177001318e-005, 8.39043132146e-005, 8.56474143802e-005, 6.38193232589e-005, 6.63281825837e-005, 7.00283344486e-005, 0.000106007115392, 0.000103768594272, 9.74861904979e-005, 0.000191374638234, 0.000151046100655, 0.000108676300442, 3.87952495657e-005, 5.62805325899e-006, 2.05942023968e-006, 8.32174407606e-007, 2.91919111106e-008, 3.10128034364e-010, 4.80604826769e-011]
        dmean2: [9.27260899175e-008, 0.000155685571372, 0.000228558303206, 0.000486225006171, 0.00100847461727, 0.000166653378983, 0.000144884892507, 0.000137634109706, 0.000191387560335, 0.000156780632096, 0.000137123919558, 0.000141052354593, 0.000104370497866, 0.000108138330688, 0.000115502029075, 0.000172931730049, 0.000173133899807, 0.000159401533892, 0.000316298945108, 0.000255477119936, 0.00018882167933, 6.61951489747e-005, 9.5987397799e-006, 3.34087803822e-006, 1.29348097744e-006, 4.66263223586e-008, 5.25902821291e-010, 8.93140145175e-011]
        dvar: [2.0232098535e-014, 1.52526382635e-008, 3.45346649056e-008, 3.76430961069e-007, 2.69416705123e-006, 3.17878630085e-008, 3.47674848911e-008, 2.46551703498e-008, 3.59723770771e-008, 2.45154172518e-008, 2.01218455231e-008, 1.9449766242e-008, 9.82837367047e-009, 8.70043326273e-009, 1.06741895323e-008, 1.72143508337e-008, 1.9798441997e-008, 2.76978795455e-008, 6.63350121499e-008, 4.18363050869e-008, 2.75883529355e-008, 4.11794509603e-009, 1.09843405205e-010, 2.18390514006e-011, 5.90774347844e-012, 7.68997665296e-015, 2.48514033182e-019, 4.72409148619e-021]
        dvar2: [5.7036650793e-014, 3.94841563889e-008, 8.90562006362e-008, 9.98307882583e-007, 7.25325708117e-006, 7.54132969405e-008, 8.92469174119e-008, 6.41221262754e-008, 9.33264274749e-008, 6.52776321886e-008, 5.35807274105e-008, 5.20014040717e-008, 2.50481591024e-008, 2.18740208169e-008, 2.77167941931e-008, 4.45414727324e-008, 5.14672287011e-008, 6.83402490154e-008, 1.73946801851e-007, 1.09820462058e-007, 7.24797502016e-008, 1.02857660167e-008, 2.70047789686e-010, 5.12566621091e-011, 1.32346087214e-011, 1.86841085545e-014, 6.21310143942e-019, 1.51074441463e-020]
        max: [6.91385275786e-006, 0.00122430105694, 0.00314161274582, 0.00573862437159, 0.0127549422905, 0.00258360314183, 0.00320721976459, 0.00371707649902, 0.00375715037808, 0.00237758620642, 0.00194713193923, 0.00237081828527, 0.00284028146416, 0.00274145277217, 0.00262212264352, 0.00213838974014, 0.00417752517387, 0.00573646882549, 0.00499982247129, 0.00326780974865, 0.00287677766755, 0.00115289201494, 0.000195497574168, 0.000103443722764, 7.37293157727e-005, 2.23572465075e-006, 9.23345311321e-009, 1.09569364692e-009]
        mean: [6.81146303805e-008, 0.000142701595905, 0.000197978428332, 0.000311574811349, 0.00060403929092, 0.000146723672515, 0.000107335792563, 0.000116998438898, 0.000191072234884, 0.000153180924826, 0.000134559726575, 0.000147773229401, 0.000109347762191, 0.00011823647219, 0.000129221763927, 0.000204537369427, 0.000198384426767, 0.000192865525605, 0.000382031081244, 0.000287730508717, 0.00016643415438, 5.74017431063e-005, 8.21389494376e-006, 3.47785908161e-006, 1.4863371689e-006, 5.36880371271e-008, 5.10536890541e-010, 3.76254027934e-011]
        median: [2.41866473516e-008, 7.91037018644e-005, 0.000120229509776, 9.85953156487e-005, 0.000191524042748, 7.30570172891e-005, 4.04803686251e-005, 5.96413010499e-005, 9.89561667666e-005, 7.17556249583e-005, 6.25165048405e-005, 7.850878319e-005, 6.92360918038e-005, 7.93783765403e-005, 8.91188901733e-005, 0.000162181357155, 0.000163144737598, 0.000158409049618, 0.000324066000758, 0.00024088670034, 0.000122434852528, 3.50843256456e-005, 3.72296358364e-006, 1.70651355802e-006, 6.9807441605e-007, 2.73054112654e-008, 2.68677635695e-010, 1.47404727313e-011]
        min: [3.56456882653e-025, 1.62666560062e-024, 1.59340209726e-024, 3.39725709847e-024, 1.15204867945e-023, 3.16275036613e-023, 1.92202457015e-023, 1.25987531557e-023, 2.29499153748e-023, 2.39320393131e-023, 2.23113545601e-023, 3.23696829336e-023, 3.78976036389e-023, 7.29004853414e-023, 4.51308491391e-023, 8.20212761949e-023, 9.81533807325e-023, 1.33407789157e-022, 1.85640112471e-022, 2.24894929209e-022, 2.64319546679e-022, 3.31043194335e-022, 4.86924078203e-022, 7.47843773221e-022, 9.1695485159e-022, 1.37150887452e-021, 2.3796182824e-021, 5.07556489055e-022]
        var: [5.32983488073e-014, 2.72184070838e-008, 5.65750362114e-008, 3.7542142195e-007, 2.12690360968e-006, 4.56671003235e-008, 4.57566855516e-008, 3.3109522235e-008, 6.44138395955e-008, 4.41447802757e-008, 3.69497250574e-008, 3.7549416021e-008, 1.74289898069e-008, 1.63863926872e-008, 1.92587332748e-008, 2.98299625001e-008, 2.88302661744e-008, 3.51428504075e-008, 9.59028341185e-008, 5.5596522941e-008, 2.74963731783e-008, 5.03625185999e-009, 1.69297117991e-010, 3.53177626033e-011, 8.50243920408e-012, 9.2446607349e-015, 5.08106858199e-019, 3.7146391215e-021]
    mfcc:
        mean: [-706.770080566, 100.337120056, -54.8221054077, 50.5810966492, -16.9714241028, 3.25428128242, 3.5292289257, -2.35799860954, 2.95291256905, -4.18383312225, -5.50272035599, -6.78742790222, -4.54963302612]
        cov: [[4043.47827148, 569.332214355, -27.7753696442, 302.529876709, -34.4049339294, 275.970977783, 91.6184539795, -61.2675514221, -63.8117370605, 26.589214325, -24.4781837463, -141.118759155, -2.83556246758], [569.332214355, 824.029541016, -127.236686707, 154.032150269, -24.9469470978, 74.9516067505, 60.6629371643, -2.67488980293, 69.0760879517, 16.7837734222, 31.5789432526, -22.7595405579, 35.62317276], [-27.7753696442, -127.236686707, 372.919433594, 89.9589080811, 141.977249146, 44.6284828186, 3.48828220367, 3.20408248901, -51.5239181519, -16.9499855042, -18.3299121857, 1.45362102985, -6.03844738007], [302.529876709, 154.032150269, 89.9589080811, 443.767425537, 188.641769409, 104.418624878, 63.6405601501, 0.925323188305, 49.9912261963, 59.1516494751, 50.482673645, 16.7083683014, 52.7961921692], [-34.4049339294, -24.9469470978, 141.977249146, 188.641769409, 267.888977051, 88.5202484131, 47.4056777954, 19.7856903076, 21.2513065338, 44.5371055603, 35.5271606445, 24.6195220947, 25.4773082733], [275.970977783, 74.9516067505, 44.6284828186, 104.418624878, 88.5202484131, 144.665313721, 71.9067611694, 28.844789505, 16.9894561768, 26.9800491333, 25.71575737, 0.718410491943, 15.7268362045], [91.6184539795, 60.6629371643, 3.48828220367, 63.6405601501, 47.4056777954, 71.9067611694, 179.21836853, 104.174201965, 52.9604301453, 38.7642211914, 8.69250679016, 17.927980423, 16.5816650391], [-61.2675514221, -2.67488980293, 3.20408248901, 0.925323188305, 19.7856903076, 28.844789505, 104.174201965, 149.742645264, 67.3693466187, 34.2068405151, 10.5693216324, 27.918428421, 15.7755918503], [-63.8117370605, 69.0760879517, -51.5239181519, 49.9912261963, 21.2513065338, 16.9894561768, 52.9604301453, 67.3693466187, 116.293762207, 65.8997039795, 35.6077079773, 28.1624546051, 28.9816265106], [26.589214325, 16.7837734222, -16.9499855042, 59.1516494751, 44.5371055603, 26.9800491333, 38.7642211914, 34.2068405151, 65.8997039795, 106.907348633, 51.5732841492, 29.1543865204, 25.8802604675], [-24.4781837463, 31.5789432526, -18.3299121857, 50.482673645, 35.5271606445, 25.71575737, 8.69250679016, 10.5693216324, 35.6077079773, 51.5732841492, 88.1613464355, 40.7991981506, 30.3962173462], [-141.118759155, -22.7595405579, 1.45362102985, 16.7083683014, 24.6195220947, 0.718410491943, 17.927980423, 27.918428421, 28.1624546051, 29.1543865204, 40.7991981506, 84.942489624, 39.5664100647], [-2.83556246758, 35.62317276, -6.03844738007, 52.7961921692, 25.4773082733, 15.7268362045, 16.5816650391, 15.7755918503, 28.9816265106, 25.8802604675, 30.3962173462, 39.5664100647, 66.5648117065]]
        icov: [[0.00036643241765, -0.000161179035786, 3.22030718962e-005, -0.000229439450777, 0.000383048609365, -0.000723810808267, 4.18851559516e-005, -1.69583981915e-005, 0.000552540819626, -0.000466786208563, 0.000250849319855, 0.000411344168242, -0.00011338301556], [-0.000161179035786, 0.00171752937604, 0.000385510094929, -0.000461737683509, 0.000431812775787, -0.000386610248825, -0.000505050818902, 0.000674194598105, -0.00135449739173, 0.00104563124478, -0.000586642243434, 0.000686393934302, -0.000589645234868], [3.22030718962e-005, 0.000385510094929, 0.00417340593413, -0.000572156335693, -0.00194968248252, -0.000586704758462, 0.000746214587707, -0.00132789835334, 0.00242089689709, -1.73482840182e-005, 0.00126569764689, -0.000504880328663, 0.000315973127726], [-0.000229439450777, -0.000461737683509, -0.000572156335693, 0.00432232022285, -0.00239182519726, -0.00018117869331, -0.000940833881032, 0.00170826457907, -0.00158021831885, 3.63003382517e-005, -0.00063357379986, 0.000687637308147, -0.00190058269072], [0.000383048609365, 0.000431812775787, -0.00194968248252, -0.00239182519726, 0.0078910626471, -0.00316096493043, -6.40557118459e-005, 0.000248881435255, 2.49913646257e-005, -0.0014453252079, -0.000368179782527, -0.000505237723701, 0.000208480836591], [-0.000723810808267, -0.000386610248825, -0.000586704758462, -0.00018117869331, -0.00316096493043, 0.0133687322959, -0.00427029235289, 4.22130979132e-005, 0.000569143681787, 0.000756535853725, -0.00367703940719, 0.00208941684105, -0.000733216584194], [4.18851559516e-005, -0.000505050818902, 0.000746214587707, -0.000940833881032, -6.40557118459e-005, -0.00427029235289, 0.012397011742, -0.00779670197517, 0.00094045966398, -0.00205013342202, 0.0030588300433, -0.00125765625853, 0.000617433805019], [-1.69583981915e-005, 0.000674194598105, -0.00132789835334, 0.00170826457907, 0.000248881435255, 4.22130979132e-005, -0.00779670197517, 0.0155514637008, -0.0078384084627, 0.00164326152299, 0.000337542733178, -0.00183920213021, 2.73882524198e-005], [0.000552540819626, -0.00135449739173, 0.00242089689709, -0.00158021831885, 2.49913646257e-005, 0.000569143681787, 0.00094045966398, -0.0078384084627, 0.0212028305978, -0.00940773449838, 0.000280861888314, 0.000258188811131, -0.00215475470759], [-0.000466786208563, 0.00104563124478, -1.73482840182e-005, 3.63003382517e-005, -0.0014453252079, 0.000756535853725, -0.00205013342202, 0.00164326152299, -0.00940773449838, 0.0194489900023, -0.00771122658625, -3.0730087019e-005, -4.03035701311e-005], [0.000250849319855, -0.000586642243434, 0.00126569764689, -0.00063357379986, -0.000368179782527, -0.00367703940719, 0.0030588300433, 0.000337542733178, 0.000280861888314, -0.00771122658625, 0.0214065015316, -0.00731230061501, -0.00144311995246], [0.000411344168242, 0.000686393934302, -0.000504880328663, 0.000687637308147, -0.000505237723701, 0.00208941684105, -0.00125765625853, -0.00183920213021, 0.000258188811131, -3.0730087019e-005, -0.00731230061501, 0.0216696653515, -0.0101340301335], [-0.00011338301556, -0.000589645234868, 0.000315973127726, -0.00190058269072, 0.000208480836591, -0.000733216584194, 0.000617433805019, 2.73882524198e-005, -0.00215475470759, -4.03035701311e-005, -0.00144311995246, -0.0101340301335, 0.0244394671172]]
    sccoeffs:
        dmean: [0.0622731149197, 0.0485800504684, 0.0373189672828, 0.0298001766205, 0.0211529862136, 0.0208299066871]
        dmean2: [0.102691635489, 0.0811966583133, 0.0621654391289, 0.0488213784993, 0.0345984995365, 0.0322587192059]
        dvar: [0.00312990415841, 0.00151121767703, 0.000913819880225, 0.000570461095776, 0.000319900427712, 0.000360553793143]
        dvar2: [0.00779703259468, 0.00415420345962, 0.00246516708285, 0.00149049214087, 0.000787104712799, 0.000831702665891]
        max: [-0.217416763306, -0.45594099164, -0.526051461697, -0.588376045227, -0.578909933567, -0.457017540932]
        mean: [-0.638588607311, -0.77356171608, -0.79985678196, -0.798190593719, -0.801619768143, -0.737750709057]
        median: [-0.652370452881, -0.780382871628, -0.804101228714, -0.801634311676, -0.805492281914, -0.739051222801]
        min: [-0.970497012138, -0.996770083904, -0.998310863972, -0.98890453577, -0.989521801472, -0.9625903368]
        var: [0.00885729771107, 0.00381847308017, 0.00234194332734, 0.00147472100798, 0.00111841759644, 0.00135835330002]
    scvalleys:
        dmean: [0.422844678164, 0.375048071146, 0.324606150389, 0.284062743187, 0.276454359293, 0.285745978355]
        dmean2: [0.691802024841, 0.610186755657, 0.508242785931, 0.4318818748, 0.411003738642, 0.439187586308]
        dvar: [0.140091359615, 0.124199278653, 0.0896782726049, 0.0758445635438, 0.0802556499839, 0.115029044449]
        dvar2: [0.32381477952, 0.276213288307, 0.181591674685, 0.141863241792, 0.154077172279, 0.237931057811]
        max: [-5.24387931824, -4.75754308701, -4.97646045685, -5.70272541046, -5.52802801132, -7.73381710052]
        mean: [-7.15720653534, -6.74634552002, -6.77515077591, -6.98765850067, -6.94681358337, -9.70360946655]
        median: [-6.76861000061, -6.59646320343, -6.63947868347, -6.80947494507, -6.76920318604, -9.59912395477]
        min: [-27.5619888306, -27.8203411102, -27.6318912506, -27.5102539063, -27.4699325562, -27.3569526672]
        var: [2.09870648384, 1.37917971611, 1.4562022686, 1.23393666744, 1.06563878059, 1.14965605736]

rhythm:
    beats_loudness:
        dmean: 0.00329961488023
        dmean2: 0.0063849450089
        dvar: 3.63159460903e-006
        dvar2: 1.29788322738e-005
        max: 0.0123530831188
        mean: 0.00572825130075
        median: 0.00527080241591
        min: 8.52605541724e-009
        var: 6.11186578681e-006
    bpm: 121.024597168
    bpm_confidence: 0
    first_peak_bpm: 120
    first_peak_spread: 0.347140043974
    first_peak_weight: 0.635316669941
    onset_rate: 3.87886929512
    second_peak_bpm: 112
    second_peak_spread: 0.600000023842
    second_peak_weight: 0.00767754297704
    beats_loudness_band_ratio:
        dmean: [0.145501822233, 0.2547506392, 0.073031373322, 0.0841430947185, 0.116415008903, 0.104848429561]
        dmean2: [0.267742186785, 0.493973940611, 0.132483527064, 0.152599707246, 0.218665093184, 0.196297124028]
        dvar: [0.0124617572874, 0.0204007197171, 0.00742780044675, 0.00920378603041, 0.00707601197064, 0.00819231476635]
        dvar2: [0.0368934720755, 0.0758053958416, 0.0226471833885, 0.0255485791713, 0.0228097848594, 0.0219641327858]
        max: [0.794643640518, 0.658729553223, 0.771561741829, 0.951442182064, 0.999695181847, 0.965634047985]
        mean: [0.27998688817, 0.20691986382, 0.0974306389689, 0.130415916443, 0.189165875316, 0.180033385754]
        median: [0.300171583891, 0.140274465084, 0.0662974715233, 0.101764470339, 0.173752367496, 0.16075822711]
        min: [1.24460456163e-007, 2.817157565e-007, 5.34181481271e-006, 3.85310613638e-006, 0.0105325179175, 0.000301122432575]
        var: [0.0176744647324, 0.0292087756097, 0.00763885676861, 0.0109243551269, 0.0119347926229, 0.010088339448]
    beats_position: [0.510838985443, 1.03328800201, 1.5673469305, 2.11301589012, 2.65868473053, 3.1811337471, 3.69197273254, 4.19120168686, 4.69043064117, 5.17804956436, 5.67727899551, 6.17650794983, 6.66412687302, 7.16335582733, 7.66258478165, 8.15020370483, 8.64943313599, 9.14866161346, 9.64789104462, 10.1471195221, 10.6347389221, 11.1339683533, 11.6331968307, 12.1208162308, 12.6200447083, 13.1192741394, 13.6068935394, 14.1061220169, 14.6053514481, 15.0929698944, 15.5921993256, 16.0914287567, 16.5906581879, 17.0898857117, 17.5775051117, 18.0651245117, 18.5643539429, 19.0635814667, 19.5628108978, 20.062040329, 20.549659729, 21.0488891602, 21.548116684, 22.035736084, 22.5349655151, 23.0341949463, 23.5334243774, 24.0326519012, 24.5202713013, 25.0078907013, 25.5071201324, 26.0063495636, 26.5055770874, 27.0048065186, 27.4924259186, 27.9916553497, 28.4908847809, 28.9785022736, 29.4777317047, 29.9769611359, 30.4645805359, 30.9638080597, 31.4630374908, 31.962266922, 32.4614944458, 32.9491157532, 33.4483451843, 33.9475746155, 34.4351921082, 34.9344215393, 35.4336509705, 35.9212684631, 36.4088897705, 36.8965072632, 37.4073448181, 37.9065742493, 38.4058036804, 38.8934249878, 39.3810424805, 39.8802719116, 40.3795013428, 40.8787307739, 41.3779602051, 41.8771858215, 42.3764152527, 42.8640365601, 43.3632659912, 43.8624954224, 44.350112915, 44.8377304077, 45.3369598389, 45.83618927, 46.3238105774, 46.8230361938, 47.322265625, 47.8214950562, 48.3207244873, 48.8199539185, 49.3075714111, 49.8068008423, 50.3060302734, 50.8052597046, 51.2928771973, 51.7921066284, 52.2797279358, 52.7789573669, 53.2781867981, 53.7774124146, 54.2650337219, 54.7526512146, 55.240272522, 55.7511100769, 56.2503395081, 56.7495689392, 57.2371864319, 57.736415863, 58.2356452942, 58.7232627869, 59.2341041565, 59.7333335876, 60.2325630188, 60.7201805115, 61.2194099426, 61.7186393738, 62.2062568665, 62.6938781738, 63.1814956665, 63.6691131592, 64.1683425903, 64.6675720215, 65.1668014526, 65.6660308838, 66.1536483765, 66.6528778076, 67.1521072388, 67.6513366699, 68.1505661011, 68.6497955322, 69.1490249634, 69.6482543945, 70.1474838257, 70.6351013184, 71.122718811, 71.6219482422, 72.1211776733, 72.6204071045, 73.1196365356, 73.6072540283, 74.094871521, 74.6057128906, 75.1049423218, 75.6041717529, 76.0917892456, 76.5794067383, 77.0786361694, 77.5778656006, 78.0654830933, 78.5647125244, 79.0639419556, 79.5515594482, 80.0507888794, 80.5500183105, 81.0492477417, 81.5484771729, 82.0360946655, 82.5353240967, 83.0345535278, 83.5221786499, 84.0214080811, 84.5206298828, 85.0082550049, 85.507484436, 86.0067138672, 86.5059356689, 86.993560791, 87.4811782837, 87.9920196533, 88.4912490845, 88.9788665771, 89.4780960083, 89.9773254395, 90.4649429321, 90.9641723633, 91.4634017944, 91.9626312256, 92.4618606567, 92.9494781494, 93.4370956421, 93.9363250732, 94.4355545044, 94.9231719971, 95.4224014282, 95.9216308594, 96.4208602905, 96.9200897217, 97.4077072144, 97.9069366455, 98.4061660767, 98.8937835693, 99.381401062, 99.8806304932, 100.379859924, 100.879089355, 101.378318787, 101.877548218, 102.376777649, 102.87600708, 103.375236511, 103.862854004, 104.350471497, 104.849700928, 105.348930359, 105.836547852, 106.347389221, 106.835006714, 107.322631836, 107.821853638, 108.321083069, 108.8203125, 109.319541931, 109.807167053, 110.294784546, 110.794013977, 111.293243408, 111.792472839, 112.291702271, 112.790924072, 113.290153503, 113.777778625, 114.265396118, 114.764625549, 115.26385498, 115.751472473, 116.250701904, 116.749931335, 117.249160767, 117.748390198, 118.23600769, 118.723625183, 119.222854614, 119.722084045, 120.221313477, 120.720542908, 121.2081604, 121.707389832, 122.206619263, 122.705848694, 123.205078125, 123.692695618, 124.191925049, 124.69115448, 125.178771973, 125.666389465, 126.165618896, 126.664848328, 127.164077759, 127.66330719, 128.162536621, 128.650161743, 129.149383545, 129.637008667, 130.136230469, 130.635467529, 131.134689331, 131.633926392, 132.121536255, 132.620773315, 133.119995117, 133.607620239, 134.095230103, 134.606079102, 135.093688965, 135.581314087, 136.080535889, 136.579772949, 137.078994751, 137.578231812, 138.065841675, 138.565078735, 139.064300537, 139.551925659, 140.051147461, 140.550384521, 141.037994385, 141.537231445, 142.024856567, 142.512466431, 143.011703491, 143.510925293, 144.010162354, 144.509384155, 145.008621216, 145.507843018, 146.007064819, 146.50630188, 147.005523682, 147.493148804, 147.980773926, 148.468383789, 148.96762085, 149.466842651, 149.966079712, 150.465301514, 150.952926636, 151.452148438, 151.951385498, 152.4506073, 152.94984436, 153.437454224, 153.936691284, 154.435913086, 154.935150146, 155.434371948, 155.92199707, 156.421218872, 156.920455933, 157.408065796, 157.907302856, 158.406524658, 158.89414978, 159.393371582, 159.892608643, 160.380218506, 160.867843628, 161.36706543, 161.86630249, 162.365524292, 162.864761353, 163.363983154, 163.863220215, 164.350830078, 164.850067139, 165.34928894, 165.836914063, 166.324539185, 166.823760986, 167.322982788, 167.822219849, 168.32144165, 168.820678711, 169.319900513, 169.807525635, 170.306747437, 170.805984497, 171.293609619, 171.781219482, 172.280456543, 172.779678345, 173.278915405, 173.778137207, 174.265762329, 174.764984131, 175.264221191, 175.763442993, 176.262680054, 176.750289917, 177.237915039, 177.737136841, 178.236373901, 178.723983765, 179.223220825, 179.722442627, 180.221679688, 180.720901489, 181.208526611, 181.696136475, 182.195373535, 182.682983398, 183.182220459, 183.681442261, 184.180679321, 184.679901123, 185.179138184, 185.678359985, 186.177597046, 186.676818848, 187.176055908, 187.67527771, 188.174514771, 188.662124634, 189.149749756, 189.648971558, 190.148208618, 190.635818481, 191.123443604, 191.599456787, 192.098678589, 192.597915649, 193.097137451, 193.584762573, 194.083984375, 194.583221436, 195.082443237, 195.570068359, 196.069290161, 196.568527222, 197.067749023, 197.555374146, 198.054595947, 198.553833008, 199.041442871, 199.540679932, 200.039901733, 200.539138794, 201.038360596, 201.525985718, 202.013595581, 202.512832642, 203.012054443, 203.499679565, 203.998901367, 204.498138428, 205.008972168, 205.508209229, 206.00743103, 206.495056152, 206.982666016, 207.481903076, 207.981124878, 208.480361938, 208.97958374, 209.467208862, 209.978042603, 210.477279663, 210.976501465, 211.464126587, 211.95173645, 212.439361572, 212.926986694, 213.414596558, 213.913833618, 214.41305542, 214.92388916, 215.423126221, 215.922348022, 216.409973145, 216.897598267, 217.38520813, 217.88444519, 218.383666992, 218.894515991, 219.382125854, 219.881362915, 220.380584717, 220.868209839, 221.355819702, 221.855056763, 222.354278564, 222.865127563, 223.352737427, 223.851974487, 224.351196289, 224.85043335, 225.349655151, 225.837280273, 226.336502075, 226.824127197, 227.323348999, 227.82258606, 228.321807861, 228.809432983, 229.320266724, 229.807891846, 230.295501709, 230.79473877, 231.293960571, 231.793197632, 232.292419434, 232.780044556, 233.279266357, 233.778503418, 234.266113281, 234.765350342, 235.264572144, 235.763809204, 236.263031006, 236.750656128, 237.238265991, 237.737503052, 238.236724854, 238.735961914, 239.235183716, 239.722808838, 240.22203064, 240.7212677, 241.208877563, 241.708114624, 242.207336426, 242.706573486, 243.205795288, 243.69342041, 244.181045532, 244.680267334, 245.179489136, 245.667114258, 246.166351318, 246.66557312, 247.164810181, 247.664031982, 248.151657104, 248.650878906, 249.150115967, 249.63772583, 250.136962891, 250.636184692, 251.135421753, 251.634643555, 252.122268677, 252.60987854, 253.074279785, 253.561904907, 254.049514771, 254.537139893, 255.024749756, 255.512374878, 256.116088867, 256.719818115, 257.253875732, 257.78793335, 258.321990967, 258.867645264, 259.424926758]
