
metadata:
    version:
        essentia: "2.1-beta2"
    audio_properties:
        analysis_sample_rate: 44100
        bitrate: 320
        channels: 2
        equal_loudness: 1
        length: 260.780395508
        replay_gain: -16.0257282257
        downmix: "mix"
    tags:
        album: "Ire"
        artist: "Parkway Drive"
        comment: ""
        date: "2015"
        genre: "Alternative"
        title: "Vicious"
        tracknumber: "09/11"

configuration:
    average_loudness:
        compute: 1
        frameSize: 88200
        hopSize: 44100
        silentFrames: "noise"
        windowType: "hann"
    general:
        analysisSampleRate: 44100
        endTime: 2000
        equalLoudness: 1
        nequalLoudness: 0
        shortSound: 0
        startTime: 0
    lowlevel:
        compute: 1
        frameSize: 2048
        hopSize: 1024
        zeroPadding: 0
        silentFrames: "noise"
        windowType: "blackmanharris62"
        mfccStats: ["mean", "cov", "icov"]
        stats: ["mean", "var", "median", "min", "max", "dmean", "dmean2", "dvar", "dvar2"]
    panning:
        compute: 0
        frameSize: 8192
        hopSize: 2048
        zeroPadding: 8192
        silentFrames: "noise"
        windowType: "hann"
        stats: ["copy"]
    rhythm:
        compute: 1
        maxTempo: 208
        minTempo: 40
        method: "degara"
        stats: ["mean", "var", "median", "min", "max", "dmean", "dmean2", "dvar", "dvar2"]
    segmentation:
        compute: 0
        cpw: 5
        inc1: 300
        inc2: 50
        minimumSegmentsLength: 10
        size1: 1000
        size2: 600
    sfx:
        compute: 1
        stats: ["mean", "var", "median", "min", "max", "dmean", "dmean2", "dvar", "dvar2"]
    svm:
        compute: 0
    tonal:
        compute: 1
        frameSize: 4096
        hopSize: 2048
        zeroPadding: 0
        silentFrames: "noise"
        windowType: "blackmanharris62"
        stats: ["mean", "var", "median", "min", "max", "dmean", "dmean2", "dvar", "dvar2"]

lowlevel:
    average_loudness: 0.8690315485
    barkbands_kurtosis:
        dmean: 1.01289153099
        dmean2: 1.68819904327
        dvar: 10.5517711639
        dvar2: 27.9930381775
        max: 114.886451721
        mean: 0.444246441126
        median: -0.948547303677
        min: -1.8409717083
        var: 37.5439033508
    barkbands_skewness:
        dmean: 0.401178926229
        dmean2: 0.635744690895
        dvar: 0.180843159556
        dvar2: 0.444247066975
        max: 9.08781337738
        mean: 0.172177791595
        median: -0.0740431398153
        min: -3.48438334465
        var: 1.1530162096
    barkbands_spread:
        dmean: 4.91206645966
        dmean2: 7.9423699379
        dvar: 21.3747177124
        dvar2: 55.1684379578
        max: 67.8424301147
        mean: 30.0222969055
        median: 30.9482097626
        min: 0.341405242682
        var: 127.083045959
    dissonance:
        dmean: 0.012649314478
        dmean2: 0.0216205660254
        dvar: 0.00021230278071
        dvar2: 0.00058783357963
        max: 0.500000119209
        mean: 0.47817158699
        median: 0.485882282257
        min: 0.175494521856
        var: 0.000762955867685
    hfc:
        dmean: 1.94032716751
        dmean2: 3.15875887871
        dvar: 6.91892337799
        dvar2: 17.6177272797
        max: 47.1085929871
        mean: 7.59728956223
        median: 7.67396259308
        min: 1.13004597787e-016
        var: 23.2880916595
    pitch:
        dmean: 644.121276855
        dmean2: 1221.37438965
        dvar: 1259467
        dvar2: 3292073
        max: 4737.50097656
        mean: 767.291687012
        median: 266.110473633
        min: 43.0243911743
        var: 1283357.25
    pitch_instantaneous_confidence:
        dmean: 0.0731294080615
        dmean2: 0.120384611189
        dvar: 0.0038252894301
        dvar2: 0.0100303124636
        max: 0.816333293915
        mean: 0.323646605015
        median: 0.296254903078
        min: 0.103248536587
        var: 0.0144967297092
    pitch_salience:
        dmean: 0.0587921440601
        dmean2: 0.0973722934723
        dvar: 0.00298364530317
        dvar2: 0.00819015875459
        max: 0.956332325935
        mean: 0.66214287281
        median: 0.680250406265
        min: 0.211505249143
        var: 0.00760501483455
    silence_rate_20dB:
        dmean: 0
        dmean2: 0
        dvar: 0
        dvar2: 0
        max: 1
        mean: 1
        median: 1
        min: 1
        var: 0
    silence_rate_30dB:
        dmean: 0
        dmean2: 0
        dvar: 0
        dvar2: 0
        max: 1
        mean: 1
        median: 1
        min: 1
        var: 0
    silence_rate_60dB:
        dmean: 0.0683821588755
        dmean2: 0.136776492
        dvar: 0.0637098476291
        dvar2: 0.139972791076
        max: 1
        mean: 0.287838310003
        median: 0
        min: 0
        var: 0.204988464713
    spectral_centroid:
        dmean: 270.873901367
        dmean2: 428.597900391
        dvar: 84725.1875
        dvar2: 200020.453125
        max: 11431.6904297
        mean: 1612.71496582
        median: 1704.37805176
        min: 80.8417282104
        var: 505292.53125
    spectral_complexity:
        dmean: 3.77900457382
        dmean2: 6.07052516937
        dvar: 14.4166212082
        dvar2: 35.1486625671
        max: 49
        mean: 17.4834403992
        median: 19
        min: 0
        var: 95.5862350464
    spectral_crest:
        dmean: 1.8754799366
        dmean2: 3.14429855347
        dvar: 3.98318171501
        dvar2: 10.4978847504
        max: 24.4515666962
        mean: 6.36283397675
        median: 5.10671710968
        min: 2.0883705616
        var: 12.5077056885
    spectral_decrease:
        dmean: 2.69430394662e-010
        dmean2: 4.3692652274e-010
        dvar: 2.54768526739e-019
        dvar2: 6.55641189591e-019
        max: 1.33513143391e-028
        mean: -9.88943371638e-010
        median: -9.42613986865e-010
        min: -5.23048493406e-009
        var: 4.52022668499e-019
    spectral_energy:
        dmean: 0.00115581951104
        dmean2: 0.00187019014265
        dvar: 4.014874321e-006
        dvar2: 1.02961221273e-005
        max: 0.0211052373052
        mean: 0.00442159082741
        median: 0.00427806377411
        min: 1.04048092729e-020
        var: 8.2400492829e-006
    spectral_energyband_high:
        dmean: 0.000174418484676
        dmean2: 0.000292391458061
        dvar: 8.00736614792e-008
        dvar2: 2.06341340458e-007
        max: 0.0057081617415
        mean: 0.000370917754481
        median: 0.000320830382407
        min: 7.12241604617e-021
        var: 1.16530358696e-007
    spectral_energyband_low:
        dmean: 0.000243345275521
        dmean2: 0.000398033735109
        dvar: 8.92032545607e-008
        dvar2: 2.36639678519e-007
        max: 0.0032829483971
        mean: 0.000427643593866
        median: 0.000300271058222
        min: 2.16534634978e-023
        var: 1.60051868647e-007
    spectral_energyband_middle_high:
        dmean: 0.000518262211699
        dmean2: 0.000829929485917
        dvar: 3.20684449662e-007
        dvar2: 8.05349202437e-007
        max: 0.0124349687248
        mean: 0.00229384750128
        median: 0.00232187891379
        min: 1.22762650191e-021
        var: 2.04719003705e-006
    spectral_energyband_middle_low:
        dmean: 0.000799009983893
        dmean2: 0.00132589472923
        dvar: 3.72619979316e-006
        dvar2: 9.77557192527e-006
        max: 0.018894046545
        mean: 0.00145329453517
        median: 0.000988760497421
        min: 1.83872660146e-022
        var: 3.76090815735e-006
    spectral_flatness_db:
        dmean: 0.0134904310107
        dmean2: 0.0219965428114
        dvar: 0.000197615212528
        dvar2: 0.000521220383234
        max: 0.543856441975
        mean: 0.156473204494
        median: 0.138148337603
        min: 0.0580359473825
        var: 0.00363676273264
    spectral_flux:
        dmean: 0.00695413211361
        dmean2: 0.0108009455726
        dvar: 9.86486120382e-005
        dvar2: 0.000225215873797
        max: 0.128921255469
        mean: 0.0390652269125
        median: 0.0401066951454
        min: 6.46481826405e-011
        var: 0.000332258467097
    spectral_kurtosis:
        dmean: 2.55709695816
        dmean2: 4.46924591064
        dvar: 45.9411582947
        dvar2: 138.161621094
        max: 200.168746948
        mean: 7.25152349472
        median: 3.27288675308
        min: -1.24224185944
        var: 284.061950684
    spectral_rms:
        dmean: 0.000238465858274
        dmean2: 0.000376688025426
        dvar: 1.0242748516e-007
        dvar2: 2.50876126984e-007
        max: 0.00453767320141
        mean: 0.00194619537797
        median: 0.00204296875745
        min: 3.18606859645e-012
        var: 5.26086296304e-007
    spectral_rolloff:
        dmean: 365.339233398
        dmean2: 593.815368652
        dvar: 222540.265625
        dvar2: 537695
        max: 19422.9492188
        mean: 3089.15527344
        median: 3466.84570313
        min: 86.1328125
        var: 1489166.625
    spectral_skewness:
        dmean: 0.248176828027
        dmean2: 0.421384841204
        dvar: 0.154137149453
        dvar2: 0.470528334379
        max: 12.1612510681
        mean: 1.55041193962
        median: 1.27763092518
        min: -0.0690063685179
        var: 1.42446374893
    spectral_spread:
        dmean: 340136.6875
        dmean2: 538581.8125
        dvar: 246714318848
        dvar2: 554016243712
        max: 41627216
        mean: 3827297
        median: 3803022
        min: 442262.5
        var: 2.85663402394e+012
    spectral_strongpeak:
        dmean: 0.347802042961
        dmean2: 0.613839566708
        dvar: 0.290417820215
        dvar2: 0.785786271095
        max: 6.59570407867
        mean: 0.462035268545
        median: 0.213868319988
        min: 1.85833584632e-010
        var: 0.380477696657
    zerocrossingrate:
        dmean: 0.00793558079749
        dmean2: 0.00996915530413
        dvar: 6.30016656942e-005
        dvar2: 8.79582221387e-005
        max: 0.51318359375
        mean: 0.0918882936239
        median: 0.09814453125
        min: 0.00390625
        var: 0.00110410293564
    barkbands:
        dmean: [8.20398682322e-008, 8.89761868166e-005, 0.000141808632179, 0.000217557128053, 0.000469870865345, 0.0001038860064, 6.91954264767e-005, 7.81550188549e-005, 0.000152723005158, 0.000100438352092, 0.000100500990811, 8.81282539922e-005, 8.38934793137e-005, 7.13186527719e-005, 7.64253272791e-005, 0.000111197368824, 0.000120664328279, 0.00010427916277, 0.000192865350982, 0.000142170349136, 9.79439500952e-005, 2.80467775156e-005, 3.91154298995e-006, 1.30822991196e-006, 4.66045690928e-007, 1.3098299334e-008, 2.06177103168e-010]
        dmean2: [1.32405091335e-007, 0.000143562152516, 0.000236007370404, 0.000368715584045, 0.000799270521384, 0.000168748971191, 0.000115781847853, 0.000130397136672, 0.000255212158663, 0.000167805526871, 0.000164467361174, 0.000146197504364, 0.00014103045396, 0.000118159863632, 0.0001263563463, 0.000184136195458, 0.000201142422156, 0.000174023080035, 0.000322209933074, 0.00023791998683, 0.000165944031323, 4.79797599837e-005, 6.7118539846e-006, 2.17457659346e-006, 7.53733047532e-007, 2.09896171555e-008, 3.69692582103e-010]
        dvar: [5.14814157016e-014, 1.70980385406e-008, 3.61891281386e-008, 2.56805037679e-007, 2.03975127988e-006, 3.02761655746e-008, 2.00260217298e-008, 1.75175820516e-008, 5.70566243141e-008, 2.68963162853e-008, 2.50894771625e-008, 1.75567596017e-008, 1.64032911698e-008, 1.09950182292e-008, 1.08509388141e-008, 1.89725017918e-008, 2.47249491991e-008, 2.08683825775e-008, 5.80847974163e-008, 3.89080732077e-008, 2.80251697404e-008, 2.0852888305e-009, 6.43346972917e-011, 8.82042095612e-012, 2.02888096948e-012, 1.34703257849e-015, 8.91179318052e-020]
        dvar2: [1.31840827318e-013, 4.30726316836e-008, 9.59042480986e-008, 6.77202024235e-007, 5.50122149434e-006, 7.52763114065e-008, 5.21058254321e-008, 4.54836737163e-008, 1.58261855177e-007, 7.61111138559e-008, 6.39373709532e-008, 4.75764920793e-008, 4.5818733696e-008, 2.92291471027e-008, 2.88153767514e-008, 5.21704315304e-008, 6.39076347397e-008, 5.51122774084e-008, 1.5121563024e-007, 1.01487259485e-007, 7.19575012909e-008, 5.54645929185e-009, 1.61029051204e-010, 2.04626836309e-011, 4.64398224737e-012, 3.19234097029e-015, 2.59139762686e-019]
        max: [1.17487270472e-005, 0.00142174807843, 0.00211817631498, 0.00549913663417, 0.0133727192879, 0.00366750662215, 0.00235772063024, 0.00219879858196, 0.0032181981951, 0.00342367286794, 0.00338617200032, 0.00184663780965, 0.00189411803149, 0.00210712524131, 0.00199089897797, 0.00238549988717, 0.00380042125471, 0.0042756581679, 0.00853242445737, 0.00570265110582, 0.00425721844658, 0.000876078964211, 0.000228012591833, 8.30686258269e-005, 4.79938062199e-005, 1.27526914184e-006, 6.75330324995e-009]
        mean: [1.28301834934e-007, 0.000136606307933, 0.000200395734282, 0.000230672885664, 0.000501443282701, 0.000174762055394, 9.74817230599e-005, 0.000124356389279, 0.00026813178556, 0.000176344983629, 0.000176817658939, 0.000160271447385, 0.000148903680383, 0.000129926032969, 0.000156525071361, 0.00024210443371, 0.000262952089543, 0.00023311044788, 0.000453732558526, 0.000307030335534, 0.000180369010195, 5.02596485603e-005, 6.00250314164e-006, 2.37624158217e-006, 8.57615930272e-007, 2.53091592128e-008, 2.40785835715e-010]
        median: [3.73054298564e-008, 7.04698177287e-005, 0.000126923987409, 8.14245577203e-005, 0.000150933250552, 9.70994879026e-005, 4.12420886278e-005, 6.27468398307e-005, 0.000147004800965, 9.16889694054e-005, 9.83054342214e-005, 9.67048690654e-005, 8.86605484993e-005, 8.62734013936e-005, 0.0001165744834, 0.000205779942917, 0.000214188781683, 0.000197068904527, 0.000417533796281, 0.000275214173598, 0.000144713238114, 3.88094922528e-005, 3.19069476973e-006, 1.42984526974e-006, 4.55469262306e-007, 1.29997630438e-008, 1.30419702815e-010]
        min: [1.0142133209e-024, 4.37033280227e-024, 4.48713312562e-024, 2.83869230161e-024, 1.42203916416e-023, 1.63433393999e-023, 1.66385311506e-023, 8.00629053319e-024, 2.30425055569e-023, 1.58900804341e-023, 1.72418582818e-023, 2.97626995903e-023, 3.66195448428e-023, 4.48372540428e-023, 5.88275223367e-023, 6.16786928401e-023, 6.55244591728e-023, 1.07473412607e-022, 1.79305887568e-022, 1.8099948989e-022, 2.78449446509e-022, 3.60482978447e-022, 4.96551361934e-022, 6.24859676521e-022, 1.03060363145e-021, 1.42818245948e-021, 2.13669961069e-021]
        var: [1.61162763365e-013, 2.89685200272e-008, 5.21278984422e-008, 2.36244233065e-007, 1.67497432813e-006, 5.2768285741e-008, 2.91453403634e-008, 3.2722276444e-008, 1.11431383232e-007, 5.50114371833e-008, 5.01451538071e-008, 3.59871208389e-008, 3.50070301636e-008, 2.04817460769e-008, 2.38919231066e-008, 4.19018384434e-008, 6.1176550048e-008, 4.26292814382e-008, 1.29075971245e-007, 7.07155791702e-008, 3.65915475697e-008, 2.72723332806e-009, 8.51564097015e-011, 1.28945274597e-011, 2.77738682747e-012, 1.99159468756e-015, 1.11498505275e-019]
    frequency_bands:
        dmean: [8.20398682322e-008, 8.89761868166e-005, 0.000141808632179, 0.000217557128053, 0.000469870865345, 0.0001038860064, 6.91954264767e-005, 7.81550188549e-005, 0.000152723005158, 0.000100438352092, 0.000100500990811, 8.81282539922e-005, 8.38934793137e-005, 7.13186527719e-005, 7.64253272791e-005, 0.000111197368824, 0.000120664328279, 0.00010427916277, 0.000192865350982, 0.000142170349136, 9.79439500952e-005, 2.80467775156e-005, 3.91154298995e-006, 1.30822991196e-006, 4.66045690928e-007, 1.3098299334e-008, 2.06177103168e-010, 5.04099609278e-011]
        dmean2: [1.32405091335e-007, 0.000143562152516, 0.000236007370404, 0.000368715584045, 0.000799270521384, 0.000168748971191, 0.000115781847853, 0.000130397136672, 0.000255212158663, 0.000167805526871, 0.000164467361174, 0.000146197504364, 0.00014103045396, 0.000118159863632, 0.0001263563463, 0.000184136195458, 0.000201142422156, 0.000174023080035, 0.000322209933074, 0.00023791998683, 0.000165944031323, 4.79797599837e-005, 6.7118539846e-006, 2.17457659346e-006, 7.53733047532e-007, 2.09896171555e-008, 3.69692582103e-010, 9.33747523746e-011]
        dvar: [5.14814157016e-014, 1.70980385406e-008, 3.61891281386e-008, 2.56805037679e-007, 2.03975127988e-006, 3.02761655746e-008, 2.00260217298e-008, 1.75175820516e-008, 5.70566243141e-008, 2.68963162853e-008, 2.50894771625e-008, 1.75567596017e-008, 1.64032911698e-008, 1.09950182292e-008, 1.08509388141e-008, 1.89725017918e-008, 2.47249491991e-008, 2.08683825775e-008, 5.80847974163e-008, 3.89080732077e-008, 2.80251697404e-008, 2.0852888305e-009, 6.43346972917e-011, 8.82042095612e-012, 2.02888096948e-012, 1.34703257849e-015, 8.91179318052e-020, 5.50821548993e-021]
        dvar2: [1.31840827318e-013, 4.30726316836e-008, 9.59042480986e-008, 6.77202024235e-007, 5.50122149434e-006, 7.52763114065e-008, 5.21058254321e-008, 4.54836737163e-008, 1.58261855177e-007, 7.61111138559e-008, 6.39373709532e-008, 4.75764920793e-008, 4.5818733696e-008, 2.92291471027e-008, 2.88153767514e-008, 5.21704315304e-008, 6.39076347397e-008, 5.51122774084e-008, 1.5121563024e-007, 1.01487259485e-007, 7.19575012909e-008, 5.54645929185e-009, 1.61029051204e-010, 2.04626836309e-011, 4.64398224737e-012, 3.19234097029e-015, 2.59139762686e-019, 1.72750434765e-020]
        max: [1.17487270472e-005, 0.00142174807843, 0.00211817631498, 0.00549913663417, 0.0133727192879, 0.00366750662215, 0.00235772063024, 0.00219879858196, 0.0032181981951, 0.00342367286794, 0.00338617200032, 0.00184663780965, 0.00189411803149, 0.00210712524131, 0.00199089897797, 0.00238549988717, 0.00380042125471, 0.0042756581679, 0.00853242445737, 0.00570265110582, 0.00425721844658, 0.000876078964211, 0.000228012591833, 8.30686258269e-005, 4.79938062199e-005, 1.27526914184e-006, 6.75330324995e-009, 9.2980584343e-010]
        mean: [1.28301834934e-007, 0.000136606307933, 0.000200395734282, 0.000230672885664, 0.000501443282701, 0.000174762055394, 9.74817230599e-005, 0.000124356389279, 0.00026813178556, 0.000176344983629, 0.000176817658939, 0.000160271447385, 0.000148903680383, 0.000129926032969, 0.000156525071361, 0.00024210443371, 0.000262952089543, 0.00023311044788, 0.000453732558526, 0.000307030335534, 0.000180369010195, 5.02596485603e-005, 6.00250314164e-006, 2.37624158217e-006, 8.57615930272e-007, 2.53091592128e-008, 2.40785835715e-010, 4.01438014774e-011]
        median: [3.73054298564e-008, 7.04698177287e-005, 0.000126923987409, 8.14245577203e-005, 0.000150933250552, 9.70994879026e-005, 4.12420886278e-005, 6.27468398307e-005, 0.000147004800965, 9.16889694054e-005, 9.83054342214e-005, 9.67048690654e-005, 8.86605484993e-005, 8.62734013936e-005, 0.0001165744834, 0.000205779942917, 0.000214188781683, 0.000197068904527, 0.000417533796281, 0.000275214173598, 0.000144713238114, 3.88094922528e-005, 3.19069476973e-006, 1.42984526974e-006, 4.55469262306e-007, 1.29997630438e-008, 1.30419702815e-010, 1.39779177816e-011]
        min: [1.0142133209e-024, 4.37033280227e-024, 4.48713312562e-024, 2.83869230161e-024, 1.42203916416e-023, 1.63433393999e-023, 1.66385311506e-023, 8.00629053319e-024, 2.30425055569e-023, 1.58900804341e-023, 1.72418582818e-023, 2.97626995903e-023, 3.66195448428e-023, 4.48372540428e-023, 5.88275223367e-023, 6.16786928401e-023, 6.55244591728e-023, 1.07473412607e-022, 1.79305887568e-022, 1.8099948989e-022, 2.78449446509e-022, 3.60482978447e-022, 4.96551361934e-022, 6.24859676521e-022, 1.03060363145e-021, 1.42818245948e-021, 2.13669961069e-021, 5.78508481649e-022]
        var: [1.61162763365e-013, 2.89685200272e-008, 5.21278984422e-008, 2.36244233065e-007, 1.67497432813e-006, 5.2768285741e-008, 2.91453403634e-008, 3.2722276444e-008, 1.11431383232e-007, 5.50114371833e-008, 5.01451538071e-008, 3.59871208389e-008, 3.50070301636e-008, 2.04817460769e-008, 2.38919231066e-008, 4.19018384434e-008, 6.1176550048e-008, 4.26292814382e-008, 1.29075971245e-007, 7.07155791702e-008, 3.65915475697e-008, 2.72723332806e-009, 8.51564097015e-011, 1.28945274597e-011, 2.77738682747e-012, 1.99159468756e-015, 1.11498505275e-019, 4.51148223885e-021]
    mfcc:
        mean: [-716.202697754, 113.689315796, -54.4794960022, 47.6494216919, -15.5650510788, 2.62987399101, 3.98170852661, -0.389186412096, 2.7645843029, -4.75462150574, -6.25932312012, -5.6148557663, -3.81974387169]
        cov: [[8642.54492188, -747.517150879, -1870.58947754, 990.061157227, -870.812011719, 325.103424072, 232.961715698, 109.061752319, 333.382080078, 341.881561279, 212.067138672, 27.0319786072, -20.4878482819], [-747.517150879, 713.980895996, 111.05783844, -133.9009552, 88.1619720459, -120.622886658, -74.950958252, -52.4911727905, -63.7403106689, -98.9815368652, -64.3433837891, -22.1782264709, -2.1298596859], [-1870.58947754, 111.05783844, 806.290466309, -243.054000854, 256.972015381, -40.3568267822, -91.4762268066, -27.7826309204, -129.318252563, -96.2152709961, -69.2272644043, -16.2058734894, -16.8007545471], [990.061157227, -133.9009552, -243.054000854, 342.777587891, -85.6266326904, 92.3702468872, 35.2953224182, 2.6604115963, 85.2557678223, 58.2315368652, 51.9963493347, 4.03904724121, 25.6733627319], [-870.812011719, 88.1619720459, 256.972015381, -85.6266326904, 230.09538269, -2.59192657471, -35.2479400635, -29.1000404358, -64.2977676392, -43.5678329468, -26.6052722931, -10.7083473206, -7.21918344498], [325.103424072, -120.622886658, -40.3568267822, 92.3702468872, -2.59192657471, 136.707214355, 58.0907859802, 34.5925521851, 34.0530052185, 42.1155471802, 36.1992607117, 9.71730136871, 6.2358546257], [232.961715698, -74.950958252, -91.4762268066, 35.2953224182, -35.2479400635, 58.0907859802, 119.030082703, 63.5109863281, 42.7274589539, 33.6702079773, 18.2846565247, 13.2754220963, 8.11634922028], [109.061752319, -52.4911727905, -27.7826309204, 2.6604115963, -29.1000404358, 34.5925521851, 63.5109863281, 100.302536011, 53.0273971558, 39.4209938049, 18.6075839996, 14.9239664078, 8.69561862946], [333.382080078, -63.7403106689, -129.318252563, 85.2557678223, -64.2977676392, 34.0530052185, 42.7274589539, 53.0273971558, 116.429695129, 70.9657440186, 41.4440193176, 14.3215656281, 15.6749897003], [341.881561279, -98.9815368652, -96.2152709961, 58.2315368652, -43.5678329468, 42.1155471802, 33.6702079773, 39.4209938049, 70.9657440186, 101.59274292, 55.3002243042, 19.2039260864, 10.3103132248], [212.067138672, -64.3433837891, -69.2272644043, 51.9963493347, -26.6052722931, 36.1992607117, 18.2846565247, 18.6075839996, 41.4440193176, 55.3002243042, 74.9839401245, 31.1146373749, 16.4926185608], [27.0319786072, -22.1782264709, -16.2058734894, 4.03904724121, -10.7083473206, 9.71730136871, 13.2754220963, 14.9239664078, 14.3215656281, 19.2039260864, 31.1146373749, 55.6276359558, 25.9562149048], [-20.4878482819, -2.1298596859, -16.8007545471, 25.6733627319, -7.21918344498, 6.2358546257, 8.11634922028, 8.69561862946, 15.6749897003, 10.3103132248, 16.4926185608, 25.9562149048, 56.4896278381]]
        icov: [[0.000383999606129, 6.17650875938e-005, 0.000557161110919, -0.00058862415608, 0.000733266235329, -0.000448553473689, 0.000312174262945, -0.000281027925666, 0.000692248111591, -0.000548273790628, 0.00032735633431, -0.000197728251806, 0.000619714905042], [6.17650875938e-005, 0.00188946118578, 0.00030920849531, 0.000264217058429, -0.000555581995286, 0.000950337096583, 0.000403945625294, 4.66958999823e-006, -0.000551542907488, 0.0013286616886, 0.000109888700536, 0.00023047789, -0.000396586809075], [0.000557161110919, 0.00030920849531, 0.00333025678992, 0.000189605358173, -0.00100381311495, -0.00135291833431, 0.00219302601181, -0.00173014227767, 0.00165944418404, -0.000188576290384, 0.00111090636346, -0.000444565375801, 0.000544202513993], [-0.00058862415608, 0.000264217058429, 0.000189605358173, 0.00653624115512, -0.00072093954077, -0.00276066013612, 0.000268479401711, 0.00294727506116, -0.00431538093835, 0.00200992194004, -0.00149752490688, 0.00217558140866, -0.003129189834], [0.000733266235329, -0.000555581995286, -0.00100381311495, -0.00072093954077, 0.00891818013042, -0.00269219116308, 0.000445690646302, 0.000782113464084, 0.00271428516135, -0.00126630591694, 0.000349153910065, 0.00022254193027, 0.000800331414212], [-0.000448553473689, 0.000950337096583, -0.00135291833431, -0.00276066013612, -0.00269219116308, 0.0142266694456, -0.00552259851247, -0.00114595238119, 0.000925511587411, -0.000816914020106, -0.00387225672603, 0.00109445408452, 0.000300724757835], [0.000312174262945, 0.000403945625294, 0.00219302601181, 0.000268479401711, 0.000445690646302, -0.00552259851247, 0.0166255123913, -0.00854419451207, 0.000377089832909, 0.000253568578046, 0.00243378640153, -0.00160075817257, 0.000125809936435], [-0.000281027925666, 4.66958999823e-006, -0.00173014227767, 0.00294727506116, 0.000782113464084, -0.00114595238119, -0.00854419451207, 0.0206269435585, -0.00803024414927, -0.00145037937909, 0.00125556078274, -0.00144396629184, -0.000886990397703], [0.000692248111591, -0.000551542907488, 0.00165944418404, -0.00431538093835, 0.00271428516135, 0.000925511587411, 0.000377089832909, -0.00803024414927, 0.0227804053575, -0.0109226386994, -0.000321018189425, 0.00102865986992, -0.000594858662225], [-0.000548273790628, 0.0013286616886, -0.000188576290384, 0.00200992194004, -0.00126630591694, -0.000816914020106, 0.000253568578046, -0.00145037937909, -0.0109226386994, 0.0260405242443, -0.012482621707, 0.0015251574805, 0.000218512650463], [0.00032735633431, 0.000109888700536, 0.00111090636346, -0.00149752490688, 0.000349153910065, -0.00387225672603, 0.00243378640153, 0.00125556078274, -0.000321018189425, -0.012482621707, 0.0301452279091, -0.0125003755093, 0.00037295211223], [-0.000197728251806, 0.00023047789, -0.000444565375801, 0.00217558140866, 0.00022254193027, 0.00109445408452, -0.00160075817257, -0.00144396629184, 0.00102865986992, 0.0015251574805, -0.0125003755093, 0.0300960801542, -0.0115670608357], [0.000619714905042, -0.000396586809075, 0.000544202513993, -0.003129189834, 0.000800331414212, 0.000300724757835, 0.000125809936435, -0.000886990397703, -0.000594858662225, 0.000218512650463, 0.00037295211223, -0.0115670608357, 0.0250149238855]]
    sccoeffs:
        dmean: [0.0560344979167, 0.0452222153544, 0.0370108857751, 0.0267270635813, 0.0190257448703, 0.0185545701534]
        dmean2: [0.094137661159, 0.0762154683471, 0.0622541643679, 0.045067563653, 0.031950622797, 0.0294272657484]
        dvar: [0.00244401185773, 0.00128163013142, 0.000833838887047, 0.000452399632195, 0.000219531124458, 0.000266229995759]
        dvar2: [0.00658107176423, 0.00357108656317, 0.00233731674962, 0.00128725438844, 0.000606100598816, 0.000622646301053]
        max: [-0.26602652669, -0.50809276104, -0.553112566471, -0.654594123363, -0.664743840694, -0.563230872154]
        mean: [-0.647988379002, -0.769435942173, -0.791177511215, -0.799825668335, -0.798731327057, -0.725776791573]
        median: [-0.654939770699, -0.774196326733, -0.792804002762, -0.800469040871, -0.799004614353, -0.721782684326]
        min: [-0.968034684658, -0.988889157772, -0.974702775478, -0.970223724842, -0.969399988651, -0.963527560234]
        var: [0.00604297686368, 0.0031139368657, 0.00226980610751, 0.00124674278777, 0.000896774523426, 0.00231034052558]
    scvalleys:
        dmean: [0.379782110453, 0.331511378288, 0.27669402957, 0.232989326119, 0.213777825236, 0.264365375042]
        dmean2: [0.633497357368, 0.550313949585, 0.455550193787, 0.373989164829, 0.332598984241, 0.413169711828]
        dvar: [0.0942264348269, 0.0761224851012, 0.052795406431, 0.0441272296011, 0.0491726361215, 0.110729858279]
        dvar2: [0.247056856751, 0.199568375945, 0.12750017643, 0.0960139334202, 0.102930113673, 0.250633060932]
        max: [-5.17461967468, -4.89454078674, -5.03281450272, -5.59120225906, -5.57628440857, -7.87243843079]
        mean: [-7.03489732742, -6.7377114296, -6.74667644501, -7.09084320068, -7.20819616318, -10.3067111969]
        median: [-6.85711765289, -6.55157375336, -6.45189762115, -6.69581317902, -6.66533279419, -9.77853965759]
        min: [-27.7483139038, -27.7994823456, -27.7539482117, -27.5544567108, -27.3897247314, -27.4021034241]
        var: [1.25142776966, 1.61604857445, 2.08225703239, 2.26431655884, 2.88199687004, 3.07447338104]

rhythm:
    beats_loudness:
        dmean: 0.00279024871998
        dmean2: 0.00542965717614
        dvar: 3.79787115889e-006
        dvar2: 1.3778477296e-005
        max: 0.0118831079453
        mean: 0.00572624290362
        median: 0.00553080299869
        min: 5.60973889563e-009
        var: 9.51209494815e-006
    bpm: 126.992660522
    bpm_confidence: 0
    first_peak_bpm: 126
    first_peak_spread: 0.357274383307
    first_peak_weight: 0.634545445442
    onset_rate: 2.99485731125
    second_peak_bpm: 136
    second_peak_spread: 0.285714298487
    second_peak_weight: 0.00909090880305
    beats_loudness_band_ratio:
        dmean: [0.145338401198, 0.208404287696, 0.0699656158686, 0.0668892413378, 0.0816218480468, 0.0784981250763]
        dmean2: [0.266167521477, 0.404383271933, 0.124045103788, 0.118852235377, 0.152775675058, 0.146848887205]
        dvar: [0.0112320398912, 0.0156219480559, 0.00471128802747, 0.00406707730144, 0.00429965881631, 0.00526659796014]
        dvar2: [0.0338935256004, 0.0517386831343, 0.0145822428167, 0.0113323759288, 0.0136409886181, 0.0161587372422]
        max: [0.988215684891, 0.77667838335, 0.462614387274, 0.551596522331, 0.513055443764, 0.575449228287]
        mean: [0.283701270819, 0.21015162766, 0.107968300581, 0.127083435655, 0.1852799505, 0.156256884336]
        median: [0.276844888926, 0.150057137012, 0.0876897275448, 0.110105223954, 0.18150100112, 0.148996457458]
        min: [0.00911130011082, 0.00987209379673, 0.000181622905075, 4.10264292441e-005, 3.8710571971e-005, 1.91048802662e-005]
        var: [0.024860162288, 0.0340463630855, 0.00560237281024, 0.00578541262075, 0.00819582305849, 0.00842091441154]
    beats_position: [0.487619042397, 0.975238084793, 1.45124709606, 1.92725622654, 2.40326523781, 2.87927436829, 3.34367346764, 3.80807256699, 4.27247142792, 4.74848079681, 5.22448968887, 5.70049858093, 6.17650794983, 6.64090681076, 7.10530614853, 7.58131504059, 8.05732440948, 8.52172279358, 8.99773216248, 9.47374153137, 9.93814086914, 10.4141492844, 10.8901586533, 11.3661680222, 11.8421764374, 12.3297958374, 12.8058052063, 13.2818136215, 13.7462129593, 14.2106122971, 14.6866207123, 15.1626300812, 15.6270294189, 16.1030387878, 16.5790481567, 17.0434455872, 17.5078449249, 17.9722442627, 18.4366436005, 18.9126529694, 19.3886623383, 19.8646717072, 20.3406791687, 20.8282985687, 21.2926979065, 21.7570972443, 22.221496582, 22.6975059509, 23.1735134125, 23.6379127502, 24.1139221191, 24.589931488, 25.0659408569, 25.5419502258, 26.0063495636, 26.470746994, 26.958366394, 27.4459857941, 27.921995163, 28.3863945007, 28.8507938385, 29.3151912689, 29.7912006378, 30.2555999756, 30.7199993134, 31.1960086823, 31.6720180511, 32.1364173889, 32.6124267578, 33.0884361267, 33.5644454956, 34.0404510498, 34.5048522949, 34.9808616638, 35.4452590942, 35.9212684631, 36.397277832, 36.8732872009, 37.3492965698, 37.8253059387, 38.2897033691, 38.765712738, 39.2417221069, 39.7061233521, 40.1821289063, 40.6581382751, 41.1225395203, 41.5985488892, 42.0745582581, 42.5389556885, 43.0149650574, 43.4909744263, 43.9553718567, 44.4313812256, 44.8957824707, 45.3717918396, 45.8478012085, 46.3238105774, 46.7998161316, 47.2642173767, 47.7402267456, 48.204624176, 48.6806335449, 49.1566429138, 49.6210403442, 50.0970497131, 50.573059082, 51.0490684509, 51.5250778198, 51.9894790649, 52.4654884338, 52.941493988, 53.4058952332, 53.8819046021, 54.3579139709, 54.8223114014, 55.2983207703, 55.7743301392, 56.2387275696, 56.7031288147, 57.1791381836, 57.6551475525, 58.1311569214, 58.6071662903, 59.0831718445, 59.5591812134, 60.0235824585, 60.4879798889, 60.9639892578, 61.4399986267, 61.9160079956, 62.3920173645, 62.8564147949, 63.32081604, 63.7968254089, 64.2728347778, 64.7372360229, 65.2248535156, 65.7008590698, 66.1768722534, 66.6412658691, 67.1056671143, 67.5816802979, 68.0576858521, 68.5220870972, 68.9864807129, 69.4624938965, 69.9384994507, 70.4029006958, 70.8905181885, 71.3665313721, 71.8425369263, 72.3069381714, 72.7713394165, 73.2473449707, 73.7233581543, 74.18775177, 74.6637649536, 75.1397705078, 75.6157836914, 76.0917892456, 76.5561904907, 77.0205917358, 77.49659729, 77.9726028442, 78.4486160278, 78.924621582, 79.3890228271, 79.8650360107, 80.3410415649, 80.8054428101, 81.2814483643, 81.7574615479, 82.2218551636, 82.6978683472, 83.1738739014, 83.6382751465, 84.1026763916, 84.5786819458, 85.0546951294, 85.5307006836, 86.0067138672, 86.4827194214, 86.9587249756, 87.4231262207, 87.8875274658, 88.36353302, 88.8395462036, 89.3039474487, 89.7799530029, 90.2559585571, 90.7203598022, 91.1963729858, 91.67237854, 92.1483917236, 92.6243972778, 93.0887985229, 93.5531921387, 94.0292053223, 94.5052108765, 94.9696121216, 95.4456253052, 95.9216308594, 96.3976364136, 96.8736495972, 97.3496551514, 97.825668335, 98.2900695801, 98.7660751343, 99.2420806885, 99.7180938721, 100.182495117, 100.658500671, 101.122901917, 101.587303162, 102.051696777, 102.516098022, 103.003715515, 103.479728699, 103.955734253, 104.431747437, 104.907752991, 105.372154236, 105.84815979, 106.324172974, 106.788566589, 107.264579773, 107.740585327, 108.204986572, 108.680992126, 109.15700531, 109.621406555, 110.097412109, 110.573425293, 111.037818909, 111.513832092, 111.989837646, 112.46585083, 112.930244446, 113.406257629, 113.882263184, 114.358276367, 114.822669983, 115.287071228, 115.763084412, 116.239089966, 116.703491211, 117.179496765, 117.655509949, 118.131515503, 118.595916748, 119.071922302, 119.547935486, 120.02394104, 120.488342285, 120.95274353, 121.428749084, 121.904762268, 122.380767822, 122.856781006, 123.33278656, 123.808792114, 124.273193359, 124.737594604, 125.213600159, 125.689613342, 126.165618896, 126.64163208, 127.106025696, 127.582038879, 128.058044434, 128.522445679, 128.986846924, 129.462860107, 129.938858032, 130.414871216, 130.890884399, 131.355285645, 131.831283569, 132.307296753, 132.783309937, 133.25932312, 133.723709106, 134.19972229, 134.675735474, 135.140136719, 135.616149902, 136.092147827, 136.556549072, 137.020950317, 137.496963501, 137.972961426, 138.448974609, 138.924987793, 139.389389038, 139.865386963, 140.341400146, 140.805801392, 141.281814575, 141.757827759, 142.222213745, 142.709838867, 143.174240112, 143.638641357, 144.114639282, 144.590652466, 145.055053711, 145.531066895, 146.007064819, 146.494689941, 146.959091187, 147.423492432, 147.887893677, 148.363891602, 148.839904785, 149.30430603, 149.780319214, 150.256317139, 150.720718384, 151.196731567, 151.672744751, 152.137145996, 152.613143921, 153.089157104, 153.565170288, 154.041183472, 154.517181396, 154.99319458, 155.457595825, 155.92199707, 156.397994995, 156.874008179, 157.350021362, 157.826034546, 158.290420532, 158.754821777, 159.230834961, 159.706848145, 160.17124939, 160.647247314, 161.123260498, 161.599273682, 162.063674927, 162.539672852, 163.004074097, 163.48008728, 163.944488525, 164.420501709, 164.896499634, 165.372512817, 165.848526001, 166.324539185, 166.788925171, 167.264938354, 167.740951538, 168.205352783, 168.681350708, 169.157363892, 169.621765137, 170.09777832, 170.573776245, 171.049789429, 171.525802612, 171.990203857, 172.454605103, 172.930603027, 173.406616211, 173.871017456, 174.34703064, 174.811431885, 175.28742981, 175.763442993, 176.239456177, 176.703857422, 177.179855347, 177.65586853, 178.131881714, 178.607894897, 179.072280884, 179.548294067, 180.024307251, 180.488708496, 180.964706421, 181.440719604, 181.90512085, 182.381134033, 182.857131958, 183.321533203, 183.797546387, 184.27355957, 184.737960815, 185.202362061, 185.678359985, 186.154373169, 186.630386353, 187.106384277, 187.582397461, 188.058410645, 188.52281189, 188.998809814, 189.46321106, 189.939224243, 190.415237427, 190.89125061, 191.355636597, 191.83164978, 192.307662964, 192.772064209, 193.248062134, 193.724075317, 194.188476563, 194.664489746, 195.140487671, 195.616500854, 196.092514038, 196.556915283, 197.032928467, 197.508926392, 197.973327637, 198.44934082, 198.913742065, 199.38973999, 199.865753174, 200.341766357, 200.806167603, 201.282180786, 201.758178711, 202.222579956, 202.686981201, 203.162994385, 203.63899231, 204.103393555, 204.579406738, 205.055419922, 205.519821167, 205.995819092, 206.471832275, 206.947845459, 207.423858643, 207.888244629, 208.364257813, 208.840270996, 209.304672241, 209.780670166, 210.25668335, 210.721084595, 211.197097778, 211.661499023, 212.137496948, 212.613510132, 213.089523315, 213.553924561, 214.029922485, 214.505935669, 214.970336914, 215.446350098, 215.922348022, 216.386749268, 216.862762451, 217.338775635, 217.81477356, 218.290786743, 218.755187988, 219.219589233, 219.695602417, 220.171600342, 220.636001587, 221.123626709, 221.588027954, 222.052429199, 222.528427124, 223.004440308, 223.480453491, 223.956451416, 224.420852661, 224.896865845, 225.372879028, 225.837280273, 226.313278198, 226.789291382, 227.265304565, 227.741317749, 228.205703735, 228.693328857, 229.157730103, 229.622131348, 230.098129272, 230.574142456, 231.038543701, 231.502944946, 231.97895813, 232.454956055, 232.930969238, 233.406982422, 233.871383667, 234.347381592, 234.811782837, 235.287796021, 235.763809204, 236.239807129, 236.715820313, 237.191833496, 237.656234741, 238.132247925, 238.596633911, 239.072647095, 239.548660278, 240.024673462, 240.489059448, 240.953460693, 241.429473877, 241.905487061, 242.381484985, 242.857498169, 243.321899414, 243.797912598, 244.273925781, 244.738311768, 245.214324951, 245.690338135, 246.15473938, 246.642349243, 247.106750488, 247.582763672, 248.058776855, 248.523162842, 248.987564087, 249.463577271, 249.939590454, 250.415603638, 250.891601563, 251.356002808, 251.832015991, 252.308029175, 252.772415161, 253.248428345, 253.71282959, 254.188842773, 254.664840698, 255.140853882, 255.616867065, 256.104492188, 256.592102051, 257.079711914, 257.520904541, 257.96206665, 258.414855957, 258.856048584, 259.297241211, 259.750030518, 260.191192627]
