
metadata:
    version:
        essentia: "2.1-beta2"
    audio_properties:
        analysis_sample_rate: 44100
        bitrate: 320
        channels: 2
        equal_loudness: 1
        length: 80.7183685303
        replay_gain: -8.3154335022
        downmix: "mix"
    tags:
        album: "Alive In The Night (Live)"
        artist: "Powerwolf"
        comment: ""
        date: "2012"
        genre: "Power Metal"
        title: "Lupus Daemonis (Intro)"
        tracknumber: "1"

configuration:
    average_loudness:
        compute: 1
        frameSize: 88200
        hopSize: 44100
        silentFrames: "noise"
        windowType: "hann"
    general:
        analysisSampleRate: 44100
        endTime: 2000
        equalLoudness: 1
        nequalLoudness: 0
        shortSound: 0
        startTime: 0
    lowlevel:
        compute: 1
        frameSize: 2048
        hopSize: 1024
        zeroPadding: 0
        silentFrames: "noise"
        windowType: "blackmanharris62"
        mfccStats: ["mean", "cov", "icov"]
        stats: ["mean", "var", "median", "min", "max", "dmean", "dmean2", "dvar", "dvar2"]
    panning:
        compute: 0
        frameSize: 8192
        hopSize: 2048
        zeroPadding: 8192
        silentFrames: "noise"
        windowType: "hann"
        stats: ["copy"]
    rhythm:
        compute: 1
        maxTempo: 208
        minTempo: 40
        method: "degara"
        stats: ["mean", "var", "median", "min", "max", "dmean", "dmean2", "dvar", "dvar2"]
    segmentation:
        compute: 0
        cpw: 5
        inc1: 300
        inc2: 50
        minimumSegmentsLength: 10
        size1: 1000
        size2: 600
    sfx:
        compute: 1
        stats: ["mean", "var", "median", "min", "max", "dmean", "dmean2", "dvar", "dvar2"]
    svm:
        compute: 0
    tonal:
        compute: 1
        frameSize: 4096
        hopSize: 2048
        zeroPadding: 0
        silentFrames: "noise"
        windowType: "blackmanharris62"
        stats: ["mean", "var", "median", "min", "max", "dmean", "dmean2", "dvar", "dvar2"]

lowlevel:
    average_loudness: 0.69254899025
    barkbands_kurtosis:
        dmean: 0.661631882191
        dmean2: 1.08212506771
        dvar: 0.582375407219
        dvar2: 1.45101690292
        max: 8.90446949005
        mean: -0.148421287537
        median: -0.544071793556
        min: -1.84235870838
        var: 1.91807317734
    barkbands_skewness:
        dmean: 0.319253087044
        dmean2: 0.511951625347
        dvar: 0.0801910609007
        dvar2: 0.190605640411
        max: 2.93108940125
        mean: 0.638454496861
        median: 0.650861740112
        min: -2.22767853737
        var: 0.404855012894
    barkbands_spread:
        dmean: 3.97410106659
        dmean2: 6.31610965729
        dvar: 14.8410978317
        dvar2: 32.6321754456
        max: 70.6794128418
        mean: 24.3547706604
        median: 22.803565979
        min: 6.52019357681
        var: 73.9642868042
    dissonance:
        dmean: 0.0155846914276
        dmean2: 0.0268717855215
        dvar: 0.000204430951271
        dvar2: 0.000579736602958
        max: 0.5
        mean: 0.473845392466
        median: 0.478093743324
        min: 0.347864598036
        var: 0.000392387039028
    hfc:
        dmean: 1.40324163437
        dmean2: 2.13949966431
        dvar: 12.6447639465
        dvar2: 27.7660541534
        max: 60.3611564636
        mean: 5.00018358231
        median: 2.35165977478
        min: 1.14794894565e-016
        var: 39.5482177734
    pitch:
        dmean: 376.983612061
        dmean2: 716.688049316
        dvar: 809587.0625
        dvar2: 1935288.25
        max: 5505.82080078
        mean: 697.096130371
        median: 279.585021973
        min: 69.0696640015
        var: 1239202.25
    pitch_instantaneous_confidence:
        dmean: 0.0747588649392
        dmean2: 0.122963242233
        dvar: 0.00380103755742
        dvar2: 0.00988520588726
        max: 0.850001275539
        mean: 0.351378828287
        median: 0.331232339144
        min: 0.100023925304
        var: 0.0125084565952
    pitch_salience:
        dmean: 0.0516270697117
        dmean2: 0.085740968585
        dvar: 0.00183351791929
        dvar2: 0.00496749579906
        max: 0.86613702774
        mean: 0.673548877239
        median: 0.683798253536
        min: 0.255351752043
        var: 0.00575878145173
    silence_rate_20dB:
        dmean: 0
        dmean2: 0
        dvar: 0
        dvar2: 0
        max: 1
        mean: 1
        median: 1
        min: 1
        var: 0
    silence_rate_30dB:
        dmean: 0
        dmean2: 0
        dvar: 0
        dvar2: 0
        max: 1
        mean: 1
        median: 1
        min: 1
        var: 0
    silence_rate_60dB:
        dmean: 0.0316364690661
        dmean2: 0.0632911399007
        dvar: 0.0306350849569
        dvar2: 0.0730961710215
        max: 1
        mean: 0.585968971252
        median: 1
        min: 0
        var: 0.242614254355
    spectral_centroid:
        dmean: 225.392486572
        dmean2: 352.522735596
        dvar: 97064.9609375
        dvar2: 162311.3125
        max: 11060.8261719
        mean: 1406.75231934
        median: 1296.51464844
        min: 412.801116943
        var: 365571.28125
    spectral_complexity:
        dmean: 2.29278111458
        dmean2: 3.70368242264
        dvar: 8.53784942627
        dvar2: 20.1014137268
        max: 52
        mean: 10.5411157608
        median: 8
        min: 0
        var: 70.4039077759
    spectral_crest:
        dmean: 1.95105135441
        dmean2: 3.28659749031
        dvar: 2.93985915184
        dvar2: 8.00976753235
        max: 22.598154068
        mean: 6.95267820358
        median: 6.40885257721
        min: 2.42333269119
        var: 7.29819154739
    spectral_decrease:
        dmean: 1.64236027556e-010
        dmean2: 2.60861693357e-010
        dvar: 5.52750261148e-020
        dvar2: 1.31973254613e-019
        max: -4.83246728204e-029
        mean: -7.74020680883e-010
        median: -4.88171780777e-010
        min: -4.08175626632e-009
        var: 4.73178536448e-019
    spectral_energy:
        dmean: 0.00071528024273
        dmean2: 0.00112862873357
        dvar: 1.23277175135e-006
        dvar2: 2.83333861262e-006
        max: 0.0207214988768
        mean: 0.00337486714125
        median: 0.0020815054886
        min: 1.06561752438e-020
        var: 9.42351198319e-006
    spectral_energyband_high:
        dmean: 0.000178559537744
        dmean2: 0.000270770746283
        dvar: 2.95562188057e-007
        dvar2: 6.4944379119e-007
        max: 0.00809831917286
        mean: 0.00037457360304
        median: 8.34534803289e-005
        min: 7.56376860175e-021
        var: 6.4446817305e-007
    spectral_energyband_low:
        dmean: 0.000113700472866
        dmean2: 0.000189246071386
        dvar: 5.66135298641e-008
        dvar2: 1.48279994505e-007
        max: 0.00389748229645
        mean: 0.000154178924276
        median: 7.08884326741e-005
        min: 9.5137723264e-023
        var: 8.75952750334e-008
    spectral_energyband_middle_high:
        dmean: 0.000310900126351
        dmean2: 0.000476184533909
        dvar: 2.77979665952e-007
        dvar2: 6.25553582267e-007
        max: 0.0122888982296
        mean: 0.00121842150111
        median: 0.000823418959044
        min: 1.67590578636e-021
        var: 1.4896720586e-006
    spectral_energyband_middle_low:
        dmean: 0.000497010711115
        dmean2: 0.00081874744501
        dvar: 4.80879975839e-007
        dvar2: 1.30701801027e-006
        max: 0.0110455248505
        mean: 0.00173934444319
        median: 0.00109034823254
        min: 2.91607469703e-022
        var: 2.85160899693e-006
    spectral_flatness_db:
        dmean: 0.0135363247246
        dmean2: 0.0221231300384
        dvar: 0.000124584621517
        dvar2: 0.000323000451317
        max: 0.250855743885
        mean: 0.150171756744
        median: 0.144380271435
        min: 0.0662091523409
        var: 0.00075423164526
    spectral_flux:
        dmean: 0.00418131379411
        dmean2: 0.00671895919368
        dvar: 2.9020360671e-005
        dvar2: 6.39099889668e-005
        max: 0.102335140109
        mean: 0.0286073200405
        median: 0.0250953957438
        min: 1.03228751935e-010
        var: 0.000248832104262
    spectral_kurtosis:
        dmean: 0.924852907658
        dmean2: 1.52558124065
        dvar: 0.868317782879
        dvar2: 2.27277779579
        max: 17.8814029694
        mean: 3.60155248642
        median: 3.51294183731
        min: -1.16884469986
        var: 3.35232615471
    spectral_rms:
        dmean: 0.000169540362549
        dmean2: 0.000267421361059
        dvar: 3.99671122864e-008
        dvar2: 8.87077717948e-008
        max: 0.00449623167515
        mean: 0.00160943367518
        median: 0.00142503925599
        min: 3.22432445327e-012
        var: 7.02272643593e-007
    spectral_rolloff:
        dmean: 492.354034424
        dmean2: 805.619262695
        dvar: 432650.875
        dvar2: 827442.5
        max: 18820.0195313
        mean: 2675.93334961
        median: 2713.18359375
        min: 279.931640625
        var: 1367232.75
    spectral_skewness:
        dmean: 0.158490657806
        dmean2: 0.252944886684
        dvar: 0.0240854192525
        dvar2: 0.0558121539652
        max: 3.11535406113
        mean: 1.5606893301
        median: 1.58929657936
        min: -0.0242735370994
        var: 0.124574869871
    spectral_spread:
        dmean: 573605.1875
        dmean2: 895654.75
        dvar: 921235030016
        dvar2: 1.3453974569e+012
        max: 40680208
        mean: 5283545.5
        median: 4973725.5
        min: 2347482
        var: 2.69029657805e+012
    spectral_strongpeak:
        dmean: 0.252415239811
        dmean2: 0.427520006895
        dvar: 0.313361644745
        dvar2: 0.841854393482
        max: 8.73452758789
        mean: 0.468688607216
        median: 0.310216605663
        min: 4.90582130475e-010
        var: 0.396462410688
    zerocrossingrate:
        dmean: 0.00804547592998
        dmean2: 0.00964734703302
        dvar: 0.000155499306857
        dvar2: 0.000178308342583
        max: 0.48583984375
        mean: 0.0838387906551
        median: 0.0791015625
        min: 0.025390625
        var: 0.000808979209978
    barkbands:
        dmean: [1.76346748315e-009, 8.23581103759e-006, 5.19061686646e-005, 0.000109930690087, 0.000208483572351, 0.00015396552044, 0.000152465974679, 0.000108005122456, 0.000154307766934, 0.000139404161018, 5.45890870853e-005, 5.91048628849e-005, 4.08357045671e-005, 4.09042586398e-005, 2.92713102681e-005, 3.26139524987e-005, 3.99867167289e-005, 5.98639780947e-005, 8.77314305399e-005, 9.79568721959e-005, 9.61327896221e-005, 3.24372922478e-005, 9.44587463891e-006, 5.5152531786e-006, 2.82614405478e-006, 1.32259913244e-007, 1.96751526182e-009]
        dmean2: [3.05030489756e-009, 1.32608101922e-005, 8.73351382324e-005, 0.00018830980116, 0.000346609915141, 0.000259243883193, 0.000254591752309, 0.000172710351762, 0.000256517028902, 0.000213914812775, 9.13841286092e-005, 9.17563083931e-005, 6.68126376695e-005, 6.41359147266e-005, 4.75720844406e-005, 5.36343832209e-005, 6.64253529976e-005, 9.90315238596e-005, 0.000144680394442, 0.000160836512805, 0.000152407446876, 4.85100099468e-005, 1.42984499689e-005, 8.30127100926e-006, 4.19031448473e-006, 2.02928546855e-007, 3.39556294193e-009]
        dvar: [1.08082280881e-017, 4.6650810992e-010, 1.1580284287e-008, 6.72792168643e-008, 1.86951353953e-007, 8.64948717094e-008, 9.44506624023e-008, 3.82063554127e-008, 4.29387441159e-008, 6.69844979484e-008, 8.99534402521e-009, 1.08085780326e-008, 4.21636858761e-009, 4.46310677304e-009, 4.92414242714e-009, 3.86972098809e-009, 5.07516206838e-009, 2.14156870015e-008, 3.80777400721e-008, 1.00752430399e-007, 9.63437543078e-008, 1.19224861095e-008, 1.27034760489e-009, 5.58648016735e-010, 1.31780808488e-010, 3.59003923594e-013, 3.86998686279e-016]
        dvar2: [2.95918603272e-017, 1.1330670846e-009, 2.89286088417e-008, 1.91088972201e-007, 5.01860597524e-007, 2.36002094312e-007, 2.61154553982e-007, 9.72423208623e-008, 1.154074738e-007, 1.26780378196e-007, 2.47583091806e-008, 2.66096442658e-008, 1.10228022265e-008, 1.01457180435e-008, 1.23405348162e-008, 9.57115275924e-009, 1.29909212276e-008, 5.61276287669e-008, 9.78942935603e-008, 2.30979338767e-007, 2.24262024062e-007, 2.61063508589e-008, 2.54629206609e-009, 1.32415411969e-009, 2.8597760271e-010, 8.03950005526e-013, 1.06977391914e-015]
        max: [6.37733066355e-008, 0.000345759704942, 0.00163881119806, 0.00532491691411, 0.0102146677673, 0.00800614152104, 0.00592011818662, 0.00512973405421, 0.00362285412848, 0.00585366599262, 0.00168215984013, 0.00218760035932, 0.0014541313285, 0.00154275912791, 0.00227718986571, 0.00115304579958, 0.00163164339028, 0.00467679649591, 0.00433993991464, 0.00726844742894, 0.00551639311016, 0.0021015368402, 0.000677747535519, 0.000523316673934, 0.000295468373224, 1.39609155667e-005, 4.11542913525e-007]
        mean: [2.02707273189e-009, 9.69935172179e-006, 6.22335792286e-005, 0.000138728340971, 0.00035014693276, 0.000334841955919, 0.000347289111232, 0.000219935318455, 0.000299267703667, 0.000278895808151, 9.79511532933e-005, 0.000114589412988, 7.87707540439e-005, 8.57982231537e-005, 5.64107285754e-005, 6.7216809839e-005, 8.21423964226e-005, 0.00012155467266, 0.000170959014213, 0.000196814798983, 0.000172425730852, 5.78029539611e-005, 1.6668374883e-005, 9.19642661756e-006, 5.30585884917e-006, 2.19745885488e-007, 1.71453629072e-009]
        median: [7.67351460151e-010, 3.38151994583e-006, 2.65533653874e-005, 5.20960747963e-005, 0.000116738578072, 0.00014426728012, 9.37151053222e-005, 0.000103426311398, 0.000198159876163, 0.000121722383483, 5.89180490351e-005, 5.93185068283e-005, 5.12731567142e-005, 5.16757172591e-005, 3.16645237035e-005, 3.68666878785e-005, 4.67714271508e-005, 6.22615334578e-005, 6.93053807481e-005, 4.90311176691e-005, 3.62718492397e-005, 1.25646138258e-005, 3.07729169435e-006, 9.78621756076e-007, 5.64487891097e-007, 2.08061550211e-008, 1.27387378424e-010]
        min: [5.86564625825e-024, 2.63899295231e-023, 1.65056853965e-023, 3.24854498492e-023, 4.66279367433e-023, 5.15802382677e-023, 3.3773877433e-023, 2.47068395616e-023, 8.67406207832e-023, 4.87777499485e-023, 3.17794067172e-023, 1.08580607287e-022, 1.95839667457e-022, 8.1909447273e-023, 1.80149829897e-022, 1.3589441757e-022, 9.08971604473e-023, 1.85165230828e-022, 2.80167345747e-022, 4.28064401896e-022, 3.84643528676e-022, 5.28496366333e-022, 6.52427348554e-022, 7.7801844753e-022, 1.01223107359e-021, 1.4572810013e-021, 2.52792817155e-021]
        var: [1.38041935487e-017, 5.83534776055e-010, 1.50547716515e-008, 8.46258458864e-008, 3.88296768961e-007, 3.86596980206e-007, 3.59105513326e-007, 1.49594256982e-007, 1.0942770956e-007, 2.43818732315e-007, 1.69646359183e-008, 2.75427947116e-008, 8.83448780797e-009, 1.22371668354e-008, 8.00844901505e-009, 9.26811960511e-009, 1.20495817768e-008, 4.44213732465e-008, 6.99159556916e-008, 1.88467240037e-007, 1.74189224822e-007, 2.17583053796e-008, 2.6467905645e-009, 8.98390473125e-010, 2.94864327399e-010, 6.66177887593e-013, 2.81343343389e-016]
    frequency_bands:
        dmean: [1.76346748315e-009, 8.23581103759e-006, 5.19061686646e-005, 0.000109930690087, 0.000208483572351, 0.00015396552044, 0.000152465974679, 0.000108005122456, 0.000154307766934, 0.000139404161018, 5.45890870853e-005, 5.91048628849e-005, 4.08357045671e-005, 4.09042586398e-005, 2.92713102681e-005, 3.26139524987e-005, 3.99867167289e-005, 5.98639780947e-005, 8.77314305399e-005, 9.79568721959e-005, 9.61327896221e-005, 3.24372922478e-005, 9.44587463891e-006, 5.5152531786e-006, 2.82614405478e-006, 1.32259913244e-007, 1.96751526182e-009, 4.05534841819e-011]
        dmean2: [3.05030489756e-009, 1.32608101922e-005, 8.73351382324e-005, 0.00018830980116, 0.000346609915141, 0.000259243883193, 0.000254591752309, 0.000172710351762, 0.000256517028902, 0.000213914812775, 9.13841286092e-005, 9.17563083931e-005, 6.68126376695e-005, 6.41359147266e-005, 4.75720844406e-005, 5.36343832209e-005, 6.64253529976e-005, 9.90315238596e-005, 0.000144680394442, 0.000160836512805, 0.000152407446876, 4.85100099468e-005, 1.42984499689e-005, 8.30127100926e-006, 4.19031448473e-006, 2.02928546855e-007, 3.39556294193e-009, 7.52931883508e-011]
        dvar: [1.08082280881e-017, 4.6650810992e-010, 1.1580284287e-008, 6.72792168643e-008, 1.86951353953e-007, 8.64948717094e-008, 9.44506624023e-008, 3.82063554127e-008, 4.29387441159e-008, 6.69844979484e-008, 8.99534402521e-009, 1.08085780326e-008, 4.21636858761e-009, 4.46310677304e-009, 4.92414242714e-009, 3.86972098809e-009, 5.07516206838e-009, 2.14156870015e-008, 3.80777400721e-008, 1.00752430399e-007, 9.63437543078e-008, 1.19224861095e-008, 1.27034760489e-009, 5.58648016735e-010, 1.31780808488e-010, 3.59003923594e-013, 3.86998686279e-016, 7.13849840829e-021]
        dvar2: [2.95918603272e-017, 1.1330670846e-009, 2.89286088417e-008, 1.91088972201e-007, 5.01860597524e-007, 2.36002094312e-007, 2.61154553982e-007, 9.72423208623e-008, 1.154074738e-007, 1.26780378196e-007, 2.47583091806e-008, 2.66096442658e-008, 1.10228022265e-008, 1.01457180435e-008, 1.23405348162e-008, 9.57115275924e-009, 1.29909212276e-008, 5.61276287669e-008, 9.78942935603e-008, 2.30979338767e-007, 2.24262024062e-007, 2.61063508589e-008, 2.54629206609e-009, 1.32415411969e-009, 2.8597760271e-010, 8.03950005526e-013, 1.06977391914e-015, 2.33141437259e-020]
        max: [6.37733066355e-008, 0.000345759704942, 0.00163881119806, 0.00532491691411, 0.0102146677673, 0.00800614152104, 0.00592011818662, 0.00512973405421, 0.00362285412848, 0.00585366599262, 0.00168215984013, 0.00218760035932, 0.0014541313285, 0.00154275912791, 0.00227718986571, 0.00115304579958, 0.00163164339028, 0.00467679649591, 0.00433993991464, 0.00726844742894, 0.00551639311016, 0.0021015368402, 0.000677747535519, 0.000523316673934, 0.000295468373224, 1.39609155667e-005, 4.11542913525e-007, 1.38961298024e-009]
        mean: [2.02707273189e-009, 9.69935172179e-006, 6.22335792286e-005, 0.000138728340971, 0.00035014693276, 0.000334841955919, 0.000347289111232, 0.000219935318455, 0.000299267703667, 0.000278895808151, 9.79511532933e-005, 0.000114589412988, 7.87707540439e-005, 8.57982231537e-005, 5.64107285754e-005, 6.7216809839e-005, 8.21423964226e-005, 0.00012155467266, 0.000170959014213, 0.000196814798983, 0.000172425730852, 5.78029539611e-005, 1.6668374883e-005, 9.19642661756e-006, 5.30585884917e-006, 2.19745885488e-007, 1.71453629072e-009, 3.16158488278e-011]
        median: [7.67351460151e-010, 3.38151994583e-006, 2.65533653874e-005, 5.20960747963e-005, 0.000116738578072, 0.00014426728012, 9.37151053222e-005, 0.000103426311398, 0.000198159876163, 0.000121722383483, 5.89180490351e-005, 5.93185068283e-005, 5.12731567142e-005, 5.16757172591e-005, 3.16645237035e-005, 3.68666878785e-005, 4.67714271508e-005, 6.22615334578e-005, 6.93053807481e-005, 4.90311176691e-005, 3.62718492397e-005, 1.25646138258e-005, 3.07729169435e-006, 9.78621756076e-007, 5.64487891097e-007, 2.08061550211e-008, 1.27387378424e-010, 8.21545175639e-012]
        min: [5.86564625825e-024, 2.63899295231e-023, 1.65056853965e-023, 3.24854498492e-023, 4.66279367433e-023, 5.15802382677e-023, 3.3773877433e-023, 2.47068395616e-023, 8.67406207832e-023, 4.87777499485e-023, 3.17794067172e-023, 1.08580607287e-022, 1.95839667457e-022, 8.1909447273e-023, 1.80149829897e-022, 1.3589441757e-022, 9.08971604473e-023, 1.85165230828e-022, 2.80167345747e-022, 4.28064401896e-022, 3.84643528676e-022, 5.28496366333e-022, 6.52427348554e-022, 7.7801844753e-022, 1.01223107359e-021, 1.4572810013e-021, 2.52792817155e-021, 5.77795553339e-022]
        var: [1.38041935487e-017, 5.83534776055e-010, 1.50547716515e-008, 8.46258458864e-008, 3.88296768961e-007, 3.86596980206e-007, 3.59105513326e-007, 1.49594256982e-007, 1.0942770956e-007, 2.43818732315e-007, 1.69646359183e-008, 2.75427947116e-008, 8.83448780797e-009, 1.22371668354e-008, 8.00844901505e-009, 9.26811960511e-009, 1.20495817768e-008, 4.44213732465e-008, 6.99159556916e-008, 1.88467240037e-007, 1.74189224822e-007, 2.17583053796e-008, 2.6467905645e-009, 8.98390473125e-010, 2.94864327399e-010, 6.66177887593e-013, 2.81343343389e-016, 5.17220688952e-021]
    mfcc:
        mean: [-743.196655273, 102.80165863, -45.3372993469, 22.0832271576, -34.3263893127, -12.5895729065, -7.20379924774, -9.20195770264, -5.18560123444, -7.73957633972, -5.11285161972, -9.15429782867, -10.1444673538]
        cov: [[9545.10546875, 949.382385254, 448.850921631, 964.595703125, -319.680603027, 31.785982132, -120.447349548, -426.214080811, -228.515777588, -259.716430664, -254.961517334, -132.103881836, -126.399398804], [949.382385254, 1113.59265137, -21.3300285339, 265.773620605, 42.8801727295, 114.181678772, 24.5138587952, -8.9080696106, -56.208984375, -32.1953430176, 7.66356134415, -36.4580345154, -3.59079051018], [448.850921631, -21.3300285339, 529.749389648, 174.958892822, 107.25087738, 109.284767151, 63.0768547058, -48.7196922302, -33.6194572449, -2.76617860794, -37.9466667175, 16.0885906219, 13.6117219925], [964.595703125, 265.773620605, 174.958892822, 281.670013428, 64.3816680908, 88.3925247192, 17.5579547882, -27.0870304108, -25.283870697, -30.1928501129, -24.8044605255, -10.114197731, -9.48012828827], [-319.680603027, 42.8801727295, 107.25087738, 64.3816680908, 161.757797241, 73.6012268066, 37.3388061523, 34.0063018799, 16.950176239, 13.9410200119, 8.08155250549, 10.5063800812, 9.63109779358], [31.785982132, 114.181678772, 109.284767151, 88.3925247192, 73.6012268066, 148.306930542, 48.4393959045, 27.3809623718, 5.83144760132, 12.5068235397, 12.1198329926, 4.9121131897, 2.00395703316], [-120.447349548, 24.5138587952, 63.0768547058, 17.5579547882, 37.3388061523, 48.4393959045, 94.5096817017, 21.6002006531, 4.13219070435, 19.0580329895, 4.14267778397, 4.69072914124, 3.53620862961], [-426.214080811, -8.9080696106, -48.7196922302, -27.0870304108, 34.0063018799, 27.3809623718, 21.6002006531, 100.248580933, 34.5738677979, 22.9338417053, 21.3098468781, 7.67631721497, 3.93841409683], [-228.515777588, -56.208984375, -33.6194572449, -25.283870697, 16.950176239, 5.83144760132, 4.13219070435, 34.5738677979, 74.252456665, 21.9607658386, 18.7392215729, 6.80029773712, -3.53664803505], [-259.716430664, -32.1953430176, -2.76617860794, -30.1928501129, 13.9410200119, 12.5068235397, 19.0580329895, 22.9338417053, 21.9607658386, 66.4222640991, 21.8681373596, 9.84360694885, 3.90407729149], [-254.961517334, 7.66356134415, -37.9466667175, -24.8044605255, 8.08155250549, 12.1198329926, 4.14267778397, 21.3098468781, 18.7392215729, 21.8681373596, 63.3343811035, 12.7380533218, 8.94335174561], [-132.103881836, -36.4580345154, 16.0885906219, -10.114197731, 10.5063800812, 4.9121131897, 4.69072914124, 7.67631721497, 6.80029773712, 9.84360694885, 12.7380533218, 53.7508850098, 15.2410955429], [-126.399398804, -3.59079051018, 13.6117219925, -9.48012828827, 9.63109779358, 2.00395703316, 3.53620862961, 3.93841409683, -3.53664803505, 3.90407729149, 8.94335174561, 15.2410955429, 50.5168151855]]
        icov: [[0.000273002107861, -2.3216347472e-005, -1.18594016385e-005, -0.000996991759166, 0.000782777322456, 1.71905958268e-005, 6.49422872812e-005, 0.000503118382767, -6.49032372166e-005, 0.000121590855997, 0.000359712488716, 8.26919276733e-005, 0.000201271017431], [-2.3216347472e-005, 0.00143032672349, 0.000758945476264, -0.00144613580778, -7.89709665696e-005, -0.000665519444738, -0.000305042718537, 2.73939222097e-005, 0.00101552892011, -1.35159070851e-005, -0.000599706894718, 0.000638320227154, -0.000385902298149], [-1.18594016385e-005, 0.000758945476264, 0.00369548099115, -0.00179841509089, -0.00139322155155, -0.00154389196541, -0.00137251720298, 0.0021271603182, 0.00100016733631, -0.000740579154808, 0.00147173053119, -0.000801709131338, -0.000943282269873], [-0.000996991759166, -0.00144613580778, -0.00179841509089, 0.0111206918955, -0.00396226532757, -0.00226238905452, 0.000780753267463, -0.000766127719544, -0.000254280748777, 0.00175976473838, 2.31349281421e-006, -0.000282682740362, 0.00075544056017], [0.000782777322456, -7.89709665696e-005, -0.00139322155155, -0.00396226532757, 0.0118098687381, -0.00216079852544, -0.000525399344042, -0.00125915603712, -0.00177513039671, 7.16140202712e-005, 0.000758705020417, -0.000120841388707, -0.000673749716952], [1.71905958268e-005, -0.000665519444738, -0.00154389196541, -0.00226238905452, -0.00216079852544, 0.0125798434019, -0.00312767620198, -0.00268350192346, -0.000132687127916, -0.000608521862887, -0.00256205396727, 6.47073829896e-005, 0.000800016219728], [6.49422872812e-005, -0.000305042718537, -0.00137251720298, 0.000780753267463, -0.000525399344042, -0.00312767620198, 0.0142909958959, -0.00207095779479, 0.000753292872105, -0.00286401994526, 0.000934558454901, 0.000122973055113, 0.000113995505671], [0.000503118382767, 2.73939222097e-005, 0.0021271603182, -0.000766127719544, -0.00125915603712, -0.00268350192346, -0.00207095779479, 0.0163352303207, -0.00442230235785, -0.00105406739749, 0.000106594423414, -0.000351814960595, -0.000379045959562], [-6.49032372166e-005, 0.00101552892011, 0.00100016733631, -0.000254280748777, -0.00177513039671, -0.000132687127916, 0.000753292872105, -0.00442230235785, 0.018737077713, -0.00345923635177, -0.00275885639712, -0.000685873674229, 0.00250277225859], [0.000121590855997, -1.35159070851e-005, -0.000740579154808, 0.00175976473838, 7.16140202712e-005, -0.000608521862887, -0.00286401994526, -0.00105406739749, -0.00345923635177, 0.0203208774328, -0.00445272540674, -0.00106392800808, 0.000422869663453], [0.000359712488716, -0.000599706894718, 0.00147173053119, 2.31349281421e-006, 0.000758705020417, -0.00256205396727, 0.000934558454901, 0.000106594423414, -0.00275885639712, -0.00445272540674, 0.0218440815806, -0.00331332394853, -0.0023720478639], [8.26919276733e-005, 0.000638320227154, -0.000801709131338, -0.000282682740362, -0.000120841388707, 6.47073829896e-005, 0.000122973055113, -0.000351814960595, -0.000685873674229, -0.00106392800808, -0.00331332394853, 0.0221405159682, -0.00560454139486], [0.000201271017431, -0.000385902298149, -0.000943282269873, 0.00075544056017, -0.000673749716952, 0.000800016219728, 0.000113995505671, -0.000379045959562, 0.00250277225859, 0.000422869663453, -0.0023720478639, -0.00560454139486, 0.0230391714722]]
    sccoeffs:
        dmean: [0.0554086379707, 0.0450012497604, 0.0367878004909, 0.0259470362216, 0.0180571172386, 0.0172984674573]
        dmean2: [0.0942175015807, 0.0763421207666, 0.0621889457107, 0.0431833378971, 0.0303572081029, 0.0277477614582]
        dvar: [0.00188947468996, 0.00123270251788, 0.000809618155472, 0.000389508611988, 0.000220924266614, 0.000253129925113]
        dvar2: [0.00547567987815, 0.00366944191046, 0.0022649129387, 0.0010830659885, 0.000583552173339, 0.000598882848863]
        max: [-0.29871147871, -0.511495947838, -0.546439409256, -0.64404129982, -0.624680161476, -0.589149355888]
        mean: [-0.614266037941, -0.754615485668, -0.783271729946, -0.803829491138, -0.818430900574, -0.775303661823]
        median: [-0.621757626534, -0.757395744324, -0.784664392471, -0.803604125977, -0.819086313248, -0.777882814407]
        min: [-0.96608120203, -0.962332606316, -0.962728977203, -0.966539382935, -0.966287255287, -0.959383249283]
        var: [0.00674258219078, 0.00423261942342, 0.00259611289948, 0.0016185346758, 0.00102500407957, 0.00132294790819]
    scvalleys:
        dmean: [0.464817076921, 0.313122332096, 0.25821608305, 0.220217496157, 0.181738242507, 0.254069954157]
        dmean2: [0.785321116447, 0.523282587528, 0.42465364933, 0.357503831387, 0.284362733364, 0.387795984745]
        dvar: [0.215922549367, 0.156078919768, 0.124425008893, 0.115225285292, 0.119382746518, 0.129750311375]
        dvar2: [0.432511657476, 0.226191550493, 0.14838989079, 0.116542361677, 0.106708288193, 0.168933779001]
        max: [-5.6950712204, -4.70490169525, -5.05649089813, -5.7274813652, -5.69632673264, -7.07963562012]
        mean: [-8.38896274567, -6.59905004501, -6.83038806915, -7.44552946091, -7.57578849792, -9.80978298187]
        median: [-7.82907342911, -6.3429145813, -6.6364812851, -7.25259971619, -7.44528198242, -9.73477935791]
        min: [-27.4020900726, -27.4335384369, -27.1629638672, -27.4008464813, -27.4656200409, -27.2898902893]
        var: [3.85557961464, 2.00391554832, 1.42677676678, 1.33894860744, 1.4277112484, 1.70822501183]

rhythm:
    beats_loudness:
        dmean: 0.00212848978117
        dmean2: 0.00379704684019
        dvar: 8.94204094948e-006
        dvar2: 2.66372262558e-005
        max: 0.0218907855451
        mean: 0.00425611482933
        median: 0.00255973660387
        min: 1.83229609263e-009
        var: 1.63008353411e-005
    bpm: 128.700683594
    bpm_confidence: 0
    first_peak_bpm: 129
    first_peak_spread: 0.600000023842
    first_peak_weight: 0.159509196877
    onset_rate: 1.87070178986
    second_peak_bpm: 123
    second_peak_spread: 0.310344845057
    second_peak_weight: 0.122699387372
    beats_loudness_band_ratio:
        dmean: [0.0909190922976, 0.0897199437022, 0.140567153692, 0.0898226052523, 0.0706565380096, 0.105070456862]
        dmean2: [0.169723540545, 0.148935824633, 0.242870122194, 0.148594602942, 0.117721349001, 0.178299799562]
        dvar: [0.016471626237, 0.00940467137843, 0.00895085092634, 0.00635664397851, 0.00371032766998, 0.018072033301]
        dvar2: [0.0469830818474, 0.0251309555024, 0.0266543664038, 0.0192255843431, 0.0103796524927, 0.0502341277897]
        max: [0.701340854168, 0.712716162205, 0.676885604858, 0.563773870468, 0.621996104717, 0.711570382118]
        mean: [0.0876579210162, 0.160774797201, 0.271217077971, 0.193853899837, 0.151855394244, 0.171785488725]
        median: [0.0481201335788, 0.141251444817, 0.244487911463, 0.174935489893, 0.116147384048, 0.132437050343]
        min: [6.34236057522e-005, 0.00253738556057, 0.0223733503371, 0.0265196450055, 0.0291017442942, 0.0205444376916]
        var: [0.0128385405988, 0.0161785557866, 0.0176527071744, 0.0110075334087, 0.0120836375281, 0.0202171262354]
    beats_position: [0.476009070873, 0.96362811327, 1.45124709606, 1.92725622654, 2.40326523781, 2.87927436829, 3.34367346764, 3.80807256699, 4.27247142792, 4.73687076569, 5.20126962662, 5.66566896439, 6.13006782532, 6.59446716309, 7.05886602402, 7.5464849472, 8.03410434723, 8.52172279358, 9.0093421936, 9.49696159363, 9.98458003998, 10.47219944, 10.95981884, 11.4474372864, 11.9234466553, 12.3994560242, 12.8754644394, 13.3514738083, 13.8158731461, 14.2802715302, 14.7446708679, 15.1974601746, 15.6502494812, 16.0914287567, 16.5674381256, 17.0434455872, 17.5194549561, 18.0186843872, 18.5179138184, 19.0171432495, 19.5976409912, 20.1781406403, 20.758638382, 21.339138031, 21.9196376801, 22.5117454529, 23.1038551331, 23.6959629059, 24.2764625549, 24.8569602966, 25.5071201324, 26.1572780609, 26.830657959, 27.4924259186, 28.1541938782, 28.7927436829, 29.4312915802, 30.0698413849, 30.7083892822, 31.3469390869, 31.9738769531, 32.6124267578, 33.2509727478, 33.8895225525, 34.4932403564, 35.0969619751, 35.7006797791, 36.2927894592, 36.8965072632, 37.5002250671, 38.1039466858, 38.7076644897, 39.3113822937, 39.9151000977, 40.5188217163, 41.1225395203, 41.6217689514, 42.1209983826, 42.6086158752, 43.0962333679, 43.5838546753, 44.071472168, 44.5707015991, 45.046710968, 45.5111083984, 45.9755096436, 46.4282989502, 46.8810882568, 47.3338775635, 47.7750549316, 48.2162361145, 48.6574134827, 49.1334228516, 49.6210403442, 50.0970497131, 50.5498390198, 51.0142402649, 51.4670295715, 51.9198188782, 52.2216758728, 52.5467567444, 52.871837616, 53.1969146729, 53.5219955444, 53.8470726013, 54.1721534729, 54.4740142822, 54.7874832153, 55.1125602722, 55.4376411438, 55.7743301392, 56.1110191345, 56.4477081299, 56.9237174988, 57.3997268677, 57.8757362366, 58.3633537292, 58.8509750366, 59.3269844055, 59.7913818359, 60.2557830811, 60.7201805115, 61.1613578796, 61.6025390625, 62.0437164307, 62.473285675, 62.9028549194, 63.3672561646, 63.8084335327, 64.2496109009, 64.6907958984, 65.1435852051, 65.5847625732, 66.0259399414, 66.478729248, 66.9431304932, 67.4191360474, 67.895149231, 68.3943786621, 68.8936004639, 69.392829895, 69.8688430786, 70.3564605713, 70.844078064, 71.3084793091, 71.7728805542, 72.2372741699, 72.6900634766, 73.1544647217, 73.6072540283, 74.0716552734, 74.5128326416, 74.9540100098, 75.3951950073, 75.8363723755, 76.2891616821, 76.7303390503, 77.1831283569, 77.6475296021, 78.1235351563, 78.5995483398, 79.075553894, 79.5515594482, 80.0275726318]
    bpm_estimates: [126.04800415, 126.048034668, 126.04800415, 129.19921875, 129.19921875, 129.199279785, 129.199157715, 129.199279785, 129.199157715, 129.199279785, 129.199157715, 129.199279785, 126.047935486, 126.047935486, 126.048194885, 126.047935486, 129.199157715, 129.199417114, 129.199157715, 132.511962891, 132.511962891, 126.047935486, 126.048446655, 126.047935486, 126.047935486, 129.199676514, 129.198623657, 132.511962891, 132.511962891, 132.511962891, 126.047935486, 126.047935486, 132.511962891, 129.198623657, 132.511962891, 132.511962891, 126.047935486, 126.047935486, 126.047935486, 126.047935486, 129.199676514, 129.198623657, 129.199676514, 129.198623657, 132.511962891, 132.511962891, 129.198623657, 126.048950195, 126.046928406, 126.046928406, 129.198623657, 129.198623657, 129.200744629, 132.511962891, 129.198623657, 132.511962891, 129.198623657, 132.511962891, 132.511962891, 129.198623657, 126.048950195, 126.046928406, 126.048950195, 126.048950195, 126.046928406]
    bpm_intervals: [0.487619042397, 0.487618982792, 0.476009130478, 0.476009011269, 0.476009130478, 0.46439909935, 0.46439909935, 0.464398860931, 0.464399337769, 0.464398860931, 0.464399337769, 0.464398860931, 0.464399337769, 0.464398860931, 0.487618923187, 0.487619400024, 0.48761844635, 0.487619400024, 0.487619400024, 0.48761844635, 0.487619400024, 0.487619400024, 0.48761844635, 0.476009368896, 0.476009368896, 0.476008415222, 0.476009368896, 0.464399337769, 0.464398384094, 0.464399337769, 0.452789306641, 0.452789306641, 0.441179275513, 0.476009368896, 0.476007461548, 0.476009368896, 0.499229431152, 0.499229431152, 0.499229431152, 0.580497741699, 0.580499649048, 0.580497741699, 0.580499649048, 0.580499649048, 0.592107772827, 0.592109680176, 0.592107772827, 0.580499649048, 0.580497741699, 0.650159835815, 0.650157928467, 0.673379898071, 0.661767959595, 0.661767959595, 0.638549804688, 0.638547897339, 0.638549804688, 0.638547897339, 0.638549804688, 0.626937866211, 0.638549804688, 0.63854598999, 0.638549804688, 0.603717803955, 0.603721618652, 0.603717803955, 0.592109680176, 0.603717803955, 0.603717803955, 0.603721618652, 0.603717803955, 0.603717803955, 0.603717803955, 0.603721618652, 0.603717803955, 0.499229431152, 0.499229431152, 0.487617492676, 0.487617492676, 0.487621307373, 0.487617492676, 0.499229431152, 0.476009368896, 0.46439743042, 0.464401245117, 0.452789306641, 0.452789306641, 0.452789306641, 0.441177368164, 0.441181182861, 0.441177368164, 0.476009368896, 0.487617492676, 0.476009368896, 0.452789306641, 0.464401245117, 0.452789306641, 0.452789306641, 0.301856994629, 0.325080871582, 0.325080871582, 0.325077056885, 0.325080871582, 0.325077056885, 0.325080871582, 0.301860809326, 0.313468933105, 0.325077056885, 0.325080871582, 0.336688995361, 0.336688995361, 0.336688995361, 0.476009368896, 0.476009368896, 0.476009368896, 0.487617492676, 0.487621307373, 0.476009368896, 0.46439743042, 0.464401245117, 0.46439743042, 0.441177368164, 0.441181182861, 0.441177368164, 0.429569244385, 0.429569244385, 0.464401245117, 0.441177368164, 0.441177368164, 0.441184997559, 0.452789306641, 0.441177368164, 0.441177368164, 0.452789306641, 0.464401245117, 0.476005554199, 0.476013183594, 0.499229431152, 0.499221801758, 0.499229431152, 0.476013183594, 0.487617492676, 0.487617492676, 0.464401245117, 0.464401245117, 0.464393615723, 0.452789306641, 0.464401245117, 0.452789306641, 0.464401245117, 0.441177368164, 0.441177368164, 0.441184997559, 0.441177368164, 0.452789306641, 0.441177368164, 0.452789306641, 0.464401245117, 0.476005554199, 0.476013183594, 0.476005554199, 0.476005554199, 0.476013183594]
    onset_times: [3.11147403717, 3.35528349876, 3.83129262924, 4.43501138687, 4.71365070343, 5.16644001007, 6.11845827103, 10.71600914, 11.1687984467, 12.8522453308, 12.8870744705, 14.7678909302, 16.1030387878, 16.5209980011, 17.0434474945, 21.9428577423, 22.7323360443, 23.3708839417, 23.6843528748, 25.4374599457, 25.9366893768, 26.1572780609, 26.3546485901, 27.2602272034, 27.6549663544, 28.0729255676, 28.4328346252, 29.3616333008, 30.0234012604, 30.6155109406, 30.7432193756, 30.963809967, 31.2308387756, 31.3121089935, 31.8809986115, 32.2292976379, 32.5543746948, 33.1813163757, 33.5412254333, 33.8546943665, 34.3423118591, 34.7602729797, 35.0621299744, 35.6194114685, 35.9793205261, 36.2927894592, 36.7687988281, 37.1170959473, 37.4189567566, 37.9181861877, 38.3129234314, 38.3477554321, 39.1024017334, 39.6016311646, 39.7177314758, 40.3214530945, 40.4259414673, 40.7394104004, 40.9251708984, 41.4592285156, 41.9352378845, 42.6318359375, 42.7595481873, 44.9654426575, 45.0583229065, 45.5227203369, 45.743309021, 45.987121582, 48.6341934204, 49.0869827271, 49.2263031006, 49.3075752258, 49.5513839722, 51.0374603271, 51.7224502563, 51.9082069397, 52.1984596252, 52.6628570557, 52.8834457397, 53.1156463623, 53.7774162292, 53.8819046021, 54.0908851624, 54.1953735352, 54.4624023438, 55.1009521484, 55.3563728333, 55.6582298279, 55.7743301392, 56.2271194458, 56.4477081299, 56.6915206909, 57.8060760498, 58.0034484863, 58.1543769836, 58.3285255432, 58.8741950989, 58.9554634094, 59.1296157837, 59.3385925293, 59.7333335876, 60.0003623962, 60.2441711426, 61.4516105652, 62.1133804321, 62.8099784851, 62.9028587341, 63.3672561646, 63.5878448486, 63.8200454712, 64.1102981567, 64.6675720215, 65.1900253296, 66.0143280029, 66.2813568115, 66.4671173096, 66.9315185547, 67.1521072388, 67.3959197998, 68.4988632202, 68.9168243408, 69.0677566528, 69.2419052124, 69.3463973999, 69.508934021, 70.0429916382, 70.4957809448, 70.7163696289, 70.8556900024, 70.9833984375, 71.6567764282, 72.2140579224, 72.3882064819, 72.6204071045, 72.8061676025, 73.5608139038, 73.6072540283, 74.0716552734, 74.2922439575, 74.5012207031, 74.7798614502, 75.3139266968, 75.5345153809, 77.0786361694, 77.1831283569, 77.8565063477, 78.1003189087, 79.2497024536, 79.6212234497, 79.9811325073, 80.3526535034]
    perceptual_tempo: "unknown"

sfx:
    inharmonicity:
        dmean: 0.0473987311125
        dmean2: 0.0841759890318
        dvar: 0.00287954695523
        dvar2: 0.00815575942397
        max: 0.428154885769
        mean: 0.0509604327381
        median: 0.0314958691597
        min: 0
        var: 0.00312841287814
    oddtoevenharmonicenergyratio:
        dmean: 114.459220886
        dmean2: 228.680358887
        dvar: 21913472
        dvar2: 65738212
        max: 195232.21875
        mean: 57.6709289551
        median: 0.435581862926
        min: 0
        var: 10956583
    pitch_after_max_to_before_max_energy_ratio: 6.0511879921
    pitch_centroid: 1961.78112793
    pitch_max_to_total: 0.425244390965
    pitch_min_to_total: 0.337550312281
    tristimulus:
        dmean: [0.199515223503, 0.227080270648, 0.115658856928]
        dmean2: [0.346485584974, 0.395571619272, 0.201810061932]
        dvar: [0.0271934662014, 0.0380421839654, 0.0121671324596]
        dvar2: [0.0782829970121, 0.107762359083, 0.0326382741332]
        max: [1, 0.999282121658, 0.846587538719]
        mean: [0.357978135347, 0.474212288857, 0.132929563522]
        median: [0.342642605305, 0.483816742897, 0.107203900814]
        min: [0.000100542623841, 0, 0]
        var: [0.0432972535491, 0.0506154075265, 0.0168301090598]

tonal:
    chords_changes_rate: 0.044252872467
    chords_number_rate: 0.00977011490613
    chords_strength:
        dmean: 0.00890415813774
        dmean2: 0.0080437278375
