
metadata:
    version:
        essentia: "2.1-beta2"
    audio_properties:
        analysis_sample_rate: 44100
        bitrate: 320
        channels: 2
        equal_loudness: 1
        length: 293.485717773
        replay_gain: -14.5135059357
        downmix: "mix"
    tags:
        album: "Alive In The Night (Live)"
        artist: "Powerwolf"
        comment: ""
        date: "2012"
        genre: "Power Metal"
        title: "Sanctified With Dynamite"
        tracknumber: "2"

configuration:
    average_loudness:
        compute: 1
        frameSize: 88200
        hopSize: 44100
        silentFrames: "noise"
        windowType: "hann"
    general:
        analysisSampleRate: 44100
        endTime: 2000
        equalLoudness: 1
        nequalLoudness: 0
        shortSound: 0
        startTime: 0
    lowlevel:
        compute: 1
        frameSize: 2048
        hopSize: 1024
        zeroPadding: 0
        silentFrames: "noise"
        windowType: "blackmanharris62"
        mfccStats: ["mean", "cov", "icov"]
        stats: ["mean", "var", "median", "min", "max", "dmean", "dmean2", "dvar", "dvar2"]
    panning:
        compute: 0
        frameSize: 8192
        hopSize: 2048
        zeroPadding: 8192
        silentFrames: "noise"
        windowType: "hann"
        stats: ["copy"]
    rhythm:
        compute: 1
        maxTempo: 208
        minTempo: 40
        method: "degara"
        stats: ["mean", "var", "median", "min", "max", "dmean", "dmean2", "dvar", "dvar2"]
    segmentation:
        compute: 0
        cpw: 5
        inc1: 300
        inc2: 50
        minimumSegmentsLength: 10
        size1: 1000
        size2: 600
    sfx:
        compute: 1
        stats: ["mean", "var", "median", "min", "max", "dmean", "dmean2", "dvar", "dvar2"]
    svm:
        compute: 0
    tonal:
        compute: 1
        frameSize: 4096
        hopSize: 2048
        zeroPadding: 0
        silentFrames: "noise"
        windowType: "blackmanharris62"
        stats: ["mean", "var", "median", "min", "max", "dmean", "dmean2", "dvar", "dvar2"]

lowlevel:
    average_loudness: 0.948213934898
    barkbands_kurtosis:
        dmean: 0.66156578064
        dmean2: 1.08536839485
        dvar: 0.794433772564
        dvar2: 1.9870672226
        max: 30.6032619476
        mean: -0.611790895462
        median: -0.970925271511
        min: -1.85986196995
        var: 1.51165938377
    barkbands_skewness:
        dmean: 0.386536687613
        dmean2: 0.609605252743
        dvar: 0.116861514747
        dvar2: 0.282903820276
        max: 5.40260887146
        mean: -0.314532339573
        median: -0.367477804422
        min: -3.15904188156
        var: 0.594218552113
    barkbands_spread:
        dmean: 4.77301216125
        dmean2: 7.78567218781
        dvar: 19.5313167572
        dvar2: 50.7440643311
        max: 60.7635383606
        mean: 29.2381134033
        median: 28.59923172
        min: 2.97811245918
        var: 82.3188323975
    dissonance:
        dmean: 0.0122905587777
        dmean2: 0.0210278425366
        dvar: 0.000178629197762
        dvar2: 0.000500264228322
        max: 0.500000059605
        mean: 0.480645388365
        median: 0.485852241516
        min: 0.326983839273
        var: 0.000303088279907
    hfc:
        dmean: 3.04620480537
        dmean2: 4.81833362579
        dvar: 13.055803299
        dvar2: 33.5351600647
        max: 44.7068824768
        mean: 11.7869577408
        median: 11.9943437576
        min: 7.25582397984e-012
        var: 45.0678329468
    pitch:
        dmean: 783.089111328
        dmean2: 1506.09838867
        dvar: 1627703.25
        dvar2: 3948013.25
        max: 5232.7265625
        mean: 1524.86816406
        median: 444.822662354
        min: 69.3050994873
        var: 2464262.25
    pitch_instantaneous_confidence:
        dmean: 0.0816082954407
        dmean2: 0.133984819055
        dvar: 0.00466861063614
        dvar2: 0.0116085438058
        max: 0.959843754768
        mean: 0.40411773324
        median: 0.379183292389
        min: 0.130960166454
        var: 0.018120020628
    pitch_salience:
        dmean: 0.0574747510254
        dmean2: 0.0935789644718
        dvar: 0.00261817523278
        dvar2: 0.00653006276116
        max: 0.890683174133
        mean: 0.670100927353
        median: 0.686323642731
        min: 0.15441468358
        var: 0.00764051312581
    silence_rate_20dB:
        dmean: 0
        dmean2: 0
        dvar: 0
        dvar2: 0
        max: 1
        mean: 1
        median: 1
        min: 1
        var: 0
    silence_rate_30dB:
        dmean: 0
        dmean2: 0
        dvar: 0
        dvar2: 0
        max: 1
        mean: 1
        median: 1
        min: 1
        var: 0
    silence_rate_60dB:
        dmean: 0.0406645573676
        dmean2: 0.0813355520368
        dvar: 0.0390067584813
        dvar2: 0.0916423797607
        max: 1
        mean: 0.182184949517
        median: 0
        min: 0
        var: 0.14900021255
    spectral_centroid:
        dmean: 271.739776611
        dmean2: 433.651489258
        dvar: 68721.3828125
        dvar2: 167060.3125
        max: 4690.73828125
        mean: 2056.85717773
        median: 2096.02124023
        min: 522.608154297
        var: 261772.765625
    spectral_complexity:
        dmean: 4.30094957352
        dmean2: 6.68241167068
        dvar: 17.4784641266
        dvar2: 39.5469093323
        max: 52
        mean: 20.8988208771
        median: 23
        min: 0
        var: 108.465431213
    spectral_crest:
        dmean: 1.97246861458
        dmean2: 3.27788424492
        dvar: 3.71992659569
        dvar2: 9.48694801331
        max: 25.2923355103
        mean: 6.96246051788
        median: 6.13448905945
        min: 2.62340021133
        var: 8.62162590027
    spectral_decrease:
        dmean: 2.65125033039e-010
        dmean2: 4.15274759025e-010
        dvar: 7.71486606533e-020
        dvar2: 1.89663893685e-019
        max: -3.3308315077e-022
        mean: -1.17532361621e-009
        median: -1.19179777158e-009
        min: -3.49491369178e-009
        var: 3.25277583099e-019
    spectral_energy:
        dmean: 0.00123636506032
        dmean2: 0.00193249387667
        dvar: 1.68940607637e-006
        dvar2: 4.18045055994e-006
        max: 0.0166382230818
        mean: 0.00550505146384
        median: 0.0056397006847
        min: 1.91526113715e-015
        var: 7.23485572962e-006
    spectral_energyband_high:
        dmean: 0.000281622516923
        dmean2: 0.000471502455184
        dvar: 1.88883376495e-007
        dvar2: 5.09393828452e-007
        max: 0.00556252710521
        mean: 0.000643592036795
        median: 0.000597611884587
        min: 8.68799682295e-016
        var: 2.58925069829e-007
    spectral_energyband_low:
        dmean: 0.000125259073684
        dmean2: 0.000210442434764
        dvar: 3.57392444528e-008
        dvar2: 9.70338902562e-008
        max: 0.00259860488586
        mean: 0.000219255554839
        median: 0.000153322165716
        min: 2.8063531649e-017
        var: 6.06387899893e-008
    spectral_energyband_middle_high:
        dmean: 0.000811845995486
        dmean2: 0.00126656808425
        dvar: 6.73493275372e-007
        dvar2: 1.63320623869e-006
        max: 0.0121320299804
        mean: 0.00326977833174
        median: 0.0031920329202
        min: 9.51402229433e-016
        var: 3.68294445252e-006
    spectral_energyband_middle_low:
        dmean: 0.000611948315054
        dmean2: 0.000983271049336
        dvar: 6.41897202058e-007
        dvar2: 1.55831742177e-006
        max: 0.0107881585136
        mean: 0.00149019353557
        median: 0.00116625055671
        min: 9.01694365621e-017
        var: 1.44812815961e-006
    spectral_flatness_db:
        dmean: 0.0129630714655
        dmean2: 0.0206382256001
        dvar: 0.000135383525048
        dvar2: 0.000315521931043
        max: 0.363736957312
        mean: 0.153542265296
        median: 0.146669372916
        min: 0.0698355287313
        var: 0.00106103229336
    spectral_flux:
        dmean: 0.00751422764733
        dmean2: 0.0113803567365
        dvar: 5.22463706147e-005
        dvar2: 0.000104503029434
        max: 0.108410552144
        mean: 0.0447108261287
        median: 0.0455138459802
        min: 9.04077969608e-005
        var: 0.000227592943702
    spectral_kurtosis:
        dmean: 1.03455126286
        dmean2: 1.77845418453
        dvar: 0.849590778351
        dvar2: 2.46101117134
        max: 14.2957553864
        mean: 3.30483365059
        median: 3.16486263275
        min: -0.850466489792
        var: 1.97849166393
    spectral_rms:
        dmean: 0.000256821018411
        dmean2: 0.000393350317609
        dvar: 6.01129954703e-008
        dvar2: 1.39409976896e-007
        max: 0.00402894662693
        mean: 0.00222135428339
        median: 0.00234566559084
        min: 1.36694822128e-009
        var: 4.36362029177e-007
    spectral_rolloff:
        dmean: 314.137512207
        dmean2: 519.983886719
        dvar: 141866.34375
        dvar2: 348809.25
        max: 6739.89257813
        mean: 3585.88647461
        median: 3703.7109375
        min: 366.064453125
        var: 410555.21875
    spectral_skewness:
        dmean: 0.162937998772
        dmean2: 0.268014967442
        dvar: 0.0209978967905
        dvar2: 0.0546069741249
        max: 2.77767467499
        mean: 1.1588755846
        median: 1.13137471676
        min: 0.0682856664062
        var: 0.0966986566782
    spectral_spread:
        dmean: 343932.5625
        dmean2: 524945.1875
        dvar: 163315351552
        dvar2: 313975341056
        max: 11786588
        mean: 3974269.75
        median: 3895138.5
        min: 2225320
        var: 536879136768
    spectral_strongpeak:
        dmean: 0.65356451273
        dmean2: 1.11429476738
        dvar: 0.709000349045
        dvar2: 1.85071563721
        max: 11.4915513992
        mean: 1.05919289589
        median: 0.658408582211
        min: 2.84910072423e-007
        var: 1.29474449158
    zerocrossingrate:
        dmean: 0.00780288130045
        dmean2: 0.00980294402689
        dvar: 5.92848737142e-005
        dvar2: 8.32793812151e-005
        max: 0.412109375
        mean: 0.109696410596
        median: 0.1123046875
        min: 0.033203125
        var: 0.000469688267913
    barkbands:
        dmean: [2.46850362373e-007, 3.47794884874e-005, 7.98674518592e-005, 8.80363804754e-005, 0.000235537387198, 0.000136910835863, 0.00010089094576, 0.000118809432024, 0.000236234729527, 0.000202624403755, 7.8124103311e-005, 7.40585237509e-005, 7.11557368049e-005, 8.10307101347e-005, 5.93555778323e-005, 0.000117910465633, 0.000212751401705, 0.000190484352061, 0.000340864789905, 0.000227256328799, 0.000146358041093, 4.65515295218e-005, 1.00916513475e-005, 1.42132500969e-006, 7.65032780237e-007, 2.4913560992e-008, 3.08051334441e-010]
        dmean2: [3.2708226172e-007, 5.99403247179e-005, 0.000135684225825, 0.000147309721797, 0.000396345480112, 0.000225481184316, 0.000166067911778, 0.00019512277504, 0.000376928364858, 0.000319742655847, 0.000123715697555, 0.000119418327813, 0.000114626905997, 0.000132546192617, 9.77526578936e-005, 0.000195687345695, 0.000349932292011, 0.000308098213281, 0.000562251487281, 0.000377122341888, 0.000247979041887, 8.04991141194e-005, 1.70349612745e-005, 2.35697916651e-006, 1.20753156807e-006, 3.94670358617e-008, 5.48442513626e-010]
        dvar: [1.63850161737e-013, 3.04331404521e-009, 1.61153739242e-008, 2.25065104331e-008, 1.75973823957e-007, 6.32774899145e-008, 4.85788014259e-008, 1.18718006092e-007, 3.03237214894e-007, 2.15496385181e-007, 2.94370305909e-008, 2.07864534474e-008, 1.96772447225e-008, 2.34884396377e-008, 1.00200923114e-008, 3.18617452422e-008, 7.31688345468e-008, 6.56102088215e-008, 1.54273052999e-007, 8.10820068864e-008, 5.31699093642e-008, 9.47356859626e-009, 5.2951437679e-010, 1.76798332918e-011, 1.00094680808e-011, 1.16603148442e-014, 2.39868082925e-019]
        dvar2: [2.70333316279e-013, 8.60418758464e-009, 4.37736389358e-008, 5.82686823236e-008, 4.83177075239e-007, 1.58404745321e-007, 1.14094248715e-007, 2.90031806571e-007, 7.03076182162e-007, 5.0879674518e-007, 6.84606362711e-008, 5.05982278298e-008, 4.74164458808e-008, 5.81700909663e-008, 2.48155114235e-008, 8.41322602696e-008, 1.87509371585e-007, 1.60861404197e-007, 4.03117184078e-007, 2.17939941649e-007, 1.45595976164e-007, 2.56962202627e-008, 1.41266875975e-009, 4.42984156301e-011, 2.25140930205e-011, 2.91884944762e-014, 6.83162057258e-019]
        max: [3.53628138328e-006, 0.000667816842906, 0.00197668280452, 0.0025225142017, 0.00623964937404, 0.00664105825126, 0.00690550869331, 0.00627691624686, 0.0106887612492, 0.00874233618379, 0.00467110378668, 0.00381634035148, 0.00286257220432, 0.00310620572418, 0.00319764949381, 0.00502556702122, 0.00807833578438, 0.00798808224499, 0.00792299490422, 0.00469278916717, 0.00287609663792, 0.00143144070171, 0.000512553262524, 0.000188694466488, 0.000108655483928, 5.42254383618e-006, 1.41541800502e-008]
        mean: [3.19786664704e-007, 4.98582230648e-005, 0.000110492277599, 0.000127634382807, 0.000357797718607, 0.000236356339883, 0.000150481617311, 0.000160334573593, 0.000374148483388, 0.000362045655493, 0.000136120332172, 0.000126710903714, 0.000118270865642, 0.000135565191158, 0.000109636617708, 0.000252918689512, 0.000484685529955, 0.000434095447417, 0.000834244128782, 0.000564083922654, 0.000290352385491, 6.87540741637e-005, 1.6330039216e-005, 2.47742173087e-006, 1.29151840156e-006, 4.21454515731e-008, 3.53505003048e-010]
        median: [5.12448394829e-008, 3.11014555336e-005, 6.02266954957e-005, 6.59201468807e-005, 0.00021671061404, 0.000135833775857, 7.89462137618e-005, 4.83620278828e-005, 0.000135452341055, 9.98316681944e-005, 5.04118688696e-005, 7.10136446287e-005, 5.71317905269e-005, 7.43764976505e-005, 7.81180278864e-005, 0.000188804988284, 0.000403985322919, 0.000343243649695, 0.000749903556425, 0.000542885740288, 0.00025263678981, 4.29803985753e-005, 8.80958850757e-006, 1.54439021571e-006, 6.63659534439e-007, 1.98206766555e-008, 1.99304586723e-010]
        min: [7.44031176608e-018, 5.40916439528e-018, 1.31171935802e-017, 1.06147737039e-017, 2.73228939808e-017, 2.02141898233e-017, 1.51218409793e-017, 4.85351243625e-018, 1.08568547276e-017, 4.07892603499e-018, 7.11339427157e-018, 3.74721651775e-017, 3.08716443925e-017, 7.93424695244e-017, 1.03219970965e-016, 5.9569054471e-017, 6.57927812522e-017, 1.92546775181e-016, 2.20097924689e-016, 4.47759297731e-016, 2.39310471582e-016, 1.52805656892e-016, 6.01817835466e-017, 5.24725694255e-017, 4.22460230159e-017, 4.99663991123e-018, 3.71607581467e-019]
        var: [3.1313558517e-013, 3.54608786779e-009, 2.33738735034e-008, 3.50024720319e-008, 2.03166166557e-007, 1.1351040996e-007, 6.84938257223e-008, 1.86392398405e-007, 6.07538652275e-007, 5.86096746247e-007, 8.47602166232e-008, 3.79539670803e-008, 3.65639714062e-008, 3.90887109347e-008, 1.72642113938e-008, 8.78624106804e-008, 2.02991557785e-007, 1.63485637472e-007, 4.39375867245e-007, 1.86056809071e-007, 6.52974065929e-008, 8.79555717148e-009, 5.84108983404e-010, 1.86071019703e-011, 1.19970075541e-011, 1.15723428493e-014, 2.3319622505e-019]
    frequency_bands:
        dmean: [2.46850362373e-007, 3.47794884874e-005, 7.98674518592e-005, 8.80363804754e-005, 0.000235537387198, 0.000136910835863, 0.00010089094576, 0.000118809432024, 0.000236234729527, 0.000202624403755, 7.8124103311e-005, 7.40585237509e-005, 7.11557368049e-005, 8.10307101347e-005, 5.93555778323e-005, 0.000117910465633, 0.000212751401705, 0.000190484352061, 0.000340864789905, 0.000227256328799, 0.000146358041093, 4.65515295218e-005, 1.00916513475e-005, 1.42132500969e-006, 7.65032780237e-007, 2.4913560992e-008, 3.08051334441e-010, 6.56888501926e-011]
        dmean2: [3.2708226172e-007, 5.99403247179e-005, 0.000135684225825, 0.000147309721797, 0.000396345480112, 0.000225481184316, 0.000166067911778, 0.00019512277504, 0.000376928364858, 0.000319742655847, 0.000123715697555, 0.000119418327813, 0.000114626905997, 0.000132546192617, 9.77526578936e-005, 0.000195687345695, 0.000349932292011, 0.000308098213281, 0.000562251487281, 0.000377122341888, 0.000247979041887, 8.04991141194e-005, 1.70349612745e-005, 2.35697916651e-006, 1.20753156807e-006, 3.94670358617e-008, 5.48442513626e-010, 1.22058585461e-010]
        dvar: [1.63850161737e-013, 3.04331404521e-009, 1.61153739242e-008, 2.25065104331e-008, 1.75973823957e-007, 6.32774899145e-008, 4.85788014259e-008, 1.18718006092e-007, 3.03237214894e-007, 2.15496385181e-007, 2.94370305909e-008, 2.07864534474e-008, 1.96772447225e-008, 2.34884396377e-008, 1.00200923114e-008, 3.18617452422e-008, 7.31688345468e-008, 6.56102088215e-008, 1.54273052999e-007, 8.10820068864e-008, 5.31699093642e-008, 9.47356859626e-009, 5.2951437679e-010, 1.76798332918e-011, 1.00094680808e-011, 1.16603148442e-014, 2.39868082925e-019, 8.06705549791e-021]
        dvar2: [2.70333316279e-013, 8.60418758464e-009, 4.37736389358e-008, 5.82686823236e-008, 4.83177075239e-007, 1.58404745321e-007, 1.14094248715e-007, 2.90031806571e-007, 7.03076182162e-007, 5.0879674518e-007, 6.84606362711e-008, 5.05982278298e-008, 4.74164458808e-008, 5.81700909663e-008, 2.48155114235e-008, 8.41322602696e-008, 1.87509371585e-007, 1.60861404197e-007, 4.03117184078e-007, 2.17939941649e-007, 1.45595976164e-007, 2.56962202627e-008, 1.41266875975e-009, 4.42984156301e-011, 2.25140930205e-011, 2.91884944762e-014, 6.83162057258e-019, 2.52027570075e-020]
        max: [3.53628138328e-006, 0.000667816842906, 0.00197668280452, 0.0025225142017, 0.00623964937404, 0.00664105825126, 0.00690550869331, 0.00627691624686, 0.0106887612492, 0.00874233618379, 0.00467110378668, 0.00381634035148, 0.00286257220432, 0.00310620572418, 0.00319764949381, 0.00502556702122, 0.00807833578438, 0.00798808224499, 0.00792299490422, 0.00469278916717, 0.00287609663792, 0.00143144070171, 0.000512553262524, 0.000188694466488, 0.000108655483928, 5.42254383618e-006, 1.41541800502e-008, 1.33477651154e-009]
        mean: [3.19786664704e-007, 4.98582230648e-005, 0.000110492277599, 0.000127634382807, 0.000357797718607, 0.000236356339883, 0.000150481617311, 0.000160334573593, 0.000374148483388, 0.000362045655493, 0.000136120332172, 0.000126710903714, 0.000118270865642, 0.000135565191158, 0.000109636617708, 0.000252918689512, 0.000484685529955, 0.000434095447417, 0.000834244128782, 0.000564083922654, 0.000290352385491, 6.87540741637e-005, 1.6330039216e-005, 2.47742173087e-006, 1.29151840156e-006, 4.21454515731e-008, 3.53505003048e-010, 5.10910064255e-011]
        median: [5.12448394829e-008, 3.11014555336e-005, 6.02266954957e-005, 6.59201468807e-005, 0.00021671061404, 0.000135833775857, 7.89462137618e-005, 4.83620278828e-005, 0.000135452341055, 9.98316681944e-005, 5.04118688696e-005, 7.10136446287e-005, 5.71317905269e-005, 7.43764976505e-005, 7.81180278864e-005, 0.000188804988284, 0.000403985322919, 0.000343243649695, 0.000749903556425, 0.000542885740288, 0.00025263678981, 4.29803985753e-005, 8.80958850757e-006, 1.54439021571e-006, 6.63659534439e-007, 1.98206766555e-008, 1.99304586723e-010, 1.87887049669e-011]
        min: [7.44031176608e-018, 5.40916439528e-018, 1.31171935802e-017, 1.06147737039e-017, 2.73228939808e-017, 2.02141898233e-017, 1.51218409793e-017, 4.85351243625e-018, 1.08568547276e-017, 4.07892603499e-018, 7.11339427157e-018, 3.74721651775e-017, 3.08716443925e-017, 7.93424695244e-017, 1.03219970965e-016, 5.9569054471e-017, 6.57927812522e-017, 1.92546775181e-016, 2.20097924689e-016, 4.47759297731e-016, 2.39310471582e-016, 1.52805656892e-016, 6.01817835466e-017, 5.24725694255e-017, 4.22460230159e-017, 4.99663991123e-018, 3.71607581467e-019, 5.88304228709e-020]
        var: [3.1313558517e-013, 3.54608786779e-009, 2.33738735034e-008, 3.50024720319e-008, 2.03166166557e-007, 1.1351040996e-007, 6.84938257223e-008, 1.86392398405e-007, 6.07538652275e-007, 5.86096746247e-007, 8.47602166232e-008, 3.79539670803e-008, 3.65639714062e-008, 3.90887109347e-008, 1.72642113938e-008, 8.78624106804e-008, 2.02991557785e-007, 1.63485637472e-007, 4.39375867245e-007, 1.86056809071e-007, 6.52974065929e-008, 8.79555717148e-009, 5.84108983404e-010, 1.86071019703e-011, 1.19970075541e-011, 1.15723428493e-014, 2.3319622505e-019, 6.5537471465e-021]
    mfcc:
        mean: [-693.50177002, 94.341545105, -66.5784225464, 52.7949562073, -28.819070816, -7.59062671661, -4.93451499939, -0.545661747456, -3.10642075539, -6.70122289658, -6.65118789673, -7.94549226761, -5.63236236572]
        cov: [[2758.24682617, -58.1405754089, 442.855499268, 862.378173828, 436.224609375, 331.90145874, 301.478240967, 176.605728149, 94.9158859253, 100.975067139, -103.683616638, 131.047927856, 163.517883301], [-58.1405754089, 397.149261475, 37.1655654907, 121.43497467, 80.8887481689, 8.33790397644, 75.2066040039, 8.38119888306, 6.64579296112, 5.97493934631, -13.8397941589, 5.84073400497, 5.85734462738], [442.855499268, 37.1655654907, 324.694091797, 214.228790283, 174.667404175, 78.4979476929, 87.0918579102, 16.2385997772, 19.8982276917, 26.4237689972, -40.533405304, 37.4704475403, 38.8056526184], [862.378173828, 121.43497467, 214.228790283, 612.611022949, 307.329284668, 149.535736084, 156.104476929, 14.50968647, 69.8479766846, 35.1722831726, -86.7986373901, 68.0274353027, 83.7518615723], [436.224609375, 80.8887481689, 174.667404175, 307.329284668, 288.350158691, 91.5350265503, 120.203666687, -0.181501924992, 40.2250823975, 34.2694625854, -51.7957572937, 48.9834442139, 49.9182510376], [331.90145874, 8.33790397644, 78.4979476929, 149.535736084, 91.5350265503, 156.825561523, 73.2301559448, 49.4948959351, 13.5522346497, 17.9480876923, -19.6241760254, 7.66729927063, 20.6692733765], [301.478240967, 75.2066040039, 87.0918579102, 156.104476929, 120.203666687, 73.2301559448, 172.436843872, 43.5224342346, 51.8441162109, 15.3513708115, -39.7837409973, 30.1038742065, 27.1302146912], [176.605728149, 8.38119888306, 16.2385997772, 14.50968647, -0.181501924992, 49.4948959351, 43.5224342346, 115.218780518, 27.3687057495, 15.3172960281, 7.72462129593, -8.60127735138, 5.02413797379], [94.9158859253, 6.64579296112, 19.8982276917, 69.8479766846, 40.2250823975, 13.5522346497, 51.8441162109, 27.3687057495, 92.5749282837, 34.2928504944, -10.4573135376, 10.3927574158, 7.01427221298], [100.975067139, 5.97493934631, 26.4237689972, 35.1722831726, 34.2694625854, 17.9480876923, 15.3513708115, 15.3172960281, 34.2928504944, 80.8281478882, 18.7017822266, 13.2230787277, 6.20936155319], [-103.683616638, -13.8397941589, -40.533405304, -86.7986373901, -51.7957572937, -19.6241760254, -39.7837409973, 7.72462129593, -10.4573135376, 18.7017822266, 78.9633026123, 5.25602674484, -7.16703605652], [131.047927856, 5.84073400497, 37.4704475403, 68.0274353027, 48.9834442139, 7.66729927063, 30.1038742065, -8.60127735138, 10.3927574158, 13.2230787277, 5.25602674484, 73.6342315674, 32.7285385132], [163.517883301, 5.85734462738, 38.8056526184, 83.7518615723, 49.9182510376, 20.6692733765, 27.1302146912, 5.02413797379, 7.01427221298, 6.20936155319, -7.16703605652, 32.7285385132, 69.0352935791]]
        icov: [[0.000984208541922, 0.000654186587781, -0.000396838557208, -0.00129271904007, 0.000313289376209, -0.000168347207364, -0.000559487903956, -0.00119214365259, 0.000867763068527, -0.000641204242129, 4.47406164312e-005, -0.000381477962947, -0.000309847207973], [0.000654186587781, 0.00347481737845, -6.1790458858e-005, -0.00160104199313, -0.000165529359947, 0.00112811266445, -0.00207350286655, -0.000996514922008, 0.00172931852285, -0.000639472680632, -0.000725344580133, 0.00056593096815, 0.000340270518791], [-0.000396838557208, -6.1790458858e-005, 0.00499656749889, 0.000203992967727, -0.00226589199156, -0.000289712595986, -9.83733189059e-005, -0.000144625315443, 0.000681312638335, -0.000567898154259, 0.000920728896745, -0.000511632184498, -1.65635319718e-005], [-0.00129271904007, -0.00160104199313, 0.000203992967727, 0.00634457031265, -0.00340536725707, -0.00205408711918, 0.001523483661, 0.00201096525416, -0.00305060856044, 0.00116216135211, 0.00215714122169, -0.00070335745113, -0.0015188283287], [0.000313289376209, -0.000165529359947, -0.00226589199156, -0.00340536725707, 0.0102125322446, -0.000996492803097, -0.00292420876212, 0.00188176904339, 0.000671736197546, -0.00235434761271, 0.000914286472835, -0.000940397731028, -0.000712687848136], [-0.000168347207364, 0.00112811266445, -0.000289712595986, -0.00205408711918, -0.000996492803097, 0.0115649718791, -0.00290414248593, -0.00382978259586, 0.00339493155479, -0.0014230463421, -0.000620627077296, 0.00211901939474, 0.000349877402186], [-0.000559487903956, -0.00207350286655, -9.83733189059e-005, 0.001523483661, -0.00292420876212, -0.00290414248593, 0.0131149645895, -0.00242321705446, -0.00525879114866, 0.00199262355454, 0.00381204299629, -0.0035474889446, 0.000147082129843], [-0.00119214365259, -0.000996514922008, -0.000144625315443, 0.00201096525416, 0.00188176904339, -0.00382978259586, -0.00242321705446, 0.0143532399088, -0.00415273336694, 0.000503254006617, -0.00297593325377, 0.00354821444489, -0.00137082184665], [0.000867763068527, 0.00172931852285, 0.000681312638335, -0.00305060856044, 0.000671736197546, 0.00339493155479, -0.00525879114866, -0.00415273336694, 0.0182801727206, -0.00758877070621, 0.00180720328353, -0.000169935112353, 0.00107594369911], [-0.000641204242129, -0.000639472680632, -0.000567898154259, 0.00116216135211, -0.00235434761271, -0.0014230463421, 0.00199262355454, 0.000503254006617, -0.00758877070621, 0.0184611100703, -0.00618853792548, -0.000699230004102, 0.000590672949329], [4.47406164312e-005, -0.000725344580133, 0.000920728896745, 0.00215714122169, 0.000914286472835, -0.000620627077296, 0.00381204299629, -0.00297593325377, 0.00180720328353, -0.00618853792548, 0.020191911608, -0.00560248782858, 0.000189540107385], [-0.000381477962947, 0.00056593096815, -0.000511632184498, -0.00070335745113, -0.000940397731028, 0.00211901939474, -0.0035474889446, 0.00354821444489, -0.000169935112353, -0.000699230004102, -0.00560248782858, 0.0212274082005, -0.00738715426996], [-0.000309847207973, 0.000340270518791, -1.65635319718e-005, -0.0015188283287, -0.000712687848136, 0.000349877402186, 0.000147082129843, -0.00137082184665, 0.00107594369911, 0.000590672949329, 0.000189540107385, -0.00738715426996, 0.0208541993052]]
    sccoeffs:
        dmean: [0.0548688620329, 0.0505564622581, 0.0407546423376, 0.0288821998984, 0.0203013457358, 0.0210237149149]
        dmean2: [0.0901236236095, 0.0831259489059, 0.0665446221828, 0.0480436645448, 0.0335688516498, 0.0329963341355]
        dvar: [0.00192302651703, 0.00160045037046, 0.00104876782279, 0.000517366279382, 0.000269585085334, 0.000378173659556]
        dvar2: [0.0051985331811, 0.00418782886118, 0.00266457768157, 0.0013786200434, 0.000699652242474, 0.000861973618157]
        max: [-0.328206419945, -0.419384092093, -0.498296290636, -0.586218595505, -0.611337780952, -0.502978980541]
        mean: [-0.666070461273, -0.750454843044, -0.762568950653, -0.790837168694, -0.788972973824, -0.705561041832]
        median: [-0.672405421734, -0.757396519184, -0.774560689926, -0.795576870441, -0.79205518961, -0.706265687943]
        min: [-0.974043607712, -0.945729494095, -0.948600947857, -0.96263474226, -0.952273190022, -0.942790746689]
        var: [0.00527538638562, 0.004265059717, 0.00451649120077, 0.00164287164807, 0.0010164717678, 0.00173961406108]
    scvalleys:
        dmean: [0.398886829615, 0.348651885986, 0.284128040075, 0.236943840981, 0.19415320456, 0.241818353534]
        dmean2: [0.667309522629, 0.580909669399, 0.469583928585, 0.384168982506, 0.301613390446, 0.353426426649]
        dvar: [0.109809815884, 0.0950049087405, 0.0632769614458, 0.0454155355692, 0.039466060698, 0.0875468999147]
        dvar2: [0.284893810749, 0.234542876482, 0.142304971814, 0.0965993478894, 0.0731860846281, 0.178615435958]
        max: [-5.36714315414, -4.5612821579, -5.09704828262, -5.76527643204, -5.45243167877, -7.29884386063]
        mean: [-7.30925273895, -6.54939174652, -6.70550823212, -6.96226644516, -6.60062456131, -9.77699184418]
        median: [-6.85799980164, -6.51496696472, -6.67921495438, -6.90980768204, -6.35750055313, -9.6590461731]
        min: [-20.3074054718, -21.1719837189, -21.1919631958, -20.3598423004, -20.2619495392, -21.5172367096]
        var: [1.91828131676, 0.286585956812, 0.194290667772, 0.191665798426, 0.459847182035, 0.480779767036]

rhythm:
    beats_loudness:
        dmean: 0.00170448992867
        dmean2: 0.00292966607958
        dvar: 2.07304606192e-006
        dvar2: 5.82101347391e-006
        max: 0.0148764867336
        mean: 0.00635943002999
        median: 0.00663571991026
        min: 0.000129351930809
        var: 6.36594268144e-006
    bpm: 86.5907897949
    bpm_confidence: 0
    first_peak_bpm: 86
    first_peak_spread: 0.439688742161
    first_peak_weight: 0.286282300949
    onset_rate: 3.21991801262
    second_peak_bpm: 172
    second_peak_spread: 0
    second_peak_weight: 0.113320082426
    beats_loudness_band_ratio:
        dmean: [0.0504022538662, 0.0664013400674, 0.11589114368, 0.0944110676646, 0.0945394784212, 0.0884346365929]
        dmean2: [0.0883191302419, 0.117242515087, 0.199711322784, 0.162784487009, 0.162937059999, 0.151143804193]
        dvar: [0.00355653301813, 0.00486151687801, 0.017207140103, 0.0119025278836, 0.00716958893463, 0.00521351443604]
        dvar2: [0.00934756360948, 0.0152501128614, 0.0430546328425, 0.0310998465866, 0.0192920826375, 0.0144309895113]
        max: [0.614423453808, 0.360754609108, 0.883505225182, 0.709002375603, 0.615184485912, 0.76449906826]
        mean: [0.0802097395062, 0.0897368937731, 0.176222026348, 0.143222108483, 0.258646190166, 0.291466295719]
        median: [0.0613980069757, 0.069538205862, 0.0993569493294, 0.0928787440062, 0.244949638844, 0.29371201992]
        min: [9.50078083406e-006, 0.00105563271791, 0.0116901807487, 0.0114816967398, 0.0230622068048, 0.0169134233147]
        var: [0.00516052078456, 0.00573665043339, 0.0295126866549, 0.0153918638825, 0.0109570082277, 0.0140203787014]
    beats_position: [0.371519267559, 0.766258478165, 1.16099774837, 1.53251695633, 1.90403628349, 2.27555561066, 2.65868473053, 3.03020405769, 3.41333317757, 3.78485250473, 4.1679816246, 4.53950119019, 4.8994102478, 5.24770975113, 5.59600877762, 5.9675283432, 6.35065746307, 6.73378658295, 7.11691617966, 7.50004529953, 7.89478445053, 8.28952407837, 8.68426322937, 9.11383247375, 9.54340076447, 9.97297000885, 10.4141492844, 10.8437185287, 11.261677742, 11.6796369553, 12.1092061996, 12.5271654129, 12.9451246262, 13.3630838394, 13.7113828659, 14.0596818924, 14.4079818726, 14.7446708679, 15.1045799255, 15.4644899368, 15.8243989944, 16.1843090057, 16.5442180634, 16.904127121, 17.2640361786, 17.6239452362, 17.9722442627, 18.3205432892, 18.6688423157, 19.0171432495, 19.365442276, 19.7253513336, 20.0736503601, 20.4103393555, 20.758638382, 21.1069393158, 21.4552383423, 21.8035373688, 22.1518363953, 22.5001354218, 22.8484344482, 23.1967334747, 23.5450344086, 23.8933334351, 24.2416324615, 24.589931488, 24.9382305145, 25.2981395721, 25.6580486298, 26.0063495636, 26.3546485901, 26.7029476166, 27.0512466431, 27.3995456696, 27.747844696, 28.0961437225, 28.4444446564, 28.7927436829, 29.1526527405, 29.5125617981, 29.8492507935, 30.1975498199, 30.5458488464, 30.8941497803, 31.2424488068, 31.5907478333, 31.9390468597, 32.2873458862, 32.6472549438, 32.9955558777, 33.3438529968, 33.6805419922, 34.0172348022, 34.3655319214, 34.7138328552, 35.0621299744, 35.4104309082, 35.7587280273, 36.1070289612, 36.455329895, 36.8036270142, 37.1403160095, 37.5002250671, 37.848526001, 38.2084350586, 38.5567321777, 38.9050331116, 39.2533340454, 39.6016311646, 39.9499320984, 40.309841156, 40.6697502136, 41.0296592712, 41.3895683289, 41.7494773865, 42.1093864441, 42.4692955017, 42.8408164978, 43.2007255554, 43.560634613, 43.9321517944, 44.3036727905, 44.6519737244, 45.011882782, 45.3717918396, 45.743309021, 46.1032180786, 46.4631271362, 46.8346481323, 47.2061653137, 47.6821746826, 48.1581840515, 48.6458053589, 49.1218147278, 49.5978240967, 50.0854415894, 50.573059082, 51.0490684509, 51.5250778198, 52.0126991272, 52.5003166199, 52.9763259888, 53.4523353577, 53.9283447266, 54.4159622192, 54.8919715881, 55.3795890808, 55.8672103882, 56.3548278809, 56.8424491882, 57.3184585571, 57.8176841736, 58.2936935425, 58.7697029114, 59.2573242188, 59.7333335876, 60.2093429565, 60.6853485107, 61.2658500671, 61.8347396851, 62.4036254883, 63.1234474182, 63.831653595, 64.5282516479, 65.2364578247, 65.9446716309, 66.6528778076, 67.3494796753, 68.0460739136, 68.7310638428, 69.4276657104, 70.1242599487, 70.8208618164, 71.5174560547, 72.2140579224, 72.91065979, 73.6188659668, 74.3270721436, 75.0236740112, 75.731880188, 76.4168701172, 77.0902481079, 77.7868499756, 78.4834442139, 79.1800460815, 79.8766403198, 80.584854126, 81.2930603027, 81.9896621704, 82.6862564087, 83.3828582764, 84.0794525146, 84.7760543823, 85.4726486206, 86.1692504883, 86.877456665, 87.5856704712, 88.2822647095, 88.9904708862, 89.6754608154, 90.3604507446, 91.0454406738, 91.7420425415, 92.4386367798, 93.1352386475, 93.8318328857, 94.5284347534, 95.2250289917, 95.9216308594, 96.6182327271, 97.3148269653, 98.011428833, 98.7196350098, 99.4278411865, 100.124443054, 100.821044922, 101.51763916, 102.214241028, 102.910835266, 103.607437134, 104.304031372, 105.00063324, 105.697235107, 106.393829346, 107.102035522, 107.810249329, 108.530067444, 109.249885559, 109.969703674, 110.68952179, 111.420951843, 112.152381897, 112.872200012, 113.592018127, 114.311836243, 115.031654358, 115.751472473, 116.471290588, 117.202720642, 117.934150696, 118.653968811, 119.385391235, 120.116821289, 120.825035095, 121.54485321, 122.276275635, 122.99609375, 123.715919495, 124.43573761, 125.167160034, 125.898590088, 126.606803894, 127.338226318, 128.046432495, 128.777862549, 129.497680664, 130.229110718, 130.937316895, 131.668746948, 132.376953125, 133.085174561, 133.793380737, 134.489974976, 135.186569214, 135.883178711, 136.579772949, 137.276367188, 137.972961426, 138.669570923, 139.366165161, 140.062759399, 140.759368896, 141.455963135, 142.152557373, 142.86076355, 143.568969727, 144.265579224, 144.962173462, 145.6587677, 146.355377197, 147.051971436, 147.748565674, 148.445159912, 149.141769409, 149.838363647, 150.534957886, 151.219955444, 151.928161621, 152.624755859, 153.321365356, 154.017959595, 154.714553833, 155.42276001, 156.130966187, 156.839187622, 157.53578186, 158.22076416, 158.917373657, 159.613967896, 160.310562134, 161.007156372, 161.703765869, 162.400360107, 163.096954346, 163.793563843, 164.490158081, 165.186752319, 165.894958496, 166.579956055, 167.276550293, 167.949935913, 168.623306274, 169.285079956, 169.946838379, 170.620223999, 171.293609619, 171.96697998, 172.628753662, 173.290512085, 173.963897705, 174.625671387, 175.28742981, 175.96081543, 176.634185791, 177.307571411, 177.969345093, 178.631103516, 179.304489136, 179.966262817, 180.62802124, 181.289794922, 181.951568604, 182.624938965, 183.286712646, 183.948471069, 184.621856689, 185.29524231, 185.957000732, 186.630386353, 187.292144775, 187.965530396, 188.638900757, 189.300674438, 189.96244812, 190.635818481, 191.297592163, 191.959365845, 192.621124268, 193.282897949, 193.956283569, 194.618041992, 195.291427612, 195.953201294, 196.626571655, 197.299957275, 197.961715698, 198.62348938, 199.296859741, 199.970245361, 200.643630981, 201.305389404, 201.967163086, 202.640533447, 203.313919067, 203.975692749, 204.637451172, 205.310836792, 205.984207153, 206.657592773, 207.342575073, 208.027572632, 208.700942993, 209.374328613, 210.047698975, 210.732696533, 211.417678833, 212.102676392, 212.787658691, 213.48425293, 214.15763855, 214.831008911, 215.51600647, 216.20098877, 216.885986328, 217.570968628, 218.244354248, 218.940948486, 219.625930786, 220.299316406, 220.984298706, 221.680908203, 222.354278564, 223.027664185, 223.701034546, 224.397644043, 225.082626343, 225.767608643, 226.452606201, 227.137588501, 227.82258606, 228.507568359, 229.180953979, 229.842712402, 230.527709961, 231.224304199, 231.920898438, 232.605895996, 233.290878296, 233.975875854, 234.660858154, 235.369064331, 236.077270508, 236.773880005, 237.470474243, 238.167068481, 238.86366272, 239.560272217, 240.268478394, 240.965072632, 241.65007019, 242.358276367, 243.066482544, 243.763076782, 244.459671021, 245.156280518, 245.841262817, 246.537857056, 247.234466553, 247.931060791, 248.616043091, 249.324264526, 250.032470703, 250.729064941, 251.42565918, 252.122268677, 252.830474854, 253.527069092, 254.235275269, 254.931884766, 255.605255127, 256.301849365, 256.998443604, 257.741485596, 258.472930908, 259.204345703, 259.935791016, 260.667205811, 261.387023926, 262.118438721, 262.849884033, 263.418762207, 263.987670898, 264.521728516, 265.044158936, 265.578216553, 266.11227417, 266.634735107, 267.157196045, 267.679626465, 268.213684082, 268.747741699, 269.33984375, 269.943572998, 270.558898926, 271.162628174, 271.766357422, 272.370056152, 272.9737854, 273.565887451, 274.157989502, 274.75012207, 275.319000244, 275.887878418, 276.456787109, 277.025665283, 277.594543457, 278.151824951, 278.709106445, 279.266387939, 279.812072754, 280.357727051, 280.915008545, 281.472290039, 282.017944336, 282.56362915, 283.109283447, 283.666564941, 284.189025879, 284.711456299, 285.222320557, 285.733154297, 286.243988037, 286.754821777, 287.265655518, 287.776489258, 288.287353516, 288.821411133, 289.35546875, 289.994018555, 290.632568359, 291.271118164, 291.898040771, 292.524993896, 293.151916504]
