
metadata:
    version:
        essentia: "2.1-beta2"
    audio_properties:
        analysis_sample_rate: 44100
        bitrate: 320
        channels: 2
        equal_loudness: 1
        length: 253.309387207
        replay_gain: -14.7243995667
        downmix: "mix"
    tags:
        album: "Alive In The Night (Live)"
        artist: "Powerwolf"
        comment: ""
        date: "2012"
        genre: "Power Metal"
        title: "Werewolves Of Armenia"
        tracknumber: "06"

configuration:
    average_loudness:
        compute: 1
        frameSize: 88200
        hopSize: 44100
        silentFrames: "noise"
        windowType: "hann"
    general:
        analysisSampleRate: 44100
        endTime: 2000
        equalLoudness: 1
        nequalLoudness: 0
        shortSound: 0
        startTime: 0
    lowlevel:
        compute: 1
        frameSize: 2048
        hopSize: 1024
        zeroPadding: 0
        silentFrames: "noise"
        windowType: "blackmanharris62"
        mfccStats: ["mean", "cov", "icov"]
        stats: ["mean", "var", "median", "min", "max", "dmean", "dmean2", "dvar", "dvar2"]
    panning:
        compute: 0
        frameSize: 8192
        hopSize: 2048
        zeroPadding: 8192
        silentFrames: "noise"
        windowType: "hann"
        stats: ["copy"]
    rhythm:
        compute: 1
        maxTempo: 208
        minTempo: 40
        method: "degara"
        stats: ["mean", "var", "median", "min", "max", "dmean", "dmean2", "dvar", "dvar2"]
    segmentation:
        compute: 0
        cpw: 5
        inc1: 300
        inc2: 50
        minimumSegmentsLength: 10
        size1: 1000
        size2: 600
    sfx:
        compute: 1
        stats: ["mean", "var", "median", "min", "max", "dmean", "dmean2", "dvar", "dvar2"]
    svm:
        compute: 0
    tonal:
        compute: 1
        frameSize: 4096
        hopSize: 2048
        zeroPadding: 0
        silentFrames: "noise"
        windowType: "blackmanharris62"
        stats: ["mean", "var", "median", "min", "max", "dmean", "dmean2", "dvar", "dvar2"]

lowlevel:
    average_loudness: 0.923562467098
    barkbands_kurtosis:
        dmean: 0.840524494648
        dmean2: 1.36391043663
        dvar: 1.7034535408
        dvar2: 4.44328165054
        max: 34.4166946411
        mean: -0.311173319817
        median: -0.983379840851
        min: -1.87697780132
        var: 3.95138049126
    barkbands_skewness:
        dmean: 0.411710500717
        dmean2: 0.631875932217
        dvar: 0.121442340314
        dvar2: 0.297717362642
        max: 5.07310771942
        mean: -0.0932585522532
        median: -0.228533267975
        min: -2.70617318153
        var: 0.991843104362
    barkbands_spread:
        dmean: 4.99391555786
        dmean2: 7.97113323212
        dvar: 19.9202289581
        dvar2: 50.5265617371
        max: 69.0205688477
        mean: 29.7333602905
        median: 30.2325267792
        min: 2.66017389297
        var: 98.1869812012
    dissonance:
        dmean: 0.0129819689319
        dmean2: 0.0220908205956
        dvar: 0.000215672000195
        dvar2: 0.000608774716966
        max: 0.500000119209
        mean: 0.476285755634
        median: 0.483718752861
        min: 0.257129579782
        var: 0.0005112864892
    hfc:
        dmean: 2.83032560349
        dmean2: 4.42540454865
        dvar: 10.2861976624
        dvar2: 25.0949783325
        max: 44.9564628601
        mean: 11.1229496002
        median: 11.2189664841
        min: 2.41633080732e-012
        var: 41.4056358337
    pitch:
        dmean: 805.036499023
        dmean2: 1551.41271973
        dvar: 1727900.625
        dvar2: 4271673
        max: 4815.19482422
        mean: 1739.85974121
        median: 549.331176758
        min: 67.1241760254
        var: 2658763.75
    pitch_instantaneous_confidence:
        dmean: 0.0764704495668
        dmean2: 0.125003233552
        dvar: 0.00408389093354
        dvar2: 0.0104160988703
        max: 0.924589931965
        mean: 0.422989845276
        median: 0.385237932205
        min: 0.136822462082
        var: 0.0251017939299
    pitch_salience:
        dmean: 0.0574355758727
        dmean2: 0.0936463847756
        dvar: 0.00256829499267
        dvar2: 0.00645311595872
        max: 0.954024612904
        mean: 0.671821534634
        median: 0.69536370039
        min: 0.14664286375
        var: 0.00970179215074
    silence_rate_20dB:
        dmean: 0
        dmean2: 0
        dvar: 0
        dvar2: 0
        max: 1
        mean: 1
        median: 1
        min: 1
        var: 0
    silence_rate_30dB:
        dmean: 0
        dmean2: 0
        dvar: 0
        dvar2: 0
        max: 1
        mean: 1
        median: 1
        min: 1
        var: 0
    silence_rate_60dB:
        dmean: 0.0538955070078
        dmean2: 0.107800900936
        dvar: 0.050988458097
        dvar2: 0.118347063661
        max: 1
        mean: 0.153148204088
        median: 0
        min: 0
        var: 0.129681125283
    spectral_centroid:
        dmean: 264.244537354
        dmean2: 412.253143311
        dvar: 57947.2382813
        dvar2: 137854.171875
        max: 3894.25488281
        mean: 1903.95947266
        median: 1985.88208008
        min: 276.227416992
        var: 392531.34375
    spectral_complexity:
        dmean: 4.39175081253
        dmean2: 6.76908969879
        dvar: 18.3908042908
        dvar2: 40.0138473511
        max: 52
        mean: 20.247549057
        median: 22
        min: 0
        var: 112.95375061
    spectral_crest:
        dmean: 2.0261490345
        dmean2: 3.30516910553
        dvar: 3.71411085129
        dvar2: 9.42029762268
        max: 24.5075340271
        mean: 7.62550640106
        median: 6.50707674026
        min: 2.5845451355
        var: 12.869099617
    spectral_decrease:
        dmean: 2.63797678146e-010
        dmean2: 4.12935491356e-010
        dvar: 6.78536062607e-020
        dvar2: 1.62806334398e-019
        max: -1.06330523549e-022
        mean: -1.18788923142e-009
        median: -1.18649134961e-009
        min: -3.239641444e-009
        var: 2.75614408754e-019
    spectral_energy:
        dmean: 0.00120967964176
        dmean2: 0.00188475241885
        dvar: 1.42093517752e-006
        dvar2: 3.4054128264e-006
        max: 0.0157192889601
        mean: 0.00549225974828
        median: 0.00552865676582
        min: 6.20483926995e-016
        var: 6.08554682913e-006
    spectral_energyband_high:
        dmean: 0.000236394844251
        dmean2: 0.000389581633499
        dvar: 1.22303902117e-007
        dvar2: 3.26922361182e-007
        max: 0.00512223923579
        mean: 0.000586130830925
        median: 0.000542926951312
        min: 3.12927693215e-016
        var: 2.39009466441e-007
    spectral_energyband_low:
        dmean: 0.000137747629196
        dmean2: 0.000225448966376
        dvar: 3.63203653819e-008
        dvar2: 8.97312730785e-008
        max: 0.00291384197772
        mean: 0.000229630211834
        median: 0.000147069164086
        min: 2.01997479736e-019
        var: 7.35533518537e-008
    spectral_energyband_middle_high:
        dmean: 0.000757062924094
        dmean2: 0.00116550561506
        dvar: 5.96929226049e-007
        dvar2: 1.39394535381e-006
        max: 0.0130015900359
        mean: 0.00297769228928
        median: 0.00293230079114
        min: 3.06817885748e-016
        var: 3.26311146637e-006
    spectral_energyband_middle_low:
        dmean: 0.000680876895785
        dmean2: 0.00108300009742
        dvar: 6.48360469313e-007
        dvar2: 1.62411402016e-006
        max: 0.0119295073673
        mean: 0.00179196952377
        median: 0.00146370078437
        min: 1.05601648942e-017
        var: 1.72326269876e-006
    spectral_flatness_db:
        dmean: 0.0130831664428
        dmean2: 0.0205518342555
        dvar: 0.000146492981003
        dvar2: 0.000351878174115
        max: 0.333947986364
        mean: 0.152851089835
        median: 0.142625942826
        min: 0.0718073621392
        var: 0.00130587955937
    spectral_flux:
        dmean: 0.00729792099446
        dmean2: 0.0111712478101
        dvar: 4.69409751531e-005
        dvar2: 0.000101735473436
        max: 0.0985420122743
        mean: 0.0438860915601
        median: 0.0452482365072
        min: 2.87270904664e-005
        var: 0.000204268391826
    spectral_kurtosis:
        dmean: 1.06485009193
        dmean2: 1.83530819416
        dvar: 1.09609854221
        dvar2: 3.28910660744
        max: 18.6996307373
        mean: 3.75554919243
        median: 3.34566998482
        min: -0.461131721735
        var: 3.36624670029
    spectral_rms:
        dmean: 0.000252590485616
        dmean2: 0.000388337677578
        dvar: 5.16385831872e-008
        dvar2: 1.18044290787e-007
        max: 0.00391610665247
        mean: 0.00223539001308
        median: 0.00232245819643
        min: 7.780425193e-010
        var: 3.61311663255e-007
    spectral_rolloff:
        dmean: 318.938537598
        dmean2: 527.193115234
        dvar: 164956.890625
        dvar2: 403643.375
        max: 5792.43164063
        mean: 3386.53369141
        median: 3639.11132813
        min: 236.865234375
        var: 796602.8125
    spectral_skewness:
        dmean: 0.163349062204
        dmean2: 0.271570295095
        dvar: 0.0205467902124
        dvar2: 0.0568203516304
        max: 3.3158557415
        mean: 1.26855647564
        median: 1.17420065403
        min: 0.363135516644
        var: 0.143783137202
    spectral_spread:
        dmean: 359805.90625
        dmean2: 533389.5625
        dvar: 213673787392
        dvar2: 395861655552
        max: 14302849
        mean: 4091444.25
        median: 3932354
        min: 1895698.625
        var: 854498607104
    spectral_strongpeak:
        dmean: 0.580142438412
        dmean2: 0.994377851486
        dvar: 0.671375155449
        dvar2: 1.73613154888
        max: 12.1974153519
        mean: 0.955122232437
        median: 0.572457849979
        min: 1.08226522855e-007
        var: 1.15072262287
    zerocrossingrate:
        dmean: 0.00789346266538
        dmean2: 0.0096268709749
        dvar: 5.7741166529e-005
        dvar2: 7.93225844973e-005
        max: 0.474609375
        mean: 0.103134073317
        median: 0.109375
        min: 0.01806640625
        var: 0.000787311000749
    barkbands:
        dmean: [3.05732470451e-007, 3.9629980165e-005, 9.22602630453e-005, 7.13584740879e-005, 0.000316313933581, 0.000138355942909, 0.000173118969542, 0.00016486417735, 0.000204048410524, 0.000146930397023, 7.10247768438e-005, 5.63867142773e-005, 4.12968911405e-005, 5.05536008859e-005, 4.68581129098e-005, 0.000111218367238, 0.000204291020054, 0.000177807858563, 0.000345524051227, 0.000218627174036, 0.00011928845197, 3.15135148412e-005, 4.89888770971e-006, 1.02983892702e-006, 5.32600097358e-007, 2.65883493e-008, 3.35597882817e-010]
        dmean2: [4.09919039157e-007, 6.80321463733e-005, 0.000153823304572, 0.000119059535791, 0.000514297513291, 0.00022908122628, 0.000275628553936, 0.000259699358139, 0.000320957944496, 0.000226555988775, 0.000115481794637, 9.20111488085e-005, 6.93359470461e-005, 8.45552058308e-005, 7.80052068876e-005, 0.000183628522791, 0.0003334794892, 0.000288796960376, 0.000557735271286, 0.000354291900294, 0.000200892332941, 5.52796846023e-005, 8.30894168757e-006, 1.62514982094e-006, 8.02248621312e-007, 3.99130328788e-008, 5.80901438063e-010]
        dvar: [1.62410449672e-013, 3.3945806166e-009, 1.7310169298e-008, 1.10618501026e-008, 2.41170198478e-007, 5.32803738906e-008, 1.55537449587e-007, 1.71570292196e-007, 1.86093487287e-007, 1.14677710883e-007, 2.34952874933e-008, 7.61608465183e-009, 5.16123233041e-009, 6.3565486208e-009, 5.24919530065e-009, 2.23077947226e-008, 6.16207387338e-008, 5.06591320004e-008, 1.49007803429e-007, 7.20641892826e-008, 3.53824418653e-008, 4.11004386081e-009, 1.26895743913e-010, 1.24372829743e-011, 2.71599973414e-012, 5.56073360576e-015, 2.86783259878e-019]
        dvar2: [2.74272846188e-013, 9.28289178859e-009, 4.44091732277e-008, 2.78648837337e-008, 6.39643758404e-007, 1.37302222925e-007, 3.73041132207e-007, 4.084509726e-007, 3.98808936097e-007, 2.43977666514e-007, 5.68840583526e-008, 1.83584134561e-008, 1.36232261028e-008, 1.65883395908e-008, 1.34394442242e-008, 5.8419324489e-008, 1.55973381766e-007, 1.31534406478e-007, 3.79568831477e-007, 1.85740304914e-007, 9.72569722535e-008, 1.14154596886e-008, 3.30352578626e-010, 3.18573847857e-011, 6.39257050072e-012, 1.21873107919e-014, 7.53740209048e-019]
        max: [3.63246226698e-006, 0.000617610116024, 0.00183386192657, 0.00183327007107, 0.00650519831106, 0.00656722392887, 0.00815529376268, 0.0087157478556, 0.0116139287129, 0.0112938992679, 0.00328686251305, 0.00253388122655, 0.00185096519999, 0.00234082806855, 0.00251774583012, 0.00426189089194, 0.00513410149142, 0.00391458068043, 0.0070121390745, 0.00460106926039, 0.00298421503976, 0.00102264026646, 0.000297312246403, 0.000213064180571, 7.14022826287e-005, 2.23864458349e-006, 1.23156800313e-008]
        mean: [4.18836947347e-007, 5.22139634995e-005, 0.000126813858515, 9.21702085179e-005, 0.000473730644444, 0.000223689654376, 0.000294002267765, 0.000271815486485, 0.00038918282371, 0.000288918847218, 0.000118192801892, 9.90540502244e-005, 7.16890572221e-005, 9.01342427824e-005, 9.23301340663e-005, 0.000227431766689, 0.000450998195447, 0.000415402202634, 0.000856450293213, 0.000534089282155, 0.000259165884927, 5.11461330461e-005, 9.38630273595e-006, 2.56664566223e-006, 1.20623269595e-006, 5.21812459908e-008, 4.21878004753e-010]
        median: [1.43324356827e-007, 3.22476917063e-005, 6.85676786816e-005, 4.93658153573e-005, 0.000267598137725, 0.000131862863782, 0.000105108862044, 6.9618341513e-005, 0.000144135730807, 0.000103320067865, 5.5899428844e-005, 6.42641680315e-005, 4.40164512838e-005, 6.14029631834e-005, 6.57143536955e-005, 0.000169116960024, 0.000363832717994, 0.000327406014549, 0.000776943517849, 0.000488516350742, 0.000230227131397, 3.87280597351e-005, 6.53388951832e-006, 1.86845898043e-006, 8.03020839157e-007, 3.04307867793e-008, 2.407805344e-010]
        min: [7.9205548644e-021, 4.04629322991e-020, 8.22468914236e-020, 1.75539707178e-019, 1.21762733587e-018, 2.58029831061e-018, 3.03065596793e-018, 1.93649185253e-018, 1.16462056824e-018, 2.1188553991e-018, 2.26392281941e-018, 1.67171940347e-018, 7.63869366521e-018, 2.00290899633e-017, 1.39360279404e-017, 7.81341819882e-018, 1.59565902945e-017, 1.99329997002e-017, 1.11802287458e-016, 3.31827089381e-016, 3.95831565706e-017, 1.0032490665e-017, 6.79175418937e-018, 7.70641494196e-018, 1.00089697843e-017, 5.9120909315e-019, 4.348240843e-019]
        var: [3.35000907223e-013, 3.87600662677e-009, 2.86167125552e-008, 1.68861387095e-008, 3.39788925885e-007, 9.06468216044e-008, 4.0398595047e-007, 3.81484994705e-007, 5.94926632402e-007, 5.63749040339e-007, 4.84342201901e-008, 1.64486930743e-008, 8.04324429282e-009, 9.8818642158e-009, 1.19158487522e-008, 5.21077154758e-008, 1.67047687682e-007, 1.38947058304e-007, 3.87183376915e-007, 1.93837834672e-007, 5.39963203039e-008, 3.63266239312e-009, 1.44850950679e-010, 1.51769291579e-011, 4.14618166189e-012, 8.37498405587e-015, 3.50239360745e-019]
    frequency_bands:
        dmean: [3.05732470451e-007, 3.9629980165e-005, 9.22602630453e-005, 7.13584740879e-005, 0.000316313933581, 0.000138355942909, 0.000173118969542, 0.00016486417735, 0.000204048410524, 0.000146930397023, 7.10247768438e-005, 5.63867142773e-005, 4.12968911405e-005, 5.05536008859e-005, 4.68581129098e-005, 0.000111218367238, 0.000204291020054, 0.000177807858563, 0.000345524051227, 0.000218627174036, 0.00011928845197, 3.15135148412e-005, 4.89888770971e-006, 1.02983892702e-006, 5.32600097358e-007, 2.65883493e-008, 3.35597882817e-010, 6.53928577954e-011]
        dmean2: [4.09919039157e-007, 6.80321463733e-005, 0.000153823304572, 0.000119059535791, 0.000514297513291, 0.00022908122628, 0.000275628553936, 0.000259699358139, 0.000320957944496, 0.000226555988775, 0.000115481794637, 9.20111488085e-005, 6.93359470461e-005, 8.45552058308e-005, 7.80052068876e-005, 0.000183628522791, 0.0003334794892, 0.000288796960376, 0.000557735271286, 0.000354291900294, 0.000200892332941, 5.52796846023e-005, 8.30894168757e-006, 1.62514982094e-006, 8.02248621312e-007, 3.99130328788e-008, 5.80901438063e-010, 1.21221394034e-010]
        dvar: [1.62410449672e-013, 3.3945806166e-009, 1.7310169298e-008, 1.10618501026e-008, 2.41170198478e-007, 5.32803738906e-008, 1.55537449587e-007, 1.71570292196e-007, 1.86093487287e-007, 1.14677710883e-007, 2.34952874933e-008, 7.61608465183e-009, 5.16123233041e-009, 6.3565486208e-009, 5.24919530065e-009, 2.23077947226e-008, 6.16207387338e-008, 5.06591320004e-008, 1.49007803429e-007, 7.20641892826e-008, 3.53824418653e-008, 4.11004386081e-009, 1.26895743913e-010, 1.24372829743e-011, 2.71599973414e-012, 5.56073360576e-015, 2.86783259878e-019, 7.57313981492e-021]
        dvar2: [2.74272846188e-013, 9.28289178859e-009, 4.44091732277e-008, 2.78648837337e-008, 6.39643758404e-007, 1.37302222925e-007, 3.73041132207e-007, 4.084509726e-007, 3.98808936097e-007, 2.43977666514e-007, 5.68840583526e-008, 1.83584134561e-008, 1.36232261028e-008, 1.65883395908e-008, 1.34394442242e-008, 5.8419324489e-008, 1.55973381766e-007, 1.31534406478e-007, 3.79568831477e-007, 1.85740304914e-007, 9.72569722535e-008, 1.14154596886e-008, 3.30352578626e-010, 3.18573847857e-011, 6.39257050072e-012, 1.21873107919e-014, 7.53740209048e-019, 2.3912605668e-020]
        max: [3.63246226698e-006, 0.000617610116024, 0.00183386192657, 0.00183327007107, 0.00650519831106, 0.00656722392887, 0.00815529376268, 0.0087157478556, 0.0116139287129, 0.0112938992679, 0.00328686251305, 0.00253388122655, 0.00185096519999, 0.00234082806855, 0.00251774583012, 0.00426189089194, 0.00513410149142, 0.00391458068043, 0.0070121390745, 0.00460106926039, 0.00298421503976, 0.00102264026646, 0.000297312246403, 0.000213064180571, 7.14022826287e-005, 2.23864458349e-006, 1.23156800313e-008, 8.87028450691e-010]
        mean: [4.18836947347e-007, 5.22139634995e-005, 0.000126813858515, 9.21702085179e-005, 0.000473730644444, 0.000223689654376, 0.000294002267765, 0.000271815486485, 0.00038918282371, 0.000288918847218, 0.000118192801892, 9.90540502244e-005, 7.16890572221e-005, 9.01342427824e-005, 9.23301340663e-005, 0.000227431766689, 0.000450998195447, 0.000415402202634, 0.000856450293213, 0.000534089282155, 0.000259165884927, 5.11461330461e-005, 9.38630273595e-006, 2.56664566223e-006, 1.20623269595e-006, 5.21812459908e-008, 4.21878004753e-010, 5.05977343357e-011]
        median: [1.43324356827e-007, 3.22476917063e-005, 6.85676786816e-005, 4.93658153573e-005, 0.000267598137725, 0.000131862863782, 0.000105108862044, 6.9618341513e-005, 0.000144135730807, 0.000103320067865, 5.5899428844e-005, 6.42641680315e-005, 4.40164512838e-005, 6.14029631834e-005, 6.57143536955e-005, 0.000169116960024, 0.000363832717994, 0.000327406014549, 0.000776943517849, 0.000488516350742, 0.000230227131397, 3.87280597351e-005, 6.53388951832e-006, 1.86845898043e-006, 8.03020839157e-007, 3.04307867793e-008, 2.407805344e-010, 2.00405907147e-011]
        min: [7.9205548644e-021, 4.04629322991e-020, 8.22468914236e-020, 1.75539707178e-019, 1.21762733587e-018, 2.58029831061e-018, 3.03065596793e-018, 1.93649185253e-018, 1.16462056824e-018, 2.1188553991e-018, 2.26392281941e-018, 1.67171940347e-018, 7.63869366521e-018, 2.00290899633e-017, 1.39360279404e-017, 7.81341819882e-018, 1.59565902945e-017, 1.99329997002e-017, 1.11802287458e-016, 3.31827089381e-016, 3.95831565706e-017, 1.0032490665e-017, 6.79175418937e-018, 7.70641494196e-018, 1.00089697843e-017, 5.9120909315e-019, 4.348240843e-019, 1.09317385096e-019]
        var: [3.35000907223e-013, 3.87600662677e-009, 2.86167125552e-008, 1.68861387095e-008, 3.39788925885e-007, 9.06468216044e-008, 4.0398595047e-007, 3.81484994705e-007, 5.94926632402e-007, 5.63749040339e-007, 4.84342201901e-008, 1.64486930743e-008, 8.04324429282e-009, 9.8818642158e-009, 1.19158487522e-008, 5.21077154758e-008, 1.67047687682e-007, 1.38947058304e-007, 3.87183376915e-007, 1.93837834672e-007, 5.39963203039e-008, 3.63266239312e-009, 1.44850950679e-010, 1.51769291579e-011, 4.14618166189e-012, 8.37498405587e-015, 3.50239360745e-019, 6.16379974623e-021]
    mfcc:
        mean: [-696.142822266, 101.470245361, -57.7543716431, 55.814250946, -25.3000411987, -13.1061668396, -2.72631406784, -0.521979629993, -2.56301188469, -5.33027505875, -6.18436956406, -6.7012181282, -5.53270483017]
        cov: [[2783.43261719, -709.063598633, -249.844711304, 555.239440918, 97.4331207275, 300.177093506, 64.2901535034, 26.8128490448, 143.807922363, 20.2626590729, -138.639556885, 117.446914673, 34.6950721741], [-709.063598633, 525.159667969, 134.42276001, -73.6457366943, -35.3755912781, -118.053657532, -9.42272472382, 25.1275501251, -78.1076965332, 0.0106618888676, 56.6484184265, -43.0841560364, -12.467124939], [-249.844711304, 134.42276001, 411.930236816, 84.60597229, 117.905189514, 34.2100715637, 45.8031616211, -13.0170555115, -20.5289306641, -18.4386062622, -26.6953487396, -9.87167644501, 5.70898675919], [555.239440918, -73.6457366943, 84.60597229, 388.114990234, 150.652481079, 143.152526855, 58.1645927429, -4.68326234818, 43.7544822693, -6.83768701553, -67.2493286133, 44.416934967, 30.7672748566], [97.4331207275, -35.3755912781, 117.905189514, 150.652481079, 183.70715332, 106.173553467, 53.3725547791, -32.1832237244, 17.4236717224, -5.93912935257, -41.8299980164, 19.818107605, 12.4520311356], [300.177093506, -118.053657532, 34.2100715637, 143.152526855, 106.173553467, 202.666732788, 80.4507217407, -16.1363315582, 48.7434577942, -10.4086933136, -62.3842506409, 22.2317466736, 1.73608720303], [64.2901535034, -9.42272472382, 45.8031616211, 58.1645927429, 53.3725547791, 80.4507217407, 111.306854248, 30.4334068298, 38.0814170837, -6.41652441025, -29.4890346527, 9.40596675873, -1.19872736931], [26.8128490448, 25.1275501251, -13.0170555115, -4.68326234818, -32.1832237244, -16.1363315582, 30.4334068298, 107.884803772, 23.3077297211, 6.89349985123, 11.8262262344, -9.91326236725, -5.55112266541], [143.807922363, -78.1076965332, -20.5289306641, 43.7544822693, 17.4236717224, 48.7434577942, 38.0814170837, 23.3077297211, 88.8907089233, 21.6703491211, -17.5499305725, 13.6091327667, -0.151718601584], [20.2626590729, 0.0106618888676, -18.4386062622, -6.83768701553, -5.93912935257, -10.4086933136, -6.41652441025, 6.89349985123, 21.6703491211, 60.4819374084, 25.7088184357, 5.69208335876, -0.821905076504], [-138.639556885, 56.6484184265, -26.6953487396, -67.2493286133, -41.8299980164, -62.3842506409, -29.4890346527, 11.8262262344, -17.5499305725, 25.7088184357, 78.2301483154, 6.46630239487, 1.17172837257], [117.446914673, -43.0841560364, -9.87167644501, 44.416934967, 19.818107605, 22.2317466736, 9.40596675873, -9.91326236725, 13.6091327667, 5.69208335876, 6.46630239487, 62.6076774597, 29.7724647522], [34.6950721741, -12.467124939, 5.70898675919, 30.7672748566, 12.4520311356, 1.73608720303, -1.19872736931, -5.55112266541, -0.151718601584, -0.821905076504, 1.17172837257, 29.7724647522, 58.2260093689]]
        icov: [[0.000957609328907, 0.00100486900192, 0.000332493509632, -0.00140082731377, 0.000776098575443, -0.000330827140715, 9.51905240072e-005, -0.00051469594473, 0.000587159243878, -0.000664905586746, 0.000538132851943, -0.000617484212853, 0.000445991841843], [0.00100486900192, 0.00407573673874, -0.00059428421082, -0.00179545267019, 0.00114391790703, 0.00108888652176, -0.00150112016127, -0.000704702280927, 0.00263782916591, -0.00108499021735, -0.00102687836625, 0.000871726020705, 0.000472212996101], [0.000332493509632, -0.00059428421082, 0.00370605825447, -0.000573772471398, -0.00213964213617, 0.000381038029445, -0.000758915382903, -9.72649504547e-005, 0.000687443825882, 0.000125140373711, 0.000757584057283, 0.000460889219539, -0.000211588441744], [-0.00140082731377, -0.00179545267019, -0.000573772471398, 0.00687949825078, -0.00390212936327, -0.00124470808078, 0.00136694731191, -0.000905514229089, -0.00129406328779, 0.000542223569937, 0.00178305723239, -0.00143562140875, -0.00161277910229], [0.000776098575443, 0.00114391790703, -0.00213964213617, -0.00390212936327, 0.0128265544772, -0.00305265770294, -0.00258548581041, 0.0029722978361, 0.00123666657601, -0.00179564009886, 0.000366818421753, -0.00040879327571, -0.000188168240129], [-0.000330827140715, 0.00108888652176, 0.000381038029445, -0.00124470808078, -0.00305265770294, 0.0123643921688, -0.0060132839717, 0.00247462792322, -0.0015054839896, 0.000416100432631, 0.00282434280962, -0.000634464318864, 0.00171646452509], [9.51905240072e-005, -0.00150112016127, -0.000758915382903, 0.00136694731191, -0.00258548581041, -0.0060132839717, 0.0181467514485, -0.00620632292703, -0.00421475525945, 0.00202768505551, 0.00239831162617, -0.00305770803243, 0.00102094630711], [-0.00051469594473, -0.000704702280927, -9.72649504547e-005, -0.000905514229089, 0.0029722978361, 0.00247462792322, -0.00620632292703, 0.0140154333785, -0.00390732707456, 0.0010725291213, -0.00365241314285, 0.00394793832675, -0.00079740723595], [0.000587159243878, 0.00263782916591, 0.000687443825882, -0.00129406328779, 0.00123666657601, -0.0015054839896, -0.00421475525945, -0.00390732707456, 0.0204133763909, -0.00922970473766, 0.0045423367992, -0.00285628158599, 0.00144444662146], [-0.000664905586746, -0.00108499021735, 0.000125140373711, 0.000542223569937, -0.00179564009886, 0.000416100432631, 0.00202768505551, 0.0010725291213, -0.00922970473766, 0.0243350695819, -0.0100732035935, 0.00109190307558, 0.000344547821442], [0.000538132851943, -0.00102687836625, 0.000757584057283, 0.00178305723239, 0.000366818421753, 0.00282434280962, 0.00239831162617, -0.00365241314285, 0.0045423367992, -0.0100732035935, 0.025172168389, -0.00836104247719, 0.00161981198471], [-0.000617484212853, 0.000871726020705, 0.000460889219539, -0.00143562140875, -0.00040879327571, -0.000634464318864, -0.00305770803243, 0.00394793832675, -0.00285628158599, 0.00109190307558, -0.00836104247719, 0.0274294670671, -0.0121613945812], [0.000445991841843, 0.000472212996101, -0.000211588441744, -0.00161277910229, -0.000188168240129, 0.00171646452509, 0.00102094630711, -0.00079740723595, 0.00144444662146, 0.000344547821442, 0.00161981198471, -0.0121613945812, 0.0240112915635]]
    sccoeffs:
        dmean: [0.0562998242676, 0.0495016388595, 0.0382971651852, 0.027296602726, 0.0193711835891, 0.0201082583517]
        dmean2: [0.09144115448, 0.0814039930701, 0.0633503496647, 0.0461889319122, 0.0323060117662, 0.0321935713291]
        dvar: [0.00194553891197, 0.00150334672071, 0.000931370304897, 0.000439005438238, 0.000236957130255, 0.00033282826189]
        dvar2: [0.00507962051779, 0.00409841304645, 0.00246416125447, 0.00124517991208, 0.000637578486931, 0.000815854233224]
        max: [-0.368822932243, -0.428916424513, -0.477797865868, -0.639319419861, -0.61190867424, -0.591583073139]
        mean: [-0.663382589817, -0.737429916859, -0.779406964779, -0.80534183979, -0.788370490074, -0.726759254932]
        median: [-0.666095435619, -0.748862624168, -0.793067753315, -0.80896282196, -0.792354404926, -0.72041708231]
        min: [-0.927521944046, -0.982893228531, -0.983133494854, -0.964549422264, -0.94166380167, -0.941909372807]
        var: [0.00490752374753, 0.00591964647174, 0.00412772828713, 0.00123661325779, 0.00131400616374, 0.00200286088511]
    scvalleys:
        dmean: [0.390077203512, 0.341387659311, 0.284761548042, 0.238573566079, 0.198712661862, 0.19507625699]
        dmean2: [0.651193976402, 0.574536085129, 0.468116998672, 0.392354100943, 0.307918518782, 0.289615511894]
        dvar: [0.105248250067, 0.0873334929347, 0.0671434625983, 0.051795385778, 0.0432666018605, 0.0567388124764]
        dvar2: [0.268662124872, 0.213263332844, 0.145285576582, 0.103433087468, 0.0743571147323, 0.100666515529]
        max: [-5.46423387527, -4.85728263855, -5.39536237717, -5.51300144196, -5.4259724617, -7.48694801331]
        mean: [-7.07056093216, -6.43900918961, -6.69338655472, -7.03853702545, -6.67217302322, -9.70956230164]
        median: [-6.80576133728, -6.41277217865, -6.64822149277, -6.9317650795, -6.37983751297, -9.54997444153]
        min: [-23.0995368958, -21.3375549316, -21.6288433075, -21.2292060852, -20.8430252075, -22.5984687805]
        var: [0.911637425423, 0.257237672806, 0.240210205317, 0.357591420412, 0.617063522339, 0.457742422819]

rhythm:
    beats_loudness:
        dmean: 0.00184867857024
        dmean2: 0.00329350214452
        dvar: 2.95766244562e-006
        dvar2: 9.22078197618e-006
        max: 0.0139454379678
        mean: 0.00638708937913
        median: 0.00646336050704
        min: 0.000169565333636
        var: 5.31909290657e-006
    bpm: 146.049880981
    bpm_confidence: 0
    first_peak_bpm: 148
    first_peak_spread: 0.417721509933
    first_peak_weight: 0.486772477627
    onset_rate: 2.71999406815
    second_peak_bpm: 86
    second_peak_spread: 0.196078464389
    second_peak_weight: 0.0723104029894
    beats_loudness_band_ratio:
        dmean: [0.0699763968587, 0.10760910064, 0.112974926829, 0.0742648467422, 0.0847933441401, 0.0907340571284]
        dmean2: [0.126664146781, 0.192655935884, 0.202322885394, 0.132260009646, 0.146602466702, 0.160865694284]
        dvar: [0.00385510316119, 0.0113974781707, 0.0175439417362, 0.00961564760655, 0.00460787536576, 0.00564093794674]
        dvar2: [0.0103434659541, 0.0337076224387, 0.0499068237841, 0.0280453991145, 0.0127011621371, 0.0166377481073]
        max: [0.531394779682, 0.792308390141, 0.888024806976, 0.851379036903, 0.662435770035, 0.694986701012]
        mean: [0.100529007614, 0.143758833408, 0.180573895574, 0.106188431382, 0.243178784847, 0.288277357817]
        median: [0.0890074819326, 0.120793566108, 0.110239587724, 0.0731401070952, 0.243216574192, 0.297787755728]
        min: [1.90142382053e-005, 0.000723704812117, 0.0148951755837, 0.0160242915154, 0.011839854531, 0.00983897037804]
        var: [0.0063329837285, 0.0143270492554, 0.0318321958184, 0.0106532853097, 0.0113837197423, 0.0148059278727]
    beats_position: [0.568888902664, 1.16099774837, 1.75310659409, 2.34521532059, 2.93732428551, 3.52943301201, 4.12154197693, 4.72526073456, 5.32897949219, 5.93269824982, 6.53641700745, 7.14013576508, 7.81351470947, 8.498503685, 9.2067117691, 9.90331077576, 10.5882987976, 11.2848978043, 11.9814968109, 12.6780948639, 13.3746938705, 14.0712919235, 14.7678909302, 15.4644899368, 16.1610889435, 16.8692970276, 17.5775051117, 18.2857131958, 18.9939231873, 19.6905212402, 20.3871192932, 21.0837192535, 21.7919273376, 22.5001354218, 23.2083435059, 23.9165534973, 24.6363716125, 25.3445796967, 26.0411777496, 26.73777771, 27.4343757629, 28.1309738159, 28.7927436829, 29.4545116425, 30.1627197266, 30.870929718, 31.5791378021, 32.2873458862, 32.9723358154, 33.6573219299, 34.3539237976, 35.0389099121, 35.7355079651, 36.4321098328, 37.1403160095, 37.848526001, 38.5567321777, 39.2533340454, 39.9499320984, 40.6349182129, 41.3315200806, 42.0281181335, 42.7247161865, 43.3980941772, 44.071472168, 44.7216300964, 45.3717918396, 46.0219497681, 46.5095672607, 47.0087966919, 47.508026123, 47.9492073059, 48.3903846741, 48.8315620422, 49.2611312866, 49.7023124695, 50.1318817139, 50.5498390198, 50.9678001404, 51.3857574463, 51.8153266907, 52.2448959351, 52.6628570557, 53.0808143616, 53.4987754822, 53.9167327881, 54.3230819702, 54.7294311523, 55.1357803345, 55.5421295166, 55.9600906372, 56.3780479431, 56.7960090637, 57.2139663696, 57.6203155518, 58.0382766724, 58.4446258545, 58.8509750366, 59.2573242188, 59.6636734009, 60.070022583, 60.4879798889, 60.894329071, 61.3006782532, 61.7070274353, 62.1249885559, 62.531337738, 62.9492950439, 63.3672561646, 63.7736053467, 64.1915664673, 64.6095199585, 65.0158691406, 65.4222183228, 65.8285675049, 66.2465286255, 66.6644897461, 67.0708389282, 67.4771881104, 67.8835372925, 68.2898864746, 68.6962356567, 69.1025848389, 69.5205459595, 69.9384994507, 70.3564605713, 70.7744216919, 71.180770874, 71.5871200562, 72.0050811768, 72.4114303589, 72.817779541, 73.2357330322, 73.6536941528, 74.060043335, 74.4663925171, 74.8727416992, 75.2790908813, 75.697052002, 76.1034011841, 76.5097503662, 76.9277114868, 77.3340606689, 77.7404098511, 78.1583633423, 78.5647125244, 78.982673645, 79.3890228271, 79.8069839478, 80.2133331299, 80.619682312, 81.0260314941, 81.4323806763, 81.8503417969, 82.2682952881, 82.6746444702, 83.0809936523, 83.4989547729, 83.9169158936, 84.3348770142, 84.7528305054, 85.1475753784, 85.5539245605, 85.9602737427, 86.3782272339, 86.7961883545, 87.2025375366, 87.6088867188, 88.0268478394, 88.4331970215, 88.8511581421, 89.2575073242, 89.6754608154, 90.0818099976, 90.4881591797, 90.9061203003, 91.3124694824, 91.7188186646, 92.1367797852, 92.5431289673, 92.9494781494, 93.36743927, 93.7737884521, 94.1801376343, 94.5980911255, 95.0044403076, 95.4107894897, 95.8287506104, 96.2350997925, 96.6530609131, 97.0594100952, 97.4773712158, 97.8837203979, 98.2900695801, 98.7080230713, 99.1259841919, 99.532333374, 99.9386825562, 100.345031738, 100.75138092, 101.157730103, 101.564079285, 101.982040405, 102.388389587, 102.79473877, 103.21269989, 103.630653381, 104.048614502, 104.466575623, 104.872924805, 105.279273987, 105.697235107, 106.115188599, 106.521537781, 106.927886963, 107.334236145, 107.740585327, 108.146934509, 108.553283691, 108.98285675, 109.400817871, 109.807167053, 110.225120544, 110.643081665, 111.049430847, 111.455780029, 111.862129211, 112.268478394, 112.674827576, 113.081176758, 113.499137878, 113.917098999, 114.323448181, 114.729797363, 115.147750854, 115.554100037, 115.960449219, 116.366798401, 116.773147583, 117.191108704, 117.609069824, 118.015419006, 118.421768188, 118.839729309, 119.246078491, 119.664031982, 120.070381165, 120.476730347, 120.883079529, 121.301040649, 121.71900177, 122.136962891, 122.554916382, 122.961265564, 123.367614746, 123.773963928, 124.18031311, 124.586662292, 124.993011475, 125.410972595, 125.828933716, 126.246894836, 126.653244019, 127.059593201, 127.477546692, 127.883895874, 128.290252686, 128.708206177, 129.114562988, 129.520904541, 129.938858032, 130.356826782, 130.763168335, 131.169525146, 131.575866699, 131.982223511, 132.400177002, 132.806533813, 133.212875366, 133.619232178, 134.02557373, 134.44354248, 134.861495972, 135.267837524, 135.674194336, 136.080535889, 136.498504639, 136.904846191, 137.322814941, 137.740768433, 138.147125244, 138.553466797, 138.971420288, 139.3777771, 139.784118652, 140.190475464, 140.596817017, 141.014785767, 141.432739258, 141.839096069, 142.245437622, 142.663391113, 143.069747925, 143.487701416, 143.894058228, 144.312011719, 144.71836853, 145.124710083, 145.542678833, 145.960632324, 146.366973877, 146.773330688, 147.179672241, 147.586029053, 148.003982544, 148.410339355, 148.828292847, 149.234649658, 149.640991211, 150.047348022, 150.465301514, 150.883255005, 151.301223755, 151.707565308, 152.113922119, 152.520263672, 152.926620483, 153.344573975, 153.750930786, 154.157272339, 154.56362915, 154.969970703, 155.387939453, 155.805892944, 156.223846436, 156.641815186, 157.059768677, 157.477722168, 157.884078979, 158.290420532, 158.696777344, 159.103118896, 159.509475708, 159.915817261, 160.333786011, 160.740127563, 161.146484375, 161.564437866, 161.982406616, 162.388748169, 162.79510498, 163.213058472, 163.631011963, 164.037368774, 164.443710327, 164.850067139, 165.256408691, 165.662765503, 166.069107056, 166.475463867, 166.88180542, 167.29977417, 167.706115723, 168.112472534, 168.530426025, 168.948379517, 169.366348267, 169.784301758, 170.202270508, 170.608612061, 171.014968872, 171.421310425, 171.827667236, 172.234008789, 172.640365601, 173.058319092, 173.476272583, 173.894241333, 174.300582886, 174.718551636, 175.136505127, 175.54284668, 175.96081543, 176.378768921, 176.785125732, 177.191467285, 177.597824097, 178.004165649, 178.422134399, 178.840087891, 179.246429443, 179.652786255, 180.070739746, 180.488708496, 180.906661987, 181.324615479, 181.742584229, 182.148925781, 182.555282593, 182.950012207, 183.34475708, 183.751113892, 184.157455444, 184.575408936, 184.981765747, 185.3881073, 185.80607605, 186.224029541, 186.630386353, 187.048339844, 187.454696655, 187.872650146, 188.278991699, 188.685348511, 189.103302002, 189.509658813, 189.916000366, 190.322357178, 190.72869873, 191.14666748, 191.553009033, 191.959365845, 192.377319336, 192.795272827, 193.213241577, 193.61958313, 194.025939941, 194.443893433, 194.861862183, 195.268203735, 195.674560547, 196.092514038, 196.498855591, 196.905212402, 197.311553955, 197.729522705, 198.147476196, 198.553833008, 198.971786499, 199.38973999, 199.80770874, 200.214050293, 200.620407104, 201.038360596, 201.456329346, 201.862670898, 202.26902771, 202.686981201, 203.093322754, 203.499679565, 203.894424438, 204.31237793, 204.718719482, 205.125076294, 205.531417847, 205.949386597, 206.355728149, 206.762084961, 207.168426514, 207.598007202, 208.004348755, 208.422302246, 208.840270996, 209.246612549, 209.65296936, 210.047698975, 210.454055786, 210.860397339, 211.26675415, 211.673095703, 212.091064453, 212.509017944, 212.926986694, 213.344940186, 213.762893677, 214.169250488, 214.587203979, 214.993560791, 215.411514282, 215.817871094, 216.224212646, 216.630569458, 217.036911011, 217.443267822, 217.849609375, 218.255966187, 218.662307739, 219.08026123, 219.49822998, 219.916183472, 220.345748901, 220.752105713, 221.158447266, 221.564804077, 221.982757568, 222.400726318, 222.807067871, 223.201812744, 223.608154297, 224.014511108, 224.420852661, 224.827209473, 225.233551025, 225.651519775, 226.069473267, 226.487426758, 226.893783569, 227.300125122, 227.718093872, 228.136047363, 228.554016113, 228.971969604, 229.389923096, 229.796279907, 230.20262146, 230.62059021, 231.026931763, 231.433288574, 231.839630127, 232.245986938, 232.652328491, 233.058685303, 233.476638794, 233.882995605, 234.289337158, 234.69569397, 235.113647461, 235.543212891, 235.961181641, 236.379135132, 236.797088623, 237.203445435, 237.609786987, 238.016143799, 238.422485352, 238.840454102, 239.246795654, 239.653152466, 240.059494019, 240.46585083, 240.883804321, 241.301757813, 241.719726563, 242.137680054, 242.544036865, 242.950378418, 243.356735229, 243.763076782, 244.169433594, 244.575775146, 244.993743896, 245.400085449, 245.81803894, 246.224395752, 246.642349243, 247.060317993, 247.478271484, 247.907836914, 248.372238159, 248.836639404, 249.301040649, 249.765441895, 250.22984314, 250.694229126, 251.147018433, 251.599807739, 252.052597046, 252.516998291]
