
metadata:
    version:
        essentia: "2.1-beta2"
    audio_properties:
        analysis_sample_rate: 44100
        bitrate: 320
        channels: 2
        equal_loudness: 1
        length: 355.343658447
        replay_gain: -16.0881099701
        downmix: "mix"
    tags:
        album: "Alive In The Night (Live)"
        artist: "Powerwolf"
        comment: ""
        date: "2012"
        genre: "Power Metal"
        title: "Saturday Satan"
        tracknumber: "09"

configuration:
    average_loudness:
        compute: 1
        frameSize: 88200
        hopSize: 44100
        silentFrames: "noise"
        windowType: "hann"
    general:
        analysisSampleRate: 44100
        endTime: 2000
        equalLoudness: 1
        nequalLoudness: 0
        shortSound: 0
        startTime: 0
    lowlevel:
        compute: 1
        frameSize: 2048
        hopSize: 1024
        zeroPadding: 0
        silentFrames: "noise"
        windowType: "blackmanharris62"
        mfccStats: ["mean", "cov", "icov"]
        stats: ["mean", "var", "median", "min", "max", "dmean", "dmean2", "dvar", "dvar2"]
    panning:
        compute: 0
        frameSize: 8192
        hopSize: 2048
        zeroPadding: 8192
        silentFrames: "noise"
        windowType: "hann"
        stats: ["copy"]
    rhythm:
        compute: 1
        maxTempo: 208
        minTempo: 40
        method: "degara"
        stats: ["mean", "var", "median", "min", "max", "dmean", "dmean2", "dvar", "dvar2"]
    segmentation:
        compute: 0
        cpw: 5
        inc1: 300
        inc2: 50
        minimumSegmentsLength: 10
        size1: 1000
        size2: 600
    sfx:
        compute: 1
        stats: ["mean", "var", "median", "min", "max", "dmean", "dmean2", "dvar", "dvar2"]
    svm:
        compute: 0
    tonal:
        compute: 1
        frameSize: 4096
        hopSize: 2048
        zeroPadding: 0
        silentFrames: "noise"
        windowType: "blackmanharris62"
        stats: ["mean", "var", "median", "min", "max", "dmean", "dmean2", "dvar", "dvar2"]

lowlevel:
    average_loudness: 0.876475095749
    barkbands_kurtosis:
        dmean: 0.773781180382
        dmean2: 1.26245450974
        dvar: 0.760665357113
        dvar2: 1.90110230446
        max: 12.9891519547
        mean: -0.132096558809
        median: -0.624019980431
        min: -1.85699558258
        var: 2.1187479496
    barkbands_skewness:
        dmean: 0.350781053305
        dmean2: 0.558115899563
        dvar: 0.0987986326218
        dvar2: 0.247201308608
        max: 3.16546368599
        mean: -0.557285010815
        median: -0.644908845425
        min: -3.24007749557
        var: 0.738284885883
    barkbands_spread:
        dmean: 4.60222053528
        dmean2: 7.40191507339
        dvar: 20.565776825
        dvar2: 51.8595314026
        max: 64.5697097778
        mean: 25.573184967
        median: 24.1261444092
        min: 4.1611495018
        var: 67.1899337769
    dissonance:
        dmean: 0.0108475759625
        dmean2: 0.0186510160565
        dvar: 0.000148991181049
        dvar2: 0.000421194621595
        max: 0.500000119209
        mean: 0.482752650976
        median: 0.487647414207
        min: 0.354601621628
        var: 0.000250988610787
    hfc:
        dmean: 2.61403775215
        dmean2: 4.20601654053
        dvar: 9.14805030823
        dvar2: 23.6399154663
        max: 43.5589752197
        mean: 12.2327375412
        median: 13.2589664459
        min: 1.15840755262e-016
        var: 63.5733680725
    pitch:
        dmean: 826.973754883
        dmean2: 1598.40087891
        dvar: 1721644.125
        dvar2: 4302530.5
        max: 5141.04150391
        mean: 1316.38317871
        median: 404.537445068
        min: 69.0740280151
        var: 2253276.25
    pitch_instantaneous_confidence:
        dmean: 0.0752477943897
        dmean2: 0.121313907206
        dvar: 0.00389094068669
        dvar2: 0.00967559497803
        max: 0.950032413006
        mean: 0.416704386473
        median: 0.396389186382
        min: 0.112513780594
        var: 0.01767796278
    pitch_salience:
        dmean: 0.0505751110613
        dmean2: 0.082432217896
        dvar: 0.0018185559893
        dvar2: 0.00469571631402
        max: 0.934586524963
        mean: 0.663417041302
        median: 0.677901923656
        min: 0.26660618186
        var: 0.00713575538248
    silence_rate_20dB:
        dmean: 0
        dmean2: 0
        dvar: 0
        dvar2: 0
        max: 1
        mean: 1
        median: 1
        min: 1
        var: 0
    silence_rate_30dB:
        dmean: 0
        dmean2: 0
        dvar: 0
        dvar2: 0
        max: 1
        mean: 1
        median: 1
        min: 1
        var: 0
    silence_rate_60dB:
        dmean: 0.0348928384483
        dmean2: 0.0697902366519
        dvar: 0.0336781516671
        dvar2: 0.0756469070911
        max: 1
        mean: 0.255537420511
        median: 0
        min: 0
        var: 0.190235987306
    spectral_centroid:
        dmean: 234.772949219
        dmean2: 377.839111328
        dvar: 71374.609375
        dvar2: 167633.421875
        max: 10706.2216797
        mean: 2169.65551758
        median: 2292.81469727
        min: 456.878662109
        var: 351444.28125
    spectral_complexity:
        dmean: 3.34095668793
        dmean2: 5.35725021362
        dvar: 10.9038114548
        dvar2: 26.459186554
        max: 49
        mean: 20.3666782379
        median: 23
        min: 0
        var: 122.213577271
    spectral_crest:
        dmean: 1.70019924641
        dmean2: 2.82398319244
        dvar: 2.60058069229
        dvar2: 6.88238811493
        max: 22.0660381317
        mean: 6.78446054459
        median: 6.22441959381
        min: 2.41780138016
        var: 5.76850700378
    spectral_decrease:
        dmean: 2.00417238361e-010
        dmean2: 3.18540777089e-010
        dvar: 4.40294507571e-020
        dvar2: 1.09556840958e-019
        max: -2.82236487036e-029
        mean: -1.09638365053e-009
        median: -1.17021614621e-009
        min: -3.06352521129e-009
        var: 3.37170062163e-019
    spectral_energy:
        dmean: 0.000962325371802
        dmean2: 0.00152787659317
        dvar: 1.0063128002e-006
        dvar2: 2.51834831033e-006
        max: 0.0142762698233
        mean: 0.00524755707011
        median: 0.00564665487036
        min: 1.10929993087e-020
        var: 8.21041066956e-006
    spectral_energyband_high:
        dmean: 0.000241535148234
        dmean2: 0.000405978498748
        dvar: 1.33663263568e-007
        dvar2: 3.63051412933e-007
        max: 0.00456671882421
        mean: 0.000621051294729
        median: 0.000602348707616
        min: 7.82080205241e-021
        var: 2.84961600983e-007
    spectral_energyband_low:
        dmean: 8.71604206623e-005
        dmean2: 0.000144854740938
        dvar: 1.75761645238e-008
        dvar2: 4.61297098298e-008
        max: 0.00200906489044
        mean: 0.000151576517965
        median: 0.000100879369711
        min: 3.57883946821e-023
        var: 3.19182973385e-008
    spectral_energyband_middle_high:
        dmean: 0.000725565070752
        dmean2: 0.00114511547145
        dvar: 6.12357837326e-007
        dvar2: 1.52664404141e-006
        max: 0.0123939970508
        mean: 0.00346192554571
        median: 0.00355983315967
        min: 1.66871208172e-021
        var: 5.16025829711e-006
    spectral_energyband_middle_low:
        dmean: 0.000417488306994
        dmean2: 0.000679146440234
        dvar: 3.6849186813e-007
        dvar2: 9.48037950366e-007
        max: 0.00894288066775
        mean: 0.00110814836808
        median: 0.000894896336831
        min: 3.81032842893e-022
        var: 7.85368740708e-007
    spectral_flatness_db:
        dmean: 0.0126973167062
        dmean2: 0.0198061782867
        dvar: 0.000116693969176
        dvar2: 0.000278890423942
        max: 0.296366661787
        mean: 0.160602390766
        median: 0.157815650105
        min: 0.0431666821241
        var: 0.000731262145564
    spectral_flux:
        dmean: 0.00636938307434
        dmean2: 0.00980514474213
        dvar: 4.098147474e-005
        dvar2: 9.06630448299e-005
        max: 0.102559834719
        mean: 0.040555357933
        median: 0.0433049686253
        min: 1.05323305633e-010
        var: 0.00029919994995
    spectral_kurtosis:
        dmean: 1.19338989258
        dmean2: 2.03259921074
        dvar: 1.28453481197
        dvar2: 3.78700232506
        max: 21.8171520233
        mean: 3.96914935112
        median: 3.67422795296
        min: -1.21741485596
        var: 3.90895366669
    spectral_rms:
        dmean: 0.000200817623409
        dmean2: 0.000315615645377
        dvar: 3.57395180117e-008
        dvar2: 8.62340030494e-008
        max: 0.00373203260824
        mean: 0.0021298432257
        median: 0.00234711146913
        min: 3.28974738076e-012
        var: 5.83346604799e-007
    spectral_rolloff:
        dmean: 286.662322998
        dmean2: 479.617889404
        dvar: 169526.171875
        dvar2: 368319.09375
        max: 18540.0878906
        mean: 3574.12939453
        median: 3746.77734375
        min: 452.197265625
        var: 506886.5625
    spectral_skewness:
        dmean: 0.176920413971
        dmean2: 0.290974676609
        dvar: 0.0282834731042
        dvar2: 0.072365835309
        max: 3.56180024147
        mean: 1.24946904182
        median: 1.1884175539
        min: -0.106944091618
        var: 0.178384050727
    spectral_spread:
        dmean: 420352.15625
        dmean2: 626009.375
        dvar: 454072303616
        dvar2: 756399210496
        max: 42514924
        mean: 3947337
        median: 3673051.5
        min: 1980857.375
        var: 1.61826327757e+012
    spectral_strongpeak:
        dmean: 0.797114551067
        dmean2: 1.34958088398
        dvar: 0.965607881546
        dvar2: 2.47226452827
        max: 11.8234043121
        mean: 1.44538640976
        median: 0.995839774609
        min: 0
        var: 2.04869484901
    zerocrossingrate:
        dmean: 0.00666112732142
        dmean2: 0.00840732082725
        dvar: 5.86456844758e-005
        dvar2: 7.72353887442e-005
        max: 0.51123046875
        mean: 0.113505370915
        median: 0.11962890625
        min: 0.0322265625
        var: 0.000611350056715
    barkbands:
        dmean: [2.04353739264e-007, 2.46732779488e-005, 4.7982797696e-005, 7.28544546291e-005, 0.000179439914064, 0.000120743847219, 7.83818250056e-005, 6.12134608673e-005, 0.000137520110002, 0.000109129177872, 9.04328917386e-005, 6.42126615276e-005, 4.79622867715e-005, 6.17010518909e-005, 8.41271903482e-005, 0.000122540441225, 0.000247911521001, 0.000205232601729, 0.000345327076502, 0.000248387252213, 0.000120602504467, 3.01075633615e-005, 5.4900883697e-006, 1.3368337477e-006, 9.71717213361e-007, 3.82765286133e-008, 3.36802891132e-010]
        dmean2: [2.69532250741e-007, 4.28142084274e-005, 8.17200052552e-005, 0.000119003998407, 0.00030590390088, 0.000197840970941, 0.000128202504129, 9.89057880361e-005, 0.000219141002162, 0.000165188801475, 0.000141440934385, 0.000103407313873, 7.87185344961e-005, 0.000101002915471, 0.000134537680424, 0.00019733949739, 0.000393940397771, 0.000328431458911, 0.000565901456866, 0.000411422835896, 0.000205428601475, 5.27512638655e-005, 9.23729839997e-006, 2.12167969948e-006, 1.53372786826e-006, 5.98187170908e-008, 5.83291859257e-010]
        dvar: [1.29125307452e-013, 1.98455762934e-009, 6.38957242671e-009, 1.66534110946e-008, 1.43671314845e-007, 5.64697764105e-008, 2.74594640359e-008, 3.27452660542e-008, 1.06457868299e-007, 9.25773733229e-008, 5.52067653814e-008, 9.38507316306e-009, 9.63818624911e-009, 1.75975856109e-008, 1.71190439602e-008, 2.938975463e-008, 1.10137349907e-007, 6.74082514251e-008, 1.91609217381e-007, 1.00864653518e-007, 3.88292562548e-008, 4.17598355895e-009, 1.72406075527e-010, 2.83345256979e-011, 1.90562947366e-011, 2.02715228365e-014, 3.57879123334e-019]
        dvar2: [2.111253609e-013, 5.57464474582e-009, 1.70352141282e-008, 4.0872713214e-008, 3.99848374855e-007, 1.47338653278e-007, 6.87090633278e-008, 7.90466074818e-008, 2.53630616953e-007, 1.86028628946e-007, 1.29093109535e-007, 2.38887167825e-008, 2.45851978775e-008, 4.55085782392e-008, 4.27027586625e-008, 7.24823934206e-008, 2.68838164175e-007, 1.68377027876e-007, 5.01156932842e-007, 2.74170588455e-007, 1.08123991538e-007, 1.15543601353e-008, 4.51218479247e-010, 6.9690773985e-011, 4.66035127156e-011, 4.93320357166e-014, 9.52451636253e-019]
        max: [3.52186839336e-006, 0.000451179046649, 0.00143325456884, 0.00256131053902, 0.004339649342, 0.00835379213095, 0.00409239577129, 0.00445222994313, 0.00626181205735, 0.00809659156948, 0.00670746807009, 0.00260551413521, 0.00276904599741, 0.003179353429, 0.00272640585899, 0.0038940331433, 0.00604862673208, 0.00510921142995, 0.0077930954285, 0.00768080493435, 0.00212931982242, 0.000831868266687, 0.000299609731883, 0.000151356201968, 0.00017936770746, 4.51892128694e-006, 9.54583612156e-009]
        mean: [2.66661174919e-007, 3.21857842209e-005, 6.5448199166e-005, 0.000111499939521, 0.000266718387138, 0.000222578601097, 0.000131101245643, 9.09818409127e-005, 0.00023777622846, 0.000194716267288, 0.000173510154127, 0.000130898566567, 8.77860657056e-005, 0.000108506304969, 0.000170360624907, 0.000271243072348, 0.000577391241677, 0.000498349778354, 0.000885682005901, 0.000670145731419, 0.000264120229986, 4.43620847363e-005, 8.21549474495e-006, 2.18776517613e-006, 1.47132107031e-006, 5.443781248e-008, 3.76103453936e-010]
        median: [4.59045033097e-008, 1.54170029418e-005, 3.53171781171e-005, 5.46228111489e-005, 0.000152800552314, 0.000127841878566, 7.13522385922e-005, 3.71431342501e-005, 0.000115233218821, 6.68300490361e-005, 6.52372837067e-005, 8.90365627129e-005, 5.31795631105e-005, 6.75904593663e-005, 0.000110051922093, 0.000207072822377, 0.000469438353321, 0.000403667043429, 0.000805367482826, 0.000615136174019, 0.000242718626396, 3.04356090055e-005, 4.11408746004e-006, 9.46892441789e-007, 4.71866258067e-007, 1.6018276483e-008, 1.78414810703e-010]
        min: [1.16994304245e-023, 1.57599262734e-023, 8.21666001509e-024, 1.5284036466e-023, 4.39286756066e-023, 7.40317308122e-023, 6.81748298659e-023, 2.55894628963e-023, 6.87091916213e-023, 9.53384410328e-023, 6.46825426385e-023, 1.13946439164e-022, 7.22744263944e-023, 6.59073659453e-023, 6.2439697489e-023, 1.59411598088e-022, 1.59743525514e-022, 7.69942190557e-023, 2.22836948879e-022, 3.06697356456e-022, 4.29876989686e-022, 4.38949672646e-022, 5.80118262767e-022, 8.12907152661e-022, 1.32742616593e-021, 1.57734285428e-021, 2.28946165408e-021]
        var: [2.42579800648e-013, 2.12998285676e-009, 8.96482621471e-009, 3.10497547673e-008, 1.48648041431e-007, 9.5343395401e-008, 4.80204498388e-008, 4.7142645343e-008, 1.95453736751e-007, 2.53846337728e-007, 1.90332428929e-007, 2.11876596268e-008, 1.66851368277e-008, 2.29017658171e-008, 3.97564363652e-008, 8.32402164974e-008, 3.19917830893e-007, 2.17027405824e-007, 5.75221690724e-007, 3.91539856537e-007, 6.0293487536e-008, 3.44639206062e-009, 1.90555571322e-010, 3.6104244594e-011, 2.41105503618e-011, 2.31183260334e-014, 3.86412020631e-019]
    frequency_bands:
        dmean: [2.04353739264e-007, 2.46732779488e-005, 4.7982797696e-005, 7.28544546291e-005, 0.000179439914064, 0.000120743847219, 7.83818250056e-005, 6.12134608673e-005, 0.000137520110002, 0.000109129177872, 9.04328917386e-005, 6.42126615276e-005, 4.79622867715e-005, 6.17010518909e-005, 8.41271903482e-005, 0.000122540441225, 0.000247911521001, 0.000205232601729, 0.000345327076502, 0.000248387252213, 0.000120602504467, 3.01075633615e-005, 5.4900883697e-006, 1.3368337477e-006, 9.71717213361e-007, 3.82765286133e-008, 3.36802891132e-010, 6.19929524381e-011]
        dmean2: [2.69532250741e-007, 4.28142084274e-005, 8.17200052552e-005, 0.000119003998407, 0.00030590390088, 0.000197840970941, 0.000128202504129, 9.89057880361e-005, 0.000219141002162, 0.000165188801475, 0.000141440934385, 0.000103407313873, 7.87185344961e-005, 0.000101002915471, 0.000134537680424, 0.00019733949739, 0.000393940397771, 0.000328431458911, 0.000565901456866, 0.000411422835896, 0.000205428601475, 5.27512638655e-005, 9.23729839997e-006, 2.12167969948e-006, 1.53372786826e-006, 5.98187170908e-008, 5.83291859257e-010, 1.1512607534e-010]
        dvar: [1.29125307452e-013, 1.98455762934e-009, 6.38957242671e-009, 1.66534110946e-008, 1.43671314845e-007, 5.64697764105e-008, 2.74594640359e-008, 3.27452660542e-008, 1.06457868299e-007, 9.25773733229e-008, 5.52067653814e-008, 9.38507316306e-009, 9.63818624911e-009, 1.75975856109e-008, 1.71190439602e-008, 2.938975463e-008, 1.10137349907e-007, 6.74082514251e-008, 1.91609217381e-007, 1.00864653518e-007, 3.88292562548e-008, 4.17598355895e-009, 1.72406075527e-010, 2.83345256979e-011, 1.90562947366e-011, 2.02715228365e-014, 3.57879123334e-019, 8.54908772973e-021]
        dvar2: [2.111253609e-013, 5.57464474582e-009, 1.70352141282e-008, 4.0872713214e-008, 3.99848374855e-007, 1.47338653278e-007, 6.87090633278e-008, 7.90466074818e-008, 2.53630616953e-007, 1.86028628946e-007, 1.29093109535e-007, 2.38887167825e-008, 2.45851978775e-008, 4.55085782392e-008, 4.27027586625e-008, 7.24823934206e-008, 2.68838164175e-007, 1.68377027876e-007, 5.01156932842e-007, 2.74170588455e-007, 1.08123991538e-007, 1.15543601353e-008, 4.51218479247e-010, 6.9690773985e-011, 4.66035127156e-011, 4.93320357166e-014, 9.52451636253e-019, 2.75655741935e-020]
        max: [3.52186839336e-006, 0.000451179046649, 0.00143325456884, 0.00256131053902, 0.004339649342, 0.00835379213095, 0.00409239577129, 0.00445222994313, 0.00626181205735, 0.00809659156948, 0.00670746807009, 0.00260551413521, 0.00276904599741, 0.003179353429, 0.00272640585899, 0.0038940331433, 0.00604862673208, 0.00510921142995, 0.0077930954285, 0.00768080493435, 0.00212931982242, 0.000831868266687, 0.000299609731883, 0.000151356201968, 0.00017936770746, 4.51892128694e-006, 9.54583612156e-009, 1.2919687542e-009]
        mean: [2.66661174919e-007, 3.21857842209e-005, 6.5448199166e-005, 0.000111499939521, 0.000266718387138, 0.000222578601097, 0.000131101245643, 9.09818409127e-005, 0.00023777622846, 0.000194716267288, 0.000173510154127, 0.000130898566567, 8.77860657056e-005, 0.000108506304969, 0.000170360624907, 0.000271243072348, 0.000577391241677, 0.000498349778354, 0.000885682005901, 0.000670145731419, 0.000264120229986, 4.43620847363e-005, 8.21549474495e-006, 2.18776517613e-006, 1.47132107031e-006, 5.443781248e-008, 3.76103453936e-010, 4.86252114962e-011]
        median: [4.59045033097e-008, 1.54170029418e-005, 3.53171781171e-005, 5.46228111489e-005, 0.000152800552314, 0.000127841878566, 7.13522385922e-005, 3.71431342501e-005, 0.000115233218821, 6.68300490361e-005, 6.52372837067e-005, 8.90365627129e-005, 5.31795631105e-005, 6.75904593663e-005, 0.000110051922093, 0.000207072822377, 0.000469438353321, 0.000403667043429, 0.000805367482826, 0.000615136174019, 0.000242718626396, 3.04356090055e-005, 4.11408746004e-006, 9.46892441789e-007, 4.71866258067e-007, 1.6018276483e-008, 1.78414810703e-010, 1.63408002407e-011]
        min: [1.16994304245e-023, 1.57599262734e-023, 8.21666001509e-024, 1.5284036466e-023, 4.39286756066e-023, 7.40317308122e-023, 6.81748298659e-023, 2.55894628963e-023, 6.87091916213e-023, 9.53384410328e-023, 6.46825426385e-023, 1.13946439164e-022, 7.22744263944e-023, 6.59073659453e-023, 6.2439697489e-023, 1.59411598088e-022, 1.59743525514e-022, 7.69942190557e-023, 2.22836948879e-022, 3.06697356456e-022, 4.29876989686e-022, 4.38949672646e-022, 5.80118262767e-022, 8.12907152661e-022, 1.32742616593e-021, 1.57734285428e-021, 2.28946165408e-021, 6.28104785228e-022]
        var: [2.42579800648e-013, 2.12998285676e-009, 8.96482621471e-009, 3.10497547673e-008, 1.48648041431e-007, 9.5343395401e-008, 4.80204498388e-008, 4.7142645343e-008, 1.95453736751e-007, 2.53846337728e-007, 1.90332428929e-007, 2.11876596268e-008, 1.66851368277e-008, 2.29017658171e-008, 3.97564363652e-008, 8.32402164974e-008, 3.19917830893e-007, 2.17027405824e-007, 5.75221690724e-007, 3.91539856537e-007, 6.0293487536e-008, 3.44639206062e-009, 1.90555571322e-010, 3.6104244594e-011, 2.41105503618e-011, 2.31183260334e-014, 3.86412020631e-019, 6.78602818667e-021]
    mfcc:
        mean: [-709.044555664, 95.0057067871, -74.0365753174, 50.3593978882, -26.2011165619, -11.1117115021, -3.25897669792, -3.69047665596, -2.85501146317, -8.96017360687, -8.16792297363, -7.52894973755, -4.5040307045]
        cov: [[4012.61108398, 298.680877686, 150.945404053, 1401.15490723, 495.987091064, 390.179107666, 305.113739014, 56.5504493713, 49.2460212708, 5.91688203812, -158.076568604, 50.367351532, 109.456291199], [298.680877686, 867.457458496, 84.7303237915, 284.224121094, 163.576934814, 19.0172748566, 23.3944091797, 11.3189487457, -84.9437255859, -63.4791297913, -5.89123249054, -24.4254665375, 13.8414459229], [150.945404053, 84.7303237915, 413.623352051, 40.5049591064, 97.442489624, 20.0696525574, 7.59112501144, 10.1024198532, -40.4380340576, -4.64764642715, 14.4920959473, 10.9996814728, 7.38862037659], [1401.15490723, 284.224121094, 40.5049591064, 830.631286621, 255.243041992, 221.385482788, 154.029891968, 12.9613008499, 58.9704704285, 9.86875534058, -73.4426727295, 49.8167304993, 51.8027267456], [495.987091064, 163.576934814, 97.442489624, 255.243041992, 210.101593018, 67.0971450806, 53.695022583, -15.2811069489, -0.0573978759348, -11.1369695663, -32.0031890869, 10.0756053925, 20.8596420288], [390.179107666, 19.0172748566, 20.0696525574, 221.385482788, 67.0971450806, 175.375015259, 78.497833252, 23.2061157227, 33.5602798462, 13.2054138184, -27.3893814087, 18.1551914215, 20.0669593811], [305.113739014, 23.3944091797, 7.59112501144, 154.029891968, 53.695022583, 78.497833252, 130.601333618, 31.4196338654, 37.9414024353, 8.34290218353, -17.330827713, 21.0754013062, 12.4956359863], [56.5504493713, 11.3189487457, 10.1024198532, 12.9613008499, -15.2811069489, 23.2061157227, 31.4196338654, 105.948272705, 21.0348777771, 12.2148981094, 18.2088718414, 0.896943688393, 2.56515359879], [49.2460212708, -84.9437255859, -40.4380340576, 58.9704704285, -0.0573978759348, 33.5602798462, 37.9414024353, 21.0348777771, 111.128692627, 36.1440048218, -6.45925617218, 25.0708198547, 9.63231563568], [5.91688203812, -63.4791297913, -4.64764642715, 9.86875534058, -11.1369695663, 13.2054138184, 8.34290218353, 12.2148981094, 36.1440048218, 78.3056640625, 29.5764923096, 12.8549013138, -1.47729277611], [-158.076568604, -5.89123249054, 14.4920959473, -73.4426727295, -32.0031890869, -27.3893814087, -17.330827713, 18.2088718414, -6.45925617218, 29.5764923096, 85.2521057129, 18.7713222504, -3.85626316071], [50.367351532, -24.4254665375, 10.9996814728, 49.8167304993, 10.0756053925, 18.1551914215, 21.0754013062, 0.896943688393, 25.0708198547, 12.8549013138, 18.7713222504, 78.7906265259, 31.6071548462], [109.456291199, 13.8414459229, 7.38862037659, 51.8027267456, 20.8596420288, 20.0669593811, 12.4956359863, 2.56515359879, 9.63231563568, -1.47729277611, -3.85626316071, 31.6071548462, 63.4548950195]]
        icov: [[0.00071603897959, 0.000313600379741, -5.09842429892e-005, -0.00118130876217, -0.000414939626353, 0.000160889787367, -0.000344450294506, -0.000408926571254, 0.000666772422846, -0.000114819464216, 0.000222824979573, 0.000451809843071, -0.00047872212599], [0.000313600379741, 0.00187026709318, 1.18290472528e-005, -0.00119855976664, -0.00104680971708, 0.000642340397462, -0.000124420563225, -0.000708519888576, 0.00134086131584, 0.00105753249954, -0.000886395107955, 0.000973355665337, -0.000495305052027], [-5.09842429892e-005, 1.18290472528e-005, 0.00303534069099, 0.000518443994224, -0.0019934095908, -0.000375583942514, 0.00025099600316, -0.000742782780435, 0.00124509504531, -0.00027645326918, -0.000453898246633, -0.000764084048569, 0.000220932954107], [-0.00118130876217, -0.00119855976664, 0.000518443994224, 0.00502188131213, -0.00162716710474, -0.00240867794491, -0.000133553374326, 0.000639210164081, -0.00153004238382, -0.000736239424441, 0.00102692865767, -0.00199357746169, 0.000706667080522], [-0.000414939626353, -0.00104680971708, -0.0019934095908, -0.00162716710474, 0.0101941563189, -9.10450689844e-005, -0.00132639333606, 0.00257387454621, -0.00061818578979, 0.000373281218344, 0.000735288194846, 0.000571465818211, -0.000798067776486], [0.000160889787367, 0.000642340397462, -0.000375583942514, -0.00240867794491, -9.10450689844e-005, 0.0104082999751, -0.00328110274859, -0.00130599655677, 0.000294750876492, -0.00123636855278, 0.00157336064149, 0.0003635584726, -0.00112920789979], [-0.000344450294506, -0.000124420563225, 0.00025099600316, -0.000133553374326, -0.00132639333606, -0.00328110274859, 0.0128967361525, -0.00291718263179, -0.00229009590112, 0.000448873179266, 0.00115925900172, -0.0024411440827, 0.00139750191011], [-0.000408926571254, -0.000708519888576, -0.000742782780435, 0.000639210164081, 0.00257387454621, -0.00130599655677, -0.00291718263179, 0.0123963514343, -0.00282013788819, 0.000627586501651, -0.00383511697873, 0.00243799528107, -0.000939929159358], [0.000666772422846, 0.00134086131584, 0.00124509504531, -0.00153004238382, -0.00061818578979, 0.000294750876492, -0.00229009590112, -0.00282013788819, 0.0151347108185, -0.00602790806442, 0.00371835473925, -0.00315813627094, -0.000302246684441], [-0.000114819464216, 0.00105753249954, -0.00027645326918, -0.000736239424441, 0.000373281218344, -0.00123636855278, 0.000448873179266, 0.000627586501651, -0.00602790806442, 0.019631518051, -0.00856328848749, 0.00140713888686, 0.000905885186512], [0.000222824979573, -0.000886395107955, -0.000453898246633, 0.00102692865767, 0.000735288194846, 0.00157336064149, 0.00115925900172, -0.00383511697873, 0.00371835473925, -0.00856328848749, 0.0197965577245, -0.00710726669058, 0.00219039525837], [0.000451809843071, 0.000973355665337, -0.000764084048569, -0.00199357746169, 0.000571465818211, 0.0003635584726, -0.0024411440827, 0.00243799528107, -0.00315813627094, 0.00140713888686, -0.00710726669058, 0.020812869072, -0.0094826137647], [-0.00047872212599, -0.000495305052027, 0.000220932954107, 0.000706667080522, -0.000798067776486, -0.00112920789979, 0.00139750191011, -0.000939929159358, -0.000302246684441, 0.000905885186512, 0.00219039525837, -0.0094826137647, 0.0213960725814]]
    sccoeffs:
        dmean: [0.052556309849, 0.0458496212959, 0.0374752208591, 0.0280306525528, 0.0202064067125, 0.0205484703183]
        dmean2: [0.0862650200725, 0.0762479379773, 0.0615444928408, 0.04672582075, 0.0329415276647, 0.0326931811869]
        dvar: [0.00193505454808, 0.00133527978323, 0.000859415857121, 0.00047516336781, 0.000262011017185, 0.00040613260353]
        dvar2: [0.00515827070922, 0.00364013924263, 0.0022847133223, 0.00127791753039, 0.000669346307404, 0.00096293608658]
        max: [-0.306288182735, -0.417396217585, -0.490562736988, -0.590487778187, -0.594675004482, -0.576674699783]
        mean: [-0.66859203577, -0.750613391399, -0.774931609631, -0.77886223793, -0.778626799583, -0.721930742264]
        median: [-0.67823433876, -0.75547683239, -0.783615112305, -0.77950656414, -0.777822494507, -0.715168297291]
        min: [-0.959005177021, -0.966869950294, -0.960739850998, -0.9682046175, -0.960972905159, -0.961494982243]
        var: [0.00692189857364, 0.00381617783569, 0.00353099196218, 0.00193994992878, 0.00160256552044, 0.00318111199886]
    scvalleys:
        dmean: [0.379587858915, 0.330180704594, 0.268507689238, 0.226792365313, 0.186252295971, 0.251172780991]
        dmean2: [0.631923377514, 0.553567588329, 0.448074132204, 0.368373095989, 0.295536875725, 0.360687881708]
        dvar: [0.115855373442, 0.108520098031, 0.0823023840785, 0.0677089840174, 0.0648452267051, 0.105514168739]
        dvar2: [0.270868360996, 0.230704680085, 0.151520088315, 0.112297266722, 0.0975383371115, 0.183947399259]
        max: [-5.58421850204, -4.78183364868, -5.30421543121, -5.72109889984, -5.56149435043, -7.43217802048]
        mean: [-7.62780952454, -6.72062349319, -6.81195020676, -7.07762718201, -6.76212215424, -9.86257553101]
        median: [-7.07981157303, -6.59917211533, -6.76806926727, -6.95265483856, -6.36647176743, -9.82887458801]
        min: [-27.2669734955, -27.4462203979, -27.343542099, -27.354139328, -27.2245769501, -27.3116359711]
        var: [2.65926837921, 0.464679896832, 0.253717005253, 0.353052675724, 0.726339697838, 0.476578354836]

rhythm:
    beats_loudness:
        dmean: 0.00141521624755
        dmean2: 0.00242900755256
        dvar: 1.72192164882e-006
        dvar2: 4.70450413559e-006
        max: 0.0134365884587
        mean: 0.0057295979932
        median: 0.00605178717524
        min: 2.62455305347e-005
        var: 6.97156883689e-006
    bpm: 162.139724731
    bpm_confidence: 0
    first_peak_bpm: 161
    first_peak_spread: 0.269767463207
    first_peak_weight: 0.361334860325
    onset_rate: 2.62281298637
    second_peak_bpm: 148
    second_peak_spread: 0.456066936255
    second_peak_weight: 0.149597242475
    beats_loudness_band_ratio:
        dmean: [0.051994625479, 0.0750730857253, 0.0750664174557, 0.074002340436, 0.0962008237839, 0.0863721370697]
        dmean2: [0.0924639478326, 0.13088029623, 0.130487620831, 0.129359781742, 0.165077567101, 0.148106396198]
        dvar: [0.00263950554654, 0.0066659739241, 0.0080579277128, 0.00800890848041, 0.00652936194092, 0.00562381744385]
        dvar2: [0.00730364210904, 0.0199186168611, 0.0224997848272, 0.0217049904168, 0.0190200153738, 0.0151632865891]
        max: [0.410423904657, 0.768450915813, 0.685588121414, 0.594509840012, 0.785558640957, 0.726156294346]
        mean: [0.0781586542726, 0.105848185718, 0.117925040424, 0.124079503119, 0.298710674047, 0.309030652046]
        median: [0.0552821867168, 0.0749937742949, 0.0669458284974, 0.0814517736435, 0.299875915051, 0.315020233393]
        min: [3.71286769223e-005, 0.000879705068655, 0.0108803426847, 0.0128713697195, 0.0415582843125, 0.0246186871082]
        var: [0.00563656305894, 0.00990647170693, 0.0146661251783, 0.010683234781, 0.0126952296123, 0.0170678328723]
