
metadata:
    version:
        essentia: "2.1-beta2"
    audio_properties:
        analysis_sample_rate: 44100
        bitrate: 320
        channels: 2
        equal_loudness: 1
        length: 419.108581543
        replay_gain: -14.7238788605
        downmix: "mix"
    tags:
        album: "Alive In The Night (Live)"
        artist: "Powerwolf"
        comment: ""
        date: "2012"
        genre: "Power Metal"
        title: "Lupus Dei"
        tracknumber: "10"

configuration:
    average_loudness:
        compute: 1
        frameSize: 88200
        hopSize: 44100
        silentFrames: "noise"
        windowType: "hann"
    general:
        analysisSampleRate: 44100
        endTime: 2000
        equalLoudness: 1
        nequalLoudness: 0
        shortSound: 0
        startTime: 0
    lowlevel:
        compute: 1
        frameSize: 2048
        hopSize: 1024
        zeroPadding: 0
        silentFrames: "noise"
        windowType: "blackmanharris62"
        mfccStats: ["mean", "cov", "icov"]
        stats: ["mean", "var", "median", "min", "max", "dmean", "dmean2", "dvar", "dvar2"]
    panning:
        compute: 0
        frameSize: 8192
        hopSize: 2048
        zeroPadding: 8192
        silentFrames: "noise"
        windowType: "hann"
        stats: ["copy"]
    rhythm:
        compute: 1
        maxTempo: 208
        minTempo: 40
        method: "degara"
        stats: ["mean", "var", "median", "min", "max", "dmean", "dmean2", "dvar", "dvar2"]
    segmentation:
        compute: 0
        cpw: 5
        inc1: 300
        inc2: 50
        minimumSegmentsLength: 10
        size1: 1000
        size2: 600
    sfx:
        compute: 1
        stats: ["mean", "var", "median", "min", "max", "dmean", "dmean2", "dvar", "dvar2"]
    svm:
        compute: 0
    tonal:
        compute: 1
        frameSize: 4096
        hopSize: 2048
        zeroPadding: 0
        silentFrames: "noise"
        windowType: "blackmanharris62"
        stats: ["mean", "var", "median", "min", "max", "dmean", "dmean2", "dvar", "dvar2"]

lowlevel:
    average_loudness: 0.783054828644
    barkbands_kurtosis:
        dmean: 0.743297159672
        dmean2: 1.22874498367
        dvar: 1.22520124912
        dvar2: 3.08991956711
        max: 24.3114318848
        mean: -0.359988868237
        median: -0.885875999928
        min: -1.8528137207
        var: 2.90453648567
    barkbands_skewness:
        dmean: 0.382773578167
        dmean2: 0.611446321011
        dvar: 0.113192237914
        dvar2: 0.280881524086
        max: 4.9338092804
        mean: 0.307859241962
        median: 0.332892268896
        min: -2.16401720047
        var: 0.728801608086
    barkbands_spread:
        dmean: 3.97955465317
        dmean2: 6.43906450272
        dvar: 13.5609397888
        dvar2: 34.8022994995
        max: 59.421787262
        mean: 25.2575874329
        median: 24.3521518707
        min: 2.42967820168
        var: 96.3963775635
    dissonance:
        dmean: 0.0166635923088
        dmean2: 0.0286393705755
        dvar: 0.000319793762174
        dvar2: 0.000908571644686
        max: 0.500000178814
        mean: 0.471837759018
        median: 0.480098456144
        min: 0.282463669777
        var: 0.000676684721839
    hfc:
        dmean: 1.59521150589
        dmean2: 2.51133227348
        dvar: 6.0185008049
        dvar2: 15.1347408295
        max: 40.2293395996
        mean: 7.00339508057
        median: 4.66309928894
        min: 1.16881454352e-016
        var: 42.6395645142
    pitch:
        dmean: 535.165161133
        dmean2: 1029.06262207
        dvar: 1173850
        dvar2: 3023852.5
        max: 5006.93505859
        mean: 969.656616211
        median: 317.815429688
        min: 58.1361732483
        var: 1705343.5
    pitch_instantaneous_confidence:
        dmean: 0.0760380700231
        dmean2: 0.123765185475
        dvar: 0.00418445235118
        dvar2: 0.0102712940425
        max: 0.930833637714
        mean: 0.428628325462
        median: 0.380180001259
        min: 0.099940598011
        var: 0.0330366194248
    pitch_salience:
        dmean: 0.061449918896
        dmean2: 0.100656472147
        dvar: 0.00303726061247
        dvar2: 0.007780009415
        max: 0.953062534332
        mean: 0.655492901802
        median: 0.676905214787
        min: 0.161061391234
        var: 0.0100427176803
    silence_rate_20dB:
        dmean: 0
        dmean2: 0
        dvar: 0
        dvar2: 0
        max: 1
        mean: 1
        median: 1
        min: 1
        var: 0
    silence_rate_30dB:
        dmean: 0
        dmean2: 0
        dvar: 0
        dvar2: 0
        max: 1
        mean: 1
        median: 1
        min: 1
        var: 0
    silence_rate_60dB:
        dmean: 0.0526315793395
        dmean2: 0.105268992484
        dvar: 0.0498569458723
        dvar2: 0.111821651459
        max: 1
        mean: 0.480638206005
        median: 0
        min: 0
        var: 0.249587655067
    spectral_centroid:
        dmean: 234.874099731
        dmean2: 372.072235107
        dvar: 56032.328125
        dvar2: 124706.171875
        max: 11143.7353516
        mean: 1629.17431641
        median: 1555.30517578
        min: 303.548553467
        var: 311322.75
    spectral_complexity:
        dmean: 2.67058181763
        dmean2: 4.25597000122
        dvar: 9.70602416992
        dvar2: 22.2529067993
        max: 49
        mean: 13.4144926071
        median: 10
        min: 0
        var: 113.669837952
    spectral_crest:
        dmean: 2.36462187767
        dmean2: 3.91712021828
        dvar: 5.00265645981
        dvar2: 12.9615945816
        max: 25.4682598114
        mean: 8.00476646423
        median: 6.83203029633
        min: 2.27282619476
        var: 15.2922582626
    spectral_decrease:
        dmean: 2.07329320379e-010
        dmean2: 3.31417004951e-010
        dvar: 6.66445783979e-020
        dvar2: 1.69154958524e-019
        max: 2.01897432834e-029
        mean: -8.95957419367e-010
        median: -7.76159803095e-010
        min: -3.7178742307e-009
        var: 4.53832229487e-019
    spectral_energy:
        dmean: 0.000897798279766
        dmean2: 0.00143085967284
        dvar: 1.24747248265e-006
        dvar2: 3.14924523082e-006
        max: 0.0156237408519
        mean: 0.00401675701141
        median: 0.00339029217139
        min: 1.05252827976e-020
        var: 9.37810182222e-006
    spectral_energyband_high:
        dmean: 0.000123301506392
        dmean2: 0.000204053212656
        dvar: 7.50473461153e-008
        dvar2: 1.9945105123e-007
        max: 0.00528324861079
        mean: 0.00030406829319
        median: 0.000102881516796
        min: 7.51562975972e-021
        var: 1.65889701975e-007
    spectral_energyband_low:
        dmean: 6.94093032507e-005
        dmean2: 0.000112674541015
        dvar: 2.15209219334e-008
        dvar2: 5.40591251763e-008
        max: 0.00305863283575
        mean: 0.000131421067636
        median: 3.92102701881e-005
        min: 1.14251722023e-022
        var: 5.40334958998e-008
    spectral_energyband_middle_high:
        dmean: 0.000488971185405
        dmean2: 0.000764148193412
        dvar: 4.44127465471e-007
        dvar2: 1.0794095715e-006
        max: 0.0128348078579
        mean: 0.00202400167473
        median: 0.00138844456524
        min: 1.5038829151e-021
        var: 3.45965713677e-006
    spectral_energyband_middle_low:
        dmean: 0.000631001428701
        dmean2: 0.00102233851794
        dvar: 8.2358627651e-007
        dvar2: 2.12927648136e-006
        max: 0.0138664469123
        mean: 0.00162679050118
        median: 0.00117397215217
        min: 3.58284315819e-022
        var: 2.56520888797e-006
    spectral_flatness_db:
        dmean: 0.0156166898087
        dmean2: 0.0250137150288
        dvar: 0.000206631637411
        dvar2: 0.000507788616233
        max: 0.381219595671
        mean: 0.174305856228
        median: 0.162002846599
        min: 0.0674564689398
        var: 0.00236935983412
    spectral_flux:
        dmean: 0.00591804785654
        dmean2: 0.00927239842713
        dvar: 4.48032842542e-005
        dvar2: 0.000101268684375
        max: 0.118033245206
        mean: 0.0338442847133
        median: 0.0330601371825
        min: 1.02592802309e-010
        var: 0.000312304036925
    spectral_kurtosis:
        dmean: 1.20560371876
        dmean2: 2.05267119408
        dvar: 1.43760931492
        dvar2: 4.2532916069
        max: 25.3361968994
        mean: 4.23379421234
        median: 3.89567184448
        min: -1.17306697369
        var: 4.8200507164
    spectral_rms:
        dmean: 0.00020709495584
        dmean2: 0.000325666886056
        dvar: 4.65612188805e-008
        dvar2: 1.11670011904e-007
        max: 0.00390418665484
        mean: 0.00179104402196
        median: 0.0018186813686
        min: 3.20446078526e-012
        var: 7.10957579031e-007
    spectral_rolloff:
        dmean: 393.056427002
        dmean2: 650.15246582
        dvar: 217837.21875
        dvar2: 498828.0625
        max: 19164.5507813
        mean: 3007.80737305
        median: 3186.9140625
        min: 236.865234375
        var: 852262.9375
    spectral_skewness:
        dmean: 0.169292747974
        dmean2: 0.278812199831
        dvar: 0.0228355806321
        dvar2: 0.0581935048103
        max: 3.63434815407
        mean: 1.46840214729
        median: 1.47173964977
        min: -0.00331867602654
        var: 0.175351336598
    spectral_spread:
        dmean: 420941.75
        dmean2: 633645.8125
        dvar: 352592396288
        dvar2: 655490678784
        max: 39712624
        mean: 4220919.5
        median: 3884979.75
        min: 1899513.875
        var: 1.8631664599e+012
    spectral_strongpeak:
        dmean: 0.394917786121
        dmean2: 0.671412169933
        dvar: 0.410196304321
        dvar2: 1.0934574604
        max: 10.2417650223
        mean: 0.735306143761
        median: 0.395703285933
        min: 4.39703162769e-009
        var: 0.852613151073
    zerocrossingrate:
        dmean: 0.0076969624497
        dmean2: 0.00944220554084
        dvar: 5.8911540691e-005
        dvar2: 7.58699534344e-005
        max: 0.49609375
        mean: 0.0904420688748
        median: 0.0888671875
        min: 0.02197265625
        var: 0.000676072668284
    barkbands:
        dmean: [8.7350244371e-008, 1.35546115416e-005, 4.80335693283e-005, 5.04868257849e-005, 0.000193449552171, 0.000115725706564, 0.000140101328725, 0.000174934131792, 0.000264875998255, 0.000145924233948, 7.81230119173e-005, 6.93553229212e-005, 4.15460090153e-005, 4.30843465438e-005, 4.25512844231e-005, 6.39655772829e-005, 0.000114377340651, 0.000110746499558, 0.000194697480765, 0.000110009117634, 6.24498788966e-005, 1.85140288522e-005, 3.72453405362e-006, 1.00006218418e-006, 7.41672351978e-007, 3.29426299572e-008, 4.10821848762e-010]
        dmean2: [1.1351696827e-007, 2.31329613598e-005, 7.6606273069e-005, 8.41273867991e-005, 0.000324523163727, 0.000188280915609, 0.000228800854529, 0.00027939901338, 0.000438788236352, 0.000236988751567, 0.000127173945657, 0.000111795656267, 6.82936515659e-005, 7.08434090484e-005, 6.93512120051e-005, 0.000104873579403, 0.000187725163414, 0.000177328518475, 0.000316214020131, 0.00017960704281, 0.000104862956505, 3.17291815009e-005, 6.07190304436e-006, 1.56176270139e-006, 1.10247060547e-006, 4.84843809545e-008, 6.91859569635e-010]
        dvar: [6.31087182837e-014, 1.22224563803e-009, 1.20323653263e-008, 1.29831461138e-008, 1.50015651457e-007, 8.36160651829e-008, 1.38878192502e-007, 1.93105421431e-007, 4.64926387167e-007, 1.6251678403e-007, 3.61120875425e-008, 2.11129336236e-008, 5.95297189321e-009, 9.60173895947e-009, 8.85550033303e-009, 1.27055654886e-008, 4.18032470861e-008, 3.35308065758e-008, 9.8411220506e-008, 4.24205239824e-008, 2.08402219926e-008, 2.68598654429e-009, 1.27820767859e-010, 1.43654454651e-011, 1.01665759145e-011, 1.8803770593e-014, 4.59417270265e-018]
        dvar2: [1.00574266255e-013, 3.43273431902e-009, 2.8590452672e-008, 3.463591014e-008, 4.10128563999e-007, 2.17441112227e-007, 3.4683810668e-007, 4.51923426681e-007, 1.21489767935e-006, 3.88643059068e-007, 9.13466990937e-008, 5.11332807207e-008, 1.46044900617e-008, 2.39894024645e-008, 2.33753976175e-008, 3.27719931192e-008, 1.09460138731e-007, 8.24771007046e-008, 2.61395399548e-007, 1.10908992212e-007, 5.66053550699e-008, 7.13544601183e-009, 3.1110086729e-010, 3.45284842385e-011, 2.32992028448e-011, 3.83790797808e-014, 9.16104017328e-018]
        max: [3.38478275808e-006, 0.000464344862849, 0.00274463742971, 0.00282275117934, 0.00993919745088, 0.00790688116103, 0.00925328116864, 0.010072555393, 0.0130263753235, 0.0118831973523, 0.00627891812474, 0.0062224031426, 0.0025467495434, 0.00294718123041, 0.0044702263549, 0.00292929308489, 0.0095645096153, 0.00441542454064, 0.00521115958691, 0.00462147966027, 0.00231133378111, 0.00129797647242, 0.000591935415287, 0.000157529852004, 0.000134572692332, 4.54174960396e-006, 1.57635511755e-007]
        mean: [1.11519426582e-007, 1.93223131646e-005, 8.35020546219e-005, 7.89931655163e-005, 0.000309035822283, 0.000210451136809, 0.000230166973779, 0.000277001061477, 0.000457700865809, 0.000238628825173, 0.000134653397254, 0.000123140343931, 7.44166463846e-005, 7.51344923628e-005, 8.52654629853e-005, 0.000136342583573, 0.000266978575382, 0.000262560934061, 0.000497106520925, 0.000284787849523, 0.000131653025164, 2.97227579722e-005, 6.68084430799e-006, 2.00616796064e-006, 1.34798438012e-006, 5.77920857836e-008, 4.96430840879e-010]
        median: [1.56627499859e-009, 2.36190362557e-006, 1.60415038408e-005, 2.41851485043e-005, 0.000153373111971, 7.51532861614e-005, 6.95010166964e-005, 7.44455828681e-005, 0.000129462569021, 9.14691772778e-005, 5.61199121876e-005, 6.16407851339e-005, 4.66856290586e-005, 4.11673572671e-005, 4.37136877736e-005, 6.61455997033e-005, 0.000119948061183, 0.00013674798538, 0.000216831467696, 8.94460317795e-005, 4.15224094468e-005, 1.3865427718e-005, 2.46852528107e-006, 5.99842849169e-007, 2.44835746344e-007, 7.71607133743e-009, 1.05482407531e-010]
        min: [3.31480141235e-023, 8.37873401242e-023, 8.76210368851e-024, 4.6180414374e-024, 3.78861304458e-023, 1.13730354385e-022, 7.8600377724e-023, 3.50666532182e-023, 6.7839854282e-023, 7.53738419583e-023, 5.1187379226e-023, 1.25868134304e-022, 1.20336111522e-022, 1.00469356443e-022, 1.20836653233e-022, 1.26041620594e-022, 1.48572952173e-022, 2.03464115391e-022, 2.48005095366e-022, 3.26541285056e-022, 3.33757708886e-022, 5.110714513e-022, 7.79056310802e-022, 8.8764951462e-022, 1.15016586411e-021, 1.54416212768e-021, 2.31354036473e-021]
        var: [1.13569201786e-013, 1.61608593174e-009, 3.16799777522e-008, 2.51083207559e-008, 2.04925214575e-007, 1.61327619708e-007, 3.29105887431e-007, 4.24903305429e-007, 1.11479891984e-006, 3.49407514477e-007, 8.75704841974e-008, 4.96712857512e-008, 1.02062127638e-008, 1.57746065099e-008, 1.97086151843e-008, 3.55234277549e-008, 1.59582086212e-007, 1.07567849739e-007, 3.87894004916e-007, 1.50713759695e-007, 3.53212321613e-008, 2.76656231257e-009, 1.87638404814e-010, 2.33216675138e-011, 1.79033350645e-011, 5.86279953079e-014, 8.82273984635e-018]
    frequency_bands:
        dmean: [8.7350244371e-008, 1.35546115416e-005, 4.80335693283e-005, 5.04868257849e-005, 0.000193449552171, 0.000115725706564, 0.000140101328725, 0.000174934131792, 0.000264875998255, 0.000145924233948, 7.81230119173e-005, 6.93553229212e-005, 4.15460090153e-005, 4.30843465438e-005, 4.25512844231e-005, 6.39655772829e-005, 0.000114377340651, 0.000110746499558, 0.000194697480765, 0.000110009117634, 6.24498788966e-005, 1.85140288522e-005, 3.72453405362e-006, 1.00006218418e-006, 7.41672351978e-007, 3.29426299572e-008, 4.10821848762e-010, 4.66051711112e-011]
        dmean2: [1.1351696827e-007, 2.31329613598e-005, 7.6606273069e-005, 8.41273867991e-005, 0.000324523163727, 0.000188280915609, 0.000228800854529, 0.00027939901338, 0.000438788236352, 0.000236988751567, 0.000127173945657, 0.000111795656267, 6.82936515659e-005, 7.08434090484e-005, 6.93512120051e-005, 0.000104873579403, 0.000187725163414, 0.000177328518475, 0.000316214020131, 0.00017960704281, 0.000104862956505, 3.17291815009e-005, 6.07190304436e-006, 1.56176270139e-006, 1.10247060547e-006, 4.84843809545e-008, 6.91859569635e-010, 8.62884139141e-011]
        dvar: [6.31087182837e-014, 1.22224563803e-009, 1.20323653263e-008, 1.29831461138e-008, 1.50015651457e-007, 8.36160651829e-008, 1.38878192502e-007, 1.93105421431e-007, 4.64926387167e-007, 1.6251678403e-007, 3.61120875425e-008, 2.11129336236e-008, 5.95297189321e-009, 9.60173895947e-009, 8.85550033303e-009, 1.27055654886e-008, 4.18032470861e-008, 3.35308065758e-008, 9.8411220506e-008, 4.24205239824e-008, 2.08402219926e-008, 2.68598654429e-009, 1.27820767859e-010, 1.43654454651e-011, 1.01665759145e-011, 1.8803770593e-014, 4.59417270265e-018, 6.07418837858e-021]
        dvar2: [1.00574266255e-013, 3.43273431902e-009, 2.8590452672e-008, 3.463591014e-008, 4.10128563999e-007, 2.17441112227e-007, 3.4683810668e-007, 4.51923426681e-007, 1.21489767935e-006, 3.88643059068e-007, 9.13466990937e-008, 5.11332807207e-008, 1.46044900617e-008, 2.39894024645e-008, 2.33753976175e-008, 3.27719931192e-008, 1.09460138731e-007, 8.24771007046e-008, 2.61395399548e-007, 1.10908992212e-007, 5.66053550699e-008, 7.13544601183e-009, 3.1110086729e-010, 3.45284842385e-011, 2.32992028448e-011, 3.83790797808e-014, 9.16104017328e-018, 1.94667473668e-020]
        max: [3.38478275808e-006, 0.000464344862849, 0.00274463742971, 0.00282275117934, 0.00993919745088, 0.00790688116103, 0.00925328116864, 0.010072555393, 0.0130263753235, 0.0118831973523, 0.00627891812474, 0.0062224031426, 0.0025467495434, 0.00294718123041, 0.0044702263549, 0.00292929308489, 0.0095645096153, 0.00441542454064, 0.00521115958691, 0.00462147966027, 0.00231133378111, 0.00129797647242, 0.000591935415287, 0.000157529852004, 0.000134572692332, 4.54174960396e-006, 1.57635511755e-007, 1.10552778043e-009]
        mean: [1.11519426582e-007, 1.93223131646e-005, 8.35020546219e-005, 7.89931655163e-005, 0.000309035822283, 0.000210451136809, 0.000230166973779, 0.000277001061477, 0.000457700865809, 0.000238628825173, 0.000134653397254, 0.000123140343931, 7.44166463846e-005, 7.51344923628e-005, 8.52654629853e-005, 0.000136342583573, 0.000266978575382, 0.000262560934061, 0.000497106520925, 0.000284787849523, 0.000131653025164, 2.97227579722e-005, 6.68084430799e-006, 2.00616796064e-006, 1.34798438012e-006, 5.77920857836e-008, 4.96430840879e-010, 3.65440004646e-011]
        median: [1.56627499859e-009, 2.36190362557e-006, 1.60415038408e-005, 2.41851485043e-005, 0.000153373111971, 7.51532861614e-005, 6.95010166964e-005, 7.44455828681e-005, 0.000129462569021, 9.14691772778e-005, 5.61199121876e-005, 6.16407851339e-005, 4.66856290586e-005, 4.11673572671e-005, 4.37136877736e-005, 6.61455997033e-005, 0.000119948061183, 0.00013674798538, 0.000216831467696, 8.94460317795e-005, 4.15224094468e-005, 1.3865427718e-005, 2.46852528107e-006, 5.99842849169e-007, 2.44835746344e-007, 7.71607133743e-009, 1.05482407531e-010, 1.01017623086e-011]
        min: [3.31480141235e-023, 8.37873401242e-023, 8.76210368851e-024, 4.6180414374e-024, 3.78861304458e-023, 1.13730354385e-022, 7.8600377724e-023, 3.50666532182e-023, 6.7839854282e-023, 7.53738419583e-023, 5.1187379226e-023, 1.25868134304e-022, 1.20336111522e-022, 1.00469356443e-022, 1.20836653233e-022, 1.26041620594e-022, 1.48572952173e-022, 2.03464115391e-022, 2.48005095366e-022, 3.26541285056e-022, 3.33757708886e-022, 5.110714513e-022, 7.79056310802e-022, 8.8764951462e-022, 1.15016586411e-021, 1.54416212768e-021, 2.31354036473e-021, 8.95746332464e-022]
        var: [1.13569201786e-013, 1.61608593174e-009, 3.16799777522e-008, 2.51083207559e-008, 2.04925214575e-007, 1.61327619708e-007, 3.29105887431e-007, 4.24903305429e-007, 1.11479891984e-006, 3.49407514477e-007, 8.75704841974e-008, 4.96712857512e-008, 1.02062127638e-008, 1.57746065099e-008, 1.97086151843e-008, 3.55234277549e-008, 1.59582086212e-007, 1.07567849739e-007, 3.87894004916e-007, 1.50713759695e-007, 3.53212321613e-008, 2.76656231257e-009, 1.87638404814e-010, 2.33216675138e-011, 1.79033350645e-011, 5.86279953079e-014, 8.82273984635e-018, 4.77752218388e-021]
    mfcc:
        mean: [-742.90020752, 102.171722412, -68.7861251831, 31.256439209, -34.8597984314, -18.977268219, -9.3746843338, -3.69655251503, -7.76615571976, -9.47564697266, -6.28652381897, -11.1218519211, -8.25054836273]
        cov: [[6781.03613281, 580.615356445, 363.505981445, 1704.44750977, 312.377227783, 348.229431152, 295.699554443, 83.7979431152, 136.273223877, 101.225067139, -166.531204224, 225.745727539, 211.269577026], [580.615356445, 733.176696777, 36.1373977661, 284.71862793, 24.7762947083, -32.9152412415, 33.9964523315, 24.4202213287, -60.6618347168, -10.8261899948, -9.16148471832, 3.38491511345, 45.1850242615], [363.505981445, 36.1373977661, 703.054992676, 351.215545654, 274.949127197, 172.743240356, 142.80229187, -43.2185707092, 75.0282516479, 32.9698448181, -78.1793823242, 54.6100463867, 37.7230682373], [1704.44750977, 284.71862793, 351.215545654, 937.87322998, 314.059356689, 232.997421265, 187.780502319, -9.28608036041, 137.303909302, 71.5842971802, -95.7344970703, 136.690444946, 116.862785339], [312.377227783, 24.7762947083, 274.949127197, 314.059356689, 289.557861328, 139.439529419, 90.6338500977, -68.1374816895, 77.5015182495, 29.7806472778, -51.1957511902, 46.1511955261, 40.9019889832], [348.229431152, -32.9152412415, 172.743240356, 232.997421265, 139.439529419, 215.437866211, 108.183410645, -4.09298276901, 89.4521331787, 31.0733623505, -47.6732559204, 43.9739570618, 15.6486063004], [295.699554443, 33.9964523315, 142.80229187, 187.780502319, 90.6338500977, 108.183410645, 179.965805054, 38.592792511, 76.762008667, 26.5356235504, -37.0222969055, 51.313785553, 21.5333251953], [83.7979431152, 24.4202213287, -43.2185707092, -9.28608036041, -68.1374816895, -4.09298276901, 38.592792511, 185.383071899, -0.880502521992, 13.797870636, 35.7708969116, 7.81262969971, -3.0485560894], [136.273223877, -60.6618347168, 75.0282516479, 137.303909302, 77.5015182495, 89.4521331787, 76.762008667, -0.880502521992, 140.664474487, 46.2632980347, -25.426115036, 48.641456604, 14.3146047592], [101.225067139, -10.8261899948, 32.9698448181, 71.5842971802, 29.7806472778, 31.0733623505, 26.5356235504, 13.797870636, 46.2632980347, 88.2015609741, 23.3485069275, 24.3566074371, 12.7058143616], [-166.531204224, -9.16148471832, -78.1793823242, -95.7344970703, -51.1957511902, -47.6732559204, -37.0222969055, 35.7708969116, -25.426115036, 23.3485069275, 91.5910797119, 6.26033306122, -2.90417814255], [225.745727539, 3.38491511345, 54.6100463867, 136.690444946, 46.1511955261, 43.9739570618, 51.313785553, 7.81262969971, 48.641456604, 24.3566074371, 6.26033306122, 91.5626831055, 44.6802940369], [211.269577026, 45.1850242615, 37.7230682373, 116.862785339, 40.9019889832, 15.6486063004, 21.5333251953, -3.0485560894, 14.3146047592, 12.7058143616, -2.90417814255, 44.6802940369, 79.1600418091]]
        icov: [[0.000309470720822, 4.80926973978e-005, 6.01527353865e-005, -0.00072574528167, 0.000379801553208, -6.84449987602e-005, -3.90373643313e-005, -4.33585337305e-005, 0.000292547338177, -5.63998037251e-005, 0.000131518725539, 1.63425356732e-005, -3.26657536789e-005], [4.80926973978e-005, 0.00197360292077, 4.38280367234e-005, -0.00120036525186, 0.000368310400518, 0.000858695188072, -0.000787018740084, 4.95692211189e-006, 0.0011908627348, 0.00023550610058, -0.000410938780988, 0.00097929185722, -0.000470444472739], [6.01527353865e-005, 4.38280367234e-005, 0.00248860195279, -0.000154853041749, -0.00187778100371, -0.000337356410455, -0.000764279509895, -0.00012997633894, 0.000932016351726, -0.000553840131033, 0.0010301246075, -0.000414346723119, 0.000288981158519], [-0.00072574528167, -0.00120036525186, -0.000154853041749, 0.00477652670816, -0.00271412776783, -0.000996262417175, 0.000398005649913, -0.000633618910797, -0.000806437747087, -0.00117337948177, 0.00199384428561, -0.00236271484755, -0.00114804180339], [0.000379801553208, 0.000368310400518, -0.00187778100371, -0.00271412776783, 0.00960394833237, -0.00210059736855, -0.000948103202973, 0.00304529280402, -0.000868138857186, 0.000382080441341, -0.00152315734886, 0.0018586582737, -0.00150344194844], [-6.84449987602e-005, 0.000858695188072, -0.000337356410455, -0.000996262417175, -0.00210059736855, 0.00994523894042, -0.00253720558248, -0.000451798550785, -0.00188772124238, -0.000408975989558, 0.00143787369598, -0.000258488493273, 0.00172185932752], [-3.90373643313e-005, -0.000787018740084, -0.000764279509895, 0.000398005649913, -0.000948103202973, -0.00253720558248, 0.0114199286327, -0.00327996863052, -0.00244444701821, -0.000527821073774, 0.00338764837943, -0.00360816554166, 0.000776307482738], [-4.33585337305e-005, 4.95692211189e-006, -0.00012997633894, -0.000633618910797, 0.00304529280402, -0.000451798550785, -0.00327996863052, 0.00782980304211, -1.82941112143e-005, 0.000220771253225, -0.00391473993659, 0.00122366053984, -4.66165838588e-005], [0.000292547338177, 0.0011908627348, 0.000932016351726, -0.000806437747087, -0.000868138857186, -0.00188772124238, -0.00244444701821, -1.82941112143e-005, 0.0149194998667, -0.00604770053178, 0.00424368400127, -0.00499407807365, 0.00201912689954], [-5.63998037251e-005, 0.00023550610058, -0.000553840131033, -0.00117337948177, 0.000382080441341, -0.000408975989558, -0.000527821073774, 0.000220771253225, -0.00604770053178, 0.017719719559, -0.00846123509109, 0.00217678956687, -0.0012418332044], [0.000131518725539, -0.000410938780988, 0.0010301246075, 0.00199384428561, -0.00152315734886, 0.00143787369598, 0.00338764837943, -0.00391473993659, 0.00424368400127, -0.00846123509109, 0.0207719635218, -0.00753637589514, 0.00148620107211], [1.63425356732e-005, 0.00097929185722, -0.000414346723119, -0.00236271484755, 0.0018586582737, -0.000258488493273, -0.00360816554166, 0.00122366053984, -0.00499407807365, 0.00217678956687, -0.00753637589514, 0.0229317210615, -0.00946389697492], [-3.26657536789e-005, -0.000470444472739, 0.000288981158519, -0.00114804180339, -0.00150344194844, 0.00172185932752, 0.000776307482738, -4.66165838588e-005, 0.00201912689954, -0.0012418332044, 0.00148620107211, -0.00946389697492, 0.0199993867427]]
    sccoeffs:
        dmean: [0.0523204468191, 0.0485332459211, 0.0390150398016, 0.0271577276289, 0.0190554335713, 0.0177970565856]
        dmean2: [0.0864232182503, 0.080524161458, 0.0652961432934, 0.0456323362887, 0.0314430631697, 0.0284348484129]
        dvar: [0.00181958859321, 0.00154600420501, 0.000968877109699, 0.000459184724605, 0.000243314891122, 0.000277682469459]
        dvar2: [0.00484918570146, 0.00409936672077, 0.00263966387138, 0.00126405630726, 0.000618849007878, 0.000679052900523]
        max: [-0.245592564344, -0.343193560839, -0.484997987747, -0.569733679295, -0.595098495483, -0.581155240536]
        mean: [-0.607294499874, -0.738949120045, -0.766055285931, -0.796315729618, -0.788944303989, -0.7506082654]
        median: [-0.613963663578, -0.751320242882, -0.777671158314, -0.800321042538, -0.795031487942, -0.756226718426]
        min: [-0.98198479414, -0.977222204208, -0.979558706284, -0.962182164192, -0.962849617004, -0.960723817348]
        var: [0.0094586731866, 0.00730255339295, 0.00471268314868, 0.0020578156691, 0.00231281667948, 0.00252326275222]
    scvalleys:
        dmean: [0.418862819672, 0.320217937231, 0.263696610928, 0.213581800461, 0.170331314206, 0.22320947051]
        dmean2: [0.704155147076, 0.542794525623, 0.443541616201, 0.353639781475, 0.271176755428, 0.336502045393]
        dvar: [0.126753568649, 0.0809618830681, 0.0608421973884, 0.0466808564961, 0.0392343476415, 0.0824145525694]
        dvar2: [0.328640222549, 0.19257684052, 0.130554258823, 0.0918568596244, 0.0664950609207, 0.163258627057]
        max: [-5.37317419052, -4.83614015579, -4.96880483627, -5.7507686615, -5.61036491394, -7.29536628723]
        mean: [-8.53542804718, -6.84225702286, -6.83848953247, -7.38987636566, -7.33764648438, -10.1339988708]
        median: [-8.02761936188, -6.5809006691, -6.67407178879, -7.24174690247, -7.26499128342, -10.1153259277]
        min: [-27.134552002, -27.2663211823, -27.3463783264, -27.331363678, -27.1407108307, -27.2364883423]
        var: [3.71040606499, 1.15048635006, 0.86116451025, 0.833936035633, 1.21594512463, 0.970890641212]

rhythm:
    beats_loudness:
        dmean: 0.00160067761317
        dmean2: 0.00282157654874
        dvar: 2.84787438432e-006
        dvar2: 8.74094803294e-006
        max: 0.0136496797204
        mean: 0.00458974484354
        median: 0.00428398931399
        min: 6.05387441566e-012
        var: 9.97764709609e-006
    bpm: 162.634292603
    bpm_confidence: 0
    first_peak_bpm: 161
    first_peak_spread: 0.386934667826
    first_peak_weight: 0.140552997589
    onset_rate: 2.06867647171
    second_peak_bpm: 115
    second_peak_spread: 0.585551321507
    second_peak_weight: 0.125576034188
    beats_loudness_band_ratio:
        dmean: [0.0567934513092, 0.0958805754781, 0.154535233974, 0.108673080802, 0.0859321206808, 0.0940557569265]
        dmean2: [0.0999781936407, 0.169473841786, 0.263314217329, 0.188514202833, 0.143451958895, 0.162368685007]
        dvar: [0.00558994105086, 0.0103315524757, 0.0235389564186, 0.0177447199821, 0.0057802349329, 0.00893524941057]
        dvar2: [0.0156851150095, 0.0284534376115, 0.0618963316083, 0.0520345568657, 0.0165343396366, 0.0234124604613]
        max: [0.693184673786, 0.676847338676, 0.904104530811, 0.898794531822, 0.647011816502, 0.659301698208]
        mean: [0.0646119564772, 0.123548939824, 0.262189030647, 0.177121683955, 0.210454568267, 0.199947401881]
        median: [0.0355094894767, 0.0870282873511, 0.208638846874, 0.118159733713, 0.199004307389, 0.175000488758]
        min: [0, 0, 0, 0, 0, 0]
        var: [0.00669721374288, 0.0145171880722, 0.0384472198784, 0.0251136068255, 0.0111837396398, 0.0166788473725]
