
metadata:
    version:
        essentia: "2.1-beta2"
    audio_properties:
        analysis_sample_rate: 44100
        bitrate: 255
        channels: 2
        equal_loudness: 1
        length: 58.5404090881
        replay_gain: -3.60014343262
        downmix: "mix"
    tags:
        album: "End of Silence"
        artist: ""
        comment: ""
        date: ""
        genre: ""
        title: "Intro (End of Silence)"
        tracknumber: "1"

configuration:
    average_loudness:
        compute: 1
        frameSize: 88200
        hopSize: 44100
        silentFrames: "noise"
        windowType: "hann"
    general:
        analysisSampleRate: 44100
        endTime: 2000
        equalLoudness: 1
        nequalLoudness: 0
        shortSound: 0
        startTime: 0
    lowlevel:
        compute: 1
        frameSize: 2048
        hopSize: 1024
        zeroPadding: 0
        silentFrames: "noise"
        windowType: "blackmanharris62"
        mfccStats: ["mean", "cov", "icov"]
        stats: ["mean", "var", "median", "min", "max", "dmean", "dmean2", "dvar", "dvar2"]
    panning:
        compute: 0
        frameSize: 8192
        hopSize: 2048
        zeroPadding: 8192
        silentFrames: "noise"
        windowType: "hann"
        stats: ["copy"]
    rhythm:
        compute: 1
        maxTempo: 208
        minTempo: 40
        method: "degara"
        stats: ["mean", "var", "median", "min", "max", "dmean", "dmean2", "dvar", "dvar2"]
    segmentation:
        compute: 0
        cpw: 5
        inc1: 300
        inc2: 50
        minimumSegmentsLength: 10
        size1: 1000
        size2: 600
    sfx:
        compute: 1
        stats: ["mean", "var", "median", "min", "max", "dmean", "dmean2", "dvar", "dvar2"]
    svm:
        compute: 0
    tonal:
        compute: 1
        frameSize: 4096
        hopSize: 2048
        zeroPadding: 0
        silentFrames: "noise"
        windowType: "blackmanharris62"
        stats: ["mean", "var", "median", "min", "max", "dmean", "dmean2", "dvar", "dvar2"]

lowlevel:
    average_loudness: 0.198778793216
    barkbands_kurtosis:
        dmean: 1.41242694855
        dmean2: 2.05219769478
        dvar: 8.59041118622
        dvar2: 15.6972665787
        max: 126.422782898
        mean: 3.34178137779
        median: 1.20996832848
        min: -1.77883410454
        var: 72.5539550781
    barkbands_skewness:
        dmean: 0.312053978443
        dmean2: 0.474827229977
        dvar: 0.105299971998
        dvar2: 0.218025058508
        max: 9.20376491547
        mean: 1.29162049294
        median: 1.19002532959
        min: -1.96641421318
        var: 1.28166997433
    barkbands_spread:
        dmean: 2.02777719498
        dmean2: 3.12865257263
        dvar: 5.98837804794
        dvar2: 14.0422391891
        max: 51.5307731628
        mean: 12.4029951096
        median: 11.1828737259
        min: 0.318750858307
        var: 54.4177742004
    dissonance:
        dmean: 0.0254507288337
        dmean2: 0.0434054099023
        dvar: 0.000653594615869
        dvar2: 0.00172876834404
        max: 0.5
        mean: 0.447455048561
        median: 0.454969614744
        min: 0.180793121457
        var: 0.00163487240206
    hfc:
        dmean: 0.363379091024
        dmean2: 0.542681157589
        dvar: 1.18195259571
        dvar2: 2.74730730057
        max: 38.2180366516
        mean: 1.85814785957
        median: 0.503738284111
        min: 1.21787839759e-016
        var: 7.62748718262
    pitch:
        dmean: 186.768157959
        dmean2: 349.907043457
        dvar: 323356.875
        dvar2: 873602.1875
        max: 4368.63623047
        mean: 494.174926758
        median: 223.853988647
        min: 69.2061080933
        var: 734375.9375
    pitch_instantaneous_confidence:
        dmean: 0.0644894093275
        dmean2: 0.101162731647
        dvar: 0.00412260228768
        dvar2: 0.00905362889171
        max: 0.988111555576
        mean: 0.495918691158
        median: 0.475790381432
        min: 0.104264080524
        var: 0.0383624732494
    pitch_salience:
        dmean: 0.0494416058064
        dmean2: 0.0802134945989
        dvar: 0.00204709055834
        dvar2: 0.00517668249086
        max: 0.948310792446
        mean: 0.622724175453
        median: 0.63529843092
        min: 0.120003163815
        var: 0.0175608899444
    silence_rate_20dB:
        dmean: 0
        dmean2: 0
        dvar: 0
        dvar2: 0
        max: 1
        mean: 1
        median: 1
        min: 1
        var: 0
    silence_rate_30dB:
        dmean: 0
        dmean2: 0
        dvar: 0
        dvar2: 0
        max: 1
        mean: 1
        median: 1
        min: 1
        var: 0
    silence_rate_60dB:
        dmean: 0.0229976214468
        dmean2: 0.0460134856403
        dvar: 0.02246924676
        dvar2: 0.0510375760496
        max: 1
        mean: 0.721363484859
        median: 1
        min: 0
        var: 0.200996309519
    spectral_centroid:
        dmean: 102.159133911
        dmean2: 159.792648315
        dvar: 45655.0859375
        dvar2: 77649.3671875
        max: 11009.9580078
        mean: 982.605895996
        median: 797.158935547
        min: 377.070159912
        var: 466640.25
    spectral_complexity:
        dmean: 0.913560688496
        dmean2: 1.53669178486
        dvar: 1.67055559158
        dvar2: 4.27485799789
        max: 27
        mean: 5.82560443878
        median: 3
        min: 0
        var: 43.2300567627
    spectral_crest:
        dmean: 1.78259825706
        dmean2: 2.78112864494
        dvar: 2.70336818695
        dvar2: 6.28527402878
        max: 26.2948570251
        mean: 9.95098876953
        median: 8.7677230835
        min: 2.7243065834
        var: 23.3899879456
    spectral_decrease:
        dmean: 1.20992660335e-010
        dmean2: 1.875890554e-010
        dvar: 5.78704539207e-020
        dvar2: 1.40320657292e-019
        max: -1.37514323035e-028
        mean: -5.94620241934e-010
        median: -1.85166632027e-010
        min: -4.6475037152e-009
        var: 6.30883311966e-019
    spectral_energy:
        dmean: 0.000486216362333
        dmean2: 0.000750429637264
        dvar: 9.67664504969e-007
        dvar2: 2.3305749437e-006
        max: 0.0210072174668
        mean: 0.00241277110763
        median: 0.0007519320352
        min: 1.15655278492e-020
        var: 1.04620057755e-005
    spectral_energyband_high:
        dmean: 2.10701909964e-006
        dmean2: 3.47175932802e-006
        dvar: 5.28936928978e-011
        dvar2: 1.37273359346e-010
        max: 0.000234207400354
        mean: 5.7932220443e-006
        median: 1.00528427538e-006
        min: 8.43299890843e-021
        var: 1.30051816538e-010
    spectral_energyband_low:
        dmean: 1.53741220856e-005
        dmean2: 2.3399346901e-005
        dvar: 1.44982426065e-009
        dvar2: 3.5206626503e-009
        max: 0.00134020054247
        mean: 3.50965856342e-005
        median: 3.68385440197e-006
        min: 8.58444369296e-023
        var: 6.10927664013e-009
    spectral_energyband_middle_high:
        dmean: 0.000163258431712
        dmean2: 0.000247040996328
        dvar: 2.22377451564e-007
        dvar2: 5.17200817285e-007
        max: 0.0145529061556
        mean: 0.000682315963786
        median: 0.00013981302618
        min: 1.97792354419e-021
        var: 1.30367197926e-006
    spectral_energyband_middle_low:
        dmean: 0.000406385603128
        dmean2: 0.000639685720671
        dvar: 6.22723121069e-007
        dvar2: 1.5590020439e-006
        max: 0.0151351559907
        mean: 0.00171293783933
        median: 0.000514089188073
        min: 2.62916888881e-022
        var: 5.25346831637e-006
    spectral_flatness_db:
        dmean: 0.0156408771873
        dmean2: 0.0250311996788
        dvar: 0.000253660953604
        dvar2: 0.000517107837368
        max: 0.505981743336
        mean: 0.249411523342
        median: 0.245699822903
        min: 0.0471336469054
        var: 0.00404639076442
    spectral_flux:
        dmean: 0.00348579674028
        dmean2: 0.0055850353092
        dvar: 3.84513077734e-005
        dvar2: 9.48820743361e-005
        max: 0.103780083358
        mean: 0.0150121534243
        median: 0.00912251509726
        min: 1.07543141059e-010
        var: 0.000213762745261
    spectral_kurtosis:
        dmean: 6.87274885178
        dmean2: 12.1002388
        dvar: 52.2204475403
        dvar2: 156.641525269
        max: 87.5645065308
        mean: 17.2383613586
        median: 13.7709131241
        min: -1.23512518406
        var: 194.455276489
    spectral_rms:
        dmean: 0.000124029756989
        dmean2: 0.000185619122931
        dvar: 3.59817597939e-008
        dvar2: 8.00637209863e-008
        max: 0.00452712364495
        mean: 0.00117038143799
        median: 0.000856500002556
        min: 3.35908341073e-012
        var: 9.84130224424e-007
    spectral_rolloff:
        dmean: 225.192810059
        dmean2: 366.416259766
        dvar: 167372.78125
        dvar2: 278659.53125
        max: 18324.7558594
        mean: 1590.91418457
        median: 1205.859375
        min: 366.064453125
        var: 1345945.75
    spectral_skewness:
        dmean: 0.501356005669
        dmean2: 0.875785112381
        dvar: 0.229750439525
        dvar2: 0.688255012035
        max: 7.04597902298
        mean: 2.61964988708
        median: 2.46941328049
        min: -0.0147354444489
        var: 1.15114653111
    spectral_spread:
        dmean: 286827.40625
        dmean2: 485172.25
        dvar: 1.09840177562e+012
        dvar2: 2.2108593193e+012
        max: 41081860
        mean: 2570929.25
        median: 1967530.75
        min: 846552.875
        var: 8.00800374784e+012
    spectral_strongpeak:
        dmean: 0.131906971335
        dmean2: 0.21304102242
        dvar: 0.117962129414
        dvar2: 0.25967040658
        max: 9.22507667542
        mean: 0.384197175503
        median: 0.248652994633
        min: 1.16706511122e-009
        var: 0.288684815168
    zerocrossingrate:
        dmean: 0.00459298025817
        dmean2: 0.00559402583167
        dvar: 0.000111129484139
        dvar2: 0.000113834270451
        max: 0.49169921875
        mean: 0.0545932501554
        median: 0.044921875
        min: 0.01806640625
        var: 0.00129089935217
    barkbands:
        dmean: [7.28771141212e-008, 2.05296487366e-006, 5.54773623662e-006, 3.06530782836e-005, 0.000141722339322, 0.000152055014041, 0.000142060409416, 0.000107091080281, 0.000105296130641, 5.74931109441e-005, 4.02171353926e-005, 3.59178666258e-005, 2.38424672716e-005, 4.44150246039e-005, 3.62022474292e-005, 1.80425322469e-005, 2.6400479328e-005, 1.79201688297e-005, 7.74339241616e-006, 3.85554540117e-006, 8.06780349194e-007, 9.49227825231e-008, 1.3899866147e-008, 2.19005502622e-009, 1.11009712533e-009, 9.84149151062e-011, 8.62746332708e-011]
        dmean2: [1.13991255546e-007, 3.41328131981e-006, 8.17985437607e-006, 4.6324912546e-005, 0.000232379577938, 0.00025549181737, 0.000241327448748, 0.000152227497892, 0.000150048290379, 8.50975629874e-005, 6.87826031935e-005, 5.79119841859e-005, 3.96314571844e-005, 6.68036154821e-005, 6.26778273727e-005, 2.89083527605e-005, 4.21184013248e-005, 2.76495775324e-005, 1.27315124701e-005, 6.42213763058e-006, 1.37058168548e-006, 1.53353809651e-007, 2.28115624168e-008, 3.59389451532e-009, 1.84988557805e-009, 1.76469561186e-010, 1.58001056683e-010]
        dvar: [2.18539758772e-013, 6.66411578698e-011, 2.12527356824e-010, 5.28807619915e-009, 1.06982227521e-007, 1.56059101641e-007, 1.13457680584e-007, 5.50932064414e-008, 1.41308390766e-007, 2.11333972544e-008, 1.58428132835e-008, 6.20784534888e-009, 3.80663189858e-009, 1.20060210662e-008, 1.48722625326e-008, 3.81773856972e-009, 1.86728126295e-008, 1.65315245937e-008, 7.56927243106e-010, 1.41932174347e-010, 7.98758541948e-012, 1.05018038265e-013, 1.48115145772e-014, 4.0203446077e-017, 5.15203571546e-018, 3.94272084682e-020, 3.73269710435e-020]
        dvar2: [5.20993675718e-013, 2.07275141495e-010, 4.68175109791e-010, 1.29165131924e-008, 2.91998617286e-007, 4.59266061625e-007, 3.29380384301e-007, 9.99425893156e-008, 2.89981471724e-007, 4.59418458831e-008, 4.73266368317e-008, 1.66854015049e-008, 1.05806634565e-008, 2.55758880741e-008, 4.2627075203e-008, 7.98934429724e-009, 5.01262498176e-008, 3.98722654893e-008, 2.07092187843e-009, 3.91705640146e-010, 2.15084599436e-011, 2.28749446685e-013, 3.60121783468e-014, 1.07597735022e-016, 1.36892361231e-017, 1.23953441306e-019, 1.2040008019e-019]
        max: [8.72089458426e-006, 0.000150603751536, 0.000431883032434, 0.00180304807145, 0.00696536339819, 0.010002897121, 0.00608986895531, 0.00600347854197, 0.014403026551, 0.00371228926815, 0.00267466134392, 0.0013519654749, 0.00117803527974, 0.00265842862427, 0.00272765010595, 0.00175354699604, 0.00384800299071, 0.00533771095797, 0.000842834822834, 0.000265728711383, 9.36196738621e-005, 1.05533345049e-005, 5.15195370099e-006, 2.08154261827e-007, 5.9944632369e-008, 3.13748449443e-009, 2.77408740423e-009]
        mean: [1.13252220046e-007, 3.90730110666e-006, 1.24580428746e-005, 6.97293871781e-005, 0.000352844275767, 0.000362633960322, 0.000324500724673, 0.000318594014971, 0.000271460827207, 0.000138956049341, 7.35786888981e-005, 7.45293800719e-005, 6.00264065724e-005, 0.000113548368972, 7.08756779204e-005, 3.92402216676e-005, 5.29505523446e-005, 4.21952099714e-005, 1.84758519026e-005, 9.92589320958e-006, 1.92256038645e-006, 2.63135774503e-007, 3.28233795699e-008, 8.46655723308e-009, 4.71024907966e-009, 2.02861880072e-010, 6.88431880946e-011]
        median: [1.80172834985e-010, 4.90219953519e-008, 4.76678707173e-007, 5.27842257725e-006, 3.38183126587e-005, 5.09469027747e-005, 4.05672617489e-005, 5.24045608472e-005, 5.79372717766e-005, 3.44917680195e-005, 5.15750616614e-006, 1.13042442536e-005, 7.34102604838e-006, 9.93675530481e-006, 6.73043723509e-006, 5.4128759075e-006, 7.16150998414e-006, 4.63465448775e-006, 2.84235625259e-006, 1.37384733989e-006, 3.53320615432e-007, 4.98834253904e-008, 4.94884222491e-009, 1.50882373262e-009, 6.62047361377e-010, 4.90160863287e-011, 8.13699108093e-012]
        min: [1.71178335703e-023, 3.55153604565e-023, 3.24833893445e-023, 1.40095559429e-023, 1.13477578107e-023, 1.07100805203e-022, 3.75698666426e-023, 4.87129213593e-023, 3.27394883042e-023, 4.69814095377e-023, 4.7632080945e-023, 4.61329328361e-023, 5.10221696644e-023, 1.44265178407e-022, 2.27152384062e-022, 1.33263194109e-022, 2.53177978176e-022, 4.97275195457e-022, 3.53755976544e-022, 3.57116650218e-022, 4.25529646657e-022, 8.6592229105e-022, 4.98311948013e-022, 1.05667072595e-021, 1.52511263881e-021, 1.56168458378e-021, 2.44098312851e-021]
        var: [4.55753056822e-013, 1.29092694867e-010, 8.28963842014e-010, 2.56057930414e-008, 4.41088161551e-007, 5.75442697937e-007, 3.9296512e-007, 4.2332413841e-007, 5.06508740727e-007, 8.65786233817e-008, 3.21774962231e-008, 2.00035810138e-008, 1.46574770099e-008, 5.53785035606e-008, 3.07678256206e-008, 1.14069278467e-008, 2.47475071546e-008, 3.13133305951e-008, 1.75690806348e-009, 4.62591964734e-010, 1.80805561495e-011, 3.1613765967e-013, 1.76620091436e-014, 2.33169297426e-016, 6.28491101499e-017, 9.54020293811e-020, 2.88463405874e-020]
    frequency_bands:
        dmean: [7.28771141212e-008, 2.05296487366e-006, 5.54773623662e-006, 3.06530782836e-005, 0.000141722339322, 0.000152055014041, 0.000142060409416, 0.000107091080281, 0.000105296130641, 5.74931109441e-005, 4.02171353926e-005, 3.59178666258e-005, 2.38424672716e-005, 4.44150246039e-005, 3.62022474292e-005, 1.80425322469e-005, 2.6400479328e-005, 1.79201688297e-005, 7.74339241616e-006, 3.85554540117e-006, 8.06780349194e-007, 9.49227825231e-008, 1.3899866147e-008, 2.19005502622e-009, 1.11009712533e-009, 9.84149151062e-011, 8.62746332708e-011, 2.46617552768e-011]
        dmean2: [1.13991255546e-007, 3.41328131981e-006, 8.17985437607e-006, 4.6324912546e-005, 0.000232379577938, 0.00025549181737, 0.000241327448748, 0.000152227497892, 0.000150048290379, 8.50975629874e-005, 6.87826031935e-005, 5.79119841859e-005, 3.96314571844e-005, 6.68036154821e-005, 6.26778273727e-005, 2.89083527605e-005, 4.21184013248e-005, 2.76495775324e-005, 1.27315124701e-005, 6.42213763058e-006, 1.37058168548e-006, 1.53353809651e-007, 2.28115624168e-008, 3.59389451532e-009, 1.84988557805e-009, 1.76469561186e-010, 1.58001056683e-010, 4.51727474871e-011]
        dvar: [2.18539758772e-013, 6.66411578698e-011, 2.12527356824e-010, 5.28807619915e-009, 1.06982227521e-007, 1.56059101641e-007, 1.13457680584e-007, 5.50932064414e-008, 1.41308390766e-007, 2.11333972544e-008, 1.58428132835e-008, 6.20784534888e-009, 3.80663189858e-009, 1.20060210662e-008, 1.48722625326e-008, 3.81773856972e-009, 1.86728126295e-008, 1.65315245937e-008, 7.56927243106e-010, 1.41932174347e-010, 7.98758541948e-012, 1.05018038265e-013, 1.48115145772e-014, 4.0203446077e-017, 5.15203571546e-018, 3.94272084682e-020, 3.73269710435e-020, 3.05315615462e-021]
        dvar2: [5.20993675718e-013, 2.07275141495e-010, 4.68175109791e-010, 1.29165131924e-008, 2.91998617286e-007, 4.59266061625e-007, 3.29380384301e-007, 9.99425893156e-008, 2.89981471724e-007, 4.59418458831e-008, 4.73266368317e-008, 1.66854015049e-008, 1.05806634565e-008, 2.55758880741e-008, 4.2627075203e-008, 7.98934429724e-009, 5.01262498176e-008, 3.98722654893e-008, 2.07092187843e-009, 3.91705640146e-010, 2.15084599436e-011, 2.28749446685e-013, 3.60121783468e-014, 1.07597735022e-016, 1.36892361231e-017, 1.23953441306e-019, 1.2040008019e-019, 9.84645508924e-021]
        max: [8.72089458426e-006, 0.000150603751536, 0.000431883032434, 0.00180304807145, 0.00696536339819, 0.010002897121, 0.00608986895531, 0.00600347854197, 0.014403026551, 0.00371228926815, 0.00267466134392, 0.0013519654749, 0.00117803527974, 0.00265842862427, 0.00272765010595, 0.00175354699604, 0.00384800299071, 0.00533771095797, 0.000842834822834, 0.000265728711383, 9.36196738621e-005, 1.05533345049e-005, 5.15195370099e-006, 2.08154261827e-007, 5.9944632369e-008, 3.13748449443e-009, 2.77408740423e-009, 7.93629051365e-010]
        mean: [1.13252220046e-007, 3.90730110666e-006, 1.24580428746e-005, 6.97293871781e-005, 0.000352844275767, 0.000362633960322, 0.000324500724673, 0.000318594014971, 0.000271460827207, 0.000138956049341, 7.35786888981e-005, 7.45293800719e-005, 6.00264065724e-005, 0.000113548368972, 7.08756779204e-005, 3.92402216676e-005, 5.29505523446e-005, 4.21952099714e-005, 1.84758519026e-005, 9.92589320958e-006, 1.92256038645e-006, 2.63135774503e-007, 3.28233795699e-008, 8.46655723308e-009, 4.71024907966e-009, 2.02861880072e-010, 6.88431880946e-011, 1.93727794223e-011]
        median: [1.80172834985e-010, 4.90219953519e-008, 4.76678707173e-007, 5.27842257725e-006, 3.38183126587e-005, 5.09469027747e-005, 4.05672617489e-005, 5.24045608472e-005, 5.79372717766e-005, 3.44917680195e-005, 5.15750616614e-006, 1.13042442536e-005, 7.34102604838e-006, 9.93675530481e-006, 6.73043723509e-006, 5.4128759075e-006, 7.16150998414e-006, 4.63465448775e-006, 2.84235625259e-006, 1.37384733989e-006, 3.53320615432e-007, 4.98834253904e-008, 4.94884222491e-009, 1.50882373262e-009, 6.62047361377e-010, 4.90160863287e-011, 8.13699108093e-012, 2.08800056238e-012]
        min: [1.71178335703e-023, 3.55153604565e-023, 3.24833893445e-023, 1.40095559429e-023, 1.13477578107e-023, 1.07100805203e-022, 3.75698666426e-023, 4.87129213593e-023, 3.27394883042e-023, 4.69814095377e-023, 4.7632080945e-023, 4.61329328361e-023, 5.10221696644e-023, 1.44265178407e-022, 2.27152384062e-022, 1.33263194109e-022, 2.53177978176e-022, 4.97275195457e-022, 3.53755976544e-022, 3.57116650218e-022, 4.25529646657e-022, 8.6592229105e-022, 4.98311948013e-022, 1.05667072595e-021, 1.52511263881e-021, 1.56168458378e-021, 2.44098312851e-021, 6.96938793577e-022]
        var: [4.55753056822e-013, 1.29092694867e-010, 8.28963842014e-010, 2.56057930414e-008, 4.41088161551e-007, 5.75442697937e-007, 3.9296512e-007, 4.2332413841e-007, 5.06508740727e-007, 8.65786233817e-008, 3.21774962231e-008, 2.00035810138e-008, 1.46574770099e-008, 5.53785035606e-008, 3.07678256206e-008, 1.14069278467e-008, 2.47475071546e-008, 3.13133305951e-008, 1.75690806348e-009, 4.62591964734e-010, 1.80805561495e-011, 3.1613765967e-013, 1.76620091436e-014, 2.33169297426e-016, 6.28491101499e-017, 9.54020293811e-020, 2.88463405874e-020, 2.3507560202e-021]
    mfcc:
        mean: [-870.918273926, 147.755050659, -57.1618728638, -3.01805758476, -19.6902942657, -37.8965377808, -12.2246179581, -17.0848445892, -11.0202178955, -5.69253492355, -9.39638328552, -8.84256362915, -9.97696399689]
        cov: [[10064.5488281, 4889.37792969, -1925.34020996, 900.322570801, 162.739944458, -41.5836524963, -254.971725464, -681.45111084, -325.907287598, -470.609649658, -185.930160522, -278.674591064, -244.822982788], [4889.37792969, 2816.95117188, -704.45703125, 268.977416992, 228.771850586, -42.9479179382, -194.860351563, -311.144989014, -195.590942383, -215.512268066, -86.7730484009, -120.386619568, -100.928024292], [-1925.34020996, -704.45703125, 739.558898926, 26.9821109772, 88.608795166, 118.500457764, 125.24130249, 156.674209595, 80.4979782104, 103.218948364, 21.1566772461, 72.1214599609, 110.259216309], [900.322570801, 268.977416992, 26.9821109772, 575.556640625, 121.816467285, 159.491256714, 156.156265259, -28.9504337311, 43.5234107971, -28.5897483826, -30.3228797913, 4.60111236572, 54.9700012207], [162.739944458, 228.771850586, 88.608795166, 121.816467285, 295.328125, 125.134010315, -12.544421196, 25.8258666992, -3.12552976608, -17.4203853607, 11.3488798141, 22.6539382935, 39.5704803467], [-41.5836524963, -42.9479179382, 118.500457764, 159.491256714, 125.134010315, 205.772064209, 86.9353713989, 10.1638460159, 23.6246891022, -15.6998243332, -0.71354663372, 6.95309114456, 34.8354606628], [-254.971725464, -194.860351563, 125.24130249, 156.156265259, -12.544421196, 86.9353713989, 173.502532959, 67.1562652588, 49.1400909424, 33.7188911438, -7.78897285461, 17.2455692291, 44.4319877625], [-681.45111084, -311.144989014, 156.674209595, -28.9504337311, 25.8258666992, 10.1638460159, 67.1562652588, 133.965209961, 56.3455162048, 38.408000946, 15.3505325317, 24.6623058319, 36.7258262634], [-325.907287598, -195.590942383, 80.4979782104, 43.5234107971, -3.12552976608, 23.6246891022, 49.1400909424, 56.3455162048, 83.5291290283, 58.1222572327, 13.2689113617, 21.936788559, 21.2401027679], [-470.609649658, -215.512268066, 103.218948364, -28.5897483826, -17.4203853607, -15.6998243332, 33.7188911438, 38.408000946, 58.1222572327, 109.285377502, 43.9090423584, 26.3443660736, 21.4909629822], [-185.930160522, -86.7730484009, 21.1566772461, -30.3228797913, 11.3488798141, -0.71354663372, -7.78897285461, 15.3505325317, 13.2689113617, 43.9090423584, 62.6976165771, 31.9894962311, 3.00611782074], [-278.674591064, -120.386619568, 72.1214599609, 4.60111236572, 22.6539382935, 6.95309114456, 17.2455692291, 24.6623058319, 21.936788559, 26.3443660736, 31.9894962311, 61.9027786255, 39.4311103821], [-244.822982788, -100.928024292, 110.259216309, 54.9700012207, 39.5704803467, 34.8354606628, 44.4319877625, 36.7258262634, 21.2401027679, 21.4909629822, 3.00611782074, 39.4311103821, 78.1674194336]]
        icov: [[3.87893676758, -5.42016172409, 5.23240089417, -4.94969558716, 4.55506038666, -4.07141113281, 3.5280520916, -2.96940755844, 2.38098597527, -1.77304530144, 1.24305272102, -0.752848565578, 0.321502864361], [-5.42016172409, 7.57459163666, -7.31119155884, 6.91663694382, -6.36677598953, 5.69108009338, -4.93158817291, 4.15212059021, -3.32853460312, 2.47964811325, -1.73855209351, 1.05417597294, -0.450192272663], [5.23240089417, -7.31119155884, 7.06151199341, -6.67835140228, 6.14640235901, -5.49706125259, 4.76376628876, -4.0125451088, 3.21913194656, -2.40010929108, 1.68438887596, -1.02156150341, 0.435230910778], [-4.94969558716, 6.91663694382, -6.67835140228, 6.32377624512, -5.82002735138, 5.20456409454, -4.51714754105, 3.80570721626, -3.05575489998, 2.27877306938, -1.59960281849, 0.972923696041, -0.417977750301], [4.55506038666, -6.36677598953, 6.14640235901, -5.82002735138, 5.36670207977, -4.80117940903, 4.16618871689, -3.51311421394, 2.82011342049, -2.10524153709, 1.47949206829, -0.903845608234, 0.385855227709], [-4.07141113281, 5.69108009338, -5.49706125259, 5.20456409454, -4.80117940903, 4.30790281296, -3.73657941818, 3.1544418335, -2.53723740578, 1.90113282204, -1.34093046188, 0.822545945644, -0.353807806969], [3.5280520916, -4.93158817291, 4.76376628876, -4.51714754105, 4.16618871689, -3.73657941818, 3.25747466087, -2.74761986732, 2.20861959457, -1.65852069855, 1.17229282856, -0.719743430614, 0.308815211058], [-2.96940755844, 4.15212059021, -4.0125451088, 3.80570721626, -3.51311421394, 3.1544418335, -2.74761986732, 2.33804178238, -1.88119244576, 1.41210651398, -1.00090289116, 0.620118558407, -0.270990103483], [2.38098597527, -3.32853460312, 3.21913194656, -3.05575489998, 2.82011342049, -2.53723740578, 2.20861959457, -1.88119244576, 1.54206955433, -1.15603995323, 0.819248080254, -0.511804878712, 0.224775031209], [-1.77304530144, 2.47964811325, -2.40010929108, 2.27877306938, -2.10524153709, 1.90113282204, -1.65852069855, 1.41210651398, -1.15603995323, 0.888886332512, -0.634100437164, 0.3948097229, -0.175870031118], [1.24305272102, -1.73855209351, 1.68438887596, -1.59960281849, 1.47949206829, -1.34093046188, 1.17229282856, -1.00090289116, 0.819248080254, -0.634100437164, 0.480190753937, -0.302413403988, 0.135822936893], [-0.752848565578, 1.05417597294, -1.02156150341, 0.972923696041, -0.903845608234, 0.822545945644, -0.719743430614, 0.620118558407, -0.511804878712, 0.3948097229, -0.302413403988, 0.2203322649, -0.100292183459], [0.321502864361, -0.450192272663, 0.435230910778, -0.417977750301, 0.385855227709, -0.353807806969, 0.308815211058, -0.270990103483, 0.224775031209, -0.175870031118, 0.135822936893, -0.100292183459, 0.0652655884624]]
    sccoeffs:
        dmean: [0.0414248481393, 0.0395949669182, 0.0316234156489, 0.0241765491664, 0.0166551340371, 0.0128081394359]
        dmean2: [0.0684626251459, 0.0653130188584, 0.0515804514289, 0.0397941693664, 0.0270526073873, 0.021292893216]
        dvar: [0.00116719061043, 0.00109539972618, 0.000684046011884, 0.000432377448305, 0.00023689866066, 0.000169883700437]
        dvar2: [0.0032227775082, 0.00288356700912, 0.00173695769627, 0.00109054055065, 0.000553030928131, 0.000386233266909]
        max: [-0.249193310738, -0.502099454403, -0.386623948812, -0.613170325756, -0.537802517414, -0.640178322792]
        mean: [-0.614744186401, -0.745940923691, -0.763899445534, -0.789206981659, -0.804208815098, -0.785924732685]
        median: [-0.653465390205, -0.741571724415, -0.764308512211, -0.786100327969, -0.79829698801, -0.774638354778]
        min: [-0.981670796871, -0.964918732643, -0.984418690205, -0.982264518738, -0.960126399994, -0.960375905037]
        var: [0.0186995696276, 0.00776387192309, 0.00623604329303, 0.00447209272534, 0.00410264357924, 0.00171017367393]
    scvalleys:
        dmean: [0.403361916542, 0.350046724081, 0.306607306004, 0.26047667861, 0.202680662274, 0.150933116674]
        dmean2: [0.662204504013, 0.570266187191, 0.496239632368, 0.423583894968, 0.326386809349, 0.241633445024]
        dvar: [0.233287140727, 0.275955885649, 0.260146975517, 0.220495551825, 0.191816553473, 0.106247901917]
        dvar2: [0.413239866495, 0.484743446112, 0.429124802351, 0.349685847759, 0.295713424683, 0.149227172136]
        max: [-5.54038047791, -4.7840590477, -5.26431798935, -5.97629404068, -7.11785078049, -10.9977874756]
        mean: [-9.7199420929, -7.35121107101, -7.87721014023, -8.63972377777, -9.32190990448, -12.9411611557]
        median: [-9.6263999939, -7.17000436783, -7.76006412506, -8.59721279144, -9.31484985352, -13.0318632126]
        min: [-27.6519546509, -27.0557193756, -27.4417686462, -27.2229576111, -27.0804920197, -27.2758426666]
        var: [4.6204829216, 4.27635383606, 3.53165483475, 3.17705321312, 2.07609128952, 1.22007620335]

rhythm:
    beats_loudness:
        dmean: 0.00170584092848
        dmean2: 0.00312166195363
        dvar: 6.64489880364e-006
        dvar2: 1.84452856047e-005
        max: 0.0171090774238
        mean: 0.00358086428605
        median: 0.0012987817172
        min: 5.42699600536e-011
        var: 1.95326720132e-005
    bpm: 122.833496094
    bpm_confidence: 0
    first_peak_bpm: 123
    first_peak_spread: 0.5428571105
    first_peak_weight: 0.156862750649
    onset_rate: 1.86196184158
    second_peak_bpm: 117
    second_peak_spread: 0
    second_peak_weight: 0.107843138278
    beats_loudness_band_ratio:
        dmean: [0.0430181995034, 0.115351960063, 0.193588420749, 0.122095428407, 0.0826282724738, 0.0236121807247]
        dmean2: [0.070999905467, 0.208218112588, 0.3358707726, 0.211933135986, 0.1533305794, 0.0441818386316]
        dvar: [0.00356778060086, 0.0115250311792, 0.0273150540888, 0.0163754113019, 0.0106555307284, 0.00277807167731]
        dvar2: [0.0100807091221, 0.029019612819, 0.0842072293162, 0.0450614616275, 0.0336725488305, 0.00715338345617]
        max: [0.331698417664, 0.658207893372, 0.978616893291, 0.797317445278, 0.564382255077, 0.344973623753]
        mean: [0.0508981123567, 0.2153544873, 0.416323244572, 0.193206772208, 0.118339538574, 0.0311620552093]
        median: [0.0249298810959, 0.182294487953, 0.388813883066, 0.15628887713, 0.0880835205317, 0.0101031698287]
        min: [0, 0, 0, 0, 0, 0]
        var: [0.00491982139647, 0.0299337133765, 0.0468868128955, 0.0219112765044, 0.0105257853866, 0.0043175984174]
    beats_position: [0.53405892849, 1.07972788811, 1.62539684772, 2.15945577621, 2.69351458549, 3.25079369545, 3.8196823597, 4.38857126236, 5.02712011337, 5.66566896439, 6.29260778427, 6.91954612732, 7.5464849472, 8.18503379822, 8.91646194458, 9.63628101349, 10.3560991287, 11.0991382599, 11.8421764374, 12.5271654129, 13.2121543884, 13.8855323792, 14.5589113235, 15.2439002991, 15.9288883209, 16.5442180634, 17.1595458984, 17.7748756409, 18.390203476, 19.0055332184, 19.5976409912, 20.2129707336, 20.8282985687, 21.4552383423, 22.0821762085, 22.7207260132, 23.3592739105, 23.8701133728, 24.3809528351, 24.89179039, 25.4026298523, 25.9134693146, 26.4126987457, 26.9119262695, 27.3995456696, 27.8871650696, 28.3863945007, 28.8624038696, 29.3500213623, 29.8376407623, 30.3368701935, 30.8360996246, 31.3237190247, 31.8345565796, 32.3337860107, 32.8330154419, 33.332244873, 33.8314743042, 34.3423118591, 34.818321228, 35.2943305969, 35.7819480896, 36.269569397, 36.7571868896, 37.244808197, 37.7324256897, 38.2316551208, 38.730884552, 39.2417221069, 39.7525634766, 40.2401809692, 40.7277984619, 41.2154197693, 41.703037262, 42.1906585693, 42.6550559998, 43.1194534302, 43.5838546753, 44.0482521057, 44.5126533508, 44.9770507813, 45.4530601501, 45.929069519, 46.439907074, 46.9507484436, 47.4383659363, 47.9143753052, 48.3903846741, 48.866394043, 49.4120635986, 49.9577331543, 50.5150108337, 51.1303405762, 51.7340583801, 52.3958282471, 53.0575942993, 53.7658042908, 54.4740142822, 55.182220459, 55.8904304504, 56.5986366272, 57.3068466187, 58.0150566101]
    bpm_estimates: [120.185218811, 120.185684204, 123.046783447, 123.046783447, 120.185218811, 126.047935486, 123.047264099, 123.046783447, 120.185218811, 120.185218811, 123.046783447, 120.185218811, 120.185218811, 120.185218811, 120.185218811, 126.047935486, 126.047935486, 123.047264099, 123.046302795, 123.047264099, 123.046302795, 123.047264099, 120.185218811, 120.185218811, 123.047264099, 123.047264099, 123.046302795, 123.047264099, 123.046302795, 126.047935486, 126.047935486, 123.047264099, 126.047935486, 126.047935486, 126.047935486]
    bpm_intervals: [0.545668959618, 0.545668959618, 0.53405892849, 0.53405880928, 0.557279109955, 0.568888664246, 0.568888902664, 0.638548851013, 0.638548851013, 0.626938819885, 0.626938343048, 0.626938819885, 0.638548851013, 0.731428146362, 0.719819068909, 0.719818115234, 0.743039131165, 0.74303817749, 0.684988975525, 0.684988975525, 0.673377990723, 0.673378944397, 0.684988975525, 0.684988021851, 0.615329742432, 0.615327835083, 0.615329742432, 0.615327835083, 0.615329742432, 0.592107772827, 0.615329742432, 0.615327835083, 0.62693977356, 0.626937866211, 0.638549804688, 0.638547897339, 0.51083946228, 0.51083946228, 0.510837554932, 0.51083946228, 0.51083946228, 0.499229431152, 0.499227523804, 0.487619400024, 0.487619400024, 0.499229431152, 0.476009368896, 0.487617492676, 0.487619400024, 0.499229431152, 0.499229431152, 0.487619400024, 0.510837554932, 0.499229431152, 0.499229431152, 0.499229431152, 0.499229431152, 0.510837554932, 0.476009368896, 0.476009368896, 0.487617492676, 0.487621307373, 0.487617492676, 0.487621307373, 0.487617492676, 0.499229431152, 0.499229431152, 0.510837554932, 0.510841369629, 0.487617492676, 0.487617492676, 0.487621307373, 0.487617492676, 0.487621307373, 0.46439743042, 0.46439743042, 0.464401245117, 0.46439743042, 0.464401245117, 0.46439743042, 0.476009368896, 0.476009368896, 0.510837554932, 0.510841369629, 0.487617492676, 0.476009368896, 0.476009368896, 0.476009368896, 0.545669555664, 0.545669555664, 0.557277679443, 0.615329742432, 0.603717803955, 0.661769866943, 0.661766052246, 0.708209991455, 0.708209991455, 0.708206176758, 0.708209991455, 0.708206176758, 0.708209991455, 0.708209991455]
    onset_times: [1.97369611263, 2.10140585899, 2.28716564178, 2.53097510338, 2.67029476166, 3.21596360207, 4.20281171799, 4.36535167694, 4.76009082794, 5.14321994781, 5.38702964783, 5.67727899551, 6.14167785645, 6.93115663528, 7.85995483398, 8.16181373596, 8.83519268036, 9.21832180023, 9.67111110687, 9.77560043335, 10.3444900513, 10.4605894089, 10.5534696579, 10.7508392334, 12.3181858063, 12.6084356308, 12.8754644394, 13.0496149063, 13.7810430527, 14.1409521103, 14.5473012924, 14.9536504745, 15.2555103302, 15.4644899368, 15.5689792633, 15.9172792435, 16.5674381256, 18.2508850098, 18.6920642853, 19.0287532806, 19.3306121826, 19.5976409912, 19.9111118317, 20.549659729, 20.8282985687, 21.1417694092, 21.4668483734, 21.7687072754, 22.0937862396, 23.2663936615, 23.6959629059, 24.3112926483, 25.0311107635, 25.2749214172, 25.9366893768, 26.923538208, 27.1557369232, 27.3879356384, 27.6665763855, 27.8987751007, 28.1541957855, 28.409614563, 28.6418132782, 29.6054420471, 29.8376426697, 30.3252601624, 30.8477096558, 31.3121089935, 32.1248054504, 33.4251251221, 33.8895225525, 34.1101150513, 34.3539237976, 34.6093406677, 34.8299331665, 35.0621299744, 35.2827224731, 35.5497512817, 35.7819519043, 36.0257606506, 36.2811775208, 36.5365982056, 36.7804069519, 37.0242195129, 37.2331962585, 37.7208175659, 37.976234436, 38.2316551208, 38.730884552, 39.2301139832, 39.485534668, 39.7641716003, 40.0660324097, 40.3214530945, 41.3199081421, 42.2138786316, 42.8988647461, 43.1194572449, 44.0482521057, 45.4646720886, 49.9577331543, 50.9097518921, 51.1651687622, 52.2216796875, 53.4175071716, 54.2998657227, 55.4492530823, 55.6117897034, 57.7131958008]
    perceptual_tempo: "unknown"

sfx:
    inharmonicity:
        dmean: 0.0541674718261
        dmean2: 0.0976323112845
        dvar: 0.00463749608025
        dvar2: 0.0130840875208
        max: 0.45960316062
        mean: 0.0542984157801
        median: 0.0284813996404
        min: 0
        var: 0.00479589821771
    oddtoevenharmonicenergyratio:
        dmean: 11.3133974075
        dmean2: 20.7893028259
        dvar: 8415.80859375
        dvar2: 23236.1152344
        max: 3482.05639648
        mean: 8.27426719666
        median: 0.747653603554
        min: 0
        var: 6687.515625
    pitch_after_max_to_before_max_energy_ratio: 31.7441902161
    pitch_centroid: 694.39465332
    pitch_max_to_total: 0.00158541416749
    pitch_min_to_total: 0.878319442272
    tristimulus:
        dmean: [0.210605889559, 0.240372925997, 0.0753673389554]
        dmean2: [0.377884119749, 0.427337169647, 0.133260428905]
        dvar: [0.0446191094816, 0.0539291389287, 0.00975764915347]
        dvar2: [0.120780803263, 0.148460745811, 0.0273747518659]
        max: [1, 0.999667346478, 0.818410217762]
        mean: [0.327891677618, 0.566432535648, 0.0801396518946]
        median: [0.278613656759, 0.59602612257, 0.0419887937605]
        min: [0.00026565164444, 0, 0]
        var: [0.0601669885218, 0.0683075636625, 0.011918832548]

tonal:
    chords_changes_rate: 0.0483359731734
    chords_number_rate: 0.00713153742254
    chords_strength:
        dmean: 0.00985813979059
        dmean2: 0.00958404690027
        dvar: 0.00151623773854
        dvar2: 0.00321098743007
        max: 0.726437926292
        mean: 0.50062251091
        median: 0.516955375671
        min: -1
        var: 0.0401259697974
    key_strength: 0.730980873108
    tuning_diatonic_strength: 0.516408264637
    tuning_equal_tempered_deviation: 0.0529828891158
    tuning_frequency: 442.03793335
    tuning_nontempered_energy_ratio: 0.628403127193
    hpcp:
        dmean: [0.103950798512, 0.0870736315846, 0.0556778460741, 0.0563321225345, 0.0604439042509, 0.0568933859468, 0.0603225715458, 0.0559006407857, 0.0578960813582, 0.0649053156376, 0.0587019175291, 0.105153493583, 0.136087417603, 0.10975317657, 0.0594701692462, 0.0549933612347, 0.0573645867407, 0.0694682374597, 0.0722205340862, 0.0655688941479, 0.0604891963303, 0.0634728893638, 0.0705090463161, 0.0981810837984, 0.0936443731189, 0.0893389061093, 0.0895228311419, 0.0871057584882, 0.0787173360586, 0.0598269104958, 0.0512648783624, 0.0519172549248, 0.0956806764007, 0.127655744553, 0.123761169612, 0.112161561847]
        dmean2: [0.167968764901, 0.14825001359, 0.0921351313591, 0.0929887592793, 0.100239463151, 0.0920457541943, 0.0965033248067, 0.0934640467167, 0.0962240323424, 0.107354253531, 0.0978524833918, 0.171630382538, 0.213442757726, 0.174737602472, 0.0998310595751, 0.0914788320661, 0.0963844656944, 0.117082506418, 0.116322807968, 0.107618242502, 0.101617284119, 0.101183108985, 0.116768829525, 0.158784896135, 0.151479110122, 0.146746486425, 0.147120267153, 0.137764930725, 0.130169525743, 0.101755931973, 0.0839448869228, 0.087312117219, 0.152927339077, 0.205190747976, 0.205068409443, 0.187862932682]
        dvar: [0.0263980980963, 0.0222104210407, 0.0134667782113, 0.0129821971059, 0.0160891003907, 0.0124569209293, 0.015562042594, 0.0174645073712, 0.0133357597515, 0.0139300245792, 0.0140107264742, 0.0190066806972, 0.036856725812, 0.0200925786048, 0.0158862173557, 0.0154012199491, 0.0178535990417, 0.0174811836332, 0.014248078689, 0.0143434526399, 0.0147725623101, 0.0165692456067, 0.0151695646346, 0.0208370275795, 0.0248607974499, 0.018117044121, 0.0208176951855, 0.0219798386097, 0.0190039370209, 0.0187604390085, 0.014417023398, 0.0136972200125, 0.0163779873401, 0.0316313430667, 0.0266145113856, 0.0328748226166]
        dvar2: [0.0602100305259, 0.0563318878412, 0.034584838897, 0.0332978703082, 0.0428181961179, 0.0322600752115, 0.0378514863551, 0.0463477522135, 0.0342308096588, 0.0360415577888, 0.0374363325536, 0.0451906360686, 0.0767739638686, 0.0487548150122, 0.040823161602, 0.0412719920278, 0.0473036915064, 0.0464183390141, 0.0343829914927, 0.0407960303128, 0.0411162115633, 0.0408670715988, 0.0394935682416, 0.0527760647237, 0.0550871640444, 0.0490779392421, 0.0528865680099, 0.0480897836387, 0.0493508055806, 0.0480233505368, 0.0351683795452, 0.0352547541261, 0.0419849902391, 0.0717159882188, 0.0759107843041, 0.0897390469909]
        max: [1, 1, 1, 1, 1, 1, 1, 1, 1, 1, 1, 1, 1, 1, 1, 1, 1, 1, 1, 1, 1, 1, 1, 1, 1, 1, 1, 1, 1, 1, 1, 1, 1, 1, 1, 1]
