
metadata:
    version:
        essentia: "2.1-beta2"
    audio_properties:
        analysis_sample_rate: 44100
        bitrate: 255
        channels: 2
        equal_loudness: 1
        length: 214.41305542
        replay_gain: -14.3757762909
        downmix: "mix"
    tags:
        album: "End of Silence"
        artist: ""
        comment: ""
        date: ""
        genre: ""
        title: "Breathe Into Me"
        tracknumber: "2"

configuration:
    average_loudness:
        compute: 1
        frameSize: 88200
        hopSize: 44100
        silentFrames: "noise"
        windowType: "hann"
    general:
        analysisSampleRate: 44100
        endTime: 2000
        equalLoudness: 1
        nequalLoudness: 0
        shortSound: 0
        startTime: 0
    lowlevel:
        compute: 1
        frameSize: 2048
        hopSize: 1024
        zeroPadding: 0
        silentFrames: "noise"
        windowType: "blackmanharris62"
        mfccStats: ["mean", "cov", "icov"]
        stats: ["mean", "var", "median", "min", "max", "dmean", "dmean2", "dvar", "dvar2"]
    panning:
        compute: 0
        frameSize: 8192
        hopSize: 2048
        zeroPadding: 8192
        silentFrames: "noise"
        windowType: "hann"
        stats: ["copy"]
    rhythm:
        compute: 1
        maxTempo: 208
        minTempo: 40
        method: "degara"
        stats: ["mean", "var", "median", "min", "max", "dmean", "dmean2", "dvar", "dvar2"]
    segmentation:
        compute: 0
        cpw: 5
        inc1: 300
        inc2: 50
        minimumSegmentsLength: 10
        size1: 1000
        size2: 600
    sfx:
        compute: 1
        stats: ["mean", "var", "median", "min", "max", "dmean", "dmean2", "dvar", "dvar2"]
    svm:
        compute: 0
    tonal:
        compute: 1
        frameSize: 4096
        hopSize: 2048
        zeroPadding: 0
        silentFrames: "noise"
        windowType: "blackmanharris62"
        stats: ["mean", "var", "median", "min", "max", "dmean", "dmean2", "dvar", "dvar2"]

lowlevel:
    average_loudness: 0.911928236485
    barkbands_kurtosis:
        dmean: 0.86879336834
        dmean2: 1.34245491028
        dvar: 9.7081413269
        dvar2: 19.3877277374
        max: 135.927200317
        mean: 0.174634173512
        median: -0.605849444866
        min: -1.8463549614
        var: 24.5857982635
    barkbands_skewness:
        dmean: 0.308362483978
        dmean2: 0.478357762098
        dvar: 0.116752378643
        dvar2: 0.258848458529
        max: 9.04206371307
        mean: -0.576290667057
        median: -0.632047653198
        min: -5.04485654831
        var: 0.678925156593
    barkbands_spread:
        dmean: 4.5136756897
        dmean2: 7.06723928452
        dvar: 22.0097103119
        dvar2: 51.5367622375
        max: 73.4319992065
        mean: 25.139087677
        median: 24.5733547211
        min: 0.463465362787
        var: 69.8889389038
    dissonance:
        dmean: 0.0100737502798
        dmean2: 0.0170432142913
        dvar: 0.000110861634312
        dvar2: 0.000293338438496
        max: 0.500000059605
        mean: 0.482942253351
        median: 0.487160384655
        min: 0.295027345419
        var: 0.000218358531129
    hfc:
        dmean: 2.03143668175
        dmean2: 3.33137440681
        dvar: 5.66956996918
        dvar2: 14.2897262573
        max: 38.0235710144
        mean: 10.4670372009
        median: 10.3645267487
        min: 1.58045521115e-009
        var: 40.0331306458
    pitch:
        dmean: 659.368469238
        dmean2: 1254.00097656
        dvar: 1149698.75
        dvar2: 2878027.75
        max: 4816.82568359
        mean: 1244.25036621
        median: 413.706726074
        min: 65.7644729614
        var: 1799293.125
    pitch_instantaneous_confidence:
        dmean: 0.074470795691
        dmean2: 0.121026717126
        dvar: 0.00377196772024
        dvar2: 0.00919507164508
        max: 0.951998889446
        mean: 0.379444986582
        median: 0.360147178173
        min: 0.124331593513
        var: 0.0159902460873
    pitch_salience:
        dmean: 0.047735132277
        dmean2: 0.0787503346801
        dvar: 0.00182893907186
        dvar2: 0.00475144991651
        max: 0.894739031792
        mean: 0.688027918339
        median: 0.699300825596
        min: 0.130437597632
        var: 0.00587922940031
    silence_rate_20dB:
        dmean: 0
        dmean2: 0
        dvar: 0
        dvar2: 0
        max: 1
        mean: 1
        median: 1
        min: 1
        var: 0
    silence_rate_30dB:
        dmean: 0
        dmean2: 0
        dvar: 0
        dvar2: 0
        max: 1
        mean: 1
        median: 1
        min: 1
        var: 0
    silence_rate_60dB:
        dmean: 0.0422352179885
        dmean2: 0.08447958529
        dvar: 0.0404470339417
        dvar2: 0.0916431248188
        max: 1
        mean: 0.296155929565
        median: 0
        min: 0
        var: 0.208475962281
    spectral_centroid:
        dmean: 189.279724121
        dmean2: 292.154510498
        dvar: 37138.671875
        dvar2: 80354
        max: 6252.34375
        mean: 2099.26098633
        median: 2137.45288086
        min: 132.107498169
        var: 228452.609375
    spectral_complexity:
        dmean: 3.25925922394
        dmean2: 5.39434623718
        dvar: 9.96626853943
        dvar2: 25.7754535675
        max: 50
        mean: 19.2016239166
        median: 22
        min: 0
        var: 98.032623291
    spectral_crest:
        dmean: 1.54033708572
        dmean2: 2.53276324272
        dvar: 2.19026017189
        dvar2: 5.68721675873
        max: 22.3590946198
        mean: 6.24955606461
        median: 5.61615467072
        min: 1.95967543125
        var: 5.88820028305
    spectral_decrease:
        dmean: 1.87490759029e-010
        dmean2: 3.09166192647e-010
        dvar: 5.56093557162e-020
        dvar2: 1.4478933253e-019
        max: -7.1458103941e-020
        mean: -1.04877151408e-009
        median: -1.06640540842e-009
        min: -3.47549056201e-009
        var: 3.64501557168e-019
    spectral_energy:
        dmean: 0.000871883763466
        dmean2: 0.00143930863123
        dvar: 1.16449405141e-006
        dvar2: 3.01736258734e-006
        max: 0.0163753256202
        mean: 0.00490769743919
        median: 0.00499095302075
        min: 4.13051645838e-013
        var: 7.96022413851e-006
    spectral_energyband_high:
        dmean: 0.000123948979308
        dmean2: 0.00020674917323
        dvar: 2.94713782267e-008
        dvar2: 7.79697657549e-008
        max: 0.00267464248464
        mean: 0.000362615857739
        median: 0.000318418839015
        min: 1.93390225708e-013
        var: 7.41111563229e-008
    spectral_energyband_low:
        dmean: 9.85831720755e-005
        dmean2: 0.000165785502759
        dvar: 3.03308098637e-008
        dvar2: 8.01715955845e-008
        max: 0.00261571398005
        mean: 0.000163239936228
        median: 0.00011450216698
        min: 3.49035871311e-015
        var: 3.72455879472e-008
    spectral_energyband_middle_high:
        dmean: 0.00067822082201
        dmean2: 0.0010946317343
        dvar: 5.65031939459e-007
        dvar2: 1.35333914386e-006
        max: 0.0135438060388
        mean: 0.00350938760675
        median: 0.00330962799489
        min: 2.21644669849e-013
        var: 5.04256513523e-006
    spectral_energyband_middle_low:
        dmean: 0.000340691331076
        dmean2: 0.000546718365513
        dvar: 2.9888269637e-007
        dvar2: 7.70942904182e-007
        max: 0.00872673094273
        mean: 0.000944185478147
        median: 0.000805617659353
        min: 8.67948985931e-015
        var: 5.99653390054e-007
    spectral_flatness_db:
        dmean: 0.01202339679
        dmean2: 0.0182694680989
        dvar: 0.000153720975504
        dvar2: 0.000303163687931
        max: 0.475590854883
        mean: 0.128531351686
        median: 0.117436870933
        min: 0.0540953986347
        var: 0.00200221058913
    spectral_flux:
        dmean: 0.00599100254476
        dmean2: 0.00933255255222
        dvar: 4.05181308452e-005
        dvar2: 9.07122739591e-005
        max: 0.111282110214
        mean: 0.040399748832
        median: 0.0406403727829
        min: 1.33073547204e-006
        var: 0.000258090847638
    spectral_kurtosis:
        dmean: 1.05894374847
        dmean2: 1.72512376308
        dvar: 3.03433251381
        dvar2: 8.00299549103
        max: 52.2663269043
        mean: 4.5709939003
        median: 4.296397686
        min: -1.27020430565
        var: 8.44730472565
    spectral_rms:
        dmean: 0.00018937853747
        dmean2: 0.000308580318233
        dvar: 4.31117754829e-008
        dvar2: 1.07062454902e-007
        max: 0.00399698968977
        mean: 0.00205679051578
        median: 0.00220663147047
        min: 2.00742924505e-008
        var: 5.57596706585e-007
    spectral_rolloff:
        dmean: 252.478424072
        dmean2: 404.679016113
        dvar: 124076.359375
        dvar2: 251421.53125
        max: 9797.60742188
        mean: 3417.16674805
        median: 3402.24609375
        min: 107.666015625
        var: 479847.5625
    spectral_skewness:
        dmean: 0.152340635657
        dmean2: 0.240337952971
        dvar: 0.0377000905573
        dvar2: 0.0850398167968
        max: 6.08090591431
        mean: 1.60052669048
        median: 1.62637627125
        min: -0.163057997823
        var: 0.133308574557
    spectral_spread:
        dmean: 519832.65625
        dmean2: 751275.75
        dvar: 351082283008
        dvar2: 624571514880
        max: 17627684
        mean: 5196098
        median: 5133813.5
        min: 874183.125
        var: 2.69144607949e+012
    spectral_strongpeak:
        dmean: 0.589116573334
        dmean2: 0.991349697113
        dvar: 0.499922215939
        dvar2: 1.28218531609
        max: 8.02575111389
        mean: 1.11065006256
        median: 0.858037352562
        min: 6.64304434395e-006
        var: 1.14235758781
    zerocrossingrate:
        dmean: 0.00626119971275
        dmean2: 0.00752190034837
        dvar: 4.22893681389e-005
        dvar2: 4.94041669299e-005
        max: 0.31689453125
        mean: 0.111155174673
        median: 0.11279296875
        min: 0.005859375
        var: 0.000493728381116
    barkbands:
        dmean: [4.39202750613e-007, 4.02252808271e-005, 5.30493853148e-005, 5.30706602149e-005, 0.00011276803707, 0.000120238306408, 8.60369254951e-005, 7.55433939048e-005, 0.000101100202301, 0.000127782433992, 5.80558589718e-005, 7.90864141891e-005, 6.84600454406e-005, 0.000108031650598, 0.000121874923934, 0.00018005957827, 0.000254689715803, 0.000225219526328, 0.000226526535698, 0.000145061625517, 5.5464272009e-005, 1.94747062778e-005, 5.49808055439e-006, 4.30786394645e-006, 3.038235036e-006, 1.24357114828e-007, 3.23296034388e-009]
        dmean2: [7.26219866465e-007, 6.92080575391e-005, 8.95852354006e-005, 8.90555165824e-005, 0.000182300223969, 0.000198679408641, 0.000141055192216, 0.000120495933515, 0.000156378315296, 0.000196575259906, 8.96343990462e-005, 0.000126937491586, 0.000111031229608, 0.000173284599441, 0.000195440239622, 0.000294586090604, 0.000418441457441, 0.00037412691745, 0.000371409463696, 0.00024437851971, 9.255779878e-005, 3.24563952745e-005, 8.54098561831e-006, 6.52078369967e-006, 4.58350996269e-006, 1.89929409089e-007, 4.86633755514e-009]
        dvar: [6.33367165138e-013, 8.58989324115e-009, 9.87649961814e-009, 7.88423637488e-009, 4.36530456227e-008, 7.07717617843e-008, 2.65212083406e-008, 3.45401502955e-008, 4.03858244624e-008, 5.16232603331e-008, 1.24370345134e-008, 2.15725375341e-008, 2.51931400186e-008, 3.56991343153e-008, 4.55141773159e-008, 8.51216341857e-008, 1.15666374256e-007, 8.66136531386e-008, 8.56979696096e-008, 3.75435149635e-008, 6.12861006388e-009, 9.22850795781e-010, 8.30620711101e-011, 1.08568938562e-010, 5.65690064236e-011, 4.59652965917e-014, 4.09189043673e-017]
        dvar2: [1.77267716565e-012, 2.35993002917e-008, 2.61916177635e-008, 2.07072652358e-008, 1.10950360011e-007, 1.8966341031e-007, 6.73841000776e-008, 7.88861314049e-008, 9.34155437449e-008, 1.15993714189e-007, 2.50511913436e-008, 5.31441060048e-008, 6.17876807496e-008, 8.55467945371e-008, 1.05249391424e-007, 2.07076766401e-007, 2.89669429776e-007, 2.24067051136e-007, 2.14053741843e-007, 9.82975265629e-008, 1.61559245981e-008, 2.39129915869e-009, 1.80541886996e-010, 2.15477691246e-010, 1.20440088458e-010, 9.81122193038e-014, 9.13915396688e-017]
        max: [8.48579747981e-006, 0.00109177199192, 0.00188808469102, 0.00190468551591, 0.00309501122683, 0.00648339278996, 0.00327141652815, 0.00317890173756, 0.00465869856998, 0.00471567176282, 0.00308736250736, 0.00337575096637, 0.0032329459209, 0.00472775707021, 0.00634510302916, 0.00633560307324, 0.00676628993824, 0.00600358750671, 0.00533786136657, 0.00348346866667, 0.00191037973855, 0.000590283423662, 0.000224573945161, 0.000365282583516, 0.000388575688703, 5.69332041778e-006, 8.42319280991e-008]
        mean: [6.21579886229e-007, 4.70997292723e-005, 7.63163116062e-005, 7.75422158767e-005, 0.000201792994631, 0.000195841421373, 0.000133085326524, 0.000108543681563, 0.000192286781385, 0.000337039324222, 0.000106295687146, 0.000152255932335, 0.000116657734907, 0.000198270747205, 0.000237602711422, 0.000406751816627, 0.000602991669439, 0.000569353403989, 0.000591741350945, 0.00033845071448, 0.000144134377479, 4.27770501119e-005, 1.3092518202e-005, 1.03030570244e-005, 6.58373437545e-006, 2.68128587777e-007, 6.02038818798e-009]
        median: [2.90867944841e-007, 2.61912828137e-005, 4.39951545559e-005, 4.47523780167e-005, 0.000133468594868, 0.000100822173408, 7.12998298695e-005, 4.47743659606e-005, 9.66560910456e-005, 8.50444994285e-005, 5.35046929144e-005, 8.58662242536e-005, 5.66417402297e-005, 0.000100798577478, 0.000141674143379, 0.000307397596771, 0.000468185462523, 0.000474001688417, 0.000481882627355, 0.000274880847428, 0.00012716074707, 3.05897010549e-005, 8.75055866345e-006, 7.13992903911e-006, 4.42410328105e-006, 1.70893486029e-007, 2.96905389163e-009]
        min: [5.08944563858e-016, 2.24449458517e-015, 3.41247233955e-016, 3.74815467292e-016, 2.65083248948e-016, 1.16757742543e-015, 2.24089300108e-015, 2.74641856939e-015, 4.27046562844e-016, 6.34186738972e-015, 7.0456751124e-015, 3.36780977455e-015, 1.03645121948e-015, 3.0289775374e-015, 8.15692558799e-015, 1.1990589931e-014, 2.97093418118e-014, 3.27778304715e-014, 2.72185584211e-014, 1.97789823257e-013, 4.5108919177e-014, 9.48725435913e-015, 7.60736468258e-015, 4.53041204608e-015, 5.90640902208e-015, 4.69830964634e-016, 7.85263651911e-016]
        var: [7.94712548807e-013, 6.62695542886e-009, 1.27388899429e-008, 1.05253281646e-008, 6.50509903721e-008, 9.42325826259e-008, 3.71929687049e-008, 5.7668458453e-008, 8.93288856219e-008, 3.95367749206e-007, 3.63419658811e-008, 5.36898205894e-008, 4.16266452419e-008, 8.74996644029e-008, 1.0964525643e-007, 2.26621267529e-007, 3.67947393443e-007, 2.69025377975e-007, 2.7158759508e-007, 8.3462005307e-008, 1.48408227929e-008, 1.93988669572e-009, 2.31643468296e-010, 2.81320661211e-010, 1.13306357352e-010, 1.02597028367e-013, 7.27406814986e-017]
    frequency_bands:
        dmean: [4.39202750613e-007, 4.02252808271e-005, 5.30493853148e-005, 5.30706602149e-005, 0.00011276803707, 0.000120238306408, 8.60369254951e-005, 7.55433939048e-005, 0.000101100202301, 0.000127782433992, 5.80558589718e-005, 7.90864141891e-005, 6.84600454406e-005, 0.000108031650598, 0.000121874923934, 0.00018005957827, 0.000254689715803, 0.000225219526328, 0.000226526535698, 0.000145061625517, 5.5464272009e-005, 1.94747062778e-005, 5.49808055439e-006, 4.30786394645e-006, 3.038235036e-006, 1.24357114828e-007, 3.23296034388e-009, 6.06803773895e-011]
        dmean2: [7.26219866465e-007, 6.92080575391e-005, 8.95852354006e-005, 8.90555165824e-005, 0.000182300223969, 0.000198679408641, 0.000141055192216, 0.000120495933515, 0.000156378315296, 0.000196575259906, 8.96343990462e-005, 0.000126937491586, 0.000111031229608, 0.000173284599441, 0.000195440239622, 0.000294586090604, 0.000418441457441, 0.00037412691745, 0.000371409463696, 0.00024437851971, 9.255779878e-005, 3.24563952745e-005, 8.54098561831e-006, 6.52078369967e-006, 4.58350996269e-006, 1.89929409089e-007, 4.86633755514e-009, 1.12976225597e-010]
        dvar: [6.33367165138e-013, 8.58989324115e-009, 9.87649961814e-009, 7.88423637488e-009, 4.36530456227e-008, 7.07717617843e-008, 2.65212083406e-008, 3.45401502955e-008, 4.03858244624e-008, 5.16232603331e-008, 1.24370345134e-008, 2.15725375341e-008, 2.51931400186e-008, 3.56991343153e-008, 4.55141773159e-008, 8.51216341857e-008, 1.15666374256e-007, 8.66136531386e-008, 8.56979696096e-008, 3.75435149635e-008, 6.12861006388e-009, 9.22850795781e-010, 8.30620711101e-011, 1.08568938562e-010, 5.65690064236e-011, 4.59652965917e-014, 4.09189043673e-017, 8.52810448404e-021]
        dvar2: [1.77267716565e-012, 2.35993002917e-008, 2.61916177635e-008, 2.07072652358e-008, 1.10950360011e-007, 1.8966341031e-007, 6.73841000776e-008, 7.88861314049e-008, 9.34155437449e-008, 1.15993714189e-007, 2.50511913436e-008, 5.31441060048e-008, 6.17876807496e-008, 8.55467945371e-008, 1.05249391424e-007, 2.07076766401e-007, 2.89669429776e-007, 2.24067051136e-007, 2.14053741843e-007, 9.82975265629e-008, 1.61559245981e-008, 2.39129915869e-009, 1.80541886996e-010, 2.15477691246e-010, 1.20440088458e-010, 9.81122193038e-014, 9.13915396688e-017, 2.73033353211e-020]
        max: [8.48579747981e-006, 0.00109177199192, 0.00188808469102, 0.00190468551591, 0.00309501122683, 0.00648339278996, 0.00327141652815, 0.00317890173756, 0.00465869856998, 0.00471567176282, 0.00308736250736, 0.00337575096637, 0.0032329459209, 0.00472775707021, 0.00634510302916, 0.00633560307324, 0.00676628993824, 0.00600358750671, 0.00533786136657, 0.00348346866667, 0.00191037973855, 0.000590283423662, 0.000224573945161, 0.000365282583516, 0.000388575688703, 5.69332041778e-006, 8.42319280991e-008, 1.35701838655e-009]
        mean: [6.21579886229e-007, 4.70997292723e-005, 7.63163116062e-005, 7.75422158767e-005, 0.000201792994631, 0.000195841421373, 0.000133085326524, 0.000108543681563, 0.000192286781385, 0.000337039324222, 0.000106295687146, 0.000152255932335, 0.000116657734907, 0.000198270747205, 0.000237602711422, 0.000406751816627, 0.000602991669439, 0.000569353403989, 0.000591741350945, 0.00033845071448, 0.000144134377479, 4.27770501119e-005, 1.3092518202e-005, 1.03030570244e-005, 6.58373437545e-006, 2.68128587777e-007, 6.02038818798e-009, 4.66844965463e-011]
        median: [2.90867944841e-007, 2.61912828137e-005, 4.39951545559e-005, 4.47523780167e-005, 0.000133468594868, 0.000100822173408, 7.12998298695e-005, 4.47743659606e-005, 9.66560910456e-005, 8.50444994285e-005, 5.35046929144e-005, 8.58662242536e-005, 5.66417402297e-005, 0.000100798577478, 0.000141674143379, 0.000307397596771, 0.000468185462523, 0.000474001688417, 0.000481882627355, 0.000274880847428, 0.00012716074707, 3.05897010549e-005, 8.75055866345e-006, 7.13992903911e-006, 4.42410328105e-006, 1.70893486029e-007, 2.96905389163e-009, 1.53368706624e-011]
        min: [5.08944563858e-016, 2.24449458517e-015, 3.41247233955e-016, 3.74815467292e-016, 2.65083248948e-016, 1.16757742543e-015, 2.24089300108e-015, 2.74641856939e-015, 4.27046562844e-016, 6.34186738972e-015, 7.0456751124e-015, 3.36780977455e-015, 1.03645121948e-015, 3.0289775374e-015, 8.15692558799e-015, 1.1990589931e-014, 2.97093418118e-014, 3.27778304715e-014, 2.72185584211e-014, 1.97789823257e-013, 4.5108919177e-014, 9.48725435913e-015, 7.60736468258e-015, 4.53041204608e-015, 5.90640902208e-015, 4.69830964634e-016, 7.85263651911e-016, 3.07893555345e-019]
        var: [7.94712548807e-013, 6.62695542886e-009, 1.27388899429e-008, 1.05253281646e-008, 6.50509903721e-008, 9.42325826259e-008, 3.71929687049e-008, 5.7668458453e-008, 8.93288856219e-008, 3.95367749206e-007, 3.63419658811e-008, 5.36898205894e-008, 4.16266452419e-008, 8.74996644029e-008, 1.0964525643e-007, 2.26621267529e-007, 3.67947393443e-007, 2.69025377975e-007, 2.7158759508e-007, 8.3462005307e-008, 1.48408227929e-008, 1.93988669572e-009, 2.31643468296e-010, 2.81320661211e-010, 1.13306357352e-010, 1.02597028367e-013, 7.27406814986e-017, 6.68670754423e-021]
    mfcc:
        mean: [-697.16583252, 82.4628753662, -59.3158302307, 35.4283180237, -6.8482708931, -14.2692337036, -0.00449301162735, -2.32603144646, -0.390096008778, -5.9730424881, -6.59296798706, -6.1500825882, -5.2561173439]
        cov: [[6223.42236328, 65.0304641724, -83.6028137207, 495.128051758, -1.42182910442, 92.0555725098, -93.3175201416, 95.1211166382, 211.587890625, 0.84000235796, 71.6709365845, 39.6061820984, 70.2320404053], [65.0304641724, 451.782775879, -70.7758255005, 87.1912994385, 44.4651641846, 9.39316368103, 33.0351257324, 31.3625526428, 12.284201622, -8.61487865448, -12.3971586227, -19.0607147217, -13.0465364456], [-83.6028137207, -70.7758255005, 569.078430176, 12.8484134674, 132.6615448, 105.211975098, -0.492590278387, 51.2406387329, 20.834072113, -10.1186542511, -3.41040039063, 29.815782547, 2.25691318512], [495.128051758, 87.1912994385, 12.8484134674, 374.117156982, 156.341781616, -1.007396698, -9.84535884857, 14.493938446, 57.0273666382, -2.14338994026, 20.4707508087, 5.86053085327, 10.3682346344], [-1.42182910442, 44.4651641846, 132.6615448, 156.341781616, 225.668380737, 16.7161769867, 1.77282595634, 24.3984451294, 31.3154621124, 3.1582224369, -1.44612205029, 14.5320978165, 0.365531027317], [92.0555725098, 9.39316368103, 105.211975098, -1.007396698, 16.7161769867, 136.136947632, 43.2808799744, 42.5144386292, 16.2291908264, 10.4518766403, 11.0696191788, -2.29008173943, -1.35548305511], [-93.3175201416, 33.0351257324, -0.492590278387, -9.84535884857, 1.77282595634, 43.2808799744, 115.454734802, 37.27135849, 16.5102291107, 13.6272153854, 7.81416940689, -0.745991826057, -4.38430404663], [95.1211166382, 31.3625526428, 51.2406387329, 14.493938446, 24.3984451294, 42.5144386292, 37.27135849, 104.346031189, 33.8484687805, 16.3550033569, 1.91909909248, -2.3133161068, 4.50940752029], [211.587890625, 12.284201622, 20.834072113, 57.0273666382, 31.3154621124, 16.2291908264, 16.5102291107, 33.8484687805, 108.88974762, 16.6899833679, 19.2041511536, 8.0542678833, 6.24515533447], [0.84000235796, -8.61487865448, -10.1186542511, -2.14338994026, 3.1582224369, 10.4518766403, 13.6272153854, 16.3550033569, 16.6899833679, 75.7424697876, 20.7177677155, 8.07472610474, 0.349238008261], [71.6709365845, -12.3971586227, -3.41040039063, 20.4707508087, -1.44612205029, 11.0696191788, 7.81416940689, 1.91909909248, 19.2041511536, 20.7177677155, 63.2151832581, 21.7117118835, 5.4392375946], [39.6061820984, -19.0607147217, 29.815782547, 5.86053085327, 14.5320978165, -2.29008173943, -0.745991826057, -2.3133161068, 8.0542678833, 8.07472610474, 21.7117118835, 68.5499191284, 26.5874328613], [70.2320404053, -13.0465364456, 2.25691318512, 10.3682346344, 0.365531027317, -1.35548305511, -4.38430404663, 4.50940752029, 6.24515533447, 0.349238008261, 5.4392375946, 26.5874328613, 53.9612922668]]
        icov: [[0.000210366866668, 1.16443543448e-005, 5.26248695678e-005, -0.00034072555718, 0.000284218956949, -0.000240494351601, 0.000306111585815, -0.000172288229805, -0.000278399355011, 7.40519608371e-005, 4.44774423158e-006, -0.000128533472889, -8.17906256998e-005], [1.16443543448e-005, 0.00256909360178, 0.000534007966053, -0.000517927575856, -0.0003839879937, -0.000244423252298, -0.000515070627443, -0.000739638577215, 0.00010422552441, 0.000467407109682, 0.000538430758752, 9.89368854789e-005, 0.000581484113354], [5.26248695678e-005, 0.000534007966053, 0.0027958326973, 0.000509871810209, -0.00176177790854, -0.00215075374581, 0.000956317002419, -0.000851427728776, -0.000165610952536, 0.000884022563696, 0.000432749395259, -0.0012978783343, 0.000561781052966], [-0.00034072555718, -0.000517927575856, 0.000509871810209, 0.00503272004426, -0.0037223843392, 0.000366950640455, 0.000222398957703, 0.000475649809232, -0.00100886065047, 0.000698076502886, -0.00175514689181, 0.00118145381566, -0.000950287270825], [0.000284218956949, -0.0003839879937, -0.00176177790854, -0.0037223843392, 0.00839890073985, 0.000284242036287, 8.55496982695e-005, -0.000665694533382, -0.000615661265329, -0.000830388860777, 0.00185730203521, -0.00183669489343, 0.00113335927017], [-0.000240494351601, -0.000244423252298, -0.00215075374581, 0.000366950640455, 0.000284242036287, 0.0110693285242, -0.00347402133048, -0.00200257590041, 0.000452368985862, -0.000528972304892, -0.00206716987304, 0.00199374509975, -0.00038832455175], [0.000306111585815, -0.000515070627443, 0.000956317002419, 0.000222398957703, 8.55496982695e-005, -0.00347402133048, 0.0116327991709, -0.00305862841196, -0.000992474146187, -0.000422640936449, -0.000525358773302, -0.000984000274912, 0.00116262037773], [-0.000172288229805, -0.000739638577215, -0.000851427728776, 0.000475649809232, -0.000665694533382, -0.00200257590041, -0.00305862841196, 0.0137682454661, -0.0029001312796, -0.00220140372403, 0.0013392153196, 0.00171354261693, -0.00208463775925], [-0.000278399355011, 0.00010422552441, -0.000165610952536, -0.00100886065047, -0.000615661265329, 0.000452368985862, -0.000992474146187, -0.0029001312796, 0.0120821194723, -0.00125802785624, -0.00247006537393, 5.15516730957e-005, -0.000401022989536], [7.40519608371e-005, 0.000467407109682, 0.000884022563696, 0.000698076502886, -0.000830388860777, -0.000528972304892, -0.000422640936449, -0.00220140372403, -0.00125802785624, 0.0156507231295, -0.00449187960476, -0.000912976567633, 0.000934404146392], [4.44774423158e-006, 0.000538430758752, 0.000432749395259, -0.00175514689181, 0.00185730203521, -0.00206716987304, -0.000525358773302, 0.0013392153196, -0.00247006537393, -0.00449187960476, 0.0214032940567, -0.00698044057935, 0.00182128942106], [-0.000128533472889, 9.89368854789e-005, -0.0012978783343, 0.00118145381566, -0.00183669489343, 0.00199374509975, -0.000984000274912, 0.00171354261693, 5.15516730957e-005, -0.000912976567633, -0.00698044057935, 0.0219445452094, -0.0102509362623], [-8.17906256998e-005, 0.000581484113354, 0.000561781052966, -0.000950287270825, 0.00113335927017, -0.00038832455175, 0.00116262037773, -0.00208463775925, -0.000401022989536, 0.000934404146392, 0.00182128942106, -0.0102509362623, 0.0240967255086]]
    sccoeffs:
        dmean: [0.047050844878, 0.0447412803769, 0.0349780730903, 0.0289539638907, 0.0208847578615, 0.0167907774448]
        dmean2: [0.0771615207195, 0.0741816535592, 0.057271938771, 0.0479025840759, 0.0342231988907, 0.0272535271943]
        dvar: [0.00150615430903, 0.00128415797371, 0.000744926568586, 0.000497351924423, 0.000276502862107, 0.000244808848947]
        dvar2: [0.00387229048647, 0.00345428241417, 0.00199828995392, 0.00135544012301, 0.000709426531103, 0.000571739044972]
        max: [-0.37938323617, -0.522704780102, -0.558628678322, -0.570533216, -0.571573078632, -0.592789530754]
        mean: [-0.701815485954, -0.768289506435, -0.77958291769, -0.774487495422, -0.77721196413, -0.778131604195]
        median: [-0.710686266422, -0.773478627205, -0.790788114071, -0.775368213654, -0.777879953384, -0.778504550457]
        min: [-0.955728948116, -0.951663911343, -0.94698113203, -0.94875305891, -0.937131583691, -0.927259325981]
        var: [0.00506142433733, 0.00376921053976, 0.00411963090301, 0.00219883001409, 0.00116955279373, 0.00105822400656]
    scvalleys:
        dmean: [0.370641261339, 0.348010599613, 0.269274115562, 0.219880327582, 0.194278612733, 0.199160337448]
        dmean2: [0.604939818382, 0.574203014374, 0.441699743271, 0.362351238728, 0.312502205372, 0.292986214161]
        dvar: [0.124456740916, 0.098904825747, 0.0575986392796, 0.0453003793955, 0.0501170940697, 0.0607535727322]
        dvar2: [0.281390249729, 0.251055508852, 0.138275340199, 0.0996304005384, 0.106500215828, 0.111606694758]
        max: [-5.23661136627, -4.25171899796, -5.25480413437, -5.70225715637, -5.66447019577, -7.38895988464]
        mean: [-7.29391813278, -6.70821857452, -6.81086921692, -6.94566869736, -6.83492422104, -9.31997585297]
        median: [-6.7983045578, -6.51859331131, -6.6703543663, -6.77790737152, -6.56497430801, -8.95876979828]
        min: [-18.8135490417, -18.3757991791, -18.3396015167, -18.6300735474, -17.8008613586, -19.1921005249]
        var: [1.86553788185, 0.837848484516, 0.703913152218, 0.693385779858, 0.916084706783, 1.62670171261]

rhythm:
    beats_loudness:
        dmean: 0.00165063282475
        dmean2: 0.00286480830982
        dvar: 1.85941723885e-006
        dvar2: 5.10883592142e-006
        max: 0.0114008784294
        mean: 0.00539012113586
        median: 0.00593654811382
        min: 1.82927178685e-005
        var: 7.62941908761e-006
    bpm: 82.9093170166
    bpm_confidence: 0
    first_peak_bpm: 83
    first_peak_spread: 0.0375426076353
    first_peak_weight: 0.959183692932
    onset_rate: 1.95883607864
    second_peak_bpm: 78
    second_peak_spread: 0
    second_peak_weight: 0.00340136047453
    beats_loudness_band_ratio:
        dmean: [0.0754813477397, 0.0915546640754, 0.0549559369683, 0.110859073699, 0.117025904357, 0.0814554095268]
        dmean2: [0.133655369282, 0.167232811451, 0.0955260396004, 0.197703450918, 0.20612822473, 0.144427746534]
        dvar: [0.00420503690839, 0.0055349371396, 0.00353879784234, 0.0122452303767, 0.00963547080755, 0.00507131544873]
        dvar2: [0.0132561568171, 0.0187688209116, 0.00920145493001, 0.0327681489289, 0.0265171919018, 0.014542337507]
        max: [0.585063099861, 0.452314764261, 0.466026961803, 0.594407141209, 0.664309620857, 0.583517789841]
        mean: [0.0973402708769, 0.106775015593, 0.0915434211493, 0.149386048317, 0.373229265213, 0.225276261568]
        median: [0.0781895816326, 0.0849087163806, 0.0771307498217, 0.0948828160763, 0.367148756981, 0.220822408795]
        min: [2.05957803701e-006, 0.000131362045067, 0.00568539556116, 0.0015466742916, 0.06248620525, 0.0421654433012]
        var: [0.00657954951748, 0.00641485117376, 0.00370911089703, 0.0157995764166, 0.0142590682954, 0.00793544016778]
    beats_position: [0.754648506641, 1.49768710136, 2.22911548615, 2.96054410934, 3.69197273254, 4.42340135574, 5.14321994781, 5.86303853989, 6.59446716309, 7.32589578629, 8.04571437836, 8.76553249359, 9.4853515625, 10.2051696777, 10.9133787155, 11.6331968307, 12.3530158997, 13.0728340149, 13.7926530838, 14.5240812302, 15.2555103302, 15.9753284454, 16.6951465607, 17.4149665833, 18.1347846985, 18.8662128448, 19.5976409912, 20.3174591064, 21.037279129, 21.7570972443, 22.4769153595, 23.1967334747, 23.9165534973, 24.6363716125, 25.3561897278, 26.0876178741, 26.8074378967, 27.5388660431, 28.2586841583, 28.9785022736, 29.6983222961, 30.4297504425, 31.1495685577, 31.869386673, 32.5892066956, 33.3206329346, 34.0520629883, 34.783493042, 35.5033111572, 36.2231292725, 36.9429473877, 37.6627655029, 38.3825836182, 39.1024017334, 39.8222198486, 40.5536499023, 41.2850799561, 42.0048980713, 42.7247161865, 43.4561424255, 44.1875724792, 44.9073905945, 45.6272087097, 46.347026825, 47.0668487549, 47.7982749939, 48.5297050476, 49.2495231628, 49.9693412781, 50.7123794556, 51.4321975708, 52.152015686, 52.871837616, 53.5916557312, 54.3114738464, 55.0312919617, 55.7627182007, 56.4941482544, 57.2139663696, 57.9337844849, 58.6536026001, 59.37342453, 60.0932426453, 60.8246688843, 61.556098938, 62.2875289917, 62.9957351685, 63.7155532837, 64.4353713989, 65.1668014526, 65.8866195679, 66.6180496216, 67.3378677368, 68.0576858521, 68.7775039673, 69.4973220825, 70.2171401978, 70.9485702515, 71.6800003052, 72.3998184204, 73.1196365356, 73.8394546509, 74.5592727661, 75.2790908813, 75.9989089966, 76.7187271118, 77.4385452271, 78.1699752808, 78.889793396, 79.6212234497, 80.3526535034, 81.0840835571, 81.8039016724, 82.5237197876, 83.2435379028, 83.9633560181, 84.6831741333, 85.4029922485, 86.1228103638, 86.8542404175, 87.5856704712, 88.3054885864, 89.0253067017, 89.7451248169, 90.4649429321, 91.1963729858, 91.9161911011, 92.6360092163, 93.36743927, 94.0988616943, 94.830291748, 95.5501098633, 96.2699279785, 96.9897460938, 97.709564209, 98.4293823242, 99.1492080688, 99.8806304932, 100.612060547, 101.331878662, 102.051696777, 102.79473877, 103.514556885, 104.234375, 104.954193115, 105.67401123, 106.393829346, 107.113647461, 107.833465576, 108.56489563, 109.296325684, 110.016143799, 110.735961914, 111.455780029, 112.175598145, 112.907028198, 113.626846313, 114.358276367, 115.078094482, 115.797912598, 116.517730713, 117.237548828, 117.957366943, 118.688796997, 119.420227051, 120.140045166, 120.859863281, 121.579681396, 122.299499512, 123.019317627, 123.739135742, 124.470565796, 125.190383911, 125.910202026, 126.64163208, 127.361450195, 128.081268311, 128.801086426, 129.532516479, 130.263946533, 130.983764648, 131.703582764, 132.435012817, 133.166442871, 133.886260986, 134.606079102, 135.325897217, 136.045715332, 136.765533447, 137.496963501, 138.216781616, 138.94821167, 139.668029785, 140.3878479, 141.107666016, 141.839096069, 142.570526123, 143.290344238, 144.010162354, 144.729980469, 145.449798584, 146.181228638, 146.901046753, 147.620864868, 148.340682983, 149.072113037, 149.791931152, 150.523345947, 151.254776001, 151.974594116, 152.694412231, 153.414230347, 154.134063721, 154.842269897, 155.585296631, 156.316726685, 157.0365448, 157.756362915, 158.47618103, 159.195999146, 159.915817261, 160.647247314, 161.378677368, 162.098495483, 162.818313599, 163.538131714, 164.257949829, 164.977767944, 165.69758606, 166.429016113, 167.160446167, 167.880264282, 168.600082397, 169.319900513, 170.039718628, 170.771148682, 171.502578735, 172.222396851, 172.942214966, 173.662033081, 174.381851196, 175.11328125, 175.833099365, 176.564529419, 177.284347534, 177.992553711, 178.712371826, 179.44380188, 180.163619995, 180.895050049, 181.626480103, 182.346298218, 183.066116333, 183.785934448, 184.505752563, 185.237182617, 185.968612671, 186.688430786, 187.408248901, 188.128067017, 188.847885132, 189.579315186, 190.310745239, 191.030563354, 191.75038147, 192.481811523, 193.201629639, 193.933059692, 194.652877808, 195.372695923, 196.092514038, 196.812332153, 197.532150269, 198.263580322, 198.983398438, 199.714828491, 200.434646606, 201.154464722, 201.874282837, 202.594100952, 203.313919067, 204.045349121, 204.765167236, 205.484985352, 206.216415405, 206.936233521, 207.656051636, 208.387481689, 209.118911743, 209.838729858, 210.558547974, 211.301589966, 212.056228638, 212.810882568, 213.577133179]
    bpm_estimates: [80.7495040894, 82.0312728882, 82.0312423706, 82.0312423706, 82.0312423706, 83.3543319702, 83.3543319702, 82.0312423706, 82.0312423706, 83.3543319702, 83.3543930054, 83.3542785645, 83.3543930054, 84.7207489014, 83.3543930054, 83.3542785645, 83.3543930054, 83.3542785645, 82.0312957764, 82.0311889648, 83.3543930054, 83.3543930054, 83.3541717529, 83.3543930054, 82.0312957764, 82.0312957764, 83.3543930054, 83.3541717529, 83.3543930054, 83.3543930054, 83.3543930054, 83.3541717529, 83.3543930054, 83.3543930054, 82.0312957764, 83.3541717529, 82.0312957764, 83.3543930054, 83.3543930054, 83.3541717529, 82.0312957764, 83.3543930054, 83.3543930054, 83.3541717529, 82.0315093994, 82.0310821533, 82.0310821533, 83.3543930054, 83.3543930054, 83.3543930054, 83.3543930054, 83.3543930054, 83.3543930054, 83.3543930054, 82.0310821533, 82.0310821533, 83.3543930054, 83.3543930054, 82.0315093994, 82.0310821533, 83.3543930054, 83.3543930054, 83.3543930054, 83.3539505005, 82.0315093994, 82.0310821533, 83.3543930054, 83.3543930054, 80.7495498657, 83.3543930054, 83.3543930054, 83.3539505005, 83.3543930054, 83.3543930054, 83.3543930054, 82.0315093994, 82.0310821533, 83.3543930054, 83.3543930054, 83.3543930054, 83.3539505005, 83.3543930054, 82.0315093994, 82.0310821533, 82.0310821533, 84.7210922241, 83.3543930054, 83.3543930054, 82.0310821533, 83.3543930054, 82.0310821533, 83.3543930054, 83.3543930054, 83.3543930054, 83.3543930054, 83.3543930054, 82.0310821533, 82.0310821533, 83.3543930054, 83.3543930054, 83.3543930054, 83.3543930054, 83.3543930054, 83.3543930054, 83.3543930054, 83.3543930054, 82.0310821533, 83.3543930054, 82.0310821533, 82.0310821533, 82.0310821533, 83.3543930054, 83.3543930054, 83.3543930054, 83.3543930054, 83.3543930054, 83.3543930054, 83.3543930054, 82.0310821533, 82.0310821533, 83.3543930054, 83.3543930054, 83.3543930054, 83.3543930054, 82.0310821533, 83.3543930054, 83.3543930054, 82.0310821533, 82.0319366455, 82.0310821533, 83.3543930054, 83.3543930054, 83.3543930054, 83.3543930054, 83.3543930054, 83.3535079956, 82.0319366455, 82.0310821533, 83.3543930054, 83.3543930054, 80.7491378784, 83.3543930054, 83.3543930054, 83.3543930054, 83.3543930054, 83.3543930054, 83.3543930054, 83.3543930054, 82.0310821533, 82.0310821533, 83.3543930054, 83.3543930054, 83.3543930054, 83.3543930054, 82.0310821533, 83.3543930054, 82.0310821533, 83.3543930054, 83.3543930054, 83.3543930054, 83.3543930054, 83.3543930054, 82.0310821533, 82.0310821533, 83.3543930054, 83.3543930054, 83.3543930054, 83.3543930054, 83.3543930054, 83.3543930054, 82.0310821533, 83.3543930054, 83.3543930054, 82.0310821533, 83.3543930054, 83.3543930054, 83.3543930054, 82.0310821533, 82.0310821533, 83.3543930054, 83.3543930054, 82.0310821533, 82.0310821533, 83.3543930054, 83.3543930054, 83.3543930054, 83.3543930054, 83.3543930054, 82.0310821533, 83.3543930054, 82.0310821533, 83.3543930054, 83.3543930054, 83.3543930054, 82.0310821533, 82.0310821533, 83.3543930054, 83.3543930054, 83.3543930054, 83.3543930054, 82.0310821533, 83.3543930054, 83.3543930054, 83.3543930054, 82.0310821533, 83.3543930054, 82.0327987671, 82.0310821533, 83.3543930054, 83.3543930054, 83.3543930054, 83.3526229858, 84.7210922241, 80.750793457, 82.0310821533, 83.3543930054, 83.3543930054, 83.3543930054, 83.3543930054, 83.3543930054, 82.0310821533, 82.0310821533, 83.3543930054, 83.3543930054, 83.3543930054, 83.3543930054, 83.3543930054, 83.3543930054, 82.0310821533, 82.0310821533, 83.3543930054, 83.3543930054, 83.3543930054, 83.3543930054, 82.0310821533, 82.0310821533, 83.3543930054, 83.3543930054, 83.3543930054, 83.3543930054, 82.0310821533, 83.3543930054, 82.0310821533, 83.3543930054, 84.7210922241, 83.3543930054, 82.0310821533, 83.3543930054, 82.0310821533, 82.0310821533, 83.3543930054, 83.3543930054, 83.3543930054, 83.3543930054, 82.0310821533, 82.0310821533, 83.3543930054, 83.3543930054, 83.3543930054, 83.3543930054, 82.0310821533, 82.0310821533, 83.3543930054, 83.3543930054, 82.0310821533, 83.3543930054, 82.0310821533, 83.3543930054, 83.3543930054, 83.3543930054, 83.3543930054, 83.3543930054, 82.0310821533, 83.3543930054, 82.0310821533, 83.3543930054, 83.3543930054, 83.3543930054, 83.3543930054, 83.3543930054, 82.0310821533, 83.3543930054, 83.3543930054, 82.0310821533, 83.3543930054, 83.3543930054, 82.0310821533, 82.0310821533, 83.3543930054, 83.3543930054, 80.7491378784, 79.5082473755, 79.5066452026]
