
metadata:
    version:
        essentia: "2.1-beta2"
    audio_properties:
        analysis_sample_rate: 44100
        bitrate: 255
        channels: 2
        equal_loudness: 1
        length: 315.794281006
        replay_gain: -14.2725944519
        downmix: "mix"
    tags:
        album: "End of Silence"
        artist: ""
        comment: ""
        date: ""
        genre: ""
        title: "Let Go"
        tracknumber: "3"

configuration:
    average_loudness:
        compute: 1
        frameSize: 88200
        hopSize: 44100
        silentFrames: "noise"
        windowType: "hann"
    general:
        analysisSampleRate: 44100
        endTime: 2000
        equalLoudness: 1
        nequalLoudness: 0
        shortSound: 0
        startTime: 0
    lowlevel:
        compute: 1
        frameSize: 2048
        hopSize: 1024
        zeroPadding: 0
        silentFrames: "noise"
        windowType: "blackmanharris62"
        mfccStats: ["mean", "cov", "icov"]
        stats: ["mean", "var", "median", "min", "max", "dmean", "dmean2", "dvar", "dvar2"]
    panning:
        compute: 0
        frameSize: 8192
        hopSize: 2048
        zeroPadding: 8192
        silentFrames: "noise"
        windowType: "hann"
        stats: ["copy"]
    rhythm:
        compute: 1
        maxTempo: 208
        minTempo: 40
        method: "degara"
        stats: ["mean", "var", "median", "min", "max", "dmean", "dmean2", "dvar", "dvar2"]
    segmentation:
        compute: 0
        cpw: 5
        inc1: 300
        inc2: 50
        minimumSegmentsLength: 10
        size1: 1000
        size2: 600
    sfx:
        compute: 1
        stats: ["mean", "var", "median", "min", "max", "dmean", "dmean2", "dvar", "dvar2"]
    svm:
        compute: 0
    tonal:
        compute: 1
        frameSize: 4096
        hopSize: 2048
        zeroPadding: 0
        silentFrames: "noise"
        windowType: "blackmanharris62"
        stats: ["mean", "var", "median", "min", "max", "dmean", "dmean2", "dvar", "dvar2"]

lowlevel:
    average_loudness: 0.855547189713
    barkbands_kurtosis:
        dmean: 0.684713602066
        dmean2: 1.10587704182
        dvar: 1.18304502964
        dvar2: 3.0139465332
        max: 50.6869926453
        mean: -0.0792684927583
        median: -0.702302932739
        min: -1.89895784855
        var: 6.85783672333
    barkbands_skewness:
        dmean: 0.309129297733
        dmean2: 0.484253764153
        dvar: 0.0830795019865
        dvar2: 0.19636836648
        max: 5.61170530319
        mean: -0.39979866147
        median: -0.515564918518
        min: -4.14277410507
        var: 0.705339074135
    barkbands_spread:
        dmean: 4.44137239456
        dmean2: 7.03329849243
        dvar: 20.4399814606
        dvar2: 49.2175636292
        max: 77.6949920654
        mean: 25.702539444
        median: 25.5799446106
        min: 0.790207862854
        var: 79.8871231079
    dissonance:
        dmean: 0.010859163478
        dmean2: 0.0184832531959
        dvar: 0.000143215860589
        dvar2: 0.000394877512008
        max: 0.500000119209
        mean: 0.47937425971
        median: 0.485074520111
        min: 0.215104445815
        var: 0.000457921531051
    hfc:
        dmean: 1.85687160492
        dmean2: 3.11309194565
        dvar: 5.8165640831
        dvar2: 15.9822912216
        max: 42.085773468
        mean: 9.15153503418
        median: 8.99711608887
        min: 1.20222628752e-016
        var: 38.6551704407
    pitch:
        dmean: 572.219848633
        dmean2: 1072.96350098
        dvar: 832346.75
        dvar2: 2173312.25
        max: 4902.02392578
        mean: 854.144775391
        median: 387.353179932
        min: 68.8079299927
        var: 1041479.75
    pitch_instantaneous_confidence:
        dmean: 0.0732856467366
        dmean2: 0.121316768229
        dvar: 0.00376032222994
        dvar2: 0.00962520390749
        max: 0.935102283955
        mean: 0.384839475155
        median: 0.352433651686
        min: 0.109654843807
        var: 0.0196949150413
    pitch_salience:
        dmean: 0.0471365787089
        dmean2: 0.0784143060446
        dvar: 0.00166222569533
        dvar2: 0.00448760250583
        max: 0.890687406063
        mean: 0.649936974049
        median: 0.670032203197
        min: 0.113201074302
        var: 0.00958024244756
    silence_rate_20dB:
        dmean: 0
        dmean2: 0
        dvar: 0
        dvar2: 0
        max: 1
        mean: 1
        median: 1
        min: 1
        var: 0
    silence_rate_30dB:
        dmean: 0
        dmean2: 0
        dvar: 0
        dvar2: 0
        max: 1
        mean: 1
        median: 1
        min: 1
        var: 0
    silence_rate_60dB:
        dmean: 0.0399970598519
        dmean2: 0.0799999982119
        dvar: 0.0383895263076
        dvar2: 0.0871304422617
        max: 1
        mean: 0.357741504908
        median: 0
        min: 0
        var: 0.2297539711
    spectral_centroid:
        dmean: 183.558578491
        dmean2: 289.3671875
        dvar: 40317.2929688
        dvar2: 85483.296875
        max: 11024.0605469
        mean: 1870.4005127
        median: 1953.48901367
        min: 361.124420166
        var: 249287.671875
    spectral_complexity:
        dmean: 3.01918983459
        dmean2: 5.0442647934
        dvar: 9.59101390839
        dvar2: 25.2397994995
        max: 47
        mean: 18.0003681183
        median: 19
        min: 0
        var: 110.013526917
    spectral_crest:
        dmean: 1.61187231541
        dmean2: 2.66259121895
        dvar: 2.21453261375
        dvar2: 5.88397979736
        max: 22.5669765472
        mean: 6.54319620132
        median: 5.83781909943
        min: 2.45600390434
        var: 7.2362909317
    spectral_decrease:
        dmean: 1.99142910495e-010
        dmean2: 3.33481214865e-010
        dvar: 1.03892191801e-019
        dvar2: 2.81951853017e-019
        max: 1.66753228718e-029
        mean: -1.02496655607e-009
        median: -9.88958026582e-010
        min: -5.35751487618e-009
        var: 4.30324428562e-019
    spectral_energy:
        dmean: 0.000897798570804
        dmean2: 0.00150600343477
        dvar: 1.94498556993e-006
        dvar2: 5.29005501448e-006
        max: 0.0230567678809
        mean: 0.00469853496179
        median: 0.00455613154918
        min: 1.08917399649e-020
        var: 9.04125226953e-006
    spectral_energyband_high:
        dmean: 0.000117199349916
        dmean2: 0.000199121233891
        dvar: 4.14765537471e-008
        dvar2: 1.12214088688e-007
        max: 0.00346273626201
        mean: 0.000309521856252
        median: 0.000265448266873
        min: 7.55043596893e-021
        var: 8.64643538989e-008
    spectral_energyband_low:
        dmean: 0.000129919630126
        dmean2: 0.000218060653424
        dvar: 5.61690889356e-008
        dvar2: 1.51606698751e-007
        max: 0.00295159569941
        mean: 0.000195576518308
        median: 0.000126532788272
        min: 7.07697026167e-023
        var: 6.22871851874e-008
    spectral_energyband_middle_high:
        dmean: 0.000626954308245
        dmean2: 0.00102964660618
        dvar: 5.16062868883e-007
        dvar2: 1.36821006436e-006
        max: 0.0123666189611
        mean: 0.00312898587435
        median: 0.00288515072316
        min: 1.595121179e-021
        var: 4.96781467518e-006
    spectral_energyband_middle_low:
        dmean: 0.000434465269791
        dmean2: 0.000700612436049
        dvar: 8.50410742714e-007
        dvar2: 2.28581052397e-006
        max: 0.0130241597071
        mean: 0.00118534162175
        median: 0.000967062194832
        min: 4.60393714084e-022
        var: 1.22520282275e-006
    spectral_flatness_db:
        dmean: 0.0121500473469
        dmean2: 0.0186679400504
        dvar: 0.000119408992759
        dvar2: 0.000258172425674
        max: 0.445666253567
        mean: 0.144066631794
        median: 0.12931099534
        min: 0.0424483381212
        var: 0.00249166274443
    spectral_flux:
        dmean: 0.00554469134659
        dmean2: 0.00873636826873
        dvar: 4.60837691207e-005
        dvar2: 9.60972029134e-005
        max: 0.129929378629
        mean: 0.0381144210696
        median: 0.0397463217378
        min: 1.04561907743e-010
        var: 0.000308868737193
    spectral_kurtosis:
        dmean: 1.50228726864
        dmean2: 2.58081054688
        dvar: 8.42415809631
        dvar2: 26.3396110535
        max: 112.683738708
        mean: 5.68556213379
        median: 4.55802822113
        min: -1.19059062004
        var: 38.4914703369
    spectral_rms:
        dmean: 0.000189546306501
        dmean2: 0.000312739168294
        dvar: 5.81003902766e-008
        dvar2: 1.52342863657e-007
        max: 0.00474282680079
        mean: 0.00199192692526
        median: 0.00210831826553
        min: 3.25976810649e-012
        var: 6.16169984369e-007
    spectral_rolloff:
        dmean: 253.195480347
        dmean2: 422.370361328
        dvar: 109888.242188
        dvar2: 223309.5
        max: 19229.1503906
        mean: 3144.38696289
        median: 3186.9140625
        min: 322.998046875
        var: 465231.71875
    spectral_skewness:
        dmean: 0.172164663672
        dmean2: 0.288103580475
        dvar: 0.0441206395626
        dvar2: 0.130973517895
        max: 8.41857528687
        mean: 1.65429854393
        median: 1.59454369545
        min: -0.00808866228908
        var: 0.266514629126
    spectral_spread:
        dmean: 457381.6875
        dmean2: 655065.3125
        dvar: 431864250368
        dvar2: 720655613952
        max: 40063440
        mean: 4466428.5
        median: 4371504
        min: 693063.9375
        var: 3.28713057075e+012
    spectral_strongpeak:
        dmean: 0.546500205994
        dmean2: 0.936578154564
        dvar: 0.460585772991
        dvar2: 1.21069419384
        max: 7.52043533325
        mean: 0.936991751194
        median: 0.682058155537
        min: 3.18227710849e-009
        var: 0.802544355392
    zerocrossingrate:
        dmean: 0.00582139240578
        dmean2: 0.007307021413
        dvar: 3.69469598809e-005
        dvar2: 4.64776640001e-005
        max: 0.50634765625
        mean: 0.101073175669
        median: 0.103515625
        min: 0.017578125
        var: 0.000501564878505
    barkbands:
        dmean: [3.58581758064e-007, 4.61358722532e-005, 7.28613013052e-005, 9.26708089537e-005, 0.0001920623763, 8.8558634161e-005, 8.71410156833e-005, 6.9009467552e-005, 0.000102371850517, 0.000102067955595, 8.48829367897e-005, 7.35118155717e-005, 8.70389994816e-005, 0.000106103325379, 0.00012906784832, 0.000203993637115, 0.000238122986048, 0.000199960471946, 0.000178274975042, 0.000123005840578, 5.06690375914e-005, 2.16569842451e-005, 3.76929779122e-006, 2.32772163145e-006, 1.84379166512e-006, 7.83456997056e-008, 1.98751304303e-009]
        dmean2: [5.81590882121e-007, 7.94224033598e-005, 0.000125091930386, 0.0001545601408, 0.000328300171532, 0.000139214345836, 0.000137665803777, 0.00010921289504, 0.000159156828886, 0.000157344009494, 0.000135096692247, 0.000116335555504, 0.000144529491081, 0.000173973166966, 0.000208241297514, 0.000339790596627, 0.000402557954658, 0.000336825265549, 0.000301278923871, 0.000209231337067, 8.66386399139e-005, 3.62045611837e-005, 6.13645534031e-006, 3.63117896995e-006, 2.79723235508e-006, 1.17288529111e-007, 3.0406168694e-009]
        dvar: [6.79785004329e-013, 1.53989958562e-008, 1.61936046794e-008, 3.46523272299e-008, 3.27328478988e-007, 2.89105521745e-008, 2.57134349368e-008, 2.67012634225e-008, 4.34985949482e-008, 4.08172944333e-008, 2.5571397444e-008, 2.27241514494e-008, 3.5157473377e-008, 3.69840549297e-008, 5.6914142732e-008, 7.06786451588e-008, 1.09118005298e-007, 7.11299747991e-008, 5.29103054703e-008, 3.10462660025e-008, 7.75592123858e-009, 1.57659574285e-009, 5.33048154228e-011, 3.39936030713e-011, 1.83942409915e-011, 3.6722595044e-014, 3.53891225631e-017]
        dvar2: [1.80461277432e-012, 4.25294608419e-008, 4.49718307038e-008, 9.28964212221e-008, 9.13437702366e-007, 7.170302041e-008, 6.26640357382e-008, 6.57916885416e-008, 9.70576436998e-008, 8.72821814824e-008, 6.07636394534e-008, 5.01337247272e-008, 9.19683458278e-008, 9.34679817988e-008, 1.35318586558e-007, 1.854294851e-007, 2.9577321925e-007, 1.91666757132e-007, 1.46280285662e-007, 8.48407211151e-008, 2.09639008375e-008, 4.09562606052e-009, 1.29138713612e-010, 7.54279624871e-011, 4.02322723747e-011, 7.97516214309e-014, 7.85816552667e-017]
        max: [1.08654767246e-005, 0.0013933526352, 0.00155635492411, 0.00293967640027, 0.00859203003347, 0.0037467321381, 0.00366062368266, 0.00428973790258, 0.00390646327287, 0.00636893790215, 0.00289927562699, 0.00467796158046, 0.00311500136741, 0.00520540541038, 0.00522135617211, 0.00457760924473, 0.00815432239324, 0.00458596413955, 0.00478303898126, 0.00310369557701, 0.00166392652318, 0.000712843495421, 0.000235452578636, 0.000199766785954, 0.000107082189061, 5.29970384378e-006, 1.62633369882e-007]
        mean: [4.51891366993e-007, 5.00396236021e-005, 9.20426828088e-005, 0.000131035820232, 0.000277415761957, 0.00017586525064, 0.000178494301508, 0.000111706489406, 0.000200478592888, 0.000249151227763, 0.00014555164671, 0.000140468633617, 0.000157777802087, 0.000195176486159, 0.000245790142799, 0.000451590691227, 0.000527290103491, 0.000474555825349, 0.000430179992691, 0.000279829197098, 0.000118134572404, 4.63786673208e-005, 9.25233416638e-006, 5.74318164581e-006, 3.97577287004e-006, 1.6465244812e-007, 3.27758575835e-009]
        median: [1.2510966485e-007, 2.36757314269e-005, 4.71602907055e-005, 6.80613011355e-005, 0.000157460744958, 9.66535517364e-005, 7.46163277654e-005, 5.26506955794e-005, 7.490049029e-005, 6.6672298999e-005, 6.21559374849e-005, 7.04581325408e-005, 4.83710427943e-005, 9.46287327679e-005, 0.000137093971716, 0.000363946572179, 0.000425238977186, 0.000369042274542, 0.000365166692063, 0.000221957001486, 9.89096006379e-005, 3.15216311719e-005, 6.61280409986e-006, 3.65674372915e-006, 1.95165443984e-006, 6.50918963174e-008, 8.67786342784e-010]
        min: [1.14073459969e-023, 2.54788866855e-023, 2.81680141149e-023, 4.5328361766e-024, 7.18581097848e-023, 4.86160523956e-023, 3.3781431565e-023, 5.44127159231e-023, 7.92286328598e-023, 8.22881509946e-023, 6.10289554441e-023, 4.15992229961e-023, 7.02875129661e-023, 1.36948108547e-022, 1.08514582784e-022, 9.87062270767e-023, 1.5447096855e-022, 1.57682490715e-022, 2.42150131862e-022, 1.54790564502e-022, 4.09863904065e-022, 5.06878851226e-022, 4.64024645193e-022, 8.65963993392e-022, 1.25856529844e-021, 1.39430915087e-021, 2.21582036524e-021]
        var: [7.96766840873e-013, 1.15056497663e-008, 1.8522214873e-008, 3.95055224089e-008, 2.55187046605e-007, 5.86133168667e-008, 8.46712637781e-008, 3.95887695959e-008, 1.38343480671e-007, 2.74503008768e-007, 5.58994592836e-008, 6.03878689276e-008, 8.07805733416e-008, 8.54966657471e-008, 1.47966773056e-007, 1.88662511391e-007, 2.58651652985e-007, 2.08945593272e-007, 1.45020749187e-007, 6.7845391527e-008, 1.42566474182e-008, 3.12010262071e-009, 1.18694318263e-010, 6.55513560099e-011, 3.9252334022e-011, 8.41479053863e-014, 5.72897086623e-017]
    frequency_bands:
        dmean: [3.58581758064e-007, 4.61358722532e-005, 7.28613013052e-005, 9.26708089537e-005, 0.0001920623763, 8.8558634161e-005, 8.71410156833e-005, 6.9009467552e-005, 0.000102371850517, 0.000102067955595, 8.48829367897e-005, 7.35118155717e-005, 8.70389994816e-005, 0.000106103325379, 0.00012906784832, 0.000203993637115, 0.000238122986048, 0.000199960471946, 0.000178274975042, 0.000123005840578, 5.06690375914e-005, 2.16569842451e-005, 3.76929779122e-006, 2.32772163145e-006, 1.84379166512e-006, 7.83456997056e-008, 1.98751304303e-009, 5.56886203817e-011]
        dmean2: [5.81590882121e-007, 7.94224033598e-005, 0.000125091930386, 0.0001545601408, 0.000328300171532, 0.000139214345836, 0.000137665803777, 0.00010921289504, 0.000159156828886, 0.000157344009494, 0.000135096692247, 0.000116335555504, 0.000144529491081, 0.000173973166966, 0.000208241297514, 0.000339790596627, 0.000402557954658, 0.000336825265549, 0.000301278923871, 0.000209231337067, 8.66386399139e-005, 3.62045611837e-005, 6.13645534031e-006, 3.63117896995e-006, 2.79723235508e-006, 1.17288529111e-007, 3.0406168694e-009, 1.03470836066e-010]
        dvar: [6.79785004329e-013, 1.53989958562e-008, 1.61936046794e-008, 3.46523272299e-008, 3.27328478988e-007, 2.89105521745e-008, 2.57134349368e-008, 2.67012634225e-008, 4.34985949482e-008, 4.08172944333e-008, 2.5571397444e-008, 2.27241514494e-008, 3.5157473377e-008, 3.69840549297e-008, 5.6914142732e-008, 7.06786451588e-008, 1.09118005298e-007, 7.11299747991e-008, 5.29103054703e-008, 3.10462660025e-008, 7.75592123858e-009, 1.57659574285e-009, 5.33048154228e-011, 3.39936030713e-011, 1.83942409915e-011, 3.6722595044e-014, 3.53891225631e-017, 7.68980297745e-021]
        dvar2: [1.80461277432e-012, 4.25294608419e-008, 4.49718307038e-008, 9.28964212221e-008, 9.13437702366e-007, 7.170302041e-008, 6.26640357382e-008, 6.57916885416e-008, 9.70576436998e-008, 8.72821814824e-008, 6.07636394534e-008, 5.01337247272e-008, 9.19683458278e-008, 9.34679817988e-008, 1.35318586558e-007, 1.854294851e-007, 2.9577321925e-007, 1.91666757132e-007, 1.46280285662e-007, 8.48407211151e-008, 2.09639008375e-008, 4.09562606052e-009, 1.29138713612e-010, 7.54279624871e-011, 4.02322723747e-011, 7.97516214309e-014, 7.85816552667e-017, 2.4570002613e-020]
        max: [1.08654767246e-005, 0.0013933526352, 0.00155635492411, 0.00293967640027, 0.00859203003347, 0.0037467321381, 0.00366062368266, 0.00428973790258, 0.00390646327287, 0.00636893790215, 0.00289927562699, 0.00467796158046, 0.00311500136741, 0.00520540541038, 0.00522135617211, 0.00457760924473, 0.00815432239324, 0.00458596413955, 0.00478303898126, 0.00310369557701, 0.00166392652318, 0.000712843495421, 0.000235452578636, 0.000199766785954, 0.000107082189061, 5.29970384378e-006, 1.62633369882e-007, 1.07179298769e-009]
        mean: [4.51891366993e-007, 5.00396236021e-005, 9.20426828088e-005, 0.000131035820232, 0.000277415761957, 0.00017586525064, 0.000178494301508, 0.000111706489406, 0.000200478592888, 0.000249151227763, 0.00014555164671, 0.000140468633617, 0.000157777802087, 0.000195176486159, 0.000245790142799, 0.000451590691227, 0.000527290103491, 0.000474555825349, 0.000430179992691, 0.000279829197098, 0.000118134572404, 4.63786673208e-005, 9.25233416638e-006, 5.74318164581e-006, 3.97577287004e-006, 1.6465244812e-007, 3.27758575835e-009, 4.35127593679e-011]
        median: [1.2510966485e-007, 2.36757314269e-005, 4.71602907055e-005, 6.80613011355e-005, 0.000157460744958, 9.66535517364e-005, 7.46163277654e-005, 5.26506955794e-005, 7.490049029e-005, 6.6672298999e-005, 6.21559374849e-005, 7.04581325408e-005, 4.83710427943e-005, 9.46287327679e-005, 0.000137093971716, 0.000363946572179, 0.000425238977186, 0.000369042274542, 0.000365166692063, 0.000221957001486, 9.89096006379e-005, 3.15216311719e-005, 6.61280409986e-006, 3.65674372915e-006, 1.95165443984e-006, 6.50918963174e-008, 8.67786342784e-010, 1.35333341755e-011]
        min: [1.14073459969e-023, 2.54788866855e-023, 2.81680141149e-023, 4.5328361766e-024, 7.18581097848e-023, 4.86160523956e-023, 3.3781431565e-023, 5.44127159231e-023, 7.92286328598e-023, 8.22881509946e-023, 6.10289554441e-023, 4.15992229961e-023, 7.02875129661e-023, 1.36948108547e-022, 1.08514582784e-022, 9.87062270767e-023, 1.5447096855e-022, 1.57682490715e-022, 2.42150131862e-022, 1.54790564502e-022, 4.09863904065e-022, 5.06878851226e-022, 4.64024645193e-022, 8.65963993392e-022, 1.25856529844e-021, 1.39430915087e-021, 2.21582036524e-021, 8.01980886387e-022]
        var: [7.96766840873e-013, 1.15056497663e-008, 1.8522214873e-008, 3.95055224089e-008, 2.55187046605e-007, 5.86133168667e-008, 8.46712637781e-008, 3.95887695959e-008, 1.38343480671e-007, 2.74503008768e-007, 5.58994592836e-008, 6.03878689276e-008, 8.07805733416e-008, 8.54966657471e-008, 1.47966773056e-007, 1.88662511391e-007, 2.58651652985e-007, 2.08945593272e-007, 1.45020749187e-007, 6.7845391527e-008, 1.42566474182e-008, 3.12010262071e-009, 1.18694318263e-010, 6.55513560099e-011, 3.9252334022e-011, 8.41479053863e-014, 5.72897086623e-017, 6.08963743054e-021]
    mfcc:
        mean: [-713.971130371, 97.0967254639, -62.769203186, 40.6785736084, -4.3615694046, -10.6643924713, -3.82895112038, -3.85392022133, 0.582776725292, -8.31228256226, -6.10219717026, -5.63013458252, -3.56692814827]
        cov: [[8586.91308594, -150.890167236, -310.236236572, 495.32232666, -267.066589355, 226.441055298, 52.8120880127, 245.896530151, 248.513534546, 138.56552124, 5.24384021759, -270.620819092, -211.454727173], [-150.890167236, 877.309509277, -226.56842041, 129.548217773, -75.927230835, -115.368095398, -26.877204895, -84.2509002686, -66.8592071533, -23.9941806793, -6.50338888168, -18.9619903564, -25.1204986572], [-310.236236572, -226.56842041, 537.656433105, -7.77990341187, 40.9374847412, 18.2124576569, -42.1449012756, 10.6865158081, 9.18780136108, 0.570019543171, 10.4473867416, 4.37671661377, 27.8656921387], [495.32232666, 129.548217773, -7.77990341187, 309.021759033, 50.0000534058, 16.5594425201, 2.50536322594, 5.94313192368, 42.9788894653, 27.3225135803, 5.41082859039, -12.0731468201, 2.91159081459], [-267.066589355, -75.927230835, 40.9374847412, 50.0000534058, 210.821502686, 49.8724708557, 28.1289196014, 18.0173110962, 40.3985061646, 19.0458908081, 5.53516960144, 37.0305976868, 35.6117401123], [226.441055298, -115.368095398, 18.2124576569, 16.5594425201, 49.8724708557, 132.258422852, 65.8168258667, 52.7321090698, 26.0919857025, 16.3139381409, 19.2373123169, 8.55432796478, -1.69301390648], [52.8120880127, -26.877204895, -42.1449012756, 2.50536322594, 28.1289196014, 65.8168258667, 123.876533508, 57.2294921875, 24.4987564087, 8.78931427002, 14.9996538162, 21.4871559143, 3.10296630859], [245.896530151, -84.2509002686, 10.6865158081, 5.94313192368, 18.0173110962, 52.7321090698, 57.2294921875, 120.056892395, 62.3822975159, 23.5582790375, 6.84469127655, 1.17175126076, 6.89137792587], [248.513534546, -66.8592071533, 9.18780136108, 42.9788894653, 40.3985061646, 26.0919857025, 24.4987564087, 62.3822975159, 123.210525513, 46.8814506531, -1.81586277485, -5.82947206497, 3.13744330406], [138.56552124, -23.9941806793, 0.570019543171, 27.3225135803, 19.0458908081, 16.3139381409, 8.78931427002, 23.5582790375, 46.8814506531, 76.49269104, 21.8096389771, -2.6112267971, -3.1885766983], [5.24384021759, -6.50338888168, 10.4473867416, 5.41082859039, 5.53516960144, 19.2373123169, 14.9996538162, 6.84469127655, -1.81586277485, 21.8096389771, 68.0503005981, 24.5309562683, 3.80095052719], [-270.620819092, -18.9619903564, 4.37671661377, -12.0731468201, 37.0305976868, 8.55432796478, 21.4871559143, 1.17175126076, -5.82947206497, -2.6112267971, 24.5309562683, 82.6462783813, 39.5876083374], [-211.454727173, -25.1204986572, 27.8656921387, 2.91159081459, 35.6117401123, -1.69301390648, 3.10296630859, 6.89137792587, 3.13744330406, -3.1885766983, 3.80095052719, 39.5876083374, 70.9532928467]]
        icov: [[0.000186663834029, 8.48379349918e-005, 0.000132632485474, -0.000328295485815, 0.000331702060066, -0.000310897448799, 0.000170866667759, -0.000232125297771, -0.000173222419107, -8.86577890924e-006, -8.55522375787e-005, 0.000326269684592, 0.000218691231566], [8.48379349918e-005, 0.00175918499008, 0.000632164883427, -0.00107046833728, 0.000375359260943, 0.00131277134642, -0.000497091154102, 0.000322372623486, 0.00060568441404, 0.000102741774754, -0.000314981560223, 0.000289901421638, 0.000337634439347], [0.000132632485474, 0.000632164883427, 0.00236214022152, -0.000381830497645, -3.96949399146e-005, -0.000381842284696, 0.00128127913922, -0.000459027214674, 2.76281708622e-009, 0.000365083717043, -0.00072170997737, 0.000640279555228, -0.000595744466409], [-0.000328295485815, -0.00107046833728, -0.000381830497645, 0.0046847043559, -0.00145838281605, -0.000469920429168, 9.37470758799e-005, 0.00088052789215, -0.0011953964131, -0.000446229067165, -0.000265897309873, 0.000512186845299, -0.00100724305958], [0.000331702060066, 0.000375359260943, -3.96949399146e-005, -0.00145838281605, 0.00721533317119, -0.00275086518377, -5.33468883077e-005, 0.0010397923179, -0.00201061507687, -0.000693446723744, 0.00109960709233, -0.00168849236798, -0.00164792174473], [-0.000310897448799, 0.00131277134642, -0.000381842284696, -0.000469920429168, -0.00275086518377, 0.0141385197639, -0.00572191411629, -0.00231023319066, 0.00176693731919, -0.000184665128472, -0.00220267241821, 0.000507126445882, 0.00164875364862], [0.000170866667759, -0.000497091154102, 0.00128127913922, 9.37470758799e-005, -5.33468883077e-005, -0.00572191411629, 0.0143459159881, -0.00518957013264, -0.000300272600725, 0.000964139588177, -0.000536704261322, -0.00317456992343, 0.00144965131767], [-0.000232125297771, 0.000322372623486, -0.000459027214674, 0.00088052789215, 0.0010397923179, -0.00231023319066, -0.00518957013264, 0.0158157460392, -0.00636960892007, 0.000109285610961, -0.000368000444723, 0.00135498691816, -0.00276938430034], [-0.000173222419107, 0.00060568441404, 2.76281708622e-009, -0.0011953964131, -0.00201061507687, 0.00176693731919, -0.000300272600725, -0.00636960892007, 0.0156816765666, -0.0074962284416, 0.00331810559146, 8.3809150965e-005, 0.000175530396518], [-8.86577890924e-006, 0.000102741774754, 0.000365083717043, -0.000446229067165, -0.000693446723744, -0.000184665128472, 0.000964139588177, 0.000109285610961, -0.0074962284416, 0.0201927572489, -0.00755837466568, 0.00200447184034, 0.000701185665093], [-8.55522375787e-005, -0.000314981560223, -0.00072170997737, -0.000265897309873, 0.00109960709233, -0.00220267241821, -0.000536704261322, -0.000368000444723, 0.00331810559146, -0.00755837466568, 0.0206157583743, -0.0075594750233, 0.00200958643109], [0.000326269684592, 0.000289901421638, 0.000640279555228, 0.000512186845299, -0.00168849236798, 0.000507126445882, -0.00317456992343, 0.00135498691816, 8.3809150965e-005, 0.00200447184034, -0.0075594750233, 0.0219227578491, -0.0100709302351], [0.000218691231566, 0.000337634439347, -0.000595744466409, -0.00100724305958, -0.00164792174473, 0.00164875364862, 0.00144965131767, -0.00276938430034, 0.000175530396518, 0.000701185665093, 0.00200958643109, -0.0100709302351, 0.0217474400997]]
    sccoeffs:
        dmean: [0.0503383427858, 0.0424204468727, 0.0360175669193, 0.0303988624364, 0.0214835759252, 0.0164372958243]
        dmean2: [0.0830431655049, 0.0697371736169, 0.0592782683671, 0.0504497848451, 0.0357768572867, 0.0263523459435]
        dvar: [0.00184873945545, 0.00118657329585, 0.000826063682325, 0.000561243214179, 0.000284427340375, 0.000228323217016]
        dvar2: [0.0049785207957, 0.00317479786463, 0.00218163942918, 0.0015312571777, 0.000758152455091, 0.000519369903486]
        max: [-0.307200551033, -0.440952271223, -0.504703462124, -0.559653878212, -0.553279936314, -0.616384744644]
        mean: [-0.677667975426, -0.754287719727, -0.767489612103, -0.763666212559, -0.765224218369, -0.763939738274]
        median: [-0.686486303806, -0.76272213459, -0.776088178158, -0.764333724976, -0.768335938454, -0.764138460159]
        min: [-0.98126834631, -0.954288780689, -0.96356856823, -0.959734320641, -0.963518202305, -0.960068941116]
        var: [0.00630316976458, 0.00484267435968, 0.00436685606837, 0.00237350864336, 0.0017231820384, 0.00144205614924]
    scvalleys:
        dmean: [0.35352987051, 0.32561442256, 0.272917538881, 0.220904648304, 0.18022531271, 0.218488112092]
        dmean2: [0.584938585758, 0.538545906544, 0.451510906219, 0.365313887596, 0.290614634752, 0.311296999454]
        dvar: [0.0994741618633, 0.0892992690206, 0.0608567856252, 0.0474974326789, 0.0442524850368, 0.0946722701192]
        dvar2: [0.237909093499, 0.214901357889, 0.138326212764, 0.10007609427, 0.0844737887383, 0.151679471135]
        max: [-5.39068937302, -4.56994771957, -5.20675802231, -5.53211164474, -5.64561367035, -7.47385835648]
        mean: [-7.37456083298, -6.86883544922, -7.08915472031, -7.12105894089, -7.17644929886, -9.91501235962]
        median: [-6.90336513519, -6.60446357727, -6.81747579575, -6.79933738708, -6.6891450882, -9.25953292847]
        min: [-28.015499115, -27.7771682739, -27.4412899017, -27.4541339874, -27.3821754456, -27.2861061096]
        var: [2.24040651321, 1.60314023495, 1.61558961868, 1.67141020298, 1.87329733372, 2.8570291996]

rhythm:
    beats_loudness:
        dmean: 0.00143987056799
        dmean2: 0.00249025970697
        dvar: 1.92039397007e-006
        dvar2: 5.19604236615e-006
        max: 0.0124868331477
        mean: 0.00487812329084
        median: 0.00517874304205
        min: 5.02469290134e-012
        var: 8.03973580332e-006
    bpm: 155.322647095
    bpm_confidence: 0
    first_peak_bpm: 157
    first_peak_spread: 0.107205592096
    first_peak_weight: 0.625615775585
    onset_rate: 2.07413506508
    second_peak_bpm: 152
    second_peak_spread: 0.0883720815182
    second_peak_weight: 0.24137930572
    beats_loudness_band_ratio:
        dmean: [0.0891776457429, 0.0838585719466, 0.078578427434, 0.0730130299926, 0.120330438018, 0.0673606544733]
        dmean2: [0.152080908418, 0.140522330999, 0.13250631094, 0.125398606062, 0.207830131054, 0.116140648723]
        dvar: [0.00735053420067, 0.00630543660372, 0.00637052487582, 0.00593477208167, 0.0099386498332, 0.0045925504528]
        dvar2: [0.019884115085, 0.0166147984564, 0.0174957811832, 0.0167754162103, 0.0275442004204, 0.0128989741206]
        max: [0.69046163559, 0.911927938461, 0.774234116077, 0.725370109081, 0.827831149101, 0.617784917355]
        mean: [0.127585187554, 0.135568112135, 0.138803467155, 0.132559075952, 0.365890979767, 0.161171555519]
        median: [0.106857277453, 0.0964019522071, 0.0992771983147, 0.104399949312, 0.347474306822, 0.152470767498]
        min: [0, 0, 0, 0, 0, 0]
        var: [0.00987363513559, 0.0179497525096, 0.0139506552368, 0.0091285193339, 0.0234573613852, 0.0071363421157]
