
metadata:
    version:
        essentia: "2.1-beta2"
    audio_properties:
        analysis_sample_rate: 44100
        bitrate: 255
        channels: 2
        equal_loudness: 1
        length: 315.376312256
        replay_gain: -14.4741783142
        downmix: "mix"
    tags:
        album: "End of Silence"
        artist: ""
        comment: ""
        date: ""
        genre: ""
        title: "Lost"
        tracknumber: "5"

configuration:
    average_loudness:
        compute: 1
        frameSize: 88200
        hopSize: 44100
        silentFrames: "noise"
        windowType: "hann"
    general:
        analysisSampleRate: 44100
        endTime: 2000
        equalLoudness: 1
        nequalLoudness: 0
        shortSound: 0
        startTime: 0
    lowlevel:
        compute: 1
        frameSize: 2048
        hopSize: 1024
        zeroPadding: 0
        silentFrames: "noise"
        windowType: "blackmanharris62"
        mfccStats: ["mean", "cov", "icov"]
        stats: ["mean", "var", "median", "min", "max", "dmean", "dmean2", "dvar", "dvar2"]
    panning:
        compute: 0
        frameSize: 8192
        hopSize: 2048
        zeroPadding: 8192
        silentFrames: "noise"
        windowType: "hann"
        stats: ["copy"]
    rhythm:
        compute: 1
        maxTempo: 208
        minTempo: 40
        method: "degara"
        stats: ["mean", "var", "median", "min", "max", "dmean", "dmean2", "dvar", "dvar2"]
    segmentation:
        compute: 0
        cpw: 5
        inc1: 300
        inc2: 50
        minimumSegmentsLength: 10
        size1: 1000
        size2: 600
    sfx:
        compute: 1
        stats: ["mean", "var", "median", "min", "max", "dmean", "dmean2", "dvar", "dvar2"]
    svm:
        compute: 0
    tonal:
        compute: 1
        frameSize: 4096
        hopSize: 2048
        zeroPadding: 0
        silentFrames: "noise"
        windowType: "blackmanharris62"
        stats: ["mean", "var", "median", "min", "max", "dmean", "dmean2", "dvar", "dvar2"]

lowlevel:
    average_loudness: 0.706022441387
    barkbands_kurtosis:
        dmean: 0.974274277687
        dmean2: 1.55635285378
        dvar: 7.1471157074
        dvar2: 17.0142993927
        max: 104.320091248
        mean: 0.830135643482
        median: -0.581827521324
        min: -1.79008698463
        var: 36.8172798157
    barkbands_skewness:
        dmean: 0.319543749094
        dmean2: 0.502719581127
        dvar: 0.10144431144
        dvar2: 0.245021492243
        max: 7.73696470261
        mean: 0.0740988403559
        median: -0.13236695528
        min: -3.60820102692
        var: 1.27916479111
    barkbands_spread:
        dmean: 3.82332634926
        dmean2: 6.00870513916
        dvar: 15.5314359665
        dvar2: 36.9636306763
        max: 69.8527679443
        mean: 24.1789913177
        median: 24.7673835754
        min: 0.320629566908
        var: 105.062263489
    dissonance:
        dmean: 0.017317250371
        dmean2: 0.0292731188238
        dvar: 0.000500644324347
        dvar2: 0.0014346758835
        max: 0.500000059605
        mean: 0.465183615685
        median: 0.47815656662
        min: 0.156569942832
        var: 0.00145813741256
    hfc:
        dmean: 1.55790770054
        dmean2: 2.56994891167
        dvar: 5.09525251389
        dvar2: 13.6839370728
        max: 42.0219268799
        mean: 7.70753574371
        median: 6.84719181061
        min: 1.15417715244e-016
        var: 48.0452079773
    pitch:
        dmean: 501.177734375
        dmean2: 962.041625977
        dvar: 952909.0625
        dvar2: 2587628
        max: 4770.34082031
        mean: 763.926513672
        median: 301.207519531
        min: 65.5002212524
        var: 1162576.625
    pitch_instantaneous_confidence:
        dmean: 0.0732324942946
        dmean2: 0.119688637555
        dvar: 0.00411496823654
        dvar2: 0.0102390469983
        max: 0.974605858326
        mean: 0.436007767916
        median: 0.393735527992
        min: 0.119998037815
        var: 0.0279587730765
    pitch_salience:
        dmean: 0.0506577044725
        dmean2: 0.0832713246346
        dvar: 0.00204365351237
        dvar2: 0.00541229499504
        max: 0.924953579903
        mean: 0.62820905447
        median: 0.643407225609
        min: 0.121223598719
        var: 0.00892642326653
    silence_rate_20dB:
        dmean: 0
        dmean2: 0
        dvar: 0
        dvar2: 0
        max: 1
        mean: 1
        median: 1
        min: 1
        var: 0
    silence_rate_30dB:
        dmean: 0
        dmean2: 0
        dvar: 0
        dvar2: 0
        max: 1
        mean: 1
        median: 1
        min: 1
        var: 0
    silence_rate_60dB:
        dmean: 0.0164912026376
        dmean2: 0.0329848341644
        dvar: 0.0162211842835
        dvar2: 0.0363201722503
        max: 1
        mean: 0.478651344776
        median: 0
        min: 0
        var: 0.24951775372
    spectral_centroid:
        dmean: 164.108779907
        dmean2: 258.073120117
        dvar: 43098.4882813
        dvar2: 84343.140625
        max: 10941.3818359
        mean: 1585.1628418
        median: 1712.53637695
        min: 141.857650757
        var: 480407.71875
    spectral_complexity:
        dmean: 2.51535010338
        dmean2: 4.20954227448
        dvar: 7.98142719269
        dvar2: 21.1969566345
        max: 45
        mean: 15.0145759583
        median: 15
        min: 0
        var: 122.051292419
    spectral_crest:
        dmean: 1.7954621315
        dmean2: 2.94317960739
        dvar: 2.9429769516
        dvar2: 7.71110200882
        max: 25.4359340668
        mean: 7.6121840477
        median: 6.41474676132
        min: 2.25528645515
        var: 14.6923933029
    spectral_decrease:
        dmean: 1.74261050034e-010
        dmean2: 2.89145346555e-010
        dvar: 8.31711429735e-020
        dvar2: 2.23638204771e-019
        max: 9.64186493261e-029
        mean: -8.73547012503e-010
        median: -7.68408781049e-010
        min: -4.67384131397e-009
        var: 4.69291873244e-019
    spectral_energy:
        dmean: 0.00078051595483
        dmean2: 0.00129502010532
        dvar: 1.56313319621e-006
        dvar2: 4.2090050556e-006
        max: 0.0204749759287
        mean: 0.00399606255814
        median: 0.00356546603143
        min: 1.06703075923e-020
        var: 1.01529913081e-005
    spectral_energyband_high:
        dmean: 8.97236677702e-005
        dmean2: 0.000153217697516
        dvar: 2.52362397646e-008
        dvar2: 6.96360800134e-008
        max: 0.00220882985741
        mean: 0.000255592662143
        median: 0.000184769160114
        min: 7.80081320059e-021
        var: 8.10275579965e-008
    spectral_energyband_low:
        dmean: 0.000104327584268
        dmean2: 0.000175974753802
        dvar: 3.07495504615e-008
        dvar2: 8.38652312041e-008
        max: 0.00214804615825
        mean: 0.00018561266188
        median: 0.000115576585813
        min: 1.72980236006e-023
        var: 4.82173554417e-008
    spectral_energyband_middle_high:
        dmean: 0.000527854659595
        dmean2: 0.000854064768646
        dvar: 5.13248039624e-007
        dvar2: 1.33305036343e-006
        max: 0.0133781181648
        mean: 0.00260735931806
        median: 0.00216251215898
        min: 1.40367248805e-021
        var: 5.76177626499e-006
    spectral_energyband_middle_low:
        dmean: 0.000379388424335
        dmean2: 0.000621719344053
        dvar: 6.97392408711e-007
        dvar2: 1.86710838079e-006
        max: 0.0121438652277
        mean: 0.00103056349326
        median: 0.000852880417369
        min: 2.18589999445e-022
        var: 8.89232751433e-007
    spectral_flatness_db:
        dmean: 0.0126235941425
        dmean2: 0.0197759177536
        dvar: 0.000145549536683
        dvar2: 0.000346375221852
        max: 0.474759936333
        mean: 0.157320648432
        median: 0.131411671638
        min: 0.050967078656
        var: 0.0046917158179
    spectral_flux:
        dmean: 0.00522060552612
        dmean2: 0.00813474878669
        dvar: 4.27328923251e-005
        dvar2: 9.15273485589e-005
        max: 0.107860796154
        mean: 0.0323772057891
        median: 0.0350869745016
        min: 1.03297183307e-010
        var: 0.00037392223021
    spectral_kurtosis:
        dmean: 2.62132668495
        dmean2: 4.48535013199
        dvar: 39.7112388611
        dvar2: 117.193984985
        max: 107.179595947
        mean: 8.58529758453
        median: 4.55399417877
        min: -1.20700883865
        var: 163.192779541
    spectral_rms:
        dmean: 0.000172734202351
        dmean2: 0.000280490901787
        dvar: 5.05575954435e-008
        dvar2: 1.31931358283e-007
        max: 0.00446940585971
        mean: 0.0017680474557
        median: 0.00186507450417
        min: 3.22646184943e-012
        var: 7.72580108332e-007
    spectral_rolloff:
        dmean: 257.596984863
        dmean2: 427.624267578
        dvar: 142803.984375
        dvar2: 283294.28125
        max: 18949.21875
        mean: 2707.98754883
        median: 3100.78125
        min: 107.666015625
        var: 1257854
    spectral_skewness:
        dmean: 0.238350644708
        dmean2: 0.397274136543
        dvar: 0.162271827459
        dvar2: 0.470116168261
        max: 8.56849861145
        mean: 1.90535080433
        median: 1.59289264679
        min: 0.00939305685461
        var: 1.08129584789
    spectral_spread:
        dmean: 382385.25
        dmean2: 546086.6875
        dvar: 411289255936
        dvar2: 594912280576
        max: 41146992
        mean: 4312561
        median: 4254846
        min: 611780.375
        var: 3.87786735616e+012
    spectral_strongpeak:
        dmean: 0.507201969624
        dmean2: 0.862500309944
        dvar: 0.550150990486
        dvar2: 1.43972861767
        max: 8.69078445435
        mean: 0.950056433678
        median: 0.529725968838
        min: 1.44220391185e-009
        var: 1.2754585743
    zerocrossingrate:
        dmean: 0.00568107329309
        dmean2: 0.00697165122256
        dvar: 4.89499834657e-005
        dvar2: 5.45396251255e-005
        max: 0.50048828125
        mean: 0.0876502618194
        median: 0.0966796875
        min: 0.00732421875
        var: 0.00118005019613
    barkbands:
        dmean: [5.65958771404e-007, 4.08829619118e-005, 5.66556955164e-005, 7.12919427315e-005, 0.00018527598877, 8.19250126369e-005, 8.07559044915e-005, 6.68446737109e-005, 9.1678382887e-005, 0.000117000323371, 6.32266819593e-005, 4.77211615362e-005, 5.05279967911e-005, 5.6117951317e-005, 9.36640790314e-005, 0.000132882472826, 0.000231281825108, 0.00016603457334, 0.000151142681716, 9.71760455286e-005, 3.98362935812e-005, 1.90254122572e-005, 3.11762801175e-006, 1.71145700278e-006, 1.12589930268e-006, 4.09350562336e-008, 8.53182358096e-010]
        dmean2: [9.2404593488e-007, 6.90438828315e-005, 9.66345323832e-005, 0.000118735893921, 0.000316744495649, 0.000129819527501, 0.000130750326207, 0.00010724306776, 0.000144653648022, 0.000178639078513, 9.76300361799e-005, 7.69083126215e-005, 8.04343726486e-005, 8.93102624104e-005, 0.000153499684529, 0.000222362476052, 0.000388022308471, 0.000278420950053, 0.000252476689639, 0.000165662029758, 6.69659784762e-005, 3.17206431646e-005, 5.02602051711e-006, 2.66901611212e-006, 1.7115726223e-006, 6.14037887203e-008, 1.24368815246e-009]
        dvar: [1.29261813926e-012, 8.12123435168e-009, 9.83021664069e-009, 1.42179104046e-008, 3.79641448944e-007, 1.79647390297e-008, 2.61754333764e-008, 2.13200639365e-008, 2.64323070098e-008, 6.94422297443e-008, 2.11119495219e-008, 1.25311485633e-008, 1.14737339629e-008, 2.05300043632e-008, 3.42702577427e-008, 4.00817228297e-008, 1.6587398477e-007, 7.49127693211e-008, 5.33369046707e-008, 2.74073705953e-008, 4.79640460682e-009, 1.1757685936e-009, 3.4263671761e-011, 1.87996285206e-011, 1.11594943356e-011, 7.60855476387e-015, 4.25486114743e-018]
        dvar2: [3.51319169069e-012, 2.18019771125e-008, 2.76726712656e-008, 3.79066769085e-008, 1.04472746898e-006, 4.55507702668e-008, 6.38206785197e-008, 5.55520784928e-008, 6.4931128918e-008, 1.62014089256e-007, 4.91557266002e-008, 3.05730161188e-008, 2.78871397086e-008, 4.970722145e-008, 8.89982629815e-008, 1.09990288877e-007, 4.46200175475e-007, 1.98991500611e-007, 1.42813490811e-007, 7.44639976347e-008, 1.30386030861e-008, 3.17189052801e-009, 8.50972070587e-011, 4.26652879693e-011, 2.54586282611e-011, 1.6802548529e-014, 8.5272560423e-018]
        max: [1.33698567879e-005, 0.000860705855303, 0.00161943526473, 0.0019445924554, 0.0100372359157, 0.00267632259056, 0.00426331767812, 0.00276379380375, 0.00315328338183, 0.00692639918998, 0.00420376285911, 0.00351954833604, 0.00241389381699, 0.00404755724594, 0.00473727937788, 0.00394152570516, 0.00801717303693, 0.00568429520354, 0.00407699448988, 0.00236231973395, 0.00119794753846, 0.000566778471693, 0.000128314364702, 0.000110937267891, 9.16197750485e-005, 1.94105632545e-006, 4.20464765227e-008]
        mean: [8.00709017312e-007, 5.67565148231e-005, 8.29766795505e-005, 0.000106725477963, 0.000259449851001, 0.000171523453901, 0.000138777089887, 0.000110796303488, 0.000183879310498, 0.000282273424091, 0.000135789377964, 9.37925215112e-005, 0.000101553756394, 0.000102344041807, 0.000181621639058, 0.00029267242644, 0.000513825623784, 0.00040780720883, 0.000391823123209, 0.00021611545526, 0.000103013968328, 4.64612749056e-005, 8.07932337921e-006, 4.53365601061e-006, 2.57595138464e-006, 8.90627518402e-008, 1.6057583041e-009]
        median: [3.10058453579e-007, 3.07653826894e-005, 3.76159514417e-005, 5.19471541338e-005, 0.000150357431266, 0.000112828187412, 7.00882956153e-005, 4.57026762888e-005, 0.000104243983515, 6.17199839326e-005, 3.84146878787e-005, 4.34001049143e-005, 3.71880960301e-005, 3.68196924683e-005, 9.61919140536e-005, 0.00020841373771, 0.00030942435842, 0.000263990543317, 0.000273809913779, 0.000141316791996, 6.40301805106e-005, 2.72782363027e-005, 5.36973857379e-006, 2.48151172855e-006, 1.19911533147e-006, 4.0042632321e-008, 5.69179925414e-010]
        min: [1.56575321279e-023, 6.15981998399e-024, 2.07206958252e-024, 1.83538460802e-023, 1.87253411908e-023, 3.9375272643e-023, 6.80784752395e-023, 2.18114360495e-023, 2.87463785316e-023, 7.96187971526e-023, 2.36083759946e-023, 4.78573385987e-023, 6.91518751178e-023, 4.45750145898e-023, 6.29165796834e-023, 1.21306082269e-022, 2.2284798031e-022, 1.67114465107e-022, 1.6480548817e-022, 2.59043619702e-022, 3.63924709156e-022, 5.30727643626e-022, 6.08863243437e-022, 1.01340742297e-021, 1.13166385733e-021, 1.79747478019e-021, 2.11562871939e-021]
        var: [1.56863552096e-012, 7.77937270158e-009, 1.62802837878e-008, 2.24925553738e-008, 2.82620504777e-007, 4.05510611756e-008, 4.74386823157e-008, 3.46504585025e-008, 6.35851051811e-008, 3.81477889277e-007, 8.74706742593e-008, 3.45844632932e-008, 3.17118598048e-008, 4.53360371466e-008, 8.84838868842e-008, 1.09560410522e-007, 5.21339870829e-007, 2.42854270027e-007, 1.88502070841e-007, 6.72929516554e-008, 1.57062061135e-008, 3.73943720433e-009, 1.02697010618e-010, 4.95232396758e-011, 2.4508063981e-011, 1.97678346945e-014, 9.12067789529e-018]
    frequency_bands:
        dmean: [5.65958771404e-007, 4.08829619118e-005, 5.66556955164e-005, 7.12919427315e-005, 0.00018527598877, 8.19250126369e-005, 8.07559044915e-005, 6.68446737109e-005, 9.1678382887e-005, 0.000117000323371, 6.32266819593e-005, 4.77211615362e-005, 5.05279967911e-005, 5.6117951317e-005, 9.36640790314e-005, 0.000132882472826, 0.000231281825108, 0.00016603457334, 0.000151142681716, 9.71760455286e-005, 3.98362935812e-005, 1.90254122572e-005, 3.11762801175e-006, 1.71145700278e-006, 1.12589930268e-006, 4.09350562336e-008, 8.53182358096e-010, 4.56237859991e-011]
        dmean2: [9.2404593488e-007, 6.90438828315e-005, 9.66345323832e-005, 0.000118735893921, 0.000316744495649, 0.000129819527501, 0.000130750326207, 0.00010724306776, 0.000144653648022, 0.000178639078513, 9.76300361799e-005, 7.69083126215e-005, 8.04343726486e-005, 8.93102624104e-005, 0.000153499684529, 0.000222362476052, 0.000388022308471, 0.000278420950053, 0.000252476689639, 0.000165662029758, 6.69659784762e-005, 3.17206431646e-005, 5.02602051711e-006, 2.66901611212e-006, 1.7115726223e-006, 6.14037887203e-008, 1.24368815246e-009, 8.44952163792e-011]
        dvar: [1.29261813926e-012, 8.12123435168e-009, 9.83021664069e-009, 1.42179104046e-008, 3.79641448944e-007, 1.79647390297e-008, 2.61754333764e-008, 2.13200639365e-008, 2.64323070098e-008, 6.94422297443e-008, 2.11119495219e-008, 1.25311485633e-008, 1.14737339629e-008, 2.05300043632e-008, 3.42702577427e-008, 4.00817228297e-008, 1.6587398477e-007, 7.49127693211e-008, 5.33369046707e-008, 2.74073705953e-008, 4.79640460682e-009, 1.1757685936e-009, 3.4263671761e-011, 1.87996285206e-011, 1.11594943356e-011, 7.60855476387e-015, 4.25486114743e-018, 5.67322550134e-021]
        dvar2: [3.51319169069e-012, 2.18019771125e-008, 2.76726712656e-008, 3.79066769085e-008, 1.04472746898e-006, 4.55507702668e-008, 6.38206785197e-008, 5.55520784928e-008, 6.4931128918e-008, 1.62014089256e-007, 4.91557266002e-008, 3.05730161188e-008, 2.78871397086e-008, 4.970722145e-008, 8.89982629815e-008, 1.09990288877e-007, 4.46200175475e-007, 1.98991500611e-007, 1.42813490811e-007, 7.44639976347e-008, 1.30386030861e-008, 3.17189052801e-009, 8.50972070587e-011, 4.26652879693e-011, 2.54586282611e-011, 1.6802548529e-014, 8.5272560423e-018, 1.7877945052e-020]
        max: [1.33698567879e-005, 0.000860705855303, 0.00161943526473, 0.0019445924554, 0.0100372359157, 0.00267632259056, 0.00426331767812, 0.00276379380375, 0.00315328338183, 0.00692639918998, 0.00420376285911, 0.00351954833604, 0.00241389381699, 0.00404755724594, 0.00473727937788, 0.00394152570516, 0.00801717303693, 0.00568429520354, 0.00407699448988, 0.00236231973395, 0.00119794753846, 0.000566778471693, 0.000128314364702, 0.000110937267891, 9.16197750485e-005, 1.94105632545e-006, 4.20464765227e-008, 1.10409714704e-009]
        mean: [8.00709017312e-007, 5.67565148231e-005, 8.29766795505e-005, 0.000106725477963, 0.000259449851001, 0.000171523453901, 0.000138777089887, 0.000110796303488, 0.000183879310498, 0.000282273424091, 0.000135789377964, 9.37925215112e-005, 0.000101553756394, 0.000102344041807, 0.000181621639058, 0.00029267242644, 0.000513825623784, 0.00040780720883, 0.000391823123209, 0.00021611545526, 0.000103013968328, 4.64612749056e-005, 8.07932337921e-006, 4.53365601061e-006, 2.57595138464e-006, 8.90627518402e-008, 1.6057583041e-009, 3.58014694279e-011]
        median: [3.10058453579e-007, 3.07653826894e-005, 3.76159514417e-005, 5.19471541338e-005, 0.000150357431266, 0.000112828187412, 7.00882956153e-005, 4.57026762888e-005, 0.000104243983515, 6.17199839326e-005, 3.84146878787e-005, 4.34001049143e-005, 3.71880960301e-005, 3.68196924683e-005, 9.61919140536e-005, 0.00020841373771, 0.00030942435842, 0.000263990543317, 0.000273809913779, 0.000141316791996, 6.40301805106e-005, 2.72782363027e-005, 5.36973857379e-006, 2.48151172855e-006, 1.19911533147e-006, 4.0042632321e-008, 5.69179925414e-010, 9.10749080318e-012]
        min: [1.56575321279e-023, 6.15981998399e-024, 2.07206958252e-024, 1.83538460802e-023, 1.87253411908e-023, 3.9375272643e-023, 6.80784752395e-023, 2.18114360495e-023, 2.87463785316e-023, 7.96187971526e-023, 2.36083759946e-023, 4.78573385987e-023, 6.91518751178e-023, 4.45750145898e-023, 6.29165796834e-023, 1.21306082269e-022, 2.2284798031e-022, 1.67114465107e-022, 1.6480548817e-022, 2.59043619702e-022, 3.63924709156e-022, 5.30727643626e-022, 6.08863243437e-022, 1.01340742297e-021, 1.13166385733e-021, 1.79747478019e-021, 2.11562871939e-021, 7.50899252388e-022]
        var: [1.56863552096e-012, 7.77937270158e-009, 1.62802837878e-008, 2.24925553738e-008, 2.82620504777e-007, 4.05510611756e-008, 4.74386823157e-008, 3.46504585025e-008, 6.35851051811e-008, 3.81477889277e-007, 8.74706742593e-008, 3.45844632932e-008, 3.17118598048e-008, 4.53360371466e-008, 8.84838868842e-008, 1.09560410522e-007, 5.21339870829e-007, 2.42854270027e-007, 1.88502070841e-007, 6.72929516554e-008, 1.57062061135e-008, 3.73943720433e-009, 1.02697010618e-010, 4.95232396758e-011, 2.4508063981e-011, 1.97678346945e-014, 9.12067789529e-018, 4.66574374905e-021]
    mfcc:
        mean: [-742.344299316, 109.511390686, -46.1717262268, 38.6267929077, -5.81665372849, -12.6065216064, -4.60450792313, 0.732611715794, 0.673075377941, -7.25842094421, -5.37792301178, -7.40718460083, -3.76077103615]
        cov: [[13310.3740234, -1257.03112793, -2556.59082031, 1334.01904297, -534.187927246, 286.553527832, 150.134262085, 287.085754395, 353.60949707, 27.4293193817, 155.356826782, 151.686553955, 112.72819519], [-1257.03112793, 1290.94055176, -104.108474731, -229.18107605, 30.5477657318, -202.527740479, -28.2017116547, -108.142967224, -119.290718079, -58.7791595459, -2.09377336502, -7.80235290527, -10.103720665], [-2556.59082031, -104.108474731, 1012.66394043, -248.394500732, 109.607757568, -10.2086162567, -63.2538795471, -14.9340763092, -32.677230835, 19.1024971008, -48.3692054749, -51.1483154297, -27.1374206543], [1334.01904297, -229.18107605, -248.394500732, 368.308258057, -13.9929332733, 65.0115737915, 44.0833358765, 23.3776454926, 74.3950881958, 22.5345172882, 5.28862953186, 24.6984653473, 26.4158630371], [-534.187927246, 30.5477657318, 109.607757568, -13.9929332733, 189.019332886, -31.9911899567, -28.4023857117, -30.8392219543, -19.1453266144, 17.5534973145, -33.8391494751, -0.580507040024, 5.92385339737], [286.553527832, -202.527740479, -10.2086162567, 65.0115737915, -31.9911899567, 174.042419434, 71.132774353, 52.0562362671, 32.1236801147, -7.60007143021, 16.524646759, -9.73399734497, -11.0555953979], [150.134262085, -28.2017116547, -63.2538795471, 44.0833358765, -28.4023857117, 71.132774353, 148.912322998, 49.3773193359, 28.5131664276, -0.408714026213, 4.17124557495, 1.87237775326, -3.32891941071], [287.085754395, -108.142967224, -14.9340763092, 23.3776454926, -30.8392219543, 52.0562362671, 49.3773193359, 108.784637451, 47.8167915344, 2.80308938026, 0.26151868701, -15.9858074188, -6.70285987854], [353.60949707, -119.290718079, -32.677230835, 74.3950881958, -19.1453266144, 32.1236801147, 28.5131664276, 47.8167915344, 93.1070098877, 30.6904430389, -2.39960837364, -4.23911905289, -0.454499483109], [27.4293193817, -58.7791595459, 19.1024971008, 22.5345172882, 17.5534973145, -7.60007143021, -0.408714026213, 2.80308938026, 30.6904430389, 76.1786651611, 18.4769039154, 10.6392183304, 3.47689580917], [155.356826782, -2.09377336502, -48.3692054749, 5.28862953186, -33.8391494751, 16.524646759, 4.17124557495, 0.26151868701, -2.39960837364, 18.4769039154, 87.5824279785, 38.5845031738, 8.39011669159], [151.686553955, -7.80235290527, -51.1483154297, 24.6984653473, -0.580507040024, -9.73399734497, 1.87237775326, -15.9858074188, -4.23911905289, 10.6392183304, 38.5845031738, 77.000328064, 36.200756073], [112.72819519, -10.103720665, -27.1374206543, 26.4158630371, 5.92385339737, -11.0555953979, -3.32891941071, -6.70285987854, -0.454499483109, 3.47689580917, 8.39011669159, 36.200756073, 60.6937332153]]
        icov: [[0.000263823952992, 0.000185380151379, 0.000541121000424, -0.000468019512482, 0.00035370659316, 4.17708251916e-005, 0.00032558850944, -0.00039578700671, -4.79369991808e-005, 1.85545959539e-005, 5.63568664802e-006, -6.85709455865e-005, -2.75714846794e-005], [0.000185380151379, 0.00136791891418, 0.000654429837596, 0.000279198167846, 7.09312416802e-006, 0.00141111831181, -0.000593446253333, 0.000454284105217, 0.000259159161942, 0.000822502828669, -0.000628329056781, 0.000621487095486, -5.36084996838e-007], [0.000541121000424, 0.000654429837596, 0.00254383613355, 0.000175516543095, 7.35923822504e-005, -0.000261870940449, 0.000963724916801, -0.000643492792733, -0.000135195135954, -0.000489183003083, 0.000441515934654, 0.000355704483809, -0.000154358684085], [-0.000468019512482, 0.000279198167846, 0.000175516543095, 0.00549260992557, -0.00118405232206, -0.00101809180342, -0.000955432362389, 0.00208103889599, -0.00282905134372, -9.85017395578e-005, 0.000522645306773, -0.000186424222193, -0.00126539939083], [0.00035370659316, 7.09312416802e-006, 7.35923822504e-005, -0.00118405232206, 0.00741904834285, -0.000111975583422, 0.00102455692831, 5.49296855752e-005, 0.00185140874237, -0.00292574963532, 0.003652096726, -0.00144478259608, -0.000251425080933], [4.17708251916e-005, 0.00141111831181, -0.000261870940449, -0.00101809180342, -0.000111975583422, 0.0104350773618, -0.00399441597983, -0.00120092381258, -0.000474797823699, 0.00326435221359, -0.00376140489243, 0.00232292735018, 0.000987251405604], [0.00032558850944, -0.000593446253333, 0.000963724916801, -0.000955432362389, 0.00102455692831, -0.00399441597983, 0.0103700943291, -0.00379804847762, -0.000255495222518, -0.00101799098775, 0.00188264751341, -0.0024489145726, 0.000721759279259], [-0.00039578700671, 0.000454284105217, -0.000643492792733, 0.00208103889599, 5.49296855752e-005, -0.00120092381258, -0.00379804847762, 0.0159245263785, -0.00693169236183, 0.0020001064986, -0.00147758424282, 0.00361159490421, -0.00117285072338], [-4.79369991808e-005, 0.000259159161942, -0.000135195135954, -0.00282905134372, 0.00185140874237, -0.000474797823699, -0.000255495222518, -0.00693169236183, 0.0204207710922, -0.00816636998206, 0.00335499970242, -0.000227164695389, 0.000548747251742], [1.85545959539e-005, 0.000822502828669, -0.000489183003083, -9.85017395578e-005, -0.00292574963532, 0.00326435221359, -0.00101799098775, 0.0020001064986, -0.00816636998206, 0.0196298509836, -0.00663555972278, 0.000578812556341, 0.000358214281732], [5.63568664802e-006, -0.000628329056781, 0.000441515934654, 0.000522645306773, 0.003652096726, -0.00376140489243, 0.00188264751341, -0.00147758424282, 0.00335499970242, -0.00663555972278, 0.0196379572153, -0.0108627900481, 0.00292300782166], [-6.85709455865e-005, 0.000621487095486, 0.000355704483809, -0.000186424222193, -0.00144478259608, 0.00232292735018, -0.0024489145726, 0.00361159490421, -0.000227164695389, 0.000578812556341, -0.0108627900481, 0.0258806776255, -0.0126700606197], [-2.75714846794e-005, -5.36084996838e-007, -0.000154358684085, -0.00126539939083, -0.000251425080933, 0.000987251405604, 0.000721759279259, -0.00117285072338, 0.000548747251742, 0.000358214281732, 0.00292300782166, -0.0126700606197, 0.0242600161582]]
    sccoeffs:
        dmean: [0.0460346639156, 0.0418808348477, 0.0348255969584, 0.0286787115037, 0.0203781444579, 0.0155554180965]
        dmean2: [0.0763336271048, 0.0692421793938, 0.0568049363792, 0.0475480556488, 0.0338054671884, 0.0251063089818]
        dvar: [0.00163963262457, 0.00113006983884, 0.00077907810919, 0.000523317547049, 0.000284202105831, 0.00023992153001]
        dvar2: [0.00428520422429, 0.0030595511198, 0.00204020226374, 0.00139196554665, 0.0007446295931, 0.000556451501325]
        max: [-0.347056627274, -0.429489016533, -0.49251306057, -0.543924629688, -0.556680619717, -0.594446063042]
        mean: [-0.707941770554, -0.74670535326, -0.748760223389, -0.770967483521, -0.778785705566, -0.774608373642]
        median: [-0.711462259293, -0.752191245556, -0.754670858383, -0.770671963692, -0.776835680008, -0.770681679249]
        min: [-0.965619266033, -0.986294806004, -0.976669430733, -0.977033078671, -0.961079835892, -0.960239887238]
        var: [0.00437463913113, 0.00433440832421, 0.00454231631011, 0.00266979495063, 0.00189291953575, 0.00249000499025]
    scvalleys:
        dmean: [0.326277196407, 0.320606261492, 0.269330114126, 0.235434889793, 0.193016201258, 0.184807911515]
        dmean2: [0.544891476631, 0.535239458084, 0.445839315653, 0.383282870054, 0.312719345093, 0.273150414228]
        dvar: [0.0972430706024, 0.0951303765178, 0.072670198977, 0.066188134253, 0.0652061626315, 0.0678550899029]
        dvar2: [0.223762348294, 0.21877412498, 0.156395345926, 0.132306367159, 0.12127610296, 0.116577379405]
        max: [-5.30214262009, -4.36518335342, -5.15205001831, -5.58806705475, -5.47893333435, -7.73006772995]
        mean: [-7.0930981636, -6.93572902679, -7.36057949066, -7.68942546844, -7.68568325043, -10.401011467]
        median: [-6.7763261795, -6.6696844101, -6.96582794189, -7.10293865204, -6.83294725418, -9.478723526]
        min: [-26.9967556, -27.4182300568, -27.4591789246, -27.3850364685, -27.2402076721, -27.3143424988]
        var: [1.47674298286, 1.62731945515, 2.2039065361, 2.85705685616, 3.44385457039, 4.06581401825]

rhythm:
    beats_loudness:
        dmean: 0.00141246011481
        dmean2: 0.00250323256478
        dvar: 2.14081774175e-006
        dvar2: 6.01726378591e-006
        max: 0.0132313743234
        mean: 0.00453831162304
        median: 0.00413647852838
        min: 5.27309359372e-012
        var: 1.12215075205e-005
    bpm: 162.092193604
    bpm_confidence: 0
    first_peak_bpm: 161
    first_peak_spread: 0.216463431716
    first_peak_weight: 0.409888356924
    onset_rate: 1.85175609589
    second_peak_bpm: 81
    second_peak_spread: 0.00995027832687
    second_peak_weight: 0.317384362221
    beats_loudness_band_ratio:
        dmean: [0.105127871037, 0.10106844455, 0.0856114178896, 0.088506385684, 0.0854165703058, 0.0528493337333]
        dmean2: [0.181125715375, 0.173101752996, 0.143721446395, 0.148316159844, 0.144436895847, 0.0938444435596]
        dvar: [0.0100961457938, 0.0080624865368, 0.0106790894642, 0.00976552162319, 0.0065207388252, 0.00320301717147]
        dvar2: [0.0267129074782, 0.0209208223969, 0.0255505684763, 0.0258352905512, 0.0186410155147, 0.00981526263058]
        max: [0.852870821953, 0.915756464005, 0.949432194233, 0.933602392673, 0.77444934845, 0.457486778498]
        mean: [0.16279579699, 0.175355508924, 0.164569199085, 0.158872395754, 0.269756346941, 0.139063388109]
        median: [0.112324714661, 0.133462965488, 0.104180000722, 0.116396918893, 0.282239079475, 0.146000266075]
        min: [0, 0, 0, 0, 0, 0]
        var: [0.022057492286, 0.0222298651934, 0.0234689600766, 0.019429506734, 0.0265443678945, 0.00890074297786]
    beats_position: [0.754648506641, 1.52090704441, 2.28716540337, 3.04181408882, 3.78485250473, 4.52789115906, 5.27092981339, 6.01396799088, 6.7570066452, 7.50004529953, 8.24308395386, 8.98612213135, 9.72916126251, 10.47219944, 11.2036275864, 11.9466667175, 12.689704895, 13.4327430725, 14.1757822037, 14.90721035, 15.6502494812, 16.3932876587, 17.1363258362, 17.8793640137, 18.6224040985, 19.365442276, 20.1084804535, 20.851518631, 21.5945568085, 22.3375968933, 23.0690250397, 23.800453186, 24.5434913635, 25.286529541, 26.0295696259, 26.7726078033, 27.5156459808, 28.2586841583, 29.0017223358, 29.7447605133, 30.4878005981, 31.2192287445, 31.962266922, 32.7053070068, 33.4483451843, 34.1797714233, 34.9228096008, 35.6658477783, 36.4088897705, 37.151927948, 37.8949661255, 38.638004303, 39.369430542, 40.1124725342, 40.8438987732, 41.5869369507, 42.3299751282, 43.0730133057, 43.8160552979, 44.5590934753, 45.3021316528, 46.0451698303, 46.7882080078, 47.5312461853, 48.2742843628, 49.0057144165, 49.7371406555, 50.480178833, 51.2232208252, 51.9662590027, 52.7092971802, 53.4523353577, 54.1953735352, 54.9384117126, 55.6698417664, 56.4012680054, 57.1443061829, 57.8873443604, 58.6303825378, 59.37342453, 60.1164627075, 60.859500885, 61.6025390625, 62.34557724, 63.0886154175, 63.831653595, 64.5746917725, 65.3177337646, 66.0607681274, 66.7921981812, 67.5236282349, 68.2666625977, 69.0097045898, 69.7527389526, 70.4957809448, 71.238822937, 71.9818572998, 72.724899292, 73.4679336548, 74.210975647, 74.9540100098, 75.6854400635, 76.4284820557, 77.1715164185, 77.9145584106, 78.6575927734, 79.3890228271, 80.1320648193, 80.8750991821, 81.6181411743, 82.3611755371, 83.1042175293, 83.8472518921, 84.5902938843, 85.321723938, 86.0531539917, 86.7961883545, 87.5392303467, 88.2822647095, 89.0253067017, 89.7683410645, 90.5113830566, 91.2544174194, 91.9974594116, 92.7404937744, 93.4835357666, 94.2265777588, 94.9696121216, 95.7010421753, 96.4440765381, 97.1755065918, 97.918548584, 98.6615829468, 99.404624939, 100.147659302, 100.890701294, 101.633743286, 102.376777649, 103.119819641, 103.862854004, 104.594284058, 105.325714111, 106.068748474, 106.811790466, 107.554824829, 108.297866821, 109.040908813, 109.783943176, 110.526985168, 111.270019531, 112.013061523, 112.744483948, 113.48752594, 114.230567932, 114.961990356, 115.705032349, 116.448066711, 117.191108704, 117.934150696, 118.677185059, 119.420227051, 120.163261414, 120.906303406, 121.649337769, 122.392379761, 123.135414124, 123.866844177, 124.609886169, 125.341316223, 126.084350586, 126.827392578, 127.570426941, 128.313461304, 129.056503296, 129.799545288, 130.54258728, 131.285614014, 132.028656006, 132.76008606, 133.503128052, 134.234558105, 134.977600098, 135.720626831, 136.463668823, 137.206710815, 137.949752808, 138.692779541, 139.435821533, 140.178863525, 140.921905518, 141.66494751, 142.407974243, 143.139404297, 143.882446289, 144.613876343, 145.356918335, 146.099945068, 146.842987061, 147.586029053, 148.329071045, 149.072113037, 149.815139771, 150.372421265, 150.929702759, 151.475372314, 152.02104187, 152.578323364, 153.135604858, 153.692871094, 154.250152588, 154.807434082, 155.364715576, 155.92199707, 156.479278564, 157.0365448, 157.593826294, 158.151107788, 158.708389282, 159.265670776, 159.822952271, 160.380218506, 160.925888062, 161.471557617, 162.028839111, 162.586120605, 163.1434021, 163.700683594, 164.257949829, 164.815231323, 165.372512817, 165.906570435, 166.429016113, 166.835372925, 167.218505859, 167.601623535, 167.98475647, 168.344665527, 168.727798462, 169.110931396, 169.482452393, 169.865570068, 170.248703003, 170.620223999, 170.991744995, 171.351654053, 171.71156311, 172.071472168, 172.442993164, 172.802902222, 173.174423218, 173.534332275, 173.894241333, 174.265762329, 174.637283325, 175.008789063, 175.380310059, 175.751831055, 176.123352051, 176.494873047, 176.866394043, 177.237915039, 177.609436035, 177.980941772, 178.352462769, 178.723983765, 179.095504761, 179.467025757, 179.838546753, 180.210067749, 180.581588745, 180.941497803, 181.30140686, 181.672927856, 182.044433594, 182.41595459, 182.787475586, 183.158996582, 183.530517578, 183.902038574, 184.27355957, 184.645080566, 185.016601563, 185.3881073, 185.759628296, 186.131149292, 186.502670288, 186.874191284, 187.24571228, 187.617233276, 187.988754272, 188.360275269, 188.731781006, 189.103302002, 189.474822998, 189.846343994, 190.21786499, 190.589385986, 190.960906982, 191.344039917, 191.727157593, 192.098678589, 192.470199585, 192.85333252, 193.224853516, 193.596374512, 193.956283569, 194.327789307, 194.710922241, 195.094055176, 195.465576172, 195.837097168, 196.208618164, 196.58013916, 196.951644897, 197.334777832, 197.717910767, 198.101043701, 198.484161377, 198.855682373, 199.227203369, 199.598724365, 199.970245361, 200.341766357, 200.690063477, 201.038360596, 201.386657715, 201.734954834, 202.083267212, 202.431564331, 202.791473389, 203.151382446, 203.499679565, 203.847976685, 204.196273804, 204.544570923, 204.892883301, 205.24118042, 205.589477539, 205.937774658, 206.286071777, 206.669204712, 207.052337646, 207.435455322, 207.818588257, 208.201721191, 208.584854126, 208.967971802, 209.351104736, 209.734237671, 210.117370605, 210.500488281, 210.883621216, 211.278366089, 211.673095703, 212.056228638, 212.439361572, 212.857315063, 213.286895752, 213.716461182, 214.146026611, 214.575592041, 215.005172729, 215.434738159, 215.85269165, 216.2706604, 216.688613892, 217.071746826, 217.454864502, 217.849609375, 218.23274231, 218.615875244, 218.99899292, 219.382125854, 219.765258789, 220.148391724, 220.531509399, 220.914642334, 221.297775269, 221.680908203, 222.064025879, 222.447158813, 222.81867981, 223.190200806, 223.561721802, 223.933242798, 224.304763794, 224.676269531, 225.047790527, 225.419311523, 225.79083252, 226.162353516, 226.533874512, 226.905395508, 227.276916504, 227.6484375, 228.008346558, 228.368255615, 228.739776611, 229.111282349, 229.482803345, 229.854324341, 230.225845337, 230.597366333, 230.968887329, 231.340408325, 231.711929321, 232.083435059, 232.454956055, 232.826477051, 233.197998047, 233.569519043, 233.941040039, 234.312561035, 234.684082031, 235.055603027, 235.415512085, 235.775421143, 236.14692688, 236.518447876, 236.889968872, 237.261489868, 237.633010864, 238.00453186, 238.376052856, 238.747573853, 239.119094849, 239.490600586, 239.862121582, 240.233642578, 240.605163574, 240.97668457, 241.348205566, 241.719726563, 242.091247559, 242.462768555, 242.834274292, 243.205795288, 243.565704346, 243.937225342, 244.308746338, 244.680267334, 245.040176392, 245.411697388, 245.794830322, 246.166351318, 246.526260376, 246.897766113, 247.269287109, 247.640808105, 248.012329102, 248.383850098, 248.755371094, 249.12689209, 249.498413086, 249.869934082, 250.241439819, 250.612960815, 250.984481812, 251.356002808, 251.727523804, 252.0990448, 252.470565796, 252.842086792, 253.213607788, 253.585113525, 253.956634521, 254.328155518, 254.699676514, 255.07119751, 255.442718506, 255.802627563, 256.174133301, 256.534057617, 256.905578613, 257.277099609, 257.648620605, 258.020141602, 258.391662598, 258.763183594, 259.134674072, 259.506195068, 259.877716064, 260.249237061, 260.620758057, 260.992279053, 261.363800049, 261.735321045, 262.106842041, 262.478363037, 262.849884033, 263.221405029, 263.592926025, 263.964447021, 264.335968018, 264.707489014, 265.07901001, 265.450531006, 265.822021484, 266.19354248, 266.553466797, 266.913360596, 267.284881592, 267.656402588, 268.027923584, 268.39944458, 268.770965576, 269.142486572, 269.514007568, 269.885528564, 270.257049561, 270.628570557, 271.000091553, 271.371612549, 271.743133545, 272.114654541, 272.47454834, 272.834472656, 273.205993652, 273.577514648, 273.949005127, 274.320526123, 274.692047119, 275.063568115, 275.435089111, 275.806610107, 276.178131104, 276.5496521, 276.921173096, 277.292694092, 277.664215088, 278.035736084, 278.40725708, 278.778778076, 279.150299072, 279.521820068, 279.893341064, 280.264862061, 280.636352539, 281.007873535, 281.379394531, 281.750915527, 282.122436523, 282.49395752, 282.865478516, 283.225402832, 283.596923828, 283.968444824, 284.328338623, 284.699859619, 285.071380615, 285.442901611, 285.814422607, 286.185943604, 286.5574646, 286.928985596, 287.300506592, 287.672027588, 288.043518066, 288.415039063, 288.786560059, 289.158081055, 289.529602051, 289.901123047, 290.272644043, 290.644165039, 291.015686035, 291.387207031, 291.74710083, 292.118621826, 292.490142822, 292.861663818, 293.221588135, 293.581481934, 293.95300293, 294.336151123, 294.719268799, 295.102386475, 295.473907471, 295.845428467, 296.205352783, 296.565246582, 296.936767578, 297.308288574, 297.67980957, 298.051330566, 298.422851563, 298.794372559, 299.165893555, 299.537414551, 299.908935547, 300.280456543, 300.663574219, 301.046691895, 301.429840088, 301.812957764, 302.196105957, 302.567626953, 302.950744629, 303.333862305, 303.717010498, 304.100128174, 304.494873047, 304.877990723, 305.261138916, 305.644256592, 306.027374268, 306.410522461, 306.793640137, 307.17678833, 307.559906006, 307.943023682, 308.326171875, 308.709289551, 309.092407227, 309.47555542, 309.870300293, 310.253417969, 310.682983398, 311.112548828, 311.542114258, 311.960083008, 312.320007324, 312.69152832, 313.063018799, 313.434539795, 313.806060791, 314.177581787, 314.549102783]
