
metadata:
    version:
        essentia: "2.1-beta2"
    audio_properties:
        analysis_sample_rate: 44100
        bitrate: 255
        channels: 2
        equal_loudness: 1
        length: 255.007339478
        replay_gain: -14.3938350677
        downmix: "mix"
    tags:
        album: "End of Silence"
        artist: ""
        comment: ""
        date: ""
        genre: ""
        title: "Break Me Down"
        tracknumber: "7"

configuration:
    average_loudness:
        compute: 1
        frameSize: 88200
        hopSize: 44100
        silentFrames: "noise"
        windowType: "hann"
    general:
        analysisSampleRate: 44100
        endTime: 2000
        equalLoudness: 1
        nequalLoudness: 0
        shortSound: 0
        startTime: 0
    lowlevel:
        compute: 1
        frameSize: 2048
        hopSize: 1024
        zeroPadding: 0
        silentFrames: "noise"
        windowType: "blackmanharris62"
        mfccStats: ["mean", "cov", "icov"]
        stats: ["mean", "var", "median", "min", "max", "dmean", "dmean2", "dvar", "dvar2"]
    panning:
        compute: 0
        frameSize: 8192
        hopSize: 2048
        zeroPadding: 8192
        silentFrames: "noise"
        windowType: "hann"
        stats: ["copy"]
    rhythm:
        compute: 1
        maxTempo: 208
        minTempo: 40
        method: "degara"
        stats: ["mean", "var", "median", "min", "max", "dmean", "dmean2", "dvar", "dvar2"]
    segmentation:
        compute: 0
        cpw: 5
        inc1: 300
        inc2: 50
        minimumSegmentsLength: 10
        size1: 1000
        size2: 600
    sfx:
        compute: 1
        stats: ["mean", "var", "median", "min", "max", "dmean", "dmean2", "dvar", "dvar2"]
    svm:
        compute: 0
    tonal:
        compute: 1
        frameSize: 4096
        hopSize: 2048
        zeroPadding: 0
        silentFrames: "noise"
        windowType: "blackmanharris62"
        stats: ["mean", "var", "median", "min", "max", "dmean", "dmean2", "dvar", "dvar2"]

lowlevel:
    average_loudness: 0.764324963093
    barkbands_kurtosis:
        dmean: 1.40057969093
        dmean2: 2.13928318024
        dvar: 79.9199066162
        dvar2: 187.427139282
        max: 521.828674316
        mean: 0.983255267143
        median: -0.81626868248
        min: -1.8055024147
        var: 192.019821167
    barkbands_skewness:
        dmean: 0.334739297628
        dmean2: 0.5238904953
        dvar: 0.148867741227
        dvar2: 0.367937654257
        max: 16.5140552521
        mean: 0.0266012791544
        median: -0.144441917539
        min: -3.25353574753
        var: 1.14986133575
    barkbands_spread:
        dmean: 4.2816491127
        dmean2: 6.66996002197
        dvar: 18.4485435486
        dvar2: 43.5530853271
        max: 69.2389221191
        mean: 26.7319374084
        median: 26.4813766479
        min: 0.122120529413
        var: 96.0591430664
    dissonance:
        dmean: 0.0144636081532
        dmean2: 0.0243433155119
        dvar: 0.000267155264737
        dvar2: 0.000706939550582
        max: 0.500000119209
        mean: 0.469897121191
        median: 0.480134904385
        min: 0.117334470153
        var: 0.00127377151512
    hfc:
        dmean: 1.56959474087
        dmean2: 2.5924270153
        dvar: 6.12878990173
        dvar2: 16.497253418
        max: 36.3969841003
        mean: 7.15452528
        median: 6.41277933121
        min: 1.11857900465e-016
        var: 36.7526702881
    pitch:
        dmean: 475.444915771
        dmean2: 904.871520996
        dvar: 837005.1875
        dvar2: 2208919.5
        max: 4505.04248047
        mean: 678.557067871
        median: 261.942993164
        min: 55.2750854492
        var: 966040.3125
    pitch_instantaneous_confidence:
        dmean: 0.0731775760651
        dmean2: 0.118838913739
        dvar: 0.00413073552772
        dvar2: 0.00998377148062
        max: 0.94607013464
        mean: 0.415771603584
        median: 0.37513756752
        min: 0.122103393078
        var: 0.0273683667183
    pitch_salience:
        dmean: 0.050739787519
        dmean2: 0.0827807635069
        dvar: 0.00207306747325
        dvar2: 0.00553246308118
        max: 0.894873082638
        mean: 0.632242381573
        median: 0.649015545845
        min: 0.0843471214175
        var: 0.0101052159443
    silence_rate_20dB:
        dmean: 0
        dmean2: 0
        dvar: 0
        dvar2: 0
        max: 1
        mean: 1
        median: 1
        min: 1
        var: 0
    silence_rate_30dB:
        dmean: 0
        dmean2: 0
        dvar: 0
        dvar2: 0
        max: 1
        mean: 1
        median: 1
        min: 1
        var: 0
    silence_rate_60dB:
        dmean: 0.0435218065977
        dmean2: 0.0870515406132
        dvar: 0.0416265651584
        dvar2: 0.0971337631345
        max: 1
        mean: 0.431263655424
        median: 0
        min: 0
        var: 0.24530442059
    spectral_centroid:
        dmean: 186.092071533
        dmean2: 292.486785889
        dvar: 49593.8007813
        dvar2: 101019.101563
        max: 11043.3720703
        mean: 1590.3704834
        median: 1665.10693359
        min: 200.134063721
        var: 332187.46875
    spectral_complexity:
        dmean: 2.64918518066
        dmean2: 4.37534141541
        dvar: 9.75317668915
        dvar2: 25.2638473511
        max: 49
        mean: 14.7046613693
        median: 15
        min: 0
        var: 103.207389832
    spectral_crest:
        dmean: 1.83744716644
        dmean2: 3.04047179222
        dvar: 3.35965776443
        dvar2: 8.82641124725
        max: 26.2873725891
        mean: 7.16570472717
        median: 6.0504617691
        min: 2.29497528076
        var: 14.4721097946
    spectral_decrease:
        dmean: 1.92832902424e-010
        dmean2: 3.15618670088e-010
        dvar: 1.10556152687e-019
        dvar2: 2.91573592052e-019
        max: 1.16504031281e-029
        mean: -9.00464092179e-010
        median: -8.3049167543e-010
        min: -4.60615634523e-009
        var: 4.59107160253e-019
    spectral_energy:
        dmean: 0.000850140349939
        dmean2: 0.00139211001806
        dvar: 2.06881509257e-006
        dvar2: 5.46506544197e-006
        max: 0.019818212837
        mean: 0.00404749019071
        median: 0.0037244441919
        min: 1.05649559631e-020
        var: 9.46288946579e-006
    spectral_energyband_high:
        dmean: 9.11746683414e-005
        dmean2: 0.000157984934049
        dvar: 3.49212889716e-008
        dvar2: 9.93862983023e-008
        max: 0.00263342540711
        mean: 0.000222042624955
        median: 0.000172662446857
        min: 7.35011205006e-021
        var: 6.20904927473e-008
    spectral_energyband_low:
        dmean: 0.000125290258438
        dmean2: 0.000207347795367
        dvar: 5.3929500865e-008
        dvar2: 1.47279905605e-007
        max: 0.00269031804055
        mean: 0.000246279552812
        median: 0.000137897179229
        min: 7.22242485299e-023
        var: 1.06421538248e-007
    spectral_energyband_middle_high:
        dmean: 0.000549677701201
        dmean2: 0.000879629980773
        dvar: 5.64294623473e-007
        dvar2: 1.4109454014e-006
        max: 0.0134280109778
        mean: 0.00254504126497
        median: 0.00216330960393
        min: 1.43936585655e-021
        var: 5.03489081893e-006
    spectral_energyband_middle_low:
        dmean: 0.000431939348346
        dmean2: 0.000713187095243
        dvar: 9.00679594906e-007
        dvar2: 2.39931773649e-006
        max: 0.0120074478909
        mean: 0.00112207559869
        median: 0.0009336618823
        min: 2.27126711373e-022
        var: 1.15076090879e-006
    spectral_flatness_db:
        dmean: 0.0136362090707
        dmean2: 0.0207313019782
        dvar: 0.000204343799851
        dvar2: 0.000431052234489
        max: 0.575398385525
        mean: 0.140502259135
        median: 0.126949578524
        min: 0.0478835515678
        var: 0.00277725514024
    spectral_flux:
        dmean: 0.00588923878968
        dmean2: 0.00924636330456
        dvar: 5.86085843679e-005
        dvar2: 0.000125544203911
        max: 0.108717001975
        mean: 0.0330889113247
        median: 0.0335059016943
        min: 1.02785974176e-010
        var: 0.000360905833077
    spectral_kurtosis:
        dmean: 1.62042081356
        dmean2: 2.62818813324
        dvar: 10.8333387375
        dvar2: 26.3448219299
        max: 112.355110168
        mean: 6.55252933502
        median: 5.38231039047
        min: -1.37608861923
        var: 51.0011138916
    spectral_rms:
        dmean: 0.000185261073057
        dmean2: 0.0002970668138
        dvar: 6.2038097326e-008
        dvar2: 1.58341165957e-007
        max: 0.00439714035019
        mean: 0.00179772265255
        median: 0.00190620147623
        min: 3.21049437035e-012
        var: 7.16960073532e-007
    spectral_rolloff:
        dmean: 299.873901367
        dmean2: 492.481201172
        dvar: 173376.921875
        dvar2: 339021.9375
        max: 18733.8867188
        mean: 2823.12158203
        median: 3014.6484375
        min: 258.3984375
        var: 915408.0625
    spectral_skewness:
        dmean: 0.19288225472
        dmean2: 0.3067099154
        dvar: 0.0580039061606
        dvar2: 0.138896048069
        max: 9.25921630859
        mean: 1.8463101387
        median: 1.75497591496
        min: -0.0251070056111
        var: 0.482342511415
    spectral_spread:
        dmean: 523980.6875
        dmean2: 737934.125
        dvar: 606619631616
        dvar2: 943384166400
        max: 40703680
        mean: 4665146.5
        median: 4415956
        min: 912935.4375
        var: 3.45391235072e+012
    spectral_strongpeak:
        dmean: 0.474468588829
        dmean2: 0.810256004333
        dvar: 0.481130897999
        dvar2: 1.27292263508
        max: 9.21177387238
        mean: 0.81108725071
        median: 0.386647343636
        min: 2.99267965964e-009
        var: 0.959486782551
    zerocrossingrate:
        dmean: 0.00626371987164
        dmean2: 0.00766991032287
        dvar: 5.76050224481e-005
        dvar2: 6.36470504105e-005
        max: 0.5029296875
        mean: 0.0894542485476
        median: 0.09375
        min: 0.009765625
        var: 0.000772077939473
    barkbands:
        dmean: [4.4720400183e-007, 3.91886787838e-005, 7.48178281356e-005, 9.37586955843e-005, 0.000266134447884, 7.81283742981e-005, 7.92474093032e-005, 7.05463971826e-005, 6.71666057315e-005, 0.000111415611173, 4.50806364825e-005, 8.87885908014e-005, 6.32731753285e-005, 0.000110339307867, 8.85936824488e-005, 0.000172075830051, 0.000215439911699, 0.000133033361635, 0.00013719155686, 8.9023844339e-005, 4.03896301577e-005, 1.71936862898e-005, 3.15930537909e-006, 1.93518258129e-006, 1.53102052991e-006, 6.64363781766e-008, 1.27802368688e-009]
        dmean2: [7.5851744441e-007, 6.60332661937e-005, 0.000125533886603, 0.000160261726705, 0.000451590574812, 0.000124527025037, 0.000129169973661, 0.000108340143925, 0.000102927813714, 0.000169099643244, 7.26436119294e-005, 0.000139969968586, 9.97665702016e-005, 0.000171570063685, 0.000142513483297, 0.000285365240416, 0.000358707970008, 0.000221799098654, 0.000228408141993, 0.000153661196236, 6.93939509802e-005, 2.99974872178e-005, 5.08123275722e-006, 2.85990722659e-006, 2.2888609692e-006, 1.01640956984e-007, 1.87884552361e-009]
        dvar: [8.87874572041e-013, 9.09490172063e-009, 1.93044904506e-008, 2.39846382755e-008, 5.90645072407e-007, 2.02486987178e-008, 2.35561117279e-008, 1.7366954097e-008, 1.57138178025e-008, 6.07653731777e-008, 1.02788835221e-008, 3.89862400141e-008, 2.37334933928e-008, 7.62375975683e-008, 3.71552104639e-008, 9.34465234081e-008, 1.38391754945e-007, 4.59764102345e-008, 5.06885236007e-008, 2.66454325271e-008, 5.3679185541e-009, 2.1328478983e-009, 6.55496004698e-011, 3.19011275729e-011, 2.05288407801e-011, 2.04019760748e-014, 6.89712376452e-018]
        dvar2: [2.5224527328e-012, 2.46115874347e-008, 5.40505311619e-008, 7.09784941932e-008, 1.61130174092e-006, 5.21697600675e-008, 6.03164380664e-008, 3.77207314273e-008, 3.64964698463e-008, 1.36257995109e-007, 2.43504896247e-008, 8.8027704237e-008, 5.40706750485e-008, 1.70101870367e-007, 8.61415259124e-008, 2.43541393274e-007, 3.56926278755e-007, 1.20456320474e-007, 1.37650289389e-007, 7.44294155197e-008, 1.51445238572e-008, 6.0243134925e-009, 1.59759871998e-010, 6.26767665546e-011, 4.42151523727e-011, 4.82308488395e-014, 1.46176413087e-017]
        max: [1.47277150973e-005, 0.00100824667607, 0.00172871875111, 0.00205109501258, 0.0096381297335, 0.00300089758821, 0.00301780900918, 0.00270113605075, 0.00275592319667, 0.00741717638448, 0.00231718691066, 0.00493358867243, 0.00349424639717, 0.00649885460734, 0.00414840038866, 0.00527723878622, 0.0079983137548, 0.00466164574027, 0.00643566995859, 0.00226915883832, 0.00108887068927, 0.000945225125179, 0.000228312128456, 0.000177735113539, 0.000107017891423, 2.75821548712e-006, 4.31653752742e-008]
        mean: [6.71750512993e-007, 4.91564169351e-005, 0.000127745603095, 0.00014432289754, 0.000382762576919, 0.000163856006111, 0.00013551810116, 0.000126924773213, 0.000147206315887, 0.000227801589062, 8.71519732755e-005, 0.000172021755134, 0.00011567214824, 0.000194397289306, 0.000176647561602, 0.000362284452422, 0.000462386757135, 0.000315809593303, 0.000329705217155, 0.000185426164535, 9.67309024418e-005, 2.93179637083e-005, 6.31644115856e-006, 4.41889415015e-006, 3.11036501444e-006, 1.32857508106e-007, 2.61257482315e-009]
        median: [2.63958526148e-007, 2.43498943746e-005, 5.58788960916e-005, 7.15473652235e-005, 0.00020585602033, 9.66944062384e-005, 7.17636430636e-005, 5.96523459535e-005, 7.54805587349e-005, 6.11596842646e-005, 3.08710441459e-005, 7.35051289666e-005, 5.02937909914e-005, 6.7354820203e-005, 9.9881341157e-005, 0.000223583061597, 0.000301118474454, 0.000229870696785, 0.000237072032178, 0.000131379929371, 7.40662580938e-005, 1.52950633492e-005, 3.21729748975e-006, 2.28036560657e-006, 1.31676256387e-006, 6.49162572586e-008, 1.21459953206e-009]
        min: [1.81841727491e-024, 3.10537809022e-023, 1.1092016205e-023, 6.02294078402e-024, 2.56035771956e-023, 4.64772611549e-023, 5.89109585769e-023, 4.15928048237e-023, 2.96389588687e-023, 4.50245958861e-023, 6.30222050032e-023, 3.53199974756e-023, 3.79677586169e-023, 1.39613448665e-022, 1.10812010798e-022, 8.41993590196e-023, 1.82758245812e-022, 1.83565938405e-022, 2.24907651958e-022, 2.76450409866e-022, 3.98049191086e-022, 4.1371281322e-022, 5.50630313964e-022, 8.54879652015e-022, 1.29468558584e-021, 1.5632458468e-021, 2.18008236615e-021]
        var: [1.10328890121e-012, 7.75198572001e-009, 3.53932563257e-008, 3.97725585799e-008, 4.84684619551e-007, 4.45268995009e-008, 3.57212535107e-008, 3.84430407507e-008, 5.6683276739e-008, 2.13680138472e-007, 3.2197213784e-008, 1.04028423209e-007, 5.00486834198e-008, 1.78440672016e-007, 1.01334215685e-007, 2.51394453699e-007, 3.56435236881e-007, 1.27941930828e-007, 1.5501410644e-007, 4.40042633443e-008, 1.17176091052e-008, 2.79869327713e-009, 1.27236970959e-010, 9.1141511005e-011, 5.09678861615e-011, 4.3214414794e-014, 1.51268404589e-017]
    frequency_bands:
        dmean: [4.4720400183e-007, 3.91886787838e-005, 7.48178281356e-005, 9.37586955843e-005, 0.000266134447884, 7.81283742981e-005, 7.92474093032e-005, 7.05463971826e-005, 6.71666057315e-005, 0.000111415611173, 4.50806364825e-005, 8.87885908014e-005, 6.32731753285e-005, 0.000110339307867, 8.85936824488e-005, 0.000172075830051, 0.000215439911699, 0.000133033361635, 0.00013719155686, 8.9023844339e-005, 4.03896301577e-005, 1.71936862898e-005, 3.15930537909e-006, 1.93518258129e-006, 1.53102052991e-006, 6.64363781766e-008, 1.27802368688e-009, 4.81012139841e-011]
        dmean2: [7.5851744441e-007, 6.60332661937e-005, 0.000125533886603, 0.000160261726705, 0.000451590574812, 0.000124527025037, 0.000129169973661, 0.000108340143925, 0.000102927813714, 0.000169099643244, 7.26436119294e-005, 0.000139969968586, 9.97665702016e-005, 0.000171570063685, 0.000142513483297, 0.000285365240416, 0.000358707970008, 0.000221799098654, 0.000228408141993, 0.000153661196236, 6.93939509802e-005, 2.99974872178e-005, 5.08123275722e-006, 2.85990722659e-006, 2.2888609692e-006, 1.01640956984e-007, 1.87884552361e-009, 8.86639026088e-011]
        dvar: [8.87874572041e-013, 9.09490172063e-009, 1.93044904506e-008, 2.39846382755e-008, 5.90645072407e-007, 2.02486987178e-008, 2.35561117279e-008, 1.7366954097e-008, 1.57138178025e-008, 6.07653731777e-008, 1.02788835221e-008, 3.89862400141e-008, 2.37334933928e-008, 7.62375975683e-008, 3.71552104639e-008, 9.34465234081e-008, 1.38391754945e-007, 4.59764102345e-008, 5.06885236007e-008, 2.66454325271e-008, 5.3679185541e-009, 2.1328478983e-009, 6.55496004698e-011, 3.19011275729e-011, 2.05288407801e-011, 2.04019760748e-014, 6.89712376452e-018, 5.98295213416e-021]
        dvar2: [2.5224527328e-012, 2.46115874347e-008, 5.40505311619e-008, 7.09784941932e-008, 1.61130174092e-006, 5.21697600675e-008, 6.03164380664e-008, 3.77207314273e-008, 3.64964698463e-008, 1.36257995109e-007, 2.43504896247e-008, 8.8027704237e-008, 5.40706750485e-008, 1.70101870367e-007, 8.61415259124e-008, 2.43541393274e-007, 3.56926278755e-007, 1.20456320474e-007, 1.37650289389e-007, 7.44294155197e-008, 1.51445238572e-008, 6.0243134925e-009, 1.59759871998e-010, 6.26767665546e-011, 4.42151523727e-011, 4.82308488395e-014, 1.46176413087e-017, 1.89665179693e-020]
        max: [1.47277150973e-005, 0.00100824667607, 0.00172871875111, 0.00205109501258, 0.0096381297335, 0.00300089758821, 0.00301780900918, 0.00270113605075, 0.00275592319667, 0.00741717638448, 0.00231718691066, 0.00493358867243, 0.00349424639717, 0.00649885460734, 0.00414840038866, 0.00527723878622, 0.0079983137548, 0.00466164574027, 0.00643566995859, 0.00226915883832, 0.00108887068927, 0.000945225125179, 0.000228312128456, 0.000177735113539, 0.000107017891423, 2.75821548712e-006, 4.31653752742e-008, 9.22524112656e-010]
        mean: [6.71750512993e-007, 4.91564169351e-005, 0.000127745603095, 0.00014432289754, 0.000382762576919, 0.000163856006111, 0.00013551810116, 0.000126924773213, 0.000147206315887, 0.000227801589062, 8.71519732755e-005, 0.000172021755134, 0.00011567214824, 0.000194397289306, 0.000176647561602, 0.000362284452422, 0.000462386757135, 0.000315809593303, 0.000329705217155, 0.000185426164535, 9.67309024418e-005, 2.93179637083e-005, 6.31644115856e-006, 4.41889415015e-006, 3.11036501444e-006, 1.32857508106e-007, 2.61257482315e-009, 3.8124673557e-011]
        median: [2.63958526148e-007, 2.43498943746e-005, 5.58788960916e-005, 7.15473652235e-005, 0.00020585602033, 9.66944062384e-005, 7.17636430636e-005, 5.96523459535e-005, 7.54805587349e-005, 6.11596842646e-005, 3.08710441459e-005, 7.35051289666e-005, 5.02937909914e-005, 6.7354820203e-005, 9.9881341157e-005, 0.000223583061597, 0.000301118474454, 0.000229870696785, 0.000237072032178, 0.000131379929371, 7.40662580938e-005, 1.52950633492e-005, 3.21729748975e-006, 2.28036560657e-006, 1.31676256387e-006, 6.49162572586e-008, 1.21459953206e-009, 1.00885723386e-011]
        min: [1.81841727491e-024, 3.10537809022e-023, 1.1092016205e-023, 6.02294078402e-024, 2.56035771956e-023, 4.64772611549e-023, 5.89109585769e-023, 4.15928048237e-023, 2.96389588687e-023, 4.50245958861e-023, 6.30222050032e-023, 3.53199974756e-023, 3.79677586169e-023, 1.39613448665e-022, 1.10812010798e-022, 8.41993590196e-023, 1.82758245812e-022, 1.83565938405e-022, 2.24907651958e-022, 2.76450409866e-022, 3.98049191086e-022, 4.1371281322e-022, 5.50630313964e-022, 8.54879652015e-022, 1.29468558584e-021, 1.5632458468e-021, 2.18008236615e-021, 6.50303154396e-022]
        var: [1.10328890121e-012, 7.75198572001e-009, 3.53932563257e-008, 3.97725585799e-008, 4.84684619551e-007, 4.45268995009e-008, 3.57212535107e-008, 3.84430407507e-008, 5.6683276739e-008, 2.13680138472e-007, 3.2197213784e-008, 1.04028423209e-007, 5.00486834198e-008, 1.78440672016e-007, 1.01334215685e-007, 2.51394453699e-007, 3.56435236881e-007, 1.27941930828e-007, 1.5501410644e-007, 4.40042633443e-008, 1.17176091052e-008, 2.79869327713e-009, 1.27236970959e-010, 9.1141511005e-011, 5.09678861615e-011, 4.3214414794e-014, 1.51268404589e-017, 4.93883088516e-021]
    mfcc:
        mean: [-732.246337891, 109.165115356, -52.4303359985, 38.4765853882, -3.019769907, -10.5856237411, -1.3901001215, -4.38437461853, -1.96907448769, -7.75108766556, -7.70959949493, -6.10526943207, -5.40131998062]
        cov: [[9520.42480469, -281.48916626, -1341.32800293, 623.258972168, -389.052032471, 146.090438843, -59.0825653076, 10.6732788086, 305.079498291, -16.0952453613, 115.839988708, 213.917556763, 191.732543945], [-281.48916626, 768.166687012, -168.954116821, -58.5271148682, -43.2468032837, -91.9986343384, 11.0416536331, -22.1821079254, -66.5205688477, 34.0741882324, 22.7710990906, -2.11600852013, -6.29736709595], [-1341.32800293, -168.954116821, 682.422729492, -99.1436080933, 131.852401733, 38.1407814026, -30.1506824493, -4.45046854019, -28.0697193146, -2.39818739891, -29.4616336823, -26.6796360016, -10.5538520813], [623.258972168, -58.5271148682, -99.1436080933, 280.921386719, 36.3078918457, 49.7797966003, -2.66826987267, 12.461566925, 67.7677383423, -29.5505123138, -5.32489395142, 14.1286659241, 22.7107868195], [-389.052032471, -43.2468032837, 131.852401733, 36.3078918457, 205.525131226, 22.9928150177, -6.2294960022, 8.34812164307, 21.910200119, 11.5792503357, -7.90684556961, -2.22096538544, 9.58052635193], [146.090438843, -91.9986343384, 38.1407814026, 49.7797966003, 22.9928150177, 136.758682251, 37.5632820129, 34.2496070862, 29.7643680573, -2.65451788902, 16.421792984, 4.19547224045, 4.36191749573], [-59.0825653076, 11.0416536331, -30.1506824493, -2.66826987267, -6.2294960022, 37.5632820129, 128.028594971, 61.6770172119, 14.7945728302, 1.69224202633, 9.06978225708, 12.4606380463, -9.93553066254], [10.6732788086, -22.1821079254, -4.45046854019, 12.461566925, 8.34812164307, 34.2496070862, 61.6770172119, 108.919784546, 40.4312705994, 8.99932670593, 6.80528211594, 3.49850487709, 0.792936384678], [305.079498291, -66.5205688477, -28.0697193146, 67.7677383423, 21.910200119, 29.7643680573, 14.7945728302, 40.4312705994, 111.655273438, 17.136932373, 6.9364900589, 16.8113803864, 11.2675981522], [-16.0952453613, 34.0741882324, -2.39818739891, -29.5505123138, 11.5792503357, -2.65451788902, 1.69224202633, 8.99932670593, 17.136932373, 93.1398925781, 37.0150108337, 8.60707378387, -4.44173812866], [115.839988708, 22.7710990906, -29.4616336823, -5.32489395142, -7.90684556961, 16.421792984, 9.06978225708, 6.80528211594, 6.9364900589, 37.0150108337, 72.9919815063, 25.4287052155, 7.45618152618], [213.917556763, -2.11600852013, -26.6796360016, 14.1286659241, -2.22096538544, 4.19547224045, 12.4606380463, 3.49850487709, 16.8113803864, 8.60707378387, 25.4287052155, 71.5353927612, 28.4359436035], [191.732543945, -6.29736709595, -10.5538520813, 22.7107868195, 9.58052635193, 4.36191749573, -9.93553066254, 0.792936384678, 11.2675981522, -4.44173812866, 7.45618152618, 28.4359436035, 71.2710647583]]
        icov: [[0.000208952202229, 9.84841753962e-005, 0.000339595455443, -0.000228428441915, 0.000309541268507, -0.000230603618547, 0.000259754247963, 5.49235919607e-005, -0.000261775130639, -5.05940843141e-005, -1.26150171127e-005, -0.000298011058476, -0.000263784866547], [9.84841753962e-005, 0.00166694854852, 0.000537414103746, -9.90526168607e-005, 4.92382132506e-005, 0.000829857948702, -0.00033220538171, 4.59113543911e-005, 0.000846831360832, -0.000616800331045, -0.000387832871638, 0.000110211898573, -0.000286456692265], [0.000339595455443, 0.000537414103746, 0.00265328027308, 0.00065667158924, -0.000868953124154, -0.00117897579912, 0.00107514346018, -0.000121936995129, 0.00010403131455, -4.45376936113e-005, 0.000648528221063, -0.000425327569246, -0.000259613589151], [-0.000228428441915, -9.90526168607e-005, 0.00065667158924, 0.00558928539976, -0.00153423240408, -0.00146039004903, 0.000564720307011, 0.000387218693504, -0.00253513967618, 0.00225080200471, 0.000217464286834, 7.71662234911e-005, -0.000220482019358], [0.000309541268507, 4.92382132506e-005, -0.000868953124154, -0.00153423240408, 0.00665049767122, -0.00060966797173, 0.000378289871151, 3.57545395673e-005, -0.000974787049927, -0.00155161984731, 0.000908721471205, -0.000186725883395, -0.00123565248214], [-0.000230603618547, 0.000829857948702, -0.00117897579912, -0.00146039004903, -0.00060966797173, 0.0106651531532, -0.00306029431522, -0.00102678476833, -0.000417820294388, 0.00100431288593, -0.00354931945913, 0.0018333819462, -0.000233024315094], [0.000259754247963, -0.00033220538171, 0.00107514346018, 0.000564720307011, 0.000378289871151, -0.00306029431522, 0.0127844382077, -0.00664241891354, 0.000605222652666, 0.000815666106064, 0.000460255570943, -0.0036478987895, 0.00260612484999], [5.49235919607e-005, 4.59113543911e-005, -0.000121936995129, 0.000387218693504, 3.57545395673e-005, -0.00102678476833, -0.00664241891354, 0.0149818621576, -0.00473691197112, -0.000502523034811, -0.000323084328556, 0.00203861435875, -0.00138178502675], [-0.000261775130639, 0.000846831360832, 0.00010403131455, -0.00253513967618, -0.000974787049927, -0.000417820294388, 0.000605222652666, -0.00473691197112, 0.0144539335743, -0.00369468401186, 0.00157697719987, -0.00205987715162, 3.74864976038e-005], [-5.05940843141e-005, -0.000616800331045, -4.45376936113e-005, 0.00225080200471, -0.00155161984731, 0.00100431288593, 0.000815666106064, -0.000502523034811, -0.00369468401186, 0.0158556811512, -0.00810160674155, 0.000564790389035, 0.00181868532673], [-1.26150171127e-005, -0.000387832871638, 0.000648528221063, 0.000217464286834, 0.000908721471205, -0.00354931945913, 0.000460255570943, -0.000323084328556, 0.00157697719987, -0.00810160674155, 0.0212184600532, -0.00645850645378, -0.000207966237213], [-0.000298011058476, 0.000110211898573, -0.000425327569246, 7.71662234911e-005, -0.000186725883395, 0.0018333819462, -0.0036478987895, 0.00203861435875, -0.00205987715162, 0.000564790389035, -0.00645850645378, 0.0206560324878, -0.00709932949394], [-0.000263784866547, -0.000286456692265, -0.000259613589151, -0.000220482019358, -0.00123565248214, -0.000233024315094, 0.00260612484999, -0.00138178502675, 3.74864976038e-005, 0.00181868532673, -0.000207966237213, -0.00709932949394, 0.0182678010315]]
    sccoeffs:
        dmean: [0.0485987514257, 0.0411092303693, 0.0352456271648, 0.0283581092954, 0.0219027083367, 0.0168265979737]
        dmean2: [0.0797383710742, 0.067378513515, 0.0573041252792, 0.0467292480171, 0.0354070551693, 0.0269195362926]
        dvar: [0.00172296911478, 0.00107971741818, 0.000798111665063, 0.000507187738549, 0.000320065417327, 0.000243902992224]
        dvar2: [0.00453741895035, 0.00289792148396, 0.00207444652915, 0.00131384795532, 0.000786320772022, 0.000576004560571]
        max: [-0.343346744776, -0.525436341763, -0.478180974722, -0.572635531425, -0.571520388126, -0.644023478031]
        mean: [-0.679438769817, -0.753163397312, -0.759231090546, -0.76957821846, -0.775814294815, -0.784544765949]
        median: [-0.687903821468, -0.757188916206, -0.765807628632, -0.773533344269, -0.776339828968, -0.777649700642]
        min: [-0.967299461365, -0.969773054123, -0.964815616608, -0.955830097198, -0.964934945107, -0.959703922272]
        var: [0.00640470953658, 0.003632533364, 0.00401961291209, 0.00262131006457, 0.00153914582916, 0.00163005222566]
    scvalleys:
        dmean: [0.339293181896, 0.327415317297, 0.273293465376, 0.230518653989, 0.213503584266, 0.259730756283]
        dmean2: [0.553383111954, 0.542683005333, 0.449162364006, 0.374615907669, 0.337307095528, 0.367680281401]
        dvar: [0.102727688849, 0.0901909917593, 0.0684955194592, 0.0562353134155, 0.0704040750861, 0.12349024415]
        dvar2: [0.230367138982, 0.210635915399, 0.145762324333, 0.110099337995, 0.131468266249, 0.201969966292]
        max: [-5.18667078018, -4.8256611824, -5.16836452484, -5.41517734528, -5.48908901215, -7.49488210678]
        mean: [-7.12310314178, -6.91913795471, -7.32239151001, -7.38893222809, -7.5048494339, -10.044303894]
        median: [-6.72847890854, -6.57755184174, -6.99814128876, -6.97710704803, -6.90044116974, -9.50059509277]
        min: [-27.1065616608, -27.1424026489, -27.3885974884, -27.4419155121, -27.2726364136, -27.2523384094]
        var: [1.64132153988, 1.77875733376, 1.90042173862, 1.94494211674, 2.28923678398, 2.4606616497]

rhythm:
    beats_loudness:
        dmean: 0.00167797924951
        dmean2: 0.00307853263803
        dvar: 2.22612334255e-006
        dvar2: 6.65510196995e-006
        max: 0.0136273168027
        mean: 0.00457722926512
        median: 0.00468240166083
        min: 4.31373296458e-012
        var: 1.00461511465e-005
    bpm: 105.91002655
    bpm_confidence: 0
    first_peak_bpm: 105
    first_peak_spread: 0.268115967512
    first_peak_weight: 0.667400896549
    onset_rate: 2.49012470245
    second_peak_bpm: 136
    second_peak_spread: 0.249999955297
    second_peak_weight: 0.0330396480858
    beats_loudness_band_ratio:
        dmean: [0.134349167347, 0.141423106194, 0.0842289030552, 0.0979130119085, 0.133366882801, 0.0587972477078]
        dmean2: [0.248673394322, 0.262987047434, 0.153539001942, 0.173372477293, 0.238239601254, 0.104142330587]
        dvar: [0.0106899728999, 0.0110428277403, 0.0105194393545, 0.0105432718992, 0.0129979914054, 0.00268079247326]
        dvar2: [0.0343309268355, 0.0322842411697, 0.030913438648, 0.0304486230016, 0.0384838618338, 0.00799803715199]
        max: [0.600781023502, 0.979793310165, 0.720043301582, 0.705401837826, 0.843932330608, 0.361250042915]
        mean: [0.17048843205, 0.214571207762, 0.128696992993, 0.136751502752, 0.287260293961, 0.135409027338]
        median: [0.144971877337, 0.166710779071, 0.0837366804481, 0.100602589548, 0.276673674583, 0.135751932859]
        min: [0, 0, 0, 0, 0, 0]
        var: [0.0141036771238, 0.0320089645684, 0.0146082751453, 0.0120327519253, 0.024345651269, 0.0056962701492]
    beats_position: [0.406349211931, 0.824308395386, 1.23065757751, 1.63700675964, 2.04335594177, 2.4497051239, 2.85605430603, 3.28562355042, 3.7151927948, 4.15637159348, 4.59755086899, 5.0387301445, 5.47990942001, 5.92108821869, 6.3622674942, 6.80344676971, 7.24462556839, 7.6858048439, 8.11537361145, 8.55655288696, 8.99773216248, 9.42730140686, 9.86848068237, 10.3096599579, 10.7508392334, 11.1920175552, 11.6215867996, 12.1904764175, 12.7477550507, 13.3166437149, 13.8855323792, 14.4544210434, 15.0233106613, 15.5921993256, 16.1610889435, 16.7299766541, 17.298866272, 17.8561439514, 18.4250335693, 18.9939231873, 19.5628108978, 20.1317005157, 20.7005901337, 21.2694778442, 21.826757431, 22.3840351105, 22.9529247284, 23.5218143463, 24.0907020569, 24.6595916748, 25.2284793854, 25.7973690033, 26.3546485901, 26.9235363007, 27.4924259186, 28.0497055054, 28.6069831848, 29.1758728027, 29.7447605133, 30.3020401001, 30.870929718, 31.4398174286, 32.0087051392, 32.5775947571, 33.146484375, 33.7153739929, 34.2726516724, 34.8299331665, 35.3988189697, 35.9677085876, 36.5365982056, 37.1054878235, 37.6743774414, 38.2432632446, 38.8121528625, 39.3810424805, 39.9499320984, 40.5188217163, 41.0760993958, 41.6333770752, 42.2022666931, 42.771156311, 43.340045929, 43.9089317322, 44.4778213501, 45.046710968, 45.6039886475, 46.1612701416, 46.7301597595, 47.2990455627, 47.8563270569, 48.4368247986, 49.0057144165, 49.5746040344, 50.1434898376, 50.7123794556, 51.2812690735, 51.8501586914, 52.4190483093, 52.9879341125, 53.5568237305, 54.1257133484, 54.6829910278, 55.240272522, 55.7975502014, 56.3664398193, 56.9353294373, 57.515827179, 58.0963249207, 58.6536026001, 59.222492218, 59.7797737122, 60.3486595154, 60.9175491333, 61.4748306274, 62.0437164307, 62.6126060486, 63.1814956665, 63.7503852844, 64.3192749023, 64.8881607056, 65.4570541382, 66.0027160645, 66.5716094971, 67.1288909912, 67.6977767944, 68.2666625977, 68.8239440918, 69.392829895, 69.9617233276, 70.5189971924, 71.087890625, 71.6567764282, 72.2256698608, 72.7945556641, 73.3634490967, 73.9207229614, 74.489616394, 75.0468902588, 75.6157836914, 76.1846694946, 76.7535552979, 77.3224487305, 77.8913345337, 78.4602279663, 79.0175018311, 79.5747833252, 80.1436691284, 80.712562561, 81.2814483643, 81.8503417969, 82.4192276001, 82.9881134033, 83.5570068359, 84.1258926392, 84.6831741333, 85.2520599365, 85.8209533691, 86.3898391724, 86.9587249756, 87.5276184082, 88.0848999023, 88.6537857056, 89.2226715088, 89.7915649414, 90.3488388062, 90.9177322388, 91.486618042, 92.0555114746, 92.6243972778, 93.1932830811, 93.7621765137, 94.3194503784, 94.8767318726, 95.4456253052, 96.0145111084, 96.5833969116, 97.1522903442, 97.7211761475, 98.2900695801, 98.8473434448, 99.4162368774, 99.9851226807, 100.542404175, 101.111289978, 101.680175781, 102.237457275, 102.806350708, 103.375236511, 103.944122314, 104.513015747, 105.08190155, 105.639183044, 106.208068848, 106.77696228, 107.345848083, 107.903129578, 108.472015381, 109.040908813, 109.609794617, 110.17868042, 110.747573853, 111.304847717, 111.87374115, 112.442626953, 113.011520386, 113.56879425, 114.137687683, 114.706573486, 115.27545929, 115.832740784, 116.401634216, 116.97052002, 117.539405823, 118.108299255, 118.677185059, 119.234466553, 119.803352356, 120.36063385, 120.929519653, 121.498413086, 122.067298889, 122.636184692, 123.205078125, 123.762359619, 124.331245422, 124.900131226, 125.45741272, 126.026298523, 126.595191956, 127.164077759, 127.732971191, 128.290252686, 128.847518921, 129.416412354, 129.985305786, 130.554199219, 131.123077393, 131.680358887, 132.249252319, 132.818145752, 133.398635864, 133.967529297, 134.536407471, 135.105300903, 135.674194336, 136.23147583, 136.800354004, 137.369247437, 137.938140869, 138.495422363, 139.064300537, 139.621582031, 140.190475464, 140.759368896, 141.32824707, 141.897140503, 142.454421997, 143.02331543, 143.592193604, 144.172698975, 144.729980469, 145.298858643, 145.867752075, 146.436645508, 146.993927002, 147.551193237, 148.12008667, 148.688980103, 149.257858276, 149.826751709, 150.395645142, 150.952926636, 151.52180481, 152.090698242, 152.647979736, 153.216873169, 153.785751343, 154.354644775, 154.923538208, 155.492416382, 156.061309814, 156.618591309, 157.175872803, 157.744766235, 158.313644409, 158.882537842, 159.451431274, 160.020309448, 160.589202881, 161.146484375, 161.715377808, 162.284255981, 162.841537476, 163.410430908, 163.979324341, 164.548202515, 165.117095947, 165.674377441, 166.254867554, 166.812149048, 167.38104248, 167.949935913, 168.518814087, 169.08770752, 169.644989014, 170.213867188, 170.78276062, 171.351654053, 171.920547485, 172.477813721, 173.046707153, 173.615600586, 174.17288208, 174.741760254, 175.310653687, 175.879547119, 176.448425293, 177.005706787, 177.57460022, 178.143493652, 178.700775146, 179.26965332, 179.838546753, 180.407440186, 180.976318359, 181.545211792, 182.114105225, 182.682983398, 183.251876831, 183.809158325, 184.366439819, 184.935317993, 185.504211426, 186.073104858, 186.641998291, 187.210876465, 187.779769897, 188.34866333, 188.917541504, 189.474822998, 190.032104492, 190.600997925, 191.169876099, 191.738769531, 192.307662964, 192.864944458, 193.433822632, 194.002716064, 194.571609497, 195.140487671, 195.697769165, 196.266662598, 196.83555603, 197.416046143, 197.996551514, 198.577041626, 199.203994751, 199.830932617, 200.446258545, 201.049972534, 201.653686523, 202.28062439, 202.895965576, 203.522903442, 204.126617432, 204.730331421, 205.310836792, 205.891326904, 206.460220337, 207.02911377, 207.598007202, 208.166885376, 208.747390747, 209.31628418, 209.885162354, 210.465667725, 211.022949219, 211.580215454, 212.137496948, 212.683166504, 213.22883606, 213.774505615, 214.355010986, 214.92388916, 215.504394531, 216.084899902, 216.653778076, 217.234283447, 217.80317688, 218.360443115, 218.929336548, 219.49822998, 220.067123413, 220.636001587, 221.20489502, 221.762176514, 222.331054688, 222.888336182, 223.457229614, 224.026123047, 224.595001221, 225.163894653, 225.721176147, 226.29006958, 226.858947754, 227.427841187, 227.996734619, 228.554016113, 229.122894287, 229.69178772, 230.260681152, 230.829559326, 231.398452759, 231.967346191, 232.524627686, 233.081893921, 233.662399292, 234.231292725, 234.800170898, 235.357452393, 235.926345825, 236.495239258, 237.052505493, 237.609786987, 238.17868042, 238.747573853, 239.316452026, 239.885345459, 240.454238892, 241.023132324, 241.592010498, 242.160903931, 242.718185425, 243.275466919, 243.844345093, 244.413238525, 244.982131958, 245.551010132, 246.119903564, 246.688796997, 247.257675171, 247.826568604, 248.383850098, 248.941131592, 249.510025024, 250.078903198, 250.647796631, 251.216690063, 251.785568237, 252.35446167, 252.923355103, 253.480636597, 254.037902832, 254.606796265]
