
metadata:
    version:
        essentia: "2.1-beta2"
    audio_properties:
        analysis_sample_rate: 44100
        bitrate: 255
        channels: 2
        equal_loudness: 1
        length: 193.541229248
        replay_gain: -14.2422370911
        downmix: "mix"
    tags:
        album: "End of Silence"
        artist: ""
        comment: ""
        date: ""
        genre: ""
        title: "Gave It All Away"
        tracknumber: "9"

configuration:
    average_loudness:
        compute: 1
        frameSize: 88200
        hopSize: 44100
        silentFrames: "noise"
        windowType: "hann"
    general:
        analysisSampleRate: 44100
        endTime: 2000
        equalLoudness: 1
        nequalLoudness: 0
        shortSound: 0
        startTime: 0
    lowlevel:
        compute: 1
        frameSize: 2048
        hopSize: 1024
        zeroPadding: 0
        silentFrames: "noise"
        windowType: "blackmanharris62"
        mfccStats: ["mean", "cov", "icov"]
        stats: ["mean", "var", "median", "min", "max", "dmean", "dmean2", "dvar", "dvar2"]
    panning:
        compute: 0
        frameSize: 8192
        hopSize: 2048
        zeroPadding: 8192
        silentFrames: "noise"
        windowType: "hann"
        stats: ["copy"]
    rhythm:
        compute: 1
        maxTempo: 208
        minTempo: 40
        method: "degara"
        stats: ["mean", "var", "median", "min", "max", "dmean", "dmean2", "dvar", "dvar2"]
    segmentation:
        compute: 0
        cpw: 5
        inc1: 300
        inc2: 50
        minimumSegmentsLength: 10
        size1: 1000
        size2: 600
    sfx:
        compute: 1
        stats: ["mean", "var", "median", "min", "max", "dmean", "dmean2", "dvar", "dvar2"]
    svm:
        compute: 0
    tonal:
        compute: 1
        frameSize: 4096
        hopSize: 2048
        zeroPadding: 0
        silentFrames: "noise"
        windowType: "blackmanharris62"
        stats: ["mean", "var", "median", "min", "max", "dmean", "dmean2", "dvar", "dvar2"]

lowlevel:
    average_loudness: 0.917320251465
    barkbands_kurtosis:
        dmean: 0.771773159504
        dmean2: 1.24319791794
        dvar: 1.5469045639
        dvar2: 3.61972284317
        max: 54.4013710022
        mean: -0.10631993413
        median: -0.607139885426
        min: -1.8215597868
        var: 3.06063103676
    barkbands_skewness:
        dmean: 0.339130222797
        dmean2: 0.532339334488
        dvar: 0.105010077357
        dvar2: 0.243347227573
        max: 6.87408828735
        mean: -0.295188218355
        median: -0.418600171804
        min: -2.51238107681
        var: 0.74152636528
    barkbands_spread:
        dmean: 4.87885046005
        dmean2: 7.6192317009
        dvar: 22.6760044098
        dvar2: 53.7655181885
        max: 71.9238052368
        mean: 25.7590675354
        median: 25.347902298
        min: 1.97055256367
        var: 94.494354248
    dissonance:
        dmean: 0.012650532648
        dmean2: 0.0212546754628
        dvar: 0.000219803579967
        dvar2: 0.000591772666667
        max: 0.500000119209
        mean: 0.477924227715
        median: 0.485199421644
        min: 0.261099070311
        var: 0.000504271418322
    hfc:
        dmean: 1.90821707249
        dmean2: 3.10545396805
        dvar: 6.67404127121
        dvar2: 16.779630661
        max: 43.1457977295
        mean: 8.69049930573
        median: 8.78564739227
        min: 1.1522664314e-016
        var: 39.6883239746
    pitch:
        dmean: 659.195861816
        dmean2: 1228.77697754
        dvar: 890039.5625
        dvar2: 2354472.75
        max: 4793.60888672
        mean: 941.388244629
        median: 369.385772705
        min: 65.6405410767
        var: 1200584.25
    pitch_instantaneous_confidence:
        dmean: 0.0760771930218
        dmean2: 0.125959739089
        dvar: 0.00437588710338
        dvar2: 0.0109895402566
        max: 0.924546122551
        mean: 0.363362014294
        median: 0.328948557377
        min: 0.124517798424
        var: 0.0199908446521
    pitch_salience:
        dmean: 0.0511264763772
        dmean2: 0.0855058059096
        dvar: 0.00200817571022
        dvar2: 0.00551258865744
        max: 0.860915124416
        mean: 0.6782361269
        median: 0.690577149391
        min: 0.205383628607
        var: 0.00573491398245
    silence_rate_20dB:
        dmean: 0
        dmean2: 0
        dvar: 0
        dvar2: 0
        max: 1
        mean: 1
        median: 1
        min: 1
        var: 0
    silence_rate_30dB:
        dmean: 0
        dmean2: 0
        dvar: 0
        dvar2: 0
        max: 1
        mean: 1
        median: 1
        min: 1
        var: 0
    silence_rate_60dB:
        dmean: 0.0244721695781
        dmean2: 0.0489502102137
        dvar: 0.0238703917712
        dvar2: 0.0576011464
        max: 1
        mean: 0.338611006737
        median: 0
        min: 0
        var: 0.223936483264
    spectral_centroid:
        dmean: 193.661376953
        dmean2: 299.153808594
        dvar: 59577.265625
        dvar2: 106937.882813
        max: 11085.0390625
        mean: 1782.20043945
        median: 1874.43054199
        min: 172.156082153
        var: 344811.03125
    spectral_complexity:
        dmean: 3.11996150017
        dmean2: 5.16664648056
        dvar: 10.3933963776
        dvar2: 25.8464546204
        max: 46
        mean: 17.472951889
        median: 20
        min: 0
        var: 103.178871155
    spectral_crest:
        dmean: 1.71348035336
        dmean2: 2.8778860569
        dvar: 2.54754400253
        dvar2: 6.82521486282
        max: 23.2067565918
        mean: 6.29169034958
        median: 5.69314146042
        min: 2.23859500885
        var: 5.94374799728
    spectral_decrease:
        dmean: 2.24261539894e-010
        dmean2: 3.63907515233e-010
        dvar: 9.84791089481e-020
        dvar2: 2.46319884908e-019
        max: 9.34352499299e-030
        mean: -1.0215288615e-009
        median: -1.01485142512e-009
        min: -4.08973699351e-009
        var: 4.16058483977e-019
    spectral_energy:
        dmean: 0.000997122842818
        dmean2: 0.00161813560408
        dvar: 1.90414482404e-006
        dvar2: 4.76921240988e-006
        max: 0.0176944881678
        mean: 0.00464374106377
        median: 0.00464049307629
        min: 1.04161248451e-020
        var: 8.8283468358e-006
    spectral_energyband_high:
        dmean: 0.000105801147583
        dmean2: 0.00017906416906
        dvar: 3.38982140136e-008
        dvar2: 8.9960060734e-008
        max: 0.00319130206481
        mean: 0.00029168772744
        median: 0.000245415081736
        min: 7.43296501284e-021
        var: 8.04807243071e-008
    spectral_energyband_low:
        dmean: 0.000151530577568
        dmean2: 0.000253830658039
        dvar: 6.40563229126e-008
        dvar2: 1.74833147071e-007
        max: 0.00338771939278
        mean: 0.000257385079749
        median: 0.000175393273821
        min: 4.02779787986e-023
        var: 8.64298073111e-008
    spectral_energyband_middle_high:
        dmean: 0.000682029582094
        dmean2: 0.00108287518378
        dvar: 7.12211999598e-007
        dvar2: 1.72687168742e-006
        max: 0.0140999844298
        mean: 0.00294079422019
        median: 0.0027590317186
        min: 1.59695052851e-021
        var: 4.89899730383e-006
    spectral_energyband_middle_low:
        dmean: 0.000505231670104
        dmean2: 0.000811121775769
        dvar: 7.45090233067e-007
        dvar2: 1.87070861557e-006
        max: 0.00989317893982
        mean: 0.0012925285846
        median: 0.00106997578405
        min: 3.49503473528e-022
        var: 1.18161494811e-006
    spectral_flatness_db:
        dmean: 0.0125297643244
        dmean2: 0.0195054337382
        dvar: 0.000143161480082
        dvar2: 0.000313897500746
        max: 0.340115189552
        mean: 0.134660303593
        median: 0.124653182924
        min: 0.0331797860563
        var: 0.00142879481427
    spectral_flux:
        dmean: 0.00640405481681
        dmean2: 0.00989050697535
        dvar: 5.02559705637e-005
        dvar2: 0.000104612940049
        max: 0.106788143516
        mean: 0.039522126317
        median: 0.0403136797249
        min: 1.02059416474e-010
        var: 0.000328671332682
    spectral_kurtosis:
        dmean: 1.27720701694
        dmean2: 2.06657004356
        dvar: 2.9711060524
        dvar2: 7.74027776718
        max: 32.6898155212
        mean: 5.08407783508
        median: 4.53499746323
        min: -1.5233348608
        var: 8.69691848755
    spectral_rms:
        dmean: 0.00021439504053
        dmean2: 0.000343296240317
        dvar: 6.0085390885e-008
        dvar2: 1.4525456038e-007
        max: 0.00415486656129
        mean: 0.00198212778196
        median: 0.00212774774991
        min: 3.18780071784e-012
        var: 6.01644899234e-007
    spectral_rolloff:
        dmean: 292.843170166
        dmean2: 476.624206543
        dvar: 223987.65625
        dvar2: 411062.46875
        max: 19207.6171875
        mean: 2992.22412109
        median: 3165.38085938
        min: 150.732421875
        var: 858975.8125
    spectral_skewness:
        dmean: 0.173524439335
        dmean2: 0.273380070925
        dvar: 0.0375618487597
        dvar2: 0.0837758630514
        max: 4.21223831177
        mean: 1.68767380714
        median: 1.64365816116
        min: -0.0237350296229
        var: 0.215505421162
    spectral_spread:
        dmean: 517839
        dmean2: 740570.625
        dvar: 663641260032
        dvar2: 1.08982448947e+012
        max: 41057208
        mean: 4845702
        median: 4657768
        min: 1410820.5
        var: 3.86750375526e+012
    spectral_strongpeak:
        dmean: 0.509025633335
        dmean2: 0.869537889957
        dvar: 0.40510725975
        dvar2: 1.05068838596
        max: 7.83413362503
        mean: 0.823502957821
        median: 0.506026625633
        min: 2.46327647169e-009
        var: 0.811067163944
    zerocrossingrate:
        dmean: 0.00657024141401
        dmean2: 0.00787670630962
        dvar: 7.4166644481e-005
        dvar2: 7.80701666372e-005
        max: 0.51025390625
        mean: 0.0970215499401
        median: 0.10205078125
        min: 0.01513671875
        var: 0.000797117652837
    barkbands:
        dmean: [4.02621054718e-007, 4.53083921457e-005, 9.58024102147e-005, 9.32411639951e-005, 0.000190790175111, 0.000119725569675, 0.000101521174656, 0.000121060038509, 0.000122417171951, 0.000108998086944, 6.44545725663e-005, 8.18758417154e-005, 6.73827598803e-005, 0.000103079502878, 0.000146036501974, 0.000225284180488, 0.000273647921858, 0.000173573731445, 0.000160763098393, 0.000103166334156, 4.65052034997e-005, 2.34639464907e-005, 4.86734052174e-006, 2.70837517746e-006, 2.07362518267e-006, 6.07035701705e-008, 1.49513612602e-009]
        dmean2: [6.45822296974e-007, 7.50415420043e-005, 0.00016251821944, 0.000153825400048, 0.0003169986594, 0.000197692163056, 0.000179638358532, 0.000193774059881, 0.000199084199267, 0.000168816608493, 0.000106302533823, 0.000126306927996, 0.000108336265839, 0.000171253675944, 0.000235748608247, 0.00037896077265, 0.000460485171061, 0.000288097769953, 0.000269904558081, 0.000174199725734, 7.92472274043e-005, 3.79470548069e-005, 7.75851185608e-006, 4.25236476076e-006, 3.15620786751e-006, 8.97495766594e-008, 2.13254303105e-009]
        dvar: [8.98910286484e-013, 1.38882203515e-008, 2.33864074772e-008, 2.79692962124e-008, 1.84855991847e-007, 4.85142983564e-008, 6.91314525625e-008, 4.70915999529e-008, 6.62787016381e-008, 5.12002742425e-008, 1.72805272314e-008, 2.27232579419e-008, 1.95349585397e-008, 3.95018808774e-008, 7.84212801364e-008, 1.06620817064e-007, 1.50847682789e-007, 8.69071641318e-008, 4.96180625476e-008, 2.7592472307e-008, 5.93441562557e-009, 2.228673468e-009, 1.30205055071e-010, 5.01227011285e-011, 3.77144808439e-011, 1.37954875456e-014, 1.25722643635e-017]
        dvar2: [2.2679501506e-012, 3.74983457618e-008, 6.475741543e-008, 7.38342649242e-008, 4.88192824832e-007, 1.23329812141e-007, 1.98575634158e-007, 1.19164162982e-007, 1.55443018457e-007, 1.15795977251e-007, 4.72129855211e-008, 4.79637094486e-008, 4.72115502248e-008, 9.80536398743e-008, 1.75072770503e-007, 2.90149046123e-007, 4.16057645225e-007, 2.26396025482e-007, 1.33110262368e-007, 7.38661753985e-008, 1.62642947998e-008, 5.19559595347e-009, 2.99876401488e-010, 1.12261949736e-010, 8.51494638687e-011, 3.01474543571e-014, 2.35276288574e-017]
        max: [8.48211038829e-006, 0.00121339864563, 0.00239723385312, 0.00288787437603, 0.00515914242715, 0.00352904433385, 0.00487719615921, 0.00509949214756, 0.0059233638458, 0.00403677951545, 0.00235553551465, 0.00347333005629, 0.00303011853248, 0.00364055274986, 0.00647915294394, 0.00599230267107, 0.00525395665318, 0.00724015105516, 0.00447296258062, 0.00291250250302, 0.0017879253719, 0.00100313301664, 0.000339797115885, 0.00019569847791, 0.00015164699289, 2.10825874092e-006, 9.3746145069e-008]
        mean: [5.43672399544e-007, 5.55157530471e-005, 0.000135261114337, 0.000148968654685, 0.000299260980682, 0.000194573396584, 0.000122041070426, 0.000191567844013, 0.00020844352548, 0.000215698470129, 0.000112983187137, 0.000167757709278, 0.000113850735943, 0.000174842949491, 0.000261059234617, 0.000484381889692, 0.000581160769798, 0.0003768154711, 0.000377437972929, 0.000235725339735, 0.000113971807878, 4.98856279592e-005, 1.10212431537e-005, 6.33937997918e-006, 4.46636749984e-006, 1.59062508942e-007, 3.4492040335e-009]
        median: [2.12358074236e-007, 2.46655581577e-005, 7.38702947274e-005, 9.09164373297e-005, 0.000183265452506, 0.000122823868878, 6.55520925648e-005, 0.000111278452096, 0.000108646825538, 7.99797344371e-005, 4.97033688589e-005, 8.35067257867e-005, 4.76472851005e-005, 7.70902552176e-005, 0.000156707246788, 0.000408026186051, 0.000491060898639, 0.000287749804556, 0.000336281140335, 0.000179397859029, 9.43142440519e-005, 2.93259654427e-005, 7.32095713829e-006, 3.70691191165e-006, 1.96999963009e-006, 6.93711186273e-008, 1.05095077085e-009]
        min: [1.33961881901e-023, 1.27342707818e-023, 1.62641929853e-023, 1.65125895071e-023, 4.02248316617e-023, 7.05232750917e-023, 2.41679939208e-023, 5.9646877449e-023, 4.61656642528e-023, 6.01386659591e-023, 1.77699691034e-023, 9.44135931293e-023, 2.79262377138e-023, 1.26115685167e-022, 9.50339533451e-023, 1.01311159382e-022, 1.19446036607e-022, 2.71348385697e-022, 2.11152479991e-022, 3.38296372772e-022, 2.93741155436e-022, 4.89254562644e-022, 6.25284474963e-022, 6.96434074059e-022, 1.15672736931e-021, 1.81426719286e-021, 2.0798590144e-021]
        var: [1.01070193881e-012, 1.19832233025e-008, 3.18787130027e-008, 3.5665784992e-008, 1.87804346297e-007, 7.03917422129e-008, 5.12647062578e-008, 6.8489448779e-008, 1.15477021723e-007, 1.51241664526e-007, 4.00361983566e-008, 9.59612052043e-008, 3.90321375221e-008, 7.82121887255e-008, 1.7995074586e-007, 2.40161853071e-007, 3.40018317502e-007, 1.78183753974e-007, 1.32383817686e-007, 6.10992501038e-008, 1.34927624629e-008, 4.8787440754e-009, 2.48065401554e-010, 1.06832258318e-010, 7.56121970591e-011, 4.68325499095e-014, 3.64781422354e-017]
    frequency_bands:
        dmean: [4.02621054718e-007, 4.53083921457e-005, 9.58024102147e-005, 9.32411639951e-005, 0.000190790175111, 0.000119725569675, 0.000101521174656, 0.000121060038509, 0.000122417171951, 0.000108998086944, 6.44545725663e-005, 8.18758417154e-005, 6.73827598803e-005, 0.000103079502878, 0.000146036501974, 0.000225284180488, 0.000273647921858, 0.000173573731445, 0.000160763098393, 0.000103166334156, 4.65052034997e-005, 2.34639464907e-005, 4.86734052174e-006, 2.70837517746e-006, 2.07362518267e-006, 6.07035701705e-008, 1.49513612602e-009, 5.28668289701e-011]
        dmean2: [6.45822296974e-007, 7.50415420043e-005, 0.00016251821944, 0.000153825400048, 0.0003169986594, 0.000197692163056, 0.000179638358532, 0.000193774059881, 0.000199084199267, 0.000168816608493, 0.000106302533823, 0.000126306927996, 0.000108336265839, 0.000171253675944, 0.000235748608247, 0.00037896077265, 0.000460485171061, 0.000288097769953, 0.000269904558081, 0.000174199725734, 7.92472274043e-005, 3.79470548069e-005, 7.75851185608e-006, 4.25236476076e-006, 3.15620786751e-006, 8.97495766594e-008, 2.13254303105e-009, 9.79223160891e-011]
        dvar: [8.98910286484e-013, 1.38882203515e-008, 2.33864074772e-008, 2.79692962124e-008, 1.84855991847e-007, 4.85142983564e-008, 6.91314525625e-008, 4.70915999529e-008, 6.62787016381e-008, 5.12002742425e-008, 1.72805272314e-008, 2.27232579419e-008, 1.95349585397e-008, 3.95018808774e-008, 7.84212801364e-008, 1.06620817064e-007, 1.50847682789e-007, 8.69071641318e-008, 4.96180625476e-008, 2.7592472307e-008, 5.93441562557e-009, 2.228673468e-009, 1.30205055071e-010, 5.01227011285e-011, 3.77144808439e-011, 1.37954875456e-014, 1.25722643635e-017, 7.30999055917e-021]
        dvar2: [2.2679501506e-012, 3.74983457618e-008, 6.475741543e-008, 7.38342649242e-008, 4.88192824832e-007, 1.23329812141e-007, 1.98575634158e-007, 1.19164162982e-007, 1.55443018457e-007, 1.15795977251e-007, 4.72129855211e-008, 4.79637094486e-008, 4.72115502248e-008, 9.80536398743e-008, 1.75072770503e-007, 2.90149046123e-007, 4.16057645225e-007, 2.26396025482e-007, 1.33110262368e-007, 7.38661753985e-008, 1.62642947998e-008, 5.19559595347e-009, 2.99876401488e-010, 1.12261949736e-010, 8.51494638687e-011, 3.01474543571e-014, 2.35276288574e-017, 2.34021382948e-020]
        max: [8.48211038829e-006, 0.00121339864563, 0.00239723385312, 0.00288787437603, 0.00515914242715, 0.00352904433385, 0.00487719615921, 0.00509949214756, 0.0059233638458, 0.00403677951545, 0.00235553551465, 0.00347333005629, 0.00303011853248, 0.00364055274986, 0.00647915294394, 0.00599230267107, 0.00525395665318, 0.00724015105516, 0.00447296258062, 0.00291250250302, 0.0017879253719, 0.00100313301664, 0.000339797115885, 0.00019569847791, 0.00015164699289, 2.10825874092e-006, 9.3746145069e-008, 1.08468001248e-009]
        mean: [5.43672399544e-007, 5.55157530471e-005, 0.000135261114337, 0.000148968654685, 0.000299260980682, 0.000194573396584, 0.000122041070426, 0.000191567844013, 0.00020844352548, 0.000215698470129, 0.000112983187137, 0.000167757709278, 0.000113850735943, 0.000174842949491, 0.000261059234617, 0.000484381889692, 0.000581160769798, 0.0003768154711, 0.000377437972929, 0.000235725339735, 0.000113971807878, 4.98856279592e-005, 1.10212431537e-005, 6.33937997918e-006, 4.46636749984e-006, 1.59062508942e-007, 3.4492040335e-009, 4.11707751224e-011]
        median: [2.12358074236e-007, 2.46655581577e-005, 7.38702947274e-005, 9.09164373297e-005, 0.000183265452506, 0.000122823868878, 6.55520925648e-005, 0.000111278452096, 0.000108646825538, 7.99797344371e-005, 4.97033688589e-005, 8.35067257867e-005, 4.76472851005e-005, 7.70902552176e-005, 0.000156707246788, 0.000408026186051, 0.000491060898639, 0.000287749804556, 0.000336281140335, 0.000179397859029, 9.43142440519e-005, 2.93259654427e-005, 7.32095713829e-006, 3.70691191165e-006, 1.96999963009e-006, 6.93711186273e-008, 1.05095077085e-009, 1.3098119811e-011]
        min: [1.33961881901e-023, 1.27342707818e-023, 1.62641929853e-023, 1.65125895071e-023, 4.02248316617e-023, 7.05232750917e-023, 2.41679939208e-023, 5.9646877449e-023, 4.61656642528e-023, 6.01386659591e-023, 1.77699691034e-023, 9.44135931293e-023, 2.79262377138e-023, 1.26115685167e-022, 9.50339533451e-023, 1.01311159382e-022, 1.19446036607e-022, 2.71348385697e-022, 2.11152479991e-022, 3.38296372772e-022, 2.93741155436e-022, 4.89254562644e-022, 6.25284474963e-022, 6.96434074059e-022, 1.15672736931e-021, 1.81426719286e-021, 2.0798590144e-021, 7.18323866084e-022]
        var: [1.01070193881e-012, 1.19832233025e-008, 3.18787130027e-008, 3.5665784992e-008, 1.87804346297e-007, 7.03917422129e-008, 5.12647062578e-008, 6.8489448779e-008, 1.15477021723e-007, 1.51241664526e-007, 4.00361983566e-008, 9.59612052043e-008, 3.90321375221e-008, 7.82121887255e-008, 1.7995074586e-007, 2.40161853071e-007, 3.40018317502e-007, 1.78183753974e-007, 1.32383817686e-007, 6.10992501038e-008, 1.34927624629e-008, 4.8787440754e-009, 2.48065401554e-010, 1.06832258318e-010, 7.56121970591e-011, 4.68325499095e-014, 3.64781422354e-017, 5.59527948058e-021]
    mfcc:
        mean: [-711.524902344, 100.569068909, -55.590171814, 35.71900177, -4.03394937515, -11.0406980515, -6.17341661453, -2.09086155891, 1.06639921665, -5.52891921997, -6.36700677872, -7.22545814514, -4.10307598114]
        cov: [[7167.89990234, -351.668243408, -342.811645508, 717.707275391, -39.6047897339, 375.734313965, -15.3312940598, 220.680465698, 322.194946289, -53.3913612366, -5.59772872925, -50.7636528015, -18.5007991791], [-351.668243408, 1000.39050293, -132.095703125, -177.54196167, -66.97996521, -144.336608887, -12.5965480804, -36.493850708, -115.629722595, 39.3515777588, 22.1114292145, 5.32234525681, 8.59119987488], [-342.811645508, -132.095703125, 530.883483887, -120.498733521, -12.405424118, 2.69122743607, -43.725402832, 0.338098078966, -32.0052642822, 8.05309867859, 38.3916358948, -9.54947376251, 10.9394655228], [717.707275391, -177.54196167, -120.498733521, 440.147064209, 113.205535889, 116.651947021, 53.6437988281, 60.9326896667, 134.473709106, 1.15115630627, -17.0182666779, 18.8062210083, 18.2608280182], [-39.6047897339, -66.97996521, -12.405424118, 113.205535889, 175.866348267, 22.9213504791, 8.14160060883, 2.73926997185, 50.0048446655, 23.397769928, -12.0670471191, 9.92277812958, 9.45975875854], [375.734313965, -144.336608887, 2.69122743607, 116.651947021, 22.9213504791, 179.129669189, 72.7917861938, 72.3959121704, 65.5810012817, 1.08401715755, 18.5785064697, 13.1667423248, 2.34796953201], [-15.3312940598, -12.5965480804, -43.725402832, 53.6437988281, 8.14160060883, 72.7917861938, 149.138580322, 59.7480430603, 47.133808136, -0.0206551421434, 8.53776073456, 23.0806484222, -1.62802445889], [220.680465698, -36.493850708, 0.338098078966, 60.9326896667, 2.73926997185, 72.3959121704, 59.7480430603, 116.105461121, 60.9264183044, 16.3578090668, 14.7102108002, 11.2133255005, 9.5976190567], [322.194946289, -115.629722595, -32.0052642822, 134.473709106, 50.0048446655, 65.5810012817, 47.133808136, 60.9264183044, 136.960647583, 18.0637588501, 1.80013406277, 15.654718399, 7.03407859802], [-53.3913612366, 39.3515777588, 8.05309867859, 1.15115630627, 23.397769928, 1.08401715755, -0.0206551421434, 16.3578090668, 18.0637588501, 83.5136260986, 28.5124053955, 7.65094184875, 2.35837197304], [-5.59772872925, 22.1114292145, 38.3916358948, -17.0182666779, -12.0670471191, 18.5785064697, 8.53776073456, 14.7102108002, 1.80013406277, 28.5124053955, 68.5000991821, 14.1190071106, 3.67382454872], [-50.7636528015, 5.32234525681, -9.54947376251, 18.8062210083, 9.92277812958, 13.1667423248, 23.0806484222, 11.2133255005, 15.654718399, 7.65094184875, 14.1190071106, 59.1092529297, 23.052324295], [-18.5007991791, 8.59119987488, 10.9394655228, 18.2608280182, 9.45975875854, 2.34796953201, -1.62802445889, 9.5976190567, 7.03407859802, 2.35837197304, 3.67382454872, 23.052324295, 57.4347381592]]
        icov: [[0.000211530030356, -3.29148642777e-005, 9.8949232779e-005, -0.000266152259428, 0.000279701635009, -0.000336736498866, 0.000431224150816, -0.000174918022822, -0.000304666056763, 0.000177542839083, -8.54079116834e-005, 0.000218982095248, 9.55797659117e-005], [-3.29148642777e-005, 0.0013934323797, 0.000449016108178, 0.00022678161622, 9.02393512661e-005, 0.0010542125674, -0.000518915243447, -0.000372055190383, 0.00107426021714, -0.000750499311835, -0.000458101014374, -3.46340275428e-005, -0.000444702745881], [9.8949232779e-005, 0.000449016108178, 0.00242764060386, 0.000712721608579, -0.000254954677075, -0.000397016847273, 0.000839543819893, -0.000569141178858, 0.00021601721528, 0.000195598142454, -0.00142571178731, 0.000676571100485, -0.000761999282986], [-0.000266152259428, 0.00022678161622, 0.000712721608579, 0.00458307098597, -0.00203901063651, -0.00124106172007, -0.000126554208691, 0.000186232879059, -0.00221473863348, 0.00047901054495, 0.000543466419913, -0.000140278920298, -0.00108757533599], [0.000279701635009, 9.02393512661e-005, -0.000254954677075, -0.00203901063651, 0.0081771267578, -0.000546967436094, 0.000347995839547, 0.00169359857682, -0.00184485467616, -0.00269170454703, 0.0020764246583, -0.00033835627255, -0.000484697055072], [-0.000336736498866, 0.0010542125674, -0.000397016847273, -0.00124106172007, -0.000546967436094, 0.0109610883519, -0.00351906637661, -0.00339553132653, 0.000394091912312, 0.000861504115164, -0.00272197439335, -0.000128355983179, 0.000455682951724], [0.000431224150816, -0.000518915243447, 0.000839543819893, -0.000126554208691, 0.000347995839547, -0.00351906637661, 0.0112708937377, -0.0037383614108, -0.00179541332182, 0.00174611515831, -6.29915302852e-005, -0.00309194461443, 0.00252079684287], [-0.000174918022822, -0.000372055190383, -0.000569141178858, 0.000186232879059, 0.00169359857682, -0.00339553132653, -0.0037383614108, 0.01557450369, -0.00455255899578, -0.00235222140327, -0.000216564862058, 0.00130740646273, -0.00265692477114], [-0.000304666056763, 0.00107426021714, 0.00021601721528, -0.00221473863348, -0.00184485467616, 0.000394091912312, -0.00179541332182, -0.00455255899578, 0.0147904166952, -0.0025971038267, 0.000756603316404, -0.00172727298923, 0.000341908540577], [0.000177542839083, -0.000750499311835, 0.000195598142454, 0.00047901054495, -0.00269170454703, 0.000861504115164, 0.00174611515831, -0.00235222140327, -0.0025971038267, 0.0165546368808, -0.00702327536419, -1.39926050906e-005, 0.000923746265471], [-8.54079116834e-005, -0.000458101014374, -0.00142571178731, 0.000543466419913, 0.0020764246583, -0.00272197439335, -6.29915302852e-005, -0.000216564862058, 0.000756603316404, -0.00702327536419, 0.0206465665251, -0.00459310691804, 0.000662036705762], [0.000218982095248, -3.46340275428e-005, 0.000676571100485, -0.000140278920298, -0.00033835627255, -0.000128355983179, -0.00309194461443, 0.00130740646273, -0.00172727298923, -1.39926050906e-005, -0.00459310691804, 0.0234337653965, -0.00915327854455], [9.55797659117e-005, -0.000444702745881, -0.000761999282986, -0.00108757533599, -0.000484697055072, 0.000455682951724, 0.00252079684287, -0.00265692477114, 0.000341908540577, 0.000923746265471, 0.000662036705762, -0.00915327854455, 0.0221275947988]]
    sccoeffs:
        dmean: [0.0481855943799, 0.0455501042306, 0.035751927644, 0.0312106367201, 0.0216249935329, 0.0163630265743]
        dmean2: [0.0790441557765, 0.0754134133458, 0.0588898845017, 0.0516630001366, 0.0359546765685, 0.0262991189957]
        dvar: [0.00162171083502, 0.00133313378319, 0.000824754475616, 0.000624264765065, 0.000306370318867, 0.000206090451684]
        dvar2: [0.00426981365308, 0.00363537762314, 0.00216885632835, 0.00164952490013, 0.000805883377325, 0.000489505415317]
        max: [-0.307604581118, -0.514814734459, -0.541994869709, -0.511684656143, -0.557012319565, -0.638121724129]
        mean: [-0.668599963188, -0.759977638721, -0.781164228916, -0.773361682892, -0.778377056122, -0.774836421013]
        median: [-0.672790706158, -0.76358962059, -0.791200697422, -0.774037003517, -0.778066396713, -0.771014928818]
        min: [-0.973308086395, -0.962227106094, -0.960866630077, -0.963195979595, -0.966573119164, -0.959110915661]
        var: [0.00591090507805, 0.00382699421607, 0.00367296091281, 0.00235165795311, 0.00119772879407, 0.00163044163492]
    scvalleys:
        dmean: [0.362255752087, 0.347961604595, 0.292934149504, 0.248225435615, 0.203242495656, 0.232825562358]
        dmean2: [0.593770742416, 0.57538318634, 0.479696691036, 0.400586307049, 0.32190322876, 0.325653910637]
        dvar: [0.121055848897, 0.11792396754, 0.0925876870751, 0.0768398344517, 0.0730927661061, 0.107123874128]
        dvar2: [0.278465360403, 0.262001872063, 0.19418014586, 0.14735892415, 0.126606866717, 0.168130382895]
        max: [-5.25883102417, -4.32297563553, -5.16746139526, -5.47706365585, -5.72668170929, -7.5596575737]
        mean: [-7.2992515564, -6.69120454788, -6.95154237747, -7.04310703278, -7.18018960953, -9.69624614716]
        median: [-6.81599807739, -6.45124149323, -6.69879865646, -6.74163961411, -6.70828676224, -9.29278373718]
        min: [-26.6904087067, -27.5911464691, -27.3264865875, -27.5183944702, -27.3208942413, -27.3452720642]
        var: [2.31122469902, 1.64296913147, 1.5545296669, 1.52075517178, 1.65037572384, 1.90070164204]

rhythm:
    beats_loudness:
        dmean: 0.00212529744022
        dmean2: 0.00402722321451
        dvar: 3.89509386878e-006
        dvar2: 1.20961231005e-005
        max: 0.0128194792196
        mean: 0.00546173332259
        median: 0.0059189661406
        min: 5.15464450637e-012
        var: 1.08424828795e-005
    bpm: 96.7943191528
    bpm_confidence: 0
    first_peak_bpm: 98
    first_peak_spread: 0.388349533081
    first_peak_weight: 0.609677374363
    onset_rate: 2.29408502579
    second_peak_bpm: 92
    second_peak_spread: 0
    second_peak_weight: 0.00322580640204
    beats_loudness_band_ratio:
        dmean: [0.137395262718, 0.135875701904, 0.0914237946272, 0.0897559896111, 0.147971227765, 0.0744889453053]
        dmean2: [0.255644410849, 0.263194739819, 0.157122164965, 0.156326383352, 0.270141482353, 0.133129149675]
        dvar: [0.010332650505, 0.00774486456066, 0.0112595045939, 0.00787242501974, 0.0142094921321, 0.00752199906856]
        dvar2: [0.0344797000289, 0.0240685679018, 0.0340837948024, 0.0209551695734, 0.0443148091435, 0.0219819918275]
        max: [0.540848374367, 0.58513045311, 0.691367030144, 0.499531894922, 0.810314655304, 0.539671957493]
        mean: [0.167591199279, 0.157179355621, 0.164587020874, 0.123891666532, 0.316857933998, 0.15595048666]
        median: [0.148548543453, 0.148232609034, 0.105515770614, 0.0889126211405, 0.301127612591, 0.154068350792]
        min: [0, 0, 0, 0, 0, 0]
        var: [0.0135167697445, 0.0133688291535, 0.0206379573792, 0.00947926752269, 0.0254239216447, 0.00951681472361]
    beats_position: [0.615328788757, 1.24226760864, 1.88081634045, 2.51936507225, 3.15791368484, 3.78485250473, 4.41179132462, 5.0387301445, 5.66566896439, 6.29260778427, 6.91954612732, 7.5464849472, 8.18503379822, 8.82358264923, 9.46213150024, 10.1006803513, 10.7508392334, 11.3777770996, 12.0047159195, 12.6316547394, 13.2469835281, 13.8623123169, 14.4776411057, 15.0929698944, 15.7199087143, 16.3352375031, 16.9621772766, 17.5891151428, 18.2044448853, 18.8197727203, 19.4351024628, 20.062040329, 20.6889801025, 21.3043079376, 21.9196376801, 22.5349655151, 23.1619052887, 23.7888431549, 24.40417099, 25.0195007324, 25.6348285675, 26.2617683411, 26.8887062073, 27.5040359497, 28.1193637848, 28.7346935272, 29.3500213623, 29.9769611359, 30.6038990021, 31.2192287445, 31.8345565796, 32.4382743835, 33.0652160645, 33.6805419922, 34.2958717346, 34.9112014771, 35.5265312195, 36.1534690857, 36.7804069519, 37.4073448181, 38.034286499, 38.6496124268, 39.2649421692, 39.8802719116, 40.4956016541, 41.1225395203, 41.7262573242, 42.3415870667, 42.9569168091, 43.5722427368, 44.1875724792, 44.8145103455, 45.4298400879, 46.0451698303, 46.6721076965, 47.2990455627, 47.9143753052, 48.5297050476, 49.1566429138, 49.7719726563, 50.3873023987, 51.0026283264, 51.6179580688, 52.2448959351, 52.8602256775, 53.4755554199, 54.1024932861, 54.7178230286, 55.333152771, 55.9600906372, 56.5870285034, 57.2023582458, 57.8176841736, 58.433013916, 59.0483436584, 59.6636734009, 60.2906112671, 60.9059410095, 61.5328788757, 62.1482086182, 62.7635345459, 63.3788642883, 63.9941940308, 64.621131897, 65.2480697632, 65.8634033203, 66.478729248, 67.1056671143, 67.720993042, 68.3363265991, 68.9632644653, 69.5902023315, 70.2055282593, 70.8324737549, 71.4477996826, 72.0631256104, 72.6784591675, 73.3053970337, 73.9207229614, 74.5360565186, 75.1629943848, 75.789932251, 76.4052581787, 77.0205917358, 77.6475296021, 78.2628555298, 78.8781814575, 79.4935150146, 80.1088409424, 80.7241744995, 81.3395004272, 81.9664382935, 82.5933761597, 83.2087097168, 83.8240356445, 84.4509735107, 85.077911377, 85.6932373047, 86.3085708618, 86.9238967896, 87.5392303467, 88.1545562744, 88.7698822021, 89.3968200684, 90.023765564, 90.6274795532, 91.2428131104, 91.8697509766, 92.4850769043, 93.100402832, 93.7157363892, 94.3426742554, 94.9580001831, 95.5733337402, 96.2002716064, 96.8155975342, 97.4309310913, 98.046257019, 98.6615829468, 99.2769165039, 99.9038543701, 100.519180298, 101.134513855, 101.749839783, 102.376777649, 102.992103577, 103.619049072, 104.234375, 104.861312866, 105.476638794, 106.091972351, 106.718910217, 107.334236145, 107.949569702, 108.576507568, 109.203445435, 109.818771362, 110.422492981, 111.037818909, 111.653152466, 112.268478394, 112.89541626, 113.522354126, 114.137687683, 114.753013611, 115.379951477, 115.995285034, 116.610610962, 117.237548828, 117.852874756, 118.468208313, 119.095146179, 119.722084045, 120.337409973, 120.95274353, 121.568069458, 122.183395386, 122.810340881, 123.437278748, 124.052604675, 124.667930603, 125.294876099, 125.898590088, 126.525527954, 127.15246582, 127.767799377, 128.383132935, 128.998458862, 129.61378479, 130.229110718, 130.844436646, 131.459777832, 132.086715698, 132.702041626, 133.328979492, 133.955917358, 134.571243286, 135.186569214, 135.801895142, 136.417236328, 137.044174194, 137.671112061, 138.286437988, 138.901763916, 139.528701782, 140.155639648, 140.759368896, 141.374694824, 141.990020752, 142.616958618, 143.232284546, 143.847610474, 144.46295166, 145.078277588, 145.705215454, 146.33215332, 146.947479248, 147.562805176, 148.189743042, 148.816680908, 149.432022095, 150.058959961, 150.674285889, 151.289611816, 151.904937744, 152.520263672, 153.147201538, 153.762542725, 154.389480591, 155.004806519, 155.620132446, 156.235458374, 156.850784302, 157.466125488, 158.093063354, 158.720001221, 159.335327148, 159.950653076, 160.565979004, 161.181304932, 161.796646118, 162.423583984, 163.038909912, 163.65423584, 164.281173706, 164.896499634, 165.51184082, 166.138778687, 166.754104614, 167.369430542, 167.996368408, 168.623306274, 169.250244141, 169.85395813, 170.457687378, 171.073013306, 171.699951172, 172.3152771, 172.942214966, 173.569152832, 174.184494019, 174.799819946, 175.426757813, 176.04208374, 176.657409668, 177.272735596, 177.888076782, 178.515014648, 179.141952515, 179.757278442, 180.37260437, 180.987930298, 181.603256226, 182.230194092, 182.857131958, 183.472473145, 184.087799072, 184.714736938, 185.341674805, 185.957000732, 186.57232666, 187.187667847, 187.802993774, 188.418319702, 189.045257568, 189.683807373, 190.299133301, 190.914459229, 191.553009033, 192.191558838, 192.830108643]
    bpm_estimates: [95.7031173706, 93.9630737305, 93.9630737305, 93.9630889893, 95.7031173706, 95.7031173706, 95.7031173706, 95.7031173706, 95.7031173706, 95.7031936646, 95.7031173706, 93.9630508423, 93.9630508423, 93.9630508423, 93.9630508423, 95.7032623291, 95.7031173706, 95.7031173706, 97.5088424683, 97.5088424683, 97.5088424683, 97.5088424683, 95.7031173706, 97.5088424683, 95.7029724121, 95.7032623291, 97.5086975098, 97.5089950562, 97.5086975098, 95.7032623291, 95.7029724121, 97.5089950562, 97.5086975098, 97.5089950562, 95.7029724121, 95.7032623291, 97.5089950562, 97.5086975098, 97.5089950562, 95.7029724121, 95.7032623291, 97.5086975098, 97.5089950562, 97.5086975098, 97.5089950562, 95.7029724121, 95.7032623291, 97.5086975098, 97.5089950562, 99.3841781616, 95.7026824951, 97.5093002319, 97.5086975098, 97.5086975098, 97.5086975098, 95.7032623291, 95.7032623291, 95.7032623291, 95.7026824951, 97.5093002319, 97.5086975098, 97.5086975098, 97.5086975098, 95.7032623291, 99.3841781616, 97.5086975098, 97.5086975098, 97.5093002319, 97.5086975098, 95.7032623291, 97.5086975098, 97.5086975098, 95.7032623291, 95.7032623291, 97.5086975098, 97.5086975098, 95.7032623291, 97.5086975098, 97.5086975098, 97.5093002319, 97.5086975098, 95.7032623291, 97.5086975098, 97.5086975098, 95.7032623291, 97.5086975098, 97.5086975098, 95.7032623291, 95.7032623291, 97.5086975098, 97.5093002319, 97.5086975098, 97.5086975098, 97.5086975098, 95.7032623291, 97.5086975098, 95.7032623291, 97.5086975098, 97.5093002319, 97.5086975098, 97.5086975098, 95.7032623291, 95.7032623291, 97.5080871582, 97.5093002319, 95.7032623291, 97.5093002319, 97.5080871582, 95.7032623291, 95.7032623291, 97.5093002319, 95.7021026611, 97.5093002319, 97.5093002319, 97.5080871582, 95.7032623291, 97.5093002319, 97.5080871582, 95.7032623291, 95.7032623291, 97.5093002319, 97.5080871582, 95.7032623291, 97.5093002319, 97.5093002319, 97.5080871582, 97.5093002319, 97.5080871582, 97.5093002319, 95.7032623291, 95.7032623291, 97.5080871582, 97.5093002319, 95.7032623291, 95.7032623291, 97.5093002319, 97.5080871582, 97.5093002319, 97.5080871582, 97.5093002319, 97.5093002319, 95.7032623291, 95.7021026611, 99.3848114014, 97.5080871582, 95.7032623291, 97.5093002319, 97.5093002319, 97.5080871582, 95.7032623291, 97.5093002319, 97.5080871582, 95.7032623291, 97.5093002319, 97.5080871582, 97.5093002319, 97.5093002319, 97.5080871582, 95.7032623291, 97.5093002319, 97.5080871582, 97.5093002319, 95.7032623291, 97.5093002319, 95.7021026611, 97.5093002319, 95.7032623291, 97.5093002319, 97.5080871582, 95.7032623291, 97.5093002319, 97.5080871582, 95.7032623291, 95.7032623291, 97.5093002319, 99.3835525513, 97.5093002319, 97.5080871582, 97.5093002319, 95.7032623291, 95.7032623291, 97.5080871582, 97.5093002319, 95.7032623291, 97.5080871582, 97.5093002319, 95.7032623291, 97.5093002319, 97.5080871582, 95.7032623291, 95.7032623291, 97.5093002319, 97.5080871582, 97.5093002319, 97.5093002319, 95.7021026611, 95.7032623291, 97.5093002319, 97.5093002319, 95.7021026611, 99.3848114014, 95.7032623291, 95.7032623291, 97.5080871582, 97.5080871582, 97.5093002319, 97.5093002319, 97.5093002319, 97.5093002319, 97.5068817139, 95.7032623291, 97.5093002319, 95.7032623291, 95.7032623291, 97.5093002319, 97.5093002319, 97.5093002319, 97.5068817139, 95.7032623291, 95.7032623291, 97.5093002319, 97.5093002319, 95.7032623291, 95.7032623291, 99.3823013306, 97.5093002319, 97.5093002319, 95.7032623291, 97.5093002319, 97.5093002319, 97.5068817139, 97.5093002319, 95.7032623291, 95.7032623291, 97.5093002319, 97.5093002319, 95.7032623291, 95.7032623291, 97.5068817139, 95.7032623291, 97.5093002319, 97.5093002319, 97.5093002319, 97.5093002319, 95.7032623291, 97.5068817139, 95.7032623291, 97.5093002319, 97.5093002319, 97.5093002319, 97.5093002319, 97.5068817139, 95.7032623291, 95.7032623291, 97.5093002319, 97.5093002319, 97.5093002319, 97.5093002319, 97.5068817139, 95.7032623291, 97.5093002319, 97.5093002319, 95.7032623291, 97.5093002319, 97.5068817139, 95.7032623291, 97.5093002319, 97.5093002319, 95.7032623291, 95.7032623291, 95.7032623291, 99.3848114014, 99.3823013306, 97.5093002319, 95.7032623291, 97.5093002319, 95.7032623291, 95.7032623291, 97.5068817139, 97.5093002319, 95.7032623291, 97.5093002319, 97.5093002319, 97.5093002319, 97.5068817139, 95.7032623291, 95.7032623291, 97.5093002319, 97.5093002319, 97.5093002319, 97.5093002319, 95.7032623291, 95.7032623291, 97.5068817139, 97.5093002319, 95.7032623291, 95.7032623291, 97.5093002319, 97.5093002319, 97.5068817139, 97.5093002319, 97.5093002319, 95.7032623291, 93.9629135132, 97.5093002319, 97.5093002319, 93.9629135132, 93.9629135132, 93.9629135132]
