
metadata:
    version:
        essentia: "2.1-beta2"
    audio_properties:
        analysis_sample_rate: 44100
        bitrate: 255
        channels: 2
        equal_loudness: 1
        length: 328.254699707
        replay_gain: -13.4111557007
        downmix: "mix"
    tags:
        album: "End of Silence"
        artist: ""
        comment: ""
        date: "2007"
        genre: ""
        title: "Hide"
        tracknumber: "10"

configuration:
    average_loudness:
        compute: 1
        frameSize: 88200
        hopSize: 44100
        silentFrames: "noise"
        windowType: "hann"
    general:
        analysisSampleRate: 44100
        endTime: 2000
        equalLoudness: 1
        nequalLoudness: 0
        shortSound: 0
        startTime: 0
    lowlevel:
        compute: 1
        frameSize: 2048
        hopSize: 1024
        zeroPadding: 0
        silentFrames: "noise"
        windowType: "blackmanharris62"
        mfccStats: ["mean", "cov", "icov"]
        stats: ["mean", "var", "median", "min", "max", "dmean", "dmean2", "dvar", "dvar2"]
    panning:
        compute: 0
        frameSize: 8192
        hopSize: 2048
        zeroPadding: 8192
        silentFrames: "noise"
        windowType: "hann"
        stats: ["copy"]
    rhythm:
        compute: 1
        maxTempo: 208
        minTempo: 40
        method: "degara"
        stats: ["mean", "var", "median", "min", "max", "dmean", "dmean2", "dvar", "dvar2"]
    segmentation:
        compute: 0
        cpw: 5
        inc1: 300
        inc2: 50
        minimumSegmentsLength: 10
        size1: 1000
        size2: 600
    sfx:
        compute: 1
        stats: ["mean", "var", "median", "min", "max", "dmean", "dmean2", "dvar", "dvar2"]
    svm:
        compute: 0
    tonal:
        compute: 1
        frameSize: 4096
        hopSize: 2048
        zeroPadding: 0
        silentFrames: "noise"
        windowType: "blackmanharris62"
        stats: ["mean", "var", "median", "min", "max", "dmean", "dmean2", "dvar", "dvar2"]

lowlevel:
    average_loudness: 0.627161622047
    barkbands_kurtosis:
        dmean: 2.08284568787
        dmean2: 3.48915719986
        dvar: 927.008300781
        dvar2: 2678.48461914
        max: 1972.72961426
        mean: 2.8247730732
        median: -0.493206292391
        min: -1.85953569412
        var: 1419.59411621
    barkbands_skewness:
        dmean: 0.334545820951
        dmean2: 0.535058200359
        dvar: 0.441584676504
        dvar2: 1.22377455235
        max: 38.2099456787
        mean: 0.316267490387
        median: 0.0592784658074
        min: -4.76231813431
        var: 2.07326364517
    barkbands_spread:
        dmean: 3.5496866703
        dmean2: 5.55846738815
        dvar: 19.7559967041
        dvar2: 46.9844360352
        max: 79.57837677
        mean: 20.7012348175
        median: 21.3421440125
        min: 0.055618789047
        var: 127.563171387
    dissonance:
        dmean: 0.0196526907384
        dmean2: 0.0335125252604
        dvar: 0.000607933907304
        dvar2: 0.0017280196771
        max: 0.500000059605
        mean: 0.459434330463
        median: 0.473704993725
        min: 0.0698904842138
        var: 0.00199923897162
    hfc:
        dmean: 1.5535428524
        dmean2: 2.58050584793
        dvar: 7.61294698715
        dvar2: 20.6163444519
        max: 41.8065490723
        mean: 6.97181892395
        median: 5.78270244598
        min: 1.19676702782e-016
        var: 45.9085235596
    pitch:
        dmean: 396.390167236
        dmean2: 748.086425781
        dvar: 702922.3125
        dvar2: 1887192.75
        max: 4853.93261719
        mean: 611.418701172
        median: 281.995239258
        min: 56.9413490295
        var: 834594.125
    pitch_instantaneous_confidence:
        dmean: 0.0709755495191
        dmean2: 0.115958712995
        dvar: 0.00439977273345
        dvar2: 0.0112816421315
        max: 0.980899274349
        mean: 0.446373045444
        median: 0.398339897394
        min: 0.119203984737
        var: 0.0353981480002
    pitch_salience:
        dmean: 0.0519978180528
        dmean2: 0.0864368528128
        dvar: 0.00239679310471
        dvar2: 0.0067245378159
        max: 0.962916314602
        mean: 0.615576088428
        median: 0.639471411705
        min: 0.0149382194504
        var: 0.0145755093545
    silence_rate_20dB:
        dmean: 0
        dmean2: 0
        dvar: 0
        dvar2: 0
        max: 1
        mean: 1
        median: 1
        min: 1
        var: 0
    silence_rate_30dB:
        dmean: 0
        dmean2: 0
        dvar: 0
        dvar2: 0
        max: 1
        mean: 1
        median: 1
        min: 1
        var: 0
    silence_rate_60dB:
        dmean: 0.0275871828198
        dmean2: 0.0551782697439
        dvar: 0.0268277768046
        dvar2: 0.0573747232556
        max: 1
        mean: 0.473192811012
        median: 0
        min: 0
        var: 0.249280661345
    spectral_centroid:
        dmean: 155.046615601
        dmean2: 245.851791382
        dvar: 38215.28125
        dvar2: 85346.296875
        max: 10998.6679688
        mean: 1485.51550293
        median: 1594.87451172
        min: 202.766418457
        var: 546305.0625
    spectral_complexity:
        dmean: 2.53589868546
        dmean2: 4.17487287521
        dvar: 11.8344545364
        dvar2: 29.5403442383
        max: 51
        mean: 14.1664304733
        median: 13
        min: 0
        var: 143.240203857
    spectral_crest:
        dmean: 1.78630566597
        dmean2: 2.96643614769
        dvar: 3.13074588776
        dvar2: 8.7067155838
        max: 26.7847061157
        mean: 8.03861618042
        median: 6.71132183075
        min: 2.25404334068
        var: 18.555393219
    spectral_decrease:
        dmean: 1.74437686518e-010
        dmean2: 2.82849549338e-010
        dvar: 9.89564244733e-020
        dvar2: 2.50370381573e-019
        max: 9.8618633083e-029
        mean: -8.37951263932e-010
        median: -8.23099810532e-010
        min: -4.75373251874e-009
        var: 5.38509623119e-019
    spectral_energy:
        dmean: 0.000780158268753
        dmean2: 0.00126965728123
        dvar: 1.96627979676e-006
        dvar2: 5.02505417899e-006
        max: 0.021523591131
        mean: 0.00379499536939
        median: 0.00368638732471
        min: 1.04828235522e-020
        var: 1.12826019176e-005
    spectral_energyband_high:
        dmean: 0.000102002763015
        dmean2: 0.000173624313902
        dvar: 4.74581263177e-008
        dvar2: 1.3112742181e-007
        max: 0.00326232775114
        mean: 0.000260716071352
        median: 0.000177123059984
        min: 7.74857884517e-021
        var: 1.03291441178e-007
    spectral_energyband_low:
        dmean: 9.86366867437e-005
        dmean2: 0.000167611055076
        dvar: 6.67343016403e-008
        dvar2: 1.81834664659e-007
        max: 0.00341629306786
        mean: 0.000146053978824
        median: 7.73771607783e-005
        min: 5.76359763383e-023
        var: 6.27022416211e-008
    spectral_energyband_middle_high:
        dmean: 0.000514061714057
        dmean2: 0.000835643673781
        dvar: 6.12173039372e-007
        dvar2: 1.61356717854e-006
        max: 0.0131103135645
        mean: 0.0023894701153
        median: 0.00185805978253
        min: 1.27098229726e-021
        var: 5.56106351723e-006
    spectral_energyband_middle_low:
        dmean: 0.000386046274798
        dmean2: 0.000607184774708
        dvar: 6.33541276329e-007
        dvar2: 1.55800205448e-006
        max: 0.0109942164272
        mean: 0.0010540636722
        median: 0.000826343544759
        min: 1.97763642407e-022
        var: 1.22355459098e-006
    spectral_flatness_db:
        dmean: 0.013865025714
        dmean2: 0.0223997104913
        dvar: 0.000199069530936
        dvar2: 0.000529845885467
        max: 0.660374581814
        mean: 0.189209610224
        median: 0.140825331211
        min: 0.0509875193238
        var: 0.0102842021734
    spectral_flux:
        dmean: 0.00529048824683
        dmean2: 0.00824052188545
        dvar: 5.50915574422e-005
        dvar2: 0.000113186113595
        max: 0.119368292391
        mean: 0.0298390630633
        median: 0.0323959253728
        min: 1.02385662448e-010
        var: 0.00046182636288
    spectral_kurtosis:
        dmean: 6.39181804657
        dmean2: 11.1180591583
        dvar: 175.10256958
        dvar2: 525.366027832
        max: 254.146697998
        mean: 20.577829361
        median: 4.95671272278
        min: -1.27317142487
        var: 1146.02880859
    spectral_rms:
        dmean: 0.000170255254488
        dmean2: 0.000272678706096
        dvar: 6.25520897302e-008
        dvar2: 1.53343904685e-007
        max: 0.00458242557943
        mean: 0.00164790404961
        median: 0.00189643749036
        min: 3.19799070038e-012
        var: 9.86847680906e-007
    spectral_rolloff:
        dmean: 258.419281006
        dmean2: 432.666809082
        dvar: 156066.3125
        dvar2: 348834.03125
        max: 18776.953125
        mean: 2538.58520508
        median: 3014.6484375
        min: 193.798828125
        var: 1592580.875
    spectral_skewness:
        dmean: 0.425992548466
        dmean2: 0.730946242809
        dvar: 0.478915959597
        dvar2: 1.45101320744
        max: 12.9160575867
        mean: 2.57136774063
        median: 1.6800801754
        min: -0.0102728707716
        var: 4.18394136429
    spectral_spread:
        dmean: 396927.8125
        dmean2: 582863.875
        dvar: 349613817856
        dvar2: 602571210752
        max: 41338020
        mean: 3994940.25
        median: 4081561.5
        min: 376416.96875
        var: 7.16133053235e+012
    spectral_strongpeak:
        dmean: 0.37314003706
        dmean2: 0.627469956875
        dvar: 0.326892375946
        dvar2: 0.841183781624
        max: 7.31107902527
        mean: 0.73093265295
        median: 0.37511318922
        min: 3.47718431826e-009
        var: 0.702886044979
    zerocrossingrate:
        dmean: 0.00531051214784
        dmean2: 0.00652837846428
        dvar: 3.87646869058e-005
        dvar2: 4.4000964408e-005
        max: 0.50439453125
        mean: 0.0808769613504
        median: 0.08984375
        min: 0.00830078125
        var: 0.00146962841973
    barkbands:
        dmean: [4.5645643354e-007, 4.01569195674e-005, 5.08310877194e-005, 6.08288028161e-005, 0.000165679331985, 9.38426965149e-005, 8.98683210835e-005, 6.35910982965e-005, 0.000119787517178, 0.000109966684249, 5.8479818108e-005, 6.59398501739e-005, 5.23950075149e-005, 7.9487428593e-005, 8.33227313706e-005, 0.00016129607684, 0.00017889191804, 0.000122054276289, 0.00013567233691, 0.000103170859802, 4.63916403532e-005, 1.63141467056e-005, 2.97883730127e-006, 1.86640625088e-006, 1.25461303924e-006, 3.90020424845e-008, 7.15342007851e-010]
        dmean2: [7.95908420059e-007, 6.95614799042e-005, 8.71342272148e-005, 0.000100356985058, 0.00026963968412, 0.000154677734827, 0.00014328409452, 0.000100705699879, 0.000183805052075, 0.000169402570464, 9.04182161321e-005, 0.000102735597466, 8.25228416943e-005, 0.00012816794333, 0.000137835435453, 0.000269237993052, 0.000297580147162, 0.000204277297598, 0.00022974894091, 0.000178917485755, 7.83874420449e-005, 2.81795546471e-005, 4.734560207e-006, 2.8431127248e-006, 1.8116403453e-006, 5.62863995412e-008, 1.0058470723e-009]
        dvar: [1.45720761846e-012, 1.86127273594e-008, 1.65486415682e-008, 2.05471959447e-008, 2.25900109285e-007, 4.61769111837e-008, 3.19639497093e-008, 2.31814016871e-008, 7.91006513623e-008, 6.11097661363e-008, 1.95353191401e-008, 1.90456130866e-008, 1.52143773136e-008, 3.25601092754e-008, 3.28950662265e-008, 8.25909580726e-008, 9.43388229757e-008, 4.47397567882e-008, 5.56964145915e-008, 3.93515300345e-008, 8.66036575786e-009, 1.28237565011e-009, 4.30139847352e-011, 4.16574066908e-011, 1.7962194232e-011, 7.7132285544e-015, 2.54191299428e-018]
        dvar2: [4.54394638236e-012, 5.12187341428e-008, 4.6255376418e-008, 5.29672412597e-008, 5.75126250624e-007, 1.2183275544e-007, 8.17593459601e-008, 5.31125294856e-008, 1.86792959767e-007, 1.4802353121e-007, 4.65268641392e-008, 4.2982257753e-008, 3.48527429139e-008, 8.14682081796e-008, 8.38328020336e-008, 2.18657476125e-007, 2.52079189522e-007, 1.214272487e-007, 1.53840176154e-007, 1.10335065528e-007, 2.35877379851e-008, 3.54436546779e-009, 1.0108538312e-010, 7.88862725143e-011, 3.29784706488e-011, 1.51821999119e-014, 4.38146610326e-018]
        max: [1.1058770724e-005, 0.00159513950348, 0.00199507176876, 0.00330066587776, 0.00706376647577, 0.00521631957963, 0.00322741828859, 0.00368876056746, 0.00730782002211, 0.00659915665165, 0.00371197867207, 0.00339447939768, 0.00312935654074, 0.00552041595802, 0.00551595399156, 0.00626222649589, 0.00700613297522, 0.00469440268353, 0.00693755317479, 0.00254988484085, 0.00193856994156, 0.000706511142198, 0.000233158672927, 0.000192179519217, 0.000234658509726, 2.95729955724e-006, 5.15061380213e-008]
        mean: [5.23897654148e-007, 4.52229905932e-005, 6.88609943609e-005, 8.38344494696e-005, 0.000257971289102, 0.000160973184393, 0.000157067624968, 0.000115946764708, 0.000248404772719, 0.000276146631222, 0.000127033155877, 0.000135092603159, 0.00010380709864, 0.000143242126796, 0.000157513757586, 0.000340115191648, 0.000396998075303, 0.000274516671197, 0.000321582017932, 0.000218644621782, 0.00011431738676, 3.2932501199e-005, 6.96651113685e-006, 4.38536517322e-006, 2.7839514587e-006, 8.94318361588e-008, 1.46329126594e-009]
        median: [1.4069925669e-007, 2.00844660867e-005, 2.51244819083e-005, 3.27896268573e-005, 0.000126874569105, 7.77332752477e-005, 7.17766451999e-005, 4.36254777014e-005, 9.2045906058e-005, 5.38084641448e-005, 3.14585777232e-005, 5.59338586754e-005, 3.95519346057e-005, 6.46779153612e-005, 7.63611024013e-005, 0.00014963655849, 0.000205409451155, 0.00015133524721, 0.000190298072994, 0.000136500573717, 7.05724378349e-005, 1.92318038899e-005, 3.41298527928e-006, 1.84312784768e-006, 8.87059172783e-007, 2.74966609481e-008, 3.88802046114e-010]
        min: [8.32442866993e-024, 3.07188431836e-023, 1.97205381321e-023, 9.61589573484e-024, 2.81430577113e-023, 6.04323557187e-023, 3.46620369935e-023, 2.20491371952e-023, 4.04505310775e-023, 1.65138958608e-023, 7.75736910331e-023, 4.20167702287e-023, 4.17565029279e-023, 6.96017340931e-023, 5.7370256431e-023, 9.89112173161e-023, 1.44152112551e-022, 3.16868916346e-022, 3.1474964468e-022, 2.63535229613e-022, 4.6925005983e-022, 7.01208184527e-022, 4.6792649007e-022, 8.09199733598e-022, 1.37461120571e-021, 1.86622447508e-021, 2.26258474653e-021]
        var: [1.34134684696e-012, 1.33618414111e-008, 1.72014402722e-008, 2.24598899479e-008, 2.25454783731e-007, 6.92222315024e-008, 6.28261673796e-008, 6.05470162895e-008, 1.97508114752e-007, 4.20763399234e-007, 7.37225605008e-008, 5.88256767742e-008, 4.0021365777e-008, 6.26338518828e-008, 6.74545930224e-008, 2.2564380231e-007, 2.70580301276e-007, 1.21685175714e-007, 1.54201998726e-007, 7.6418821493e-008, 1.99458458638e-008, 2.09656270123e-009, 1.13972671578e-010, 1.11746306652e-010, 6.60874480141e-011, 2.48267796295e-014, 7.56823359345e-018]
    frequency_bands:
        dmean: [4.5645643354e-007, 4.01569195674e-005, 5.08310877194e-005, 6.08288028161e-005, 0.000165679331985, 9.38426965149e-005, 8.98683210835e-005, 6.35910982965e-005, 0.000119787517178, 0.000109966684249, 5.8479818108e-005, 6.59398501739e-005, 5.23950075149e-005, 7.9487428593e-005, 8.33227313706e-005, 0.00016129607684, 0.00017889191804, 0.000122054276289, 0.00013567233691, 0.000103170859802, 4.63916403532e-005, 1.63141467056e-005, 2.97883730127e-006, 1.86640625088e-006, 1.25461303924e-006, 3.90020424845e-008, 7.15342007851e-010, 4.53322865357e-011]
        dmean2: [7.95908420059e-007, 6.95614799042e-005, 8.71342272148e-005, 0.000100356985058, 0.00026963968412, 0.000154677734827, 0.00014328409452, 0.000100705699879, 0.000183805052075, 0.000169402570464, 9.04182161321e-005, 0.000102735597466, 8.25228416943e-005, 0.00012816794333, 0.000137835435453, 0.000269237993052, 0.000297580147162, 0.000204277297598, 0.00022974894091, 0.000178917485755, 7.83874420449e-005, 2.81795546471e-005, 4.734560207e-006, 2.8431127248e-006, 1.8116403453e-006, 5.62863995412e-008, 1.0058470723e-009, 8.44708192282e-011]
        dvar: [1.45720761846e-012, 1.86127273594e-008, 1.65486415682e-008, 2.05471959447e-008, 2.25900109285e-007, 4.61769111837e-008, 3.19639497093e-008, 2.31814016871e-008, 7.91006513623e-008, 6.11097661363e-008, 1.95353191401e-008, 1.90456130866e-008, 1.52143773136e-008, 3.25601092754e-008, 3.28950662265e-008, 8.25909580726e-008, 9.43388229757e-008, 4.47397567882e-008, 5.56964145915e-008, 3.93515300345e-008, 8.66036575786e-009, 1.28237565011e-009, 4.30139847352e-011, 4.16574066908e-011, 1.7962194232e-011, 7.7132285544e-015, 2.54191299428e-018, 6.80732243289e-021]
        dvar2: [4.54394638236e-012, 5.12187341428e-008, 4.6255376418e-008, 5.29672412597e-008, 5.75126250624e-007, 1.2183275544e-007, 8.17593459601e-008, 5.31125294856e-008, 1.86792959767e-007, 1.4802353121e-007, 4.65268641392e-008, 4.2982257753e-008, 3.48527429139e-008, 8.14682081796e-008, 8.38328020336e-008, 2.18657476125e-007, 2.52079189522e-007, 1.214272487e-007, 1.53840176154e-007, 1.10335065528e-007, 2.35877379851e-008, 3.54436546779e-009, 1.0108538312e-010, 7.88862725143e-011, 3.29784706488e-011, 1.51821999119e-014, 4.38146610326e-018, 2.22483441249e-020]
        max: [1.1058770724e-005, 0.00159513950348, 0.00199507176876, 0.00330066587776, 0.00706376647577, 0.00521631957963, 0.00322741828859, 0.00368876056746, 0.00730782002211, 0.00659915665165, 0.00371197867207, 0.00339447939768, 0.00312935654074, 0.00552041595802, 0.00551595399156, 0.00626222649589, 0.00700613297522, 0.00469440268353, 0.00693755317479, 0.00254988484085, 0.00193856994156, 0.000706511142198, 0.000233158672927, 0.000192179519217, 0.000234658509726, 2.95729955724e-006, 5.15061380213e-008, 9.61503210384e-010]
        mean: [5.23897654148e-007, 4.52229905932e-005, 6.88609943609e-005, 8.38344494696e-005, 0.000257971289102, 0.000160973184393, 0.000157067624968, 0.000115946764708, 0.000248404772719, 0.000276146631222, 0.000127033155877, 0.000135092603159, 0.00010380709864, 0.000143242126796, 0.000157513757586, 0.000340115191648, 0.000396998075303, 0.000274516671197, 0.000321582017932, 0.000218644621782, 0.00011431738676, 3.2932501199e-005, 6.96651113685e-006, 4.38536517322e-006, 2.7839514587e-006, 8.94318361588e-008, 1.46329126594e-009, 3.47481696195e-011]
        median: [1.4069925669e-007, 2.00844660867e-005, 2.51244819083e-005, 3.27896268573e-005, 0.000126874569105, 7.77332752477e-005, 7.17766451999e-005, 4.36254777014e-005, 9.2045906058e-005, 5.38084641448e-005, 3.14585777232e-005, 5.59338586754e-005, 3.95519346057e-005, 6.46779153612e-005, 7.63611024013e-005, 0.00014963655849, 0.000205409451155, 0.00015133524721, 0.000190298072994, 0.000136500573717, 7.05724378349e-005, 1.92318038899e-005, 3.41298527928e-006, 1.84312784768e-006, 8.87059172783e-007, 2.74966609481e-008, 3.88802046114e-010, 6.36029250101e-012]
        min: [8.32442866993e-024, 3.07188431836e-023, 1.97205381321e-023, 9.61589573484e-024, 2.81430577113e-023, 6.04323557187e-023, 3.46620369935e-023, 2.20491371952e-023, 4.04505310775e-023, 1.65138958608e-023, 7.75736910331e-023, 4.20167702287e-023, 4.17565029279e-023, 6.96017340931e-023, 5.7370256431e-023, 9.89112173161e-023, 1.44152112551e-022, 3.16868916346e-022, 3.1474964468e-022, 2.63535229613e-022, 4.6925005983e-022, 7.01208184527e-022, 4.6792649007e-022, 8.09199733598e-022, 1.37461120571e-021, 1.86622447508e-021, 2.26258474653e-021, 8.34653864251e-022]
        var: [1.34134684696e-012, 1.33618414111e-008, 1.72014402722e-008, 2.24598899479e-008, 2.25454783731e-007, 6.92222315024e-008, 6.28261673796e-008, 6.05470162895e-008, 1.97508114752e-007, 4.20763399234e-007, 7.37225605008e-008, 5.88256767742e-008, 4.0021365777e-008, 6.26338518828e-008, 6.74545930224e-008, 2.2564380231e-007, 2.70580301276e-007, 1.21685175714e-007, 1.54201998726e-007, 7.6418821493e-008, 1.99458458638e-008, 2.09656270123e-009, 1.13972671578e-010, 1.11746306652e-010, 6.60874480141e-011, 2.48267796295e-014, 7.56823359345e-018, 5.12494611909e-021]
    mfcc:
        mean: [-772.311401367, 109.593894958, -45.6419906616, 20.2218761444, -11.0816164017, -12.4044599533, -7.08959817886, -5.5523223877, -2.86894774437, -6.30310869217, -5.66298627853, -4.71029615402, -3.91959953308]
        cov: [[19920.8183594, -921.968444824, -2896.83642578, 4007.29736328, 61.3846969604, 623.708618164, 716.816955566, 658.956542969, 867.134094238, 14.2599992752, -283.678192139, -235.411682129, -234.354110718], [-921.968444824, 1419.80517578, 58.4970321655, -387.632781982, 154.280059814, -80.1617279053, -55.8002433777, -11.2416362762, -129.379684448, -61.2458877563, -20.6610717773, -46.088218689, -35.610168457], [-2896.83642578, 58.4970321655, 1000.40808105, -487.726043701, 36.4143714905, -4.28695058823, -141.053512573, -114.420852661, -108.440841675, -21.8390617371, 20.9521903992, 36.1631698608, 25.5998077393], [4007.29736328, -387.632781982, -487.726043701, 1303.61315918, 165.152023315, 219.962173462, 214.452972412, 176.048950195, 266.718536377, 10.9066944122, -86.3714065552, -45.6461029053, -43.3128967285], [61.3846969604, 154.280059814, 36.4143714905, 165.152023315, 295.077911377, 49.6453437805, 10.3860082626, 4.13258886337, 16.7835674286, -16.6544723511, -34.8001861572, -12.9073638916, -22.5733013153], [623.708618164, -80.1617279053, -4.28695058823, 219.962173462, 49.6453437805, 175.800613403, 97.9585723877, 54.3138008118, 44.0889816284, -10.498799324, -16.9875850677, -15.0072221756, -22.1865386963], [716.816955566, -55.8002433777, -141.053512573, 214.452972412, 10.3860082626, 97.9585723877, 211.393157959, 115.024513245, 50.3135528564, 18.1746063232, -4.89554834366, -21.327671051, -25.618844986], [658.956542969, -11.2416362762, -114.420852661, 176.048950195, 4.13258886337, 54.3138008118, 115.024513245, 151.246887207, 75.3975143433, 14.8690414429, -21.051399231, -36.2428741455, -28.2655334473], [867.134094238, -129.379684448, -108.440841675, 266.718536377, 16.7835674286, 44.0889816284, 50.3135528564, 75.3975143433, 153.00340271, 39.7918624878, -19.7256603241, -7.40765523911, -7.91018867493], [14.2599992752, -61.2458877563, -21.8390617371, 10.9066944122, -16.6544723511, -10.498799324, 18.1746063232, 14.8690414429, 39.7918624878, 95.8801879883, 44.0546455383, 17.5462970734, 12.4613437653], [-283.678192139, -20.6610717773, 20.9521903992, -86.3714065552, -34.8001861572, -16.9875850677, -4.89554834366, -21.051399231, -19.7256603241, 44.0546455383, 90.4324493408, 51.1080780029, 21.623544693], [-235.411682129, -46.088218689, 36.1631698608, -45.6461029053, -12.9073638916, -15.0072221756, -21.327671051, -36.2428741455, -7.40765523911, 17.5462970734, 51.1080780029, 94.548500061, 56.790599823], [-234.354110718, -35.610168457, 25.5998077393, -43.3128967285, -22.5733013153, -22.1865386963, -25.618844986, -28.2655334473, -7.91018867493, 12.4613437653, 21.623544693, 56.790599823, 89.5871810913]]
        icov: [[0.000221286318265, -6.64464532747e-005, 0.000367563363397, -0.000567882671021, 0.000326076784404, -0.000238351291046, 0.000207693810808, -3.93026166421e-005, -6.75821647746e-005, 4.31408261647e-005, 7.33813940315e-005, -6.26540131634e-005, 0.000253034086199], [-6.64464532747e-005, 0.000982731115073, 3.67010834452e-005, 0.000536492094398, -0.000863718159962, 0.000317425641697, 6.40853031655e-005, -0.000586990499869, 0.000471422798, 0.000362207356375, -0.000150696258061, 0.000353799405275, -3.68571927538e-005], [0.000367563363397, 3.67010834452e-005, 0.00208566826768, -0.000245810049819, 5.71335549466e-005, -0.0015204527881, 0.00113464880269, -8.34377897263e-006, -1.89728398254e-005, -4.78078691231e-005, 0.000392458023271, -0.000399999000365, 0.00038478319766], [-0.000567882671021, 0.000536492094398, -0.000245810049819, 0.00346542755142, -0.00181426468771, -0.000578913546633, -0.00100846367422, 0.000258689629845, -0.00213348539546, 0.000601896317676, 0.000203652263735, 0.000244367081905, -0.000810054771136], [0.000326076784404, -0.000863718159962, 5.71335549466e-005, -0.00181426468771, 0.00515956990421, -0.0010982749518, 0.000522419402841, 0.000651917944197, 0.000342789920978, -0.000772375264205, 0.00191610690672, -0.00142083445098, 0.00157524994574], [-0.000238351291046, 0.000317425641697, -0.0015204527881, -0.000578913546633, -0.0010982749518, 0.0103553626686, -0.00450164219365, 0.00050333305262, -0.000817660009488, 0.00242014252581, -0.00115804746747, 0.000378768221708, 0.000447122845799], [0.000207693810808, 6.40853031655e-005, 0.00113464880269, -0.00100846367422, 0.000522419402841, -0.00450164219365, 0.0113150468096, -0.00730856740847, 0.00310454308055, -0.00217460957356, -0.000145307814819, -0.00117706658784, 0.00106141227297], [-3.93026166421e-005, -0.000586990499869, -8.34377897263e-006, 0.000258689629845, 0.000651917944197, 0.00050333305262, -0.00730856740847, 0.015763014555, -0.00639311224222, 0.000833445345052, -0.000380889949156, 0.00392488855869, -0.0001129221273], [-6.75821647746e-005, 0.000471422798, -1.89728398254e-005, -0.00213348539546, 0.000342789920978, -0.000817660009488, 0.00310454308055, -0.00639311224222, 0.0160045679659, -0.00781477242708, 0.00577755458653, -0.0040687257424, 0.00142398022581], [4.31408261647e-005, 0.000362207356375, -4.78078691231e-005, 0.000601896317676, -0.000772375264205, 0.00242014252581, -0.00217460957356, 0.000833445345052, -0.00781477242708, 0.019274700433, -0.0120550477877, 0.00474758259952, -0.00286359759048], [7.33813940315e-005, -0.000150696258061, 0.000392458023271, 0.000203652263735, 0.00191610690672, -0.00115804746747, -0.000145307814819, -0.000380889949156, 0.00577755458653, -0.0120550477877, 0.0258449018002, -0.0145056983456, 0.00529683474451], [-6.26540131634e-005, 0.000353799405275, -0.000399999000365, 0.000244367081905, -0.00142083445098, 0.000378768221708, -0.00117706658784, 0.00392488855869, -0.0040687257424, 0.00474758259952, -0.0145056983456, 0.0268252156675, -0.0136765856296], [0.000253034086199, -3.68571927538e-005, 0.00038478319766, -0.000810054771136, 0.00157524994574, 0.000447122845799, 0.00106141227297, -0.0001129221273, 0.00142398022581, -0.00286359759048, 0.00529683474451, -0.0136765856296, 0.0199988801032]]
    sccoeffs:
        dmean: [0.0452564395964, 0.0409963615239, 0.0342627204955, 0.0282126665115, 0.019268758595, 0.014957937412]
        dmean2: [0.0742548927665, 0.0683139637113, 0.0552099831402, 0.0457752048969, 0.0316326841712, 0.0242999754846]
        dvar: [0.00160777790006, 0.00114576739725, 0.000837796193082, 0.000579654006287, 0.000271355267614, 0.000208270037547]
        dvar2: [0.00408152164891, 0.00310801225714, 0.00212721107528, 0.00147364765871, 0.000695817754604, 0.000510528450832]
        max: [-0.253425478935, -0.424793064594, -0.487824738026, -0.485340207815, -0.560644686222, -0.61663043499]
        mean: [-0.688330292702, -0.74024862051, -0.751070857048, -0.760677456856, -0.776638805866, -0.788448393345]
        median: [-0.695568442345, -0.744899988174, -0.757834553719, -0.763605415821, -0.775827288628, -0.770719408989]
        min: [-0.968322694302, -0.973655343056, -0.966139912605, -0.962997496128, -0.970506489277, -0.956912219524]
        var: [0.0065901465714, 0.00533047690988, 0.0055679846555, 0.003260378493, 0.00235490407795, 0.00365118635818]
    scvalleys:
        dmean: [0.348883956671, 0.321401059628, 0.282823115587, 0.242979466915, 0.20617377758, 0.203169077635]
        dmean2: [0.578539907932, 0.536046624184, 0.461201280355, 0.392817914486, 0.328551381826, 0.307597368956]
        dvar: [0.0923550724983, 0.0862801298499, 0.0762215331197, 0.068397462368, 0.0717915073037, 0.0835803598166]
        dvar2: [0.228936478496, 0.215528354049, 0.175921455026, 0.151308238506, 0.155447646976, 0.177374228835]
        max: [-5.26672267914, -4.73563432693, -5.08100748062, -5.52585792542, -5.50279855728, -7.58918190002]
        mean: [-7.95392608643, -7.1530175209, -7.62383127213, -7.98938274384, -8.41960430145, -11.0759115219]
        median: [-6.98039722443, -6.72318601608, -7.0963602066, -7.24138450623, -7.17081260681, -9.60941791534]
        min: [-26.9560394287, -27.2640476227, -27.0145015717, -27.4412498474, -27.1924610138, -27.3260822296]
        var: [5.09854698181, 2.75375294685, 2.98633551598, 4.17077207565, 6.7466635704, 7.03685855865]

rhythm:
    beats_loudness:
        dmean: 0.00181749649346
        dmean2: 0.00313690118492
        dvar: 4.31285616287e-006
        dvar2: 1.20573413369e-005
        max: 0.0158294066787
        mean: 0.00436636712402
        median: 0.00419170269743
        min: 4.98634336946e-012
        var: 1.44678979268e-005
    bpm: 131.991149902
    bpm_confidence: 0
    first_peak_bpm: 133
    first_peak_spread: 0.317375898361
    first_peak_weight: 0.530303001404
    onset_rate: 2.19341874123
    second_peak_bpm: 178
    second_peak_spread: 0
    second_peak_weight: 0.0261707995087
    beats_loudness_band_ratio:
        dmean: [0.120312102139, 0.120738267899, 0.114784501493, 0.106957554817, 0.0953027307987, 0.048434227705]
        dmean2: [0.219669163227, 0.209964469075, 0.197806328535, 0.189860463142, 0.168607026339, 0.0851836875081]
        dvar: [0.0141633413732, 0.0126686673611, 0.0159877818078, 0.0180265158415, 0.00950184836984, 0.00301489327103]
        dvar2: [0.0414495281875, 0.0338062383235, 0.0431253910065, 0.0484384894371, 0.0289293956012, 0.00890082120895]
        max: [0.955504059792, 0.754721343517, 0.995581328869, 0.888351738453, 0.701154768467, 0.620562970638]
        mean: [0.154492393136, 0.181982621551, 0.216320201755, 0.164085566998, 0.224742174149, 0.116278782487]
        median: [0.0981871262193, 0.129476562142, 0.133743882179, 0.10598706454, 0.221775010228, 0.125330895185]
        min: [0, 0, 0, 0, 0, 0]
        var: [0.0265718828887, 0.0259252544492, 0.0472157411277, 0.0271583646536, 0.0262237880379, 0.00951411481947]
