
metadata:
    version:
        essentia: "2.1-beta2"
    audio_properties:
        analysis_sample_rate: 44100
        bitrate: 255
        channels: 2
        equal_loudness: 1
        length: 311.066131592
        replay_gain: -8.8726978302
        downmix: "mix"
    tags:
        album: "End of Silence"
        artist: ""
        comment: ""
        date: "2007"
        genre: ""
        title: "Already Over Pt. 2"
        tracknumber: "11"

configuration:
    average_loudness:
        compute: 1
        frameSize: 88200
        hopSize: 44100
        silentFrames: "noise"
        windowType: "hann"
    general:
        analysisSampleRate: 44100
        endTime: 2000
        equalLoudness: 1
        nequalLoudness: 0
        shortSound: 0
        startTime: 0
    lowlevel:
        compute: 1
        frameSize: 2048
        hopSize: 1024
        zeroPadding: 0
        silentFrames: "noise"
        windowType: "blackmanharris62"
        mfccStats: ["mean", "cov", "icov"]
        stats: ["mean", "var", "median", "min", "max", "dmean", "dmean2", "dvar", "dvar2"]
    panning:
        compute: 0
        frameSize: 8192
        hopSize: 2048
        zeroPadding: 8192
        silentFrames: "noise"
        windowType: "hann"
        stats: ["copy"]
    rhythm:
        compute: 1
        maxTempo: 208
        minTempo: 40
        method: "degara"
        stats: ["mean", "var", "median", "min", "max", "dmean", "dmean2", "dvar", "dvar2"]
    segmentation:
        compute: 0
        cpw: 5
        inc1: 300
        inc2: 50
        minimumSegmentsLength: 10
        size1: 1000
        size2: 600
    sfx:
        compute: 1
        stats: ["mean", "var", "median", "min", "max", "dmean", "dmean2", "dvar", "dvar2"]
    svm:
        compute: 0
    tonal:
        compute: 1
        frameSize: 4096
        hopSize: 2048
        zeroPadding: 0
        silentFrames: "noise"
        windowType: "blackmanharris62"
        stats: ["mean", "var", "median", "min", "max", "dmean", "dmean2", "dvar", "dvar2"]

lowlevel:
    average_loudness: 0.455669760704
    barkbands_kurtosis:
        dmean: 1.81525266171
        dmean2: 2.96953654289
        dvar: 5.55993843079
        dvar2: 14.5872144699
        max: 49.862033844
        mean: 3.88078951836
        median: 2.47392034531
        min: -1.87193155289
        var: 26.2682609558
    barkbands_skewness:
        dmean: 0.367498397827
        dmean2: 0.598952412605
        dvar: 0.121026962996
        dvar2: 0.317364573479
        max: 5.85281515121
        mean: 1.69560754299
        median: 1.63927328587
        min: -3.01444339752
        var: 0.809920251369
    barkbands_spread:
        dmean: 3.19606041908
        dmean2: 5.09779977798
        dvar: 12.6191902161
        dvar2: 29.1154117584
        max: 77.1501998901
        mean: 17.2331695557
        median: 15.5799179077
        min: 1.07395803928
        var: 89.8447647095
    dissonance:
        dmean: 0.0226092282683
        dmean2: 0.0377868823707
        dvar: 0.000424096157076
        dvar2: 0.00114381487947
        max: 0.499999910593
        mean: 0.435538679361
        median: 0.443241655827
        min: 0.246691390872
        var: 0.00150651915465
    hfc:
        dmean: 0.411872059107
        dmean2: 0.643438458443
        dvar: 0.819919168949
        dvar2: 1.98738431931
        max: 31.7172832489
        mean: 2.42896223068
        median: 1.59078812599
        min: 1.18210660804e-016
        var: 7.03789615631
    pitch:
        dmean: 96.0625762939
        dmean2: 183.866958618
        dvar: 169616.734375
        dvar2: 460258.65625
        max: 5412.53710938
        mean: 289.703491211
        median: 195.328063965
        min: 49.6778526306
        var: 263835.15625
    pitch_instantaneous_confidence:
        dmean: 0.0643713548779
        dmean2: 0.104368247092
        dvar: 0.00347706652246
        dvar2: 0.00883532501757
        max: 0.935494363308
        mean: 0.516201913357
        median: 0.49051707983
        min: 0.117129266262
        var: 0.0266597233713
    pitch_salience:
        dmean: 0.0519787482917
        dmean2: 0.0870046690106
        dvar: 0.00198955647647
        dvar2: 0.00561981042847
        max: 0.942712008953
        mean: 0.547165095806
        median: 0.547651708126
        min: 0.180238485336
        var: 0.00750514259562
    silence_rate_20dB:
        dmean: 0
        dmean2: 0
        dvar: 0
        dvar2: 0
        max: 1
        mean: 1
        median: 1
        min: 1
        var: 0
    silence_rate_30dB:
        dmean: 0
        dmean2: 0
        dvar: 0
        dvar2: 0
        max: 1
        mean: 1
        median: 1
        min: 1
        var: 0
    silence_rate_60dB:
        dmean: 0.0556841082871
        dmean2: 0.111376531422
        dvar: 0.0525910407305
        dvar2: 0.123465649784
        max: 1
        mean: 0.633452773094
        median: 1
        min: 0
        var: 0.232158511877
    spectral_centroid:
        dmean: 114.727600098
        dmean2: 189.337631226
        dvar: 27324.1757813
        dvar2: 53979.3515625
        max: 11495.9726563
        mean: 704.067382813
        median: 625.822875977
        min: 154.297088623
        var: 188047.0625
    spectral_complexity:
        dmean: 1.19519293308
        dmean2: 2.02090167999
        dvar: 1.65839219093
        dvar2: 4.10974216461
        max: 30
        mean: 6.6450214386
        median: 6
        min: 0
        var: 14.4350090027
    spectral_crest:
        dmean: 1.93082857132
        dmean2: 3.17797756195
        dvar: 3.16671252251
        dvar2: 8.36756038666
        max: 25.0212898254
        mean: 9.78017425537
        median: 9.11282920837
        min: 2.80714464188
        var: 12.9511480331
    spectral_decrease:
        dmean: 1.61460581016e-010
        dmean2: 2.67721816938e-010
        dvar: 3.87544973727e-020
        dvar2: 9.58360536335e-020
        max: 1.16548288549e-028
        mean: -8.27242718771e-010
        median: -6.25960117073e-010
        min: -4.6405568277e-009
        var: 4.73547200508e-019
    spectral_energy:
        dmean: 0.000635821372271
        dmean2: 0.00105269916821
        dvar: 6.11807649875e-007
        dvar2: 1.51493827616e-006
        max: 0.0184497665614
        mean: 0.00334251392633
        median: 0.00252173747867
        min: 1.02821749003e-020
        var: 7.82094866736e-006
    spectral_energyband_high:
        dmean: 1.71363099071e-005
        dmean2: 2.61742952716e-005
        dvar: 4.65675142891e-009
        dvar2: 9.6055492449e-009
        max: 0.00263781170361
        mean: 4.68424841529e-005
        median: 2.0034973204e-005
        min: 7.45627066504e-021
        var: 1.40455140851e-008
    spectral_energyband_low:
        dmean: 0.000281757500488
        dmean2: 0.000512493134011
        dvar: 9.79167467108e-008
        dvar2: 3.30692074613e-007
        max: 0.00293312477879
        mean: 0.000481729570311
        median: 0.000379271572456
        min: 1.0044500273e-022
        var: 1.72847592239e-007
    spectral_energyband_middle_high:
        dmean: 0.000165611752891
        dmean2: 0.000253612088272
        dvar: 1.26135716982e-007
        dvar2: 2.87444663627e-007
        max: 0.0103487176821
        mean: 0.000703236844856
        median: 0.000406814157031
        min: 1.36038899022e-021
        var: 1.01593298041e-006
    spectral_energyband_middle_low:
        dmean: 0.00051372370217
        dmean2: 0.000809598714113
        dvar: 5.06647040766e-007
        dvar2: 1.19129049381e-006
        max: 0.0158271994442
        mean: 0.00229557859711
        median: 0.00159125216305
        min: 2.6509926942e-022
        var: 4.64966888103e-006
    spectral_flatness_db:
        dmean: 0.0153844403103
        dmean2: 0.0256202090532
        dvar: 0.000194804000785
        dvar2: 0.000520143308677
        max: 0.469127207994
        mean: 0.202459782362
        median: 0.199310719967
        min: 0.0592854730785
        var: 0.00178651104216
    spectral_flux:
        dmean: 0.0046869404614
        dmean2: 0.00741786090657
        dvar: 3.37413803209e-005
        dvar2: 8.36631879793e-005
        max: 0.103129684925
        mean: 0.0215538144112
        median: 0.0202464275062
        min: 1.01401061159e-010
        var: 0.000159630013513
    spectral_kurtosis:
        dmean: 2.65038752556
        dmean2: 4.55609607697
        dvar: 12.5725660324
        dvar2: 34.9130821228
        max: 93.2809371948
        mean: 7.9139213562
        median: 6.31375789642
        min: -1.35654270649
        var: 43.2475852966
    spectral_rms:
        dmean: 0.000167799254996
        dmean2: 0.000281493965304
        dvar: 2.92103141675e-008
        dvar2: 7.63549579119e-008
        max: 0.00424261391163
        mean: 0.00163180974778
        median: 0.00156851252541
        min: 3.16723708892e-012
        var: 5.9818188447e-007
    spectral_rolloff:
        dmean: 313.504394531
        dmean2: 539.884094238
        dvar: 225120.25
        dvar2: 512409.34375
        max: 19379.8828125
        mean: 1212.65283203
        median: 882.861328125
        min: 172.265625
        var: 960027.75
    spectral_skewness:
        dmean: 0.253793686628
        dmean2: 0.423258125782
        dvar: 0.0733326151967
        dvar2: 0.198411867023
        max: 8.27055835724
        mean: 2.10110425949
        median: 2.01660728455
        min: -0.0781523808837
        var: 0.402147084475
    spectral_spread:
        dmean: 316724.3125
        dmean2: 486108.34375
        dvar: 238632566784
        dvar2: 364152848384
        max: 41824964
        mean: 3938440
        median: 3492891
        min: 925855.125
        var: 4.2192690217e+012
    spectral_strongpeak:
        dmean: 0.147544056177
        dmean2: 0.248167201877
        dvar: 0.07792185992
        dvar2: 0.201432704926
        max: 6.81102705002
        mean: 0.448295682669
        median: 0.227275177836
        min: 4.15036938151e-009
        var: 0.342349469662
    zerocrossingrate:
        dmean: 0.00526014901698
        dmean2: 0.00652090227231
        dvar: 4.2392006435e-005
        dvar2: 4.23669771408e-005
        max: 0.5
        mean: 0.0474403239787
        median: 0.04345703125
        min: 0.0078125
        var: 0.000595066521782
    barkbands:
        dmean: [3.26545439577e-008, 1.58779748745e-005, 0.00018115567218, 0.000174705084646, 0.00024229841074, 0.000137020164402, 7.71569975768e-005, 0.00014593009837, 7.99743720563e-005, 5.94603880018e-005, 3.80266646971e-005, 4.56149464299e-005, 2.89430226985e-005, 1.90744030988e-005, 1.93925843632e-005, 2.40158205997e-005, 3.46365486621e-005, 2.76094560832e-005, 3.06393740175e-005, 2.04266325454e-005, 7.72687963035e-006, 3.90832656194e-006, 1.52606889969e-006, 1.31949491333e-006, 8.38169171402e-007, 7.92695065144e-009, 1.62070093457e-010]
        dmean2: [5.64330271402e-008, 2.42167425313e-005, 0.000326769280946, 0.00031213767943, 0.000393826427171, 0.000199121699552, 0.00010467915854, 0.00020204440807, 0.000113909358333, 8.76099657035e-005, 5.75737321924e-005, 6.94607078913e-005, 4.410294423e-005, 2.89413073915e-005, 3.13924720103e-005, 3.98307020077e-005, 5.70990960114e-005, 4.55224835605e-005, 5.07387885591e-005, 3.42100393027e-005, 1.24550997498e-005, 5.83255086894e-006, 2.23651250053e-006, 1.80215465662e-006, 1.16878413792e-006, 1.1695385993e-008, 2.86748597089e-010]
        dvar: [8.56377584135e-015, 7.88822007713e-010, 4.36331966114e-008, 5.34548263431e-008, 1.64246145573e-007, 7.26005353613e-008, 7.26627646941e-008, 1.78218812152e-007, 6.60950902898e-008, 3.56911158406e-008, 1.62185287422e-008, 2.74282960788e-008, 1.40834330864e-008, 5.78913184057e-009, 4.44460557247e-009, 5.11206454945e-009, 1.57104977916e-008, 6.33625241164e-009, 8.41052916201e-009, 4.9155093329e-009, 9.71777880387e-010, 5.47789036354e-010, 7.02407298991e-011, 7.97334212543e-011, 4.71653133216e-011, 4.30548244694e-015, 1.29395850297e-019]
        dvar2: [2.37321284586e-014, 1.50310364155e-009, 1.47227666503e-007, 1.76514276973e-007, 4.27748744869e-007, 1.66854761119e-007, 1.19794790976e-007, 3.41854445196e-007, 1.34218922199e-007, 7.42246513141e-008, 3.74660977798e-008, 6.0808041269e-008, 3.24948992159e-008, 1.16240128634e-008, 1.02159818383e-008, 1.24895107589e-008, 3.90938872386e-008, 1.62050781682e-008, 2.17371347588e-008, 1.35125928225e-008, 2.22138685224e-009, 1.15151832514e-009, 1.31838304163e-010, 1.31744809506e-010, 8.44721029236e-011, 9.26451518719e-015, 2.86263738755e-019]
        max: [3.14500516652e-006, 0.000727198435925, 0.00195545982569, 0.00284242117777, 0.0079252300784, 0.00927234534174, 0.014145241119, 0.0113299982622, 0.00941206794232, 0.00802204106003, 0.00598013028502, 0.00589843979105, 0.00599732063711, 0.00379944220185, 0.00437252037227, 0.00375225418247, 0.005224078428, 0.00409321160987, 0.00443856371567, 0.00306657096371, 0.00145532982424, 0.00119674252346, 0.000384616287192, 0.000528946169652, 0.00032952206675, 3.18584193337e-006, 2.31097896375e-008]
        mean: [5.28784482867e-008, 3.64291772712e-005, 0.000275894155493, 0.000276629405562, 0.000643617764581, 0.000423398334533, 0.000225051873713, 0.000458575523226, 0.000237853222643, 0.000152043270646, 7.90273988969e-005, 9.41964826779e-005, 6.04619999649e-005, 3.61998099834e-005, 3.52833012585e-005, 4.16532857344e-005, 7.25681602489e-005, 5.55547958356e-005, 6.28271736787e-005, 4.20310170739e-005, 1.60480467457e-005, 8.8541819423e-006, 3.4718398183e-006, 3.04135596707e-006, 1.7363988718e-006, 1.55430495141e-008, 1.70144745515e-010]
        median: [2.04269596793e-008, 1.41035288834e-005, 0.000188475489267, 0.000179067035788, 0.000442366639618, 0.000180221977644, 3.73158254661e-005, 7.38669768907e-005, 4.56859306723e-005, 2.8504349757e-005, 1.7812828446e-005, 2.53697326116e-005, 1.40283500514e-005, 1.24856287584e-005, 1.55119596457e-005, 1.7306780137e-005, 2.83873378066e-005, 2.66826173174e-005, 2.77949620795e-005, 2.25997646339e-005, 6.11289760855e-006, 1.85243561646e-006, 4.96609516176e-007, 2.3566505547e-007, 7.24697599708e-008, 7.20857040726e-010, 5.03675365304e-011]
        min: [8.44456413942e-023, 3.22423670944e-023, 1.66505817898e-023, 2.87506383805e-023, 2.8324470476e-023, 1.4496614443e-023, 2.9841822339e-023, 5.17965754824e-023, 1.08086666764e-022, 1.17379170548e-022, 7.75750036976e-023, 4.57892987149e-023, 1.12954127876e-022, 1.22142300072e-022, 1.21053230261e-022, 6.58717536086e-023, 1.35928534226e-022, 1.96191171254e-022, 2.30923492599e-022, 2.79761959594e-022, 3.77337263055e-022, 4.51892444098e-022, 5.81173039217e-022, 8.81430917793e-022, 9.85326196174e-022, 1.71771506092e-021, 2.62536645303e-021]
        var: [1.17802724972e-014, 4.58358595523e-009, 7.39464951494e-008, 9.39283850698e-008, 4.51881817298e-007, 4.68505163553e-007, 6.67660401632e-007, 1.31258514102e-006, 5.22002210346e-007, 2.32230945585e-007, 7.70729968735e-008, 6.99001532212e-008, 4.07556015602e-008, 1.76633481175e-008, 1.0748490098e-008, 9.16719056221e-009, 6.24208738031e-008, 1.3086117967e-008, 1.75602714592e-008, 6.9897643229e-009, 1.94942439968e-009, 1.34241961991e-009, 2.14023992973e-010, 2.81867723606e-010, 1.6715108464e-010, 1.104414835e-014, 3.37885004706e-019]
    frequency_bands:
        dmean: [3.26545439577e-008, 1.58779748745e-005, 0.00018115567218, 0.000174705084646, 0.00024229841074, 0.000137020164402, 7.71569975768e-005, 0.00014593009837, 7.99743720563e-005, 5.94603880018e-005, 3.80266646971e-005, 4.56149464299e-005, 2.89430226985e-005, 1.90744030988e-005, 1.93925843632e-005, 2.40158205997e-005, 3.46365486621e-005, 2.76094560832e-005, 3.06393740175e-005, 2.04266325454e-005, 7.72687963035e-006, 3.90832656194e-006, 1.52606889969e-006, 1.31949491333e-006, 8.38169171402e-007, 7.92695065144e-009, 1.62070093457e-010, 4.02837416202e-011]
        dmean2: [5.64330271402e-008, 2.42167425313e-005, 0.000326769280946, 0.00031213767943, 0.000393826427171, 0.000199121699552, 0.00010467915854, 0.00020204440807, 0.000113909358333, 8.76099657035e-005, 5.75737321924e-005, 6.94607078913e-005, 4.410294423e-005, 2.89413073915e-005, 3.13924720103e-005, 3.98307020077e-005, 5.70990960114e-005, 4.55224835605e-005, 5.07387885591e-005, 3.42100393027e-005, 1.24550997498e-005, 5.83255086894e-006, 2.23651250053e-006, 1.80215465662e-006, 1.16878413792e-006, 1.1695385993e-008, 2.86748597089e-010, 7.48694162223e-011]
        dvar: [8.56377584135e-015, 7.88822007713e-010, 4.36331966114e-008, 5.34548263431e-008, 1.64246145573e-007, 7.26005353613e-008, 7.26627646941e-008, 1.78218812152e-007, 6.60950902898e-008, 3.56911158406e-008, 1.62185287422e-008, 2.74282960788e-008, 1.40834330864e-008, 5.78913184057e-009, 4.44460557247e-009, 5.11206454945e-009, 1.57104977916e-008, 6.33625241164e-009, 8.41052916201e-009, 4.9155093329e-009, 9.71777880387e-010, 5.47789036354e-010, 7.02407298991e-011, 7.97334212543e-011, 4.71653133216e-011, 4.30548244694e-015, 1.29395850297e-019, 4.19388406162e-021]
        dvar2: [2.37321284586e-014, 1.50310364155e-009, 1.47227666503e-007, 1.76514276973e-007, 4.27748744869e-007, 1.66854761119e-007, 1.19794790976e-007, 3.41854445196e-007, 1.34218922199e-007, 7.42246513141e-008, 3.74660977798e-008, 6.0808041269e-008, 3.24948992159e-008, 1.16240128634e-008, 1.02159818383e-008, 1.24895107589e-008, 3.90938872386e-008, 1.62050781682e-008, 2.17371347588e-008, 1.35125928225e-008, 2.22138685224e-009, 1.15151832514e-009, 1.31838304163e-010, 1.31744809506e-010, 8.44721029236e-011, 9.26451518719e-015, 2.86263738755e-019, 1.33989130924e-020]
        max: [3.14500516652e-006, 0.000727198435925, 0.00195545982569, 0.00284242117777, 0.0079252300784, 0.00927234534174, 0.014145241119, 0.0113299982622, 0.00941206794232, 0.00802204106003, 0.00598013028502, 0.00589843979105, 0.00599732063711, 0.00379944220185, 0.00437252037227, 0.00375225418247, 0.005224078428, 0.00409321160987, 0.00443856371567, 0.00306657096371, 0.00145532982424, 0.00119674252346, 0.000384616287192, 0.000528946169652, 0.00032952206675, 3.18584193337e-006, 2.31097896375e-008, 6.35785923908e-010]
        mean: [5.28784482867e-008, 3.64291772712e-005, 0.000275894155493, 0.000276629405562, 0.000643617764581, 0.000423398334533, 0.000225051873713, 0.000458575523226, 0.000237853222643, 0.000152043270646, 7.90273988969e-005, 9.41964826779e-005, 6.04619999649e-005, 3.61998099834e-005, 3.52833012585e-005, 4.16532857344e-005, 7.25681602489e-005, 5.55547958356e-005, 6.28271736787e-005, 4.20310170739e-005, 1.60480467457e-005, 8.8541819423e-006, 3.4718398183e-006, 3.04135596707e-006, 1.7363988718e-006, 1.55430495141e-008, 1.70144745515e-010, 3.14343898133e-011]
        median: [2.04269596793e-008, 1.41035288834e-005, 0.000188475489267, 0.000179067035788, 0.000442366639618, 0.000180221977644, 3.73158254661e-005, 7.38669768907e-005, 4.56859306723e-005, 2.8504349757e-005, 1.7812828446e-005, 2.53697326116e-005, 1.40283500514e-005, 1.24856287584e-005, 1.55119596457e-005, 1.7306780137e-005, 2.83873378066e-005, 2.66826173174e-005, 2.77949620795e-005, 2.25997646339e-005, 6.11289760855e-006, 1.85243561646e-006, 4.96609516176e-007, 2.3566505547e-007, 7.24697599708e-008, 7.20857040726e-010, 5.03675365304e-011, 9.77300011751e-012]
        min: [8.44456413942e-023, 3.22423670944e-023, 1.66505817898e-023, 2.87506383805e-023, 2.8324470476e-023, 1.4496614443e-023, 2.9841822339e-023, 5.17965754824e-023, 1.08086666764e-022, 1.17379170548e-022, 7.75750036976e-023, 4.57892987149e-023, 1.12954127876e-022, 1.22142300072e-022, 1.21053230261e-022, 6.58717536086e-023, 1.35928534226e-022, 1.96191171254e-022, 2.30923492599e-022, 2.79761959594e-022, 3.77337263055e-022, 4.51892444098e-022, 5.81173039217e-022, 8.81430917793e-022, 9.85326196174e-022, 1.71771506092e-021, 2.62536645303e-021, 7.61730754378e-022]
        var: [1.17802724972e-014, 4.58358595523e-009, 7.39464951494e-008, 9.39283850698e-008, 4.51881817298e-007, 4.68505163553e-007, 6.67660401632e-007, 1.31258514102e-006, 5.22002210346e-007, 2.32230945585e-007, 7.70729968735e-008, 6.99001532212e-008, 4.07556015602e-008, 1.76633481175e-008, 1.0748490098e-008, 9.16719056221e-009, 6.24208738031e-008, 1.3086117967e-008, 1.75602714592e-008, 6.9897643229e-009, 1.94942439968e-009, 1.34241961991e-009, 2.14023992973e-010, 2.81867723606e-010, 1.6715108464e-010, 1.104414835e-014, 3.37885004706e-019, 3.32910045658e-021]
    mfcc:
        mean: [-788.94140625, 145.580932617, -25.9809951782, 39.3091011047, -7.63966464996, -13.8403577805, -1.21568453312, -3.92896366119, -8.11930084229, -6.62518501282, -10.6944169998, -7.84707212448, -5.63457632065]
        cov: [[8424.64550781, 1250.01159668, -886.016723633, 291.010772705, -662.452514648, -134.009185791, -126.428871155, 76.9188232422, -172.042800903, 8.04431343079, -11.1416254044, 3.07409310341, -29.924495697], [1250.01159668, 1323.32556152, -277.140258789, 230.2527771, -26.0098266602, -91.0000534058, 92.6900024414, -11.0939769745, 22.0741271973, -16.9991149902, -26.3481235504, -24.7359371185, 20.9474487305], [-886.016723633, -277.140258789, 457.699462891, -130.996688843, 130.724777222, -13.6193656921, -24.8240203857, 4.50708723068, -21.6694355011, 28.1245803833, -7.42339372635, 36.0355224609, -2.72877311707], [291.010772705, 230.2527771, -130.996688843, 290.718200684, 41.9876327515, 33.9046096802, 19.2337379456, -17.6690368652, 30.7885036469, -31.9377746582, -15.7960624695, -39.6602516174, -5.08811044693], [-662.452514648, -26.0098266602, 130.724777222, 41.9876327515, 284.453399658, 2.10719752312, 4.7816400528, -42.2874755859, 10.3059329987, 3.25928282738, -34.7749176025, 0.433477818966, 5.11222791672], [-134.009185791, -91.0000534058, -13.6193656921, 33.9046096802, 2.10719752312, 172.679534912, 38.318397522, 26.3598918915, -0.888905286789, -18.9948921204, 23.5776462555, -28.7697753906, -19.250421524], [-126.428871155, 92.6900024414, -24.8240203857, 19.2337379456, 4.7816400528, 38.318397522, 130.227676392, 28.1424331665, 20.7105255127, -9.03638648987, 4.12586212158, -10.8529062271, -6.5735578537], [76.9188232422, -11.0939769745, 4.50708723068, -17.6690368652, -42.2874755859, 26.3598918915, 28.1424331665, 103.91809082, 14.3349637985, 4.07300806046, 8.51661777496, -10.8428459167, -4.65687417984], [-172.042800903, 22.0741271973, -21.6694355011, 30.7885036469, 10.3059329987, -0.888905286789, 20.7105255127, 14.3349637985, 104.6563797, 6.81527662277, 0.924227654934, -14.2447166443, -1.56511414051], [8.04431343079, -16.9991149902, 28.1245803833, -31.9377746582, 3.25928282738, -18.9948921204, -9.03638648987, 4.07300806046, 6.81527662277, 96.3016967773, 13.9892988205, 18.4927768707, -11.1302833557], [-11.1416254044, -26.3481235504, -7.42339372635, -15.7960624695, -34.7749176025, 23.5776462555, 4.12586212158, 8.51661777496, 0.924227654934, 13.9892988205, 87.0119628906, 5.53863334656, -3.37071037292], [3.07409310341, -24.7359371185, 36.0355224609, -39.6602516174, 0.433477818966, -28.7697753906, -10.8529062271, -10.8428459167, -14.2447166443, 18.4927768707, 5.53863334656, 84.3005371094, 25.2522697449], [-29.924495697, 20.9474487305, -2.72877311707, -5.08811044693, 5.11222791672, -19.250421524, -6.5735578537, -4.65687417984, -1.56511414051, -11.1302833557, -3.37071037292, 25.2522697449, 77.6824417114]]
        icov: [[0.00021896699036, -0.000154264896992, 0.000250289303949, -0.00014870717132, 0.000361980608432, 5.7297434978e-005, 0.000331770279445, -0.000244610622758, 0.000407266867114, -0.000124218626297, 0.000146418795339, -0.000168861282873, 0.000180440212716], [-0.000154264896992, 0.00122202234343, 0.000264937378233, -0.000668902823236, -0.000242601076025, 0.000921757018659, -0.00116169999819, 0.00011731228733, 2.02632400033e-005, -7.65303484513e-005, -6.97880459484e-005, 0.000251990393735, -0.000365841377061], [0.000250289303949, 0.000264937378233, 0.00375596177764, 0.0010471540736, -0.00148642691784, 0.000353318580892, 0.000606128072832, -0.00119861157145, 0.000914041360375, -0.000313804863254, 0.00015184545191, -0.000985814607702, 0.000690813350957], [-0.00014870717132, -0.000668902823236, 0.0010471540736, 0.00542300241068, -0.00149021612015, -0.00139010127168, 0.000410614127759, 0.000802275375463, -0.00146135070827, 0.00103590253275, 0.000321841303958, 0.00106546643656, 0.000138097835588], [0.000361980608432, -0.000242601076025, -0.00148642691784, -0.00149021612015, 0.005774339661, -0.000370521302102, -0.000183019059477, 0.0018740312662, 2.88861974695e-005, -0.000841379805934, 0.00192325131502, 8.98738144315e-005, -0.000385663908673], [5.7297434978e-005, 0.000921757018659, 0.000353318580892, -0.00139010127168, -0.000370521302102, 0.0082013932988, -0.00224787858315, -0.00164746271912, 0.0013349406654, 0.00113892799709, -0.00229576649144, 0.00157787872013, 0.00104020547587], [0.000331770279445, -0.00116169999819, 0.000606128072832, 0.000410614127759, -0.000183019059477, -0.00224787858315, 0.0102946339175, -0.00255197426304, -0.00103737029713, 0.000697365554515, 0.000105436687591, -0.000827207055409, 0.00101489655208], [-0.000244610622758, 0.00011731228733, -0.00119861157145, 0.000802275375463, 0.0018740312662, -0.00164746271912, -0.00255197426304, 0.012311716564, -0.00202434160747, -0.000789998855907, 0.000168707294506, 0.00168150931131, -0.000818160187919], [0.000407266867114, 2.02632400033e-005, 0.000914041360375, -0.00146135070827, 2.88861974695e-005, 0.0013349406654, -0.00103737029713, -0.00202434160747, 0.0116218505427, -0.00161957927048, -0.000192374573089, 0.00138018652797, -0.00024732053862], [-0.000124218626297, -7.65303484513e-005, -0.000313804863254, 0.00103590253275, -0.000841379805934, 0.00113892799709, 0.000697365554515, -0.000789998855907, -0.00161957927048, 0.012468194589, -0.00217635277659, -0.00276039214805, 0.00293556507677], [0.000146418795339, -6.97880459484e-005, 0.00015184545191, 0.000321841303958, 0.00192325131502, -0.00229576649144, 0.000105436687591, 0.000168707294506, -0.000192374573089, -0.00217635277659, 0.0133583853021, -0.00114891596604, 6.2600352976e-005], [-0.000168861282873, 0.000251990393735, -0.000985814607702, 0.00106546643656, 8.98738144315e-005, 0.00157787872013, -0.000827207055409, 0.00168150931131, 0.00138018652797, -0.00276039214805, -0.00114891596604, 0.0160165522248, -0.00530599942431], [0.000180440212716, -0.000365841377061, 0.000690813350957, 0.000138097835588, -0.000385663908673, 0.00104020547587, 0.00101489655208, -0.000818160187919, -0.00024732053862, 0.00293556507677, 6.2600352976e-005, -0.00530599942431, 0.0155375432223]]
    sccoeffs:
        dmean: [0.0453437082469, 0.0356500484049, 0.0309945903718, 0.0260895043612, 0.0186102818698, 0.0123689072207]
        dmean2: [0.0788528844714, 0.0567472875118, 0.0493764206767, 0.0432396642864, 0.0307527016848, 0.020006781444]
        dvar: [0.00125299510546, 0.000860085245222, 0.000637427903712, 0.000431208172813, 0.000234495630139, 0.00011917919619]
        dvar2: [0.00377799058333, 0.00217646104284, 0.00161674176343, 0.00113167800009, 0.000614897056948, 0.000280889769783]
        max: [-0.311622738838, -0.398295581341, -0.435786217451, -0.53684258461, -0.571346342564, -0.623793840408]
        mean: [-0.59246057272, -0.673230648041, -0.72784692049, -0.757166981697, -0.762158870697, -0.778314948082]
        median: [-0.588392972946, -0.679712414742, -0.735323250294, -0.759799361229, -0.761674284935, -0.777475118637]
        min: [-0.961580753326, -0.978731274605, -0.961362540722, -0.963835000992, -0.971150577068, -0.961038172245]
        var: [0.00548381684348, 0.00786761194468, 0.00579520640895, 0.00301208277233, 0.00222400762141, 0.00178568065166]
    scvalleys:
        dmean: [0.341275423765, 0.268313676119, 0.244148746133, 0.210206627846, 0.168923333287, 0.162346109748]
        dmean2: [0.580912530422, 0.439514935017, 0.402346372604, 0.348036170006, 0.271196305752, 0.241076946259]
        dvar: [0.0910027101636, 0.0563510395586, 0.0527034848928, 0.0391079820693, 0.0383451990783, 0.0495632365346]
        dvar2: [0.236697435379, 0.132763922215, 0.120704799891, 0.0854486003518, 0.0749268457294, 0.0820161178708]
        max: [-5.38259744644, -4.84070968628, -4.9137096405, -6.21204662323, -5.95076084137, -7.09534645081]
        mean: [-7.40227842331, -7.297498703, -7.88756656647, -8.61471939087, -8.75269412994, -11.3305625916]
        median: [-7.11928701401, -7.03108787537, -7.57545042038, -8.32925033569, -8.42443084717, -11.110458374]
        min: [-27.1212787628, -27.5625648499, -27.3687648773, -27.1653118134, -27.2625160217, -27.2165775299]
        var: [1.9770386219, 1.99544537067, 1.9244235754, 1.76555967331, 1.72721111774, 2.52456474304]

rhythm:
    beats_loudness:
        dmean: 0.00118561310228
        dmean2: 0.00200083991513
        dvar: 2.26107658818e-006
        dvar2: 5.95430583417e-006
        max: 0.0157304778695
        mean: 0.00340594351292
        median: 0.00252931844443
        min: 1.96273743786e-011
        var: 8.39804033603e-006
    bpm: 178.205841064
    bpm_confidence: 0
    first_peak_bpm: 178
    first_peak_spread: 0
    first_peak_weight: 0.35006120801
    onset_rate: 1.31804776192
    second_peak_bpm: 172
    second_peak_spread: 0
    second_peak_weight: 0.335373312235
    beats_loudness_band_ratio:
        dmean: [0.140513196588, 0.152880594134, 0.12344647944, 0.0608363673091, 0.0490652881563, 0.0375036559999]
        dmean2: [0.236254230142, 0.259669423103, 0.21054597199, 0.106506794691, 0.0856546238065, 0.0661624073982]
        dvar: [0.0140668051317, 0.013898071833, 0.0166503638029, 0.00545396655798, 0.00368688907474, 0.00462946528569]
        dvar2: [0.0378859639168, 0.0395828261971, 0.0439723022282, 0.0149930305779, 0.0103631839156, 0.0134108113125]
        max: [0.773967504501, 0.903725504875, 0.900631964207, 0.71313726902, 0.573868334293, 0.701410651207]
        mean: [0.273905068636, 0.360554128885, 0.19908683002, 0.0892206728458, 0.0724178850651, 0.0440364517272]
        median: [0.254978328943, 0.362405538559, 0.132360339165, 0.0626636371017, 0.0516493618488, 0.029457859695]
        min: [0, 0, 0, 0, 0, 0]
        var: [0.0266501307487, 0.0297004189342, 0.0341846942902, 0.00800779368728, 0.00464559486136, 0.00340605364181]
