
metadata:
    version:
        essentia: "2.1-beta2"
    audio_properties:
        analysis_sample_rate: 44100
        bitrate: 222
        channels: 2
        equal_loudness: 1
        length: 248.293884277
        replay_gain: -15.0826263428
        downmix: "mix"
    tags:
        album: "Innocence & Instinct"
        artist: "Red"
        comment: "."
        date: "2009"
        genre: "Hard Rock"
        title: "Fight Inside"
        tracknumber: "1"

configuration:
    average_loudness:
        compute: 1
        frameSize: 88200
        hopSize: 44100
        silentFrames: "noise"
        windowType: "hann"
    general:
        analysisSampleRate: 44100
        endTime: 2000
        equalLoudness: 1
        nequalLoudness: 0
        shortSound: 0
        startTime: 0
    lowlevel:
        compute: 1
        frameSize: 2048
        hopSize: 1024
        zeroPadding: 0
        silentFrames: "noise"
        windowType: "blackmanharris62"
        mfccStats: ["mean", "cov", "icov"]
        stats: ["mean", "var", "median", "min", "max", "dmean", "dmean2", "dvar", "dvar2"]
    panning:
        compute: 0
        frameSize: 8192
        hopSize: 2048
        zeroPadding: 8192
        silentFrames: "noise"
        windowType: "hann"
        stats: ["copy"]
    rhythm:
        compute: 1
        maxTempo: 208
        minTempo: 40
        method: "degara"
        stats: ["mean", "var", "median", "min", "max", "dmean", "dmean2", "dvar", "dvar2"]
    segmentation:
        compute: 0
        cpw: 5
        inc1: 300
        inc2: 50
        minimumSegmentsLength: 10
        size1: 1000
        size2: 600
    sfx:
        compute: 1
        stats: ["mean", "var", "median", "min", "max", "dmean", "dmean2", "dvar", "dvar2"]
    svm:
        compute: 0
    tonal:
        compute: 1
        frameSize: 4096
        hopSize: 2048
        zeroPadding: 0
        silentFrames: "noise"
        windowType: "blackmanharris62"
        stats: ["mean", "var", "median", "min", "max", "dmean", "dmean2", "dvar", "dvar2"]

lowlevel:
    average_loudness: 0.864376246929
    barkbands_kurtosis:
        dmean: 0.631863176823
        dmean2: 1.02048528194
        dvar: 1.31180584431
        dvar2: 3.24193167686
        max: 29.5649337769
        mean: -0.270202755928
        median: -1.00936472416
        min: -1.81365823746
        var: 4.5918712616
    barkbands_skewness:
        dmean: 0.312749266624
        dmean2: 0.496374458075
        dvar: 0.0940724089742
        dvar2: 0.229359939694
        max: 3.78474998474
        mean: 0.0300482902676
        median: -0.119263641536
        min: -3.27038931847
        var: 0.671296298504
    barkbands_spread:
        dmean: 4.37019443512
        dmean2: 7.0124707222
        dvar: 20.0060043335
        dvar2: 50.0568695068
        max: 104.145095825
        mean: 29.5805339813
        median: 30.238740921
        min: 0.644810736179
        var: 131.846679688
    dissonance:
        dmean: 0.0141611779109
        dmean2: 0.0239786282182
        dvar: 0.000279886822682
        dvar2: 0.000753380125389
        max: 0.500000059605
        mean: 0.471494734287
        median: 0.48182284832
        min: 0.148957043886
        var: 0.00108344189357
    hfc:
        dmean: 1.69566237926
        dmean2: 2.82610988617
        dvar: 5.63713884354
        dvar2: 14.9536981583
        max: 41.8899307251
        mean: 8.29036521912
        median: 7.91180181503
        min: 1.15736014344e-016
        var: 38.8129043579
    pitch:
        dmean: 677.030273438
        dmean2: 1300.54589844
        dvar: 1432709
        dvar2: 3747693.25
        max: 6023.73779297
        mean: 1014.52490234
        median: 310.248565674
        min: 68.9742126465
        var: 1846242
    pitch_instantaneous_confidence:
        dmean: 0.0717808678746
        dmean2: 0.118587218225
        dvar: 0.00403455225751
        dvar2: 0.0102702658623
        max: 0.928116798401
        mean: 0.372522562742
        median: 0.335613250732
        min: 0.105533599854
        var: 0.0227642413229
    pitch_salience:
        dmean: 0.0514957793057
        dmean2: 0.086044870317
        dvar: 0.00214887759648
        dvar2: 0.00592158408836
        max: 0.862815082073
        mean: 0.663096904755
        median: 0.675267994404
        min: 0.202544689178
        var: 0.00631898827851
    silence_rate_20dB:
        dmean: 0
        dmean2: 0
        dvar: 0
        dvar2: 0
        max: 1
        mean: 1
        median: 1
        min: 1
        var: 0
    silence_rate_30dB:
        dmean: 0
        dmean2: 0
        dvar: 0
        dvar2: 0
        max: 1
        mean: 1
        median: 1
        min: 1
        var: 0
    silence_rate_60dB:
        dmean: 0.0456330664456
        dmean2: 0.091274663806
        dvar: 0.0435455478728
        dvar2: 0.0975151956081
        max: 1
        mean: 0.336699396372
        median: 0
        min: 0
        var: 0.223321378231
    spectral_centroid:
        dmean: 203.417526245
        dmean2: 324.56338501
        dvar: 50884.53125
        dvar2: 110059.484375
        max: 11040.5927734
        mean: 1671.79284668
        median: 1780.71166992
        min: 224.871520996
        var: 366993.375
    spectral_complexity:
        dmean: 3.08322429657
        dmean2: 5.13681840897
        dvar: 10.1353025436
        dvar2: 27.3419761658
        max: 48
        mean: 16.8032722473
        median: 19
        min: 0
        var: 102.217651367
    spectral_crest:
        dmean: 1.69859445095
        dmean2: 2.81624269485
        dvar: 2.90273165703
        dvar2: 7.72094774246
        max: 23.7672405243
        mean: 6.48169946671
        median: 5.54397392273
        min: 2.16112065315
        var: 9.51753520966
    spectral_decrease:
        dmean: 2.01090449847e-010
        dmean2: 3.30471733312e-010
        dvar: 8.83710523356e-020
        dvar2: 2.31514101576e-019
        max: 2.07173984353e-029
        mean: -1.00101149592e-009
        median: -9.52877887705e-010
        min: -4.42212932938e-009
        var: 4.06072785472e-019
    spectral_energy:
        dmean: 0.000885232002474
        dmean2: 0.00145692995284
        dvar: 1.65627739079e-006
        dvar2: 4.35034417023e-006
        max: 0.0186533238739
        mean: 0.0045299991034
        median: 0.00431080302224
        min: 1.10046517341e-020
        var: 8.55181679071e-006
    spectral_energyband_high:
        dmean: 0.000132951943669
        dmean2: 0.000226830758038
        dvar: 4.68790979369e-008
        dvar2: 1.27384467419e-007
        max: 0.00411947071552
        mean: 0.000380786863388
        median: 0.000353798473952
        min: 7.90906642429e-021
        var: 1.22394538948e-007
    spectral_energyband_low:
        dmean: 0.000187522717169
        dmean2: 0.000318842416164
        dvar: 1.18205043975e-007
        dvar2: 3.27306310055e-007
        max: 0.00349227851257
        mean: 0.000336266472004
        median: 0.000238278968027
        min: 9.02299040283e-023
        var: 1.45430945508e-007
    spectral_energyband_middle_high:
        dmean: 0.000505917181727
        dmean2: 0.000811652222183
        dvar: 4.03971625929e-007
        dvar2: 1.01025580079e-006
        max: 0.0118186911568
        mean: 0.00245174416341
        median: 0.00208843383007
        min: 1.45879399865e-021
        var: 3.894454494e-006
    spectral_energyband_middle_low:
        dmean: 0.000494369771332
        dmean2: 0.000799794215709
        dvar: 7.53007498133e-007
        dvar2: 1.95231086764e-006
        max: 0.0120969032869
        mean: 0.00146442046389
        median: 0.00124354416039
        min: 4.25625067272e-022
        var: 1.38756217893e-006
    spectral_flatness_db:
        dmean: 0.012039986439
        dmean2: 0.0190448500216
        dvar: 0.000163516626344
        dvar2: 0.000383784557926
        max: 0.461228787899
        mean: 0.140777766705
        median: 0.125462770462
        min: 0.0360251143575
        var: 0.00248276488855
    spectral_flux:
        dmean: 0.00607773615047
        dmean2: 0.00942127965391
        dvar: 4.88276200485e-005
        dvar2: 0.000104701823147
        max: 0.103331558406
        mean: 0.0368921458721
        median: 0.0379224121571
        min: 1.04903058462e-010
        var: 0.000300171377603
    spectral_kurtosis:
        dmean: 2.44603300095
        dmean2: 4.10865211487
        dvar: 96.1881256104
        dvar2: 243.945617676
        max: 207.609817505
        mean: 6.12265825272
        median: 3.21661639214
        min: -1.26063013077
        var: 227.543579102
    spectral_rms:
        dmean: 0.000193235668121
        dmean2: 0.000313379714498
        dvar: 5.5093732243e-008
        dvar2: 1.39329259241e-007
        max: 0.00426595425233
        mean: 0.00195888685994
        median: 0.00205077091232
        min: 3.27662094506e-012
        var: 5.82286759254e-007
    spectral_rolloff:
        dmean: 300.372619629
        dmean2: 501.964691162
        dvar: 199972.65625
        dvar2: 435328.375
        max: 18776.953125
        mean: 3062.05834961
        median: 3423.77929688
        min: 301.46484375
        var: 1203302.5
    spectral_skewness:
        dmean: 0.234155520797
        dmean2: 0.382340967655
        dvar: 0.335947006941
        dvar2: 0.858388006687
        max: 11.7613353729
        mean: 1.56391274929
        median: 1.30217766762
        min: 0.00956825911999
        var: 1.04425609112
    spectral_spread:
        dmean: 410616.625
        dmean2: 567739.6875
        dvar: 508492906496
        dvar2: 671732989952
        max: 46564056
        mean: 4474117
        median: 4398618
        min: 413499.625
        var: 2.48193194394e+012
    spectral_strongpeak:
        dmean: 0.390746086836
        dmean2: 0.668207287788
        dvar: 0.365720719099
        dvar2: 0.959469139576
        max: 6.02655601501
        mean: 0.715344488621
        median: 0.352240085602
        min: 0
        var: 0.766035079956
    zerocrossingrate:
        dmean: 0.00654842052609
        dmean2: 0.00807844474912
        dvar: 5.413681356e-005
        dvar2: 5.88258153584e-005
        max: 0.47998046875
        mean: 0.0946379452944
        median: 0.10205078125
        min: 0.0107421875
        var: 0.000941355712712
    barkbands:
        dmean: [7.42460997571e-007, 7.00064047123e-005, 0.000111926739919, 9.18978257687e-005, 0.000229017648962, 0.000113774331112, 0.000113667672849, 0.000115958013339, 0.000141867552884, 8.5688487161e-005, 6.15988392383e-005, 6.12848598394e-005, 6.55517360428e-005, 7.47542871977e-005, 0.000102390302345, 0.000120880969916, 0.000150537278387, 0.000139943047543, 0.000172617073986, 0.000143679702887, 5.74638870603e-005, 2.75323218375e-005, 7.31666750653e-006, 2.3131206035e-006, 8.70647454576e-007, 4.17183940726e-008, 6.03995076176e-010]
        dmean2: [1.25098529224e-006, 0.000120183642139, 0.000191646686289, 0.000153626388055, 0.000384602986742, 0.000186830191524, 0.000185525044799, 0.000186967881746, 0.000217814420466, 0.000132181579829, 9.67487794696e-005, 9.84128055279e-005, 0.000105692684883, 0.000116823161079, 0.000164238954312, 0.00019656670338, 0.000250447948929, 0.000233819882851, 0.000289994350169, 0.000247783667874, 9.78508178378e-005, 4.52006170235e-005, 1.14695158118e-005, 3.4380782381e-006, 1.25076394397e-006, 6.21804332468e-008, 9.36428934395e-010]
        dvar: [1.98853173511e-012, 2.25862315517e-008, 4.38484057952e-008, 1.9875173507e-008, 3.14895203246e-007, 4.10595681899e-008, 5.87469166646e-008, 5.68969014125e-008, 6.11278991869e-008, 3.31029674783e-008, 1.51838968065e-008, 1.97409910641e-008, 1.87914448446e-008, 2.43685036594e-008, 5.0897497772e-008, 5.22555332338e-008, 5.72138674215e-008, 4.30155928655e-008, 6.28815755022e-008, 4.49588846152e-008, 8.01561483854e-009, 2.57203613963e-009, 2.82445650202e-010, 3.68605389267e-011, 1.17947197148e-011, 2.2434514641e-014, 2.02862550391e-018]
        dvar2: [5.42859333874e-012, 6.26571292628e-008, 1.23850995237e-007, 5.38680353657e-008, 8.45222075441e-007, 1.03772798354e-007, 1.47800008676e-007, 1.33069505637e-007, 1.36527106065e-007, 7.8430900885e-008, 3.53730129632e-008, 4.65281537743e-008, 4.557630362e-008, 5.36262518835e-008, 1.20062324527e-007, 1.25861603806e-007, 1.51731910591e-007, 1.1626000429e-007, 1.73846828488e-007, 1.27396916128e-007, 2.14576196811e-008, 6.23076168438e-009, 6.10201389417e-010, 7.08583469677e-011, 2.43080174045e-011, 4.99191379693e-014, 4.29353845851e-018]
        max: [1.10919136205e-005, 0.00153865059838, 0.00266061769798, 0.00294658215716, 0.00875986367464, 0.00440987106413, 0.00355784874409, 0.00876979716122, 0.0061468067579, 0.00721293641254, 0.00304445298389, 0.00490728206933, 0.00319896358997, 0.00453530065715, 0.00568526796997, 0.00525907892734, 0.00554805994034, 0.00421344628558, 0.00492436625063, 0.00330445123836, 0.0022389292717, 0.00111410045065, 0.000371318048565, 0.000166356563568, 0.00013079585915, 7.4097815741e-006, 7.12299623729e-008]
        mean: [7.32842863727e-007, 0.000102118414361, 0.000157587128342, 0.00015163019998, 0.000351647060597, 0.000206846540095, 0.000178129703272, 0.000211935082916, 0.000325539818732, 0.000181306299055, 0.000116220384371, 0.00011345463281, 0.000122228244436, 0.000142100674566, 0.000219025794649, 0.000258656480582, 0.000343385676388, 0.000321810162859, 0.000452648615465, 0.000333954463713, 0.000151258485857, 6.28937705187e-005, 1.7219068468e-005, 5.6580661294e-006, 1.93614528143e-006, 8.05979212259e-008, 9.77878444886e-010]
        median: [1.29390812731e-007, 6.20463106316e-005, 8.89501534402e-005, 8.02342401585e-005, 0.000207690158277, 0.000117528979899, 9.01578023331e-005, 9.11409515538e-005, 0.000163694887306, 6.94503905834e-005, 5.3687763284e-005, 6.90013694111e-005, 5.03930677951e-005, 5.67296519876e-005, 8.9093708084e-005, 0.000174828019226, 0.000272988021607, 0.00024462500005, 0.000398481555749, 0.000272873614449, 0.000142135424539, 4.38646275143e-005, 9.15851069294e-006, 3.06641322823e-006, 9.2596678769e-007, 3.51802249554e-008, 3.86642773353e-010]
        min: [1.58297420412e-023, 5.88677163775e-023, 5.97130076587e-024, 2.35523779144e-023, 3.54587044663e-023, 4.14428265884e-023, 6.49078539348e-023, 6.72451099575e-023, 1.73087215011e-022, 7.793877586e-023, 3.33839403321e-023, 5.09257929499e-023, 1.62912487055e-022, 9.30704533085e-023, 9.57786632832e-023, 1.5919566477e-022, 1.03830945196e-022, 1.67340571575e-022, 2.17561400555e-022, 3.128227541e-022, 3.89695570618e-022, 5.66741706169e-022, 6.74544887878e-022, 8.47685543482e-022, 1.22603413884e-021, 1.57023285726e-021, 2.26914443419e-021]
        var: [2.05942511308e-012, 2.03522638742e-008, 4.6635598494e-008, 4.34978915109e-008, 2.95766341196e-007, 7.91700358604e-008, 8.8659042774e-008, 1.59520055831e-007, 2.50235046906e-007, 1.28381984155e-007, 3.75551429954e-008, 3.36135030921e-008, 4.45859562603e-008, 6.72180817674e-008, 1.97946391722e-007, 1.55711120442e-007, 1.54600627411e-007, 1.15212671403e-007, 2.01832150992e-007, 1.14570134713e-007, 2.01246681542e-008, 6.25151042044e-009, 7.81573250563e-010, 1.10065290215e-010, 2.8681721928e-011, 4.30195328416e-014, 5.36051748987e-018]
    frequency_bands:
        dmean: [7.42460997571e-007, 7.00064047123e-005, 0.000111926739919, 9.18978257687e-005, 0.000229017648962, 0.000113774331112, 0.000113667672849, 0.000115958013339, 0.000141867552884, 8.5688487161e-005, 6.15988392383e-005, 6.12848598394e-005, 6.55517360428e-005, 7.47542871977e-005, 0.000102390302345, 0.000120880969916, 0.000150537278387, 0.000139943047543, 0.000172617073986, 0.000143679702887, 5.74638870603e-005, 2.75323218375e-005, 7.31666750653e-006, 2.3131206035e-006, 8.70647454576e-007, 4.17183940726e-008, 6.03995076176e-010, 5.07694962459e-011]
        dmean2: [1.25098529224e-006, 0.000120183642139, 0.000191646686289, 0.000153626388055, 0.000384602986742, 0.000186830191524, 0.000185525044799, 0.000186967881746, 0.000217814420466, 0.000132181579829, 9.67487794696e-005, 9.84128055279e-005, 0.000105692684883, 0.000116823161079, 0.000164238954312, 0.00019656670338, 0.000250447948929, 0.000233819882851, 0.000289994350169, 0.000247783667874, 9.78508178378e-005, 4.52006170235e-005, 1.14695158118e-005, 3.4380782381e-006, 1.25076394397e-006, 6.21804332468e-008, 9.36428934395e-010, 9.3942610635e-011]
        dvar: [1.98853173511e-012, 2.25862315517e-008, 4.38484057952e-008, 1.9875173507e-008, 3.14895203246e-007, 4.10595681899e-008, 5.87469166646e-008, 5.68969014125e-008, 6.11278991869e-008, 3.31029674783e-008, 1.51838968065e-008, 1.97409910641e-008, 1.87914448446e-008, 2.43685036594e-008, 5.0897497772e-008, 5.22555332338e-008, 5.72138674215e-008, 4.30155928655e-008, 6.28815755022e-008, 4.49588846152e-008, 8.01561483854e-009, 2.57203613963e-009, 2.82445650202e-010, 3.68605389267e-011, 1.17947197148e-011, 2.2434514641e-014, 2.02862550391e-018, 5.72952427009e-021]
        dvar2: [5.42859333874e-012, 6.26571292628e-008, 1.23850995237e-007, 5.38680353657e-008, 8.45222075441e-007, 1.03772798354e-007, 1.47800008676e-007, 1.33069505637e-007, 1.36527106065e-007, 7.8430900885e-008, 3.53730129632e-008, 4.65281537743e-008, 4.557630362e-008, 5.36262518835e-008, 1.20062324527e-007, 1.25861603806e-007, 1.51731910591e-007, 1.1626000429e-007, 1.73846828488e-007, 1.27396916128e-007, 2.14576196811e-008, 6.23076168438e-009, 6.10201389417e-010, 7.08583469677e-011, 2.43080174045e-011, 4.99191379693e-014, 4.29353845851e-018, 1.8047609166e-020]
        max: [1.10919136205e-005, 0.00153865059838, 0.00266061769798, 0.00294658215716, 0.00875986367464, 0.00440987106413, 0.00355784874409, 0.00876979716122, 0.0061468067579, 0.00721293641254, 0.00304445298389, 0.00490728206933, 0.00319896358997, 0.00453530065715, 0.00568526796997, 0.00525907892734, 0.00554805994034, 0.00421344628558, 0.00492436625063, 0.00330445123836, 0.0022389292717, 0.00111410045065, 0.000371318048565, 0.000166356563568, 0.00013079585915, 7.4097815741e-006, 7.12299623729e-008, 8.97669161226e-010]
        mean: [7.32842863727e-007, 0.000102118414361, 0.000157587128342, 0.00015163019998, 0.000351647060597, 0.000206846540095, 0.000178129703272, 0.000211935082916, 0.000325539818732, 0.000181306299055, 0.000116220384371, 0.00011345463281, 0.000122228244436, 0.000142100674566, 0.000219025794649, 0.000258656480582, 0.000343385676388, 0.000321810162859, 0.000452648615465, 0.000333954463713, 0.000151258485857, 6.28937705187e-005, 1.7219068468e-005, 5.6580661294e-006, 1.93614528143e-006, 8.05979212259e-008, 9.77878444886e-010, 4.08199897495e-011]
        median: [1.29390812731e-007, 6.20463106316e-005, 8.89501534402e-005, 8.02342401585e-005, 0.000207690158277, 0.000117528979899, 9.01578023331e-005, 9.11409515538e-005, 0.000163694887306, 6.94503905834e-005, 5.3687763284e-005, 6.90013694111e-005, 5.03930677951e-005, 5.67296519876e-005, 8.9093708084e-005, 0.000174828019226, 0.000272988021607, 0.00024462500005, 0.000398481555749, 0.000272873614449, 0.000142135424539, 4.38646275143e-005, 9.15851069294e-006, 3.06641322823e-006, 9.2596678769e-007, 3.51802249554e-008, 3.86642773353e-010, 1.31952773361e-011]
        min: [1.58297420412e-023, 5.88677163775e-023, 5.97130076587e-024, 2.35523779144e-023, 3.54587044663e-023, 4.14428265884e-023, 6.49078539348e-023, 6.72451099575e-023, 1.73087215011e-022, 7.793877586e-023, 3.33839403321e-023, 5.09257929499e-023, 1.62912487055e-022, 9.30704533085e-023, 9.57786632832e-023, 1.5919566477e-022, 1.03830945196e-022, 1.67340571575e-022, 2.17561400555e-022, 3.128227541e-022, 3.89695570618e-022, 5.66741706169e-022, 6.74544887878e-022, 8.47685543482e-022, 1.22603413884e-021, 1.57023285726e-021, 2.26914443419e-021, 6.30716179881e-022]
        var: [2.05942511308e-012, 2.03522638742e-008, 4.6635598494e-008, 4.34978915109e-008, 2.95766341196e-007, 7.91700358604e-008, 8.8659042774e-008, 1.59520055831e-007, 2.50235046906e-007, 1.28381984155e-007, 3.75551429954e-008, 3.36135030921e-008, 4.45859562603e-008, 6.72180817674e-008, 1.97946391722e-007, 1.55711120442e-007, 1.54600627411e-007, 1.15212671403e-007, 2.01832150992e-007, 1.14570134713e-007, 2.01246681542e-008, 6.25151042044e-009, 7.81573250563e-010, 1.10065290215e-010, 2.8681721928e-011, 4.30195328416e-014, 5.36051748987e-018, 4.81730117029e-021]
    mfcc:
        mean: [-710.235168457, 107.546516418, -47.4445571899, 42.6120872498, -16.9609565735, -6.44726800919, -6.25025844574, -0.0058607775718, -2.42341017723, -0.507501423359, -5.21368837357, -5.49537420273, -4.3115105629]
        cov: [[6791.2265625, -1274.40771484, -692.221435547, 1182.42529297, 42.4771385193, 669.270080566, 90.1785430908, 336.369262695, 122.267822266, 74.7847442627, 43.1545944214, 95.8879165649, -11.169175148], [-1274.40771484, 956.595275879, 40.9911613464, -293.415283203, -5.99597501755, -194.454086304, 2.98732304573, -75.7548599243, -30.6490154266, 11.6753644943, -6.7915892601, -32.9520988464, 21.4520988464], [-692.221435547, 40.9911613464, 501.160095215, -164.809677124, -8.9122467041, -28.2644824982, -4.36507749557, 30.7240657806, 49.9841270447, 7.08770895004, 12.4597463608, 31.8829135895, 25.7813587189], [1182.42529297, -293.415283203, -164.809677124, 486.074188232, 72.5013885498, 140.84954834, 71.5968780518, 51.0221099854, 66.366355896, 5.05261278152, 3.92272353172, 37.787021637, -1.40646481514], [42.4771385193, -5.99597501755, -8.9122467041, 72.5013885498, 166.140563965, 18.9922943115, 5.5061416626, 6.65094327927, 35.8355789185, 25.7995948792, -10.927028656, 12.1836299896, 12.8582687378], [669.270080566, -194.454086304, -28.2644824982, 140.84954834, 18.9922943115, 180.809494019, 47.4742507935, 73.2444381714, 33.4478111267, 13.3935432434, 23.6859302521, 24.9102497101, 5.96168708801], [90.1785430908, 2.98732304573, -4.36507749557, 71.5968780518, 5.5061416626, 47.4742507935, 158.349151611, 56.0149078369, 37.8129920959, 7.80266523361, 17.6901473999, 28.480463028, -6.70536136627], [336.369262695, -75.7548599243, 30.7240657806, 51.0221099854, 6.65094327927, 73.2444381714, 56.0149078369, 134.110961914, 57.1563034058, 26.3832054138, 22.4453048706, 25.1497135162, 7.87784910202], [122.267822266, -30.6490154266, 49.9841270447, 66.366355896, 35.8355789185, 33.4478111267, 37.8129920959, 57.1563034058, 119.100158691, 35.7863044739, 11.4374036789, 25.3108177185, 8.21800231934], [74.7847442627, 11.6753644943, 7.08770895004, 5.05261278152, 25.7995948792, 13.3935432434, 7.80266523361, 26.3832054138, 35.7863044739, 90.150932312, 26.0274276733, 9.04298400879, 4.28744077682], [43.1545944214, -6.7915892601, 12.4597463608, 3.92272353172, -10.927028656, 23.6859302521, 17.6901473999, 22.4453048706, 11.4374036789, 26.0274276733, 69.7845993042, 23.5905647278, -1.67591238022], [95.8879165649, -32.9520988464, 31.8829135895, 37.787021637, 12.1836299896, 24.9102497101, 28.480463028, 25.1497135162, 25.3108177185, 9.04298400879, 23.5905647278, 66.9719619751, 23.1345310211], [-11.169175148, 21.4520988464, 25.7813587189, -1.40646481514, 12.8582687378, 5.96168708801, -6.70536136627, 7.87784910202, 8.21800231934, 4.28744077682, -1.67591238022, 23.1345310211, 65.6010818481]]
        icov: [[0.000431508466136, 0.000142009463161, 0.00035208981717, -0.000684656261001, 0.000350528251147, -0.000783179653808, 0.000505145464558, -0.000657767697703, 0.000220681205974, -0.000357816723408, 0.000310226838337, -0.000247796124313, 9.8121490737e-005], [0.000142009463161, 0.00167155789677, 0.000328416266711, 0.000570118252654, -0.000217645807425, 0.00108699686825, -0.000800936366431, 0.000188856269233, -0.000182654868695, -0.000315388664603, -0.00036466709571, 0.000627063971478, -0.000986909144558], [0.00035208981717, 0.000328416266711, 0.00298183737323, 0.000767366611399, 0.000227820084547, -0.000477786292322, 0.000493455736432, -0.000817977299448, -0.00143063894939, 0.000268103700364, 0.000164118406246, -0.0013749828795, -0.000404647638788], [-0.000684656261001, 0.000570118252654, 0.000767366611399, 0.00509604346007, -0.00161706388462, -0.000364393636119, -0.00176462461241, 0.00180032593198, -0.00223941053264, 0.00127738062292, -6.31194270682e-005, -0.000751572370064, -8.13316582935e-005], [0.000350528251147, -0.000217645807425, 0.000227820084547, -0.00161706388462, 0.00767962727696, -0.00112290401012, 0.000823002716061, 0.000271989876637, -0.0012095378479, -0.00250261253677, 0.00261463574134, -0.00117266073357, -0.000549680145923], [-0.000783179653808, 0.00108699686825, -0.000477786292322, -0.000364393636119, -0.00112290401012, 0.0116517907009, -0.00204300275072, -0.0025641170796, 0.000361509242794, 0.000724477635231, -0.00283537013456, 0.00111005478539, -0.00160507881083], [0.000505145464558, -0.000800936366431, 0.000493455736432, -0.00176462461241, 0.000823002716061, -0.00204300275072, 0.00946686696261, -0.00344322063029, -0.000584323541261, 0.000345986220054, 0.000325676141074, -0.00337729067542, 0.00277156545781], [-0.000657767697703, 0.000188856269233, -0.000817977299448, 0.00180032593198, 0.000271989876637, -0.0025641170796, -0.00344322063029, 0.0138322347775, -0.00444742664695, -0.000798293855041, -0.00126591417938, 0.000212494036532, -0.00114495807793], [0.000220681205974, -0.000182654868695, -0.00143063894939, -0.00223941053264, -0.0012095378479, 0.000361509242794, -0.000584323541261, -0.00444742664695, 0.0140028111637, -0.00406300416216, 0.00134881318081, -0.0018435617676, 0.000486088305479], [-0.000357816723408, -0.000315388664603, 0.000268103700364, 0.00127738062292, -0.00250261253677, 0.000724477635231, 0.000345986220054, -0.000798293855041, -0.00406300416216, 0.0153758861125, -0.00605559814721, 0.00169069797266, -0.000726708676666], [0.000310226838337, -0.00036466709571, 0.000164118406246, -6.31194270682e-005, 0.00261463574134, -0.00283537013456, 0.000325676141074, -0.00126591417938, 0.00134881318081, -0.00605559814721, 0.0205771010369, -0.00792908668518, 0.00358542613685], [-0.000247796124313, 0.000627063971478, -0.0013749828795, -0.000751572370064, -0.00117266073357, 0.00111005478539, -0.00337729067542, 0.000212494036532, -0.0018435617676, 0.00169069797266, -0.00792908668518, 0.0240361429751, -0.00852331612259], [9.8121490737e-005, -0.000986909144558, -0.000404647638788, -8.13316582935e-005, -0.000549680145923, -0.00160507881083, 0.00277156545781, -0.00114495807793, 0.000486088305479, -0.000726708676666, 0.00358542613685, -0.00852331612259, 0.0194987505674]]
    sccoeffs:
        dmean: [0.0524672158062, 0.0442831218243, 0.0361597314477, 0.0290874037892, 0.0198565982282, 0.0187423210591]
        dmean2: [0.0874803215265, 0.0734751075506, 0.0594315230846, 0.0482228696346, 0.0332846045494, 0.0301099997014]
        dvar: [0.00182705640327, 0.00125349254813, 0.000814329076093, 0.0005500659463, 0.000270431832178, 0.000565270718653]
        dvar2: [0.00494010793045, 0.00344202807173, 0.00216406909749, 0.00144675537013, 0.000714946712833, 0.0014228761429]
        max: [-0.308637887239, -0.428338587284, -0.500533103943, -0.55121922493, -0.645524382591, -0.548991978168]
        mean: [-0.668317675591, -0.753185033798, -0.764605343342, -0.779030323029, -0.795843482018, -0.746068894863]
        median: [-0.678429186344, -0.760675311089, -0.772534787655, -0.785443782806, -0.79777765274, -0.739487707615]
        min: [-0.978235244751, -0.959538400173, -0.967719018459, -0.966015219688, -0.960584640503, -0.959659457207]
        var: [0.00667161494493, 0.00425645289943, 0.00355852441862, 0.00228419434279, 0.000956523814239, 0.00206501106732]
    scvalleys:
        dmean: [0.38540622592, 0.325139343739, 0.271588355303, 0.242560148239, 0.219924926758, 0.20662625134]
        dmean2: [0.635547578335, 0.544427156448, 0.451545447111, 0.397620886564, 0.358009040356, 0.290358543396]
        dvar: [0.12097273767, 0.099095351994, 0.0714784264565, 0.0834442079067, 0.116573609412, 0.0781851038337]
        dvar2: [0.274457156658, 0.223215788603, 0.146927252412, 0.16753283143, 0.23931877315, 0.12286888808]
        max: [-5.08090400696, -4.38093233109, -5.27915906906, -5.67462396622, -5.63431501389, -7.45033836365]
        mean: [-7.03699159622, -6.48774766922, -6.92129802704, -7.19986629486, -7.14172458649, -9.88426780701]
        median: [-6.63680076599, -6.38136005402, -6.7325425148, -6.89286613464, -6.57643127441, -9.429728508]
        min: [-26.9977970123, -27.2330818176, -27.2706241608, -27.3561935425, -27.2747612, -27.2928352356]
        var: [1.40531826019, 0.599351763725, 0.720442354679, 0.937033057213, 1.56343579292, 1.92443549633]

rhythm:
    beats_loudness:
        dmean: 0.00173694686964
        dmean2: 0.00297453021631
        dvar: 2.62839989773e-006
        dvar2: 6.75300725561e-006
        max: 0.0129786236212
        mean: 0.00477652344853
        median: 0.00463233422488
        min: 1.44324133089e-007
        var: 8.34406637296e-006
    bpm: 116.991943359
    bpm_confidence: 0
    first_peak_bpm: 117
    first_peak_spread: 0.257080644369
    first_peak_weight: 0.708939731121
    onset_rate: 2.0459625721
    second_peak_bpm: 112
    second_peak_spread: 0.363636374474
    second_peak_weight: 0.029106028378
    beats_loudness_band_ratio:
        dmean: [0.122794993222, 0.143506750464, 0.117270335555, 0.0847380310297, 0.0924611464143, 0.0678301230073]
        dmean2: [0.221108436584, 0.260774940252, 0.204722508788, 0.147279307246, 0.159600242972, 0.121391505003]
        dvar: [0.0129269380122, 0.0174259766936, 0.0182790495455, 0.00806634314358, 0.00782407261431, 0.00576432095841]
        dvar2: [0.0335847809911, 0.0510987192392, 0.0557720325887, 0.0224638544023, 0.0223198346794, 0.0165480319411]
        max: [0.758244037628, 0.712302625179, 0.940034687519, 0.66698807478, 0.698098599911, 0.61278116703]
        mean: [0.170513957739, 0.163703709841, 0.200589895248, 0.134735420346, 0.22280266881, 0.169974923134]
        median: [0.14839014411, 0.125144705176, 0.129057019949, 0.101410783827, 0.216339498758, 0.169754683971]
        min: [0.002804154763, 0.00866101123393, 0.0261263940483, 0.00649507762864, 0.000884779146872, 5.8291858295e-005]
        var: [0.0169501323253, 0.0172440893948, 0.0285580232739, 0.0101877748966, 0.0176373254508, 0.0114692542702]
    beats_position: [0.568888902664, 1.11455774307, 1.67183673382, 2.22911548615, 2.76317453384, 3.27401351929, 3.78485250473, 4.3073015213, 4.82975053787, 5.34058952332, 5.85142850876, 6.3622674942, 6.87310647964, 7.38394546509, 7.89478445053, 8.40562343597, 8.91646194458, 9.42730140686, 9.94974994659, 10.47219944, 10.9830379486, 11.4938774109, 12.0047159195, 12.5271654129, 13.0496139526, 13.5604534149, 14.0712919235, 14.5821313858, 15.0929698944, 15.6038093567, 16.114648819, 16.6254863739, 17.1247158051, 17.6239452362, 18.1347846985, 18.6456241608, 19.1680717468, 19.6905212402, 20.2013607025, 20.7121982574, 21.2230377197, 21.733877182, 22.2447166443, 22.7555541992, 23.2663936615, 23.7772331238, 24.2880725861, 24.7989120483, 25.3213596344, 25.8438091278, 26.3546485901, 26.865486145, 27.3763256073, 27.8871650696, 28.3980045319, 28.9088420868, 29.4196815491, 29.9305210114, 30.4413604736, 30.9521980286, 31.4630374908, 31.9854869843, 32.4963264465, 33.0187759399, 33.5412254333, 34.0636711121, 34.5745124817, 35.0853500366, 35.60779953, 36.118637085, 36.6410865784, 37.151927948, 37.6627655029, 38.1736030579, 38.672832489, 39.1836738586, 39.6945114136, 40.216960907, 40.7394104004, 41.2502479553, 41.761089325, 42.2719268799, 42.771156311, 43.2936058044, 43.8160552979, 44.3385009766, 44.8493423462, 45.3485717773, 45.8478012085, 46.3702468872, 46.8810882568, 47.3919258118, 47.9027671814, 48.4136047363, 48.9128341675, 49.4236717224, 49.9461212158, 50.4685707092, 50.9910202026, 51.5018577576, 52.0126991272, 52.5235366821, 53.0343742371, 53.5452156067, 54.0560531616, 54.5668907166, 55.0777320862, 55.5885696411, 56.0994110107, 56.6218566895, 57.1443061829, 57.6551475525, 58.1659851074, 58.6768226624, 59.187664032, 59.6985015869, 60.2093429565, 60.7201805115, 61.2310180664, 61.741859436, 62.252696991, 62.7635345459, 63.2743759155, 63.7968254089, 64.3076629639, 64.8185043335, 65.3293380737, 65.8517913818, 66.3626327515, 66.8734664917, 67.3843078613, 67.895149231, 68.4175949097, 68.9284362793, 69.4392700195, 69.9617233276, 70.4725646973, 70.9833984375, 71.4942398071, 72.0050811768, 72.515914917, 73.0267562866, 73.5375976563, 74.0484313965, 74.5592727661, 75.0701141357, 75.580947876, 76.1034011841, 76.6258468628, 77.1366882324, 77.6475296021, 78.1583633423, 78.6692047119, 79.1800460815, 79.6908798218, 80.2017211914, 80.712562561, 81.2233963013, 81.7342376709, 82.2450790405, 82.7559204102, 83.2667541504, 83.77759552, 84.2884368896, 84.8108825684, 85.3333282471, 85.8441696167, 86.3550109863, 86.865852356, 87.3766860962, 87.8875274658, 88.3983688354, 88.9092025757, 89.4200439453, 89.9308853149, 90.4417190552, 90.9757843018, 91.4982299805, 92.0090713501, 92.5199050903, 93.03074646, 93.5531921387, 94.0640335083, 94.5748748779, 95.0857162476, 95.5965499878, 96.1073913574, 96.6182327271, 97.1290664673, 97.6399078369, 98.1507492065, 98.6615829468, 99.1724243164, 99.6948699951, 100.217323303, 100.728164673, 101.238998413, 101.738227844, 102.249069214, 102.771514893, 103.282356262, 103.793197632, 104.304031372, 104.814872742, 105.325714111, 105.836547852, 106.347389221, 106.869842529, 107.392288208, 107.903129578, 108.425575256, 108.924804688, 109.435646057, 109.946479797, 110.457321167, 110.968162537, 111.479003906, 112.001449585, 112.523895264, 113.023124695, 113.533966064, 114.033195496, 114.544036865, 115.066482544, 115.588935852, 116.099769592, 116.610610962, 117.121452332, 117.64389801, 118.15473938, 118.677185059, 119.188026428, 119.698867798, 120.209701538, 120.720542908, 121.231384277, 121.742218018, 122.253059387, 122.763900757, 123.274734497, 123.797187805, 124.319633484, 124.830474854, 125.341316223, 125.852149963, 126.362991333, 126.862220764, 127.373062134, 127.895507813, 128.406341553, 128.917190552, 129.428024292, 129.938858032, 130.449707031, 130.960540771, 131.471374512, 131.993835449, 132.516281128, 133.027114868, 133.537963867, 134.048797607, 134.559631348, 135.070480347, 135.581314087, 136.092147827, 136.614593506, 137.137054443, 137.647888184, 138.170333862, 138.669570923, 139.180404663, 139.691238403, 140.202087402, 140.712921143, 141.235366821, 141.757827759, 142.268661499, 142.779495239, 143.290344238, 143.801177979, 144.312011719, 144.822860718, 145.333694458, 145.844528198, 146.366973877, 146.889434814, 147.400268555, 147.911102295, 148.421951294, 148.944396973, 149.455230713, 149.966079712, 150.465301514, 150.976135254, 151.486984253, 151.997817993, 152.520263672, 153.042724609, 153.55355835, 154.06439209, 154.575241089, 155.086074829, 155.596908569, 156.107757568, 156.618591309, 157.129425049, 157.651885986, 158.162719727, 158.685165405, 159.195999146, 159.718460083, 160.229293823, 160.740127563, 161.239364624, 161.750198364, 162.261047363, 162.771881104, 163.282714844, 163.793563843, 164.304397583, 164.815231323, 165.326080322, 165.836914063, 166.347747803, 166.858596802, 167.369430542, 167.880264282, 168.40272522, 168.91355896, 169.436004639, 169.946838379, 170.457687378, 170.968521118, 171.479354858, 171.990203857, 172.512649536, 173.023483276, 173.534332275, 174.045166016, 174.555999756, 175.078460693, 175.589294434, 176.100128174, 176.610977173, 177.121810913, 177.632644653, 178.143493652, 178.654327393, 179.165161133, 179.676010132, 180.198455811, 180.720901489, 181.231735229, 181.742584229, 182.265029907, 182.775863647, 183.298324585, 183.809158325, 184.319992065, 184.830841064, 185.341674805, 185.852508545, 186.363357544, 186.874191284, 187.385025024, 187.895874023, 188.406707764, 188.917541504, 189.440002441, 189.96244812, 190.47328186, 190.984130859, 191.4949646, 192.00579834, 192.516647339, 193.039093018, 193.549926758, 194.049163818, 194.559997559, 195.070831299, 195.581680298, 196.092514038, 196.603347778, 197.125808716, 197.648254395, 198.159088135, 198.669921875, 199.180770874, 199.691604614, 200.202438354, 200.713287354, 201.224121094, 201.746566772, 202.257415771, 202.768249512, 203.279083252, 203.789932251, 204.31237793, 204.82321167, 205.334060669, 205.844894409, 206.355728149, 206.866577148, 207.389022827, 207.911468506, 208.422302246, 208.933151245, 209.443984985, 209.954818726, 210.465667725, 210.964889526, 211.475738525, 211.998184204, 212.509017944, 213.019866943, 213.530700684, 214.053146362, 214.575592041, 215.098052979, 215.620498657, 216.154556274, 216.688613892, 217.222671509, 217.768341064, 218.31401062, 218.848068237, 219.382125854, 219.916183472, 220.450241089, 220.984298706, 221.495147705, 222.029205322, 222.551651001, 223.062484741, 223.584945679, 224.107391357, 224.629837036, 225.175506592, 225.709564209, 226.232009888, 226.766067505, 227.311737061, 227.857406616, 228.391464233, 228.913925171, 229.43637085, 229.94720459, 230.45803833, 230.968887329, 231.479721069, 231.990570068, 232.501403809, 233.012237549, 233.523086548, 234.033920288, 234.544754028, 235.055603027, 235.578048706, 236.088882446, 236.599716187, 237.122177124, 237.633010864, 238.143844604, 238.654693604, 239.165527344, 239.676361084, 240.187210083, 240.698043823, 241.208877563, 241.731338501, 242.25378418, 242.76461792, 243.275466919, 243.786300659, 244.297134399, 244.807983398, 245.318817139, 245.829650879, 246.328887939, 246.83972168, 247.35055542, 247.861404419]
