
metadata:
    version:
        essentia: "2.1-beta2"
    audio_properties:
        analysis_sample_rate: 44100
        bitrate: 220
        channels: 2
        equal_loudness: 1
        length: 164.07510376
        replay_gain: -14.1142044067
        downmix: "mix"
    tags:
        album: "Innocence & Instinct"
        artist: "Red"
        comment: "."
        date: "2009"
        genre: "Hard Rock"
        title: "Confession (What's Inside My Head)"
        tracknumber: "6"

configuration:
    average_loudness:
        compute: 1
        frameSize: 88200
        hopSize: 44100
        silentFrames: "noise"
        windowType: "hann"
    general:
        analysisSampleRate: 44100
        endTime: 2000
        equalLoudness: 1
        nequalLoudness: 0
        shortSound: 0
        startTime: 0
    lowlevel:
        compute: 1
        frameSize: 2048
        hopSize: 1024
        zeroPadding: 0
        silentFrames: "noise"
        windowType: "blackmanharris62"
        mfccStats: ["mean", "cov", "icov"]
        stats: ["mean", "var", "median", "min", "max", "dmean", "dmean2", "dvar", "dvar2"]
    panning:
        compute: 0
        frameSize: 8192
        hopSize: 2048
        zeroPadding: 8192
        silentFrames: "noise"
        windowType: "hann"
        stats: ["copy"]
    rhythm:
        compute: 1
        maxTempo: 208
        minTempo: 40
        method: "degara"
        stats: ["mean", "var", "median", "min", "max", "dmean", "dmean2", "dvar", "dvar2"]
    segmentation:
        compute: 0
        cpw: 5
        inc1: 300
        inc2: 50
        minimumSegmentsLength: 10
        size1: 1000
        size2: 600
    sfx:
        compute: 1
        stats: ["mean", "var", "median", "min", "max", "dmean", "dmean2", "dvar", "dvar2"]
    svm:
        compute: 0
    tonal:
        compute: 1
        frameSize: 4096
        hopSize: 2048
        zeroPadding: 0
        silentFrames: "noise"
        windowType: "blackmanharris62"
        stats: ["mean", "var", "median", "min", "max", "dmean", "dmean2", "dvar", "dvar2"]

lowlevel:
    average_loudness: 0.917914748192
    barkbands_kurtosis:
        dmean: 0.587163925171
        dmean2: 0.950697779655
        dvar: 0.658970594406
        dvar2: 1.55803442001
        max: 16.4442443848
        mean: -0.663094997406
        median: -0.997436881065
        min: -1.87027871609
        var: 1.52170836926
    barkbands_skewness:
        dmean: 0.332089781761
        dmean2: 0.531527936459
        dvar: 0.0956899896264
        dvar2: 0.236646011472
        max: 1.97692525387
        mean: -0.435611248016
        median: -0.45336163044
        min: -3.01548814774
        var: 0.393899232149
    barkbands_spread:
        dmean: 5.53462171555
        dmean2: 8.79807281494
        dvar: 29.4013786316
        dvar2: 73.1075897217
        max: 73.5840759277
        mean: 31.8898143768
        median: 31.0424423218
        min: 3.16328811646
        var: 98.5277786255
    dissonance:
        dmean: 0.0100280987099
        dmean2: 0.0169238690287
        dvar: 0.000104321465187
        dvar2: 0.000293199584121
        max: 0.499998688698
        mean: 0.482799649239
        median: 0.4868709445
        min: 0.360625594854
        var: 0.000210502941627
    hfc:
        dmean: 2.16062092781
        dmean2: 3.55846071243
        dvar: 7.49345731735
        dvar2: 19.0662155151
        max: 41.6004142761
        mean: 9.61936283112
        median: 9.30659866333
        min: 1.21012592854e-016
        var: 38.1309585571
    pitch:
        dmean: 738.625793457
        dmean2: 1386.21606445
        dvar: 1176064.75
        dvar2: 3085641.75
        max: 4966.08007813
        mean: 1085.98461914
        median: 348.472961426
        min: 65.7626800537
        var: 1554098.75
    pitch_instantaneous_confidence:
        dmean: 0.0700274482369
        dmean2: 0.116517886519
        dvar: 0.00331583851948
        dvar2: 0.00879198126495
        max: 0.817312240601
        mean: 0.352617561817
        median: 0.32593742013
        min: 0.106220901012
        var: 0.0143041042611
    pitch_salience:
        dmean: 0.0535373352468
        dmean2: 0.0890924558043
        dvar: 0.0021668439731
        dvar2: 0.00584784150124
        max: 0.858087778091
        mean: 0.660282373428
        median: 0.66921544075
        min: 0.291824638844
        var: 0.00573285063729
    silence_rate_20dB:
        dmean: 0
        dmean2: 0
        dvar: 0
        dvar2: 0
        max: 1
        mean: 1
        median: 1
        min: 1
        var: 0
    silence_rate_30dB:
        dmean: 0
        dmean2: 0
        dvar: 0
        dvar2: 0
        max: 1
        mean: 1
        median: 1
        min: 1
        var: 0
    silence_rate_60dB:
        dmean: 0.0481109395623
        dmean2: 0.0962354913354
        dvar: 0.0457995720208
        dvar2: 0.101413689554
        max: 1
        mean: 0.322297692299
        median: 0
        min: 0
        var: 0.218421459198
    spectral_centroid:
        dmean: 237.533309937
        dmean2: 375.595031738
        dvar: 69130.84375
        dvar2: 138869.71875
        max: 11609.7763672
        mean: 1975.16369629
        median: 1984.0369873
        min: 559.940795898
        var: 241719.640625
    spectral_complexity:
        dmean: 3.44955420494
        dmean2: 5.65638256073
        dvar: 11.1135435104
        dvar2: 28.0203323364
        max: 44
        mean: 18.3264007568
        median: 20
        min: 0
        var: 98.5384979248
    spectral_crest:
        dmean: 1.59360706806
        dmean2: 2.68377995491
        dvar: 2.37658309937
        dvar2: 6.3867149353
        max: 20.0814971924
        mean: 5.99188613892
        median: 5.41654586792
        min: 2.44586181641
        var: 5.1555352211
    spectral_decrease:
        dmean: 2.40570979804e-010
        dmean2: 3.94744875676e-010
        dvar: 9.0767465656e-020
        dvar2: 2.37265229881e-019
        max: 1.75380281441e-029
        mean: -1.05163722175e-009
        median: -1.0370881931e-009
        min: -3.92196852772e-009
        var: 3.76534631087e-019
    spectral_energy:
        dmean: 0.00107545440551
        dmean2: 0.00176291645039
        dvar: 1.76379057848e-006
        dvar2: 4.59802686237e-006
        max: 0.0173071566969
        mean: 0.00484161777422
        median: 0.00480248173699
        min: 1.09099896371e-020
        var: 8.00326870376e-006
    spectral_energyband_high:
        dmean: 0.000167086574947
        dmean2: 0.000286391557893
        dvar: 7.00754867466e-008
        dvar2: 1.85190131674e-007
        max: 0.00450851023197
        mean: 0.000416093855165
        median: 0.000347514665918
        min: 7.83229857045e-021
        var: 1.42764989164e-007
    spectral_energyband_low:
        dmean: 0.000307571346639
        dmean2: 0.000505918986164
        dvar: 2.6763316896e-007
        dvar2: 6.87708222813e-007
        max: 0.00745291821659
        mean: 0.00051807629643
        median: 0.000246707902988
        min: 4.58545595999e-023
        var: 5.10261315867e-007
    spectral_energyband_middle_high:
        dmean: 0.000628210254945
        dmean2: 0.00101302517578
        dvar: 5.29729277332e-007
        dvar2: 1.31003537263e-006
        max: 0.0125097762793
        mean: 0.00293030054308
        median: 0.00274221925065
        min: 1.65080037009e-021
        var: 3.7754132336e-006
    spectral_energyband_middle_low:
        dmean: 0.000457443878986
        dmean2: 0.000747067737393
        dvar: 6.14588543613e-007
        dvar2: 1.64519599366e-006
        max: 0.00878396723419
        mean: 0.00111575971823
        median: 0.000911375042051
        min: 2.56176911794e-022
        var: 8.63443233357e-007
    spectral_flatness_db:
        dmean: 0.0113638443872
        dmean2: 0.017849791795
        dvar: 9.40715617617e-005
        dvar2: 0.000224755785894
        max: 0.270271450281
        mean: 0.133731737733
        median: 0.130333691835
        min: 0.0635126084089
        var: 0.000598474463914
    spectral_flux:
        dmean: 0.00628718035296
        dmean2: 0.00983864627779
        dvar: 4.56616908195e-005
        dvar2: 9.36665237532e-005
        max: 0.0974560007453
        mean: 0.040511213243
        median: 0.0416312664747
        min: 1.06926752175e-010
        var: 0.000259066204308
    spectral_kurtosis:
        dmean: 0.838633716106
        dmean2: 1.3944824934
        dvar: 0.661454021931
        dvar2: 1.83426618576
        max: 18.867351532
        mean: 3.36350250244
        median: 3.20946717262
        min: -1.19435071945
        var: 2.15744328499
    spectral_rms:
        dmean: 0.000228598073591
        dmean2: 0.000368967535906
        dvar: 6.29279668374e-008
        dvar2: 1.5785906271e-007
        max: 0.00410914001986
        mean: 0.00205554184504
        median: 0.00216456642374
        min: 3.26249791072e-012
        var: 4.98295776197e-007
    spectral_rolloff:
        dmean: 273.321380615
        dmean2: 449.741394043
        dvar: 126476.59375
        dvar2: 219636.515625
        max: 18884.6191406
        mean: 3474.38452148
        median: 3466.84570313
        min: 904.39453125
        var: 360460.8125
    spectral_skewness:
        dmean: 0.128495961428
        dmean2: 0.207399368286
        dvar: 0.0125378165394
        dvar2: 0.0308725852519
        max: 2.47767043114
        mean: 1.29878985882
        median: 1.28307557106
        min: -0.0410040318966
        var: 0.0599116533995
    spectral_spread:
        dmean: 377318.125
        dmean2: 532296.9375
        dvar: 431209807872
        dvar2: 504874631168
        max: 40891868
        mean: 4536263
        median: 4289284
        min: 1618900
        var: 1.69768517632e+012
    spectral_strongpeak:
        dmean: 0.49699601531
        dmean2: 0.862492322922
        dvar: 0.447484731674
        dvar2: 1.16394364834
        max: 7.68656587601
        mean: 0.752225041389
        median: 0.374970793724
        min: 3.66724584033e-009
        var: 0.784300744534
    zerocrossingrate:
        dmean: 0.00675751687959
        dmean2: 0.00826892443001
        dvar: 5.60310691071e-005
        dvar2: 5.7439909142e-005
        max: 0.51171875
        mean: 0.108155675232
        median: 0.1083984375
        min: 0.03955078125
        var: 0.000443676835857
    barkbands:
        dmean: [1.02660840184e-006, 8.33954618429e-005, 0.000216208951315, 8.70267685968e-005, 0.000242740105023, 8.71159354574e-005, 6.57547716401e-005, 0.000112421315862, 8.07897740742e-005, 8.38890991872e-005, 7.01802200638e-005, 7.26170183043e-005, 4.81318711536e-005, 7.99733315944e-005, 0.000104325081338, 0.000215744948946, 0.000213451814489, 0.000176827961695, 0.000200644979486, 0.000167909835, 6.75021656207e-005, 3.44635191141e-005, 9.11440565687e-006, 3.20225808537e-006, 1.27470320876e-006, 3.92337824451e-008, 3.97895910664e-010]
        dmean2: [1.78525613137e-006, 0.000147415921674, 0.000351418100763, 0.000145630954648, 0.000408325868193, 0.000143791985465, 0.000110725064587, 0.000180742907105, 0.000127390041598, 0.000129333609948, 0.000112778507173, 0.000118677038699, 7.79613183113e-005, 0.000127075240016, 0.000170316576259, 0.000360445701517, 0.000359225727152, 0.000294313096674, 0.000333923351718, 0.000292033568257, 0.00011364598322, 5.75570156798e-005, 1.39391931953e-005, 4.58965951111e-006, 1.78736866019e-006, 5.89613158297e-008, 6.51549536546e-010]
        dvar: [3.06932669385e-012, 3.13915826666e-008, 1.3670043586e-007, 1.65411648823e-008, 3.10252318059e-007, 2.15992308483e-008, 1.89780688942e-008, 3.2443118414e-008, 2.11636876912e-008, 2.46923512748e-008, 1.50217989159e-008, 1.74960934629e-008, 1.09642250834e-008, 2.61456811756e-008, 3.22087849725e-008, 1.05642833148e-007, 6.82900989091e-008, 6.56556764511e-008, 6.345806014e-008, 5.5656354192e-008, 8.84912587651e-009, 3.55652463035e-009, 3.7161493327e-010, 6.82098405536e-011, 1.62753022864e-011, 6.40187925051e-015, 4.4491579117e-019]
        dvar2: [8.7512471228e-012, 8.72632810456e-008, 3.40232901408e-007, 4.30644924165e-008, 8.40680684178e-007, 5.86503077216e-008, 4.99970873591e-008, 8.13463785221e-008, 4.78531596571e-008, 5.4077059275e-008, 3.44920429995e-008, 4.13489154028e-008, 2.76642033725e-008, 6.31774383919e-008, 7.75696733513e-008, 2.74403134881e-007, 1.8237022914e-007, 1.72769006213e-007, 1.68655233779e-007, 1.51762051814e-007, 2.3252960446e-008, 8.58100435153e-009, 7.73366259921e-010, 1.27877583522e-010, 2.94324911665e-011, 1.18747022713e-014, 1.09310759896e-018]
        max: [1.1147699297e-005, 0.00168111443054, 0.00549226440489, 0.00176188419573, 0.00609179772437, 0.00277828006074, 0.00220681307837, 0.00271902699023, 0.00285247317515, 0.00379144144244, 0.00335918087512, 0.00272777164355, 0.00308100506663, 0.00356260524131, 0.00409142160788, 0.00745707424358, 0.00438144057989, 0.00504587916657, 0.00455133849755, 0.00265520531684, 0.00247119157575, 0.00156875536777, 0.000360574398655, 0.000189562619198, 0.000106720159238, 2.13722682929e-006, 1.70508265285e-008]
        mean: [1.07585969999e-006, 8.05080417194e-005, 0.000349298788933, 0.000134306887048, 0.000314737204462, 0.000146827165736, 9.02379761101e-005, 0.00018064082542, 0.000150145337102, 0.00017968264001, 0.000128137762658, 0.000141717959195, 8.46085386002e-005, 0.000141836004332, 0.000208704601391, 0.00047188316239, 0.000498810433783, 0.000388081476558, 0.000527849886566, 0.000353292591171, 0.000165358724189, 7.32886692276e-005, 2.04456391657e-005, 7.31772342988e-006, 2.75568959296e-006, 8.00801771561e-008, 6.23255780319e-010]
        median: [1.96433319388e-007, 3.39457183145e-005, 0.000125607213704, 6.97605864843e-005, 0.000172196334461, 9.09720256459e-005, 4.22098528361e-005, 0.000100335179013, 6.89385851729e-005, 6.15704630036e-005, 6.60790828988e-005, 7.65206350479e-005, 4.20255382778e-005, 5.14097810083e-005, 0.000119247240946, 0.000362891354598, 0.000408362888265, 0.0002928810718, 0.000455747824162, 0.0002886877337, 0.000142722477904, 5.0391194236e-005, 1.11583176476e-005, 3.08822154693e-006, 1.0045507679e-006, 3.82432716606e-008, 3.45887429809e-010]
        min: [3.73353233071e-024, 2.40712890401e-023, 9.78362176278e-024, 3.69726563389e-024, 3.41528304347e-023, 2.33864599557e-023, 2.13235003361e-023, 3.91466765298e-023, 3.50082712003e-023, 1.26253098426e-022, 2.96722014672e-023, 8.22502919821e-023, 8.53098164278e-023, 4.88508047792e-023, 2.34448804699e-022, 1.73675579028e-022, 1.18654297937e-022, 1.96565091323e-022, 1.67498255404e-022, 3.36477549826e-022, 2.41835647729e-022, 4.926880892e-022, 7.06265578101e-022, 1.03838126986e-021, 8.85237846926e-022, 1.67503185469e-021, 2.37896396961e-021]
        var: [3.50507296798e-012, 2.34816930345e-008, 2.99832663586e-007, 3.25648130683e-008, 2.74490872698e-007, 3.23150111115e-008, 2.19304219229e-008, 5.57857191552e-008, 5.7066216641e-008, 9.73801235205e-008, 3.84527183428e-008, 5.38661772964e-008, 2.20899103454e-008, 6.34650021425e-008, 9.18700138186e-008, 3.16604683803e-007, 1.78313072752e-007, 1.30349619099e-007, 1.96022924115e-007, 9.52905949703e-008, 2.15721769337e-008, 9.16514064642e-009, 1.01764274785e-009, 2.20596263478e-010, 5.05239912407e-011, 2.24449229818e-014, 7.45235499881e-019]
    frequency_bands:
        dmean: [1.02660840184e-006, 8.33954618429e-005, 0.000216208951315, 8.70267685968e-005, 0.000242740105023, 8.71159354574e-005, 6.57547716401e-005, 0.000112421315862, 8.07897740742e-005, 8.38890991872e-005, 7.01802200638e-005, 7.26170183043e-005, 4.81318711536e-005, 7.99733315944e-005, 0.000104325081338, 0.000215744948946, 0.000213451814489, 0.000176827961695, 0.000200644979486, 0.000167909835, 6.75021656207e-005, 3.44635191141e-005, 9.11440565687e-006, 3.20225808537e-006, 1.27470320876e-006, 3.92337824451e-008, 3.97895910664e-010, 5.70225949792e-011]
        dmean2: [1.78525613137e-006, 0.000147415921674, 0.000351418100763, 0.000145630954648, 0.000408325868193, 0.000143791985465, 0.000110725064587, 0.000180742907105, 0.000127390041598, 0.000129333609948, 0.000112778507173, 0.000118677038699, 7.79613183113e-005, 0.000127075240016, 0.000170316576259, 0.000360445701517, 0.000359225727152, 0.000294313096674, 0.000333923351718, 0.000292033568257, 0.00011364598322, 5.75570156798e-005, 1.39391931953e-005, 4.58965951111e-006, 1.78736866019e-006, 5.89613158297e-008, 6.51549536546e-010, 1.05923915472e-010]
        dvar: [3.06932669385e-012, 3.13915826666e-008, 1.3670043586e-007, 1.65411648823e-008, 3.10252318059e-007, 2.15992308483e-008, 1.89780688942e-008, 3.2443118414e-008, 2.11636876912e-008, 2.46923512748e-008, 1.50217989159e-008, 1.74960934629e-008, 1.09642250834e-008, 2.61456811756e-008, 3.22087849725e-008, 1.05642833148e-007, 6.82900989091e-008, 6.56556764511e-008, 6.345806014e-008, 5.5656354192e-008, 8.84912587651e-009, 3.55652463035e-009, 3.7161493327e-010, 6.82098405536e-011, 1.62753022864e-011, 6.40187925051e-015, 4.4491579117e-019, 8.5294906578e-021]
        dvar2: [8.7512471228e-012, 8.72632810456e-008, 3.40232901408e-007, 4.30644924165e-008, 8.40680684178e-007, 5.86503077216e-008, 4.99970873591e-008, 8.13463785221e-008, 4.78531596571e-008, 5.4077059275e-008, 3.44920429995e-008, 4.13489154028e-008, 2.76642033725e-008, 6.31774383919e-008, 7.75696733513e-008, 2.74403134881e-007, 1.8237022914e-007, 1.72769006213e-007, 1.68655233779e-007, 1.51762051814e-007, 2.3252960446e-008, 8.58100435153e-009, 7.73366259921e-010, 1.27877583522e-010, 2.94324911665e-011, 1.18747022713e-014, 1.09310759896e-018, 2.7924211919e-020]
        max: [1.1147699297e-005, 0.00168111443054, 0.00549226440489, 0.00176188419573, 0.00609179772437, 0.00277828006074, 0.00220681307837, 0.00271902699023, 0.00285247317515, 0.00379144144244, 0.00335918087512, 0.00272777164355, 0.00308100506663, 0.00356260524131, 0.00409142160788, 0.00745707424358, 0.00438144057989, 0.00504587916657, 0.00455133849755, 0.00265520531684, 0.00247119157575, 0.00156875536777, 0.000360574398655, 0.000189562619198, 0.000106720159238, 2.13722682929e-006, 1.70508265285e-008, 1.49680201567e-009]
        mean: [1.07585969999e-006, 8.05080417194e-005, 0.000349298788933, 0.000134306887048, 0.000314737204462, 0.000146827165736, 9.02379761101e-005, 0.00018064082542, 0.000150145337102, 0.00017968264001, 0.000128137762658, 0.000141717959195, 8.46085386002e-005, 0.000141836004332, 0.000208704601391, 0.00047188316239, 0.000498810433783, 0.000388081476558, 0.000527849886566, 0.000353292591171, 0.000165358724189, 7.32886692276e-005, 2.04456391657e-005, 7.31772342988e-006, 2.75568959296e-006, 8.00801771561e-008, 6.23255780319e-010, 4.45873199473e-011]
        median: [1.96433319388e-007, 3.39457183145e-005, 0.000125607213704, 6.97605864843e-005, 0.000172196334461, 9.09720256459e-005, 4.22098528361e-005, 0.000100335179013, 6.89385851729e-005, 6.15704630036e-005, 6.60790828988e-005, 7.65206350479e-005, 4.20255382778e-005, 5.14097810083e-005, 0.000119247240946, 0.000362891354598, 0.000408362888265, 0.0002928810718, 0.000455747824162, 0.0002886877337, 0.000142722477904, 5.0391194236e-005, 1.11583176476e-005, 3.08822154693e-006, 1.0045507679e-006, 3.82432716606e-008, 3.45887429809e-010, 1.47343821172e-011]
        min: [3.73353233071e-024, 2.40712890401e-023, 9.78362176278e-024, 3.69726563389e-024, 3.41528304347e-023, 2.33864599557e-023, 2.13235003361e-023, 3.91466765298e-023, 3.50082712003e-023, 1.26253098426e-022, 2.96722014672e-023, 8.22502919821e-023, 8.53098164278e-023, 4.88508047792e-023, 2.34448804699e-022, 1.73675579028e-022, 1.18654297937e-022, 1.96565091323e-022, 1.67498255404e-022, 3.36477549826e-022, 2.41835647729e-022, 4.926880892e-022, 7.06265578101e-022, 1.03838126986e-021, 8.85237846926e-022, 1.67503185469e-021, 2.37896396961e-021, 7.7986269073e-022]
        var: [3.50507296798e-012, 2.34816930345e-008, 2.99832663586e-007, 3.25648130683e-008, 2.74490872698e-007, 3.23150111115e-008, 2.19304219229e-008, 5.57857191552e-008, 5.7066216641e-008, 9.73801235205e-008, 3.84527183428e-008, 5.38661772964e-008, 2.20899103454e-008, 6.34650021425e-008, 9.18700138186e-008, 3.16604683803e-007, 1.78313072752e-007, 1.30349619099e-007, 1.96022924115e-007, 9.52905949703e-008, 2.15721769337e-008, 9.16514064642e-009, 1.01764274785e-009, 2.20596263478e-010, 5.05239912407e-011, 2.24449229818e-014, 7.45235499881e-019, 6.47182920477e-021]
    mfcc:
        mean: [-696.836120605, 88.5481033325, -57.1764411926, 50.0600624084, -11.7663698196, -4.34537124634, -7.79770326614, 3.74606633186, -1.19985473156, -3.92890763283, -8.06030273438, -6.07895326614, -1.98431444168]
        cov: [[4446.43261719, 177.033706665, -42.8437690735, 345.503997803, 48.5125617981, 322.934692383, 138.159622192, 176.770217896, 166.202346802, 45.0507736206, -75.4060668945, 0.774576842785, 57.5246047974], [177.033706665, 639.580078125, -177.970474243, 91.3496322632, -17.57081604, 48.6489372253, 61.6349830627, 41.1129074097, 11.9516220093, 58.4417457581, 59.0849685669, 6.87694787979, 8.92956924438], [-42.8437690735, -177.970474243, 309.246704102, 44.6303367615, 95.9679641724, 26.679233551, 15.5943164825, 16.9195232391, 32.9149780273, -0.736076056957, -6.60244321823, 30.9686508179, 22.9005393982], [345.503997803, 91.3496322632, 44.6303367615, 316.631134033, 131.80569458, 97.3692016602, 55.4049110413, 63.7948989868, 99.3300704956, 0.192147478461, -7.09654426575, 36.0049438477, 61.5928993225], [48.5125617981, -17.57081604, 95.9679641724, 131.80569458, 192.04624939, 74.1540222168, 58.0632705688, 41.3311576843, 63.2841033936, 27.6020774841, 3.0694231987, 30.6089859009, 42.1210861206], [322.934692383, 48.6489372253, 26.679233551, 97.3692016602, 74.1540222168, 171.30682373, 103.077674866, 85.9014511108, 68.0417404175, 32.7809028625, 12.8163747787, 20.2006244659, 23.906293869], [138.159622192, 61.6349830627, 15.5943164825, 55.4049110413, 58.0632705688, 103.077674866, 158.830551147, 86.1248321533, 54.6812705994, 16.7272453308, 17.748796463, 31.8498058319, 22.7821063995], [176.770217896, 41.1129074097, 16.9195232391, 63.7948989868, 41.3311576843, 85.9014511108, 86.1248321533, 127.681282043, 74.1251068115, 28.8824386597, 13.613158226, 26.1769771576, 24.9819774628], [166.202346802, 11.9516220093, 32.9149780273, 99.3300704956, 63.2841033936, 68.0417404175, 54.6812705994, 74.1251068115, 118.990959167, 34.0044288635, 8.31436061859, 26.5876808167, 38.5659141541], [45.0507736206, 58.4417457581, -0.736076056957, 0.192147478461, 27.6020774841, 32.7809028625, 16.7272453308, 28.8824386597, 34.0044288635, 98.5642929077, 42.2590446472, 13.2312421799, 1.47161364555], [-75.4060668945, 59.0849685669, -6.60244321823, -7.09654426575, 3.0694231987, 12.8163747787, 17.748796463, 13.613158226, 8.31436061859, 42.2590446472, 66.7437515259, 21.3451061249, -2.75582790375], [0.774576842785, 6.87694787979, 30.9686508179, 36.0049438477, 30.6089859009, 20.2006244659, 31.8498058319, 26.1769771576, 26.5876808167, 13.2312421799, 21.3451061249, 63.0734901428, 40.5600547791], [57.5246047974, 8.92956924438, 22.9005393982, 61.5928993225, 42.1210861206, 23.906293869, 22.7821063995, 24.9819774628, 38.5659141541, 1.47161364555, -2.75582790375, 40.5600547791, 85.1044616699]]
        icov: [[0.000296734826406, -1.50131563714e-005, 2.69301472144e-005, -0.00028129175189, 0.000338576151989, -0.000548508833162, 6.96818897268e-005, -4.66480596515e-005, -1.98498291866e-005, -0.000279143598164, 0.000579630024731, 6.15672433923e-006, 8.54018708196e-006], [-1.50131563714e-005, 0.00247073778883, 0.001265579951, -0.00137395691127, 0.000621504383162, 0.000252186495345, -0.00104650994763, -0.000201310467673, 0.00119299406651, -0.00129497842863, -0.00159572192933, 0.000812579528429, -0.000591636751778], [2.69301472144e-005, 0.001265579951, 0.00477141793817, -3.7336259993e-005, -0.00205446616746, -0.000193220927031, 0.000315792683978, -0.000193759522517, -0.000100608856883, 0.000208138677408, -5.32501180714e-005, -0.00180909433402, 0.000538009102456], [-0.00028129175189, -0.00137395691127, -3.7336259993e-005, 0.00708474498242, -0.00376311223954, -0.00161038478836, 0.00198863609694, 0.000130097716465, -0.00398876704276, 0.00363614386879, 0.000153704502736, -0.0012880229624, -0.000675291696098], [0.000338576151989, 0.000621504383162, -0.00205446616746, -0.00376311223954, 0.0105973975733, -0.00150921754539, -0.00239640125073, 0.00170000561047, -0.000130798609462, -0.00371120497584, 0.00151143816765, 0.000334790151101, -0.00168350024614], [-0.000548508833162, 0.000252186495345, -0.000193220927031, -0.00161038478836, -0.00150921754539, 0.0136972209439, -0.00576976733282, -0.00317773781717, -0.000112674912089, -0.00201562955044, -0.000918823760003, 0.00246998271905, -0.000182545234566], [6.96818897268e-005, -0.00104650994763, 0.000315792683978, 0.00198863609694, -0.00239640125073, -0.00576976733282, 0.0140156140551, -0.00525930244476, -0.000817052088678, 0.00357589754276, -0.0010345550254, -0.00394850736484, 0.00129397155251], [-4.66480596515e-005, -0.000201310467673, -0.000193759522517, 0.000130097716465, 0.00170000561047, -0.00317773781717, -0.00525930244476, 0.017631303519, -0.00707454420626, -0.00115723360796, 0.000590024574194, -0.00159180548508, 0.000297859223792], [-1.98498291866e-005, 0.00119299406651, -0.000100608856883, -0.00398876704276, -0.000130798609462, -0.000112674912089, -0.000817052088678, -0.00707454420626, 0.019092367962, -0.0053838933818, 0.000767129298765, 0.000885774032213, -0.00376218394376], [-0.000279143598164, -0.00129497842863, 0.000208138677408, 0.00363614386879, -0.00371120497584, -0.00201562955044, 0.00357589754276, -0.00115723360796, -0.0053838933818, 0.0185929536819, -0.00999875832349, 8.40445136419e-005, 0.00117682723794], [0.000579630024731, -0.00159572192933, -5.32501180714e-005, 0.000153704502736, 0.00151143816765, -0.000918823760003, -0.0010345550254, 0.000590024574194, 0.000767129298765, -0.00999875832349, 0.0272275283933, -0.0108088441193, 0.00515085877851], [6.15672433923e-006, 0.000812579528429, -0.00180909433402, -0.0012880229624, 0.000334790151101, 0.00246998271905, -0.00394850736484, -0.00159180548508, 0.000885774032213, 8.40445136419e-005, -0.0108088441193, 0.0310860127211, -0.0135738831013], [8.54018708196e-006, -0.000591636751778, 0.000538009102456, -0.000675291696098, -0.00168350024614, -0.000182545234566, 0.00129397155251, 0.000297859223792, -0.00376218394376, 0.00117682723794, 0.00515085877851, -0.0135738831013, 0.0209217127413]]
    sccoeffs:
        dmean: [0.0568612851202, 0.045629221946, 0.035850211978, 0.03136761114, 0.0198603887111, 0.0160887539387]
        dmean2: [0.0935890674591, 0.0762074738741, 0.0597181841731, 0.0528511963785, 0.0336709357798, 0.0257808119059]
        dvar: [0.00223065284081, 0.00136777071748, 0.000776088854764, 0.0005928092869, 0.000235499275732, 0.00020554936782]
        dvar2: [0.00558583438396, 0.00371980411001, 0.00209902389906, 0.00164850940928, 0.000658677367028, 0.000488306279294]
        max: [-0.272854954004, -0.505838036537, -0.537996530533, -0.57209199667, -0.626421868801, -0.628012001514]
        mean: [-0.658343076706, -0.760933816433, -0.778504610062, -0.760076224804, -0.787871658802, -0.743797540665]
        median: [-0.665325164795, -0.765108346939, -0.784841418266, -0.761480212212, -0.788939058781, -0.739829778671]
        min: [-0.967818439007, -0.972591102123, -0.973017513752, -0.968630194664, -0.957533895969, -0.962440609932]
        var: [0.00771893467754, 0.00394865311682, 0.00328598497435, 0.00200663949363, 0.000714624882676, 0.00129100331105]
    scvalleys:
        dmean: [0.397458046675, 0.354032337666, 0.279501616955, 0.22876368463, 0.184592157602, 0.217770576477]
        dmean2: [0.648239910603, 0.590976953506, 0.465001016855, 0.374784618616, 0.300998359919, 0.308008402586]
        dvar: [0.141321435571, 0.128945752978, 0.0761394873261, 0.0620717145503, 0.0610953271389, 0.0802152007818]
        dvar2: [0.287390440702, 0.28457146883, 0.143868476152, 0.103138066828, 0.0902270302176, 0.122504599392]
        max: [-5.34094762802, -4.63068675995, -5.32914686203, -5.61210775375, -5.46465873718, -7.24875497818]
        mean: [-7.14914512634, -6.70443248749, -6.94819021225, -7.06859874725, -6.78815412521, -9.5082359314]
        median: [-6.72748422623, -6.62011528015, -6.81592607498, -6.93103122711, -6.54676437378, -9.34410476685]
        min: [-27.7290649414, -27.3890380859, -27.5276985168, -27.3682289124, -27.4327602386, -27.2454204559]
        var: [1.72245538235, 0.799308955669, 0.853472590446, 0.794189155102, 0.822561144829, 1.0460050106]

rhythm:
    beats_loudness:
        dmean: 0.00160376017448
        dmean2: 0.00261832866818
        dvar: 2.33151058637e-006
        dvar2: 6.31581724519e-006
        max: 0.0127316294238
        mean: 0.00513257738203
        median: 0.00512363482267
        min: 8.30411561736e-009
        var: 7.11198981662e-006
    bpm: 114.542915344
    bpm_confidence: 0
    first_peak_bpm: 115
    first_peak_spread: 0.272131174803
    first_peak_weight: 0.713826358318
    onset_rate: 2.12097978592
    second_peak_bpm: 110
    second_peak_spread: 0
    second_peak_weight: 0.0192926041782
    beats_loudness_band_ratio:
        dmean: [0.0810817405581, 0.1263461411, 0.0680905133486, 0.0670763030648, 0.125610813498, 0.0698460489511]
        dmean2: [0.14119900763, 0.216298028827, 0.117897070944, 0.122294455767, 0.221957623959, 0.121059320867]
        dvar: [0.00555915292352, 0.0115064838901, 0.00456020096317, 0.0049924980849, 0.0105310203508, 0.00422059651464]
        dvar2: [0.0154305240139, 0.0252738669515, 0.0113115115091, 0.0146615952253, 0.0324718616903, 0.0124804414809]
        max: [0.596313655376, 0.582956969738, 0.635353863239, 0.503239572048, 0.703544199467, 0.508544206619]
        mean: [0.156244084239, 0.153826385736, 0.113745361567, 0.106588207185, 0.330757111311, 0.203957185149]
        median: [0.140897125006, 0.10827767849, 0.0799539983273, 0.0758677273989, 0.31865170598, 0.194262564182]
        min: [0.00190995936282, 0.00502771325409, 0.00982360821217, 0.0124645819888, 0.0876710563898, 0.0404228009284]
        var: [0.00947779044509, 0.0158514883369, 0.00983715150505, 0.00684483442456, 0.0150397401303, 0.00603802409023]
    beats_position: [0.522448956966, 1.06811785698, 1.6137868166, 2.15945577621, 2.69351458549, 3.22757363319, 3.76163268089, 4.28408145905, 4.80653047562, 5.32897949219, 5.85142850876, 6.37387752533, 6.8963265419, 7.40716552734, 7.94122457504, 8.46367359161, 8.98612213135, 9.50857162476, 10.0310201645, 10.5418596268, 11.0643081665, 11.5867567062, 12.1208162308, 12.6432647705, 13.1657142639, 13.6881628036, 14.2106122971, 14.7330608368, 15.2555103302, 15.7779588699, 16.3004074097, 16.8228569031, 17.3453063965, 17.8793640137, 18.4018135071, 18.9242630005, 19.4467124939, 19.96916008, 20.4916095734, 21.0140590668, 21.5365066528, 22.0589561462, 22.5814056396, 23.1038551331, 23.6379127502, 24.1487522125, 24.6712017059, 25.1936511993, 25.7277088165, 26.2501583099, 26.7726078033, 27.2950553894, 27.8175048828, 28.3399543762, 28.8624038696, 29.3848514557, 29.9073009491, 30.4297504425, 30.9521980286, 31.474647522, 31.9970970154, 32.5079345703, 33.0419960022, 33.5644454956, 34.0868911743, 34.6093406677, 35.1317901611, 35.6658477783, 36.1882972717, 36.7107467651, 37.2331962585, 37.755645752, 38.2780952454, 38.8005447388, 39.334602356, 39.8570518494, 40.3795013428, 40.9019508362, 41.4243965149, 41.9468460083, 42.4692955017, 43.0033569336, 43.5141944885, 44.0366439819, 44.5474815369, 45.0699310303, 45.5923805237, 46.1148300171, 46.6488876343, 47.1829452515, 47.7053947449, 48.2278442383, 48.7619056702, 49.2843513489, 49.8068008423, 50.3176422119, 50.8284797668, 51.362537384, 51.8849868774, 52.4074363708, 52.9182739258, 53.4291152954, 53.9515647888, 54.4740142822, 55.0080718994, 55.5421295166, 56.0761909485, 56.5986366272, 57.1210861206, 57.6319274902, 58.1543769836, 58.6768226624, 59.2108840942, 59.7449417114, 60.2557830811, 60.7782287598, 61.3006782532, 61.8231277466, 62.3339653015, 62.8564147949, 63.3788642883, 63.9129257202, 64.4353713989, 64.957824707, 65.4802703857, 66.0143280029, 66.5483856201, 67.0708389282, 67.5932846069, 68.115737915, 68.6381835938, 69.1606369019, 69.6830825806, 70.2055282593, 70.7279815674, 71.2504272461, 71.7728805542, 72.2953262329, 72.817779541, 73.3402252197, 73.8510665894, 74.3735122681, 74.8959655762, 75.4184112549, 75.9408569336, 76.4633102417, 76.9857559204, 77.5198135376, 78.0422668457, 78.5763244629, 79.098777771, 79.6212234497, 80.1436691284, 80.6661224365, 81.1885681152, 81.7110214233, 82.2334671021, 82.7559204102, 83.2783660889, 83.8008117676, 84.3232650757, 84.8457107544, 85.3681640625, 85.8906097412, 86.4130630493, 86.935508728, 87.4695663452, 87.9920196533, 88.514465332, 89.0369110107, 89.5593643188, 90.093421936, 90.6158676147, 91.1383209229, 91.6491622925, 92.1599960327, 92.6708374023, 93.2048950195, 93.7389526367, 94.2614059448, 94.7838516235, 95.3063049316, 95.8287506104, 96.3628082275, 96.8852615356, 97.4077072144, 97.9301605225, 98.4526062012, 98.9750518799, 99.497505188, 100.008346558, 100.530792236, 101.053237915, 101.587303162, 102.10974884, 102.632194519, 103.154647827, 103.677093506, 104.199546814, 104.721992493, 105.244445801, 105.766891479, 106.300949097, 106.823402405, 107.345848083, 107.879905701, 108.413963318, 108.924804688, 109.447257996, 109.969703674, 110.492149353, 111.014602661, 111.53704834, 112.059501648, 112.581947327, 113.104400635, 113.626846313, 114.149291992, 114.6717453, 115.194190979, 115.716644287, 116.250701904, 116.773147583, 117.3072052, 117.829658508, 118.352104187, 118.874557495, 119.397003174, 119.919456482, 120.441902161, 120.95274353, 121.463577271, 121.997642517, 122.531700134, 123.065757751, 123.576599121, 124.0990448, 124.621498108, 125.143943787, 125.666389465, 126.188842773, 126.711288452, 127.222129822, 127.7445755, 128.278640747, 128.801086426, 129.323532104, 129.845977783, 130.368438721, 130.890884399, 131.424942017, 131.947387695, 132.469833374, 132.992294312, 133.51473999, 134.037185669, 134.559631348, 135.093688965, 135.604537964, 136.115371704, 136.649429321, 137.183486938, 137.705932617, 138.228393555, 138.750839233, 139.273284912, 139.795730591, 140.31817627, 140.840637207, 141.363082886, 141.873916626, 142.407974243, 142.930435181, 143.452880859, 143.975326538, 144.497772217, 145.020217896, 145.542678833, 146.065124512, 146.58757019, 147.098403931, 147.632461548, 148.154922485, 148.677368164, 149.211425781, 149.73387146, 150.244720459, 150.767166138, 151.301223755, 151.823669434, 152.346115112, 152.86857605, 153.391021729, 153.925079346, 154.447525024, 154.969970703, 155.492416382, 156.014877319, 156.537322998, 157.059768677, 157.593826294, 158.127883911, 158.673553467, 159.219223022, 159.75328064, 160.298950195, 160.821395874, 161.343856812, 161.86630249, 162.388748169, 162.922805786, 163.456863403]
    bpm_estimates: [109.956787109, 109.95677948, 109.95677948, 112.347175598, 112.347129822, 112.347129822, 114.843795776, 114.843742371, 114.843742371, 114.843742371, 114.843742371, 114.843742371, 117.453842163, 112.347129822, 114.843742371, 114.843849182, 114.843635559, 114.843849182, 117.453727722, 114.843849182, 114.843849182, 112.34703064, 114.843849182, 114.843635559, 114.843849182, 114.843635559, 114.843849182, 114.843635559, 114.843849182, 114.843849182, 114.843635559, 114.843635559, 112.347427368, 114.843635559, 114.843635559, 114.843635559, 114.844055176, 114.843635559, 114.843635559, 114.844055176, 114.843635559, 114.843635559, 114.843635559, 112.347427368, 117.453727722, 114.843635559, 114.843635559, 112.347427368, 114.843635559, 114.843635559, 114.844055176, 114.843635559, 114.843635559, 114.843635559, 114.844055176, 114.843635559, 114.843635559, 114.844055176, 114.843635559, 114.843635559, 117.454170227, 112.346626282, 114.843635559, 114.844474792, 114.843635559, 114.843635559, 112.347427368, 114.843635559, 114.843635559, 114.843635559, 114.843635559, 114.843635559, 114.843635559, 112.347427368, 114.843635559, 114.843635559, 114.843635559, 114.844474792, 114.843635559, 114.843635559, 112.346626282, 117.454170227, 114.843635559, 117.454170227, 114.843635559, 114.843635559, 114.843635559, 112.347427368, 112.347427368, 114.843635559, 114.843635559, 112.346626282, 114.844474792, 114.843635559, 117.453292847, 117.454170227, 112.347427368, 114.843635559, 114.843635559, 117.454170227, 117.453292847, 114.843635559, 114.843635559, 112.347427368, 112.347427368, 112.346626282, 114.844474792, 114.843635559, 117.453292847, 114.843635559, 114.844474792, 112.346626282, 112.347427368, 117.453292847, 114.844474792, 114.843635559, 114.843635559, 117.454170227, 114.843635559, 114.843635559, 112.346626282, 114.844474792, 114.842796326, 114.844474792, 112.347427368, 112.347427368, 114.842796326, 114.844474792, 114.842796326, 114.844474792, 114.842796326, 114.844474792, 114.844474792, 114.842796326, 114.844474792, 114.842796326, 114.844474792, 114.842796326, 114.844474792, 117.453292847, 114.844474792, 114.842796326, 114.844474792, 114.844474792, 114.842796326, 114.844474792, 112.347427368, 114.842796326, 112.347427368, 114.842796326, 114.844474792, 114.844474792, 114.842796326, 114.844474792, 114.842796326, 114.844474792, 114.842796326, 114.844474792, 114.844474792, 114.842796326, 114.844474792, 114.842796326, 114.844474792, 114.842796326, 114.844474792, 112.347427368, 114.842796326, 114.844474792, 114.844474792, 114.842796326, 112.347427368, 114.844474792, 114.842796326, 117.453292847, 117.455047607, 117.453292847, 112.347427368, 112.347427368, 114.842796326, 114.844474792, 114.842796326, 114.844474792, 112.347427368, 114.842796326, 114.844474792, 114.842796326, 114.844474792, 114.844474792, 114.842796326, 117.453292847, 114.844474792, 114.844474792, 112.345825195, 114.844474792, 114.844474792, 114.842796326, 114.844474792, 114.842796326, 114.844474792, 114.842796326, 114.844474792, 112.347427368, 114.842796326, 114.844474792, 112.347427368, 112.347427368, 117.453292847, 114.842796326, 114.844474792, 114.844474792, 114.842796326, 114.844474792, 114.842796326, 114.844474792, 114.842796326, 114.844474792, 114.844474792, 114.842796326, 114.844474792, 114.842796326, 112.347427368, 114.844474792, 112.347427368, 114.842796326, 114.844474792, 114.842796326, 114.844474792, 114.842796326, 114.844474792, 117.453292847, 117.455047607, 112.345825195, 112.347427368, 112.347427368, 117.453292847, 114.844474792, 114.842796326, 114.844474792, 114.844474792, 114.842796326, 114.844474792, 117.453292847, 114.844474792, 112.345825195, 114.844474792, 114.844474792, 114.844474792, 114.841117859, 114.844474792, 112.347427368, 114.844474792, 114.844474792, 114.841117859, 114.844474792, 114.844474792, 114.844474792, 112.347427368, 117.451538086, 117.455047607, 112.347427368, 112.347427368, 114.844474792, 114.841117859, 114.844474792, 114.844474792, 114.844474792, 114.844474792, 114.841117859, 114.844474792, 117.455047607, 112.347427368, 114.841117859, 114.844474792, 114.844474792, 114.844474792, 114.844474792, 114.841117859, 114.844474792, 114.844474792, 117.455047607, 112.347427368, 114.841117859, 114.844474792, 112.347427368, 114.844474792, 117.451538086, 114.844474792, 112.347427368, 114.844474792, 114.844474792, 114.841117859, 114.844474792, 112.347427368, 114.844474792, 114.844474792, 114.844474792, 114.841117859, 114.844474792, 114.844474792, 112.347427368, 112.347427368, 109.95665741, 109.95665741, 112.347427368, 109.95665741, 114.844474792, 114.841117859, 114.844474792, 114.844474792, 112.347427368, 112.347427368]
