
metadata:
    version:
        essentia: "2.1-beta2"
    audio_properties:
        analysis_sample_rate: 44100
        bitrate: 216
        channels: 2
        equal_loudness: 1
        length: 200.960006714
        replay_gain: -14.4890651703
        downmix: "mix"
    tags:
        album: "Innocence & Instinct"
        artist: "Red"
        comment: "."
        date: "2009"
        genre: "Hard Rock"
        title: "Shadows"
        tracknumber: "7"

configuration:
    average_loudness:
        compute: 1
        frameSize: 88200
        hopSize: 44100
        silentFrames: "noise"
        windowType: "hann"
    general:
        analysisSampleRate: 44100
        endTime: 2000
        equalLoudness: 1
        nequalLoudness: 0
        shortSound: 0
        startTime: 0
    lowlevel:
        compute: 1
        frameSize: 2048
        hopSize: 1024
        zeroPadding: 0
        silentFrames: "noise"
        windowType: "blackmanharris62"
        mfccStats: ["mean", "cov", "icov"]
        stats: ["mean", "var", "median", "min", "max", "dmean", "dmean2", "dvar", "dvar2"]
    panning:
        compute: 0
        frameSize: 8192
        hopSize: 2048
        zeroPadding: 8192
        silentFrames: "noise"
        windowType: "hann"
        stats: ["copy"]
    rhythm:
        compute: 1
        maxTempo: 208
        minTempo: 40
        method: "degara"
        stats: ["mean", "var", "median", "min", "max", "dmean", "dmean2", "dvar", "dvar2"]
    segmentation:
        compute: 0
        cpw: 5
        inc1: 300
        inc2: 50
        minimumSegmentsLength: 10
        size1: 1000
        size2: 600
    sfx:
        compute: 1
        stats: ["mean", "var", "median", "min", "max", "dmean", "dmean2", "dvar", "dvar2"]
    svm:
        compute: 0
    tonal:
        compute: 1
        frameSize: 4096
        hopSize: 2048
        zeroPadding: 0
        silentFrames: "noise"
        windowType: "blackmanharris62"
        stats: ["mean", "var", "median", "min", "max", "dmean", "dmean2", "dvar", "dvar2"]

lowlevel:
    average_loudness: 0.922784209251
    barkbands_kurtosis:
        dmean: 0.540588915348
        dmean2: 0.886452198029
        dvar: 0.539097368717
        dvar2: 1.38799858093
        max: 13.1561183929
        mean: -0.614347934723
        median: -0.945466160774
        min: -1.89288401604
        var: 1.33479988575
    barkbands_skewness:
        dmean: 0.31714874506
        dmean2: 0.508789300919
        dvar: 0.0899258479476
        dvar2: 0.23047734797
        max: 3.43360567093
        mean: -0.0106122456491
        median: -0.131807774305
        min: -2.51173329353
        var: 0.533080756664
    barkbands_spread:
        dmean: 4.71882867813
        dmean2: 7.48446989059
        dvar: 22.738910675
        dvar2: 56.1774482727
        max: 78.5280838013
        mean: 30.1272258759
        median: 29.8651504517
        min: 5.10307312012
        var: 102.080215454
    dissonance:
        dmean: 0.0127719566226
        dmean2: 0.021691981703
        dvar: 0.000190331789781
        dvar2: 0.000525429029949
        max: 0.500000059605
        mean: 0.477559775114
        median: 0.4833086133
        min: 0.254347532988
        var: 0.000410725420807
    hfc:
        dmean: 2.02866411209
        dmean2: 3.35965371132
        dvar: 7.98491287231
        dvar2: 21.1048717499
        max: 36.5787010193
        mean: 8.5226688385
        median: 7.62338638306
        min: 1.19835164118e-016
        var: 36.5888137817
    pitch:
        dmean: 653.373840332
        dmean2: 1245.69189453
        dvar: 1279588
        dvar2: 3327505.75
        max: 5496.9375
        mean: 806.716003418
        median: 274.069335938
        min: 62.1375236511
        var: 1337600.125
    pitch_instantaneous_confidence:
        dmean: 0.0726108923554
        dmean2: 0.118923328817
        dvar: 0.00402227323502
        dvar2: 0.00983148999512
        max: 0.837642550468
        mean: 0.35455429554
        median: 0.323109954596
        min: 0.108493089676
        var: 0.0176776815206
    pitch_salience:
        dmean: 0.0552538894117
        dmean2: 0.0929597169161
        dvar: 0.00241349078715
        dvar2: 0.00670691952109
        max: 0.904373824596
        mean: 0.660449326038
        median: 0.669768810272
        min: 0.302952826023
        var: 0.00547243468463
    silence_rate_20dB:
        dmean: 0
        dmean2: 0
        dvar: 0
        dvar2: 0
        max: 1
        mean: 1
        median: 1
        min: 1
        var: 0
    silence_rate_30dB:
        dmean: 0
        dmean2: 0
        dvar: 0
        dvar2: 0
        max: 1
        mean: 1
        median: 1
        min: 1
        var: 0
    silence_rate_60dB:
        dmean: 0.0580011568964
        dmean2: 0.116015717387
        dvar: 0.0546312257648
        dvar2: 0.124061144888
        max: 1
        mean: 0.284658044577
        median: 0
        min: 0
        var: 0.203644916415
    spectral_centroid:
        dmean: 219.624740601
        dmean2: 355.472320557
        dvar: 58714.9609375
        dvar2: 132884.71875
        max: 11020.8300781
        mean: 1672.57873535
        median: 1737.31604004
        min: 330.360107422
        var: 328526.71875
    spectral_complexity:
        dmean: 3.37377238274
        dmean2: 5.5424079895
        dvar: 12.0331068039
        dvar2: 30.5312671661
        max: 46
        mean: 17.6223430634
        median: 18
        min: 0
        var: 93.3474884033
    spectral_crest:
        dmean: 1.68216216564
        dmean2: 2.80476593971
        dvar: 2.76375341415
        dvar2: 7.50239706039
        max: 19.3987789154
        mean: 6.05652141571
        median: 5.43507289886
        min: 2.19562721252
        var: 5.83044433594
    spectral_decrease:
        dmean: 2.44377046377e-010
        dmean2: 4.05316974428e-010
        dvar: 1.17528277124e-019
        dvar2: 3.15348443068e-019
        max: -2.66918753686e-029
        mean: -1.06734876493e-009
        median: -1.01441055556e-009
        min: -5.30194954607e-009
        var: 3.66074234308e-019
    spectral_energy:
        dmean: 0.0010780893499
        dmean2: 0.00178916112054
        dvar: 2.23837128033e-006
        dvar2: 5.99303029958e-006
        max: 0.0229892153293
        mean: 0.00480144796893
        median: 0.00456258375198
        min: 1.0970150063e-020
        var: 7.67944402469e-006
    spectral_energyband_high:
        dmean: 0.000154282635776
        dmean2: 0.000262887391727
        dvar: 7.92461634092e-008
        dvar2: 2.11832755781e-007
        max: 0.00357247423381
        mean: 0.000390402186895
        median: 0.000306880450808
        min: 7.7685281151e-021
        var: 1.5225910488e-007
    spectral_energyband_low:
        dmean: 0.000218583401875
        dmean2: 0.000364591745893
        dvar: 1.24548748204e-007
        dvar2: 3.3574929148e-007
        max: 0.00473486818373
        mean: 0.000392538815504
        median: 0.000252667989116
        min: 6.5501052092e-023
        var: 2.06846280548e-007
    spectral_energyband_middle_high:
        dmean: 0.000592174008489
        dmean2: 0.000957354262937
        dvar: 4.47359468581e-007
        dvar2: 1.12964187338e-006
        max: 0.0107719497755
        mean: 0.00255356100388
        median: 0.00228674849495
        min: 1.87551672643e-021
        var: 3.23845642924e-006
    spectral_energyband_middle_low:
        dmean: 0.000586857902817
        dmean2: 0.000968527921941
        dvar: 9.80526010608e-007
        dvar2: 2.64344043899e-006
        max: 0.013908509165
        mean: 0.0015782964183
        median: 0.00129134091549
        min: 2.7041846384e-022
        var: 1.54412498432e-006
    spectral_flatness_db:
        dmean: 0.0114354174584
        dmean2: 0.017899081111
        dvar: 0.000112808273116
        dvar2: 0.000253065634752
        max: 0.291119635105
        mean: 0.128640219569
        median: 0.119086131454
        min: 0.0486453436315
        var: 0.00124114309438
    spectral_flux:
        dmean: 0.00660086376593
        dmean2: 0.0103542692959
        dvar: 5.84010849707e-005
        dvar2: 0.000118700249004
        max: 0.108542017639
        mean: 0.0389100946486
        median: 0.0394404157996
        min: 1.04738481777e-010
        var: 0.000262112182099
    spectral_kurtosis:
        dmean: 1.12939214706
        dmean2: 1.88392353058
        dvar: 2.48404049873
        dvar2: 7.1882724762
        max: 36.4927330017
        mean: 4.40899181366
        median: 3.61749076843
        min: -1.22837591171
        var: 9.71279525757
    spectral_rms:
        dmean: 0.000231777099543
        dmean2: 0.000378006050596
        dvar: 7.47449959704e-008
        dvar2: 1.91506799752e-007
        max: 0.00473587401211
        mean: 0.0020486630965
        median: 0.00210981070995
        min: 3.27148074256e-012
        var: 4.87334375521e-007
    spectral_rolloff:
        dmean: 355.721435547
        dmean2: 587.533325195
        dvar: 223117.578125
        dvar2: 508487.28125
        max: 18669.2871094
        mean: 3083.96630859
        median: 3337.64648438
        min: 236.865234375
        var: 881755.0625
    spectral_skewness:
        dmean: 0.169061362743
        dmean2: 0.275234878063
        dvar: 0.040079664439
        dvar2: 0.108597017825
        max: 4.14270734787
        mean: 1.50621163845
        median: 1.42461621761
        min: -0.024994045496
        var: 0.163560017943
    spectral_spread:
        dmean: 405627.96875
        dmean2: 584751.3125
        dvar: 385832943616
        dvar2: 558487568384
        max: 40466224
        mean: 4673499.5
        median: 4597688.5
        min: 1397207.625
        var: 2.30673350656e+012
    spectral_strongpeak:
        dmean: 0.428823590279
        dmean2: 0.733623027802
        dvar: 0.353193789721
        dvar2: 0.93347632885
        max: 6.61120080948
        mean: 0.704074263573
        median: 0.386076033115
        min: 4.2506278497e-009
        var: 0.667975127697
    zerocrossingrate:
        dmean: 0.00675091845915
        dmean2: 0.00818037521094
        dvar: 6.15858298261e-005
        dvar2: 7.24813580746e-005
        max: 0.501953125
        mean: 0.0944032222033
        median: 0.09765625
        min: 0.025390625
        var: 0.000722434429917
    barkbands:
        dmean: [9.62347257882e-007, 7.49266619096e-005, 0.00012799873366, 0.00012661969231, 0.00028084332007, 0.000128455227241, 0.000126069382532, 0.000114282374852, 0.000158041613759, 8.23731679702e-005, 6.87615247443e-005, 9.66267762124e-005, 7.47330414015e-005, 9.75419970928e-005, 9.85572696663e-005, 0.000150435342221, 0.00017010740703, 0.000140746342367, 0.000178140209755, 0.000163694552612, 6.47913620924e-005, 2.71538192465e-005, 8.31606848806e-006, 3.2125733469e-006, 1.41617306326e-006, 5.29858752429e-008, 1.1113076015e-009]
        dmean2: [1.64667289937e-006, 0.000128585394123, 0.000212325292523, 0.000215596606722, 0.000475504988572, 0.000210586455069, 0.000206173397601, 0.000188669408089, 0.000241011672188, 0.000130570799229, 0.000109703702037, 0.000154290886712, 0.000115760441986, 0.000151631538756, 0.000160353331012, 0.000252178375376, 0.000289275776595, 0.000237974250922, 0.000299315754091, 0.000278829887975, 0.000111130866571, 4.60039627797e-005, 1.30220842038e-005, 4.8164583859e-006, 2.04554453376e-006, 7.94033780949e-008, 1.71187686249e-009]
        dvar: [2.96358835909e-012, 2.40346729186e-008, 4.87707225716e-008, 3.5868186643e-008, 4.93293669024e-007, 5.86701069949e-008, 4.75282462276e-008, 5.54029035982e-008, 8.00066999318e-008, 3.94262471559e-008, 1.61109632302e-008, 3.05280245527e-008, 2.27454961532e-008, 4.59772486749e-008, 3.19400861315e-008, 4.28760955629e-008, 5.62144393257e-008, 3.25837383741e-008, 5.97111267098e-008, 5.89821773644e-008, 1.35686173408e-008, 2.62607313672e-009, 7.71726071935e-010, 6.47518427765e-011, 2.27662489555e-011, 1.7138408951e-014, 4.55322436719e-018]
        dvar2: [8.42773420495e-012, 6.57588898889e-008, 1.28063064153e-007, 9.90649837718e-008, 1.37180165893e-006, 1.50300451196e-007, 1.18509980496e-007, 1.39771870522e-007, 1.81380869435e-007, 9.28394641164e-008, 3.79743880785e-008, 7.21474577858e-008, 4.93199827645e-008, 1.05203945111e-007, 7.62854028835e-008, 1.12517106743e-007, 1.56887850267e-007, 8.75157155633e-008, 1.61337240456e-007, 1.57344985041e-007, 3.6732426878e-008, 6.7989773811e-009, 1.77360737208e-009, 1.33007008185e-010, 4.57978932555e-011, 3.5135875329e-014, 1.07197255528e-017]
        max: [2.24314298976e-005, 0.00163125293329, 0.00360948080197, 0.00355928763747, 0.0106758596376, 0.00477544358, 0.00363386538811, 0.00388846197166, 0.00625986419618, 0.0044402172789, 0.00264432700351, 0.00419506523758, 0.00414495263249, 0.00411714287475, 0.00525223091245, 0.00394300045446, 0.00506337685511, 0.00263445894234, 0.00465360376984, 0.00335089000873, 0.00245511275716, 0.000859590596519, 0.00114451837726, 0.000187903613551, 0.000119039119454, 3.02907392324e-006, 4.17304555356e-008]
        mean: [1.39366068197e-006, 9.45868087001e-005, 0.000205544827622, 0.000189989863429, 0.000404732505558, 0.000221782407607, 0.000217509033973, 0.000171986263013, 0.000341626233421, 0.000142408680404, 0.000130679545691, 0.00017935266078, 0.000129997584736, 0.000168940750882, 0.000186420016689, 0.000324316322803, 0.000383891077945, 0.000313629978336, 0.000422417040681, 0.000333466072334, 0.000144767938764, 6.1754930357e-005, 1.91973940673e-005, 7.74287400418e-006, 3.20434605783e-006, 1.13377694788e-007, 1.65004065966e-009]
        median: [8.03019361229e-007, 5.70837910345e-005, 9.92993300315e-005, 0.000118860727525, 0.00024419350666, 0.000124301965116, 0.000106988511106, 7.70295300754e-005, 0.000161281495821, 4.75645283586e-005, 7.31999025447e-005, 0.000101212222944, 5.8685640397e-005, 5.56227678317e-005, 0.000105078230263, 0.000269726646366, 0.000302006723359, 0.000238061547861, 0.000336689816322, 0.000256588391494, 0.000108020671178, 4.28934436059e-005, 8.62965134729e-006, 3.37353003488e-006, 1.45686976794e-006, 5.0755957659e-008, 8.16093193023e-010]
        min: [1.96739385407e-023, 4.07988005454e-023, 7.93645109953e-024, 1.92330473362e-023, 4.77059877454e-023, 7.92951496113e-023, 3.33191874736e-023, 5.88388819337e-023, 3.00570583039e-023, 4.15207187142e-023, 1.47428788316e-022, 6.00776523013e-023, 1.16835575965e-022, 1.49385554636e-022, 1.22048671749e-022, 2.13092408864e-022, 2.53881768322e-022, 2.2455010233e-022, 3.37492719148e-022, 2.93353616472e-022, 4.47317454745e-022, 6.47441596172e-022, 5.52798785307e-022, 7.22186633947e-022, 1.30059459578e-021, 1.86901318042e-021, 2.40266907573e-021]
        var: [3.72315850025e-012, 2.02766372581e-008, 9.81088419394e-008, 5.5325230619e-008, 4.38667598246e-007, 1.12786793238e-007, 9.36454114253e-008, 8.70472121051e-008, 2.5746012966e-007, 8.71499636901e-008, 3.95331980485e-008, 6.82377105932e-008, 4.66906477925e-008, 1.16077600865e-007, 9.68493409914e-008, 1.07703002072e-007, 1.51871816456e-007, 8.95099958598e-008, 1.64447541806e-007, 1.04534748857e-007, 2.40353568159e-008, 5.51943957205e-009, 1.35471445173e-009, 1.76737999236e-010, 5.13187443929e-011, 4.30458078036e-014, 6.47316268131e-018]
    frequency_bands:
        dmean: [9.62347257882e-007, 7.49266619096e-005, 0.00012799873366, 0.00012661969231, 0.00028084332007, 0.000128455227241, 0.000126069382532, 0.000114282374852, 0.000158041613759, 8.23731679702e-005, 6.87615247443e-005, 9.66267762124e-005, 7.47330414015e-005, 9.75419970928e-005, 9.85572696663e-005, 0.000150435342221, 0.00017010740703, 0.000140746342367, 0.000178140209755, 0.000163694552612, 6.47913620924e-005, 2.71538192465e-005, 8.31606848806e-006, 3.2125733469e-006, 1.41617306326e-006, 5.29858752429e-008, 1.1113076015e-009, 5.56174342692e-011]
        dmean2: [1.64667289937e-006, 0.000128585394123, 0.000212325292523, 0.000215596606722, 0.000475504988572, 0.000210586455069, 0.000206173397601, 0.000188669408089, 0.000241011672188, 0.000130570799229, 0.000109703702037, 0.000154290886712, 0.000115760441986, 0.000151631538756, 0.000160353331012, 0.000252178375376, 0.000289275776595, 0.000237974250922, 0.000299315754091, 0.000278829887975, 0.000111130866571, 4.60039627797e-005, 1.30220842038e-005, 4.8164583859e-006, 2.04554453376e-006, 7.94033780949e-008, 1.71187686249e-009, 1.02987340878e-010]
        dvar: [2.96358835909e-012, 2.40346729186e-008, 4.87707225716e-008, 3.5868186643e-008, 4.93293669024e-007, 5.86701069949e-008, 4.75282462276e-008, 5.54029035982e-008, 8.00066999318e-008, 3.94262471559e-008, 1.61109632302e-008, 3.05280245527e-008, 2.27454961532e-008, 4.59772486749e-008, 3.19400861315e-008, 4.28760955629e-008, 5.62144393257e-008, 3.25837383741e-008, 5.97111267098e-008, 5.89821773644e-008, 1.35686173408e-008, 2.62607313672e-009, 7.71726071935e-010, 6.47518427765e-011, 2.27662489555e-011, 1.7138408951e-014, 4.55322436719e-018, 6.3224859457e-021]
        dvar2: [8.42773420495e-012, 6.57588898889e-008, 1.28063064153e-007, 9.90649837718e-008, 1.37180165893e-006, 1.50300451196e-007, 1.18509980496e-007, 1.39771870522e-007, 1.81380869435e-007, 9.28394641164e-008, 3.79743880785e-008, 7.21474577858e-008, 4.93199827645e-008, 1.05203945111e-007, 7.62854028835e-008, 1.12517106743e-007, 1.56887850267e-007, 8.75157155633e-008, 1.61337240456e-007, 1.57344985041e-007, 3.6732426878e-008, 6.7989773811e-009, 1.77360737208e-009, 1.33007008185e-010, 4.57978932555e-011, 3.5135875329e-014, 1.07197255528e-017, 2.00505785517e-020]
        max: [2.24314298976e-005, 0.00163125293329, 0.00360948080197, 0.00355928763747, 0.0106758596376, 0.00477544358, 0.00363386538811, 0.00388846197166, 0.00625986419618, 0.0044402172789, 0.00264432700351, 0.00419506523758, 0.00414495263249, 0.00411714287475, 0.00525223091245, 0.00394300045446, 0.00506337685511, 0.00263445894234, 0.00465360376984, 0.00335089000873, 0.00245511275716, 0.000859590596519, 0.00114451837726, 0.000187903613551, 0.000119039119454, 3.02907392324e-006, 4.17304555356e-008, 8.66124560961e-010]
        mean: [1.39366068197e-006, 9.45868087001e-005, 0.000205544827622, 0.000189989863429, 0.000404732505558, 0.000221782407607, 0.000217509033973, 0.000171986263013, 0.000341626233421, 0.000142408680404, 0.000130679545691, 0.00017935266078, 0.000129997584736, 0.000168940750882, 0.000186420016689, 0.000324316322803, 0.000383891077945, 0.000313629978336, 0.000422417040681, 0.000333466072334, 0.000144767938764, 6.1754930357e-005, 1.91973940673e-005, 7.74287400418e-006, 3.20434605783e-006, 1.13377694788e-007, 1.65004065966e-009, 4.40636103993e-011]
        median: [8.03019361229e-007, 5.70837910345e-005, 9.92993300315e-005, 0.000118860727525, 0.00024419350666, 0.000124301965116, 0.000106988511106, 7.70295300754e-005, 0.000161281495821, 4.75645283586e-005, 7.31999025447e-005, 0.000101212222944, 5.8685640397e-005, 5.56227678317e-005, 0.000105078230263, 0.000269726646366, 0.000302006723359, 0.000238061547861, 0.000336689816322, 0.000256588391494, 0.000108020671178, 4.28934436059e-005, 8.62965134729e-006, 3.37353003488e-006, 1.45686976794e-006, 5.0755957659e-008, 8.16093193023e-010, 1.62037674944e-011]
        min: [1.96739385407e-023, 4.07988005454e-023, 7.93645109953e-024, 1.92330473362e-023, 4.77059877454e-023, 7.92951496113e-023, 3.33191874736e-023, 5.88388819337e-023, 3.00570583039e-023, 4.15207187142e-023, 1.47428788316e-022, 6.00776523013e-023, 1.16835575965e-022, 1.49385554636e-022, 1.22048671749e-022, 2.13092408864e-022, 2.53881768322e-022, 2.2455010233e-022, 3.37492719148e-022, 2.93353616472e-022, 4.47317454745e-022, 6.47441596172e-022, 5.52798785307e-022, 7.22186633947e-022, 1.30059459578e-021, 1.86901318042e-021, 2.40266907573e-021, 7.31605052554e-022]
        var: [3.72315850025e-012, 2.02766372581e-008, 9.81088419394e-008, 5.5325230619e-008, 4.38667598246e-007, 1.12786793238e-007, 9.36454114253e-008, 8.70472121051e-008, 2.5746012966e-007, 8.71499636901e-008, 3.95331980485e-008, 6.82377105932e-008, 4.66906477925e-008, 1.16077600865e-007, 9.68493409914e-008, 1.07703002072e-007, 1.51871816456e-007, 8.95099958598e-008, 1.64447541806e-007, 1.04534748857e-007, 2.40353568159e-008, 5.51943957205e-009, 1.35471445173e-009, 1.76737999236e-010, 5.13187443929e-011, 4.30458078036e-014, 6.47316268131e-018, 5.19122194619e-021]
    mfcc:
        mean: [-701.063537598, 105.396827698, -49.4157409668, 44.961517334, -11.566321373, -6.08875751495, -2.79348373413, -0.317039579153, -1.12191343307, -2.20460343361, -6.51322555542, -4.14488697052, -1.32857859135]
        cov: [[6177.94335938, -426.946807861, 2.03013515472, 460.722869873, -136.421966553, 256.503692627, -152.429290771, 315.162841797, 102.405525208, 25.7552185059, -16.2322483063, -22.0328674316, 44.0099449158], [-426.946807861, 1211.50878906, -202.706130981, 3.04407405853, -47.929725647, -105.733192444, 57.759979248, -135.537033081, -54.9981269836, 51.8460960388, 37.6000289917, -26.9906177521, -66.4237289429], [2.03013515472, -202.706130981, 409.895019531, 64.7190704346, 57.2801780701, 48.580291748, 10.9293813705, 46.9637336731, 20.6791725159, 24.8324508667, 11.237279892, 9.20276165009, -4.61514854431], [460.722869873, 3.04407405853, 64.7190704346, 307.381469727, 60.2208023071, 39.4036178589, 8.51835346222, 11.8650131226, 62.2997093201, -5.35748386383, -8.35699558258, -10.2037382126, 28.8792457581], [-136.421966553, -47.929725647, 57.2801780701, 60.2208023071, 137.66847229, 26.9476528168, -2.43192005157, -16.3603038788, 29.8800926208, 7.32246875763, -5.22116708755, 0.264529317617, 16.0908164978], [256.503692627, -105.733192444, 48.580291748, 39.4036178589, 26.9476528168, 130.156494141, 30.7448253632, 51.8724555969, 14.3104877472, -2.72863602638, 16.7633838654, 4.00130939484, 10.4592781067], [-152.429290771, 57.759979248, 10.9293813705, 8.51835346222, -2.43192005157, 30.7448253632, 113.023284912, 30.8271522522, 11.4710674286, -8.12386608124, 7.28470277786, 12.85617733, 1.0682207346], [315.162841797, -135.537033081, 46.9637336731, 11.8650131226, -16.3603038788, 51.8724555969, 30.8271522522, 121.99874115, 30.5239315033, 3.58192777634, 0.89750623703, 10.2094774246, 15.7048511505], [102.405525208, -54.9981269836, 20.6791725159, 62.2997093201, 29.8800926208, 14.3104877472, 11.4710674286, 30.5239315033, 85.046295166, 9.74938392639, -2.52496194839, -1.73625683784, 15.5403633118], [25.7552185059, 51.8460960388, 24.8324508667, -5.35748386383, 7.32246875763, -2.72863602638, -8.12386608124, 3.58192777634, 9.74938392639, 82.1148452759, 28.9880867004, -0.893402397633, -25.5040645599], [-16.2322483063, 37.6000289917, 11.237279892, -8.35699558258, -5.22116708755, 16.7633838654, 7.28470277786, 0.89750623703, -2.52496194839, 28.9880867004, 58.1445236206, 17.7192001343, -8.04633808136], [-22.0328674316, -26.9906177521, 9.20276165009, -10.2037382126, 0.264529317617, 4.00130939484, 12.85617733, 10.2094774246, -1.73625683784, -0.893402397633, 17.7192001343, 54.7119445801, 26.795507431], [44.0099449158, -66.4237289429, -4.61514854431, 28.8792457581, 16.0908164978, 10.4592781067, 1.0682207346, 15.7048511505, 15.5403633118, -25.5040645599, -8.04633808136, 26.795507431, 79.9073410034]]
        icov: [[0.000278466468444, -5.42002862858e-006, 0.000129191190354, -0.000487914396217, 0.000463656062493, -0.00050845684018, 0.000710198248271, -0.000639831880108, 4.27482227678e-005, -0.000168369864696, 0.000249187840382, -0.000163082440849, 0.000133095571073], [-5.42002862858e-006, 0.00130151887424, 0.000524348113686, -0.000435242982348, 0.000223138442379, 0.000803689530585, -0.00137623643968, 0.00111942982767, 0.000674519047607, -0.000934992684051, -0.000750472885557, 0.00068299297709, 0.000186525692698], [0.000129191190354, 0.000524348113686, 0.00318533251993, -0.000903278938495, -0.000961737125181, -0.000211276113987, -5.90830750298e-005, -0.00116265460383, 0.000773492385633, -0.00097138073761, -0.000212973041926, -0.000572199118324, 0.00103572232183], [-0.000487914396217, -0.000435242982348, -0.000903278938495, 0.00530700478703, -0.00157674017828, -0.000290171476081, -0.000895801407751, 0.00155440496746, -0.00298325764015, 0.000941572128795, -0.000149555722601, 0.00144189514685, -0.00161915121134], [0.000463656062493, 0.000223138442379, -0.000961737125181, -0.00157674017828, 0.0111749935895, -0.00381046580151, 0.00109357445035, 0.0035126900766, -0.00306700146757, -0.00246836524457, 0.00298091466539, -0.00083060801262, -0.00162476697005], [-0.00050845684018, 0.000803689530585, -0.000211276113987, -0.000290171476081, -0.00381046580151, 0.0131828309968, -0.00376248429529, -0.00356910936534, 0.00205756863579, 0.00207911618054, -0.0062906849198, 0.00321468734182, -0.000613678479567], [0.000710198248271, -0.00137623643968, -5.90830750298e-005, -0.000895801407751, 0.00109357445035, -0.00376248429529, 0.0136322993785, -0.00454391073436, -0.00182694511022, 0.00259231519885, 0.000706028426066, -0.00404469529167, 0.00237836618908], [-0.000639831880108, 0.00111942982767, -0.00116265460383, 0.00155440496746, 0.0035126900766, -0.00356910936534, -0.00454391073436, 0.0160258654505, -0.00438954588026, -0.00258414680138, 0.0022342109587, -0.000739377399441, -0.00217331433669], [4.27482227678e-005, 0.000674519047607, 0.000773492385633, -0.00298325764015, -0.00306700146757, 0.00205756863579, -0.00182694511022, -0.00438954588026, 0.017551003024, -0.00321061606519, -0.000338482001098, 0.00258757499978, -0.00244440999813], [-0.000168369864696, -0.000934992684051, -0.00097138073761, 0.000941572128795, -0.00246836524457, 0.00207911618054, 0.00259231519885, -0.00258414680138, -0.00321061606519, 0.0191347263753, -0.00918365828693, 8.51947988849e-005, 0.00539556797594], [0.000249187840382, -0.000750472885557, -0.000212973041926, -0.000149555722601, 0.00298091466539, -0.0062906849198, 0.000706028426066, 0.0022342109587, -0.000338482001098, -0.00918365828693, 0.027999471873, -0.0109392087907, 0.00267764017917], [-0.000163082440849, 0.00068299297709, -0.000572199118324, 0.00144189514685, -0.00083060801262, 0.00321468734182, -0.00404469529167, -0.000739377399441, 0.00258757499978, 8.51947988849e-005, -0.0109392087907, 0.0288908537477, -0.0112163396552], [0.000133095571073, 0.000186525692698, 0.00103572232183, -0.00161915121134, -0.00162476697005, -0.000613678479567, 0.00237836618908, -0.00217331433669, -0.00244440999813, 0.00539556797594, 0.00267764017917, -0.0112163396552, 0.0202724076807]]
    sccoeffs:
        dmean: [0.0512983649969, 0.044883877039, 0.0374344363809, 0.0306841637939, 0.0190168730915, 0.0175450239331]
        dmean2: [0.0852643623948, 0.0745404809713, 0.0604432672262, 0.0510560534894, 0.0319197326899, 0.028278786689]
        dvar: [0.00183472514618, 0.00130522076506, 0.00086409423966, 0.000572598946746, 0.000225929252338, 0.000296529353363]
        dvar2: [0.00498266005889, 0.00350070814602, 0.00226214644499, 0.00151013489813, 0.000614432385191, 0.000741064432077]
        max: [-0.337382137775, -0.511650085449, -0.486915230751, -0.584488809109, -0.634194493294, -0.610163092613]
        mean: [-0.690522909164, -0.761725842953, -0.762753009796, -0.76726180315, -0.795750141144, -0.758386611938]
        median: [-0.697181582451, -0.76750433445, -0.771930038929, -0.769602894783, -0.79718375206, -0.754040718079]
        min: [-0.952729582787, -0.954202950001, -0.963382899761, -0.956910431385, -0.957492828369, -0.961557209492]
        var: [0.00498987548053, 0.00394389778376, 0.00400882121176, 0.00239980150945, 0.000928461668082, 0.0012115399586]
    scvalleys:
        dmean: [0.330015093088, 0.330106347799, 0.287828087807, 0.24262650311, 0.224436432123, 0.218458771706]
        dmean2: [0.553866565228, 0.551975250244, 0.476226270199, 0.395348459482, 0.359013706446, 0.306956142187]
        dvar: [0.0908211693168, 0.106003679335, 0.0819750651717, 0.0699641183019, 0.0866113528609, 0.0836974903941]
        dvar2: [0.210943281651, 0.243639454246, 0.177472680807, 0.140438959002, 0.179546296597, 0.136048600078]
        max: [-5.1032409668, -4.59005308151, -5.26865959167, -5.66658687592, -5.48547840118, -7.41224431992]
        mean: [-6.73654222488, -6.49614143372, -6.86871623993, -7.12294769287, -6.97360992432, -9.69181060791]
        median: [-6.44321537018, -6.36178588867, -6.6996254921, -6.92283248901, -6.63005447388, -9.2870092392]
        min: [-27.3099384308, -27.3171768188, -27.3041954041, -27.269985199, -27.309431076, -27.2018871307]
        var: [1.56324398518, 0.834071695805, 0.829293787479, 0.686830461025, 0.958554983139, 1.74970304966]

rhythm:
    beats_loudness:
        dmean: 0.00187470950186
        dmean2: 0.003170553362
        dvar: 2.77117283076e-006
        dvar2: 7.36495348974e-006
        max: 0.0128848012537
        mean: 0.00519184535369
        median: 0.00475756172091
        min: 9.22339449261e-009
        var: 7.06768150849e-006
    bpm: 89.0258178711
    bpm_confidence: 0
    first_peak_bpm: 89
    first_peak_spread: 0.129251718521
    first_peak_weight: 0.864864826202
    onset_rate: 2.71198272705
    second_peak_bpm: 82
    second_peak_spread: 0
    second_peak_weight: 0.00675675692037
    beats_loudness_band_ratio:
        dmean: [0.115160055459, 0.147970810533, 0.0813392847776, 0.0918716192245, 0.112882301211, 0.0790651589632]
        dmean2: [0.19873508811, 0.280839443207, 0.13796427846, 0.164377704263, 0.198408737779, 0.136648699641]
        dvar: [0.0088641801849, 0.0137971090153, 0.00801685918123, 0.00935674645007, 0.00949134957045, 0.00562971550971]
        dvar2: [0.0275275409222, 0.0420273393393, 0.0225776638836, 0.025557603687, 0.0302719026804, 0.0146995866671]
        max: [0.766587078571, 0.536367535591, 0.693608224392, 0.611592292786, 0.637841939926, 0.678875029087]
        mean: [0.175814837217, 0.160736739635, 0.144488409162, 0.127325132489, 0.251742750406, 0.19233366847]
        median: [0.160014659166, 0.116806581616, 0.109443381429, 0.0863659083843, 0.242090150714, 0.19405798614]
        min: [0.000162590193213, 0.00344488886185, 0.00857585202903, 0.00408955151215, 0.0303413793445, 0.0112359747291]
        var: [0.0146848252043, 0.0149368131533, 0.0131937144324, 0.0118616465479, 0.013903924264, 0.0108957560733]
    beats_position: [0.66176867485, 1.33514738083, 2.02013611794, 2.69351458549, 3.36689329147, 4.04027223587, 4.71365070343, 5.38702917099, 6.06040811539, 6.73378658295, 7.40716552734, 8.08054447174, 8.75392246246, 9.42730140686, 10.1006803513, 10.774058342, 11.4474372864, 12.1208162308, 12.782585144, 13.4675731659, 14.1409521103, 14.8143310547, 15.4877090454, 16.1610889435, 16.8344669342, 17.5078449249, 18.181224823, 18.8546028137, 19.5279808044, 20.2013607025, 20.8747386932, 21.548116684, 22.221496582, 22.8948745728, 23.5682544708, 24.2416324615, 24.9266204834, 25.6116104126, 26.2849884033, 26.958366394, 27.6317462921, 28.3051242828, 28.9785022736, 29.6518821716, 30.3252601624, 30.9986381531, 31.6720180511, 32.3453979492, 33.0187759399, 33.6921539307, 34.4003639221, 35.1085700989, 35.8167800903, 36.5249862671, 37.2215881348, 37.9065742493, 38.57995224, 39.2649421692, 39.9499320984, 40.6349182129, 41.3315200806, 42.0397262573, 42.7479362488, 43.4445343018, 44.129524231, 44.8145103455, 45.4878921509, 46.1612701416, 46.8346481323, 47.508026123, 48.1814041138, 48.8547821045, 49.5281639099, 50.2015419006, 50.8749198914, 51.5482978821, 52.2216758728, 52.8950538635, 53.5684356689, 54.2418136597, 54.9151916504, 55.5885696411, 56.2619476318, 56.9353294373, 57.6203155518, 58.305305481, 58.9786834717, 59.6520614624, 60.3254394531, 60.9988212585, 61.6721992493, 62.34557724, 63.0189552307, 63.6923332214, 64.3657150269, 65.0390930176, 65.7124710083, 66.385848999, 67.0592269897, 67.7326049805, 68.4059829712, 69.0793609619, 69.7527389526, 70.4261245728, 71.0995025635, 71.7728805542, 72.4462585449, 73.1196365356, 73.7930145264, 74.4663925171, 75.1397705078, 75.8131484985, 76.4865264893, 77.15990448, 77.8332901001, 78.5066680908, 79.1800460815, 79.8650360107, 80.5384140015, 81.2117919922, 81.8851699829, 82.5701599121, 83.2435379028, 83.9169158936, 84.5902938843, 85.263671875, 85.9370498657, 86.6104278564, 87.2838058472, 87.9571838379, 88.6189575195, 89.2923355103, 89.9773254395, 90.6507034302, 91.3240814209, 91.9974594116, 92.6824493408, 93.36743927, 94.0408172607, 94.7141952515, 95.3875732422, 96.0609512329, 96.7343292236, 97.4077072144, 98.0810852051, 98.7544631958, 99.4278411865, 100.101219177, 100.774604797, 101.447982788, 102.121360779, 102.79473877, 103.479728699, 104.153106689, 104.814872742, 105.488250732, 106.161628723, 106.835006714, 107.508384705, 108.181770325, 108.855148315, 109.528526306, 110.201904297, 110.875282288, 111.548660278, 112.222038269, 112.89541626, 113.557182312, 114.230567932, 114.915550232, 115.588935852, 116.262313843, 116.947296143, 117.632286072, 118.305664063, 118.979042053, 119.652427673, 120.325805664, 120.999183655, 121.672561646, 122.345939636, 123.019317627, 123.692695618, 124.366073608, 125.039451599, 125.71282959, 126.386207581, 127.059593201, 127.732971191, 128.406341553, 129.079727173, 129.753097534, 130.438095093, 131.099868774, 131.773239136, 132.446624756, 133.119995117, 133.793380737, 134.466751099, 135.151748657, 135.836730957, 136.521713257, 137.195098877, 137.856872559, 138.53024292, 139.192016602, 139.853790283, 140.527160645, 141.212158203, 141.897140503, 142.570526123, 143.243896484, 143.917282104, 144.590652466, 145.264038086, 145.937408447, 146.610794067, 147.284164429, 147.957550049, 148.63092041, 149.30430603, 149.97769165, 150.627838135, 151.289611816, 152.02104187, 152.752471924, 153.437454224, 154.122451782, 154.795822144, 155.480819702, 156.142578125, 156.815963745, 157.477722168, 158.13949585, 158.801269531, 159.451431274, 160.101577759, 160.774963379, 161.448348999, 162.133331299, 162.818313599, 163.48008728, 164.16506958, 164.826843262, 165.500228882, 166.173599243, 166.858596802, 167.520355225, 168.193740845, 168.855514526, 169.517272949, 170.179046631, 170.852416992, 171.549026489, 172.222396851, 172.895782471, 173.569152832, 174.254150391, 174.915908813, 175.589294434, 176.262680054, 176.936050415, 177.609436035, 178.282806396, 178.956192017, 179.629562378, 180.302947998, 180.976318359, 181.649703979, 182.346298218, 183.019683838, 183.693054199, 184.366439819, 185.039810181, 185.713195801, 186.374969482, 187.048339844, 187.733337402, 188.406707764, 189.080093384, 189.753463745, 190.426849365, 191.100219727, 191.773605347, 192.446975708, 193.120361328, 193.793731689, 194.46711731, 195.140487671, 195.813873291, 196.475646973, 197.137405396, 197.799179077, 198.472564697, 199.145935059, 199.819320679, 200.49269104]
    bpm_estimates: [89.1029052734, 87.5926818848, 89.102935791, 89.1029052734, 89.1028747559, 89.102935791, 89.102935791, 89.1028747559, 89.102935791, 89.1028747559, 89.1028747559, 89.1030044556, 89.1028747559, 89.1028747559, 89.1030044556, 89.1028747559, 89.1028747559, 90.6660919189, 87.5927734375, 89.1028747559, 89.1028747559, 89.1030044556, 89.1027526855, 89.1030044556, 89.1030044556, 89.1027526855, 89.1030044556, 89.1030044556, 89.1027526855, 89.1030044556, 89.1030044556, 89.1027526855, 89.1030044556, 89.1027526855, 89.1030044556, 87.5927734375, 87.5925292969, 89.1030044556, 89.1030044556, 89.1027526855, 89.1030044556, 89.1030044556, 89.1027526855, 89.1030044556, 89.1030044556, 89.1027526855, 89.1027526855, 89.1030044556, 89.1030044556, 86.1324157715, 87.5930175781, 89.1030044556, 87.5925292969, 87.5925292969, 87.5930175781, 86.1324157715, 86.1328887939, 87.5925292969, 87.5930175781, 89.1024932861, 89.1030044556, 89.1030044556, 89.1030044556, 89.1030044556, 89.1030044556, 89.1024932861, 89.1030044556, 89.1030044556, 89.1030044556, 89.1030044556, 89.1030044556, 89.1024932861, 89.1030044556, 89.1030044556, 89.1030044556, 89.1030044556, 89.1024932861, 87.5930175781, 87.5925292969, 89.1030044556, 89.1030044556, 89.1030044556, 89.1024932861, 89.1030044556, 89.1030044556, 89.1030044556, 89.1030044556, 89.1024932861, 89.1030044556, 89.1030044556, 89.1030044556, 89.1030044556, 89.1030044556, 89.1030044556, 89.1030044556, 89.1030044556, 89.1019897461, 89.1030044556, 89.1030044556, 89.1030044556, 89.1030044556, 89.1030044556, 89.1030044556, 89.1030044556, 89.1030044556, 89.1030044556, 89.1030044556, 89.1019897461, 89.1030044556, 89.1030044556, 87.5925292969, 89.1030044556, 89.1030044556, 89.1030044556, 87.5925292969, 89.1030044556, 89.1030044556, 89.1030044556, 89.1030044556, 89.1030044556, 89.1030044556, 89.1030044556, 89.1030044556, 90.665435791, 89.1030044556, 87.5925292969, 89.1030044556, 89.1030044556, 89.1030044556, 87.5925292969, 87.5925292969, 89.1030044556, 89.1030044556, 89.1030044556, 89.1030044556, 89.1030044556, 89.1030044556, 89.1030044556, 89.1030044556, 89.1030044556, 89.1030044556, 89.1019897461, 89.1030044556, 89.1030044556, 89.1030044556, 87.5925292969, 89.1030044556, 90.6664810181, 89.1030044556, 89.1030044556, 89.1030044556, 89.1030044556, 89.1019897461, 89.1030044556, 89.1030044556, 89.1030044556, 89.1030044556, 89.1030044556, 89.1030044556, 89.1030044556, 90.6664810181, 89.1019897461, 87.5935058594, 89.1019897461, 89.1030044556, 87.5935058594, 87.5925292969, 89.1030044556, 89.1030044556, 89.1019897461, 89.1030044556, 89.1030044556, 89.1030044556, 89.1030044556, 89.1030044556, 89.1030044556, 89.1030044556, 89.1030044556, 89.1030044556, 89.1030044556, 89.1019897461, 89.1030044556, 89.1040115356, 89.1019897461, 89.1040115356, 87.5915527344, 90.665435791, 89.1040115356, 89.1019897461, 89.1040115356, 89.1019897461, 89.1040115356, 87.5915527344, 87.5935058594, 87.5935058594, 89.1019897461, 90.665435791, 89.1040115356, 90.665435791, 90.665435791, 89.1040115356, 87.5915527344, 87.5935058594, 89.1019897461, 89.1040115356, 89.1019897461, 89.1040115356, 89.1019897461, 89.1040115356, 89.1019897461, 89.1040115356, 89.1019897461, 89.1040115356, 89.1019897461, 89.1019897461, 92.286895752, 90.665435791, 87.5935058594, 87.5915527344, 89.1040115356, 87.5915527344, 90.6675262451, 89.1019897461, 90.6675262451, 90.665435791, 90.665435791, 92.2847290039, 92.286895752, 89.1019897461, 89.1019897461, 87.5935058594, 87.5935058594, 90.665435791, 87.5935058594, 90.665435791, 89.1019897461, 89.1040115356, 87.5915527344, 90.6675262451, 89.1019897461, 90.665435791, 90.6675262451, 90.665435791, 89.1040115356, 86.1314697266, 89.1040115356, 89.1019897461, 89.1040115356, 87.5915527344, 90.6675262451, 89.1019897461, 89.1019897461, 89.1040115356, 89.1019897461, 89.1040115356, 89.1019897461, 89.1040115356, 89.1019897461, 89.1040115356, 89.1019897461, 86.133354187, 89.1019897461, 89.1040115356, 89.1019897461, 89.1040115356, 89.1019897461, 90.665435791, 89.1040115356, 87.5915527344, 89.1040115356, 89.1019897461, 89.1040115356, 89.1019897461, 89.1040115356, 89.1019897461, 89.1040115356, 89.1019897461, 89.1040115356, 89.1019897461, 89.1040115356, 89.1019897461, 90.665435791, 90.6675262451, 90.665435791, 89.1019897461, 89.1040115356, 89.1019897461, 89.1040115356]
