
metadata:
    version:
        essentia: "2.1-beta2"
    audio_properties:
        analysis_sample_rate: 44100
        bitrate: 256
        channels: 2
        equal_loudness: 1
        length: 146.442443848
        replay_gain: -15.8861646652
        downmix: "mix"
    tags:
        album: "Human Bomb"
        artist: "Black Bomb A"
        comment: ""
        date: "2001"
        genre: "Rock"
        title: "Your Enemy"
        tracknumber: "7"

configuration:
    average_loudness:
        compute: 1
        frameSize: 88200
        hopSize: 44100
        silentFrames: "noise"
        windowType: "hann"
    general:
        analysisSampleRate: 44100
        endTime: 2000
        equalLoudness: 1
        nequalLoudness: 0
        shortSound: 0
        startTime: 0
    lowlevel:
        compute: 1
        frameSize: 2048
        hopSize: 1024
        zeroPadding: 0
        silentFrames: "noise"
        windowType: "blackmanharris62"
        mfccStats: ["mean", "cov", "icov"]
        stats: ["mean", "var", "median", "min", "max", "dmean", "dmean2", "dvar", "dvar2"]
    panning:
        compute: 0
        frameSize: 8192
        hopSize: 2048
        zeroPadding: 8192
        silentFrames: "noise"
        windowType: "hann"
        stats: ["copy"]
    rhythm:
        compute: 1
        maxTempo: 208
        minTempo: 40
        method: "degara"
        stats: ["mean", "var", "median", "min", "max", "dmean", "dmean2", "dvar", "dvar2"]
    segmentation:
        compute: 0
        cpw: 5
        inc1: 300
        inc2: 50
        minimumSegmentsLength: 10
        size1: 1000
        size2: 600
    sfx:
        compute: 1
        stats: ["mean", "var", "median", "min", "max", "dmean", "dmean2", "dvar", "dvar2"]
    svm:
        compute: 0
    tonal:
        compute: 1
        frameSize: 4096
        hopSize: 2048
        zeroPadding: 0
        silentFrames: "noise"
        windowType: "blackmanharris62"
        stats: ["mean", "var", "median", "min", "max", "dmean", "dmean2", "dvar", "dvar2"]

lowlevel:
    average_loudness: 0.947961688042
    barkbands_kurtosis:
        dmean: 0.930394887924
        dmean2: 1.53803324699
        dvar: 1.97863435745
        dvar2: 4.84091901779
        max: 31.2910900116
        mean: 0.0815542414784
        median: -0.26082020998
        min: -1.85941827297
        var: 2.89141583443
    barkbands_skewness:
        dmean: 0.358459442854
        dmean2: 0.574609994888
        dvar: 0.127483054996
        dvar2: 0.305898427963
        max: 5.20971345901
        mean: -0.860150754452
        median: -0.905638098717
        min: -2.93956303596
        var: 0.404785037041
    barkbands_spread:
        dmean: 6.27988481522
        dmean2: 9.94642353058
        dvar: 30.9641895294
        dvar2: 74.6308135986
        max: 68.7211761475
        mean: 29.8051738739
        median: 28.587059021
        min: 1.38304960728
        var: 94.9912414551
    dissonance:
        dmean: 0.00690519530326
        dmean2: 0.0119494348764
        dvar: 5.5534641433e-005
        dvar2: 0.000153206536197
        max: 0.500000059605
        mean: 0.490485876799
        median: 0.493288785219
        min: 0.420616388321
        var: 7.92007631389e-005
    hfc:
        dmean: 4.02183294296
        dmean2: 6.80086374283
        dvar: 34.3805084229
        dvar2: 92.8794631958
        max: 56.5687179565
        mean: 11.5792236328
        median: 10.1954975128
        min: 1.18937984173e-016
        var: 53.2862243652
    pitch:
        dmean: 955.479370117
        dmean2: 1782.19396973
        dvar: 1375340
        dvar2: 3207968.5
        max: 4287.46289063
        mean: 2231.80664063
        median: 3129.31298828
        min: 75.4343185425
        var: 1868603.25
    pitch_instantaneous_confidence:
        dmean: 0.0775555223227
        dmean2: 0.130435660481
        dvar: 0.0038798970636
        dvar2: 0.0108471801504
        max: 0.676849722862
        mean: 0.333864122629
        median: 0.325024574995
        min: 0.0893315076828
        var: 0.00778949633241
    pitch_salience:
        dmean: 0.0443579033017
        dmean2: 0.0744945183396
        dvar: 0.00161766808014
        dvar2: 0.00438258890063
        max: 0.911926209927
        mean: 0.725761413574
        median: 0.734415173531
        min: 0.261328697205
        var: 0.00321138394065
    silence_rate_20dB:
        dmean: 0
        dmean2: 0
        dvar: 0
        dvar2: 0
        max: 1
        mean: 1
        median: 1
        min: 1
        var: 0
    silence_rate_30dB:
        dmean: 0
        dmean2: 0
        dvar: 0
        dvar2: 0
        max: 1
        mean: 1
        median: 1
        min: 1
        var: 0
    silence_rate_60dB:
        dmean: 0.0799112096429
        dmean2: 0.159847766161
        dvar: 0.0735192373395
        dvar2: 0.164753898978
        max: 1
        mean: 0.222098916769
        median: 0
        min: 0
        var: 0.172759503126
    spectral_centroid:
        dmean: 245.388381958
        dmean2: 394.695495605
        dvar: 60160.7304688
        dvar2: 137664.265625
        max: 11466.7314453
        mean: 2251.35595703
        median: 2262.4777832
        min: 118.419708252
        var: 210994.75
    spectral_complexity:
        dmean: 4.86982727051
        dmean2: 7.66825246811
        dvar: 20.8740367889
        dvar2: 48.7784309387
        max: 53
        mean: 21.64220047
        median: 22
        min: 0
        var: 95.6590270996
    spectral_crest:
        dmean: 1.50532734394
        dmean2: 2.57314610481
        dvar: 1.8596984148
        dvar2: 5.27400159836
        max: 21.3877716064
        mean: 5.91727685928
        median: 5.6075258255
        min: 2.62035632133
        var: 2.98170948029
    spectral_decrease:
        dmean: 3.03753938669e-010
        dmean2: 4.98499241885e-010
        dvar: 1.39388773708e-019
        dvar2: 3.57845803465e-019
        max: 3.79895940803e-029
        mean: -1.05196673594e-009
        median: -9.81058567717e-010
        min: -3.75076458781e-009
        var: 3.10082714686e-019
    spectral_energy:
        dmean: 0.00149196642451
        dmean2: 0.00246327533387
        dvar: 3.65856772078e-006
        dvar2: 9.54357619776e-006
        max: 0.0188761688769
        mean: 0.00502063054591
        median: 0.00463771913201
        min: 1.06446375283e-020
        var: 7.46797195461e-006
    spectral_energyband_high:
        dmean: 0.000272345962003
        dmean2: 0.000477840367239
        dvar: 2.45189056614e-007
        dvar2: 6.76266665778e-007
        max: 0.00556197855622
        mean: 0.000513598613907
        median: 0.000383463862818
        min: 7.58737152199e-021
        var: 2.41551532554e-007
    spectral_energyband_low:
        dmean: 0.000195062821149
        dmean2: 0.000310728093609
        dvar: 4.4596209392e-008
        dvar2: 1.12798893781e-007
        max: 0.00319859036244
        mean: 0.000367407221347
        median: 0.000306848261971
        min: 6.47705164067e-023
        var: 7.68771215576e-008
    spectral_energyband_middle_high:
        dmean: 0.00112040096428
        dmean2: 0.0018400469562
        dvar: 1.86500972177e-006
        dvar2: 4.80511653222e-006
        max: 0.0158624127507
        mean: 0.00353700015694
        median: 0.00316484342329
        min: 1.7459207889e-021
        var: 4.59594866697e-006
    spectral_energyband_middle_low:
        dmean: 0.000336742610671
        dmean2: 0.000552496989258
        dvar: 2.43947539502e-007
        dvar2: 6.32248202237e-007
        max: 0.0071566067636
        mean: 0.000717611750588
        median: 0.000591628369875
        min: 1.82595879305e-022
        var: 3.03128985024e-007
    spectral_flatness_db:
        dmean: 0.0124683221802
        dmean2: 0.0203453376889
        dvar: 0.000153751141625
        dvar2: 0.000414699112298
        max: 0.394247949123
        mean: 0.132386535406
        median: 0.12633433938
        min: 0.0707045346498
        var: 0.000830848934129
    spectral_flux:
        dmean: 0.00744403339922
        dmean2: 0.0114243058488
        dvar: 7.22600743757e-005
        dvar2: 0.000128397266963
        max: 0.10049341619
        mean: 0.0451049767435
        median: 0.0447236374021
        min: 1.03172852206e-010
        var: 0.000263829046162
    spectral_kurtosis:
        dmean: 1.14543044567
        dmean2: 1.91624510288
        dvar: 6.86393356323
        dvar2: 18.523021698
        max: 98.8186264038
        mean: 4.42682647705
        median: 4.17000007629
        min: -1.23605954647
        var: 7.89639520645
    spectral_rms:
        dmean: 0.000306153669953
        dmean2: 0.000493616622407
        dvar: 1.15907504039e-007
        dvar2: 2.88895591893e-007
        max: 0.00429136026651
        mean: 0.0021130819805
        median: 0.00212711188942
        min: 3.22257845409e-012
        var: 4.33055646454e-007
    spectral_rolloff:
        dmean: 255.067687988
        dmean2: 425.880462646
        dvar: 118227.804688
        dvar2: 244057.921875
        max: 18970.7519531
        mean: 3623.51806641
        median: 3574.51171875
        min: 129.19921875
        var: 289278.40625
    spectral_skewness:
        dmean: 0.17529758811
        dmean2: 0.28955757618
        dvar: 0.0575596392155
        dvar2: 0.14380428195
        max: 7.59024572372
        mean: 1.37642097473
        median: 1.38935530186
        min: -0.039955727756
        var: 0.117939978838
    spectral_spread:
        dmean: 426971.46875
        dmean2: 656850.0625
        dvar: 425526755328
        dvar2: 747660967936
        max: 41151748
        mean: 4172998.25
        median: 4040491.5
        min: 1114818.375
        var: 1.5707036713e+012
    spectral_strongpeak:
        dmean: 0.642872869968
        dmean2: 1.11696338654
        dvar: 0.534430742264
        dvar2: 1.42716777325
        max: 8.78994941711
        mean: 0.796723127365
        median: 0.525460779667
        min: 2.0943000667e-009
        var: 0.786914765835
    zerocrossingrate:
        dmean: 0.00652409391478
        dmean2: 0.00826833769679
        dvar: 4.83249968966e-005
        dvar2: 5.76511847612e-005
        max: 0.4970703125
        mean: 0.11792255193
        median: 0.11865234375
        min: 0.01025390625
        var: 0.00035852153087
    barkbands:
        dmean: [9.09762320589e-007, 6.73390240991e-005, 0.000118008945719, 9.64493301581e-005, 9.93188950815e-005, 3.25907858496e-005, 3.45470070897e-005, 7.42748379707e-005, 0.000147842685692, 0.000104534883576, 9.76690862444e-005, 0.000121793564176, 0.000123252772028, 0.00012131370022, 0.000115048547741, 0.000174325963599, 0.000251111458056, 0.000229253462749, 0.000461834773887, 0.000285599962808, 0.000125047343317, 2.4708257115e-005, 4.79939990328e-006, 2.08292271964e-006, 1.55492341491e-006, 5.8045554141e-008, 7.44594053081e-010]
        dmean2: [1.53947883064e-006, 0.000109906446596, 0.000189883401617, 0.000162308046129, 0.000163047792739, 5.30804754817e-005, 5.80976557103e-005, 0.000127030856675, 0.000253185047768, 0.000173817781615, 0.000160196228535, 0.000196007822524, 0.000202502051252, 0.000200938113267, 0.000187923185877, 0.000291459757136, 0.000416806258727, 0.000385370774893, 0.000793733808678, 0.000507953402121, 0.000218615910853, 4.1749484808e-005, 7.85933752923e-006, 3.33560660692e-006, 2.43967065217e-006, 9.04362096321e-008, 1.19805976251e-009]
        dvar: [2.06858141727e-012, 6.68998367814e-009, 1.80057782018e-008, 1.58579123166e-008, 1.51612873367e-008, 2.60198462776e-009, 5.9028266719e-009, 4.1558845254e-008, 1.20688042671e-007, 6.27828242727e-008, 3.44197665925e-008, 4.76300279217e-008, 4.52777584314e-008, 5.30367678664e-008, 4.05878424203e-008, 7.54334479325e-008, 1.08445298963e-007, 7.87491671872e-008, 3.44627494542e-007, 2.23169109859e-007, 5.74279290788e-008, 1.51713230867e-009, 7.94457763464e-011, 2.78772283036e-011, 1.74138255898e-011, 2.439858584e-014, 1.63230404048e-018]
        dvar2: [5.62750627348e-012, 1.69337397438e-008, 4.57225475259e-008, 4.21981987131e-008, 3.99865172085e-008, 6.79922163016e-009, 1.60593689458e-008, 1.095908857e-007, 3.20836761603e-007, 1.68709377135e-007, 8.77689458889e-008, 1.16342356193e-007, 1.14362073589e-007, 1.40041805707e-007, 1.01915325956e-007, 1.96422277554e-007, 2.73640409887e-007, 2.00952769092e-007, 9.56576741373e-007, 6.2054425598e-007, 1.5920994656e-007, 3.93857035874e-009, 1.97066085672e-010, 6.59330992581e-011, 4.05784121582e-011, 5.59831891402e-014, 3.98830839889e-018]
        max: [1.69360155269e-005, 0.00075271318201, 0.00177048332989, 0.00251538539305, 0.00179309363011, 0.00131130381487, 0.00150576024316, 0.00368051836267, 0.00609039515257, 0.00411191768944, 0.00319288368337, 0.00339542143047, 0.00343817006797, 0.00429886579514, 0.00455454271287, 0.00632122252136, 0.00474258465692, 0.0057793292217, 0.00627931300551, 0.0043309009634, 0.00281761656515, 0.000584034598432, 0.000135015012347, 0.000104993414425, 8.86331035872e-005, 5.73217221245e-006, 4.76136534644e-008]
        mean: [1.18664320325e-006, 0.000106807259726, 0.000184211719898, 0.000124337515444, 0.000182963558473, 6.6223583417e-005, 5.05826574226e-005, 7.47684316593e-005, 0.000165751334862, 0.000137402836117, 0.000140623757034, 0.000191582599655, 0.000201944349101, 0.000178421934834, 0.000188567908481, 0.000332109833835, 0.000525774434209, 0.00049932388356, 0.000924089341424, 0.000446261372417, 0.00023170770146, 5.01163231093e-005, 8.9744289653e-006, 4.04897127737e-006, 2.74381773124e-006, 1.06006034173e-007, 1.18131093796e-009]
        median: [5.48455545868e-007, 7.96801032266e-005, 0.000134173082188, 8.45702597871e-005, 0.000140435658977, 5.13195845997e-005, 3.30212315021e-005, 2.50817629421e-005, 6.45127074677e-005, 5.05969619553e-005, 5.31762998435e-005, 7.95410596766e-005, 8.73558456078e-005, 7.13394620107e-005, 0.000116142247862, 0.000251494377153, 0.000394849397708, 0.000410740118241, 0.000763772055507, 0.00032426576945, 0.000178154616151, 3.33232019329e-005, 5.25249970451e-006, 2.39081373365e-006, 1.68026599567e-006, 6.59186056851e-008, 8.01884891821e-010]
        min: [1.3410259891e-023, 3.96453281298e-023, 8.28963043768e-024, 4.95886248061e-024, 7.35801095217e-024, 3.29099863894e-023, 1.81348582929e-023, 1.02649326223e-023, 8.1472670767e-023, 5.4166237911e-023, 1.21902498979e-022, 1.03511936157e-022, 8.8644785858e-023, 1.38559694579e-022, 1.18057956958e-022, 3.81939692146e-022, 2.05814201447e-022, 1.784730524e-022, 1.88125630167e-022, 3.51340926214e-022, 3.59919567677e-022, 6.14074521686e-022, 6.69170435329e-022, 9.19516667913e-022, 1.03352390616e-021, 1.4648904167e-021, 2.61956568742e-021]
        var: [2.75166738353e-012, 1.01527612983e-008, 3.11234487071e-008, 1.75924999013e-008, 2.4587127001e-008, 3.85295972904e-009, 5.47718492783e-009, 3.384283076e-008, 1.04286719704e-007, 6.33870556044e-008, 5.39247970721e-008, 8.40237674993e-008, 8.39086595761e-008, 7.72117445536e-008, 5.35636850429e-008, 1.00217846466e-007, 2.08695368542e-007, 1.43887319837e-007, 4.73805499723e-007, 1.96632811367e-007, 5.4589552434e-008, 2.44183206988e-009, 1.25185709021e-010, 4.09217729147e-011, 2.43067666689e-011, 3.78610852522e-014, 2.26301105958e-018]
    frequency_bands:
        dmean: [9.09762320589e-007, 6.73390240991e-005, 0.000118008945719, 9.64493301581e-005, 9.93188950815e-005, 3.25907858496e-005, 3.45470070897e-005, 7.42748379707e-005, 0.000147842685692, 0.000104534883576, 9.76690862444e-005, 0.000121793564176, 0.000123252772028, 0.00012131370022, 0.000115048547741, 0.000174325963599, 0.000251111458056, 0.000229253462749, 0.000461834773887, 0.000285599962808, 0.000125047343317, 2.4708257115e-005, 4.79939990328e-006, 2.08292271964e-006, 1.55492341491e-006, 5.8045554141e-008, 7.44594053081e-010, 5.87780032979e-011]
        dmean2: [1.53947883064e-006, 0.000109906446596, 0.000189883401617, 0.000162308046129, 0.000163047792739, 5.30804754817e-005, 5.80976557103e-005, 0.000127030856675, 0.000253185047768, 0.000173817781615, 0.000160196228535, 0.000196007822524, 0.000202502051252, 0.000200938113267, 0.000187923185877, 0.000291459757136, 0.000416806258727, 0.000385370774893, 0.000793733808678, 0.000507953402121, 0.000218615910853, 4.1749484808e-005, 7.85933752923e-006, 3.33560660692e-006, 2.43967065217e-006, 9.04362096321e-008, 1.19805976251e-009, 1.10092525374e-010]
        dvar: [2.06858141727e-012, 6.68998367814e-009, 1.80057782018e-008, 1.58579123166e-008, 1.51612873367e-008, 2.60198462776e-009, 5.9028266719e-009, 4.1558845254e-008, 1.20688042671e-007, 6.27828242727e-008, 3.44197665925e-008, 4.76300279217e-008, 4.52777584314e-008, 5.30367678664e-008, 4.05878424203e-008, 7.54334479325e-008, 1.08445298963e-007, 7.87491671872e-008, 3.44627494542e-007, 2.23169109859e-007, 5.74279290788e-008, 1.51713230867e-009, 7.94457763464e-011, 2.78772283036e-011, 1.74138255898e-011, 2.439858584e-014, 1.63230404048e-018, 8.1016387561e-021]
        dvar2: [5.62750627348e-012, 1.69337397438e-008, 4.57225475259e-008, 4.21981987131e-008, 3.99865172085e-008, 6.79922163016e-009, 1.60593689458e-008, 1.095908857e-007, 3.20836761603e-007, 1.68709377135e-007, 8.77689458889e-008, 1.16342356193e-007, 1.14362073589e-007, 1.40041805707e-007, 1.01915325956e-007, 1.96422277554e-007, 2.73640409887e-007, 2.00952769092e-007, 9.56576741373e-007, 6.2054425598e-007, 1.5920994656e-007, 3.93857035874e-009, 1.97066085672e-010, 6.59330992581e-011, 4.05784121582e-011, 5.59831891402e-014, 3.98830839889e-018, 2.60768881978e-020]
        max: [1.69360155269e-005, 0.00075271318201, 0.00177048332989, 0.00251538539305, 0.00179309363011, 0.00131130381487, 0.00150576024316, 0.00368051836267, 0.00609039515257, 0.00411191768944, 0.00319288368337, 0.00339542143047, 0.00343817006797, 0.00429886579514, 0.00455454271287, 0.00632122252136, 0.00474258465692, 0.0057793292217, 0.00627931300551, 0.0043309009634, 0.00281761656515, 0.000584034598432, 0.000135015012347, 0.000104993414425, 8.86331035872e-005, 5.73217221245e-006, 4.76136534644e-008, 1.24046339867e-009]
        mean: [1.18664320325e-006, 0.000106807259726, 0.000184211719898, 0.000124337515444, 0.000182963558473, 6.6223583417e-005, 5.05826574226e-005, 7.47684316593e-005, 0.000165751334862, 0.000137402836117, 0.000140623757034, 0.000191582599655, 0.000201944349101, 0.000178421934834, 0.000188567908481, 0.000332109833835, 0.000525774434209, 0.00049932388356, 0.000924089341424, 0.000446261372417, 0.00023170770146, 5.01163231093e-005, 8.9744289653e-006, 4.04897127737e-006, 2.74381773124e-006, 1.06006034173e-007, 1.18131093796e-009, 4.54291708418e-011]
        median: [5.48455545868e-007, 7.96801032266e-005, 0.000134173082188, 8.45702597871e-005, 0.000140435658977, 5.13195845997e-005, 3.30212315021e-005, 2.50817629421e-005, 6.45127074677e-005, 5.05969619553e-005, 5.31762998435e-005, 7.95410596766e-005, 8.73558456078e-005, 7.13394620107e-005, 0.000116142247862, 0.000251494377153, 0.000394849397708, 0.000410740118241, 0.000763772055507, 0.00032426576945, 0.000178154616151, 3.33232019329e-005, 5.25249970451e-006, 2.39081373365e-006, 1.68026599567e-006, 6.59186056851e-008, 8.01884891821e-010, 1.60249313819e-011]
        min: [1.3410259891e-023, 3.96453281298e-023, 8.28963043768e-024, 4.95886248061e-024, 7.35801095217e-024, 3.29099863894e-023, 1.81348582929e-023, 1.02649326223e-023, 8.1472670767e-023, 5.4166237911e-023, 1.21902498979e-022, 1.03511936157e-022, 8.8644785858e-023, 1.38559694579e-022, 1.18057956958e-022, 3.81939692146e-022, 2.05814201447e-022, 1.784730524e-022, 1.88125630167e-022, 3.51340926214e-022, 3.59919567677e-022, 6.14074521686e-022, 6.69170435329e-022, 9.19516667913e-022, 1.03352390616e-021, 1.4648904167e-021, 2.61956568742e-021, 8.16999990229e-022]
        var: [2.75166738353e-012, 1.01527612983e-008, 3.11234487071e-008, 1.75924999013e-008, 2.4587127001e-008, 3.85295972904e-009, 5.47718492783e-009, 3.384283076e-008, 1.04286719704e-007, 6.33870556044e-008, 5.39247970721e-008, 8.40237674993e-008, 8.39086595761e-008, 7.72117445536e-008, 5.35636850429e-008, 1.00217846466e-007, 2.08695368542e-007, 1.43887319837e-007, 4.73805499723e-007, 1.96632811367e-007, 5.4589552434e-008, 2.44183206988e-009, 1.25185709021e-010, 4.09217729147e-011, 2.43067666689e-011, 3.78610852522e-014, 2.26301105958e-018, 6.02180660083e-021]
    mfcc:
        mean: [-697.720825195, 88.207824707, -64.6432189941, 57.3717689514, -4.48058366776, 1.09766614437, 11.4451141357, 0.782998144627, 3.9818944931, -6.82910919189, -1.34846270084, -3.87205719948, -4.4187874794]
        cov: [[5555.78564453, 348.341796875, -645.651977539, 232.336334229, -245.184799194, -6.77368974686, 108.304275513, 86.4204025269, 59.3158531189, 11.2079877853, 41.1266288757, 12.1511564255, -40.5488777161], [348.341796875, 507.872802734, -261.064331055, 111.553604126, -15.151008606, -12.0798206329, 50.1016044617, -26.3838920593, 9.9815864563, -54.7767715454, 6.23255586624, -6.00512456894, -7.44497108459], [-645.651977539, -261.064331055, 461.496185303, -29.3208618164, 77.0647735596, 7.00168943405, -23.5213527679, 51.6770896912, 19.4979133606, 39.9148216248, -9.28876781464, 13.6626205444, 18.9473114014], [232.336334229, 111.553604126, -29.3208618164, 257.599914551, 33.3395881653, -37.7620124817, -56.1132774353, -41.7224960327, 13.6595230103, -33.7133827209, -21.4153995514, -12.0750713348, 3.62460231781], [-245.184799194, -15.151008606, 77.0647735596, 33.3395881653, 151.06137085, 36.1508102417, 10.6971359253, -18.9393863678, -1.30737173557, 12.5576095581, 0.812339067459, 3.42664504051, 6.10015583038], [-6.77368974686, -12.0798206329, 7.00168943405, -37.7620124817, 36.1508102417, 127.093727112, 64.1187591553, 12.914850235, -23.9741783142, 12.7106151581, 12.6737976074, 1.78496408463, 4.04114341736], [108.304275513, 50.1016044617, -23.5213527679, -56.1132774353, 10.6971359253, 64.1187591553, 128.133087158, 56.7176437378, 2.86094880104, -5.41513824463, 3.71758317947, 7.11332082748, 5.63666009903], [86.4204025269, -26.3838920593, 51.6770896912, -41.7224960327, -18.9393863678, 12.914850235, 56.7176437378, 105.764419556, 42.0743751526, 13.4543437958, -5.85351657867, -2.22374892235, 1.0278352499], [59.3158531189, 9.9815864563, 19.4979133606, 13.6595230103, -1.30737173557, -23.9741783142, 2.86094880104, 42.0743751526, 74.9819564819, 30.0422840118, 3.95714187622, -5.33939886093, -9.2007598877], [11.2079877853, -54.7767715454, 39.9148216248, -33.7133827209, 12.5576095581, 12.7106151581, -5.41513824463, 13.4543437958, 30.0422840118, 92.0157546997, 35.7990264893, 3.1462635994, -10.8100252151], [41.1266288757, 6.23255586624, -9.28876781464, -21.4153995514, 0.812339067459, 12.6737976074, 3.71758317947, -5.85351657867, 3.95714187622, 35.7990264893, 58.7558631897, 24.8012752533, -0.982338905334], [12.1511564255, -6.00512456894, 13.6626205444, -12.0750713348, 3.42664504051, 1.78496408463, 7.11332082748, -2.22374892235, -5.33939886093, 3.1462635994, 24.8012752533, 52.3927574158, 23.6050796509], [-40.5488777161, -7.44497108459, 18.9473114014, 3.62460231781, 6.10015583038, 4.04114341736, 5.63666009903, 1.0278352499, -9.2007598877, -10.8100252151, -0.982338905334, 23.6050796509, 51.8152809143]]
        icov: [[0.000267756491667, 0.000102853802673, 0.000399867014494, -0.000473538530059, 0.00034565560054, -1.54051485879e-005, -0.000257169245742, -0.000388096639654, 0.000117852381663, -0.000324877823004, 2.34304661717e-006, -0.000332496274495, 0.000212069222471], [0.000102853802673, 0.00371536752209, 0.00177514669485, -0.00165224284865, -3.72356043954e-005, 0.000731854292098, -0.00256406143308, 0.000861609587446, -0.00138320948463, 0.00158840743825, -0.00176292122342, 0.000458554830402, 0.000133373367134], [0.000399867014494, 0.00177514669485, 0.00451021734625, -0.000854144862387, -0.00168794859201, 0.00014285146608, 0.000998905510642, -0.00334182428196, 0.000466933415737, -0.000905313529074, 0.000696370145306, -0.00154172792099, -0.000266722403467], [-0.000473538530059, -0.00165224284865, -0.000854144862387, 0.00688621075824, -0.00219609239139, -0.000362751656212, 0.00365929701366, 0.00170323660132, -0.00288268504664, 0.00262972782366, 0.00100601976737, 0.00116290873848, -0.00139631738421], [0.00034565560054, -3.72356043954e-005, -0.00168794859201, -0.00219609239139, 0.0100815659389, -0.00257848436013, -0.00312809809111, 0.00450660521165, -0.00185754685663, -0.00191142619587, 0.00139951962046, -0.000833340745885, -2.13425737456e-005], [-1.54051485879e-005, 0.000731854292098, 0.00014285146608, -0.000362751656212, -0.00257848436013, 0.0140595193952, -0.00731728971004, -0.000524321279954, 0.00640393793583, -0.00293219066225, -0.00275650154799, 0.00316067691892, -0.000887055706698], [-0.000257169245742, -0.00256406143308, 0.000998905510642, 0.00365929701366, -0.00312809809111, -0.00731728971004, 0.0195960812271, -0.0104128876701, 0.000820784713142, 0.00318847200833, 0.000319703569403, -0.00244902051054, -0.000244450755417], [-0.000388096639654, 0.000861609587446, -0.00334182428196, 0.00170323660132, 0.00450660521165, -0.000524321279954, -0.0104128876701, 0.024043796584, -0.0129916025326, 0.000733353081159, 0.00313396705315, 0.0015244546812, -0.001699880464], [0.000117852381663, -0.00138320948463, 0.000466933415737, -0.00288268504664, -0.00185754685663, 0.00640393793583, 0.000820784713142, -0.0129916025326, 0.0272201448679, -0.00946191232651, 0.000191849350813, 0.000395867507905, 0.00249477778561], [-0.000324877823004, 0.00158840743825, -0.000905313529074, 0.00262972782366, -0.00191142619587, -0.00293219066225, 0.00318847200833, 0.000733353081159, -0.00946191232651, 0.0222029816359, -0.0134198190644, 0.00461298599839, 0.000809459132142], [2.34304661717e-006, -0.00176292122342, 0.000696370145306, 0.00100601976737, 0.00139951962046, -0.00275650154799, 0.000319703569403, 0.00313396705315, 0.000191849350813, -0.0134198190644, 0.0343880690634, -0.0179681256413, 0.00544867338613], [-0.000332496274495, 0.000458554830402, -0.00154172792099, 0.00116290873848, -0.000833340745885, 0.00316067691892, -0.00244902051054, 0.0015244546812, 0.000395867507905, 0.00461298599839, -0.0179681256413, 0.0352540314198, -0.0149924885482], [0.000212069222471, 0.000133373367134, -0.000266722403467, -0.00139631738421, -2.13425737456e-005, -0.000887055706698, -0.000244450755417, -0.001699880464, 0.00249477778561, 0.000809459132142, 0.00544867338613, -0.0149924885482, 0.0273568406701]]
    sccoeffs:
        dmean: [0.0481535792351, 0.0465274564922, 0.0393557809293, 0.0311732795089, 0.0201734043658, 0.0191039592028]
        dmean2: [0.0799299776554, 0.0774749219418, 0.0652807801962, 0.0515168383718, 0.0339733026922, 0.0312294568866]
        dvar: [0.00139148230664, 0.00156581075862, 0.00110222294461, 0.00068236613879, 0.000254000187851, 0.000369257002603]
        dvar2: [0.00388114270754, 0.00424345396459, 0.00295923626982, 0.00168427731842, 0.000680042081513, 0.000891924253665]
        max: [-0.408324986696, -0.530731141567, -0.536145269871, -0.523872971535, -0.653045654297, -0.543596804142]
        mean: [-0.707276761532, -0.788938939571, -0.802222013474, -0.796591281891, -0.790153801441, -0.73456132412]
        median: [-0.712773144245, -0.794028878212, -0.808476686478, -0.80010086298, -0.790648341179, -0.734747886658]
        min: [-0.962887346745, -0.969550013542, -0.965765535831, -0.965550065041, -0.961029589176, -0.958588957787]
        var: [0.00404257560149, 0.00322903017513, 0.00282001774758, 0.00194872019347, 0.000852388155181, 0.00152291508857]
    scvalleys:
        dmean: [0.357076495886, 0.37207955122, 0.320746541023, 0.279693990946, 0.231642365456, 0.229791134596]
        dmean2: [0.589580535889, 0.614284574986, 0.51026558876, 0.440658569336, 0.369845628738, 0.338493227959]
        dvar: [0.106541417539, 0.130826920271, 0.0991311222315, 0.102256864309, 0.0962200388312, 0.0939742922783]
        dvar2: [0.245181530714, 0.301331192255, 0.210845798254, 0.200887665153, 0.184828042984, 0.177496314049]
        max: [-5.50404310226, -5.27250337601, -5.34793376923, -5.39588022232, -5.26213693619, -7.54072999954]
        mean: [-6.80205011368, -7.02548599243, -6.84918022156, -6.83711576462, -6.62113952637, -9.64700984955]
        median: [-6.51557445526, -6.83292818069, -6.65104103088, -6.64213562012, -6.4231004715, -9.39449977875]
        min: [-27.7479324341, -27.4146633148, -27.0537567139, -27.0446166992, -27.2790336609, -27.3259792328]
        var: [2.02988815308, 1.53008890152, 1.61779141426, 1.53134381771, 1.52163589001, 1.63466262817]

rhythm:
    beats_loudness:
        dmean: 0.00249473936856
        dmean2: 0.00478398380801
        dvar: 2.98817190014e-006
        dvar2: 8.59208830661e-006
        max: 0.0120421163738
        mean: 0.00548740802333
        median: 0.00568047072738
        min: 7.00210722737e-012
        var: 6.13681959294e-006
    bpm: 125.941825867
    bpm_confidence: 0
    first_peak_bpm: 126
    first_peak_spread: 0.44250869751
    first_peak_weight: 0.526315808296
    onset_rate: 3.41431093216
    second_peak_bpm: 120
    second_peak_spread: 0.166666686535
    second_peak_weight: 0.0328947380185
    beats_loudness_band_ratio:
        dmean: [0.083664894104, 0.0394111871719, 0.06152568385, 0.0970659479499, 0.10983646661, 0.0999923720956]
        dmean2: [0.15413081646, 0.0686563402414, 0.111660219729, 0.172830179334, 0.19860625267, 0.172473862767]
        dvar: [0.0103193148971, 0.0011845540721, 0.00569655466825, 0.0097825480625, 0.00890828389674, 0.00669590197504]
        dvar2: [0.0323735624552, 0.00346844177693, 0.0174847263843, 0.0284472871572, 0.0273123066872, 0.0187820494175]
        max: [0.743132650852, 0.266003161669, 0.485336661339, 0.615866541862, 0.651345908642, 0.728941202164]
        mean: [0.115554280579, 0.0582756735384, 0.0743724256754, 0.137014389038, 0.351692974567, 0.293605178595]
        median: [0.0874731764197, 0.0487459264696, 0.0471490286291, 0.101998880506, 0.351475596428, 0.292128384113]
        min: [0, 0, 0, 0, 0, 0]
        var: [0.0105075277388, 0.00166284199804, 0.00543091446161, 0.0104915685952, 0.00993873365223, 0.00871295109391]
    beats_position: [0.46439909935, 0.917188167572, 1.38158726692, 1.86920630932, 2.34521532059, 2.80961441994, 3.27401351929, 3.76163268089, 4.23764181137, 4.71365070343, 5.20126962662, 5.6888885498, 6.15328788757, 6.62929677963, 7.10530614853, 7.59292507172, 8.08054447174, 8.55655288696, 9.02095222473, 9.4853515625, 9.96135997772, 10.4489793777, 10.9249887466, 11.412607193, 11.8886165619, 12.3530158997, 12.8290243149, 13.3050336838, 13.7926530838, 14.2802715302, 14.7678909302, 15.2322902679, 15.696688652, 16.1610889435, 16.637096405, 17.1247158051, 17.600725174, 18.0767345428, 18.5527439117, 19.0403633118, 19.5047607422, 19.96916008, 20.4335594177, 20.9211788177, 21.3971881866, 21.8731975555, 22.3492050171, 22.825214386, 23.312833786, 23.800453186, 24.2764625549, 24.7524719238, 25.2400894165, 25.7044887543, 26.1804981232, 26.6565074921, 27.132516861, 27.6085262299, 28.0845336914, 28.5605430603, 29.0481624603, 29.5241718292, 30.0001811981, 30.4878005981, 30.9521980286, 31.4165973663, 31.8926067352, 32.3686180115, 32.8562355042, 33.3206329346, 33.7966423035, 34.2726516724, 34.7370529175, 35.2246704102, 35.7122879028, 36.1999092102, 36.6643066406, 37.1287078857, 37.6047172546, 38.0807266235, 38.545124054, 39.0327415466, 39.520362854, 39.9963722229, 40.4723815918, 40.9367790222, 41.4127883911, 41.88879776, 42.3531951904, 42.8408164978, 43.3168258667, 43.7928352356, 44.257232666, 44.7332420349, 45.2092514038, 45.6968688965, 46.1844902039, 46.6604995728, 47.1365089417, 47.6125144958, 48.0885238647, 48.5761451721, 49.052154541, 49.5281639099, 50.0041732788, 50.480178833, 50.9561882019, 51.4321975708, 51.9082069397, 52.3842163086, 52.8486175537, 53.3130149841, 53.789024353, 54.2650337219, 54.7410430908, 55.2170524597, 55.7046699524, 56.1690673828, 56.6334686279, 57.0978660583, 57.5622673035, 58.0382766724, 58.5026741028, 58.9786834717, 59.4663009644, 59.9539222717, 60.4415397644, 60.9291610718, 61.4167785645, 61.9043960571, 62.3920173645, 62.8564147949, 63.3324241638, 63.8084335327, 64.2844467163, 64.7604522705, 65.2248535156, 65.7008590698, 66.1768722534, 66.6644897461, 67.1404953003, 67.6165084839, 68.0925140381, 68.5685272217, 69.0329208374, 69.508934021, 69.9849395752, 70.4493408203, 70.9253463745, 71.4129714966, 71.8889770508, 72.3649902344, 72.8409957886, 73.3170089722, 73.7930145264, 74.2690200806, 74.7450332642, 75.2326507568, 75.7086639404, 76.1846694946, 76.6490707397, 77.1134643555, 77.5894775391, 78.0654830933, 78.5414962769, 79.0291137695, 79.5051269531, 79.9927444458, 80.4571380615, 80.9215393066, 81.3975524902, 81.8851699829, 82.3843994141, 82.8836288452, 83.4176864624, 83.9517440796, 84.4858016968, 84.9734191895, 85.4610443115, 85.9486618042, 86.4478912354, 86.935508728, 87.4231262207, 87.9223556519, 88.4099731445, 88.9092025757, 89.3968200684, 89.8844451904, 90.3836746216, 90.8596801758, 91.3356933594, 91.8116989136, 92.2877044678, 92.7637176514, 93.251335144, 93.7157363892, 94.1801376343, 94.64453125, 95.1205444336, 95.5965499878, 96.0725631714, 96.5601806641, 97.0361862183, 97.5005874634, 97.9649887085, 98.4409942627, 98.9170074463, 99.381401062, 99.8690261841, 100.345031738, 100.821044922, 101.297050476, 101.77305603, 102.249069214, 102.725074768, 103.189476013, 103.665489197, 104.153106689, 104.652336121, 105.163169861, 105.67401123, 106.161628723, 106.649246216, 107.136871338, 107.624488831, 108.112106323, 108.576507568, 109.040908813, 109.505302429, 109.981315613, 110.457321167, 110.933334351, 111.409339905, 111.885353088, 112.361358643, 112.837364197, 113.31337738, 113.789382935, 114.265396118, 114.741401672, 115.217414856, 115.69342041, 116.169433594, 116.645439148, 117.121452332, 117.597457886, 118.07346344, 118.561088562, 119.037094116, 119.5131073, 119.977500916, 120.453514099, 120.917915344, 121.393920898, 121.881538391, 122.369155884, 122.845169067, 123.321174622, 123.797187805, 124.273193359, 124.749206543, 125.225212097, 125.71282959, 126.188842773, 126.664848328, 127.15246582, 127.640090942, 128.104492188, 128.580490112, 129.044891357, 129.520904541, 129.996917725, 130.472915649, 130.948928833, 131.424942017, 131.9009552, 132.376953125, 132.852966309, 133.328979492, 133.804992676, 134.280990601, 134.745391846, 135.209793091, 135.697418213, 136.173416138, 136.649429321, 137.113830566, 137.601455688, 138.077453613, 138.553466797, 139.02947998, 139.505477905, 139.981491089, 140.457504272, 140.933517456, 141.409515381, 141.897140503, 142.361541748, 142.837554932, 143.313552856, 143.801177979, 144.30039978, 144.799636841, 145.298858643, 145.82131958]
    bpm_estimates: [129.19921875, 123.046875, 126.048034668, 129.19921875, 129.19921875, 123.046844482, 126.04800415, 126.048065186, 123.046905518, 123.046905518, 129.199157715, 126.048065186, 126.047935486, 123.046905518, 123.046783447, 126.048194885, 129.199157715, 129.199157715, 126.048194885, 123.046783447, 126.047935486, 123.047027588, 126.047935486, 129.199157715, 126.048194885, 126.047935486, 123.046783447, 123.047027588, 123.046783447, 129.199157715, 129.199417114, 129.198883057, 126.048446655, 123.046783447, 126.047935486, 126.047935486, 126.047935486, 123.046783447, 129.199676514, 129.199157715, 129.199157715, 123.046783447, 126.047935486, 126.047935486, 126.048446655, 126.047935486, 123.046783447, 123.046783447, 126.047935486, 126.047935486, 123.047264099, 129.199157715, 126.047935486, 126.047935486, 126.047935486, 126.047935486, 126.048446655, 126.047935486, 123.046783447, 126.047935486, 126.047935486, 123.046783447, 129.199676514, 129.199157715, 126.047935486, 126.047431946, 123.047264099, 129.199676514, 126.047935486, 126.047935486, 129.198623657, 123.047264099, 123.047264099, 123.046302795, 129.199676514, 129.198623657, 126.047935486, 126.047935486, 129.199676514, 123.047264099, 123.046302795, 126.047935486, 126.047935486, 129.199676514, 126.047935486, 126.047935486, 129.199676514, 123.046302795, 126.047935486, 126.047935486, 129.199676514, 126.047935486, 126.047935486, 123.047264099, 123.046302795, 126.047935486, 126.047935486, 126.048950195, 126.047935486, 123.046302795, 126.047935486, 126.047935486, 126.047935486, 126.048950195, 126.047935486, 126.047935486, 126.047935486, 126.047935486, 129.198623657, 129.199676514, 126.047935486, 126.047935486, 126.047935486, 126.047935486, 123.047264099, 129.199676514, 129.198623657, 129.199676514, 129.198623657, 126.047935486, 129.199676514, 126.047935486, 123.047264099, 123.046302795, 123.047264099, 123.046302795, 123.047264099, 123.047264099, 123.046302795, 129.199676514, 126.047935486, 126.047935486, 126.046928406, 126.048950195, 129.198623657, 126.048950195, 126.046928406, 123.047264099, 126.048950195, 126.046928406, 126.048950195, 126.046928406, 129.200744629, 126.046928406, 126.048950195, 129.198623657, 126.048950195, 123.045341492, 126.048950195, 126.046928406, 126.048950195, 126.046928406, 126.048950195, 126.048950195, 126.046928406, 123.047264099, 126.046928406, 126.048950195, 129.198623657, 129.200744629, 126.046928406, 126.048950195, 126.046928406, 123.047264099, 126.046928406, 123.047264099, 129.200744629, 129.198623657, 126.046928406, 123.047264099, 123.047264099, 123.045341492, 123.047264099, 123.047264099, 123.047264099, 123.047264099, 123.047264099, 123.045341492, 126.048950195, 126.046928406, 126.048950195, 126.048950195, 126.046928406, 123.047264099, 129.198623657, 129.198623657, 129.200744629, 126.046928406, 126.048950195, 126.046928406, 123.047264099, 126.048950195, 129.198623657, 129.198623657, 126.048950195, 126.046928406, 129.200744629, 123.045341492, 126.048950195, 126.046928406, 126.048950195, 126.048950195, 126.046928406, 126.048950195, 129.198623657, 126.046928406, 123.047264099, 123.047264099, 123.047264099, 123.045341492, 123.047264099, 123.047264099, 129.198623657, 129.198623657, 129.200744629, 126.046928406, 126.048950195, 126.046928406, 126.048950195, 126.046928406, 126.048950195, 126.048950195, 126.046928406, 126.048950195, 126.046928406, 126.048950195, 126.046928406, 126.048950195, 126.046928406, 126.048950195, 126.046928406, 126.048950195, 126.048950195, 123.045341492, 126.048950195, 126.046928406, 129.200744629, 126.046928406, 129.198623657, 126.048950195, 123.047264099, 123.047264099, 126.046928406, 126.048950195, 126.046928406, 126.048950195, 126.046928406, 126.048950195, 123.047264099, 126.046928406, 126.048950195, 123.047264099, 123.045341492, 129.198623657, 126.050971985, 129.198623657, 126.046928406, 126.046928406, 126.050971985, 126.046928406, 126.046928406, 126.046928406, 126.050971985, 126.046928406, 126.046928406, 126.046928406, 126.050971985, 129.198623657, 129.198623657, 123.045341492, 126.050971985, 126.046928406, 129.198623657, 123.045341492, 126.050971985, 126.046928406, 126.046928406, 126.050971985, 126.046928406, 126.046928406, 126.046928406, 126.050971985, 123.045341492, 129.198623657, 126.046928406, 126.050971985, 123.045341492]
