
metadata:
    version:
        essentia: "2.1-beta2"
    audio_properties:
        analysis_sample_rate: 44100
        bitrate: 213
        channels: 2
        equal_loudness: 1
        length: 238.262863159
        replay_gain: -15.1726799011
        downmix: "mix"
    tags:
        album: "Innocence & Instinct"
        artist: "Red"
        comment: "."
        date: "2009"
        genre: "Hard Rock"
        title: "Out From Under"
        tracknumber: "9"

configuration:
    average_loudness:
        compute: 1
        frameSize: 88200
        hopSize: 44100
        silentFrames: "noise"
        windowType: "hann"
    general:
        analysisSampleRate: 44100
        endTime: 2000
        equalLoudness: 1
        nequalLoudness: 0
        shortSound: 0
        startTime: 0
    lowlevel:
        compute: 1
        frameSize: 2048
        hopSize: 1024
        zeroPadding: 0
        silentFrames: "noise"
        windowType: "blackmanharris62"
        mfccStats: ["mean", "cov", "icov"]
        stats: ["mean", "var", "median", "min", "max", "dmean", "dmean2", "dvar", "dvar2"]
    panning:
        compute: 0
        frameSize: 8192
        hopSize: 2048
        zeroPadding: 8192
        silentFrames: "noise"
        windowType: "hann"
        stats: ["copy"]
    rhythm:
        compute: 1
        maxTempo: 208
        minTempo: 40
        method: "degara"
        stats: ["mean", "var", "median", "min", "max", "dmean", "dmean2", "dvar", "dvar2"]
    segmentation:
        compute: 0
        cpw: 5
        inc1: 300
        inc2: 50
        minimumSegmentsLength: 10
        size1: 1000
        size2: 600
    sfx:
        compute: 1
        stats: ["mean", "var", "median", "min", "max", "dmean", "dmean2", "dvar", "dvar2"]
    svm:
        compute: 0
    tonal:
        compute: 1
        frameSize: 4096
        hopSize: 2048
        zeroPadding: 0
        silentFrames: "noise"
        windowType: "blackmanharris62"
        stats: ["mean", "var", "median", "min", "max", "dmean", "dmean2", "dvar", "dvar2"]

lowlevel:
    average_loudness: 0.820685744286
    barkbands_kurtosis:
        dmean: 0.733508229256
        dmean2: 1.23496985435
        dvar: 7.831843853
        dvar2: 19.9910755157
        max: 124.375488281
        mean: -0.476580351591
        median: -1.03360283375
        min: -1.85626828671
        var: 12.0672998428
    barkbands_skewness:
        dmean: 0.346251696348
        dmean2: 0.56227004528
        dvar: 0.151415318251
        dvar2: 0.374809771776
        max: 8.71982574463
        mean: -0.203271389008
        median: -0.313488662243
        min: -3.79931163788
        var: 0.645639061928
    barkbands_spread:
        dmean: 4.76262617111
        dmean2: 7.79160261154
        dvar: 23.1474437714
        dvar2: 61.1649932861
        max: 65.1777954102
        mean: 30.3035030365
        median: 30.7861824036
        min: 0.302146524191
        var: 99.7735214233
    dissonance:
        dmean: 0.0112699074671
        dmean2: 0.0194943584502
        dvar: 0.000205405245651
        dvar2: 0.000612328876741
        max: 0.500000119209
        mean: 0.481561362743
        median: 0.486568272114
        min: 0.217533305287
        var: 0.000329977134243
    hfc:
        dmean: 1.74931955338
        dmean2: 2.98124456406
        dvar: 6.12356138229
        dvar2: 16.6254062653
        max: 32.1645393372
        mean: 8.1873998642
        median: 8.54728889465
        min: 1.20550139335e-016
        var: 40.583316803
    pitch:
        dmean: 723.440856934
        dmean2: 1370.40649414
        dvar: 1265928.125
        dvar2: 3376461.5
        max: 4537.97119141
        mean: 963.799377441
        median: 348.581970215
        min: 58.6384925842
        var: 1495008.125
    pitch_instantaneous_confidence:
        dmean: 0.0705985352397
        dmean2: 0.117461718619
        dvar: 0.00353657570668
        dvar2: 0.00967962108552
        max: 0.898288190365
        mean: 0.34045279026
        median: 0.315726816654
        min: 0.100511491299
        var: 0.0145249487832
    pitch_salience:
        dmean: 0.0517690479755
        dmean2: 0.0870838612318
        dvar: 0.00230590440333
        dvar2: 0.00672302814201
        max: 0.944967746735
        mean: 0.662734627724
        median: 0.681029438972
        min: 0.174208179116
        var: 0.00855905376375
    silence_rate_20dB:
        dmean: 0
        dmean2: 0
        dvar: 0
        dvar2: 0
        max: 1
        mean: 1
        median: 1
        min: 1
        var: 0
    silence_rate_30dB:
        dmean: 0
        dmean2: 0
        dvar: 0
        dvar2: 0
        max: 1
        mean: 1
        median: 1
        min: 1
        var: 0
    silence_rate_60dB:
        dmean: 0.0374196060002
        dmean2: 0.0748465061188
        dvar: 0.0360227301717
        dvar2: 0.0799756571651
        max: 1
        mean: 0.418298751116
        median: 0
        min: 0
        var: 0.243326559663
    spectral_centroid:
        dmean: 217.311294556
        dmean2: 350.520996094
        dvar: 54823.5390625
        dvar2: 118447.625
        max: 10952.2773438
        mean: 1847.38635254
        median: 1884.58654785
        min: 138.987960815
        var: 289812.1875
    spectral_complexity:
        dmean: 3.14792442322
        dmean2: 5.27102613449
        dvar: 12.2309093475
        dvar2: 32.9512329102
        max: 47
        mean: 16.8947677612
        median: 19
        min: 0
        var: 143.656768799
    spectral_crest:
        dmean: 1.61023640633
        dmean2: 2.72486686707
        dvar: 2.5241997242
        dvar2: 6.87724208832
        max: 22.879781723
        mean: 6.00671672821
        median: 5.17707681656
        min: 2.17114567757
        var: 7.67879533768
    spectral_decrease:
        dmean: 1.98168328969e-010
        dmean2: 3.34907851451e-010
        dvar: 1.06530439129e-019
        dvar2: 2.94525360219e-019
        max: 6.89816527268e-029
        mean: -9.21875464854e-010
        median: -9.06309471915e-010
        min: -4.53444259918e-009
        var: 5.03938953586e-019
    spectral_energy:
        dmean: 0.000882517022546
        dmean2: 0.00149525434244
        dvar: 1.98536008611e-006
        dvar2: 5.48465868633e-006
        max: 0.019599545747
        mean: 0.00422199768946
        median: 0.00424882536754
        min: 1.09696799272e-020
        var: 1.03815473267e-005
    spectral_energyband_high:
        dmean: 0.000141974844155
        dmean2: 0.000247200601734
        dvar: 5.15665270484e-008
        dvar2: 1.45145037322e-007
        max: 0.0027097298298
        mean: 0.000420788826887
        median: 0.000417622388341
        min: 7.8394128084e-021
        var: 1.41594000524e-007
    spectral_energyband_low:
        dmean: 0.000162846103194
        dmean2: 0.000277510145679
        dvar: 8.67573035634e-008
        dvar2: 2.37459957475e-007
        max: 0.00328103872016
        mean: 0.000258521642536
        median: 0.000174454253283
        min: 5.94155771207e-023
        var: 1.03628977399e-007
    spectral_energyband_middle_high:
        dmean: 0.000528453616425
        dmean2: 0.000871626893058
        dvar: 4.53209736406e-007
        dvar2: 1.16162459562e-006
        max: 0.0107334228233
        mean: 0.00245388969779
        median: 0.00224529905245
        min: 1.49833741226e-021
        var: 4.06042636314e-006
    spectral_energyband_middle_low:
        dmean: 0.000458199006971
        dmean2: 0.000763165415265
        dvar: 9.25152164655e-007
        dvar2: 2.54358360507e-006
        max: 0.0128860045224
        mean: 0.00117154722102
        median: 0.000899953593034
        min: 3.42396657188e-022
        var: 1.49288484863e-006
    spectral_flatness_db:
        dmean: 0.0116315083578
        dmean2: 0.0188245307654
        dvar: 0.000145683909068
        dvar2: 0.000360926933354
        max: 0.520862996578
        mean: 0.14510717988
        median: 0.124403119087
        min: 0.0632108598948
        var: 0.00285814586096
    spectral_flux:
        dmean: 0.00502653187141
        dmean2: 0.00796361360699
        dvar: 4.1073137254e-005
        dvar2: 8.55262042023e-005
        max: 0.106408916414
        mean: 0.0353052057326
        median: 0.0387588329613
        min: 1.04747772955e-010
        var: 0.000376216019504
    spectral_kurtosis:
        dmean: 1.59941029549
        dmean2: 2.75277733803
        dvar: 7.34047269821
        dvar2: 21.5993328094
        max: 91.9145431519
        mean: 5.05614566803
        median: 3.46517658234
        min: -1.21735620499
        var: 30.0809612274
    spectral_rms:
        dmean: 0.000189633108675
        dmean2: 0.000315444922308
        dvar: 5.95652345226e-008
        dvar2: 1.60652163572e-007
        max: 0.00437281467021
        mean: 0.00180912564974
        median: 0.00203597522341
        min: 3.27141048626e-012
        var: 8.46074385663e-007
    spectral_rolloff:
        dmean: 278.219024658
        dmean2: 470.772094727
        dvar: 145614.65625
        dvar2: 302733.9375
        max: 19401.4160156
        mean: 3323.65625
        median: 3445.3125
        min: 150.732421875
        var: 675201.3125
    spectral_skewness:
        dmean: 0.189373105764
        dmean2: 0.31703004241
        dvar: 0.0604031309485
        dvar2: 0.162049636245
        max: 8.35813140869
        mean: 1.39258801937
        median: 1.26777982712
        min: -0.135281965137
        var: 0.348057627678
    spectral_spread:
        dmean: 289929.21875
        dmean2: 447872.75
        dvar: 344320671744
        dvar2: 511289262080
        max: 41470256
        mean: 3951388
        median: 4154997.75
        min: 936406.0625
        var: 1.82710239232e+012
    spectral_strongpeak:
        dmean: 0.430350273848
        dmean2: 0.747022271156
        dvar: 0.383630543947
        dvar2: 1.02334535122
        max: 6.27283239365
        mean: 0.625755131245
        median: 0.254800975323
        min: 6.51084919312e-009
        var: 0.613529503345
    zerocrossingrate:
        dmean: 0.00629741000012
        dmean2: 0.007906768471
        dvar: 4.20568067057e-005
        dvar2: 4.8162706662e-005
        max: 0.51123046875
        mean: 0.10173624754
        median: 0.1044921875
        min: 0.00732421875
        var: 0.000646154163405
    barkbands:
        dmean: [7.61318176501e-007, 7.14742491255e-005, 8.5060375568e-005, 9.16334756766e-005, 0.000220042173169, 0.000112373250886, 6.63758692099e-005, 0.000107392806967, 0.000102298021375, 7.46207660995e-005, 6.97356954333e-005, 9.22445688047e-005, 8.18886692286e-005, 8.20800923975e-005, 8.40478969621e-005, 0.00013174135529, 0.000155350586283, 0.000140440839459, 0.00018500375154, 0.000139234980452, 6.67786953272e-005, 2.41149318754e-005, 5.65840673517e-006, 1.63000731845e-006, 4.40618123321e-007, 2.33021619778e-008, 7.66418484233e-010]
        dmean2: [1.29877673771e-006, 0.000125694583403, 0.000147540617036, 0.000151065163664, 0.000370737019693, 0.000187247933354, 0.000112221983727, 0.000181595009053, 0.000161771240528, 0.00011994135275, 0.000114564936666, 0.000150804160512, 0.000130085565615, 0.000133346242364, 0.000135223919642, 0.000222436472541, 0.000260764878476, 0.000239220389631, 0.000312808930175, 0.000244099865085, 0.000113716436317, 4.09068707086e-005, 8.83600478119e-006, 2.48479818765e-006, 6.52313872251e-007, 3.70357753354e-008, 1.33051714091e-009]
        dvar: [1.87591370389e-012, 2.68529376513e-008, 2.43459634675e-008, 1.77952621527e-008, 2.97747334344e-007, 4.51682424796e-008, 2.77325664655e-008, 6.11851973531e-008, 4.32170708109e-008, 4.30488462655e-008, 2.15301625417e-008, 3.24769153792e-008, 2.8489946402e-008, 2.475062999e-008, 3.44069519542e-008, 4.12668299532e-008, 4.68260878961e-008, 3.75818771658e-008, 6.34736707639e-008, 4.40443344019e-008, 7.93597543236e-009, 1.76067471713e-009, 1.81553272416e-010, 1.56670960927e-011, 2.71256346378e-012, 2.29365065996e-015, 5.29010332664e-018]
        dvar2: [5.32695198716e-012, 7.52366915435e-008, 6.80054768054e-008, 4.61755291781e-008, 8.09895027487e-007, 1.22678116554e-007, 7.62929417419e-008, 1.67035040022e-007, 1.00549712556e-007, 1.04251228095e-007, 5.38759685753e-008, 8.12766742797e-008, 6.72740014807e-008, 5.98585288003e-008, 8.012621322e-008, 1.09640986068e-007, 1.26436333403e-007, 1.04935288903e-007, 1.7374676986e-007, 1.25220680047e-007, 2.19936406864e-008, 4.5781751723e-009, 4.02509914288e-010, 3.08113881631e-011, 4.87848129949e-012, 5.26067514881e-015, 1.46264755977e-017]
        max: [1.34793681354e-005, 0.00143580546137, 0.00193045451306, 0.00272194016725, 0.0080818682909, 0.00416251830757, 0.00243538571522, 0.0044691353105, 0.00535191781819, 0.00654784683138, 0.00296622468159, 0.00394591782242, 0.00507146073505, 0.00277072470635, 0.0048955292441, 0.00418159272522, 0.00441111717373, 0.00314192892984, 0.00380569137633, 0.00225639017299, 0.00154981261585, 0.000760842929594, 0.000450499879662, 0.000147270984598, 6.97534997016e-005, 1.65556343745e-006, 4.90042495471e-008]
        mean: [9.21024309264e-007, 8.74374964042e-005, 0.000109958411485, 0.000152600201545, 0.000343426887412, 0.000189456361113, 9.2131565907e-005, 0.000157256086823, 0.000206628639717, 0.00014893860498, 0.000126748593175, 0.000172459316673, 0.000148899445776, 0.000151544561959, 0.000163909382536, 0.000270185060799, 0.000351067690644, 0.000311818061164, 0.00045765741379, 0.000308645627229, 0.000193466883502, 5.76156235184e-005, 1.37328788696e-005, 4.29375904787e-006, 1.15416253266e-006, 4.96316872045e-008, 8.8254548114e-010]
        median: [3.1488860941e-007, 4.41021693405e-005, 5.52174096811e-005, 8.59607680468e-005, 0.000203175033676, 0.000111095381726, 4.68256039312e-005, 6.62303064018e-005, 8.00368434284e-005, 3.82929429179e-005, 4.38231691078e-005, 8.7540523964e-005, 6.58068674966e-005, 6.53489914839e-005, 8.79523140611e-005, 0.000209448291571, 0.00029088606243, 0.000245103845373, 0.000391470995964, 0.00026934480411, 0.000191104598343, 4.93095285492e-005, 7.9669562183e-006, 2.56455291492e-006, 7.19565264262e-007, 2.95483602031e-008, 3.04143488172e-010]
        min: [1.48003795341e-023, 3.15035073488e-023, 1.06848235607e-023, 1.65623745188e-023, 2.39731531658e-023, 4.6190923579e-023, 5.70878757814e-023, 2.03302266377e-023, 4.83126975122e-023, 3.36888445383e-023, 4.74729361459e-023, 7.04698976074e-023, 8.79018492792e-023, 1.20507149188e-022, 5.6059144363e-023, 1.99498480066e-022, 1.49894666532e-022, 1.09215507787e-022, 1.91623212229e-022, 2.77336130269e-022, 3.48620454185e-022, 5.00626125121e-022, 6.85450454442e-022, 6.07216101867e-022, 9.75657513022e-022, 1.55933329866e-021, 2.37181762187e-021]
        var: [2.34996961126e-012, 2.17010942549e-008, 2.7990729734e-008, 3.86898371119e-008, 3.02259167029e-007, 7.01263829228e-008, 2.73253579763e-008, 7.71583046344e-008, 1.85279034781e-007, 2.02622004508e-007, 5.80121550797e-008, 8.33783317944e-008, 6.73346249869e-008, 5.67534961249e-008, 9.38656157246e-008, 9.13252407031e-008, 1.20920944369e-007, 9.88742527852e-008, 1.88540241197e-007, 8.58867394982e-008, 3.06235179437e-008, 4.32654134741e-009, 4.88550089273e-010, 5.18250026227e-011, 7.99849509542e-012, 5.30826315385e-015, 4.10703487298e-018]
    frequency_bands:
        dmean: [7.61318176501e-007, 7.14742491255e-005, 8.5060375568e-005, 9.16334756766e-005, 0.000220042173169, 0.000112373250886, 6.63758692099e-005, 0.000107392806967, 0.000102298021375, 7.46207660995e-005, 6.97356954333e-005, 9.22445688047e-005, 8.18886692286e-005, 8.20800923975e-005, 8.40478969621e-005, 0.00013174135529, 0.000155350586283, 0.000140440839459, 0.00018500375154, 0.000139234980452, 6.67786953272e-005, 2.41149318754e-005, 5.65840673517e-006, 1.63000731845e-006, 4.40618123321e-007, 2.33021619778e-008, 7.66418484233e-010, 5.15901384113e-011]
        dmean2: [1.29877673771e-006, 0.000125694583403, 0.000147540617036, 0.000151065163664, 0.000370737019693, 0.000187247933354, 0.000112221983727, 0.000181595009053, 0.000161771240528, 0.00011994135275, 0.000114564936666, 0.000150804160512, 0.000130085565615, 0.000133346242364, 0.000135223919642, 0.000222436472541, 0.000260764878476, 0.000239220389631, 0.000312808930175, 0.000244099865085, 0.000113716436317, 4.09068707086e-005, 8.83600478119e-006, 2.48479818765e-006, 6.52313872251e-007, 3.70357753354e-008, 1.33051714091e-009, 9.57021337178e-011]
        dvar: [1.87591370389e-012, 2.68529376513e-008, 2.43459634675e-008, 1.77952621527e-008, 2.97747334344e-007, 4.51682424796e-008, 2.77325664655e-008, 6.11851973531e-008, 4.32170708109e-008, 4.30488462655e-008, 2.15301625417e-008, 3.24769153792e-008, 2.8489946402e-008, 2.475062999e-008, 3.44069519542e-008, 4.12668299532e-008, 4.68260878961e-008, 3.75818771658e-008, 6.34736707639e-008, 4.40443344019e-008, 7.93597543236e-009, 1.76067471713e-009, 1.81553272416e-010, 1.56670960927e-011, 2.71256346378e-012, 2.29365065996e-015, 5.29010332664e-018, 7.742021177e-021]
        dvar2: [5.32695198716e-012, 7.52366915435e-008, 6.80054768054e-008, 4.61755291781e-008, 8.09895027487e-007, 1.22678116554e-007, 7.62929417419e-008, 1.67035040022e-007, 1.00549712556e-007, 1.04251228095e-007, 5.38759685753e-008, 8.12766742797e-008, 6.72740014807e-008, 5.98585288003e-008, 8.012621322e-008, 1.09640986068e-007, 1.26436333403e-007, 1.04935288903e-007, 1.7374676986e-007, 1.25220680047e-007, 2.19936406864e-008, 4.5781751723e-009, 4.02509914288e-010, 3.08113881631e-011, 4.87848129949e-012, 5.26067514881e-015, 1.46264755977e-017, 2.43753082075e-020]
        max: [1.34793681354e-005, 0.00143580546137, 0.00193045451306, 0.00272194016725, 0.0080818682909, 0.00416251830757, 0.00243538571522, 0.0044691353105, 0.00535191781819, 0.00654784683138, 0.00296622468159, 0.00394591782242, 0.00507146073505, 0.00277072470635, 0.0048955292441, 0.00418159272522, 0.00441111717373, 0.00314192892984, 0.00380569137633, 0.00225639017299, 0.00154981261585, 0.000760842929594, 0.000450499879662, 0.000147270984598, 6.97534997016e-005, 1.65556343745e-006, 4.90042495471e-008, 9.80746150958e-010]
        mean: [9.21024309264e-007, 8.74374964042e-005, 0.000109958411485, 0.000152600201545, 0.000343426887412, 0.000189456361113, 9.2131565907e-005, 0.000157256086823, 0.000206628639717, 0.00014893860498, 0.000126748593175, 0.000172459316673, 0.000148899445776, 0.000151544561959, 0.000163909382536, 0.000270185060799, 0.000351067690644, 0.000311818061164, 0.00045765741379, 0.000308645627229, 0.000193466883502, 5.76156235184e-005, 1.37328788696e-005, 4.29375904787e-006, 1.15416253266e-006, 4.96316872045e-008, 8.8254548114e-010, 4.09411601843e-011]
        median: [3.1488860941e-007, 4.41021693405e-005, 5.52174096811e-005, 8.59607680468e-005, 0.000203175033676, 0.000111095381726, 4.68256039312e-005, 6.62303064018e-005, 8.00368434284e-005, 3.82929429179e-005, 4.38231691078e-005, 8.7540523964e-005, 6.58068674966e-005, 6.53489914839e-005, 8.79523140611e-005, 0.000209448291571, 0.00029088606243, 0.000245103845373, 0.000391470995964, 0.00026934480411, 0.000191104598343, 4.93095285492e-005, 7.9669562183e-006, 2.56455291492e-006, 7.19565264262e-007, 2.95483602031e-008, 3.04143488172e-010, 9.97164677219e-012]
        min: [1.48003795341e-023, 3.15035073488e-023, 1.06848235607e-023, 1.65623745188e-023, 2.39731531658e-023, 4.6190923579e-023, 5.70878757814e-023, 2.03302266377e-023, 4.83126975122e-023, 3.36888445383e-023, 4.74729361459e-023, 7.04698976074e-023, 8.79018492792e-023, 1.20507149188e-022, 5.6059144363e-023, 1.99498480066e-022, 1.49894666532e-022, 1.09215507787e-022, 1.91623212229e-022, 2.77336130269e-022, 3.48620454185e-022, 5.00626125121e-022, 6.85450454442e-022, 6.07216101867e-022, 9.75657513022e-022, 1.55933329866e-021, 2.37181762187e-021, 7.92826969686e-022]
        var: [2.34996961126e-012, 2.17010942549e-008, 2.7990729734e-008, 3.86898371119e-008, 3.02259167029e-007, 7.01263829228e-008, 2.73253579763e-008, 7.71583046344e-008, 1.85279034781e-007, 2.02622004508e-007, 5.80121550797e-008, 8.33783317944e-008, 6.73346249869e-008, 5.67534961249e-008, 9.38656157246e-008, 9.13252407031e-008, 1.20920944369e-007, 9.88742527852e-008, 1.88540241197e-007, 8.58867394982e-008, 3.06235179437e-008, 4.32654134741e-009, 4.88550089273e-010, 5.18250026227e-011, 7.99849509542e-012, 5.30826315385e-015, 4.10703487298e-018, 6.20148977848e-021]
    mfcc:
        mean: [-734.860412598, 99.3152694702, -57.7480392456, 47.7877082825, -11.5690698624, -4.08369779587, -2.07629680634, -3.15968036652, -2.83663201332, -4.76474189758, -6.3231716156, -2.75821399689, -4.98087644577]
        cov: [[14952.4042969, 888.02923584, -697.812072754, 1439.4185791, -735.788513184, 826.505065918, -270.708740234, 304.497558594, -55.3994483948, -73.5414581299, -12.0890188217, 188.317504883, 238.012695313], [888.02923584, 944.145080566, -319.757232666, 257.622589111, 13.8584413528, -191.658447266, -34.1860389709, -151.422790527, -36.0584030151, -52.9287986755, -33.2841262817, -25.6267051697, -3.30951786041], [-697.812072754, -319.757232666, 536.21282959, 18.6589565277, 61.2636299133, 93.722946167, 10.8211297989, 78.6450042725, 46.1503639221, 33.6091537476, 1.95694983006, 21.8589782715, 32.1104240417], [1439.4185791, 257.622589111, 18.6589565277, 527.90045166, 28.0655536652, 19.2820148468, -36.8775405884, -39.428981781, 45.7084312439, -17.6629734039, -42.9155693054, 19.9206752777, 44.5420761108], [-735.788513184, 13.8584413528, 61.2636299133, 28.0655536652, 164.754013062, -42.5886611938, 7.72750711441, -45.8867530823, 6.17499780655, 12.0227069855, -14.6937294006, -6.09613800049, -15.4300880432], [826.505065918, -191.658447266, 93.722946167, 19.2820148468, -42.5886611938, 248.229797363, 26.0017776489, 103.739631653, 10.1739959717, 2.67775559425, 26.804933548, 18.9317264557, 37.750415802], [-270.708740234, -34.1860389709, 10.8211297989, -36.8775405884, 7.72750711441, 26.0017776489, 91.8940200806, 47.3179588318, 18.9402122498, 2.92722654343, 6.15203714371, -0.887348711491, -5.56441307068], [304.497558594, -151.422790527, 78.6450042725, -39.428981781, -45.8867530823, 103.739631653, 47.3179588318, 142.134384155, 36.0261650085, 21.2461433411, 19.7366447449, 9.037525177, 17.9942512512], [-55.3994483948, -36.0584030151, 46.1503639221, 45.7084312439, 6.17499780655, 10.1739959717, 18.9402122498, 36.0261650085, 82.8188552856, 33.6064109802, 10.0930929184, 5.87384557724, 3.34344673157], [-73.5414581299, -52.9287986755, 33.6091537476, -17.6629734039, 12.0227069855, 2.67775559425, 2.92722654343, 21.2461433411, 33.6064109802, 69.1645889282, 28.5541477203, 7.37158250809, -5.41570043564], [-12.0890188217, -33.2841262817, 1.95694983006, -42.9155693054, -14.6937294006, 26.804933548, 6.15203714371, 19.7366447449, 10.0930929184, 28.5541477203, 64.3473739624, 22.461151123, 9.43020343781], [188.317504883, -25.6267051697, 21.8589782715, 19.9206752777, -6.09613800049, 18.9317264557, -0.887348711491, 9.037525177, 5.87384557724, 7.37158250809, 22.461151123, 60.7920188904, 30.9231452942], [238.012695313, -3.30951786041, 32.1104240417, 44.5420761108, -15.4300880432, 37.750415802, -5.56441307068, 17.9942512512, 3.34344673157, -5.41570043564, 9.43020343781, 30.9231452942, 76.2287368774]]
        icov: [[0.000350467249518, -0.000294539873721, 0.000495524902362, -0.000886866007932, 0.00103688880336, -0.00114552606829, 0.00107233866584, -0.000966003281064, 0.000825034629088, -0.000742699601687, 0.000681557401549, -0.000977975665592, 0.000509359990247], [-0.000294539873721, 0.00230065803044, 0.000462865980808, -0.000433433480794, -0.000840492546558, 0.00224226107821, -0.00147339771502, 0.00136614358053, -7.35835492378e-005, 0.0012222052319, -0.00159025320318, 0.00185614149086, -0.00109894492198], [0.000495524902362, 0.000462865980808, 0.00355080491863, -0.00159161677584, 1.7024236513e-005, -0.00171911495272, 0.00210949406028, -0.00248406478204, 0.000712682900485, -0.00132211507298, 0.00147470505908, -0.00151417858433, -0.000191042476217], [-0.000886866007932, -0.000433433480794, -0.00159161677584, 0.00559091474861, -0.00294265081175, 0.00129850418307, -0.00147896423005, 0.00349957775325, -0.00508081680164, 0.00212639500387, 0.0010602013208, 0.00101848167833, -0.00218930607662], [0.00103688880336, -0.000840492546558, 1.7024236513e-005, -0.00294265081175, 0.0115686384961, -0.00310970330611, 0.000215501408093, 0.00149487645831, 0.00240247836336, -0.00488132610917, 0.00370997190475, -0.00284112966619, 0.00222423975356], [-0.00114552606829, 0.00224226107821, -0.00171911495272, 0.00129850418307, -0.00310970330611, 0.0113434791565, -0.00385821959935, -0.00145627954043, -0.000365027255611, 0.00413040909916, -0.00553526636213, 0.00424719089642, -0.00327412504703], [0.00107233866584, -0.00147339771502, 0.00210949406028, -0.00147896423005, 0.000215501408093, -0.00385821959935, 0.0186134390533, -0.00917905848473, -0.000591796881054, 0.00110153725836, 0.00148523761891, -0.00375657784753, 0.00348758278415], [-0.000966003281064, 0.00136614358053, -0.00248406478204, 0.00349957775325, 0.00149487645831, -0.00145627954043, -0.00917905848473, 0.0195985771716, -0.00664130831137, -0.000896932324395, -0.000551381788682, 0.00351686612703, -0.0033264872618], [0.000825034629088, -7.35835492378e-005, 0.000712682900485, -0.00508081680164, 0.00240247836336, -0.000365027255611, -0.000591796881054, -0.00664130831137, 0.0218609590083, -0.00986591447145, 0.000864204484969, -0.00169049634133, 0.00120007398073], [-0.000742699601687, 0.0012222052319, -0.00132211507298, 0.00212639500387, -0.00488132610917, 0.00413040909916, 0.00110153725836, -0.000896932324395, -0.00986591447145, 0.0263131558895, -0.0118751404807, 0.00218810886145, 0.00182862358633], [0.000681557401549, -0.00159025320318, 0.00147470505908, 0.0010602013208, 0.00370997190475, -0.00553526636213, 0.00148523761891, -0.000551381788682, 0.000864204484969, -0.0118751404807, 0.0273988638073, -0.0103358244523, 0.000214727799175], [-0.000977975665592, 0.00185614149086, -0.00151417858433, 0.00101848167833, -0.00284112966619, 0.00424719089642, -0.00375657784753, 0.00351686612703, -0.00169049634133, 0.00218810886145, -0.0103358244523, 0.0271464958787, -0.010110010393], [0.000509359990247, -0.00109894492198, -0.000191042476217, -0.00218930607662, 0.00222423975356, -0.00327412504703, 0.00348758278415, -0.0033264872618, 0.00120007398073, 0.00182862358633, 0.000214727799175, -0.010110010393, 0.0201034769416]]
    sccoeffs:
        dmean: [0.0503851696849, 0.044167123735, 0.035500895232, 0.0276478882879, 0.0192038528621, 0.0160481035709]
        dmean2: [0.083787843585, 0.0743438601494, 0.0598186887801, 0.0466738268733, 0.0322986245155, 0.0257520321757]
        dvar: [0.00173938879743, 0.00121594930533, 0.000774427666329, 0.000462658208562, 0.000226192045375, 0.000221269801841]
        dvar2: [0.00471566151828, 0.00336998631246, 0.00216703419574, 0.00127189804334, 0.000618707388639, 0.000514224986546]
        max: [-0.374546229839, -0.521804749966, -0.543628811836, -0.614194095135, -0.593080818653, -0.591572582722]
        mean: [-0.698371648788, -0.77502900362, -0.789348721504, -0.78998953104, -0.794131457806, -0.727883517742]
        median: [-0.704132497311, -0.778022289276, -0.795542061329, -0.791513502598, -0.794668674469, -0.720415711403]
        min: [-0.958037078381, -0.968181550503, -0.967560529709, -0.963900148869, -0.96564489603, -0.96089464426]
        var: [0.00661622965708, 0.00391272408888, 0.00326779903844, 0.00173746899236, 0.00137055362575, 0.00211855117232]
    scvalleys:
        dmean: [0.371936917305, 0.344219982624, 0.274226367474, 0.223026454449, 0.188401401043, 0.178845509887]
        dmean2: [0.618087351322, 0.573248386383, 0.458204954863, 0.369686871767, 0.307242244482, 0.271699786186]
        dvar: [0.109223403037, 0.108255431056, 0.0680109113455, 0.0544864200056, 0.056931193918, 0.06152683869]
        dvar2: [0.250828891993, 0.253784298897, 0.144848689437, 0.101322084665, 0.0991714373231, 0.108705900609]
        max: [-5.11020612717, -4.29606389999, -5.18176364899, -5.59102249146, -5.62029027939, -7.36567258835]
        mean: [-7.34432077408, -7.00063276291, -7.23539447784, -7.33887434006, -7.31158590317, -10.5440587997]
        median: [-6.5945224762, -6.51663541794, -6.76249361038, -6.79867553711, -6.57006692886, -9.48937606812]
        min: [-27.4377861023, -27.2885951996, -27.1404571533, -27.3561267853, -27.2106533051, -27.2941818237]
        var: [4.44428348541, 3.10389757156, 2.42549371719, 2.57434844971, 3.1913049221, 4.04753255844]

rhythm:
    beats_loudness:
        dmean: 0.00138996075839
        dmean2: 0.00240433379076
        dvar: 2.12566897062e-006
        dvar2: 6.15390854364e-006
        max: 0.012830125168
        mean: 0.00424956623465
        median: 0.00420082267374
        min: 2.08059056095e-011
        var: 9.35687421588e-006
    bpm: 107.740699768
    bpm_confidence: 0
    first_peak_bpm: 108
    first_peak_spread: 0.280423283577
    first_peak_weight: 0.634032607079
    onset_rate: 1.66622698307
    second_peak_bpm: 98
    second_peak_spread: 0.277777820826
    second_peak_weight: 0.0303030312061
    beats_loudness_band_ratio:
        dmean: [0.0940346717834, 0.10051073879, 0.0634217262268, 0.0971461012959, 0.114110663533, 0.069099150598]
        dmean2: [0.166345849633, 0.178201526403, 0.110041901469, 0.173092707992, 0.204564660788, 0.120037347078]
        dvar: [0.0127207953483, 0.00860291626304, 0.00439990963787, 0.0123162381351, 0.0100479349494, 0.00391808059067]
        dvar2: [0.0313170067966, 0.0246354248375, 0.0114171095192, 0.0387408994138, 0.0292339622974, 0.0107188206166]
        max: [0.953496098518, 0.620663464069, 0.683614253998, 0.932668149471, 0.718377649784, 0.470090478659]
        mean: [0.146772965789, 0.139072030783, 0.106361746788, 0.157650649548, 0.293634057045, 0.186494931579]
        median: [0.116680413485, 0.10740481317, 0.0890962779522, 0.105609282851, 0.277933835983, 0.18686234951]
        min: [0, 0, 0, 0, 0, 0]
        var: [0.0186128225178, 0.0113608464599, 0.00634176656604, 0.0236112587154, 0.0158999040723, 0.00827397499233]
    beats_position: [0.568888902664, 1.16099774837, 1.72988653183, 2.29877543449, 2.85605430603, 3.41333317757, 3.97061228752, 4.52789115906, 5.08516979218, 5.630838871, 6.17650794983, 6.73378658295, 7.2910656929, 7.84834432602, 8.40562343597, 8.96290206909, 9.52018165588, 10.077460289, 10.623128891, 11.1804075241, 11.7260770798, 12.2833557129, 12.840634346, 13.3979139328, 13.9551925659, 14.512471199, 15.0581407547, 15.6154193878, 16.1610889435, 16.7183666229, 17.2756462097, 17.8329238892, 18.390203476, 18.9474830627, 19.5047607422, 20.062040329, 20.6193199158, 21.1765975952, 21.7222671509, 22.2679367065, 22.825214386, 23.3824939728, 23.9397735596, 24.497051239, 25.0543308258, 25.6116104126, 26.168888092, 26.7261676788, 27.2834453583, 27.8407249451, 28.3980045319, 28.9552822113, 29.5125617981, 30.0698413849, 30.6271190643, 31.17278862, 31.7184581757, 32.2757377625, 32.8330154419, 33.3902931213, 33.935962677, 34.5048522949, 35.0621299744, 35.6194114685, 36.1766891479, 36.7339668274, 37.2912483215, 37.848526001, 38.4058036804, 38.9630813599, 39.5087509155, 40.0544204712, 40.6116981506, 41.1689796448, 41.7262573242, 42.2835350037, 42.8408164978, 43.3980941772, 43.9553718567, 44.5126533508, 45.0699310303, 45.6156005859, 46.1612701416, 46.718547821, 47.2758255005, 47.8331069946, 48.3903846741, 48.9476623535, 49.5049438477, 50.0622215271, 50.631111145, 51.1767807007, 51.7340583801, 52.2913360596, 52.8486175537, 53.4058952332, 53.9631729126, 54.5204544067, 55.0661201477, 55.6117897034, 56.1690673828, 56.726348877, 57.2836265564, 57.8409042358, 58.39818573, 58.9554634094, 59.5127410889, 60.070022583, 60.6273002625, 61.1845779419, 61.741859436, 62.2875289917, 62.8448066711, 63.4020843506, 63.95936203, 64.5166397095, 65.0623092651, 65.6195907593, 66.1768722534, 66.7341461182, 67.2798156738, 67.8487091064, 68.4059829712, 68.9632644653, 69.508934021, 70.0662155151, 70.6234893799, 71.1691589355, 71.7148284912, 72.2604980469, 72.8293838501, 73.3982772827, 73.9555511475, 74.5128326416, 75.0585021973, 75.6273880005, 76.1846694946, 76.7419509888, 77.2992248535, 77.8448944092, 78.4021759033, 78.947845459, 79.5051269531, 80.0624008179, 80.619682312, 81.1769561768, 81.7342376709, 82.291519165, 82.8487930298, 83.4060745239, 83.9633560181, 84.5206298828, 85.077911377, 85.6351928711, 86.1924667358, 86.7381362915, 87.2838058472, 87.8410873413, 88.3983688354, 88.9556427002, 89.5129241943, 90.0702056885, 90.6274795532, 91.1847610474, 91.7420425415, 92.2993164063, 92.8449859619, 93.4022674561, 93.9479370117, 94.5052108765, 95.0624923706, 95.6081619263, 96.1654434204, 96.7343292236, 97.2916107178, 97.8488845825, 98.4061660767, 98.9634475708, 99.5207214355, 100.07800293, 100.635284424, 101.180953979, 101.738227844, 102.295509338, 102.852790833, 103.398452759, 103.955734253, 104.513015747, 105.070289612, 105.627571106, 106.173240662, 106.718910217, 107.276191711, 107.833465576, 108.39074707, 108.948028564, 109.505302429, 110.062583923, 110.619865417, 111.177139282, 111.734420776, 112.280090332, 112.825759888, 113.383033752, 113.940315247, 114.497596741, 115.054870605, 115.6121521, 116.169433594, 116.726707458, 117.283988953, 117.852874756, 118.421768188, 118.990653992, 119.559547424, 120.140045166, 120.708930969, 121.277824402, 121.835098267, 122.287887573, 122.74067688, 123.193466187, 123.611427307, 124.040992737, 124.470565796, 124.94657135, 125.422584534, 125.886978149, 126.316551208, 126.734512329, 127.15246582, 127.570426941, 128.034820557, 128.499221802, 128.963623047, 129.509292603, 130.04335022, 130.577407837, 131.14630127, 131.715194702, 132.284072876, 132.84135437, 133.398635864, 133.955917358, 134.513198853, 135.070480347, 135.627746582, 136.185028076, 136.74230957, 137.311203003, 137.856872559, 138.414154053, 138.971420288, 139.528701782, 140.074371338, 140.620040894, 141.177322388, 141.734603882, 142.291885376, 142.849151611, 143.406433105, 143.9637146, 144.520996094, 145.078277588, 145.635559082, 146.192825317, 146.738494873, 147.295776367, 147.841445923, 148.410339355, 148.96762085, 149.513290405, 150.070556641, 150.627838135, 151.185119629, 151.742401123, 152.299682617, 152.856964111, 153.402633667, 153.948303223, 154.505569458, 155.062850952, 155.620132446, 156.17741394, 156.734695435, 157.291976929, 157.837631226, 158.383300781, 158.940582275, 159.49786377, 160.055145264, 160.612426758, 161.169708252, 161.726974487, 162.284255981, 162.841537476, 163.39881897, 163.956100464, 164.513381958, 165.070648193, 165.627929688, 166.173599243, 166.730880737, 167.288162231, 167.845443726, 168.414321899, 168.971603394, 169.540496826, 170.09777832, 170.655059814, 171.21232605, 171.769607544, 172.3152771, 172.872558594, 173.429840088, 173.987121582, 174.544403076, 175.101669312, 175.658950806, 176.2162323, 176.773513794, 177.330795288, 177.876464844, 178.422134399, 178.979400635, 179.536682129, 180.093963623, 180.651245117, 181.208526611, 181.765808105, 182.323074341, 182.880355835, 183.437637329, 183.994918823, 184.552200317, 185.109481812, 185.655151367, 186.212417603, 186.769699097, 187.326980591, 187.895874023, 188.453155518, 189.022033691, 189.590927124, 190.159820557, 190.72869873, 191.297592163, 191.866485596, 192.43536377, 193.004257202, 193.573150635, 194.142044067, 194.72253418, 195.303039551, 195.871917725, 196.440811157, 197.00970459, 197.578598022, 198.066207886, 198.542221069, 199.018234253, 199.482620239, 199.947021484, 200.411422729, 200.875823975, 201.34022522, 201.804626465, 202.222579956, 202.628936768, 203.03527832, 203.592559814, 204.149841309, 204.707122803, 205.276000977, 205.844894409, 206.413787842, 206.982666016, 207.53994751, 208.097229004, 208.654510498, 209.211791992, 209.757461548, 210.303131104, 210.860397339, 211.417678833, 211.974960327, 212.532241821, 213.089523315, 213.64680481, 214.204071045, 214.761352539, 215.318634033, 215.864303589, 216.409973145, 216.967254639, 217.524536133, 218.081817627, 218.639083862, 219.196365356, 219.753646851, 220.310928345, 220.868209839, 221.425476074, 221.982757568, 222.528427124, 223.085708618, 223.642990112, 224.211883545, 224.76914978, 225.338043213, 225.906936646, 226.487426758, 227.067932129, 227.683258057, 228.298583984, 228.913925171, 229.529251099, 230.144577026, 230.759902954, 231.375228882, 231.990570068, 232.605895996, 233.221221924, 233.836547852, 234.451873779, 235.078811646, 235.705749512, 236.332687378, 236.948028564, 237.574966431]
