
metadata:
    version:
        essentia: "2.1-beta2"
    audio_properties:
        analysis_sample_rate: 44100
        bitrate: 235
        channels: 2
        equal_loudness: 1
        length: 212.845718384
        replay_gain: -15.1938400269
        downmix: "mix"
    tags:
        album: "Liebe Ist Fur Alle Da"
        artist: "Rammstein"
        comment: "Vagrant Records"
        date: "2009"
        genre: "Rock"
        title: "Waidmanns Heil"
        tracknumber: "3"

configuration:
    average_loudness:
        compute: 1
        frameSize: 88200
        hopSize: 44100
        silentFrames: "noise"
        windowType: "hann"
    general:
        analysisSampleRate: 44100
        endTime: 2000
        equalLoudness: 1
        nequalLoudness: 0
        shortSound: 0
        startTime: 0
    lowlevel:
        compute: 1
        frameSize: 2048
        hopSize: 1024
        zeroPadding: 0
        silentFrames: "noise"
        windowType: "blackmanharris62"
        mfccStats: ["mean", "cov", "icov"]
        stats: ["mean", "var", "median", "min", "max", "dmean", "dmean2", "dvar", "dvar2"]
    panning:
        compute: 0
        frameSize: 8192
        hopSize: 2048
        zeroPadding: 8192
        silentFrames: "noise"
        windowType: "hann"
        stats: ["copy"]
    rhythm:
        compute: 1
        maxTempo: 208
        minTempo: 40
        method: "degara"
        stats: ["mean", "var", "median", "min", "max", "dmean", "dmean2", "dvar", "dvar2"]
    segmentation:
        compute: 0
        cpw: 5
        inc1: 300
        inc2: 50
        minimumSegmentsLength: 10
        size1: 1000
        size2: 600
    sfx:
        compute: 1
        stats: ["mean", "var", "median", "min", "max", "dmean", "dmean2", "dvar", "dvar2"]
    svm:
        compute: 0
    tonal:
        compute: 1
        frameSize: 4096
        hopSize: 2048
        zeroPadding: 0
        silentFrames: "noise"
        windowType: "blackmanharris62"
        stats: ["mean", "var", "median", "min", "max", "dmean", "dmean2", "dvar", "dvar2"]

lowlevel:
    average_loudness: 0.915648460388
    barkbands_kurtosis:
        dmean: 0.909526646137
        dmean2: 1.42775225639
        dvar: 2.60777568817
        dvar2: 5.63925600052
        max: 52.6016464233
        mean: -0.29721480608
        median: -1.20117497444
        min: -1.91104912758
        var: 7.60370922089
    barkbands_skewness:
        dmean: 0.503469109535
        dmean2: 0.759527206421
        dvar: 0.252922207117
        dvar2: 0.573904812336
        max: 6.98685789108
        mean: 0.18712618947
        median: 0.101768933237
        min: -4.23734474182
        var: 1.00438797474
    barkbands_spread:
        dmean: 5.79743814468
        dmean2: 9.04752063751
        dvar: 33.331287384
        dvar2: 75.9533843994
        max: 77.6207580566
        mean: 35.6711997986
        median: 37.4041366577
        min: 2.1199221611
        var: 145.619140625
    dissonance:
        dmean: 0.0114852301776
        dmean2: 0.0191941205412
        dvar: 0.000180799601367
        dvar2: 0.000495563377626
        max: 0.5
        mean: 0.478624492884
        median: 0.485269665718
        min: 0.275467723608
        var: 0.000492206716444
    hfc:
        dmean: 3.88792896271
        dmean2: 6.80996084213
        dvar: 46.5306587219
        dvar2: 129.202468872
        max: 74.8011550903
        mean: 7.62894630432
        median: 6.27152299881
        min: 1.13682197675e-016
        var: 46.9736976624
    pitch:
        dmean: 907.744812012
        dmean2: 1732.84265137
        dvar: 1907599.5
        dvar2: 4486026
        max: 5186.79345703
        mean: 1950.53747559
        median: 1174.55004883
        min: 67.9160461426
        var: 2957293
    pitch_instantaneous_confidence:
        dmean: 0.0785141512752
        dmean2: 0.128848835826
        dvar: 0.00447926670313
        dvar2: 0.0115090711042
        max: 0.970122456551
        mean: 0.368770033121
        median: 0.343624472618
        min: 0.104424357414
        var: 0.018853476271
    pitch_salience:
        dmean: 0.0625105127692
        dmean2: 0.10326012969
        dvar: 0.00346978148445
        dvar2: 0.00913813337684
        max: 0.872989356518
        mean: 0.672286570072
        median: 0.690535783768
        min: 0.169126495719
        var: 0.00777321215719
    silence_rate_20dB:
        dmean: 0
        dmean2: 0
        dvar: 0
        dvar2: 0
        max: 1
        mean: 1
        median: 1
        min: 1
        var: 0
    silence_rate_30dB:
        dmean: 0
        dmean2: 0
        dvar: 0
        dvar2: 0
        max: 1
        mean: 1
        median: 1
        min: 1
        var: 0
    silence_rate_60dB:
        dmean: 0.127849891782
        dmean2: 0.255727678537
        dvar: 0.111511088908
        dvar2: 0.233548477292
        max: 1
        mean: 0.356130003929
        median: 0
        min: 0
        var: 0.229299142957
    spectral_centroid:
        dmean: 362.57043457
        dmean2: 560.614807129
        dvar: 157820.984375
        dvar2: 361544.5625
        max: 10785.7255859
        mean: 1699.92041016
        median: 1686.55004883
        min: 167.907501221
        var: 471677.3125
    spectral_complexity:
        dmean: 4.88884019852
        dmean2: 7.9341044426
        dvar: 32.6844177246
        dvar2: 81.1596679688
        max: 49
        mean: 14.1291446686
        median: 13
        min: 0
        var: 85.0675582886
    spectral_crest:
        dmean: 2.23589372635
        dmean2: 3.7176361084
        dvar: 5.2447271347
        dvar2: 13.85151577
        max: 24.0254268646
        mean: 7.13108539581
        median: 6.16560316086
        min: 2.54498934746
        var: 10.3185071945
    spectral_decrease:
        dmean: 3.66490532366e-010
        dmean2: 6.37905339662e-010
        dvar: 3.69109237523e-019
        dvar2: 1.03123572991e-018
        max: -9.63874522703e-030
        mean: -9.46543510238e-010
        median: -8.42578673499e-010
        min: -5.76137137998e-009
        var: 4.142356881e-019
    spectral_energy:
        dmean: 0.00169717380777
        dmean2: 0.00296595459804
        dvar: 8.01284841145e-006
        dvar2: 2.23299230129e-005
        max: 0.0253395214677
        mean: 0.00426443945616
        median: 0.00377550534904
        min: 1.03476909975e-020
        var: 8.79313483892e-006
    spectral_energyband_high:
        dmean: 0.000381156307412
        dmean2: 0.000682980229612
        dvar: 5.24905601651e-007
        dvar2: 1.44644468492e-006
        max: 0.0100349364802
        mean: 0.000518080370966
        median: 0.000321841100231
        min: 7.69384679205e-021
        var: 4.69219770594e-007
    spectral_energyband_low:
        dmean: 0.000257795240032
        dmean2: 0.000404733553296
        dvar: 1.15204294104e-007
        dvar2: 2.68764324574e-007
        max: 0.0045780222863
        mean: 0.000491820392199
        median: 0.000365265761502
        min: 6.75536934109e-023
        var: 2.49678492992e-007
    spectral_energyband_middle_high:
        dmean: 0.000753786007408
        dmean2: 0.00126299227122
        dvar: 1.28592705551e-006
        dvar2: 3.54195640284e-006
        max: 0.0127100776881
        mean: 0.00177812820766
        median: 0.00150724221021
        min: 1.34747257304e-021
        var: 2.08831716009e-006
    spectral_energyband_middle_low:
        dmean: 0.000851913588122
        dmean2: 0.00145209732
        dvar: 2.33804098571e-006
        dvar2: 6.67958056511e-006
        max: 0.0154812335968
        mean: 0.0016959423665
        median: 0.00135606341064
        min: 2.98940846896e-022
        var: 2.25921212405e-006
    spectral_flatness_db:
        dmean: 0.0155404899269
        dmean2: 0.0239835195243
        dvar: 0.000213605249883
        dvar2: 0.000485759781441
        max: 0.414939701557
        mean: 0.139623343945
        median: 0.127266705036
        min: 0.0523160025477
        var: 0.00191101559903
    spectral_flux:
        dmean: 0.00983977876604
        dmean2: 0.0157501101494
        dvar: 0.000182844916708
        dvar2: 0.000346857734257
        max: 0.142744898796
        mean: 0.039550986141
        median: 0.0371913202107
        min: 1.01723601764e-010
        var: 0.000375852832804
    spectral_kurtosis:
        dmean: 1.07754516602
        dmean2: 1.7955545187
        dvar: 3.50851655006
        dvar2: 9.6933298111
        max: 48.49609375
        mean: 3.59933662415
        median: 2.8186378479
        min: -1.18190860748
        var: 10.8342189789
    spectral_rms:
        dmean: 0.000352882430889
        dmean2: 0.000596781843342
        dvar: 2.35785861946e-007
        dvar2: 6.39783991119e-007
        max: 0.00497207045555
        mean: 0.0019204019336
        median: 0.00191922381055
        min: 3.1773114955e-012
        var: 4.72479456448e-007
    spectral_rolloff:
        dmean: 517.820251465
        dmean2: 819.847839355
        dvar: 462604.21875
        dvar2: 948457.625
        max: 18733.8867188
        mean: 3282.7265625
        median: 3552.97851563
        min: 150.732421875
        var: 1176681.75
    spectral_skewness:
        dmean: 0.208641067147
        dmean2: 0.340666800737
        dvar: 0.0605924166739
        dvar2: 0.15706333518
        max: 5.24374866486
        mean: 1.32184243202
        median: 1.26838064194
        min: 0.0352115742862
        var: 0.207844078541
    spectral_spread:
        dmean: 500156.1875
        dmean2: 699571.9375
        dvar: 477545693184
        dvar2: 822335373312
        max: 40181072
        mean: 5185526.5
        median: 5066336.5
        min: 1377527.5
        var: 2.11218084659e+012
    spectral_strongpeak:
        dmean: 0.276702523232
        dmean2: 0.484848856926
        dvar: 0.238117456436
        dvar2: 0.659852921963
        max: 6.07403755188
        mean: 0.368575751781
        median: 0.203192844987
        min: 0
        var: 0.25832670927
    zerocrossingrate:
        dmean: 0.0105166099966
        dmean2: 0.012028680183
        dvar: 0.000120713637443
        dvar2: 0.000141919677844
        max: 0.5029296875
        mean: 0.0985826924443
        median: 0.099609375
        min: 0.0126953125
        var: 0.00085713196313
    barkbands:
        dmean: [4.33899998598e-007, 5.00218338857e-005, 0.000146599661093, 0.000206520824577, 0.000648880319204, 0.000115936076327, 8.87169589987e-005, 6.48863642709e-005, 9.51189649641e-005, 4.50693260063e-005, 4.15822287323e-005, 4.97124237882e-005, 4.79004556837e-005, 3.97052790504e-005, 4.91724204039e-005, 0.000104208200355, 0.00013352066162, 0.000159725401318, 0.000284558685962, 0.000288155744784, 0.000172723172, 6.65541156195e-005, 8.05026047601e-006, 2.73485875368e-006, 1.39074711569e-006, 4.98124883563e-008, 8.46769154794e-010]
        dmean2: [6.62002491936e-007, 8.58749117469e-005, 0.000240419278271, 0.000316533638397, 0.00114534015302, 0.00018951529637, 0.000146024220157, 0.000106759696791, 0.000154441833729, 7.27871010895e-005, 6.68301508995e-005, 8.12330836197e-005, 7.84588992246e-005, 6.51110822218e-005, 7.93968720245e-005, 0.000170713232365, 0.000220350862946, 0.000273760291748, 0.000499661255162, 0.000510185607709, 0.000309425173327, 0.000118801981444, 1.38371397043e-005, 4.17335695602e-006, 2.06125673685e-006, 7.40961780821e-008, 1.24947474589e-009]
        dvar: [5.89330450759e-013, 6.75672628958e-009, 3.80336793171e-008, 8.52387529449e-008, 1.99735677597e-006, 3.1682983348e-008, 2.6452493529e-008, 1.31268969028e-008, 3.06151299867e-008, 6.19659745738e-009, 1.04860120587e-008, 8.22497803199e-009, 8.21967915954e-009, 5.83699044654e-009, 6.56162280066e-009, 2.53754990354e-008, 3.68470693957e-008, 6.81743870246e-008, 2.87176391112e-007, 2.69094329042e-007, 1.01752171133e-007, 1.94616198712e-008, 2.11694051178e-010, 6.15536996373e-011, 2.0128685177e-011, 1.46683795617e-014, 3.0151951351e-018]
        dvar2: [1.24473684398e-012, 1.97636289556e-008, 9.83377006492e-008, 1.81955272183e-007, 5.7506417761e-006, 8.71471925734e-008, 6.8144167642e-008, 3.31200133985e-008, 7.661845558e-008, 1.47674947826e-008, 2.61106052335e-008, 2.08006376567e-008, 2.11836024278e-008, 1.52491033134e-008, 1.5259804087e-008, 6.46424211936e-008, 9.36605601964e-008, 1.85802477404e-007, 8.12737425804e-007, 7.50617630274e-007, 2.79526091163e-007, 5.10091844319e-008, 5.59309154546e-010, 1.21390175689e-010, 4.06867942115e-011, 3.2212866272e-014, 6.58694054738e-018]
        max: [7.5878442658e-006, 0.00110846711323, 0.00236962293275, 0.00516496878117, 0.0141431633383, 0.00523564871401, 0.00320044974796, 0.00256352405995, 0.00339441373944, 0.00162977701984, 0.00217834906653, 0.00168952043168, 0.00192096002866, 0.001471495023, 0.00194115994964, 0.0026039830409, 0.00476801302284, 0.00452477252111, 0.00686725229025, 0.00826098117977, 0.00427233660594, 0.00274554779753, 0.000204795913305, 0.000261207227595, 0.000104265462141, 2.10959842661e-006, 4.70123922014e-008]
        mean: [6.30298075066e-007, 7.1574584581e-005, 0.000220484260353, 0.000327476038365, 0.000745300203562, 0.000202728595468, 0.000136538656079, 0.000106458355731, 0.000158801602083, 7.45521028875e-005, 6.58493081573e-005, 8.06372918305e-005, 8.47557312227e-005, 6.57646669424e-005, 9.06177738216e-005, 0.000190862483578, 0.000247894786298, 0.000261524983216, 0.000415558373788, 0.000392851477955, 0.000220659771003, 8.14694576547e-005, 1.32185050461e-005, 5.40877272215e-006, 2.71297039944e-006, 1.06605071437e-007, 1.90208360173e-009]
        median: [2.4548162969e-007, 5.17115877301e-005, 0.00014538387768, 0.000186737932381, 0.000402207428124, 0.000136348768137, 6.02984327998e-005, 4.59149450762e-005, 6.3441839302e-005, 3.95298120566e-005, 2.43290196522e-005, 3.45502994605e-005, 2.88698283839e-005, 2.83417048195e-005, 5.06018041051e-005, 0.000102915379102, 0.000161745934747, 0.000189080456039, 0.000298873666907, 0.000262157758698, 0.000131862645503, 4.04495222028e-005, 8.46217062644e-006, 2.83104736809e-006, 1.37053325489e-006, 6.07465011626e-008, 9.74602065718e-010]
        min: [1.11137516895e-023, 2.40686179571e-023, 3.45193604548e-023, 1.64335543219e-024, 1.71749944315e-023, 4.59411639055e-023, 3.5498541942e-023, 1.1503973727e-022, 7.55713916617e-023, 3.15838260107e-023, 7.62589817593e-023, 3.41520037084e-023, 8.13978741314e-023, 9.3263515971e-023, 1.43395209979e-022, 2.38851658293e-022, 1.48439186607e-022, 1.63758057593e-022, 2.46681475119e-022, 3.97743920848e-022, 4.43700003691e-022, 5.27364092187e-022, 7.15767249932e-022, 9.5654299677e-022, 9.90898356198e-022, 1.70849773243e-021, 2.21876154162e-021]
        var: [9.30929270303e-013, 6.65381216791e-009, 6.11303505593e-008, 1.82467715604e-007, 1.45172646171e-006, 5.44400116098e-008, 5.14116393902e-008, 2.90155259819e-008, 6.52903011655e-008, 1.27467627564e-008, 2.31494325931e-008, 1.72050835801e-008, 2.12971578151e-008, 1.34531044083e-008, 1.6531650715e-008, 6.59088144062e-008, 7.97209693815e-008, 8.69987744068e-008, 2.48716730766e-007, 2.33849405618e-007, 9.39747835105e-008, 2.13705995122e-008, 2.68415845106e-010, 1.22196641694e-010, 3.8540795555e-011, 2.97504771198e-014, 6.87551284383e-018]
    frequency_bands:
        dmean: [4.33899998598e-007, 5.00218338857e-005, 0.000146599661093, 0.000206520824577, 0.000648880319204, 0.000115936076327, 8.87169589987e-005, 6.48863642709e-005, 9.51189649641e-005, 4.50693260063e-005, 4.15822287323e-005, 4.97124237882e-005, 4.79004556837e-005, 3.97052790504e-005, 4.91724204039e-005, 0.000104208200355, 0.00013352066162, 0.000159725401318, 0.000284558685962, 0.000288155744784, 0.000172723172, 6.65541156195e-005, 8.05026047601e-006, 2.73485875368e-006, 1.39074711569e-006, 4.98124883563e-008, 8.46769154794e-010, 5.12370181005e-011]
        dmean2: [6.62002491936e-007, 8.58749117469e-005, 0.000240419278271, 0.000316533638397, 0.00114534015302, 0.00018951529637, 0.000146024220157, 0.000106759696791, 0.000154441833729, 7.27871010895e-005, 6.68301508995e-005, 8.12330836197e-005, 7.84588992246e-005, 6.51110822218e-005, 7.93968720245e-005, 0.000170713232365, 0.000220350862946, 0.000273760291748, 0.000499661255162, 0.000510185607709, 0.000309425173327, 0.000118801981444, 1.38371397043e-005, 4.17335695602e-006, 2.06125673685e-006, 7.40961780821e-008, 1.24947474589e-009, 9.55436285643e-011]
        dvar: [5.89330450759e-013, 6.75672628958e-009, 3.80336793171e-008, 8.52387529449e-008, 1.99735677597e-006, 3.1682983348e-008, 2.6452493529e-008, 1.31268969028e-008, 3.06151299867e-008, 6.19659745738e-009, 1.04860120587e-008, 8.22497803199e-009, 8.21967915954e-009, 5.83699044654e-009, 6.56162280066e-009, 2.53754990354e-008, 3.68470693957e-008, 6.81743870246e-008, 2.87176391112e-007, 2.69094329042e-007, 1.01752171133e-007, 1.94616198712e-008, 2.11694051178e-010, 6.15536996373e-011, 2.0128685177e-011, 1.46683795617e-014, 3.0151951351e-018, 6.4279643985e-021]
        dvar2: [1.24473684398e-012, 1.97636289556e-008, 9.83377006492e-008, 1.81955272183e-007, 5.7506417761e-006, 8.71471925734e-008, 6.8144167642e-008, 3.31200133985e-008, 7.661845558e-008, 1.47674947826e-008, 2.61106052335e-008, 2.08006376567e-008, 2.11836024278e-008, 1.52491033134e-008, 1.5259804087e-008, 6.46424211936e-008, 9.36605601964e-008, 1.85802477404e-007, 8.12737425804e-007, 7.50617630274e-007, 2.79526091163e-007, 5.10091844319e-008, 5.59309154546e-010, 1.21390175689e-010, 4.06867942115e-011, 3.2212866272e-014, 6.58694054738e-018, 2.08582606431e-020]
        max: [7.5878442658e-006, 0.00110846711323, 0.00236962293275, 0.00516496878117, 0.0141431633383, 0.00523564871401, 0.00320044974796, 0.00256352405995, 0.00339441373944, 0.00162977701984, 0.00217834906653, 0.00168952043168, 0.00192096002866, 0.001471495023, 0.00194115994964, 0.0026039830409, 0.00476801302284, 0.00452477252111, 0.00686725229025, 0.00826098117977, 0.00427233660594, 0.00274554779753, 0.000204795913305, 0.000261207227595, 0.000104265462141, 2.10959842661e-006, 4.70123922014e-008, 1.12998455037e-009]
        mean: [6.30298075066e-007, 7.1574584581e-005, 0.000220484260353, 0.000327476038365, 0.000745300203562, 0.000202728595468, 0.000136538656079, 0.000106458355731, 0.000158801602083, 7.45521028875e-005, 6.58493081573e-005, 8.06372918305e-005, 8.47557312227e-005, 6.57646669424e-005, 9.06177738216e-005, 0.000190862483578, 0.000247894786298, 0.000261524983216, 0.000415558373788, 0.000392851477955, 0.000220659771003, 8.14694576547e-005, 1.32185050461e-005, 5.40877272215e-006, 2.71297039944e-006, 1.06605071437e-007, 1.90208360173e-009, 3.87845242034e-011]
        median: [2.4548162969e-007, 5.17115877301e-005, 0.00014538387768, 0.000186737932381, 0.000402207428124, 0.000136348768137, 6.02984327998e-005, 4.59149450762e-005, 6.3441839302e-005, 3.95298120566e-005, 2.43290196522e-005, 3.45502994605e-005, 2.88698283839e-005, 2.83417048195e-005, 5.06018041051e-005, 0.000102915379102, 0.000161745934747, 0.000189080456039, 0.000298873666907, 0.000262157758698, 0.000131862645503, 4.04495222028e-005, 8.46217062644e-006, 2.83104736809e-006, 1.37053325489e-006, 6.07465011626e-008, 9.74602065718e-010, 1.38156187879e-011]
        min: [1.11137516895e-023, 2.40686179571e-023, 3.45193604548e-023, 1.64335543219e-024, 1.71749944315e-023, 4.59411639055e-023, 3.5498541942e-023, 1.1503973727e-022, 7.55713916617e-023, 3.15838260107e-023, 7.62589817593e-023, 3.41520037084e-023, 8.13978741314e-023, 9.3263515971e-023, 1.43395209979e-022, 2.38851658293e-022, 1.48439186607e-022, 1.63758057593e-022, 2.46681475119e-022, 3.97743920848e-022, 4.43700003691e-022, 5.27364092187e-022, 7.15767249932e-022, 9.5654299677e-022, 9.90898356198e-022, 1.70849773243e-021, 2.21876154162e-021, 7.70057843876e-022]
        var: [9.30929270303e-013, 6.65381216791e-009, 6.11303505593e-008, 1.82467715604e-007, 1.45172646171e-006, 5.44400116098e-008, 5.14116393902e-008, 2.90155259819e-008, 6.52903011655e-008, 1.27467627564e-008, 2.31494325931e-008, 1.72050835801e-008, 2.12971578151e-008, 1.34531044083e-008, 1.6531650715e-008, 6.59088144062e-008, 7.97209693815e-008, 8.69987744068e-008, 2.48716730766e-007, 2.33849405618e-007, 9.39747835105e-008, 2.13705995122e-008, 2.68415845106e-010, 1.22196641694e-010, 3.8540795555e-011, 2.97504771198e-014, 6.87551284383e-018, 4.74118399417e-021]
    mfcc:
        mean: [-713.189208984, 90.8091201782, -38.6712379456, 55.4004364014, -14.7274198532, -5.17418766022, -3.8523182869, -5.31478404999, -4.4178571701, -8.80975246429, -8.32945919037, -7.45723390579, -6.0738568306]
        cov: [[5963.35742188, 283.932678223, 20.9953517914, 977.46484375, 51.5690879822, 555.65020752, 125.310379028, 152.978881836, 113.60622406, 39.2502555847, 16.7262039185, -16.9665203094, 36.6934242249], [283.932678223, 783.314025879, -112.630401611, -50.7788200378, -11.4520702362, -44.5268058777, -13.18176651, 7.43715143204, 9.72412109375, -10.4057750702, -9.92187595367, 11.0265808105, -1.71726429462], [20.9953517914, -112.630401611, 595.742797852, 270.933502197, 129.195510864, 170.734573364, 134.946868896, 99.1505050659, 71.8125534058, 28.6545143127, 1.70555138588, -0.532084882259, 3.37551569939], [977.46484375, -50.7788200378, 270.933502197, 607.944702148, 169.711242676, 260.527191162, 120.622215271, 112.464492798, 85.6626281738, 37.9748077393, 7.44057226181, -11.9197664261, 36.86378479], [51.5690879822, -11.4520702362, 129.195510864, 169.711242676, 233.896286011, 121.892150879, 41.5346450806, 35.9343299866, 43.0978355408, 36.9560775757, 11.1540937424, 15.8200283051, 15.8962669373], [555.65020752, -44.5268058777, 170.734573364, 260.527191162, 121.892150879, 268.063964844, 117.3021698, 80.1981430054, 64.3887939453, 30.9838314056, 31.4948863983, 22.6065330505, 29.2123146057], [125.310379028, -13.18176651, 134.946868896, 120.622215271, 41.5346450806, 117.3021698, 154.114898682, 91.4179077148, 42.0243911743, 15.7584848404, 14.6266174316, 15.3615159988, 16.7510814667], [152.978881836, 7.43715143204, 99.1505050659, 112.464492798, 35.9343299866, 80.1981430054, 91.4179077148, 131.761550903, 63.9090766907, 19.1448478699, 12.8694992065, 13.5577936172, 19.0475311279], [113.60622406, 9.72412109375, 71.8125534058, 85.6626281738, 43.0978355408, 64.3887939453, 42.0243911743, 63.9090766907, 101.475227356, 42.210811615, 21.3374729156, 11.3699436188, 12.4581365585], [39.2502555847, -10.4057750702, 28.6545143127, 37.9748077393, 36.9560775757, 30.9838314056, 15.7584848404, 19.1448478699, 42.210811615, 82.6220779419, 33.777015686, 9.05262947083, 5.03512382507], [16.7262039185, -9.92187595367, 1.70555138588, 7.44057226181, 11.1540937424, 31.4948863983, 14.6266174316, 12.8694992065, 21.3374729156, 33.777015686, 71.4526062012, 35.1165542603, 13.3097219467], [-16.9665203094, 11.0265808105, -0.532084882259, -11.9197664261, 15.8200283051, 22.6065330505, 15.3615159988, 13.5577936172, 11.3699436188, 9.05262947083, 35.1165542603, 64.6136169434, 29.0268211365], [36.6934242249, -1.71726429462, 3.37551569939, 36.86378479, 15.8962669373, 29.2123146057, 16.7510814667, 19.0475311279, 12.4581365585, 5.03512382507, 13.3097219467, 29.0268211365, 58.61693573]]
        icov: [[0.000313147174893, -0.000138345174491, 0.000226903503062, -0.000537383253686, 0.000485563243274, -0.000694434333127, 0.000369592773495, -0.00010895854939, 0.000101768833701, -0.000129635445774, 0.000191228755284, -0.000170610102941, 0.00029956700746], [-0.000138345174491, 0.00141455058474, 0.000217560766032, 0.000202250288567, -0.000345953478245, 0.00057428504806, -0.000279194820905, -0.000137017297675, -0.0004562123504, 0.000253561331192, 0.000289729505312, -0.000438334711362, 0.000146704027429], [0.000226903503062, 0.000217560766032, 0.00274415663444, -0.000989261548966, -0.000292313139653, -0.000566394475754, -0.00118334649596, -0.000196975975996, -0.000537087384146, -1.44588748299e-005, 0.000718531489838, -0.000396384129999, 0.00124069221783], [-0.000537383253686, 0.000202250288567, -0.000989261548966, 0.00444556539878, -0.00166586169507, -0.00139844301157, -5.86933419982e-005, -0.000890739436727, -0.000358267279807, 0.000156501992024, -0.000210854093893, 0.00291094393469, -0.00227249599993], [0.000485563243274, -0.000345953478245, -0.000292313139653, -0.00166586169507, 0.00726074678823, -0.00320972898044, 0.00173675594851, 0.000158190741786, -7.97404482e-006, -0.00246050930582, 0.00209894450381, -0.0023475473281, 0.000732186774258], [-0.000694434333127, 0.00057428504806, -0.000566394475754, -0.00139844301157, -0.00320972898044, 0.0112040359527, -0.00553121231496, 0.00148443772923, -0.00189899641555, 0.00143424037378, -0.0028250226751, -0.000524438917637, -0.00106971838977], [0.000369592773495, -0.000279194820905, -0.00118334649596, -5.86933419982e-005, 0.00173675594851, -0.00553121231496, 0.0153313307092, -0.00828574970365, 0.00245456350967, -0.000870237825438, 0.000558119849302, -0.00107456033584, 0.000420704396674], [-0.00010895854939, -0.000137017297675, -0.000196975975996, -0.000890739436727, 0.000158190741786, 0.00148443772923, -0.00828574970365, 0.0173022300005, -0.00787488278002, 0.00155178969726, 0.000228968376177, -0.000625794869848, -0.0016031897394], [0.000101768833701, -0.0004562123504, -0.000537087384146, -0.000358267279807, -7.97404482e-006, -0.00189899641555, 0.00245456350967, -0.00787488278002, 0.0186705738306, -0.0070269885473, -0.000383563165087, -0.000246847892413, -0.00016999883519], [-0.000129635445774, 0.000253561331192, -1.44588748299e-005, 0.000156501992024, -0.00246050930582, 0.00143424037378, -0.000870237825438, 0.00155178969726, -0.0070269885473, 0.0194162875414, -0.00903576426208, 0.00341746932827, -0.000127064718981], [0.000191228755284, 0.000289729505312, 0.000718531489838, -0.000210854093893, 0.00209894450381, -0.0028250226751, 0.000558119849302, 0.000228968376177, -0.000383563165087, -0.00903576426208, 0.0251544900239, -0.0130645763129, 0.00220032571815], [-0.000170610102941, -0.000438334711362, -0.000396384129999, 0.00291094393469, -0.0023475473281, -0.000524438917637, -0.00107456033584, -0.000625794869848, -0.000246847892413, 0.00341746932827, -0.0130645763129, 0.0292760804296, -0.0120774554089], [0.00029956700746, 0.000146704027429, 0.00124069221783, -0.00227249599993, 0.000732186774258, -0.00106971838977, 0.000420704396674, -0.0016031897394, -0.00016999883519, -0.000127064718981, 0.00220032571815, -0.0120774554089, 0.0244978033006]]
    sccoeffs:
        dmean: [0.0587780550122, 0.0471942573786, 0.038433894515, 0.0283157154918, 0.0203516930342, 0.0278581939638]
        dmean2: [0.0965171009302, 0.0780747979879, 0.0639392361045, 0.0467263348401, 0.0337794981897, 0.0456806942821]
        dvar: [0.00262287328951, 0.00141599960625, 0.000965384708252, 0.000546250143088, 0.000294262077659, 0.00115934119094]
        dvar2: [0.00705591076985, 0.00376920192502, 0.0026137388777, 0.00142777338624, 0.000776900153141, 0.00295122433454]
        max: [-0.205193251371, -0.413982868195, -0.443077802658, -0.576129198074, -0.618936061859, -0.546808421612]
        mean: [-0.634737312794, -0.753930032253, -0.790912508965, -0.803887069225, -0.804299116135, -0.749355554581]
        median: [-0.644516944885, -0.760700047016, -0.801055192947, -0.81139010191, -0.808844149113, -0.753888547421]
        min: [-0.95228099823, -0.973145365715, -0.983738124371, -0.993907392025, -0.988957881927, -0.960786938667]
        var: [0.0087634883821, 0.00465514743701, 0.00420021032915, 0.00210368237458, 0.00111887790263, 0.0019514914602]
    scvalleys:
        dmean: [0.376145213842, 0.366400659084, 0.333211690187, 0.304056376219, 0.295200407505, 0.22220826149]
        dmean2: [0.620718538761, 0.606011927128, 0.537038087845, 0.470574319363, 0.453920185566, 0.323822945356]
        dvar: [0.136819526553, 0.130862519145, 0.109809972346, 0.108593016863, 0.134439960122, 0.0997984409332]
        dvar2: [0.29912379384, 0.289954960346, 0.226040795445, 0.206850260496, 0.274605691433, 0.17268948257]
        max: [-5.24441289902, -4.80539894104, -5.10211181641, -5.58065843582, -5.3005900383, -7.38148641586]
        mean: [-7.09132862091, -6.75974750519, -7.16049194336, -7.33737850189, -6.95806074142, -9.54404640198]
        median: [-6.47642421722, -6.60342693329, -7.02050209045, -7.19003868103, -6.70419454575, -9.33297634125]
        min: [-27.4020862579, -27.2139911652, -27.2220973969, -27.3505477905, -27.3344593048, -27.2398777008]
        var: [2.67804598808, 0.983511149883, 0.900357723236, 0.916446089745, 1.01610016823, 1.29188287258]

rhythm:
    beats_loudness:
        dmean: 0.00111714168452
        dmean2: 0.00189862085972
        dvar: 1.17885622331e-006
        dvar2: 3.09017809741e-006
        max: 0.0113452961668
        mean: 0.00490952888504
        median: 0.00513779744506
        min: 2.42570283859e-008
        var: 3.64673314834e-006
    bpm: 104.96787262
    bpm_confidence: 0
    first_peak_bpm: 105
    first_peak_spread: 0.275862067938
    first_peak_weight: 0.67924529314
    onset_rate: 3.91833114624
    second_peak_bpm: 126
    second_peak_spread: 0.16666662693
    second_peak_weight: 0.026954177767
    beats_loudness_band_ratio:
        dmean: [0.0733054205775, 0.111234568059, 0.0686880275607, 0.0479547865689, 0.0888355597854, 0.0710300132632]
        dmean2: [0.129512161016, 0.198146238923, 0.112537190318, 0.0839734151959, 0.156985417008, 0.119056649506]
        dvar: [0.00437667407095, 0.010955513455, 0.00874268542975, 0.00386187364347, 0.00919682905078, 0.00624027336016]
        dvar2: [0.0121924318373, 0.029717264697, 0.0215818155557, 0.0113202584907, 0.0244877766818, 0.0168619304895]
        max: [0.403099447489, 0.82560223341, 0.832439541817, 0.528190970421, 0.702394545078, 0.736379981041]
        mean: [0.129975572228, 0.253931850195, 0.125957369804, 0.083086758852, 0.216158881783, 0.228728249669]
        median: [0.123536393046, 0.249572038651, 0.0846372544765, 0.0625481903553, 0.190395653248, 0.222209379077]
        min: [8.66905247676e-006, 0.0027457207907, 0.00372386653908, 0.00468233600259, 0.0160283371806, 0.00348019367084]
        var: [0.00728151667863, 0.0172275938094, 0.0172739550471, 0.00432011811063, 0.0127703426406, 0.0101873604581]
    beats_position: [0.626938760281, 1.24226760864, 1.86920630932, 2.49614500999, 3.13469386101, 3.7732424736, 4.41179132462, 4.99229001999, 5.5727891922, 6.1648979187, 6.74539661407, 7.32589578629, 7.90639448166, 8.47528362274, 9.05578231812, 9.62467098236, 10.1935596466, 10.7624483109, 11.3313379288, 11.900226593, 12.4691152573, 13.0496139526, 13.6301136017, 14.1990022659, 14.7678909302, 15.3367795944, 15.9056682587, 16.4745578766, 17.0434455872, 17.6239452362, 18.1928348541, 18.7617225647, 19.3306121826, 19.8994998932, 20.4799995422, 21.0488891602, 21.6177768707, 22.1982765198, 22.7671642303, 23.3360538483, 23.9049434662, 24.4738311768, 25.0543308258, 25.6232185364, 26.1921081543, 26.7726078033, 27.3298854828, 27.8987751007, 28.4676647186, 29.0481624603, 29.6170520782, 30.1859397888, 30.7664394379, 31.3353290558, 31.9042167664, 32.4731063843, 33.0419960022, 33.6224937439, 34.1913833618, 34.7602729797, 35.3407707214, 35.9096603394, 36.4785499573, 37.0474357605, 37.6163253784, 38.1968231201, 38.765712738, 39.334602356, 39.9034919739, 40.4723815918, 41.0528793335, 41.6217689514, 42.1906585693, 42.771156311, 43.340045929, 43.9089317322, 44.4778213501, 45.046710968, 45.6272087097, 46.2077102661, 46.7765960693, 47.3454856873, 47.9143753052, 48.4832649231, 49.052154541, 49.6210403442, 50.1899299622, 50.7588195801, 51.3160972595, 51.8849868774, 52.4538764954, 53.0343742371, 53.6148757935, 54.1953735352, 54.7642631531, 55.333152771, 55.9136505127, 56.4825401306, 57.0514259338, 57.6203155518, 58.1892051697, 58.7697029114, 59.3385925293, 59.9074821472, 60.4763717651, 61.0452613831, 61.6257591248, 62.1946487427, 62.7635345459, 63.3324241638, 63.9013137817, 64.4818115234, 65.0507049561, 65.6195907593, 66.200088501, 66.7689819336, 67.3378677368, 67.90675354, 68.4756469727, 69.0445327759, 69.6134262085, 70.1939239502, 70.7744216919, 71.3549194336, 71.9238052368, 72.4926986694, 73.0615844727, 73.6304779053, 74.18775177, 74.7682495117, 75.3371429443, 75.9060287476, 76.4749221802, 77.0438079834, 77.6243057251, 78.1931991577, 78.7620849609, 79.3309707642, 79.8998641968, 80.4803619385, 81.0492477417, 81.6181411743, 82.198638916, 82.7675247192, 83.3364181519, 83.9053039551, 84.4741897583, 85.0430831909, 85.6235809326, 86.1924667358, 86.7613601685, 87.3302459717, 87.9107437134, 88.479637146, 89.0485229492, 89.6174163818, 90.1863021851, 90.7667999268, 91.3356933594, 91.9045791626, 92.4850769043, 93.0539703369, 93.6228561401, 94.2033538818, 94.760635376, 95.3411331177, 95.9100189209, 96.4789123535, 97.0594100952, 97.6282958984, 98.1971893311, 98.7660751343, 99.3349609375, 99.9038543701, 100.472740173, 101.053237915, 101.622131348, 102.191017151, 102.771514893, 103.340408325, 103.909294128, 104.478187561, 105.047073364, 105.627571106, 106.196456909, 106.765350342, 107.334236145, 107.903129578, 108.483627319, 109.052513123, 109.621406555, 110.201904297, 110.7707901, 111.339683533, 111.908569336, 112.489067078, 113.05796051, 113.638458252, 114.207344055, 114.776237488, 115.333511353, 115.902404785, 116.471290588, 117.05178833, 117.620681763, 118.189567566, 118.770065308, 119.338951111, 119.907844543, 120.476730347, 121.045623779, 121.626121521, 122.195007324, 122.763900757, 123.33278656, 123.901672363, 124.482177734, 125.051063538, 125.619949341, 126.188842773, 126.757728577, 127.338226318, 127.907119751, 128.476013184, 129.044891357, 129.61378479, 130.194290161, 130.763168335, 131.332061768, 131.912567139, 132.481445313, 133.050338745, 133.619232178, 134.188110352, 134.757003784, 135.325897217, 135.906387329, 136.475280762, 137.044174194, 137.624664307, 138.193557739, 138.762451172, 139.331329346, 139.900222778, 140.480728149, 141.049606323, 141.618499756, 142.199005127, 142.767883301, 143.336776733, 143.905670166, 144.47454834, 145.055053711, 145.623947144, 146.192825317, 146.76171875, 147.330612183, 147.911102295, 148.479995728, 149.04888916, 149.629379272, 150.198272705, 150.767166138, 151.336044312, 151.904937744, 152.485443115, 153.065933228, 153.646438599, 154.226928711, 154.702941895, 155.178955078, 155.654968262, 156.130966187, 156.595367432, 157.071380615, 157.547393799, 158.011795044, 158.487792969, 158.963806152, 159.439819336, 159.915817261, 160.496322632, 161.076828003, 161.645706177, 162.214599609, 162.783493042, 163.363983154, 163.932876587, 164.50177002, 165.070648193, 165.639541626, 166.19682312, 166.765716553, 167.334594727, 167.903488159, 168.48399353, 169.052871704, 169.621765137, 170.190658569, 170.759536743, 171.328430176, 171.897323608, 172.477813721, 173.058319092, 173.627212524, 174.196090698, 174.764984131, 175.333877563, 175.902755737, 176.47164917, 177.052154541, 177.621032715, 178.189926147, 178.75881958, 179.327713013, 179.908203125, 180.477096558, 181.04598999, 181.626480103, 182.195373535, 182.764266968, 183.333145142, 183.902038574, 184.482528687, 185.051422119, 185.620315552, 186.200805664, 186.758087158, 187.326980591, 187.895874023, 188.476364136, 189.045257568, 189.614151001, 190.194641113, 190.763534546, 191.332427979, 191.912918091, 192.481811523, 193.050704956, 193.61958313, 194.188476563, 194.768981934, 195.337860107, 195.90675354, 196.487258911, 197.056137085, 197.625030518, 198.19392395, 198.762802124, 199.343307495, 199.912200928, 200.481079102, 201.049972534, 201.618865967, 202.187744141, 202.756637573, 203.337142944, 203.906021118, 204.474914551, 205.055419922, 205.624298096, 206.193191528, 206.762084961, 207.330978394, 207.899856567, 208.46875, 209.037643433, 209.676193237, 210.314727783, 210.953277588, 211.591827393, 212.230377197]
