
metadata:
    version:
        essentia: "2.1-beta2"
    audio_properties:
        analysis_sample_rate: 44100
        bitrate: 256
        channels: 2
        equal_loudness: 1
        length: 279.928161621
        replay_gain: -13.451877594
        downmix: "mix"
    tags:
        album: "Mutter"
        artist: "Rammstein"
        comment: ""
        date: "2001"
        genre: "Folk"
        title: "Mein Herz Brennt"
        tracknumber: "1"

configuration:
    average_loudness:
        compute: 1
        frameSize: 88200
        hopSize: 44100
        silentFrames: "noise"
        windowType: "hann"
    general:
        analysisSampleRate: 44100
        endTime: 2000
        equalLoudness: 1
        nequalLoudness: 0
        shortSound: 0
        startTime: 0
    lowlevel:
        compute: 1
        frameSize: 2048
        hopSize: 1024
        zeroPadding: 0
        silentFrames: "noise"
        windowType: "blackmanharris62"
        mfccStats: ["mean", "cov", "icov"]
        stats: ["mean", "var", "median", "min", "max", "dmean", "dmean2", "dvar", "dvar2"]
    panning:
        compute: 0
        frameSize: 8192
        hopSize: 2048
        zeroPadding: 8192
        silentFrames: "noise"
        windowType: "hann"
        stats: ["copy"]
    rhythm:
        compute: 1
        maxTempo: 208
        minTempo: 40
        method: "degara"
        stats: ["mean", "var", "median", "min", "max", "dmean", "dmean2", "dvar", "dvar2"]
    segmentation:
        compute: 0
        cpw: 5
        inc1: 300
        inc2: 50
        minimumSegmentsLength: 10
        size1: 1000
        size2: 600
    sfx:
        compute: 1
        stats: ["mean", "var", "median", "min", "max", "dmean", "dmean2", "dvar", "dvar2"]
    svm:
        compute: 0
    tonal:
        compute: 1
        frameSize: 4096
        hopSize: 2048
        zeroPadding: 0
        silentFrames: "noise"
        windowType: "blackmanharris62"
        stats: ["mean", "var", "median", "min", "max", "dmean", "dmean2", "dvar", "dvar2"]

lowlevel:
    average_loudness: 0.841897547245
    barkbands_kurtosis:
        dmean: 0.865986466408
        dmean2: 1.34882879257
        dvar: 3.36258172989
        dvar2: 7.60107374191
        max: 67.670425415
        mean: -0.0250891502947
        median: -1.18775415421
        min: -1.92805457115
        var: 11.182466507
    barkbands_skewness:
        dmean: 0.406142115593
        dmean2: 0.627696037292
        dvar: 0.166340500116
        dvar2: 0.392590850592
        max: 5.75893592834
        mean: 0.317455083132
        median: 0.129723235965
        min: -7.20081281662
        var: 1.03237104416
    barkbands_spread:
        dmean: 5.00127840042
        dmean2: 7.88713645935
        dvar: 25.5007152557
        dvar2: 61.0248184204
        max: 83.1382827759
        mean: 33.6452827454
        median: 35.5575408936
        min: 1.21808898449
        var: 196.723754883
    dissonance:
        dmean: 0.0126841152087
        dmean2: 0.0214586015791
        dvar: 0.00020724440401
        dvar2: 0.000556516344659
        max: 0.500000059605
        mean: 0.475602179766
        median: 0.483573496342
        min: 0.272774904966
        var: 0.000628847570624
    hfc:
        dmean: 2.18551516533
        dmean2: 3.56619691849
        dvar: 21.9752120972
        dvar2: 59.5911636353
        max: 63.3737869263
        mean: 7.03876829147
        median: 6.17554855347
        min: 1.13230530591e-016
        var: 45.7548942566
    pitch:
        dmean: 647.259887695
        dmean2: 1234.38867188
        dvar: 1405575.25
        dvar2: 3560136.25
        max: 5684.86279297
        mean: 1514.60046387
        median: 352.010925293
        min: 58.7034111023
        var: 2718550.5
    pitch_instantaneous_confidence:
        dmean: 0.0773980394006
        dmean2: 0.125943645835
        dvar: 0.00428611971438
        dvar2: 0.0108952308074
        max: 0.915079116821
        mean: 0.385778516531
        median: 0.367012321949
        min: 0.101584553719
        var: 0.0182179585099
    pitch_salience:
        dmean: 0.0583777576685
        dmean2: 0.0949384644628
        dvar: 0.00262668775395
        dvar2: 0.00674556521699
        max: 0.885945677757
        mean: 0.644904971123
        median: 0.658284842968
        min: 0.16661220789
        var: 0.00813952088356
    silence_rate_20dB:
        dmean: 0
        dmean2: 0
        dvar: 0
        dvar2: 0
        max: 1
        mean: 1
        median: 1
        min: 1
        var: 0
    silence_rate_30dB:
        dmean: 0
        dmean2: 0
        dvar: 0
        dvar2: 0
        max: 1
        mean: 1
        median: 1
        min: 1
        var: 0
    silence_rate_60dB:
        dmean: 0.0517584607005
        dmean2: 0.10352550447
        dvar: 0.0490837208927
        dvar2: 0.109077967703
        max: 1
        mean: 0.437007546425
        median: 0
        min: 0
        var: 0.246003359556
    spectral_centroid:
        dmean: 261.29208374
        dmean2: 411.053436279
        dvar: 82473.140625
        dvar2: 193814.765625
        max: 11447.6123047
        mean: 1573.77209473
        median: 1616.31481934
        min: 152.093200684
        var: 559508.125
    spectral_complexity:
        dmean: 3.2584605217
        dmean2: 5.10095405579
        dvar: 18.3796768188
        dvar2: 40.0887756348
        max: 51
        mean: 13.6047105789
        median: 13
        min: 0
        var: 111.006942749
    spectral_crest:
        dmean: 1.82092165947
        dmean2: 2.99500465393
        dvar: 2.93119955063
        dvar2: 7.68988752365
        max: 24.3985881805
        mean: 6.95367431641
        median: 6.10309171677
        min: 2.27441048622
        var: 9.67467498779
    spectral_decrease:
        dmean: 2.5850774299e-010
        dmean2: 4.19625501014e-010
        dvar: 2.44504740452e-019
        dvar2: 6.43114831684e-019
        max: 5.37246824672e-029
        mean: -8.68938865306e-010
        median: -8.06735733772e-010
        min: -6.17348439036e-009
        var: 5.19030605368e-019
    spectral_energy:
        dmean: 0.00113931915257
        dmean2: 0.00184843025636
        dvar: 5.01546901432e-006
        dvar2: 1.32487166411e-005
        max: 0.0278262775391
        mean: 0.00391800701618
        median: 0.00362682295963
        min: 1.00852679482e-020
        var: 1.07649429992e-005
    spectral_energyband_high:
        dmean: 0.000176622284926
        dmean2: 0.000289762043394
        dvar: 1.27494942603e-007
        dvar2: 3.39752745049e-007
        max: 0.00609923573211
        mean: 0.000445261975983
        median: 0.000331837625708
        min: 6.82241928686e-021
        var: 2.70054243856e-007
    spectral_energyband_low:
        dmean: 0.000327408779413
        dmean2: 0.000527758325916
        dvar: 2.70649792355e-007
        dvar2: 6.92543153491e-007
        max: 0.0114494627342
        mean: 0.000561457243748
        median: 0.000364512670785
        min: 2.35992583403e-023
        var: 4.7801177061e-007
    spectral_energyband_middle_high:
        dmean: 0.00056568760192
        dmean2: 0.000921833678149
        dvar: 1.21013988519e-006
        dvar2: 3.22982509715e-006
        max: 0.0149672003463
        mean: 0.00179526768625
        median: 0.00144620996434
        min: 1.33232331346e-021
        var: 3.15533202411e-006
    spectral_energyband_middle_low:
        dmean: 0.000569643976633
        dmean2: 0.000936934316996
        dvar: 1.31770775624e-006
        dvar2: 3.52721599484e-006
        max: 0.0140464678407
        mean: 0.00128192908596
        median: 0.00104221573565
        min: 2.07930090478e-022
        var: 1.70678765699e-006
    spectral_flatness_db:
        dmean: 0.0136860823259
        dmean2: 0.0209130104631
        dvar: 0.000166943747899
        dvar2: 0.000379179196898
        max: 0.481814742088
        mean: 0.158607065678
        median: 0.133822530508
        min: 0.0432538725436
        var: 0.00529225263745
    spectral_flux:
        dmean: 0.00662513263524
        dmean2: 0.0104360505939
        dvar: 0.000101499870652
        dvar2: 0.000206286538742
        max: 0.140721395612
        mean: 0.0339954122901
        median: 0.0344717986882
        min: 6.5638730562e-011
        var: 0.000418136449298
    spectral_kurtosis:
        dmean: 2.71025919914
        dmean2: 4.69686746597
        dvar: 41.3331031799
        dvar2: 127.92691803
        max: 104.323875427
        mean: 8.54779911041
        median: 4.10029459
        min: -1.22005999088
        var: 201.93460083
    spectral_rms:
        dmean: 0.000242220950895
        dmean2: 0.000379177276045
        dvar: 1.30328473347e-007
        dvar2: 3.23427997273e-007
        max: 0.00521033490077
        mean: 0.00175053882413
        median: 0.00188105390407
        min: 3.13676363529e-012
        var: 7.58049054639e-007
    spectral_rolloff:
        dmean: 350.195953369
        dmean2: 574.86517334
        dvar: 236994.4375
        dvar2: 530883.0625
        max: 19466.015625
        mean: 3058.64086914
        median: 3423.77929688
        min: 150.732421875
        var: 1791725
    spectral_skewness:
        dmean: 0.254470080137
        dmean2: 0.428520917892
        dvar: 0.179080486298
        dvar2: 0.542363405228
        max: 7.86971521378
        mean: 1.70883667469
        median: 1.43328547478
        min: -0.0808561295271
        var: 1.04740452766
    spectral_spread:
        dmean: 416623.1875
        dmean2: 587827.6875
        dvar: 342145630208
        dvar2: 634826129408
        max: 41997348
        mean: 4728490.5
        median: 4599572
        min: 640677.6875
        var: 5.86525179904e+012
    spectral_strongpeak:
        dmean: 0.296443730593
        dmean2: 0.520580470562
        dvar: 0.353651702404
        dvar2: 0.952952682972
        max: 7.25103759766
        mean: 0.404084473848
        median: 0.152460947633
        min: 1.77643666444e-009
        var: 0.453789204359
    zerocrossingrate:
        dmean: 0.00780338747427
        dmean2: 0.0093151750043
        dvar: 6.30664435448e-005
        dvar2: 7.41105759516e-005
        max: 0.50927734375
        mean: 0.0927200987935
        median: 0.0986328125
        min: 0.0068359375
        var: 0.00131704995874
    barkbands:
        dmean: [1.98798360884e-007, 4.97356595588e-005, 0.000231450307183, 0.000166806537891, 0.000312653719448, 0.000126087354147, 9.26994689507e-005, 7.38369781175e-005, 7.13510962669e-005, 5.23983071616e-005, 5.05551906826e-005, 4.89692356496e-005, 5.29718345206e-005, 4.94585328852e-005, 5.02242219227e-005, 9.08841975615e-005, 0.000127841994981, 0.000151334752445, 0.00020862481324, 0.000156287685968, 8.17520995042e-005, 2.79312826024e-005, 4.74365151604e-006, 1.78927848538e-006, 1.00404190562e-006, 6.72093563026e-008, 2.37532304936e-009]
        dmean2: [2.72181978289e-007, 7.87511962699e-005, 0.000379789620638, 0.000277660234133, 0.000537125742994, 0.000204957570531, 0.000148849125253, 0.000116693154268, 0.000115181792353, 8.30406643217e-005, 8.12859725556e-005, 7.96603490016e-005, 8.50403666846e-005, 8.17364707473e-005, 8.31597353681e-005, 0.000150313149788, 0.000209228688618, 0.000252980331425, 0.000359145749826, 0.000261117122136, 0.000137149356306, 4.61722702312e-005, 7.54171196604e-006, 2.62893013314e-006, 1.37612187245e-006, 9.06523140998e-008, 3.11441894496e-009]
        dvar: [4.13586320139e-013, 5.92403281985e-009, 1.3725509973e-007, 9.86269412806e-008, 6.80116784224e-007, 5.44735847541e-008, 4.69163872197e-008, 2.5424366612e-008, 3.00201818959e-008, 1.07609015032e-008, 1.1214926765e-008, 1.55779016353e-008, 1.7523428042e-008, 1.01687414045e-008, 1.06033164471e-008, 2.85656600596e-008, 5.76801362229e-008, 8.17443819301e-008, 1.99472424356e-007, 8.64194120709e-008, 2.86932699822e-008, 4.62791804878e-009, 9.59530857547e-011, 1.43024992891e-011, 6.34306973266e-012, 2.12452007619e-014, 3.8826716444e-017]
        dvar2: [7.99313414936e-013, 1.4756868616e-008, 3.57498180392e-007, 2.70105260824e-007, 1.87130149243e-006, 1.41596643743e-007, 1.14105375815e-007, 6.36280645949e-008, 7.80033602155e-008, 2.62112624938e-008, 2.74244804643e-008, 3.84621756666e-008, 4.35568274781e-008, 2.57093848433e-008, 2.69291096089e-008, 7.40442942515e-008, 1.52696955524e-007, 2.19252711986e-007, 5.63303672152e-007, 2.33762889934e-007, 7.78155140324e-008, 1.232316027e-008, 2.31098126746e-010, 3.06482964008e-011, 1.16254670821e-011, 3.84066083515e-014, 6.77742427787e-017]
        max: [1.29527188619e-005, 0.00117004918866, 0.00752859516069, 0.00917349476367, 0.0105000268668, 0.0039817225188, 0.00683857407421, 0.00400611432269, 0.00319039123133, 0.00286189536564, 0.00254508247599, 0.00284390337765, 0.00325809465721, 0.0022205193527, 0.00221610208973, 0.00301704485901, 0.00494669331238, 0.00564718712121, 0.00610294379294, 0.00629539787769, 0.00355738284998, 0.00145419617184, 0.000188087651622, 0.000131566936034, 0.000100904864667, 2.84294492303e-006, 9.79758851827e-008]
        mean: [3.09649152541e-007, 8.50679425639e-005, 0.000341175531503, 0.000226832722547, 0.000424915167969, 0.000214004903683, 0.000144454505062, 0.000123940350022, 0.000111695364467, 9.58517412073e-005, 9.15084892767e-005, 8.40223292471e-005, 9.16983917705e-005, 8.62205779413e-005, 8.65142064868e-005, 0.00017145446327, 0.000250304408837, 0.000290337280603, 0.000396681658458, 0.000350029964466, 0.000182934803888, 5.15882966283e-005, 9.70632754616e-006, 4.19060279455e-006, 2.42332271227e-006, 1.48333569427e-007, 4.84810236401e-009]
        median: [4.33415046075e-008, 4.92538274557e-005, 0.000178399408469, 0.000110743952973, 0.000238549866481, 0.000115500908578, 5.84638437431e-005, 5.07006843691e-005, 4.07271618315e-005, 4.24398494943e-005, 3.87495019822e-005, 2.68247513304e-005, 2.32506336033e-005, 4.49784383818e-005, 3.98730262532e-005, 8.7994725618e-005, 0.000116055904073, 0.000193427869817, 0.000278454303043, 0.000259665219346, 0.000130058790091, 2.13298862946e-005, 3.87127010981e-006, 1.62933372394e-006, 1.05414312657e-006, 6.42052242483e-008, 1.58128854455e-009]
        min: [1.2549078979e-024, 1.7279223073e-024, 2.6618146983e-024, 6.60519783487e-024, 1.14626522461e-023, 7.57045040508e-024, 1.78533122581e-023, 2.03985483029e-023, 3.82902985975e-023, 1.72992999775e-023, 2.214964123e-023, 3.3040470294e-023, 3.83183757348e-023, 3.17391937437e-023, 4.6368120671e-023, 6.20959623936e-023, 7.21252243982e-023, 1.43486490652e-022, 1.91937481792e-022, 2.32977863101e-022, 2.71458851467e-022, 3.58378196577e-022, 4.66259759506e-022, 6.27207124626e-022, 8.46723966215e-022, 1.35653601686e-021, 2.15157613897e-021]
        var: [9.65840797097e-013, 1.17326495186e-008, 2.27847934298e-007, 1.16813808404e-007, 5.61324156934e-007, 9.46563716298e-008, 7.99955515163e-008, 5.83901638151e-008, 5.15493567832e-008, 3.11811625409e-008, 2.80286851506e-008, 4.04494819861e-008, 4.26928927766e-008, 1.99249470256e-008, 2.10101962494e-008, 6.32129015798e-008, 1.45577274679e-007, 1.38162533858e-007, 2.65531298282e-007, 1.68544843859e-007, 5.35218021014e-008, 7.28952720408e-009, 2.31970873066e-010, 4.831610112e-011, 1.79183490961e-011, 5.65979622652e-014, 9.40866661581e-017]
    frequency_bands:
        dmean: [1.98798360884e-007, 4.97356595588e-005, 0.000231450307183, 0.000166806537891, 0.000312653719448, 0.000126087354147, 9.26994689507e-005, 7.38369781175e-005, 7.13510962669e-005, 5.23983071616e-005, 5.05551906826e-005, 4.89692356496e-005, 5.29718345206e-005, 4.94585328852e-005, 5.02242219227e-005, 9.08841975615e-005, 0.000127841994981, 0.000151334752445, 0.00020862481324, 0.000156287685968, 8.17520995042e-005, 2.79312826024e-005, 4.74365151604e-006, 1.78927848538e-006, 1.00404190562e-006, 6.72093563026e-008, 2.37532304936e-009, 5.04358776965e-011]
        dmean2: [2.72181978289e-007, 7.87511962699e-005, 0.000379789620638, 0.000277660234133, 0.000537125742994, 0.000204957570531, 0.000148849125253, 0.000116693154268, 0.000115181792353, 8.30406643217e-005, 8.12859725556e-005, 7.96603490016e-005, 8.50403666846e-005, 8.17364707473e-005, 8.31597353681e-005, 0.000150313149788, 0.000209228688618, 0.000252980331425, 0.000359145749826, 0.000261117122136, 0.000137149356306, 4.61722702312e-005, 7.54171196604e-006, 2.62893013314e-006, 1.37612187245e-006, 9.06523140998e-008, 3.11441894496e-009, 9.15997555584e-011]
        dvar: [4.13586320139e-013, 5.92403281985e-009, 1.3725509973e-007, 9.86269412806e-008, 6.80116784224e-007, 5.44735847541e-008, 4.69163872197e-008, 2.5424366612e-008, 3.00201818959e-008, 1.07609015032e-008, 1.1214926765e-008, 1.55779016353e-008, 1.7523428042e-008, 1.01687414045e-008, 1.06033164471e-008, 2.85656600596e-008, 5.76801362229e-008, 8.17443819301e-008, 1.99472424356e-007, 8.64194120709e-008, 2.86932699822e-008, 4.62791804878e-009, 9.59530857547e-011, 1.43024992891e-011, 6.34306973266e-012, 2.12452007619e-014, 3.8826716444e-017, 6.61437649656e-021]
        dvar2: [7.99313414936e-013, 1.4756868616e-008, 3.57498180392e-007, 2.70105260824e-007, 1.87130149243e-006, 1.41596643743e-007, 1.14105375815e-007, 6.36280645949e-008, 7.80033602155e-008, 2.62112624938e-008, 2.74244804643e-008, 3.84621756666e-008, 4.35568274781e-008, 2.57093848433e-008, 2.69291096089e-008, 7.40442942515e-008, 1.52696955524e-007, 2.19252711986e-007, 5.63303672152e-007, 2.33762889934e-007, 7.78155140324e-008, 1.232316027e-008, 2.31098126746e-010, 3.06482964008e-011, 1.16254670821e-011, 3.84066083515e-014, 6.77742427787e-017, 2.07317488615e-020]
        max: [1.29527188619e-005, 0.00117004918866, 0.00752859516069, 0.00917349476367, 0.0105000268668, 0.0039817225188, 0.00683857407421, 0.00400611432269, 0.00319039123133, 0.00286189536564, 0.00254508247599, 0.00284390337765, 0.00325809465721, 0.0022205193527, 0.00221610208973, 0.00301704485901, 0.00494669331238, 0.00564718712121, 0.00610294379294, 0.00629539787769, 0.00355738284998, 0.00145419617184, 0.000188087651622, 0.000131566936034, 0.000100904864667, 2.84294492303e-006, 9.79758851827e-008, 9.71696167973e-010]
        mean: [3.09649152541e-007, 8.50679425639e-005, 0.000341175531503, 0.000226832722547, 0.000424915167969, 0.000214004903683, 0.000144454505062, 0.000123940350022, 0.000111695364467, 9.58517412073e-005, 9.15084892767e-005, 8.40223292471e-005, 9.16983917705e-005, 8.62205779413e-005, 8.65142064868e-005, 0.00017145446327, 0.000250304408837, 0.000290337280603, 0.000396681658458, 0.000350029964466, 0.000182934803888, 5.15882966283e-005, 9.70632754616e-006, 4.19060279455e-006, 2.42332271227e-006, 1.48333569427e-007, 4.84810236401e-009, 4.87004291061e-011]
        median: [4.33415046075e-008, 4.92538274557e-005, 0.000178399408469, 0.000110743952973, 0.000238549866481, 0.000115500908578, 5.84638437431e-005, 5.07006843691e-005, 4.07271618315e-005, 4.24398494943e-005, 3.87495019822e-005, 2.68247513304e-005, 2.32506336033e-005, 4.49784383818e-005, 3.98730262532e-005, 8.7994725618e-005, 0.000116055904073, 0.000193427869817, 0.000278454303043, 0.000259665219346, 0.000130058790091, 2.13298862946e-005, 3.87127010981e-006, 1.62933372394e-006, 1.05414312657e-006, 6.42052242483e-008, 1.58128854455e-009, 1.91826849544e-011]
        min: [1.2549078979e-024, 1.7279223073e-024, 2.6618146983e-024, 6.60519783487e-024, 1.14626522461e-023, 7.57045040508e-024, 1.78533122581e-023, 2.03985483029e-023, 3.82902985975e-023, 1.72992999775e-023, 2.214964123e-023, 3.3040470294e-023, 3.83183757348e-023, 3.17391937437e-023, 4.6368120671e-023, 6.20959623936e-023, 7.21252243982e-023, 1.43486490652e-022, 1.91937481792e-022, 2.32977863101e-022, 2.71458851467e-022, 3.58378196577e-022, 4.66259759506e-022, 6.27207124626e-022, 8.46723966215e-022, 1.35653601686e-021, 2.15157613897e-021, 6.01032896496e-022]
        var: [9.65840797097e-013, 1.17326495186e-008, 2.27847934298e-007, 1.16813808404e-007, 5.61324156934e-007, 9.46563716298e-008, 7.99955515163e-008, 5.83901638151e-008, 5.15493567832e-008, 3.11811625409e-008, 2.80286851506e-008, 4.04494819861e-008, 4.26928927766e-008, 1.99249470256e-008, 2.10101962494e-008, 6.32129015798e-008, 1.45577274679e-007, 1.38162533858e-007, 2.65531298282e-007, 1.68544843859e-007, 5.35218021014e-008, 7.28952720408e-009, 2.31970873066e-010, 4.831610112e-011, 1.79183490961e-011, 5.65979622652e-014, 9.40866661581e-017, 6.03550476024e-021]
    mfcc:
        mean: [-741.966918945, 104.659515381, -39.8576622009, 47.7023239136, -11.6342105865, -7.9970664978, -1.54851651192, -6.68026161194, -2.59993958473, -8.70898723602, -4.63407039642, -5.00944757462, -4.64202928543]
        cov: [[11509.1435547, -769.422119141, -728.190429688, 2810.09448242, -108.449226379, 1048.21472168, 998.956481934, 88.216835022, 309.361968994, 241.705062866, -9.9476852417, -53.0301818848, -48.4476051331], [-769.422119141, 1080.61328125, -197.241043091, -108.578666687, 44.2324066162, -129.059539795, 46.1138801575, 34.4692001343, 49.2483291626, 24.9975242615, 3.86749529839, 27.4804611206, 11.1009664536], [-728.190429688, -197.241043091, 607.887756348, -56.1012039185, 106.348335266, 81.5803375244, 13.8245258331, 17.688993454, -28.4048404694, 15.5422382355, 7.85617256165, -15.4364900589, 3.85150623322], [2810.09448242, -108.578666687, -56.1012039185, 1150.10461426, 96.5640640259, 400.588928223, 403.123962402, 43.4208717346, 141.601837158, 112.688598633, -14.6969795227, -50.2632522583, -7.13981437683], [-108.449226379, 44.2324066162, 106.348335266, 96.5640640259, 252.510986328, 61.5075187683, 19.4918556213, 29.8404560089, 9.24808120728, 22.2434997559, 17.9642448425, -2.49145913124, -4.35455465317], [1048.21472168, -129.059539795, 81.5803375244, 400.588928223, 61.5075187683, 311.769439697, 214.475860596, 18.6209259033, 44.6729011536, 43.5531158447, 17.0166244507, -18.9304141998, -4.81683731079], [998.956481934, 46.1138801575, 13.8245258331, 403.123962402, 19.4918556213, 214.475860596, 301.587188721, 63.7878875732, 73.2309570313, 55.277179718, 0.555540025234, -9.16815567017, -3.41010212898], [88.216835022, 34.4692001343, 17.688993454, 43.4208717346, 29.8404560089, 18.6209259033, 63.7878875732, 98.6403656006, 35.8919868469, 8.48816204071, 0.963490784168, 5.38594198227, 0.535318255424], [309.361968994, 49.2483291626, -28.4048404694, 141.601837158, 9.24808120728, 44.6729011536, 73.2309570313, 35.8919868469, 97.1401367188, 46.4016838074, -5.24859666824, 1.01684296131, 7.20461750031], [241.705062866, 24.9975242615, 15.5422382355, 112.688598633, 22.2434997559, 43.5531158447, 55.277179718, 8.48816204071, 46.4016838074, 85.4597244263, 22.5901241302, 4.39999675751, 2.48258304596], [-9.9476852417, 3.86749529839, 7.85617256165, -14.6969795227, 17.9642448425, 17.0166244507, 0.555540025234, 0.963490784168, -5.24859666824, 22.5901241302, 73.8272476196, 25.6071777344, -11.4108543396], [-53.0301818848, 27.4804611206, -15.4364900589, -50.2632522583, -2.49145913124, -18.9304141998, -9.16815567017, 5.38594198227, 1.01684296131, 4.39999675751, 25.6071777344, 59.2890472412, 20.2798271179], [-48.4476051331, 11.1009664536, 3.85150623322, -7.13981437683, -4.35455465317, -4.81683731079, -3.41010212898, 0.535318255424, 7.20461750031, 2.48258304596, -11.4108543396, 20.2798271179, 57.089302063]]
        icov: [[0.000319324579323, 0.000178715636139, 0.000370801019017, -0.000700233562384, 0.000317539728712, -0.000332626805175, 5.68852556171e-005, -0.000233695478528, 0.000276257836958, -0.000204061550903, 0.000173437831108, -0.000532170059159, 0.000323111220496], [0.000178715636139, 0.00137852807529, 0.000629253976513, -4.09042768297e-005, -0.000541590503417, 0.000963659025729, -0.0013635182986, 0.000302159431158, -0.000398121424951, -0.000206033728318, -0.000121929137094, -0.000192620689631, -0.000104985549115], [0.000370801019017, 0.000629253976513, 0.00265537388623, -0.000146804697579, -0.000595658610109, -0.00113476172555, -0.000308527785819, -0.000721680466086, 0.00125176669098, -0.0013414286077, 0.000538260268513, 0.000152917404193, -0.000204403404496], [-0.000700233562384, -4.09042768297e-005, -0.000146804697579, 0.00398103427142, -0.00152969406918, -0.000573681667447, -0.00222371192649, 0.00149202719331, -0.00178428424988, -0.000455707457149, 0.000323813263094, 0.00222507957369, -0.000871098192874], [0.000317539728712, -0.000541590503417, -0.000595658610109, -0.00152969406918, 0.00568613596261, -0.00193140120246, 0.00256253988482, -0.00260618375614, 0.0011107911123, -0.0010073891608, -0.000338205922162, -0.00072117644595, 0.000764134223573], [-0.000332626805175, 0.000963659025729, -0.00113476172555, -0.000573681667447, -0.00193140120246, 0.0104915350676, -0.0062869922258, 0.003216851037, -0.00112383987289, 0.00209809630178, -0.00396509747952, 0.00267910468392, -0.00182630436029], [5.68852556171e-005, -0.0013635182986, -0.000308527785819, -0.00222371192649, 0.00256253988482, -0.0062869922258, 0.0121243279427, -0.00583776598796, 0.000413265486713, -0.00225152028725, 0.00222887285054, -0.00218433118425, 0.00176727783401], [-0.000233695478528, 0.000302159431158, -0.000721680466086, 0.00149202719331, -0.00260618375614, 0.003216851037, -0.00583776598796, 0.015665858984, -0.0063226739876, 0.00383774447255, -0.0015066441847, -0.000189738770132, -4.74784865219e-005], [0.000276257836958, -0.000398121424951, 0.00125176669098, -0.00178428424988, 0.0011107911123, -0.00112383987289, 0.000413265486713, -0.0063226739876, 0.0200633779168, -0.00992360990494, 0.00471218582243, -0.00193773803767, -0.000392109068343], [-0.000204061550903, -0.000206033728318, -0.0013414286077, -0.000455707457149, -0.0010073891608, 0.00209809630178, -0.00225152028725, 0.00383774447255, -0.00992360990494, 0.0210385173559, -0.00848702806979, 0.00216910149902, -0.00229931762442], [0.000173437831108, -0.000121929137094, 0.000538260268513, 0.000323813263094, -0.000338205922162, -0.00396509747952, 0.00222887285054, -0.0015066441847, 0.00471218582243, -0.00848702806979, 0.0233127474785, -0.012744451873, 0.0089232865721], [-0.000532170059159, -0.000192620689631, 0.000152917404193, 0.00222507957369, -0.00072117644595, 0.00267910468392, -0.00218433118425, -0.000189738770132, -0.00193773803767, 0.00216910149902, -0.012744451873, 0.0286201704293, -0.0126677099615], [0.000323111220496, -0.000104985549115, -0.000204403404496, -0.000871098192874, 0.000764134223573, -0.00182630436029, 0.00176727783401, -4.74784865219e-005, -0.000392109068343, -0.00229931762442, 0.0089232865721, -0.0126677099615, 0.0241590645164]]
    sccoeffs:
        dmean: [0.0494854524732, 0.0442374199629, 0.0349234826863, 0.028069101274, 0.0199930779636, 0.0163395348936]
        dmean2: [0.0823145881295, 0.0732431858778, 0.0578725337982, 0.0467800796032, 0.0332220345736, 0.0265973675996]
        dvar: [0.00174512842204, 0.00128188065719, 0.000730829604436, 0.000510343117639, 0.000288834562525, 0.000270443531917]
        dvar2: [0.00481712259352, 0.00353566952981, 0.00198094290681, 0.0013554134639, 0.000735514040571, 0.000654106552247]
        max: [-0.274571359158, -0.512205004692, -0.576594114304, -0.584636867046, -0.543849468231, -0.577897787094]
        mean: [-0.64434927702, -0.751609802246, -0.793871998787, -0.798171401024, -0.790247142315, -0.756743431091]
        median: [-0.648393034935, -0.754811704159, -0.799347817898, -0.802782177925, -0.801086306572, -0.749174416065]
        min: [-0.970792651176, -0.973957300186, -0.97312772274, -0.966512322426, -0.966863393784, -0.964116513729]
        var: [0.00567111419514, 0.00369256339036, 0.00264114770107, 0.00184039538726, 0.00233807926998, 0.00262357178144]
    scvalleys:
        dmean: [0.379134446383, 0.350168853998, 0.296218693256, 0.264269709587, 0.211858257651, 0.203497603536]
        dmean2: [0.623399674892, 0.572139143944, 0.473465234041, 0.421016842127, 0.330233931541, 0.281031310558]
        dvar: [0.11672116071, 0.104160577059, 0.0725677907467, 0.07046623528, 0.0717328861356, 0.0734214857221]
        dvar2: [0.269660145044, 0.249154612422, 0.1588986516, 0.15006557107, 0.14603574574, 0.126064315438]
        max: [-5.26383876801, -4.57375335693, -5.06072568893, -5.53710603714, -5.32520532608, -7.5710401535]
        mean: [-7.37865304947, -6.86076211929, -7.28286170959, -7.55878829956, -7.54877567291, -10.3625717163]
        median: [-6.70031452179, -6.65333223343, -7.0254073143, -7.26223802567, -6.75238084793, -9.61026096344]
        min: [-27.8425540924, -27.9175434113, -28.0565280914, -27.5198364258, -27.4476394653, -27.4319972992]
        var: [3.71926450729, 1.37200915813, 1.41251420975, 1.6599098444, 3.77693104744, 4.37391471863]

rhythm:
    beats_loudness:
        dmean: 0.00207207351923
        dmean2: 0.00385220488533
        dvar: 3.69560302715e-006
        dvar2: 1.21568536997e-005
        max: 0.0139026930556
        mean: 0.00543865188956
        median: 0.00610912963748
        min: 1.08725313197e-008
        var: 1.31744682221e-005
    bpm: 83.1179351807
    bpm_confidence: 0
    first_peak_bpm: 83
    first_peak_spread: 0.0935673043132
    first_peak_weight: 0.765432059765
    onset_rate: 2.5899503231
    second_peak_bpm: 148
    second_peak_spread: 0.473684221506
    second_peak_weight: 0.0246913582087
    beats_loudness_band_ratio:
        dmean: [0.205038890243, 0.140524595976, 0.104436807334, 0.0747339725494, 0.101527534425, 0.0806450918317]
        dmean2: [0.400892943144, 0.257536411285, 0.186955854297, 0.128640383482, 0.177552849054, 0.14740909636]
        dvar: [0.0290869493037, 0.0144625687972, 0.00926498509943, 0.00595304742455, 0.00840559881181, 0.00718396669254]
        dvar2: [0.0987276136875, 0.0404487550259, 0.0250332802534, 0.0156702399254, 0.0249888245016, 0.0211492218077]
        max: [0.793199717999, 0.918858289719, 0.848615884781, 0.615049898624, 0.758435189724, 0.727137088776]
        mean: [0.191052258015, 0.197198748589, 0.168661773205, 0.111465230584, 0.197341069579, 0.172322824597]
        median: [0.124580919743, 0.159212425351, 0.124659024179, 0.0875562205911, 0.193640306592, 0.178454756737]
        min: [1.17502395369e-005, 0.0166704170406, 0.00866110436618, 0.00500663695857, 0.00228387513198, 9.61933837971e-005]
        var: [0.0353273302317, 0.0232443325222, 0.0216818638146, 0.00767772970721, 0.012817023322, 0.013712243177]
    beats_position: [0.46439909935, 0.940408170223, 1.4164172411, 1.89242625237, 2.36843538284, 2.8444442749, 3.29723358154, 3.73841261864, 4.17959165573, 4.62077093124, 5.06195020676, 5.4915189743, 5.93269824982, 6.35065746307, 6.76861667633, 7.19818592072, 7.61614513397, 8.03410434723, 8.45206356049, 8.87002277374, 9.27637195587, 9.682721138, 10.0890703201, 10.4954195023, 10.9017686844, 11.3081178665, 11.7144670486, 12.1092061996, 12.5155553818, 12.9219045639, 13.328253746, 13.722992897, 14.117732048, 14.5008611679, 15.0000905991, 15.4993190765, 16.0101585388, 16.5209980011, 17.0434455872, 17.5658950806, 18.088344574, 18.5991840363, 19.1100215912, 19.6208610535, 20.1433105469, 20.6657600403, 21.2578678131, 21.8499774933, 22.4536952972, 23.0690250397, 23.6727428436, 24.3345127106, 24.984670639, 25.6928787231, 26.4010887146, 27.0976867676, 27.8058948517, 28.537322998, 29.2571430206, 29.9537410736, 30.6387290955, 31.3817672729, 32.1248054504, 32.8794555664, 33.6341018677, 34.3655319214, 35.0969619751, 35.8167800903, 36.5365982056, 37.2680282593, 37.9878463745, 38.7192726135, 39.4390907288, 40.1705207825, 40.8903388977, 41.6101570129, 42.3299751282, 43.0497932434, 43.7696151733, 44.4894332886, 45.2092514038, 45.929069519, 46.6488876343, 47.3687057495, 48.0885238647, 48.8199539185, 49.5513839722, 50.2712020874, 50.9910202026, 51.7108383179, 52.4422683716, 53.1736946106, 53.8935127258, 54.6133308411, 55.333152771, 56.0529708862, 56.7843971252, 57.515827179, 58.2240333557, 58.9322433472, 59.6520614624, 60.3718795776, 61.1033096313, 61.8347396851, 62.5545578003, 63.2743759155, 63.9941940308, 64.714012146, 65.4338302612, 66.1536483765, 66.8618545532, 67.5932846069, 68.3131027222, 69.0329208374, 69.7527389526, 70.4841690063, 71.2155990601, 71.9354171753, 72.6552352905, 73.3750534058, 74.094871521, 74.8263015747, 75.5577316284, 76.2775497437, 76.9741516113, 77.6939697266, 78.4137878418, 79.133605957, 79.8534240723, 80.584854126, 81.3046722412, 82.0360946655, 82.7559204102, 83.4757385254, 84.1955566406, 84.9269790649, 85.6468048096, 86.3782272339, 87.0980453491, 87.8178634644, 88.537689209, 89.2575073242, 89.9773254395, 90.6971435547, 91.428565979, 92.1483917236, 92.8565979004, 93.5764160156, 94.3078460693, 95.039276123, 95.7590942383, 96.4789123535, 97.1987304688, 97.918548584, 98.6383666992, 99.3581848145, 100.07800293, 100.797821045, 101.529251099, 102.260681152, 102.980499268, 103.700317383, 104.420135498, 105.139953613, 105.859771729, 106.579589844, 107.299407959, 108.019226074, 108.750656128, 109.482086182, 110.201904297, 110.921722412, 111.641540527, 112.361358643, 113.081176758, 113.800994873, 114.520812988, 115.240631104, 115.960449219, 116.691879272, 117.400085449, 118.119903564, 118.851333618, 119.582763672, 120.302581787, 121.022399902, 121.742218018, 122.462036133, 123.181854248, 123.901672363, 124.621498108, 125.364532471, 126.084350586, 126.804168701, 127.523986816, 128.243804932, 128.963623047, 129.683441162, 130.403259277, 131.123077393, 131.842895508, 132.562713623, 133.294143677, 134.013961792, 134.722167969, 135.441986084, 136.173416138, 136.904846191, 137.624664307, 138.344482422, 139.052688599, 139.784118652, 140.503936768, 141.223754883, 141.943572998, 142.663391113, 143.383224487, 144.103042603, 144.834457397, 145.565887451, 146.285705566, 147.005523682, 147.725341797, 148.445159912, 149.176589966, 149.90802002, 150.627838135, 151.34765625, 152.067474365, 152.78729248, 153.507110596, 154.226928711, 154.946762085, 155.6665802, 156.386398315, 157.106216431, 157.837631226, 158.569061279, 159.288879395, 160.00869751, 160.728515625, 161.448348999, 162.168167114, 162.887985229, 163.607803345, 164.32762146, 165.047439575, 165.778869629, 166.498687744, 167.230117798, 167.949935913, 168.669754028, 169.389572144, 170.109390259, 170.829208374, 171.549026489, 172.268844604, 172.98866272, 173.720092773, 174.451522827, 175.171340942, 175.891159058, 176.610977173, 177.330795288, 178.050613403, 178.770431519, 179.490249634, 180.210067749, 180.929885864, 181.649703979, 182.369522095, 183.08934021, 183.809158325, 184.540588379, 185.272018433, 185.991836548, 186.711654663, 187.431472778, 188.151290894, 188.871109009, 189.590927124, 190.310745239, 191.042175293, 191.761993408, 192.493423462, 193.213241577, 193.933059692, 194.652877808, 195.361083984, 196.0809021, 196.800720215, 197.52053833, 198.228744507, 198.948562622, 199.668380737, 200.388198853, 201.108016968, 201.839447021, 202.559265137, 203.29069519, 204.010513306, 204.741943359, 205.473373413, 206.204803467, 206.924621582, 207.632827759, 208.352645874, 209.060852051, 209.629745483, 210.198638916, 210.779129028, 211.417678833, 212.056228638, 212.718002319, 213.391372681, 214.076370239, 214.761352539, 215.446350098, 216.189376831, 216.944030762, 217.687072754, 218.430114746, 219.173141479, 219.916183472, 220.636001587, 221.355819702, 222.075637817, 222.795455933, 223.515274048, 224.235092163, 224.966522217, 225.686340332, 226.417770386, 227.137588501, 227.857406616, 228.577224731, 229.297042847, 230.016860962, 230.725082397, 231.444900513, 232.176315308, 232.896133423, 233.615966797, 234.335784912, 235.078811646, 235.798629761, 236.518447876, 237.238265991, 237.958084106, 238.677902222, 239.397735596, 240.117553711, 240.837371826, 241.557189941, 242.277008057, 242.996826172, 243.728256226, 244.448074341, 245.179489136, 245.89932251, 246.619140625, 247.33895874, 248.058776855, 248.778594971, 249.510025024, 250.218231201, 250.938049316, 251.657867432, 252.377685547, 253.097503662, 253.817321777, 254.548751831, 255.280181885, 255.988388062, 256.719818115, 257.45123291, 258.182678223, 258.902496338, 259.622314453, 260.342132568, 261.061950684, 261.781768799, 262.501586914, 263.221405029, 263.941223145, 264.66104126, 265.380859375, 266.10067749, 266.820495605, 267.540313721, 268.260131836, 268.979949951, 269.699768066, 270.419586182, 271.139404297, 271.859222412, 272.579040527, 273.298858643, 274.030303955, 274.76171875, 275.481536865, 276.20135498, 276.921173096, 277.652587891, 278.384033203, 279.115447998]
