
metadata:
    version:
        essentia: "2.1-beta2"
    audio_properties:
        analysis_sample_rate: 44100
        bitrate: 256
        channels: 2
        equal_loudness: 1
        length: 191.451431274
        replay_gain: -14.9999961853
        downmix: "mix"
    tags:
        album: "Mutter"
        artist: "Rammstein"
        comment: ""
        date: "2001"
        genre: "Folk"
        title: "Feuer Frei"
        tracknumber: "5"

configuration:
    average_loudness:
        compute: 1
        frameSize: 88200
        hopSize: 44100
        silentFrames: "noise"
        windowType: "hann"
    general:
        analysisSampleRate: 44100
        endTime: 2000
        equalLoudness: 1
        nequalLoudness: 0
        shortSound: 0
        startTime: 0
    lowlevel:
        compute: 1
        frameSize: 2048
        hopSize: 1024
        zeroPadding: 0
        silentFrames: "noise"
        windowType: "blackmanharris62"
        mfccStats: ["mean", "cov", "icov"]
        stats: ["mean", "var", "median", "min", "max", "dmean", "dmean2", "dvar", "dvar2"]
    panning:
        compute: 0
        frameSize: 8192
        hopSize: 2048
        zeroPadding: 8192
        silentFrames: "noise"
        windowType: "hann"
        stats: ["copy"]
    rhythm:
        compute: 1
        maxTempo: 208
        minTempo: 40
        method: "degara"
        stats: ["mean", "var", "median", "min", "max", "dmean", "dmean2", "dvar", "dvar2"]
    segmentation:
        compute: 0
        cpw: 5
        inc1: 300
        inc2: 50
        minimumSegmentsLength: 10
        size1: 1000
        size2: 600
    sfx:
        compute: 1
        stats: ["mean", "var", "median", "min", "max", "dmean", "dmean2", "dvar", "dvar2"]
    svm:
        compute: 0
    tonal:
        compute: 1
        frameSize: 4096
        hopSize: 2048
        zeroPadding: 0
        silentFrames: "noise"
        windowType: "blackmanharris62"
        stats: ["mean", "var", "median", "min", "max", "dmean", "dmean2", "dvar", "dvar2"]

lowlevel:
    average_loudness: 0.898846626282
    barkbands_kurtosis:
        dmean: 30.8013305664
        dmean2: 48.9513969421
        dvar: 661125.8125
        dvar2: 1272692.625
        max: 53557.4296875
        mean: 57.4927558899
        median: -0.870394766331
        min: -1.90316331387
        var: 1827704.5
    barkbands_skewness:
        dmean: 0.532236635685
        dmean2: 0.843582093716
        dvar: 7.25719213486
        dvar2: 14.4904298782
        max: 147.808441162
        mean: -0.0820344015956
        median: -0.463403314352
        min: -11.2333135605
        var: 21.8804473877
    barkbands_spread:
        dmean: 5.40975427628
        dmean2: 8.67124938965
        dvar: 29.5379600525
        dvar2: 71.800453186
        max: 76.7760162354
        mean: 33.7932090759
        median: 35.2008361816
        min: 0.00175344420131
        var: 229.28364563
    dissonance:
        dmean: 0.0130499918014
        dmean2: 0.0224990788847
        dvar: 0.000819359789602
        dvar2: 0.00240196031518
        max: 0.500000119209
        mean: 0.466706305742
        median: 0.489468723536
        min: 0.0247742421925
        var: 0.00560858938843
    hfc:
        dmean: 3.11174869537
        dmean2: 5.16528844833
        dvar: 29.6739673615
        dvar2: 78.461807251
        max: 64.8998031616
        mean: 10.1429033279
        median: 9.1427526474
        min: 1.07985808461e-016
        var: 69.8366699219
    pitch:
        dmean: 739.552185059
        dmean2: 1386.0390625
        dvar: 1404647.5
        dvar2: 3531902
        max: 5425.52001953
        mean: 2073.65527344
        median: 2015.0657959
        min: 57.8429145813
        var: 2793535
    pitch_instantaneous_confidence:
        dmean: 0.0695817992091
        dmean2: 0.117087498307
        dvar: 0.00421964982525
        dvar2: 0.011243423447
        max: 0.992529273033
        mean: 0.392986953259
        median: 0.340323030949
        min: 0.0926005840302
        var: 0.0394249968231
    pitch_salience:
        dmean: 0.0513077639043
        dmean2: 0.0845471248031
        dvar: 0.00280957808718
        dvar2: 0.00745402928442
        max: 0.862747490406
        mean: 0.648905217648
        median: 0.692946493626
        min: 0.00778806768358
        var: 0.0221626535058
    silence_rate_20dB:
        dmean: 0
        dmean2: 0
        dvar: 0
        dvar2: 0
        max: 1
        mean: 1
        median: 1
        min: 1
        var: 0
    silence_rate_30dB:
        dmean: 0
        dmean2: 0
        dvar: 0
        dvar2: 0
        max: 1
        mean: 1
        median: 1
        min: 1
        var: 0
    silence_rate_60dB:
        dmean: 0.0557846240699
        dmean2: 0.111582778394
        dvar: 0.0526733659208
        dvar2: 0.116355724633
        max: 1
        mean: 0.330301940441
        median: 0
        min: 0
        var: 0.221197858453
    spectral_centroid:
        dmean: 263.168548584
        dmean2: 408.54473877
        dvar: 91299.578125
        dvar2: 199620.59375
        max: 11778.3125
        mean: 2143.74609375
        median: 2123.65014648
        min: 198.562606812
        var: 1905605.75
    spectral_complexity:
        dmean: 3.98641777039
        dmean2: 6.37040615082
        dvar: 21.7221679688
        dvar2: 49.8890342712
        max: 52
        mean: 17.8514614105
        median: 19
        min: 0
        var: 135.44631958
    spectral_crest:
        dmean: 1.44659173489
        dmean2: 2.42248225212
        dvar: 2.53402161598
        dvar2: 6.68291664124
        max: 26.9982700348
        mean: 7.21727991104
        median: 5.49465179443
        min: 2.25061821938
        var: 25.2460823059
    spectral_decrease:
        dmean: 2.39565978166e-010
        dmean2: 3.95239369011e-010
        dvar: 1.50371405797e-019
        dvar2: 4.02218072119e-019
        max: 1.77561953817e-028
        mean: -9.31230037526e-010
        median: -9.21957565847e-010
        min: -4.70711469802e-009
        var: 3.99517430816e-019
    spectral_energy:
        dmean: 0.00114842341281
        dmean2: 0.00189709209371
        dvar: 3.70218572243e-006
        dvar2: 9.91838624032e-006
        max: 0.0236523486674
        mean: 0.00443467358127
        median: 0.0043438076973
        min: 9.97819167973e-021
        var: 9.54228744376e-006
    spectral_energyband_high:
        dmean: 0.000291634263704
        dmean2: 0.000482312141685
        dvar: 2.69130424613e-007
        dvar2: 6.83278869928e-007
        max: 0.00981273222715
        mean: 0.000775798631366
        median: 0.000618025893345
        min: 6.78634807292e-021
        var: 6.49983576295e-007
    spectral_energyband_low:
        dmean: 0.000280201784335
        dmean2: 0.000453479558928
        dvar: 1.48931292188e-007
        dvar2: 3.84273903364e-007
        max: 0.0068067451939
        mean: 0.00053645693697
        median: 0.000432412343798
        min: 1.94578537616e-023
        var: 2.950474709e-007
    spectral_energyband_middle_high:
        dmean: 0.000742260424886
        dmean2: 0.00123108562548
        dvar: 1.48501692365e-006
        dvar2: 3.87103909816e-006
        max: 0.016973439604
        mean: 0.00236212997697
        median: 0.0019892451819
        min: 1.16500684947e-021
        var: 4.06416893384e-006
    spectral_energyband_middle_low:
        dmean: 0.000365794665413
        dmean2: 0.000608716451097
        dvar: 2.87122446707e-007
        dvar2: 7.77923276019e-007
        max: 0.00659017032012
        mean: 0.000901332939975
        median: 0.000807553471532
        min: 1.61545675096e-022
        var: 4.80278856685e-007
    spectral_flatness_db:
        dmean: 0.0123768085614
        dmean2: 0.0189266763628
        dvar: 0.000212304134038
        dvar2: 0.000448673177743
        max: 0.746399343014
        mean: 0.151515841484
        median: 0.116811260581
        min: 0.0445357523859
        var: 0.0138864889741
    spectral_flux:
        dmean: 0.00627809949219
        dmean2: 0.00969813019037
        dvar: 7.6243049989e-005
        dvar2: 0.000147335435031
        max: 0.128620862961
        mean: 0.0378417149186
        median: 0.0398486182094
        min: 6.36583147307e-011
        var: 0.000422462151619
    spectral_kurtosis:
        dmean: 1.70380997658
        dmean2: 2.76258063316
        dvar: 34.2696685791
        dvar2: 92.1784133911
        max: 219.624130249
        mean: 10.0240316391
        median: 3.50526881218
        min: -1.27379488945
        var: 688.463989258
    spectral_rms:
        dmean: 0.000233385580941
        dmean2: 0.000377177115297
        dvar: 1.10701620315e-007
        dvar2: 2.8594052992e-007
        max: 0.00480369245633
        mean: 0.00189514923841
        median: 0.0020586065948
        min: 3.12006757236e-012
        var: 7.34909292532e-007
    spectral_rolloff:
        dmean: 278.414642334
        dmean2: 443.359161377
        dvar: 179937.6875
        dvar2: 352312.09375
        max: 19573.6816406
        mean: 3753.91577148
        median: 3962.109375
        min: 193.798828125
        var: 5260012.5
    spectral_skewness:
        dmean: 0.163263455033
        dmean2: 0.253072589636
        dvar: 0.0655844137073
        dvar2: 0.151712357998
        max: 12.7507457733
        mean: 1.84985995293
        median: 1.36213493347
        min: -0.0992179661989
        var: 3.77622008324
    spectral_spread:
        dmean: 529804.0625
        dmean2: 719422.25
        dvar: 552209219584
        dvar2: 1.02013272064e+012
        max: 43057224
        mean: 5824411
        median: 5196526.5
        min: 450003.90625
        var: 2.35335330038e+013
    spectral_strongpeak:
        dmean: 0.444545298815
        dmean2: 0.778724730015
        dvar: 0.622639834881
        dvar2: 1.67003917694
        max: 8.72622299194
        mean: 0.534706771374
        median: 0.160962641239
        min: 3.45882454622e-011
        var: 0.769112586975
    zerocrossingrate:
        dmean: 0.00777306314558
        dmean2: 0.00914445053786
        dvar: 8.09854464023e-005
        dvar2: 9.00449958863e-005
        max: 0.53564453125
        mean: 0.11625303328
        median: 0.1181640625
        min: 0.0087890625
        var: 0.00393398292363
    barkbands:
        dmean: [6.47180570468e-007, 6.95558337611e-005, 0.000195871005417, 0.000124746293295, 0.000198887573788, 9.01061284821e-005, 4.98939371028e-005, 5.39395514352e-005, 5.27946285729e-005, 4.45980913355e-005, 2.9163686122e-005, 5.81927124585e-005, 5.58584360988e-005, 9.12731411518e-005, 7.77626337367e-005, 0.000124711703393, 0.000150092790136, 0.000204671319807, 0.000297355145449, 0.000216921602259, 0.00014460584498, 4.81802708237e-005, 1.07689529614e-005, 5.38445965503e-006, 4.1893499656e-006, 1.92299893342e-007, 3.211177102e-009]
        dmean2: [8.75927923971e-007, 0.000113709131256, 0.000320687016938, 0.000210423851968, 0.000345902022673, 0.00014867518621, 8.15247331047e-005, 8.96440833458e-005, 8.54281315696e-005, 7.06238133716e-005, 4.7171371989e-005, 9.60568577284e-005, 9.26868742681e-005, 0.000151716070832, 0.000127604056615, 0.000200721871806, 0.000246437179158, 0.000340957340086, 0.000511483172886, 0.000371494243154, 0.000243042770308, 7.84147341619e-005, 1.68227543327e-005, 7.55877999836e-006, 5.67022470932e-006, 2.64007354644e-007, 3.92638410673e-009]
        dvar: [1.65406262905e-012, 1.10383098217e-008, 7.70463230992e-008, 3.73949795573e-008, 1.51390892711e-007, 1.97704128624e-008, 6.77103351165e-009, 1.12936557883e-008, 1.05347206514e-008, 7.47897921372e-009, 5.14332221258e-009, 1.71992056153e-008, 1.23009202824e-008, 2.29519958594e-008, 2.19004885338e-008, 5.82979815533e-008, 9.53231307221e-008, 1.31725556685e-007, 2.49425823995e-007, 1.32712600021e-007, 6.81413325765e-008, 1.21036949352e-008, 6.59668708547e-010, 2.7115681922e-010, 2.26036897533e-010, 1.90665381703e-013, 3.85556228875e-017]
        dvar2: [3.28849642829e-012, 2.87794748033e-008, 2.00997163802e-007, 9.97380809054e-008, 4.31334058248e-007, 5.34403525876e-008, 1.67367062431e-008, 2.95303994591e-008, 2.57093013545e-008, 1.79616854723e-008, 1.20028049722e-008, 4.56693420858e-008, 3.22734656777e-008, 5.91678741557e-008, 5.1146827218e-008, 1.35087603326e-007, 2.31734546219e-007, 3.31143780841e-007, 6.933998975e-007, 3.69577691117e-007, 1.75169361682e-007, 2.61164405657e-008, 1.41811107301e-009, 4.88639906315e-010, 3.98146043912e-010, 3.84814277882e-013, 5.66011370506e-017]
        max: [1.42789485835e-005, 0.00159585417714, 0.00518679944798, 0.00310940598138, 0.0046235001646, 0.00275562843308, 0.0016396184219, 0.0022625385318, 0.002061258303, 0.00240288744681, 0.00221088388935, 0.00217612786219, 0.00233233161271, 0.0020321814809, 0.00286324694753, 0.00556183187291, 0.00595447374508, 0.0122368028387, 0.00580793060362, 0.00500201480463, 0.00629818858579, 0.00409046607092, 0.000802954542451, 0.00041502257227, 0.000450674735475, 1.56659571076e-005, 2.46890351718e-007]
        mean: [9.77064132712e-007, 0.000120713018987, 0.000307480077026, 0.000172224870767, 0.00027288304409, 0.000170106111909, 7.82840143074e-005, 8.54764584801e-005, 8.8578715804e-005, 8.10412384453e-005, 4.85305390612e-005, 9.84216967481e-005, 9.36877404456e-005, 0.000176101893885, 0.000151882704813, 0.000249358796282, 0.000277912477031, 0.000416954804678, 0.000562388042454, 0.000508902652655, 0.000332604395226, 9.81381745078e-005, 2.10691141547e-005, 1.18843199743e-005, 8.65905349201e-006, 4.11465890693e-007, 6.58210153048e-009]
        median: [1.36685983421e-007, 7.8478398791e-005, 0.0001959020301, 9.93056455627e-005, 0.000181176277692, 0.000121246164781, 4.29906140198e-005, 4.02014702559e-005, 4.89860758535e-005, 3.68198561773e-005, 2.86210415652e-005, 3.97608637286e-005, 5.79692205065e-005, 9.90278713289e-005, 9.28692461457e-005, 0.000127705701743, 0.000148798513692, 0.000299845938571, 0.000423416378908, 0.000417511590058, 0.000253551406786, 5.03784758621e-005, 9.43235954765e-006, 4.98519011671e-006, 2.99524231195e-006, 1.86451146078e-007, 2.71352207371e-009]
        min: [2.5404104348e-025, 1.47350411435e-024, 4.52416166487e-025, 1.44987250404e-024, 7.26905268561e-024, 5.0800295435e-024, 7.71452717195e-024, 5.55742410309e-024, 1.28553672416e-023, 1.50486482605e-023, 1.8752126174e-023, 1.74512235438e-023, 2.95278777869e-023, 2.51370306568e-023, 3.44303832556e-023, 4.95317053364e-023, 6.24592549286e-023, 6.7029492184e-023, 1.11443112143e-022, 1.54513062168e-022, 2.45072728987e-022, 3.04741057142e-022, 4.28631977851e-022, 5.56968312777e-022, 8.6279431241e-022, 1.28795292938e-021, 1.95483357287e-021]
        var: [3.64750287266e-012, 1.99764134123e-008, 1.33528104129e-007, 5.12556077581e-008, 1.30076614369e-007, 3.34825287496e-008, 1.13253477707e-008, 1.94772713513e-008, 1.91744096156e-008, 1.86309421224e-008, 8.31827939862e-009, 3.37788641502e-008, 1.86055935103e-008, 5.74685472543e-008, 5.24154266657e-008, 1.5479896831e-007, 2.01587255333e-007, 2.95669650541e-007, 3.75953106868e-007, 2.44731097609e-007, 1.39358306228e-007, 3.23998001761e-008, 1.3775146579e-009, 7.62932828025e-010, 6.36692920608e-010, 5.23971165935e-013, 1.38299873563e-016]
    frequency_bands:
        dmean: [6.47180570468e-007, 6.95558337611e-005, 0.000195871005417, 0.000124746293295, 0.000198887573788, 9.01061284821e-005, 4.98939371028e-005, 5.39395514352e-005, 5.27946285729e-005, 4.45980913355e-005, 2.9163686122e-005, 5.81927124585e-005, 5.58584360988e-005, 9.12731411518e-005, 7.77626337367e-005, 0.000124711703393, 0.000150092790136, 0.000204671319807, 0.000297355145449, 0.000216921602259, 0.00014460584498, 4.81802708237e-005, 1.07689529614e-005, 5.38445965503e-006, 4.1893499656e-006, 1.92299893342e-007, 3.211177102e-009, 5.40746232514e-011]
        dmean2: [8.75927923971e-007, 0.000113709131256, 0.000320687016938, 0.000210423851968, 0.000345902022673, 0.00014867518621, 8.15247331047e-005, 8.96440833458e-005, 8.54281315696e-005, 7.06238133716e-005, 4.7171371989e-005, 9.60568577284e-005, 9.26868742681e-005, 0.000151716070832, 0.000127604056615, 0.000200721871806, 0.000246437179158, 0.000340957340086, 0.000511483172886, 0.000371494243154, 0.000243042770308, 7.84147341619e-005, 1.68227543327e-005, 7.55877999836e-006, 5.67022470932e-006, 2.64007354644e-007, 3.92638410673e-009, 9.81839817782e-011]
        dvar: [1.65406262905e-012, 1.10383098217e-008, 7.70463230992e-008, 3.73949795573e-008, 1.51390892711e-007, 1.97704128624e-008, 6.77103351165e-009, 1.12936557883e-008, 1.05347206514e-008, 7.47897921372e-009, 5.14332221258e-009, 1.71992056153e-008, 1.23009202824e-008, 2.29519958594e-008, 2.19004885338e-008, 5.82979815533e-008, 9.53231307221e-008, 1.31725556685e-007, 2.49425823995e-007, 1.32712600021e-007, 6.81413325765e-008, 1.21036949352e-008, 6.59668708547e-010, 2.7115681922e-010, 2.26036897533e-010, 1.90665381703e-013, 3.85556228875e-017, 6.20187751939e-021]
        dvar2: [3.28849642829e-012, 2.87794748033e-008, 2.00997163802e-007, 9.97380809054e-008, 4.31334058248e-007, 5.34403525876e-008, 1.67367062431e-008, 2.95303994591e-008, 2.57093013545e-008, 1.79616854723e-008, 1.20028049722e-008, 4.56693420858e-008, 3.22734656777e-008, 5.91678741557e-008, 5.1146827218e-008, 1.35087603326e-007, 2.31734546219e-007, 3.31143780841e-007, 6.933998975e-007, 3.69577691117e-007, 1.75169361682e-007, 2.61164405657e-008, 1.41811107301e-009, 4.88639906315e-010, 3.98146043912e-010, 3.84814277882e-013, 5.66011370506e-017, 1.93133651399e-020]
        max: [1.42789485835e-005, 0.00159585417714, 0.00518679944798, 0.00310940598138, 0.0046235001646, 0.00275562843308, 0.0016396184219, 0.0022625385318, 0.002061258303, 0.00240288744681, 0.00221088388935, 0.00217612786219, 0.00233233161271, 0.0020321814809, 0.00286324694753, 0.00556183187291, 0.00595447374508, 0.0122368028387, 0.00580793060362, 0.00500201480463, 0.00629818858579, 0.00409046607092, 0.000802954542451, 0.00041502257227, 0.000450674735475, 1.56659571076e-005, 2.46890351718e-007, 9.36782429406e-010]
        mean: [9.77064132712e-007, 0.000120713018987, 0.000307480077026, 0.000172224870767, 0.00027288304409, 0.000170106111909, 7.82840143074e-005, 8.54764584801e-005, 8.8578715804e-005, 8.10412384453e-005, 4.85305390612e-005, 9.84216967481e-005, 9.36877404456e-005, 0.000176101893885, 0.000151882704813, 0.000249358796282, 0.000277912477031, 0.000416954804678, 0.000562388042454, 0.000508902652655, 0.000332604395226, 9.81381745078e-005, 2.10691141547e-005, 1.18843199743e-005, 8.65905349201e-006, 4.11465890693e-007, 6.58210153048e-009, 5.21468181136e-011]
        median: [1.36685983421e-007, 7.8478398791e-005, 0.0001959020301, 9.93056455627e-005, 0.000181176277692, 0.000121246164781, 4.29906140198e-005, 4.02014702559e-005, 4.89860758535e-005, 3.68198561773e-005, 2.86210415652e-005, 3.97608637286e-005, 5.79692205065e-005, 9.90278713289e-005, 9.28692461457e-005, 0.000127705701743, 0.000148798513692, 0.000299845938571, 0.000423416378908, 0.000417511590058, 0.000253551406786, 5.03784758621e-005, 9.43235954765e-006, 4.98519011671e-006, 2.99524231195e-006, 1.86451146078e-007, 2.71352207371e-009, 2.42084026436e-011]
        min: [2.5404104348e-025, 1.47350411435e-024, 4.52416166487e-025, 1.44987250404e-024, 7.26905268561e-024, 5.0800295435e-024, 7.71452717195e-024, 5.55742410309e-024, 1.28553672416e-023, 1.50486482605e-023, 1.8752126174e-023, 1.74512235438e-023, 2.95278777869e-023, 2.51370306568e-023, 3.44303832556e-023, 4.95317053364e-023, 6.24592549286e-023, 6.7029492184e-023, 1.11443112143e-022, 1.54513062168e-022, 2.45072728987e-022, 3.04741057142e-022, 4.28631977851e-022, 5.56968312777e-022, 8.6279431241e-022, 1.28795292938e-021, 1.95483357287e-021, 4.39071699962e-022]
        var: [3.64750287266e-012, 1.99764134123e-008, 1.33528104129e-007, 5.12556077581e-008, 1.30076614369e-007, 3.34825287496e-008, 1.13253477707e-008, 1.94772713513e-008, 1.91744096156e-008, 1.86309421224e-008, 8.31827939862e-009, 3.37788641502e-008, 1.86055935103e-008, 5.74685472543e-008, 5.24154266657e-008, 1.5479896831e-007, 2.01587255333e-007, 2.95669650541e-007, 3.75953106868e-007, 2.44731097609e-007, 1.39358306228e-007, 3.23998001761e-008, 1.3775146579e-009, 7.62932828025e-010, 6.36692920608e-010, 5.23971165935e-013, 1.38299873563e-016, 5.82164181729e-021]
    mfcc:
        mean: [-729.450622559, 80.1511917114, -38.950630188, 48.6340255737, -8.26601314545, 0.0841248705983, 3.81619238853, -9.50200080872, -1.52104437351, -4.78888320923, -2.54779672623, -5.34621858597, -6.25015640259]
        cov: [[17091.5039063, 118.741394043, -1920.98168945, 2540.16162109, 457.46585083, 846.545776367, 500.804992676, 161.092819214, 577.699951172, 383.180664063, 446.909545898, 102.081581116, -161.096496582], [118.741394043, 1011.41650391, -309.957000732, 60.5880088806, 17.8554458618, 15.9444942474, 91.4185714722, -37.5151062012, -6.6734457016, -17.6478385925, -4.26020240784, 26.5318069458, 20.6816005707], [-1920.98168945, -309.957000732, 716.554748535, -283.172912598, -21.6178302765, -93.3709793091, -59.6953620911, 10.0961399078, -102.952323914, -43.4938659668, -43.5946578979, -15.9629764557, 19.4602146149], [2540.16162109, 60.5880088806, -283.172912598, 719.402770996, 148.072784424, 186.201782227, 82.522354126, -6.9462594986, 96.1708602905, 66.7265396118, 82.0196533203, 14.4709157944, -20.843914032], [457.46585083, 17.8554458618, -21.6178302765, 148.072784424, 216.258804321, 76.9677505493, 1.33049845695, -5.64493608475, 32.4116516113, 26.2539920807, 19.69140625, -2.46077251434, -18.3407001495], [846.545776367, 15.9444942474, -93.3709793091, 186.201782227, 76.9677505493, 174.28225708, 89.9140701294, 18.9116210938, 32.4801292419, 34.4837760925, 40.1823654175, 7.18200826645, -8.86378860474], [500.804992676, 91.4185714722, -59.6953620911, 82.522354126, 1.33049845695, 89.9140701294, 187.16583252, 74.5047454834, 28.295747757, 11.9212713242, 19.3220787048, 10.1756019592, -8.9895772934], [161.092819214, -37.5151062012, 10.0961399078, -6.9462594986, -5.64493608475, 18.9116210938, 74.5047454834, 146.829116821, 91.1614456177, 32.2411460876, 0.458232223988, -19.7409896851, -28.2229175568], [577.699951172, -6.6734457016, -102.952323914, 96.1708602905, 32.4116516113, 32.4801292419, 28.295747757, 91.1614456177, 176.130844116, 82.3581008911, 26.3657627106, -21.7434463501, -35.4994812012], [383.180664063, -17.6478385925, -43.4938659668, 66.7265396118, 26.2539920807, 34.4837760925, 11.9212713242, 32.2411460876, 82.3581008911, 106.867729187, 60.0267868042, 8.93979072571, -11.8687772751], [446.909545898, -4.26020240784, -43.5946578979, 82.0196533203, 19.69140625, 40.1823654175, 19.3220787048, 0.458232223988, 26.3657627106, 60.0267868042, 101.581260681, 59.0438346863, 21.4468746185], [102.081581116, 26.5318069458, -15.9629764557, 14.4709157944, -2.46077251434, 7.18200826645, 10.1756019592, -19.7409896851, -21.7434463501, 8.93979072571, 59.0438346863, 100.628440857, 65.8773880005], [-161.096496582, 20.6816005707, 19.4602146149, -20.843914032, -18.3407001495, -8.86378860474, -8.9895772934, -28.2229175568, -35.4994812012, -11.8687772751, 21.4468746185, 65.8773880005, 94.4208602905]]
        icov: [[0.000171491730725, 9.71266708802e-005, 0.00028905182262, -0.000435895810369, 2.93556604447e-005, -0.00012074138067, -8.01183996373e-005, -0.000119662188808, -1.72134969034e-005, 2.60793458438e-005, -0.000208251483855, -9.81617995421e-005, 0.00017908513837], [9.71266708802e-005, 0.00136154261418, 0.000777499633841, -0.000111589877633, -0.000393183872802, 0.000608258531429, -0.00120851700194, 0.000662069593091, -1.67384678207e-005, -6.35071774013e-005, 0.000278730003629, -0.000117120187497, -0.00024970099912], [0.00028905182262, 0.000777499633841, 0.00272332411259, -0.000171776890056, -0.000718186434824, 0.000535429688171, -0.000198045701836, -0.00132530613337, 0.00181495375, -0.000574418867473, -0.000381936028134, 0.000708353356458, -0.000577870174311], [-0.000435895810369, -0.000111589877633, -0.000171776890056, 0.00356179475784, -0.000941482838243, -0.00116328429431, -0.000273775600363, 0.00145255459938, -0.00112080178224, 0.000635455769952, -0.000790974183474, 0.00079746049596, -0.000499780639075], [2.93556604447e-005, -0.000393183872802, -0.000718186434824, -0.000941482838243, 0.00653410889208, -0.00319540943019, 0.00189004139975, 0.00036965860636, -0.00101774011273, -5.86499481869e-005, 0.000691860390361, -0.00142205157317, 0.00178107153624], [-0.00012074138067, 0.000608258531429, 0.000535429688171, -0.00116328429431, -0.00319540943019, 0.0124639319256, -0.00577801745385, 0.00117242895067, 0.000979246688075, -0.00142546673305, -0.0021163567435, 0.00264336401597, -0.0015312632313], [-8.01183996373e-005, -0.00120851700194, -0.000198045701836, -0.000273775600363, 0.00189004139975, -0.00577801745385, 0.0114818410948, -0.00684026721865, 0.00222571520135, 0.000980269047432, 3.55818738171e-005, -0.00224588019773, 0.00150056683924], [-0.000119662188808, 0.000662069593091, -0.00132530613337, 0.00145255459938, 0.00036965860636, 0.00117242895067, -0.00684026721865, 0.0162974633276, -0.00924282893538, 0.00112912827171, 0.00108290254138, -0.000165333563928, 0.00118292984553], [-1.72134969034e-005, -1.67384678207e-005, 0.00181495375, -0.00112080178224, -0.00101774011273, 0.000979246688075, 0.00222571520135, -0.00924282893538, 0.0163482483476, -0.00970129203051, 0.00166125956457, 0.00173374463338, 3.62495920854e-005], [2.60793458438e-005, -6.35071774013e-005, -0.000574418867473, 0.000635455769952, -5.86499481869e-005, -0.00142546673305, 0.000980269047432, 0.00112912827171, -0.00970129203051, 0.024085406214, -0.0147044174373, 0.00413629878312, 0.000436936650658], [-0.000208251483855, 0.000278730003629, -0.000381936028134, -0.000790974183474, 0.000691860390361, -0.0021163567435, 3.55818738171e-005, 0.00108290254138, 0.00166125956457, -0.0147044174373, 0.0298162661493, -0.0181567259133, 0.00442219665274], [-9.81617995421e-005, -0.000117120187497, 0.000708353356458, 0.00079746049596, -0.00142205157317, 0.00264336401597, -0.00224588019773, -0.000165333563928, 0.00173374463338, 0.00413629878312, -0.0181567259133, 0.0322036184371, -0.0175756309181], [0.00017908513837, -0.00024970099912, -0.000577870174311, -0.000499780639075, 0.00178107153624, -0.0015312632313, 0.00150056683924, 0.00118292984553, 3.62495920854e-005, 0.000436936650658, 0.00442219665274, -0.0175756309181, 0.0229851529002]]
    sccoeffs:
        dmean: [0.0484449416399, 0.0449491217732, 0.035478413105, 0.0268887765706, 0.0188899300992, 0.0166823454201]
        dmean2: [0.0800147876143, 0.0743817538023, 0.0589057467878, 0.0448847450316, 0.0315684862435, 0.0267735924572]
        dvar: [0.00165147928055, 0.00144637539051, 0.000859096995555, 0.000474060187116, 0.0002448244486, 0.000240834284341]
        dvar2: [0.00447862362489, 0.00378339085728, 0.0022529324051, 0.00128442328423, 0.000656324380543, 0.000595643708948]
        max: [-0.332576155663, -0.373340934515, -0.392335921526, -0.611336350441, -0.573946595192, -0.59879386425]
        mean: [-0.669034779072, -0.754118263721, -0.79114574194, -0.805950164795, -0.811100959778, -0.762704133987]
        median: [-0.665673911572, -0.764846742153, -0.805700778961, -0.806283056736, -0.80740904808, -0.751088678837]
        min: [-0.98288244009, -0.981333494186, -0.977392077446, -0.972863018513, -0.968381166458, -0.96555185318]
        var: [0.00703504309058, 0.00723490025848, 0.00569678796455, 0.00231291167438, 0.00180655810982, 0.00356106250547]
    scvalleys:
        dmean: [0.37853115797, 0.374523788691, 0.307597219944, 0.24930331111, 0.203112453222, 0.222824379802]
        dmean2: [0.629253208637, 0.609739720821, 0.49817892909, 0.411778360605, 0.323575109243, 0.303691625595]
        dvar: [0.11424780637, 0.136026486754, 0.0975397229195, 0.0679837539792, 0.0607936307788, 0.0861185714602]
        dvar2: [0.276934355497, 0.312005639076, 0.224564701319, 0.15327565372, 0.121533490717, 0.141644507647]
        max: [-5.25958156586, -4.89936923981, -5.22036504745, -5.36002922058, -5.3040137291, -6.96361398697]
        mean: [-7.59628486633, -7.43311548233, -7.72829866409, -7.69952392578, -7.52981948853, -9.93378257751]
        median: [-6.65665626526, -6.71063613892, -6.95600700378, -6.76898384094, -6.4720993042, -9.05895233154]
        min: [-28.0648517609, -28.185792923, -28.0532417297, -27.8075580597, -27.4970970154, -27.5764560699]
        var: [9.20637989044, 8.3998003006, 8.58966350555, 9.79059886932, 10.322602272, 8.1840429306]

rhythm:
    beats_loudness:
        dmean: 0.00125759874936
        dmean2: 0.00214145798236
        dvar: 2.49690765486e-006
        dvar2: 6.40066809865e-006
        max: 0.016792235896
        mean: 0.00501897744834
        median: 0.00565830105916
        min: 0
        var: 8.07890774013e-006
    bpm: 95.0388031006
    bpm_confidence: 0
    first_peak_bpm: 96
    first_peak_spread: 0.401408433914
    first_peak_weight: 0.562913894653
    onset_rate: 2.67953085899
    second_peak_bpm: 91
    second_peak_spread: 0
    second_peak_weight: 0.0132450331002
    beats_loudness_band_ratio:
        dmean: [0.0655948445201, 0.100334353745, 0.0703411325812, 0.0674980655313, 0.0842915698886, 0.0788231641054]
        dmean2: [0.114218056202, 0.170343384147, 0.124986924231, 0.116067767143, 0.143827825785, 0.132994741201]
        dvar: [0.00802914239466, 0.031415194273, 0.0194907579571, 0.0178396645933, 0.00981231592596, 0.0103950491175]
        dvar2: [0.0213969796896, 0.0627124980092, 0.0479143857956, 0.0494790785015, 0.0249195806682, 0.0280900970101]
        max: [0.814267456532, 0.998717904091, 0.99614828825, 0.977209806442, 0.795074462891, 0.839798092842]
        mean: [0.0992406010628, 0.161881178617, 0.102489978075, 0.100858137012, 0.257973372936, 0.295158982277]
        median: [0.0835025012493, 0.107094116509, 0.0722987875342, 0.0707072913647, 0.251413196325, 0.335464119911]
        min: [0, 0, 0, 0, 0, 0]
        var: [0.0103825516999, 0.0407656803727, 0.0184584539384, 0.0137824509293, 0.0227415040135, 0.026473345235]
    beats_position: [0.580498874187, 1.19582760334, 1.82276642323, 2.4497051239, 3.08825397491, 3.7151927948, 4.34213161469, 4.96907043457, 5.59600877762, 6.23455762863, 6.87310647964, 7.50004529953, 8.12698364258, 8.75392246246, 9.38086128235, 10.0310201645, 10.7392292023, 11.4590473175, 12.1904764175, 12.9102945328, 13.5604534149, 14.2222223282, 14.8723802567, 15.5225391388, 16.1726989746, 16.8344669342, 17.4962348938, 18.1463947296, 18.7965526581, 19.458322525, 20.1084804535, 20.7470283508, 21.3855781555, 22.0241260529, 22.6626758575, 23.2896137238, 23.9165534973, 24.5434913635, 25.1704311371, 25.8089790344, 26.4475269318, 27.0860767365, 27.7246246338, 28.3515644073, 28.9785022736, 29.6054420471, 30.2323799133, 30.8593196869, 31.4862575531, 32.1131973267, 32.7401351929, 33.3670730591, 33.99401474, 34.63256073, 35.2711105347, 35.9096603394, 36.5482063293, 37.1751480103, 37.8020858765, 38.4290237427, 39.0559616089, 39.6829032898, 40.309841156, 40.9483909607, 41.5753288269, 42.1906585693, 42.8292045593, 43.467754364, 44.0946922302, 44.7216300964, 45.3485717773, 45.9987297058, 46.625667572, 47.2526054382, 47.8795471191, 48.5064849854, 49.1334228516, 49.7603607178, 50.3989105225, 51.0374603271, 51.6643981934, 52.2913360596, 52.9298858643, 53.5684356689, 54.1953735352, 54.8223114014, 55.4492492676, 56.0761909485, 56.7147369385, 57.3532867432, 57.9802246094, 58.6071662903, 59.2341041565, 59.8610420227, 60.4879798889, 61.1265296936, 61.7650794983, 62.3920173645, 63.0189552307, 63.6458930969, 64.2844467163, 64.9229888916, 65.5499343872, 66.1768722534, 66.8038101196, 67.4307479858, 68.0576858521, 68.6962356567, 69.3231735229, 69.9617233276, 70.5770492554, 71.2155990601, 71.8541488647, 72.4926986694, 73.1196365356, 73.7465744019, 74.3851242065, 75.0120620728, 75.638999939, 76.2775497437, 76.9044876099, 77.5314254761, 78.1699752808, 78.8085250854, 79.4354629517, 80.0507888794, 80.6661224365, 81.3046722412, 81.9432220459, 82.5701599121, 83.2087097168, 83.8472518921, 84.4741897583, 85.1011352539, 85.7396774292, 86.3782272339, 87.0051651001, 87.6437149048, 88.270652771, 88.9092025757, 89.5361404419, 90.1630859375, 90.7900238037, 91.428565979, 92.0555114746, 92.6824493408, 93.309387207, 93.9479370117, 94.5748748779, 95.2018127441, 95.8287506104, 96.467300415, 97.1058502197, 97.7327880859, 98.3713378906, 99.0098876953, 99.6368255615, 100.263763428, 100.890701294, 101.529251099, 102.156188965, 102.79473877, 103.421676636, 104.048614502, 104.687164307, 105.314102173, 105.952651978, 106.579589844, 107.20652771, 107.833465576, 108.472015381, 109.098953247, 109.725891113, 110.34122467, 110.968162537, 111.595100403, 112.222038269, 112.848976135, 113.48752594, 114.126075745, 114.764625549, 115.403175354, 116.03011322, 116.657051086, 117.283988953, 117.910926819, 118.549476624, 119.188026428, 119.814964294, 120.441902161, 121.068840027, 121.695777893, 122.334327698, 122.972877502, 123.599815369, 124.238365173, 124.876914978, 125.503852844, 126.13079071, 126.757728577, 127.384666443, 128.023223877, 128.650161743, 129.288711548, 129.915649414, 130.54258728, 131.169525146, 131.796463013, 132.435012817, 133.073562622, 133.712112427, 134.339050293, 134.965988159, 135.604537964, 136.23147583, 136.858413696, 137.485351563, 138.112289429, 138.739227295, 139.3777771, 140.016326904, 140.643264771, 141.270202637, 141.908752441, 142.535690308, 143.174240112, 143.801177979, 144.428115845, 145.066665649, 145.705215454, 146.33215332, 146.959091187, 147.586029053, 148.212966919, 148.839904785, 149.466842651, 150.093780518, 150.720718384, 151.34765625, 151.974594116, 152.601531982, 153.228485107, 153.867019653, 154.505569458, 155.144119263, 155.782669067, 156.409606934, 157.048156738, 157.675094604, 158.313644409, 158.940582275, 159.567520142, 160.194458008, 160.821395874, 161.448348999, 162.075286865, 162.702224731, 163.340774536, 163.979324341, 164.606262207, 165.233200073, 165.860137939, 166.487075806, 167.12562561, 167.764175415, 168.40272522, 169.029663086, 169.668212891, 170.295150757, 170.922088623, 171.549026489, 172.187576294, 172.826126099, 173.453063965, 174.080001831, 174.706939697, 175.333877563, 175.96081543, 176.576141357, 177.214691162, 177.841629028, 178.480178833, 179.118728638, 179.757278442, 180.395828247, 181.022766113, 181.649703979, 182.276641846, 182.903579712, 183.530517578, 184.169067383, 184.796005249, 185.422943115, 185.933776855, 186.444625854, 186.955459595, 187.454696655, 187.953918457, 188.464752197, 189.010421753, 189.556091309, 190.101760864, 190.659042358]
    bpm_estimates: [97.5088577271, 95.7031173706, 95.7031326294, 93.9630508423, 95.7031173706, 95.7031173706, 95.7031173706, 95.7031936646, 93.9630508423, 93.9630508423, 95.7031173706, 95.7031936646, 95.7031173706, 95.7031173706, 92.2851333618, 92.2851333618, 92.2852706909, 92.2851333618, 92.2849960327, 92.2849960327, 92.2852706909, 92.2852706909, 93.9631958008, 93.9629135132, 93.9631958008, 93.9629135132, 95.7032623291, 95.7029724121, 95.7032623291, 95.7029724121, 93.9631958008, 93.9631958008, 93.9629135132, 93.9631958008, 95.7029724121, 95.7032623291, 95.7029724121, 95.7032623291, 95.7029724121, 95.7032623291, 95.7029724121, 95.7032623291, 95.7032623291, 95.7026824951, 93.9634780884, 93.9629135132, 93.9629135132, 93.9634780884, 95.7026824951, 95.7032623291, 95.7032623291, 95.7032623291, 95.7026824951, 95.7032623291, 93.9629135132, 95.7032623291, 97.5086975098, 93.9634780884, 93.9629135132, 95.7032623291, 95.7032623291, 95.7026824951, 92.2852706909, 95.7032623291, 95.7032623291, 95.7026824951, 95.7032623291, 95.7032623291, 95.7032623291, 93.9629135132, 93.9629135132, 95.7032623291, 95.7032623291, 93.9629135132, 93.9629135132, 95.7032623291, 95.7032623291, 95.7032623291, 95.7026824951, 93.9634780884, 93.9629135132, 95.7032623291, 95.7026824951, 95.7032623291, 95.7032623291, 95.7032623291, 93.9629135132, 93.9629135132, 95.7032623291, 95.7032623291, 95.7032623291, 93.962348938, 93.9640350342, 95.7021026611, 95.7032623291, 95.7032623291, 95.7032623291, 95.7032623291, 93.9629135132, 95.7032623291, 93.9629135132, 97.5093002319, 93.9629135132, 93.9629135132, 93.9629135132, 95.7032623291, 95.7032623291, 93.9629135132, 95.7032623291, 95.7032623291, 93.9629135132, 95.7032623291, 95.7032623291, 93.9629135132, 93.9629135132, 95.7032623291, 97.5093002319, 97.5080871582, 93.9629135132, 93.9629135132, 95.7032623291, 93.9629135132, 93.9640350342, 95.7032623291, 95.7021026611, 93.9640350342, 93.9629135132, 95.7032623291, 93.9629135132, 95.7032623291, 93.9629135132, 95.7032623291, 95.7021026611, 95.7032623291, 93.9640350342, 95.7021026611, 95.7032623291, 95.7032623291, 93.9629135132, 95.7032623291, 95.7032623291, 95.7032623291, 93.9629135132, 93.9629135132, 95.7032623291, 93.9629135132, 93.9629135132, 95.7032623291, 95.7032623291, 95.7032623291, 93.9629135132, 95.7032623291, 93.9629135132, 95.7032623291, 95.7032623291, 93.9629135132, 95.7032623291, 93.9629135132, 95.7032623291, 95.7032623291, 95.7032623291, 93.9629135132, 95.7032623291, 95.7032623291, 97.5080871582, 95.7032623291, 95.7032623291, 95.7032623291, 95.7032623291, 93.9629135132, 93.9629135132, 93.9629135132, 93.9629135132, 95.7032623291, 95.7032623291, 95.7032623291, 95.7032623291, 93.9629135132, 93.9629135132, 95.7032623291, 95.7032623291, 95.7032623291, 95.7032623291, 93.9629135132, 93.9629135132, 95.7032623291, 93.9629135132, 93.9629135132, 95.7032623291, 95.7032623291, 95.7032623291, 95.7032623291, 93.9617919922, 95.7032623291, 93.9629135132, 95.7032623291, 95.7032623291, 95.7032623291, 95.7032623291, 93.9629135132, 93.9629135132, 93.9629135132, 95.7032623291, 95.7032623291, 93.9629135132, 95.7032623291, 95.7032623291, 95.7032623291, 95.7032623291, 95.7032623291, 93.9629135132, 93.9629135132, 95.7032623291, 95.7032623291, 93.9629135132, 95.7032623291, 93.9629135132, 95.7032623291, 95.7032623291, 93.9629135132, 93.9629135132, 95.7032623291, 95.7032623291, 95.7032623291, 95.7032623291, 95.7032623291, 95.7032623291, 95.7032623291, 95.7032623291, 95.7032623291, 95.7032623291, 95.7032623291, 95.7009353638, 93.9651565552, 93.9629135132, 93.9629135132, 93.9629135132, 95.7032623291, 93.9629135132, 95.7032623291, 93.9629135132, 95.7032623291, 95.7032623291, 95.7032623291, 95.7032623291, 95.7009353638, 95.7032623291, 95.7032623291, 93.9629135132, 93.9629135132, 95.7032623291, 95.7032623291, 95.7032623291, 95.7032623291, 93.9629135132, 93.9629135132, 93.9629135132, 95.7032623291, 93.9629135132, 95.7032623291, 95.7032623291, 95.7032623291, 93.9629135132, 93.9629135132, 95.7032623291, 95.7032623291, 95.7032623291, 95.7032623291, 95.7032623291, 97.5093002319, 93.9629135132, 95.7032623291, 93.9629135132, 93.9629135132, 93.9629135132, 93.9629135132, 95.7032623291, 95.7032623291, 95.7032623291, 95.7032623291, 95.7032623291, 93.9629135132, 95.7032623291, 95.7032623291]
