
metadata:
    version:
        essentia: "2.1-beta2"
    audio_properties:
        analysis_sample_rate: 44100
        bitrate: 256
        channels: 2
        equal_loudness: 1
        length: 286.197540283
        replay_gain: -15.6152162552
        downmix: "mix"
    tags:
        album: "Mutter"
        artist: "Rammstein"
        comment: ""
        date: "2001"
        genre: "Folk"
        title: "Spieluhr"
        tracknumber: "7"

configuration:
    average_loudness:
        compute: 1
        frameSize: 88200
        hopSize: 44100
        silentFrames: "noise"
        windowType: "hann"
    general:
        analysisSampleRate: 44100
        endTime: 2000
        equalLoudness: 1
        nequalLoudness: 0
        shortSound: 0
        startTime: 0
    lowlevel:
        compute: 1
        frameSize: 2048
        hopSize: 1024
        zeroPadding: 0
        silentFrames: "noise"
        windowType: "blackmanharris62"
        mfccStats: ["mean", "cov", "icov"]
        stats: ["mean", "var", "median", "min", "max", "dmean", "dmean2", "dvar", "dvar2"]
    panning:
        compute: 0
        frameSize: 8192
        hopSize: 2048
        zeroPadding: 8192
        silentFrames: "noise"
        windowType: "hann"
        stats: ["copy"]
    rhythm:
        compute: 1
        maxTempo: 208
        minTempo: 40
        method: "degara"
        stats: ["mean", "var", "median", "min", "max", "dmean", "dmean2", "dvar", "dvar2"]
    segmentation:
        compute: 0
        cpw: 5
        inc1: 300
        inc2: 50
        minimumSegmentsLength: 10
        size1: 1000
        size2: 600
    sfx:
        compute: 1
        stats: ["mean", "var", "median", "min", "max", "dmean", "dmean2", "dvar", "dvar2"]
    svm:
        compute: 0
    tonal:
        compute: 1
        frameSize: 4096
        hopSize: 2048
        zeroPadding: 0
        silentFrames: "noise"
        windowType: "blackmanharris62"
        stats: ["mean", "var", "median", "min", "max", "dmean", "dmean2", "dvar", "dvar2"]

lowlevel:
    average_loudness: 0.804642856121
    barkbands_kurtosis:
        dmean: 1.67145228386
        dmean2: 2.56250596046
        dvar: 22.2253799438
        dvar2: 45.4368743896
        max: 163.737030029
        mean: 3.48016166687
        median: -0.903467357159
        min: -1.93190455437
        var: 181.360855103
    barkbands_skewness:
        dmean: 0.469646215439
        dmean2: 0.706933140755
        dvar: 0.390235513449
        dvar2: 0.774178504944
        max: 9.71506404877
        mean: 0.353680789471
        median: -0.227939724922
        min: -5.71639728546
        var: 4.02139663696
    barkbands_spread:
        dmean: 5.8309431076
        dmean2: 9.05867385864
        dvar: 40.9485435486
        dvar2: 90.5952911377
        max: 88.337310791
        mean: 31.3312721252
        median: 32.9124298096
        min: 0.618561089039
        var: 214.979171753
    dissonance:
        dmean: 0.0126699022949
        dmean2: 0.0209188107401
        dvar: 0.000347553344909
        dvar2: 0.000803065137006
        max: 0.500000119209
        mean: 0.464218944311
        median: 0.48417031765
        min: 0.138927593827
        var: 0.0039423527196
    hfc:
        dmean: 2.46105265617
        dmean2: 4.07599020004
        dvar: 20.9313640594
        dvar2: 56.3839492798
        max: 53.4010276794
        mean: 8.09632778168
        median: 6.96415281296
        min: 1.15636699731e-016
        var: 55.2776641846
    pitch:
        dmean: 811.606994629
        dmean2: 1543.28259277
        dvar: 1707124.5
        dvar2: 4108995.25
        max: 9602.62988281
        mean: 1823.44824219
        median: 770.473571777
        min: 43.0243911743
        var: 2931016.25
    pitch_instantaneous_confidence:
        dmean: 0.0745792537928
        dmean2: 0.122538372874
        dvar: 0.0047709075734
        dvar2: 0.0118437334895
        max: 0.990312516689
        mean: 0.40170481801
        median: 0.354992747307
        min: 0.112920641899
        var: 0.0312546975911
    pitch_salience:
        dmean: 0.0512718074024
        dmean2: 0.0833269581199
        dvar: 0.00246656383388
        dvar2: 0.00620016735047
        max: 0.957450032234
        mean: 0.658321142197
        median: 0.688277125359
        min: 0.0831206217408
        var: 0.014518270269
    silence_rate_20dB:
        dmean: 0
        dmean2: 0
        dvar: 0
        dvar2: 0
        max: 1
        mean: 1
        median: 1
        min: 1
        var: 0
    silence_rate_30dB:
        dmean: 0
        dmean2: 0
        dvar: 0
        dvar2: 0
        max: 1
        mean: 1
        median: 1
        min: 1
        var: 0
    silence_rate_60dB:
        dmean: 0.0543566457927
        dmean2: 0.108722113073
        dvar: 0.0513919666409
        dvar2: 0.112006954849
        max: 1
        mean: 0.471972107887
        median: 0
        min: 0
        var: 0.249199822545
    spectral_centroid:
        dmean: 280.419006348
        dmean2: 429.116882324
        dvar: 138584.46875
        dvar2: 274741.3125
        max: 11445.1318359
        mean: 1862.40673828
        median: 1955.51928711
        min: 149.391326904
        var: 732134.6875
    spectral_complexity:
        dmean: 3.47509336472
        dmean2: 5.65030431747
        dvar: 21.3379001617
        dvar2: 50.5870857239
        max: 53
        mean: 14.9001379013
        median: 14
        min: 0
        var: 133.593780518
    spectral_crest:
        dmean: 1.62274420261
        dmean2: 2.62597703934
        dvar: 2.81136631966
        dvar2: 6.73241615295
        max: 26.6623744965
        mean: 7.5926027298
        median: 5.93056106567
        min: 2.47416520119
        var: 22.6861438751
    spectral_decrease:
        dmean: 2.31979366272e-010
        dmean2: 3.84857729019e-010
        dvar: 1.80959110208e-019
        dvar2: 4.93670540257e-019
        max: 4.84229042753e-029
        mean: -8.23673296235e-010
        median: -7.43505923495e-010
        min: -5.06050001903e-009
        var: 4.30362349624e-019
    spectral_energy:
        dmean: 0.00107206346001
        dmean2: 0.00177965313196
        dvar: 3.9800193008e-006
        dvar2: 1.08276117317e-005
        max: 0.0238343812525
        mean: 0.00384309818037
        median: 0.00345332082361
        min: 1.04872486453e-020
        var: 9.66435527516e-006
    spectral_energyband_high:
        dmean: 0.000213038234506
        dmean2: 0.000353900482878
        dvar: 1.44741235886e-007
        dvar2: 3.81422125884e-007
        max: 0.00556162139401
        mean: 0.00055287941359
        median: 0.000423517485615
        min: 7.22768689602e-021
        var: 3.91830411672e-007
    spectral_energyband_low:
        dmean: 0.000203252086067
        dmean2: 0.000329189293552
        dvar: 8.10797899931e-008
        dvar2: 2.12864861737e-007
        max: 0.00337737286463
        mean: 0.000345679058228
        median: 0.000237536572968
        min: 1.53881566391e-023
        var: 1.43408911413e-007
    spectral_energyband_middle_high:
        dmean: 0.000637555960566
        dmean2: 0.00105347123463
        dvar: 1.15296325021e-006
        dvar2: 3.04932791551e-006
        max: 0.0155822914094
        mean: 0.00204773736186
        median: 0.00152897497173
        min: 1.26380131537e-021
        var: 4.24313566327e-006
    spectral_energyband_middle_low:
        dmean: 0.000432051456301
        dmean2: 0.000719280680642
        dvar: 6.74778334542e-007
        dvar2: 1.88752414942e-006
        max: 0.00943715963513
        mean: 0.001043022261
        median: 0.000866240065079
        min: 1.98690434063e-022
        var: 8.82337531039e-007
    spectral_flatness_db:
        dmean: 0.0164750721306
        dmean2: 0.0235883649439
        dvar: 0.000418476469349
        dvar2: 0.000801035843324
        max: 0.649381518364
        mean: 0.159210249782
        median: 0.126331299543
        min: 0.0359016768634
        var: 0.0111748753116
    spectral_flux:
        dmean: 0.00681933574378
        dmean2: 0.0105872889981
        dvar: 0.000103254154965
        dvar2: 0.000206720840652
        max: 0.123449966311
        mean: 0.0345557183027
        median: 0.0346234701574
        min: 6.60861296242e-011
        var: 0.000406179198762
    spectral_kurtosis:
        dmean: 1.55226671696
        dmean2: 2.51929998398
        dvar: 16.377450943
        dvar2: 43.8257980347
        max: 112.111244202
        mean: 6.40854978561
        median: 4.14209413528
        min: -1.23717164993
        var: 91.9681625366
    spectral_rms:
        dmean: 0.000242610927671
        dmean2: 0.00038659965503
        dvar: 1.29729784248e-007
        dvar2: 3.36047975225e-007
        max: 0.00482214195654
        mean: 0.0017510362668
        median: 0.00183550908696
        min: 3.19866572465e-012
        var: 6.83229927745e-007
    spectral_rolloff:
        dmean: 375.37890625
        dmean2: 592.000854492
        dvar: 461141.3125
        dvar2: 855455.6875
        max: 19466.015625
        mean: 3299.17163086
        median: 3682.17773438
        min: 172.265625
        var: 2091719.75
    spectral_skewness:
        dmean: 0.200611770153
        dmean2: 0.311562120914
        dvar: 0.11209385097
        dvar2: 0.285348057747
        max: 8.67599868774
        mean: 1.70791840553
        median: 1.49360048771
        min: -0.508652746677
        var: 0.868786931038
    spectral_spread:
        dmean: 714334.1875
        dmean2: 1004060.3125
        dvar: 827911831552
        dvar2: 1.64541012378e+012
        max: 41675388
        mean: 5816405
        median: 5405759.5
        min: 762969
        var: 5.74353099981e+012
    spectral_strongpeak:
        dmean: 0.384641200304
        dmean2: 0.668035328388
        dvar: 0.414142757654
        dvar2: 1.11693048477
        max: 7.30486488342
        mean: 0.57839512825
        median: 0.233208030462
        min: 0
        var: 0.659153401852
    zerocrossingrate:
        dmean: 0.0088486019522
        dmean2: 0.00988007895648
        dvar: 0.000141664160765
        dvar2: 0.000134408779559
        max: 0.5078125
        mean: 0.104025967419
        median: 0.1103515625
        min: 0.00439453125
        var: 0.00160145119298
    barkbands:
        dmean: [2.00757497737e-007, 3.6812871258e-005, 0.000125140955788, 0.000134598012664, 0.000221021022298, 9.57169249887e-005, 6.75163682899e-005, 5.83470282436e-005, 7.16128488421e-005, 7.97796819825e-005, 3.58409670298e-005, 5.74825062358e-005, 5.06515025336e-005, 5.20241010236e-005, 7.66789307818e-005, 0.000117794807011, 0.00014981199638, 0.000186087563634, 0.000206128024729, 0.000169142658706, 0.000108719221316, 2.88838309643e-005, 5.77961964154e-006, 3.67264055967e-006, 2.67437212642e-006, 1.63373684359e-007, 3.9150589437e-009]
        dmean2: [3.01513551904e-007, 6.3603198214e-005, 0.000207607488846, 0.000218601358938, 0.000384045299143, 0.000157341448357, 0.000110661130748, 9.60130855674e-005, 0.000111646026198, 0.000130137195811, 5.86420537729e-005, 9.65216386248e-005, 8.3244209236e-005, 8.33939120639e-005, 0.00013046101958, 0.000196232867893, 0.000242432477535, 0.000307949085254, 0.000353279785486, 0.000288547977107, 0.000182783449418, 4.70150407637e-005, 9.04108219402e-006, 5.27144766238e-006, 3.70240559278e-006, 2.16349960169e-007, 5.19182297154e-009]
        dvar: [2.62528388785e-013, 6.44386455306e-009, 3.38673693534e-008, 4.07709919159e-008, 3.18796793408e-007, 2.98052285075e-008, 1.74166814304e-008, 1.22278462911e-008, 2.05505585882e-008, 2.35579875607e-008, 6.06586780805e-009, 1.82622361677e-008, 1.33379298717e-008, 1.82191968179e-008, 3.92947860917e-008, 5.62471953458e-008, 7.06837184339e-008, 9.04565453652e-008, 1.49489224555e-007, 8.76735910538e-008, 3.60457903525e-008, 5.14115860994e-009, 1.64965388572e-010, 9.54138573706e-011, 6.17341525122e-011, 9.31281757982e-014, 4.71663083664e-017]
        dvar2: [5.50990947746e-013, 1.81830763779e-008, 9.10188049374e-008, 1.06648748499e-007, 9.21099285733e-007, 8.18660055302e-008, 4.58205526854e-008, 3.20592015157e-008, 5.07414057438e-008, 5.99755125563e-008, 1.496583657e-008, 4.83823825448e-008, 3.33408749498e-008, 4.52719248756e-008, 1.2092495183e-007, 1.44024852489e-007, 1.76330388513e-007, 2.3417133832e-007, 4.12150541251e-007, 2.46140587024e-007, 9.64903748013e-008, 1.23373062877e-008, 4.12668677008e-010, 1.99534250234e-010, 1.09347711441e-010, 1.72220175404e-013, 8.52448333289e-017]
        max: [7.08761444912e-006, 0.00111565226689, 0.0021743378602, 0.0028684460558, 0.00654997862875, 0.00265350728296, 0.0039383773692, 0.00215451419353, 0.00311027141288, 0.0033878092654, 0.00304282014258, 0.00529956584796, 0.00290588941425, 0.0038524037227, 0.00375012448058, 0.00466377241537, 0.00538994651288, 0.00489140301943, 0.00788991618901, 0.00508753303438, 0.00308678299189, 0.00214199908078, 0.000288699287921, 0.000360230798833, 0.000262501504039, 6.83120833855e-006, 1.82846136454e-007]
        mean: [3.49894435203e-007, 4.76733439427e-005, 0.000180854796781, 0.000203737479751, 0.00029875637847, 0.000156769441674, 0.000109397100459, 9.39528981689e-005, 0.000145617959788, 0.000136342074256, 6.02514337515e-005, 8.7182430434e-005, 8.13795049908e-005, 9.2949194368e-005, 0.000125406717416, 0.000229814249906, 0.000310708855977, 0.000366345484508, 0.000385286926758, 0.000404927821364, 0.00025003682822, 5.23026028532e-005, 1.06509660327e-005, 7.10905123924e-006, 4.97709652336e-006, 3.07878991634e-007, 7.55242712813e-009]
        median: [2.66982524977e-008, 2.61726327153e-005, 0.000103354061139, 0.000115214599646, 0.000175083143404, 8.37473344291e-005, 5.12194055773e-005, 3.86550491385e-005, 4.49261133326e-005, 4.57589194411e-005, 2.78822626569e-005, 2.31032972806e-005, 2.5652378099e-005, 3.38675708917e-005, 5.50564946025e-005, 0.000100274584838, 0.00014932830527, 0.000232907870668, 0.000255159917288, 0.000297245540423, 0.000180704824743, 2.14677002077e-005, 4.18790705226e-006, 2.82866017187e-006, 2.01722968995e-006, 1.47270881712e-007, 3.55780316319e-009]
        min: [1.23532610225e-024, 3.52860953893e-024, 4.48484187912e-024, 4.46496218988e-024, 5.68592165594e-024, 1.54979581885e-023, 2.55040055944e-023, 2.29981479082e-023, 2.85726871375e-023, 2.96817719277e-023, 2.01346585529e-023, 4.48738130126e-023, 6.4884225973e-023, 7.50641793432e-023, 8.94501181789e-023, 4.93078423887e-023, 8.2588120087e-023, 1.29371547626e-022, 1.12447628688e-022, 2.37391722882e-022, 4.53390194346e-022, 3.74627570022e-022, 4.29061572567e-022, 8.17818032677e-022, 9.39166549352e-022, 1.48313382857e-021, 1.94125557276e-021]
        var: [6.76107878451e-013, 5.89769699744e-009, 5.14446121258e-008, 7.09575829205e-008, 2.48796027336e-007, 4.64105447406e-008, 3.4314314945e-008, 2.21916955923e-008, 5.4948234407e-008, 5.70686822243e-008, 1.31766997313e-008, 4.9066205321e-008, 2.98169986479e-008, 4.42928573818e-008, 6.67065904736e-008, 1.49517106252e-007, 2.20681315e-007, 2.17911122036e-007, 2.2338677752e-007, 2.13637463276e-007, 8.38168787709e-008, 1.04372235299e-008, 3.3258867882e-010, 1.97177066341e-010, 1.40033359908e-010, 2.13806498005e-013, 1.05681541354e-016]
    frequency_bands:
        dmean: [2.00757497737e-007, 3.6812871258e-005, 0.000125140955788, 0.000134598012664, 0.000221021022298, 9.57169249887e-005, 6.75163682899e-005, 5.83470282436e-005, 7.16128488421e-005, 7.97796819825e-005, 3.58409670298e-005, 5.74825062358e-005, 5.06515025336e-005, 5.20241010236e-005, 7.66789307818e-005, 0.000117794807011, 0.00014981199638, 0.000186087563634, 0.000206128024729, 0.000169142658706, 0.000108719221316, 2.88838309643e-005, 5.77961964154e-006, 3.67264055967e-006, 2.67437212642e-006, 1.63373684359e-007, 3.9150589437e-009, 4.95899953046e-011]
        dmean2: [3.01513551904e-007, 6.3603198214e-005, 0.000207607488846, 0.000218601358938, 0.000384045299143, 0.000157341448357, 0.000110661130748, 9.60130855674e-005, 0.000111646026198, 0.000130137195811, 5.86420537729e-005, 9.65216386248e-005, 8.3244209236e-005, 8.33939120639e-005, 0.00013046101958, 0.000196232867893, 0.000242432477535, 0.000307949085254, 0.000353279785486, 0.000288547977107, 0.000182783449418, 4.70150407637e-005, 9.04108219402e-006, 5.27144766238e-006, 3.70240559278e-006, 2.16349960169e-007, 5.19182297154e-009, 8.90809093157e-011]
        dvar: [2.62528388785e-013, 6.44386455306e-009, 3.38673693534e-008, 4.07709919159e-008, 3.18796793408e-007, 2.98052285075e-008, 1.74166814304e-008, 1.22278462911e-008, 2.05505585882e-008, 2.35579875607e-008, 6.06586780805e-009, 1.82622361677e-008, 1.33379298717e-008, 1.82191968179e-008, 3.92947860917e-008, 5.62471953458e-008, 7.06837184339e-008, 9.04565453652e-008, 1.49489224555e-007, 8.76735910538e-008, 3.60457903525e-008, 5.14115860994e-009, 1.64965388572e-010, 9.54138573706e-011, 6.17341525122e-011, 9.31281757982e-014, 4.71663083664e-017, 6.63435807823e-021]
        dvar2: [5.50990947746e-013, 1.81830763779e-008, 9.10188049374e-008, 1.06648748499e-007, 9.21099285733e-007, 8.18660055302e-008, 4.58205526854e-008, 3.20592015157e-008, 5.07414057438e-008, 5.99755125563e-008, 1.496583657e-008, 4.83823825448e-008, 3.33408749498e-008, 4.52719248756e-008, 1.2092495183e-007, 1.44024852489e-007, 1.76330388513e-007, 2.3417133832e-007, 4.12150541251e-007, 2.46140587024e-007, 9.64903748013e-008, 1.23373062877e-008, 4.12668677008e-010, 1.99534250234e-010, 1.09347711441e-010, 1.72220175404e-013, 8.52448333289e-017, 2.13231636124e-020]
        max: [7.08761444912e-006, 0.00111565226689, 0.0021743378602, 0.0028684460558, 0.00654997862875, 0.00265350728296, 0.0039383773692, 0.00215451419353, 0.00311027141288, 0.0033878092654, 0.00304282014258, 0.00529956584796, 0.00290588941425, 0.0038524037227, 0.00375012448058, 0.00466377241537, 0.00538994651288, 0.00489140301943, 0.00788991618901, 0.00508753303438, 0.00308678299189, 0.00214199908078, 0.000288699287921, 0.000360230798833, 0.000262501504039, 6.83120833855e-006, 1.82846136454e-007, 1.46039680349e-009]
        mean: [3.49894435203e-007, 4.76733439427e-005, 0.000180854796781, 0.000203737479751, 0.00029875637847, 0.000156769441674, 0.000109397100459, 9.39528981689e-005, 0.000145617959788, 0.000136342074256, 6.02514337515e-005, 8.7182430434e-005, 8.13795049908e-005, 9.2949194368e-005, 0.000125406717416, 0.000229814249906, 0.000310708855977, 0.000366345484508, 0.000385286926758, 0.000404927821364, 0.00025003682822, 5.23026028532e-005, 1.06509660327e-005, 7.10905123924e-006, 4.97709652336e-006, 3.07878991634e-007, 7.55242712813e-009, 5.30347120387e-011]
        median: [2.66982524977e-008, 2.61726327153e-005, 0.000103354061139, 0.000115214599646, 0.000175083143404, 8.37473344291e-005, 5.12194055773e-005, 3.86550491385e-005, 4.49261133326e-005, 4.57589194411e-005, 2.78822626569e-005, 2.31032972806e-005, 2.5652378099e-005, 3.38675708917e-005, 5.50564946025e-005, 0.000100274584838, 0.00014932830527, 0.000232907870668, 0.000255159917288, 0.000297245540423, 0.000180704824743, 2.14677002077e-005, 4.18790705226e-006, 2.82866017187e-006, 2.01722968995e-006, 1.47270881712e-007, 3.55780316319e-009, 2.88916616326e-011]
        min: [1.23532610225e-024, 3.52860953893e-024, 4.48484187912e-024, 4.46496218988e-024, 5.68592165594e-024, 1.54979581885e-023, 2.55040055944e-023, 2.29981479082e-023, 2.85726871375e-023, 2.96817719277e-023, 2.01346585529e-023, 4.48738130126e-023, 6.4884225973e-023, 7.50641793432e-023, 8.94501181789e-023, 4.93078423887e-023, 8.2588120087e-023, 1.29371547626e-022, 1.12447628688e-022, 2.37391722882e-022, 4.53390194346e-022, 3.74627570022e-022, 4.29061572567e-022, 8.17818032677e-022, 9.39166549352e-022, 1.48313382857e-021, 1.94125557276e-021, 5.09711480343e-022]
        var: [6.76107878451e-013, 5.89769699744e-009, 5.14446121258e-008, 7.09575829205e-008, 2.48796027336e-007, 4.64105447406e-008, 3.4314314945e-008, 2.21916955923e-008, 5.4948234407e-008, 5.70686822243e-008, 1.31766997313e-008, 4.9066205321e-008, 2.98169986479e-008, 4.42928573818e-008, 6.67065904736e-008, 1.49517106252e-007, 2.20681315e-007, 2.17911122036e-007, 2.2338677752e-007, 2.13637463276e-007, 8.38168787709e-008, 1.04372235299e-008, 3.3258867882e-010, 1.97177066341e-010, 1.40033359908e-010, 2.13806498005e-013, 1.05681541354e-016, 5.78900170653e-021]
    mfcc:
        mean: [-743.187316895, 82.7007751465, -36.9502716064, 49.0688667297, -10.625743866, -12.9503831863, -0.189767479897, -7.32050704956, 3.04552435875, -3.67703318596, -4.09507465363, -2.23460888863, -7.03299045563]
        cov: [[13459.3037109, 841.612365723, -1622.23522949, 1732.58850098, 378.191375732, 1380.39880371, 972.73651123, 58.2583503723, -292.013458252, -1064.16479492, -834.605957031, -524.09161377, -311.852783203], [841.612365723, 952.041625977, -250.234741211, 137.777114868, 115.87071991, 50.1295127869, 106.538299561, -3.62019348145, -15.7581634521, -125.626037598, -95.1555175781, -14.0995483398, -45.702381134], [-1622.23522949, -250.234741211, 991.377685547, 29.9913749695, 151.838027954, 40.3796310425, -46.6837120056, 50.1758880615, -42.2127609253, 37.941860199, 38.1365890503, -7.13361883163, 14.8201570511], [1732.58850098, 137.777114868, 29.9913749695, 649.111083984, 253.49697876, 326.59765625, 156.363571167, 16.6084499359, -74.7592697144, -219.388977051, -186.992111206, -121.007118225, -44.4913024902], [378.191375732, 115.87071991, 151.838027954, 253.49697876, 484.135131836, 257.75692749, 42.9585723877, 17.3192901611, -72.4207763672, -154.267990112, -73.0520858765, -70.7778549194, -51.4437484741], [1380.39880371, 50.1295127869, 40.3796310425, 326.59765625, 257.75692749, 505.92590332, 256.166687012, 31.3385734558, -79.9056625366, -237.976547241, -150.378585815, -128.899597168, -73.0540542603], [972.73651123, 106.538299561, -46.6837120056, 156.363571167, 42.9585723877, 256.166687012, 287.314605713, 67.485786438, -17.4366493225, -135.82194519, -105.373054504, -85.9986190796, -59.944858551], [58.2583503723, -3.62019348145, 50.1758880615, 16.6084499359, 17.3192901611, 31.3385734558, 67.485786438, 120.247650146, 33.85131073, -29.6989021301, -29.9280529022, -31.1916065216, -26.5622634888], [-292.013458252, -15.7581634521, -42.2127609253, -74.7592697144, -72.4207763672, -79.9056625366, -17.4366493225, 33.85131073, 137.155899048, 94.8211669922, 12.6353321075, -1.64375448227, -9.02394962311], [-1064.16479492, -125.626037598, 37.941860199, -219.388977051, -154.267990112, -237.976547241, -135.82194519, -29.6989021301, 94.8211669922, 268.117401123, 125.466171265, 57.9387054443, 35.9129447937], [-834.605957031, -95.1555175781, 38.1365890503, -186.992111206, -73.0520858765, -150.378585815, -105.373054504, -29.9280529022, 12.6353321075, 125.466171265, 184.972045898, 87.9317703247, 28.2094249725], [-524.09161377, -14.0995483398, -7.13361883163, -121.007118225, -70.7778549194, -128.899597168, -85.9986190796, -31.1916065216, -1.64375448227, 57.9387054443, 87.9317703247, 133.445205688, 66.5053024292], [-311.852783203, -45.702381134, 14.8201570511, -44.4913024902, -51.4437484741, -73.0540542603, -59.944858551, -26.5622634888, -9.02394962311, 35.9129447937, 28.2094249725, 66.5053024292, 97.0464172363]]
        icov: [[0.000236976222368, 6.85889654051e-006, 0.000366981170373, -0.000415666901972, 0.000207583681913, -0.000223566385102, -9.21612590901e-005, -2.17964425246e-005, 0.000219568726607, 0.000207455595955, 0.000196432200028, 6.93600813975e-005, 0.000235997998971], [6.85889654051e-006, 0.00142054934986, 0.000292060110951, -0.000137503171572, -0.000649156223517, 0.000965050945524, -0.0010066331597, 0.000604940985795, -0.000192464984138, 0.000446873280453, 0.000591403513681, -0.000781368871685, 0.000689814682119], [0.000366981170373, 0.000292060110951, 0.00186790328007, -0.000711538188625, -0.000162780605024, -0.000518975080922, 8.52225421113e-005, -0.00106914353091, 0.0011928898748, -0.000459742936073, 0.000231227430049, 0.000159922929015, 9.26499997149e-005], [-0.000415666901972, -0.000137503171572, -0.000711538188625, 0.00362459011376, -0.000980821670964, -0.0003737132065, 0.000196136737941, 0.000451250001788, -0.000251612102147, 0.000178184345714, 0.00109293882269, 0.000679806864355, -0.00105959246866], [0.000207583681913, -0.000649156223517, -0.000162780605024, -0.000980821670964, 0.00437322817743, -0.00281946570612, 0.00275941146538, -0.00111895531882, 0.000677755684592, 0.000754379609134, -0.000421266478952, 0.000309389521135, 0.00122483691666], [-0.000223566385102, 0.000965050945524, -0.000518975080922, -0.0003737132065, -0.00281946570612, 0.00827933382243, -0.00564021710306, 0.00288592441939, -0.000581756990869, 0.00258771795779, -0.000382698490284, 0.00171307486016, -0.000386576430174], [-9.21612590901e-005, -0.0010066331597, 8.52225421113e-005, 0.000196136737941, 0.00275941146538, -0.00564021710306, 0.0103104608133, -0.0043763006106, 0.000454745459137, -4.0666476707e-005, 0.000546240713447, 0.000335019110935, 0.00136346986983], [-2.17964425246e-005, 0.000604940985795, -0.00106914353091, 0.000451250001788, -0.00111895531882, 0.00288592441939, -0.0043763006106, 0.0132627096027, -0.00510828150436, 0.00343831186183, -0.000101468722278, 0.000958161894232, 0.000716671405826], [0.000219568726607, -0.000192464984138, 0.0011928898748, -0.000251612102147, 0.000677755684592, -0.000581756990869, 0.000454745459137, -0.00510828150436, 0.0136429211125, -0.00646567950025, 0.00299213663675, -0.000570314470679, 0.00230384035967], [0.000207455595955, 0.000446873280453, -0.000459742936073, 0.000178184345714, 0.000754379609134, 0.00258771795779, -4.0666476707e-005, 0.00343831186183, -0.00646567950025, 0.0120423045009, -0.00464320089668, 0.00324399000965, -0.0016381663736], [0.000196432200028, 0.000591403513681, 0.000231227430049, 0.00109293882269, -0.000421266478952, -0.000382698490284, 0.000546240713447, -0.000101468722278, 0.00299213663675, -0.00464320089668, 0.0131817301735, -0.00718461489305, 0.00426212185994], [6.93600813975e-005, -0.000781368871685, 0.000159922929015, 0.000679806864355, 0.000309389521135, 0.00171307486016, 0.000335019110935, 0.000958161894232, -0.000570314470679, 0.00324399000965, -0.00718461489305, 0.0188934486359, -0.0100477319211], [0.000235997998971, 0.000689814682119, 9.26499997149e-005, -0.00105959246866, 0.00122483691666, -0.000386576430174, 0.00136346986983, 0.000716671405826, 0.00230384035967, -0.0016381663736, 0.00426212185994, -0.0100477319211, 0.0187514629215]]
    sccoeffs:
        dmean: [0.0521897338331, 0.0445638634264, 0.0370488092303, 0.0303406622261, 0.0209804493934, 0.0188561528921]
        dmean2: [0.0869867503643, 0.0735964179039, 0.0614389404655, 0.0502068921924, 0.0342921689153, 0.0302848219872]
        dvar: [0.00197820737958, 0.00142271793447, 0.00102163245901, 0.000642617291305, 0.00036270741839, 0.000349876645487]
        dvar2: [0.00550641212612, 0.0036820853129, 0.0026352268178, 0.00170192262158, 0.0008711644914, 0.000833026599139]
        max: [-0.367689400911, -0.299080371857, -0.324959278107, -0.568731367588, -0.531724572182, -0.575207233429]
        mean: [-0.679814636707, -0.735281527042, -0.763692736626, -0.789982974529, -0.792827427387, -0.771389067173]
        median: [-0.672194600105, -0.754528701305, -0.781912147999, -0.797443509102, -0.803478598595, -0.766838490963]
        min: [-0.974774181843, -0.965230882168, -0.975407123566, -0.962474644184, -0.96777099371, -0.961641490459]
        var: [0.00788779277354, 0.0104653630406, 0.00923567917198, 0.0028453359846, 0.00243064644746, 0.00240451982245]
    scvalleys:
        dmean: [0.418414950371, 0.401445269585, 0.366425603628, 0.322904467583, 0.271464020014, 0.295126318932]
        dmean2: [0.68548977375, 0.643273115158, 0.580129206181, 0.496459901333, 0.405651301146, 0.381784230471]
        dvar: [0.144703090191, 0.174458548427, 0.171283438802, 0.15018171072, 0.146518111229, 0.15199740231]
        dvar2: [0.350996494293, 0.381684362888, 0.371367543936, 0.307315528393, 0.282193988562, 0.263876676559]
        max: [-5.29050350189, -4.66245937347, -5.13486051559, -5.28852558136, -5.3402967453, -7.37019824982]
        mean: [-7.48545503616, -7.28035068512, -7.67803478241, -7.78792285919, -7.41033840179, -9.74787902832]
        median: [-6.86029243469, -6.81441116333, -7.11965322495, -7.20410060883, -6.66144990921, -9.33779144287]
        min: [-27.7741184235, -27.922958374, -27.4034729004, -27.5263366699, -27.3649845123, -27.3795375824]
        var: [3.15670800209, 2.48468470573, 2.823751688, 3.07599520683, 3.60538625717, 2.79670810699]

rhythm:
    beats_loudness:
        dmean: 0.00194240699057
        dmean2: 0.00361925899051
        dvar: 2.0270144887e-006
        dvar2: 6.59023817207e-006
        max: 0.01343307551
        mean: 0.00494219828397
        median: 0.00504362303764
        min: 1.28724025217e-007
        var: 8.66803839017e-006
    bpm: 126.967788696
    bpm_confidence: 0
    first_peak_bpm: 126
    first_peak_spread: 0.379439264536
    first_peak_weight: 0.557047009468
    onset_rate: 3.08528184891
    second_peak_bpm: 120
    second_peak_spread: 0.238095209002
    second_peak_weight: 0.0268456377089
    beats_loudness_band_ratio:
        dmean: [0.152519419789, 0.0721504539251, 0.100741997361, 0.0738308057189, 0.13188393414, 0.109115801752]
        dmean2: [0.290615022182, 0.130451232195, 0.181494519114, 0.128349468112, 0.224033355713, 0.191907450557]
        dvar: [0.0239685755223, 0.00627872720361, 0.0156266503036, 0.0071486402303, 0.0180762950331, 0.0154606942087]
        dvar2: [0.073880776763, 0.0171912759542, 0.0400981903076, 0.0194498542696, 0.0535437650979, 0.0430938005447]
        max: [0.800662517548, 0.732434749603, 0.988230884075, 0.780410170555, 0.858764708042, 0.981551885605]
        mean: [0.143032491207, 0.10020314157, 0.17828899622, 0.0964432880282, 0.250202417374, 0.25690728426]
        median: [0.079845033586, 0.083116158843, 0.0939881727099, 0.0787955969572, 0.226614564657, 0.263567119837]
        min: [7.69006362589e-007, 7.00128168774e-007, 3.12223419314e-005, 1.24335310829e-005, 0.00107454892714, 8.41718938318e-005]
        var: [0.0246088765562, 0.00762887438759, 0.0581042617559, 0.00821213331074, 0.0261487066746, 0.0219868067652]
    beats_position: [0.522448956966, 1.06811785698, 1.62539684772, 2.15945577621, 2.69351458549, 3.21596360207, 3.7732424736, 4.29569149017, 4.88780021667, 5.47990942001, 6.025578022, 6.5596370697, 7.10530614853, 7.59292507172, 8.08054447174, 8.56816291809, 9.06739234924, 9.56662082672, 10.0426301956, 10.5418596268, 11.0410881042, 11.5287075043, 12.0047159195, 12.4807252884, 12.9451246262, 13.4675731659, 13.9900226593, 14.512471199, 15.0349206924, 15.5573692322, 16.0798187256, 16.602268219, 17.1131057739, 17.6123352051, 18.1115646362, 18.6107940674, 19.1100215912, 19.5976409912, 20.0852603912, 20.5728797913, 21.0488891602, 21.5248966217, 22.0009059906, 22.4653053284, 22.9297046661, 23.3941040039, 23.8701133728, 24.3461227417, 24.8221302032, 25.2981395721, 25.774148941, 26.2501583099, 26.7145576477, 27.1905670166, 27.6549663544, 28.1193637848, 28.5953731537, 29.0713825226, 29.5473918915, 30.0234012604, 30.4878005981, 30.9638080597, 31.4398174286, 31.9042167664, 32.3802261353, 32.8562355042, 33.3206329346, 33.7966423035, 34.2726516724, 34.7370529175, 35.2130622864, 35.6890678406, 36.1534690857, 36.6178665161, 37.093875885, 37.5698852539, 38.0458946228, 38.5219039917, 38.9979133606, 39.4739227295, 39.9383201599, 40.402721405, 40.8787307739, 41.3547401428, 41.8191375732, 42.2835350037, 42.7595443726, 43.2355537415, 43.6999549866, 44.1759643555, 44.6519737244, 45.1279792786, 45.6039886475, 46.0683898926, 46.5443992615, 47.0204086304, 47.4848060608, 47.9492073059, 48.4252128601, 48.901222229, 49.3772315979, 49.8532409668, 50.3292503357, 50.7936515808, 51.269657135, 51.7340583801, 52.210067749, 52.6860771179, 53.1504745483, 53.6148757935, 54.0908851624, 54.5668907166, 55.0429000854, 55.5073013306, 55.9833106995, 56.4477081299, 56.9237174988, 57.3997268677, 57.8757362366, 58.3517456055, 58.8161430359, 59.280544281, 59.7565536499, 60.2325630188, 60.708568573, 61.1845779419, 61.6605873108, 62.1365966797, 62.6009979248, 63.0653953552, 63.5297966003, 64.0174102783, 64.4818115234, 64.9462127686, 65.4222183228, 65.8982315063, 66.3626327515, 66.8386383057, 67.3146438599, 67.7906570435, 68.2666625977, 68.7310638428, 69.2070770264, 69.6830825806, 70.1474838257, 70.6118774414, 71.087890625, 71.5638961792, 72.0282974243, 72.5043106079, 72.9803161621, 73.4563217163, 73.9323348999, 74.396736145, 74.8727416992, 75.3487548828, 75.8131484985, 76.2775497437, 76.7651672363, 77.2295684814, 77.7055740356, 78.1815872192, 78.6575927734, 79.1219940186, 79.5863952637, 80.0624008179, 80.5384140015, 81.0028076172, 81.4788208008, 81.9432220459, 82.4192276001, 82.8952331543, 83.3596343994, 83.8240356445, 84.3000411987, 84.7760543823, 85.2520599365, 85.7280731201, 86.2040786743, 86.6800918579, 87.1560974121, 87.6321105957, 88.0965042114, 88.5609054565, 89.0253067017, 89.4897003174, 89.965713501, 90.4417190552, 90.9177322388, 91.393737793, 91.8697509766, 92.3457565308, 92.8101577759, 93.2861633301, 93.7621765137, 94.2265777588, 94.6909713745, 95.1553726196, 95.6313781738, 96.1073913574, 96.5833969116, 97.0594100952, 97.5354156494, 98.011428833, 98.4758224487, 98.9402236938, 99.4162368774, 99.8922424316, 100.356643677, 100.821044922, 101.297050476, 101.77305603, 102.237457275, 102.713470459, 103.189476013, 103.653877258, 104.129882813, 104.605895996, 105.08190155, 105.557914734, 106.02230835, 106.486709595, 106.962722778, 107.438728333, 107.914733887, 108.39074707, 108.855148315, 109.319541931, 109.783943176, 110.271560669, 110.747573853, 111.223579407, 111.687980652, 112.152381897, 112.628387451, 113.104400635, 113.580406189, 114.056411743, 114.532424927, 115.008430481, 115.472831726, 115.937232971, 116.413238525, 116.889251709, 117.353645325, 117.81804657, 118.294059753, 118.770065308, 119.234466553, 119.698867798, 120.174873352, 120.650878906, 121.12689209, 121.602897644, 122.078910828, 122.554916382, 123.019317627, 123.483718872, 123.959724426, 124.43573761, 124.900131226, 125.376144409, 125.852149963, 126.328163147, 126.804168701, 127.268569946, 127.7445755, 128.220581055, 128.6849823, 129.149383545, 129.625396729, 130.101409912, 130.565795898, 131.030197144, 131.506210327, 131.982223511, 132.446624756, 132.934234619, 133.410247803, 133.886260986, 134.350662231, 134.815048218, 135.291061401, 135.767074585, 136.23147583, 136.695877075, 137.171875, 137.647888184, 138.123901367, 138.599899292, 139.075912476, 139.551925659, 140.016326904, 140.480728149, 140.956726074, 141.432739258, 141.897140503, 142.373153687, 142.849151611, 143.313552856, 143.78956604, 144.265579224, 144.729980469, 145.205978394, 145.681991577, 146.146392822, 146.622406006, 147.098403931, 147.562805176, 148.038818359, 148.514831543, 148.979232788, 149.455230713, 149.931243896, 150.395645142, 150.860046387, 151.336044312, 151.812057495, 152.288070679, 152.764083862, 153.228485107, 153.692871094, 154.168884277, 154.644897461, 155.120910645, 155.596908569, 156.072921753, 156.548934937, 157.024932861, 157.489334106, 157.96534729, 158.429748535, 158.89414978, 159.358551025, 159.83454895, 160.310562134, 160.786575317, 161.262588501, 161.738586426, 162.214599609, 162.679000854, 163.1434021, 163.619400024, 164.095413208, 164.559814453, 165.024215698, 165.500228882, 165.976226807, 166.440628052, 166.916641235, 167.392654419, 167.857055664, 168.333053589, 168.809066772, 169.273468018, 169.749481201, 170.225479126, 170.689880371, 171.165893555, 171.641906738, 172.117904663, 172.582305908, 173.058319092, 173.522720337, 173.998733521, 174.474731445, 174.950744629, 175.426757813, 175.891159058, 176.355545044, 176.831558228, 177.307571411, 177.771972656, 178.236373901, 178.723983765, 179.18838501, 179.664398193, 180.140411377, 180.616409302, 181.092422485, 181.55682373, 182.021224976, 182.4972229, 182.973236084, 183.437637329, 183.913650513, 184.389663696, 184.865661621, 185.341674805, 185.80607605, 186.270477295, 186.74647522, 187.222488403, 187.686889648, 188.162902832, 188.638900757, 189.103302002, 189.579315186, 190.055328369, 190.519729614, 190.995727539, 191.471740723, 191.936141968, 192.400543213, 192.876556396, 193.352554321, 193.816955566, 194.29296875, 194.768981934, 195.23336792, 195.709381104, 196.173782349, 196.649795532, 197.125808716, 197.601806641, 198.077819824, 198.553833008, 199.041442871, 199.529067993, 200.016693115, 200.527526855, 201.08480835, 201.630477905, 202.210968018, 202.791473389, 203.360351563, 203.929244995, 204.498138428, 205.06703186, 205.566253662, 206.065490723, 206.553100586, 207.02911377, 207.505126953, 207.981124878, 208.445526123, 208.921539307, 209.39755249, 209.861953735, 210.349563599, 210.813964844, 211.278366089, 211.754379272, 212.230377197, 212.694778442, 213.170791626, 213.64680481, 214.122802734, 214.598815918, 215.063217163, 215.539230347, 216.015228271, 216.491241455, 216.967254639, 217.431655884, 217.896057129, 218.372055054, 218.848068237, 219.312469482, 219.788482666, 220.264480591, 220.728881836, 221.193283081, 221.657684326, 222.13369751, 222.609695435, 223.085708618, 223.561721802, 224.026123047, 224.490524292, 224.966522217, 225.4425354, 225.918548584, 226.394546509, 226.858947754, 227.323348999, 227.799362183, 228.275375366, 228.751373291, 229.227386475, 229.69178772, 230.156188965, 230.62059021, 231.084991455, 231.56098938, 232.037002563, 232.513015747, 232.989013672, 233.465026855, 233.941040039, 234.417053223, 234.893051147, 235.369064331, 235.845077515, 236.321090698, 236.785476685, 237.261489868, 237.725891113, 238.201904297, 238.677902222, 239.153915405, 239.629928589, 240.105941772, 240.570343018, 241.046340942, 241.510742188, 241.975143433, 242.451156616, 242.927154541, 243.391555786, 243.86756897, 244.343582153, 244.819580078, 245.295593262, 245.759994507, 246.224395752, 246.700408936, 247.17640686, 247.652420044, 248.105209351, 248.581222534, 249.057235718, 249.533233643, 250.009246826, 250.48526001, 250.961257935, 251.42565918, 251.890060425, 252.366073608, 252.842086792, 253.306488037, 253.770874023, 254.246887207, 254.722900391, 255.198913574, 255.674911499, 256.150939941, 256.626922607, 257.091339111, 257.555725098, 258.031738281, 258.507751465, 258.972137451, 259.436553955, 259.912567139, 260.388580322, 260.852966309, 261.328979492, 261.793365479, 262.269378662, 262.745391846, 263.221405029, 263.697418213, 264.173431396, 264.637817383, 265.102203369, 265.578216553, 266.054229736, 266.53024292, 267.006256104, 267.47064209, 267.935058594, 268.422668457, 268.91027832, 269.409515381, 269.908752441, 270.419586182, 270.918823242, 271.429656982, 271.928894043, 272.416503906, 272.89251709, 273.368530273, 273.83291626, 274.297332764, 274.76171875, 275.249328613, 275.725341797, 276.21295166, 276.735412598, 277.223022461, 277.710662842, 278.140228271, 278.581390381, 279.045806885, 279.568237305, 280.090698242, 280.601531982, 281.100769043, 281.62322998, 282.122436523, 282.691345215, 283.260223389, 283.829101563, 284.398010254, 284.966888428, 285.535766602]
