
metadata:
    version:
        essentia: "2.1-beta2"
    audio_properties:
        analysis_sample_rate: 44100
        bitrate: 256
        channels: 2
        equal_loudness: 1
        length: 214.256332397
        replay_gain: -15.3818912506
        downmix: "mix"
    tags:
        album: "Human Bomb"
        artist: "Black Bomb A"
        comment: ""
        date: "2001"
        genre: "Rock"
        title: "Everlast"
        tracknumber: "8"

configuration:
    average_loudness:
        compute: 1
        frameSize: 88200
        hopSize: 44100
        silentFrames: "noise"
        windowType: "hann"
    general:
        analysisSampleRate: 44100
        endTime: 2000
        equalLoudness: 1
        nequalLoudness: 0
        shortSound: 0
        startTime: 0
    lowlevel:
        compute: 1
        frameSize: 2048
        hopSize: 1024
        zeroPadding: 0
        silentFrames: "noise"
        windowType: "blackmanharris62"
        mfccStats: ["mean", "cov", "icov"]
        stats: ["mean", "var", "median", "min", "max", "dmean", "dmean2", "dvar", "dvar2"]
    panning:
        compute: 0
        frameSize: 8192
        hopSize: 2048
        zeroPadding: 8192
        silentFrames: "noise"
        windowType: "hann"
        stats: ["copy"]
    rhythm:
        compute: 1
        maxTempo: 208
        minTempo: 40
        method: "degara"
        stats: ["mean", "var", "median", "min", "max", "dmean", "dmean2", "dvar", "dvar2"]
    segmentation:
        compute: 0
        cpw: 5
        inc1: 300
        inc2: 50
        minimumSegmentsLength: 10
        size1: 1000
        size2: 600
    sfx:
        compute: 1
        stats: ["mean", "var", "median", "min", "max", "dmean", "dmean2", "dvar", "dvar2"]
    svm:
        compute: 0
    tonal:
        compute: 1
        frameSize: 4096
        hopSize: 2048
        zeroPadding: 0
        silentFrames: "noise"
        windowType: "blackmanharris62"
        stats: ["mean", "var", "median", "min", "max", "dmean", "dmean2", "dvar", "dvar2"]

lowlevel:
    average_loudness: 0.922575831413
    barkbands_kurtosis:
        dmean: 0.998868107796
        dmean2: 1.63162600994
        dvar: 2.09801292419
        dvar2: 5.09627389908
        max: 48.5030212402
        mean: 0.00678253360093
        median: -0.510536849499
        min: -1.9206546545
        var: 3.95024013519
    barkbands_skewness:
        dmean: 0.433088302612
        dmean2: 0.67506724596
        dvar: 0.193062976003
        dvar2: 0.453497231007
        max: 6.32333469391
        mean: -0.629514396191
        median: -0.728448748589
        min: -3.41710352898
        var: 0.699513792992
    barkbands_spread:
        dmean: 6.52826976776
        dmean2: 10.2393665314
        dvar: 35.7928085327
        dvar2: 84.2790603638
        max: 111.902084351
        mean: 31.5021934509
        median: 30.8918323517
        min: 1.78921890259
        var: 117.420127869
    dissonance:
        dmean: 0.00896657258272
        dmean2: 0.0153759019449
        dvar: 0.000126551531139
        dvar2: 0.000335664051818
        max: 0.500000119209
        mean: 0.487490922213
        median: 0.491743385792
        min: 0.307869076729
        var: 0.000171619001776
    hfc:
        dmean: 4.48458528519
        dmean2: 7.46432256699
        dvar: 34.3308868408
        dvar2: 90.5218276978
        max: 63.6597137451
        mean: 10.9476175308
        median: 9.67236995697
        min: 1.24276647551e-016
        var: 52.5549812317
    pitch:
        dmean: 958.109985352
        dmean2: 1787.15478516
        dvar: 1433587.375
        dvar2: 3300271.5
        max: 5328.34179688
        mean: 2082.26269531
        median: 2762.43408203
        min: 63.2274894714
        var: 1945732.5
    pitch_instantaneous_confidence:
        dmean: 0.0860783159733
        dmean2: 0.146068975329
        dvar: 0.00496143801138
        dvar2: 0.01365132723
        max: 0.842035293579
        mean: 0.348338633776
        median: 0.336445569992
        min: 0.112396478653
        var: 0.00987397506833
    pitch_salience:
        dmean: 0.0562385395169
        dmean2: 0.0920955836773
        dvar: 0.00285761058331
        dvar2: 0.00739142717794
        max: 0.908380508423
        mean: 0.690642297268
        median: 0.711351513863
        min: 0.105584934354
        var: 0.00857041496783
    silence_rate_20dB:
        dmean: 0
        dmean2: 0
        dvar: 0
        dvar2: 0
        max: 1
        mean: 1
        median: 1
        min: 1
        var: 0
    silence_rate_30dB:
        dmean: 0
        dmean2: 0
        dvar: 0
        dvar2: 0
        max: 1
        mean: 1
        median: 1
        min: 1
        var: 0
    silence_rate_60dB:
        dmean: 0.0983961820602
        dmean2: 0.196813702583
        dvar: 0.088726259768
        dvar2: 0.194474279881
        max: 1
        mean: 0.193087011576
        median: 0
        min: 0
        var: 0.155796572566
    spectral_centroid:
        dmean: 301.902740479
        dmean2: 474.565948486
        dvar: 100763.101563
        dvar2: 228642.4375
        max: 10796.9423828
        mean: 2092.68139648
        median: 2133.49536133
        min: 187.294937134
        var: 306236.15625
    spectral_complexity:
        dmean: 5.45730400085
        dmean2: 8.46797466278
        dvar: 25.8393688202
        dvar2: 60.1407165527
        max: 49
        mean: 19.6923828125
        median: 20
        min: 0
        var: 96.8079376221
    spectral_crest:
        dmean: 1.77086091042
        dmean2: 2.98950314522
        dvar: 2.78068733215
        dvar2: 7.54891109467
        max: 23.3346805573
        mean: 6.37250804901
        median: 5.81747150421
        min: 2.53220391273
        var: 5.71498203278
    spectral_decrease:
        dmean: 3.38894134977e-010
        dmean2: 5.52962453604e-010
        dvar: 1.52515858611e-019
        dvar2: 3.85578274272e-019
        max: 9.4325440329e-029
        mean: -1.06081010642e-009
        median: -9.68989888328e-010
        min: -4.41859437927e-009
        var: 3.02383705285e-019
    spectral_energy:
        dmean: 0.00166160182562
        dmean2: 0.00272021326236
        dvar: 3.8806538214e-006
        dvar2: 9.93561570795e-006
        max: 0.0216367058456
        mean: 0.00499672954902
        median: 0.0045340671204
        min: 1.09162468061e-020
        var: 7.23672656022e-006
    spectral_energyband_high:
        dmean: 0.000199998030439
        dmean2: 0.000335331074893
        dvar: 7.79691973207e-008
        dvar2: 2.07761232218e-007
        max: 0.00356316543184
        mean: 0.00043442423339
        median: 0.000364239531336
        min: 7.92303479065e-021
        var: 1.08346711158e-007
    spectral_energyband_low:
        dmean: 0.00023865190451
        dmean2: 0.000374401366571
        dvar: 7.26096303083e-008
        dvar2: 1.83693259714e-007
        max: 0.00365494913422
        mean: 0.000520104833413
        median: 0.000433027104009
        min: 9.36152722041e-023
        var: 1.53916786871e-007
    spectral_energyband_middle_high:
        dmean: 0.00134563981555
        dmean2: 0.00222010421567
        dvar: 2.67394602815e-006
        dvar2: 6.87992269377e-006
        max: 0.0189360957593
        mean: 0.00339232431725
        median: 0.00295228371397
        min: 1.49081857072e-021
        var: 5.17789158039e-006
    spectral_energyband_middle_low:
        dmean: 0.000399773765821
        dmean2: 0.000646489381324
        dvar: 3.51645894625e-007
        dvar2: 8.9685192961e-007
        max: 0.0100976182148
        mean: 0.000857306236867
        median: 0.000685486360453
        min: 3.01222535556e-022
        var: 4.77510297969e-007
    spectral_flatness_db:
        dmean: 0.0138479694724
        dmean2: 0.0222344063222
        dvar: 0.000193205327378
        dvar2: 0.000451809319202
        max: 0.38538107276
        mean: 0.13278080523
        median: 0.125396341085
        min: 0.0398641712964
        var: 0.00118769111577
    spectral_flux:
        dmean: 0.00873272214085
        dmean2: 0.0133133614436
        dvar: 8.56287224451e-005
        dvar2: 0.000147269471199
        max: 0.119073718786
        mean: 0.0457646846771
        median: 0.0448261126876
        min: 1.04480847585e-010
        var: 0.000272718054475
    spectral_kurtosis:
        dmean: 1.02810513973
        dmean2: 1.68637192249
        dvar: 1.50436294079
        dvar2: 3.74542832375
        max: 28.6842765808
        mean: 4.24779272079
        median: 4.11708021164
        min: -1.2638399601
        var: 3.18632006645
    spectral_rms:
        dmean: 0.000345930893673
        dmean2: 0.000551733421162
        dvar: 1.28440717617e-007
        dvar2: 3.19976862784e-007
        max: 0.00459445128217
        mean: 0.00211612530984
        median: 0.00210320716724
        min: 3.26343336035e-012
        var: 3.96833939931e-007
    spectral_rolloff:
        dmean: 297.250579834
        dmean2: 485.059173584
        dvar: 204051.84375
        dvar2: 431595.90625
        max: 19078.4179688
        mean: 3508.70678711
        median: 3552.97851563
        min: 172.265625
        var: 434531.40625
    spectral_skewness:
        dmean: 0.174453392625
        dmean2: 0.283750355244
        dvar: 0.0318684503436
        dvar2: 0.075299911201
        max: 4.1622300148
        mean: 1.42264509201
        median: 1.43623912334
        min: -0.0108042862266
        var: 0.0952042862773
    spectral_spread:
        dmean: 551580.4375
        dmean2: 830944.9375
        dvar: 607091818496
        dvar2: 1.05389699891e+012
        max: 47614928
        mean: 4502493
        median: 4356784
        min: 1582126.625
        var: 1.72011211981e+012
    spectral_strongpeak:
        dmean: 0.545249581337
        dmean2: 0.958752036095
        dvar: 0.433848619461
        dvar2: 1.19194114208
        max: 6.50031280518
        mean: 0.649707794189
        median: 0.395452678204
        min: 0
        var: 0.533149898052
    zerocrossingrate:
        dmean: 0.00789298024029
        dmean2: 0.00966878328472
        dvar: 7.08825682523e-005
        dvar2: 8.74069810379e-005
        max: 0.5
        mean: 0.110907882452
        median: 0.11279296875
        min: 0.01025390625
        var: 0.000508615514264
    barkbands:
        dmean: [1.03424349618e-006, 6.8658249802e-005, 0.00014189023932, 0.000146769161802, 8.31636498333e-005, 3.02414828184e-005, 3.5475633922e-005, 9.34183044592e-005, 0.000195200715098, 9.41567850532e-005, 9.02201572899e-005, 0.000143048237078, 0.000140261501656, 0.000128795814817, 0.000154081353685, 0.000177218025783, 0.00022759231797, 0.000244677241426, 0.000534698076081, 0.000281933083897, 0.00010702767031, 2.46701674769e-005, 5.46000546819e-006, 2.46703575613e-006, 1.45693468312e-006, 6.35458121678e-008, 8.03779320879e-010]
        dmean2: [1.74673436959e-006, 0.000110212007712, 0.000227706535952, 0.000231015335885, 0.000137255192385, 4.91448336106e-005, 6.04475062573e-005, 0.000160947514814, 0.000325295724906, 0.000157303191372, 0.000148798178998, 0.000230319681577, 0.000227704891586, 0.000211326347198, 0.000256129627815, 0.000294299214147, 0.000382942234864, 0.000412033841712, 0.000923081184737, 0.00049667712301, 0.000182692499948, 4.12054432672e-005, 8.83223674464e-006, 4.01213947043e-006, 2.36338132709e-006, 1.00454322194e-007, 1.26285237823e-009]
        dvar: [1.72622560777e-012, 5.60753532497e-009, 2.60548720377e-008, 4.16666701142e-008, 1.29085071521e-008, 2.87713675107e-009, 7.23349247167e-009, 4.5756209488e-008, 2.33983826092e-007, 7.85996689956e-008, 3.72365001056e-008, 6.16575874801e-008, 6.38564827682e-008, 6.71584103884e-008, 1.08875916283e-007, 9.90432482695e-008, 9.17492783969e-008, 9.81312382464e-008, 6.10029815107e-007, 1.69043218534e-007, 2.65014215017e-008, 2.13675188654e-009, 1.41052350355e-010, 3.23701065952e-011, 1.01441667566e-011, 2.23534586701e-014, 1.06564158371e-018]
        dvar2: [4.54029001895e-012, 1.4821244676e-008, 6.6578557778e-008, 1.05762694602e-007, 3.45761215215e-008, 7.39587102672e-009, 1.92123081888e-008, 1.23422339016e-007, 6.04369688517e-007, 2.09153171227e-007, 9.54833936362e-008, 1.52555088562e-007, 1.64573279449e-007, 1.72652704578e-007, 2.87403338461e-007, 2.45922592512e-007, 2.45233621854e-007, 2.6273968956e-007, 1.67344819602e-006, 4.63681004703e-007, 7.36986294214e-008, 5.57102097787e-009, 3.60527552257e-010, 7.91403539924e-011, 2.59207100228e-011, 5.7547330345e-014, 2.55789805282e-018]
        max: [1.20365202747e-005, 0.000853631296195, 0.00195983168669, 0.00326049141586, 0.00183261022903, 0.00106655259151, 0.00194434123114, 0.00398266222328, 0.00799207389355, 0.00737760728225, 0.00535138323903, 0.00361534208059, 0.00618632510304, 0.00463171163574, 0.00592314032838, 0.00895552430302, 0.00533862225711, 0.00526637258008, 0.0104373414069, 0.0030593839474, 0.00257816584781, 0.00150910008233, 0.000315099256113, 0.000139022668009, 5.15603969689e-005, 5.02860848428e-006, 1.38522997517e-008]
        mean: [1.52927600539e-006, 0.000115604838356, 0.000224576840992, 0.000256285129581, 0.000141100215842, 5.15067877132e-005, 4.07473817177e-005, 0.000108516971522, 0.000218031505938, 0.000114392067189, 0.000123931153212, 0.000209331119549, 0.000209206642467, 0.000196245120605, 0.000208669254789, 0.000296381447697, 0.000427441846114, 0.000468262005597, 0.000895431905519, 0.00041743676411, 0.000208358513191, 4.67858953925e-005, 9.4231500043e-006, 4.59405919173e-006, 2.81702273242e-006, 1.15030950099e-007, 1.3578992375e-009]
        median: [1.05729361621e-006, 9.62248741416e-005, 0.000170246785274, 0.000168770406162, 0.000100648525404, 3.63725739589e-005, 1.86611359823e-005, 2.64862428594e-005, 6.15360913798e-005, 3.54939620593e-005, 4.49769249826e-005, 8.55543330545e-005, 7.90355770732e-005, 7.00792079442e-005, 0.000105365550553, 0.00021652833675, 0.000352822884452, 0.000385203864425, 0.000698183372151, 0.000312454241794, 0.000173537366209, 3.16202094837e-005, 6.07847596257e-006, 3.25519226863e-006, 2.15575437323e-006, 8.11043321391e-008, 9.99451188477e-010]
        min: [5.42040906127e-023, 3.07760229774e-023, 2.53180647682e-023, 6.10019708791e-024, 5.03319384604e-023, 3.49593555133e-023, 1.84412660679e-023, 7.45160598536e-023, 9.83144598185e-023, 4.72111005897e-023, 3.5359569894e-023, 1.36420985379e-022, 8.11796120962e-023, 1.12109302023e-022, 1.35464469444e-022, 1.4042471322e-022, 1.40007790765e-022, 1.51798509751e-022, 2.21458827811e-022, 2.65657883915e-022, 3.39243813652e-022, 5.17845002307e-022, 4.76829182971e-022, 9.70394233063e-022, 1.38245498222e-021, 1.54158082333e-021, 2.80718402323e-021]
        var: [2.36582324911e-012, 8.47735659448e-009, 4.16681373849e-008, 8.22735302108e-008, 1.92817513067e-008, 3.55951490505e-009, 6.254216256e-009, 4.72802241802e-008, 2.13016193129e-007, 7.11535719233e-008, 5.55421486581e-008, 1.04078431207e-007, 1.08867787674e-007, 1.07846474862e-007, 1.14642681126e-007, 1.29900044499e-007, 1.35553321456e-007, 1.50833599832e-007, 6.82219763348e-007, 1.53268061354e-007, 2.90854700324e-008, 2.70214384201e-009, 1.60311749986e-010, 3.93026236556e-011, 1.15361054043e-011, 2.47142377499e-014, 1.76352652529e-018]
    frequency_bands:
        dmean: [1.03424349618e-006, 6.8658249802e-005, 0.00014189023932, 0.000146769161802, 8.31636498333e-005, 3.02414828184e-005, 3.5475633922e-005, 9.34183044592e-005, 0.000195200715098, 9.41567850532e-005, 9.02201572899e-005, 0.000143048237078, 0.000140261501656, 0.000128795814817, 0.000154081353685, 0.000177218025783, 0.00022759231797, 0.000244677241426, 0.000534698076081, 0.000281933083897, 0.00010702767031, 2.46701674769e-005, 5.46000546819e-006, 2.46703575613e-006, 1.45693468312e-006, 6.35458121678e-008, 8.03779320879e-010, 5.71504267521e-011]
        dmean2: [1.74673436959e-006, 0.000110212007712, 0.000227706535952, 0.000231015335885, 0.000137255192385, 4.91448336106e-005, 6.04475062573e-005, 0.000160947514814, 0.000325295724906, 0.000157303191372, 0.000148798178998, 0.000230319681577, 0.000227704891586, 0.000211326347198, 0.000256129627815, 0.000294299214147, 0.000382942234864, 0.000412033841712, 0.000923081184737, 0.00049667712301, 0.000182692499948, 4.12054432672e-005, 8.83223674464e-006, 4.01213947043e-006, 2.36338132709e-006, 1.00454322194e-007, 1.26285237823e-009, 1.06163584868e-010]
        dvar: [1.72622560777e-012, 5.60753532497e-009, 2.60548720377e-008, 4.16666701142e-008, 1.29085071521e-008, 2.87713675107e-009, 7.23349247167e-009, 4.5756209488e-008, 2.33983826092e-007, 7.85996689956e-008, 3.72365001056e-008, 6.16575874801e-008, 6.38564827682e-008, 6.71584103884e-008, 1.08875916283e-007, 9.90432482695e-008, 9.17492783969e-008, 9.81312382464e-008, 6.10029815107e-007, 1.69043218534e-007, 2.65014215017e-008, 2.13675188654e-009, 1.41052350355e-010, 3.23701065952e-011, 1.01441667566e-011, 2.23534586701e-014, 1.06564158371e-018, 7.08325098287e-021]
        dvar2: [4.54029001895e-012, 1.4821244676e-008, 6.6578557778e-008, 1.05762694602e-007, 3.45761215215e-008, 7.39587102672e-009, 1.92123081888e-008, 1.23422339016e-007, 6.04369688517e-007, 2.09153171227e-007, 9.54833936362e-008, 1.52555088562e-007, 1.64573279449e-007, 1.72652704578e-007, 2.87403338461e-007, 2.45922592512e-007, 2.45233621854e-007, 2.6273968956e-007, 1.67344819602e-006, 4.63681004703e-007, 7.36986294214e-008, 5.57102097787e-009, 3.60527552257e-010, 7.91403539924e-011, 2.59207100228e-011, 5.7547330345e-014, 2.55789805282e-018, 2.25939375999e-020]
        max: [1.20365202747e-005, 0.000853631296195, 0.00195983168669, 0.00326049141586, 0.00183261022903, 0.00106655259151, 0.00194434123114, 0.00398266222328, 0.00799207389355, 0.00737760728225, 0.00535138323903, 0.00361534208059, 0.00618632510304, 0.00463171163574, 0.00592314032838, 0.00895552430302, 0.00533862225711, 0.00526637258008, 0.0104373414069, 0.0030593839474, 0.00257816584781, 0.00150910008233, 0.000315099256113, 0.000139022668009, 5.15603969689e-005, 5.02860848428e-006, 1.38522997517e-008, 1.01398101027e-009]
        mean: [1.52927600539e-006, 0.000115604838356, 0.000224576840992, 0.000256285129581, 0.000141100215842, 5.15067877132e-005, 4.07473817177e-005, 0.000108516971522, 0.000218031505938, 0.000114392067189, 0.000123931153212, 0.000209331119549, 0.000209206642467, 0.000196245120605, 0.000208669254789, 0.000296381447697, 0.000427441846114, 0.000468262005597, 0.000895431905519, 0.00041743676411, 0.000208358513191, 4.67858953925e-005, 9.4231500043e-006, 4.59405919173e-006, 2.81702273242e-006, 1.15030950099e-007, 1.3578992375e-009, 4.44801522004e-011]
        median: [1.05729361621e-006, 9.62248741416e-005, 0.000170246785274, 0.000168770406162, 0.000100648525404, 3.63725739589e-005, 1.86611359823e-005, 2.64862428594e-005, 6.15360913798e-005, 3.54939620593e-005, 4.49769249826e-005, 8.55543330545e-005, 7.90355770732e-005, 7.00792079442e-005, 0.000105365550553, 0.00021652833675, 0.000352822884452, 0.000385203864425, 0.000698183372151, 0.000312454241794, 0.000173537366209, 3.16202094837e-005, 6.07847596257e-006, 3.25519226863e-006, 2.15575437323e-006, 8.11043321391e-008, 9.99451188477e-010, 1.64491319871e-011]
        min: [5.42040906127e-023, 3.07760229774e-023, 2.53180647682e-023, 6.10019708791e-024, 5.03319384604e-023, 3.49593555133e-023, 1.84412660679e-023, 7.45160598536e-023, 9.83144598185e-023, 4.72111005897e-023, 3.5359569894e-023, 1.36420985379e-022, 8.11796120962e-023, 1.12109302023e-022, 1.35464469444e-022, 1.4042471322e-022, 1.40007790765e-022, 1.51798509751e-022, 2.21458827811e-022, 2.65657883915e-022, 3.39243813652e-022, 5.17845002307e-022, 4.76829182971e-022, 9.70394233063e-022, 1.38245498222e-021, 1.54158082333e-021, 2.80718402323e-021, 7.89594583728e-022]
        var: [2.36582324911e-012, 8.47735659448e-009, 4.16681373849e-008, 8.22735302108e-008, 1.92817513067e-008, 3.55951490505e-009, 6.254216256e-009, 4.72802241802e-008, 2.13016193129e-007, 7.11535719233e-008, 5.55421486581e-008, 1.04078431207e-007, 1.08867787674e-007, 1.07846474862e-007, 1.14642681126e-007, 1.29900044499e-007, 1.35553321456e-007, 1.50833599832e-007, 6.82219763348e-007, 1.53268061354e-007, 2.90854700324e-008, 2.70214384201e-009, 1.60311749986e-010, 3.93026236556e-011, 1.15361054043e-011, 2.47142377499e-014, 1.76352652529e-018, 5.55897764158e-021]
    mfcc:
        mean: [-697.771606445, 85.010055542, -59.4623794556, 55.0101852417, -2.29214787483, 2.27994251251, 14.1170091629, 4.02210664749, 4.5883140564, -3.40476870537, 0.690040528774, -3.00836491585, -5.04368638992]
        cov: [[4046.15039063, 68.2535934448, -522.773254395, 284.456085205, -34.1420249939, 235.403549194, 120.236099243, 5.42991304398, 122.016212463, 51.252910614, 106.001693726, 41.0586776733, -35.3463287354], [68.2535934448, 516.639526367, -164.400390625, -18.3949985504, -25.8775863647, -38.7993812561, 73.1482391357, 31.7384586334, 10.7966022491, -13.6543416977, 1.56519854069, 21.1894435883, -7.81572389603], [-522.773254395, -164.400390625, 440.683532715, 52.9239044189, 34.0346221924, -30.2076587677, -47.0442314148, 20.3678321838, 8.74333190918, -12.1763515472, -15.5608053207, 2.72324347496, -1.29122114182], [284.456085205, -18.3949985504, 52.9239044189, 337.328399658, 132.389221191, 52.7868461609, 2.68217134476, -36.61668396, 40.8323059082, -27.4179382324, -23.7428436279, 6.84379196167, -6.42155456543], [-34.1420249939, -25.8775863647, 34.0346221924, 132.389221191, 217.721252441, 97.2586364746, 8.74486637115, -55.211643219, -4.42280721664, -11.0752334595, -1.50253248215, -3.57976317406, -17.1721248627], [235.403549194, -38.7993812561, -30.2076587677, 52.7868461609, 97.2586364746, 188.49848938, 42.7613716125, -33.8827095032, -22.4731063843, -11.1276140213, 21.0963516235, -3.51498818398, -18.7745723724], [120.236099243, 73.1482391357, -47.0442314148, 2.68217134476, 8.74486637115, 42.7613716125, 136.970489502, 46.2934570313, 4.33137321472, -32.9118728638, -13.8696260452, 12.285284996, -11.6673221588], [5.42991304398, 31.7384586334, 20.3678321838, -36.61668396, -55.211643219, -33.8827095032, 46.2934570313, 109.713226318, 28.8763446808, -1.83304142952, -18.9443397522, -2.57411265373, 7.20010280609], [122.016212463, 10.7966022491, 8.74333190918, 40.8323059082, -4.42280721664, -22.4731063843, 4.33137321472, 28.8763446808, 89.6550598145, 28.419752121, 5.18287611008, -0.571547985077, -10.4900493622], [51.252910614, -13.6543416977, -12.1763515472, -27.4179382324, -11.0752334595, -11.1276140213, -32.9118728638, -1.83304142952, 28.419752121, 88.4106140137, 38.6735534668, -0.0212587937713, -12.5488996506], [106.001693726, 1.56519854069, -15.5608053207, -23.7428436279, -1.50253248215, 21.0963516235, -13.8696260452, -18.9443397522, 5.18287611008, 38.6735534668, 75.2809753418, 25.4558773041, -3.16980433464], [41.0586776733, 21.1894435883, 2.72324347496, 6.84379196167, -3.57976317406, -3.51498818398, 12.285284996, -2.57411265373, -0.571547985077, -0.0212587937713, 25.4558773041, 64.0221710205, 26.3038330078], [-35.3463287354, -7.81572389603, -1.29122114182, -6.42155456543, -17.1721248627, -18.7745723724, -11.6673221588, 7.20010280609, -10.4900493622, -12.5488996506, -3.16980433464, 26.3038330078, 76.7271652222]]
        icov: [[0.000414219568484, 0.000113912807137, 0.000522409682162, -0.000549069722183, 0.000511259888299, -0.000530510325916, -3.58185170626e-005, -0.000222787071834, -0.00037138722837, 7.89305340732e-006, -0.000479058275232, -0.000141768483445, 0.000144659672515], [0.000113912807137, 0.002574383514, 0.00112766469829, -0.000232655191212, -0.000201321105123, 0.00102263235021, -0.00100306211971, -0.000557390449103, -4.5321208745e-005, 0.000535758852493, -0.000646643165965, -0.000781064503826, 0.000741650525015], [0.000522409682162, 0.00112766469829, 0.0037438957952, -0.000981708406471, -0.00031782744918, 9.27158616832e-005, 0.00145079824142, -0.00226056016982, -0.000263653259026, 0.00109650357626, -0.000629465153906, -0.00144388701301, 0.00133295252454], [-0.000549069722183, -0.000232655191212, -0.000981708406471, 0.00564055610448, -0.00297761661932, -3.73292059521e-005, 0.000679156510159, 0.00164889323059, -0.00310418452136, 0.00160034664441, 0.00271425023675, -0.00142593181226, -0.000109777138277], [0.000511259888299, -0.000201321105123, -0.00031782744918, -0.00297761661932, 0.00905330851674, -0.00396875198931, -0.000919160433114, 0.00300989253446, -0.000428050931077, -0.00104233867023, 0.000645493273623, 0.000273315934464, 0.000297286867863], [-0.000530510325916, 0.00102263235021, 9.27158616832e-005, -3.73292059521e-005, -0.00396875198931, 0.0102723669261, -0.00395328365266, 0.00113900611177, 0.00285129086114, 0.000748723803554, -0.00417551351711, 0.0027655060403, 0.000167217163835], [-3.58185170626e-005, -0.00100306211971, 0.00145079824142, 0.000679156510159, -0.000919160433114, -0.00395328365266, 0.014395407401, -0.00724103394896, -0.000847784627695, 0.00478081265464, 0.00226064678282, -0.00581893278286, 0.00441228877753], [-0.000222787071834, -0.000557390449103, -0.00226056016982, 0.00164889323059, 0.00300989253446, 0.00113900611177, -0.00724103394896, 0.0173415821046, -0.0049242391251, -0.0020287593361, 0.0034986527171, 0.00260346499272, -0.00358857074752], [-0.00037138722837, -4.5321208745e-005, -0.000263653259026, -0.00310418452136, -0.000428050931077, 0.00285129086114, -0.000847784627695, -0.0049242391251, 0.0175409819931, -0.00584777584299, -0.00103371660225, 0.000559809966944, 0.00170226744376], [7.89305340732e-006, 0.000535758852493, 0.00109650357626, 0.00160034664441, -0.00104233867023, 0.000748723803554, 0.00478081265464, -0.0020287593361, -0.00584777584299, 0.0200938414782, -0.00932259112597, 0.00109249912202, 0.0028051037807], [-0.000479058275232, -0.000646643165965, -0.000629465153906, 0.00271425023675, 0.000645493273623, -0.00417551351711, 0.00226064678282, 0.0034986527171, -0.00103371660225, -0.00932259112597, 0.0260700769722, -0.0116180265322, 0.00246209697798], [-0.000141768483445, -0.000781064503826, -0.00144388701301, -0.00142593181226, 0.000273315934464, 0.0027655060403, -0.00581893278286, 0.00260346499272, 0.000559809966944, 0.00109249912202, -0.0116180265322, 0.0262674931437, -0.00990964751691], [0.000144659672515, 0.000741650525015, 0.00133295252454, -0.000109777138277, 0.000297286867863, 0.000167217163835, 0.00441228877753, -0.00358857074752, 0.00170226744376, 0.0028051037807, 0.00246209697798, -0.00990964751691, 0.0184942577034]]
    sccoeffs:
        dmean: [0.0485713332891, 0.0495510138571, 0.043001357466, 0.0324287936091, 0.0205306559801, 0.0202131122351]
        dmean2: [0.0798571035266, 0.0816021487117, 0.0712353214622, 0.054496049881, 0.0344667360187, 0.0329471975565]
        dvar: [0.00163421873003, 0.00177575706039, 0.00138167536352, 0.000733353605028, 0.00029316911241, 0.00034137556213]
        dvar2: [0.00440726988018, 0.00467019155622, 0.00357676763088, 0.00195457995869, 0.000774343439844, 0.000895166420378]
        max: [-0.357538163662, -0.432806313038, -0.561923623085, -0.604637503624, -0.61548948288, -0.628489673138]
        mean: [-0.689266502857, -0.776792347431, -0.796585381031, -0.79424905777, -0.793418169022, -0.746580481529]
        median: [-0.693551957607, -0.788281261921, -0.806658446789, -0.797501206398, -0.794111132622, -0.746493339539]
        min: [-0.965587198734, -0.961845993996, -0.970026910305, -0.964437782764, -0.961724042892, -0.959990441799]
        var: [0.00421639718115, 0.00468888599426, 0.00352148339152, 0.00178796600085, 0.000663046899717, 0.00114329275675]
    scvalleys:
        dmean: [0.329293251038, 0.378160387278, 0.339937388897, 0.304709136486, 0.260192811489, 0.24844866991]
        dmean2: [0.539229512215, 0.620554864407, 0.540667295456, 0.470881998539, 0.404357016087, 0.373508870602]
        dvar: [0.0961623415351, 0.117162905633, 0.109087951481, 0.0961423590779, 0.0926101952791, 0.104218035936]
        dvar2: [0.213479146361, 0.274366497993, 0.217237770557, 0.181798294187, 0.181937798858, 0.209005579352]
        max: [-5.32060289383, -5.3042974472, -5.18748903275, -5.32837486267, -5.38535642624, -7.56086492538]
        mean: [-6.77410793304, -7.03833436966, -6.87288856506, -6.83841657639, -6.61914777756, -9.44860076904]
        median: [-6.54692411423, -6.93357372284, -6.78551578522, -6.70756483078, -6.44584178925, -9.2495765686]
        min: [-27.3716259003, -27.2049789429, -27.2118835449, -27.2515850067, -27.20677948, -27.2523345947]
        var: [1.28262865543, 0.767993330956, 0.877651691437, 0.947226345539, 0.883040189743, 1.1399191618]

rhythm:
    beats_loudness:
        dmean: 0.00251996610314
        dmean2: 0.00477497139946
        dvar: 4.73741238238e-006
        dvar2: 1.64002613019e-005
        max: 0.0211422201246
        mean: 0.00546257896349
        median: 0.00521853286773
        min: 3.9256775608e-007
        var: 6.25552229394e-006
    bpm: 131.972915649
    bpm_confidence: 0
    first_peak_bpm: 133
    first_peak_spread: 0.450574725866
    first_peak_weight: 0.510683774948
    onset_rate: 4.36859893799
    second_peak_bpm: 126
    second_peak_spread: 0
    second_peak_weight: 0.0256410259753
    beats_loudness_band_ratio:
        dmean: [0.0918965488672, 0.0288129225373, 0.0800005123019, 0.10991217941, 0.0959099382162, 0.0928391218185]
        dmean2: [0.166999846697, 0.052082259208, 0.146107703447, 0.198935970664, 0.168256938457, 0.164405182004]
        dvar: [0.0100887967274, 0.000867814989761, 0.00925071910024, 0.0127455759794, 0.00631465110928, 0.00540263904259]
        dvar2: [0.0279865618795, 0.00249181408435, 0.0270547512919, 0.0353658571839, 0.0183707363904, 0.0163888055831]
        max: [0.900208711624, 0.270154923201, 0.767212212086, 0.736768126488, 0.728323101997, 0.585789978504]
        mean: [0.133370503783, 0.0421192161739, 0.0931554064155, 0.146493092179, 0.31941306591, 0.293896019459]
        median: [0.104364186525, 0.0352527759969, 0.0459332242608, 0.104869022965, 0.309630632401, 0.29387563467]
        min: [0.000108361375169, 0.000187529323739, 0.00523216882721, 0.000842950714286, 0.0169679634273, 0.0138432467356]
        var: [0.0146915558726, 0.000975241768174, 0.0108732860535, 0.0151932071894, 0.0118933841586, 0.00992572680116]
    beats_position: [0.406349211931, 0.835918366909, 1.27709746361, 1.72988653183, 2.18267560005, 2.6470746994, 3.11147379875, 3.56426286697, 4.01705217361, 4.48145103455, 4.94585037231, 5.39863920212, 5.85142850876, 6.31582736969, 6.78022670746, 7.23301553726, 7.69741487503, 8.16181373596, 8.62621307373, 9.07900238037, 9.53179073334, 9.98458003998, 10.4257593155, 10.866938591, 11.3197278976, 11.7725172043, 12.2253055573, 12.6780948639, 13.1424942017, 13.5836734772, 14.0364627838, 14.4892511368, 14.9536504745, 15.4180498123, 15.8824491501, 16.3352375031, 16.7880268097, 17.2524261475, 17.7052154541, 18.1463947296, 18.5991840363, 19.0403633118, 19.4931507111, 19.9459400177, 20.3987293243, 20.851518631, 21.3043079376, 21.7570972443, 22.221496582, 22.6858959198, 23.1502952576, 23.6030826569, 24.0558719635, 24.497051239, 24.9498405457, 25.4026298523, 25.8554191589, 26.3198184967, 26.7726078033, 27.22539711, 27.6897945404, 28.142583847, 28.5953731537, 29.0481624603, 29.5125617981, 29.9653511047, 30.4181404114, 30.8825397491, 31.3237190247, 31.7881164551, 32.2409057617, 32.6936950684, 33.146484375, 33.5992736816, 34.0520629883, 34.5164604187, 34.9692497253, 35.422039032, 35.8632202148, 36.304397583, 36.7571868896, 37.2215881348, 37.6743774414, 38.1271629333, 38.5915641785, 39.0443534851, 39.4971427917, 39.9499320984, 40.4143295288, 40.8671188354, 41.3315200806, 41.7843093872, 42.2370948792, 42.7014961243, 43.1542854309, 43.6070747375, 44.0598640442, 44.5126533508, 44.953830719, 45.4182319641, 45.8826293945, 46.347026825, 46.7882080078, 47.2409973145, 47.7053947449, 48.1581840515, 48.5993652344, 49.052154541, 49.5049438477, 49.9577331543, 50.3989105225, 50.8516998291, 51.2928771973, 51.7572784424, 52.210067749, 52.6628570557, 53.1272544861, 53.5916557312, 54.0560531616, 54.5088424683, 54.9616317749, 55.4260292053, 55.8672103882, 56.3199996948, 56.7727890015, 57.2371864319, 57.6899757385, 58.1311569214, 58.583946228, 59.0483436584, 59.5127410889, 59.977142334, 60.4299316406, 60.8827209473, 61.3355102539, 61.7882995605, 62.252696991, 62.7054862976, 63.1582756042, 63.6226730347, 64.0754623413, 64.5282516479, 64.9694290161, 65.4106140137, 65.8750076294, 66.3394088745, 66.7921981812, 67.2449874878, 67.6977767944, 68.1505661011, 68.6033554077, 69.0561447144, 69.508934021, 69.9617233276, 70.4145126343, 70.8673019409, 71.3200912476, 71.7728805542, 72.2256698608, 72.6784591675, 73.1196365356, 73.5840377808, 74.0484313965, 74.5128326416, 74.9772338867, 75.4300231934, 75.8828125, 76.3472061157, 76.7999954224, 77.252784729, 77.7055740356, 78.1583633423, 78.6111526489, 79.0639419556, 79.5051269531, 79.9579086304, 80.410697937, 80.8750991821, 81.3395004272, 81.7922897339, 82.2450790405, 82.6978683472, 83.1506576538, 83.6034469604, 84.0562362671, 84.5206298828, 84.9850311279, 85.4378204346, 85.8906097412, 86.3550109863, 86.7961883545, 87.2373657227, 87.6901550293, 88.1429443359, 88.5957336426, 89.0485229492, 89.5129241943, 89.9773254395, 90.4185028076, 90.8596801758, 91.3124694824, 91.7652587891, 92.2064361572, 92.6592254639, 93.123626709, 93.5764160156, 94.0292053223, 94.4703826904, 94.9231719971, 95.3875732422, 95.8519744873, 96.316368103, 96.7807693481, 97.2451705933, 97.6979598999, 98.1507492065, 98.6035385132, 99.0563278198, 99.497505188, 99.9502944946, 100.403083801, 100.867477417, 101.331878662, 101.77305603, 102.225845337, 102.678634644, 103.13142395, 103.584213257, 104.037002563, 104.48979187, 104.942581177, 105.395370483, 105.84815979, 106.300949097, 106.753738403, 107.20652771, 107.670928955, 108.1353302, 108.599723816, 109.052513123, 109.505302429, 109.958091736, 110.410881042, 110.863670349, 111.316459656, 111.780860901, 112.222038269, 112.663215637, 113.127616882, 113.592018127, 114.044807434, 114.497596741, 114.961990356, 115.426391602, 115.86756897, 116.308753967, 116.761543274, 117.214332581, 117.678726196, 118.131515503, 118.58430481, 119.048706055, 119.5131073, 119.977500916, 120.430290222, 120.883079529, 121.335868835, 121.788658142, 122.241447449, 122.694236755, 123.158638, 123.599815369, 124.052604675, 124.505393982, 124.969795227, 125.434196472, 125.886978149, 126.339767456, 126.780952454, 127.222129822, 127.674919128, 128.127700806, 128.580490112, 129.033279419, 129.497680664, 129.962081909, 130.426483154, 130.960540771, 131.506210327, 132.051879883, 132.5859375, 133.09677124, 133.596008301, 134.118453979, 134.61769104, 135.12852478, 135.569702148, 136.022491455, 136.475280762, 136.91645813, 137.369247437, 137.810424805, 138.251602173, 138.704391479, 139.157180786, 139.621582031, 140.062759399, 140.515548706, 140.968338013, 141.386306763, 141.792648315, 142.199005127, 142.616958618, 143.02331543, 143.418045044, 143.824401855, 144.288803101, 144.753189087, 145.217590332, 145.670379639, 146.146392822, 146.610794067, 147.075195313, 147.516372681, 147.957550049, 148.421951294, 148.897949219, 149.373962402, 149.838363647, 150.302764893, 150.778778076, 151.254776001, 151.719177246, 152.183578491, 152.624755859, 153.065933228, 153.507110596, 153.983123779, 154.459136963, 154.91192627, 155.364715576, 155.817504883, 156.270294189, 156.723083496, 157.175872803, 157.640274048, 158.104675293, 158.5574646, 159.033462524, 159.474639893, 159.915817261, 160.357009888, 160.798187256, 161.262588501, 161.726974487, 162.191375732, 162.667388916, 163.131790161, 163.584579468, 164.037368774, 164.490158081, 164.931335449, 165.395736694, 165.848526001, 166.301315308, 166.765716553, 167.218505859, 167.671295166, 168.112472534, 168.565261841, 169.029663086, 169.482452393, 169.946838379, 170.399627686, 170.852416992, 171.293609619, 171.757995605, 172.199172974, 172.663574219, 173.116363525, 173.569152832, 174.0103302, 174.451522827, 174.904312134, 175.35710144, 175.821487427, 176.285888672, 176.750289917, 177.214691162, 177.667480469, 178.120269775, 178.573059082, 179.025848389, 179.467025757, 179.931427002, 180.395828247, 180.860229492, 181.324615479, 181.777404785, 182.218597412, 182.671386719, 183.124176025, 183.576965332, 184.029754639, 184.494140625, 184.946929932, 185.411331177, 185.864120483, 186.305297852, 186.758087158, 187.210876465, 187.663665771, 188.128067017, 188.580856323, 189.010421753, 189.474822998, 189.939224243, 190.403625488, 190.868026733, 191.32081604, 191.773605347, 192.226394653, 192.67918396, 193.131973267, 193.584762573, 194.049163818, 194.501953125, 194.954742432, 195.407531738, 195.860321045, 196.301498413, 196.765899658, 197.218673706, 197.683074951, 198.147476196, 198.600265503, 199.05305481, 199.505844116, 199.947021484, 200.399810791, 200.852600098, 201.305389404, 201.758178711, 202.222579956, 202.686981201, 203.139770508, 203.592559814, 204.045349121, 204.509750366, 204.974151611, 205.426940918, 205.879730225, 206.332519531, 206.762084961, 207.191650391, 207.62121582, 208.074005127, 208.526794434, 208.97958374, 209.432373047, 209.896774292, 210.361175537, 210.825576782, 211.301589966, 211.765975952, 212.230377197, 212.694778442, 213.170791626, 213.64680481]
