
metadata:
    version:
        essentia: "2.1-beta2"
    audio_properties:
        analysis_sample_rate: 44100
        bitrate: 256
        channels: 2
        equal_loudness: 1
        length: 229.903671265
        replay_gain: -14.3729114532
        downmix: "mix"
    tags:
        album: "Mutter"
        artist: "Rammstein"
        comment: ""
        date: "2001"
        genre: "Folk"
        title: "Adios"
        tracknumber: "10"

configuration:
    average_loudness:
        compute: 1
        frameSize: 88200
        hopSize: 44100
        silentFrames: "noise"
        windowType: "hann"
    general:
        analysisSampleRate: 44100
        endTime: 2000
        equalLoudness: 1
        nequalLoudness: 0
        shortSound: 0
        startTime: 0
    lowlevel:
        compute: 1
        frameSize: 2048
        hopSize: 1024
        zeroPadding: 0
        silentFrames: "noise"
        windowType: "blackmanharris62"
        mfccStats: ["mean", "cov", "icov"]
        stats: ["mean", "var", "median", "min", "max", "dmean", "dmean2", "dvar", "dvar2"]
    panning:
        compute: 0
        frameSize: 8192
        hopSize: 2048
        zeroPadding: 8192
        silentFrames: "noise"
        windowType: "hann"
        stats: ["copy"]
    rhythm:
        compute: 1
        maxTempo: 208
        minTempo: 40
        method: "degara"
        stats: ["mean", "var", "median", "min", "max", "dmean", "dmean2", "dvar", "dvar2"]
    segmentation:
        compute: 0
        cpw: 5
        inc1: 300
        inc2: 50
        minimumSegmentsLength: 10
        size1: 1000
        size2: 600
    sfx:
        compute: 1
        stats: ["mean", "var", "median", "min", "max", "dmean", "dmean2", "dvar", "dvar2"]
    svm:
        compute: 0
    tonal:
        compute: 1
        frameSize: 4096
        hopSize: 2048
        zeroPadding: 0
        silentFrames: "noise"
        windowType: "blackmanharris62"
        stats: ["mean", "var", "median", "min", "max", "dmean", "dmean2", "dvar", "dvar2"]

lowlevel:
    average_loudness: 0.883857488632
    barkbands_kurtosis:
        dmean: 1.62886416912
        dmean2: 2.57934260368
        dvar: 9.27296161652
        dvar2: 23.1681957245
        max: 85.2008743286
        mean: 1.8200289011
        median: -0.93330848217
        min: -1.89358270168
        var: 59.8737258911
    barkbands_skewness:
        dmean: 0.54232519865
        dmean2: 0.836042642593
        dvar: 0.272554576397
        dvar2: 0.639475703239
        max: 8.19219970703
        mean: 0.238233789802
        median: -0.0671823322773
        min: -5.29296827316
        var: 2.32422494888
    barkbands_spread:
        dmean: 6.5858259201
        dmean2: 10.6275749207
        dvar: 43.3620872498
        dvar2: 105.932304382
        max: 76.979385376
        mean: 34.4710388184
        median: 37.6185035706
        min: 0.332337588072
        var: 241.360824585
    dissonance:
        dmean: 0.0100859776139
        dmean2: 0.0169154759496
        dvar: 0.000178364862222
        dvar2: 0.000488393416163
        max: 0.499999970198
        mean: 0.476596772671
        median: 0.48781439662
        min: 0.197063922882
        var: 0.00113283260725
    hfc:
        dmean: 3.71798181534
        dmean2: 6.350897789
        dvar: 45.4833946228
        dvar2: 124.177383423
        max: 89.5123596191
        mean: 8.316198349
        median: 6.60163021088
        min: 1.03687374334e-016
        var: 69.1037979126
    pitch:
        dmean: 870.257019043
        dmean2: 1656.64562988
        dvar: 1781300.625
        dvar2: 4224295
        max: 5223.45605469
        mean: 1955.95239258
        median: 1927.78649902
        min: 58.281665802
        var: 2856966.75
    pitch_instantaneous_confidence:
        dmean: 0.0817932337523
        dmean2: 0.132838472724
        dvar: 0.00538336718455
        dvar2: 0.0131098581478
        max: 0.998157978058
        mean: 0.398633807898
        median: 0.362490236759
        min: 0.0966503024101
        var: 0.0263646300882
    pitch_salience:
        dmean: 0.0637649074197
        dmean2: 0.104718454182
        dvar: 0.00326610472985
        dvar2: 0.00848148483783
        max: 0.887797892094
        mean: 0.651977360249
        median: 0.674121499062
        min: 0.159037858248
        var: 0.0109690865502
    silence_rate_20dB:
        dmean: 0
        dmean2: 0
        dvar: 0
        dvar2: 0
        max: 1
        mean: 1
        median: 1
        min: 1
        var: 0
    silence_rate_30dB:
        dmean: 0
        dmean2: 0
        dvar: 0
        dvar2: 0
        max: 1
        mean: 1
        median: 1
        min: 1
        var: 0
    silence_rate_60dB:
        dmean: 0.0937184393406
        dmean2: 0.187455818057
        dvar: 0.0849400386214
        dvar2: 0.180608600378
        max: 1
        mean: 0.402908205986
        median: 0
        min: 0
        var: 0.240585491061
    spectral_centroid:
        dmean: 323.625244141
        dmean2: 511.964904785
        dvar: 127308.859375
        dvar2: 289322.1875
        max: 11665.7714844
        mean: 1780.99951172
        median: 1785.83227539
        min: 141.421691895
        var: 1327715.375
    spectral_complexity:
        dmean: 4.46233081818
        dmean2: 7.14251089096
        dvar: 31.6387443542
        dvar2: 73.8945083618
        max: 56
        mean: 14.1285467148
        median: 13
        min: 0
        var: 125.784431458
    spectral_crest:
        dmean: 2.01657176018
        dmean2: 3.36358380318
        dvar: 3.87187480927
        dvar2: 10.4843406677
        max: 25.7202529907
        mean: 7.5758395195
        median: 6.5762348175
        min: 2.72731804848
        var: 12.1069421768
    spectral_decrease:
        dmean: 3.36629918385e-010
        dmean2: 5.70503921882e-010
        dvar: 2.97716881516e-019
        dvar2: 8.13092951239e-019
        max: 1.57649728011e-028
        mean: -8.79230299677e-010
        median: -8.34460667232e-010
        min: -6.16065642944e-009
        var: 4.95920574921e-019
    spectral_energy:
        dmean: 0.00156668806449
        dmean2: 0.0026634093374
        dvar: 6.89777471052e-006
        dvar2: 1.88328922377e-005
        max: 0.0294382926077
        mean: 0.00407273415476
        median: 0.00381991802715
        min: 9.72085288311e-021
        var: 1.12489069579e-005
    spectral_energyband_high:
        dmean: 0.000312943244353
        dmean2: 0.000540710869245
        dvar: 3.36302008463e-007
        dvar2: 9.26695406633e-007
        max: 0.00959424488246
        mean: 0.000588338298257
        median: 0.000399802258471
        min: 6.99642771471e-021
        var: 4.75594958971e-007
    spectral_energyband_low:
        dmean: 0.000380001612939
        dmean2: 0.000628641049843
        dvar: 2.89704274792e-007
        dvar2: 7.92187051957e-007
        max: 0.00932165700942
        mean: 0.000636154203676
        median: 0.000376532116206
        min: 1.49009498332e-023
        var: 5.67361269077e-007
    spectral_energyband_middle_high:
        dmean: 0.000854075246025
        dmean2: 0.00143838056829
        dvar: 2.03006652555e-006
        dvar2: 5.45688772036e-006
        max: 0.0160294454545
        mean: 0.00192858139053
        median: 0.00155244336929
        min: 1.20697273501e-021
        var: 3.65559276361e-006
    spectral_energyband_middle_low:
        dmean: 0.000618245452642
        dmean2: 0.00104733894113
        dvar: 1.02702620097e-006
        dvar2: 2.80184758594e-006
        max: 0.0104464739561
        mean: 0.0011756910244
        median: 0.000946052838117
        min: 1.65386910212e-022
        var: 1.27479836465e-006
    spectral_flatness_db:
        dmean: 0.0158969312906
        dmean2: 0.0245117265731
        dvar: 0.000252929574344
        dvar2: 0.000563101260923
        max: 0.550771951675
        mean: 0.161184936762
        median: 0.131078511477
        min: 0.046696934849
        var: 0.00609989650548
    spectral_flux:
        dmean: 0.00884880777448
        dmean2: 0.0140378363431
        dvar: 0.000154090041178
        dvar2: 0.00031179774669
        max: 0.130925431848
        mean: 0.0370959341526
        median: 0.0385606475174
        min: 6.32883606633e-011
        var: 0.000498964102007
    spectral_kurtosis:
        dmean: 1.74488997459
        dmean2: 2.84547662735
        dvar: 15.8262224197
        dvar2: 43.2565803528
        max: 145.859786987
        mean: 6.25103712082
        median: 3.75865268707
        min: -1.25165390968
        var: 119.619987488
    spectral_rms:
        dmean: 0.000333320145728
        dmean2: 0.000547023490071
        dvar: 2.110341768e-007
        dvar2: 5.5092294815e-007
        max: 0.00535913091153
        mean: 0.0017780973576
        median: 0.00193047907669
        min: 3.07957132017e-012
        var: 8.11748861906e-007
    spectral_rolloff:
        dmean: 386.760406494
        dmean2: 632.227478027
        dvar: 380294.90625
        dvar2: 792883.0625
        max: 19616.7480469
        mean: 3243.63696289
        median: 3703.7109375
        min: 150.732421875
        var: 3580118.75
    spectral_skewness:
        dmean: 0.200126513839
        dmean2: 0.321130126715
        dvar: 0.0779940932989
        dvar2: 0.197969585657
        max: 10.8305606842
        mean: 1.60664176941
        median: 1.38215172291
        min: -0.0641499608755
        var: 0.954553723335
    spectral_spread:
        dmean: 534893.875
        dmean2: 779813.9375
        dvar: 540022145024
        dvar2: 930827337728
        max: 42062424
        mean: 5370434
        median: 5096714.5
        min: 773235.25
        var: 1.24228573594e+013
    spectral_strongpeak:
        dmean: 0.382455378771
        dmean2: 0.675391674042
        dvar: 0.597765803337
        dvar2: 1.60770499706
        max: 8.93144226074
        mean: 0.441538870335
        median: 0.153343647718
        min: 1.56790025407e-010
        var: 0.664143919945
    zerocrossingrate:
        dmean: 0.00905041303486
        dmean2: 0.0111056491733
        dvar: 0.000100042154372
        dvar2: 0.000132056477014
        max: 0.53173828125
        mean: 0.100236847997
        median: 0.10400390625
        min: 0.005859375
        var: 0.00263859354891
    barkbands:
        dmean: [5.22082132193e-007, 5.45476759726e-005, 0.000246360345045, 0.000234289909713, 0.000376940151909, 9.85009100987e-005, 7.88013639976e-005, 4.13660200138e-005, 3.51171293005e-005, 3.05076518998e-005, 1.99727783183e-005, 2.56507519225e-005, 2.59255411947e-005, 4.72798128612e-005, 7.70840488258e-005, 0.000125729144202, 0.000170555242221, 0.00022251419432, 0.000298743456369, 0.000270374323009, 0.000151436935994, 3.51254093403e-005, 6.50027777738e-006, 2.86255294668e-006, 1.49546747252e-006, 8.33674036471e-008, 1.62602153964e-009]
        dmean2: [7.16187116723e-007, 9.46873697103e-005, 0.000418723997427, 0.000386404572055, 0.000654001196381, 0.000161629854119, 0.000134358342621, 6.96086644894e-005, 6.01164829277e-005, 5.02758121002e-005, 3.29921604134e-005, 4.28764542448e-005, 4.41571573901e-005, 7.78164539952e-005, 0.000127260500449, 0.000207513498026, 0.000288399227429, 0.000378738652216, 0.000518444809131, 0.000463681935798, 0.000262783665676, 6.20412902208e-005, 1.13054029498e-005, 4.63323567601e-006, 2.37046015172e-006, 1.26823110236e-007, 2.55541010574e-009]
        dvar: [7.4083051976e-013, 7.43363681721e-009, 1.28664254362e-007, 1.20014220784e-007, 5.44119757251e-007, 2.34634729424e-008, 2.61892481035e-008, 9.64785673574e-009, 6.4347549511e-009, 3.47654172117e-009, 1.14160869646e-009, 2.89056822922e-009, 3.91308319081e-009, 7.51944373434e-009, 1.87834938714e-008, 3.79995483968e-008, 9.52886551886e-008, 1.62837196171e-007, 2.6590268476e-007, 2.26332659281e-007, 8.55029753666e-008, 6.05120531461e-009, 1.92947532951e-010, 6.31366695036e-011, 1.44054898218e-011, 1.96891842972e-014, 9.4856233641e-018]
        dvar2: [1.51840530167e-012, 2.1093038427e-008, 3.62307105206e-007, 3.06983224618e-007, 1.498679012e-006, 6.36498072026e-008, 7.05393574663e-008, 2.6668624642e-008, 1.77136083579e-008, 9.09109232339e-009, 2.9144686664e-009, 7.66589725032e-009, 1.05704351938e-008, 1.9218795444e-008, 4.80186734819e-008, 9.80390524319e-008, 2.56570586998e-007, 4.40783423983e-007, 7.40935888643e-007, 6.16726310909e-007, 2.36926922526e-007, 1.68938640854e-008, 5.10927467001e-010, 1.40111783287e-010, 2.88077461191e-011, 4.2683606351e-014, 2.07808515563e-017]
        max: [9.29073212319e-006, 0.000907756504603, 0.00586847634986, 0.00669793970883, 0.00874132569879, 0.00263324659318, 0.00212170416489, 0.00232920586132, 0.00115618715063, 0.000914380012546, 0.000751316198148, 0.00116512516979, 0.00141366326716, 0.00130845210515, 0.0021202438511, 0.00422219233587, 0.00549545045942, 0.00650400202721, 0.00704226549715, 0.00656562065706, 0.00418405700475, 0.00140347413253, 0.000268727599178, 0.000282975379378, 0.000150491381646, 3.39171901942e-006, 1.18714382324e-007]
        mean: [8.33878459616e-007, 6.66074774927e-005, 0.000339364138199, 0.000345428736182, 0.000462673400762, 0.000158381953952, 9.80446784524e-005, 5.18515262229e-005, 4.76581044495e-005, 4.83466210426e-005, 3.13785058097e-005, 3.89380584238e-005, 3.48905741703e-005, 7.61979463277e-005, 0.000127017789055, 0.000236664476688, 0.000284214416752, 0.000346773973433, 0.000457199639641, 0.000490713398904, 0.000259298452875, 5.05564639752e-005, 1.03113552541e-005, 5.85450970902e-006, 3.31917567564e-006, 2.0660057487e-007, 3.20043835877e-009]
        median: [9.83095063134e-008, 3.97522308049e-005, 0.000162665513926, 0.000176694826223, 0.00025449381792, 0.000102393860288, 4.28134590038e-005, 2.30026053032e-005, 2.20637393795e-005, 2.3375485398e-005, 1.80190909305e-005, 1.60557301569e-005, 1.27386610984e-005, 3.95521892642e-005, 5.01674003317e-005, 0.000142260687426, 0.000164939759998, 0.000220230795094, 0.000289456336759, 0.000292538141366, 0.000175526947714, 2.55721297435e-005, 5.0042544899e-006, 2.91450032819e-006, 1.92368224816e-006, 1.39266020938e-007, 1.98943195251e-009]
        min: [7.99605141446e-025, 3.84780396043e-024, 7.73520333954e-026, 1.32968954513e-024, 6.93503635656e-024, 6.87073630418e-024, 5.72746662108e-024, 6.81623153765e-024, 7.97400087862e-024, 2.07551228984e-023, 1.19395730947e-023, 2.28569733606e-023, 3.26891936883e-023, 2.2774946026e-023, 3.08227771856e-023, 5.84872329857e-023, 7.64973376596e-023, 1.04411654107e-022, 1.26940126854e-022, 1.48601048243e-022, 2.69277102017e-022, 3.00690477275e-022, 3.92201295775e-022, 5.42734990128e-022, 8.46953430075e-022, 1.24772511267e-021, 1.81988458932e-021]
        var: [1.75389596509e-012, 7.7944886101e-009, 2.07146698017e-007, 2.24488829303e-007, 4.75003190559e-007, 3.2682073936e-008, 2.92530373258e-008, 9.63181356894e-009, 7.41648564784e-009, 6.22469098488e-009, 1.91179871933e-009, 6.35174801644e-009, 6.00017369123e-009, 1.3136674859e-008, 4.58589184404e-008, 9.4039485532e-008, 1.4645981139e-007, 2.07615343584e-007, 3.10394085545e-007, 3.58101630127e-007, 1.04435784465e-007, 6.01698157965e-009, 2.38969510846e-010, 1.18463613918e-010, 3.07230942076e-011, 5.80989385291e-014, 1.83607510402e-017]
    frequency_bands:
        dmean: [5.22082132193e-007, 5.45476759726e-005, 0.000246360345045, 0.000234289909713, 0.000376940151909, 9.85009100987e-005, 7.88013639976e-005, 4.13660200138e-005, 3.51171293005e-005, 3.05076518998e-005, 1.99727783183e-005, 2.56507519225e-005, 2.59255411947e-005, 4.72798128612e-005, 7.70840488258e-005, 0.000125729144202, 0.000170555242221, 0.00022251419432, 0.000298743456369, 0.000270374323009, 0.000151436935994, 3.51254093403e-005, 6.50027777738e-006, 2.86255294668e-006, 1.49546747252e-006, 8.33674036471e-008, 1.62602153964e-009, 4.76418487994e-011]
        dmean2: [7.16187116723e-007, 9.46873697103e-005, 0.000418723997427, 0.000386404572055, 0.000654001196381, 0.000161629854119, 0.000134358342621, 6.96086644894e-005, 6.01164829277e-005, 5.02758121002e-005, 3.29921604134e-005, 4.28764542448e-005, 4.41571573901e-005, 7.78164539952e-005, 0.000127260500449, 0.000207513498026, 0.000288399227429, 0.000378738652216, 0.000518444809131, 0.000463681935798, 0.000262783665676, 6.20412902208e-005, 1.13054029498e-005, 4.63323567601e-006, 2.37046015172e-006, 1.26823110236e-007, 2.55541010574e-009, 8.77048503267e-011]
        dvar: [7.4083051976e-013, 7.43363681721e-009, 1.28664254362e-007, 1.20014220784e-007, 5.44119757251e-007, 2.34634729424e-008, 2.61892481035e-008, 9.64785673574e-009, 6.4347549511e-009, 3.47654172117e-009, 1.14160869646e-009, 2.89056822922e-009, 3.91308319081e-009, 7.51944373434e-009, 1.87834938714e-008, 3.79995483968e-008, 9.52886551886e-008, 1.62837196171e-007, 2.6590268476e-007, 2.26332659281e-007, 8.55029753666e-008, 6.05120531461e-009, 1.92947532951e-010, 6.31366695036e-011, 1.44054898218e-011, 1.96891842972e-014, 9.4856233641e-018, 6.83095766487e-021]
        dvar2: [1.51840530167e-012, 2.1093038427e-008, 3.62307105206e-007, 3.06983224618e-007, 1.498679012e-006, 6.36498072026e-008, 7.05393574663e-008, 2.6668624642e-008, 1.77136083579e-008, 9.09109232339e-009, 2.9144686664e-009, 7.66589725032e-009, 1.05704351938e-008, 1.9218795444e-008, 4.80186734819e-008, 9.80390524319e-008, 2.56570586998e-007, 4.40783423983e-007, 7.40935888643e-007, 6.16726310909e-007, 2.36926922526e-007, 1.68938640854e-008, 5.10927467001e-010, 1.40111783287e-010, 2.88077461191e-011, 4.2683606351e-014, 2.07808515563e-017, 2.05326002822e-020]
        max: [9.29073212319e-006, 0.000907756504603, 0.00586847634986, 0.00669793970883, 0.00874132569879, 0.00263324659318, 0.00212170416489, 0.00232920586132, 0.00115618715063, 0.000914380012546, 0.000751316198148, 0.00116512516979, 0.00141366326716, 0.00130845210515, 0.0021202438511, 0.00422219233587, 0.00549545045942, 0.00650400202721, 0.00704226549715, 0.00656562065706, 0.00418405700475, 0.00140347413253, 0.000268727599178, 0.000282975379378, 0.000150491381646, 3.39171901942e-006, 1.18714382324e-007, 1.88443349813e-009]
        mean: [8.33878459616e-007, 6.66074774927e-005, 0.000339364138199, 0.000345428736182, 0.000462673400762, 0.000158381953952, 9.80446784524e-005, 5.18515262229e-005, 4.76581044495e-005, 4.83466210426e-005, 3.13785058097e-005, 3.89380584238e-005, 3.48905741703e-005, 7.61979463277e-005, 0.000127017789055, 0.000236664476688, 0.000284214416752, 0.000346773973433, 0.000457199639641, 0.000490713398904, 0.000259298452875, 5.05564639752e-005, 1.03113552541e-005, 5.85450970902e-006, 3.31917567564e-006, 2.0660057487e-007, 3.20043835877e-009, 3.98001007151e-011]
        median: [9.83095063134e-008, 3.97522308049e-005, 0.000162665513926, 0.000176694826223, 0.00025449381792, 0.000102393860288, 4.28134590038e-005, 2.30026053032e-005, 2.20637393795e-005, 2.3375485398e-005, 1.80190909305e-005, 1.60557301569e-005, 1.27386610984e-005, 3.95521892642e-005, 5.01674003317e-005, 0.000142260687426, 0.000164939759998, 0.000220230795094, 0.000289456336759, 0.000292538141366, 0.000175526947714, 2.55721297435e-005, 5.0042544899e-006, 2.91450032819e-006, 1.92368224816e-006, 1.39266020938e-007, 1.98943195251e-009, 1.24000124405e-011]
        min: [7.99605141446e-025, 3.84780396043e-024, 7.73520333954e-026, 1.32968954513e-024, 6.93503635656e-024, 6.87073630418e-024, 5.72746662108e-024, 6.81623153765e-024, 7.97400087862e-024, 2.07551228984e-023, 1.19395730947e-023, 2.28569733606e-023, 3.26891936883e-023, 2.2774946026e-023, 3.08227771856e-023, 5.84872329857e-023, 7.64973376596e-023, 1.04411654107e-022, 1.26940126854e-022, 1.48601048243e-022, 2.69277102017e-022, 3.00690477275e-022, 3.92201295775e-022, 5.42734990128e-022, 8.46953430075e-022, 1.24772511267e-021, 1.81988458932e-021, 5.05559017512e-022]
        var: [1.75389596509e-012, 7.7944886101e-009, 2.07146698017e-007, 2.24488829303e-007, 4.75003190559e-007, 3.2682073936e-008, 2.92530373258e-008, 9.63181356894e-009, 7.41648564784e-009, 6.22469098488e-009, 1.91179871933e-009, 6.35174801644e-009, 6.00017369123e-009, 1.3136674859e-008, 4.58589184404e-008, 9.4039485532e-008, 1.4645981139e-007, 2.07615343584e-007, 3.10394085545e-007, 3.58101630127e-007, 1.04435784465e-007, 6.01698157965e-009, 2.38969510846e-010, 1.18463613918e-010, 3.07230942076e-011, 5.80989385291e-014, 1.83607510402e-017, 6.39948805967e-021]
    mfcc:
        mean: [-750.383361816, 88.21144104, -30.7546920776, 62.5785484314, 1.70636820793, -5.86544322968, -0.816058218479, -9.14372730255, -2.27811598778, -6.93475484848, -9.95756435394, -8.00257205963, -5.73160600662]
        cov: [[15156.0585938, -396.753173828, -2090.16748047, 1632.05310059, -539.214416504, 513.660217285, 252.258987427, 106.046104431, 669.857971191, -4.49490642548, 98.2699050903, 272.327392578, -208.51071167], [-396.753173828, 1048.90625, 102.615478516, -80.9556427002, 87.9607772827, -197.161956787, -87.8843002319, -46.1348609924, -117.050445557, -73.1780929565, -61.6153373718, -29.5732650757, -6.29759263992], [-2090.16748047, 102.615478516, 955.338195801, -237.957183838, 113.183296204, -40.7323913574, -79.3209152222, 9.73767852783, -150.495834351, -38.8595123291, -24.0481739044, -62.5148010254, -6.21749925613], [1632.05310059, -80.9556427002, -237.957183838, 457.192230225, 3.50511026382, 93.8166732788, 55.3735427856, -16.7195930481, 104.266609192, -0.884981930256, -13.4712238312, 15.5499515533, -26.6704540253], [-539.214416504, 87.9607772827, 113.183296204, 3.50511026382, 205.217544556, 11.0338373184, -47.6991882324, -14.989443779, -10.0546941757, 16.8546524048, -18.5170307159, -16.6985435486, 6.82020521164], [513.660217285, -197.161956787, -40.7323913574, 93.8166732788, 11.0338373184, 191.527450562, 86.0110168457, 32.6566085815, 70.1387481689, 17.8973922729, 30.8248958588, 20.1930904388, -15.796713829], [252.258987427, -87.8843002319, -79.3209152222, 55.3735427856, -47.6991882324, 86.0110168457, 168.505828857, 58.0118141174, 45.0041313171, 10.5818510056, 14.0588750839, 18.2811279297, -9.23676586151], [106.046104431, -46.1348609924, 9.73767852783, -16.7195930481, -14.989443779, 32.6566085815, 58.0118141174, 109.801620483, 44.8351974487, -9.92353248596, 16.2058238983, 16.221988678, -7.4489774704], [669.857971191, -117.050445557, -150.495834351, 104.266609192, -10.0546941757, 70.1387481689, 45.0041313171, 44.8351974487, 131.898727417, 33.9205245972, 10.7957963943, 21.7222805023, -7.69166326523], [-4.49490642548, -73.1780929565, -38.8595123291, -0.884981930256, 16.8546524048, 17.8973922729, 10.5818510056, -9.92353248596, 33.9205245972, 80.3673782349, 26.219285965, 2.18589806557, 11.4467954636], [98.2699050903, -61.6153373718, -24.0481739044, -13.4712238312, -18.5170307159, 30.8248958588, 14.0588750839, 16.2058238983, 10.7957963943, 26.219285965, 78.3074645996, 36.0845603943, -1.19660449028], [272.327392578, -29.5732650757, -62.5148010254, 15.5499515533, -16.6985435486, 20.1930904388, 18.2811279297, 16.221988678, 21.7222805023, 2.18589806557, 36.0845603943, 67.7637939453, 12.2120666504], [-208.51071167, -6.29759263992, -6.21749925613, -26.6704540253, 6.82020521164, -15.796713829, -9.23676586151, -7.4489774704, -7.69166326523, 11.4467954636, -1.19660449028, 12.2120666504, 56.8758087158]]
        icov: [[0.000194885404198, -0.000106044899439, 0.000232261867495, -0.000516373140272, 0.000536770618055, -0.000440269504907, 0.000506819225848, -0.000322253152262, -5.74161422264e-005, -0.000208800294786, 0.000237191386987, -0.000480844901176, 0.000481921393657], [-0.000106044899439, 0.00144047662616, -6.60153018543e-005, 0.00030798962689, -0.00119115517009, 0.00174159999005, -0.000750830222387, 0.000488575024065, 0.000281314423773, 0.00117107504047, -9.40922909649e-005, 7.13348272257e-005, 0.000261594745098], [0.000232261867495, -6.60153018543e-005, 0.00190094555728, -0.000183795462362, -2.69304164249e-005, -0.00115542567801, 0.00120707193855, -0.00159106089268, 0.00188610970508, -0.000339413672918, 0.000561486522201, 0.000165331730386, 0.00093546503922], [-0.000516373140272, 0.00030798962689, -0.000183795462362, 0.00488536432385, -0.0020655025728, 0.000552327255718, -0.00231154123321, 0.00341001152992, -0.00281676021405, 0.00253715459257, -0.000278056628304, 0.00106546876486, -0.000242066409555], [0.000536770618055, -0.00119115517009, -2.69304164249e-005, -0.0020655025728, 0.00850177835673, -0.00405850587413, 0.00446280837059, -0.00239967578091, 0.00111490115523, -0.00450755888596, 0.00349635328166, -0.00174092815723, 0.000633558840491], [-0.000440269504907, 0.00174159999005, -0.00115542567801, 0.000552327255718, -0.00405850587413, 0.0121942721307, -0.006446887739, 0.00328656705096, -0.00454401504248, 0.00391038646922, -0.00506866769865, 0.00166638719384, 0.000102481877548], [0.000506819225848, -0.000750830222387, 0.00120707193855, -0.00231154123321, 0.00446280837059, -0.006446887739, 0.012666371651, -0.00740446941927, 0.00350050325505, -0.00520918611437, 0.00420682411641, -0.00286453776062, 0.00180984870531], [-0.000322253152262, 0.000488575024065, -0.00159106089268, 0.00341001152992, -0.00239967578091, 0.00328656705096, -0.00740446941927, 0.0184737816453, -0.0102828061208, 0.00904657691717, -0.00579600175843, 0.00152350007556, -0.000945013132878], [-5.74161422264e-005, 0.000281314423773, 0.00188610970508, -0.00281676021405, 0.00111490115523, -0.00454401504248, 0.00350050325505, -0.0102828061208, 0.0204350184649, -0.0109324743971, 0.00686690211296, -0.00443592201918, 0.00259274966083], [-0.000208800294786, 0.00117107504047, -0.000339413672918, 0.00253715459257, -0.00450755888596, 0.00391038646922, -0.00520918611437, 0.00904657691717, -0.0109324743971, 0.0245273802429, -0.0124160693958, 0.00780106848106, -0.00586880557239], [0.000237191386987, -9.40922909649e-005, 0.000561486522201, -0.000278056628304, 0.00349635328166, -0.00506866769865, 0.00420682411641, -0.00579600175843, 0.00686690211296, -0.0124160693958, 0.0257001575083, -0.0143436864018, 0.00593520607799], [-0.000480844901176, 7.13348272257e-005, 0.000165331730386, 0.00106546876486, -0.00174092815723, 0.00166638719384, -0.00286453776062, 0.00152350007556, -0.00443592201918, 0.00780106848106, -0.0143436864018, 0.0265419166535, -0.00900195445865], [0.000481921393657, 0.000261594745098, 0.00093546503922, -0.000242066409555, 0.000633558840491, 0.000102481877548, 0.00180984870531, -0.000945013132878, 0.00259274966083, -0.00586880557239, 0.00593520607799, -0.00900195445865, 0.0230787955225]]
    sccoeffs:
        dmean: [0.0557594075799, 0.0461865440011, 0.0323725640774, 0.0306729096919, 0.0222966298461, 0.0180863272399]
        dmean2: [0.0933377817273, 0.0751276388764, 0.0530315488577, 0.0497705377638, 0.0359236076474, 0.0295563600957]
        dvar: [0.00214722682722, 0.00137940852437, 0.000718162511475, 0.00069153989898, 0.000424269150244, 0.000317652709782]
        dvar2: [0.00599675858393, 0.00371528579853, 0.00182897783816, 0.00171867699828, 0.00094802712556, 0.000803005881608]
        max: [-0.264060646296, -0.476205945015, -0.500598788261, -0.466313779354, -0.505959153175, -0.602272212505]
        mean: [-0.639199435711, -0.760629355907, -0.817108750343, -0.787939727306, -0.79866373539, -0.768805384636]
        median: [-0.639975905418, -0.766793549061, -0.822115659714, -0.793103456497, -0.80240547657, -0.765541613102]
        min: [-0.978501975536, -0.974703669548, -0.972426354885, -0.971415877342, -0.968497157097, -0.965211749077]
        var: [0.00747695285827, 0.00512847257778, 0.00279036536813, 0.00323859439231, 0.00211756234057, 0.00222142739221]
    scvalleys:
        dmean: [0.390974313021, 0.408490180969, 0.351093202829, 0.324650198221, 0.304682731628, 0.250243842602]
        dmean2: [0.648565113544, 0.667137682438, 0.563739299774, 0.504304111004, 0.461390912533, 0.378065317869]
        dvar: [0.138859406114, 0.169816762209, 0.138466089964, 0.131069779396, 0.14911685884, 0.112929783762]
        dvar2: [0.323031187057, 0.380813598633, 0.291753441095, 0.268438488245, 0.298717319965, 0.212684258819]
        max: [-5.24490833282, -4.59136724472, -5.37146282196, -5.57996988297, -5.06452941895, -7.40829849243]
        mean: [-7.33102750778, -7.36687040329, -7.92041397095, -8.00626564026, -7.55412721634, -10.150267601]
        median: [-6.63037586212, -6.81936264038, -7.26601362228, -7.31469774246, -6.69229888916, -9.2808971405]
        min: [-28.371837616, -27.8432502747, -27.8186359406, -27.7353038788, -27.4589233398, -27.3704433441]
        var: [5.25160598755, 5.0605764389, 5.17823123932, 5.41778707504, 6.33193922043, 5.97005939484]

rhythm:
    beats_loudness:
        dmean: 0.00133164972067
        dmean2: 0.00233627483249
        dvar: 2.61153650172e-006
        dvar2: 7.81508424552e-006
        max: 0.0148851368576
        mean: 0.0048288279213
        median: 0.00526852393523
        min: 0
        var: 8.60602540342e-006
    bpm: 114.585823059
    bpm_confidence: 0
    first_peak_bpm: 115
    first_peak_spread: 0.254691690207
    first_peak_weight: 0.640552997589
    onset_rate: 3.82769036293
    second_peak_bpm: 110
    second_peak_spread: 0.348837226629
    second_peak_weight: 0.0645161271095
    beats_loudness_band_ratio:
        dmean: [0.12617944181, 0.11682305485, 0.0511028133333, 0.0269760098308, 0.0942633077502, 0.0760960206389]
        dmean2: [0.219987466931, 0.201204165816, 0.0887331813574, 0.0468883514404, 0.163713410497, 0.131081491709]
        dvar: [0.014945234172, 0.0126817738637, 0.00508670881391, 0.00140345480759, 0.00919114984572, 0.00591221591458]
        dvar2: [0.0420844256878, 0.0385025180876, 0.0135970273986, 0.0039588692598, 0.0263388752937, 0.0152099961415]
        max: [0.93693113327, 0.912037611008, 0.682669937611, 0.316357523203, 0.65877699852, 0.909702956676]
        mean: [0.213370606303, 0.246826037765, 0.084324657917, 0.0427535846829, 0.222298741341, 0.235571056604]
        median: [0.172024905682, 0.226467117667, 0.0584833621979, 0.0345163941383, 0.215359032154, 0.243641272187]
        min: [0, 0, 0, 0, 0, 0]
        var: [0.0281710885465, 0.0228472277522, 0.00823288597167, 0.00128095783293, 0.0170591305941, 0.0238189492375]
    beats_position: [0.53405892849, 1.07972788811, 1.62539684772, 2.17106580734, 2.71673464775, 3.26240348816, 3.80807256699, 4.35374164581, 4.87619018555, 5.39863920212, 5.92108821869, 6.44353723526, 6.9543762207, 7.46521520615, 7.96444416046, 8.46367359161, 8.96290206909, 9.47374153137, 9.99619007111, 10.5186395645, 11.0410881042, 11.5635375977, 12.0859861374, 12.6084346771, 13.1308841705, 13.6533327103, 14.1757822037, 14.6982307434, 15.2206802368, 15.7431287766, 16.2771873474, 16.8112468719, 17.3569164276, 17.9025840759, 18.4366436005, 18.9823131561, 19.5395908356, 20.1084804535, 20.642539978, 21.1765975952, 21.6990470886, 22.221496582, 22.7439460754, 23.2663936615, 23.7888431549, 24.3112926483, 24.8221302032, 25.3445796967, 25.8670291901, 26.3894786835, 26.9003162384, 27.4227657318, 27.9568252563, 28.4792747498, 29.0017223358, 29.5125617981, 30.0350112915, 30.5574588776, 31.079908371, 31.6023578644, 32.1248054504, 32.6472549438, 33.1697044373, 33.6921539307, 34.2146034241, 34.7370529175, 35.2478904724, 35.7703399658, 36.2927894592, 36.8268470764, 37.3376846313, 37.848526001, 38.3709754944, 38.8934249878, 39.4158706665, 39.9383201599, 40.4607696533, 40.9832191467, 41.4940567017, 42.0165061951, 42.5389556885, 43.0614051819, 43.5838546753, 44.1063041687, 44.6287536621, 45.139591217, 45.6620407104, 46.1844902039, 46.7069396973, 47.229385376, 47.7518348694, 48.2742843628, 48.7967338562, 49.3191833496, 49.841632843, 50.3640823364, 50.8865280151, 51.4089775085, 51.931427002, 52.4538764954, 52.9763259888, 53.4987754822, 54.0212249756, 54.5436706543, 55.0661201477, 55.5885696411, 56.0994110107, 56.6218566895, 57.1443061829, 57.6667556763, 58.1892051697, 58.7116546631, 59.2341041565, 59.7565536499, 60.2789993286, 60.7898406982, 61.3122901917, 61.8347396851, 62.3571853638, 62.8796348572, 63.4020843506, 63.924533844, 64.4469833374, 64.9694290161, 65.4802703857, 66.0027160645, 66.5251693726, 67.0360107422, 67.5700683594, 68.0925140381, 68.6149673462, 69.1374130249, 69.659866333, 70.1707000732, 70.6931533813, 71.2155990601, 71.7264404297, 72.2604980469, 72.7829437256, 73.3053970337, 73.8278427124, 74.3502960205, 74.8727416992, 75.3951950073, 75.917640686, 76.4400863647, 76.9509277344, 77.4733810425, 77.9958267212, 78.5066680908, 79.0291137695, 79.5515594482, 80.0740127563, 80.5964584351, 81.1189117432, 81.6413574219, 82.16381073, 82.6862564087, 83.2087097168, 83.7311553955, 84.2536010742, 84.7760543823, 85.298500061, 85.8209533691, 86.3433990479, 86.8542404175, 87.3766860962, 87.8991394043, 88.421585083, 88.9440383911, 89.4664840698, 89.9889297485, 90.5113830566, 91.0338287354, 91.5562820435, 92.0671157837, 92.5895690918, 93.1120147705, 93.6344680786, 94.1569137573, 94.6793670654, 95.2018127441, 95.7242584229, 96.246711731, 96.7807693481, 97.3148269653, 97.8372802734, 98.3597259521, 98.8821716309, 99.404624939, 99.9270706177, 100.449523926, 100.971969604, 101.494422913, 102.005256653, 102.516098022, 103.026939392, 103.549385071, 104.083442688, 104.617500305, 105.139953613, 105.67401123, 106.196456909, 106.730522156, 107.264579773, 107.810249329, 108.367523193, 108.90158844, 109.435646057, 109.969703674, 110.51537323, 111.061042786, 111.595100403, 112.12915802, 112.651611328, 113.174057007, 113.696502686, 114.218955994, 114.753013611, 115.27545929, 115.797912598, 116.308753967, 116.831199646, 117.353645325, 117.864486694, 118.386940002, 118.909385681, 119.43183136, 119.954284668, 120.465126038, 120.999183655, 121.521629333, 122.044082642, 122.554916382, 123.07736969, 123.599815369, 124.122268677, 124.644714355, 125.167160034, 125.689613342, 126.212059021, 126.734512329, 127.245346069, 127.767799377, 128.290252686, 128.812698364, 129.346755981, 129.86920166, 130.403259277, 130.925704956, 131.459777832, 131.993835449, 132.539505005, 133.085174561, 133.630844116, 134.176498413, 134.722167969, 135.267837524, 135.825119019, 136.370788574, 136.904846191, 137.41569519, 137.926528931, 138.460586548, 138.983032227, 139.505477905, 140.016326904, 140.538772583, 141.061218262, 141.58366394, 142.106124878, 142.628570557, 143.151016235, 143.661849976, 144.184310913, 144.706756592, 145.229202271, 145.751647949, 146.262496948, 146.784942627, 147.307388306, 147.841445923, 148.363891602, 148.886352539, 149.397186279, 149.919631958, 150.442077637, 150.964538574, 151.486984253, 152.009429932, 152.53187561, 153.054321289, 153.576782227, 154.087615967, 154.598449707, 155.109298706, 155.631744385, 156.154190063, 156.676635742, 157.19909668, 157.721542358, 158.243988037, 158.766433716, 159.288879395, 159.811340332, 160.333786011, 160.844619751, 161.36706543, 161.889526367, 162.400360107, 162.922805786, 163.445251465, 163.967712402, 164.490158081, 165.01260376, 165.535049438, 166.057495117, 166.579956055, 167.102401733, 167.624847412, 168.135681152, 168.669754028, 169.192199707, 169.714645386, 170.237091064, 170.78276062, 171.328430176, 171.874099731, 172.419769287, 172.977050781, 173.522720337, 174.080001831, 174.637283325, 175.171340942, 175.70539856, 176.239456177, 176.761901855, 177.295959473, 177.818405151, 178.32925415, 178.840087891, 179.362533569, 179.884979248, 180.407440186, 180.929885864, 181.440719604, 181.963165283, 182.485626221, 183.008071899, 183.530517578, 184.041351318, 184.563812256, 185.086257935, 185.597091675, 186.119537354, 186.641998291, 187.16444397, 187.67527771, 188.197723389, 188.720184326, 189.242630005, 189.753463745, 190.275909424, 190.798370361, 191.32081604, 191.843261719, 192.365707397, 192.888153076, 193.410614014, 193.933059692, 194.443893433, 194.966339111, 195.488800049, 196.011245728, 196.533691406, 197.056137085, 197.578598022, 198.11265564, 198.635101318, 199.157546997, 199.691604614, 200.214050293, 200.73651123, 201.247344971, 201.769790649, 202.292236328, 202.803085327, 203.325531006, 203.847976685, 204.370422363, 204.892883301, 205.415328979, 205.937774658, 206.460220337, 206.982666016, 207.493515015, 208.004348755, 208.526794434, 209.049255371, 209.57170105, 210.094146729, 210.616592407, 211.139038086, 211.673095703, 212.195556641, 212.741226196, 213.275283813, 213.809341431, 214.343399048, 214.900680542, 215.457962036, 216.015228271, 216.572509766, 217.164627075, 217.745117188, 218.325622559, 218.952560425, 219.591110229, 220.159988403, 220.717269897, 221.274551392, 221.820220947, 222.365890503, 222.89994812, 223.468841553, 224.049331665, 224.606613159, 225.163894653, 225.721176147, 226.29006958, 226.858947754, 227.439453125, 228.019943237, 228.600448608, 229.180953979]
