
metadata:
    version:
        essentia: "2.1-beta2"
    audio_properties:
        analysis_sample_rate: 44100
        bitrate: 256
        channels: 2
        equal_loudness: 1
        length: 294.635101318
        replay_gain: -13.8447952271
        downmix: "mix"
    tags:
        album: "Mutter"
        artist: "Rammstein"
        comment: ""
        date: "2001"
        genre: "Folk"
        title: "Nebel"
        tracknumber: "11"

configuration:
    average_loudness:
        compute: 1
        frameSize: 88200
        hopSize: 44100
        silentFrames: "noise"
        windowType: "hann"
    general:
        analysisSampleRate: 44100
        endTime: 2000
        equalLoudness: 1
        nequalLoudness: 0
        shortSound: 0
        startTime: 0
    lowlevel:
        compute: 1
        frameSize: 2048
        hopSize: 1024
        zeroPadding: 0
        silentFrames: "noise"
        windowType: "blackmanharris62"
        mfccStats: ["mean", "cov", "icov"]
        stats: ["mean", "var", "median", "min", "max", "dmean", "dmean2", "dvar", "dvar2"]
    panning:
        compute: 0
        frameSize: 8192
        hopSize: 2048
        zeroPadding: 8192
        silentFrames: "noise"
        windowType: "hann"
        stats: ["copy"]
    rhythm:
        compute: 1
        maxTempo: 208
        minTempo: 40
        method: "degara"
        stats: ["mean", "var", "median", "min", "max", "dmean", "dmean2", "dvar", "dvar2"]
    segmentation:
        compute: 0
        cpw: 5
        inc1: 300
        inc2: 50
        minimumSegmentsLength: 10
        size1: 1000
        size2: 600
    sfx:
        compute: 1
        stats: ["mean", "var", "median", "min", "max", "dmean", "dmean2", "dvar", "dvar2"]
    svm:
        compute: 0
    tonal:
        compute: 1
        frameSize: 4096
        hopSize: 2048
        zeroPadding: 0
        silentFrames: "noise"
        windowType: "blackmanharris62"
        stats: ["mean", "var", "median", "min", "max", "dmean", "dmean2", "dvar", "dvar2"]

lowlevel:
    average_loudness: 0.526033997536
    barkbands_kurtosis:
        dmean: 2.7644546032
        dmean2: 4.02430486679
        dvar: 50.783706665
        dvar2: 99.0876922607
        max: 175.486022949
        mean: 4.98379516602
        median: -0.0208919085562
        min: -1.93569898605
        var: 185.395858765
    barkbands_skewness:
        dmean: 0.455617398024
        dmean2: 0.687225818634
        dvar: 0.316583514214
        dvar2: 0.7000451684
        max: 10.2158842087
        mean: 1.17892575264
        median: 0.913887560368
        min: -2.05318212509
        var: 2.2390499115
    barkbands_spread:
        dmean: 4.46614980698
        dmean2: 6.8130030632
        dvar: 32.9179153442
        dvar2: 69.8917541504
        max: 94.7087783813
        mean: 24.8047351837
        median: 25.989528656
        min: 0.596249163151
        var: 238.499038696
    dissonance:
        dmean: 0.0235604103655
        dmean2: 0.0395850092173
        dvar: 0.000770521583036
        dvar2: 0.00213821907528
        max: 0.500000119209
        mean: 0.448805958033
        median: 0.464543491602
        min: 0.197504326701
        var: 0.00205683824606
    hfc:
        dmean: 1.21357786655
        dmean2: 2.02673363686
        dvar: 8.72676467896
        dvar2: 24.1717243195
        max: 56.1376914978
        mean: 5.56221437454
        median: 1.51993751526
        min: 1.11164696642e-016
        var: 44.0546607971
    pitch:
        dmean: 489.33215332
        dmean2: 950.881286621
        dvar: 1244442.5
        dvar2: 3200682.5
        max: 9126.47851563
        mean: 749.027893066
        median: 184.312652588
        min: 43.0243911743
        var: 1627077.375
    pitch_instantaneous_confidence:
        dmean: 0.078249104321
        dmean2: 0.124751634896
        dvar: 0.00477526243776
        dvar2: 0.0118386000395
        max: 0.937116086483
        mean: 0.430590718985
        median: 0.412736058235
        min: 0.0983385443687
        var: 0.0200491305441
    pitch_salience:
        dmean: 0.0585839152336
        dmean2: 0.0921216905117
        dvar: 0.00288408668712
        dvar2: 0.00674659991637
        max: 0.998894631863
        mean: 0.62766879797
        median: 0.643576383591
        min: 0.162075519562
        var: 0.00984694715589
    silence_rate_20dB:
        dmean: 0
        dmean2: 0
        dvar: 0
        dvar2: 0
        max: 1
        mean: 1
        median: 1
        min: 1
        var: 0
    silence_rate_30dB:
        dmean: 0
        dmean2: 0
        dvar: 0
        dvar2: 0
        max: 1
        mean: 1
        median: 1
        min: 1
        var: 0
    silence_rate_60dB:
        dmean: 0.0179683193564
        dmean2: 0.0359394699335
        dvar: 0.0176441352814
        dvar2: 0.0398448817432
        max: 1
        mean: 0.577226161957
        median: 1
        min: 0
        var: 0.244030073285
    spectral_centroid:
        dmean: 178.126235962
        dmean2: 274.91204834
        dvar: 58235.8320313
        dvar2: 130435.09375
        max: 11443.8378906
        mean: 1137.30419922
        median: 1003.81237793
        min: 125.290252686
        var: 623267.375
    spectral_complexity:
        dmean: 2.12152266502
        dmean2: 3.52049183846
        dvar: 9.01616477966
        dvar2: 22.1953201294
        max: 57
        mean: 12.146651268
        median: 7
        min: 0
        var: 125.691085815
    spectral_crest:
        dmean: 1.95941114426
        dmean2: 3.08357310295
        dvar: 3.44809269905
        dvar2: 8.68352603912
        max: 25.3959217072
        mean: 8.28705215454
        median: 7.30540084839
        min: 2.43043684959
        var: 16.0383987427
    spectral_decrease:
        dmean: 1.74323694369e-010
        dmean2: 2.81816237013e-010
        dvar: 1.35049771955e-019
        dvar2: 3.63484021617e-019
        max: 2.07363938221e-028
        mean: -8.01604116418e-010
        median: -5.11535591663e-010
        min: -7.03391389578e-009
        var: 6.10728642751e-019
    spectral_energy:
        dmean: 0.000742565491237
        dmean2: 0.00120750046335
        dvar: 2.63767014985e-006
        dvar2: 7.1304903031e-006
        max: 0.0316394641995
        mean: 0.0035299398005
        median: 0.00207309797406
        min: 1.00465730208e-020
        var: 1.2375922779e-005
    spectral_energyband_high:
        dmean: 9.48691740632e-005
        dmean2: 0.000159213683219
        dvar: 4.2439339154e-008
        dvar2: 1.20328323305e-007
        max: 0.00388428452425
        mean: 0.000311078649247
        median: 6.06930807407e-005
        min: 7.33563719713e-021
        var: 1.83354899264e-007
    spectral_energyband_low:
        dmean: 0.000194019579794
        dmean2: 0.000304070359562
        dvar: 1.02172727168e-007
        dvar2: 2.63451909177e-007
        max: 0.00613242760301
        mean: 0.000404451100621
        median: 0.000240205612499
        min: 1.73578571225e-023
        var: 2.31507002013e-007
    spectral_energyband_middle_high:
        dmean: 0.000376028649043
        dmean2: 0.000626551278401
        dvar: 6.76752108575e-007
        dvar2: 1.81819666523e-006
        max: 0.0137733342126
        mean: 0.00148589129094
        median: 0.000303369772155
        min: 1.34392807584e-021
        var: 3.59397199645e-006
    spectral_energyband_middle_low:
        dmean: 0.000471071107313
        dmean2: 0.000740213377867
        dvar: 7.83382347436e-007
        dvar2: 2.07390962714e-006
        max: 0.0178173761815
        mean: 0.00147403031588
        median: 0.00118464010302
        min: 1.4671723578e-022
        var: 2.08517167266e-006
    spectral_flatness_db:
        dmean: 0.0177284404635
        dmean2: 0.0248532555997
        dvar: 0.000504362164065
        dvar2: 0.000965533370618
        max: 0.466425746679
        mean: 0.170291602612
        median: 0.144198656082
        min: 0.0366770215333
        var: 0.0051911403425
    spectral_flux:
        dmean: 0.0051137348637
        dmean2: 0.00816150195897
        dvar: 5.65278205613e-005
        dvar2: 0.000122095108964
        max: 0.131741553545
        mean: 0.0271514318883
        median: 0.0207549035549
        min: 6.50371353994e-011
        var: 0.000414088135585
    spectral_kurtosis:
        dmean: 1.82220888138
        dmean2: 2.91160821915
        dvar: 9.27778148651
        dvar2: 25.1282806396
        max: 54.150390625
        mean: 6.56644582748
        median: 4.77516841888
        min: -1.34230196476
        var: 38.1518478394
    spectral_rms:
        dmean: 0.00016930984566
        dmean2: 0.00026673040702
        dvar: 6.51286953257e-008
        dvar2: 1.68111924381e-007
        max: 0.00555587699637
        mean: 0.00158061797265
        median: 0.00142215844244
        min: 3.13074024171e-012
        var: 9.45493695781e-007
    spectral_rolloff:
        dmean: 330.005462646
        dmean2: 557.860717773
        dvar: 397090.15625
        dvar2: 842413.5
        max: 19272.2167969
        mean: 2178.47631836
        median: 2433.25195313
        min: 129.19921875
        var: 2762514.5
    spectral_skewness:
        dmean: 0.236518934369
        dmean2: 0.354146182537
        dvar: 0.0931360125542
        dvar2: 0.201185375452
        max: 5.84463787079
        mean: 1.88589382172
        median: 1.66239368916
        min: -0.237412303686
        var: 0.659091293812
    spectral_spread:
        dmean: 644991.6875
        dmean2: 835084.1875
        dvar: 989314285568
        dvar2: 1.65126851789e+012
        max: 41294076
        mean: 5436664.5
        median: 4760658
        min: 1090658.375
        var: 8.7729855529e+012
    spectral_strongpeak:
        dmean: 0.240534484386
        dmean2: 0.416154175997
        dvar: 0.246536359191
        dvar2: 0.668495953083
        max: 5.86316108704
        mean: 0.399276733398
        median: 0.170103043318
        min: 4.29855484541e-010
        var: 0.378020137548
    zerocrossingrate:
        dmean: 0.00746124843135
        dmean2: 0.00857759453356
        dvar: 7.37684677006e-005
        dvar2: 8.20315253804e-005
        max: 0.53125
        mean: 0.0704203546047
        median: 0.0703125
        min: 0.0048828125
        var: 0.00167530123144
    barkbands:
        dmean: [2.36851889213e-007, 3.20364124491e-005, 0.000132875182317, 0.000122465935419, 0.000198397494387, 0.000128158426378, 0.000161069663591, 0.000106321727799, 7.90916965343e-005, 6.38016717858e-005, 5.21314213984e-005, 3.52715869667e-005, 4.621057451e-005, 6.12765652477e-005, 4.69832848466e-005, 6.47888373351e-005, 8.08278637123e-005, 0.000108962914965, 0.000123643549159, 8.95060875337e-005, 5.19558489032e-005, 1.00608822322e-005, 2.26640781875e-006, 1.85220642379e-006, 1.19093238027e-006, 7.79441577947e-008, 3.68017016861e-009]
        dmean2: [3.45210622754e-007, 5.09929632244e-005, 0.000208529876545, 0.000194587788428, 0.000323585089063, 0.000198456167709, 0.00024374849454, 0.000161121206474, 0.000124835598399, 0.000102701007563, 8.5323525127e-005, 5.75132617087e-005, 7.55746368668e-005, 0.000100270393887, 7.52116320655e-005, 0.000106986750325, 0.000135744397994, 0.000184387914487, 0.000209991281736, 0.000153869827045, 8.8809945737e-005, 1.652607898e-005, 3.43853025697e-006, 2.54964788837e-006, 1.58598788857e-006, 1.00284928806e-007, 4.74045958043e-009]
        dvar: [5.19588495493e-013, 2.98167046608e-009, 5.37006386025e-008, 4.55506388164e-008, 3.90902215486e-007, 4.71196592855e-008, 8.59860378455e-008, 5.16803844164e-008, 2.78097829209e-008, 3.06081346935e-008, 2.16704503231e-008, 9.5324912408e-009, 1.8424053394e-008, 2.73631304282e-008, 1.30308208668e-008, 2.00386995886e-008, 3.49471065419e-008, 4.87457789689e-008, 7.02465570157e-008, 3.8796123647e-008, 1.18603304955e-008, 7.50379980374e-010, 2.86817375406e-011, 2.75309983144e-011, 1.46808034479e-011, 3.21880685354e-014, 7.97961152246e-017]
        dvar2: [1.05520464328e-012, 7.92562371288e-009, 1.36592376521e-007, 1.16045811183e-007, 1.08095923679e-006, 1.21048572055e-007, 2.01545717005e-007, 1.19322564274e-007, 7.14396719559e-008, 7.7457556813e-008, 5.79005572376e-008, 2.44766606983e-008, 4.77101522733e-008, 6.80492391325e-008, 3.12525614277e-008, 5.24482963726e-008, 9.45072287095e-008, 1.3331896298e-007, 1.96215623305e-007, 1.11616536458e-007, 3.34953611514e-008, 1.98619609648e-009, 6.6694837153e-011, 5.20739076859e-011, 2.93197410794e-011, 5.72052103495e-014, 1.34971232604e-016]
        max: [1.26852792164e-005, 0.000911410956178, 0.00450853491202, 0.004484731704, 0.0147312600166, 0.00417086994275, 0.00676986435428, 0.00519389705732, 0.00382064003497, 0.005471393466, 0.00364652927965, 0.00246101757511, 0.00437496090308, 0.0037582165096, 0.00243749702349, 0.00310423015617, 0.00480892229825, 0.00464231241494, 0.00447104591876, 0.00419503636658, 0.00213627703488, 0.000524447706994, 9.9377008155e-005, 0.00014504363935, 0.000132190049044, 3.90918194171e-006, 2.06867198926e-007]
        mean: [4.14623571032e-007, 5.45307448192e-005, 0.000230321791605, 0.000224821094889, 0.000331259827362, 0.000242322086706, 0.000318907550536, 0.00018539847224, 0.000135918002343, 0.000108700209239, 8.70439180289e-005, 6.50179135846e-005, 7.88445104263e-005, 0.000116194496513, 8.80424559e-005, 0.000136260990985, 0.000170714891283, 0.000247018848313, 0.000291723961709, 0.00024045057944, 0.000142099845107, 2.2293503207e-005, 4.99313910041e-006, 4.04447564506e-006, 2.46156378125e-006, 1.39769653629e-007, 5.85398263198e-009]
        median: [1.87871691537e-007, 3.24200518662e-005, 0.000115261165774, 9.2717105872e-005, 0.000193291009055, 0.000129221618408, 0.000129013700644, 5.35981016583e-005, 5.25560317328e-005, 3.38189674949e-005, 1.98606430786e-005, 9.10168637347e-006, 1.0853051208e-005, 1.08028998511e-005, 1.50922915054e-005, 1.41353839354e-005, 2.30486148212e-005, 2.67685827566e-005, 3.83428705391e-005, 2.60873493971e-005, 2.33216960623e-005, 9.24161577132e-006, 1.82945314009e-006, 9.65002755038e-007, 5.44303190964e-007, 2.68389008795e-008, 8.58590532005e-010]
        min: [7.23879277014e-025, 3.49542058293e-024, 1.42381968239e-024, 1.55226033865e-024, 7.5816893064e-024, 4.81059291803e-024, 1.3387971415e-023, 1.16348866141e-023, 1.06437136523e-023, 1.35554781396e-023, 3.68234212105e-023, 5.56284452414e-023, 4.17889093339e-023, 4.1881897102e-023, 4.57862884217e-023, 5.01397971875e-023, 1.06817332769e-022, 1.10442975355e-022, 1.73126910491e-022, 1.92443627571e-022, 2.89043962062e-022, 3.1677256172e-022, 5.14397692773e-022, 6.53309509616e-022, 1.04538170988e-021, 1.43268298037e-021, 2.12622757684e-021]
        var: [9.68170855986e-013, 4.69725769392e-009, 1.05612457446e-007, 1.30458275294e-007, 3.38742069061e-007, 1.10382586627e-007, 2.4884630534e-007, 1.30458801095e-007, 6.03408594202e-008, 6.54543299561e-008, 5.26046157745e-008, 2.85733037231e-008, 4.55610731365e-008, 7.04454237166e-008, 3.73156652245e-008, 6.03932761578e-008, 8.9800280989e-008, 1.39824052781e-007, 1.91904121039e-007, 1.25351988345e-007, 4.15522158903e-008, 1.55053814233e-009, 8.06490915717e-011, 1.14202855506e-010, 5.25569136822e-011, 8.19877816354e-014, 1.66003899283e-016]
    frequency_bands:
        dmean: [2.36851889213e-007, 3.20364124491e-005, 0.000132875182317, 0.000122465935419, 0.000198397494387, 0.000128158426378, 0.000161069663591, 0.000106321727799, 7.90916965343e-005, 6.38016717858e-005, 5.21314213984e-005, 3.52715869667e-005, 4.621057451e-005, 6.12765652477e-005, 4.69832848466e-005, 6.47888373351e-005, 8.08278637123e-005, 0.000108962914965, 0.000123643549159, 8.95060875337e-005, 5.19558489032e-005, 1.00608822322e-005, 2.26640781875e-006, 1.85220642379e-006, 1.19093238027e-006, 7.79441577947e-008, 3.68017016861e-009, 4.88071735805e-011]
        dmean2: [3.45210622754e-007, 5.09929632244e-005, 0.000208529876545, 0.000194587788428, 0.000323585089063, 0.000198456167709, 0.00024374849454, 0.000161121206474, 0.000124835598399, 0.000102701007563, 8.5323525127e-005, 5.75132617087e-005, 7.55746368668e-005, 0.000100270393887, 7.52116320655e-005, 0.000106986750325, 0.000135744397994, 0.000184387914487, 0.000209991281736, 0.000153869827045, 8.8809945737e-005, 1.652607898e-005, 3.43853025697e-006, 2.54964788837e-006, 1.58598788857e-006, 1.00284928806e-007, 4.74045958043e-009, 8.7419613215e-011]
        dvar: [5.19588495493e-013, 2.98167046608e-009, 5.37006386025e-008, 4.55506388164e-008, 3.90902215486e-007, 4.71196592855e-008, 8.59860378455e-008, 5.16803844164e-008, 2.78097829209e-008, 3.06081346935e-008, 2.16704503231e-008, 9.5324912408e-009, 1.8424053394e-008, 2.73631304282e-008, 1.30308208668e-008, 2.00386995886e-008, 3.49471065419e-008, 4.87457789689e-008, 7.02465570157e-008, 3.8796123647e-008, 1.18603304955e-008, 7.50379980374e-010, 2.86817375406e-011, 2.75309983144e-011, 1.46808034479e-011, 3.21880685354e-014, 7.97961152246e-017, 8.0655118044e-021]
        dvar2: [1.05520464328e-012, 7.92562371288e-009, 1.36592376521e-007, 1.16045811183e-007, 1.08095923679e-006, 1.21048572055e-007, 2.01545717005e-007, 1.19322564274e-007, 7.14396719559e-008, 7.7457556813e-008, 5.79005572376e-008, 2.44766606983e-008, 4.77101522733e-008, 6.80492391325e-008, 3.12525614277e-008, 5.24482963726e-008, 9.45072287095e-008, 1.3331896298e-007, 1.96215623305e-007, 1.11616536458e-007, 3.34953611514e-008, 1.98619609648e-009, 6.6694837153e-011, 5.20739076859e-011, 2.93197410794e-011, 5.72052103495e-014, 1.34971232604e-016, 2.53170630284e-020]
        max: [1.26852792164e-005, 0.000911410956178, 0.00450853491202, 0.004484731704, 0.0147312600166, 0.00417086994275, 0.00676986435428, 0.00519389705732, 0.00382064003497, 0.005471393466, 0.00364652927965, 0.00246101757511, 0.00437496090308, 0.0037582165096, 0.00243749702349, 0.00310423015617, 0.00480892229825, 0.00464231241494, 0.00447104591876, 0.00419503636658, 0.00213627703488, 0.000524447706994, 9.9377008155e-005, 0.00014504363935, 0.000132190049044, 3.90918194171e-006, 2.06867198926e-007, 1.31412014603e-009]
        mean: [4.14623571032e-007, 5.45307448192e-005, 0.000230321791605, 0.000224821094889, 0.000331259827362, 0.000242322086706, 0.000318907550536, 0.00018539847224, 0.000135918002343, 0.000108700209239, 8.70439180289e-005, 6.50179135846e-005, 7.88445104263e-005, 0.000116194496513, 8.80424559e-005, 0.000136260990985, 0.000170714891283, 0.000247018848313, 0.000291723961709, 0.00024045057944, 0.000142099845107, 2.2293503207e-005, 4.99313910041e-006, 4.04447564506e-006, 2.46156378125e-006, 1.39769653629e-007, 5.85398263198e-009, 4.80833810268e-011]
        median: [1.87871691537e-007, 3.24200518662e-005, 0.000115261165774, 9.2717105872e-005, 0.000193291009055, 0.000129221618408, 0.000129013700644, 5.35981016583e-005, 5.25560317328e-005, 3.38189674949e-005, 1.98606430786e-005, 9.10168637347e-006, 1.0853051208e-005, 1.08028998511e-005, 1.50922915054e-005, 1.41353839354e-005, 2.30486148212e-005, 2.67685827566e-005, 3.83428705391e-005, 2.60873493971e-005, 2.33216960623e-005, 9.24161577132e-006, 1.82945314009e-006, 9.65002755038e-007, 5.44303190964e-007, 2.68389008795e-008, 8.58590532005e-010, 1.25932094613e-011]
        min: [7.23879277014e-025, 3.49542058293e-024, 1.42381968239e-024, 1.55226033865e-024, 7.5816893064e-024, 4.81059291803e-024, 1.3387971415e-023, 1.16348866141e-023, 1.06437136523e-023, 1.35554781396e-023, 3.68234212105e-023, 5.56284452414e-023, 4.17889093339e-023, 4.1881897102e-023, 4.57862884217e-023, 5.01397971875e-023, 1.06817332769e-022, 1.10442975355e-022, 1.73126910491e-022, 1.92443627571e-022, 2.89043962062e-022, 3.1677256172e-022, 5.14397692773e-022, 6.53309509616e-022, 1.04538170988e-021, 1.43268298037e-021, 2.12622757684e-021, 5.87444496035e-022]
        var: [9.68170855986e-013, 4.69725769392e-009, 1.05612457446e-007, 1.30458275294e-007, 3.38742069061e-007, 1.10382586627e-007, 2.4884630534e-007, 1.30458801095e-007, 6.03408594202e-008, 6.54543299561e-008, 5.26046157745e-008, 2.85733037231e-008, 4.55610731365e-008, 7.04454237166e-008, 3.73156652245e-008, 6.03932761578e-008, 8.9800280989e-008, 1.39824052781e-007, 1.91904121039e-007, 1.25351988345e-007, 4.15522158903e-008, 1.55053814233e-009, 8.06490915717e-011, 1.14202855506e-010, 5.25569136822e-011, 8.19877816354e-014, 1.66003899283e-016, 7.57611249525e-021]
    mfcc:
        mean: [-781.819335938, 117.753143311, -13.529091835, 48.0221176147, -10.8094530106, -11.1931581497, -2.72821307182, -8.78387451172, -2.51852869987, -4.2742023468, -3.63288831711, -3.83911275864, -5.49744033813]
        cov: [[15709.6689453, -585.441894531, -4097.20654297, 1203.41784668, -669.023254395, 126.363601685, 272.661895752, -235.886489868, 214.26083374, 66.7434463501, 212.176879883, 429.471008301, 112.876838684], [-585.441894531, 911.096984863, 62.1762161255, -139.967407227, -109.89704895, -86.5983123779, 12.9121570587, 4.85912513733, 7.7206659317, -2.55582499504, -7.21644115448, -30.0707855225, 2.01520204544], [-4097.20654297, 62.1762161255, 1713.86865234, -217.480911255, 241.833602905, -7.79359006882, -64.1351776123, 109.926452637, -52.0595741272, -32.5592575073, -82.5683670044, -146.667297363, -31.7111549377], [1203.41784668, -139.967407227, -217.480911255, 624.026306152, 80.2404098511, 101.172531128, 30.0569114685, -12.253276825, 61.8451461792, 18.4723739624, 10.585600853, -5.96484947205, -4.89686155319], [-669.023254395, -109.89704895, 241.833602905, 80.2404098511, 347.543151855, 49.2723083496, -50.3871650696, 17.7250156403, -4.86835002899, -1.93101751804, -20.9288978577, -21.0676021576, -47.020072937], [126.363601685, -86.5983123779, -7.79359006882, 101.172531128, 49.2723083496, 162.122512817, 60.5910491943, 6.20608520508, 4.59937906265, -13.24015522, 3.521920681, -3.22365498543, 3.87168383598], [272.661895752, 12.9121570587, -64.1351776123, 30.0569114685, -50.3871650696, 60.5910491943, 158.063781738, 46.0216178894, 21.4327297211, -10.199549675, -6.64436388016, 11.6914100647, 8.02198123932], [-235.886489868, 4.85912513733, 109.926452637, -12.253276825, 17.7250156403, 6.20608520508, 46.0216178894, 134.352737427, 50.8118209839, -7.98131132126, -25.1658649445, -22.0827484131, -7.82216739655], [214.26083374, 7.7206659317, -52.0595741272, 61.8451461792, -4.86835002899, 4.59937906265, 21.4327297211, 50.8118209839, 112.860343933, 42.932182312, 4.19525957108, -7.81048440933, -12.6869792938], [66.7434463501, -2.55582499504, -32.5592575073, 18.4723739624, -1.93101751804, -13.24015522, -10.199549675, -7.98131132126, 42.932182312, 94.8585357666, 39.1491165161, 8.13903808594, -8.04440879822], [212.176879883, -7.21644115448, -82.5683670044, 10.585600853, -20.9288978577, 3.521920681, -6.64436388016, -25.1658649445, 4.19525957108, 39.1491165161, 79.8727340698, 37.7234420776, 0.978215873241], [429.471008301, -30.0707855225, -146.667297363, -5.96484947205, -21.0676021576, -3.22365498543, 11.6914100647, -22.0827484131, -7.81048440933, 8.13903808594, 37.7234420776, 89.1362686157, 22.9041194916], [112.876838684, 2.01520204544, -31.7111549377, -4.89686155319, -47.020072937, 3.87168383598, 8.02198123932, -7.82216739655, -12.6869792938, -8.04440879822, 0.978215873241, 22.9041194916, 69.2572937012]]
        icov: [[0.000216369167902, 8.58566054376e-005, 0.000423692574259, -0.000272026925813, 0.000184830641956, 3.96884715883e-005, -6.82779864292e-005, 1.50516325448e-005, -0.000123168851133, 0.000115644637845, 6.16059696767e-005, -0.000338160636602, 5.43311180081e-005], [8.58566054376e-005, 0.00128238054458, 0.000119314128824, 7.78396424721e-005, 0.000290841242531, 0.000700339791365, -0.000454047956737, 0.00029039682704, -0.000381115445634, 0.000316447432851, -0.000280784792267, 0.000521889189258, -7.5100484537e-005], [0.000423692574259, 0.000119314128824, 0.00171123701148, -0.000224683637498, -0.000248943921179, 5.82495376875e-005, 1.52451011672e-005, -0.000713534303941, 0.000420738913817, -2.54709957517e-005, 7.85193988122e-005, 0.000653240713291, -0.000324019783875], [-0.000272026925813, 7.78396424721e-005, -0.000224683637498, 0.0024862093851, -0.000884324603248, -0.000921675935388, -0.000146256788867, 0.000723765930161, -0.00125265342649, 9.96778981062e-005, -0.000389209890272, 0.00128277775366, -0.00057279545581], [0.000184830641956, 0.000290841242531, -0.000248943921179, -0.000884324603248, 0.00477828644216, -0.00193759601098, 0.00222217617556, -0.000998275005259, 0.000719574338291, -0.000711125321686, 0.00194973614998, -0.00227843713947, 0.00327121163718], [3.96884715883e-005, 0.000700339791365, 5.82495376875e-005, -0.000921675935388, -0.00193759601098, 0.00972173642367, -0.0046601020731, 0.00142017134931, -0.000616032339167, 0.00224068574607, -0.00290940073319, 0.00239304895513, -0.0018852307694], [-6.82779864292e-005, -0.000454047956737, 1.52451011672e-005, -0.000146256788867, 0.00222217617556, -0.0046601020731, 0.010316286236, -0.00391097087413, 0.000362272898201, -0.000458523776615, 0.002161442535, -0.00292462250218, 0.00120346003678], [1.50516325448e-005, 0.00029039682704, -0.000713534303941, 0.000723765930161, -0.000998275005259, 0.00142017134931, -0.00391097087413, 0.0126836057752, -0.00704871816561, 0.00317827053368, 0.000702103192452, 0.00130519224331, -0.000543742324226], [-0.000123168851133, -0.000381115445634, 0.000420738913817, -0.00125265342649, 0.000719574338291, -0.000616032339167, 0.000362272898201, -0.00704871816561, 0.0164789129049, -0.00828422792256, 0.00194361701142, 0.000309943803586, 0.00192733120639], [0.000115644637845, 0.000316447432851, -2.54709957517e-005, 9.96778981062e-005, -0.000711125321686, 0.00224068574607, -0.000458523776615, 0.00317827053368, -0.00828422792256, 0.0182350464165, -0.00896138232201, 0.00173978880048, -0.000246586219873], [6.16059696767e-005, -0.000280784792267, 7.85193988122e-005, -0.000389209890272, 0.00194973614998, -0.00290940073319, 0.002161442535, 0.000702103192452, 0.00194361701142, -0.00896138232201, 0.0221306495368, -0.00926738511771, 0.00329889124259], [-0.000338160636602, 0.000521889189258, 0.000653240713291, 0.00128277775366, -0.00227843713947, 0.00239304895513, -0.00292462250218, 0.00130519224331, 0.000309943803586, 0.00173978880048, -0.00926738511771, 0.0198892410845, -0.00645655533299], [5.43311180081e-005, -7.5100484537e-005, -0.000324019783875, -0.00057279545581, 0.00327121163718, -0.0018852307694, 0.00120346003678, -0.000543742324226, 0.00192733120639, -0.000246586219873, 0.00329889124259, -0.00645655533299, 0.0187022313476]]
    sccoeffs:
        dmean: [0.0439994446933, 0.0438901782036, 0.0358313210309, 0.0269664935768, 0.0184271838516, 0.01521762833]
        dmean2: [0.0723910704255, 0.0707499310374, 0.0587633363903, 0.0447534285486, 0.030261343345, 0.0244239643216]
        dvar: [0.00137135956902, 0.00125189556275, 0.000875943340361, 0.000480692368001, 0.000255959632341, 0.000206836484722]
        dvar2: [0.00374161498621, 0.00332711590454, 0.0022619322408, 0.00126350601204, 0.000645421328954, 0.000479847600218]
        max: [-0.359693318605, -0.498021662235, -0.47261479497, -0.584620416164, -0.558243393898, -0.643314182758]
        mean: [-0.654450833797, -0.720867335796, -0.765703260899, -0.797628879547, -0.815121769905, -0.779636919498]
        median: [-0.655106067657, -0.720885038376, -0.76914870739, -0.800785958767, -0.813085079193, -0.782328367233]
        min: [-0.974598705769, -0.996623277664, -0.998774766922, -0.98846077919, -0.989154517651, -0.964341700077]
        var: [0.00442279595882, 0.00453999219462, 0.00529492506757, 0.00370731460862, 0.00180094805546, 0.00223808223382]
    scvalleys:
        dmean: [0.338299870491, 0.357723176479, 0.322094470263, 0.287653356791, 0.23681665957, 0.25212213397]
        dmean2: [0.564784228802, 0.571101844311, 0.514280438423, 0.446413129568, 0.345567792654, 0.319346785545]
        dvar: [0.0889690965414, 0.131514817476, 0.123410217464, 0.119897723198, 0.115551844239, 0.12382620573]
        dvar2: [0.230148524046, 0.279267013073, 0.255771577358, 0.231745809317, 0.207285046577, 0.192777380347]
        max: [-5.10721063614, -4.61157464981, -4.90057611465, -5.39576768875, -5.32512044907, -7.67639780045]
        mean: [-7.25848340988, -7.04168510437, -7.92908763885, -8.31137752533, -8.10312080383, -10.4628486633]
        median: [-6.76929759979, -6.70665311813, -7.59917879105, -8.11085700989, -7.99296426773, -9.90147972107]
        min: [-27.8750362396, -27.6910743713, -28.0454330444, -27.6236629486, -27.4396018982, -27.3208007813]
        var: [2.51337456703, 2.2415573597, 2.6009683609, 2.92640018463, 3.64161777496, 3.28463292122]

rhythm:
    beats_loudness:
        dmean: 0.00132654502522
        dmean2: 0.00220587174408
        dvar: 2.16912258111e-006
        dvar2: 5.67236656934e-006
        max: 0.0142072075978
        mean: 0.00410471577197
        median: 0.00270179565996
        min: 4.77141460023e-012
        var: 1.38015529956e-005
    bpm: 102.018989563
    bpm_confidence: 0
    first_peak_bpm: 101
    first_peak_spread: 0.398678421974
    first_peak_weight: 0.535294115543
    onset_rate: 2.42333674431
    second_peak_bpm: 110
    second_peak_spread: 0.181818172336
    second_peak_weight: 0.0176470596343
    beats_loudness_band_ratio:
        dmean: [0.120135843754, 0.133506432176, 0.126815184951, 0.0651608854532, 0.0748513638973, 0.0730031430721]
        dmean2: [0.195455417037, 0.227506846189, 0.219631358981, 0.105331718922, 0.129653200507, 0.13180179894]
        dvar: [0.0119074657559, 0.0129045546055, 0.0126996356994, 0.00511172180995, 0.00589408539236, 0.00633630622178]
        dvar2: [0.0301850698888, 0.0378142409027, 0.0364498607814, 0.0124852545559, 0.0148020256311, 0.0179546549916]
        max: [0.807614445686, 0.808839976788, 0.908593535423, 0.769355595112, 0.584383010864, 0.63930273056]
        mean: [0.181822314858, 0.280189454556, 0.229936361313, 0.0916039869189, 0.138030469418, 0.12704116106]
        median: [0.143458634615, 0.246043264866, 0.177172005177, 0.0648638084531, 0.12527525425, 0.109077736735]
        min: [0, 0, 0, 0, 0, 0]
        var: [0.0189397092909, 0.0328811369836, 0.029814325273, 0.00886507984251, 0.0148017276078, 0.0106298644096]
    beats_position: [0.476009070873, 0.96362811327, 1.45124709606, 1.93886613846, 2.43809509277, 2.92571425438, 3.41333317757, 3.90095233917, 4.45823097229, 4.99229001999, 5.53795909882, 6.08362817764, 6.62929677963, 7.17496585846, 7.72063493729, 8.26630401611, 8.8119726181, 9.35764122009, 9.90331077576, 10.4954195023, 11.0875282288, 11.6796369553, 12.2717456818, 12.8638544083, 13.479183197, 14.0945119858, 14.7214508057, 15.3716096878, 16.0333786011, 16.637096405, 17.2524261475, 17.8561439514, 18.4598636627, 19.0635814667, 19.667301178, 20.2710208893, 20.8631286621, 21.4552383423, 22.035736084, 22.616235733, 23.2083435059, 23.7888431549, 24.3809528351, 24.9614505768, 25.5419502258, 26.1224479675, 26.7145576477, 27.3066654205, 27.8987751007, 28.4908847809, 29.0713825226, 29.6518821716, 30.2323799133, 30.8244895935, 31.4165973663, 32.0087051392, 32.6008148193, 33.1813163757, 33.7618141174, 34.3539237976, 34.9460296631, 35.5265312195, 36.118637085, 36.7107467651, 37.2912483215, 37.8717460632, 38.4638557434, 39.0559616089, 39.6364631653, 40.2285690308, 40.8206787109, 41.4011802673, 41.9932861328, 42.585395813, 43.1658935547, 43.7580032349, 44.350112915, 44.9306106567, 45.5227203369, 46.1148300171, 46.6953277588, 47.287437439, 47.8679351807, 48.4600448608, 49.052154541, 49.6442604065, 50.2247619629, 50.8168716431, 51.4089775085, 51.9894790649, 52.5699768066, 53.1620864868, 53.7541923523, 54.3346939087, 54.9268035889, 55.5189094543, 56.0994110107, 56.6799087524, 57.2720184326, 57.8641242981, 58.4446258545, 59.03673172, 59.6288414001, 60.2209510803, 60.8130607605, 61.3935585022, 61.9740562439, 62.5661659241, 63.1582756042, 63.7387733459, 64.3308868408, 64.9229888916, 65.5034942627, 66.0839920044, 66.6761016846, 67.2682037354, 67.8603134155, 68.4524230957, 69.0329208374, 69.6250305176, 70.2171401978, 70.7976379395, 71.3781356812, 71.9702453613, 72.5623550415, 73.1428527832, 73.7349624634, 74.3270721436, 74.9075698853, 75.488067627, 76.0801773071, 76.6722869873, 77.2643966675, 77.8565063477, 78.4370040894, 79.0175018311, 79.6096115112, 80.2017211914, 80.7822189331, 81.3743286133, 81.9664382935, 82.5469360352, 83.1390457153, 83.7311553955, 84.3116531372, 84.8921508789, 85.4842605591, 86.0763702393, 86.6684799194, 87.2605895996, 87.8410873413, 88.4331970215, 89.0136947632, 89.6058044434, 90.1863021851, 90.7784118652, 91.3705215454, 91.9510192871, 92.5431289673, 93.1352386475, 93.7157363892, 94.2962341309, 94.888343811, 95.4804534912, 96.0609512329, 96.6530609131, 97.2451705933, 97.8372802734, 98.4293823242, 99.0098876953, 99.6019973755, 100.194099426, 100.774604797, 101.355102539, 101.947212219, 102.53931427, 103.119819641, 103.711929321, 104.304031372, 104.884536743, 105.465034485, 106.045532227, 106.637641907, 107.229751587, 107.821853638, 108.402359009, 108.994468689, 109.58657074, 110.17868042, 110.759178162, 111.351287842, 111.931785583, 112.523895264, 113.104400635, 113.696502686, 114.288612366, 114.880722046, 115.472831726, 116.053329468, 116.645439148, 117.237548828, 117.81804657, 118.41015625, 119.00226593, 119.582763672, 120.163261414, 120.755371094, 121.347480774, 121.939590454, 122.520088196, 123.112197876, 123.692695618, 124.284805298, 124.876914978, 125.469024658, 126.0495224, 126.64163208, 127.222129822, 127.814239502, 128.406341553, 128.986846924, 129.567337036, 130.159454346, 130.751556396, 131.332061768, 131.912567139, 132.504669189, 133.09677124, 133.68888855, 134.280990601, 134.861495972, 135.441986084, 136.034103394, 136.626205444, 137.206710815, 137.798812866, 138.379318237, 138.971420288, 139.563537598, 140.155639648, 140.73614502, 141.32824707, 141.92036438, 142.500854492, 143.092971802, 143.673461914, 144.265579224, 144.846069336, 145.438186646, 146.018676758, 146.610794067, 147.19128418, 147.783401489, 148.37550354, 148.956008911, 149.536499023, 150.128616333, 150.720718384, 151.312835693, 151.904937744, 152.485443115, 153.065933228, 153.658050537, 154.250152588, 154.830657959, 155.411148071, 156.003265381, 156.595367432, 157.187484741, 157.767974854, 158.360092163, 158.940582275, 159.521087646, 160.101577759, 160.693695068, 161.285797119, 161.889526367, 162.470016479, 163.062133789, 163.65423584, 164.234741211, 164.815231323, 165.407348633, 165.999450684, 166.579956055, 167.172058105, 167.764175415, 168.344665527, 168.925170898, 169.517272949, 170.109390259, 170.689880371, 171.281997681, 171.874099731, 172.466217041, 173.058319092, 173.638824463, 174.219314575, 174.811431885, 175.403533936, 175.984039307, 176.564529419, 177.156646729, 177.748748779, 178.34085083, 178.93296814, 179.513473511, 180.093963623, 180.686080933, 181.278182983, 181.870285034, 182.450790405, 183.031295776, 183.623397827, 184.215499878, 184.807617188, 185.399719238, 185.980224609, 186.57232666, 187.152832031, 187.733337402, 188.313827515, 188.894332886, 189.474822998, 190.066940308, 190.659042358, 191.251159668, 191.843261719, 192.43536377, 193.027481079, 193.61958313, 194.200088501, 194.792190552, 195.372695923, 195.964797974, 196.556915283, 197.137405396, 197.717910767, 198.310012817, 198.902130127, 199.494232178, 200.074737549, 200.6668396, 201.247344971, 201.839447021, 202.431564331, 203.012054443, 203.592559814, 204.184661865, 204.776779175, 205.357269287, 205.949386597, 206.541488647, 207.133605957, 207.725708008, 208.306213379, 208.89831543, 209.490432739, 210.070922852, 210.651428223, 211.243530273, 211.824035645, 212.416137695, 212.996643066, 213.588745117, 214.180862427, 214.772964478, 215.365081787, 215.945571899, 216.526077271, 217.118179321, 217.710296631, 218.302398682, 218.882904053, 219.475006104, 220.055511475, 220.636001587, 221.216506958, 221.808609009, 222.400726318, 222.992828369, 223.584945679, 224.165435791, 224.745941162, 225.326431274, 225.906936646, 226.499038696, 227.091156006, 227.683258057, 228.275375366, 228.867477417, 229.459594727, 230.051696777, 230.632202148, 231.212692261, 231.80480957, 232.396911621, 232.977416992, 233.569519043, 234.150024414, 234.742126465, 235.334228516, 235.914733887, 236.495239258, 237.087341309, 237.679458618, 238.271560669, 238.86366272, 239.444168091, 240.036270142, 240.628387451, 241.208877563, 241.800994873, 242.393096924, 242.973602295, 243.554092407, 244.146209717, 244.738311768, 245.330429077, 245.922531128, 246.503036499, 247.083526611, 247.675643921, 248.267745972, 248.859863281, 249.451965332, 250.044082642, 250.636184692, 251.216690063, 251.797180176, 252.389297485, 252.981399536, 253.561904907, 254.14239502, 254.734512329, 255.32661438, 255.907119751, 256.499237061, 257.091339111, 257.671844482, 258.263946533, 258.844451904, 259.436553955, 260.017059326, 260.609161377, 261.201263428, 261.781768799, 262.36227417, 262.954376221, 263.546478271, 264.138580322, 264.730712891, 265.311187744, 265.903320313, 266.495422363, 267.075927734, 267.668029785, 268.248535156, 268.840637207, 269.421142578, 270.001617432, 270.59375, 271.185852051, 271.766357422, 272.358459473, 272.938964844, 273.531066895, 274.111572266, 274.703674316, 275.295776367, 275.887878418, 276.479980469, 277.072113037, 277.664215088, 278.267944336, 278.883270264, 279.382476807, 279.846893311, 280.322906494, 280.798919678, 281.193634033, 281.588378906, 281.983123779, 282.424316406, 282.865478516, 283.295043945, 283.724609375, 284.107757568, 284.490875244, 284.874023438, 285.245513916, 285.628662109, 286.000183105, 286.371704102, 286.812866211, 287.254058838, 287.695220947, 288.136413574, 288.565979004, 288.995544434, 289.425109863, 289.854675293, 290.28427124, 290.72543335, 291.166625977, 291.619415283, 292.07220459, 292.524993896, 292.977783203, 293.43057251, 293.883361816]
