
metadata:
    version:
        essentia: "2.1-beta2"
    audio_properties:
        analysis_sample_rate: 44100
        bitrate: 128
        channels: 2
        equal_loudness: 1
        length: 259.761627197
        replay_gain: -8.00248336792
        downmix: "mix"
    tags:
        album: "Made in Germany: 1995-2011"
        artist: "Rammstein"
        comment: ""
        date: "2011"
        genre: "Other"
        title: "Amerika"
        tracknumber: "13"

configuration:
    average_loudness:
        compute: 1
        frameSize: 88200
        hopSize: 44100
        silentFrames: "noise"
        windowType: "hann"
    general:
        analysisSampleRate: 44100
        endTime: 2000
        equalLoudness: 1
        nequalLoudness: 0
        shortSound: 0
        startTime: 0
    lowlevel:
        compute: 1
        frameSize: 2048
        hopSize: 1024
        zeroPadding: 0
        silentFrames: "noise"
        windowType: "blackmanharris62"
        mfccStats: ["mean", "cov", "icov"]
        stats: ["mean", "var", "median", "min", "max", "dmean", "dmean2", "dvar", "dvar2"]
    panning:
        compute: 0
        frameSize: 8192
        hopSize: 2048
        zeroPadding: 8192
        silentFrames: "noise"
        windowType: "hann"
        stats: ["copy"]
    rhythm:
        compute: 1
        maxTempo: 208
        minTempo: 40
        method: "degara"
        stats: ["mean", "var", "median", "min", "max", "dmean", "dmean2", "dvar", "dvar2"]
    segmentation:
        compute: 0
        cpw: 5
        inc1: 300
        inc2: 50
        minimumSegmentsLength: 10
        size1: 1000
        size2: 600
    sfx:
        compute: 1
        stats: ["mean", "var", "median", "min", "max", "dmean", "dmean2", "dvar", "dvar2"]
    svm:
        compute: 0
    tonal:
        compute: 1
        frameSize: 4096
        hopSize: 2048
        zeroPadding: 0
        silentFrames: "noise"
        windowType: "blackmanharris62"
        stats: ["mean", "var", "median", "min", "max", "dmean", "dmean2", "dvar", "dvar2"]

lowlevel:
    average_loudness: 0.900561451912
    barkbands_kurtosis:
        dmean: 0.800957083702
        dmean2: 1.26021230221
        dvar: 3.91381430626
        dvar2: 7.98280477524
        max: 63.3780975342
        mean: -0.276346355677
        median: -1.09846663475
        min: -1.88328564167
        var: 11.6088590622
    barkbands_skewness:
        dmean: 0.380563318729
        dmean2: 0.595468878746
        dvar: 0.151608660817
        dvar2: 0.333727955818
        max: 6.6348657608
        mean: -0.0042078611441
        median: -0.122734636068
        min: -3.85194206238
        var: 0.845275402069
    barkbands_spread:
        dmean: 4.87879419327
        dmean2: 7.80689287186
        dvar: 23.439119339
        dvar2: 55.2674369812
        max: 71.1580123901
        mean: 29.2779903412
        median: 29.5910758972
        min: 1.04407584667
        var: 108.554634094
    dissonance:
        dmean: 0.0147776603699
        dmean2: 0.0249472819269
        dvar: 0.000296660786262
        dvar2: 0.000804338022135
        max: 0.500000059605
        mean: 0.474523305893
        median: 0.482323467731
        min: 0.114879742265
        var: 0.000714749039616
    hfc:
        dmean: 2.08206677437
        dmean2: 3.3934571743
        dvar: 9.15326690674
        dvar2: 24.4919986725
        max: 37.8985061646
        mean: 8.35322570801
        median: 8.32008934021
        min: 1.08020583134e-016
        var: 35.1689300537
    pitch:
        dmean: 850.581665039
        dmean2: 1624.05700684
        dvar: 1619824.625
        dvar2: 4111016
        max: 5104.50830078
        mean: 1140.0769043
        median: 280.449645996
        min: 57.9000473022
        var: 2054015.375
    pitch_instantaneous_confidence:
        dmean: 0.0762106627226
        dmean2: 0.125481456518
        dvar: 0.00442244997248
        dvar2: 0.0110340807587
        max: 0.905684411526
        mean: 0.346257686615
        median: 0.317301690578
        min: 0.0956554412842
        var: 0.0180483795702
    pitch_salience:
        dmean: 0.0539248101413
        dmean2: 0.0902290195227
        dvar: 0.00223834742792
        dvar2: 0.00615699356422
        max: 0.998895704746
        mean: 0.685687661171
        median: 0.701141536236
        min: 0.194355025887
        var: 0.00638111820444
    silence_rate_20dB:
        dmean: 0
        dmean2: 0
        dvar: 0
        dvar2: 0
        max: 1
        mean: 1
        median: 1
        min: 1
        var: 0
    silence_rate_30dB:
        dmean: 0
        dmean2: 0
        dvar: 0
        dvar2: 0
        max: 1
        mean: 1
        median: 1
        min: 1
        var: 0
    silence_rate_60dB:
        dmean: 0.0586394928396
        dmean2: 0.117289468646
        dvar: 0.0552034266293
        dvar2: 0.118553124368
        max: 1
        mean: 0.358866631985
        median: 0
        min: 0
        var: 0.230092480779
    spectral_centroid:
        dmean: 235.009094238
        dmean2: 370.715667725
        dvar: 61780.15625
        dvar2: 138374.84375
        max: 11699.5986328
        mean: 1725.51989746
        median: 1765.01049805
        min: 126.537696838
        var: 600054.0625
    spectral_complexity:
        dmean: 3.5661034584
        dmean2: 5.78204917908
        dvar: 14.1520261765
        dvar2: 34.4465332031
        max: 48
        mean: 17.648015976
        median: 19
        min: 0
        var: 117.071479797
    spectral_crest:
        dmean: 1.85269069672
        dmean2: 3.12415242195
        dvar: 3.36293721199
        dvar2: 9.11890602112
        max: 23.6251583099
        mean: 6.36306762695
        median: 5.53622961044
        min: 2.41513895988
        var: 8.59125614166
    spectral_decrease:
        dmean: 2.75997530386e-010
        dmean2: 4.55496557139e-010
        dvar: 2.07963170937e-019
        dvar2: 5.54188624835e-019
        max: 1.38002943499e-028
        mean: -1.04036101956e-009
        median: -9.90871829032e-010
        min: -5.39565236934e-009
        var: 4.94234832531e-019
    spectral_energy:
        dmean: 0.00120005127974
        dmean2: 0.00197771657258
        dvar: 3.8606799535e-006
        dvar2: 1.03043712443e-005
        max: 0.0234338063747
        mean: 0.0046842219308
        median: 0.0045087649487
        min: 1.00659584508e-020
        var: 9.88823012449e-006
    spectral_energyband_high:
        dmean: 0.000156020381837
        dmean2: 0.000263606285444
        dvar: 5.7618080973e-008
        dvar2: 1.57159590231e-007
        max: 0.00296763796359
        mean: 0.000394323375076
        median: 0.000349060748704
        min: 7.00611235178e-021
        var: 1.29755306943e-007
    spectral_energyband_low:
        dmean: 0.000184132863069
        dmean2: 0.000310535891913
        dvar: 7.03621054754e-008
        dvar2: 1.9244765781e-007
        max: 0.00310133956373
        mean: 0.000300915271509
        median: 0.000226698553888
        min: 2.28734479318e-023
        var: 8.97916550002e-008
    spectral_energyband_middle_high:
        dmean: 0.000642805243842
        dmean2: 0.00103834155016
        dvar: 5.93910954194e-007
        dvar2: 1.52566008182e-006
        max: 0.010182893835
        mean: 0.00250110053457
        median: 0.00219682045281
        min: 1.19350257534e-021
        var: 3.48704452335e-006
    spectral_energyband_middle_low:
        dmean: 0.000732105458155
        dmean2: 0.00121372751892
        dvar: 1.71456099451e-006
        dvar2: 4.54017390439e-006
        max: 0.0162514541298
        mean: 0.00163509009872
        median: 0.00135929207318
        min: 2.11913787562e-022
        var: 2.35227753365e-006
    spectral_flatness_db:
        dmean: 0.016459710896
        dmean2: 0.0270450953394
        dvar: 0.00025795592228
        dvar2: 0.00064931216184
        max: 0.522286176682
        mean: 0.182700037956
        median: 0.168744415045
        min: 0.0592641122639
        var: 0.00321899377741
    spectral_flux:
        dmean: 0.00739872269332
        dmean2: 0.0115581573918
        dvar: 9.02815445443e-005
        dvar2: 0.000187729179743
        max: 0.141684368253
        mean: 0.0416045896709
        median: 0.0425432696939
        min: 6.44680073214e-011
        var: 0.000344688800396
    spectral_kurtosis:
        dmean: 3.25159144402
        dmean2: 5.6351275444
        dvar: 75.1057891846
        dvar2: 208.123214722
        max: 359.418884277
        mean: 5.60397529602
        median: 2.16240215302
        min: -1.25861930847
        var: 281.856414795
    spectral_rms:
        dmean: 0.000260726112174
        dmean2: 0.000417935370933
        dvar: 1.21538064946e-007
        dvar2: 3.0724496014e-007
        max: 0.00478144874796
        mean: 0.00198432151228
        median: 0.00209733052179
        min: 3.13375931107e-012
        var: 6.32413957646e-007
    spectral_rolloff:
        dmean: 326.209472656
        dmean2: 534.848937988
        dvar: 201079.75
        dvar2: 433252
        max: 19767.4804688
        mean: 3195.0625
        median: 3316.11328125
        min: 86.1328125
        var: 1709603.125
    spectral_skewness:
        dmean: 0.304482787848
        dmean2: 0.519281804562
        dvar: 0.264767706394
        dvar2: 0.798040390015
        max: 14.4360322952
        mean: 1.12457311153
        median: 0.925834536552
        min: -0.242668226361
        var: 0.890443861485
    spectral_spread:
        dmean: 262556.34375
        dmean2: 407895.25
        dvar: 244550434816
        dvar2: 489660776448
        max: 42314760
        mean: 3283586.25
        median: 3107415.5
        min: 193431.09375
        var: 5.42157098189e+012
    spectral_strongpeak:
        dmean: 0.418322741985
        dmean2: 0.727283120155
        dvar: 0.368718087673
        dvar2: 1.00468993187
        max: 6.3009428978
        mean: 0.5984993577
        median: 0.337480515242
        min: 1.57848387139e-010
        var: 0.492717981339
    zerocrossingrate:
        dmean: 0.00716870371252
        dmean2: 0.00872458983213
        dvar: 5.54023754376e-005
        dvar2: 6.87828214723e-005
        max: 0.52197265625
        mean: 0.0964298322797
        median: 0.09912109375
        min: 0.0078125
        var: 0.00124443508685
    barkbands:
        dmean: [1.15730017569e-007, 3.74771261704e-005, 0.000113327783765, 0.000119334210467, 0.000322998559568, 0.000237048196141, 0.000146029604366, 0.000169818333234, 0.000139950556331, 9.59524404607e-005, 7.81328853918e-005, 0.000111793749966, 7.33236083761e-005, 8.50550641189e-005, 9.54063871177e-005, 0.000132198460051, 0.000179852009751, 0.000194319000002, 0.000188257195987, 0.000158078182722, 6.82307654642e-005, 1.4804573766e-005, 3.16882869811e-006, 7.05583147464e-007, 2.19009503866e-008, 2.66812322236e-010, 1.93970964291e-010]
        dmean2: [1.88177011751e-007, 6.56273114146e-005, 0.0001914416207, 0.000197554152692, 0.00054996117251, 0.000407909305068, 0.000237890650169, 0.000278243853245, 0.00023099045211, 0.000160483599757, 0.00012781888654, 0.000183494339581, 0.00011844101391, 0.000139227122418, 0.000155581481522, 0.000221233494813, 0.000297079619486, 0.00032070663292, 0.000311487558065, 0.000267722090939, 0.000115360198834, 2.45990195253e-005, 5.20294997841e-006, 1.13241469535e-006, 3.48452999788e-008, 4.58683230287e-010, 3.61259522297e-010]
        dvar: [5.50983480303e-014, 6.54955334412e-009, 2.77071023902e-008, 2.48277611803e-008, 7.49652713239e-007, 2.28639692068e-007, 9.86612533893e-008, 1.12347443348e-007, 7.03085092368e-008, 3.76517483858e-008, 2.11981312503e-008, 5.61521886766e-008, 2.1474265921e-008, 2.16151256893e-008, 2.90815709292e-008, 3.58739704609e-008, 6.62708998789e-008, 8.44450127602e-008, 7.1772717547e-008, 4.78354174049e-008, 1.49499310709e-008, 6.67148336575e-010, 3.09944812871e-011, 3.12010313419e-012, 3.37665661016e-015, 1.81193615912e-019, 9.09481076846e-020]
        dvar2: [1.34080626376e-013, 1.8907599042e-008, 7.6054369913e-008, 6.44905426839e-008, 2.00628574021e-006, 6.49298044664e-007, 2.4916420216e-007, 2.91915625894e-007, 1.83457117942e-007, 9.97582745299e-008, 5.42313749463e-008, 1.48221417362e-007, 4.92839831168e-008, 5.26965422409e-008, 7.52733058107e-008, 9.47968317178e-008, 1.7074835057e-007, 2.16016132981e-007, 1.8405980029e-007, 1.31110340362e-007, 4.03782252079e-008, 1.6879231346e-009, 7.75006517295e-011, 7.49775155157e-012, 7.96598572696e-015, 4.89237575957e-019, 2.91697022909e-019]
        max: [3.99777991333e-006, 0.000926008448005, 0.00192135327961, 0.00226969504729, 0.0130552398041, 0.00601768353954, 0.00924372673035, 0.00961969140917, 0.0050346115604, 0.00497530307621, 0.00334536354057, 0.00373143306933, 0.00364343216643, 0.00335451308638, 0.00406009284779, 0.00441851885989, 0.00588853424415, 0.00486944941804, 0.00347754452378, 0.00299905496649, 0.00261187460274, 0.0004603411071, 0.000137837560032, 6.11149589531e-005, 1.69811937667e-006, 8.74591155053e-009, 3.56613649721e-009]
        mean: [1.70358063656e-007, 4.40551193606e-005, 0.000155697212904, 0.000168030470377, 0.000385559193091, 0.000334673502948, 0.000209323348827, 0.000246814510319, 0.000228021628573, 0.000145207770402, 0.000126955274027, 0.000188258127309, 0.000107725078124, 0.000143290235428, 0.000176109460881, 0.000263597408775, 0.000379577861167, 0.000404671503929, 0.000404418853577, 0.000393168913433, 0.000138293966302, 3.20844374073e-005, 6.91263448971e-006, 1.56888245328e-006, 3.5591746439e-008, 4.18269863189e-010, 1.51033963114e-010]
        median: [7.13003842634e-008, 2.58640757238e-005, 0.000101170015114, 0.000105535975308, 0.000183314405149, 0.000194168678718, 0.000104400685814, 9.20425954973e-005, 0.000109167063783, 6.32062728982e-005, 5.62017885386e-005, 5.79355037189e-005, 4.62220996269e-005, 8.2323764218e-005, 9.30153182708e-005, 0.000184554606676, 0.000285474350676, 0.000290264142677, 0.000310869392706, 0.000352894683601, 0.000103633501567, 1.9742632503e-005, 4.19926527684e-006, 8.29648229228e-007, 1.44462823926e-008, 2.42594222488e-010, 4.81920892081e-011]
        min: [3.57835071958e-025, 3.31205025994e-024, 6.3037884797e-025, 1.7360899759e-024, 1.38625059593e-023, 5.40684160033e-024, 9.32733120457e-024, 6.78732609636e-024, 1.61120958696e-023, 2.80708769385e-023, 9.16101092676e-024, 2.8146405637e-023, 3.8729454308e-023, 4.31465610399e-023, 4.81828005201e-023, 5.66721397734e-023, 6.34714076462e-023, 9.26624796918e-023, 1.26935179119e-022, 1.97052569497e-022, 2.6479682646e-022, 3.47099404142e-022, 4.67789367112e-022, 6.39003536033e-022, 8.23435025244e-022, 1.32063494444e-021, 1.92960274666e-021]
        var: [7.46673027769e-014, 4.89111506852e-009, 3.32515028845e-008, 3.89478422846e-008, 6.15894236944e-007, 2.36121763919e-007, 1.4027313e-007, 1.96250411477e-007, 1.3710213409e-007, 6.20917788297e-008, 4.13759480011e-008, 1.25523669681e-007, 3.93197865378e-008, 4.23390353887e-008, 6.74225404396e-008, 8.53667501133e-008, 1.76326608425e-007, 2.08057088003e-007, 1.66831753745e-007, 1.33023974058e-007, 2.35663151216e-008, 1.68797809064e-009, 8.02537758471e-011, 8.68217824024e-012, 7.21817167805e-015, 3.9498959924e-019, 7.05928988697e-020]
    frequency_bands:
        dmean: [1.15730017569e-007, 3.74771261704e-005, 0.000113327783765, 0.000119334210467, 0.000322998559568, 0.000237048196141, 0.000146029604366, 0.000169818333234, 0.000139950556331, 9.59524404607e-005, 7.81328853918e-005, 0.000111793749966, 7.33236083761e-005, 8.50550641189e-005, 9.54063871177e-005, 0.000132198460051, 0.000179852009751, 0.000194319000002, 0.000188257195987, 0.000158078182722, 6.82307654642e-005, 1.4804573766e-005, 3.16882869811e-006, 7.05583147464e-007, 2.19009503866e-008, 2.66812322236e-010, 1.93970964291e-010, 5.51842530006e-011]
        dmean2: [1.88177011751e-007, 6.56273114146e-005, 0.0001914416207, 0.000197554152692, 0.00054996117251, 0.000407909305068, 0.000237890650169, 0.000278243853245, 0.00023099045211, 0.000160483599757, 0.00012781888654, 0.000183494339581, 0.00011844101391, 0.000139227122418, 0.000155581481522, 0.000221233494813, 0.000297079619486, 0.00032070663292, 0.000311487558065, 0.000267722090939, 0.000115360198834, 2.45990195253e-005, 5.20294997841e-006, 1.13241469535e-006, 3.48452999788e-008, 4.58683230287e-010, 3.61259522297e-010, 1.02778764666e-010]
        dvar: [5.50983480303e-014, 6.54955334412e-009, 2.77071023902e-008, 2.48277611803e-008, 7.49652713239e-007, 2.28639692068e-007, 9.86612533893e-008, 1.12347443348e-007, 7.03085092368e-008, 3.76517483858e-008, 2.11981312503e-008, 5.61521886766e-008, 2.1474265921e-008, 2.16151256893e-008, 2.90815709292e-008, 3.58739704609e-008, 6.62708998789e-008, 8.44450127602e-008, 7.1772717547e-008, 4.78354174049e-008, 1.49499310709e-008, 6.67148336575e-010, 3.09944812871e-011, 3.12010313419e-012, 3.37665661016e-015, 1.81193615912e-019, 9.09481076846e-020, 7.36025955285e-021]
        dvar2: [1.34080626376e-013, 1.8907599042e-008, 7.6054369913e-008, 6.44905426839e-008, 2.00628574021e-006, 6.49298044664e-007, 2.4916420216e-007, 2.91915625894e-007, 1.83457117942e-007, 9.97582745299e-008, 5.42313749463e-008, 1.48221417362e-007, 4.92839831168e-008, 5.26965422409e-008, 7.52733058107e-008, 9.47968317178e-008, 1.7074835057e-007, 2.16016132981e-007, 1.8405980029e-007, 1.31110340362e-007, 4.03782252079e-008, 1.6879231346e-009, 7.75006517295e-011, 7.49775155157e-012, 7.96598572696e-015, 4.89237575957e-019, 2.91697022909e-019, 2.36054631668e-020]
        max: [3.99777991333e-006, 0.000926008448005, 0.00192135327961, 0.00226969504729, 0.0130552398041, 0.00601768353954, 0.00924372673035, 0.00961969140917, 0.0050346115604, 0.00497530307621, 0.00334536354057, 0.00373143306933, 0.00364343216643, 0.00335451308638, 0.00406009284779, 0.00441851885989, 0.00588853424415, 0.00486944941804, 0.00347754452378, 0.00299905496649, 0.00261187460274, 0.0004603411071, 0.000137837560032, 6.11149589531e-005, 1.69811937667e-006, 8.74591155053e-009, 3.56613649721e-009, 1.01666142172e-009]
        mean: [1.70358063656e-007, 4.40551193606e-005, 0.000155697212904, 0.000168030470377, 0.000385559193091, 0.000334673502948, 0.000209323348827, 0.000246814510319, 0.000228021628573, 0.000145207770402, 0.000126955274027, 0.000188258127309, 0.000107725078124, 0.000143290235428, 0.000176109460881, 0.000263597408775, 0.000379577861167, 0.000404671503929, 0.000404418853577, 0.000393168913433, 0.000138293966302, 3.20844374073e-005, 6.91263448971e-006, 1.56888245328e-006, 3.5591746439e-008, 4.18269863189e-010, 1.51033963114e-010, 4.28451926715e-011]
        median: [7.13003842634e-008, 2.58640757238e-005, 0.000101170015114, 0.000105535975308, 0.000183314405149, 0.000194168678718, 0.000104400685814, 9.20425954973e-005, 0.000109167063783, 6.32062728982e-005, 5.62017885386e-005, 5.79355037189e-005, 4.62220996269e-005, 8.2323764218e-005, 9.30153182708e-005, 0.000184554606676, 0.000285474350676, 0.000290264142677, 0.000310869392706, 0.000352894683601, 0.000103633501567, 1.9742632503e-005, 4.19926527684e-006, 8.29648229228e-007, 1.44462823926e-008, 2.42594222488e-010, 4.81920892081e-011, 1.35631081019e-011]
        min: [3.57835071958e-025, 3.31205025994e-024, 6.3037884797e-025, 1.7360899759e-024, 1.38625059593e-023, 5.40684160033e-024, 9.32733120457e-024, 6.78732609636e-024, 1.61120958696e-023, 2.80708769385e-023, 9.16101092676e-024, 2.8146405637e-023, 3.8729454308e-023, 4.31465610399e-023, 4.81828005201e-023, 5.66721397734e-023, 6.34714076462e-023, 9.26624796918e-023, 1.26935179119e-022, 1.97052569497e-022, 2.6479682646e-022, 3.47099404142e-022, 4.67789367112e-022, 6.39003536033e-022, 8.23435025244e-022, 1.32063494444e-021, 1.92960274666e-021, 5.63547538944e-022]
        var: [7.46673027769e-014, 4.89111506852e-009, 3.32515028845e-008, 3.89478422846e-008, 6.15894236944e-007, 2.36121763919e-007, 1.4027313e-007, 1.96250411477e-007, 1.3710213409e-007, 6.20917788297e-008, 4.13759480011e-008, 1.25523669681e-007, 3.93197865378e-008, 4.23390353887e-008, 6.74225404396e-008, 8.53667501133e-008, 1.76326608425e-007, 2.08057088003e-007, 1.66831753745e-007, 1.33023974058e-007, 2.35663151216e-008, 1.68797809064e-009, 8.02537758471e-011, 8.68217824024e-012, 7.21817167805e-015, 3.9498959924e-019, 7.05928988697e-020, 5.70932175688e-021]
    mfcc:
        mean: [-725.554992676, 117.761520386, -64.7715682983, 52.9204063416, -21.86668396, -3.83802604675, -12.6252679825, -0.182893171906, -8.73207855225, -1.25960981846, -9.28572273254, -0.483378499746, -5.24763154984]
        cov: [[7374.47949219, 333.29473877, -947.92401123, 1688.42980957, -648.16784668, 560.338134766, 45.159324646, 71.5560836792, -132.530166626, 162.080856323, -255.587738037, 42.5773582458, -145.864501953], [333.29473877, 790.892211914, -42.0234794617, -81.888343811, 38.1236991882, -69.4859466553, 49.1912841797, -5.90938997269, 42.4984817505, -29.8338890076, 30.4923229218, 4.61663675308, 22.1574649811], [-947.92401123, -42.0234794617, 913.268676758, 169.858688354, 97.7582244873, 178.96206665, 74.2404251099, 8.92704105377, 52.9253540039, 33.6610145569, -9.91831302643, 1.26943576336, -20.5364608765], [1688.42980957, -81.888343811, 169.858688354, 953.427124023, -46.9890899658, 301.920654297, 66.3885803223, -28.0854759216, -5.90994215012, 69.509147644, -80.6750869751, -12.3453607559, -49.8357009888], [-648.16784668, 38.1236991882, 97.7582244873, -46.9890899658, 279.391113281, -32.2686080933, -67.3329620361, -41.9838027954, 5.21908521652, 5.01332998276, 38.3426742554, -0.188165962696, 3.83179092407], [560.338134766, -69.4859466553, 178.96206665, 301.920654297, -32.2686080933, 297.430541992, 90.5046005249, -3.18704247475, 13.5375490189, 40.1000785828, -37.4985618591, -7.5915055275, -24.8998355865], [45.159324646, 49.1912841797, 74.2404251099, 66.3885803223, -67.3329620361, 90.5046005249, 187.688323975, 50.3333435059, 21.4350166321, 9.02674007416, -11.0017700195, 2.49756026268, 9.88616371155], [71.5560836792, -5.90938997269, 8.92704105377, -28.0854759216, -41.9838027954, -3.18704247475, 50.3333435059, 115.897438049, 33.8416137695, 2.1611289978, -7.95271635056, 9.50774478912, 2.21848392487], [-132.530166626, 42.4984817505, 52.9253540039, -5.90994215012, 5.21908521652, 13.5375490189, 21.4350166321, 33.8416137695, 86.2328720093, 23.3491325378, 4.07246732712, -5.92993211746, 5.15417194366], [162.080856323, -29.8338890076, 33.6610145569, 69.509147644, 5.01332998276, 40.1000785828, 9.02674007416, 2.1611289978, 23.3491325378, 91.8569946289, 20.6674690247, 0.547118186951, -3.62656712532], [-255.587738037, 30.4923229218, -9.91831302643, -80.6750869751, 38.3426742554, -37.4985618591, -11.0017700195, -7.95271635056, 4.07246732712, 20.6674690247, 77.5178756714, 18.8620243073, 7.56518793106], [42.5773582458, 4.61663675308, 1.26943576336, -12.3453607559, -0.188165962696, -7.5915055275, 2.49756026268, 9.50774478912, -5.92993211746, 0.547118186951, 18.8620243073, 66.3968200684, 22.3991107941], [-145.864501953, 22.1574649811, -20.5364608765, -49.8357009888, 3.83179092407, -24.8998355865, 9.88616371155, 2.21848392487, 5.15417194366, -3.62656712532, 7.56518793106, 22.3991107941, 64.0288085938]]
        icov: [[0.00222768937238, -0.00236813141964, 0.00278402399272, -0.00311161158606, 0.00341224949807, -0.0029735439457, 0.00354419485666, -0.00341543904506, 0.00395137770101, -0.00428235530853, 0.00394500792027, -0.00354355294257, 0.00278892344795], [-0.00236813141964, 0.00399321177974, -0.00285645062104, 0.00322136515751, -0.00385460001417, 0.00364107196219, -0.00457922276109, 0.00423476053402, -0.00528020458296, 0.00531188026071, -0.00468409713358, 0.00368975196034, -0.00299009121954], [0.00278402399272, -0.00285645062104, 0.00487549649552, -0.00389401102439, 0.00357145350426, -0.00439666071907, 0.00398670416325, -0.00419769948348, 0.00418205186725, -0.00527327647433, 0.00508667994291, -0.00479257013649, 0.00391032593325], [-0.00311161158606, 0.00322136515751, -0.00389401102439, 0.00609813304618, -0.00475772190839, 0.00272847060114, -0.00489086378366, 0.00517885573208, -0.00514455512166, 0.00482056383044, -0.00394703214988, 0.00441367272288, -0.00317494547926], [0.00341224949807, -0.00385460001417, 0.00357145350426, -0.00475772190839, 0.00993516668677, -0.00450162636116, 0.00710296910256, -0.00426390022039, 0.00560639798641, -0.00629661139101, 0.00395110389218, -0.004823487252, 0.00366824632511], [-0.0029735439457, 0.00364107196219, -0.00439666071907, 0.00272847060114, -0.00450162636116, 0.0107143260539, -0.00755750248209, 0.00609988113865, -0.00600684387609, 0.00437454599887, -0.00362233351916, 0.00406384980306, -0.00219135219231], [0.00354419485666, -0.00457922276109, 0.00398670416325, -0.00489086378366, 0.00710296910256, -0.00755750248209, 0.0142064625397, -0.00887746550143, 0.00673380307853, -0.00654162885621, 0.0051409592852, -0.00450562359765, 0.00193690333981], [-0.00341543904506, 0.00423476053402, -0.00419769948348, 0.00517885573208, -0.00426390022039, 0.00609988113865, -0.00887746550143, 0.0177401266992, -0.0111962435767, 0.00668641272932, -0.00397786870599, 0.00223894882947, -0.002211592393], [0.00395137770101, -0.00528020458296, 0.00418205186725, -0.00514455512166, 0.00560639798641, -0.00600684387609, 0.00673380307853, -0.0111962435767, 0.0231473390013, -0.0117089254782, 0.00684001669288, -0.00318855769001, 0.00262358854525], [-0.00428235530853, 0.00531188026071, -0.00527327647433, 0.00482056383044, -0.00629661139101, 0.00437454599887, -0.00654162885621, 0.00668641272932, -0.0117089254782, 0.0231861695647, -0.0137769635767, 0.00766914850101, -0.00547612505034], [0.00394500792027, -0.00468409713358, 0.00508667994291, -0.00394703214988, 0.00395110389218, -0.00362233351916, 0.0051409592852, -0.00397786870599, 0.00684001669288, -0.0137769635767, 0.0265208836645, -0.012111206539, 0.00663882261142], [-0.00354355294257, 0.00368975196034, -0.00479257013649, 0.00441367272288, -0.004823487252, 0.00406384980306, -0.00450562359765, 0.00223894882947, -0.00318855769001, 0.00766914850101, -0.012111206539, 0.0253295246512, -0.0117031428963], [0.00278892344795, -0.00299009121954, 0.00391032593325, -0.00317494547926, 0.00366824632511, -0.00219135219231, 0.00193690333981, -0.002211592393, 0.00262358854525, -0.00547612505034, 0.00663882261142, -0.0117031428963, 0.0232833959162]]
    sccoeffs:
        dmean: [0.0535869076848, 0.0493293814361, 0.0381325148046, 0.0307049248368, 0.0225819647312, 0.0229022596031]
        dmean2: [0.088839598, 0.082154430449, 0.0632451921701, 0.0506505817175, 0.036529764533, 0.0371738597751]
        dvar: [0.00197562179528, 0.00150564673822, 0.000926387379877, 0.000605422945227, 0.000389418681152, 0.000507866381668]
        dvar2: [0.00523733301088, 0.0041312254034, 0.0024370145984, 0.00159558141604, 0.000917525205296, 0.00133518769871]
        max: [-0.302542120218, -0.490820199251, -0.454051464796, -0.573655724525, -0.362794220448, -0.392580449581]
        mean: [-0.662575006485, -0.750876605511, -0.783954024315, -0.78731328249, -0.781586587429, -0.665310382843]
        median: [-0.667034447193, -0.753784060478, -0.792560636997, -0.792121529579, -0.791083693504, -0.655222296715]
        min: [-0.979806125164, -0.997070431709, -0.998762369156, -0.988535940647, -0.989171147346, -0.964483082294]
        var: [0.00544938631356, 0.00427592499182, 0.00392335467041, 0.00237687653862, 0.00311514758505, 0.00411912007257]
    scvalleys:
        dmean: [0.392147243023, 0.365288943052, 0.324072152376, 0.285279124975, 0.228457376361, 0.287383466959]
        dmean2: [0.654266297817, 0.596808373928, 0.513678371906, 0.437509298325, 0.341313272715, 0.428716301918]
        dvar: [0.11468487978, 0.10895858705, 0.0958646982908, 0.087044082582, 0.0836661234498, 0.120326064527]
        dvar2: [0.28477075696, 0.264264404774, 0.20196788013, 0.169642448425, 0.152997940779, 0.29852232337]
        max: [-5.47226238251, -4.74785757065, -5.0475025177, -5.5355629921, -5.49216127396, -8.88071632385]
        mean: [-7.32608604431, -6.58518075943, -7.01800489426, -7.21486186981, -7.22965860367, -11.3315734863]
        median: [-6.88595962524, -6.30350875854, -6.71988391876, -6.8445482254, -6.56436443329, -10.8937005997]
        min: [-28.1102981567, -27.8639030457, -27.6983108521, -27.657087326, -27.4845905304, -27.3755569458]
        var: [3.09349489212, 2.4474401474, 2.53118491173, 2.51105999947, 3.38977789879, 2.91068267822]

rhythm:
    beats_loudness:
        dmean: 0.00230824272148
        dmean2: 0.00431836908683
        dvar: 3.26823806063e-006
        dvar2: 1.07477198981e-005
        max: 0.013927214779
        mean: 0.00552839320153
        median: 0.0059431893751
        min: 2.30480114161e-011
        var: 8.36242270452e-006
    bpm: 125.092552185
    bpm_confidence: 0
    first_peak_bpm: 126
    first_peak_spread: 0.383157908916
    first_peak_weight: 0.55075186491
    onset_rate: 2.45224833488
    second_peak_bpm: 96
    second_peak_spread: 0.526315748692
    second_peak_weight: 0.0169172938913
    beats_loudness_band_ratio:
        dmean: [0.0861612558365, 0.183340236545, 0.0992036834359, 0.0891475379467, 0.107191137969, 0.0618761889637]
        dmean2: [0.157202124596, 0.346971780062, 0.180058792233, 0.157176703215, 0.183211639524, 0.105395369232]
        dvar: [0.0101674674079, 0.0124672027305, 0.012396321632, 0.00783819053322, 0.0121482620016, 0.0037345031742]
        dvar2: [0.0271391477436, 0.0448495596647, 0.0340380743146, 0.0208811927587, 0.0285784825683, 0.0100748343393]
        max: [0.901478052139, 0.644813477993, 0.894187808037, 0.588906288147, 0.894490659237, 0.720983624458]
        mean: [0.103528156877, 0.19837230444, 0.15069898963, 0.124181494117, 0.277355372906, 0.176879987121]
        median: [0.062470830977, 0.171142607927, 0.114650346339, 0.0879692360759, 0.242761716247, 0.174496725202]
        min: [0, 0, 0, 0, 0, 0]
        var: [0.0149285485968, 0.0199945513159, 0.0153411217034, 0.00985448807478, 0.0229177270085, 0.00926488824189]
    beats_position: [0.487619042397, 0.986848056316, 1.49768710136, 1.99691605568, 2.49614500999, 2.9837641716, 3.47138309479, 3.97061228752, 4.46984100342, 4.95746040344, 5.4334692955, 5.90947818756, 6.38548755646, 6.86149644852, 7.33750534058, 7.80190467834, 8.26630401611, 8.74231243134, 9.22993183136, 9.71755123138, 10.1935596466, 10.6695690155, 11.1455783844, 11.6099767685, 12.0743761063, 12.5271654129, 12.9915647507, 13.4907932281, 13.9784126282, 14.4544210434, 14.9304304123, 15.4064397812, 15.8824491501, 16.3700675964, 16.8576869965, 17.3336963654, 17.8097057343, 18.2973232269, 18.784942627, 19.2609519958, 19.7369613647, 20.2129707336, 20.6889801025, 21.1765975952, 21.6642169952, 22.1402263641, 22.616235733, 23.0922451019, 23.5682544708, 24.0442619324, 24.5318813324, 25.0078907013, 25.4955101013, 25.9715194702, 26.4475269318, 26.9351463318, 27.4227657318, 27.8871650696, 28.3747844696, 28.8624038696, 29.3384113312, 29.8144207001, 30.3020401001, 30.778049469, 31.2540588379, 31.7416782379, 32.2176856995, 32.6936950684, 33.1813163757, 33.6573219299, 34.1333312988, 34.6209526062, 35.0969619751, 35.572971344, 36.0605888367, 36.5365982056, 37.0126075745, 37.4886169434, 37.9646263123, 38.4406356812, 38.91664505, 39.4042625427, 39.8918800354, 40.3795013428, 40.8555107117, 41.3315200806, 41.8191375732, 42.2951469421, 42.771156311, 43.2587738037, 43.7347831726, 44.2107925415, 44.6984100342, 45.1744194031, 45.650428772, 46.1380500793, 46.6140594482, 47.0900688171, 47.5776863098, 48.0536956787, 48.5297050476, 49.0173225403, 49.4933319092, 49.9693412781, 50.4569587708, 50.9329681396, 51.4089775085, 51.8965988159, 52.3842163086, 52.8602256775, 53.3362350464, 53.8122444153, 54.2882537842, 54.7758712769, 55.2518806458, 55.7278900146, 56.2155075073, 56.6915168762, 57.1675262451, 57.6551475525, 58.1427650452, 58.6187744141, 59.094783783, 59.5707931519, 60.0468025208, 60.5344200134, 61.0104293823, 61.4864387512, 61.9740562439, 62.4500656128, 62.9260749817, 63.4136962891, 63.9013137817, 64.3773193359, 64.8533325195, 65.3409500122, 65.8285675049, 66.3045806885, 66.7805862427, 67.2682037354, 67.7442169189, 68.2202224731, 68.6962356567, 69.1838531494, 69.659866333, 70.1358718872, 70.6118774414, 71.0995025635, 71.5871200562, 72.0631256104, 72.5391387939, 73.0151443481, 73.4911575317, 73.9787750244, 74.4547805786, 74.9307937622, 75.4184112549, 75.8944168091, 76.3704299927, 76.8580474854, 77.345664978, 77.8100662231, 78.2976837158, 78.7736968994, 79.2497024536, 79.7373199463, 80.2133331299, 80.6893386841, 81.1769561768, 81.6529693604, 82.1289749146, 82.6166000366, 83.0926055908, 83.5686187744, 84.0562362671, 84.5438537598, 85.019859314, 85.4958724976, 85.9834899902, 86.4595031738, 86.935508728, 87.4115142822, 87.8875274658, 88.3751449585, 88.8627624512, 89.3387756348, 89.814781189, 90.3023986816, 90.7784118652, 91.2544174194, 91.730430603, 92.2064361572, 92.6940536499, 93.181678772, 93.6576843262, 94.1336975098, 94.6213150024, 95.0973205566, 95.5733337402, 96.0493392944, 96.525352478, 97.0129699707, 97.5005874634, 97.9882049561, 98.4526062012, 98.9402236938, 99.4162368774, 99.8922424316, 100.379859924, 100.855873108, 101.331878662, 101.819496155, 102.295509338, 102.771514893, 103.259140015, 103.735145569, 104.211151123, 104.698776245, 105.186393738, 105.662399292, 106.138412476, 106.61441803, 107.090431213, 107.578048706, 108.05405426, 108.530067444, 109.017684937, 109.493690491, 109.969703674, 110.457321167, 110.94493866, 111.420951843, 111.896957397, 112.38457489, 112.860588074, 113.336593628, 113.812606812, 114.288612366, 114.776237488, 115.26385498, 115.739860535, 116.215873718, 116.703491211, 117.191108704, 117.667114258, 118.143127441, 118.619132996, 119.095146179, 119.582763672, 120.058776855, 120.53478241, 121.022399902, 121.510017395, 121.986030579, 122.462036133, 122.938049316, 123.414054871, 123.890068054, 124.366073608, 124.853691101, 125.341316223, 125.817321777, 126.293327332, 126.780952454, 127.256958008, 127.732971191, 128.220581055, 128.708206177, 129.18421936, 129.660217285, 130.147842407, 130.635467529, 131.099868774, 131.575866699, 132.051879883, 132.539505005, 133.027114868, 133.503128052, 133.979141235, 134.466751099, 134.942764282, 135.418777466, 135.894775391, 136.370788574, 136.858413696, 137.334411621, 137.810424805, 138.298049927, 138.77406311, 139.261672974, 139.737686157, 140.225296021, 140.701309204, 141.177322388, 141.66494751, 142.152557373, 142.616958618, 143.092971802, 143.568969727, 144.056594849, 144.532608032, 145.008621216, 145.496231079, 145.983856201, 146.459854126, 146.93586731, 147.423492432, 147.911102295, 148.37550354, 148.863128662, 149.339141846, 149.815139771, 150.302764893, 150.778778076, 151.254776001, 151.742401123, 152.230026245, 152.70602417, 153.182037354, 153.658050537, 154.134063721, 154.621673584, 155.097686768, 155.585296631, 156.061309814, 156.537322998, 157.013336182, 157.500946045, 157.988571167, 158.464584351, 158.940582275, 159.428207397, 159.904220581, 160.380218506, 160.867843628, 161.343856812, 161.819854736, 162.29586792, 162.771881104, 163.259490967, 163.747116089, 164.223129272, 164.699142456, 165.175140381, 165.651153564, 166.138778687, 166.62638855, 167.102401733, 167.578414917, 168.054412842, 168.530426025, 169.006439209, 169.482452393, 169.970062256, 170.457687378, 170.945297241, 171.432922363, 171.908935547, 172.384933472, 172.860946655, 173.336959839, 173.812973022, 174.288970947, 174.764984131, 175.252609253, 175.740219116, 176.2162323, 176.692245483, 177.168243408, 177.65586853, 178.143493652, 178.619491577, 179.107116699, 179.583129883, 180.070739746, 180.54675293, 181.034378052, 181.510375977, 181.98638916, 182.462402344, 182.950012207, 183.426025391, 183.902038574, 184.389663696, 184.854049683, 185.341674805, 185.817687988, 186.305297852, 186.781311035, 187.257324219, 187.733337402, 188.220947266, 188.708572388, 189.184570313, 189.660583496, 190.13659668, 190.612609863, 191.088607788, 191.57623291, 192.063858032, 192.539855957, 193.015869141, 193.491882324, 193.979492188, 194.46711731, 194.943130493, 195.419128418, 195.895141602, 196.371154785, 196.858764648, 197.346389771, 197.822402954, 198.298416138, 198.786026001, 199.273651123, 199.749649048, 200.225662231, 200.701675415, 201.177688599, 201.665298462, 202.141311646, 202.617324829, 203.104934692, 203.580947876, 204.05696106, 204.532974243, 205.008972168, 205.49659729, 205.984207153, 206.471832275, 206.947845459, 207.435455322, 207.911468506, 208.387481689, 208.863494873, 209.351104736, 209.82711792, 210.314727783, 210.790740967, 211.26675415, 211.742767334, 212.230377197, 212.706390381, 213.182403564, 213.658401489, 214.134414673, 214.622039795, 215.109649658, 215.585662842, 216.061676025, 216.549285889, 217.025299072, 217.512924194, 217.988937378, 218.464935303, 218.940948486, 219.428573608, 219.904571533, 220.392196655, 220.868209839, 221.344207764, 221.820220947, 222.307846069, 222.783843994, 223.271469116, 223.7474823, 224.235092163, 224.711105347, 225.198730469, 225.674728394, 226.150741577, 226.626754761, 227.102767944, 227.578765869, 228.07800293, 228.577224731, 229.134506226, 229.703399658, 230.260681152, 230.817947388, 231.375228882, 231.944122314, 232.501403809, 233.058685303, 233.67401123, 234.289337158, 234.904663086, 235.531600952, 236.14692688, 236.773880005, 237.400817871, 238.016143799, 238.631469727, 239.246795654, 239.885345459, 240.523895264, 241.15083313, 241.777770996, 242.404708862, 243.043258667, 243.670196533, 244.297134399, 244.924072266, 245.469741821, 246.015411377, 246.561080933, 247.083526611, 247.605987549, 248.116821289, 248.581222534, 249.045623779, 249.521621704, 249.997634888, 250.473648071, 250.961257935, 251.437271118, 251.913284302, 252.389297485, 252.842086792, 253.294876099, 253.736053467, 254.154006958, 254.583572388, 255.024749756, 255.465942383, 255.907119751, 256.348297119, 256.777862549, 257.207427979, 257.648620605, 258.101409912, 258.554199219, 259.018585205]
