
metadata:
    version:
        essentia: "2.1-beta2"
    audio_properties:
        analysis_sample_rate: 44100
        bitrate: 257
        channels: 2
        equal_loudness: 1
        length: 226.063674927
        replay_gain: -15.6630191803
        downmix: "mix"
    tags:
        album: "Rosenrot"
        artist: "Rammstein"
        comment: "Back to rule you all"
        date: "2005"
        genre: "Industrial"
        title: "Benzin"
        tracknumber: "1"

configuration:
    average_loudness:
        compute: 1
        frameSize: 88200
        hopSize: 44100
        silentFrames: "noise"
        windowType: "hann"
    general:
        analysisSampleRate: 44100
        endTime: 2000
        equalLoudness: 1
        nequalLoudness: 0
        shortSound: 0
        startTime: 0
    lowlevel:
        compute: 1
        frameSize: 2048
        hopSize: 1024
        zeroPadding: 0
        silentFrames: "noise"
        windowType: "blackmanharris62"
        mfccStats: ["mean", "cov", "icov"]
        stats: ["mean", "var", "median", "min", "max", "dmean", "dmean2", "dvar", "dvar2"]
    panning:
        compute: 0
        frameSize: 8192
        hopSize: 2048
        zeroPadding: 8192
        silentFrames: "noise"
        windowType: "hann"
        stats: ["copy"]
    rhythm:
        compute: 1
        maxTempo: 208
        minTempo: 40
        method: "degara"
        stats: ["mean", "var", "median", "min", "max", "dmean", "dmean2", "dvar", "dvar2"]
    segmentation:
        compute: 0
        cpw: 5
        inc1: 300
        inc2: 50
        minimumSegmentsLength: 10
        size1: 1000
        size2: 600
    sfx:
        compute: 1
        stats: ["mean", "var", "median", "min", "max", "dmean", "dmean2", "dvar", "dvar2"]
    svm:
        compute: 0
    tonal:
        compute: 1
        frameSize: 4096
        hopSize: 2048
        zeroPadding: 0
        silentFrames: "noise"
        windowType: "blackmanharris62"
        stats: ["mean", "var", "median", "min", "max", "dmean", "dmean2", "dvar", "dvar2"]

lowlevel:
    average_loudness: 0.894434452057
    barkbands_kurtosis:
        dmean: 1.07058560848
        dmean2: 1.74561500549
        dvar: 4.75549888611
        dvar2: 11.2304830551
        max: 38.3181152344
        mean: -0.0584656819701
        median: -1.23349797726
        min: -1.91104769707
        var: 10.9556179047
    barkbands_skewness:
        dmean: 0.447758823633
        dmean2: 0.702629387379
        dvar: 0.213456138968
        dvar2: 0.492085695267
        max: 5.46241378784
        mean: 0.125207364559
        median: -0.0109072988853
        min: -4.98723363876
        var: 1.11255848408
    barkbands_spread:
        dmean: 5.63694381714
        dmean2: 9.0742521286
        dvar: 32.5088806152
        dvar2: 80.7511520386
        max: 74.0452041626
        mean: 33.5404434204
        median: 35.8072853088
        min: 0.863947153091
        var: 128.056594849
    dissonance:
        dmean: 0.0112550044432
        dmean2: 0.0190938860178
        dvar: 0.000219388268306
        dvar2: 0.000583205372095
        max: 0.500000059605
        mean: 0.480597943068
        median: 0.48649173975
        min: 0.170920610428
        var: 0.000549598655198
    hfc:
        dmean: 2.75724887848
        dmean2: 4.71840238571
        dvar: 16.919260025
        dvar2: 45.3543319702
        max: 65.6603775024
        mean: 8.77491569519
        median: 8.03029632568
        min: 1.24205073267e-016
        var: 42.2030639648
    pitch:
        dmean: 968.997009277
        dmean2: 1835.44360352
        dvar: 1771829.625
        dvar2: 4418319
        max: 5560.41113281
        mean: 1552.00280762
        median: 515.131469727
        min: 63.3534927368
        var: 2277955.25
    pitch_instantaneous_confidence:
        dmean: 0.0788469463587
        dmean2: 0.129967540503
        dvar: 0.00523506989703
        dvar2: 0.0128883980215
        max: 0.8916695714
        mean: 0.338900446892
        median: 0.298534929752
        min: 0.0689462423325
        var: 0.0204341113567
    pitch_salience:
        dmean: 0.0533300712705
        dmean2: 0.0894467681646
        dvar: 0.00219951337203
        dvar2: 0.00602282304317
        max: 0.887339115143
        mean: 0.693021059036
        median: 0.706412136555
        min: 0.20329849422
        var: 0.00562817417085
    silence_rate_20dB:
        dmean: 0
        dmean2: 0
        dvar: 0
        dvar2: 0
        max: 1
        mean: 1
        median: 1
        min: 1
        var: 0
    silence_rate_30dB:
        dmean: 0
        dmean2: 0
        dvar: 0
        dvar2: 0
        max: 1
        mean: 1
        median: 1
        min: 1
        var: 0
    silence_rate_60dB:
        dmean: 0.0745686143637
        dmean2: 0.149152547121
        dvar: 0.0690043121576
        dvar2: 0.156269446015
        max: 1
        mean: 0.261374145746
        median: 0
        min: 0
        var: 0.193072840571
    spectral_centroid:
        dmean: 270.446166992
        dmean2: 434.360595703
        dvar: 80087.6875
        dvar2: 180051.71875
        max: 11151.0742188
        mean: 1654.4083252
        median: 1733.56860352
        min: 198.735946655
        var: 405483.4375
    spectral_complexity:
        dmean: 4.27958106995
        dmean2: 7.1034412384
        dvar: 21.7279281616
        dvar2: 54.6898574829
        max: 52
        mean: 17.2334403992
        median: 18
        min: 0
        var: 101.282585144
    spectral_crest:
        dmean: 2.01762104034
        dmean2: 3.37564325333
        dvar: 3.61098384857
        dvar2: 9.7446308136
        max: 22.0881786346
        mean: 6.86434173584
        median: 6.22569656372
        min: 2.33862733841
        var: 8.20008850098
    spectral_decrease:
        dmean: 2.87872531368e-010
        dmean2: 4.73556582836e-010
        dvar: 1.34217860904e-019
        dvar2: 3.4850264335e-019
        max: 1.42643203876e-029
        mean: -1.07485109702e-009
        median: -1.05900754832e-009
        min: -4.10096268055e-009
        var: 3.94738058785e-019
    spectral_energy:
        dmean: 0.00130288104992
        dmean2: 0.00215520034544
        dvar: 2.92802633339e-006
        dvar2: 7.65869117458e-006
        max: 0.0207259096205
        mean: 0.00485263206065
        median: 0.00474631926045
        min: 1.1211925101e-020
        var: 8.46448801894e-006
    spectral_energyband_high:
        dmean: 0.000205444521271
        dmean2: 0.00035819070763
        dvar: 1.07609785971e-007
        dvar2: 2.9157919812e-007
        max: 0.00725308153778
        mean: 0.000477701076306
        median: 0.000425460253609
        min: 7.93681090214e-021
        var: 2.03657066322e-007
    spectral_energyband_low:
        dmean: 0.000232104823226
        dmean2: 0.000393666647142
        dvar: 9.3810456292e-008
        dvar2: 2.53751238688e-007
        max: 0.00332237221301
        mean: 0.000385711813578
        median: 0.000283289817162
        min: 6.45858346024e-023
        var: 1.40936450066e-007
    spectral_energyband_middle_high:
        dmean: 0.000748260179535
        dmean2: 0.00125167472288
        dvar: 1.02336082364e-006
        dvar2: 2.6251309464e-006
        max: 0.0120413322002
        mean: 0.00237575126812
        median: 0.00198093103245
        min: 1.60680035937e-021
        var: 3.67050483874e-006
    spectral_energyband_middle_low:
        dmean: 0.000657905417029
        dmean2: 0.00107293215115
        dvar: 6.81033384353e-007
        dvar2: 1.76072580871e-006
        max: 0.0122111188248
        mean: 0.00173506257124
        median: 0.00157610944007
        min: 6.20727711452e-022
        var: 1.3941959196e-006
    spectral_flatness_db:
        dmean: 0.0146676814184
        dmean2: 0.0224680211395
        dvar: 0.000210826430703
        dvar2: 0.000450638239272
        max: 0.430620491505
        mean: 0.142802193761
        median: 0.133780792356
        min: 0.0490751005709
        var: 0.0018725534901
    spectral_flux:
        dmean: 0.00749148707837
        dmean2: 0.0117007521912
        dvar: 7.31499530957e-005
        dvar2: 0.000146771344589
        max: 0.112397007644
        mean: 0.0411748811603
        median: 0.0419910810888
        min: 1.05886376056e-010
        var: 0.000304999935906
    spectral_kurtosis:
        dmean: 1.68093383312
        dmean2: 2.70325016975
        dvar: 37.2233734131
        dvar2: 89.4594116211
        max: 185.317733765
        mean: 5.42511367798
        median: 3.2652926445
        min: -1.17054688931
        var: 149.291412354
    spectral_rms:
        dmean: 0.000278046500171
        dmean2: 0.000450459803687
        dvar: 9.93913289449e-008
        dvar2: 2.51296796705e-007
        max: 0.00449670990929
        mean: 0.00204019318335
        median: 0.00215187249705
        min: 3.30733487472e-012
        var: 5.71891973777e-007
    spectral_rolloff:
        dmean: 429.276916504
        dmean2: 714.249328613
        dvar: 325860.34375
        dvar2: 727066.375
        max: 18906.1523438
        mean: 3133.05859375
        median: 3445.3125
        min: 193.798828125
        var: 1218899
    spectral_skewness:
        dmean: 0.211164206266
        dmean2: 0.34003469348
        dvar: 0.130163148046
        dvar2: 0.293912738562
        max: 10.9184064865
        mean: 1.49698877335
        median: 1.29075849056
        min: -0.0304260011762
        var: 0.865900456905
    spectral_spread:
        dmean: 482635.3125
        dmean2: 683045.3125
        dvar: 587549310976
        dvar2: 848112517120
        max: 47394976
        mean: 4834781.5
        median: 4586949
        min: 518565.03125
        var: 2.43446054912e+012
    spectral_strongpeak:
        dmean: 0.406255930662
        dmean2: 0.7104164958
        dvar: 0.467836469412
        dvar2: 1.24585866928
        max: 7.1894698143
        mean: 0.522648990154
        median: 0.206562533975
        min: 0
        var: 0.632674217224
    zerocrossingrate:
        dmean: 0.00771871535107
        dmean2: 0.00923962518573
        dvar: 6.51731606922e-005
        dvar2: 7.35625581001e-005
        max: 0.5126953125
        mean: 0.0951523110271
        median: 0.1005859375
        min: 0.0087890625
        var: 0.000875770405401
    barkbands:
        dmean: [5.40435962648e-007, 6.68092689011e-005, 0.000144295889186, 0.00013108048006, 0.000446471502073, 0.000207448974834, 0.000111386143544, 8.86934285518e-005, 6.3291794504e-005, 4.20930919063e-005, 4.10511820519e-005, 3.99112432206e-005, 4.33772802353e-005, 6.64641993353e-005, 0.000100838959042, 0.000189769809367, 0.000225471740123, 0.000199772708584, 0.00019780236471, 0.000182716466952, 0.000107980558823, 3.06516631099e-005, 4.56978705188e-006, 1.93085293176e-006, 9.19753915696e-007, 5.00916215174e-008, 7.32653215874e-010]
        dmean2: [7.56981592076e-007, 0.000117859352031, 0.000243106696871, 0.000225168361794, 0.000734921777621, 0.000345747102983, 0.000185507553397, 0.000147243583342, 0.000103849379229, 6.86234707246e-005, 6.66570922476e-005, 6.40125072096e-005, 7.16512222425e-005, 0.000108377826109, 0.000164482553373, 0.000314436620101, 0.000373900169507, 0.000337467412464, 0.000340502272593, 0.000321013416396, 0.000187773563084, 5.38732492714e-005, 7.40828272683e-006, 2.78496895589e-006, 1.25875897083e-006, 6.93648516403e-008, 1.06179953718e-009]
        dvar: [7.02694250444e-013, 1.71995075959e-008, 3.61731089527e-008, 3.04394980333e-008, 4.77979256175e-007, 6.2832590686e-008, 3.07216367901e-008, 2.63343391538e-008, 1.4486950306e-008, 6.90940815673e-009, 8.15426304257e-009, 9.39042887893e-009, 1.23322108081e-008, 1.8024715942e-008, 4.44933760946e-008, 8.67792309123e-008, 1.08637003393e-007, 9.36422068776e-008, 1.08743627436e-007, 9.03043115841e-008, 2.7129400948e-008, 2.9211815189e-009, 7.26033400067e-011, 3.81607696831e-011, 6.25947991356e-012, 1.46062395306e-014, 1.99300545237e-018]
        dvar2: [1.40984337919e-012, 4.69015581928e-008, 9.59892219043e-008, 8.47110115387e-008, 1.25642282001e-006, 1.70686718093e-007, 8.07458206964e-008, 6.52723599615e-008, 3.52987292729e-008, 1.70728711169e-008, 2.01658423293e-008, 2.25923724173e-008, 3.27603046912e-008, 4.44433112534e-008, 1.06813729417e-007, 2.17819874138e-007, 2.77964602446e-007, 2.35968585116e-007, 2.90664900149e-007, 2.49014959763e-007, 7.35995726586e-008, 7.54176632256e-009, 1.52709830892e-010, 7.66752147885e-011, 1.12227978646e-011, 2.87428568902e-014, 3.74698920852e-018]
        max: [7.97140910436e-006, 0.00095727929147, 0.0027099896688, 0.00303928041831, 0.0104394322261, 0.00481003709137, 0.0033961692825, 0.00547974184155, 0.00305991945788, 0.00267110485584, 0.00196472834796, 0.00242392905056, 0.00217603659257, 0.00290982169099, 0.00753229064867, 0.00511942058802, 0.00665577780455, 0.00613311911002, 0.00488213496283, 0.00676953885704, 0.00333709828556, 0.00200557056814, 0.000239958157181, 0.000258031563135, 6.36097902316e-005, 3.53435621037e-006, 2.53076510859e-008]
        mean: [6.79249922086e-007, 6.72311580274e-005, 0.000222446396947, 0.000186457196833, 0.00071824376937, 0.000385425693821, 0.000171441250131, 0.000142348668305, 0.000100817342172, 6.88127547619e-005, 6.55945477774e-005, 6.48285786156e-005, 6.33302988717e-005, 0.000110865585157, 0.000189862272236, 0.000433928129496, 0.000485112279421, 0.000359813246178, 0.000338442245265, 0.000370772613678, 0.000241577392444, 4.82624054712e-005, 9.79154083325e-006, 4.38820416093e-006, 2.05899891625e-006, 1.1060685523e-007, 1.50607348814e-009]
        median: [1.66390123013e-007, 3.33393618348e-005, 0.000143739758641, 0.00012991281983, 0.000502628274262, 0.000299049948808, 0.0001056802721, 8.83206521394e-005, 5.85041452723e-005, 3.7677174987e-005, 3.20766048389e-005, 3.13237433147e-005, 2.69208267127e-005, 6.1658800405e-005, 7.70166152506e-005, 0.000236686944845, 0.000330034759827, 0.000246918090852, 0.000245781993726, 0.00031177161145, 0.000218691871851, 3.07571935991e-005, 6.8535509854e-006, 2.57955298366e-006, 1.19836147405e-006, 4.54942750139e-008, 5.87143778041e-010]
        min: [3.2756877954e-023, 2.32201617659e-023, 6.35543973911e-024, 4.34408913545e-023, 4.27379721118e-023, 1.85997800938e-022, 1.1979679572e-022, 7.2652625245e-023, 1.09899923508e-022, 9.1979212552e-023, 1.34687460385e-022, 1.50912246612e-022, 1.31953281109e-022, 8.20325916158e-023, 8.29453731029e-023, 9.22732367885e-023, 1.64588305297e-022, 2.17009273652e-022, 2.86676596796e-022, 3.77640589539e-022, 3.87996982695e-022, 4.55419523247e-022, 4.9413848255e-022, 8.55823962695e-022, 1.32842439683e-021, 1.652428579e-021, 2.48959816485e-021]
        var: [1.19013609731e-012, 1.25876207235e-008, 6.20087732273e-008, 3.80364895136e-008, 6.1829285869e-007, 1.24000933965e-007, 4.80688981952e-008, 4.45209771271e-008, 2.52540690582e-008, 1.20945289339e-008, 1.42533309599e-008, 1.59314410553e-008, 1.63637974282e-008, 3.51477105198e-008, 1.1697817115e-007, 3.72005899862e-007, 3.12839944172e-007, 1.75236209543e-007, 1.55923558509e-007, 1.40543264138e-007, 5.34653707973e-008, 3.96046484497e-009, 1.46027787085e-010, 6.96116844723e-011, 1.3997901796e-011, 3.60058357641e-014, 6.05608456798e-018]
    frequency_bands:
        dmean: [5.40435962648e-007, 6.68092689011e-005, 0.000144295889186, 0.00013108048006, 0.000446471502073, 0.000207448974834, 0.000111386143544, 8.86934285518e-005, 6.3291794504e-005, 4.20930919063e-005, 4.10511820519e-005, 3.99112432206e-005, 4.33772802353e-005, 6.64641993353e-005, 0.000100838959042, 0.000189769809367, 0.000225471740123, 0.000199772708584, 0.00019780236471, 0.000182716466952, 0.000107980558823, 3.06516631099e-005, 4.56978705188e-006, 1.93085293176e-006, 9.19753915696e-007, 5.00916215174e-008, 7.32653215874e-010, 5.38130789929e-011]
        dmean2: [7.56981592076e-007, 0.000117859352031, 0.000243106696871, 0.000225168361794, 0.000734921777621, 0.000345747102983, 0.000185507553397, 0.000147243583342, 0.000103849379229, 6.86234707246e-005, 6.66570922476e-005, 6.40125072096e-005, 7.16512222425e-005, 0.000108377826109, 0.000164482553373, 0.000314436620101, 0.000373900169507, 0.000337467412464, 0.000340502272593, 0.000321013416396, 0.000187773563084, 5.38732492714e-005, 7.40828272683e-006, 2.78496895589e-006, 1.25875897083e-006, 6.93648516403e-008, 1.06179953718e-009, 1.0017255081e-010]
        dvar: [7.02694250444e-013, 1.71995075959e-008, 3.61731089527e-008, 3.04394980333e-008, 4.77979256175e-007, 6.2832590686e-008, 3.07216367901e-008, 2.63343391538e-008, 1.4486950306e-008, 6.90940815673e-009, 8.15426304257e-009, 9.39042887893e-009, 1.23322108081e-008, 1.8024715942e-008, 4.44933760946e-008, 8.67792309123e-008, 1.08637003393e-007, 9.36422068776e-008, 1.08743627436e-007, 9.03043115841e-008, 2.7129400948e-008, 2.9211815189e-009, 7.26033400067e-011, 3.81607696831e-011, 6.25947991356e-012, 1.46062395306e-014, 1.99300545237e-018, 7.00068236342e-021]
        dvar2: [1.40984337919e-012, 4.69015581928e-008, 9.59892219043e-008, 8.47110115387e-008, 1.25642282001e-006, 1.70686718093e-007, 8.07458206964e-008, 6.52723599615e-008, 3.52987292729e-008, 1.70728711169e-008, 2.01658423293e-008, 2.25923724173e-008, 3.27603046912e-008, 4.44433112534e-008, 1.06813729417e-007, 2.17819874138e-007, 2.77964602446e-007, 2.35968585116e-007, 2.90664900149e-007, 2.49014959763e-007, 7.35995726586e-008, 7.54176632256e-009, 1.52709830892e-010, 7.66752147885e-011, 1.12227978646e-011, 2.87428568902e-014, 3.74698920852e-018, 2.22378460397e-020]
        max: [7.97140910436e-006, 0.00095727929147, 0.0027099896688, 0.00303928041831, 0.0104394322261, 0.00481003709137, 0.0033961692825, 0.00547974184155, 0.00305991945788, 0.00267110485584, 0.00196472834796, 0.00242392905056, 0.00217603659257, 0.00290982169099, 0.00753229064867, 0.00511942058802, 0.00665577780455, 0.00613311911002, 0.00488213496283, 0.00676953885704, 0.00333709828556, 0.00200557056814, 0.000239958157181, 0.000258031563135, 6.36097902316e-005, 3.53435621037e-006, 2.53076510859e-008, 1.57030821679e-009]
        mean: [6.79249922086e-007, 6.72311580274e-005, 0.000222446396947, 0.000186457196833, 0.00071824376937, 0.000385425693821, 0.000171441250131, 0.000142348668305, 0.000100817342172, 6.88127547619e-005, 6.55945477774e-005, 6.48285786156e-005, 6.33302988717e-005, 0.000110865585157, 0.000189862272236, 0.000433928129496, 0.000485112279421, 0.000359813246178, 0.000338442245265, 0.000370772613678, 0.000241577392444, 4.82624054712e-005, 9.79154083325e-006, 4.38820416093e-006, 2.05899891625e-006, 1.1060685523e-007, 1.50607348814e-009, 4.12817106887e-011]
        median: [1.66390123013e-007, 3.33393618348e-005, 0.000143739758641, 0.00012991281983, 0.000502628274262, 0.000299049948808, 0.0001056802721, 8.83206521394e-005, 5.85041452723e-005, 3.7677174987e-005, 3.20766048389e-005, 3.13237433147e-005, 2.69208267127e-005, 6.1658800405e-005, 7.70166152506e-005, 0.000236686944845, 0.000330034759827, 0.000246918090852, 0.000245781993726, 0.00031177161145, 0.000218691871851, 3.07571935991e-005, 6.8535509854e-006, 2.57955298366e-006, 1.19836147405e-006, 4.54942750139e-008, 5.87143778041e-010, 1.33129991406e-011]
        min: [3.2756877954e-023, 2.32201617659e-023, 6.35543973911e-024, 4.34408913545e-023, 4.27379721118e-023, 1.85997800938e-022, 1.1979679572e-022, 7.2652625245e-023, 1.09899923508e-022, 9.1979212552e-023, 1.34687460385e-022, 1.50912246612e-022, 1.31953281109e-022, 8.20325916158e-023, 8.29453731029e-023, 9.22732367885e-023, 1.64588305297e-022, 2.17009273652e-022, 2.86676596796e-022, 3.77640589539e-022, 3.87996982695e-022, 4.55419523247e-022, 4.9413848255e-022, 8.55823962695e-022, 1.32842439683e-021, 1.652428579e-021, 2.48959816485e-021, 8.43562615604e-022]
        var: [1.19013609731e-012, 1.25876207235e-008, 6.20087732273e-008, 3.80364895136e-008, 6.1829285869e-007, 1.24000933965e-007, 4.80688981952e-008, 4.45209771271e-008, 2.52540690582e-008, 1.20945289339e-008, 1.42533309599e-008, 1.59314410553e-008, 1.63637974282e-008, 3.51477105198e-008, 1.1697817115e-007, 3.72005899862e-007, 3.12839944172e-007, 1.75236209543e-007, 1.55923558509e-007, 1.40543264138e-007, 5.34653707973e-008, 3.96046484497e-009, 1.46027787085e-010, 6.96116844723e-011, 1.3997901796e-011, 3.60058357641e-014, 6.05608456798e-018, 5.32007996429e-021]
    mfcc:
        mean: [-711.757324219, 101.578361511, -36.4100227356, 59.6475944519, -8.87496948242, -7.68421030045, -9.42753314972, -9.7227678299, -1.42763721943, -8.49429893494, -9.73687171936, -3.71444749832, -4.6430811882]
        cov: [[7189.50390625, -426.589691162, -1552.16674805, 702.229064941, 66.1119155884, 257.201416016, -197.093566895, -86.108253479, 136.279022217, -81.7535629272, -126.804832458, 109.139305115, 20.403799057], [-426.589691162, 687.143249512, 122.141532898, -172.565673828, 5.15372896194, -41.1327629089, 10.3626966476, 20.6398563385, -4.39974021912, -32.5184516907, 19.0862312317, -6.1897277832, 0.297343224287], [-1552.16674805, 122.141532898, 738.873657227, -188.693572998, -78.2154312134, -82.6075820923, 68.8290252686, 33.0818595886, -72.2386245728, -1.69039738178, 51.2990379333, -34.1510543823, -2.3010931015], [702.229064941, -172.565673828, -188.693572998, 361.56817627, 13.1529331207, -9.38016223907, -28.7076892853, -9.08599472046, 22.4648571014, -9.78985404968, -22.8406181335, 18.4078941345, 9.62512683868], [66.1119155884, 5.15372896194, -78.2154312134, 13.1529331207, 180.63168335, 11.8628358841, -47.237285614, 19.2012023926, 24.3823204041, -6.57141208649, -8.95300388336, 1.12148594856, 16.418340683], [257.201416016, -41.1327629089, -82.6075820923, -9.38016223907, 11.8628358841, 135.629486084, 21.075799942, -26.3823451996, 13.7063264847, 12.5545539856, 2.57818627357, 10.4896297455, 0.160789549351], [-197.093566895, 10.3626966476, 68.8290252686, -28.7076892853, -47.237285614, 21.075799942, 109.206306458, 28.3395423889, -15.6039123535, 5.23539018631, 26.1853713989, 9.10949707031, -5.94816064835], [-86.108253479, 20.6398563385, 33.0818595886, -9.08599472046, 19.2012023926, -26.3823451996, 28.3395423889, 106.262695313, 19.1865100861, -6.43966436386, 21.9686126709, 4.40271759033, 11.9253129959], [136.279022217, -4.39974021912, -72.2386245728, 22.4648571014, 24.3823204041, 13.7063264847, -15.6039123535, 19.1865100861, 88.9629135132, 27.4657077789, -15.3115339279, 3.02802991867, 9.62644481659], [-81.7535629272, -32.5184516907, -1.69039738178, -9.78985404968, -6.57141208649, 12.5545539856, 5.23539018631, -6.43966436386, 27.4657077789, 66.8527450562, 20.4164047241, -3.96041512489, -1.92136240005], [-126.804832458, 19.0862312317, 51.2990379333, -22.8406181335, -8.95300388336, 2.57818627357, 26.1853713989, 21.9686126709, -15.3115339279, 20.4164047241, 79.2415618896, 17.2468624115, -1.93780207634], [109.139305115, -6.1897277832, -34.1510543823, 18.4078941345, 1.12148594856, 10.4896297455, 9.10949707031, 4.40271759033, 3.02802991867, -3.96041512489, 17.2468624115, 57.6307792664, 18.2595062256], [20.403799057, 0.297343224287, -2.3010931015, 9.62512683868, 16.418340683, 0.160789549351, -5.94816064835, 11.9253129959, 9.62644481659, -1.92136240005, -1.93780207634, 18.2595062256, 52.184135437]]
        icov: [[0.000310655712383, 1.67134639923e-005, 0.000523775350302, -0.000301240972476, 0.000304224551655, -0.000435645924881, 0.000406993582146, -0.000158964016009, -3.34462383762e-005, 0.000452214648249, -7.49681057641e-005, -0.000104058046418, 1.88885553598e-006], [1.67134639923e-005, 0.00182352762204, 6.98939174981e-006, 0.000897798337974, -0.000112474699563, 0.0006792373606, -0.000255091523286, 0.000490491394885, -0.00106385152321, 0.00170749123208, -0.000953551148996, 0.00027286564, -0.000161851770827], [0.000523775350302, 6.98939174981e-006, 0.00293999910355, 0.000339030113537, 0.000927512126509, 0.000506352109369, -0.000277216953691, -0.000247302174103, 0.00080743356375, 0.000800650566816, -0.00106605642941, 0.00124386313837, -0.00100047630258], [-0.000301240972476, 0.000897798337974, 0.000339030113537, 0.00408687535673, -0.000175172492163, 0.00160173024051, -0.000452984706499, 0.000693212496117, -0.000906558183488, 0.00084683886962, -0.000169909908436, -0.000407367420848, -0.000451414118288], [0.000304224551655, -0.000112474699563, 0.000927512126509, -0.000175172492163, 0.00752317486331, -0.00194708083291, 0.00409829244018, -0.00262016267516, -0.000417927280068, 0.00110802520066, -0.000341980165103, 0.000415524613345, -0.00138035928831], [-0.000435645924881, 0.0006792373606, 0.000506352109369, 0.00160173024051, -0.00194708083291, 0.0109809460118, -0.00500345509499, 0.00478811142966, -0.00259101297706, 0.000156728245202, -0.00153804873116, 5.7680063037e-007, -0.000765966251493], [0.000406993582146, -0.000255091523286, -0.000277216953691, -0.000452984706499, 0.00409829244018, -0.00500345509499, 0.015319573693, -0.00641885027289, 0.00328801688738, -0.00157501362264, -0.000184765289305, -0.00283185392618, 0.00217217975296], [-0.000158964016009, 0.000490491394885, -0.000247302174103, 0.000693212496117, -0.00262016267516, 0.00478811142966, -0.00641885027289, 0.0160070285201, -0.00745705142617, 0.00613871403039, -0.0064800591208, 0.00274212192744, -0.0032579114195], [-3.34462383762e-005, -0.00106385152321, 0.00080743356375, -0.000906558183488, -0.000417927280068, -0.00259101297706, 0.00328801688738, -0.00745705142617, 0.0200883019716, -0.0121017852798, 0.00806483533233, -0.00293163396418, -0.000385682767956], [0.000452214648249, 0.00170749123208, 0.000800650566816, 0.00084683886962, 0.00110802520066, 0.000156728245202, -0.00157501362264, 0.00613871403039, -0.0121017852798, 0.0259853675961, -0.0112882982939, 0.00550236459821, -0.00139420328196], [-7.49681057641e-005, -0.000953551148996, -0.00106605642941, -0.000169909908436, -0.000341980165103, -0.00153804873116, -0.000184765289305, -0.0064800591208, 0.00806483533233, -0.0112882982939, 0.0216412488371, -0.0085011664778, 0.00346607621759], [-0.000104058046418, 0.00027286564, 0.00124386313837, -0.000407367420848, 0.000415524613345, 5.7680063037e-007, -0.00283185392618, 0.00274212192744, -0.00293163396418, 0.00550236459821, -0.0085011664778, 0.0246359668672, -0.00910358969122], [1.88885553598e-006, -0.000161851770827, -0.00100047630258, -0.000451414118288, -0.00138035928831, -0.000765966251493, 0.00217217975296, -0.0032579114195, -0.000385682767956, -0.00139420328196, 0.00346607621759, -0.00910358969122, 0.0239649154246]]
    sccoeffs:
        dmean: [0.0551043897867, 0.0482088066638, 0.0348980091512, 0.0309071037918, 0.0226337313652, 0.0213880669326]
        dmean2: [0.0901279598475, 0.0804177671671, 0.0583357401192, 0.0511771962047, 0.0369846262038, 0.0353621691465]
        dvar: [0.00199435115792, 0.00141090026591, 0.00076988019282, 0.000660355726723, 0.000427065911936, 0.000493451894727]
        dvar2: [0.00520621519536, 0.00390526326373, 0.00210551428609, 0.00173157197423, 0.00103702524211, 0.0012837627437]
        max: [-0.362465381622, -0.518419921398, -0.565560281277, -0.571499407291, -0.543863713741, -0.606429517269]
        mean: [-0.654770791531, -0.756026625633, -0.806952059269, -0.786204338074, -0.798461318016, -0.747508406639]
        median: [-0.658063113689, -0.757611453533, -0.811808645725, -0.795315086842, -0.804270267487, -0.738282799721]
        min: [-0.984762430191, -0.983913183212, -0.98564016819, -0.976411223412, -0.964825987816, -0.963932037354]
        var: [0.00509455800056, 0.00321701262146, 0.00200783391483, 0.00303465500474, 0.00147969834507, 0.00198023440316]
    scvalleys:
        dmean: [0.373205721378, 0.351491212845, 0.326926589012, 0.317091494799, 0.288232594728, 0.199924275279]
        dmean2: [0.613776028156, 0.57851588726, 0.517064392567, 0.492168694735, 0.455567359924, 0.277797609568]
        dvar: [0.123278304935, 0.102595172822, 0.101053074002, 0.126134395599, 0.145249024034, 0.0753051117063]
        dvar2: [0.273223489523, 0.224858388305, 0.189908027649, 0.237777918577, 0.289785146713, 0.115714743733]
        max: [-5.22034835815, -4.65695810318, -5.04170417786, -5.50435400009, -5.3679933548, -7.32590103149]
        mean: [-6.73368644714, -6.4260225296, -7.17790699005, -7.30943918228, -7.02198839188, -9.68089580536]
        median: [-6.48129653931, -6.25581216812, -6.96875619888, -6.95162343979, -6.54595279694, -9.41634082794]
        min: [-27.1507205963, -27.6851768494, -27.2366504669, -27.3075580597, -27.2176780701, -27.4025669098]
        var: [0.915921449661, 0.797053396702, 0.931081056595, 1.33505165577, 1.66007912159, 1.49757730961]

rhythm:
    beats_loudness:
        dmean: 0.00233443360776
        dmean2: 0.00447566993535
        dvar: 2.95403424388e-006
        dvar2: 9.38847279031e-006
        max: 0.0154349552467
        mean: 0.00531465560198
        median: 0.00536818010733
        min: 1.72460318026e-007
        var: 7.31034788259e-006
    bpm: 142.088882446
    bpm_confidence: 0
    first_peak_bpm: 144
    first_peak_spread: 0.385633260012
    first_peak_weight: 0.609756112099
    onset_rate: 3.19821381569
    second_peak_bpm: 136
    second_peak_spread: 0
    second_peak_weight: 0.00750469043851
    beats_loudness_band_ratio:
        dmean: [0.0849482044578, 0.186728775501, 0.0815250650048, 0.0576167404652, 0.113751664758, 0.0907612070441]
        dmean2: [0.143209293485, 0.353001743555, 0.137587279081, 0.104891598225, 0.19639377296, 0.159081920981]
        dvar: [0.00632817065343, 0.0177967734635, 0.00966670364141, 0.0045697176829, 0.0110183805227, 0.00935827754438]
        dvar2: [0.0185482930392, 0.059332087636, 0.0273705869913, 0.0142727931961, 0.0320622138679, 0.0258387681097]
        max: [0.573093235493, 0.754727602005, 0.743823349476, 0.394695132971, 0.736882090569, 0.829464673996]
        mean: [0.161034598947, 0.275423377752, 0.127467349172, 0.0767465382814, 0.252495676279, 0.186413139105]
        median: [0.144870221615, 0.249978989363, 0.0931043475866, 0.0548780784011, 0.21986758709, 0.171725183725]
        min: [0.0105865942314, 0.00553407100961, 0.00288193975575, 0.0054292040877, 0.00345336669125, 0.000177091744263]
        var: [0.00949839688838, 0.0257337931544, 0.0123462593183, 0.00401740940288, 0.0236198082566, 0.013010032475]
    beats_position: [0.394739210606, 0.801088392735, 1.21904754639, 1.64861679077, 2.06657600403, 2.48453521729, 2.90249419212, 3.32045340538, 3.75002264977, 4.1679816246, 4.59755086899, 5.01551008224, 5.4334692955, 5.85142850876, 6.28099775314, 6.71056699753, 7.14013576508, 7.56970500946, 7.98766422272, 8.40562343597, 8.82358264923, 9.24154186249, 9.65950107574, 10.0890703201, 10.5186395645, 10.9365987778, 11.354557991, 11.7725172043, 12.202085495, 12.6316547394, 13.0496139526, 13.4675731659, 13.8855323792, 14.3034915924, 14.7330608368, 15.1626300812, 15.5805892944, 15.9985485077, 16.4281177521, 16.8576869965, 17.2756462097, 17.693605423, 18.1115646362, 18.5295238495, 18.9590930939, 19.3886623383, 19.8066215515, 20.2245807648, 20.6541500092, 21.0837192535, 21.5016784668, 21.9196376801, 22.3375968933, 22.7555541992, 23.1735134125, 23.6030826569, 24.0326519012, 24.4506111145, 24.8685703278, 25.286529541, 25.7044887543, 26.1224479675, 26.5404071808, 26.958366394, 27.3879356384, 27.8175048828, 28.2470741272, 28.6766433716, 29.0946025848, 29.5125617981, 29.9421310425, 30.3717002869, 30.7896595001, 31.2076187134, 31.6371879578, 32.0667572021, 32.4847145081, 32.9026756287, 33.3206329346, 33.750202179, 34.1797714233, 34.5977325439, 35.0156898499, 35.4336509705, 35.8516082764, 36.269569397, 36.6991386414, 37.1287078857, 37.5466651917, 37.9646263123, 38.3941955566, 38.823764801, 39.2417221069, 39.6596832275, 40.0892524719, 40.5188217163, 40.9367790222, 41.3547401428, 41.7726974487, 42.1906585693, 42.6202278137, 43.0497932434, 43.467754364, 43.8857116699, 44.3036727905, 44.7216300964, 45.1511993408, 45.5807685852, 45.9987297058, 46.4166870117, 46.8346481323, 47.2758255005, 47.6937866211, 48.111743927, 48.5297050476, 48.959274292, 49.3772315979, 49.8068008423, 50.2247619629, 50.6427192688, 51.0606803894, 51.4902496338, 51.9082069397, 52.3377761841, 52.7557373047, 53.1736946106, 53.603263855, 54.0212249756, 54.4391822815, 54.8687515259, 55.2867126465, 55.7162818909, 56.1342391968, 56.5638084412, 56.9817695618, 57.3997268677, 57.8176841736, 58.2356452942, 58.6652145386, 59.094783783, 59.5127410889, 59.9307022095, 60.3602714539, 60.7898406982, 61.2077980042, 61.6257591248, 62.0437164307, 62.473285675, 62.9028549194, 63.32081604, 63.7503852844, 64.1799545288, 64.5979156494, 65.0158691406, 65.4338302612, 65.8517913818, 66.2697525024, 66.6877059937, 67.1172790527, 67.5468444824, 67.964805603, 68.3943786621, 68.8239440918, 69.2419052124, 69.659866333, 70.0778198242, 70.4957809448, 70.9253463745, 71.3549194336, 71.7728805542, 72.1908340454, 72.6204071045, 73.0499725342, 73.4679336548, 73.8858947754, 74.303855896, 74.7218093872, 75.1513824463, 75.580947876, 75.9989089966, 76.4284820557, 76.8580474854, 77.276008606, 77.6939697266, 78.1119232178, 78.5298843384, 78.947845459, 79.3774108887, 79.8069839478, 80.2249450684, 80.6428985596, 81.0608596802, 81.4788208008, 81.9083862305, 82.3263473511, 82.7559204102, 83.1738739014, 83.6034469604, 84.0330123901, 84.4509735107, 84.8689346313, 85.298500061, 85.7280731201, 86.1460266113, 86.5639877319, 86.993560791, 87.4231262207, 87.8410873413, 88.2590484619, 88.6770019531, 89.1065750122, 89.5361404419, 89.9541015625, 90.3720626831, 90.7900238037, 91.2079772949, 91.6259384155, 92.0438995361, 92.4618606567, 92.8914260864, 93.309387207, 93.7389526367, 94.1685256958, 94.5980911255, 95.0160522461, 95.4340133667, 95.8519744873, 96.281539917, 96.7111129761, 97.1290664673, 97.5470275879, 97.9649887085, 98.3829498291, 98.8125152588, 99.2420806885, 99.6600418091, 100.07800293, 100.507568359, 100.937141418, 101.355102539, 101.77305603, 102.191017151, 102.62059021, 103.05015564, 103.46811676, 103.886077881, 104.304031372, 104.721992493, 105.151565552, 105.581130981, 105.999092102, 106.417053223, 106.835006714, 107.264579773, 107.682540894, 108.112106323, 108.530067444, 108.959632874, 109.377593994, 109.807167053, 110.225120544, 110.643081665, 111.061042786, 111.479003906, 111.908569336, 112.338134766, 112.756095886, 113.185668945, 113.615234375, 114.033195496, 114.451156616, 114.869110107, 115.287071228, 115.705032349, 116.122993469, 116.552558899, 116.97052002, 117.400085449, 117.81804657, 118.247619629, 118.66557312, 119.095146179, 119.5131073, 119.931060791, 120.349021912, 120.778594971, 121.2081604, 121.626121521, 122.044082642, 122.462036133, 122.891609192, 123.321174622, 123.739135742, 124.157096863, 124.575057983, 125.004623413, 125.422584534, 125.852149963, 126.270111084, 126.699676514, 127.117637634, 127.547210693, 127.965164185, 128.394729614, 128.812698364, 129.242263794, 129.660217285, 130.078186035, 130.507751465, 130.937316895, 131.355285645, 131.773239136, 132.202804565, 132.632385254, 133.050338745, 133.468292236, 133.886260986, 134.304214478, 134.733779907, 135.163360596, 135.581314087, 135.999267578, 136.417236328, 136.846801758, 137.264755249, 137.694335938, 138.112289429, 138.53024292, 138.94821167, 139.3777771, 139.807342529, 140.225296021, 140.643264771, 141.0728302, 141.50239563, 141.92036438, 142.338317871, 142.756271362, 143.185852051, 143.61541748, 144.033370972, 144.451339722, 144.869293213, 145.298858643, 145.716827393, 146.146392822, 146.564346313, 146.993927002, 147.411880493, 147.841445923, 148.259414673, 148.677368164, 149.095321655, 149.513290405, 149.931243896, 150.349197388, 150.778778076, 151.208343506, 151.626296997, 152.055877686, 152.485443115, 152.903396606, 153.321365356, 153.739318848, 154.168884277, 154.598449707, 155.016418457, 155.434371948, 155.852325439, 156.270294189, 156.688247681, 157.11781311, 157.53578186, 157.96534729, 158.383300781, 158.81288147, 159.242446899, 159.660400391, 160.089981079, 160.50793457, 160.925888062, 161.35546875, 161.773422241, 162.191375732, 162.609344482, 163.027297974, 163.456863403, 163.886444092, 164.316009521, 164.745574951, 165.163528442, 165.581497192, 165.999450684, 166.429016113, 166.846984863, 167.276550293, 167.694503784, 168.112472534, 168.530426025, 168.959991455, 169.377960205, 169.807525635, 170.225479126, 170.655059814, 171.073013306, 171.502578735, 171.920547485, 172.338500977, 172.756454468, 173.174423218, 173.592376709, 174.021942139, 174.451522827, 174.869476318, 175.28742981, 175.70539856, 176.134963989, 176.564529419, 176.994094849, 177.423675537, 177.841629028, 178.25958252, 178.67755127, 179.107116699, 179.536682129, 179.954650879, 180.37260437, 180.790557861, 181.208526611, 181.626480103, 182.056045532, 182.485626221, 182.903579712, 183.34475708, 183.762710571, 184.180679321, 184.598632813, 185.016601563, 185.434555054, 185.852508545, 186.282089233, 186.711654663, 187.117996216, 187.535964966, 187.965530396, 188.383483887, 188.801452637, 189.231018066, 189.660583496, 190.078552246, 190.508117676, 190.937683105, 191.355636597, 191.773605347, 192.191558838, 192.609527588, 193.027481079, 193.457046509, 193.886611938, 194.304580688, 194.72253418, 195.140487671, 195.558456421, 195.976409912, 196.41758728, 196.83555603, 197.26512146, 197.69468689, 198.11265564, 198.530609131, 198.960174561, 199.38973999, 199.80770874, 200.225662231, 200.643630981, 201.061584473, 201.491149902, 201.920715332, 202.338684082, 202.756637573, 203.174606323, 203.592559814, 204.010513306, 204.440093994, 204.869659424, 205.287612915, 205.705581665, 206.146759033, 206.564712524, 206.982666016, 207.400634766, 207.818588257, 208.236557007, 208.666122437, 209.095687866, 209.513641357, 209.931610107, 210.349563599, 210.76751709, 211.197097778, 211.626663208, 212.056228638, 212.485794067, 212.903762817, 213.333328247, 213.751281738, 214.169250488, 214.598815918, 215.016769409, 215.434738159, 215.85269165, 216.28225708, 216.70022583, 217.12979126, 217.547744751, 217.965713501, 218.395278931, 218.82484436, 219.24281311, 219.660766602, 220.090332031, 220.51991272, 220.937866211, 221.355819702, 221.773788452, 222.191741943, 222.609695435, 223.027664185, 223.445617676, 223.863571167, 224.293151855, 224.722717285, 225.152282715, 225.581848145]
