
metadata:
    version:
        essentia: "2.1-beta2"
    audio_properties:
        analysis_sample_rate: 44100
        bitrate: 246
        channels: 2
        equal_loudness: 1
        length: 230.608978271
        replay_gain: -14.9925746918
        downmix: "mix"
    tags:
        album: "Rosenrot"
        artist: "Rammstein"
        comment: "Back to rule you all"
        date: "2005"
        genre: "Industrial"
        title: "Mann gegen Mann"
        tracknumber: "2"

configuration:
    average_loudness:
        compute: 1
        frameSize: 88200
        hopSize: 44100
        silentFrames: "noise"
        windowType: "hann"
    general:
        analysisSampleRate: 44100
        endTime: 2000
        equalLoudness: 1
        nequalLoudness: 0
        shortSound: 0
        startTime: 0
    lowlevel:
        compute: 1
        frameSize: 2048
        hopSize: 1024
        zeroPadding: 0
        silentFrames: "noise"
        windowType: "blackmanharris62"
        mfccStats: ["mean", "cov", "icov"]
        stats: ["mean", "var", "median", "min", "max", "dmean", "dmean2", "dvar", "dvar2"]
    panning:
        compute: 0
        frameSize: 8192
        hopSize: 2048
        zeroPadding: 8192
        silentFrames: "noise"
        windowType: "hann"
        stats: ["copy"]
    rhythm:
        compute: 1
        maxTempo: 208
        minTempo: 40
        method: "degara"
        stats: ["mean", "var", "median", "min", "max", "dmean", "dmean2", "dvar", "dvar2"]
    segmentation:
        compute: 0
        cpw: 5
        inc1: 300
        inc2: 50
        minimumSegmentsLength: 10
        size1: 1000
        size2: 600
    sfx:
        compute: 1
        stats: ["mean", "var", "median", "min", "max", "dmean", "dmean2", "dvar", "dvar2"]
    svm:
        compute: 0
    tonal:
        compute: 1
        frameSize: 4096
        hopSize: 2048
        zeroPadding: 0
        silentFrames: "noise"
        windowType: "blackmanharris62"
        stats: ["mean", "var", "median", "min", "max", "dmean", "dmean2", "dvar", "dvar2"]

lowlevel:
    average_loudness: 0.771805167198
    barkbands_kurtosis:
        dmean: 1.49438905716
        dmean2: 2.29652738571
        dvar: 12.8561620712
        dvar2: 26.5198974609
        max: 95.0020370483
        mean: 1.23768770695
        median: -0.928676247597
        min: -1.91132569313
        var: 43.2448387146
    barkbands_skewness:
        dmean: 0.428276926279
        dmean2: 0.647863209248
        dvar: 0.226837739348
        dvar2: 0.484830588102
        max: 7.5417637825
        mean: 0.437079101801
        median: 0.0761502236128
        min: -4.0298833847
        var: 1.73692011833
    barkbands_spread:
        dmean: 5.57693147659
        dmean2: 8.6683588028
        dvar: 38.1030540466
        dvar2: 86.8668060303
        max: 74.7135543823
        mean: 30.3863658905
        median: 32.4623184204
        min: 0.758807659149
        var: 186.001861572
    dissonance:
        dmean: 0.0154183246195
        dmean2: 0.0254538394511
        dvar: 0.000439190684119
        dvar2: 0.00109321833588
        max: 0.500000178814
        mean: 0.469353795052
        median: 0.482814222574
        min: 0.11723934114
        var: 0.00137708405964
    hfc:
        dmean: 1.89780032635
        dmean2: 3.15091824532
        dvar: 8.55049133301
        dvar2: 22.2439746857
        max: 47.4701805115
        mean: 7.27590227127
        median: 6.27475643158
        min: 1.19586824646e-016
        var: 44.2416687012
    pitch:
        dmean: 765.836303711
        dmean2: 1439.63183594
        dvar: 1438455.625
        dvar2: 3632077.25
        max: 5989.04882813
        mean: 1208.49523926
        median: 282.851074219
        min: 43.0482749939
        var: 2079896
    pitch_instantaneous_confidence:
        dmean: 0.0778942704201
        dmean2: 0.127392739058
        dvar: 0.00486352620646
        dvar2: 0.0124547407031
        max: 0.888860702515
        mean: 0.36064350605
        median: 0.332402467728
        min: 0.114803493023
        var: 0.0184520538896
    pitch_salience:
        dmean: 0.053354203701
        dmean2: 0.0883434042335
        dvar: 0.00257932627574
        dvar2: 0.00732389977202
        max: 0.875521540642
        mean: 0.658371627331
        median: 0.673645138741
        min: 0.25752350688
        var: 0.00773552851751
    silence_rate_20dB:
        dmean: 0
        dmean2: 0
        dvar: 0
        dvar2: 0
        max: 1
        mean: 1
        median: 1
        min: 1
        var: 0
    silence_rate_30dB:
        dmean: 0
        dmean2: 0
        dvar: 0
        dvar2: 0
        max: 1
        mean: 1
        median: 1
        min: 1
        var: 0
    silence_rate_60dB:
        dmean: 0.0497382208705
        dmean2: 0.0994864553213
        dvar: 0.0472625344992
        dvar2: 0.104483991861
        max: 1
        mean: 0.448807001114
        median: 0
        min: 0
        var: 0.247372061014
    spectral_centroid:
        dmean: 227.644882202
        dmean2: 351.533996582
        dvar: 67842.609375
        dvar2: 143599.4375
        max: 11163.0654297
        mean: 1458.44799805
        median: 1621.83178711
        min: 115.823814392
        var: 605292.75
    spectral_complexity:
        dmean: 3.15988731384
        dmean2: 5.15939998627
        dvar: 14.0442695618
        dvar2: 34.7431411743
        max: 49
        mean: 14.9444274902
        median: 13
        min: 0
        var: 126.563591003
    spectral_crest:
        dmean: 1.89333033562
        dmean2: 3.13484406471
        dvar: 4.22631025314
        dvar2: 11.3756093979
        max: 23.0245037079
        mean: 7.3908200264
        median: 6.47880649567
        min: 2.25488948822
        var: 11.4684677124
    spectral_decrease:
        dmean: 2.6227656158e-010
        dmean2: 4.35126823461e-010
        dvar: 1.54898772085e-019
        dvar2: 4.13197524733e-019
        max: -8.5554276889e-030
        mean: -9.3329155515e-010
        median: -8.32897140146e-010
        min: -4.19218304515e-009
        var: 4.77405015788e-019
    spectral_energy:
        dmean: 0.00113291840535
        dmean2: 0.001882697572
        dvar: 2.89084209726e-006
        dvar2: 7.67657274992e-006
        max: 0.0187004934996
        mean: 0.00418239599094
        median: 0.00373911019415
        min: 1.08791593879e-020
        var: 1.00380275398e-005
    spectral_energyband_high:
        dmean: 0.000136215836392
        dmean2: 0.000228959688684
        dvar: 4.43078960188e-008
        dvar2: 1.15611243245e-007
        max: 0.00561422714964
        mean: 0.000388671876863
        median: 0.000328000547597
        min: 8.1323526831e-021
        var: 1.66937198287e-007
    spectral_energyband_low:
        dmean: 0.000221864494961
        dmean2: 0.000363104540156
        dvar: 1.04524986e-007
        dvar2: 2.83689558955e-007
        max: 0.00410463521257
        mean: 0.000419831223553
        median: 0.000315804500133
        min: 4.7002629896e-023
        var: 1.41535196008e-007
    spectral_energyband_middle_high:
        dmean: 0.000559058622457
        dmean2: 0.000912046176381
        dvar: 6.50569916161e-007
        dvar2: 1.67647851868e-006
        max: 0.0124530903995
        mean: 0.0020802365616
        median: 0.00163522432558
        min: 1.51332481021e-021
        var: 4.11876499129e-006
    spectral_energyband_middle_low:
        dmean: 0.00066202133894
        dmean2: 0.00110205530655
        dvar: 1.27963551222e-006
        dvar2: 3.45884359376e-006
        max: 0.0108613278717
        mean: 0.0014523868449
        median: 0.00114273873623
        min: 3.0594547735e-022
        var: 1.68377482623e-006
    spectral_flatness_db:
        dmean: 0.0161088127643
        dmean2: 0.0241869837046
        dvar: 0.000319832499372
        dvar2: 0.000662113598082
        max: 0.595572650433
        mean: 0.162382885814
        median: 0.137723058462
        min: 0.0612210407853
        var: 0.00558989401907
    spectral_flux:
        dmean: 0.00696233008057
        dmean2: 0.0109186116606
        dvar: 8.26128089102e-005
        dvar2: 0.000171710009454
        max: 0.101880572736
        mean: 0.0353824272752
        median: 0.0366476662457
        min: 1.04303211901e-010
        var: 0.000408325024182
    spectral_kurtosis:
        dmean: 3.531945467
        dmean2: 5.94498968124
        dvar: 135.581237793
        dvar2: 382.372070313
        max: 454.139434814
        mean: 10.9819498062
        median: 3.64162874222
        min: -1.17197465897
        var: 963.233947754
    spectral_rms:
        dmean: 0.000250708602834
        dmean2: 0.000406123144785
        dvar: 1.03267069562e-007
        dvar2: 2.64549100848e-007
        max: 0.00427134428173
        mean: 0.00184689834714
        median: 0.0019099508645
        min: 3.25788484731e-012
        var: 6.69344501603e-007
    spectral_rolloff:
        dmean: 385.515411377
        dmean2: 640.466796875
        dvar: 366684.6875
        dvar2: 786942.6875
        max: 18281.6894531
        mean: 2773.15527344
        median: 3316.11328125
        min: 172.265625
        var: 1971585.625
    spectral_skewness:
        dmean: 0.296392649412
        dmean2: 0.476900190115
        dvar: 0.308206766844
        dvar2: 0.822084784508
        max: 18.3777046204
        mean: 1.86119377613
        median: 1.39000797272
        min: -0.0139977615327
        var: 2.9528927803
    spectral_spread:
        dmean: 549906.125
        dmean2: 761218.3125
        dvar: 690809995264
        dvar2: 1.16396025446e+012
        max: 40002276
        mean: 4619742.5
        median: 4438814.5
        min: 244923.9375
        var: 3.55828052787e+012
    spectral_strongpeak:
        dmean: 0.326317429543
        dmean2: 0.576428592205
        dvar: 0.330776244402
        dvar2: 0.911188364029
        max: 5.84853219986
        mean: 0.41592630744
        median: 0.164104387164
        min: 5.97492100241e-009
        var: 0.393568396568
    zerocrossingrate:
        dmean: 0.00756595050916
        dmean2: 0.00899935141206
        dvar: 8.08786571724e-005
        dvar2: 9.35725038289e-005
        max: 0.5146484375
        mean: 0.0853880643845
        median: 0.09716796875
        min: 0.00439453125
        var: 0.00141621357761
    barkbands:
        dmean: [3.83366540291e-007, 5.03214541823e-005, 0.000137826486025, 0.000153073298861, 0.000361645768862, 0.000212109283893, 8.35326864035e-005, 6.05381792411e-005, 5.07825570821e-005, 7.29066450731e-005, 5.45418442925e-005, 5.89896299061e-005, 4.35547190136e-005, 5.84196350246e-005, 5.39762659173e-005, 0.00011930288747, 0.000184736752999, 0.000144864621689, 0.000145669371705, 0.000149386236444, 6.96063070791e-005, 1.60647068697e-005, 3.59518799087e-006, 1.27246437387e-006, 6.2205941731e-007, 3.52782940638e-008, 8.65110594273e-010]
        dmean2: [5.62541117688e-007, 8.48857016535e-005, 0.000227607684792, 0.000250988057815, 0.000596638943534, 0.00036450123298, 0.000142402481288, 0.000102497418993, 8.36304898257e-005, 0.000122822282719, 8.75456389622e-005, 9.19942904147e-005, 7.01719327481e-005, 9.54078204813e-005, 8.83419561433e-005, 0.000200184076675, 0.000308411457809, 0.000241013767663, 0.000243866146775, 0.000252483325312, 0.0001167604496, 2.64801510639e-005, 5.8455193539e-006, 1.91968683794e-006, 9.18306398034e-007, 5.17979970027e-008, 1.27905619429e-009]
        dvar: [5.6246619775e-013, 1.18454313025e-008, 4.29637871946e-008, 4.63428726505e-008, 5.06239075548e-007, 5.22993673258e-007, 3.27567981628e-008, 1.71062488619e-008, 1.03028980902e-008, 4.30434958787e-008, 2.45292302026e-008, 2.28017054127e-008, 8.72957173215e-009, 1.3156109091e-008, 1.30601902626e-008, 4.32918234594e-008, 9.13387054879e-008, 5.4342841338e-008, 7.48170734255e-008, 5.52801253662e-008, 1.16343032985e-008, 8.32424629227e-010, 3.43307812734e-011, 5.68409512167e-012, 1.2227968204e-012, 4.5299241551e-015, 3.32190047135e-018]
        dvar2: [1.11462716227e-012, 3.22952118381e-008, 1.19424498735e-007, 1.22962845239e-007, 1.38393613724e-006, 1.43595411828e-006, 8.68146514676e-008, 4.65176874798e-008, 2.62023274189e-008, 1.28413702782e-007, 6.82920955342e-008, 5.78233425585e-008, 2.16921822727e-008, 3.27652998067e-008, 3.38816583678e-008, 1.16580316956e-007, 2.46230456469e-007, 1.38270038974e-007, 1.919746353e-007, 1.52210532178e-007, 3.04459319977e-008, 2.06092432009e-009, 8.53543694057e-011, 1.10053468075e-011, 2.63420101704e-012, 9.63801182418e-015, 6.47657686929e-018]
        max: [8.60229556565e-006, 0.000876764301211, 0.00340392626822, 0.00464090332389, 0.00886210612953, 0.00954330153763, 0.00393355591223, 0.00323053402826, 0.0022524476517, 0.00325029483065, 0.00513098947704, 0.00471814442426, 0.00240048044361, 0.00222188234329, 0.00230413582176, 0.00380042823963, 0.00736387446523, 0.00470520881936, 0.00614617578685, 0.00695758825168, 0.00257503753528, 0.00063260353636, 0.000139718496939, 7.56823792472e-005, 3.8543035771e-005, 1.85385567875e-006, 2.47367708539e-008]
        mean: [7.90165358922e-007, 7.29694584152e-005, 0.000227927972446, 0.000248375814408, 0.000616249570157, 0.000264206086285, 0.000107194282464, 8.22837027954e-005, 8.57620034367e-005, 0.000123791527585, 9.96986200335e-005, 0.000127278617583, 8.0961988715e-005, 0.000112099274702, 9.77741656243e-005, 0.000250381359365, 0.000410996173741, 0.000310505361995, 0.000273721729172, 0.000360574369552, 0.000181612049346, 3.43651299772e-005, 7.85901465861e-006, 3.37937262884e-006, 1.55987993367e-006, 7.05240665866e-008, 1.23519250383e-009]
        median: [3.60084925433e-007, 4.9468686484e-005, 0.000156372130732, 0.000162274489412, 0.000401347089792, 0.000116706563858, 4.70891900477e-005, 3.53479117621e-005, 3.83414117096e-005, 3.90960449295e-005, 3.44454456354e-005, 2.90756033792e-005, 2.48094238486e-005, 4.687834371e-005, 4.73369327665e-005, 0.000144386518514, 0.000273082638159, 0.000211003789445, 0.000182689866051, 0.000276178820059, 0.000137946291943, 2.098494042e-005, 4.68181269753e-006, 2.17508568312e-006, 9.51039908159e-007, 3.41419905681e-008, 4.30208008106e-010]
        min: [9.11526803831e-024, 2.61477287149e-023, 9.77291770916e-024, 7.57139309386e-024, 4.90636773168e-023, 4.73206228824e-023, 2.17144314017e-023, 6.29517565689e-023, 1.02510865357e-022, 3.77923285733e-023, 5.23504126358e-023, 1.38647516885e-022, 1.07416437917e-022, 8.40533440215e-023, 1.29362295865e-022, 7.55847581208e-023, 1.91738120864e-022, 1.80797844421e-022, 3.69678774195e-022, 2.92313279332e-022, 4.39434954632e-022, 6.21581650226e-022, 7.54107556e-022, 6.85197917978e-022, 1.14724972933e-021, 2.37086846443e-021, 2.19407234099e-021]
        var: [1.08353744813e-012, 9.0020693122e-009, 5.94322955294e-008, 7.39752650247e-008, 5.92839967339e-007, 3.79918901672e-007, 3.62162460021e-008, 2.43340068096e-008, 1.9121410233e-008, 9.06613735197e-008, 5.86874797648e-008, 8.70617142823e-008, 2.32753816221e-008, 3.75444138001e-008, 2.92599793283e-008, 1.27214491386e-007, 2.57813809412e-007, 1.54867052515e-007, 1.35379821131e-007, 1.53282286419e-007, 4.24979660352e-008, 2.04519645663e-009, 9.35177491002e-011, 2.10554230301e-011, 4.25394355158e-012, 1.06666638819e-014, 5.28690131049e-018]
    frequency_bands:
        dmean: [3.83366540291e-007, 5.03214541823e-005, 0.000137826486025, 0.000153073298861, 0.000361645768862, 0.000212109283893, 8.35326864035e-005, 6.05381792411e-005, 5.07825570821e-005, 7.29066450731e-005, 5.45418442925e-005, 5.89896299061e-005, 4.35547190136e-005, 5.84196350246e-005, 5.39762659173e-005, 0.00011930288747, 0.000184736752999, 0.000144864621689, 0.000145669371705, 0.000149386236444, 6.96063070791e-005, 1.60647068697e-005, 3.59518799087e-006, 1.27246437387e-006, 6.2205941731e-007, 3.52782940638e-008, 8.65110594273e-010, 4.62682982205e-011]
        dmean2: [5.62541117688e-007, 8.48857016535e-005, 0.000227607684792, 0.000250988057815, 0.000596638943534, 0.00036450123298, 0.000142402481288, 0.000102497418993, 8.36304898257e-005, 0.000122822282719, 8.75456389622e-005, 9.19942904147e-005, 7.01719327481e-005, 9.54078204813e-005, 8.83419561433e-005, 0.000200184076675, 0.000308411457809, 0.000241013767663, 0.000243866146775, 0.000252483325312, 0.0001167604496, 2.64801510639e-005, 5.8455193539e-006, 1.91968683794e-006, 9.18306398034e-007, 5.17979970027e-008, 1.27905619429e-009, 8.5634402347e-011]
        dvar: [5.6246619775e-013, 1.18454313025e-008, 4.29637871946e-008, 4.63428726505e-008, 5.06239075548e-007, 5.22993673258e-007, 3.27567981628e-008, 1.71062488619e-008, 1.03028980902e-008, 4.30434958787e-008, 2.45292302026e-008, 2.28017054127e-008, 8.72957173215e-009, 1.3156109091e-008, 1.30601902626e-008, 4.32918234594e-008, 9.13387054879e-008, 5.4342841338e-008, 7.48170734255e-008, 5.52801253662e-008, 1.16343032985e-008, 8.32424629227e-010, 3.43307812734e-011, 5.68409512167e-012, 1.2227968204e-012, 4.5299241551e-015, 3.32190047135e-018, 5.79239120833e-021]
        dvar2: [1.11462716227e-012, 3.22952118381e-008, 1.19424498735e-007, 1.22962845239e-007, 1.38393613724e-006, 1.43595411828e-006, 8.68146514676e-008, 4.65176874798e-008, 2.62023274189e-008, 1.28413702782e-007, 6.82920955342e-008, 5.78233425585e-008, 2.16921822727e-008, 3.27652998067e-008, 3.38816583678e-008, 1.16580316956e-007, 2.46230456469e-007, 1.38270038974e-007, 1.919746353e-007, 1.52210532178e-007, 3.04459319977e-008, 2.06092432009e-009, 8.53543694057e-011, 1.10053468075e-011, 2.63420101704e-012, 9.63801182418e-015, 6.47657686929e-018, 1.8559685664e-020]
        max: [8.60229556565e-006, 0.000876764301211, 0.00340392626822, 0.00464090332389, 0.00886210612953, 0.00954330153763, 0.00393355591223, 0.00323053402826, 0.0022524476517, 0.00325029483065, 0.00513098947704, 0.00471814442426, 0.00240048044361, 0.00222188234329, 0.00230413582176, 0.00380042823963, 0.00736387446523, 0.00470520881936, 0.00614617578685, 0.00695758825168, 0.00257503753528, 0.00063260353636, 0.000139718496939, 7.56823792472e-005, 3.8543035771e-005, 1.85385567875e-006, 2.47367708539e-008, 1.17769616281e-009]
        mean: [7.90165358922e-007, 7.29694584152e-005, 0.000227927972446, 0.000248375814408, 0.000616249570157, 0.000264206086285, 0.000107194282464, 8.22837027954e-005, 8.57620034367e-005, 0.000123791527585, 9.96986200335e-005, 0.000127278617583, 8.0961988715e-005, 0.000112099274702, 9.77741656243e-005, 0.000250381359365, 0.000410996173741, 0.000310505361995, 0.000273721729172, 0.000360574369552, 0.000181612049346, 3.43651299772e-005, 7.85901465861e-006, 3.37937262884e-006, 1.55987993367e-006, 7.05240665866e-008, 1.23519250383e-009, 3.63712358842e-011]
        median: [3.60084925433e-007, 4.9468686484e-005, 0.000156372130732, 0.000162274489412, 0.000401347089792, 0.000116706563858, 4.70891900477e-005, 3.53479117621e-005, 3.83414117096e-005, 3.90960449295e-005, 3.44454456354e-005, 2.90756033792e-005, 2.48094238486e-005, 4.687834371e-005, 4.73369327665e-005, 0.000144386518514, 0.000273082638159, 0.000211003789445, 0.000182689866051, 0.000276178820059, 0.000137946291943, 2.098494042e-005, 4.68181269753e-006, 2.17508568312e-006, 9.51039908159e-007, 3.41419905681e-008, 4.30208008106e-010, 1.03341068342e-011]
        min: [9.11526803831e-024, 2.61477287149e-023, 9.77291770916e-024, 7.57139309386e-024, 4.90636773168e-023, 4.73206228824e-023, 2.17144314017e-023, 6.29517565689e-023, 1.02510865357e-022, 3.77923285733e-023, 5.23504126358e-023, 1.38647516885e-022, 1.07416437917e-022, 8.40533440215e-023, 1.29362295865e-022, 7.55847581208e-023, 1.91738120864e-022, 1.80797844421e-022, 3.69678774195e-022, 2.92313279332e-022, 4.39434954632e-022, 6.21581650226e-022, 7.54107556e-022, 6.85197917978e-022, 1.14724972933e-021, 2.37086846443e-021, 2.19407234099e-021, 6.70753862182e-022]
        var: [1.08353744813e-012, 9.0020693122e-009, 5.94322955294e-008, 7.39752650247e-008, 5.92839967339e-007, 3.79918901672e-007, 3.62162460021e-008, 2.43340068096e-008, 1.9121410233e-008, 9.06613735197e-008, 5.86874797648e-008, 8.70617142823e-008, 2.32753816221e-008, 3.75444138001e-008, 2.92599793283e-008, 1.27214491386e-007, 2.57813809412e-007, 1.54867052515e-007, 1.35379821131e-007, 1.53282286419e-007, 4.24979660352e-008, 2.04519645663e-009, 9.35177491002e-011, 2.10554230301e-011, 4.25394355158e-012, 1.06666638819e-014, 5.28690131049e-018, 4.65944861379e-021]
    mfcc:
        mean: [-742.128662109, 110.125137329, -30.9502506256, 55.803817749, -1.92147445679, -0.378246247768, 2.92536258698, -3.9935028553, -1.98668849468, -8.61038970947, -10.7327032089, -4.7107963562, -6.12316131592]
        cov: [[10769.5107422, -1213.9921875, -2683.9152832, 776.477416992, -877.178283691, -367.563690186, -453.868499756, -215.068145752, 179.042221069, -161.20022583, -197.721664429, 131.022949219, -74.4799957275], [-1213.9921875, 1496.35327148, 290.922607422, -394.658294678, 236.889877319, 85.5212478638, 151.003250122, 96.3224639893, -71.5102615356, -8.12598991394, 7.32126903534, -51.1060333252, -4.17868757248], [-2683.9152832, 290.922607422, 1249.65881348, -67.6112976074, 213.550674438, 105.302375793, 66.6301193237, 37.2887382507, -63.5956878662, 38.9564208984, 62.1062469482, -49.4459114075, 23.8521194458], [776.477416992, -394.658294678, -67.6112976074, 579.62902832, -45.8852386475, -121.979255676, -125.883255005, -109.313056946, 34.1973304749, 34.2017936707, 4.28549671173, 30.7408351898, 29.0464782715], [-877.178283691, 236.889877319, 213.550674438, -45.8852386475, 292.23550415, 70.8559875488, 5.9998550415, 14.209479332, -16.8529319763, 6.89117383957, -0.516208231449, -30.393491745, -0.316166013479], [-367.563690186, 85.5212478638, 105.302375793, -121.979255676, 70.8559875488, 195.997711182, 90.615020752, 37.192817688, -6.29067754745, -21.4015789032, -8.30103111267, -12.1995563507, -23.2794952393], [-453.868499756, 151.003250122, 66.6301193237, -125.883255005, 5.9998550415, 90.615020752, 189.783187866, 74.9319000244, -12.9185361862, -13.3100099564, -11.3225908279, -1.77646124363, -14.2511043549], [-215.068145752, 96.3224639893, 37.2887382507, -109.313056946, 14.209479332, 37.192817688, 74.9319000244, 124.380325317, 17.4987220764, -21.1547908783, -13.78632164, -16.0664482117, -10.9238176346], [179.042221069, -71.5102615356, -63.5956878662, 34.1973304749, -16.8529319763, -6.29067754745, -12.9185361862, 17.4987220764, 90.6033630371, 16.5205478668, -16.3630218506, -0.598251342773, -19.9486751556], [-161.20022583, -8.12598991394, 38.9564208984, 34.2017936707, 6.89117383957, -21.4015789032, -13.3100099564, -21.1547908783, 16.5205478668, 87.6718521118, 38.6608009338, -1.25881612301, 3.05764579773], [-197.721664429, 7.32126903534, 62.1062469482, 4.28549671173, -0.516208231449, -8.30103111267, -11.3225908279, -13.78632164, -16.3630218506, 38.6608009338, 99.1529083252, 23.5108833313, 7.30138397217], [131.022949219, -51.1060333252, -49.4459114075, 30.7408351898, -30.393491745, -12.1995563507, -1.77646124363, -16.0664482117, -0.598251342773, -1.25881612301, 23.5108833313, 73.7850799561, 24.2157154083], [-74.4799957275, -4.17868757248, 23.8521194458, 29.0464782715, -0.316166013479, -23.2794952393, -14.2511043549, -10.9238176346, -19.9486751556, 3.05764579773, 7.30138397217, 24.2157154083, 73.950050354]]
        icov: [[0.000325848493958, -7.49252503738e-005, 0.00055959034944, -0.000360409409041, 0.000633707270026, -0.000308850343572, 0.000663666869514, -0.000169756705873, 0.000119226089737, 0.00026621305733, 0.000266200542683, -0.00010114210454, 0.000321316852933], [-7.49252503738e-005, 0.00102046283428, -0.000180070535862, 0.000649702211376, -0.000898024067283, 0.000575460086111, -0.000766088545788, 4.38822389697e-005, 0.000292481912766, -9.30374080781e-005, -0.000144264078699, 0.000267137569608, -0.000169235601788], [0.00055959034944, -0.000180070535862, 0.00201356597245, -0.000758659851272, 0.00055656011682, -0.000892010924872, 0.000944638915826, -0.000544341921341, 0.000674543203786, 0.000146209305967, -0.000230105099035, 0.000605976732913, 2.53654798144e-005], [-0.000360409409041, 0.000649702211376, -0.000758659851272, 0.00317788962275, -0.00109831348527, 0.0015526508214, -0.000659999670461, 0.0019395671552, -0.00120633235201, -0.000403956888476, -2.77074468613e-005, -0.000239552842686, -0.000913943164051], [0.000633707270026, -0.000898024067283, 0.00055656011682, -0.00109831348527, 0.0062265614979, -0.00269659492187, 0.00287895463407, -0.000901550520211, 0.000730646308511, -0.000292060576612, 0.00110292877071, 0.000613812881056, 0.00033803540282], [-0.000308850343572, 0.000575460086111, -0.000892010924872, 0.0015526508214, -0.00269659492187, 0.00873749423772, -0.00447005266324, 0.00156146765221, -0.00121546594892, 0.00186116877012, -0.000793014536612, 0.000174346001586, 0.00112393638119], [0.000663666869514, -0.000766088545788, 0.000944638915826, -0.000659999670461, 0.00287895463407, -0.00447005266324, 0.0113389277831, -0.00560201937333, 0.00322975404561, -0.00191354227718, 0.00278192269616, -0.00290610897355, 0.00216978928074], [-0.000169756705873, 4.38822389697e-005, -0.000544341921341, 0.0019395671552, -0.000901550520211, 0.00156146765221, -0.00560201937333, 0.0141799347475, -0.00584452413023, 0.00423980411142, -0.00187359342817, 0.00323715154082, -0.001878960873], [0.000119226089737, 0.000292481912766, 0.000674543203786, -0.00120633235201, 0.000730646308511, -0.00121546594892, 0.00322975404561, -0.00584452413023, 0.0168157592416, -0.00647723069414, 0.00503619993106, -0.00343633303419, 0.00520446477458], [0.00026621305733, -9.30374080781e-005, 0.000146209305967, -0.000403956888476, -0.000292060576612, 0.00186116877012, -0.00191354227718, 0.00423980411142, -0.00647723069414, 0.0180539153516, -0.00797887239605, 0.00420397426933, -0.00186606647912], [0.000266200542683, -0.000144264078699, -0.000230105099035, -2.77074468613e-005, 0.00110292877071, -0.000793014536612, 0.00278192269616, -0.00187359342817, 0.00503619993106, -0.00797887239605, 0.0161379482597, -0.00685663148761, 0.00269985548221], [-0.00010114210454, 0.000267137569608, 0.000605976732913, -0.000239552842686, 0.000613812881056, 0.000174346001586, -0.00290610897355, 0.00323715154082, -0.00343633303419, 0.00420397426933, -0.00685663148761, 0.0199180562049, -0.00715867709368], [0.000321316852933, -0.000169235601788, 2.53654798144e-005, -0.000913943164051, 0.00033803540282, 0.00112393638119, 0.00216978928074, -0.001878960873, 0.00520446477458, -0.00186606647912, 0.00269985548221, -0.00715867709368, 0.0182420704514]]
    sccoeffs:
        dmean: [0.0449841991067, 0.0462331697345, 0.034355930984, 0.0291847325861, 0.0220081079751, 0.0179571956396]
        dmean2: [0.0729647353292, 0.0763634741306, 0.0563698671758, 0.0474479831755, 0.0361168943346, 0.0291237328202]
        dvar: [0.0016021002084, 0.00162333017215, 0.00079098448623, 0.000581324391533, 0.000382877828088, 0.000266994116828]
        dvar2: [0.0042853904888, 0.00431237416342, 0.00209200335667, 0.00144339737017, 0.000941994367167, 0.000655237352476]
        max: [-0.373505979776, -0.47659060359, -0.477362245321, -0.54728782177, -0.54744464159, -0.612196147442]
        mean: [-0.668228447437, -0.758966684341, -0.785376012325, -0.787259340286, -0.797502458096, -0.767486274242]
        median: [-0.669730246067, -0.763101577759, -0.800011277199, -0.793984293938, -0.799518406391, -0.75681501627]
        min: [-0.961547374725, -0.97765648365, -0.958262979984, -0.956129193306, -0.951338887215, -0.959862351418]
        var: [0.0044800164178, 0.00409576715901, 0.00499275606126, 0.00323766609654, 0.00161712407134, 0.00247852969915]
    scvalleys:
        dmean: [0.293632209301, 0.371626466513, 0.314976423979, 0.29956805706, 0.272228747606, 0.265824407339]
        dmean2: [0.473647028208, 0.610484540462, 0.50680077076, 0.47192683816, 0.416384279728, 0.360758900642]
        dvar: [0.0838643684983, 0.128095299006, 0.101078353822, 0.113422654569, 0.136738240719, 0.132308751345]
        dvar2: [0.182462498546, 0.295951813459, 0.210457310081, 0.226884305477, 0.255332410336, 0.225215539336]
        max: [-5.22488069534, -4.42692518234, -5.19650745392, -5.64835357666, -5.48004817963, -7.80614519119]
        mean: [-6.60688877106, -6.96197891235, -7.49882173538, -7.6953496933, -7.50092315674, -10.1084985733]
        median: [-6.47722387314, -6.70837116241, -7.12040662766, -7.10788249969, -6.71982336044, -9.51667976379]
        min: [-27.3356285095, -26.6651420593, -27.428440094, -27.3458976746, -27.603143692, -27.2325382233]
        var: [0.849112212658, 1.24315416813, 1.68320047855, 2.10806846619, 2.74327468872, 2.61351037025]

rhythm:
    beats_loudness:
        dmean: 0.00145293888636
        dmean2: 0.00247070728801
        dvar: 2.22831454266e-006
        dvar2: 5.96662448515e-006
        max: 0.0124401915818
        mean: 0.00489920657128
        median: 0.00471749063581
        min: 4.37579927848e-008
        var: 8.5199590103e-006
    bpm: 83.08934021
    bpm_confidence: 0
    first_peak_bpm: 83
    first_peak_spread: 0.0331491678953
    first_peak_weight: 0.417661070824
    onset_rate: 2.88800573349
    second_peak_bpm: 167
    second_peak_spread: 0
    second_peak_weight: 0.236276850104
    beats_loudness_band_ratio:
        dmean: [0.0949993431568, 0.116038218141, 0.0510569736362, 0.0588361285627, 0.0786843821406, 0.0623973123729]
        dmean2: [0.157738789916, 0.200710937381, 0.0886078551412, 0.102996475995, 0.137912645936, 0.107818976045]
        dvar: [0.00916602835059, 0.0103384805843, 0.00320012378506, 0.00411036424339, 0.00770394783467, 0.00585004175082]
        dvar2: [0.0224149003625, 0.0309429615736, 0.00888432282954, 0.0116494707763, 0.0216131936759, 0.0117508536205]
        max: [0.963202536106, 0.726267516613, 0.33836761117, 0.526981890202, 0.688855051994, 0.937666773796]
        mean: [0.217606201768, 0.298794865608, 0.0750403031707, 0.104263879359, 0.206101953983, 0.17329134047]
        median: [0.162111610174, 0.280584931374, 0.056600689888, 0.0673797726631, 0.208239555359, 0.173308908939]
        min: [0.000190631544683, 0.00151553982869, 0.00101237278432, 2.38697066379e-005, 6.77849493513e-006, 2.91196624858e-006]
        var: [0.0288335345685, 0.029123807326, 0.003768814262, 0.00817442685366, 0.0167642775923, 0.0136919943616]
    beats_position: [0.684988677502, 1.39319729805, 2.08979582787, 2.7863945961, 3.47138309479, 4.17959165573, 4.88780021667, 5.60761880875, 6.33904743195, 7.05886602402, 7.77868461609, 8.498503685, 9.21832180023, 9.94974994659, 10.6811790466, 11.4009971619, 12.1208162308, 12.840634346, 13.5604534149, 14.2802715302, 15.0000905991, 15.7315187454, 16.4629478455, 17.1827659607, 17.9025840759, 18.6224040985, 19.3422222137, 20.062040329, 20.7934684753, 21.5248966217, 22.2447166443, 22.9645347595, 23.6843528748, 24.40417099, 25.1239910126, 25.8438091278, 26.5752372742, 27.2950553894, 28.0264854431, 28.7463035583, 29.4661216736, 30.1859397888, 30.9057598114, 31.6371879578, 32.3686180115, 33.0884361267, 33.8082542419, 34.5280723572, 35.2478904724, 35.9793205261, 36.7107467651, 37.4305648804, 38.1503829956, 38.8702049255, 39.5900230408, 40.309841156, 41.0296592712, 41.761089325, 42.492515564, 43.2123336792, 43.9321517944, 44.6519737244, 45.3717918396, 46.0916099548, 46.8114280701, 47.5428581238, 48.2742843628, 48.994102478, 49.7139205933, 50.4337387085, 51.1535606384, 51.8733787537, 52.6048049927, 53.3362350464, 54.0560531616, 54.7758712769, 55.4956893921, 56.2155075073, 56.9353294373, 57.6551475525, 58.3749656677, 59.1063919067, 59.8378219604, 60.5576400757, 61.2774581909, 61.9972763062, 62.7170982361, 63.4369163513, 64.1683425903, 64.8881607056, 65.6195907593, 66.3394088745, 67.0592269897, 67.779045105, 68.4988632202, 69.2186813354, 69.9501113892, 70.6815414429, 71.4013595581, 72.1095657349, 72.8293838501, 73.5492019653, 74.280632019, 75.0120620728, 75.7434921265, 76.4633102417, 77.1831283569, 77.9029464722, 78.6227645874, 79.3425827026, 80.0740127563, 80.8054428101, 81.5252609253, 82.2450790405, 82.9648971558, 83.684715271, 84.4045333862, 85.1243515015, 85.8441696167, 86.5639877319, 87.2954177856, 88.0268478394, 88.7466659546, 89.4664840698, 90.1863021851, 90.9061203003, 91.637550354, 92.3689804077, 93.0887985229, 93.8086166382, 94.5284347534, 95.2482528687, 95.9680709839, 96.6878890991, 97.4193191528, 98.1391372681, 98.8705673218, 99.590385437, 100.310203552, 101.030021667, 101.749839783, 102.481269836, 103.21269989, 103.932518005, 104.652336121, 105.372154236, 106.091972351, 106.811790466, 107.531608582, 108.251426697, 108.98285675, 109.714286804, 110.434104919, 111.153923035, 111.885353088, 112.616775513, 113.336593628, 114.056411743, 114.776237488, 115.496055603, 116.215873718, 116.935691833, 117.655509949, 118.375328064, 119.106758118, 119.838180542, 120.557998657, 121.277824402, 121.997642517, 122.717460632, 123.437278748, 124.168708801, 124.900131226, 125.619949341, 126.339767456, 127.059593201, 127.779411316, 128.499221802, 129.219039917, 129.938858032, 130.670288086, 131.40171814, 132.121536255, 132.655593872, 133.189651489, 133.723709106, 134.269378662, 134.815048218, 135.360717773, 135.906387329, 136.463668823, 136.99772644, 137.531784058, 138.065841675, 138.61151123, 139.157180786, 139.702850342, 140.248519897, 140.794189453, 141.339859009, 141.873916626, 142.407974243, 142.94203186, 143.487701416, 144.033370972, 144.579040527, 145.124710083, 145.6587677, 146.192825317, 146.738494873, 147.284164429, 147.829833984, 148.37550354, 148.921173096, 149.466842651, 150.000900269, 150.546569824, 151.080627441, 151.626296997, 152.171966553, 152.717636108, 153.263305664, 153.80897522, 154.343032837, 154.877090454, 155.411148071, 155.956817627, 156.502487183, 157.048156738, 157.593826294, 158.151107788, 158.708389282, 159.207611084, 159.706848145, 160.206069946, 160.589202881, 160.972335815, 161.343856812, 161.726974487, 162.098495483, 162.470016479, 162.841537476, 163.201446533, 163.561355591, 163.921264648, 164.281173706, 164.641082764, 165.000991821, 165.360900879, 165.720809937, 166.092330933, 166.45223999, 166.812149048, 167.183670044, 167.531967163, 167.891876221, 168.251785278, 168.623306274, 168.994827271, 169.366348267, 169.737869263, 170.09777832, 170.457687378, 170.829208374, 171.20072937, 171.560638428, 171.920547485, 172.268844604, 172.628753662, 172.98866272, 173.348571777, 173.708480835, 174.068389893, 174.42829895, 174.788208008, 175.159729004, 175.519638062, 175.891159058, 176.262680054, 176.645797729, 177.028930664, 177.423675537, 177.818405151, 178.32925415, 178.805252075, 179.281265259, 179.768890381, 180.244888306, 180.732513428, 181.208526611, 181.696136475, 182.183761597, 182.682983398, 183.170608521, 183.658233643, 184.157455444, 184.552200317, 184.946929932, 185.330062866, 185.724807739, 186.119537354, 186.525894165, 186.920639038, 187.315368652, 187.710113525, 188.10484314, 188.499588013, 188.871109009, 189.242630005, 189.602539063, 189.974060059, 190.333969116, 190.682266235, 191.042175293, 191.402084351, 191.761993408, 192.121902466, 192.481811523, 192.841720581, 193.201629639, 193.561538696, 193.933059692, 194.29296875, 194.652877808, 195.012786865, 195.372695923, 195.73260498, 196.092514038, 196.452423096, 196.812332153, 197.172241211, 197.532150269, 197.892059326, 198.251968384, 198.62348938, 198.983398438, 199.343307495, 199.703216553, 200.06312561, 200.423034668, 200.782943726, 201.142852783, 201.514373779, 201.874282837, 202.245803833, 202.594100952, 202.965621948, 203.325531006, 203.685440063, 204.045349121, 204.405258179, 204.765167236, 205.125076294, 205.484985352, 205.844894409, 206.216415405, 206.576324463, 206.947845459, 207.307754517, 207.667663574, 208.027572632, 208.375869751, 208.735778809, 209.095687866, 209.455596924, 209.815505981, 210.175415039, 210.535324097, 210.906845093, 211.26675415, 211.626663208, 211.986572266, 212.346481323, 212.718002319, 213.089523315, 213.449432373, 213.809341431, 214.169250488, 214.529159546, 214.889068604, 215.248977661, 215.608886719, 215.968795776, 216.340316772, 216.70022583, 217.060134888, 217.420043945, 217.779953003, 218.139862061, 218.499771118, 218.859680176, 219.219589233, 219.591110229, 219.951019287, 220.310928345, 220.682449341, 221.042358398, 221.402267456, 221.750564575, 222.122085571, 222.481994629, 222.841903687, 223.213424683, 223.57333374, 223.944854736, 224.327972412, 224.699493408, 225.082626343, 225.465759277, 225.837280273, 226.20880127, 226.580307007, 226.963439941, 227.369796753, 227.764526367, 228.15927124, 228.565612793, 228.971969604, 229.378311157, 229.784667969]
    bpm_estimates: [84.7208023071, 86.1328277588, 86.1327972412, 87.5927124023, 84.7208023071, 84.7208023071, 83.3543319702, 82.0312423706, 83.3543319702, 83.3543319702, 83.3542785645, 83.3543930054, 82.0312957764, 82.0311889648, 83.3543930054, 83.3542785645, 83.3543930054, 83.3542785645, 83.3543930054, 83.3542785645, 82.0312957764, 82.0311889648, 83.3543930054, 83.3543930054, 83.3541717529, 83.3543930054, 83.3543930054, 82.0312957764, 82.0312957764, 83.3541717529, 83.3543930054, 83.3543930054, 83.3543930054, 83.3541717529, 83.3543930054, 82.0312957764, 83.3543930054, 82.0310821533, 83.3543930054, 83.3543930054, 83.3543930054, 83.3541717529, 82.0312957764, 82.0310821533, 83.3543930054, 83.3543930054, 83.3543930054, 83.3543930054, 82.0310821533, 82.0315093994, 83.3543930054, 83.3543930054, 83.3539505005, 83.3543930054, 83.3543930054, 83.3543930054, 82.0310821533, 82.0315093994, 83.3543930054, 83.3543930054, 83.3539505005, 83.3543930054, 83.3543930054, 83.3543930054, 82.0310821533, 82.0315093994, 83.3543930054, 83.3543930054, 83.3543930054, 83.3539505005, 83.3543930054, 82.0315093994, 82.0310821533, 83.3543930054, 83.3543930054, 83.3543930054, 83.3543930054, 83.3539505005, 83.3543930054, 83.3543930054, 82.0315093994, 82.0310821533, 83.3543930054, 83.3543930054, 83.3543930054, 83.3539505005, 83.3543930054, 82.0315093994, 83.3543930054, 82.0310821533, 83.3543930054, 83.3543930054, 83.3543930054, 83.3543930054, 83.3543930054, 82.0310821533, 82.0310821533, 83.3543930054, 84.7210922241, 83.3543930054, 83.3543930054, 82.0310821533, 82.0310821533, 82.0310821533, 83.3543930054, 83.3543930054, 83.3543930054, 83.3543930054, 83.3543930054, 82.0310821533, 82.0310821533, 83.3543930054, 83.3543930054, 83.3543930054, 83.3543930054, 83.3543930054, 83.3543930054, 83.3543930054, 83.3543930054, 82.0310821533, 82.0310821533, 83.3543930054, 83.3543930054, 83.3543930054, 83.3543930054, 82.0310821533, 82.0310821533, 83.3543930054, 83.3543930054, 83.3543930054, 83.3543930054, 83.3543930054, 83.3543930054, 82.0310821533, 83.3543930054, 82.0310821533, 83.3543930054, 83.3543930054, 83.3543930054, 83.3543930054, 82.0310821533, 82.0310821533, 83.3543930054, 83.3543930054, 83.3543930054, 83.3543930054, 83.3543930054, 83.3543930054, 83.3543930054, 82.0310821533, 82.0310821533, 83.3543930054, 83.3543930054, 82.0310821533, 82.0319366455, 83.3543930054, 83.3543930054, 83.3535079956, 83.3543930054, 83.3543930054, 83.3543930054, 83.3543930054, 83.3543930054, 82.0310821533, 82.0319366455, 83.3543930054, 83.3535079956, 83.3543930054, 83.3543930054, 83.3543930054, 82.0310821533, 82.0319366455, 83.3543930054, 83.3543930054, 83.3535079956, 83.3543930054, 83.3552703857, 83.3543930054, 83.3543930054, 82.0310821533, 82.0310821533, 83.3543930054]
