
metadata:
    version:
        essentia: "2.1-beta2"
    audio_properties:
        analysis_sample_rate: 44100
        bitrate: 247
        channels: 2
        equal_loudness: 1
        length: 235.415512085
        replay_gain: -14.7250061035
        downmix: "mix"
    tags:
        album: "Rosenrot"
        artist: "Rammstein"
        comment: "Back to rule you all"
        date: "2005"
        genre: "Industrial"
        title: "Wo bist du"
        tracknumber: "5"

configuration:
    average_loudness:
        compute: 1
        frameSize: 88200
        hopSize: 44100
        silentFrames: "noise"
        windowType: "hann"
    general:
        analysisSampleRate: 44100
        endTime: 2000
        equalLoudness: 1
        nequalLoudness: 0
        shortSound: 0
        startTime: 0
    lowlevel:
        compute: 1
        frameSize: 2048
        hopSize: 1024
        zeroPadding: 0
        silentFrames: "noise"
        windowType: "blackmanharris62"
        mfccStats: ["mean", "cov", "icov"]
        stats: ["mean", "var", "median", "min", "max", "dmean", "dmean2", "dvar", "dvar2"]
    panning:
        compute: 0
        frameSize: 8192
        hopSize: 2048
        zeroPadding: 8192
        silentFrames: "noise"
        windowType: "hann"
        stats: ["copy"]
    rhythm:
        compute: 1
        maxTempo: 208
        minTempo: 40
        method: "degara"
        stats: ["mean", "var", "median", "min", "max", "dmean", "dmean2", "dvar", "dvar2"]
    segmentation:
        compute: 0
        cpw: 5
        inc1: 300
        inc2: 50
        minimumSegmentsLength: 10
        size1: 1000
        size2: 600
    sfx:
        compute: 1
        stats: ["mean", "var", "median", "min", "max", "dmean", "dmean2", "dvar", "dvar2"]
    svm:
        compute: 0
    tonal:
        compute: 1
        frameSize: 4096
        hopSize: 2048
        zeroPadding: 0
        silentFrames: "noise"
        windowType: "blackmanharris62"
        stats: ["mean", "var", "median", "min", "max", "dmean", "dmean2", "dvar", "dvar2"]

lowlevel:
    average_loudness: 0.86606246233
    barkbands_kurtosis:
        dmean: 1.16859102249
        dmean2: 1.92465305328
        dvar: 23.1263618469
        dvar2: 64.3180770874
        max: 154.879180908
        mean: 0.157766282558
        median: -0.962720274925
        min: -1.84530746937
        var: 24.0573387146
    barkbands_skewness:
        dmean: 0.398238450289
        dmean2: 0.62045276165
        dvar: 0.284590005875
        dvar2: 0.701078772545
        max: 9.35182189941
        mean: 0.51502007246
        median: 0.44614893198
        min: -3.6631333828
        var: 0.78568226099
    barkbands_spread:
        dmean: 4.70230722427
        dmean2: 7.54597043991
        dvar: 26.5251789093
        dvar2: 64.3979187012
        max: 65.6530609131
        mean: 29.0246677399
        median: 30.7009868622
        min: 0.543529272079
        var: 127.907394409
    dissonance:
        dmean: 0.0179341100156
        dmean2: 0.0302288532257
        dvar: 0.000527495576534
        dvar2: 0.00140577799175
        max: 0.500000119209
        mean: 0.468559414148
        median: 0.477134644985
        min: 0.170035630465
        var: 0.00102508463897
    hfc:
        dmean: 1.80517911911
        dmean2: 2.99306750298
        dvar: 13.055024147
        dvar2: 35.4780349731
        max: 45.5754776001
        mean: 6.61207103729
        median: 5.6719083786
        min: 1.17302098854e-016
        var: 30.3227539063
    pitch:
        dmean: 549.907165527
        dmean2: 1058.11425781
        dvar: 1254106.25
        dvar2: 3235889.5
        max: 5299.64697266
        mean: 825.36505127
        median: 233.062606812
        min: 49.220123291
        var: 1560987.75
    pitch_instantaneous_confidence:
        dmean: 0.0751997157931
        dmean2: 0.121627472341
        dvar: 0.0046284776181
        dvar2: 0.0115319732577
        max: 0.991232991219
        mean: 0.401492446661
        median: 0.361035615206
        min: 0.0934586524963
        var: 0.0337995886803
    pitch_salience:
        dmean: 0.0571216419339
        dmean2: 0.0932455584407
        dvar: 0.00310367718339
        dvar2: 0.00801268126816
        max: 0.943961918354
        mean: 0.659785687923
        median: 0.676826238632
        min: 0.0884012132883
        var: 0.00913718342781
    silence_rate_20dB:
        dmean: 0
        dmean2: 0
        dvar: 0
        dvar2: 0
        max: 1
        mean: 1
        median: 1
        min: 1
        var: 0
    silence_rate_30dB:
        dmean: 0
        dmean2: 0
        dvar: 0
        dvar2: 0
        max: 1
        mean: 1
        median: 1
        min: 1
        var: 0
    silence_rate_60dB:
        dmean: 0.0654896944761
        dmean2: 0.130992308259
        dvar: 0.0611979551613
        dvar2: 0.136145412922
        max: 1
        mean: 0.311143994331
        median: 0
        min: 0
        var: 0.214327633381
    spectral_centroid:
        dmean: 219.55305481
        dmean2: 342.714233398
        dvar: 71467.5625
        dvar2: 145430
        max: 10847.4433594
        mean: 1320.28833008
        median: 1287.8515625
        min: 112.410697937
        var: 274015.53125
    spectral_complexity:
        dmean: 3.10385632515
        dmean2: 5.07772731781
        dvar: 14.2335100174
        dvar2: 34.9447669983
        max: 46
        mean: 13.9052267075
        median: 14
        min: 0
        var: 72.6096801758
    spectral_crest:
        dmean: 1.85442888737
        dmean2: 3.04144668579
        dvar: 3.0802230835
        dvar2: 7.97378587723
        max: 25.3951129913
        mean: 7.15258932114
        median: 6.108938694
        min: 2.26004314423
        var: 12.7815933228
    spectral_decrease:
        dmean: 2.70978905981e-010
        dmean2: 4.44152742363e-010
        dvar: 1.76803173865e-019
        dvar2: 4.69807982247e-019
        max: -4.78988406819e-029
        mean: -1.05564024189e-009
        median: -1.03461206269e-009
        min: -5.13623898968e-009
        var: 4.7434920381e-019
    spectral_energy:
        dmean: 0.00115577783436
        dmean2: 0.00189687265083
        dvar: 3.50856771547e-006
        dvar2: 9.35689422477e-006
        max: 0.022301113233
        mean: 0.00458396412432
        median: 0.0044440869242
        min: 1.08204287566e-020
        var: 9.27867858991e-006
    spectral_energyband_high:
        dmean: 0.000124907281133
        dmean2: 0.000213852603338
        dvar: 7.43142223314e-008
        dvar2: 2.02885544809e-007
        max: 0.00367613439448
        mean: 0.000283729052171
        median: 0.000207373232115
        min: 7.98138979793e-021
        var: 1.18051268316e-007
    spectral_energyband_low:
        dmean: 0.000283652421786
        dmean2: 0.000481059891172
        dvar: 2.1536801853e-007
        dvar2: 6.09147548403e-007
        max: 0.0077728908509
        mean: 0.000467680365546
        median: 0.000360304373316
        min: 4.43658749421e-023
        var: 2.44580860453e-007
    spectral_energyband_middle_high:
        dmean: 0.000526163668837
        dmean2: 0.000842875568196
        dvar: 6.71541272368e-007
        dvar2: 1.71416490957e-006
        max: 0.0126941949129
        mean: 0.00193429831415
        median: 0.00157139997464
        min: 1.55711176537e-021
        var: 2.72076658803e-006
    spectral_energyband_middle_low:
        dmean: 0.000716066511814
        dmean2: 0.00116499385331
        dvar: 1.11659721824e-006
        dvar2: 2.94834057968e-006
        max: 0.0134875541553
        mean: 0.00206697336398
        median: 0.00182530097663
        min: 2.59358154322e-022
        var: 2.50678954217e-006
    spectral_flatness_db:
        dmean: 0.0151579072699
        dmean2: 0.0227636247873
        dvar: 0.000381168618333
        dvar2: 0.000709360348992
        max: 0.582056939602
        mean: 0.155723363161
        median: 0.128089427948
        min: 0.0545250289142
        var: 0.00800990592688
    spectral_flux:
        dmean: 0.00742928916588
        dmean2: 0.0117729622871
        dvar: 8.25443930808e-005
        dvar2: 0.000178045564098
        max: 0.12908282876
        mean: 0.0367607586086
        median: 0.037136644125
        min: 1.0402129158e-010
        var: 0.000337951176334
    spectral_kurtosis:
        dmean: 2.73333716393
        dmean2: 4.5087890625
        dvar: 71.9523544312
        dvar2: 168.512969971
        max: 254.463394165
        mean: 7.66930866241
        median: 4.13489770889
        min: -1.19940304756
        var: 181.458602905
    spectral_rms:
        dmean: 0.000249603996053
        dmean2: 0.000399473210564
        dvar: 1.06492770158e-007
        dvar2: 2.68786351398e-007
        max: 0.00466445973143
        mean: 0.00195504724979
        median: 0.00208223308437
        min: 3.24907917411e-012
        var: 6.49946400699e-007
    spectral_rolloff:
        dmean: 397.05947876
        dmean2: 655.31829834
        dvar: 287141.1875
        dvar2: 601136.5625
        max: 18561.6210938
        mean: 2669.33203125
        median: 2885.44921875
        min: 107.666015625
        var: 1072335.875
    spectral_skewness:
        dmean: 0.268532633781
        dmean2: 0.437420040369
        dvar: 0.262607991695
        dvar2: 0.607187628746
        max: 13.5344161987
        mean: 1.85769343376
        median: 1.62094497681
        min: 0.0023251157254
        var: 0.989156782627
    spectral_spread:
        dmean: 499303.875
        dmean2: 713740.75
        dvar: 562613583872
        dvar2: 994824749056
        max: 40431504
        mean: 4792038
        median: 4823625
        min: 535504.5625
        var: 3.11756980224e+012
    spectral_strongpeak:
        dmean: 0.365557819605
        dmean2: 0.638283073902
        dvar: 0.369146466255
        dvar2: 0.992968976498
        max: 6.61458778381
        mean: 0.559950172901
        median: 0.282827585936
        min: 1.83927495456e-009
        var: 0.55255562067
    zerocrossingrate:
        dmean: 0.00747023615986
        dmean2: 0.00899924803525
        dvar: 7.45503421058e-005
        dvar2: 7.6791155152e-005
        max: 0.49755859375
        mean: 0.0793541818857
        median: 0.080078125
        min: 0.00634765625
        var: 0.000670110806823
    barkbands:
        dmean: [5.84080453336e-007, 7.15676214895e-005, 0.000183197393198, 0.00014635649859, 0.000349721638486, 0.000252403755439, 0.00018183485372, 0.000139815994771, 0.000111485678644, 9.64765058598e-005, 6.04845627095e-005, 9.10385351744e-005, 4.76816821902e-005, 6.26093824394e-005, 5.15316532983e-005, 8.53095625644e-005, 0.00015077291755, 0.000122771351016, 0.000147348837345, 0.000133826295496, 5.49913529539e-005, 1.94440217456e-005, 3.41911982105e-006, 1.93850132746e-006, 1.35638674692e-006, 5.19806597765e-008, 5.58103674386e-010]
        dmean2: [9.16389524264e-007, 0.00012236724433, 0.000312198157189, 0.000246500363573, 0.000576610153075, 0.000414199486841, 0.000300573941786, 0.00023033193429, 0.000181253766641, 0.000152076492668, 9.77501986199e-005, 0.000139554496855, 7.47370431782e-005, 0.00010258686234, 8.58205676195e-005, 0.000141131517012, 0.00024532378302, 0.000199281595997, 0.000243806061917, 0.000234664257732, 9.4632312539e-005, 3.25578948832e-005, 5.7993502196e-006, 2.97917358694e-006, 2.0266033971e-006, 7.62532152976e-008, 8.77827699419e-010]
        dvar: [9.12001810877e-013, 1.80209855927e-008, 9.06892836383e-008, 5.19727691994e-008, 4.67310456997e-007, 1.26846728676e-007, 8.11837850279e-008, 5.69370257608e-008, 3.6654267177e-008, 3.93734325144e-008, 1.2467677557e-008, 3.77566671261e-008, 1.03867714429e-008, 1.91301889885e-008, 1.26066233008e-008, 2.42691413632e-008, 6.83927083855e-008, 4.17869223668e-008, 7.00717279756e-008, 9.49318987864e-008, 1.37853959359e-008, 1.66218694364e-009, 6.90936613479e-011, 2.0294300962e-011, 9.80343670826e-012, 1.14064031657e-014, 1.03654519547e-018]
        dvar2: [2.04770315287e-012, 5.05379311733e-008, 2.60241193928e-007, 1.36286843144e-007, 1.24445318761e-006, 3.40007346722e-007, 2.0986051652e-007, 1.48477241169e-007, 9.29497119273e-008, 9.48923499777e-008, 2.6182510382e-008, 8.3199324763e-008, 2.50427696358e-008, 5.00201764453e-008, 3.14247508015e-008, 6.11085795299e-008, 1.70544453226e-007, 1.02057803986e-007, 1.75148244352e-007, 2.73615796686e-007, 3.58032501424e-008, 4.18069090458e-009, 1.89188734123e-010, 4.5143451477e-011, 2.04794861625e-011, 2.4812756152e-014, 2.38822511122e-018]
        max: [1.19343631013e-005, 0.00138127722312, 0.00498641747981, 0.00690199062228, 0.00981301441789, 0.00516156386584, 0.00457949284464, 0.00403658486903, 0.00448554847389, 0.00583528028801, 0.0039814398624, 0.00506109045818, 0.00272514321841, 0.00291957333684, 0.00303328386508, 0.00317440042272, 0.00574943702668, 0.00506992544979, 0.00724028144032, 0.00395201984793, 0.00250220810995, 0.000784950098023, 0.000131974680698, 0.000107844658487, 0.000111831650429, 1.97616736841e-006, 2.13829611795e-008]
        mean: [9.31819215566e-007, 0.000101070079836, 0.000255612743786, 0.000214168117964, 0.000568478310015, 0.000446434336482, 0.000297693593893, 0.000230255376664, 0.000204695723369, 0.000185822151252, 0.000100047174783, 0.000176644054591, 8.62199740368e-005, 0.000111832901894, 0.000100219862361, 0.000172039304744, 0.000320083956467, 0.00027845997829, 0.000314007862471, 0.0002652349649, 0.000104967999505, 3.49709989678e-005, 6.59717397866e-006, 4.37622020399e-006, 3.00485726257e-006, 1.00399653036e-007, 1.02261910051e-009]
        median: [4.51902678833e-007, 6.63232640363e-005, 0.000169451188412, 0.000140409974847, 0.000386863015592, 0.000294729688903, 0.00016930574202, 0.000110186927486, 0.000108154476038, 7.51069164835e-005, 5.74460282223e-005, 5.68354516872e-005, 3.15501893056e-005, 4.64420882054e-005, 4.7029578127e-005, 9.3748603831e-005, 0.000182664982276, 0.000155103800353, 0.000181337367394, 0.000207778139156, 6.50378642604e-005, 1.72896652657e-005, 3.53366658601e-006, 2.39940845859e-006, 1.7040365492e-006, 5.14364870696e-008, 6.04682248717e-010]
        min: [7.18564721096e-025, 2.80358672915e-023, 9.49354183072e-024, 1.66161937652e-023, 1.96703255578e-023, 4.13603369813e-023, 5.26181488716e-023, 1.57209234125e-023, 5.86109768627e-023, 8.2900591047e-023, 1.31437328212e-022, 1.94386383721e-022, 5.31100730658e-023, 2.09413843177e-022, 1.79778787593e-022, 1.64693634005e-022, 7.40026881091e-023, 1.12523801097e-022, 1.96814939349e-022, 3.24567037578e-022, 4.37793871513e-022, 8.17795565918e-022, 8.56385884095e-022, 9.35198970273e-022, 9.91198451508e-022, 1.75678015977e-021, 2.20692676002e-021]
        var: [1.68025120727e-012, 1.66967648596e-008, 1.00183321194e-007, 7.49984323534e-008, 5.31293835593e-007, 2.48135563652e-007, 1.53646567469e-007, 1.25000440221e-007, 8.89739197873e-008, 1.35959325576e-007, 3.96710966299e-008, 1.18597270671e-007, 2.13882778155e-008, 4.14288052752e-008, 3.91466343785e-008, 6.13376087699e-008, 1.90337871686e-007, 1.48488666696e-007, 1.72249471575e-007, 1.00568499306e-007, 2.38725377244e-008, 2.96314373038e-009, 9.59810633749e-011, 4.6290339617e-011, 2.28229154325e-011, 2.16764591167e-014, 1.79716775401e-018]
    frequency_bands:
        dmean: [5.84080453336e-007, 7.15676214895e-005, 0.000183197393198, 0.00014635649859, 0.000349721638486, 0.000252403755439, 0.00018183485372, 0.000139815994771, 0.000111485678644, 9.64765058598e-005, 6.04845627095e-005, 9.10385351744e-005, 4.76816821902e-005, 6.26093824394e-005, 5.15316532983e-005, 8.53095625644e-005, 0.00015077291755, 0.000122771351016, 0.000147348837345, 0.000133826295496, 5.49913529539e-005, 1.94440217456e-005, 3.41911982105e-006, 1.93850132746e-006, 1.35638674692e-006, 5.19806597765e-008, 5.58103674386e-010, 5.37754597796e-011]
        dmean2: [9.16389524264e-007, 0.00012236724433, 0.000312198157189, 0.000246500363573, 0.000576610153075, 0.000414199486841, 0.000300573941786, 0.00023033193429, 0.000181253766641, 0.000152076492668, 9.77501986199e-005, 0.000139554496855, 7.47370431782e-005, 0.00010258686234, 8.58205676195e-005, 0.000141131517012, 0.00024532378302, 0.000199281595997, 0.000243806061917, 0.000234664257732, 9.4632312539e-005, 3.25578948832e-005, 5.7993502196e-006, 2.97917358694e-006, 2.0266033971e-006, 7.62532152976e-008, 8.77827699419e-010, 1.0037699838e-010]
        dvar: [9.12001810877e-013, 1.80209855927e-008, 9.06892836383e-008, 5.19727691994e-008, 4.67310456997e-007, 1.26846728676e-007, 8.11837850279e-008, 5.69370257608e-008, 3.6654267177e-008, 3.93734325144e-008, 1.2467677557e-008, 3.77566671261e-008, 1.03867714429e-008, 1.91301889885e-008, 1.26066233008e-008, 2.42691413632e-008, 6.83927083855e-008, 4.17869223668e-008, 7.00717279756e-008, 9.49318987864e-008, 1.37853959359e-008, 1.66218694364e-009, 6.90936613479e-011, 2.0294300962e-011, 9.80343670826e-012, 1.14064031657e-014, 1.03654519547e-018, 6.84267067159e-021]
        dvar2: [2.04770315287e-012, 5.05379311733e-008, 2.60241193928e-007, 1.36286843144e-007, 1.24445318761e-006, 3.40007346722e-007, 2.0986051652e-007, 1.48477241169e-007, 9.29497119273e-008, 9.48923499777e-008, 2.6182510382e-008, 8.3199324763e-008, 2.50427696358e-008, 5.00201764453e-008, 3.14247508015e-008, 6.11085795299e-008, 1.70544453226e-007, 1.02057803986e-007, 1.75148244352e-007, 2.73615796686e-007, 3.58032501424e-008, 4.18069090458e-009, 1.89188734123e-010, 4.5143451477e-011, 2.04794861625e-011, 2.4812756152e-014, 2.38822511122e-018, 2.21626420742e-020]
        max: [1.19343631013e-005, 0.00138127722312, 0.00498641747981, 0.00690199062228, 0.00981301441789, 0.00516156386584, 0.00457949284464, 0.00403658486903, 0.00448554847389, 0.00583528028801, 0.0039814398624, 0.00506109045818, 0.00272514321841, 0.00291957333684, 0.00303328386508, 0.00317440042272, 0.00574943702668, 0.00506992544979, 0.00724028144032, 0.00395201984793, 0.00250220810995, 0.000784950098023, 0.000131974680698, 0.000107844658487, 0.000111831650429, 1.97616736841e-006, 2.13829611795e-008, 1.13409359681e-009]
        mean: [9.31819215566e-007, 0.000101070079836, 0.000255612743786, 0.000214168117964, 0.000568478310015, 0.000446434336482, 0.000297693593893, 0.000230255376664, 0.000204695723369, 0.000185822151252, 0.000100047174783, 0.000176644054591, 8.62199740368e-005, 0.000111832901894, 0.000100219862361, 0.000172039304744, 0.000320083956467, 0.00027845997829, 0.000314007862471, 0.0002652349649, 0.000104967999505, 3.49709989678e-005, 6.59717397866e-006, 4.37622020399e-006, 3.00485726257e-006, 1.00399653036e-007, 1.02261910051e-009, 4.11451463178e-011]
        median: [4.51902678833e-007, 6.63232640363e-005, 0.000169451188412, 0.000140409974847, 0.000386863015592, 0.000294729688903, 0.00016930574202, 0.000110186927486, 0.000108154476038, 7.51069164835e-005, 5.74460282223e-005, 5.68354516872e-005, 3.15501893056e-005, 4.64420882054e-005, 4.7029578127e-005, 9.3748603831e-005, 0.000182664982276, 0.000155103800353, 0.000181337367394, 0.000207778139156, 6.50378642604e-005, 1.72896652657e-005, 3.53366658601e-006, 2.39940845859e-006, 1.7040365492e-006, 5.14364870696e-008, 6.04682248717e-010, 1.26281658741e-011]
        min: [7.18564721096e-025, 2.80358672915e-023, 9.49354183072e-024, 1.66161937652e-023, 1.96703255578e-023, 4.13603369813e-023, 5.26181488716e-023, 1.57209234125e-023, 5.86109768627e-023, 8.2900591047e-023, 1.31437328212e-022, 1.94386383721e-022, 5.31100730658e-023, 2.09413843177e-022, 1.79778787593e-022, 1.64693634005e-022, 7.40026881091e-023, 1.12523801097e-022, 1.96814939349e-022, 3.24567037578e-022, 4.37793871513e-022, 8.17795565918e-022, 8.56385884095e-022, 9.35198970273e-022, 9.91198451508e-022, 1.75678015977e-021, 2.20692676002e-021, 8.5187546774e-022]
        var: [1.68025120727e-012, 1.66967648596e-008, 1.00183321194e-007, 7.49984323534e-008, 5.31293835593e-007, 2.48135563652e-007, 1.53646567469e-007, 1.25000440221e-007, 8.89739197873e-008, 1.35959325576e-007, 3.96710966299e-008, 1.18597270671e-007, 2.13882778155e-008, 4.14288052752e-008, 3.91466343785e-008, 6.13376087699e-008, 1.90337871686e-007, 1.48488666696e-007, 1.72249471575e-007, 1.00568499306e-007, 2.38725377244e-008, 2.96314373038e-009, 9.59810633749e-011, 4.6290339617e-011, 2.28229154325e-011, 2.16764591167e-014, 1.79716775401e-018, 5.29307179028e-021]
    mfcc:
        mean: [-730.303649902, 113.256561279, -35.3171081543, 41.7914199829, -9.88852977753, -13.5042610168, -0.346835762262, -5.94773006439, -1.89671623707, -5.38621425629, -3.06385421753, -0.800582110882, -2.82514238358]
        cov: [[12600.1748047, 915.367370605, -428.589111328, 2198.55517578, -186.554122925, 139.209899902, 138.21925354, -129.446807861, 131.517288208, -362.107513428, -508.809906006, -252.516464233, -47.7605361938], [915.367370605, 1052.40808105, 65.1684188843, 306.884246826, 74.4775161743, -37.632686615, 32.3428115845, -27.8832778931, -6.39526510239, -72.8374404907, -118.029083252, -64.0645370483, 1.56364560127], [-428.589111328, 65.1684188843, 671.239624023, 165.913909912, 28.1208782196, 50.0336227417, 12.9564781189, 7.03044557571, 19.1423873901, -55.2105102539, -87.1262817383, -55.587097168, 12.6663579941], [2198.55517578, 306.884246826, 165.913909912, 754.86138916, 61.5224761963, 32.4831542969, 28.6247310638, -13.2758779526, 48.8746070862, -92.2960968018, -180.758331299, -121.129325867, -12.330365181], [-186.554122925, 74.4775161743, 28.1208782196, 61.5224761963, 189.899291992, 13.1604127884, -16.1114025116, -1.66885781288, -7.27266550064, 3.08099794388, -7.7614402771, -28.2582817078, -0.99884390831], [139.209899902, -37.632686615, 50.0336227417, 32.4831542969, 13.1604127884, 160.237960815, 56.8862762451, -6.3180141449, 4.62563228607, -13.4708108902, 6.97563934326, 9.9832572937, 8.80475711823], [138.21925354, 32.3428115845, 12.9564781189, 28.6247310638, -16.1114025116, 56.8862762451, 107.022941589, 28.2306194305, 18.4632644653, 5.2991309166, -0.0466749891639, 2.197879076, -6.48369407654], [-129.446807861, -27.8832778931, 7.03044557571, -13.2758779526, -1.66885781288, -6.3180141449, 28.2306194305, 98.3858642578, 44.1954193115, 10.6208486557, 11.3927326202, 4.77103090286, -12.3583297729], [131.517288208, -6.39526510239, 19.1423873901, 48.8746070862, -7.27266550064, 4.62563228607, 18.4632644653, 44.1954193115, 90.028137207, 23.1563892365, -11.1127796173, -11.2395343781, -17.4158306122], [-362.107513428, -72.8374404907, -55.2105102539, -92.2960968018, 3.08099794388, -13.4708108902, 5.2991309166, 10.6208486557, 23.1563892365, 97.2597961426, 57.9596099854, 7.08319044113, -19.5117416382], [-508.809906006, -118.029083252, -87.1262817383, -180.758331299, -7.7614402771, 6.97563934326, -0.0466749891639, 11.3927326202, -11.1127796173, 57.9596099854, 136.511138916, 69.8739242554, -0.741648197174], [-252.516464233, -64.0645370483, -55.587097168, -121.129325867, -28.2582817078, 9.9832572937, 2.197879076, 4.77103090286, -11.2395343781, 7.08319044113, 69.8739242554, 119.105300903, 46.7128105164], [-47.7605361938, 1.56364560127, 12.6663579941, -12.330365181, -0.99884390831, 8.80475711823, -6.48369407654, -12.3583297729, -17.4158306122, -19.5117416382, -0.741648197174, 46.7128105164, 78.4872436523]]
        icov: [[0.000257926876657, -2.08614928852e-005, 0.000384952611057, -0.000797456828877, 0.000443497876404, -0.0001482773514, -6.55525363982e-005, 0.000285304966383, -0.000209040706977, 0.0004411660193, -2.27211567108e-005, -7.58264723117e-005, 0.000139951182064], [-2.08614928852e-005, 0.00121966644656, -1.3578148355e-005, -0.000242725203861, -0.000553425285034, 0.000783953873906, -0.000930998590775, 0.000494380132295, 2.29917641263e-005, 0.00050694210222, 0.000368953769794, -9.48976958171e-005, 2.41061243287e-005], [0.000384952611057, -1.3578148355e-005, 0.0023051481694, -0.00126305583399, 0.00056740216678, -0.000778856861871, 4.28447528975e-005, 0.000129642721731, -0.000594471872319, 0.00113329652231, 0.000472092011478, 0.000545739370864, -0.000387886888348], [-0.000797456828877, -0.000242725203861, -0.00126305583399, 0.00478542549536, -0.0018769580638, 0.00018859138072, -0.000241193876718, -0.000229437529924, -0.000897707242984, -0.000160347757628, 0.00162974395789, 0.00119785882998, -0.00056247721659], [0.000443497876404, -0.000553425285034, 0.00056740216678, -0.0018769580638, 0.00700736744329, -0.00175413850229, 0.00202361494303, -0.000910567119718, 0.00102044432424, -0.000670622277539, -0.000959885423072, 0.00183488440234, -0.000837201368995], [-0.0001482773514, 0.000783953873906, -0.000778856861871, 0.00018859138072, -0.00175413850229, 0.00960649549961, -0.00607596943155, 0.00307291490026, -0.00171497813426, 0.00278055039234, -0.0023276892025, 6.1944607296e-005, -0.000816755346023], [-6.55525363982e-005, -0.000930998590775, 4.28447528975e-005, -0.000241193876718, 0.00202361494303, -0.00607596943155, 0.0146912075579, -0.00515298591927, 0.001224100939, -0.00314298830926, 0.00141503906343, -0.00089048355585, 0.00107709155418], [0.000285304966383, 0.000494380132295, 0.000129642721731, -0.000229437529924, -0.000910567119718, 0.00307291490026, -0.00515298591927, 0.0161676760763, -0.00857178959996, 0.00406346423551, -0.00252540106885, -0.000354365591193, 0.00116569665261], [-0.000209040706977, 2.29917641263e-005, -0.000594471872319, -0.000897707242984, 0.00102044432424, -0.00171497813426, 0.001224100939, -0.00857178959996, 0.0189764127135, -0.00800755247474, 0.00470787473023, -0.00237527652644, 0.00246231001802], [0.0004411660193, 0.00050694210222, 0.00113329652231, -0.000160347757628, -0.000670622277539, 0.00278055039234, -0.00314298830926, 0.00406346423551, -0.00800755247474, 0.0202659405768, -0.00941942725331, 0.00437623495236, 0.000677648640703], [-2.27211567108e-005, 0.000368953769794, 0.000472092011478, 0.00162974395789, -0.000959885423072, -0.0023276892025, 0.00141503906343, -0.00252540106885, 0.00470787473023, -0.00941942725331, 0.020382925868, -0.0110875591636, 0.0056213545613], [-7.58264723117e-005, -9.48976958171e-005, 0.000545739370864, 0.00119785882998, 0.00183488440234, 6.1944607296e-005, -0.00089048355585, -0.000354365591193, -0.00237527652644, 0.00437623495236, -0.0110875591636, 0.0208478681743, -0.0120089100674], [0.000139951182064, 2.41061243287e-005, -0.000387886888348, -0.00056247721659, -0.000837201368995, -0.000816755346023, 0.00107709155418, 0.00116569665261, 0.00246231001802, 0.000677648640703, 0.0056213545613, -0.0120089100674, 0.0210685580969]]
    sccoeffs:
        dmean: [0.051656100899, 0.0473694913089, 0.0373835973442, 0.0280980020761, 0.0210023038089, 0.0177845917642]
        dmean2: [0.0847594067454, 0.0787888988853, 0.0620985329151, 0.0462915636599, 0.0349029004574, 0.0292794182897]
        dvar: [0.00183324760292, 0.00138108094689, 0.000865949608851, 0.000512093538418, 0.000349602341885, 0.000350699818227]
        dvar2: [0.00477532623336, 0.00377445900813, 0.00233040191233, 0.00137831130996, 0.000880728010088, 0.000892612151802]
        max: [-0.34594810009, -0.372120529413, -0.409568160772, -0.476463615894, -0.609497666359, -0.60124284029]
        mean: [-0.682209014893, -0.741395294666, -0.773198783398, -0.782139837742, -0.794596731663, -0.786098003387]
        median: [-0.685103774071, -0.749571204185, -0.78475356102, -0.793678402901, -0.799960017204, -0.788743019104]
        min: [-0.956899642944, -0.963410556316, -0.964699864388, -0.961813807487, -0.96965020895, -0.957522630692]
        var: [0.00542616005987, 0.00561403483152, 0.00534023391083, 0.00407208828256, 0.00162631890271, 0.00123341497965]
    scvalleys:
        dmean: [0.389073878527, 0.366791725159, 0.315270990133, 0.281041681767, 0.243696823716, 0.244806051254]
        dmean2: [0.632926821709, 0.611564099789, 0.510761857033, 0.440991908312, 0.382667303085, 0.360536426306]
        dvar: [0.167928650975, 0.173266515136, 0.142922446132, 0.124965555966, 0.133863851428, 0.145287618041]
        dvar2: [0.34226000309, 0.350186377764, 0.263548105955, 0.224512800574, 0.250544190407, 0.264978766441]
        max: [-5.03790426254, -4.51487827301, -4.98398017883, -5.6844420433, -5.44251489639, -7.70124578476]
        mean: [-6.96185064316, -6.53334236145, -7.17727375031, -7.57178258896, -7.46436357498, -10.0263395309]
        median: [-6.34774017334, -6.11494636536, -6.77924728394, -7.11641979218, -6.83601379395, -9.39616394043]
        min: [-27.5119495392, -27.4002628326, -27.0791149139, -27.2881984711, -27.1861820221, -27.2923965454]
        var: [3.61157393456, 2.18674373627, 1.90305376053, 2.02536940575, 2.5569024086, 3.42404150963]

rhythm:
    beats_loudness:
        dmean: 0.00215143850073
        dmean2: 0.00369451148435
        dvar: 3.50883078681e-006
        dvar2: 9.62185004028e-006
        max: 0.0140909468755
        mean: 0.00518258148804
        median: 0.00509768305346
        min: 6.42263309203e-009
        var: 9.27332075662e-006
    bpm: 156.348648071
    bpm_confidence: 0
    first_peak_bpm: 157
    first_peak_spread: 0.288848251104
    first_peak_weight: 0.632520318031
    onset_rate: 2.60815453529
    second_peak_bpm: 152
    second_peak_spread: 0.28125
    second_peak_weight: 0.0373983755708
    beats_loudness_band_ratio:
        dmean: [0.108747035265, 0.161825150251, 0.101291626692, 0.0729870274663, 0.0843335315585, 0.0659731179476]
        dmean2: [0.185477614403, 0.279787987471, 0.174310266972, 0.125402152538, 0.1421110183, 0.110893674195]
        dvar: [0.0131249949336, 0.0155306532979, 0.0088777532801, 0.00739870546386, 0.00699559273198, 0.00473552662879]
        dvar2: [0.0336709432304, 0.0433437526226, 0.0242240056396, 0.0193139538169, 0.0187054239213, 0.0132662151009]
        max: [0.801175415516, 0.782765567303, 0.880851984024, 0.936674177647, 0.671317279339, 0.514201819897]
        mean: [0.174397647381, 0.259037107229, 0.194649219513, 0.133185341954, 0.179061517119, 0.129506260157]
        median: [0.142950102687, 0.232999116182, 0.159090787172, 0.0927567332983, 0.151828542352, 0.115344807506]
        min: [1.12000634545e-006, 2.90755633614e-006, 0.0180028639734, 0.00606069574133, 0.00565483327955, 0.000263840105617]
        var: [0.018829440698, 0.0258930437267, 0.0181841943413, 0.0169400963932, 0.0141808614135, 0.00690781604499]
    beats_position: [0.406349211931, 0.812698423862, 1.21904754639, 1.6137868166, 2.02013611794, 2.41487526894, 2.80961441994, 3.21596360207, 3.62231278419, 4.01705217361, 4.42340135574, 4.85297060013, 5.2941493988, 5.72371864319, 6.14167785645, 6.57124710083, 7.00081634521, 7.4303855896, 7.87156438828, 8.31274318695, 8.75392246246, 9.14866161346, 9.53179073334, 9.92653083801, 10.3328800201, 10.7392292023, 11.1455783844, 11.5403175354, 11.9350566864, 12.3181858063, 12.7013149261, 13.084444046, 13.4559631348, 13.8274831772, 14.2106122971, 14.5937414169, 14.9768705368, 15.3599996567, 15.7431287766, 16.114648819, 16.4861679077, 16.8692970276, 17.2524261475, 17.6355552673, 18.0186843872, 18.4018135071, 18.7733325958, 19.1564617157, 19.5279808044, 19.9111099243, 20.2942390442, 20.6773700714, 21.0488891602, 21.43201828, 21.8035373688, 22.1866664886, 22.5697956085, 22.9413146973, 23.3244438171, 23.707572937, 24.0907020569, 24.4738311768, 24.8453502655, 25.2284793854, 25.6116104126, 25.9831295013, 26.3546485901, 26.73777771, 27.1209068298, 27.5040359497, 27.8871650696, 28.2702941895, 28.6418132782, 29.0249423981, 29.3964614868, 29.7795906067, 30.1627197266, 30.5458488464, 30.9289798737, 31.3004989624, 31.6720180511, 32.0551452637, 32.4382743835, 32.8214035034, 33.204536438, 33.5876655579, 33.9707946777, 34.3539237976, 34.725440979, 35.1085700989, 35.480091095, 35.8516082764, 36.2347373962, 36.6178665161, 37.000995636, 37.3841247559, 37.755645752, 38.1387748718, 38.5219039917, 38.9050331116, 39.2881622314, 39.6596832275, 40.0428123474, 40.4259414673, 40.7974586487, 41.1805877686, 41.5637168884, 41.9468460083, 42.3183670044, 42.7014961243, 43.0730133057, 43.4561424255, 43.8392753601, 44.2107925415, 44.5823135376, 44.9654426575, 45.3485717773, 45.7317008972, 46.1148300171, 46.4863471985, 46.8694763184, 47.2409973145, 47.6241264343, 48.0072555542, 48.3903846741, 48.7735137939, 49.1566429138, 49.5397720337, 49.9229011536, 50.2944221497, 50.6659393311, 51.0490684509, 51.4321975708, 51.8037185669, 52.1868476868, 52.5699768066, 52.9531059265, 53.3362350464, 53.7077522278, 54.0908851624, 54.4624023438, 54.8455314636, 55.2170524597, 55.6117897034, 55.9833106995, 56.3664398193, 56.7495689392, 57.1326980591, 57.515827179, 57.8873443604, 58.2588653564, 58.6419944763, 59.0251235962, 59.3966445923, 59.7797737122, 60.162902832, 60.5460319519, 60.9175491333, 61.3006782532, 61.683807373, 62.0669364929, 62.438457489, 62.8099746704, 63.1931037903, 63.5762329102, 63.95936203, 64.3424911499, 64.7256240845, 65.1087493896, 65.4802703857, 65.8517913818, 66.234916687, 66.6180496216, 67.0011749268, 67.3843078613, 67.7558288574, 68.1273422241, 68.5104751587, 68.8936004639, 69.2767333984, 69.659866333, 70.0313796997, 70.4145126343, 70.7976379395, 71.180770874, 71.5638961792, 71.9354171753, 72.3185501099, 72.701675415, 73.0731964111, 73.4447174072, 73.8278427124, 74.1993637085, 74.5824966431, 74.9656219482, 75.3487548828, 75.7202682495, 76.1034011841, 76.4865264893, 76.8696594238, 77.252784729, 77.6243057251, 78.0074386597, 78.3905639648, 78.7620849609, 79.1452102661, 79.5283432007, 79.9114761353, 80.2946014404, 80.6661224365, 81.0492477417, 81.4323806763, 81.8039016724, 82.1870269775, 82.5701599121, 82.9532852173, 83.3364181519, 83.7079315186, 84.0794525146, 84.4625854492, 84.8457107544, 85.228843689, 85.6119689941, 85.9951019287, 86.3666229248, 86.7381362915, 87.1212692261, 87.5043945313, 87.8759155273, 88.2590484619, 88.6421737671, 89.0253067017, 89.3968200684, 89.7799530029, 90.1630859375, 90.5345993042, 90.9177322388, 91.2892532349, 91.67237854, 92.0555114746, 92.4386367798, 92.8217697144, 93.2048950195, 93.5880279541, 93.9711532593, 94.3426742554, 94.7141952515, 95.0973205566, 95.4688415527, 95.8403625488, 96.223487854, 96.6066207886, 96.9897460938, 97.3728790283, 97.7560043335, 98.1275253296, 98.5106582642, 98.8821716309, 99.2653045654, 99.6484298706, 100.031562805, 100.41469574, 100.797821045, 101.180953979, 101.552467346, 101.923988342, 102.307121277, 102.690246582, 103.073379517, 103.456504822, 103.839637756, 104.211151123, 104.582672119, 104.965805054, 105.348930359, 105.732063293, 106.10358429, 106.486709595, 106.869842529, 107.252967834, 107.624488831, 107.996009827, 108.379135132, 108.762268066, 109.133781433, 109.516914368, 109.900039673, 110.283172607, 110.666305542, 111.049430847, 111.432563782, 111.815689087, 112.187210083, 112.570335388, 112.941856384, 113.336593628, 113.708114624, 114.091247559, 114.474372864, 114.84589386, 115.217414856, 115.600540161, 115.983673096, 116.355194092, 116.738319397, 117.121452332, 117.504577637, 117.887710571, 118.270835876, 118.653968811, 119.025482178, 119.408615112, 119.791740417, 120.163261414, 120.546394348, 120.929519653, 121.301040649, 121.672561646, 122.055686951, 122.438819885, 122.810340881, 123.193466187, 123.576599121, 123.959724426, 124.331245422, 124.702766418, 125.085891724, 125.469024658, 125.852149963, 126.235282898, 126.618408203, 127.001541138, 127.384666443, 127.756187439, 128.127700806, 128.51083374, 128.893966675, 129.265487671, 129.648620605, 130.031738281, 130.403259277, 130.786392212, 131.169525146, 131.564254761, 131.935775757, 132.307296753, 132.690429688, 133.073562622, 133.445083618, 133.828201294, 134.211334229, 134.582855225, 134.965988159, 135.349105835, 135.720626831, 136.103759766, 136.475280762, 136.858413696, 137.241546631, 137.624664307, 138.007797241, 138.379318237, 138.762451172, 139.145568848, 139.528701782, 139.900222778, 140.283355713, 140.666488647, 141.049606323, 141.421127319, 141.804260254, 142.187393188, 142.558914185, 142.930435181, 143.313552856, 143.708297729, 144.079818726, 144.46295166, 144.846069336, 145.217590332, 145.600723267, 145.983856201, 146.355377197, 146.738494873, 147.110015869, 147.493148804, 147.876281738, 148.259414673, 148.63092041, 149.014053345, 149.397186279, 149.768707275, 150.15184021, 150.534957886, 150.906478882, 151.289611816, 151.672744751, 152.055877686, 152.438995361, 152.822128296, 153.20526123, 153.576782227, 153.948303223, 154.331420898, 154.714553833, 155.097686768, 155.480819702, 155.852325439, 156.235458374, 156.618591309, 156.990112305, 157.361633301, 157.744766235, 158.127883911, 158.511016846, 158.89414978, 159.277282715, 159.648788452, 160.031921387, 160.415054321, 160.786575317, 161.158096313, 161.541213989, 161.935958862, 162.319091797, 162.702224731, 163.073745728, 163.456863403, 163.828384399, 164.211517334, 164.58303833, 164.954559326, 165.337677002, 165.720809937, 166.103942871, 166.487075806, 166.858596802, 167.241714478, 167.624847412, 167.996368408, 168.379501343, 168.762634277, 169.134140015, 169.517272949, 169.900405884, 170.283538818, 170.655059814, 171.026565552, 171.409698486, 171.792831421, 172.175964355, 172.55909729, 172.942214966, 173.3253479, 173.708480835, 174.080001831, 174.451522827, 174.834640503, 175.217773438, 175.600906372, 175.984039307, 176.367156982, 176.750289917, 177.121810913, 177.493331909, 177.876464844, 178.25958252, 178.642715454, 179.01423645, 179.385757446, 179.768890381, 180.163619995, 180.535140991, 180.918273926, 181.30140686, 181.684524536, 182.067657471, 182.439178467, 182.810699463, 183.193832397, 183.576965332, 183.948471069, 184.331604004, 184.714736938, 185.086257935, 185.469390869, 185.852508545, 186.224029541, 186.607162476, 186.978683472, 187.361816406, 187.756546021, 188.128067017, 188.511199951, 188.894332886, 189.265853882, 189.637359619, 190.008880615, 190.403625488, 190.786758423, 191.169876099, 191.553009033, 191.936141968, 192.319274902, 192.690795898, 193.073913574, 193.44543457, 193.828567505, 194.211700439, 194.583221436, 194.954742432, 195.337860107, 195.720993042, 196.104125977, 196.487258911, 196.870376587, 197.253509521, 197.625030518, 197.996551514, 198.379684448, 198.762802124, 199.145935059, 199.529067993, 199.912200928, 200.295318604, 200.6668396, 201.038360596, 201.42149353, 201.804626465, 202.176147461, 202.559265137, 202.942398071, 203.313919067, 203.697052002, 204.080184937, 204.463302612, 204.846435547, 205.217956543, 205.601089478, 205.984207153, 206.355728149, 206.738861084, 207.121994019, 207.505126953, 207.87663269, 208.248153687, 208.631286621, 209.014419556, 209.39755249, 209.780670166, 210.163803101, 210.535324097, 210.906845093, 211.289978027, 211.673095703, 212.056228638, 212.427749634, 212.810882568, 213.194015503, 213.565536499, 213.948654175, 214.331787109, 214.714920044, 215.08644104, 215.457962036, 215.841079712, 216.224212646, 216.607345581, 216.990478516, 217.373596191, 217.756729126, 218.128250122, 218.511383057, 218.894515991, 219.277633667, 219.660766602, 220.032287598, 220.415420532, 220.798538208, 221.181671143, 221.564804077, 221.936325073, 222.307846069, 222.690963745, 223.07409668, 223.445617676, 223.82875061, 224.211883545, 224.595001221, 224.978134155, 225.349655151, 225.732788086, 226.115921021, 226.499038696, 226.882171631, 227.265304565, 227.66003418, 228.054779053, 228.449523926, 228.84425354, 229.204162598, 229.564071655, 229.923980713, 230.341949463, 230.736679077, 231.13142395, 231.526168823, 231.897689819, 232.269195557, 232.640716553, 233.012237549, 233.383758545, 233.755279541, 234.138412476, 234.509933472, 234.881454468]
