
metadata:
    version:
        essentia: "2.1-beta2"
    audio_properties:
        analysis_sample_rate: 44100
        bitrate: 256
        channels: 2
        equal_loudness: 1
        length: 211.461227417
        replay_gain: -15.1278800964
        downmix: "mix"
    tags:
        album: "Human Bomb"
        artist: "Black Bomb A"
        comment: ""
        date: "2001"
        genre: "Rock"
        title: "Project"
        tracknumber: "9"

configuration:
    average_loudness:
        compute: 1
        frameSize: 88200
        hopSize: 44100
        silentFrames: "noise"
        windowType: "hann"
    general:
        analysisSampleRate: 44100
        endTime: 2000
        equalLoudness: 1
        nequalLoudness: 0
        shortSound: 0
        startTime: 0
    lowlevel:
        compute: 1
        frameSize: 2048
        hopSize: 1024
        zeroPadding: 0
        silentFrames: "noise"
        windowType: "blackmanharris62"
        mfccStats: ["mean", "cov", "icov"]
        stats: ["mean", "var", "median", "min", "max", "dmean", "dmean2", "dvar", "dvar2"]
    panning:
        compute: 0
        frameSize: 8192
        hopSize: 2048
        zeroPadding: 8192
        silentFrames: "noise"
        windowType: "hann"
        stats: ["copy"]
    rhythm:
        compute: 1
        maxTempo: 208
        minTempo: 40
        method: "degara"
        stats: ["mean", "var", "median", "min", "max", "dmean", "dmean2", "dvar", "dvar2"]
    segmentation:
        compute: 0
        cpw: 5
        inc1: 300
        inc2: 50
        minimumSegmentsLength: 10
        size1: 1000
        size2: 600
    sfx:
        compute: 1
        stats: ["mean", "var", "median", "min", "max", "dmean", "dmean2", "dvar", "dvar2"]
    svm:
        compute: 0
    tonal:
        compute: 1
        frameSize: 4096
        hopSize: 2048
        zeroPadding: 0
        silentFrames: "noise"
        windowType: "blackmanharris62"
        stats: ["mean", "var", "median", "min", "max", "dmean", "dmean2", "dvar", "dvar2"]

lowlevel:
    average_loudness: 0.943190515041
    barkbands_kurtosis:
        dmean: 0.960297226906
        dmean2: 1.57193088531
        dvar: 1.3317232132
        dvar2: 3.35175704956
        max: 21.5669441223
        mean: 0.0621981211007
        median: -0.323061645031
        min: -1.86679053307
        var: 2.52771854401
    barkbands_skewness:
        dmean: 0.388432681561
        dmean2: 0.615726232529
        dvar: 0.133445262909
        dvar2: 0.311667978764
        max: 3.4848306179
        mean: -0.799470543861
        median: -0.851279854774
        min: -4.20481109619
        var: 0.468124955893
    barkbands_spread:
        dmean: 6.26534223557
        dmean2: 9.79997444153
        dvar: 31.8723621368
        dvar2: 75.6955490112
        max: 69.2258224487
        mean: 29.0002059937
        median: 27.8771057129
        min: 3.35615062714
        var: 109.525230408
    dissonance:
        dmean: 0.00872919615358
        dmean2: 0.0151545545086
        dvar: 0.000119168922538
        dvar2: 0.000335339718731
        max: 0.500000119209
        mean: 0.487943977118
        median: 0.492122173309
        min: 0.34721788764
        var: 0.000173511100002
    hfc:
        dmean: 4.38069343567
        dmean2: 7.33066892624
        dvar: 47.2977714539
        dvar2: 124.026550293
        max: 77.7168121338
        mean: 10.9840888977
        median: 9.44177722931
        min: 1.15357178859e-016
        var: 62.1799736023
    pitch:
        dmean: 854.182067871
        dmean2: 1591.76367188
        dvar: 1284991.125
        dvar2: 3083341.25
        max: 4748.93017578
        mean: 2160.6730957
        median: 3078.06274414
        min: 63.9047966003
        var: 1923816.75
    pitch_instantaneous_confidence:
        dmean: 0.0838241800666
        dmean2: 0.140939831734
        dvar: 0.00459898076952
        dvar2: 0.0127139221877
        max: 0.871052443981
        mean: 0.361957997084
        median: 0.350436151028
        min: 0.111630737782
        var: 0.0120237274095
    pitch_salience:
        dmean: 0.0482856146991
        dmean2: 0.0801923722029
        dvar: 0.00199858634733
        dvar2: 0.0051574097015
        max: 0.914569139481
        mean: 0.718019008636
        median: 0.730766892433
        min: 0.159248456359
        var: 0.00481737684458
    silence_rate_20dB:
        dmean: 0
        dmean2: 0
        dvar: 0
        dvar2: 0
        max: 1
        mean: 1
        median: 1
        min: 1
        var: 0
    silence_rate_30dB:
        dmean: 0
        dmean2: 0
        dvar: 0
        dvar2: 0
        max: 1
        mean: 1
        median: 1
        min: 1
        var: 0
    silence_rate_60dB:
        dmean: 0.120566599071
        dmean2: 0.241159677505
        dvar: 0.106022819877
        dvar2: 0.22339501977
        max: 1
        mean: 0.249121651053
        median: 0
        min: 0
        var: 0.187053203583
    spectral_centroid:
        dmean: 257.43460083
        dmean2: 404.028106689
        dvar: 70699.9609375
        dvar2: 153976.546875
        max: 10968.9111328
        mean: 2188.67675781
        median: 2240.91162109
        min: 207.247833252
        var: 312418.6875
    spectral_complexity:
        dmean: 5.04183578491
        dmean2: 7.89018249512
        dvar: 25.6799716949
        dvar2: 55.9519462585
        max: 50
        mean: 19.6523933411
        median: 20
        min: 0
        var: 90.0196456909
    spectral_crest:
        dmean: 1.70031106472
        dmean2: 2.88027954102
        dvar: 2.48874187469
        dvar2: 6.74961042404
        max: 23.6387405396
        mean: 6.38157558441
        median: 5.92101573944
        min: 2.49746251106
        var: 4.9049706459
    spectral_decrease:
        dmean: 3.33875288527e-010
        dmean2: 5.44200073893e-010
        dvar: 2.01690944696e-019
        dvar2: 5.11828240377e-019
        max: -1.23532607288e-029
        mean: -1.01168851074e-009
        median: -9.33612187559e-010
        min: -5.9049751755e-009
        var: 3.26574809094e-019
    spectral_energy:
        dmean: 0.00163574982435
        dmean2: 0.00268661580049
        dvar: 5.25913537786e-006
        dvar2: 1.34503779918e-005
        max: 0.0293358825147
        mean: 0.0048146401532
        median: 0.00438130088151
        min: 1.05651999168e-020
        var: 8.03200509836e-006
    spectral_energyband_high:
        dmean: 0.000238201886532
        dmean2: 0.000406793464208
        dvar: 1.60652746217e-007
        dvar2: 4.17145457732e-007
        max: 0.00613612309098
        mean: 0.000454319058917
        median: 0.00033557775896
        min: 7.64061238819e-021
        var: 1.9167170251e-007
    spectral_energyband_low:
        dmean: 0.000178846050403
        dmean2: 0.00028051296249
        dvar: 4.56953657135e-008
        dvar2: 1.16353675139e-007
        max: 0.00288050738163
        mean: 0.000341804407071
        median: 0.000267743715085
        min: 5.8111167215e-023
        var: 8.64160156766e-008
    spectral_energyband_middle_high:
        dmean: 0.00127104984131
        dmean2: 0.00208121468313
        dvar: 3.27566135638e-006
        dvar2: 8.46247803565e-006
        max: 0.0245613325387
        mean: 0.00336461607367
        median: 0.00296353176236
        min: 1.49143239285e-021
        var: 5.2715217862e-006
    spectral_energyband_middle_low:
        dmean: 0.000379567791242
        dmean2: 0.000621290586423
        dvar: 2.96510592079e-007
        dvar2: 7.68625227465e-007
        max: 0.00783540308475
        mean: 0.000770972750615
        median: 0.00059798307484
        min: 2.90785893158e-022
        var: 3.97723681544e-007
    spectral_flatness_db:
        dmean: 0.0133957238868
        dmean2: 0.0215275865048
        dvar: 0.000168134472915
        dvar2: 0.000389060820453
        max: 0.401013016701
        mean: 0.138355836272
        median: 0.129401668906
        min: 0.0470998175442
        var: 0.00133534194902
    spectral_flux:
        dmean: 0.0085887843743
        dmean2: 0.0129700563848
        dvar: 0.000107587024104
        dvar2: 0.000198052293854
        max: 0.138369962573
        mean: 0.0448331944644
        median: 0.043567981571
        min: 1.05067773926e-010
        var: 0.000297523976769
    spectral_kurtosis:
        dmean: 1.66985762119
        dmean2: 2.81611299515
        dvar: 34.8511734009
        dvar2: 93.8814620972
        max: 138.014282227
        mean: 5.30054616928
        median: 4.45279788971
        min: -1.19101047516
        var: 51.0355682373
    spectral_rms:
        dmean: 0.000340426922776
        dmean2: 0.000542741792742
        dvar: 1.65345895198e-007
        dvar2: 4.00334101869e-007
        max: 0.00534980138764
        mean: 0.00206654821523
        median: 0.00206747185439
        min: 3.21053145007e-012
        var: 4.26582175805e-007
    spectral_rolloff:
        dmean: 261.850097656
        dmean2: 423.010253906
        dvar: 135141.953125
        dvar2: 259455.578125
        max: 18820.0195313
        mean: 3507.2512207
        median: 3574.51171875
        min: 150.732421875
        var: 473075.84375
    spectral_skewness:
        dmean: 0.210698366165
        dmean2: 0.343731224537
        dvar: 0.149837419391
        dvar2: 0.418110460043
        max: 9.78131389618
        mean: 1.48892891407
        median: 1.45264434814
        min: 0.0229076221585
        var: 0.257411897182
    spectral_spread:
        dmean: 468402.96875
        dmean2: 713074.8125
        dvar: 486238683136
        dvar2: 831881019392
        max: 40247260
        mean: 4244972.5
        median: 4106451.25
        min: 528426.375
        var: 1.79630610842e+012
    spectral_strongpeak:
        dmean: 0.603180289268
        dmean2: 1.04743635654
        dvar: 0.487932056189
        dvar2: 1.31282269955
        max: 8.00825786591
        mean: 0.772452235222
        median: 0.535927057266
        min: 1.81507286978e-009
        var: 0.681303024292
    zerocrossingrate:
        dmean: 0.00696263229474
        dmean2: 0.00858926679939
        dvar: 5.86296264373e-005
        dvar2: 7.02217075741e-005
        max: 0.5009765625
        mean: 0.113998070359
        median: 0.1171875
        min: 0.02001953125
        var: 0.000587907212321
    barkbands:
        dmean: [7.77045386258e-007, 6.17675468675e-005, 0.000104933344119, 0.000100387267594, 0.000110143242637, 3.40653132298e-005, 3.27127163473e-005, 6.83083562762e-005, 0.000193316387595, 0.000101671103039, 9.82419733191e-005, 0.000118584837765, 0.000114312570076, 8.73371900525e-005, 0.000128963671159, 0.000206709766644, 0.000243330781814, 0.000234231469221, 0.000507618999109, 0.000308491609758, 0.000101697580249, 2.68379444606e-005, 5.70225938645e-006, 2.2128801902e-006, 1.45688500197e-006, 5.67076270386e-008, 7.75792707852e-010]
        dmean2: [1.30545731736e-006, 9.95717709884e-005, 0.000167075239005, 0.000165418416145, 0.000179059439688, 5.69946350879e-005, 5.61081978958e-005, 0.000116182753118, 0.000325048982631, 0.000168331011082, 0.000160765499459, 0.000188578109373, 0.000186068456969, 0.000143010081956, 0.000211625781958, 0.000347800756572, 0.000409801490605, 0.000386552041164, 0.000875535071827, 0.000543089932762, 0.000171035411768, 4.47892125521e-005, 9.00123450265e-006, 3.48192975252e-006, 2.35380980484e-006, 8.95969449743e-008, 1.24229437848e-009]
        dvar: [1.28664028216e-012, 7.59384999327e-009, 1.89353777102e-008, 1.97009679681e-008, 2.21816165435e-008, 3.77957531938e-009, 1.04685442537e-008, 2.74676015266e-008, 2.13436038621e-007, 5.54259642627e-008, 3.19358299805e-008, 5.46815037694e-008, 4.35091678241e-008, 3.15838306619e-008, 6.18857214363e-008, 1.36760093028e-007, 1.11276236225e-007, 1.10103712814e-007, 6.69481153182e-007, 3.10565212658e-007, 3.23453903661e-008, 3.17331316779e-009, 2.55734128318e-010, 3.85888022925e-011, 1.51246116326e-011, 1.60171440049e-014, 1.4271959222e-018]
        dvar2: [3.40603066584e-012, 1.89621278679e-008, 4.65344918155e-008, 5.21477865334e-008, 5.97044547135e-008, 1.02113046907e-008, 2.79454432928e-008, 7.28104794234e-008, 5.68352731989e-007, 1.42885554055e-007, 8.15756280304e-008, 1.34240366378e-007, 1.1101727182e-007, 8.05302562412e-008, 1.54617438852e-007, 3.56534030743e-007, 2.92914450029e-007, 2.85087736529e-007, 1.81845200586e-006, 8.47196190534e-007, 8.33504572029e-008, 7.5258492771e-009, 5.8711380202e-010, 8.72669436713e-011, 3.69423450164e-011, 3.81470367989e-014, 3.63575657719e-018]
        max: [1.17875406431e-005, 0.000801051268354, 0.00224375911057, 0.00218280078843, 0.00280680693686, 0.00149066466838, 0.00359070952982, 0.00267529743724, 0.00731329666451, 0.00604618480429, 0.0028097210452, 0.00443794904277, 0.00394513644278, 0.00343719683588, 0.00567120360211, 0.00756057770923, 0.00641109468415, 0.00712779583409, 0.0112541355193, 0.00685325916857, 0.00349109387025, 0.00157429312821, 0.00044557423098, 0.000149535160745, 8.25001116027e-005, 3.07380605591e-006, 1.78642984849e-008]
        mean: [1.19905951124e-006, 0.000100959063275, 0.000159727453138, 0.000137910741614, 0.000198582943995, 5.51316989004e-005, 3.94663366023e-005, 7.41363692214e-005, 0.000217746230192, 0.000133770139655, 0.000135737165692, 0.000173219610588, 0.000174567729118, 0.000135445981869, 0.000199668473215, 0.000340184284141, 0.000474584638141, 0.000475111999549, 0.000885343237314, 0.000435104535427, 0.000203819188755, 4.68826910947e-005, 9.60445322562e-006, 3.96437417294e-006, 2.6619811706e-006, 1.05866227784e-007, 1.26363319808e-009]
        median: [7.02618876858e-007, 7.62718118494e-005, 0.00010377572471, 8.89303628355e-005, 0.00015494771651, 4.05851242249e-005, 2.06087424885e-005, 1.99064124899e-005, 6.32472219877e-005, 4.04362508561e-005, 5.74330697418e-005, 6.07131332799e-005, 6.57754353597e-005, 5.06020696776e-005, 0.000108598469524, 0.000230306919548, 0.000371089612599, 0.000386172614526, 0.000711740111001, 0.000297819671687, 0.000160479889018, 2.94492128887e-005, 4.53818302049e-006, 2.34726644521e-006, 1.72246291186e-006, 6.86757175572e-008, 8.17024004007e-010]
        min: [1.37360941547e-023, 3.32834804736e-023, 1.3816433327e-023, 1.04620626517e-023, 1.41809864617e-023, 2.92833687716e-023, 2.97513967912e-023, 1.99738476797e-023, 5.30527449661e-023, 5.35294567665e-023, 4.70231876112e-023, 1.23751500588e-022, 6.59353547302e-023, 6.24336390372e-023, 1.2216056378e-022, 1.518018419e-022, 9.54396550423e-023, 1.98102865218e-022, 2.6892197577e-022, 2.36291179877e-022, 4.40895445401e-022, 4.04407712904e-022, 4.5513502845e-022, 8.81677496779e-022, 1.34758414952e-021, 1.5445858154e-021, 2.20711659151e-021]
        var: [2.28721165271e-012, 9.62960733375e-009, 3.46769333248e-008, 2.58096903849e-008, 3.22505862016e-008, 3.91192989113e-009, 8.60399040903e-009, 2.76978155966e-008, 2.11146442552e-007, 7.04700653387e-008, 4.54264821315e-008, 9.41419031619e-008, 7.66803864849e-008, 5.29502024449e-008, 7.96032750827e-008, 1.68193139416e-007, 1.7913605177e-007, 1.76909949801e-007, 7.06827336217e-007, 2.64606910605e-007, 3.99241386617e-008, 4.23395407623e-009, 3.9557154774e-010, 6.1667060347e-011, 1.90214597545e-011, 2.19596950758e-014, 2.03717524272e-018]
    frequency_bands:
        dmean: [7.77045386258e-007, 6.17675468675e-005, 0.000104933344119, 0.000100387267594, 0.000110143242637, 3.40653132298e-005, 3.27127163473e-005, 6.83083562762e-005, 0.000193316387595, 0.000101671103039, 9.82419733191e-005, 0.000118584837765, 0.000114312570076, 8.73371900525e-005, 0.000128963671159, 0.000206709766644, 0.000243330781814, 0.000234231469221, 0.000507618999109, 0.000308491609758, 0.000101697580249, 2.68379444606e-005, 5.70225938645e-006, 2.2128801902e-006, 1.45688500197e-006, 5.67076270386e-008, 7.75792707852e-010, 5.77907444121e-011]
        dmean2: [1.30545731736e-006, 9.95717709884e-005, 0.000167075239005, 0.000165418416145, 0.000179059439688, 5.69946350879e-005, 5.61081978958e-005, 0.000116182753118, 0.000325048982631, 0.000168331011082, 0.000160765499459, 0.000188578109373, 0.000186068456969, 0.000143010081956, 0.000211625781958, 0.000347800756572, 0.000409801490605, 0.000386552041164, 0.000875535071827, 0.000543089932762, 0.000171035411768, 4.47892125521e-005, 9.00123450265e-006, 3.48192975252e-006, 2.35380980484e-006, 8.95969449743e-008, 1.24229437848e-009, 1.07937846161e-010]
        dvar: [1.28664028216e-012, 7.59384999327e-009, 1.89353777102e-008, 1.97009679681e-008, 2.21816165435e-008, 3.77957531938e-009, 1.04685442537e-008, 2.74676015266e-008, 2.13436038621e-007, 5.54259642627e-008, 3.19358299805e-008, 5.46815037694e-008, 4.35091678241e-008, 3.15838306619e-008, 6.18857214363e-008, 1.36760093028e-007, 1.11276236225e-007, 1.10103712814e-007, 6.69481153182e-007, 3.10565212658e-007, 3.23453903661e-008, 3.17331316779e-009, 2.55734128318e-010, 3.85888022925e-011, 1.51246116326e-011, 1.60171440049e-014, 1.4271959222e-018, 7.54181842716e-021]
        dvar2: [3.40603066584e-012, 1.89621278679e-008, 4.65344918155e-008, 5.21477865334e-008, 5.97044547135e-008, 1.02113046907e-008, 2.79454432928e-008, 7.28104794234e-008, 5.68352731989e-007, 1.42885554055e-007, 8.15756280304e-008, 1.34240366378e-007, 1.1101727182e-007, 8.05302562412e-008, 1.54617438852e-007, 3.56534030743e-007, 2.92914450029e-007, 2.85087736529e-007, 1.81845200586e-006, 8.47196190534e-007, 8.33504572029e-008, 7.5258492771e-009, 5.8711380202e-010, 8.72669436713e-011, 3.69423450164e-011, 3.81470367989e-014, 3.63575657719e-018, 2.43170711381e-020]
        max: [1.17875406431e-005, 0.000801051268354, 0.00224375911057, 0.00218280078843, 0.00280680693686, 0.00149066466838, 0.00359070952982, 0.00267529743724, 0.00731329666451, 0.00604618480429, 0.0028097210452, 0.00443794904277, 0.00394513644278, 0.00343719683588, 0.00567120360211, 0.00756057770923, 0.00641109468415, 0.00712779583409, 0.0112541355193, 0.00685325916857, 0.00349109387025, 0.00157429312821, 0.00044557423098, 0.000149535160745, 8.25001116027e-005, 3.07380605591e-006, 1.78642984849e-008, 1.5250445351e-009]
        mean: [1.19905951124e-006, 0.000100959063275, 0.000159727453138, 0.000137910741614, 0.000198582943995, 5.51316989004e-005, 3.94663366023e-005, 7.41363692214e-005, 0.000217746230192, 0.000133770139655, 0.000135737165692, 0.000173219610588, 0.000174567729118, 0.000135445981869, 0.000199668473215, 0.000340184284141, 0.000474584638141, 0.000475111999549, 0.000885343237314, 0.000435104535427, 0.000203819188755, 4.68826910947e-005, 9.60445322562e-006, 3.96437417294e-006, 2.6619811706e-006, 1.05866227784e-007, 1.26363319808e-009, 4.35428151868e-011]
        median: [7.02618876858e-007, 7.62718118494e-005, 0.00010377572471, 8.89303628355e-005, 0.00015494771651, 4.05851242249e-005, 2.06087424885e-005, 1.99064124899e-005, 6.32472219877e-005, 4.04362508561e-005, 5.74330697418e-005, 6.07131332799e-005, 6.57754353597e-005, 5.06020696776e-005, 0.000108598469524, 0.000230306919548, 0.000371089612599, 0.000386172614526, 0.000711740111001, 0.000297819671687, 0.000160479889018, 2.94492128887e-005, 4.53818302049e-006, 2.34726644521e-006, 1.72246291186e-006, 6.86757175572e-008, 8.17024004007e-010, 1.58572564801e-011]
        min: [1.37360941547e-023, 3.32834804736e-023, 1.3816433327e-023, 1.04620626517e-023, 1.41809864617e-023, 2.92833687716e-023, 2.97513967912e-023, 1.99738476797e-023, 5.30527449661e-023, 5.35294567665e-023, 4.70231876112e-023, 1.23751500588e-022, 6.59353547302e-023, 6.24336390372e-023, 1.2216056378e-022, 1.518018419e-022, 9.54396550423e-023, 1.98102865218e-022, 2.6892197577e-022, 2.36291179877e-022, 4.40895445401e-022, 4.04407712904e-022, 4.5513502845e-022, 8.81677496779e-022, 1.34758414952e-021, 1.5445858154e-021, 2.20711659151e-021, 7.0915939758e-022]
        var: [2.28721165271e-012, 9.62960733375e-009, 3.46769333248e-008, 2.58096903849e-008, 3.22505862016e-008, 3.91192989113e-009, 8.60399040903e-009, 2.76978155966e-008, 2.11146442552e-007, 7.04700653387e-008, 4.54264821315e-008, 9.41419031619e-008, 7.66803864849e-008, 5.29502024449e-008, 7.96032750827e-008, 1.68193139416e-007, 1.7913605177e-007, 1.76909949801e-007, 7.06827336217e-007, 2.64606910605e-007, 3.99241386617e-008, 4.23395407623e-009, 3.9557154774e-010, 6.1667060347e-011, 1.90214597545e-011, 2.19596950758e-014, 2.03717524272e-018, 5.63079654813e-021]
    mfcc:
        mean: [-703.272094727, 88.5590744019, -63.116897583, 53.9553146362, -3.51265096664, -0.366457283497, 12.3145589828, 2.9098033905, 5.83379602432, -5.65446615219, -3.56951236725, -5.66520404816, -4.7645778656]
        cov: [[4794.29541016, -136.398025513, -538.087585449, 664.812927246, -166.454406738, 25.6881561279, 24.1890945435, 13.4389839172, 42.1690292358, -77.7097244263, 88.1451721191, -11.6664686203, -135.34262085], [-136.398025513, 742.987915039, -62.8605003357, -33.0711708069, 93.6849060059, 47.1792068481, 123.690979004, 57.2430496216, 42.7787742615, 8.70300388336, -35.8303260803, -18.5642814636, 12.9038095474], [-538.087585449, -62.8605003357, 400.888092041, 16.2287597656, 90.3716049194, 40.2397651672, -5.08304071426, 42.5471992493, 10.423371315, -3.95315885544, -27.330581665, 1.37522149086, 36.0311317444], [664.812927246, -33.0711708069, 16.2287597656, 543.975036621, 100.268104553, -19.8622627258, -4.57165670395, -34.1759262085, 43.6764831543, -100.711524963, -4.52573156357, 3.31660199165, -27.531463623], [-166.454406738, 93.6849060059, 90.3716049194, 100.268104553, 206.55229187, 81.2816238403, 37.7893943787, -1.99727785587, 11.4033193588, -4.4197602272, -21.9787502289, -12.4650325775, 8.16256046295], [25.6881561279, 47.1792068481, 40.2397651672, -19.8622627258, 81.2816238403, 179.161987305, 63.3228225708, 17.8675117493, -14.5064096451, 24.8037147522, 17.3660564423, -5.51567316055, 7.29051494598], [24.1890945435, 123.690979004, -5.08304071426, -4.57165670395, 37.7893943787, 63.3228225708, 147.484603882, 51.4301071167, -0.940601348877, -25.4301395416, -18.1878871918, -3.28000092506, 1.5166465044], [13.4389839172, 57.2430496216, 42.5471992493, -34.1759262085, -1.99727785587, 17.8675117493, 51.4301071167, 103.174034119, 36.6567497253, 10.365231514, -16.87840271, -8.39503765106, 8.59904575348], [42.1690292358, 42.7787742615, 10.423371315, 43.6764831543, 11.4033193588, -14.5064096451, -0.940601348877, 36.6567497253, 89.7833938599, 39.1728286743, 7.7201757431, 0.280664771795, -2.77532315254], [-77.7097244263, 8.70300388336, -3.95315885544, -100.711524963, -4.4197602272, 24.8037147522, -25.4301395416, 10.365231514, 39.1728286743, 141.250106812, 43.5640258789, 6.12252187729, 7.3859205246], [88.1451721191, -35.8303260803, -27.330581665, -4.52573156357, -21.9787502289, 17.3660564423, -18.1878871918, -16.87840271, 7.7201757431, 43.5640258789, 87.08644104, 34.8044700623, -10.0676059723], [-11.6664686203, -18.5642814636, 1.37522149086, 3.31660199165, -12.4650325775, -5.51567316055, -3.28000092506, -8.39503765106, 0.280664771795, 6.12252187729, 34.8044700623, 63.3925628662, 20.100725174], [-135.34262085, 12.9038095474, 36.0311317444, -27.531463623, 8.16256046295, 7.29051494598, 1.5166465044, 8.59904575348, -2.77532315254, 7.3859205246, -10.0676059723, 20.100725174, 67.5651855469]]
        icov: [[0.000382762023946, 5.7235800341e-005, 0.000507261662278, -0.000657840864733, 0.000490629579872, -0.000422639277531, 0.000108812098915, -0.000577636586968, 0.000245877134148, -0.000167188962223, -4.58371250716e-005, 5.05289135617e-005, 0.0002811444283], [5.7235800341e-005, 0.0018222926883, 0.000620387785602, 0.000224011891987, -0.000903877022211, 0.000198716574232, -0.00125201256014, -0.000215218402445, -0.000890477851499, 1.55131306201e-006, 0.00025593052851, 0.000256893312326, -0.000404723105021], [0.000507261662278, 0.000620387785602, 0.00408376101404, -0.000714614870958, -0.00118046079297, -0.000909417809453, 0.00132025044877, -0.00289427908137, 0.000379150791559, 0.000204461481189, 0.000551687902771, -0.000481544237118, -0.000773195293732], [-0.000657840864733, 0.000224011891987, -0.000714614870958, 0.00429071672261, -0.00257596955635, 0.000917278579436, -2.64318514382e-005, 0.00225661881268, -0.00373442866839, 0.00361790042371, -0.00105602049734, -0.000157975970069, 3.53145005647e-005], [0.000490629579872, -0.000903877022211, -0.00118046079297, -0.00257596955635, 0.00962180923671, -0.00435232138261, -0.000742743548471, 0.00233149598353, -0.000897428079043, -0.00148333341349, 0.00300295511261, 0.000178666494321, 0.000282037886791], [-0.000422639277531, 0.000198716574232, -0.000909417809453, 0.000917278579436, -0.00435232138261, 0.0105052338913, -0.00405025249347, -0.000655986077618, 0.00336838047951, -0.00180970760994, -0.00467755319551, 0.00298335961998, -0.00170749938115], [0.000108812098915, -0.00125201256014, 0.00132025044877, -2.64318514382e-005, -0.000742743548471, -0.00405025249347, 0.0125763304532, -0.00626757647842, 0.00124898739159, 0.00276783667505, 0.00158084230497, -0.00268989242613, 0.00156892451923], [-0.000577636586968, -0.000215218402445, -0.00289427908137, 0.00225661881268, 0.00233149598353, -0.000655986077618, -0.00626757647842, 0.0189638081938, -0.00917146820575, 0.000701197597664, 0.00245000375435, 0.00152377667837, -0.00167836609762], [0.000245877134148, -0.000890477851499, 0.000379150791559, -0.00373442866839, -0.000897428079043, 0.00336838047951, 0.00124898739159, -0.00917146820575, 0.021204745397, -0.00794518366456, -0.000583044718951, -0.000591817835812, 0.00165160489269], [-0.000167188962223, 1.55131306201e-006, 0.000204461481189, 0.00361790042371, -0.00148333341349, -0.00180970760994, 0.00276783667505, 0.000701197597664, -0.00794518366456, 0.0146315395832, -0.0068902564235, 0.00276787113398, -0.00252285413444], [-4.58371250716e-005, 0.00025593052851, 0.000551687902771, -0.00105602049734, 0.00300295511261, -0.00467755319551, 0.00158084230497, 0.00245000375435, -0.000583044718951, -0.0068902564235, 0.0243903100491, -0.0144286984578, 0.00758554646745], [5.05289135617e-005, 0.000256893312326, -0.000481544237118, -0.000157975970069, 0.000178666494321, 0.00298335961998, -0.00268989242613, 0.00152377667837, -0.000591817835812, 0.00276787113398, -0.0144286984578, 0.0273295268416, -0.0108398795128], [0.0002811444283, -0.000404723105021, -0.000773195293732, 3.53145005647e-005, 0.000282037886791, -0.00170749938115, 0.00156892451923, -0.00167836609762, 0.00165160489269, -0.00252285413444, 0.00758554646745, -0.0108398795128, 0.0208950657398]]
    sccoeffs:
        dmean: [0.0460961945355, 0.0484700873494, 0.042181391269, 0.0320297554135, 0.0213395357132, 0.0199646260589]
        dmean2: [0.0769810080528, 0.0814100950956, 0.0698801055551, 0.0533676035702, 0.0356907807291, 0.0326817631721]
        dvar: [0.00143557216506, 0.00166185025591, 0.00130391540006, 0.000679734512232, 0.000317882368108, 0.000439816270955]
        dvar2: [0.00391944870353, 0.00440206052735, 0.00341213867068, 0.00178553676233, 0.000870650110301, 0.00111235340592]
        max: [-0.367952287197, -0.368712812662, -0.513890683651, -0.558574438095, -0.612899839878, -0.587564587593]
        mean: [-0.722026407719, -0.787233710289, -0.792198836803, -0.791892230511, -0.789858281612, -0.744792878628]
        median: [-0.727529644966, -0.79660654068, -0.802035331726, -0.794860839844, -0.7906883955, -0.742264270782]
        min: [-0.967831790447, -0.960316359997, -0.967566251755, -0.959175646305, -0.958548367023, -0.961088001728]
        var: [0.00394818838686, 0.0043141329661, 0.00362835475244, 0.00172489136457, 0.000825814320706, 0.00154463853687]
    scvalleys:
        dmean: [0.35660135746, 0.384233564138, 0.342458039522, 0.291011422873, 0.256117522717, 0.251433521509]
        dmean2: [0.588583767414, 0.636938631535, 0.544220685959, 0.452916741371, 0.398847639561, 0.377600163221]
        dvar: [0.123150125146, 0.129949584603, 0.106023430824, 0.0962335839868, 0.109727188945, 0.0968937054276]
        dvar2: [0.276960849762, 0.312239319086, 0.222145840526, 0.191650256515, 0.217710793018, 0.190154388547]
        max: [-5.2453455925, -5.16846084595, -4.75974321365, -5.38148498535, -5.24430942535, -7.36320734024]
        mean: [-6.75038814545, -7.10808420181, -6.86521673203, -6.91390275955, -6.71325397491, -9.67073535919]
        median: [-6.4528131485, -6.97284412384, -6.77518796921, -6.77641677856, -6.45363521576, -9.3935508728]
        min: [-27.5487804413, -27.5305614471, -27.0343093872, -27.4934749603, -27.3821334839, -27.2295608521]
        var: [2.24184751511, 1.3853225708, 1.40097999573, 1.39376854897, 1.60566949844, 2.00660443306]

rhythm:
    beats_loudness:
        dmean: 0.00220993021503
        dmean2: 0.00400063535199
        dvar: 3.63817207472e-006
        dvar2: 1.07901587398e-005
        max: 0.018391540274
        mean: 0.00570334168151
        median: 0.00564132444561
        min: 8.07352795729e-012
        var: 6.4501568886e-006
    bpm: 126.002334595
    bpm_confidence: 0
    first_peak_bpm: 126
    first_peak_spread: 0.515243947506
    first_peak_weight: 0.367205530405
    onset_rate: 3.59876847267
    second_peak_bpm: 103
    second_peak_spread: 0.555555522442
    second_peak_weight: 0.0461893752217
    beats_loudness_band_ratio:
        dmean: [0.0714634805918, 0.0318239703774, 0.080253303051, 0.103965245187, 0.114625126123, 0.119924388826]
        dmean2: [0.125891149044, 0.0537732206285, 0.143624991179, 0.182642146945, 0.20015566051, 0.218334853649]
        dvar: [0.00452620815486, 0.000732590211555, 0.00931259524077, 0.00993200391531, 0.0104698128998, 0.0065777101554]
        dvar2: [0.0133297368884, 0.00200414424762, 0.0265702940524, 0.0288249328732, 0.0279741380364, 0.0195082388818]
        max: [0.60543346405, 0.193062230945, 0.691819429398, 0.635832130909, 0.897348344326, 0.653918206692]
        mean: [0.1020270437, 0.0476043894887, 0.0877311751246, 0.150949269533, 0.345795124769, 0.290670871735]
        median: [0.0872178897262, 0.0416635274887, 0.0443653687835, 0.114765286446, 0.336266875267, 0.292210221291]
        min: [0, 0, 0, 0, 0, 0]
        var: [0.00604384066537, 0.0011048594024, 0.010161081329, 0.0141568956897, 0.0145722432062, 0.0143404267728]
    beats_position: [0.487619042397, 0.99845802784, 1.47446703911, 1.95047616959, 2.42648530006, 2.90249419212, 3.3785033226, 3.86612248421, 4.34213161469, 4.81814050674, 5.2941493988, 5.78176879883, 6.25777769089, 6.74539661407, 7.24462556839, 7.75546455383, 8.26630401611, 8.77714252472, 9.27637195587, 9.77560043335, 10.2632198334, 10.7392292023, 11.2152376175, 11.6796369553, 12.1672563553, 12.6432647705, 13.1192741394, 13.6068935394, 14.0945119858, 14.5705213547, 15.0465307236, 15.5109291077, 15.9985485077, 16.4861679077, 16.9737873077, 17.4614048004, 17.9258041382, 18.390203476, 18.8662128448, 19.3422222137, 19.8298416138, 20.3058490753, 20.7818584442, 21.246257782, 21.733877182, 22.1982765198, 22.6626758575, 23.1270751953, 23.6030826569, 24.0790920258, 24.5667114258, 25.0311107635, 25.5187301636, 26.0063495636, 26.4939670563, 26.9815864563, 27.4692058563, 27.9452152252, 28.4212245941, 28.8856239319, 29.3616313934, 29.8376407623, 30.3136501312, 30.7896595001, 31.265668869, 31.7416782379, 32.2060775757, 32.6820869446, 33.1697044373, 33.6457138062, 34.1101112366, 34.5977325439, 35.0737419128, 35.5381393433, 36.0141487122, 36.4901580811, 36.96616745, 37.4305648804, 37.8949661255, 38.3593635559, 38.8469848633, 39.3229942322, 39.7989997864, 40.2634010315, 40.7510185242, 41.2386398315, 41.7262573242, 42.2138786316, 42.7014961243, 43.1658935547, 43.6419029236, 44.1179122925, 44.5939216614, 45.0699310303, 45.5575485229, 46.0219497681, 46.5095672607, 46.9855766296, 47.4615859985, 47.9259872437, 48.3903846741, 48.866394043, 49.3424034119, 49.8300209045, 50.3060302734, 50.7704315186, 51.234828949, 51.7108383179, 52.1984558105, 52.6860771179, 53.1620864868, 53.6380958557, 54.1024932861, 54.578502655, 55.0545120239, 55.5305213928, 56.0065307617, 56.4825401306, 56.9585494995, 57.4345550537, 57.9105644226, 58.3865737915, 58.8625831604, 59.3385925293, 59.8146018982, 60.2906112671, 60.766620636, 61.2310180664, 61.7186393738, 62.1830368042, 62.6706581116, 63.1582756042, 63.6458930969, 64.1102905273, 64.5746917725, 65.0623092651, 65.5499343872, 66.0143280029, 66.478729248, 66.9547348022, 67.4307479858, 67.90675354, 68.3827667236, 68.8703842163, 69.358001709, 69.8340148926, 70.3100204468, 70.7744216919, 71.238822937, 71.7148284912, 72.1908340454, 72.666847229, 73.1428527832, 73.6188659668, 74.0716552734, 74.5360565186, 75.0236740112, 75.488067627, 75.9640808105, 76.4400863647, 76.9277114868, 77.403717041, 77.8797302246, 78.3557357788, 78.831741333, 79.2961425781, 79.7837600708, 80.2597732544, 80.7473907471, 81.2350082397, 81.7110214233, 82.1754150391, 82.6514282227, 83.1274337769, 83.6034469604, 84.0678405762, 84.5438537598, 85.019859314, 85.4842605591, 85.9602737427, 86.4478912354, 86.9122848511, 87.3882980347, 87.8759155273, 88.36353302, 88.8511581421, 89.3271636963, 89.7915649414, 90.2791824341, 90.7551879883, 91.2312011719, 91.7072067261, 92.1832199097, 92.6476211548, 93.1120147705, 93.5880279541, 94.0640335083, 94.5400466919, 95.0160522461, 95.4804534912, 95.9564590454, 96.4208602905, 96.9084777832, 97.3844909668, 97.860496521, 98.3481140137, 98.8357315063, 99.3117446899, 99.7993621826, 100.286979675, 100.774604797, 101.250610352, 101.726615906, 102.202629089, 102.678634644, 103.143035889, 103.619049072, 104.095054626, 104.571060181, 105.047073364, 105.523078918, 105.999092102, 106.463493347, 106.939498901, 107.403900146, 107.879905701, 108.355918884, 108.843536377, 109.33115387, 109.807167053, 110.271560669, 110.735961914, 111.223579407, 111.711196899, 112.198822021, 112.674827576, 113.15083313, 113.615234375, 114.07963562, 114.555641174, 115.031654358, 115.496055603, 115.983673096, 116.45967865, 116.935691833, 117.400085449, 117.887710571, 118.363716125, 118.851333618, 119.327346802, 119.814964294, 120.27936554, 120.743759155, 121.219772339, 121.695777893, 122.160179138, 122.636184692, 123.112197876, 123.58820343, 124.075828552, 124.551834106, 125.016235352, 125.492240906, 125.968254089, 126.455871582, 126.943489075, 127.431106567, 127.895507813, 128.359909058, 128.824310303, 129.288711548, 129.753097534, 130.229110718, 130.705123901, 131.181137085, 131.668746948, 132.144760132, 132.609161377, 133.09677124, 133.584396362, 134.060409546, 134.536407471, 135.012420654, 135.488433838, 135.97605896, 136.463668823, 136.939682007, 137.41569519, 137.914916992, 138.402542114, 138.878540039, 139.342941284, 139.807342529, 140.271743774, 140.73614502, 141.200546265, 141.688156128, 142.17578125, 142.651794434, 143.127792358, 143.603805542, 144.079818726, 144.544219971, 145.020217896, 145.496231079, 145.972244263, 146.448257446, 146.912643433, 147.400268555, 147.876281738, 148.363891602, 148.828292847, 149.30430603, 149.791931152, 150.256317139, 150.732330322, 151.208343506, 151.672744751, 152.137145996, 152.589935303, 153.054321289, 153.518722534, 153.983123779, 154.447525024, 154.900314331, 155.341491699, 155.782669067, 156.200637817, 156.630203247, 157.059768677, 157.489334106, 157.907302856, 158.336868286, 158.766433716, 159.172790527, 159.567520142, 159.973876953, 160.380218506, 160.786575317, 161.181304932, 161.587661743, 161.982406616, 162.353912354, 162.72543335, 163.108566284, 163.491699219, 163.863220215, 164.234741211, 164.617858887, 164.989379883, 165.34928894, 165.709197998, 166.080718994, 166.429016113, 166.905029297, 167.392654419, 167.880264282, 168.367889404, 168.855514526, 169.34312439, 169.830749512, 170.318359375, 170.805984497, 171.281997681, 171.757995605, 172.222396851, 172.686798096, 173.174423218, 173.650421143, 174.265762329, 174.869476318, 175.473190308, 176.065307617, 176.657409668, 177.237915039, 177.83001709, 178.422134399, 179.025848389, 179.606338501, 180.186843872, 180.767349243, 181.336227417, 181.90512085, 182.485626221, 183.054504395, 183.623397827, 184.203903198, 184.784393311, 185.364898682, 185.945388794, 186.514282227, 187.083175659, 187.663665771, 188.244171143, 188.824661255, 189.393554688, 189.96244812, 190.542938232, 191.123443604, 191.703948975, 192.284439087, 192.864944458, 193.433822632, 194.002716064, 194.583221436, 195.152099609, 195.720993042, 196.278274536, 196.83555603, 197.392837524, 197.961715698, 198.530609131, 199.099502563, 199.668380737, 200.248886108, 200.817779541, 201.386657715, 201.967163086, 202.594100952, 203.221038818, 203.743484497, 204.265930176, 204.788391113, 205.334060669, 205.868118286, 206.402175903, 206.936233521, 207.481903076, 208.03918457, 208.573242188, 209.107299805, 209.65296936, 210.210250854, 210.75592041]
