
metadata:
    version:
        essentia: "2.1-beta2"
    audio_properties:
        analysis_sample_rate: 44100
        bitrate: 227
        channels: 2
        equal_loudness: 1
        length: 245.315917969
        replay_gain: -14.3013744354
        downmix: "mix"
    tags:
        album: "Rosenrot"
        artist: "Rammstein"
        comment: "Back to rule you all"
        date: "2005"
        genre: "Industrial"
        title: "Stirb nicht vor mir // Don't Die Before I Do Feat. Sharleen Spiteri"
        tracknumber: "6"

configuration:
    average_loudness:
        compute: 1
        frameSize: 88200
        hopSize: 44100
        silentFrames: "noise"
        windowType: "hann"
    general:
        analysisSampleRate: 44100
        endTime: 2000
        equalLoudness: 1
        nequalLoudness: 0
        shortSound: 0
        startTime: 0
    lowlevel:
        compute: 1
        frameSize: 2048
        hopSize: 1024
        zeroPadding: 0
        silentFrames: "noise"
        windowType: "blackmanharris62"
        mfccStats: ["mean", "cov", "icov"]
        stats: ["mean", "var", "median", "min", "max", "dmean", "dmean2", "dvar", "dvar2"]
    panning:
        compute: 0
        frameSize: 8192
        hopSize: 2048
        zeroPadding: 8192
        silentFrames: "noise"
        windowType: "hann"
        stats: ["copy"]
    rhythm:
        compute: 1
        maxTempo: 208
        minTempo: 40
        method: "degara"
        stats: ["mean", "var", "median", "min", "max", "dmean", "dmean2", "dvar", "dvar2"]
    segmentation:
        compute: 0
        cpw: 5
        inc1: 300
        inc2: 50
        minimumSegmentsLength: 10
        size1: 1000
        size2: 600
    sfx:
        compute: 1
        stats: ["mean", "var", "median", "min", "max", "dmean", "dmean2", "dvar", "dvar2"]
    svm:
        compute: 0
    tonal:
        compute: 1
        frameSize: 4096
        hopSize: 2048
        zeroPadding: 0
        silentFrames: "noise"
        windowType: "blackmanharris62"
        stats: ["mean", "var", "median", "min", "max", "dmean", "dmean2", "dvar", "dvar2"]

lowlevel:
    average_loudness: 0.799401521683
    barkbands_kurtosis:
        dmean: 1.29176723957
        dmean2: 1.97226631641
        dvar: 11.6735982895
        dvar2: 22.6961307526
        max: 160.797180176
        mean: 1.80546164513
        median: -0.633879780769
        min: -1.91869091988
        var: 98.0916061401
    barkbands_skewness:
        dmean: 0.374573051929
        dmean2: 0.56851875782
        dvar: 0.211439207196
        dvar2: 0.455435931683
        max: 10.4766359329
        mean: 0.727556705475
        median: 0.517217516899
        min: -3.69647836685
        var: 1.67757284641
    barkbands_spread:
        dmean: 4.32620048523
        dmean2: 6.79777479172
        dvar: 32.7225570679
        dvar2: 77.0439910889
        max: 79.4257202148
        mean: 25.4685020447
        median: 25.561006546
        min: 0.828122258186
        var: 130.927520752
    dissonance:
        dmean: 0.0187983997166
        dmean2: 0.0315070562065
        dvar: 0.000330391776515
        dvar2: 0.00086660659872
        max: 0.500000178814
        mean: 0.456995993853
        median: 0.465187013149
        min: 0.236264616251
        var: 0.00104379793629
    hfc:
        dmean: 1.52114903927
        dmean2: 2.39443349838
        dvar: 7.81872844696
        dvar2: 19.4062995911
        max: 39.2080307007
        mean: 5.6277923584
        median: 3.77577209473
        min: 1.26673949315e-016
        var: 30.9211082458
    pitch:
        dmean: 343.114807129
        dmean2: 657.178344727
        dvar: 861999.875
        dvar2: 2162756.25
        max: 5919.03955078
        mean: 618.967468262
        median: 242.908554077
        min: 49.0695648193
        var: 1172996
    pitch_instantaneous_confidence:
        dmean: 0.0802897661924
        dmean2: 0.128005996346
        dvar: 0.00674166018143
        dvar2: 0.0154742607847
        max: 0.957689762115
        mean: 0.50625616312
        median: 0.487891286612
        min: 0.11163187027
        var: 0.0357254371047
    pitch_salience:
        dmean: 0.0519546791911
        dmean2: 0.0840363427997
        dvar: 0.0023494977504
        dvar2: 0.00610090186819
        max: 0.889837801456
        mean: 0.60899078846
        median: 0.61829829216
        min: 0.132575958967
        var: 0.00970927812159
    silence_rate_20dB:
        dmean: 0
        dmean2: 0
        dvar: 0
        dvar2: 0
        max: 1
        mean: 1
        median: 1
        min: 1
        var: 0
    silence_rate_30dB:
        dmean: 0
        dmean2: 0
        dvar: 0
        dvar2: 0
        max: 1
        mean: 1
        median: 1
        min: 1
        var: 0
    silence_rate_60dB:
        dmean: 0.0817794576287
        dmean2: 0.163574397564
        dvar: 0.0751022472978
        dvar2: 0.161224111915
        max: 1
        mean: 0.466780245304
        median: 0
        min: 0
        var: 0.248884066939
    spectral_centroid:
        dmean: 193.837356567
        dmean2: 297.856658936
        dvar: 79367.859375
        dvar2: 163027.96875
        max: 10978.84375
        mean: 1190.26025391
        median: 1149.55249023
        min: 106.740310669
        var: 352582.6875
    spectral_complexity:
        dmean: 2.37141513824
        dmean2: 3.91934871674
        dvar: 11.3060493469
        dvar2: 27.9683914185
        max: 44
        mean: 11.2226009369
        median: 10
        min: 0
        var: 52.0101509094
    spectral_crest:
        dmean: 1.80557048321
        dmean2: 2.91867780685
        dvar: 3.16028785706
        dvar2: 8.21132469177
        max: 25.6254253387
        mean: 7.84561109543
        median: 7.13780927658
        min: 2.18445086479
        var: 11.0383892059
    spectral_decrease:
        dmean: 2.12995759918e-010
        dmean2: 3.38218481e-010
        dvar: 1.12148591688e-019
        dvar2: 2.80690195787e-019
        max: 1.17965893359e-028
        mean: -9.35876820485e-010
        median: -8.05576216845e-010
        min: -4.09685307901e-009
        var: 4.43663646518e-019
    spectral_energy:
        dmean: 0.000919061771128
        dmean2: 0.00145945348777
        dvar: 2.19453386308e-006
        dvar2: 5.47775061932e-006
        max: 0.0182451400906
        mean: 0.00404265755787
        median: 0.0034039800521
        min: 1.10444703024e-020
        var: 8.82574749994e-006
    spectral_energyband_high:
        dmean: 8.2056496467e-005
        dmean2: 0.000133772467962
        dvar: 3.07601233374e-008
        dvar2: 7.9182015611e-008
        max: 0.00320254312828
        mean: 0.000168488128111
        median: 7.89606128819e-005
        min: 8.31908305183e-021
        var: 5.94297304701e-008
    spectral_energyband_low:
        dmean: 0.000146440404933
        dmean2: 0.000249648932368
        dvar: 1.04116686828e-007
        dvar2: 2.93750389346e-007
        max: 0.00447477772832
        mean: 0.000377610384021
        median: 0.000330402806867
        min: 5.25558477928e-023
        var: 1.16805985328e-007
    spectral_energyband_middle_high:
        dmean: 0.000478431407828
        dmean2: 0.000749603030272
        dvar: 6.34720834114e-007
        dvar2: 1.4815408349e-006
        max: 0.0141103034839
        mean: 0.00183413119521
        median: 0.00118487118743
        min: 1.37535801086e-021
        var: 3.70469365407e-006
    spectral_energyband_middle_low:
        dmean: 0.000553469115403
        dmean2: 0.000874209683388
        dvar: 6.95135611295e-007
        dvar2: 1.75514435341e-006
        max: 0.0123331742361
        mean: 0.00175501406193
        median: 0.00149716692977
        min: 2.6358755949e-022
        var: 1.86391616808e-006
    spectral_flatness_db:
        dmean: 0.0143941119313
        dmean2: 0.0216725617647
        dvar: 0.000249645876465
        dvar2: 0.000498420966323
        max: 0.446067780256
        mean: 0.163907647133
        median: 0.147122681141
        min: 0.0652755498886
        var: 0.00421853549778
    spectral_flux:
        dmean: 0.00868186540902
        dmean2: 0.0138086881489
        dvar: 0.000117321847938
        dvar2: 0.000267543422524
        max: 0.125063151121
        mean: 0.0321924313903
        median: 0.0288418903947
        min: 1.05092677616e-010
        var: 0.000417125615058
    spectral_kurtosis:
        dmean: 2.06094121933
        dmean2: 3.4633307457
        dvar: 17.5909023285
        dvar2: 50.0678482056
        max: 101.211624146
        mean: 6.6780166626
        median: 4.64524078369
        min: -1.24512672424
        var: 68.7078475952
    spectral_rms:
        dmean: 0.00021077049314
        dmean2: 0.000328239199007
        dvar: 8.60173017259e-008
        dvar2: 2.06436979511e-007
        max: 0.00421902071685
        mean: 0.00182619784027
        median: 0.00182234903332
        min: 3.28254372468e-012
        var: 6.09069388702e-007
    spectral_rolloff:
        dmean: 389.7605896
        dmean2: 645.877685547
        dvar: 395505.5
        dvar2: 858013.4375
        max: 18776.953125
        mean: 2257.00585938
        median: 2411.71875
        min: 193.798828125
        var: 1407616.5
    spectral_skewness:
        dmean: 0.243228331208
        dmean2: 0.394187748432
        dvar: 0.116325378418
        dvar2: 0.30632930994
        max: 7.8345541954
        mean: 1.81805145741
        median: 1.68931126595
        min: -0.170361086726
        var: 0.603962957859
    spectral_spread:
        dmean: 458488.28125
        dmean2: 638700.0625
        dvar: 429316636672
        dvar2: 692323483648
        max: 42188368
        mean: 4504692.5
        median: 4306364
        min: 763979.5
        var: 2.74422012314e+012
    spectral_strongpeak:
        dmean: 0.364862471819
        dmean2: 0.618672013283
        dvar: 0.432446688414
        dvar2: 1.10881197453
        max: 9.38990020752
        mean: 0.719424009323
        median: 0.360166192055
        min: 3.36395222789e-009
        var: 1.04252254963
    zerocrossingrate:
        dmean: 0.00727888010442
        dmean2: 0.00835231784731
        dvar: 8.38631895022e-005
        dvar2: 8.280682232e-005
        max: 0.5185546875
        mean: 0.0694317370653
        median: 0.06884765625
        min: 0.00390625
        var: 0.000824388349429
    barkbands:
        dmean: [4.78881474919e-007, 3.99338387069e-005, 9.0706453193e-005, 7.96168824309e-005, 0.000262124900473, 0.000183348893188, 0.000124235579278, 0.000126207858557, 9.73039132077e-005, 7.05775892129e-005, 3.91263638448e-005, 6.04538472544e-005, 4.80024391436e-005, 5.28417076566e-005, 7.97501197667e-005, 0.00010363265028, 0.000129191248561, 0.000128635700094, 0.000122557277791, 8.15991515992e-005, 4.0358518163e-005, 1.20162712847e-005, 1.93442792806e-006, 9.81079551821e-007, 4.6050780611e-007, 1.6168762329e-008, 3.11790815388e-010]
        dmean2: [7.5358138929e-007, 6.86856801622e-005, 0.000152773485752, 0.000128134925035, 0.000436261412688, 0.000289370247629, 0.00018687164993, 0.000200548485736, 0.000147461003507, 0.000105743878521, 6.12085786997e-005, 9.59967801464e-005, 7.5763942732e-005, 8.27127732919e-005, 0.000126864892081, 0.000166753699887, 0.000202814626391, 0.000203351068194, 0.000197052271687, 0.000133460140205, 6.69462024234e-005, 1.95284846995e-005, 2.99396651826e-006, 1.40298720908e-006, 6.72937176205e-007, 2.33237784641e-008, 4.91013785187e-010]
        dvar: [9.34648625855e-013, 1.17716014714e-008, 3.94716437313e-008, 1.63989355428e-008, 2.99293191119e-007, 9.64098063605e-008, 6.34024530655e-008, 7.38388692412e-008, 5.69646161352e-008, 3.35835537157e-008, 1.2702998653e-008, 2.03906527219e-008, 1.42401157532e-008, 1.49015946249e-008, 3.60033887148e-008, 4.3422957674e-008, 1.03899559178e-007, 9.57305275051e-008, 6.35755412759e-008, 2.65452051451e-008, 7.99808042018e-009, 9.35197475016e-010, 1.84772509793e-011, 6.68012260091e-012, 1.6113077669e-012, 1.3557030195e-015, 1.90223662316e-019]
        dvar2: [2.37503658233e-012, 3.37719114896e-008, 1.12780625727e-007, 4.13646219499e-008, 8.13269934952e-007, 2.26969277151e-007, 1.29625291834e-007, 1.80433545438e-007, 1.25679150642e-007, 7.42093604345e-008, 2.77703939844e-008, 4.87257025839e-008, 3.01850455742e-008, 3.02716713918e-008, 8.35555411527e-008, 1.04161749448e-007, 2.39625677523e-007, 2.13160987528e-007, 1.55270271307e-007, 6.85484948804e-008, 2.06774970479e-008, 2.26274798898e-009, 3.97269613039e-011, 1.20605548118e-011, 3.58945967567e-012, 3.0069875033e-015, 4.34131837524e-019]
        max: [1.3653680071e-005, 0.00143119727727, 0.00282410765067, 0.00258705834858, 0.00826081447303, 0.00601495383307, 0.00624771881849, 0.00488657224923, 0.00804981589317, 0.00614259950817, 0.00408325018361, 0.00485520064831, 0.0035788116511, 0.00547399092466, 0.00498376833275, 0.00400786846876, 0.0101708145812, 0.00838193204254, 0.00642141886055, 0.00268220459111, 0.00179247185588, 0.00126002263278, 0.000132008921355, 7.93352737674e-005, 3.84238919651e-005, 1.26064685446e-006, 1.50852965675e-008]
        mean: [1.12681868814e-006, 9.56691001193e-005, 0.000204167983611, 0.000166183279362, 0.000447690661531, 0.000390269473428, 0.00027976729325, 0.000225245559704, 0.000216674423427, 0.000169539925992, 7.00292584952e-005, 0.000128207990201, 0.000102011130366, 9.79152755463e-005, 0.000170130893821, 0.000217166787479, 0.000307339709252, 0.000256917322986, 0.000237460262724, 0.000158430091687, 7.13196059223e-005, 2.15926738747e-005, 4.28839257438e-006, 2.46009494731e-006, 1.03388947537e-006, 3.36163026304e-008, 5.37890287866e-010]
        median: [7.23697326066e-007, 7.5732707046e-005, 0.000162375697982, 0.000117516479804, 0.000298519880744, 0.000193615342141, 0.000101561294287, 8.95407283679e-005, 6.15371682215e-005, 5.33537895535e-005, 2.23910901695e-005, 4.60661249235e-005, 4.10280154028e-005, 4.31754015153e-005, 4.81062925246e-005, 7.18283117749e-005, 7.69468242652e-005, 7.33395427233e-005, 8.53332167026e-005, 6.30842259852e-005, 2.9100694519e-005, 8.85401550477e-006, 2.02777664526e-006, 1.14867339107e-006, 4.77892399431e-007, 1.41468046166e-008, 2.87171675328e-010]
        min: [6.20096578551e-024, 1.45931394634e-023, 3.10733478081e-023, 3.16657208167e-024, 2.33437226273e-023, 4.61065659492e-023, 6.40950242799e-023, 2.54921726808e-023, 9.40618558288e-023, 9.08746684451e-023, 9.02201852619e-023, 9.57943205944e-023, 5.23077762816e-023, 7.39823544304e-023, 1.05835996114e-022, 1.42762051284e-022, 1.23814382269e-022, 2.23692654702e-022, 3.0259457293e-022, 2.20569750016e-022, 4.09058584366e-022, 5.9816598664e-022, 6.47346579454e-022, 8.27970432713e-022, 1.50299959283e-021, 1.67143535578e-021, 2.75564356249e-021]
        var: [1.70322371658e-012, 1.04403321544e-008, 4.55376785169e-008, 3.2629401403e-008, 3.08810598426e-007, 3.08973028496e-007, 2.80954679965e-007, 1.54304061084e-007, 2.05537716624e-007, 1.18533662885e-007, 4.50845334399e-008, 9.18361138247e-008, 4.30898801085e-008, 3.27374252151e-008, 1.22285626958e-007, 1.22615588793e-007, 4.77500975649e-007, 2.86016700102e-007, 1.51732606923e-007, 5.52124994613e-008, 1.33102950883e-008, 1.91772486779e-009, 5.19335442706e-011, 2.51052303946e-011, 4.23322705015e-012, 3.39252683122e-015, 5.6338671815e-019]
    frequency_bands:
        dmean: [4.78881474919e-007, 3.99338387069e-005, 9.0706453193e-005, 7.96168824309e-005, 0.000262124900473, 0.000183348893188, 0.000124235579278, 0.000126207858557, 9.73039132077e-005, 7.05775892129e-005, 3.91263638448e-005, 6.04538472544e-005, 4.80024391436e-005, 5.28417076566e-005, 7.97501197667e-005, 0.00010363265028, 0.000129191248561, 0.000128635700094, 0.000122557277791, 8.15991515992e-005, 4.0358518163e-005, 1.20162712847e-005, 1.93442792806e-006, 9.81079551821e-007, 4.6050780611e-007, 1.6168762329e-008, 3.11790815388e-010, 4.82483185349e-011]
        dmean2: [7.5358138929e-007, 6.86856801622e-005, 0.000152773485752, 0.000128134925035, 0.000436261412688, 0.000289370247629, 0.00018687164993, 0.000200548485736, 0.000147461003507, 0.000105743878521, 6.12085786997e-005, 9.59967801464e-005, 7.5763942732e-005, 8.27127732919e-005, 0.000126864892081, 0.000166753699887, 0.000202814626391, 0.000203351068194, 0.000197052271687, 0.000133460140205, 6.69462024234e-005, 1.95284846995e-005, 2.99396651826e-006, 1.40298720908e-006, 6.72937176205e-007, 2.33237784641e-008, 4.91013785187e-010, 8.97135699063e-011]
        dvar: [9.34648625855e-013, 1.17716014714e-008, 3.94716437313e-008, 1.63989355428e-008, 2.99293191119e-007, 9.64098063605e-008, 6.34024530655e-008, 7.38388692412e-008, 5.69646161352e-008, 3.35835537157e-008, 1.2702998653e-008, 2.03906527219e-008, 1.42401157532e-008, 1.49015946249e-008, 3.60033887148e-008, 4.3422957674e-008, 1.03899559178e-007, 9.57305275051e-008, 6.35755412759e-008, 2.65452051451e-008, 7.99808042018e-009, 9.35197475016e-010, 1.84772509793e-011, 6.68012260091e-012, 1.6113077669e-012, 1.3557030195e-015, 1.90223662316e-019, 5.61729629814e-021]
        dvar2: [2.37503658233e-012, 3.37719114896e-008, 1.12780625727e-007, 4.13646219499e-008, 8.13269934952e-007, 2.26969277151e-007, 1.29625291834e-007, 1.80433545438e-007, 1.25679150642e-007, 7.42093604345e-008, 2.77703939844e-008, 4.87257025839e-008, 3.01850455742e-008, 3.02716713918e-008, 8.35555411527e-008, 1.04161749448e-007, 2.39625677523e-007, 2.13160987528e-007, 1.55270271307e-007, 6.85484948804e-008, 2.06774970479e-008, 2.26274798898e-009, 3.97269613039e-011, 1.20605548118e-011, 3.58945967567e-012, 3.0069875033e-015, 4.34131837524e-019, 1.78754425075e-020]
        max: [1.3653680071e-005, 0.00143119727727, 0.00282410765067, 0.00258705834858, 0.00826081447303, 0.00601495383307, 0.00624771881849, 0.00488657224923, 0.00804981589317, 0.00614259950817, 0.00408325018361, 0.00485520064831, 0.0035788116511, 0.00547399092466, 0.00498376833275, 0.00400786846876, 0.0101708145812, 0.00838193204254, 0.00642141886055, 0.00268220459111, 0.00179247185588, 0.00126002263278, 0.000132008921355, 7.93352737674e-005, 3.84238919651e-005, 1.26064685446e-006, 1.50852965675e-008, 9.11182074237e-010]
        mean: [1.12681868814e-006, 9.56691001193e-005, 0.000204167983611, 0.000166183279362, 0.000447690661531, 0.000390269473428, 0.00027976729325, 0.000225245559704, 0.000216674423427, 0.000169539925992, 7.00292584952e-005, 0.000128207990201, 0.000102011130366, 9.79152755463e-005, 0.000170130893821, 0.000217166787479, 0.000307339709252, 0.000256917322986, 0.000237460262724, 0.000158430091687, 7.13196059223e-005, 2.15926738747e-005, 4.28839257438e-006, 2.46009494731e-006, 1.03388947537e-006, 3.36163026304e-008, 5.37890287866e-010, 3.74362589539e-011]
        median: [7.23697326066e-007, 7.5732707046e-005, 0.000162375697982, 0.000117516479804, 0.000298519880744, 0.000193615342141, 0.000101561294287, 8.95407283679e-005, 6.15371682215e-005, 5.33537895535e-005, 2.23910901695e-005, 4.60661249235e-005, 4.10280154028e-005, 4.31754015153e-005, 4.81062925246e-005, 7.18283117749e-005, 7.69468242652e-005, 7.33395427233e-005, 8.53332167026e-005, 6.30842259852e-005, 2.9100694519e-005, 8.85401550477e-006, 2.02777664526e-006, 1.14867339107e-006, 4.77892399431e-007, 1.41468046166e-008, 2.87171675328e-010, 1.19728532644e-011]
        min: [6.20096578551e-024, 1.45931394634e-023, 3.10733478081e-023, 3.16657208167e-024, 2.33437226273e-023, 4.61065659492e-023, 6.40950242799e-023, 2.54921726808e-023, 9.40618558288e-023, 9.08746684451e-023, 9.02201852619e-023, 9.57943205944e-023, 5.23077762816e-023, 7.39823544304e-023, 1.05835996114e-022, 1.42762051284e-022, 1.23814382269e-022, 2.23692654702e-022, 3.0259457293e-022, 2.20569750016e-022, 4.09058584366e-022, 5.9816598664e-022, 6.47346579454e-022, 8.27970432713e-022, 1.50299959283e-021, 1.67143535578e-021, 2.75564356249e-021, 8.01265029825e-022]
        var: [1.70322371658e-012, 1.04403321544e-008, 4.55376785169e-008, 3.2629401403e-008, 3.08810598426e-007, 3.08973028496e-007, 2.80954679965e-007, 1.54304061084e-007, 2.05537716624e-007, 1.18533662885e-007, 4.50845334399e-008, 9.18361138247e-008, 4.30898801085e-008, 3.27374252151e-008, 1.22285626958e-007, 1.22615588793e-007, 4.77500975649e-007, 2.86016700102e-007, 1.51732606923e-007, 5.52124994613e-008, 1.33102950883e-008, 1.91772486779e-009, 5.19335442706e-011, 2.51052303946e-011, 4.23322705015e-012, 3.39252683122e-015, 5.6338671815e-019, 4.41882629724e-021]
    mfcc:
        mean: [-745.500610352, 125.520599365, -36.115562439, 43.4725456238, -7.54989528656, -6.76571369171, -3.1787006855, -6.59911298752, -2.91956281662, -4.28844404221, -4.57762908936, -3.73496365547, -3.07389354706]
        cov: [[9140.57617188, 431.498046875, -1529.74597168, 695.690856934, -363.414337158, 111.477287292, 96.2168426514, 263.886260986, 245.32824707, 126.620773315, 120.768714905, 82.5686645508, 102.554084778], [431.498046875, 973.331726074, -207.62902832, -90.0770492554, 11.27023983, -29.2209777832, 54.193687439, 6.47278881073, 24.6220149994, 22.8570404053, 10.8456172943, 7.3828420639, 23.6353797913], [-1529.74597168, -207.62902832, 1066.1126709, 208.892990112, 98.7323150635, 227.777114868, 134.726852417, 18.8907470703, 13.2007484436, -10.7655496597, 25.778049469, -7.793592453, -35.2495727539], [695.690856934, -90.0770492554, 208.892990112, 670.664428711, 115.293579102, 104.520111084, 82.0166397095, 77.1424560547, 39.7818756104, 24.2989349365, 25.3361873627, 23.2123889923, 33.2812652588], [-363.414337158, 11.27023983, 98.7323150635, 115.293579102, 243.926452637, 14.0666370392, -19.2133369446, 27.664106369, 14.377658844, 4.08065414429, -10.3955554962, 2.45958280563, 13.6816301346], [111.477287292, -29.2209777832, 227.777114868, 104.520111084, 14.0666370392, 274.520385742, 118.619483948, 19.6398067474, 55.7630958557, 21.0102214813, 28.9465446472, -4.94796276093, -0.216244488955], [96.2168426514, 54.193687439, 134.726852417, 82.0166397095, -19.2133369446, 118.619483948, 199.377029419, 67.6350479126, 20.5811576843, 10.7473964691, 27.7957077026, -2.24510383606, -13.196723938], [263.886260986, 6.47278881073, 18.8907470703, 77.1424560547, 27.664106369, 19.6398067474, 67.6350479126, 145.357009888, 35.955406189, -4.78425168991, 19.3115119934, 10.6633806229, -7.79491615295], [245.32824707, 24.6220149994, 13.2007484436, 39.7818756104, 14.377658844, 55.7630958557, 20.5811576843, 35.955406189, 108.027061462, 22.4999694824, 1.34864270687, 10.2902126312, 5.49158334732], [126.620773315, 22.8570404053, -10.7655496597, 24.2989349365, 4.08065414429, 21.0102214813, 10.7473964691, -4.78425168991, 22.4999694824, 89.2225189209, 27.6023845673, 0.0142132882029, 10.9811868668], [120.768714905, 10.8456172943, 25.778049469, 25.3361873627, -10.3955554962, 28.9465446472, 27.7957077026, 19.3115119934, 1.34864270687, 27.6023845673, 90.4326705933, 18.9901733398, -7.38504934311], [82.5686645508, 7.3828420639, -7.793592453, 23.2123889923, 2.45958280563, -4.94796276093, -2.24510383606, 10.6633806229, 10.2902126312, 0.0142132882029, 18.9901733398, 83.0594863892, 23.2339954376], [102.554084778, 23.6353797913, -35.2495727539, 33.2812652588, 13.6816301346, -0.216244488955, -13.196723938, -7.79491615295, 5.49158334732, 10.9811868668, -7.38504934311, 23.2339954376, 81.3158340454]]
        icov: [[0.000264879927272, -6.87887950335e-005, 0.000466054974822, -0.000414761219872, 0.000490429112688, -0.000339404126862, 0.000168384794961, -0.000356831704266, -0.000279309926555, -5.09495548613e-005, -0.000152988504851, -7.1158128776e-006, -1.86977049452e-005], [-6.87887950335e-005, 0.00120082939975, 0.000135338239488, 0.000315861136187, -0.000473122461699, 0.000399428128731, -0.000902838772163, 0.000430578307714, -0.000341181323165, -2.90433890768e-005, -0.00019781391893, 3.17049343721e-005, -0.000357529410394], [0.000466054974822, 0.000135338239488, 0.00216224300675, -0.000908234331291, 0.0002890174801, -0.00141924538184, -0.000305879628286, -0.000207653793041, -0.00026647732011, 0.000278901308775, -0.000385759951314, -0.00012336979853, 0.000540516688488], [-0.000414761219872, 0.000315861136187, -0.000908234331291, 0.00259075383656, -0.001525056432, 0.000309073773678, -0.000736647867598, -5.31401383341e-005, 0.000334809563356, -0.000223456067033, 5.02381917613e-005, -0.000197694113012, -0.000821396359242], [0.000490429112688, -0.000473122461699, 0.0002890174801, -0.001525056432, 0.00600954750553, -0.000937376462389, 0.00214280933142, -0.00216890731826, -0.000351381750079, -0.000612133764662, 0.000666867475957, 0.000134993810207, -0.000476918445202], [-0.000339404126862, 0.000399428128731, -0.00141924538184, 0.000309073773678, -0.000937376462389, 0.00717966724187, -0.00386748206802, 0.00244666752405, -0.00303681148216, 0.000382090656785, -0.00138816202525, 0.00107139453758, -0.00092478870647], [0.000168384794961, -0.000902838772163, -0.000305879628286, -0.000736647867598, 0.00214280933142, -0.00386748206802, 0.00972236786038, -0.00465208478272, 0.00167872139718, -0.000984940095805, -2.06790118682e-005, 0.000189153943211, 0.000943747814745], [-0.000356831704266, 0.000430578307714, -0.000207653793041, -5.31401383341e-005, -0.00216890731826, 0.00244666752405, -0.00465208478272, 0.0111020123586, -0.0035267281346, 0.0024969484657, -0.00205320748501, -0.000332202762365, 0.000746718083974], [-0.000279309926555, -0.000341181323165, -0.00026647732011, 0.000334809563356, -0.000351381750079, -0.00303681148216, 0.00167872139718, -0.0035267281346, 0.0132187427953, -0.00361449713819, 0.00293202232569, -0.00195985054597, 0.0006059583975], [-5.09495548613e-005, -2.90433890768e-005, 0.000278901308775, -0.000223456067033, -0.000612133764662, 0.000382090656785, -0.000984940095805, 0.0024969484657, -0.00361449713819, 0.0144317541271, -0.00536484736949, 0.00216239294969, -0.0023413207382], [-0.000152988504851, -0.00019781391893, -0.000385759951314, 5.02381917613e-005, 0.000666867475957, -0.00138816202525, -2.06790118682e-005, -0.00205320748501, 0.00293202232569, -0.00536484736949, 0.0150878820568, -0.00433832453564, 0.00288290670142], [-7.1158128776e-006, 3.17049343721e-005, -0.00012336979853, -0.000197694113012, 0.000134993810207, 0.00107139453758, 0.000189153943211, -0.000332202762365, -0.00195985054597, 0.00216239294969, -0.00433832453564, 0.0147624388337, -0.0047654863447], [-1.86977049452e-005, -0.000357529410394, 0.000540516688488, -0.000821396359242, -0.000476918445202, -0.00092478870647, 0.000943747814745, 0.000746718083974, 0.0006059583975, -0.0023413207382, 0.00288290670142, -0.0047654863447, 0.0151969483122]]
    sccoeffs:
        dmean: [0.0409972220659, 0.0442801900208, 0.0345027670264, 0.0292303431779, 0.022640561685, 0.0186785757542]
        dmean2: [0.0686271637678, 0.0724547281861, 0.0556271485984, 0.0474528037012, 0.0358571074903, 0.030359281227]
        dvar: [0.00123981642537, 0.00141937832814, 0.000841273693368, 0.000621598970611, 0.000437656708527, 0.000445498968475]
        dvar2: [0.00341066974215, 0.00366009003483, 0.00210901699029, 0.00154141488019, 0.000977719668299, 0.00111945671961]
        max: [-0.23245356977, -0.390048503876, -0.476582407951, -0.527620732784, -0.535067081451, -0.584451794624]
        mean: [-0.684801578522, -0.7030621171, -0.744318783283, -0.760851323605, -0.779525697231, -0.780459582806]
        median: [-0.695256114006, -0.704481482506, -0.747292637825, -0.764134764671, -0.788862228394, -0.782937765121]
        min: [-0.974628806114, -0.972671806812, -0.965412914753, -0.956681132317, -0.962630927563, -0.961440980434]
        var: [0.00513127306476, 0.00537547515705, 0.00582744646817, 0.00456363009289, 0.00375091144815, 0.00161208619829]
    scvalleys:
        dmean: [0.301719158888, 0.348208874464, 0.297516703606, 0.293034762144, 0.287336558104, 0.235973924398]
        dmean2: [0.501429438591, 0.574259221554, 0.480819344521, 0.467823117971, 0.439188092947, 0.317710250616]
        dvar: [0.090551584959, 0.125553816557, 0.0937463864684, 0.117199331522, 0.151146888733, 0.110325925052]
        dvar2: [0.213153555989, 0.293011724949, 0.198723554611, 0.248319402337, 0.322975456715, 0.180588841438]
        max: [-4.90387058258, -4.57169675827, -5.40364217758, -5.59925222397, -5.44325876236, -7.67842388153]
        mean: [-6.79787254333, -6.90309000015, -7.51655721664, -7.81986236572, -7.84074497223, -10.2648239136]
        median: [-6.35378646851, -6.66357040405, -7.21053218842, -7.53363037109, -7.5607175827, -9.87941265106]
        min: [-26.9389743805, -27.1524677277, -27.2950458527, -27.2276248932, -27.1309738159, -27.2750415802]
        var: [2.26583266258, 1.32013916969, 1.59724938869, 1.55244493484, 1.64203095436, 1.99500060081]

rhythm:
    beats_loudness:
        dmean: 0.00205694511533
        dmean2: 0.00359113537706
        dvar: 2.89185322799e-006
        dvar2: 8.33928243082e-006
        max: 0.0152859510854
        mean: 0.00548685342073
        median: 0.00535046495497
        min: 1.64190922192e-007
        var: 9.97946062853e-006
    bpm: 87.929397583
    bpm_confidence: 0
    first_peak_bpm: 88
    first_peak_spread: 0.0566572211683
    first_peak_weight: 0.932773113251
    onset_rate: 2.90645670891
    second_peak_bpm: 82
    second_peak_spread: 0
    second_peak_weight: 0.0112044820562
    beats_loudness_band_ratio:
        dmean: [0.137169584632, 0.145909577608, 0.108703017235, 0.0823273509741, 0.129977107048, 0.0763528198004]
        dmean2: [0.250568568707, 0.264109730721, 0.189970210195, 0.147144749761, 0.222802326083, 0.13677637279]
        dvar: [0.0205894112587, 0.0147995734587, 0.0113195758313, 0.00726100057364, 0.013105862774, 0.00478231534362]
        dvar2: [0.0665873065591, 0.0410740599036, 0.0316135138273, 0.0211414694786, 0.0373031459749, 0.0145291304216]
        max: [0.968689203262, 0.810922980309, 0.672749340534, 0.600008666515, 0.746765971184, 0.444098889828]
        mean: [0.219183191657, 0.265133112669, 0.152743935585, 0.117187716067, 0.199902877212, 0.112335793674]
        median: [0.158494383097, 0.248961359262, 0.119479700923, 0.0883522182703, 0.161784589291, 0.0965438187122]
        min: [8.03205057309e-006, 0.0131950862706, 0.00328932423145, 4.77114226669e-005, 0.000168845333974, 0.000170618470293]
        var: [0.0373272672296, 0.0213711727411, 0.0137978345156, 0.011294176802, 0.0217028427869, 0.00632137153298]
    beats_position: [0.719818592072, 1.45124709606, 2.18267560005, 2.87927436829, 3.5758728981, 4.26086139679, 4.94585037231, 5.61922883987, 6.29260778427, 6.97759628296, 7.66258478165, 8.34757328033, 9.03256225586, 9.70594120026, 10.379319191, 11.0643081665, 11.749297142, 12.4342851639, 13.1192741394, 13.7926530838, 14.4776411057, 15.1626300812, 15.8476190567, 16.5326080322, 17.2059860229, 17.8909740448, 18.575963974, 19.2493419647, 19.9343299866, 20.6193199158, 21.2926979065, 21.9776859283, 22.6626758575, 23.3360538483, 24.0210418701, 24.6944217682, 25.37940979, 26.0643978119, 26.7493877411, 27.4343757629, 28.1193637848, 28.804353714, 29.4893417358, 30.1627197266, 30.8360996246, 31.5210876465, 32.2060775757, 32.8910636902, 33.5760536194, 34.2494316101, 34.9228096008, 35.60779953, 36.2927894592, 36.9777755737, 37.6627655029, 38.3477554321, 39.0211334229, 39.7061233521, 40.3911094666, 41.0760993958, 41.7494773865, 42.4344673157, 43.1194534302, 43.8044433594, 44.4894332886, 45.1628112793, 45.83618927, 46.5211791992, 47.2061653137, 47.8795471191, 48.5645332336, 49.2495231628, 49.9229011536, 50.6078910828, 51.2928771973, 51.9778671265, 52.6628570557, 53.3362350464, 54.0212249756, 54.7062110901, 55.3795890808, 56.06457901, 56.7495689392, 57.4345550537, 58.1195449829, 58.7929229736, 59.4663009644, 60.1512908936, 60.8362808228, 61.5212669373, 62.2062568665, 62.8912467957, 63.5762329102, 64.2496109009, 64.9229888916, 65.6079788208, 66.29296875, 66.9779586792, 67.6629486084, 68.3479385376, 69.0329208374, 69.7062988281, 70.3912887573, 71.0762786865, 71.7496566772, 72.4346466064, 73.1196365356, 73.8046264648, 74.489616394, 75.1629943848, 75.8363723755, 76.5213623047, 77.2063446045, 77.8913345337, 78.5763244629, 79.2497024536, 79.9230804443, 80.6080703735, 81.2930603027, 81.9780502319, 82.6630401611, 83.3480224609, 84.0330123901, 84.7063903809, 85.3797683716, 86.0763702393, 86.74974823, 87.4347381592, 88.1197280884, 88.7931060791, 89.4780960083, 90.151473999, 90.8364639282, 91.521446228, 92.2064361572, 92.8914260864, 93.5764160156, 94.2497940063, 94.9347839355, 95.6197738647, 96.2931518555, 96.9781417847, 97.6631240845, 98.3365097046, 99.0214920044, 99.7064819336, 100.379859924, 101.076461792, 101.749839783, 102.434829712, 103.119819641, 103.793197632, 104.478187561, 105.163169861, 105.836547852, 106.521537781, 107.20652771, 107.879905701, 108.56489563, 109.249885559, 109.92326355, 110.608253479, 111.293243408, 111.978225708, 112.663215637, 113.336593628, 114.021583557, 114.706573486, 115.391563416, 116.076553345, 116.749931335, 117.434921265, 118.119903564, 118.793289185, 119.478271484, 120.163261414, 120.836639404, 121.521629333, 122.206619263, 122.891609192, 123.576599121, 124.249977112, 124.923355103, 125.608345032, 126.293327332, 126.978317261, 127.66330719, 128.336685181, 129.033279419, 129.706665039, 130.391647339, 131.076644897, 131.750015259, 132.435012817, 133.119995117, 133.793380737, 134.466751099, 135.151748657, 135.836730957, 136.521713257, 137.206710815, 137.891693115, 138.576690674, 139.250061035, 139.923446655, 140.608428955, 141.293426514, 141.966796875, 142.640182495, 143.325164795, 144.010162354, 144.695144653, 145.380126953, 146.065124512, 146.750106812, 147.423492432, 148.108474731, 148.79347229, 149.466842651, 150.140228271, 150.83682251, 151.52180481, 152.206802368, 152.891784668, 153.576782227, 154.250152588, 154.923538208, 155.608520508, 156.293518066, 156.966888428, 157.663482666, 158.348480225, 159.033462524, 159.706848145, 160.380218506, 161.065216064, 161.750198364, 162.423583984, 163.108566284, 163.793563843, 164.466934204, 165.151931763, 165.836914063, 166.521896362, 167.206893921, 167.880264282, 168.565261841, 169.250244141, 169.935241699, 170.620223999, 171.293609619, 171.96697998, 172.65196228, 173.336959839, 174.021942139, 174.706939697, 175.380310059, 176.053695679, 176.738677979, 177.423675537, 178.108657837, 178.793640137, 179.467025757, 180.152008057, 180.837005615, 181.510375977, 182.195373535, 182.868743896, 183.553741455, 184.238723755, 184.923721313, 185.608703613, 186.293685913, 186.978683472, 187.663665771, 188.337051392, 189.010421753, 189.695419312, 190.380401611, 191.07699585, 191.75038147, 192.43536377, 193.120361328, 193.793731689, 194.490341187, 195.163711548, 195.837097168, 196.522079468, 197.207077026, 197.880447388, 198.565444946, 199.250427246, 199.923812866, 200.608795166, 201.293777466, 201.978775024, 202.663757324, 203.337142944, 204.010513306, 204.695510864, 205.380493164, 206.065490723, 206.750473022, 207.423858643, 208.108840942, 208.793823242, 209.467208862, 210.152191162, 210.837188721, 211.522171021, 212.207168579, 212.892150879, 213.577133179, 214.250518799, 214.92388916, 215.608886719, 216.293869019, 216.967254639, 217.652236938, 218.337234497, 219.010604858, 219.695602417, 220.380584717, 221.053970337, 221.750564575, 222.423934937, 223.108932495, 223.793914795, 224.478912354, 225.152282715, 225.837280273, 226.522262573, 227.207244873, 227.880630493, 228.565612793, 229.250610352, 229.923980713, 230.62059021, 231.293960571, 231.97895813, 232.652328491, 233.33732605, 234.02230835, 234.707290649, 235.403900146, 236.112106323, 236.843536377, 237.563354492, 238.25994873, 238.956542969, 239.653152466, 240.349746704, 241.046340942, 241.742950439, 242.427932739, 243.112915039, 243.809524536, 244.494506836]
