
metadata:
    version:
        essentia: "2.1-beta2"
    audio_properties:
        analysis_sample_rate: 44100
        bitrate: 190
        channels: 2
        equal_loudness: 1
        length: 223.529800415
        replay_gain: -6.43808364868
        downmix: "mix"
    tags:
        album: "Rosenrot"
        artist: "Rammstein"
        comment: "Back to rule you all"
        date: "2005"
        genre: "Industrial"
        title: "Ein Lied"
        tracknumber: "11"

configuration:
    average_loudness:
        compute: 1
        frameSize: 88200
        hopSize: 44100
        silentFrames: "noise"
        windowType: "hann"
    general:
        analysisSampleRate: 44100
        endTime: 2000
        equalLoudness: 1
        nequalLoudness: 0
        shortSound: 0
        startTime: 0
    lowlevel:
        compute: 1
        frameSize: 2048
        hopSize: 1024
        zeroPadding: 0
        silentFrames: "noise"
        windowType: "blackmanharris62"
        mfccStats: ["mean", "cov", "icov"]
        stats: ["mean", "var", "median", "min", "max", "dmean", "dmean2", "dvar", "dvar2"]
    panning:
        compute: 0
        frameSize: 8192
        hopSize: 2048
        zeroPadding: 8192
        silentFrames: "noise"
        windowType: "hann"
        stats: ["copy"]
    rhythm:
        compute: 1
        maxTempo: 208
        minTempo: 40
        method: "degara"
        stats: ["mean", "var", "median", "min", "max", "dmean", "dmean2", "dvar", "dvar2"]
    segmentation:
        compute: 0
        cpw: 5
        inc1: 300
        inc2: 50
        minimumSegmentsLength: 10
        size1: 1000
        size2: 600
    sfx:
        compute: 1
        stats: ["mean", "var", "median", "min", "max", "dmean", "dmean2", "dvar", "dvar2"]
    svm:
        compute: 0
    tonal:
        compute: 1
        frameSize: 4096
        hopSize: 2048
        zeroPadding: 0
        silentFrames: "noise"
        windowType: "blackmanharris62"
        stats: ["mean", "var", "median", "min", "max", "dmean", "dmean2", "dvar", "dvar2"]

lowlevel:
    average_loudness: 0.732287049294
    barkbands_kurtosis:
        dmean: 4.532558918
        dmean2: 7.23401069641
        dvar: 60.0886421204
        dvar2: 138.842895508
        max: 195.148880005
        mean: 9.72556591034
        median: 5.45369052887
        min: -1.95860290527
        var: 173.028915405
    barkbands_skewness:
        dmean: 0.59670740366
        dmean2: 0.929279744625
        dvar: 0.416816145182
        dvar2: 0.957220554352
        max: 12.0696964264
        mean: 2.04193997383
        median: 1.90397799015
        min: -2.5389790535
        var: 2.18619012833
    barkbands_spread:
        dmean: 3.31591701508
        dmean2: 5.00910711288
        dvar: 36.8821983337
        dvar2: 70.1295471191
        max: 85.6282119751
        mean: 11.0889873505
        median: 7.16575241089
        min: 0.271243184805
        var: 145.420806885
    dissonance:
        dmean: 0.0406019054353
        dmean2: 0.0677241459489
        dvar: 0.00150882138405
        dvar2: 0.00415197713301
        max: 0.5
        mean: 0.402843981981
        median: 0.413019955158
        min: 0.119588516653
        var: 0.00411325320601
    hfc:
        dmean: 0.578654825687
        dmean2: 0.868102967739
        dvar: 1.91660499573
        dvar2: 3.90923476219
        max: 35.8065376282
        mean: 1.75845134258
        median: 1.18794178963
        min: 1.09430059193e-016
        var: 5.4056596756
    pitch:
        dmean: 258.463653564
        dmean2: 493.835021973
        dvar: 599900
        dvar2: 1477783.75
        max: 5148.27929688
        mean: 525.746337891
        median: 169.452819824
        min: 43.0243911743
        var: 1080794.375
    pitch_instantaneous_confidence:
        dmean: 0.0836315080523
        dmean2: 0.135907113552
        dvar: 0.00547074805945
        dvar2: 0.0143309384584
        max: 0.961700439453
        mean: 0.476456344128
        median: 0.465037554502
        min: 0.0397826433182
        var: 0.0233289822936
    pitch_salience:
        dmean: 0.0653716102242
        dmean2: 0.10611025244
        dvar: 0.00378431472927
        dvar2: 0.00992375798523
        max: 0.97256988287
        mean: 0.582745373249
        median: 0.588322281837
        min: 0.193955913186
        var: 0.0140622295439
    silence_rate_20dB:
        dmean: 0
        dmean2: 0
        dvar: 0
        dvar2: 0
        max: 1
        mean: 1
        median: 1
        min: 1
        var: 0
    silence_rate_30dB:
        dmean: 0
        dmean2: 0
        dvar: 0
        dvar2: 0
        max: 1
        mean: 1
        median: 1
        min: 1
        var: 0
    silence_rate_60dB:
        dmean: 0.0897475853562
        dmean2: 0.179513812065
        dvar: 0.0816941037774
        dvar2: 0.180534929037
        max: 1
        mean: 0.486913174391
        median: 0
        min: 0
        var: 0.249817579985
    spectral_centroid:
        dmean: 103.498146057
        dmean2: 151.88772583
        dvar: 52331.4609375
        dvar2: 90954.6484375
        max: 11309.1601563
        mean: 516.243774414
        median: 370.902923584
        min: 88.4109268188
        var: 359783.84375
    spectral_complexity:
        dmean: 1.20535993576
        dmean2: 1.9977145195
        dvar: 3.80441522598
        dvar2: 8.23355484009
        max: 39
        mean: 5.37660980225
        median: 5
        min: 0
        var: 13.9482917786
    spectral_crest:
        dmean: 2.07025551796
        dmean2: 3.32242965698
        dvar: 3.83926916122
        dvar2: 9.9126033783
        max: 24.5812778473
        mean: 10.847492218
        median: 10.3270530701
        min: 2.72877430916
        var: 13.6456651688
    spectral_decrease:
        dmean: 2.52313114846e-010
        dmean2: 3.99506872029e-010
        dvar: 1.27492068268e-019
        dvar2: 3.2771799855e-019
        max: 9.51747272862e-029
        mean: -9.48437994808e-010
        median: -8.13700717917e-010
        min: -6.85255363564e-009
        var: 5.46152565184e-019
    spectral_energy:
        dmean: 0.000991455279291
        dmean2: 0.00156941334717
        dvar: 1.94773838302e-006
        dvar2: 4.99239968121e-006
        max: 0.0270994640887
        mean: 0.00373911880888
        median: 0.0032084886916
        min: 1.03188333801e-020
        var: 8.45341764943e-006
    spectral_energyband_high:
        dmean: 3.28672140313e-005
        dmean2: 4.58144859294e-005
        dvar: 2.45543070321e-008
        dvar2: 4.55492710216e-008
        max: 0.00428038835526
        mean: 5.36740808457e-005
        median: 2.74022363556e-006
        min: 7.24627584158e-021
        var: 5.9732180091e-008
    spectral_energyband_low:
        dmean: 0.000335451157298
        dmean2: 0.000520741275977
        dvar: 3.27160591951e-007
        dvar2: 9.20849799968e-007
        max: 0.010125361383
        mean: 0.000980280688964
        median: 0.000692120869644
        min: 4.48707301442e-023
        var: 9.1395219215e-007
    spectral_energyband_middle_high:
        dmean: 0.000154481153004
        dmean2: 0.000242087917286
        dvar: 1.04378372612e-007
        dvar2: 2.48836215633e-007
        max: 0.00680327462032
        mean: 0.000363021332305
        median: 0.000132558081532
        min: 1.30600136008e-021
        var: 2.7493382504e-007
    spectral_energyband_middle_low:
        dmean: 0.000859312247485
        dmean2: 0.00135525711812
        dvar: 1.57275553647e-006
        dvar2: 4.0465974962e-006
        max: 0.0218366701156
        mean: 0.00274385442026
        median: 0.00231518573128
        min: 2.06384743519e-022
        var: 5.86645728617e-006
    spectral_flatness_db:
        dmean: 0.025594394654
        dmean2: 0.0394332259893
        dvar: 0.000935454270802
        dvar2: 0.00195945310406
        max: 0.644118070602
        mean: 0.291022002697
        median: 0.286244779825
        min: 0.0469251126051
        var: 0.00807500444353
    spectral_flux:
        dmean: 0.00663035409525
        dmean2: 0.0106725143269
        dvar: 5.72696626477e-005
        dvar2: 0.000132888671942
        max: 0.121047757566
        mean: 0.0236695315689
        median: 0.0216381661594
        min: 6.59519175383e-011
        var: 0.000257557810983
    spectral_kurtosis:
        dmean: 12.5620450974
        dmean2: 21.0516853333
        dvar: 349.261077881
        dvar2: 895.131530762
        max: 456.970001221
        mean: 32.5459060669
        median: 19.155216217
        min: -1.23514258862
        var: 1694.92211914
    spectral_rms:
        dmean: 0.000227120239288
        dmean2: 0.000355005351594
        dvar: 6.98589914805e-008
        dvar2: 1.75977490358e-007
        max: 0.00514183845371
        mean: 0.00173102749977
        median: 0.0017692464171
        min: 3.17287797598e-012
        var: 6.51460425161e-007
    spectral_rolloff:
        dmean: 226.179656982
        dmean2: 386.558013916
        dvar: 350711.8125
        dvar2: 700186.1875
        max: 19207.6171875
        mean: 861.448852539
        median: 516.796875
        min: 107.666015625
        var: 1326484
    spectral_skewness:
        dmean: 0.819239020348
        dmean2: 1.33897745609
        dvar: 0.957125902176
        dvar2: 2.37675213814
        max: 18.6317825317
        mean: 3.77150416374
        median: 3.31651449203
        min: -0.108907885849
        var: 5.82927942276
    spectral_spread:
        dmean: 427775.90625
        dmean2: 655379.375
        dvar: 487518928896
        dvar2: 839235534848
        max: 41320800
        mean: 2722039.5
        median: 1953408
        min: 247526.90625
        var: 5.31197014835e+012
    spectral_strongpeak:
        dmean: 0.128260761499
        dmean2: 0.22059084475
        dvar: 0.0392491258681
        dvar2: 0.104454353452
        max: 4.10933208466
        mean: 0.285448938608
        median: 0.234486758709
        min: 9.98508942196e-010
        var: 0.0620650090277
    zerocrossingrate:
        dmean: 0.00532793113962
        dmean2: 0.00605902960524
        dvar: 8.2346938143e-005
        dvar2: 7.71916165831e-005
        max: 0.5078125
        mean: 0.0320040248334
        median: 0.0244140625
        min: 0.00341796875
        var: 0.00101438327692
    barkbands:
        dmean: [4.85968826069e-007, 6.19976999587e-005, 0.000144928329973, 0.000439296592958, 0.000366425170796, 0.000301837601, 0.000117394316476, 6.00933708483e-005, 5.47071686015e-005, 5.14637140441e-005, 3.72436843463e-005, 1.05058206827e-005, 1.06027009679e-005, 5.64892570765e-006, 8.36280742078e-006, 1.41724249261e-005, 2.5437127988e-005, 1.90164464584e-005, 2.92238601105e-005, 2.49750719377e-005, 1.58565344464e-005, 5.95028632233e-006, 9.04417163383e-007, 7.27099177311e-007, 1.62963104344e-007, 2.68270894388e-009, 1.56226934167e-010]
        dmean2: [6.4048265358e-007, 9.54061833909e-005, 0.000224590796279, 0.000676080060657, 0.000569126743358, 0.000506560492795, 0.000182342017069, 0.000100340148492, 8.95705234143e-005, 8.52429730003e-005, 6.22511433903e-005, 1.62765154528e-005, 1.75486056833e-005, 9.12147243071e-006, 1.33418925543e-005, 2.24074283324e-005, 4.0849976358e-005, 2.93705979857e-005, 4.64303629997e-005, 3.7653157051e-005, 2.27316722885e-005, 8.11241261545e-006, 1.29795739667e-006, 9.9981252788e-007, 2.21635829689e-007, 3.80407172429e-009, 2.82905282534e-010]
        dvar: [1.50050761746e-012, 2.41238371501e-008, 8.96702232467e-008, 5.29067449406e-007, 4.20784402877e-007, 2.4625208539e-007, 6.53085905356e-008, 1.68872738016e-008, 1.30757218386e-008, 1.8973015159e-008, 1.49950043493e-008, 1.80317138998e-009, 1.24161014803e-009, 4.56553350681e-010, 9.84836878715e-010, 4.29385549339e-009, 7.80703857117e-009, 6.43019681945e-009, 1.16849427911e-008, 9.90897941477e-009, 6.43352926488e-009, 1.73647052293e-009, 1.93651761293e-011, 1.70743332667e-011, 8.77847219829e-013, 2.42641640406e-016, 8.04760980649e-020]
        dvar2: [2.55854105263e-012, 7.32340623699e-008, 2.43239867359e-007, 1.4263104049e-006, 1.06083825813e-006, 7.08048048637e-007, 1.65035530131e-007, 4.56150068828e-008, 3.60760736839e-008, 5.24789669498e-008, 4.17501055949e-008, 3.9472354274e-009, 3.26670690498e-009, 1.0496103986e-009, 2.37540542791e-009, 1.09467919174e-008, 1.93670697257e-008, 1.48204497563e-008, 2.8967622967e-008, 2.18544400354e-008, 1.26621033658e-008, 3.31139093923e-009, 3.62551204336e-011, 2.95587582189e-011, 1.4452596021e-012, 4.01185746992e-016, 2.40780204647e-019]
        max: [4.0603808884e-005, 0.00237252563238, 0.00447043450549, 0.0136653715745, 0.0117910746485, 0.0077900737524, 0.00554742245004, 0.00301422458142, 0.00154971785378, 0.00187671114691, 0.0025156463962, 0.00137810024898, 0.00102577544749, 0.000918915611692, 0.000808941433206, 0.00251816795208, 0.00206496543251, 0.00319642247632, 0.00295555847697, 0.00263506034389, 0.00240369560197, 0.00183253944851, 0.000135903814225, 0.000127847786644, 4.07608968089e-005, 7.69407733969e-007, 7.22134885223e-009]
        mean: [8.31464785733e-006, 0.000228587974561, 0.000354762800271, 0.000895254022907, 0.000889676914085, 0.000534463906661, 0.000196091961698, 0.000104113489215, 9.89189284155e-005, 9.41107718972e-005, 6.6335851443e-005, 1.98644447664e-005, 2.30109799304e-005, 8.04356568551e-006, 1.17260742627e-005, 2.07583343581e-005, 3.81360187021e-005, 3.04352251987e-005, 4.35027141066e-005, 3.69881490769e-005, 2.44795937761e-005, 8.7789940153e-006, 1.40187341913e-006, 1.1289895383e-006, 2.35004250726e-007, 3.707282481e-009, 1.36805705653e-010]
        median: [8.41922155814e-006, 0.000147298764205, 0.000153687753482, 0.000517549284268, 0.000531816564035, 0.000307394133415, 9.02699830476e-005, 3.75635281671e-005, 2.96190446534e-005, 1.13149826575e-005, 8.28415340948e-006, 4.04478123528e-006, 4.38621464127e-006, 1.80531969818e-006, 2.69673137154e-006, 1.64794028024e-006, 7.33803335606e-006, 3.00375995721e-006, 7.27149517843e-006, 3.96703626393e-006, 7.70824044594e-007, 1.09913827373e-007, 1.09462217068e-008, 2.20374118953e-009, 4.69293826022e-010, 1.34260033646e-010, 4.2645748044e-011]
        min: [3.83234840036e-025, 2.30103184543e-023, 6.28956157049e-024, 2.91979706343e-024, 1.25730938771e-023, 7.69687483147e-024, 1.95977913753e-023, 2.10332247665e-023, 1.35417330272e-023, 3.77229593008e-023, 3.48745308779e-023, 5.55795169326e-023, 5.31318014506e-023, 3.257842184e-023, 1.0123646372e-022, 1.26053447197e-022, 9.47863204406e-023, 1.24605477228e-022, 1.61685360274e-022, 1.86640362855e-022, 3.33396574674e-022, 4.45416817456e-022, 4.60270778001e-022, 6.28911821488e-022, 9.95272558363e-022, 1.33322703251e-021, 2.14645190048e-021]
        var: [6.15512293911e-011, 7.68849446331e-008, 2.82484620584e-007, 1.17206059258e-006, 1.18250761716e-006, 4.76960565265e-007, 1.21265216535e-007, 3.49517925713e-008, 3.17097708091e-008, 5.16546663221e-008, 3.80993228077e-008, 6.45243769526e-009, 6.84125689432e-009, 6.85225542973e-010, 1.47855427901e-009, 5.35799893342e-009, 1.19931575782e-008, 1.30751676153e-008, 1.60237902946e-008, 1.7782056716e-008, 1.48003085343e-008, 3.45046013983e-009, 4.53764768815e-011, 4.54952499285e-011, 2.11579473559e-012, 5.48445839474e-016, 8.11458106307e-020]
    frequency_bands:
        dmean: [4.85968826069e-007, 6.19976999587e-005, 0.000144928329973, 0.000439296592958, 0.000366425170796, 0.000301837601, 0.000117394316476, 6.00933708483e-005, 5.47071686015e-005, 5.14637140441e-005, 3.72436843463e-005, 1.05058206827e-005, 1.06027009679e-005, 5.64892570765e-006, 8.36280742078e-006, 1.41724249261e-005, 2.5437127988e-005, 1.90164464584e-005, 2.92238601105e-005, 2.49750719377e-005, 1.58565344464e-005, 5.95028632233e-006, 9.04417163383e-007, 7.27099177311e-007, 1.62963104344e-007, 2.68270894388e-009, 1.56226934167e-010, 4.2196371397e-011]
        dmean2: [6.4048265358e-007, 9.54061833909e-005, 0.000224590796279, 0.000676080060657, 0.000569126743358, 0.000506560492795, 0.000182342017069, 0.000100340148492, 8.95705234143e-005, 8.52429730003e-005, 6.22511433903e-005, 1.62765154528e-005, 1.75486056833e-005, 9.12147243071e-006, 1.33418925543e-005, 2.24074283324e-005, 4.0849976358e-005, 2.93705979857e-005, 4.64303629997e-005, 3.7653157051e-005, 2.27316722885e-005, 8.11241261545e-006, 1.29795739667e-006, 9.9981252788e-007, 2.21635829689e-007, 3.80407172429e-009, 2.82905282534e-010, 7.77089642634e-011]
        dvar: [1.50050761746e-012, 2.41238371501e-008, 8.96702232467e-008, 5.29067449406e-007, 4.20784402877e-007, 2.4625208539e-007, 6.53085905356e-008, 1.68872738016e-008, 1.30757218386e-008, 1.8973015159e-008, 1.49950043493e-008, 1.80317138998e-009, 1.24161014803e-009, 4.56553350681e-010, 9.84836878715e-010, 4.29385549339e-009, 7.80703857117e-009, 6.43019681945e-009, 1.16849427911e-008, 9.90897941477e-009, 6.43352926488e-009, 1.73647052293e-009, 1.93651761293e-011, 1.70743332667e-011, 8.77847219829e-013, 2.42641640406e-016, 8.04760980649e-020, 5.30493343102e-021]
        dvar2: [2.55854105263e-012, 7.32340623699e-008, 2.43239867359e-007, 1.4263104049e-006, 1.06083825813e-006, 7.08048048637e-007, 1.65035530131e-007, 4.56150068828e-008, 3.60760736839e-008, 5.24789669498e-008, 4.17501055949e-008, 3.9472354274e-009, 3.26670690498e-009, 1.0496103986e-009, 2.37540542791e-009, 1.09467919174e-008, 1.93670697257e-008, 1.48204497563e-008, 2.8967622967e-008, 2.18544400354e-008, 1.26621033658e-008, 3.31139093923e-009, 3.62551204336e-011, 2.95587582189e-011, 1.4452596021e-012, 4.01185746992e-016, 2.40780204647e-019, 1.70536143351e-020]
        max: [4.0603808884e-005, 0.00237252563238, 0.00447043450549, 0.0136653715745, 0.0117910746485, 0.0077900737524, 0.00554742245004, 0.00301422458142, 0.00154971785378, 0.00187671114691, 0.0025156463962, 0.00137810024898, 0.00102577544749, 0.000918915611692, 0.000808941433206, 0.00251816795208, 0.00206496543251, 0.00319642247632, 0.00295555847697, 0.00263506034389, 0.00240369560197, 0.00183253944851, 0.000135903814225, 0.000127847786644, 4.07608968089e-005, 7.69407733969e-007, 7.22134885223e-009, 1.5187054947e-009]
        mean: [8.31464785733e-006, 0.000228587974561, 0.000354762800271, 0.000895254022907, 0.000889676914085, 0.000534463906661, 0.000196091961698, 0.000104113489215, 9.89189284155e-005, 9.41107718972e-005, 6.6335851443e-005, 1.98644447664e-005, 2.30109799304e-005, 8.04356568551e-006, 1.17260742627e-005, 2.07583343581e-005, 3.81360187021e-005, 3.04352251987e-005, 4.35027141066e-005, 3.69881490769e-005, 2.44795937761e-005, 8.7789940153e-006, 1.40187341913e-006, 1.1289895383e-006, 2.35004250726e-007, 3.707282481e-009, 1.36805705653e-010, 3.35442888744e-011]
        median: [8.41922155814e-006, 0.000147298764205, 0.000153687753482, 0.000517549284268, 0.000531816564035, 0.000307394133415, 9.02699830476e-005, 3.75635281671e-005, 2.96190446534e-005, 1.13149826575e-005, 8.28415340948e-006, 4.04478123528e-006, 4.38621464127e-006, 1.80531969818e-006, 2.69673137154e-006, 1.64794028024e-006, 7.33803335606e-006, 3.00375995721e-006, 7.27149517843e-006, 3.96703626393e-006, 7.70824044594e-007, 1.09913827373e-007, 1.09462217068e-008, 2.20374118953e-009, 4.69293826022e-010, 1.34260033646e-010, 4.2645748044e-011, 1.01870317737e-011]
        min: [3.83234840036e-025, 2.30103184543e-023, 6.28956157049e-024, 2.91979706343e-024, 1.25730938771e-023, 7.69687483147e-024, 1.95977913753e-023, 2.10332247665e-023, 1.35417330272e-023, 3.77229593008e-023, 3.48745308779e-023, 5.55795169326e-023, 5.31318014506e-023, 3.257842184e-023, 1.0123646372e-022, 1.26053447197e-022, 9.47863204406e-023, 1.24605477228e-022, 1.61685360274e-022, 1.86640362855e-022, 3.33396574674e-022, 4.45416817456e-022, 4.60270778001e-022, 6.28911821488e-022, 9.95272558363e-022, 1.33322703251e-021, 2.14645190048e-021, 6.27700837957e-022]
        var: [6.15512293911e-011, 7.68849446331e-008, 2.82484620584e-007, 1.17206059258e-006, 1.18250761716e-006, 4.76960565265e-007, 1.21265216535e-007, 3.49517925713e-008, 3.17097708091e-008, 5.16546663221e-008, 3.80993228077e-008, 6.45243769526e-009, 6.84125689432e-009, 6.85225542973e-010, 1.47855427901e-009, 5.35799893342e-009, 1.19931575782e-008, 1.30751676153e-008, 1.60237902946e-008, 1.7782056716e-008, 1.48003085343e-008, 3.45046013983e-009, 4.53764768815e-011, 4.54952499285e-011, 2.11579473559e-012, 5.48445839474e-016, 8.11458106307e-020, 4.11002579974e-021]
    mfcc:
        mean: [-851.451599121, 164.483657837, 7.2595410347, 43.5908470154, -1.28930556774, -14.7607316971, 1.47389757633, -6.07057476044, -9.69497203827, -6.96123218536, -10.5332860947, -3.84468436241, -3.71677827835]
        cov: [[10327.1484375, 2093.20703125, -1506.84179688, 1782.14880371, -407.134979248, -434.219848633, -154.617477417, -103.091789246, -73.6493759155, 20.8860149384, -237.321411133, -112.264839172, -72.1389694214], [2093.20703125, 2784.94604492, -103.265739441, -203.776443481, -103.00881958, -389.308624268, 252.623840332, -4.58997440338, -116.192092896, -18.4201335907, -115.476249695, -30.8889484406, 34.1167602539], [-1506.84179688, -103.265739441, 851.130187988, -6.1373925209, 228.699279785, 233.024902344, 91.7841339111, 83.602722168, 22.0271720886, 22.0361423492, 69.248626709, 24.057094574, 7.33241224289], [1782.14880371, -203.776443481, -6.1373925209, 1079.02575684, 272.148742676, 178.296829224, -40.6026077271, 61.5434455872, 86.7568054199, 38.0374641418, -5.99681377411, -15.0499229431, -25.8536930084], [-407.134979248, -103.00881958, 228.699279785, 272.148742676, 432.941864014, 204.726531982, 40.3708305359, 92.9401550293, 54.4518814087, 41.9923667908, 36.8178977966, 54.4341659546, 38.9682617188], [-434.219848633, -389.308624268, 233.024902344, 178.296829224, 204.726531982, 398.87588501, 145.301544189, 109.747535706, 108.08795929, 60.8380851746, 84.2374649048, 68.2211532593, 57.9511604309], [-154.617477417, 252.623840332, 91.7841339111, -40.6026077271, 40.3708305359, 145.301544189, 360.425720215, 158.188018799, 95.7301483154, 92.4881439209, 51.5862197876, 59.2642822266, 75.386680603], [-103.091789246, -4.58997440338, 83.602722168, 61.5434455872, 92.9401550293, 109.747535706, 158.188018799, 224.427780151, 91.8281555176, 55.7829551697, 50.436000824, 45.8055877686, 73.8706817627], [-73.6493759155, -116.192092896, 22.0271720886, 86.7568054199, 54.4518814087, 108.08795929, 95.7301483154, 91.8281555176, 142.473129272, 60.9703292847, 21.1925544739, 31.2683753967, 34.4677429199], [20.8860149384, -18.4201335907, 22.0361423492, 38.0374641418, 41.9923667908, 60.8380851746, 92.4881439209, 55.7829551697, 60.9703292847, 139.728790283, 70.3768768311, 21.0397491455, 32.5788917542], [-237.321411133, -115.476249695, 69.248626709, -5.99681377411, 36.8178977966, 84.2374649048, 51.5862197876, 50.436000824, 21.1925544739, 70.3768768311, 158.127487183, 89.5651855469, 28.9674129486], [-112.264839172, -30.8889484406, 24.057094574, -15.0499229431, 54.4341659546, 68.2211532593, 59.2642822266, 45.8055877686, 31.2683753967, 21.0397491455, 89.5651855469, 204.287002563, 89.87084198], [-72.1389694214, 34.1167602539, 7.33241224289, -25.8536930084, 38.9682617188, 57.9511604309, 75.386680603, 73.8706817627, 34.4677429199, 32.5788917542, 28.9674129486, 89.87084198, 149.52583313]]
        icov: [[0.000520763336681, -0.000498850829899, 0.000698187563103, -0.00108113850001, 0.000968386651948, -0.00056043319637, 0.000547409406863, -0.000442478107288, 0.0006687688292, -0.000754040898755, 0.000568224408198, -0.000454094290035, 0.000224312971113], [-0.000498850829899, 0.00106405699626, -0.000730844447389, 0.000965167710092, -0.00115669937804, 0.00144443695899, -0.00147921324242, 0.000633052899502, -0.000224431438255, 0.000816879386548, -0.000342475483194, 0.000449070066679, -0.000435878668213], [0.000698187563103, -0.000730844447389, 0.00257388106547, -0.00114671688061, 0.000589153321926, -0.00162589352112, 0.000694436137564, -0.000890274823178, 0.00134407263249, -0.000741659547202, 0.000330405280693, -0.000324938853737, 0.000728475453798], [-0.00108113850001, 0.000965167710092, -0.00114671688061, 0.00353551236913, -0.00270296656527, 0.000574063917156, -0.000532810110599, 0.000582620501518, -0.00181009981316, 0.00123208481818, -0.000846126757096, 0.000968508946244, 0.000119066906336], [0.000968386651948, -0.00115669937804, 0.000589153321926, -0.00270296656527, 0.00594378914684, -0.00283911335282, 0.00223177717999, -0.00215643132105, 0.00198386795819, -0.00268259039149, 0.00229301070794, -0.00201695668511, 0.000621568935458], [-0.00056043319637, 0.00144443695899, -0.00162589352112, 0.000574063917156, -0.00283911335282, 0.00729707861319, -0.00351352640428, 0.00186497764662, -0.00306589831598, 0.00265005324036, -0.00291770813055, 0.00131163315382, -0.00175286398735], [0.000547409406863, -0.00147921324242, 0.000694436137564, -0.000532810110599, 0.00223177717999, -0.00351352640428, 0.00739451870322, -0.00376611668617, 2.5057757739e-005, -0.0037131041754, 0.00196490320377, -0.00158444116823, 0.000762894342188], [-0.000442478107288, 0.000633052899502, -0.000890274823178, 0.000582620501518, -0.00215643132105, 0.00186497764662, -0.00376611668617, 0.00973883736879, -0.00460834754631, 0.00282077072188, -0.00349092483521, 0.00238977186382, -0.00359922833741], [0.0006687688292, -0.000224431438255, 0.00134407263249, -0.00181009981316, 0.00198386795819, -0.00306589831598, 2.5057757739e-005, -0.00460834754631, 0.0147398132831, -0.00616716314107, 0.00496281217784, -0.00298545742407, 0.00170915178023], [-0.000754040898755, 0.000816879386548, -0.000741659547202, 0.00123208481818, -0.00268259039149, 0.00265005324036, -0.0037131041754, 0.00282077072188, -0.00616716314107, 0.0152605110779, -0.00871958117932, 0.00478152139112, -0.00323825213127], [0.000568224408198, -0.000342475483194, 0.000330405280693, -0.000846126757096, 0.00229301070794, -0.00291770813055, 0.00196490320377, -0.00349092483521, 0.00496281217784, -0.00871958117932, 0.014911191538, -0.0072953752242, 0.00370890251361], [-0.000454094290035, 0.000449070066679, -0.000324938853737, 0.000968508946244, -0.00201695668511, 0.00131163315382, -0.00158444116823, 0.00238977186382, -0.00298545742407, 0.00478152139112, -0.0072953752242, 0.0105551080778, -0.00578696839511], [0.000224312971113, -0.000435878668213, 0.000728475453798, 0.000119066906336, 0.000621568935458, -0.00175286398735, 0.000762894342188, -0.00359922833741, 0.00170915178023, -0.00323825213127, 0.00370890251361, -0.00578696839511, 0.0118624595925]]
    sccoeffs:
        dmean: [0.0363921709359, 0.0473302826285, 0.0366542600095, 0.029756449163, 0.0220276862383, 0.0192260369658]
        dmean2: [0.057413931936, 0.0785179063678, 0.0610397905111, 0.0495540909469, 0.0356210246682, 0.0302371624857]
        dvar: [0.00123633851763, 0.00162359897513, 0.000928938912693, 0.000672113732435, 0.000402391131502, 0.000349685869878]
        dvar2: [0.0031830559019, 0.00434901705012, 0.00249505857937, 0.00175260333344, 0.00099051638972, 0.000775520806201]
        max: [-0.190511375666, -0.440347909927, -0.497159749269, -0.524677813053, -0.577042579651, -0.550625026226]
        mean: [-0.616602540016, -0.703281760216, -0.757558822632, -0.793718338013, -0.794383764267, -0.788313567638]
        median: [-0.664281725883, -0.69973307848, -0.765507161617, -0.796345114708, -0.795958638191, -0.782427787781]
        min: [-0.972775220871, -0.984177350998, -0.989137589931, -0.980591773987, -0.964453160763, -0.962940812111]
        var: [0.0223388411105, 0.00626910757273, 0.00731860753149, 0.0040465160273, 0.00352312857285, 0.00327111082152]
    scvalleys:
        dmean: [0.277014195919, 0.389113485813, 0.381611764431, 0.358997970819, 0.329698473215, 0.299681603909]
        dmean2: [0.441069483757, 0.639539837837, 0.621433138847, 0.559449493885, 0.488382816315, 0.443235307932]
        dvar: [0.118261016905, 0.170048519969, 0.232978016138, 0.228994041681, 0.222151100636, 0.18892686069]
        dvar2: [0.267125785351, 0.41360911727, 0.522694885731, 0.483595311642, 0.437184602022, 0.330108016729]
        max: [-4.68076133728, -4.37120628357, -5.69127178192, -6.15248298645, -5.74924564362, -7.71133804321]
        mean: [-7.1667304039, -7.27742004395, -8.4265089035, -9.25343513489, -9.58644580841, -12.4855270386]
        median: [-6.24621677399, -6.84892654419, -7.94503116608, -8.95852088928, -9.60414886475, -13.089887619]
        min: [-27.7261257172, -27.5427246094, -27.2719974518, -27.4483509064, -27.5334377289, -27.3067798615]
        var: [5.35717725754, 3.04458379745, 2.67763185501, 2.62807679176, 3.3292632103, 3.07621741295]

rhythm:
    beats_loudness:
        dmean: 0.00178628542926
        dmean2: 0.00304011837579
        dvar: 3.46712772625e-006
        dvar2: 9.3904645837e-006
        max: 0.0170281659812
        mean: 0.00429995171726
        median: 0.00389136001468
        min: 3.92045458597e-011
        var: 1.00580455182e-005
    bpm: 121.997840881
    bpm_confidence: 0
    first_peak_bpm: 123
    first_peak_spread: 0.473837196827
    first_peak_weight: 0.396061271429
    onset_rate: 2.73341631889
    second_peak_bpm: 117
    second_peak_spread: 0.149999976158
    second_peak_weight: 0.0743982493877
    beats_loudness_band_ratio:
        dmean: [0.188348904252, 0.162786349654, 0.0949996560812, 0.0415125638247, 0.0376773253083, 0.0503541976213]
        dmean2: [0.332546293736, 0.284472942352, 0.167449936271, 0.0737242624164, 0.0679879933596, 0.0919254124165]
        dvar: [0.0256174448878, 0.0186311397702, 0.0104840975255, 0.00588577566668, 0.0037816746626, 0.0120884403586]
        dvar2: [0.0768659263849, 0.0545767135918, 0.0312418993562, 0.0157467480749, 0.0109063154086, 0.0327931791544]
        max: [0.988297820091, 0.932478308678, 0.793663680553, 0.799593806267, 0.359060674906, 0.70651113987]
        mean: [0.44548496604, 0.336609721184, 0.131028741598, 0.0596286319196, 0.0327375680208, 0.0407021865249]
        median: [0.433867782354, 0.326386868954, 0.0946304947138, 0.0222146064043, 0.0106684491038, 0.00653067789972]
        min: [0, 0, 0, 0, 0, 0]
        var: [0.0584827847779, 0.0409351736307, 0.0168421454728, 0.0108866514638, 0.00310780550353, 0.0109179932624]
    beats_position: [0.510838985443, 1.03328800201, 1.55573689938, 2.08979582787, 2.61224484444, 3.11147379875, 3.61070299149, 4.1099319458, 4.59755086899, 5.08516979218, 5.58439922333, 6.08362817764, 6.57124710083, 7.05886602402, 7.5464849472, 8.03410434723, 8.53333282471, 9.03256225586, 9.52018165588, 10.0078001022, 10.4954195023, 10.9946479797, 11.4938774109, 11.9814968109, 12.4691152573, 12.9567346573, 13.4443531036, 13.9435825348, 14.4312019348, 14.9304304123, 15.4180498123, 15.9056682587, 16.4048976898, 16.904127121, 17.4149665833, 17.9141941071, 18.4134235382, 18.9126529694, 19.3770523071, 19.853061676, 20.3406791687, 20.8282985687, 21.3159179688, 21.8035373688, 22.2911567688, 22.7787742615, 23.2663936615, 23.7772331238, 24.2648525238, 24.7524719238, 25.2516994476, 25.7509288788, 26.2501583099, 26.7261676788, 27.22539711, 27.7246246338, 28.2122440338, 28.6998634338, 29.1874828339, 29.686712265, 30.1743297577, 30.6619491577, 31.1495685577, 31.6487979889, 32.1480255127, 32.6472549438, 33.1348762512, 33.6108856201, 34.0985031128, 34.5977325439, 35.0853500366, 35.572971344, 36.0605888367, 36.5482063293, 37.0358276367, 37.5350570679, 38.034286499, 38.545124054, 39.0327415466, 39.5319709778, 40.0312004089, 40.5188217163, 41.006439209, 41.4940567017, 41.981678009, 42.4692955017, 42.9569168091, 43.4561424255, 43.9553718567, 44.4313812256, 44.919002533, 45.4066200256, 45.894241333, 46.3934669495, 46.8926963806, 47.3919258118, 47.8795471191, 48.3671646118, 48.866394043, 49.3656234741, 49.8532409668, 50.3408622742, 50.8284797668, 51.3160972595, 51.8153266907, 52.302947998, 52.8021774292, 53.2897949219, 53.7774124146, 54.2650337219, 54.7642631531, 55.2634925842, 55.7511100769, 56.2387275696, 56.726348877, 57.2139663696, 57.7131958008, 58.2124252319, 58.7000427246, 59.187664032, 59.6752815247, 60.162902832, 60.6621322632, 61.1613578796, 61.648979187, 62.1365966797, 62.6242179871, 63.1234474182, 63.6110649109, 64.1102905273, 64.5979156494, 65.0855331421, 65.5731506348, 66.0607681274, 66.5483856201, 67.0476150513, 67.5468444824, 68.0344696045, 68.5220870972, 69.0213165283, 69.5205459595, 70.0081634521, 70.5073928833, 71.0066223145, 71.4594116211, 71.9122009277, 72.3533782959, 72.7945556641, 73.2241287231, 73.6536941528, 74.0832672119, 74.5128326416, 74.9424057007, 75.3719711304, 75.8712005615, 76.3704299927, 76.8696594238, 77.368888855, 77.8681182861, 78.3673477173, 78.85496521, 79.3425827026, 79.8418121338, 80.3410415649, 80.8286590576, 81.3162765503, 81.8039016724, 82.3031311035, 82.8023605347, 83.2899780273, 83.77759552, 84.2768249512, 84.7760543823, 85.263671875, 85.7512893677, 86.2389068604, 86.7149200439, 87.1909255981, 87.7365951538, 88.2938766479, 88.8511581421, 89.3968200684, 89.9541015625, 90.5113830566, 90.9990005493, 91.521446228, 92.0555114746, 92.5779571533, 93.0887985229, 93.5996322632, 94.0988616943, 94.5980911255, 95.0857162476, 95.5733337402, 96.0725631714, 96.5717926025, 97.0594100952, 97.5470275879, 98.0346450806, 98.5338745117, 99.0331039429, 99.5207214355, 100.008346558, 100.49596405, 100.983581543, 101.482810974, 101.982040405, 102.469657898, 102.957275391, 103.444892883, 103.932518005, 104.431747437, 104.930976868, 105.41859436, 105.906211853, 106.393829346, 106.893058777, 107.392288208, 107.879905701, 108.367523193, 108.855148315, 109.342765808, 109.841995239, 110.34122467, 110.828842163, 111.316459656, 111.804077148, 112.30330658, 112.790924072, 113.290153503, 113.777778625, 114.265396118, 114.764625549, 115.26385498, 115.751472473, 116.239089966, 116.726707458, 117.214332581, 117.713554382, 118.212783813, 118.700408936, 119.188026428, 119.675643921, 120.174873352, 120.674102783, 121.161720276, 121.649337769, 122.136962891, 122.624580383, 123.112197876, 123.611427307, 124.0990448, 124.598274231, 125.085891724, 125.585121155, 126.084350586, 126.571968079, 127.059593201, 127.547210693, 128.034820557, 128.522445679, 129.010070801, 129.509292603, 130.008529663, 130.496139526, 130.983764648, 131.471374512, 131.958999634, 132.458221436, 132.957458496, 133.445083618, 133.932693481, 134.420318604, 134.907928467, 135.407165527, 135.906387329, 136.394012451, 136.881637573, 137.369247437, 137.856872559, 138.35609436, 138.855331421, 139.331329346, 139.830566406, 140.341400146, 140.852249146, 141.386306763, 141.955184937, 142.524078369, 143.081359863, 143.638641357, 144.184310913, 144.741577148, 145.287246704, 145.786483765, 146.285705566, 146.796554565, 147.307388306, 147.818222046, 148.329071045, 148.781860352, 149.234649658, 149.699050903, 150.16343689, 150.616226196, 151.069015503, 151.533416748, 151.916549683, 152.299682617, 152.682815552, 153.077545166, 153.472290039, 153.855422974, 154.238540649, 154.621673584, 155.004806519, 155.387939453, 155.771057129, 156.17741394, 156.583755493, 156.990112305, 157.384857178, 157.79119873, 158.185943604, 158.592285156, 158.998641968, 159.49786377, 159.985488892, 160.484710693, 160.972335815, 161.471557617, 161.970794678, 162.470016479, 162.957641602, 163.445251465, 163.932876587, 164.420501709, 164.908111572, 165.395736694, 165.883346558, 166.382583618, 166.88180542, 167.369430542, 167.868652344, 168.367889404, 168.855514526, 169.354736328, 169.761077881, 170.132598877, 170.504119873, 170.864028931, 171.223937988, 171.595458984, 171.96697998, 172.419769287, 172.884170532, 173.348571777, 173.801361084, 174.277359009, 174.753372192, 175.229385376, 175.728607178, 176.227844238, 176.715454102, 177.214691162, 177.713912964, 178.213150024, 178.700775146, 179.176773071, 179.664398193, 180.163619995, 180.651245117, 181.138870239, 181.626480103, 182.114105225, 182.613327026, 183.112564087, 183.60017395, 184.099411011, 184.587020874, 185.086257935, 185.573867798, 186.06149292, 186.549118042, 187.025115967, 187.50112915, 187.965530396, 188.429931641, 188.905944824, 189.381942749, 189.857955933, 190.345581055, 190.844802856, 191.355636597, 191.866485596, 192.377319336, 192.888153076, 193.399002075, 193.909835815, 194.420669556, 194.931518555, 195.430740356, 195.929977417, 196.41758728, 196.905212402, 197.392837524, 197.880447388, 198.36807251, 198.867294312, 199.378143311, 199.888977051, 200.388198853, 200.887435913, 201.398269653, 201.897506714, 202.396728516, 202.895965576, 203.395187378, 203.894424438, 204.39364624, 204.892883301, 205.380493164, 205.879730225, 206.367340088, 206.889785767, 207.400634766, 207.911468506, 208.399093628, 208.875091553, 209.351104736, 209.861953735, 210.372787476, 210.883621216, 211.394470215, 211.905303955, 212.416137695, 212.903762817, 213.402984619, 213.90222168, 214.401443481, 214.900680542, 215.399902344, 215.887527466, 216.386749268, 216.885986328, 217.38520813, 217.88444519, 218.395278931, 218.906112671, 219.41696167, 219.92779541, 220.345748901, 220.763717651, 221.181671143, 221.599639893, 222.017593384, 222.447158813, 222.876724243]
