
metadata:
    version:
        essentia: "2.1-beta2"
    audio_properties:
        analysis_sample_rate: 44100
        bitrate: 320
        channels: 2
        equal_loudness: 1
        length: 244.532241821
        replay_gain: -14.5229206085
        downmix: "mix"
    tags:
        album: "Sehnsucht [Limited Edition]"
        artist: "Rammstein"
        comment: ""
        date: "1998"
        genre: "Industrial"
        title: "Sehnsucht"
        tracknumber: "1"

configuration:
    average_loudness:
        compute: 1
        frameSize: 88200
        hopSize: 44100
        silentFrames: "noise"
        windowType: "hann"
    general:
        analysisSampleRate: 44100
        endTime: 2000
        equalLoudness: 1
        nequalLoudness: 0
        shortSound: 0
        startTime: 0
    lowlevel:
        compute: 1
        frameSize: 2048
        hopSize: 1024
        zeroPadding: 0
        silentFrames: "noise"
        windowType: "blackmanharris62"
        mfccStats: ["mean", "cov", "icov"]
        stats: ["mean", "var", "median", "min", "max", "dmean", "dmean2", "dvar", "dvar2"]
    panning:
        compute: 0
        frameSize: 8192
        hopSize: 2048
        zeroPadding: 8192
        silentFrames: "noise"
        windowType: "hann"
        stats: ["copy"]
    rhythm:
        compute: 1
        maxTempo: 208
        minTempo: 40
        method: "degara"
        stats: ["mean", "var", "median", "min", "max", "dmean", "dmean2", "dvar", "dvar2"]
    segmentation:
        compute: 0
        cpw: 5
        inc1: 300
        inc2: 50
        minimumSegmentsLength: 10
        size1: 1000
        size2: 600
    sfx:
        compute: 1
        stats: ["mean", "var", "median", "min", "max", "dmean", "dmean2", "dvar", "dvar2"]
    svm:
        compute: 0
    tonal:
        compute: 1
        frameSize: 4096
        hopSize: 2048
        zeroPadding: 0
        silentFrames: "noise"
        windowType: "blackmanharris62"
        stats: ["mean", "var", "median", "min", "max", "dmean", "dmean2", "dvar", "dvar2"]

lowlevel:
    average_loudness: 0.840088427067
    barkbands_kurtosis:
        dmean: 1.42027771473
        dmean2: 2.22238183022
        dvar: 5.68685150146
        dvar2: 13.1918106079
        max: 53.9495239258
        mean: 0.654537022114
        median: -0.505995094776
        min: -1.89959025383
        var: 11.583773613
    barkbands_skewness:
        dmean: 0.534393250942
        dmean2: 0.80216896534
        dvar: 0.286734759808
        dvar2: 0.638026058674
        max: 6.63289833069
        mean: -0.104836508632
        median: -0.269726485014
        min: -4.54593896866
        var: 1.50124335289
    barkbands_spread:
        dmean: 7.06357240677
        dmean2: 10.7130537033
        dvar: 50.2448616028
        dvar2: 108.537780762
        max: 91.4490127563
        mean: 30.3582229614
        median: 31.2689552307
        min: 0.671979308128
        var: 200.914215088
    dissonance:
        dmean: 0.0154257928953
        dmean2: 0.0259195193648
        dvar: 0.000519510824233
        dvar2: 0.00142393098213
        max: 0.500000059605
        mean: 0.475135475397
        median: 0.486210346222
        min: 0.138411745429
        var: 0.0011053258786
    hfc:
        dmean: 3.03901314735
        dmean2: 4.82385063171
        dvar: 21.5668563843
        dvar2: 53.9325637817
        max: 53.8710708618
        mean: 8.58337020874
        median: 6.79614830017
        min: 1.07412360538e-016
        var: 63.0264472961
    pitch:
        dmean: 778.109313965
        dmean2: 1476.71813965
        dvar: 1682065.125
        dvar2: 3859802.25
        max: 5491.90234375
        mean: 2079.63745117
        median: 2682.43505859
        min: 55.3551559448
        var: 2916430.75
    pitch_instantaneous_confidence:
        dmean: 0.0850755870342
        dmean2: 0.136689186096
        dvar: 0.0054675755091
        dvar2: 0.0129744764417
        max: 0.965017914772
        mean: 0.429331898689
        median: 0.393326699734
        min: 0.0911771655083
        var: 0.0270362216979
    pitch_salience:
        dmean: 0.0635861009359
        dmean2: 0.104445889592
        dvar: 0.00368224084377
        dvar2: 0.00978520698845
        max: 0.96345949173
        mean: 0.66210693121
        median: 0.687770545483
        min: 0.212569475174
        var: 0.0106189241633
    silence_rate_20dB:
        dmean: 0
        dmean2: 0
        dvar: 0
        dvar2: 0
        max: 1
        mean: 1
        median: 1
        min: 1
        var: 0
    silence_rate_30dB:
        dmean: 0
        dmean2: 0
        dvar: 0
        dvar2: 0
        max: 1
        mean: 1
        median: 1
        min: 1
        var: 0
    silence_rate_60dB:
        dmean: 0.110140524805
        dmean2: 0.22030197084
        dvar: 0.0980194509029
        dvar2: 0.197426334023
        max: 1
        mean: 0.457989186049
        median: 0
        min: 0
        var: 0.248224750161
    spectral_centroid:
        dmean: 342.646881104
        dmean2: 516.747802734
        dvar: 154778.234375
        dvar2: 322877.875
        max: 11430.015625
        mean: 1949.33813477
        median: 2032.59143066
        min: 229.270187378
        var: 857854.75
    spectral_complexity:
        dmean: 4.10292434692
        dmean2: 6.35704088211
        dvar: 25.4376010895
        dvar2: 55.8135452271
        max: 45
        mean: 14.7916069031
        median: 14
        min: 0
        var: 117.556480408
    spectral_crest:
        dmean: 2.1015586853
        dmean2: 3.42068243027
        dvar: 4.32456922531
        dvar2: 10.4507236481
        max: 25.7363681793
        mean: 7.69441366196
        median: 6.43995332718
        min: 2.30591773987
        var: 14.6993541718
    spectral_decrease:
        dmean: 2.64425426e-010
        dmean2: 4.11560424629e-010
        dvar: 1.39222381158e-019
        dvar2: 3.31037887939e-019
        max: 1.60897074601e-028
        mean: -8.45600311994e-010
        median: -7.18827386503e-010
        min: -3.6072300702e-009
        var: 3.78289236262e-019
    spectral_energy:
        dmean: 0.0012361430563
        dmean2: 0.00192693108693
        dvar: 3.14368912768e-006
        dvar2: 7.5403372648e-006
        max: 0.0185007881373
        mean: 0.00397002790123
        median: 0.00335438083857
        min: 9.8409863268e-021
        var: 8.90611772775e-006
    spectral_energyband_high:
        dmean: 0.000240528403083
        dmean2: 0.000383230100852
        dvar: 1.3496247675e-007
        dvar2: 3.24455697864e-007
        max: 0.00774603895843
        mean: 0.000534588762093
        median: 0.000366963504348
        min: 7.27785895446e-021
        var: 3.30041331154e-007
    spectral_energyband_low:
        dmean: 0.000311544863507
        dmean2: 0.00050944252871
        dvar: 4.00902479214e-007
        dvar2: 1.02256763057e-006
        max: 0.005194733385
        mean: 0.000382752303267
        median: 0.000206719487323
        min: 1.13879881392e-023
        var: 3.74049790253e-007
    spectral_energyband_middle_high:
        dmean: 0.000742460251786
        dmean2: 0.00116705941036
        dvar: 1.27335442812e-006
        dvar2: 3.05606886286e-006
        max: 0.0165178421885
        mean: 0.00211467547342
        median: 0.0015277514467
        min: 1.30723627449e-021
        var: 4.66469964522e-006
    spectral_energyband_middle_low:
        dmean: 0.00048365056864
        dmean2: 0.000804357230663
        dvar: 4.16631962707e-007
        dvar2: 1.14166107323e-006
        max: 0.00627499027178
        mean: 0.00107530062087
        median: 0.000885289860889
        min: 1.59887539961e-022
        var: 7.02120871665e-007
    spectral_flatness_db:
        dmean: 0.0184892956167
        dmean2: 0.0268117375672
        dvar: 0.000361588201486
        dvar2: 0.000725978577975
        max: 0.543339848518
        mean: 0.143299609423
        median: 0.126732513309
        min: 0.048897087574
        var: 0.00431314250454
    spectral_flux:
        dmean: 0.00860016141087
        dmean2: 0.0130016906187
        dvar: 0.000123194520711
        dvar2: 0.000252122204984
        max: 0.120435789227
        mean: 0.0379342474043
        median: 0.0362811200321
        min: 6.4912443476e-011
        var: 0.00037920664181
    spectral_kurtosis:
        dmean: 2.15173697472
        dmean2: 3.5173664093
        dvar: 52.5306167603
        dvar2: 157.31640625
        max: 167.995330811
        mean: 6.03667497635
        median: 3.16953611374
        min: -1.24343121052
        var: 246.612213135
    spectral_rms:
        dmean: 0.000297839462291
        dmean2: 0.000450241874205
        dvar: 1.4139008897e-007
        dvar2: 3.18750409178e-007
        max: 0.00424847612157
        mean: 0.00181334652007
        median: 0.00180902366992
        min: 3.09854203927e-012
        var: 5.84954250371e-007
    spectral_rolloff:
        dmean: 460.791778564
        dmean2: 727.272338867
        dvar: 474571.15625
        dvar2: 929172.5
        max: 19659.8144531
        mean: 3325.7890625
        median: 3660.64453125
        min: 172.265625
        var: 2219102.5
    spectral_skewness:
        dmean: 0.260626912117
        dmean2: 0.39801543951
        dvar: 0.203817948699
        dvar2: 0.55929094553
        max: 10.0302782059
        mean: 1.5114916563
        median: 1.27705323696
        min: -0.0500525347888
        var: 0.997647285461
    spectral_spread:
        dmean: 721714.0625
        dmean2: 1011439.25
        dvar: 945051533312
        dvar2: 1.7037861847e+012
        max: 41743764
        mean: 5495624
        median: 5223283
        min: 430679.8125
        var: 6.455296e+012
    spectral_strongpeak:
        dmean: 0.503894925117
        dmean2: 0.86722689867
        dvar: 0.612429976463
        dvar2: 1.59669780731
        max: 10.4997739792
        mean: 0.708476662636
        median: 0.306810081005
        min: 1.0255314653e-010
        var: 0.964639484882
    zerocrossingrate:
        dmean: 0.0112875401974
        dmean2: 0.0124575933442
        dvar: 0.000137128707138
        dvar2: 0.000146478123497
        max: 0.51806640625
        mean: 0.10631301254
        median: 0.11181640625
        min: 0.01708984375
        var: 0.0017477698857
    barkbands:
        dmean: [3.50185331399e-007, 4.35728034063e-005, 0.000221629656153, 0.000170612940565, 0.000143808822031, 0.00011236078717, 9.2702859547e-005, 7.94792795205e-005, 0.000107313440822, 4.09082967963e-005, 5.88393268117e-005, 5.72858189116e-005, 4.32023662142e-005, 4.12266308558e-005, 4.62857897219e-005, 9.07866269699e-005, 0.000156830341439, 0.000219761554035, 0.000286207301542, 0.000206660741242, 0.000131906708702, 3.43689825968e-005, 9.01010480447e-006, 4.58017484561e-006, 2.26864062824e-006, 9.44253528701e-008, 2.28535190772e-009]
        dmean2: [4.47580362106e-007, 6.8525892857e-005, 0.000375265575713, 0.000287227245281, 0.000240340828896, 0.000187932397239, 0.000156836977112, 0.000131141408929, 0.000172090614797, 6.59871293465e-005, 9.56051953835e-005, 9.25835120142e-005, 7.0004738518e-005, 6.70609224471e-005, 7.69625912653e-005, 0.000145423837239, 0.000255852122791, 0.00034929139656, 0.000464667740744, 0.000343477877323, 0.000214471263462, 5.38260392204e-005, 1.40172860483e-005, 6.85154236635e-006, 3.28812461703e-006, 1.34233516746e-007, 3.56024232318e-009]
        dvar: [2.02598707125e-013, 6.16094064654e-009, 2.5510317414e-007, 9.53367873535e-008, 5.72277976119e-008, 2.94780857502e-008, 3.20062234493e-008, 1.89555358077e-008, 3.76448738848e-008, 4.9440518346e-009, 8.38141289705e-009, 1.12897522442e-008, 6.93824997455e-009, 7.06702651954e-009, 8.00344945873e-009, 2.39435564708e-008, 7.06127778471e-008, 1.93287121419e-007, 2.60784673856e-007, 1.08188203285e-007, 4.16441849893e-008, 7.90921728111e-009, 3.80217801688e-010, 7.4840980635e-011, 4.04370356644e-011, 5.80758924566e-014, 1.84186867703e-017]
        dvar2: [3.77150920087e-013, 1.4124121428e-008, 6.61734304686e-007, 2.55385202763e-007, 1.52737271719e-007, 7.78751925168e-008, 8.38164382344e-008, 4.97616134965e-008, 9.07960142627e-008, 1.24052226269e-008, 2.10878088325e-008, 2.89365509332e-008, 1.76860339707e-008, 1.72332903503e-008, 2.05632080252e-008, 5.77186192174e-008, 1.71522117398e-007, 4.45308245389e-007, 6.40379710148e-007, 2.92517569278e-007, 1.02326524143e-007, 1.70906808705e-008, 8.84360473741e-010, 1.39762604268e-010, 7.4390889282e-011, 1.18549538675e-013, 3.93107593774e-017]
        max: [4.35173524238e-006, 0.000750105944462, 0.00410915212706, 0.00404650578275, 0.00432784436271, 0.00304812495597, 0.00473473826423, 0.002590845339, 0.00378262554295, 0.00183134432882, 0.00198019179516, 0.00181271578185, 0.00184183998499, 0.00190406804904, 0.00255497521721, 0.00382563308813, 0.00561031606048, 0.0107002332807, 0.0100616682321, 0.0032879204955, 0.00579293398187, 0.00315822707489, 0.000670787703712, 0.000271164695732, 0.000186798686627, 6.35125707049e-006, 1.24403882751e-007]
        mean: [6.03786190823e-007, 5.62650420761e-005, 0.000213047591387, 0.000229911631322, 0.00020805929671, 0.000157686212333, 0.000123510311823, 0.000124312471598, 0.000206834156415, 6.44887259114e-005, 9.579188918e-005, 9.85101651167e-005, 7.01616736478e-005, 6.35611504549e-005, 7.74122381699e-005, 0.000172588785063, 0.000299477687804, 0.000428639614256, 0.00055196689209, 0.000372306181816, 0.000274115358479, 5.61610104342e-005, 1.31072183649e-005, 7.56339204599e-006, 3.78264689971e-006, 1.60341073752e-007, 3.45298656335e-009]
        median: [3.44568263699e-007, 2.51317724178e-005, 8.38524574647e-005, 0.000110805769509, 0.00011406205158, 9.24580817809e-005, 5.32615013071e-005, 4.01723082177e-005, 6.07326001045e-005, 3.70581547031e-005, 5.11772996106e-005, 3.68661421817e-005, 3.19644059346e-005, 3.13628661388e-005, 3.573415961e-005, 9.36565047596e-005, 0.00015331285249, 0.000199422691367, 0.00030596810393, 0.000242106674705, 0.000149087558384, 2.88995961455e-005, 6.46526405035e-006, 3.96955510951e-006, 1.40423810535e-006, 6.70288216043e-008, 1.39026334889e-009]
        min: [3.95571244087e-025, 3.42272310621e-024, 2.32218089075e-024, 2.01760544234e-024, 4.1488829801e-024, 8.8050066777e-024, 1.33430946958e-023, 1.10148742859e-023, 3.04680579909e-023, 2.47319142943e-023, 1.94825829732e-023, 1.69692405748e-023, 4.2780466471e-023, 4.78551171664e-023, 7.62833228514e-023, 7.93123467791e-023, 1.07908257982e-022, 9.25446680488e-023, 1.59245041152e-022, 1.5716748445e-022, 3.24104373812e-022, 3.5898330969e-022, 4.60235790442e-022, 6.32679421171e-022, 9.03026874909e-022, 1.27404706605e-021, 2.05953937112e-021]
        var: [4.75899810011e-013, 8.03825095375e-009, 2.00134707029e-007, 1.28576445491e-007, 7.65724621488e-008, 4.0898409992e-008, 4.68338896553e-008, 4.35035261148e-008, 1.54477646674e-007, 8.44165359837e-009, 1.67393849893e-008, 2.68448179241e-008, 1.42701015449e-008, 1.20678507187e-008, 2.24664873372e-008, 6.67576003366e-008, 2.08926962841e-007, 5.99973930093e-007, 6.13616805367e-007, 1.69950766349e-007, 1.01850275769e-007, 1.39444162883e-008, 5.56357460102e-010, 1.80399681304e-010, 9.22267401338e-011, 1.11499751218e-013, 3.3442346374e-017]
    frequency_bands:
        dmean: [3.50185331399e-007, 4.35728034063e-005, 0.000221629656153, 0.000170612940565, 0.000143808822031, 0.00011236078717, 9.2702859547e-005, 7.94792795205e-005, 0.000107313440822, 4.09082967963e-005, 5.88393268117e-005, 5.72858189116e-005, 4.32023662142e-005, 4.12266308558e-005, 4.62857897219e-005, 9.07866269699e-005, 0.000156830341439, 0.000219761554035, 0.000286207301542, 0.000206660741242, 0.000131906708702, 3.43689825968e-005, 9.01010480447e-006, 4.58017484561e-006, 2.26864062824e-006, 9.44253528701e-008, 2.28535190772e-009, 4.38530635416e-011]
        dmean2: [4.47580362106e-007, 6.8525892857e-005, 0.000375265575713, 0.000287227245281, 0.000240340828896, 0.000187932397239, 0.000156836977112, 0.000131141408929, 0.000172090614797, 6.59871293465e-005, 9.56051953835e-005, 9.25835120142e-005, 7.0004738518e-005, 6.70609224471e-005, 7.69625912653e-005, 0.000145423837239, 0.000255852122791, 0.00034929139656, 0.000464667740744, 0.000343477877323, 0.000214471263462, 5.38260392204e-005, 1.40172860483e-005, 6.85154236635e-006, 3.28812461703e-006, 1.34233516746e-007, 3.56024232318e-009, 8.12811484785e-011]
        dvar: [2.02598707125e-013, 6.16094064654e-009, 2.5510317414e-007, 9.53367873535e-008, 5.72277976119e-008, 2.94780857502e-008, 3.20062234493e-008, 1.89555358077e-008, 3.76448738848e-008, 4.9440518346e-009, 8.38141289705e-009, 1.12897522442e-008, 6.93824997455e-009, 7.06702651954e-009, 8.00344945873e-009, 2.39435564708e-008, 7.06127778471e-008, 1.93287121419e-007, 2.60784673856e-007, 1.08188203285e-007, 4.16441849893e-008, 7.90921728111e-009, 3.80217801688e-010, 7.4840980635e-011, 4.04370356644e-011, 5.80758924566e-014, 1.84186867703e-017, 5.03283180306e-021]
        dvar2: [3.77150920087e-013, 1.4124121428e-008, 6.61734304686e-007, 2.55385202763e-007, 1.52737271719e-007, 7.78751925168e-008, 8.38164382344e-008, 4.97616134965e-008, 9.07960142627e-008, 1.24052226269e-008, 2.10878088325e-008, 2.89365509332e-008, 1.76860339707e-008, 1.72332903503e-008, 2.05632080252e-008, 5.77186192174e-008, 1.71522117398e-007, 4.45308245389e-007, 6.40379710148e-007, 2.92517569278e-007, 1.02326524143e-007, 1.70906808705e-008, 8.84360473741e-010, 1.39762604268e-010, 7.4390889282e-011, 1.18549538675e-013, 3.93107593774e-017, 1.59999170973e-020]
        max: [4.35173524238e-006, 0.000750105944462, 0.00410915212706, 0.00404650578275, 0.00432784436271, 0.00304812495597, 0.00473473826423, 0.002590845339, 0.00378262554295, 0.00183134432882, 0.00198019179516, 0.00181271578185, 0.00184183998499, 0.00190406804904, 0.00255497521721, 0.00382563308813, 0.00561031606048, 0.0107002332807, 0.0100616682321, 0.0032879204955, 0.00579293398187, 0.00315822707489, 0.000670787703712, 0.000271164695732, 0.000186798686627, 6.35125707049e-006, 1.24403882751e-007, 1.20578380614e-009]
        mean: [6.03786190823e-007, 5.62650420761e-005, 0.000213047591387, 0.000229911631322, 0.00020805929671, 0.000157686212333, 0.000123510311823, 0.000124312471598, 0.000206834156415, 6.44887259114e-005, 9.579188918e-005, 9.85101651167e-005, 7.01616736478e-005, 6.35611504549e-005, 7.74122381699e-005, 0.000172588785063, 0.000299477687804, 0.000428639614256, 0.00055196689209, 0.000372306181816, 0.000274115358479, 5.61610104342e-005, 1.31072183649e-005, 7.56339204599e-006, 3.78264689971e-006, 1.60341073752e-007, 3.45298656335e-009, 3.46530443229e-011]
        median: [3.44568263699e-007, 2.51317724178e-005, 8.38524574647e-005, 0.000110805769509, 0.00011406205158, 9.24580817809e-005, 5.32615013071e-005, 4.01723082177e-005, 6.07326001045e-005, 3.70581547031e-005, 5.11772996106e-005, 3.68661421817e-005, 3.19644059346e-005, 3.13628661388e-005, 3.573415961e-005, 9.36565047596e-005, 0.00015331285249, 0.000199422691367, 0.00030596810393, 0.000242106674705, 0.000149087558384, 2.88995961455e-005, 6.46526405035e-006, 3.96955510951e-006, 1.40423810535e-006, 6.70288216043e-008, 1.39026334889e-009, 1.18470597915e-011]
        min: [3.95571244087e-025, 3.42272310621e-024, 2.32218089075e-024, 2.01760544234e-024, 4.1488829801e-024, 8.8050066777e-024, 1.33430946958e-023, 1.10148742859e-023, 3.04680579909e-023, 2.47319142943e-023, 1.94825829732e-023, 1.69692405748e-023, 4.2780466471e-023, 4.78551171664e-023, 7.62833228514e-023, 7.93123467791e-023, 1.07908257982e-022, 9.25446680488e-023, 1.59245041152e-022, 1.5716748445e-022, 3.24104373812e-022, 3.5898330969e-022, 4.60235790442e-022, 6.32679421171e-022, 9.03026874909e-022, 1.27404706605e-021, 2.05953937112e-021, 5.26947422168e-022]
        var: [4.75899810011e-013, 8.03825095375e-009, 2.00134707029e-007, 1.28576445491e-007, 7.65724621488e-008, 4.0898409992e-008, 4.68338896553e-008, 4.35035261148e-008, 1.54477646674e-007, 8.44165359837e-009, 1.67393849893e-008, 2.68448179241e-008, 1.42701015449e-008, 1.20678507187e-008, 2.24664873372e-008, 6.67576003366e-008, 2.08926962841e-007, 5.99973930093e-007, 6.13616805367e-007, 1.69950766349e-007, 1.01850275769e-007, 1.39444162883e-008, 5.56357460102e-010, 1.80399681304e-010, 9.22267401338e-011, 1.11499751218e-013, 3.3442346374e-017, 4.08241056887e-021]
    mfcc:
        mean: [-728.939208984, 87.1548843384, -39.7161979675, 43.8793945313, -15.6604156494, -7.56783151627, 0.226264789701, -2.34125781059, -2.96133899689, -7.44753074646, -7.77065229416, -0.377758204937, -5.0439581871]
        cov: [[8394.6875, -134.287796021, -512.080810547, 1984.40490723, 70.855178833, 37.6020278931, 308.845611572, -98.3138504028, 156.132278442, 75.9287948608, 72.8136749268, -84.2061309814, 18.8704051971], [-134.287796021, 977.081542969, -126.483337402, -379.516479492, -59.1480827332, -25.8554229736, -28.0885658264, 82.4259490967, -9.89573955536, -35.0719871521, -34.0679283142, 57.3916320801, -32.6504592896], [-512.080810547, -126.483337402, 669.045471191, 48.4951629639, 60.988571167, 153.68586731, 54.1815643311, 54.76171875, -30.2760448456, 41.5595436096, -9.92538738251, -6.47371101379, 38.3792533875], [1984.40490723, -379.516479492, 48.4951629639, 1304.65429688, 218.605773926, 111.964431763, 189.608779907, -114.46383667, 119.25567627, 45.2745361328, 47.0810890198, -104.283279419, 38.0634841919], [70.855178833, -59.1480827332, 60.988571167, 218.605773926, 327.853515625, 69.3266677856, -23.2178707123, -17.063451767, 14.0318527222, 19.3589916229, 34.655796051, -23.2653446198, -2.96430158615], [37.6020278931, -25.8554229736, 153.68586731, 111.964431763, 69.3266677856, 185.90296936, 83.3146514893, 31.3223419189, 26.548614502, 34.0313796997, 7.07852458954, -8.25837802887, 11.0201482773], [308.845611572, -28.0885658264, 54.1815643311, 189.608779907, -23.2178707123, 83.3146514893, 179.393890381, 36.5434379578, 56.2321662903, 17.5575389862, 14.4966592789, -6.80173206329, 7.67681217194], [-98.3138504028, 82.4259490967, 54.76171875, -114.46383667, -17.063451767, 31.3223419189, 36.5434379578, 137.635284424, 24.148859024, 16.3710365295, -1.108751297, 30.5326004028, -0.0976373255253], [156.132278442, -9.89573955536, -30.2760448456, 119.25567627, 14.0318527222, 26.548614502, 56.2321662903, 24.148859024, 117.316108704, 23.8026618958, 19.6481800079, -3.61220264435, 5.38989019394], [75.9287948608, -35.0719871521, 41.5595436096, 45.2745361328, 19.3589916229, 34.0313796997, 17.5575389862, 16.3710365295, 23.8026618958, 93.4840545654, 22.9006843567, 13.923119545, 6.82299041748], [72.8136749268, -34.0679283142, -9.92538738251, 47.0810890198, 34.655796051, 7.07852458954, 14.4966592789, -1.108751297, 19.6481800079, 22.9006843567, 83.1825485229, 15.7709360123, 2.89353752136], [-84.2061309814, 57.3916320801, -6.47371101379, -104.283279419, -23.2653446198, -8.25837802887, -6.80173206329, 30.5326004028, -3.61220264435, 13.923119545, 15.7709360123, 80.1921920776, 21.1598510742], [18.8704051971, -32.6504592896, 38.3792533875, 38.0634841919, -2.96430158615, 11.0201482773, 7.67681217194, -0.0976373255253, 5.38989019394, 6.82299041748, 2.89353752136, 21.1598510742, 61.885383606]]
        icov: [[0.000232417820371, -8.46400289447e-005, 0.000212970131543, -0.00047457421897, 0.000197632864001, -1.99509595404e-005, 3.42538551195e-005, -0.000245832838118, 0.000260456057731, -0.000126754792291, -3.99232740165e-005, -0.000125349833979, 8.8690125267e-005], [-8.46400289447e-005, 0.001312006847, 0.000175476903678, 0.000448715843959, -0.000186398610822, -0.00016931333812, -0.000118310585094, -0.000344071682775, -0.000226613483392, 0.000441238575149, 0.000535713683348, -0.000720938609447, 0.000561103865039], [0.000212970131543, 0.000175476903678, 0.00234789191745, -0.000369476008927, 3.29722643073e-005, -0.00154651980847, -5.84625340707e-005, -0.00111726252362, 0.00147223833483, -0.00063884339761, 0.000259594176896, 0.00051099882694, -0.00116337777581], [-0.00047457421897, 0.000448715843959, -0.000369476008927, 0.00254848646, -0.00141291145701, 0.000343797233654, -0.00189086957835, 0.00181485991925, -0.00127953023184, -0.000150885345647, 0.000126400394947, 0.00151052430738, -0.00124268466607], [0.000197632864001, -0.000186398610822, 3.29722643073e-005, -0.00141291145701, 0.00478783762082, -0.00226792576723, 0.00303219025955, -0.000749607163016, 6.46021580906e-005, 0.000181141833309, -0.00194301619194, 0.000319950544508, 0.000901701685507], [-1.99509595404e-005, -0.00016931333812, -0.00154651980847, 0.000343797233654, -0.00226792576723, 0.00972654949874, -0.00440539652482, -0.000245229486609, -0.000197537563508, -0.00197012489662, 0.000907244568225, 0.000831212208141, -0.000722392287571], [3.42538551195e-005, -0.000118310585094, -5.84625340707e-005, -0.00189086957835, 0.00303219025955, -0.00440539652482, 0.0112253157422, -0.00277730147354, -0.00232347310521, 0.0011816030601, -0.00168199348263, -0.000110116874566, 0.00084763742052], [-0.000245832838118, -0.000344071682775, -0.00111726252362, 0.00181485991925, -0.000749607163016, -0.000245229486609, -0.00277730147354, 0.0112344920635, -0.00289009674452, -0.000724570825696, 0.00130347337108, -0.00306415348314, 0.00115841953084], [0.000260456057731, -0.000226613483392, 0.00147223833483, -0.00127953023184, 6.46021580906e-005, -0.000197537563508, -0.00232347310521, -0.00289009674452, 0.0124003691599, -0.00220973766409, -0.00160316890106, 0.00137566239573, -0.00123487133533], [-0.000126754792291, 0.000441238575149, -0.00063884339761, -0.000150885345647, 0.000181141833309, -0.00197012489662, 0.0011816030601, -0.000724570825696, -0.00220973766409, 0.0134245622903, -0.00253029493615, -0.00258482038043, 0.000686704122927], [-3.99232740165e-005, 0.000535713683348, 0.000259594176896, 0.000126400394947, -0.00194301619194, 0.000907244568225, -0.00168199348263, 0.00130347337108, -0.00160316890106, -0.00253029493615, 0.0151216974482, -0.00426819175482, 0.0011830991134], [-0.000125349833979, -0.000720938609447, 0.00051099882694, 0.00151052430738, 0.000319950544508, 0.000831212208141, -0.000110116874566, -0.00306415348314, 0.00137566239573, -0.00258482038043, -0.00426819175482, 0.0196765437722, -0.00807505100965], [8.8690125267e-005, 0.000561103865039, -0.00116337777581, -0.00124268466607, 0.000901701685507, -0.000722392287571, 0.00084763742052, 0.00115841953084, -0.00123487133533, 0.000686704122927, 0.0011830991134, -0.00807505100965, 0.0207197684795]]
    sccoeffs:
        dmean: [0.0559748150408, 0.0494551509619, 0.0377480462193, 0.0308967437595, 0.0222036615014, 0.0201501343399]
        dmean2: [0.088258497417, 0.0812559574842, 0.0609583742917, 0.0510558076203, 0.0356303527951, 0.0310972034931]
        dvar: [0.00230132928118, 0.00157384190243, 0.000861149979755, 0.000620812817942, 0.000392942893086, 0.000326614186633]
        dvar2: [0.00559686636552, 0.00422088289633, 0.00223954673856, 0.0015931930393, 0.000907668028958, 0.000709351734258]
        max: [-0.293472021818, -0.455479353666, -0.447534352541, -0.558233499527, -0.558411359787, -0.539385437965]
        mean: [-0.677087128162, -0.745734512806, -0.777168989182, -0.78981345892, -0.798259973526, -0.76552850008]
        median: [-0.68504011631, -0.754244506359, -0.789036273956, -0.794602870941, -0.806148707867, -0.764928936958]
        min: [-0.978054225445, -0.986271321774, -0.977941215038, -0.968921005726, -0.964400231838, -0.962985575199]
        var: [0.00630403636023, 0.00567374005914, 0.00502408389002, 0.00251463311724, 0.00229948526248, 0.00238824635744]
    scvalleys:
        dmean: [0.428715437651, 0.431481033564, 0.373990505934, 0.326900154352, 0.327253133059, 0.358109682798]
        dmean2: [0.675779283047, 0.687634706497, 0.577348053455, 0.502645969391, 0.469964653254, 0.491730839014]
        dvar: [0.15473279357, 0.178099825978, 0.135146707296, 0.133211761713, 0.16987682879, 0.173422202468]
        dvar2: [0.344082117081, 0.382060497999, 0.271370410919, 0.263845831156, 0.32593280077, 0.34584993124]
        max: [-5.57166242599, -4.7644867897, -5.41453313828, -5.75336837769, -5.36976099014, -7.40095329285]
        mean: [-7.37678146362, -7.02444839478, -7.2923617363, -7.61882972717, -7.27189683914, -9.62669372559]
        median: [-6.79619550705, -6.76096439362, -7.06762838364, -7.28313350677, -6.71385097504, -9.29495429993]
        min: [-27.8049087524, -27.8639278412, -27.5519924164, -27.5608863831, -27.39960289, -27.3860683441]
        var: [3.44976401329, 2.28317141533, 2.10716032982, 2.23640227318, 3.06197452545, 2.67458105087]

rhythm:
    beats_loudness:
        dmean: 0.00163830001839
        dmean2: 0.00275704544038
        dvar: 2.51810774898e-006
        dvar2: 6.74613693263e-006
        max: 0.0188720542938
        mean: 0.00596704008058
        median: 0.00604845676571
        min: 2.71144547787e-011
        var: 7.86030796007e-006
    bpm: 140.079849243
    bpm_confidence: 0
    first_peak_bpm: 140
    first_peak_spread: 0.244165182114
    first_peak_weight: 0.742504417896
    onset_rate: 4.12215614319
    second_peak_bpm: 120
    second_peak_spread: 0.5
    second_peak_weight: 0.00529100513086
    beats_loudness_band_ratio:
        dmean: [0.132184371352, 0.0418317839503, 0.0761018693447, 0.0528690814972, 0.118486300111, 0.0928237587214]
        dmean2: [0.232297196984, 0.0733781456947, 0.131488233805, 0.092223316431, 0.207774817944, 0.163369208574]
        dvar: [0.0163120198995, 0.00233000190929, 0.0120869036764, 0.00487164640799, 0.0118668973446, 0.00806376338005]
        dvar2: [0.0468084365129, 0.00739275338128, 0.0346715860069, 0.0141255427152, 0.0341860465705, 0.0223578121513]
        max: [0.806293189526, 0.62767380476, 0.896655857563, 0.660486519337, 0.748700857162, 0.755179107189]
        mean: [0.28178140521, 0.0715271905065, 0.128034830093, 0.0929032489657, 0.205987021327, 0.236351087689]
        median: [0.261857867241, 0.0630175247788, 0.0744065418839, 0.0646398514509, 0.172110855579, 0.2427226156]
        min: [0, 0, 0, 0, 0, 0]
        var: [0.0419497527182, 0.00248254230246, 0.0233004428446, 0.00788114313036, 0.0199139323086, 0.0173904299736]
    beats_position: [0.557278871536, 1.11455774307, 1.62539684772, 2.12462592125, 2.62385487556, 3.11147379875, 3.59909296036, 4.09832191467, 4.55111122131, 4.98067998886, 5.42185926437, 5.85142850876, 6.28099775314, 6.71056699753, 7.14013576508, 7.56970500946, 7.99927425385, 8.42884349823, 8.85841274261, 9.287981987, 9.70594120026, 10.1355104446, 10.5650787354, 10.9946479797, 11.4242172241, 11.8537864685, 12.2833557129, 12.7129249573, 13.1424942017, 13.5604534149, 13.9900226593, 14.4195919037, 14.8491611481, 15.2787294388, 15.696688652, 16.1378688812, 16.5558280945, 16.9853973389, 17.4149665833, 17.8445339203, 18.2741031647, 18.6920623779, 19.1216316223, 19.5512008667, 19.9807701111, 20.4103393555, 20.8282985687, 21.2578678131, 21.6874370575, 22.1170063019, 22.5465755463, 22.9761447906, 23.405714035, 23.8352832794, 24.2648525238, 24.6944217682, 25.1239910126, 25.5419502258, 25.9715194702, 26.4010887146, 26.830657959, 27.2602272034, 27.6897945404, 28.1193637848, 28.537322998, 28.9785022736, 29.3964614868, 29.8376407623, 30.2555999756, 30.68516922, 31.1147384644, 31.5443077087, 31.9738769531, 32.4034461975, 32.8330154419, 33.2509727478, 33.6805419922, 34.1101112366, 34.539680481, 34.9692497253, 35.3872108459, 35.8051681519, 36.2347373962, 36.6759185791, 37.1054878235, 37.5234451294, 37.9530143738, 38.3941955566, 38.823764801, 39.2417221069, 39.6712913513, 40.1008605957, 40.5304298401, 40.9599990845, 41.3895683289, 41.8191375732, 42.2487068176, 42.678276062, 43.0962333679, 43.5258026123, 43.9553718567, 44.3849411011, 44.8145103455, 45.2440795898, 45.6736488342, 46.0916099548, 46.5095672607, 46.9507484436, 47.380317688, 47.8098869324, 48.2394561768, 48.6690254211, 49.0985946655, 49.5281639099, 49.9577331543, 50.3873023987, 50.8052597046, 51.234828949, 51.6643981934, 52.0939674377, 52.5235366821, 52.941493988, 53.3710632324, 53.8006324768, 54.2302017212, 54.6597709656, 55.08934021, 55.5189094543, 55.9484786987, 56.3780479431, 56.8076171875, 57.2371864319, 57.6667556763, 58.0963249207, 58.525894165, 58.9554634094, 59.37342453, 59.8029937744, 60.2325630188, 60.6621322632, 61.0916976929, 61.5212669373, 61.9508361816, 62.3687973022, 62.7983665466, 63.227935791, 63.6691131592, 64.0986862183, 64.5282516479, 64.957824707, 65.3873901367, 65.8053512573, 66.234916687, 66.6644897461, 67.0940551758, 67.5236282349, 67.9531936646, 68.3827667236, 68.8123321533, 69.2419052124, 69.659866333, 70.0894317627, 70.5189971924, 70.9485702515, 71.3665313721, 71.7960968018, 72.2256698608, 72.6552352905, 73.0731964111, 73.5143737793, 73.9323348999, 74.3735122681, 74.7914733887, 75.2210388184, 75.6506118774, 76.0801773071, 76.5097503662, 76.9277114868, 77.368888855, 77.7984542847, 78.2280273438, 78.6575927734, 79.0871658325, 79.5051269531, 79.9346923828, 80.3642578125, 80.7822189331, 81.2117919922, 81.6413574219, 82.070930481, 82.5004959106, 82.9184570313, 83.3480224609, 83.77759552, 84.2071609497, 84.6367340088, 85.0662994385, 85.4958724976, 85.9254379272, 86.3550109863, 86.784576416, 87.2141494751, 87.6321105957, 88.0616760254, 88.4912490845, 88.9208145142, 89.3503875732, 89.7799530029, 90.2095184326, 90.6390914917, 91.0686569214, 91.486618042, 91.9161911011, 92.3457565308, 92.7753295898, 93.2048950195, 93.6344680786, 94.0640335083, 94.4936065674, 94.9231719971, 95.3411331177, 95.7706985474, 96.2002716064, 96.6298370361, 97.0594100952, 97.4889755249, 97.918548584, 98.3365097046, 98.7660751343, 99.1956481934, 99.625213623, 100.054779053, 100.472740173, 100.902313232, 101.331878662, 101.761451721, 102.191017151, 102.62059021, 103.05015564, 103.479728699, 103.909294128, 104.350471497, 104.780044556, 105.209609985, 105.627571106, 106.045532227, 106.475097656, 106.904670715, 107.345848083, 107.763809204, 108.193374634, 108.622947693, 109.052513123, 109.482086182, 109.911651611, 110.34122467, 110.7707901, 111.188751221, 111.61831665, 112.059501648, 112.477455139, 112.907028198, 113.336593628, 113.754554749, 114.184127808, 114.613693237, 115.043266296, 115.472831726, 115.902404785, 116.331970215, 116.761543274, 117.191108704, 117.620681763, 118.050247192, 118.479812622, 118.909385681, 119.338951111, 119.76852417, 120.186485291, 120.604438782, 121.022399902, 121.451972961, 121.881538391, 122.322715759, 122.763900757, 123.193466187, 123.623039246, 124.040992737, 124.470565796, 124.900131226, 125.329704285, 125.759269714, 126.188842773, 126.618408203, 127.036369324, 127.454330444, 127.883895874, 128.313461304, 128.743041992, 129.172607422, 129.602172852, 130.031738281, 130.46131897, 130.890884399, 131.320449829, 131.750015259, 132.179595947, 132.609161377, 133.038726807, 133.468292236, 133.897872925, 134.327438354, 134.757003784, 135.186569214, 135.604537964, 136.034103394, 136.463668823, 136.893234253, 137.322814941, 137.752380371, 138.181945801, 138.599899292, 139.02947998, 139.45904541, 139.88861084, 140.31817627, 140.747756958, 141.177322388, 141.595275879, 142.024856567, 142.454421997, 142.883987427, 143.313552856, 143.743133545, 144.172698975, 144.602264404, 145.031829834, 145.461410522, 145.890975952, 146.308929443, 146.738494873, 147.168075562, 147.586029053, 148.003982544, 148.445159912, 148.886352539, 149.315917969, 149.745483398, 150.175048828, 150.604629517, 151.034194946, 151.463760376, 151.881713867, 152.299682617, 152.729248047, 153.158813477, 153.599990845, 154.029571533, 154.459136963, 154.888702393, 155.318267822, 155.736236572, 156.154190063, 156.595367432, 157.024932861, 157.45451355, 157.872467041, 158.313644409, 158.743209839, 159.172790527, 159.602355957, 160.031921387, 160.449890137, 160.879455566, 161.309020996, 161.726974487, 162.144943237, 162.574508667, 163.004074097, 163.433654785, 163.863220215, 164.281173706, 164.710739136, 165.140319824, 165.569885254, 165.999450684, 166.429016113, 166.858596802, 167.288162231, 167.717727661, 168.135681152, 168.565261841, 168.994827271, 169.4243927, 169.85395813, 170.283538818, 170.713104248, 171.142669678, 171.572235107, 171.990203857, 172.419769287, 172.849334717, 173.278915405, 173.708480835, 174.138046265, 174.567611694, 174.997192383, 175.426757813, 175.856323242, 176.285888672, 176.703857422, 177.133422852, 177.562988281, 177.992553711, 178.422134399, 178.851699829, 179.281265259, 179.69921875, 180.128799438, 180.558364868, 180.987930298, 181.417495728, 181.847076416, 182.276641846, 182.706207275, 183.135772705, 183.565353394, 183.994918823, 184.412872314, 184.842453003, 185.272018433, 185.701583862, 186.131149292, 186.549118042, 186.978683472, 187.408248901, 187.837814331, 188.26739502, 188.696960449, 189.126525879, 189.556091309, 189.985671997, 190.426849365, 190.856414795, 191.285980225, 191.703948975, 192.133514404, 192.574691772, 193.004257202, 193.422225952, 193.840179443, 194.269744873, 194.699310303, 195.117279053, 195.535232544, 195.964797974, 196.394378662, 196.823944092, 197.253509521, 197.683074951, 198.11265564, 198.530609131, 198.971786499, 199.401351929, 199.830932617, 200.260498047, 200.690063477, 201.108016968, 201.537597656, 201.967163086, 202.408340454, 202.826293945, 203.244262695, 203.673828125, 204.103393555, 204.532974243, 204.962539673, 205.392105103, 205.821670532, 206.2628479, 206.692428589, 207.11038208, 207.53994751, 207.969512939, 208.399093628, 208.817047119, 209.246612549, 209.676193237, 210.105758667, 210.535324097, 210.964889526, 211.394470215, 211.824035645, 212.253601074, 212.683166504, 213.112747192, 213.553924561, 213.971878052, 214.401443481, 214.831008911, 215.248977661, 215.678543091, 216.108108521, 216.549285889, 216.990478516, 217.38520813, 217.80317688, 218.23274231, 218.662307739, 219.103485107, 219.533050537, 219.962631226, 220.392196655, 220.821762085, 221.251327515, 221.680908203, 222.110473633, 222.540039063, 222.958007813, 223.387573242, 223.817138672, 224.235092163, 224.676269531, 225.117462158, 225.535415649, 225.964981079, 226.394546509, 226.835739136, 227.276916504, 227.671646118, 228.089614868, 228.519180298, 228.948745728, 229.389923096, 229.819503784, 230.249069214, 230.678634644, 231.108200073, 231.537780762, 231.967346191, 232.396911621, 232.826477051, 233.244445801, 233.67401123, 234.10357666, 234.521530151, 234.962722778, 235.403900146, 235.821853638, 236.239807129, 236.680999756, 237.098953247, 237.528518677, 237.958084106, 238.387664795, 238.817230225, 239.235183716, 239.676361084, 240.117553711, 240.535507202, 240.965072632, 241.394638062, 241.812606812, 242.242172241, 242.671737671, 243.101318359, 243.530883789, 243.960449219]
