
metadata:
    version:
        essentia: "2.1-beta2"
    audio_properties:
        analysis_sample_rate: 44100
        bitrate: 320
        channels: 2
        equal_loudness: 1
        length: 227.918365479
        replay_gain: -15.1914196014
        downmix: "mix"
    tags:
        album: "Sehnsucht [Limited Edition]"
        artist: "Rammstein"
        comment: ""
        date: "1998"
        genre: "Industrial"
        title: "Tier"
        tracknumber: "3"

configuration:
    average_loudness:
        compute: 1
        frameSize: 88200
        hopSize: 44100
        silentFrames: "noise"
        windowType: "hann"
    general:
        analysisSampleRate: 44100
        endTime: 2000
        equalLoudness: 1
        nequalLoudness: 0
        shortSound: 0
        startTime: 0
    lowlevel:
        compute: 1
        frameSize: 2048
        hopSize: 1024
        zeroPadding: 0
        silentFrames: "noise"
        windowType: "blackmanharris62"
        mfccStats: ["mean", "cov", "icov"]
        stats: ["mean", "var", "median", "min", "max", "dmean", "dmean2", "dvar", "dvar2"]
    panning:
        compute: 0
        frameSize: 8192
        hopSize: 2048
        zeroPadding: 8192
        silentFrames: "noise"
        windowType: "hann"
        stats: ["copy"]
    rhythm:
        compute: 1
        maxTempo: 208
        minTempo: 40
        method: "degara"
        stats: ["mean", "var", "median", "min", "max", "dmean", "dmean2", "dvar", "dvar2"]
    segmentation:
        compute: 0
        cpw: 5
        inc1: 300
        inc2: 50
        minimumSegmentsLength: 10
        size1: 1000
        size2: 600
    sfx:
        compute: 1
        stats: ["mean", "var", "median", "min", "max", "dmean", "dmean2", "dvar", "dvar2"]
    svm:
        compute: 0
    tonal:
        compute: 1
        frameSize: 4096
        hopSize: 2048
        zeroPadding: 0
        silentFrames: "noise"
        windowType: "blackmanharris62"
        stats: ["mean", "var", "median", "min", "max", "dmean", "dmean2", "dvar", "dvar2"]

lowlevel:
    average_loudness: 0.853455424309
    barkbands_kurtosis:
        dmean: 1.0962138176
        dmean2: 1.76404821873
        dvar: 3.29565215111
        dvar2: 7.69255304337
        max: 39.7153625488
        mean: -0.18125577271
        median: -0.929139137268
        min: -1.93100690842
        var: 5.40974617004
    barkbands_skewness:
        dmean: 0.499187201262
        dmean2: 0.740487277508
        dvar: 0.241319134831
        dvar2: 0.508522212505
        max: 4.86655139923
        mean: -0.505697250366
        median: -0.581091880798
        min: -5.60273599625
        var: 0.903455197811
    barkbands_spread:
        dmean: 6.89302921295
        dmean2: 10.7518482208
        dvar: 39.8261795044
        dvar2: 93.4280319214
        max: 74.1927871704
        mean: 35.323261261
        median: 36.2490615845
        min: 2.36750078201
        var: 128.535263062
    dissonance:
        dmean: 0.0084678567946
        dmean2: 0.0143448319286
        dvar: 7.94609368313e-005
        dvar2: 0.000215309424675
        max: 0.500000178814
        mean: 0.486162543297
        median: 0.489136695862
        min: 0.358400672674
        var: 0.000136215967359
    hfc:
        dmean: 2.97681951523
        dmean2: 4.43278646469
        dvar: 17.0719051361
        dvar2: 38.3043289185
        max: 48.2635955811
        mean: 8.77890872955
        median: 7.70869731903
        min: 1.11588795451e-016
        var: 49.0843048096
    pitch:
        dmean: 906.05065918
        dmean2: 1712.28405762
        dvar: 1729321.375
        dvar2: 4090749.25
        max: 4532.86279297
        mean: 2465.75854492
        median: 3489.53564453
        min: 71.2852325439
        var: 2492711
    pitch_instantaneous_confidence:
        dmean: 0.0806578323245
        dmean2: 0.132410496473
        dvar: 0.00456664245576
        dvar2: 0.011488635093
        max: 0.91928344965
        mean: 0.374196201563
        median: 0.361105620861
        min: 0.0866879820824
        var: 0.0131296087056
    pitch_salience:
        dmean: 0.0574392937124
        dmean2: 0.0935729071498
        dvar: 0.00297170388512
        dvar2: 0.00729777291417
        max: 0.901006758213
        mean: 0.683565020561
        median: 0.704131305218
        min: 0.226492106915
        var: 0.00758854765445
    silence_rate_20dB:
        dmean: 0
        dmean2: 0
        dvar: 0
        dvar2: 0
        max: 1
        mean: 1
        median: 1
        min: 1
        var: 0
    silence_rate_30dB:
        dmean: 0
        dmean2: 0
        dvar: 0
        dvar2: 0
        max: 1
        mean: 1
        median: 1
        min: 1
        var: 0
    silence_rate_60dB:
        dmean: 0.127954363823
        dmean2: 0.255934804678
        dvar: 0.111570477486
        dvar2: 0.224063485861
        max: 1
        mean: 0.447183459997
        median: 0
        min: 0
        var: 0.247214078903
    spectral_centroid:
        dmean: 346.294616699
        dmean2: 517.800231934
        dvar: 120493.890625
        dvar2: 247840.0625
        max: 11570.7333984
        mean: 2231.99414063
        median: 2216.31762695
        min: 248.14024353
        var: 1260657.875
    spectral_complexity:
        dmean: 4.64873695374
        dmean2: 6.91207313538
        dvar: 30.7178325653
        dvar2: 61.0972251892
        max: 52
        mean: 15.6414384842
        median: 15
        min: 0
        var: 118.618377686
    spectral_crest:
        dmean: 1.74422180653
        dmean2: 2.87089109421
        dvar: 2.67731785774
        dvar2: 6.73951530457
        max: 22.514837265
        mean: 6.49471902847
        median: 5.913834095
        min: 2.6165099144
        var: 5.76170539856
    spectral_decrease:
        dmean: 2.48548320814e-010
        dmean2: 3.72715719399e-010
        dvar: 1.26070816879e-019
        dvar2: 2.78295740559e-019
        max: 1.42058614924e-028
        mean: -8.35291003032e-010
        median: -7.20068893401e-010
        min: -3.7963130417e-009
        var: 3.70689436836e-019
    spectral_energy:
        dmean: 0.00117836822756
        dmean2: 0.00175501045305
        dvar: 2.81541679215e-006
        dvar2: 6.18121202933e-006
        max: 0.0180288106203
        mean: 0.00394885335118
        median: 0.00341859553009
        min: 9.94773786225e-021
        var: 8.37225252326e-006
    spectral_energyband_high:
        dmean: 0.000259347696556
        dmean2: 0.000399169803131
        dvar: 1.26585632643e-007
        dvar2: 2.92758045362e-007
        max: 0.00516155408695
        mean: 0.000576233433094
        median: 0.000482304283651
        min: 7.12340559329e-021
        var: 2.76991869441e-007
    spectral_energyband_low:
        dmean: 0.000224563627853
        dmean2: 0.000369163637515
        dvar: 1.24420012071e-007
        dvar2: 3.35936249485e-007
        max: 0.00418792711571
        mean: 0.000354882911779
        median: 0.000250062264968
        min: 1.20427008809e-023
        var: 1.56947805863e-007
    spectral_energyband_middle_high:
        dmean: 0.000747162557673
        dmean2: 0.00113688607235
        dvar: 1.01210480352e-006
        dvar2: 2.28522162615e-006
        max: 0.0122252255678
        mean: 0.00221020588651
        median: 0.00176383159123
        min: 1.17916363368e-021
        var: 3.76142452296e-006
    spectral_energyband_middle_low:
        dmean: 0.000466842175229
        dmean2: 0.0007639839896
        dvar: 5.37364485353e-007
        dvar2: 1.38557129503e-006
        max: 0.0084471758455
        mean: 0.000960164121352
        median: 0.000721666845493
        min: 1.5859461587e-022
        var: 8.32897626424e-007
    spectral_flatness_db:
        dmean: 0.0144501011819
        dmean2: 0.0216344762594
        dvar: 0.000182322881301
        dvar2: 0.000390592613257
        max: 0.392411857843
        mean: 0.136069566011
        median: 0.126330077648
        min: 0.0528170913458
        var: 0.00155162485316
    spectral_flux:
        dmean: 0.00761350942776
        dmean2: 0.0111229736358
        dvar: 9.42552578636e-005
        dvar2: 0.000187410056242
        max: 0.110586799681
        mean: 0.038317270577
        median: 0.0374443493783
        min: 6.45297773549e-011
        var: 0.000334274780471
    spectral_kurtosis:
        dmean: 0.938425302505
        dmean2: 1.51959836483
        dvar: 1.66307294369
        dvar2: 4.47958278656
        max: 26.6758060455
        mean: 3.76234674454
        median: 3.49394369125
        min: -1.2809637785
        var: 3.75277304649
    spectral_rms:
        dmean: 0.000279270025203
        dmean2: 0.000403241254389
        dvar: 1.19581230251e-007
        dvar2: 2.45917931352e-007
        max: 0.00419393414631
        mean: 0.00180709711276
        median: 0.00182625709567
        min: 3.11530272065e-012
        var: 5.86939790992e-007
    spectral_rolloff:
        dmean: 380.826202393
        dmean2: 599.981994629
        dvar: 302630.15625
        dvar2: 628039.4375
        max: 19552.1484375
        mean: 3879.10888672
        median: 3962.109375
        min: 172.265625
        var: 3013556
    spectral_skewness:
        dmean: 0.147659048438
        dmean2: 0.231454789639
        dvar: 0.026902332902
        dvar2: 0.064749404788
        max: 3.12974452972
        mean: 1.30434334278
        median: 1.30501163006
        min: -0.142154574394
        var: 0.135110870004
    spectral_spread:
        dmean: 504228.09375
        dmean2: 720621.0625
        dvar: 473494781952
        dvar2: 878510931968
        max: 42636012
        mean: 5435686
        median: 4998472.5
        min: 1152953.625
        var: 1.54053692621e+013
    spectral_strongpeak:
        dmean: 0.507853329182
        dmean2: 0.883613228798
        dvar: 0.513945579529
        dvar2: 1.33878087997
        max: 7.81014871597
        mean: 0.644484519958
        median: 0.197513386607
        min: 2.57939121451e-011
        var: 0.728914856911
    zerocrossingrate:
        dmean: 0.0104678524658
        dmean2: 0.0115456255153
        dvar: 0.00010179511446
        dvar2: 0.000115828712296
        max: 0.52880859375
        mean: 0.12030788511
        median: 0.11962890625
        min: 0.02099609375
        var: 0.00225701648742
    barkbands:
        dmean: [1.2875899813e-007, 3.49306355929e-005, 0.000141993645229, 0.000145760495798, 0.000241237488808, 9.80101904133e-005, 8.35891987663e-005, 6.44322499284e-005, 5.62055101909e-005, 4.21053919126e-005, 3.75237796106e-005, 6.35172982584e-005, 4.51285086456e-005, 3.90220848203e-005, 5.68434625166e-005, 0.000139069641591, 0.000213715829886, 0.000197150540771, 0.000248227268457, 0.000240963679971, 0.000119567768706, 3.00205447274e-005, 5.57034582016e-006, 2.50050425166e-006, 1.42468434206e-006, 8.26769195328e-008, 2.18617235426e-009]
        dmean2: [2.00488557311e-007, 5.67670758755e-005, 0.000240928842686, 0.000241722533247, 0.000412717461586, 0.000161331990967, 0.000142642573337, 0.000108746258775, 9.21651590033e-005, 6.93732217769e-005, 6.19737838861e-005, 0.000104600985651, 7.27205479052e-005, 6.22306470177e-005, 9.11779789021e-005, 0.000220038607949, 0.000345677282894, 0.000322260573739, 0.000392705871491, 0.000384084909456, 0.000192151172087, 4.65831726615e-005, 8.34940510686e-006, 3.61103911928e-006, 2.07337279789e-006, 1.15982231819e-007, 3.16761572527e-009]
        dvar: [4.82602002252e-014, 2.83366552445e-009, 6.71200766078e-008, 4.25680894978e-008, 2.17124224378e-007, 3.17409245554e-008, 3.00595317526e-008, 1.89398150496e-008, 1.21252110574e-008, 5.91269833095e-009, 7.55225926241e-009, 1.68642007026e-008, 8.67903171553e-009, 6.96319579774e-009, 1.35439606197e-008, 8.50968291388e-008, 1.40613479971e-007, 9.27331029743e-008, 1.06174304904e-007, 1.10766222861e-007, 2.65912625252e-008, 2.27174545842e-009, 6.97689406248e-011, 1.57248172816e-011, 6.22191837982e-012, 1.85348139153e-014, 1.4286330658e-017]
        dvar2: [1.0735437875e-013, 7.1844117322e-009, 1.82881166211e-007, 1.12182391376e-007, 6.06528999469e-007, 7.96872399178e-008, 8.03160560281e-008, 5.05106143578e-008, 3.06125400584e-008, 1.50400722987e-008, 1.98577296828e-008, 4.33900382291e-008, 2.16084945492e-008, 1.55970436566e-008, 3.03191889373e-008, 2.1052706245e-007, 3.58854208571e-007, 2.35112906921e-007, 2.51604177492e-007, 2.73816937124e-007, 6.44031672437e-008, 5.14434717047e-009, 1.49669637795e-010, 3.19283349759e-011, 1.27512314943e-011, 3.70094308932e-014, 2.87776366718e-017]
        max: [2.896121714e-006, 0.00060819555074, 0.00285539589822, 0.00312414159998, 0.00643732305616, 0.00384359923191, 0.00288177072071, 0.00194728095084, 0.00223561841995, 0.00150528736413, 0.00220944941975, 0.00237613078207, 0.00178080645856, 0.00250702351332, 0.00380409928039, 0.00551595212892, 0.00674805603921, 0.00443313131109, 0.00590666988865, 0.00472641503438, 0.00178480497561, 0.000821023131721, 0.00013776110427, 6.42422091914e-005, 4.47208149126e-005, 2.12744566852e-006, 4.47359660427e-008]
        mean: [2.01222505325e-007, 5.59689360671e-005, 0.00017179918359, 0.000198496680241, 0.000330459675752, 0.00014672956604, 0.000106738458271, 7.9650337284e-005, 7.92658465798e-005, 5.93121403654e-005, 5.16404834343e-005, 0.000112111410999, 8.05447998573e-005, 6.06581488682e-005, 9.62947015068e-005, 0.0002614329278, 0.000424557249062, 0.000346679211361, 0.00050411146367, 0.00046500886674, 0.000243205649895, 5.54471771466e-005, 1.04444634417e-005, 4.96418306284e-006, 2.95546897178e-006, 1.72588855207e-007, 3.65259178459e-009]
        median: [3.67163295323e-008, 3.57712633559e-005, 8.9340028353e-005, 0.000116399358376, 0.000203152230824, 7.94874140411e-005, 3.91355315514e-005, 3.14997087116e-005, 3.23984750139e-005, 2.93374796456e-005, 2.17263950617e-005, 2.99791518046e-005, 2.58933287114e-005, 2.79287487501e-005, 4.74174375995e-005, 0.000118674564874, 0.000221219350351, 0.000246207026066, 0.000413135887356, 0.000378141994588, 0.00019542175869, 3.21712068398e-005, 5.63410139875e-006, 2.39793075707e-006, 1.66476888808e-006, 1.06142223899e-007, 1.63800228936e-009]
        min: [8.51465153178e-026, 2.7560942261e-024, 8.31280125462e-025, 6.95724929915e-025, 6.65545064112e-024, 1.11509898685e-023, 9.52980261109e-024, 1.13686500029e-023, 1.10051618305e-023, 7.21440592412e-024, 1.77053834834e-023, 2.04097816822e-023, 3.08281130407e-023, 2.57006812399e-023, 4.88477566207e-023, 3.62552962084e-023, 6.89888775221e-023, 8.32483840429e-023, 8.84026939125e-023, 1.55239218097e-022, 1.72770925964e-022, 2.86224080937e-022, 3.97324246846e-022, 5.96149027077e-022, 8.59625944092e-022, 1.28425535531e-021, 1.9007606793e-021]
        var: [1.30530284389e-013, 4.32603908251e-009, 6.70918254286e-008, 5.88773438892e-008, 2.1314639298e-007, 5.19398923871e-008, 3.90758003732e-008, 2.1297003272e-008, 1.89897431113e-008, 8.64541327417e-009, 1.10202682535e-008, 4.6460904457e-008, 2.36913280105e-008, 1.40747351551e-008, 2.96981745862e-008, 2.30124257428e-007, 3.94243812707e-007, 1.46216336816e-007, 2.18968381205e-007, 1.94709471657e-007, 5.3968314262e-008, 4.67274485771e-009, 1.56966425968e-010, 4.70558314536e-011, 1.66121266049e-011, 3.96248924514e-014, 2.6368726255e-017]
    frequency_bands:
        dmean: [1.2875899813e-007, 3.49306355929e-005, 0.000141993645229, 0.000145760495798, 0.000241237488808, 9.80101904133e-005, 8.35891987663e-005, 6.44322499284e-005, 5.62055101909e-005, 4.21053919126e-005, 3.75237796106e-005, 6.35172982584e-005, 4.51285086456e-005, 3.90220848203e-005, 5.68434625166e-005, 0.000139069641591, 0.000213715829886, 0.000197150540771, 0.000248227268457, 0.000240963679971, 0.000119567768706, 3.00205447274e-005, 5.57034582016e-006, 2.50050425166e-006, 1.42468434206e-006, 8.26769195328e-008, 2.18617235426e-009, 4.5957904149e-011]
        dmean2: [2.00488557311e-007, 5.67670758755e-005, 0.000240928842686, 0.000241722533247, 0.000412717461586, 0.000161331990967, 0.000142642573337, 0.000108746258775, 9.21651590033e-005, 6.93732217769e-005, 6.19737838861e-005, 0.000104600985651, 7.27205479052e-005, 6.22306470177e-005, 9.11779789021e-005, 0.000220038607949, 0.000345677282894, 0.000322260573739, 0.000392705871491, 0.000384084909456, 0.000192151172087, 4.65831726615e-005, 8.34940510686e-006, 3.61103911928e-006, 2.07337279789e-006, 1.15982231819e-007, 3.16761572527e-009, 8.52667172979e-011]
        dvar: [4.82602002252e-014, 2.83366552445e-009, 6.71200766078e-008, 4.25680894978e-008, 2.17124224378e-007, 3.17409245554e-008, 3.00595317526e-008, 1.89398150496e-008, 1.21252110574e-008, 5.91269833095e-009, 7.55225926241e-009, 1.68642007026e-008, 8.67903171553e-009, 6.96319579774e-009, 1.35439606197e-008, 8.50968291388e-008, 1.40613479971e-007, 9.27331029743e-008, 1.06174304904e-007, 1.10766222861e-007, 2.65912625252e-008, 2.27174545842e-009, 6.97689406248e-011, 1.57248172816e-011, 6.22191837982e-012, 1.85348139153e-014, 1.4286330658e-017, 5.55197487914e-021]
        dvar2: [1.0735437875e-013, 7.1844117322e-009, 1.82881166211e-007, 1.12182391376e-007, 6.06528999469e-007, 7.96872399178e-008, 8.03160560281e-008, 5.05106143578e-008, 3.06125400584e-008, 1.50400722987e-008, 1.98577296828e-008, 4.33900382291e-008, 2.16084945492e-008, 1.55970436566e-008, 3.03191889373e-008, 2.1052706245e-007, 3.58854208571e-007, 2.35112906921e-007, 2.51604177492e-007, 2.73816937124e-007, 6.44031672437e-008, 5.14434717047e-009, 1.49669637795e-010, 3.19283349759e-011, 1.27512314943e-011, 3.70094308932e-014, 2.87776366718e-017, 1.78570506636e-020]
        max: [2.896121714e-006, 0.00060819555074, 0.00285539589822, 0.00312414159998, 0.00643732305616, 0.00384359923191, 0.00288177072071, 0.00194728095084, 0.00223561841995, 0.00150528736413, 0.00220944941975, 0.00237613078207, 0.00178080645856, 0.00250702351332, 0.00380409928039, 0.00551595212892, 0.00674805603921, 0.00443313131109, 0.00590666988865, 0.00472641503438, 0.00178480497561, 0.000821023131721, 0.00013776110427, 6.42422091914e-005, 4.47208149126e-005, 2.12744566852e-006, 4.47359660427e-008, 1.04022723768e-009]
        mean: [2.01222505325e-007, 5.59689360671e-005, 0.00017179918359, 0.000198496680241, 0.000330459675752, 0.00014672956604, 0.000106738458271, 7.9650337284e-005, 7.92658465798e-005, 5.93121403654e-005, 5.16404834343e-005, 0.000112111410999, 8.05447998573e-005, 6.06581488682e-005, 9.62947015068e-005, 0.0002614329278, 0.000424557249062, 0.000346679211361, 0.00050411146367, 0.00046500886674, 0.000243205649895, 5.54471771466e-005, 1.04444634417e-005, 4.96418306284e-006, 2.95546897178e-006, 1.72588855207e-007, 3.65259178459e-009, 3.53874915482e-011]
        median: [3.67163295323e-008, 3.57712633559e-005, 8.9340028353e-005, 0.000116399358376, 0.000203152230824, 7.94874140411e-005, 3.91355315514e-005, 3.14997087116e-005, 3.23984750139e-005, 2.93374796456e-005, 2.17263950617e-005, 2.99791518046e-005, 2.58933287114e-005, 2.79287487501e-005, 4.74174375995e-005, 0.000118674564874, 0.000221219350351, 0.000246207026066, 0.000413135887356, 0.000378141994588, 0.00019542175869, 3.21712068398e-005, 5.63410139875e-006, 2.39793075707e-006, 1.66476888808e-006, 1.06142223899e-007, 1.63800228936e-009, 1.12260634816e-011]
        min: [8.51465153178e-026, 2.7560942261e-024, 8.31280125462e-025, 6.95724929915e-025, 6.65545064112e-024, 1.11509898685e-023, 9.52980261109e-024, 1.13686500029e-023, 1.10051618305e-023, 7.21440592412e-024, 1.77053834834e-023, 2.04097816822e-023, 3.08281130407e-023, 2.57006812399e-023, 4.88477566207e-023, 3.62552962084e-023, 6.89888775221e-023, 8.32483840429e-023, 8.84026939125e-023, 1.55239218097e-022, 1.72770925964e-022, 2.86224080937e-022, 3.97324246846e-022, 5.96149027077e-022, 8.59625944092e-022, 1.28425535531e-021, 1.9007606793e-021, 4.97941473689e-022]
        var: [1.30530284389e-013, 4.32603908251e-009, 6.70918254286e-008, 5.88773438892e-008, 2.1314639298e-007, 5.19398923871e-008, 3.90758003732e-008, 2.1297003272e-008, 1.89897431113e-008, 8.64541327417e-009, 1.10202682535e-008, 4.6460904457e-008, 2.36913280105e-008, 1.40747351551e-008, 2.96981745862e-008, 2.30124257428e-007, 3.94243812707e-007, 1.46216336816e-007, 2.18968381205e-007, 1.94709471657e-007, 5.3968314262e-008, 4.67274485771e-009, 1.56966425968e-010, 4.70558314536e-011, 1.66121266049e-011, 3.96248924514e-014, 2.6368726255e-017, 4.27274127352e-021]
    mfcc:
        mean: [-723.123718262, 82.2966537476, -45.9424591064, 62.1416549683, -8.49452018738, -6.26243019104, 2.65679264069, -6.46279668808, -1.37466299534, -8.59379005432, -8.33791542053, -3.44197964668, -3.73095846176]
        cov: [[7611.39599609, 422.000671387, -452.514709473, 309.202423096, -240.537521362, 138.96824646, -117.916969299, 72.8775405884, 48.700088501, -104.3932724, -20.7804813385, 12.648393631, 78.6522674561], [422.000671387, 705.162475586, -49.921962738, 108.720039368, 45.5664253235, -59.2742195129, -5.38451004028, -21.2865104675, -2.13131308556, -44.5853881836, -10.1470003128, 11.8033151627, -14.1360054016], [-452.514709473, -49.921962738, 561.479309082, -14.6737709045, 66.1761322021, 70.99659729, 19.3271465302, 33.7748222351, 5.52803611755, 28.1611557007, 43.1622581482, 5.80473899841, 25.8921699524], [309.202423096, 108.720039368, -14.6737709045, 277.434204102, 35.7585678101, -11.2765731812, -5.70229625702, -31.6433811188, 12.3651313782, 7.103536129, -20.6324520111, -24.822271347, -13.6034154892], [-240.537521362, 45.5664253235, 66.1761322021, 35.7585678101, 176.910369873, 23.2218856812, -24.2342243195, -4.64862823486, 11.7031145096, 9.7553024292, 16.1625823975, 14.0198097229, 10.874089241], [138.96824646, -59.2742195129, 70.99659729, -11.2765731812, 23.2218856812, 138.430221558, 60.1266670227, 33.5311050415, 16.6080322266, 12.6929702759, 22.5631885529, 20.9918670654, 30.3154296875], [-117.916969299, -5.38451004028, 19.3271465302, -5.70229625702, -24.2342243195, 60.1266670227, 137.378051758, 47.4232025146, 9.05690288544, -1.00546896458, -3.08096504211, 10.8619604111, 10.2660074234], [72.8775405884, -21.2865104675, 33.7748222351, -31.6433811188, -4.64862823486, 33.5311050415, 47.4232025146, 94.5054702759, 45.1605834961, 5.27885770798, 12.0491809845, 22.4431972504, 25.6050014496], [48.700088501, -2.13131308556, 5.52803611755, 12.3651313782, 11.7031145096, 16.6080322266, 9.05690288544, 45.1605834961, 84.5730667114, 36.5871124268, 15.108877182, 16.3590316772, 25.4195842743], [-104.3932724, -44.5853881836, 28.1611557007, 7.103536129, 9.7553024292, 12.6929702759, -1.00546896458, 5.27885770798, 36.5871124268, 76.9285888672, 35.4336547852, 10.8292541504, 9.4032869339], [-20.7804813385, -10.1470003128, 43.1622581482, -20.6324520111, 16.1625823975, 22.5631885529, -3.08096504211, 12.0491809845, 15.108877182, 35.4336547852, 76.9221572876, 41.7495155334, 16.9951858521], [12.648393631, 11.8033151627, 5.80473899841, -24.822271347, 14.0198097229, 20.9918670654, 10.8619604111, 22.4431972504, 16.3590316772, 10.8292541504, 41.7495155334, 77.5866088867, 41.1894416809], [78.6522674561, -14.1360054016, 25.8921699524, -13.6034154892, 10.874089241, 30.3154296875, 10.2660074234, 25.6050014496, 25.4195842743, 9.4032869339, 16.9951858521, 41.1894416809, 71.8584213257]]
        icov: [[0.000208348574233, -0.000147404934978, 0.000180397328222, -0.000308845745167, 0.000469290069304, -0.000623406085651, 0.000646329077426, -0.000452570442576, 9.03855470824e-005, 0.000269570213277, -0.000132002169266, 0.000140033909702, -0.000235899933614], [-0.000147404934978, 0.00184913771227, -0.000104069498775, -0.000406672945246, -0.000807141244877, 0.00137559394352, -0.00100650661625, 0.00081800163025, -0.00082306569675, 0.00138208840508, -0.000418875308242, -0.000780396396294, 0.000536435982212], [0.000180397328222, -0.000104069498775, 0.00230167992413, -0.00024991313694, -0.000326339650201, -0.0011913307244, 0.000615864410065, -0.00140074582305, 0.00113053049427, -0.000301536550978, -0.00133325578645, 0.00150845886674, -0.00104125298094], [-0.000308845745167, -0.000406672945246, -0.00024991313694, 0.00489783193916, -0.00148463668302, 0.000833903206512, -0.00159119826276, 0.0028004727792, -0.00188494531903, -0.000982529832982, 0.00115328456741, 0.000847063027322, 0.000414662645198], [0.000469290069304, -0.000807141244877, -0.000326339650201, -0.00148463668302, 0.0079254694283, -0.00322402850725, 0.00350244506262, -0.000609413080383, -0.000504081137478, 0.000561293913051, -0.000246563140536, -0.00099959387444, -0.000222171642235], [-0.000623406085651, 0.00137559394352, -0.0011913307244, 0.000833903206512, -0.00322402850725, 0.0133436331525, -0.00701048551127, 0.0013135712361, -0.000687396735884, 3.89268097933e-005, -0.00250357319601, 0.000714016379789, -0.00264701154083], [0.000646329077426, -0.00100650661625, 0.000615864410065, -0.00159119826276, 0.00350244506262, -0.00701048551127, 0.0137944109738, -0.00743426801637, 0.00316641735844, -0.00108059332706, 0.00281841820106, -0.00154465890955, 0.000917388300877], [-0.000452570442576, 0.00081800163025, -0.00140074582305, 0.0028004727792, -0.000609413080383, 0.0013135712361, -0.00743426801637, 0.0224400665611, -0.0130483694375, 0.00553448824212, -0.00150360330008, -0.00170184404124, -0.000481992959976], [9.03855470824e-005, -0.00082306569675, 0.00113053049427, -0.00188494531903, -0.000504081137478, -0.000687396735884, 0.00316641735844, -0.0130483694375, 0.0247820354998, -0.012005825527, 0.00267305155285, 0.000460409908555, -0.00455323280767], [0.000269570213277, 0.00138208840508, -0.000301536550978, -0.000982529832982, 0.000561293913051, 3.89268097933e-005, -0.00108059332706, 0.00553448824212, -0.012005825527, 0.0244809538126, -0.0115572856739, 0.00329588446766, -0.000131926630274], [-0.000132002169266, -0.000418875308242, -0.00133325578645, 0.00115328456741, -0.000246563140536, -0.00250357319601, 0.00281841820106, -0.00150360330008, 0.00267305155285, -0.0115572856739, 0.0267215501517, -0.0143942506984, 0.00448516011238], [0.000140033909702, -0.000780396396294, 0.00150845886674, 0.000847063027322, -0.00099959387444, 0.000714016379789, -0.00154465890955, -0.00170184404124, 0.000460409908555, 0.00329588446766, -0.0143942506984, 0.0280901789665, -0.0133039969951], [-0.000235899933614, 0.000536435982212, -0.00104125298094, 0.000414662645198, -0.000222171642235, -0.00264701154083, 0.000917388300877, -0.000481992959976, -0.00455323280767, -0.000131926630274, 0.00448516011238, -0.0133039969951, 0.0241177417338]]
    sccoeffs:
        dmean: [0.0582636334002, 0.0467084534466, 0.0358668640256, 0.0292121712118, 0.0206981673837, 0.0181365106255]
        dmean2: [0.0923985391855, 0.0774909630418, 0.0597682856023, 0.0485008321702, 0.0338603034616, 0.0283510759473]
        dvar: [0.00244736555032, 0.00130430888385, 0.000797492044512, 0.000563044275623, 0.000339688529493, 0.000249686767347]
        dvar2: [0.00601344602183, 0.00360268121585, 0.00217557814904, 0.00142717384733, 0.000813677674159, 0.000545310438611]
        max: [-0.321807682514, -0.549884915352, -0.540461957455, -0.556129217148, -0.562524199486, -0.580295920372]
        mean: [-0.65734899044, -0.780055761337, -0.811617791653, -0.800996541977, -0.801563739777, -0.756616473198]
        median: [-0.671985268593, -0.783279240131, -0.816536843777, -0.805477678776, -0.804575681686, -0.753846883774]
        min: [-0.97816234827, -0.977088928223, -0.9752343297, -0.971136629581, -0.966563522816, -0.963759124279]
        var: [0.00928036123514, 0.00354524794966, 0.00257202796638, 0.00236334069632, 0.00155456596985, 0.00180537975393]
    scvalleys:
        dmean: [0.421107321978, 0.413983792067, 0.378093451262, 0.327196806669, 0.288747876883, 0.292457848787]
        dmean2: [0.664287567139, 0.668234050274, 0.584218621254, 0.492719352245, 0.406593799591, 0.395265579224]
        dvar: [0.139066427946, 0.152513191104, 0.139183789492, 0.117785915732, 0.121914841235, 0.129899069667]
        dvar2: [0.308571815491, 0.345456957817, 0.28377443552, 0.230391412973, 0.222308263183, 0.236948981881]
        max: [-5.42774343491, -4.7143778801, -5.31003952026, -5.64797878265, -5.35782957077, -7.86335372925]
        mean: [-7.38829565048, -7.12745666504, -7.49965143204, -7.5678319931, -7.01650762558, -9.7323474884]
        median: [-6.84710454941, -6.78961467743, -7.13966989517, -7.17885255814, -6.54751014709, -9.31906795502]
        min: [-28.794046402, -28.5360393524, -27.9233169556, -27.6034965515, -27.5344963074, -27.4375915527]
        var: [5.74040651321, 5.4131398201, 5.23274612427, 5.09678888321, 5.29982376099, 4.61184024811]

rhythm:
    beats_loudness:
        dmean: 0.00290510058403
        dmean2: 0.00539142685011
        dvar: 4.84608244733e-006
        dvar2: 1.55008674483e-005
        max: 0.0153350746259
        mean: 0.00672382069752
        median: 0.00674152560532
        min: 0
        var: 9.86454324448e-006
    bpm: 95.0879440308
    bpm_confidence: 0
    first_peak_bpm: 96
    first_peak_spread: 0.363128483295
    first_peak_weight: 0.635097503662
    onset_rate: 4.16377162933
    second_peak_bpm: 91
    second_peak_spread: 0
    second_peak_weight: 0.00278551527299
    beats_loudness_band_ratio:
        dmean: [0.174214944243, 0.0816069841385, 0.0379424989223, 0.0468055717647, 0.103222161531, 0.137428611517]
        dmean2: [0.329436779022, 0.142055928707, 0.0676914006472, 0.0831485167146, 0.178269669414, 0.253250390291]
        dvar: [0.0169291943312, 0.00640161242336, 0.00175159238279, 0.00221353210509, 0.00832000654191, 0.00826463475823]
        dvar2: [0.0545675717294, 0.0175995212048, 0.00516089331359, 0.0062448666431, 0.0257367584854, 0.0245706364512]
        max: [0.677910864353, 0.538580358028, 0.398407191038, 0.347617685795, 0.784005105495, 0.8023442626]
        mean: [0.23431751132, 0.118338637054, 0.0631488487124, 0.0683249086142, 0.228668704629, 0.310820639133]
        median: [0.207735985518, 0.098227865994, 0.0532372891903, 0.0521204657853, 0.208257764578, 0.295807987452]
        min: [0, 0, 0, 0, 0, 0]
        var: [0.0234256777912, 0.00708848517388, 0.0019675984513, 0.00255457614549, 0.0115399174392, 0.0179327260703]
    beats_position: [0.603718817234, 1.21904754639, 1.84598636627, 2.48453521729, 3.11147379875, 3.73841261864, 4.3653512001, 4.99229001999, 5.630838871, 6.26938772202, 6.8963265419, 7.52326536179, 8.15020370483, 8.77714252472, 9.4040813446, 10.0310201645, 10.6579589844, 11.2848978043, 11.9118366241, 12.538775444, 13.177324295, 13.8158731461, 14.4428119659, 15.0697498322, 15.696688652, 16.3236274719, 16.9505672455, 17.5891151428, 18.2276649475, 18.8546028137, 19.4931507111, 20.1317005157, 20.758638382, 21.3855781555, 22.0125160217, 22.6510658264, 23.2896137238, 23.9165534973, 24.5551013947, 25.1936511993, 25.8205890656, 26.4475269318, 27.0744667053, 27.7014045715, 28.3283443451, 28.9552822113, 29.5822219849, 30.2091598511, 30.8477096558, 31.4862575531, 32.1131973267, 32.7401351929, 33.3786849976, 34.0172348022, 34.6441726685, 35.2827186584, 35.9212684631, 36.5482063293, 37.1751480103, 37.8020858765, 38.4406356812, 39.0791816711, 39.7061233521, 40.3330612183, 40.9599990845, 41.5869369507, 42.2138786316, 42.8408164978, 43.467754364, 44.0946922302, 44.7332420349, 45.3717918396, 45.9987297058, 46.625667572, 47.2526054382, 47.8911552429, 48.5297050476, 49.1682548523, 49.8068008423, 50.4337387085, 51.0606803894, 51.6876182556, 52.3261680603, 52.9647140503, 53.5916557312, 54.2185935974, 54.8455314636, 55.4724693298, 56.1110191345, 56.7495689392, 57.3765068054, 58.0034446716, 58.6303825378, 59.2573242188, 59.884262085, 60.5111999512, 61.1381378174, 61.7650794983, 62.4036254883, 63.042175293, 63.6807250977, 64.3192749023, 64.9462127686, 65.5731506348, 66.200088501, 66.8270263672, 67.4539642334, 68.0809020996, 68.7078475952, 69.3463897705, 69.9849395752, 70.6118774414, 71.2504272461, 71.8889770508, 72.515914917, 73.1428527832, 73.7814025879, 74.4083404541, 75.0352783203, 75.673828125, 76.3007659912, 76.9277114868, 77.554649353, 78.1815872192, 78.8201370239, 79.4586868286, 80.0856246948, 80.7241744995, 81.3511123657, 81.9896621704, 82.6166000366, 83.2435379028, 83.870475769, 84.5206298828, 85.1475753784, 85.7745132446, 86.4014511108, 87.0283889771, 87.6553268433, 88.2822647095, 88.9092025757, 89.5477523804, 90.1863021851, 90.8132400513, 91.4401779175, 92.0671157837, 92.6940536499, 93.3326034546, 93.9711532593, 94.5980911255, 95.2250289917, 95.8519744873, 96.4905166626, 97.1290664673, 97.7560043335, 98.3829498291, 99.0098876953, 99.6484298706, 100.286979675, 100.913917542, 101.540863037, 102.167800903, 102.79473877, 103.421676636, 104.06022644, 104.698776245, 105.325714111, 105.952651978, 106.579589844, 107.229751587, 107.856689453, 108.483627319, 109.110565186, 109.74911499, 110.376052856, 111.002990723, 111.629928589, 112.268478394, 112.89541626, 113.522354126, 114.149291992, 114.776237488, 115.403175354, 116.041717529, 116.680267334, 117.3072052, 117.934150696, 118.572692871, 119.211242676, 119.838180542, 120.465126038, 121.103668213, 121.71900177, 122.345939636, 122.984489441, 123.623039246, 124.249977112, 124.876914978, 125.515464783, 126.154014587, 126.780952454, 127.40789032, 128.034820557, 128.673370361, 129.311920166, 129.938858032, 130.565795898, 131.192733765, 131.831283569, 132.469833374, 133.085174561, 133.712112427, 134.350662231, 135.000808716, 135.627746582, 136.254684448, 136.881637573, 137.508575439, 138.135513306, 138.762451172, 139.401000977, 140.039550781, 140.666488647, 141.305038452, 141.931976318, 142.570526123, 143.197463989, 143.824401855, 144.451339722, 145.078277588, 145.705215454, 146.33215332, 146.959091187, 147.60925293, 148.236190796, 148.863128662, 149.490066528, 150.117004395, 150.743942261, 151.370880127, 152.009429932, 152.647979736, 153.274917603, 153.913467407, 154.552017212, 155.178955078, 155.805892944, 156.432830811, 157.059768677, 157.70993042, 158.336868286, 158.963806152, 159.602355957, 160.240905762, 160.867843628, 161.494781494, 162.12171936, 162.748657227, 163.375595093, 164.014144897, 164.652694702, 165.279632568, 165.906570435, 166.545120239, 167.183670044, 167.81060791, 168.437545776, 169.064483643, 169.691421509, 170.318359375, 170.95690918, 171.595458984, 172.222396851, 172.849334717, 173.476272583, 174.114822388, 174.753372192, 175.391921997, 176.030471802, 176.657409668, 177.284347534, 177.9112854, 178.538223267, 179.165161133, 179.792098999, 180.419036865, 181.04598999, 181.672927856, 182.299865723, 182.926803589, 183.553741455, 184.180679321, 184.819229126, 185.446166992, 186.084716797, 186.711654663, 187.338592529, 187.965530396, 188.6040802, 189.242630005, 189.869567871, 190.496505737, 191.135055542, 191.773605347, 192.400543213, 193.039093018, 193.677642822, 194.304580688, 194.931518555, 195.558456421, 196.185394287, 196.812332153, 197.450881958, 198.089431763, 198.716369629, 199.343307495, 199.970245361, 200.620407104, 201.247344971, 201.874282837, 202.501220703, 203.139770508, 203.778320313, 204.39364624, 205.020584106, 205.647521973, 206.286071777, 206.913009644, 207.551559448, 208.190109253, 208.817047119, 209.443984985, 210.070922852, 210.709472656, 211.348022461, 211.974960327, 212.601898193, 213.240447998, 213.878997803, 214.49432373, 215.132873535, 215.759811401, 216.386749268, 217.013687134, 217.640625, 218.279174805, 218.906112671, 219.544662476, 220.171600342, 220.798538208, 221.425476074, 222.052429199, 222.690963745, 223.32951355, 223.956451416, 224.595001221, 225.233551025, 225.87210083, 226.533874512, 227.184036255]
