
metadata:
    version:
        essentia: "2.1-beta2"
    audio_properties:
        analysis_sample_rate: 44100
        bitrate: 320
        channels: 2
        equal_loudness: 1
        length: 219.010604858
        replay_gain: -14.3788051605
        downmix: "mix"
    tags:
        album: "Sehnsucht [Limited Edition]"
        artist: "Rammstein"
        comment: ""
        date: "1998"
        genre: "Industrial"
        title: "Bestrafe mich"
        tracknumber: "4"

configuration:
    average_loudness:
        compute: 1
        frameSize: 88200
        hopSize: 44100
        silentFrames: "noise"
        windowType: "hann"
    general:
        analysisSampleRate: 44100
        endTime: 2000
        equalLoudness: 1
        nequalLoudness: 0
        shortSound: 0
        startTime: 0
    lowlevel:
        compute: 1
        frameSize: 2048
        hopSize: 1024
        zeroPadding: 0
        silentFrames: "noise"
        windowType: "blackmanharris62"
        mfccStats: ["mean", "cov", "icov"]
        stats: ["mean", "var", "median", "min", "max", "dmean", "dmean2", "dvar", "dvar2"]
    panning:
        compute: 0
        frameSize: 8192
        hopSize: 2048
        zeroPadding: 8192
        silentFrames: "noise"
        windowType: "hann"
        stats: ["copy"]
    rhythm:
        compute: 1
        maxTempo: 208
        minTempo: 40
        method: "degara"
        stats: ["mean", "var", "median", "min", "max", "dmean", "dmean2", "dvar", "dvar2"]
    segmentation:
        compute: 0
        cpw: 5
        inc1: 300
        inc2: 50
        minimumSegmentsLength: 10
        size1: 1000
        size2: 600
    sfx:
        compute: 1
        stats: ["mean", "var", "median", "min", "max", "dmean", "dmean2", "dvar", "dvar2"]
    svm:
        compute: 0
    tonal:
        compute: 1
        frameSize: 4096
        hopSize: 2048
        zeroPadding: 0
        silentFrames: "noise"
        windowType: "blackmanharris62"
        stats: ["mean", "var", "median", "min", "max", "dmean", "dmean2", "dvar", "dvar2"]

lowlevel:
    average_loudness: 0.702824532986
    barkbands_kurtosis:
        dmean: 1.75564789772
        dmean2: 2.72396397591
        dvar: 22.861207962
        dvar2: 56.9593772888
        max: 146.207260132
        mean: 1.41051018238
        median: -0.654891490936
        min: -1.93662166595
        var: 54.8418655396
    barkbands_skewness:
        dmean: 0.486788243055
        dmean2: 0.706289112568
        dvar: 0.310771226883
        dvar2: 0.607120394707
        max: 10.0260620117
        mean: -0.216873705387
        median: -0.441148877144
        min: -4.22050333023
        var: 1.72784996033
    barkbands_spread:
        dmean: 6.20831012726
        dmean2: 9.63123893738
        dvar: 43.9971084595
        dvar2: 102.108001709
        max: 72.8704910278
        mean: 30.3675231934
        median: 30.1296768188
        min: 0.267095565796
        var: 176.167602539
    dissonance:
        dmean: 0.0125388130546
        dmean2: 0.0212416071445
        dvar: 0.000395445938921
        dvar2: 0.00113152735867
        max: 0.500000119209
        mean: 0.477771878242
        median: 0.486008673906
        min: 0.208780780435
        var: 0.000754244509153
    hfc:
        dmean: 2.58823776245
        dmean2: 3.80203676224
        dvar: 17.991979599
        dvar2: 41.0016555786
        max: 58.3516311646
        mean: 7.52459049225
        median: 5.43623876572
        min: 1.06286580959e-016
        var: 52.2678604126
    pitch:
        dmean: 727.274108887
        dmean2: 1390.84667969
        dvar: 1574688.25
        dvar2: 3808017
        max: 6000.88623047
        mean: 1638.64648438
        median: 515.643249512
        min: 43.9189186096
        var: 2648898
    pitch_instantaneous_confidence:
        dmean: 0.081709317863
        dmean2: 0.129531651735
        dvar: 0.00615798402578
        dvar2: 0.0139111699536
        max: 0.974225103855
        mean: 0.455987304449
        median: 0.398437201977
        min: 0.0916601419449
        var: 0.0411914102733
    pitch_salience:
        dmean: 0.0590204708278
        dmean2: 0.0947571396828
        dvar: 0.00334503990598
        dvar2: 0.00800219736993
        max: 0.954924464226
        mean: 0.65804451704
        median: 0.684738576412
        min: 0.101358354092
        var: 0.0130014074966
    silence_rate_20dB:
        dmean: 0
        dmean2: 0
        dvar: 0
        dvar2: 0
        max: 1
        mean: 1
        median: 1
        min: 1
        var: 0
    silence_rate_30dB:
        dmean: 0
        dmean2: 0
        dvar: 0
        dvar2: 0
        max: 1
        mean: 1
        median: 1
        min: 1
        var: 0
    silence_rate_60dB:
        dmean: 0.0890585258603
        dmean2: 0.178135931492
        dvar: 0.081129938364
        dvar2: 0.159130275249
        max: 1
        mean: 0.567157864571
        median: 1
        min: 0
        var: 0.245495423675
    spectral_centroid:
        dmean: 290.818237305
        dmean2: 428.642547607
        dvar: 117622.0625
        dvar2: 226292.578125
        max: 11607.2822266
        mean: 2025.33044434
        median: 2035.77380371
        min: 172.136413574
        var: 1538765
    spectral_complexity:
        dmean: 3.87086510658
        dmean2: 5.7056517601
        dvar: 28.0391483307
        dvar2: 55.6088943481
        max: 51
        mean: 12.5456380844
        median: 11
        min: 0
        var: 95.7801513672
    spectral_crest:
        dmean: 1.84119343758
        dmean2: 2.89659380913
        dvar: 3.47563147545
        dvar2: 7.76490020752
        max: 26.103307724
        mean: 8.17443561554
        median: 6.55446577072
        min: 2.34201359749
        var: 21.6442565918
    spectral_decrease:
        dmean: 2.18824403042e-010
        dmean2: 3.22201404446e-010
        dvar: 1.14665676443e-019
        dvar2: 2.43421444042e-019
        max: 1.88485190497e-028
        mean: -7.67082564135e-010
        median: -5.62136281967e-010
        min: -3.80672249278e-009
        var: 3.87525302338e-019
    spectral_energy:
        dmean: 0.00103756878525
        dmean2: 0.0015192917781
        dvar: 2.64268578576e-006
        dvar2: 5.65177197132e-006
        max: 0.0184035673738
        mean: 0.00357763841748
        median: 0.00261508231051
        min: 9.94784206762e-021
        var: 8.76111062098e-006
    spectral_energyband_high:
        dmean: 0.000216497093788
        dmean2: 0.00031992822187
        dvar: 1.59598911864e-007
        dvar2: 3.45527354284e-007
        max: 0.00900902785361
        mean: 0.000418309733504
        median: 0.000265592592768
        min: 6.81499970295e-021
        var: 3.55263921392e-007
    spectral_energyband_low:
        dmean: 0.000212330851355
        dmean2: 0.000357923912816
        dvar: 1.85972197642e-007
        dvar2: 5.10765573836e-007
        max: 0.00382883800194
        mean: 0.000302315776935
        median: 0.000174114858964
        min: 8.99370299509e-024
        var: 1.84325216424e-007
    spectral_energyband_middle_high:
        dmean: 0.000641293067019
        dmean2: 0.000964291044511
        dvar: 9.27528958528e-007
        dvar2: 2.13815860661e-006
        max: 0.0138162719086
        mean: 0.00206200382672
        median: 0.00141594151501
        min: 1.19740028027e-021
        var: 4.21582308263e-006
    spectral_energyband_middle_low:
        dmean: 0.000391598849092
        dmean2: 0.000629445770755
        dvar: 4.28703913258e-007
        dvar2: 1.09515792701e-006
        max: 0.00712358532473
        mean: 0.000903640117031
        median: 0.000633883057162
        min: 1.64023581863e-022
        var: 7.652878935e-007
    spectral_flatness_db:
        dmean: 0.0161247849464
        dmean2: 0.0235164575279
        dvar: 0.000300231040455
        dvar2: 0.000595538353082
        max: 0.486366003752
        mean: 0.147115722299
        median: 0.129446864128
        min: 0.0374662429094
        var: 0.00407560169697
    spectral_flux:
        dmean: 0.00795030966401
        dmean2: 0.0116822430864
        dvar: 0.000103231890535
        dvar2: 0.000200066628167
        max: 0.102311193943
        mean: 0.0329514965415
        median: 0.0303276255727
        min: 6.32333352346e-011
        var: 0.000400132616051
    spectral_kurtosis:
        dmean: 1.60260975361
        dmean2: 2.56072545052
        dvar: 21.4368572235
        dvar2: 60.3259315491
        max: 140.53288269
        mean: 6.72689056396
        median: 4.12177324295
        min: -1.27731382847
        var: 187.317321777
    spectral_rms:
        dmean: 0.000248273834586
        dmean2: 0.000351549679181
        dvar: 1.10362499584e-007
        dvar2: 2.15993694042e-007
        max: 0.0042372988537
        mean: 0.00168864650186
        median: 0.00159727886785
        min: 3.11531898368e-012
        var: 6.38850792711e-007
    spectral_rolloff:
        dmean: 376.946411133
        dmean2: 582.35534668
        dvar: 357129.65625
        dvar2: 650453.25
        max: 19573.6816406
        mean: 3425.80004883
        median: 3531.4453125
        min: 150.732421875
        var: 4284854.5
    spectral_skewness:
        dmean: 0.184896796942
        dmean2: 0.282118171453
        dvar: 0.085307970643
        dvar2: 0.224444210529
        max: 9.6355638504
        mean: 1.67841863632
        median: 1.48076498508
        min: -0.0887925550342
        var: 1.1238617897
    spectral_spread:
        dmean: 590619.6875
        dmean2: 838243.0625
        dvar: 624766877696
        dvar2: 1.12143813837e+012
        max: 42670212
        mean: 5701079
        median: 5132739
        min: 612283.375
        var: 1.82733892485e+013
    spectral_strongpeak:
        dmean: 0.460584014654
        dmean2: 0.800131797791
        dvar: 0.524020910263
        dvar2: 1.36269819736
        max: 9.11774253845
        mean: 0.833204805851
        median: 0.248736903071
        min: 0
        var: 1.22052681446
    zerocrossingrate:
        dmean: 0.00990690104663
        dmean2: 0.0108917625621
        dvar: 0.000115754039143
        dvar2: 0.000117528921692
        max: 0.529296875
        mean: 0.108683548868
        median: 0.109375
        min: 0.0078125
        var: 0.00295904674567
    barkbands:
        dmean: [1.38631449431e-007, 3.4790205973e-005, 0.000151933156303, 0.000114475849841, 0.000157200760441, 7.68093668739e-005, 9.03618929442e-005, 7.1605820267e-005, 5.81045424042e-005, 3.16906080116e-005, 4.37946800957e-005, 4.76036402688e-005, 4.95208441862e-005, 5.70478950976e-005, 5.88983493799e-005, 0.000130580490804, 0.000166050958796, 0.000173621985596, 0.000177139561856, 0.000176365007064, 0.000111960856884, 3.11541807605e-005, 5.11690996063e-006, 2.72640318144e-006, 1.70484622686e-006, 7.99639607862e-008, 5.50094281238e-009]
        dmean2: [2.17105693423e-007, 5.88450966461e-005, 0.000259666179772, 0.000188167003216, 0.000264370115474, 0.000124640282593, 0.000145808109664, 0.000116602852358, 9.54056595219e-005, 5.13426093676e-005, 7.21672258805e-005, 7.34525092412e-005, 7.77696986916e-005, 9.11366732907e-005, 9.45553183556e-005, 0.000204784693778, 0.000264628935838, 0.000277055456536, 0.000273372483207, 0.000278695020825, 0.000169101651409, 4.75541128253e-005, 7.92053560872e-006, 4.08656751461e-006, 2.54235533248e-006, 1.19116783992e-007, 8.46795877862e-009]
        dvar: [4.44848591828e-014, 5.51326229115e-009, 1.18144924954e-007, 2.87527921472e-008, 1.20366919987e-007, 2.48851854678e-008, 4.26820001564e-008, 3.16984767323e-008, 1.92272509025e-008, 5.25049514977e-009, 6.7245737867e-009, 1.2139550698e-008, 1.83869595105e-008, 1.67987241895e-008, 1.74718213231e-008, 6.34254107013e-008, 7.91973562286e-008, 1.05388153315e-007, 8.14105618474e-008, 1.03184007116e-007, 5.33691562055e-008, 6.7328502773e-009, 8.96856755528e-011, 3.07739528305e-011, 1.50055402132e-011, 1.81038130586e-014, 9.24992073009e-017]
        dvar2: [1.26999241202e-013, 1.38411984096e-008, 3.25120652178e-007, 7.60122844667e-008, 3.28838581254e-007, 6.46272511062e-008, 1.06664948873e-007, 8.13204508177e-008, 5.17152649593e-008, 1.31211894683e-008, 1.78989463251e-008, 2.74942664191e-008, 4.21160351038e-008, 3.90844867582e-008, 4.13359728668e-008, 1.49989247689e-007, 1.84507015888e-007, 2.62222954461e-007, 1.87292101828e-007, 2.63604334805e-007, 1.13151571668e-007, 1.51939385518e-008, 2.14099904472e-010, 6.40501540694e-011, 2.93280955077e-011, 4.07307922199e-014, 2.22207844056e-016]
        max: [2.97169822261e-006, 0.000628256471828, 0.00293964706361, 0.00245910603553, 0.00441849976778, 0.00470681581646, 0.00429731793702, 0.00540988706052, 0.00297261029482, 0.00296914437786, 0.00354547961615, 0.0028305479791, 0.00363093987107, 0.00605270965025, 0.00370741588995, 0.00609663687646, 0.00527711817995, 0.010705223307, 0.00548693304881, 0.00386892142706, 0.00742753501981, 0.00303792627528, 0.000357147830073, 0.000142783625051, 0.000142638920806, 2.12693043977e-006, 1.02138550062e-007]
        mean: [2.31656272831e-007, 4.21154036303e-005, 0.000176992383786, 0.000178330810741, 0.000236081003095, 0.000119807278679, 0.000140887481393, 0.000111798712169, 9.0451016149e-005, 5.22337795701e-005, 7.10164749762e-005, 9.46260697674e-005, 8.09158664197e-005, 9.53791532083e-005, 0.000119074698887, 0.000274636724498, 0.000363963161362, 0.000381635967642, 0.000378705124604, 0.000304932327708, 0.000199000249268, 4.94926025567e-005, 7.89315254224e-006, 4.41404790763e-006, 2.88587193609e-006, 1.4212996291e-007, 8.36800229109e-009]
        median: [1.14572728194e-007, 1.60643157869e-005, 8.06152820587e-005, 0.000102781588794, 0.000135529233376, 5.52858837182e-005, 3.38430181728e-005, 2.88129831461e-005, 2.68215171673e-005, 2.08606252272e-005, 3.55437259714e-005, 2.33210885199e-005, 1.81764444278e-005, 3.49355468643e-005, 3.73237489839e-005, 0.000115868388093, 0.000193215615582, 0.000170245286427, 0.00024264921376, 0.000186712059076, 0.000120832155517, 1.81549730769e-005, 3.80928599952e-006, 2.00400495487e-006, 1.26421196001e-006, 7.32888665311e-008, 3.40520656117e-009]
        min: [3.39690457625e-025, 1.15758652245e-024, 3.20099861253e-025, 3.10782575797e-025, 3.21612122399e-024, 5.47178496878e-024, 6.24912022175e-024, 7.3529172773e-024, 1.30853580608e-023, 1.74848731946e-023, 1.14579948113e-023, 1.42286825697e-023, 3.61903130024e-023, 3.16998422063e-023, 4.25654892525e-023, 5.39711557646e-023, 6.96417892944e-023, 8.59467174791e-023, 1.13635476506e-022, 1.67427863768e-022, 2.212749538e-022, 3.18971804949e-022, 4.22641557464e-022, 6.12721467461e-022, 9.61597765015e-022, 1.24632096551e-021, 1.87046720885e-021]
        var: [1.00109041879e-013, 5.83798920317e-009, 9.79812000423e-008, 5.24510319622e-008, 1.21845758372e-007, 5.14234699267e-008, 8.87841125063e-008, 6.15832433937e-008, 3.72913540048e-008, 1.68334128858e-008, 1.32142217169e-008, 5.01785635265e-008, 4.42537491097e-008, 5.19304030888e-008, 5.48190541849e-008, 2.14793658415e-007, 2.2422706536e-007, 4.90393063046e-007, 2.34446957847e-007, 1.55058202722e-007, 1.14670854146e-007, 1.4706028395e-008, 1.37216793483e-010, 6.76304290348e-011, 3.67702153448e-011, 3.44970939022e-014, 1.28302118694e-016]
    frequency_bands:
        dmean: [1.38631449431e-007, 3.4790205973e-005, 0.000151933156303, 0.000114475849841, 0.000157200760441, 7.68093668739e-005, 9.03618929442e-005, 7.1605820267e-005, 5.81045424042e-005, 3.16906080116e-005, 4.37946800957e-005, 4.76036402688e-005, 4.95208441862e-005, 5.70478950976e-005, 5.88983493799e-005, 0.000130580490804, 0.000166050958796, 0.000173621985596, 0.000177139561856, 0.000176365007064, 0.000111960856884, 3.11541807605e-005, 5.11690996063e-006, 2.72640318144e-006, 1.70484622686e-006, 7.99639607862e-008, 5.50094281238e-009, 4.49455195284e-011]
        dmean2: [2.17105693423e-007, 5.88450966461e-005, 0.000259666179772, 0.000188167003216, 0.000264370115474, 0.000124640282593, 0.000145808109664, 0.000116602852358, 9.54056595219e-005, 5.13426093676e-005, 7.21672258805e-005, 7.34525092412e-005, 7.77696986916e-005, 9.11366732907e-005, 9.45553183556e-005, 0.000204784693778, 0.000264628935838, 0.000277055456536, 0.000273372483207, 0.000278695020825, 0.000169101651409, 4.75541128253e-005, 7.92053560872e-006, 4.08656751461e-006, 2.54235533248e-006, 1.19116783992e-007, 8.46795877862e-009, 8.42037273241e-011]
        dvar: [4.44848591828e-014, 5.51326229115e-009, 1.18144924954e-007, 2.87527921472e-008, 1.20366919987e-007, 2.48851854678e-008, 4.26820001564e-008, 3.16984767323e-008, 1.92272509025e-008, 5.25049514977e-009, 6.7245737867e-009, 1.2139550698e-008, 1.83869595105e-008, 1.67987241895e-008, 1.74718213231e-008, 6.34254107013e-008, 7.91973562286e-008, 1.05388153315e-007, 8.14105618474e-008, 1.03184007116e-007, 5.33691562055e-008, 6.7328502773e-009, 8.96856755528e-011, 3.07739528305e-011, 1.50055402132e-011, 1.81038130586e-014, 9.24992073009e-017, 5.94668987704e-021]
        dvar2: [1.26999241202e-013, 1.38411984096e-008, 3.25120652178e-007, 7.60122844667e-008, 3.28838581254e-007, 6.46272511062e-008, 1.06664948873e-007, 8.13204508177e-008, 5.17152649593e-008, 1.31211894683e-008, 1.78989463251e-008, 2.74942664191e-008, 4.21160351038e-008, 3.90844867582e-008, 4.13359728668e-008, 1.49989247689e-007, 1.84507015888e-007, 2.62222954461e-007, 1.87292101828e-007, 2.63604334805e-007, 1.13151571668e-007, 1.51939385518e-008, 2.14099904472e-010, 6.40501540694e-011, 2.93280955077e-011, 4.07307922199e-014, 2.22207844056e-016, 1.9332139878e-020]
        max: [2.97169822261e-006, 0.000628256471828, 0.00293964706361, 0.00245910603553, 0.00441849976778, 0.00470681581646, 0.00429731793702, 0.00540988706052, 0.00297261029482, 0.00296914437786, 0.00354547961615, 0.0028305479791, 0.00363093987107, 0.00605270965025, 0.00370741588995, 0.00609663687646, 0.00527711817995, 0.010705223307, 0.00548693304881, 0.00386892142706, 0.00742753501981, 0.00303792627528, 0.000357147830073, 0.000142783625051, 0.000142638920806, 2.12693043977e-006, 1.02138550062e-007, 9.52669165777e-010]
        mean: [2.31656272831e-007, 4.21154036303e-005, 0.000176992383786, 0.000178330810741, 0.000236081003095, 0.000119807278679, 0.000140887481393, 0.000111798712169, 9.0451016149e-005, 5.22337795701e-005, 7.10164749762e-005, 9.46260697674e-005, 8.09158664197e-005, 9.53791532083e-005, 0.000119074698887, 0.000274636724498, 0.000363963161362, 0.000381635967642, 0.000378705124604, 0.000304932327708, 0.000199000249268, 4.94926025567e-005, 7.89315254224e-006, 4.41404790763e-006, 2.88587193609e-006, 1.4212996291e-007, 8.36800229109e-009, 3.40175734803e-011]
        median: [1.14572728194e-007, 1.60643157869e-005, 8.06152820587e-005, 0.000102781588794, 0.000135529233376, 5.52858837182e-005, 3.38430181728e-005, 2.88129831461e-005, 2.68215171673e-005, 2.08606252272e-005, 3.55437259714e-005, 2.33210885199e-005, 1.81764444278e-005, 3.49355468643e-005, 3.73237489839e-005, 0.000115868388093, 0.000193215615582, 0.000170245286427, 0.00024264921376, 0.000186712059076, 0.000120832155517, 1.81549730769e-005, 3.80928599952e-006, 2.00400495487e-006, 1.26421196001e-006, 7.32888665311e-008, 3.40520656117e-009, 9.39676635114e-012]
        min: [3.39690457625e-025, 1.15758652245e-024, 3.20099861253e-025, 3.10782575797e-025, 3.21612122399e-024, 5.47178496878e-024, 6.24912022175e-024, 7.3529172773e-024, 1.30853580608e-023, 1.74848731946e-023, 1.14579948113e-023, 1.42286825697e-023, 3.61903130024e-023, 3.16998422063e-023, 4.25654892525e-023, 5.39711557646e-023, 6.96417892944e-023, 8.59467174791e-023, 1.13635476506e-022, 1.67427863768e-022, 2.212749538e-022, 3.18971804949e-022, 4.22641557464e-022, 6.12721467461e-022, 9.61597765015e-022, 1.24632096551e-021, 1.87046720885e-021, 5.20926381355e-022]
        var: [1.00109041879e-013, 5.83798920317e-009, 9.79812000423e-008, 5.24510319622e-008, 1.21845758372e-007, 5.14234699267e-008, 8.87841125063e-008, 6.15832433937e-008, 3.72913540048e-008, 1.68334128858e-008, 1.32142217169e-008, 5.01785635265e-008, 4.42537491097e-008, 5.19304030888e-008, 5.48190541849e-008, 2.14793658415e-007, 2.2422706536e-007, 4.90393063046e-007, 2.34446957847e-007, 1.55058202722e-007, 1.14670854146e-007, 1.4706028395e-008, 1.37216793483e-010, 6.76304290348e-011, 3.67702153448e-011, 3.44970939022e-014, 1.28302118694e-016, 4.45521658964e-021]
    mfcc:
        mean: [-745.660583496, 83.5851135254, -45.8060150146, 48.0749130249, -8.48779201508, -6.57197380066, -0.934386670589, -4.74269771576, -0.394468992949, -9.89294147491, -7.85078001022, -3.31518030167, -3.48505091667]
        cov: [[11478.6923828, 977.083679199, -1015.24743652, 2052.49707031, 281.983062744, 35.4316368103, -60.3623695374, -334.065917969, 45.3715286255, 45.9831237793, 132.009628296, 60.5424804688, -194.739761353], [977.083679199, 820.275268555, -146.810501099, 251.921310425, 86.1914138794, -13.1778278351, -17.1982364655, -11.3615264893, -8.42376804352, -18.251077652, -13.4983406067, 17.6924514771, -23.795835495], [-1015.24743652, -146.810501099, 615.83581543, 52.5418052673, 72.8313140869, 126.385986328, 76.5879058838, 55.9445495605, 7.2447013855, 2.99396824837, -13.691403389, -38.4012985229, -2.60699653625], [2052.49707031, 251.921310425, 52.5418052673, 1031.3848877, 332.762939453, 123.149887085, 34.0480690002, -34.075756073, 62.356842041, 18.8310375214, 10.6244087219, -29.6253204346, -87.4527130127], [281.983062744, 86.1914138794, 72.8313140869, 332.762939453, 370.587402344, 77.3357391357, -43.5341491699, 31.1995067596, 53.5199241638, 18.1253032684, 21.4815692902, 8.64193820953, -14.6037092209], [35.4316368103, -13.1778278351, 126.385986328, 123.149887085, 77.3357391357, 173.281600952, 103.618385315, 36.1703186035, 55.505771637, 30.728269577, 6.54885292053, 2.8905916214, 8.74444293976], [-60.3623695374, -17.1982364655, 76.5879058838, 34.0480690002, -43.5341491699, 103.618385315, 236.943786621, 83.4163284302, 49.9250488281, 38.9528808594, -4.20297288895, 9.20835018158, 21.5378818512], [-334.065917969, -11.3615264893, 55.9445495605, -34.075756073, 31.1995067596, 36.1703186035, 83.4163284302, 151.048553467, 59.1771354675, 1.64563727379, -0.771620929241, 15.5766839981, 15.1717357635], [45.3715286255, -8.42376804352, 7.2447013855, 62.356842041, 53.5199241638, 55.505771637, 49.9250488281, 59.1771354675, 127.046142578, 41.6257667542, 6.63265228271, 19.4692649841, 16.6749477386], [45.9831237793, -18.251077652, 2.99396824837, 18.8310375214, 18.1253032684, 30.728269577, 38.9528808594, 1.64563727379, 41.6257667542, 104.706939697, 37.8667106628, 7.83086919785, 18.3199539185], [132.009628296, -13.4983406067, -13.691403389, 10.6244087219, 21.4815692902, 6.54885292053, -4.20297288895, -0.771620929241, 6.63265228271, 37.8667106628, 88.3612594604, 28.7095394135, 2.98283529282], [60.5424804688, 17.6924514771, -38.4012985229, -29.6253204346, 8.64193820953, 2.8905916214, 9.20835018158, 15.5766839981, 19.4692649841, 7.83086919785, 28.7095394135, 82.8465042114, 28.6607036591], [-194.739761353, -23.795835495, -2.60699653625, -87.4527130127, -14.6037092209, 8.74444293976, 21.5378818512, 15.1717357635, 16.6749477386, 18.3199539185, 2.98283529282, 28.6607036591, 77.4116516113]]
        icov: [[0.000214185507502, -6.88701766194e-005, 0.000334345299052, -0.000486010278109, 0.000252277997788, -0.000115532318887, 2.72897268587e-005, 0.00020844838582, -7.73813462729e-006, 3.92697911593e-005, -0.000234526654822, -0.000164579585544, 5.43928217667e-005], [-6.88701766194e-005, 0.00146381964441, 0.000266539107542, -0.000220084155444, -0.000222096176003, 0.000102337529825, -1.93450559891e-005, -0.000291624397505, 0.000445040030172, -2.85235182673e-005, 0.000567640701775, -0.000478281639516, 0.000112230998639], [0.000334345299052, 0.000266539107542, 0.00272295088507, -0.000734668516088, 8.95681441762e-005, -0.00181039737072, 6.29219575785e-005, -0.000468876183731, 0.000926041335333, 8.97085774341e-005, -0.000158385344548, 0.000653676863294, 2.39326673181e-005], [-0.000486010278109, -0.000220084155444, -0.000734668516088, 0.00302511756308, -0.00227395677939, 9.65859071584e-005, -0.0012218945194, 0.00107152946293, -0.000849650299642, 0.0003446105693, 0.000305827561533, 0.000827521085739, 0.00157585018314], [0.000252277997788, -0.000222096176003, 8.95681441762e-005, -0.00227395677939, 0.00582268415019, -0.00251564825885, 0.00361626781523, -0.00240492145531, -0.000103139151179, -0.000942671380471, -0.000476004235679, -0.000908831483684, -0.000551579112653], [-0.000115532318887, 0.000102337529825, -0.00181039737072, 9.65859071584e-005, -0.00251564825885, 0.011814002879, -0.00529972137883, 0.00229137437418, -0.00311962934211, 0.000580510124564, -0.000723584380466, 0.000395597395254, -0.00057866727002], [2.72897268587e-005, -1.93450559891e-005, 6.29219575785e-005, -0.0012218945194, 0.00361626781523, -0.00529972137883, 0.00964985601604, -0.00533091649413, 0.00131983554456, -0.00328204897232, 0.00168956513517, -0.00096345966449, -0.000890712428372], [0.00020844838582, -0.000291624397505, -0.000468876183731, 0.00107152946293, -0.00240492145531, 0.00229137437418, -0.00533091649413, 0.0124563910067, -0.00550294248387, 0.00389056559652, -0.00149504269939, -0.000179475289769, 0.000347534398315], [-7.73813462729e-006, 0.000445040030172, 0.000926041335333, -0.000849650299642, -0.000103139151179, -0.00311962934211, 0.00131983554456, -0.00550294248387, 0.013811330311, -0.00542782479897, 0.00268310750835, -0.00238423142582, -0.000678271928336], [3.92697911593e-005, -2.85235182673e-005, 8.97085774341e-005, 0.0003446105693, -0.000942671380471, 0.000580510124564, -0.00328204897232, 0.00389056559652, -0.00542782479897, 0.0157103165984, -0.00729998899624, 0.00323832407594, -0.00307683530264], [-0.000234526654822, 0.000567640701775, -0.000158385344548, 0.000305827561533, -0.000476004235679, -0.000723584380466, 0.00168956513517, -0.00149504269939, 0.00268310750835, -0.00729998899624, 0.0168590992689, -0.00643573328853, 0.00262229936197], [-0.000164579585544, -0.000478281639516, 0.000653676863294, 0.000827521085739, -0.000908831483684, 0.000395597395254, -0.00096345966449, -0.000179475289769, -0.00238423142582, 0.00323832407594, -0.00643573328853, 0.0176997538656, -0.0060749980621], [5.43928217667e-005, 0.000112230998639, 2.39326673181e-005, 0.00157585018314, -0.000551579112653, -0.00057866727002, -0.000890712428372, 0.000347534398315, -0.000678271928336, -0.00307683530264, 0.00262229936197, -0.0060749980621, 0.0180337671191]]
    sccoeffs:
        dmean: [0.0520295761526, 0.0458195023239, 0.0363366529346, 0.0296632964164, 0.0220284443349, 0.0182320903987]
        dmean2: [0.0840772092342, 0.0751087889075, 0.0597627423704, 0.0481567829847, 0.0349805466831, 0.0276673194021]
        dvar: [0.00202502822503, 0.00147335324436, 0.000859071267769, 0.000625380955171, 0.00043661534437, 0.000280745065538]
        dvar2: [0.00512197287753, 0.0039088097401, 0.0022499775514, 0.0015259985812, 0.000939721008763, 0.00057755416492]
        max: [-0.274679094553, -0.412742733955, -0.487976133823, -0.523349940777, -0.522500395775, -0.554557204247]
        mean: [-0.656598269939, -0.754967033863, -0.78633326292, -0.780427753925, -0.791858196259, -0.771511614323]
        median: [-0.662305414677, -0.76572740078, -0.798331141472, -0.791134178638, -0.803011357784, -0.768201053143]
        min: [-0.976419687271, -0.980216860771, -0.990953922272, -0.983899235725, -0.991663038731, -0.970868885517]
        var: [0.00954782776535, 0.00702910358086, 0.00531983049586, 0.00425218138844, 0.0032035864424, 0.00230465270579]
    scvalleys:
        dmean: [0.399607628584, 0.42099237442, 0.354434847832, 0.323171108961, 0.299424409866, 0.31517162919]
        dmean2: [0.633762121201, 0.662477731705, 0.542556524277, 0.46973785758, 0.399974226952, 0.418890625238]
        dvar: [0.128641948104, 0.181270331144, 0.120251357555, 0.116355553269, 0.127635911107, 0.152880609035]
        dvar2: [0.28068035841, 0.389517217875, 0.232787743211, 0.204398617148, 0.208505153656, 0.287427425385]
        max: [-5.41448068619, -4.68503808975, -5.44178390503, -5.62752342224, -5.46995449066, -7.60062408447]
        mean: [-7.82766628265, -7.50503206253, -7.74552202225, -7.90684890747, -7.56976985931, -9.97368240356]
        median: [-7.01816129684, -7.03005313873, -7.27962827682, -7.33489847183, -6.83470106125, -9.50226593018]
        min: [-28.0663585663, -28.267572403, -28.0050868988, -27.64336586, -27.5563583374, -27.4288768768]
        var: [7.62357711792, 6.40646648407, 5.88515710831, 6.12215948105, 6.96506690979, 5.69985151291]

rhythm:
    beats_loudness:
        dmean: 0.00193859252613
        dmean2: 0.00351756624877
        dvar: 3.14480166708e-006
        dvar2: 9.66942297964e-006
        max: 0.0159761998802
        mean: 0.0062925843522
        median: 0.00636905012652
        min: 0
        var: 8.1057251009e-006
    bpm: 103.003707886
    bpm_confidence: 0
    first_peak_bpm: 103
    first_peak_spread: 0.260744988918
    first_peak_weight: 0.695417761803
    onset_rate: 3.47471785545
    second_peak_bpm: 96
    second_peak_spread: 0.333333313465
    second_peak_weight: 0.0215633418411
    beats_loudness_band_ratio:
        dmean: [0.13749653101, 0.0588922128081, 0.055044863373, 0.0619339644909, 0.0868187397718, 0.0850856006145]
        dmean2: [0.252518743277, 0.107161849737, 0.099337913096, 0.108729071915, 0.152405291796, 0.148632735014]
        dvar: [0.0115205571055, 0.00398259237409, 0.00711450958624, 0.00923830363899, 0.00758821889758, 0.00439593521878]
        dvar2: [0.0357541814446, 0.0108668962494, 0.0200292952359, 0.025899194181, 0.0213105194271, 0.0131105203182]
        max: [0.631912529469, 0.604064047337, 0.802264750004, 0.97291970253, 0.70846003294, 0.672237217426]
        mean: [0.275630444288, 0.0841881707311, 0.0834584832191, 0.119859673083, 0.215033665299, 0.238645464182]
        median: [0.276038765907, 0.0691210478544, 0.0517145991325, 0.0544109940529, 0.192278891802, 0.24211832881]
        min: [0, 0, 0, 0, 0, 0]
        var: [0.0258230082691, 0.00470122555271, 0.00943054445088, 0.0347561463714, 0.0153539255261, 0.0103337308392]
    beats_position: [0.638548731804, 1.3235373497, 1.99691605568, 2.67029476166, 3.34367346764, 4.01705217361, 4.7020406723, 5.38702917099, 6.06040811539, 6.73378658295, 7.41877555847, 8.05732440948, 8.68426322937, 9.31120204926, 9.93814086914, 10.5186395645, 11.0991382599, 11.6796369553, 12.2601356506, 12.840634346, 13.4211339951, 14.0132427216, 14.6053514481, 15.1858501434, 15.7663488388, 16.3468475342, 16.9273471832, 17.5078449249, 18.088344574, 18.6688423157, 19.2493419647, 19.8414516449, 20.4335594177, 21.0140590668, 21.5945568085, 22.1750564575, 22.7555541992, 23.3360538483, 23.9165534973, 24.497051239, 25.0775508881, 25.6580486298, 26.2501583099, 26.830657959, 27.4227657318, 28.0032653809, 28.5837631226, 29.1642627716, 29.7447605133, 30.3252601624, 30.9057598114, 31.4862575531, 32.0667572021, 32.6472549438, 33.2277526855, 33.8082542419, 34.3887519836, 34.9692497253, 35.5497512817, 36.1302490234, 36.7107467651, 37.2912483215, 37.883354187, 38.4754638672, 39.0675735474, 39.6596832275, 40.2401809692, 40.8206787109, 41.4011802673, 41.981678009, 42.5621757507, 43.1426734924, 43.7231750488, 44.3036727905, 44.8841705322, 45.4646720886, 46.0451698303, 46.625667572, 47.2061653137, 47.7866668701, 48.3787727356, 48.9708824158, 49.5513839722, 50.1318817139, 50.7123794556, 51.2928771973, 51.8733787537, 52.4538764954, 53.0575942993, 53.6380958557, 54.2185935974, 54.7990913391, 55.367980957, 55.936870575, 56.5173683167, 57.0978660583, 57.6899757385, 58.2820854187, 58.8625831604, 59.4430847168, 60.0235824585, 60.6040802002, 61.1961898804, 61.7882995605, 62.3687973022, 62.9492950439, 63.5297966003, 64.1102905273, 64.6907958984, 65.2712936401, 65.8517913818, 66.4322891235, 67.0243988037, 67.6165084839, 68.1853942871, 68.7542877197, 69.3347854614, 69.9152832031, 70.4957809448, 71.0762786865, 71.6683883667, 72.2604980469, 72.8409957886, 73.4214935303, 74.0136032104, 74.6057128906, 75.1862106323, 75.766708374, 76.3472061157, 76.9277114868, 77.5082092285, 78.0887069702, 78.6692047119, 79.2497024536, 79.8302001953, 80.410697937, 80.9912033081, 81.5833053589, 82.1754150391, 82.7559204102, 83.3364181519, 83.9169158936, 84.4974136353, 85.077911377, 85.6584091187, 86.2389068604, 86.8194122314, 87.3999099731, 87.9804077148, 88.572517395, 89.1646270752, 89.7451248169, 90.3256225586, 90.9061203003, 91.486618042, 92.0671157837, 92.6476211548, 93.2281188965, 93.8086166382, 94.3891143799, 94.9696121216, 95.5501098633, 96.1190032959, 96.7111129761, 97.3032150269, 97.8837203979, 98.4526062012, 99.0331039429, 99.625213623, 100.217323303, 100.809432983, 101.378318787, 101.958816528, 102.53931427, 103.119819641, 103.700317383, 104.292427063, 104.884536743, 105.453422546, 106.02230835, 106.61441803, 107.20652771, 107.787025452, 108.367523193, 108.948028564, 109.528526306, 110.120635986, 110.701133728, 111.28163147, 111.850517273, 112.431015015, 113.011520386, 113.592018127, 114.184127808, 114.776237488, 115.356735229, 115.937232971, 116.517730713, 117.098228455, 117.678726196, 118.259223938, 118.839729309, 119.43183136, 120.02394104, 120.604438782, 121.184944153, 121.765441895, 122.345939636, 122.926437378, 123.50693512, 124.087432861, 124.667930603, 125.248435974, 125.828933716, 126.421043396, 127.001541138, 127.593650818, 128.17414856, 128.754638672, 129.335144043, 129.915649414, 130.496139526, 131.076644897, 131.65713501, 132.237640381, 132.818145752, 133.410247803, 134.002349854, 134.582855225, 135.163360596, 135.743850708, 136.324356079, 136.904846191, 137.485351563, 138.065841675, 138.646347046, 139.226852417, 139.807342529, 140.3878479, 140.968338013, 141.548843384, 142.129333496, 142.709838867, 143.290344238, 143.882446289, 144.47454834, 145.055053711, 145.647155762, 146.227661133, 146.819763184, 147.400268555, 147.969161987, 148.561264038, 149.130157471, 149.710647583, 150.291152954, 150.871658325, 151.463760376, 152.044265747, 152.624755859, 153.216873169, 153.80897522, 154.389480591, 154.969970703, 155.550476074, 156.130966187, 156.711471558, 157.291976929, 157.872467041, 158.452972412, 159.033462524, 159.613967896, 160.194458008, 160.774963379, 161.35546875, 161.935958862, 162.528076172, 163.108566284, 163.700683594, 164.281173706, 164.873291016, 165.442169189, 166.022674561, 166.603164673, 167.183670044, 167.764175415, 168.356277466, 168.936782837, 169.517272949, 170.086166382, 170.666656494, 171.258773804, 171.850875854, 172.431381226, 173.011871338, 173.592376709, 174.17288208, 174.753372192, 175.345489502, 175.937591553, 176.518096924, 177.098587036, 177.679092407, 178.25958252, 178.840087891, 179.420593262, 180.001083374, 180.581588745, 181.162078857, 181.742584229, 182.334686279, 182.91519165, 183.495681763, 184.087799072, 184.668289185, 185.248794556, 185.829299927, 186.409790039, 187.001907349, 187.594009399, 188.174514771, 188.743392944, 189.312286377, 189.892791748, 190.484893799, 191.07699585, 191.657501221, 192.238006592, 192.818496704, 193.399002075, 193.979492188, 194.559997559, 195.140487671, 195.720993042, 196.313110352, 196.905212402, 197.485717773, 198.066207886, 198.646713257, 199.227203369, 199.80770874, 200.388198853, 200.968704224, 201.549209595, 202.129699707, 202.710205078, 203.29069519, 203.871200562, 204.463302612, 205.055419922, 205.635910034, 206.216415405, 206.796905518, 207.377410889, 207.95791626, 208.538406372, 209.118911743, 209.711013794, 210.303131104, 210.883621216, 211.464126587, 212.044616699, 212.659957886, 213.275283813, 213.90222168, 214.505935669, 215.109649658, 215.724990845, 216.351928711, 216.978866577, 217.605804443, 218.23274231]
