
metadata:
    version:
        essentia: "2.1-beta2"
    audio_properties:
        analysis_sample_rate: 44100
        bitrate: 320
        channels: 2
        equal_loudness: 1
        length: 232.22857666
        replay_gain: -14.4330062866
        downmix: "mix"
    tags:
        album: "Twilight Of The Thunder God"
        artist: "Amon Amarth"
        comment: ""
        date: "2008"
        genre: "Melodic Death Metal"
        title: "No Fear For The Setting Sun"
        tracknumber: "7"

configuration:
    average_loudness:
        compute: 1
        frameSize: 88200
        hopSize: 44100
        silentFrames: "noise"
        windowType: "hann"
    general:
        analysisSampleRate: 44100
        endTime: 2000
        equalLoudness: 1
        nequalLoudness: 0
        shortSound: 0
        startTime: 0
    lowlevel:
        compute: 1
        frameSize: 2048
        hopSize: 1024
        zeroPadding: 0
        silentFrames: "noise"
        windowType: "blackmanharris62"
        mfccStats: ["mean", "cov", "icov"]
        stats: ["mean", "var", "median", "min", "max", "dmean", "dmean2", "dvar", "dvar2"]
    panning:
        compute: 0
        frameSize: 8192
        hopSize: 2048
        zeroPadding: 8192
        silentFrames: "noise"
        windowType: "hann"
        stats: ["copy"]
    rhythm:
        compute: 1
        maxTempo: 208
        minTempo: 40
        method: "degara"
        stats: ["mean", "var", "median", "min", "max", "dmean", "dmean2", "dvar", "dvar2"]
    segmentation:
        compute: 0
        cpw: 5
        inc1: 300
        inc2: 50
        minimumSegmentsLength: 10
        size1: 1000
        size2: 600
    sfx:
        compute: 1
        stats: ["mean", "var", "median", "min", "max", "dmean", "dmean2", "dvar", "dvar2"]
    svm:
        compute: 0
    tonal:
        compute: 1
        frameSize: 4096
        hopSize: 2048
        zeroPadding: 0
        silentFrames: "noise"
        windowType: "blackmanharris62"
        stats: ["mean", "var", "median", "min", "max", "dmean", "dmean2", "dvar", "dvar2"]

lowlevel:
    average_loudness: 0.920272409916
    barkbands_kurtosis:
        dmean: 0.41175109148
        dmean2: 0.685702204704
        dvar: 0.509616196156
        dvar2: 1.18377280235
        max: 29.701997757
        mean: -1.06899869442
        median: -1.24997901917
        min: -1.86079323292
        var: 1.12103593349
    barkbands_skewness:
        dmean: 0.353221237659
        dmean2: 0.565693497658
        dvar: 0.103309720755
        dvar2: 0.249771431088
        max: 5.18253803253
        mean: -0.0799127444625
        median: -0.148123502731
        min: -2.0461101532
        var: 0.33361569047
    barkbands_spread:
        dmean: 6.09663629532
        dmean2: 10.1144132614
        dvar: 25.5194473267
        dvar2: 69.0387496948
        max: 70.2423248291
        mean: 37.2045898438
        median: 36.7960357666
        min: 4.18787813187
        var: 70.3914489746
    dissonance:
        dmean: 0.00883315503597
        dmean2: 0.0154001275077
        dvar: 6.73693502904e-005
        dvar2: 0.000192681269255
        max: 0.500000178814
        mean: 0.486984312534
        median: 0.489049136639
        min: 0.405993580818
        var: 8.54089375935e-005
    hfc:
        dmean: 2.55695080757
        dmean2: 4.28006124496
        dvar: 7.41702985764
        dvar2: 18.9918766022
        max: 30.2464523315
        mean: 9.59110164642
        median: 9.73244094849
        min: 1.07811465257e-016
        var: 23.0436515808
    pitch:
        dmean: 1067.76525879
        dmean2: 2053.49926758
        dvar: 1958279.25
        dvar2: 4787136
        max: 4839.80664063
        mean: 1433.08691406
        median: 439.205566406
        min: 43.0243911743
        var: 2384350.75
    pitch_instantaneous_confidence:
        dmean: 0.0616495423019
        dmean2: 0.105001680553
        dvar: 0.0027758043725
        dvar2: 0.0076302648522
        max: 0.73516356945
        mean: 0.259780466557
        median: 0.239867508411
        min: 0.0999883413315
        var: 0.00760938180611
    pitch_salience:
        dmean: 0.0556242614985
        dmean2: 0.0949105024338
        dvar: 0.00258599012159
        dvar2: 0.00744300941005
        max: 0.946143209934
        mean: 0.706267058849
        median: 0.724993884563
        min: 0.243725150824
        var: 0.00560203846544
    silence_rate_20dB:
        dmean: 0
        dmean2: 0
        dvar: 0
        dvar2: 0
        max: 1
        mean: 1
        median: 1
        min: 1
        var: 0
    silence_rate_30dB:
        dmean: 0
        dmean2: 0
        dvar: 0
        dvar2: 0
        max: 1
        mean: 1
        median: 1
        min: 1
        var: 0
    silence_rate_60dB:
        dmean: 0.0827834457159
        dmean2: 0.165583446622
        dvar: 0.0759259685874
        dvar2: 0.164383888245
        max: 1
        mean: 0.206038191915
        median: 0
        min: 0
        var: 0.163606017828
    spectral_centroid:
        dmean: 279.372039795
        dmean2: 456.905303955
        dvar: 70826.03125
        dvar2: 168964.640625
        max: 11577.7666016
        mean: 1827.19909668
        median: 1832.09387207
        min: 163.788070679
        var: 540794.0625
    spectral_complexity:
        dmean: 4.71145772934
        dmean2: 7.49145078659
        dvar: 19.3285007477
        dvar2: 42.3522567749
        max: 48
        mean: 21.6876945496
        median: 23
        min: 0
        var: 112.313705444
    spectral_crest:
        dmean: 1.56329107285
        dmean2: 2.64224100113
        dvar: 2.31406092644
        dvar2: 5.98557567596
        max: 21.5851840973
        mean: 5.20449352264
        median: 4.5178809166
        min: 2.14066076279
        var: 4.94072341919
    spectral_decrease:
        dmean: 3.40502931406e-010
        dmean2: 5.73980030172e-010
        dvar: 2.13887373861e-019
        dvar2: 5.67490412868e-019
        max: 1.67375614045e-028
        mean: -1.17933351973e-009
        median: -1.13505693733e-009
        min: -4.36248104307e-009
        var: 3.79754819362e-019
    spectral_energy:
        dmean: 0.00148065167014
        dmean2: 0.0024918243289
        dvar: 3.81450240639e-006
        dvar2: 1.00597735582e-005
        max: 0.0187914576381
        mean: 0.0053210160695
        median: 0.00516705866903
        min: 1.00470043825e-020
        var: 7.39846154829e-006
    spectral_energyband_high:
        dmean: 0.000233681857935
        dmean2: 0.000405566388508
        dvar: 5.76037137989e-008
        dvar2: 1.51176365648e-007
        max: 0.00277149234898
        mean: 0.000535241037142
        median: 0.000505988777149
        min: 7.12032143745e-021
        var: 9.89276998098e-008
    spectral_energyband_low:
        dmean: 0.000356036791345
        dmean2: 0.000623208587058
        dvar: 1.29624311285e-007
        dvar2: 3.56089117304e-007
        max: 0.0034685889259
        mean: 0.000521113805007
        median: 0.000416412891354
        min: 1.36353818607e-023
        var: 1.53334255515e-007
    spectral_energyband_middle_high:
        dmean: 0.00063603714807
        dmean2: 0.00102410151158
        dvar: 4.05385350177e-007
        dvar2: 9.85777546703e-007
        max: 0.0089910319075
        mean: 0.00276131369174
        median: 0.00269311899319
        min: 1.26141731461e-021
        var: 2.40097347159e-006
    spectral_energyband_middle_low:
        dmean: 0.00087618973339
        dmean2: 0.00149712257553
        dvar: 1.86666898117e-006
        dvar2: 5.11596726938e-006
        max: 0.0106894560158
        mean: 0.00168548873626
        median: 0.00130449829157
        min: 1.75752441532e-022
        var: 1.95082452592e-006
    spectral_flatness_db:
        dmean: 0.0107704596594
        dmean2: 0.0176645368338
        dvar: 8.85206172825e-005
        dvar2: 0.000225381314522
        max: 0.312230795622
        mean: 0.118648059666
        median: 0.11594093591
        min: 0.0552609041333
        var: 0.000350723537849
    spectral_flux:
        dmean: 0.00791552383453
        dmean2: 0.0124995950609
        dvar: 9.34424388106e-005
        dvar2: 0.000183780342923
        max: 0.101190842688
        mean: 0.0458874925971
        median: 0.045881152153
        min: 6.44804210026e-011
        var: 0.000243314774707
    spectral_kurtosis:
        dmean: 0.932048261166
        dmean2: 1.598290205
        dvar: 0.748844444752
        dvar2: 2.22512340546
        max: 16.8922805786
        mean: 2.91465520859
        median: 2.79408478737
        min: -1.26735246181
        var: 1.2682993412
    spectral_rms:
        dmean: 0.00030257369508
        dmean2: 0.000495907675941
        dvar: 1.26430933278e-007
        dvar2: 3.1644552223e-007
        max: 0.00428172014654
        mean: 0.00218401360326
        median: 0.00224522431381
        min: 3.13080746224e-012
        var: 4.21294316766e-007
    spectral_rolloff:
        dmean: 340.025024414
        dmean2: 563.621276855
        dvar: 171473.59375
        dvar2: 401328
        max: 19595.2148438
        mean: 3590.42163086
        median: 3574.51171875
        min: 107.666015625
        var: 1318141
    spectral_skewness:
        dmean: 0.159652471542
        dmean2: 0.270104795694
        dvar: 0.0201499592513
        dvar2: 0.0544683262706
        max: 2.68388104439
        mean: 1.19888401031
        median: 1.19402003288
        min: -0.101634144783
        var: 0.0502794981003
    spectral_spread:
        dmean: 433735.0625
        dmean2: 690786.375
        dvar: 339939622912
        dvar2: 703010570240
        max: 42083368
        mean: 4677737
        median: 4437777.5
        min: 2473138.25
        var: 6.4089138135e+012
    spectral_strongpeak:
        dmean: 0.289643526077
        dmean2: 0.513038218021
        dvar: 0.218086019158
        dvar2: 0.592464268208
        max: 8.24456119537
        mean: 0.386349022388
        median: 0.172259345651
        min: 3.33109095862e-010
        var: 0.347360491753
    zerocrossingrate:
        dmean: 0.00762430531904
        dmean2: 0.00950241927058
        dvar: 5.65358532185e-005
        dvar2: 7.15156566002e-005
        max: 0.5341796875
        mean: 0.10453748703
        median: 0.1044921875
        min: 0.01123046875
        var: 0.000986840226687
    barkbands:
        dmean: [4.82141217617e-007, 0.00012634016457, 0.000199897011044, 0.00032928402652, 0.000413197034504, 0.00015859316045, 0.000135144393425, 9.13562325877e-005, 0.000160639494425, 0.000150078660226, 9.78975003818e-005, 9.09053342184e-005, 9.13776748348e-005, 7.98541732365e-005, 7.07276340108e-005, 0.000116323055408, 0.000172009458765, 0.000156920257723, 0.000226577976719, 0.000157484872034, 0.000116308387078, 4.69742517453e-005, 1.0573758118e-005, 2.31810577134e-006, 7.7231453588e-007, 2.21308464887e-008, 3.35211414182e-010]
        dmean2: [7.80887830842e-007, 0.000226138436119, 0.000350301270373, 0.000592442520428, 0.000730875995941, 0.000267215567874, 0.000229114870308, 0.000155218382133, 0.000265048147412, 0.000245009665377, 0.00016095128376, 0.00014971557539, 0.000149853643961, 0.000132121815113, 0.000116609931865, 0.000195536151296, 0.000289645744488, 0.000266301241936, 0.000385576684494, 0.000264242960839, 0.000201339047635, 8.35192258819e-005, 1.91873532458e-005, 4.08250070905e-006, 1.28583030801e-006, 3.52209603705e-008, 5.70721359061e-010]
        dvar: [2.15821026957e-013, 1.9525710826e-008, 4.87429367979e-008, 3.00205385884e-007, 5.42794396097e-007, 5.06462463079e-008, 4.15451921754e-008, 2.60369752425e-008, 7.2903880266e-008, 6.44378985726e-008, 3.085921918e-008, 2.08097592491e-008, 2.73336535628e-008, 1.65654903128e-008, 1.14563265541e-008, 1.95296063765e-008, 3.67599888307e-008, 2.48155664906e-008, 5.2137529849e-008, 2.39933637403e-008, 1.51768198009e-008, 2.9276638891e-009, 1.88893775621e-010, 1.02014317133e-011, 1.24739931925e-012, 1.51021866386e-015, 1.71416522017e-019]
        dvar2: [5.1688736841e-013, 5.36437454457e-008, 1.33238742706e-007, 8.56855876918e-007, 1.49944980876e-006, 1.37653472621e-007, 1.10045782264e-007, 7.31891418582e-008, 1.95552743776e-007, 1.61468605597e-007, 7.44589669921e-008, 5.12934867913e-008, 6.18175803879e-008, 4.02108781827e-008, 2.50148133318e-008, 4.63157157071e-008, 9.76481828729e-008, 6.74042155424e-008, 1.40902386647e-007, 6.30801295642e-008, 4.08928748641e-008, 7.89984166971e-009, 5.04167319004e-010, 2.6665232522e-011, 2.68395115161e-012, 3.31298577879e-015, 4.56978307549e-019]
        max: [4.30760474046e-006, 0.00103553198278, 0.00269869249314, 0.00447501987219, 0.00683420477435, 0.00385407311842, 0.00250241998583, 0.0026005639229, 0.00420016888529, 0.00466378312558, 0.00241464888677, 0.00348782702349, 0.00438830535859, 0.0026059569791, 0.00383701268584, 0.00446350732818, 0.00464010890573, 0.00283918413334, 0.00374940922484, 0.002562495647, 0.00121117895469, 0.000509132980369, 0.000134520334541, 3.88637490687e-005, 2.39092460106e-005, 1.33552271109e-006, 5.7936331288e-009]
        mean: [7.1481372288e-007, 0.000144238991197, 0.000241992383962, 0.000336833618348, 0.000453353684861, 0.000231796177104, 0.000193830914213, 0.000128845465952, 0.000265739974566, 0.000276295875665, 0.000162524651387, 0.000163447039085, 0.000176376328454, 0.000147348633618, 0.000142182427226, 0.000250883575063, 0.000381827470846, 0.000360392208677, 0.000530798221007, 0.000395933020627, 0.000239899236476, 7.72692073951e-005, 1.31127317218e-005, 3.78408458346e-006, 1.55248937972e-006, 4.54604425215e-008, 5.77502656807e-010]
        median: [5.73732108933e-007, 0.000104359860416, 0.000164041572134, 0.000174991670065, 0.000264064670773, 0.000153444416355, 0.000106533116195, 6.44559331704e-005, 0.000116867435281, 0.00011082385754, 7.17556104064e-005, 9.74945651251e-005, 9.95898008114e-005, 0.000101891586382, 0.000111489542178, 0.000219656183617, 0.000337840785505, 0.000336679047905, 0.000499667949043, 0.000371844711481, 0.000218790839426, 6.65212064632e-005, 9.87580824585e-006, 3.04959303321e-006, 1.23159384202e-006, 3.12093462185e-008, 3.90238619197e-010]
        min: [6.83497290061e-025, 1.71922255202e-024, 2.33800031291e-024, 1.12312681013e-024, 1.078287976e-023, 5.02150513624e-024, 6.62077468231e-024, 9.40069132445e-024, 1.18784379523e-023, 1.49847978588e-023, 1.55933788036e-023, 3.70628499616e-023, 2.45593588599e-023, 3.43236977067e-023, 6.5719610739e-023, 8.00014704223e-023, 8.56254743858e-023, 1.20500850923e-022, 9.2484323345e-023, 1.84724061944e-022, 2.44709045177e-022, 3.28704758176e-022, 3.84943977396e-022, 5.78378830782e-022, 8.96508283746e-022, 1.40797499854e-021, 1.96748543767e-021]
        var: [3.73739450846e-013, 1.81529511423e-008, 6.06015220228e-008, 2.35839337392e-007, 4.02694780632e-007, 6.90029580142e-008, 6.63319426053e-008, 3.59186351773e-008, 1.46004978774e-007, 1.89282474139e-007, 6.6596896886e-008, 4.89448517271e-008, 8.41401401885e-008, 3.21835429418e-008, 2.76781708664e-008, 4.40480540931e-008, 7.85564822081e-008, 4.80614623655e-008, 1.09557419137e-007, 5.8138553527e-008, 2.30111201205e-008, 3.2217319923e-009, 1.6781624701e-010, 1.27631316973e-011, 2.59119115054e-012, 2.94517294464e-015, 3.44236407642e-019]
    frequency_bands:
        dmean: [4.82141217617e-007, 0.00012634016457, 0.000199897011044, 0.00032928402652, 0.000413197034504, 0.00015859316045, 0.000135144393425, 9.13562325877e-005, 0.000160639494425, 0.000150078660226, 9.78975003818e-005, 9.09053342184e-005, 9.13776748348e-005, 7.98541732365e-005, 7.07276340108e-005, 0.000116323055408, 0.000172009458765, 0.000156920257723, 0.000226577976719, 0.000157484872034, 0.000116308387078, 4.69742517453e-005, 1.0573758118e-005, 2.31810577134e-006, 7.7231453588e-007, 2.21308464887e-008, 3.35211414182e-010, 6.08608996533e-011]
        dmean2: [7.80887830842e-007, 0.000226138436119, 0.000350301270373, 0.000592442520428, 0.000730875995941, 0.000267215567874, 0.000229114870308, 0.000155218382133, 0.000265048147412, 0.000245009665377, 0.00016095128376, 0.00014971557539, 0.000149853643961, 0.000132121815113, 0.000116609931865, 0.000195536151296, 0.000289645744488, 0.000266301241936, 0.000385576684494, 0.000264242960839, 0.000201339047635, 8.35192258819e-005, 1.91873532458e-005, 4.08250070905e-006, 1.28583030801e-006, 3.52209603705e-008, 5.70721359061e-010, 1.13186890416e-010]
        dvar: [2.15821026957e-013, 1.9525710826e-008, 4.87429367979e-008, 3.00205385884e-007, 5.42794396097e-007, 5.06462463079e-008, 4.15451921754e-008, 2.60369752425e-008, 7.2903880266e-008, 6.44378985726e-008, 3.085921918e-008, 2.08097592491e-008, 2.73336535628e-008, 1.65654903128e-008, 1.14563265541e-008, 1.95296063765e-008, 3.67599888307e-008, 2.48155664906e-008, 5.2137529849e-008, 2.39933637403e-008, 1.51768198009e-008, 2.9276638891e-009, 1.88893775621e-010, 1.02014317133e-011, 1.24739931925e-012, 1.51021866386e-015, 1.71416522017e-019, 7.45992108417e-021]
        dvar2: [5.1688736841e-013, 5.36437454457e-008, 1.33238742706e-007, 8.56855876918e-007, 1.49944980876e-006, 1.37653472621e-007, 1.10045782264e-007, 7.31891418582e-008, 1.95552743776e-007, 1.61468605597e-007, 7.44589669921e-008, 5.12934867913e-008, 6.18175803879e-008, 4.02108781827e-008, 2.50148133318e-008, 4.63157157071e-008, 9.76481828729e-008, 6.74042155424e-008, 1.40902386647e-007, 6.30801295642e-008, 4.08928748641e-008, 7.89984166971e-009, 5.04167319004e-010, 2.6665232522e-011, 2.68395115161e-012, 3.31298577879e-015, 4.56978307549e-019, 2.39921280979e-020]
        max: [4.30760474046e-006, 0.00103553198278, 0.00269869249314, 0.00447501987219, 0.00683420477435, 0.00385407311842, 0.00250241998583, 0.0026005639229, 0.00420016888529, 0.00466378312558, 0.00241464888677, 0.00348782702349, 0.00438830535859, 0.0026059569791, 0.00383701268584, 0.00446350732818, 0.00464010890573, 0.00283918413334, 0.00374940922484, 0.002562495647, 0.00121117895469, 0.000509132980369, 0.000134520334541, 3.88637490687e-005, 2.39092460106e-005, 1.33552271109e-006, 5.7936331288e-009, 1.35979028038e-009]
        mean: [7.1481372288e-007, 0.000144238991197, 0.000241992383962, 0.000336833618348, 0.000453353684861, 0.000231796177104, 0.000193830914213, 0.000128845465952, 0.000265739974566, 0.000276295875665, 0.000162524651387, 0.000163447039085, 0.000176376328454, 0.000147348633618, 0.000142182427226, 0.000250883575063, 0.000381827470846, 0.000360392208677, 0.000530798221007, 0.000395933020627, 0.000239899236476, 7.72692073951e-005, 1.31127317218e-005, 3.78408458346e-006, 1.55248937972e-006, 4.54604425215e-008, 5.77502656807e-010, 4.68368191453e-011]
        median: [5.73732108933e-007, 0.000104359860416, 0.000164041572134, 0.000174991670065, 0.000264064670773, 0.000153444416355, 0.000106533116195, 6.44559331704e-005, 0.000116867435281, 0.00011082385754, 7.17556104064e-005, 9.74945651251e-005, 9.95898008114e-005, 0.000101891586382, 0.000111489542178, 0.000219656183617, 0.000337840785505, 0.000336679047905, 0.000499667949043, 0.000371844711481, 0.000218790839426, 6.65212064632e-005, 9.87580824585e-006, 3.04959303321e-006, 1.23159384202e-006, 3.12093462185e-008, 3.90238619197e-010, 1.81768679969e-011]
        min: [6.83497290061e-025, 1.71922255202e-024, 2.33800031291e-024, 1.12312681013e-024, 1.078287976e-023, 5.02150513624e-024, 6.62077468231e-024, 9.40069132445e-024, 1.18784379523e-023, 1.49847978588e-023, 1.55933788036e-023, 3.70628499616e-023, 2.45593588599e-023, 3.43236977067e-023, 6.5719610739e-023, 8.00014704223e-023, 8.56254743858e-023, 1.20500850923e-022, 9.2484323345e-023, 1.84724061944e-022, 2.44709045177e-022, 3.28704758176e-022, 3.84943977396e-022, 5.78378830782e-022, 8.96508283746e-022, 1.40797499854e-021, 1.96748543767e-021, 5.62681331805e-022]
        var: [3.73739450846e-013, 1.81529511423e-008, 6.06015220228e-008, 2.35839337392e-007, 4.02694780632e-007, 6.90029580142e-008, 6.63319426053e-008, 3.59186351773e-008, 1.46004978774e-007, 1.89282474139e-007, 6.6596896886e-008, 4.89448517271e-008, 8.41401401885e-008, 3.21835429418e-008, 2.76781708664e-008, 4.40480540931e-008, 7.85564822081e-008, 4.80614623655e-008, 1.09557419137e-007, 5.8138553527e-008, 2.30111201205e-008, 3.2217319923e-009, 1.6781624701e-010, 1.27631316973e-011, 2.59119115054e-012, 2.94517294464e-015, 3.44236407642e-019, 5.77077505638e-021]
    mfcc:
        mean: [-683.490478516, 99.8244476318, -50.1282348633, 55.4769897461, -15.4688472748, 3.34302759171, 1.86523771286, 0.249258175492, 1.11918306351, -5.57350683212, -3.10002374649, -3.27417039871, -4.18674850464]
        cov: [[6130.80371094, 866.225769043, -705.984924316, 334.231689453, -404.627593994, -33.7022972107, -83.5073699951, -5.2432756424, -41.2524642944, -87.7172317505, -55.3710517883, -19.0247192383, -36.911190033], [866.225769043, 460.670013428, -229.879394531, 121.275184631, -85.0730209351, -7.66381883621, 2.86412882805, -6.95419645309, 25.0382938385, -26.789560318, -0.55153208971, -6.42692661285, -7.82332515717], [-705.984924316, -229.879394531, 318.230834961, -26.8312778473, 106.691299438, 7.52524423599, -7.05889749527, 11.1409492493, -16.8916301727, 20.9226150513, -8.3423500061, -1.11832475662, -3.31805586815], [334.231689453, 121.275184631, -26.8312778473, 181.959640503, 40.7505264282, 32.184299469, -3.19454073906, -15.6966028214, -6.58301448822, -10.2552671432, -2.05571246147, -9.31949806213, -3.79601025581], [-404.627593994, -85.0730209351, 106.691299438, 40.7505264282, 129.118362427, 33.4650993347, 4.80344200134, -20.0039405823, -15.380853653, 12.3455505371, 2.33418655396, -3.23313760757, 0.879010498524], [-33.7022972107, -7.66381883621, 7.52524423599, 32.184299469, 33.4650993347, 56.2909164429, 22.5298557281, 3.77768826485, -8.10357189178, 0.915424048901, 1.98098957539, 0.788437902927, 3.62974190712], [-83.5073699951, 2.86412882805, -7.05889749527, -3.19454073906, 4.80344200134, 22.5298557281, 74.2456588745, 35.6490745544, 13.1141424179, -4.42599105835, -4.86862754822, -0.72212690115, 1.49724030495], [-5.2432756424, -6.95419645309, 11.1409492493, -15.6966028214, -20.0039405823, 3.77768826485, 35.6490745544, 65.2748718262, 28.2406368256, 5.3648891449, -6.08098220825, -0.991881012917, -1.10563445091], [-41.2524642944, 25.0382938385, -16.8916301727, -6.58301448822, -15.380853653, -8.10357189178, 13.1141424179, 28.2406368256, 54.4139289856, 18.8692436218, 8.18713855743, -2.37446188927, -4.39519357681], [-87.7172317505, -26.789560318, 20.9226150513, -10.2552671432, 12.3455505371, 0.915424048901, -4.42599105835, 5.3648891449, 18.8692436218, 46.1353111267, 22.2855873108, 6.96829795837, -1.56023848057], [-55.3710517883, -0.55153208971, -8.3423500061, -2.05571246147, 2.33418655396, 1.98098957539, -4.86862754822, -6.08098220825, 8.18713855743, 22.2855873108, 42.5244903564, 20.1762123108, 7.71227407455], [-19.0247192383, -6.42692661285, -1.11832475662, -9.31949806213, -3.23313760757, 0.788437902927, -0.72212690115, -0.991881012917, -2.37446188927, 6.96829795837, 20.1762123108, 42.0968742371, 21.7567329407], [-36.911190033, -7.82332515717, -3.31805586815, -3.79601025581, 0.879010498524, 3.62974190712, 1.49724030495, -1.10563445091, -4.39519357681, -1.56023848057, 7.71227407455, 21.7567329407, 38.5484428406]]
        icov: [[0.000338620535331, -0.00019649179012, 0.000379468285246, -0.000649822701234, 0.000892990268767, -7.8259712609e-005, 0.000420128519181, -0.000437916460214, 0.000858893501572, -0.000522110552993, 0.00059425807558, -0.000255723949522, 0.000313396827551], [-0.00019649179012, 0.00486897071823, 0.00209401128814, -0.00298938108608, 0.00129910872784, 0.00104040070437, -0.000791666272562, 0.00111055816524, -0.0024010008201, 0.00142120081, -0.000135148438858, -0.000547446019482, 0.000740664894693], [0.000379468285246, 0.00209401128814, 0.00735920201987, -0.000819014559966, -0.00422376347706, 0.0021172654815, 0.00245776749216, -0.00481381220743, 0.00284681585617, -0.00176240410656, 0.00243537034839, -0.00147268001456, 0.00160173606128], [-0.000649822701234, -0.00298938108608, -0.000819014559966, 0.0108790341765, -0.00611362000927, -0.00419064098969, 0.00176165672019, 9.42148617469e-005, -0.00158408889547, 0.00290321046486, -0.00175687787123, 0.00180281256326, -0.00048895040527], [0.000892990268767, 0.00129910872784, -0.00422376347706, -0.00611362000927, 0.0204798541963, -0.00647662486881, -0.00329294870608, 0.00815357081592, 0.00090213434305, -0.00519110402092, 0.00213078642264, 0.0011165025644, -0.000505977717694], [-7.8259712609e-005, 0.00104040070437, 0.0021172654815, -0.00419064098969, -0.00647662486881, 0.0285498462617, -0.0081746680662, -0.00346755678765, 0.006932860706, -0.00252157682553, -0.00238032871857, 0.000839090673253, -0.00172569521237], [0.000420128519181, -0.000791666272562, 0.00245776749216, 0.00176165672019, -0.00329294870608, -0.0081746680662, 0.0239897314459, -0.0136575819924, -0.000922212202568, 0.00490736356005, 0.000353273615474, -0.000857957173139, 0.000654999224935], [-0.000437916460214, 0.00111055816524, -0.00481381220743, 9.42148617469e-005, 0.00815357081592, -0.00346755678765, -0.0136575819924, 0.0337233319879, -0.0152108678594, -0.00202364847064, 0.00663563329726, -0.00211714953184, -0.000909573573153], [0.000858893501572, -0.0024010008201, 0.00284681585617, -0.00158408889547, 0.00090213434305, 0.006932860706, -0.000922212202568, -0.0152108678594, 0.0357960127294, -0.0139579726383, -0.00302173802629, 0.00465262774378, 0.000845388683956], [-0.000522110552993, 0.00142120081, -0.00176240410656, 0.00290321046486, -0.00519110402092, -0.00252157682553, 0.00490736356005, -0.00202364847064, -0.0139579726383, 0.0402760505676, -0.0193505231291, 6.4693755121e-005, 0.00390344462357], [0.00059425807558, -0.000135148438858, 0.00243537034839, -0.00175687787123, 0.00213078642264, -0.00238032871857, 0.000353273615474, 0.00663563329726, -0.00302173802629, -0.0193505231291, 0.0451825000346, -0.0191362015903, 0.00156355241779], [-0.000255723949522, -0.000547446019482, -0.00147268001456, 0.00180281256326, 0.0011165025644, 0.000839090673253, -0.000857957173139, -0.00211714953184, 0.00465262774378, 6.4693755121e-005, -0.0191362015903, 0.0442126989365, -0.0210290811956], [0.000313396827551, 0.000740664894693, 0.00160173606128, -0.00048895040527, -0.000505977717694, -0.00172569521237, 0.000654999224935, -0.000909573573153, 0.000845388683956, 0.00390344462357, 0.00156355241779, -0.0210290811956, 0.0384143814445]]
    sccoeffs:
        dmean: [0.0612631514668, 0.0470549240708, 0.0362629182637, 0.0258154273033, 0.01728692092, 0.0184621661901]
        dmean2: [0.104194328189, 0.0800155848265, 0.061396241188, 0.0435563027859, 0.0295468643308, 0.0300787668675]
        dvar: [0.00253681349568, 0.00133910018485, 0.000823037524242, 0.000402793113608, 0.000179685113835, 0.000244012189796]
        dvar2: [0.00723350746557, 0.00385217298754, 0.00237931520678, 0.00117105944082, 0.000524853647221, 0.000599639548454]
        max: [-0.383332669735, -0.57578599453, -0.617356717587, -0.653827011585, -0.700374186039, -0.570494949818]
        mean: [-0.687225818634, -0.78711527586, -0.805142760277, -0.814630925655, -0.813529908657, -0.728651225567]
        median: [-0.691619753838, -0.789384782314, -0.810563921928, -0.816459655762, -0.812502741814, -0.72529321909]
        min: [-0.983311057091, -0.974279761314, -0.974662899971, -0.970369935036, -0.965632081032, -0.964725196362]
        var: [0.00473662093282, 0.00276770140044, 0.00247658789158, 0.00122306938283, 0.000557027407922, 0.00149662932381]
    scvalleys:
        dmean: [0.373883366585, 0.35735180974, 0.286911576986, 0.23369127512, 0.214129298925, 0.32775592804]
        dmean2: [0.635151267052, 0.595638036728, 0.467131316662, 0.370821326971, 0.340234547853, 0.543132424355]
        dvar: [0.0981333702803, 0.101430721581, 0.0714557245374, 0.0556357651949, 0.0602297820151, 0.131615534425]
        dvar2: [0.250753551722, 0.234214365482, 0.146512433887, 0.102874659002, 0.107910573483, 0.293407946825]
        max: [-5.21995019913, -4.72516202927, -4.89416503906, -5.56433010101, -5.64095640182, -8.07783317566]
        mean: [-6.57460784912, -6.4881978035, -6.67079973221, -6.86222743988, -6.70254468918, -9.57357406616]
        median: [-6.33593940735, -6.24631357193, -6.44348859787, -6.56699037552, -6.38206005096, -9.25210285187]
        min: [-28.2572364807, -28.0356063843, -27.7185688019, -27.7508506775, -27.4932079315, -27.3691902161]
        var: [3.00827026367, 3.30402827263, 3.37903952599, 3.19127058983, 3.22309350967, 2.73458790779]

rhythm:
    beats_loudness:
        dmean: 0.00146160123404
        dmean2: 0.00246960693039
        dvar: 1.45886235714e-006
        dvar2: 4.11060136685e-006
        max: 0.0116513594985
        mean: 0.00621579913422
        median: 0.00626910338178
        min: 0
        var: 4.20324795414e-006
    bpm: 184.570373535
    bpm_confidence: 0
    first_peak_bpm: 185
    first_peak_spread: 0
    first_peak_weight: 0.593705296516
    onset_rate: 2.79466056824
    second_peak_bpm: 178
    second_peak_spread: 0
    second_peak_weight: 0.374821186066
    beats_loudness_band_ratio:
        dmean: [0.0933436900377, 0.0590314567089, 0.0669987425208, 0.0582276582718, 0.0609999783337, 0.0553317405283]
        dmean2: [0.163071021438, 0.102450475097, 0.112021915615, 0.0976228788495, 0.105476595461, 0.0930285081267]
        dvar: [0.00616399897262, 0.00249699898995, 0.00471848156303, 0.00335070537403, 0.00268270378001, 0.00167346152011]
        dvar2: [0.019153052941, 0.00740043958649, 0.0128852976486, 0.00884007569402, 0.00732466811314, 0.00508682709187]
        max: [0.874008476734, 0.389695823193, 0.540113806725, 0.476967126131, 0.622496247292, 0.428627431393]
        mean: [0.209584727883, 0.123476430774, 0.118112571537, 0.137375026941, 0.236813485622, 0.222772017121]
        median: [0.192738190293, 0.113588914275, 0.0908181071281, 0.114042669535, 0.231360316277, 0.219722568989]
        min: [0, 0, 0, 0, 0, 0]
        var: [0.0102294785902, 0.00328717101365, 0.00656281830743, 0.00637858873233, 0.00425809435546, 0.003458581632]
