
metadata:
    version:
        essentia: "2.1-beta2"
    audio_properties:
        analysis_sample_rate: 44100
        bitrate: 320
        channels: 2
        equal_loudness: 1
        length: 235.676727295
        replay_gain: -13.8452339172
        downmix: "mix"
    tags:
        album: "Sehnsucht [Limited Edition]"
        artist: "Rammstein"
        comment: ""
        date: "1998"
        genre: "Industrial"
        title: "Du hast"
        tracknumber: "5"

configuration:
    average_loudness:
        compute: 1
        frameSize: 88200
        hopSize: 44100
        silentFrames: "noise"
        windowType: "hann"
    general:
        analysisSampleRate: 44100
        endTime: 2000
        equalLoudness: 1
        nequalLoudness: 0
        shortSound: 0
        startTime: 0
    lowlevel:
        compute: 1
        frameSize: 2048
        hopSize: 1024
        zeroPadding: 0
        silentFrames: "noise"
        windowType: "blackmanharris62"
        mfccStats: ["mean", "cov", "icov"]
        stats: ["mean", "var", "median", "min", "max", "dmean", "dmean2", "dvar", "dvar2"]
    panning:
        compute: 0
        frameSize: 8192
        hopSize: 2048
        zeroPadding: 8192
        silentFrames: "noise"
        windowType: "hann"
        stats: ["copy"]
    rhythm:
        compute: 1
        maxTempo: 208
        minTempo: 40
        method: "degara"
        stats: ["mean", "var", "median", "min", "max", "dmean", "dmean2", "dvar", "dvar2"]
    segmentation:
        compute: 0
        cpw: 5
        inc1: 300
        inc2: 50
        minimumSegmentsLength: 10
        size1: 1000
        size2: 600
    sfx:
        compute: 1
        stats: ["mean", "var", "median", "min", "max", "dmean", "dmean2", "dvar", "dvar2"]
    svm:
        compute: 0
    tonal:
        compute: 1
        frameSize: 4096
        hopSize: 2048
        zeroPadding: 0
        silentFrames: "noise"
        windowType: "blackmanharris62"
        stats: ["mean", "var", "median", "min", "max", "dmean", "dmean2", "dvar", "dvar2"]

lowlevel:
    average_loudness: 0.690823018551
    barkbands_kurtosis:
        dmean: 1.41570043564
        dmean2: 2.26751065254
        dvar: 17.1256427765
        dvar2: 33.4325180054
        max: 195.297210693
        mean: 0.748893976212
        median: -0.726615190506
        min: -1.9391721487
        var: 70.8012313843
    barkbands_skewness:
        dmean: 0.583484351635
        dmean2: 0.865744650364
        dvar: 0.348978608847
        dvar2: 0.760164141655
        max: 13.3249292374
        mean: -0.126698046923
        median: -0.292280495167
        min: -5.29103565216
        var: 1.84631383419
    barkbands_spread:
        dmean: 7.48443031311
        dmean2: 11.9544200897
        dvar: 50.5541572571
        dvar2: 129.204452515
        max: 87.1035766602
        mean: 34.0903358459
        median: 33.8496360779
        min: 0.334712475538
        var: 191.450500488
    dissonance:
        dmean: 0.0139527646825
        dmean2: 0.0235289428383
        dvar: 0.00049457361456
        dvar2: 0.00132182054222
        max: 0.5
        mean: 0.475252747536
        median: 0.484163671732
        min: 0.0567131265998
        var: 0.00117573142052
    hfc:
        dmean: 3.32204508781
        dmean2: 5.06403589249
        dvar: 30.236995697
        dvar2: 77.4480209351
        max: 57.2882194519
        mean: 7.84884166718
        median: 5.16793966293
        min: 1.09471709391e-016
        var: 66.8764190674
    pitch:
        dmean: 781.33404541
        dmean2: 1475.31933594
        dvar: 1656757
        dvar2: 3759779.75
        max: 6122.85546875
        mean: 2318.12060547
        median: 3321.89428711
        min: 49.62134552
        var: 2900241.5
    pitch_instantaneous_confidence:
        dmean: 0.0884919539094
        dmean2: 0.145442277193
        dvar: 0.0054395487532
        dvar2: 0.0144866276532
        max: 0.996724426746
        mean: 0.433757454157
        median: 0.417927384377
        min: 0.0906232595444
        var: 0.0198343023658
    pitch_salience:
        dmean: 0.0644563511014
        dmean2: 0.106072291732
        dvar: 0.00382902822457
        dvar2: 0.00994458887726
        max: 0.984416127205
        mean: 0.645821750164
        median: 0.664665162563
        min: 0.0679731145501
        var: 0.012330384925
    silence_rate_20dB:
        dmean: 0
        dmean2: 0
        dvar: 0
        dvar2: 0
        max: 1
        mean: 1
        median: 1
        min: 1
        var: 0
    silence_rate_30dB:
        dmean: 0
        dmean2: 0
        dvar: 0
        dvar2: 0
        max: 1
        mean: 1
        median: 1
        min: 1
        var: 0
    silence_rate_60dB:
        dmean: 0.106206893921
        dmean2: 0.212434723973
        dvar: 0.0949343889952
        dvar2: 0.192145273089
        max: 1
        mean: 0.53758251667
        median: 1
        min: 0
        var: 0.248592332006
    spectral_centroid:
        dmean: 414.101318359
        dmean2: 622.524414063
        dvar: 177259.375
        dvar2: 392765.4375
        max: 11678.5898438
        mean: 2102.96826172
        median: 2085.13525391
        min: 134.574935913
        var: 1378879.25
    spectral_complexity:
        dmean: 4.29596042633
        dmean2: 6.3395409584
        dvar: 30.6114864349
        dvar2: 62.6135635376
        max: 56
        mean: 12.9855184555
        median: 10
        min: 0
        var: 130.278213501
    spectral_crest:
        dmean: 2.02904057503
        dmean2: 3.36878180504
        dvar: 3.92679619789
        dvar2: 9.97441387177
        max: 26.8122310638
        mean: 7.45443820953
        median: 6.58168840408
        min: 2.66712164879
        var: 11.3182897568
    spectral_decrease:
        dmean: 2.34318481285e-010
        dmean2: 3.48146927953e-010
        dvar: 1.38496129505e-019
        dvar2: 3.02738229726e-019
        max: 1.6018899442e-028
        mean: -7.27462867722e-010
        median: -5.98127047891e-010
        min: -3.9469516544e-009
        var: 4.08306379921e-019
    spectral_energy:
        dmean: 0.00115736783482
        dmean2: 0.00171485287137
        dvar: 3.44637351191e-006
        dvar2: 7.83582163422e-006
        max: 0.0196477975696
        mean: 0.00345752271824
        median: 0.00278271944262
        min: 1.01405509165e-020
        var: 9.63710044743e-006
    spectral_energyband_high:
        dmean: 0.000291258620564
        dmean2: 0.000444389152108
        dvar: 1.99124912115e-007
        dvar2: 4.9388700063e-007
        max: 0.00806080084294
        mean: 0.000578432169277
        median: 0.000303603243083
        min: 6.97384746113e-021
        var: 4.50061236279e-007
    spectral_energyband_low:
        dmean: 0.000264597591013
        dmean2: 0.000449772778666
        dvar: 3.27702053937e-007
        dvar2: 8.92877551451e-007
        max: 0.00496517214924
        mean: 0.000369726185454
        median: 0.000211461898289
        min: 1.00491744316e-023
        var: 3.11857263569e-007
    spectral_energyband_middle_high:
        dmean: 0.000744291523006
        dmean2: 0.00115667912178
        dvar: 1.53652558765e-006
        dvar2: 3.91332332583e-006
        max: 0.014903081581
        mean: 0.00179822242353
        median: 0.00120872072875
        min: 1.24116492014e-021
        var: 3.97470512326e-006
    spectral_energyband_middle_low:
        dmean: 0.000353561859811
        dmean2: 0.000551729928702
        dvar: 2.60780495864e-007
        dvar2: 6.46502769541e-007
        max: 0.00697490759194
        mean: 0.000838142063003
        median: 0.000609974493273
        min: 1.44103152688e-022
        var: 6.66117784931e-007
    spectral_flatness_db:
        dmean: 0.0168972183019
        dmean2: 0.0261979643255
        dvar: 0.000412582332501
        dvar2: 0.000844446243718
        max: 0.747680068016
        mean: 0.146470621228
        median: 0.13228276372
        min: 0.0490384250879
        var: 0.00312722590752
    spectral_flux:
        dmean: 0.00777637446299
        dmean2: 0.0113675557077
        dvar: 0.000108212065243
        dvar2: 0.000203910778509
        max: 0.11581967026
        mean: 0.0343088172376
        median: 0.033828549087
        min: 6.31655908134e-011
        var: 0.000423479359597
    spectral_kurtosis:
        dmean: 1.1487339735
        dmean2: 1.85334014893
        dvar: 6.37192678452
        dvar2: 15.777422905
        max: 87.4407272339
        mean: 4.1020617485
        median: 3.41474509239
        min: -1.27764093876
        var: 26.4452610016
    spectral_rms:
        dmean: 0.000277979008388
        dmean2: 0.000400293734856
        dvar: 1.30488672312e-007
        dvar2: 2.76315347492e-007
        max: 0.0043781939894
        mean: 0.00163169461302
        median: 0.00164767971728
        min: 3.14534899862e-012
        var: 7.10776419055e-007
    spectral_rolloff:
        dmean: 491.005767822
        dmean2: 781.883239746
        dvar: 457815.3125
        dvar2: 971288.75
        max: 19573.6816406
        mean: 3687.06835938
        median: 3919.04296875
        min: 150.732421875
        var: 3356209
    spectral_skewness:
        dmean: 0.193748325109
        dmean2: 0.302880823612
        dvar: 0.0694079175591
        dvar2: 0.175385504961
        max: 7.59924650192
        mean: 1.33106541634
        median: 1.27599263191
        min: -0.295846819878
        var: 0.353152632713
    spectral_spread:
        dmean: 583747.3125
        dmean2: 846463.6875
        dvar: 618310664192
        dvar2: 1.19851450368e+012
        max: 43686772
        mean: 5648268
        median: 5242623
        min: 923461.25
        var: 1.33626991739e+013
    spectral_strongpeak:
        dmean: 0.446824491024
        dmean2: 0.786412000656
        dvar: 0.487659603357
        dvar2: 1.29609036446
        max: 10.2886676788
        mean: 0.587848126888
        median: 0.201562985778
        min: 0
        var: 0.705095469952
    zerocrossingrate:
        dmean: 0.0119990669191
        dmean2: 0.0133324023336
        dvar: 0.000131639972096
        dvar2: 0.000145748927025
        max: 0.52880859375
        mean: 0.114835515618
        median: 0.115234375
        min: 0.0068359375
        var: 0.00249675312079
    barkbands:
        dmean: [1.5041257484e-007, 4.38071983808e-005, 0.000200705500902, 0.000121057986689, 0.00014438002836, 0.000105171617179, 7.16312424629e-005, 3.0940722354e-005, 5.82040775043e-005, 5.10805039085e-005, 5.89110823057e-005, 3.49659276253e-005, 3.86162391806e-005, 3.88693915738e-005, 3.3832166082e-005, 8.11148638604e-005, 0.000128184328787, 0.000201910166652, 0.000252658879617, 0.000263599620666, 0.000157257658429, 3.59061887139e-005, 6.98159101375e-006, 3.18413231071e-006, 1.84847601759e-006, 1.00939381298e-007, 5.22856069551e-009]
        dmean2: [2.58667483877e-007, 7.31453837943e-005, 0.000346663058735, 0.000195503671421, 0.000226843010751, 0.000167755410075, 0.000119160169561, 5.08196098963e-005, 9.52473637881e-005, 8.11488716863e-005, 9.30636160774e-005, 5.5345481087e-005, 6.3306215452e-005, 6.35774631519e-005, 5.54754151381e-005, 0.000130417029141, 0.00020512851188, 0.000331991788698, 0.00040951606934, 0.00042036519153, 0.000248673808528, 5.65284353797e-005, 1.07586038212e-005, 4.82314590045e-006, 2.83955728264e-006, 1.52625034389e-007, 8.1202458091e-009]
        dvar: [6.24460877972e-014, 8.07276201442e-009, 2.35013786209e-007, 3.81854121656e-008, 5.41417222166e-008, 6.87118983933e-008, 2.68763002964e-008, 6.463124258e-009, 1.61715973945e-008, 1.69649894133e-008, 2.42892479463e-008, 1.00686934346e-008, 1.05211102053e-008, 5.59385027188e-009, 4.13210266004e-009, 2.50634482057e-008, 5.8858461216e-008, 1.51237358637e-007, 1.65012394859e-007, 1.78605191081e-007, 5.44918954404e-008, 3.99103683435e-009, 1.49116760606e-010, 3.43452766227e-011, 1.24921826355e-011, 3.60766409422e-014, 1.18391528808e-016]
        dvar2: [1.90845034003e-013, 1.96318712398e-008, 6.42249858629e-007, 9.7405603583e-008, 1.30388443154e-007, 1.70741643046e-007, 7.04263953821e-008, 1.63562017264e-008, 3.95276771314e-008, 3.73640780538e-008, 5.3093366148e-008, 2.10992272542e-008, 2.46979059426e-008, 1.37658320298e-008, 1.01889714443e-008, 6.31395664641e-008, 1.42028952155e-007, 3.95830113575e-007, 4.24123641096e-007, 4.59665272956e-007, 1.38936826488e-007, 9.81574110881e-009, 3.39989369991e-010, 7.96172988649e-011, 2.75451501885e-011, 7.49242519155e-014, 2.74764464958e-016]
        max: [1.96259270524e-006, 0.000874686928, 0.00401188852265, 0.00232405727729, 0.00420080684125, 0.00614522444084, 0.00373347476125, 0.00278009171598, 0.00281020556577, 0.00321111176163, 0.00343197304755, 0.00345762539655, 0.00280553638004, 0.0029202804435, 0.00159097916912, 0.00350468582474, 0.00530687021092, 0.00746968202293, 0.00875030085444, 0.00653840741143, 0.00315977539867, 0.00100636587013, 0.000204706258955, 0.000127228951897, 9.64974897215e-005, 5.14253133588e-006, 1.6339930653e-007]
        mean: [1.95216003362e-007, 5.57947569177e-005, 0.000219896857743, 0.000181269831955, 0.00024334032787, 0.000154294335516, 9.36607902986e-005, 4.10165594076e-005, 8.60006766743e-005, 8.33549056551e-005, 9.76734227152e-005, 6.11647192272e-005, 5.55388760404e-005, 6.10435381532e-005, 4.96384855069e-005, 0.000144720150274, 0.000213189021451, 0.000335288466886, 0.000466282246634, 0.000452157692052, 0.000286913156742, 5.65266018384e-005, 1.08740086944e-005, 4.59760440208e-006, 2.90745492748e-006, 1.76601901103e-007, 7.98639288035e-009]
        median: [9.50255696353e-008, 2.75315705949e-005, 9.73252899712e-005, 9.65678191278e-005, 0.000144046382047, 5.84760018683e-005, 2.90818425128e-005, 1.57442409545e-005, 3.10901959892e-005, 2.69693136943e-005, 1.46704369399e-005, 1.20143895401e-005, 1.3634624338e-005, 2.92318345601e-005, 2.23607894441e-005, 5.57706334803e-005, 9.07388457563e-005, 0.000156307767611, 0.000258490646956, 0.000222962349653, 0.000123078731121, 3.13854616252e-005, 4.95060112371e-006, 1.8339867438e-006, 1.24834161852e-006, 8.33963724745e-008, 3.17951687201e-009]
        min: [5.31389475443e-025, 2.98262549579e-024, 1.15222384602e-024, 5.6982011634e-025, 4.20305563618e-024, 1.16798832402e-023, 5.2885377081e-024, 8.18626835986e-024, 1.53580063753e-023, 1.19804258344e-023, 1.95761292548e-023, 1.50346601789e-023, 2.90857780475e-023, 2.73902982366e-023, 3.86314367628e-023, 5.63608237058e-023, 4.73461882866e-023, 8.4323639322e-023, 1.17792950181e-022, 1.61823947358e-022, 2.65878386315e-022, 3.20542584784e-022, 4.07059572967e-022, 5.56681243138e-022, 6.85666640195e-022, 1.36175416135e-021, 2.04439606902e-021]
        var: [7.10224590185e-014, 9.36642141625e-009, 1.83372506513e-007, 6.470063596e-008, 1.03151485575e-007, 1.31845268925e-007, 4.47751524746e-008, 8.22423551483e-009, 3.16370929454e-008, 4.14469063514e-008, 5.85283110865e-008, 2.88233721335e-008, 2.15639204271e-008, 1.29508537228e-008, 7.56303553118e-009, 6.8274452758e-008, 1.23265635921e-007, 2.86910875502e-007, 3.62368723472e-007, 3.06560849594e-007, 1.20503941048e-007, 6.43078301721e-009, 2.81651757472e-010, 5.81714815207e-011, 2.76200017718e-011, 9.03891897311e-014, 1.63783309768e-016]
    frequency_bands:
        dmean: [1.5041257484e-007, 4.38071983808e-005, 0.000200705500902, 0.000121057986689, 0.00014438002836, 0.000105171617179, 7.16312424629e-005, 3.0940722354e-005, 5.82040775043e-005, 5.10805039085e-005, 5.89110823057e-005, 3.49659276253e-005, 3.86162391806e-005, 3.88693915738e-005, 3.3832166082e-005, 8.11148638604e-005, 0.000128184328787, 0.000201910166652, 0.000252658879617, 0.000263599620666, 0.000157257658429, 3.59061887139e-005, 6.98159101375e-006, 3.18413231071e-006, 1.84847601759e-006, 1.00939381298e-007, 5.22856069551e-009, 3.85325035768e-011]
        dmean2: [2.58667483877e-007, 7.31453837943e-005, 0.000346663058735, 0.000195503671421, 0.000226843010751, 0.000167755410075, 0.000119160169561, 5.08196098963e-005, 9.52473637881e-005, 8.11488716863e-005, 9.30636160774e-005, 5.5345481087e-005, 6.3306215452e-005, 6.35774631519e-005, 5.54754151381e-005, 0.000130417029141, 0.00020512851188, 0.000331991788698, 0.00040951606934, 0.00042036519153, 0.000248673808528, 5.65284353797e-005, 1.07586038212e-005, 4.82314590045e-006, 2.83955728264e-006, 1.52625034389e-007, 8.1202458091e-009, 7.14348025177e-011]
        dvar: [6.24460877972e-014, 8.07276201442e-009, 2.35013786209e-007, 3.81854121656e-008, 5.41417222166e-008, 6.87118983933e-008, 2.68763002964e-008, 6.463124258e-009, 1.61715973945e-008, 1.69649894133e-008, 2.42892479463e-008, 1.00686934346e-008, 1.05211102053e-008, 5.59385027188e-009, 4.13210266004e-009, 2.50634482057e-008, 5.8858461216e-008, 1.51237358637e-007, 1.65012394859e-007, 1.78605191081e-007, 5.44918954404e-008, 3.99103683435e-009, 1.49116760606e-010, 3.43452766227e-011, 1.24921826355e-011, 3.60766409422e-014, 1.18391528808e-016, 4.15190666502e-021]
        dvar2: [1.90845034003e-013, 1.96318712398e-008, 6.42249858629e-007, 9.7405603583e-008, 1.30388443154e-007, 1.70741643046e-007, 7.04263953821e-008, 1.63562017264e-008, 3.95276771314e-008, 3.73640780538e-008, 5.3093366148e-008, 2.10992272542e-008, 2.46979059426e-008, 1.37658320298e-008, 1.01889714443e-008, 6.31395664641e-008, 1.42028952155e-007, 3.95830113575e-007, 4.24123641096e-007, 4.59665272956e-007, 1.38936826488e-007, 9.81574110881e-009, 3.39989369991e-010, 7.96172988649e-011, 2.75451501885e-011, 7.49242519155e-014, 2.74764464958e-016, 1.31814065966e-020]
        max: [1.96259270524e-006, 0.000874686928, 0.00401188852265, 0.00232405727729, 0.00420080684125, 0.00614522444084, 0.00373347476125, 0.00278009171598, 0.00281020556577, 0.00321111176163, 0.00343197304755, 0.00345762539655, 0.00280553638004, 0.0029202804435, 0.00159097916912, 0.00350468582474, 0.00530687021092, 0.00746968202293, 0.00875030085444, 0.00653840741143, 0.00315977539867, 0.00100636587013, 0.000204706258955, 0.000127228951897, 9.64974897215e-005, 5.14253133588e-006, 1.6339930653e-007, 7.20448534164e-010]
        mean: [1.95216003362e-007, 5.57947569177e-005, 0.000219896857743, 0.000181269831955, 0.00024334032787, 0.000154294335516, 9.36607902986e-005, 4.10165594076e-005, 8.60006766743e-005, 8.33549056551e-005, 9.76734227152e-005, 6.11647192272e-005, 5.55388760404e-005, 6.10435381532e-005, 4.96384855069e-005, 0.000144720150274, 0.000213189021451, 0.000335288466886, 0.000466282246634, 0.000452157692052, 0.000286913156742, 5.65266018384e-005, 1.08740086944e-005, 4.59760440208e-006, 2.90745492748e-006, 1.76601901103e-007, 7.98639288035e-009, 3.0573918397e-011]
        median: [9.50255696353e-008, 2.75315705949e-005, 9.73252899712e-005, 9.65678191278e-005, 0.000144046382047, 5.84760018683e-005, 2.90818425128e-005, 1.57442409545e-005, 3.10901959892e-005, 2.69693136943e-005, 1.46704369399e-005, 1.20143895401e-005, 1.3634624338e-005, 2.92318345601e-005, 2.23607894441e-005, 5.57706334803e-005, 9.07388457563e-005, 0.000156307767611, 0.000258490646956, 0.000222962349653, 0.000123078731121, 3.13854616252e-005, 4.95060112371e-006, 1.8339867438e-006, 1.24834161852e-006, 8.33963724745e-008, 3.17951687201e-009, 8.22747599216e-012]
        min: [5.31389475443e-025, 2.98262549579e-024, 1.15222384602e-024, 5.6982011634e-025, 4.20305563618e-024, 1.16798832402e-023, 5.2885377081e-024, 8.18626835986e-024, 1.53580063753e-023, 1.19804258344e-023, 1.95761292548e-023, 1.50346601789e-023, 2.90857780475e-023, 2.73902982366e-023, 3.86314367628e-023, 5.63608237058e-023, 4.73461882866e-023, 8.4323639322e-023, 1.17792950181e-022, 1.61823947358e-022, 2.65878386315e-022, 3.20542584784e-022, 4.07059572967e-022, 5.56681243138e-022, 6.85666640195e-022, 1.36175416135e-021, 2.04439606902e-021, 5.02916118909e-022]
        var: [7.10224590185e-014, 9.36642141625e-009, 1.83372506513e-007, 6.470063596e-008, 1.03151485575e-007, 1.31845268925e-007, 4.47751524746e-008, 8.22423551483e-009, 3.16370929454e-008, 4.14469063514e-008, 5.85283110865e-008, 2.88233721335e-008, 2.15639204271e-008, 1.29508537228e-008, 7.56303553118e-009, 6.8274452758e-008, 1.23265635921e-007, 2.86910875502e-007, 3.62368723472e-007, 3.06560849594e-007, 1.20503941048e-007, 6.43078301721e-009, 2.81651757472e-010, 5.81714815207e-011, 2.76200017718e-011, 9.03891897311e-014, 1.63783309768e-016, 3.32508875178e-021]
    mfcc:
        mean: [-746.659484863, 81.6421356201, -36.4792900085, 58.9263191223, -15.7371368408, -5.42610263824, 3.65375256538, -6.47281455994, -1.26082456112, -6.41240215302, -5.26086997986, -6.27552843094, -8.20647335052]
        cov: [[9019.22949219, -52.7122001648, -467.901672363, 1275.49609375, 176.172592163, 215.850967407, 67.0882568359, 230.815338135, 158.530044556, -104.920272827, -179.515274048, 47.011390686, 312.832550049], [-52.7122001648, 910.053771973, 32.3161087036, 0.268346250057, 67.1172943115, -42.5411071777, 77.7237243652, 32.125453949, -12.9036026001, -60.8542556763, -15.5640859604, 1.82845711708, -5.65527248383], [-467.901672363, 32.3161087036, 729.352844238, 66.6697998047, 121.714424133, 121.261024475, 34.3110389709, 80.0616836548, -14.044667244, 32.1416397095, 0.329183638096, -49.702495575, 15.1023492813], [1275.49609375, 0.268346250057, 66.6697998047, 568.418823242, 151.317443848, 95.5579147339, 1.23544585705, 17.2953357697, 70.0246429443, 27.1861820221, -24.6492652893, -7.64919042587, 15.8849372864], [176.172592163, 67.1172943115, 121.714424133, 151.317443848, 237.937759399, 79.8996582031, -17.1830978394, 24.7546195984, 15.9019994736, 32.8658790588, 20.1450748444, 2.12480688095, 2.62704968452], [215.850967407, -42.5411071777, 121.261024475, 95.5579147339, 79.8996582031, 186.533035278, 71.0989608765, 32.4638824463, 17.2972145081, 28.3739070892, 17.2111434937, -4.25430202484, 6.02532482147], [67.0882568359, 77.7237243652, 34.3110389709, 1.23544585705, -17.1830978394, 71.0989608765, 178.097610474, 82.2299194336, 13.2679204941, -6.59282541275, -11.2956123352, 9.01853656769, 14.0722646713], [230.815338135, 32.125453949, 80.0616836548, 17.2953357697, 24.7546195984, 32.4638824463, 82.2299194336, 178.453872681, 52.7305984497, -12.8398485184, -19.1639862061, -6.01458024979, 35.5741271973], [158.530044556, -12.9036026001, -14.044667244, 70.0246429443, 15.9019994736, 17.2972145081, 13.2679204941, 52.7305984497, 113.417449951, 36.0012893677, -16.7672195435, -3.27818346024, -6.3121175766], [-104.920272827, -60.8542556763, 32.1416397095, 27.1861820221, 32.8658790588, 28.3739070892, -6.59282541275, -12.8398485184, 36.0012893677, 102.586883545, 43.3937988281, 3.61884856224, -22.4414405823], [-179.515274048, -15.5640859604, 0.329183638096, -24.6492652893, 20.1450748444, 17.2111434937, -11.2956123352, -19.1639862061, -16.7672195435, 43.3937988281, 103.073478699, 30.8342342377, -28.9944610596], [47.011390686, 1.82845711708, -49.702495575, -7.64919042587, 2.12480688095, -4.25430202484, 9.01853656769, -6.01458024979, -3.27818346024, 3.61884856224, 30.8342342377, 71.1863021851, 30.8158340454], [312.832550049, -5.65527248383, 15.1023492813, 15.8849372864, 2.62704968452, 6.02532482147, 14.0722646713, 35.5741271973, -6.3121175766, -22.4414405823, -28.9944610596, 30.8158340454, 120.626319885]]
        icov: [[0.000222754169954, -1.59411010827e-005, 0.000249348027864, -0.000527005933691, 0.000156961803441, -0.000251000950811, 0.000186939301784, -0.000361056416295, 0.000173817577888, 7.41745316191e-005, 9.31343020056e-005, 3.87410182157e-005, -0.000411081826314], [-1.59411010827e-005, 0.0013899479527, -0.000140913631185, 9.33551418711e-005, -0.000998415751383, 0.00113548687659, -0.00134498940315, 0.000536184874363, -0.000449983839644, 0.00117859209422, -0.000467376958113, 0.000284222420305, 8.64290996105e-005], [0.000249348027864, -0.000140913631185, 0.00214851298369, -0.000564517686144, -0.000271818542387, -0.00124598154798, 0.000579708837904, -0.00146473117638, 0.00142992020119, -0.000924871885218, 0.000336421944667, 0.00131424772553, -0.000767543970142], [-0.000527005933691, 9.33551418711e-005, -0.000564517686144, 0.00368800177239, -0.0017831788864, -9.96002272586e-005, -0.000494519015774, 0.00157328369096, -0.00197453191504, 0.00015606834495, 0.000326576846419, 0.000102877165773, 0.000571578741074], [0.000156961803441, -0.000998415751383, -0.000271818542387, -0.0017831788864, 0.0074262926355, -0.00335744768381, 0.00354508613236, -0.00250813481398, 0.0016559822252, -0.00205211900175, 0.000510480254889, -0.00176781183109, 0.000426253915066], [-0.000251000950811, 0.00113548687659, -0.00124598154798, -9.96002272586e-005, -0.00335744768381, 0.0105105927214, -0.00595343345776, 0.00255861552432, -0.00191460642964, 0.000660698395222, -0.00327654648572, 0.00272860424593, -0.00110053713433], [0.000186939301784, -0.00134498940315, 0.000579708837904, -0.000494519015774, 0.00354508613236, -0.00595343345776, 0.0115823112428, -0.00617480324581, 0.0031497743912, -0.00229538208805, 0.00373879191466, -0.00436187395826, 0.00188544846606], [-0.000361056416295, 0.000536184874363, -0.00146473117638, 0.00157328369096, -0.00250813481398, 0.00255861552432, -0.00617480324581, 0.0122589813545, -0.00776163488626, 0.00470294291154, -0.00396364601329, 0.00407646456733, -0.00355577236041], [0.000173817577888, -0.000449983839644, 0.00142992020119, -0.00197453191504, 0.0016559822252, -0.00191460642964, 0.0031497743912, -0.00776163488626, 0.017323050648, -0.00912319216877, 0.00759773980826, -0.00416202004999, 0.0036889158655], [7.41745316191e-005, 0.00117859209422, -0.000924871885218, 0.00015606834495, -0.00205211900175, 0.000660698395222, -0.00229538208805, 0.00470294291154, -0.00912319216877, 0.0184422824532, -0.00934805348516, 0.00333222234622, -0.00129394966643], [9.31343020056e-005, -0.000467376958113, 0.000336421944667, 0.000326576846419, 0.000510480254889, -0.00327654648572, 0.00373879191466, -0.00396364601329, 0.00759773980826, -0.00934805348516, 0.0208662543446, -0.0121821993962, 0.00732285156846], [3.87410182157e-005, 0.000284222420305, 0.00131424772553, 0.000102877165773, -0.00176781183109, 0.00272860424593, -0.00436187395826, 0.00407646456733, -0.00416202004999, 0.00333222234622, -0.0121821993962, 0.0253231674433, -0.0100516080856], [-0.000411081826314, 8.64290996105e-005, -0.000767543970142, 0.000571578741074, 0.000426253915066, -0.00110053713433, 0.00188544846606, -0.00355577236041, 0.0036889158655, -0.00129394966643, 0.00732285156846, -0.0100516080856, 0.0145357223228]]
    sccoeffs:
        dmean: [0.0517810732126, 0.0459167361259, 0.0407502874732, 0.033073656261, 0.0235906783491, 0.0217968150973]
        dmean2: [0.0860670506954, 0.0754237025976, 0.0666433796287, 0.0539395809174, 0.0387429706752, 0.0348163545132]
        dvar: [0.00203303340822, 0.00142829003744, 0.00125066970941, 0.000760370283388, 0.000419345829869, 0.000413110770751]
        dvar2: [0.00544220861048, 0.00371697428636, 0.00311478669755, 0.00191789085511, 0.00107617257163, 0.00104337942321]
        max: [-0.326518505812, -0.429279655218, -0.297995626926, -0.405941545963, -0.596340417862, -0.484316408634]
        mean: [-0.670399606228, -0.772793829441, -0.772162377834, -0.784856796265, -0.793228507042, -0.746412158012]
        median: [-0.677257120609, -0.779524207115, -0.782754302025, -0.79362142086, -0.799308240414, -0.748491287231]
        min: [-0.983441710472, -0.996488034725, -0.976696610451, -0.971386313438, -0.966782212257, -0.964632749557]
        var: [0.00635210424662, 0.00466828839853, 0.00539908697829, 0.00313370348886, 0.00187369994819, 0.0031066625379]
    scvalleys:
        dmean: [0.378020137548, 0.400785684586, 0.389586061239, 0.371937960386, 0.334124863148, 0.333269864321]
        dmean2: [0.623999595642, 0.646336019039, 0.615066468716, 0.550209879875, 0.458295315504, 0.444844961166]
        dvar: [0.117790140212, 0.16994895041, 0.190500214696, 0.177156835794, 0.153921887279, 0.175391882658]
        dvar2: [0.290550470352, 0.377081543207, 0.423541367054, 0.362338840961, 0.286398082972, 0.337610930204]
        max: [-5.39439439774, -5.0738530159, -5.23372793198, -5.71706771851, -5.30859136581, -7.58680582047]
        mean: [-7.50644397736, -7.32253742218, -7.81834936142, -8.05471324921, -7.44838190079, -9.97140407562]
        median: [-6.84705972672, -6.99023389816, -7.44910240173, -7.54715633392, -6.90611457825, -9.4676322937]
        min: [-28.1457176208, -27.9884624481, -27.8759269714, -27.7983207703, -27.4891777039, -27.3680381775]
        var: [5.29531669617, 4.33672332764, 4.34010028839, 4.5610165596, 5.06775140762, 4.70720291138]

rhythm:
    beats_loudness:
        dmean: 0.00176088779699
        dmean2: 0.00308781932108
        dvar: 4.06777053286e-006
        dvar2: 1.05926683318e-005
        max: 0.0185231324285
        mean: 0.00598662067205
        median: 0.00701601989567
        min: 0
        var: 1.21283583212e-005
    bpm: 124.98966217
    bpm_confidence: 0
    first_peak_bpm: 126
    first_peak_spread: 0.39110070467
    first_peak_weight: 0.536082446575
    onset_rate: 4.10307836533
    second_peak_bpm: 120
    second_peak_spread: 0.482758611441
    second_peak_weight: 0.0309278350323
    beats_loudness_band_ratio:
        dmean: [0.107130117714, 0.0640744939446, 0.0600670427084, 0.0717953145504, 0.0835643410683, 0.0979158207774]
        dmean2: [0.187650710344, 0.109294481575, 0.106502905488, 0.12945382297, 0.146056875587, 0.168844848871]
        dvar: [0.0124035393819, 0.00787695776671, 0.0130763687193, 0.0160015150905, 0.00888621527702, 0.0122311748564]
        dvar2: [0.0342418178916, 0.0225231219083, 0.0371005907655, 0.0480351671576, 0.0235003791749, 0.0320910587907]
        max: [0.877140641212, 0.812384009361, 0.993537008762, 0.980127751827, 0.724800944328, 0.811592936516]
        mean: [0.273175269365, 0.103741407394, 0.0886478871107, 0.0926525518298, 0.177408486605, 0.283404618502]
        median: [0.29346549511, 0.0816396847367, 0.0471219681203, 0.044074896723, 0.15029796958, 0.274474233389]
        min: [0, 0, 0, 0, 0, 0]
        var: [0.0340670458972, 0.00909015163779, 0.0138720571995, 0.015928901732, 0.0132773444057, 0.0183909833431]
    beats_position: [0.568888902664, 1.06811785698, 1.55573689938, 2.04335594177, 2.53097510338, 3.01859402657, 3.51782298088, 4.02866220474, 4.53950119019, 5.0387301445, 5.52634906769, 6.01396799088, 6.48997735977, 6.96598625183, 7.45360517502, 7.94122457504, 8.44045352936, 8.95129203796, 9.46213150024, 9.94974994659, 10.4373693466, 10.9133787155, 11.4009971619, 11.8770065308, 12.2485256195, 12.6200447083, 13.0031747818, 13.3863039017, 13.7694330215, 14.1409521103, 14.512471199, 15.0000905991, 15.4877090454, 15.9753284454, 16.4397277832, 16.9157371521, 17.391746521, 17.8793640137, 18.3553733826, 18.8313827515, 19.3190021515, 19.7950115204, 20.2710208893, 20.758638382, 21.2346477509, 21.7106571198, 22.1982765198, 22.6742858887, 23.1502952576, 23.6379127502, 24.1139221191, 24.589931488, 25.0775508881, 25.553560257, 26.0295696259, 26.5055770874, 26.9815864563, 27.4692058563, 27.9568252563, 28.4328346252, 28.9088420868, 29.4080715179, 29.9189109802, 30.4413604736, 30.9521980286, 31.4630374908, 31.9738769531, 32.4847145081, 32.9723358154, 33.4599533081, 33.9475746155, 34.4235839844, 34.8995895386, 35.3872108459, 35.8748283386, 36.3508377075, 36.8268470764, 37.3028564453, 37.7788658142, 38.2664833069, 38.7424926758, 39.2185020447, 39.7061233521, 40.1821289063, 40.6581382751, 41.1457595825, 41.6217689514, 42.0977783203, 42.5737876892, 43.0614051819, 43.5490226746, 44.0366439819, 44.5474815369, 45.0583229065, 45.5807685852, 46.1032180786, 46.625667572, 47.1132888794, 47.6009063721, 48.0885238647, 48.5645332336, 49.0405426025, 49.5281639099, 50.0041732788, 50.480178833, 50.9678001404, 51.4438095093, 51.9198188782, 52.3958282471, 52.871837616, 53.3594551086, 53.8354644775, 54.3114738464, 54.7990913391, 55.275100708, 55.7511100769, 56.2387275696, 56.7147369385, 57.1907463074, 57.6783676147, 58.1543769836, 58.6303825378, 59.1180038452, 59.5940132141, 60.070022583, 60.5576400757, 61.0336494446, 61.5096588135, 61.9972763062, 62.4848976135, 62.9609069824, 63.4369163513, 63.924533844, 64.4005432129, 64.8765487671, 65.3641738892, 65.8401794434, 66.316192627, 66.8038101196, 67.2798156738, 67.7558288574, 68.2318344116, 68.7078475952, 69.1954650879, 69.6830825806, 70.1590881348, 70.6351013184, 71.1111068726, 71.5871200562, 72.0747375488, 72.5623550415, 73.0267562866, 73.5143737793, 73.9903869629, 74.4663925171, 74.9540100098, 75.4300231934, 75.9060287476, 76.3820419312, 76.8580474854, 77.345664978, 77.8216781616, 78.2976837158, 78.7853012085, 79.2613143921, 79.7373199463, 80.2249450684, 80.7009506226, 81.1769561768, 81.6645812988, 82.140586853, 82.6166000366, 83.1042175293, 83.5802230835, 84.0562362671, 84.5322418213, 85.0082550049, 85.4958724976, 85.9718780518, 86.4478912354, 86.935508728, 87.4115142822, 87.8875274658, 88.3751449585, 88.8511581421, 89.3271636963, 89.814781189, 90.2907943726, 90.7667999268, 91.2544174194, 91.7420425415, 92.2180480957, 92.6940536499, 93.181678772, 93.6576843262, 94.1336975098, 94.6213150024, 95.0973205566, 95.5733337402, 96.0493392944, 96.525352478, 97.0129699707, 97.4889755249, 97.9649887085, 98.4526062012, 98.9286117554, 99.404624939, 99.8922424316, 100.368255615, 100.844261169, 101.331878662, 101.807891846, 102.2838974, 102.771514893, 103.247528076, 103.72353363, 104.211151123, 104.687164307, 105.163169861, 105.639183044, 106.115188599, 106.602806091, 107.090431213, 107.566436768, 108.042449951, 108.530067444, 109.006072998, 109.482086182, 109.969703674, 110.445709229, 110.921722412, 111.409339905, 111.885353088, 112.361358643, 112.837364197, 113.31337738, 113.800994873, 114.277008057, 114.753013611, 115.240631104, 115.716644287, 116.192649841, 116.680267334, 117.156280518, 117.632286072, 118.119903564, 118.595916748, 119.071922302, 119.547935486, 120.02394104, 120.511566162, 120.987571716, 121.463577271, 121.951202393, 122.427207947, 122.90322113, 123.390838623, 123.866844177, 124.342857361, 124.830474854, 125.306480408, 125.782493591, 126.270111084, 126.757728577, 127.23374176, 127.709747314, 128.185760498, 128.661773682, 129.149383545, 129.625396729, 130.101409912, 130.589019775, 131.065032959, 131.541046143, 132.028656006, 132.504669189, 132.980682373, 133.468292236, 133.94430542, 134.420318604, 134.896316528, 135.372329712, 135.859954834, 136.335968018, 136.811965942, 137.299591064, 137.775604248, 138.251602173, 138.739227295, 139.226852417, 139.71446228, 140.202087402, 140.701309204, 141.24697876, 141.792648315, 142.338317871, 142.883987427, 143.452880859, 144.010162354, 144.590652466, 145.171157837, 145.763259888, 146.355377197, 146.947479248, 147.527984619, 148.108474731, 148.607711792, 149.095321655, 149.594558716, 150.105392456, 150.604629517, 151.103851318, 151.603088379, 152.090698242, 152.578323364, 153.077545166, 153.576782227, 154.076004028, 154.56362915, 155.051239014, 155.538864136, 156.026489258, 156.502487183, 156.978500366, 157.45451355, 157.942123413, 158.418136597, 158.89414978, 159.381759644, 159.869384766, 160.345397949, 160.821395874, 161.297409058, 161.773422241, 162.249435425, 162.737045288, 163.213058472, 163.700683594, 164.188293457, 164.664306641, 165.140319824, 165.616317749, 166.092330933, 166.568344116, 167.0443573, 167.531967163, 168.019592285, 168.49559021, 168.971603394, 169.447616577, 169.923629761, 170.399627686, 170.875640869, 171.351654053, 171.839263916, 172.3152771, 172.802902222, 173.267303467, 173.75491333, 174.242538452, 174.730148315, 175.206161499, 175.682174683, 176.169799805, 176.645797729, 177.121810913, 177.609436035, 178.08543396, 178.561447144, 179.025848389, 179.513473511, 179.989471436, 180.465484619, 180.953109741, 181.440719604, 181.916732788, 182.392745972, 182.880355835, 183.356369019, 183.832382202, 184.308380127, 184.784393311, 185.248794556, 185.736419678, 186.224029541, 186.700042725, 187.176055908, 187.663665771, 188.139678955, 188.615692139, 189.103302002, 189.579315186, 190.055328369, 190.531341553, 191.007339478, 191.4949646, 191.982574463, 192.458587646, 192.93460083, 193.410614014, 193.886611938, 194.374237061, 194.850250244, 195.326248169, 195.813873291, 196.289886475, 196.765899658, 197.253509521, 197.729522705, 198.205535889, 198.693145752, 199.169158936, 199.645172119, 200.121170044, 200.597183228, 201.08480835, 201.560806274, 202.036819458, 202.52444458, 203.000442505, 203.476455688, 203.964080811, 204.440093994, 204.916091919, 205.403717041, 205.879730225, 206.355728149, 206.843353271, 207.330978394, 207.79536438, 208.271377563, 208.747390747, 209.23500061, 209.722625732, 210.198638916, 210.6746521, 211.162261963, 211.638275146, 212.11428833, 212.601898193, 213.077911377, 213.553924561, 214.029922485, 214.505935669, 214.993560791, 215.481170654, 215.957183838, 216.433197021, 216.920806885, 217.38520813, 217.872833252, 218.348846436, 218.82484436, 219.312469482, 219.788482666, 220.264480591, 220.740493774, 221.216506958, 221.704116821, 222.191741943, 222.667755127, 223.143753052, 223.631378174, 224.107391357, 224.583404541, 225.059402466, 225.535415649, 226.023040771, 226.510650635, 226.986663818, 227.462677002, 227.938674927, 228.41468811, 228.902313232, 229.389923096, 229.854324341, 230.341949463, 230.829559326, 231.352020264, 231.874465942, 232.373687744, 232.884536743, 233.430206299, 233.941040039, 234.463485718, 234.997543335]
