
metadata:
    version:
        essentia: "2.1-beta2"
    audio_properties:
        analysis_sample_rate: 44100
        bitrate: 320
        channels: 2
        equal_loudness: 1
        length: 286.902862549
        replay_gain: -14.8051052094
        downmix: "mix"
    tags:
        album: "Sehnsucht [Limited Edition]"
        artist: "Rammstein"
        comment: ""
        date: "1998"
        genre: "Industrial"
        title: "Spielt mit mir"
        tracknumber: "7"

configuration:
    average_loudness:
        compute: 1
        frameSize: 88200
        hopSize: 44100
        silentFrames: "noise"
        windowType: "hann"
    general:
        analysisSampleRate: 44100
        endTime: 2000
        equalLoudness: 1
        nequalLoudness: 0
        shortSound: 0
        startTime: 0
    lowlevel:
        compute: 1
        frameSize: 2048
        hopSize: 1024
        zeroPadding: 0
        silentFrames: "noise"
        windowType: "blackmanharris62"
        mfccStats: ["mean", "cov", "icov"]
        stats: ["mean", "var", "median", "min", "max", "dmean", "dmean2", "dvar", "dvar2"]
    panning:
        compute: 0
        frameSize: 8192
        hopSize: 2048
        zeroPadding: 8192
        silentFrames: "noise"
        windowType: "hann"
        stats: ["copy"]
    rhythm:
        compute: 1
        maxTempo: 208
        minTempo: 40
        method: "degara"
        stats: ["mean", "var", "median", "min", "max", "dmean", "dmean2", "dvar", "dvar2"]
    segmentation:
        compute: 0
        cpw: 5
        inc1: 300
        inc2: 50
        minimumSegmentsLength: 10
        size1: 1000
        size2: 600
    sfx:
        compute: 1
        stats: ["mean", "var", "median", "min", "max", "dmean", "dmean2", "dvar", "dvar2"]
    svm:
        compute: 0
    tonal:
        compute: 1
        frameSize: 4096
        hopSize: 2048
        zeroPadding: 0
        silentFrames: "noise"
        windowType: "blackmanharris62"
        stats: ["mean", "var", "median", "min", "max", "dmean", "dmean2", "dvar", "dvar2"]

lowlevel:
    average_loudness: 0.724163293839
    barkbands_kurtosis:
        dmean: 1.78766298294
        dmean2: 2.70020461082
        dvar: 12.8631372452
        dvar2: 28.3426036835
        max: 155.523696899
        mean: 2.59130620956
        median: -0.460109978914
        min: -1.93097829819
        var: 68.4610977173
    barkbands_skewness:
        dmean: 0.500700414181
        dmean2: 0.701295733452
        dvar: 0.265157490969
        dvar2: 0.509426414967
        max: 10.9634971619
        mean: 0.176815539598
        median: -0.21532805264
        min: -4.53991651535
        var: 2.67356538773
    barkbands_spread:
        dmean: 5.64474630356
        dmean2: 8.67078590393
        dvar: 38.5726089478
        dvar2: 86.6439971924
        max: 78.2602157593
        mean: 26.0816192627
        median: 26.9783744812
        min: 0.805499255657
        var: 188.907455444
    dissonance:
        dmean: 0.0135050779209
        dmean2: 0.0224378723651
        dvar: 0.000252448080573
        dvar2: 0.000666161475237
        max: 0.500000178814
        mean: 0.473530858755
        median: 0.482679694891
        min: 0.232272684574
        var: 0.000687988766003
    hfc:
        dmean: 2.65284776688
        dmean2: 3.72518277168
        dvar: 18.2590103149
        dvar2: 38.7484931946
        max: 54.4741630554
        mean: 7.18116188049
        median: 4.55540275574
        min: 1.06735276811e-016
        var: 63.3297615051
    pitch:
        dmean: 739.061096191
        dmean2: 1407.43603516
        dvar: 1623675.875
        dvar2: 3781340
        max: 6197.76611328
        mean: 1225.48071289
        median: 309.27230835
        min: 43.0665588379
        var: 2262939
    pitch_instantaneous_confidence:
        dmean: 0.0876769647002
        dmean2: 0.136887669563
        dvar: 0.00655648857355
        dvar2: 0.0146662173793
        max: 0.965480446815
        mean: 0.434418410063
        median: 0.405803918839
        min: 0.0962563753128
        var: 0.0288282111287
    pitch_salience:
        dmean: 0.0634247437119
        dmean2: 0.095111772418
        dvar: 0.00337606668472
        dvar2: 0.00719132833183
        max: 0.998854279518
        mean: 0.635364472866
        median: 0.656324207783
        min: 0.135407134891
        var: 0.0129607096314
    silence_rate_20dB:
        dmean: 0
        dmean2: 0
        dvar: 0
        dvar2: 0
        max: 1
        mean: 1
        median: 1
        min: 1
        var: 0
    silence_rate_30dB:
        dmean: 0
        dmean2: 0
        dvar: 0
        dvar2: 0
        max: 1
        mean: 1
        median: 1
        min: 1
        var: 0
    silence_rate_60dB:
        dmean: 0.100032374263
        dmean2: 0.200080946088
        dvar: 0.090027615428
        dvar2: 0.176729023457
        max: 1
        mean: 0.537347257137
        median: 1
        min: 0
        var: 0.248613342643
    spectral_centroid:
        dmean: 286.587554932
        dmean2: 394.315551758
        dvar: 111865.296875
        dvar2: 199983.390625
        max: 11748.0908203
        mean: 1796.08398438
        median: 1824.32531738
        min: 155.982208252
        var: 1582102.25
    spectral_complexity:
        dmean: 3.83408880234
        dmean2: 5.29437494278
        dvar: 30.1897983551
        dvar2: 52.6096115112
        max: 55
        mean: 11.9774217606
        median: 9
        min: 0
        var: 133.839859009
    spectral_crest:
        dmean: 1.94239497185
        dmean2: 3.0378818512
        dvar: 3.50589394569
        dvar2: 8.01248836517
        max: 26.0118980408
        mean: 7.90850496292
        median: 6.97547149658
        min: 2.23568129539
        var: 13.344370842
    spectral_decrease:
        dmean: 1.96994337509e-010
        dmean2: 2.86734747057e-010
        dvar: 9.95832981306e-020
        dvar2: 2.19412423365e-019
        max: 1.89682769848e-028
        mean: -6.95914270654e-010
        median: -6.07252415019e-010
        min: -3.92393006976e-009
        var: 4.16837791512e-019
    spectral_energy:
        dmean: 0.000964773236774
        dmean2: 0.00138981221244
        dvar: 2.40732629209e-006
        dvar2: 5.24598408447e-006
        max: 0.0186098944396
        mean: 0.00327789504081
        median: 0.00278722681105
        min: 9.85962616335e-021
        var: 9.69736902334e-006
    spectral_energyband_high:
        dmean: 0.000235880957916
        dmean2: 0.00034495422733
        dvar: 1.89064948586e-007
        dvar2: 4.32860929322e-007
        max: 0.00683412188664
        mean: 0.000463959586341
        median: 0.000153706088895
        min: 7.18157561584e-021
        var: 4.49584007356e-007
    spectral_energyband_low:
        dmean: 0.000135119043989
        dmean2: 0.000207298129681
        dvar: 6.97778688163e-008
        dvar2: 1.70717640913e-007
        max: 0.00419242726639
        mean: 0.000250231212704
        median: 0.000107136198494
        min: 1.31232494167e-023
        var: 1.35155744374e-007
    spectral_energyband_middle_high:
        dmean: 0.000643848208711
        dmean2: 0.000918651116081
        dvar: 9.48208480622e-007
        dvar2: 1.92534275811e-006
        max: 0.0160403680056
        mean: 0.00183960061986
        median: 0.0011774757877
        min: 9.62890032774e-022
        var: 4.39534551333e-006
    spectral_energyband_middle_low:
        dmean: 0.000319523154758
        dmean2: 0.000492609804496
        dvar: 2.65691681989e-007
        dvar2: 6.64799586048e-007
        max: 0.00713146198541
        mean: 0.000842918292619
        median: 0.000607449037489
        min: 1.34327373781e-022
        var: 7.74525119596e-007
    spectral_flatness_db:
        dmean: 0.0162912700325
        dmean2: 0.0239710751921
        dvar: 0.000264661124675
        dvar2: 0.000524665170815
        max: 0.402148097754
        mean: 0.168995186687
        median: 0.152216747403
        min: 0.0475154481828
        var: 0.00404171645641
    spectral_flux:
        dmean: 0.00671539222822
        dmean2: 0.00983248092234
        dvar: 8.41896762722e-005
        dvar2: 0.000173845561221
        max: 0.106437668204
        mean: 0.0305176991969
        median: 0.0302421208471
        min: 6.43561107183e-011
        var: 0.00045378197683
    spectral_kurtosis:
        dmean: 2.85151338577
        dmean2: 4.83065509796
        dvar: 31.5253276825
        dvar2: 94.1658401489
        max: 88.1111984253
        mean: 8.94242668152
        median: 4.3368229866
        min: -1.28270542622
        var: 153.432922363
    spectral_rms:
        dmean: 0.000235357307247
        dmean2: 0.00032777650631
        dvar: 1.01630313054e-007
        dvar2: 2.0127495759e-007
        max: 0.00426098518074
        mean: 0.00153131538536
        median: 0.00164901360404
        min: 3.10147502298e-012
        var: 8.53013943924e-007
    spectral_rolloff:
        dmean: 384.750640869
        dmean2: 590.200744629
        dvar: 337690.75
        dvar2: 630520.6875
        max: 19767.4804688
        mean: 3078.18505859
        median: 3316.11328125
        min: 129.19921875
        var: 4182423
    spectral_skewness:
        dmean: 0.293574273586
        dmean2: 0.4695135355
        dvar: 0.165028035641
        dvar2: 0.452788680792
        max: 7.51429080963
        mean: 1.85862851143
        median: 1.50932943821
        min: -0.0666238814592
        var: 1.31627881527
    spectral_spread:
        dmean: 516651.96875
        dmean2: 751627.875
        dvar: 594890326016
        dvar2: 1.06736438477e+012
        max: 42758752
        mean: 4530214
        median: 4084803.5
        min: 867695
        var: 1.37739831869e+013
    spectral_strongpeak:
        dmean: 0.500829279423
        dmean2: 0.854771196842
        dvar: 0.710555970669
        dvar2: 1.84862494469
        max: 10.779923439
        mean: 0.707482278347
        median: 0.184781908989
        min: 5.40514508152e-011
        var: 1.22532832623
    zerocrossingrate:
        dmean: 0.0101354718208
        dmean2: 0.0104249129072
        dvar: 0.000112183093734
        dvar2: 0.00010409746028
        max: 0.529296875
        mean: 0.0965293347836
        median: 0.10009765625
        min: 0.00634765625
        var: 0.00335360039026
    barkbands:
        dmean: [3.68998946954e-008, 1.51157000801e-005, 8.84233450051e-005, 0.000115442453534, 0.000115305985673, 7.74558939156e-005, 7.84220246715e-005, 4.93630468554e-005, 5.6847846281e-005, 4.34788053099e-005, 4.49256694992e-005, 3.70832021872e-005, 3.76375755877e-005, 4.55488734588e-005, 7.60127149988e-005, 0.000123021498439, 0.00018580541655, 0.000157815680723, 0.000187411846127, 0.000190675869817, 0.000125166960061, 3.3090425859e-005, 5.53679274162e-006, 2.78541256193e-006, 1.46919126109e-006, 6.25999732051e-008, 1.28409327615e-009]
        dmean2: [6.1092087833e-008, 2.46516519837e-005, 0.000137960043503, 0.000167754464201, 0.000182678064448, 0.000127031918964, 0.000126937622554, 8.22352376417e-005, 9.20805177884e-005, 7.06225837348e-005, 7.37604568712e-005, 6.07248657616e-005, 6.10192801105e-005, 7.37550508347e-005, 0.000124333848362, 0.000192716470337, 0.00028856517747, 0.000248521013418, 0.000290027761366, 0.000289692514343, 0.000190141028725, 5.01117974636e-005, 8.54771951708e-006, 4.26409496868e-006, 2.14864985537e-006, 8.84004336399e-008, 1.93576732421e-009]
        dvar: [6.80076739417e-015, 1.33849109574e-009, 3.82594791404e-008, 3.88007599383e-008, 5.60470567734e-008, 3.01121723112e-008, 2.58175010259e-008, 1.5912373641e-008, 1.36140618778e-008, 9.61403756605e-009, 1.03783879268e-008, 6.40478337033e-009, 5.37873168227e-009, 8.46755998651e-009, 2.26866756492e-008, 7.90523912997e-008, 1.44223292864e-007, 7.83759119827e-008, 1.0073034673e-007, 1.10503115991e-007, 5.72820724187e-008, 7.2043357946e-009, 1.52346787963e-010, 4.95249154187e-011, 1.47809056661e-011, 1.91604917425e-014, 8.69896550258e-018]
        dvar2: [2.03913983274e-014, 3.26960658548e-009, 9.46676763647e-008, 7.59101510539e-008, 1.44180717143e-007, 8.06073288118e-008, 6.27058511782e-008, 4.29825384174e-008, 3.39684227413e-008, 2.44448550291e-008, 2.70714597406e-008, 1.69281886286e-008, 1.34614319691e-008, 2.08026857962e-008, 5.83144590394e-008, 1.87656411299e-007, 3.35491307624e-007, 1.84011497595e-007, 2.386576341e-007, 2.74555731039e-007, 1.33949811243e-007, 1.48664414112e-008, 3.51541296073e-010, 1.15451787019e-010, 2.93459943845e-011, 4.07483562951e-014, 2.07602167087e-017]
        max: [1.02878516373e-006, 0.000559302628972, 0.00303245568648, 0.00388908968307, 0.00498575903475, 0.00313132884912, 0.00544530712068, 0.00334691442549, 0.00307305832393, 0.00313348928466, 0.00250125466846, 0.00163072405849, 0.00180703517981, 0.00204392592423, 0.00382630550303, 0.00657556718215, 0.00711901159957, 0.00513833016157, 0.0066073811613, 0.00492619769648, 0.00552589632571, 0.00313240638934, 0.000232839985983, 0.00018358232046, 0.000154552122694, 3.33995080837e-006, 4.44115251241e-008]
        mean: [6.12470145711e-008, 1.9214779968e-005, 0.0001365920034, 0.000220288071432, 0.000197712724912, 0.000111047105747, 0.000146376507473, 6.33446907159e-005, 8.66230620886e-005, 6.36116601527e-005, 6.53430979582e-005, 5.8273482864e-005, 6.28604684607e-005, 6.91912573529e-005, 0.000119783289847, 0.000223664435907, 0.000366452004528, 0.000287635339191, 0.000346129992977, 0.000333109899657, 0.000227560041822, 5.74213954678e-005, 8.78421997186e-006, 4.31523949374e-006, 2.39323139795e-006, 1.05062945011e-007, 1.90388416144e-009]
        median: [2.17967439653e-008, 6.41106225885e-006, 4.18822091888e-005, 7.87888347986e-005, 8.94688564586e-005, 3.9536265831e-005, 3.88960324926e-005, 1.61830193974e-005, 2.58509498963e-005, 2.40353947447e-005, 2.08602050407e-005, 2.19566445594e-005, 2.34459475905e-005, 2.80965068669e-005, 5.24618262716e-005, 6.8249515607e-005, 0.000122857527458, 0.00013018095342, 0.000178313261131, 0.000128151863464, 5.63807116123e-005, 1.19612932394e-005, 1.92567677004e-006, 8.85884730906e-007, 4.70726973845e-007, 1.94496347916e-008, 3.55360435522e-010]
        min: [3.11471423931e-025, 3.07671648583e-024, 3.48479255578e-025, 1.19216693048e-024, 6.25017098448e-024, 1.17073403328e-023, 6.57780148449e-024, 8.35325049197e-024, 2.01439418681e-023, 9.71834431174e-024, 1.79448311671e-023, 2.20260219929e-023, 1.74879765734e-023, 2.72110501062e-023, 3.66488904684e-023, 5.76419906139e-023, 6.43581441016e-023, 9.54048820536e-023, 1.15690377123e-022, 1.5878275604e-022, 2.52087128695e-022, 2.79037469738e-022, 3.73031016524e-022, 6.13312772352e-022, 8.74072019372e-022, 1.27257213597e-021, 1.95624640382e-021]
        var: [9.51640584504e-015, 1.57938606637e-009, 5.9020734966e-008, 1.22989007423e-007, 1.04696091796e-007, 4.1116930305e-008, 1.42086179267e-007, 1.91637816727e-008, 2.72560427561e-008, 1.41851659308e-008, 1.62383813063e-008, 1.25992265509e-008, 1.31837509798e-008, 1.51078740629e-008, 3.85523613033e-008, 2.10234745168e-007, 4.78563435991e-007, 1.88718345839e-007, 2.22418137241e-007, 2.22118970328e-007, 1.39110028385e-007, 1.9304925658e-008, 2.97737778876e-010, 8.66457530724e-011, 3.06070759015e-011, 3.94389416145e-014, 1.41704079126e-017]
    frequency_bands:
        dmean: [3.68998946954e-008, 1.51157000801e-005, 8.84233450051e-005, 0.000115442453534, 0.000115305985673, 7.74558939156e-005, 7.84220246715e-005, 4.93630468554e-005, 5.6847846281e-005, 4.34788053099e-005, 4.49256694992e-005, 3.70832021872e-005, 3.76375755877e-005, 4.55488734588e-005, 7.60127149988e-005, 0.000123021498439, 0.00018580541655, 0.000157815680723, 0.000187411846127, 0.000190675869817, 0.000125166960061, 3.3090425859e-005, 5.53679274162e-006, 2.78541256193e-006, 1.46919126109e-006, 6.25999732051e-008, 1.28409327615e-009, 3.9649453859e-011]
        dmean2: [6.1092087833e-008, 2.46516519837e-005, 0.000137960043503, 0.000167754464201, 0.000182678064448, 0.000127031918964, 0.000126937622554, 8.22352376417e-005, 9.20805177884e-005, 7.06225837348e-005, 7.37604568712e-005, 6.07248657616e-005, 6.10192801105e-005, 7.37550508347e-005, 0.000124333848362, 0.000192716470337, 0.00028856517747, 0.000248521013418, 0.000290027761366, 0.000289692514343, 0.000190141028725, 5.01117974636e-005, 8.54771951708e-006, 4.26409496868e-006, 2.14864985537e-006, 8.84004336399e-008, 1.93576732421e-009, 7.37793853789e-011]
        dvar: [6.80076739417e-015, 1.33849109574e-009, 3.82594791404e-008, 3.88007599383e-008, 5.60470567734e-008, 3.01121723112e-008, 2.58175010259e-008, 1.5912373641e-008, 1.36140618778e-008, 9.61403756605e-009, 1.03783879268e-008, 6.40478337033e-009, 5.37873168227e-009, 8.46755998651e-009, 2.26866756492e-008, 7.90523912997e-008, 1.44223292864e-007, 7.83759119827e-008, 1.0073034673e-007, 1.10503115991e-007, 5.72820724187e-008, 7.2043357946e-009, 1.52346787963e-010, 4.95249154187e-011, 1.47809056661e-011, 1.91604917425e-014, 8.69896550258e-018, 5.43156638175e-021]
        dvar2: [2.03913983274e-014, 3.26960658548e-009, 9.46676763647e-008, 7.59101510539e-008, 1.44180717143e-007, 8.06073288118e-008, 6.27058511782e-008, 4.29825384174e-008, 3.39684227413e-008, 2.44448550291e-008, 2.70714597406e-008, 1.69281886286e-008, 1.34614319691e-008, 2.08026857962e-008, 5.83144590394e-008, 1.87656411299e-007, 3.35491307624e-007, 1.84011497595e-007, 2.386576341e-007, 2.74555731039e-007, 1.33949811243e-007, 1.48664414112e-008, 3.51541296073e-010, 1.15451787019e-010, 2.93459943845e-011, 4.07483562951e-014, 2.07602167087e-017, 1.75385150419e-020]
        max: [1.02878516373e-006, 0.000559302628972, 0.00303245568648, 0.00388908968307, 0.00498575903475, 0.00313132884912, 0.00544530712068, 0.00334691442549, 0.00307305832393, 0.00313348928466, 0.00250125466846, 0.00163072405849, 0.00180703517981, 0.00204392592423, 0.00382630550303, 0.00657556718215, 0.00711901159957, 0.00513833016157, 0.0066073811613, 0.00492619769648, 0.00552589632571, 0.00313240638934, 0.000232839985983, 0.00018358232046, 0.000154552122694, 3.33995080837e-006, 4.44115251241e-008, 1.12695996979e-009]
        mean: [6.12470145711e-008, 1.9214779968e-005, 0.0001365920034, 0.000220288071432, 0.000197712724912, 0.000111047105747, 0.000146376507473, 6.33446907159e-005, 8.66230620886e-005, 6.36116601527e-005, 6.53430979582e-005, 5.8273482864e-005, 6.28604684607e-005, 6.91912573529e-005, 0.000119783289847, 0.000223664435907, 0.000366452004528, 0.000287635339191, 0.000346129992977, 0.000333109899657, 0.000227560041822, 5.74213954678e-005, 8.78421997186e-006, 4.31523949374e-006, 2.39323139795e-006, 1.05062945011e-007, 1.90388416144e-009, 3.0347068608e-011]
        median: [2.17967439653e-008, 6.41106225885e-006, 4.18822091888e-005, 7.87888347986e-005, 8.94688564586e-005, 3.9536265831e-005, 3.88960324926e-005, 1.61830193974e-005, 2.58509498963e-005, 2.40353947447e-005, 2.08602050407e-005, 2.19566445594e-005, 2.34459475905e-005, 2.80965068669e-005, 5.24618262716e-005, 6.8249515607e-005, 0.000122857527458, 0.00013018095342, 0.000178313261131, 0.000128151863464, 5.63807116123e-005, 1.19612932394e-005, 1.92567677004e-006, 8.85884730906e-007, 4.70726973845e-007, 1.94496347916e-008, 3.55360435522e-010, 6.28323565052e-012]
        min: [3.11471423931e-025, 3.07671648583e-024, 3.48479255578e-025, 1.19216693048e-024, 6.25017098448e-024, 1.17073403328e-023, 6.57780148449e-024, 8.35325049197e-024, 2.01439418681e-023, 9.71834431174e-024, 1.79448311671e-023, 2.20260219929e-023, 1.74879765734e-023, 2.72110501062e-023, 3.66488904684e-023, 5.76419906139e-023, 6.43581441016e-023, 9.54048820536e-023, 1.15690377123e-022, 1.5878275604e-022, 2.52087128695e-022, 2.79037469738e-022, 3.73031016524e-022, 6.13312772352e-022, 8.74072019372e-022, 1.27257213597e-021, 1.95624640382e-021, 4.8798274216e-022]
        var: [9.51640584504e-015, 1.57938606637e-009, 5.9020734966e-008, 1.22989007423e-007, 1.04696091796e-007, 4.1116930305e-008, 1.42086179267e-007, 1.91637816727e-008, 2.72560427561e-008, 1.41851659308e-008, 1.62383813063e-008, 1.25992265509e-008, 1.31837509798e-008, 1.51078740629e-008, 3.85523613033e-008, 2.10234745168e-007, 4.78563435991e-007, 1.88718345839e-007, 2.22418137241e-007, 2.22118970328e-007, 1.39110028385e-007, 1.9304925658e-008, 2.97737778876e-010, 8.66457530724e-011, 3.06070759015e-011, 3.94389416145e-014, 1.41704079126e-017, 4.00584062445e-021]
    mfcc:
        mean: [-777.569396973, 98.2137527466, -41.0031814575, 42.4177322388, -7.23695087433, -6.95073747635, -2.15665221214, -7.04053258896, -2.23636960983, -9.08333396912, -9.21206760406, -5.9573469162, -5.29317092896]
        cov: [[15827.9355469, -1570.02941895, -3416.5949707, 2041.53723145, -1189.5447998, -50.9226150513, 103.999992371, -366.783050537, 158.988235474, -12.1356525421, -15.2664737701, 56.0791282654, -44.8580970764], [-1570.02941895, 1389.51940918, 367.529907227, -191.184265137, 299.889953613, -22.2805976868, 24.3721523285, 66.6276702881, -14.7915487289, -30.1547546387, -50.6950111389, -3.85226368904, -49.405380249], [-3416.5949707, 367.529907227, 1602.26879883, -408.426361084, 342.531799316, 189.335906982, -17.0014362335, 176.54927063, -18.9782047272, -20.5940971375, 3.21634578705, -21.0259380341, -13.0383787155], [2041.53723145, -191.184265137, -408.426361084, 603.254638672, -107.279548645, 66.7653503418, 53.7948455811, -53.2138442993, 57.9991340637, -10.3324546814, -26.7673072815, -1.40725696087, 1.19023168087], [-1189.5447998, 299.889953613, 342.531799316, -107.279548645, 372.94329834, 22.1530170441, -65.2899398804, 52.9111824036, -11.5251092911, 7.52104663849, -3.96323657036, -2.62685680389, 3.73462295532], [-50.9226150513, -22.2805976868, 189.335906982, 66.7653503418, 22.1530170441, 202.710342407, 74.2752990723, 42.9558372498, 22.3833694458, -1.02748811245, 5.71429920197, -5.70916461945, -12.330206871], [103.999992371, 24.3721523285, -17.0014362335, 53.7948455811, -65.2899398804, 74.2752990723, 191.781890869, 41.7996635437, 13.3389253616, 15.1341352463, -6.87777376175, 4.713078022, -13.4113235474], [-366.783050537, 66.6276702881, 176.54927063, -53.2138442993, 52.9111824036, 42.9558372498, 41.7996635437, 138.752609253, 23.5081558228, -0.950865983963, 14.4068002701, 2.73155426979, -3.73808598518], [158.988235474, -14.7915487289, -18.9782047272, 57.9991340637, -11.5251092911, 22.3833694458, 13.3389253616, 23.5081558228, 81.9032821655, 15.9858417511, -4.72496366501, 3.64976787567, -4.30805253983], [-12.1356525421, -30.1547546387, -20.5940971375, -10.3324546814, 7.52104663849, -1.02748811245, 15.1341352463, -0.950865983963, 15.9858417511, 81.7562484741, 28.6455898285, 6.86862611771, 10.9467134476], [-15.2664737701, -50.6950111389, 3.21634578705, -26.7673072815, -3.96323657036, 5.71429920197, -6.87777376175, 14.4068002701, -4.72496366501, 28.6455898285, 81.5280532837, 26.9143600464, 8.0167350769], [56.0791282654, -3.85226368904, -21.0259380341, -1.40725696087, -2.62685680389, -5.70916461945, 4.713078022, 2.73155426979, 3.64976787567, 6.86862611771, 26.9143600464, 69.356262207, 21.9231834412], [-44.8580970764, -49.405380249, -13.0383787155, 1.19023168087, 3.73462295532, -12.330206871, -13.4113235474, -3.73808598518, -4.30805253983, 10.9467134476, 8.0167350769, 21.9231834412, 71.1254882813]]
        icov: [[0.00020847003907, 3.7660007365e-005, 0.000287782924715, -0.000482261006255, 0.000322579755448, -0.00015852364595, 0.000284445355646, -0.000200527880224, 0.000161359712365, -0.000108376072603, 6.98979565641e-005, -0.000222327827942, 0.000304244575091], [3.7660007365e-005, 0.00101485254709, -1.57840477186e-005, 7.31514737708e-005, -0.00079442030983, 0.000432729750173, -0.00055005721515, -1.38338764373e-005, -6.45177569822e-005, 0.000342461367836, 0.000480006594444, -0.000386273866752, 0.000745203462429], [0.000287782924715, -1.57840477186e-005, 0.00159219582565, 6.82060563122e-005, -0.000139662006404, -0.001512562274, 0.000736345595215, -0.00101781147532, 0.000355888390914, 6.73336980981e-005, 0.000361864396837, -0.000152821332449, 0.000309250492137], [-0.000482261006255, 7.31514737708e-005, 6.82060563122e-005, 0.00374159729108, -0.000956551637501, -0.00103114952799, -0.00103118817788, 0.00131492165383, -0.00203275261447, 0.00111840933096, 0.000279114523437, 0.000615033612121, -0.0010736057302], [0.000322579755448, -0.00079442030983, -0.000139662006404, -0.000956551637501, 0.00510606635362, -0.000987788545899, 0.00283300550655, -0.00181162136141, 0.00143794773612, -0.00208087475039, 0.00118227512576, -0.000750682840589, 0.000147142476635], [-0.00015852364595, 0.000432729750173, -0.001512562274, -0.00103114952799, -0.000987788545899, 0.00832129362971, -0.00349045242183, 0.000216650601942, -0.00154430791736, 0.00131653307471, -0.0019708967302, 0.00115106534213, 0.000359436409781], [0.000284445355646, -0.00055005721515, 0.000736345595215, -0.00103118817788, 0.00283300550655, -0.00349045242183, 0.009027864784, -0.00368407485075, 0.00228759879246, -0.00371906091459, 0.00314242905006, -0.00223094574176, 0.00174876861274], [-0.000200527880224, -1.38338764373e-005, -0.00101781147532, 0.00131492165383, -0.00181162136141, 0.000216650601942, -0.00368407485075, 0.011360835284, -0.0046895314008, 0.00310031767003, -0.00369532988407, 0.0013430347899, -0.0010682255961], [0.000161359712365, -6.45177569822e-005, 0.000355888390914, -0.00203275261447, 0.00143794773612, -0.00154430791736, 0.00228759879246, -0.0046895314008, 0.0165610685945, -0.00553990155458, 0.00409612432122, -0.00272910576314, 0.00223311292939], [-0.000108376072603, 0.000342461367836, 6.73336980981e-005, 0.00111840933096, -0.00208087475039, 0.00131653307471, -0.00371906091459, 0.00310031767003, -0.00553990155458, 0.017325963825, -0.0075203939341, 0.00276643875986, -0.00304487068206], [6.98979565641e-005, 0.000480006594444, 0.000361864396837, 0.000279114523437, 0.00118227512576, -0.0019708967302, 0.00314242905006, -0.00369532988407, 0.00409612432122, -0.0075203939341, 0.0189457405359, -0.00756639940664, 0.00203607138246], [-0.000222327827942, -0.000386273866752, -0.000152821332449, 0.000615033612121, -0.000750682840589, 0.00115106534213, -0.00223094574176, 0.0013430347899, -0.00272910576314, 0.00276643875986, -0.00756639940664, 0.0195079613477, -0.00630919076502], [0.000304244575091, 0.000745203462429, 0.000309250492137, -0.0010736057302, 0.000147142476635, 0.000359436409781, 0.00174876861274, -0.0010682255961, 0.00223311292939, -0.00304487068206, 0.00203607138246, -0.00630919076502, 0.0174911133945]]
    sccoeffs:
        dmean: [0.0482764132321, 0.044647987932, 0.0363099128008, 0.0305462032557, 0.0235547497869, 0.0196680426598]
        dmean2: [0.0774122476578, 0.0720711052418, 0.0597003176808, 0.0499144084752, 0.0372486636043, 0.0294590238482]
        dvar: [0.00169068085961, 0.00129823782481, 0.000846635724884, 0.000642877770588, 0.000447440019343, 0.000379608914955]
        dvar2: [0.00431240769103, 0.00333429360762, 0.00225498620421, 0.00160263828002, 0.00100692501292, 0.00072245078627]
        max: [-0.335316985846, -0.328441143036, -0.507972061634, -0.479340314865, -0.533927977085, -0.520098507404]
        mean: [-0.640796601772, -0.767907679081, -0.806333184242, -0.794815421104, -0.790552854538, -0.768740653992]
        median: [-0.635393619537, -0.77774232626, -0.810986876488, -0.801497757435, -0.799800217152, -0.770937263966]
        min: [-0.990648031235, -0.997801661491, -0.998650550842, -0.988498389721, -0.989221811295, -0.964234352112]
        var: [0.00774482311681, 0.00583192612976, 0.00334387738258, 0.00405214400962, 0.00330679467879, 0.00337883969769]
    scvalleys:
        dmean: [0.397311478853, 0.393798947334, 0.343820542097, 0.3487187922, 0.320380538702, 0.291392445564]
        dmean2: [0.636247694492, 0.614365875721, 0.525083422661, 0.49697932601, 0.416010290384, 0.393297642469]
        dvar: [0.127574369311, 0.13357026875, 0.102127231658, 0.12181750685, 0.124651424587, 0.175371021032]
        dvar2: [0.284109294415, 0.284091204405, 0.198670640588, 0.220923736691, 0.204166442156, 0.323055773973]
        max: [-5.53118467331, -4.59671640396, -5.10549163818, -5.5727763176, -5.39632940292, -7.61420631409]
        mean: [-7.97649908066, -7.42347812653, -7.72065353394, -7.9853644371, -8.01589393616, -10.7201004028]
        median: [-7.55965614319, -7.12663888931, -7.35185289383, -7.47339439392, -7.25351238251, -9.9235906601]
        min: [-28.0124092102, -27.8719234467, -27.9311695099, -27.6779460907, -27.5305805206, -27.4133872986]
        var: [4.26047706604, 4.35059356689, 4.42076683044, 4.80468654633, 6.0773024559, 6.28574371338]

rhythm:
    beats_loudness:
        dmean: 0.00257442751899
        dmean2: 0.00466967979446
        dvar: 6.78366131979e-006
        dvar2: 1.94127223949e-005
        max: 0.0194128137082
        mean: 0.00499562686309
        median: 0.00504953647032
        min: 0
        var: 1.40081201607e-005
    bpm: 155.191177368
    bpm_confidence: 0
    first_peak_bpm: 157
    first_peak_spread: 0.151648327708
    first_peak_weight: 0.526602983475
    onset_rate: 3.5726377964
    second_peak_bpm: 152
    second_peak_spread: 0.136363595724
    second_peak_weight: 0.233287855983
    beats_loudness_band_ratio:
        dmean: [0.157723367214, 0.086530700326, 0.0688103735447, 0.0566537342966, 0.123736664653, 0.1089515239]
        dmean2: [0.270610481501, 0.151670023799, 0.120034314692, 0.0942868068814, 0.212663531303, 0.188354641199]
        dvar: [0.0245485007763, 0.0110500119627, 0.00550801632926, 0.00428234133869, 0.0160066653043, 0.010713965632]
        dvar2: [0.0593498721719, 0.0305641964078, 0.0147420195863, 0.0106533709913, 0.044493984431, 0.0321697480977]
        max: [0.921650588512, 0.963607490063, 0.589412271976, 0.64383405447, 0.885103166103, 0.71329921484]
        mean: [0.197994872928, 0.11538541317, 0.0997539162636, 0.0943627953529, 0.252600997686, 0.258066117764]
        median: [0.0954561308026, 0.0801078677177, 0.070603787899, 0.0743944197893, 0.235557883978, 0.280759990215]
        min: [0, 0, 0, 0, 0, 0]
        var: [0.0516764633358, 0.0141693735495, 0.00784038286656, 0.00698587298393, 0.0276077855378, 0.0315625332296]
