
metadata:
    version:
        essentia: "2.1-beta2"
    audio_properties:
        analysis_sample_rate: 44100
        bitrate: 320
        channels: 2
        equal_loudness: 1
        length: 264.986114502
        replay_gain: -14.9385433197
        downmix: "mix"
    tags:
        album: "Sehnsucht [Limited Edition]"
        artist: "Rammstein"
        comment: ""
        date: "1998"
        genre: "Industrial"
        title: "Klavier"
        tracknumber: "8"

configuration:
    average_loudness:
        compute: 1
        frameSize: 88200
        hopSize: 44100
        silentFrames: "noise"
        windowType: "hann"
    general:
        analysisSampleRate: 44100
        endTime: 2000
        equalLoudness: 1
        nequalLoudness: 0
        shortSound: 0
        startTime: 0
    lowlevel:
        compute: 1
        frameSize: 2048
        hopSize: 1024
        zeroPadding: 0
        silentFrames: "noise"
        windowType: "blackmanharris62"
        mfccStats: ["mean", "cov", "icov"]
        stats: ["mean", "var", "median", "min", "max", "dmean", "dmean2", "dvar", "dvar2"]
    panning:
        compute: 0
        frameSize: 8192
        hopSize: 2048
        zeroPadding: 8192
        silentFrames: "noise"
        windowType: "hann"
        stats: ["copy"]
    rhythm:
        compute: 1
        maxTempo: 208
        minTempo: 40
        method: "degara"
        stats: ["mean", "var", "median", "min", "max", "dmean", "dmean2", "dvar", "dvar2"]
    segmentation:
        compute: 0
        cpw: 5
        inc1: 300
        inc2: 50
        minimumSegmentsLength: 10
        size1: 1000
        size2: 600
    sfx:
        compute: 1
        stats: ["mean", "var", "median", "min", "max", "dmean", "dmean2", "dvar", "dvar2"]
    svm:
        compute: 0
    tonal:
        compute: 1
        frameSize: 4096
        hopSize: 2048
        zeroPadding: 0
        silentFrames: "noise"
        windowType: "blackmanharris62"
        stats: ["mean", "var", "median", "min", "max", "dmean", "dmean2", "dvar", "dvar2"]

lowlevel:
    average_loudness: 0.679852366447
    barkbands_kurtosis:
        dmean: 1.10302019119
        dmean2: 1.72684323788
        dvar: 6.16584873199
        dvar2: 13.8118877411
        max: 96.925567627
        mean: 0.628589808941
        median: -0.593444883823
        min: -1.91508722305
        var: 28.5568695068
    barkbands_skewness:
        dmean: 0.362663716078
        dmean2: 0.545650005341
        dvar: 0.124866396189
        dvar2: 0.273670643568
        max: 7.57443237305
        mean: -0.583984732628
        median: -0.692693412304
        min: -6.82028102875
        var: 1.26293170452
    barkbands_spread:
        dmean: 4.8238401413
        dmean2: 7.55782651901
        dvar: 22.5854511261
        dvar2: 54.047077179
        max: 75.8859024048
        mean: 29.3953800201
        median: 29.3303432465
        min: 0.191375643015
        var: 98.9324264526
    dissonance:
        dmean: 0.00945595372468
        dmean2: 0.0155567079782
        dvar: 0.000118939191452
        dvar2: 0.000307758717099
        max: 0.5
        mean: 0.476950526237
        median: 0.483628720045
        min: 0.227439433336
        var: 0.000537413463462
    hfc:
        dmean: 1.66972696781
        dmean2: 2.70374083519
        dvar: 6.19569444656
        dvar2: 16.150800705
        max: 54.2757644653
        mean: 9.28908920288
        median: 10.3429231644
        min: 1.08232023733e-016
        var: 68.2377090454
    pitch:
        dmean: 696.890136719
        dmean2: 1338.40490723
        dvar: 1529515.25
        dvar2: 3721695.75
        max: 5504.99267578
        mean: 2131.50512695
        median: 3251.05981445
        min: 75.6118240356
        var: 2877760.25
    pitch_instantaneous_confidence:
        dmean: 0.0738829001784
        dmean2: 0.121461972594
        dvar: 0.00383714260533
        dvar2: 0.0096227908507
        max: 0.969541311264
        mean: 0.43803229928
        median: 0.424297451973
        min: 0.0848450660706
        var: 0.016036523506
    pitch_salience:
        dmean: 0.0463214218616
        dmean2: 0.0748510882258
        dvar: 0.00168340967502
        dvar2: 0.00414925254881
        max: 0.931234955788
        mean: 0.66794770956
        median: 0.685085773468
        min: 0.191027849913
        var: 0.00771102542058
    silence_rate_20dB:
        dmean: 0
        dmean2: 0
        dvar: 0
        dvar2: 0
        max: 1
        mean: 1
        median: 1
        min: 1
        var: 0
    silence_rate_30dB:
        dmean: 0
        dmean2: 0
        dvar: 0
        dvar2: 0
        max: 1
        mean: 1
        median: 1
        min: 1
        var: 0
    silence_rate_60dB:
        dmean: 0.00771118141711
        dmean2: 0.0154237141833
        dvar: 0.00765245920047
        dvar2: 0.0199198573828
        max: 1
        mean: 0.448786467314
        median: 0
        min: 0
        var: 0.247389048338
    spectral_centroid:
        dmean: 226.594436646
        dmean2: 341.88192749
        dvar: 62441.4882813
        dvar2: 125526.914063
        max: 11819.6943359
        mean: 2340.58984375
        median: 2370.91943359
        min: 235.153686523
        var: 1502056.75
    spectral_complexity:
        dmean: 2.44602179527
        dmean2: 4.04118824005
        dvar: 8.08734035492
        dvar2: 20.2198486328
        max: 50
        mean: 15.5483217239
        median: 19
        min: 0
        var: 151.469619751
    spectral_crest:
        dmean: 1.51129364967
        dmean2: 2.46209788322
        dvar: 2.02737808228
        dvar2: 5.16531705856
        max: 24.0793170929
        mean: 7.13028717041
        median: 6.45271205902
        min: 2.53311777115
        var: 7.42648887634
    spectral_decrease:
        dmean: 1.23052901202e-010
        dmean2: 1.92654739384e-010
        dvar: 3.34688875755e-020
        dvar2: 7.99415002823e-020
        max: 1.66554349368e-028
        mean: -7.76804121028e-010
        median: -7.48600070821e-010
        min: -3.41816863703e-009
        var: 4.35223922728e-019
    spectral_energy:
        dmean: 0.000595842022449
        dmean2: 0.000939157267567
        dvar: 7.91809100065e-007
        dvar2: 1.93899654732e-006
        max: 0.0168084353209
        mean: 0.00377437728457
        median: 0.00381331634708
        min: 9.87322213688e-021
        var: 1.03472357296e-005
    spectral_energyband_high:
        dmean: 0.000176089946763
        dmean2: 0.000295453937724
        dvar: 7.16479675589e-008
        dvar2: 1.9535329443e-007
        max: 0.00557680940256
        mean: 0.000631641421933
        median: 0.000710237771273
        min: 6.97434910093e-021
        var: 3.85380076295e-007
    spectral_energyband_low:
        dmean: 8.71054216987e-005
        dmean2: 0.000144437086419
        dvar: 3.23076889686e-008
        dvar2: 8.46350616257e-008
        max: 0.00232471292838
        mean: 0.000138793941005
        median: 7.74424115662e-005
        min: 1.10648793899e-023
        var: 4.08290290466e-008
    spectral_energyband_middle_high:
        dmean: 0.000458680442534
        dmean2: 0.000728961429559
        dvar: 4.10038921927e-007
        dvar2: 1.02763169707e-006
        max: 0.0135351717472
        mean: 0.00230196816847
        median: 0.00210078596137
        min: 1.19757486466e-021
        var: 4.91137325298e-006
    spectral_energyband_middle_low:
        dmean: 0.00024212730932
        dmean2: 0.000375828996766
        dvar: 1.27137141703e-007
        dvar2: 3.1333337347e-007
        max: 0.00576773006469
        mean: 0.00077207403956
        median: 0.000588589638937
        min: 1.64846862347e-022
        var: 5.27049280663e-007
    spectral_flatness_db:
        dmean: 0.0128867132589
        dmean2: 0.0196899306029
        dvar: 0.000154163062689
        dvar2: 0.000316989433486
        max: 0.519381940365
        mean: 0.169471174479
        median: 0.160931915045
        min: 0.0544774010777
        var: 0.00193632952869
    spectral_flux:
        dmean: 0.00464745843783
        dmean2: 0.00736625073478
        dvar: 2.73387558991e-005
        dvar2: 6.66087507852e-005
        max: 0.0919779911637
        mean: 0.0326779708266
        median: 0.0378409214318
        min: 6.32525282152e-011
        var: 0.000406620936701
    spectral_kurtosis:
        dmean: 1.1298687458
        dmean2: 1.91934525967
        dvar: 1.92521083355
        dvar2: 5.38353776932
        max: 64.3857040405
        mean: 3.96057391167
        median: 3.70633459091
        min: -1.27821516991
        var: 6.78096818924
    spectral_rms:
        dmean: 0.000144434248796
        dmean2: 0.000219344568904
        dvar: 2.7913694467e-008
        dvar2: 6.29628402748e-008
        max: 0.0040495027788
        mean: 0.00167742546182
        median: 0.00192881014664
        min: 3.10361285283e-012
        var: 8.68557549438e-007
    spectral_rolloff:
        dmean: 262.342803955
        dmean2: 422.377105713
        dvar: 164192.65625
        dvar2: 318889.59375
        max: 19616.7480469
        mean: 3919.60913086
        median: 3919.04296875
        min: 236.865234375
        var: 3602166.5
    spectral_skewness:
        dmean: 0.160205855966
        dmean2: 0.261639356613
        dvar: 0.0258645024151
        dvar2: 0.0655736848712
        max: 5.68511486053
        mean: 1.14271366596
        median: 1.14960062504
        min: -0.094772271812
        var: 0.166819497943
    spectral_spread:
        dmean: 377209.59375
        dmean2: 547355.125
        dvar: 436956430336
        dvar2: 811055316992
        max: 43602432
        mean: 4478931.5
        median: 3803477
        min: 780798.875
        var: 1.90737756979e+013
    spectral_strongpeak:
        dmean: 0.475192636251
        dmean2: 0.826960861683
        dvar: 0.495751529932
        dvar2: 1.3488022089
        max: 7.95650291443
        mean: 0.789738297462
        median: 0.354760169983
        min: 0
        var: 0.886893451214
    zerocrossingrate:
        dmean: 0.00733033707365
        dmean2: 0.00850317999721
        dvar: 6.27662593615e-005
        dvar2: 7.0841764682e-005
        max: 0.53271484375
        mean: 0.123306140304
        median: 0.12548828125
        min: 0.00927734375
        var: 0.0028039298486
    barkbands:
        dmean: [2.77287490746e-008, 1.87755613297e-005, 6.18441044935e-005, 4.48343198514e-005, 8.86337802513e-005, 5.17754087923e-005, 9.22551334952e-005, 3.97794610763e-005, 6.43218590994e-005, 3.84634731745e-005, 3.01537875202e-005, 3.97809017159e-005, 5.18936249136e-005, 4.19419375248e-005, 6.76027193549e-005, 0.000119157521112, 0.000140375064802, 0.000138379909913, 0.000222071641474, 0.000178424132173, 9.9673634395e-005, 2.24833893299e-005, 2.76001628663e-006, 1.14983060939e-006, 8.48551053423e-007, 3.49037847514e-008, 7.71149810674e-010]
        dmean2: [4.61760372161e-008, 3.27159832523e-005, 0.000103885722638, 7.35020148568e-005, 0.000142304721521, 8.24592643767e-005, 0.000140855627251, 6.30589274806e-005, 9.97604656732e-005, 6.05919631198e-005, 4.76917375636e-005, 6.24972017249e-005, 7.82659844845e-005, 6.65688348818e-005, 0.000108224325231, 0.000194267951883, 0.000232805177802, 0.000232755875913, 0.000374041148461, 0.000305418390781, 0.000168379192473, 3.52174138243e-005, 4.38188408225e-006, 1.70647558662e-006, 1.17206673167e-006, 4.63361580216e-008, 1.12503573124e-009]
        dvar: [4.90620795401e-015, 2.92095014842e-009, 1.70902865193e-008, 5.67649127703e-009, 2.18216271719e-008, 1.23313954603e-008, 4.18211882902e-008, 1.63166706812e-008, 2.98398852294e-008, 9.28581656012e-009, 6.3829261876e-009, 1.51005927762e-008, 2.25832739176e-008, 1.40851046382e-008, 2.69507687278e-008, 5.17337710448e-008, 5.02835888483e-008, 4.96438374853e-008, 9.20785936387e-008, 6.25434708468e-008, 2.10764135034e-008, 3.22198134839e-009, 6.16771148043e-011, 1.05092124239e-011, 5.0880536763e-012, 8.02697464026e-015, 2.75768285027e-018]
        dvar2: [1.1546523591e-014, 8.17847300993e-009, 4.53190907024e-008, 1.48038923342e-008, 5.58805801631e-008, 3.22141175957e-008, 9.40083069167e-008, 3.95592643088e-008, 6.87984567094e-008, 2.00911074444e-008, 1.46830752001e-008, 3.33156826571e-008, 4.59979005996e-008, 3.29345404282e-008, 6.28207885711e-008, 1.27089151647e-007, 1.31559971805e-007, 1.35274746071e-007, 2.56053340308e-007, 1.79212889861e-007, 5.74984966306e-008, 6.85280943102e-009, 1.51082688027e-010, 1.96255529189e-011, 8.08017108084e-012, 1.37757262669e-014, 5.48396799244e-018]
        max: [2.86281169792e-006, 0.000753227679525, 0.00182216439862, 0.00132377981208, 0.0022794122342, 0.00262660253793, 0.00408877898008, 0.00322503177449, 0.00423104967922, 0.00393142318353, 0.00230681663379, 0.00357005745173, 0.00373407569714, 0.003840951249, 0.00369734782726, 0.00490128900856, 0.00406606728211, 0.00528103718534, 0.00649615935981, 0.00525056663901, 0.00342120113783, 0.00237915385514, 0.000357694516424, 9.03843465494e-005, 0.00010896409367, 3.29955560119e-006, 2.91420363396e-008]
        mean: [6.7360382161e-008, 2.42789064941e-005, 8.09764824226e-005, 7.70234255469e-005, 0.000170853236341, 0.000106296960439, 0.000191969636944, 6.75419141771e-005, 0.000129586056573, 7.33300985303e-005, 4.95282110933e-005, 8.05505915196e-005, 0.000103425365523, 7.51779953134e-005, 0.000149328581756, 0.00026475044433, 0.000318988662912, 0.000336575118126, 0.000599622144364, 0.000519822642673, 0.000288272625767, 5.56250815862e-005, 6.38490064375e-006, 2.48077617471e-006, 1.84066391284e-006, 8.34315159182e-008, 1.43723222212e-009]
        median: [4.08680023156e-008, 1.26776540128e-005, 3.05930043396e-005, 4.55177323602e-005, 9.51585388975e-005, 4.23207420681e-005, 5.27194715687e-005, 1.34047049869e-005, 2.48027881753e-005, 2.32511138165e-005, 1.35352129291e-005, 1.37790248118e-005, 1.80505667231e-005, 2.56226649071e-005, 4.30733889516e-005, 0.000122235549497, 0.0002052650525, 0.00025484940852, 0.000531987752765, 0.000544026785064, 0.000300601299386, 3.88989355997e-005, 3.73905845663e-006, 9.10416815714e-007, 6.62160005049e-007, 2.36867148118e-008, 2.60874433167e-010]
        min: [3.97625092758e-025, 1.52812287128e-024, 4.39712153254e-025, 1.26567742697e-024, 9.99919220463e-024, 6.30330944391e-024, 4.52540195143e-024, 4.52349093588e-024, 1.69363766294e-023, 1.45969291512e-023, 1.2546960493e-023, 1.90614464235e-023, 1.99438457217e-023, 2.3472770805e-023, 3.89743609092e-023, 4.3456592842e-023, 6.19271777143e-023, 9.62109085722e-023, 9.27312936063e-023, 1.69109058885e-022, 2.3463459722e-022, 3.26706680788e-022, 3.65315653948e-022, 5.12049436874e-022, 8.63409245263e-022, 1.17378120417e-021, 2.03776832475e-021]
        var: [1.13570660377e-014, 2.50440779226e-009, 1.92941147503e-008, 1.13531601897e-008, 4.79406452314e-008, 3.290958972e-008, 1.51042854668e-007, 4.26521680197e-008, 1.10146451959e-007, 3.59961447316e-008, 1.52666910225e-008, 5.27663779337e-008, 7.68127961237e-008, 3.70946473538e-008, 1.03517663774e-007, 1.89512917359e-007, 1.68285268387e-007, 1.58868829203e-007, 3.65823751736e-007, 2.41773193466e-007, 8.69665299774e-008, 9.04951580338e-009, 1.17098317154e-010, 2.7120581822e-011, 1.54990013879e-011, 2.5813493392e-014, 7.72076321687e-018]
    frequency_bands:
        dmean: [2.77287490746e-008, 1.87755613297e-005, 6.18441044935e-005, 4.48343198514e-005, 8.86337802513e-005, 5.17754087923e-005, 9.22551334952e-005, 3.97794610763e-005, 6.43218590994e-005, 3.84634731745e-005, 3.01537875202e-005, 3.97809017159e-005, 5.18936249136e-005, 4.19419375248e-005, 6.76027193549e-005, 0.000119157521112, 0.000140375064802, 0.000138379909913, 0.000222071641474, 0.000178424132173, 9.9673634395e-005, 2.24833893299e-005, 2.76001628663e-006, 1.14983060939e-006, 8.48551053423e-007, 3.49037847514e-008, 7.71149810674e-010, 4.24653923137e-011]
        dmean2: [4.61760372161e-008, 3.27159832523e-005, 0.000103885722638, 7.35020148568e-005, 0.000142304721521, 8.24592643767e-005, 0.000140855627251, 6.30589274806e-005, 9.97604656732e-005, 6.05919631198e-005, 4.76917375636e-005, 6.24972017249e-005, 7.82659844845e-005, 6.65688348818e-005, 0.000108224325231, 0.000194267951883, 0.000232805177802, 0.000232755875913, 0.000374041148461, 0.000305418390781, 0.000168379192473, 3.52174138243e-005, 4.38188408225e-006, 1.70647558662e-006, 1.17206673167e-006, 4.63361580216e-008, 1.12503573124e-009, 7.8536982473e-011]
        dvar: [4.90620795401e-015, 2.92095014842e-009, 1.70902865193e-008, 5.67649127703e-009, 2.18216271719e-008, 1.23313954603e-008, 4.18211882902e-008, 1.63166706812e-008, 2.98398852294e-008, 9.28581656012e-009, 6.3829261876e-009, 1.51005927762e-008, 2.25832739176e-008, 1.40851046382e-008, 2.69507687278e-008, 5.17337710448e-008, 5.02835888483e-008, 4.96438374853e-008, 9.20785936387e-008, 6.25434708468e-008, 2.10764135034e-008, 3.22198134839e-009, 6.16771148043e-011, 1.05092124239e-011, 5.0880536763e-012, 8.02697464026e-015, 2.75768285027e-018, 5.77665579355e-021]
        dvar2: [1.1546523591e-014, 8.17847300993e-009, 4.53190907024e-008, 1.48038923342e-008, 5.58805801631e-008, 3.22141175957e-008, 9.40083069167e-008, 3.95592643088e-008, 6.87984567094e-008, 2.00911074444e-008, 1.46830752001e-008, 3.33156826571e-008, 4.59979005996e-008, 3.29345404282e-008, 6.28207885711e-008, 1.27089151647e-007, 1.31559971805e-007, 1.35274746071e-007, 2.56053340308e-007, 1.79212889861e-007, 5.74984966306e-008, 6.85280943102e-009, 1.51082688027e-010, 1.96255529189e-011, 8.08017108084e-012, 1.37757262669e-014, 5.48396799244e-018, 1.8344503998e-020]
        max: [2.86281169792e-006, 0.000753227679525, 0.00182216439862, 0.00132377981208, 0.0022794122342, 0.00262660253793, 0.00408877898008, 0.00322503177449, 0.00423104967922, 0.00393142318353, 0.00230681663379, 0.00357005745173, 0.00373407569714, 0.003840951249, 0.00369734782726, 0.00490128900856, 0.00406606728211, 0.00528103718534, 0.00649615935981, 0.00525056663901, 0.00342120113783, 0.00237915385514, 0.000357694516424, 9.03843465494e-005, 0.00010896409367, 3.29955560119e-006, 2.91420363396e-008, 1.21623366933e-009]
        mean: [6.7360382161e-008, 2.42789064941e-005, 8.09764824226e-005, 7.70234255469e-005, 0.000170853236341, 0.000106296960439, 0.000191969636944, 6.75419141771e-005, 0.000129586056573, 7.33300985303e-005, 4.95282110933e-005, 8.05505915196e-005, 0.000103425365523, 7.51779953134e-005, 0.000149328581756, 0.00026475044433, 0.000318988662912, 0.000336575118126, 0.000599622144364, 0.000519822642673, 0.000288272625767, 5.56250815862e-005, 6.38490064375e-006, 2.48077617471e-006, 1.84066391284e-006, 8.34315159182e-008, 1.43723222212e-009, 3.31860060265e-011]
        median: [4.08680023156e-008, 1.26776540128e-005, 3.05930043396e-005, 4.55177323602e-005, 9.51585388975e-005, 4.23207420681e-005, 5.27194715687e-005, 1.34047049869e-005, 2.48027881753e-005, 2.32511138165e-005, 1.35352129291e-005, 1.37790248118e-005, 1.80505667231e-005, 2.56226649071e-005, 4.30733889516e-005, 0.000122235549497, 0.0002052650525, 0.00025484940852, 0.000531987752765, 0.000544026785064, 0.000300601299386, 3.88989355997e-005, 3.73905845663e-006, 9.10416815714e-007, 6.62160005049e-007, 2.36867148118e-008, 2.60874433167e-010, 7.06641602871e-012]
        min: [3.97625092758e-025, 1.52812287128e-024, 4.39712153254e-025, 1.26567742697e-024, 9.99919220463e-024, 6.30330944391e-024, 4.52540195143e-024, 4.52349093588e-024, 1.69363766294e-023, 1.45969291512e-023, 1.2546960493e-023, 1.90614464235e-023, 1.99438457217e-023, 2.3472770805e-023, 3.89743609092e-023, 4.3456592842e-023, 6.19271777143e-023, 9.62109085722e-023, 9.27312936063e-023, 1.69109058885e-022, 2.3463459722e-022, 3.26706680788e-022, 3.65315653948e-022, 5.12049436874e-022, 8.63409245263e-022, 1.17378120417e-021, 2.03776832475e-021, 4.45652036845e-022]
        var: [1.13570660377e-014, 2.50440779226e-009, 1.92941147503e-008, 1.13531601897e-008, 4.79406452314e-008, 3.290958972e-008, 1.51042854668e-007, 4.26521680197e-008, 1.10146451959e-007, 3.59961447316e-008, 1.52666910225e-008, 5.27663779337e-008, 7.68127961237e-008, 3.70946473538e-008, 1.03517663774e-007, 1.89512917359e-007, 1.68285268387e-007, 1.58868829203e-007, 3.65823751736e-007, 2.41773193466e-007, 8.69665299774e-008, 9.04951580338e-009, 1.17098317154e-010, 2.7120581822e-011, 1.54990013879e-011, 2.5813493392e-014, 7.72076321687e-018, 4.53018387162e-021]
    mfcc:
        mean: [-757.51763916, 81.1818313599, -57.5974693298, 65.7759552002, -14.3785209656, -14.4698028564, -3.72317314148, -12.9136962891, -5.25200223923, -9.10297012329, -6.19248533249, -6.4438290596, -3.78561520576]
        cov: [[11428.8613281, 394.937530518, -1017.46697998, 494.939575195, -471.254089355, 913.129943848, 337.021697998, 439.145202637, 834.207824707, 301.854614258, -9.02254772186, 72.4845962524, 328.345397949], [394.937530518, 784.71081543, -69.2707977295, 59.0611419678, -63.9347076416, -130.638687134, -45.4614295959, -51.5348854065, -74.5272750854, -7.4792304039, 0.287344485521, 12.0652122498, 10.7595767975], [-1017.46697998, -69.2707977295, 519.058776855, -49.011390686, 103.446418762, -22.9482498169, -6.20332288742, 5.1591925621, -58.1597862244, -20.7842235565, -0.779033124447, 15.3882331848, -14.320318222], [494.939575195, 59.0611419678, -49.011390686, 409.746856689, 105.342132568, 55.2938423157, -5.15739583969, -5.33633375168, 54.5422325134, 5.0356092453, -15.1880369186, -32.6288299561, 34.5582771301], [-471.254089355, -63.9347076416, 103.446418762, 105.342132568, 239.132125854, 7.09674692154, -47.128578186, -46.5409049988, -14.8311491013, 24.570848465, 5.82484531403, -13.6646347046, 8.2069196701], [913.129943848, -130.638687134, -22.9482498169, 55.2938423157, 7.09674692154, 317.713928223, 159.217605591, 127.131340027, 151.685317993, 57.0265960693, 26.4966430664, 31.5285892487, 53.7831993103], [337.021697998, -45.4614295959, -6.20332288742, -5.15739583969, -47.128578186, 159.217605591, 236.077835083, 146.331970215, 91.2129898071, 15.1913337708, 7.03546476364, 36.3453483582, 13.1210336685], [439.145202637, -51.5348854065, 5.1591925621, -5.33633375168, -46.5409049988, 127.131340027, 146.331970215, 190.049972534, 115.559036255, 27.7723827362, -0.290012031794, 18.0197277069, 29.4220428467], [834.207824707, -74.5272750854, -58.1597862244, 54.5422325134, -14.8311491013, 151.685317993, 91.2129898071, 115.559036255, 203.951080322, 69.9799423218, 5.79858350754, 12.1693334579, 44.8559989929], [301.854614258, -7.4792304039, -20.7842235565, 5.0356092453, 24.570848465, 57.0265960693, 15.1913337708, 27.7723827362, 69.9799423218, 96.5575714111, 39.4094200134, 16.7908267975, 16.9669818878], [-9.02254772186, 0.287344485521, -0.779033124447, -15.1880369186, 5.82484531403, 26.4966430664, 7.03546476364, -0.290012031794, 5.79858350754, 39.4094200134, 94.3552398682, 38.5132980347, 2.67052078247], [72.4845962524, 12.0652122498, 15.3882331848, -32.6288299561, -13.6646347046, 31.5285892487, 36.3453483582, 18.0197277069, 12.1693334579, 16.7908267975, 38.5132980347, 72.5311813354, 20.838558197], [328.345397949, 10.7595767975, -14.320318222, 34.5582771301, 8.2069196701, 53.7831993103, 13.1210336685, 29.4220428467, 44.8559989929, 16.9669818878, 2.67052078247, 20.838558197, 82.356590271]]
        icov: [[0.00021271656442, -0.000148642575368, 0.000220442045247, -0.000170396408066, 0.00042584023322, -0.000538221560419, 0.000309427909087, 6.11124642091e-006, -0.000414520443883, -0.000219922716497, 0.000272052449873, -0.000129933818243, -0.00016611762112], [-0.000148642575368, 0.00168739701621, -5.78773724556e-005, -0.000455895409686, 0.000405462546041, 0.00115157361142, -0.00049436831614, 7.03528930899e-005, 0.00107786571607, -0.000746916804928, 1.24807365864e-005, -0.000383492413675, -0.000521966372617], [0.000220442045247, -5.78773724556e-005, 0.00267202337272, 0.000249686243478, -0.00104015937541, -0.000532446196303, 0.000602013256866, -0.00114476808812, 0.000340005062753, 0.000370874855435, 0.000534993014298, -0.00115014566109, 0.000265035545453], [-0.000170396408066, -0.000455895409686, 0.000249686243478, 0.00365549884737, -0.00225573265925, -3.44488689734e-005, -0.000412326742662, 0.00055398629047, -0.00117424002383, 0.00180059089325, -0.000659855722915, 0.00186207820661, -0.000817683874629], [0.00042584023322, 0.000405462546041, -0.00104015937541, -0.00225573265925, 0.00757792964578, -0.00155646703206, 0.000943672843277, 0.00158436107449, 0.000559645704925, -0.00367610505782, 0.000868493982125, 0.000580639927648, -0.00116266764235], [-0.000538221560419, 0.00115157361142, -0.000532446196303, -3.44488689734e-005, -0.00155646703206, 0.00863743573427, -0.004566361662, 0.000169087201357, -0.00159129698295, -9.97688694042e-005, -0.00212722155266, 0.000669213011861, -0.00211433554068], [0.000309427909087, -0.00049436831614, 0.000602013256866, -0.000412326742662, 0.000943672843277, -0.004566361662, 0.011558718048, -0.00677340105176, 2.02952901418e-006, 0.0012969999807, 0.00154614413623, -0.00459033064544, 0.00341798760928], [6.11124642091e-006, 7.03528930899e-005, -0.00114476808812, 0.00055398629047, 0.00158436107449, 0.000169087201357, -0.00677340105176, 0.0139946890995, -0.0049191089347, -0.000135741036502, 2.3218928618e-005, 0.00217889226042, -0.00249875849113], [-0.000414520443883, 0.00107786571607, 0.000340005062753, -0.00117424002383, 0.000559645704925, -0.00159129698295, 2.02952901418e-006, -0.0049191089347, 0.0141566321254, -0.00722921779379, 0.00228844466619, 0.000177348425495, -0.00153607630637], [-0.000219922716497, -0.000746916804928, 0.000370874855435, 0.00180059089325, -0.00367610505782, -9.97688694042e-005, 0.0012969999807, -0.000135741036502, -0.00722921779379, 0.0200000982732, -0.00760385999456, 0.000272036180831, 0.000551430508494], [0.000272052449873, 1.24807365864e-005, 0.000534993014298, -0.000659855722915, 0.000868493982125, -0.00212722155266, 0.00154614413623, 2.3218928618e-005, 0.00228844466619, -0.00760385999456, 0.0176039729267, -0.00902724452317, 0.00236509693787], [-0.000129933818243, -0.000383492413675, -0.00115014566109, 0.00186207820661, 0.000580639927648, 0.000669213011861, -0.00459033064544, 0.00217889226042, 0.000177348425495, 0.000272036180831, -0.00902724452317, 0.0232660640031, -0.00670208781958], [-0.00016611762112, -0.000521966372617, 0.000265035545453, -0.000817683874629, -0.00116266764235, -0.00211433554068, 0.00341798760928, -0.00249875849113, -0.00153607630637, 0.000551430508494, 0.00236509693787, -0.00670208781958, 0.0174489244819]]
    sccoeffs:
        dmean: [0.0433003082871, 0.0441045239568, 0.035354681313, 0.0288003552705, 0.0186953600496, 0.0173275917768]
        dmean2: [0.0720628499985, 0.0718442872167, 0.0573422648013, 0.0472326055169, 0.0312201529741, 0.0274605974555]
        dvar: [0.00136368128005, 0.00142324063927, 0.00082762085367, 0.000539263535757, 0.000229804150877, 0.000219722249312]
        dvar2: [0.00372389401309, 0.0036320250947, 0.00206645485014, 0.00140899186954, 0.000607662543189, 0.000501066038851]
        max: [-0.330524802208, -0.412981152534, -0.488486886024, -0.567076265812, -0.648523688316, -0.607072770596]
        mean: [-0.662518143654, -0.706057190895, -0.781639039516, -0.776601552963, -0.800665199757, -0.731445133686]
        median: [-0.668982982635, -0.707078337669, -0.793850600719, -0.782354831696, -0.800085544586, -0.7246530056]
        min: [-0.981626749039, -0.977413356304, -0.976097226143, -0.970340311527, -0.970490992069, -0.964794993401]
        var: [0.0080374320969, 0.00865799002349, 0.00535600120202, 0.00352389551699, 0.0012036729604, 0.00245400471613]
    scvalleys:
        dmean: [0.360955506563, 0.356503307819, 0.315726399422, 0.251591563225, 0.179508522153, 0.227152854204]
        dmean2: [0.605094015598, 0.584242224693, 0.507369577885, 0.403362512589, 0.272685319185, 0.310839235783]
        dvar: [0.12249083817, 0.104883655906, 0.0851722955704, 0.061224874109, 0.0453960597515, 0.0847190693021]
        dvar2: [0.288442134857, 0.240026324987, 0.183912307024, 0.12395709008, 0.0768598988652, 0.1387398839]
        max: [-5.55175924301, -4.72657775879, -5.32202148438, -5.58569097519, -5.41123819351, -7.72201490402]
        mean: [-8.08976173401, -7.85295295715, -8.1627407074, -8.0738658905, -7.24814414978, -10.4551124573]
        median: [-7.20320129395, -7.39330720901, -7.47571706772, -7.29735326767, -6.36361980438, -9.77955818176]
        min: [-28.198091507, -28.2014636993, -27.9601211548, -27.8162498474, -27.4934368134, -27.4356975555]
        var: [7.00940322876, 6.21074438095, 6.42316865921, 6.39850854874, 6.67521905899, 5.58169460297]

rhythm:
    beats_loudness:
        dmean: 0.00122330943123
        dmean2: 0.00213694386184
        dvar: 1.95588449969e-006
        dvar2: 5.6182498156e-006
        max: 0.0114373993129
        mean: 0.00423045782372
        median: 0.00436910614371
        min: 0
        var: 1.04005130197e-005
    bpm: 118.017700195
    bpm_confidence: 0
    first_peak_bpm: 117
    first_peak_spread: 0.28112450242
    first_peak_weight: 0.68846154213
    onset_rate: 2.22653198242
    second_peak_bpm: 123
    second_peak_spread: 0
    second_peak_weight: 0.00961538497359
    beats_loudness_band_ratio:
        dmean: [0.0994703322649, 0.0826855525374, 0.0902902409434, 0.0507120378315, 0.119111999869, 0.124940082431]
        dmean2: [0.182892367244, 0.139154165983, 0.164196357131, 0.0846202820539, 0.197080880404, 0.227173864841]
        dvar: [0.0117411911488, 0.0101650534198, 0.00787385832518, 0.00375669286586, 0.0100410543382, 0.0110920984298]
        dvar2: [0.0335499383509, 0.0255261324346, 0.023808831349, 0.00880190823227, 0.0251900963485, 0.03600082919]
        max: [0.692495346069, 0.920476973057, 0.515259981155, 0.414654761553, 0.800499200821, 0.782030344009]
        mean: [0.101161256433, 0.129005163908, 0.116345845163, 0.0675062611699, 0.297487676144, 0.322498321533]
        median: [0.0630610287189, 0.0772242695093, 0.0914980620146, 0.0384743064642, 0.265160560608, 0.326479136944]
        min: [0, 0, 0, 0, 0, 0]
        var: [0.0120449345559, 0.019937235862, 0.00943813193589, 0.00567661225796, 0.0203947182745, 0.0175468213856]
    beats_position: [0.568888902664, 1.10294783115, 1.62539684772, 2.14784574509, 2.6470746994, 3.15791368484, 3.66875267029, 4.17959165573, 4.69043064117, 5.20126962662, 5.71210861206, 6.2229475975, 6.72217655182, 7.23301553726, 7.74385452271, 8.25469398499, 8.75392246246, 9.26476192474, 9.77560043335, 10.2748298645, 10.774058342, 11.2848978043, 11.7957363129, 12.3065757751, 12.8174142838, 13.328253746, 13.8390922546, 14.3499317169, 14.8607711792, 15.3716096878, 15.870839119, 16.3816776276, 16.8925170898, 17.4033565521, 17.9141941071, 18.4250335693, 18.9242630005, 19.4351024628, 19.9343299866, 20.4451694489, 20.94439888, 21.4552383423, 21.9660758972, 22.4769153595, 22.9877548218, 23.4985942841, 24.009431839, 24.5086612701, 25.0078907013, 25.5187301636, 26.0179595947, 26.5171871185, 27.0280265808, 27.5388660431, 28.0497055054, 28.5605430603, 29.0713825226, 29.5822219849, 30.0930614471, 30.6038990021, 31.1031284332, 31.6139678955, 32.1131973267, 32.6240348816, 33.1348762512, 33.6457138062, 34.1565513611, 34.6673927307, 35.1782302856, 35.6890678406, 36.1999092102, 36.7107467651, 37.2099761963, 37.7092056274, 38.2200431824, 38.730884552, 39.2417221069, 39.7525634766, 40.2634010315, 40.7742385864, 41.2850799561, 41.795917511, 42.3067550659, 42.8175964355, 43.3168258667, 43.8276634216, 44.3268928528, 44.8377304077, 45.3369598389, 45.83618927, 46.347026825, 46.8578681946, 47.3687057495, 47.8795471191, 48.3903846741, 48.901222229, 49.4004516602, 49.8996810913, 50.4105224609, 50.9213600159, 51.4321975708, 51.9430389404, 52.4538764954, 52.9647140503, 53.4755554199, 53.9863929749, 54.4972343445, 55.0080718994, 55.5073013306, 56.0181388855, 56.5173683167, 57.0165977478, 57.515827179, 58.0150566101, 58.5142860413, 59.0251235962, 59.6288414001, 60.2325630188, 60.8362808228, 61.4516105652, 62.0553283691, 62.5661659241, 63.0770072937, 63.5878448486, 64.0986862183, 64.5979156494, 65.1087493896, 65.6195907593, 66.1304321289, 66.6296615601, 67.1288909912, 67.6397247314, 68.1505661011, 68.6614074707, 69.1722412109, 69.6830825806, 70.1939239502, 70.7047576904, 71.2155990601, 71.7264404297, 72.2372741699, 72.7481155396, 73.2589569092, 73.7697982788, 74.280632019, 74.7914733887, 75.3023147583, 75.8131484985, 76.3239898682, 76.8348312378, 77.345664978, 77.8565063477, 78.3557357788, 78.85496521, 79.3658065796, 79.8766403198, 80.3874816895, 80.8983230591, 81.4091567993, 81.9199981689, 82.4308395386, 82.9300689697, 83.44090271, 83.9517440796, 84.4509735107, 84.9618148804, 85.4726486206, 85.9834899902, 86.4943313599, 87.0051651001, 87.5160064697, 88.0152359009, 88.5260772705, 89.0253067017, 89.5361404419, 90.035369873, 90.5345993042, 91.0454406738, 91.5562820435, 92.0671157837, 92.5779571533, 93.0887985229, 93.5996322632, 94.1104736328, 94.6213150024, 95.1205444336, 95.6197738647, 96.130607605, 96.6414489746, 97.1522903442, 97.6631240845, 98.1739654541, 98.6848068237, 99.1956481934, 99.6948699951, 100.194099426, 100.704940796, 101.215782166, 101.726615906, 102.237457275, 102.748298645, 103.259140015, 103.769973755, 104.269203186, 104.780044556, 105.279273987, 105.790107727, 106.289337158, 106.800178528, 107.311019897, 107.810249329, 108.321083069, 108.831924438, 109.342765808, 109.841995239, 110.352828979, 110.852058411, 111.36289978, 111.87374115, 112.38457489, 112.89541626, 113.394645691, 113.893875122, 114.404716492, 114.903945923, 115.403175354, 115.914009094, 116.424850464, 116.935691833, 117.446525574, 117.957366943, 118.468208313, 118.967437744, 119.466667175, 119.977500916, 120.476730347, 120.975959778, 121.486801147, 121.997642517, 122.508476257, 123.030929565, 123.553375244, 124.064216614, 124.563446045, 125.062675476, 125.573509216, 126.084350586, 126.595191956, 127.106025696, 127.616867065, 128.127700806, 128.638549805, 129.149383545, 129.660217285, 130.159454346, 130.670288086, 131.169525146, 131.668746948, 132.167984009, 132.678817749, 133.17805481, 133.677276611, 134.188110352, 134.710571289, 135.233016968, 135.743850708, 136.243087769, 136.753921509, 137.253143311, 137.76399231, 138.27482605, 138.78565979, 139.296508789, 139.807342529, 140.31817627, 140.829025269, 141.32824707, 141.827484131, 142.338317871, 142.849151611, 143.36000061, 143.870834351, 144.381668091, 144.89251709, 145.40335083, 145.914199829, 146.401809692, 146.912643433, 147.423492432, 147.934326172, 148.445159912, 148.956008911, 149.455230713, 149.954467773, 150.465301514, 150.976135254, 151.486984253, 151.997817993, 152.508651733, 153.019500732, 153.530334473, 154.029571533, 154.528793335, 155.039627075, 155.550476074, 156.061309814, 156.572158813, 157.082992554, 157.593826294, 158.104675293, 158.615509033, 159.114730835, 159.625579834, 160.136413574, 160.647247314, 161.146484375, 161.657318115, 162.168167114, 162.667388916, 163.166610718, 163.677459717, 164.188293457, 164.699142456, 165.209976196, 165.720809937, 166.231658936, 166.742492676, 167.253326416, 167.764175415, 168.263397217, 168.774230957, 169.273468018, 169.784301758, 170.295150757, 170.794372559, 171.293609619, 171.804443359, 172.3152771, 172.826126099, 173.336959839, 173.847793579, 174.358642578, 174.85786438, 175.35710144, 175.867935181, 176.378768921, 176.88961792, 177.40045166, 177.899673462, 178.398910522, 178.909744263, 179.420593262, 179.94303894, 180.465484619, 180.976318359, 181.487167358, 181.998001099, 182.485626221, 182.996459961, 183.507293701, 184.006530762, 184.505752563, 185.016601563, 185.527435303, 186.026657104, 186.525894165, 187.036727905, 187.547576904, 188.058410645, 188.569244385, 189.068481445, 189.579315186, 190.078552246, 190.589385986, 191.088607788, 191.599456787, 192.110290527, 192.632736206, 193.143585205, 193.654418945, 194.165252686, 194.676101685, 195.186935425, 195.686157227, 196.197006226, 196.696228027, 197.207077026, 197.729522705, 198.240356445, 198.751205444, 199.262039185, 199.761260986, 200.272109985, 200.759719849, 201.270568848, 201.781402588, 202.292236328, 202.791473389, 203.302307129, 203.813140869, 204.335601807, 204.846435547, 205.357269287, 205.868118286, 206.378952026, 206.878189087, 207.389022827, 207.899856567, 208.399093628, 208.909927368, 209.420761108, 209.931610107, 210.430831909, 210.93006897, 211.44090271, 211.95173645, 212.462585449, 212.973419189, 213.48425293, 213.995101929, 214.505935669, 214.993560791, 215.504394531, 216.015228271, 216.526077271, 217.036911011, 217.547744751, 218.05859375, 218.56942749, 219.057052612, 219.567886353, 220.078720093, 220.589569092, 221.100402832, 221.599639893, 222.098861694, 222.609695435, 223.120544434, 223.631378174, 224.142211914, 224.653060913, 225.175506592, 225.686340332, 226.185577393, 226.696411133, 227.207244873, 227.718093872, 228.217315674, 228.728164673, 229.227386475, 229.726623535, 230.225845337, 230.725082397, 231.224304199, 231.735137939, 232.245986938, 232.768432617, 233.290878296, 233.813323975, 234.312561035, 234.811782837, 235.311019897, 235.810241699, 236.30947876, 236.8203125, 237.33114624, 237.841995239, 238.352828979, 238.86366272, 239.374511719, 239.885345459, 240.396179199, 240.907028198, 241.417861938, 241.917098999, 242.416320801, 242.927154541, 243.43800354, 243.94883728, 244.471282959, 244.993743896, 245.504577637, 246.015411377, 246.526260376, 247.025482178, 247.524719238, 248.035552979, 248.546386719, 249.057235718, 249.568069458, 250.078903198, 250.589752197, 251.100585938, 251.611419678, 252.110656738, 252.60987854, 253.120727539, 253.631561279, 254.14239502, 254.653244019, 255.164077759, 255.674911499, 256.185760498, 256.696594238, 257.207427979, 257.718261719, 258.229125977, 258.739959717, 259.262390137, 259.784851074, 260.202819824, 260.620758057, 261.038726807, 261.456695557, 261.851409912, 262.246154785, 262.652526855, 263.058868408, 263.465209961, 263.871551514, 264.277923584]
