
metadata:
    version:
        essentia: "2.1-beta2"
    audio_properties:
        analysis_sample_rate: 44100
        bitrate: 320
        channels: 2
        equal_loudness: 1
        length: 217.312652588
        replay_gain: -14.1109390259
        downmix: "mix"
    tags:
        album: "Sehnsucht [Limited Edition]"
        artist: "Rammstein"
        comment: ""
        date: "1998"
        genre: "Industrial"
        title: "Eifersucht"
        tracknumber: "10"

configuration:
    average_loudness:
        compute: 1
        frameSize: 88200
        hopSize: 44100
        silentFrames: "noise"
        windowType: "hann"
    general:
        analysisSampleRate: 44100
        endTime: 2000
        equalLoudness: 1
        nequalLoudness: 0
        shortSound: 0
        startTime: 0
    lowlevel:
        compute: 1
        frameSize: 2048
        hopSize: 1024
        zeroPadding: 0
        silentFrames: "noise"
        windowType: "blackmanharris62"
        mfccStats: ["mean", "cov", "icov"]
        stats: ["mean", "var", "median", "min", "max", "dmean", "dmean2", "dvar", "dvar2"]
    panning:
        compute: 0
        frameSize: 8192
        hopSize: 2048
        zeroPadding: 8192
        silentFrames: "noise"
        windowType: "hann"
        stats: ["copy"]
    rhythm:
        compute: 1
        maxTempo: 208
        minTempo: 40
        method: "degara"
        stats: ["mean", "var", "median", "min", "max", "dmean", "dmean2", "dvar", "dvar2"]
    segmentation:
        compute: 0
        cpw: 5
        inc1: 300
        inc2: 50
        minimumSegmentsLength: 10
        size1: 1000
        size2: 600
    sfx:
        compute: 1
        stats: ["mean", "var", "median", "min", "max", "dmean", "dmean2", "dvar", "dvar2"]
    svm:
        compute: 0
    tonal:
        compute: 1
        frameSize: 4096
        hopSize: 2048
        zeroPadding: 0
        silentFrames: "noise"
        windowType: "blackmanharris62"
        stats: ["mean", "var", "median", "min", "max", "dmean", "dmean2", "dvar", "dvar2"]

lowlevel:
    average_loudness: 0.913946270943
    barkbands_kurtosis:
        dmean: 1.78395915031
        dmean2: 2.77847409248
        dvar: 35.6461868286
        dvar2: 65.5500564575
        max: 356.399688721
        mean: 0.71422213316
        median: -0.978960692883
        min: -1.92845761776
        var: 80.3402709961
    barkbands_skewness:
        dmean: 0.594609200954
        dmean2: 0.86783605814
        dvar: 0.474120765924
        dvar2: 0.878638982773
        max: 17.4738349915
        mean: -0.167127430439
        median: -0.350997686386
        min: -4.90490722656
        var: 1.71807765961
    barkbands_spread:
        dmean: 7.14170694351
        dmean2: 11.1146230698
        dvar: 50.4366760254
        dvar2: 117.334770203
        max: 90.1932067871
        mean: 33.4374046326
        median: 34.7891769409
        min: 0.289442807436
        var: 205.04359436
    dissonance:
        dmean: 0.0122793195769
        dmean2: 0.0203751120716
        dvar: 0.000323821353959
        dvar2: 0.000846598530188
        max: 0.500000059605
        mean: 0.479240834713
        median: 0.486936897039
        min: 0.170506834984
        var: 0.000805134768598
    hfc:
        dmean: 3.79019284248
        dmean2: 5.5160946846
        dvar: 27.4437770844
        dvar2: 65.0168457031
        max: 51.4588546753
        mean: 7.87035942078
        median: 6.36660575867
        min: 1.10191045504e-016
        var: 56.2518234253
    pitch:
        dmean: 776.152709961
        dmean2: 1467.61560059
        dvar: 1559549
        dvar2: 3595481
        max: 5649.31640625
        mean: 2282.88549805
        median: 3188.07910156
        min: 43.2223510742
        var: 2770219.25
    pitch_instantaneous_confidence:
        dmean: 0.0948849767447
        dmean2: 0.152345195413
        dvar: 0.00646821502596
        dvar2: 0.0159393083304
        max: 0.987412929535
        mean: 0.42642891407
        median: 0.402634292841
        min: 0.0985469222069
        var: 0.0250670015812
    pitch_salience:
        dmean: 0.0673952996731
        dmean2: 0.107152864337
        dvar: 0.0045289285481
        dvar2: 0.0101228794083
        max: 0.992973923683
        mean: 0.67151248455
        median: 0.702842593193
        min: 0.0418139509857
        var: 0.0132327117026
    silence_rate_20dB:
        dmean: 0
        dmean2: 0
        dvar: 0
        dvar2: 0
        max: 1
        mean: 1
        median: 1
        min: 1
        var: 0
    silence_rate_30dB:
        dmean: 0
        dmean2: 0
        dvar: 0
        dvar2: 0
        max: 1
        mean: 1
        median: 1
        min: 1
        var: 0
    silence_rate_60dB:
        dmean: 0.151511907578
        dmean2: 0.303056210279
        dvar: 0.128550976515
        dvar2: 0.235348120332
        max: 1
        mean: 0.508440196514
        median: 1
        min: 0
        var: 0.249928057194
    spectral_centroid:
        dmean: 379.065826416
        dmean2: 566.8828125
        dvar: 163556.203125
        dvar2: 327475.03125
        max: 11698.5957031
        mean: 2081.30517578
        median: 2075.40185547
        min: 182.229934692
        var: 1314201.75
    spectral_complexity:
        dmean: 5.57132148743
        dmean2: 7.74118423462
        dvar: 39.7601470947
        dvar2: 75.4904327393
        max: 52
        mean: 13.9259614944
        median: 12
        min: 0
        var: 133.754669189
    spectral_crest:
        dmean: 2.15892958641
        dmean2: 3.5020108223
        dvar: 5.0135383606
        dvar2: 12.094244957
        max: 26.7874622345
        mean: 7.50521421432
        median: 6.37404155731
        min: 2.47877240181
        var: 14.6459417343
    spectral_decrease:
        dmean: 3.28174432074e-010
        dmean2: 4.68716898627e-010
        dvar: 2.03952986403e-019
        dvar2: 4.71660349832e-019
        max: 1.86674370978e-028
        mean: -7.74716735208e-010
        median: -6.24491902634e-010
        min: -4.51554038605e-009
        var: 4.33472109287e-019
    spectral_energy:
        dmean: 0.00155822653323
        dmean2: 0.00221986905672
        dvar: 4.57645319329e-006
        dvar2: 1.06486495497e-005
        max: 0.0214996580034
        mean: 0.00363782607019
        median: 0.00295549025759
        min: 1.01104630296e-020
        var: 9.7293050203e-006
    spectral_energyband_high:
        dmean: 0.000284207460936
        dmean2: 0.000429821811849
        dvar: 1.86210357356e-007
        dvar2: 4.44771472985e-007
        max: 0.00690214149654
        mean: 0.000525649054907
        median: 0.000345416134223
        min: 7.06840939166e-021
        var: 3.7777323314e-007
    spectral_energyband_low:
        dmean: 0.000276102044154
        dmean2: 0.000434044311987
        dvar: 2.58298939571e-007
        dvar2: 5.82692791795e-007
        max: 0.00473994202912
        mean: 0.000375547650037
        median: 0.000190722290426
        min: 1.68859684176e-023
        var: 3.02225629412e-007
    spectral_energyband_middle_high:
        dmean: 0.000924693769775
        dmean2: 0.00135938706808
        dvar: 1.46561069414e-006
        dvar2: 3.37055803357e-006
        max: 0.0134622501209
        mean: 0.00187687913422
        median: 0.00137590826489
        min: 1.05973155675e-021
        var: 3.43015108228e-006
    spectral_energyband_middle_low:
        dmean: 0.000515212770551
        dmean2: 0.000830150325783
        dvar: 5.96783365836e-007
        dvar2: 1.59017611168e-006
        max: 0.00956774596125
        mean: 0.000996517832391
        median: 0.000755774090067
        min: 1.99877688658e-022
        var: 9.16529359074e-007
    spectral_flatness_db:
        dmean: 0.0183912068605
        dmean2: 0.0262289159
        dvar: 0.000441655807663
        dvar2: 0.000899568025488
        max: 0.564167797565
        mean: 0.143750995398
        median: 0.126090556383
        min: 0.045879304409
        var: 0.0035596860107
    spectral_flux:
        dmean: 0.00934802554548
        dmean2: 0.0128893395886
        dvar: 0.000117898918688
        dvar2: 0.000211852093344
        max: 0.116004116833
        mean: 0.0373234599829
        median: 0.03654704988
        min: 6.39149150272e-011
        var: 0.000418821175117
    spectral_kurtosis:
        dmean: 1.63634669781
        dmean2: 2.5932431221
        dvar: 20.1344451904
        dvar2: 48.9629707336
        max: 148.417816162
        mean: 4.98614168167
        median: 3.07037734985
        min: -1.26532661915
        var: 92.8497161865
    spectral_rms:
        dmean: 0.000373680260964
        dmean2: 0.000501455797348
        dvar: 1.75931177182e-007
        dvar2: 3.72333886389e-007
        max: 0.00457987748086
        mean: 0.00168992439285
        median: 0.00169805926271
        min: 3.14067933986e-012
        var: 6.93257959483e-007
    spectral_rolloff:
        dmean: 424.075042725
        dmean2: 676.289733887
        dvar: 448003.15625
        dvar2: 854835.6875
        max: 19638.28125
        mean: 3617.03173828
        median: 3875.9765625
        min: 150.732421875
        var: 3483058
    spectral_skewness:
        dmean: 0.217233851552
        dmean2: 0.326915681362
        dvar: 0.100301012397
        dvar2: 0.238508746028
        max: 10.3457193375
        mean: 1.41623210907
        median: 1.25188565254
        min: -0.186011001468
        var: 0.624567389488
    spectral_spread:
        dmean: 658434.875
        dmean2: 926899.125
        dvar: 803040854016
        dvar2: 1.51436079923e+012
        max: 42387848
        mean: 5701688.5
        median: 5343607
        min: 563793.875
        var: 1.51648290734e+013
    spectral_strongpeak:
        dmean: 0.440519750118
        dmean2: 0.772464752197
        dvar: 0.45817476511
        dvar2: 1.16627573967
        max: 5.97044849396
        mean: 0.515521466732
        median: 0.18170851469
        min: 6.01816652068e-011
        var: 0.534911036491
    zerocrossingrate:
        dmean: 0.0118258073926
        dmean2: 0.0131199369207
        dvar: 0.000147736063809
        dvar2: 0.00016355374828
        max: 0.5322265625
        mean: 0.113261424005
        median: 0.1162109375
        min: 0.01318359375
        var: 0.00254582311027
    barkbands:
        dmean: [2.55358656887e-007, 5.3238698456e-005, 0.000194724663743, 0.000181163180969, 0.000164083510754, 0.000119364522106, 9.85216101981e-005, 8.3543236542e-005, 9.46891959757e-005, 5.5070482631e-005, 5.08851117047e-005, 5.18285487487e-005, 8.13808510429e-005, 4.87929100927e-005, 5.82214088354e-005, 0.000109568776679, 0.000186351797311, 0.000194672757061, 0.000258246815065, 0.00027287795092, 0.000132050947286, 4.8301222705e-005, 8.54191603139e-006, 4.76452578368e-006, 2.69549423138e-006, 9.08921435894e-008, 2.1115365012e-009]
        dmean2: [3.72519565417e-007, 9.44391795201e-005, 0.000318351259921, 0.00030977249844, 0.00027259576018, 0.000191980783711, 0.000162643627846, 0.000134748523124, 0.000151544678374, 8.82691165316e-005, 8.25044553494e-005, 8.2630518591e-005, 0.000138048169902, 7.91967831901e-005, 9.27157889237e-005, 0.000168684186065, 0.000294858822599, 0.00030700219213, 0.000401072960813, 0.000420605356339, 0.000204006559215, 7.5052579632e-005, 1.34401707328e-005, 7.32321450414e-006, 3.98168413085e-006, 1.36982222898e-007, 3.24495852411e-009]
        dvar: [1.75480642387e-013, 1.58568465025e-008, 1.55361391307e-007, 1.01240267725e-007, 7.22989952351e-008, 3.58109772947e-008, 3.37542722662e-008, 5.73499221446e-008, 2.88428196882e-008, 2.16643822881e-008, 1.43529943486e-008, 1.55940913515e-008, 5.80813939166e-008, 7.90346366131e-009, 1.26517178956e-008, 4.44628014407e-008, 1.22531687907e-007, 1.13386853684e-007, 1.36708976584e-007, 1.61452902603e-007, 4.26188222491e-008, 8.4637372666e-009, 1.92141261235e-010, 8.26833601586e-011, 3.3995192078e-011, 2.109825071e-014, 7.96381286907e-018]
        dvar2: [3.91034481271e-013, 4.47367263234e-008, 3.84019102739e-007, 2.83571438331e-007, 1.94869272718e-007, 8.7262655768e-008, 8.53711910054e-008, 1.40071847454e-007, 7.34953360393e-008, 5.44239888711e-008, 3.38456445093e-008, 3.77360187542e-008, 1.7536285668e-007, 1.94006908316e-008, 2.9774412269e-008, 9.90949757806e-008, 2.82580970179e-007, 2.74237066833e-007, 3.32673295134e-007, 3.97296702204e-007, 1.01750345038e-007, 1.91185449694e-008, 4.53808934875e-010, 1.74170206035e-010, 5.99429186843e-011, 4.70138894991e-014, 1.84921950026e-017]
        max: [3.73729290004e-006, 0.000954112620093, 0.00284605496563, 0.00372131727636, 0.00338965165429, 0.00350003503263, 0.00357494712807, 0.00664125010371, 0.0034876014106, 0.00460390700027, 0.00296094012447, 0.00351255876012, 0.00601622741669, 0.00200386578217, 0.00235525215976, 0.0037671434693, 0.00749829504639, 0.00829527154565, 0.00460115261376, 0.0047598653473, 0.00480120209977, 0.00251909531653, 0.000262266723439, 0.000169314764207, 0.000131887121825, 2.76463219961e-006, 3.01518916501e-008]
        mean: [4.53723231431e-007, 5.37849336979e-005, 0.000209565347177, 0.000219521331019, 0.00023514732311, 0.000166362849995, 0.000118795367598, 0.000106559113192, 0.000127755629364, 7.19439340173e-005, 6.40742946416e-005, 6.74051989336e-005, 0.00010122636013, 6.36618642602e-005, 7.75230437284e-005, 0.000167398364283, 0.000291055534035, 0.000297932972899, 0.000418899086071, 0.000445717480034, 0.000233236598433, 7.44032731745e-005, 1.29537693283e-005, 7.72815747041e-006, 4.56015550299e-006, 1.63514414453e-007, 3.63591334818e-009]
        median: [1.09045025454e-007, 1.85291100934e-005, 7.63196658227e-005, 0.000106550462078, 0.000148293096572, 8.70182266226e-005, 4.70290324301e-005, 3.23462591041e-005, 4.89385638502e-005, 1.80543174793e-005, 1.95776374312e-005, 1.87172627193e-005, 3.11425028485e-005, 2.62502981059e-005, 3.16937112075e-005, 7.44180433685e-005, 0.000128290965222, 0.000156148627866, 0.000287015340291, 0.000271969242021, 0.000134378409712, 4.00272328989e-005, 6.00806197326e-006, 2.44924012804e-006, 1.37140045808e-006, 8.50396588703e-008, 2.18442508526e-009]
        min: [2.6535860902e-025, 3.04901662122e-024, 1.36940316968e-024, 2.02747409226e-024, 8.11344072109e-024, 7.66922683447e-024, 3.67030000156e-024, 8.68527652495e-024, 1.2639041071e-023, 1.18960484831e-023, 1.346685435e-023, 2.17465380406e-023, 2.57305475137e-023, 3.0145956617e-023, 6.54440016713e-023, 4.00780057146e-023, 8.08183516669e-023, 1.03227611754e-022, 1.15673224131e-022, 1.36268993971e-022, 2.40464190957e-022, 2.99088546901e-022, 4.17136166626e-022, 5.99025630456e-022, 8.69323202941e-022, 1.31925068919e-021, 1.96730065489e-021]
        var: [4.53594708452e-013, 1.26202017725e-008, 1.42185612617e-007, 1.02736720464e-007, 8.46235792551e-008, 5.39270459399e-008, 4.36467075815e-008, 8.42321128403e-008, 4.28684465703e-008, 3.94952550664e-008, 2.08834851634e-008, 2.8210713765e-008, 6.89252885877e-008, 1.21184564605e-008, 2.02090717494e-008, 8.47506242962e-008, 2.47444319257e-007, 1.84363244671e-007, 2.1604721212e-007, 2.64385846549e-007, 9.0062378888e-008, 1.67703344545e-008, 3.11276726617e-010, 2.15782058888e-010, 1.09929745862e-010, 4.71479341571e-014, 1.54592942733e-017]
    frequency_bands:
        dmean: [2.55358656887e-007, 5.3238698456e-005, 0.000194724663743, 0.000181163180969, 0.000164083510754, 0.000119364522106, 9.85216101981e-005, 8.3543236542e-005, 9.46891959757e-005, 5.5070482631e-005, 5.08851117047e-005, 5.18285487487e-005, 8.13808510429e-005, 4.87929100927e-005, 5.82214088354e-005, 0.000109568776679, 0.000186351797311, 0.000194672757061, 0.000258246815065, 0.00027287795092, 0.000132050947286, 4.8301222705e-005, 8.54191603139e-006, 4.76452578368e-006, 2.69549423138e-006, 9.08921435894e-008, 2.1115365012e-009, 4.43355595292e-011]
        dmean2: [3.72519565417e-007, 9.44391795201e-005, 0.000318351259921, 0.00030977249844, 0.00027259576018, 0.000191980783711, 0.000162643627846, 0.000134748523124, 0.000151544678374, 8.82691165316e-005, 8.25044553494e-005, 8.2630518591e-005, 0.000138048169902, 7.91967831901e-005, 9.27157889237e-005, 0.000168684186065, 0.000294858822599, 0.00030700219213, 0.000401072960813, 0.000420605356339, 0.000204006559215, 7.5052579632e-005, 1.34401707328e-005, 7.32321450414e-006, 3.98168413085e-006, 1.36982222898e-007, 3.24495852411e-009, 8.27582377627e-011]
        dvar: [1.75480642387e-013, 1.58568465025e-008, 1.55361391307e-007, 1.01240267725e-007, 7.22989952351e-008, 3.58109772947e-008, 3.37542722662e-008, 5.73499221446e-008, 2.88428196882e-008, 2.16643822881e-008, 1.43529943486e-008, 1.55940913515e-008, 5.80813939166e-008, 7.90346366131e-009, 1.26517178956e-008, 4.44628014407e-008, 1.22531687907e-007, 1.13386853684e-007, 1.36708976584e-007, 1.61452902603e-007, 4.26188222491e-008, 8.4637372666e-009, 1.92141261235e-010, 8.26833601586e-011, 3.3995192078e-011, 2.109825071e-014, 7.96381286907e-018, 6.34129743839e-021]
        dvar2: [3.91034481271e-013, 4.47367263234e-008, 3.84019102739e-007, 2.83571438331e-007, 1.94869272718e-007, 8.7262655768e-008, 8.53711910054e-008, 1.40071847454e-007, 7.34953360393e-008, 5.44239888711e-008, 3.38456445093e-008, 3.77360187542e-008, 1.7536285668e-007, 1.94006908316e-008, 2.9774412269e-008, 9.90949757806e-008, 2.82580970179e-007, 2.74237066833e-007, 3.32673295134e-007, 3.97296702204e-007, 1.01750345038e-007, 1.91185449694e-008, 4.53808934875e-010, 1.74170206035e-010, 5.99429186843e-011, 4.70138894991e-014, 1.84921950026e-017, 2.06031578191e-020]
        max: [3.73729290004e-006, 0.000954112620093, 0.00284605496563, 0.00372131727636, 0.00338965165429, 0.00350003503263, 0.00357494712807, 0.00664125010371, 0.0034876014106, 0.00460390700027, 0.00296094012447, 0.00351255876012, 0.00601622741669, 0.00200386578217, 0.00235525215976, 0.0037671434693, 0.00749829504639, 0.00829527154565, 0.00460115261376, 0.0047598653473, 0.00480120209977, 0.00251909531653, 0.000262266723439, 0.000169314764207, 0.000131887121825, 2.76463219961e-006, 3.01518916501e-008, 1.21597298897e-009]
        mean: [4.53723231431e-007, 5.37849336979e-005, 0.000209565347177, 0.000219521331019, 0.00023514732311, 0.000166362849995, 0.000118795367598, 0.000106559113192, 0.000127755629364, 7.19439340173e-005, 6.40742946416e-005, 6.74051989336e-005, 0.00010122636013, 6.36618642602e-005, 7.75230437284e-005, 0.000167398364283, 0.000291055534035, 0.000297932972899, 0.000418899086071, 0.000445717480034, 0.000233236598433, 7.44032731745e-005, 1.29537693283e-005, 7.72815747041e-006, 4.56015550299e-006, 1.63514414453e-007, 3.63591334818e-009, 3.3354811968e-011]
        median: [1.09045025454e-007, 1.85291100934e-005, 7.63196658227e-005, 0.000106550462078, 0.000148293096572, 8.70182266226e-005, 4.70290324301e-005, 3.23462591041e-005, 4.89385638502e-005, 1.80543174793e-005, 1.95776374312e-005, 1.87172627193e-005, 3.11425028485e-005, 2.62502981059e-005, 3.16937112075e-005, 7.44180433685e-005, 0.000128290965222, 0.000156148627866, 0.000287015340291, 0.000271969242021, 0.000134378409712, 4.00272328989e-005, 6.00806197326e-006, 2.44924012804e-006, 1.37140045808e-006, 8.50396588703e-008, 2.18442508526e-009, 8.77714741165e-012]
        min: [2.6535860902e-025, 3.04901662122e-024, 1.36940316968e-024, 2.02747409226e-024, 8.11344072109e-024, 7.66922683447e-024, 3.67030000156e-024, 8.68527652495e-024, 1.2639041071e-023, 1.18960484831e-023, 1.346685435e-023, 2.17465380406e-023, 2.57305475137e-023, 3.0145956617e-023, 6.54440016713e-023, 4.00780057146e-023, 8.08183516669e-023, 1.03227611754e-022, 1.15673224131e-022, 1.36268993971e-022, 2.40464190957e-022, 2.99088546901e-022, 4.17136166626e-022, 5.99025630456e-022, 8.69323202941e-022, 1.31925068919e-021, 1.96730065489e-021, 5.11787610784e-022]
        var: [4.53594708452e-013, 1.26202017725e-008, 1.42185612617e-007, 1.02736720464e-007, 8.46235792551e-008, 5.39270459399e-008, 4.36467075815e-008, 8.42321128403e-008, 4.28684465703e-008, 3.94952550664e-008, 2.08834851634e-008, 2.8210713765e-008, 6.89252885877e-008, 1.21184564605e-008, 2.02090717494e-008, 8.47506242962e-008, 2.47444319257e-007, 1.84363244671e-007, 2.1604721212e-007, 2.64385846549e-007, 9.0062378888e-008, 1.67703344545e-008, 3.11276726617e-010, 2.15782058888e-010, 1.09929745862e-010, 4.71479341571e-014, 1.54592942733e-017, 4.56189946264e-021]
    mfcc:
        mean: [-741.208862305, 81.4730987549, -38.8386268616, 52.3555526733, -11.230682373, -6.57084417343, 0.0301830228418, -7.45867204666, -3.38848876953, -7.29652023315, -3.31017374992, -2.64549398422, -4.80478000641]
        cov: [[11499.0341797, 328.591156006, -119.597488403, 1459.86853027, -487.438446045, -0.536466598511, -105.055404663, 146.556152344, 170.055374146, -154.976837158, -193.76789856, -73.6920089722, 95.6659240723], [328.591156006, 935.571411133, -139.902053833, -57.4399757385, 65.5789642334, -46.2621040344, -22.3074989319, -33.3223419189, -70.9778366089, -52.743522644, -15.2755270004, 4.45877361298, -29.3052539825], [-119.597488403, -139.902053833, 879.597167969, 211.372940063, 26.4410858154, 73.3797302246, 11.4020090103, 49.8682594299, 52.8131370544, 18.5442810059, 6.90410375595, 2.32883882523, 13.8545351028], [1459.86853027, -57.4399757385, 211.372940063, 763.038818359, 15.293970108, 41.5361557007, -1.3490241766, -1.91980397701, 44.1292991638, -11.1960477829, -50.8556442261, -43.3971977234, 34.4074821472], [-487.438446045, 65.5789642334, 26.4410858154, 15.293970108, 312.849945068, 63.9473762512, -6.67219734192, -34.7417564392, -34.899230957, 0.161534503102, 7.68169498444, 15.7463521957, -3.21449398994], [-0.536466598511, -46.2621040344, 73.3797302246, 41.5361557007, 63.9473762512, 173.336486816, 78.1424484253, 30.4797229767, 11.0485095978, 3.59035372734, 9.8341293335, 10.1605911255, 15.214966774], [-105.055404663, -22.3074989319, 11.4020090103, -1.3490241766, -6.67219734192, 78.1424484253, 139.25340271, 56.9235877991, 8.21252536774, 4.50618171692, 15.3361606598, 8.11004447937, 10.0165348053], [146.556152344, -33.3223419189, 49.8682594299, -1.91980397701, -34.7417564392, 30.4797229767, 56.9235877991, 145.219207764, 72.7147674561, -2.54164123535, 0.355849206448, 22.2904415131, 5.00428962708], [170.055374146, -70.9778366089, 52.8131370544, 44.1292991638, -34.899230957, 11.0485095978, 8.21252536774, 72.7147674561, 129.991592407, 33.777431488, 0.251747995615, 20.9972953796, 14.393447876], [-154.976837158, -52.743522644, 18.5442810059, -11.1960477829, 0.161534503102, 3.59035372734, 4.50618171692, -2.54164123535, 33.777431488, 96.9601669312, 37.5765724182, 4.87245082855, -0.174655139446], [-193.76789856, -15.2755270004, 6.90410375595, -50.8556442261, 7.68169498444, 9.8341293335, 15.3361606598, 0.355849206448, 0.251747995615, 37.5765724182, 87.6660003662, 31.1051921844, -8.0665102005], [-73.6920089722, 4.45877361298, 2.32883882523, -43.3971977234, 15.7463521957, 10.1605911255, 8.11004447937, 22.2904415131, 20.9972953796, 4.87245082855, 31.1051921844, 77.5119857788, 23.2039031982], [95.6659240723, -29.3052539825, 13.8545351028, 34.4074821472, -3.21449398994, 15.214966774, 10.0165348053, 5.00428962708, 14.393447876, -0.174655139446, -8.0665102005, 23.2039031982, 65.9051513672]]
        icov: [[0.000148547289427, -8.06756288512e-005, 9.41054167924e-005, -0.000306567817461, 0.000274355930742, -0.000176681249286, 0.000282235181658, -0.000198872483452, -9.82253823167e-006, 0.000121770099213, 2.81296543108e-005, -2.92464592349e-005, -6.86470521032e-005], [-8.06756288512e-005, 0.00124189862981, 8.19182823761e-005, 0.000152947279275, -0.000415025831899, 0.000435502734035, -0.000235599072766, 7.02968318365e-005, 0.00044543138938, 0.000332698662532, 0.000207760240301, -0.000426208745921, 0.000561031338293], [9.41054167924e-005, 8.19182823761e-005, 0.0013721663272, -0.000531542988028, 0.000105851679109, -0.000612593255937, 0.000594964018092, -0.000605947861914, -6.67681160849e-005, -3.5688841308e-005, -0.000240698544076, 4.56244633824e-005, -3.99890413973e-005], [-0.000306567817461, 0.000152947279275, -0.000531542988028, 0.00224061869085, -0.000693571229931, 0.000137529510539, -0.000600162136834, 0.000856684811879, -0.000848872587085, 0.000130376734887, 0.000257932464592, 0.0012716712663, -0.000814856030047], [0.000274355930742, -0.000415025831899, 0.000105851679109, -0.000693571229931, 0.00448848539963, -0.00243931100704, 0.00154424784705, 0.00024860308622, 0.00105834042188, -0.000356416509021, 0.000515426101629, -0.00160735030659, 0.000682462356053], [-0.000176681249286, 0.000435502734035, -0.000612593255937, 0.000137529510539, -0.00243931100704, 0.00956806261092, -0.00554582709447, 0.000444541976321, -0.000730456609745, 0.000412919849623, -0.000426529615652, 0.00023428456916, -0.000985727529041], [0.000282235181658, -0.000235599072766, 0.000594964018092, -0.000600162136834, 0.00154424784705, -0.00554582709447, 0.0129158049822, -0.00566698750481, 0.00292672263458, -0.000791166618001, -0.00179098930676, 0.00112164102029, -0.00175864202902], [-0.000198872483452, 7.02968318365e-005, -0.000605947861914, 0.000856684811879, 0.00024860308622, 0.000444541976321, -0.00566698750481, 0.0136832958087, -0.00771132297814, 0.00307949748822, 0.00067649333505, -0.00220580422319, 0.00228356313892], [-9.82253823167e-006, 0.00044543138938, -6.67681160849e-005, -0.000848872587085, 0.00105834042188, -0.000730456609745, 0.00292672263458, -0.00771132297814, 0.0149961393327, -0.00633643940091, 0.00285199843347, -0.0032999527175, -0.000750466948375], [0.000121770099213, 0.000332698662532, -3.5688841308e-005, 0.000130376734887, -0.000356416509021, 0.000412919849623, -0.000791166618001, 0.00307949748822, -0.00633643940091, 0.0157687496394, -0.00754106463864, 0.00344471260905, -0.00102584797423], [2.81296543108e-005, 0.000207760240301, -0.000240698544076, 0.000257932464592, 0.000515426101629, -0.000426529615652, -0.00179098930676, 0.00067649333505, 0.00285199843347, -0.00754106463864, 0.0190435964614, -0.00942191667855, 0.00531720835716], [-2.92464592349e-005, -0.000426208745921, 4.56244633824e-005, 0.0012716712663, -0.00160735030659, 0.00023428456916, 0.00112164102029, -0.00220580422319, -0.0032999527175, 0.00344471260905, -0.00942191667855, 0.0215656254441, -0.00897223688662], [-6.86470521032e-005, 0.000561031338293, -3.99890413973e-005, -0.000814856030047, 0.000682462356053, -0.000985727529041, -0.00175864202902, 0.00228356313892, -0.000750466948375, -0.00102584797423, 0.00531720835716, -0.00897223688662, 0.020281933248]]
    sccoeffs:
        dmean: [0.0558805502951, 0.0503907129169, 0.0396288521588, 0.032338000834, 0.0227039009333, 0.0206960886717]
        dmean2: [0.0881960242987, 0.0818344801664, 0.0650763884187, 0.0526402443647, 0.036195140332, 0.0317785181105]
        dvar: [0.00231895293109, 0.00166867463849, 0.00109422323294, 0.000744499266148, 0.000427877675975, 0.000376899290131]
        dvar2: [0.00579180056229, 0.00439460156485, 0.00285477400757, 0.00181943038478, 0.000983708770946, 0.000794769497588]
        max: [-0.359148144722, -0.436544299126, -0.541522443295, -0.543253660202, -0.538682579994, -0.577736854553]
        mean: [-0.675608158112, -0.770992875099, -0.799825072289, -0.796146988869, -0.796456336975, -0.75964730978]
        median: [-0.675888538361, -0.776316046715, -0.806994199753, -0.804493665695, -0.801272511482, -0.756464481354]
        min: [-0.979486167431, -0.980784296989, -0.977935731411, -0.975204765797, -0.974261641502, -0.965277135372]
        var: [0.00727330567315, 0.00461043277755, 0.00353676802479, 0.00296854344197, 0.00190181471407, 0.00243676942773]
    scvalleys:
        dmean: [0.397854685783, 0.462315201759, 0.468476712704, 0.426616638899, 0.36447763443, 0.373791098595]
        dmean2: [0.639013648033, 0.700360059738, 0.664500951767, 0.585563242435, 0.468735039234, 0.493050426245]
        dvar: [0.136049211025, 0.204179540277, 0.204088762403, 0.185309410095, 0.175722837448, 0.204808145761]
        dvar2: [0.294501930475, 0.400395721197, 0.403232127428, 0.340664386749, 0.304473906755, 0.393024325371]
        max: [-5.36447286606, -4.85853290558, -4.6995716095, -5.62234067917, -5.41113710403, -7.35703325272]
        mean: [-7.5512919426, -7.19022703171, -7.6839017868, -7.78346538544, -7.41745710373, -9.88803291321]
        median: [-6.92772483826, -6.71041440964, -7.28801631927, -7.4332780838, -6.78628921509, -9.35475540161]
        min: [-27.9384479523, -27.9365921021, -27.6986579895, -27.7517356873, -27.5056591034, -27.4014911652]
        var: [5.8451795578, 5.38875722885, 5.09618473053, 4.9360742569, 5.54467725754, 5.34120607376]

rhythm:
    beats_loudness:
        dmean: 0.00184116407763
        dmean2: 0.00333036854863
        dvar: 2.43170643444e-006
        dvar2: 6.95623566571e-006
        max: 0.0141521571204
        mean: 0.00630697235465
        median: 0.00686221756041
        min: 0
        var: 8.30161025078e-006
    bpm: 129.961547852
    bpm_confidence: 0
    first_peak_bpm: 129
    first_peak_spread: 0.279176205397
    first_peak_weight: 0.674518227577
    onset_rate: 4.37618398666
    second_peak_bpm: 123
    second_peak_spread: 0.294117629528
    second_peak_weight: 0.0256959311664
    beats_loudness_band_ratio:
        dmean: [0.136131390929, 0.0601813532412, 0.0561385080218, 0.0567132160068, 0.0947805866599, 0.0949920639396]
        dmean2: [0.250035852194, 0.108174681664, 0.0987614020705, 0.0963907837868, 0.156743869185, 0.166462510824]
        dvar: [0.0168407876045, 0.00509624462575, 0.00469543877989, 0.00658295117319, 0.0109135871753, 0.00986500363797]
        dvar2: [0.0521116741002, 0.0120531292632, 0.0111068701372, 0.0169496238232, 0.0317383743823, 0.0262933019549]
        max: [0.78968757391, 0.985139489174, 0.584461450577, 0.746233522892, 0.828946232796, 0.866786599159]
        mean: [0.254416614771, 0.102778024971, 0.0889801457524, 0.0873196646571, 0.203653380275, 0.2732604146]
        median: [0.248903989792, 0.0816836506128, 0.0762119740248, 0.0592069886625, 0.175713583827, 0.284692525864]
        min: [0, 0, 0, 0, 0, 0]
        var: [0.0269407946616, 0.0130442371592, 0.00572771253064, 0.00935187097639, 0.0151217067614, 0.0151625853032]
    beats_position: [0.522448956966, 1.01006805897, 1.49768710136, 1.99691605568, 2.46131515503, 2.92571425438, 3.39011335373, 3.85451245308, 4.31891155243, 4.78331041336, 5.25931978226, 5.74693870544, 6.23455762863, 6.73378658295, 7.23301553726, 7.72063493729, 8.20825386047, 8.68426322937, 9.14866161346, 9.61306095123, 10.077460289, 10.5418596268, 11.0062580109, 11.4706573486, 11.9234466553, 12.3762359619, 12.840634346, 13.3050336838, 13.7694330215, 14.2338323593, 14.6866207123, 15.1394100189, 15.6038093567, 16.0682086945, 16.5326080322, 16.99700737, 17.4614048004, 17.9258041382, 18.390203476, 18.8546028137, 19.3306121826, 19.8066215515, 20.2826309204, 20.7702484131, 21.2578678131, 21.7454872131, 22.2331066132, 22.7323360443, 23.2083435059, 23.6727428436, 24.1255321503, 24.589931488, 25.0543308258, 25.5187301636, 25.9831295013, 26.4475269318, 26.9119262695, 27.3763256073, 27.8291149139, 28.2819042206, 28.7463035583, 29.2107028961, 29.6751022339, 30.1394996643, 30.5922889709, 31.0450782776, 31.5094776154, 31.9738769531, 32.4382743835, 32.9026756287, 33.3670730591, 33.8198623657, 34.2726516724, 34.7370529175, 35.2014503479, 35.6658477783, 36.1302490234, 36.5946464539, 37.059047699, 37.5118370056, 37.976234436, 38.4290237427, 38.8934249878, 39.3578224182, 39.8222198486, 40.2866210938, 40.7394104004, 41.192199707, 41.6565971375, 42.1209983826, 42.585395813, 43.0497932434, 43.5141944885, 43.9669837952, 44.4313812256, 44.8841705322, 45.3485717773, 45.8129692078, 46.2773704529, 46.7301597595, 47.1945571899, 47.6473464966, 48.111743927, 48.5761451721, 49.0405426025, 49.5049438477, 49.9693412781, 50.4221305847, 50.8865280151, 51.3393173218, 51.8037185669, 52.2681159973, 52.7325172424, 53.1969146729, 53.6497039795, 54.1024932861, 54.5668907166, 55.0312919617, 55.4956893921, 55.9600906372, 56.4244880676, 56.8888893127, 57.3532867432, 57.8060760498, 58.2588653564, 58.7232627869, 59.187664032, 59.6520614624, 60.1164627075, 60.5692520142, 61.0220413208, 61.4864387512, 61.9508361816, 62.4152374268, 62.8796348572, 63.3440361023, 63.7968254089, 64.2496109009, 64.714012146, 65.1784133911, 65.6428070068, 66.107208252, 66.5716094971, 67.0360107422, 67.5004043579, 67.9531936646, 68.4059829712, 68.8703842163, 69.3347854614, 69.7991790771, 70.2635803223, 70.7163696289, 71.1691589355, 71.6335601807, 72.0979614258, 72.5623550415, 73.0267562866, 73.4795455933, 73.9323348999, 74.396736145, 74.8727416992, 75.3255310059, 75.789932251, 76.2543258667, 76.7187271118, 77.1831283569, 77.6359176636, 78.0887069702, 78.5531082153, 79.0175018311, 79.4819030762, 79.9346923828, 80.410697937, 80.8518829346, 81.3162765503, 81.7806777954, 82.2450790405, 82.7094802856, 83.1738739014, 83.626663208, 84.0794525146, 84.5438537598, 85.0082550049, 85.4726486206, 85.9370498657, 86.4014511108, 86.865852356, 87.3186416626, 87.7714233398, 88.235824585, 88.7002258301, 89.1646270752, 89.6290206909, 90.093421936, 90.5578231812, 91.0106124878, 91.4634017944, 91.9277954102, 92.3921966553, 92.8565979004, 93.3209991455, 93.7737884521, 94.2381820679, 94.6909713745, 95.1553726196, 95.6197738647, 96.0841674805, 96.5485687256, 97.0129699707, 97.4657592773, 97.918548584, 98.3829498291, 98.8473434448, 99.3117446899, 99.7761459351, 100.240539551, 100.704940796, 101.146118164, 101.610519409, 102.074920654, 102.53931427, 103.003715515, 103.46811676, 103.920906067, 104.385307312, 104.838096619, 105.302490234, 105.766891479, 106.231292725, 106.69568634, 107.148475647, 107.601264954, 108.065666199, 108.530067444, 108.994468689, 109.458862305, 109.92326355, 110.387664795, 110.840454102, 111.293243408, 111.757637024, 112.222038269, 112.686439514, 113.15083313, 113.615234375, 114.07963562, 114.520812988, 114.985214233, 115.449615479, 115.914009094, 116.378410339, 116.842811584, 117.295600891, 117.748390198, 118.212783813, 118.677185059, 119.141586304, 119.605987549, 120.070381165, 120.53478241, 120.987571716, 121.440361023, 121.904762268, 122.369155884, 122.833557129, 123.297958374, 123.762359619, 124.215148926, 124.667930603, 125.132331848, 125.596733093, 126.037910461, 126.455871582, 126.885437012, 127.326622009, 127.779411316, 128.243804932, 128.719818115, 129.207427979, 129.729888916, 130.217498779, 130.681900024, 131.14630127, 131.610702515, 132.063491821, 132.516281128, 132.980682373, 133.445083618, 133.909469604, 134.37387085, 134.826660156, 135.279449463, 135.743850708, 136.208251953, 136.672653198, 137.137054443, 137.58984375, 138.042633057, 138.507034302, 138.971420288, 139.435821533, 139.900222778, 140.353012085, 140.805801392, 141.270202637, 141.734603882, 142.199005127, 142.663391113, 143.127792358, 143.592193604, 144.04498291, 144.497772217, 144.962173462, 145.426574707, 145.879364014, 146.343765259, 146.796554565, 147.260955811, 147.725341797, 148.189743042, 148.654144287, 149.106933594, 149.571334839, 150.024124146, 150.488525391, 150.952926636, 151.417327881, 151.881713867, 152.346115112, 152.810516357, 153.274917603, 153.716094971, 154.192108154, 154.656509399, 155.120910645, 155.573699951, 156.038085938, 156.502487183, 156.966888428, 157.419677734, 157.872467041, 158.336868286, 158.801269531, 159.265670776, 159.730072021, 160.194458008, 160.658859253, 161.11164856, 161.564437866, 162.028839111, 162.493240356, 162.957641602, 163.422042847, 163.886444092, 164.339233398, 164.792022705, 165.256408691, 165.720809937, 166.185211182, 166.649612427, 167.102401733, 167.55519104, 168.019592285, 168.48399353, 168.948379517, 169.412780762, 169.877182007, 170.341583252, 170.794372559, 171.247161865, 171.71156311, 172.175964355, 172.640365601, 173.104751587, 173.569152832, 174.021942139, 174.486343384, 174.93913269, 175.403533936, 175.867935181, 176.332336426, 176.796737671, 177.261123657, 177.713912964, 178.166702271, 178.631103516, 179.095504761, 179.559906006, 180.024307251, 180.477096558, 180.929885864, 181.394287109, 181.858688354, 182.323074341, 182.787475586, 183.240264893, 183.693054199, 184.157455444, 184.621856689, 185.086257935, 185.55065918, 186.015060425, 186.479446411, 186.932235718, 187.396636963, 187.84942627, 188.313827515, 188.77822876, 189.242630005, 189.70703125, 190.171432495, 190.624221802, 191.088607788, 191.541397095, 192.00579834, 192.470199585, 192.93460083, 193.399002075, 193.86340332, 194.316192627, 194.768981934, 195.23336792, 195.697769165, 196.16217041, 196.626571655, 197.079360962, 197.532150269, 197.996551514, 198.460952759, 198.925354004, 199.38973999, 199.854141235, 200.31854248, 200.782943726, 201.235733032, 201.688522339, 202.152923584, 202.617324829, 203.081726074, 203.546112061, 204.010513306, 204.463302612, 204.916091919, 205.380493164, 205.844894409, 206.309295654, 206.773696899, 207.226486206, 207.690887451, 208.143676758, 208.608062744, 209.072463989, 209.536865234, 210.001266479, 210.454055786, 210.918457031, 211.371246338, 211.835647583, 212.300048828, 212.764434814, 213.22883606, 213.693237305, 214.169250488, 214.66847229, 215.179321289, 215.690155029, 216.224212646, 216.746658325]
