
metadata:
    version:
        essentia: "2.1-beta2"
    audio_properties:
        analysis_sample_rate: 44100
        bitrate: 320
        channels: 2
        equal_loudness: 1
        length: 272.404907227
        replay_gain: -14.5772781372
        downmix: "mix"
    tags:
        album: "Isolate And Medicate (Deluxe Edition)"
        artist: "Seether"
        comment: ""
        date: "2014"
        genre: "Alt. Rock/Post-Grunge"
        title: "My Disaster"
        tracknumber: "4"

configuration:
    average_loudness:
        compute: 1
        frameSize: 88200
        hopSize: 44100
        silentFrames: "noise"
        windowType: "hann"
    general:
        analysisSampleRate: 44100
        endTime: 2000
        equalLoudness: 1
        nequalLoudness: 0
        shortSound: 0
        startTime: 0
    lowlevel:
        compute: 1
        frameSize: 2048
        hopSize: 1024
        zeroPadding: 0
        silentFrames: "noise"
        windowType: "blackmanharris62"
        mfccStats: ["mean", "cov", "icov"]
        stats: ["mean", "var", "median", "min", "max", "dmean", "dmean2", "dvar", "dvar2"]
    panning:
        compute: 0
        frameSize: 8192
        hopSize: 2048
        zeroPadding: 8192
        silentFrames: "noise"
        windowType: "hann"
        stats: ["copy"]
    rhythm:
        compute: 1
        maxTempo: 208
        minTempo: 40
        method: "degara"
        stats: ["mean", "var", "median", "min", "max", "dmean", "dmean2", "dvar", "dvar2"]
    segmentation:
        compute: 0
        cpw: 5
        inc1: 300
        inc2: 50
        minimumSegmentsLength: 10
        size1: 1000
        size2: 600
    sfx:
        compute: 1
        stats: ["mean", "var", "median", "min", "max", "dmean", "dmean2", "dvar", "dvar2"]
    svm:
        compute: 0
    tonal:
        compute: 1
        frameSize: 4096
        hopSize: 2048
        zeroPadding: 0
        silentFrames: "noise"
        windowType: "blackmanharris62"
        stats: ["mean", "var", "median", "min", "max", "dmean", "dmean2", "dvar", "dvar2"]

lowlevel:
    average_loudness: 0.834792494774
    barkbands_kurtosis:
        dmean: 0.793837189674
        dmean2: 1.25556898117
        dvar: 2.53324127197
        dvar2: 5.08878040314
        max: 66.2300262451
        mean: -0.264949262142
        median: -1.09120595455
        min: -1.89367759228
        var: 9.39200115204
    barkbands_skewness:
        dmean: 0.425308078527
        dmean2: 0.660265147686
        dvar: 0.199592292309
        dvar2: 0.464279383421
        max: 7.23465108871
        mean: 0.0665775984526
        median: 0.000268491043244
        min: -4.5992231369
        var: 0.947694420815
    barkbands_spread:
        dmean: 5.11730909348
        dmean2: 8.14620018005
        dvar: 28.5269489288
        dvar2: 68.0836715698
        max: 70.0974731445
        mean: 33.0857009888
        median: 33.964225769
        min: 0.925476551056
        var: 137.147567749
    dissonance:
        dmean: 0.0126506667584
        dmean2: 0.0209478251636
        dvar: 0.000229244440561
        dvar2: 0.000594613200519
        max: 0.500000178814
        mean: 0.474924445152
        median: 0.483296394348
        min: 0.162903130054
        var: 0.000747602898628
    hfc:
        dmean: 1.65334773064
        dmean2: 2.61413359642
        dvar: 4.79901838303
        dvar2: 11.2670888901
        max: 50.1428527832
        mean: 7.23943805695
        median: 5.90317583084
        min: 1.13201307954e-016
        var: 30.2561969757
    pitch:
        dmean: 734.547546387
        dmean2: 1407.77404785
        dvar: 1496545.625
        dvar2: 3842641.25
        max: 5511.70703125
        mean: 1633.90551758
        median: 390.236358643
        min: 64.1072311401
        var: 2514392.25
    pitch_instantaneous_confidence:
        dmean: 0.0755255743861
        dmean2: 0.122157104313
        dvar: 0.00457112630829
        dvar2: 0.0111271329224
        max: 0.92048895359
        mean: 0.405936181545
        median: 0.37583053112
        min: 0.105576276779
        var: 0.0209125932306
    pitch_salience:
        dmean: 0.0578104704618
        dmean2: 0.0964093059301
        dvar: 0.00307308370247
        dvar2: 0.00854600779712
        max: 0.998869895935
        mean: 0.658902704716
        median: 0.674191832542
        min: 0.156794011593
        var: 0.00745144113898
    silence_rate_20dB:
        dmean: 0
        dmean2: 0
        dvar: 0
        dvar2: 0
        max: 1
        mean: 1
        median: 1
        min: 1
        var: 0
    silence_rate_30dB:
        dmean: 0
        dmean2: 0
        dvar: 0
        dvar2: 0
        max: 1
        mean: 1
        median: 1
        min: 1
        var: 0
    silence_rate_60dB:
        dmean: 0.107569038868
        dmean2: 0.215156421065
        dvar: 0.0960106551647
        dvar2: 0.192377105355
        max: 1
        mean: 0.44191595912
        median: 0
        min: 0
        var: 0.246639177203
    spectral_centroid:
        dmean: 273.82699585
        dmean2: 425.464080811
        dvar: 95115.4375
        dvar2: 217834.03125
        max: 11721.5488281
        mean: 1654.99755859
        median: 1698.64343262
        min: 158.75831604
        var: 455379.71875
    spectral_complexity:
        dmean: 3.00903511047
        dmean2: 4.82891464233
        dvar: 9.04743862152
        dvar2: 21.4803562164
        max: 45
        mean: 14.6761274338
        median: 13
        min: 0
        var: 70.5891647339
    spectral_crest:
        dmean: 1.90472352505
        dmean2: 3.12741684914
        dvar: 3.53216052055
        dvar2: 9.15734577179
        max: 25.3154354095
        mean: 7.05348539352
        median: 6.25718688965
        min: 2.35480618477
        var: 9.42550945282
    spectral_decrease:
        dmean: 3.1127758704e-010
        dmean2: 5.08706243796e-010
        dvar: 2.74879122737e-019
        dvar2: 7.07663715688e-019
        max: 9.47738269127e-029
        mean: -9.49531342442e-010
        median: -7.74167507878e-010
        min: -5.69803271233e-009
        var: 4.31543641087e-019
    spectral_energy:
        dmean: 0.00129219167866
        dmean2: 0.00209751701914
        dvar: 4.37974085798e-006
        dvar2: 1.12113966679e-005
        max: 0.0260538049042
        mean: 0.00424038665369
        median: 0.00344428233802
        min: 1.02806312068e-020
        var: 8.27150324767e-006
    spectral_energyband_high:
        dmean: 9.64256032603e-005
        dmean2: 0.000156946713105
        dvar: 2.09127986039e-008
        dvar2: 5.02018835391e-008
        max: 0.0032956476789
        mean: 0.000285106769297
        median: 0.000246103445534
        min: 7.61346163861e-021
        var: 6.45442668201e-008
    spectral_energyband_low:
        dmean: 0.000388681713957
        dmean2: 0.000684192520566
        dvar: 8.29684893233e-007
        dvar2: 2.29469947044e-006
        max: 0.00676539726555
        mean: 0.000447649799753
        median: 0.000255055725574
        min: 7.39301981028e-024
        var: 5.75035187467e-007
    spectral_energyband_middle_high:
        dmean: 0.000504345749505
        dmean2: 0.000794751162175
        dvar: 4.19751643221e-007
        dvar2: 1.01464934232e-006
        max: 0.014885767363
        mean: 0.00212040054612
        median: 0.00157843111083
        min: 1.26166470139e-021
        var: 3.0812498153e-006
    spectral_energyband_middle_low:
        dmean: 0.000762354931794
        dmean2: 0.00126366561744
        dvar: 2.7435287393e-006
        dvar2: 7.13056397217e-006
        max: 0.0189055241644
        mean: 0.00152811885346
        median: 0.00112474220805
        min: 1.95393184806e-022
        var: 2.68470716946e-006
    spectral_flatness_db:
        dmean: 0.0142031023279
        dmean2: 0.0227049924433
        dvar: 0.000202354858629
        dvar2: 0.000462793046609
        max: 0.516877651215
        mean: 0.150999680161
        median: 0.141742154956
        min: 0.0604878254235
        var: 0.00232323235832
    spectral_flux:
        dmean: 0.00846812035888
        dmean2: 0.0130665143952
        dvar: 0.00011984223238
        dvar2: 0.000227652941248
        max: 0.12813295424
        mean: 0.0375433303416
        median: 0.0345685631037
        min: 6.3527294536e-011
        var: 0.000350862712367
    spectral_kurtosis:
        dmean: 1.60130095482
        dmean2: 2.68055772781
        dvar: 17.6459388733
        dvar2: 42.7678756714
        max: 176.893127441
        mean: 4.27776050568
        median: 3.07016468048
        min: -1.23610568047
        var: 40.7973518372
    spectral_rms:
        dmean: 0.000275775033515
        dmean2: 0.000433875393355
        dvar: 1.39823896461e-007
        dvar2: 3.42099895079e-007
        max: 0.00504166120663
        mean: 0.0019228119636
        median: 0.00183310545981
        min: 3.16699921496e-012
        var: 4.39763994109e-007
    spectral_rolloff:
        dmean: 362.252563477
        dmean2: 593.339599609
        dvar: 274415.6875
        dvar2: 615160
        max: 19035.3515625
        mean: 3122.57006836
        median: 3402.24609375
        min: 150.732421875
        var: 1222989.5
    spectral_skewness:
        dmean: 0.186768218875
        dmean2: 0.301913678646
        dvar: 0.0881319046021
        dvar2: 0.207366734743
        max: 10.5904798508
        mean: 1.37188231945
        median: 1.2616301775
        min: -0.0662757009268
        var: 0.296414703131
    spectral_spread:
        dmean: 417925.90625
        dmean2: 599958.125
        dvar: 422039584768
        dvar2: 745960046592
        max: 41976516
        mean: 4503266
        median: 4291694
        min: 621487.8125
        var: 3.63015883981e+012
    spectral_strongpeak:
        dmean: 0.416004419327
        dmean2: 0.71543598175
        dvar: 0.451569259167
        dvar2: 1.19838392735
        max: 7.63836145401
        mean: 0.678303301334
        median: 0.267169475555
        min: 1.02685770997e-009
        var: 0.86927396059
    zerocrossingrate:
        dmean: 0.00882685277611
        dmean2: 0.0109835602343
        dvar: 9.41383623285e-005
        dvar2: 0.000129701933474
        max: 0.51708984375
        mean: 0.0952770188451
        median: 0.099609375
        min: 0.005859375
        var: 0.000963692495134
    barkbands:
        dmean: [1.09122829883e-007, 9.88042593235e-005, 0.000232079284615, 0.000246538897045, 0.000424357160227, 0.00011876373901, 7.23893826944e-005, 9.46769359871e-005, 6.87430874677e-005, 7.36908987164e-005, 4.60689298052e-005, 5.20524699823e-005, 3.84739141737e-005, 4.97458931932e-005, 5.20543690072e-005, 9.50643370743e-005, 0.000188708218047, 0.000169324746821, 0.000169459352037, 0.000118529787869, 5.05286807311e-005, 1.50740097524e-005, 4.14534952142e-006, 1.71161286744e-006, 9.53466724241e-007, 2.90584356577e-008, 3.21639936907e-010]
        dmean2: [1.80598462407e-007, 0.000177740599611, 0.000410018663388, 0.000429945182987, 0.000726876431145, 0.000194264939637, 0.000116262497613, 0.000147972765262, 0.00010758391727, 0.000111669658509, 7.15340502211e-005, 8.1244194007e-005, 6.12428193563e-005, 7.90332778706e-005, 8.36356339278e-005, 0.00015507102944, 0.000311239738949, 0.000280172855128, 0.000279131694697, 0.000195399828954, 8.38370615384e-005, 2.43949161813e-005, 6.43144767309e-006, 2.60910451289e-006, 1.43240265515e-006, 4.34812186256e-008, 5.44796652235e-010]
        dvar: [4.80498378987e-014, 6.14326225445e-008, 3.08637623903e-007, 2.72089152986e-007, 1.26584302507e-006, 4.86183218129e-008, 1.36799762629e-008, 3.6986694596e-008, 1.58370223602e-008, 1.84730915009e-008, 9.91884885337e-009, 2.15193942665e-008, 8.08266786834e-009, 1.33873090391e-008, 1.45029099841e-008, 3.07230614283e-008, 1.12241778538e-007, 9.84807826399e-008, 7.1199039553e-008, 3.25896536424e-008, 6.20777740323e-009, 8.79551820265e-010, 1.25618807023e-010, 1.50208456784e-011, 4.76434169894e-012, 6.31869087421e-015, 5.04787072208e-019]
        dvar2: [1.21622113422e-013, 1.74026382638e-007, 8.6389951548e-007, 7.25662744117e-007, 3.45774810739e-006, 1.30689230105e-007, 3.39506307512e-008, 9.03080703551e-008, 3.41952421934e-008, 3.8473363162e-008, 2.25404264143e-008, 5.11693833971e-008, 1.99594243355e-008, 3.35048930822e-008, 3.43074795239e-008, 7.9263685393e-008, 2.93629000225e-007, 2.57222922073e-007, 1.76341359293e-007, 7.9827586319e-008, 1.57944448631e-008, 1.98794558592e-009, 2.68972594197e-010, 2.99983440866e-011, 1.01770467054e-011, 1.43605051082e-014, 1.29957467159e-018]
        max: [2.65734320237e-006, 0.00169760338031, 0.00457926699892, 0.00623940909281, 0.013939615339, 0.00410923920572, 0.00230874260888, 0.00377044081688, 0.00291458563879, 0.0030972303357, 0.0036675632, 0.00528842722997, 0.00214045820758, 0.00258110533468, 0.00280389748514, 0.00436591217294, 0.00677194539458, 0.00719024473801, 0.00861880090088, 0.00551431858912, 0.00201581092551, 0.000846872164402, 0.000378835189622, 8.33357262309e-005, 4.22417324444e-005, 1.46896263686e-006, 1.57413300172e-008]
        mean: [1.7662678431e-007, 0.000105900646304, 0.000247955671512, 0.000230049030506, 0.000571557320654, 0.000206819997402, 0.000131665161462, 0.000175992419827, 0.00012593131396, 0.000151614513015, 8.90564624569e-005, 9.85503793345e-005, 6.96534625604e-005, 8.68160423124e-005, 8.9268629381e-005, 0.000184786840691, 0.000412423658418, 0.000394028320443, 0.000411623652326, 0.000282879074803, 0.000123790086946, 3.35567710863e-005, 9.68758558884e-006, 4.38712504547e-006, 2.1716646188e-006, 5.05063155742e-008, 3.71719544034e-010]
        median: [1.04967874393e-007, 5.92862415942e-005, 0.000125370104797, 8.06722382549e-005, 0.000318881910061, 0.000133902562084, 7.79732581577e-005, 7.12654000381e-005, 7.34984932933e-005, 6.45828185952e-005, 3.92660876969e-005, 3.26141707774e-005, 2.5928920877e-005, 3.49500842276e-005, 4.10938046116e-005, 0.000102910911664, 0.000214768675505, 0.000232335209148, 0.000318450620398, 0.000232127102208, 9.82025812846e-005, 2.00816884899e-005, 5.63266075915e-006, 2.52798940892e-006, 9.90110038401e-007, 1.15738991724e-008, 1.22126420088e-010]
        min: [5.66403066721e-025, 3.2775151128e-024, 1.73961085934e-024, 2.75095953047e-024, 2.50597932855e-023, 1.52315283064e-023, 9.36523833765e-024, 1.91427243403e-023, 2.81637952868e-023, 3.17856923609e-023, 2.57114034373e-023, 2.19987558046e-023, 2.11723482758e-023, 6.63643436013e-023, 4.84438409045e-023, 8.68588110795e-023, 9.01295546103e-023, 1.03524305496e-022, 1.66826120669e-022, 2.13684647766e-022, 3.37199868736e-022, 3.04741309577e-022, 4.44518651984e-022, 5.67426058782e-022, 9.11803249091e-022, 1.56960964452e-021, 2.12471821456e-021]
        var: [5.45063871967e-014, 3.94435204498e-008, 2.10052320426e-007, 2.12023195445e-007, 9.99279563985e-007, 6.11268049511e-008, 2.90963271254e-008, 1.00100159273e-007, 3.50066535759e-008, 6.77668907656e-008, 2.91504100858e-008, 7.00023292666e-008, 1.62253410707e-008, 2.96629103502e-008, 2.75860649879e-008, 7.04690208408e-008, 3.83169378892e-007, 2.91608074576e-007, 1.75115459911e-007, 7.22632336192e-008, 1.61547859534e-008, 2.08828176973e-009, 2.51287490816e-010, 3.79466284783e-011, 1.17540838174e-011, 1.22714762207e-014, 6.02688188703e-019]
    frequency_bands:
        dmean: [1.09122829883e-007, 9.88042593235e-005, 0.000232079284615, 0.000246538897045, 0.000424357160227, 0.00011876373901, 7.23893826944e-005, 9.46769359871e-005, 6.87430874677e-005, 7.36908987164e-005, 4.60689298052e-005, 5.20524699823e-005, 3.84739141737e-005, 4.97458931932e-005, 5.20543690072e-005, 9.50643370743e-005, 0.000188708218047, 0.000169324746821, 0.000169459352037, 0.000118529787869, 5.05286807311e-005, 1.50740097524e-005, 4.14534952142e-006, 1.71161286744e-006, 9.53466724241e-007, 2.90584356577e-008, 3.21639936907e-010, 4.88381488029e-011]
        dmean2: [1.80598462407e-007, 0.000177740599611, 0.000410018663388, 0.000429945182987, 0.000726876431145, 0.000194264939637, 0.000116262497613, 0.000147972765262, 0.00010758391727, 0.000111669658509, 7.15340502211e-005, 8.1244194007e-005, 6.12428193563e-005, 7.90332778706e-005, 8.36356339278e-005, 0.00015507102944, 0.000311239738949, 0.000280172855128, 0.000279131694697, 0.000195399828954, 8.38370615384e-005, 2.43949161813e-005, 6.43144767309e-006, 2.60910451289e-006, 1.43240265515e-006, 4.34812186256e-008, 5.44796652235e-010, 9.08151817636e-011]
        dvar: [4.80498378987e-014, 6.14326225445e-008, 3.08637623903e-007, 2.72089152986e-007, 1.26584302507e-006, 4.86183218129e-008, 1.36799762629e-008, 3.6986694596e-008, 1.58370223602e-008, 1.84730915009e-008, 9.91884885337e-009, 2.15193942665e-008, 8.08266786834e-009, 1.33873090391e-008, 1.45029099841e-008, 3.07230614283e-008, 1.12241778538e-007, 9.84807826399e-008, 7.1199039553e-008, 3.25896536424e-008, 6.20777740323e-009, 8.79551820265e-010, 1.25618807023e-010, 1.50208456784e-011, 4.76434169894e-012, 6.31869087421e-015, 5.04787072208e-019, 5.34285449222e-021]
        dvar2: [1.21622113422e-013, 1.74026382638e-007, 8.6389951548e-007, 7.25662744117e-007, 3.45774810739e-006, 1.30689230105e-007, 3.39506307512e-008, 9.03080703551e-008, 3.41952421934e-008, 3.8473363162e-008, 2.25404264143e-008, 5.11693833971e-008, 1.99594243355e-008, 3.35048930822e-008, 3.43074795239e-008, 7.9263685393e-008, 2.93629000225e-007, 2.57222922073e-007, 1.76341359293e-007, 7.9827586319e-008, 1.57944448631e-008, 1.98794558592e-009, 2.68972594197e-010, 2.99983440866e-011, 1.01770467054e-011, 1.43605051082e-014, 1.29957467159e-018, 1.69940282505e-020]
        max: [2.65734320237e-006, 0.00169760338031, 0.00457926699892, 0.00623940909281, 0.013939615339, 0.00410923920572, 0.00230874260888, 0.00377044081688, 0.00291458563879, 0.0030972303357, 0.0036675632, 0.00528842722997, 0.00214045820758, 0.00258110533468, 0.00280389748514, 0.00436591217294, 0.00677194539458, 0.00719024473801, 0.00861880090088, 0.00551431858912, 0.00201581092551, 0.000846872164402, 0.000378835189622, 8.33357262309e-005, 4.22417324444e-005, 1.46896263686e-006, 1.57413300172e-008, 8.30704394161e-010]
        mean: [1.7662678431e-007, 0.000105900646304, 0.000247955671512, 0.000230049030506, 0.000571557320654, 0.000206819997402, 0.000131665161462, 0.000175992419827, 0.00012593131396, 0.000151614513015, 8.90564624569e-005, 9.85503793345e-005, 6.96534625604e-005, 8.68160423124e-005, 8.9268629381e-005, 0.000184786840691, 0.000412423658418, 0.000394028320443, 0.000411623652326, 0.000282879074803, 0.000123790086946, 3.35567710863e-005, 9.68758558884e-006, 4.38712504547e-006, 2.1716646188e-006, 5.05063155742e-008, 3.71719544034e-010, 3.77473330371e-011]
        median: [1.04967874393e-007, 5.92862415942e-005, 0.000125370104797, 8.06722382549e-005, 0.000318881910061, 0.000133902562084, 7.79732581577e-005, 7.12654000381e-005, 7.34984932933e-005, 6.45828185952e-005, 3.92660876969e-005, 3.26141707774e-005, 2.5928920877e-005, 3.49500842276e-005, 4.10938046116e-005, 0.000102910911664, 0.000214768675505, 0.000232335209148, 0.000318450620398, 0.000232127102208, 9.82025812846e-005, 2.00816884899e-005, 5.63266075915e-006, 2.52798940892e-006, 9.90110038401e-007, 1.15738991724e-008, 1.22126420088e-010, 1.34522991704e-011]
        min: [5.66403066721e-025, 3.2775151128e-024, 1.73961085934e-024, 2.75095953047e-024, 2.50597932855e-023, 1.52315283064e-023, 9.36523833765e-024, 1.91427243403e-023, 2.81637952868e-023, 3.17856923609e-023, 2.57114034373e-023, 2.19987558046e-023, 2.11723482758e-023, 6.63643436013e-023, 4.84438409045e-023, 8.68588110795e-023, 9.01295546103e-023, 1.03524305496e-022, 1.66826120669e-022, 2.13684647766e-022, 3.37199868736e-022, 3.04741309577e-022, 4.44518651984e-022, 5.67426058782e-022, 9.11803249091e-022, 1.56960964452e-021, 2.12471821456e-021, 5.86783216027e-022]
        var: [5.45063871967e-014, 3.94435204498e-008, 2.10052320426e-007, 2.12023195445e-007, 9.99279563985e-007, 6.11268049511e-008, 2.90963271254e-008, 1.00100159273e-007, 3.50066535759e-008, 6.77668907656e-008, 2.91504100858e-008, 7.00023292666e-008, 1.62253410707e-008, 2.96629103502e-008, 2.75860649879e-008, 7.04690208408e-008, 3.83169378892e-007, 2.91608074576e-007, 1.75115459911e-007, 7.22632336192e-008, 1.61547859534e-008, 2.08828176973e-009, 2.51287490816e-010, 3.79466284783e-011, 1.17540838174e-011, 1.22714762207e-014, 6.02688188703e-019, 4.2406605598e-021]
    mfcc:
        mean: [-713.411132813, 107.245628357, -42.4283866882, 55.1022186279, -8.19937992096, -10.2408008575, -0.501005828381, 0.296092242002, -2.71565103531, -4.98041296005, -6.20508670807, -5.15589857101, -3.40464735031]
        cov: [[4158.14990234, -767.944091797, -305.554321289, 456.581268311, -353.083862305, 26.2073020935, 16.5396518707, 74.2349624634, 196.588195801, 49.7081451416, 65.1613616943, 54.5173072815, -141.9090271], [-767.944091797, 959.845458984, -178.952911377, -159.590621948, 14.0332307816, -28.6444282532, 46.4608345032, -1.90896463394, -106.550254822, 15.4559755325, 13.2573699951, -43.8793563843, 59.3091239929], [-305.554321289, -178.952911377, 456.312561035, 22.1647434235, 56.8883666992, 42.1373710632, -26.3616981506, -48.6208648682, 7.75337505341, -15.9923152924, -15.3725643158, -15.7513065338, -0.125747486949], [456.581268311, -159.590621948, 22.1647434235, 351.180389404, 49.3301506042, -37.2698135376, -22.3433208466, 2.20963454247, 53.1424674988, -5.20068454742, -40.968837738, 29.239730835, -15.6026334763], [-353.083862305, 14.0332307816, 56.8883666992, 49.3301506042, 196.689926147, -14.810552597, -32.3024978638, -20.3902397156, -6.09090805054, -32.9255409241, -55.8435173035, 7.56941080093, 4.88721418381], [26.2073020935, -28.6444282532, 42.1373710632, -37.2698135376, -14.810552597, 128.676681519, 44.8732261658, 22.5286178589, 12.7222137451, 11.3244066238, 34.0119590759, -7.81863832474, -6.72862148285], [16.5396518707, 46.4608345032, -26.3616981506, -22.3433208466, -32.3024978638, 44.8732261658, 117.789398193, 40.1763877869, 4.63281583786, 5.23162555695, 18.5229988098, 6.26641607285, -3.75727581978], [74.2349624634, -1.90896463394, -48.6208648682, 2.20963454247, -20.3902397156, 22.5286178589, 40.1763877869, 101.686645508, 28.9118251801, 6.90446090698, 11.3198223114, 0.835133314133, 4.84161186218], [196.588195801, -106.550254822, 7.75337505341, 53.1424674988, -6.09090805054, 12.7222137451, 4.63281583786, 28.9118251801, 105.30280304, 23.2257347107, 5.90818834305, 12.2423801422, -9.12063121796], [49.7081451416, 15.4559755325, -15.9923152924, -5.20068454742, -32.9255409241, 11.3244066238, 5.23162555695, 6.90446090698, 23.2257347107, 102.64364624, 54.940196991, -5.32865905762, -2.9455537796], [65.1613616943, 13.2573699951, -15.3725643158, -40.968837738, -55.8435173035, 34.0119590759, 18.5229988098, 11.3198223114, 5.90818834305, 54.940196991, 101.270805359, 10.7765455246, -0.957408666611], [54.5173072815, -43.8793563843, -15.7513065338, 29.239730835, 7.56941080093, -7.81863832474, 6.26641607285, 0.835133314133, 12.2423801422, -5.32865905762, 10.7765455246, 66.9477386475, 13.4903259277], [-141.9090271, 59.3091239929, -0.125747486949, -15.6026334763, 4.88721418381, -6.72862148285, -3.75727581978, 4.84161186218, -9.12063121796, -2.9455537796, -0.957408666611, 13.4903259277, 70.8344268799]]
        icov: [[0.000499408051837, 0.000273367244517, 0.000407901825383, -0.000632948765997, 0.000922759762034, -0.000263792084297, 0.000147907907376, 8.94268014235e-005, -0.000297986902297, 0.000171951847733, -5.84165754844e-005, -3.24164975609e-005, 0.000520101457369], [0.000273367244517, 0.00170358328614, 0.000821071153041, 2.81872562482e-005, -0.000103552178189, 0.000352547649527, -0.00085729471175, 0.000311735144351, 0.000883181637619, -0.000276353152003, -0.000365183252143, 0.00129005115014, -0.00104561506305], [0.000407901825383, 0.000821071153041, 0.00318266893737, -0.000580372929107, -7.06959399395e-005, -0.00130587245803, 0.000100464829302, 0.00163039588369, -0.000451822968898, 0.000462825439172, -0.000290809519356, 0.00130280572921, -0.000508735829499], [-0.000632948765997, 2.81872562482e-005, -0.000580372929107, 0.00450782058761, -0.00176276941784, 0.00121605093591, -0.000114527480036, -0.000336732919095, -0.000889587099664, -0.000906882458366, 0.0015093293041, -0.00138505955692, 8.62641390995e-005], [0.000922759762034, -0.000103552178189, -7.06959399395e-005, -0.00176276941784, 0.00856631342322, -0.00145091000013, 0.00198211567476, 0.000204159601708, -0.000312801392283, 0.000330177106662, 0.00360317807645, -0.00215917336755, 0.00134263699874], [-0.000263792084297, 0.000352547649527, -0.00130587245803, 0.00121605093591, -0.00145091000013, 0.0113256555051, -0.00402584625408, -0.00101825385354, -0.000951510155573, 0.00101994792931, -0.00409311614931, 0.00242260890082, -0.000122938494314], [0.000147907907376, -0.00085729471175, 0.000100464829302, -0.000114527480036, 0.00198211567476, -0.00402584625408, 0.0123033672571, -0.00397072825581, 0.000518478394952, 9.6561430837e-005, 0.000885848363396, -0.00304933637381, 0.00205740286037], [8.94268014235e-005, 0.000311735144351, 0.00163039588369, -0.000336732919095, 0.000204159601708, -0.00101825385354, -0.00397072825581, 0.0136114461347, -0.00384185323492, 0.00100289320108, -0.000893208722118, 0.00210579670966, -0.00227101356722], [-0.000297986902297, 0.000883181637619, -0.000451822968898, -0.000889587099664, -0.000312801392283, -0.000951510155573, 0.000518478394952, -0.00384185323492, 0.0136581342667, -0.00398021470755, 0.00173410377465, -0.00221243617125, 0.000725979334675], [0.000171951847733, -0.000276353152003, 0.000462825439172, -0.000906882458366, 0.000330177106662, 0.00101994792931, 9.6561430837e-005, 0.00100289320108, -0.00398021470755, 0.0157613903284, -0.00938741862774, 0.00380207691342, -0.000320441438816], [-5.84165754844e-005, -0.000365183252143, -0.000290809519356, 0.0015093293041, 0.00360317807645, -0.00409311614931, 0.000885848363396, -0.000893208722118, 0.00173410377465, -0.00938741862774, 0.0195043981075, -0.00634157238528, 0.00129559531342], [-3.24164975609e-005, 0.00129005115014, 0.00130280572921, -0.00138505955692, -0.00215917336755, 0.00242260890082, -0.00304933637381, 0.00210579670966, -0.00221243617125, 0.00380207691342, -0.00634157238528, 0.0203347690403, -0.00545966112986], [0.000520101457369, -0.00104561506305, -0.000508735829499, 8.62641390995e-005, 0.00134263699874, -0.000122938494314, 0.00205740286037, -0.00227101356722, 0.000725979334675, -0.000320441438816, 0.00129559531342, -0.00545966112986, 0.0173504725099]]
    sccoeffs:
        dmean: [0.0535794645548, 0.0440586358309, 0.0354244709015, 0.0294400416315, 0.0206484235823, 0.0169509761035]
        dmean2: [0.0888090953231, 0.0723215416074, 0.0581704378128, 0.0484230853617, 0.0337485894561, 0.0271597988904]
        dvar: [0.00257501145825, 0.0013009555405, 0.000803928589448, 0.000557917112019, 0.000287275208393, 0.000277027516859]
        dvar2: [0.00667963689193, 0.00347039056942, 0.00208851252683, 0.00144994235598, 0.000722225406207, 0.000644487736281]
        max: [-0.283379644156, -0.472004204988, -0.517698466778, -0.562361598015, -0.548136889935, -0.592196166515]
        mean: [-0.65680295229, -0.754779517651, -0.779830753803, -0.782922744751, -0.786311328411, -0.758927822113]
        median: [-0.666034817696, -0.761032581329, -0.789592087269, -0.790130972862, -0.793405294418, -0.758276343346]
        min: [-0.976719021797, -0.996645212173, -0.998944222927, -0.988497972488, -0.989200651646, -0.962131917477]
        var: [0.00585586484522, 0.00394198996946, 0.00370929320343, 0.00264912471175, 0.0016223146813, 0.00119893881492]
    scvalleys:
        dmean: [0.361573219299, 0.343022018671, 0.294230431318, 0.250022649765, 0.210310995579, 0.219239011407]
        dmean2: [0.587571442127, 0.561817824841, 0.471445858479, 0.39126765728, 0.319046318531, 0.319855988026]
        dvar: [0.103587083519, 0.0963130369782, 0.0698145031929, 0.0566503368318, 0.0611278600991, 0.0929246097803]
        dvar2: [0.256989508867, 0.233280867338, 0.157263249159, 0.11610801518, 0.113572083414, 0.173507213593]
        max: [-5.03293991089, -4.57654762268, -5.39766168594, -5.69225549698, -5.66162157059, -7.78796434402]
        mean: [-6.82285118103, -6.64576530457, -7.11274814606, -7.42312812805, -7.09726715088, -9.91301059723]
        median: [-6.67453813553, -6.49312543869, -6.93864774704, -7.26287174225, -6.71724939346, -9.53994750977]
        min: [-27.5977573395, -27.7572822571, -27.7195491791, -27.5360164642, -27.4617671967, -27.3497543335]
        var: [1.30227100849, 1.24568068981, 1.26270735264, 1.15398454666, 1.54528045654, 2.47885012627]

rhythm:
    beats_loudness:
        dmean: 0.00224592187442
        dmean2: 0.0039367871359
        dvar: 4.05109130952e-006
        dvar2: 1.09369657366e-005
        max: 0.016416028142
        mean: 0.00541772320867
        median: 0.00493635982275
        min: 1.01775471731e-011
        var: 7.99778354121e-006
    bpm: 155.618026733
    bpm_confidence: 0
    first_peak_bpm: 157
    first_peak_spread: 0.064695045352
    first_peak_weight: 0.71875
    onset_rate: 2.58071732521
    second_peak_bpm: 152
    second_peak_spread: 0.0980391874909
    second_peak_weight: 0.196022734046
    beats_loudness_band_ratio:
        dmean: [0.143573060632, 0.107470966876, 0.0820519849658, 0.0742855370045, 0.119952149689, 0.0809601843357]
        dmean2: [0.252343922853, 0.18560834229, 0.139452815056, 0.129617348313, 0.204751551151, 0.142575830221]
        dvar: [0.0145808150992, 0.00841600261629, 0.00712356902659, 0.0109384143725, 0.0108497003093, 0.00607416918501]
        dvar2: [0.0433339886367, 0.0221258439124, 0.0190775934607, 0.0295512713492, 0.0279468111694, 0.0168540682644]
        max: [0.79001480341, 0.822151243687, 0.621592223644, 0.809009134769, 0.853480041027, 0.717285811901]
        mean: [0.238433271646, 0.167581126094, 0.138837665319, 0.0983831733465, 0.249710187316, 0.172712519765]
        median: [0.206890150905, 0.141098499298, 0.097387701273, 0.0565361902118, 0.229583263397, 0.168040424585]
        min: [0, 0, 0, 0, 0, 0]
        var: [0.0239535365254, 0.0142213618383, 0.0129796667024, 0.0135379619896, 0.0231755115092, 0.00859386194497]
