
metadata:
    version:
        essentia: "2.1-beta2"
    audio_properties:
        analysis_sample_rate: 44100
        bitrate: 320
        channels: 2
        equal_loudness: 1
        length: 288
        replay_gain: -13.3803367615
        downmix: "mix"
    tags:
        album: "Isolate And Medicate (Deluxe Edition)"
        artist: "Seether"
        comment: ""
        date: "2014"
        genre: "Alt. Rock/Post-Grunge"
        title: "Save Today"
        tracknumber: "10"

configuration:
    average_loudness:
        compute: 1
        frameSize: 88200
        hopSize: 44100
        silentFrames: "noise"
        windowType: "hann"
    general:
        analysisSampleRate: 44100
        endTime: 2000
        equalLoudness: 1
        nequalLoudness: 0
        shortSound: 0
        startTime: 0
    lowlevel:
        compute: 1
        frameSize: 2048
        hopSize: 1024
        zeroPadding: 0
        silentFrames: "noise"
        windowType: "blackmanharris62"
        mfccStats: ["mean", "cov", "icov"]
        stats: ["mean", "var", "median", "min", "max", "dmean", "dmean2", "dvar", "dvar2"]
    panning:
        compute: 0
        frameSize: 8192
        hopSize: 2048
        zeroPadding: 8192
        silentFrames: "noise"
        windowType: "hann"
        stats: ["copy"]
    rhythm:
        compute: 1
        maxTempo: 208
        minTempo: 40
        method: "degara"
        stats: ["mean", "var", "median", "min", "max", "dmean", "dmean2", "dvar", "dvar2"]
    segmentation:
        compute: 0
        cpw: 5
        inc1: 300
        inc2: 50
        minimumSegmentsLength: 10
        size1: 1000
        size2: 600
    sfx:
        compute: 1
        stats: ["mean", "var", "median", "min", "max", "dmean", "dmean2", "dvar", "dvar2"]
    svm:
        compute: 0
    tonal:
        compute: 1
        frameSize: 4096
        hopSize: 2048
        zeroPadding: 0
        silentFrames: "noise"
        windowType: "blackmanharris62"
        stats: ["mean", "var", "median", "min", "max", "dmean", "dmean2", "dvar", "dvar2"]

lowlevel:
    average_loudness: 0.505734741688
    barkbands_kurtosis:
        dmean: 1.06134176254
        dmean2: 1.69086408615
        dvar: 3.15037703514
        dvar2: 7.6713142395
        max: 45.6880149841
        mean: 0.771373391151
        median: -0.489299863577
        min: -1.88551270962
        var: 12.6413736343
    barkbands_skewness:
        dmean: 0.397521913052
        dmean2: 0.610321938992
        dvar: 0.190855324268
        dvar2: 0.423282921314
        max: 6.24344158173
        mean: 0.63240903616
        median: 0.590718448162
        min: -3.49054646492
        var: 1.19488966465
    barkbands_spread:
        dmean: 5.09559583664
        dmean2: 7.87424993515
        dvar: 33.3617019653
        dvar2: 74.1959533691
        max: 75.9873886108
        mean: 27.0117321014
        median: 26.5394859314
        min: 1.35158836842
        var: 151.526702881
    dissonance:
        dmean: 0.0159219838679
        dmean2: 0.0266857985407
        dvar: 0.000303982902551
        dvar2: 0.000838065112475
        max: 0.500000178814
        mean: 0.46297699213
        median: 0.471799492836
        min: 0.256356775761
        var: 0.000914593867492
    hfc:
        dmean: 1.38910961151
        dmean2: 2.10375881195
        dvar: 6.53591775894
        dvar2: 14.8013448715
        max: 53.1903305054
        mean: 5.25162220001
        median: 3.39126563072
        min: 1.10789024295e-016
        var: 31.2732810974
    pitch:
        dmean: 493.924102783
        dmean2: 951.588500977
        dvar: 1257828.75
        dvar2: 3224506.75
        max: 5283.57568359
        mean: 765.78515625
        median: 223.803405762
        min: 61.9688606262
        var: 1600216.125
    pitch_instantaneous_confidence:
        dmean: 0.07264149189
        dmean2: 0.115399897099
        dvar: 0.0048970147036
        dvar2: 0.011297468096
        max: 0.961300373077
        mean: 0.444317907095
        median: 0.406789779663
        min: 0.0863953232765
        var: 0.0305182151496
    pitch_salience:
        dmean: 0.0556728169322
        dmean2: 0.0903976112604
        dvar: 0.00290920957923
        dvar2: 0.0077690910548
        max: 0.926415860653
        mean: 0.617484748363
        median: 0.628898799419
        min: 0.192114442587
        var: 0.00894390977919
    silence_rate_20dB:
        dmean: 0
        dmean2: 0
        dvar: 0
        dvar2: 0
        max: 1
        mean: 1
        median: 1
        min: 1
        var: 0
    silence_rate_30dB:
        dmean: 0
        dmean2: 0
        dvar: 0
        dvar2: 0
        max: 1
        mean: 1
        median: 1
        min: 1
        var: 0
    silence_rate_60dB:
        dmean: 0.0754595324397
        dmean2: 0.150931224227
        dvar: 0.069760337472
        dvar2: 0.150261878967
        max: 1
        mean: 0.573720276356
        median: 1
        min: 0
        var: 0.244537681341
    spectral_centroid:
        dmean: 242.416320801
        dmean2: 369.346435547
        dvar: 110779.023438
        dvar2: 230833.484375
        max: 11704.84375
        mean: 1358.51049805
        median: 1256.32592773
        min: 148.100158691
        var: 632689.375
    spectral_complexity:
        dmean: 2.23137688637
        dmean2: 3.55188250542
        dvar: 7.94998979568
        dvar2: 17.7981128693
        max: 46
        mean: 10.7646112442
        median: 8
        min: 0
        var: 74.1056442261
    spectral_crest:
        dmean: 2.03711700439
        dmean2: 3.32107615471
        dvar: 4.11992740631
        dvar2: 10.6527061462
        max: 24.617805481
        mean: 8.31866836548
        median: 7.45067310333
        min: 2.32520079613
        var: 14.1953382492
    spectral_decrease:
        dmean: 2.41551251223e-010
        dmean2: 3.82548409616e-010
        dvar: 2.31593666011e-019
        dvar2: 5.77804838119e-019
        max: 1.50818960055e-028
        mean: -7.72832409179e-010
        median: -6.32163155156e-010
        min: -7.0750494352e-009
        var: 5.03158560377e-019
    spectral_energy:
        dmean: 0.00101329770405
        dmean2: 0.00159018533304
        dvar: 3.82497819373e-006
        dvar2: 9.39791334531e-006
        max: 0.0288160871714
        mean: 0.00339319207706
        median: 0.0027137985453
        min: 1.03312532062e-020
        var: 9.67458800005e-006
    spectral_energyband_high:
        dmean: 8.6218395154e-005
        dmean2: 0.000132013665279
        dvar: 2.83789987066e-008
        dvar2: 6.62985968347e-008
        max: 0.0045420313254
        mean: 0.00021964237385
        median: 9.93693829514e-005
        min: 7.40396199261e-021
        var: 7.87029961202e-008
    spectral_energyband_low:
        dmean: 0.000181415074621
        dmean2: 0.000313524738885
        dvar: 3.79241953397e-007
        dvar2: 1.04394177924e-006
        max: 0.00902827642858
        mean: 0.000248440628638
        median: 0.000119685581012
        min: 7.79860081179e-024
        var: 2.89846127544e-007
    spectral_energyband_middle_high:
        dmean: 0.000436009955592
        dmean2: 0.000673083472066
        dvar: 6.76483466577e-007
        dvar2: 1.57727663463e-006
        max: 0.0170258283615
        mean: 0.00154968793504
        median: 0.000902899657376
        min: 1.3430383922e-021
        var: 3.32020749738e-006
    spectral_energyband_middle_low:
        dmean: 0.000640002952423
        dmean2: 0.00104457524139
        dvar: 2.45373075813e-006
        dvar2: 6.41477572572e-006
        max: 0.0231897030026
        mean: 0.00144698459189
        median: 0.00104047066998
        min: 1.77849448389e-022
        var: 2.77774961432e-006
    spectral_flatness_db:
        dmean: 0.0159089639783
        dmean2: 0.0246599223465
        dvar: 0.000252302590525
        dvar2: 0.000560713815503
        max: 0.428859710693
        mean: 0.168538957834
        median: 0.160414025187
        min: 0.0596842989326
        var: 0.002889781259
    spectral_flux:
        dmean: 0.00719540473074
        dmean2: 0.0107708703727
        dvar: 9.92115674308e-005
        dvar2: 0.000191627172171
        max: 0.142383024096
        mean: 0.0292744264007
        median: 0.025557372719
        min: 6.616639181e-011
        var: 0.00042292784201
    spectral_kurtosis:
        dmean: 1.82897019386
        dmean2: 3.03770446777
        dvar: 9.65876865387
        dvar2: 27.9131164551
        max: 68.1894378662
        mean: 4.79132604599
        median: 3.29827618599
        min: -1.25055062771
        var: 34.5039672852
    spectral_rms:
        dmean: 0.000227327822358
        dmean2: 0.000343399209669
        dvar: 1.10451942703e-007
        dvar2: 2.51379958627e-007
        max: 0.00530219357461
        mean: 0.00163502094802
        median: 0.00162714731414
        min: 3.17478682232e-012
        var: 6.37131790882e-007
    spectral_rolloff:
        dmean: 467.644836426
        dmean2: 750.942260742
        dvar: 458849.8125
        dvar2: 976706.5
        max: 19207.6171875
        mean: 2573.75927734
        median: 2777.78320313
        min: 129.19921875
        var: 2166720.25
    spectral_skewness:
        dmean: 0.227335944772
        dmean2: 0.35385119915
        dvar: 0.0768934190273
        dvar2: 0.186551630497
        max: 6.42066478729
        mean: 1.5367013216
        median: 1.39879012108
        min: -0.0706963688135
        var: 0.469224393368
    spectral_spread:
        dmean: 549527.5
        dmean2: 754937.25
        dvar: 819873644544
        dvar2: 1.41182736794e+012
        max: 42088712
        mean: 4796827.5
        median: 4365996
        min: 1124007.125
        var: 6.25855640371e+012
    spectral_strongpeak:
        dmean: 0.325506210327
        dmean2: 0.550589799881
        dvar: 0.377585291862
        dvar2: 0.977613568306
        max: 8.53175163269
        mean: 0.603480696678
        median: 0.256006449461
        min: 1.27033120134e-010
        var: 0.827915847301
    zerocrossingrate:
        dmean: 0.00912634003907
        dmean2: 0.0107917124406
        dvar: 0.000117339805001
        dvar2: 0.000135713678901
        max: 0.52099609375
        mean: 0.0810662582517
        median: 0.08056640625
        min: 0.0078125
        var: 0.0014771259157
    barkbands:
        dmean: [6.48608562415e-008, 5.2347095334e-005, 9.89300751826e-005, 0.000148015606101, 0.000361544982297, 0.000124256053823, 9.99713083729e-005, 7.87349636084e-005, 9.61324331001e-005, 5.24780080013e-005, 6.5959749918e-005, 5.31324949407e-005, 5.16900654475e-005, 5.32853118784e-005, 4.89114245283e-005, 9.71391564235e-005, 0.000123574820464, 9.21898681554e-005, 0.000125249076518, 8.87302303454e-005, 4.35477522842e-005, 1.38252407851e-005, 5.40076052857e-006, 2.43318368121e-006, 1.49529398641e-006, 4.15771772566e-008, 2.92531554535e-010]
        dmean2: [1.09201110376e-007, 9.27409055294e-005, 0.000170625411556, 0.000256072846241, 0.000620331207756, 0.000204901574762, 0.000154432942509, 0.000119047144835, 0.000146342397784, 8.09196644695e-005, 0.000104253624158, 8.77806087374e-005, 8.40257198433e-005, 8.49822463351e-005, 7.83178547863e-005, 0.000153981905896, 0.000201683869818, 0.000152080669068, 0.000202311013709, 0.000141453623655, 6.93376496201e-005, 2.16233620449e-005, 7.91930779087e-006, 3.41388749803e-006, 2.08012397707e-006, 5.98442042588e-008, 4.7641568468e-010]
        dvar: [4.86231843363e-014, 4.15440517543e-008, 1.15250749388e-007, 1.59030307145e-007, 1.17928311738e-006, 6.2804708989e-008, 5.196787356e-008, 4.49465389352e-008, 6.9862608143e-008, 2.7563251237e-008, 3.75759796611e-008, 1.22115650925e-008, 2.04637462531e-008, 2.40648514449e-008, 1.76226944149e-008, 9.36931883189e-008, 8.79508021967e-008, 6.02552319151e-008, 8.60470734665e-008, 3.37358514457e-008, 7.34103577926e-009, 7.8936912562e-010, 2.0249847632e-010, 4.16293249872e-011, 1.80569986047e-011, 1.32473428792e-014, 6.14609257197e-019]
        dvar2: [1.28992763736e-013, 1.1868097971e-007, 3.16297501968e-007, 4.32023114172e-007, 3.24459574585e-006, 1.6783275214e-007, 1.27773731151e-007, 9.90241986187e-008, 1.5680095089e-007, 5.97893645704e-008, 8.66418545797e-008, 3.05722416272e-008, 5.26077705842e-008, 6.20629947434e-008, 4.17851779844e-008, 2.33973750596e-007, 2.19133639234e-007, 1.5522675767e-007, 2.18612413505e-007, 8.38243181533e-008, 1.80998345201e-008, 1.85614823511e-009, 4.15325274172e-010, 7.78451816896e-011, 3.40449508862e-011, 2.82088602152e-014, 1.48544215523e-018]
        max: [2.86306953967e-006, 0.0022377227433, 0.00563331972808, 0.00586752174422, 0.0161858033389, 0.00534957554191, 0.00545998057351, 0.00461560301483, 0.00827975850552, 0.00506341876462, 0.00562039250508, 0.00309023540467, 0.00392846157774, 0.00411976361647, 0.00401630857959, 0.00988307315856, 0.00782505609095, 0.00852886587381, 0.00900561362505, 0.00438692606986, 0.00194312573876, 0.000676173833199, 0.000427802180639, 0.000154248162289, 0.000111278728582, 2.52424933933e-006, 2.08576196314e-008]
        mean: [1.0250911231e-007, 5.87930844631e-005, 0.000130712898681, 0.00015781413822, 0.000502059294377, 0.000224702904234, 0.000211211954593, 0.00013931428839, 0.000196377703105, 9.63330530794e-005, 0.000111578163342, 8.72501841513e-005, 8.55843973113e-005, 8.66300688358e-005, 8.53004894452e-005, 0.000189152473467, 0.00024124646734, 0.000195650150999, 0.000264475616859, 0.000183560143341, 9.61035184446e-005, 2.87016737275e-005, 1.15373086373e-005, 5.73767147216e-006, 3.18089678331e-006, 7.33736271741e-008, 3.74950209769e-010]
        median: [1.26808155088e-008, 1.78269419848e-005, 5.14289240527e-005, 4.89681224281e-005, 0.000268890638836, 0.000118549454783, 9.526489157e-005, 4.1362203774e-005, 7.10161912139e-005, 2.7488800697e-005, 3.37274905178e-005, 4.12553999922e-005, 3.08989037876e-005, 1.81944906217e-005, 3.20132858178e-005, 3.7054913264e-005, 6.6245382186e-005, 6.1646787799e-005, 0.000121481833048, 8.7616572273e-005, 4.2466665036e-005, 9.08833135327e-006, 3.49620995621e-006, 1.10505413886e-006, 4.74248594173e-007, 8.44492475949e-009, 8.75702774183e-011]
        min: [3.80057480873e-025, 7.79323724788e-025, 2.4313432656e-024, 2.69938577664e-024, 1.26486501857e-023, 7.61689774632e-024, 1.37749550206e-023, 1.79686011239e-023, 2.37935973797e-023, 3.04204675902e-023, 1.88911360873e-023, 2.4350356474e-023, 3.0900240171e-023, 2.57953792584e-023, 5.72206252945e-023, 5.81964146798e-023, 6.77525494679e-023, 1.15387858432e-022, 1.6335601621e-022, 2.1559293385e-022, 2.35330410404e-022, 3.45527993219e-022, 4.36652913587e-022, 6.05437845304e-022, 1.08686332318e-021, 1.38500155144e-021, 1.95397731169e-021]
        var: [4.67276059155e-014, 2.77503211521e-008, 9.07783004322e-008, 1.30245794594e-007, 9.17060219763e-007, 1.00169316397e-007, 1.17342246142e-007, 9.40158244589e-008, 1.41787182883e-007, 7.41651220437e-008, 8.13122298382e-008, 2.22860094823e-008, 3.26287903363e-008, 4.59977016476e-008, 3.20860955583e-008, 2.33391205029e-007, 2.32494414831e-007, 1.37981686521e-007, 1.60680073691e-007, 6.89100261297e-008, 1.66011222547e-008, 2.05889705285e-009, 5.52680290422e-010, 1.55021662174e-010, 5.91431764674e-011, 3.05288292476e-014, 8.98431262181e-019]
    frequency_bands:
        dmean: [6.48608562415e-008, 5.2347095334e-005, 9.89300751826e-005, 0.000148015606101, 0.000361544982297, 0.000124256053823, 9.99713083729e-005, 7.87349636084e-005, 9.61324331001e-005, 5.24780080013e-005, 6.5959749918e-005, 5.31324949407e-005, 5.16900654475e-005, 5.32853118784e-005, 4.89114245283e-005, 9.71391564235e-005, 0.000123574820464, 9.21898681554e-005, 0.000125249076518, 8.87302303454e-005, 4.35477522842e-005, 1.38252407851e-005, 5.40076052857e-006, 2.43318368121e-006, 1.49529398641e-006, 4.15771772566e-008, 2.92531554535e-010, 3.97643029615e-011]
        dmean2: [1.09201110376e-007, 9.27409055294e-005, 0.000170625411556, 0.000256072846241, 0.000620331207756, 0.000204901574762, 0.000154432942509, 0.000119047144835, 0.000146342397784, 8.09196644695e-005, 0.000104253624158, 8.77806087374e-005, 8.40257198433e-005, 8.49822463351e-005, 7.83178547863e-005, 0.000153981905896, 0.000201683869818, 0.000152080669068, 0.000202311013709, 0.000141453623655, 6.93376496201e-005, 2.16233620449e-005, 7.91930779087e-006, 3.41388749803e-006, 2.08012397707e-006, 5.98442042588e-008, 4.7641568468e-010, 7.40431257973e-011]
        dvar: [4.86231843363e-014, 4.15440517543e-008, 1.15250749388e-007, 1.59030307145e-007, 1.17928311738e-006, 6.2804708989e-008, 5.196787356e-008, 4.49465389352e-008, 6.9862608143e-008, 2.7563251237e-008, 3.75759796611e-008, 1.22115650925e-008, 2.04637462531e-008, 2.40648514449e-008, 1.76226944149e-008, 9.36931883189e-008, 8.79508021967e-008, 6.02552319151e-008, 8.60470734665e-008, 3.37358514457e-008, 7.34103577926e-009, 7.8936912562e-010, 2.0249847632e-010, 4.16293249872e-011, 1.80569986047e-011, 1.32473428792e-014, 6.14609257197e-019, 4.55839040739e-021]
        dvar2: [1.28992763736e-013, 1.1868097971e-007, 3.16297501968e-007, 4.32023114172e-007, 3.24459574585e-006, 1.6783275214e-007, 1.27773731151e-007, 9.90241986187e-008, 1.5680095089e-007, 5.97893645704e-008, 8.66418545797e-008, 3.05722416272e-008, 5.26077705842e-008, 6.20629947434e-008, 4.17851779844e-008, 2.33973750596e-007, 2.19133639234e-007, 1.5522675767e-007, 2.18612413505e-007, 8.38243181533e-008, 1.80998345201e-008, 1.85614823511e-009, 4.15325274172e-010, 7.78451816896e-011, 3.40449508862e-011, 2.82088602152e-014, 1.48544215523e-018, 1.45139388256e-020]
        max: [2.86306953967e-006, 0.0022377227433, 0.00563331972808, 0.00586752174422, 0.0161858033389, 0.00534957554191, 0.00545998057351, 0.00461560301483, 0.00827975850552, 0.00506341876462, 0.00562039250508, 0.00309023540467, 0.00392846157774, 0.00411976361647, 0.00401630857959, 0.00988307315856, 0.00782505609095, 0.00852886587381, 0.00900561362505, 0.00438692606986, 0.00194312573876, 0.000676173833199, 0.000427802180639, 0.000154248162289, 0.000111278728582, 2.52424933933e-006, 2.08576196314e-008, 1.07086250978e-009]
        mean: [1.0250911231e-007, 5.87930844631e-005, 0.000130712898681, 0.00015781413822, 0.000502059294377, 0.000224702904234, 0.000211211954593, 0.00013931428839, 0.000196377703105, 9.63330530794e-005, 0.000111578163342, 8.72501841513e-005, 8.55843973113e-005, 8.66300688358e-005, 8.53004894452e-005, 0.000189152473467, 0.00024124646734, 0.000195650150999, 0.000264475616859, 0.000183560143341, 9.61035184446e-005, 2.87016737275e-005, 1.15373086373e-005, 5.73767147216e-006, 3.18089678331e-006, 7.33736271741e-008, 3.74950209769e-010, 3.14885756358e-011]
        median: [1.26808155088e-008, 1.78269419848e-005, 5.14289240527e-005, 4.89681224281e-005, 0.000268890638836, 0.000118549454783, 9.526489157e-005, 4.1362203774e-005, 7.10161912139e-005, 2.7488800697e-005, 3.37274905178e-005, 4.12553999922e-005, 3.08989037876e-005, 1.81944906217e-005, 3.20132858178e-005, 3.7054913264e-005, 6.6245382186e-005, 6.1646787799e-005, 0.000121481833048, 8.7616572273e-005, 4.2466665036e-005, 9.08833135327e-006, 3.49620995621e-006, 1.10505413886e-006, 4.74248594173e-007, 8.44492475949e-009, 8.75702774183e-011, 8.85272844614e-012]
        min: [3.80057480873e-025, 7.79323724788e-025, 2.4313432656e-024, 2.69938577664e-024, 1.26486501857e-023, 7.61689774632e-024, 1.37749550206e-023, 1.79686011239e-023, 2.37935973797e-023, 3.04204675902e-023, 1.88911360873e-023, 2.4350356474e-023, 3.0900240171e-023, 2.57953792584e-023, 5.72206252945e-023, 5.81964146798e-023, 6.77525494679e-023, 1.15387858432e-022, 1.6335601621e-022, 2.1559293385e-022, 2.35330410404e-022, 3.45527993219e-022, 4.36652913587e-022, 6.05437845304e-022, 1.08686332318e-021, 1.38500155144e-021, 1.95397731169e-021, 6.77653984343e-022]
        var: [4.67276059155e-014, 2.77503211521e-008, 9.07783004322e-008, 1.30245794594e-007, 9.17060219763e-007, 1.00169316397e-007, 1.17342246142e-007, 9.40158244589e-008, 1.41787182883e-007, 7.41651220437e-008, 8.13122298382e-008, 2.22860094823e-008, 3.26287903363e-008, 4.59977016476e-008, 3.20860955583e-008, 2.33391205029e-007, 2.32494414831e-007, 1.37981686521e-007, 1.60680073691e-007, 6.89100261297e-008, 1.66011222547e-008, 2.05889705285e-009, 5.52680290422e-010, 1.55021662174e-010, 5.91431764674e-011, 3.05288292476e-014, 8.98431262181e-019, 3.71654874549e-021]
    mfcc:
        mean: [-749.520568848, 113.624023438, -36.1694831848, 43.6166572571, -13.2704267502, -8.85271930695, -2.18938016891, -8.13183021545, -8.0975446701, -8.95946884155, -7.81470870972, -4.56641149521, -3.67224693298]
        cov: [[8298.18554688, -782.291381836, -856.307861328, 517.36541748, -436.808654785, -75.734085083, -14.1967372894, 248.273880005, 187.801895142, 179.145751953, 31.5701789856, -9.30156993866, 3.9616253376], [-782.291381836, 1291.96057129, -354.358123779, -63.2863807678, -69.7080535889, -125.731910706, 10.0367078781, -97.0378494263, -52.7544403076, -64.3242950439, -5.2347240448, -5.88161659241, 13.0334205627], [-856.307861328, -354.358123779, 858.13861084, -112.77166748, 115.721725464, 149.63633728, 28.2928771973, 40.1806716919, -40.1694984436, 33.4463996887, 38.1929244995, 23.396112442, 26.8220405579], [517.36541748, -63.2863807678, -112.77166748, 293.217590332, 31.1927585602, -12.2674045563, -16.3302307129, -16.2857589722, 55.4377212524, -28.7329521179, -27.6607398987, 6.53222990036, 11.0304021835], [-436.808654785, -69.7080535889, 115.721725464, 31.1927585602, 276.938964844, 46.3649940491, -12.5138320923, 12.3120718002, 19.0749149323, 14.8020992279, -15.1220035553, 12.4803171158, 17.503610611], [-75.734085083, -125.731910706, 149.63633728, -12.2674045563, 46.3649940491, 177.403381348, 59.3880500793, 14.382109642, -6.40133428574, 21.7317237854, 31.0003318787, 19.237657547, -7.40486574173], [-14.1967372894, 10.0367078781, 28.2928771973, -16.3302307129, -12.5138320923, 59.3880500793, 147.825393677, 28.590303421, 16.3833599091, 0.750995993614, 23.7832527161, 24.1107387543, -9.94419002533], [248.273880005, -97.0378494263, 40.1806716919, -16.2857589722, 12.3120718002, 14.382109642, 28.590303421, 143.620376587, 29.4232120514, 40.0877723694, 18.3552036285, 2.05533242226, 12.6822509766], [187.801895142, -52.7544403076, -40.1694984436, 55.4377212524, 19.0749149323, -6.40133428574, 16.3833599091, 29.4232120514, 119.414878845, 14.1295347214, -9.07033538818, 9.56744766235, 4.23496961594], [179.145751953, -64.3242950439, 33.4463996887, -28.7329521179, 14.8020992279, 21.7317237854, 0.750995993614, 40.0877723694, 14.1295347214, 115.050102234, 46.1154060364, 1.17702507973, 2.36685323715], [31.5701789856, -5.2347240448, 38.1929244995, -27.6607398987, -15.1220035553, 31.0003318787, 23.7832527161, 18.3552036285, -9.07033538818, 46.1154060364, 97.7977905273, 17.5788955688, -10.4986228943], [-9.30156993866, -5.88161659241, 23.396112442, 6.53222990036, 12.4803171158, 19.237657547, 24.1107387543, 2.05533242226, 9.56744766235, 1.17702507973, 17.5788955688, 71.1343536377, 19.361246109], [3.9616253376, 13.0334205627, 26.8220405579, 11.0304021835, 17.503610611, -7.40486574173, -9.94419002533, 12.6822509766, 4.23496961594, 2.36685323715, -10.4986228943, 19.361246109, 77.1467590332]]
        icov: [[0.000214107130887, 0.000146785707329, 0.000217495879042, -0.000350622518454, 0.000375467090635, -6.16519537289e-005, 4.10496904806e-005, -0.000312133837724, 2.32673246501e-005, -0.000350935675669, 4.90341881232e-005, -4.40800904471e-005, -6.85574195813e-005], [0.000146785707329, 0.0011452997569, 0.000573620258365, 0.000149690153194, 0.000117526309623, 0.000517500040587, -0.000466299999971, 0.000398859672714, 0.000333954521921, 0.000170964587596, -0.000415589805925, 0.000125543563627, -0.000636173936073], [0.000217495879042, 0.000573620258365, 0.00194923323579, 0.000356526696123, -0.000171579944436, -0.00101347232703, 6.13946394878e-005, -0.000341650389601, 0.00046103016939, -4.79246846226e-005, -0.000382537284167, -2.6362200515e-005, -0.000900304643437], [-0.000350622518454, 0.000149690153194, 0.000356526696123, 0.0049600074999, -0.00114829360973, -0.000221557187615, 0.000393215450458, 0.00117395480629, -0.00194042467047, 0.00186113989912, -0.000162525640917, -5.01774338773e-005, -0.000703558966052], [0.000375467090635, 0.000117526309623, -0.000171579944436, -0.00114829360973, 0.00496919779107, -0.00127573159989, 0.000958128657658, -0.000789705431089, -0.000518039625604, -0.00137358391657, 0.00141484302003, -0.000768430996686, -0.00035590340849], [-6.16519537289e-005, 0.000517500040587, -0.00101347232703, -0.000221557187615, -0.00127573159989, 0.00866212137043, -0.00334356888197, 0.000698297517374, 0.00105701410212, -0.000714188849088, -0.0012347715674, -0.000670841545798, 0.000839079672005], [4.10496904806e-005, -0.000466299999971, 6.13946394878e-005, 0.000393215450458, 0.000958128657658, -0.00334356888197, 0.00949109066278, -0.00205665640533, -0.00165578606538, 0.00147192867007, -0.000889633258339, -0.00252276915126, 0.00158008001745], [-0.000312133837724, 0.000398859672714, -0.000341650389601, 0.00117395480629, -0.000789705431089, 0.000698297517374, -0.00205665640533, 0.00950250308961, -0.00180973939132, -0.00160899886396, -0.000918520090636, 0.00141375663225, -0.0020125489682], [2.32673246501e-005, 0.000333954521921, 0.00046103016939, -0.00194042467047, -0.000518039625604, 0.00105701410212, -0.00165578606538, -0.00180973939132, 0.010849237442, -0.00205329363234, 0.00191382481717, -0.00155314430594, 0.000480264687212], [-0.000350935675669, 0.000170964587596, -4.79246846226e-005, 0.00186113989912, -0.00137358391657, -0.000714188849088, 0.00147192867007, -0.00160899886396, -0.00205329363234, 0.0134828519076, -0.0063597955741, 0.00173669680953, -0.00116524135228], [4.90341881232e-005, -0.000415589805925, -0.000382537284167, -0.000162525640917, 0.00141484302003, -0.0012347715674, -0.000889633258339, -0.000918520090636, 0.00191382481717, -0.0063597955741, 0.015577361919, -0.00432312022895, 0.00311560789123], [-4.40800904471e-005, 0.000125543563627, -2.6362200515e-005, -5.01774338773e-005, -0.000768430996686, -0.000670841545798, -0.00252276915126, 0.00141375663225, -0.00155314430594, 0.00173669680953, -0.00432312022895, 0.0179552268237, -0.00551274092868], [-6.85574195813e-005, -0.000636173936073, -0.000900304643437, -0.000703558966052, -0.00035590340849, 0.000839079672005, 0.00158008001745, -0.0020125489682, 0.000480264687212, -0.00116524135228, 0.00311560789123, -0.00551274092868, 0.0159996096045]]
    sccoeffs:
        dmean: [0.0495422482491, 0.0401917770505, 0.0341173745692, 0.0283914301544, 0.0206785630435, 0.0165142882615]
        dmean2: [0.0823983922601, 0.0659766942263, 0.0557001419365, 0.0462140105665, 0.0330594331026, 0.0256498623639]
        dvar: [0.00210722885095, 0.00116913230158, 0.000806970521808, 0.000595233752392, 0.000339338788763, 0.000213682418689]
        dvar2: [0.00551651418209, 0.00313690374605, 0.00203560292721, 0.00146328320261, 0.00076280668145, 0.000481409253553]
        max: [-0.270123511553, -0.47492402792, -0.398327380419, -0.467295110226, -0.52712726593, -0.582079708576]
        mean: [-0.622197091579, -0.726575493813, -0.763481974602, -0.767756581306, -0.791978776455, -0.764438927174]
        median: [-0.628940582275, -0.729625999928, -0.77133923769, -0.774241685867, -0.800099015236, -0.770499706268]
        min: [-0.975877821445, -0.972268044949, -0.972270548344, -0.966851651669, -0.966076433659, -0.963815391064]
        var: [0.00608196435496, 0.00489949528128, 0.00435620732605, 0.00357573945075, 0.00223648361862, 0.00280906260014]
    scvalleys:
        dmean: [0.370062947273, 0.305378139019, 0.270894795656, 0.247038826346, 0.252001494169, 0.287127107382]
        dmean2: [0.618778407574, 0.496611446142, 0.435549348593, 0.3840495646, 0.357318580151, 0.367112547159]
        dvar: [0.11294054985, 0.0864955484867, 0.0715004578233, 0.0705286711454, 0.101286038756, 0.157580152154]
        dvar2: [0.282740086317, 0.198796764016, 0.153497740626, 0.13635571301, 0.169632911682, 0.227687463164]
        max: [-4.98278045654, -4.65054416656, -5.24905586243, -5.84960222244, -5.58773422241, -7.4265999794]
        mean: [-7.49616956711, -6.93439388275, -7.59168577194, -7.87259864807, -7.76971244812, -10.3559579849]
        median: [-7.22545909882, -6.70876693726, -7.30401611328, -7.68349599838, -7.50985336304, -9.90828990936]
        min: [-27.7450771332, -27.8200893402, -27.7783813477, -27.5853214264, -27.4373874664, -27.415473938]
        var: [2.04335427284, 1.94919681549, 1.99711883068, 1.99512588978, 2.58468556404, 3.58268928528]

rhythm:
    beats_loudness:
        dmean: 0.00185209594201
        dmean2: 0.00330990040675
        dvar: 3.88482931157e-006
        dvar2: 1.15105367513e-005
        max: 0.0177444834262
        mean: 0.00445962883532
        median: 0.00397208333015
        min: 3.61563947185e-012
        var: 1.08006324808e-005
    bpm: 166.370269775
    bpm_confidence: 0
    first_peak_bpm: 167
    first_peak_spread: 0
    first_peak_weight: 0.648310363293
    onset_rate: 2.89236116409
    second_peak_bpm: 172
    second_peak_spread: 0
    second_peak_weight: 0.249061331153
    beats_loudness_band_ratio:
        dmean: [0.145217567682, 0.135803952813, 0.125156879425, 0.0799890235066, 0.109811671078, 0.0832917615771]
        dmean2: [0.254686355591, 0.231982216239, 0.221447497606, 0.141445621848, 0.195562303066, 0.143220663071]
        dvar: [0.0140329739079, 0.0140474289656, 0.0173832587898, 0.00858098454773, 0.0174534097314, 0.00729692028835]
        dvar2: [0.0397407002747, 0.039416667074, 0.0481224395335, 0.0226233173162, 0.0540793761611, 0.020797200501]
        max: [0.786077976227, 0.848905324936, 0.753818035126, 0.771210730076, 0.77587300539, 0.784331977367]
        mean: [0.214620023966, 0.262305170298, 0.181357428432, 0.108386553824, 0.179630234838, 0.14611017704]
        median: [0.175185889006, 0.222044765949, 0.125647127628, 0.0788419246674, 0.122148498893, 0.128978341818]
        min: [0, 0, 0, 0, 0, 0]
        var: [0.0283812992275, 0.0333747714758, 0.0240166522563, 0.0100085549057, 0.0260439291596, 0.00939357839525]
