
metadata:
    version:
        essentia: "2.1-beta2"
    audio_properties:
        analysis_sample_rate: 44100
        bitrate: 320
        channels: 2
        equal_loudness: 1
        length: 217.417144775
        replay_gain: -14.054189682
        downmix: "mix"
    tags:
        album: "Isolate And Medicate (Deluxe Edition)"
        artist: "Seether"
        comment: ""
        date: "2014"
        genre: "Alt. Rock/Post-Grunge"
        title: "Burn The World"
        tracknumber: "12"

configuration:
    average_loudness:
        compute: 1
        frameSize: 88200
        hopSize: 44100
        silentFrames: "noise"
        windowType: "hann"
    general:
        analysisSampleRate: 44100
        endTime: 2000
        equalLoudness: 1
        nequalLoudness: 0
        shortSound: 0
        startTime: 0
    lowlevel:
        compute: 1
        frameSize: 2048
        hopSize: 1024
        zeroPadding: 0
        silentFrames: "noise"
        windowType: "blackmanharris62"
        mfccStats: ["mean", "cov", "icov"]
        stats: ["mean", "var", "median", "min", "max", "dmean", "dmean2", "dvar", "dvar2"]
    panning:
        compute: 0
        frameSize: 8192
        hopSize: 2048
        zeroPadding: 8192
        silentFrames: "noise"
        windowType: "hann"
        stats: ["copy"]
    rhythm:
        compute: 1
        maxTempo: 208
        minTempo: 40
        method: "degara"
        stats: ["mean", "var", "median", "min", "max", "dmean", "dmean2", "dvar", "dvar2"]
    segmentation:
        compute: 0
        cpw: 5
        inc1: 300
        inc2: 50
        minimumSegmentsLength: 10
        size1: 1000
        size2: 600
    sfx:
        compute: 1
        stats: ["mean", "var", "median", "min", "max", "dmean", "dmean2", "dvar", "dvar2"]
    svm:
        compute: 0
    tonal:
        compute: 1
        frameSize: 4096
        hopSize: 2048
        zeroPadding: 0
        silentFrames: "noise"
        windowType: "blackmanharris62"
        stats: ["mean", "var", "median", "min", "max", "dmean", "dmean2", "dvar", "dvar2"]

lowlevel:
    average_loudness: 0.665187180042
    barkbands_kurtosis:
        dmean: 0.863668262959
        dmean2: 1.35648977757
        dvar: 1.87285685539
        dvar2: 4.15231370926
        max: 67.1741867065
        mean: 0.379145234823
        median: -0.883003056049
        min: -1.93288588524
        var: 18.0070972443
    barkbands_skewness:
        dmean: 0.411828041077
        dmean2: 0.645182073116
        dvar: 0.186817288399
        dvar2: 0.448944181204
        max: 5.59467983246
        mean: 0.315789312124
        median: 0.159846961498
        min: -3.20020866394
        var: 1.22537887096
    barkbands_spread:
        dmean: 4.74611997604
        dmean2: 7.51503324509
        dvar: 24.3271083832
        dvar2: 55.7636222839
        max: 73.8760375977
        mean: 30.6147060394
        median: 31.766046524
        min: 1.18418884277
        var: 154.927047729
    dissonance:
        dmean: 0.0136245321482
        dmean2: 0.022761574015
        dvar: 0.000213375169551
        dvar2: 0.000553448509891
        max: 0.5
        mean: 0.466664344072
        median: 0.478001713753
        min: 0.218241021037
        var: 0.00115850672591
    hfc:
        dmean: 1.57242500782
        dmean2: 2.4977209568
        dvar: 5.29636669159
        dvar2: 13.0517978668
        max: 33.7287254333
        mean: 6.82227087021
        median: 5.91565752029
        min: 1.04957149513e-016
        var: 32.3310241699
    pitch:
        dmean: 691.48425293
        dmean2: 1328.27185059
        dvar: 1532140.375
        dvar2: 3914783.75
        max: 5304.63134766
        mean: 1252.3951416
        median: 264.710296631
        min: 62.7729759216
        var: 2297354.75
    pitch_instantaneous_confidence:
        dmean: 0.0743126422167
        dmean2: 0.120304331183
        dvar: 0.00523781497031
        dvar2: 0.0130766360089
        max: 0.911585569382
        mean: 0.420941084623
        median: 0.395138323307
        min: 0.0963388681412
        var: 0.0253825131804
    pitch_salience:
        dmean: 0.0542319864035
        dmean2: 0.0905003026128
        dvar: 0.002542383736
        dvar2: 0.00712222186849
        max: 0.947827875614
        mean: 0.635889530182
        median: 0.648717582226
        min: 0.205820888281
        var: 0.0083254147321
    silence_rate_20dB:
        dmean: 0
        dmean2: 0
        dvar: 0
        dvar2: 0
        max: 1
        mean: 1
        median: 1
        min: 1
        var: 0
    silence_rate_30dB:
        dmean: 0
        dmean2: 0
        dvar: 0
        dvar2: 0
        max: 1
        mean: 1
        median: 1
        min: 1
        var: 0
    silence_rate_60dB:
        dmean: 0.0854335725307
        dmean2: 0.170885398984
        dvar: 0.0781422704458
        dvar2: 0.17007599771
        max: 1
        mean: 0.391564339399
        median: 0
        min: 0
        var: 0.238241881132
    spectral_centroid:
        dmean: 261.770355225
        dmean2: 414.353057861
        dvar: 107057.65625
        dvar2: 247504.859375
        max: 11837.1962891
        mean: 1626.22180176
        median: 1563.42480469
        min: 238.237228394
        var: 1340256.625
    spectral_complexity:
        dmean: 2.68368220329
        dmean2: 4.32318687439
        dvar: 9.86264514923
        dvar2: 23.642906189
        max: 48
        mean: 13.4736785889
        median: 12
        min: 0
        var: 89.1761322021
    spectral_crest:
        dmean: 1.88477563858
        dmean2: 3.10211253166
        dvar: 3.12099599838
        dvar2: 8.34158420563
        max: 22.3612957001
        mean: 7.6868057251
        median: 6.84761762619
        min: 2.31893634796
        var: 11.1242361069
    spectral_decrease:
        dmean: 2.99166830198e-010
        dmean2: 4.90394280739e-010
        dvar: 2.75165146283e-019
        dvar2: 7.23564039917e-019
        max: 1.67774161173e-028
        mean: -9.13247644174e-010
        median: -8.40947422809e-010
        min: -5.30710275726e-009
        var: 4.89324843512e-019
    spectral_energy:
        dmean: 0.00123147387058
        dmean2: 0.00199931371026
        dvar: 4.450934739e-006
        dvar2: 1.16502733363e-005
        max: 0.0222998335958
        mean: 0.0040656067431
        median: 0.00375345093198
        min: 1.01631739832e-020
        var: 9.35680782277e-006
    spectral_energyband_high:
        dmean: 0.000123628720758
        dmean2: 0.000198995461687
        dvar: 4.25685371397e-008
        dvar2: 1.0327243416e-007
        max: 0.00267984648235
        mean: 0.000336357508786
        median: 0.000241851259489
        min: 7.08601282907e-021
        var: 1.38701338415e-007
    spectral_energyband_low:
        dmean: 0.000388665910577
        dmean2: 0.000686484039761
        dvar: 1.09393147341e-006
        dvar2: 3.01241652778e-006
        max: 0.00742112053558
        mean: 0.000456326961285
        median: 0.000225182375289
        min: 1.21692838683e-023
        var: 7.84420990385e-007
    spectral_energyband_middle_high:
        dmean: 0.000426986051025
        dmean2: 0.000680884695612
        dvar: 3.14378866051e-007
        dvar2: 7.96806489234e-007
        max: 0.0106800571084
        mean: 0.00180095131509
        median: 0.00154202082194
        min: 1.19482675094e-021
        var: 2.43586578108e-006
    spectral_energyband_middle_low:
        dmean: 0.000770863494836
        dmean2: 0.00129485828802
        dvar: 2.38371808337e-006
        dvar2: 6.41009773972e-006
        max: 0.0165362134576
        mean: 0.00160919653717
        median: 0.00123784819152
        min: 1.65006136519e-022
        var: 2.75174693343e-006
    spectral_flatness_db:
        dmean: 0.0146992867813
        dmean2: 0.0229821167886
        dvar: 0.000189033540664
        dvar2: 0.000440708099632
        max: 0.401248723269
        mean: 0.163316398859
        median: 0.139866769314
        min: 0.0568993203342
        var: 0.00412003602833
    spectral_flux:
        dmean: 0.00799852237105
        dmean2: 0.0122671257704
        dvar: 0.000122769793961
        dvar2: 0.000226461619604
        max: 0.119838051498
        mean: 0.0348934419453
        median: 0.034223780036
        min: 6.43274461476e-011
        var: 0.000448600709205
    spectral_kurtosis:
        dmean: 2.38126397133
        dmean2: 4.11389064789
        dvar: 26.2000617981
        dvar2: 79.7921524048
        max: 70.6410751343
        mean: 6.01947879791
        median: 3.33184719086
        min: -1.30016064644
        var: 72.8543701172
    spectral_rms:
        dmean: 0.00025677823578
        dmean2: 0.000403486803407
        dvar: 1.31857603947e-007
        dvar2: 3.30405669047e-007
        max: 0.00466432562098
        mean: 0.00182090781163
        median: 0.0019136100309
        min: 3.14885552528e-012
        var: 6.50724643947e-007
    spectral_rolloff:
        dmean: 378.490936279
        dmean2: 624.828063965
        dvar: 319152.96875
        dvar2: 715354.4375
        max: 19724.4140625
        mean: 3039.20922852
        median: 3337.64648438
        min: 193.798828125
        var: 3851367
    spectral_skewness:
        dmean: 0.239661261439
        dmean2: 0.395612508059
        dvar: 0.126911774278
        dvar2: 0.371877670288
        max: 6.82267284393
        mean: 1.5649023056
        median: 1.36618590355
        min: -0.098196387291
        var: 0.546931385994
    spectral_spread:
        dmean: 570185.6875
        dmean2: 808539
        dvar: 684954419200
        dvar2: 1.3307632681e+012
        max: 44885388
        mean: 5089267.5
        median: 4709210
        min: 845790.375
        var: 1.58156403507e+013
    spectral_strongpeak:
        dmean: 0.394547402859
        dmean2: 0.699446082115
        dvar: 0.448379904032
        dvar2: 1.25019943714
        max: 7.68694210052
        mean: 0.546573102474
        median: 0.288084924221
        min: 0
        var: 0.513354361057
    zerocrossingrate:
        dmean: 0.0088189933449
        dmean2: 0.0109229395166
        dvar: 9.44797939155e-005
        dvar2: 0.000120652250189
        max: 0.5263671875
        mean: 0.0930616632104
        median: 0.09521484375
        min: 0.0126953125
        var: 0.00277261296287
    barkbands:
        dmean: [1.00576706075e-007, 0.000100428937003, 0.00022896649898, 0.000227520606131, 0.000409125554143, 0.000162227006513, 0.000109862688987, 6.96567731211e-005, 0.000100719094917, 4.22817611252e-005, 4.62276148028e-005, 4.97479668411e-005, 3.70069828932e-005, 3.79550874641e-005, 4.40527801402e-005, 9.64800565271e-005, 0.000121625227621, 0.000136668153573, 0.000157467104145, 0.000123031175463, 5.82093853154e-005, 2.39133805735e-005, 6.22493780611e-006, 2.81306415673e-006, 1.95777761292e-006, 1.47895093505e-007, 8.89683549055e-010]
        dmean2: [1.71733944399e-007, 0.000181277588126, 0.000405315076932, 0.000410126027418, 0.000689045002218, 0.000275574944681, 0.000181996496394, 0.000111838773591, 0.000159957227879, 6.76842973917e-005, 7.18522715033e-005, 7.94949301053e-005, 6.02736072324e-005, 6.21186045464e-005, 7.25427817088e-005, 0.000160683252034, 0.000202830182388, 0.000223136768909, 0.000261184759438, 0.000203180054086, 9.54697752604e-005, 3.84659979318e-005, 9.54403458309e-006, 4.2333726924e-006, 2.94160486192e-006, 2.33199401123e-007, 1.42104816803e-009]
        dvar: [7.52120872635e-014, 9.33116268698e-008, 4.09338213103e-007, 2.3405944205e-007, 7.50310448439e-007, 1.48856813098e-007, 5.07770074876e-008, 1.7052476764e-008, 4.34024300944e-008, 5.87946136221e-009, 9.00528895897e-009, 1.05168505016e-008, 1.0263002892e-008, 6.26278851001e-009, 6.5672516314e-009, 3.01997751251e-008, 3.23557998172e-008, 6.16452169311e-008, 5.67779245841e-008, 3.39698438268e-008, 9.52189704861e-009, 1.83538517717e-009, 2.27834737188e-010, 5.27564728015e-011, 1.90104737507e-011, 1.20293816683e-013, 5.67330053567e-018]
        dvar2: [1.96448746484e-013, 2.65740595751e-007, 1.13249848255e-006, 6.66575260766e-007, 2.05080959859e-006, 4.13528169929e-007, 1.3504295282e-007, 4.19964649723e-008, 1.14395056983e-007, 1.41341187643e-008, 2.10831530012e-008, 2.6832765343e-008, 2.76362186469e-008, 1.59406479128e-008, 1.69401239702e-008, 8.48067429615e-008, 8.50629007232e-008, 1.57399568934e-007, 1.51575122231e-007, 8.9049812857e-008, 2.43985809334e-008, 4.51350601338e-009, 5.06858055527e-010, 1.31841190742e-010, 4.15932600861e-011, 3.08453512298e-013, 1.3933653932e-017]
        max: [3.98413976654e-006, 0.0020936538931, 0.0050503583625, 0.00419038860127, 0.00984257552773, 0.00491435825825, 0.0035491460003, 0.00258727604523, 0.00476009259, 0.00200086645782, 0.0022044768557, 0.00216177827679, 0.00347954244353, 0.00241904566064, 0.00153151492123, 0.00377354421653, 0.00295531912707, 0.00582789350301, 0.00439453497529, 0.00295608327724, 0.00137641420588, 0.000626475433819, 0.000372488226276, 0.000231245154282, 0.00011498859385, 8.93470314622e-006, 6.52965752579e-008]
        mean: [1.24713210425e-007, 0.00011158263078, 0.000230542951613, 0.000236403589952, 0.000602269545197, 0.000241039917455, 0.000171889405465, 0.000121026976558, 0.00020619892166, 7.67403907957e-005, 8.07226533652e-005, 0.000102568592411, 6.7008586484e-005, 6.34982716292e-005, 7.80869740993e-005, 0.000187868557987, 0.00026762203197, 0.000319824408507, 0.000398480682634, 0.000291666714475, 0.000137119990541, 5.02026559843e-005, 1.32554841912e-005, 5.89967476117e-006, 3.77809305974e-006, 1.80059842592e-007, 1.06036035508e-009]
        median: [3.45504034271e-008, 5.03350202052e-005, 7.59667964303e-005, 8.82368185557e-005, 0.000279890868114, 0.000124192956719, 8.07238830021e-005, 4.17100382037e-005, 7.02195902704e-005, 3.51482740371e-005, 3.0323080864e-005, 3.52189163095e-005, 1.78294376383e-005, 2.93098946713e-005, 3.47248278558e-005, 0.000101916673884, 0.000175425622729, 0.000178681992111, 0.000272143515758, 0.000231482059462, 9.27043147385e-005, 2.44971452048e-005, 6.46436774332e-006, 2.37118410951e-006, 1.19526555409e-006, 4.60769307153e-008, 2.27582883094e-010]
        min: [8.32437285803e-025, 2.82719978151e-024, 1.54351315311e-024, 3.49349393808e-025, 1.3664451385e-023, 9.31586747789e-024, 7.41252518502e-024, 8.41778089174e-024, 1.94632905909e-023, 1.27358563922e-023, 1.26274882031e-023, 2.47316176826e-023, 1.38581262036e-023, 3.22547679878e-023, 3.29030885896e-023, 4.38432325043e-023, 7.15342287407e-023, 9.56103329878e-023, 8.639441182e-023, 1.62876085857e-022, 2.48131742251e-022, 2.92731438721e-022, 4.13418448195e-022, 5.78094790369e-022, 8.44083289045e-022, 1.28543029105e-021, 1.90357422429e-021]
        var: [6.97865091995e-014, 6.11087216384e-008, 2.89802187581e-007, 1.83330158166e-007, 8.36664128201e-007, 1.48515624687e-007, 7.1649466804e-008, 4.39233893701e-008, 1.28215702944e-007, 1.56355319803e-008, 2.1156568053e-008, 2.71334901214e-008, 2.60875587799e-008, 1.20957874827e-008, 1.4538990456e-008, 7.01713744888e-008, 1.10358328698e-007, 2.10762848951e-007, 2.10936633493e-007, 8.82068675878e-008, 2.51734419976e-008, 4.79889239458e-009, 4.89529472514e-010, 9.433842596e-011, 4.36709002294e-011, 1.27848225713e-013, 6.85159326206e-018]
    frequency_bands:
        dmean: [1.00576706075e-007, 0.000100428937003, 0.00022896649898, 0.000227520606131, 0.000409125554143, 0.000162227006513, 0.000109862688987, 6.96567731211e-005, 0.000100719094917, 4.22817611252e-005, 4.62276148028e-005, 4.97479668411e-005, 3.70069828932e-005, 3.79550874641e-005, 4.40527801402e-005, 9.64800565271e-005, 0.000121625227621, 0.000136668153573, 0.000157467104145, 0.000123031175463, 5.82093853154e-005, 2.39133805735e-005, 6.22493780611e-006, 2.81306415673e-006, 1.95777761292e-006, 1.47895093505e-007, 8.89683549055e-010, 4.50608196589e-011]
        dmean2: [1.71733944399e-007, 0.000181277588126, 0.000405315076932, 0.000410126027418, 0.000689045002218, 0.000275574944681, 0.000181996496394, 0.000111838773591, 0.000159957227879, 6.76842973917e-005, 7.18522715033e-005, 7.94949301053e-005, 6.02736072324e-005, 6.21186045464e-005, 7.25427817088e-005, 0.000160683252034, 0.000202830182388, 0.000223136768909, 0.000261184759438, 0.000203180054086, 9.54697752604e-005, 3.84659979318e-005, 9.54403458309e-006, 4.2333726924e-006, 2.94160486192e-006, 2.33199401123e-007, 1.42104816803e-009, 8.37743624471e-011]
        dvar: [7.52120872635e-014, 9.33116268698e-008, 4.09338213103e-007, 2.3405944205e-007, 7.50310448439e-007, 1.48856813098e-007, 5.07770074876e-008, 1.7052476764e-008, 4.34024300944e-008, 5.87946136221e-009, 9.00528895897e-009, 1.05168505016e-008, 1.0263002892e-008, 6.26278851001e-009, 6.5672516314e-009, 3.01997751251e-008, 3.23557998172e-008, 6.16452169311e-008, 5.67779245841e-008, 3.39698438268e-008, 9.52189704861e-009, 1.83538517717e-009, 2.27834737188e-010, 5.27564728015e-011, 1.90104737507e-011, 1.20293816683e-013, 5.67330053567e-018, 4.93100902005e-021]
        dvar2: [1.96448746484e-013, 2.65740595751e-007, 1.13249848255e-006, 6.66575260766e-007, 2.05080959859e-006, 4.13528169929e-007, 1.3504295282e-007, 4.19964649723e-008, 1.14395056983e-007, 1.41341187643e-008, 2.10831530012e-008, 2.6832765343e-008, 2.76362186469e-008, 1.59406479128e-008, 1.69401239702e-008, 8.48067429615e-008, 8.50629007232e-008, 1.57399568934e-007, 1.51575122231e-007, 8.9049812857e-008, 2.43985809334e-008, 4.51350601338e-009, 5.06858055527e-010, 1.31841190742e-010, 4.15932600861e-011, 3.08453512298e-013, 1.3933653932e-017, 1.55792343635e-020]
        max: [3.98413976654e-006, 0.0020936538931, 0.0050503583625, 0.00419038860127, 0.00984257552773, 0.00491435825825, 0.0035491460003, 0.00258727604523, 0.00476009259, 0.00200086645782, 0.0022044768557, 0.00216177827679, 0.00347954244353, 0.00241904566064, 0.00153151492123, 0.00377354421653, 0.00295531912707, 0.00582789350301, 0.00439453497529, 0.00295608327724, 0.00137641420588, 0.000626475433819, 0.000372488226276, 0.000231245154282, 0.00011498859385, 8.93470314622e-006, 6.52965752579e-008, 9.77444902794e-010]
        mean: [1.24713210425e-007, 0.00011158263078, 0.000230542951613, 0.000236403589952, 0.000602269545197, 0.000241039917455, 0.000171889405465, 0.000121026976558, 0.00020619892166, 7.67403907957e-005, 8.07226533652e-005, 0.000102568592411, 6.7008586484e-005, 6.34982716292e-005, 7.80869740993e-005, 0.000187868557987, 0.00026762203197, 0.000319824408507, 0.000398480682634, 0.000291666714475, 0.000137119990541, 5.02026559843e-005, 1.32554841912e-005, 5.89967476117e-006, 3.77809305974e-006, 1.80059842592e-007, 1.06036035508e-009, 3.51750399641e-011]
        median: [3.45504034271e-008, 5.03350202052e-005, 7.59667964303e-005, 8.82368185557e-005, 0.000279890868114, 0.000124192956719, 8.07238830021e-005, 4.17100382037e-005, 7.02195902704e-005, 3.51482740371e-005, 3.0323080864e-005, 3.52189163095e-005, 1.78294376383e-005, 2.93098946713e-005, 3.47248278558e-005, 0.000101916673884, 0.000175425622729, 0.000178681992111, 0.000272143515758, 0.000231482059462, 9.27043147385e-005, 2.44971452048e-005, 6.46436774332e-006, 2.37118410951e-006, 1.19526555409e-006, 4.60769307153e-008, 2.27582883094e-010, 1.05171496512e-011]
        min: [8.32437285803e-025, 2.82719978151e-024, 1.54351315311e-024, 3.49349393808e-025, 1.3664451385e-023, 9.31586747789e-024, 7.41252518502e-024, 8.41778089174e-024, 1.94632905909e-023, 1.27358563922e-023, 1.26274882031e-023, 2.47316176826e-023, 1.38581262036e-023, 3.22547679878e-023, 3.29030885896e-023, 4.38432325043e-023, 7.15342287407e-023, 9.56103329878e-023, 8.639441182e-023, 1.62876085857e-022, 2.48131742251e-022, 2.92731438721e-022, 4.13418448195e-022, 5.78094790369e-022, 8.44083289045e-022, 1.28543029105e-021, 1.90357422429e-021, 4.68197959196e-022]
        var: [6.97865091995e-014, 6.11087216384e-008, 2.89802187581e-007, 1.83330158166e-007, 8.36664128201e-007, 1.48515624687e-007, 7.1649466804e-008, 4.39233893701e-008, 1.28215702944e-007, 1.56355319803e-008, 2.1156568053e-008, 2.71334901214e-008, 2.60875587799e-008, 1.20957874827e-008, 1.4538990456e-008, 7.01713744888e-008, 1.10358328698e-007, 2.10762848951e-007, 2.10936633493e-007, 8.82068675878e-008, 2.51734419976e-008, 4.79889239458e-009, 4.89529472514e-010, 9.433842596e-011, 4.36709002294e-011, 1.27848225713e-013, 6.85159326206e-018, 4.02025691234e-021]
    mfcc:
        mean: [-736.007019043, 105.077232361, -34.7262687683, 47.4232559204, -7.46331167221, -12.8191661835, -4.92506313324, -2.96632647514, -5.28572511673, -6.74468135834, -7.23616170883, -6.34966087341, -2.54684638977]
        cov: [[10980.8544922, -920.892456055, -710.952209473, 1675.81335449, -590.722473145, 509.353118896, 440.647277832, 346.719116211, 460.480560303, 108.642272949, 181.818161011, 119.423400879, 9.1571149826], [-920.892456055, 1391.27563477, -195.755081177, -279.814422607, 84.8773498535, -217.40057373, -80.0750045776, -31.5604476929, -172.428604126, -45.8710479736, -56.2870368958, -73.5430755615, 22.1422386169], [-710.952209473, -195.755081177, 549.203613281, -35.3856773376, 34.5855064392, 51.3302459717, -45.9153633118, -58.2969665527, -3.41612863541, -16.1627311707, 17.3159866333, -3.83019995689, 20.1115875244], [1675.81335449, -279.814422607, -35.3856773376, 622.465698242, -32.0582008362, 118.749610901, 65.5269546509, 89.8204116821, 142.429489136, 58.7545318604, 25.8816184998, 46.3501625061, 34.3625335693], [-590.722473145, 84.8773498535, 34.5855064392, -32.0582008362, 183.672042847, -25.1776733398, -62.3007392883, -47.4301567078, -12.505821228, 0.751530885696, -31.7894363403, -6.70454072952, -3.58963775635], [509.353118896, -217.40057373, 51.3302459717, 118.749610901, -25.1776733398, 203.015853882, 92.0407867432, 41.6556777954, 41.2371482849, 19.6516571045, 40.5363540649, 32.0892066956, 17.2359600067], [440.647277832, -80.0750045776, -45.9153633118, 65.5269546509, -62.3007392883, 92.0407867432, 169.644470215, 80.0520782471, 21.5633831024, 5.52878236771, 25.8633575439, 21.6242847443, 16.1548519135], [346.719116211, -31.5604476929, -58.2969665527, 89.8204116821, -47.4301567078, 41.6556777954, 80.0520782471, 144.647888184, 40.0699653625, 13.3614311218, 24.7000312805, 14.1523551941, 28.3249320984], [460.480560303, -172.428604126, -3.41612863541, 142.429489136, -12.505821228, 41.2371482849, 21.5633831024, 40.0699653625, 135.628555298, 43.6191329956, 15.9988164902, 21.8049621582, -0.549430847168], [108.642272949, -45.8710479736, -16.1627311707, 58.7545318604, 0.751530885696, 19.6516571045, 5.52878236771, 13.3614311218, 43.6191329956, 106.987434387, 45.141960144, 0.371867477894, 0.714121103287], [181.818161011, -56.2870368958, 17.3159866333, 25.8816184998, -31.7894363403, 40.5363540649, 25.8633575439, 24.7000312805, 15.9988164902, 45.141960144, 95.3259506226, 25.6374320984, 5.56113100052], [119.423400879, -73.5430755615, -3.83019995689, 46.3501625061, -6.70454072952, 32.0892066956, 21.6242847443, 14.1523551941, 21.8049621582, 0.371867477894, 25.6374320984, 77.1634750366, 26.489692688], [9.1571149826, 22.1422386169, 20.1115875244, 34.3625335693, -3.58963775635, 17.2359600067, 16.1548519135, 28.3249320984, -0.549430847168, 0.714121103287, 5.56113100052, 26.489692688, 80.3073425293]]
        icov: [[0.000250081036938, -1.09717011583e-005, 0.000312799878884, -0.00058606674429, 0.000588586379308, -0.00029209497734, -5.82095199206e-005, 0.000254345824942, -0.000291164731607, 0.000384036015021, -0.000321430183249, 0.000270143442322, 8.56885017129e-005], [-1.09717011583e-005, 0.0011131009087, 0.000371767848264, 0.000185724464245, -0.000510534795467, 0.000825399241876, -5.84241024626e-005, -0.000205324249691, 0.000929167785216, 3.93592636101e-005, -0.000218311790377, 0.000741597788874, -0.00081751763355], [0.000312799878884, 0.000371767848264, 0.00274607143365, -0.000506464217324, 0.000322038424201, -0.00112298922613, 0.000645781808998, 0.00124422495719, -0.000632181821857, 0.0014806286199, -0.00158632919192, 0.00155633687973, -0.00134350929875], [-0.00058606674429, 0.000185724464245, -0.000506464217324, 0.00379005097784, -0.0013180677779, -0.000187801459106, 0.000401926285122, -0.00123142031953, -0.0010862336494, -0.0013995016925, 0.00129260250833, -0.000941390753724, -0.000918369449209], [0.000588586379308, -0.000510534795467, 0.000322038424201, -0.0013180677779, 0.00838690716773, -0.00161429541185, 0.0019365597982, 0.00143423862755, -0.000635957927443, -0.000688822183292, 0.0020420786459, -0.000647835433483, 0.000456964364275], [-0.00029209497734, 0.000825399241876, -0.00112298922613, -0.000187801459106, -0.00161429541185, 0.0091410735622, -0.00435649044812, 0.000228525837883, 0.000322597916238, -0.000308789109113, -0.00166505563539, -0.000763449992519, -0.00069889659062], [-5.82095199206e-005, -5.84241024626e-005, 0.000645781808998, 0.000401926285122, 0.0019365597982, -0.00435649044812, 0.011103416793, -0.00441674375907, 0.000827881740406, 0.000108141437522, 0.000547321222257, -0.0010300866561, 0.000341414852301], [0.000254345824942, -0.000205324249691, 0.00124422495719, -0.00123142031953, 0.00143423862755, 0.000228525837883, -0.00441674375907, 0.0120728472248, -0.00320566794835, 0.00165043992456, -0.00270263501443, 0.00234289118089, -0.00373396999203], [-0.000291164731607, 0.000929167785216, -0.000632181821857, -0.0010862336494, -0.000635957927443, 0.000322597916238, 0.000827881740406, -0.00320566794835, 0.0131465997547, -0.00499026337638, 0.00266440096311, -0.00323641905561, 0.00228393357247], [0.000384036015021, 3.93592636101e-005, 0.0014806286199, -0.0013995016925, -0.000688822183292, -0.000308789109113, 0.000108141437522, 0.00165043992456, -0.00499026337638, 0.0156203890219, -0.0089506180957, 0.00494357384741, -0.00157888839021], [-0.000321430183249, -0.000218311790377, -0.00158632919192, 0.00129260250833, 0.0020420786459, -0.00166505563539, 0.000547321222257, -0.00270263501443, 0.00266440096311, -0.0089506180957, 0.0183839574456, -0.00698178354651, 0.00236053671688], [0.000270143442322, 0.000741597788874, 0.00155633687973, -0.000941390753724, -0.000647835433483, -0.000763449992519, -0.0010300866561, 0.00234289118089, -0.00323641905561, 0.00494357384741, -0.00698178354651, 0.0195325557142, -0.00673198141158], [8.56885017129e-005, -0.00081751763355, -0.00134350929875, -0.000918369449209, 0.000456964364275, -0.00069889659062, 0.000341414852301, -0.00373396999203, 0.00228393357247, -0.00157888839021, 0.00236053671688, -0.00673198141158, 0.0169027298689]]
    sccoeffs:
        dmean: [0.0504865273833, 0.0421121902764, 0.0345349088311, 0.0282620303333, 0.0210000630468, 0.0173879340291]
        dmean2: [0.0834943577647, 0.0691201239824, 0.0558863468468, 0.0462218113244, 0.0338380970061, 0.0278248209506]
        dvar: [0.00243600946851, 0.00124553649221, 0.000823250855319, 0.000508819473907, 0.000343649473507, 0.000237542786635]
        dvar2: [0.00636828830466, 0.00344104925171, 0.00212244386785, 0.00132997205947, 0.00084383378271, 0.00058942794567]
        max: [-0.305377840996, -0.484194010496, -0.498824596405, -0.592428743839, -0.59858995676, -0.625809788704]
        mean: [-0.633117973804, -0.746666193008, -0.772434949875, -0.787713170052, -0.784551560879, -0.770324230194]
        median: [-0.637416362762, -0.750000953674, -0.779732882977, -0.789553582668, -0.78933930397, -0.766267240047]
        min: [-0.979953289032, -0.979115188122, -0.974436998367, -0.975263118744, -0.967007219791, -0.964636385441]
        var: [0.00754886679351, 0.00417569326237, 0.00447071017697, 0.00238738534972, 0.00237958342768, 0.00165304238908]
    scvalleys:
        dmean: [0.374983847141, 0.339733272791, 0.292963027954, 0.248644888401, 0.220978215337, 0.266205847263]
        dmean2: [0.606725633144, 0.557934641838, 0.474312752485, 0.395043194294, 0.33654537797, 0.361995518208]
        dvar: [0.12179505825, 0.103193946183, 0.0755707025528, 0.0576540268958, 0.0718980878592, 0.113485366106]
        dvar2: [0.296845585108, 0.259737163782, 0.174800157547, 0.122477449477, 0.144130140543, 0.200788259506]
        max: [-4.97804117203, -4.38775491714, -5.37677717209, -5.57567214966, -5.62413358688, -7.43808555603]
        mean: [-7.41765880585, -6.96263599396, -7.5598654747, -7.85983276367, -7.66386651993, -10.3346223831]
        median: [-6.79474210739, -6.62611675262, -7.15986824036, -7.41317415237, -6.88599967957, -9.46475315094]
        min: [-28.3260059357, -28.2793369293, -27.7993793488, -27.6621837616, -27.666934967, -27.4174156189]
        var: [5.82002019882, 5.12008905411, 5.4043302536, 5.26749706268, 6.05600547791, 7.08281993866]

rhythm:
    beats_loudness:
        dmean: 0.00229310011491
        dmean2: 0.00433380482718
        dvar: 3.31977207679e-006
        dvar2: 1.1284338143e-005
        max: 0.014123249799
        mean: 0.00551287829876
        median: 0.00599653413519
        min: 0
        var: 1.08669273686e-005
    bpm: 91.9042739868
    bpm_confidence: 0
    first_peak_bpm: 92
    first_peak_spread: 0.0510204099119
    first_peak_weight: 0.788135588169
    onset_rate: 2.85626029968
    second_peak_bpm: 185
    second_peak_spread: 0
    second_peak_weight: 0.0536723174155
    beats_loudness_band_ratio:
        dmean: [0.0831351205707, 0.141875311732, 0.0937175229192, 0.0496996641159, 0.094327904284, 0.0890584662557]
        dmean2: [0.143103733659, 0.254386901855, 0.160500213504, 0.0845389440656, 0.162472605705, 0.164141058922]
        dvar: [0.00573052326217, 0.0125854387879, 0.0075800884515, 0.00346630671993, 0.00664413580671, 0.00786858331412]
        dvar2: [0.0163769889623, 0.0359204784036, 0.0206753201783, 0.00780077278614, 0.0184151045978, 0.0234886277467]
        max: [0.599308669567, 0.792557120323, 0.62570053339, 0.697754025459, 0.531861543655, 0.546275794506]
        mean: [0.203592926264, 0.248071655631, 0.141137316823, 0.07966504246, 0.189356178045, 0.180083051324]
        median: [0.195162668824, 0.210492670536, 0.105828151107, 0.0554676577449, 0.176063805819, 0.186767607927]
        min: [0, 0, 0, 0, 0, 0]
        var: [0.0145929576829, 0.0262198410928, 0.0133735788986, 0.0080980155617, 0.0126245999709, 0.015084406361]
    beats_position: [0.673378646374, 1.35836732388, 2.0549659729, 2.72834467888, 3.39011335373, 4.06349182129, 4.71365070343, 5.36380958557, 6.01396799088, 6.66412687302, 7.31428575516, 7.96444416046, 8.62621307373, 9.27637195587, 9.93814086914, 10.5882987976, 11.2384576797, 11.8886165619, 12.5503854752, 13.2237634659, 13.9203624725, 14.6053514481, 15.2903394699, 15.9869384766, 16.6835365295, 17.3801364899, 18.0651245117, 18.7268924713, 19.3886623383, 20.0388202667, 20.6889801025, 21.339138031, 21.9892959595, 22.6394557953, 23.2896137238, 23.9397735596, 24.589931488, 25.2400894165, 25.8902492523, 26.5404071808, 27.2021770477, 27.8523349762, 28.5141029358, 29.1642627716, 29.8144207001, 30.4645805359, 31.1147384644, 31.7648983002, 32.4150543213, 33.0652160645, 33.7269821167, 34.3771438599, 35.0389099121, 35.6890678406, 36.3392295837, 36.9893875122, 37.6395454407, 38.2897033691, 38.9398651123, 39.5900230408, 40.2401809692, 40.8903388977, 41.5404968262, 42.2022666931, 42.8640365601, 43.5141944885, 44.164352417, 44.8145103455, 45.4646720886, 46.1148300171, 46.7649879456, 47.415145874, 48.076915741, 48.7386856079, 49.3888435364, 50.0390014648, 50.6891593933, 51.3393173218, 51.9894790649, 52.6396369934, 53.2897949219, 53.9399528503, 54.5901107788, 55.2286605835, 55.8904304504, 56.5522003174, 57.2139663696, 57.8641242981, 58.5142860413, 59.1644439697, 59.8146018982, 60.4647598267, 61.1149177551, 61.7650794983, 62.4152374268, 63.0770072937, 63.7387733459, 64.3889312744, 65.0390930176, 65.6892471313, 66.3394088745, 66.9895706177, 67.6397247314, 68.2898864746, 68.9400405884, 69.5902023315, 70.2403640747, 70.902130127, 71.5638961792, 72.2140579224, 72.8642196655, 73.5143737793, 74.1645355225, 74.8146896362, 75.4648513794, 76.1150131226, 76.7651672363, 77.426940918, 78.0887069702, 78.7504730225, 79.3890228271, 80.0391845703, 80.6893386841, 81.3395004272, 81.9896621704, 82.6398162842, 83.2899780273, 83.9401321411, 84.5902938843, 85.2404556274, 85.8906097412, 86.5407714844, 87.1909255981, 87.8526992798, 88.514465332, 89.1646270752, 89.814781189, 90.4649429321, 91.1150970459, 91.7652587891, 92.4154205322, 93.065574646, 93.7157363892, 94.3658905029, 95.0276641846, 95.6778182983, 96.3279800415, 96.9781417847, 97.6399078369, 98.2900695801, 98.9402236938, 99.590385437, 100.240539551, 100.890701294, 101.552467346, 102.202629089, 102.864395142, 103.514556885, 104.164710999, 104.814872742, 105.465034485, 106.115188599, 106.765350342, 107.415504456, 108.077278137, 108.727432251, 109.389205933, 110.039360046, 110.68952179, 111.339683533, 111.989837646, 112.63999939, 113.290153503, 113.940315247, 114.59047699, 115.240631104, 115.902404785, 116.552558899, 117.214332581, 117.864486694, 118.514648438, 119.164802551, 119.814964294, 120.465126038, 121.115280151, 121.765441895, 122.415596008, 123.065757751, 123.715919495, 124.377685547, 125.039451599, 125.689613342, 126.339767456, 126.989929199, 127.640090942, 128.290252686, 128.94039917, 129.590560913, 130.240722656, 130.902496338, 131.564254761, 132.214416504, 132.864578247, 133.51473999, 134.164901733, 134.815048218, 135.465209961, 136.115371704, 136.765533447, 137.41569519, 138.065841675, 138.727615356, 139.389389038, 140.039550781, 140.689697266, 141.339859009, 141.990020752, 142.640182495, 143.290344238, 143.928878784, 144.590652466, 145.240814209, 145.890975952, 146.541137695, 147.19128418, 147.853057861, 148.514831543, 149.164993286, 149.815139771, 150.465301514, 151.115463257, 151.765625, 152.415786743, 153.065933228, 153.727706909, 154.377868652, 155.028030396, 155.67817688, 156.339950562, 156.978500366, 157.640274048, 158.290420532, 158.940582275, 159.590744019, 160.240905762, 160.891067505, 161.552825928, 162.202987671, 162.864761353, 163.514923096, 164.16506958, 164.815231323, 165.465393066, 166.11555481, 166.765716553, 167.415863037, 168.06602478, 168.727798462, 169.389572144, 170.039718628, 170.689880371, 171.340042114, 171.990203857, 172.640365601, 173.290512085, 173.940673828, 174.590835571, 175.240997314, 175.891159058, 176.55291748, 177.214691162, 177.864852905, 178.515014648, 179.153549194, 179.803710938, 180.465484619, 181.115646362, 181.765808105, 182.41595459, 183.066116333, 183.727890015, 184.378051758, 185.039810181, 185.701583862, 186.340133667, 186.978683472, 187.640457153, 188.290603638, 188.940765381, 189.590927124, 190.241088867, 190.89125061, 191.541397095, 192.203170776, 192.864944458, 193.515090942, 194.176864624, 194.815414429, 195.465576172, 196.115737915, 196.603347778, 197.0909729, 197.590194702, 198.066207886, 198.553833008, 199.041442871, 199.366531372, 199.691604614, 200.016693115, 200.341766357, 200.6668396, 200.991928101, 201.328613281, 201.665298462, 202.001998901, 202.338684082, 202.675369263, 203.012054443, 203.337142944, 203.650604248, 203.964080811, 204.289154053, 204.614242554, 204.939315796, 205.264389038, 205.589477539, 205.902938843, 206.216415405, 206.541488647, 206.866577148, 207.191650391, 207.505126953, 207.818588257, 208.143676758, 208.46875, 208.805435181, 209.130523682, 209.455596924, 209.792282104, 210.128982544, 210.465667725, 210.802352905, 211.150650024, 211.510559082, 211.858856201, 212.218765259, 212.694778442, 213.182403564, 213.670013428, 214.169250488, 214.66847229, 215.167709351, 215.666931152, 216.166168213, 216.665390015]
    bpm_estimates: [87.5926895142, 89.1029052734, 90.6661224365, 89.102935791, 92.2851333618, 92.2851333618, 92.2852020264, 92.2851333618, 92.2851333618, 92.2852020264, 90.6660919189, 92.2851333618, 90.6660919189, 92.2852706909, 92.2851333618, 92.2851333618, 90.6660919189, 89.1030044556, 87.5926513672, 87.5927734375, 87.5927734375, 90.6662216187, 90.6659622192, 92.2852706909, 92.2849960327, 92.2852706909, 92.2852706909, 92.2849960327, 92.2852706909, 92.2849960327, 92.2852706909, 92.2852706909, 92.2849960327, 92.2852706909, 90.6659622192, 92.2852706909, 90.6662216187, 92.2849960327, 92.2852706909, 92.2849960327, 92.2852706909, 92.2849960327, 92.2855377197, 92.2847290039, 90.6664810181, 92.2847290039, 90.6664810181, 92.2852706909, 92.2847290039, 92.2852706909, 92.2852706909, 92.2852706909, 92.2847290039, 92.2852706909, 92.2852706909, 92.2852706909, 92.2852706909, 90.6659622192, 90.6659622192, 92.2852706909, 92.2852706909, 92.2852706909, 92.2847290039, 92.2852706909, 92.2852706909, 92.2852706909, 90.6659622192, 90.6659622192, 92.2852706909, 92.2852706909, 92.2852706909, 92.2852706909, 92.2847290039, 92.2852706909, 92.2852706909, 92.2852706909, 92.2852706909, 93.9629135132, 90.6659622192, 90.6659622192, 90.6664810181, 92.2852706909, 92.2847290039, 92.2852706909, 92.2852706909, 92.2852706909, 92.2852706909, 92.2847290039, 92.2852706909, 90.6659622192, 90.6664810181, 92.2852706909, 92.2847290039, 92.2858123779, 92.2847290039, 92.2847290039, 92.2858123779, 92.2847290039, 92.2858123779, 92.2847290039, 92.2847290039, 90.6664810181, 90.6664810181, 92.2847290039, 92.2847290039, 92.2858123779, 92.2847290039, 92.2858123779, 92.2847290039, 92.2847290039, 92.2858123779, 90.665435791, 90.6664810181, 90.6664810181, 93.9629135132, 92.2847290039, 92.2858123779, 92.2847290039, 92.2847290039, 92.2858123779, 92.2847290039, 92.2858123779, 92.2847290039, 92.2847290039, 92.2858123779, 92.2847290039, 92.2858123779, 90.665435791, 90.6664810181, 92.2847290039, 92.2858123779, 92.2847290039, 92.2858123779, 92.2847290039, 92.2847290039, 92.2858123779, 92.2847290039, 92.2858123779, 90.665435791, 92.2858123779, 92.2847290039, 92.2847290039, 90.6664810181, 92.2847290039, 92.2858123779, 92.2847290039, 92.2858123779, 92.2847290039, 90.6664810181, 92.2847290039, 90.6664810181, 92.2847290039, 92.2858123779, 92.2847290039, 92.2847290039, 92.2858123779, 92.2847290039, 92.2858123779, 90.665435791, 92.2858123779, 90.665435791, 92.2858123779, 92.2847290039, 92.2847290039, 92.2858123779, 92.2847290039, 92.2858123779, 92.2847290039, 92.2847290039, 92.2858123779, 90.665435791, 92.2858123779, 90.665435791, 92.2858123779, 92.2847290039, 92.2858123779, 92.2847290039, 92.2847290039, 92.2858123779, 92.2847290039, 92.2858123779, 92.2847290039, 92.2847290039, 90.6664810181, 90.6664810181, 92.2847290039, 92.2858123779, 92.2847290039, 92.2847290039, 92.2847290039, 92.286895752, 92.2847290039, 92.2847290039, 90.665435791, 90.6675262451, 92.2847290039, 92.2847290039, 92.2847290039, 92.2847290039, 92.286895752, 92.2847290039, 92.2847290039, 92.2847290039, 92.2847290039, 92.286895752, 90.665435791, 90.665435791, 92.2847290039, 92.286895752, 92.2847290039, 92.2847290039, 92.2847290039, 92.2847290039, 93.9651565552, 90.665435791, 92.2847290039, 92.2847290039, 92.2847290039, 92.286895752, 90.665435791, 90.665435791, 92.2847290039, 92.286895752, 92.2847290039, 92.2847290039, 92.2847290039, 92.2847290039, 92.286895752, 90.665435791, 92.2847290039, 92.2847290039, 92.286895752, 90.665435791, 93.9629135132, 90.665435791, 92.286895752, 92.2847290039, 92.2847290039, 92.2847290039, 92.2847290039, 90.6675262451, 92.2847290039, 90.665435791, 92.2847290039, 92.286895752, 92.2847290039, 92.2847290039, 92.2847290039, 92.2847290039, 92.286895752, 92.2847290039, 90.665435791, 90.665435791, 92.286895752, 92.2847290039, 92.2847290039, 92.2847290039, 92.2847290039, 92.286895752, 92.2847290039, 92.2847290039, 92.2847290039, 92.2847290039, 90.6675262451, 90.665435791, 92.2847290039, 92.2847290039, 93.9651565552, 92.2847290039, 90.665435791, 92.2847290039, 92.2847290039, 92.286895752, 92.2847290039, 90.665435791, 92.2847290039, 90.6675262451, 90.665435791, 93.9629135132, 93.9629135132, 90.665435791, 92.286895752, 92.2847290039, 92.2847290039, 92.2847290039, 92.2847290039, 92.286895752, 90.665435791, 90.665435791, 92.286895752, 90.665435791, 93.9629135132, 92.2847290039, 92.2847290039]
