
metadata:
    version:
        essentia: "2.1-beta2"
    audio_properties:
        analysis_sample_rate: 44100
        bitrate: 320
        channels: 2
        equal_loudness: 1
        length: 229.302856445
        replay_gain: -14.8508453369
        downmix: "mix"
    tags:
        album: "Isolate And Medicate (Deluxe Edition)"
        artist: "Seether"
        comment: ""
        date: "2014"
        genre: "Alt. Rock/Post-Grunge"
        title: "Weak"
        tracknumber: "14"

configuration:
    average_loudness:
        compute: 1
        frameSize: 88200
        hopSize: 44100
        silentFrames: "noise"
        windowType: "hann"
    general:
        analysisSampleRate: 44100
        endTime: 2000
        equalLoudness: 1
        nequalLoudness: 0
        shortSound: 0
        startTime: 0
    lowlevel:
        compute: 1
        frameSize: 2048
        hopSize: 1024
        zeroPadding: 0
        silentFrames: "noise"
        windowType: "blackmanharris62"
        mfccStats: ["mean", "cov", "icov"]
        stats: ["mean", "var", "median", "min", "max", "dmean", "dmean2", "dvar", "dvar2"]
    panning:
        compute: 0
        frameSize: 8192
        hopSize: 2048
        zeroPadding: 8192
        silentFrames: "noise"
        windowType: "hann"
        stats: ["copy"]
    rhythm:
        compute: 1
        maxTempo: 208
        minTempo: 40
        method: "degara"
        stats: ["mean", "var", "median", "min", "max", "dmean", "dmean2", "dvar", "dvar2"]
    segmentation:
        compute: 0
        cpw: 5
        inc1: 300
        inc2: 50
        minimumSegmentsLength: 10
        size1: 1000
        size2: 600
    sfx:
        compute: 1
        stats: ["mean", "var", "median", "min", "max", "dmean", "dmean2", "dvar", "dvar2"]
    svm:
        compute: 0
    tonal:
        compute: 1
        frameSize: 4096
        hopSize: 2048
        zeroPadding: 0
        silentFrames: "noise"
        windowType: "blackmanharris62"
        stats: ["mean", "var", "median", "min", "max", "dmean", "dmean2", "dvar", "dvar2"]

lowlevel:
    average_loudness: 0.888048350811
    barkbands_kurtosis:
        dmean: 1.0042526722
        dmean2: 1.52312707901
        dvar: 3.12519884109
        dvar2: 5.65415763855
        max: 189.101013184
        mean: 1.58905470371
        median: -0.770681202412
        min: -1.87171578407
        var: 158.297515869
    barkbands_skewness:
        dmean: 0.407734632492
        dmean2: 0.624330043793
        dvar: 0.174174144864
        dvar2: 0.392954796553
        max: 12.6426696777
        mean: 0.103593558073
        median: -0.168504446745
        min: -3.60275816917
        var: 2.55090498924
    barkbands_spread:
        dmean: 5.13178920746
        dmean2: 8.15062236786
        dvar: 30.4238147736
        dvar2: 75.6467285156
        max: 78.6824645996
        mean: 30.8324832916
        median: 31.6089229584
        min: 0.719582855701
        var: 171.029556274
    dissonance:
        dmean: 0.0124450428411
        dmean2: 0.0209334306419
        dvar: 0.000271662865998
        dvar2: 0.000741818104871
        max: 0.499966770411
        mean: 0.474417716265
        median: 0.482547193766
        min: 0.145929500461
        var: 0.000648704648484
    hfc:
        dmean: 2.03801107407
        dmean2: 3.22211146355
        dvar: 7.49426555634
        dvar2: 17.7263374329
        max: 49.5500259399
        mean: 8.68707084656
        median: 7.94948387146
        min: 1.07072634152e-016
        var: 45.7737998962
    pitch:
        dmean: 770.152526855
        dmean2: 1477.89770508
        dvar: 1566408.625
        dvar2: 3849758.5
        max: 5305.93359375
        mean: 1298.18334961
        median: 354.339050293
        min: 51.3967971802
        var: 2252314.5
    pitch_instantaneous_confidence:
        dmean: 0.0819825232029
        dmean2: 0.132630035281
        dvar: 0.00521581340581
        dvar2: 0.0133410599083
        max: 0.892367184162
        mean: 0.445003658533
        median: 0.424367785454
        min: 0.095161318779
        var: 0.0244706831872
    pitch_salience:
        dmean: 0.0548930689692
        dmean2: 0.0899630114436
        dvar: 0.00247063767165
        dvar2: 0.00684037758037
        max: 0.979733645916
        mean: 0.631499111652
        median: 0.645573198795
        min: 0.143504217267
        var: 0.0100669143721
    silence_rate_20dB:
        dmean: 0
        dmean2: 0
        dvar: 0
        dvar2: 0
        max: 1
        mean: 1
        median: 1
        min: 1
        var: 0
    silence_rate_30dB:
        dmean: 0
        dmean2: 0
        dvar: 0
        dvar2: 0
        max: 1
        mean: 1
        median: 1
        min: 1
        var: 0
    silence_rate_60dB:
        dmean: 0.0724989846349
        dmean2: 0.145012661815
        dvar: 0.0672371536493
        dvar2: 0.145035594702
        max: 1
        mean: 0.348081409931
        median: 0
        min: 0
        var: 0.226953536272
    spectral_centroid:
        dmean: 249.753417969
        dmean2: 387.295654297
        dvar: 104561.75
        dvar2: 220748.1875
        max: 11732.1669922
        mean: 1822.95532227
        median: 1860.54089355
        min: 181.949417114
        var: 1620390.25
    spectral_complexity:
        dmean: 2.82604289055
        dmean2: 4.56850624084
        dvar: 9.00377559662
        dvar2: 21.8271045685
        max: 40
        mean: 14.0308799744
        median: 15
        min: 0
        var: 77.0936431885
    spectral_crest:
        dmean: 1.92067670822
        dmean2: 3.14566993713
        dvar: 3.2577881813
        dvar2: 8.64552497864
        max: 26.224313736
        mean: 8.10113334656
        median: 6.97656488419
        min: 2.3313832283
        var: 17.6712589264
    spectral_decrease:
        dmean: 2.55468035615e-010
        dmean2: 4.14594941711e-010
        dvar: 1.57832846341e-019
        dvar2: 4.1298261287e-019
        max: 2.58976742208e-028
        mean: -9.83942705091e-010
        median: -9.29568477748e-010
        min: -4.47587611418e-009
        var: 4.14831542484e-019
    spectral_energy:
        dmean: 0.0011126534082
        dmean2: 0.00179580727126
        dvar: 2.69808015219e-006
        dvar2: 6.98791654941e-006
        max: 0.0190426874906
        mean: 0.00450157094747
        median: 0.004246967379
        min: 1.00401187502e-020
        var: 8.74075522006e-006
    spectral_energyband_high:
        dmean: 0.000120320328278
        dmean2: 0.000187138532056
        dvar: 4.73305803439e-008
        dvar2: 1.01747112069e-007
        max: 0.00699846446514
        mean: 0.000380087643862
        median: 0.000321965082549
        min: 6.96927534954e-021
        var: 1.59270427957e-007
    spectral_energyband_low:
        dmean: 0.000258697575191
        dmean2: 0.000446692662081
        dvar: 3.61857900089e-007
        dvar2: 1.0229837244e-006
        max: 0.00642998376861
        mean: 0.000399387732614
        median: 0.000274644349702
        min: 1.41235021675e-023
        var: 3.19006517202e-007
    spectral_energyband_middle_high:
        dmean: 0.000639695324935
        dmean2: 0.00101677363273
        dvar: 7.7021928746e-007
        dvar2: 1.88459739547e-006
        max: 0.0127923581749
        mean: 0.00246436195448
        median: 0.00198265886866
        min: 1.22088940259e-021
        var: 4.62591242467e-006
    spectral_energyband_middle_low:
        dmean: 0.00059968122514
        dmean2: 0.000973701186012
        dvar: 1.72045190538e-006
        dvar2: 4.58889917354e-006
        max: 0.013596185483
        mean: 0.00138215580955
        median: 0.00112033716869
        min: 1.51781344138e-022
        var: 1.89191530353e-006
    spectral_flatness_db:
        dmean: 0.0135816065595
        dmean2: 0.0209083892405
        dvar: 0.000152808570419
        dvar2: 0.000354351825081
        max: 0.509335756302
        mean: 0.165072262287
        median: 0.14689488709
        min: 0.0562825277448
        var: 0.00469444692135
    spectral_flux:
        dmean: 0.00711895432323
        dmean2: 0.0108707882464
        dvar: 7.30757747078e-005
        dvar2: 0.00014770263806
        max: 0.119519069791
        mean: 0.0366623960435
        median: 0.0375987067819
        min: 6.485037507e-011
        var: 0.000394109723857
    spectral_kurtosis:
        dmean: 2.59664082527
        dmean2: 4.42811203003
        dvar: 128.915252686
        dvar2: 398.257049561
        max: 433.707000732
        mean: 11.2815322876
        median: 3.07692551613
        min: -1.25755012035
        var: 1882.71496582
    spectral_rms:
        dmean: 0.000234101476963
        dmean2: 0.000368273322238
        dvar: 8.68990639447e-008
        dvar2: 2.1408047246e-007
        max: 0.00431024748832
        mean: 0.00193712406326
        median: 0.00203553005122
        min: 3.12973453577e-012
        var: 6.39312702333e-007
    spectral_rolloff:
        dmean: 324.376831055
        dmean2: 528.807800293
        dvar: 279625.78125
        dvar2: 601930.5625
        max: 19961.2792969
        mean: 3214.02050781
        median: 3423.77929688
        min: 193.798828125
        var: 4419016.5
    spectral_skewness:
        dmean: 0.193621888757
        dmean2: 0.312032401562
        dvar: 0.130797937512
        dvar2: 0.371101766825
        max: 16.9986248016
        mean: 1.68087255955
        median: 1.26155114174
        min: -0.0958179309964
        var: 4.33916568756
    spectral_spread:
        dmean: 429287.625
        dmean2: 632183.6875
        dvar: 547862347776
        dvar2: 1.03917833421e+012
        max: 42428504
        mean: 4945193
        median: 4465169.5
        min: 227171.578125
        var: 1.78884569989e+013
    spectral_strongpeak:
        dmean: 0.644571602345
        dmean2: 1.10940349102
        dvar: 0.911494731903
        dvar2: 2.37396264076
        max: 8.71751022339
        mean: 0.94920116663
        median: 0.364323496819
        min: 4.22294733904e-011
        var: 1.50827312469
    zerocrossingrate:
        dmean: 0.0080066556111
        dmean2: 0.00976903643459
        dvar: 9.46221407503e-005
        dvar2: 0.000108139494841
        max: 0.529296875
        mean: 0.101115643978
        median: 0.10595703125
        min: 0.00634765625
        var: 0.00333077344112
    barkbands:
        dmean: [8.20603531793e-008, 6.74607726978e-005, 0.00016154696641, 0.000121241631859, 0.000272910809144, 0.000186396762729, 9.91412089206e-005, 7.98016990302e-005, 6.14145101281e-005, 7.01980461599e-005, 2.99599887512e-005, 6.32086448604e-005, 6.05363638897e-005, 6.07675974607e-005, 7.71627310314e-005, 0.000110192013381, 0.000215077481698, 0.000263001595158, 0.000215123174712, 0.000138510222314, 6.83771577314e-005, 1.90333012142e-005, 3.87199816032e-006, 2.28119438361e-006, 9.82365463642e-007, 8.9002959669e-008, 4.87092866042e-010]
        dmean2: [1.38897561897e-007, 0.000115677918075, 0.000284706766251, 0.000204295996809, 0.000443695113063, 0.000310302391881, 0.000162812939379, 0.000127273771795, 9.42431070143e-005, 0.000108751686639, 4.86893113703e-005, 0.000101819459815, 9.77604504442e-005, 9.92287968984e-005, 0.000127038962091, 0.000181382289156, 0.000350799935404, 0.000428587605711, 0.000354777323082, 0.000227429380175, 0.000108927990368, 2.96261241601e-005, 5.90460240346e-006, 3.25572159454e-006, 1.42850376506e-006, 1.36641887138e-007, 7.84125431252e-010]
        dvar: [6.14271545955e-014, 3.30469660526e-008, 1.48553155555e-007, 5.60942901018e-008, 4.52281057051e-007, 1.51789436131e-007, 5.40519025094e-008, 3.78250604172e-008, 1.67188058953e-008, 1.85636057637e-008, 6.96844359993e-009, 2.92092483534e-008, 2.36015029742e-008, 2.53225156399e-008, 3.14936023926e-008, 7.1470765306e-008, 1.83197570891e-007, 2.2238668862e-007, 1.33625675858e-007, 4.98393610826e-008, 1.65408629016e-008, 1.34434097188e-009, 5.32522151375e-011, 5.52990361835e-011, 8.11392359551e-012, 6.1447964501e-014, 1.12889039828e-018]
        dvar2: [1.63730045689e-013, 9.17764282349e-008, 4.34197630739e-007, 1.52127327624e-007, 1.18238915547e-006, 4.24785838504e-007, 1.40873567034e-007, 9.14286104603e-008, 3.47651933907e-008, 4.56057627218e-008, 1.84156565552e-008, 7.78108457666e-008, 6.06496044497e-008, 6.70930901947e-008, 8.50248582651e-008, 1.97495481302e-007, 4.77746596061e-007, 5.68684640712e-007, 3.40728917081e-007, 1.2287873119e-007, 3.64000385389e-008, 2.93260282724e-009, 1.04749292573e-010, 1.03875671953e-010, 1.65403836461e-011, 1.5087959365e-013, 2.73354096371e-018]
        max: [2.92625554721e-006, 0.0018319595838, 0.00453704549, 0.00444155698642, 0.0087998630479, 0.00492220139131, 0.00397361395881, 0.00319039030001, 0.0047259517014, 0.0036300830543, 0.00308226631023, 0.00389603758231, 0.00311338109896, 0.0030113204848, 0.0039720502682, 0.00764412386343, 0.0101445913315, 0.00770960142836, 0.00995343364775, 0.00530360173434, 0.0044908085838, 0.000948952103499, 0.000267547584372, 0.00032993539935, 8.78639912116e-005, 3.94534026782e-006, 1.62083004795e-008]
        mean: [9.40524245152e-008, 8.95718258107e-005, 0.000220424844883, 0.000167909180163, 0.000451844418421, 0.000325539353071, 0.000155614878167, 0.000120264470752, 0.00011289196118, 0.000122797297081, 4.54882974736e-005, 0.000104456499685, 9.48546512518e-005, 9.4952985819e-005, 0.000130760308821, 0.000206708282349, 0.000411316403188, 0.000583119690418, 0.000480229180539, 0.000333253672579, 0.000183273063158, 4.77376379422e-005, 1.04103201011e-005, 5.71829514229e-006, 2.20169863496e-006, 1.39345800676e-007, 6.65678456802e-010]
        median: [3.40492078976e-008, 4.60722658318e-005, 0.000131011183839, 9.62960912148e-005, 0.000250151875662, 0.0001642088464, 5.97672296863e-005, 3.9782942622e-005, 4.99446105096e-005, 5.29561766598e-005, 1.76584471774e-005, 3.5833210859e-005, 2.89367962978e-005, 3.26596273226e-005, 5.02390685142e-005, 9.03067557374e-005, 0.000197049419512, 0.000243568851147, 0.000350013637217, 0.000257061008597, 0.000147378945258, 3.40006517945e-005, 7.25235622667e-006, 3.19409582517e-006, 1.00364457012e-006, 2.4752850436e-008, 2.48132014935e-010]
        min: [8.38213953974e-026, 2.68992378451e-024, 7.96647307482e-025, 8.41169088555e-025, 3.97430175089e-024, 2.76290801217e-024, 9.85129656212e-024, 7.20982421998e-024, 1.31701621859e-023, 1.88220129393e-023, 1.38659659033e-023, 1.33098536749e-023, 2.36744541395e-023, 2.82722163296e-023, 3.20425959588e-023, 5.02968246838e-023, 6.6470871378e-023, 1.10072336947e-022, 1.29689262933e-022, 1.74598697749e-022, 2.4972175767e-022, 3.07126421058e-022, 3.78251306719e-022, 6.16323923847e-022, 8.11704650962e-022, 1.33290654041e-021, 1.88104425586e-021]
        var: [4.8916694805e-014, 2.64374158121e-008, 1.2731732113e-007, 5.87382551487e-008, 4.79596224068e-007, 2.33911563896e-007, 7.82979938663e-008, 6.50982485695e-008, 4.68936178777e-008, 4.06990636748e-008, 1.18776757319e-008, 5.60200135169e-008, 4.51093562504e-008, 4.37232117179e-008, 6.15824262695e-008, 1.61589127856e-007, 4.24121338938e-007, 7.04256592599e-007, 3.09798451781e-007, 1.30975678303e-007, 4.78803805493e-008, 3.88717236177e-009, 1.84872381293e-010, 1.48003248546e-010, 2.00509782389e-011, 1.136212977e-013, 1.56449704714e-018]
    frequency_bands:
        dmean: [8.20603531793e-008, 6.74607726978e-005, 0.00016154696641, 0.000121241631859, 0.000272910809144, 0.000186396762729, 9.91412089206e-005, 7.98016990302e-005, 6.14145101281e-005, 7.01980461599e-005, 2.99599887512e-005, 6.32086448604e-005, 6.05363638897e-005, 6.07675974607e-005, 7.71627310314e-005, 0.000110192013381, 0.000215077481698, 0.000263001595158, 0.000215123174712, 0.000138510222314, 6.83771577314e-005, 1.90333012142e-005, 3.87199816032e-006, 2.28119438361e-006, 9.82365463642e-007, 8.9002959669e-008, 4.87092866042e-010, 4.90410732856e-011]
        dmean2: [1.38897561897e-007, 0.000115677918075, 0.000284706766251, 0.000204295996809, 0.000443695113063, 0.000310302391881, 0.000162812939379, 0.000127273771795, 9.42431070143e-005, 0.000108751686639, 4.86893113703e-005, 0.000101819459815, 9.77604504442e-005, 9.92287968984e-005, 0.000127038962091, 0.000181382289156, 0.000350799935404, 0.000428587605711, 0.000354777323082, 0.000227429380175, 0.000108927990368, 2.96261241601e-005, 5.90460240346e-006, 3.25572159454e-006, 1.42850376506e-006, 1.36641887138e-007, 7.84125431252e-010, 9.06028169156e-011]
        dvar: [6.14271545955e-014, 3.30469660526e-008, 1.48553155555e-007, 5.60942901018e-008, 4.52281057051e-007, 1.51789436131e-007, 5.40519025094e-008, 3.78250604172e-008, 1.67188058953e-008, 1.85636057637e-008, 6.96844359993e-009, 2.92092483534e-008, 2.36015029742e-008, 2.53225156399e-008, 3.14936023926e-008, 7.1470765306e-008, 1.83197570891e-007, 2.2238668862e-007, 1.33625675858e-007, 4.98393610826e-008, 1.65408629016e-008, 1.34434097188e-009, 5.32522151375e-011, 5.52990361835e-011, 8.11392359551e-012, 6.1447964501e-014, 1.12889039828e-018, 5.44960845106e-021]
        dvar2: [1.63730045689e-013, 9.17764282349e-008, 4.34197630739e-007, 1.52127327624e-007, 1.18238915547e-006, 4.24785838504e-007, 1.40873567034e-007, 9.14286104603e-008, 3.47651933907e-008, 4.56057627218e-008, 1.84156565552e-008, 7.78108457666e-008, 6.06496044497e-008, 6.70930901947e-008, 8.50248582651e-008, 1.97495481302e-007, 4.77746596061e-007, 5.68684640712e-007, 3.40728917081e-007, 1.2287873119e-007, 3.64000385389e-008, 2.93260282724e-009, 1.04749292573e-010, 1.03875671953e-010, 1.65403836461e-011, 1.5087959365e-013, 2.73354096371e-018, 1.71531135e-020]
        max: [2.92625554721e-006, 0.0018319595838, 0.00453704549, 0.00444155698642, 0.0087998630479, 0.00492220139131, 0.00397361395881, 0.00319039030001, 0.0047259517014, 0.0036300830543, 0.00308226631023, 0.00389603758231, 0.00311338109896, 0.0030113204848, 0.0039720502682, 0.00764412386343, 0.0101445913315, 0.00770960142836, 0.00995343364775, 0.00530360173434, 0.0044908085838, 0.000948952103499, 0.000267547584372, 0.00032993539935, 8.78639912116e-005, 3.94534026782e-006, 1.62083004795e-008, 9.07274033679e-010]
        mean: [9.40524245152e-008, 8.95718258107e-005, 0.000220424844883, 0.000167909180163, 0.000451844418421, 0.000325539353071, 0.000155614878167, 0.000120264470752, 0.00011289196118, 0.000122797297081, 4.54882974736e-005, 0.000104456499685, 9.48546512518e-005, 9.4952985819e-005, 0.000130760308821, 0.000206708282349, 0.000411316403188, 0.000583119690418, 0.000480229180539, 0.000333253672579, 0.000183273063158, 4.77376379422e-005, 1.04103201011e-005, 5.71829514229e-006, 2.20169863496e-006, 1.39345800676e-007, 6.65678456802e-010, 3.83274870175e-011]
        median: [3.40492078976e-008, 4.60722658318e-005, 0.000131011183839, 9.62960912148e-005, 0.000250151875662, 0.0001642088464, 5.97672296863e-005, 3.9782942622e-005, 4.99446105096e-005, 5.29561766598e-005, 1.76584471774e-005, 3.5833210859e-005, 2.89367962978e-005, 3.26596273226e-005, 5.02390685142e-005, 9.03067557374e-005, 0.000197049419512, 0.000243568851147, 0.000350013637217, 0.000257061008597, 0.000147378945258, 3.40006517945e-005, 7.25235622667e-006, 3.19409582517e-006, 1.00364457012e-006, 2.4752850436e-008, 2.48132014935e-010, 1.2658190468e-011]
        min: [8.38213953974e-026, 2.68992378451e-024, 7.96647307482e-025, 8.41169088555e-025, 3.97430175089e-024, 2.76290801217e-024, 9.85129656212e-024, 7.20982421998e-024, 1.31701621859e-023, 1.88220129393e-023, 1.38659659033e-023, 1.33098536749e-023, 2.36744541395e-023, 2.82722163296e-023, 3.20425959588e-023, 5.02968246838e-023, 6.6470871378e-023, 1.10072336947e-022, 1.29689262933e-022, 1.74598697749e-022, 2.4972175767e-022, 3.07126421058e-022, 3.78251306719e-022, 6.16323923847e-022, 8.11704650962e-022, 1.33290654041e-021, 1.88104425586e-021, 4.66662747522e-022]
        var: [4.8916694805e-014, 2.64374158121e-008, 1.2731732113e-007, 5.87382551487e-008, 4.79596224068e-007, 2.33911563896e-007, 7.82979938663e-008, 6.50982485695e-008, 4.68936178777e-008, 4.06990636748e-008, 1.18776757319e-008, 5.60200135169e-008, 4.51093562504e-008, 4.37232117179e-008, 6.15824262695e-008, 1.61589127856e-007, 4.24121338938e-007, 7.04256592599e-007, 3.09798451781e-007, 1.30975678303e-007, 4.78803805493e-008, 3.88717236177e-009, 1.84872381293e-010, 1.48003248546e-010, 2.00509782389e-011, 1.136212977e-013, 1.56449704714e-018, 4.50293941798e-021]
    mfcc:
        mean: [-729.80255127, 96.7342453003, -36.756061554, 55.3116455078, -9.70604610443, -5.9531083107, -2.04081773758, -3.77722120285, -3.7219376564, -7.57342576981, -5.80209302902, -3.31497144699, -6.40532398224]
        cov: [[12075.7216797, -99.1033172607, -2342.58837891, 1328.43835449, -184.23777771, 94.2487640381, 64.9486160278, 90.0352859497, -4.6510925293, -80.8449630737, 37.3332176208, 9.85518550873, -151.290802002], [-99.1033172607, 1177.16552734, 24.5643596649, 4.56479597092, -101.571372986, -92.1905670166, -19.7919998169, -43.3604240417, -30.6482200623, -40.0549507141, -30.0251331329, -19.7932777405, 11.4411563873], [-2342.58837891, 24.5643596649, 1050.19091797, -254.894790649, -9.2763710022, -8.52729320526, 22.5973110199, -7.52374362946, 15.9252386093, 28.7976856232, -9.80656433105, 5.14623975754, 53.3858222961], [1328.43835449, 4.56479597092, -254.894790649, 379.775085449, 61.9006690979, -4.97379732132, 6.66875886917, -1.12990069389, 28.3102054596, -10.2510919571, -19.4387493134, -2.31689548492, -14.7648277283], [-184.23777771, -101.571372986, -9.2763710022, 61.9006690979, 232.450668335, 30.6289024353, -20.1081237793, 21.4058189392, 17.8313312531, 5.41890239716, -10.1151103973, -9.19496536255, -4.29118061066], [94.2487640381, -92.1905670166, -8.52729320526, -4.97379732132, 30.6289024353, 141.4793396, 61.2761230469, 22.5772800446, 0.589475929737, 11.4120512009, 27.5563392639, 9.94358539581, -1.6465960741], [64.9486160278, -19.7919998169, 22.5973110199, 6.66875886917, -20.1081237793, 61.2761230469, 141.270355225, 50.329574585, 2.27268004417, 8.01457977295, 25.8241233826, 9.92621994019, -0.216033652425], [90.0352859497, -43.3604240417, -7.52374362946, -1.12990069389, 21.4058189392, 22.5772800446, 50.329574585, 137.272888184, 30.2542247772, 8.39894676208, 15.9016714096, 3.21435308456, -3.03618860245], [-4.6510925293, -30.6482200623, 15.9252386093, 28.3102054596, 17.8313312531, 0.589475929737, 2.27268004417, 30.2542247772, 92.0299987793, 31.5659141541, -1.79525852203, -2.35572218895, 1.17614805698], [-80.8449630737, -40.0549507141, 28.7976856232, -10.2510919571, 5.41890239716, 11.4120512009, 8.01457977295, 8.39894676208, 31.5659141541, 90.5616836548, 32.5489082336, 1.90050411224, 6.94157934189], [37.3332176208, -30.0251331329, -9.80656433105, -19.4387493134, -10.1151103973, 27.5563392639, 25.8241233826, 15.9016714096, -1.79525852203, 32.5489082336, 78.4318771362, 26.4410209656, 0.860761106014], [9.85518550873, -19.7932777405, 5.14623975754, -2.31689548492, -9.19496536255, 9.94358539581, 9.92621994019, 3.21435308456, -2.35572218895, 1.90050411224, 26.4410209656, 65.2666931152, 25.3408851624], [-151.290802002, 11.4411563873, 53.3858222961, -14.7648277283, -4.29118061066, -1.6465960741, -0.216033652425, -3.03618860245, 1.17614805698, 6.94157934189, 0.860761106014, 25.3408851624, 75.5236968994]]
        icov: [[0.000239491928369, 3.06973779516e-005, 0.000354085408617, -0.000692880596034, 0.000454517925391, -0.000247702468187, 0.000139347830554, -0.000237021755311, 0.000151171858306, 2.49288550549e-005, -9.72281195573e-005, 2.2188462026e-005, 8.96657875273e-005], [3.06973779516e-005, 0.000949440756813, 1.27441726363e-005, -0.000178935733857, 0.000390615343349, 0.000493244384415, -0.000111465189548, 0.000115056798677, 0.000161865420523, 0.000311025389237, -5.50247095816e-005, 0.000382430414902, -0.000247873191256], [0.000354085408617, 1.27441726363e-005, 0.00176628062036, -0.00010541347001, 0.000394637376303, -9.52908812906e-005, -0.000377391756047, -2.98398863379e-005, -0.000213070772588, -0.0002372158051, 0.000345636333805, -1.7981091105e-006, -0.000521915091667], [-0.000692880596034, -0.000178935733857, -0.00010541347001, 0.00562559766695, -0.00240070815198, 0.00129268853925, -0.00151894602459, 0.00142752146348, -0.00183748092968, 0.000181510215043, 0.00119608070236, -0.000664265302476, -2.05657834158e-005], [0.000454517925391, 0.000390615343349, 0.000394637376303, -0.00240070815198, 0.0061696106568, -0.00226025213487, 0.00223460351117, -0.00168713240419, 0.000239243279793, -0.000213034989429, 0.000448998966021, 0.00067368731834, 0.000127559920656], [-0.000247702468187, 0.000493244384415, -9.52908812906e-005, 0.00129268853925, -0.00226025213487, 0.0103246932849, -0.00462660519406, 0.000922590086702, -0.000114368980576, 7.44433418731e-005, -0.00193397409748, -0.000197333749384, -4.7120545787e-005], [0.000139347830554, -0.000111465189548, -0.000377391756047, -0.00151894602459, 0.00223460351117, -0.00462660519406, 0.0110861575231, -0.00387520785443, 0.00107294076588, -1.13497962957e-005, -0.00146003754344, 1.20430295283e-005, 0.000164798577316], [-0.000237021755311, 0.000115056798677, -2.98398863379e-005, 0.00142752146348, -0.00168713240419, 0.000922590086702, -0.00387520785443, 0.00991959124804, -0.00369244581088, 0.00122207892127, -0.00145233527292, 0.000269190320978, -8.70249732543e-006], [0.000151171858306, 0.000161865420523, -0.000213070772588, -0.00183748092968, 0.000239243279793, -0.000114368980576, 0.00107294076588, -0.00369244581088, 0.0147342309356, -0.00590687477961, 0.0029650204815, -0.000613135111053, 0.000420816446422], [2.49288550549e-005, 0.000311025389237, -0.0002372158051, 0.000181510215043, -0.000213034989429, 7.44433418731e-005, -1.13497962957e-005, 0.00122207892127, -0.00590687477961, 0.0163120795041, -0.00825089681894, 0.00354739208706, -0.00225893175229], [-9.72281195573e-005, -5.50247095816e-005, 0.000345636333805, 0.00119608070236, 0.000448998966021, -0.00193397409748, -0.00146003754344, -0.00145233527292, 0.0029650204815, -0.00825089681894, 0.0210238005966, -0.00871717836708, 0.00312135741115], [2.2188462026e-005, 0.000382430414902, -1.7981091105e-006, -0.000664265302476, 0.00067368731834, -0.000197333749384, 1.20430295283e-005, 0.000269190320978, -0.000613135111053, 0.00354739208706, -0.00871717836708, 0.0219023786485, -0.00766342272982], [8.96657875273e-005, -0.000247873191256, -0.000521915091667, -2.05657834158e-005, 0.000127559920656, -4.7120545787e-005, 0.000164798577316, -8.70249732543e-006, 0.000420816446422, -0.00225893175229, 0.00312135741115, -0.00766342272982, 0.0165661461651]]
    sccoeffs:
        dmean: [0.0473655611277, 0.0426161102951, 0.0352993234992, 0.0299087595195, 0.0209739822894, 0.0156414210796]
        dmean2: [0.0787860974669, 0.0702773407102, 0.0578713826835, 0.0485564433038, 0.0342805683613, 0.0250141732395]
        dvar: [0.00177539221477, 0.00130890274886, 0.000858377374243, 0.000628141744528, 0.000333364791004, 0.000192249659449]
        dvar2: [0.00477815698832, 0.00363128306344, 0.00224889488891, 0.00161470542662, 0.000829478609376, 0.000448464998044]
        max: [-0.317542612553, -0.413149565458, -0.509943008423, -0.545681893826, -0.579546272755, -0.560661017895]
        mean: [-0.638345956802, -0.738947212696, -0.777479231358, -0.779235601425, -0.786834955215, -0.75096309185]
        median: [-0.640931844711, -0.744042694569, -0.780626833439, -0.78126937151, -0.784674882889, -0.744115650654]
        min: [-0.984248042107, -0.982003867626, -0.979434490204, -0.974370896816, -0.969961345196, -0.964439809322]
        var: [0.00673902733251, 0.00577450077981, 0.00393411749974, 0.00321429502219, 0.00285673164763, 0.00321331969462]
    scvalleys:
        dmean: [0.378579735756, 0.338602244854, 0.278692930937, 0.241037800908, 0.187754184008, 0.212591558695]
        dmean2: [0.623540341854, 0.554776549339, 0.452293872833, 0.385500818491, 0.292704880238, 0.282263189554]
        dvar: [0.107399083674, 0.108091652393, 0.0676155090332, 0.0566721819341, 0.0534018203616, 0.0764102116227]
        dvar2: [0.268793255091, 0.260951071978, 0.146948903799, 0.114026479423, 0.0914199873805, 0.114518001676]
        max: [-5.29208660126, -4.53037166595, -5.55460071564, -5.88969182968, -5.7465262413, -7.39636945724]
        mean: [-7.45348501205, -7.15063619614, -7.63712263107, -7.92271900177, -7.61758136749, -10.2278909683]
        median: [-6.93520593643, -6.73565244675, -7.15250444412, -7.27381134033, -6.7306060791, -9.41122341156]
        min: [-28.2398357391, -28.1732940674, -27.8394947052, -27.6899719238, -27.607088089, -27.4435176849]
        var: [6.37753915787, 6.42838096619, 6.43181657791, 6.92419338226, 7.99190807343, 7.16724157333]

rhythm:
    beats_loudness:
        dmean: 0.00183665414806
        dmean2: 0.00324291340075
        dvar: 2.52116592492e-006
        dvar2: 7.22996446711e-006
        max: 0.0162009224296
        mean: 0.00497360434383
        median: 0.00516440719366
        min: 0
        var: 7.43772125134e-006
    bpm: 161.72013855
    bpm_confidence: 0
    first_peak_bpm: 161
    first_peak_spread: 0.332103312016
    first_peak_weight: 0.599337697029
    onset_rate: 2.15871739388
    second_peak_bpm: 152
    second_peak_spread: 0.159999981523
    second_peak_weight: 0.0347682125866
    beats_loudness_band_ratio:
        dmean: [0.111646957695, 0.122885346413, 0.0782013311982, 0.0702907294035, 0.118355505168, 0.104024410248]
        dmean2: [0.184861645103, 0.211614876986, 0.136552363634, 0.118189431727, 0.198672637343, 0.183637216687]
        dvar: [0.0101893339306, 0.0121390204877, 0.00794872455299, 0.00740672647953, 0.0139325754717, 0.016451170668]
        dvar2: [0.0280411746353, 0.0304924417287, 0.0219511426985, 0.0203035436571, 0.0368491001427, 0.0502118840814]
        max: [0.846762001514, 0.970725953579, 0.671241998672, 0.589560568333, 0.803559303284, 0.841348588467]
        mean: [0.194658517838, 0.203750729561, 0.116863675416, 0.0891240090132, 0.25290992856, 0.191446349025]
        median: [0.16455373168, 0.134623646736, 0.0779864042997, 0.0597423799336, 0.211529612541, 0.172460153699]
        min: [0, 0, 0, 0, 0, 0]
        var: [0.0214506629854, 0.0397699028254, 0.0142698241398, 0.00844270922244, 0.0341807715595, 0.018353831023]
    beats_position: [0.487619042397, 0.986848056316, 1.48607707024, 1.97369611263, 2.46131515503, 2.94893407822, 3.32045340538, 3.69197273254, 4.05188179016, 4.41179132462, 4.78331041336, 5.15482997894, 5.52634906769, 5.89786815643, 6.29260778427, 6.68734693527, 7.08208608627, 7.46521520615, 7.84834432602, 8.23147392273, 8.6146030426, 8.99773216248, 9.39247131348, 9.77560043335, 10.1587295532, 10.5418596268, 10.9133787155, 11.2848978043, 11.6680269241, 12.051156044, 12.4226751328, 12.7941951752, 13.1657142639, 13.5372333527, 13.9087524414, 14.2802715302, 14.6401815414, 15.0233106613, 15.4064397812, 15.7895689011, 16.1726989746, 16.5442180634, 16.9157371521, 17.2756462097, 17.6471652985, 18.0302944183, 18.4134235382, 18.7965526581, 19.1680717468, 19.5395908356, 19.9111099243, 20.2942390442, 20.6657600403, 21.037279129, 21.4087982178, 21.7803173065, 22.1518363953, 22.523355484, 22.8948745728, 23.2780036926, 23.6727428436, 24.0442619324, 24.4157810211, 24.7989120483, 25.1820411682, 25.5651702881, 25.948299408, 26.3198184967, 26.6913375854, 27.0512466431, 27.4227657318, 27.7942848206, 28.1658039093, 28.537322998, 28.9088420868, 29.291973114, 29.6751022339, 30.0350112915, 30.4065303802, 30.778049469, 31.1495685577, 31.5210876465, 31.9042167664, 32.2757377625, 32.6472549438, 33.0303840637, 33.4251251221, 33.8082542419, 34.1797714233, 34.5512924194, 34.9228096008, 35.2943305969, 35.6658477783, 36.0373687744, 36.4204978943, 36.8036270142, 37.1751480103, 37.5466651917, 37.9065742493, 38.2780952454, 38.6496124268, 39.0327415466, 39.4042625427, 39.7873916626, 40.1705207825, 40.5536499023, 40.9251708984, 41.2966880798, 41.6798171997, 42.0513381958, 42.4228553772, 42.7943763733, 43.1658935547, 43.5490226746, 43.9205436707, 44.2920608521, 44.6635818481, 45.0351028442, 45.4066200256, 45.7781410217, 46.1496582031, 46.532787323, 46.9159164429, 47.2990455627, 47.6705665588, 48.0420837402, 48.4136047363, 48.7967338562, 49.1682548523, 49.5397720337, 49.9229011536, 50.2944221497, 50.6659393311, 51.0374603271, 51.4089775085, 51.7804985046, 52.152015686, 52.5351448059, 52.9182739258, 53.2897949219, 53.6729240417, 54.0560531616, 54.4275741577, 54.7990913391, 55.1706123352, 55.5421295166, 55.9136505127, 56.2851676941, 56.6566886902, 57.0398178101, 57.4113349915, 57.7828559875, 58.1659851074, 58.5491142273, 58.9322433472, 59.315372467, 59.6868934631, 60.0584106445, 60.4299316406, 60.8130607605, 61.1845779419, 61.556098938, 61.9276161194, 62.2991371155, 62.6706581116, 63.042175293, 63.4253044128, 63.8084335327, 64.1799545288, 64.5514755249, 64.9229888916, 65.2945098877, 65.6660308838, 66.0375518799, 66.409072876, 66.7805862427, 67.1521072388, 67.5352401733, 67.9183654785, 68.2898864746, 68.6614074707, 69.0329208374, 69.4044418335, 69.7759628296, 70.1590881348, 70.5422210693, 70.9137420654, 71.2968673706, 71.6800003052, 72.0515213013, 72.423034668, 72.7945556641, 73.1660766602, 73.5375976563, 73.9207229614, 74.303855896, 74.6753692627, 75.0468902588, 75.4184112549, 75.8015441895, 76.1730575562, 76.5561904907, 76.9277114868, 77.2992248535, 77.6707458496, 78.0422668457, 78.4137878418, 78.7853012085, 79.1568222046, 79.5399551392, 79.9230804443, 80.2946014404, 80.6661224365, 81.0376434326, 81.4091567993, 81.7806777954, 82.16381073, 82.5469360352, 82.9184570313, 83.2899780273, 83.6731033325, 84.0446243286, 84.4277572632, 84.7992706299, 85.170791626, 85.5423126221, 85.9138336182, 86.2853469849, 86.6684799194, 87.0400009155, 87.4231262207, 87.7946472168, 88.1661682129, 88.5492935181, 88.9324264526, 89.3039474487, 89.6754608154, 90.0469818115, 90.4185028076, 90.7900238037, 91.1731491089, 91.5562820435, 91.9277954102, 92.2993164063, 92.6708374023, 93.0423583984, 93.4138793945, 93.7853927612, 94.1569137573, 94.5400466919, 94.9231719971, 95.2946929932, 95.6778182983, 96.0493392944, 96.432472229, 96.8039855957, 97.1755065918, 97.5470275879, 97.918548584, 98.3016738892, 98.6848068237, 99.0563278198, 99.4278411865, 99.7993621826, 100.15927124, 100.530792236, 100.913917542, 101.297050476, 101.680175781, 102.051696777, 102.423217773, 102.79473877, 103.166259766, 103.549385071, 103.932518005, 104.304031372, 104.675552368, 105.047073364, 105.41859436, 105.790107727, 106.161628723, 106.544761658, 106.927886963, 107.299407959, 107.670928955, 108.042449951, 108.413963318, 108.785484314, 109.15700531, 109.528526306, 109.900039673, 110.283172607, 110.666305542, 111.049430847, 111.432563782, 111.804077148, 112.175598145, 112.547119141, 112.930244446, 113.31337738, 113.684898376, 114.056411743, 114.427932739, 114.799453735, 115.170974731, 115.530883789, 115.902404785, 116.28553009, 116.668663025, 117.040176392, 117.411697388, 117.783218384, 118.15473938, 118.526252747, 118.909385681, 119.280906677, 119.652427673, 120.02394104, 120.407073975, 120.79019928, 121.161720276, 121.533241272, 121.927978516, 122.299499512, 122.671020508, 123.042533875, 123.414054871, 123.785575867, 124.157096863, 124.528617859, 124.911743164, 125.28326416, 125.666389465, 126.0495224, 126.421043396, 126.804168701, 127.175689697, 127.547210693, 127.91872406, 128.290252686, 128.661773682, 129.033279419, 129.416412354, 129.799545288, 130.171066284, 130.54258728, 130.914108276, 131.297225952, 131.680358887, 132.051879883, 132.423400879, 132.794921875, 133.166442871, 133.537963867, 133.909469604, 134.292602539, 134.652511597, 135.024032593, 135.407165527, 135.790298462, 136.161804199, 136.533325195, 136.904846191, 137.287979126, 137.659500122, 138.031021118, 138.414154053, 138.78565979, 139.157180786, 139.540313721, 139.923446655, 140.294967651, 140.666488647, 141.037994385, 141.409515381, 141.781036377, 142.152557373, 142.535690308, 142.918823242, 143.290344238, 143.673461914, 144.056594849, 144.428115845, 144.799636841, 145.159545898, 145.531066895, 145.914199829, 146.297317505, 146.668838501, 147.051971436, 147.423492432, 147.795013428, 148.166534424, 148.538040161, 148.909561157, 149.292694092, 149.675827026, 150.047348022, 150.418869019, 150.790390015, 151.161895752, 151.533416748, 151.904937744, 152.27645874, 152.647979736, 153.031112671, 153.402633667, 153.785751343, 154.168884277, 154.552017212, 154.923538208, 155.295059204, 155.6665802, 156.038085938, 156.409606934, 156.78112793, 157.152648926, 157.53578186, 157.918914795, 158.290420532, 158.661941528, 159.033462524, 159.404983521, 159.776504517, 160.159637451, 160.542770386, 160.914276123, 161.285797119, 161.657318115, 162.028839111, 162.400360107, 162.771881104, 163.155014038, 163.538131714, 163.921264648, 164.292785645, 164.664306641, 165.035827637, 165.418960571, 165.790466309, 166.161987305, 166.533508301, 166.916641235, 167.29977417, 167.671295166, 168.042816162, 168.414321899, 168.785842896, 169.157363892, 169.528884888, 169.900405884, 170.27192688, 170.643447876, 171.026565552, 171.409698486, 171.781219482, 172.164352417, 172.535873413, 172.919006348, 173.290512085, 173.650421143, 174.021942139, 174.405075073, 174.776596069, 175.159729004, 175.54284668, 175.925979614, 176.29750061, 176.669021606, 177.040542603, 177.412063599, 177.771972656, 178.143493652, 178.515014648, 178.898132324, 179.281265259, 179.652786255, 180.035919189, 180.419036865, 180.790557861, 181.162078857, 181.545211792, 181.928344727, 182.299865723, 182.671386719, 183.042892456, 183.414413452, 183.785934448, 184.157455444, 184.52897644, 184.912109375, 185.283630371, 185.666748047, 186.049880981, 186.433013916, 186.804534912, 187.176055908, 187.547576904, 187.919082642, 188.290603638, 188.662124634, 189.03364563, 189.405166626, 189.788299561, 190.171432495, 190.542938232, 190.914459229, 191.297592163, 191.680725098, 192.052246094, 192.42376709, 192.795272827, 193.155181885, 193.538314819, 193.921447754, 194.304580688, 194.676101685, 195.047622681, 195.419128418, 195.790649414, 196.150558472, 196.522079468, 196.905212402, 197.288345337, 197.659866333, 198.03137207, 198.414505005, 198.786026001, 199.157546997, 199.540679932, 199.923812866, 200.295318604, 200.6668396, 201.038360596, 201.409881592, 201.781402588, 202.152923584, 202.52444458, 202.907577515, 203.279083252, 203.662216187, 204.033737183, 204.416870117, 204.800003052, 205.171508789, 205.543029785, 205.914550781, 206.286071777, 206.669204712, 207.040725708, 207.412246704, 207.79536438, 208.166885376, 208.538406372, 208.921539307, 209.304672241, 209.676193237, 210.047698975, 210.419219971, 210.790740967, 211.162261963, 211.533782959, 211.905303955, 212.276824951, 212.659957886, 213.043075562, 213.414596558, 213.809341431, 214.215682983, 214.610427856, 215.005172729, 215.411514282, 215.806259155, 216.20098877, 216.595733643, 217.013687134, 217.431655884, 217.849609375, 218.267562866, 218.627471924, 218.975784302, 219.324081421, 219.67237854, 220.067123413, 220.461853027, 220.8565979, 221.251327515, 221.692520142, 222.13369751, 222.574874878, 223.027664185, 223.480453491, 223.933242798, 224.386032104, 224.76914978, 225.152282715, 225.535415649, 225.941757202, 226.348114014, 226.766067505, 227.184036255, 227.578765869, 227.973510742, 228.368255615, 228.762985229]
