
metadata:
    version:
        essentia: "2.1-beta2"
    audio_properties:
        analysis_sample_rate: 44100
        bitrate: 320
        channels: 2
        equal_loudness: 1
        length: 230.008163452
        replay_gain: -15.9700641632
        downmix: "mix"
    tags:
        album: "The Sound Of Madness"
        artist: "Shinedown"
        comment: ""
        date: "2008"
        genre: "Post Grunge"
        title: "Devour"
        tracknumber: "1"

configuration:
    average_loudness:
        compute: 1
        frameSize: 88200
        hopSize: 44100
        silentFrames: "noise"
        windowType: "hann"
    general:
        analysisSampleRate: 44100
        endTime: 2000
        equalLoudness: 1
        nequalLoudness: 0
        shortSound: 0
        startTime: 0
    lowlevel:
        compute: 1
        frameSize: 2048
        hopSize: 1024
        zeroPadding: 0
        silentFrames: "noise"
        windowType: "blackmanharris62"
        mfccStats: ["mean", "cov", "icov"]
        stats: ["mean", "var", "median", "min", "max", "dmean", "dmean2", "dvar", "dvar2"]
    panning:
        compute: 0
        frameSize: 8192
        hopSize: 2048
        zeroPadding: 8192
        silentFrames: "noise"
        windowType: "hann"
        stats: ["copy"]
    rhythm:
        compute: 1
        maxTempo: 208
        minTempo: 40
        method: "degara"
        stats: ["mean", "var", "median", "min", "max", "dmean", "dmean2", "dvar", "dvar2"]
    segmentation:
        compute: 0
        cpw: 5
        inc1: 300
        inc2: 50
        minimumSegmentsLength: 10
        size1: 1000
        size2: 600
    sfx:
        compute: 1
        stats: ["mean", "var", "median", "min", "max", "dmean", "dmean2", "dvar", "dvar2"]
    svm:
        compute: 0
    tonal:
        compute: 1
        frameSize: 4096
        hopSize: 2048
        zeroPadding: 0
        silentFrames: "noise"
        windowType: "blackmanharris62"
        stats: ["mean", "var", "median", "min", "max", "dmean", "dmean2", "dvar", "dvar2"]

lowlevel:
    average_loudness: 0.889032900333
    barkbands_kurtosis:
        dmean: 0.578950762749
        dmean2: 0.954811632633
        dvar: 0.922751128674
        dvar2: 2.25774669647
        max: 35.8647918701
        mean: -0.737351238728
        median: -1.18431031704
        min: -1.86574077606
        var: 3.37396216393
    barkbands_skewness:
        dmean: 0.382037162781
        dmean2: 0.597224056721
        dvar: 0.118344515562
        dvar2: 0.272237241268
        max: 5.00710535049
        mean: -0.202958509326
        median: -0.305092543364
        min: -2.72085261345
        var: 0.516700804234
    barkbands_spread:
        dmean: 5.36163234711
        dmean2: 8.77470779419
        dvar: 22.9940338135
        dvar2: 60.5650367737
        max: 62.7301216125
        mean: 35.0140228271
        median: 36.1309661865
        min: 2.22959661484
        var: 95.8951339722
    dissonance:
        dmean: 0.010887125507
        dmean2: 0.0189099647105
        dvar: 0.000148438848555
        dvar2: 0.000426495040301
        max: 0.5
        mean: 0.483113914728
        median: 0.487165629864
        min: 0.29186719656
        var: 0.000235955798416
    hfc:
        dmean: 2.44950461388
        dmean2: 4.22757148743
        dvar: 10.9750061035
        dvar2: 30.8828773499
        max: 44.1049613953
        mean: 9.53439807892
        median: 9.74059009552
        min: 1.09948966135e-016
        var: 39.553440094
    pitch:
        dmean: 992.600646973
        dmean2: 1910.95446777
        dvar: 1958182
        dvar2: 4688437.5
        max: 4526.24316406
        mean: 1586.81787109
        median: 398.241699219
        min: 47.325012207
        var: 2621698
    pitch_instantaneous_confidence:
        dmean: 0.0774375125766
        dmean2: 0.127790734172
        dvar: 0.0038881751243
        dvar2: 0.00995282363147
        max: 0.938606798649
        mean: 0.340368717909
        median: 0.326421618462
        min: 0.0968459248543
        var: 0.0108905769885
    pitch_salience:
        dmean: 0.0585267581046
        dmean2: 0.096283622086
        dvar: 0.00260547292419
        dvar2: 0.00679901428521
        max: 0.875460684299
        mean: 0.662612915039
        median: 0.673733174801
        min: 0.17949424684
        var: 0.0058671683073
    silence_rate_20dB:
        dmean: 0
        dmean2: 0
        dvar: 0
        dvar2: 0
        max: 1
        mean: 1
        median: 1
        min: 1
        var: 0
    silence_rate_30dB:
        dmean: 0
        dmean2: 0
        dvar: 0
        dvar2: 0
        max: 1
        mean: 1
        median: 1
        min: 1
        var: 0
    silence_rate_60dB:
        dmean: 0.0389662832022
        dmean2: 0.0779404342175
        dvar: 0.0374533161521
        dvar2: 0.0884390920401
        max: 1
        mean: 0.286060363054
        median: 0
        min: 0
        var: 0.204216331244
    spectral_centroid:
        dmean: 289.963623047
        dmean2: 460.632293701
        dvar: 79690.4765625
        dvar2: 182494.8125
        max: 11707.5742188
        mean: 1978.85839844
        median: 2007.00695801
        min: 212.207305908
        var: 773426.6875
    spectral_complexity:
        dmean: 3.89218664169
        dmean2: 6.45512390137
        dvar: 17.1533145905
        dvar2: 44.2874984741
        max: 46
        mean: 18.1489849091
        median: 20
        min: 0
        var: 118.458427429
    spectral_crest:
        dmean: 1.90978240967
        dmean2: 3.20537471771
        dvar: 3.3686466217
        dvar2: 8.56204128265
        max: 22.8328399658
        mean: 6.27428007126
        median: 5.59179210663
        min: 2.54574012756
        var: 6.5623550415
    spectral_decrease:
        dmean: 2.42587006039e-010
        dmean2: 3.91657484222e-010
        dvar: 9.87534744175e-020
        dvar2: 2.34860357346e-019
        max: 2.43179446284e-028
        mean: -1.0232452663e-009
        median: -1.03635877657e-009
        min: -3.85916365531e-009
        var: 4.08304673861e-019
    spectral_energy:
        dmean: 0.00109006336424
        dmean2: 0.00177941296715
        dvar: 2.00625527214e-006
        dvar2: 4.92161461807e-006
        max: 0.0172207355499
        mean: 0.00472677126527
        median: 0.00484076701105
        min: 1.00987839502e-020
        var: 8.61689295562e-006
    spectral_energyband_high:
        dmean: 0.000206449098187
        dmean2: 0.000359887402738
        dvar: 9.88168764593e-008
        dvar2: 2.82376277028e-007
        max: 0.00387455057353
        mean: 0.000556542770937
        median: 0.000507454911713
        min: 7.1898296505e-021
        var: 2.14927098341e-007
    spectral_energyband_low:
        dmean: 0.000210448270082
        dmean2: 0.000355629686965
        dvar: 7.09868643867e-008
        dvar2: 1.9722476452e-007
        max: 0.00305278343149
        mean: 0.000368560664356
        median: 0.000289464078378
        min: 1.66987748802e-023
        var: 1.16996162092e-007
    spectral_energyband_middle_high:
        dmean: 0.000667009677272
        dmean2: 0.00111228669994
        dvar: 5.99769691689e-007
        dvar2: 1.63220352078e-006
        max: 0.0108869792894
        mean: 0.00259570521303
        median: 0.00256167701446
        min: 1.1121759385e-021
        var: 3.01138447867e-006
    spectral_energyband_middle_low:
        dmean: 0.000596161233261
        dmean2: 0.000928949739318
        dvar: 7.91068941908e-007
        dvar2: 1.81106872787e-006
        max: 0.0101278256625
        mean: 0.00135592231527
        median: 0.00103769032285
        min: 1.70277974042e-022
        var: 1.5919206362e-006
    spectral_flatness_db:
        dmean: 0.0128926280886
        dmean2: 0.0204068925232
        dvar: 0.000128767482238
        dvar2: 0.00031813501846
        max: 0.326551496983
        mean: 0.142759948969
        median: 0.136856049299
        min: 0.0635710805655
        var: 0.00104265566915
    spectral_flux:
        dmean: 0.00619813846424
        dmean2: 0.00934131722897
        dvar: 4.47270467703e-005
        dvar2: 9.33570336201e-005
        max: 0.101062871516
        mean: 0.0394909158349
        median: 0.0423751436174
        min: 6.44560238516e-011
        var: 0.000334017386194
    spectral_kurtosis:
        dmean: 1.12058699131
        dmean2: 1.93453752995
        dvar: 9.45022392273
        dvar2: 29.6903495789
        max: 96.6400375366
        mean: 4.03903150558
        median: 2.5296318531
        min: -1.27596282959
        var: 67.5321807861
    spectral_rms:
        dmean: 0.000225190844503
        dmean2: 0.000364142993931
        dvar: 6.41640198751e-008
        dvar2: 1.56495431725e-007
        max: 0.00409886799753
        mean: 0.00197899877094
        median: 0.00217317719944
        min: 3.1388648191e-012
        var: 6.95032326803e-007
    spectral_rolloff:
        dmean: 306.638366699
        dmean2: 500.512420654
        dvar: 149561.296875
        dvar2: 323999.125
        max: 19444.4824219
        mean: 3661.4140625
        median: 3725.24414063
        min: 193.798828125
        var: 1962273
    spectral_skewness:
        dmean: 0.144535943866
        dmean2: 0.240605577826
        dvar: 0.0360460951924
        dvar2: 0.109356969595
        max: 7.53382253647
        mean: 1.21393406391
        median: 1.07798063755
        min: -0.0714638829231
        var: 0.534073352814
    spectral_spread:
        dmean: 342308.96875
        dmean2: 530834.375
        dvar: 359255769088
        dvar2: 725542895616
        max: 42793752
        mean: 4556795
        median: 4317056.5
        min: 715511.4375
        var: 8.62277441946e+012
    spectral_strongpeak:
        dmean: 0.509685277939
        dmean2: 0.890984594822
        dvar: 0.567449629307
        dvar2: 1.4813901186
        max: 6.78679847717
        mean: 0.666961729527
        median: 0.235525116324
        min: 0
        var: 0.779074847698
    zerocrossingrate:
        dmean: 0.00798028800637
        dmean2: 0.00991849321872
        dvar: 6.67118220008e-005
        dvar2: 8.74262550496e-005
        max: 0.5234375
        mean: 0.110731512308
        median: 0.1123046875
        min: 0.01220703125
        var: 0.00149367877748
    barkbands:
        dmean: [3.41027202921e-007, 6.59473080304e-005, 0.00012133972632, 0.00014007135178, 0.000360648671631, 0.000118773990835, 9.29557645577e-005, 5.90981180721e-005, 0.000124574507936, 9.35333664529e-005, 0.000122183380881, 9.230786236e-005, 6.62726160954e-005, 6.10891147517e-005, 7.05854181433e-005, 0.000111231005576, 0.000151843923959, 0.000159817616805, 0.000279197556665, 0.000180508155609, 0.000115868700959, 3.38473619195e-005, 6.3196953306e-006, 1.94046356228e-006, 7.4932137295e-007, 4.11958041013e-008, 4.11170875125e-010]
        dmean2: [5.60745149869e-007, 0.000115396520414, 0.000204560899874, 0.00023479750962, 0.000582739536185, 0.000194084801478, 0.000155368674314, 0.000101134370198, 0.000200532347662, 0.000153180051711, 0.000193443105672, 0.000149679748574, 0.000107965250209, 0.000100563724118, 0.000114780574222, 0.000186352845049, 0.000254153012065, 0.000269568379736, 0.00048042362323, 0.000311510375468, 0.000201378134079, 5.80526066187e-005, 1.03718166429e-005, 3.17153876495e-006, 1.2172318975e-006, 6.48974989303e-008, 6.8613670301e-010]
        dvar: [5.38227394511e-013, 1.69661635852e-008, 2.81388121692e-008, 3.31744658411e-008, 4.25604639531e-007, 4.34554259243e-008, 3.87480731945e-008, 2.22101270708e-008, 7.45945953895e-008, 4.27874695674e-008, 8.4406785561e-008, 3.73253890018e-008, 1.6879221576e-008, 1.2927064752e-008, 1.84266912839e-008, 2.89583024227e-008, 3.89575838255e-008, 4.68775844809e-008, 1.15895403496e-007, 6.5467247623e-008, 2.65535113897e-008, 2.75010769712e-009, 1.18282050821e-010, 1.58611873635e-011, 3.63797121768e-012, 1.84003508231e-014, 9.0974626578e-019]
        dvar2: [1.28019318237e-012, 4.59883011672e-008, 7.71477957073e-008, 8.87949767048e-008, 1.02564035842e-006, 1.05025428354e-007, 9.73410152483e-008, 6.19102920041e-008, 1.8358228715e-007, 1.05861452937e-007, 1.99589152317e-007, 9.65481206094e-008, 4.11388576538e-008, 3.28228999535e-008, 4.56906512625e-008, 7.74278277049e-008, 1.04603671502e-007, 1.25483694546e-007, 3.34425578785e-007, 1.88340209206e-007, 7.50528172944e-008, 7.63257013148e-009, 2.98161245693e-010, 3.73682959576e-011, 8.79882278149e-012, 4.06789470273e-014, 2.22788607564e-018]
        max: [7.43503142075e-006, 0.00103291892447, 0.00229882798158, 0.00304076587781, 0.00716777844355, 0.0056909462437, 0.0042313481681, 0.00466940551996, 0.00554760685191, 0.00505738612264, 0.00700376136228, 0.00401646550745, 0.00366225419566, 0.00179721019231, 0.00325915962458, 0.00374276353978, 0.00325366202742, 0.00394224841148, 0.00575718982145, 0.00437750015408, 0.00181899848394, 0.000713702116627, 0.00019124771643, 6.91838795319e-005, 3.26528024743e-005, 3.16608202411e-006, 1.75069896358e-008]
        mean: [2.72161969406e-007, 6.54567702441e-005, 0.000190393344383, 0.000214261221117, 0.000490086677019, 0.000186113800737, 0.000122581768665, 7.52753330744e-005, 0.000208347832086, 0.000149446015712, 0.000210678321309, 0.000163813427207, 0.000115678638394, 9.92730274447e-005, 0.000123318328406, 0.000222758157179, 0.000327371701133, 0.00033983803587, 0.000645470630843, 0.000414606329286, 0.000262696878053, 7.7920332842e-005, 1.54473000293e-005, 4.20311835114e-006, 1.39756082262e-006, 6.5964194107e-008, 5.07761999113e-010]
        median: [1.86892314957e-008, 2.04585630854e-005, 0.000120578210044, 0.000147264727275, 0.000252516038017, 0.000111994588224, 5.80328924116e-005, 3.74882583856e-005, 9.23598709051e-005, 7.21835967852e-005, 5.3101877711e-005, 6.49889916531e-005, 5.25030482095e-005, 4.98874214827e-005, 7.09950909368e-005, 0.000174221961061, 0.000282602646621, 0.000275831116596, 0.000575042213313, 0.000369234243408, 0.000225053940085, 5.70359043195e-005, 9.94760284811e-006, 2.45257206188e-006, 8.23212758405e-007, 2.85763395169e-008, 2.10604630957e-010]
        min: [9.83420628504e-025, 3.94984469624e-024, 1.38685001189e-024, 9.26211646797e-025, 3.95613941184e-024, 9.53779456092e-024, 7.85608273937e-024, 6.29628148211e-024, 1.67919472417e-023, 1.52019633774e-023, 1.40341163384e-023, 1.33799376555e-023, 2.74073092331e-023, 3.50793223243e-023, 4.09964575338e-023, 4.81336197758e-023, 8.36100294363e-023, 9.40704386355e-023, 1.35616965723e-022, 1.93221191988e-022, 2.65281325895e-022, 2.65702388292e-022, 3.51822598372e-022, 6.1940000175e-022, 8.79065092384e-022, 1.27443278748e-021, 1.98877705856e-021]
        var: [4.76530869885e-013, 1.41391209851e-008, 4.80226454158e-008, 5.45162883725e-008, 5.23585697465e-007, 6.73043487609e-008, 4.46825190181e-008, 2.33524595217e-008, 1.66454569239e-007, 8.05701603213e-008, 2.41999316586e-007, 8.84270221491e-008, 3.9078930314e-008, 2.29537366891e-008, 3.2417272422e-008, 5.74304266365e-008, 8.24346173545e-008, 1.01009192122e-007, 2.73189357358e-007, 1.2378104941e-007, 5.0589068934e-008, 6.86059431487e-009, 3.43131689728e-010, 3.49135512168e-011, 5.50495976928e-012, 3.32414014392e-014, 1.21543416987e-018]
    frequency_bands:
        dmean: [3.41027202921e-007, 6.59473080304e-005, 0.00012133972632, 0.00014007135178, 0.000360648671631, 0.000118773990835, 9.29557645577e-005, 5.90981180721e-005, 0.000124574507936, 9.35333664529e-005, 0.000122183380881, 9.230786236e-005, 6.62726160954e-005, 6.10891147517e-005, 7.05854181433e-005, 0.000111231005576, 0.000151843923959, 0.000159817616805, 0.000279197556665, 0.000180508155609, 0.000115868700959, 3.38473619195e-005, 6.3196953306e-006, 1.94046356228e-006, 7.4932137295e-007, 4.11958041013e-008, 4.11170875125e-010, 5.26483266705e-011]
        dmean2: [5.60745149869e-007, 0.000115396520414, 0.000204560899874, 0.00023479750962, 0.000582739536185, 0.000194084801478, 0.000155368674314, 0.000101134370198, 0.000200532347662, 0.000153180051711, 0.000193443105672, 0.000149679748574, 0.000107965250209, 0.000100563724118, 0.000114780574222, 0.000186352845049, 0.000254153012065, 0.000269568379736, 0.00048042362323, 0.000311510375468, 0.000201378134079, 5.80526066187e-005, 1.03718166429e-005, 3.17153876495e-006, 1.2172318975e-006, 6.48974989303e-008, 6.8613670301e-010, 9.74931593789e-011]
        dvar: [5.38227394511e-013, 1.69661635852e-008, 2.81388121692e-008, 3.31744658411e-008, 4.25604639531e-007, 4.34554259243e-008, 3.87480731945e-008, 2.22101270708e-008, 7.45945953895e-008, 4.27874695674e-008, 8.4406785561e-008, 3.73253890018e-008, 1.6879221576e-008, 1.2927064752e-008, 1.84266912839e-008, 2.89583024227e-008, 3.89575838255e-008, 4.68775844809e-008, 1.15895403496e-007, 6.5467247623e-008, 2.65535113897e-008, 2.75010769712e-009, 1.18282050821e-010, 1.58611873635e-011, 3.63797121768e-012, 1.84003508231e-014, 9.0974626578e-019, 6.28387583658e-021]
        dvar2: [1.28019318237e-012, 4.59883011672e-008, 7.71477957073e-008, 8.87949767048e-008, 1.02564035842e-006, 1.05025428354e-007, 9.73410152483e-008, 6.19102920041e-008, 1.8358228715e-007, 1.05861452937e-007, 1.99589152317e-007, 9.65481206094e-008, 4.11388576538e-008, 3.28228999535e-008, 4.56906512625e-008, 7.74278277049e-008, 1.04603671502e-007, 1.25483694546e-007, 3.34425578785e-007, 1.88340209206e-007, 7.50528172944e-008, 7.63257013148e-009, 2.98161245693e-010, 3.73682959576e-011, 8.79882278149e-012, 4.06789470273e-014, 2.22788607564e-018, 1.99242170196e-020]
        max: [7.43503142075e-006, 0.00103291892447, 0.00229882798158, 0.00304076587781, 0.00716777844355, 0.0056909462437, 0.0042313481681, 0.00466940551996, 0.00554760685191, 0.00505738612264, 0.00700376136228, 0.00401646550745, 0.00366225419566, 0.00179721019231, 0.00325915962458, 0.00374276353978, 0.00325366202742, 0.00394224841148, 0.00575718982145, 0.00437750015408, 0.00181899848394, 0.000713702116627, 0.00019124771643, 6.91838795319e-005, 3.26528024743e-005, 3.16608202411e-006, 1.75069896358e-008, 1.02980224348e-009]
        mean: [2.72161969406e-007, 6.54567702441e-005, 0.000190393344383, 0.000214261221117, 0.000490086677019, 0.000186113800737, 0.000122581768665, 7.52753330744e-005, 0.000208347832086, 0.000149446015712, 0.000210678321309, 0.000163813427207, 0.000115678638394, 9.92730274447e-005, 0.000123318328406, 0.000222758157179, 0.000327371701133, 0.00033983803587, 0.000645470630843, 0.000414606329286, 0.000262696878053, 7.7920332842e-005, 1.54473000293e-005, 4.20311835114e-006, 1.39756082262e-006, 6.5964194107e-008, 5.07761999113e-010, 4.17183614043e-011]
        median: [1.86892314957e-008, 2.04585630854e-005, 0.000120578210044, 0.000147264727275, 0.000252516038017, 0.000111994588224, 5.80328924116e-005, 3.74882583856e-005, 9.23598709051e-005, 7.21835967852e-005, 5.3101877711e-005, 6.49889916531e-005, 5.25030482095e-005, 4.98874214827e-005, 7.09950909368e-005, 0.000174221961061, 0.000282602646621, 0.000275831116596, 0.000575042213313, 0.000369234243408, 0.000225053940085, 5.70359043195e-005, 9.94760284811e-006, 2.45257206188e-006, 8.23212758405e-007, 2.85763395169e-008, 2.10604630957e-010, 1.34186689538e-011]
        min: [9.83420628504e-025, 3.94984469624e-024, 1.38685001189e-024, 9.26211646797e-025, 3.95613941184e-024, 9.53779456092e-024, 7.85608273937e-024, 6.29628148211e-024, 1.67919472417e-023, 1.52019633774e-023, 1.40341163384e-023, 1.33799376555e-023, 2.74073092331e-023, 3.50793223243e-023, 4.09964575338e-023, 4.81336197758e-023, 8.36100294363e-023, 9.40704386355e-023, 1.35616965723e-022, 1.93221191988e-022, 2.65281325895e-022, 2.65702388292e-022, 3.51822598372e-022, 6.1940000175e-022, 8.79065092384e-022, 1.27443278748e-021, 1.98877705856e-021, 5.2051990973e-022]
        var: [4.76530869885e-013, 1.41391209851e-008, 4.80226454158e-008, 5.45162883725e-008, 5.23585697465e-007, 6.73043487609e-008, 4.46825190181e-008, 2.33524595217e-008, 1.66454569239e-007, 8.05701603213e-008, 2.41999316586e-007, 8.84270221491e-008, 3.9078930314e-008, 2.29537366891e-008, 3.2417272422e-008, 5.74304266365e-008, 8.24346173545e-008, 1.01009192122e-007, 2.73189357358e-007, 1.2378104941e-007, 5.0589068934e-008, 6.86059431487e-009, 3.43131689728e-010, 3.49135512168e-011, 5.50495976928e-012, 3.32414014392e-014, 1.21543416987e-018, 5.0726071544e-021]
    mfcc:
        mean: [-716.979064941, 92.3924331665, -50.8861045837, 56.0207290649, -18.4351902008, 0.157933428884, 0.0787027999759, -1.51233160496, -3.55114126205, -8.95372104645, -8.83474826813, -7.88802051544, -6.94531345367]
        cov: [[11860.484375, 759.772766113, -1378.73730469, 978.42791748, -499.113677979, 254.204696655, 146.18421936, 398.386993408, 75.2390365601, 105.438102722, -68.1966705322, -14.8051815033, 39.9528388977], [759.772766113, 763.339782715, -201.395751953, 179.452606201, 7.64457130432, -9.54986667633, 44.8057403564, -5.03511285782, 40.9683685303, -24.3495903015, 1.67245233059, -4.70864200592, -3.7338950634], [-1378.73730469, -201.395751953, 531.947265625, -184.340255737, 67.0715026855, -46.2033157349, -47.4919013977, -11.6005983353, -16.5833969116, 40.8154525757, 22.5500049591, 25.9673118591, 14.8666858673], [978.42791748, 179.452606201, -184.340255737, 355.359893799, 1.06822526455, 21.4941425323, 2.98348116875, -17.8157043457, 44.3752593994, 7.45376396179, -10.4395122528, -10.7291784286, -1.95524060726], [-499.113677979, 7.64457130432, 67.0715026855, 1.06822526455, 169.803970337, 13.664899826, -8.5124502182, -29.1726074219, 16.4286708832, 13.6075496674, 12.758228302, -3.40117287636, -4.11378335953], [254.204696655, -9.54986667633, -46.2033157349, 21.4941425323, 13.664899826, 95.2414321899, 55.2029380798, 29.3651256561, 6.25613641739, 5.64555549622, 7.81396532059, 7.5154466629, 8.41940689087], [146.18421936, 44.8057403564, -47.4919013977, 2.98348116875, -8.5124502182, 55.2029380798, 119.738464355, 56.8936309814, 17.854675293, 2.44936680794, 3.07023072243, 14.54383564, 14.5619430542], [398.386993408, -5.03511285782, -11.6005983353, -17.8157043457, -29.1726074219, 29.3651256561, 56.8936309814, 114.220649719, 33.8085861206, 28.7515487671, 5.5080332756, 15.1331110001, 19.203578949], [75.2390365601, 40.9683685303, -16.5833969116, 44.3752593994, 16.4286708832, 6.25613641739, 17.854675293, 33.8085861206, 71.0537643433, 33.816734314, 9.85990333557, 1.73016905785, 6.30092859268], [105.438102722, -24.3495903015, 40.8154525757, 7.45376396179, 13.6075496674, 5.64555549622, 2.44936680794, 28.7515487671, 33.816734314, 74.7580413818, 29.3146190643, 16.6484794617, 8.10741233826], [-68.1966705322, 1.67245233059, 22.5500049591, -10.4395122528, 12.758228302, 7.81396532059, 3.07023072243, 5.5080332756, 9.85990333557, 29.3146190643, 51.273399353, 24.0756320953, 7.45219898224], [-14.8051815033, -4.70864200592, 25.9673118591, -10.7291784286, -3.40117287636, 7.5154466629, 14.54383564, 15.1331110001, 1.73016905785, 16.6484794617, 24.0756320953, 56.4855155945, 25.3175144196], [39.9528388977, -3.7338950634, 14.8666858673, -1.95524060726, -4.11378335953, 8.41940689087, 14.5619430542, 19.203578949, 6.30092859268, 8.10741233826, 7.45219898224, 25.3175144196, 46.2687187195]]
        icov: [[0.000231215104577, -0.000126218903461, 0.000391679292079, -0.000470326165669, 0.000384406710509, -0.000415031128796, 0.000492548977491, -0.000952442467678, 0.000790435180534, -0.000711878179573, 0.000315811397741, 7.42429547245e-005, -7.99712797743e-005], [-0.000126218903461, 0.00179181562271, 0.000197642148123, -0.000418407231336, -0.000520263973158, 0.00137522164732, -0.0012309779413, 0.000618296850007, -0.00111519976053, 0.00140674959403, -0.00102262117434, -0.000127274004626, 0.000146421414684], [0.000391679292079, 0.000197642148123, 0.00360646122135, 0.000403212907258, -0.000573898432776, 0.000575316254981, 0.0012047336204, -0.0014559928095, 0.00186895090155, -0.00285330810584, 0.000868676695973, -0.000665378349368, -0.000924970139749], [-0.000470326165669, -0.000418407231336, 0.000403212907258, 0.00531173544005, -0.000548328156583, -0.00056809943635, -0.0001605606667, 0.00390513753518, -0.00426268018782, 3.68964610971e-005, 0.00120286387391, -0.000517328095157, -0.000385014660424], [0.000384406710509, -0.000520263973158, -0.000573898432776, -0.000548328156583, 0.00825726706535, -0.00338623207062, 0.000987319042906, 0.0017816190375, -0.00183522514999, -0.00157704926096, -0.00038520412636, 0.00108062685467, 8.44690512167e-005], [-0.000415031128796, 0.00137522164732, 0.000575316254981, -0.00056809943635, -0.00338623207062, 0.0175746176392, -0.00808281823993, -0.00042166232015, 0.00165032991208, 0.00099556602072, -0.00339047587477, 0.000733503722586, -0.000774181680754], [0.000492548977491, -0.0012309779413, 0.0012047336204, -0.0001605606667, 0.000987319042906, -0.00808281823993, 0.0162942297757, -0.00734392600134, -0.000143744255183, 0.00102153071202, 0.00156762462575, -0.0023658699356, -0.000557434861548], [-0.000952442467678, 0.000618296850007, -0.0014559928095, 0.00390513753518, 0.0017816190375, -0.00042166232015, -0.00734392600134, 0.0205652229488, -0.00953185930848, -0.00188460713252, 0.00174501363654, -0.000970964494627, -0.00260532274842], [0.000790435180534, -0.00111519976053, 0.00186895090155, -0.00426268018782, -0.00183522514999, 0.00165032991208, -0.000143744255183, -0.00953185930848, 0.027243250981, -0.0112962750718, 0.000280831300188, 0.00395847950131, -0.00195715902373], [-0.000711878179573, 0.00140674959403, -0.00285330810584, 3.68964610971e-005, -0.00157704926096, 0.00099556602072, 0.00102153071202, -0.00188460713252, -0.0112962750718, 0.0274489093572, -0.0121577084064, -0.00200109067373, 0.00156765326392], [0.000315811397741, -0.00102262117434, 0.000868676695973, 0.00120286387391, -0.00038520412636, -0.00339047587477, 0.00156762462575, 0.00174501363654, 0.000280831300188, -0.0121577084064, 0.0322495028377, -0.0117269810289, 0.0020962532144], [7.42429547245e-005, -0.000127274004626, -0.000665378349368, -0.000517328095157, 0.00108062685467, 0.000733503722586, -0.0023658699356, -0.000970964494627, 0.00395847950131, -0.00200109067373, -0.0117269810289, 0.0303564444184, -0.0136824594811], [-7.99712797743e-005, 0.000146421414684, -0.000924970139749, -0.000385014660424, 8.44690512167e-005, -0.000774181680754, -0.000557434861548, -0.00260532274842, -0.00195715902373, 0.00156765326392, 0.0020962532144, -0.0136824594811, 0.030520863831]]
    sccoeffs:
        dmean: [0.0588982664049, 0.0463216267526, 0.0376891829073, 0.0283164214343, 0.0184189137071, 0.0166275445372]
        dmean2: [0.0955825001001, 0.0775080770254, 0.0624177418649, 0.0475951619446, 0.0309634115547, 0.0267015770078]
        dvar: [0.00222424091771, 0.00134058285039, 0.000905300548766, 0.000503249757458, 0.000204978889087, 0.000230365534662]
        dvar2: [0.00560860522091, 0.00372498203069, 0.00247812876478, 0.00134989281651, 0.000564162037335, 0.000535584404133]
        max: [-0.373486340046, -0.548191189766, -0.522544801235, -0.62553858757, -0.655949771404, -0.592393040657]
        mean: [-0.641856789589, -0.781037449837, -0.787877261639, -0.798526108265, -0.804879784584, -0.724131047726]
        median: [-0.640951275826, -0.782282233238, -0.793209314346, -0.798791646957, -0.80187022686, -0.71466088295]
        min: [-0.979709684849, -0.980383813381, -0.979044735432, -0.973377048969, -0.965771853924, -0.96393507719]
        var: [0.00725659774616, 0.00342047889717, 0.00404828926548, 0.00228430144489, 0.00123669591267, 0.00253188656643]
    scvalleys:
        dmean: [0.448396652937, 0.3461355865, 0.283242613077, 0.235295832157, 0.195613026619, 0.230272725224]
        dmean2: [0.725220263004, 0.571255326271, 0.460726410151, 0.381155401468, 0.315112411976, 0.354040205479]
        dvar: [0.134349435568, 0.0893310904503, 0.0603681243956, 0.0488565303385, 0.0447736941278, 0.0897866860032]
        dvar2: [0.326894491911, 0.223416790366, 0.143519371748, 0.109863884747, 0.0946825817227, 0.201176181436]
        max: [-5.18730449677, -4.88986063004, -5.32498884201, -5.78275251389, -5.52771759033, -7.7624630928]
        mean: [-7.33984041214, -6.93100690842, -7.15257835388, -7.380402565, -7.09198665619, -9.99075698853]
        median: [-6.90681648254, -6.56917762756, -6.7322974205, -6.90663051605, -6.47744941711, -9.42498874664]
        min: [-28.2815151215, -27.9866352081, -27.6187534332, -27.8294639587, -27.6394329071, -27.4509029388]
        var: [4.14941501617, 3.77330493927, 4.01214885712, 4.15997028351, 4.76010370255, 3.91586637497]

rhythm:
    beats_loudness:
        dmean: 0.00179154775105
        dmean2: 0.00314734363928
        dvar: 3.56586042471e-006
        dvar2: 9.97101233224e-006
        max: 0.0128381364048
        mean: 0.0058423015289
        median: 0.00645856140181
        min: 0
        var: 1.16974224511e-005
    bpm: 117.795127869
    bpm_confidence: 0
    first_peak_bpm: 117
    first_peak_spread: 0.234693899751
    first_peak_weight: 0.376884430647
    onset_rate: 2.71729493141
    second_peak_bpm: 89
    second_peak_spread: 0.10179644078
    second_peak_weight: 0.376884400845
    beats_loudness_band_ratio:
        dmean: [0.104191355407, 0.11692802608, 0.0574298463762, 0.0751945376396, 0.0765139088035, 0.0811951905489]
        dmean2: [0.184586852789, 0.202276155353, 0.0989810228348, 0.131902426481, 0.130273506045, 0.14011579752]
        dvar: [0.00916469469666, 0.0103596039116, 0.00321346218698, 0.00680116889998, 0.00449105445296, 0.00508661800995]
        dvar2: [0.0237418878824, 0.0302127115428, 0.00884607434273, 0.0183874033391, 0.0126992380247, 0.0144471041858]
        max: [0.740721225739, 0.556806385517, 0.493671923876, 0.717620909214, 0.635072231293, 0.595033347607]
        mean: [0.218779414892, 0.219057381153, 0.106536634266, 0.117901496589, 0.214154466987, 0.217544779181]
        median: [0.205679953098, 0.208973869681, 0.0894785448909, 0.0832871571183, 0.205281034112, 0.21066853404]
        min: [0, 0, 0, 0, 0, 0]
        var: [0.016287792474, 0.0192298814654, 0.00534917553887, 0.0100243194029, 0.0103911459446, 0.0113561498001]
    beats_position: [0.638548731804, 1.28870749474, 1.93886613846, 2.60063481331, 3.26240348816, 3.92417216301, 4.59755086899, 5.27092981339, 5.94430828094, 6.6176867485, 7.30267572403, 7.97605419159, 8.64943313599, 9.33442115784, 10.0078001022, 10.6811790466, 11.354557991, 12.0279359818, 12.7129249573, 13.3979139328, 14.0712919235, 14.7446708679, 15.4180498123, 16.1030387878, 16.7880268097, 17.4614048004, 18.1347846985, 18.8197727203, 19.5047607422, 20.1781406403, 20.851518631, 21.5248966217, 22.1982765198, 22.8832645416, 23.5682544708, 24.2416324615, 24.9150104523, 25.6000003815, 26.2849884033, 26.958366394, 27.6433563232, 28.3283443451, 29.0017223358, 29.686712265, 30.3717002869, 31.0682983398, 31.7648983002, 32.4731063843, 33.1813163757, 33.8895225525, 34.5977325439, 35.2943305969, 36.0025405884, 36.7107467651, 37.4189567566, 38.1271629333, 38.823764801, 39.5087509155, 40.1937408447, 40.8671188354, 41.5404968262, 42.2254867554, 42.8988647461, 43.5838546753, 44.257232666, 44.9306106567, 45.6039886475, 46.2889785767, 46.9739685059, 47.6473464966, 48.3207244873, 48.994102478, 49.6790924072, 50.3524703979, 51.0374603271, 51.7108383179, 52.3842163086, 53.0575942993, 53.7425842285, 54.4275741577, 55.1009521484, 55.7743301392, 56.4477081299, 57.1210861206, 57.8060760498, 58.491065979, 59.1644439697, 59.8494338989, 60.5344200134, 61.2077980042, 61.8811798096, 62.5661659241, 63.2511558533, 63.924533844, 64.5979156494, 65.2712936401, 65.9446716309, 66.6296615601, 67.3146438599, 67.98802948, 68.6614074707, 69.3347854614, 70.0081634521, 70.6931533813, 71.3781356812, 72.0515213013, 72.724899292, 73.4098815918, 74.094871521, 74.7682495117, 75.4416275024, 76.1266174316, 76.8116073608, 77.4849853516, 78.1583633423, 78.831741333, 79.5051269531, 80.1901092529, 80.8750991821, 81.5484771729, 82.2218551636, 82.8952331543, 83.5686187744, 84.2536010742, 84.9385910034, 85.6119689941, 86.2853469849, 86.9703369141, 87.6553268433, 88.328704834, 89.0020828247, 89.6754608154, 90.3488388062, 91.0338287354, 91.7188186646, 92.3921966553, 93.065574646, 93.7389526367, 94.4239425659, 95.1089324951, 95.7823104858, 96.4556884766, 97.1290664673, 97.8140563965, 98.4874343872, 99.1608123779, 99.8458023071, 100.519180298, 101.204170227, 101.889160156, 102.562538147, 103.235916138, 103.909294128, 104.594284058, 105.279273987, 105.952651978, 106.626029968, 107.299407959, 107.97278595, 108.657775879, 109.342765808, 110.016143799, 110.68952179, 111.374511719, 112.059501648, 112.732879639, 113.406257629, 114.091247559, 114.59047699, 115.10131073, 115.6121521, 116.122993469, 116.633827209, 117.144668579, 117.655509949, 118.166343689, 118.677185059, 119.17641449, 119.675643921, 120.186485291, 120.685714722, 121.184944153, 121.695777893, 122.206619263, 122.717460632, 123.228294373, 123.739135742, 124.249977112, 124.760810852, 125.271652222, 125.770881653, 126.270111084, 126.780952454, 127.291786194, 127.802627563, 128.313461304, 128.824310303, 129.335144043, 129.845977783, 130.356826782, 130.867660522, 131.378494263, 131.889343262, 132.400177002, 132.911010742, 133.43347168, 133.94430542, 134.466751099, 134.989196777, 135.523269653, 136.057327271, 136.602996826, 137.125442505, 137.647888184, 138.158721924, 138.669570923, 139.180404663, 139.691238403, 140.202087402, 140.712921143, 141.223754883, 141.734603882, 142.245437622, 142.744674683, 143.243896484, 143.754730225, 144.265579224, 144.776412964, 145.287246704, 145.798095703, 146.308929443, 146.808166504, 147.307388306, 147.818222046, 148.329071045, 148.839904785, 149.350738525, 149.861587524, 150.372421265, 150.883255005, 151.394104004, 151.904937744, 152.415786743, 152.926620483, 153.425842285, 153.925079346, 154.424301147, 154.923538208, 155.434371948, 155.945205688, 156.456054688, 156.966888428, 157.477722168, 157.988571167, 158.499404907, 158.998641968, 159.509475708, 160.00869751, 160.519546509, 161.030380249, 161.541213989, 162.052062988, 162.562896729, 163.062133789, 163.561355591, 164.072189331, 164.58303833, 165.09387207, 165.604721069, 166.11555481, 166.62638855, 167.137237549, 167.648071289, 168.158905029, 168.65814209, 169.157363892, 169.668212891, 170.179046631, 170.689880371, 171.20072937, 171.71156311, 172.210784912, 172.721633911, 173.232467651, 173.743301392, 174.242538452, 174.753372192, 175.264221191, 175.775054932, 176.285888672, 176.796737671, 177.307571411, 177.818405151, 178.317642212, 178.816864014, 179.327713013, 179.838546753, 180.349380493, 180.860229492, 181.371063232, 181.881896973, 182.392745972, 182.903579712, 183.414413452, 183.925262451, 184.424484253, 184.923721313, 185.434555054, 185.945388794, 186.456237793, 186.967071533, 187.477905273, 187.988754272, 188.499588013, 189.022033691, 189.54447937, 190.078552246, 190.612609863, 191.14666748, 191.680725098, 192.203170776, 192.725616455, 193.236465454, 193.747299194, 194.258132935, 194.768981934, 195.268203735, 195.779037476, 196.289886475, 196.789108276, 197.299957275, 197.810791016, 198.321624756, 198.832473755, 199.343307495, 199.854141235, 200.364990234, 200.875823975, 201.386657715, 201.897506714, 202.396728516, 202.895965576, 203.406799316, 203.906021118, 204.405258179, 204.916091919, 205.426940918, 205.937774658, 206.448608398, 206.959457397, 207.470291138, 207.981124878, 208.491973877, 209.002807617, 209.513641357, 210.024490356, 210.535324097, 211.046157837, 211.545394897, 212.056228638, 212.555465698, 213.066299438, 213.577133179, 214.087982178, 214.598815918, 215.109649658, 215.632110596, 216.166168213, 216.688613892, 217.12979126, 217.559356689, 218.000534058, 218.441726685, 218.848068237, 219.24281311, 219.637542725, 220.043899536, 220.450241089, 220.8565979, 221.262939453, 221.704116821, 222.145309448, 222.586486816, 223.097320557, 223.608154297, 224.119003296, 224.536956787, 224.966522217, 225.396102905, 225.825668335, 226.197189331, 226.568710327, 226.951828003, 227.323348999, 227.694869995, 228.07800293, 228.461135864, 228.84425354, 229.227386475]
    bpm_estimates: [120.185218811, 117.455047607, 117.453292847, 117.453292847, 117.455047607, 117.453292847, 117.453292847, 117.455047607, 117.453292847, 120.185218811, 120.185218811, 117.453292847, 120.185218811, 120.185218811, 117.455047607, 117.453292847, 117.453292847, 117.455047607, 117.453292847, 117.453292847, 117.455047607, 117.453292847, 120.185218811, 120.185218811, 117.453292847, 117.455047607, 117.453292847, 117.455047607, 117.451538086, 117.455047607, 117.455047607, 117.451538086, 117.455047607, 117.455047607, 117.451538086, 117.455047607, 117.455047607, 114.841117859, 117.455047607, 114.844474792, 114.844474792, 114.844474792, 114.844474792, 117.455047607, 117.451538086, 117.455047607, 117.455047607, 117.451538086, 117.455047607, 117.455047607, 117.451538086, 117.455047607, 120.183387756, 120.187057495, 117.455047607, 117.451538086, 117.455047607, 117.455047607, 117.451538086, 117.455047607, 120.183387756, 120.187057495, 117.455047607, 117.451538086, 117.455047607, 117.455047607, 117.451538086, 117.455047607, 117.455047607, 117.451538086, 117.455047607, 117.451538086, 117.455047607, 120.187057495, 120.183387756, 120.187057495, 120.183387756, 117.455047607, 117.455047607, 117.451538086, 117.455047607, 117.455047607, 117.451538086, 117.455047607, 120.183387756, 117.455047607, 120.187057495, 117.451538086, 117.455047607, 117.455047607, 117.451538086, 117.455047607, 120.183387756, 120.187057495, 117.455047607, 117.451538086, 117.455047607, 117.451538086, 117.455047607, 117.455047607, 117.451538086, 117.455047607, 117.455047607, 120.183387756, 120.187057495, 117.451538086, 117.455047607, 117.455047607, 117.451538086, 117.455047607, 120.187057495, 117.451538086, 117.455047607, 117.455047607, 120.183387756, 117.455047607, 117.451538086, 117.455047607, 117.455047607, 117.451538086, 117.455047607, 117.455047607, 120.183387756, 120.187057495, 117.451538086, 117.455047607, 117.455047607, 117.451538086, 117.455047607, 117.455047607, 117.451538086, 117.455047607, 117.455047607, 117.451538086, 120.187057495, 120.183387756, 117.455047607, 117.455047607, 117.451538086, 117.455047607, 117.455047607, 117.451538086, 117.455047607, 114.844474792, 114.844474792, 114.844474792, 114.844474792, 117.451538086, 117.455047607, 117.455047607, 117.451538086, 120.187057495, 117.455047607, 117.451538086, 120.187057495, 117.451538086, 117.455047607, 117.455047607, 117.451538086, 117.455047607, 117.455047607, 117.451538086, 117.455047607, 117.455047607, 117.451538086, 120.187057495, 120.183387756, 117.455047607, 120.187057495, 120.183387756, 117.455047607, 117.451538086, 117.455047607, 117.455047607, 117.451538086, 117.455047607, 117.455047607, 117.451538086, 117.455047607, 117.455047607, 117.451538086, 117.455047607, 117.455047607, 120.183387756, 117.455047607, 120.183387756, 117.455047607, 117.455047607, 117.451538086, 117.455047607, 117.455047607, 114.841117859, 114.844474792, 117.455047607, 117.455047607, 117.451538086]
