
metadata:
    version:
        essentia: "2.1-beta2"
    audio_properties:
        analysis_sample_rate: 44100
        bitrate: 320
        channels: 2
        equal_loudness: 1
        length: 234.031021118
        replay_gain: -16.9337921143
        downmix: "mix"
    tags:
        album: "The Sound Of Madness"
        artist: "Shinedown"
        comment: ""
        date: "2008"
        genre: "Post Grunge"
        title: "Sound Of Madness"
        tracknumber: "2"

configuration:
    average_loudness:
        compute: 1
        frameSize: 88200
        hopSize: 44100
        silentFrames: "noise"
        windowType: "hann"
    general:
        analysisSampleRate: 44100
        endTime: 2000
        equalLoudness: 1
        nequalLoudness: 0
        shortSound: 0
        startTime: 0
    lowlevel:
        compute: 1
        frameSize: 2048
        hopSize: 1024
        zeroPadding: 0
        silentFrames: "noise"
        windowType: "blackmanharris62"
        mfccStats: ["mean", "cov", "icov"]
        stats: ["mean", "var", "median", "min", "max", "dmean", "dmean2", "dvar", "dvar2"]
    panning:
        compute: 0
        frameSize: 8192
        hopSize: 2048
        zeroPadding: 8192
        silentFrames: "noise"
        windowType: "hann"
        stats: ["copy"]
    rhythm:
        compute: 1
        maxTempo: 208
        minTempo: 40
        method: "degara"
        stats: ["mean", "var", "median", "min", "max", "dmean", "dmean2", "dvar", "dvar2"]
    segmentation:
        compute: 0
        cpw: 5
        inc1: 300
        inc2: 50
        minimumSegmentsLength: 10
        size1: 1000
        size2: 600
    sfx:
        compute: 1
        stats: ["mean", "var", "median", "min", "max", "dmean", "dmean2", "dvar", "dvar2"]
    svm:
        compute: 0
    tonal:
        compute: 1
        frameSize: 4096
        hopSize: 2048
        zeroPadding: 0
        silentFrames: "noise"
        windowType: "blackmanharris62"
        stats: ["mean", "var", "median", "min", "max", "dmean", "dmean2", "dvar", "dvar2"]

lowlevel:
    average_loudness: 0.921767473221
    barkbands_kurtosis:
        dmean: 0.612014770508
        dmean2: 0.9899071455
        dvar: 0.61803072691
        dvar2: 1.51146924496
        max: 40.6053657532
        mean: -0.61312097311
        median: -1.00922060013
        min: -1.87885415554
        var: 2.95413446426
    barkbands_skewness:
        dmean: 0.340272665024
        dmean2: 0.543201267719
        dvar: 0.0897688418627
        dvar2: 0.231082618237
        max: 2.6518137455
        mean: -0.547503054142
        median: -0.550346493721
        min: -5.5340681076
        var: 0.429735600948
    barkbands_spread:
        dmean: 5.50729513168
        dmean2: 8.71224689484
        dvar: 24.5669136047
        dvar2: 62.4094238281
        max: 67.5921478271
        mean: 35.4997138977
        median: 35.2292633057
        min: 2.51697778702
        var: 106.217979431
    dissonance:
        dmean: 0.00891725998372
        dmean2: 0.0152681777254
        dvar: 9.0675377578e-005
        dvar2: 0.000246929324931
        max: 0.5
        mean: 0.485187023878
        median: 0.488527327776
        min: 0.305999904871
        var: 0.000157985690748
    hfc:
        dmean: 2.96363425255
        dmean2: 4.98373126984
        dvar: 22.3719978333
        dvar2: 62.0724411011
        max: 53.2261428833
        mean: 11.0206279755
        median: 10.0057640076
        min: 1.11373172626e-016
        var: 43.6343765259
    pitch:
        dmean: 920.052307129
        dmean2: 1756.25756836
        dvar: 1775153.875
        dvar2: 4311399
        max: 4771.99951172
        mean: 1293.91882324
        median: 360.687744141
        min: 64.2434463501
        var: 2246579
    pitch_instantaneous_confidence:
        dmean: 0.0829261764884
        dmean2: 0.135067105293
        dvar: 0.00461246911436
        dvar2: 0.0114779658616
        max: 0.909066140652
        mean: 0.382983058691
        median: 0.363763719797
        min: 0.0948866009712
        var: 0.0165420584381
    pitch_salience:
        dmean: 0.0532113388181
        dmean2: 0.088962726295
        dvar: 0.00198641908355
        dvar2: 0.00552685139701
        max: 0.897471308708
        mean: 0.651705682278
        median: 0.657888650894
        min: 0.32854616642
        var: 0.00503173237666
    silence_rate_20dB:
        dmean: 0
        dmean2: 0
        dvar: 0
        dvar2: 0
        max: 1
        mean: 1
        median: 1
        min: 1
        var: 0
    silence_rate_30dB:
        dmean: 0
        dmean2: 0
        dvar: 0
        dvar2: 0
        max: 1
        mean: 1
        median: 1
        min: 1
        var: 0
    silence_rate_60dB:
        dmean: 0.0660779848695
        dmean2: 0.132169082761
        dvar: 0.0617153830826
        dvar2: 0.138505548239
        max: 1
        mean: 0.219444438815
        median: 0
        min: 0
        var: 0.171271979809
    spectral_centroid:
        dmean: 247.978149414
        dmean2: 401.294677734
        dvar: 66137.2421875
        dvar2: 159671.09375
        max: 11763.7255859
        mean: 2150.44799805
        median: 2155.72851563
        min: 429.34777832
        var: 493896.1875
    spectral_complexity:
        dmean: 3.84839773178
        dmean2: 6.2313952446
        dvar: 15.0653095245
        dvar2: 36.9127120972
        max: 47
        mean: 18.6437492371
        median: 19
        min: 0
        var: 64.8229751587
    spectral_crest:
        dmean: 1.71098959446
        dmean2: 2.88811659813
        dvar: 2.45570993423
        dvar2: 6.80246496201
        max: 20.2260456085
        mean: 6.15376329422
        median: 5.65653038025
        min: 2.39388656616
        var: 4.73881340027
    spectral_decrease:
        dmean: 2.49851556111e-010
        dmean2: 4.04380778862e-010
        dvar: 1.14072368224e-019
        dvar2: 2.94860109873e-019
        max: 1.41948836918e-028
        mean: -1.0680236695e-009
        median: -1.02315544925e-009
        min: -4.07360456478e-009
        var: 2.81433365869e-019
    spectral_energy:
        dmean: 0.00117934460286
        dmean2: 0.00192192208488
        dvar: 2.77732351606e-006
        dvar2: 7.31258433007e-006
        max: 0.0194953437895
        mean: 0.00503056962043
        median: 0.00476568285376
        min: 1.01963048285e-020
        var: 6.54160612612e-006
    spectral_energyband_high:
        dmean: 0.000248994037975
        dmean2: 0.000439160765382
        dvar: 3.08977519126e-007
        dvar2: 8.85914744231e-007
        max: 0.00669533479959
        mean: 0.000614289892837
        median: 0.000535480852704
        min: 7.33803795961e-021
        var: 2.88997597409e-007
    spectral_energyband_low:
        dmean: 0.000187371304492
        dmean2: 0.000316029239912
        dvar: 9.12102464667e-008
        dvar2: 2.58847393297e-007
        max: 0.00344644440338
        mean: 0.000388634216506
        median: 0.00030953946407
        min: 3.57246042339e-023
        var: 1.13414067471e-007
    spectral_energyband_middle_high:
        dmean: 0.000808129436336
        dmean2: 0.00131374178454
        dvar: 8.38103744627e-007
        dvar2: 2.15610657506e-006
        max: 0.0116994502023
        mean: 0.00301772425883
        median: 0.0026355064474
        min: 1.22644954668e-021
        var: 3.3864305351e-006
    spectral_energyband_middle_low:
        dmean: 0.000461761024781
        dmean2: 0.000736803631298
        dvar: 4.46952697075e-007
        dvar2: 1.09665438686e-006
        max: 0.00861874874681
        mean: 0.00115150527563
        median: 0.000950996414758
        min: 1.86586972749e-022
        var: 7.20136938526e-007
    spectral_flatness_db:
        dmean: 0.0116162961349
        dmean2: 0.0185918658972
        dvar: 0.00010138178186
        dvar2: 0.000244997034315
        max: 0.290926843882
        mean: 0.144070327282
        median: 0.14148427546
        min: 0.0583249367774
        var: 0.000705181388184
    spectral_flux:
        dmean: 0.00674485787749
        dmean2: 0.0103829307482
        dvar: 5.98218139203e-005
        dvar2: 0.000118640025903
        max: 0.105056807399
        mean: 0.042132332921
        median: 0.0415390133858
        min: 6.47222345163e-011
        var: 0.000214455765672
    spectral_kurtosis:
        dmean: 0.874816119671
        dmean2: 1.48718822002
        dvar: 1.00653004646
        dvar2: 2.92461323738
        max: 20.9165973663
        mean: 3.24263167381
        median: 2.95421600342
        min: -1.26993191242
        var: 2.87968564034
    spectral_rms:
        dmean: 0.000241834713961
        dmean2: 0.000386553932913
        dvar: 8.1839516497e-008
        dvar2: 2.08066992968e-007
        max: 0.00436117500067
        mean: 0.00213365140371
        median: 0.00215625762939
        min: 3.15398380156e-012
        var: 3.55412510089e-007
    spectral_rolloff:
        dmean: 282.832427979
        dmean2: 473.941223145
        dvar: 113881.585938
        dvar2: 252678.78125
        max: 19379.8828125
        mean: 3768.67016602
        median: 3757.54394531
        min: 322.998046875
        var: 1076828.25
    spectral_skewness:
        dmean: 0.137431442738
        dmean2: 0.226957932115
        dvar: 0.0174897871912
        dvar2: 0.0455450192094
        max: 3.07591748238
        mean: 1.14073467255
        median: 1.13296031952
        min: -0.0821673870087
        var: 0.0838486254215
    spectral_spread:
        dmean: 359692.0625
        dmean2: 532874.9375
        dvar: 407532601344
        dvar2: 811394007040
        max: 42639676
        mean: 4435490.5
        median: 4166330.5
        min: 1314829.25
        var: 5.50134349824e+012
    spectral_strongpeak:
        dmean: 0.684894323349
        dmean2: 1.1873459816
        dvar: 0.843136787415
        dvar2: 2.15906429291
        max: 10.5264549255
        mean: 0.963799774647
        median: 0.344071388245
        min: 3.28560734175e-010
        var: 1.55299472809
    zerocrossingrate:
        dmean: 0.00693277968094
        dmean2: 0.00880655273795
        dvar: 5.10321187903e-005
        dvar2: 6.76879571984e-005
        max: 0.52197265625
        mean: 0.117431931198
        median: 0.11767578125
        min: 0.0341796875
        var: 0.000896714045666
    barkbands:
        dmean: [1.17405100752e-007, 5.98446495133e-005, 0.000107937332359, 0.000119569398521, 0.000264623580733, 0.000135553404107, 5.40135406482e-005, 4.53591892438e-005, 8.2629492681e-005, 6.41412261757e-005, 6.87151550665e-005, 0.000122548794025, 6.67964341119e-005, 7.10524036549e-005, 0.000115450420708, 0.000184513337445, 0.000235356303165, 0.00018686967087, 0.000340750237228, 0.000216758562601, 0.000139829178806, 4.24785612267e-005, 7.80306163506e-006, 2.0234533622e-006, 9.73389546743e-007, 4.81052779833e-008, 4.03400479687e-010]
        dmean2: [1.84942024362e-007, 0.000101149460534, 0.000184102347703, 0.000197728775674, 0.000429902720498, 0.000221300681005, 8.8264918304e-005, 7.26881698938e-005, 0.000131726861582, 0.000101881858427, 0.000111808672955, 0.000200664784643, 0.000108507767436, 0.000115712726256, 0.000186053555808, 0.000303756212816, 0.000387847510865, 0.000311266136123, 0.00057607277995, 0.000378080439987, 0.000242195121245, 7.56471563363e-005, 1.29973359435e-005, 3.16538671541e-006, 1.53335383857e-006, 7.39368530844e-008, 6.83406387036e-010]
        dvar: [8.32166163777e-014, 1.3370059726e-008, 3.45369990384e-008, 2.4024281231e-008, 2.66081201516e-007, 6.56757777051e-008, 9.83287051781e-009, 1.30434552048e-008, 2.50285516756e-008, 2.52418708158e-008, 2.66188031617e-008, 9.11761901534e-008, 1.76427938925e-008, 1.68246714338e-008, 4.36492015865e-008, 8.70280487675e-008, 1.21349785331e-007, 6.64347794554e-008, 1.85208946846e-007, 1.35220460606e-007, 4.86623612517e-008, 1.23606733737e-008, 3.92888749312e-010, 3.05118812161e-011, 5.52568451065e-012, 1.83428745554e-014, 6.87963789015e-019]
        dvar2: [1.96426344157e-013, 3.7151387744e-008, 9.92199176153e-008, 6.34521484244e-008, 6.61182127715e-007, 1.65173219102e-007, 2.42546747131e-008, 2.95968938246e-008, 6.14124715526e-008, 6.03654370934e-008, 6.94708077731e-008, 2.44955515427e-007, 4.45689103401e-008, 4.3307611719e-008, 1.08250112874e-007, 2.28710320016e-007, 3.08651038949e-007, 1.73537870296e-007, 5.0170956456e-007, 3.795835255e-007, 1.37153392643e-007, 3.54966651628e-008, 1.02361918941e-009, 6.5437877339e-011, 1.26274954035e-011, 3.84379790638e-014, 1.79200883532e-018]
        max: [3.5885698253e-006, 0.00119720492512, 0.00244392105378, 0.00238274526782, 0.00650285929441, 0.00446048052981, 0.00184226105921, 0.00253460882232, 0.00293521326967, 0.00339442840777, 0.00356180174276, 0.00534158479422, 0.00276852422394, 0.00225093960762, 0.0036114724353, 0.00594234606251, 0.0085490513593, 0.00464404048398, 0.00830077752471, 0.00504535064101, 0.00300739402883, 0.00145954266191, 0.000300564395729, 0.000133897861815, 6.20508071734e-005, 3.96442646888e-006, 2.97289997064e-008]
        mean: [1.44159812976e-007, 9.23478801269e-005, 0.000180873670615, 0.000221221838729, 0.000418634270318, 0.000200446069357, 8.13424267108e-005, 6.60708974465e-005, 0.000131617271109, 9.76278752205e-005, 0.000104026534245, 0.000192649866221, 0.000111682922579, 0.000116727977002, 0.000201608199859, 0.000345490087057, 0.000456635432784, 0.000369661487639, 0.000757578527555, 0.000444090925157, 0.00035097062937, 6.99257579981e-005, 1.28031606437e-005, 4.1474140744e-006, 2.16743364945e-006, 8.9651805979e-008, 5.892856203e-010]
        median: [2.57703920425e-008, 5.4372001614e-005, 0.000122340396047, 0.000151140993694, 0.000253756239545, 9.93814901449e-005, 4.66773053631e-005, 2.48683300015e-005, 6.41957012704e-005, 4.58524409623e-005, 4.55886802229e-005, 5.83518303756e-005, 5.68946779822e-005, 5.58868632652e-005, 0.00011081356206, 0.000219420908252, 0.000286075985059, 0.000256976287346, 0.000613369746134, 0.000371311471099, 0.000303700449876, 5.0789269153e-005, 7.10058156983e-006, 2.2767981136e-006, 1.14280248908e-006, 3.27555724766e-008, 2.9921104483e-010]
        min: [7.78963659089e-026, 5.31525642696e-024, 1.97740982377e-024, 3.36412592652e-025, 9.11938825881e-024, 6.85872274145e-024, 7.50649981808e-024, 1.40224049094e-023, 2.3488860412e-023, 1.70837279579e-023, 1.12628077464e-023, 4.43341690446e-023, 3.15634765548e-023, 2.74052329512e-023, 8.21308773737e-023, 4.60573725832e-023, 6.63664577486e-023, 1.07828665072e-022, 6.643012829e-023, 2.08003208418e-022, 2.3706380918e-022, 3.13387401803e-022, 4.47144637409e-022, 5.5747086135e-022, 8.62741704854e-022, 1.40587241286e-021, 1.98493297092e-021]
        var: [1.16468846286e-013, 1.33255655399e-008, 3.85478884368e-008, 5.24215373332e-008, 3.16244552323e-007, 9.35952542136e-008, 1.45807472762e-008, 2.59009400594e-008, 4.35383213926e-008, 3.77198361434e-008, 4.52517134875e-008, 1.72493656692e-007, 3.17411377182e-008, 3.09444097013e-008, 8.37405309539e-008, 1.81976901104e-007, 2.67497881623e-007, 1.28393921273e-007, 3.91100911656e-007, 1.49075347622e-007, 7.54802584879e-008, 9.02057273322e-009, 5.12266007391e-010, 6.59252999413e-011, 1.08409644109e-011, 4.20796210376e-014, 8.41433141302e-019]
    frequency_bands:
        dmean: [1.17405100752e-007, 5.98446495133e-005, 0.000107937332359, 0.000119569398521, 0.000264623580733, 0.000135553404107, 5.40135406482e-005, 4.53591892438e-005, 8.2629492681e-005, 6.41412261757e-005, 6.87151550665e-005, 0.000122548794025, 6.67964341119e-005, 7.10524036549e-005, 0.000115450420708, 0.000184513337445, 0.000235356303165, 0.00018686967087, 0.000340750237228, 0.000216758562601, 0.000139829178806, 4.24785612267e-005, 7.80306163506e-006, 2.0234533622e-006, 9.73389546743e-007, 4.81052779833e-008, 4.03400479687e-010, 5.55034906924e-011]
        dmean2: [1.84942024362e-007, 0.000101149460534, 0.000184102347703, 0.000197728775674, 0.000429902720498, 0.000221300681005, 8.8264918304e-005, 7.26881698938e-005, 0.000131726861582, 0.000101881858427, 0.000111808672955, 0.000200664784643, 0.000108507767436, 0.000115712726256, 0.000186053555808, 0.000303756212816, 0.000387847510865, 0.000311266136123, 0.00057607277995, 0.000378080439987, 0.000242195121245, 7.56471563363e-005, 1.29973359435e-005, 3.16538671541e-006, 1.53335383857e-006, 7.39368530844e-008, 6.83406387036e-010, 1.02712560679e-010]
        dvar: [8.32166163777e-014, 1.3370059726e-008, 3.45369990384e-008, 2.4024281231e-008, 2.66081201516e-007, 6.56757777051e-008, 9.83287051781e-009, 1.30434552048e-008, 2.50285516756e-008, 2.52418708158e-008, 2.66188031617e-008, 9.11761901534e-008, 1.76427938925e-008, 1.68246714338e-008, 4.36492015865e-008, 8.70280487675e-008, 1.21349785331e-007, 6.64347794554e-008, 1.85208946846e-007, 1.35220460606e-007, 4.86623612517e-008, 1.23606733737e-008, 3.92888749312e-010, 3.05118812161e-011, 5.52568451065e-012, 1.83428745554e-014, 6.87963789015e-019, 6.44063181332e-021]
        dvar2: [1.96426344157e-013, 3.7151387744e-008, 9.92199176153e-008, 6.34521484244e-008, 6.61182127715e-007, 1.65173219102e-007, 2.42546747131e-008, 2.95968938246e-008, 6.14124715526e-008, 6.03654370934e-008, 6.94708077731e-008, 2.44955515427e-007, 4.45689103401e-008, 4.3307611719e-008, 1.08250112874e-007, 2.28710320016e-007, 3.08651038949e-007, 1.73537870296e-007, 5.0170956456e-007, 3.795835255e-007, 1.37153392643e-007, 3.54966651628e-008, 1.02361918941e-009, 6.5437877339e-011, 1.26274954035e-011, 3.84379790638e-014, 1.79200883532e-018, 2.05393211247e-020]
        max: [3.5885698253e-006, 0.00119720492512, 0.00244392105378, 0.00238274526782, 0.00650285929441, 0.00446048052981, 0.00184226105921, 0.00253460882232, 0.00293521326967, 0.00339442840777, 0.00356180174276, 0.00534158479422, 0.00276852422394, 0.00225093960762, 0.0036114724353, 0.00594234606251, 0.0085490513593, 0.00464404048398, 0.00830077752471, 0.00504535064101, 0.00300739402883, 0.00145954266191, 0.000300564395729, 0.000133897861815, 6.20508071734e-005, 3.96442646888e-006, 2.97289997064e-008, 9.73130909188e-010]
        mean: [1.44159812976e-007, 9.23478801269e-005, 0.000180873670615, 0.000221221838729, 0.000418634270318, 0.000200446069357, 8.13424267108e-005, 6.60708974465e-005, 0.000131617271109, 9.76278752205e-005, 0.000104026534245, 0.000192649866221, 0.000111682922579, 0.000116727977002, 0.000201608199859, 0.000345490087057, 0.000456635432784, 0.000369661487639, 0.000757578527555, 0.000444090925157, 0.00035097062937, 6.99257579981e-005, 1.28031606437e-005, 4.1474140744e-006, 2.16743364945e-006, 8.9651805979e-008, 5.892856203e-010, 4.30749082236e-011]
        median: [2.57703920425e-008, 5.4372001614e-005, 0.000122340396047, 0.000151140993694, 0.000253756239545, 9.93814901449e-005, 4.66773053631e-005, 2.48683300015e-005, 6.41957012704e-005, 4.58524409623e-005, 4.55886802229e-005, 5.83518303756e-005, 5.68946779822e-005, 5.58868632652e-005, 0.00011081356206, 0.000219420908252, 0.000286075985059, 0.000256976287346, 0.000613369746134, 0.000371311471099, 0.000303700449876, 5.0789269153e-005, 7.10058156983e-006, 2.2767981136e-006, 1.14280248908e-006, 3.27555724766e-008, 2.9921104483e-010, 1.61788950293e-011]
        min: [7.78963659089e-026, 5.31525642696e-024, 1.97740982377e-024, 3.36412592652e-025, 9.11938825881e-024, 6.85872274145e-024, 7.50649981808e-024, 1.40224049094e-023, 2.3488860412e-023, 1.70837279579e-023, 1.12628077464e-023, 4.43341690446e-023, 3.15634765548e-023, 2.74052329512e-023, 8.21308773737e-023, 4.60573725832e-023, 6.63664577486e-023, 1.07828665072e-022, 6.643012829e-023, 2.08003208418e-022, 2.3706380918e-022, 3.13387401803e-022, 4.47144637409e-022, 5.5747086135e-022, 8.62741704854e-022, 1.40587241286e-021, 1.98493297092e-021, 5.14691022812e-022]
        var: [1.16468846286e-013, 1.33255655399e-008, 3.85478884368e-008, 5.24215373332e-008, 3.16244552323e-007, 9.35952542136e-008, 1.45807472762e-008, 2.59009400594e-008, 4.35383213926e-008, 3.77198361434e-008, 4.52517134875e-008, 1.72493656692e-007, 3.17411377182e-008, 3.09444097013e-008, 8.37405309539e-008, 1.81976901104e-007, 2.67497881623e-007, 1.28393921273e-007, 3.91100911656e-007, 1.49075347622e-007, 7.54802584879e-008, 9.02057273322e-009, 5.12266007391e-010, 6.59252999413e-011, 1.08409644109e-011, 4.20796210376e-014, 8.41433141302e-019, 5.04302898515e-021]
    mfcc:
        mean: [-694.87878418, 91.7958831787, -57.8008804321, 63.845993042, -10.5869121552, 4.44167613983, 2.8517165184, -3.82608246803, 0.982534646988, -9.15254306793, -6.94348192215, -6.13405227661, -5.27653980255]
        cov: [[4089.50610352, 49.973739624, -239.933151245, 268.759429932, -162.150787354, 56.3596572876, -70.4838867188, -37.4050254822, -105.149719238, -58.7721138, -41.6660842896, -62.9378166199, -34.9149856567], [49.973739624, 732.765869141, -281.253143311, 88.1818161011, -15.3153324127, -31.0460948944, 20.0727882385, -17.1466827393, 57.0442237854, -18.4323768616, 5.48200798035, 7.17841768265, -18.7558269501], [-239.933151245, -281.253143311, 396.832275391, -32.6670227051, 48.467716217, -1.28197526932, -30.6724472046, 3.16885733604, -25.3197498322, 39.4005203247, 1.05822956562, 13.9888772964, 34.0312919617], [268.759429932, 88.1818161011, -32.6670227051, 245.434295654, -2.65838980675, 3.5575864315, 2.93759012222, -4.71184015274, 48.9728546143, -6.63629579544, -0.371432930231, -1.58556568623, 1.59589636326], [-162.150787354, -15.3153324127, 48.467716217, -2.65838980675, 154.110427856, 14.5133628845, -19.8425769806, -1.66792535782, -4.6022400856, 10.5250072479, -12.9645957947, 0.979625999928, 5.7076382637], [56.3596572876, -31.0460948944, -1.28197526932, 3.5575864315, 14.5133628845, 108.60634613, 59.8788757324, 17.8234844208, -19.618938446, -10.0449514389, 8.34862709045, 0.741925895214, 2.3713696003], [-70.4838867188, 20.0727882385, -30.6724472046, 2.93759012222, -19.8425769806, 59.8788757324, 146.216094971, 34.992805481, 24.0593757629, -20.1327953339, 9.99067783356, 10.8165426254, -2.83595705032], [-37.4050254822, -17.1466827393, 3.16885733604, -4.71184015274, -1.66792535782, 17.8234844208, 34.992805481, 81.3675613403, 23.1646347046, 13.1967630386, 8.26526832581, 4.81462574005, 6.0180683136], [-105.149719238, 57.0442237854, -25.3197498322, 48.9728546143, -4.6022400856, -19.618938446, 24.0593757629, 23.1646347046, 104.453018188, 25.1634693146, 8.31798362732, 1.38275206089, -4.45955991745], [-58.7721138, -18.4323768616, 39.4005203247, -6.63629579544, 10.5250072479, -10.0449514389, -20.1327953339, 13.1967630386, 25.1634693146, 74.0215301514, 25.5530853271, 3.02907276154, -0.054231338203], [-41.6660842896, 5.48200798035, 1.05822956562, -0.371432930231, -12.9645957947, 8.34862709045, 9.99067783356, 8.26526832581, 8.31798362732, 25.5530853271, 60.904876709, 25.2532749176, 4.73435306549], [-62.9378166199, 7.17841768265, 13.9888772964, -1.58556568623, 0.979625999928, 0.741925895214, 10.8165426254, 4.81462574005, 1.38275206089, 3.02907276154, 25.2532749176, 57.4738197327, 22.484457016], [-34.9149856567, -18.7558269501, 34.0312919617, 1.59589636326, 5.7076382637, 2.3713696003, -2.83595705032, 6.0180683136, -4.45955991745, -0.054231338203, 4.73435306549, 22.484457016, 51.8608627319]]
        icov: [[0.000322245759889, 5.66642265767e-005, 0.000206484866794, -0.000445235142251, 0.000366970692994, -0.000250815122854, 0.000246900395723, -7.25995851099e-005, 0.000498071371112, -0.00014007439313, 0.00023413564486, 9.81966077234e-005, 8.73904646141e-005], [5.66642265767e-005, 0.00206159427762, 0.00148034014273, -0.000543048488908, -0.000294821249554, 0.000632759183645, -0.000284535024548, 0.000512206810527, -0.000349416251993, -0.000177423862624, -4.34369758295e-006, -0.00052631739527, -4.40879302914e-005], [0.000206484866794, 0.00148034014273, 0.00420035468414, -0.000471942708828, -0.000675395072903, 0.000425968028139, -0.000100742763607, 0.000300682178931, 0.0010652539786, -0.00233201333322, 0.000929030298721, -0.000606779882219, -0.00178549869452], [-0.000445235142251, -0.000543048488908, -0.000471942708828, 0.00552730076015, -0.000330424838467, -0.00107698829379, 0.00071695673978, 0.000852288212627, -0.00382201047614, 0.00169436668511, -0.00058336177608, 0.000188098376384, -0.000685814185999], [0.000366970692994, -0.000294821249554, -0.000675395072903, -0.000330424838467, 0.00793759711087, -0.00279856938869, 0.00198177876882, 9.00713894225e-006, 1.527483073e-005, -0.00146673305426, 0.00315972440876, -0.00127652252559, 0.000220278539928], [-0.000250815122854, 0.000632759183645, 0.000425968028139, -0.00107698829379, -0.00279856938869, 0.0152921136469, -0.00726758269593, -0.00146048737224, 0.00500134285539, -0.000363514467608, -0.00304297963157, 0.00256214034744, -0.00120892236009], [0.000246900395723, -0.000284535024548, -0.000100742763607, 0.00071695673978, 0.00198177876882, -0.00726758269593, 0.0125978374854, -0.00314656132832, -0.00442450493574, 0.00476996507496, -0.000595772638917, -0.00235270150006, 0.00197453703731], [-7.25995851099e-005, 0.000512206810527, 0.000300682178931, 0.000852288212627, 9.00713894225e-006, -0.00146048737224, -0.00314656132832, 0.0155674852431, -0.00310935429297, -0.00288812257349, 0.000269567361102, 0.000144534074934, -0.00235760537907], [0.000498071371112, -0.000349416251993, 0.0010652539786, -0.00382201047614, 1.527483073e-005, 0.00500134285539, -0.00442450493574, -0.00310935429297, 0.0164807215333, -0.00655480148271, 0.00103760045022, 0.000506242271513, 0.000612173578702], [-0.00014007439313, -0.000177423862624, -0.00233201333322, 0.00169436668511, -0.00146673305426, -0.000363514467608, 0.00476996507496, -0.00288812257349, -0.00655480148271, 0.02246642299, -0.0105459410697, 0.00298660388216, 0.00122141838074], [0.00023413564486, -4.34369758295e-006, 0.000929030298721, -0.00058336177608, 0.00315972440876, -0.00304297963157, -0.000595772638917, 0.000269567361102, 0.00103760045022, -0.0105459410697, 0.0267975255847, -0.0119829503819, 0.00211902312003], [9.81966077234e-005, -0.00052631739527, -0.000606779882219, 0.000188098376384, -0.00127652252559, 0.00256214034744, -0.00235270150006, 0.000144534074934, 0.000506242271513, 0.00298660388216, -0.0119829503819, 0.0273811016232, -0.0105845434591], [8.73904646141e-005, -4.40879302914e-005, -0.00178549869452, -0.000685814185999, 0.000220278539928, -0.00120892236009, 0.00197453703731, -0.00235760537907, 0.000612173578702, 0.00122141838074, 0.00211902312003, -0.0105845434591, 0.0253800414503]]
    sccoeffs:
        dmean: [0.0489871092141, 0.0463877618313, 0.0383371040225, 0.0315111316741, 0.0211527589709, 0.0185193885118]
        dmean2: [0.0819026604295, 0.0758873596787, 0.0622762143612, 0.0519776903093, 0.0348515436053, 0.0299339294434]
        dvar: [0.00168598699383, 0.00137232441921, 0.000944597821217, 0.000636156299151, 0.000294173834845, 0.000309972034302]
        dvar2: [0.00471163354814, 0.00367161515169, 0.0024302075617, 0.0016527272528, 0.000755091838073, 0.000700379081536]
        max: [-0.338756322861, -0.455029577017, -0.467045336962, -0.513778984547, -0.515215754509, -0.531019866467]
        mean: [-0.64727139473, -0.761449694633, -0.781151652336, -0.772599935532, -0.782499790192, -0.707925438881]
        median: [-0.650770485401, -0.7667760849, -0.788178801537, -0.775702238083, -0.786243915558, -0.708593964577]
        min: [-0.973282575607, -0.978716254234, -0.973613202572, -0.967860817909, -0.965842068195, -0.962341070175]
        var: [0.00521501107141, 0.00419820379466, 0.00339398579672, 0.00234615150839, 0.00133440562058, 0.00200842064805]
    scvalleys:
        dmean: [0.367110431194, 0.342047154903, 0.281456321478, 0.234906956553, 0.194742545485, 0.219697609544]
        dmean2: [0.606521904469, 0.558947920799, 0.456762939692, 0.375866174698, 0.315726876259, 0.32939696312]
        dvar: [0.102306745946, 0.095993436873, 0.0673824101686, 0.0563632324338, 0.0569141246378, 0.1053230986]
        dvar2: [0.247095823288, 0.220271289349, 0.14119105041, 0.109397217631, 0.119707539678, 0.198893204331]
        max: [-5.27596855164, -4.89367437363, -5.3602643013, -5.60250711441, -5.29399013519, -7.5111413002]
        mean: [-6.97886657715, -6.94614648819, -7.10678482056, -7.07552719116, -6.79725694656, -9.72637081146]
        median: [-6.78255462646, -6.77370691299, -6.91359424591, -6.88878917694, -6.56061172485, -9.39450454712]
        min: [-27.9474391937, -27.886680603, -27.6303062439, -27.562877655, -27.5923614502, -27.3936786652]
        var: [2.12864232063, 2.15375232697, 2.10082530975, 2.2106962204, 2.2108771801, 2.27127170563]

rhythm:
    beats_loudness:
        dmean: 0.0025581473019
        dmean2: 0.00493592303246
        dvar: 2.90143839266e-006
        dvar2: 9.60824399954e-006
        max: 0.0137995993719
        mean: 0.0058912425302
        median: 0.00579915754497
        min: 1.27868002645e-011
        var: 5.99131772105e-006
    bpm: 92.8611373901
    bpm_confidence: 0
    first_peak_bpm: 92
    first_peak_spread: 0.430985957384
    first_peak_weight: 0.559556782246
    onset_rate: 2.37575340271
    second_peak_bpm: 112
    second_peak_spread: 0.5
    second_peak_weight: 0.00831024907529
    beats_loudness_band_ratio:
        dmean: [0.0895029827952, 0.181382492185, 0.0575783737004, 0.0825759619474, 0.115183629096, 0.0785967931151]
        dmean2: [0.154567450285, 0.349437087774, 0.102313600481, 0.151102408767, 0.208102479577, 0.138656929135]
        dvar: [0.00672138342634, 0.013547282666, 0.00429492909461, 0.00838541146368, 0.00958887953311, 0.00764634087682]
        dvar2: [0.0166492816061, 0.0478349514306, 0.0126410732046, 0.0264355260879, 0.0300156585872, 0.0219954960048]
        max: [0.733128905296, 0.561173081398, 0.434314668179, 0.495470970869, 0.734560966492, 0.794394254684]
        mean: [0.168919056654, 0.179206639528, 0.0741879120469, 0.10088981688, 0.280827671289, 0.246511727571]
        median: [0.132361128926, 0.147217333317, 0.0517354011536, 0.0634977892041, 0.255123496056, 0.237047195435]
        min: [0, 0, 0, 0, 0, 0]
        var: [0.0161684677005, 0.017815027386, 0.00425875326619, 0.00779205188155, 0.0133475679904, 0.0125879356638]
    beats_position: [0.66176867485, 1.34675729275, 2.03174591064, 2.71673464775, 3.40172338486, 4.07510185242, 4.72526073456, 5.3754196167, 6.025578022, 6.66412687302, 7.31428575516, 7.96444416046, 8.60299301147, 9.24154186249, 9.89170074463, 10.5418596268, 11.1920175552, 11.8305664063, 12.4691152573, 13.1192741394, 13.7694330215, 14.4079818726, 15.0465307236, 15.696688652, 16.3352375031, 16.9737873077, 17.6239452362, 18.2741031647, 18.9242630005, 19.574420929, 20.2245807648, 20.8631286621, 21.5016784668, 22.1518363953, 22.8019943237, 23.4405441284, 24.0790920258, 24.7292518616, 25.37940979, 26.0295696259, 26.6797275543, 27.3182754517, 27.9568252563, 28.6069831848, 29.2571430206, 29.895690918, 30.5342407227, 31.1843986511, 31.8345565796, 32.4731063843, 33.111656189, 33.7618141174, 34.4119720459, 35.0621299744, 35.7122879028, 36.3508377075, 36.9893875122, 37.6395454407, 38.2897033691, 38.9282531738, 39.5668029785, 40.216960907, 40.8671188354, 41.5172767639, 42.1674385071, 42.8059844971, 43.4445343018, 44.0946922302, 44.7448501587, 45.3833999634, 46.0219497681, 46.6721076965, 47.322265625, 47.9608154297, 48.5993652344, 49.2495231628, 49.8996810913, 50.538230896, 51.1767807007, 51.8269386292, 52.4770965576, 53.1156463623, 53.7541923523, 54.4043540955, 55.0545120239, 55.7046699524, 56.3548278809, 57.0049858093, 57.6551475525, 58.2936935425, 58.9322433472, 59.5824012756, 60.2325630188, 60.8711090088, 61.5096588135, 62.1598167419, 62.7983665466, 63.4369163513, 64.0754623413, 64.714012146, 65.3641738892, 66.0143280029, 66.6644897461, 67.3146438599, 67.964805603, 68.6149673462, 69.26512146, 69.9036712646, 70.5422210693, 71.1923828125, 71.8425369263, 72.481086731, 73.1196365356, 73.7697982788, 74.4083404541, 75.0585021973, 75.697052002, 76.3472061157, 76.9973678589, 77.6359176636, 78.2744674683, 78.924621582, 79.5747833252, 80.2133331299, 80.8518829346, 81.5020370483, 82.1521987915, 82.8023605347, 83.44090271, 84.0910644531, 84.7296142578, 85.3797683716, 86.0299301147, 86.6684799194, 87.3070297241, 87.9571838379, 88.6073455811, 89.2575073242, 89.8960494995, 90.5345993042, 91.1847610474, 91.8349151611, 92.4734649658, 93.1120147705, 93.7621765137, 94.4123306274, 95.0624923706, 95.7010421753, 96.33959198, 96.9897460938, 97.6399078369, 98.2900695801, 98.9286117554, 99.5671615601, 100.217323303, 100.867477417, 101.51763916, 102.156188965, 102.79473877, 103.444892883, 104.095054626, 104.733604431, 105.372154236, 106.02230835, 106.672470093, 107.311019897, 107.949569702, 108.599723816, 109.249885559, 109.900039673, 110.550201416, 111.188751221, 111.827301025, 112.477455139, 113.116004944, 113.754554749, 114.404716492, 115.054870605, 115.705032349, 116.355194092, 116.993736267, 117.632286072, 118.282447815, 118.92099762, 119.559547424, 120.209701538, 120.859863281, 121.510017395, 122.160179138, 122.798728943, 123.437278748, 124.087432861, 124.737594604, 125.376144409, 126.014694214, 126.664848328, 127.315010071, 127.953559875, 128.603713989, 129.253875732, 129.892425537, 130.54258728, 131.192733765, 131.842895508, 132.469833374, 133.119995117, 133.77015686, 134.420318604, 135.058868408, 135.697418213, 136.347564697, 136.99772644, 137.636276245, 138.27482605, 138.924987793, 139.563537598, 140.213699341, 140.852249146, 141.50239563, 142.152557373, 142.791107178, 143.441268921, 144.079818726, 144.729980469, 145.380126953, 146.030288696, 146.680450439, 147.319000244, 147.957550049, 148.607711792, 149.257858276, 149.884811401, 150.534957886, 151.185119629, 151.846893311, 152.508651733, 153.158813477, 153.820587158, 154.48236084, 155.109298706, 155.736236572, 156.281906128, 156.815963745, 157.350021362, 157.884078979, 158.406524658, 158.928970337, 159.567520142, 160.206069946, 160.856231689, 161.494781494, 162.144943237, 162.80670166, 163.468475342, 164.118637085, 164.768798828, 165.395736694, 166.022674561, 166.672836304, 167.322982788, 167.961532593, 168.611694336, 169.250244141, 169.888793945, 170.538955688, 171.177505493, 171.827667236, 172.477813721, 173.127975464, 173.766525269, 174.405075073, 175.055236816, 175.70539856, 176.343948364, 176.982498169, 177.632644653, 178.282806396, 178.93296814, 179.571517944, 180.210067749, 180.848617554, 181.498779297, 182.148925781, 182.787475586, 183.437637329, 184.087799072, 184.737960815, 185.3881073, 186.038269043, 186.676818848, 187.315368652, 187.953918457, 188.592468262, 189.242630005, 189.892791748, 190.542938232, 191.181488037, 191.820037842, 192.470199585, 193.120361328, 193.770523071, 194.420669556, 195.05921936, 195.697769165, 196.347930908, 196.986480713, 197.625030518, 198.275192261, 198.925354004, 199.575500488, 200.214050293, 200.864212036, 201.502761841, 202.152923584, 202.803085327, 203.453231812, 204.091781616, 204.730331421, 205.380493164, 206.030654907, 206.669204712, 207.307754517, 207.95791626, 208.608062744, 209.246612549, 209.885162354, 210.535324097, 211.18548584, 211.835647583, 212.474197388, 213.112747192, 213.762893677, 214.41305542, 215.063217163, 215.701766968, 216.340316772, 216.990478516, 217.640625, 218.279174805, 218.929336548, 219.579498291, 220.218048096, 220.868209839, 221.518356323, 222.156906128, 222.795455933, 223.445617676, 224.095779419, 224.734329224, 225.372879028, 226.023040771, 226.673187256, 227.311737061, 227.950286865, 228.600448608, 229.250610352, 229.912384033, 230.574142456, 231.247528076, 231.920898438, 232.594284058, 233.267654419]
