
metadata:
    version:
        essentia: "2.1-beta2"
    audio_properties:
        analysis_sample_rate: 44100
        bitrate: 320
        channels: 2
        equal_loudness: 1
        length: 200.097961426
        replay_gain: -15.8493461609
        downmix: "mix"
    tags:
        album: "The Sound Of Madness"
        artist: "Shinedown"
        comment: ""
        date: "2008"
        genre: "Post Grunge"
        title: "Cry For Help"
        tracknumber: "4"

configuration:
    average_loudness:
        compute: 1
        frameSize: 88200
        hopSize: 44100
        silentFrames: "noise"
        windowType: "hann"
    general:
        analysisSampleRate: 44100
        endTime: 2000
        equalLoudness: 1
        nequalLoudness: 0
        shortSound: 0
        startTime: 0
    lowlevel:
        compute: 1
        frameSize: 2048
        hopSize: 1024
        zeroPadding: 0
        silentFrames: "noise"
        windowType: "blackmanharris62"
        mfccStats: ["mean", "cov", "icov"]
        stats: ["mean", "var", "median", "min", "max", "dmean", "dmean2", "dvar", "dvar2"]
    panning:
        compute: 0
        frameSize: 8192
        hopSize: 2048
        zeroPadding: 8192
        silentFrames: "noise"
        windowType: "hann"
        stats: ["copy"]
    rhythm:
        compute: 1
        maxTempo: 208
        minTempo: 40
        method: "degara"
        stats: ["mean", "var", "median", "min", "max", "dmean", "dmean2", "dvar", "dvar2"]
    segmentation:
        compute: 0
        cpw: 5
        inc1: 300
        inc2: 50
        minimumSegmentsLength: 10
        size1: 1000
        size2: 600
    sfx:
        compute: 1
        stats: ["mean", "var", "median", "min", "max", "dmean", "dmean2", "dvar", "dvar2"]
    svm:
        compute: 0
    tonal:
        compute: 1
        frameSize: 4096
        hopSize: 2048
        zeroPadding: 0
        silentFrames: "noise"
        windowType: "blackmanharris62"
        stats: ["mean", "var", "median", "min", "max", "dmean", "dmean2", "dvar", "dvar2"]

lowlevel:
    average_loudness: 0.946167707443
    barkbands_kurtosis:
        dmean: 0.613209605217
        dmean2: 0.997622787952
        dvar: 0.724535882473
        dvar2: 1.65027058125
        max: 28.8849925995
        mean: -0.440227180719
        median: -0.941433846951
        min: -1.89781701565
        var: 3.5191693306
    barkbands_skewness:
        dmean: 0.320373684168
        dmean2: 0.513894557953
        dvar: 0.0844493731856
        dvar2: 0.206651240587
        max: 5.0802693367
        mean: -0.540748357773
        median: -0.562658965588
        min: -3.62745666504
        var: 0.478523999453
    barkbands_spread:
        dmean: 5.27597093582
        dmean2: 8.55097675323
        dvar: 24.5517463684
        dvar2: 64.0414962769
        max: 69.5254974365
        mean: 33.2770996094
        median: 33.283241272
        min: 2.7599067688
        var: 101.595504761
    dissonance:
        dmean: 0.008440438658
        dmean2: 0.0144160864875
        dvar: 0.000111734436359
        dvar2: 0.000318571255775
        max: 0.499999880791
        mean: 0.486679315567
        median: 0.489045470953
        min: 0.0703226551414
        var: 0.000125878243125
    hfc:
        dmean: 2.94210839272
        dmean2: 5.09218502045
        dvar: 12.8450613022
        dvar2: 35.9963912964
        max: 42.3365592957
        mean: 12.238483429
        median: 12.1798419952
        min: 1.12019247007e-016
        var: 33.4264755249
    pitch:
        dmean: 1044.93554688
        dmean2: 1978.54077148
        dvar: 1816653.25
        dvar2: 4590798.5
        max: 4594.82568359
        mean: 1286.20727539
        median: 386.170196533
        min: 69.2503738403
        var: 2089384.375
    pitch_instantaneous_confidence:
        dmean: 0.0713235288858
        dmean2: 0.117867350578
        dvar: 0.00360997393727
        dvar2: 0.00921267829835
        max: 0.853197932243
        mean: 0.307000666857
        median: 0.284345567226
        min: 0.0937111973763
        var: 0.0114082014188
    pitch_salience:
        dmean: 0.0457120463252
        dmean2: 0.07619420439
        dvar: 0.00152748555411
        dvar2: 0.00403855927289
        max: 0.986924827099
        mean: 0.695105552673
        median: 0.703696608543
        min: 0.203608453274
        var: 0.00397451315075
    silence_rate_20dB:
        dmean: 0
        dmean2: 0
        dvar: 0
        dvar2: 0
        max: 1
        mean: 1
        median: 1
        min: 1
        var: 0
    silence_rate_30dB:
        dmean: 0
        dmean2: 0
        dvar: 0
        dvar2: 0
        max: 1
        mean: 1
        median: 1
        min: 1
        var: 0
    silence_rate_60dB:
        dmean: 0.0297052673995
        dmean2: 0.0594174303114
        dvar: 0.028825102374
        dvar2: 0.0691226273775
        max: 1
        mean: 0.123216152191
        median: 0
        min: 0
        var: 0.108029551804
    spectral_centroid:
        dmean: 230.943664551
        dmean2: 374.482269287
        dvar: 56273.3359375
        dvar2: 137033.453125
        max: 11697.7314453
        mean: 2147.4855957
        median: 2157.1940918
        min: 198.449401855
        var: 467686.15625
    spectral_complexity:
        dmean: 4.41332101822
        dmean2: 7.40350484848
        dvar: 16.6677818298
        dvar2: 43.6700286865
        max: 52
        mean: 23.6378936768
        median: 25
        min: 0
        var: 80.8980178833
    spectral_crest:
        dmean: 1.46574902534
        dmean2: 2.4606795311
        dvar: 2.07066941261
        dvar2: 5.25886249542
        max: 20.9365215302
        mean: 5.46418046951
        median: 4.8573589325
        min: 2.42028689384
        var: 4.78677654266
    spectral_decrease:
        dmean: 2.74112260668e-010
        dmean2: 4.59565080435e-010
        dvar: 1.02829678305e-019
        dvar2: 2.73743377907e-019
        max: 1.59841400176e-028
        mean: -1.2292311613e-009
        median: -1.23621901604e-009
        min: -3.82762843643e-009
        var: 2.84455547785e-019
    spectral_energy:
        dmean: 0.00126511021517
        dmean2: 0.00213712477125
        dvar: 2.22828862206e-006
        dvar2: 6.02553018325e-006
        max: 0.0178324915469
        mean: 0.00574946589768
        median: 0.00579924276099
        min: 1.03416462783e-020
        var: 6.18388139628e-006
    spectral_energyband_high:
        dmean: 0.000255304010352
        dmean2: 0.00044688017806
        dvar: 1.104185543e-007
        dvar2: 3.20497889561e-007
        max: 0.00401271786541
        mean: 0.00075999571709
        median: 0.000719481380656
        min: 7.34625968254e-021
        var: 1.8325758333e-007
    spectral_energyband_low:
        dmean: 0.000231932135648
        dmean2: 0.000394784583477
        dvar: 1.09660781789e-007
        dvar2: 3.04014946551e-007
        max: 0.0031717249658
        mean: 0.000428921746789
        median: 0.000353998388164
        min: 1.5376508319e-023
        var: 1.3374908292e-007
    spectral_energyband_middle_high:
        dmean: 0.000825544120744
        dmean2: 0.00137487018947
        dvar: 7.71594500293e-007
        dvar2: 2.0222466901e-006
        max: 0.0120738781989
        mean: 0.00337614677846
        median: 0.0033211663831
        min: 1.32460716833e-021
        var: 3.23654353451e-006
    spectral_energyband_middle_low:
        dmean: 0.000557475781534
        dmean2: 0.000907263718545
        dvar: 6.12015128354e-007
        dvar2: 1.5525197341e-006
        max: 0.011439813301
        mean: 0.00130800099578
        median: 0.00103008677252
        min: 2.23678846481e-022
        var: 1.05829030872e-006
    spectral_flatness_db:
        dmean: 0.0104661621153
        dmean2: 0.0168306063861
        dvar: 8.22302899905e-005
        dvar2: 0.000199123547645
        max: 0.277723163366
        mean: 0.129798531532
        median: 0.124740764499
        min: 0.0616124644876
        var: 0.000764253200032
    spectral_flux:
        dmean: 0.00660475390032
        dmean2: 0.0104228528216
        dvar: 4.9039375881e-005
        dvar2: 9.88137690001e-005
        max: 0.0975922495127
        mean: 0.0461546368897
        median: 0.0468859486282
        min: 6.522865581e-011
        var: 0.000219123903662
    spectral_kurtosis:
        dmean: 0.778479337692
        dmean2: 1.32262408733
        dvar: 0.880919158459
        dvar2: 2.57529973984
        max: 25.6544075012
        mean: 3.55319809914
        median: 3.37373566628
        min: -1.26377546787
        var: 2.21728157997
    spectral_rms:
        dmean: 0.000246922165388
        dmean2: 0.000412066467106
        dvar: 7.14271166657e-008
        dvar2: 1.88893167774e-007
        max: 0.00417103758082
        mean: 0.00228493497707
        median: 0.0023786125239
        min: 3.17638341844e-012
        var: 3.88312173527e-007
    spectral_rolloff:
        dmean: 283.815826416
        dmean2: 471.541595459
        dvar: 114497.117188
        dvar2: 262356.28125
        max: 19573.6816406
        mean: 3799.14819336
        median: 3768.31054688
        min: 129.19921875
        var: 1104253.75
    spectral_skewness:
        dmean: 0.126384913921
        dmean2: 0.212128803134
        dvar: 0.0131300250068
        dvar2: 0.0358909852803
        max: 2.77267670631
        mean: 1.26575767994
        median: 1.26612234116
        min: -0.105254404247
        var: 0.0510290712118
    spectral_spread:
        dmean: 332635.1875
        dmean2: 509461.625
        dvar: 305040162816
        dvar2: 548710547456
        max: 42376796
        mean: 4613804.5
        median: 4463411.5
        min: 1333991.125
        var: 5.66027196826e+012
    spectral_strongpeak:
        dmean: 0.575458645821
        dmean2: 0.995706856251
        dvar: 0.59167766571
        dvar2: 1.56475329399
        max: 8.60226154327
        mean: 0.798455893993
        median: 0.322973519564
        min: 1.77084652497e-010
        var: 0.928107440472
    zerocrossingrate:
        dmean: 0.00659038033336
        dmean2: 0.00820037070662
        dvar: 4.43205644842e-005
        dvar2: 5.74766054342e-005
        max: 0.5302734375
        mean: 0.116914667189
        median: 0.11669921875
        min: 0.0166015625
        var: 0.000851253862493
    barkbands:
        dmean: [4.95967867664e-007, 8.53168239701e-005, 0.000133016903419, 0.000132283501443, 0.000252523605013, 0.000145955607877, 0.00017805666721, 6.67477870593e-005, 8.88115828275e-005, 9.22369072214e-005, 8.26135001262e-005, 0.000124589729239, 7.06213031663e-005, 8.54007230373e-005, 0.000116693750897, 0.000204989686608, 0.000281419284875, 0.000246341660386, 0.000279654050246, 0.000207649005461, 0.00014595646644, 3.72144168068e-005, 6.19673164692e-006, 2.22982157538e-006, 1.18799698612e-006, 5.24289731629e-008, 5.77323633344e-010]
        dmean2: [8.03101443125e-007, 0.000150825173478, 0.000224736781092, 0.000222326867515, 0.00041821191553, 0.000243909205892, 0.000302082888084, 0.000113743146358, 0.000143220604514, 0.000148653547512, 0.000133950146846, 0.000199647896807, 0.000116696668556, 0.000142151562613, 0.000188833626453, 0.000342488056049, 0.000471842417028, 0.000411590561271, 0.000478310335893, 0.000361293699825, 0.0002537969267, 6.41978840576e-005, 1.01235327747e-005, 3.52564325112e-006, 1.89110812698e-006, 8.33370989994e-008, 9.49961997954e-010]
        dvar: [1.13192094586e-012, 2.84435373032e-008, 3.41141017657e-008, 3.23213669162e-008, 1.73079143906e-007, 6.85871199835e-008, 1.44942305269e-007, 2.36744792659e-008, 2.51094878223e-008, 3.77760649428e-008, 3.23770734667e-008, 6.48361293543e-008, 1.44727412277e-008, 1.85517787799e-008, 3.92805503679e-008, 7.26974249687e-008, 1.19307387081e-007, 1.12252976692e-007, 1.22639818301e-007, 7.11827041755e-008, 3.02675466912e-008, 2.56718823977e-009, 1.60156957141e-010, 3.29095119211e-011, 1.10879517373e-011, 1.20313398391e-014, 5.53833660955e-019]
        dvar2: [2.62097353369e-012, 7.90189318423e-008, 9.57435304372e-008, 8.77292691825e-008, 4.41594465883e-007, 1.73192916009e-007, 3.89598397987e-007, 6.22310594167e-008, 6.15496205114e-008, 8.64151203928e-008, 8.04893289796e-008, 1.55364830334e-007, 3.93198256177e-008, 4.92256440054e-008, 9.65160253941e-008, 1.90324314531e-007, 3.19932183857e-007, 2.92423351311e-007, 3.24211271163e-007, 2.03356975703e-007, 8.80092798639e-008, 7.15224679482e-009, 3.55698359655e-010, 6.65971236491e-011, 2.65418121509e-011, 2.83477905592e-014, 1.40960675366e-018]
        max: [6.62238880977e-006, 0.00130655965768, 0.00223507359624, 0.00440849550068, 0.0104850269854, 0.0050579267554, 0.00455145351589, 0.00316311279312, 0.00319178123027, 0.00479172263294, 0.00531913293526, 0.00475264480338, 0.00203719851561, 0.00241224747151, 0.0038021649234, 0.00752431340516, 0.00527542177588, 0.00539529882371, 0.00850520655513, 0.0035787273664, 0.00219377339818, 0.000718779745512, 0.000316994002787, 0.000153515313286, 0.000152401073137, 3.52206075149e-006, 1.42544429593e-008]
        mean: [4.26572086099e-007, 0.000109384534881, 0.000231029145652, 0.000183371375897, 0.000418515817728, 0.00022410058591, 0.000211856720853, 8.02059003036e-005, 0.000146052043419, 0.000153145272634, 0.000143853787449, 0.00022020986944, 0.000121816330648, 0.000143873490742, 0.000213270031963, 0.000440898380475, 0.000607360037975, 0.000524570001289, 0.000605753797572, 0.000490575039294, 0.000370712572476, 8.68111237651e-005, 1.36698272399e-005, 5.04595800521e-006, 2.83176473204e-006, 1.16767495228e-007, 1.24891585962e-009]
        median: [6.58649454977e-008, 4.47480633738e-005, 0.000180605464266, 0.00012610432168, 0.000264233734924, 0.000140326155815, 0.000105839433672, 3.26794106513e-005, 9.72854104475e-005, 7.82225106377e-005, 6.42345403321e-005, 0.000100726982055, 7.47379672248e-005, 9.60135585046e-005, 0.000121318807942, 0.000337756267982, 0.000489167287014, 0.000384847313398, 0.000505076546688, 0.00043910156819, 0.000344273546943, 7.68796089687e-005, 1.08924741653e-005, 3.9037249735e-006, 2.15374370782e-006, 7.49723838567e-008, 1.01283015308e-009]
        min: [1.11937508628e-024, 4.99530627671e-024, 1.07948870119e-024, 4.33097061526e-025, 8.97062644703e-024, 1.02270688766e-023, 1.1047978045e-023, 1.00634283593e-023, 2.37790444737e-023, 1.47853138685e-023, 1.53066120874e-023, 2.50805419051e-023, 1.97790006138e-023, 2.74376141137e-023, 5.25339458586e-023, 7.49323196651e-023, 1.02218166407e-022, 1.37693171895e-022, 1.31412046797e-022, 1.84922387887e-022, 2.46596278141e-022, 3.26290919537e-022, 4.39642507091e-022, 5.46349613904e-022, 8.87275506198e-022, 1.29753124063e-021, 2.00448258498e-021]
        var: [1.05583532369e-012, 2.67381636831e-008, 4.65258445104e-008, 3.97127521978e-008, 2.63983082505e-007, 9.10942503651e-008, 1.2716601816e-007, 2.64775863457e-008, 3.55819018694e-008, 8.89575986207e-008, 9.21871006199e-008, 1.58008120366e-007, 2.43714612935e-008, 2.75424643092e-008, 8.092212056e-008, 1.60291847351e-007, 2.39408194602e-007, 2.40615179337e-007, 2.19641989929e-007, 1.01340006609e-007, 4.9118529688e-008, 4.43309922105e-009, 2.87057128068e-010, 6.0134563995e-011, 1.50080919914e-011, 2.43816756742e-014, 1.29472780679e-018]
    frequency_bands:
        dmean: [4.95967867664e-007, 8.53168239701e-005, 0.000133016903419, 0.000132283501443, 0.000252523605013, 0.000145955607877, 0.00017805666721, 6.67477870593e-005, 8.88115828275e-005, 9.22369072214e-005, 8.26135001262e-005, 0.000124589729239, 7.06213031663e-005, 8.54007230373e-005, 0.000116693750897, 0.000204989686608, 0.000281419284875, 0.000246341660386, 0.000279654050246, 0.000207649005461, 0.00014595646644, 3.72144168068e-005, 6.19673164692e-006, 2.22982157538e-006, 1.18799698612e-006, 5.24289731629e-008, 5.77323633344e-010, 6.83073111962e-011]
        dmean2: [8.03101443125e-007, 0.000150825173478, 0.000224736781092, 0.000222326867515, 0.00041821191553, 0.000243909205892, 0.000302082888084, 0.000113743146358, 0.000143220604514, 0.000148653547512, 0.000133950146846, 0.000199647896807, 0.000116696668556, 0.000142151562613, 0.000188833626453, 0.000342488056049, 0.000471842417028, 0.000411590561271, 0.000478310335893, 0.000361293699825, 0.0002537969267, 6.41978840576e-005, 1.01235327747e-005, 3.52564325112e-006, 1.89110812698e-006, 8.33370989994e-008, 9.49961997954e-010, 1.26602353601e-010]
        dvar: [1.13192094586e-012, 2.84435373032e-008, 3.41141017657e-008, 3.23213669162e-008, 1.73079143906e-007, 6.85871199835e-008, 1.44942305269e-007, 2.36744792659e-008, 2.51094878223e-008, 3.77760649428e-008, 3.23770734667e-008, 6.48361293543e-008, 1.44727412277e-008, 1.85517787799e-008, 3.92805503679e-008, 7.26974249687e-008, 1.19307387081e-007, 1.12252976692e-007, 1.22639818301e-007, 7.11827041755e-008, 3.02675466912e-008, 2.56718823977e-009, 1.60156957141e-010, 3.29095119211e-011, 1.10879517373e-011, 1.20313398391e-014, 5.53833660955e-019, 9.09556088557e-021]
        dvar2: [2.62097353369e-012, 7.90189318423e-008, 9.57435304372e-008, 8.77292691825e-008, 4.41594465883e-007, 1.73192916009e-007, 3.89598397987e-007, 6.22310594167e-008, 6.15496205114e-008, 8.64151203928e-008, 8.04893289796e-008, 1.55364830334e-007, 3.93198256177e-008, 4.92256440054e-008, 9.65160253941e-008, 1.90324314531e-007, 3.19932183857e-007, 2.92423351311e-007, 3.24211271163e-007, 2.03356975703e-007, 8.80092798639e-008, 7.15224679482e-009, 3.55698359655e-010, 6.65971236491e-011, 2.65418121509e-011, 2.83477905592e-014, 1.40960675366e-018, 2.87973495231e-020]
        max: [6.62238880977e-006, 0.00130655965768, 0.00223507359624, 0.00440849550068, 0.0104850269854, 0.0050579267554, 0.00455145351589, 0.00316311279312, 0.00319178123027, 0.00479172263294, 0.00531913293526, 0.00475264480338, 0.00203719851561, 0.00241224747151, 0.0038021649234, 0.00752431340516, 0.00527542177588, 0.00539529882371, 0.00850520655513, 0.0035787273664, 0.00219377339818, 0.000718779745512, 0.000316994002787, 0.000153515313286, 0.000152401073137, 3.52206075149e-006, 1.42544429593e-008, 1.2876393285e-009]
        mean: [4.26572086099e-007, 0.000109384534881, 0.000231029145652, 0.000183371375897, 0.000418515817728, 0.00022410058591, 0.000211856720853, 8.02059003036e-005, 0.000146052043419, 0.000153145272634, 0.000143853787449, 0.00022020986944, 0.000121816330648, 0.000143873490742, 0.000213270031963, 0.000440898380475, 0.000607360037975, 0.000524570001289, 0.000605753797572, 0.000490575039294, 0.000370712572476, 8.68111237651e-005, 1.36698272399e-005, 5.04595800521e-006, 2.83176473204e-006, 1.16767495228e-007, 1.24891585962e-009, 5.25358714865e-011]
        median: [6.58649454977e-008, 4.47480633738e-005, 0.000180605464266, 0.00012610432168, 0.000264233734924, 0.000140326155815, 0.000105839433672, 3.26794106513e-005, 9.72854104475e-005, 7.82225106377e-005, 6.42345403321e-005, 0.000100726982055, 7.47379672248e-005, 9.60135585046e-005, 0.000121318807942, 0.000337756267982, 0.000489167287014, 0.000384847313398, 0.000505076546688, 0.00043910156819, 0.000344273546943, 7.68796089687e-005, 1.08924741653e-005, 3.9037249735e-006, 2.15374370782e-006, 7.49723838567e-008, 1.01283015308e-009, 1.95853680496e-011]
        min: [1.11937508628e-024, 4.99530627671e-024, 1.07948870119e-024, 4.33097061526e-025, 8.97062644703e-024, 1.02270688766e-023, 1.1047978045e-023, 1.00634283593e-023, 2.37790444737e-023, 1.47853138685e-023, 1.53066120874e-023, 2.50805419051e-023, 1.97790006138e-023, 2.74376141137e-023, 5.25339458586e-023, 7.49323196651e-023, 1.02218166407e-022, 1.37693171895e-022, 1.31412046797e-022, 1.84922387887e-022, 2.46596278141e-022, 3.26290919537e-022, 4.39642507091e-022, 5.46349613904e-022, 8.87275506198e-022, 1.29753124063e-021, 2.00448258498e-021, 5.70232131685e-022]
        var: [1.05583532369e-012, 2.67381636831e-008, 4.65258445104e-008, 3.97127521978e-008, 2.63983082505e-007, 9.10942503651e-008, 1.2716601816e-007, 2.64775863457e-008, 3.55819018694e-008, 8.89575986207e-008, 9.21871006199e-008, 1.58008120366e-007, 2.43714612935e-008, 2.75424643092e-008, 8.092212056e-008, 1.60291847351e-007, 2.39408194602e-007, 2.40615179337e-007, 2.19641989929e-007, 1.01340006609e-007, 4.9118529688e-008, 4.43309922105e-009, 2.87057128068e-010, 6.0134563995e-011, 1.50080919914e-011, 2.43816756742e-014, 1.29472780679e-018, 7.25271961086e-021]
    mfcc:
        mean: [-683.146789551, 88.0451660156, -57.4828071594, 56.0104217529, -12.5212440491, 0.262122660875, -0.162437006831, -4.20084285736, 2.12569880486, -10.1135091782, -8.64160060883, -2.52631807327, -2.92958259583]
        cov: [[6492.26806641, 734.548583984, -305.884094238, 456.431274414, -102.228050232, 174.138839722, -78.8161239624, 13.9293851852, 24.9636821747, -115.563514709, -72.3225479126, -51.8297157288, 9.81021308899], [734.548583984, 629.457519531, -157.878952026, 154.136917114, -72.0631790161, -26.9990100861, 3.43023753166, -63.9788322449, 0.706816315651, -33.0607414246, -36.4245910645, 7.24454164505, -4.8750500679], [-305.884094238, -157.878952026, 403.836608887, -17.6195487976, 59.633934021, 31.6872062683, -27.6274356842, 19.1716098785, 10.09562397, 38.491519928, 35.6698570251, 13.3655872345, 29.7694797516], [456.431274414, 154.136917114, -17.6195487976, 185.820846558, 20.1294364929, 10.3088378906, -16.0060062408, -14.6316137314, 13.8179807663, 3.82760190964, -1.55202198029, -3.4966006279, 7.21048355103], [-102.228050232, -72.0631790161, 59.633934021, 20.1294364929, 114.136413574, 43.4295043945, 6.40468597412, 23.3100738525, 13.5339632034, 18.3230838776, 15.8296842575, 8.19473361969, 5.28808832169], [174.138839722, -26.9990100861, 31.6872062683, 10.3088378906, 43.4295043945, 103.348701477, 45.8238830566, 28.3135623932, 11.6145553589, 2.95131659508, 9.07046127319, 6.34683132172, 11.7426738739], [-78.8161239624, 3.43023753166, -27.6274356842, -16.0060062408, 6.40468597412, 45.8238830566, 92.3999176025, 37.0734443665, 9.99252223969, -3.61477327347, 2.39827227592, 12.2410745621, 4.40763711929], [13.9293851852, -63.9788322449, 19.1716098785, -14.6316137314, 23.3100738525, 28.3135623932, 37.0734443665, 78.7072525024, 28.7036056519, 10.1206378937, 12.9329366684, 4.12028932571, 8.04498577118], [24.9636821747, 0.706816315651, 10.09562397, 13.8179807663, 13.5339632034, 11.6145553589, 9.99252223969, 28.7036056519, 62.7894592285, 26.0947418213, 6.848549366, -0.768684744835, 0.785853505135], [-115.563514709, -33.0607414246, 38.491519928, 3.82760190964, 18.3230838776, 2.95131659508, -3.61477327347, 10.1206378937, 26.0947418213, 59.7716026306, 29.7144908905, 3.35407376289, 2.95586895943], [-72.3225479126, -36.4245910645, 35.6698570251, -1.55202198029, 15.8296842575, 9.07046127319, 2.39827227592, 12.9329366684, 6.848549366, 29.7144908905, 58.0658493042, 24.6408481598, 9.07744216919], [-51.8297157288, 7.24454164505, 13.3655872345, -3.4966006279, 8.19473361969, 6.34683132172, 12.2410745621, 4.12028932571, -0.768684744835, 3.35407376289, 24.6408481598, 52.8378448486, 24.6994724274], [9.81021308899, -4.8750500679, 29.7694797516, 7.21048355103, 5.28808832169, 11.7426738739, 4.40763711929, 8.04498577118, 0.785853505135, 2.95586895943, 9.07744216919, 24.6994724274, 48.9150276184]]
        icov: [[0.00026901459205, -0.000192854306079, 0.000160119598149, -0.000467094418127, 0.000490094185807, -0.000962524150964, 0.000896792043932, -0.000615803757682, 2.45801347774e-005, 0.000385970604839, -1.25502365336e-005, 5.92183969275e-005, 4.5496130042e-005], [-0.000192854306079, 0.00289883022197, 0.000375659554265, -0.00200348510407, 0.00115804816596, 0.000846091890708, -0.00162491132505, 0.00223990320228, -0.000978947849944, 0.000226044328883, 0.00102906010579, -0.00162438338157, 0.000475332664791], [0.000160119598149, 0.000375659554265, 0.003364746226, -3.10019531753e-005, -0.000517951906659, -0.00156157708261, 0.00217239628546, -0.000544317008462, 0.000159124479978, -0.000892768846825, -0.00058900017757, 0.000155577683472, -0.00163109204732], [-0.000467094418127, -0.00200348510407, -3.10019531753e-005, 0.0089568765834, -0.00346076977439, 0.000598338025156, 0.000467096135253, 0.00169241195545, -0.00157856650185, -0.000443666387582, -0.00135757867247, 0.00240572914481, -0.00240804743953], [0.000490094185807, 0.00115804816596, -0.000517951906659, -0.00346076977439, 0.0140530262142, -0.00679357303306, 0.00350309698842, -0.00322795007378, 0.000307778303977, -0.00178892479744, 0.00128996523563, -0.00348953390494, 0.00279517634772], [-0.000962524150964, 0.000846091890708, -0.00156157708261, 0.000598338025156, -0.00679357303306, 0.0197174735367, -0.0115630188957, 0.00255506369285, -0.00118449365254, 0.00118934549391, -0.00226334668696, 0.00311065348797, -0.00344129814766], [0.000896792043932, -0.00162491132505, 0.00217239628546, 0.000467096135253, 0.00350309698842, -0.0115630188957, 0.0223700962961, -0.0101964650676, 0.00115350249689, 0.000421240547439, 0.00247677438892, -0.00528787821531, 0.00249212351628], [-0.000615803757682, 0.00223990320228, -0.000544317008462, 0.00169241195545, -0.00322795007378, 0.00255506369285, -0.0101964650676, 0.0241571962833, -0.00997391995043, 0.00323802465573, -0.00493991840631, 0.00379975233227, -0.00392756657675], [2.45801347774e-005, -0.000978947849944, 0.000159124479978, -0.00157856650185, 0.000307778303977, -0.00118449365254, 0.00115350249689, -0.00997391995043, 0.0253453869373, -0.0125028556213, 0.00534736225381, -0.00165296508931, 0.00201155035757], [0.000385970604839, 0.000226044328883, -0.000892768846825, -0.000443666387582, -0.00178892479744, 0.00118934549391, 0.000421240547439, 0.00323802465573, -0.0125028556213, 0.0315762646496, -0.0165404658765, 0.00689819548279, -0.00222973106429], [-1.25502365336e-005, 0.00102906010579, -0.00058900017757, -0.00135757867247, 0.00128996523563, -0.00226334668696, 0.00247677438892, -0.00493991840631, 0.00534736225381, -0.0165404658765, 0.0334492139518, -0.0169932674617, 0.00494376989082], [5.92183969275e-005, -0.00162438338157, 0.000155577683472, 0.00240572914481, -0.00348953390494, 0.00311065348797, -0.00528787821531, 0.00379975233227, -0.00165296508931, 0.00689819548279, -0.0169932674617, 0.0355088859797, -0.0163078848273], [4.5496130042e-005, 0.000475332664791, -0.00163109204732, -0.00240804743953, 0.00279517634772, -0.00344129814766, 0.00249212351628, -0.00392756657675, 0.00201155035757, -0.00222973106429, 0.00494376989082, -0.0163078848273, 0.0301944427192]]
    sccoeffs:
        dmean: [0.0517522729933, 0.0484644249082, 0.0367781110108, 0.0299160480499, 0.0188206601888, 0.0157615952194]
        dmean2: [0.0852214843035, 0.0817774906754, 0.0605495236814, 0.0503499396145, 0.0315723717213, 0.0261987354606]
        dvar: [0.00170914642513, 0.0014743761858, 0.000894917175174, 0.000556481129024, 0.000223750306759, 0.000172589760041]
        dvar2: [0.00462618703023, 0.0040416913107, 0.00233796425164, 0.00151833088603, 0.000614951248281, 0.000459476053948]
        max: [-0.32828104496, -0.487046569586, -0.511697947979, -0.620016932487, -0.687002956867, -0.6383420825]
        mean: [-0.64936029911, -0.766033232212, -0.794427931309, -0.786407709122, -0.801380634308, -0.726778328419]
        median: [-0.647457659245, -0.76930898428, -0.801159501076, -0.788629114628, -0.802609086037, -0.724649012089]
        min: [-0.976952731609, -0.97759860754, -0.981217324734, -0.967890322208, -0.969396173954, -0.966296613216]
        var: [0.00537372287363, 0.00351749570109, 0.00303980871104, 0.00197619339451, 0.000905171502382, 0.00107146822847]
    scvalleys:
        dmean: [0.41104143858, 0.357946366072, 0.276682198048, 0.22370313108, 0.180514916778, 0.178914442658]
        dmean2: [0.661523997784, 0.591576099396, 0.454304903746, 0.367641270161, 0.304690361023, 0.284181535244]
        dvar: [0.112997427583, 0.0988173633814, 0.0628600791097, 0.0454953759909, 0.0405623205006, 0.0524831265211]
        dvar2: [0.269152402878, 0.240673273802, 0.138457968831, 0.0923214480281, 0.0834431424737, 0.106417402625]
        max: [-5.14548969269, -4.78601741791, -5.28702163696, -5.71044111252, -5.43412590027, -7.42911815643]
        mean: [-7.07130765915, -6.73393249512, -6.8413734436, -6.90637111664, -6.58893823624, -9.49538326263]
        median: [-6.78742313385, -6.4944896698, -6.58672428131, -6.63979959488, -6.32198524475, -9.11639690399]
        min: [-27.8581123352, -28.0664920807, -27.5784721375, -27.4675292969, -27.434513092, -27.417011261]
        var: [2.98591589928, 2.97214221954, 2.79863071442, 2.76971530914, 2.76650929451, 2.67950892448]

rhythm:
    beats_loudness:
        dmean: 0.00156397349201
        dmean2: 0.00272085750476
        dvar: 1.71105330082e-006
        dvar2: 5.08616631123e-006
        max: 0.0126800546423
        mean: 0.00642496487126
        median: 0.00675941957161
        min: 3.62201566483e-012
        var: 6.63445280225e-006
    bpm: 86.9369125366
    bpm_confidence: 0
    first_peak_bpm: 88
    first_peak_spread: 0.446428537369
    first_peak_weight: 0.402597397566
    onset_rate: 1.78912377357
    second_peak_bpm: 115
    second_peak_spread: 0.479166656733
    second_peak_weight: 0.0811688303947
    beats_loudness_band_ratio:
        dmean: [0.0730348974466, 0.0671484842896, 0.0651421695948, 0.0698525384068, 0.101312078536, 0.0726304501295]
        dmean2: [0.124460950494, 0.118637382984, 0.11301715672, 0.114838778973, 0.172632485628, 0.125746235251]
        dvar: [0.00598548725247, 0.00539596565068, 0.00357682607137, 0.00575246382505, 0.00761832110584, 0.00487996032462]
        dvar2: [0.016459601, 0.0163170918822, 0.0094923786819, 0.0145439868793, 0.0211902949959, 0.0132609624416]
        max: [0.837634384632, 0.72900801897, 0.515003561974, 0.575598716736, 0.65560400486, 0.720958411694]
        mean: [0.134415313601, 0.11580272764, 0.129799678922, 0.117286197841, 0.311253130436, 0.22767713666]
        median: [0.119088388979, 0.0999346673489, 0.115088425577, 0.0947401821613, 0.28909984231, 0.220716327429]
        min: [0, 0, 0, 0, 0, 0]
        var: [0.00861302576959, 0.00641309283674, 0.00578337255865, 0.00689914776012, 0.0126199843362, 0.00711336964741]
    beats_position: [0.522448956966, 1.05650794506, 1.59056687355, 2.11301589012, 2.63546490669, 3.15791368484, 3.68036270142, 4.20281171799, 4.72526073456, 5.24770975113, 5.7701587677, 6.29260778427, 6.80344676971, 7.31428575516, 7.83673477173, 8.35918331146, 8.87002277374, 9.38086128235, 9.90331077576, 10.4257593155, 10.9482088089, 11.4706573486, 11.9814968109, 12.4923353195, 13.0147848129, 13.5372333527, 14.0480718613, 14.5705213547, 15.0929698944, 15.6038093567, 16.114648819, 16.6254863739, 17.1479358673, 17.6703853607, 18.1928348541, 18.7036724091, 19.2261219025, 19.7485713959, 20.2594108582, 20.7702484131, 21.2810878754, 21.8035373688, 22.3143768311, 22.825214386, 23.3360538483, 24.0326519012, 24.7292518616, 25.4258499146, 26.1224479675, 26.8074378967, 27.4924259186, 28.1890239716, 28.8856239319, 29.5706119537, 30.2555999756, 30.9521980286, 31.6371879578, 32.322177887, 33.0187759399, 33.7037620544, 34.3887519836, 35.0853500366, 35.7819480896, 36.4785499573, 37.151927948, 37.8369140625, 38.5219039917, 39.2185020447, 39.9034919739, 40.6000900269, 41.2850799561, 41.981678009, 42.6666641235, 43.3516540527, 44.0482521057, 44.7448501587, 45.4298400879, 46.1148300171, 46.8114280701, 47.4964179993, 48.1814041138, 48.8780021667, 49.5629920959, 50.2479820251, 50.9445800781, 51.6411781311, 52.3261680603, 53.0111541748, 53.7077522278, 54.392742157, 55.0777320862, 55.7743301392, 56.4709281921, 57.1559181213, 57.8409042358, 58.525894165, 59.222492218, 59.9074821472, 60.5808601379, 61.2774581909, 61.9740562439, 62.6706581116, 63.3440361023, 64.0406341553, 64.7372360229, 65.4338302612, 66.1188201904, 66.8038101196, 67.5004043579, 68.1853942871, 68.8703842163, 69.566986084, 70.2519683838, 70.936958313, 71.6335601807, 72.3301544189, 73.0151443481, 73.7001342773, 74.396736145, 75.0817184448, 75.766708374, 76.4633102417, 77.15990448, 77.8448944092, 78.5298843384, 79.2264862061, 79.9114761353, 80.5964584351, 81.2930603027, 81.9896621704, 82.6630401611, 83.3596343994, 84.0446243286, 84.7296142578, 85.4262084961, 86.1111984253, 86.7961883545, 87.4927902222, 88.1893844604, 88.8859863281, 89.5593643188, 90.2559585571, 90.9525604248, 91.637550354, 92.3225402832, 93.0191345215, 93.7041244507, 94.3891143799, 95.0857162476, 95.7706985474, 96.4556884766, 97.1522903442, 97.8488845825, 98.5338745117, 99.2188644409, 99.9038543701, 100.588844299, 101.285438538, 101.982040405, 102.678634644, 103.363624573, 104.048614502, 104.733604431, 105.41859436, 106.115188599, 106.811790466, 107.496780396, 108.181770325, 108.878364563, 109.563354492, 110.248344421, 110.94493866, 111.641540527, 112.326530457, 113.011520386, 113.696502686, 114.381492615, 115.078094482, 115.774688721, 116.45967865, 117.144668579, 117.841270447, 118.537864685, 119.222854614, 119.907844543, 120.604438782, 121.289428711, 121.97441864, 122.671020508, 123.356010437, 124.040992737, 124.725982666, 125.410972595, 126.107574463, 126.804168701, 127.500770569, 128.185760498, 128.870742798, 129.567337036, 130.252334595, 130.937316895, 131.622314453, 132.307296753, 133.003890991, 133.700500488, 134.385482788, 135.070480347, 135.767074585, 136.463668823, 137.148666382, 137.833648682, 138.53024292, 139.215240479, 139.900222778, 140.596817017, 141.293426514, 141.978408813, 142.663391113, 143.348388672, 144.033370972, 144.729980469, 145.426574707, 146.123168945, 146.819763184, 147.493148804, 148.189743042, 148.874740601, 149.5597229, 150.256317139, 150.952926636, 151.637908936, 152.322906494, 153.019500732, 153.704483032, 154.389480591, 155.086074829, 155.771057129, 156.456054688, 157.152648926, 157.837631226, 158.522628784, 159.207611084, 159.892608643, 160.589202881, 161.285797119, 161.982406616, 162.679000854, 163.363983154, 164.048980713, 164.733963013, 165.430557251, 166.11555481, 166.812149048, 167.497146606, 168.182128906, 168.878723145, 169.563720703, 170.248703003, 170.945297241, 171.641906738, 172.326889038, 173.011871338, 173.708480835, 174.393463135, 175.078460693, 175.775054932, 176.47164917, 177.179855347, 177.888076782, 178.607894897, 179.327713013, 179.884979248, 180.419036865, 180.964706421, 181.521987915, 182.056045532, 182.601715088, 183.147384644, 183.693054199, 184.238723755, 184.714736938, 185.179138184, 185.643539429, 186.107940674, 186.560714722, 187.013504028, 187.477905273, 187.942306519, 188.406707764, 188.871109009, 189.335510254, 189.811508179, 190.357177734, 190.914459229, 191.460128784, 192.00579834, 192.551467896, 193.097137451, 193.631195068, 194.165252686, 194.72253418, 195.279815674, 195.837097168, 196.405975342, 196.986480713, 197.566986084, 198.147476196, 198.727981567, 199.30847168]
    bpm_estimates: [86.1328887939, 86.1326522827, 86.1328887939, 86.1328887939, 87.5925292969, 87.5927734375, 86.1328887939, 86.1326522827, 87.5927734375, 87.5927734375, 86.1328887939, 87.5925292969, 87.5925292969, 86.1328887939, 87.5930175781, 87.5925292969, 86.1328887939, 86.1328887939, 86.1324157715, 89.1030044556, 87.5930175781, 87.5925292969, 86.1328887939, 87.5925292969, 86.1328887939, 87.5925292969, 86.1328887939, 87.5930175781, 87.5925292969, 86.1328887939, 86.1328887939, 87.5925292969, 87.5925292969, 86.1328887939, 87.5925292969, 87.5930175781, 86.1328887939, 87.5925292969, 87.5925292969, 86.1328887939, 86.1328887939, 87.5925292969, 87.5930175781, 86.1328887939, 87.5925292969, 87.5925292969, 86.1328887939, 86.1328887939, 87.5925292969, 87.5930175781, 87.5925292969, 86.1328887939, 87.5925292969, 89.1030044556, 86.1328887939, 86.1328887939, 86.1324157715, 89.1030044556, 86.1328887939, 86.1324157715, 86.133354187, 87.5925292969, 87.5925292969, 86.133354187, 87.5925292969, 87.5925292969, 86.1324157715, 87.5935058594, 87.5925292969, 86.1324157715, 86.133354187, 87.5925292969, 87.5925292969, 86.1324157715, 87.5935058594, 87.5925292969, 86.1324157715, 86.133354187, 87.5925292969, 87.5925292969, 86.1324157715, 87.5925292969, 87.5935058594, 86.1324157715, 86.1324157715, 89.1030044556, 86.133354187, 87.5925292969, 87.5925292969, 86.133354187, 87.5925292969, 87.5925292969, 86.1324157715, 86.133354187, 86.1324157715, 89.1030044556, 86.133354187, 86.1324157715, 87.5925292969, 87.5925292969, 86.133354187, 87.5925292969, 87.5925292969, 86.1324157715, 87.5935058594, 87.5925292969, 86.1324157715, 86.133354187, 87.5925292969, 87.5925292969, 87.5925292969, 87.5925292969, 86.133354187, 86.1324157715, 86.133354187, 87.5925292969, 87.5925292969, 87.5925292969, 87.5925292969, 86.133354187, 86.1324157715, 87.5925292969, 87.5925292969, 86.133354187, 87.5925292969, 87.5925292969, 86.133354187, 86.1324157715, 87.5925292969, 87.5925292969, 87.5935058594, 87.5925292969, 86.1324157715, 86.133354187, 87.5925292969, 87.5925292969, 86.1324157715, 86.133354187, 87.5925292969, 87.5925292969, 86.133354187, 87.5925292969, 87.5925292969, 86.1324157715, 87.5925292969, 87.5935058594, 87.5925292969, 87.5925292969, 86.1324157715, 86.133354187, 86.1324157715, 87.5925292969, 87.5935058594, 86.133354187, 87.5915527344, 87.5935058594, 87.5915527344, 87.5935058594, 86.133354187, 86.1314697266, 87.5935058594, 87.5915527344, 86.133354187, 86.133354187, 87.5915527344, 87.5935058594, 86.133354187, 87.5915527344, 87.5935058594, 86.133354187, 86.1314697266, 87.5935058594, 87.5935058594, 87.5915527344, 87.5935058594, 86.1314697266, 86.133354187, 86.133354187, 86.133354187, 89.1019897461, 86.133354187, 87.5915527344, 87.5935058594, 86.133354187, 86.1314697266, 87.5935058594, 87.5915527344, 86.133354187, 87.5935058594, 87.5915527344, 86.133354187, 87.5935058594, 87.5915527344, 86.133354187, 87.5935058594, 87.5915527344, 87.5935058594, 87.5915527344, 86.133354187, 86.133354187, 86.1314697266, 86.133354187, 87.5935058594, 87.5915527344, 87.5935058594, 86.133354187, 87.5915527344, 86.133354187, 87.5915527344, 87.5935058594, 86.133354187, 87.5915527344, 87.5935058594, 86.133354187, 86.1314697266, 87.5935058594, 87.5935058594, 86.1314697266, 87.5935058594, 87.5915527344, 86.133354187, 86.133354187, 84.7210922241, 84.7192687988, 83.3543930054, 83.3543930054]
