
metadata:
    version:
        essentia: "2.1-beta2"
    audio_properties:
        analysis_sample_rate: 44100
        bitrate: 320
        channels: 2
        equal_loudness: 1
        length: 204.98286438
        replay_gain: -15.6161279678
        downmix: "mix"
    tags:
        album: "Wretched & Divine: The Story Of The Wild Ones"
        artist: "Black Veil Brides"
        comment: ""
        date: "2013"
        genre: "Metal"
        title: "New Years Day"
        tracknumber: "3/19"

configuration:
    average_loudness:
        compute: 1
        frameSize: 88200
        hopSize: 44100
        silentFrames: "noise"
        windowType: "hann"
    general:
        analysisSampleRate: 44100
        endTime: 2000
        equalLoudness: 1
        nequalLoudness: 0
        shortSound: 0
        startTime: 0
    lowlevel:
        compute: 1
        frameSize: 2048
        hopSize: 1024
        zeroPadding: 0
        silentFrames: "noise"
        windowType: "blackmanharris62"
        mfccStats: ["mean", "cov", "icov"]
        stats: ["mean", "var", "median", "min", "max", "dmean", "dmean2", "dvar", "dvar2"]
    panning:
        compute: 0
        frameSize: 8192
        hopSize: 2048
        zeroPadding: 8192
        silentFrames: "noise"
        windowType: "hann"
        stats: ["copy"]
    rhythm:
        compute: 1
        maxTempo: 208
        minTempo: 40
        method: "degara"
        stats: ["mean", "var", "median", "min", "max", "dmean", "dmean2", "dvar", "dvar2"]
    segmentation:
        compute: 0
        cpw: 5
        inc1: 300
        inc2: 50
        minimumSegmentsLength: 10
        size1: 1000
        size2: 600
    sfx:
        compute: 1
        stats: ["mean", "var", "median", "min", "max", "dmean", "dmean2", "dvar", "dvar2"]
    svm:
        compute: 0
    tonal:
        compute: 1
        frameSize: 4096
        hopSize: 2048
        zeroPadding: 0
        silentFrames: "noise"
        windowType: "blackmanharris62"
        stats: ["mean", "var", "median", "min", "max", "dmean", "dmean2", "dvar", "dvar2"]

lowlevel:
    average_loudness: 0.823538005352
    barkbands_kurtosis:
        dmean: 0.859204828739
        dmean2: 1.38565528393
        dvar: 2.00136089325
        dvar2: 4.32678318024
        max: 52.3796691895
        mean: -0.146627530456
        median: -0.736859798431
        min: -1.8559743166
        var: 5.21240377426
    barkbands_skewness:
        dmean: 0.397519052029
        dmean2: 0.626931488514
        dvar: 0.141585081816
        dvar2: 0.328672379255
        max: 5.24747657776
        mean: -0.244364663959
        median: -0.336963802576
        min: -5.34567594528
        var: 0.74347358942
    barkbands_spread:
        dmean: 5.66920137405
        dmean2: 9.03548812866
        dvar: 29.9018249512
        dvar2: 72.080329895
        max: 78.0598831177
        mean: 27.8099308014
        median: 27.7101898193
        min: 1.27204883099
        var: 122.920463562
    dissonance:
        dmean: 0.0127454660833
        dmean2: 0.0219081602991
        dvar: 0.000248165801167
        dvar2: 0.000676361552905
        max: 0.500000059605
        mean: 0.478516846895
        median: 0.484536796808
        min: 0.175042226911
        var: 0.000501426577102
    hfc:
        dmean: 2.1981408596
        dmean2: 3.53006100655
        dvar: 7.54619979858
        dvar2: 18.4414196014
        max: 52.3586463928
        mean: 8.56813812256
        median: 7.08523797989
        min: 1.2640254143e-016
        var: 47.5867347717
    pitch:
        dmean: 772.587341309
        dmean2: 1473.36816406
        dvar: 1485776.5
        dvar2: 3625485
        max: 5334.35644531
        mean: 1092.80358887
        median: 350.847808838
        min: 50.2214927673
        var: 1891109
    pitch_instantaneous_confidence:
        dmean: 0.0872445181012
        dmean2: 0.140327304602
        dvar: 0.00551205128431
        dvar2: 0.0133817084134
        max: 0.946314692497
        mean: 0.416337013245
        median: 0.387795388699
        min: 0.104365825653
        var: 0.0251546408981
    pitch_salience:
        dmean: 0.0611640177667
        dmean2: 0.100983813405
        dvar: 0.00297427177429
        dvar2: 0.00810042861849
        max: 0.873707294464
        mean: 0.649463772774
        median: 0.66342484951
        min: 0.191622659564
        var: 0.00797307025641
    silence_rate_20dB:
        dmean: 0
        dmean2: 0
        dvar: 0
        dvar2: 0
        max: 1
        mean: 1
        median: 1
        min: 1
        var: 0
    silence_rate_30dB:
        dmean: 0
        dmean2: 0
        dvar: 0
        dvar2: 0
        max: 1
        mean: 1
        median: 1
        min: 1
        var: 0
    silence_rate_60dB:
        dmean: 0.0761214345694
        dmean2: 0.152260109782
        dvar: 0.0703298598528
        dvar2: 0.157406643033
        max: 1
        mean: 0.410578787327
        median: 0
        min: 0
        var: 0.242003858089
    spectral_centroid:
        dmean: 266.121734619
        dmean2: 419.76473999
        dvar: 82811.4140625
        dvar2: 177225.71875
        max: 11108.3056641
        mean: 1868.19226074
        median: 1919.40136719
        min: 133.759399414
        var: 414288.34375
    spectral_complexity:
        dmean: 3.48232889175
        dmean2: 5.72470808029
        dvar: 12.8128347397
        dvar2: 32.9986381531
        max: 48
        mean: 15.127986908
        median: 14
        min: 0
        var: 97.5764312744
    spectral_crest:
        dmean: 2.13896179199
        dmean2: 3.55585217476
        dvar: 4.01821327209
        dvar2: 10.9496412277
        max: 22.4662265778
        mean: 7.20278120041
        median: 6.37254476547
        min: 2.39750576019
        var: 10.1087875366
    spectral_decrease:
        dmean: 2.25688259747e-010
        dmean2: 3.64433788702e-010
        dvar: 7.18022175382e-020
        dvar2: 1.84084612153e-019
        max: 1.00050598108e-028
        mean: -9.12409203746e-010
        median: -8.30480018088e-010
        min: -3.73110387031e-009
        var: 3.49349883093e-019
    spectral_energy:
        dmean: 0.00102012709249
        dmean2: 0.00164127361495
        dvar: 1.44341561281e-006
        dvar2: 3.67286020264e-006
        max: 0.018173230812
        mean: 0.00422080559656
        median: 0.0037883115001
        min: 1.10874691539e-020
        var: 7.88551551523e-006
    spectral_energyband_high:
        dmean: 0.000137016279041
        dmean2: 0.000225352821872
        dvar: 5.28855146342e-008
        dvar2: 1.2943802119e-007
        max: 0.00494343554601
        mean: 0.000369964749552
        median: 0.000276725157164
        min: 8.015535232e-021
        var: 1.58591959121e-007
    spectral_energyband_low:
        dmean: 0.000156335387146
        dmean2: 0.00026832378353
        dvar: 6.26621456945e-008
        dvar2: 1.72348293859e-007
        max: 0.00258391024545
        mean: 0.000229721277719
        median: 0.000158623399329
        min: 2.81407763256e-023
        var: 7.06370215653e-008
    spectral_energyband_middle_high:
        dmean: 0.000730479892809
        dmean2: 0.0011502582347
        dvar: 7.23338985154e-007
        dvar2: 1.73716034624e-006
        max: 0.0167662482709
        mean: 0.0026441749651
        median: 0.00215632515028
        min: 1.47531176151e-021
        var: 4.70131362817e-006
    spectral_energyband_middle_low:
        dmean: 0.000459423754364
        dmean2: 0.000756927882321
        dvar: 5.11612086029e-007
        dvar2: 1.3464142512e-006
        max: 0.00710838008672
        mean: 0.00107946747448
        median: 0.000894933706149
        min: 4.00636932534e-022
        var: 8.68335575888e-007
    spectral_flatness_db:
        dmean: 0.0157025139779
        dmean2: 0.0245152711868
        dvar: 0.000243313479587
        dvar2: 0.000556026119739
        max: 0.388327926397
        mean: 0.148046433926
        median: 0.138036713004
        min: 0.0527700781822
        var: 0.00190565013327
    spectral_flux:
        dmean: 0.00674592005089
        dmean2: 0.0105229560286
        dvar: 5.0613325584e-005
        dvar2: 0.000114564136311
        max: 0.100573167205
        mean: 0.0380081236362
        median: 0.0380722284317
        min: 1.05297048858e-010
        var: 0.000282422523014
    spectral_kurtosis:
        dmean: 1.62904441357
        dmean2: 2.71971321106
        dvar: 13.1852884293
        dvar2: 34.68800354
        max: 117.93850708
        mean: 4.84736967087
        median: 3.46800851822
        min: -1.23519349098
        var: 40.6494598389
    spectral_rms:
        dmean: 0.000238220585743
        dmean2: 0.000376713316655
        dvar: 5.80664014649e-008
        dvar2: 1.42574762663e-007
        max: 0.00421069841832
        mean: 0.00189002847765
        median: 0.00192247587256
        min: 3.28892729023e-012
        var: 5.4564304719e-007
    spectral_rolloff:
        dmean: 338.991241455
        dmean2: 557.591064453
        dvar: 244740.0625
        dvar2: 523635.40625
        max: 19078.4179688
        mean: 3258.9387207
        median: 3488.37890625
        min: 129.19921875
        var: 948817.6875
    spectral_skewness:
        dmean: 0.196387887001
        dmean2: 0.319599747658
        dvar: 0.0796831473708
        dvar2: 0.202342987061
        max: 8.60938835144
        mean: 1.4558480978
        median: 1.34885120392
        min: 0.0191067215055
        var: 0.375900179148
    spectral_spread:
        dmean: 488437.28125
        dmean2: 697814.625
        dvar: 494224506880
        dvar2: 724390707200
        max: 41840612
        mean: 4407447
        median: 4208576.5
        min: 726532.75
        var: 2.53910843392e+012
    spectral_strongpeak:
        dmean: 0.636482417583
        dmean2: 1.0747076273
        dvar: 0.743593394756
        dvar2: 1.88718652725
        max: 9.05219268799
        mean: 1.03064620495
        median: 0.538048803806
        min: 7.4143429174e-009
        var: 1.54533958435
    zerocrossingrate:
        dmean: 0.00800315570086
        dmean2: 0.00964138377458
        dvar: 8.52899756865e-005
        dvar2: 8.92483803909e-005
        max: 0.5166015625
        mean: 0.101925686002
        median: 0.10498046875
        min: 0.00537109375
        var: 0.000897929421626
    barkbands:
        dmean: [2.8533216323e-007, 5.2268129366e-005, 8.92860625754e-005, 8.33145750221e-005, 0.000256186496699, 0.000109865031845, 8.50909855217e-005, 7.24046985852e-005, 7.25242498447e-005, 8.39630301925e-005, 5.84196423006e-005, 0.000122911049402, 9.14042757358e-005, 0.000124199039419, 0.0001421510824, 0.000115272814583, 0.000147704646224, 0.000157351198141, 0.000261072971625, 0.000153010638314, 6.24932217761e-005, 2.73217228823e-005, 5.85857924307e-006, 2.57123042502e-006, 1.58172019837e-006, 5.94982445534e-008, 3.99319077804e-010]
        dmean2: [5.08958635237e-007, 9.07785943127e-005, 0.000157728398335, 0.000142416305607, 0.000438942224719, 0.000181938026799, 0.000137024500873, 0.000115029390145, 0.000117864641652, 0.000137831259053, 9.41966791288e-005, 0.000200493101147, 0.000148427236127, 0.000200082504307, 0.00022529954731, 0.000185975382919, 0.000238207096118, 0.000255714869127, 0.000419441988925, 0.000253749109106, 0.000102664926089, 4.51168743894e-005, 9.19914145925e-006, 3.78250251742e-006, 2.29516786021e-006, 8.59395683506e-008, 6.56697307644e-010]
        dvar: [2.83040328371e-013, 1.22122303381e-008, 2.35842954055e-008, 1.24405117319e-008, 3.44937149066e-007, 3.55003741959e-008, 2.38057094037e-008, 1.84140382942e-008, 1.68815521562e-008, 3.58334517614e-008, 1.11120721513e-008, 6.44109690029e-008, 2.90982651308e-008, 7.67032517501e-008, 9.55944159386e-008, 5.91962212582e-008, 5.57458008643e-008, 5.70244651499e-008, 1.78129809569e-007, 5.33308366357e-008, 1.08945883426e-008, 2.3682817929e-009, 2.290974771e-010, 5.12901318639e-011, 2.24955557654e-011, 3.55978064409e-014, 8.63345621018e-019]
        dvar2: [8.56098070039e-013, 3.2756958035e-008, 6.67015527256e-008, 3.4795640147e-008, 9.29785926473e-007, 9.2352934189e-008, 5.37784643484e-008, 4.28506972128e-008, 4.0068577789e-008, 9.61372137454e-008, 2.64456776478e-008, 1.62258217529e-007, 7.51482573946e-008, 1.76324064682e-007, 2.37001728465e-007, 1.40835879847e-007, 1.39371039154e-007, 1.39712881264e-007, 4.30574004895e-007, 1.36584091592e-007, 2.68274149562e-008, 5.1312869509e-009, 5.01079011617e-010, 9.22417767169e-011, 4.33861800653e-011, 6.70456190024e-014, 1.93272342446e-018]
        max: [3.69101076103e-006, 0.000777500856202, 0.00175915588625, 0.00229855277576, 0.00583775155246, 0.00441995635629, 0.00453588692471, 0.00391640188172, 0.00315905432217, 0.00446937186643, 0.00243815593421, 0.00604343600571, 0.00354733201675, 0.00970165897161, 0.00686186412349, 0.00752251548693, 0.00459819706157, 0.00602149311453, 0.0102237975225, 0.00438625039533, 0.00245527899824, 0.00149316561874, 0.00040693723713, 0.000215241350816, 0.000114593771286, 5.18247725267e-006, 3.27874261075e-008]
        mean: [2.90146033421e-007, 5.18710985489e-005, 0.000117428120575, 0.000111531982839, 0.000307351991069, 0.00017800826754, 0.000150926542119, 0.000129679887323, 0.00013119923824, 0.00014421249216, 0.00010124030814, 0.000196881053853, 0.000145279773278, 0.000200261871214, 0.000244021750404, 0.000231449696003, 0.000303316337522, 0.00031788283377, 0.000569938565604, 0.000359731318895, 0.000151649364852, 5.67983042856e-005, 1.12330608317e-005, 5.27274778506e-006, 3.23716471939e-006, 1.05618781276e-007, 5.23786791717e-010]
        median: [1.00017516047e-007, 1.9488932594e-005, 6.55099138385e-005, 7.25507852621e-005, 0.000123115009046, 8.38007035782e-005, 6.64500257699e-005, 5.28653763467e-005, 6.58669669065e-005, 6.87540014042e-005, 5.51316516066e-005, 9.90825865301e-005, 6.72551468597e-005, 7.4526273238e-005, 7.66995799495e-005, 0.000104922008177, 0.000178608766873, 0.000190823542653, 0.000343107065419, 0.000232068312471, 0.000111378300062, 3.62456266885e-005, 4.89178864882e-006, 1.8959595991e-006, 1.05957428786e-006, 2.94550677182e-008, 2.08715891792e-010]
        min: [2.09015362713e-024, 4.81832533263e-024, 7.77907098235e-024, 2.93506554514e-023, 4.50080424288e-023, 2.92022580933e-023, 1.66718289694e-023, 1.40768240056e-022, 9.15806547791e-023, 8.34302701241e-023, 5.78169284082e-023, 7.71963757067e-023, 3.95200002201e-023, 1.22823535107e-022, 1.60646449395e-022, 2.21173903873e-022, 1.08540331204e-022, 3.24728823483e-022, 2.01467464263e-022, 3.10025062055e-022, 3.55670270593e-022, 6.71795814909e-022, 6.59264917202e-022, 8.36909223889e-022, 1.15880895235e-021, 1.73138535146e-021, 2.70699964752e-021]
        var: [2.3640239614e-013, 9.81005054967e-009, 2.61316159822e-008, 1.70550524814e-008, 3.45060044538e-007, 7.51094191287e-008, 7.82120110898e-008, 5.27255217264e-008, 4.43249206228e-008, 6.6867109183e-008, 2.38036719225e-008, 1.15655346633e-007, 5.3859420035e-008, 1.82420691885e-007, 2.37940398051e-007, 2.14363552686e-007, 1.5503522377e-007, 1.72950905153e-007, 5.34081323167e-007, 1.66792830214e-007, 2.89841555201e-008, 6.88464263376e-009, 5.8621357768e-010, 1.76908501737e-010, 6.69704708356e-011, 9.69287313173e-014, 1.69765627196e-018]
    frequency_bands:
        dmean: [2.8533216323e-007, 5.2268129366e-005, 8.92860625754e-005, 8.33145750221e-005, 0.000256186496699, 0.000109865031845, 8.50909855217e-005, 7.24046985852e-005, 7.25242498447e-005, 8.39630301925e-005, 5.84196423006e-005, 0.000122911049402, 9.14042757358e-005, 0.000124199039419, 0.0001421510824, 0.000115272814583, 0.000147704646224, 0.000157351198141, 0.000261072971625, 0.000153010638314, 6.24932217761e-005, 2.73217228823e-005, 5.85857924307e-006, 2.57123042502e-006, 1.58172019837e-006, 5.94982445534e-008, 3.99319077804e-010, 4.94831502162e-011]
        dmean2: [5.08958635237e-007, 9.07785943127e-005, 0.000157728398335, 0.000142416305607, 0.000438942224719, 0.000181938026799, 0.000137024500873, 0.000115029390145, 0.000117864641652, 0.000137831259053, 9.41966791288e-005, 0.000200493101147, 0.000148427236127, 0.000200082504307, 0.00022529954731, 0.000185975382919, 0.000238207096118, 0.000255714869127, 0.000419441988925, 0.000253749109106, 0.000102664926089, 4.51168743894e-005, 9.19914145925e-006, 3.78250251742e-006, 2.29516786021e-006, 8.59395683506e-008, 6.56697307644e-010, 9.17481507434e-011]
        dvar: [2.83040328371e-013, 1.22122303381e-008, 2.35842954055e-008, 1.24405117319e-008, 3.44937149066e-007, 3.55003741959e-008, 2.38057094037e-008, 1.84140382942e-008, 1.68815521562e-008, 3.58334517614e-008, 1.11120721513e-008, 6.44109690029e-008, 2.90982651308e-008, 7.67032517501e-008, 9.55944159386e-008, 5.91962212582e-008, 5.57458008643e-008, 5.70244651499e-008, 1.78129809569e-007, 5.33308366357e-008, 1.08945883426e-008, 2.3682817929e-009, 2.290974771e-010, 5.12901318639e-011, 2.24955557654e-011, 3.55978064409e-014, 8.63345621018e-019, 5.90006807132e-021]
        dvar2: [8.56098070039e-013, 3.2756958035e-008, 6.67015527256e-008, 3.4795640147e-008, 9.29785926473e-007, 9.2352934189e-008, 5.37784643484e-008, 4.28506972128e-008, 4.0068577789e-008, 9.61372137454e-008, 2.64456776478e-008, 1.62258217529e-007, 7.51482573946e-008, 1.76324064682e-007, 2.37001728465e-007, 1.40835879847e-007, 1.39371039154e-007, 1.39712881264e-007, 4.30574004895e-007, 1.36584091592e-007, 2.68274149562e-008, 5.1312869509e-009, 5.01079011617e-010, 9.22417767169e-011, 4.33861800653e-011, 6.70456190024e-014, 1.93272342446e-018, 1.87069141195e-020]
        max: [3.69101076103e-006, 0.000777500856202, 0.00175915588625, 0.00229855277576, 0.00583775155246, 0.00441995635629, 0.00453588692471, 0.00391640188172, 0.00315905432217, 0.00446937186643, 0.00243815593421, 0.00604343600571, 0.00354733201675, 0.00970165897161, 0.00686186412349, 0.00752251548693, 0.00459819706157, 0.00602149311453, 0.0102237975225, 0.00438625039533, 0.00245527899824, 0.00149316561874, 0.00040693723713, 0.000215241350816, 0.000114593771286, 5.18247725267e-006, 3.27874261075e-008, 1.08410402877e-009]
        mean: [2.90146033421e-007, 5.18710985489e-005, 0.000117428120575, 0.000111531982839, 0.000307351991069, 0.00017800826754, 0.000150926542119, 0.000129679887323, 0.00013119923824, 0.00014421249216, 0.00010124030814, 0.000196881053853, 0.000145279773278, 0.000200261871214, 0.000244021750404, 0.000231449696003, 0.000303316337522, 0.00031788283377, 0.000569938565604, 0.000359731318895, 0.000151649364852, 5.67983042856e-005, 1.12330608317e-005, 5.27274778506e-006, 3.23716471939e-006, 1.05618781276e-007, 5.23786791717e-010, 3.89484486329e-011]
        median: [1.00017516047e-007, 1.9488932594e-005, 6.55099138385e-005, 7.25507852621e-005, 0.000123115009046, 8.38007035782e-005, 6.64500257699e-005, 5.28653763467e-005, 6.58669669065e-005, 6.87540014042e-005, 5.51316516066e-005, 9.90825865301e-005, 6.72551468597e-005, 7.4526273238e-005, 7.66995799495e-005, 0.000104922008177, 0.000178608766873, 0.000190823542653, 0.000343107065419, 0.000232068312471, 0.000111378300062, 3.62456266885e-005, 4.89178864882e-006, 1.8959595991e-006, 1.05957428786e-006, 2.94550677182e-008, 2.08715891792e-010, 1.29897204104e-011]
        min: [2.09015362713e-024, 4.81832533263e-024, 7.77907098235e-024, 2.93506554514e-023, 4.50080424288e-023, 2.92022580933e-023, 1.66718289694e-023, 1.40768240056e-022, 9.15806547791e-023, 8.34302701241e-023, 5.78169284082e-023, 7.71963757067e-023, 3.95200002201e-023, 1.22823535107e-022, 1.60646449395e-022, 2.21173903873e-022, 1.08540331204e-022, 3.24728823483e-022, 2.01467464263e-022, 3.10025062055e-022, 3.55670270593e-022, 6.71795814909e-022, 6.59264917202e-022, 8.36909223889e-022, 1.15880895235e-021, 1.73138535146e-021, 2.70699964752e-021, 8.91998978107e-022]
        var: [2.3640239614e-013, 9.81005054967e-009, 2.61316159822e-008, 1.70550524814e-008, 3.45060044538e-007, 7.51094191287e-008, 7.82120110898e-008, 5.27255217264e-008, 4.43249206228e-008, 6.6867109183e-008, 2.38036719225e-008, 1.15655346633e-007, 5.3859420035e-008, 1.82420691885e-007, 2.37940398051e-007, 2.14363552686e-007, 1.5503522377e-007, 1.72950905153e-007, 5.34081323167e-007, 1.66792830214e-007, 2.89841555201e-008, 6.88464263376e-009, 5.8621357768e-010, 1.76908501737e-010, 6.69704708356e-011, 9.69287313173e-014, 1.69765627196e-018, 4.73439448924e-021]
    mfcc:
        mean: [-718.990112305, 98.6268157959, -56.8397254944, 42.4791374207, -15.950835228, -2.85601115227, 2.39258146286, -5.72058439255, -3.27318024635, -5.78252601624, -1.51913642883, -6.36516714096, -2.47832775116]
        cov: [[6781.38769531, -551.10345459, -540.7109375, 851.699157715, -157.482681274, 124.850250244, -157.937988281, -177.489837646, -137.145019531, -215.112472534, -46.031085968, -96.3691711426, -62.1202430725], [-551.10345459, 924.524902344, -165.714233398, 14.0035381317, 62.724937439, -14.1288633347, 77.7902450562, 51.3103218079, 10.41310215, 2.98526620865, 35.9706001282, 11.6694564819, 18.7805023193], [-540.7109375, -165.714233398, 787.750427246, 21.3475914001, 72.2178192139, 77.0023040771, -17.5362167358, 55.1368179321, 46.7055206299, 17.8781452179, -21.0049285889, 20.7567615509, 6.62594556808], [851.699157715, 14.0035381317, 21.3475914001, 445.836914063, 94.641998291, 46.5092277527, -30.5782241821, -2.42416739464, 25.8401737213, -31.1451282501, -20.9004402161, -23.4493865967, 27.1424407959], [-157.482681274, 62.724937439, 72.2178192139, 94.641998291, 268.323547363, 42.1871299744, -17.1330928802, 19.4805049896, 53.2703208923, 23.918056488, -23.5525035858, 2.41146612167, 22.8704223633], [124.850250244, -14.1288633347, 77.0023040771, 46.5092277527, 42.1871299744, 144.167007446, 39.2494544983, 7.90233230591, 7.42345619202, -1.70010626316, 23.3213710785, 4.11776828766, -13.0128536224], [-157.937988281, 77.7902450562, -17.5362167358, -30.5782241821, -17.1330928802, 39.2494544983, 160.874481201, 57.962436676, 8.85363388062, 19.2136287689, 30.6041755676, 24.6889896393, 0.444737166166], [-177.489837646, 51.3103218079, 55.1368179321, -2.42416739464, 19.4805049896, 7.90233230591, 57.962436676, 111.774261475, 42.7550010681, 9.62368011475, 16.6533489227, 19.3459968567, 9.7756280899], [-137.145019531, 10.41310215, 46.7055206299, 25.8401737213, 53.2703208923, 7.42345619202, 8.85363388062, 42.7550010681, 113.068901062, 52.8265266418, 6.63241481781, 10.7614650726, 13.3678817749], [-215.112472534, 2.98526620865, 17.8781452179, -31.1451282501, 23.918056488, -1.70010626316, 19.2136287689, 9.62368011475, 52.8265266418, 102.166824341, 33.6675415039, 5.99784755707, 1.72585892677], [-46.031085968, 35.9706001282, -21.0049285889, -20.9004402161, -23.5525035858, 23.3213710785, 30.6041755676, 16.6533489227, 6.63241481781, 33.6675415039, 107.947898865, 32.7349472046, -7.76164102554], [-96.3691711426, 11.6694564819, 20.7567615509, -23.4493865967, 2.41146612167, 4.11776828766, 24.6889896393, 19.3459968567, 10.7614650726, 5.99784755707, 32.7349472046, 73.8730773926, 28.81889534], [-62.1202430725, 18.7805023193, 6.62594556808, 27.1424407959, 22.8704223633, -13.0128536224, 0.444737166166, 9.7756280899, 13.3678817749, 1.72585892677, -7.76164102554, 28.81889534, 82.3769607544]]
        icov: [[0.000277584651485, 0.000171436826349, 0.000235698069446, -0.000572966353502, 0.00025500979973, -0.000269540789304, 0.000156717549544, 6.37246557744e-005, 0.000102227633761, 0.000200522044906, 4.06669460062e-005, -0.000119469877973, 0.000243121481617], [0.000171436826349, 0.0013619196834, 0.000397341034841, -0.000353037117748, -0.000346693967003, 0.000210939251701, -0.000495142361615, -0.000286063441308, 9.81963166851e-005, 0.00046337780077, -0.000541559769772, 0.000249746459303, -9.46976360865e-005], [0.000235698069446, 0.000397341034841, 0.00178000703454, -0.000447236147011, 0.000116775270726, -0.00128091813531, 0.000883853295818, -0.00112994899973, 0.000179617811227, -0.000398987176595, 0.000841720786411, -0.000826124916784, 0.000333425938152], [-0.000572966353502, -0.000353037117748, -0.000447236147011, 0.00400697579607, -0.00128756056074, -0.000243303424213, -3.86601641367e-005, 0.000162536874996, -0.00131493608933, 0.00121772289276, -0.000673253554851, 0.00184765853919, -0.00185787142254], [0.00025500979973, -0.000346693967003, 0.000116775270726, -0.00128756056074, 0.00542904809117, -0.00219332333654, 0.00154794147238, -0.000744722958189, -0.000928327615838, -0.00155811349396, 0.00214677350596, -0.000980928423814, -0.000358808465535], [-0.000269540789304, 0.000210939251701, -0.00128091813531, -0.000243303424213, -0.00219332333654, 0.0102217821404, -0.003798448015, 0.00213197246194, -0.0010577760404, 0.00231899647042, -0.00327754206955, 0.000985673977993, 0.00139241863508], [0.000156717549544, -0.000495142361615, 0.000883853295818, -3.86601641367e-005, 0.00154794147238, -0.003798448015, 0.010234345682, -0.0056509245187, 0.00228221830912, -0.00305239344016, 0.00113043689635, -0.00251361425035, 0.00043773825746], [6.37246557744e-005, -0.000286063441308, -0.00112994899973, 0.000162536874996, -0.000744722958189, 0.00213197246194, -0.0056509245187, 0.015085238032, -0.00636876374483, 0.00434124050662, -0.0024567169603, 0.000165731078596, -0.000412406778196], [0.000102227633761, 9.81963166851e-005, 0.000179617811227, -0.00131493608933, -0.000928327615838, -0.0010577760404, 0.00228221830912, -0.00636876374483, 0.0161547195166, -0.00892005395144, 0.0025513516739, -0.00204905867577, -0.000169810198713], [0.000200522044906, 0.00046337780077, -0.000398987176595, 0.00121772289276, -0.00155811349396, 0.00231899647042, -0.00305239344016, 0.00434124050662, -0.00892005395144, 0.0178413726389, -0.00674890354276, 0.00367292063311, -0.000870452146046], [4.06669460062e-005, -0.000541559769772, 0.000841720786411, -0.000673253554851, 0.00214677350596, -0.00327754206955, 0.00113043689635, -0.0024567169603, 0.0025513516739, -0.00674890354276, 0.0153087051585, -0.00786808785051, 0.00340229505673], [-0.000119469877973, 0.000249746459303, -0.000826124916784, 0.00184765853919, -0.000980928423814, 0.000985673977993, -0.00251361425035, 0.000165731078596, -0.00204905867577, 0.00367292063311, -0.00786808785051, 0.0216722432524, -0.0083350520581], [0.000243121481617, -9.46976360865e-005, 0.000333425938152, -0.00185787142254, -0.000358808465535, 0.00139241863508, 0.00043773825746, -0.000412406778196, -0.000169810198713, -0.000870452146046, 0.00340229505673, -0.0083350520581, 0.0165780354291]]
    sccoeffs:
        dmean: [0.0547117441893, 0.0472278669477, 0.0374999381602, 0.0316006317735, 0.0220392178744, 0.0178846027702]
        dmean2: [0.0906206592917, 0.0778954699636, 0.0624138228595, 0.0515153408051, 0.0357573963702, 0.0279504731297]
        dvar: [0.00208777212538, 0.00138752779458, 0.00087151612388, 0.000631413597148, 0.000327092799125, 0.000274138437817]
        dvar2: [0.00554725946859, 0.0036915531382, 0.00232026539743, 0.00162857689429, 0.000793939456344, 0.000599986116868]
        max: [-0.300946295261, -0.457142740488, -0.545655369759, -0.517867147923, -0.570687711239, -0.600906431675]
        mean: [-0.678406000137, -0.757561802864, -0.787458181381, -0.772439777851, -0.788318216801, -0.74957638979]
        median: [-0.685563504696, -0.765054881573, -0.794347345829, -0.776947915554, -0.791192770004, -0.746951401234]
        min: [-0.954091489315, -0.970340490341, -0.961794018745, -0.952712535858, -0.960158526897, -0.959623038769]
        var: [0.00584274670109, 0.00464435480535, 0.00305750244297, 0.00321457372047, 0.00173595908564, 0.00142627127934]
    scvalleys:
        dmean: [0.406206309795, 0.363199591637, 0.301012992859, 0.280939519405, 0.23737603426, 0.287647932768]
        dmean2: [0.667414724827, 0.602021694183, 0.493428468704, 0.448057770729, 0.371201097965, 0.408164680004]
        dvar: [0.149701401591, 0.130524486303, 0.105203598738, 0.0983243212104, 0.100216716528, 0.155934512615]
        dvar2: [0.333064347506, 0.274818509817, 0.203105151653, 0.177908360958, 0.181246265769, 0.298832714558]
        max: [-5.25808286667, -4.94424390793, -5.25209999084, -5.40656995773, -5.52717018127, -7.25998210907]
        mean: [-7.27653026581, -6.78610277176, -6.95126485825, -7.15697956085, -7.14967298508, -9.88202190399]
        median: [-6.99905824661, -6.58519935608, -6.76655340195, -6.95823574066, -6.8078327179, -9.47835063934]
        min: [-27.5002346039, -27.3587760925, -27.1116390228, -27.4162883759, -27.2588634491, -27.2479076385]
        var: [1.4575124979, 0.99609541893, 0.79451495409, 1.01632535458, 1.38835656643, 2.17975497246]

rhythm:
    beats_loudness:
        dmean: 0.00254947901703
        dmean2: 0.00488155940548
        dvar: 2.66040387942e-006
        dvar2: 8.97113477549e-006
        max: 0.013217090629
        mean: 0.00479811476544
        median: 0.00465680612251
        min: 7.10081877742e-008
        var: 7.12236032996e-006
    bpm: 89.9691467285
    bpm_confidence: 0
    first_peak_bpm: 91
    first_peak_spread: 0.440273046494
    first_peak_weight: 0.537704944611
    onset_rate: 2.66363739967
    second_peak_bpm: 98
    second_peak_spread: 0
    second_peak_weight: 0.0131147541106
    beats_loudness_band_ratio:
        dmean: [0.122172921896, 0.188877478242, 0.0771251544356, 0.132340282202, 0.133932292461, 0.11476649344]
        dmean2: [0.216978996992, 0.36458453536, 0.133468165994, 0.246209979057, 0.23931889236, 0.203764826059]
        dvar: [0.0140446424484, 0.0171340238303, 0.00816529151052, 0.0179061647505, 0.0154374511912, 0.0123612545431]
        dvar2: [0.0456372648478, 0.0613929778337, 0.0238140840083, 0.0535396821797, 0.0493936538696, 0.037813115865]
        max: [0.900449812412, 0.576139271259, 0.649745166302, 0.804075598717, 0.859104216099, 0.932830095291]
        mean: [0.169803962111, 0.169997066259, 0.113716103137, 0.168771728873, 0.252617269754, 0.21181666851]
        median: [0.158008977771, 0.1204713732, 0.0910425782204, 0.124835118651, 0.221621781588, 0.186827361584]
        min: [5.53035788471e-005, 0.000472069979878, 0.00524829188362, 0.0132080437616, 0.00520702078938, 0.000660606834572]
        var: [0.0170077141374, 0.0218518711627, 0.00853246916085, 0.0188179835677, 0.0225020777434, 0.0152590433136]
    beats_position: [0.696598649025, 1.4164172411, 2.13623571396, 2.82122445107, 3.49460315704, 4.1679816246, 4.841360569, 5.50312900543, 6.17650794983, 6.84988641739, 7.51165533066, 8.17342376709, 8.83519268036, 9.49696159363, 10.1587295532, 10.8204984665, 11.4938774109, 12.1672563553, 12.8290243149, 13.4907932281, 14.1641721725, 14.8259410858, 15.4877090454, 16.1494789124, 16.8228569031, 17.4846248627, 18.1580047607, 18.8197727203, 19.4815406799, 20.1433105469, 20.8282985687, 21.4900684357, 22.1518363953, 22.825214386, 23.4869842529, 24.1487522125, 24.8221302032, 25.4955101013, 26.1572780609, 26.8190479279, 27.4924259186, 28.1541938782, 28.8159637451, 29.4893417358, 30.1627197266, 30.8244895935, 31.4862575531, 32.1596374512, 32.8214035034, 33.4831733704, 34.1449432373, 34.818321228, 35.480091095, 36.1534690857, 36.8268470764, 37.4886169434, 38.1503829956, 38.8121528625, 39.4739227295, 40.1473007202, 40.8206787109, 41.4940567017, 42.1558265686, 42.8175964355, 43.4909744263, 44.1527442932, 44.8261222839, 45.4878921509, 46.1612701416, 46.8230361938, 47.4848060608, 48.1465759277, 48.80834198, 49.4701118469, 50.1318817139, 50.8052597046, 51.4786376953, 52.152015686, 52.8253974915, 53.4871635437, 54.1605415344, 54.8223114014, 55.4956893921, 56.157459259, 56.819229126, 57.4926071167, 58.1543769836, 58.8161430359, 59.4895210266, 60.162902832, 60.8246688843, 61.4864387512, 62.1598167419, 62.8215866089, 63.4833564758, 64.1567306519, 64.8301086426, 65.4918823242, 66.1536483765, 66.8154220581, 67.4771881104, 68.1505661011, 68.8123321533, 69.485710144, 70.1474838257, 70.8208618164, 71.4942398071, 72.1560058594, 72.8293838501, 73.4911575317, 74.1645355225, 74.8263015747, 75.488067627, 76.1498413086, 76.8232192993, 77.4849853516, 78.1583633423, 78.8201370239, 79.4819030762, 80.1552810669, 80.8170471191, 81.4904327393, 82.1521987915, 82.8139648438, 83.4757385254, 84.1491165161, 84.8224945068, 85.4958724976, 86.1576385498, 86.8194122314, 87.4811782837, 88.1545562744, 88.8163223267, 89.4897003174, 90.151473999, 90.8248519897, 91.486618042, 92.1483917236, 92.8101577759, 93.4951477051, 94.1569137573, 94.830291748, 95.5036697388, 96.1654434204, 96.8272094727, 97.4773712158, 98.1507492065, 98.8241271973, 99.4858932495, 100.15927124, 100.821044922, 101.482810974, 102.144577026, 102.817955017, 103.491333008, 104.164710999, 104.82648468, 105.488250732, 106.150024414, 106.800178528, 107.46194458, 108.1353302, 108.808708191, 109.482086182, 110.155464172, 110.828842163, 111.490608215, 112.152381897, 112.825759888, 113.510749817, 114.184127808, 114.84589386, 115.519271851, 116.181037903, 116.842811584, 117.504577637, 118.166343689, 118.839729309, 119.501495361, 120.163261414, 120.836639404, 121.498413086, 122.160179138, 122.82194519, 123.483718872, 124.145484924, 124.818862915, 125.480628967, 126.154014587, 126.827392578, 127.500770569, 128.162536621, 128.824310303, 129.486068726, 130.147842407, 130.821228027, 131.494598389, 132.15637207, 132.818145752, 133.491516113, 134.164901733, 134.826660156, 135.488433838, 136.161804199, 136.823577881, 137.485351563, 138.158721924, 138.832107544, 139.493881226, 140.155639648, 140.829025269, 141.50239563, 142.17578125, 142.825942993, 143.487701416, 144.137863159, 144.811248779, 145.473007202, 146.146392822, 146.819763184, 147.493148804, 148.154922485, 148.816680908, 149.47845459, 150.15184021, 150.813598633, 151.475372314, 152.137145996, 152.810516357, 153.483901978, 154.1456604, 154.807434082, 155.480819702, 156.142578125, 156.804351807, 157.477722168, 158.151107788, 158.81288147, 159.474639893, 160.148025513, 160.821395874, 161.494781494, 162.191375732, 162.887985229, 163.572967529, 164.257949829, 164.942947388, 165.558273315, 166.173599243, 166.788925171, 167.404266357, 168.042816162, 168.681350708, 169.412780762, 170.121002197, 170.829208374, 171.490966797, 172.152740479, 172.81451416, 173.476272583, 174.149658203, 174.823028564, 175.496414185, 176.158187866, 176.819946289, 177.481719971, 178.143493652, 178.816864014, 179.490249634, 180.186843872, 180.871826172, 181.545211792, 182.206985474, 182.857131958, 183.507293701, 184.157455444, 184.819229126, 185.480987549, 186.154373169, 186.827758789, 187.489517212, 188.151290894, 188.824661255, 189.486434937, 190.148208618, 190.821578979, 191.4949646, 192.156738281, 192.818496704, 193.491882324, 194.153640747, 194.815414429, 195.488800049, 196.16217041, 196.823944092, 197.485717773, 198.159088135, 198.832473755, 199.494232178, 200.156005859, 200.817779541, 201.491149902, 202.152923584, 202.826293945, 203.499679565, 204.173049927]
    bpm_estimates: [87.5926818848, 89.1029052734, 89.102935791, 89.1028747559, 90.6661529541, 89.1028747559, 89.102935791, 90.6660919189, 90.6661529541, 90.6660919189, 90.6660919189, 90.6662216187, 90.6660919189, 89.1028747559, 89.1028747559, 90.6662216187, 90.6660919189, 89.1028747559, 90.6660919189, 90.6662216187, 90.6659622192, 89.1030044556, 90.6662216187, 89.1027526855, 90.6662216187, 90.6662216187, 90.6659622192, 87.5927734375, 90.6659622192, 90.6662216187, 89.1030044556, 90.6659622192, 90.6662216187, 89.1030044556, 89.1027526855, 90.6662216187, 90.6659622192, 89.1030044556, 90.6662216187, 90.6659622192, 89.1030044556, 89.1030044556, 90.6659622192, 90.6662216187, 89.1027526855, 90.6664810181, 90.6659622192, 90.6659622192, 89.1030044556, 90.6659622192, 89.1030044556, 89.1030044556, 90.6659622192, 90.6664810181, 90.6659622192, 90.6659622192, 89.1030044556, 89.1030044556, 89.1030044556, 90.6659622192, 90.6659622192, 89.1030044556, 90.6659622192, 89.1030044556, 90.6659622192, 89.1030044556, 90.6664810181, 90.6659622192, 90.6659622192, 90.6664810181, 90.6659622192, 90.6659622192, 89.1030044556, 89.1030044556, 89.1030044556, 89.1024932861, 90.6664810181, 89.1030044556, 90.6659622192, 89.1030044556, 90.6659622192, 90.6659622192, 89.1030044556, 90.6659622192, 90.6664810181, 89.1030044556, 89.1024932861, 90.6664810181, 90.6659622192, 89.1030044556, 90.6659622192, 90.6659622192, 89.1035079956, 89.1030044556, 90.665435791, 90.6664810181, 90.665435791, 90.6664810181, 89.1030044556, 90.6664810181, 89.1030044556, 90.665435791, 89.1030044556, 89.1030044556, 90.6664810181, 89.1030044556, 90.665435791, 89.1030044556, 90.6664810181, 90.6664810181, 90.665435791, 89.1030044556, 90.6664810181, 89.1030044556, 90.665435791, 90.6664810181, 89.1030044556, 90.6664810181, 89.1019897461, 90.6664810181, 90.6664810181, 90.665435791, 89.1030044556, 89.1030044556, 89.1030044556, 90.6664810181, 90.665435791, 90.6664810181, 89.1030044556, 90.6664810181, 89.1030044556, 90.665435791, 89.1030044556, 90.6664810181, 90.665435791, 90.6664810181, 87.5925292969, 90.6664810181, 89.1030044556, 89.1030044556, 90.665435791, 90.6664810181, 92.2847290039, 89.1030044556, 89.1030044556, 90.6664810181, 89.1030044556, 90.665435791, 90.6664810181, 90.6664810181, 89.1030044556, 89.1030044556, 89.1030044556, 90.665435791, 90.6664810181, 90.665435791, 92.2858123779, 90.6664810181, 89.1019897461, 89.1030044556, 89.1030044556, 89.1030044556, 89.1030044556, 90.6664810181, 90.665435791, 89.1030044556, 87.5925292969, 89.1030044556, 90.6664810181, 89.1030044556, 90.6664810181, 90.665435791, 90.6664810181, 90.6664810181, 89.1019897461, 90.6664810181, 90.6664810181, 89.1030044556, 90.665435791, 90.6664810181, 90.6664810181, 90.665435791, 90.6664810181, 89.1030044556, 90.6664810181, 89.1019897461, 89.1030044556, 89.1030044556, 90.6664810181, 90.665435791, 90.6675262451, 90.665435791, 89.1019897461, 89.1040115356, 90.665435791, 90.665435791, 89.1040115356, 89.1019897461, 90.6675262451, 90.665435791, 89.1040115356, 90.665435791, 90.665435791, 89.1040115356, 89.1019897461, 90.665435791, 90.6675262451, 89.1019897461, 89.1040115356, 89.1019897461, 92.2847290039, 90.6675262451, 92.2847290039, 89.1019897461, 90.6675262451, 89.1019897461, 89.1040115356, 89.1019897461, 90.665435791, 90.6675262451, 90.665435791, 89.1019897461, 90.6675262451, 90.665435791, 90.665435791, 89.1040115356, 89.1019897461, 90.6675262451, 90.665435791, 89.1019897461, 90.6675262451, 90.665435791, 89.1040115356, 89.1019897461, 90.665435791, 90.6675262451, 89.1019897461, 89.1040115356, 89.1019897461, 86.133354187, 86.1314697266, 87.5935058594, 87.5935058594, 87.5915527344, 93.9629135132, 93.9651565552, 90.6675262451, 90.665435791, 90.665435791, 90.6675262451, 89.1019897461, 89.1040115356, 89.1019897461, 90.665435791, 90.6675262451, 90.665435791, 90.665435791, 89.1040115356, 89.1019897461, 86.133354187, 87.5935058594, 89.1019897461, 90.665435791, 92.286895752, 92.2847290039, 92.2847290039, 90.665435791, 90.6675262451, 89.1019897461, 89.1019897461, 90.6675262451, 90.665435791, 89.1040115356, 90.665435791, 90.665435791, 89.1040115356, 89.1019897461, 90.665435791, 90.6675262451, 89.1019897461, 90.6675262451, 90.665435791, 89.1019897461, 89.1040115356, 90.665435791, 90.665435791, 89.1040115356, 89.1019897461, 90.6675262451, 90.665435791, 90.665435791, 89.1040115356, 90.665435791, 89.1040115356, 89.1019897461, 89.1040115356]
