
metadata:
    version:
        essentia: "2.1-beta2"
    audio_properties:
        analysis_sample_rate: 44100
        bitrate: 320
        channels: 2
        equal_loudness: 1
        length: 217.835098267
        replay_gain: -14.625120163
        downmix: "mix"
    tags:
        album: "Wretched & Divine: The Story Of The Wild Ones"
        artist: "Black Veil Brides"
        comment: ""
        date: "2013"
        genre: "Metal"
        title: "Wretched And Divine"
        tracknumber: "5/19"

configuration:
    average_loudness:
        compute: 1
        frameSize: 88200
        hopSize: 44100
        silentFrames: "noise"
        windowType: "hann"
    general:
        analysisSampleRate: 44100
        endTime: 2000
        equalLoudness: 1
        nequalLoudness: 0
        shortSound: 0
        startTime: 0
    lowlevel:
        compute: 1
        frameSize: 2048
        hopSize: 1024
        zeroPadding: 0
        silentFrames: "noise"
        windowType: "blackmanharris62"
        mfccStats: ["mean", "cov", "icov"]
        stats: ["mean", "var", "median", "min", "max", "dmean", "dmean2", "dvar", "dvar2"]
    panning:
        compute: 0
        frameSize: 8192
        hopSize: 2048
        zeroPadding: 8192
        silentFrames: "noise"
        windowType: "hann"
        stats: ["copy"]
    rhythm:
        compute: 1
        maxTempo: 208
        minTempo: 40
        method: "degara"
        stats: ["mean", "var", "median", "min", "max", "dmean", "dmean2", "dvar", "dvar2"]
    segmentation:
        compute: 0
        cpw: 5
        inc1: 300
        inc2: 50
        minimumSegmentsLength: 10
        size1: 1000
        size2: 600
    sfx:
        compute: 1
        stats: ["mean", "var", "median", "min", "max", "dmean", "dmean2", "dvar", "dvar2"]
    svm:
        compute: 0
    tonal:
        compute: 1
        frameSize: 4096
        hopSize: 2048
        zeroPadding: 0
        silentFrames: "noise"
        windowType: "blackmanharris62"
        stats: ["mean", "var", "median", "min", "max", "dmean", "dmean2", "dvar", "dvar2"]

lowlevel:
    average_loudness: 0.928409695625
    barkbands_kurtosis:
        dmean: 0.753318428993
        dmean2: 1.21790540218
        dvar: 1.02644228935
        dvar2: 2.44250011444
        max: 25.4006328583
        mean: -0.500485420227
        median: -0.978528380394
        min: -1.86428678036
        var: 2.29885578156
    barkbands_skewness:
        dmean: 0.402476191521
        dmean2: 0.630099177361
        dvar: 0.12815515697
        dvar2: 0.308836102486
        max: 3.82863306999
        mean: -0.542173564434
        median: -0.572260379791
        min: -3.92252588272
        var: 0.480218142271
    barkbands_spread:
        dmean: 6.63573360443
        dmean2: 10.635764122
        dvar: 34.236869812
        dvar2: 85.2917022705
        max: 81.238319397
        mean: 33.6326293945
        median: 34.0542907715
        min: 2.2899992466
        var: 106.408905029
    dissonance:
        dmean: 0.00789388082922
        dmean2: 0.0134319951758
        dvar: 5.36721599929e-005
        dvar2: 0.000151205327711
        max: 0.500000119209
        mean: 0.486681044102
        median: 0.4884763062
        min: 0.391942203045
        var: 8.41542132548e-005
    hfc:
        dmean: 3.03516411781
        dmean2: 4.98874855042
        dvar: 10.0707826614
        dvar2: 25.6003780365
        max: 49.6255912781
        mean: 11.0572385788
        median: 10.10846138
        min: 1.151191626e-016
        var: 37.5548095703
    pitch:
        dmean: 1130.62304688
        dmean2: 2155.73217773
        dvar: 1902166.5
        dvar2: 4180957.5
        max: 4688.44677734
        mean: 1626.15649414
        median: 659.918701172
        min: 64.8434753418
        var: 2373693
    pitch_instantaneous_confidence:
        dmean: 0.0791776701808
        dmean2: 0.129769831896
        dvar: 0.00425742613152
        dvar2: 0.0108553944156
        max: 0.845291316509
        mean: 0.351435035467
        median: 0.335797429085
        min: 0.105640947819
        var: 0.0132553521544
    pitch_salience:
        dmean: 0.0593095682561
        dmean2: 0.0998439863324
        dvar: 0.00273965205997
        dvar2: 0.00754779484123
        max: 0.881651639938
        mean: 0.6745043993
        median: 0.683833777905
        min: 0.249990046024
        var: 0.005173582118
    silence_rate_20dB:
        dmean: 0
        dmean2: 0
        dvar: 0
        dvar2: 0
        max: 1
        mean: 1
        median: 1
        min: 1
        var: 0
    silence_rate_30dB:
        dmean: 0
        dmean2: 0
        dvar: 0
        dvar2: 0
        max: 1
        mean: 1
        median: 1
        min: 1
        var: 0
    silence_rate_60dB:
        dmean: 0.0876145809889
        dmean2: 0.175247848034
        dvar: 0.0799498930573
        dvar2: 0.181226417422
        max: 1
        mean: 0.176915705204
        median: 0
        min: 0
        var: 0.145611301064
    spectral_centroid:
        dmean: 280.232666016
        dmean2: 442.159820557
        dvar: 79176.9296875
        dvar2: 169279.171875
        max: 11233.4462891
        mean: 2059.05541992
        median: 2093.18554688
        min: 277.452667236
        var: 246489.28125
    spectral_complexity:
        dmean: 4.66851425171
        dmean2: 7.70578813553
        dvar: 17.4971427917
        dvar2: 44.4935035706
        max: 49
        mean: 20.4006175995
        median: 21
        min: 0
        var: 72.5374221802
    spectral_crest:
        dmean: 1.86476624012
        dmean2: 3.12833285332
        dvar: 3.39666461945
        dvar2: 9.03489303589
        max: 19.7699337006
        mean: 6.12175989151
        median: 5.53703165054
        min: 2.34480905533
        var: 5.52148103714
    spectral_decrease:
        dmean: 2.97869534593e-010
        dmean2: 4.85952555973e-010
        dvar: 9.74276008308e-020
        dvar2: 2.44810978224e-019
        max: 9.64870017835e-029
        mean: -1.13373177513e-009
        median: -1.08224973427e-009
        min: -4.27299617911e-009
        var: 2.77998110634e-019
    spectral_energy:
        dmean: 0.00135746202432
        dmean2: 0.00222080620006
        dvar: 1.97385725187e-006
        dvar2: 4.97270502819e-006
        max: 0.0206165984273
        mean: 0.00528187956661
        median: 0.00502315256745
        min: 1.02905444494e-020
        var: 6.15287126493e-006
    spectral_energyband_high:
        dmean: 0.000191161670955
        dmean2: 0.000328279711539
        dvar: 5.64537394609e-008
        dvar2: 1.5249004548e-007
        max: 0.00453046476468
        mean: 0.000479948910652
        median: 0.000413774047047
        min: 7.31655388191e-021
        var: 1.1691691526e-007
    spectral_energyband_low:
        dmean: 0.00026937876828
        dmean2: 0.000469999911729
        dvar: 1.3817236777e-007
        dvar2: 3.8336952457e-007
        max: 0.00344259850681
        mean: 0.000391818757635
        median: 0.000296690850519
        min: 6.87122145363e-023
        var: 1.25143486684e-007
    spectral_energyband_middle_high:
        dmean: 0.000919325277209
        dmean2: 0.00147689925507
        dvar: 9.23491029425e-007
        dvar2: 2.24093491852e-006
        max: 0.0193785708398
        mean: 0.00322773936205
        median: 0.00283509423025
        min: 9.61989847818e-022
        var: 3.85820703741e-006
    spectral_energyband_middle_low:
        dmean: 0.000581396801863
        dmean2: 0.000934352574404
        dvar: 7.46444300148e-007
        dvar2: 1.81457232884e-006
        max: 0.00896506663412
        mean: 0.00127973605413
        median: 0.00099414458964
        min: 2.82441688534e-022
        var: 1.10279358978e-006
    spectral_flatness_db:
        dmean: 0.013794047758
        dmean2: 0.0219160765409
        dvar: 0.000144847726915
        dvar2: 0.000352058938006
        max: 0.374304115772
        mean: 0.138154014945
        median: 0.136324673891
        min: 0.0541451834142
        var: 0.000767213408835
    spectral_flux:
        dmean: 0.00764825753868
        dmean2: 0.0119237098843
        dvar: 5.91647367401e-005
        dvar2: 0.000133166409796
        max: 0.114267535508
        mean: 0.0447206459939
        median: 0.0442954264581
        min: 1.01442319822e-010
        var: 0.000197721587028
    spectral_kurtosis:
        dmean: 1.10836422443
        dmean2: 1.86619496346
        dvar: 1.26847589016
        dvar2: 3.75510048866
        max: 22.570476532
        mean: 4.0460062027
        median: 3.74758672714
        min: -1.20559895039
        var: 4.75846624374
    spectral_rms:
        dmean: 0.000283982721157
        dmean2: 0.000460982118966
        dvar: 7.16704704473e-008
        dvar2: 1.78775991344e-007
        max: 0.00448483601213
        mean: 0.00219497154467
        median: 0.00221373816021
        min: 3.16852577162e-012
        var: 3.35165509568e-007
    spectral_rolloff:
        dmean: 282.066925049
        dmean2: 464.016204834
        dvar: 176158.703125
        dvar2: 359508.84375
        max: 19272.2167969
        mean: 3592.54223633
        median: 3660.64453125
        min: 193.798828125
        var: 364167.40625
    spectral_skewness:
        dmean: 0.158079281449
        dmean2: 0.259603857994
        dvar: 0.0211208853871
        dvar2: 0.0556052327156
        max: 3.38638067245
        mean: 1.29000425339
        median: 1.28533816338
        min: -0.00964846648276
        var: 0.116128310561
    spectral_spread:
        dmean: 506784.34375
        dmean2: 734685.25
        dvar: 583367720960
        dvar2: 795099725824
        max: 40819624
        mean: 4243648
        median: 3976881.5
        min: 1575658.75
        var: 2.28840544666e+012
    spectral_strongpeak:
        dmean: 0.754316270351
        dmean2: 1.28890156746
        dvar: 0.922378361225
        dvar2: 2.29388523102
        max: 9.94836902618
        mean: 1.02521502972
        median: 0.407632291317
        min: 2.17146967074e-009
        var: 1.64561331272
    zerocrossingrate:
        dmean: 0.00774822523817
        dmean2: 0.00968250073493
        dvar: 7.06072896719e-005
        dvar2: 8.77618367667e-005
        max: 0.49560546875
        mean: 0.111827388406
        median: 0.11279296875
        min: 0.0234375
        var: 0.000419247109676
    barkbands:
        dmean: [3.84793167996e-007, 0.000112278547022, 0.000159427843755, 0.000108529347926, 0.0003838527482, 0.000125682505313, 9.72011257545e-005, 7.05177226337e-005, 8.64814501256e-005, 5.25729301444e-005, 6.02909822192e-005, 7.27625374566e-005, 8.77077618497e-005, 0.00011011211609, 0.000150609412231, 0.000166775615071, 0.000260383123532, 0.000240267152549, 0.000324088294292, 0.000224407180212, 7.98302135081e-005, 3.18506354233e-005, 5.89801038586e-006, 3.56690520675e-006, 1.71847977981e-006, 9.18281770623e-008, 1.07966025009e-009]
        dmean2: [6.88536545113e-007, 0.000196119493921, 0.000284355483018, 0.00018242195074, 0.000632885028608, 0.000205414180527, 0.000158267372171, 0.000114501097414, 0.000140114745591, 8.67298003868e-005, 9.86236118479e-005, 0.000118508534797, 0.0001408533426, 0.000177060894202, 0.000240618552198, 0.000269971118541, 0.000428585917689, 0.000397481489927, 0.000526746851392, 0.000380101555493, 0.000136159258545, 5.59159161639e-005, 9.56263193075e-006, 5.35147546543e-006, 2.48811056736e-006, 1.33016214932e-007, 1.64002889047e-009]
        dvar: [3.33874827741e-013, 2.77180394193e-008, 5.07374302572e-008, 2.3765627688e-008, 5.82083032441e-007, 3.38674759348e-008, 2.33567014618e-008, 1.55888226772e-008, 1.84852311236e-008, 5.56003687535e-009, 1.53237156297e-008, 2.86296817364e-008, 4.35588098924e-008, 5.83435877388e-008, 9.48555225477e-008, 7.06268181716e-008, 1.59846592851e-007, 1.2541026706e-007, 1.4755532618e-007, 6.45884199457e-008, 9.20507225999e-009, 2.07615080683e-009, 1.72610481464e-010, 1.24199955875e-010, 3.25567524329e-011, 1.18074319311e-013, 1.77523596997e-017]
        dvar2: [9.79643991796e-013, 7.56494031862e-008, 1.42716487517e-007, 6.07369017303e-008, 1.45486058045e-006, 8.07972710959e-008, 5.81697676694e-008, 3.79018771923e-008, 4.52174084842e-008, 1.40153790795e-008, 3.55260070251e-008, 7.08463474552e-008, 1.07162456686e-007, 1.35947303193e-007, 2.2905904018e-007, 1.63512936524e-007, 4.1709338916e-007, 3.224910472e-007, 3.68222117686e-007, 1.73152415073e-007, 2.48983766937e-008, 5.31599253506e-009, 3.46210005109e-010, 2.18929874229e-010, 6.15448386698e-011, 2.39269975361e-013, 3.63243362723e-017]
        max: [5.01323620483e-006, 0.00108120625373, 0.00224416772835, 0.00307890726253, 0.00657846033573, 0.00332770589739, 0.00293644447811, 0.00236828159541, 0.00258382619359, 0.00141873664688, 0.00477946083993, 0.0066695837304, 0.0058491663076, 0.0105996849015, 0.00965826772153, 0.00979198515415, 0.0117871193215, 0.00780907366425, 0.00523755280301, 0.00436258595437, 0.00195724167861, 0.000985801569186, 0.000330237613525, 0.0002035862708, 0.000156441354193, 8.40609936859e-006, 1.40101249713e-007]
        mean: [3.49953211298e-007, 0.000139125346323, 0.000189092432265, 0.000137650087709, 0.000447267200798, 0.000219579262193, 0.000165458390256, 0.00011459243251, 0.0001542566024, 9.62548365351e-005, 9.88265528576e-005, 0.000113335037895, 0.000143765239045, 0.000175941328052, 0.000244871305767, 0.000323923071846, 0.000530328892637, 0.000478872068925, 0.000706532679033, 0.000526967865881, 0.000199234316824, 5.58934661967e-005, 1.05846283986e-005, 6.06582034379e-006, 2.96974167213e-006, 1.46950597468e-007, 1.5153015509e-009]
        median: [1.10778174189e-007, 9.69984321273e-005, 0.000133261972223, 8.08441254776e-005, 0.000180903763976, 0.000124391634017, 9.31403556024e-005, 5.78602375754e-005, 9.00246886886e-005, 6.0737671447e-005, 5.54912403459e-005, 5.54523576284e-005, 5.94278426433e-005, 9.2464943009e-005, 0.000126885977807, 0.000214953848626, 0.000367256812751, 0.000332466821419, 0.000548348587472, 0.000436800008174, 0.000169490536791, 3.94514827349e-005, 4.90991214974e-006, 1.66555173564e-006, 9.83475388239e-007, 3.68594470501e-008, 3.75889014359e-010]
        min: [2.8305348882e-024, 2.78762807304e-023, 2.8120101859e-023, 4.156769617e-024, 7.1561409732e-023, 1.89746622576e-023, 3.38336446906e-023, 9.24651792686e-024, 8.36283310093e-023, 4.56928872905e-023, 2.68509982119e-023, 5.6649830787e-023, 4.88695891351e-023, 6.11725470615e-023, 4.74893286756e-023, 1.30283231018e-022, 8.70003390368e-023, 1.66088415816e-022, 1.3577307183e-022, 2.85050836512e-022, 3.75142008306e-022, 5.27008006686e-022, 7.35915842924e-022, 6.51932120611e-022, 1.09350086195e-021, 1.34569562914e-021, 2.44286670116e-021]
        var: [2.91809680803e-013, 2.39847874894e-008, 4.22116741561e-008, 3.33247456297e-008, 5.87776185057e-007, 8.62282121261e-008, 4.87340408029e-008, 3.18636743657e-008, 4.07583016226e-008, 1.32645077144e-008, 2.83721899308e-008, 5.14666353979e-008, 8.71033662975e-008, 1.07280804684e-007, 1.63492103411e-007, 1.69246803239e-007, 3.26589173483e-007, 2.62477897195e-007, 3.47557858049e-007, 1.66688138847e-007, 2.20041762589e-008, 3.83267240167e-009, 4.82346940167e-010, 3.48216872004e-010, 7.63170013296e-011, 2.50634257272e-013, 3.95242811633e-017]
    frequency_bands:
        dmean: [3.84793167996e-007, 0.000112278547022, 0.000159427843755, 0.000108529347926, 0.0003838527482, 0.000125682505313, 9.72011257545e-005, 7.05177226337e-005, 8.64814501256e-005, 5.25729301444e-005, 6.02909822192e-005, 7.27625374566e-005, 8.77077618497e-005, 0.00011011211609, 0.000150609412231, 0.000166775615071, 0.000260383123532, 0.000240267152549, 0.000324088294292, 0.000224407180212, 7.98302135081e-005, 3.18506354233e-005, 5.89801038586e-006, 3.56690520675e-006, 1.71847977981e-006, 9.18281770623e-008, 1.07966025009e-009, 6.21910370424e-011]
        dmean2: [6.88536545113e-007, 0.000196119493921, 0.000284355483018, 0.00018242195074, 0.000632885028608, 0.000205414180527, 0.000158267372171, 0.000114501097414, 0.000140114745591, 8.67298003868e-005, 9.86236118479e-005, 0.000118508534797, 0.0001408533426, 0.000177060894202, 0.000240618552198, 0.000269971118541, 0.000428585917689, 0.000397481489927, 0.000526746851392, 0.000380101555493, 0.000136159258545, 5.59159161639e-005, 9.56263193075e-006, 5.35147546543e-006, 2.48811056736e-006, 1.33016214932e-007, 1.64002889047e-009, 1.16106367576e-010]
        dvar: [3.33874827741e-013, 2.77180394193e-008, 5.07374302572e-008, 2.3765627688e-008, 5.82083032441e-007, 3.38674759348e-008, 2.33567014618e-008, 1.55888226772e-008, 1.84852311236e-008, 5.56003687535e-009, 1.53237156297e-008, 2.86296817364e-008, 4.35588098924e-008, 5.83435877388e-008, 9.48555225477e-008, 7.06268181716e-008, 1.59846592851e-007, 1.2541026706e-007, 1.4755532618e-007, 6.45884199457e-008, 9.20507225999e-009, 2.07615080683e-009, 1.72610481464e-010, 1.24199955875e-010, 3.25567524329e-011, 1.18074319311e-013, 1.77523596997e-017, 7.48209905655e-021]
        dvar2: [9.79643991796e-013, 7.56494031862e-008, 1.42716487517e-007, 6.07369017303e-008, 1.45486058045e-006, 8.07972710959e-008, 5.81697676694e-008, 3.79018771923e-008, 4.52174084842e-008, 1.40153790795e-008, 3.55260070251e-008, 7.08463474552e-008, 1.07162456686e-007, 1.35947303193e-007, 2.2905904018e-007, 1.63512936524e-007, 4.1709338916e-007, 3.224910472e-007, 3.68222117686e-007, 1.73152415073e-007, 2.48983766937e-008, 5.31599253506e-009, 3.46210005109e-010, 2.18929874229e-010, 6.15448386698e-011, 2.39269975361e-013, 3.63243362723e-017, 2.35416927114e-020]
        max: [5.01323620483e-006, 0.00108120625373, 0.00224416772835, 0.00307890726253, 0.00657846033573, 0.00332770589739, 0.00293644447811, 0.00236828159541, 0.00258382619359, 0.00141873664688, 0.00477946083993, 0.0066695837304, 0.0058491663076, 0.0105996849015, 0.00965826772153, 0.00979198515415, 0.0117871193215, 0.00780907366425, 0.00523755280301, 0.00436258595437, 0.00195724167861, 0.000985801569186, 0.000330237613525, 0.0002035862708, 0.000156441354193, 8.40609936859e-006, 1.40101249713e-007, 1.18091048051e-009]
        mean: [3.49953211298e-007, 0.000139125346323, 0.000189092432265, 0.000137650087709, 0.000447267200798, 0.000219579262193, 0.000165458390256, 0.00011459243251, 0.0001542566024, 9.62548365351e-005, 9.88265528576e-005, 0.000113335037895, 0.000143765239045, 0.000175941328052, 0.000244871305767, 0.000323923071846, 0.000530328892637, 0.000478872068925, 0.000706532679033, 0.000526967865881, 0.000199234316824, 5.58934661967e-005, 1.05846283986e-005, 6.06582034379e-006, 2.96974167213e-006, 1.46950597468e-007, 1.5153015509e-009, 4.78683100102e-011]
        median: [1.10778174189e-007, 9.69984321273e-005, 0.000133261972223, 8.08441254776e-005, 0.000180903763976, 0.000124391634017, 9.31403556024e-005, 5.78602375754e-005, 9.00246886886e-005, 6.0737671447e-005, 5.54912403459e-005, 5.54523576284e-005, 5.94278426433e-005, 9.2464943009e-005, 0.000126885977807, 0.000214953848626, 0.000367256812751, 0.000332466821419, 0.000548348587472, 0.000436800008174, 0.000169490536791, 3.94514827349e-005, 4.90991214974e-006, 1.66555173564e-006, 9.83475388239e-007, 3.68594470501e-008, 3.75889014359e-010, 1.93521899894e-011]
        min: [2.8305348882e-024, 2.78762807304e-023, 2.8120101859e-023, 4.156769617e-024, 7.1561409732e-023, 1.89746622576e-023, 3.38336446906e-023, 9.24651792686e-024, 8.36283310093e-023, 4.56928872905e-023, 2.68509982119e-023, 5.6649830787e-023, 4.88695891351e-023, 6.11725470615e-023, 4.74893286756e-023, 1.30283231018e-022, 8.70003390368e-023, 1.66088415816e-022, 1.3577307183e-022, 2.85050836512e-022, 3.75142008306e-022, 5.27008006686e-022, 7.35915842924e-022, 6.51932120611e-022, 1.09350086195e-021, 1.34569562914e-021, 2.44286670116e-021, 8.32329589723e-022]
        var: [2.91809680803e-013, 2.39847874894e-008, 4.22116741561e-008, 3.33247456297e-008, 5.87776185057e-007, 8.62282121261e-008, 4.87340408029e-008, 3.18636743657e-008, 4.07583016226e-008, 1.32645077144e-008, 2.83721899308e-008, 5.14666353979e-008, 8.71033662975e-008, 1.07280804684e-007, 1.63492103411e-007, 1.69246803239e-007, 3.26589173483e-007, 2.62477897195e-007, 3.47557858049e-007, 1.66688138847e-007, 2.20041762589e-008, 3.83267240167e-009, 4.82346940167e-010, 3.48216872004e-010, 7.63170013296e-011, 2.50634257272e-013, 3.95242811633e-017, 5.91541816858e-021]
    mfcc:
        mean: [-691.149902344, 99.3004226685, -60.0983505249, 60.937713623, -10.8401222229, -2.48013162613, 1.39547228813, -4.15824890137, 1.66681206226, -3.02390623093, -1.75492084026, -3.89778184891, -0.773001372814]
        cov: [[3958.29321289, 354.218505859, -238.989532471, 261.106170654, -133.867156982, -12.8223819733, -67.4198303223, -14.0948858261, -2.60720586777, -43.3628921509, -51.299533844, -44.4679107666, -60.9117851257], [354.218505859, 643.060302734, -247.396133423, 162.249191284, -59.2856254578, 46.124961853, 49.446308136, -23.4336242676, 8.89728736877, -28.3786201477, 28.3123340607, 0.750259876251, 35.9697036743], [-238.989532471, -247.396133423, 469.019073486, -57.0997772217, 82.2790679932, 4.18647766113, -12.9723339081, 26.0339279175, -20.6073608398, 14.6988220215, -38.7753181458, 0.475797146559, -12.5672483444], [261.106170654, 162.249191284, -57.0997772217, 265.780029297, -19.073759079, 0.731792747974, -6.84079790115, 8.95164299011, 70.9765396118, -7.04796648026, -10.6827659607, -2.72428011894, 27.9106712341], [-133.867156982, -59.2856254578, 82.2790679932, -19.073759079, 143.93737793, 20.3443603516, -15.9795732498, -7.81725168228, -13.6931505203, 16.0392036438, -5.76214361191, -2.24920415878, -5.4191198349], [-12.8223819733, 46.124961853, 4.18647766113, 0.731792747974, 20.3443603516, 98.5122680664, 44.1508750916, 8.85781955719, -1.43692302704, 2.69245529175, 8.41558647156, 3.14629745483, 1.46036553383], [-67.4198303223, 49.446308136, -12.9723339081, -6.84079790115, -15.9795732498, 44.1508750916, 96.772605896, 37.7482376099, 10.9346446991, 1.71572053432, 18.8457622528, 16.524023056, 10.2227144241], [-14.0948858261, -23.4336242676, 26.0339279175, 8.95164299011, -7.81725168228, 8.85781955719, 37.7482376099, 74.784942627, 36.5420570374, 4.83582735062, 0.890451490879, 8.05876064301, 5.17599439621], [-2.60720586777, 8.89728736877, -20.6073608398, 70.9765396118, -13.6931505203, -1.43692302704, 10.9346446991, 36.5420570374, 107.650337219, 28.3387928009, 1.53653824329, 5.97735548019, 15.1282491684], [-43.3628921509, -28.3786201477, 14.6988220215, -7.04796648026, 16.0392036438, 2.69245529175, 1.71572053432, 4.83582735062, 28.3387928009, 62.800163269, 29.4300251007, 8.58013629913, 0.0334550179541], [-51.299533844, 28.3123340607, -38.7753181458, -10.6827659607, -5.76214361191, 8.41558647156, 18.8457622528, 0.890451490879, 1.53653824329, 29.4300251007, 79.0836486816, 30.1059112549, 3.95272374153], [-44.4679107666, 0.750259876251, 0.475797146559, -2.72428011894, -2.24920415878, 3.14629745483, 16.524023056, 8.05876064301, 5.97735548019, 8.58013629913, 30.1059112549, 58.4734992981, 24.944486618], [-60.9117851257, 35.9697036743, -12.5672483444, 27.9106712341, -5.4191198349, 1.46036553383, 10.2227144241, 5.17599439621, 15.1282491684, 0.0334550179541, 3.95272374153, 24.944486618, 60.7435035706]]
        icov: [[0.000311173702357, -0.00011623451428, 0.000101482233731, -0.000310823350446, 0.000268575560767, -0.000116291128506, 0.000356608245056, -0.00027418017271, 0.000323257467244, -0.000221653026529, 0.000334939482855, -0.000219548281166, 0.000522760790773], [-0.00011623451428, 0.00270080496557, 0.000959250610322, -0.00144276488572, 0.000186412478797, -0.000747331243474, -0.00144957273733, 0.00115103367716, 0.000614324468188, 0.000712453853339, -0.000895151344594, 0.000875301135238, -0.00112858624198], [0.000101482233731, 0.000959250610322, 0.00319338892587, -0.000417799630668, -0.00102478521876, -0.000376961979782, 0.000147396815009, -0.00146779476199, 0.00151027808897, -0.00140144932084, 0.00201778952032, -0.000949349137954, 0.000287479924737], [-0.000310823350446, -0.00144276488572, -0.000417799630668, 0.00640795147046, -0.000398920179578, -5.74329824303e-005, 0.0013400116004, 0.000457958260085, -0.00490080937743, 0.00223369826563, -0.00030043523293, 0.000749629223719, -0.00185584125575], [0.000268575560767, 0.000186412478797, -0.00102478521876, -0.000398920179578, 0.00905139930546, -0.00296026142314, 0.00246966164559, -6.00507555646e-005, 0.0017123556463, -0.00305648287758, 0.00120157597121, -0.000456422683783, 0.000282837107079], [-0.000116291128506, -0.000747331243474, -0.000376961979782, -5.74329824303e-005, -0.00296026142314, 0.0143445227295, -0.00754003832117, 0.00156296184286, -1.13330315799e-005, -8.7770538812e-005, -0.000309176306473, 0.000936970289331, 0.000439341616584], [0.000356608245056, -0.00144957273733, 0.000147396815009, 0.0013400116004, 0.00246966164559, -0.00754003832117, 0.0197225511074, -0.00952983740717, 0.000855894410051, 0.000394840666559, -0.00184765970334, -0.00234420434572, -0.000605267239735], [-0.00027418017271, 0.00115103367716, -0.00146779476199, 0.000457958260085, -6.00507555646e-005, 0.00156296184286, -0.00952983740717, 0.0225789137185, -0.0082058859989, 0.00307498220354, -0.000285559275653, -0.000311947922455, 0.000354956049705], [0.000323257467244, 0.000614324468188, 0.00151027808897, -0.00490080937743, 0.0017123556463, -1.13330315799e-005, 0.000855894410051, -0.0082058859989, 0.0185834076256, -0.0103619741276, 0.00400200951844, -0.000949203444179, -0.00126023509074], [-0.000221653026529, 0.000712453853339, -0.00140144932084, 0.00223369826563, -0.00305648287758, -8.7770538812e-005, 0.000394840666559, 0.00307498220354, -0.0103619741276, 0.0271592643112, -0.012044207193, 0.00270083546638, -0.000319141021464], [0.000334939482855, -0.000895151344594, 0.00201778952032, -0.00030043523293, 0.00120157597121, -0.000309176306473, -0.00184765970334, -0.000285559275653, 0.00400200951844, -0.012044207193, 0.0232779420912, -0.0115133393556, 0.00409451592714], [-0.000219548281166, 0.000875301135238, -0.000949349137954, 0.000749629223719, -0.000456422683783, 0.000936970289331, -0.00234420434572, -0.000311947922455, -0.000949203444179, 0.00270083546638, -0.0115133393556, 0.0281340926886, -0.0114907063544], [0.000522760790773, -0.00112858624198, 0.000287479924737, -0.00185584125575, 0.000282837107079, 0.000439341616584, -0.000605267239735, 0.000354956049705, -0.00126023509074, -0.000319141021464, 0.00409451592714, -0.0114907063544, 0.023419957608]]
    sccoeffs:
        dmean: [0.0583695173264, 0.0451043099165, 0.0343464575708, 0.0293169450015, 0.020933451131, 0.017928391695]
        dmean2: [0.0970169529319, 0.0756015852094, 0.0576833374798, 0.0482314005494, 0.0342244356871, 0.0280888043344]
        dvar: [0.00220484472811, 0.00124914362095, 0.000735834531952, 0.000548607960809, 0.000269599899184, 0.000242583351792]
        dvar2: [0.00572709413245, 0.00341146811843, 0.00202285638079, 0.00147767900489, 0.000717234273907, 0.000554749276489]
        max: [-0.365880936384, -0.509276926517, -0.626338660717, -0.557211577892, -0.602810144424, -0.564398527145]
        mean: [-0.663346469402, -0.764939308167, -0.803064107895, -0.786859035492, -0.791679680347, -0.734845042229]
        median: [-0.668003022671, -0.769063830376, -0.807480931282, -0.790567874908, -0.793623209, -0.734626054764]
        min: [-0.962969779968, -0.979017913342, -0.973028063774, -0.965513050556, -0.956785440445, -0.965215265751]
        var: [0.00499082915485, 0.00347676221281, 0.00201516062953, 0.00166008831002, 0.000965675979387, 0.00171979237348]
    scvalleys:
        dmean: [0.40737721324, 0.339726001024, 0.29365426302, 0.273555785418, 0.222814336419, 0.31922274828]
        dmean2: [0.679479420185, 0.568276643753, 0.481066763401, 0.435716658831, 0.357669770718, 0.499784767628]
        dvar: [0.14610247314, 0.114747054875, 0.0934231951833, 0.086835257709, 0.0823077484965, 0.151094317436]
        dvar2: [0.317737787962, 0.226104438305, 0.171165362, 0.150479525328, 0.132116064429, 0.314763367176]
        max: [-5.41255474091, -4.93402481079, -5.15425205231, -5.32565784454, -5.59090518951, -7.33090019226]
        mean: [-6.88578939438, -6.55765962601, -6.80468702316, -6.8733997345, -6.59374094009, -9.66824817657]
        median: [-6.72221088409, -6.44778776169, -6.68970870972, -6.76003980637, -6.44104957581, -9.53181838989]
        min: [-27.6712226868, -27.4073886871, -27.0436439514, -27.1398200989, -27.4028968811, -27.219537735]
        var: [1.23890042305, 0.87832570076, 0.839119553566, 0.814314424992, 0.850477099419, 1.38974070549]

rhythm:
    beats_loudness:
        dmean: 0.00281782937236
        dmean2: 0.00529651716352
        dvar: 3.09890242534e-006
        dvar2: 9.74399426923e-006
        max: 0.0150412209332
        mean: 0.00616125902161
        median: 0.00639463728294
        min: 2.22647722481e-009
        var: 6.27377448836e-006
    bpm: 93.9738769531
    bpm_confidence: 0
    first_peak_bpm: 94
    first_peak_spread: 0.287833869457
    first_peak_weight: 0.707964599133
    onset_rate: 2.7084710598
    second_peak_bpm: 89
    second_peak_spread: 0
    second_peak_weight: 0.00294985249639
    beats_loudness_band_ratio:
        dmean: [0.140226811171, 0.215203925967, 0.0639927610755, 0.0744053274393, 0.130236849189, 0.0851647555828]
        dmean2: [0.258648663759, 0.418990194798, 0.111810624599, 0.13465847075, 0.233827576041, 0.151224061847]
        dvar: [0.00741252629086, 0.0139420041814, 0.0039175087586, 0.00783129408956, 0.0112815676257, 0.00589202344418]
        dvar2: [0.0230836030096, 0.0490713752806, 0.0107859559357, 0.021296326071, 0.0330997742712, 0.0160875488073]
        max: [0.66722124815, 0.57889187336, 0.376462846994, 0.616278350353, 0.769651532173, 0.624376118183]
        mean: [0.198671072721, 0.188586890697, 0.100042678416, 0.0994968786836, 0.294459700584, 0.224157243967]
        median: [0.194428086281, 0.180615082383, 0.0801953300834, 0.0690205693245, 0.273332715034, 0.204475611448]
        min: [2.35351453739e-005, 0.00487729161978, 0.000831625715364, 0.0114124249667, 0.0552015453577, 0.0642217695713]
        var: [0.0144251026213, 0.0200155936182, 0.00457139452919, 0.00829053390771, 0.0149696907029, 0.00788960419595]
    beats_position: [0.66176867485, 1.33514738083, 1.99691605568, 2.6470746994, 3.29723358154, 3.92417216301, 4.5627207756, 5.20126962662, 5.83981847763, 6.47836732864, 7.11691617966, 7.75546455383, 8.39401340485, 9.03256225586, 9.682721138, 10.3096599579, 10.9482088089, 11.5867567062, 12.2253055573, 12.8638544083, 13.5024032593, 14.1409521103, 14.7795009613, 15.4064397812, 16.0449886322, 16.6835365295, 17.3220863342, 17.9606342316, 18.5991840363, 19.2377319336, 19.8762817383, 20.5148296356, 21.153377533, 21.7919273376, 22.430475235, 23.0690250397, 23.707572937, 24.3461227417, 24.984670639, 25.6116104126, 26.2501583099, 26.8887062073, 27.5388660431, 28.1774139404, 28.8159637451, 29.4545116425, 30.0930614471, 30.7316093445, 31.3701572418, 32.0087051392, 32.6472549438, 33.2858047485, 33.9243545532, 34.5629005432, 35.2014503479, 35.8400001526, 36.4785499573, 37.1170959473, 37.755645752, 38.3941955566, 39.0327415466, 39.6712913513, 40.309841156, 40.9483909607, 41.5869369507, 42.2254867554, 42.8640365601, 43.50258255, 44.1411323547, 44.7680702209, 45.4066200256, 46.0451698303, 46.683719635, 47.3106575012, 47.9492073059, 48.5877532959, 49.2263031006, 49.8764610291, 50.5266189575, 51.1651687622, 51.8037185669, 52.4306564331, 53.0692062378, 53.7193641663, 54.3579139709, 54.9964599609, 55.6350097656, 56.2735595703, 56.912109375, 57.5390472412, 58.1659851074, 58.8161430359, 59.4663009644, 60.104850769, 60.7434005737, 61.3703384399, 62.0088882446, 62.6358261108, 63.2743759155, 63.924533844, 64.563079834, 65.2016296387, 65.8401794434, 66.478729248, 67.1172790527, 67.7558288574, 68.3943786621, 69.0329208374, 69.6714706421, 70.3100204468, 70.936958313, 71.5871200562, 72.2256698608, 72.8642196655, 73.5027618408, 74.1413116455, 74.7798614502, 75.4184112549, 76.0569610596, 76.6955108643, 77.345664978, 77.9958267212, 78.6343765259, 79.2729263306, 79.8998641968, 80.526802063, 81.1769561768, 81.8155059814, 82.4540557861, 83.0809936523, 83.7311553955, 84.3813171387, 85.0314712524, 85.6700210571, 86.3085708618, 86.9122848511, 87.5392303467, 88.177772522, 88.8163223267, 89.4548721313, 90.093421936, 90.7203598022, 91.3705215454, 92.0090713501, 92.6476211548, 93.2861633301, 93.9247131348, 94.5632629395, 95.2018127441, 95.8403625488, 96.4789123535, 97.1058502197, 97.7560043335, 98.3945541382, 99.0331039429, 99.6716537476, 100.310203552, 100.948753357, 101.587303162, 102.225845337, 102.864395142, 103.502944946, 104.141494751, 104.768432617, 105.406982422, 106.033920288, 106.672470093, 107.322631836, 107.97278595, 108.599723816, 109.249885559, 109.888435364, 110.526985168, 111.165527344, 111.804077148, 112.442626953, 113.081176758, 113.708114624, 114.33505249, 114.985214233, 115.635368347, 116.273918152, 116.912467957, 117.551017761, 118.189567566, 118.828117371, 119.466667175, 120.10521698, 120.743759155, 121.370697021, 121.997642517, 122.647796631, 123.286346436, 123.92489624, 124.563446045, 125.213600159, 125.852149963, 126.47908783, 127.117637634, 127.756187439, 128.406341553, 129.033279419, 129.671829224, 130.310379028, 130.948928833, 131.587478638, 132.226028442, 132.864578247, 133.503128052, 134.141677856, 134.780227661, 135.418777466, 136.057327271, 136.695877075, 137.334411621, 137.961364746, 138.599899292, 139.238449097, 139.876998901, 140.515548706, 141.154098511, 141.792648315, 142.43119812, 143.069747925, 143.708297729, 144.346847534, 144.985397339, 145.612335205, 146.262496948, 146.901046753, 147.539596558, 148.178131104, 148.816680908, 149.455230713, 150.093780518, 150.732330322, 151.370880127, 152.009429932, 152.636367798, 153.274917603, 153.925079346, 154.56362915, 155.202178955, 155.84072876, 156.479278564, 157.11781311, 157.756362915, 158.39491272, 159.021850586, 159.660400391, 160.310562134, 160.949111938, 161.587661743, 162.226211548, 162.864761353, 163.503311157, 164.141860962, 164.768798828, 165.395736694, 166.045898438, 166.696044922, 167.334594727, 167.973144531, 168.611694336, 169.250244141, 169.877182007, 170.515731812, 171.154281616, 171.804443359, 172.442993164, 173.081542969, 173.720092773, 174.358642578, 174.997192383, 175.635726929, 176.262680054, 176.9012146, 177.539764404, 178.178314209, 178.816864014, 179.455413818, 180.105575562, 180.744125366, 181.371063232, 182.009613037, 182.648162842, 183.286712646, 183.925262451, 184.563812256, 185.202362061, 185.840896606, 186.479446411, 187.129608154, 187.756546021, 188.406707764, 189.045257568, 189.683807373, 190.310745239, 190.960906982, 191.587844849, 192.226394653, 192.85333252, 193.491882324, 194.130432129, 194.768981934, 195.407531738, 196.057678223, 196.696228027, 197.323165894, 197.961715698, 198.600265503, 199.238815308, 199.877365112, 200.527526855, 201.154464722, 201.793014526, 202.431564331, 203.070114136, 203.70866394, 204.347213745, 204.985748291, 205.624298096, 206.251235962, 206.889785767, 207.516723633, 208.166885376, 208.817047119, 209.455596924, 210.094146729, 210.744308472, 211.371246338, 212.021408081, 212.671554565, 213.333328247, 213.98348999, 214.598815918, 215.225753784, 215.85269165, 216.468017578, 217.094955444]
