
metadata:
    version:
        essentia: "2.1-beta2"
    audio_properties:
        analysis_sample_rate: 44100
        bitrate: 320
        channels: 2
        equal_loudness: 1
        length: 216.4506073
        replay_gain: -14.7642116547
        downmix: "mix"
    tags:
        album: "Wretched & Divine: The Story Of The Wild Ones"
        artist: "Black Veil Brides"
        comment: ""
        date: "2013"
        genre: "Metal"
        title: "We Don`t Belong"
        tracknumber: "6/19"

configuration:
    average_loudness:
        compute: 1
        frameSize: 88200
        hopSize: 44100
        silentFrames: "noise"
        windowType: "hann"
    general:
        analysisSampleRate: 44100
        endTime: 2000
        equalLoudness: 1
        nequalLoudness: 0
        shortSound: 0
        startTime: 0
    lowlevel:
        compute: 1
        frameSize: 2048
        hopSize: 1024
        zeroPadding: 0
        silentFrames: "noise"
        windowType: "blackmanharris62"
        mfccStats: ["mean", "cov", "icov"]
        stats: ["mean", "var", "median", "min", "max", "dmean", "dmean2", "dvar", "dvar2"]
    panning:
        compute: 0
        frameSize: 8192
        hopSize: 2048
        zeroPadding: 8192
        silentFrames: "noise"
        windowType: "hann"
        stats: ["copy"]
    rhythm:
        compute: 1
        maxTempo: 208
        minTempo: 40
        method: "degara"
        stats: ["mean", "var", "median", "min", "max", "dmean", "dmean2", "dvar", "dvar2"]
    segmentation:
        compute: 0
        cpw: 5
        inc1: 300
        inc2: 50
        minimumSegmentsLength: 10
        size1: 1000
        size2: 600
    sfx:
        compute: 1
        stats: ["mean", "var", "median", "min", "max", "dmean", "dmean2", "dvar", "dvar2"]
    svm:
        compute: 0
    tonal:
        compute: 1
        frameSize: 4096
        hopSize: 2048
        zeroPadding: 0
        silentFrames: "noise"
        windowType: "blackmanharris62"
        stats: ["mean", "var", "median", "min", "max", "dmean", "dmean2", "dvar", "dvar2"]

lowlevel:
    average_loudness: 0.89883941412
    barkbands_kurtosis:
        dmean: 0.639307081699
        dmean2: 1.0275195837
        dvar: 1.00787115097
        dvar2: 2.22102046013
        max: 36.2344245911
        mean: -0.562465012074
        median: -1.00169289112
        min: -1.88760232925
        var: 2.45044183731
    barkbands_skewness:
        dmean: 0.378558069468
        dmean2: 0.589054882526
        dvar: 0.12217798084
        dvar2: 0.286231964827
        max: 3.11439037323
        mean: -0.244018614292
        median: -0.266813844442
        min: -5.43088531494
        var: 0.551212906837
    barkbands_spread:
        dmean: 5.26243638992
        dmean2: 8.37470626831
        dvar: 25.8714351654
        dvar2: 64.4557418823
        max: 73.4830169678
        mean: 31.1998844147
        median: 30.8480224609
        min: 1.42069327831
        var: 100.406707764
    dissonance:
        dmean: 0.012320574373
        dmean2: 0.020934484899
        dvar: 0.000170160667039
        dvar2: 0.000479422596982
        max: 0.5
        mean: 0.478876590729
        median: 0.484383702278
        min: 0.256196826696
        var: 0.000422886630986
    hfc:
        dmean: 2.7235326767
        dmean2: 4.45399856567
        dvar: 15.6473197937
        dvar2: 40.6009063721
        max: 65.3683547974
        mean: 9.38248443604
        median: 8.957447052
        min: 1.19357014019e-016
        var: 52.5221977234
    pitch:
        dmean: 859.778076172
        dmean2: 1643.72570801
        dvar: 1671235.125
        dvar2: 3995010.25
        max: 5116.76904297
        mean: 1602.04162598
        median: 550.999633789
        min: 65.2273025513
        var: 2543123.25
    pitch_instantaneous_confidence:
        dmean: 0.0821192041039
        dmean2: 0.132731303573
        dvar: 0.00455108750612
        dvar2: 0.0114424796775
        max: 0.911505997181
        mean: 0.385865807533
        median: 0.367249965668
        min: 0.126779019833
        var: 0.0161408856511
    pitch_salience:
        dmean: 0.0553403459489
        dmean2: 0.0926521122456
        dvar: 0.00225000362843
        dvar2: 0.00617824215442
        max: 0.918283343315
        mean: 0.670455217361
        median: 0.683745622635
        min: 0.31258764863
        var: 0.00678501930088
    silence_rate_20dB:
        dmean: 0
        dmean2: 0
        dvar: 0
        dvar2: 0
        max: 1
        mean: 1
        median: 1
        min: 1
        var: 0
    silence_rate_30dB:
        dmean: 0
        dmean2: 0
        dvar: 0
        dvar2: 0
        max: 1
        mean: 1
        median: 1
        min: 1
        var: 0
    silence_rate_60dB:
        dmean: 0.055782020092
        dmean2: 0.111576013267
        dvar: 0.0526710562408
        dvar2: 0.116938196123
        max: 1
        mean: 0.365440309048
        median: 0
        min: 0
        var: 0.231895700097
    spectral_centroid:
        dmean: 266.511413574
        dmean2: 417.593261719
        dvar: 77836.2265625
        dvar2: 169881.796875
        max: 10960.5898438
        mean: 1878.79174805
        median: 1918.36865234
        min: 346.034088135
        var: 389673.375
    spectral_complexity:
        dmean: 3.80862474442
        dmean2: 6.29460334778
        dvar: 15.6598072052
        dvar2: 41.309967041
        max: 46
        mean: 17.2495975494
        median: 18
        min: 0
        var: 98.724899292
    spectral_crest:
        dmean: 1.83363342285
        dmean2: 3.06375527382
        dvar: 2.91071987152
        dvar2: 7.71216440201
        max: 21.4094657898
        mean: 6.55171489716
        median: 5.90531587601
        min: 2.1282684803
        var: 6.56584501266
    spectral_decrease:
        dmean: 2.4409779753e-010
        dmean2: 4.02769012586e-010
        dvar: 1.04319805404e-019
        dvar2: 2.78294913378e-019
        max: 5.0050685218e-029
        mean: -9.89761606007e-010
        median: -9.39150091028e-010
        min: -4.38149205806e-009
        var: 3.74243314941e-019
    spectral_energy:
        dmean: 0.00113264308311
        dmean2: 0.00186634156853
        dvar: 2.30322166317e-006
        dvar2: 6.11977611698e-006
        max: 0.0210146233439
        mean: 0.004586617928
        median: 0.00439466396347
        min: 1.06371323183e-020
        var: 8.43279849505e-006
    spectral_energyband_high:
        dmean: 0.000191522965906
        dmean2: 0.000324821652612
        dvar: 1.42311122886e-007
        dvar2: 3.59657974514e-007
        max: 0.0074585149996
        mean: 0.00045170012163
        median: 0.000365004438208
        min: 7.19239520287e-021
        var: 2.70891064247e-007
    spectral_energyband_low:
        dmean: 0.000184532866115
        dmean2: 0.00031999082421
        dvar: 1.01393624163e-007
        dvar2: 2.86675998495e-007
        max: 0.00375603279099
        mean: 0.000353880983312
        median: 0.000288371404167
        min: 6.00807383251e-023
        var: 1.2187948073e-007
    spectral_energyband_middle_high:
        dmean: 0.000795858330093
        dmean2: 0.00128103571478
        dvar: 1.00844556528e-006
        dvar2: 2.6099171464e-006
        max: 0.018742274493
        mean: 0.00267960713245
        median: 0.00235116994008
        min: 1.91048691774e-021
        var: 4.21434879172e-006
    spectral_energyband_middle_low:
        dmean: 0.000500165682752
        dmean2: 0.000827873998787
        dvar: 5.80428036301e-007
        dvar2: 1.52713369062e-006
        max: 0.00885278638452
        mean: 0.00126441440079
        median: 0.00101433566306
        min: 2.5427261419e-022
        var: 1.16929311389e-006
    spectral_flatness_db:
        dmean: 0.0132001517341
        dmean2: 0.0209972560406
        dvar: 0.000137643728522
        dvar2: 0.000322266685544
        max: 0.371991217136
        mean: 0.144296646118
        median: 0.138988241553
        min: 0.0627596080303
        var: 0.000981095246971
    spectral_flux:
        dmean: 0.00648687267676
        dmean2: 0.0100572295487
        dvar: 5.2152427088e-005
        dvar2: 0.000109958396934
        max: 0.111708320677
        mean: 0.0396730862558
        median: 0.0403735041618
        min: 1.03136471585e-010
        var: 0.00028114017914
    spectral_kurtosis:
        dmean: 1.32251119614
        dmean2: 2.24243664742
        dvar: 6.95743751526
        dvar2: 21.5879936218
        max: 102.248748779
        mean: 4.69618272781
        median: 3.93407154083
        min: -1.24318420887
        var: 22.1259384155
    spectral_rms:
        dmean: 0.000244311871938
        dmean2: 0.00039505327004
        dvar: 7.37411767204e-008
        dvar2: 1.89565284359e-007
        max: 0.00452792132273
        mean: 0.00198506494053
        median: 0.00207062251866
        min: 3.22144221021e-012
        var: 5.34226899163e-007
    spectral_rolloff:
        dmean: 293.67880249
        dmean2: 477.460021973
        dvar: 159375.484375
        dvar2: 318952.53125
        max: 19422.9492188
        mean: 3366.16894531
        median: 3552.97851563
        min: 279.931640625
        var: 787341.8125
    spectral_skewness:
        dmean: 0.174440056086
        dmean2: 0.284282028675
        dvar: 0.0453948900104
        dvar2: 0.124554134905
        max: 7.8783826828
        mean: 1.40805828571
        median: 1.33505702019
        min: -0.18856357038
        var: 0.271697551012
    spectral_spread:
        dmean: 402986.46875
        dmean2: 596657.3125
        dvar: 337854955520
        dvar2: 497679859712
        max: 41244088
        mean: 4152773.25
        median: 4072886.25
        min: 723829.3125
        var: 1.56379565261e+012
    spectral_strongpeak:
        dmean: 0.544187605381
        dmean2: 0.938780486584
        dvar: 0.713101446629
        dvar2: 1.80523455143
        max: 13.7891931534
        mean: 0.799352049828
        median: 0.365114867687
        min: 0
        var: 1.27260017395
    zerocrossingrate:
        dmean: 0.00775634916499
        dmean2: 0.00929986964911
        dvar: 7.81740163802e-005
        dvar2: 9.2059133749e-005
        max: 0.51953125
        mean: 0.103415958583
        median: 0.10595703125
        min: 0.01953125
        var: 0.000778664660174
    barkbands:
        dmean: [1.9348166802e-007, 5.73319193791e-005, 0.000116812596389, 9.20481834328e-005, 0.000225169904297, 0.000128319763462, 7.48071252019e-005, 8.36210674606e-005, 0.000115021386591, 0.000154545079567, 8.00013876869e-005, 0.000109080196125, 6.71247471473e-005, 7.89586119936e-005, 8.14524391899e-005, 9.08909350983e-005, 0.000142390272231, 0.000201056231163, 0.000319943705108, 0.000209260193515, 8.7225875177e-005, 2.96658781735e-005, 5.75787043999e-006, 2.47129810305e-006, 1.31652961954e-006, 5.24439229821e-008, 4.25848023511e-010]
        dmean2: [3.30045054397e-007, 0.000101818732219, 0.000202553273994, 0.000157982751261, 0.000381490128348, 0.000210810045246, 0.000123069243273, 0.000137291004648, 0.000190153979929, 0.00025316348183, 0.000133307767101, 0.000179771319381, 0.000109096232336, 0.000127734441776, 0.000133582638227, 0.000150738487719, 0.000233484563068, 0.000329595000949, 0.000525518553331, 0.000354658870492, 0.000147736878716, 4.92434337502e-005, 9.40119662118e-006, 3.90224204239e-006, 2.00789872906e-006, 7.97232075911e-008, 7.14261039203e-010]
        dvar: [1.67485328991e-013, 1.59488813267e-008, 4.06041280598e-008, 2.0849622473e-008, 3.10609209464e-007, 4.8942830233e-008, 1.2739378441e-008, 2.61881396568e-008, 3.84168217238e-008, 1.47900507841e-007, 2.24493774681e-008, 3.69182302506e-008, 2.02460235244e-008, 2.32635617436e-008, 5.59068666917e-008, 2.10421475799e-008, 4.6727691938e-008, 1.28862453153e-007, 2.6312824275e-007, 1.12587187573e-007, 2.50715821437e-008, 5.01763963712e-009, 3.55482643322e-010, 7.64421095867e-011, 2.06570715394e-011, 2.41851555601e-014, 5.01341503065e-019]
        dvar2: [4.5677047214e-013, 4.54159518881e-008, 1.15538291823e-007, 5.62564821394e-008, 8.24552330414e-007, 1.2552698081e-007, 3.33054828161e-008, 6.69410695764e-008, 1.00435876504e-007, 3.8805833924e-007, 6.34400620925e-008, 9.46906624222e-008, 5.08257933518e-008, 5.65550841714e-008, 1.43234132111e-007, 5.37966435843e-008, 1.18772014446e-007, 3.2454224197e-007, 6.84087126501e-007, 2.98496047435e-007, 6.33027070762e-008, 1.15732268213e-008, 8.47407755078e-010, 1.6223154764e-010, 4.11345471574e-011, 4.50574127976e-014, 1.25092724919e-018]
        max: [1.07859386844e-005, 0.00128028343897, 0.00242873653769, 0.00289690727368, 0.00622219825163, 0.00376656162553, 0.00187798310071, 0.00394114246592, 0.00293646845967, 0.00788712967187, 0.00394409708679, 0.00334993749857, 0.00335859577172, 0.00234117428772, 0.00829900242388, 0.00515105994418, 0.0052114254795, 0.0113944411278, 0.0137558663264, 0.00972682703286, 0.00287696789019, 0.00188836746383, 0.000612862233538, 0.000265762559138, 0.000137765062391, 4.24295876655e-006, 1.49675525307e-008]
        mean: [2.19836906012e-007, 7.60453258408e-005, 0.000210734448046, 0.000125759921502, 0.000280519394437, 0.000218280940317, 0.000121703043988, 0.000134404050186, 0.000201228496735, 0.00029201497091, 0.000125834718347, 0.000176602508873, 0.000104428916529, 0.000120371718367, 0.00012985059584, 0.000173299820744, 0.000282933528069, 0.000382619153243, 0.000710127234925, 0.000449725659564, 0.000197293615201, 5.59088875889e-005, 9.79069227469e-006, 4.29609144703e-006, 2.5184012884e-006, 1.00725912944e-007, 6.23685991741e-010]
        median: [4.45990835374e-008, 3.76198804588e-005, 0.000140839198139, 7.06364444341e-005, 0.000126591214212, 0.000116747949505, 7.35987050575e-005, 5.9159599914e-005, 0.000105853891, 8.81588712218e-005, 7.00834716554e-005, 8.0569909187e-005, 5.16481850354e-005, 5.29447861481e-005, 5.72755088797e-005, 0.000126213373733, 0.000207669887459, 0.00023628823692, 0.00053211057093, 0.000371433416149, 0.00015885574976, 3.20388644468e-005, 3.47985246663e-006, 1.2597758996e-006, 1.0026686823e-006, 4.14583318786e-008, 2.90514667878e-010]
        min: [2.486039607e-023, 3.93321882158e-023, 7.67003620576e-024, 8.62742935477e-024, 2.80433867137e-023, 4.87834392133e-023, 1.64489110771e-023, 2.77931789672e-023, 4.86340573569e-023, 1.8888018509e-022, 5.15808725119e-023, 4.02678498246e-023, 1.424371037e-022, 8.3508739696e-023, 1.18040690371e-022, 1.5717175061e-022, 2.57785153055e-022, 3.04153816462e-022, 4.04092673413e-022, 4.32117001247e-022, 2.59881150169e-022, 3.5031030784e-022, 5.68280754863e-022, 7.41434436138e-022, 1.34408175856e-021, 1.68260976614e-021, 2.25358895542e-021]
        var: [2.95273679639e-013, 1.37025004676e-008, 5.70502187713e-008, 2.78275233967e-008, 2.91235323857e-007, 8.98865408772e-008, 2.17961719784e-008, 5.47205267765e-008, 8.25355712664e-008, 4.86370424824e-007, 3.52349189825e-008, 7.15107901783e-008, 3.04963521103e-008, 3.92268901805e-008, 9.18177249787e-008, 4.38715801465e-008, 9.97133540181e-008, 2.56708517554e-007, 6.56483791772e-007, 2.14947618815e-007, 5.0930999862e-008, 1.12107985117e-008, 7.27195026418e-010, 1.85988349721e-010, 4.88049149705e-011, 6.056473953e-014, 8.36792864861e-019]
    frequency_bands:
        dmean: [1.9348166802e-007, 5.73319193791e-005, 0.000116812596389, 9.20481834328e-005, 0.000225169904297, 0.000128319763462, 7.48071252019e-005, 8.36210674606e-005, 0.000115021386591, 0.000154545079567, 8.00013876869e-005, 0.000109080196125, 6.71247471473e-005, 7.89586119936e-005, 8.14524391899e-005, 9.08909350983e-005, 0.000142390272231, 0.000201056231163, 0.000319943705108, 0.000209260193515, 8.7225875177e-005, 2.96658781735e-005, 5.75787043999e-006, 2.47129810305e-006, 1.31652961954e-006, 5.24439229821e-008, 4.25848023511e-010, 5.43166137068e-011]
        dmean2: [3.30045054397e-007, 0.000101818732219, 0.000202553273994, 0.000157982751261, 0.000381490128348, 0.000210810045246, 0.000123069243273, 0.000137291004648, 0.000190153979929, 0.00025316348183, 0.000133307767101, 0.000179771319381, 0.000109096232336, 0.000127734441776, 0.000133582638227, 0.000150738487719, 0.000233484563068, 0.000329595000949, 0.000525518553331, 0.000354658870492, 0.000147736878716, 4.92434337502e-005, 9.40119662118e-006, 3.90224204239e-006, 2.00789872906e-006, 7.97232075911e-008, 7.14261039203e-010, 1.00996502828e-010]
        dvar: [1.67485328991e-013, 1.59488813267e-008, 4.06041280598e-008, 2.0849622473e-008, 3.10609209464e-007, 4.8942830233e-008, 1.2739378441e-008, 2.61881396568e-008, 3.84168217238e-008, 1.47900507841e-007, 2.24493774681e-008, 3.69182302506e-008, 2.02460235244e-008, 2.32635617436e-008, 5.59068666917e-008, 2.10421475799e-008, 4.6727691938e-008, 1.28862453153e-007, 2.6312824275e-007, 1.12587187573e-007, 2.50715821437e-008, 5.01763963712e-009, 3.55482643322e-010, 7.64421095867e-011, 2.06570715394e-011, 2.41851555601e-014, 5.01341503065e-019, 6.80325357669e-021]
        dvar2: [4.5677047214e-013, 4.54159518881e-008, 1.15538291823e-007, 5.62564821394e-008, 8.24552330414e-007, 1.2552698081e-007, 3.33054828161e-008, 6.69410695764e-008, 1.00435876504e-007, 3.8805833924e-007, 6.34400620925e-008, 9.46906624222e-008, 5.08257933518e-008, 5.65550841714e-008, 1.43234132111e-007, 5.37966435843e-008, 1.18772014446e-007, 3.2454224197e-007, 6.84087126501e-007, 2.98496047435e-007, 6.33027070762e-008, 1.15732268213e-008, 8.47407755078e-010, 1.6223154764e-010, 4.11345471574e-011, 4.50574127976e-014, 1.25092724919e-018, 2.17610943544e-020]
        max: [1.07859386844e-005, 0.00128028343897, 0.00242873653769, 0.00289690727368, 0.00622219825163, 0.00376656162553, 0.00187798310071, 0.00394114246592, 0.00293646845967, 0.00788712967187, 0.00394409708679, 0.00334993749857, 0.00335859577172, 0.00234117428772, 0.00829900242388, 0.00515105994418, 0.0052114254795, 0.0113944411278, 0.0137558663264, 0.00972682703286, 0.00287696789019, 0.00188836746383, 0.000612862233538, 0.000265762559138, 0.000137765062391, 4.24295876655e-006, 1.49675525307e-008, 1.25860544209e-009]
        mean: [2.19836906012e-007, 7.60453258408e-005, 0.000210734448046, 0.000125759921502, 0.000280519394437, 0.000218280940317, 0.000121703043988, 0.000134404050186, 0.000201228496735, 0.00029201497091, 0.000125834718347, 0.000176602508873, 0.000104428916529, 0.000120371718367, 0.00012985059584, 0.000173299820744, 0.000282933528069, 0.000382619153243, 0.000710127234925, 0.000449725659564, 0.000197293615201, 5.59088875889e-005, 9.79069227469e-006, 4.29609144703e-006, 2.5184012884e-006, 1.00725912944e-007, 6.23685991741e-010, 4.26289212263e-011]
        median: [4.45990835374e-008, 3.76198804588e-005, 0.000140839198139, 7.06364444341e-005, 0.000126591214212, 0.000116747949505, 7.35987050575e-005, 5.9159599914e-005, 0.000105853891, 8.81588712218e-005, 7.00834716554e-005, 8.0569909187e-005, 5.16481850354e-005, 5.29447861481e-005, 5.72755088797e-005, 0.000126213373733, 0.000207669887459, 0.00023628823692, 0.00053211057093, 0.000371433416149, 0.00015885574976, 3.20388644468e-005, 3.47985246663e-006, 1.2597758996e-006, 1.0026686823e-006, 4.14583318786e-008, 2.90514667878e-010, 1.45834455623e-011]
        min: [2.486039607e-023, 3.93321882158e-023, 7.67003620576e-024, 8.62742935477e-024, 2.80433867137e-023, 4.87834392133e-023, 1.64489110771e-023, 2.77931789672e-023, 4.86340573569e-023, 1.8888018509e-022, 5.15808725119e-023, 4.02678498246e-023, 1.424371037e-022, 8.3508739696e-023, 1.18040690371e-022, 1.5717175061e-022, 2.57785153055e-022, 3.04153816462e-022, 4.04092673413e-022, 4.32117001247e-022, 2.59881150169e-022, 3.5031030784e-022, 5.68280754863e-022, 7.41434436138e-022, 1.34408175856e-021, 1.68260976614e-021, 2.25358895542e-021, 1.00670879481e-021]
        var: [2.95273679639e-013, 1.37025004676e-008, 5.70502187713e-008, 2.78275233967e-008, 2.91235323857e-007, 8.98865408772e-008, 2.17961719784e-008, 5.47205267765e-008, 8.25355712664e-008, 4.86370424824e-007, 3.52349189825e-008, 7.15107901783e-008, 3.04963521103e-008, 3.92268901805e-008, 9.18177249787e-008, 4.38715801465e-008, 9.97133540181e-008, 2.56708517554e-007, 6.56483791772e-007, 2.14947618815e-007, 5.0930999862e-008, 1.12107985117e-008, 7.27195026418e-010, 1.85988349721e-010, 4.88049149705e-011, 6.056473953e-014, 8.36792864861e-019, 5.49541317359e-021]
    mfcc:
        mean: [-710.135070801, 107.397087097, -57.0162506104, 52.2329597473, -20.187543869, -5.98797750473, 6.73784208298, -2.90583086014, 0.611167788506, -6.50303173065, -1.74611675739, -5.7751698494, -1.91446268559]
        cov: [[4774.71435547, -827.234313965, -279.213378906, 679.098144531, -148.118560791, 46.5882034302, -24.5636539459, 7.84648799896, 20.9880981445, -89.7381973267, -7.74000835419, -66.2331695557, 1.22115123272], [-827.234313965, 832.133422852, -177.881240845, -101.317222595, -12.9860248566, -38.0320091248, 59.0343132019, -12.3052797318, 19.5020523071, 8.69916629791, 22.3706417084, 12.7138729095, 14.8757743835], [-279.213378906, -177.881240845, 418.809417725, -19.762878418, 72.8108291626, 15.9492197037, -44.9211387634, 12.4668951035, -20.7069416046, 21.3505458832, -19.9528484344, 18.8362064362, 12.4729919434], [679.098144531, -101.317222595, -19.762878418, 416.835021973, 20.6451721191, 16.9135131836, -28.8400630951, -9.06247615814, 23.5883903503, -24.8598670959, -7.99424171448, -5.96657943726, 33.707447052], [-148.118560791, -12.9860248566, 72.8108291626, 20.6451721191, 170.475448608, 43.9142913818, -15.8249969482, -11.9998846054, 4.08749389648, 20.1645126343, -8.65585327148, 8.49776172638, 10.6131715775], [46.5882034302, -38.0320091248, 15.9492197037, 16.9135131836, 43.9142913818, 138.921524048, 37.6670417786, 10.808514595, 4.8140873909, 15.111702919, 11.2767429352, 9.7620639801, 4.67754745483], [-24.5636539459, 59.0343132019, -44.9211387634, -28.8400630951, -15.8249969482, 37.6670417786, 137.970474243, 52.7659759521, 16.8891010284, 1.80598318577, 21.0765457153, 11.2562456131, -6.70084905624], [7.84648799896, -12.3052797318, 12.4668951035, -9.06247615814, -11.9998846054, 10.808514595, 52.7659759521, 96.2480239868, 31.3461933136, 0.959121525288, 14.6327972412, 10.2632284164, 0.635763764381], [20.9880981445, 19.5020523071, -20.7069416046, 23.5883903503, 4.08749389648, 4.8140873909, 16.8891010284, 31.3461933136, 78.0232925415, 22.339012146, 7.98233938217, 1.66175222397, 2.54797482491], [-89.7381973267, 8.69916629791, 21.3505458832, -24.8598670959, 20.1645126343, 15.111702919, 1.80598318577, 0.959121525288, 22.339012146, 73.2086029053, 21.1142120361, -3.86388635635, -8.68221855164], [-7.74000835419, 22.3706417084, -19.9528484344, -7.99424171448, -8.65585327148, 11.2767429352, 21.0765457153, 14.6327972412, 7.98233938217, 21.1142120361, 74.561088562, 27.1158218384, 0.134080484509], [-66.2331695557, 12.7138729095, 18.8362064362, -5.96657943726, 8.49776172638, 9.7620639801, 11.2562456131, 10.2632284164, 1.66175222397, -3.86388635635, 27.1158218384, 69.2294616699, 30.7553730011], [1.22115123272, 14.8757743835, 12.4729919434, 33.707447052, 10.6131715775, 4.67754745483, -6.70084905624, 0.635763764381, 2.54797482491, -8.68221855164, 0.134080484509, 30.7553730011, 69.5261383057]]
        icov: [[0.000384628889151, 0.000390246859752, 0.000331341696437, -0.000521500362083, 0.000274250109214, -9.07506546355e-005, -4.19218595198e-005, -2.195619345e-005, 2.35466068261e-005, 0.000124602680444, -9.19880330912e-005, 0.000196648717974, -8.57601207827e-006], [0.000390246859752, 0.00188607722521, 0.000923444167711, -0.000126974715386, -3.04590830638e-005, 0.000525738869328, -0.000799871806521, 0.000590528536122, -0.000329121190589, -4.05514438171e-005, -0.000273387995549, 0.000155742265633, -0.000689085107297], [0.000331341696437, 0.000923444167711, 0.00357472803444, -0.000215169304283, -0.00087144767167, -2.44002294494e-005, 0.00102610583417, -0.00160165631678, 0.00148943962995, -0.00150285533164, 0.00132497842424, -0.0012121371692, -0.000200793481781], [-0.000521500362083, -0.000126974715386, -0.000215169304283, 0.00361495581456, -0.000745090306737, -0.000288881215965, 0.000536974694114, 0.000527846859768, -0.00155765877571, 0.00139529805165, -0.000550944823772, 0.000938713201322, -0.00168042222504], [0.000274250109214, -3.04590830638e-005, -0.00087144767167, -0.000745090306737, 0.00767271127552, -0.0024595935829, 0.00076213630382, 0.00089342991123, -0.000500756374095, -0.00164075754583, 0.00147564755753, -0.000991636770777, -0.000171940104337], [-9.07506546355e-005, 0.000525738869328, -2.44002294494e-005, -0.000288881215965, -0.0024595935829, 0.00927386432886, -0.00325708603486, 0.000441286625573, 0.000580580788665, -0.00153345789295, -0.000551607168745, -0.000368345528841, -0.000581642671023], [-4.19218595198e-005, -0.000799871806521, 0.00102610583417, 0.000536974694114, 0.00076213630382, -0.00325708603486, 0.0114956833422, -0.00590648921207, 0.000292361393804, 0.000408541673096, -0.000667695247103, -0.00116471969523, 0.00154901086353], [-2.195619345e-005, 0.000590528536122, -0.00160165631678, 0.000527846859768, 0.00089342991123, 0.000441286625573, -0.00590648921207, 0.0165111590177, -0.00671432586387, 0.00276795774698, -0.00216114311479, 3.19453647535e-005, -0.00039909320185], [2.35466068261e-005, -0.000329121190589, 0.00148943962995, -0.00155765877571, -0.000500756374095, 0.000580580788665, 0.000292361393804, -0.00671432586387, 0.0182328112423, -0.00696373358369, 0.00173995061778, -0.000817086838651, -0.000494778854772], [0.000124602680444, -4.05514438171e-005, -0.00150285533164, 0.00139529805165, -0.00164075754583, -0.00153345789295, 0.000408541673096, 0.00276795774698, -0.00696373358369, 0.0200318992138, -0.00738333724439, 0.00442732451484, 0.000779839232564], [-9.19880330912e-005, -0.000273387995549, 0.00132497842424, -0.000550944823772, 0.00147564755753, -0.000551607168745, -0.000667695247103, -0.00216114311479, 0.00173995061778, -0.00738333724439, 0.0201419964433, -0.00988752488047, 0.00320597668178], [0.000196648717974, 0.000155742265633, -0.0012121371692, 0.000938713201322, -0.000991636770777, -0.000368345528841, -0.00116471969523, 3.19453647535e-005, -0.000817086838651, 0.00442732451484, -0.00988752488047, 0.024068986997, -0.0102560156956], [-8.57601207827e-006, -0.000689085107297, -0.000200793481781, -0.00168042222504, -0.000171940104337, -0.000581642671023, 0.00154901086353, -0.00039909320185, -0.000494778854772, 0.000779839232564, 0.00320597668178, -0.0102560156956, 0.0202458593994]]
    sccoeffs:
        dmean: [0.0506640076637, 0.0464645512402, 0.0383052155375, 0.0292493999004, 0.0210446175188, 0.017948538065]
        dmean2: [0.0852054432034, 0.0779531896114, 0.0637740120292, 0.0484510548413, 0.0341998673975, 0.0284829847515]
        dvar: [0.00178626028355, 0.00138286058791, 0.000920564169064, 0.000518793764059, 0.000293558288831, 0.000271486816928]
        dvar2: [0.0048983534798, 0.00380244315602, 0.00253529683687, 0.0014085995499, 0.000748234393541, 0.000616621167865]
        max: [-0.333177417517, -0.515413224697, -0.556201934814, -0.587365090847, -0.616573214531, -0.513874173164]
        mean: [-0.660599708557, -0.762451887131, -0.781224608421, -0.790214300156, -0.792114555836, -0.73470968008]
        median: [-0.66295415163, -0.766972959042, -0.789249658585, -0.79480612278, -0.794305086136, -0.734613537788]
        min: [-0.964724183083, -0.963778972626, -0.969919919968, -0.975137174129, -0.960674762726, -0.958191037178]
        var: [0.00509389862418, 0.00337724736892, 0.00336637930013, 0.00165415916126, 0.00110894872341, 0.0015778655652]
    scvalleys:
        dmean: [0.391765713692, 0.339459449053, 0.300642848015, 0.280497133732, 0.22717858851, 0.270010143518]
        dmean2: [0.65526252985, 0.564712822437, 0.492545813322, 0.44824424386, 0.3518679142, 0.406439304352]
        dvar: [0.125471487641, 0.100442901254, 0.0879679471254, 0.080454826355, 0.0758740976453, 0.147522568703]
        dvar2: [0.28687775135, 0.219383001328, 0.173562034965, 0.153128623962, 0.126091480255, 0.291322797537]
        max: [-5.20880174637, -4.84338951111, -5.13133859634, -5.57010316849, -5.35508537292, -7.35536623001]
        mean: [-7.12799596786, -6.59505176544, -6.77908611298, -7.1148018837, -6.91177797318, -9.92748737335]
        median: [-6.97173261642, -6.48380470276, -6.65251302719, -6.98608064651, -6.57161188126, -9.61905097961]
        min: [-27.1469478607, -27.0782833099, -27.1515960693, -27.1504993439, -27.1406612396, -27.3226642609]
        var: [0.89230042696, 0.585875809193, 0.602145314217, 0.605007469654, 1.01563584805, 1.47574913502]

rhythm:
    beats_loudness:
        dmean: 0.00187265023123
        dmean2: 0.00331314350478
        dvar: 2.35717175201e-006
        dvar2: 7.04488002157e-006
        max: 0.0123336892575
        mean: 0.00434247637168
        median: 0.00410576630384
        min: 2.07271614272e-006
        var: 5.47577656107e-006
    bpm: 129.961349487
    bpm_confidence: 0
    first_peak_bpm: 129
    first_peak_spread: 0.259825319052
    first_peak_weight: 0.724358975887
    onset_rate: 2.5086555481
    second_peak_bpm: 157
    second_peak_spread: 0
    second_peak_weight: 0.0192307699472
    beats_loudness_band_ratio:
        dmean: [0.127838402987, 0.145424455404, 0.0867456123233, 0.0933059826493, 0.103074774146, 0.108926795423]
        dmean2: [0.234527722001, 0.270587384701, 0.153083115816, 0.163136780262, 0.187934651971, 0.190516725183]
        dvar: [0.0106919035316, 0.0116204209626, 0.00681793829426, 0.00785772781819, 0.00834703538567, 0.010208087042]
        dvar2: [0.0309734549373, 0.0355628281832, 0.019827188924, 0.0222227312624, 0.0236836448312, 0.0297570358962]
        max: [0.673322439194, 0.527240753174, 0.717521727085, 0.789471387863, 0.585759520531, 0.87391012907]
        mean: [0.194555163383, 0.154268369079, 0.14550460875, 0.141672581434, 0.204625576735, 0.236660882831]
        median: [0.180885121226, 0.116761490703, 0.119174063206, 0.107153385878, 0.18541815877, 0.224275141954]
        min: [0.000834312231746, 0.00491906655952, 0.0107038319111, 0.0190550964326, 0.0111204264686, 0.00218771980144]
        var: [0.0139643270522, 0.0142618939281, 0.0117007838562, 0.0136362547055, 0.00958626903594, 0.0142799168825]
    beats_position: [0.476009070873, 0.96362811327, 1.43963718414, 1.90403628349, 2.36843538284, 2.83283448219, 3.29723358154, 3.76163268089, 4.22603178024, 4.69043064117, 5.14321994781, 5.59600877762, 6.06040811539, 6.52480697632, 6.98920631409, 7.44199514389, 7.90639448166, 8.35918331146, 8.82358264923, 9.287981987, 9.75238037109, 10.2051696777, 10.6695690155, 11.1339683533, 11.5983667374, 12.051156044, 12.5155553818, 12.9799547195, 13.4443531036, 13.9087524414, 14.3731517792, 14.8259410858, 15.2903394699, 15.7547388077, 16.2191371918, 16.6719264984, 17.1363258362, 17.600725174, 18.0651245117, 18.5179138184, 18.9823131561, 19.4467124939, 19.9111099243, 20.363899231, 20.8282985687, 21.2926979065, 21.7570972443, 22.221496582, 22.6858959198, 23.1502952576, 23.6030826569, 24.0674819946, 24.5318813324, 24.984670639, 25.4490699768, 25.9134693146, 26.3778686523, 26.8422679901, 27.3066654205, 27.7594547272, 28.2238540649, 28.6766433716, 29.1410427094, 29.593832016, 30.0582313538, 30.5110206604, 30.9754180908, 31.4398174286, 31.9042167664, 32.3686180115, 32.8330154419, 33.2974128723, 33.7618141174, 34.2262115479, 34.690612793, 35.1434020996, 35.60779953, 36.0605888367, 36.5249862671, 36.9777755737, 37.4305648804, 37.8949661255, 38.3593635559, 38.823764801, 39.2765541077, 39.7293434143, 40.1937408447, 40.6581382751, 41.1225395203, 41.5869369507, 42.0513381958, 42.5157356262, 42.9801368713, 43.4445343018, 43.9089317322, 44.3617210388, 44.8145103455, 45.2789115906, 45.743309021, 46.2077102661, 46.6721076965, 47.1365089417, 47.6009063721, 48.0653038025, 48.5297050476, 48.994102478, 49.4468917847, 49.8996810913, 50.3524703979, 50.8052597046, 51.269657135, 51.7340583801, 52.1984558105, 52.6628570557, 53.1272544861, 53.5916557312, 54.0560531616, 54.5204544067, 54.9848518372, 55.4492492676, 55.9136505127, 56.3780479431, 56.8308372498, 57.2836265564, 57.7480278015, 58.2008171082, 58.6652145386, 59.1180038452, 59.5824012756, 60.0468025208, 60.5111999512, 60.9756011963, 61.4399986267, 61.8927879333, 62.34557724, 62.8099746704, 63.2743759155, 63.7387733459, 64.2031707764, 64.6675720215, 65.1319732666, 65.5963668823, 66.0607681274, 66.5251693726, 66.9895706177, 67.4423599243, 67.895149231, 68.3479385376, 68.8123321533, 69.26512146, 69.7295227051, 70.1939239502, 70.6583175659, 71.122718811, 71.5871200562, 72.0399093628, 72.4926986694, 72.9570999146, 73.4214935303, 73.8858947754, 74.3502960205, 74.8146896362, 75.2790908813, 75.7434921265, 76.2078933716, 76.6722869873, 77.1366882324, 77.6010894775, 78.0538787842, 78.5066680908, 78.9710617065, 79.4354629517, 79.8998641968, 80.3642578125, 80.8286590576, 81.2930603027, 81.7574615479, 82.2218551636, 82.6862564087, 83.1390457153, 83.6034469604, 84.0562362671, 84.5206298828, 84.9850311279, 85.449432373, 85.9138336182, 86.3782272339, 86.8310165405, 87.2838058472, 87.7482070923, 88.2126083374, 88.6770019531, 89.1414031982, 89.6058044434, 90.0702056885, 90.5345993042, 90.9873886108, 91.4401779175, 91.9045791626, 92.3689804077, 92.8333740234, 93.2977752686, 93.7621765137, 94.2265777588, 94.6793670654, 95.1321487427, 95.5965499878, 96.0609512329, 96.525352478, 96.9897460938, 97.4541473389, 97.9069366455, 98.3597259521, 98.8241271973, 99.288520813, 99.7529220581, 100.217323303, 100.681724548, 101.146118164, 101.610519409, 102.063308716, 102.516098022, 102.980499268, 103.444892883, 103.89768219, 104.373695374, 104.838096619, 105.302490234, 105.755279541, 106.219680786, 106.672470093, 107.125259399, 107.578048706, 108.042449951, 108.506843567, 108.971244812, 109.435646057, 109.900039673, 110.364440918, 110.817230225, 111.270019531, 111.734420776, 112.198822021, 112.663215637, 113.127616882, 113.592018127, 114.056411743, 114.520812988, 114.985214233, 115.449615479, 115.914009094, 116.378410339, 116.842811584, 117.295600891, 117.748390198, 118.201179504, 118.66557312, 119.118362427, 119.582763672, 120.047164917, 120.511566162, 120.975959778, 121.440361023, 121.89315033, 122.357551575, 122.82194519, 123.286346436, 123.739135742, 124.203536987, 124.656326294, 125.12071991, 125.585121155, 126.061134338, 126.513923645, 126.978317261, 127.442718506, 127.907119751, 128.359909058, 128.824310303, 129.277099609, 129.741500854, 130.194290161, 130.658676147, 131.123077393, 131.587478638, 132.051879883, 132.516281128, 132.980682373, 133.445083618, 133.897872925, 134.350662231, 134.815048218, 135.279449463, 135.743850708, 136.208251953, 136.672653198, 137.137054443, 137.601455688, 138.065841675, 138.518630981, 138.971420288, 139.424209595, 139.876998901, 140.341400146, 140.805801392, 141.270202637, 141.734603882, 142.199005127, 142.663391113, 143.127792358, 143.592193604, 144.056594849, 144.520996094, 144.9737854, 145.426574707, 145.890975952, 146.355377197, 146.819763184, 147.284164429, 147.748565674, 148.212966919, 148.677368164, 149.141769409, 149.606170654, 150.070556641, 150.523345947, 150.976135254, 151.440536499, 151.893325806, 152.357727051, 152.822128296, 153.286529541, 153.739318848, 154.203720093, 154.668121338, 155.132507324, 155.596908569, 156.061309814, 156.52571106, 156.990112305, 157.45451355, 157.918914795, 158.371704102, 158.824493408, 159.288879395, 159.75328064, 160.217681885, 160.68208313, 161.146484375, 161.61088562, 162.063674927, 162.516464233, 162.96925354, 163.433654785, 163.898040771, 164.362442017, 164.826843262, 165.291244507, 165.755645752, 166.208435059, 166.672836304, 167.137237549, 167.601623535, 168.054412842, 168.518814087, 168.983215332, 169.447616577, 169.900405884, 170.364807129, 170.829208374, 171.293609619, 171.757995605, 172.222396851, 172.686798096, 173.151199341, 173.615600586, 174.080001831, 174.532791138, 174.985580444, 175.438369751, 175.902755737, 176.355545044, 176.819946289, 177.284347534, 177.748748779, 178.213150024, 178.67755127, 179.141952515, 179.606338501, 180.059127808, 180.523529053, 180.976318359, 181.440719604, 181.90512085, 182.369522095, 182.822311401, 183.275100708, 183.739501953, 184.203903198, 184.668289185, 185.13269043, 185.597091675, 186.049880981, 186.514282227, 186.978683472, 187.443084717, 187.907485962, 188.371871948, 188.824661255, 189.277450562, 189.741851807, 190.194641113, 190.659042358, 191.123443604, 191.587844849, 192.052246094, 192.516647339, 192.981033325, 193.44543457, 193.909835815, 194.374237061, 194.827026367, 195.291427612, 195.744216919, 196.208618164, 196.673019409, 197.137405396, 197.590194702, 198.042984009, 198.507385254, 198.971786499, 199.436187744, 199.900588989, 200.364990234, 200.829391479, 201.293777466, 201.758178711, 202.222579956, 202.686981201, 203.139770508, 203.592559814, 204.045349121, 204.498138428, 204.962539673, 205.426940918, 205.891326904, 206.355728149, 206.820129395, 207.28453064, 207.748931885, 208.21333313, 208.677734375, 209.142120361, 209.606521606, 210.070922852, 210.535324097, 211.01133728, 211.487350464, 211.963348389, 212.439361572, 212.822494507, 213.205612183, 213.588745117, 213.971878052, 214.355010986, 214.738143921, 215.121261597, 215.504394531, 215.887527466]
