
metadata:
    version:
        essentia: "2.1-beta2"
    audio_properties:
        analysis_sample_rate: 44100
        bitrate: 320
        channels: 2
        equal_loudness: 1
        length: 20.7934684753
        replay_gain: -11.329864502
        downmix: "mix"
    tags:
        album: "Wretched & Divine: The Story Of The Wild Ones"
        artist: "Black Veil Brides"
        comment: ""
        date: "2013"
        genre: "Metal"
        title: "F.E.A.R. Transmission 2: Trust"
        tracknumber: "7/19"

configuration:
    average_loudness:
        compute: 1
        frameSize: 88200
        hopSize: 44100
        silentFrames: "noise"
        windowType: "hann"
    general:
        analysisSampleRate: 44100
        endTime: 2000
        equalLoudness: 1
        nequalLoudness: 0
        shortSound: 0
        startTime: 0
    lowlevel:
        compute: 1
        frameSize: 2048
        hopSize: 1024
        zeroPadding: 0
        silentFrames: "noise"
        windowType: "blackmanharris62"
        mfccStats: ["mean", "cov", "icov"]
        stats: ["mean", "var", "median", "min", "max", "dmean", "dmean2", "dvar", "dvar2"]
    panning:
        compute: 0
        frameSize: 8192
        hopSize: 2048
        zeroPadding: 8192
        silentFrames: "noise"
        windowType: "hann"
        stats: ["copy"]
    rhythm:
        compute: 1
        maxTempo: 208
        minTempo: 40
        method: "degara"
        stats: ["mean", "var", "median", "min", "max", "dmean", "dmean2", "dvar", "dvar2"]
    segmentation:
        compute: 0
        cpw: 5
        inc1: 300
        inc2: 50
        minimumSegmentsLength: 10
        size1: 1000
        size2: 600
    sfx:
        compute: 1
        stats: ["mean", "var", "median", "min", "max", "dmean", "dmean2", "dvar", "dvar2"]
    svm:
        compute: 0
    tonal:
        compute: 1
        frameSize: 4096
        hopSize: 2048
        zeroPadding: 0
        silentFrames: "noise"
        windowType: "blackmanharris62"
        stats: ["mean", "var", "median", "min", "max", "dmean", "dmean2", "dvar", "dvar2"]

lowlevel:
    average_loudness: 0.976607084274
    barkbands_kurtosis:
        dmean: 0.924483716488
        dmean2: 1.43716883659
        dvar: 1.51039731503
        dvar2: 3.41606163979
        max: 19.4737892151
        mean: 0.166576117277
        median: -0.379374295473
        min: -1.81156873703
        var: 3.7049369812
    barkbands_skewness:
        dmean: 0.410086721182
        dmean2: 0.621741056442
        dvar: 0.175510242581
        dvar2: 0.392697542906
        max: 3.32091450691
        mean: 0.585102319717
        median: 0.599387407303
        min: -2.86768245697
        var: 0.596620678902
    barkbands_spread:
        dmean: 4.33480405807
        dmean2: 6.35766458511
        dvar: 18.3624839783
        dvar2: 37.4755210876
        max: 62.0147285461
        mean: 22.2372341156
        median: 20.8234519958
        min: 3.30936574936
        var: 87.6700668335
    dissonance:
        dmean: 0.0213336329907
        dmean2: 0.035424400121
        dvar: 0.000456912268419
        dvar2: 0.00110069522634
        max: 0.499987900257
        mean: 0.45447704196
        median: 0.459947794676
        min: 0.311974555254
        var: 0.000950638146605
    hfc:
        dmean: 1.6721547842
        dmean2: 2.48811244965
        dvar: 4.78055286407
        dvar2: 11.3211755753
        max: 37.404800415
        mean: 5.45676708221
        median: 5.0051202774
        min: 1.10703692343e-016
        var: 15.3379192352
    pitch:
        dmean: 301.533477783
        dmean2: 562.027526855
        dvar: 415381.1875
        dvar2: 1010969.8125
        max: 5412.92871094
        mean: 500.287872314
        median: 232.216094971
        min: 77.7592010498
        var: 471248.375
    pitch_instantaneous_confidence:
        dmean: 0.0887956470251
        dmean2: 0.139217466116
        dvar: 0.00567531352863
        dvar2: 0.0134788136929
        max: 0.837608873844
        mean: 0.469216734171
        median: 0.467072606087
        min: 0.0681501030922
        var: 0.0199012458324
    pitch_salience:
        dmean: 0.0579552687705
        dmean2: 0.0947133526206
        dvar: 0.00291205802932
        dvar2: 0.00719602499157
        max: 0.846641540527
        mean: 0.586933493614
        median: 0.595783531666
        min: 0.280093818903
        var: 0.0105725172907
    silence_rate_20dB:
        dmean: 0
        dmean2: 0
        dvar: 0
        dvar2: 0
        max: 1
        mean: 1
        median: 1
        min: 1
        var: 0
    silence_rate_30dB:
        dmean: 0
        dmean2: 0
        dvar: 0
        dvar2: 0
        max: 1
        mean: 1
        median: 1
        min: 1
        var: 0
    silence_rate_60dB:
        dmean: 0.100446425378
        dmean2: 0.201117321849
        dvar: 0.0903561785817
        dvar2: 0.205363422632
        max: 1
        mean: 0.3188405931
        median: 0
        min: 0
        var: 0.217180997133
    spectral_centroid:
        dmean: 201.333084106
        dmean2: 285.477233887
        dvar: 253885.296875
        dvar2: 345217.84375
        max: 11554.1738281
        mean: 1108.48132324
        median: 1000.27630615
        min: 375.026580811
        var: 368927.75
    spectral_complexity:
        dmean: 2.94642853737
        dmean2: 4.52067041397
        dvar: 8.34087371826
        dvar2: 18.6473770142
        max: 39
        mean: 12.6610927582
        median: 12
        min: 0
        var: 31.8027534485
    spectral_crest:
        dmean: 2.09583091736
        dmean2: 3.32264828682
        dvar: 3.35430932045
        dvar2: 8.40295028687
        max: 19.2387313843
        mean: 8.35872268677
        median: 7.91310024261
        min: 2.60198831558
        var: 10.4442462921
    spectral_decrease:
        dmean: 3.08587988496e-010
        dmean2: 4.5014045269e-010
        dvar: 1.03741929273e-019
        dvar2: 2.35891670625e-019
        max: -4.49059605946e-030
        mean: -1.17104925756e-009
        median: -1.0699456876e-009
        min: -3.52481377419e-009
        var: 4.49098636733e-019
    spectral_energy:
        dmean: 0.00129559473135
        dmean2: 0.00189569883514
        dvar: 1.86140175629e-006
        dvar2: 4.27166787631e-006
        max: 0.0166961699724
        mean: 0.00491475081071
        median: 0.00444873189554
        min: 1.00581075051e-020
        var: 7.87249337009e-006
    spectral_energyband_high:
        dmean: 6.09143244219e-005
        dmean2: 8.79721192177e-005
        dvar: 1.84804225256e-008
        dvar2: 3.55235059146e-008
        max: 0.00171167473309
        mean: 0.000127642357256
        median: 4.72983265354e-005
        min: 7.30105313115e-021
        var: 6.01754663876e-008
    spectral_energyband_low:
        dmean: 8.71439115144e-005
        dmean2: 0.000121752600535
        dvar: 2.7553653581e-008
        dvar2: 5.2671254025e-008
        max: 0.002518708352
        mean: 0.000332902069204
        median: 0.000283859291812
        min: 1.69276739159e-022
        var: 9.18766289715e-008
    spectral_energyband_middle_high:
        dmean: 0.000800428329967
        dmean2: 0.00123323325533
        dvar: 1.14986255539e-006
        dvar2: 2.74839953818e-006
        max: 0.0153559520841
        mean: 0.00211407477036
        median: 0.00156871485524
        min: 1.23239096934e-021
        var: 3.14198337037e-006
    spectral_energyband_middle_low:
        dmean: 0.000795680156443
        dmean2: 0.00119800737593
        dvar: 8.77141644651e-007
        dvar2: 1.89724323718e-006
        max: 0.0119058946148
        mean: 0.00245439168066
        median: 0.00193258968648
        min: 3.09760105765e-022
        var: 3.20659751196e-006
    spectral_flatness_db:
        dmean: 0.0169441439211
        dmean2: 0.0240993816406
        dvar: 0.000222181319259
        dvar2: 0.000447740923846
        max: 0.29790315032
        mean: 0.193117827177
        median: 0.19255451858
        min: 0.0358180552721
        var: 0.00123119435739
    spectral_flux:
        dmean: 0.00825315248221
        dmean2: 0.0128219826147
        dvar: 7.85247975728e-005
        dvar2: 0.000183477663086
        max: 0.0963152572513
        mean: 0.0396346226335
        median: 0.0402821339667
        min: 1.00290116489e-010
        var: 0.000334081385517
    spectral_kurtosis:
        dmean: 3.47272825241
        dmean2: 5.60800409317
        dvar: 14.7191743851
        dvar2: 42.7500839233
        max: 40.3879928589
        mean: 9.14533138275
        median: 7.94052791595
        min: -1.21653091908
        var: 37.5864830017
    spectral_rms:
        dmean: 0.000282467721263
        dmean2: 0.000411343266023
        dvar: 7.71539774291e-008
        dvar2: 1.66123342638e-007
        max: 0.00403595669195
        mean: 0.00209260894917
        median: 0.00208332086913
        min: 3.13253698155e-012
        var: 4.1586719135e-007
    spectral_rolloff:
        dmean: 454.960235596
        dmean2: 688.725158691
        dvar: 943966.125
        dvar2: 1455943.25
        max: 18712.3535156
        mean: 2074.22265625
        median: 1959.52148438
        min: 430.6640625
        var: 1526368.375
    spectral_skewness:
        dmean: 0.335459321737
        dmean2: 0.520950496197
        dvar: 0.103087253869
        dvar2: 0.262981534004
        max: 4.47366762161
        mean: 2.02494192123
        median: 1.98413956165
        min: -0.0649168416858
        var: 0.437022477388
    spectral_spread:
        dmean: 457740.28125
        dmean2: 603114.375
        dvar: 2.47935401984e+012
        dvar2: 2.71017076326e+012
        max: 40882196
        mean: 3209341.25
        median: 3001830.75
        min: 1063435.25
        var: 5.02936423629e+012
    spectral_strongpeak:
        dmean: 0.345468193293
        dmean2: 0.576387941837
        dvar: 0.401091575623
        dvar2: 1.047706604
        max: 8.52508449554
        mean: 0.62558478117
        median: 0.434499114752
        min: 4.93344254338e-011
        var: 0.445849865675
    zerocrossingrate:
        dmean: 0.0081432890147
        dmean2: 0.00857029110193
        dvar: 0.00043357652612
        dvar2: 0.000469959486509
        max: 0.498046875
        mean: 0.0658020228148
        median: 0.06005859375
        min: 0.00390625
        var: 0.000835901068058
    barkbands:
        dmean: [3.08000869254e-009, 2.09603476833e-005, 4.38467177446e-005, 6.3867548306e-005, 0.000257781532127, 0.0002168136416, 0.000404167978559, 0.000175570065039, 0.000198868001462, 0.000108463493234, 0.000175252163899, 0.000161681877216, 0.000174724351382, 0.000175750945345, 0.000212046928937, 0.000178850459633, 0.000128040890559, 7.30085812393e-005, 7.15026253602e-005, 4.88405712531e-005, 2.14397878153e-005, 2.29684646911e-005, 1.94935159925e-006, 5.54268524411e-007, 1.30988865976e-007, 4.38947811432e-009, 2.37355052279e-010]
        dmean2: [5.26988719329e-009, 3.4144246456e-005, 6.07403344475e-005, 8.40914653963e-005, 0.000366579508409, 0.000328046618961, 0.00061227515107, 0.000274423393421, 0.000308197748382, 0.000170407642145, 0.000285346875899, 0.000265115639195, 0.00028007873334, 0.000288059090963, 0.000328299560351, 0.000278658320894, 0.000203292875085, 0.000117094990856, 0.000114963979286, 7.74879663368e-005, 3.35975237249e-005, 3.1572610169e-005, 2.77415688288e-006, 7.84917517649e-007, 1.92993113046e-007, 6.4111804754e-009, 4.41315206601e-010]
        dvar: [7.9643483858e-017, 8.65557292506e-010, 6.71442235145e-009, 2.34772965513e-008, 1.34952145459e-007, 1.93496660472e-007, 3.67363725218e-007, 1.37868866545e-007, 2.31784724747e-007, 3.98326882589e-008, 1.03204861546e-007, 1.40163749052e-007, 1.66277871472e-007, 1.37511364073e-007, 1.86731924146e-007, 1.46082513197e-007, 1.41344600024e-007, 1.1912010045e-008, 9.98369653615e-009, 9.45476053005e-009, 2.55380383507e-009, 4.58749083165e-009, 3.83941489712e-011, 6.14014524988e-012, 1.64790951067e-013, 9.03808970139e-017, 1.03532193751e-019]
        dvar2: [2.10368798378e-016, 2.0567836323e-009, 1.43801468511e-008, 3.94871264575e-008, 2.5716451546e-007, 4.04360264383e-007, 7.67794517742e-007, 3.14843248361e-007, 5.31332830178e-007, 9.13946252012e-008, 2.44828896712e-007, 3.55896389692e-007, 3.74127751002e-007, 3.35214053848e-007, 4.36283499994e-007, 3.26495552372e-007, 3.9836123733e-007, 2.56599044235e-008, 2.4518479691e-008, 2.30096102172e-008, 5.16408604767e-009, 8.32373725501e-009, 6.69334518366e-011, 1.26311417922e-011, 3.34886740734e-013, 1.94021525717e-016, 3.16331909117e-019]
        max: [1.68437381376e-007, 0.000358822522685, 0.00130393600557, 0.00270862947218, 0.00636005122215, 0.0066490676254, 0.00877179950476, 0.00470229843631, 0.00579559290782, 0.00243593286723, 0.00381171982735, 0.00355579820462, 0.00516221579164, 0.00338375545107, 0.00528440391645, 0.0055070775561, 0.00766278011724, 0.00186676695012, 0.00108897720929, 0.00128716451582, 0.00105204025749, 0.0011887595756, 0.000100659657619, 4.91094651807e-005, 8.00871112006e-006, 1.80788859439e-007, 4.01778121883e-009]
        mean: [3.20446802426e-009, 8.6980224296e-005, 0.000167040212546, 0.000127750259708, 0.00063288945239, 0.000347618944943, 0.000745666970033, 0.000237391679548, 0.00029965286376, 0.000179046648555, 0.000276304141153, 0.000209436868317, 0.000208039491554, 0.000221099879127, 0.000288894254481, 0.000278652150882, 0.000181206327397, 0.00013186247088, 0.000125854101498, 8.50018986966e-005, 4.04711026931e-005, 3.93804803025e-005, 3.46918955074e-006, 8.18030457594e-007, 2.20017710717e-007, 7.69617169993e-009, 2.20141377349e-010]
        median: [1.41568812229e-009, 7.70276019466e-005, 0.000144699384691, 3.29052854795e-005, 0.000364210602129, 0.000136933740578, 0.00046209388529, 7.2207483754e-005, 0.000118464296975, 8.45632603159e-005, 0.000154840265168, 5.50445183762e-005, 6.18767517153e-005, 6.08832087892e-005, 0.000103693950223, 7.25360659999e-005, 5.70651427552e-005, 7.29936364223e-005, 8.62707311171e-005, 4.46289959655e-005, 1.67377838807e-005, 4.87301167595e-006, 3.56214030717e-007, 9.35229067522e-008, 6.9755351717e-008, 3.26606142131e-009, 1.05484579405e-010]
        min: [1.35011319341e-023, 1.1524722662e-022, 3.57000107063e-023, 5.91973845052e-024, 1.36520615356e-023, 1.32986348107e-022, 6.59205430778e-023, 1.42139734693e-023, 5.79269208619e-023, 4.96234561706e-023, 5.61783822665e-023, 9.14439357179e-023, 7.90783264584e-023, 7.61002881887e-023, 1.53992906219e-022, 7.52156532587e-023, 1.89239085247e-022, 1.41343679376e-022, 1.746605192e-022, 3.03979938897e-022, 3.89205037974e-022, 5.49647784551e-022, 4.86820175756e-022, 7.43465229165e-022, 1.18816750272e-021, 1.64054896485e-021, 2.11860988155e-021]
        var: [6.96202319732e-017, 5.22898879751e-009, 2.19990177186e-008, 8.08962568044e-008, 5.26856808847e-007, 3.97153712584e-007, 9.33029696171e-007, 2.20014342744e-007, 3.72752936073e-007, 8.47535019943e-008, 1.40937601145e-007, 2.08263145396e-007, 2.08236642152e-007, 1.85037464462e-007, 2.83969143311e-007, 3.60026888302e-007, 1.67690075159e-007, 3.90535319639e-008, 1.79269363798e-008, 1.58845079312e-008, 6.21739548734e-009, 1.39828735257e-008, 1.30441268897e-010, 9.9434644546e-012, 2.496675013e-013, 1.50628477815e-016, 8.7694502605e-020]
    frequency_bands:
        dmean: [3.08000869254e-009, 2.09603476833e-005, 4.38467177446e-005, 6.3867548306e-005, 0.000257781532127, 0.0002168136416, 0.000404167978559, 0.000175570065039, 0.000198868001462, 0.000108463493234, 0.000175252163899, 0.000161681877216, 0.000174724351382, 0.000175750945345, 0.000212046928937, 0.000178850459633, 0.000128040890559, 7.30085812393e-005, 7.15026253602e-005, 4.88405712531e-005, 2.14397878153e-005, 2.29684646911e-005, 1.94935159925e-006, 5.54268524411e-007, 1.30988865976e-007, 4.38947811432e-009, 2.37355052279e-010, 6.66118271653e-011]
        dmean2: [5.26988719329e-009, 3.4144246456e-005, 6.07403344475e-005, 8.40914653963e-005, 0.000366579508409, 0.000328046618961, 0.00061227515107, 0.000274423393421, 0.000308197748382, 0.000170407642145, 0.000285346875899, 0.000265115639195, 0.00028007873334, 0.000288059090963, 0.000328299560351, 0.000278658320894, 0.000203292875085, 0.000117094990856, 0.000114963979286, 7.74879663368e-005, 3.35975237249e-005, 3.1572610169e-005, 2.77415688288e-006, 7.84917517649e-007, 1.92993113046e-007, 6.4111804754e-009, 4.41315206601e-010, 1.24322968587e-010]
        dvar: [7.9643483858e-017, 8.65557292506e-010, 6.71442235145e-009, 2.34772965513e-008, 1.34952145459e-007, 1.93496660472e-007, 3.67363725218e-007, 1.37868866545e-007, 2.31784724747e-007, 3.98326882589e-008, 1.03204861546e-007, 1.40163749052e-007, 1.66277871472e-007, 1.37511364073e-007, 1.86731924146e-007, 1.46082513197e-007, 1.41344600024e-007, 1.1912010045e-008, 9.98369653615e-009, 9.45476053005e-009, 2.55380383507e-009, 4.58749083165e-009, 3.83941489712e-011, 6.14014524988e-012, 1.64790951067e-013, 9.03808970139e-017, 1.03532193751e-019, 8.40758491502e-021]
        dvar2: [2.10368798378e-016, 2.0567836323e-009, 1.43801468511e-008, 3.94871264575e-008, 2.5716451546e-007, 4.04360264383e-007, 7.67794517742e-007, 3.14843248361e-007, 5.31332830178e-007, 9.13946252012e-008, 2.44828896712e-007, 3.55896389692e-007, 3.74127751002e-007, 3.35214053848e-007, 4.36283499994e-007, 3.26495552372e-007, 3.9836123733e-007, 2.56599044235e-008, 2.4518479691e-008, 2.30096102172e-008, 5.16408604767e-009, 8.32373725501e-009, 6.69334518366e-011, 1.26311417922e-011, 3.34886740734e-013, 1.94021525717e-016, 3.16331909117e-019, 2.57536447552e-020]
        max: [1.68437381376e-007, 0.000358822522685, 0.00130393600557, 0.00270862947218, 0.00636005122215, 0.0066490676254, 0.00877179950476, 0.00470229843631, 0.00579559290782, 0.00243593286723, 0.00381171982735, 0.00355579820462, 0.00516221579164, 0.00338375545107, 0.00528440391645, 0.0055070775561, 0.00766278011724, 0.00186676695012, 0.00108897720929, 0.00128716451582, 0.00105204025749, 0.0011887595756, 0.000100659657619, 4.91094651807e-005, 8.00871112006e-006, 1.80788859439e-007, 4.01778121883e-009, 1.14148857033e-009]
        mean: [3.20446802426e-009, 8.6980224296e-005, 0.000167040212546, 0.000127750259708, 0.00063288945239, 0.000347618944943, 0.000745666970033, 0.000237391679548, 0.00029965286376, 0.000179046648555, 0.000276304141153, 0.000209436868317, 0.000208039491554, 0.000221099879127, 0.000288894254481, 0.000278652150882, 0.000181206327397, 0.00013186247088, 0.000125854101498, 8.50018986966e-005, 4.04711026931e-005, 3.93804803025e-005, 3.46918955074e-006, 8.18030457594e-007, 2.20017710717e-007, 7.69617169993e-009, 2.20141377349e-010, 5.03789301942e-011]
        median: [1.41568812229e-009, 7.70276019466e-005, 0.000144699384691, 3.29052854795e-005, 0.000364210602129, 0.000136933740578, 0.00046209388529, 7.2207483754e-005, 0.000118464296975, 8.45632603159e-005, 0.000154840265168, 5.50445183762e-005, 6.18767517153e-005, 6.08832087892e-005, 0.000103693950223, 7.25360659999e-005, 5.70651427552e-005, 7.29936364223e-005, 8.62707311171e-005, 4.46289959655e-005, 1.67377838807e-005, 4.87301167595e-006, 3.56214030717e-007, 9.35229067522e-008, 6.9755351717e-008, 3.26606142131e-009, 1.05484579405e-010, 1.72456875169e-011]
        min: [1.35011319341e-023, 1.1524722662e-022, 3.57000107063e-023, 5.91973845052e-024, 1.36520615356e-023, 1.32986348107e-022, 6.59205430778e-023, 1.42139734693e-023, 5.79269208619e-023, 4.96234561706e-023, 5.61783822665e-023, 9.14439357179e-023, 7.90783264584e-023, 7.61002881887e-023, 1.53992906219e-022, 7.52156532587e-023, 1.89239085247e-022, 1.41343679376e-022, 1.746605192e-022, 3.03979938897e-022, 3.89205037974e-022, 5.49647784551e-022, 4.86820175756e-022, 7.43465229165e-022, 1.18816750272e-021, 1.64054896485e-021, 2.11860988155e-021, 6.44339820336e-022]
        var: [6.96202319732e-017, 5.22898879751e-009, 2.19990177186e-008, 8.08962568044e-008, 5.26856808847e-007, 3.97153712584e-007, 9.33029696171e-007, 2.20014342744e-007, 3.72752936073e-007, 8.47535019943e-008, 1.40937601145e-007, 2.08263145396e-007, 2.08236642152e-007, 1.85037464462e-007, 2.83969143311e-007, 3.60026888302e-007, 1.67690075159e-007, 3.90535319639e-008, 1.79269363798e-008, 1.58845079312e-008, 6.21739548734e-009, 1.39828735257e-008, 1.30441268897e-010, 9.9434644546e-012, 2.496675013e-013, 1.50628477815e-016, 8.7694502605e-020, 6.87123182873e-021]
    mfcc:
        mean: [-736.874816895, 156.745849609, -61.811630249, 43.1437187195, -18.5769081116, -4.19757032394, -3.42000293732, -10.1078042984, 1.28125607967, -7.47934246063, -2.25104236603, -7.21350717545, 2.91154766083]
        cov: [[2144.04833984, -162.710357666, -223.669143677, -63.5423469543, -113.12903595, 269.054534912, -200.257095337, 8.03814125061, -49.1910324097, -11.8607578278, 60.8129081726, -76.4037704468, -30.8412971497], [-162.710357666, 942.498901367, -227.935592651, -111.729164124, 54.9098548889, -155.386672974, 132.001419067, -71.6784439087, 37.3255729675, 31.8796863556, 34.756111145, 44.438243866, -14.7712554932], [-223.669143677, -227.935592651, 439.785949707, 85.4804763794, -90.5754928589, 45.5321846008, 46.5441665649, 58.0664329529, -11.7572431564, 5.26432657242, -24.4650726318, -29.7479858398, -10.4811534882], [-63.5423469543, -111.729164124, 85.4804763794, 372.718200684, 74.9570541382, -62.9630393982, -0.0781758353114, 39.0543708801, 35.0111312866, -46.1405677795, -81.5504302979, -37.4657669067, 14.0866918564], [-113.12903595, 54.9098548889, -90.5754928589, 74.9570541382, 249.822067261, 18.2330875397, -43.7461547852, -38.3711280823, 25.3392658234, 23.263666153, -22.6060943604, -12.3904104233, -14.9996747971], [269.054534912, -155.386672974, 45.5321846008, -62.9630393982, 18.2330875397, 228.941848755, -16.4075069427, -26.0562076569, -25.4580974579, 30.5320587158, 36.8142776489, -28.654750824, -26.2252864838], [-200.257095337, 132.001419067, 46.5441665649, -0.0781758353114, -43.7461547852, -16.4075069427, 215.487625122, 54.3200798035, -25.1464290619, 7.93054866791, 10.5071077347, 27.0485496521, -12.4092168808], [8.03814125061, -71.6784439087, 58.0664329529, 39.0543708801, -38.3711280823, -26.0562076569, 54.3200798035, 141.095062256, 33.2046432495, -10.8154535294, -12.1860895157, 8.8329372406, 15.6088504791], [-49.1910324097, 37.3255729675, -11.7572431564, 35.0111312866, 25.3392658234, -25.4580974579, -25.1464290619, 33.2046432495, 118.10684967, 30.4667186737, -10.2713794708, 2.45086431503, 12.7083911896], [-11.8607578278, 31.8796863556, 5.26432657242, -46.1405677795, 23.263666153, 30.5320587158, 7.93054866791, -10.8154535294, 30.4667186737, 98.17918396, 38.0466537476, 5.05046081543, -3.14120483398], [60.8129081726, 34.756111145, -24.4650726318, -81.5504302979, -22.6060943604, 36.8142776489, 10.5071077347, -12.1860895157, -10.2713794708, 38.0466537476, 93.3164901733, 30.0529174805, -6.833132267], [-76.4037704468, 44.438243866, -29.7479858398, -37.4657669067, -12.3904104233, -28.654750824, 27.0485496521, 8.8329372406, 2.45086431503, 5.05046081543, 30.0529174805, 82.4441757202, 38.0294799805], [-30.8412971497, -14.7712554932, -10.4811534882, 14.0866918564, -14.9996747971, -26.2252864838, -12.4092168808, 15.6088504791, 12.7083911896, -3.14120483398, -6.833132267, 38.0294799805, 91.6265487671]]
        icov: [[0.000963281432632, -0.000373078102712, 0.000924500112887, -0.000692291359883, 0.00123203918338, -0.00166671618354, 0.00150757865049, -0.00130167417228, 0.000962339632679, -0.000489224039484, 5.10832433065e-005, 0.000154146080604, 0.000416428927565], [-0.000373078102712, 0.00220342283137, 0.000201291593839, 0.00105870235711, -0.00110693578608, 0.00225208210759, -0.00268394546583, 0.00231106858701, -0.0018659052439, 0.000630079943221, -0.00087538320804, 0.000742658914533, -0.000297035934636], [0.000924500112887, 0.000201291593839, 0.00425132736564, -0.00160839944147, 0.00266441400163, -0.00221088388935, 0.00082544144243, -0.001753853634, 0.00134378299117, -0.00199312414043, 0.00116563460324, 0.000296199024888, 0.00100044661667], [-0.000692291359883, 0.00105870235711, -0.00160839944147, 0.00518553191796, -0.00307110394351, 0.00287337135524, -0.00248429412022, 0.00133083236869, -0.00244337250479, 0.00266080140136, 0.000512122001965, 0.0023179394193, -0.00178081938066], [0.00123203918338, -0.00110693578608, 0.00266441400163, -0.00307110394351, 0.00787591561675, -0.00387046602555, 0.00345268519595, -0.00133858073968, 0.00158106081653, -0.0036218224559, 0.00295784976333, -0.00193604128435, 0.00257102330215], [-0.00166671618354, 0.00225208210759, -0.00221088388935, 0.00287337135524, -0.00387046602555, 0.0100836725906, -0.00400470942259, 0.00381727702916, -0.00184205221012, 0.000773999490775, -0.00350140687078, 0.00343130296096, -0.00123598566279], [0.00150757865049, -0.00268394546583, 0.00082544144243, -0.00248429412022, 0.00345268519595, -0.00400470942259, 0.0110179344192, -0.00673174904659, 0.00574169447646, -0.00360963004641, 0.00203337543644, -0.00407359469682, 0.00353135145269], [-0.00130167417228, 0.00231106858701, -0.001753853634, 0.00133083236869, -0.00133858073968, 0.00381727702916, -0.00673174904659, 0.0135590583086, -0.00673977052793, 0.00341252982616, -0.00117473781575, 0.000836641702335, -0.00220194482245], [0.000962339632679, -0.0018659052439, 0.00134378299117, -0.00244337250479, 0.00158106081653, -0.00184205221012, 0.00574169447646, -0.00673977052793, 0.0147458668798, -0.0071443230845, 0.00305795692839, -0.00182518106885, 0.000905268301722], [-0.000489224039484, 0.000630079943221, -0.00199312414043, 0.00266080140136, -0.0036218224559, 0.000773999490775, -0.00360963004641, 0.00341252982616, -0.0071443230845, 0.0174773298204, -0.00760119082406, 0.00330079020932, -0.00248851533979], [5.10832433065e-005, -0.00087538320804, 0.00116563460324, 0.000512122001965, 0.00295784976333, -0.00350140687078, 0.00203337543644, -0.00117473781575, 0.00305795692839, -0.00760119082406, 0.0202194880694, -0.00923272408545, 0.0045434194617], [0.000154146080604, 0.000742658914533, 0.000296199024888, 0.0023179394193, -0.00193604128435, 0.00343130296096, -0.00407359469682, 0.000836641702335, -0.00182518106885, 0.00330079020932, -0.00923272408545, 0.0230412073433, -0.0100653758273], [0.000416428927565, -0.000297035934636, 0.00100044661667, -0.00178081938066, 0.00257102330215, -0.00123598566279, 0.00353135145269, -0.00220194482245, 0.000905268301722, -0.00248851533979, 0.0045434194617, -0.0100653758273, 0.0166204478592]]
    sccoeffs:
        dmean: [0.0437374971807, 0.0486582331359, 0.0410009548068, 0.0361302867532, 0.0271775927395, 0.0180528629571]
        dmean2: [0.0708751529455, 0.0776163637638, 0.0669667869806, 0.0582999400795, 0.0418773628771, 0.0278004426509]
        dvar: [0.0014634084655, 0.0017654330004, 0.00108055153396, 0.000953188107815, 0.000533663318492, 0.000294659577776]
        dvar2: [0.00369265652262, 0.00429462594911, 0.00265315221623, 0.00215613772161, 0.00109040108509, 0.000623777799774]
        max: [-0.386582702398, -0.444340020418, -0.534324228764, -0.587433636189, -0.540384054184, -0.603136837482]
        mean: [-0.588839888573, -0.688657939434, -0.740312218666, -0.751081526279, -0.740271747112, -0.729570329189]
        median: [-0.585571169853, -0.690352678299, -0.749351620674, -0.754178166389, -0.740348935127, -0.733958542347]
        min: [-0.956025063992, -0.959445238113, -0.968922197819, -0.967665195465, -0.95920497179, -0.96555685997]
        var: [0.00419664243236, 0.00555788679048, 0.00487021449953, 0.003226892557, 0.00265372637659, 0.00144895061385]
    scvalleys:
        dmean: [0.40534439683, 0.371085196733, 0.346775740385, 0.354544013739, 0.321779102087, 0.314201653004]
        dmean2: [0.636372447014, 0.558170735836, 0.51666867733, 0.516752123833, 0.433450847864, 0.377045482397]
        dvar: [0.635381639004, 0.701629698277, 0.625039637089, 0.613256394863, 0.575771868229, 0.46938252449]
        dvar2: [0.637655377388, 0.586172521114, 0.47831004858, 0.494154542685, 0.403458923101, 0.366465091705]
        max: [-5.95335674286, -5.00320863724, -4.97186994553, -5.01269102097, -6.20037984848, -8.32329082489]
        mean: [-7.42971324921, -6.54175376892, -6.94786024094, -7.25506448746, -8.09528255463, -11.0907526016]
        median: [-7.32171154022, -6.40638828278, -6.71367359161, -7.04237747192, -8.09863948822, -11.2089614868]
        min: [-27.2755374908, -27.7682094574, -27.1341609955, -27.3927326202, -27.3645133972, -27.2425136566]
        var: [1.20269656181, 1.38988363743, 1.79281032085, 1.75134587288, 1.29414880276, 1.2541680336]

rhythm:
    beats_loudness:
        dmean: 0.00261308415793
        dmean2: 0.00437410408631
        dvar: 4.26146198151e-006
        dvar2: 1.41573918881e-005
        max: 0.0120348129421
        mean: 0.00661246199161
        median: 0.00660911668092
        min: 0.00136195821688
        var: 8.51814456837e-006
    bpm: 109.262245178
    bpm_confidence: 0
    first_peak_bpm: 110
    first_peak_spread: 0.53125
    first_peak_weight: 0.416666656733
    onset_rate: 3.41453742981
    second_peak_bpm: 105
    second_peak_spread: 0.333333343267
    second_peak_weight: 0.0555555559695
    beats_loudness_band_ratio:
        dmean: [0.104561217129, 0.162712186575, 0.138213008642, 0.111807771027, 0.142281591892, 0.0666176974773]
        dmean2: [0.176922068, 0.266934871674, 0.204004019499, 0.204809129238, 0.259219110012, 0.124663800001]
        dvar: [0.00523140328005, 0.0195560380816, 0.0124336378649, 0.0103657133877, 0.0218217279762, 0.00466744787991]
        dvar2: [0.0123646622524, 0.0418402552605, 0.0317488126457, 0.0302351638675, 0.0592823512852, 0.0109330909327]
        max: [0.416486293077, 0.718503952026, 0.659361600876, 0.494113653898, 0.574989914894, 0.29027608037]
        mean: [0.174722358584, 0.270613461733, 0.264275848866, 0.162328585982, 0.147113934159, 0.0727089196444]
        median: [0.147510364652, 0.220628038049, 0.199596300721, 0.130550011992, 0.0911492183805, 0.0466548912227]
        min: [0.0132977478206, 0.0334327481687, 0.0555384121835, 0.0283915605396, 0.0363127440214, 0.00830420665443]
        var: [0.0115055860952, 0.0325836315751, 0.0288837794214, 0.0115854116157, 0.018070211634, 0.00459465850145]
    beats_position: [0.592108845711, 1.18421769142, 1.75310659409, 2.32199549675, 2.87927436829, 3.42494320869, 3.97061228752, 4.52789115906, 5.05034017563, 5.58439922333, 6.13006782532, 6.67573690414, 7.22140598297, 7.76707458496, 8.32435321808, 8.87002277374, 9.42730140686, 9.96135997772, 10.4954195023, 11.0294780731, 11.5751476288, 12.1208162308, 12.6664848328, 13.2121543884, 13.7694330215, 14.3151016235, 14.8607711792, 15.4180498123, 15.9637184143, 16.50938797, 17.0666656494, 17.6239452362, 18.181224823, 18.7385025024, 19.2957820892, 19.853061676, 20.4103393555]
    bpm_estimates: [105.46875, 105.46875, 107.666023254, 109.956802368, 109.956756592, 107.666023254, 114.843742371, 112.347129822, 109.956848145, 109.956756592, 109.956756592, 109.956848145, 107.666069031, 109.95665741, 107.666069031, 112.347229004, 112.34703064, 112.347229004, 109.95665741, 109.956848145, 109.956848145, 109.95665741, 107.666069031, 109.956848145, 109.95665741, 107.666069031, 109.956848145, 109.95665741, 107.666252136, 107.665885925, 107.665885925, 107.666252136, 107.665885925, 107.665885925, 107.666252136]
    bpm_intervals: [0.592108845711, 0.568888902664, 0.568888902664, 0.557278871536, 0.545668840408, 0.545669078827, 0.557278871536, 0.522449016571, 0.534059047699, 0.54566860199, 0.545669078827, 0.545669078827, 0.54566860199, 0.557278633118, 0.545669555664, 0.557278633118, 0.534058570862, 0.534059524536, 0.534058570862, 0.545669555664, 0.54566860199, 0.54566860199, 0.545669555664, 0.557278633118, 0.54566860199, 0.545669555664, 0.557278633118, 0.54566860199, 0.545669555664, 0.557277679443, 0.557279586792, 0.557279586792, 0.557277679443, 0.557279586792, 0.557279586792, 0.557277679443]
    onset_times: [0.0580498874187, 0.441179126501, 0.615328788757, 0.847528338432, 0.952018141747, 1.09133791924, 1.23065757751, 1.50929701328, 1.74149656296, 1.97369611263, 2.07818603516, 2.31038546562, 2.77478456497, 2.86766433716, 3.01859402657, 3.26240372658, 3.40172338486, 3.86612248421, 4.21442174911, 4.43501138687, 4.7833108902, 4.81814050674, 4.92263031006, 5.23609972, 5.36380958557, 5.54956912994, 5.65405893326, 5.79337882996, 6.11845827103, 6.29260778427, 6.38548755646, 6.59446716309, 6.97759628296, 7.18657588959, 7.37233543396, 8.0224943161, 8.20825386047, 8.28952407837, 8.46367359161, 8.74231338501, 9.27637195587, 9.38086128235, 9.97297096252, 10.1819505692, 10.321269989, 10.4954195023, 10.6695690155, 10.7740592957, 10.9946489334, 11.5867576599, 11.9118366241, 12.1208162308, 12.2136964798, 12.3414058685, 12.4226760864, 12.8290252686, 13.1657142639, 13.6649436951, 13.7810430527, 14.0248527527, 14.3151016235, 14.6169614792, 15.2439002991, 15.4296598434, 15.9637184143, 16.3932876587, 16.7764167786, 17.3220863342, 17.3685264587, 17.6355552673, 19.8762817383]
    perceptual_tempo: "unknown"

sfx:
    inharmonicity:
        dmean: 0.0419208072126
        dmean2: 0.0738804340363
        dvar: 0.00269354367629
        dvar2: 0.00724990945309
        max: 0.386253982782
        mean: 0.0415578447282
        median: 0.023688280955
        min: 0
        var: 0.00287284445949
    oddtoevenharmonicenergyratio:
        dmean: 2.46201515198
        dmean2: 4.55611181259
        dvar: 61.6388435364
        dvar2: 167.186157227
        max: 114.41166687
        mean: 1.74273598194
        median: 0.399384737015
        min: 0
        var: 40.8501167297
    pitch_after_max_to_before_max_energy_ratio: 0.216378986835
    pitch_centroid: 449.371490479
    pitch_max_to_total: 0.719063520432
    pitch_min_to_total: 0.0791527330875
    tristimulus:
        dmean: [0.192147985101, 0.219044238329, 0.0728390440345]
        dmean2: [0.338907957077, 0.386352449656, 0.12546569109]
        dvar: [0.0319769009948, 0.0402108691633, 0.0054028891027]
        dvar2: [0.0867997407913, 0.117375634611, 0.0143453348428]
        max: [1, 0.990480661392, 0.599443972111]
        mean: [0.386314481497, 0.497253119946, 0.0908915996552]
        median: [0.352155506611, 0.533123672009, 0.0705965980887]
        min: [0.00951935257763, 0, 0]
        var: [0.0472811833024, 0.0513670891523, 0.0079955663532]

tonal:
    chords_changes_rate: 0.0289532300085
    chords_number_rate: 0.0089086862281
    chords_strength:
        dmean: 0.0105366054922
        dmean2: 0.0107355508953
        dvar: 7.46176956454e-005
        dvar2: 8.43827583594e-005
        max: 0.707825183868
        mean: 0.523753106594
        median: 0.535082697868
        min: 0.310863435268
        var: 0.00717353029177
    key_strength: 0.67966991663
    tuning_diatonic_strength: 0.498627096415
    tuning_equal_tempered_deviation: 0.0492927096784
    tuning_frequency: 438.224517822
    tuning_nontempered_energy_ratio: 0.72851061821
    hpcp:
        dmean: [0.0863000303507, 0.095917224884, 0.143225312233, 0.168853998184, 0.16382470727, 0.137446776032, 0.161682456732, 0.165953174233, 0.12759038806, 0.106183089316, 0.0798632875085, 0.0757751986384, 0.110962174833, 0.128881692886, 0.109422087669, 0.100669853389, 0.105476759374, 0.12751416862, 0.153872594237, 0.139201268554, 0.0916555449367, 0.0694594755769, 0.0767089948058, 0.0833919271827, 0.0966216921806, 0.0900341048837, 0.0915672332048, 0.0984857156873, 0.0849946737289, 0.104813233018, 0.128430426121, 0.15126465261, 0.171013981104, 0.155548289418, 0.164173483849, 0.104304201901]
        dmean2: [0.152906894684, 0.167478397489, 0.233193948865, 0.280153304338, 0.2741792202, 0.234643101692, 0.264491051435, 0.278081864119, 0.216255292296, 0.178532660007, 0.13651175797, 0.128483012319, 0.190754726529, 0.220689713955, 0.187173038721, 0.173458561301, 0.182043939829, 0.215940311551, 0.253881663084, 0.23202110827, 0.158243879676, 0.123806796968, 0.137038424611, 0.143278777599, 0.159012123942, 0.150338724256, 0.153129845858, 0.164724975824, 0.143830746412, 0.175018429756, 0.212296336889, 0.249395623803, 0.282251536846, 0.253026276827, 0.262408941984, 0.170852646232]
        dvar: [0.0243002828211, 0.0223016291857, 0.0314737036824, 0.0461671240628, 0.0405443236232, 0.0260316897184, 0.04289643839, 0.0398527160287, 0.030087871477, 0.018655475229, 0.0121670970693, 0.0159350354224, 0.0315909050405, 0.0451275892556, 0.0336183197796, 0.0258360151201, 0.0268051810563, 0.0299693066627, 0.0415579266846, 0.0417879931629, 0.0257553104311, 0.0199554655701, 0.0257075689733, 0.0186677165329, 0.0206692945212, 0.0204004459083, 0.0213711261749, 0.0264266673476, 0.021932143718, 0.0253746006638, 0.0414696633816, 0.0387441776693, 0.0275974627584, 0.0403265468776, 0.0340174473822, 0.0199067331851]
        dvar2: [0.0630318671465, 0.0560571327806, 0.0747217163444, 0.0959929376841, 0.102920867503, 0.0702761635184, 0.108040928841, 0.105993501842, 0.0768899023533, 0.0428910143673, 0.0317838788033, 0.0428049601614, 0.0831405296922, 0.119855873287, 0.0893625542521, 0.0679191052914, 0.0721037983894, 0.0795375034213, 0.105444513261, 0.106458619237, 0.0702569335699, 0.0539151988924, 0.0735192522407, 0.0516969189048, 0.0495212003589, 0.0480595976114, 0.0584785975516, 0.0709721371531, 0.0555578842759, 0.0626665651798, 0.0859661772847, 0.0904114991426, 0.0645152330399, 0.0851807668805, 0.0665914043784, 0.0475397966802]
        max: [1, 1, 1, 1, 1, 1, 1, 1, 1, 1, 1, 1, 1, 1, 1, 1, 1, 1, 1, 1, 1, 1, 1, 1, 1, 1, 1, 1, 1, 1, 1, 1, 1, 1, 1, 0.981261014938]
        mean: [0.0892539992929, 0.100156083703, 0.214088067412, 0.341160923243, 0.251952648163, 0.17755959928, 0.248498722911, 0.216696411371, 0.159660130739, 0.151660397649, 0.102264791727, 0.0847192853689, 0.11714246124, 0.132751852274, 0.121289037168, 0.112186104059, 0.113576136529, 0.162216201425, 0.225874766707, 0.180285423994, 0.0924402102828, 0.0681111142039, 0.0709308609366, 0.0906286239624, 0.123093701899, 0.117003299296, 0.1060192734, 0.106496192515, 0.0873919501901, 0.137486338615, 0.255247056484, 0.26394033432, 0.361989527941, 0.519569218159, 0.340515226126, 0.11860088259]
        median: [0.0344256609678, 0.0450530536473, 0.104428388178, 0.180756747723, 0.15556101501, 0.119009815156, 0.151231437922, 0.128748729825, 0.0905416309834, 0.0933485627174, 0.0600814074278, 0.0415764264762, 0.0509531646967, 0.0509730279446, 0.0470580682158, 0.0504300072789, 0.0526995025575, 0.0998769104481, 0.137191906571, 0.08760548383, 0.0358672328293, 0.0203699395061, 0.0225122813135, 0.0448759458959, 0.0566306076944, 0.0531242005527, 0.0556124933064, 0.052795086056, 0.0387182533741, 0.0585710071027, 0.0764404535294, 0.131699308753, 0.335120528936, 0.475542515516, 0.267361551523, 0.0553336888552]
        min: [0, 0, 0, 0, 0, 0, 0, 0, 0.00125304155517, 0.0016587539576, 0, 0, 0, 0, 0, 0, 0, 0, 0, 0, 0, 0, 0, 0, 0, 0, 0, 0, 0, 0, 0, 0, 0, 0, 0, 0]
        var: [0.0235420968384, 0.0232284516096, 0.0648947358131, 0.125910446048, 0.0742768570781, 0.0343673191965, 0.0754537507892, 0.0538703873754, 0.0349265597761, 0.0285257287323, 0.0144921839237, 0.0156644657254, 0.031055662781, 0.0424768738449, 0.0355380028486, 0.0289002992213, 0.0263759884983, 0.0324855037034, 0.0585180483758, 0.0535212308168, 0.0236130785197, 0.0170972999185, 0.0200143419206, 0.0186337009072, 0.032853372395, 0.0295586083084, 0.0220622904599, 0.0239884667099, 0.019758971408, 0.0349612720311, 0.116409540176, 0.0927793160081, 0.0653218775988, 0.1449662745, 0.0827567577362, 0.0250151325017]
    chords_histogram: [49.220489502, 0, 0, 0, 0, 0, 0, 7.12694883347, 0, 38.0846328735, 5.56792879105, 0, 0, 0, 0, 0, 0, 0, 0, 0, 0, 0, 0, 0]
