
metadata:
    version:
        essentia: "2.1-beta2"
    audio_properties:
        analysis_sample_rate: 44100
        bitrate: 320
        channels: 2
        equal_loudness: 1
        length: 274.938781738
        replay_gain: -14.1048202515
        downmix: "mix"
    tags:
        album: "Wretched & Divine: The Story Of The Wild Ones"
        artist: "Black Veil Brides"
        comment: ""
        date: "2013"
        genre: "Metal"
        title: "Resurrect The Sun"
        tracknumber: "9/19"

configuration:
    average_loudness:
        compute: 1
        frameSize: 88200
        hopSize: 44100
        silentFrames: "noise"
        windowType: "hann"
    general:
        analysisSampleRate: 44100
        endTime: 2000
        equalLoudness: 1
        nequalLoudness: 0
        shortSound: 0
        startTime: 0
    lowlevel:
        compute: 1
        frameSize: 2048
        hopSize: 1024
        zeroPadding: 0
        silentFrames: "noise"
        windowType: "blackmanharris62"
        mfccStats: ["mean", "cov", "icov"]
        stats: ["mean", "var", "median", "min", "max", "dmean", "dmean2", "dvar", "dvar2"]
    panning:
        compute: 0
        frameSize: 8192
        hopSize: 2048
        zeroPadding: 8192
        silentFrames: "noise"
        windowType: "hann"
        stats: ["copy"]
    rhythm:
        compute: 1
        maxTempo: 208
        minTempo: 40
        method: "degara"
        stats: ["mean", "var", "median", "min", "max", "dmean", "dmean2", "dvar", "dvar2"]
    segmentation:
        compute: 0
        cpw: 5
        inc1: 300
        inc2: 50
        minimumSegmentsLength: 10
        size1: 1000
        size2: 600
    sfx:
        compute: 1
        stats: ["mean", "var", "median", "min", "max", "dmean", "dmean2", "dvar", "dvar2"]
    svm:
        compute: 0
    tonal:
        compute: 1
        frameSize: 4096
        hopSize: 2048
        zeroPadding: 0
        silentFrames: "noise"
        windowType: "blackmanharris62"
        stats: ["mean", "var", "median", "min", "max", "dmean", "dmean2", "dvar", "dvar2"]

lowlevel:
    average_loudness: 0.83783441782
    barkbands_kurtosis:
        dmean: 1.35979032516
        dmean2: 2.26509833336
        dvar: 26.5365810394
        dvar2: 75.1856918335
        max: 191.59576416
        mean: 1.08606600761
        median: -0.790033102036
        min: -1.85503423214
        var: 71.4261245728
    barkbands_skewness:
        dmean: 0.374143064022
        dmean2: 0.599638342857
        dvar: 0.162985935807
        dvar2: 0.424902051687
        max: 10.5109214783
        mean: 0.305311352015
        median: 0.18555110693
        min: -3.52790737152
        var: 1.03170764446
    barkbands_spread:
        dmean: 4.49335098267
        dmean2: 7.08771038055
        dvar: 21.8985614777
        dvar2: 52.5900382996
        max: 82.4618682861
        mean: 26.255563736
        median: 27.0160732269
        min: 0.237019181252
        var: 153.392684937
    dissonance:
        dmean: 0.018636263907
        dmean2: 0.0316848233342
        dvar: 0.000440028554294
        dvar2: 0.00122301641386
        max: 0.500000238419
        mean: 0.461089193821
        median: 0.472430169582
        min: 0.245518967509
        var: 0.00130399805494
    hfc:
        dmean: 1.92620444298
        dmean2: 3.18373298645
        dvar: 8.24945545197
        dvar2: 22.6744346619
        max: 56.8598937988
        mean: 7.71008729935
        median: 7.41179180145
        min: 1.17962969842e-016
        var: 40.3735847473
    pitch:
        dmean: 578.279418945
        dmean2: 1107.98425293
        dvar: 1263307.625
        dvar2: 3230450.25
        max: 4918.41308594
        mean: 918.409729004
        median: 295.603088379
        min: 43.0671463013
        var: 1707906.5
    pitch_instantaneous_confidence:
        dmean: 0.080974958837
        dmean2: 0.132328897715
        dvar: 0.00527075771242
        dvar2: 0.0132303703576
        max: 0.957919061184
        mean: 0.442537367344
        median: 0.411511451006
        min: 0.124719321728
        var: 0.0284775141627
    pitch_salience:
        dmean: 0.0571031942964
        dmean2: 0.093557164073
        dvar: 0.00283055077307
        dvar2: 0.00758629618213
        max: 0.917498409748
        mean: 0.607718527317
        median: 0.62327426672
        min: 0.134958192706
        var: 0.0120855532587
    silence_rate_20dB:
        dmean: 0
        dmean2: 0
        dvar: 0
        dvar2: 0
        max: 1
        mean: 1
        median: 1
        min: 1
        var: 0
    silence_rate_30dB:
        dmean: 0
        dmean2: 0
        dvar: 0
        dvar2: 0
        max: 1
        mean: 1
        median: 1
        min: 1
        var: 0
    silence_rate_60dB:
        dmean: 0.0407060198486
        dmean2: 0.0814189165831
        dvar: 0.0390446782112
        dvar2: 0.0920241773129
        max: 1
        mean: 0.380425602198
        median: 0
        min: 0
        var: 0.235730990767
    spectral_centroid:
        dmean: 215.334350586
        dmean2: 341.044464111
        dvar: 62028.4375
        dvar2: 140739.703125
        max: 10730.8652344
        mean: 1513.79797363
        median: 1568.33654785
        min: 81.6647567749
        var: 460135.84375
    spectral_complexity:
        dmean: 2.96562790871
        dmean2: 4.91418933868
        dvar: 11.4590034485
        dvar2: 30.2678279877
        max: 46
        mean: 14.6806278229
        median: 14
        min: 0
        var: 104.094451904
    spectral_crest:
        dmean: 1.99403882027
        dmean2: 3.2717256546
        dvar: 3.73648619652
        dvar2: 9.69027519226
        max: 25.3989906311
        mean: 8.08730983734
        median: 6.85808849335
        min: 2.40099430084
        var: 16.2100028992
    spectral_decrease:
        dmean: 2.15850504137e-010
        dmean2: 3.5321290337e-010
        dvar: 9.76577702986e-020
        dvar2: 2.59735410275e-019
        max: -6.63957788129e-029
        mean: -9.61994706117e-010
        median: -9.57652956934e-010
        min: -4.54927606697e-009
        var: 4.62074774098e-019
    spectral_energy:
        dmean: 0.000955945812166
        dmean2: 0.00156848668121
        dvar: 1.9171909571e-006
        dvar2: 5.12344104209e-006
        max: 0.0213806945831
        mean: 0.00433012377471
        median: 0.00433433894068
        min: 1.09501838294e-020
        var: 9.54032748268e-006
    spectral_energyband_high:
        dmean: 0.000122109209769
        dmean2: 0.000207010351005
        dvar: 4.71240042543e-008
        dvar2: 1.32681464038e-007
        max: 0.00298771029338
        mean: 0.000329184316797
        median: 0.000290880620014
        min: 8.00078734485e-021
        var: 1.14820821295e-007
    spectral_energyband_low:
        dmean: 0.000170599800185
        dmean2: 0.000298349565128
        dvar: 8.86008493239e-008
        dvar2: 2.4980383273e-007
        max: 0.00338081712835
        mean: 0.000293021119433
        median: 0.00023878319189
        min: 1.63053510141e-022
        var: 9.8866934195e-008
    spectral_energyband_middle_high:
        dmean: 0.000620167586021
        dmean2: 0.000996837974526
        dvar: 7.11455641067e-007
        dvar2: 1.8435508764e-006
        max: 0.0159037895501
        mean: 0.00227509206161
        median: 0.00196991232224
        min: 1.47752743829e-021
        var: 3.88613125324e-006
    spectral_energyband_middle_low:
        dmean: 0.000545453571249
        dmean2: 0.000879003782757
        dvar: 7.54732468522e-007
        dvar2: 1.95962388716e-006
        max: 0.0118286516517
        mean: 0.00155813200399
        median: 0.00126755225938
        min: 3.13381797735e-022
        var: 1.89702120679e-006
    spectral_flatness_db:
        dmean: 0.0160708073527
        dmean2: 0.025285853073
        dvar: 0.000278520194115
        dvar2: 0.00069865124533
        max: 0.643773317337
        mean: 0.170015126467
        median: 0.149862214923
        min: 0.0516106635332
        var: 0.00635852105916
    spectral_flux:
        dmean: 0.00608020788059
        dmean2: 0.00949805881828
        dvar: 5.07037439093e-005
        dvar2: 0.000111236753582
        max: 0.119475536048
        mean: 0.0340560413897
        median: 0.0356132388115
        min: 1.04643127496e-010
        var: 0.000387620209949
    spectral_kurtosis:
        dmean: 3.55925345421
        dmean2: 6.14019536972
        dvar: 160.403106689
        dvar2: 493.712005615
        max: 369.080993652
        mean: 10.8391647339
        median: 3.85311460495
        min: -1.18989467621
        var: 990.218811035
    spectral_rms:
        dmean: 0.000206360447919
        dmean2: 0.000331554270815
        dvar: 5.87386956852e-008
        dvar2: 1.52761103323e-007
        max: 0.00456718867645
        mean: 0.00186494900845
        median: 0.00205636164173
        min: 3.26850222235e-012
        var: 7.46481020997e-007
    spectral_rolloff:
        dmean: 314.747009277
        dmean2: 517.39263916
        dvar: 214725.5625
        dvar2: 467027.9375
        max: 18389.3554688
        mean: 2798.69702148
        median: 3359.1796875
        min: 86.1328125
        var: 1600398.5
    spectral_skewness:
        dmean: 0.262067168951
        dmean2: 0.428717166185
        dvar: 0.184336975217
        dvar2: 0.526608884335
        max: 15.9678659439
        mean: 1.87982165813
        median: 1.39066386223
        min: 0.0393561311066
        var: 3.28729701042
    spectral_spread:
        dmean: 502067.46875
        dmean2: 730116.9375
        dvar: 436259586048
        dvar2: 752766681088
        max: 39548408
        mean: 4199048
        median: 4028488.5
        min: 235226.671875
        var: 2.77021720576e+012
    spectral_strongpeak:
        dmean: 0.4579423666
        dmean2: 0.777466833591
        dvar: 0.655865728855
        dvar2: 1.67515671253
        max: 13.5389900208
        mean: 0.824816465378
        median: 0.419334113598
        min: 4.07037425987e-009
        var: 1.37694942951
    zerocrossingrate:
        dmean: 0.00715976767242
        dmean2: 0.00857354234904
        dvar: 6.15498720435e-005
        dvar2: 7.03065379639e-005
        max: 0.484375
        mean: 0.0855640098453
        median: 0.09228515625
        min: 0.00341796875
        var: 0.00124286091886
    barkbands:
        dmean: [1.7482848591e-007, 5.08027078467e-005, 0.000105334846012, 8.52258744999e-005, 0.000237694664975, 0.000120536475151, 8.20873392513e-005, 8.86180860107e-005, 0.00020531010523, 0.000110854191007, 8.03005023045e-005, 0.000102260499261, 9.51633628574e-005, 8.09133707662e-005, 7.35659486963e-005, 8.36914696265e-005, 0.000114752278023, 0.000132529094117, 0.000241607616772, 0.000137591676321, 5.65157642995e-005, 2.34247618209e-005, 4.72690999231e-006, 2.15444583773e-006, 1.37852111948e-006, 5.85405608433e-008, 6.03787575493e-010]
        dmean2: [3.15954309826e-007, 8.92070602276e-005, 0.000186612611287, 0.000145894169691, 0.000402809790103, 0.000195438697119, 0.000128168947413, 0.000135620270157, 0.000321963481838, 0.000181283001439, 0.000129152060254, 0.000168011902133, 0.000155489120516, 0.000131078180857, 0.00011929187167, 0.000137891198392, 0.000186754405149, 0.000218281697016, 0.000402566220146, 0.000232256075833, 9.57661686698e-005, 3.9581402234e-005, 7.3148012234e-006, 3.06608308165e-006, 1.89747697732e-006, 8.34229538782e-008, 9.68693014691e-010]
        dvar: [1.69520905017e-013, 1.35890312336e-008, 3.34707088712e-008, 1.66776832344e-008, 4.04237539442e-007, 5.69252627258e-008, 2.26751897259e-008, 3.82126472687e-008, 1.79550241342e-007, 9.4869676559e-008, 3.10959187289e-008, 5.39437969849e-008, 3.90951164775e-008, 3.80198486027e-008, 2.87446209057e-008, 3.30191980424e-008, 4.51060557793e-008, 5.44461613572e-008, 1.74025515776e-007, 4.43789147653e-008, 7.53600382097e-009, 2.26494356603e-009, 1.44478443098e-010, 4.12769401992e-011, 1.85709728845e-011, 3.41320531951e-014, 3.01472943242e-018]
        dvar2: [5.02478267328e-013, 3.76816302605e-008, 9.69043085775e-008, 4.51101946908e-008, 1.05807123418e-006, 1.4222540301e-007, 5.23158369958e-008, 8.19937895358e-008, 4.37314326973e-007, 2.50860068718e-007, 7.68680550323e-008, 1.40983033248e-007, 1.05020767194e-007, 9.76719718437e-008, 6.68525999004e-008, 8.49842791695e-008, 1.13335616447e-007, 1.37518654242e-007, 4.56353177469e-007, 1.22807151115e-007, 2.12035544678e-008, 5.67341329472e-009, 2.8909882821e-010, 7.04127797735e-011, 3.08836185792e-011, 6.28634039897e-014, 7.3667894717e-018]
        max: [4.23832716479e-006, 0.00108296540566, 0.00218921527267, 0.00238993228413, 0.00781193096191, 0.00468467269093, 0.00397094199434, 0.00678157201037, 0.00985216349363, 0.0083768311888, 0.00748284161091, 0.00588470511138, 0.00351922377013, 0.00372612918727, 0.00732293957844, 0.00480414601043, 0.00753704784438, 0.00529812695459, 0.0127508398145, 0.00314727239311, 0.00132846983615, 0.00110172329005, 0.000506887561642, 0.000183663898497, 0.000114829745144, 7.67538585933e-006, 3.88109242522e-008]
        mean: [1.61755735917e-007, 6.32945739198e-005, 0.000159952498507, 0.000127125123981, 0.000296860554954, 0.000202293842449, 0.000179230002686, 0.000190453545656, 0.00046392067452, 0.000220039728447, 0.000141676558997, 0.000166367797647, 0.000159620554768, 0.000125440972624, 0.000118174219097, 0.000154106732225, 0.000228161079576, 0.000264773756498, 0.000545535644051, 0.000315707700793, 0.000142955919728, 4.71937128168e-005, 9.40189056564e-006, 4.6557083806e-006, 2.91923311124e-006, 1.01870377023e-007, 6.97392033011e-010]
        median: [1.39066944627e-008, 3.41309860232e-005, 0.000109153261292, 7.89812984294e-005, 0.000135569571285, 9.12568211788e-005, 8.95812554518e-005, 6.24154490652e-005, 0.000144770456245, 6.80414013914e-005, 5.3848609241e-005, 5.51741832169e-005, 5.59633954254e-005, 4.71040184493e-005, 5.7739445765e-005, 8.38385167299e-005, 0.00014424714027, 0.000138494302519, 0.000372726441128, 0.000240487235715, 0.000129427789943, 3.03083797917e-005, 3.2724265111e-006, 1.07402229332e-006, 5.80163373343e-007, 1.78752888047e-008, 1.96353044934e-010]
        min: [1.66433037591e-023, 8.79987718855e-023, 4.49030229542e-023, 3.63263189334e-023, 1.96785044676e-023, 5.65267053769e-023, 3.53993221728e-023, 2.13376588116e-023, 1.31939573862e-022, 3.54230353316e-023, 1.14951498444e-022, 1.02279034914e-022, 8.00473695052e-023, 8.78216379024e-023, 8.75513678454e-023, 1.7382510919e-022, 2.3137979499e-022, 2.47147546764e-022, 1.91673055617e-022, 2.92634755928e-022, 5.23170734807e-022, 6.37722173487e-022, 7.86431163146e-022, 9.13628660604e-022, 1.17289667021e-021, 1.76835462989e-021, 2.36602998291e-021]
        var: [1.38790292193e-013, 1.10660272057e-008, 3.56624632047e-008, 2.64918096349e-008, 3.6431779904e-007, 1.13538725088e-007, 9.62911030911e-008, 1.51263535031e-007, 6.89939838594e-007, 2.64358106961e-007, 8.24650996378e-008, 1.0257179639e-007, 8.03563438012e-008, 5.96993956492e-008, 5.35517052924e-008, 5.84384167723e-008, 9.45091400695e-008, 1.45100713667e-007, 4.63434105313e-007, 1.13179943639e-007, 1.94193017222e-008, 5.00767294298e-009, 4.96030438946e-010, 1.89881999013e-010, 7.69472194295e-011, 9.35001452347e-014, 3.40657233321e-018]
    frequency_bands:
        dmean: [1.7482848591e-007, 5.08027078467e-005, 0.000105334846012, 8.52258744999e-005, 0.000237694664975, 0.000120536475151, 8.20873392513e-005, 8.86180860107e-005, 0.00020531010523, 0.000110854191007, 8.03005023045e-005, 0.000102260499261, 9.51633628574e-005, 8.09133707662e-005, 7.35659486963e-005, 8.36914696265e-005, 0.000114752278023, 0.000132529094117, 0.000241607616772, 0.000137591676321, 5.65157642995e-005, 2.34247618209e-005, 4.72690999231e-006, 2.15444583773e-006, 1.37852111948e-006, 5.85405608433e-008, 6.03787575493e-010, 5.26450029403e-011]
        dmean2: [3.15954309826e-007, 8.92070602276e-005, 0.000186612611287, 0.000145894169691, 0.000402809790103, 0.000195438697119, 0.000128168947413, 0.000135620270157, 0.000321963481838, 0.000181283001439, 0.000129152060254, 0.000168011902133, 0.000155489120516, 0.000131078180857, 0.00011929187167, 0.000137891198392, 0.000186754405149, 0.000218281697016, 0.000402566220146, 0.000232256075833, 9.57661686698e-005, 3.9581402234e-005, 7.3148012234e-006, 3.06608308165e-006, 1.89747697732e-006, 8.34229538782e-008, 9.68693014691e-010, 9.75473868348e-011]
        dvar: [1.69520905017e-013, 1.35890312336e-008, 3.34707088712e-008, 1.66776832344e-008, 4.04237539442e-007, 5.69252627258e-008, 2.26751897259e-008, 3.82126472687e-008, 1.79550241342e-007, 9.4869676559e-008, 3.10959187289e-008, 5.39437969849e-008, 3.90951164775e-008, 3.80198486027e-008, 2.87446209057e-008, 3.30191980424e-008, 4.51060557793e-008, 5.44461613572e-008, 1.74025515776e-007, 4.43789147653e-008, 7.53600382097e-009, 2.26494356603e-009, 1.44478443098e-010, 4.12769401992e-011, 1.85709728845e-011, 3.41320531951e-014, 3.01472943242e-018, 6.47566339693e-021]
        dvar2: [5.02478267328e-013, 3.76816302605e-008, 9.69043085775e-008, 4.51101946908e-008, 1.05807123418e-006, 1.4222540301e-007, 5.23158369958e-008, 8.19937895358e-008, 4.37314326973e-007, 2.50860068718e-007, 7.68680550323e-008, 1.40983033248e-007, 1.05020767194e-007, 9.76719718437e-008, 6.68525999004e-008, 8.49842791695e-008, 1.13335616447e-007, 1.37518654242e-007, 4.56353177469e-007, 1.22807151115e-007, 2.12035544678e-008, 5.67341329472e-009, 2.8909882821e-010, 7.04127797735e-011, 3.08836185792e-011, 6.28634039897e-014, 7.3667894717e-018, 2.05629232371e-020]
        max: [4.23832716479e-006, 0.00108296540566, 0.00218921527267, 0.00238993228413, 0.00781193096191, 0.00468467269093, 0.00397094199434, 0.00678157201037, 0.00985216349363, 0.0083768311888, 0.00748284161091, 0.00588470511138, 0.00351922377013, 0.00372612918727, 0.00732293957844, 0.00480414601043, 0.00753704784438, 0.00529812695459, 0.0127508398145, 0.00314727239311, 0.00132846983615, 0.00110172329005, 0.000506887561642, 0.000183663898497, 0.000114829745144, 7.67538585933e-006, 3.88109242522e-008, 9.65572399814e-010]
        mean: [1.61755735917e-007, 6.32945739198e-005, 0.000159952498507, 0.000127125123981, 0.000296860554954, 0.000202293842449, 0.000179230002686, 0.000190453545656, 0.00046392067452, 0.000220039728447, 0.000141676558997, 0.000166367797647, 0.000159620554768, 0.000125440972624, 0.000118174219097, 0.000154106732225, 0.000228161079576, 0.000264773756498, 0.000545535644051, 0.000315707700793, 0.000142955919728, 4.71937128168e-005, 9.40189056564e-006, 4.6557083806e-006, 2.91923311124e-006, 1.01870377023e-007, 6.97392033011e-010, 4.13937634169e-011]
        median: [1.39066944627e-008, 3.41309860232e-005, 0.000109153261292, 7.89812984294e-005, 0.000135569571285, 9.12568211788e-005, 8.95812554518e-005, 6.24154490652e-005, 0.000144770456245, 6.80414013914e-005, 5.3848609241e-005, 5.51741832169e-005, 5.59633954254e-005, 4.71040184493e-005, 5.7739445765e-005, 8.38385167299e-005, 0.00014424714027, 0.000138494302519, 0.000372726441128, 0.000240487235715, 0.000129427789943, 3.03083797917e-005, 3.2724265111e-006, 1.07402229332e-006, 5.80163373343e-007, 1.78752888047e-008, 1.96353044934e-010, 1.1643023351e-011]
        min: [1.66433037591e-023, 8.79987718855e-023, 4.49030229542e-023, 3.63263189334e-023, 1.96785044676e-023, 5.65267053769e-023, 3.53993221728e-023, 2.13376588116e-023, 1.31939573862e-022, 3.54230353316e-023, 1.14951498444e-022, 1.02279034914e-022, 8.00473695052e-023, 8.78216379024e-023, 8.75513678454e-023, 1.7382510919e-022, 2.3137979499e-022, 2.47147546764e-022, 1.91673055617e-022, 2.92634755928e-022, 5.23170734807e-022, 6.37722173487e-022, 7.86431163146e-022, 9.13628660604e-022, 1.17289667021e-021, 1.76835462989e-021, 2.36602998291e-021, 6.86462417833e-022]
        var: [1.38790292193e-013, 1.10660272057e-008, 3.56624632047e-008, 2.64918096349e-008, 3.6431779904e-007, 1.13538725088e-007, 9.62911030911e-008, 1.51263535031e-007, 6.89939838594e-007, 2.64358106961e-007, 8.24650996378e-008, 1.0257179639e-007, 8.03563438012e-008, 5.96993956492e-008, 5.35517052924e-008, 5.84384167723e-008, 9.45091400695e-008, 1.45100713667e-007, 4.63434105313e-007, 1.13179943639e-007, 1.94193017222e-008, 5.00767294298e-009, 4.96030438946e-010, 1.89881999013e-010, 7.69472194295e-011, 9.35001452347e-014, 3.40657233321e-018, 5.32683190682e-021]
    mfcc:
        mean: [-739.098144531, 112.783195496, -46.0939025879, 43.2140464783, -20.240032196, -6.25486564636, 2.7796049118, -4.5337023735, 0.882959425449, -3.34990358353, 0.195271447301, -4.69145965576, -2.60646080971]
        cov: [[12330.2128906, -553.120361328, -2222.82080078, 981.167297363, -1034.07385254, 42.3526000977, 43.2468452454, -43.2619247437, -127.297714233, -221.986358643, 105.457290649, -192.420974731, -80.9146881104], [-553.120361328, 1138.75878906, -291.709655762, -159.444869995, -143.050750732, -142.021774292, -23.2633838654, -70.6131362915, 40.0979576111, -1.76804494858, 21.1346321106, 30.8078174591, 30.6043796539], [-2222.82080078, -291.709655762, 1021.59527588, -64.3946685791, 373.118103027, 89.5492324829, 11.7663946152, 49.0419235229, -7.34386062622, 42.131111145, -55.8821029663, 37.9776420593, 8.37983989716], [981.167297363, -159.444869995, -64.3946685791, 513.659484863, 7.61366939545, 88.1801757813, 5.80603599548, 6.78356695175, 35.4636077881, -9.05595207214, 38.6624984741, -29.5109386444, 15.9716072083], [-1034.07385254, -143.050750732, 373.118103027, 7.61366939545, 324.332244873, 76.3041229248, -3.25996375084, 17.5572738647, -1.2399263382, 32.0070304871, -24.3041267395, 20.4752483368, 7.56275606155], [42.3526000977, -142.021774292, 89.5492324829, 88.1801757813, 76.3041229248, 161.995559692, 53.4464797974, 23.6856689453, -7.46371793747, -5.09568929672, 18.4947013855, -1.48717236519, 1.76774311066], [43.2468452454, -23.2633838654, 11.7663946152, 5.80603599548, -3.25996375084, 53.4464797974, 124.502609253, 55.4803962708, -4.94435071945, -4.29833507538, 17.466714859, 17.6069412231, -1.9796756506], [-43.2619247437, -70.6131362915, 49.0419235229, 6.78356695175, 17.5572738647, 23.6856689453, 55.4803962708, 92.9861068726, 24.2475948334, 6.53415155411, 12.2613077164, 11.2735824585, -1.98042845726], [-127.297714233, 40.0979576111, -7.34386062622, 35.4636077881, -1.2399263382, -7.46371793747, -4.94435071945, 24.2475948334, 98.4510498047, 51.799030304, 17.0360183716, 4.2927942276, 4.54403924942], [-221.986358643, -1.76804494858, 42.131111145, -9.05595207214, 32.0070304871, -5.09568929672, -4.29833507538, 6.53415155411, 51.799030304, 97.7964477539, 36.3625183105, 9.91336154938, -1.84438586235], [105.457290649, 21.1346321106, -55.8821029663, 38.6624984741, -24.3041267395, 18.4947013855, 17.466714859, 12.2613077164, 17.0360183716, 36.3625183105, 95.21459198, 32.3149795532, 0.101609192789], [-192.420974731, 30.8078174591, 37.9776420593, -29.5109386444, 20.4752483368, -1.48717236519, 17.6069412231, 11.2735824585, 4.2927942276, 9.91336154938, 32.3149795532, 77.6367416382, 33.7589797974], [-80.9146881104, 30.6043796539, 8.37983989716, 15.9716072083, 7.56275606155, 1.76774311066, -1.9796756506, -1.98042845726, 4.54403924942, -1.84438586235, 0.101609192789, 33.7589797974, 84.7291107178]]
        icov: [[0.000225943207624, 0.000163677395904, 0.000413046684116, -0.000378922763048, 0.000419323478127, -0.000158171023941, 8.70606454555e-005, -0.000176057932549, 0.000467451347504, -0.000161522038979, 0.000288313516648, -0.000165894700331, 0.000188185382285], [0.000163677395904, 0.00134125922341, 0.000510779849719, 0.000137188311783, 0.000172724787262, 0.000773148087319, -0.000681137433276, 0.00124134682119, -0.000900315004401, 0.000708104169462, -0.000453421758721, -9.27963119466e-005, -0.000321767147398], [0.000413046684116, 0.000510779849719, 0.00261924858205, -0.000487743440317, -0.00101564638317, -0.000500485592056, 0.000272934441455, -0.00089509942336, 0.00110550632235, -0.000904952350538, 0.00160680268891, -0.00115480506793, 0.000508600845933], [-0.000378922763048, 0.000137188311783, -0.000487743440317, 0.00338592636399, -0.00110531027894, -0.000639424833935, -0.000206332973903, 0.00104168092366, -0.00281715532765, 0.00211679865606, -0.00264303595759, 0.00239925645292, -0.00162551994435], [0.000419323478127, 0.000172724787262, -0.00101564638317, -0.00110531027894, 0.00723544275388, -0.00310097401962, 0.00205004750751, -0.00130955257919, 0.00225798343308, -0.00320313801058, 0.00333353294991, -0.00272116274573, 0.000972409499809], [-0.000158171023941, 0.000773148087319, -0.000500485592056, -0.000639424833935, -0.00310097401962, 0.0109954858199, -0.00523863034323, 0.00194733310491, -0.00110983010381, 0.00284752063453, -0.00427873572335, 0.0033702312503, -0.00150596105959], [8.70606454555e-005, -0.000681137433276, 0.000272934441455, -0.000206332973903, 0.00205004750751, -0.00523863034323, 0.0145594840869, -0.00894271489233, 0.00384808680974, -0.00188829784747, 0.00161517469678, -0.00372423231602, 0.00163298472762], [-0.000176057932549, 0.00124134682119, -0.00089509942336, 0.00104168092366, -0.00130955257919, 0.00194733310491, -0.00894271489233, 0.0191695038229, -0.0079262284562, 0.00419911602512, -0.00301829609089, 0.000776663480792, -0.000198303110665], [0.000467451347504, -0.000900315004401, 0.00110550632235, -0.00281715532765, 0.00225798343308, -0.00110983010381, 0.00384808680974, -0.0079262284562, 0.0197676923126, -0.0115921767429, 0.00412442954257, -0.00192420464009, 0.000368801644072], [-0.000161522038979, 0.000708104169462, -0.000904952350538, 0.00211679865606, -0.00320313801058, 0.00284752063453, -0.00188829784747, 0.00419911602512, -0.0115921767429, 0.0207796152681, -0.0101071000099, 0.00386689370498, -0.000893573625945], [0.000288313516648, -0.000453421758721, 0.00160680268891, -0.00264303595759, 0.00333353294991, -0.00427873572335, 0.00161517469678, -0.00301829609089, 0.00412442954257, -0.0101071000099, 0.0211075264961, -0.0115382419899, 0.00466803973541], [-0.000165894700331, -9.27963119466e-005, -0.00115480506793, 0.00239925645292, -0.00272116274573, 0.0033702312503, -0.00372423231602, 0.000776663480792, -0.00192420464009, 0.00386689370498, -0.0115382419899, 0.024168247357, -0.00978750176728], [0.000188185382285, -0.000321767147398, 0.000508600845933, -0.00162551994435, 0.000972409499809, -0.00150596105959, 0.00163298472762, -0.000198303110665, 0.000368801644072, -0.000893573625945, 0.00466803973541, -0.00978750176728, 0.0161873586476]]
    sccoeffs:
        dmean: [0.0510516129434, 0.0436947867274, 0.0367024950683, 0.0291078872979, 0.0207841452211, 0.0183106325567]
        dmean2: [0.0856766924262, 0.0720826908946, 0.0602103471756, 0.0478623397648, 0.0339878052473, 0.0281464532018]
        dvar: [0.00167840672657, 0.00127207615878, 0.000913071096875, 0.000555247417651, 0.000338236481184, 0.000309020455461]
        dvar2: [0.00464248517528, 0.00337931886315, 0.00239492021501, 0.00147216080222, 0.000841343484353, 0.000665764440782]
        max: [-0.365397781134, -0.442080438137, -0.439376175404, -0.552825570107, -0.586396872997, -0.544024705887]
        mean: [-0.659269750118, -0.72846275568, -0.750168502331, -0.781844735146, -0.794256687164, -0.749293267727]
        median: [-0.659001886845, -0.730495631695, -0.752981543541, -0.783689677715, -0.796770393848, -0.743776738644]
        min: [-0.954757034779, -0.96389913559, -0.970306873322, -0.972172558308, -0.962378799915, -0.96029728651]
        var: [0.00524875242263, 0.0050536217168, 0.00463269697502, 0.00292934896424, 0.00225527957082, 0.00316834403202]
    scvalleys:
        dmean: [0.413250803947, 0.327683091164, 0.282789885998, 0.276875168085, 0.244419157505, 0.313551187515]
        dmean2: [0.687093675137, 0.540622651577, 0.465411365032, 0.442563354969, 0.381081938744, 0.459024786949]
        dvar: [0.141302481294, 0.0930842757225, 0.0798394978046, 0.0779064968228, 0.0954126641154, 0.168332800269]
        dvar2: [0.323989599943, 0.207979351282, 0.16636352241, 0.158546566963, 0.184132277966, 0.345299869776]
        max: [-5.20143699646, -4.83619022369, -4.91314888, -5.3706445694, -5.57959985733, -7.17351913452]
        mean: [-7.33903360367, -6.88909244537, -7.25637435913, -7.62504339218, -7.59347486496, -10.3790655136]
        median: [-7.133289814, -6.59333181381, -6.87164115906, -7.18482112885, -6.9967508316, -9.76525020599]
        min: [-27.9728336334, -26.7905311584, -27.2151508331, -27.1333961487, -27.1084747314, -27.1526165009]
        var: [1.03389358521, 1.50773668289, 2.54106545448, 2.56692242622, 3.23376202583, 3.5707526207]

rhythm:
    beats_loudness:
        dmean: 0.00172488065436
        dmean2: 0.00303138745949
        dvar: 2.84596058009e-006
        dvar2: 7.94975039753e-006
        max: 0.0139842675999
        mean: 0.00457422947511
        median: 0.00459767738357
        min: 2.65033794911e-009
        var: 8.88362228579e-006
    bpm: 137.384552002
    bpm_confidence: 0
    first_peak_bpm: 136
    first_peak_spread: 0.490018159151
    first_peak_weight: 0.443917840719
    onset_rate: 2.56057024002
    second_peak_bpm: 144
    second_peak_spread: 0
    second_peak_weight: 0.072669826448
    beats_loudness_band_ratio:
        dmean: [0.10766556859, 0.140266105533, 0.147372379899, 0.0897482857108, 0.0811966359615, 0.0907306298614]
        dmean2: [0.195377886295, 0.256885945797, 0.254234820604, 0.156746268272, 0.140888795257, 0.156940996647]
        dvar: [0.00920621026307, 0.0127852121368, 0.0196950100362, 0.00979061610997, 0.00770749803632, 0.00880760885775]
        dvar2: [0.0250895414501, 0.037470176816, 0.0549880601466, 0.0264524836093, 0.0227147918195, 0.0255246348679]
        max: [0.987001955509, 0.650534749031, 0.907823622227, 0.823334634304, 0.8789691329, 0.715455472469]
        mean: [0.1969383955, 0.15072157979, 0.242138788104, 0.137926220894, 0.158200085163, 0.178187727928]
        median: [0.143735975027, 0.102929770947, 0.188423976302, 0.103970378637, 0.139148637652, 0.170558661222]
        min: [2.39308592427e-005, 0.00201849336736, 0.000597901351284, 3.28843416355e-005, 2.11585411307e-005, 4.70628219773e-006]
        var: [0.0404220111668, 0.0155953364447, 0.035216934979, 0.0137900719419, 0.0110319498926, 0.0140272844583]
    beats_position: [0.46439909935, 0.940408170223, 1.42802715302, 1.91564619541, 2.40326523781, 2.87927436829, 3.33206343651, 3.7732424736, 4.22603178024, 4.66721057892, 5.10838985443, 5.54956912994, 5.99074840546, 6.43192720413, 6.87310647964, 7.31428575516, 7.75546455383, 8.19664382935, 8.63782310486, 9.07900238037, 9.52018165588, 9.96135997772, 10.3909292221, 10.8321084976, 11.2732877731, 11.7028570175, 12.1556463242, 12.5968255997, 13.0496139526, 13.4907932281, 13.9319725037, 14.3731517792, 14.8143310547, 15.2555103302, 15.696688652, 16.1378688812, 16.5790481567, 17.0202255249, 17.4614048004, 17.9025840759, 18.3437633514, 18.784942627, 19.2261219025, 19.667301178, 20.1084804535, 20.549659729, 20.9908390045, 21.43201828, 21.8731975555, 22.3143768311, 22.7555541992, 23.1967334747, 23.6379127502, 24.0790920258, 24.5202713013, 24.9614505768, 25.4026298523, 25.8438091278, 26.2849884033, 26.7261676788, 27.1673469543, 27.6085262299, 28.0497055054, 28.4908847809, 28.932062149, 29.3732414246, 29.8144207001, 30.2555999756, 30.6967792511, 31.1379585266, 31.567527771, 32.0087051392, 32.449886322, 32.9026756287, 33.3438529968, 33.7966423035, 34.2262115479, 34.6673927307, 35.1085700989, 35.5497512817, 35.9909286499, 36.4437179565, 36.8848991394, 37.3144645691, 37.755645752, 38.1968231201, 38.638004303, 39.0791816711, 39.520362854, 39.9615402222, 40.402721405, 40.8438987732, 41.2850799561, 41.7262573242, 42.1674385071, 42.5970077515, 43.0381851196, 43.4909744263, 43.9321517944, 44.3733329773, 44.8145103455, 45.2556915283, 45.6968688965, 46.1380500793, 46.5792274475, 47.0204086304, 47.4499778748, 47.8911552429, 48.3323364258, 48.7735137939, 49.2263031006, 49.6790924072, 50.1318817139, 50.5614509583, 50.9910202026, 51.4321975708, 51.8733787537, 52.3261680603, 52.7673454285, 53.2085266113, 53.6497039795, 54.0792732239, 54.5204544067, 54.9616317749, 55.4028091431, 55.8439903259, 56.2851676941, 56.726348877, 57.1675262451, 57.608707428, 58.0498847961, 58.491065979, 58.9206352234, 59.3618125916, 59.8029937744, 60.2441711426, 60.673740387, 61.1149177551, 61.556098938, 62.0088882446, 62.4500656128, 62.8912467957, 63.3324241638, 63.7736053467, 64.2031707764, 64.6443557739, 65.0855331421, 65.5267105103, 65.9562835693, 66.385848999, 66.8270263672, 67.2682037354, 67.7093887329, 68.1505661011, 68.6033554077, 69.0445327759, 69.4973220825, 69.9384994507, 70.3796844482, 70.8208618164, 71.2504272461, 71.6916122437, 72.1211776733, 72.5623550415, 73.0035324097, 73.4447174072, 73.8858947754, 74.3270721436, 74.7798614502, 75.2326507568, 75.673828125, 76.1150131226, 76.5561904907, 76.9973678589, 77.4385452271, 77.8797302246, 78.3209075928, 78.7620849609, 79.2032623291, 79.6444396973, 80.0740127563, 80.503578186, 80.9447631836, 81.3859405518, 81.8271179199, 82.2799072266, 82.7326965332, 83.1738739014, 83.6150588989, 84.0562362671, 84.4974136353, 84.9385910034, 85.3797683716, 85.8209533691, 86.2621307373, 86.7033081055, 87.1444854736, 87.5856704712, 88.0268478394, 88.4680252075, 88.9092025757, 89.3503875732, 89.7915649414, 90.2327423096, 90.6739196777, 91.1150970459, 91.5562820435, 91.9974594116, 92.4270248413, 92.8565979004, 93.2861633301, 93.7157363892, 94.1453018188, 94.5748748779, 94.9928359985, 95.4224014282, 95.8519744873, 96.281539917, 96.7111129761, 97.1406784058, 97.5702438354, 97.9882049561, 98.4177780151, 98.8473434448, 99.288520813, 99.7064819336, 100.136054993, 100.565620422, 100.995193481, 101.424758911, 101.85433197, 102.2838974, 102.713470459, 103.143035889, 103.572608948, 104.002174377, 104.431747437, 104.861312866, 105.290885925, 105.720451355, 106.138412476, 106.567977905, 106.997550964, 107.427116394, 107.856689453, 108.274642944, 108.704216003, 109.133781433, 109.563354492, 109.992919922, 110.422492981, 110.852058411, 111.28163147, 111.711196899, 112.140769958, 112.570335388, 112.999908447, 113.429473877, 113.859046936, 114.288612366, 114.706573486, 115.136146545, 115.565711975, 115.995285034, 116.424850464, 116.854415894, 117.283988953, 117.713554382, 118.143127441, 118.572692871, 119.00226593, 119.43183136, 119.861404419, 120.27936554, 120.708930969, 121.138504028, 121.568069458, 121.997642517, 122.415596008, 122.845169067, 123.274734497, 123.704307556, 124.133872986, 124.563446045, 124.993011475, 125.422584534, 125.852149963, 126.281723022, 126.711288452, 127.140861511, 127.570426941, 127.988388062, 128.42956543, 128.859130859, 129.288711548, 129.706665039, 130.136230469, 130.565795898, 130.995376587, 131.424942017, 131.854507446, 132.284072876, 132.713653564, 133.143218994, 133.572784424, 134.002349854, 134.420318604, 134.838272095, 135.267837524, 135.697418213, 136.138595581, 136.568161011, 136.99772644, 137.42729187, 137.856872559, 138.286437988, 138.716003418, 139.145568848, 139.575149536, 140.004714966, 140.422668457, 140.840637207, 141.281814575, 141.711380005, 142.140945435, 142.570526123, 143.000091553, 143.429656982, 143.870834351, 144.312011719, 144.753189087, 145.182769775, 145.612335205, 146.053512573, 146.494689941, 146.93586731, 147.388656616, 147.841445923, 148.282623291, 148.723800659, 149.164993286, 149.606170654, 150.047348022, 150.476913452, 150.91809082, 151.34765625, 151.788833618, 152.230026245, 152.671203613, 153.112380981, 153.55355835, 154.006347656, 154.459136963, 154.900314331, 155.341491699, 155.782669067, 156.212234497, 156.653427124, 157.106216431, 157.547393799, 157.988571167, 158.429748535, 158.870925903, 159.312103271, 159.741668701, 160.17124939, 160.612426758, 161.053604126, 161.506393433, 161.947570801, 162.400360107, 162.841537476, 163.282714844, 163.723892212, 164.16506958, 164.606262207, 165.047439575, 165.488616943, 165.929794312, 166.37097168, 166.812149048, 167.253326416, 167.694503784, 168.135681152, 168.576873779, 169.018051147, 169.459228516, 169.900405884, 170.341583252, 170.794372559, 171.223937988, 171.653518677, 172.083084106, 172.501037598, 172.930603027, 173.360183716, 173.789749146, 174.207702637, 174.637283325, 175.055236816, 175.484802246, 175.914367676, 176.343948364, 176.773513794, 177.214691162, 177.65586853, 178.08543396, 178.515014648, 178.93296814, 179.350921631, 179.780502319, 180.210067749, 180.639633179, 181.069198608, 181.498779297, 181.928344727, 182.357910156, 182.787475586, 183.217056274, 183.635009766, 184.064575195, 184.494140625, 184.923721313, 185.353286743, 185.782852173, 186.212417603, 186.630386353, 187.071563721, 187.50112915, 187.93069458, 188.360275269, 188.789840698, 189.219406128, 189.637359619, 190.066940308, 190.496505737, 190.937683105, 191.378860474, 191.796829224, 192.226394653, 192.655960083, 193.073913574, 193.515090942, 193.933059692, 194.362625122, 194.792190552, 195.22177124, 195.65133667, 196.069290161, 196.498855591, 196.928436279, 197.358001709, 197.787567139, 198.217132568, 198.646713257, 199.076278687, 199.505844116, 199.935409546, 200.353378296, 200.782943726, 201.200897217, 201.618865967, 202.060043335, 202.501220703, 202.930786133, 203.360351563, 203.778320313, 204.207885742, 204.637451172, 205.06703186, 205.49659729, 205.92616272, 206.355728149, 206.773696899, 207.203262329, 207.632827759, 208.062393188, 208.491973877, 208.921539307, 209.351104736, 209.792282104, 210.221862793, 210.651428223, 211.080993652, 211.510559082, 211.940139771, 212.3697052, 212.810882568, 213.252059937, 213.693237305, 214.122802734, 214.552383423, 214.993560791, 215.434738159, 215.875915527, 216.317092896, 216.758270264, 217.199447632, 217.640625, 218.081817627, 218.522994995, 218.964172363, 219.405349731, 219.8465271, 220.287704468, 220.728881836, 221.170059204, 221.611236572, 222.052429199, 222.493606567, 222.946395874, 223.387573242, 223.82875061, 224.269927979, 224.711105347, 225.152282715, 225.593460083, 226.034637451, 226.475830078, 226.917007446, 227.346572876, 227.787750244, 228.228927612, 228.67010498, 229.111282349, 229.552474976, 229.993652344, 230.44644165, 230.887619019, 231.340408325, 231.781585693, 232.222763062, 232.66394043, 233.105117798, 233.546295166, 233.987472534, 234.417053223, 234.846618652, 235.287796021, 235.728973389, 236.170150757, 236.611328125, 237.052505493, 237.49369812, 237.934875488, 238.387664795, 238.840454102, 239.270019531, 239.711196899, 240.152374268, 240.581939697, 241.011520386, 241.441085815, 241.859039307, 242.288604736, 242.718185425, 243.136138916, 243.565704346, 243.995285034, 244.424850464, 244.866027832, 245.295593262, 245.725158691, 246.15473938, 246.595916748, 247.013870239, 247.443435669, 247.873016357, 248.290969849, 248.720535278, 249.150115967, 249.579681396, 249.997634888, 250.427200317, 250.868392944, 251.286346436, 251.704299927, 252.133865356, 252.563446045, 252.993011475, 253.422576904, 253.852142334, 254.281723022, 254.711288452, 255.140853882, 255.58203125, 256, 256.41796875, 256.84753418, 257.277099609, 257.718261719, 258.147827148, 258.577423096, 259.006988525, 259.436553955, 259.854522705, 260.272460938, 260.702026367, 261.119995117, 261.537963867, 261.874633789, 262.222930908, 262.571228027, 262.919555664, 263.291046143, 263.662567139, 264.034088135, 264.405609131, 264.788757324, 265.16027832, 265.531799316, 265.903320313, 266.332885742, 266.750823975, 267.168792725, 267.563537598, 267.946655273, 268.341400146, 268.724517822, 269.096038818, 269.467559814, 269.839080811, 270.199005127, 270.558898926, 270.930419922, 271.301940918, 271.685089111, 272.05657959, 272.439727783, 272.822845459, 273.205993652, 273.600708008, 273.995452881, 274.390197754]
