
metadata:
    version:
        essentia: "2.1-beta2"
    audio_properties:
        analysis_sample_rate: 44100
        bitrate: 320
        channels: 2
        equal_loudness: 1
        length: 14.2628574371
        replay_gain: -2.79893493652
        downmix: "mix"
    tags:
        album: "Wretched & Divine: The Story Of The Wild Ones"
        artist: "Black Veil Brides"
        comment: ""
        date: "2013"
        genre: "Metal"
        title: "Abeyance"
        tracknumber: "12/19"

configuration:
    average_loudness:
        compute: 1
        frameSize: 88200
        hopSize: 44100
        silentFrames: "noise"
        windowType: "hann"
    general:
        analysisSampleRate: 44100
        endTime: 2000
        equalLoudness: 1
        nequalLoudness: 0
        shortSound: 0
        startTime: 0
    lowlevel:
        compute: 1
        frameSize: 2048
        hopSize: 1024
        zeroPadding: 0
        silentFrames: "noise"
        windowType: "blackmanharris62"
        mfccStats: ["mean", "cov", "icov"]
        stats: ["mean", "var", "median", "min", "max", "dmean", "dmean2", "dvar", "dvar2"]
    panning:
        compute: 0
        frameSize: 8192
        hopSize: 2048
        zeroPadding: 8192
        silentFrames: "noise"
        windowType: "hann"
        stats: ["copy"]
    rhythm:
        compute: 1
        maxTempo: 208
        minTempo: 40
        method: "degara"
        stats: ["mean", "var", "median", "min", "max", "dmean", "dmean2", "dvar", "dvar2"]
    segmentation:
        compute: 0
        cpw: 5
        inc1: 300
        inc2: 50
        minimumSegmentsLength: 10
        size1: 1000
        size2: 600
    sfx:
        compute: 1
        stats: ["mean", "var", "median", "min", "max", "dmean", "dmean2", "dvar", "dvar2"]
    svm:
        compute: 0
    tonal:
        compute: 1
        frameSize: 4096
        hopSize: 2048
        zeroPadding: 0
        silentFrames: "noise"
        windowType: "blackmanharris62"
        stats: ["mean", "var", "median", "min", "max", "dmean", "dmean2", "dvar", "dvar2"]

lowlevel:
    average_loudness: 0.695917546749
    barkbands_kurtosis:
        dmean: 5.5329580307
        dmean2: 9.09417915344
        dvar: 41.0429649353
        dvar2: 95.9076690674
        max: 63.1427001953
        mean: 13.295296669
        median: 10.0913448334
        min: -1.87424969673
        var: 164.841247559
    barkbands_skewness:
        dmean: 0.794639885426
        dmean2: 1.22236776352
        dvar: 0.637279868126
        dvar2: 1.23088431358
        max: 6.29070806503
        mean: 2.29058718681
        median: 2.58363342285
        min: -7.19567728043
        var: 3.29804182053
    barkbands_spread:
        dmean: 5.45370578766
        dmean2: 9.03470420837
        dvar: 78.4448394775
        dvar2: 181.637054443
        max: 78.5390548706
        mean: 12.2621717453
        median: 7.49454689026
        min: 1.23036396503
        var: 171.663726807
    dissonance:
        dmean: 0.0252944435924
        dmean2: 0.0426463223994
        dvar: 0.000572599528823
        dvar2: 0.00156274170149
        max: 0.500000059605
        mean: 0.454736530781
        median: 0.463779687881
        min: 0.321551114321
        var: 0.00130658026319
    hfc:
        dmean: 1.90096223354
        dmean2: 2.85287237167
        dvar: 57.6851196289
        dvar2: 135.347930908
        max: 116.736404419
        mean: 2.48570585251
        median: 0.104123927653
        min: 1.209747146e-016
        var: 67.5100402832
    pitch:
        dmean: 344.458099365
        dmean2: 641.138122559
        dvar: 793093.5
        dvar2: 1821491.25
        max: 4954.58496094
        mean: 613.284423828
        median: 147.431289673
        min: 59.4755897522
        var: 1335651.25
    pitch_instantaneous_confidence:
        dmean: 0.0893021449447
        dmean2: 0.149310797453
        dvar: 0.00669974042103
        dvar2: 0.0161692369729
        max: 0.901832342148
        mean: 0.405899524689
        median: 0.403344064951
        min: 0.127465605736
        var: 0.0183560159057
    pitch_salience:
        dmean: 0.0687292143703
        dmean2: 0.113324277103
        dvar: 0.00346019910648
        dvar2: 0.0086612617597
        max: 0.888862252235
        mean: 0.606006145477
        median: 0.609447002411
        min: 0.233180806041
        var: 0.0235816203058
    silence_rate_20dB:
        dmean: 0
        dmean2: 0
        dvar: 0
        dvar2: 0
        max: 1
        mean: 1
        median: 1
        min: 1
        var: 0
    silence_rate_30dB:
        dmean: 0
        dmean2: 0
        dvar: 0
        dvar2: 0
        max: 1
        mean: 1
        median: 1
        min: 1
        var: 0
    silence_rate_60dB:
        dmean: 0.0780487805605
        dmean2: 0.156351789832
        dvar: 0.071957424283
        dvar2: 0.144934758544
        max: 1
        mean: 0.728896081448
        median: 1
        min: 0
        var: 0.197605907917
    spectral_centroid:
        dmean: 215.835144043
        dmean2: 307.242462158
        dvar: 376508.03125
        dvar2: 486892.875
        max: 11071.9228516
        mean: 595.773498535
        median: 298.433532715
        min: 73.2515335083
        var: 816198.125
    spectral_complexity:
        dmean: 1.61300814152
        dmean2: 2.35179162025
        dvar: 8.97869777679
        dvar2: 17.2475833893
        max: 37
        mean: 4.06331157684
        median: 1
        min: 0
        var: 32.2086791992
    spectral_crest:
        dmean: 2.3522772789
        dmean2: 3.88006401062
        dvar: 4.17776966095
        dvar2: 10.334444046
        max: 22.365480423
        mean: 10.3594045639
        median: 10.2794818878
        min: 3.12053012848
        var: 10.2518463135
    spectral_decrease:
        dmean: 2.85509643705e-010
        dmean2: 4.38063446628e-010
        dvar: 3.93231116655e-019
        dvar2: 9.04522827007e-019
        max: 1.08300481525e-028
        mean: -5.6286547645e-010
        median: -7.6439146679e-011
        min: -6.95501922721e-009
        var: 9.21724875026e-019
    spectral_energy:
        dmean: 0.00122488301713
        dmean2: 0.00188018893823
        dvar: 7.95842333901e-006
        dvar2: 1.85338431038e-005
        max: 0.030250120908
        mean: 0.00234984490089
        median: 0.000303134031128
        min: 1.05640181148e-020
        var: 1.66090958373e-005
    spectral_energyband_high:
        dmean: 0.000151503714733
        dmean2: 0.000231177677051
        dvar: 1.01733076008e-006
        dvar2: 2.43086856244e-006
        max: 0.0205889884382
        mean: 0.000162414435181
        median: 5.11201960762e-007
        min: 7.89840112583e-021
        var: 1.19064804949e-006
    spectral_energyband_low:
        dmean: 0.000181074181455
        dmean2: 0.00029952431214
        dvar: 1.21975830325e-007
        dvar2: 3.15734496326e-007
        max: 0.00355707900599
        mean: 0.000358753866749
        median: 0.000169212682522
        min: 1.53892200236e-023
        var: 2.67734236559e-007
    spectral_energyband_middle_high:
        dmean: 0.000422487035394
        dmean2: 0.000642810598947
        dvar: 2.71040335065e-006
        dvar2: 6.3625675466e-006
        max: 0.0266107469797
        mean: 0.000512038706802
        median: 2.50170342042e-005
        min: 1.36413099295e-021
        var: 2.95947165796e-006
    spectral_energyband_middle_low:
        dmean: 0.000745531870052
        dmean2: 0.00111672375351
        dvar: 3.3784142488e-006
        dvar2: 7.31719956093e-006
        max: 0.0225735697895
        mean: 0.0014428391587
        median: 8.02054055384e-005
        min: 2.54927330876e-022
        var: 8.29236159916e-006
    spectral_flatness_db:
        dmean: 0.0271808560938
        dmean2: 0.0438104085624
        dvar: 0.000707543164026
        dvar2: 0.00152763107326
        max: 0.384518533945
        mean: 0.240546479821
        median: 0.237379848957
        min: 0.0497633367777
        var: 0.00607476849109
    spectral_flux:
        dmean: 0.0074368994683
        dmean2: 0.0118358712643
        dvar: 0.000183578085853
        dvar2: 0.000412837020122
        max: 0.143003359437
        mean: 0.0221126098186
        median: 0.00957826431841
        min: 1.02781408384e-010
        var: 0.000674505543429
    spectral_kurtosis:
        dmean: 6.57538080215
        dmean2: 10.9706068039
        dvar: 48.9338493347
        dvar2: 134.026733398
        max: 81.5540237427
        mean: 22.5322284698
        median: 17.8685569763
        min: -1.1959066391
        var: 320.450042725
    spectral_rms:
        dmean: 0.000282520079054
        dmean2: 0.000415573449573
        dvar: 2.42739190526e-007
        dvar2: 4.90158981847e-007
        max: 0.00543252378702
        mean: 0.00105404062197
        median: 0.000543817528524
        min: 3.21035190619e-012
        var: 1.18152729556e-006
    spectral_rolloff:
        dmean: 376.708526611
        dmean2: 605.138916016
        dvar: 1158698.75
        dvar2: 1645393.5
        max: 19099.9511719
        mean: 920.23034668
        median: 333.764648438
        min: 86.1328125
        var: 2191213.25
    spectral_skewness:
        dmean: 0.564361989498
        dmean2: 0.907489180565
        dvar: 0.282457798719
        dvar2: 0.641342580318
        max: 7.4645113945
        mean: 3.48053622246
        median: 3.37724280357
        min: 0.0482491478324
        var: 2.40598773956
    spectral_spread:
        dmean: 795834.9375
        dmean2: 1142960.875
        dvar: 5.37633488896e+012
        dvar2: 4.99173241651e+012
        max: 52938480
        mean: 3576843.25
        median: 2719013
        min: 1193680.625
        var: 1.03597610107e+013
    spectral_strongpeak:
        dmean: 0.171632662416
        dmean2: 0.278769314289
        dvar: 0.218789547682
        dvar2: 0.534147381783
        max: 5.72270727158
        mean: 0.241203084588
        median: 0.0311742722988
        min: 0
        var: 0.325506150723
    zerocrossingrate:
        dmean: 0.0103595023975
        dmean2: 0.0111302677542
        dvar: 0.000750846869778
        dvar2: 0.000676435476635
        max: 0.50732421875
        mean: 0.0378830172122
        median: 0.025146484375
        min: 0.00390625
        var: 0.00206986186095
    barkbands:
        dmean: [5.43874284631e-006, 7.79411348049e-005, 9.14991906029e-005, 0.000131806329591, 0.000197917834157, 0.000221197755309, 0.000202792449272, 0.000179268914508, 0.000126353115775, 4.02799050789e-005, 3.57567914762e-005, 8.19430861156e-005, 3.50387235812e-005, 2.29085562751e-005, 1.58589118655e-005, 2.18439781747e-005, 7.85438387538e-005, 3.47383975168e-005, 0.000118047668366, 8.02958893473e-005, 8.21875073598e-005, 1.85087919817e-005, 7.39745200917e-006, 4.06998424296e-006, 2.35991524278e-006, 6.36860306713e-008, 3.13838011134e-010]
        dmean2: [9.01417388377e-006, 0.000134353787871, 0.000155067580636, 0.000216708431253, 0.000318797450745, 0.000325855799019, 0.000319545535604, 0.000272750039585, 0.000187320518307, 6.42796367174e-005, 4.69742408313e-005, 0.000122823868878, 5.33298007213e-005, 3.61287020496e-005, 2.65359067271e-005, 3.53438517777e-005, 0.000122670244309, 5.79780353291e-005, 0.000188908408745, 0.000126317332615, 0.00013146501442, 2.61789828073e-005, 1.0439001926e-005, 6.61854619466e-006, 3.52888173438e-006, 9.76741247882e-008, 4.80942008441e-010]
        dvar: [4.58735618936e-011, 1.47262273487e-008, 4.34751186162e-008, 9.71734621658e-008, 2.78740202475e-007, 5.14030261911e-007, 4.21313472998e-007, 5.17703313108e-007, 2.42421350549e-007, 1.81439112623e-008, 1.8847648775e-008, 1.39815213629e-007, 1.61727111703e-008, 6.56612719752e-009, 3.41483952226e-009, 8.54711146303e-009, 3.21434868056e-007, 4.74164743025e-008, 8.02241572728e-007, 1.25277168195e-007, 3.87757268072e-007, 1.73536367498e-008, 2.33766805913e-009, 5.9655846929e-010, 1.6418116866e-010, 3.67863867894e-014, 1.01660094032e-018]
        dvar2: [1.24298946136e-010, 4.08026465948e-008, 1.18252799552e-007, 2.48249335755e-007, 6.92620005793e-007, 1.09590962438e-006, 9.59858994065e-007, 1.18813204608e-006, 5.23461437751e-007, 4.31816289392e-008, 3.4573112373e-008, 3.45433960547e-007, 3.32129097558e-008, 1.47681316065e-008, 7.84456588576e-009, 1.94058191738e-008, 7.84858855241e-007, 1.19466051274e-007, 2.06657796298e-006, 2.94074681051e-007, 9.34214199333e-007, 3.62329224401e-008, 4.71748995423e-009, 1.29144772654e-009, 3.75266373531e-010, 8.03754916898e-014, 1.98346619875e-018]
        max: [5.06161377416e-005, 0.00124440598302, 0.00197288044728, 0.0041910642758, 0.00617125211284, 0.00934022758156, 0.009974129498, 0.0114719402045, 0.0077301049605, 0.00164776283782, 0.00263962778263, 0.00471138348803, 0.00186532805674, 0.000965903629549, 0.000930833513848, 0.00127450085711, 0.0107466094196, 0.00353269185871, 0.0160651803017, 0.00562374154106, 0.0126233538613, 0.0027134953998, 0.000986942090094, 0.000354410090949, 0.000191593673662, 1.95685493054e-006, 1.41654643571e-008]
        mean: [6.87655938236e-006, 0.000114726048196, 0.0001211832423, 0.00019825102936, 0.000314063916449, 0.000295618461678, 0.000219840439968, 0.00022000966419, 0.00017919439415, 5.12478945893e-005, 4.79678819829e-005, 8.42588051455e-005, 3.45889275195e-005, 2.29922989092e-005, 1.75561599463e-005, 2.37056428887e-005, 6.79782242514e-005, 3.27383204421e-005, 9.59974640864e-005, 8.10221536085e-005, 8.38594569359e-005, 2.04522966669e-005, 8.8305605459e-006, 4.35563151768e-006, 2.45724095294e-006, 7.31584819391e-008, 3.73125474962e-010]
        median: [3.81503514291e-006, 6.11474679317e-005, 4.86908102175e-005, 3.3787022403e-005, 1.45467511175e-005, 8.85455028765e-006, 5.62476543564e-006, 3.02440139421e-006, 3.3812084439e-006, 1.75455761564e-006, 1.16373894343e-006, 2.11609335565e-006, 1.09205734589e-006, 1.27260614136e-006, 8.36674075799e-007, 2.53878329204e-006, 2.94373592169e-007, 2.42567125497e-006, 1.18701552765e-006, 7.34160494176e-007, 2.73314128663e-007, 3.57259182238e-008, 1.2884711964e-008, 1.88255078193e-009, 9.19662568322e-010, 5.39045232062e-011, 1.0178143918e-011]
        min: [1.68015875164e-024, 5.0409122978e-024, 1.68145563897e-024, 1.96823335985e-023, 4.02890196958e-023, 2.13609728068e-023, 2.37945345465e-023, 5.38896758994e-023, 6.13854448426e-023, 1.2010101835e-022, 6.86908143177e-023, 9.482010262e-023, 2.31779545521e-023, 5.84225463915e-023, 7.08551962061e-023, 2.06208871713e-022, 1.64910867365e-022, 1.21560537243e-022, 1.35610099478e-022, 3.46566462337e-022, 4.41780383253e-022, 5.37778166852e-022, 6.17134999076e-022, 7.70248432671e-022, 9.64256920464e-022, 1.60800084158e-021, 2.33067871499e-021]
        var: [6.97876548217e-011, 2.32747279227e-008, 4.9353477749e-008, 1.87214396874e-007, 5.06475714701e-007, 8.09826929071e-007, 4.7480253329e-007, 6.60589307699e-007, 4.60069998098e-007, 2.69406026376e-008, 3.60003618027e-008, 1.42335494502e-007, 1.99315071114e-008, 6.96096380537e-009, 4.55924853426e-009, 9.93186333176e-009, 2.98098001394e-007, 4.4300833224e-008, 6.06014111781e-007, 1.47262383621e-007, 4.14787223235e-007, 2.39285391501e-008, 3.73103903328e-009, 7.2305844645e-010, 1.76691619669e-010, 5.24762186287e-014, 1.84685463225e-018]
    frequency_bands:
        dmean: [5.43874284631e-006, 7.79411348049e-005, 9.14991906029e-005, 0.000131806329591, 0.000197917834157, 0.000221197755309, 0.000202792449272, 0.000179268914508, 0.000126353115775, 4.02799050789e-005, 3.57567914762e-005, 8.19430861156e-005, 3.50387235812e-005, 2.29085562751e-005, 1.58589118655e-005, 2.18439781747e-005, 7.85438387538e-005, 3.47383975168e-005, 0.000118047668366, 8.02958893473e-005, 8.21875073598e-005, 1.85087919817e-005, 7.39745200917e-006, 4.06998424296e-006, 2.35991524278e-006, 6.36860306713e-008, 3.13838011134e-010, 2.6013503851e-011]
        dmean2: [9.01417388377e-006, 0.000134353787871, 0.000155067580636, 0.000216708431253, 0.000318797450745, 0.000325855799019, 0.000319545535604, 0.000272750039585, 0.000187320518307, 6.42796367174e-005, 4.69742408313e-005, 0.000122823868878, 5.33298007213e-005, 3.61287020496e-005, 2.65359067271e-005, 3.53438517777e-005, 0.000122670244309, 5.79780353291e-005, 0.000188908408745, 0.000126317332615, 0.00013146501442, 2.61789828073e-005, 1.0439001926e-005, 6.61854619466e-006, 3.52888173438e-006, 9.76741247882e-008, 4.80942008441e-010, 4.88631045348e-011]
        dvar: [4.58735618936e-011, 1.47262273487e-008, 4.34751186162e-008, 9.71734621658e-008, 2.78740202475e-007, 5.14030261911e-007, 4.21313472998e-007, 5.17703313108e-007, 2.42421350549e-007, 1.81439112623e-008, 1.8847648775e-008, 1.39815213629e-007, 1.61727111703e-008, 6.56612719752e-009, 3.41483952226e-009, 8.54711146303e-009, 3.21434868056e-007, 4.74164743025e-008, 8.02241572728e-007, 1.25277168195e-007, 3.87757268072e-007, 1.73536367498e-008, 2.33766805913e-009, 5.9655846929e-010, 1.6418116866e-010, 3.67863867894e-014, 1.01660094032e-018, 4.00563706047e-021]
        dvar2: [1.24298946136e-010, 4.08026465948e-008, 1.18252799552e-007, 2.48249335755e-007, 6.92620005793e-007, 1.09590962438e-006, 9.59858994065e-007, 1.18813204608e-006, 5.23461437751e-007, 4.31816289392e-008, 3.4573112373e-008, 3.45433960547e-007, 3.32129097558e-008, 1.47681316065e-008, 7.84456588576e-009, 1.94058191738e-008, 7.84858855241e-007, 1.19466051274e-007, 2.06657796298e-006, 2.94074681051e-007, 9.34214199333e-007, 3.62329224401e-008, 4.71748995423e-009, 1.29144772654e-009, 3.75266373531e-010, 8.03754916898e-014, 1.98346619875e-018, 1.28302304602e-020]
        max: [5.06161377416e-005, 0.00124440598302, 0.00197288044728, 0.0041910642758, 0.00617125211284, 0.00934022758156, 0.009974129498, 0.0114719402045, 0.0077301049605, 0.00164776283782, 0.00263962778263, 0.00471138348803, 0.00186532805674, 0.000965903629549, 0.000930833513848, 0.00127450085711, 0.0107466094196, 0.00353269185871, 0.0160651803017, 0.00562374154106, 0.0126233538613, 0.0027134953998, 0.000986942090094, 0.000354410090949, 0.000191593673662, 1.95685493054e-006, 1.41654643571e-008, 5.81690418056e-010]
        mean: [6.87655938236e-006, 0.000114726048196, 0.0001211832423, 0.00019825102936, 0.000314063916449, 0.000295618461678, 0.000219840439968, 0.00022000966419, 0.00017919439415, 5.12478945893e-005, 4.79678819829e-005, 8.42588051455e-005, 3.45889275195e-005, 2.29922989092e-005, 1.75561599463e-005, 2.37056428887e-005, 6.79782242514e-005, 3.27383204421e-005, 9.59974640864e-005, 8.10221536085e-005, 8.38594569359e-005, 2.04522966669e-005, 8.8305605459e-006, 4.35563151768e-006, 2.45724095294e-006, 7.31584819391e-008, 3.73125474962e-010, 1.9827063602e-011]
        median: [3.81503514291e-006, 6.11474679317e-005, 4.86908102175e-005, 3.3787022403e-005, 1.45467511175e-005, 8.85455028765e-006, 5.62476543564e-006, 3.02440139421e-006, 3.3812084439e-006, 1.75455761564e-006, 1.16373894343e-006, 2.11609335565e-006, 1.09205734589e-006, 1.27260614136e-006, 8.36674075799e-007, 2.53878329204e-006, 2.94373592169e-007, 2.42567125497e-006, 1.18701552765e-006, 7.34160494176e-007, 2.73314128663e-007, 3.57259182238e-008, 1.2884711964e-008, 1.88255078193e-009, 9.19662568322e-010, 5.39045232062e-011, 1.0178143918e-011, 1.30303428637e-012]
        min: [1.68015875164e-024, 5.0409122978e-024, 1.68145563897e-024, 1.96823335985e-023, 4.02890196958e-023, 2.13609728068e-023, 2.37945345465e-023, 5.38896758994e-023, 6.13854448426e-023, 1.2010101835e-022, 6.86908143177e-023, 9.482010262e-023, 2.31779545521e-023, 5.84225463915e-023, 7.08551962061e-023, 2.06208871713e-022, 1.64910867365e-022, 1.21560537243e-022, 1.35610099478e-022, 3.46566462337e-022, 4.41780383253e-022, 5.37778166852e-022, 6.17134999076e-022, 7.70248432671e-022, 9.64256920464e-022, 1.60800084158e-021, 2.33067871499e-021, 7.0141306117e-022]
        var: [6.97876548217e-011, 2.32747279227e-008, 4.9353477749e-008, 1.87214396874e-007, 5.06475714701e-007, 8.09826929071e-007, 4.7480253329e-007, 6.60589307699e-007, 4.60069998098e-007, 2.69406026376e-008, 3.60003618027e-008, 1.42335494502e-007, 1.99315071114e-008, 6.96096380537e-009, 4.55924853426e-009, 9.93186333176e-009, 2.98098001394e-007, 4.4300833224e-008, 6.06014111781e-007, 1.47262383621e-007, 4.14787223235e-007, 2.39285391501e-008, 3.73103903328e-009, 7.2305844645e-010, 1.76691619669e-010, 5.24762186287e-014, 1.84685463225e-018, 2.96542129142e-021]
    mfcc:
        mean: [-904.894470215, 127.378448486, 18.1444339752, 38.2322769165, 8.2436876297, -2.6188583374, 9.71196556091, 2.72660803795, 0.359587043524, 3.33053994179, -2.49707865715, -2.56601715088, 4.79035520554]
        cov: [[18931.8105469, 3114.22363281, -3654.56103516, 555.769592285, -1499.47949219, -1045.59313965, -231.446487427, -1093.29345703, -559.460144043, 214.523910522, -65.5661239624, 42.2635993958, 353.122070313], [3114.22363281, 2882.25878906, -691.986328125, -254.130874634, -213.137802124, -459.756500244, 15.2434654236, -115.826843262, -130.491958618, 44.1017074585, 2.8017642498, -70.4087982178, 155.385253906], [-3654.56103516, -691.986328125, 1291.50622559, 22.4889850616, 192.045318604, 228.216506958, -23.4723567963, 195.715896606, 116.014518738, -83.2741622925, -31.4513492584, 10.6686000824, -84.7343292236], [555.769592285, -254.130874634, 22.4889850616, 393.139801025, 51.0423126221, -10.94444561, -60.5699310303, -85.987701416, -23.7902698517, 2.84870505333, -49.6238136292, 5.93722772598, -17.4012451172], [-1499.47949219, -213.137802124, 192.045318604, 51.0423126221, 397.156402588, 73.9666900635, -13.8702697754, 83.169380188, 34.4511795044, 11.5121908188, -25.9292144775, -34.2618865967, -32.0051269531], [-1045.59313965, -459.756500244, 228.216506958, -10.94444561, 73.9666900635, 208.275390625, 23.5314350128, 26.4602661133, 37.5095062256, -10.6287384033, 8.6366147995, 21.8053894043, -39.6972579956], [-231.446487427, 15.2434654236, -23.4723567963, -60.5699310303, -13.8702697754, 23.5314350128, 133.669281006, 76.6957931519, 11.80169487, -0.293277919292, 37.7469215393, 1.09329712391, -1.15350425243], [-1093.29345703, -115.826843262, 195.715896606, -85.987701416, 83.169380188, 26.4602661133, 76.6957931519, 230.149215698, 67.9964065552, -23.1924762726, 19.905790329, -26.4544181824, -11.2247114182], [-559.460144043, -130.491958618, 116.014518738, -23.7902698517, 34.4511795044, 37.5095062256, 11.80169487, 67.9964065552, 97.4704589844, 8.89801883698, 1.43921720982, -0.719124913216, -0.0662680491805], [214.523910522, 44.1017074585, -83.2741622925, 2.84870505333, 11.5121908188, -10.6287384033, -0.293277919292, -23.1924762726, 8.89801883698, 69.9764328003, 23.4725151062, -0.568891406059, 2.74129462242], [-65.5661239624, 2.8017642498, -31.4513492584, -49.6238136292, -25.9292144775, 8.6366147995, 37.7469215393, 19.905790329, 1.43921720982, 23.4725151062, 81.7510375977, 13.4935455322, -7.30096244812], [42.2635993958, -70.4087982178, 10.6686000824, 5.93722772598, -34.2618865967, 21.8053894043, 1.09329712391, -26.4544181824, -0.719124913216, -0.568891406059, 13.4935455322, 60.5038490295, 9.14746761322], [353.122070313, 155.385253906, -84.7343292236, -17.4012451172, -32.0051269531, -39.6972579956, -1.15350425243, -11.2247114182, -0.0662680491805, 2.74129462242, -7.30096244812, 9.14746761322, 56.4944038391]]
        icov: [[0.000292783486657, -0.000112609232019, 0.000570668140426, -0.000501106260344, 0.000785075360909, 0.000114709226182, 0.000273271871265, 0.000110468485218, 0.000322624604451, -0.000336013530614, 0.000305546476739, 2.44111888605e-005, -0.000213648439967], [-0.000112609232019, 0.000731183972675, -0.00026911587338, 0.000707658065949, -0.00038576789666, 0.00125615124125, -0.000544469978195, 0.000468758458737, 0.000224357878324, -2.0530394977e-005, -8.05358504294e-005, 0.000600607541855, -0.000853140547406], [0.000570668140426, -0.00026911587338, 0.00249285227619, -0.00115781906061, 0.00142066297121, -0.00085391534958, 0.00156246649567, -0.000947667111177, -9.48307279032e-005, 0.000461965362774, 0.000823831418529, -0.000668987224344, 0.000796200067271], [-0.000501106260344, 0.000707658065949, -0.00115781906061, 0.0044652055949, -0.00195074791554, 0.00142574729398, -0.000673111120705, 0.00135667913128, -0.000213365332456, 7.80323389336e-005, 0.00122814811766, -0.000533491256647, 0.00121817539912], [0.000785075360909, -0.00038576789666, 0.00142066297121, -0.00195074791554, 0.00569238746539, -0.00124510913156, 0.00179706898052, -0.0016803718172, 0.00149292137939, -0.00295206252486, 0.00210931128822, 0.00137862015981, -6.90577944624e-005], [0.000114709226182, 0.00125615124125, -0.00085391534958, 0.00142574729398, -0.00124510913156, 0.0106546627358, -0.00312459445558, 0.0032067776192, -0.00189683248755, 0.000725945516024, 0.000144800214912, -0.00214573857374, 0.002669849433], [0.000273271871265, -0.000544469978195, 0.00156246649567, -0.000673111120705, 0.00179706898052, -0.00312459445558, 0.0125093339011, -0.00539356842637, 0.00169872504193, -0.000325674453052, -0.00297333858907, -0.000746857083868, -0.000313646538416], [0.000110468485218, 0.000468758458737, -0.000947667111177, 0.00135667913128, -0.0016803718172, 0.0032067776192, -0.00539356842637, 0.0110475402325, -0.00528475968167, 0.00410343846306, -0.0023404082749, 0.00393272005022, -0.000741594529245], [0.000322624604451, 0.000224357878324, -9.48307279032e-005, -0.000213365332456, 0.00149292137939, -0.00189683248755, 0.00169872504193, -0.00528475968167, 0.0166916865855, -0.00636573787779, 0.0025804201141, -0.000634773808997, -0.00357932318002], [-0.000336013530614, -2.0530394977e-005, 0.000461965362774, 7.80323389336e-005, -0.00295206252486, 0.000725945516024, -0.000325674453052, 0.00410343846306, -0.00636573787779, 0.0214263312519, -0.00825779419392, 0.00194210838526, 9.12357354537e-005], [0.000305546476739, -8.05358504294e-005, 0.000823831418529, 0.00122814811766, 0.00210931128822, 0.000144800214912, -0.00297333858907, -0.0023404082749, 0.0025804201141, -0.00825779419392, 0.0197873413563, -0.00554900150746, 0.00455598672852], [2.44111888605e-005, 0.000600607541855, -0.000668987224344, -0.000533491256647, 0.00137862015981, -0.00214573857374, -0.000746857083868, 0.00393272005022, -0.000634773808997, 0.00194210838526, -0.00554900150746, 0.0230456907302, -0.00747647276148], [-0.000213648439967, -0.000853140547406, 0.000796200067271, 0.00121817539912, -6.90577944624e-005, 0.002669849433, -0.000313646538416, -0.000741594529245, -0.00357932318002, 9.12357354537e-005, 0.00455598672852, -0.00747647276148, 0.0264261364937]]
    sccoeffs:
        dmean: [0.0461706779897, 0.0434579923749, 0.0329069420695, 0.0310578979552, 0.0230447798967, 0.0167648866773]
        dmean2: [0.0774481147528, 0.0694180503488, 0.0538434199989, 0.0494265370071, 0.0368612594903, 0.0263949744403]
        dvar: [0.00143613375258, 0.00155839056242, 0.000824317685328, 0.000939677120186, 0.000496248190757, 0.000319138140185]
        dvar2: [0.00380802922882, 0.00382287846878, 0.00218842877075, 0.00224406714551, 0.00111509207636, 0.000726935337298]
        max: [-0.475175023079, -0.467312961817, -0.564013361931, -0.639103591442, -0.615450084209, -0.657740712166]
        mean: [-0.74105066061, -0.80149948597, -0.82869207859, -0.832780718803, -0.816717982292, -0.829178988934]
        median: [-0.745103597641, -0.8217035532, -0.834124684334, -0.844014465809, -0.821484208107, -0.833867907524]
        min: [-0.961071908474, -0.955749571323, -0.958856880665, -0.969436585903, -0.965152025223, -0.965071022511]
        var: [0.00385641539469, 0.00567235052586, 0.00217904662713, 0.00323915435001, 0.0025396682322, 0.0014902978437]
    scvalleys:
        dmean: [0.409124195576, 0.460208564997, 0.421505719423, 0.396055966616, 0.371207594872, 0.410900712013]
        dmean2: [0.635005176067, 0.686981379986, 0.59531223774, 0.581253409386, 0.514161944389, 0.556167662144]
        dvar: [0.831739366055, 0.943020761013, 0.897750020027, 0.855458021164, 0.924086332321, 0.796169936657]
        dvar2: [0.792524814606, 0.930568754673, 0.943781554699, 0.895231485367, 0.963600873947, 0.917354047298]
        max: [-5.02658891678, -4.44117879868, -4.61728811264, -6.03502988815, -5.23877429962, -6.85988140106]
        mean: [-7.17238712311, -7.89958429337, -8.81291389465, -9.82027721405, -10.172870636, -12.577870369]
        median: [-6.90008687973, -7.78862667084, -8.58946800232, -9.21312713623, -10.0354213715, -12.9607486725]
        min: [-27.2507743835, -27.4136238098, -27.6552009583, -27.2699813843, -27.3628520966, -27.1226005554]
        var: [2.90968036652, 4.16971302032, 4.64625501633, 5.16406774521, 5.30622577667, 5.9805521965]

rhythm:
    beats_loudness:
        dmean: 0.00304891890846
        dmean2: 0.00550373131409
        dvar: 1.34438678288e-005
        dvar2: 3.96401774196e-005
        max: 0.011616463773
        mean: 0.00272262771614
        median: 0.000451444648206
        min: 6.10141853485e-007
        var: 1.31523693199e-005
    bpm: 100.653450012
    bpm_confidence: 0
    first_peak_bpm: 99
    first_peak_spread: 0.428571403027
    first_peak_weight: 0.347826093435
    onset_rate: 2.66426277161
    second_peak_bpm: 115
    second_peak_spread: 0.250000029802
    second_peak_weight: 0.130434781313
    beats_loudness_band_ratio:
        dmean: [0.251003116369, 0.16251821816, 0.141582369804, 0.0404577255249, 0.0649378597736, 0.138450711966]
        dmean2: [0.454855322838, 0.284777671099, 0.259869754314, 0.0823419615626, 0.130512326956, 0.272597193718]
        dvar: [0.073526494205, 0.0343080498278, 0.024114722386, 0.00238313176669, 0.0294404141605, 0.0660612806678]
        dvar2: [0.197712883353, 0.110050074756, 0.0637761130929, 0.00729855755344, 0.0888436958194, 0.20623254776]
        max: [0.925618171692, 0.661777973175, 0.543044745922, 0.179391905665, 0.638807058334, 0.955829441547]
        mean: [0.594056367874, 0.174713954329, 0.111542224884, 0.0320856310427, 0.0414504483342, 0.0773979872465]
        median: [0.820608496666, 0.0857075899839, 0.0481842830777, 0.00942927598953, 0.00835552811623, 0.00425173901021]
        min: [0.014028551057, 0.00615104380995, 0.00541248032823, 0.00136631226633, 0.000802079215646, 0.000169454549905]
        var: [0.112120717764, 0.034335590899, 0.0228407476097, 0.00184914318379, 0.0157511234283, 0.0414742603898]
    beats_position: [0.522448956966, 1.04489791393, 1.57895684242, 2.10140585899, 2.62385487556, 3.11147379875, 3.58748292923, 4.07510185242, 4.66721057892, 5.25931978226, 5.85142850876, 6.45514726639, 7.05886602402, 7.66258478165, 8.26630401611, 8.87002277374, 9.47374153137, 10.077460289, 10.6463489532, 11.2152376175, 11.7957363129, 12.3994560242, 12.9799547195, 13.5604534149]
    bpm_estimates: [101.332740784, 101.33265686, 101.332740784, 99.3840255737, 99.3840255737, 99.3840255737, 99.3839492798, 99.3840255737, 99.3840255737, 99.3840255737, 103.359405518, 99.3838653564, 103.359405518, 103.359405518]
    bpm_intervals: [0.522448956966, 0.53405892849, 0.522449016571, 0.522449016571, 0.487618923187, 0.476009130478, 0.487618923187, 0.592108726501, 0.592109203339, 0.592108726501, 0.603718757629, 0.603718757629, 0.603718757629, 0.603719234467, 0.603718757629, 0.603718757629, 0.603718757629, 0.568888664246, 0.568888664246, 0.580498695374, 0.603719711304, 0.580498695374, 0.580498695374]
    onset_times: [5.20126962662, 5.38702964783, 5.45668935776, 5.7701587677, 5.87464857101, 6.00235843658, 6.14167785645, 6.22294807434, 6.39709758759, 6.43192720413, 6.64090681076, 7.37233543396, 7.44199562073, 7.63936519623, 7.8831744194, 8.08054447174, 8.26630401611, 8.44045352936, 9.2067117691, 9.39247131348, 9.70594120026, 9.89170074463, 10.5070295334, 10.7043991089, 10.8553285599, 11.0759181976, 11.1687984467, 11.4706573486, 11.6680269241, 12.0975961685, 12.3414058685, 12.4458961487, 13.2121543884, 13.3166437149, 13.4907932281, 13.6533336639, 13.8042631149, 14.0248527527]
    perceptual_tempo: "unknown"

sfx:
    inharmonicity:
        dmean: 0.0245064944029
        dmean2: 0.0429152213037
        dvar: 0.00198967964388
        dvar2: 0.0054319575429
        max: 0.34107208252
        mean: 0.022389722988
        median: 0.00319208414294
        min: 2.11775682146e-006
        var: 0.00202058139257
    oddtoevenharmonicenergyratio:
        dmean: 1.6828815937
        dmean2: 3.21861934662
        dvar: 114.851028442
        dvar2: 338.252380371
        max: 180.012664795
        mean: 0.973033666611
        median: 0.0207657814026
        min: 5.40995461051e-006
        var: 60.6712036133
    pitch_after_max_to_before_max_energy_ratio: 0.359688192606
    pitch_centroid: 377.605285645
    pitch_max_to_total: 0.784090936184
    pitch_min_to_total: 0.573051929474
    tristimulus:
        dmean: [0.201086446643, 0.191837593913, 0.0626511797309]
        dmean2: [0.345289111137, 0.331404805183, 0.111015304923]
        dvar: [0.0394032150507, 0.0398584492505, 0.0114286057651]
        dvar2: [0.103634156287, 0.105197630823, 0.0305361896753]
        max: [0.993595480919, 0.952421724796, 0.863769352436]
        mean: [0.651295781136, 0.264685332775, 0.0626980140805]
        median: [0.760026276112, 0.165309101343, 0.0157121904194]
        min: [0.0156032880768, 0, 0]
        var: [0.0877949073911, 0.063632927835, 0.0156134972349]

tonal:
    chords_changes_rate: 0.0809061452746
    chords_number_rate: 0.0097087379545
    chords_strength:
        dmean: 0.00915056839585
        dmean2: 0.0112649323419
        dvar: 7.88222969277e-005
        dvar2: 0.000140414922498
        max: 0.648611605167
        mean: 0.472091585398
        median: 0.46135789156
        min: 0.33853828907
        var: 0.00560667086393
    key_strength: 0.766958355904
    tuning_diatonic_strength: 0.616888165474
    tuning_equal_tempered_deviation: 0.21694201231
    tuning_frequency: 441.272583008
    tuning_nontempered_energy_ratio: 0.751231014729
    hpcp:
        dmean: [0.141040399671, 0.132416442037, 0.128147721291, 0.101041302085, 0.101723447442, 0.089531198144, 0.0828384533525, 0.0917653739452, 0.102526336908, 0.102969929576, 0.165127143264, 0.27061060071, 0.213380098343, 0.248742267489, 0.146855473518, 0.107698455453, 0.122643560171, 0.143461301923, 0.134148031473, 0.116610996425, 0.109427578747, 0.0895020216703, 0.123670257628, 0.215538203716, 0.170064851642, 0.151686742902, 0.231969043612, 0.209333226085, 0.254327297211, 0.189644888043, 0.102146364748, 0.100149534643, 0.132135152817, 0.133218511939, 0.132664471865, 0.143386274576]
        dmean2: [0.256372481585, 0.228657305241, 0.2193557024, 0.175979569554, 0.177667841315, 0.15678806603, 0.147698685527, 0.155995205045, 0.180078923702, 0.183420151472, 0.299584150314, 0.483470022678, 0.367928445339, 0.450665891171, 0.259573966265, 0.179154217243, 0.20201420784, 0.245769143105, 0.230079054832, 0.202622845769, 0.188271358609, 0.160584062338, 0.215038388968, 0.372407734394, 0.287342250347, 0.268976956606, 0.421630650759, 0.355672121048, 0.454310059547, 0.355444639921, 0.184091553092, 0.18061606586, 0.237521484494, 0.233468666673, 0.230854600668, 0.257701665163]
        dvar: [0.0502305999398, 0.0360980033875, 0.0338678620756, 0.0243829376996, 0.0327554680407, 0.0255030598491, 0.024234790355, 0.0251196026802, 0.0299830939621, 0.0344231836498, 0.0362212583423, 0.0581401102245, 0.0625766068697, 0.0599511750042, 0.0521551407874, 0.0336227826774, 0.0428082868457, 0.0575529150665, 0.0459414459765, 0.0378518030047, 0.0319858156145, 0.029856396839, 0.0272499769926, 0.0665883645415, 0.0394239760935, 0.0391302369535, 0.0710137933493, 0.0532955005765, 0.0710929855704, 0.0524352863431, 0.0239637549967, 0.0328570790589, 0.0433645695448, 0.0418000482023, 0.0413334220648, 0.0579645596445]
        dvar2: [0.141076818109, 0.0911280214787, 0.0864509791136, 0.0581241063774, 0.0843542516232, 0.066454179585, 0.0647745504975, 0.0681855157018, 0.0746706202626, 0.0922779589891, 0.105435475707, 0.159442871809, 0.165026843548, 0.154416948557, 0.147605881095, 0.0913621783257, 0.100072406232, 0.157261669636, 0.123878195882, 0.104510836303, 0.0921391323209, 0.0857064947486, 0.0734123066068, 0.171345621347, 0.105843968689, 0.110522329807, 0.199304506183, 0.130815729499, 0.210121050477, 0.148104980588, 0.063400618732, 0.0824758931994, 0.112088382244, 0.102962300181, 0.107919536531, 0.157028988004]
        max: [1, 1, 1, 1, 1, 1, 1, 1, 1, 1, 1, 1, 1, 1, 1, 1, 1, 1, 1, 1, 1, 1, 1, 1, 1, 1, 1, 1, 1, 1, 1, 1, 1, 1, 1, 1]
        mean: [0.118178978562, 0.133610486984, 0.138216689229, 0.112874820828, 0.0957993865013, 0.0859286189079, 0.0826418325305, 0.0918741449714, 0.0939479619265, 0.0939239934087, 0.143575355411, 0.398369044065, 0.53536349535, 0.312365978956, 0.144647166133, 0.126152336597, 0.140628352761, 0.14877524972, 0.125830113888, 0.108230233192, 0.101484052837, 0.0815737992525, 0.130354940891, 0.235264405608, 0.188343197107, 0.133065536618, 0.241424143314, 0.3121560812, 0.244372278452, 0.14065285027, 0.0882737264037, 0.0884249135852, 0.118881493807, 0.131271466613, 0.122704900801, 0.120154358447]
        median: [0.0173943061382, 0.0400093309581, 0.0493604838848, 0.0389467775822, 0.0153480647132, 0.0162368882447, 0.0208810251206, 0.0278641469777, 0.0240715313703, 0.015302288346, 0.0701646879315, 0.332987844944, 0.523273169994, 0.246072292328, 0.0301507674158, 0.011212461628, 0.0121951401234, 0.0109321260825, 0.00962126348168, 0.0390250608325, 0.0410853028297, 0.0197977665812, 0.054312556982, 0.100624233484, 0.0926119759679, 0.0563209690154, 0.134395956993, 0.167876034975, 0.109821498394, 0.0397078804672, 0.0171604324132, 0.0146266166121, 0.0284715518355, 0.040776271373, 0.0249374359846, 0.0157858096063]
        min: [0, 0, 0, 0, 0, 0, 0, 0, 0, 0, 0, 0, 0, 0, 0, 0, 0, 0, 0, 0, 0, 0, 0, 0, 0, 0, 0, 0, 0, 0, 0, 0, 0, 0, 0, 0]
        var: [0.0448876619339, 0.0413540862501, 0.0380272865295, 0.0299017354846, 0.0330965928733, 0.0250824484974, 0.0212452337146, 0.0244845785201, 0.0276825912297, 0.0295147262514, 0.0357089228928, 0.0970609411597, 0.15420088172, 0.0796605423093, 0.0632059574127, 0.0504095591605, 0.0614506602287, 0.0704487115145, 0.0527174174786, 0.0346127487719, 0.0267253965139, 0.0254435706884, 0.0288807488978, 0.0862990617752, 0.0508480407298, 0.0372997261584, 0.0750773027539, 0.106701761484, 0.0832132846117, 0.0425945520401, 0.0229419879615, 0.0303556732833, 0.0423482060432, 0.0446273051202, 0.0446713678539, 0.0510502867401]
    chords_histogram: [41.7475738525, 0, 0, 0, 0, 0.970873773098, 0, 48.2200660706, 0, 8.73786449432, 0, 0, 0, 0, 0, 0, 0, 0, 0, 0, 0, 0, 0.323624581099, 0]
    thpcp: [1, 0.583465218544, 0.270184963942, 0.235638663173, 0.262678265572, 0.277895778418, 0.235036790371, 0.202162146568, 0.189561024308, 0.152370870113, 0.243488654494, 0.439447969198, 0.351804345846, 0.248551756144, 0.450953692198, 0.583073139191, 0.456460475922, 0.262724012136, 0.164885595441, 0.165167987347, 0.222057521343, 0.245200634003, 0.229199230671, 0.224435091019, 0.220745310187, 0.249569669366, 0.258173555136, 0.210837721825, 0.17894269526, 0.160505190492, 0.154365837574, 0.17161077261, 0.17548443377, 0.175439670682, 0.268182933331, 0.744109451771]
    chords_key: "F#"
    chords_scale: "major"
    key_key: "F#"
    key_scale: "minor"
