
metadata:
    version:
        essentia: "2.1-beta2"
    audio_properties:
        analysis_sample_rate: 44100
        bitrate: 320
        channels: 2
        equal_loudness: 1
        length: 215.84979248
        replay_gain: -15.7739048004
        downmix: "mix"
    tags:
        album: "Wretched & Divine: The Story Of The Wild Ones"
        artist: "Black Veil Brides"
        comment: ""
        date: "2013"
        genre: "Metal"
        title: "Nobody`s Hero"
        tracknumber: "15/19"

configuration:
    average_loudness:
        compute: 1
        frameSize: 88200
        hopSize: 44100
        silentFrames: "noise"
        windowType: "hann"
    general:
        analysisSampleRate: 44100
        endTime: 2000
        equalLoudness: 1
        nequalLoudness: 0
        shortSound: 0
        startTime: 0
    lowlevel:
        compute: 1
        frameSize: 2048
        hopSize: 1024
        zeroPadding: 0
        silentFrames: "noise"
        windowType: "blackmanharris62"
        mfccStats: ["mean", "cov", "icov"]
        stats: ["mean", "var", "median", "min", "max", "dmean", "dmean2", "dvar", "dvar2"]
    panning:
        compute: 0
        frameSize: 8192
        hopSize: 2048
        zeroPadding: 8192
        silentFrames: "noise"
        windowType: "hann"
        stats: ["copy"]
    rhythm:
        compute: 1
        maxTempo: 208
        minTempo: 40
        method: "degara"
        stats: ["mean", "var", "median", "min", "max", "dmean", "dmean2", "dvar", "dvar2"]
    segmentation:
        compute: 0
        cpw: 5
        inc1: 300
        inc2: 50
        minimumSegmentsLength: 10
        size1: 1000
        size2: 600
    sfx:
        compute: 1
        stats: ["mean", "var", "median", "min", "max", "dmean", "dmean2", "dvar", "dvar2"]
    svm:
        compute: 0
    tonal:
        compute: 1
        frameSize: 4096
        hopSize: 2048
        zeroPadding: 0
        silentFrames: "noise"
        windowType: "blackmanharris62"
        stats: ["mean", "var", "median", "min", "max", "dmean", "dmean2", "dvar", "dvar2"]

lowlevel:
    average_loudness: 0.953275740147
    barkbands_kurtosis:
        dmean: 0.742673754692
        dmean2: 1.20970082283
        dvar: 1.00146210194
        dvar2: 2.37265586853
        max: 24.3237705231
        mean: -0.380635172129
        median: -0.928862035275
        min: -1.857172966
        var: 3.21495652199
    barkbands_skewness:
        dmean: 0.393423646688
        dmean2: 0.629764258862
        dvar: 0.126771017909
        dvar2: 0.313077151775
        max: 3.38123297691
        mean: -0.526543438435
        median: -0.487021386623
        min: -3.95889186859
        var: 0.525802791119
    barkbands_spread:
        dmean: 5.88097906113
        dmean2: 9.45017242432
        dvar: 29.4352436066
        dvar2: 74.1327362061
        max: 83.0484390259
        mean: 30.593460083
        median: 30.2607345581
        min: 1.56377398968
        var: 102.437049866
    dissonance:
        dmean: 0.0104014407843
        dmean2: 0.0176856573671
        dvar: 0.000109625943878
        dvar2: 0.000301566702547
        max: 0.5
        mean: 0.48157325387
        median: 0.485424339771
        min: 0.310314029455
        var: 0.000229475306696
    hfc:
        dmean: 2.82514691353
        dmean2: 4.57176446915
        dvar: 9.39647197723
        dvar2: 23.2239131927
        max: 44.9372634888
        mean: 11.2309598923
        median: 10.477353096
        min: 1.21660837757e-016
        var: 31.7312164307
    pitch:
        dmean: 865.039733887
        dmean2: 1661.06164551
        dvar: 1675494.125
        dvar2: 3969020.5
        max: 4904.72802734
        mean: 1511.6574707
        median: 445.045196533
        min: 85.4681091309
        var: 2416059.5
    pitch_instantaneous_confidence:
        dmean: 0.0844192355871
        dmean2: 0.137695372105
        dvar: 0.00489827152342
        dvar2: 0.0125191863626
        max: 0.940978884697
        mean: 0.420439988375
        median: 0.399171054363
        min: 0.136411488056
        var: 0.0190144814551
    pitch_salience:
        dmean: 0.0595506988466
        dmean2: 0.099851436913
        dvar: 0.00279318494722
        dvar2: 0.00767423026264
        max: 0.994082212448
        mean: 0.654885232449
        median: 0.664845347404
        min: 0.294989466667
        var: 0.00658690789714
    silence_rate_20dB:
        dmean: 0
        dmean2: 0
        dvar: 0
        dvar2: 0
        max: 1
        mean: 1
        median: 1
        min: 1
        var: 0
    silence_rate_30dB:
        dmean: 0
        dmean2: 0
        dvar: 0
        dvar2: 0
        max: 1
        mean: 1
        median: 1
        min: 1
        var: 0
    silence_rate_60dB:
        dmean: 0.075301207602
        dmean2: 0.150618612766
        dvar: 0.0696354210377
        dvar2: 0.164090067148
        max: 1
        mean: 0.143487140536
        median: 0
        min: 0
        var: 0.122892387211
    spectral_centroid:
        dmean: 267.083007813
        dmean2: 430.239624023
        dvar: 71410.203125
        dvar2: 169561.234375
        max: 11578.4941406
        mean: 2122.39038086
        median: 2096.69140625
        min: 352.737945557
        var: 277279.53125
    spectral_complexity:
        dmean: 4.19664382935
        dmean2: 6.91662168503
        dvar: 14.3300580978
        dvar2: 37.5290527344
        max: 44
        mean: 18.3989467621
        median: 19
        min: 0
        var: 49.3588371277
    spectral_crest:
        dmean: 2.02378702164
        dmean2: 3.39614200592
        dvar: 3.80598473549
        dvar2: 10.4351949692
        max: 23.3565483093
        mean: 7.1075296402
        median: 6.45222711563
        min: 2.50859308243
        var: 7.87885379791
    spectral_decrease:
        dmean: 2.75276551553e-010
        dmean2: 4.47952647198e-010
        dvar: 9.16373300806e-020
        dvar2: 2.33046557058e-019
        max: -7.5145615588e-029
        mean: -1.146350459e-009
        median: -1.06830566615e-009
        min: -3.53742390935e-009
        var: 2.71402663568e-019
    spectral_energy:
        dmean: 0.00125334376935
        dmean2: 0.00203246762976
        dvar: 1.82717872121e-006
        dvar2: 4.60604951513e-006
        max: 0.016802014783
        mean: 0.0053452574648
        median: 0.00499971117824
        min: 1.13186095896e-020
        var: 5.74674140807e-006
    spectral_energyband_high:
        dmean: 0.000169010600075
        dmean2: 0.000287236325676
        dvar: 4.87719127307e-008
        dvar2: 1.30717339175e-007
        max: 0.0037573359441
        mean: 0.000496011925861
        median: 0.000412459630752
        min: 8.10663011255e-021
        var: 1.12306501876e-007
    spectral_energyband_low:
        dmean: 0.00016424410569
        dmean2: 0.000286818802124
        dvar: 5.61773880747e-008
        dvar2: 1.57227546538e-007
        max: 0.00231256824918
        mean: 0.000267342635198
        median: 0.000213850347791
        min: 8.23782199773e-023
        var: 5.37057047723e-008
    spectral_energyband_middle_high:
        dmean: 0.000912303163204
        dmean2: 0.00144153530709
        dvar: 9.36589287903e-007
        dvar2: 2.20079527935e-006
        max: 0.0148698939011
        mean: 0.00329340086319
        median: 0.0028253106866
        min: 1.75685144755e-021
        var: 3.94560811401e-006
    spectral_energyband_middle_low:
        dmean: 0.000627763569355
        dmean2: 0.00104575033765
        dvar: 8.21675484985e-007
        dvar2: 2.18470972868e-006
        max: 0.00922901369631
        mean: 0.00140721548814
        median: 0.0011048016604
        min: 3.7418876141e-022
        var: 1.24774169308e-006
    spectral_flatness_db:
        dmean: 0.0141939138994
        dmean2: 0.0223357230425
        dvar: 0.000148930499563
        dvar2: 0.000366717664292
        max: 0.331196218729
        mean: 0.142384454608
        median: 0.140290632844
        min: 0.0471507050097
        var: 0.000843687681481
    spectral_flux:
        dmean: 0.0078600300476
        dmean2: 0.0122695229948
        dvar: 6.27681511105e-005
        dvar2: 0.000146156948176
        max: 0.104383632541
        mean: 0.0446280613542
        median: 0.0433170646429
        min: 1.06388953203e-010
        var: 0.000206934317248
    spectral_kurtosis:
        dmean: 0.96153229475
        dmean2: 1.61750137806
        dvar: 0.868439912796
        dvar2: 2.49138259888
        max: 14.6399717331
        mean: 3.76192975044
        median: 3.51625299454
        min: -1.2150952816
        var: 2.84387397766
    spectral_rms:
        dmean: 0.000259481574176
        dmean2: 0.000416728988057
        dvar: 6.47422808697e-008
        dvar2: 1.60671262961e-007
        max: 0.0040487293154
        mean: 0.00221256841905
        median: 0.00220856675878
        min: 3.32303260429e-012
        var: 3.19441795682e-007
    spectral_rolloff:
        dmean: 242.876876831
        dmean2: 402.325378418
        dvar: 103814.09375
        dvar2: 226443.71875
        max: 18690.8203125
        mean: 3645.79370117
        median: 3639.11132813
        min: 279.931640625
        var: 319464.3125
    spectral_skewness:
        dmean: 0.144524976611
        dmean2: 0.235757365823
        dvar: 0.0176947247237
        dvar2: 0.0451687797904
        max: 2.98095583916
        mean: 1.24317348003
        median: 1.24631464481
        min: -0.0725634843111
        var: 0.105443798006
    spectral_spread:
        dmean: 438299.15625
        dmean2: 651871.9375
        dvar: 352204881920
        dvar2: 542977327104
        max: 41321324
        mean: 4268827
        median: 3997189.75
        min: 1888880.25
        var: 1.93734456115e+012
    spectral_strongpeak:
        dmean: 0.777616262436
        dmean2: 1.29638755322
        dvar: 0.978741824627
        dvar2: 2.4024014473
        max: 13.1335086823
        mean: 1.35611140728
        median: 0.786133646965
        min: 1.96671190444e-009
        var: 2.33189606667
    zerocrossingrate:
        dmean: 0.00751331215724
        dmean2: 0.00956548005342
        dvar: 5.38793428859e-005
        dvar2: 7.10298190825e-005
        max: 0.47900390625
        mean: 0.113878145814
        median: 0.11181640625
        min: 0.02099609375
        var: 0.000498582900036
    barkbands:
        dmean: [3.83732185583e-007, 5.81450476602e-005, 9.9613374914e-005, 8.21556459414e-005, 0.000333661184413, 0.000134428322781, 7.70024053054e-005, 0.000109358865302, 0.000161733958521, 0.000101162338979, 7.2336741141e-005, 0.000122845784063, 0.00011539748084, 9.6417061286e-005, 0.000128401210532, 0.000144583260408, 0.000226039614063, 0.000234010454733, 0.000350679008989, 0.00020989163022, 7.777443534e-005, 2.8224883863e-005, 5.53875133846e-006, 2.77687695416e-006, 1.49240554492e-006, 7.25077669017e-008, 5.61393709297e-010]
        dmean2: [6.74167495163e-007, 0.00010180859681, 0.000175520093762, 0.000142050063005, 0.00057572190417, 0.000223494120291, 0.000125539401779, 0.000176298359293, 0.0002587455092, 0.000163177144714, 0.000116641502245, 0.000198642374016, 0.000183741169167, 0.000156700931257, 0.000205354474019, 0.000234462786466, 0.000363206083421, 0.000380732526537, 0.000569876865484, 0.000352440256393, 0.000129669060698, 4.82881259813e-005, 8.88531485543e-006, 4.27545273851e-006, 2.19450748773e-006, 1.04927785571e-007, 9.28161991709e-010]
        dvar: [4.26216326772e-013, 9.68321867134e-009, 2.18170654875e-008, 1.05278425977e-008, 5.58869999168e-007, 5.34097424065e-008, 2.26576499784e-008, 5.09858750775e-008, 1.08067645499e-007, 6.97517350545e-008, 2.51792666717e-008, 7.83140592375e-008, 9.32344050852e-008, 4.83698485709e-008, 1.06432892721e-007, 6.98706941193e-008, 1.22856931739e-007, 1.42659587254e-007, 2.16740403403e-007, 6.8171502221e-008, 1.02690407289e-008, 1.86431403648e-009, 2.16230242045e-010, 9.95657653546e-011, 2.54372356512e-011, 6.02403394637e-014, 1.98393024707e-018]
        dvar2: [1.18366980714e-012, 2.67984727742e-008, 6.22436076014e-008, 2.88201036369e-008, 1.49504194269e-006, 1.37318366455e-007, 5.54185142221e-008, 1.28381884679e-007, 2.69508404926e-007, 1.77201627594e-007, 5.92206745864e-008, 1.97580916961e-007, 2.26539427217e-007, 1.21395629549e-007, 2.4696319656e-007, 1.69298459696e-007, 2.87788992637e-007, 3.36028080028e-007, 5.33346337761e-007, 1.80348806111e-007, 2.50676563951e-008, 4.67074201538e-009, 4.64624283492e-010, 2.01697797353e-010, 4.91532578528e-011, 1.1344199099e-013, 4.41349867248e-018]
        max: [4.70807844977e-006, 0.000931260467041, 0.00139164284337, 0.00157601968385, 0.0079791881144, 0.0044892556034, 0.00376989366487, 0.00483063142747, 0.00620583537966, 0.00791595224291, 0.00309257395566, 0.00684539601207, 0.00698780175298, 0.00681439368054, 0.0101424697787, 0.00642096344382, 0.00704175932333, 0.0091801173985, 0.0103314211592, 0.00425852555782, 0.00196466455236, 0.00121220515575, 0.00037059863098, 0.000241265224759, 0.000121736600704, 5.982658422e-006, 4.12148395412e-008]
        mean: [3.82289556455e-007, 6.67014101055e-005, 0.000143431301694, 0.000108138097858, 0.000355912925443, 0.000201956732781, 0.000134220012114, 0.000195560001885, 0.000302517117234, 0.000180151153472, 0.000123437712318, 0.000196542838239, 0.000188308680663, 0.000143594224937, 0.00021887596813, 0.000278503197478, 0.000463087344542, 0.000470205763122, 0.000773013569415, 0.000514799379744, 0.000207155389944, 6.09205708315e-005, 1.02053982118e-005, 4.852146958e-006, 2.6803588753e-006, 1.23438283595e-007, 7.70936037231e-010]
        median: [1.69371787706e-007, 3.84169434255e-005, 0.000106727326056, 7.4428942753e-005, 0.000130005006213, 0.000106899140519, 5.67248316656e-005, 6.98749136063e-005, 0.000100546560134, 6.73389004078e-005, 5.03341398144e-005, 7.33943234081e-005, 5.2645427786e-005, 5.89054579905e-005, 8.41916771606e-005, 0.00016226049047, 0.000283956585918, 0.000310428993544, 0.000592934084125, 0.000408589548897, 0.000169115446624, 4.49822364317e-005, 5.15336478202e-006, 1.55192003604e-006, 9.09947686978e-007, 3.76186690687e-008, 3.49051537674e-010]
        min: [6.29405862985e-023, 2.30132151515e-023, 3.40888695925e-023, 1.27134598422e-023, 9.70056764678e-023, 1.79125383571e-023, 6.23163764414e-023, 3.05855036025e-023, 7.62793911687e-023, 1.23274460622e-022, 6.21822953311e-023, 9.48626064456e-023, 8.91387137589e-023, 1.28101052428e-022, 1.12416995641e-022, 1.60498736768e-022, 1.98385668697e-022, 3.47005876793e-022, 4.14862555901e-022, 3.50588264558e-022, 4.67480184124e-022, 4.7912856736e-022, 4.91791539315e-022, 9.89607401104e-022, 1.47332186303e-021, 1.97097550977e-021, 2.15478105995e-021]
        var: [3.47158716704e-013, 7.96599053388e-009, 2.08217922903e-008, 1.26673995737e-008, 4.65046156251e-007, 8.6299138502e-008, 6.21020319613e-008, 1.41429026712e-007, 3.23397557622e-007, 2.00307837872e-007, 5.50236585184e-008, 1.52873013803e-007, 1.94409807364e-007, 7.50353521539e-008, 2.59117229007e-007, 1.85609636105e-007, 3.08593200771e-007, 3.27061371763e-007, 4.93664799706e-007, 1.71399804572e-007, 2.76365206275e-008, 4.65971750074e-009, 5.08750042094e-010, 2.41112296795e-010, 6.55809850869e-011, 1.60328998342e-013, 3.63069299107e-018]
    frequency_bands:
        dmean: [3.83732185583e-007, 5.81450476602e-005, 9.9613374914e-005, 8.21556459414e-005, 0.000333661184413, 0.000134428322781, 7.70024053054e-005, 0.000109358865302, 0.000161733958521, 0.000101162338979, 7.2336741141e-005, 0.000122845784063, 0.00011539748084, 9.6417061286e-005, 0.000128401210532, 0.000144583260408, 0.000226039614063, 0.000234010454733, 0.000350679008989, 0.00020989163022, 7.777443534e-005, 2.8224883863e-005, 5.53875133846e-006, 2.77687695416e-006, 1.49240554492e-006, 7.25077669017e-008, 5.61393709297e-010, 6.17525613977e-011]
        dmean2: [6.74167495163e-007, 0.00010180859681, 0.000175520093762, 0.000142050063005, 0.00057572190417, 0.000223494120291, 0.000125539401779, 0.000176298359293, 0.0002587455092, 0.000163177144714, 0.000116641502245, 0.000198642374016, 0.000183741169167, 0.000156700931257, 0.000205354474019, 0.000234462786466, 0.000363206083421, 0.000380732526537, 0.000569876865484, 0.000352440256393, 0.000129669060698, 4.82881259813e-005, 8.88531485543e-006, 4.27545273851e-006, 2.19450748773e-006, 1.04927785571e-007, 9.28161991709e-010, 1.14305502563e-010]
        dvar: [4.26216326772e-013, 9.68321867134e-009, 2.18170654875e-008, 1.05278425977e-008, 5.58869999168e-007, 5.34097424065e-008, 2.26576499784e-008, 5.09858750775e-008, 1.08067645499e-007, 6.97517350545e-008, 2.51792666717e-008, 7.83140592375e-008, 9.32344050852e-008, 4.83698485709e-008, 1.06432892721e-007, 6.98706941193e-008, 1.22856931739e-007, 1.42659587254e-007, 2.16740403403e-007, 6.8171502221e-008, 1.02690407289e-008, 1.86431403648e-009, 2.16230242045e-010, 9.95657653546e-011, 2.54372356512e-011, 6.02403394637e-014, 1.98393024707e-018, 6.90577469724e-021]
        dvar2: [1.18366980714e-012, 2.67984727742e-008, 6.22436076014e-008, 2.88201036369e-008, 1.49504194269e-006, 1.37318366455e-007, 5.54185142221e-008, 1.28381884679e-007, 2.69508404926e-007, 1.77201627594e-007, 5.92206745864e-008, 1.97580916961e-007, 2.26539427217e-007, 1.21395629549e-007, 2.4696319656e-007, 1.69298459696e-007, 2.87788992637e-007, 3.36028080028e-007, 5.33346337761e-007, 1.80348806111e-007, 2.50676563951e-008, 4.67074201538e-009, 4.64624283492e-010, 2.01697797353e-010, 4.91532578528e-011, 1.1344199099e-013, 4.41349867248e-018, 2.14991204383e-020]
        max: [4.70807844977e-006, 0.000931260467041, 0.00139164284337, 0.00157601968385, 0.0079791881144, 0.0044892556034, 0.00376989366487, 0.00483063142747, 0.00620583537966, 0.00791595224291, 0.00309257395566, 0.00684539601207, 0.00698780175298, 0.00681439368054, 0.0101424697787, 0.00642096344382, 0.00704175932333, 0.0091801173985, 0.0103314211592, 0.00425852555782, 0.00196466455236, 0.00121220515575, 0.00037059863098, 0.000241265224759, 0.000121736600704, 5.982658422e-006, 4.12148395412e-008, 1.0284338936e-009]
        mean: [3.82289556455e-007, 6.67014101055e-005, 0.000143431301694, 0.000108138097858, 0.000355912925443, 0.000201956732781, 0.000134220012114, 0.000195560001885, 0.000302517117234, 0.000180151153472, 0.000123437712318, 0.000196542838239, 0.000188308680663, 0.000143594224937, 0.00021887596813, 0.000278503197478, 0.000463087344542, 0.000470205763122, 0.000773013569415, 0.000514799379744, 0.000207155389944, 6.09205708315e-005, 1.02053982118e-005, 4.852146958e-006, 2.6803588753e-006, 1.23438283595e-007, 7.70936037231e-010, 4.87008038064e-011]
        median: [1.69371787706e-007, 3.84169434255e-005, 0.000106727326056, 7.4428942753e-005, 0.000130005006213, 0.000106899140519, 5.67248316656e-005, 6.98749136063e-005, 0.000100546560134, 6.73389004078e-005, 5.03341398144e-005, 7.33943234081e-005, 5.2645427786e-005, 5.89054579905e-005, 8.41916771606e-005, 0.00016226049047, 0.000283956585918, 0.000310428993544, 0.000592934084125, 0.000408589548897, 0.000169115446624, 4.49822364317e-005, 5.15336478202e-006, 1.55192003604e-006, 9.09947686978e-007, 3.76186690687e-008, 3.49051537674e-010, 1.98554419434e-011]
        min: [6.29405862985e-023, 2.30132151515e-023, 3.40888695925e-023, 1.27134598422e-023, 9.70056764678e-023, 1.79125383571e-023, 6.23163764414e-023, 3.05855036025e-023, 7.62793911687e-023, 1.23274460622e-022, 6.21822953311e-023, 9.48626064456e-023, 8.91387137589e-023, 1.28101052428e-022, 1.12416995641e-022, 1.60498736768e-022, 1.98385668697e-022, 3.47005876793e-022, 4.14862555901e-022, 3.50588264558e-022, 4.67480184124e-022, 4.7912856736e-022, 4.91791539315e-022, 9.89607401104e-022, 1.47332186303e-021, 1.97097550977e-021, 2.15478105995e-021, 6.95684037732e-022]
        var: [3.47158716704e-013, 7.96599053388e-009, 2.08217922903e-008, 1.26673995737e-008, 4.65046156251e-007, 8.6299138502e-008, 6.21020319613e-008, 1.41429026712e-007, 3.23397557622e-007, 2.00307837872e-007, 5.50236585184e-008, 1.52873013803e-007, 1.94409807364e-007, 7.50353521539e-008, 2.59117229007e-007, 1.85609636105e-007, 3.08593200771e-007, 3.27061371763e-007, 4.93664799706e-007, 1.71399804572e-007, 2.76365206275e-008, 4.65971750074e-009, 5.08750042094e-010, 2.41112296795e-010, 6.55809850869e-011, 1.60328998342e-013, 3.63069299107e-018, 5.82552851604e-021]
    mfcc:
        mean: [-695.690795898, 95.3573226929, -61.6266403198, 58.549571991, -18.893611908, -4.32539749146, 2.61081647873, -2.40682673454, 1.82470631599, -5.56801939011, -1.10353791714, -5.72537899017, -2.00337290764]
        cov: [[4270.74853516, 583.182006836, -403.581329346, 253.055480957, -121.321426392, -22.5262050629, -11.0195875168, -31.4014091492, -70.9922866821, -47.5250701904, -14.7271509171, -47.7863273621, -80.3297348022], [583.182006836, 642.07043457, -291.565002441, 132.271942139, -102.427108765, 9.76938819885, 34.3502655029, -9.2881231308, 25.536775589, -38.4756355286, 39.3249320984, -2.52600383759, 12.2432546616], [-403.581329346, -291.565002441, 454.898925781, -52.1284828186, 101.115188599, -14.8882265091, -34.7465629578, -16.8489761353, -46.4272918701, 12.832657814, -53.8235664368, 16.194568634, 16.8457717896], [253.055480957, 132.271942139, -52.1284828186, 365.081481934, 16.4932041168, 2.6729016304, -44.5923500061, -21.7614116669, 76.6416931152, -8.58018875122, -33.2968292236, -15.1411743164, 37.2892723083], [-121.321426392, -102.427108765, 101.115188599, 16.4932041168, 192.101898193, 10.5657157898, -62.1854095459, -33.1348457336, -0.891742348671, 23.6353225708, -17.1301136017, -2.33551096916, 6.88945055008], [-22.5262050629, 9.76938819885, -14.8882265091, 2.6729016304, 10.5657157898, 98.1544494629, 38.9229125977, 4.35578918457, 2.11389803886, 4.34923124313, 5.57889270782, 6.34201478958, -3.74727082253], [-11.0195875168, 34.3502655029, -34.7465629578, -44.5923500061, -62.1854095459, 38.9229125977, 140.787002563, 65.4320602417, -0.489941328764, -17.2296657562, 22.344367981, 20.3718242645, -13.5638847351], [-31.4014091492, -9.2881231308, -16.8489761353, -21.7614116669, -33.1348457336, 4.35578918457, 65.4320602417, 94.0336074829, 25.4544887543, -0.488211393356, 10.6361455917, 12.7752332687, -7.72908639908], [-70.9922866821, 25.536775589, -46.4272918701, 76.6416931152, -0.891742348671, 2.11389803886, -0.489941328764, 25.4544887543, 99.7092285156, 32.7900238037, 3.88765621185, -4.27569055557, 6.43430137634], [-47.5250701904, -38.4756355286, 12.832657814, -8.58018875122, 23.6353225708, 4.34923124313, -17.2296657562, -0.488211393356, 32.7900238037, 86.2866210938, 30.4880428314, 2.0449860096, -8.76204681396], [-14.7271509171, 39.3249320984, -53.8235664368, -33.2968292236, -17.1301136017, 5.57889270782, 22.344367981, 10.6361455917, 3.88765621185, 30.4880428314, 84.8523788452, 30.5210399628, -5.24384737015], [-47.7863273621, -2.52600383759, 16.194568634, -15.1411743164, -2.33551096916, 6.34201478958, 20.3718242645, 12.7752332687, -4.27569055557, 2.0449860096, 30.5210399628, 70.6775054932, 30.6466121674], [-80.3297348022, 12.2432546616, 16.8457717896, 37.2892723083, 6.88945055008, -3.74727082253, -13.5638847351, -7.72908639908, 6.43430137634, -8.76204681396, -5.24384737015, 30.6466121674, 80.7081985474]]
        icov: [[0.000317115249345, -0.000205865013413, 0.000225194671657, -0.00029143129359, 4.68383732368e-005, 0.000117576651974, 7.2102768172e-005, -0.000148395221913, 0.000700230244547, -0.000331683491822, 0.000371208065189, -0.00021195600857, 0.000446639052825], [-0.000205865013413, 0.00269465520978, 0.0011606826447, -0.000649227004033, 0.000512645870913, 8.08229833638e-006, -0.000626412045676, 0.000988230574876, -0.00028684118297, 0.00103962421417, -0.00117734260857, 0.000323250889778, -0.000673504546285], [0.000225194671657, 0.0011606826447, 0.00403803959489, -0.000356202217517, -0.00107436603867, 0.000856856699102, -0.000532214122359, 3.97415387852e-005, 0.00236659543589, -0.00175915029831, 0.00295938574709, -0.00182350340765, -7.92919454398e-005], [-0.00029143129359, -0.000649227004033, -0.000356202217517, 0.00451256614178, -0.000314269535011, -0.000643848848995, 0.000861685315613, 0.00103928928729, -0.00434400793165, 0.00154782878235, 0.000792651495431, 0.000471997103887, -0.0015742451651], [4.68383732368e-005, 0.000512645870913, -0.00107436603867, -0.000314269535011, 0.00743917934597, -0.00219583441503, 0.00316814868711, 0.000402389385272, -7.66766388551e-005, -0.000935978838243, 0.000281386339338, -0.000544092676137, 0.000301681167912], [0.000117576651974, 8.08229833638e-006, 0.000856856699102, -0.000643848848995, -0.00219583441503, 0.0129766631871, -0.00611493410543, 0.00280359503813, 0.000457064306829, -0.00194811727852, 0.00130316009745, -0.000908124027774, 0.000446750607807], [7.2102768172e-005, -0.000626412045676, -0.000532214122359, 0.000861685315613, 0.00316814868711, -0.00611493410543, 0.0159424841404, -0.00911370851099, 0.000663205864839, 0.00322505366057, -0.00204237294383, -0.00202903989702, 0.00206694775261], [-0.000148395221913, 0.000988230574876, 3.97415387852e-005, 0.00103928928729, 0.000402389385272, 0.00280359503813, -0.00911370851099, 0.0194280184805, -0.00671939086169, 0.00100038456731, 0.000611152034253, -0.00217129359953, 0.00114711001515], [0.000700230244547, -0.00028684118297, 0.00236659543589, -0.00434400793165, -7.66766388551e-005, 0.000457064306829, 0.000663205864839, -0.00671939086169, 0.0196764897555, -0.00897408369929, 0.0027232945431, 0.000612392672338, -0.000849259376992], [-0.000331683491822, 0.00103962421417, -0.00175915029831, 0.00154782878235, -0.000935978838243, -0.00194811727852, 0.00322505366057, 0.00100038456731, -0.00897408369929, 0.0201637391001, -0.00956144463271, 0.00201601488516, 0.00130920752417], [0.000371208065189, -0.00117734260857, 0.00295938574709, 0.000792651495431, 0.000281386339338, 0.00130316009745, -0.00204237294383, 0.000611152034253, 0.0027232945431, -0.00956144463271, 0.0224028155208, -0.0107165006921, 0.0035856324248], [-0.00021195600857, 0.000323250889778, -0.00182350340765, 0.000471997103887, -0.000544092676137, -0.000908124027774, -0.00202903989702, -0.00217129359953, 0.000612392672338, 0.00201601488516, -0.0107165006921, 0.0247679576278, -0.0105732753873], [0.000446639052825, -0.000673504546285, -7.92919454398e-005, -0.0015742451651, 0.000301681167912, 0.000446750607807, 0.00206694775261, 0.00114711001515, -0.000849259376992, 0.00130920752417, 0.0035856324248, -0.0105732753873, 0.018590843305]]
    sccoeffs:
        dmean: [0.0568610578775, 0.0475221350789, 0.0383820831776, 0.03107473813, 0.02088910155, 0.0182482749224]
        dmean2: [0.0948407351971, 0.0789411216974, 0.0633514150977, 0.0514976792037, 0.0340080372989, 0.0284904260188]
        dvar: [0.00218072533607, 0.00144249317236, 0.000909519498236, 0.000584496068768, 0.000282656343188, 0.000294219440548]
        dvar2: [0.00577696599066, 0.00394113780931, 0.00244078575633, 0.00158891326282, 0.000727354781702, 0.000651912821922]
        max: [-0.388854116201, -0.474990993738, -0.533432066441, -0.536918759346, -0.626042187214, -0.489782750607]
        mean: [-0.682307004929, -0.755806863308, -0.777040362358, -0.777767658234, -0.787173807621, -0.724255383015]
        median: [-0.687152862549, -0.762911200523, -0.786292672157, -0.78329616785, -0.790308117867, -0.725385010242]
        min: [-0.979695379734, -0.987011015415, -0.9979621768, -0.972748756409, -0.961037874222, -0.957787036896]
        var: [0.00459541287273, 0.00468442123383, 0.00422254670411, 0.00260004587471, 0.00124082923867, 0.00221112533472]
    scvalleys:
        dmean: [0.382376909256, 0.341982930899, 0.289829432964, 0.267913967371, 0.20147921145, 0.282468229532]
        dmean2: [0.631947100163, 0.568338811398, 0.475773572922, 0.432517588139, 0.326820939779, 0.439048588276]
        dvar: [0.10228856653, 0.0796233639121, 0.0618893913925, 0.0556818768382, 0.045060288161, 0.123202197254]
        dvar2: [0.244521662593, 0.201126724482, 0.14386728406, 0.120640613139, 0.0902721211314, 0.266252160072]
        max: [-5.37857866287, -5.04176187515, -5.02868509293, -5.696600914, -5.45331907272, -7.2521238327]
        mean: [-6.9896531105, -6.67828035355, -6.88166427612, -7.06142091751, -6.6660027504, -9.71212291718]
        median: [-6.82124710083, -6.53848457336, -6.74820709229, -6.9248456955, -6.51126098633, -9.57999420166]
        min: [-27.395532608, -26.7405853271, -27.3524932861, -27.3745861053, -27.3154640198, -27.3358154297]
        var: [1.33108890057, 1.14692986012, 1.22025418282, 1.10648775101, 1.0622241497, 1.2763928175]

rhythm:
    beats_loudness:
        dmean: 0.00194256356917
        dmean2: 0.00335955806077
        dvar: 2.77019421446e-006
        dvar2: 8.08832464827e-006
        max: 0.014804401435
        mean: 0.00576637964696
        median: 0.00556156970561
        min: 9.61799737076e-011
        var: 5.03326600665e-006
    bpm: 104.446540833
    bpm_confidence: 0
    first_peak_bpm: 105
    first_peak_spread: 0.474431812763
    first_peak_weight: 0.497311830521
    onset_rate: 2.21913599968
    second_peak_bpm: 99
    second_peak_spread: 0
    second_peak_weight: 0.0403225794435
    beats_loudness_band_ratio:
        dmean: [0.0954178720713, 0.158382281661, 0.100075855851, 0.0979656800628, 0.135530471802, 0.100239403546]
        dmean2: [0.173411652446, 0.3004796803, 0.176453337073, 0.172461614013, 0.235941573977, 0.172980546951]
        dvar: [0.00579623645172, 0.0151218781248, 0.0123145952821, 0.0131521765143, 0.0182061251253, 0.00963845476508]
        dvar2: [0.0179693829268, 0.0499379187822, 0.0346357896924, 0.041598059237, 0.0516591481864, 0.0267255194485]
        max: [0.463685959578, 0.594154119492, 0.790701746941, 0.672325432301, 0.893631398678, 0.876542925835]
        mean: [0.154985889792, 0.177197009325, 0.125545784831, 0.116822339594, 0.264632254839, 0.251080334187]
        median: [0.134517356753, 0.147089242935, 0.0885406807065, 0.0733231306076, 0.230598464608, 0.221810430288]
        min: [0, 0, 0, 0, 0, 0]
        var: [0.0118505842984, 0.0214771144092, 0.0116464281455, 0.0129085062072, 0.0199463889003, 0.0163203775883]
    beats_position: [0.545668900013, 1.10294783115, 1.66022670269, 2.22911548615, 2.79800438881, 3.36689329147, 3.93578219414, 4.5046710968, 5.07355976105, 5.64244890213, 6.21133756638, 6.78022670746, 7.36072540283, 7.94122457504, 8.51011276245, 9.07900238037, 9.64789104462, 10.2167797089, 10.7856683731, 11.354557991, 11.9350566864, 12.5155553818, 13.084444046, 13.6533327103, 14.2338323593, 14.8027210236, 15.3716096878, 15.9521083832, 16.5209980011, 17.0898857117, 17.6587753296, 18.2276649475, 18.7965526581, 19.365442276, 19.9459400177, 20.5148296356, 21.0837192535, 21.6526069641, 22.2331066132, 22.8019943237, 23.3708839417, 23.9397735596, 24.5202713013, 25.1007709503, 25.6928787231, 26.2849884033, 26.8770961761, 27.4808158875, 28.0729255676, 28.6534233093, 29.2455329895, 29.8376407623, 30.4413604736, 31.0334682465, 31.6139678955, 32.2060775757, 32.7865753174, 33.3670730591, 33.935962677, 34.5164604187, 35.0853500366, 35.6542396545, 36.2231292725, 36.7920188904, 37.3725166321, 37.94140625, 38.5219039917, 39.1024017334, 39.6712913513, 40.2401809692, 40.8090705872, 41.3779602051, 41.9468460083, 42.5157356262, 43.0730133057, 43.6535148621, 44.22240448, 44.7912902832, 45.3601799011, 45.929069519, 46.5095672607, 47.0784568787, 47.6473464966, 48.2278442383, 48.7967338562, 49.3656234741, 49.934513092, 50.5033988953, 51.0722885132, 51.6527900696, 52.2216758728, 52.8021774292, 53.3594551086, 53.9399528503, 54.5088424683, 55.08934021, 55.6582298279, 56.2271194458, 56.7960090637, 57.3648986816, 57.9337844849, 58.5142860413, 59.0831718445, 59.6520614624, 60.2325630188, 60.8246688843, 61.4283905029, 62.0204963684, 62.6126060486, 63.2047157288, 63.7968254089, 64.3889312744, 64.9810409546, 65.5731506348, 66.1768722534, 66.7805862427, 67.3610839844, 67.929977417, 68.5104751587, 69.0909729004, 69.659866333, 70.2287521362, 70.7976379395, 71.3781356812, 71.9470291138, 72.515914917, 73.0964126587, 73.6653060913, 74.2341918945, 74.8030853271, 75.3719711304, 75.9524688721, 76.5213623047, 77.0902481079, 77.6591339111, 78.2280273438, 78.8085250854, 79.3774108887, 79.9463043213, 80.526802063, 81.1189117432, 81.7110214233, 82.3031311035, 82.9068450928, 83.4989547729, 84.0794525146, 84.6599502563, 85.228843689, 85.7977294922, 86.3782272339, 86.9703369141, 87.5624465942, 88.1429443359, 88.7234420776, 89.3271636963, 89.9308853149, 90.5113830566, 91.0686569214, 91.6259384155, 92.2064361572, 92.7869338989, 93.36743927, 93.9479370117, 94.5168228149, 95.0857162476, 95.6546020508, 96.223487854, 96.7923812866, 97.3612670898, 97.918548584, 98.4990463257, 99.0795440674, 99.6484298706, 100.217323303, 100.797821045, 101.378318787, 101.958816528, 102.527709961, 103.096595764, 103.665489197, 104.234375, 104.791656494, 105.348930359, 105.929428101, 106.509933472, 107.067207336, 107.647705078, 108.22820282, 108.808708191, 109.377593994, 109.946479797, 110.51537323, 111.084259033, 111.653152466, 112.222038269, 112.790924072, 113.359817505, 113.940315247, 114.520812988, 115.089706421, 115.658592224, 116.227478027, 116.79637146, 117.376869202, 117.945755005, 118.514648438, 119.095146179, 119.664031982, 120.232925415, 120.79019928, 121.370697021, 121.939590454, 122.508476257, 123.07736969, 123.657867432, 124.226753235, 124.807250977, 125.376144409, 125.945030212, 126.513923645, 127.082809448, 127.651695251, 128.232192993, 128.801086426, 129.381591797, 129.950469971, 130.519363403, 131.088256836, 131.65713501, 132.237640381, 132.818145752, 133.398635864, 133.955917358, 134.524810791, 135.093688965, 135.685806274, 136.277908325, 136.870025635, 137.473739624, 138.065841675, 138.657958984, 139.250061035, 139.830566406, 140.411056519, 140.99156189, 141.595275879, 142.187393188, 142.779495239, 143.36000061, 143.940490723, 144.520996094, 145.089889526, 145.6587677, 146.227661133, 146.796554565, 147.365432739, 147.934326172, 148.514831543, 149.095321655, 149.675827026, 150.233108521, 150.801986694, 151.370880127, 151.93977356, 152.508651733, 153.089157104, 153.658050537, 154.226928711, 154.807434082, 155.376327515, 155.945205688, 156.514099121, 157.082992554, 157.663482666, 158.232376099, 158.801269531, 159.381759644, 159.950653076, 160.519546509, 161.088439941, 161.657318115, 162.226211548, 162.79510498, 163.375595093, 163.944488525, 164.513381958, 165.070648193, 165.662765503, 166.254867554, 166.858596802, 167.462310791, 168.054412842, 168.646530151, 169.227020264, 169.807525635, 170.388031006, 170.980133057, 171.572235107, 172.152740479, 172.73324585, 173.313735962, 173.905853271, 174.486343384, 175.066848755, 175.635726929, 176.227844238, 176.808334351, 177.377227783, 177.934509277, 178.515014648, 179.095504761, 179.676010132, 180.244888306, 180.813781738, 181.371063232, 181.939956665, 182.508834839, 183.077728271, 183.646621704, 184.215499878, 184.784393311, 185.353286743, 185.922180176, 186.502670288, 187.083175659, 187.652053833, 188.220947266, 188.801452637, 189.370330811, 189.939224243, 190.508117676, 191.07699585, 191.657501221, 192.238006592, 192.806884766, 193.375778198, 193.944671631, 194.513549805, 195.082443237, 195.65133667, 196.220230103, 196.789108276, 197.358001709, 197.926895142, 198.495773315, 199.076278687, 199.645172119, 200.225662231, 200.806167603, 201.386657715, 201.967163086, 202.52444458, 203.081726074, 203.650604248, 204.219497681, 204.788391113, 205.357269287, 205.937774658, 206.518280029, 207.098770142, 207.690887451, 208.29460144, 208.89831543, 209.490432739, 210.08253479, 210.663040161, 211.255142212, 211.858856201, 212.509017944, 213.159179688, 213.809341431, 214.459503174, 215.109649658]
