
metadata:
    version:
        essentia: "2.1-beta2"
    audio_properties:
        analysis_sample_rate: 44100
        bitrate: 320
        channels: 2
        equal_loudness: 1
        length: 320
        replay_gain: -13.2626247406
        downmix: "mix"
    tags:
        album: "Wretched & Divine: The Story Of The Wild Ones"
        artist: "Black Veil Brides"
        comment: ""
        date: "2013"
        genre: "Metal"
        title: "Lost It All"
        tracknumber: "16/19"

configuration:
    average_loudness:
        compute: 1
        frameSize: 88200
        hopSize: 44100
        silentFrames: "noise"
        windowType: "hann"
    general:
        analysisSampleRate: 44100
        endTime: 2000
        equalLoudness: 1
        nequalLoudness: 0
        shortSound: 0
        startTime: 0
    lowlevel:
        compute: 1
        frameSize: 2048
        hopSize: 1024
        zeroPadding: 0
        silentFrames: "noise"
        windowType: "blackmanharris62"
        mfccStats: ["mean", "cov", "icov"]
        stats: ["mean", "var", "median", "min", "max", "dmean", "dmean2", "dvar", "dvar2"]
    panning:
        compute: 0
        frameSize: 8192
        hopSize: 2048
        zeroPadding: 8192
        silentFrames: "noise"
        windowType: "hann"
        stats: ["copy"]
    rhythm:
        compute: 1
        maxTempo: 208
        minTempo: 40
        method: "degara"
        stats: ["mean", "var", "median", "min", "max", "dmean", "dmean2", "dvar", "dvar2"]
    segmentation:
        compute: 0
        cpw: 5
        inc1: 300
        inc2: 50
        minimumSegmentsLength: 10
        size1: 1000
        size2: 600
    sfx:
        compute: 1
        stats: ["mean", "var", "median", "min", "max", "dmean", "dmean2", "dvar", "dvar2"]
    svm:
        compute: 0
    tonal:
        compute: 1
        frameSize: 4096
        hopSize: 2048
        zeroPadding: 0
        silentFrames: "noise"
        windowType: "blackmanharris62"
        stats: ["mean", "var", "median", "min", "max", "dmean", "dmean2", "dvar", "dvar2"]

lowlevel:
    average_loudness: 0.752764582634
    barkbands_kurtosis:
        dmean: 1.50738692284
        dmean2: 2.38171887398
        dvar: 8.62273788452
        dvar2: 19.0496501923
        max: 189.198638916
        mean: 2.3629565239
        median: 0.046541210264
        min: -1.90976345539
        var: 40.5699310303
    barkbands_skewness:
        dmean: 0.38027843833
        dmean2: 0.590053021908
        dvar: 0.152222618461
        dvar2: 0.338488072157
        max: 10.2458124161
        mean: 0.862071454525
        median: 0.758175551891
        min: -3.57546925545
        var: 1.55920863152
    barkbands_spread:
        dmean: 3.8212223053
        dmean2: 6.03459644318
        dvar: 20.9213542938
        dvar2: 49.6744689941
        max: 65.8005523682
        mean: 21.1376190186
        median: 21.1084899902
        min: 0.194865971804
        var: 169.868515015
    dissonance:
        dmean: 0.0221798494458
        dmean2: 0.0372067950666
        dvar: 0.000568219518755
        dvar2: 0.0015406946186
        max: 0.5
        mean: 0.448787301779
        median: 0.462887525558
        min: 0.0932705700397
        var: 0.00193927041255
    hfc:
        dmean: 1.43486964703
        dmean2: 2.29277706146
        dvar: 6.70590543747
        dvar2: 17.1098060608
        max: 48.0716705322
        mean: 5.99071073532
        median: 3.37330818176
        min: 1.21722102062e-016
        var: 42.0808525085
    pitch:
        dmean: 374.117950439
        dmean2: 721.588684082
        dvar: 874089.0625
        dvar2: 2285656.5
        max: 5309.34082031
        mean: 608.22265625
        median: 231.831298828
        min: 58.4077835083
        var: 1101064
    pitch_instantaneous_confidence:
        dmean: 0.0746652185917
        dmean2: 0.122108258307
        dvar: 0.00467306608334
        dvar2: 0.0116434600204
        max: 0.974401175976
        mean: 0.474392205477
        median: 0.464048922062
        min: 0.105318546295
        var: 0.0220518764108
    pitch_salience:
        dmean: 0.0532125979662
        dmean2: 0.08722679317
        dvar: 0.00224286271259
        dvar2: 0.00587610015646
        max: 0.920070290565
        mean: 0.616985559464
        median: 0.627136468887
        min: 0.0970429182053
        var: 0.00907054357231
    silence_rate_20dB:
        dmean: 0
        dmean2: 0
        dvar: 0
        dvar2: 0
        max: 1
        mean: 1
        median: 1
        min: 1
        var: 0
    silence_rate_30dB:
        dmean: 0
        dmean2: 0
        dvar: 0
        dvar2: 0
        max: 1
        mean: 1
        median: 1
        min: 1
        var: 0
    silence_rate_60dB:
        dmean: 0.0448410958052
        dmean2: 0.0896887034178
        dvar: 0.0428331270814
        dvar2: 0.10080987215
        max: 1
        mean: 0.4394544065
        median: 0
        min: 0
        var: 0.246330469847
    spectral_centroid:
        dmean: 166.763946533
        dmean2: 258.602264404
        dvar: 61799.40625
        dvar2: 117902.007813
        max: 11053.1650391
        mean: 1176.39575195
        median: 1040.94494629
        min: 121.669013977
        var: 554948.625
    spectral_complexity:
        dmean: 2.36743569374
        dmean2: 3.85124444962
        dvar: 9.22529411316
        dvar2: 22.4173069
        max: 49
        mean: 11.965464592
        median: 9
        min: 0
        var: 85.2536010742
    spectral_crest:
        dmean: 1.91000986099
        dmean2: 3.12842750549
        dvar: 3.32790589333
        dvar2: 8.9116563797
        max: 26.4220561981
        mean: 8.65041637421
        median: 7.86216783524
        min: 2.32204222679
        var: 14.2696084976
    spectral_decrease:
        dmean: 1.9399518103e-010
        dmean2: 3.12584069739e-010
        dvar: 7.76446329787e-020
        dvar2: 2.00322826737e-019
        max: 1.91093402189e-030
        mean: -9.35693411641e-010
        median: -8.83632944593e-010
        min: -4.93793139711e-009
        var: 4.65004389334e-019
    spectral_energy:
        dmean: 0.00083344487939
        dmean2: 0.00134151394013
        dvar: 1.45917431382e-006
        dvar2: 3.75452168555e-006
        max: 0.0222914312035
        mean: 0.00407490739599
        median: 0.003712201491
        min: 1.10333340603e-020
        var: 9.39628262131e-006
    spectral_energyband_high:
        dmean: 9.39869205467e-005
        dmean2: 0.000155562229338
        dvar: 5.16525524574e-008
        dvar2: 1.35281325697e-007
        max: 0.00674962298945
        mean: 0.000261553650489
        median: 8.70592848514e-005
        min: 8.0136272236e-021
        var: 1.74596294755e-007
    spectral_energyband_low:
        dmean: 0.000144160963828
        dmean2: 0.000245957868174
        dvar: 7.77569297838e-008
        dvar2: 2.22192880983e-007
        max: 0.00353689189069
        mean: 0.000306368223391
        median: 0.000194128719158
        min: 7.74733100606e-023
        var: 1.34220229597e-007
    spectral_energyband_middle_high:
        dmean: 0.000474625063362
        dmean2: 0.000753168598749
        dvar: 6.27366944173e-007
        dvar2: 1.59178864578e-006
        max: 0.0124286040664
        mean: 0.00171854021028
        median: 0.000847694580443
        min: 1.57997969444e-021
        var: 3.94037488149e-006
    spectral_energyband_middle_low:
        dmean: 0.000537237385288
        dmean2: 0.00085955724353
        dvar: 7.24962603726e-007
        dvar2: 1.86311081052e-006
        max: 0.0145651092753
        mean: 0.0018935786793
        median: 0.00154045666568
        min: 2.68813807163e-022
        var: 2.42288638219e-006
    spectral_flatness_db:
        dmean: 0.0156059078872
        dmean2: 0.0245843809098
        dvar: 0.000239300308749
        dvar2: 0.000560351880267
        max: 0.546415269375
        mean: 0.197772040963
        median: 0.169476538897
        min: 0.0583290457726
        var: 0.00696181273088
    spectral_flux:
        dmean: 0.00582932401448
        dmean2: 0.00926520489156
        dvar: 4.93408442708e-005
        dvar2: 0.000109738277388
        max: 0.115971259773
        mean: 0.0296008214355
        median: 0.0287057030946
        min: 1.05039678344e-010
        var: 0.000367989618098
    spectral_kurtosis:
        dmean: 5.40311908722
        dmean2: 9.16834926605
        dvar: 138.216293335
        dvar2: 392.516296387
        max: 207.694824219
        mean: 16.0489692688
        median: 5.56420326233
        min: -1.21916782856
        var: 719.76751709
    spectral_rms:
        dmean: 0.000184884906048
        dmean2: 0.000294672965538
        dvar: 4.66960408119e-008
        dvar2: 1.17139769884e-007
        max: 0.00466344691813
        mean: 0.00180439185351
        median: 0.00190306594595
        min: 3.28088836481e-012
        var: 7.19693844076e-007
    spectral_rolloff:
        dmean: 293.30960083
        dmean2: 488.614044189
        dvar: 256354.421875
        dvar2: 514551.28125
        max: 18647.7539063
        mean: 2135.17163086
        median: 2217.91992188
        min: 129.19921875
        var: 2033188.375
    spectral_skewness:
        dmean: 0.399615257978
        dmean2: 0.666388094425
        dvar: 0.405407875776
        dvar2: 1.15131294727
        max: 11.0447883606
        mean: 2.41359114647
        median: 1.7702524662
        min: -0.0940498262644
        var: 2.81908226013
    spectral_spread:
        dmean: 419365.3125
        dmean2: 624129.875
        dvar: 443127431168
        dvar2: 702867308544
        max: 41749084
        mean: 3693804
        median: 3730628.5
        min: 351677.53125
        var: 3.28999973683e+012
    spectral_strongpeak:
        dmean: 0.399114996195
        dmean2: 0.683685421944
        dvar: 0.611055314541
        dvar2: 1.60382223129
        max: 11.3543262482
        mean: 0.69669675827
        median: 0.316415548325
        min: 0
        var: 1.08288669586
    zerocrossingrate:
        dmean: 0.00624632975087
        dmean2: 0.00762085104361
        dvar: 7.76836677687e-005
        dvar2: 8.62583692651e-005
        max: 0.5087890625
        mean: 0.0682783573866
        median: 0.06591796875
        min: 0.0078125
        var: 0.00144120748155
    barkbands:
        dmean: [1.95538007119e-007, 3.84356062568e-005, 8.59548745211e-005, 0.000109048429294, 0.00028830912197, 0.000139091411256, 0.000111818560981, 0.000145786354551, 0.000102574158518, 6.96991119185e-005, 7.25826466805e-005, 8.75299156178e-005, 5.20962312294e-005, 5.81578897254e-005, 4.87290453748e-005, 8.34795355331e-005, 9.74630238488e-005, 0.000108226442535, 0.000146942926222, 0.000121506382129, 4.02636615036e-005, 1.45082567542e-005, 3.18396405419e-006, 1.82466737897e-006, 9.36472531521e-007, 4.32979732068e-008, 4.81837791888e-010]
        dmean2: [3.34628595056e-007, 6.63947939756e-005, 0.000147750703036, 0.000179728202056, 0.000470236176625, 0.000222507514991, 0.000166270052432, 0.000228938311921, 0.000162992510013, 0.000111959518108, 0.000116626702948, 0.000141030817758, 8.4153143689e-005, 9.38933953876e-005, 7.80052941991e-005, 0.000137154740514, 0.000158609895152, 0.000176408866537, 0.000239933724515, 0.000200554233743, 6.70077133691e-005, 2.43957347266e-005, 5.01906333739e-006, 2.72931629297e-006, 1.3889642787e-006, 6.53873826195e-008, 7.70401797912e-010]
        dvar: [3.87763334896e-013, 1.03749728808e-008, 2.90611890108e-008, 3.74723043706e-008, 4.69904705369e-007, 6.84611549673e-008, 5.05732700162e-008, 8.42335126094e-008, 4.12126048843e-008, 4.14361984724e-008, 4.75423789226e-008, 6.50216165354e-008, 1.5337789705e-008, 2.41657449607e-008, 1.90179285653e-008, 3.62974290624e-008, 6.10032415693e-008, 5.23620116155e-008, 8.13209197759e-008, 7.34927425583e-008, 8.33784685739e-009, 1.69469982492e-009, 1.68181718552e-010, 7.77289552167e-011, 1.64114364459e-011, 2.28993866512e-014, 2.86373298827e-018]
        dvar2: [1.10710854546e-012, 2.92728081774e-008, 8.50282546594e-008, 1.02072583275e-007, 1.25964515973e-006, 1.67233551451e-007, 1.04512970722e-007, 1.94973907242e-007, 1.01529131769e-007, 1.10267620812e-007, 1.22372526334e-007, 1.79791669552e-007, 3.87642877797e-008, 6.14108230934e-008, 4.4617923578e-008, 9.13452282703e-008, 1.55637835064e-007, 1.34987402589e-007, 2.0464962347e-007, 1.95261876001e-007, 2.14736708415e-008, 4.41897407555e-009, 3.36187078176e-010, 1.51050158492e-010, 3.38949736334e-011, 4.84822753233e-014, 6.53964525509e-018]
        max: [7.48784805182e-006, 0.00137357600033, 0.00250577507541, 0.00297921057791, 0.0135599011555, 0.00567612424493, 0.00692157167941, 0.00661097746342, 0.00475242361426, 0.00639998167753, 0.00703149475157, 0.00844036601484, 0.00364650832489, 0.00657902145758, 0.00376466428861, 0.00496659008786, 0.00655299657956, 0.00640003755689, 0.00695347366855, 0.00734372483566, 0.00325307250023, 0.00204704212956, 0.00060991657665, 0.000304787768982, 0.000156801950652, 4.37639073425e-006, 7.16329466854e-008]
        mean: [3.16032554792e-007, 6.09324670222e-005, 0.000158768292749, 0.000197005516384, 0.000583687156904, 0.000298161525279, 0.000265840237262, 0.000310601521051, 0.000215628562728, 0.000129183070385, 0.000123909718241, 0.000145488142152, 8.62751621753e-005, 9.73762944341e-005, 8.29130440252e-005, 0.000159175760928, 0.00019169744337, 0.000217626482481, 0.000311499723466, 0.000295595207717, 0.000101753044873, 3.0023877116e-005, 6.08002028457e-006, 3.48563116859e-006, 1.79356595709e-006, 8.23990262688e-008, 7.02357172422e-010]
        median: [8.99938967791e-008, 3.10083378281e-005, 8.24048329378e-005, 9.0128647571e-005, 0.000317375524901, 0.000142312565004, 9.09047303139e-005, 0.000109678287117, 9.37484292081e-005, 3.91278663301e-005, 3.57744793291e-005, 3.79860539397e-005, 2.40189019678e-005, 1.87431214727e-005, 2.21693335334e-005, 4.96050670336e-005, 4.07502702728e-005, 6.22834122623e-005, 0.000109728818643, 9.9398632301e-005, 2.68908916041e-005, 6.14290365775e-006, 1.03765705717e-006, 4.01150515472e-007, 2.03703592661e-007, 8.12108691406e-009, 1.64875196829e-010]
        min: [4.06839171541e-023, 2.16792245395e-023, 7.77218264893e-024, 2.91476452528e-024, 2.78246829163e-023, 6.98839380379e-023, 3.36414781741e-023, 1.30354405205e-023, 4.99736441482e-023, 7.49952265892e-023, 2.5551591262e-023, 2.44505481198e-023, 1.01345320214e-022, 8.37932723582e-023, 1.52253310151e-022, 8.88781119811e-023, 1.08261453097e-022, 2.90831154842e-022, 1.72889393939e-022, 1.96378049247e-022, 4.34154761494e-022, 2.85206261043e-022, 4.60880308734e-022, 8.28097811661e-022, 1.17246803475e-021, 1.75315579198e-021, 2.19915437227e-021]
        var: [3.9407810782e-013, 1.01974233502e-008, 4.86628550789e-008, 9.92998678839e-008, 6.70606084441e-007, 1.92468206706e-007, 2.05802706432e-007, 3.44447585121e-007, 1.2702669494e-007, 1.05496880565e-007, 9.74404414933e-008, 1.10619360782e-007, 3.01529929914e-008, 4.4044977443e-008, 4.09541520696e-008, 9.37460526984e-008, 1.43212986359e-007, 1.32670891162e-007, 2.10043950233e-007, 2.26895906508e-007, 2.97122237924e-008, 3.38425931723e-009, 3.40143607724e-010, 2.08725883799e-010, 3.93260389531e-011, 6.30251805064e-014, 4.97165657519e-018]
    frequency_bands:
        dmean: [1.95538007119e-007, 3.84356062568e-005, 8.59548745211e-005, 0.000109048429294, 0.00028830912197, 0.000139091411256, 0.000111818560981, 0.000145786354551, 0.000102574158518, 6.96991119185e-005, 7.25826466805e-005, 8.75299156178e-005, 5.20962312294e-005, 5.81578897254e-005, 4.87290453748e-005, 8.34795355331e-005, 9.74630238488e-005, 0.000108226442535, 0.000146942926222, 0.000121506382129, 4.02636615036e-005, 1.45082567542e-005, 3.18396405419e-006, 1.82466737897e-006, 9.36472531521e-007, 4.32979732068e-008, 4.81837791888e-010, 4.84046032423e-011]
        dmean2: [3.34628595056e-007, 6.63947939756e-005, 0.000147750703036, 0.000179728202056, 0.000470236176625, 0.000222507514991, 0.000166270052432, 0.000228938311921, 0.000162992510013, 0.000111959518108, 0.000116626702948, 0.000141030817758, 8.4153143689e-005, 9.38933953876e-005, 7.80052941991e-005, 0.000137154740514, 0.000158609895152, 0.000176408866537, 0.000239933724515, 0.000200554233743, 6.70077133691e-005, 2.43957347266e-005, 5.01906333739e-006, 2.72931629297e-006, 1.3889642787e-006, 6.53873826195e-008, 7.70401797912e-010, 8.97458912741e-011]
        dvar: [3.87763334896e-013, 1.03749728808e-008, 2.90611890108e-008, 3.74723043706e-008, 4.69904705369e-007, 6.84611549673e-008, 5.05732700162e-008, 8.42335126094e-008, 4.12126048843e-008, 4.14361984724e-008, 4.75423789226e-008, 6.50216165354e-008, 1.5337789705e-008, 2.41657449607e-008, 1.90179285653e-008, 3.62974290624e-008, 6.10032415693e-008, 5.23620116155e-008, 8.13209197759e-008, 7.34927425583e-008, 8.33784685739e-009, 1.69469982492e-009, 1.68181718552e-010, 7.77289552167e-011, 1.64114364459e-011, 2.28993866512e-014, 2.86373298827e-018, 5.97368754974e-021]
        dvar2: [1.10710854546e-012, 2.92728081774e-008, 8.50282546594e-008, 1.02072583275e-007, 1.25964515973e-006, 1.67233551451e-007, 1.04512970722e-007, 1.94973907242e-007, 1.01529131769e-007, 1.10267620812e-007, 1.22372526334e-007, 1.79791669552e-007, 3.87642877797e-008, 6.14108230934e-008, 4.4617923578e-008, 9.13452282703e-008, 1.55637835064e-007, 1.34987402589e-007, 2.0464962347e-007, 1.95261876001e-007, 2.14736708415e-008, 4.41897407555e-009, 3.36187078176e-010, 1.51050158492e-010, 3.38949736334e-011, 4.84822753233e-014, 6.53964525509e-018, 1.89179598824e-020]
        max: [7.48784805182e-006, 0.00137357600033, 0.00250577507541, 0.00297921057791, 0.0135599011555, 0.00567612424493, 0.00692157167941, 0.00661097746342, 0.00475242361426, 0.00639998167753, 0.00703149475157, 0.00844036601484, 0.00364650832489, 0.00657902145758, 0.00376466428861, 0.00496659008786, 0.00655299657956, 0.00640003755689, 0.00695347366855, 0.00734372483566, 0.00325307250023, 0.00204704212956, 0.00060991657665, 0.000304787768982, 0.000156801950652, 4.37639073425e-006, 7.16329466854e-008, 1.26071941775e-009]
        mean: [3.16032554792e-007, 6.09324670222e-005, 0.000158768292749, 0.000197005516384, 0.000583687156904, 0.000298161525279, 0.000265840237262, 0.000310601521051, 0.000215628562728, 0.000129183070385, 0.000123909718241, 0.000145488142152, 8.62751621753e-005, 9.73762944341e-005, 8.29130440252e-005, 0.000159175760928, 0.00019169744337, 0.000217626482481, 0.000311499723466, 0.000295595207717, 0.000101753044873, 3.0023877116e-005, 6.08002028457e-006, 3.48563116859e-006, 1.79356595709e-006, 8.23990262688e-008, 7.02357172422e-010, 3.75969533284e-011]
        median: [8.99938967791e-008, 3.10083378281e-005, 8.24048329378e-005, 9.0128647571e-005, 0.000317375524901, 0.000142312565004, 9.09047303139e-005, 0.000109678287117, 9.37484292081e-005, 3.91278663301e-005, 3.57744793291e-005, 3.79860539397e-005, 2.40189019678e-005, 1.87431214727e-005, 2.21693335334e-005, 4.96050670336e-005, 4.07502702728e-005, 6.22834122623e-005, 0.000109728818643, 9.9398632301e-005, 2.68908916041e-005, 6.14290365775e-006, 1.03765705717e-006, 4.01150515472e-007, 2.03703592661e-007, 8.12108691406e-009, 1.64875196829e-010, 1.04333616399e-011]
        min: [4.06839171541e-023, 2.16792245395e-023, 7.77218264893e-024, 2.91476452528e-024, 2.78246829163e-023, 6.98839380379e-023, 3.36414781741e-023, 1.30354405205e-023, 4.99736441482e-023, 7.49952265892e-023, 2.5551591262e-023, 2.44505481198e-023, 1.01345320214e-022, 8.37932723582e-023, 1.52253310151e-022, 8.88781119811e-023, 1.08261453097e-022, 2.90831154842e-022, 1.72889393939e-022, 1.96378049247e-022, 4.34154761494e-022, 2.85206261043e-022, 4.60880308734e-022, 8.28097811661e-022, 1.17246803475e-021, 1.75315579198e-021, 2.19915437227e-021, 6.89982125865e-022]
        var: [3.9407810782e-013, 1.01974233502e-008, 4.86628550789e-008, 9.92998678839e-008, 6.70606084441e-007, 1.92468206706e-007, 2.05802706432e-007, 3.44447585121e-007, 1.2702669494e-007, 1.05496880565e-007, 9.74404414933e-008, 1.10619360782e-007, 3.01529929914e-008, 4.4044977443e-008, 4.09541520696e-008, 9.37460526984e-008, 1.43212986359e-007, 1.32670891162e-007, 2.10043950233e-007, 2.26895906508e-007, 2.97122237924e-008, 3.38425931723e-009, 3.40143607724e-010, 2.08725883799e-010, 3.93260389531e-011, 6.30251805064e-014, 4.97165657519e-018, 4.72190680849e-021]
    mfcc:
        mean: [-768.001037598, 133.150115967, -31.5897827148, 35.2868461609, -18.2947711945, -13.9537496567, -3.70394325256, -8.32697963715, -6.72791910172, -6.08764648438, -5.57509756088, -6.21609210968, -1.78064525127]
        cov: [[12822.1230469, -1589.76586914, -2366.0793457, 2745.48925781, -221.014984131, 624.682617188, 801.743774414, 625.704589844, 713.126586914, 266.960754395, 134.265411377, 29.0551052094, 123.972045898], [-1589.76586914, 1748.41357422, 504.874481201, -301.429931641, 106.035743713, -170.36151123, -114.697479248, -92.3761901855, -112.103103638, -20.7496776581, -55.7865333557, -74.8403320313, 28.3986816406], [-2366.0793457, 504.874481201, 1081.40026855, -438.437286377, 69.306892395, -132.424484253, -171.901245117, -115.796325684, -155.020874023, -18.0237598419, -43.2404937744, -39.7811546326, 2.0860877037], [2745.48925781, -301.429931641, -438.437286377, 1142.02746582, 38.6702079773, 202.410903931, 243.673904419, 164.722366333, 233.468032837, 96.140007019, 31.1958503723, 6.82646560669, 81.288230896], [-221.014984131, 106.035743713, 69.306892395, 38.6702079773, 233.073898315, 45.3264808655, -2.53476190567, 25.7647571564, 30.9647407532, 12.5412597656, -33.4712295532, -8.07470035553, 25.8502635956], [624.682617188, -170.36151123, -132.424484253, 202.410903931, 45.3264808655, 203.778335571, 106.661888123, 63.7577552795, 86.9244155884, 38.0604629517, 21.0892028809, 14.2942008972, 25.2411022186], [801.743774414, -114.697479248, -171.901245117, 243.673904419, -2.53476190567, 106.661888123, 196.984222412, 100.126579285, 83.9312896729, 37.8984718323, 13.1502637863, 16.0071792603, 20.6062679291], [625.704589844, -92.3761901855, -115.796325684, 164.722366333, 25.7647571564, 63.7577552795, 100.126579285, 147.942077637, 97.1520004272, 24.896944046, 9.32737636566, 9.61364555359, 22.2003002167], [713.126586914, -112.103103638, -155.020874023, 233.468032837, 30.9647407532, 86.9244155884, 83.9312896729, 97.1520004272, 183.947525024, 61.5931282043, 6.95561122894, 14.4335355759, 27.1159286499], [266.960754395, -20.7496776581, -18.0237598419, 96.140007019, 12.5412597656, 38.0604629517, 37.8984718323, 24.896944046, 61.5931282043, 102.891960144, 32.7755203247, 8.20316028595, 11.8948640823], [134.265411377, -55.7865333557, -43.2404937744, 31.1958503723, -33.4712295532, 21.0892028809, 13.1502637863, 9.32737636566, 6.95561122894, 32.7755203247, 102.065338135, 32.4464988708, -6.60393953323], [29.0551052094, -74.8403320313, -39.7811546326, 6.82646560669, -8.07470035553, 14.2942008972, 16.0071792603, 9.61364555359, 14.4335355759, 8.20316028595, 32.4464988708, 71.8372268677, 22.4253826141], [123.972045898, 28.3986816406, 2.0860877037, 81.288230896, 25.8502635956, 25.2411022186, 20.6062679291, 22.2003002167, 27.1159286499, 11.8948640823, -6.60393953323, 22.4253826141, 89.1930389404]]
        icov: [[0.000265710783424, 3.61959428119e-005, 0.00033494879608, -0.0004439537297, 0.000295783684123, -0.000101737707155, 3.01961754303e-005, -0.000420557771577, 9.69609536696e-005, -0.000223589042434, 9.58872915362e-005, 0.000221022317419, 8.56701353769e-006], [3.61959428119e-005, 0.00077243935084, -0.000175127745024, 4.46974700026e-005, -0.000353282754077, 0.000617610290647, -0.000339502439601, 0.000251510937233, -4.50477309641e-005, -2.65539711108e-005, -0.000244280003244, 0.000881711021066, -0.000611982657574], [0.00033494879608, -0.000175127745024, 0.00179127056617, -0.000259910448221, 5.55854712729e-005, -7.52778360038e-005, 0.000558687956072, -0.000575763289817, 0.000855651276652, -0.00101926468778, 0.000370337191271, 0.000586995156482, -0.000439751893282], [-0.0004439537297, 4.46974700026e-005, -0.000259910448221, 0.00231703161262, -0.000668360618874, 4.57107198599e-005, -0.00120734144002, 0.000973124871962, -0.00123190379236, 0.000262822868535, -0.000715878908522, 0.000834751932416, -0.00120869663078], [0.000295783684123, -0.000353282754077, 5.55854712729e-005, -0.000668360618874, 0.00589185580611, -0.00216003833339, 0.00175456691068, -0.00195531360805, 0.000139855284942, -0.00107574439608, 0.00238655088469, -0.000304003246129, -0.000351725902874], [-0.000101737707155, 0.000617610290647, -7.52778360038e-005, 4.57107198599e-005, -0.00216003833339, 0.00883045047522, -0.00390690099448, 0.00150536757428, -0.0021290120203, 0.000427418242907, -0.00215222383849, 0.00105681398418, -0.00127496116329], [3.01961754303e-005, -0.000339502439601, 0.000558687956072, -0.00120734144002, 0.00175456691068, -0.00390690099448, 0.0114481560886, -0.00587683077902, 0.00177615706343, -0.00217809504829, 0.00214424729347, -0.00212411209941, 0.00101171247661], [-0.000420557771577, 0.000251510937233, -0.000575763289817, 0.000973124871962, -0.00195531360805, 0.00150536757428, -0.00587683077902, 0.0146836321801, -0.0061697633937, 0.00297229317948, -0.00244906521402, 0.0013407045044, -0.00156443146989], [9.69609536696e-005, -4.50477309641e-005, 0.000855651276652, -0.00123190379236, 0.000139855284942, -0.0021290120203, 0.00177615706343, -0.0061697633937, 0.012682793662, -0.0057940389961, 0.0030572290998, -0.00199133343995, 0.000313554221066], [-0.000223589042434, -2.65539711108e-005, -0.00101926468778, 0.000262822868535, -0.00107574439608, 0.000427418242907, -0.00217809504829, 0.00297229317948, -0.0057940389961, 0.0152199501172, -0.00577455991879, 0.00172377866693, -0.00107148045208], [9.58872915362e-005, -0.000244280003244, 0.000370337191271, -0.000715878908522, 0.00238655088469, -0.00215222383849, 0.00214424729347, -0.00244906521402, 0.0030572290998, -0.00577455991879, 0.0153203736991, -0.00742923142388, 0.00346274347976], [0.000221022317419, 0.000881711021066, 0.000586995156482, 0.000834751932416, -0.000304003246129, 0.00105681398418, -0.00212411209941, 0.0013407045044, -0.00199133343995, 0.00172377866693, -0.00742923142388, 0.0207269396633, -0.00680220872164], [8.56701353769e-006, -0.000611982657574, -0.000439751893282, -0.00120869663078, -0.000351725902874, -0.00127496116329, 0.00101171247661, -0.00156443146989, 0.000313554221066, -0.00107148045208, 0.00346274347976, -0.00680220872164, 0.0151390414685]]
    sccoeffs:
        dmean: [0.044345844537, 0.0404303707182, 0.0340668447316, 0.0272457841784, 0.0205695293844, 0.0175327733159]
        dmean2: [0.0738048776984, 0.0663154199719, 0.0556532554328, 0.0450132377446, 0.0335892029107, 0.0283079054207]
        dvar: [0.00149760814384, 0.00112926855218, 0.000754899112508, 0.000467124889838, 0.000287551112706, 0.000282752065687]
        dvar2: [0.004082956817, 0.00302702514455, 0.00201809499413, 0.00126858742442, 0.000714336754754, 0.000712816079613]
        max: [-0.282443791628, -0.441510796547, -0.508640348911, -0.580228805542, -0.5721539855, -0.584187626839]
        mean: [-0.631384253502, -0.723988831043, -0.762524247169, -0.777781426907, -0.788543879986, -0.773442983627]
        median: [-0.638318300247, -0.729181170464, -0.766918480396, -0.782215416431, -0.788822114468, -0.76905798912]
        min: [-0.964386940002, -0.994175136089, -0.973006784916, -0.969607949257, -0.962327599525, -0.961011171341]
        var: [0.00692936731502, 0.00504251476377, 0.00302657485008, 0.00228335079737, 0.00178818393033, 0.00262196618132]
    scvalleys:
        dmean: [0.330465406179, 0.291606277227, 0.265894144773, 0.259203761816, 0.208069995046, 0.261626541615]
        dmean2: [0.555287837982, 0.483963429928, 0.43437770009, 0.4194675982, 0.325267761946, 0.39757797122]
        dvar: [0.100265264511, 0.0780216380954, 0.0615806095302, 0.064795345068, 0.0614545606077, 0.128210633993]
        dvar2: [0.232609450817, 0.17078538239, 0.129470944405, 0.131013840437, 0.107642032206, 0.268872439861]
        max: [-5.05758523941, -4.81178379059, -5.19729566574, -5.57228374481, -5.50530433655, -7.1575551033]
        mean: [-7.39073228836, -6.67684316635, -7.32858943939, -7.94331264496, -8.14012718201, -11.0188169479]
        median: [-6.83950471878, -6.48993396759, -7.12566614151, -7.65547800064, -7.61548376083, -10.4113683701]
        min: [-27.9060993195, -27.5209064484, -27.1930351257, -27.066493988, -27.2622814178, -27.2877292633]
        var: [2.54839992523, 0.969720959663, 1.25670325756, 1.55845463276, 3.03076958656, 4.58724212646]

rhythm:
    beats_loudness:
        dmean: 0.00207790383138
        dmean2: 0.00360279809684
        dvar: 4.73087675346e-006
        dvar2: 1.32042187033e-005
        max: 0.01773936674
        mean: 0.0047055114992
        median: 0.00413139583543
        min: 6.40892153569e-007
        var: 1.27975981741e-005
    bpm: 135.183517456
    bpm_confidence: 0
    first_peak_bpm: 136
    first_peak_spread: 0.46125459671
    first_peak_weight: 0.223583459854
    onset_rate: 2.02187490463
    second_peak_bpm: 112
    second_peak_spread: 0.581132054329
    second_peak_weight: 0.169984683394
    beats_loudness_band_ratio:
        dmean: [0.12657572329, 0.163066610694, 0.125529110432, 0.0746689289808, 0.075764387846, 0.0767376571894]
        dmean2: [0.215695336461, 0.274235248566, 0.214706867933, 0.129998505116, 0.13108690083, 0.134044617414]
        dvar: [0.0146371042356, 0.0180025100708, 0.0125251207501, 0.00670041050762, 0.00865131709725, 0.0150561807677]
        dvar2: [0.0367954224348, 0.0482431575656, 0.0360752530396, 0.0172475073487, 0.0244831219316, 0.0441747196019]
        max: [0.778866171837, 0.897390365601, 0.984312534332, 0.674054324627, 0.712956547737, 0.852889835835]
        mean: [0.179534241557, 0.28412643075, 0.228093668818, 0.115947492421, 0.133239671588, 0.129626065493]
        median: [0.143278867006, 0.265995144844, 0.177991271019, 0.0774663239717, 0.0967392474413, 0.101231589913]
        min: [3.49326946889e-005, 0.00456052133814, 0.00124724966008, 0.00170790194534, 0.000190011720406, 4.17107039539e-005]
        var: [0.024092875421, 0.0401961989701, 0.0309255234897, 0.0128699243069, 0.0160192809999, 0.0184736344963]
    beats_position: [0.429569154978, 0.870748281479, 1.31192743778, 1.75310659409, 2.19428563118, 2.62385487556, 3.04181408882, 3.45977306366, 3.88934230804, 4.31891155243, 4.76009082794, 5.21287965775, 5.66566896439, 6.08362817764, 6.5015873909, 6.93115615845, 7.36072540283, 7.80190467834, 8.2198638916, 8.62621307373, 9.03256225586, 9.42730140686, 9.79882049561, 10.1819496155, 10.5650787354, 10.95981884, 11.3429479599, 11.7260770798, 12.1208162308, 12.5271654129, 12.933514595, 13.3166437149, 13.722992897, 14.117732048, 14.512471199, 14.9420404434, 15.3716096878, 15.8011789322, 16.2307472229, 16.6487064362, 17.0782756805, 17.5078449249, 17.9374141693, 18.3669834137, 18.7965526581, 19.2261219025, 19.667301178, 20.1084804535, 20.5380496979, 21.0604991913, 21.5829467773, 22.1053962708, 22.6858959198, 23.2780036926, 23.8585033417, 24.4506111145, 25.0427207947, 25.6348285675, 26.2269382477, 26.8887062073, 27.5504760742, 28.2122440338, 28.7463035583, 29.291973114, 29.8260307312, 30.3600902557, 30.8825397491, 31.4165973663, 31.962266922, 32.5079345703, 33.0419960022, 33.5876655579, 34.1333312988, 34.6790008545, 35.2246704102, 35.7703399658, 36.3160095215, 36.8616790771, 37.4073448181, 37.9530143738, 38.4986839294, 39.0443534851, 39.5900230408, 40.1473007202, 40.7045783997, 41.2618598938, 41.8075294495, 42.3648071289, 42.9104766846, 43.467754364, 44.0134239197, 44.5590934753, 45.0815429688, 45.6039886475, 46.1496582031, 46.6953277588, 47.2526054382, 47.7866668701, 48.3323364258, 48.8780021667, 49.4120635986, 49.9577331543, 50.5033988953, 51.0374603271, 51.5715179443, 52.0939674377, 52.6280250549, 53.1620864868, 53.73097229, 54.299861908, 54.8571434021, 55.4144210815, 55.9600906372, 56.5057601929, 57.0514259338, 57.5854873657, 58.1311569214, 58.6768226624, 59.222492218, 59.7681617737, 60.3138313293, 60.8711090088, 61.4167785645, 61.9624481201, 62.5081176758, 63.0537872314, 63.5994529724, 64.1451263428, 64.6907958984, 65.2248535156, 65.7821273804, 66.351020813, 66.9199066162, 67.4888000488, 68.0576858521, 68.6381835938, 69.2070770264, 69.8456192017, 70.4609527588, 71.087890625, 71.6800003052, 72.2721099854, 72.8293838501, 73.3866653442, 73.9439468384, 74.489616394, 75.0352783203, 75.580947876, 76.1266174316, 76.6722869873, 77.217956543, 77.7520141602, 78.2976837158, 78.85496521, 79.4006347656, 79.9463043213, 80.491973877, 81.0376434326, 81.5717010498, 82.1173706055, 82.6630401611, 83.2087097168, 83.6150588989, 84.0330123901, 84.4509735107, 84.8457107544, 85.2404556274, 85.6351928711, 86.0415420532, 86.4478912354, 86.8542404175, 87.2605895996, 87.6553268433, 88.1429443359, 88.6305618286, 89.1762313843, 89.7219009399, 90.2675704956, 90.8132400513, 91.3705215454, 91.9161911011, 92.4618606567, 93.0075302124, 93.5415878296, 94.0988616943, 94.6561431885, 95.2018127441, 95.7358703613, 96.2931518555, 96.8388214111, 97.3960952759, 97.9417648315, 98.4874343872, 99.0331039429, 99.590385437, 100.147659302, 100.716552734, 101.238998413, 101.77305603, 102.295509338, 102.817955017, 103.328796387, 103.839637756, 104.350471497, 104.872924805, 105.383758545, 105.894599915, 106.405441284, 106.916282654, 107.438728333, 107.949569702, 108.460403442, 108.948028564, 109.435646057, 109.92326355, 110.480545044, 111.037818909, 111.595100403, 112.140769958, 112.686439514, 113.23210907, 113.777778625, 114.323448181, 114.880722046, 115.426391602, 115.960449219, 116.494506836, 117.040176392, 117.585845947, 118.119903564, 118.653968811, 119.188026428, 119.722084045, 120.256141663, 120.79019928, 121.324264526, 121.858322144, 122.392379761, 122.914825439, 123.437278748, 123.971336365, 124.505393982, 125.039451599, 125.573509216, 126.095962524, 126.618408203, 127.15246582, 127.686531067, 128.220581055, 128.743041992, 129.277099609, 129.811157227, 130.333602905, 130.867660522, 131.40171814, 131.935775757, 132.469833374, 133.003890991, 133.537963867, 134.072021484, 134.594467163, 135.12852478, 135.662582397, 136.185028076, 136.719085693, 137.253143311, 137.787200928, 138.321273804, 138.855331421, 139.3777771, 139.911834717, 140.434280396, 140.968338013, 141.50239563, 142.036453247, 142.570526123, 143.092971802, 143.61541748, 144.149475098, 144.683532715, 145.217590332, 145.751647949, 146.274108887, 146.808166504, 147.342224121, 147.876281738, 148.398727417, 148.932785034, 149.466842651, 149.98928833, 150.500137329, 151.022583008, 151.556640625, 152.102310181, 152.647979736, 153.182037354, 153.704483032, 154.226928711, 154.761001587, 155.295059204, 155.829116821, 156.363174438, 156.897232056, 157.431289673, 157.96534729, 158.499404907, 159.021850586, 159.544311523, 160.078369141, 160.612426758, 161.146484375, 161.680541992, 162.214599609, 162.737045288, 163.259490967, 163.793563843, 164.32762146, 164.861679077, 165.395736694, 165.929794312, 166.463851929, 166.986297607, 167.508743286, 168.042816162, 168.576873779, 169.110931396, 169.633377075, 170.167434692, 170.689880371, 171.223937988, 171.746398926, 172.280456543, 172.802902222, 173.336959839, 173.871017456, 174.405075073, 174.93913269, 175.473190308, 176.007247925, 176.541305542, 177.075378418, 177.609436035, 178.131881714, 178.665939331, 179.199996948, 179.734054565, 180.256500244, 180.790557861, 181.313018799, 181.835464478, 182.369522095, 182.903579712, 183.437637329, 183.960083008, 184.482528687, 185.016601563, 185.55065918, 186.107940674, 186.665206909, 187.222488403, 187.733337402, 188.244171143, 188.731781006, 189.231018066, 189.718643188, 190.206253052, 190.693878174, 191.181488037, 191.669113159, 192.145126343, 192.621124268, 193.097137451, 193.561538696, 194.014328003, 194.478729248, 194.943130493, 195.407531738, 195.860321045, 196.324707031, 196.800720215, 197.276733398, 197.752746582, 198.228744507, 198.693145752, 199.157546997, 199.621948242, 200.086349487, 200.550750732, 201.003540039, 201.456329346, 201.909118652, 202.361907959, 202.803085327, 203.255874634, 203.720275879, 204.173049927, 204.625839233, 205.07862854, 205.531417847, 205.984207153, 206.448608398, 206.913009644, 207.36579895, 207.818588257, 208.271377563, 208.72416687, 209.176956177, 209.629745483, 210.08253479, 210.535324097, 210.999725342, 211.464126587, 211.928527832, 212.381317139, 212.834106445, 213.275283813, 213.716461182, 214.169250488, 214.622039795, 215.074829102, 215.527618408, 215.968795776, 216.409973145, 216.862762451, 217.315551758, 217.756729126, 218.197906494, 218.639083862, 219.08026123, 219.533050537, 219.985839844, 220.427032471, 220.868209839, 221.309387207, 221.750564575, 222.191741943, 222.632919312, 223.085708618, 223.538497925, 223.979675293, 224.420852661, 224.862030029, 225.303222656, 225.744400024, 226.185577393, 226.638366699, 227.091156006, 227.532333374, 227.973510742, 228.41468811, 228.867477417, 229.308654785, 229.749832153, 230.20262146, 230.643798828, 231.073379517, 231.514556885, 231.955734253, 232.40852356, 232.849700928, 233.290878296, 233.743667603, 234.196456909, 234.626022339, 235.067199707, 235.519989014, 235.984390259, 236.425567627, 236.866760254, 237.307937622, 237.74911499, 238.201904297, 238.654693604, 239.095870972, 239.53704834, 239.96661377, 240.407791138, 240.860580444, 241.301757813, 241.742950439, 242.184127808, 242.636917114, 243.089706421, 243.530883789, 243.972061157, 244.413238525, 244.842803955, 245.295593262, 245.73677063, 246.177947998, 246.619140625, 247.060317993, 247.501495361, 247.954284668, 248.407073975, 248.848251343, 249.289428711, 249.730606079, 250.183395386, 250.636184692, 251.077362061, 251.530151367, 251.971328735, 252.424118042, 252.86529541, 253.306488037, 253.747665405, 254.188842773, 254.630020142, 255.082809448, 255.535598755, 255.976776123, 256.41796875, 256.859130859, 257.288696289, 257.741485596, 258.194274902, 258.647064209, 259.088256836, 259.529418945, 259.970611572, 260.411773682, 260.852966309, 261.294158936, 261.735321045, 262.188110352, 262.640899658, 263.082092285, 263.534881592, 263.976043701, 264.428833008, 264.870025635, 265.311187744, 265.729156494, 266.170349121, 266.623138428, 267.075927734, 267.517089844, 267.958282471, 268.39944458, 268.840637207, 269.293426514, 269.74621582, 270.199005127, 270.651794434, 271.092956543, 271.53414917, 271.975311279, 272.416503906, 272.857696533, 273.298858643, 273.74005127, 274.181213379, 274.622406006, 275.063568115, 275.504760742, 275.957550049, 276.410339355, 276.851501465, 277.292694092, 277.745483398, 278.186676025, 278.639465332, 279.080627441, 279.521820068, 279.962982178, 280.404174805, 280.845336914, 281.286529541, 281.72769165, 282.168884277, 282.610076904, 283.051239014, 283.50402832, 283.968444824, 284.421234131, 284.86239624, 285.303588867, 285.744750977, 286.197540283, 286.65032959, 287.091522217, 287.532684326, 287.973876953, 288.415039063, 288.856231689, 289.297424316, 289.738586426, 290.179779053, 290.620941162, 291.073730469, 291.526519775, 291.979309082, 292.408874512, 292.850067139, 293.291229248, 293.744018555, 294.185211182, 294.638000488, 295.079193115, 295.520355225, 295.961547852, 296.402709961, 296.843902588, 297.285064697, 297.737854004, 298.190643311, 298.643432617, 299.096221924, 299.537414551, 299.97857666, 300.419769287, 300.860961914, 301.302124023, 301.74331665, 302.18447876, 302.637268066, 303.090057373, 303.54284668, 303.984039307, 304.425201416, 304.854766846, 305.295959473, 305.7371521, 306.166717529, 306.596282959, 307.025848389, 307.455413818, 307.896606445, 308.337768555, 308.790557861, 309.243347168, 309.696136475, 310.148925781, 310.613342285, 311.066131592, 311.518920898, 311.960083008, 312.366424561, 312.772796631, 313.179138184, 313.597106934, 314.015045166, 314.433013916, 314.850982666, 315.280548096, 315.710113525, 316.139678955, 316.650512695, 317.172973633, 317.695404053, 318.21786499, 318.740325928, 319.251159668]
