
metadata:
    version:
        essentia: "2.1-beta2"
    audio_properties:
        analysis_sample_rate: 44100
        bitrate: 320
        channels: 2
        equal_loudness: 1
        length: 228.33631897
        replay_gain: -15.0228557587
        downmix: "mix"
    tags:
        album: "Wretched & Divine: The Story Of The Wild Ones"
        artist: "Black Veil Brides"
        comment: ""
        date: "2013"
        genre: "Metal"
        title: "In The End"
        tracknumber: "18/19"

configuration:
    average_loudness:
        compute: 1
        frameSize: 88200
        hopSize: 44100
        silentFrames: "noise"
        windowType: "hann"
    general:
        analysisSampleRate: 44100
        endTime: 2000
        equalLoudness: 1
        nequalLoudness: 0
        shortSound: 0
        startTime: 0
    lowlevel:
        compute: 1
        frameSize: 2048
        hopSize: 1024
        zeroPadding: 0
        silentFrames: "noise"
        windowType: "blackmanharris62"
        mfccStats: ["mean", "cov", "icov"]
        stats: ["mean", "var", "median", "min", "max", "dmean", "dmean2", "dvar", "dvar2"]
    panning:
        compute: 0
        frameSize: 8192
        hopSize: 2048
        zeroPadding: 8192
        silentFrames: "noise"
        windowType: "hann"
        stats: ["copy"]
    rhythm:
        compute: 1
        maxTempo: 208
        minTempo: 40
        method: "degara"
        stats: ["mean", "var", "median", "min", "max", "dmean", "dmean2", "dvar", "dvar2"]
    segmentation:
        compute: 0
        cpw: 5
        inc1: 300
        inc2: 50
        minimumSegmentsLength: 10
        size1: 1000
        size2: 600
    sfx:
        compute: 1
        stats: ["mean", "var", "median", "min", "max", "dmean", "dmean2", "dvar", "dvar2"]
    svm:
        compute: 0
    tonal:
        compute: 1
        frameSize: 4096
        hopSize: 2048
        zeroPadding: 0
        silentFrames: "noise"
        windowType: "blackmanharris62"
        stats: ["mean", "var", "median", "min", "max", "dmean", "dmean2", "dvar", "dvar2"]

lowlevel:
    average_loudness: 0.8422742486
    barkbands_kurtosis:
        dmean: 0.754397153854
        dmean2: 1.18534755707
        dvar: 1.44432330132
        dvar2: 3.43637490273
        max: 27.850692749
        mean: -0.263225138187
        median: -0.836903095245
        min: -1.89871346951
        var: 3.77797412872
    barkbands_skewness:
        dmean: 0.359558999538
        dmean2: 0.561185181141
        dvar: 0.114513643086
        dvar2: 0.277320891619
        max: 4.98332834244
        mean: -0.390534967184
        median: -0.4751342237
        min: -4.1073346138
        var: 0.727016210556
    barkbands_spread:
        dmean: 5.31746244431
        dmean2: 8.2786655426
        dvar: 26.3753242493
        dvar2: 62.917514801
        max: 83.5056915283
        mean: 30.3570690155
        median: 30.2693252563
        min: 2.44529771805
        var: 107.625709534
    dissonance:
        dmean: 0.0108360983431
        dmean2: 0.0184413380921
        dvar: 0.000141623444506
        dvar2: 0.000380045967177
        max: 0.500000059605
        mean: 0.482013434172
        median: 0.486514657736
        min: 0.321770757437
        var: 0.00028083162033
    hfc:
        dmean: 2.70954275131
        dmean2: 4.43296194077
        dvar: 11.0294160843
        dvar2: 29.6650657654
        max: 66.2469558716
        mean: 10.7348814011
        median: 10.2739973068
        min: 1.19065026935e-011
        var: 47.5709342957
    pitch:
        dmean: 844.105529785
        dmean2: 1617.31311035
        dvar: 1586061
        dvar2: 3856900.75
        max: 5748.9765625
        mean: 1299.96398926
        median: 383.954650879
        min: 64.8409881592
        var: 2179834.25
    pitch_instantaneous_confidence:
        dmean: 0.0819160416722
        dmean2: 0.132598370314
        dvar: 0.00467617297545
        dvar2: 0.0115874847397
        max: 0.917845249176
        mean: 0.392455995083
        median: 0.369692742825
        min: 0.113453507423
        var: 0.0196414105594
    pitch_salience:
        dmean: 0.0539608113468
        dmean2: 0.0890248864889
        dvar: 0.00219326093793
        dvar2: 0.00573137961328
        max: 0.937684774399
        mean: 0.650854825974
        median: 0.661972045898
        min: 0.231578618288
        var: 0.00724773248658
    silence_rate_20dB:
        dmean: 0
        dmean2: 0
        dvar: 0
        dvar2: 0
        max: 1
        mean: 1
        median: 1
        min: 1
        var: 0
    silence_rate_30dB:
        dmean: 0
        dmean2: 0
        dvar: 0
        dvar2: 0
        max: 1
        mean: 1
        median: 1
        min: 1
        var: 0
    silence_rate_60dB:
        dmean: 0.057148668915
        dmean2: 0.114308960736
        dvar: 0.0538840144873
        dvar2: 0.126051515341
        max: 1
        mean: 0.23975597322
        median: 0
        min: 0
        var: 0.18228250742
    spectral_centroid:
        dmean: 236.135269165
        dmean2: 375.663452148
        dvar: 61448.6445313
        dvar2: 151864.890625
        max: 5628.46923828
        mean: 1970.32458496
        median: 2040.08300781
        min: 217.612350464
        var: 366878
    spectral_complexity:
        dmean: 3.99857640266
        dmean2: 6.57357883453
        dvar: 14.6687088013
        dvar2: 38.9638671875
        max: 49
        mean: 18.9853591919
        median: 20
        min: 0
        var: 90.8475189209
    spectral_crest:
        dmean: 1.81224811077
        dmean2: 3.0128929615
        dvar: 3.0454454422
        dvar2: 7.77998971939
        max: 22.732383728
        mean: 6.56366205215
        median: 5.88696527481
        min: 2.34257006645
        var: 7.50132513046
    spectral_decrease:
        dmean: 2.43808029321e-010
        dmean2: 3.95157101485e-010
        dvar: 8.34802177169e-020
        dvar2: 2.1569688315e-019
        max: -5.19183061864e-022
        mean: -1.10347275761e-009
        median: -1.08542619337e-009
        min: -3.8821830195e-009
        var: 3.12057091411e-019
    spectral_energy:
        dmean: 0.00113359396346
        dmean2: 0.00183945859317
        dvar: 1.79998028216e-006
        dvar2: 4.68718735647e-006
        max: 0.0195737127215
        mean: 0.00513843074441
        median: 0.00504684587941
        min: 3.03947121683e-015
        var: 7.19071249478e-006
    spectral_energyband_high:
        dmean: 0.000174102344317
        dmean2: 0.000296070124023
        dvar: 6.34032417679e-008
        dvar2: 1.67075526747e-007
        max: 0.00653937738389
        mean: 0.000514673418365
        median: 0.000478622037917
        min: 1.11333322373e-015
        var: 1.77791051215e-007
    spectral_energyband_low:
        dmean: 0.000181142968358
        dmean2: 0.000306696631014
        dvar: 6.36369961171e-008
        dvar2: 1.79014733703e-007
        max: 0.00316994264722
        mean: 0.000397720403271
        median: 0.000345529726474
        min: 2.00187849472e-017
        var: 1.00287600446e-007
    spectral_energyband_middle_high:
        dmean: 0.000866389833391
        dmean2: 0.0013746866025
        dvar: 9.86332679531e-007
        dvar2: 2.44459306487e-006
        max: 0.0176773890853
        mean: 0.00316677126102
        median: 0.00290573411621
        min: 1.848671642e-015
        var: 4.52641461379e-006
    spectral_energyband_middle_low:
        dmean: 0.000448530947324
        dmean2: 0.000728866376448
        dvar: 4.84565020997e-007
        dvar2: 1.24485256947e-006
        max: 0.00847527664155
        mean: 0.00119601888582
        median: 0.00102631875779
        min: 7.66219386641e-017
        var: 7.66859557189e-007
    spectral_flatness_db:
        dmean: 0.0134602952749
        dmean2: 0.0203821826726
        dvar: 0.000168287093402
        dvar2: 0.000358798861271
        max: 0.36392596364
        mean: 0.140591114759
        median: 0.134612292051
        min: 0.0562994666398
        var: 0.00114935822785
    spectral_flux:
        dmean: 0.00731028895825
        dmean2: 0.0114678554237
        dvar: 6.18266931269e-005
        dvar2: 0.000139851719723
        max: 0.14306345582
        mean: 0.0416387841105
        median: 0.0417758487165
        min: 2.44930811277e-006
        var: 0.000256733736023
    spectral_kurtosis:
        dmean: 1.06180894375
        dmean2: 1.73534429073
        dvar: 1.53033077717
        dvar2: 4.02133703232
        max: 27.2099704742
        mean: 4.34310674667
        median: 3.82139253616
        min: -1.17560648918
        var: 5.52697658539
    spectral_rms:
        dmean: 0.000238405540586
        dmean2: 0.000382440251997
        dvar: 6.25554079647e-008
        dvar2: 1.59470218364e-007
        max: 0.00436993176118
        mean: 0.00213960185647
        median: 0.00221895286813
        min: 1.72201564119e-009
        var: 4.35191935821e-007
    spectral_rolloff:
        dmean: 300.043823242
        dmean2: 490.056091309
        dvar: 161757.875
        dvar2: 362977.09375
        max: 9711.47460938
        mean: 3399.84399414
        median: 3552.97851563
        min: 172.265625
        var: 723232.9375
    spectral_skewness:
        dmean: 0.155173406005
        dmean2: 0.246744140983
        dvar: 0.0266658682376
        dvar2: 0.0617886260152
        max: 3.7780251503
        mean: 1.41498827934
        median: 1.37928020954
        min: 0.0157949533314
        var: 0.144252896309
    spectral_spread:
        dmean: 456891.90625
        dmean2: 651909.1875
        dvar: 334080016384
        dvar2: 541205692416
        max: 16488060
        mean: 4455555.5
        median: 4248606.5
        min: 1793983.125
        var: 1.96849814733e+012
    spectral_strongpeak:
        dmean: 0.740290701389
        dmean2: 1.25640749931
        dvar: 1.05341100693
        dvar2: 2.62195515633
        max: 16.7436275482
        mean: 1.18610882759
        median: 0.556458592415
        min: 1.59547099088e-007
        var: 2.2647497654
    zerocrossingrate:
        dmean: 0.00705510284752
        dmean2: 0.00883961375803
        dvar: 5.16344189236e-005
        dvar2: 6.59352226648e-005
        max: 0.35498046875
        mean: 0.107061631978
        median: 0.1103515625
        min: 0.0126953125
        var: 0.000720100710168
    barkbands:
        dmean: [3.96795911684e-007, 5.97211255808e-005, 0.000113137291919, 9.19282174436e-005, 0.000225673662499, 0.000116303657705, 8.8898355898e-005, 7.41449475754e-005, 0.000107481355371, 9.07467401703e-005, 8.60166182974e-005, 8.70504591148e-005, 6.96742717992e-005, 0.000111943198135, 0.000140975331306, 0.000148550127051, 0.000237275409745, 0.00023645478359, 0.000306195870508, 0.000196372857317, 7.92855789769e-005, 3.11387193506e-005, 5.71554710405e-006, 2.32829688684e-006, 1.50238713559e-006, 8.31461193229e-008, 7.72181762976e-010]
        dmean2: [7.02286001797e-007, 0.000102431076812, 0.000191853454453, 0.000152350432472, 0.000378921191441, 0.000190342761925, 0.000143290308188, 0.000117621522804, 0.000171091451193, 0.000144943202031, 0.000138921081088, 0.000138393690577, 0.000112712026748, 0.000175168926944, 0.00021583250782, 0.000242064081249, 0.000389821332647, 0.000389183434891, 0.000507751421537, 0.000327596819261, 0.000135375536047, 5.44407484995e-005, 9.4535325843e-006, 3.7157733459e-006, 2.30604587159e-006, 1.20419940686e-007, 1.21990784141e-009]
        dvar: [6.39875305519e-013, 1.10581641621e-008, 2.47555540511e-008, 1.75586922779e-008, 3.21104437262e-007, 3.54360061294e-008, 2.13963886608e-008, 1.44196992125e-008, 3.36320802319e-008, 3.02121208051e-008, 2.08332640028e-008, 3.19692112782e-008, 2.11074340228e-008, 7.42527888065e-008, 9.28928969302e-008, 9.82655024018e-008, 1.321662495e-007, 1.23883182823e-007, 2.14250647446e-007, 9.520039157e-008, 1.09677120719e-008, 2.82392242923e-009, 1.78269926598e-010, 4.58950169535e-011, 2.44433414481e-011, 6.97642017398e-014, 3.83700052124e-018]
        dvar2: [1.85873495415e-012, 3.08971195295e-008, 6.87165595536e-008, 4.63971296938e-008, 8.34438026232e-007, 9.18350480106e-008, 5.29613402023e-008, 3.41337056398e-008, 8.53037889215e-008, 7.39597112442e-008, 5.05655748384e-008, 7.03106195488e-008, 5.1315378613e-008, 1.67013027408e-007, 1.98920119487e-007, 2.51229295145e-007, 3.39930124937e-007, 3.10819757487e-007, 5.73295892536e-007, 2.24274188554e-007, 2.96650934928e-008, 7.89848186855e-009, 4.02411770573e-010, 9.88819304215e-011, 5.01239015571e-011, 1.25853971342e-013, 7.9272597578e-018]
        max: [7.90636113379e-006, 0.000995098613203, 0.00176251027733, 0.00303479563445, 0.00617248658091, 0.0035696993582, 0.0028956506867, 0.00242761918344, 0.00357027538121, 0.00463924789801, 0.00329864723608, 0.00487587274984, 0.00238961912692, 0.0110239349306, 0.0069277943112, 0.00955443456769, 0.00743408268318, 0.00682472577319, 0.0103251859546, 0.0147829735652, 0.00204099784605, 0.0016029732069, 0.00037364239688, 0.000159865609021, 0.000139886324177, 6.32691126157e-006, 4.07959603876e-008]
        mean: [4.42546365775e-007, 9.2434893304e-005, 0.000215174528421, 0.000152382897795, 0.000282215536572, 0.00019708040054, 0.000163383738254, 0.000130521628307, 0.000203138275538, 0.000180615606951, 0.000147133905557, 0.00014424676192, 0.000110820481495, 0.000180043280125, 0.000253284757491, 0.000282607099507, 0.000486917502712, 0.000472110230476, 0.000648064480629, 0.000505127478391, 0.000211416481761, 6.12151925452e-005, 1.0447159184e-005, 4.4427802095e-006, 3.01313434647e-006, 1.59316570603e-007, 1.198191657e-009]
        median: [1.43938194697e-007, 5.78145409236e-005, 0.000173216103576, 9.76224910119e-005, 0.000131813096232, 0.00012227561092, 8.84784603841e-005, 6.99526790413e-005, 0.000106759325718, 8.22289221105e-005, 8.24982998893e-005, 6.5896922024e-005, 4.99714515172e-005, 6.68338689138e-005, 7.86456585047e-005, 0.000180447314051, 0.000332842115313, 0.00032271942473, 0.000491870508995, 0.000398369214963, 0.000195664979401, 4.83212461404e-005, 5.96790596319e-006, 2.13549310502e-006, 1.54926749474e-006, 6.91529606911e-008, 4.99801977583e-010]
        min: [4.23983494631e-019, 4.32951957438e-018, 9.18801287869e-018, 1.23763011404e-017, 2.1095193424e-017, 1.00939526661e-017, 2.70871996186e-018, 1.05655895447e-017, 1.75341229843e-017, 5.67558644929e-018, 2.65067413402e-017, 3.96570734301e-017, 6.32519950847e-018, 2.1303169791e-017, 4.23890260002e-017, 1.24800684667e-017, 8.2248573392e-017, 1.24893803698e-016, 1.14364440362e-015, 6.14794406688e-016, 4.22777093274e-016, 2.55374874943e-016, 6.58728788052e-017, 4.36113971135e-017, 4.20630043423e-017, 1.43398645465e-018, 1.04110683805e-019]
        var: [5.91267432151e-013, 1.30403776666e-008, 3.8722593132e-008, 3.5559001077e-008, 2.86384505443e-007, 6.10337096418e-008, 5.27015195928e-008, 3.26171480935e-008, 7.9325118918e-008, 8.4865725114e-008, 4.13334717564e-008, 6.55698286778e-008, 3.9744911362e-008, 1.67895350955e-007, 2.54530135635e-007, 1.9435753984e-007, 3.17913844583e-007, 3.06164992026e-007, 4.29695518278e-007, 4.05273226534e-007, 3.16172368287e-008, 4.55785142961e-009, 3.84700493683e-010, 9.51587905695e-011, 4.80730316665e-011, 1.71742896055e-013, 8.98180998687e-018]
    frequency_bands:
        dmean: [3.96795911684e-007, 5.97211255808e-005, 0.000113137291919, 9.19282174436e-005, 0.000225673662499, 0.000116303657705, 8.8898355898e-005, 7.41449475754e-005, 0.000107481355371, 9.07467401703e-005, 8.60166182974e-005, 8.70504591148e-005, 6.96742717992e-005, 0.000111943198135, 0.000140975331306, 0.000148550127051, 0.000237275409745, 0.00023645478359, 0.000306195870508, 0.000196372857317, 7.92855789769e-005, 3.11387193506e-005, 5.71554710405e-006, 2.32829688684e-006, 1.50238713559e-006, 8.31461193229e-008, 7.72181762976e-010, 5.85593934455e-011]
        dmean2: [7.02286001797e-007, 0.000102431076812, 0.000191853454453, 0.000152350432472, 0.000378921191441, 0.000190342761925, 0.000143290308188, 0.000117621522804, 0.000171091451193, 0.000144943202031, 0.000138921081088, 0.000138393690577, 0.000112712026748, 0.000175168926944, 0.00021583250782, 0.000242064081249, 0.000389821332647, 0.000389183434891, 0.000507751421537, 0.000327596819261, 0.000135375536047, 5.44407484995e-005, 9.4535325843e-006, 3.7157733459e-006, 2.30604587159e-006, 1.20419940686e-007, 1.21990784141e-009, 1.08888460748e-010]
        dvar: [6.39875305519e-013, 1.10581641621e-008, 2.47555540511e-008, 1.75586922779e-008, 3.21104437262e-007, 3.54360061294e-008, 2.13963886608e-008, 1.44196992125e-008, 3.36320802319e-008, 3.02121208051e-008, 2.08332640028e-008, 3.19692112782e-008, 2.11074340228e-008, 7.42527888065e-008, 9.28928969302e-008, 9.82655024018e-008, 1.321662495e-007, 1.23883182823e-007, 2.14250647446e-007, 9.520039157e-008, 1.09677120719e-008, 2.82392242923e-009, 1.78269926598e-010, 4.58950169535e-011, 2.44433414481e-011, 6.97642017398e-014, 3.83700052124e-018, 6.72198631268e-021]
        dvar2: [1.85873495415e-012, 3.08971195295e-008, 6.87165595536e-008, 4.63971296938e-008, 8.34438026232e-007, 9.18350480106e-008, 5.29613402023e-008, 3.41337056398e-008, 8.53037889215e-008, 7.39597112442e-008, 5.05655748384e-008, 7.03106195488e-008, 5.1315378613e-008, 1.67013027408e-007, 1.98920119487e-007, 2.51229295145e-007, 3.39930124937e-007, 3.10819757487e-007, 5.73295892536e-007, 2.24274188554e-007, 2.96650934928e-008, 7.89848186855e-009, 4.02411770573e-010, 9.88819304215e-011, 5.01239015571e-011, 1.25853971342e-013, 7.9272597578e-018, 2.13261298304e-020]
        max: [7.90636113379e-006, 0.000995098613203, 0.00176251027733, 0.00303479563445, 0.00617248658091, 0.0035696993582, 0.0028956506867, 0.00242761918344, 0.00357027538121, 0.00463924789801, 0.00329864723608, 0.00487587274984, 0.00238961912692, 0.0110239349306, 0.0069277943112, 0.00955443456769, 0.00743408268318, 0.00682472577319, 0.0103251859546, 0.0147829735652, 0.00204099784605, 0.0016029732069, 0.00037364239688, 0.000159865609021, 0.000139886324177, 6.32691126157e-006, 4.07959603876e-008, 8.06253841468e-010]
        mean: [4.42546365775e-007, 9.2434893304e-005, 0.000215174528421, 0.000152382897795, 0.000282215536572, 0.00019708040054, 0.000163383738254, 0.000130521628307, 0.000203138275538, 0.000180615606951, 0.000147133905557, 0.00014424676192, 0.000110820481495, 0.000180043280125, 0.000253284757491, 0.000282607099507, 0.000486917502712, 0.000472110230476, 0.000648064480629, 0.000505127478391, 0.000211416481761, 6.12151925452e-005, 1.0447159184e-005, 4.4427802095e-006, 3.01313434647e-006, 1.59316570603e-007, 1.198191657e-009, 4.58019629168e-011]
        median: [1.43938194697e-007, 5.78145409236e-005, 0.000173216103576, 9.76224910119e-005, 0.000131813096232, 0.00012227561092, 8.84784603841e-005, 6.99526790413e-005, 0.000106759325718, 8.22289221105e-005, 8.24982998893e-005, 6.5896922024e-005, 4.99714515172e-005, 6.68338689138e-005, 7.86456585047e-005, 0.000180447314051, 0.000332842115313, 0.00032271942473, 0.000491870508995, 0.000398369214963, 0.000195664979401, 4.83212461404e-005, 5.96790596319e-006, 2.13549310502e-006, 1.54926749474e-006, 6.91529606911e-008, 4.99801977583e-010, 1.70616836631e-011]
        min: [4.23983494631e-019, 4.32951957438e-018, 9.18801287869e-018, 1.23763011404e-017, 2.1095193424e-017, 1.00939526661e-017, 2.70871996186e-018, 1.05655895447e-017, 1.75341229843e-017, 5.67558644929e-018, 2.65067413402e-017, 3.96570734301e-017, 6.32519950847e-018, 2.1303169791e-017, 4.23890260002e-017, 1.24800684667e-017, 8.2248573392e-017, 1.24893803698e-016, 1.14364440362e-015, 6.14794406688e-016, 4.22777093274e-016, 2.55374874943e-016, 6.58728788052e-017, 4.36113971135e-017, 4.20630043423e-017, 1.43398645465e-018, 1.04110683805e-019, 2.18451190218e-021]
        var: [5.91267432151e-013, 1.30403776666e-008, 3.8722593132e-008, 3.5559001077e-008, 2.86384505443e-007, 6.10337096418e-008, 5.27015195928e-008, 3.26171480935e-008, 7.9325118918e-008, 8.4865725114e-008, 4.13334717564e-008, 6.55698286778e-008, 3.9744911362e-008, 1.67895350955e-007, 2.54530135635e-007, 1.9435753984e-007, 3.17913844583e-007, 3.06164992026e-007, 4.29695518278e-007, 4.05273226534e-007, 3.16172368287e-008, 4.55785142961e-009, 3.84700493683e-010, 9.51587905695e-011, 4.80730316665e-011, 1.71742896055e-013, 8.98180998687e-018, 5.49526938633e-021]
    mfcc:
        mean: [-701.338806152, 97.564125061, -57.1938362122, 52.9933280945, -15.3397340775, -6.18425178528, 2.09863424301, -2.10336923599, 3.22898197174, -6.25727510452, -2.53500318527, -5.51495265961, -1.02772092819]
        cov: [[5973.29248047, 209.393768311, -435.83291626, 493.385406494, -252.203933716, 37.9657173157, -31.5366077423, -9.93703937531, 106.933448792, -8.27734851837, 6.17330980301, -30.8292617798, -50.4823913574], [209.393768311, 1032.72790527, -119.70135498, 122.085151672, 41.9603919983, 5.98854112625, 49.626625061, 3.08468079567, 3.41323518753, -45.8896827698, -16.7343101501, -30.4880867004, 3.00729322433], [-435.83291626, -119.70135498, 603.145751953, 3.20281100273, 131.044525146, 31.7418880463, 18.0292377472, 38.2924690247, -45.0498847961, -9.22847270966, -45.6240005493, 27.3755569458, 38.2317008972], [493.385406494, 122.085151672, 3.20281100273, 334.540283203, 26.8752098083, -9.01239776611, -19.6077423096, -2.11696529388, 74.3448028564, 10.8647422791, 3.560308218, 7.73988103867, 21.5038757324], [-252.203933716, 41.9603919983, 131.044525146, 26.8752098083, 194.966003418, 40.8881225586, -18.2088508606, 3.81328177452, 3.93394804001, 20.5138759613, -0.590596079826, 0.975441038609, 10.9290447235], [37.9657173157, 5.98854112625, 31.7418880463, -9.01239776611, 40.8881225586, 143.384262085, 68.7303390503, 13.7040319443, -5.78289699554, 12.4785346985, 21.2076034546, 8.22475814819, -7.15415811539], [-31.5366077423, 49.626625061, 18.0292377472, -19.6077423096, -18.2088508606, 68.7303390503, 154.181243896, 48.5131988525, -3.25473403931, -7.83379793167, 13.2100353241, 25.1716442108, -1.13521564007], [-9.93703937531, 3.08468079567, 38.2924690247, -2.11696529388, 3.81328177452, 13.7040319443, 48.5131988525, 85.9085159302, 24.3629188538, 1.21241557598, 5.23085308075, 7.90577793121, 3.62283277512], [106.933448792, 3.41323518753, -45.0498847961, 74.3448028564, 3.93394804001, -5.78289699554, -3.25473403931, 24.3629188538, 110.630744934, 43.517539978, 9.89781093597, 0.927373588085, -2.17848181725], [-8.27734851837, -45.8896827698, -9.22847270966, 10.8647422791, 20.5138759613, 12.4785346985, -7.83379793167, 1.21241557598, 43.517539978, 86.0264205933, 36.5091209412, 0.396442145109, -10.7817087173], [6.17330980301, -16.7343101501, -45.6240005493, 3.560308218, -0.590596079826, 21.2076034546, 13.2100353241, 5.23085308075, 9.89781093597, 36.5091209412, 85.1530303955, 26.4973564148, -2.71143484116], [-30.8292617798, -30.4880867004, 27.3755569458, 7.73988103867, 0.975441038609, 8.22475814819, 25.1716442108, 7.90577793121, 0.927373588085, 0.396442145109, 26.4973564148, 71.4534072876, 32.2844200134], [-50.4823913574, 3.00729322433, 38.2317008972, 21.5038757324, 10.9290447235, -7.15415811539, -1.13521564007, 3.62283277512, -2.17848181725, -10.7817087173, -2.71143484116, 32.2844200134, 73.4834213257]]
        icov: [[0.000224486298976, -1.00722909337e-005, 0.000118078693049, -0.000387372478144, 0.000343561201589, -0.00029350022669, 0.000209835197893, -0.000163469609106, 0.000111456065497, -3.55734664481e-005, 0.000143683733768, -6.98173098499e-005, 0.000172247106093], [-1.00722909337e-005, 0.00118629494682, 0.000371703616111, -0.000465357268695, -0.000666340463795, 0.000318620732287, -0.000831052369904, 0.000115947601444, 0.000152819615323, 0.000686816405505, -7.81977723818e-005, 0.000798027089331, -0.00024929898791], [0.000118078693049, 0.000371703616111, 0.00261569791473, -0.000611606461462, -0.00144569668919, -0.000168326092535, -8.47743431223e-005, -0.00158987636678, 0.00193935621064, -0.000993989757262, 0.00218446995132, -0.00115786632523, -0.000339343125233], [-0.000387372478144, -0.000465357268695, -0.000611606461462, 0.00469362549484, -0.000743678654544, 0.000411958404584, 6.35003016214e-005, 0.00143462407868, -0.00373448757455, 0.00131702586077, -0.000994763337076, 0.000103636863059, -0.00122114107944], [0.000343561201589, -0.000666340463795, -0.00144569668919, -0.000743678654544, 0.00797456875443, -0.00329394522123, 0.00290911458433, -0.00076449388871, 4.82018986077e-005, -0.00174753472675, 0.000339369260473, -0.000115437280328, -0.00038275346742], [-0.00029350022669, 0.000318620732287, -0.000168326092535, 0.000411958404584, -0.00329394522123, 0.0110984053463, -0.00599936582148, 0.00165721040685, 0.000517170119565, -0.000611669151112, -0.00218847231008, 0.00135526282247, 0.000397790310672], [0.000209835197893, -0.000831052369904, -8.47743431223e-005, 6.35003016214e-005, 0.00290911458433, -0.00599936582148, 0.0124411368743, -0.00607993034646, 0.000881275278516, 0.000361891870853, 0.000908794638235, -0.00443421583623, 0.00173978472594], [-0.000163469609106, 0.000115947601444, -0.00158987636678, 0.00143462407868, -0.00076449388871, 0.00165721040685, -0.00607993034646, 0.0173372998834, -0.00632656831294, 0.00300849624909, -0.00263662822545, 0.00202318443917, -0.00111563026439], [0.000111456065497, 0.000152819615323, 0.00193935621064, -0.00373448757455, 4.82018986077e-005, 0.000517170119565, 0.000881275278516, -0.00632656831294, 0.0170213561505, -0.00934887584299, 0.00394802400842, -0.00179571623448, 0.000590392271988], [-3.55734664481e-005, 0.000686816405505, -0.000993989757262, 0.00131702586077, -0.00174753472675, -0.000611669151112, 0.000361891870853, 0.00300849624909, -0.00934887584299, 0.0210807323456, -0.00942202936858, 0.00308316922747, 0.00125046353787], [0.000143683733768, -7.81977723818e-005, 0.00218446995132, -0.000994763337076, 0.000339369260473, -0.00218847231008, 0.000908794638235, -0.00263662822545, 0.00394802400842, -0.00942202936858, 0.0199806392193, -0.00906008575112, 0.00258933147416], [-6.98173098499e-005, 0.000798027089331, -0.00115786632523, 0.000103636863059, -0.000115437280328, 0.00135526282247, -0.00443421583623, 0.00202318443917, -0.00179571623448, 0.00308316922747, -0.00906008575112, 0.0237618740648, -0.00990245305002], [0.000172247106093, -0.00024929898791, -0.000339343125233, -0.00122114107944, -0.00038275346742, 0.000397790310672, 0.00173978472594, -0.00111563026439, 0.000590392271988, 0.00125046353787, 0.00258933147416, -0.00990245305002, 0.0190955717117]]
    sccoeffs:
        dmean: [0.0496206283569, 0.0453428141773, 0.0373334549367, 0.0298904348165, 0.0208981223404, 0.0172913521528]
        dmean2: [0.0813210234046, 0.0749970972538, 0.0617757700384, 0.0486772023141, 0.0339525640011, 0.0271156542003]
        dvar: [0.00165773287881, 0.00124418339692, 0.000865494075697, 0.000551781849936, 0.000287111615762, 0.000240710272919]
        dvar2: [0.00439180899411, 0.00332911382429, 0.00227357493713, 0.00141857203562, 0.000723842065781, 0.000552377954591]
        max: [-0.374470740557, -0.47791403532, -0.474457532167, -0.553444027901, -0.633192837238, -0.521542608738]
        mean: [-0.656097114086, -0.763540148735, -0.779227852821, -0.773505866528, -0.790621697903, -0.742453157902]
        median: [-0.660774469376, -0.766629576683, -0.783421814442, -0.778804659843, -0.79408878088, -0.739829540253]
        min: [-0.952567815781, -0.961052298546, -0.963451445103, -0.959165632725, -0.943795323372, -0.923168241978]
        var: [0.00573332933709, 0.0037487486843, 0.00320065952837, 0.00259549706243, 0.00120493944269, 0.00172246282455]
    scvalleys:
        dmean: [0.39350554347, 0.327109754086, 0.294624507427, 0.269475579262, 0.211978107691, 0.25842499733]
        dmean2: [0.641254842281, 0.538985550404, 0.482509613037, 0.431856483221, 0.332977831364, 0.392896533012]
        dvar: [0.129716262221, 0.0765746831894, 0.0637545660138, 0.05578853935, 0.0507516264915, 0.118926130235]
        dvar2: [0.296169310808, 0.189130797982, 0.149947434664, 0.123416624963, 0.107264041901, 0.26150098443]
        max: [-5.15161657333, -5.01223707199, -5.41772222519, -5.55097913742, -5.37862968445, -7.37897825241]
        mean: [-7.18435430527, -6.59820652008, -6.9008731842, -7.10451841354, -6.7964849472, -9.68555545807]
        median: [-6.89599084854, -6.40026950836, -6.68656682968, -6.89506053925, -6.45770788193, -9.38575935364]
        min: [-20.8506507874, -21.0301818848, -20.6823120117, -20.993183136, -20.0720462799, -21.6002101898]
        var: [1.56319797039, 0.93154835701, 1.01562821865, 0.975139737129, 1.16540372372, 1.56499099731]

rhythm:
    beats_loudness:
        dmean: 0.00193465233315
        dmean2: 0.00350932753645
        dvar: 2.93501693704e-006
        dvar2: 9.43068152992e-006
        max: 0.0162704158574
        mean: 0.00509348744527
        median: 0.00510656274855
        min: 4.66844840563e-010
        var: 6.60884825265e-006
    bpm: 139.936569214
    bpm_confidence: 0
    first_peak_bpm: 140
    first_peak_spread: 0.144554451108
    first_peak_weight: 0.815094351768
    onset_rate: 2.47442030907
    second_peak_bpm: 133
    second_peak_spread: 0.428571432829
    second_peak_weight: 0.0150943398476
    beats_loudness_band_ratio:
        dmean: [0.131227791309, 0.189206138253, 0.066130541265, 0.0911428406835, 0.127764314413, 0.0959013029933]
        dmean2: [0.243869483471, 0.363859534264, 0.117981471121, 0.15759062767, 0.226599574089, 0.170782521367]
        dvar: [0.00838256906718, 0.0163377504796, 0.00486933393404, 0.0111193340272, 0.0127657856792, 0.00871822889894]
        dvar2: [0.025327321142, 0.0510370545089, 0.0143903158605, 0.0291873086244, 0.0406746529043, 0.0277836900204]
        max: [0.728512644768, 0.567940354347, 0.608845233917, 0.812795102596, 0.768587529659, 0.763675034046]
        mean: [0.199496716261, 0.160588115454, 0.104363575578, 0.124317809939, 0.265246957541, 0.225741580129]
        median: [0.188481196761, 0.104172624648, 0.0815989002585, 0.0836894363165, 0.242389574647, 0.203600287437]
        min: [2.78841816908e-005, 0.000343778374372, 0.00424820790067, 0.004942888394, 0.0282246042043, 0.0244967415929]
        var: [0.017120745033, 0.0192834176123, 0.0057449862361, 0.0132131455466, 0.0196753162891, 0.0154548995197]
    beats_position: [0.452789098024, 0.917188167572, 1.369977355, 1.8111563921, 2.24072551727, 2.67029476166, 3.08825397491, 3.50621318817, 3.93578219414, 4.3653512001, 4.79492044449, 5.22448968887, 5.65405893326, 6.08362817764, 6.5015873909, 6.91954612732, 7.3491153717, 7.77868461609, 8.20825386047, 8.63782310486, 9.06739234924, 9.49696159363, 9.92653083801, 10.3560991287, 10.7856683731, 11.2152376175, 11.6331968307, 12.0627660751, 12.4923353195, 12.9219045639, 13.3514738083, 13.7810430527, 14.2106122971, 14.6401815414, 15.0697498322, 15.4877090454, 15.9172782898, 16.3468475342, 16.7764167786, 17.2059860229, 17.6355552673, 18.0651245117, 18.4946937561, 18.9242630005, 19.3538322449, 19.7834014893, 20.2013607025, 20.6309299469, 21.0604991913, 21.4900684357, 21.9196376801, 22.3492050171, 22.7787742615, 23.2083435059, 23.6379127502, 24.0674819946, 24.4854412079, 24.9150104523, 25.3445796967, 25.774148941, 26.2037181854, 26.6332874298, 27.0628566742, 27.4924259186, 27.921995163, 28.3515644073, 28.7811336517, 29.2107028961, 29.6286621094, 30.0582313538, 30.4878005981, 30.9173698425, 31.3469390869, 31.776506424, 32.2060775757, 32.6356468201, 33.0652160645, 33.4947853088, 33.9243545532, 34.3539237976, 34.783493042, 35.2130622864, 35.6426315308, 36.0722007751, 36.5017662048, 36.9313354492, 37.3609046936, 37.790473938, 38.2200431824, 38.638004303, 39.0559616089, 39.4855308533, 39.9151000977, 40.344669342, 40.7742385864, 41.2038078308, 41.6333770752, 42.0629463196, 42.492515564, 42.9220848083, 43.3516540527, 43.7812232971, 44.2107925415, 44.6403617859, 45.0699310303, 45.4995002747, 45.929069519, 46.3586387634, 46.7882080078, 47.2177772522, 47.6473464966, 48.0885238647, 48.5180931091, 48.9476623535, 49.3656234741, 49.78358078, 50.2131500244, 50.6427192688, 51.0606803894, 51.4902496338, 51.9198188782, 52.3377761841, 52.7673454285, 53.1969146729, 53.6264839172, 54.0560531616, 54.485622406, 54.9151916504, 55.3447608948, 55.7743301392, 56.2038993835, 56.6334686279, 57.0630378723, 57.4926071167, 57.9221763611, 58.3517456055, 58.7697029114, 59.1992721558, 59.6288414001, 60.0584106445, 60.4879798889, 60.9175491333, 61.3471183777, 61.7766876221, 62.2062568665, 62.6358261108, 63.0653953552, 63.4833564758, 63.9129257202, 64.3424911499, 64.772064209, 65.2016296387, 65.6312026978, 66.0607681274, 66.4903411865, 66.9199066162, 67.3378677368, 67.7674331665, 68.1970062256, 68.6265716553, 69.0561447144, 69.485710144, 69.9152832031, 70.3448486328, 70.7744216919, 71.2039871216, 71.6335601807, 72.0631256104, 72.4926986694, 72.9222640991, 73.3518371582, 73.7697982788, 74.1993637085, 74.6289291382, 75.0585021973, 75.488067627, 75.917640686, 76.3472061157, 76.7767791748, 77.2063446045, 77.6359176636, 78.0654830933, 78.4950561523, 78.924621582, 79.3541946411, 79.7837600708, 80.2133331299, 80.6428985596, 81.0724716187, 81.5020370483, 81.9316101074, 82.3611755371, 82.7907485962, 83.2203140259, 83.6382751465, 84.0562362671, 84.4858016968, 84.9153747559, 85.3449401855, 85.7745132446, 86.2040786743, 86.6336517334, 87.0632171631, 87.4927902222, 87.9223556519, 88.3519287109, 88.7814941406, 89.2110671997, 89.6406326294, 90.0702056885, 90.4881591797, 90.9177322388, 91.3472976685, 91.7768707275, 92.2064361572, 92.6360092163, 93.065574646, 93.4951477051, 93.9247131348, 94.3426742554, 94.7722396851, 95.2018127441, 95.6313781738, 96.0609512329, 96.4905166626, 96.9200897217, 97.3496551514, 97.7792282104, 98.2087936401, 98.6383666992, 99.0679321289, 99.497505188, 99.9270706177, 100.356643677, 100.774604797, 101.204170227, 101.633743286, 102.063308716, 102.492874146, 102.922447205, 103.352012634, 103.781585693, 104.211151123, 104.640724182, 105.070289612, 105.499862671, 105.929428101, 106.35900116, 106.788566589, 107.218139648, 107.647705078, 108.077278137, 108.506843567, 108.924804688, 109.354377747, 109.772331238, 110.201904297, 110.631469727, 111.061042786, 111.490608215, 111.920181274, 112.349746704, 112.779319763, 113.208885193, 113.638458252, 114.056411743, 114.474372864, 114.903945923, 115.333511353, 115.763084412, 116.192649841, 116.6222229, 117.05178833, 117.481361389, 117.910926819, 118.340499878, 118.770065308, 119.199638367, 119.629203796, 120.058776855, 120.488342285, 120.917915344, 121.347480774, 121.777046204, 122.206619263, 122.636184692, 123.065757751, 123.495323181, 123.92489624, 124.35446167, 124.784034729, 125.20199585, 125.631561279, 126.061134338, 126.490699768, 126.920272827, 127.349838257, 127.779411316, 128.208984375, 128.638549805, 129.056503296, 129.486068726, 129.915649414, 130.345214844, 130.774780273, 131.192733765, 131.622314453, 132.051879883, 132.469833374, 132.911010742, 133.340591431, 133.77015686, 134.19972229, 134.62928772, 135.058868408, 135.488433838, 135.917999268, 136.347564697, 136.777145386, 137.206710815, 137.636276245, 138.065841675, 138.495422363, 138.924987793, 139.354553223, 139.784118652, 140.213699341, 140.643264771, 141.0728302, 141.490783691, 141.92036438, 142.34992981, 142.779495239, 143.209060669, 143.638641357, 144.068206787, 144.497772217, 144.915740967, 145.345306396, 145.774871826, 146.204437256, 146.634017944, 147.063583374, 147.481536865, 147.911102295, 148.340682983, 148.781860352, 149.211425781, 149.652603149, 150.070556641, 150.500137329, 150.929702759, 151.359268188, 151.788833618, 152.218414307, 152.647979736, 153.112380981, 153.576782227, 154.041183472, 154.517181396, 154.969970703, 155.42276001, 155.875549316, 156.316726685, 156.769515991, 157.222305298, 157.686706543, 158.151107788, 158.603897095, 159.045074463, 159.486251831, 159.915817261, 160.345397949, 160.774963379, 161.204528809, 161.634094238, 162.052062988, 162.481628418, 162.911193848, 163.340774536, 163.770339966, 164.199905396, 164.629470825, 165.059051514, 165.488616943, 165.918182373, 166.347747803, 166.777328491, 167.206893921, 167.636459351, 168.06602478, 168.48399353, 168.91355896, 169.34312439, 169.772689819, 170.202270508, 170.631835938, 171.061401367, 171.490966797, 171.920547485, 172.350112915, 172.779678345, 173.197631836, 173.615600586, 174.056777954, 174.486343384, 174.915908813, 175.345489502, 175.775054932, 176.2162323, 176.634185791, 177.063766479, 177.493331909, 177.922897339, 178.352462769, 178.782043457, 179.211608887, 179.641174316, 180.070739746, 180.500320435, 180.918273926, 181.347839355, 181.777404785, 182.206985474, 182.636550903, 183.066116333, 183.495681763, 183.925262451, 184.354827881, 184.784393311, 185.21395874, 185.643539429, 186.049880981, 186.479446411, 186.9090271, 187.338592529, 187.768157959, 188.209335327, 188.638900757, 189.068481445, 189.486434937, 189.916000366, 190.345581055, 190.775146484, 191.204711914, 191.634277344, 192.052246094, 192.470199585, 192.911376953, 193.329345703, 193.770523071, 194.188476563, 194.618041992, 195.047622681, 195.488800049, 195.918365479, 196.347930908, 196.777496338, 197.207077026, 197.636642456, 198.054595947, 198.484161377, 198.913742065, 199.343307495, 199.772872925, 200.202438354, 200.632019043, 201.061584473, 201.491149902, 201.920715332, 202.350296021, 202.77986145, 203.197814941, 203.62739563, 204.05696106, 204.486526489, 204.916091919, 205.357269287, 205.786849976, 206.204803467, 206.634368896, 207.063934326, 207.493515015, 207.923080444, 208.352645874, 208.782211304, 209.211791992, 209.629745483, 210.059310913, 210.488891602, 210.918457031, 211.348022461, 211.777587891, 212.207168579, 212.636734009, 213.066299438, 213.495864868, 213.913833618, 214.343399048, 214.772964478, 215.202529907, 215.632110596, 216.061676025, 216.491241455, 216.920806885, 217.350387573, 217.779953003, 218.209518433, 218.639083862, 219.068664551, 219.49822998, 219.92779541, 220.35736084, 220.77532959, 221.20489502, 221.634460449, 222.075637817, 222.516815186, 222.958007813, 223.410797119, 223.851974487, 224.293151855, 224.676269531, 225.059402466, 225.4425354, 225.825668335, 226.220397949, 226.603530884, 226.998275757, 227.393005371, 227.787750244]
