
metadata:
    version:
        essentia: "2.1-beta2"
    audio_properties:
        analysis_sample_rate: 44100
        bitrate: 320
        channels: 2
        equal_loudness: 1
        length: 248.790206909
        replay_gain: -14.1756782532
        downmix: "mix"
    tags:
        album: "Twilight Of The Thunder God"
        artist: "Amon Amarth"
        comment: ""
        date: "2008"
        genre: "Melodic Death Metal"
        title: "Twilight Of The Thunder God"
        tracknumber: "1"

configuration:
    average_loudness:
        compute: 1
        frameSize: 88200
        hopSize: 44100
        silentFrames: "noise"
        windowType: "hann"
    general:
        analysisSampleRate: 44100
        endTime: 2000
        equalLoudness: 1
        nequalLoudness: 0
        shortSound: 0
        startTime: 0
    lowlevel:
        compute: 1
        frameSize: 2048
        hopSize: 1024
        zeroPadding: 0
        silentFrames: "noise"
        windowType: "blackmanharris62"
        mfccStats: ["mean", "cov", "icov"]
        stats: ["mean", "var", "median", "min", "max", "dmean", "dmean2", "dvar", "dvar2"]
    panning:
        compute: 0
        frameSize: 8192
        hopSize: 2048
        zeroPadding: 8192
        silentFrames: "noise"
        windowType: "hann"
        stats: ["copy"]
    rhythm:
        compute: 1
        maxTempo: 208
        minTempo: 40
        method: "degara"
        stats: ["mean", "var", "median", "min", "max", "dmean", "dmean2", "dvar", "dvar2"]
    segmentation:
        compute: 0
        cpw: 5
        inc1: 300
        inc2: 50
        minimumSegmentsLength: 10
        size1: 1000
        size2: 600
    sfx:
        compute: 1
        stats: ["mean", "var", "median", "min", "max", "dmean", "dmean2", "dvar", "dvar2"]
    svm:
        compute: 0
    tonal:
        compute: 1
        frameSize: 4096
        hopSize: 2048
        zeroPadding: 0
        silentFrames: "noise"
        windowType: "blackmanharris62"
        stats: ["mean", "var", "median", "min", "max", "dmean", "dmean2", "dvar", "dvar2"]

lowlevel:
    average_loudness: 0.957649946213
    barkbands_kurtosis:
        dmean: 0.449803173542
        dmean2: 0.716951549053
        dvar: 1.98851799965
        dvar2: 4.20540857315
        max: 36.4053497314
        mean: -0.975909352303
        median: -1.29631567001
        min: -1.82174527645
        var: 2.80318522453
    barkbands_skewness:
        dmean: 0.321925699711
        dmean2: 0.50713956356
        dvar: 0.119366250932
        dvar2: 0.231651261449
        max: 5.67717933655
        mean: 0.00620024558157
        median: -0.042236238718
        min: -2.53221321106
        var: 0.381431162357
    barkbands_spread:
        dmean: 5.35500669479
        dmean2: 8.79122829437
        dvar: 21.8832473755
        dvar2: 54.4836654663
        max: 67.3502120972
        mean: 35.7445869446
        median: 35.9976577759
        min: 4.10343742371
        var: 57.7115249634
    dissonance:
        dmean: 0.00950217433274
        dmean2: 0.0162880420685
        dvar: 8.46755356179e-005
        dvar2: 0.000238702326897
        max: 0.500000119209
        mean: 0.485832720995
        median: 0.488200724125
        min: 0.326277166605
        var: 0.000115147253382
    hfc:
        dmean: 2.21183753014
        dmean2: 3.71080946922
        dvar: 5.700735569
        dvar2: 15.1293983459
        max: 31.056760788
        mean: 9.20933151245
        median: 9.26716423035
        min: 1.07544927812e-016
        var: 20.4176750183
    pitch:
        dmean: 959.526855469
        dmean2: 1848.4609375
        dvar: 1838284
        dvar2: 4556244.5
        max: 4511.65869141
        mean: 984.010803223
        median: 282.586578369
        min: 52.0283546448
        var: 1760085.5
    pitch_instantaneous_confidence:
        dmean: 0.0633433461189
        dmean2: 0.105356708169
        dvar: 0.00366425444372
        dvar2: 0.00896326266229
        max: 0.899216592312
        mean: 0.261416524649
        median: 0.230802029371
        min: 0.0880529880524
        var: 0.012241656892
    pitch_salience:
        dmean: 0.0501645170152
        dmean2: 0.0837730765343
        dvar: 0.0021414377261
        dvar2: 0.00531911896542
        max: 0.968503713608
        mean: 0.711173593998
        median: 0.726911067963
        min: 0.183602467179
        var: 0.00536166224629
    silence_rate_20dB:
        dmean: 0
        dmean2: 0
        dvar: 0
        dvar2: 0
        max: 1
        mean: 1
        median: 1
        min: 1
        var: 0
    silence_rate_30dB:
        dmean: 0
        dmean2: 0
        dvar: 0
        dvar2: 0
        max: 1
        mean: 1
        median: 1
        min: 1
        var: 0
    silence_rate_60dB:
        dmean: 0.0530098006129
        dmean2: 0.106029495597
        dvar: 0.0501975119114
        dvar2: 0.118671782315
        max: 1
        mean: 0.161907434464
        median: 0
        min: 0
        var: 0.135694682598
    spectral_centroid:
        dmean: 238.866943359
        dmean2: 389.551940918
        dvar: 54314
        dvar2: 119500.796875
        max: 11717.7304688
        mean: 1741.52575684
        median: 1699.52124023
        min: 189.203033447
        var: 724704.125
    spectral_complexity:
        dmean: 4.43397092819
        dmean2: 7.14019060135
        dvar: 15.216594696
        dvar2: 37.4380111694
        max: 48
        mean: 21.8371601105
        median: 23
        min: 0
        var: 100.937210083
    spectral_crest:
        dmean: 1.49239242077
        dmean2: 2.50032114983
        dvar: 2.04362511635
        dvar2: 5.14830493927
        max: 19.6865139008
        mean: 4.99826145172
        median: 4.3874669075
        min: 2.00038051605
        var: 4.48771858215
    spectral_decrease:
        dmean: 2.90972468342e-010
        dmean2: 4.87745288602e-010
        dvar: 1.3687289095e-019
        dvar2: 3.7122816406e-019
        max: 1.36340191882e-028
        mean: -1.22397025848e-009
        median: -1.18365450774e-009
        min: -4.07329192598e-009
        var: 3.3266428012e-019
    spectral_energy:
        dmean: 0.0012596443994
        dmean2: 0.00211174204014
        dvar: 2.49581285061e-006
        dvar2: 6.73427894071e-006
        max: 0.0173141248524
        mean: 0.00545486109331
        median: 0.00533151067793
        min: 9.89526439994e-021
        var: 6.49979847367e-006
    spectral_energyband_high:
        dmean: 0.000203482108191
        dmean2: 0.000354236079147
        dvar: 5.45114993145e-008
        dvar2: 1.4821290506e-007
        max: 0.00267891678959
        mean: 0.000478554691654
        median: 0.000435690104496
        min: 6.99085151571e-021
        var: 9.30496639739e-008
    spectral_energyband_low:
        dmean: 0.000344648957253
        dmean2: 0.000585203873925
        dvar: 1.17607818595e-007
        dvar2: 3.1685817703e-007
        max: 0.00415718182921
        mean: 0.00058917485876
        median: 0.000493838335387
        min: 1.51071959391e-023
        var: 1.77590010253e-007
    spectral_energyband_middle_high:
        dmean: 0.000582184817176
        dmean2: 0.000929207075387
        dvar: 3.21812791526e-007
        dvar2: 8.15432827039e-007
        max: 0.00836627930403
        mean: 0.00269936607219
        median: 0.00260731717572
        min: 1.11604022098e-021
        var: 2.01264469979e-006
    spectral_energyband_middle_low:
        dmean: 0.000789029872976
        dmean2: 0.00134883983992
        dvar: 1.21856282931e-006
        dvar2: 3.41103327628e-006
        max: 0.0112435277551
        mean: 0.00186441605911
        median: 0.00158745865338
        min: 1.59486962704e-022
        var: 1.64037578543e-006
    spectral_flatness_db:
        dmean: 0.0110408188775
        dmean2: 0.0177336540073
        dvar: 0.000117235569633
        dvar2: 0.000256708590314
        max: 0.391288757324
        mean: 0.121519766748
        median: 0.116631299257
        min: 0.0525121428072
        var: 0.000627523520961
    spectral_flux:
        dmean: 0.00683902250603
        dmean2: 0.0108116921037
        dvar: 5.85520538152e-005
        dvar2: 0.000120735508972
        max: 0.105121091008
        mean: 0.0452122464776
        median: 0.0455953553319
        min: 6.35735838972e-011
        var: 0.000235118204728
    spectral_kurtosis:
        dmean: 1.02010631561
        dmean2: 1.74758458138
        dvar: 1.42409682274
        dvar2: 3.96951174736
        max: 30.7955608368
        mean: 3.18450713158
        median: 2.93683815002
        min: -1.24911749363
        var: 2.50238442421
    spectral_rms:
        dmean: 0.000252222991548
        dmean2: 0.000414341542637
        dvar: 7.61625429391e-008
        dvar2: 2.00803000894e-007
        max: 0.00410996703431
        mean: 0.00221952912398
        median: 0.00228067394346
        min: 3.10707514405e-012
        var: 3.95488797267e-007
    spectral_rolloff:
        dmean: 326.861206055
        dmean2: 535.389648438
        dvar: 177700.5625
        dvar2: 352168.375
        max: 19422.9492188
        mean: 3477.80517578
        median: 3488.37890625
        min: 150.732421875
        var: 1915926.5
    spectral_skewness:
        dmean: 0.162437587976
        dmean2: 0.272030293941
        dvar: 0.0236228276044
        dvar2: 0.0610031969845
        max: 3.66528749466
        mean: 1.24601531029
        median: 1.24044418335
        min: -0.0764491856098
        var: 0.0668931752443
    spectral_spread:
        dmean: 424387.875
        dmean2: 692286.0625
        dvar: 334349991936
        dvar2: 701141155840
        max: 42330460
        mean: 4561502.5
        median: 4318567
        min: 1732928.75
        var: 9.38059340186e+012
    spectral_strongpeak:
        dmean: 0.290072113276
        dmean2: 0.511505544186
        dvar: 0.261228859425
        dvar2: 0.714209496975
        max: 7.99324941635
        mean: 0.363796085119
        median: 0.176719605923
        min: 4.2810661266e-011
        var: 0.338072448969
    zerocrossingrate:
        dmean: 0.00708119478077
        dmean2: 0.00901693291962
        dvar: 5.72243370698e-005
        dvar2: 7.000577898e-005
        max: 0.51953125
        mean: 0.100570581853
        median: 0.099609375
        min: 0.00927734375
        var: 0.00135106558446
    barkbands:
        dmean: [5.59146258183e-007, 0.000132456567371, 0.000208863508306, 0.000252788275247, 0.000418107112637, 0.000188292178791, 0.000142324570334, 0.000108527878183, 0.000163427219377, 0.000147197803017, 0.000109216300189, 0.000105791499664, 9.17163924896e-005, 8.16068713902e-005, 7.74891450419e-005, 0.000118825118989, 0.000157098038471, 0.000142524135299, 0.000209839054151, 0.000145233323565, 9.86874219961e-005, 4.09893218603e-005, 8.72485452419e-006, 1.92533320842e-006, 7.20376078789e-007, 2.16509281614e-008, 3.19668957971e-010]
        dmean2: [9.56357325776e-007, 0.000230954770814, 0.000354772346327, 0.000445260637207, 0.000735378067475, 0.000318246136885, 0.000237954358454, 0.000181642913958, 0.000270382413873, 0.000243575981585, 0.000178825372132, 0.000173242064193, 0.00015394865477, 0.000135631780722, 0.000130501633976, 0.000200789392693, 0.000265943002887, 0.000237186526647, 0.000356807664502, 0.000246673764195, 0.000171389139723, 7.29184466763e-005, 1.55826564878e-005, 3.32752733812e-006, 1.20635468193e-006, 3.48896342928e-008, 5.50360312879e-010]
        dvar: [2.99892001423e-013, 2.063394966e-008, 4.82536073321e-008, 1.47829084085e-007, 4.70835715305e-007, 6.92703210348e-008, 4.29839133176e-008, 2.71138134167e-008, 5.91755231483e-008, 5.6865602005e-008, 3.87340541863e-008, 3.11964747368e-008, 1.81419093082e-008, 1.22718848417e-008, 1.10969740064e-008, 1.99162091263e-008, 3.40700516688e-008, 3.15121866379e-008, 4.91868767938e-008, 2.39047892592e-008, 1.27319932375e-008, 2.91349810944e-009, 1.32606370329e-010, 7.13116154669e-012, 1.08944125422e-012, 1.80868173425e-015, 1.38072832751e-019]
        dvar2: [8.28822524935e-013, 5.6683983729e-008, 1.28673605104e-007, 4.19134920548e-007, 1.34058427648e-006, 1.86575192629e-007, 1.10936703379e-007, 7.31330871417e-008, 1.61752410577e-007, 1.58136245432e-007, 9.306755544e-008, 7.87083536125e-008, 4.69706975537e-008, 3.08826670903e-008, 3.05961442848e-008, 5.5526317766e-008, 8.96183678378e-008, 7.72676216343e-008, 1.35727972861e-007, 6.67462458637e-008, 3.50293163365e-008, 7.97806265496e-009, 3.50276224692e-010, 1.82309289193e-011, 2.63426368392e-012, 4.13414377533e-015, 3.88239960538e-019]
        max: [4.74676971862e-006, 0.00122490420472, 0.00252776849084, 0.0044867945835, 0.00635997252539, 0.00388702563941, 0.00326755014248, 0.00301241083071, 0.00370803219266, 0.00406968872994, 0.00314861652441, 0.00335373263806, 0.00201322743669, 0.0035133427009, 0.00236431742087, 0.00283864093944, 0.00651757605374, 0.00571011891589, 0.0040509509854, 0.0019161074888, 0.00128049217165, 0.000635261530988, 0.000128017592942, 4.6423952881e-005, 1.99430287466e-005, 1.33290109261e-006, 5.89591042655e-009]
        mean: [7.5816296885e-007, 0.000164869677974, 0.000289075716864, 0.000278888794128, 0.00053372408729, 0.000289152463665, 0.000223759634537, 0.000171879786649, 0.000293274351861, 0.000247920484981, 0.000175653549377, 0.000188944250112, 0.000163300122949, 0.000158646813361, 0.000156533729751, 0.000256736413576, 0.000357062235707, 0.000339808786521, 0.000496762397233, 0.000368477281881, 0.000214533050894, 6.84385522618e-005, 1.17549816423e-005, 3.46365368387e-006, 1.40451413699e-006, 4.18571843852e-008, 4.88848961311e-010]
        median: [6.08749019193e-007, 0.000126089173136, 0.000210237602005, 0.00016437767772, 0.000348305824446, 0.00019716200768, 0.000143811746966, 0.000100763485534, 0.000174060885911, 0.000129138556076, 7.73811188992e-005, 9.68080421444e-005, 0.000103626181954, 0.000119197793538, 0.000121990582556, 0.000217989756493, 0.000318547186907, 0.000285446003545, 0.000454439839814, 0.000340145954397, 0.000190167571418, 5.49982723896e-005, 8.16213469079e-006, 2.56285329669e-006, 1.04351579466e-006, 2.88237007595e-008, 3.52388312974e-010]
        min: [1.05845037249e-024, 2.59808104805e-024, 3.69684896742e-025, 2.72476520689e-024, 7.22184882676e-024, 7.18376735542e-024, 6.66389381938e-024, 5.34547019406e-024, 1.32073987872e-023, 6.24649094835e-024, 1.34148289733e-023, 2.2968919034e-023, 2.63112674691e-023, 4.43956654853e-023, 5.44522410099e-023, 5.85127983899e-023, 5.69926886691e-023, 6.85278672091e-023, 1.25534515561e-022, 1.41873137572e-022, 2.07383062772e-022, 3.39713646586e-022, 3.67193773991e-022, 6.03430175367e-022, 7.38828544578e-022, 1.41828204055e-021, 1.97080122831e-021]
        var: [4.21396370489e-013, 2.06656718404e-008, 7.36645304755e-008, 1.28139305389e-007, 3.93349381511e-007, 1.00226714039e-007, 7.09493903628e-008, 4.89979541385e-008, 1.25681893337e-007, 1.11149297766e-007, 8.2669608048e-008, 7.48670814232e-008, 3.44370612027e-008, 2.54327616744e-008, 2.24885621236e-008, 3.77790989603e-008, 6.10275066038e-008, 7.88885543557e-008, 1.02350718123e-007, 5.28423669266e-008, 2.09114805472e-008, 3.24953042252e-009, 1.51466464371e-010, 1.32534677677e-011, 2.21613938138e-012, 3.74949891421e-015, 2.33632407727e-019]
    frequency_bands:
        dmean: [5.59146258183e-007, 0.000132456567371, 0.000208863508306, 0.000252788275247, 0.000418107112637, 0.000188292178791, 0.000142324570334, 0.000108527878183, 0.000163427219377, 0.000147197803017, 0.000109216300189, 0.000105791499664, 9.17163924896e-005, 8.16068713902e-005, 7.74891450419e-005, 0.000118825118989, 0.000157098038471, 0.000142524135299, 0.000209839054151, 0.000145233323565, 9.86874219961e-005, 4.09893218603e-005, 8.72485452419e-006, 1.92533320842e-006, 7.20376078789e-007, 2.16509281614e-008, 3.19668957971e-010, 6.54299531222e-011]
        dmean2: [9.56357325776e-007, 0.000230954770814, 0.000354772346327, 0.000445260637207, 0.000735378067475, 0.000318246136885, 0.000237954358454, 0.000181642913958, 0.000270382413873, 0.000243575981585, 0.000178825372132, 0.000173242064193, 0.00015394865477, 0.000135631780722, 0.000130501633976, 0.000200789392693, 0.000265943002887, 0.000237186526647, 0.000356807664502, 0.000246673764195, 0.000171389139723, 7.29184466763e-005, 1.55826564878e-005, 3.32752733812e-006, 1.20635468193e-006, 3.48896342928e-008, 5.50360312879e-010, 1.21472651382e-010]
        dvar: [2.99892001423e-013, 2.063394966e-008, 4.82536073321e-008, 1.47829084085e-007, 4.70835715305e-007, 6.92703210348e-008, 4.29839133176e-008, 2.71138134167e-008, 5.91755231483e-008, 5.6865602005e-008, 3.87340541863e-008, 3.11964747368e-008, 1.81419093082e-008, 1.22718848417e-008, 1.10969740064e-008, 1.99162091263e-008, 3.40700516688e-008, 3.15121866379e-008, 4.91868767938e-008, 2.39047892592e-008, 1.27319932375e-008, 2.91349810944e-009, 1.32606370329e-010, 7.13116154669e-012, 1.08944125422e-012, 1.80868173425e-015, 1.38072832751e-019, 8.07129560634e-021]
        dvar2: [8.28822524935e-013, 5.6683983729e-008, 1.28673605104e-007, 4.19134920548e-007, 1.34058427648e-006, 1.86575192629e-007, 1.10936703379e-007, 7.31330871417e-008, 1.61752410577e-007, 1.58136245432e-007, 9.306755544e-008, 7.87083536125e-008, 4.69706975537e-008, 3.08826670903e-008, 3.05961442848e-008, 5.5526317766e-008, 8.96183678378e-008, 7.72676216343e-008, 1.35727972861e-007, 6.67462458637e-008, 3.50293163365e-008, 7.97806265496e-009, 3.50276224692e-010, 1.82309289193e-011, 2.63426368392e-012, 4.13414377533e-015, 3.88239960538e-019, 2.57253332063e-020]
        max: [4.74676971862e-006, 0.00122490420472, 0.00252776849084, 0.0044867945835, 0.00635997252539, 0.00388702563941, 0.00326755014248, 0.00301241083071, 0.00370803219266, 0.00406968872994, 0.00314861652441, 0.00335373263806, 0.00201322743669, 0.0035133427009, 0.00236431742087, 0.00283864093944, 0.00651757605374, 0.00571011891589, 0.0040509509854, 0.0019161074888, 0.00128049217165, 0.000635261530988, 0.000128017592942, 4.6423952881e-005, 1.99430287466e-005, 1.33290109261e-006, 5.89591042655e-009, 1.21224408289e-009]
        mean: [7.5816296885e-007, 0.000164869677974, 0.000289075716864, 0.000278888794128, 0.00053372408729, 0.000289152463665, 0.000223759634537, 0.000171879786649, 0.000293274351861, 0.000247920484981, 0.000175653549377, 0.000188944250112, 0.000163300122949, 0.000158646813361, 0.000156533729751, 0.000256736413576, 0.000357062235707, 0.000339808786521, 0.000496762397233, 0.000368477281881, 0.000214533050894, 6.84385522618e-005, 1.17549816423e-005, 3.46365368387e-006, 1.40451413699e-006, 4.18571843852e-008, 4.88848961311e-010, 5.09343782429e-011]
        median: [6.08749019193e-007, 0.000126089173136, 0.000210237602005, 0.00016437767772, 0.000348305824446, 0.00019716200768, 0.000143811746966, 0.000100763485534, 0.000174060885911, 0.000129138556076, 7.73811188992e-005, 9.68080421444e-005, 0.000103626181954, 0.000119197793538, 0.000121990582556, 0.000217989756493, 0.000318547186907, 0.000285446003545, 0.000454439839814, 0.000340145954397, 0.000190167571418, 5.49982723896e-005, 8.16213469079e-006, 2.56285329669e-006, 1.04351579466e-006, 2.88237007595e-008, 3.52388312974e-010, 1.98918867489e-011]
        min: [1.05845037249e-024, 2.59808104805e-024, 3.69684896742e-025, 2.72476520689e-024, 7.22184882676e-024, 7.18376735542e-024, 6.66389381938e-024, 5.34547019406e-024, 1.32073987872e-023, 6.24649094835e-024, 1.34148289733e-023, 2.2968919034e-023, 2.63112674691e-023, 4.43956654853e-023, 5.44522410099e-023, 5.85127983899e-023, 5.69926886691e-023, 6.85278672091e-023, 1.25534515561e-022, 1.41873137572e-022, 2.07383062772e-022, 3.39713646586e-022, 3.67193773991e-022, 6.03430175367e-022, 7.38828544578e-022, 1.41828204055e-021, 1.97080122831e-021, 5.09946497784e-022]
        var: [4.21396370489e-013, 2.06656718404e-008, 7.36645304755e-008, 1.28139305389e-007, 3.93349381511e-007, 1.00226714039e-007, 7.09493903628e-008, 4.89979541385e-008, 1.25681893337e-007, 1.11149297766e-007, 8.2669608048e-008, 7.48670814232e-008, 3.44370612027e-008, 2.54327616744e-008, 2.24885621236e-008, 3.77790989603e-008, 6.10275066038e-008, 7.88885543557e-008, 1.02350718123e-007, 5.28423669266e-008, 2.09114805472e-008, 3.24953042252e-009, 1.51466464371e-010, 1.32534677677e-011, 2.21613938138e-012, 3.74949891421e-015, 2.33632407727e-019, 6.54081760266e-021]
    mfcc:
        mean: [-684.193847656, 108.05418396, -51.2860450745, 53.9479789734, -16.2035140991, 1.59100985527, 1.02767419815, -1.3192293644, 1.86894071102, -4.6084895134, -3.04089403152, -3.91765022278, -4.0269985199]
        cov: [[6608.82519531, 846.213256836, -447.584655762, 477.241485596, -327.392028809, 91.802116394, -56.5521278381, 18.5148048401, 5.74214029312, 10.8832426071, -8.49471378326, -11.819683075, -33.1122970581], [846.213256836, 560.409912109, -216.283203125, 174.841400146, -56.3705825806, -6.99167490005, 13.1360607147, -14.1903038025, 35.1324806213, -31.6177577972, -2.67368960381, -13.7771348953, -8.47578525543], [-447.584655762, -216.283203125, 291.759857178, -56.1179351807, 63.9221611023, 17.2666187286, -20.9769802094, 20.7943401337, -24.1524200439, 18.0360107422, -11.6745462418, 3.78354120255, 2.76684045792], [477.241485596, 174.841400146, -56.1179351807, 186.15788269, 14.4176130295, 31.0595569611, -4.9370007515, -7.66790342331, 14.8176374435, -3.26900219917, 5.00790214539, -11.8729486465, -7.0698094368], [-327.392028809, -56.3705825806, 63.9221611023, 14.4176130295, 105.701622009, 26.3250675201, 3.53760504723, -15.2737178802, -17.2304573059, 5.7521033287, 3.47972750664, -2.442309618, -0.173311367631], [91.802116394, -6.99167490005, 17.2666187286, 31.0595569611, 26.3250675201, 70.5506668091, 17.9756183624, 8.78781986237, -3.28244638443, 9.01235294342, 10.2603874207, 6.33805942535, 3.98053908348], [-56.5521278381, 13.1360607147, -20.9769802094, -4.9370007515, 3.53760504723, 17.9756183624, 72.8252487183, 38.1541023254, 9.17776966095, -8.50366783142, 0.412884652615, 2.81475043297, 3.75881695747], [18.5148048401, -14.1903038025, 20.7943401337, -7.66790342331, -15.2737178802, 8.78781986237, 38.1541023254, 71.1412658691, 23.6115970612, 5.99210643768, -4.05344724655, 3.66956996918, 3.91082859039], [5.74214029312, 35.1324806213, -24.1524200439, 14.8176374435, -17.2304573059, -3.28244638443, 9.17776966095, 23.6115970612, 61.4480285645, 20.7173709869, 7.09879255295, -1.5014705658, -1.93507480621], [10.8832426071, -31.6177577972, 18.0360107422, -3.26900219917, 5.7521033287, 9.01235294342, -8.50366783142, 5.99210643768, 20.7173709869, 53.9375, 22.548664093, 7.44751358032, -2.829007864], [-8.49471378326, -2.67368960381, -11.6745462418, 5.00790214539, 3.47972750664, 10.2603874207, 0.412884652615, -4.05344724655, 7.09879255295, 22.548664093, 43.9891052246, 19.1141052246, 6.53950452805], [-11.819683075, -13.7771348953, 3.78354120255, -11.8729486465, -2.442309618, 6.33805942535, 2.81475043297, 3.66956996918, -1.5014705658, 7.44751358032, 19.1141052246, 42.1487503052, 20.6052913666], [-33.1122970581, -8.47578525543, 2.76684045792, -7.0698094368, -0.173311367631, 3.98053908348, 3.75881695747, 3.91082859039, -1.93507480621, -2.829007864, 6.53950452805, 20.6052913666, 41.066783905]]
        icov: [[0.000294083554763, -0.000199657151825, 0.000169562961673, -0.000595964898821, 0.00100940442644, -0.000542194582522, 0.000343214895111, -0.000316027144436, 0.00079365586862, -0.000650377303828, 0.000413861998823, -0.000128650121042, 0.000128627434606], [-0.000199657151825, 0.00377110042609, 0.00145508302376, -0.0026729805395, 0.000405729573686, 0.00114754098468, -0.00102029147092, 0.000988964806311, -0.00156688352581, 0.00166442559566, 0.000235373096075, -0.000407035026001, 0.000156400754349], [0.000169562961673, 0.00145508302376, 0.0065508573316, 0.000204183088499, -0.00290338834748, -0.0012094307458, 0.00433050701395, -0.0048801144585, 0.00219685165212, -0.00140816299245, 0.00253314082511, -0.0007758353604, 0.000196578504983], [-0.000595964898821, -0.0026729805395, 0.000204183088499, 0.0110417911783, -0.00474737258628, -0.0036932786461, 0.00307339662686, -0.000900593411643, -0.00321900704876, 0.00274350866675, -0.00240877573378, 0.00265566282906, 8.57412815094e-005], [0.00100940442644, 0.000405729573686, -0.00290338834748, -0.00474737258628, 0.0182206630707, -0.0044261161238, -0.00439453357831, 0.00591923529282, 0.00421923724934, -0.00409741001204, 0.00102257635444, 0.00141271401662, -0.000334711308824], [-0.000542194582522, 0.00114754098468, -0.0012094307458, -0.0036932786461, -0.0044261161238, 0.0212660897523, -0.00660689594224, -0.000119663411169, 0.00185569003224, -0.00261195539497, -0.00267453375272, -0.0013904243242, -0.00118745828513], [0.000343214895111, -0.00102029147092, 0.00433050701395, 0.00307339662686, -0.00439453357831, -0.00660689594224, 0.0269702188671, -0.0167668219656, 0.000417892588302, 0.00682567525655, -0.00296292593703, 0.000388821703382, 0.00082011858467], [-0.000316027144436, 0.000988964806311, -0.0048801144585, -0.000900593411643, 0.00591923529282, -0.000119663411169, -0.0167668219656, 0.0297724492848, -0.00930307712406, -0.002794617787, 0.00539875542745, -0.00224159820937, -0.00150682695676], [0.00079365586862, -0.00156688352581, 0.00219685165212, -0.00321900704876, 0.00421923724934, 0.00185569003224, 0.000417892588302, -0.00930307712406, 0.0279074441642, -0.0129956267774, 0.000423219928052, 0.00282689649612, -0.000766039127484], [-0.000650377303828, 0.00166442559566, -0.00140816299245, 0.00274350866675, -0.00409741001204, -0.00261195539497, 0.00682567525655, -0.002794617787, -0.0129956267774, 0.0346650108695, -0.0163458082825, -0.000319471902912, 0.00480242446065], [0.000413861998823, 0.000235373096075, 0.00253314082511, -0.00240877573378, 0.00102257635444, -0.00267453375272, -0.00296292593703, 0.00539875542745, 0.000423219928052, -0.0163458082825, 0.0400269329548, -0.0159349814057, 0.000332932657329], [-0.000128650121042, -0.000407035026001, -0.0007758353604, 0.00265566282906, 0.00141271401662, -0.0013904243242, 0.000388821703382, -0.00224159820937, 0.00282689649612, -0.000319471902912, -0.0159349814057, 0.0405585020781, -0.0170612372458], [0.000128627434606, 0.000156400754349, 0.000196578504983, 8.57412815094e-005, -0.000334711308824, -0.00118745828513, 0.00082011858467, -0.00150682695676, -0.000766039127484, 0.00480242446065, 0.000332932657329, -0.0170612372458, 0.0334724113345]]
    sccoeffs:
        dmean: [0.0572197213769, 0.0472796671093, 0.0377964712679, 0.0268044397235, 0.0174307283014, 0.0179015360773]
        dmean2: [0.0973707363009, 0.0803554654121, 0.0640167295933, 0.0454394295812, 0.0296349246055, 0.0291135273874]
        dvar: [0.00208356231451, 0.0013575265184, 0.000901788647752, 0.000451838772278, 0.000184808508493, 0.000231501748203]
        dvar2: [0.00594961689785, 0.00391252245754, 0.00256991293281, 0.00129014346749, 0.000521664565895, 0.000563201901969]
        max: [-0.388990551233, -0.570186138153, -0.58155143261, -0.55840086937, -0.660203099251, -0.59463095665]
        mean: [-0.688471913338, -0.781141757965, -0.798322737217, -0.812676727772, -0.811791062355, -0.727166175842]
        median: [-0.690553307533, -0.783399820328, -0.801633119583, -0.81398922205, -0.811838388443, -0.726390838623]
        min: [-0.986020207405, -0.977274417877, -0.977196335793, -0.968723058701, -0.966617703438, -0.964345753193]
        var: [0.00467049935833, 0.00303197419271, 0.00251284684055, 0.00126153894234, 0.000651150301564, 0.00149382441305]
    scvalleys:
        dmean: [0.377751111984, 0.341316819191, 0.297994196415, 0.232312917709, 0.204111903906, 0.322480022907]
        dmean2: [0.643749892712, 0.573912858963, 0.483927369118, 0.373345434666, 0.323778092861, 0.523561000824]
        dvar: [0.0996839180589, 0.0867923051119, 0.0719918161631, 0.0544756986201, 0.0534410141408, 0.123938404024]
        dvar2: [0.263279736042, 0.208218976855, 0.15330773592, 0.10281457752, 0.0932064130902, 0.279260486364]
        max: [-5.0712428093, -4.69360876083, -4.90218019485, -5.50472021103, -5.59271097183, -8.09486865997]
        mean: [-6.56184434891, -6.40997314453, -6.63821411133, -6.85759592056, -6.78907251358, -9.75127029419]
        median: [-6.22109508514, -6.09549236298, -6.39733505249, -6.55002689362, -6.44927406311, -9.33734703064]
        min: [-28.255033493, -28.0492591858, -28.0556201935, -27.7594051361, -27.4908466339, -27.3802871704]
        var: [4.2008228302, 4.19432258606, 4.02091217041, 3.93080735207, 3.96062397957, 3.5655875206]

rhythm:
    beats_loudness:
        dmean: 0.00149296491873
        dmean2: 0.00260596582666
        dvar: 1.44919897593e-006
        dvar2: 4.55569033875e-006
        max: 0.0104659246281
        mean: 0.00578501727432
        median: 0.00584651483223
        min: 0
        var: 4.75177330372e-006
    bpm: 95.5069274902
    bpm_confidence: 0
    first_peak_bpm: 96
    first_peak_spread: 0.166180744767
    first_peak_weight: 0.697560966015
    onset_rate: 2.45186519623
    second_peak_bpm: 126
    second_peak_spread: 0.508771896362
    second_peak_weight: 0.0682926848531
    beats_loudness_band_ratio:
        dmean: [0.0819090381265, 0.0752642527223, 0.0766268149018, 0.0713776648045, 0.0581282228231, 0.0562415644526]
        dmean2: [0.142148405313, 0.133552789688, 0.133907333016, 0.127517402172, 0.101692974567, 0.0979611799121]
        dvar: [0.00406164629385, 0.00442603509873, 0.00472135841846, 0.00437283935025, 0.00276112719439, 0.00229679048061]
        dvar2: [0.0125664379448, 0.0118654966354, 0.014368167147, 0.0124086495489, 0.00727514456958, 0.00682807154953]
        max: [0.492060512304, 0.531723022461, 0.458819746971, 0.697362780571, 0.530567765236, 0.45456725359]
        mean: [0.161744982004, 0.125535622239, 0.14528606832, 0.148967429996, 0.243122681975, 0.207054123282]
        median: [0.15042231977, 0.103888310492, 0.127163872123, 0.132545918226, 0.233817398548, 0.203829720616]
        min: [0, 0, 0, 0, 0, 0]
        var: [0.00699195032939, 0.00609121844172, 0.00666533829644, 0.00610339827836, 0.00461331708357, 0.00356204109266]
    beats_position: [0.476009070873, 0.9287981987, 1.39319729805, 1.8575963974, 2.32199549675, 2.7863945961, 3.26240348816, 3.73841261864, 4.20281171799, 4.66721057892, 5.14321994781, 5.61922883987, 6.08362817764, 6.5596370697, 7.03564596176, 7.50004529953, 7.96444416046, 8.44045352936, 8.91646194458, 9.39247131348, 9.85687065125, 10.3328800201, 10.7972784042, 11.2732877731, 11.749297142, 12.2136955261, 12.6780948639, 13.1424942017, 13.6185035706, 14.0945119858, 14.5705213547, 15.0465307236, 15.5109291077, 15.9869384766, 16.4629478455, 16.9273471832, 17.391746521, 17.8677539825, 18.3437633514, 18.8197727203, 19.4467124939, 20.0736503601, 20.7005901337, 21.3275279999, 21.9660758972, 22.5930156708, 23.219953537, 23.8468933105, 24.4738311768, 25.1007709503, 25.7277088165, 26.3546485901, 26.9815864563, 27.6085262299, 28.2354640961, 28.8624038696, 29.4893417358, 30.1162815094, 30.7432193756, 31.3701572418, 32.0087051392, 32.6472549438, 33.2741928101, 33.901134491, 34.5280723572, 35.1550102234, 35.7819480896, 36.4088897705, 37.0358276367, 37.6627655029, 38.2897033691, 38.91664505, 39.5435829163, 40.1705207825, 40.7974586487, 41.4243965149, 42.0513381958, 42.678276062, 43.3052139282, 43.9321517944, 44.5590934753, 45.1976394653, 45.83618927, 46.4631271362, 47.0900688171, 47.7170066833, 48.3323364258, 48.959274292, 49.5978240967, 50.2247619629, 50.8516998291, 51.4786376953, 52.1171875, 52.7557373047, 53.3826751709, 54.0096130371, 54.6365509033, 55.2634925842, 55.8904304504, 56.5173683167, 57.1443061829, 57.7712478638, 58.39818573, 59.0251235962, 59.6520614624, 60.2789993286, 60.9059410095, 61.5328788757, 62.1598167419, 62.7867546082, 63.4253044128, 64.0522460938, 64.6907958984, 65.3177337646, 65.9446716309, 66.5716094971, 67.1985473633, 67.8254852295, 68.4524230957, 69.0793609619, 69.7062988281, 70.3332443237, 70.9601821899, 71.5871200562, 72.2140579224, 72.8526077271, 73.4911575317, 74.1180953979, 74.7450332642, 75.3719711304, 75.9872970581, 76.6026306152, 77.2295684814, 77.8565063477, 78.4834442139, 79.1103820801, 79.7373199463, 80.3642578125, 80.9912033081, 81.6297454834, 82.2682952881, 82.8952331543, 83.5221786499, 84.1491165161, 84.7760543823, 85.4029922485, 86.0299301147, 86.656867981, 87.2838058472, 87.9107437134, 88.537689209, 89.1762313843, 89.814781189, 90.4417190552, 91.0686569214, 91.695602417, 92.3225402832, 92.9494781494, 93.5764160156, 94.2033538818, 94.830291748, 95.4572296143, 96.0841674805, 96.7227172852, 97.3496551514, 97.9882049561, 98.6151428223, 99.2420806885, 99.8690261841, 100.49596405, 101.122901917, 101.749839783, 102.376777649, 103.003715515, 103.630653381, 104.257591248, 104.884536743, 105.499862671, 106.138412476, 106.765350342, 107.392288208, 108.030838013, 108.669387817, 109.296325684, 109.92326355, 110.550201416, 111.165527344, 111.804077148, 112.431015015, 113.05796051, 113.684898376, 114.311836243, 114.938774109, 115.565711975, 116.192649841, 116.819587708, 117.446525574, 118.085075378, 118.723625183, 119.350563049, 119.977500916, 120.604438782, 121.231384277, 121.858322144, 122.48526001, 123.112197876, 123.739135742, 124.366073608, 124.993011475, 125.619949341, 126.246894836, 126.885437012, 127.523986816, 128.150924683, 128.777862549, 129.404800415, 130.031738281, 130.658676147, 131.285614014, 131.912567139, 132.539505005, 133.166442871, 133.793380737, 134.420318604, 135.04725647, 135.674194336, 136.312744141, 136.951293945, 137.578231812, 138.205169678, 138.832107544, 139.45904541, 140.085983276, 140.712921143, 141.339859009, 141.966796875, 142.593734741, 143.220672607, 143.847610474, 144.47454834, 145.101501465, 145.728439331, 146.355377197, 146.993927002, 147.620864868, 148.259414673, 148.886352539, 149.513290405, 150.140228271, 150.767166138, 151.394104004, 152.02104187, 152.647979736, 153.274917603, 153.901855469, 154.528793335, 155.155731201, 155.782669067, 156.409606934, 157.0365448, 157.663482666, 158.290420532, 158.917373657, 159.544311523, 160.17124939, 160.798187256, 161.436737061, 162.075286865, 162.702224731, 163.329162598, 163.956100464, 164.58303833, 165.209976196, 165.836914063, 166.463851929, 167.090789795, 167.717727661, 168.344665527, 168.971603394, 169.59854126, 170.237091064, 170.875640869, 171.502578735, 172.129516602, 172.756454468, 173.383392334, 174.0103302, 174.637283325, 175.264221191, 175.891159058, 176.518096924, 177.14503479, 177.771972656, 178.398910522, 179.025848389, 179.652786255, 180.279724121, 180.906661987, 181.533599854, 182.16053772, 182.787475586, 183.414413452, 184.041351318, 184.679901123, 185.318450928, 185.945388794, 186.57232666, 187.199264526, 187.826202393, 188.453155518, 189.080093384, 189.695419312, 190.333969116, 190.960906982, 191.587844849, 192.214782715, 192.841720581, 193.480270386, 194.107208252, 194.734146118, 195.349472046, 195.976409912, 196.603347778, 197.241897583, 197.880447388, 198.507385254, 199.13432312, 199.761260986, 200.388198853, 201.015136719, 201.642089844, 202.26902771, 202.895965576, 203.522903442, 204.149841309, 204.788391113, 205.426940918, 206.053878784, 206.68081665, 207.296142578, 207.923080444, 208.550018311, 209.165344238, 209.803894043, 210.442443848, 211.069381714, 211.69631958, 212.323257446, 212.950195313, 213.577133179, 214.204071045, 214.831008911, 215.457962036, 216.084899902, 216.711837769, 217.338775635, 217.965713501, 218.604263306, 219.24281311, 219.869750977, 220.496688843, 221.123626709, 221.750564575, 222.377502441, 223.004440308, 223.631378174, 224.25831604, 224.885253906, 225.512191772, 226.139129639, 226.766067505, 227.393005371, 228.019943237, 228.646896362, 229.285430908, 229.923980713, 230.550918579, 231.177871704, 231.80480957, 232.431747437, 233.058685303, 233.685623169, 234.312561035, 234.846618652, 235.357452393, 235.868301392, 236.355911255, 236.831924438, 237.307937622, 237.772338867, 238.236724854, 238.701126099, 239.165527344, 239.641540527, 240.105941772, 240.570343018, 241.046340942, 241.522354126, 241.99836731, 242.462768555, 242.927154541, 243.403167725, 243.890792847, 244.37840271, 244.866027832, 245.388473511, 245.922531128, 246.456588745, 246.990646362, 247.524719238, 248.058776855]
