
metadata:
    version:
        essentia: "2.1-beta2"
    audio_properties:
        analysis_sample_rate: 44100
        bitrate: 320
        channels: 2
        equal_loudness: 1
        length: 31.3991832733
        replay_gain: -7.16226577759
        downmix: "mix"
    tags:
        album: "Anything That Moves"
        artist: "Bobaflex"
        comment: "BigBlackMetal@KickassTorrents"
        date: "2015"
        genre: "Hard Rock"
        title: "Burn Them All"
        tracknumber: "01/13"

configuration:
    average_loudness:
        compute: 1
        frameSize: 88200
        hopSize: 44100
        silentFrames: "noise"
        windowType: "hann"
    general:
        analysisSampleRate: 44100
        endTime: 2000
        equalLoudness: 1
        nequalLoudness: 0
        shortSound: 0
        startTime: 0
    lowlevel:
        compute: 1
        frameSize: 2048
        hopSize: 1024
        zeroPadding: 0
        silentFrames: "noise"
        windowType: "blackmanharris62"
        mfccStats: ["mean", "cov", "icov"]
        stats: ["mean", "var", "median", "min", "max", "dmean", "dmean2", "dvar", "dvar2"]
    panning:
        compute: 0
        frameSize: 8192
        hopSize: 2048
        zeroPadding: 8192
        silentFrames: "noise"
        windowType: "hann"
        stats: ["copy"]
    rhythm:
        compute: 1
        maxTempo: 208
        minTempo: 40
        method: "degara"
        stats: ["mean", "var", "median", "min", "max", "dmean", "dmean2", "dvar", "dvar2"]
    segmentation:
        compute: 0
        cpw: 5
        inc1: 300
        inc2: 50
        minimumSegmentsLength: 10
        size1: 1000
        size2: 600
    sfx:
        compute: 1
        stats: ["mean", "var", "median", "min", "max", "dmean", "dmean2", "dvar", "dvar2"]
    svm:
        compute: 0
    tonal:
        compute: 1
        frameSize: 4096
        hopSize: 2048
        zeroPadding: 0
        silentFrames: "noise"
        windowType: "blackmanharris62"
        stats: ["mean", "var", "median", "min", "max", "dmean", "dmean2", "dvar", "dvar2"]

lowlevel:
    average_loudness: 0.430654466152
    barkbands_kurtosis:
        dmean: 2.19552135468
        dmean2: 3.80992507935
        dvar: 8.55835437775
        dvar2: 22.7218494415
        max: 31.7342853546
        mean: 1.52970910072
        median: 0.536769270897
        min: -1.89189696312
        var: 11.935008049
    barkbands_skewness:
        dmean: 0.598884999752
        dmean2: 0.978952109814
        dvar: 0.273650050163
        dvar2: 0.697268664837
        max: 3.68664097786
        mean: -0.562116742134
        median: -0.713763177395
        min: -4.38641023636
        var: 1.01791191101
    barkbands_spread:
        dmean: 1.87700152397
        dmean2: 3.11593151093
        dvar: 5.70820093155
        dvar2: 15.7433347702
        max: 50.3590965271
        mean: 6.17239665985
        median: 5.74448204041
        min: 0.646738350391
        var: 10.438750267
    dissonance:
        dmean: 0.0267973057926
        dmean2: 0.0448076091707
        dvar: 0.000967435480561
        dvar2: 0.00243284576572
        max: 0.500000059605
        mean: 0.459967166185
        median: 0.475896656513
        min: 0.077668376267
        var: 0.00211716350168
    hfc:
        dmean: 1.22976469994
        dmean2: 1.8828792572
        dvar: 5.94945192337
        dvar2: 14.4224815369
        max: 40.5598678589
        mean: 3.03388643265
        median: 1.33892059326
        min: 1.11581489791e-016
        var: 20.9954872131
    pitch:
        dmean: 306.827667236
        dmean2: 585.694946289
        dvar: 194680.265625
        dvar2: 461693.875
        max: 4122.98046875
        mean: 838.67199707
        median: 558.979492188
        min: 98.6519546509
        var: 379190.5625
    pitch_instantaneous_confidence:
        dmean: 0.101854912937
        dmean2: 0.170219019055
        dvar: 0.0064063151367
        dvar2: 0.0186295546591
        max: 0.956302940845
        mean: 0.639954984188
        median: 0.642748594284
        min: 0.149986803532
        var: 0.0164463985711
    pitch_salience:
        dmean: 0.0804385021329
        dmean2: 0.134270891547
        dvar: 0.00461341161281
        dvar2: 0.0123112611473
        max: 0.973850429058
        mean: 0.578086018562
        median: 0.58880007267
        min: 0.221592262387
        var: 0.0159698594362
    silence_rate_20dB:
        dmean: 0
        dmean2: 0
        dvar: 0
        dvar2: 0
        max: 1
        mean: 1
        median: 1
        min: 1
        var: 0
    silence_rate_30dB:
        dmean: 0
        dmean2: 0
        dvar: 0
        dvar2: 0
        max: 1
        mean: 1
        median: 1
        min: 1
        var: 0
    silence_rate_60dB:
        dmean: 0.0576496683061
        dmean2: 0.11464496702
        dvar: 0.0543263852596
        dvar2: 0.116293720901
        max: 1
        mean: 0.773264408112
        median: 1
        min: 0
        var: 0.17532466352
    spectral_centroid:
        dmean: 124.027061462
        dmean2: 194.178192139
        dvar: 51455.9765625
        dvar2: 75299.1640625
        max: 10789.4560547
        mean: 1355.38269043
        median: 1357.16125488
        min: 548.476806641
        var: 242935.734375
    spectral_complexity:
        dmean: 1.21655583382
        dmean2: 1.97633135319
        dvar: 2.27015662193
        dvar2: 5.22570991516
        max: 25
        mean: 4.2045788765
        median: 3
        min: 0
        var: 13.4833784103
    spectral_crest:
        dmean: 3.66428542137
        dmean2: 6.29229688644
        dvar: 7.88446950912
        dvar2: 22.781621933
        max: 25.387090683
        mean: 13.7895259857
        median: 13.731089592
        min: 2.91316461563
        var: 18.0074195862
    spectral_decrease:
        dmean: 2.29577024058e-010
        dmean2: 3.51146944855e-010
        dvar: 2.83832758332e-019
        dvar2: 6.85457483458e-019
        max: -1.12751064885e-028
        mean: -5.76199199465e-010
        median: -2.36832053968e-010
        min: -1.03096100545e-008
        var: 8.90259855103e-019
    spectral_energy:
        dmean: 0.000975281524006
        dmean2: 0.00149104231969
        dvar: 4.85716600451e-006
        dvar2: 1.17259714898e-005
        max: 0.0414782650769
        mean: 0.00244988990016
        median: 0.0010257193353
        min: 1.05463112798e-020
        var: 1.56605237862e-005
    spectral_energyband_high:
        dmean: 1.85944588793e-006
        dmean2: 2.98903955809e-006
        dvar: 1.04408348633e-009
        dvar2: 2.60455279566e-009
        max: 0.000966987223364
        mean: 1.5999421521e-006
        median: 1.24179280192e-007
        min: 7.44030624077e-021
        var: 7.90858545319e-010
    spectral_energyband_low:
        dmean: 8.76584405063e-009
        dmean2: 1.21938379394e-008
        dvar: 1.03396473309e-014
        dvar2: 1.9560199814e-014
        max: 3.16379782817e-006
        mean: 9.847053839e-009
        median: 6.15152595529e-010
        min: 8.15740614814e-023
        var: 1.04625408001e-014
    spectral_energyband_middle_high:
        dmean: 0.000767653633375
        dmean2: 0.00117634132039
        dvar: 2.30993009609e-006
        dvar2: 5.57790872335e-006
        max: 0.0348794981837
        mean: 0.00188539014198
        median: 0.000724073615856
        min: 1.7608191276e-021
        var: 1.03837837742e-005
    spectral_energyband_middle_low:
        dmean: 0.000369464047253
        dmean2: 0.00058119033929
        dvar: 1.95631105271e-006
        dvar2: 4.5508236326e-006
        max: 0.0308441761881
        mean: 0.000572765013203
        median: 0.00014225920313
        min: 4.0836332654e-022
        var: 2.90318666885e-006
    spectral_flatness_db:
        dmean: 0.0286420192569
        dmean2: 0.0497511178255
        dvar: 0.000639901729301
        dvar2: 0.00180986931082
        max: 0.551153182983
        mean: 0.4278023839
        median: 0.430367201567
        min: 0.0305157676339
        var: 0.00230905693024
    spectral_flux:
        dmean: 0.0069461078383
        dmean2: 0.0107626952231
        dvar: 9.45167121245e-005
        dvar2: 0.000192845443962
        max: 0.174517720938
        mean: 0.0253550615162
        median: 0.020277896896
        min: 1.02695234261e-010
        var: 0.00043032047688
    spectral_kurtosis:
        dmean: 29.4515686035
        dmean2: 52.1482810974
        dvar: 501.314910889
        dvar2: 1473.59350586
        max: 157.99987793
        mean: 62.6648521423
        median: 62.345199585
        min: -1.19787108898
        var: 1034.81420898
    spectral_rms:
        dmean: 0.000259443535469
        dmean2: 0.000381971651223
        dvar: 1.22979002981e-007
        dvar2: 2.55613485933e-007
        max: 0.0063613364473
        mean: 0.00122558115982
        median: 0.00100035080686
        min: 3.20766026587e-012
        var: 8.88088379725e-007
    spectral_rolloff:
        dmean: 126.111000061
        dmean2: 207.033538818
        dvar: 149366.84375
        dvar2: 205035.25
        max: 17829.4921875
        mean: 1717.01037598
        median: 1701.12304688
        min: 516.796875
        var: 459312.625
    spectral_skewness:
        dmean: 1.76583075523
        dmean2: 3.13390421867
        dvar: 1.66360998154
        dvar2: 5.01633405685
        max: 9.4789056778
        mean: 4.51453971863
        median: 4.41628456116
        min: 0.00896548479795
        var: 3.5020096302
    spectral_spread:
        dmean: 237733.53125
        dmean2: 393113.46875
        dvar: 928406437888
        dvar2: 1.22728362803e+012
        max: 40194276
        mean: 1062816.875
        median: 835043.3125
        min: 415122.25
        var: 3.57322561946e+012
    spectral_strongpeak:
        dmean: 0.412627190351
        dmean2: 0.669088900089
        dvar: 0.287149995565
        dvar2: 0.712528944016
        max: 7.40321540833
        mean: 0.819785654545
        median: 0.565646111965
        min: 6.23787077547e-010
        var: 0.694006621838
    zerocrossingrate:
        dmean: 0.00422707945108
        dmean2: 0.00486692180857
        dvar: 6.88945874572e-005
        dvar2: 5.13155973749e-005
        max: 0.51171875
        mean: 0.0651934817433
        median: 0.06591796875
        min: 0.00439453125
        var: 0.00059063261142
    barkbands:
        dmean: [2.16122397756e-010, 1.3423224754e-009, 4.39179981271e-009, 1.08934585796e-008, 1.03033187315e-007, 1.59091598562e-006, 9.56863805186e-005, 0.000280385458609, 6.54782561469e-005, 5.95124911342e-005, 0.00015913444804, 0.000263545516646, 5.58487590752e-005, 0.000460214854684, 0.000159850722412, 1.46069351104e-005, 1.16574055937e-005, 8.71031988936e-006, 7.60162402003e-006, 1.974500492e-006, 3.0112659033e-007, 3.92823373829e-008, 3.92048615794e-009, 1.41488543104e-009, 5.83983972291e-010, 1.31026509087e-010, 1.08914613439e-010]
        dmean2: [3.80923292909e-010, 2.16353557292e-009, 6.71336097824e-009, 1.81540453781e-008, 1.66575020444e-007, 2.58891736848e-006, 0.000159815128427, 0.000440040894318, 9.79016840574e-005, 9.10617090994e-005, 0.000258933316218, 0.00042503507575, 8.59268257045e-005, 0.000729350198526, 0.000260449014604, 2.28122098633e-005, 1.92173101823e-005, 1.50805908561e-005, 1.32913346533e-005, 3.19244918501e-006, 5.1113175914e-007, 6.46810462968e-008, 6.0369282906e-009, 2.25416973976e-009, 9.01852315049e-010, 2.28021448945e-010, 1.98045399524e-010]
        dvar: [1.52080288564e-018, 1.46333623726e-016, 1.91465402628e-015, 2.04651325454e-014, 2.12792145558e-013, 2.47489667649e-011, 1.19645093832e-007, 1.62926539815e-006, 1.41990369684e-007, 2.87303443258e-008, 3.98830621862e-007, 1.07944833871e-006, 3.22651452223e-008, 1.05623962554e-006, 1.98417993147e-007, 1.41776157481e-009, 8.97889151918e-010, 7.00919988716e-009, 1.45698848542e-008, 1.30807875642e-009, 2.7615030488e-012, 2.32916984311e-013, 2.70223563679e-015, 3.52888245977e-016, 1.16651074625e-016, 6.21292256161e-019, 7.83445311745e-020]
        dvar2: [3.86178781547e-018, 3.39142807067e-016, 3.54248723827e-015, 6.0065810019e-014, 4.92705756836e-013, 5.73676002535e-011, 3.09320171255e-007, 3.86919737139e-006, 2.36581200852e-007, 5.77106256117e-008, 1.09404413706e-006, 2.85767760033e-006, 7.47275166191e-008, 2.62943444795e-006, 4.67270638183e-007, 3.08617931211e-009, 2.1961839014e-009, 2.04391685799e-008, 4.03863609222e-008, 3.29631855145e-009, 6.22919337639e-012, 5.04833425497e-013, 6.5581957928e-015, 8.46073947139e-016, 2.91211965439e-016, 1.56558313529e-018, 2.45855629789e-019]
        max: [3.09306926738e-008, 3.3462168858e-007, 1.36503058457e-006, 3.46237447957e-006, 8.85633926373e-006, 0.000117893410788, 0.00610530143604, 0.0253161750734, 0.011317874305, 0.00305313244462, 0.0123069332913, 0.023385219276, 0.00442758901045, 0.0210318863392, 0.00869120750576, 0.000710885971785, 0.000725922058336, 0.00231217499822, 0.0034592775628, 0.00108160742093, 3.76164753106e-005, 1.33936819111e-005, 1.18544403449e-006, 4.29595672813e-007, 2.81534283886e-007, 1.99950989099e-008, 3.22254578577e-009]
        mean: [1.67041033783e-010, 1.46299306003e-009, 4.6546735355e-009, 7.58778817556e-009, 1.46823822433e-007, 4.03032618124e-006, 0.000108915941382, 0.00034398259595, 0.000101293364423, 9.10275484785e-005, 0.000251339457463, 0.000409543165006, 9.72950874711e-005, 0.000721931748558, 0.00025105199893, 2.73810655926e-005, 1.88949179574e-005, 1.31461038109e-005, 7.73639385443e-006, 1.80068275313e-006, 3.18567032309e-007, 3.69447938908e-008, 3.36259731171e-009, 1.14022880027e-009, 4.00623256791e-010, 9.42268346682e-011, 8.18719675388e-011]
        median: [2.39166950133e-011, 1.23740684366e-010, 1.93114302327e-010, 5.31622079691e-010, 3.44975248368e-008, 6.38892970528e-007, 1.57447757374e-005, 5.02932962263e-005, 5.44453405382e-006, 1.43642437251e-005, 2.55529830611e-005, 2.87185685011e-005, 1.15401298899e-005, 0.000232174323173, 5.27035044797e-005, 7.85313568485e-006, 6.2268622969e-006, 3.91430285163e-006, 1.25081135138e-006, 1.70157932189e-007, 2.46407019233e-008, 1.59754187656e-009, 1.41694544986e-010, 5.70571229153e-011, 2.98406126198e-011, 1.36455569066e-011, 1.25750330288e-011]
        min: [3.9372584205e-024, 7.14163035017e-023, 5.49991022664e-024, 9.88383391902e-024, 6.03859580757e-023, 2.85619680955e-023, 7.35514975366e-023, 7.41495424552e-023, 1.23864351874e-022, 1.02752420877e-022, 1.48088137193e-022, 3.83080637451e-023, 1.17308008984e-022, 6.2775733302e-023, 2.39676516499e-022, 6.97600363886e-023, 1.92862279208e-022, 3.08234335179e-022, 2.16905219743e-022, 4.1333355414e-022, 2.95569974828e-022, 5.03383730411e-022, 6.15591709466e-022, 1.00342743637e-021, 1.33620829564e-021, 1.43642609381e-021, 2.44114024436e-021]
        var: [8.29952701581e-019, 1.40813073257e-016, 2.29554081398e-015, 1.06134524251e-014, 2.27740135778e-013, 5.4187005577e-011, 1.43886325077e-007, 1.95967982108e-006, 2.84420991647e-007, 6.61412755676e-008, 8.44674843847e-007, 2.36691198552e-006, 6.61050023609e-008, 1.96093969862e-006, 4.00034736003e-007, 3.64229424399e-009, 1.6806054326e-009, 4.25545021443e-009, 9.14016951015e-009, 9.7766361673e-010, 2.63959795861e-012, 2.09586579862e-013, 1.86392903472e-015, 2.17436904511e-016, 5.90419882196e-017, 3.4385549097e-019, 5.69571625139e-020]
    frequency_bands:
        dmean: [2.16122397756e-010, 1.3423224754e-009, 4.39179981271e-009, 1.08934585796e-008, 1.03033187315e-007, 1.59091598562e-006, 9.56863805186e-005, 0.000280385458609, 6.54782561469e-005, 5.95124911342e-005, 0.00015913444804, 0.000263545516646, 5.58487590752e-005, 0.000460214854684, 0.000159850722412, 1.46069351104e-005, 1.16574055937e-005, 8.71031988936e-006, 7.60162402003e-006, 1.974500492e-006, 3.0112659033e-007, 3.92823373829e-008, 3.92048615794e-009, 1.41488543104e-009, 5.83983972291e-010, 1.31026509087e-010, 1.08914613439e-010, 3.11275206999e-011]
        dmean2: [3.80923292909e-010, 2.16353557292e-009, 6.71336097824e-009, 1.81540453781e-008, 1.66575020444e-007, 2.58891736848e-006, 0.000159815128427, 0.000440040894318, 9.79016840574e-005, 9.10617090994e-005, 0.000258933316218, 0.00042503507575, 8.59268257045e-005, 0.000729350198526, 0.000260449014604, 2.28122098633e-005, 1.92173101823e-005, 1.50805908561e-005, 1.32913346533e-005, 3.19244918501e-006, 5.1113175914e-007, 6.46810462968e-008, 6.0369282906e-009, 2.25416973976e-009, 9.01852315049e-010, 2.28021448945e-010, 1.98045399524e-010, 5.66729892182e-011]
        dvar: [1.52080288564e-018, 1.46333623726e-016, 1.91465402628e-015, 2.04651325454e-014, 2.12792145558e-013, 2.47489667649e-011, 1.19645093832e-007, 1.62926539815e-006, 1.41990369684e-007, 2.87303443258e-008, 3.98830621862e-007, 1.07944833871e-006, 3.22651452223e-008, 1.05623962554e-006, 1.98417993147e-007, 1.41776157481e-009, 8.97889151918e-010, 7.00919988716e-009, 1.45698848542e-008, 1.30807875642e-009, 2.7615030488e-012, 2.32916984311e-013, 2.70223563679e-015, 3.52888245977e-016, 1.16651074625e-016, 6.21292256161e-019, 7.83445311745e-020, 6.39433433672e-021]
        dvar2: [3.86178781547e-018, 3.39142807067e-016, 3.54248723827e-015, 6.0065810019e-014, 4.92705756836e-013, 5.73676002535e-011, 3.09320171255e-007, 3.86919737139e-006, 2.36581200852e-007, 5.77106256117e-008, 1.09404413706e-006, 2.85767760033e-006, 7.47275166191e-008, 2.62943444795e-006, 4.67270638183e-007, 3.08617931211e-009, 2.1961839014e-009, 2.04391685799e-008, 4.03863609222e-008, 3.29631855145e-009, 6.22919337639e-012, 5.04833425497e-013, 6.5581957928e-015, 8.46073947139e-016, 2.91211965439e-016, 1.56558313529e-018, 2.45855629789e-019, 2.01521957513e-020]
        max: [3.09306926738e-008, 3.3462168858e-007, 1.36503058457e-006, 3.46237447957e-006, 8.85633926373e-006, 0.000117893410788, 0.00610530143604, 0.0253161750734, 0.011317874305, 0.00305313244462, 0.0123069332913, 0.023385219276, 0.00442758901045, 0.0210318863392, 0.00869120750576, 0.000710885971785, 0.000725922058336, 0.00231217499822, 0.0034592775628, 0.00108160742093, 3.76164753106e-005, 1.33936819111e-005, 1.18544403449e-006, 4.29595672813e-007, 2.81534283886e-007, 1.99950989099e-008, 3.22254578577e-009, 9.21259846187e-010]
        mean: [1.67041033783e-010, 1.46299306003e-009, 4.6546735355e-009, 7.58778817556e-009, 1.46823822433e-007, 4.03032618124e-006, 0.000108915941382, 0.00034398259595, 0.000101293364423, 9.10275484785e-005, 0.000251339457463, 0.000409543165006, 9.72950874711e-005, 0.000721931748558, 0.00025105199893, 2.73810655926e-005, 1.88949179574e-005, 1.31461038109e-005, 7.73639385443e-006, 1.80068275313e-006, 3.18567032309e-007, 3.69447938908e-008, 3.36259731171e-009, 1.14022880027e-009, 4.00623256791e-010, 9.42268346682e-011, 8.18719675388e-011, 2.32354014501e-011]
        median: [2.39166950133e-011, 1.23740684366e-010, 1.93114302327e-010, 5.31622079691e-010, 3.44975248368e-008, 6.38892970528e-007, 1.57447757374e-005, 5.02932962263e-005, 5.44453405382e-006, 1.43642437251e-005, 2.55529830611e-005, 2.87185685011e-005, 1.15401298899e-005, 0.000232174323173, 5.27035044797e-005, 7.85313568485e-006, 6.2268622969e-006, 3.91430285163e-006, 1.25081135138e-006, 1.70157932189e-007, 2.46407019233e-008, 1.59754187656e-009, 1.41694544986e-010, 5.70571229153e-011, 2.98406126198e-011, 1.36455569066e-011, 1.25750330288e-011, 3.58211247123e-012]
        min: [3.9372584205e-024, 7.14163035017e-023, 5.49991022664e-024, 9.88383391902e-024, 6.03859580757e-023, 2.85619680955e-023, 7.35514975366e-023, 7.41495424552e-023, 1.23864351874e-022, 1.02752420877e-022, 1.48088137193e-022, 3.83080637451e-023, 1.17308008984e-022, 6.2775733302e-023, 2.39676516499e-022, 6.97600363886e-023, 1.92862279208e-022, 3.08234335179e-022, 2.16905219743e-022, 4.1333355414e-022, 2.95569974828e-022, 5.03383730411e-022, 6.15591709466e-022, 1.00342743637e-021, 1.33620829564e-021, 1.43642609381e-021, 2.44114024436e-021, 5.53310270096e-022]
        var: [8.29952701581e-019, 1.40813073257e-016, 2.29554081398e-015, 1.06134524251e-014, 2.27740135778e-013, 5.4187005577e-011, 1.43886325077e-007, 1.95967982108e-006, 2.84420991647e-007, 6.61412755676e-008, 8.44674843847e-007, 2.36691198552e-006, 6.61050023609e-008, 1.96093969862e-006, 4.00034736003e-007, 3.64229424399e-009, 1.6806054326e-009, 4.25545021443e-009, 9.14016951015e-009, 9.7766361673e-010, 2.63959795861e-012, 2.09586579862e-013, 1.86392903472e-015, 2.17436904511e-016, 5.90419882196e-017, 3.4385549097e-019, 5.69571625139e-020, 4.61315598395e-021]
    mfcc:
        mean: [-917.872436523, 107.961875916, -122.661209106, -79.5882568359, -19.6721897125, -32.9987449646, -24.8158493042, -17.0582199097, -11.308262825, 10.4435453415, 18.7781543732, 6.8580493927, 3.75312161446]
        cov: [[2829.32666016, 976.512634277, -1551.72485352, -585.63659668, -516.128173828, -279.302185059, 164.091262817, -130.359542847, 131.616607666, 165.9896698, -52.2409362793, 173.573730469, 69.5955200195], [976.512634277, 686.225830078, -233.626037598, -399.388305664, -304.338867188, -130.902160645, -66.4174728394, -132.26965332, -53.3123207092, -43.4327316284, -29.6315860748, 88.0224380493, 26.1746788025], [-1551.72485352, -233.626037598, 1248.14526367, 258.421966553, 134.225753784, 141.719924927, -203.414520264, -67.3885726929, -189.853317261, -227.149673462, -15.7777881622, -70.3088531494, -51.8185119629], [-585.63659668, -399.388305664, 258.421966553, 390.375274658, 219.947937012, 38.3905792236, -38.2671852112, 3.44247961044, -31.1789226532, -36.1964111328, -12.1109733582, -60.418056488, -10.3669452667], [-516.128173828, -304.338867188, 134.225753784, 219.947937012, 274.393707275, 41.461856842, -92.2436218262, 25.9444694519, -11.2784090042, -12.5545635223, 18.7143115997, -56.3188171387, -0.521460175514], [-279.302185059, -130.902160645, 141.719924927, 38.3905792236, 41.461856842, 174.026947021, 78.6797866821, -14.1053028107, 9.36292171478, -20.2955951691, -23.4291934967, -19.9210586548, -50.4206161499], [164.091262817, -66.4174728394, -203.414520264, -38.2671852112, -92.2436218262, 78.6797866821, 272.970489502, 107.699188232, 34.4938011169, 44.5097084045, -28.0683727264, -8.32301044464, -8.82483673096], [-130.359542847, -132.26965332, -67.3885726929, 3.44247961044, 25.9444694519, -14.1053028107, 107.699188232, 173.341003418, 57.2651176453, 30.4380378723, -0.180524945259, -34.9098167419, 15.7916612625], [131.616607666, -53.3123207092, -189.853317261, -31.1789226532, -11.2784090042, 9.36292171478, 34.4938011169, 57.2651176453, 150.98298645, 87.8936920166, -11.6522407532, -4.23964214325, -20.0277938843], [165.9896698, -43.4327316284, -227.149673462, -36.1964111328, -12.5545635223, -20.2955951691, 44.5097084045, 30.4380378723, 87.8936920166, 123.999420166, 41.3058013916, 1.29286456108, -3.43852972984], [-52.2409362793, -29.6315860748, -15.7777881622, -12.1109733582, 18.7143115997, -23.4291934967, -28.0683727264, -0.180524945259, -11.6522407532, 41.3058013916, 80.2364730835, 23.2872810364, -3.42569208145], [173.573730469, 88.0224380493, -70.3088531494, -60.418056488, -56.3188171387, -19.9210586548, -8.32301044464, -34.9098167419, -4.23964214325, 1.29286456108, 23.2872810364, 78.6164169312, 28.3173904419], [69.5955200195, 26.1746788025, -51.8185119629, -10.3669452667, -0.521460175514, -50.4206161499, -8.82483673096, 15.7916612625, -20.0277938843, -3.43852972984, -3.42569208145, 28.3173904419, 86.5168457031]]
        icov: [[0.283615767956, -0.410639256239, 0.410705178976, -0.422778725624, 0.411921352148, -0.403771221638, 0.36885458231, -0.321361124516, 0.251413106918, -0.188352033496, 0.11779563874, -0.064418040216, 0.0313321948051], [-0.410639256239, 0.613583803177, -0.594308674335, 0.629602432251, -0.594242990017, 0.600558102131, -0.538218975067, 0.481927037239, -0.365765154362, 0.284823209047, -0.165195941925, 0.0956734791398, -0.0434777513146], [0.410705178976, -0.594308674335, 0.603060603142, -0.622654616833, 0.616244971752, -0.611362934113, 0.566114008427, -0.494888097048, 0.392743825912, -0.292389124632, 0.186439916492, -0.1015926525, 0.051437664777], [-0.422778725624, 0.629602432251, -0.622654616833, 0.666495978832, -0.644875764847, 0.656241118908, -0.602002382278, 0.540155172348, -0.419615983963, 0.326102614403, -0.196115002036, 0.113892547786, -0.0541166067123], [0.411921352148, -0.594242990017, 0.616244971752, -0.644875764847, 0.662357628345, -0.661666452885, 0.627795279026, -0.551356554031, 0.445857614279, -0.335669100285, 0.217173472047, -0.116469033062, 0.059895131737], [-0.403771221638, 0.600558102131, -0.611362934113, 0.656241118908, -0.661666452885, 0.699476242065, -0.657203793526, 0.593541741371, -0.478650867939, 0.375235766172, -0.237192079425, 0.13587282598, -0.0658987984061], [0.36885458231, -0.538218975067, 0.566114008427, -0.602002382278, 0.627795279026, -0.657203793526, 0.642983734608, -0.577281475067, 0.481480717659, -0.377215236425, 0.256890356541, -0.145597741008, 0.0790765881538], [-0.321361124516, 0.481927037239, -0.494888097048, 0.540155172348, -0.551356554031, 0.593541741371, -0.577281475067, 0.538223922253, -0.44326749444, 0.356784194708, -0.239478781819, 0.145393103361, -0.0790206864476], [0.251413106918, -0.365765154362, 0.392743825912, -0.419615983963, 0.445857614279, -0.478650867939, 0.481480717659, -0.44326749444, 0.397818982601, -0.320413976908, 0.231551781297, -0.135189324617, 0.0798975750804], [-0.188352033496, 0.284823209047, -0.292389124632, 0.326102614403, -0.335669100285, 0.375235766172, -0.377215236425, 0.356784194708, -0.320413976908, 0.285594969988, -0.200644537807, 0.121167860925, -0.0680715888739], [0.11779563874, -0.165195941925, 0.186439916492, -0.196115002036, 0.217173472047, -0.237192079425, 0.256890356541, -0.239478781819, 0.231551781297, -0.200644537807, 0.173376634717, -0.100593827665, 0.0617975071073], [-0.064418040216, 0.0956734791398, -0.1015926525, 0.113892547786, -0.116469033062, 0.13587282598, -0.145597741008, 0.145393103361, -0.135189324617, 0.121167860925, -0.100593827665, 0.081086575985, -0.0442360490561], [0.0313321948051, -0.0434777513146, 0.051437664777, -0.0541166067123, 0.059895131737, -0.0658987984061, 0.0790765881538, -0.0790206864476, 0.0798975750804, -0.0680715888739, 0.0617975071073, -0.0442360490561, 0.0409928373992]]
    sccoeffs:
        dmean: [0.0551342405379, 0.0540412664413, 0.0403042808175, 0.0365283042192, 0.0226089283824, 0.0362555868924]
        dmean2: [0.09323015064, 0.0862821862102, 0.0646220222116, 0.0594767071307, 0.036600921303, 0.0635123029351]
        dvar: [0.00204902328551, 0.00211936561391, 0.0011909622699, 0.000879007973708, 0.000347138004145, 0.000991126289591]
        dvar2: [0.00561843486503, 0.0052059981972, 0.00275085726753, 0.00227423151955, 0.000868052244186, 0.00286045204848]
        max: [-0.45454031229, -0.274710297585, -0.407581955194, -0.458551675081, -0.559225320816, -0.655184626579]
        mean: [-0.769945681095, -0.645779490471, -0.765175282955, -0.690257012844, -0.744682848454, -0.808237791061]
        median: [-0.781139791012, -0.658471763134, -0.79033946991, -0.696040391922, -0.748619675636, -0.802205681801]
        min: [-0.95563429594, -0.962841391563, -0.971323549747, -0.95942568779, -0.960888266563, -0.960182845592]
        var: [0.00869046896696, 0.0125939231366, 0.00795166846365, 0.00474195647985, 0.00237609795295, 0.00282617122866]
    scvalleys:
        dmean: [0.71394020319, 0.382809430361, 0.323278218508, 0.264238536358, 0.229170054197, 0.545746564865]
        dmean2: [1.22361087799, 0.621154129505, 0.519657552242, 0.411960482597, 0.349912881851, 0.929117143154]
        dvar: [0.357718467712, 0.194875240326, 0.173993617296, 0.15987098217, 0.180994167924, 0.282134652138]
        dvar2: [0.906391739845, 0.31648388505, 0.272786438465, 0.216103509068, 0.258023530245, 0.636518895626]
        max: [-8.5103559494, -6.49418020248, -5.23851728439, -6.12095165253, -6.27391862869, -9.6696844101]
        mean: [-12.5383481979, -8.49419498444, -7.73828792572, -7.94223833084, -10.0891170502, -14.5735635757]
        median: [-12.3556613922, -8.34329414368, -7.66715240479, -7.79829025269, -10.0045604706, -14.5473670959]
        min: [-27.1291007996, -27.0603275299, -27.3756923676, -27.3816776276, -27.1721897125, -27.2037963867]
        var: [1.83807253838, 1.63108932972, 1.77855420113, 1.64379155636, 1.15501487255, 1.18485796452]

rhythm:
    beats_loudness:
        dmean: 0.00231325696222
        dmean2: 0.00376868853346
        dvar: 8.15660132503e-006
        dvar2: 2.12817685679e-005
        max: 0.018758546561
        mean: 0.00306967413053
        median: 0.00157357857097
        min: 4.41406555183e-005
        var: 1.30490534502e-005
    bpm: 104.869049072
    bpm_confidence: 0
    first_peak_bpm: 103
    first_peak_spread: 0.307692319155
    first_peak_weight: 0.145161285996
    onset_rate: 2.61153459549
    second_peak_bpm: 167
    second_peak_spread: 0
    second_peak_weight: 0.129032254219
    beats_loudness_band_ratio:
        dmean: [3.32190902554e-005, 0.0102622620761, 0.197086423635, 0.214677721262, 0.218654349446, 0.0069306162186]
        dmean2: [6.19296988589e-005, 0.0197587963194, 0.339659363031, 0.33690237999, 0.383380353451, 0.00940535031259]
        dvar: [2.00743315304e-008, 0.00057858764194, 0.0326736867428, 0.0215041358024, 0.0417697876692, 0.000629919755738]
        dvar2: [5.64803208647e-008, 0.00170042214449, 0.0765456557274, 0.0711085125804, 0.0902776941657, 0.000617810117546]
        max: [0.000877191545442, 0.115430518985, 0.788652718067, 0.907718300819, 0.914722979069, 0.211547121406]
        mean: [2.09208210435e-005, 0.00725686131045, 0.25199124217, 0.403706252575, 0.382408648729, 0.00705318106338]
        median: [2.01819784706e-006, 0.000728694954887, 0.174371436238, 0.389860957861, 0.385585695505, 0.00112988089677]
        min: [1.50778703301e-007, 8.37163588585e-006, 0.00682624569163, 0.0584620274603, 0.0113907810301, 0.000226437317906]
        var: [1.22444108186e-008, 0.000364525098121, 0.0527337677777, 0.0435514003038, 0.0682922303677, 0.000717953429557]
    beats_position: [0.394739210606, 0.743038535118, 1.10294783115, 1.46285712719, 1.82276642323, 2.18267560005, 2.54258489609, 2.89088439941, 3.26240348816, 3.62231278419, 3.98222208023, 4.34213161469, 4.71365070343, 5.08516979218, 5.45668935776, 5.83981847763, 6.2229475975, 6.6176867485, 7.00081634521, 7.38394546509, 7.79029464722, 8.19664382935, 8.6146030426, 9.10222244263, 9.6014509201, 10.1006803513, 10.5999088287, 11.0991382599, 11.5983667374, 12.0859861374, 12.5736055374, 13.0728340149, 13.6533327103, 14.2338323593, 14.8143310547, 15.4877090454, 16.1610889435, 16.8460769653, 17.5310649872, 18.2044448853, 18.877822876, 19.4351024628, 20.0039901733, 20.5728797913, 21.1069393158, 21.640996933, 22.1750564575, 22.6858959198, 23.2083435059, 23.7307929993, 24.2416324615, 24.7524719238, 25.3097496033, 25.8670291901, 26.4243087769, 27.0048065186, 27.5853061676, 28.1658039093, 28.7463035583, 29.3268013, 29.895690918, 30.476190567, 31.0450782776]
    bpm_estimates: [103.359405518, 103.359237671, 103.359405518, 107.665885925, 105.468971252, 105.468612671, 107.666252136, 107.665885925, 107.665885925, 103.359573364, 103.359237671, 103.359573364, 103.359237671, 103.359573364, 105.468612671, 103.359237671, 105.468971252]
    bpm_intervals: [0.348299324512, 0.359909296036, 0.359909296036, 0.359909296036, 0.359909176826, 0.359909296036, 0.348299503326, 0.371519088745, 0.359909296036, 0.359909296036, 0.359909534454, 0.371519088745, 0.371519088745, 0.371519565582, 0.383129119873, 0.383129119873, 0.394739151001, 0.38312959671, 0.383129119873, 0.406349182129, 0.406349182129, 0.417959213257, 0.487619400024, 0.499228477478, 0.499229431152, 0.499228477478, 0.499229431152, 0.499228477478, 0.487619400024, 0.487619400024, 0.499228477478, 0.580498695374, 0.580499649048, 0.580498695374, 0.673377990723, 0.673379898071, 0.684988021851, 0.684988021851, 0.673379898071, 0.673377990723, 0.557279586792, 0.568887710571, 0.56888961792, 0.534059524536, 0.534057617188, 0.534059524536, 0.51083946228, 0.52244758606, 0.522449493408, 0.51083946228, 0.51083946228, 0.557277679443, 0.557279586792, 0.557279586792, 0.580497741699, 0.580499649048, 0.580497741699, 0.580499649048, 0.580497741699, 0.56888961792, 0.580499649048, 0.568887710571]
    onset_times: [0.406349211931, 1.03328800201, 1.8575963974, 2.61224484444, 3.41333341599, 3.56426310539, 3.63392281532, 3.70358276367, 4.28408145905, 4.6439909935, 5.0387301445, 5.44507932663, 6.09523820877, 6.5596370697, 6.94276666641, 7.31428575516, 8.27791404724, 8.85841274261, 9.12544250488, 9.36925125122, 10.1355104446, 10.321269989, 10.6115188599, 10.9365987778, 11.1339683533, 11.3429479599, 11.5867576599, 11.8305673599, 12.1788663864, 12.2833557129, 12.5155553818, 13.0612249374, 13.328253746, 13.4095239639, 13.7926530838, 14.0480728149, 14.8027210236, 15.0349206924, 15.325170517, 15.5805892944, 15.8243989944, 16.0682086945, 16.2887973785, 16.4977779388, 17.6819953918, 17.786485672, 17.8677558899, 18.1463947296, 18.5179138184, 18.8662128448, 19.1564617157, 20.4335594177, 20.549659729, 20.7934684753, 20.8747386932, 21.0256690979, 21.1301593781, 22.1634464264, 22.4769153595, 22.7903862, 22.9877548218, 23.2083454132, 23.707572937, 23.9629936218, 24.3577327728, 24.589931488, 25.9715194702, 26.2037181854, 26.4010887146, 26.9699764252, 27.3298873901, 27.4343757629, 28.0032653809, 28.7346935272, 29.1526527405, 29.3268032074, 29.6983222961, 29.8608608246, 30.3368701935, 30.68516922, 30.8593196869, 31.0450801849]
    perceptual_tempo: "unknown"

sfx:
    inharmonicity:
        dmean: 0.0755830779672
        dmean2: 0.136078625917
        dvar: 0.0078474637121
        dvar2: 0.0219320114702
        max: 0.482650250196
        mean: 0.061809681356
        median: 0.0297119691968
        min: 0
        var: 0.00714822439477
    oddtoevenharmonicenergyratio:
        dmean: 169.60635376
        dmean2: 329.732849121
        dvar: 1075012.375
        dvar2: 3354120.25
        max: 18794.75
        mean: 94.1584777832
        median: 0.810965955257
        min: 0
        var: 563482.0625
    pitch_after_max_to_before_max_energy_ratio: 17.2382564545
    pitch_centroid: 639.424987793
    pitch_max_to_total: 0.00516986707225
    pitch_min_to_total: 0.646233379841
    tristimulus:
        dmean: [0.281085640192, 0.328784972429, 0.0565711893141]
        dmean2: [0.516048431396, 0.601259827614, 0.103690348566]
        dvar: [0.0897334888577, 0.0994719415903, 0.0103681311011]
        dvar2: [0.238942980766, 0.268641829491, 0.0291978232563]
        max: [1, 0.999883830547, 0.973879575729]
        mean: [0.251301199198, 0.671913206577, 0.043873898685]
        median: [0.0691915601492, 0.834162890911, 0.0151410065591]
        min: [4.59632901766e-005, 0, 0]
        var: [0.0996224731207, 0.112770296633, 0.00798205845058]

tonal:
    chords_changes_rate: 0.101769909263
    chords_number_rate: 0.0132743362337
    chords_strength:
        dmean: 0.0100408857688
        dmean2: 0.0119865154848
        dvar: 7.13358676876e-005
        dvar2: 9.60267934715e-005
        max: 0.661231517792
        mean: 0.479516714811
        median: 0.470057725906
        min: 0.324348002672
        var: 0.00395385688171
    key_strength: 0.58685106039
    tuning_diatonic_strength: 0.415545135736
    tuning_equal_tempered_deviation: 0.351525098085
    tuning_frequency: 454.990661621
    tuning_nontempered_energy_ratio: 0.949955165386
    hpcp:
        dmean: [0.120354726911, 0.0974260643125, 0.0937406495214, 0.103421702981, 0.119091682136, 0.116149708629, 0.113470725715, 0.146982476115, 0.147943466902, 0.109242193401, 0.0860777720809, 0.099942073226, 0.107793144882, 0.126196473837, 0.124631606042, 0.0915471464396, 0.0698124021292, 0.0545199513435, 0.043070551008, 0.0351644232869, 0.0266963448375, 0.0288393050432, 0.0398417338729, 0.0388105027378, 0.03243194893, 0.0338242128491, 0.0640865638852, 0.116859145463, 0.192170456052, 0.213591083884, 0.18834900856, 0.205021098256, 0.210052654147, 0.164072990417, 0.148599490523, 0.147135719657]
        dmean2: [0.208810210228, 0.166505172849, 0.164944395423, 0.178723350167, 0.20553176105, 0.196825832129, 0.195661514997, 0.256095856428, 0.254933774471, 0.186304792762, 0.141613915563, 0.173166289926, 0.189419612288, 0.214701682329, 0.214259654284, 0.153413027525, 0.119037643075, 0.0931558012962, 0.071173235774, 0.0576797053218, 0.0438650473952, 0.048335172236, 0.0663943886757, 0.0653002783656, 0.0528777353466, 0.0577024593949, 0.108957394958, 0.194204345345, 0.325864434242, 0.368140906096, 0.321695834398, 0.346850246191, 0.347090363503, 0.265442818403, 0.240706443787, 0.246720969677]
        dvar: [0.0272752717137, 0.0253927018493, 0.0281022321433, 0.0318588912487, 0.0376038514078, 0.030652794987, 0.0272384062409, 0.0439499765635, 0.0372313819826, 0.0319903381169, 0.0181954093277, 0.0276433192194, 0.030818047002, 0.0371534898877, 0.0379051491618, 0.0249503683299, 0.0204698853195, 0.0157801415771, 0.00923840608448, 0.00739472452551, 0.00406500697136, 0.00281099951826, 0.00551656680182, 0.00764028774574, 0.00476642744616, 0.00416528619826, 0.00978376530111, 0.0215084534138, 0.0461967587471, 0.0486213192344, 0.0389076508582, 0.0501632355154, 0.0482162870467, 0.031557161361, 0.0298609491438, 0.0327358543873]
        dvar2: [0.07157420367, 0.0689212083817, 0.0750217065215, 0.0813924446702, 0.0971145480871, 0.0788378566504, 0.0678208470345, 0.114051289856, 0.0957902297378, 0.0807285904884, 0.0447509661317, 0.0738347396255, 0.0840102732182, 0.0936088562012, 0.100219771266, 0.0628103464842, 0.0471020266414, 0.0417466089129, 0.022959953174, 0.017255583778, 0.0102770878002, 0.00770227238536, 0.0140045229346, 0.0184438116848, 0.0117740118876, 0.0108215399086, 0.0227324496955, 0.0497319996357, 0.110011324286, 0.115505114198, 0.094372689724, 0.118351854384, 0.116108253598, 0.0850057899952, 0.0745100677013, 0.08448702842]
        max: [1, 1, 1, 1, 1, 1, 1, 1, 1, 1, 1, 1, 1, 1, 1, 1, 1, 1, 1, 1, 0.990230739117, 0.657790541649, 1, 1, 0.906105339527, 0.796261370182, 1, 1, 1, 1, 1, 1, 1, 1, 1, 1]
        mean: [0.153178095818, 0.107603617013, 0.101161509752, 0.119322121143, 0.14223973453, 0.136679410934, 0.137966305017, 0.197426185012, 0.198319271207, 0.135028377175, 0.104888916016, 0.0981897339225, 0.112953960896, 0.155541554093, 0.16523014009, 0.121088437736, 0.087304264307, 0.0651878491044, 0.0523791089654, 0.0493822358549, 0.0355233810842, 0.0331304557621, 0.0470049008727, 0.0485708676279, 0.0413021594286, 0.041626624763, 0.081788174808, 0.191159203649, 0.370936840773, 0.453116953373, 0.434714406729, 0.440167188644, 0.368326246738, 0.260261386633, 0.237613916397, 0.219348937273]
        median: [0.0842757970095, 0.0538452342153, 0.0483333840966, 0.0505330599844, 0.0612856075168, 0.0597209706903, 0.0587493591011, 0.0797138959169, 0.097724378109, 0.055599540472, 0.0435525514185, 0.0400866344571, 0.0480926334858, 0.0653666853905, 0.0638331919909, 0.0374001450837, 0.0225638598204, 0.0199498720467, 0.019877333194, 0.0152693782002, 0.0140462135896, 0.0174973756075, 0.0253709889948, 0.0237608663738, 0.0182967390865, 0.0204336158931, 0.0449222177267, 0.123162955046, 0.275001585484, 0.434149324894, 0.336830019951, 0.342174351215, 0.257361710072, 0.181025281549, 0.159916609526, 0.144175648689]
        min: [0, 0, 0, 0, 0, 0, 0, 0, 0, 0, 0, 0, 0, 0, 0, 0, 0, 0, 0, 0, 0, 0, 0, 0, 0, 0, 0, 0, 0, 0, 0, 0, 0, 0, 0, 0]
        var: [0.0352487228811, 0.0257683135569, 0.0272474568337, 0.0372449196875, 0.0486633442342, 0.0439403317869, 0.0383774265647, 0.07250713557, 0.0624106861651, 0.0470592938364, 0.0264891404659, 0.0285203140229, 0.0345394834876, 0.0504064485431, 0.0558837354183, 0.0421610027552, 0.0347226597369, 0.0223387442529, 0.0129835950211, 0.0122967315838, 0.00608064513654, 0.00276566366665, 0.0057776090689, 0.00877892971039, 0.00628521526232, 0.00452153943479, 0.0161740463227, 0.038780592382, 0.107784554362, 0.117901802063, 0.132737368345, 0.136687338352, 0.111212871969, 0.0628209859133, 0.058820348233, 0.0555258281529]
