
metadata:
    version:
        essentia: "2.1-beta2"
    audio_properties:
        analysis_sample_rate: 44100
        bitrate: 320
        channels: 2
        equal_loudness: 1
        length: 242.494689941
        replay_gain: -15.9540147781
        downmix: "mix"
    tags:
        album: "Anything That Moves"
        artist: "Bobaflex"
        comment: "BigBlackMetal@KickassTorrents"
        date: "2015"
        genre: "Hard Rock"
        title: "Start A War"
        tracknumber: "02/13"

configuration:
    average_loudness:
        compute: 1
        frameSize: 88200
        hopSize: 44100
        silentFrames: "noise"
        windowType: "hann"
    general:
        analysisSampleRate: 44100
        endTime: 2000
        equalLoudness: 1
        nequalLoudness: 0
        shortSound: 0
        startTime: 0
    lowlevel:
        compute: 1
        frameSize: 2048
        hopSize: 1024
        zeroPadding: 0
        silentFrames: "noise"
        windowType: "blackmanharris62"
        mfccStats: ["mean", "cov", "icov"]
        stats: ["mean", "var", "median", "min", "max", "dmean", "dmean2", "dvar", "dvar2"]
    panning:
        compute: 0
        frameSize: 8192
        hopSize: 2048
        zeroPadding: 8192
        silentFrames: "noise"
        windowType: "hann"
        stats: ["copy"]
    rhythm:
        compute: 1
        maxTempo: 208
        minTempo: 40
        method: "degara"
        stats: ["mean", "var", "median", "min", "max", "dmean", "dmean2", "dvar", "dvar2"]
    segmentation:
        compute: 0
        cpw: 5
        inc1: 300
        inc2: 50
        minimumSegmentsLength: 10
        size1: 1000
        size2: 600
    sfx:
        compute: 1
        stats: ["mean", "var", "median", "min", "max", "dmean", "dmean2", "dvar", "dvar2"]
    svm:
        compute: 0
    tonal:
        compute: 1
        frameSize: 4096
        hopSize: 2048
        zeroPadding: 0
        silentFrames: "noise"
        windowType: "blackmanharris62"
        stats: ["mean", "var", "median", "min", "max", "dmean", "dmean2", "dvar", "dvar2"]

lowlevel:
    average_loudness: 0.949870228767
    barkbands_kurtosis:
        dmean: 0.775786817074
        dmean2: 1.24932861328
        dvar: 5.69016218185
        dvar2: 13.4418373108
        max: 82.1516952515
        mean: -0.166165113449
        median: -1.24589586258
        min: -1.94682741165
        var: 20.9368877411
    barkbands_skewness:
        dmean: 0.35414353013
        dmean2: 0.560281038284
        dvar: 0.152226120234
        dvar2: 0.35445278883
        max: 7.66967058182
        mean: 0.161551490426
        median: -0.020319653675
        min: -4.19181060791
        var: 1.06820690632
    barkbands_spread:
        dmean: 4.76004219055
        dmean2: 7.62503433228
        dvar: 24.0915565491
        dvar2: 58.558921814
        max: 76.58568573
        mean: 34.3665847778
        median: 35.4618377686
        min: 1.29557931423
        var: 99.0377426147
    dissonance:
        dmean: 0.0116611178964
        dmean2: 0.0198961496353
        dvar: 0.00013628815941
        dvar2: 0.000384151760954
        max: 0.500000178814
        mean: 0.479635924101
        median: 0.484588742256
        min: 0.305146485567
        var: 0.000342071783962
    hfc:
        dmean: 2.06708955765
        dmean2: 3.3087182045
        dvar: 6.72625207901
        dvar2: 16.2827205658
        max: 39.5040054321
        mean: 8.94257164001
        median: 8.97901153564
        min: 1.10188868365e-016
        var: 28.4786777496
    pitch:
        dmean: 902.487182617
        dmean2: 1735.46069336
        dvar: 1714294.875
        dvar2: 4203235.5
        max: 5045.79003906
        mean: 1591.98925781
        median: 446.56741333
        min: 64.6170578003
        var: 2383899.25
    pitch_instantaneous_confidence:
        dmean: 0.0761361718178
        dmean2: 0.124892108142
        dvar: 0.00442029163241
        dvar2: 0.0112907635048
        max: 0.945443272591
        mean: 0.375782847404
        median: 0.347435235977
        min: 0.11303716898
        var: 0.0194007121027
    pitch_salience:
        dmean: 0.0555234476924
        dmean2: 0.092080257833
        dvar: 0.00263834535144
        dvar2: 0.00738221686333
        max: 0.933756172657
        mean: 0.639813303947
        median: 0.659961760044
        min: 0.157679393888
        var: 0.00994578376412
    silence_rate_20dB:
        dmean: 0
        dmean2: 0
        dvar: 0
        dvar2: 0
        max: 1
        mean: 1
        median: 1
        min: 1
        var: 0
    silence_rate_30dB:
        dmean: 0
        dmean2: 0
        dvar: 0
        dvar2: 0
        max: 1
        mean: 1
        median: 1
        min: 1
        var: 0
    silence_rate_60dB:
        dmean: 0.0534278042614
        dmean2: 0.106865845621
        dvar: 0.050583165139
        dvar2: 0.11020296067
        max: 1
        mean: 0.20746769011
        median: 0
        min: 0
        var: 0.164429947734
    spectral_centroid:
        dmean: 225.907318115
        dmean2: 357.987731934
        dvar: 65124.9023438
        dvar2: 138843.65625
        max: 11320.6123047
        mean: 1601.87683105
        median: 1629.88842773
        min: 145.562850952
        var: 340887.28125
    spectral_complexity:
        dmean: 3.51800084114
        dmean2: 5.65967655182
        dvar: 11.9985055923
        dvar2: 28.9809741974
        max: 43
        mean: 18.5505027771
        median: 20
        min: 0
        var: 83.8006515503
    spectral_crest:
        dmean: 1.82595956326
        dmean2: 3.05630874634
        dvar: 3.68829655647
        dvar2: 9.87229061127
        max: 25.0558757782
        mean: 6.87977743149
        median: 5.72193145752
        min: 2.29243612289
        var: 13.6849327087
    spectral_decrease:
        dmean: 2.70189454143e-010
        dmean2: 4.38302366623e-010
        dvar: 1.60748412431e-019
        dvar2: 4.13405379711e-019
        max: 5.58371628008e-029
        mean: -1.1966544422e-009
        median: -1.18312848407e-009
        min: -4.21704315912e-009
        var: 3.56169857996e-019
    spectral_energy:
        dmean: 0.00117256818339
        dmean2: 0.00189331686124
        dvar: 2.82972973764e-006
        dvar2: 7.21838478057e-006
        max: 0.0180650576949
        mean: 0.00532757351175
        median: 0.00532568944618
        min: 1.05699594364e-020
        var: 7.07172011971e-006
    spectral_energyband_high:
        dmean: 0.000126694867504
        dmean2: 0.000211468053749
        dvar: 4.06443874112e-008
        dvar2: 1.00431243766e-007
        max: 0.00387683161534
        mean: 0.000302713102428
        median: 0.000244013062911
        min: 7.54883007532e-021
        var: 8.05184541264e-008
    spectral_energyband_low:
        dmean: 0.000258742831647
        dmean2: 0.000411713757785
        dvar: 1.02315645734e-007
        dvar2: 2.71780521643e-007
        max: 0.00472960341722
        mean: 0.000652374757919
        median: 0.000582909036893
        min: 2.12819904752e-023
        var: 2.3548199124e-007
    spectral_energyband_middle_high:
        dmean: 0.000598722370341
        dmean2: 0.000952660746407
        dvar: 4.60737339836e-007
        dvar2: 1.09214238364e-006
        max: 0.0120407333598
        mean: 0.00273382500745
        median: 0.00277046719566
        min: 1.54076283137e-021
        var: 2.87023249257e-006
    spectral_energyband_middle_low:
        dmean: 0.000721919059288
        dmean2: 0.00120221427642
        dvar: 1.71825024609e-006
        dvar2: 4.52905896964e-006
        max: 0.0120985237882
        mean: 0.00185999949463
        median: 0.00150417420082
        min: 2.47686521778e-022
        var: 2.1856155854e-006
    spectral_flatness_db:
        dmean: 0.0125843007118
        dmean2: 0.0197059866041
        dvar: 0.000168469123309
        dvar2: 0.000366575433873
        max: 0.382414519787
        mean: 0.149893060327
        median: 0.140341356397
        min: 0.0675040483475
        var: 0.00146919628605
    spectral_flux:
        dmean: 0.00722976354882
        dmean2: 0.0109665533528
        dvar: 7.89797268226e-005
        dvar2: 0.000163665376022
        max: 0.110474079847
        mean: 0.0407153181732
        median: 0.0411843210459
        min: 6.73162636744e-011
        var: 0.000275055412203
    spectral_kurtosis:
        dmean: 1.23937165737
        dmean2: 2.10630226135
        dvar: 2.59017372131
        dvar2: 7.23968791962
        max: 45.6008415222
        mean: 3.85984253883
        median: 3.40426921844
        min: -1.22460865974
        var: 6.29477119446
    spectral_rms:
        dmean: 0.000239062515902
        dmean2: 0.0003776915255
        dvar: 8.82620554421e-008
        dvar2: 2.13509935065e-007
        max: 0.0041981479153
        mean: 0.00219164043665
        median: 0.00227942853235
        min: 3.21125439608e-012
        var: 3.9430221932e-007
    spectral_rolloff:
        dmean: 288.350769043
        dmean2: 481.877441406
        dvar: 212492.1875
        dvar2: 463658.4375
        max: 19272.2167969
        mean: 3088.99511719
        median: 3337.64648438
        min: 129.19921875
        var: 915545.3125
    spectral_skewness:
        dmean: 0.168158665299
        dmean2: 0.276462614536
        dvar: 0.032648127526
        dvar2: 0.0839901641011
        max: 5.3686914444
        mean: 1.31401646137
        median: 1.27315735817
        min: -0.0676285177469
        var: 0.138576328754
    spectral_spread:
        dmean: 353938.46875
        dmean2: 512883.6875
        dvar: 300285853696
        dvar2: 449475641344
        max: 42034660
        mean: 4079181
        median: 3958989.5
        min: 1442468.25
        var: 1.61415351501e+012
    spectral_strongpeak:
        dmean: 0.535727024078
        dmean2: 0.935153365135
        dvar: 0.834675729275
        dvar2: 2.0922498703
        max: 11.4092597961
        mean: 0.697237968445
        median: 0.25804874301
        min: 2.70422462201e-010
        var: 1.31331813335
    zerocrossingrate:
        dmean: 0.00691709946841
        dmean2: 0.00875002052635
        dvar: 6.01570791332e-005
        dvar2: 6.79499571561e-005
        max: 0.52197265625
        mean: 0.0934203341603
        median: 0.09619140625
        min: 0.0068359375
        var: 0.000730759638827
    barkbands:
        dmean: [4.04584568514e-007, 7.13933841325e-005, 0.000167126840097, 0.00016017195594, 0.000416536029661, 0.000196442575543, 9.31883478188e-005, 0.000104280516098, 0.000127093779156, 0.000141286916914, 6.08855225437e-005, 5.7022600231e-005, 6.52456219541e-005, 6.91305540386e-005, 7.44174321881e-005, 8.70435324032e-005, 0.000162534634001, 0.000195566535695, 0.000279166095424, 0.000151054817252, 5.37281957804e-005, 2.53503822023e-005, 4.86125509269e-006, 1.36793732963e-006, 4.33744276052e-007, 1.58013602203e-008, 3.74968667227e-010]
        dmean2: [5.45075863556e-007, 0.000116502909805, 0.000264508184046, 0.000262143614236, 0.000706610211637, 0.000327106099576, 0.000150658510393, 0.000171660547494, 0.000209422199987, 0.000230737699894, 0.000101359459222, 9.3399794423e-005, 0.000109464104753, 0.000113613401481, 0.000121892495372, 0.000143903802382, 0.000266215094598, 0.000322206295095, 0.00045355851762, 0.000255323800957, 9.03108448256e-005, 4.15900758526e-005, 7.91395450506e-006, 2.09382710636e-006, 6.46186265385e-007, 2.31180123933e-008, 5.97154770077e-010]
        dvar: [7.31424469602e-013, 1.3403218091e-008, 4.71041197159e-008, 4.14767704626e-008, 1.09476150101e-006, 7.28683176021e-008, 2.08708161864e-008, 2.61091894771e-008, 5.86966635296e-008, 6.71979876188e-008, 1.38757538792e-008, 8.63452331856e-009, 1.10784892371e-008, 1.20516165936e-008, 1.29330164356e-008, 2.03098267093e-008, 4.57711699653e-008, 6.86883581125e-008, 1.5843897927e-007, 4.0128373513e-008, 8.61090132531e-009, 1.73309699925e-009, 8.49333867126e-011, 1.0605180796e-011, 1.14891971804e-012, 1.73874772951e-015, 3.83570655227e-019]
        dvar2: [1.40265772088e-012, 3.75826090249e-008, 1.23420718978e-007, 1.08295019174e-007, 2.90608363684e-006, 2.03544743727e-007, 5.25476622215e-008, 7.04003326746e-008, 1.65112055583e-007, 1.77260744749e-007, 3.66796264473e-008, 2.27220162685e-008, 3.00988496349e-008, 3.20021982247e-008, 3.30182956532e-008, 5.18235019342e-008, 1.18696149798e-007, 1.74418516963e-007, 3.77925772455e-007, 1.04366499443e-007, 2.11844604081e-008, 3.87436172034e-009, 1.79878778539e-010, 2.09046877031e-011, 2.22437801685e-012, 4.28242705715e-015, 8.05553820341e-019]
        max: [9.16649878491e-006, 0.0013593408512, 0.00390164367855, 0.00459412904456, 0.0101250261068, 0.00361314509064, 0.00261992565356, 0.00322372280061, 0.00446241535246, 0.00484539102763, 0.003153269412, 0.00178446108475, 0.00171177531593, 0.00204077549279, 0.00244456157088, 0.00321248034015, 0.00594312604517, 0.00468206778169, 0.00916273705661, 0.002566534793, 0.00234550330788, 0.00114998954814, 0.000286135240458, 8.48541458254e-005, 3.53143223037e-005, 1.89517879789e-006, 1.12812905684e-008]
        mean: [4.74812452467e-007, 0.000136943592224, 0.000348178582499, 0.000299754581647, 0.000552986399271, 0.000365435844287, 0.000161452495377, 0.000173569220351, 0.00022596771305, 0.000253915699432, 0.000105668084871, 0.000110806024168, 0.000122970377561, 0.000130270651425, 0.000153383531142, 0.00018851387722, 0.00036184801138, 0.000436581321992, 0.000699046533555, 0.000321661384078, 0.000110702640086, 5.47858908249e-005, 9.13890289667e-006, 2.60940169028e-006, 8.77285799561e-007, 3.09535792553e-008, 5.70622049612e-010]
        median: [4.21039061393e-008, 0.000111557441414, 0.000264127738774, 0.000199634087039, 0.000265608046902, 0.000235355910263, 0.000100615652627, 0.000101811434433, 0.000116270202852, 0.000105686922325, 4.74970838695e-005, 6.09408853052e-005, 6.71153829899e-005, 7.90836420492e-005, 9.60337347351e-005, 0.000128347193822, 0.000279643078102, 0.000348080357071, 0.000534743478056, 0.000255609687883, 8.5272367869e-005, 4.0478334995e-005, 6.05699369771e-006, 1.54340648351e-006, 5.29003614247e-007, 1.45240388605e-008, 2.50271359192e-010]
        min: [8.80853919683e-025, 6.64946082026e-024, 5.14908406056e-024, 7.27706435696e-024, 1.69199067915e-023, 9.10390765241e-024, 1.3369748728e-023, 2.76847358363e-023, 3.38304860916e-023, 3.78226239875e-023, 4.81752968752e-023, 1.25678946526e-022, 5.97208473584e-023, 4.16810720482e-023, 9.92621846882e-023, 1.4117947009e-022, 1.11911581925e-022, 1.38529086775e-022, 1.93889628543e-022, 3.25176997452e-022, 3.48286406302e-022, 4.35060802954e-022, 5.34206709544e-022, 6.4477850273e-022, 1.07600001432e-021, 1.12516091717e-021, 2.19479046947e-021]
        var: [1.16683550842e-012, 1.75324554874e-008, 1.1113257159e-007, 1.31712084794e-007, 9.52628681716e-007, 1.53287700755e-007, 3.59248168991e-008, 4.8014701548e-008, 1.22557935356e-007, 1.53932191438e-007, 3.20482982374e-008, 2.13190372023e-008, 2.50748630748e-008, 2.62946571183e-008, 3.18353272633e-008, 5.37744213602e-008, 1.21819155652e-007, 1.56445366883e-007, 5.09783887992e-007, 8.20931731482e-008, 1.4327065756e-008, 4.22401802425e-009, 2.01728647675e-010, 2.62594147815e-011, 2.63650147721e-012, 2.71366909927e-015, 8.75074576815e-019]
    frequency_bands:
        dmean: [4.04584568514e-007, 7.13933841325e-005, 0.000167126840097, 0.00016017195594, 0.000416536029661, 0.000196442575543, 9.31883478188e-005, 0.000104280516098, 0.000127093779156, 0.000141286916914, 6.08855225437e-005, 5.7022600231e-005, 6.52456219541e-005, 6.91305540386e-005, 7.44174321881e-005, 8.70435324032e-005, 0.000162534634001, 0.000195566535695, 0.000279166095424, 0.000151054817252, 5.37281957804e-005, 2.53503822023e-005, 4.86125509269e-006, 1.36793732963e-006, 4.33744276052e-007, 1.58013602203e-008, 3.74968667227e-010, 5.91481655321e-011]
        dmean2: [5.45075863556e-007, 0.000116502909805, 0.000264508184046, 0.000262143614236, 0.000706610211637, 0.000327106099576, 0.000150658510393, 0.000171660547494, 0.000209422199987, 0.000230737699894, 0.000101359459222, 9.3399794423e-005, 0.000109464104753, 0.000113613401481, 0.000121892495372, 0.000143903802382, 0.000266215094598, 0.000322206295095, 0.00045355851762, 0.000255323800957, 9.03108448256e-005, 4.15900758526e-005, 7.91395450506e-006, 2.09382710636e-006, 6.46186265385e-007, 2.31180123933e-008, 5.97154770077e-010, 1.0950511331e-010]
        dvar: [7.31424469602e-013, 1.3403218091e-008, 4.71041197159e-008, 4.14767704626e-008, 1.09476150101e-006, 7.28683176021e-008, 2.08708161864e-008, 2.61091894771e-008, 5.86966635296e-008, 6.71979876188e-008, 1.38757538792e-008, 8.63452331856e-009, 1.10784892371e-008, 1.20516165936e-008, 1.29330164356e-008, 2.03098267093e-008, 4.57711699653e-008, 6.86883581125e-008, 1.5843897927e-007, 4.0128373513e-008, 8.61090132531e-009, 1.73309699925e-009, 8.49333867126e-011, 1.0605180796e-011, 1.14891971804e-012, 1.73874772951e-015, 3.83570655227e-019, 6.41325245816e-021]
        dvar2: [1.40265772088e-012, 3.75826090249e-008, 1.23420718978e-007, 1.08295019174e-007, 2.90608363684e-006, 2.03544743727e-007, 5.25476622215e-008, 7.04003326746e-008, 1.65112055583e-007, 1.77260744749e-007, 3.66796264473e-008, 2.27220162685e-008, 3.00988496349e-008, 3.20021982247e-008, 3.30182956532e-008, 5.18235019342e-008, 1.18696149798e-007, 1.74418516963e-007, 3.77925772455e-007, 1.04366499443e-007, 2.11844604081e-008, 3.87436172034e-009, 1.79878778539e-010, 2.09046877031e-011, 2.22437801685e-012, 4.28242705715e-015, 8.05553820341e-019, 1.99076168618e-020]
        max: [9.16649878491e-006, 0.0013593408512, 0.00390164367855, 0.00459412904456, 0.0101250261068, 0.00361314509064, 0.00261992565356, 0.00322372280061, 0.00446241535246, 0.00484539102763, 0.003153269412, 0.00178446108475, 0.00171177531593, 0.00204077549279, 0.00244456157088, 0.00321248034015, 0.00594312604517, 0.00468206778169, 0.00916273705661, 0.002566534793, 0.00234550330788, 0.00114998954814, 0.000286135240458, 8.48541458254e-005, 3.53143223037e-005, 1.89517879789e-006, 1.12812905684e-008, 1.00803887459e-009]
        mean: [4.74812452467e-007, 0.000136943592224, 0.000348178582499, 0.000299754581647, 0.000552986399271, 0.000365435844287, 0.000161452495377, 0.000173569220351, 0.00022596771305, 0.000253915699432, 0.000105668084871, 0.000110806024168, 0.000122970377561, 0.000130270651425, 0.000153383531142, 0.00018851387722, 0.00036184801138, 0.000436581321992, 0.000699046533555, 0.000321661384078, 0.000110702640086, 5.47858908249e-005, 9.13890289667e-006, 2.60940169028e-006, 8.77285799561e-007, 3.09535792553e-008, 5.70622049612e-010, 4.63955887597e-011]
        median: [4.21039061393e-008, 0.000111557441414, 0.000264127738774, 0.000199634087039, 0.000265608046902, 0.000235355910263, 0.000100615652627, 0.000101811434433, 0.000116270202852, 0.000105686922325, 4.74970838695e-005, 6.09408853052e-005, 6.71153829899e-005, 7.90836420492e-005, 9.60337347351e-005, 0.000128347193822, 0.000279643078102, 0.000348080357071, 0.000534743478056, 0.000255609687883, 8.5272367869e-005, 4.0478334995e-005, 6.05699369771e-006, 1.54340648351e-006, 5.29003614247e-007, 1.45240388605e-008, 2.50271359192e-010, 1.85663914798e-011]
        min: [8.80853919683e-025, 6.64946082026e-024, 5.14908406056e-024, 7.27706435696e-024, 1.69199067915e-023, 9.10390765241e-024, 1.3369748728e-023, 2.76847358363e-023, 3.38304860916e-023, 3.78226239875e-023, 4.81752968752e-023, 1.25678946526e-022, 5.97208473584e-023, 4.16810720482e-023, 9.92621846882e-023, 1.4117947009e-022, 1.11911581925e-022, 1.38529086775e-022, 1.93889628543e-022, 3.25176997452e-022, 3.48286406302e-022, 4.35060802954e-022, 5.34206709544e-022, 6.4477850273e-022, 1.07600001432e-021, 1.12516091717e-021, 2.19479046947e-021, 5.16877619024e-022]
        var: [1.16683550842e-012, 1.75324554874e-008, 1.1113257159e-007, 1.31712084794e-007, 9.52628681716e-007, 1.53287700755e-007, 3.59248168991e-008, 4.8014701548e-008, 1.22557935356e-007, 1.53932191438e-007, 3.20482982374e-008, 2.13190372023e-008, 2.50748630748e-008, 2.62946571183e-008, 3.18353272633e-008, 5.37744213602e-008, 1.21819155652e-007, 1.56445366883e-007, 5.09783887992e-007, 8.20931731482e-008, 1.4327065756e-008, 4.22401802425e-009, 2.01728647675e-010, 2.62594147815e-011, 2.63650147721e-012, 2.71366909927e-015, 8.75074576815e-019, 5.30161945791e-021]
    mfcc:
        mean: [-699.408874512, 114.375907898, -51.52891922, 59.4207458496, -13.8001394272, -3.07964015007, -1.86110150814, 0.207077383995, -4.625623703, -4.94048261642, -0.481890946627, -7.99191522598, -4.75645875931]
        cov: [[4440.11230469, -43.6058311462, -551.626403809, 274.593231201, -215.593017578, 184.622299194, 53.288974762, 350.922241211, 131.94380188, 142.12322998, 79.4008789063, -83.3004989624, -18.0105438232], [-43.6058311462, 630.570007324, -154.551528931, 36.6445922852, 27.6725902557, -42.3224868774, 22.2535896301, -16.2672233582, 5.219227314, -10.4786567688, 21.0461082458, 12.0351724625, 18.8123817444], [-551.626403809, -154.551528931, 428.473052979, 18.0015029907, 51.981010437, 24.876996994, -9.25990104675, -52.2460212708, -22.8868618011, 13.3624925613, -19.8909950256, 42.1178779602, 15.0670289993], [274.593231201, 36.6445922852, 18.0015029907, 236.311737061, 44.9693260193, 18.08618927, 14.2784357071, 26.0090007782, 42.7954025269, 20.4234733582, 16.5742149353, 4.57422447205, 13.5847167969], [-215.593017578, 27.6725902557, 51.981010437, 44.9693260193, 134.933380127, 25.9435882568, 18.6322803497, -4.23523426056, 19.2634086609, 10.8955860138, -1.44359993935, 16.4377250671, 5.39393663406], [184.622299194, -42.3224868774, 24.876996994, 18.08618927, 25.9435882568, 118.143638611, 46.8252410889, 46.6151046753, 6.51532745361, 26.9168128967, 9.64349365234, 1.30776488781, -0.740840554237], [53.288974762, 22.2535896301, -9.25990104675, 14.2784357071, 18.6322803497, 46.8252410889, 132.487518311, 86.7158584595, 18.7673358917, -2.06276154518, 9.68556308746, 5.42122411728, -4.48470544815], [350.922241211, -16.2672233582, -52.2460212708, 26.0090007782, -4.23523426056, 46.6151046753, 86.7158584595, 177.8309021, 68.7761917114, 39.3903083801, 20.329208374, -3.30262207985, -2.96487689018], [131.94380188, 5.219227314, -22.8868618011, 42.7954025269, 19.2634086609, 6.51532745361, 18.7673358917, 68.7761917114, 92.6484298706, 43.6878128052, 12.4930515289, -3.39655089378, -3.21726727486], [142.12322998, -10.4786567688, 13.3624925613, 20.4234733582, 10.8955860138, 26.9168128967, -2.06276154518, 39.3903083801, 43.6878128052, 98.6474990845, 35.3075942993, 9.63826465607, 15.4516935349], [79.4008789063, 21.0461082458, -19.8909950256, 16.5742149353, -1.44359993935, 9.64349365234, 9.68556308746, 20.329208374, 12.4930515289, 35.3075942993, 70.6390686035, 27.9298496246, 12.3963403702], [-83.3004989624, 12.0351724625, 42.1178779602, 4.57422447205, 16.4377250671, 1.30776488781, 5.42122411728, -3.30262207985, -3.39655089378, 9.63826465607, 27.9298496246, 61.5779876709, 28.3018779755], [-18.0105438232, 18.8123817444, 15.0670289993, 13.5847167969, 5.39393663406, -0.740840554237, -4.48470544815, -2.96487689018, -3.21726727486, 15.4516935349, 12.3963403702, 28.3018779755, 65.1044769287]]
        icov: [[0.000448460312327, 6.95320923114e-005, 0.000539868662599, -0.000647365231998, 0.000762205861975, -0.000713631161489, 0.000454360648291, -0.00067103409674, 0.000243768052314, -0.000372845708625, 0.000165283461683, -5.91508978687e-005, 0.000138357689139], [6.95320923114e-005, 0.00198108749464, 0.000949349952862, -0.000393706694013, -0.000454624387203, 0.000707955623511, -0.000845762086101, 0.000628106528893, 4.53215252492e-005, -0.000209736186662, -0.000149782761582, -0.000402902456699, -0.000419017946115], [0.000539868662599, 0.000949349952862, 0.00404606712982, -0.00123061833438, 0.000178460846655, -0.00111812935211, -9.7653879493e-005, 0.000462965428596, 0.000963864615187, -0.00199752976187, 0.00255989399739, -0.00319531629793, 0.000605630688369], [-0.000647365231998, -0.000393706694013, -0.00123061833438, 0.0060409810394, -0.00233348016627, 0.000417926406953, -0.000448778882856, 0.00101571844425, -0.00285111693665, 0.00156521820463, -0.00183173199184, 0.00148254283704, -0.00163569464348], [0.000762205861975, -0.000454624387203, 0.000178460846655, -0.00233348016627, 0.0111086918041, -0.00347186927684, -0.000895766774192, 0.00147050293162, -0.00285069062375, -0.000965516024735, 0.00230174185708, -0.00296837626956, 0.000773631909396], [-0.000713631161489, 0.000707955623511, -0.00111812935211, 0.000417926406953, -0.00347186927684, 0.0134149640799, -0.00405881088227, -0.00112461030949, 0.00366722862236, -0.00342597137205, -0.00035897520138, 0.00129640556406, 0.00037818486453], [0.000454360648291, -0.000845762086101, -9.7653879493e-005, -0.000448778882856, -0.000895766774192, -0.00405881088227, 0.0145579930395, -0.00834220089018, 0.00164446642157, 0.003875014605, -0.00128107285127, -0.000884675013367, 0.000927358458284], [-0.00067103409674, 0.000628106528893, 0.000462965428596, 0.00101571844425, 0.00147050293162, -0.00112461030949, -0.00834220089018, 0.0149622689933, -0.008469610475, -0.00129127386026, -0.000213715888094, -7.68210811657e-005, -0.000752095307689], [0.000243768052314, 4.53215252492e-005, 0.000963864615187, -0.00285111693665, -0.00285069062375, 0.00366722862236, 0.00164446642157, -0.008469610475, 0.021929608658, -0.0080058472231, 0.0018164741341, 0.000231784229982, 0.00296881981194], [-0.000372845708625, -0.000209736186662, -0.00199752976187, 0.00156521820463, -0.000965516024735, -0.00342597137205, 0.003875014605, -0.00129127386026, -0.0080058472231, 0.0193504262716, -0.00895680021495, 0.00331211742014, -0.00438030483201], [0.000165283461683, -0.000149782761582, 0.00255989399739, -0.00183173199184, 0.00230174185708, -0.00035897520138, -0.00128107285127, -0.000213715888094, 0.0018164741341, -0.00895680021495, 0.024146001786, -0.0125370267779, 0.00265402742662], [-5.91508978687e-005, -0.000402902456699, -0.00319531629793, 0.00148254283704, -0.00296837626956, 0.00129640556406, -0.000884675013367, -7.68210811657e-005, 0.000231784229982, 0.00331211742014, -0.0125370267779, 0.0290653035045, -0.0102961724624], [0.000138357689139, -0.000419017946115, 0.000605630688369, -0.00163569464348, 0.000773631909396, 0.00037818486453, 0.000927358458284, -0.000752095307689, 0.00296881981194, -0.00438030483201, 0.00265402742662, -0.0102961724624, 0.0208471342921]]
    sccoeffs:
        dmean: [0.0504301935434, 0.0444591715932, 0.0379698425531, 0.0273560788482, 0.020769752562, 0.0165256112814]
        dmean2: [0.082927569747, 0.0740495920181, 0.0634424686432, 0.0460392311215, 0.0344513356686, 0.0265039037913]
        dvar: [0.0018725321861, 0.00122219894547, 0.000904831569642, 0.000497671077028, 0.000287028728053, 0.00023172753572]
        dvar2: [0.0048602130264, 0.0033559477888, 0.00249784858897, 0.00136699632276, 0.000765140342992, 0.000562318309676]
        max: [-0.278973698616, -0.390912413597, -0.557992637157, -0.593212962151, -0.627650082111, -0.59973526001]
        mean: [-0.636804044247, -0.751671791077, -0.777055621147, -0.793920695782, -0.778931796551, -0.729262411594]
        median: [-0.646042883396, -0.761593937874, -0.782517850399, -0.797700822353, -0.779141366482, -0.727373600006]
        min: [-0.964094400406, -0.963933706284, -0.971256494522, -0.963752686977, -0.961846649647, -0.963087916374]
        var: [0.00612483872101, 0.00500822765753, 0.00287477602251, 0.00169731618371, 0.00107997108717, 0.00124825094827]
    scvalleys:
        dmean: [0.385812312365, 0.334656059742, 0.279623240232, 0.236494004726, 0.213036209345, 0.245408833027]
        dmean2: [0.628063797951, 0.553763866425, 0.462617009878, 0.381566494703, 0.335821390152, 0.349174499512]
        dvar: [0.123089209199, 0.102889671922, 0.0665975287557, 0.0626575425267, 0.0696320086718, 0.109043069184]
        dvar2: [0.274123936892, 0.23949919641, 0.143862515688, 0.116787873209, 0.129282683134, 0.208514422178]
        max: [-5.05353212357, -4.60108757019, -5.13386678696, -5.76770162582, -5.66772413254, -7.65663480759]
        mean: [-6.82248687744, -6.43480157852, -6.84811592102, -7.07088041306, -6.93860197067, -9.94888782501]
        median: [-6.54298591614, -6.29149007797, -6.63032341003, -6.80583810806, -6.67260789871, -9.70886135101]
        min: [-27.4146728516, -28.1772975922, -27.376247406, -27.3033924103, -27.4108886719, -27.2873249054]
        var: [1.50594544411, 0.978031337261, 1.07089698315, 1.12868177891, 1.11318218708, 1.20218682289]

rhythm:
    beats_loudness:
        dmean: 0.00185238069389
        dmean2: 0.00323879928328
        dvar: 2.53729490396e-006
        dvar2: 6.94959044267e-006
        max: 0.0157193168998
        mean: 0.00651195086539
        median: 0.00688195507973
        min: 1.01709293765e-010
        var: 6.61404010316e-006
    bpm: 162.076934814
    bpm_confidence: 0
    first_peak_bpm: 161
    first_peak_spread: 0.02636205405
    first_peak_weight: 0.850998401642
    onset_rate: 2.59387135506
    second_peak_bpm: 167
    second_peak_spread: 0
    second_peak_weight: 0.10599078238
    beats_loudness_band_ratio:
        dmean: [0.119178727269, 0.116623722017, 0.0631121248007, 0.0497049503028, 0.0867835953832, 0.0834599807858]
        dmean2: [0.203359216452, 0.19500425458, 0.105782352388, 0.0852065980434, 0.142995595932, 0.144321233034]
        dvar: [0.00831721164286, 0.0106709273532, 0.00592902256176, 0.0028050148394, 0.00571861630306, 0.00705053564161]
        dvar2: [0.0229065008461, 0.026778018102, 0.0146102067083, 0.00739803398028, 0.0149861369282, 0.0204558204859]
        max: [0.889951586723, 0.902768194675, 0.715311467648, 0.451764166355, 0.646938443184, 0.740963816643]
        mean: [0.273569315672, 0.223899766803, 0.111074693501, 0.0941672921181, 0.220690816641, 0.18830306828]
        median: [0.26308453083, 0.212983623147, 0.0850454941392, 0.0722860693932, 0.211907878518, 0.168470710516]
        min: [0.000332227238687, 0.0112530468032, 0.00828201137483, 0.00459569692612, 0.00597971118987, 0.00286334054545]
        var: [0.0230253599584, 0.0236462336034, 0.00847985595465, 0.00521754799411, 0.0103963119909, 0.00971191842109]
    beats_position: [0.383129239082, 0.766258478165, 1.16099774837, 1.55573689938, 1.95047616959, 2.34521532059, 2.73995471001, 3.14630389214, 3.55265307426, 3.95900225639, 4.3653512001, 4.74848079681, 5.13160991669, 5.51473903656, 5.89786815643, 6.26938772202, 6.65251684189, 7.02403593063, 7.39555549622, 7.75546455383, 8.12698364258, 8.498503685, 8.87002277374, 9.24154186249, 9.61306095123, 9.98458003998, 10.3560991287, 10.7276191711, 11.0991382599, 11.4706573486, 11.8421764374, 12.2136955261, 12.5852155685, 12.9567346573, 13.328253746, 13.6997728348, 14.0712919235, 14.4428119659, 14.8027210236, 15.1626300812, 15.5341491699, 15.9056682587, 16.2771873474, 16.6487064362, 17.0202255249, 17.391746521, 17.7632656097, 18.1347846985, 18.5063037872, 18.877822876, 19.2493419647, 19.6208610535, 19.9923801422, 20.363899231, 20.7354183197, 21.1069393158, 21.4784584045, 21.8499774933, 22.2098865509, 22.5697956085, 22.9413146973, 23.312833786, 23.6843528748, 24.0558719635, 24.4273910522, 24.7989120483, 25.1704311371, 25.5419502258, 25.9134693146, 26.2849884033, 26.6565074921, 27.0280265808, 27.3995456696, 27.7710647583, 28.142583847, 28.5141029358, 28.8856239319, 29.2571430206, 29.6286621094, 30.0001811981, 30.3717002869, 30.7316093445, 31.0915184021, 31.4630374908, 31.8345565796, 32.2060775757, 32.5775947571, 32.9491157532, 33.3206329346, 33.6921539307, 34.0636711121, 34.4351921082, 34.8067131042, 35.1782302856, 35.5497512817, 35.9212684631, 36.2811775208, 36.6526985168, 37.0242156982, 37.3957366943, 37.755645752, 38.1271629333, 38.4986839294, 38.8702049255, 39.2417221069, 39.613243103, 39.9847602844, 40.3562812805, 40.7277984619, 41.099319458, 41.4708366394, 41.8423576355, 42.2138786316, 42.585395813, 42.9569168091, 43.3284339905, 43.6999549866, 44.071472168, 44.4429931641, 44.8145103455, 45.1860313416, 45.5575485229, 45.9174575806, 46.2773704529, 46.6488876343, 47.0204086304, 47.3919258118, 47.7634468079, 48.1349639893, 48.5064849854, 48.8780021667, 49.2495231628, 49.6210403442, 49.9925613403, 50.3640823364, 50.7355995178, 51.1071205139, 51.4786376953, 51.8501586914, 52.2216758728, 52.5931968689, 52.9531059265, 53.3130149841, 53.6845359802, 54.0560531616, 54.4275741577, 54.7990913391, 55.1706123352, 55.5421295166, 55.9136505127, 56.2851676941, 56.6566886902, 57.0282058716, 57.3997268677, 57.7712478638, 58.1427650452, 58.5142860413, 58.8858032227, 59.2573242188, 59.6288414001, 60.0003623962, 60.3602714539, 60.7201805115, 61.0916976929, 61.463218689, 61.8347396851, 62.2062568665, 62.5777778625, 62.9492950439, 63.32081604, 63.6923332214, 64.0638504028, 64.4353713989, 64.806892395, 65.1784133911, 65.5615386963, 65.9214477539, 66.29296875, 66.6644897461, 67.0243988037, 67.3843078613, 67.7558288574, 68.1273422241, 68.4988632202, 68.8703842163, 69.2419052124, 69.6134262085, 69.9849395752, 70.3564605713, 70.7279815674, 71.0995025635, 71.4710159302, 71.8425369263, 72.2140579224, 72.5855789185, 72.9570999146, 73.3286132813, 73.7001342773, 74.060043335, 74.4199523926, 74.7914733887, 75.1629943848, 75.5345077515, 75.9060287476, 76.2775497437, 76.6490707397, 77.0205917358, 77.3921051025, 77.7636260986, 78.1351470947, 78.5066680908, 78.8781814575, 79.2497024536, 79.6212234497, 79.9927444458, 80.3642578125, 80.7357788086, 81.1072998047, 81.4672088623, 81.8271179199, 82.198638916, 82.5701599121, 82.9416732788, 83.3131942749, 83.684715271, 84.0562362671, 84.4277572632, 84.7992706299, 85.170791626, 85.5423126221, 85.9138336182, 86.2853469849, 86.656867981, 87.0283889771, 87.3999099731, 87.7714233398, 88.1429443359, 88.514465332, 88.8743743896, 89.2458953857, 89.6174163818, 89.9773254395, 90.3488388062, 90.7203598022, 91.0918807983, 91.4634017944, 91.8349151611, 92.2064361572, 92.5779571533, 92.9494781494, 93.3209991455, 93.6809082031, 94.0524215698, 94.4239425659, 94.795463562, 95.1669845581, 95.5384979248, 95.9100189209, 96.281539917, 96.6414489746, 97.0129699707, 97.3844909668, 97.7560043335, 98.1275253296, 98.4990463257, 98.8705673218, 99.2420806885, 99.6136016846, 99.9851226807, 100.356643677, 100.728164673, 101.09967804, 101.471199036, 101.842720032, 102.214241028, 102.585754395, 102.957275391, 103.328796387, 103.688705444, 104.048614502, 104.420135498, 104.791656494, 105.163169861, 105.534690857, 105.906211853, 106.277732849, 106.649246216, 107.020767212, 107.392288208, 107.763809204, 108.1353302, 108.506843567, 108.878364563, 109.249885559, 109.621406555, 109.992919922, 110.364440918, 110.735961914, 111.10748291, 111.479003906, 111.850517273, 112.222038269, 112.581947327, 112.953468323, 113.31337738, 113.684898376, 114.056411743, 114.427932739, 114.799453735, 115.170974731, 115.542495728, 115.914009094, 116.28553009, 116.657051086, 117.028572083, 117.400085449, 117.771606445, 118.143127441, 118.514648438, 118.886169434, 119.246078491, 119.617591858, 119.989112854, 120.349021912, 120.720542908, 121.092063904, 121.463577271, 121.835098267, 122.206619263, 122.578140259, 122.949661255, 123.321174622, 123.692695618, 124.064216614, 124.43573761, 124.795646667, 125.167160034, 125.53868103, 125.921813965, 126.293327332, 126.664848328, 127.036369324, 127.40789032, 127.767799377, 128.127700806, 128.499221802, 128.870742798, 129.242263794, 129.61378479, 129.985305786, 130.356826782, 130.728347778, 131.099868774, 131.471374512, 131.842895508, 132.214416504, 132.5859375, 132.957458496, 133.328979492, 133.700500488, 134.072021484, 134.44354248, 134.815048218, 135.174957275, 135.534866333, 135.906387329, 136.277908325, 136.649429321, 137.020950317, 137.392471313, 137.76399231, 138.135513306, 138.507034302, 138.866943359, 139.226852417, 139.586761475, 139.946670532, 140.31817627, 140.689697266, 141.061218262, 141.432739258, 141.804260254, 142.17578125, 142.547302246, 142.918823242, 143.290344238, 143.661849976, 144.033370972, 144.404891968, 144.776412964, 145.159545898, 145.519454956, 145.890975952, 146.262496948, 146.634017944, 147.005523682, 147.377044678, 147.748565674, 148.12008667, 148.479995728, 148.863128662, 149.234649658, 149.606170654, 149.97769165, 150.349197388, 150.720718384, 151.09223938, 151.463760376, 151.835281372, 152.206802368, 152.578323364, 152.94984436, 153.321365356, 153.681274414, 154.041183472, 154.412689209, 154.784210205, 155.155731201, 155.527252197, 155.898773193, 156.270294189, 156.641815186, 157.013336182, 157.384857178, 157.756362915, 158.127883911, 158.499404907, 158.870925903, 159.242446899, 159.625579834, 159.985488892, 160.357009888, 160.728515625, 161.100036621, 161.471557617, 161.843078613, 162.202987671, 162.562896729, 162.934417725, 163.305938721, 163.677459717, 164.048980713, 164.420501709, 164.792022705, 165.163528442, 165.535049438, 165.906570435, 166.278091431, 166.649612427, 167.021133423, 167.392654419, 167.764175415, 168.135681152, 168.507202148, 168.878723145, 169.250244141, 169.621765137, 169.993286133, 170.364807129, 170.736328125, 171.096237183, 171.45614624, 171.827667236, 172.199172974, 172.57069397, 172.942214966, 173.313735962, 173.685256958, 174.056777954, 174.42829895, 174.799819946, 175.171340942, 175.54284668, 175.914367676, 176.285888672, 176.657409668, 177.028930664, 177.40045166, 177.771972656, 178.143493652, 178.515014648, 178.886520386, 179.258041382, 179.629562378, 179.989471436, 180.349380493, 180.720901489, 181.092422485, 181.463943481, 181.835464478, 182.206985474, 182.57850647, 182.950012207, 183.309921265, 183.669830322, 184.052963257, 184.436096191, 184.807617188, 185.179138184, 185.55065918, 185.922180176, 186.293685913, 186.665206909, 187.036727905, 187.396636963, 187.768157959, 188.139678955, 188.511199951, 188.871109009, 189.242630005, 189.614151001, 189.985671997, 190.357177734, 190.72869873, 191.100219727, 191.471740723, 191.843261719, 192.214782715, 192.586303711, 192.957824707, 193.329345703, 193.70085144, 194.060760498, 194.432281494, 194.80380249, 195.175323486, 195.535232544, 195.90675354, 196.278274536, 196.649795532, 197.021316528, 197.392837524, 197.764343262, 198.135864258, 198.507385254, 198.87890625, 199.250427246, 199.621948242, 199.993469238, 200.364990234, 200.73651123, 201.108016968, 201.479537964, 201.85105896, 202.222579956, 202.594100952, 202.965621948, 203.337142944, 203.697052002, 204.05696106, 204.428482056, 204.800003052, 205.171508789, 205.543029785, 205.914550781, 206.286071777, 206.657592773, 207.02911377, 207.389022827, 207.760543823, 208.120452881, 208.491973877, 208.863494873, 209.23500061, 209.606521606, 209.978042603, 210.349563599, 210.721084595, 211.092605591, 211.464126587, 211.835647583, 212.207168579, 212.578674316, 212.950195313, 213.321716309, 213.681625366, 214.064758301, 214.436279297, 214.807800293, 215.179321289, 215.550842285, 215.922348022, 216.293869019, 216.665390015, 217.036911011, 217.408432007, 217.779953003, 218.139862061, 218.511383057, 218.871292114, 219.24281311, 219.614334106, 219.985839844, 220.35736084, 220.728881836, 221.100402832, 221.471923828, 221.843444824, 222.21496582, 222.586486816, 222.946395874, 223.306304932, 223.677825928, 224.049331665, 224.420852661, 224.792373657, 225.163894653, 225.535415649, 225.906936646, 226.278457642, 226.649978638, 227.021499634, 227.393005371, 227.764526367, 228.136047363, 228.507568359, 228.879089355, 229.250610352, 229.622131348, 229.993652344, 230.36517334, 230.736679077, 231.108200073, 231.468109131, 231.839630127, 232.211151123, 232.582672119, 232.942581177, 233.314102173, 233.685623169, 234.057144165, 234.428665161, 234.800170898, 235.171691895, 235.543212891, 235.914733887, 236.286254883, 236.657775879, 237.029296875, 237.400817871, 237.772338867, 238.143844604, 238.515365601, 238.886886597, 239.258407593, 239.629928589, 240.001449585, 240.38458252, 240.790924072, 241.197280884, 241.615234375, 242.021575928]
