
metadata:
    version:
        essentia: "2.1-beta2"
    audio_properties:
        analysis_sample_rate: 44100
        bitrate: 320
        channels: 2
        equal_loudness: 1
        length: 227.186935425
        replay_gain: -15.9138069153
        downmix: "mix"
    tags:
        album: "Anything That Moves"
        artist: "Bobaflex"
        comment: "BigBlackMetal@KickassTorrents"
        date: "2015"
        genre: "Hard Rock"
        title: "Show Me"
        tracknumber: "07/13"

configuration:
    average_loudness:
        compute: 1
        frameSize: 88200
        hopSize: 44100
        silentFrames: "noise"
        windowType: "hann"
    general:
        analysisSampleRate: 44100
        endTime: 2000
        equalLoudness: 1
        nequalLoudness: 0
        shortSound: 0
        startTime: 0
    lowlevel:
        compute: 1
        frameSize: 2048
        hopSize: 1024
        zeroPadding: 0
        silentFrames: "noise"
        windowType: "blackmanharris62"
        mfccStats: ["mean", "cov", "icov"]
        stats: ["mean", "var", "median", "min", "max", "dmean", "dmean2", "dvar", "dvar2"]
    panning:
        compute: 0
        frameSize: 8192
        hopSize: 2048
        zeroPadding: 8192
        silentFrames: "noise"
        windowType: "hann"
        stats: ["copy"]
    rhythm:
        compute: 1
        maxTempo: 208
        minTempo: 40
        method: "degara"
        stats: ["mean", "var", "median", "min", "max", "dmean", "dmean2", "dvar", "dvar2"]
    segmentation:
        compute: 0
        cpw: 5
        inc1: 300
        inc2: 50
        minimumSegmentsLength: 10
        size1: 1000
        size2: 600
    sfx:
        compute: 1
        stats: ["mean", "var", "median", "min", "max", "dmean", "dmean2", "dvar", "dvar2"]
    svm:
        compute: 0
    tonal:
        compute: 1
        frameSize: 4096
        hopSize: 2048
        zeroPadding: 0
        silentFrames: "noise"
        windowType: "blackmanharris62"
        stats: ["mean", "var", "median", "min", "max", "dmean", "dmean2", "dvar", "dvar2"]

lowlevel:
    average_loudness: 0.942562818527
    barkbands_kurtosis:
        dmean: 0.824671924114
        dmean2: 1.2468971014
        dvar: 4.0669093132
        dvar2: 8.1485042572
        max: 48.5464057922
        mean: -0.287620484829
        median: -1.24853336811
        min: -1.90994334221
        var: 10.37271595
    barkbands_skewness:
        dmean: 0.380459696054
        dmean2: 0.582612097263
        dvar: 0.16062310338
        dvar2: 0.349049180746
        max: 6.27620744705
        mean: 0.118896596134
        median: -0.0873930379748
        min: -3.00913167
        var: 0.993995249271
    barkbands_spread:
        dmean: 5.41454935074
        dmean2: 8.58496952057
        dvar: 35.239730835
        dvar2: 81.2652893066
        max: 80.2138671875
        mean: 33.1784629822
        median: 33.9067153931
        min: 2.18414998055
        var: 106.607391357
    dissonance:
        dmean: 0.0114634810016
        dmean2: 0.0192432776093
        dvar: 0.000137590846862
        dvar2: 0.000367921515135
        max: 0.500000119209
        mean: 0.478525549173
        median: 0.482601851225
        min: 0.281331777573
        var: 0.000282051361864
    hfc:
        dmean: 2.1973593235
        dmean2: 3.6212978363
        dvar: 7.9466137886
        dvar2: 20.7691230774
        max: 37.7264823914
        mean: 8.84261322021
        median: 8.50215816498
        min: 1.17621814087e-016
        var: 35.1770782471
    pitch:
        dmean: 997.24230957
        dmean2: 1919.54577637
        dvar: 1941692.125
        dvar2: 4513189.5
        max: 5061.47216797
        mean: 1821.98876953
        median: 788.059814453
        min: 49.3218536377
        var: 2650926.75
    pitch_instantaneous_confidence:
        dmean: 0.0838983654976
        dmean2: 0.136665731668
        dvar: 0.0050219334662
        dvar2: 0.0127404378727
        max: 0.918595314026
        mean: 0.380185335875
        median: 0.361249446869
        min: 0.117751061916
        var: 0.015060255304
    pitch_salience:
        dmean: 0.0556627102196
        dmean2: 0.0933200120926
        dvar: 0.00267224782147
        dvar2: 0.00742696039379
        max: 0.87136298418
        mean: 0.668540835381
        median: 0.681556522846
        min: 0.275485247374
        var: 0.00640367344022
    silence_rate_20dB:
        dmean: 0
        dmean2: 0
        dvar: 0
        dvar2: 0
        max: 1
        mean: 1
        median: 1
        min: 1
        var: 0
    silence_rate_30dB:
        dmean: 0
        dmean2: 0
        dvar: 0
        dvar2: 0
        max: 1
        mean: 1
        median: 1
        min: 1
        var: 0
    silence_rate_60dB:
        dmean: 0.068676546216
        dmean2: 0.137367129326
        dvar: 0.0639599487185
        dvar2: 0.137523755431
        max: 1
        mean: 0.279889643192
        median: 0
        min: 0
        var: 0.201559409499
    spectral_centroid:
        dmean: 251.002838135
        dmean2: 392.026031494
        dvar: 74429.109375
        dvar2: 162872.15625
        max: 11077.2558594
        mean: 1695.11328125
        median: 1796.47241211
        min: 179.503128052
        var: 417559.6875
    spectral_complexity:
        dmean: 3.4086868763
        dmean2: 5.57236289978
        dvar: 12.9961481094
        dvar2: 31.4664115906
        max: 47
        mean: 17.7778453827
        median: 19
        min: 0
        var: 82.5317306519
    spectral_crest:
        dmean: 1.80923593044
        dmean2: 3.01722621918
        dvar: 3.1212785244
        dvar2: 8.19497013092
        max: 22.7613182068
        mean: 6.50447511673
        median: 5.81591129303
        min: 2.27818584442
        var: 6.65994596481
    spectral_decrease:
        dmean: 2.63704613701e-010
        dmean2: 4.2553216506e-010
        dvar: 1.65186378589e-019
        dvar2: 3.98894305321e-019
        max: 6.76654300731e-029
        mean: -1.08008202382e-009
        median: -1.0430190045e-009
        min: -4.4980508207e-009
        var: 3.60886519397e-019
    spectral_energy:
        dmean: 0.00115771195851
        dmean2: 0.00187109131366
        dvar: 2.97138421956e-006
        dvar2: 7.22984668755e-006
        max: 0.0203985627741
        mean: 0.00487853353843
        median: 0.00471064867452
        min: 1.04412052198e-020
        var: 7.44553517507e-006
    spectral_energyband_high:
        dmean: 0.000161578442203
        dmean2: 0.000277817511233
        dvar: 6.0722449291e-008
        dvar2: 1.62096114309e-007
        max: 0.00288266805001
        mean: 0.000347234046785
        median: 0.000290719413897
        min: 7.52796719087e-021
        var: 9.6609348077e-008
    spectral_energyband_low:
        dmean: 0.000224423201871
        dmean2: 0.000384769169614
        dvar: 1.12133626828e-007
        dvar2: 3.07189054638e-007
        max: 0.00308232032694
        mean: 0.000393558322685
        median: 0.000302654050756
        min: 3.81894632411e-023
        var: 1.25542044316e-007
    spectral_energyband_middle_high:
        dmean: 0.000571794284042
        dmean2: 0.00092415662948
        dvar: 4.530992328e-007
        dvar2: 1.15852583349e-006
        max: 0.00968370586634
        mean: 0.00249002128839
        median: 0.00233568064868
        min: 1.31516254692e-021
        var: 2.90988396046e-006
    spectral_energyband_middle_low:
        dmean: 0.000718370545655
        dmean2: 0.00114805297926
        dvar: 1.50467406002e-006
        dvar2: 3.65478649655e-006
        max: 0.0119442297146
        mean: 0.00182358291931
        median: 0.00152887869626
        min: 3.49533664813e-022
        var: 2.06321169571e-006
    spectral_flatness_db:
        dmean: 0.0139267696068
        dmean2: 0.020279077813
        dvar: 0.000188854566659
        dvar2: 0.000379043427529
        max: 0.398398071527
        mean: 0.146519422531
        median: 0.135802835226
        min: 0.0628792345524
        var: 0.00156124262139
    spectral_flux:
        dmean: 0.00765472790226
        dmean2: 0.0116746276617
        dvar: 7.98904438852e-005
        dvar2: 0.000159608360264
        max: 0.110346399248
        mean: 0.0400190502405
        median: 0.0396632924676
        min: 1.02182214079e-010
        var: 0.000266779359663
    spectral_kurtosis:
        dmean: 1.25863194466
        dmean2: 2.09825348854
        dvar: 3.37296533585
        dvar2: 9.43553352356
        max: 40.7375259399
        mean: 3.6874101162
        median: 3.14249181747
        min: -1.20445752144
        var: 6.28958320618
    spectral_rms:
        dmean: 0.000243074231548
        dmean2: 0.00038503354881
        dvar: 9.43334441672e-008
        dvar2: 2.1723748489e-007
        max: 0.00446105794981
        mean: 0.00208462635055
        median: 0.00214377115481
        min: 3.19163619145e-012
        var: 4.13876819039e-007
    spectral_rolloff:
        dmean: 341.583099365
        dmean2: 560.309631348
        dvar: 323304.46875
        dvar2: 657877.375
        max: 19143.0175781
        mean: 3166.31347656
        median: 3488.37890625
        min: 150.732421875
        var: 1076532.125
    spectral_skewness:
        dmean: 0.186914488673
        dmean2: 0.299748897552
        dvar: 0.051213812083
        dvar2: 0.126286372542
        max: 4.43383932114
        mean: 1.27430832386
        median: 1.19408893585
        min: -0.080016285181
        var: 0.152785420418
    spectral_spread:
        dmean: 404422.84375
        dmean2: 556982.5625
        dvar: 381905764352
        dvar2: 535481942016
        max: 40566088
        mean: 4386200.5
        median: 4197958
        min: 1102679.375
        var: 2.2904349655e+012
    spectral_strongpeak:
        dmean: 0.549770712852
        dmean2: 0.954918920994
        dvar: 0.799908220768
        dvar2: 2.11897706985
        max: 10.3702754974
        mean: 0.745658516884
        median: 0.29030585289
        min: 3.02477931591e-010
        var: 1.23942041397
    zerocrossingrate:
        dmean: 0.00787313003093
        dmean2: 0.00942741148174
        dvar: 6.68167485856e-005
        dvar2: 7.64317737776e-005
        max: 0.5029296875
        mean: 0.0975801572204
        median: 0.10302734375
        min: 0.009765625
        var: 0.000854021171108
    barkbands:
        dmean: [5.37839696335e-007, 9.46394939092e-005, 0.00011385155085, 0.000173074149643, 0.000400796969188, 0.000156474125106, 0.000123108853586, 8.88325012056e-005, 0.000123786478071, 0.000111522524094, 5.36890183866e-005, 5.17209991813e-005, 3.83151782444e-005, 4.61270938104e-005, 6.28136913292e-005, 8.78585124156e-005, 0.000155805639224, 0.000185923126992, 0.00028860164457, 0.000166116849869, 7.52469495637e-005, 3.24516331602e-005, 5.67049801248e-006, 1.34247966344e-006, 4.63506580672e-007, 2.26144258875e-008, 4.40608161068e-010]
        dmean2: [7.15779037819e-007, 0.000165166406077, 0.000196568260435, 0.00028978913906, 0.000654682400636, 0.000252872996498, 0.000198693436687, 0.000142276359838, 0.000194005580852, 0.000177070105565, 8.59764040797e-005, 8.34215607028e-005, 6.08468799328e-005, 7.51573606976e-005, 0.000104433529486, 0.000143213124829, 0.00025766598992, 0.00031262851553, 0.000479034788441, 0.000277802435448, 0.000132718982059, 5.45119946764e-005, 9.00377017388e-006, 1.98957354769e-006, 7.14306054306e-007, 3.32038183615e-008, 6.49188314217e-010]
        dvar: [9.07671398979e-013, 2.75307421305e-008, 3.27014788581e-008, 7.10535772441e-008, 7.87819203651e-007, 5.85171804346e-008, 4.28730508872e-008, 2.26242953261e-008, 4.30099085236e-008, 3.60316931847e-008, 6.95537449857e-009, 7.31867810799e-009, 4.60309834693e-009, 5.35168576121e-009, 1.11262732361e-008, 1.88682918179e-008, 4.32660804961e-008, 6.04854477615e-008, 1.54226526661e-007, 4.80063668817e-008, 1.72400405063e-008, 2.64006105866e-009, 8.31165761217e-011, 1.43121183308e-011, 7.19228875675e-013, 1.04577165239e-015, 4.47232155379e-019]
        dvar2: [1.58797237512e-012, 7.58440776849e-008, 9.17946181289e-008, 1.90435500258e-007, 1.99063742912e-006, 1.55028516247e-007, 1.06935672761e-007, 5.42668274761e-008, 1.05798562799e-007, 8.71573959671e-008, 1.71743366195e-008, 1.92187030734e-008, 1.0931109351e-008, 1.34934579066e-008, 2.92254931367e-008, 4.86231250818e-008, 1.10107713169e-007, 1.59740210393e-007, 4.05437049267e-007, 1.26634176922e-007, 4.77227786178e-008, 6.57564669382e-009, 1.87776599825e-010, 2.47902774697e-011, 1.48490616504e-012, 2.59353992208e-015, 8.78701763801e-019]
        max: [7.70159385866e-006, 0.00141194509342, 0.00194626708981, 0.00340260704979, 0.00883070845157, 0.00324632390402, 0.00416675535962, 0.00319099170156, 0.0037792653311, 0.00351229077205, 0.00210080924444, 0.00191639759578, 0.00165563018527, 0.00147231586743, 0.00165562692564, 0.00243552285247, 0.0062330015935, 0.00461008679122, 0.00621048454195, 0.00542641896755, 0.00231171841733, 0.00124750868417, 0.000198453315534, 0.000160284005688, 1.91151993931e-005, 6.60598004742e-007, 1.17796892241e-008]
        mean: [5.90004560763e-007, 0.000114013280836, 0.000169729770278, 0.000258425716311, 0.000555513659492, 0.000300676096231, 0.000200723181479, 0.000160426585353, 0.000233975777519, 0.000220916015678, 0.000101625359093, 9.11060124054e-005, 6.66648338665e-005, 7.9865414591e-005, 0.000109489148599, 0.000185513403267, 0.000339447200531, 0.000390733155655, 0.000702871766407, 0.00039365622797, 0.000123979683849, 6.29629648756e-005, 1.15993880172e-005, 2.97213250633e-006, 1.01550733689e-006, 4.22182218074e-008, 7.95224219807e-010]
        median: [5.13205833386e-008, 7.01495155226e-005, 0.000117738280096, 0.000165325458511, 0.000319622107781, 0.000204612879315, 0.000110611239506, 8.47623450682e-005, 0.000138607720146, 0.000120269716717, 5.88104230701e-005, 5.49522410438e-005, 3.91473513446e-005, 4.85463824589e-005, 6.92212051945e-005, 0.000126061204355, 0.000269288255367, 0.000336961820722, 0.000541155342944, 0.000289800984319, 9.7491312772e-005, 4.61461822852e-005, 8.07502146927e-006, 1.85363705896e-006, 6.80013556575e-007, 2.54233913921e-008, 3.65648872291e-010]
        min: [6.86427868881e-024, 2.74428773936e-023, 1.77129841582e-024, 5.38734884736e-024, 3.92246286091e-023, 5.45457872915e-023, 1.47591804845e-023, 3.04314169796e-023, 5.07972622649e-023, 6.76652762083e-023, 7.28143859068e-023, 1.06071486872e-022, 3.31289142232e-023, 5.85586974728e-023, 1.22301624732e-022, 1.35519260567e-022, 1.67287799936e-022, 1.00190251144e-022, 2.22074896623e-022, 2.81132204675e-022, 2.17026565483e-022, 5.16108902471e-022, 6.70934706966e-022, 7.83891813581e-022, 1.08857079684e-021, 1.4527046488e-021, 2.52371108523e-021]
        var: [1.3696935296e-012, 2.24597780374e-008, 3.35878098667e-008, 9.25301861798e-008, 7.58319288252e-007, 1.01229034044e-007, 7.14167285309e-008, 5.13296178895e-008, 9.51987360054e-008, 1.09221069522e-007, 1.71565552876e-008, 1.40422740103e-008, 8.9014200455e-009, 1.02154711357e-008, 2.02532266513e-008, 5.30976045354e-008, 1.07589933407e-007, 1.12707816413e-007, 4.88192483772e-007, 1.63736856962e-007, 1.72005165666e-008, 4.89911000656e-009, 2.0476415008e-010, 3.78007174173e-011, 1.85504172787e-012, 2.54884940499e-015, 1.37123415523e-018]
    frequency_bands:
        dmean: [5.37839696335e-007, 9.46394939092e-005, 0.00011385155085, 0.000173074149643, 0.000400796969188, 0.000156474125106, 0.000123108853586, 8.88325012056e-005, 0.000123786478071, 0.000111522524094, 5.36890183866e-005, 5.17209991813e-005, 3.83151782444e-005, 4.61270938104e-005, 6.28136913292e-005, 8.78585124156e-005, 0.000155805639224, 0.000185923126992, 0.00028860164457, 0.000166116849869, 7.52469495637e-005, 3.24516331602e-005, 5.67049801248e-006, 1.34247966344e-006, 4.63506580672e-007, 2.26144258875e-008, 4.40608161068e-010, 5.28584467863e-011]
        dmean2: [7.15779037819e-007, 0.000165166406077, 0.000196568260435, 0.00028978913906, 0.000654682400636, 0.000252872996498, 0.000198693436687, 0.000142276359838, 0.000194005580852, 0.000177070105565, 8.59764040797e-005, 8.34215607028e-005, 6.08468799328e-005, 7.51573606976e-005, 0.000104433529486, 0.000143213124829, 0.00025766598992, 0.00031262851553, 0.000479034788441, 0.000277802435448, 0.000132718982059, 5.45119946764e-005, 9.00377017388e-006, 1.98957354769e-006, 7.14306054306e-007, 3.32038183615e-008, 6.49188314217e-010, 9.75543465453e-011]
        dvar: [9.07671398979e-013, 2.75307421305e-008, 3.27014788581e-008, 7.10535772441e-008, 7.87819203651e-007, 5.85171804346e-008, 4.28730508872e-008, 2.26242953261e-008, 4.30099085236e-008, 3.60316931847e-008, 6.95537449857e-009, 7.31867810799e-009, 4.60309834693e-009, 5.35168576121e-009, 1.11262732361e-008, 1.88682918179e-008, 4.32660804961e-008, 6.04854477615e-008, 1.54226526661e-007, 4.80063668817e-008, 1.72400405063e-008, 2.64006105866e-009, 8.31165761217e-011, 1.43121183308e-011, 7.19228875675e-013, 1.04577165239e-015, 4.47232155379e-019, 5.41050478008e-021]
        dvar2: [1.58797237512e-012, 7.58440776849e-008, 9.17946181289e-008, 1.90435500258e-007, 1.99063742912e-006, 1.55028516247e-007, 1.06935672761e-007, 5.42668274761e-008, 1.05798562799e-007, 8.71573959671e-008, 1.71743366195e-008, 1.92187030734e-008, 1.0931109351e-008, 1.34934579066e-008, 2.92254931367e-008, 4.86231250818e-008, 1.10107713169e-007, 1.59740210393e-007, 4.05437049267e-007, 1.26634176922e-007, 4.77227786178e-008, 6.57564669382e-009, 1.87776599825e-010, 2.47902774697e-011, 1.48490616504e-012, 2.59353992208e-015, 8.78701763801e-019, 1.68794362706e-020]
        max: [7.70159385866e-006, 0.00141194509342, 0.00194626708981, 0.00340260704979, 0.00883070845157, 0.00324632390402, 0.00416675535962, 0.00319099170156, 0.0037792653311, 0.00351229077205, 0.00210080924444, 0.00191639759578, 0.00165563018527, 0.00147231586743, 0.00165562692564, 0.00243552285247, 0.0062330015935, 0.00461008679122, 0.00621048454195, 0.00542641896755, 0.00231171841733, 0.00124750868417, 0.000198453315534, 0.000160284005688, 1.91151993931e-005, 6.60598004742e-007, 1.17796892241e-008, 9.50531431343e-010]
        mean: [5.90004560763e-007, 0.000114013280836, 0.000169729770278, 0.000258425716311, 0.000555513659492, 0.000300676096231, 0.000200723181479, 0.000160426585353, 0.000233975777519, 0.000220916015678, 0.000101625359093, 9.11060124054e-005, 6.66648338665e-005, 7.9865414591e-005, 0.000109489148599, 0.000185513403267, 0.000339447200531, 0.000390733155655, 0.000702871766407, 0.00039365622797, 0.000123979683849, 6.29629648756e-005, 1.15993880172e-005, 2.97213250633e-006, 1.01550733689e-006, 4.22182218074e-008, 7.95224219807e-010, 4.20646226185e-011]
        median: [5.13205833386e-008, 7.01495155226e-005, 0.000117738280096, 0.000165325458511, 0.000319622107781, 0.000204612879315, 0.000110611239506, 8.47623450682e-005, 0.000138607720146, 0.000120269716717, 5.88104230701e-005, 5.49522410438e-005, 3.91473513446e-005, 4.85463824589e-005, 6.92212051945e-005, 0.000126061204355, 0.000269288255367, 0.000336961820722, 0.000541155342944, 0.000289800984319, 9.7491312772e-005, 4.61461822852e-005, 8.07502146927e-006, 1.85363705896e-006, 6.80013556575e-007, 2.54233913921e-008, 3.65648872291e-010, 1.60033201968e-011]
        min: [6.86427868881e-024, 2.74428773936e-023, 1.77129841582e-024, 5.38734884736e-024, 3.92246286091e-023, 5.45457872915e-023, 1.47591804845e-023, 3.04314169796e-023, 5.07972622649e-023, 6.76652762083e-023, 7.28143859068e-023, 1.06071486872e-022, 3.31289142232e-023, 5.85586974728e-023, 1.22301624732e-022, 1.35519260567e-022, 1.67287799936e-022, 1.00190251144e-022, 2.22074896623e-022, 2.81132204675e-022, 2.17026565483e-022, 5.16108902471e-022, 6.70934706966e-022, 7.83891813581e-022, 1.08857079684e-021, 1.4527046488e-021, 2.52371108523e-021, 6.89517291155e-022]
        var: [1.3696935296e-012, 2.24597780374e-008, 3.35878098667e-008, 9.25301861798e-008, 7.58319288252e-007, 1.01229034044e-007, 7.14167285309e-008, 5.13296178895e-008, 9.51987360054e-008, 1.09221069522e-007, 1.71565552876e-008, 1.40422740103e-008, 8.9014200455e-009, 1.02154711357e-008, 2.02532266513e-008, 5.30976045354e-008, 1.07589933407e-007, 1.12707816413e-007, 4.88192483772e-007, 1.63736856962e-007, 1.72005165666e-008, 4.89911000656e-009, 2.0476415008e-010, 3.78007174173e-011, 1.85504172787e-012, 2.54884940499e-015, 1.37123415523e-018, 4.5097685048e-021]
    mfcc:
        mean: [-704.797363281, 109.175712585, -46.993019104, 59.4361190796, -16.5419139862, -8.64792823792, -3.0589697361, 2.55403137207, -3.23303508759, -4.29346370697, -3.98510909081, -8.24365139008, -4.05972003937]
        cov: [[5259.23779297, -172.731933594, -546.988525391, 282.468109131, -496.82043457, 111.459487915, -157.877593994, 104.167686462, -69.0283813477, 8.32504177094, -41.4328155518, -89.8367462158, 27.1023979187], [-172.731933594, 759.520996094, -128.145996094, 16.9562911987, 37.4916572571, -77.8308486938, 40.6512184143, -22.0953674316, -11.2420883179, -12.2082395554, 20.0322647095, 3.09596562386, -5.56119203568], [-546.988525391, -128.145996094, 787.975891113, 133.602996826, 163.091705322, 227.683853149, 24.6619300842, 41.9286346436, 15.6803770065, 0.85749143362, 31.6291770935, 15.241566658, -32.4860305786], [282.468109131, 16.9562911987, 133.602996826, 244.175521851, 64.9919281006, 79.2732696533, -18.5605773926, 3.66610693932, 15.1406726837, -8.56548595428, -2.63768100739, -18.2779884338, -0.181384593248], [-496.82043457, 37.4916572571, 163.091705322, 64.9919281006, 198.94732666, 31.658159256, 7.54016447067, -22.9248714447, 15.2036762238, 2.25696873665, -10.3665647507, -1.15792012215, -16.8610858917], [111.459487915, -77.8308486938, 227.683853149, 79.2732696533, 31.658159256, 196.080276489, 17.117149353, 24.1457252502, -5.49248313904, 0.743134558201, 23.4309654236, -0.302949011326, -8.47527503967], [-157.877593994, 40.6512184143, 24.6619300842, -18.5605773926, 7.54016447067, 17.117149353, 89.7847442627, 32.3875732422, 2.3599460125, -6.4996638298, 7.74123334885, 6.68866300583, -3.12367153168], [104.167686462, -22.0953674316, 41.9286346436, 3.66610693932, -22.9248714447, 24.1457252502, 32.3875732422, 100.184234619, 24.4084320068, 6.37502336502, 10.9237413406, -0.114604271948, 0.146105781198], [-69.0283813477, -11.2420883179, 15.6803770065, 15.1406726837, 15.2036762238, -5.49248313904, 2.3599460125, 24.4084320068, 67.3077774048, 22.90533638, 5.96985673904, 2.44279837608, -2.82627391815], [8.32504177094, -12.2082395554, 0.85749143362, -8.56548595428, 2.25696873665, 0.743134558201, -6.4996638298, 6.37502336502, 22.90533638, 71.1582870483, 18.2340984344, 1.84114098549, -1.39248359203], [-41.4328155518, 20.0322647095, 31.6291770935, -2.63768100739, -10.3665647507, 23.4309654236, 7.74123334885, 10.9237413406, 5.96985673904, 18.2340984344, 71.4061737061, 27.2595977783, -1.26920771599], [-89.8367462158, 3.09596562386, 15.241566658, -18.2779884338, -1.15792012215, -0.302949011326, 6.68866300583, -0.114604271948, 2.44279837608, 1.84114098549, 27.2595977783, 56.8898620605, 21.5108947754], [27.1023979187, -5.56119203568, -32.4860305786, -0.181384593248, -16.8610858917, -8.47527503967, -3.12367153168, 0.146105781198, -2.82627391815, -1.39248359203, -1.26920771599, 21.5108947754, 69.2710800171]]
        icov: [[0.000406825332902, 1.29975987875e-005, 0.00034681239049, -0.000748848193325, 0.000976500392426, -0.000496827065945, 0.000605442735832, -0.000541978108231, 0.000507851247676, -0.000332586263539, 0.000445320853032, -6.60101432004e-005, 0.000250594021054], [1.29975987875e-005, 0.00157392502297, 0.000270076998277, -0.000493628322147, -0.000456430396298, 0.000768013240304, -0.000989562598988, 0.000255408231169, 0.000447119993623, 0.000206487879041, -0.000994168221951, 0.000220696252654, 0.000119987838843], [0.00034681239049, 0.000270076998277, 0.00273587205447, -0.000870462041348, -0.000851259916089, -0.00263595650904, 0.000698309158906, -0.00133220211137, 0.000476908986457, -3.8215675886e-005, 0.000149368599523, -0.00107478559949, 0.00102652341593], [-0.000748848193325, -0.000493628322147, -0.000870462041348, 0.00725613208488, -0.00319384061731, -0.00137366144918, 0.00098499644082, 0.000723939563613, -0.00275657465681, 0.00211841007695, -0.00120183976833, 0.00257795234211, -0.00193088466767], [0.000976500392426, -0.000456430396298, -0.000851259916089, -0.00319384061731, 0.00999022554606, -0.0006058451836, -6.96316565154e-005, 0.00171975162812, -0.000713096174877, -0.00159058289137, 0.00332622718997, -0.00125490722712, 0.0019140887307], [-0.000496827065945, 0.000768013240304, -0.00263595650904, -0.00137366144918, -0.0006058451836, 0.0100341886282, -0.00254808343016, 1.4196549273e-005, 0.00182239792775, -8.46219263622e-005, -0.00315896933898, 0.00138092087582, -0.000432507629739], [0.000605442735832, -0.000989562598988, 0.000698309158906, 0.00098499644082, -6.96316565154e-005, -0.00254808343016, 0.0154817011207, -0.00599236320704, 0.00106645026244, 0.00142832414713, 0.00051301647909, -0.00138947030064, 0.000908896268811], [-0.000541978108231, 0.000255408231169, -0.00133220211137, 0.000723939563613, 0.00171975162812, 1.4196549273e-005, -0.00599236320704, 0.015107662417, -0.00619707489386, 0.000579706917051, -0.00156855490059, 0.00191898480989, -0.00113789131865], [0.000507851247676, 0.000447119993623, 0.000476908986457, -0.00275657465681, -0.000713096174877, 0.00182239792775, 0.00106645026244, -0.00619707489386, 0.0207448545843, -0.00643237819895, 0.000664736609906, -0.00194589036983, 0.0014977249084], [-0.000332586263539, 0.000206487879041, -3.8215675886e-005, 0.00211841007695, -0.00159058289137, -8.46219263622e-005, 0.00142832414713, 0.000579706917051, -0.00643237819895, 0.0179611574858, -0.00574288656935, 0.00280954991467, -0.00107906723861], [0.000445320853032, -0.000994168221951, 0.000149368599523, -0.00120183976833, 0.00332622718997, -0.00315896933898, 0.00051301647909, -0.00156855490059, 0.000664736609906, -0.00574288656935, 0.0220873299986, -0.0117002297193, 0.00421209493652], [-6.60101432004e-005, 0.000220696252654, -0.00107478559949, 0.00257795234211, -0.00125490722712, 0.00138092087582, -0.00138947030064, 0.00191898480989, -0.00194589036983, 0.00280954991467, -0.0117002297193, 0.027945144102, -0.0095721045509], [0.000250594021054, 0.000119987838843, 0.00102652341593, -0.00193088466767, 0.0019140887307, -0.000432507629739, 0.000908896268811, -0.00113789131865, 0.0014977249084, -0.00107906723861, 0.00421209493652, -0.0095721045509, 0.0183693878353]]
    sccoeffs:
        dmean: [0.0514713488519, 0.0440143086016, 0.0362059287727, 0.0288763213903, 0.0212717093527, 0.0187664665282]
        dmean2: [0.0837701559067, 0.0728817880154, 0.0589669421315, 0.0475456602871, 0.035040769726, 0.0301754120737]
        dvar: [0.00182449235581, 0.00125676579773, 0.000860049738549, 0.00053071056027, 0.000297063263133, 0.000379892444471]
        dvar2: [0.00477228779346, 0.00335953850299, 0.00221657962538, 0.0013911772985, 0.000767259509303, 0.000926446053199]
        max: [-0.312442392111, -0.41876745224, -0.500120103359, -0.574082493782, -0.521513640881, -0.602173089981]
        mean: [-0.661899387836, -0.753711819649, -0.773359000683, -0.795527935028, -0.781641662121, -0.733789563179]
        median: [-0.664288878441, -0.757056951523, -0.777007937431, -0.800618946552, -0.782309532166, -0.725250244141]
        min: [-0.958880841732, -0.962559700012, -0.968722105026, -0.968935728073, -0.965907514095, -0.96214389801]
        var: [0.00478807464242, 0.00381159246899, 0.00345151894726, 0.00205183727667, 0.00150865572505, 0.0019815415144]
    scvalleys:
        dmean: [0.387633025646, 0.33863735199, 0.289730012417, 0.260675102472, 0.235746026039, 0.257410883904]
        dmean2: [0.626813650131, 0.548775076866, 0.454776078463, 0.404720276594, 0.355064511299, 0.366787672043]
        dvar: [0.118999756873, 0.110192276537, 0.0850749313831, 0.0827070251107, 0.0950714871287, 0.123252168298]
        dvar2: [0.271031796932, 0.23409537971, 0.160754755139, 0.146514430642, 0.168279275298, 0.230438753963]
        max: [-5.22728443146, -4.72162818909, -5.33676052094, -5.55528688431, -5.59107589722, -7.82824897766]
        mean: [-6.81065607071, -6.50632286072, -6.94228363037, -7.28722858429, -6.97364234924, -9.91639518738]
        median: [-6.58826065063, -6.30190515518, -6.68694496155, -7.024725914, -6.66060447693, -9.57058334351]
        min: [-27.3407783508, -27.6428852081, -27.2714195251, -27.1232814789, -27.1771297455, -27.2326316833]
        var: [1.73343539238, 1.36471796036, 1.37727427483, 1.28618526459, 1.30735373497, 1.46300756931]

rhythm:
    beats_loudness:
        dmean: 0.00317721161991
        dmean2: 0.00603954261169
        dvar: 4.7844528126e-006
        dvar2: 1.60025501827e-005
        max: 0.0135647449642
        mean: 0.00641185604036
        median: 0.0063609899953
        min: 3.17007921649e-012
        var: 7.99894769443e-006
    bpm: 135.940032959
    bpm_confidence: 0
    first_peak_bpm: 136
    first_peak_spread: 0.0497017875314
    first_peak_weight: 0.93359375
    onset_rate: 2.90069508553
    second_peak_bpm: 129
    second_peak_spread: 0.222222223878
    second_peak_weight: 0.013671875
    beats_loudness_band_ratio:
        dmean: [0.165914297104, 0.162073582411, 0.0813554003835, 0.0538577325642, 0.087355107069, 0.0827288031578]
        dmean2: [0.308481037617, 0.310710847378, 0.141453102231, 0.0948996767402, 0.156385600567, 0.146010711789]
        dvar: [0.0123370140791, 0.011276611127, 0.00607722718269, 0.0026787831448, 0.00506410608068, 0.00516035640612]
        dvar2: [0.0400661379099, 0.0366617180407, 0.0177332982421, 0.00734137464315, 0.0162050295621, 0.0162280276418]
        max: [0.787313997746, 0.536963939667, 0.588350176811, 0.315526068211, 0.668670117855, 0.647049248219]
        mean: [0.264911323786, 0.204316273332, 0.135727792978, 0.0883353352547, 0.208968430758, 0.196987271309]
        median: [0.256814241409, 0.182444885373, 0.117175750434, 0.0727358087897, 0.191410705447, 0.186826229095]
        min: [0, 0, 0, 0, 0, 0]
        var: [0.0255711041391, 0.015452076681, 0.00707632023841, 0.00331651302986, 0.0110494717956, 0.00863232649863]
    beats_position: [0.429569154978, 0.870748281479, 1.3235373497, 1.77632653713, 2.22911548615, 2.68190479279, 3.14630389214, 3.61070299149, 4.07510185242, 4.55111122131, 5.01551008224, 5.46829938889, 5.92108821869, 6.3622674942, 6.80344676971, 7.24462556839, 7.6858048439, 8.12698364258, 8.56816291809, 9.0093421936, 9.45052146912, 9.89170074463, 10.3328800201, 10.774058342, 11.2152376175, 11.656416893, 12.0975961685, 12.538775444, 12.9799547195, 13.4211339951, 13.8623123169, 14.3034915924, 14.7446708679, 15.1858501434, 15.6270294189, 16.0682086945, 16.50938797, 16.9505672455, 17.391746521, 17.8329238892, 18.2741031647, 18.7152824402, 19.1564617157, 19.5976409912, 20.0388202667, 20.4799995422, 20.9211788177, 21.3623580933, 21.8035373688, 22.2447166443, 22.6858959198, 23.1270751953, 23.5682544708, 24.009431839, 24.4506111145, 24.89179039, 25.3329696655, 25.774148941, 26.2153282166, 26.6565074921, 27.0976867676, 27.5388660431, 27.9800453186, 28.4212245941, 28.8624038696, 29.3035831451, 29.7447605133, 30.1859397888, 30.6271190643, 31.0682983398, 31.5094776154, 31.9506568909, 32.391834259, 32.8330154419, 33.2741928101, 33.7153739929, 34.1565513611, 34.5977325439, 35.0389099121, 35.480091095, 35.9212684631, 36.362449646, 36.8036270142, 37.244808197, 37.6859855652, 38.1271629333, 38.5683441162, 39.0095214844, 39.4507026672, 39.8918800354, 40.3330612183, 40.7742385864, 41.2154197693, 41.6565971375, 42.0977783203, 42.5389556885, 42.9801368713, 43.4213142395, 43.8624954224, 44.3036727905, 44.7448501587, 45.1860313416, 45.6272087097, 46.0683898926, 46.5095672607, 46.9507484436, 47.3919258118, 47.8331069946, 48.2742843628, 48.7154655457, 49.1566429138, 49.5978240967, 50.0390014648, 50.480178833, 50.9213600159, 51.3509292603, 51.7804985046, 52.2332878113, 52.6860771179, 53.1272544861, 53.5684356689, 54.0096130371, 54.45079422, 54.8919715881, 55.333152771, 55.7627182007, 56.2038993835, 56.6566886902, 57.0978660583, 57.5390472412, 57.9802246094, 58.4214057922, 58.8625831604, 59.3037643433, 59.7449417114, 60.1861228943, 60.6273002625, 61.0684814453, 61.5096588135, 61.9392280579, 62.380405426, 62.8331947327, 63.2743759155, 63.7155532837, 64.1567306519, 64.5979156494, 65.0390930176, 65.4802703857, 65.9214477539, 66.3626327515, 66.8038101196, 67.2449874878, 67.686164856, 68.1273422241, 68.5685272217, 69.0097045898, 69.450881958, 69.8920593262, 70.3332443237, 70.7744216919, 71.2155990601, 71.6567764282, 72.0979614258, 72.5391387939, 72.9803161621, 73.4214935303, 73.8626708984, 74.303855896, 74.7450332642, 75.1862106323, 75.6273880005, 76.068572998, 76.5097503662, 76.9509277344, 77.3921051025, 77.8332901001, 78.2744674683, 78.7156448364, 79.1568222046, 79.5979995728, 80.0391845703, 80.4803619385, 80.9215393066, 81.3627166748, 81.8039016724, 82.2450790405, 82.6862564087, 83.1274337769, 83.5686187744, 84.0097961426, 84.4509735107, 84.8921508789, 85.3333282471, 85.7745132446, 86.2156906128, 86.656867981, 87.0980453491, 87.5392303467, 87.9804077148, 88.421585083, 88.8627624512, 89.3039474487, 89.7451248169, 90.1863021851, 90.6274795532, 91.0686569214, 91.5098419189, 91.9510192871, 92.3921966553, 92.8333740234, 93.274559021, 93.7157363892, 94.1569137573, 94.5980911255, 95.039276123, 95.4804534912, 95.9216308594, 96.3628082275, 96.8039855957, 97.2451705933, 97.6863479614, 98.1275253296, 98.5687026978, 99.0098876953, 99.4510650635, 99.8922424316, 100.3334198, 100.774604797, 101.215782166, 101.656959534, 102.098136902, 102.53931427, 102.980499268, 103.421676636, 103.862854004, 104.304031372, 104.74521637, 105.186393738, 105.627571106, 106.068748474, 106.509933472, 106.95111084, 107.392288208, 107.833465576, 108.274642944, 108.715827942, 109.15700531, 109.598182678, 110.039360046, 110.480545044, 110.921722412, 111.36289978, 111.804077148, 112.245262146, 112.686439514, 113.127616882, 113.56879425, 114.009971619, 114.451156616, 114.880722046, 115.310295105, 115.763084412, 116.20426178, 116.657051086, 117.098228455, 117.539405823, 117.98059082, 118.421768188, 118.862945557, 119.292518616, 119.733695984, 120.186485291, 120.627662659, 121.068840027, 121.510017395, 121.951202393, 122.392379761, 122.833557129, 123.274734497, 123.715919495, 124.157096863, 124.598274231, 125.039451599, 125.480628967, 125.921813965, 126.362991333, 126.804168701, 127.245346069, 127.686531067, 128.127700806, 128.568893433, 129.010070801, 129.451248169, 129.892425537, 130.333602905, 130.774780273, 131.215957642, 131.65713501, 132.098312378, 132.539505005, 132.980682373, 133.421859741, 133.863037109, 134.304214478, 134.745391846, 135.186569214, 135.627746582, 136.068939209, 136.510116577, 136.951293945, 137.392471313, 137.833648682, 138.27482605, 138.716003418, 139.157180786, 139.598358154, 140.039550781, 140.480728149, 140.921905518, 141.363082886, 141.804260254, 142.245437622, 142.68661499, 143.127792358, 143.568969727, 144.010162354, 144.451339722, 144.89251709, 145.333694458, 145.774871826, 146.216049194, 146.657226563, 147.098403931, 147.539596558, 147.980773926, 148.421951294, 148.863128662, 149.30430603, 149.745483398, 150.186660767, 150.627838135, 151.069015503, 151.51020813, 151.951385498, 152.392562866, 152.833740234, 153.274917603, 153.716094971, 154.157272339, 154.598449707, 155.039627075, 155.480819702, 155.92199707, 156.363174438, 156.804351807, 157.245529175, 157.686706543, 158.127883911, 158.569061279, 159.010253906, 159.451431274, 159.892608643, 160.333786011, 160.774963379, 161.216140747, 161.657318115, 162.098495483, 162.539672852, 162.980865479, 163.422042847, 163.863220215, 164.304397583, 164.745574951, 165.186752319, 165.627929688, 166.069107056, 166.510284424, 166.951477051, 167.392654419, 167.833831787, 168.275009155, 168.716186523, 169.157363892, 169.59854126, 170.039718628, 170.480911255, 170.922088623, 171.363265991, 171.804443359, 172.245620728, 172.686798096, 173.127975464, 173.569152832, 174.0103302, 174.451522827, 174.892700195, 175.333877563, 175.775054932, 176.2162323, 176.657409668, 177.098587036, 177.539764404, 177.980941772, 178.422134399, 178.863311768, 179.304489136, 179.745666504, 180.186843872, 180.62802124, 181.069198608, 181.510375977, 181.951568604, 182.392745972, 182.83392334, 183.275100708, 183.716278076, 184.157455444, 184.598632813, 185.039810181, 185.480987549, 185.922180176, 186.363357544, 186.804534912, 187.24571228, 187.686889648, 188.128067017, 188.569244385, 189.010421753, 189.451599121, 189.892791748, 190.333969116, 190.775146484, 191.216323853, 191.657501221, 192.098678589, 192.539855957, 192.981033325, 193.422225952, 193.851791382, 194.29296875, 194.734146118, 195.175323486, 195.628112793, 196.069290161, 196.510467529, 196.951644897, 197.392837524, 197.834014893, 198.275192261, 198.716369629, 199.157546997, 199.598724365, 200.039901733, 200.481079102, 200.92225647, 201.363449097, 201.804626465, 202.245803833, 202.686981201, 203.128158569, 203.569335938, 204.010513306, 204.451690674, 204.892883301, 205.334060669, 205.775238037, 206.216415405, 206.657592773, 207.098770142, 207.53994751, 207.981124878, 208.422302246, 208.863494873, 209.304672241, 209.745849609, 210.187026978, 210.628204346, 211.069381714, 211.510559082, 211.95173645, 212.392913818, 212.834106445, 213.275283813, 213.716461182, 214.15763855, 214.598815918, 215.039993286, 215.481170654, 215.922348022, 216.363540649, 216.804718018, 217.245895386, 217.687072754, 218.128250122, 218.56942749, 219.010604858, 219.451782227, 219.892959595, 220.334152222, 220.77532959, 221.216506958, 221.657684326, 222.098861694, 222.540039063, 222.981216431, 223.422393799, 223.875183105, 224.327972412, 224.780761719, 225.245162964, 225.709564209, 226.173965454, 226.649978638]
