
metadata:
    version:
        essentia: "2.1-beta2"
    audio_properties:
        analysis_sample_rate: 44100
        bitrate: 320
        channels: 2
        equal_loudness: 1
        length: 238.576324463
        replay_gain: -16.9007225037
        downmix: "mix"
    tags:
        album: "Anything That Moves"
        artist: "Bobaflex"
        comment: "BigBlackMetal@KickassTorrents"
        date: "2015"
        genre: "Hard Rock"
        title: "Objectified"
        tracknumber: "08/13"

configuration:
    average_loudness:
        compute: 1
        frameSize: 88200
        hopSize: 44100
        silentFrames: "noise"
        windowType: "hann"
    general:
        analysisSampleRate: 44100
        endTime: 2000
        equalLoudness: 1
        nequalLoudness: 0
        shortSound: 0
        startTime: 0
    lowlevel:
        compute: 1
        frameSize: 2048
        hopSize: 1024
        zeroPadding: 0
        silentFrames: "noise"
        windowType: "blackmanharris62"
        mfccStats: ["mean", "cov", "icov"]
        stats: ["mean", "var", "median", "min", "max", "dmean", "dmean2", "dvar", "dvar2"]
    panning:
        compute: 0
        frameSize: 8192
        hopSize: 2048
        zeroPadding: 8192
        silentFrames: "noise"
        windowType: "hann"
        stats: ["copy"]
    rhythm:
        compute: 1
        maxTempo: 208
        minTempo: 40
        method: "degara"
        stats: ["mean", "var", "median", "min", "max", "dmean", "dmean2", "dvar", "dvar2"]
    segmentation:
        compute: 0
        cpw: 5
        inc1: 300
        inc2: 50
        minimumSegmentsLength: 10
        size1: 1000
        size2: 600
    sfx:
        compute: 1
        stats: ["mean", "var", "median", "min", "max", "dmean", "dmean2", "dvar", "dvar2"]
    svm:
        compute: 0
    tonal:
        compute: 1
        frameSize: 4096
        hopSize: 2048
        zeroPadding: 0
        silentFrames: "noise"
        windowType: "blackmanharris62"
        stats: ["mean", "var", "median", "min", "max", "dmean", "dmean2", "dvar", "dvar2"]

lowlevel:
    average_loudness: 0.963872671127
    barkbands_kurtosis:
        dmean: 0.500520527363
        dmean2: 0.789972126484
        dvar: 1.48651587963
        dvar2: 2.86190509796
        max: 43.4365234375
        mean: -0.886103868484
        median: -1.28829705715
        min: -1.94924652576
        var: 3.49518799782
    barkbands_skewness:
        dmean: 0.33670720458
        dmean2: 0.514143407345
        dvar: 0.106174476445
        dvar2: 0.228600844741
        max: 6.14013242722
        mean: -0.12297475338
        median: -0.150169253349
        min: -3.86051821709
        var: 0.483926832676
    barkbands_spread:
        dmean: 4.88869905472
        dmean2: 7.82606649399
        dvar: 25.1575298309
        dvar2: 61.5948829651
        max: 76.922706604
        mean: 34.9499969482
        median: 35.1787719727
        min: 3.23979020119
        var: 72.4541854858
    dissonance:
        dmean: 0.00991169456393
        dmean2: 0.0168033372611
        dvar: 8.57110935613e-005
        dvar2: 0.000237973319599
        max: 0.500000119209
        mean: 0.482056558132
        median: 0.484983086586
        min: 0.339510411024
        var: 0.000158405717229
    hfc:
        dmean: 2.06393837929
        dmean2: 3.28376698494
        dvar: 9.10890483856
        dvar2: 23.7260684967
        max: 34.6415863037
        mean: 7.8245306015
        median: 7.07126140594
        min: 1.18924471351e-016
        var: 18.3296279907
    pitch:
        dmean: 950.665283203
        dmean2: 1815.71789551
        dvar: 1705068.125
        dvar2: 4062566.25
        max: 5275.75585938
        mean: 1600.68493652
        median: 622.443847656
        min: 48.9442367554
        var: 2304457.5
    pitch_instantaneous_confidence:
        dmean: 0.074215516448
        dmean2: 0.121581412852
        dvar: 0.00391233852133
        dvar2: 0.0100470827892
        max: 0.943967163563
        mean: 0.349462926388
        median: 0.323091953993
        min: 0.103748261929
        var: 0.0162321329117
    pitch_salience:
        dmean: 0.0554895065725
        dmean2: 0.0927656516433
        dvar: 0.002523007337
        dvar2: 0.00728640612215
        max: 0.864524483681
        mean: 0.683232605457
        median: 0.694583654404
        min: 0.337177634239
        var: 0.00492859724909
    silence_rate_20dB:
        dmean: 0
        dmean2: 0
        dvar: 0
        dvar2: 0
        max: 1
        mean: 1
        median: 1
        min: 1
        var: 0
    silence_rate_30dB:
        dmean: 0
        dmean2: 0
        dvar: 0
        dvar2: 0
        max: 1
        mean: 1
        median: 1
        min: 1
        var: 0
    silence_rate_60dB:
        dmean: 0.0870072990656
        dmean2: 0.174031540751
        dvar: 0.0794355943799
        dvar2: 0.1702118963
        max: 1
        mean: 0.228298947215
        median: 0
        min: 0
        var: 0.176186144352
    spectral_centroid:
        dmean: 230.938583374
        dmean2: 356.343597412
        dvar: 52060.0351563
        dvar2: 114314.929688
        max: 11472.1572266
        mean: 1729.20703125
        median: 1724.73803711
        min: 195.082107544
        var: 213384.59375
    spectral_complexity:
        dmean: 3.82014608383
        dmean2: 5.99221324921
        dvar: 15.4240207672
        dvar2: 33.6367835999
        max: 47
        mean: 17.4776172638
        median: 17
        min: 0
        var: 55.7387619019
    spectral_crest:
        dmean: 1.72641742229
        dmean2: 2.86640667915
        dvar: 2.78024959564
        dvar2: 7.2598824501
        max: 20.3713130951
        mean: 5.93711900711
        median: 5.30382442474
        min: 2.3232088089
        var: 5.43401288986
    spectral_decrease:
        dmean: 2.77545431082e-010
        dmean2: 4.38434372141e-010
        dvar: 2.20696155977e-019
        dvar2: 5.4115060402e-019
        max: -2.59821039803e-029
        mean: -1.00947095127e-009
        median: -9.26746179797e-010
        min: -4.27705826311e-009
        var: 2.99369562531e-019
    spectral_energy:
        dmean: 0.0012075182749
        dmean2: 0.00190101098269
        dvar: 4.0398335841e-006
        dvar2: 9.97883762466e-006
        max: 0.0190499667078
        mean: 0.00451969495043
        median: 0.00415185745806
        min: 1.08848559481e-020
        var: 5.78111803407e-006
    spectral_energyband_high:
        dmean: 0.000124563332065
        dmean2: 0.000207336794119
        dvar: 3.67991219719e-008
        dvar2: 9.31391639369e-008
        max: 0.00340209016576
        mean: 0.000295970996376
        median: 0.000212610146264
        min: 7.70794359758e-021
        var: 7.23314599327e-008
    spectral_energyband_low:
        dmean: 0.000199532194529
        dmean2: 0.00033741563675
        dvar: 8.78307062635e-008
        dvar2: 2.47222772032e-007
        max: 0.00310853635892
        mean: 0.000389361579437
        median: 0.000300333980704
        min: 7.54860810879e-023
        var: 9.93325386389e-008
    spectral_energyband_middle_high:
        dmean: 0.000589003437199
        dmean2: 0.000928863999434
        dvar: 5.66746166442e-007
        dvar2: 1.42398289427e-006
        max: 0.00922072399408
        mean: 0.00235940772109
        median: 0.00223572994582
        min: 1.65527837373e-021
        var: 1.55841189553e-006
    spectral_energyband_middle_low:
        dmean: 0.000733843480702
        dmean2: 0.00117510720156
        dvar: 1.83702059076e-006
        dvar2: 4.49301933259e-006
        max: 0.0112769221887
        mean: 0.00160528626293
        median: 0.00123589346185
        min: 4.13099066814e-022
        var: 2.05357559935e-006
    spectral_flatness_db:
        dmean: 0.0130535773933
        dmean2: 0.0196157209575
        dvar: 0.000158264010679
        dvar2: 0.000329608330503
        max: 0.303049564362
        mean: 0.140534043312
        median: 0.134858861566
        min: 0.0621341019869
        var: 0.000808194628917
    spectral_flux:
        dmean: 0.00738300941885
        dmean2: 0.0108652310446
        dvar: 8.98390353541e-005
        dvar2: 0.000191548911971
        max: 0.112716883421
        mean: 0.0400438420475
        median: 0.0382182523608
        min: 1.04330516448e-010
        var: 0.000216727436054
    spectral_kurtosis:
        dmean: 1.0723348856
        dmean2: 1.81328594685
        dvar: 1.49019801617
        dvar2: 4.31770992279
        max: 25.9944610596
        mean: 3.63129472733
        median: 3.396671772
        min: -1.17463076115
        var: 2.90083670616
    spectral_rms:
        dmean: 0.000250484707067
        dmean2: 0.000384148472222
        dvar: 1.1494825003e-007
        dvar2: 2.7005913239e-007
        max: 0.00431107077748
        mean: 0.00203544809483
        median: 0.00201260834001
        min: 3.25873768074e-012
        var: 2.66391111836e-007
    spectral_rolloff:
        dmean: 270.482696533
        dmean2: 434.028808594
        dvar: 135338.875
        dvar2: 273885.15625
        max: 19035.3515625
        mean: 3305.38696289
        median: 3337.64648438
        min: 172.265625
        var: 377132.96875
    spectral_skewness:
        dmean: 0.159122079611
        dmean2: 0.259012520313
        dvar: 0.0267796013504
        dvar2: 0.0672668665648
        max: 3.73774003983
        mean: 1.28752791882
        median: 1.27425837517
        min: -0.236561626196
        var: 0.107525914907
    spectral_spread:
        dmean: 381669.53125
        dmean2: 552828.375
        dvar: 282201260032
        dvar2: 462628356096
        max: 40110136
        mean: 4175382
        median: 4129454
        min: 1988026.25
        var: 1.1309121536e+012
    spectral_strongpeak:
        dmean: 0.42328903079
        dmean2: 0.744194447994
        dvar: 0.424702227116
        dvar2: 1.12772989273
        max: 7.22652006149
        mean: 0.550878584385
        median: 0.258185148239
        min: 1.78678394303e-009
        var: 0.615828752518
    zerocrossingrate:
        dmean: 0.00730368960649
        dmean2: 0.00899323355407
        dvar: 5.86098831263e-005
        dvar2: 7.54023130867e-005
        max: 0.5166015625
        mean: 0.0991029888391
        median: 0.09912109375
        min: 0.013671875
        var: 0.000402425648645
    barkbands:
        dmean: [4.69300431405e-007, 6.45606414764e-005, 0.000120881151815, 0.000179787413799, 0.000461826508399, 0.000173130683834, 7.62098425184e-005, 6.60296864226e-005, 9.26838183659e-005, 6.75662013236e-005, 5.04503695993e-005, 5.67661300011e-005, 7.15147980372e-005, 9.91311171674e-005, 7.2301721957e-005, 8.69698851602e-005, 0.000158515787916, 0.000183591779205, 0.000255627994193, 0.000129038075102, 5.77906866965e-005, 2.2926080419e-005, 4.40118310507e-006, 1.29035686314e-006, 4.67785753244e-007, 1.62565356732e-008, 3.77487846537e-010]
        dmean2: [6.02232432811e-007, 0.00010873748397, 0.000203350748052, 0.000300933083054, 0.00075888459105, 0.000273339479463, 0.000127743493067, 0.000109787368274, 0.000149878003867, 0.000108252243081, 8.21691646706e-005, 9.1605601483e-005, 0.000118288604426, 0.000165030534845, 0.00011824916146, 0.000140629970701, 0.000261248933384, 0.000308588467306, 0.000430314801633, 0.00021284862305, 9.79641845333e-005, 3.63490216841e-005, 7.15623264114e-006, 2.04633647627e-006, 7.01782880697e-007, 2.26475886933e-008, 5.61132584842e-010]
        dvar: [1.1460927693e-012, 1.41060008119e-008, 3.25116715771e-008, 8.14828169382e-008, 1.15775105769e-006, 5.20284473282e-008, 1.48368748398e-008, 1.21038485901e-008, 1.5633897732e-008, 1.08479971672e-008, 6.38554675803e-009, 6.79238665313e-009, 1.42428353556e-008, 2.9038933036e-008, 1.2045958897e-008, 1.65513807104e-008, 4.75360906194e-008, 4.71350318776e-008, 1.40594693221e-007, 3.07936289801e-008, 8.42499758846e-009, 1.28210086991e-009, 5.90009707757e-011, 6.74350072311e-012, 9.94422643188e-013, 6.61956407098e-016, 3.22447151988e-019]
        dvar2: [1.9986603518e-012, 3.88724608058e-008, 9.15516622513e-008, 2.1747258927e-007, 2.93067478196e-006, 1.29555644435e-007, 3.97859061252e-008, 3.19613917554e-008, 4.00510842269e-008, 2.72280669122e-008, 1.61371627172e-008, 1.75210033149e-008, 3.83047868979e-008, 8.00188999506e-008, 3.07030028068e-008, 4.06373885653e-008, 1.23104285876e-007, 1.25326693023e-007, 3.84889006e-007, 7.7286820499e-008, 2.15536335446e-008, 2.91239499184e-009, 1.44240855371e-010, 1.45946379981e-011, 2.08953362425e-012, 1.22901812493e-015, 6.07535105201e-019]
        max: [7.7525864981e-006, 0.00101344240829, 0.0020801180508, 0.00397990224883, 0.00853332132101, 0.00254304963164, 0.00217172596604, 0.00205278676003, 0.00221938989125, 0.00165102642495, 0.00137350952718, 0.00146324897651, 0.00187595025636, 0.00270099029876, 0.00189072079957, 0.00232583493926, 0.00404930859804, 0.00407967995852, 0.00438909605145, 0.00235414248891, 0.00232674833387, 0.000896591809578, 0.000208439363632, 6.12617659499e-005, 2.85175319732e-005, 4.93378649935e-007, 9.52858059122e-009]
        mean: [5.12437054567e-007, 0.000107115658466, 0.000191125669517, 0.000237067841226, 0.00058658933267, 0.000311222160235, 0.000115117436508, 0.000104780068796, 0.000179558046511, 0.000127824503579, 8.9279259555e-005, 0.000111075816676, 0.000134000729304, 0.000180856644874, 0.000131477543619, 0.000176175206434, 0.000340708211297, 0.000408440770116, 0.000526038988028, 0.000279387255432, 0.000118586722238, 5.04037598148e-005, 8.54307927511e-006, 2.73503519566e-006, 1.03507272797e-006, 3.75195057245e-008, 6.89597434711e-010]
        median: [3.35295986531e-008, 8.20713175926e-005, 0.000129957683384, 0.000134181813337, 0.000291475851554, 0.000212721992284, 7.26152211428e-005, 6.50068686809e-005, 0.000125217717141, 7.5716568972e-005, 4.84365082229e-005, 6.5581574745e-005, 6.01725550951e-005, 7.71017366787e-005, 7.83891155152e-005, 0.000111982168164, 0.000241828500293, 0.00032637786353, 0.000411359244026, 0.000209494231967, 8.15642779344e-005, 3.26972003677e-005, 5.73575835006e-006, 1.79588369065e-006, 7.2935119988e-007, 2.14651230124e-008, 3.22537885289e-010]
        min: [7.15111561369e-023, 7.29351447342e-024, 3.22912196725e-023, 1.36243109867e-023, 6.34695774889e-023, 4.60173741798e-023, 9.01520781668e-023, 8.32517161914e-023, 1.02703271687e-022, 1.08013523581e-022, 1.08905037378e-022, 7.442989731e-023, 1.0426927418e-022, 1.52735234745e-022, 1.41773980912e-022, 1.10585046049e-022, 1.74834270547e-022, 1.78336144013e-022, 3.73935038499e-022, 2.72608064034e-022, 4.79714217696e-022, 5.56822556525e-022, 7.90714286586e-022, 7.26208739091e-022, 9.99570625985e-022, 1.68033905843e-021, 2.52499648675e-021]
        var: [1.78300419134e-012, 1.31060318154e-008, 3.78620619301e-008, 9.50353040707e-008, 1.0678623994e-006, 9.37086639397e-008, 1.98251832728e-008, 1.71618275147e-008, 3.4329850962e-008, 2.78850418312e-008, 1.44759457754e-008, 1.72136918053e-008, 3.29496643303e-008, 6.89231072215e-008, 2.67668625042e-008, 4.08844229582e-008, 1.32427956601e-007, 1.05101321424e-007, 1.99052465177e-007, 5.64153843641e-008, 1.48784895515e-008, 2.99275093596e-009, 1.12552057951e-010, 1.79453899657e-011, 2.21757746714e-012, 2.16486120615e-015, 9.01012789476e-019]
    frequency_bands:
        dmean: [4.69300431405e-007, 6.45606414764e-005, 0.000120881151815, 0.000179787413799, 0.000461826508399, 0.000173130683834, 7.62098425184e-005, 6.60296864226e-005, 9.26838183659e-005, 6.75662013236e-005, 5.04503695993e-005, 5.67661300011e-005, 7.15147980372e-005, 9.91311171674e-005, 7.2301721957e-005, 8.69698851602e-005, 0.000158515787916, 0.000183591779205, 0.000255627994193, 0.000129038075102, 5.77906866965e-005, 2.2926080419e-005, 4.40118310507e-006, 1.29035686314e-006, 4.67785753244e-007, 1.62565356732e-008, 3.77487846537e-010, 4.83634590709e-011]
        dmean2: [6.02232432811e-007, 0.00010873748397, 0.000203350748052, 0.000300933083054, 0.00075888459105, 0.000273339479463, 0.000127743493067, 0.000109787368274, 0.000149878003867, 0.000108252243081, 8.21691646706e-005, 9.1605601483e-005, 0.000118288604426, 0.000165030534845, 0.00011824916146, 0.000140629970701, 0.000261248933384, 0.000308588467306, 0.000430314801633, 0.00021284862305, 9.79641845333e-005, 3.63490216841e-005, 7.15623264114e-006, 2.04633647627e-006, 7.01782880697e-007, 2.26475886933e-008, 5.61132584842e-010, 8.9422615146e-011]
        dvar: [1.1460927693e-012, 1.41060008119e-008, 3.25116715771e-008, 8.14828169382e-008, 1.15775105769e-006, 5.20284473282e-008, 1.48368748398e-008, 1.21038485901e-008, 1.5633897732e-008, 1.08479971672e-008, 6.38554675803e-009, 6.79238665313e-009, 1.42428353556e-008, 2.9038933036e-008, 1.2045958897e-008, 1.65513807104e-008, 4.75360906194e-008, 4.71350318776e-008, 1.40594693221e-007, 3.07936289801e-008, 8.42499758846e-009, 1.28210086991e-009, 5.90009707757e-011, 6.74350072311e-012, 9.94422643188e-013, 6.61956407098e-016, 3.22447151988e-019, 5.16967082161e-021]
        dvar2: [1.9986603518e-012, 3.88724608058e-008, 9.15516622513e-008, 2.1747258927e-007, 2.93067478196e-006, 1.29555644435e-007, 3.97859061252e-008, 3.19613917554e-008, 4.00510842269e-008, 2.72280669122e-008, 1.61371627172e-008, 1.75210033149e-008, 3.83047868979e-008, 8.00188999506e-008, 3.07030028068e-008, 4.06373885653e-008, 1.23104285876e-007, 1.25326693023e-007, 3.84889006e-007, 7.7286820499e-008, 2.15536335446e-008, 2.91239499184e-009, 1.44240855371e-010, 1.45946379981e-011, 2.08953362425e-012, 1.22901812493e-015, 6.07535105201e-019, 1.65211345873e-020]
        max: [7.7525864981e-006, 0.00101344240829, 0.0020801180508, 0.00397990224883, 0.00853332132101, 0.00254304963164, 0.00217172596604, 0.00205278676003, 0.00221938989125, 0.00165102642495, 0.00137350952718, 0.00146324897651, 0.00187595025636, 0.00270099029876, 0.00189072079957, 0.00232583493926, 0.00404930859804, 0.00407967995852, 0.00438909605145, 0.00235414248891, 0.00232674833387, 0.000896591809578, 0.000208439363632, 6.12617659499e-005, 2.85175319732e-005, 4.93378649935e-007, 9.52858059122e-009, 1.1531464672e-009]
        mean: [5.12437054567e-007, 0.000107115658466, 0.000191125669517, 0.000237067841226, 0.00058658933267, 0.000311222160235, 0.000115117436508, 0.000104780068796, 0.000179558046511, 0.000127824503579, 8.9279259555e-005, 0.000111075816676, 0.000134000729304, 0.000180856644874, 0.000131477543619, 0.000176175206434, 0.000340708211297, 0.000408440770116, 0.000526038988028, 0.000279387255432, 0.000118586722238, 5.04037598148e-005, 8.54307927511e-006, 2.73503519566e-006, 1.03507272797e-006, 3.75195057245e-008, 6.89597434711e-010, 3.73705337509e-011]
        median: [3.35295986531e-008, 8.20713175926e-005, 0.000129957683384, 0.000134181813337, 0.000291475851554, 0.000212721992284, 7.26152211428e-005, 6.50068686809e-005, 0.000125217717141, 7.5716568972e-005, 4.84365082229e-005, 6.5581574745e-005, 6.01725550951e-005, 7.71017366787e-005, 7.83891155152e-005, 0.000111982168164, 0.000241828500293, 0.00032637786353, 0.000411359244026, 0.000209494231967, 8.15642779344e-005, 3.26972003677e-005, 5.73575835006e-006, 1.79588369065e-006, 7.2935119988e-007, 2.14651230124e-008, 3.22537885289e-010, 1.51783152019e-011]
        min: [7.15111561369e-023, 7.29351447342e-024, 3.22912196725e-023, 1.36243109867e-023, 6.34695774889e-023, 4.60173741798e-023, 9.01520781668e-023, 8.32517161914e-023, 1.02703271687e-022, 1.08013523581e-022, 1.08905037378e-022, 7.442989731e-023, 1.0426927418e-022, 1.52735234745e-022, 1.41773980912e-022, 1.10585046049e-022, 1.74834270547e-022, 1.78336144013e-022, 3.73935038499e-022, 2.72608064034e-022, 4.79714217696e-022, 5.56822556525e-022, 7.90714286586e-022, 7.26208739091e-022, 9.99570625985e-022, 1.68033905843e-021, 2.52499648675e-021, 8.15750384068e-022]
        var: [1.78300419134e-012, 1.31060318154e-008, 3.78620619301e-008, 9.50353040707e-008, 1.0678623994e-006, 9.37086639397e-008, 1.98251832728e-008, 1.71618275147e-008, 3.4329850962e-008, 2.78850418312e-008, 1.44759457754e-008, 1.72136918053e-008, 3.29496643303e-008, 6.89231072215e-008, 2.67668625042e-008, 4.08844229582e-008, 1.32427956601e-007, 1.05101321424e-007, 1.99052465177e-007, 5.64153843641e-008, 1.48784895515e-008, 2.99275093596e-009, 1.12552057951e-010, 1.79453899657e-011, 2.21757746714e-012, 2.16486120615e-015, 9.01012789476e-019, 3.96264184397e-021]
    mfcc:
        mean: [-698.080383301, 109.648574829, -53.1435127258, 59.4964599609, -11.9181852341, -2.37540650368, -1.46610450745, -0.365446120501, -4.81214189529, -6.37954950333, -0.322629004717, -6.54991436005, -6.2959651947]
        cov: [[2664.42041016, 32.9252967834, -174.111404419, 45.8011741638, -113.098518372, 78.6779098511, -73.2506561279, -38.0264472961, -86.1274719238, -1.12341284752, -17.3481712341, -72.1170043945, -46.2998313904], [32.9252967834, 665.791809082, -273.127746582, 30.5048332214, -36.1599311829, -41.2008171082, 79.9327774048, 19.3835487366, 10.4956245422, -33.3782501221, 24.0394916534, 0.858134627342, 0.703401088715], [-174.111404419, -273.127746582, 406.289886475, 48.3069610596, 58.1298828125, 24.3852920532, -38.8920173645, -5.98000621796, -1.14992928505, 17.4107303619, -26.3383979797, 20.296710968, 14.9596805573], [45.8011741638, 30.5048332214, 48.3069610596, 222.921630859, 26.6417369843, -21.1390533447, -36.6823806763, -4.63430786133, 27.9200706482, -13.8842258453, -25.3937950134, -0.263453692198, 9.78388690948], [-113.098518372, -36.1599311829, 58.1298828125, 26.6417369843, 154.840759277, 27.6322994232, -28.6181468964, -12.7474241257, 3.40722131729, 14.0153751373, -1.47050702572, 12.7652626038, 5.63951635361], [78.6779098511, -41.2008171082, 24.3852920532, -21.1390533447, 27.6322994232, 143.652572632, 39.584148407, -9.01299381256, -45.3364372253, 10.3695421219, 14.6544284821, 6.05651092529, -12.6641054153], [-73.2506561279, 79.9327774048, -38.8920173645, -36.6823806763, -28.6181468964, 39.584148407, 122.202400208, 35.1491775513, -12.5463151932, -7.01589107513, 14.7620420456, 5.49892997742, -4.60389328003], [-38.0264472961, 19.3835487366, -5.98000621796, -4.63430786133, -12.7474241257, -9.01299381256, 35.1491775513, 96.2906646729, 37.555141449, 9.38765621185, 0.020322477445, 13.5866069794, 10.3466930389], [-86.1274719238, 10.4956245422, -1.14992928505, 27.9200706482, 3.40722131729, -45.3364372253, -12.5463151932, 37.555141449, 88.9028244019, 22.494342804, -3.46302127838, 3.07116127014, 7.43245267868], [-1.12341284752, -33.3782501221, 17.4107303619, -13.8842258453, 14.0153751373, 10.3695421219, -7.01589107513, 9.38765621185, 22.494342804, 73.854675293, 26.4651832581, 9.17675685883, 0.854684829712], [-17.3481712341, 24.0394916534, -26.3383979797, -25.3937950134, -1.47050702572, 14.6544284821, 14.7620420456, 0.020322477445, -3.46302127838, 26.4651832581, 62.7204322815, 26.1808433533, -0.191572412848], [-72.1170043945, 0.858134627342, 20.296710968, -0.263453692198, 12.7652626038, 6.05651092529, 5.49892997742, 13.5866069794, 3.07116127014, 9.17675685883, 26.1808433533, 59.2838096619, 21.5474491119], [-46.2998313904, 0.703401088715, 14.9596805573, 9.78388690948, 5.63951635361, -12.6641054153, -4.60389328003, 10.3466930389, 7.43245267868, 0.854684829712, -0.191572412848, 21.5474491119, 50.6430702209]]
        icov: [[0.000470215600217, -1.56832102221e-005, 0.000233697253861, -0.000218694942305, 0.000441659620265, -0.000435045105405, 0.000641469086986, -0.000275979517028, 0.000546597817447, -0.000271816446912, 9.84128782875e-005, 0.000368045555661, 0.000128196756123], [-1.56832102221e-005, 0.00245831883512, 0.00153658119962, -0.000832642486785, -0.000356921169441, 0.000877812330145, -0.00170402484946, 0.000227352662478, -5.44739377801e-005, 0.000613830052316, -0.000610133109149, -0.000247551681241, -0.000182967938599], [0.000233697253861, 0.00153658119962, 0.00407158629969, -0.00103352998849, -0.000549064949155, -0.000245939154411, -9.05509441509e-005, 1.00069814835e-006, 0.000725405232515, -0.00106064882129, 0.00202348991297, -0.00168536009733, -0.00018336015637], [-0.000218694942305, -0.000832642486785, -0.00103352998849, 0.00569663755596, -0.000614240358118, -0.000310196512146, 0.00124211399816, 0.000645288091619, -0.0024033896625, 0.00144200760406, 0.0013660567347, -0.000508036930114, -0.000461998104583], [0.000441659620265, -0.000356921169441, -0.000549064949155, -0.000614240358118, 0.00828023348004, -0.0027663661167, 0.00260308617726, 0.000610109360423, -0.000564617279451, -0.00118515174836, 0.0010409761453, -0.00135389412753, -0.000129400141304], [-0.000435045105405, 0.000877812330145, -0.000245939154411, -0.000310196512146, -0.0027663661167, 0.011428643018, -0.00484447786584, 0.000234635212109, 0.00518551282585, -0.00247306190431, -0.000493061845191, -0.00108095351607, 0.00213903747499], [0.000641469086986, -0.00170402484946, -9.05509441509e-005, 0.00124211399816, 0.00260308617726, -0.00484447786584, 0.0143581340089, -0.00575131364167, 0.00168149836827, 0.00184621440712, -0.00200771074742, 0.00104056438431, 0.000647630251478], [-0.000275979517028, 0.000227352662478, 1.00069814835e-006, 0.000645288091619, 0.000610109360423, 0.000234635212109, -0.00575131364167, 0.0161628816277, -0.00746148172766, -0.000819787208457, 0.00298658548854, -0.00395491346717, -0.00141180201899], [0.000546597817447, -5.44739377801e-005, 0.000725405232515, -0.0024033896625, -0.000564617279451, 0.00518551282585, 0.00168149836827, -0.00746148172766, 0.0203843712807, -0.00706924218684, 0.00175953074358, 0.000566341564991, 0.000680754194036], [-0.000271816446912, 0.000613830052316, -0.00106064882129, 0.00144200760406, -0.00118515174836, -0.00247306190431, 0.00184621440712, -0.000819787208457, -0.00706924218684, 0.0207041148096, -0.0102409981191, 0.00252930261195, -0.00080025679199], [9.84128782875e-005, -0.000610133109149, 0.00202348991297, 0.0013660567347, 0.0010409761453, -0.000493061845191, -0.00200771074742, 0.00298658548854, 0.00175953074358, -0.0102409981191, 0.028392508626, -0.0137578677386, 0.00408054981381], [0.000368045555661, -0.000247551681241, -0.00168536009733, -0.000508036930114, -0.00135389412753, -0.00108095351607, 0.00104056438431, -0.00395491346717, 0.000566341564991, 0.00252930261195, -0.0137578677386, 0.0286277495325, -0.0106393061578], [0.000128196756123, -0.000182967938599, -0.00018336015637, -0.000461998104583, -0.000129400141304, 0.00213903747499, 0.000647630251478, -0.00141180201899, 0.000680754194036, -0.00080025679199, 0.00408054981381, -0.0106393061578, 0.0253616366535]]
    sccoeffs:
        dmean: [0.0544390529394, 0.0456887632608, 0.0362997502089, 0.0292044579983, 0.0209212619811, 0.0161201953888]
        dmean2: [0.0880904272199, 0.0760686099529, 0.0601530261338, 0.0483869053423, 0.0342224948108, 0.0254274215549]
        dvar: [0.00217544403858, 0.00128681876231, 0.000823034963105, 0.000528468517587, 0.000284065288724, 0.000218417102587]
        dvar2: [0.00552000897005, 0.00352510483935, 0.00223012501374, 0.00141500914469, 0.00070702296216, 0.00049101159675]
        max: [-0.353442698717, -0.529637634754, -0.51923841238, -0.550276517868, -0.588117301464, -0.581443428993]
        mean: [-0.652518808842, -0.759295225143, -0.785430729389, -0.792825698853, -0.784838199615, -0.732824683189]
        median: [-0.657328367233, -0.762088775635, -0.790747761726, -0.798834323883, -0.787889719009, -0.733363389969]
        min: [-0.949840605259, -0.98289000988, -0.956577837467, -0.968519508839, -0.961592137814, -0.959957361221]
        var: [0.00552456313744, 0.00315795233473, 0.00289935804904, 0.00188831414562, 0.0010988941649, 0.00161568354815]
    scvalleys:
        dmean: [0.378823459148, 0.340154081583, 0.283068567514, 0.251072257757, 0.211494922638, 0.247206553817]
        dmean2: [0.6233253479, 0.556894183159, 0.447527974844, 0.384669929743, 0.329917937517, 0.352395713329]
        dvar: [0.102029263973, 0.0901082679629, 0.0664957240224, 0.0618123449385, 0.0592102333903, 0.115440569818]
        dvar2: [0.251618087292, 0.210606604815, 0.132107198238, 0.104867808521, 0.105115123093, 0.24402731657]
        max: [-5.15073108673, -4.76229429245, -5.46174144745, -5.50895833969, -5.63351726532, -7.92742109299]
        mean: [-6.77550458908, -6.48203086853, -6.87384128571, -6.9695391655, -6.82614517212, -9.81140327454]
        median: [-6.6723985672, -6.39476585388, -6.75333070755, -6.88938331604, -6.75152778625, -9.5719833374]
        min: [-27.335855484, -27.0291404724, -27.2996959686, -27.4101257324, -27.2516212463, -27.2426280975]
        var: [0.775424420834, 0.617874264717, 0.649665057659, 0.602039039135, 0.474131733179, 0.866323471069]

rhythm:
    beats_loudness:
        dmean: 0.00423416355625
        dmean2: 0.00807462818921
        dvar: 5.70149131818e-006
        dvar2: 2.07120428968e-005
        max: 0.0119106955826
        mean: 0.00629173312336
        median: 0.0055201118812
        min: 6.29111696071e-009
        var: 8.72353848536e-006
    bpm: 133.885742188
    bpm_confidence: 0
    first_peak_bpm: 133
    first_peak_spread: 0.453333318233
    first_peak_weight: 0.541509449482
    onset_rate: 2.76221895218
    second_peak_bpm: 126
    second_peak_spread: 0
    second_peak_weight: 0.00566037744284
    beats_loudness_band_ratio:
        dmean: [0.173017799854, 0.160664752126, 0.067345507443, 0.0778288915753, 0.0961659923196, 0.0606496706605]
        dmean2: [0.325717151165, 0.308331817389, 0.124915473163, 0.138331994414, 0.173336476088, 0.103646785021]
        dvar: [0.0108642466366, 0.00859420094639, 0.00429820874706, 0.00686407648027, 0.00778438104317, 0.00240599364042]
        dvar2: [0.0365468449891, 0.0307725314051, 0.0131316753104, 0.0202966500074, 0.0235693734139, 0.00652823131531]
        max: [0.608317911625, 0.487714737654, 0.523539304733, 0.583939254284, 0.654702842236, 0.578738093376]
        mean: [0.277054786682, 0.213834732771, 0.0896028131247, 0.114786148071, 0.243366703391, 0.18602886796]
        median: [0.303315132856, 0.219719141722, 0.0693311095238, 0.0894866958261, 0.220709130168, 0.178505495191]
        min: [0.00499979406595, 0.00597613723949, 0.0107951080427, 0.0105556938797, 0.0546690523624, 0.0291499719024]
        var: [0.017716165632, 0.0127005707473, 0.00428130477667, 0.00729731237516, 0.00885499548167, 0.00423382362351]
    beats_position: [0.417959183455, 0.847528338432, 1.28870749474, 1.74149656296, 2.19428563118, 2.65868473053, 3.13469386101, 3.59909296036, 4.06349182129, 4.52789115906, 4.99229001999, 5.45668935776, 5.92108821869, 6.38548755646, 6.84988641739, 7.30267572403, 7.75546455383, 8.20825386047, 8.66104316711, 9.10222244263, 9.55501079559, 10.0078001022, 10.4489793777, 10.8901586533, 11.3313379288, 11.7725172043, 12.2253055573, 12.6780948639, 13.1308841705, 13.572063446, 14.0248527527, 14.4776411057, 14.9304304123, 15.3716096878, 15.8127889633, 16.2655773163, 16.7183666229, 17.1595458984, 17.6123352051, 18.0651245117, 18.5063037872, 18.9590930939, 19.4118824005, 19.853061676, 20.2942390442, 20.7470283508, 21.1998176575, 21.640996933, 22.0821762085, 22.5349655151, 22.9877548218, 23.4289340973, 23.8817234039, 24.3229026794, 24.7756919861, 25.2284793854, 25.681268692, 26.1224479675, 26.563627243, 27.0164165497, 27.4692058563, 27.9103851318, 28.3515644073, 28.804353714, 29.2571430206, 29.7099323273, 30.1627197266, 30.6038990021, 31.0450782776, 31.4978675842, 31.9506568909, 32.391834259, 32.8330154419, 33.2858047485, 33.7385940552, 34.1797714233, 34.6209526062, 35.0737419128, 35.5265312195, 35.9677085876, 36.4088897705, 36.8616790771, 37.3144645691, 37.7672538757, 38.2200431824, 38.6612243652, 39.1024017334, 39.55519104, 40.0079803467, 40.4491615295, 40.8903388977, 41.3431282043, 41.795917511, 42.2370948792, 42.6898841858, 43.1426734924, 43.5838546753, 44.0250320435, 44.4778213501, 44.9306106567, 45.3717918396, 45.8245811462, 46.2773704529, 46.718547821, 47.1597251892, 47.6125144958, 48.0653038025, 48.5064849854, 48.959274292, 49.4120635986, 49.8532409668, 50.3060302734, 50.7472114563, 51.2000007629, 51.6411781311, 52.0939674377, 52.5467567444, 52.9879341125, 53.4291152954, 53.8819046021, 54.3346939087, 54.7758712769, 55.2286605835, 55.6814498901, 56.122631073, 56.5522003174, 57.0049858093, 57.457775116, 57.9105644226, 58.3633537292, 58.8161430359, 59.2689323425, 59.7101135254, 60.162902832, 60.6040802002, 61.0568695068, 61.5096588135, 61.9508361816, 62.3920173645, 62.8448066711, 63.2975959778, 63.7387733459, 64.1799545288, 64.6327438354, 65.0855331421, 65.5267105103, 65.9678878784, 66.4206771851, 66.8734664917, 67.3146438599, 67.7558288574, 68.2086181641, 68.6614074707, 69.1025848389, 69.5553741455, 70.0081634521, 70.4493408203, 70.902130127, 71.3549194336, 71.7960968018, 72.2372741699, 72.6900634766, 73.1428527832, 73.5840377808, 74.0252151489, 74.4780044556, 74.9307937622, 75.3719711304, 75.824760437, 76.2775497437, 76.7187271118, 77.1715164185, 77.6243057251, 78.0654830933, 78.5066680908, 78.9594573975, 79.4122467041, 79.8534240723, 80.2946014404, 80.7473907471, 81.2001800537, 81.6413574219, 82.08253479, 82.5237197876, 82.9648971558, 83.4176864624, 83.870475769, 84.3232650757, 84.7760543823, 85.2172317505, 85.6816329956, 86.1228103638, 86.5639877319, 87.0167770386, 87.4695663452, 87.9107437134, 88.3519287109, 88.8047180176, 89.2575073242, 89.6986846924, 90.1398620605, 90.5926513672, 91.0454406738, 91.4982299805, 91.9510192871, 92.3921966553, 92.8333740234, 93.2861633301, 93.7389526367, 94.1801376343, 94.6213150024, 95.0741043091, 95.5268936157, 95.9680709839, 96.4208602905, 96.8736495972, 97.3148269653, 97.7560043335, 98.2087936401, 98.6615829468, 99.1027679443, 99.555557251, 100.008346558, 100.449523926, 100.890701294, 101.343490601, 101.796279907, 102.237457275, 102.678634644, 103.13142395, 103.584213257, 104.025398254, 104.478187561, 104.919364929, 105.372154236, 105.824943542, 106.277732849, 106.718910217, 107.160087585, 107.612876892, 108.065666199, 108.506843567, 108.948028564, 109.400817871, 109.853607178, 110.294784546, 110.747573853, 111.188751221, 111.641540527, 112.094329834, 112.547119141, 112.988296509, 113.429473877, 113.893875122, 114.33505249, 114.776237488, 115.217414856, 115.670204163, 116.122993469, 116.564170837, 117.016960144, 117.469749451, 117.910926819, 118.352104187, 118.793289185, 119.246078491, 119.698867798, 120.151649475, 120.604438782, 121.045623779, 121.486801147, 121.927978516, 122.380767822, 122.82194519, 123.274734497, 123.715919495, 124.157096863, 124.609886169, 125.062675476, 125.515464783, 125.968254089, 126.421043396, 126.873832703, 127.315010071, 127.756187439, 128.208984375, 128.661773682, 129.10295105, 129.544128418, 129.996917725, 130.449707031, 130.890884399, 131.343673706, 131.796463013, 132.237640381, 132.678817749, 133.119995117, 133.572784424, 134.02557373, 134.478363037, 134.931152344, 135.38394165, 135.825119019, 136.277908325, 136.719085693, 137.171875, 137.624664307, 138.065841675, 138.507034302, 138.94821167, 139.401000977, 139.853790283, 140.294967651, 140.73614502, 141.188934326, 141.641723633, 142.082901001, 142.535690308, 142.988479614, 143.429656982, 143.870834351, 144.323623657, 144.776412964, 145.229202271, 145.681991577, 146.123168945, 146.564346313, 147.01713562, 147.469924927, 147.911102295, 148.363891602, 148.816680908, 149.257858276, 149.699050903, 150.15184021, 150.604629517, 151.045806885, 151.486984253, 151.93977356, 152.392562866, 152.833740234, 153.274917603, 153.727706909, 154.180496216, 154.621673584, 155.074462891, 155.527252197, 155.968429565, 156.409606934, 156.86239624, 157.315185547, 157.756362915, 158.209152222, 158.661941528, 159.103118896, 159.555908203, 160.00869751, 160.449890137, 160.891067505, 161.35546875, 161.796646118, 162.237823486, 162.690612793, 163.1434021, 163.584579468, 164.025756836, 164.478546143, 164.931335449, 165.372512817, 165.813690186, 166.254867554, 166.70765686, 167.160446167, 167.601623535, 168.054412842, 168.49559021, 168.948379517, 169.401168823, 169.85395813, 170.295150757, 170.736328125, 171.189117432, 171.641906738, 172.083084106, 172.547485352, 172.98866272, 173.429840088, 173.882629395, 174.335418701, 174.776596069, 175.217773438, 175.670562744, 176.123352051, 176.564529419, 177.005706787, 177.458496094, 177.899673462, 178.352462769, 178.805252075, 179.246429443, 179.69921875, 180.152008057, 180.604797363, 181.04598999, 181.487167358, 181.939956665, 182.392745972, 182.83392334, 183.275100708, 183.727890015, 184.180679321, 184.621856689, 185.074645996, 185.515823364, 185.968612671, 186.421401978, 186.874191284, 187.315368652, 187.756546021, 188.197723389, 188.638900757, 189.091690063, 189.54447937, 189.985671997, 190.438461304, 190.89125061, 191.344039917, 191.796829224, 192.238006592, 192.67918396, 193.120361328, 193.573150635, 194.025939941, 194.46711731, 194.919906616, 195.372695923, 195.813873291, 196.266662598, 196.719451904, 197.160629272, 197.613418579, 198.054595947, 198.495773315, 198.936950684, 199.38973999, 199.830932617, 200.272109985, 200.724899292, 201.177688599, 201.630477905, 202.083267212, 202.536056519, 202.988845825, 203.430023193, 203.8828125, 204.335601807, 204.776779175, 205.229568481, 205.682357788, 206.123535156, 206.564712524, 207.017501831, 207.470291138, 207.911468506, 208.352645874, 208.805435181, 209.258224487, 209.699401855, 210.140579224, 210.59336853, 211.046157837, 211.487350464, 211.940139771, 212.381317139, 212.834106445, 213.286895752, 213.739685059, 214.180862427, 214.622039795, 215.063217163, 215.51600647, 215.957183838, 216.409973145, 216.851150513, 217.292327881, 217.745117188, 218.197906494, 218.650695801, 219.103485107, 219.556274414, 220.009063721, 220.450241089, 220.891418457, 221.332611084, 221.785385132, 222.238174438, 222.679367065, 223.132156372, 223.584945679, 224.026123047, 224.467300415, 224.920089722, 225.372879028, 225.825668335, 226.278457642, 226.71963501, 227.160812378, 227.613601685, 228.066390991, 228.507568359, 228.948745728, 229.389923096, 229.842712402, 230.295501709, 230.748291016, 231.201080322, 231.64225769, 232.083435059, 232.536224365, 232.989013672, 233.430206299, 233.882995605, 234.335784912, 234.77696228, 235.229751587, 235.694152832, 236.158538818, 236.611328125, 237.07572937, 237.551742554, 238.027755737]
