
metadata:
    version:
        essentia: "2.1-beta2"
    audio_properties:
        analysis_sample_rate: 44100
        bitrate: 320
        channels: 2
        equal_loudness: 1
        length: 232.777145386
        replay_gain: -15.3660793304
        downmix: "mix"
    tags:
        album: "Anything That Moves"
        artist: "Bobaflex"
        comment: "BigBlackMetal@KickassTorrents"
        date: "2015"
        genre: "Hard Rock"
        title: "Turn Me On"
        tracknumber: "09/13"

configuration:
    average_loudness:
        compute: 1
        frameSize: 88200
        hopSize: 44100
        silentFrames: "noise"
        windowType: "hann"
    general:
        analysisSampleRate: 44100
        endTime: 2000
        equalLoudness: 1
        nequalLoudness: 0
        shortSound: 0
        startTime: 0
    lowlevel:
        compute: 1
        frameSize: 2048
        hopSize: 1024
        zeroPadding: 0
        silentFrames: "noise"
        windowType: "blackmanharris62"
        mfccStats: ["mean", "cov", "icov"]
        stats: ["mean", "var", "median", "min", "max", "dmean", "dmean2", "dvar", "dvar2"]
    panning:
        compute: 0
        frameSize: 8192
        hopSize: 2048
        zeroPadding: 8192
        silentFrames: "noise"
        windowType: "hann"
        stats: ["copy"]
    rhythm:
        compute: 1
        maxTempo: 208
        minTempo: 40
        method: "degara"
        stats: ["mean", "var", "median", "min", "max", "dmean", "dmean2", "dvar", "dvar2"]
    segmentation:
        compute: 0
        cpw: 5
        inc1: 300
        inc2: 50
        minimumSegmentsLength: 10
        size1: 1000
        size2: 600
    sfx:
        compute: 1
        stats: ["mean", "var", "median", "min", "max", "dmean", "dmean2", "dvar", "dvar2"]
    svm:
        compute: 0
    tonal:
        compute: 1
        frameSize: 4096
        hopSize: 2048
        zeroPadding: 0
        silentFrames: "noise"
        windowType: "blackmanharris62"
        stats: ["mean", "var", "median", "min", "max", "dmean", "dmean2", "dvar", "dvar2"]

lowlevel:
    average_loudness: 0.808075964451
    barkbands_kurtosis:
        dmean: 1.95799386501
        dmean2: 3.0991089344
        dvar: 26.3413581848
        dvar2: 57.8906860352
        max: 313.818115234
        mean: 3.3482503891
        median: 0.372015833855
        min: -1.91830325127
        var: 95.9446258545
    barkbands_skewness:
        dmean: 0.437788426876
        dmean2: 0.668465673923
        dvar: 0.279987454414
        dvar2: 0.592393636703
        max: 16.3411521912
        mean: 1.22784042358
        median: 1.06921124458
        min: -5.78310966492
        var: 2.15915250778
    barkbands_spread:
        dmean: 4.6650223732
        dmean2: 7.28097248077
        dvar: 32.4200286865
        dvar2: 73.2002716064
        max: 111.571151733
        mean: 23.3271198273
        median: 22.8022537231
        min: 0.456970244646
        var: 158.071105957
    dissonance:
        dmean: 0.017160911113
        dmean2: 0.0284743979573
        dvar: 0.000299758132314
        dvar2: 0.000801806512754
        max: 0.499999940395
        mean: 0.455952018499
        median: 0.463911175728
        min: 0.263649255037
        var: 0.00101046194322
    hfc:
        dmean: 1.11309742928
        dmean2: 1.59639525414
        dvar: 4.11621665955
        dvar2: 8.09847545624
        max: 54.1843299866
        mean: 4.71497774124
        median: 2.29412984848
        min: 1.07042260079e-016
        var: 30.9809894562
    pitch:
        dmean: 314.138275146
        dmean2: 601.109436035
        dvar: 698030.9375
        dvar2: 1671486.875
        max: 4938.91845703
        mean: 545.690856934
        median: 214.22253418
        min: 43.070690155
        var: 963397.8125
    pitch_instantaneous_confidence:
        dmean: 0.0725392848253
        dmean2: 0.115942649543
        dvar: 0.00488423416391
        dvar2: 0.0122938761488
        max: 0.939703226089
        mean: 0.490918666124
        median: 0.47791698575
        min: 0.0955902338028
        var: 0.0176404453814
    pitch_salience:
        dmean: 0.0546616017818
        dmean2: 0.089370585978
        dvar: 0.00295051489957
        dvar2: 0.00777327967808
        max: 0.87086558342
        mean: 0.528283715248
        median: 0.527026534081
        min: 0.117729730904
        var: 0.00972346868366
    silence_rate_20dB:
        dmean: 0
        dmean2: 0
        dvar: 0
        dvar2: 0
        max: 1
        mean: 1
        median: 1
        min: 1
        var: 0
    silence_rate_30dB:
        dmean: 0
        dmean2: 0
        dvar: 0
        dvar2: 0
        max: 1
        mean: 1
        median: 1
        min: 1
        var: 0
    silence_rate_60dB:
        dmean: 0.0658354088664
        dmean2: 0.131683960557
        dvar: 0.0615002699196
        dvar2: 0.130699977279
        max: 1
        mean: 0.538998603821
        median: 1
        min: 0
        var: 0.248474374413
    spectral_centroid:
        dmean: 196.105865479
        dmean2: 296.385070801
        dvar: 89842.234375
        dvar2: 164481.578125
        max: 11648.9472656
        mean: 1102.9942627
        median: 937.435791016
        min: 99.6817169189
        var: 831966.9375
    spectral_complexity:
        dmean: 1.74583542347
        dmean2: 2.73982453346
        dvar: 5.30259609222
        dvar2: 11.1788043976
        max: 39
        mean: 8.40375041962
        median: 7
        min: 0
        var: 42.2503738403
    spectral_crest:
        dmean: 2.02733874321
        dmean2: 3.30712962151
        dvar: 3.97514843941
        dvar2: 10.7960624695
        max: 26.2636394501
        mean: 10.3027849197
        median: 9.47606372833
        min: 2.58401679993
        var: 18.217748642
    spectral_decrease:
        dmean: 1.8518317435e-010
        dmean2: 2.75181682996e-010
        dvar: 6.17947086065e-020
        dvar2: 1.40047674765e-019
        max: 1.56133106328e-028
        mean: -8.71936800539e-010
        median: -6.85688061886e-010
        min: -4.10393186101e-009
        var: 4.78259286566e-019
    spectral_energy:
        dmean: 0.000778410059866
        dmean2: 0.00114569836296
        dvar: 1.11747999654e-006
        dvar2: 2.45645514951e-006
        max: 0.0167214795947
        mean: 0.00371854612604
        median: 0.00282445293851
        min: 1.01193422964e-020
        var: 9.2394730018e-006
    spectral_energyband_high:
        dmean: 6.7094078986e-005
        dmean2: 0.000102647740277
        dvar: 3.30755476341e-008
        dvar2: 8.30857018741e-008
        max: 0.00527428928763
        mean: 0.000140139905852
        median: 4.6890363592e-005
        min: 7.11542459285e-021
        var: 5.88574593507e-008
    spectral_energyband_low:
        dmean: 0.000118689844385
        dmean2: 0.000192380743101
        dvar: 6.56417569189e-008
        dvar2: 1.72144581256e-007
        max: 0.00509640434757
        mean: 0.000306836562231
        median: 0.000186443794519
        min: 1.63396427977e-023
        var: 1.37679919021e-007
    spectral_energyband_middle_high:
        dmean: 0.000353975308826
        dmean2: 0.000500015739817
        dvar: 4.10054838085e-007
        dvar2: 7.93660206e-007
        max: 0.0124002378434
        mean: 0.00139090826269
        median: 0.000500999332871
        min: 1.26093051801e-021
        var: 3.54899748345e-006
    spectral_energyband_middle_low:
        dmean: 0.000578793406021
        dmean2: 0.000899641192518
        dvar: 6.4662827981e-007
        dvar2: 1.64970754213e-006
        max: 0.0128425797448
        mean: 0.00207998300903
        median: 0.00163443735801
        min: 1.71756867358e-022
        var: 3.03199317386e-006
    spectral_flatness_db:
        dmean: 0.0166206434369
        dmean2: 0.025432061404
        dvar: 0.000304941291688
        dvar2: 0.000684473023284
        max: 0.525491893291
        mean: 0.199038237333
        median: 0.186605706811
        min: 0.0630174130201
        var: 0.00386980269104
    spectral_flux:
        dmean: 0.00653537269682
        dmean2: 0.00999511312693
        dvar: 5.37123305548e-005
        dvar2: 0.000112908557639
        max: 0.105953596532
        mean: 0.0265377648175
        median: 0.0223964080215
        min: 6.48352829757e-011
        var: 0.000349028239725
    spectral_kurtosis:
        dmean: 2.18089938164
        dmean2: 3.57126450539
        dvar: 11.1829280853
        dvar2: 29.3444442749
        max: 97.3739013672
        mean: 8.72548389435
        median: 6.61187744141
        min: -1.25037181377
        var: 74.5506973267
    spectral_rms:
        dmean: 0.000194048217963
        dmean2: 0.000279833591776
        dvar: 5.03418213782e-008
        dvar2: 9.81920749155e-008
        max: 0.00403901468962
        mean: 0.00171569280792
        median: 0.00165998912416
        min: 3.14205801134e-012
        var: 6.84232475123e-007
    spectral_rolloff:
        dmean: 455.85168457
        dmean2: 752.003112793
        dvar: 439251.53125
        dvar2: 920677.875
        max: 19444.4824219
        mean: 2131.03759766
        median: 2304.05273438
        min: 150.732421875
        var: 2914230.75
    spectral_skewness:
        dmean: 0.235416859388
        dmean2: 0.373890757561
        dvar: 0.074822768569
        dvar2: 0.169994339347
        max: 8.38050746918
        mean: 2.02215576172
        median: 1.8476023674
        min: -0.0882091000676
        var: 0.741153538227
    spectral_spread:
        dmean: 465393.5
        dmean2: 660825
        dvar: 684081152000
        dvar2: 1.23427815424e+012
        max: 47570360
        mean: 4209871
        median: 3769391.5
        min: 955275.875
        var: 7.44239241626e+012
    spectral_strongpeak:
        dmean: 0.331517100334
        dmean2: 0.562719345093
        dvar: 0.503591835499
        dvar2: 1.27101826668
        max: 10.130150795
        mean: 0.657755196095
        median: 0.256282925606
        min: 0
        var: 1.03986334801
    zerocrossingrate:
        dmean: 0.00791390705854
        dmean2: 0.00920154899359
        dvar: 0.00011260741303
        dvar2: 0.000116147581139
        max: 0.52490234375
        mean: 0.0678186416626
        median: 0.064453125
        min: 0.0048828125
        var: 0.00184192752931
    barkbands:
        dmean: [6.57038299323e-008, 3.36467237503e-005, 5.24997958564e-005, 0.000182581774425, 0.00027888972545, 0.000106761035568, 7.74864165578e-005, 9.03583495528e-005, 0.00010688045586, 9.61066034506e-005, 2.96207890642e-005, 4.36638001702e-005, 4.98788540426e-005, 4.44681427325e-005, 6.17218465777e-005, 7.18883893569e-005, 9.16034186957e-005, 4.39511604782e-005, 0.000130729895318, 0.000101748490124, 2.11211263377e-005, 5.81524227528e-006, 1.61931063758e-006, 1.43612692227e-006, 5.90206582274e-007, 5.09672624105e-008, 4.93171170568e-010]
        dmean2: [1.05875813006e-007, 5.78614926781e-005, 8.81963569555e-005, 0.000299471925246, 0.000459182629129, 0.000162124386407, 0.000113151530968, 0.000128080646391, 0.000157632704941, 0.00013416884758, 4.63022915937e-005, 6.69525616104e-005, 7.80157570262e-005, 7.03961777617e-005, 9.63610873441e-005, 0.000109776447061, 0.000144961828482, 6.99881638866e-005, 0.000203940770007, 0.000154662440764, 3.40197402693e-005, 9.10213475436e-006, 2.28406361202e-006, 2.03845024771e-006, 8.62316426264e-007, 7.61626992585e-008, 7.13494263671e-010]
        dvar: [4.70518704565e-014, 1.26474271056e-008, 1.61332120996e-008, 1.65260630069e-007, 1.86974233429e-007, 3.93069150562e-008, 3.89156831204e-008, 4.96335132993e-008, 7.43431840533e-008, 9.57745811547e-008, 1.05956559082e-008, 1.70613372319e-008, 2.16908553341e-008, 2.33685977236e-008, 3.84928462438e-008, 6.13159585328e-008, 6.26583513963e-008, 7.48995354627e-009, 9.79283854008e-008, 6.05230638939e-008, 3.44304185163e-009, 2.77922462821e-010, 2.37616159388e-011, 3.63678427651e-011, 5.27158958846e-012, 3.16223284537e-014, 1.2481277598e-018]
        dvar2: [1.1796427279e-013, 3.45779973543e-008, 4.68397054476e-008, 4.37640181872e-007, 5.12410906595e-007, 9.84563754969e-008, 8.32086897162e-008, 9.28007324319e-008, 1.64681750903e-007, 2.05249463647e-007, 2.46681857163e-008, 3.87287570902e-008, 5.06544921564e-008, 5.58231434411e-008, 8.58102850998e-008, 1.45978589217e-007, 1.53411690462e-007, 1.82207600119e-008, 2.19865498252e-007, 1.33652449108e-007, 9.43877509485e-009, 7.42154337985e-010, 4.35479777239e-011, 6.9228317523e-011, 1.07697843699e-011, 7.39890530029e-014, 2.39753999209e-018]
        max: [3.1069855595e-006, 0.00148987222929, 0.00238059018739, 0.00611747941002, 0.00637330301106, 0.00277852313593, 0.00529425032437, 0.00404755072668, 0.00496307574213, 0.0062538748607, 0.00283064460382, 0.00307133561, 0.00367956841365, 0.00334498495795, 0.00437630200759, 0.00505674304441, 0.00667966622859, 0.00190445885528, 0.00618890253827, 0.00656723370776, 0.00109293893911, 0.000343587977113, 0.00011871910101, 0.000155276720761, 4.89289304824e-005, 4.23494611823e-006, 4.55255033671e-008]
        mean: [9.48470813e-008, 5.15594620083e-005, 0.000129774038214, 0.00029058943619, 0.00065036630258, 0.000257767911535, 0.000175971363205, 0.000203698233236, 0.000341425766237, 0.000218414585106, 5.14475359523e-005, 8.2663820649e-005, 0.000108576299681, 6.59626239212e-005, 0.000101995261502, 0.000149685161887, 0.000183247408131, 8.6906067736e-005, 0.000289126764983, 0.000223665134399, 3.73865186702e-005, 1.13266341941e-005, 3.23126346302e-006, 2.55227018897e-006, 1.03632567061e-006, 7.45697903426e-008, 1.15420839553e-009]
        median: [7.26399385087e-009, 2.22945527639e-005, 5.49595642951e-005, 0.000159790855832, 0.000399948447011, 0.000116635514132, 1.98475499928e-005, 2.73516288871e-005, 3.00566498481e-005, 1.23235140563e-005, 1.19903870655e-005, 1.8714043108e-005, 1.67000434885e-005, 1.42671378853e-005, 2.76159316854e-005, 1.96335458895e-005, 5.58239771635e-005, 4.39433424617e-005, 6.40065118205e-005, 6.18520716671e-005, 1.46700549521e-005, 3.4543431866e-006, 6.26783275948e-007, 3.66976507848e-007, 1.8390167611e-007, 9.88855042294e-009, 4.41995995359e-010]
        min: [8.62559310845e-026, 7.16040208427e-024, 1.51983677494e-024, 1.06793760817e-024, 1.22771858406e-023, 8.70426282922e-024, 7.72971747754e-024, 8.20677401023e-024, 1.91844550822e-023, 2.00143919748e-023, 1.26887022316e-023, 3.21204723073e-023, 3.28210754545e-023, 4.6560227234e-023, 5.25404586942e-023, 6.38089202067e-023, 6.71148280013e-023, 9.06193173255e-023, 1.82184485187e-022, 1.93984519043e-022, 3.00839111291e-022, 3.39079301444e-022, 4.21431583674e-022, 6.07903130296e-022, 9.99542050287e-022, 1.35692214218e-021, 2.13933968202e-021]
        var: [5.32983454192e-014, 1.21758487737e-008, 3.33819940579e-008, 1.93011757688e-007, 5.15624492436e-007, 1.25981642896e-007, 1.54843462497e-007, 2.10027309322e-007, 5.26396888745e-007, 3.81993771725e-007, 2.26684306881e-008, 4.79608139869e-008, 9.09117190417e-008, 3.92013284056e-008, 6.89123069719e-008, 2.33700220065e-007, 1.5271633913e-007, 1.49587702225e-008, 2.62723290234e-007, 1.62790229297e-007, 5.27436627706e-009, 5.04077002361e-010, 6.50122733425e-011, 8.91805726488e-011, 1.22075084416e-011, 5.21676479142e-014, 3.87743931343e-018]
    frequency_bands:
        dmean: [6.57038299323e-008, 3.36467237503e-005, 5.24997958564e-005, 0.000182581774425, 0.00027888972545, 0.000106761035568, 7.74864165578e-005, 9.03583495528e-005, 0.00010688045586, 9.61066034506e-005, 2.96207890642e-005, 4.36638001702e-005, 4.98788540426e-005, 4.44681427325e-005, 6.17218465777e-005, 7.18883893569e-005, 9.16034186957e-005, 4.39511604782e-005, 0.000130729895318, 0.000101748490124, 2.11211263377e-005, 5.81524227528e-006, 1.61931063758e-006, 1.43612692227e-006, 5.90206582274e-007, 5.09672624105e-008, 4.93171170568e-010, 4.14671283422e-011]
        dmean2: [1.05875813006e-007, 5.78614926781e-005, 8.81963569555e-005, 0.000299471925246, 0.000459182629129, 0.000162124386407, 0.000113151530968, 0.000128080646391, 0.000157632704941, 0.00013416884758, 4.63022915937e-005, 6.69525616104e-005, 7.80157570262e-005, 7.03961777617e-005, 9.63610873441e-005, 0.000109776447061, 0.000144961828482, 6.99881638866e-005, 0.000203940770007, 0.000154662440764, 3.40197402693e-005, 9.10213475436e-006, 2.28406361202e-006, 2.03845024771e-006, 8.62316426264e-007, 7.61626992585e-008, 7.13494263671e-010, 7.65576629869e-011]
        dvar: [4.70518704565e-014, 1.26474271056e-008, 1.61332120996e-008, 1.65260630069e-007, 1.86974233429e-007, 3.93069150562e-008, 3.89156831204e-008, 4.96335132993e-008, 7.43431840533e-008, 9.57745811547e-008, 1.05956559082e-008, 1.70613372319e-008, 2.16908553341e-008, 2.33685977236e-008, 3.84928462438e-008, 6.13159585328e-008, 6.26583513963e-008, 7.48995354627e-009, 9.79283854008e-008, 6.05230638939e-008, 3.44304185163e-009, 2.77922462821e-010, 2.37616159388e-011, 3.63678427651e-011, 5.27158958846e-012, 3.16223284537e-014, 1.2481277598e-018, 5.03596321482e-021]
        dvar2: [1.1796427279e-013, 3.45779973543e-008, 4.68397054476e-008, 4.37640181872e-007, 5.12410906595e-007, 9.84563754969e-008, 8.32086897162e-008, 9.28007324319e-008, 1.64681750903e-007, 2.05249463647e-007, 2.46681857163e-008, 3.87287570902e-008, 5.06544921564e-008, 5.58231434411e-008, 8.58102850998e-008, 1.45978589217e-007, 1.53411690462e-007, 1.82207600119e-008, 2.19865498252e-007, 1.33652449108e-007, 9.43877509485e-009, 7.42154337985e-010, 4.35479777239e-011, 6.9228317523e-011, 1.07697843699e-011, 7.39890530029e-014, 2.39753999209e-018, 1.62178517237e-020]
        max: [3.1069855595e-006, 0.00148987222929, 0.00238059018739, 0.00611747941002, 0.00637330301106, 0.00277852313593, 0.00529425032437, 0.00404755072668, 0.00496307574213, 0.0062538748607, 0.00283064460382, 0.00307133561, 0.00367956841365, 0.00334498495795, 0.00437630200759, 0.00505674304441, 0.00667966622859, 0.00190445885528, 0.00618890253827, 0.00656723370776, 0.00109293893911, 0.000343587977113, 0.00011871910101, 0.000155276720761, 4.89289304824e-005, 4.23494611823e-006, 4.55255033671e-008, 9.49975209608e-010]
        mean: [9.48470813e-008, 5.15594620083e-005, 0.000129774038214, 0.00029058943619, 0.00065036630258, 0.000257767911535, 0.000175971363205, 0.000203698233236, 0.000341425766237, 0.000218414585106, 5.14475359523e-005, 8.2663820649e-005, 0.000108576299681, 6.59626239212e-005, 0.000101995261502, 0.000149685161887, 0.000183247408131, 8.6906067736e-005, 0.000289126764983, 0.000223665134399, 3.73865186702e-005, 1.13266341941e-005, 3.23126346302e-006, 2.55227018897e-006, 1.03632567061e-006, 7.45697903426e-008, 1.15420839553e-009, 3.24371779437e-011]
        median: [7.26399385087e-009, 2.22945527639e-005, 5.49595642951e-005, 0.000159790855832, 0.000399948447011, 0.000116635514132, 1.98475499928e-005, 2.73516288871e-005, 3.00566498481e-005, 1.23235140563e-005, 1.19903870655e-005, 1.8714043108e-005, 1.67000434885e-005, 1.42671378853e-005, 2.76159316854e-005, 1.96335458895e-005, 5.58239771635e-005, 4.39433424617e-005, 6.40065118205e-005, 6.18520716671e-005, 1.46700549521e-005, 3.4543431866e-006, 6.26783275948e-007, 3.66976507848e-007, 1.8390167611e-007, 9.88855042294e-009, 4.41995995359e-010, 9.12840202733e-012]
        min: [8.62559310845e-026, 7.16040208427e-024, 1.51983677494e-024, 1.06793760817e-024, 1.22771858406e-023, 8.70426282922e-024, 7.72971747754e-024, 8.20677401023e-024, 1.91844550822e-023, 2.00143919748e-023, 1.26887022316e-023, 3.21204723073e-023, 3.28210754545e-023, 4.6560227234e-023, 5.25404586942e-023, 6.38089202067e-023, 6.71148280013e-023, 9.06193173255e-023, 1.82184485187e-022, 1.93984519043e-022, 3.00839111291e-022, 3.39079301444e-022, 4.21431583674e-022, 6.07903130296e-022, 9.99542050287e-022, 1.35692214218e-021, 2.13933968202e-021, 5.21182805326e-022]
        var: [5.32983454192e-014, 1.21758487737e-008, 3.33819940579e-008, 1.93011757688e-007, 5.15624492436e-007, 1.25981642896e-007, 1.54843462497e-007, 2.10027309322e-007, 5.26396888745e-007, 3.81993771725e-007, 2.26684306881e-008, 4.79608139869e-008, 9.09117190417e-008, 3.92013284056e-008, 6.89123069719e-008, 2.33700220065e-007, 1.5271633913e-007, 1.49587702225e-008, 2.62723290234e-007, 1.62790229297e-007, 5.27436627706e-009, 5.04077002361e-010, 6.50122733425e-011, 8.91805726488e-011, 1.22075084416e-011, 5.21676479142e-014, 3.87743931343e-018, 3.92726412081e-021]
    mfcc:
        mean: [-778.052734375, 127.677909851, -39.7384567261, 50.4439315796, -4.90428113937, -12.2351083755, 1.32534754276, -11.8649597168, -10.1039047241, -6.09106731415, -11.49949646, -9.0625371933, -8.9770116806]
        cov: [[8473.65234375, 188.668289185, -1378.59423828, 645.890808105, -817.878295898, 169.266372681, 169.489059448, 369.422332764, 299.124694824, 478.291015625, 214.514266968, -68.4811630249, 238.607559204], [188.668289185, 1345.87670898, -185.021102905, -46.2489967346, -68.4733581543, -179.081604004, -1.81999957561, -9.89630126953, -47.0239105225, -41.8465957642, 42.2346725464, 21.029094696, -30.7826099396], [-1378.59423828, -185.021102905, 700.602355957, -54.4948997498, 192.360229492, 38.0047073364, -33.2185058594, -42.0279312134, -37.0301475525, -65.0156784058, -26.4673995972, 71.4766693115, -32.6941070557], [645.890808105, -46.2489967346, -54.4948997498, 371.598114014, 117.788665771, 91.1008071899, 8.22492218018, -1.91689503193, 62.3836517334, -3.71464419365, -27.1402988434, 13.2553129196, 48.7604866028], [-817.878295898, -68.4733581543, 192.360229492, 117.788665771, 432.98916626, 77.0573654175, -51.8159751892, -85.9507598877, -26.5877609253, -70.6220474243, -82.6940994263, 20.573972702, 12.1168632507], [169.266372681, -179.081604004, 38.0047073364, 91.1008071899, 77.0573654175, 283.678741455, 133.530548096, 119.085960388, 90.5402450562, 57.621421814, 54.1955184937, -8.74818611145, 25.0180492401], [169.489059448, -1.81999957561, -33.2185058594, 8.22492218018, -51.8159751892, 133.530548096, 269.725250244, 154.763000488, 70.6859130859, 56.8134231567, 60.1323509216, -14.726111412, -22.0193634033], [369.422332764, -9.89630126953, -42.0279312134, -1.91689503193, -85.9507598877, 119.085960388, 154.763000488, 250.75743103, 107.071472168, 116.340835571, 88.9450759888, -15.5298786163, 43.67137146], [299.124694824, -47.0239105225, -37.0301475525, 62.3836517334, -26.5877609253, 90.5402450562, 70.6859130859, 107.071472168, 159.992248535, 83.6639251709, 45.7032966614, -3.56325125694, 27.4194736481], [478.291015625, -41.8465957642, -65.0156784058, -3.71464419365, -70.6220474243, 57.621421814, 56.8134231567, 116.340835571, 83.6639251709, 207.191207886, 95.0788726807, -4.11488246918, 59.9207000732], [214.514266968, 42.2346725464, -26.4673995972, -27.1402988434, -82.6940994263, 54.1955184937, 60.1323509216, 88.9450759888, 45.7032966614, 95.0788726807, 149.456420898, 22.7169151306, 14.5224561691], [-68.4811630249, 21.029094696, 71.4766693115, 13.2553129196, 20.573972702, -8.74818611145, -14.726111412, -15.5298786163, -3.56325125694, -4.11488246918, 22.7169151306, 91.1667861938, 15.476600647], [238.607559204, -30.7826099396, -32.6941070557, 48.7604866028, 12.1168632507, 25.0180492401, -22.0193634033, 43.67137146, 27.4194736481, 59.9207000732, 14.5224561691, 15.476600647, 141.256469727]]
        icov: [[0.000310885981889, -2.88366081804e-005, 0.000399109092541, -0.000631072849501, 0.000607460504398, -0.000267137977062, 0.000186452991329, -0.00012711979798, 0.000190552673303, -0.000508428434841, 0.000247722346103, -0.000215724809095, 1.92135012185e-005], [-2.88366081804e-005, 0.000923474319279, 0.000241041692789, 2.67125833489e-005, -0.000311935989885, 0.000883768545464, -0.000243867456447, -0.00027238909388, 4.26521073678e-005, 0.000468547514174, -0.000698415795341, -0.000177786874701, 9.71996778389e-005], [0.000399109092541, 0.000241041692789, 0.00255751865916, -0.000173496053321, -0.000137718365295, -0.000559127074666, 0.000515259394888, -0.000650017755106, 0.000372652692022, -0.000309210125124, 0.000409162108554, -0.00199886132032, 0.000658083183225], [-0.000631072849501, 2.67125833489e-005, -0.000173496053321, 0.00508257187903, -0.00203972938471, -0.000489667756483, -0.000445071258582, 0.000981083838269, -0.00205423939042, 0.00150672032032, 0.000279051921098, -0.000478087138617, -0.00105050543789], [0.000607460504398, -0.000311935989885, -0.000137718365295, -0.00203972938471, 0.0050781541504, -0.00246215681545, 0.000807661097497, 0.000836168590467, 0.000834030564874, -0.00110746768769, 0.00229635764845, -0.000697278301232, -0.000405803322792], [-0.000267137977062, 0.000883768545464, -0.000559127074666, -0.000489667756483, -0.00246215681545, 0.00786898564547, -0.00268843164667, -0.00117937813047, -0.00173340376932, 0.00123522640206, -0.00292589957826, 0.00160222267732, -0.000615729368292], [0.000186452991329, -0.000243867456447, 0.000515259394888, -0.000445071258582, 0.000807661097497, -0.00268843164667, 0.00748510658741, -0.00400875275955, 0.000440826144768, -0.000342650309904, 0.000519292545505, -0.000659372366499, 0.00279645901173], [-0.00012711979798, -0.00027238909388, -0.000650017755106, 0.000981083838269, 0.000836168590467, -0.00117937813047, -0.00400875275955, 0.0105478065088, -0.00319344829768, -0.00116361049004, -0.00173895398621, 0.00194756581914, -0.00300359423272], [0.000190552673303, 4.26521073678e-005, 0.000372652692022, -0.00205423939042, 0.000834030564874, -0.00173340376932, 0.000440826144768, -0.00319344829768, 0.0110304746777, -0.00300276721828, 0.000782163115218, -0.000740916409995, 0.000907643057872], [-0.000508428434841, 0.000468547514174, -0.000309210125124, 0.00150672032032, -0.00110746768769, 0.00123522640206, -0.000342650309904, -0.00116361049004, -0.00300276721828, 0.0105511453003, -0.00519135221839, 0.00181097385939, -0.00300578400493], [0.000247722346103, -0.000698415795341, 0.000409162108554, 0.000279051921098, 0.00229635764845, -0.00292589957826, 0.000519292545505, -0.00173895398621, 0.000782163115218, -0.00519135221839, 0.0134617444128, -0.00484936498106, 0.00156518642325], [-0.000215724809095, -0.000177786874701, -0.00199886132032, -0.000478087138617, -0.000697278301232, 0.00160222267732, -0.000659372366499, 0.00194756581914, -0.000740916409995, 0.00181097385939, -0.00484936498106, 0.014730297029, -0.00264055444859], [1.92135012185e-005, 9.71996778389e-005, 0.000658083183225, -0.00105050543789, -0.000405803322792, -0.000615729368292, 0.00279645901173, -0.00300359423272, 0.000907643057872, -0.00300578400493, 0.00156518642325, -0.00264055444859, 0.010318627581]]
    sccoeffs:
        dmean: [0.044390834868, 0.0402137190104, 0.0327512025833, 0.0283136554062, 0.0219683609903, 0.0186820067465]
        dmean2: [0.0735906660557, 0.0646737590432, 0.05182377249, 0.044781614095, 0.0343475081027, 0.0274908207357]
        dvar: [0.00144191796426, 0.00119247299153, 0.000807873380836, 0.000619625032414, 0.000390100758523, 0.000320783088682]
        dvar2: [0.00389010296203, 0.00299440114759, 0.00195741397329, 0.00147997168824, 0.000865340407472, 0.000644404964987]
        max: [-0.226993083954, -0.396670848131, -0.450098693371, -0.484847694635, -0.525045216084, -0.591699659824]
        mean: [-0.583968162537, -0.688586771488, -0.741496562958, -0.758072793484, -0.757882654667, -0.768034815788]
        median: [-0.606272101402, -0.692089676857, -0.752287149429, -0.760895729065, -0.757608056068, -0.767166614532]
        min: [-0.982073664665, -0.981112003326, -0.974956274033, -0.971695005894, -0.96613830328, -0.963934123516]
        var: [0.0122499149293, 0.00677059683949, 0.00666583748534, 0.00348451593891, 0.00289842719212, 0.00329480343498]
    scvalleys:
        dmean: [0.360486924648, 0.322345048189, 0.279427200556, 0.255077213049, 0.24716809392, 0.340039521456]
        dmean2: [0.582275807858, 0.526514351368, 0.442231029272, 0.38814792037, 0.34973603487, 0.425232768059]
        dvar: [0.120482251048, 0.0915634408593, 0.0742991119623, 0.0748873874545, 0.0975806415081, 0.168746069074]
        dvar2: [0.258571445942, 0.205464825034, 0.154065042734, 0.142061010003, 0.154430925846, 0.250026583672]
        max: [-5.10748529434, -4.84940242767, -5.55933094025, -5.95612335205, -5.6427154541, -7.5831451416]
        mean: [-7.63902139664, -7.4439496994, -8.0551815033, -8.27774524689, -8.28931617737, -11.1522188187]
        median: [-7.04884147644, -7.23506641388, -7.85680770874, -8.03605270386, -7.9500541687, -10.7892217636]
        min: [-27.9664459229, -27.862154007, -27.710899353, -27.6698951721, -27.4816684723, -27.4188175201]
        var: [3.44728636742, 2.94977498055, 3.13319945335, 3.03059983253, 3.24758720398, 3.33947706223]

rhythm:
    beats_loudness:
        dmean: 0.00211287592538
        dmean2: 0.00351510662585
        dvar: 3.55211136593e-006
        dvar2: 9.15722648642e-006
        max: 0.0138076189905
        mean: 0.00473691243678
        median: 0.00413400772959
        min: 0
        var: 1.02531330413e-005
    bpm: 103.884796143
    bpm_confidence: 0
    first_peak_bpm: 103
    first_peak_spread: 0.38753387332
    first_peak_weight: 0.564999997616
    onset_rate: 2.43151021004
    second_peak_bpm: 108
    second_peak_spread: 0.347826063633
    second_peak_weight: 0.0375000014901
    beats_loudness_band_ratio:
        dmean: [0.178987637162, 0.142491057515, 0.125052526593, 0.0558673329651, 0.095289029181, 0.0811906084418]
        dmean2: [0.302182435989, 0.23444250226, 0.205103248358, 0.0909226089716, 0.161954805255, 0.143200293183]
        dvar: [0.0270673446357, 0.0180540941656, 0.0171547811478, 0.00486851297319, 0.010487598367, 0.0115864314139]
        dvar2: [0.0718742758036, 0.048074118793, 0.0434414148331, 0.0101411268115, 0.0265522859991, 0.0325773283839]
        max: [0.972447991371, 0.899786412716, 0.75241959095, 0.473767369986, 0.747612059116, 0.806325256824]
        mean: [0.306720882654, 0.29187682271, 0.180359616876, 0.0730994343758, 0.13348762691, 0.118893451989]
        median: [0.259433090687, 0.21992328763, 0.0915405750275, 0.0424428991973, 0.0981041565537, 0.101935118437]
        min: [0, 0, 0, 0, 0, 0]
        var: [0.0457918308675, 0.0504064187407, 0.0358339175582, 0.00743265263736, 0.0147606199607, 0.0131250629202]
    beats_position: [0.580498874187, 1.17260766029, 1.77632653713, 2.36843538284, 2.97215414047, 3.5758728981, 4.19120168686, 4.78331041336, 5.35219955444, 5.93269824982, 6.51319694519, 7.0936961174, 7.66258478165, 8.24308395386, 8.82358264923, 9.4040813446, 9.98458003998, 10.5650787354, 11.1455783844, 11.7260770798, 12.294965744, 12.8638544083, 13.4443531036, 14.0248527527, 14.5937414169, 15.1742401123, 15.7431287766, 16.3236274719, 16.904127121, 17.4846248627, 18.0651245117, 18.6456241608, 19.2145118713, 19.7950115204, 20.363899231, 20.94439888, 21.5132884979, 22.0937862396, 22.6742858887, 23.2547836304, 23.8236732483, 24.40417099, 24.984670639, 25.553560257, 26.1224479675, 26.7029476166, 27.2834453583, 27.8639450073, 28.4328346252, 29.0017223358, 29.5822219849, 30.1627197266, 30.7432193756, 31.3237190247, 31.9042167664, 32.4847145081, 33.0652160645, 33.6457138062, 34.2146034241, 34.783493042, 35.3639907837, 35.9444885254, 36.5249862671, 37.1054878235, 37.6859855652, 38.2548751831, 38.823764801, 39.4042625427, 39.9847602844, 40.5652618408, 41.1457595825, 41.7262573242, 42.2951469421, 42.8640365601, 43.4445343018, 44.0250320435, 44.6055335999, 45.1860313416, 45.7665290833, 46.347026825, 46.9391365051, 47.5312461853, 48.0885238647, 48.6458053589, 49.1914749146, 49.7371406555, 50.2944221497, 50.8865280151, 51.4786376953, 52.0707473755, 52.6628570557, 53.2433547974, 53.8238525391, 54.392742157, 54.9732398987, 55.5421295166, 56.122631073, 56.7031288147, 57.2720184326, 57.8525161743, 58.4214057922, 59.0019035339, 59.5824012756, 60.162902832, 60.7317886353, 61.3238983154, 61.9043960571, 62.4848976135, 63.0537872314, 63.6226730347, 64.2031707764, 64.7836685181, 65.3641738892, 65.9446716309, 66.5135574341, 67.0824508667, 67.6629486084, 68.2434463501, 68.8239440918, 69.4044418335, 69.9733352661, 70.5538330078, 71.122718811, 71.7032165527, 72.2837142944, 72.8526077271, 73.4214935303, 74.001991272, 74.5708847046, 75.1397705078, 75.7202682495, 76.2775497437, 76.8348312378, 77.3921051025, 77.9726028442, 78.5414962769, 79.1452102661, 79.7489318848, 80.3410415649, 80.9215393066, 81.5136489868, 82.0941467285, 82.6862564087, 83.2667541504, 83.8472518921, 84.4161453247, 84.9850311279, 85.5655288696, 86.1460266113, 86.7265319824, 87.3070297241, 87.8875274658, 88.4680252075, 89.0485229492, 89.6058044434, 90.1630859375, 90.7435836792, 91.3124694824, 91.8813552856, 92.4502487183, 93.0191345215, 93.5996322632, 94.1917419434, 94.7722396851, 95.3527450562, 95.9448471069, 96.525352478, 97.1058502197, 97.6747360229, 98.2436294556, 98.8241271973, 99.404624939, 99.9735107422, 100.542404175, 101.122901917, 101.69178772, 102.260681152, 102.841178894, 103.421676636, 104.002174377, 104.582672119, 105.163169861, 105.743675232, 106.312561035, 106.881446838, 107.473556519, 108.05405426, 108.622947693, 109.191833496, 109.772331238, 110.34122467, 110.921722412, 111.502220154, 112.082717896, 112.663215637, 113.243713379, 113.82421875, 114.404716492, 114.985214233, 115.554100037, 116.134597778, 116.715103149, 117.283988953, 117.841270447, 118.398544312, 118.955825806, 119.536323547, 120.116821289, 120.708930969, 121.301040649, 121.881538391, 122.462036133, 123.030929565, 123.599815369, 124.18031311, 124.760810852, 125.341316223, 125.921813965, 126.502311707, 127.082809448, 127.66330719, 128.243804932, 128.824310303, 129.404800415, 129.985305786, 130.565795898, 131.14630127, 131.715194702, 132.284072876, 132.864578247, 133.43347168, 134.002349854, 134.582855225, 135.163360596, 135.743850708, 136.324356079, 136.904846191, 137.485351563, 138.065841675, 138.634735107, 139.20362854, 139.784118652, 140.353012085, 140.921905518, 141.50239563, 142.082901001, 142.663391113, 143.243896484, 143.824401855, 144.393280029, 144.9737854, 145.542678833, 146.111557007, 146.680450439, 147.260955811, 147.841445923, 148.421951294, 149.002441406, 149.582946777, 150.16343689, 150.743942261, 151.312835693, 151.881713867, 152.462219238, 153.054321289, 153.63482666, 154.215332031, 154.784210205, 155.353103638, 155.933609009, 156.502487183, 157.082992554, 157.663482666, 158.243988037, 158.824493408, 159.404983521, 159.973876953, 160.554367065, 161.123260498, 161.703765869, 162.284255981, 162.853149414, 163.433654785, 164.002532959, 164.58303833, 165.151931763, 165.709197998, 166.254867554, 166.846984863, 167.439086914, 168.042816162, 168.646530151, 169.250244141, 169.807525635, 170.364807129, 170.910476685, 171.45614624, 172.013427734, 172.605529785, 173.197631836, 173.789749146, 174.381851196, 174.962356567, 175.54284668, 176.123352051, 176.703857422, 177.284347534, 177.864852905, 178.445343018, 179.025848389, 179.606338501, 180.186843872, 180.767349243, 181.347839355, 181.916732788, 182.485626221, 183.054504395, 183.623397827, 184.203903198, 184.784393311, 185.364898682, 185.945388794, 186.525894165, 187.094787598, 187.663665771, 188.232559204, 188.813064575, 189.393554688, 189.96244812, 190.542938232, 191.123443604, 191.703948975, 192.272827148, 192.841720581, 193.422225952, 193.991104126, 194.571609497, 195.140487671, 195.720993042, 196.289886475, 196.870376587, 197.462493896, 198.042984009, 198.62348938, 199.192382813, 199.772872925, 200.341766357, 200.92225647, 201.491149902, 202.060043335, 202.640533447, 203.221038818, 203.801544189, 204.370422363, 204.950927734, 205.531417847, 206.100311279, 206.68081665, 207.261306763, 207.841812134, 208.433914185, 209.014419556, 209.594909668, 210.175415039, 210.744308472, 211.313186646, 211.882080078, 212.462585449, 213.043075562, 213.623580933, 214.204071045, 214.784576416, 215.353469849, 215.933959961, 216.502853394, 217.083358765, 217.663848877, 218.244354248, 218.82484436, 219.405349731, 219.974243164, 220.543121338, 221.123626709, 221.704116821, 222.284622192, 222.853515625, 223.434005737, 224.00289917, 224.536956787, 225.071014404, 225.605072021, 226.185577393, 226.766067505, 227.358184814, 227.996734619, 228.635284424, 229.308654785, 229.993652344, 230.678634644, 231.363616943, 232.048614502]
