
metadata:
    version:
        essentia: "2.1-beta2"
    audio_properties:
        analysis_sample_rate: 44100
        bitrate: 320
        channels: 2
        equal_loudness: 1
        length: 249.469390869
        replay_gain: -15.4481868744
        downmix: "mix"
    tags:
        album: "Anything That Moves"
        artist: "Bobaflex"
        comment: "BigBlackMetal@KickassTorrents"
        date: "2015"
        genre: "Hard Rock"
        title: "You Don't Wanna Know"
        tracknumber: "10/13"

configuration:
    average_loudness:
        compute: 1
        frameSize: 88200
        hopSize: 44100
        silentFrames: "noise"
        windowType: "hann"
    general:
        analysisSampleRate: 44100
        endTime: 2000
        equalLoudness: 1
        nequalLoudness: 0
        shortSound: 0
        startTime: 0
    lowlevel:
        compute: 1
        frameSize: 2048
        hopSize: 1024
        zeroPadding: 0
        silentFrames: "noise"
        windowType: "blackmanharris62"
        mfccStats: ["mean", "cov", "icov"]
        stats: ["mean", "var", "median", "min", "max", "dmean", "dmean2", "dvar", "dvar2"]
    panning:
        compute: 0
        frameSize: 8192
        hopSize: 2048
        zeroPadding: 8192
        silentFrames: "noise"
        windowType: "hann"
        stats: ["copy"]
    rhythm:
        compute: 1
        maxTempo: 208
        minTempo: 40
        method: "degara"
        stats: ["mean", "var", "median", "min", "max", "dmean", "dmean2", "dvar", "dvar2"]
    segmentation:
        compute: 0
        cpw: 5
        inc1: 300
        inc2: 50
        minimumSegmentsLength: 10
        size1: 1000
        size2: 600
    sfx:
        compute: 1
        stats: ["mean", "var", "median", "min", "max", "dmean", "dmean2", "dvar", "dvar2"]
    svm:
        compute: 0
    tonal:
        compute: 1
        frameSize: 4096
        hopSize: 2048
        zeroPadding: 0
        silentFrames: "noise"
        windowType: "blackmanharris62"
        stats: ["mean", "var", "median", "min", "max", "dmean", "dmean2", "dvar", "dvar2"]

lowlevel:
    average_loudness: 0.953225791454
    barkbands_kurtosis:
        dmean: 0.570418536663
        dmean2: 0.877596914768
        dvar: 3.12013316154
        dvar2: 6.49060726166
        max: 59.645072937
        mean: -0.613316655159
        median: -1.30935502052
        min: -1.94615840912
        var: 8.9379119873
    barkbands_skewness:
        dmean: 0.311126440763
        dmean2: 0.470970571041
        dvar: 0.109643690288
        dvar2: 0.227193519473
        max: 6.53408336639
        mean: 0.138624414802
        median: 0.0484246425331
        min: -2.99444508553
        var: 0.652055263519
    barkbands_spread:
        dmean: 4.73423576355
        dmean2: 7.52648830414
        dvar: 27.070438385
        dvar2: 65.9870376587
        max: 78.9421463013
        mean: 33.6860122681
        median: 34.7656707764
        min: 1.58587896824
        var: 93.6922607422
    dissonance:
        dmean: 0.0127237606794
        dmean2: 0.021415553987
        dvar: 0.000149554776726
        dvar2: 0.000410170730902
        max: 0.500000059605
        mean: 0.471965074539
        median: 0.479894906282
        min: 0.233527556062
        var: 0.000844494381454
    hfc:
        dmean: 2.09135961533
        dmean2: 3.27014040947
        dvar: 6.31942081451
        dvar2: 14.9437150955
        max: 32.2470932007
        mean: 9.26965427399
        median: 8.96619796753
        min: 1.09408698081e-016
        var: 28.2751502991
    pitch:
        dmean: 889.115234375
        dmean2: 1706.5402832
        dvar: 1740157.375
        dvar2: 4149597.25
        max: 5449.80126953
        mean: 1263.87890625
        median: 346.928009033
        min: 58.1458625793
        var: 2150077
    pitch_instantaneous_confidence:
        dmean: 0.0747513994575
        dmean2: 0.121182017028
        dvar: 0.00441435817629
        dvar2: 0.0105762919411
        max: 0.971255838871
        mean: 0.398769825697
        median: 0.35765260458
        min: 0.0998724102974
        var: 0.0278404504061
    pitch_salience:
        dmean: 0.0484316162765
        dmean2: 0.0786520987749
        dvar: 0.00167838996276
        dvar2: 0.00447287457064
        max: 0.917721152306
        mean: 0.649753212929
        median: 0.663101971149
        min: 0.275648027658
        var: 0.00674322154373
    silence_rate_20dB:
        dmean: 0
        dmean2: 0
        dvar: 0
        dvar2: 0
        max: 1
        mean: 1
        median: 1
        min: 1
        var: 0
    silence_rate_30dB:
        dmean: 0
        dmean2: 0
        dvar: 0
        dvar2: 0
        max: 1
        mean: 1
        median: 1
        min: 1
        var: 0
    silence_rate_60dB:
        dmean: 0.0444899462163
        dmean2: 0.0889881774783
        dvar: 0.0425137430429
        dvar2: 0.0922461077571
        max: 1
        mean: 0.160260587931
        median: 0
        min: 0
        var: 0.134576186538
    spectral_centroid:
        dmean: 214.159744263
        dmean2: 329.991943359
        dvar: 55211.6914063
        dvar2: 114150.851563
        max: 11609.4316406
        mean: 1632.85583496
        median: 1625.99401855
        min: 169.682830811
        var: 592329
    spectral_complexity:
        dmean: 3.36075949669
        dmean2: 5.29461050034
        dvar: 11.1853656769
        dvar2: 25.7389030457
        max: 48
        mean: 18.9556999207
        median: 20
        min: 0
        var: 73.8375091553
    spectral_crest:
        dmean: 1.55474972725
        dmean2: 2.53023433685
        dvar: 2.24426221848
        dvar2: 5.8226723671
        max: 21.893491745
        mean: 6.37476825714
        median: 5.52191925049
        min: 2.22733879089
        var: 8.66878890991
    spectral_decrease:
        dmean: 2.34631897245e-010
        dmean2: 3.70642794234e-010
        dvar: 9.9492191941e-020
        dvar2: 2.48460266442e-019
        max: 1.33101379568e-028
        mean: -1.23257559714e-009
        median: -1.23543386632e-009
        min: -4.44927872323e-009
        var: 2.99941376978e-019
    spectral_energy:
        dmean: 0.00104057206772
        dmean2: 0.00163533748128
        dvar: 1.86537249647e-006
        dvar2: 4.62098569187e-006
        max: 0.0193423181772
        mean: 0.00549281202257
        median: 0.00549493730068
        min: 1.02283233421e-020
        var: 6.15568615103e-006
    spectral_energyband_high:
        dmean: 0.000146091013448
        dmean2: 0.000242782567511
        dvar: 5.31041592922e-008
        dvar2: 1.39847088576e-007
        max: 0.00276260683313
        mean: 0.000334523414494
        median: 0.000269051844953
        min: 7.01886014206e-021
        var: 8.85035618126e-008
    spectral_energyband_low:
        dmean: 0.000265747861704
        dmean2: 0.000452241365565
        dvar: 1.42100930134e-007
        dvar2: 3.96632373167e-007
        max: 0.00417464924976
        mean: 0.000552451820113
        median: 0.000484051066451
        min: 1.61050276759e-023
        var: 1.85436576317e-007
    spectral_energyband_middle_high:
        dmean: 0.000595379562583
        dmean2: 0.000919675570913
        dvar: 4.36162451933e-007
        dvar2: 1.0071091765e-006
        max: 0.00958192721009
        mean: 0.00267711468041
        median: 0.00260483892635
        min: 1.32118464796e-021
        var: 2.44513125836e-006
    spectral_energyband_middle_low:
        dmean: 0.000622614810709
        dmean2: 0.00099634041544
        dvar: 7.99477334112e-007
        dvar2: 2.06999925467e-006
        max: 0.0111669404432
        mean: 0.00212690164335
        median: 0.00189154327381
        min: 1.80940394742e-022
        var: 1.60710510499e-006
    spectral_flatness_db:
        dmean: 0.0124770719558
        dmean2: 0.0187675710768
        dvar: 0.000155167639605
        dvar2: 0.000306982226903
        max: 0.423345863819
        mean: 0.155277758837
        median: 0.13954500854
        min: 0.057474732399
        var: 0.00267473096028
    spectral_flux:
        dmean: 0.006820528768
        dmean2: 0.0102092474699
        dvar: 5.36746265425e-005
        dvar2: 0.000107645741082
        max: 0.101373702288
        mean: 0.0406453572214
        median: 0.0412943251431
        min: 6.4345598294e-011
        var: 0.000249692006037
    spectral_kurtosis:
        dmean: 1.51385760307
        dmean2: 2.58045244217
        dvar: 6.01988172531
        dvar2: 17.3229084015
        max: 59.9614105225
        mean: 4.17593193054
        median: 3.35662102699
        min: -1.25652313232
        var: 19.4234638214
    spectral_rms:
        dmean: 0.000209588150028
        dmean2: 0.000322911218973
        dvar: 5.78876040436e-008
        dvar2: 1.36059540523e-007
        max: 0.00434402516112
        mean: 0.00223562517203
        median: 0.00231536501087
        min: 3.15893210028e-012
        var: 3.6083838495e-007
    spectral_rolloff:
        dmean: 296.220672607
        dmean2: 477.869537354
        dvar: 212242.75
        dvar2: 438832.03125
        max: 19681.3476563
        mean: 3197.42797852
        median: 3380.71289063
        min: 172.265625
        var: 1633587
    spectral_skewness:
        dmean: 0.198446109891
        dmean2: 0.321772038937
        dvar: 0.0539060011506
        dvar2: 0.138541996479
        max: 5.90923500061
        mean: 1.30565607548
        median: 1.23022067547
        min: -0.301262646914
        var: 0.259359002113
    spectral_spread:
        dmean: 356615.1875
        dmean2: 514027.21875
        dvar: 322107670528
        dvar2: 531394199552
        max: 41995804
        mean: 4127262
        median: 3962445.75
        min: 1125335.875
        var: 6.21145803981e+012
    spectral_strongpeak:
        dmean: 0.508966267109
        dmean2: 0.886929273605
        dvar: 0.697174012661
        dvar2: 1.80570018291
        max: 11.8100185394
        mean: 0.717479467392
        median: 0.3486122787
        min: 0
        var: 1.00229358673
    zerocrossingrate:
        dmean: 0.00709662074223
        dmean2: 0.0085381725803
        dvar: 6.34389507468e-005
        dvar2: 7.69870966906e-005
        max: 0.5166015625
        mean: 0.0948686152697
        median: 0.0966796875
        min: 0.00732421875
        var: 0.00119753007311
    barkbands:
        dmean: [4.2996174443e-007, 9.23970874283e-005, 0.000164212542586, 0.000142351738759, 0.000294607074466, 0.000198623762117, 0.000111797555292, 0.000148707564222, 0.000169297956745, 0.000116582457849, 6.78574942867e-005, 5.20489302289e-005, 5.74864898226e-005, 6.09686430835e-005, 7.58245514589e-005, 0.00012713840988, 0.000205396223464, 0.000137474795338, 0.000274215271929, 0.000174323111423, 6.73345348332e-005, 2.62755911535e-005, 5.09659048475e-006, 1.04691957858e-006, 4.37080416305e-007, 1.6778535894e-008, 4.13454381842e-010]
        dmean2: [6.40821099296e-007, 0.000158819631906, 0.000278098828858, 0.000241594942054, 0.00049206771655, 0.000308343878714, 0.000180495815584, 0.000237300060689, 0.000270812626695, 0.000178573362064, 0.000107267784188, 8.31143624964e-005, 9.156629676e-005, 9.81983685051e-005, 0.000123115605675, 0.000204827374546, 0.000333889183821, 0.000227949509281, 0.000447615864687, 0.000282541383058, 0.000115353788715, 4.29529209214e-005, 8.34571528685e-006, 1.53067401243e-006, 6.28493864951e-007, 2.28852687911e-008, 6.09077899227e-010]
        dvar: [7.65432313886e-013, 2.69435922462e-008, 5.43025571176e-008, 3.82463163362e-008, 3.90568118291e-007, 6.61609789177e-008, 2.82169700938e-008, 5.8115077195e-008, 7.6037743213e-008, 4.48568826528e-008, 1.34806850127e-008, 8.4296756242e-009, 1.10922551144e-008, 1.34481572545e-008, 1.99439842419e-008, 4.28973052635e-008, 8.10882241353e-008, 3.19895292478e-008, 1.05133722172e-007, 7.41120516068e-008, 1.19894707495e-008, 1.79558057312e-009, 9.22725368335e-011, 5.24722583092e-012, 6.45862974647e-013, 1.20372614464e-015, 3.76367152862e-019]
        dvar2: [1.6477702449e-012, 7.54567679451e-008, 1.50973747282e-007, 1.07768521218e-007, 1.05749120394e-006, 1.64554407434e-007, 7.04424607534e-008, 1.43587399748e-007, 1.94353958705e-007, 1.03230171078e-007, 3.55559635068e-008, 2.14678124166e-008, 2.68717919027e-008, 3.33327889734e-008, 4.93493779175e-008, 1.09152246353e-007, 1.9420357944e-007, 8.34571380892e-008, 2.70058166052e-007, 1.83187566449e-007, 3.28598659394e-008, 4.43409087225e-009, 2.15222020761e-010, 9.70358515762e-012, 1.25644991373e-012, 2.18815694154e-015, 6.69115082891e-019]
        max: [6.88780892233e-006, 0.00149249774404, 0.00289589725435, 0.00308630336076, 0.0079409154132, 0.00540389074013, 0.00294332485646, 0.0041518881917, 0.00744457822293, 0.00419798400253, 0.00229043676518, 0.00191256357357, 0.00238139089197, 0.00225827400573, 0.00360652105883, 0.00443415855989, 0.00670786714181, 0.00435721315444, 0.0056194094941, 0.00505468295887, 0.00180760934018, 0.00076588767115, 0.000181503186468, 6.49327412248e-005, 1.59120718308e-005, 6.29529438356e-007, 1.24035519633e-008]
        mean: [4.65858391863e-007, 0.000137446331792, 0.00029379609623, 0.000246026553214, 0.000505239993799, 0.000423818535637, 0.000200927461265, 0.000277262821328, 0.000330284441588, 0.000227541968343, 0.000129470907268, 9.67471278273e-005, 0.000102699108538, 9.93905850919e-005, 0.000128133411636, 0.000255942635704, 0.000439019291662, 0.000334015145199, 0.000689168169629, 0.000370738503989, 0.000135649170261, 5.62949098821e-005, 9.32702823775e-006, 2.39612813857e-006, 9.74409431365e-007, 3.47734641082e-008, 6.85045908888e-010]
        median: [8.36478974975e-008, 9.83338395599e-005, 0.000216328218812, 0.000177192123374, 0.00033440705738, 0.000284260604531, 0.000130294225528, 0.000146744234371, 0.000197261324502, 0.000110490684165, 7.60177790653e-005, 5.43437890883e-005, 5.09175297339e-005, 5.18172491866e-005, 7.08563675289e-005, 0.000166561454535, 0.000337378383847, 0.000294188124826, 0.000596605939791, 0.000254631362623, 0.000110640357889, 4.01370161853e-005, 5.68211407881e-006, 1.4006333231e-006, 5.77192395212e-007, 1.39285836198e-008, 2.77149525552e-010]
        min: [1.75144660788e-025, 5.36723841631e-024, 7.0857675596e-025, 1.19529742638e-024, 1.07910760248e-023, 9.66526186143e-024, 1.06759409869e-023, 5.36038794821e-024, 1.48219043928e-023, 1.30793390521e-023, 2.0662352856e-023, 1.28325817832e-023, 2.31646590904e-023, 4.35883988775e-023, 6.28031982832e-023, 5.83462477647e-023, 9.25188249656e-023, 1.1659427288e-022, 1.43782408155e-022, 1.33175561128e-022, 2.96692858373e-022, 3.49425849615e-022, 3.88816262077e-022, 5.99223741829e-022, 7.45129738297e-022, 1.12712668281e-021, 2.08357991352e-021]
        var: [9.67145417571e-013, 2.43209328232e-008, 8.16138339133e-008, 6.0319358397e-008, 4.10409626284e-007, 2.33658838056e-007, 5.39999760463e-008, 1.30034663925e-007, 1.66319125583e-007, 1.18092550849e-007, 2.89330124303e-008, 1.75430425742e-008, 2.43642048758e-008, 2.29229506488e-008, 3.62809373655e-008, 9.8238238877e-008, 1.99574174076e-007, 7.39923464721e-008, 3.15326019518e-007, 1.8574522187e-007, 1.58060196043e-008, 3.73554964739e-009, 1.97133670499e-010, 1.74673556869e-011, 1.73527500962e-012, 3.48999173609e-015, 1.1510033142e-018]
    frequency_bands:
        dmean: [4.2996174443e-007, 9.23970874283e-005, 0.000164212542586, 0.000142351738759, 0.000294607074466, 0.000198623762117, 0.000111797555292, 0.000148707564222, 0.000169297956745, 0.000116582457849, 6.78574942867e-005, 5.20489302289e-005, 5.74864898226e-005, 6.09686430835e-005, 7.58245514589e-005, 0.00012713840988, 0.000205396223464, 0.000137474795338, 0.000274215271929, 0.000174323111423, 6.73345348332e-005, 2.62755911535e-005, 5.09659048475e-006, 1.04691957858e-006, 4.37080416305e-007, 1.6778535894e-008, 4.13454381842e-010, 6.01531047195e-011]
        dmean2: [6.40821099296e-007, 0.000158819631906, 0.000278098828858, 0.000241594942054, 0.00049206771655, 0.000308343878714, 0.000180495815584, 0.000237300060689, 0.000270812626695, 0.000178573362064, 0.000107267784188, 8.31143624964e-005, 9.156629676e-005, 9.81983685051e-005, 0.000123115605675, 0.000204827374546, 0.000333889183821, 0.000227949509281, 0.000447615864687, 0.000282541383058, 0.000115353788715, 4.29529209214e-005, 8.34571528685e-006, 1.53067401243e-006, 6.28493864951e-007, 2.28852687911e-008, 6.09077899227e-010, 1.10937821429e-010]
        dvar: [7.65432313886e-013, 2.69435922462e-008, 5.43025571176e-008, 3.82463163362e-008, 3.90568118291e-007, 6.61609789177e-008, 2.82169700938e-008, 5.8115077195e-008, 7.6037743213e-008, 4.48568826528e-008, 1.34806850127e-008, 8.4296756242e-009, 1.10922551144e-008, 1.34481572545e-008, 1.99439842419e-008, 4.28973052635e-008, 8.10882241353e-008, 3.19895292478e-008, 1.05133722172e-007, 7.41120516068e-008, 1.19894707495e-008, 1.79558057312e-009, 9.22725368335e-011, 5.24722583092e-012, 6.45862974647e-013, 1.20372614464e-015, 3.76367152862e-019, 6.87525060173e-021]
        dvar2: [1.6477702449e-012, 7.54567679451e-008, 1.50973747282e-007, 1.07768521218e-007, 1.05749120394e-006, 1.64554407434e-007, 7.04424607534e-008, 1.43587399748e-007, 1.94353958705e-007, 1.03230171078e-007, 3.55559635068e-008, 2.14678124166e-008, 2.68717919027e-008, 3.33327889734e-008, 4.93493779175e-008, 1.09152246353e-007, 1.9420357944e-007, 8.34571380892e-008, 2.70058166052e-007, 1.83187566449e-007, 3.28598659394e-008, 4.43409087225e-009, 2.15222020761e-010, 9.70358515762e-012, 1.25644991373e-012, 2.18815694154e-015, 6.69115082891e-019, 2.15248292764e-020]
        max: [6.88780892233e-006, 0.00149249774404, 0.00289589725435, 0.00308630336076, 0.0079409154132, 0.00540389074013, 0.00294332485646, 0.0041518881917, 0.00744457822293, 0.00419798400253, 0.00229043676518, 0.00191256357357, 0.00238139089197, 0.00225827400573, 0.00360652105883, 0.00443415855989, 0.00670786714181, 0.00435721315444, 0.0056194094941, 0.00505468295887, 0.00180760934018, 0.00076588767115, 0.000181503186468, 6.49327412248e-005, 1.59120718308e-005, 6.29529438356e-007, 1.24035519633e-008, 1.00063612951e-009]
        mean: [4.65858391863e-007, 0.000137446331792, 0.00029379609623, 0.000246026553214, 0.000505239993799, 0.000423818535637, 0.000200927461265, 0.000277262821328, 0.000330284441588, 0.000227541968343, 0.000129470907268, 9.67471278273e-005, 0.000102699108538, 9.93905850919e-005, 0.000128133411636, 0.000255942635704, 0.000439019291662, 0.000334015145199, 0.000689168169629, 0.000370738503989, 0.000135649170261, 5.62949098821e-005, 9.32702823775e-006, 2.39612813857e-006, 9.74409431365e-007, 3.47734641082e-008, 6.85045908888e-010, 4.74933460615e-011]
        median: [8.36478974975e-008, 9.83338395599e-005, 0.000216328218812, 0.000177192123374, 0.00033440705738, 0.000284260604531, 0.000130294225528, 0.000146744234371, 0.000197261324502, 0.000110490684165, 7.60177790653e-005, 5.43437890883e-005, 5.09175297339e-005, 5.18172491866e-005, 7.08563675289e-005, 0.000166561454535, 0.000337378383847, 0.000294188124826, 0.000596605939791, 0.000254631362623, 0.000110640357889, 4.01370161853e-005, 5.68211407881e-006, 1.4006333231e-006, 5.77192395212e-007, 1.39285836198e-008, 2.77149525552e-010, 1.81664232268e-011]
        min: [1.75144660788e-025, 5.36723841631e-024, 7.0857675596e-025, 1.19529742638e-024, 1.07910760248e-023, 9.66526186143e-024, 1.06759409869e-023, 5.36038794821e-024, 1.48219043928e-023, 1.30793390521e-023, 2.0662352856e-023, 1.28325817832e-023, 2.31646590904e-023, 4.35883988775e-023, 6.28031982832e-023, 5.83462477647e-023, 9.25188249656e-023, 1.1659427288e-022, 1.43782408155e-022, 1.33175561128e-022, 2.96692858373e-022, 3.49425849615e-022, 3.88816262077e-022, 5.99223741829e-022, 7.45129738297e-022, 1.12712668281e-021, 2.08357991352e-021, 5.35818409172e-022]
        var: [9.67145417571e-013, 2.43209328232e-008, 8.16138339133e-008, 6.0319358397e-008, 4.10409626284e-007, 2.33658838056e-007, 5.39999760463e-008, 1.30034663925e-007, 1.66319125583e-007, 1.18092550849e-007, 2.89330124303e-008, 1.75430425742e-008, 2.43642048758e-008, 2.29229506488e-008, 3.62809373655e-008, 9.8238238877e-008, 1.99574174076e-007, 7.39923464721e-008, 3.15326019518e-007, 1.8574522187e-007, 1.58060196043e-008, 3.73554964739e-009, 1.97133670499e-010, 1.74673556869e-011, 1.73527500962e-012, 3.48999173609e-015, 1.1510033142e-018, 5.64091335476e-021]
    mfcc:
        mean: [-700.332275391, 116.471717834, -50.4703712463, 61.00340271, -16.6259899139, -9.20064735413, -4.71540641785, -0.244116514921, 0.202240258455, -5.11578273773, -1.65236663818, -7.20381116867, -1.78712153435]
        cov: [[5577.97998047, 60.0954818726, -536.731018066, 392.391143799, -355.56072998, 216.389266968, 28.189666748, 219.590652466, 39.1271629333, 8.04179954529, 29.0362548828, -24.4657344818, 80.8742599487], [60.0954818726, 764.344665527, -177.444061279, 46.2511138916, 16.2135353088, -127.870452881, 37.6049461365, -47.7430992126, 6.63125705719, -13.1680469513, 22.3758392334, 21.2461929321, 1.11468160152], [-536.731018066, -177.444061279, 496.520568848, -18.9601745605, 139.909255981, 74.6387023926, 25.3252925873, 35.832195282, 19.084148407, 64.5631713867, -6.74632549286, 16.9185638428, -20.5228805542], [392.391143799, 46.2511138916, -18.9601745605, 308.152099609, 80.7206954956, 41.8204956055, -20.7810668945, 5.29137611389, 40.3376655579, -5.4250254631, -30.6885585785, -6.05936098099, 20.5997333527], [-355.56072998, 16.2135353088, 139.909255981, 80.7206954956, 225.781524658, 32.6393737793, -5.63695001602, -27.8025550842, 22.6376533508, 29.9312896729, -22.7728710175, 5.15426254272, -8.31980323792], [216.389266968, -127.870452881, 74.6387023926, 41.8204956055, 32.6393737793, 166.76133728, 31.3088912964, 37.7333374023, 3.83924794197, 22.8123188019, 11.5329380035, -2.27720355988, -5.13740682602], [28.189666748, 37.6049461365, 25.3252925873, -20.7810668945, -5.63695001602, 31.3088912964, 106.358283997, 47.1402778625, 2.69186115265, 2.94017958641, 13.8018817902, 10.6230020523, -1.23848080635], [219.590652466, -47.7430992126, 35.832195282, 5.29137611389, -27.8025550842, 37.7333374023, 47.1402778625, 114.270210266, 30.612449646, 16.9326438904, 12.6894397736, 11.0963191986, 8.27333068848], [39.1271629333, 6.63125705719, 19.084148407, 40.3376655579, 22.6376533508, 3.83924794197, 2.69186115265, 30.612449646, 77.8305969238, 31.2526493073, 0.547290980816, -1.71753716469, 4.51371145248], [8.04179954529, -13.1680469513, 64.5631713867, -5.4250254631, 29.9312896729, 22.8123188019, 2.94017958641, 16.9326438904, 31.2526493073, 92.9725875854, 23.4925842285, 6.46388339996, 3.09757471085], [29.0362548828, 22.3758392334, -6.74632549286, -30.6885585785, -22.7728710175, 11.5329380035, 13.8018817902, 12.6894397736, 0.547290980816, 23.4925842285, 73.372756958, 23.0594768524, -4.5553355217], [-24.4657344818, 21.2461929321, 16.9185638428, -6.05936098099, 5.15426254272, -2.27720355988, 10.6230020523, 11.0963191986, -1.71753716469, 6.46388339996, 23.0594768524, 62.835849762, 23.8358440399], [80.8742599487, 1.11468160152, -20.5228805542, 20.5997333527, -8.31980323792, -5.13740682602, -1.23848080635, 8.27333068848, 4.51371145248, 3.09757471085, -4.5553355217, 23.8358440399, 67.8128128052]]
        icov: [[0.000304168177536, -7.22917538951e-005, 0.000268320407486, -0.000427904742537, 0.000507672084495, -0.000451454310678, 0.000158320064656, -0.000491827726364, 0.000201944014407, -0.000312562187901, 0.000107503692561, 5.67054412386e-005, -7.1270391345e-005], [-7.22917538951e-005, 0.00197381619364, 0.000606621440966, -0.000467732112156, -0.000646608590614, 0.00178403919563, -0.00172661058605, 0.000950677145738, -0.000191710074432, -0.000231435726164, -0.000762992189266, -0.000533372338396, 0.000447306141723], [0.000268320407486, 0.000606621440966, 0.00350515171885, 0.000184390664799, -0.00157180603128, -0.000636261247564, -0.000345247040968, -0.00134876475204, 0.000526463554706, -0.00184029177763, 0.00106808892451, -0.00124944478739, 0.00115195871331], [-0.000427904742537, -0.000467732112156, 0.000184390664799, 0.00531898578629, -0.00237828982063, -0.00130345113575, 0.00138945260551, -4.8051464546e-005, -0.00246490770951, 0.00179367279634, 0.00105165247805, 0.000244625465712, -0.00133445125539], [0.000507672084495, -0.000646608590614, -0.00157180603128, -0.00237828982063, 0.00844382867217, -0.00191260315478, -0.000176220943104, 0.00254478934221, -0.00123987265397, -0.00206826045178, 0.00270274211653, -0.00185463926755, 0.00123976799659], [-0.000451454310678, 0.00178403919563, -0.000636261247564, -0.00130345113575, -0.00191260315478, 0.0100186420605, -0.0031084488146, -0.000853396370076, 0.00184080458712, -0.00103880872484, -0.00245815562084, 0.00129929883406, 0.000587272224948], [0.000158320064656, -0.00172661058605, -0.000345247040968, 0.00138945260551, -0.000176220943104, -0.0031084488146, 0.013999927789, -0.0061600562185, 0.00101968774106, 0.00135120237246, -0.000398521049647, -0.000501129776239, 8.28980046208e-005], [-0.000491827726364, 0.000950677145738, -0.00134876475204, -4.8051464546e-005, 0.00254478934221, -0.000853396370076, -0.0061600562185, 0.0158914737403, -0.0062863654457, 0.000148919702042, -0.000296446378343, -0.00204113684595, -0.000517239386681], [0.000201944014407, -0.000191710074432, 0.000526463554706, -0.00246490770951, -0.00123987265397, 0.00184080458712, 0.00101968774106, -0.0062863654457, 0.0191465876997, -0.00616549933329, 0.000422396842623, 0.00195123103913, -0.000206937853363], [-0.000312562187901, -0.000231435726164, -0.00184029177763, 0.00179367279634, -0.00206826045178, -0.00103880872484, 0.00135120237246, 0.000148919702042, -0.00616549933329, 0.0165103077888, -0.00591041566804, 0.00171246554237, -0.00239392230287], [0.000107503692561, -0.000762992189266, 0.00106808892451, 0.00105165247805, 0.00270274211653, -0.00245815562084, -0.000398521049647, -0.000296446378343, 0.000422396842623, -0.00591041566804, 0.0206860490143, -0.00887507852167, 0.00481336377561], [5.67054412386e-005, -0.000533372338396, -0.00124944478739, 0.000244625465712, -0.00185463926755, 0.00129929883406, -0.000501129776239, -0.00204113684595, 0.00195123103913, 0.00171246554237, -0.00887507852167, 0.0238990373909, -0.00960520841181], [-7.1270391345e-005, 0.000447306141723, 0.00115195871331, -0.00133445125539, 0.00123976799659, 0.000587272224948, 8.28980046208e-005, -0.000517239386681, -0.000206937853363, -0.00239392230287, 0.00481336377561, -0.00960520841181, 0.0196619778872]]
    sccoeffs:
        dmean: [0.0486520119011, 0.0453371107578, 0.0369011461735, 0.0297319665551, 0.021565945819, 0.0174447670579]
        dmean2: [0.0809267386794, 0.0744005516171, 0.0598133392632, 0.0485112965107, 0.0352352820337, 0.0277107227594]
        dvar: [0.00163101160433, 0.00131646671798, 0.000886544585228, 0.000572836434003, 0.000320720107993, 0.000253861246165]
        dvar2: [0.00439718924463, 0.00358790787868, 0.00229547335766, 0.00148402957711, 0.000805900490377, 0.000596151046921]
        max: [-0.30430111289, -0.39012670517, -0.492672383785, -0.522131025791, -0.569054067135, -0.536721050739]
        mean: [-0.658800661564, -0.729273796082, -0.753570914268, -0.778062105179, -0.772237181664, -0.720804333687]
        median: [-0.664055228233, -0.737947523594, -0.761841475964, -0.784821629524, -0.77477234602, -0.71858137846]
        min: [-0.986257374287, -0.982996165752, -0.976571559906, -0.972419381142, -0.966883718967, -0.964771270752]
        var: [0.00495043536648, 0.00531280133873, 0.00463398965076, 0.00261718593538, 0.00161347223911, 0.00224851514213]
    scvalleys:
        dmean: [0.361416429281, 0.32552036643, 0.272861838341, 0.241191759706, 0.205798521638, 0.254890024662]
        dmean2: [0.594916164875, 0.532281577587, 0.43584227562, 0.37770062685, 0.31226927042, 0.354475706816]
        dvar: [0.103054091334, 0.0920374616981, 0.0685877501965, 0.0613603442907, 0.0613668337464, 0.114551492035]
        dvar2: [0.244271427393, 0.208668351173, 0.136841803789, 0.113240808249, 0.106907904148, 0.220049872994]
        max: [-5.21090984344, -4.61015224457, -5.35876750946, -5.67982292175, -5.56613349915, -8.02415275574]
        mean: [-6.78467512131, -6.50223445892, -7.05460166931, -7.30991363525, -7.05565357208, -10.1477069855]
        median: [-6.41909694672, -6.18942403793, -6.70517730713, -6.99460792542, -6.6830329895, -9.7004108429]
        min: [-27.9588947296, -27.7457084656, -27.6235275269, -27.801738739, -27.5193901062, -27.4156246185]
        var: [3.08626508713, 2.85963177681, 2.88069367409, 2.73215150833, 2.83630776405, 3.03676056862]

rhythm:
    beats_loudness:
        dmean: 0.00232349894941
        dmean2: 0.00400763936341
        dvar: 3.41240206581e-006
        dvar2: 9.52992559178e-006
        max: 0.0139528987929
        mean: 0.00671954499558
        median: 0.00678996834904
        min: 0
        var: 6.20205400992e-006
    bpm: 164.028121948
    bpm_confidence: 0
    first_peak_bpm: 167
    first_peak_spread: 0
    first_peak_weight: 0.454961836338
    onset_rate: 2.50932598114
    second_peak_bpm: 161
    second_peak_spread: 0
    second_peak_weight: 0.482442736626
    beats_loudness_band_ratio:
        dmean: [0.114905402064, 0.129596918821, 0.104807116091, 0.0634562149644, 0.0947457253933, 0.0839431583881]
        dmean2: [0.204936996102, 0.229774817824, 0.178947508335, 0.114384129643, 0.159949168563, 0.148051142693]
        dvar: [0.00994467083365, 0.0106274187565, 0.00940383691341, 0.00472492678091, 0.00714831380174, 0.00678803957999]
        dvar2: [0.0292343702167, 0.028897549957, 0.025790642947, 0.013793782331, 0.0209088418633, 0.019311811775]
        max: [0.79076975584, 0.779029726982, 0.723820149899, 0.495522171259, 0.774688005447, 0.663692474365]
        mean: [0.192950204015, 0.175907686353, 0.158872246742, 0.0946686416864, 0.23775151372, 0.202999532223]
        median: [0.176586180925, 0.138607338071, 0.1275395751, 0.0804261639714, 0.221072554588, 0.1926112324]
        min: [0, 0, 0, 0, 0, 0]
        var: [0.0154853016138, 0.0146954571828, 0.0129637178034, 0.00493471510708, 0.0117921177298, 0.00957219209522]
    beats_position: [0.31346938014, 0.650158703327, 0.99845802784, 1.35836732388, 1.71827661991, 2.06657600403, 2.42648530006, 2.7863945961, 3.14630389214, 3.50621318817, 3.86612248421, 4.22603178024, 4.58594083786, 4.94585037231, 5.31736946106, 5.67727899551, 6.04879808426, 6.420317173, 6.79183673859, 7.1517457962, 7.52326536179, 7.89478445053, 8.26630401611, 8.62621307373, 8.98612213135, 9.35764122009, 9.72916126251, 10.0890703201, 10.4489793777, 10.8204984665, 11.1920175552, 11.5519275665, 11.9118366241, 12.2833557129, 12.6548748016, 13.0147848129, 13.3863039017, 13.7462129593, 14.117732048, 14.4776411057, 14.8375511169, 15.2090702057, 15.5805892944, 15.9521083832, 16.3120174408, 16.6719264984, 17.0434455872, 17.4033565521, 17.7632656097, 18.1347846985, 18.4946937561, 18.8546028137, 19.2261219025, 19.5976409912, 19.96916008, 20.3290691376, 20.6889801025, 21.0604991913, 21.43201828, 21.7919273376, 22.1634464264, 22.523355484, 22.8948745728, 23.2547836304, 23.614692688, 23.9862117767, 24.3577327728, 24.7060317993, 25.0775508881, 25.4490699768, 25.8205890656, 26.1921081543, 26.5520172119, 26.9119262695, 27.2834453583, 27.6549663544, 28.0264854431, 28.3863945007, 28.7463035583, 29.106212616, 29.4661216736, 29.8376407623, 30.2091598511, 30.5806789398, 30.9405899048, 31.3004989624, 31.6720180511, 32.0435371399, 32.4034461975, 32.7749671936, 33.1348762512, 33.5063934326, 33.8779144287, 34.2378234863, 34.5977325439, 34.9692497253, 35.329158783, 35.7006797791, 36.0605888367, 36.4321098328, 36.8036270142, 37.1635360718, 37.5234451294, 37.8949661255, 38.2548751831, 38.6263923645, 38.9863014221, 39.3578224182, 39.7293434143, 40.0892524719, 40.4491615295, 40.8206787109, 41.1805877686, 41.5404968262, 41.9120178223, 42.2835350037, 42.6434440613, 43.0033569336, 43.374874115, 43.7463951111, 44.1063041687, 44.4662132263, 44.8377304077, 45.2092514038, 45.5691604614, 45.929069519, 46.3005905151, 46.6604995728, 47.0204086304, 47.380317688, 47.7518348694, 48.1233558655, 48.4948730469, 48.8547821045, 49.2263031006, 49.5978240967, 49.9577331543, 50.3292503357, 50.7007713318, 51.0722885132, 51.4321975708, 51.8037185669, 52.1752357483, 52.5467567444, 52.8950538635, 53.2549667358, 53.6148757935, 53.9863929749, 54.3463020325, 54.7178230286, 55.0777320862, 55.4492492676, 55.8207702637, 56.1922874451, 56.5522003174, 56.912109375, 57.2836265564, 57.6551475525, 58.0150566101, 58.3865737915, 58.7464828491, 59.1180038452, 59.4895210266, 59.8494338989, 60.2093429565, 60.5808601379, 60.952381134, 61.3122901917, 61.6721992493, 62.0321083069, 62.3920173645, 62.7635345459, 63.135055542, 63.5065765381, 63.8780937195, 64.2380065918, 64.6095199585, 64.9694290161, 65.3409500122, 65.7008590698, 66.0723800659, 66.443901062, 66.8038101196, 67.1637191772, 67.5236282349, 67.895149231, 68.2666625977, 68.6265716553, 68.9864807129, 69.3463897705, 69.7062988281, 70.0778198242, 70.4493408203, 70.8092498779, 71.1691589355, 71.5406799316, 71.9122009277, 72.2837142944, 72.6552352905, 73.0151443481, 73.3750534058, 73.7465744019, 74.1180953979, 74.4780044556, 74.8379135132, 75.2094345093, 75.580947876, 75.9524688721, 76.3123779297, 76.6722869873, 77.0438079834, 77.403717041, 77.7752380371, 78.1351470947, 78.5066680908, 78.8665771484, 79.2380905151, 79.5979995728, 79.9695205688, 80.3294296265, 80.6893386841, 81.0608596802, 81.4323806763, 81.7922897339, 82.1521987915, 82.5237197876, 82.8836288452, 83.2435379028, 83.6150588989, 83.9865722656, 84.3580932617, 84.7180023193, 85.077911377, 85.449432373, 85.8209533691, 86.1924667358, 86.5639877319, 86.9238967896, 87.2838058472, 87.6437149048, 88.0036239624, 88.3751449585, 88.7466659546, 89.1065750122, 89.4780960083, 89.8380050659, 90.2095184326, 90.5694351196, 90.9293441772, 91.3008575439, 91.67237854, 92.0438995361, 92.4038085938, 92.7637176514, 93.1352386475, 93.4951477051, 93.8550567627, 94.2265777588, 94.5980911255, 94.9580001831, 95.3295211792, 95.7010421753, 96.0609512329, 96.4208602905, 96.7807693481, 97.1522903442, 97.5238113403, 97.895324707, 98.2668457031, 98.6267547607, 98.9866638184, 99.3581848145, 99.7180938721, 100.089614868, 100.449523926, 100.821044922, 101.180953979, 101.540863037, 101.912376404, 102.2838974, 102.643806458, 103.003715515, 103.375236511, 103.746757507, 104.106666565, 104.466575623, 104.838096619, 105.198005676, 105.557914734, 105.929428101, 106.300949097, 106.672470093, 107.03237915, 107.392288208, 107.763809204, 108.123718262, 108.483627319, 108.855148315, 109.226661682, 109.598182678, 109.958091736, 110.329612732, 110.701133728, 111.061042786, 111.420951843, 111.792472839, 112.152381897, 112.523895264, 112.89541626, 113.255325317, 113.615234375, 113.986755371, 114.358276367, 114.729797363, 115.089706421, 115.449615479, 115.821128845, 116.192649841, 116.552558899, 116.924079895, 117.283988953, 117.655509949, 118.015419006, 118.386940002, 118.74684906, 119.118362427, 119.489883423, 119.84979248, 120.209701538, 120.581222534, 120.941131592, 121.312652588, 121.672561646, 122.044082642, 122.403991699, 122.763900757, 123.135414124, 123.50693512, 123.878456116, 124.238365173, 124.598274231, 124.969795227, 125.329704285, 125.701225281, 126.061134338, 126.409431458, 126.780952454, 127.15246582, 127.523986816, 127.883895874, 128.243804932, 128.615325928, 128.986846924, 129.35836792, 129.729888916, 130.101409912, 130.472915649, 130.832824707, 131.192733765, 131.552658081, 131.912567139, 132.284072876, 132.655593872, 133.01550293, 133.375411987, 133.746932983, 134.106842041, 134.478363037, 134.838272095, 135.198181152, 135.569702148, 135.929611206, 136.301132202, 136.672653198, 137.044174194, 137.404083252, 137.76399231, 138.135513306, 138.507034302, 138.866943359, 139.226852417, 139.598358154, 139.96987915, 140.341400146, 140.701309204, 141.061218262, 141.432739258, 141.792648315, 142.152557373, 142.524078369, 142.895599365, 143.267120361, 143.627029419, 143.986938477, 144.358459473, 144.71836853, 145.078277588, 145.449798584, 145.82131958, 146.181228638, 146.541137695, 146.912643433, 147.284164429, 147.644073486, 148.003982544, 148.37550354, 148.747024536, 149.106933594, 149.466842651, 149.838363647, 150.209884644, 150.58140564, 150.941314697, 151.301223755, 151.672744751, 152.044265747, 152.404174805, 152.775695801, 153.135604858, 153.495513916, 153.855422974, 154.226928711, 154.598449707, 154.958358765, 155.318267822, 155.689788818, 156.061309814, 156.432830811, 156.792739868, 157.152648926, 157.524169922, 157.884078979, 158.243988037, 158.615509033, 158.987030029, 159.358551025, 159.718460083, 160.078369141, 160.449890137, 160.821395874, 161.181304932, 161.541213989, 161.912734985, 162.284255981, 162.644165039, 163.015686035, 163.375595093, 163.73550415, 164.095413208, 164.466934204, 164.8384552, 165.209976196, 165.581497192, 165.94140625, 166.301315308, 166.661224365, 167.021133423, 167.392654419, 167.764175415, 168.135681152, 168.507202148, 168.867111206, 169.227020264, 169.586929321, 169.946838379, 170.318359375, 170.689880371, 171.061401367, 171.432922363, 171.792831421, 172.152740479, 172.524261475, 172.895782471, 173.255691528, 173.615600586, 173.987121582, 174.358642578, 174.718551636, 175.078460693, 175.438369751, 175.798278809, 176.169799805, 176.541305542, 176.912826538, 177.284347534, 177.65586853, 178.015777588, 178.375686646, 178.747207642, 179.107116699, 179.467025757, 179.838546753, 180.210067749, 180.569976807, 180.929885864, 181.30140686, 181.672927856, 182.032836914, 182.392745972, 182.752655029, 183.112564087, 183.484085083, 183.85559082, 184.227111816, 184.598632813, 184.970153809, 185.330062866, 185.689971924, 186.06149292, 186.433013916, 186.792922974, 187.152832031, 187.524353027, 187.884262085, 188.244171143, 188.615692139, 188.987213135, 189.347122192, 189.718643188, 190.078552246, 190.450057983, 190.821578979, 191.181488037, 191.541397095, 191.912918091, 192.284439087, 192.644348145, 193.004257202, 193.375778198, 193.735687256, 194.095596313, 194.46711731, 194.838638306, 195.210159302, 195.581680298, 195.941589355, 196.301498413, 196.673019409, 197.032928467, 197.392837524, 197.764343262, 198.135864258, 198.507385254, 198.867294312, 199.227203369, 199.598724365, 199.970245361, 200.330154419, 200.690063477, 201.061584473, 201.433105469, 201.793014526, 202.152923584, 202.52444458, 202.895965576, 203.267486572, 203.62739563, 203.998901367, 204.358810425, 204.718719482, 205.07862854, 205.450149536, 205.821670532, 206.193191528, 206.553100586, 206.924621582, 207.28453064, 207.644439697, 208.004348755, 208.375869751, 208.747390747, 209.107299805, 209.467208862, 209.838729858, 210.198638916, 210.558547974, 210.93006897, 211.301589966, 211.673095703, 212.044616699, 212.404525757, 212.776046753, 213.135955811, 213.507476807, 213.867385864, 214.23890686, 214.598815918, 214.970336914, 215.330245972, 215.690155029, 216.050064087, 216.409973145, 216.781494141, 217.153015137, 217.524536133, 217.88444519, 218.244354248, 218.615875244, 218.987380981, 219.347290039, 219.707214355, 220.078720093, 220.450241089, 220.810150146, 221.170059204, 221.5415802, 221.913101196, 222.284622192, 222.656143188, 223.016052246, 223.375961304, 223.735870361, 224.095779419, 224.467300415, 224.838821411, 225.210342407, 225.581848145, 225.941757202, 226.30166626, 226.673187256, 227.044708252, 227.590377808, 228.124435425, 228.67010498, 229.227386475, 229.784667969, 230.330337524, 230.87600708, 231.433288574, 231.97895813, 232.524627686, 233.081893921, 233.639175415, 234.196456909, 234.800170898, 235.392288208, 235.984390259, 236.669387817, 237.354370117, 238.050964355, 238.747573853, 239.409332275, 240.071105957, 240.732879639, 241.394638062, 242.056411743, 242.718185425, 243.379943848, 244.006881714, 244.633834839, 245.3072052, 245.98059082, 246.653961182, 247.327346802, 248.000717163, 248.685714722]
