
metadata:
    version:
        essentia: "2.1-beta2"
    audio_properties:
        analysis_sample_rate: 44100
        bitrate: 320
        channels: 2
        equal_loudness: 1
        length: 299.676727295
        replay_gain: -15.8753433228
        downmix: "mix"
    tags:
        album: "Anything That Moves"
        artist: "Bobaflex"
        comment: "BigBlackMetal@KickassTorrents"
        date: "2015"
        genre: "Hard Rock"
        title: "Pray To The Devil"
        tracknumber: "11/13"

configuration:
    average_loudness:
        compute: 1
        frameSize: 88200
        hopSize: 44100
        silentFrames: "noise"
        windowType: "hann"
    general:
        analysisSampleRate: 44100
        endTime: 2000
        equalLoudness: 1
        nequalLoudness: 0
        shortSound: 0
        startTime: 0
    lowlevel:
        compute: 1
        frameSize: 2048
        hopSize: 1024
        zeroPadding: 0
        silentFrames: "noise"
        windowType: "blackmanharris62"
        mfccStats: ["mean", "cov", "icov"]
        stats: ["mean", "var", "median", "min", "max", "dmean", "dmean2", "dvar", "dvar2"]
    panning:
        compute: 0
        frameSize: 8192
        hopSize: 2048
        zeroPadding: 8192
        silentFrames: "noise"
        windowType: "hann"
        stats: ["copy"]
    rhythm:
        compute: 1
        maxTempo: 208
        minTempo: 40
        method: "degara"
        stats: ["mean", "var", "median", "min", "max", "dmean", "dmean2", "dvar", "dvar2"]
    segmentation:
        compute: 0
        cpw: 5
        inc1: 300
        inc2: 50
        minimumSegmentsLength: 10
        size1: 1000
        size2: 600
    sfx:
        compute: 1
        stats: ["mean", "var", "median", "min", "max", "dmean", "dmean2", "dvar", "dvar2"]
    svm:
        compute: 0
    tonal:
        compute: 1
        frameSize: 4096
        hopSize: 2048
        zeroPadding: 0
        silentFrames: "noise"
        windowType: "blackmanharris62"
        stats: ["mean", "var", "median", "min", "max", "dmean", "dmean2", "dvar", "dvar2"]

lowlevel:
    average_loudness: 0.936008453369
    barkbands_kurtosis:
        dmean: 0.836061894894
        dmean2: 1.35744130611
        dvar: 2.32143092155
        dvar2: 5.67128276825
        max: 47.8495483398
        mean: -0.336612045765
        median: -1.0377613306
        min: -1.94231891632
        var: 7.11005401611
    barkbands_skewness:
        dmean: 0.421338111162
        dmean2: 0.644639492035
        dvar: 0.184945315123
        dvar2: 0.428867042065
        max: 6.52855396271
        mean: -0.272264182568
        median: -0.418737262487
        min: -5.18382787704
        var: 0.886801958084
    barkbands_spread:
        dmean: 5.93318653107
        dmean2: 9.51493644714
        dvar: 35.0349998474
        dvar2: 88.5897521973
        max: 72.4758529663
        mean: 34.2260360718
        median: 34.847442627
        min: 1.3193924427
        var: 108.236305237
    dissonance:
        dmean: 0.00995988305658
        dmean2: 0.0167998932302
        dvar: 0.000115389040729
        dvar2: 0.000308484683046
        max: 0.500000059605
        mean: 0.480661839247
        median: 0.486798793077
        min: 0.226244777441
        var: 0.000445527228294
    hfc:
        dmean: 2.33999729156
        dmean2: 3.64303994179
        dvar: 9.74655818939
        dvar2: 24.8147830963
        max: 40.8703041077
        mean: 9.06863880157
        median: 8.85071563721
        min: 1.12812241899e-016
        var: 35.1152191162
    pitch:
        dmean: 855.976989746
        dmean2: 1632.30114746
        dvar: 1569825.125
        dvar2: 3780203.25
        max: 4967.18847656
        mean: 1812.86669922
        median: 1353.53662109
        min: 51.9365959167
        var: 2353811
    pitch_instantaneous_confidence:
        dmean: 0.077318303287
        dmean2: 0.125865876675
        dvar: 0.00451160734519
        dvar2: 0.0110386600718
        max: 0.988304376602
        mean: 0.408707290888
        median: 0.376954913139
        min: 0.108450710773
        var: 0.0245486553758
    pitch_salience:
        dmean: 0.0602392405272
        dmean2: 0.0994114801288
        dvar: 0.00329714547843
        dvar2: 0.00870564207435
        max: 0.841585040092
        mean: 0.643141269684
        median: 0.669754207134
        min: 0.116512671113
        var: 0.0107471449301
    silence_rate_20dB:
        dmean: 0
        dmean2: 0
        dvar: 0
        dvar2: 0
        max: 1
        mean: 1
        median: 1
        min: 1
        var: 0
    silence_rate_30dB:
        dmean: 0
        dmean2: 0
        dvar: 0
        dvar2: 0
        max: 1
        mean: 1
        median: 1
        min: 1
        var: 0
    silence_rate_60dB:
        dmean: 0.0754687711596
        dmean2: 0.150949239731
        dvar: 0.069764457643
        dvar2: 0.149107515812
        max: 1
        mean: 0.277368873358
        median: 0
        min: 0
        var: 0.200418680906
    spectral_centroid:
        dmean: 262.415588379
        dmean2: 408.489257813
        dvar: 73973.7421875
        dvar2: 163681.03125
        max: 11209.4111328
        mean: 1802.9276123
        median: 1916.5255127
        min: 161.613708496
        var: 344451.125
    spectral_complexity:
        dmean: 3.76600027084
        dmean2: 5.74552488327
        dvar: 15.2964944839
        dvar2: 32.3871574402
        max: 52
        mean: 17.8541107178
        median: 18
        min: 0
        var: 105.320129395
    spectral_crest:
        dmean: 1.87431812286
        dmean2: 3.1130771637
        dvar: 3.32333922386
        dvar2: 8.68439006805
        max: 23.8229293823
        mean: 6.70096111298
        median: 5.8133430481
        min: 2.32624077797
        var: 8.89875507355
    spectral_decrease:
        dmean: 2.6544358378e-010
        dmean2: 4.14957068706e-010
        dvar: 1.63260740897e-019
        dvar2: 3.9171499799e-019
        max: -4.57685515148e-029
        mean: -1.02777386601e-009
        median: -9.88255144385e-010
        min: -4.75563277647e-009
        var: 3.72715357253e-019
    spectral_energy:
        dmean: 0.00117645377759
        dmean2: 0.00183067983016
        dvar: 3.03386354972e-006
        dvar2: 7.26725147615e-006
        max: 0.0203843563795
        mean: 0.00470160413533
        median: 0.00453644059598
        min: 1.04051380448e-020
        var: 7.72528437665e-006
    spectral_energyband_high:
        dmean: 0.000155661211465
        dmean2: 0.000260741333477
        dvar: 6.57078800259e-008
        dvar2: 1.7781890449e-007
        max: 0.0033467176836
        mean: 0.00034039770253
        median: 0.000279492407572
        min: 7.59440255719e-021
        var: 1.08607565608e-007
    spectral_energyband_low:
        dmean: 0.00030618449091
        dmean2: 0.00052129389951
        dvar: 1.90290265323e-007
        dvar2: 5.19095237905e-007
        max: 0.00574078690261
        mean: 0.000570493692067
        median: 0.000446592428489
        min: 2.44852706214e-022
        var: 2.69578407597e-007
    spectral_energyband_middle_high:
        dmean: 0.000665960775223
        dmean2: 0.001013020752
        dvar: 5.87986960454e-007
        dvar2: 1.39359212881e-006
        max: 0.0117207923904
        mean: 0.00269617652521
        median: 0.00259212194942
        min: 1.53236551432e-021
        var: 3.00407464238e-006
    spectral_energyband_middle_low:
        dmean: 0.00059457984753
        dmean2: 0.000956155592576
        dvar: 1.40882934829e-006
        dvar2: 3.49568472302e-006
        max: 0.0136929247528
        mean: 0.00125390803441
        median: 0.00093371514231
        min: 2.26632568902e-022
        var: 1.78772472736e-006
    spectral_flatness_db:
        dmean: 0.0135754840448
        dmean2: 0.0212738420814
        dvar: 0.000182236341061
        dvar2: 0.000440901494585
        max: 0.40679833293
        mean: 0.159407883883
        median: 0.144985377789
        min: 0.0680169910192
        var: 0.00210668006912
    spectral_flux:
        dmean: 0.00730019807816
        dmean2: 0.0108923837543
        dvar: 7.24913043086e-005
        dvar2: 0.000144511563121
        max: 0.112025097013
        mean: 0.0401136428118
        median: 0.0408160202205
        min: 1.02005577596e-010
        var: 0.000293191405945
    spectral_kurtosis:
        dmean: 1.81734073162
        dmean2: 3.09837269783
        dvar: 10.5204200745
        dvar2: 29.7370147705
        max: 103.988479614
        mean: 4.91135263443
        median: 3.91228723526
        min: -1.16811680794
        var: 20.9772377014
    spectral_rms:
        dmean: 0.000251137418672
        dmean2: 0.000380623561796
        dvar: 9.204735818e-008
        dvar2: 2.0790707822e-007
        max: 0.0044595040381
        mean: 0.00203438359313
        median: 0.00210375757888
        min: 3.18611890343e-012
        var: 4.48224994898e-007
    spectral_rolloff:
        dmean: 304.439483643
        dmean2: 501.239746094
        dvar: 221722.34375
        dvar2: 499619.09375
        max: 18497.0214844
        mean: 3236.79711914
        median: 3466.84570313
        min: 86.1328125
        var: 691775.8125
    spectral_skewness:
        dmean: 0.214598193765
        dmean2: 0.352314263582
        dvar: 0.0777210816741
        dvar2: 0.204396814108
        max: 8.16758060455
        mean: 1.33817732334
        median: 1.25052261353
        min: -0.00762454699725
        var: 0.266715973616
    spectral_spread:
        dmean: 383187.84375
        dmean2: 542605
        dvar: 271169257472
        dvar2: 414277894144
        max: 39624964
        mean: 3802102.25
        median: 3758165
        min: 811237.625
        var: 1.41257316762e+012
    spectral_strongpeak:
        dmean: 0.572322249413
        dmean2: 0.992335438728
        dvar: 0.708390176296
        dvar2: 1.78320276737
        max: 10.3680353165
        mean: 0.776472866535
        median: 0.239226698875
        min: 2.43325828236e-011
        var: 1.34702432156
    zerocrossingrate:
        dmean: 0.00790087971836
        dmean2: 0.00946054887027
        dvar: 7.081086369e-005
        dvar2: 8.75241748872e-005
        max: 0.49462890625
        mean: 0.100577689707
        median: 0.10595703125
        min: 0.009765625
        var: 0.000659055891447
    barkbands:
        dmean: [3.7584257484e-007, 7.51892657718e-005, 0.000205098927836, 0.000193814907107, 0.000325509725371, 0.000126563463709, 7.86876189522e-005, 5.92911601416e-005, 7.20448515494e-005, 5.02743096149e-005, 3.66520944226e-005, 4.36530608567e-005, 6.98812145856e-005, 9.93884532363e-005, 9.33367191465e-005, 0.000111503359221, 0.000203075469472, 0.000230623132666, 0.000253069127211, 0.000179136477527, 7.03247860656e-005, 2.44952843786e-005, 3.94444987251e-006, 1.29208774524e-006, 4.65129033955e-007, 1.20975185425e-008, 3.5062014403e-010]
        dmean2: [5.40505084246e-007, 0.000129029678646, 0.00034730671905, 0.000325046828948, 0.000547369243577, 0.00021116573771, 0.000126229162561, 9.58799137152e-005, 0.000116771821922, 7.97698594397e-005, 6.03519583819e-005, 7.05075945007e-005, 0.000113582216727, 0.000160169322044, 0.000151808213559, 0.000183223572094, 0.000325289322063, 0.000366545922589, 0.000414410460507, 0.000300620507915, 0.000120047523524, 4.1738327127e-005, 6.21821573077e-006, 1.89488923752e-006, 7.03826060544e-007, 1.78969070674e-008, 5.28649235498e-010]
        dvar: [8.72216036375e-013, 2.26999663511e-008, 9.46042604255e-008, 1.00548895432e-007, 7.34590912543e-007, 3.62911762863e-008, 2.19974918281e-008, 9.79090675202e-009, 1.1295067992e-008, 6.578639411e-009, 4.26696900035e-009, 6.05397199038e-009, 1.95752534182e-008, 3.41240351531e-008, 2.6315259305e-008, 2.81322414253e-008, 7.27598319372e-008, 8.01483466262e-008, 1.1084385676e-007, 6.82546854591e-008, 1.61032858159e-008, 1.91664040194e-009, 6.58293836109e-011, 1.50633151785e-011, 1.6175977658e-012, 3.94388148772e-016, 2.17827777956e-019]
        dvar2: [1.63517756193e-012, 6.25476772598e-008, 2.59697003457e-007, 2.63409106083e-007, 1.94301151168e-006, 9.98277513986e-008, 5.11079036869e-008, 2.39089210652e-008, 2.84647860838e-008, 1.51204506693e-008, 1.12412577025e-008, 1.53097765576e-008, 5.0600508672e-008, 8.50293844223e-008, 6.75805438277e-008, 7.34579472805e-008, 1.78220957991e-007, 1.95133452507e-007, 2.93063692425e-007, 1.88709151416e-007, 4.38309086803e-008, 5.07469577471e-009, 1.45066250679e-010, 2.61452838546e-011, 2.9262432321e-012, 8.39879436377e-016, 4.35514728412e-019]
        max: [8.03650345915e-006, 0.00158442684915, 0.00486709922552, 0.00500603020191, 0.00993369612843, 0.00281564635225, 0.00219449400902, 0.00229146028869, 0.00220733089373, 0.00324869411997, 0.0016236663796, 0.00161970034242, 0.0021585538052, 0.00286019942723, 0.00295261247084, 0.00284112733789, 0.00811028014868, 0.00997527595609, 0.00678679673001, 0.00329668307677, 0.00160859932657, 0.000626847671811, 0.000199808797333, 9.31532122195e-005, 3.89261585951e-005, 4.67601552145e-007, 9.16505804582e-009]
        mean: [3.95256677166e-007, 0.000108347674541, 0.00033970514778, 0.00025224944693, 0.000380718847737, 0.000216381420614, 0.000121211225633, 0.00010486759129, 0.000126708080643, 9.47187800193e-005, 6.3243569457e-005, 7.5495132478e-005, 0.000121760887851, 0.000163905468071, 0.000158160924911, 0.000213673469261, 0.000444565812359, 0.000534771766979, 0.000604858330917, 0.000393926282413, 0.000125243648654, 4.52404019597e-005, 7.79090623837e-006, 2.64442337539e-006, 9.94427409751e-007, 3.07509822051e-008, 7.35342731151e-010]
        median: [4.02900006691e-008, 7.13801346137e-005, 0.00024327133724, 0.000136922404636, 0.000166439131135, 0.000124374812003, 5.39857865078e-005, 4.65342563984e-005, 8.06951720733e-005, 6.0207581555e-005, 3.3296419133e-005, 4.21851291321e-005, 4.6662727982e-005, 6.59432771499e-005, 8.38579726405e-005, 0.000141736920341, 0.000332983385306, 0.000446111545898, 0.000524621515069, 0.000323742249748, 9.42712576943e-005, 2.66228653345e-005, 3.68623182112e-006, 1.18801392546e-006, 5.78178173782e-007, 1.64954290227e-008, 3.39901884416e-010]
        min: [1.42732516332e-023, 1.00676195773e-022, 1.20713414227e-022, 1.14220732412e-023, 4.33272259644e-023, 1.71493264754e-023, 4.63962956271e-023, 5.77437094944e-023, 3.80477964443e-023, 7.5349292607e-023, 3.84508538798e-023, 1.14368486059e-022, 8.01550774178e-023, 9.19511985235e-023, 1.99353809287e-022, 1.90413124844e-022, 1.25842171314e-022, 2.46824530311e-022, 2.17626453181e-022, 3.15487690321e-022, 3.00057899181e-022, 6.83469239745e-022, 5.863313565e-022, 8.01375142186e-022, 1.24365666037e-021, 1.64053058755e-021, 2.44675582329e-021]
        var: [1.1693596395e-012, 2.01763725727e-008, 1.34999595502e-007, 1.25718401023e-007, 6.32684304946e-007, 6.67545165811e-008, 3.60447529602e-008, 3.5967129719e-008, 2.32543424517e-008, 1.67855080946e-008, 9.55917567325e-009, 1.10719353685e-008, 4.27275672621e-008, 6.75628015756e-008, 4.69140246651e-008, 6.26455616271e-008, 2.03700679435e-007, 2.66579263553e-007, 2.88450166863e-007, 1.39892904372e-007, 1.95292670924e-008, 3.09855696656e-009, 1.73896480549e-010, 4.2076488127e-011, 3.6559301593e-012, 1.50643909697e-015, 9.51805814989e-019]
    frequency_bands:
        dmean: [3.7584257484e-007, 7.51892657718e-005, 0.000205098927836, 0.000193814907107, 0.000325509725371, 0.000126563463709, 7.86876189522e-005, 5.92911601416e-005, 7.20448515494e-005, 5.02743096149e-005, 3.66520944226e-005, 4.36530608567e-005, 6.98812145856e-005, 9.93884532363e-005, 9.33367191465e-005, 0.000111503359221, 0.000203075469472, 0.000230623132666, 0.000253069127211, 0.000179136477527, 7.03247860656e-005, 2.44952843786e-005, 3.94444987251e-006, 1.29208774524e-006, 4.65129033955e-007, 1.20975185425e-008, 3.5062014403e-010, 5.1480902874e-011]
        dmean2: [5.40505084246e-007, 0.000129029678646, 0.00034730671905, 0.000325046828948, 0.000547369243577, 0.00021116573771, 0.000126229162561, 9.58799137152e-005, 0.000116771821922, 7.97698594397e-005, 6.03519583819e-005, 7.05075945007e-005, 0.000113582216727, 0.000160169322044, 0.000151808213559, 0.000183223572094, 0.000325289322063, 0.000366545922589, 0.000414410460507, 0.000300620507915, 0.000120047523524, 4.1738327127e-005, 6.21821573077e-006, 1.89488923752e-006, 7.03826060544e-007, 1.78969070674e-008, 5.28649235498e-010, 9.53013917782e-011]
        dvar: [8.72216036375e-013, 2.26999663511e-008, 9.46042604255e-008, 1.00548895432e-007, 7.34590912543e-007, 3.62911762863e-008, 2.19974918281e-008, 9.79090675202e-009, 1.1295067992e-008, 6.578639411e-009, 4.26696900035e-009, 6.05397199038e-009, 1.95752534182e-008, 3.41240351531e-008, 2.6315259305e-008, 2.81322414253e-008, 7.27598319372e-008, 8.01483466262e-008, 1.1084385676e-007, 6.82546854591e-008, 1.61032858159e-008, 1.91664040194e-009, 6.58293836109e-011, 1.50633151785e-011, 1.6175977658e-012, 3.94388148772e-016, 2.17827777956e-019, 5.36863199274e-021]
        dvar2: [1.63517756193e-012, 6.25476772598e-008, 2.59697003457e-007, 2.63409106083e-007, 1.94301151168e-006, 9.98277513986e-008, 5.11079036869e-008, 2.39089210652e-008, 2.84647860838e-008, 1.51204506693e-008, 1.12412577025e-008, 1.53097765576e-008, 5.0600508672e-008, 8.50293844223e-008, 6.75805438277e-008, 7.34579472805e-008, 1.78220957991e-007, 1.95133452507e-007, 2.93063692425e-007, 1.88709151416e-007, 4.38309086803e-008, 5.07469577471e-009, 1.45066250679e-010, 2.61452838546e-011, 2.9262432321e-012, 8.39879436377e-016, 4.35514728412e-019, 1.69043114657e-020]
        max: [8.03650345915e-006, 0.00158442684915, 0.00486709922552, 0.00500603020191, 0.00993369612843, 0.00281564635225, 0.00219449400902, 0.00229146028869, 0.00220733089373, 0.00324869411997, 0.0016236663796, 0.00161970034242, 0.0021585538052, 0.00286019942723, 0.00295261247084, 0.00284112733789, 0.00811028014868, 0.00997527595609, 0.00678679673001, 0.00329668307677, 0.00160859932657, 0.000626847671811, 0.000199808797333, 9.31532122195e-005, 3.89261585951e-005, 4.67601552145e-007, 9.16505804582e-009, 8.60668425418e-010]
        mean: [3.95256677166e-007, 0.000108347674541, 0.00033970514778, 0.00025224944693, 0.000380718847737, 0.000216381420614, 0.000121211225633, 0.00010486759129, 0.000126708080643, 9.47187800193e-005, 6.3243569457e-005, 7.5495132478e-005, 0.000121760887851, 0.000163905468071, 0.000158160924911, 0.000213673469261, 0.000444565812359, 0.000534771766979, 0.000604858330917, 0.000393926282413, 0.000125243648654, 4.52404019597e-005, 7.79090623837e-006, 2.64442337539e-006, 9.94427409751e-007, 3.07509822051e-008, 7.35342731151e-010, 4.03500809154e-011]
        median: [4.02900006691e-008, 7.13801346137e-005, 0.00024327133724, 0.000136922404636, 0.000166439131135, 0.000124374812003, 5.39857865078e-005, 4.65342563984e-005, 8.06951720733e-005, 6.0207581555e-005, 3.3296419133e-005, 4.21851291321e-005, 4.6662727982e-005, 6.59432771499e-005, 8.38579726405e-005, 0.000141736920341, 0.000332983385306, 0.000446111545898, 0.000524621515069, 0.000323742249748, 9.42712576943e-005, 2.66228653345e-005, 3.68623182112e-006, 1.18801392546e-006, 5.78178173782e-007, 1.64954290227e-008, 3.39901884416e-010, 1.46591211392e-011]
        min: [1.42732516332e-023, 1.00676195773e-022, 1.20713414227e-022, 1.14220732412e-023, 4.33272259644e-023, 1.71493264754e-023, 4.63962956271e-023, 5.77437094944e-023, 3.80477964443e-023, 7.5349292607e-023, 3.84508538798e-023, 1.14368486059e-022, 8.01550774178e-023, 9.19511985235e-023, 1.99353809287e-022, 1.90413124844e-022, 1.25842171314e-022, 2.46824530311e-022, 2.17626453181e-022, 3.15487690321e-022, 3.00057899181e-022, 6.83469239745e-022, 5.863313565e-022, 8.01375142186e-022, 1.24365666037e-021, 1.64053058755e-021, 2.44675582329e-021, 5.57397655058e-022]
        var: [1.1693596395e-012, 2.01763725727e-008, 1.34999595502e-007, 1.25718401023e-007, 6.32684304946e-007, 6.67545165811e-008, 3.60447529602e-008, 3.5967129719e-008, 2.32543424517e-008, 1.67855080946e-008, 9.55917567325e-009, 1.10719353685e-008, 4.27275672621e-008, 6.75628015756e-008, 4.69140246651e-008, 6.26455616271e-008, 2.03700679435e-007, 2.66579263553e-007, 2.88450166863e-007, 1.39892904372e-007, 1.95292670924e-008, 3.09855696656e-009, 1.73896480549e-010, 4.2076488127e-011, 3.6559301593e-012, 1.50643909697e-015, 9.51805814989e-019, 4.39380246812e-021]
    mfcc:
        mean: [-714.516601563, 111.642158508, -57.7372894287, 63.3603134155, -5.25315093994, -5.35609149933, 1.19156956673, -0.0923668965697, -1.23910355568, -3.16750049591, 0.507986187935, -5.42977428436, -6.10037183762]
        cov: [[4883.90380859, -874.109069824, -636.399902344, 372.519989014, -488.107391357, 387.736602783, -132.307052612, -111.086616516, -132.644256592, -73.9010696411, -31.2188568115, 11.0546655655, 52.1000709534], [-874.109069824, 721.171325684, -100.067276001, -10.7456035614, 61.5361709595, -166.281723022, 64.8577041626, 34.2378768921, 41.2719802856, -17.1588859558, 18.7661190033, -16.2832069397, -18.7921504974], [-636.399902344, -100.067276001, 602.692016602, -0.55941683054, 89.40990448, 37.4719963074, -26.4949836731, -7.07294893265, -7.26739549637, 38.4281425476, -17.5638237, 9.39691734314, 2.72433447838], [372.519989014, -10.7456035614, -0.55941683054, 344.132232666, -22.305978775, 45.9888381958, -20.9393959045, -43.0658760071, 42.9044647217, -12.4862794876, -19.9289932251, 2.64667677879, 20.0330791473], [-488.107391357, 61.5361709595, 89.40990448, -22.305978775, 196.413192749, -3.63569664955, 17.7424468994, 31.5188808441, 36.2522850037, 17.3847560883, 3.4763944149, -1.8317309618, -16.5577163696], [387.736602783, -166.281723022, 37.4719963074, 45.9888381958, -3.63569664955, 207.938690186, 27.4456043243, -0.154667392373, -9.68601989746, -3.50754404068, 18.5915851593, 17.4466190338, -6.12014389038], [-132.307052612, 64.8577041626, -26.4949836731, -20.9393959045, 17.7424468994, 27.4456043243, 148.3565979, 63.3232345581, 18.1379776001, -8.1216211319, 17.643693924, 13.1711559296, -13.1129512787], [-111.086616516, 34.2378768921, -7.07294893265, -43.0658760071, 31.5188808441, -0.154667392373, 63.3232345581, 124.217720032, 30.8218231201, 2.11541152, 24.304775238, 10.6452255249, -7.96403884888], [-132.644256592, 41.2719802856, -7.26739549637, 42.9044647217, 36.2522850037, -9.68601989746, 18.1379776001, 30.8218231201, 91.561958313, 22.662437439, 4.82902860641, 4.60479831696, 1.97004592419], [-73.9010696411, -17.1588859558, 38.4281425476, -12.4862794876, 17.3847560883, -3.50754404068, -8.1216211319, 2.11541152, 22.662437439, 69.4659881592, 21.7878646851, 0.207974672318, 3.98687434196], [-31.2188568115, 18.7661190033, -17.5638237, -19.9289932251, 3.4763944149, 18.5915851593, 17.643693924, 24.304775238, 4.82902860641, 21.7878646851, 84.7706985474, 31.8862056732, -6.06691217422], [11.0546655655, -16.2832069397, 9.39691734314, 2.64667677879, -1.8317309618, 17.4466190338, 13.1711559296, 10.6452255249, 4.60479831696, 0.207974672318, 31.8862056732, 64.4643249512, 19.0902462006], [52.1000709534, -18.7921504974, 2.72433447838, 20.0330791473, -16.5577163696, -6.12014389038, -13.1129512787, -7.96403884888, 1.97004592419, 3.98687434196, -6.06691217422, 19.0902462006, 58.5963516235]]
        icov: [[0.000575270096306, 0.000469924678328, 0.000651390524581, -0.000545708462596, 0.000840331311338, -0.0007341481396, 0.000442737044068, -0.000406400591601, 0.000605904380791, -0.000212066399399, 0.000313268974423, -6.49781504762e-005, 4.7778015869e-005], [0.000469924678328, 0.00246703159064, 0.000686470651999, -0.000675861432683, 5.20282374055e-005, 0.00127471366432, -0.000783818890341, 6.84627593728e-005, -1.78029258677e-005, 0.000879926956259, -0.00101793848444, 0.000732857035473, 0.00015082579921], [0.000651390524581, 0.000686470651999, 0.00275292387232, -0.000747360638343, -7.38695816835e-005, -0.00110296602361, 0.000807863252703, -0.000651293608826, 0.00156263075769, -0.00170599867124, 0.00148691947106, -0.000990006607026, 0.000264719012193], [-0.000545708462596, -0.000675861432683, -0.000747360638343, 0.00436007790267, -0.000207728007808, -0.000544895592611, -2.82170058199e-005, 0.00201929314062, -0.00363860628568, 0.00166810594965, -2.71407661785e-005, 0.000264875969151, -0.00111517705955], [0.000840331311338, 5.20282374055e-005, -7.38695816835e-005, -0.000207728007808, 0.00777551857755, -0.00154292129446, 0.000832923164126, -0.00142140081152, -0.00149311241694, -0.000911246810574, 0.0010490398854, -0.000320904189721, 0.00169853749685], [-0.0007341481396, 0.00127471366432, -0.00110296602361, -0.000544895592611, -0.00154292129446, 0.00816096737981, -0.00281900865957, 0.00113560690079, 6.66125151838e-006, 0.00120721710846, -0.00250406004488, -0.000292834738502, 0.000992797897197], [0.000442737044068, -0.000783818890341, 0.000807863252703, -2.82170058199e-005, 0.000832923164126, -0.00281900865957, 0.0102855255827, -0.00472257006913, -0.000107812767965, 0.000449088314781, 0.00101828936022, -0.00190478260629, 0.00162692926824], [-0.000406400591601, 6.84627593728e-005, -0.000651293608826, 0.00201929314062, -0.00142140081152, 0.00113560690079, -0.00472257006913, 0.0128043675795, -0.00475527346134, 0.00240953522734, -0.00336267589591, 0.000735623820219, -0.000468260928756], [0.000605904380791, -1.78029258677e-005, 0.00156263075769, -0.00363860628568, -0.00149311241694, 6.66125151838e-006, -0.000107812767965, -0.00475527346134, 0.0175302196294, -0.00697724660859, 0.00277147837915, -0.00214461260475, 0.000406237290008], [-0.000212066399399, 0.000879926956259, -0.00170599867124, 0.00166810594965, -0.000911246810574, 0.00120721710846, 0.000449088314781, 0.00240953522734, -0.00697724660859, 0.0210215598345, -0.0084824282676, 0.00526292948052, -0.00351223396137], [0.000313268974423, -0.00101793848444, 0.00148691947106, -2.71407661785e-005, 0.0010490398854, -0.00250406004488, 0.00101828936022, -0.00336267589591, 0.00277147837915, -0.0084824282676, 0.0203662998974, -0.0113218734041, 0.00542210182175], [-6.49781504762e-005, 0.000732857035473, -0.000990006607026, 0.000264875969151, -0.000320904189721, -0.000292834738502, -0.00190478260629, 0.000735623820219, -0.00214461260475, 0.00526292948052, -0.0113218734041, 0.0247998908162, -0.00973710417747], [4.7778015869e-005, 0.00015082579921, 0.000264719012193, -0.00111517705955, 0.00169853749685, 0.000992797897197, 0.00162692926824, -0.000468260928756, 0.000406237290008, -0.00351223396137, 0.00542210182175, -0.00973710417747, 0.0222838204354]]
    sccoeffs:
        dmean: [0.0549180395901, 0.0449426062405, 0.0358665771782, 0.0302120633423, 0.0216288566589, 0.0183573160321]
        dmean2: [0.0907760187984, 0.0752902030945, 0.0596325621009, 0.0491534695029, 0.0350362174213, 0.0285659171641]
        dvar: [0.00207466469146, 0.00120874377899, 0.000791848287918, 0.00055802683346, 0.000319951737765, 0.000298576545902]
        dvar2: [0.00562313571572, 0.00338201387785, 0.00213647796772, 0.00144500390161, 0.000783137162216, 0.00065409229137]
        max: [-0.327471554279, -0.536065816879, -0.569500505924, -0.535705447197, -0.522202730179, -0.587317883968]
        mean: [-0.636911034584, -0.764726877213, -0.786779284477, -0.78028523922, -0.774021685123, -0.731792926788]
        median: [-0.641286492348, -0.767805695534, -0.794297039509, -0.785864591599, -0.780339717865, -0.729695796967]
        min: [-0.959178686142, -0.958393156528, -0.961116313934, -0.961089193821, -0.961299180984, -0.960509419441]
        var: [0.00522042158991, 0.00314513733611, 0.00307808350772, 0.00256174430251, 0.00208244030364, 0.0017859331565]
    scvalleys:
        dmean: [0.385888636112, 0.348257541656, 0.296929091215, 0.26891413331, 0.23716263473, 0.25177949667]
        dmean2: [0.635697841644, 0.571348071098, 0.478144794703, 0.415406167507, 0.34922644496, 0.360104084015]
        dvar: [0.104566045105, 0.0894053503871, 0.0701563805342, 0.0699776262045, 0.0757223814726, 0.120284751058]
        dvar2: [0.258622288704, 0.210355743766, 0.15262567997, 0.135989949107, 0.14425329864, 0.240015730262]
        max: [-5.22899055481, -4.7777967453, -5.60515785217, -5.49068832397, -5.39521408081, -7.75127315521]
        mean: [-6.95925426483, -6.67959833145, -7.14971065521, -7.17323684692, -6.96795415878, -10.2294845581]
        median: [-6.83772420883, -6.56858158112, -6.96315574646, -6.93267440796, -6.58632564545, -9.7195558548]
        min: [-27.2590332031, -27.4050998688, -27.1702384949, -27.2354640961, -27.2963161469, -27.1625785828]
        var: [0.699093401432, 0.6368278265, 0.756075978279, 0.934678792953, 1.13543367386, 2.03652477264]

rhythm:
    beats_loudness:
        dmean: 0.00318841822445
        dmean2: 0.00592934712768
        dvar: 5.52655728825e-006
        dvar2: 1.95295815502e-005
        max: 0.0152715817094
        mean: 0.00679502543062
        median: 0.00648542772979
        min: 1.32360196403e-006
        var: 1.16833261927e-005
    bpm: 109.996665955
    bpm_confidence: 0
    first_peak_bpm: 110
    first_peak_spread: 0.185661762953
    first_peak_weight: 0.809872031212
    onset_rate: 2.96986722946
    second_peak_bpm: 103
    second_peak_spread: 0.333333343267
    second_peak_weight: 0.00365630723536
    beats_loudness_band_ratio:
        dmean: [0.143914610147, 0.111180573702, 0.0528476536274, 0.0535505264997, 0.128599137068, 0.0782700479031]
        dmean2: [0.252693086863, 0.209228426218, 0.0925819277763, 0.0951225608587, 0.230193182826, 0.139079928398]
        dvar: [0.013370568864, 0.00665305647999, 0.00295189861208, 0.00441414723173, 0.0148548772559, 0.00541577721015]
        dvar2: [0.037839513272, 0.0237366370857, 0.00844164006412, 0.0127918701619, 0.0433818399906, 0.0163549240679]
        max: [0.82700407505, 0.45790579915, 0.635565638542, 0.542981207371, 0.9101780653, 0.584365725517]
        mean: [0.292657375336, 0.146414771676, 0.100781090558, 0.0802397876978, 0.286571294069, 0.181716173887]
        median: [0.290046513081, 0.138477891684, 0.090697273612, 0.0573845729232, 0.267874002457, 0.165381491184]
        min: [0.000101244513644, 0.00195912295021, 0.00514191063121, 0.00372692360543, 0.0262305419892, 0.00312396232039]
        var: [0.0268800538033, 0.00843011960387, 0.00536138378084, 0.00453894864768, 0.0192504096776, 0.00868113245815]
    beats_position: [0.568888902664, 1.14938771725, 1.72988653183, 2.29877543449, 2.85605430603, 3.40172338486, 3.94739222527, 4.49306106567, 5.0387301445, 5.5727891922, 6.11845779419, 6.65251684189, 7.18657588959, 7.73224496841, 8.27791404724, 8.82358264923, 9.38086128235, 9.93814086914, 10.4838094711, 11.0294780731, 11.5751476288, 12.1208162308, 12.6664848328, 13.2121543884, 13.7694330215, 14.3151016235, 14.8491611481, 15.3948297501, 15.9404983521, 16.4977779388, 17.0550556183, 17.6123352051, 18.1580047607, 18.7036724091, 19.2493419647, 19.7834014893, 20.3290691376, 20.8747386932, 21.4204082489, 21.9660758972, 22.523355484, 23.0806350708, 23.6263027191, 24.1719722748, 24.7060317993, 25.2516994476, 25.7973690033, 26.343038559, 26.8887062073, 27.4343757629, 27.9800453186, 28.5257129669, 29.0713825226, 29.6170520782, 30.1627197266, 30.7083892822, 31.2540588379, 31.7997264862, 32.3453979492, 32.8794555664, 33.4251251221, 33.9707946777, 34.5164604187, 35.0621299744, 35.60779953, 36.1534690857, 36.6875267029, 37.244808197, 37.8020858765, 38.3593635559, 38.9050331116, 39.4390907288, 39.9847602844, 40.5420417786, 41.0877075195, 41.6333770752, 42.1674385071, 42.7014961243, 43.2471656799, 43.7928352356, 44.3385009766, 44.8841705322, 45.4298400879, 45.9755096436, 46.5211791992, 47.0668487549, 47.6125144958, 48.1581840515, 48.7154655457, 49.2611312866, 49.8068008423, 50.3408622742, 50.8865280151, 51.4321975708, 51.9778671265, 52.5351448059, 53.0808143616, 53.6148757935, 54.1605415344, 54.7062110901, 55.2518806458, 55.7975502014, 56.3432197571, 56.8888893127, 57.4345550537, 57.9802246094, 58.525894165, 59.0715637207, 59.6288414001, 60.162902832, 60.708568573, 61.2542381287, 61.8115196228, 62.34557724, 62.8912467957, 63.4369163513, 63.9825820923, 64.5282516479, 65.0623092651, 65.6079788208, 66.1536483765, 66.6993179321, 67.2449874878, 67.7906570435, 68.3363265991, 68.8819961548, 69.4276657104, 69.9733352661, 70.5189971924, 71.064666748, 71.6103363037, 72.1560058594, 72.701675415, 73.2473449707, 73.7930145264, 74.338684082, 74.8843536377, 75.4300231934, 75.975692749, 76.5213623047, 77.0670318604, 77.6126937866, 78.1583633423, 78.7040328979, 79.2497024536, 79.7953720093, 80.3410415649, 80.8867111206, 81.4323806763, 81.9780502319, 82.5237197876, 83.0809936523, 83.6150588989, 84.1607208252, 84.7063903809, 85.2520599365, 85.7977294922, 86.3433990479, 86.8890686035, 87.4231262207, 87.9687957764, 88.514465332, 89.0601348877, 89.6058044434, 90.151473999, 90.7087478638, 91.2544174194, 91.788482666, 92.3341445923, 92.8798141479, 93.4254837036, 93.9711532593, 94.5168228149, 95.0624923706, 95.6197738647, 96.1654434204, 96.7111129761, 97.2567749023, 97.802444458, 98.3365097046, 98.8821716309, 99.4278411865, 99.9735107422, 100.519180298, 101.064849854, 101.610519409, 102.167800903, 102.701858521, 103.247528076, 103.793197632, 104.338867188, 104.884536743, 105.430198669, 105.975868225, 106.521537781, 107.067207336, 107.624488831, 108.158546448, 108.704216003, 109.249885559, 109.795555115, 110.34122467, 110.886894226, 111.432563782, 111.978225708, 112.523895264, 113.069564819, 113.615234375, 114.160903931, 114.706573486, 115.240631104, 115.786300659, 116.331970215, 116.877639771, 117.423309326, 117.98059082, 118.526252747, 119.071922302, 119.617591858, 120.163261414, 120.708930969, 121.254600525, 121.800270081, 122.345939636, 122.891609192, 123.437278748, 123.971336365, 124.51700592, 125.062675476, 125.608345032, 126.154014587, 126.699676514, 127.245346069, 127.791015625, 128.336685181, 128.882354736, 129.428024292, 129.973693848, 130.519363403, 131.065032959, 131.610702515, 132.15637207, 132.702041626, 133.247711182, 133.793380737, 134.339050293, 134.884719849, 135.430389404, 135.97605896, 136.521713257, 137.067382813, 137.613052368, 138.158721924, 138.704391479, 139.250061035, 139.795730591, 140.341400146, 140.887069702, 141.432739258, 141.978408813, 142.524078369, 143.069747925, 143.61541748, 144.149475098, 144.695144653, 145.240814209, 145.786483765, 146.33215332, 146.877822876, 147.423492432, 147.969161987, 148.526443481, 149.072113037, 149.606170654, 150.15184021, 150.697509766, 151.243179321, 151.788833618, 152.334503174, 152.880172729, 153.437454224, 153.983123779, 154.528793335, 155.074462891, 155.620132446, 156.154190063, 156.699859619, 157.245529175, 157.79119873, 158.336868286, 158.89414978, 159.428207397, 159.985488892, 160.519546509, 161.065216064, 161.61088562, 162.156555176, 162.702224731, 163.247894287, 163.793563843, 164.339233398, 164.884887695, 165.442169189, 165.976226807, 166.521896362, 167.067565918, 167.613235474, 168.158905029, 168.704574585, 169.250244141, 169.795913696, 170.341583252, 170.875640869, 171.421310425, 171.96697998, 172.524261475, 173.06993103, 173.615600586, 174.149658203, 174.695327759, 175.240997314, 175.78666687, 176.343948364, 176.88961792, 177.435287476, 177.980941772, 178.526611328, 179.072280884, 179.617950439, 180.163619995, 180.697677612, 181.243347168, 181.789016724, 182.334686279, 182.880355835, 183.426025391, 183.971694946, 184.517364502, 185.063034058, 185.608703613, 186.154373169, 186.711654663, 187.24571228, 187.791381836, 188.337051392, 188.882720947, 189.428390503, 189.974060059, 190.519729614, 191.06539917, 191.611068726, 192.156738281, 192.702392578, 193.248062134, 193.793731689, 194.327789307, 194.873458862, 195.419128418, 195.964797974, 196.510467529, 197.056137085, 197.601806641, 198.147476196, 198.681533813, 199.238815308, 199.784484863, 200.341766357, 200.887435913, 201.433105469, 201.978775024, 202.52444458, 203.070114136, 203.615783691, 204.161453247, 204.707122803, 205.252792358, 205.798446655, 206.332519531, 206.878189087, 207.423858643, 207.969512939, 208.515182495, 209.072463989, 209.618133545, 210.163803101, 210.709472656, 211.255142212, 211.812423706, 212.346481323, 212.88053894, 213.437820435, 213.98348999, 214.529159546, 215.074829102, 215.632110596, 216.177780151, 216.723449707, 217.257507324, 217.80317688, 218.337234497, 218.882904053, 219.428573608, 219.974243164, 220.51991272, 221.065567017, 221.611236572, 222.156906128, 222.702575684, 223.248245239, 223.793914795, 224.339584351, 224.885253906, 225.430923462, 225.976593018, 226.522262573, 227.067932129, 227.613601685, 228.15927124, 228.704940796, 229.250610352, 229.796279907, 230.341949463, 230.887619019, 231.433288574, 231.967346191, 232.524627686, 233.070297241, 233.615966797, 234.161621094, 234.707290649, 235.252960205, 235.798629761, 236.344299316, 236.889968872, 237.435638428, 237.981307983, 238.526977539, 239.072647095, 239.61831665, 240.163986206, 240.709655762, 241.255325317, 241.800994873, 242.346664429, 242.892333984, 243.43800354, 243.972061157, 244.529342651, 245.063400269, 245.609069824, 246.15473938, 246.700408936, 247.246078491, 247.791748047, 248.337417603, 248.894683838, 249.428741455, 249.974411011, 250.520080566, 251.065750122, 251.611419678, 252.157089233, 252.702758789, 253.248428345, 253.7940979, 254.339767456, 254.885437012, 255.431106567, 255.976776123, 256.52243042, 257.068115234, 257.613769531, 258.159454346, 258.71673584, 259.250793457, 259.796447754, 260.342132568, 260.887786865, 261.43347168, 261.979125977, 262.524810791, 263.058868408, 263.604522705, 264.15020752, 264.695861816, 265.241546631, 265.787200928, 266.344482422, 266.890167236, 267.424224854, 267.96987915, 268.515563965, 269.061218262, 269.606903076, 270.152557373, 270.69821167, 271.255493164, 271.801177979, 272.346832275, 272.89251709, 273.438171387, 273.972229004, 274.517913818, 275.063568115, 275.60925293, 276.154907227, 276.712188721, 277.246246338, 277.791931152, 278.337585449, 278.883270264, 279.428924561, 279.974609375, 280.520263672, 281.065948486, 281.611602783, 282.157287598, 282.702941895, 283.248626709, 283.794281006, 284.339935303, 284.885620117, 285.442901611, 285.976959229, 286.522613525, 287.06829834, 287.613952637, 288.159637451, 288.705291748, 289.250976563, 289.808258057, 290.342315674, 290.876373291, 291.422027588, 291.967712402, 292.513366699, 293.059051514, 293.604705811, 294.150390625, 294.696044922, 295.241729736, 295.787384033, 296.333068848, 296.878723145, 297.424407959, 297.958465576, 298.492523193, 299.03817749]
