
metadata:
    version:
        essentia: "2.1-beta2"
    audio_properties:
        analysis_sample_rate: 44100
        bitrate: 320
        channels: 2
        equal_loudness: 1
        length: 209.214691162
        replay_gain: -16.3314208984
        downmix: "mix"
    tags:
        album: "Anything That Moves"
        artist: "Bobaflex"
        comment: "BigBlackMetal@KickassTorrents"
        date: "2015"
        genre: "Hard Rock"
        title: "End Of The World"
        tracknumber: "12/13"

configuration:
    average_loudness:
        compute: 1
        frameSize: 88200
        hopSize: 44100
        silentFrames: "noise"
        windowType: "hann"
    general:
        analysisSampleRate: 44100
        endTime: 2000
        equalLoudness: 1
        nequalLoudness: 0
        shortSound: 0
        startTime: 0
    lowlevel:
        compute: 1
        frameSize: 2048
        hopSize: 1024
        zeroPadding: 0
        silentFrames: "noise"
        windowType: "blackmanharris62"
        mfccStats: ["mean", "cov", "icov"]
        stats: ["mean", "var", "median", "min", "max", "dmean", "dmean2", "dvar", "dvar2"]
    panning:
        compute: 0
        frameSize: 8192
        hopSize: 2048
        zeroPadding: 8192
        silentFrames: "noise"
        windowType: "hann"
        stats: ["copy"]
    rhythm:
        compute: 1
        maxTempo: 208
        minTempo: 40
        method: "degara"
        stats: ["mean", "var", "median", "min", "max", "dmean", "dmean2", "dvar", "dvar2"]
    segmentation:
        compute: 0
        cpw: 5
        inc1: 300
        inc2: 50
        minimumSegmentsLength: 10
        size1: 1000
        size2: 600
    sfx:
        compute: 1
        stats: ["mean", "var", "median", "min", "max", "dmean", "dmean2", "dvar", "dvar2"]
    svm:
        compute: 0
    tonal:
        compute: 1
        frameSize: 4096
        hopSize: 2048
        zeroPadding: 0
        silentFrames: "noise"
        windowType: "blackmanharris62"
        stats: ["mean", "var", "median", "min", "max", "dmean", "dmean2", "dvar", "dvar2"]

lowlevel:
    average_loudness: 0.965716063976
    barkbands_kurtosis:
        dmean: 0.400245726109
        dmean2: 0.663125276566
        dvar: 0.821574807167
        dvar2: 2.0910885334
        max: 35.0091896057
        mean: -1.0932611227
        median: -1.36637401581
        min: -1.86833381653
        var: 1.36029422283
    barkbands_skewness:
        dmean: 0.343018949032
        dmean2: 0.529576659203
        dvar: 0.0993446260691
        dvar2: 0.224925518036
        max: 5.81800079346
        mean: -0.0160756278783
        median: -0.0238458234817
        min: -2.15095043182
        var: 0.352427691221
    barkbands_spread:
        dmean: 4.49124479294
        dmean2: 7.2282948494
        dvar: 17.1221218109
        dvar2: 43.6857223511
        max: 69.7825775146
        mean: 35.581401825
        median: 35.7863540649
        min: 3.54768323898
        var: 52.9972610474
    dissonance:
        dmean: 0.0107104396448
        dmean2: 0.0181730296463
        dvar: 0.000101292353065
        dvar2: 0.000282965396764
        max: 0.500000059605
        mean: 0.481476098299
        median: 0.484163224697
        min: 0.334155440331
        var: 0.000167906400748
    hfc:
        dmean: 2.2619035244
        dmean2: 3.59149503708
        dvar: 7.76022815704
        dvar2: 19.4992218018
        max: 35.6761779785
        mean: 8.88206386566
        median: 8.18711566925
        min: 1.17315624912e-016
        var: 24.2160110474
    pitch:
        dmean: 1112.64599609
        dmean2: 2142.7421875
        dvar: 1999667.375
        dvar2: 4655653
        max: 4945.03417969
        mean: 1948.36218262
        median: 3105.54785156
        min: 60.1293296814
        var: 2515831.5
    pitch_instantaneous_confidence:
        dmean: 0.0776200890541
        dmean2: 0.128390222788
        dvar: 0.00390951661393
        dvar2: 0.0103914169595
        max: 0.859291732311
        mean: 0.343433111906
        median: 0.3280415833
        min: 0.114287734032
        var: 0.0109976334497
    pitch_salience:
        dmean: 0.0536844022572
        dmean2: 0.0904348567128
        dvar: 0.00242500635795
        dvar2: 0.00693257711828
        max: 0.927889049053
        mean: 0.690277516842
        median: 0.700395345688
        min: 0.198031693697
        var: 0.004194538109
    silence_rate_20dB:
        dmean: 0
        dmean2: 0
        dvar: 0
        dvar2: 0
        max: 1
        mean: 1
        median: 1
        min: 1
        var: 0
    silence_rate_30dB:
        dmean: 0
        dmean2: 0
        dvar: 0
        dvar2: 0
        max: 1
        mean: 1
        median: 1
        min: 1
        var: 0
    silence_rate_60dB:
        dmean: 0.0685828402638
        dmean2: 0.137180909514
        dvar: 0.0638758763671
        dvar2: 0.142547562718
        max: 1
        mean: 0.180537059903
        median: 0
        min: 0
        var: 0.147941291332
    spectral_centroid:
        dmean: 255.918182373
        dmean2: 396.989929199
        dvar: 60362.453125
        dvar2: 125325.640625
        max: 10523.6181641
        mean: 1718.36877441
        median: 1699.27392578
        min: 239.636917114
        var: 226864.828125
    spectral_complexity:
        dmean: 3.92187333107
        dmean2: 6.20244169235
        dvar: 13.979681015
        dvar2: 31.934261322
        max: 45
        mean: 19.1401462555
        median: 20
        min: 0
        var: 61.7409858704
    spectral_crest:
        dmean: 1.78650784492
        dmean2: 2.98972892761
        dvar: 3.27409005165
        dvar2: 8.67636299133
        max: 23.6558685303
        mean: 5.7954120636
        median: 5.21659469604
        min: 2.50667452812
        var: 4.92479372025
    spectral_decrease:
        dmean: 2.70276245828e-010
        dmean2: 4.28269086861e-010
        dvar: 1.57628519805e-019
        dvar2: 3.91331780722e-019
        max: 1.98815237746e-029
        mean: -1.12460218915e-009
        median: -1.08962971979e-009
        min: -4.0489878117e-009
        var: 2.83696144284e-019
    spectral_energy:
        dmean: 0.00118312984705
        dmean2: 0.00186939130072
        dvar: 2.87404418486e-006
        dvar2: 7.15349278835e-006
        max: 0.0179337654263
        mean: 0.00505013624206
        median: 0.00488010328263
        min: 1.06357275653e-020
        var: 5.71482041778e-006
    spectral_energyband_high:
        dmean: 0.000134771558805
        dmean2: 0.000222980539547
        dvar: 3.77216835545e-008
        dvar2: 9.47105647242e-008
        max: 0.00345036829822
        mean: 0.000321623054333
        median: 0.000253641512245
        min: 7.90656791879e-021
        var: 7.17662231864e-008
    spectral_energyband_low:
        dmean: 0.00020883360412
        dmean2: 0.000358394871
        dvar: 7.60601537309e-008
        dvar2: 2.14562618339e-007
        max: 0.00252822530456
        mean: 0.000388659536839
        median: 0.000320217921399
        min: 8.30163390299e-023
        var: 8.50772181593e-008
    spectral_energyband_middle_high:
        dmean: 0.000629499845672
        dmean2: 0.000986347557046
        dvar: 5.06773517372e-007
        dvar2: 1.21561970445e-006
        max: 0.00961909815669
        mean: 0.00255078752525
        median: 0.00236058374867
        min: 1.40389745856e-021
        var: 2.02738510779e-006
    spectral_energyband_middle_low:
        dmean: 0.0007600770914
        dmean2: 0.00121772626881
        dvar: 1.4091955336e-006
        dvar2: 3.50916525349e-006
        max: 0.0111049413681
        mean: 0.00194265681785
        median: 0.00166493537836
        min: 2.68577174135e-022
        var: 1.7910023189e-006
    spectral_flatness_db:
        dmean: 0.0132588166744
        dmean2: 0.0203319173306
        dvar: 0.000153390370542
        dvar2: 0.000365866231732
        max: 0.346587121487
        mean: 0.140689298511
        median: 0.136614114046
        min: 0.0668012052774
        var: 0.000720552692655
    spectral_flux:
        dmean: 0.00694507500157
        dmean2: 0.0103270141408
        dvar: 6.57936034258e-005
        dvar2: 0.000134597648866
        max: 0.101612262428
        mean: 0.0425873436034
        median: 0.0418169945478
        min: 1.0312966453e-010
        var: 0.000194072417798
    spectral_kurtosis:
        dmean: 1.31037867069
        dmean2: 2.24337244034
        dvar: 6.88947296143
        dvar2: 21.4434394836
        max: 67.4413223267
        mean: 3.53930401802
        median: 3.11558198929
        min: -1.21700072289
        var: 11.1047382355
    spectral_rms:
        dmean: 0.00024340346863
        dmean2: 0.000376623298507
        dvar: 8.71229488553e-008
        dvar2: 2.07004106301e-007
        max: 0.00418286491185
        mean: 0.00215166341513
        median: 0.00218198914081
        min: 3.22122948974e-012
        var: 2.97287073181e-007
    spectral_rolloff:
        dmean: 252.612579346
        dmean2: 399.606140137
        dvar: 137643.390625
        dvar2: 255016.75
        max: 18949.21875
        mean: 3391.34545898
        median: 3423.77929688
        min: 193.798828125
        var: 380872.8125
    spectral_skewness:
        dmean: 0.169794261456
        dmean2: 0.277100652456
        dvar: 0.0442378371954
        dvar2: 0.129639565945
        max: 5.54678010941
        mean: 1.20014560223
        median: 1.16334605217
        min: 0.0486383587122
        var: 0.12714895606
    spectral_spread:
        dmean: 373539
        dmean2: 549169.5
        dvar: 383383863296
        dvar2: 562651201536
        max: 41398072
        mean: 3986277.5
        median: 3892204.5
        min: 884181.1875
        var: 1.54571544986e+012
    spectral_strongpeak:
        dmean: 0.473031938076
        dmean2: 0.828198194504
        dvar: 0.613371968269
        dvar2: 1.60060358047
        max: 9.28189563751
        mean: 0.600039601326
        median: 0.289060235023
        min: 3.74281855509e-010
        var: 0.827560305595
    zerocrossingrate:
        dmean: 0.00761997280642
        dmean2: 0.0094143981114
        dvar: 5.98803308094e-005
        dvar2: 7.65508739278e-005
        max: 0.4892578125
        mean: 0.0994146466255
        median: 0.09912109375
        min: 0.0146484375
        var: 0.000434815941844
    barkbands:
        dmean: [5.03361093251e-007, 8.07230971986e-005, 0.000120650001918, 0.000158480892424, 0.00043890014058, 0.000241522153374, 0.000105308172351, 0.000126665807329, 0.000131831533508, 0.000103052007034, 5.49284959561e-005, 5.59138861718e-005, 5.66244998481e-005, 7.23901830497e-005, 7.35200083e-005, 9.75031216512e-005, 0.00015592345153, 0.000153708067955, 0.000318678299664, 0.000182099684025, 5.42216766917e-005, 2.61054465227e-005, 5.08431367052e-006, 1.39103030961e-006, 3.744868593e-007, 1.22522818558e-008, 2.94934049405e-010]
        dmean2: [6.72064800256e-007, 0.000138800678542, 0.000207437042263, 0.000267716386588, 0.000733088585548, 0.000390993780456, 0.000173149659531, 0.000206334909308, 0.0002140897559, 0.000166031182744, 9.18743826333e-005, 8.94173354027e-005, 9.17580837267e-005, 0.000118681418826, 0.000120258249808, 0.000157575661433, 0.000258263695287, 0.000259243039181, 0.000525712093804, 0.00029416277539, 9.24100459088e-005, 4.13993875554e-005, 8.1263588072e-006, 2.1561070298e-006, 5.47732440737e-007, 1.75501391197e-008, 4.83688589181e-010]
        dvar: [7.52510033453e-013, 1.37009168455e-008, 2.82847025801e-008, 4.861195535e-008, 1.00933300473e-006, 8.6478138428e-008, 1.90719315896e-008, 3.4485051259e-008, 3.59390774918e-008, 2.01517860177e-008, 6.94621338226e-009, 8.24825896473e-009, 8.53258264044e-009, 1.26053736338e-008, 1.22281438308e-008, 2.18742730596e-008, 3.82086753348e-008, 3.03965244086e-008, 1.52275148935e-007, 5.99464300421e-008, 7.24054904921e-009, 1.50708545643e-009, 1.10146523846e-010, 9.28909206499e-012, 6.28214873784e-013, 3.77677115165e-016, 1.60218822969e-019]
        dvar2: [1.40694671625e-012, 3.85617546783e-008, 7.9175897838e-008, 1.32815358711e-007, 2.6150148642e-006, 2.12246689557e-007, 4.93317102723e-008, 8.66926299636e-008, 9.55101953082e-008, 5.14975759813e-008, 1.87499740179e-008, 1.96263094665e-008, 2.13917061842e-008, 3.25477138574e-008, 3.0425777453e-008, 5.71030085439e-008, 9.87659234397e-008, 8.01967701136e-008, 3.9619297354e-007, 1.40688086958e-007, 1.91600424415e-008, 3.39436589947e-009, 2.30536409407e-010, 1.6429791555e-011, 1.22141478789e-012, 7.63245295145e-016, 3.92900270259e-019]
        max: [7.88743454905e-006, 0.00105682818685, 0.00179172249045, 0.00194738374557, 0.00846421439201, 0.00450765760615, 0.00155641837046, 0.004658841528, 0.00366613455117, 0.0020457287319, 0.00149934960064, 0.00149827380665, 0.0014361605281, 0.00148047809489, 0.00163574900944, 0.00293778744526, 0.00358032737859, 0.00562540534884, 0.00507704354823, 0.00486861728132, 0.00176651543006, 0.000953677343205, 0.000212079306948, 6.29529095022e-005, 1.86784982361e-005, 3.0996503142e-007, 7.7224804329e-009]
        mean: [6.03003741162e-007, 0.000122961238958, 0.000176460525836, 0.000209975856706, 0.000565758091398, 0.000417009490775, 0.00018747591821, 0.000209321908187, 0.0002383969113, 0.000197655186639, 9.43585910136e-005, 0.000100267170637, 9.99856274575e-005, 0.000119941360026, 0.000128570944071, 0.00019710084598, 0.000337708974257, 0.000355752097676, 0.000708285660949, 0.000402099773055, 0.000112320616608, 5.63353569305e-005, 8.66084428708e-006, 2.37721928897e-006, 7.35805770091e-007, 2.32060219929e-008, 4.18438950156e-010]
        median: [9.3644075605e-008, 9.70696928562e-005, 0.000121270284581, 0.000131075837999, 0.000328272610204, 0.000302293454297, 0.00012606169912, 0.00012277168571, 0.000163039381732, 0.000120497388707, 5.70447591599e-005, 5.71215859964e-005, 5.16434956808e-005, 7.21693650121e-005, 7.89329060353e-005, 0.000133125155116, 0.000259105931036, 0.000306460424326, 0.000553553749342, 0.000279172090814, 8.89310176717e-005, 4.10800712416e-005, 5.07250206283e-006, 1.19922401609e-006, 4.40463225004e-007, 1.24075274499e-008, 2.1733745359e-010]
        min: [6.61664341774e-024, 2.2978191305e-023, 3.25543458052e-023, 1.54622464553e-023, 3.2474516237e-023, 4.22056203739e-023, 4.23802047586e-023, 5.36226433276e-023, 3.9840956168e-023, 7.43178979942e-023, 4.38156917924e-023, 9.21148903168e-023, 9.88145660779e-023, 5.87859525224e-023, 4.56211956115e-023, 2.05950440881e-022, 1.7246710723e-022, 1.21237937309e-022, 1.49720056904e-022, 2.15491126617e-022, 4.10616086094e-022, 4.60315560056e-022, 5.98329261914e-022, 8.96409329034e-022, 1.14012781735e-021, 1.5614966708e-021, 2.34577880014e-021]
        var: [1.26226340578e-012, 1.32014479348e-008, 3.23669837599e-008, 5.72257405906e-008, 8.66252548803e-007, 1.48175686832e-007, 3.63233390033e-008, 7.06171832121e-008, 6.63201049633e-008, 5.13520923562e-008, 1.35094380127e-008, 1.72594738501e-008, 1.82340329502e-008, 2.07295407506e-008, 2.24299601115e-008, 4.67800482795e-008, 8.65835261266e-008, 7.67414647385e-008, 3.16241482778e-007, 1.71293436324e-007, 1.00598089858e-008, 3.47135631351e-009, 2.32237035158e-010, 2.4311596139e-011, 1.38311020623e-012, 9.04863804091e-016, 3.12584083009e-019]
    frequency_bands:
        dmean: [5.03361093251e-007, 8.07230971986e-005, 0.000120650001918, 0.000158480892424, 0.00043890014058, 0.000241522153374, 0.000105308172351, 0.000126665807329, 0.000131831533508, 0.000103052007034, 5.49284959561e-005, 5.59138861718e-005, 5.66244998481e-005, 7.23901830497e-005, 7.35200083e-005, 9.75031216512e-005, 0.00015592345153, 0.000153708067955, 0.000318678299664, 0.000182099684025, 5.42216766917e-005, 2.61054465227e-005, 5.08431367052e-006, 1.39103030961e-006, 3.744868593e-007, 1.22522818558e-008, 2.94934049405e-010, 5.72041476687e-011]
        dmean2: [6.72064800256e-007, 0.000138800678542, 0.000207437042263, 0.000267716386588, 0.000733088585548, 0.000390993780456, 0.000173149659531, 0.000206334909308, 0.0002140897559, 0.000166031182744, 9.18743826333e-005, 8.94173354027e-005, 9.17580837267e-005, 0.000118681418826, 0.000120258249808, 0.000157575661433, 0.000258263695287, 0.000259243039181, 0.000525712093804, 0.00029416277539, 9.24100459088e-005, 4.13993875554e-005, 8.1263588072e-006, 2.1561070298e-006, 5.47732440737e-007, 1.75501391197e-008, 4.83688589181e-010, 1.06067370165e-010]
        dvar: [7.52510033453e-013, 1.37009168455e-008, 2.82847025801e-008, 4.861195535e-008, 1.00933300473e-006, 8.6478138428e-008, 1.90719315896e-008, 3.4485051259e-008, 3.59390774918e-008, 2.01517860177e-008, 6.94621338226e-009, 8.24825896473e-009, 8.53258264044e-009, 1.26053736338e-008, 1.22281438308e-008, 2.18742730596e-008, 3.82086753348e-008, 3.03965244086e-008, 1.52275148935e-007, 5.99464300421e-008, 7.24054904921e-009, 1.50708545643e-009, 1.10146523846e-010, 9.28909206499e-012, 6.28214873784e-013, 3.77677115165e-016, 1.60218822969e-019, 6.42754071077e-021]
        dvar2: [1.40694671625e-012, 3.85617546783e-008, 7.9175897838e-008, 1.32815358711e-007, 2.6150148642e-006, 2.12246689557e-007, 4.93317102723e-008, 8.66926299636e-008, 9.55101953082e-008, 5.14975759813e-008, 1.87499740179e-008, 1.96263094665e-008, 2.13917061842e-008, 3.25477138574e-008, 3.0425777453e-008, 5.71030085439e-008, 9.87659234397e-008, 8.01967701136e-008, 3.9619297354e-007, 1.40688086958e-007, 1.91600424415e-008, 3.39436589947e-009, 2.30536409407e-010, 1.6429791555e-011, 1.22141478789e-012, 7.63245295145e-016, 3.92900270259e-019, 2.05361755765e-020]
        max: [7.88743454905e-006, 0.00105682818685, 0.00179172249045, 0.00194738374557, 0.00846421439201, 0.00450765760615, 0.00155641837046, 0.004658841528, 0.00366613455117, 0.0020457287319, 0.00149934960064, 0.00149827380665, 0.0014361605281, 0.00148047809489, 0.00163574900944, 0.00293778744526, 0.00358032737859, 0.00562540534884, 0.00507704354823, 0.00486861728132, 0.00176651543006, 0.000953677343205, 0.000212079306948, 6.29529095022e-005, 1.86784982361e-005, 3.0996503142e-007, 7.7224804329e-009, 9.01024865829e-010]
        mean: [6.03003741162e-007, 0.000122961238958, 0.000176460525836, 0.000209975856706, 0.000565758091398, 0.000417009490775, 0.00018747591821, 0.000209321908187, 0.0002383969113, 0.000197655186639, 9.43585910136e-005, 0.000100267170637, 9.99856274575e-005, 0.000119941360026, 0.000128570944071, 0.00019710084598, 0.000337708974257, 0.000355752097676, 0.000708285660949, 0.000402099773055, 0.000112320616608, 5.63353569305e-005, 8.66084428708e-006, 2.37721928897e-006, 7.35805770091e-007, 2.32060219929e-008, 4.18438950156e-010, 4.48626170935e-011]
        median: [9.3644075605e-008, 9.70696928562e-005, 0.000121270284581, 0.000131075837999, 0.000328272610204, 0.000302293454297, 0.00012606169912, 0.00012277168571, 0.000163039381732, 0.000120497388707, 5.70447591599e-005, 5.71215859964e-005, 5.16434956808e-005, 7.21693650121e-005, 7.89329060353e-005, 0.000133125155116, 0.000259105931036, 0.000306460424326, 0.000553553749342, 0.000279172090814, 8.89310176717e-005, 4.10800712416e-005, 5.07250206283e-006, 1.19922401609e-006, 4.40463225004e-007, 1.24075274499e-008, 2.1733745359e-010, 1.83695038347e-011]
        min: [6.61664341774e-024, 2.2978191305e-023, 3.25543458052e-023, 1.54622464553e-023, 3.2474516237e-023, 4.22056203739e-023, 4.23802047586e-023, 5.36226433276e-023, 3.9840956168e-023, 7.43178979942e-023, 4.38156917924e-023, 9.21148903168e-023, 9.88145660779e-023, 5.87859525224e-023, 4.56211956115e-023, 2.05950440881e-022, 1.7246710723e-022, 1.21237937309e-022, 1.49720056904e-022, 2.15491126617e-022, 4.10616086094e-022, 4.60315560056e-022, 5.98329261914e-022, 8.96409329034e-022, 1.14012781735e-021, 1.5614966708e-021, 2.34577880014e-021, 6.93446500039e-022]
        var: [1.26226340578e-012, 1.32014479348e-008, 3.23669837599e-008, 5.72257405906e-008, 8.66252548803e-007, 1.48175686832e-007, 3.63233390033e-008, 7.06171832121e-008, 6.63201049633e-008, 5.13520923562e-008, 1.35094380127e-008, 1.72594738501e-008, 1.82340329502e-008, 2.07295407506e-008, 2.24299601115e-008, 4.67800482795e-008, 8.65835261266e-008, 7.67414647385e-008, 3.16241482778e-007, 1.71293436324e-007, 1.00598089858e-008, 3.47135631351e-009, 2.32237035158e-010, 2.4311596139e-011, 1.38311020623e-012, 9.04863804091e-016, 3.12584083009e-019, 5.12775926019e-021]
    mfcc:
        mean: [-693.706481934, 117.178611755, -53.8484573364, 62.4648513794, -18.8311290741, -6.0950717926, -3.91701483727, 0.0450805276632, -3.21162009239, -3.70669794083, 0.0667430907488, -8.34207439423, -2.87479639053]
        cov: [[3209.41064453, -1.20690500736, -338.703430176, 225.048736572, -212.809371948, 78.3637237549, -88.9552459717, 17.2085971832, -61.9761314392, 14.1259899139, -15.6299085617, -59.2755393982, -8.35278987885], [-1.20690500736, 594.131408691, -209.361953735, 76.9614334106, -23.7524585724, -75.2114257813, 53.8191757202, -10.9937744141, 20.0140590668, -36.7517852783, 33.7651977539, -1.95825588703, 3.72613286972], [-338.703430176, -209.361953735, 335.588439941, -72.8667221069, 48.4717407227, 28.9747409821, -10.8867549896, 9.19202613831, -8.84407234192, 1.93576681614, -29.4016132355, 13.1763277054, -15.1005125046], [225.048736572, 76.9614334106, -72.8667221069, 178.046188354, 8.00251102448, -13.3476629257, -17.9267177582, -13.2162971497, 28.3471698761, -0.549668669701, -7.8753528595, -12.9886131287, 5.90101528168], [-212.809371948, -23.7524585724, 48.4717407227, 8.00251102448, 122.452156067, 8.59539222717, -0.665929377079, -14.8809528351, 13.6655693054, 11.4929218292, -9.84686946869, 2.89255928993, -6.96261072159], [78.3637237549, -75.2114257813, 28.9747409821, -13.3476629257, 8.59539222717, 86.9379653931, 12.315320015, 4.97388935089, -24.0723781586, 0.765407204628, 3.52455949783, 3.90459179878, -8.7734746933], [-88.9552459717, 53.8191757202, -10.8867549896, -17.9267177582, -0.665929377079, 12.315320015, 79.1012649536, 23.8782501221, -2.5349342823, -8.98528671265, 11.4897794724, 10.2532873154, -1.31014084816], [17.2085971832, -10.9937744141, 9.19202613831, -13.2162971497, -14.8809528351, 4.97388935089, 23.8782501221, 72.431640625, 16.6972866058, 12.6498203278, 4.03893566132, 8.94829845428, 6.33995819092], [-61.9761314392, 20.0140590668, -8.84407234192, 28.3471698761, 13.6655693054, -24.0723781586, -2.5349342823, 16.6972866058, 70.7566146851, 18.3852367401, 2.82459974289, -1.03591525555, 2.697889328], [14.1259899139, -36.7517852783, 1.93576681614, -0.549668669701, 11.4929218292, 0.765407204628, -8.98528671265, 12.6498203278, 18.3852367401, 65.8159713745, 16.0543270111, 6.01322698593, 3.95132040977], [-15.6299085617, 33.7651977539, -29.4016132355, -7.8753528595, -9.84686946869, 3.52455949783, 11.4897794724, 4.03893566132, 2.82459974289, 16.0543270111, 58.2451782227, 19.7938079834, 1.54380905628], [-59.2755393982, -1.95825588703, 13.1763277054, -12.9886131287, 2.89255928993, 3.90459179878, 10.2532873154, 8.94829845428, -1.03591525555, 6.01322698593, 19.7938079834, 49.6832008362, 18.0503616333], [-8.35278987885, 3.72613286972, -15.1005125046, 5.90101528168, -6.96261072159, -8.7734746933, -1.31014084816, 6.33995819092, 2.697889328, 3.95132040977, 1.54380905628, 18.0503616333, 58.3461112976]]
        icov: [[0.00049925717758, 7.20027601346e-005, 0.000442917866167, -0.000603147316724, 0.000750832434278, -0.000603300868534, 0.00058073096443, -0.000392636895413, 0.000536179519258, -0.00030865467852, 0.000327275425661, 0.000104419872514, 0.000252239435213], [7.20027601346e-005, 0.00289359968156, 0.00134180963505, -0.000869853422046, -0.000141772252391, 0.00222960184328, -0.00197475100867, 0.000326463254169, 4.37818162027e-005, 0.00150346278679, -0.00131230708212, -1.80877523235e-005, 0.000435769645264], [0.000442917866167, 0.00134180963505, 0.00500897550955, 0.000777797133196, -0.000820468820166, -0.000535118218977, 0.000827937154099, -0.000957389827818, 0.000263607042143, 0.000413129775552, 0.00228384346701, -0.00201019784436, 0.00166096084286], [-0.000603147316724, -0.000869853422046, 0.000777797133196, 0.00805547833443, -0.00144761998672, -0.000576362304855, 0.00117477378808, 0.0014658360742, -0.00378926075064, 0.000624037405942, 0.00112931604963, 0.000567345239688, -0.00110897317063], [0.000750832434278, -0.000141772252391, -0.000820468820166, -0.00144761998672, 0.0112898070365, -0.00240947958082, -0.000623808475211, 0.00322633958422, -0.00202880403958, -0.00299283093773, 0.00305414036848, -0.0015884314198, 0.00137804378755], [-0.000603300868534, 0.00222960184328, -0.000535118218977, -0.000576362304855, -0.00240947958082, 0.016678115353, -0.00401124591008, -0.00111107330304, 0.00519069423899, 0.000393126276322, -0.00264370208606, -0.00034180979128, 0.00185110908933], [0.00058073096443, -0.00197475100867, 0.000827937154099, 0.00117477378808, -0.000623808475211, -0.00401124591008, 0.0185126960278, -0.00682346150279, 0.00095967692323, 0.00293216924183, -0.0014755242737, -0.00168466556352, 0.00110151874833], [-0.000392636895413, 0.000326463254169, -0.000957389827818, 0.0014658360742, 0.00322633958422, -0.00111107330304, -0.00682346150279, 0.0196164716035, -0.00617982214317, -0.0034327940084, 0.00199093157426, -0.00202431133948, -0.00144811882637], [0.000536179519258, 4.37818162027e-005, 0.000263607042143, -0.00378926075064, -0.00202880403958, 0.00519069423899, 0.00095967692323, -0.00617982214317, 0.0209371317178, -0.004289932549, -0.00096920406213, 0.00129169225693, 0.000705341168214], [-0.00030865467852, 0.00150346278679, 0.000413129775552, 0.000624037405942, -0.00299283093773, 0.000393126276322, 0.00293216924183, -0.0034327940084, -0.004289932549, 0.0206360053271, -0.00718250824139, 0.000592632393818, -0.00114801537711], [0.000327275425661, -0.00131230708212, 0.00228384346701, 0.00112931604963, 0.00305414036848, -0.00264370208606, -0.0014755242737, 0.00199093157426, -0.00096920406213, -0.00718250824139, 0.0257058590651, -0.0106487981975, 0.00347043317743], [0.000104419872514, -1.80877523235e-005, -0.00201019784436, 0.000567345239688, -0.0015884314198, -0.00034180979128, -0.00168466556352, -0.00202431133948, 0.00129169225693, 0.000592632393818, -0.0106487981975, 0.0294291339815, -0.00954285077751], [0.000252239435213, 0.000435769645264, 0.00166096084286, -0.00110897317063, 0.00137804378755, 0.00185110908933, 0.00110151874833, -0.00144811882637, 0.000705341168214, -0.00114801537711, 0.00347043317743, -0.00954285077751, 0.0212198495865]]
    sccoeffs:
        dmean: [0.0546592585742, 0.0477377474308, 0.0368085168302, 0.0279988311231, 0.0211608167738, 0.0165208037943]
        dmean2: [0.0894208028913, 0.079431027174, 0.0615110136569, 0.0469786114991, 0.0350114777684, 0.0258582383394]
        dvar: [0.00210717064328, 0.00140099518467, 0.000838714360725, 0.000478142348584, 0.000283731467789, 0.000211219696212]
        dvar2: [0.00549532053992, 0.003817189252, 0.00231277104467, 0.00133784394711, 0.000744589895476, 0.000479624781292]
        max: [-0.34737610817, -0.515023052692, -0.606300711632, -0.659269452095, -0.647873103619, -0.595284283161]
        mean: [-0.677118122578, -0.750561118126, -0.786707162857, -0.80322188139, -0.783907413483, -0.717328310013]
        median: [-0.683089733124, -0.752913951874, -0.78889966011, -0.806634783745, -0.785449326038, -0.716814160347]
        min: [-0.971964776516, -0.967258930206, -0.974535703659, -0.960354447365, -0.957502305508, -0.960349142551]
        var: [0.00480419117957, 0.00317389261909, 0.00223207264207, 0.00140856427606, 0.00107536592986, 0.00130098650698]
    scvalleys:
        dmean: [0.367669761181, 0.328920185566, 0.276551991701, 0.24347320199, 0.213361486793, 0.299362152815]
        dmean2: [0.607747733593, 0.546685039997, 0.448408544064, 0.380936712027, 0.335215866566, 0.440476328135]
        dvar: [0.0992784500122, 0.0919503942132, 0.0716199353337, 0.0646197423339, 0.0669613331556, 0.158357858658]
        dvar2: [0.236541539431, 0.2038256675, 0.135303005576, 0.108248405159, 0.114346526563, 0.326999813318]
        max: [-5.13358592987, -4.67903900146, -5.48709917068, -5.7688498497, -5.71950864792, -7.99087381363]
        mean: [-6.58539772034, -6.26268577576, -6.72793197632, -6.96565341949, -6.79023790359, -9.99169254303]
        median: [-6.46253299713, -6.1567735672, -6.6250667572, -6.85537528992, -6.66057538986, -9.78689193726]
        min: [-27.2596702576, -27.266702652, -27.5399112701, -27.2902259827, -27.1952285767, -27.2270088196]
        var: [1.17300069332, 1.04884767532, 0.990085780621, 0.941339373589, 0.920993566513, 1.19708061218]

rhythm:
    beats_loudness:
        dmean: 0.00181885552593
        dmean2: 0.00317424652167
        dvar: 2.86464319288e-006
        dvar2: 8.3453642219e-006
        max: 0.0120501993224
        mean: 0.00668954383582
        median: 0.00686006667092
        min: 2.40791631426e-012
        var: 6.36292998024e-006
    bpm: 85.0429000854
    bpm_confidence: 0
    first_peak_bpm: 85
    first_peak_spread: 0.0544217862189
    first_peak_weight: 0.942372858524
    onset_rate: 2.89176654816
    second_peak_bpm: 91
    second_peak_spread: 0
    second_peak_weight: 0.00338983046822
    beats_loudness_band_ratio:
        dmean: [0.102066606283, 0.0909883826971, 0.0658758878708, 0.0430170036852, 0.0847138762474, 0.078317515552]
        dmean2: [0.172886177897, 0.156037256122, 0.112738847733, 0.0727911815047, 0.148902460933, 0.137824952602]
        dvar: [0.00675724027678, 0.0063225030899, 0.00416718004271, 0.00213309447281, 0.00583579065278, 0.00509771006182]
        dvar2: [0.0182291027158, 0.0179414339364, 0.0115304850042, 0.00552425393835, 0.0177066531032, 0.0152184898034]
        max: [0.574965953827, 0.577757298946, 0.502677857876, 0.323826044798, 0.643132328987, 0.511368095875]
        mean: [0.255369096994, 0.232364982367, 0.124613888562, 0.0856547579169, 0.218063309789, 0.205491557717]
        median: [0.249542161822, 0.235292449594, 0.0985080301762, 0.0759009122849, 0.194977238774, 0.19138020277]
        min: [0, 0, 0, 0, 0, 0]
        var: [0.0177458208054, 0.0131427161396, 0.0064605041407, 0.00249668373726, 0.00860318448395, 0.00679065426812]
    beats_position: [0.650158703327, 1.31192743778, 1.99691605568, 2.69351458549, 3.41333317757, 4.12154197693, 4.82975053787, 5.52634906769, 6.23455762863, 6.94276618958, 7.65097475052, 8.35918331146, 9.05578231812, 9.76399040222, 10.47219944, 11.1804075241, 11.8886165619, 12.5852155685, 13.2818136215, 13.9900226593, 14.6982307434, 15.4064397812, 16.114648819, 16.8228569031, 17.5310649872, 18.2276649475, 18.9358730316, 19.6440811157, 20.3522891998, 21.0604991913, 21.7687072754, 22.4769153595, 23.1735134125, 23.8817234039, 24.589931488, 25.286529541, 25.9947395325, 26.7029476166, 27.4111557007, 28.1193637848, 28.8275737762, 29.5357818604, 30.2323799133, 30.9405899048, 31.6487979889, 32.357006073, 33.0652160645, 33.7618141174, 34.4700202942, 35.1782302856, 35.8748283386, 36.5830383301, 37.2912483215, 37.9994544983, 38.7076644897, 39.4042625427, 40.1124725342, 40.8206787109, 41.5404968262, 42.2370948792, 42.9336967468, 43.6535148621, 44.350112915, 45.046710968, 45.7549209595, 46.4631271362, 47.1713371277, 47.8795471191, 48.5877532959, 49.2959632874, 50.0041732788, 50.7123794556, 51.4089775085, 52.1287956238, 52.8253974915, 53.5219955444, 54.2302017212, 54.9384117126, 55.6466217041, 56.3548278809, 57.0630378723, 57.7712478638, 58.4678459167, 59.1760520935, 59.884262085, 60.5808601379, 61.2890701294, 61.9972763062, 62.7054862976, 63.4136962891, 64.1219024658, 64.8301086426, 65.5267105103, 66.234916687, 66.9431304932, 67.6513366699, 68.3595428467, 69.0561447144, 69.7643508911, 70.4725646973, 71.1691589355, 71.8773651123, 72.5855789185, 73.2937850952, 74.001991272, 74.6985931396, 75.4184112549, 76.1150131226, 76.8232192993, 77.5314254761, 78.2280273438, 78.9362335205, 79.6444396973, 80.3526535034, 81.0608596802, 81.7574615479, 82.4656677246, 83.1738739014, 83.8820877075, 84.5902938843, 85.298500061, 86.0067138672, 86.7033081055, 87.4115142822, 88.1197280884, 88.8163223267, 89.5245361328, 90.2327423096, 90.9409484863, 91.6491622925, 92.3573684692, 93.0539703369, 93.7621765137, 94.4703826904, 95.1785888672, 95.8751907349, 96.5833969116, 97.2916107178, 97.9998168945, 98.7080230713, 99.404624939, 100.124443054, 100.821044922, 101.529251099, 102.225845337, 102.934059143, 103.64226532, 104.350471497, 105.058685303, 105.766891479, 106.475097656, 107.183311462, 107.891517639, 108.599723816, 109.296325684, 109.992919922, 110.701133728, 111.409339905, 112.117546082, 112.825759888, 113.522354126, 114.230567932, 114.938774109, 115.646980286, 116.343582153, 117.05178833, 117.759994507, 118.468208313, 119.164802551, 119.873016357, 120.581222534, 121.289428711, 121.997642517, 122.694236755, 123.402442932, 124.110656738, 124.807250977, 125.515464783, 126.223670959, 126.931877136, 127.640090942, 128.348297119, 129.056503296, 129.764709473, 130.472915649, 131.169525146, 131.866119385, 132.574325562, 133.282531738, 133.990753174, 134.698959351, 135.407165527, 136.115371704, 136.811965942, 137.520172119, 138.228393555, 138.936599731, 139.644805908, 140.353012085, 141.061218262, 141.757827759, 142.466033936, 143.174240112, 143.882446289, 144.590652466, 145.298858643, 146.007064819, 146.703674316, 147.411880493, 148.12008667, 148.816680908, 149.524902344, 150.233108521, 150.941314697, 151.649520874, 152.346115112, 153.054321289, 153.762542725, 154.470748901, 155.16734314, 155.875549316, 156.583755493, 157.291976929, 158.000183105, 158.708389282, 159.404983521, 160.113189697, 160.821395874, 161.518005371, 162.214599609, 162.887985229, 163.561355591, 164.234741211, 164.919723511, 165.604721069, 166.301315308, 166.997909546, 167.706115723, 168.40272522, 169.110931396, 169.830749512, 170.550567627, 171.258773804, 171.96697998, 172.663574219, 173.360183716, 174.056777954, 174.764984131, 175.473190308, 176.181396484, 176.88961792, 177.586212158, 178.282806396, 178.991012573, 179.69921875, 180.419036865, 181.115646362, 181.823852539, 182.532058716, 183.228652954, 183.93687439, 184.645080566, 185.353286743, 186.06149292, 186.769699097, 187.477905273, 188.174514771, 188.882720947, 189.590927124, 190.287521362, 190.995727539, 191.703948975, 192.412155151, 193.120361328, 193.816955566, 194.525161743, 195.23336792, 195.929977417, 196.649795532, 197.358001709, 198.066207886, 198.774414063, 199.47102356, 200.179229736, 200.875823975, 201.584030151, 202.292236328, 203.000442505, 203.70866394, 204.416870117, 205.125076294, 205.821670532, 206.529876709, 207.238098145, 207.946304321, 208.654510498]
    bpm_estimates: [87.5926971436, 86.1328277588, 83.3543319702, 84.7207794189, 84.7208023071, 86.1328277588, 84.7208023071, 84.7208023071, 84.7208023071, 84.7208023071, 86.1327667236, 84.7208633423, 84.7207489014, 84.7208633423, 84.7207489014, 86.1327667236, 86.1328887939, 84.7207489014, 84.7208633423, 84.7207489014, 84.7207489014, 84.7208633423, 84.7208633423, 86.1326522827, 84.7208633423, 84.7208633423, 84.7208633423, 84.7206344604, 84.7208633423, 84.7208633423, 86.1328887939, 84.7206344604, 84.7208633423, 86.1328887939, 84.7206344604, 84.7208633423, 84.7208633423, 84.7208633423, 84.7206344604, 84.7208633423, 86.1328887939, 84.7206344604, 84.7208633423, 84.7208633423, 84.7206344604, 86.1328887939, 84.7210922241, 84.7206344604, 86.1328887939, 84.7206344604, 84.7206344604, 84.7210922241, 84.7206344604, 86.1328887939, 84.7206344604, 84.7210922241, 83.3543930054, 86.1328887939, 86.1324157715, 83.3543930054, 86.1328887939, 86.1328887939, 84.7206344604, 84.7210922241, 84.7206344604, 84.7206344604, 84.7210922241, 84.7206344604, 84.7206344604, 84.7210922241, 86.1328887939, 83.3543930054, 86.1324157715, 86.1328887939, 84.7210922241, 84.7206344604, 84.7206344604, 84.7210922241, 84.7206344604, 84.7206344604, 86.1328887939, 84.7210922241, 84.7206344604, 86.1328887939, 84.7206344604, 84.7210922241, 84.7206344604, 84.7206344604, 84.7210922241, 84.7210922241, 86.1324157715, 84.7210922241, 84.7201766968, 84.7210922241, 84.7210922241, 86.1324157715, 84.7210922241, 84.7201766968, 86.133354187, 84.7210922241, 84.7201766968, 84.7210922241, 84.7210922241, 86.1324157715, 83.3543930054, 86.1324157715, 84.7210922241, 84.7210922241, 86.1324157715, 84.7210922241, 84.7210922241, 84.7201766968, 84.7210922241, 86.1324157715, 84.7210922241, 84.7210922241, 84.7201766968, 84.7210922241, 84.7210922241, 84.7201766968, 86.133354187, 84.7210922241, 84.7201766968, 86.133354187, 84.7201766968, 84.7210922241, 84.7210922241, 84.7201766968, 84.7210922241, 86.1324157715, 84.7210922241, 84.7210922241, 84.7210922241, 86.1324157715, 84.7210922241, 84.7201766968, 84.7210922241, 84.7210922241, 86.1324157715, 83.3543930054, 86.1324157715, 84.7210922241, 86.133354187, 84.7201766968, 84.7210922241, 84.7210922241, 84.7201766968, 84.7210922241, 84.7210922241, 84.7201766968, 84.7210922241, 84.7210922241, 86.1324157715, 86.133354187, 84.7201766968, 84.7210922241, 84.7210922241, 84.7201766968, 86.133354187, 84.7201766968, 84.7210922241, 84.7210922241, 86.1324157715, 84.7210922241, 84.7210922241, 84.7201766968, 86.133354187, 84.7201766968, 84.7210922241, 84.7210922241, 84.7201766968, 86.133354187, 84.7210922241, 84.7201766968, 86.133354187, 84.7201766968, 84.7210922241, 84.7210922241, 84.7201766968, 84.7210922241, 84.7210922241, 84.7210922241, 84.7210922241, 86.1314697266, 86.133354187, 84.7210922241, 84.7210922241, 84.7192687988, 84.7210922241, 84.7210922241, 84.7210922241, 86.133354187, 84.7210922241, 84.7192687988, 84.7210922241, 84.7210922241, 84.7210922241, 84.7210922241, 86.1314697266, 84.7210922241, 84.7210922241, 84.7210922241, 84.7210922241, 84.7210922241, 84.7210922241, 86.1314697266, 84.7210922241, 84.7210922241, 86.133354187, 84.7192687988, 84.7210922241, 84.7210922241, 84.7210922241, 86.133354187, 84.7210922241, 84.7192687988, 84.7210922241, 86.133354187, 84.7210922241, 84.7210922241, 84.7192687988, 84.7210922241, 84.7210922241, 86.133354187, 84.7210922241, 84.7210922241, 86.1314697266, 86.133354187, 87.5935058594, 87.5915527344, 86.133354187, 86.133354187, 84.7210922241, 86.1314697266, 84.7210922241, 83.3543930054, 83.3543930054, 84.7210922241, 84.7210922241, 86.133354187, 86.1314697266, 86.133354187, 84.7210922241, 84.7210922241, 84.7210922241, 84.7192687988, 86.133354187, 86.133354187, 84.7210922241, 84.7210922241, 83.3543930054, 86.1314697266, 84.7210922241, 84.7210922241, 86.133354187, 84.7192687988, 84.7210922241, 84.7210922241, 84.7210922241, 84.7210922241, 84.7210922241, 86.1314697266, 84.7210922241, 84.7210922241, 86.133354187, 84.7210922241, 84.7192687988, 84.7210922241, 84.7210922241, 86.133354187, 84.7210922241, 84.7210922241, 86.1314697266, 83.3543930054, 84.7210922241, 84.7210922241, 84.7210922241, 86.1314697266, 84.7210922241, 86.133354187, 84.7210922241, 84.7210922241, 84.7210922241, 84.7192687988, 84.7210922241, 84.7210922241, 86.133354187, 84.7210922241, 84.7192687988, 84.7210922241, 84.7210922241]
