
metadata:
    version:
        essentia: "2.1-beta2"
    audio_properties:
        analysis_sample_rate: 44100
        bitrate: 320
        channels: 2
        equal_loudness: 1
        length: 319.137969971
        replay_gain: -15.4188728333
        downmix: "mix"
    tags:
        album: "Anything That Moves"
        artist: "Bobaflex"
        comment: "BigBlackMetal@KickassTorrents"
        date: "2015"
        genre: "Hard Rock"
        title: "Forgiven"
        tracknumber: "13/13"

configuration:
    average_loudness:
        compute: 1
        frameSize: 88200
        hopSize: 44100
        silentFrames: "noise"
        windowType: "hann"
    general:
        analysisSampleRate: 44100
        endTime: 2000
        equalLoudness: 1
        nequalLoudness: 0
        shortSound: 0
        startTime: 0
    lowlevel:
        compute: 1
        frameSize: 2048
        hopSize: 1024
        zeroPadding: 0
        silentFrames: "noise"
        windowType: "blackmanharris62"
        mfccStats: ["mean", "cov", "icov"]
        stats: ["mean", "var", "median", "min", "max", "dmean", "dmean2", "dvar", "dvar2"]
    panning:
        compute: 0
        frameSize: 8192
        hopSize: 2048
        zeroPadding: 8192
        silentFrames: "noise"
        windowType: "hann"
        stats: ["copy"]
    rhythm:
        compute: 1
        maxTempo: 208
        minTempo: 40
        method: "degara"
        stats: ["mean", "var", "median", "min", "max", "dmean", "dmean2", "dvar", "dvar2"]
    segmentation:
        compute: 0
        cpw: 5
        inc1: 300
        inc2: 50
        minimumSegmentsLength: 10
        size1: 1000
        size2: 600
    sfx:
        compute: 1
        stats: ["mean", "var", "median", "min", "max", "dmean", "dmean2", "dvar", "dvar2"]
    svm:
        compute: 0
    tonal:
        compute: 1
        frameSize: 4096
        hopSize: 2048
        zeroPadding: 0
        silentFrames: "noise"
        windowType: "blackmanharris62"
        stats: ["mean", "var", "median", "min", "max", "dmean", "dmean2", "dvar", "dvar2"]

lowlevel:
    average_loudness: 0.925491273403
    barkbands_kurtosis:
        dmean: 0.759654283524
        dmean2: 1.1916025877
        dvar: 3.71992397308
        dvar2: 8.26804065704
        max: 119.932189941
        mean: -0.122531242669
        median: -1.17845547199
        min: -1.93492639065
        var: 18.7043304443
    barkbands_skewness:
        dmean: 0.35027769208
        dmean2: 0.540853738785
        dvar: 0.127155929804
        dvar2: 0.291317433119
        max: 6.77128314972
        mean: 0.128191009164
        median: -0.0268953815103
        min: -9.47575569153
        var: 1.0958417654
    barkbands_spread:
        dmean: 5.07664203644
        dmean2: 7.99905586243
        dvar: 30.1877384186
        dvar2: 73.8485488892
        max: 79.0560760498
        mean: 33.7402839661
        median: 34.397857666
        min: 0.508161127567
        var: 116.351135254
    dissonance:
        dmean: 0.0121464990079
        dmean2: 0.0207238625735
        dvar: 0.000183821030078
        dvar2: 0.000505700474605
        max: 0.500000059605
        mean: 0.477937579155
        median: 0.483316063881
        min: 0.0303803049028
        var: 0.000382749189157
    hfc:
        dmean: 2.19178557396
        dmean2: 3.38597202301
        dvar: 9.00597572327
        dvar2: 21.2490749359
        max: 41.5451126099
        mean: 8.50699138641
        median: 7.35199356079
        min: 1.18421174961e-016
        var: 40.0960159302
    pitch:
        dmean: 839.595581055
        dmean2: 1610.64990234
        dvar: 1650252
        dvar2: 4005204
        max: 5171.5859375
        mean: 1779.57421875
        median: 786.871337891
        min: 49.4613075256
        var: 2527846.5
    pitch_instantaneous_confidence:
        dmean: 0.0800790339708
        dmean2: 0.129870593548
        dvar: 0.00471036229283
        dvar2: 0.0116762965918
        max: 0.93466591835
        mean: 0.397830933332
        median: 0.371633797884
        min: 0.130001366138
        var: 0.0186013560742
    pitch_salience:
        dmean: 0.0521824173629
        dmean2: 0.0860322415829
        dvar: 0.00223099277355
        dvar2: 0.00617804285139
        max: 0.969126284122
        mean: 0.643572449684
        median: 0.66199028492
        min: 0.201765164733
        var: 0.00909535400569
    silence_rate_20dB:
        dmean: 0
        dmean2: 0
        dvar: 0
        dvar2: 0
        max: 1
        mean: 1
        median: 1
        min: 1
        var: 0
    silence_rate_30dB:
        dmean: 0
        dmean2: 0
        dvar: 0
        dvar2: 0
        max: 1
        mean: 1
        median: 1
        min: 1
        var: 0
    silence_rate_60dB:
        dmean: 0.0755183696747
        dmean2: 0.151047736406
        dvar: 0.0698038339615
        dvar2: 0.150062412024
        max: 1
        mean: 0.288083791733
        median: 0
        min: 0
        var: 0.205103680491
    spectral_centroid:
        dmean: 228.095794678
        dmean2: 354.669433594
        dvar: 61340.2265625
        dvar2: 132900.859375
        max: 11051.1201172
        mean: 1620.14868164
        median: 1693.33569336
        min: 146.161376953
        var: 410157.0625
    spectral_complexity:
        dmean: 3.38464903831
        dmean2: 5.34356832504
        dvar: 13.74305439
        dvar2: 31.4640483856
        max: 51
        mean: 16.8993167877
        median: 17
        min: 0
        var: 93.2559356689
    spectral_crest:
        dmean: 1.68687558174
        dmean2: 2.77650213242
        dvar: 2.6633708477
        dvar2: 7.02247619629
        max: 24.9150371552
        mean: 6.66591882706
        median: 5.92360782623
        min: 2.45236158371
        var: 7.83917427063
    spectral_decrease:
        dmean: 2.41034830983e-010
        dmean2: 3.80117132215e-010
        dvar: 1.50579260776e-019
        dvar2: 3.7379961009e-019
        max: 9.96178837791e-029
        mean: -1.05685871166e-009
        median: -9.93172433184e-010
        min: -4.92939111751e-009
        var: 3.39346477752e-019
    spectral_energy:
        dmean: 0.00107889936771
        dmean2: 0.00169088121038
        dvar: 2.81822508441e-006
        dvar2: 6.91206560077e-006
        max: 0.0213663876057
        mean: 0.00476044043899
        median: 0.00442190933973
        min: 1.08088005682e-020
        var: 7.31557747713e-006
    spectral_energyband_high:
        dmean: 0.000153913526447
        dmean2: 0.000254780927207
        dvar: 7.50430757535e-008
        dvar2: 1.97229098831e-007
        max: 0.00368914008141
        mean: 0.000312144285999
        median: 0.000223254057346
        min: 7.48403776111e-021
        var: 1.16863333233e-007
    spectral_energyband_low:
        dmean: 0.00023777440947
        dmean2: 0.000394803879317
        dvar: 1.10060668135e-007
        dvar2: 3.0425619002e-007
        max: 0.00492043420672
        mean: 0.000564864545595
        median: 0.000413767585997
        min: 2.52098125416e-023
        var: 2.30134133972e-007
    spectral_energyband_middle_high:
        dmean: 0.000586760230362
        dmean2: 0.000894085795153
        dvar: 5.39108782505e-007
        dvar2: 1.21326308999e-006
        max: 0.0134592177346
        mean: 0.00245482707396
        median: 0.00213062367402
        min: 1.4354944049e-021
        var: 3.43839860761e-006
    spectral_energyband_middle_low:
        dmean: 0.000587640504818
        dmean2: 0.000954730727244
        dvar: 1.29533600557e-006
        dvar2: 3.36179232363e-006
        max: 0.01375769265
        mean: 0.00160790642258
        median: 0.00139456684701
        min: 2.68738227978e-022
        var: 1.56784426508e-006
    spectral_flatness_db:
        dmean: 0.0144684314728
        dmean2: 0.0210338868201
        dvar: 0.000220062676817
        dvar2: 0.00040709663881
        max: 0.509224951267
        mean: 0.155959650874
        median: 0.143393993378
        min: 0.0670805498958
        var: 0.0022068428807
    spectral_flux:
        dmean: 0.00679175416008
        dmean2: 0.0103119164705
        dvar: 7.1707792813e-005
        dvar2: 0.000144699763041
        max: 0.118349939585
        mean: 0.0387145653367
        median: 0.0387076772749
        min: 1.03965384912e-010
        var: 0.000287245056825
    spectral_kurtosis:
        dmean: 1.62709367275
        dmean2: 2.72497725487
        dvar: 6.28761863708
        dvar2: 18.0975933075
        max: 55.1843910217
        mean: 4.50915527344
        median: 3.40079212189
        min: -1.19892525673
        var: 17.1891307831
    spectral_rms:
        dmean: 0.000227371390793
        dmean2: 0.000348311645212
        dvar: 8.42237000143e-008
        dvar2: 1.95126048652e-007
        max: 0.0045656603761
        mean: 0.00205470318906
        median: 0.00207703094929
        min: 3.24733295809e-012
        var: 4.22523754651e-007
    spectral_rolloff:
        dmean: 307.792175293
        dmean2: 499.426086426
        dvar: 242433.46875
        dvar2: 502243.5625
        max: 19207.6171875
        mean: 3074.11669922
        median: 3402.24609375
        min: 129.19921875
        var: 1057977.25
    spectral_skewness:
        dmean: 0.211090072989
        dmean2: 0.339467436075
        dvar: 0.062234736979
        dvar2: 0.164027839899
        max: 5.6577372551
        mean: 1.34341037273
        median: 1.22301030159
        min: -0.240626871586
        var: 0.262313008308
    spectral_spread:
        dmean: 491444.15625
        dmean2: 639627.1875
        dvar: 535656726528
        dvar2: 729156091904
        max: 40722420
        mean: 4079420.75
        median: 3869773.5
        min: 768851.1875
        var: 1.89613447578e+012
    spectral_strongpeak:
        dmean: 0.507509350777
        dmean2: 0.879255473614
        dvar: 0.74912160635
        dvar2: 1.91996705532
        max: 13.2008695602
        mean: 0.69184923172
        median: 0.246165364981
        min: 1.15470877304e-009
        var: 1.17020702362
    zerocrossingrate:
        dmean: 0.00739569356665
        dmean2: 0.00889944471419
        dvar: 6.98957010172e-005
        dvar2: 9.03321124497e-005
        max: 0.50830078125
        mean: 0.0934904068708
        median: 0.09912109375
        min: 0.00732421875
        var: 0.000862311164383
    barkbands:
        dmean: [3.50009315753e-007, 9.94677029666e-005, 0.00013325359032, 0.000156250272994, 0.000316938123433, 0.000154666631715, 8.4787949163e-005, 8.37378756842e-005, 0.000122826808365, 9.39358433243e-005, 4.46323683718e-005, 3.87726104236e-005, 6.38663768768e-005, 5.50546101294e-005, 6.23280793661e-005, 0.000101966623333, 0.000165986741195, 0.000152053660713, 0.000290752388537, 0.000179073962499, 6.96050556144e-005, 2.52816826105e-005, 5.7496122281e-006, 1.3392651681e-006, 5.37164453362e-007, 2.50132323742e-008, 8.96881235946e-010]
        dmean2: [5.32251078766e-007, 0.00016695051454, 0.000220815709326, 0.00025713830837, 0.000524486356881, 0.000251084624324, 0.000139171097544, 0.000132845918415, 0.000198848254513, 0.00014892166655, 7.35079156584e-005, 6.29257119726e-005, 0.000102987381979, 8.99986698641e-005, 0.000101679193904, 0.000166670899489, 0.000272039964329, 0.000250286277151, 0.000463223695988, 0.00029482942773, 0.000120077245811, 4.04353158956e-005, 9.03153522813e-006, 1.9535523279e-006, 7.8869089748e-007, 3.53456250934e-008, 1.33186395246e-009]
        dvar: [5.87656876286e-013, 2.34013448619e-008, 4.075281268e-008, 5.62638895474e-008, 7.25616303043e-007, 5.29243351366e-008, 2.01192573712e-008, 1.57719757254e-008, 3.80305991143e-008, 2.75614855383e-008, 6.15673068083e-009, 5.83242742991e-009, 1.45076848312e-008, 7.72095543056e-009, 1.30175239477e-008, 4.04258067022e-008, 7.94650674152e-008, 5.1957773195e-008, 1.78204260237e-007, 8.04353845751e-008, 1.8687789094e-008, 1.9735788559e-009, 1.3253133313e-010, 1.11034220013e-011, 8.49622997824e-013, 2.70528686123e-015, 3.6955522229e-018]
        dvar2: [1.30465516862e-012, 6.57756800138e-008, 1.13103013177e-007, 1.52464394887e-007, 1.94647964236e-006, 1.40640651125e-007, 5.38377413761e-008, 3.85496718991e-008, 9.94851561131e-008, 6.60037287048e-008, 1.63042912504e-008, 1.41850460267e-008, 3.71445345593e-008, 1.95136315995e-008, 3.26450155796e-008, 1.05735189493e-007, 1.96433163069e-007, 1.34289592779e-007, 4.26171993695e-007, 2.01558961521e-007, 5.12078770498e-008, 4.88327644987e-009, 2.8516150552e-010, 2.17909162936e-011, 1.8249659596e-012, 5.48662203452e-015, 7.37404467285e-018]
        max: [6.08477330388e-006, 0.00162278150674, 0.00340705737472, 0.0039785685949, 0.0103963278234, 0.00429614586756, 0.00261105969548, 0.00240428233519, 0.00416437676176, 0.00258682016283, 0.00182975968346, 0.00182286906056, 0.0036766200792, 0.00153360760305, 0.00211201468483, 0.00613620178774, 0.0103513374925, 0.00558257987723, 0.00918705295771, 0.00569467293099, 0.00176592497155, 0.000962779391557, 0.000261942972429, 9.18300138437e-005, 1.68011865753e-005, 8.84887242592e-007, 2.7317854645e-008]
        mean: [3.62665957709e-007, 0.000177991591045, 0.000243258735281, 0.000279427331407, 0.00046337430831, 0.000295088568237, 0.000145271813381, 0.000147800907143, 0.00022644593264, 0.000172586878762, 7.77193054091e-005, 6.67235290166e-005, 0.000111104134703, 9.91985289147e-005, 0.000108866013761, 0.000201487826416, 0.000343475025147, 0.000345341308275, 0.000703564437572, 0.00037184386747, 0.000115970258776, 4.95024687552e-005, 1.04922701212e-005, 2.56235875895e-006, 9.42302790463e-007, 3.89359691155e-008, 1.09372988444e-009]
        median: [5.30139843136e-008, 0.000127726074425, 0.000149670682731, 0.000155379922944, 0.000272785313427, 0.000196886074264, 8.79390718183e-005, 8.30770441098e-005, 0.000139581272379, 7.86211821833e-005, 4.07231564168e-005, 3.66765088984e-005, 5.29427416041e-005, 5.84999252169e-005, 6.05699897278e-005, 0.000114204041893, 0.000229348443099, 0.000277365237707, 0.000490279053338, 0.000238313688897, 7.6246476965e-005, 3.17755984724e-005, 5.35074968866e-006, 1.36547441798e-006, 4.66714652703e-007, 1.07281348249e-008, 2.43490561047e-010]
        min: [7.32702055151e-024, 9.39497444947e-024, 7.8103461618e-024, 5.94349578554e-024, 8.7094743599e-023, 1.47661918802e-023, 3.36683026004e-023, 2.35953818778e-023, 3.74489531985e-023, 7.76467584856e-023, 5.02410995495e-023, 4.65976097746e-023, 4.52723928736e-023, 1.29495405099e-022, 1.48838564795e-022, 1.27293650136e-022, 1.43161694529e-022, 2.10370725145e-022, 2.54198574861e-022, 2.24478132972e-022, 3.08666706685e-022, 4.61739750602e-022, 7.04607884727e-022, 8.06672601911e-022, 1.10924284006e-021, 1.45646169668e-021, 2.40974110646e-021]
        var: [6.98030663219e-013, 3.07926519838e-008, 7.91211149931e-008, 1.21308261214e-007, 6.26192388609e-007, 9.71914744241e-008, 3.28722009613e-008, 3.54998697105e-008, 8.0715537365e-008, 7.40862091675e-008, 1.39495295315e-008, 1.20307745988e-008, 3.10867953601e-008, 1.61477480276e-008, 2.28284555703e-008, 9.32401462705e-008, 1.73818946791e-007, 1.08935694243e-007, 5.93304378071e-007, 1.81851518732e-007, 2.0863128114e-008, 3.96375465783e-009, 3.35982991428e-010, 2.56936520671e-011, 1.80753318129e-012, 5.21182718226e-015, 5.49066443309e-018]
    frequency_bands:
        dmean: [3.50009315753e-007, 9.94677029666e-005, 0.00013325359032, 0.000156250272994, 0.000316938123433, 0.000154666631715, 8.4787949163e-005, 8.37378756842e-005, 0.000122826808365, 9.39358433243e-005, 4.46323683718e-005, 3.87726104236e-005, 6.38663768768e-005, 5.50546101294e-005, 6.23280793661e-005, 0.000101966623333, 0.000165986741195, 0.000152053660713, 0.000290752388537, 0.000179073962499, 6.96050556144e-005, 2.52816826105e-005, 5.7496122281e-006, 1.3392651681e-006, 5.37164453362e-007, 2.50132323742e-008, 8.96881235946e-010, 5.21422176269e-011]
        dmean2: [5.32251078766e-007, 0.00016695051454, 0.000220815709326, 0.00025713830837, 0.000524486356881, 0.000251084624324, 0.000139171097544, 0.000132845918415, 0.000198848254513, 0.00014892166655, 7.35079156584e-005, 6.29257119726e-005, 0.000102987381979, 8.99986698641e-005, 0.000101679193904, 0.000166670899489, 0.000272039964329, 0.000250286277151, 0.000463223695988, 0.00029482942773, 0.000120077245811, 4.04353158956e-005, 9.03153522813e-006, 1.9535523279e-006, 7.8869089748e-007, 3.53456250934e-008, 1.33186395246e-009, 9.66257143742e-011]
        dvar: [5.87656876286e-013, 2.34013448619e-008, 4.075281268e-008, 5.62638895474e-008, 7.25616303043e-007, 5.29243351366e-008, 2.01192573712e-008, 1.57719757254e-008, 3.80305991143e-008, 2.75614855383e-008, 6.15673068083e-009, 5.83242742991e-009, 1.45076848312e-008, 7.72095543056e-009, 1.30175239477e-008, 4.04258067022e-008, 7.94650674152e-008, 5.1957773195e-008, 1.78204260237e-007, 8.04353845751e-008, 1.8687789094e-008, 1.9735788559e-009, 1.3253133313e-010, 1.11034220013e-011, 8.49622997824e-013, 2.70528686123e-015, 3.6955522229e-018, 5.66425980054e-021]
        dvar2: [1.30465516862e-012, 6.57756800138e-008, 1.13103013177e-007, 1.52464394887e-007, 1.94647964236e-006, 1.40640651125e-007, 5.38377413761e-008, 3.85496718991e-008, 9.94851561131e-008, 6.60037287048e-008, 1.63042912504e-008, 1.41850460267e-008, 3.71445345593e-008, 1.95136315995e-008, 3.26450155796e-008, 1.05735189493e-007, 1.96433163069e-007, 1.34289592779e-007, 4.26171993695e-007, 2.01558961521e-007, 5.12078770498e-008, 4.88327644987e-009, 2.8516150552e-010, 2.17909162936e-011, 1.8249659596e-012, 5.48662203452e-015, 7.37404467285e-018, 1.77704196503e-020]
        max: [6.08477330388e-006, 0.00162278150674, 0.00340705737472, 0.0039785685949, 0.0103963278234, 0.00429614586756, 0.00261105969548, 0.00240428233519, 0.00416437676176, 0.00258682016283, 0.00182975968346, 0.00182286906056, 0.0036766200792, 0.00153360760305, 0.00211201468483, 0.00613620178774, 0.0103513374925, 0.00558257987723, 0.00918705295771, 0.00569467293099, 0.00176592497155, 0.000962779391557, 0.000261942972429, 9.18300138437e-005, 1.68011865753e-005, 8.84887242592e-007, 2.7317854645e-008, 9.23935539188e-010]
        mean: [3.62665957709e-007, 0.000177991591045, 0.000243258735281, 0.000279427331407, 0.00046337430831, 0.000295088568237, 0.000145271813381, 0.000147800907143, 0.00022644593264, 0.000172586878762, 7.77193054091e-005, 6.67235290166e-005, 0.000111104134703, 9.91985289147e-005, 0.000108866013761, 0.000201487826416, 0.000343475025147, 0.000345341308275, 0.000703564437572, 0.00037184386747, 0.000115970258776, 4.95024687552e-005, 1.04922701212e-005, 2.56235875895e-006, 9.42302790463e-007, 3.89359691155e-008, 1.09372988444e-009, 4.10272406326e-011]
        median: [5.30139843136e-008, 0.000127726074425, 0.000149670682731, 0.000155379922944, 0.000272785313427, 0.000196886074264, 8.79390718183e-005, 8.30770441098e-005, 0.000139581272379, 7.86211821833e-005, 4.07231564168e-005, 3.66765088984e-005, 5.29427416041e-005, 5.84999252169e-005, 6.05699897278e-005, 0.000114204041893, 0.000229348443099, 0.000277365237707, 0.000490279053338, 0.000238313688897, 7.6246476965e-005, 3.17755984724e-005, 5.35074968866e-006, 1.36547441798e-006, 4.66714652703e-007, 1.07281348249e-008, 2.43490561047e-010, 1.51412909988e-011]
        min: [7.32702055151e-024, 9.39497444947e-024, 7.8103461618e-024, 5.94349578554e-024, 8.7094743599e-023, 1.47661918802e-023, 3.36683026004e-023, 2.35953818778e-023, 3.74489531985e-023, 7.76467584856e-023, 5.02410995495e-023, 4.65976097746e-023, 4.52723928736e-023, 1.29495405099e-022, 1.48838564795e-022, 1.27293650136e-022, 1.43161694529e-022, 2.10370725145e-022, 2.54198574861e-022, 2.24478132972e-022, 3.08666706685e-022, 4.61739750602e-022, 7.04607884727e-022, 8.06672601911e-022, 1.10924284006e-021, 1.45646169668e-021, 2.40974110646e-021, 7.69297558668e-022]
        var: [6.98030663219e-013, 3.07926519838e-008, 7.91211149931e-008, 1.21308261214e-007, 6.26192388609e-007, 9.71914744241e-008, 3.28722009613e-008, 3.54998697105e-008, 8.0715537365e-008, 7.40862091675e-008, 1.39495295315e-008, 1.20307745988e-008, 3.10867953601e-008, 1.61477480276e-008, 2.28284555703e-008, 9.32401462705e-008, 1.73818946791e-007, 1.08935694243e-007, 5.93304378071e-007, 1.81851518732e-007, 2.0863128114e-008, 3.96375465783e-009, 3.35982991428e-010, 2.56936520671e-011, 1.80753318129e-012, 5.21182718226e-015, 5.49066443309e-018, 4.61361238731e-021]
    mfcc:
        mean: [-712.902832031, 115.368217468, -48.1672821045, 61.5574378967, -10.4578800201, -5.41026926041, -0.487201541662, 2.1442463398, -2.43028450012, -1.5063431263, 0.29875254631, -7.39330196381, -3.13075995445]
        cov: [[6194.19824219, -91.5674133301, -644.627868652, 592.139587402, -573.780334473, 209.933410645, -164.894104004, 41.0930786133, 1.8863774538, 66.5344009399, 52.1535453796, 45.0935440063, 113.253501892], [-91.5674133301, 1015.24713135, -190.951416016, 71.7181854248, 114.185897827, -86.0559005737, 87.2685394287, -2.45326542854, 12.919169426, -31.1031284332, 39.1375236511, -13.9974660873, -40.722202301], [-644.627868652, -190.951416016, 536.969787598, -39.7835655212, 129.829421997, 64.9378356934, -5.23022460938, 5.37369251251, 14.8560523987, -12.3524637222, -14.0075769424, 12.8061981201, -24.8997325897], [592.139587402, 71.7181854248, -39.7835655212, 312.389282227, 41.1856384277, 26.9579734802, -38.2071266174, -0.190481334925, 33.1416053772, 1.19530296326, 8.04793357849, 22.5386009216, 27.6279087067], [-573.780334473, 114.185897827, 129.829421997, 41.1856384277, 253.557327271, -16.0412216187, 3.13277935982, -9.32656955719, 27.542137146, -9.76236438751, 4.7784781456, 8.33313465118, -19.0596179962], [209.933410645, -86.0559005737, 64.9378356934, 26.9579734802, -16.0412216187, 142.569458008, 17.6248416901, 16.36120224, 5.29567575455, 8.9973487854, 5.17835426331, 13.2468690872, 6.03025865555], [-164.894104004, 87.2685394287, -5.23022460938, -38.2071266174, 3.13277935982, 17.6248416901, 114.746788025, 29.066072464, 2.09258198738, -9.43557834625, 9.24583816528, -2.62716150284, -15.7330226898], [41.0930786133, -2.45326542854, 5.37369251251, -0.190481334925, -9.32656955719, 16.36120224, 29.066072464, 80.5308380127, 22.4860515594, 7.34494304657, 7.42039203644, 0.393299341202, -4.44725561142], [1.8863774538, 12.919169426, 14.8560523987, 33.1416053772, 27.542137146, 5.29567575455, 2.09258198738, 22.4860515594, 89.115776062, 26.128490448, 4.92695856094, 2.43597650528, -7.32894611359], [66.5344009399, -31.1031284332, -12.3524637222, 1.19530296326, -9.76236438751, 8.9973487854, -9.43557834625, 7.34494304657, 26.128490448, 86.0598526001, 26.1057224274, 3.90935564041, 11.10364151], [52.1535453796, 39.1375236511, -14.0075769424, 8.04793357849, 4.7784781456, 5.17835426331, 9.24583816528, 7.42039203644, 4.92695856094, 26.1057224274, 77.9452896118, 34.482635498, 1.01470410824], [45.0935440063, -13.9974660873, 12.8061981201, 22.5386009216, 8.33313465118, 13.2468690872, -2.62716150284, 0.393299341202, 2.43597650528, 3.90935564041, 34.482635498, 73.438835144, 32.3965339661], [113.253501892, -40.722202301, -24.8997325897, 27.6279087067, -19.0596179962, 6.03025865555, -15.7330226898, -4.44725561142, -7.32894611359, 11.10364151, 1.01470410824, 32.3965339661, 83.1776733398]]
        icov: [[0.000340078520821, -3.20744802593e-005, 0.000235728031839, -0.000617813493591, 0.000727793725673, -0.000460274604848, 0.000430181564298, -0.000161141084391, 4.24055288022e-005, -2.02765950235e-005, -0.000142666962347, -2.11647966353e-005, 8.63460372784e-005], [-3.20744802593e-005, 0.00143049191684, 0.000541912100744, -0.000330692040734, -0.000813818129245, 0.00069772277493, -0.00121570646297, 0.000297558261082, -0.000101043915492, 0.000513178296387, -0.000805618939921, 0.000429412903031, 0.000330142356688], [0.000235728031839, 0.000541912100744, 0.00292972964235, 0.000141200085636, -0.00123628915753, -0.00155430822633, 0.000565628462937, -0.000317059224471, -0.000113420501293, 0.000355577009032, 0.000451992673334, -0.000795497617219, 0.000940771773458], [-0.000617813493591, -0.000330692040734, 0.000141200085636, 0.00525947706774, -0.00210588378832, -0.000648388871923, 0.00116711796727, 7.32739717932e-005, -0.00165691261645, 0.000938616925851, 4.40440344391e-005, -0.000332765543135, -0.00137847615406], [0.000727793725673, -0.000813818129245, -0.00123628915753, -0.00210588378832, 0.00720350258052, 0.000124760277686, 0.000702062854543, 0.000658514793031, -0.00127735652495, 0.000231053229072, -0.000348835106706, -0.000765348086134, 0.000908554415219], [-0.000460274604848, 0.00069772277493, -0.00155430822633, -0.000648388871923, 0.000124760277686, 0.00951851531863, -0.00294419727288, -0.00051364954561, 0.000315242883516, -0.00100696762092, 0.000289110670565, -0.00106008618604, 4.40835792688e-005], [0.000430181564298, -0.00121570646297, 0.000565628462937, 0.00116711796727, 0.000702062854543, -0.00294419727288, 0.0125062325969, -0.00411328859627, -6.82151721776e-006, 0.00166129553691, -0.00123303604778, 6.75971605233e-005, 0.000887032423634], [-0.000161141084391, 0.000297558261082, -0.000317059224471, 7.32739717932e-005, 0.000658514793031, -0.00051364954561, -0.00411328859627, 0.0153930252418, -0.00397210428491, 0.000105020160845, -0.00119652866852, 0.000733708031476, -0.000156222973601], [4.24055288022e-005, -0.000101043915492, -0.000113420501293, -0.00165691261645, -0.00127735652495, 0.000315242883516, -6.82151721776e-006, -0.00397210428491, 0.0149638280272, -0.00537422904745, 0.0022301543504, -0.00180936243851, 0.00259340135381], [-2.02765950235e-005, 0.000513178296387, 0.000355577009032, 0.000938616925851, 0.000231053229072, -0.00100696762092, 0.00166129553691, 0.000105020160845, -0.00537422904745, 0.016356062144, -0.00750031042844, 0.00447533559054, -0.00378921208903], [-0.000142666962347, -0.000805618939921, 0.000451992673334, 4.40440344391e-005, -0.000348835106706, 0.000289110670565, -0.00123303604778, -0.00119652866852, 0.0022301543504, -0.00750031042844, 0.0213799774647, -0.0122251883149, 0.00522088073194], [-2.11647966353e-005, 0.000429412903031, -0.000795497617219, -0.000332765543135, -0.000765348086134, -0.00106008618604, 6.75971605233e-005, 0.000733708031476, -0.00180936243851, 0.00447533559054, -0.0122251883149, 0.0241860300303, -0.00996289495379], [8.63460372784e-005, 0.000330142356688, 0.000940771773458, -0.00137847615406, 0.000908554415219, 4.40835792688e-005, 0.000887032423634, -0.000156222973601, 0.00259340135381, -0.00378921208903, 0.00522088073194, -0.00996289495379, 0.0177214965224]]
    sccoeffs:
        dmean: [0.0488338880241, 0.0434763282537, 0.0377916023135, 0.028924074024, 0.0217150431126, 0.0187088679522]
        dmean2: [0.0813367515802, 0.0719586238265, 0.0627600103617, 0.0480314008892, 0.0352730378509, 0.0286946650594]
        dvar: [0.00165824440774, 0.00120673060883, 0.000886787602212, 0.000538899970707, 0.000346966669895, 0.0003461020533]
        dvar2: [0.0045682801865, 0.00332372449338, 0.00242868927307, 0.00141238793731, 0.000842674809974, 0.000727356993593]
        max: [-0.355384349823, -0.463595211506, -0.505225300789, -0.576235949993, -0.587769269943, -0.583265185356]
        mean: [-0.65947663784, -0.749831974506, -0.77164119482, -0.793264508247, -0.775880396366, -0.737013936043]
        median: [-0.665283441544, -0.755776286125, -0.775812983513, -0.79752767086, -0.780258119106, -0.727912545204]
        min: [-0.960917651653, -0.967372536659, -0.972696006298, -0.964196920395, -0.962590813637, -0.961249172688]
        var: [0.0048125651665, 0.00388228124939, 0.00290841422975, 0.00197420734912, 0.00153741321992, 0.00230571394786]
    scvalleys:
        dmean: [0.359485596418, 0.321312218904, 0.286481231451, 0.238735079765, 0.22478415072, 0.320729851723]
        dmean2: [0.594797790051, 0.527549028397, 0.46925547719, 0.383583188057, 0.33857473731, 0.407172679901]
        dvar: [0.104080766439, 0.0948765277863, 0.08018656075, 0.0681888386607, 0.0903958827257, 0.180749058723]
        dvar2: [0.246213570237, 0.201373368502, 0.156726077199, 0.11514121294, 0.146267399192, 0.306346178055]
        max: [-5.01772022247, -4.67342662811, -5.41011571884, -5.8608341217, -5.57713603973, -7.93289279938]
        mean: [-6.76041507721, -6.5920996666, -7.08130216599, -7.23957061768, -7.07389640808, -10.1548833847]
        median: [-6.51256942749, -6.37307739258, -6.84160614014, -7.01935863495, -6.75050973892, -9.75667381287]
        min: [-27.3101768494, -27.3753356934, -27.3854293823, -27.4204483032, -27.2754898071, -27.2829856873]
        var: [1.96382379532, 1.18287873268, 0.9919013381, 0.897307395935, 1.3291195631, 2.07988500595]

rhythm:
    beats_loudness:
        dmean: 0.00277162366547
        dmean2: 0.00488828727975
        dvar: 4.6901427595e-006
        dvar2: 1.22433721117e-005
        max: 0.0145824356005
        mean: 0.00609098747373
        median: 0.00613558106124
        min: 1.12495346372e-009
        var: 9.03572254174e-006
    bpm: 130.021484375
    bpm_confidence: 0
    first_peak_bpm: 129
    first_peak_spread: 0.266253888607
    first_peak_weight: 0.685962378979
    onset_rate: 2.90156650543
    second_peak_bpm: 115
    second_peak_spread: 0.272727251053
    second_peak_weight: 0.0115774236619
    beats_loudness_band_ratio:
        dmean: [0.132079914212, 0.106959030032, 0.0774538367987, 0.0605263821781, 0.087182700634, 0.0966021120548]
        dmean2: [0.230535894632, 0.181844815612, 0.138876870275, 0.105107627809, 0.145336896181, 0.169881299138]
        dvar: [0.0117164282128, 0.00654080649838, 0.00554956262931, 0.00424101436511, 0.00630019558594, 0.00699632614851]
        dvar2: [0.0318690910935, 0.0180402956903, 0.0164288803935, 0.0112889409065, 0.0181918274611, 0.0192504171282]
        max: [0.936695575714, 0.782019793987, 0.548980653286, 0.818815529346, 0.707648277283, 0.905345797539]
        mean: [0.240858003497, 0.173224061728, 0.11093275249, 0.0947475135326, 0.224371299148, 0.225204914808]
        median: [0.213589265943, 0.149307727814, 0.0899278819561, 0.0638447999954, 0.223706960678, 0.220662117004]
        min: [5.32477770321e-006, 0.000334597745677, 0.00207137246616, 0.000656979857013, 0.00441914889961, 0.00240034004673]
        var: [0.0274889543653, 0.0144579298794, 0.00661246618256, 0.00932153966278, 0.0115022212267, 0.014699485153]
