
metadata:
    version:
        essentia: "2.1-beta2"
    audio_properties:
        analysis_sample_rate: 44100
        bitrate: 320
        channels: 2
        equal_loudness: 1
        length: 228.33631897
        replay_gain: -15.5005102158
        downmix: "mix"
    tags:
        album: "Born From Ashes"
        artist: "Born From Ashes"
        comment: ""
        date: "2013"
        genre: "Alternative Metal / Alternative Rock"
        title: "The Worst In Me"
        tracknumber: "3/10"

configuration:
    average_loudness:
        compute: 1
        frameSize: 88200
        hopSize: 44100
        silentFrames: "noise"
        windowType: "hann"
    general:
        analysisSampleRate: 44100
        endTime: 2000
        equalLoudness: 1
        nequalLoudness: 0
        shortSound: 0
        startTime: 0
    lowlevel:
        compute: 1
        frameSize: 2048
        hopSize: 1024
        zeroPadding: 0
        silentFrames: "noise"
        windowType: "blackmanharris62"
        mfccStats: ["mean", "cov", "icov"]
        stats: ["mean", "var", "median", "min", "max", "dmean", "dmean2", "dvar", "dvar2"]
    panning:
        compute: 0
        frameSize: 8192
        hopSize: 2048
        zeroPadding: 8192
        silentFrames: "noise"
        windowType: "hann"
        stats: ["copy"]
    rhythm:
        compute: 1
        maxTempo: 208
        minTempo: 40
        method: "degara"
        stats: ["mean", "var", "median", "min", "max", "dmean", "dmean2", "dvar", "dvar2"]
    segmentation:
        compute: 0
        cpw: 5
        inc1: 300
        inc2: 50
        minimumSegmentsLength: 10
        size1: 1000
        size2: 600
    sfx:
        compute: 1
        stats: ["mean", "var", "median", "min", "max", "dmean", "dmean2", "dvar", "dvar2"]
    svm:
        compute: 0
    tonal:
        compute: 1
        frameSize: 4096
        hopSize: 2048
        zeroPadding: 0
        silentFrames: "noise"
        windowType: "blackmanharris62"
        stats: ["mean", "var", "median", "min", "max", "dmean", "dmean2", "dvar", "dvar2"]

lowlevel:
    average_loudness: 0.933824002743
    barkbands_kurtosis:
        dmean: 0.672068476677
        dmean2: 1.07502055168
        dvar: 2.82544064522
        dvar2: 5.21634626389
        max: 122.507049561
        mean: -0.369815051556
        median: -0.847012579441
        min: -1.9272787571
        var: 9.63742733002
    barkbands_skewness:
        dmean: 0.344894766808
        dmean2: 0.538952589035
        dvar: 0.107141174376
        dvar2: 0.2336884588
        max: 6.57468748093
        mean: -0.37746283412
        median: -0.393687754869
        min: -4.10117769241
        var: 0.653996288776
    barkbands_spread:
        dmean: 4.30627965927
        dmean2: 6.90121889114
        dvar: 18.2668304443
        dvar2: 43.8499298096
        max: 66.1178970337
        mean: 28.2162914276
        median: 26.5248641968
        min: 0.420398324728
        var: 74.5758514404
    dissonance:
        dmean: 0.0109860794619
        dmean2: 0.0187268871814
        dvar: 0.000133207431645
        dvar2: 0.000354178337147
        max: 0.500000178814
        mean: 0.478981852531
        median: 0.48380535841
        min: 0.182372123003
        var: 0.000378225580789
    hfc:
        dmean: 2.12567138672
        dmean2: 3.41218829155
        dvar: 5.11633253098
        dvar2: 12.6724863052
        max: 42.1615066528
        mean: 12.267244339
        median: 12.2327375412
        min: 1.15261053854e-016
        var: 48.0073013306
    pitch:
        dmean: 745.464477539
        dmean2: 1434.06469727
        dvar: 1539564.25
        dvar2: 3820634.5
        max: 4690.02490234
        mean: 1047.18103027
        median: 330.504760742
        min: 65.1823501587
        var: 1849899.625
    pitch_instantaneous_confidence:
        dmean: 0.0753111690283
        dmean2: 0.123313993216
        dvar: 0.00417553680018
        dvar2: 0.0105162840337
        max: 0.935939073563
        mean: 0.413165211678
        median: 0.388914346695
        min: 0.0947058200836
        var: 0.0231261905283
    pitch_salience:
        dmean: 0.0511393323541
        dmean2: 0.0837584733963
        dvar: 0.00189773819875
        dvar2: 0.00483399862424
        max: 0.898744225502
        mean: 0.649043142796
        median: 0.6676248312
        min: 0.220429733396
        var: 0.00949846580625
    silence_rate_20dB:
        dmean: 0
        dmean2: 0
        dvar: 0
        dvar2: 0
        max: 1
        mean: 1
        median: 1
        min: 1
        var: 0
    silence_rate_30dB:
        dmean: 0
        dmean2: 0
        dvar: 0
        dvar2: 0
        max: 1
        mean: 1
        median: 1
        min: 1
        var: 0
    silence_rate_60dB:
        dmean: 0.0435224734247
        dmean2: 0.0870537981391
        dvar: 0.0416269525886
        dvar2: 0.0882147327065
        max: 1
        mean: 0.196847990155
        median: 0
        min: 0
        var: 0.158085018396
    spectral_centroid:
        dmean: 225.560760498
        dmean2: 353.310394287
        dvar: 52731.4296875
        dvar2: 111913.796875
        max: 10697.5507813
        mean: 2085.49414063
        median: 2104.48608398
        min: 287.884368896
        var: 307984.75
    spectral_complexity:
        dmean: 3.20683336258
        dmean2: 5.27468729019
        dvar: 8.26662731171
        dvar2: 21.6568069458
        max: 48
        mean: 21.7674636841
        median: 23
        min: 0
        var: 116.10218811
    spectral_crest:
        dmean: 1.75771737099
        dmean2: 2.92494511604
        dvar: 2.7926902771
        dvar2: 7.26958799362
        max: 24.9426784515
        mean: 6.85675621033
        median: 6.10652446747
        min: 2.49673628807
        var: 8.55448150635
    spectral_decrease:
        dmean: 1.89228452352e-010
        dmean2: 3.05849040538e-010
        dvar: 3.29136199711e-020
        dvar2: 8.48349909262e-020
        max: 9.13328340849e-029
        mean: -1.20011189875e-009
        median: -1.29604593724e-009
        min: -2.74907874243e-009
        var: 2.92098825892e-019
    spectral_energy:
        dmean: 0.00086430524243
        dmean2: 0.00139394192956
        dvar: 6.84545113927e-007
        dvar2: 1.75289517301e-006
        max: 0.0141998184845
        mean: 0.0056421761401
        median: 0.00607390515506
        min: 1.01098119479e-020
        var: 6.77518391967e-006
    spectral_energyband_high:
        dmean: 0.000187751706108
        dmean2: 0.000304453569697
        dvar: 5.0253714079e-008
        dvar2: 1.29048984832e-007
        max: 0.00345018669032
        mean: 0.000674548500683
        median: 0.000569912488572
        min: 7.35417040494e-021
        var: 2.69940642283e-007
    spectral_energyband_low:
        dmean: 8.04814044386e-005
        dmean2: 0.000134576417622
        dvar: 1.37344420281e-008
        dvar2: 3.56953009373e-008
        max: 0.00353904627264
        mean: 0.000163574994076
        median: 0.000129170453874
        min: 1.31517148314e-022
        var: 2.87466477289e-008
    spectral_energyband_middle_high:
        dmean: 0.000686867162585
        dmean2: 0.00111380859744
        dvar: 4.97628491303e-007
        dvar2: 1.29191175802e-006
        max: 0.0114893196151
        mean: 0.0035679161083
        median: 0.00373967736959
        min: 1.26000185833e-021
        var: 4.23660412707e-006
    spectral_energyband_middle_low:
        dmean: 0.000482630828628
        dmean2: 0.000779940979555
        dvar: 3.48888107737e-007
        dvar2: 8.90167541456e-007
        max: 0.00786964409053
        mean: 0.00136442715302
        median: 0.00112627795897
        min: 2.67625517583e-022
        var: 9.06607056095e-007
    spectral_flatness_db:
        dmean: 0.0121870888397
        dmean2: 0.019194798544
        dvar: 0.00013176020002
        dvar2: 0.000295536388876
        max: 0.498895257711
        mean: 0.159307554364
        median: 0.153394296765
        min: 0.0657233521342
        var: 0.00145595672075
    spectral_flux:
        dmean: 0.00626999884844
        dmean2: 0.010006999597
        dvar: 3.62984210369e-005
        dvar2: 8.48507625051e-005
        max: 0.0964765697718
        mean: 0.0441324114799
        median: 0.047256398946
        min: 1.00547563331e-010
        var: 0.000241074012592
    spectral_kurtosis:
        dmean: 1.0760102272
        dmean2: 1.85668134689
        dvar: 1.11424350739
        dvar2: 3.01721405983
        max: 48.8780708313
        mean: 3.86805105209
        median: 3.66573429108
        min: -1.23605680466
        var: 3.40329408646
    spectral_rms:
        dmean: 0.000182495859917
        dmean2: 0.000289905059617
        dvar: 2.96678752676e-008
        dvar2: 7.08883618472e-008
        max: 0.0037220264785
        mean: 0.00224988721311
        median: 0.00243428861722
        min: 3.14057807538e-012
        var: 4.42533377054e-007
    spectral_rolloff:
        dmean: 250.274887085
        dmean2: 414.914855957
        dvar: 122578.84375
        dvar2: 257129.15625
        max: 19250.6835938
        mean: 3683.48510742
        median: 3725.24414063
        min: 215.33203125
        var: 369063.59375
    spectral_skewness:
        dmean: 0.148008152843
        dmean2: 0.245857998729
        dvar: 0.0181037951261
        dvar2: 0.0440796092153
        max: 5.97906589508
        mean: 1.15542531013
        median: 1.16742062569
        min: 0.0601164139807
        var: 0.111916705966
    spectral_spread:
        dmean: 293808.03125
        dmean2: 433289.03125
        dvar: 257594834944
        dvar2: 370860556288
        max: 42259828
        mean: 3802696.5
        median: 3435612.25
        min: 2088520
        var: 1.49625687245e+012
    spectral_strongpeak:
        dmean: 0.757729589939
        dmean2: 1.29918670654
        dvar: 1.00062716007
        dvar2: 2.58767914772
        max: 10.4555215836
        mean: 1.25808131695
        median: 0.759595036507
        min: 5.72151126477e-009
        var: 1.84994125366
    zerocrossingrate:
        dmean: 0.00681870803237
        dmean2: 0.00839820876718
        dvar: 5.46411902178e-005
        dvar2: 6.44224128337e-005
        max: 0.50048828125
        mean: 0.111899860203
        median: 0.11279296875
        min: 0.01220703125
        var: 0.000565220660064
    barkbands:
        dmean: [1.72068254756e-007, 3.15858742397e-005, 4.38219503849e-005, 7.25133286323e-005, 0.000183685595402, 0.000132039567688, 0.000103158781712, 0.000103608253994, 0.000152127613546, 0.000157216491061, 0.000182324598427, 9.06888089958e-005, 7.10458916728e-005, 6.81781821186e-005, 8.49133575684e-005, 0.000149748229887, 0.000229314304306, 0.000152930268086, 0.000321913394146, 0.000232095640968, 0.000102259458799, 1.4891090359e-005, 2.04939351534e-006, 7.46818727748e-007, 3.44502922189e-007, 2.74323372906e-008, 5.01806984854e-010]
        dmean2: [2.6334055292e-007, 5.48430398339e-005, 7.43335549487e-005, 0.000123673176859, 0.000303744367557, 0.000213774925214, 0.000163131524459, 0.000168480110005, 0.000244180992013, 0.000259880413068, 0.000309040973661, 0.000153618282638, 0.000120103955851, 0.000113196620077, 0.000138223578688, 0.000242016656557, 0.00037449109368, 0.000252149155131, 0.000535977305844, 0.000382178957807, 0.000168630242115, 2.3982132916e-005, 3.13318196277e-006, 1.09673680981e-006, 5.03410547026e-007, 4.01340898293e-008, 8.30204571756e-010]
        dvar: [1.21866994035e-013, 3.03113156797e-009, 4.93011365066e-009, 1.68966423075e-008, 8.65933529326e-008, 5.74614382742e-008, 9.42579205798e-008, 4.56212170263e-008, 8.02819926093e-008, 6.69434427891e-008, 1.02540681723e-007, 2.58991388336e-008, 1.59502206998e-008, 9.98372673422e-009, 2.35445511976e-008, 4.37092460004e-008, 9.76935226049e-008, 3.63900021227e-008, 1.8152427117e-007, 8.43918783744e-008, 1.83230799422e-008, 5.12203834901e-010, 3.34492676612e-011, 6.44264936539e-012, 1.78290899839e-012, 9.95573134159e-015, 1.18733804979e-018]
        dvar2: [2.67149963176e-013, 8.50802273078e-009, 1.30843238466e-008, 4.54693349639e-008, 2.2444139347e-007, 1.43353517501e-007, 2.1024092689e-007, 1.15454376726e-007, 2.10222751207e-007, 1.79211241402e-007, 2.96009687872e-007, 7.1953429881e-008, 4.4843702085e-008, 2.56634606899e-008, 5.94911249152e-008, 1.08491384765e-007, 2.50168255889e-007, 9.36282162911e-008, 4.87885927214e-007, 2.15709249574e-007, 4.71278021053e-008, 1.15918141752e-009, 6.96317517535e-011, 1.26109418047e-011, 3.28661902381e-012, 1.75286319476e-014, 2.72144262007e-018]
        max: [4.57828991784e-006, 0.000971505884081, 0.00239985878579, 0.00314161623828, 0.00460179010406, 0.00499013438821, 0.00648207170889, 0.003378842026, 0.00475502992049, 0.00377935939468, 0.00493259960786, 0.00254512438551, 0.00261792587116, 0.00167470774613, 0.00412861257792, 0.00491050025448, 0.00553625356406, 0.00335558364168, 0.00925425440073, 0.00591091159731, 0.0023856384214, 0.00115012330934, 0.000147722646943, 7.32316329959e-005, 4.34036883235e-005, 5.25639370608e-006, 1.72823320099e-008]
        mean: [2.2335750316e-007, 5.36303123226e-005, 7.02133766026e-005, 9.82656129054e-005, 0.000289203249849, 0.000216633809032, 0.000159373143106, 0.000158152499353, 0.000319673999911, 0.000294289871817, 0.000340172002325, 0.000168482016306, 0.000124953134218, 0.000128504601889, 0.00015641169739, 0.000342997576809, 0.00052530085668, 0.000353593524778, 0.000844467198476, 0.00064692471642, 0.000300523621263, 4.29143183283e-005, 4.81760571347e-006, 1.67209270785e-006, 7.31623742922e-007, 5.39690425683e-008, 7.47830297687e-010]
        median: [9.66484918763e-008, 3.64220468327e-005, 4.71116909466e-005, 4.48874598078e-005, 0.000161919539096, 0.000120796641568, 7.11959801265e-005, 7.26657526684e-005, 0.000111586108687, 0.000105433784483, 7.11650718586e-005, 5.03135743202e-005, 5.32036137884e-005, 7.73806023062e-005, 0.000110652050353, 0.000270796648692, 0.000403591402574, 0.00029837116017, 0.000633276184089, 0.000547224481124, 0.00024425284937, 3.72544018319e-005, 2.95629820357e-006, 8.91565775873e-007, 2.94917327892e-007, 1.59897268759e-008, 2.72631917042e-010]
        min: [1.09288008837e-023, 5.15187639151e-023, 5.36137512874e-023, 4.14590897449e-023, 2.42199640772e-023, 3.59812837952e-023, 5.29491075758e-023, 3.81012528147e-023, 6.99478547038e-023, 1.79729477475e-023, 1.03588897427e-022, 7.88760562114e-023, 3.14066194524e-023, 1.00411315213e-022, 9.09408002325e-023, 1.43431308254e-022, 1.98545649688e-022, 1.7460980491e-022, 1.87742874856e-022, 2.69915309422e-022, 5.58203883525e-022, 5.90436008049e-022, 4.81379231698e-022, 8.2928360213e-022, 9.70964131424e-022, 1.57570414406e-021, 2.35099007839e-021]
        var: [1.56165783972e-013, 3.60828056323e-009, 8.86511664078e-009, 2.65304223035e-008, 1.37572868653e-007, 9.12169753065e-008, 1.31486132204e-007, 6.89422563482e-008, 2.59447006101e-007, 1.76482032543e-007, 2.49150815534e-007, 5.87305351019e-008, 2.97256139703e-008, 2.1800401484e-008, 3.420728234e-008, 1.18754023504e-007, 2.5939078796e-007, 8.09313220884e-008, 5.36818788532e-007, 2.57596042275e-007, 6.5855324749e-008, 1.40158717965e-009, 8.0302639538e-011, 1.53385377316e-011, 4.45903080085e-012, 2.89155567437e-014, 1.99530935717e-018]
    frequency_bands:
        dmean: [1.72068254756e-007, 3.15858742397e-005, 4.38219503849e-005, 7.25133286323e-005, 0.000183685595402, 0.000132039567688, 0.000103158781712, 0.000103608253994, 0.000152127613546, 0.000157216491061, 0.000182324598427, 9.06888089958e-005, 7.10458916728e-005, 6.81781821186e-005, 8.49133575684e-005, 0.000149748229887, 0.000229314304306, 0.000152930268086, 0.000321913394146, 0.000232095640968, 0.000102259458799, 1.4891090359e-005, 2.04939351534e-006, 7.46818727748e-007, 3.44502922189e-007, 2.74323372906e-008, 5.01806984854e-010, 6.44854863951e-011]
        dmean2: [2.6334055292e-007, 5.48430398339e-005, 7.43335549487e-005, 0.000123673176859, 0.000303744367557, 0.000213774925214, 0.000163131524459, 0.000168480110005, 0.000244180992013, 0.000259880413068, 0.000309040973661, 0.000153618282638, 0.000120103955851, 0.000113196620077, 0.000138223578688, 0.000242016656557, 0.00037449109368, 0.000252149155131, 0.000535977305844, 0.000382178957807, 0.000168630242115, 2.3982132916e-005, 3.13318196277e-006, 1.09673680981e-006, 5.03410547026e-007, 4.01340898293e-008, 8.30204571756e-010, 1.19524792841e-010]
        dvar: [1.21866994035e-013, 3.03113156797e-009, 4.93011365066e-009, 1.68966423075e-008, 8.65933529326e-008, 5.74614382742e-008, 9.42579205798e-008, 4.56212170263e-008, 8.02819926093e-008, 6.69434427891e-008, 1.02540681723e-007, 2.58991388336e-008, 1.59502206998e-008, 9.98372673422e-009, 2.35445511976e-008, 4.37092460004e-008, 9.76935226049e-008, 3.63900021227e-008, 1.8152427117e-007, 8.43918783744e-008, 1.83230799422e-008, 5.12203834901e-010, 3.34492676612e-011, 6.44264936539e-012, 1.78290899839e-012, 9.95573134159e-015, 1.18733804979e-018, 7.9946917346e-021]
        dvar2: [2.67149963176e-013, 8.50802273078e-009, 1.30843238466e-008, 4.54693349639e-008, 2.2444139347e-007, 1.43353517501e-007, 2.1024092689e-007, 1.15454376726e-007, 2.10222751207e-007, 1.79211241402e-007, 2.96009687872e-007, 7.1953429881e-008, 4.4843702085e-008, 2.56634606899e-008, 5.94911249152e-008, 1.08491384765e-007, 2.50168255889e-007, 9.36282162911e-008, 4.87885927214e-007, 2.15709249574e-007, 4.71278021053e-008, 1.15918141752e-009, 6.96317517535e-011, 1.26109418047e-011, 3.28661902381e-012, 1.75286319476e-014, 2.72144262007e-018, 2.54881908644e-020]
        max: [4.57828991784e-006, 0.000971505884081, 0.00239985878579, 0.00314161623828, 0.00460179010406, 0.00499013438821, 0.00648207170889, 0.003378842026, 0.00475502992049, 0.00377935939468, 0.00493259960786, 0.00254512438551, 0.00261792587116, 0.00167470774613, 0.00412861257792, 0.00491050025448, 0.00553625356406, 0.00335558364168, 0.00925425440073, 0.00591091159731, 0.0023856384214, 0.00115012330934, 0.000147722646943, 7.32316329959e-005, 4.34036883235e-005, 5.25639370608e-006, 1.72823320099e-008, 9.42631195322e-010]
        mean: [2.2335750316e-007, 5.36303123226e-005, 7.02133766026e-005, 9.82656129054e-005, 0.000289203249849, 0.000216633809032, 0.000159373143106, 0.000158152499353, 0.000319673999911, 0.000294289871817, 0.000340172002325, 0.000168482016306, 0.000124953134218, 0.000128504601889, 0.00015641169739, 0.000342997576809, 0.00052530085668, 0.000353593524778, 0.000844467198476, 0.00064692471642, 0.000300523621263, 4.29143183283e-005, 4.81760571347e-006, 1.67209270785e-006, 7.31623742922e-007, 5.39690425683e-008, 7.47830297687e-010, 5.01492354588e-011]
        median: [9.66484918763e-008, 3.64220468327e-005, 4.71116909466e-005, 4.48874598078e-005, 0.000161919539096, 0.000120796641568, 7.11959801265e-005, 7.26657526684e-005, 0.000111586108687, 0.000105433784483, 7.11650718586e-005, 5.03135743202e-005, 5.32036137884e-005, 7.73806023062e-005, 0.000110652050353, 0.000270796648692, 0.000403591402574, 0.00029837116017, 0.000633276184089, 0.000547224481124, 0.00024425284937, 3.72544018319e-005, 2.95629820357e-006, 8.91565775873e-007, 2.94917327892e-007, 1.59897268759e-008, 2.72631917042e-010, 1.82230949081e-011]
        min: [1.09288008837e-023, 5.15187639151e-023, 5.36137512874e-023, 4.14590897449e-023, 2.42199640772e-023, 3.59812837952e-023, 5.29491075758e-023, 3.81012528147e-023, 6.99478547038e-023, 1.79729477475e-023, 1.03588897427e-022, 7.88760562114e-023, 3.14066194524e-023, 1.00411315213e-022, 9.09408002325e-023, 1.43431308254e-022, 1.98545649688e-022, 1.7460980491e-022, 1.87742874856e-022, 2.69915309422e-022, 5.58203883525e-022, 5.90436008049e-022, 4.81379231698e-022, 8.2928360213e-022, 9.70964131424e-022, 1.57570414406e-021, 2.35099007839e-021, 9.76686036181e-022]
        var: [1.56165783972e-013, 3.60828056323e-009, 8.86511664078e-009, 2.65304223035e-008, 1.37572868653e-007, 9.12169753065e-008, 1.31486132204e-007, 6.89422563482e-008, 2.59447006101e-007, 1.76482032543e-007, 2.49150815534e-007, 5.87305351019e-008, 2.97256139703e-008, 2.1800401484e-008, 3.420728234e-008, 1.18754023504e-007, 2.5939078796e-007, 8.09313220884e-008, 5.36818788532e-007, 2.57596042275e-007, 6.5855324749e-008, 1.40158717965e-009, 8.0302639538e-011, 1.53385377316e-011, 4.45903080085e-012, 2.89155567437e-014, 1.99530935717e-018, 6.37400499992e-021]
    mfcc:
        mean: [-705.196655273, 102.31262207, -71.0695571899, 61.4713401794, -26.1318721771, -7.12944746017, 0.641843795776, -4.79569530487, 1.8368216753, -5.92497062683, -8.6959695816, -5.66358089447, -2.55451989174]
        cov: [[5541.67919922, 820.900085449, -1003.074646, 234.731872559, -460.825500488, 261.479370117, 156.724655151, 247.056060791, 329.899597168, 174.319198608, 79.124671936, 206.989624023, 120.129463196], [820.900085449, 573.940368652, -220.463500977, 60.3110427856, -103.027160645, 18.3140144348, 63.2342529297, 50.1088600159, 38.8219680786, 16.8147468567, 43.6263961792, 9.16908836365, 15.284081459], [-1003.074646, -220.463500977, 620.90838623, -29.1642551422, 222.415115356, -57.599697113, -32.0950737, -28.6589355469, -84.1191558838, 21.6958446503, 16.0428714752, -16.2751541138, 4.61365365982], [234.731872559, 60.3110427856, -29.1642551422, 386.046661377, 76.9377975464, -50.8453178406, -82.2244873047, -83.276512146, 25.2152996063, -10.7544984818, -0.5634111166, -10.9471902847, 2.52547121048], [-460.825500488, -103.027160645, 222.415115356, 76.9377975464, 219.768936157, -19.6479282379, -21.5517578125, -23.1204776764, -19.2806606293, 13.5693750381, -9.52206897736, -3.18741178513, 12.2839174271], [261.479370117, 18.3140144348, -57.599697113, -50.8453178406, -19.6479282379, 171.272033691, 103.712036133, 67.1618118286, 18.9992427826, 1.75224602222, 10.0822105408, 32.519317627, 21.2978630066], [156.724655151, 63.2342529297, -32.0950737, -82.2244873047, -21.5517578125, 103.712036133, 161.610946655, 95.9226837158, 8.68922042847, 3.8562130928, 9.81045150757, 15.2907114029, 19.7969322205], [247.056060791, 50.1088600159, -28.6589355469, -83.276512146, -23.1204776764, 67.1618118286, 95.9226837158, 148.381866455, 69.6106338501, 50.8514480591, 22.2351646423, 26.2772731781, 21.5095481873], [329.899597168, 38.8219680786, -84.1191558838, 25.2152996063, -19.2806606293, 18.9992427826, 8.68922042847, 69.6106338501, 146.965484619, 77.6244506836, 24.5930080414, 28.90558815, 9.82556247711], [174.319198608, 16.8147468567, 21.6958446503, -10.7544984818, 13.5693750381, 1.75224602222, 3.8562130928, 50.8514480591, 77.6244506836, 121.622329712, 57.9161758423, 27.2228946686, 9.90855026245], [79.124671936, 43.6263961792, 16.0428714752, -0.5634111166, -9.52206897736, 10.0822105408, 9.81045150757, 22.2351646423, 24.5930080414, 57.9161758423, 93.1632232666, 34.0980606079, 13.0381803513], [206.989624023, 9.16908836365, -16.2751541138, -10.9471902847, -3.18741178513, 32.519317627, 15.2907114029, 26.2772731781, 28.90558815, 27.2228946686, 34.0980606079, 93.0241622925, 48.3534469604], [120.129463196, 15.284081459, 4.61365365982, 2.52547121048, 12.2839174271, 21.2978630066, 19.7969322205, 21.5095481873, 9.82556247711, 9.90855026245, 13.0381803513, 48.3534469604, 74.2159881592]]
        icov: [[0.000415344053181, -0.000322841631714, 0.000277663057204, -0.000446562888101, 0.00062324263854, -0.000447602011263, 0.000177000940312, -0.000344819913153, 0.000125410209876, -0.000795269035734, 0.000628523470368, -0.000605700188316, -0.00015607693058], [-0.000322841631714, 0.00267388042994, 0.000478284520796, -0.000383227743441, 0.000119292744785, 0.00111091148574, -0.00132342288271, -0.000297961843899, 0.000273331766948, 0.000547034200281, -0.00167859112844, 0.000991091597825, -0.000404001708375], [0.000277663057204, 0.000478284520796, 0.00361798051745, 0.000337742210831, -0.00276163453236, 0.000591129006352, 0.000289863615762, -0.00101262994576, 0.00208844570443, -0.00122564390767, -0.00103551661596, 0.000218048269744, -0.000353723589797], [-0.000446562888101, -0.000383227743441, 0.000337742210831, 0.00469578523189, -0.00308032683097, 0.000440884119598, 0.000751975632738, 0.00291466293857, -0.0026278772857, 0.00242856307887, -0.00191764195915, 0.00163185351994, -0.000743671262171], [0.00062324263854, 0.000119292744785, -0.00276163453236, -0.00308032683097, 0.0101280687377, -0.00115679716691, -0.000448923528893, -0.000202520765015, 0.000700839562342, -0.00358042027801, 0.00380071508698, -0.00117734505329, -0.001438224921], [-0.000447602011263, 0.00111091148574, 0.000591129006352, 0.000440884119598, -0.00115679716691, 0.011153162457, -0.00676448782906, -3.46440101566e-005, -0.000753881176934, 0.00212602945976, -0.00132253067568, -0.00198551476933, 0.000591170333792], [0.000177000940312, -0.00132342288271, 0.000289863615762, 0.000751975632738, -0.000448923528893, -0.00676448782906, 0.0164135321975, -0.0089592449367, 0.00331252696924, 0.00119093165267, -0.000475446344353, 0.00155742350034, -0.0013524366077], [-0.000344819913153, -0.000297961843899, -0.00101262994576, 0.00291466293857, -0.000202520765015, -3.46440101566e-005, -0.0089592449367, 0.0190117917955, -0.00788484979421, -0.00173989695031, 8.33070153021e-005, 0.000966143154074, -0.00186139601283], [0.000125410209876, 0.000273331766948, 0.00208844570443, -0.0026278772857, 0.000700839562342, -0.000753881176934, 0.00331252696924, -0.00788484979421, 0.0166880376637, -0.009451800026, 0.00331767764874, -0.00263795349747, 0.00139065447729], [-0.000795269035734, 0.000547034200281, -0.00122564390767, 0.00242856307887, -0.00358042027801, 0.00212602945976, 0.00119093165267, -0.00173989695031, -0.009451800026, 0.0218355190009, -0.0114234397188, 0.00162958481815, 0.000618475780357], [0.000628523470368, -0.00167859112844, -0.00103551661596, -0.00191764195915, 0.00380071508698, -0.00132253067568, -0.000475446344353, 8.33070153021e-005, 0.00331767764874, -0.0114234397188, 0.0202339868993, -0.00673796329647, 0.00123225385323], [-0.000605700188316, 0.000991091597825, 0.000218048269744, 0.00163185351994, -0.00117734505329, -0.00198551476933, 0.00155742350034, 0.000966143154074, -0.00263795349747, 0.00162958481815, -0.00673796329647, 0.0212904792279, -0.0117794200778], [-0.00015607693058, -0.000404001708375, -0.000353723589797, -0.000743671262171, -0.001438224921, 0.000591170333792, -0.0013524366077, -0.00186139601283, 0.00139065447729, 0.000618475780357, 0.00123225385323, -0.0117794200778, 0.0220173541456]]
    sccoeffs:
        dmean: [0.0498960763216, 0.0466738939285, 0.0392022430897, 0.0303253959864, 0.0210497323424, 0.0167542845011]
        dmean2: [0.0826986432076, 0.0762302950025, 0.064437136054, 0.0494267530739, 0.0341268703341, 0.0262530036271]
        dvar: [0.00165603496134, 0.0014537347015, 0.00100116536487, 0.00058774871286, 0.000302807166008, 0.000212168029975]
        dvar2: [0.00451286230236, 0.00380565645173, 0.00269503309391, 0.00150762475096, 0.000731576816179, 0.000463368807686]
        max: [-0.233848527074, -0.345822781324, -0.433578491211, -0.498673468828, -0.496317088604, -0.564969301224]
        mean: [-0.677768945694, -0.730497121811, -0.749324798584, -0.773245692253, -0.775546789169, -0.701627850533]
        median: [-0.694517970085, -0.743481457233, -0.757240712643, -0.780939340591, -0.782118082047, -0.69882029295]
        min: [-0.963326871395, -0.959452331066, -0.95920342207, -0.959971606731, -0.963208019733, -0.956977009773]
        var: [0.00881039258093, 0.0068928883411, 0.00463617220521, 0.00281480047852, 0.00205592275597, 0.00295031233691]
    scvalleys:
        dmean: [0.365738928318, 0.339032709599, 0.277597814798, 0.235341802239, 0.17597450316, 0.191018894315]
        dmean2: [0.611627340317, 0.554666996002, 0.450331360102, 0.379076838493, 0.281032919884, 0.271553009748]
        dvar: [0.103593237698, 0.0923618301749, 0.0658215433359, 0.0535368993878, 0.0445123203099, 0.0612891018391]
        dvar2: [0.261757940054, 0.210110351443, 0.139768436551, 0.104024171829, 0.0764328464866, 0.0999986082315]
        max: [-5.60449504852, -5.00272703171, -5.00759315491, -5.80799341202, -5.53497171402, -7.87312984467]
        mean: [-7.23022031784, -6.85475683212, -6.96468448639, -7.21334981918, -6.76142597198, -10.1244029999]
        median: [-6.8880200386, -6.59807729721, -6.86905956268, -6.89150094986, -6.4210858345, -9.96117019653]
        min: [-27.2109222412, -27.247844696, -27.3225631714, -27.0987529755, -27.2326717377, -27.3021602631]
        var: [1.89255452156, 1.43551898003, 1.94783854485, 1.50192642212, 1.19528901577, 0.975472152233]

rhythm:
    beats_loudness:
        dmean: 0.00132106267847
        dmean2: 0.00225843070075
        dvar: 1.13761063858e-006
        dvar2: 3.10903828904e-006
        max: 0.011921283789
        mean: 0.00589548004791
        median: 0.00619281502441
        min: 7.89564136294e-010
        var: 5.75609828957e-006
    bpm: 129.655670166
    bpm_confidence: 0
    first_peak_bpm: 129
    first_peak_spread: 0.295774638653
    first_peak_weight: 0.434782594442
    onset_rate: 1.40582108498
    second_peak_bpm: 98
    second_peak_spread: 0.269230753183
    second_peak_weight: 0.165217384696
    beats_loudness_band_ratio:
        dmean: [0.0671170353889, 0.0877930298448, 0.0991621688008, 0.0775068700314, 0.101346887648, 0.0989246815443]
        dmean2: [0.120231628418, 0.156772658229, 0.172839790583, 0.133351132274, 0.17520301044, 0.167730525136]
        dvar: [0.00665599992499, 0.0101686092094, 0.0113366534933, 0.00645232573152, 0.00941367633641, 0.00930190738291]
        dvar2: [0.0188434235752, 0.0277738627046, 0.0327662788332, 0.0174202546477, 0.0268277097493, 0.0251411516219]
        max: [0.785464823246, 0.777980148792, 0.71889090538, 0.51097548008, 0.724088668823, 0.850666224957]
        mean: [0.0852106064558, 0.123043574393, 0.144918099046, 0.142610028386, 0.25673365593, 0.297461956739]
        median: [0.0511426106095, 0.0695389360189, 0.113547831774, 0.088833026588, 0.252339750528, 0.272415667772]
        min: [4.1711537051e-006, 0.00355311483145, 0.00386737589724, 0.00217107823119, 0.00773313967511, 0.0172022283077]
        var: [0.00871880818158, 0.0196974407881, 0.0149940988049, 0.015961766243, 0.011605178006, 0.0172041784972]
    beats_position: [0.46439909935, 0.952018141747, 1.43963718414, 1.92725622654, 2.41487526894, 2.90249419212, 3.41333317757, 3.92417216301, 4.43501138687, 4.91102027893, 5.38702917099, 5.86303853989, 6.32743740082, 6.80344676971, 7.26784563065, 7.73224496841, 8.20825386047, 8.67265319824, 9.13705158234, 9.6014509201, 10.077460289, 10.5418596268, 11.0062580109, 11.4706573486, 11.9350566864, 12.387845993, 12.8522443771, 13.3050336838, 13.7578229904, 14.2106122971, 14.6750106812, 15.1394100189, 15.6038093567, 16.0798187256, 16.5442180634, 16.99700737, 17.4614048004, 17.9258041382, 18.3785934448, 18.8313827515, 19.2957820892, 19.760181427, 20.2245807648, 20.6889801025, 21.153377533, 21.6177768707, 22.0937862396, 22.523355484, 22.9645347595, 23.405714035, 23.8933334351, 24.3577327728, 24.8221302032, 25.286529541, 25.7509288788, 26.2269382477, 26.6797275543, 27.1441268921, 27.6085262299, 28.0729255676, 28.537322998, 29.0017223358, 29.4661216736, 29.9189109802, 30.383310318, 30.8360996246, 31.3004989624, 31.7648983002, 32.2292976379, 32.6936950684, 33.1580963135, 33.6224937439, 34.0868911743, 34.5512924194, 35.0156898499, 35.4684791565, 35.9328804016, 36.397277832, 36.8616790771, 37.3144645691, 37.7788658142, 38.2432632446, 38.7076644897, 39.1720619202, 39.6248512268, 40.0776405334, 40.5420417786, 41.006439209, 41.4592285156, 41.923625946, 42.3764152527, 42.8408164978, 43.3052139282, 43.7696151733, 44.2340126038, 44.6984100342, 45.1628112793, 45.6156005859, 46.0799980164, 46.5443992615, 47.0087966919, 47.473197937, 47.9259872437, 48.3903846741, 48.8547821045, 49.3191833496, 49.78358078, 50.2479820251, 50.7007713318, 51.1535606384, 51.6179580688, 52.0823554993, 52.5467567444, 53.0111541748, 53.4755554199, 53.9399528503, 54.392742157, 54.8455314636, 55.3099327087, 55.7743301392, 56.2387275696, 56.7031288147, 57.1675262451, 57.6319274902, 58.0963249207, 58.5607261658, 59.0251235962, 59.5011329651, 59.977142334, 60.4415397644, 60.9059410095, 61.3703384399, 61.8347396851, 62.2991371155, 62.7635345459, 63.227935791, 63.6923332214, 64.1102905273, 64.5282516479, 64.957824707, 65.3757781982, 65.7821273804, 66.1884765625, 66.6064376831, 67.0011749268, 67.3843078613, 67.7674331665, 68.1505661011, 68.4756469727, 68.8007278442, 69.1258010864, 69.450881958, 69.7759628296, 70.0894317627, 70.4029006958, 70.7279815674, 71.0414505005, 71.3897476196, 71.7380523682, 72.0979614258, 72.4462585449, 72.8061676025, 73.2821731567, 73.7581863403, 74.2225799561, 74.6985931396, 75.1629943848, 75.6157836914, 76.0801773071, 76.5329666138, 76.9973678589, 77.461769104, 77.9261627197, 78.3905639648, 78.85496521, 79.3193664551, 79.7721557617, 80.2249450684, 80.6893386841, 81.1537399292, 81.6181411743, 82.08253479, 82.5469360352, 83.0113372803, 83.4757385254, 83.928527832, 84.3813171387, 84.8457107544, 85.3101119995, 85.7745132446, 86.2389068604, 86.7033081055, 87.1560974121, 87.6088867188, 88.0732879639, 88.537689209, 89.0020828247, 89.4664840698, 89.9308853149, 90.3952789307, 90.8480682373, 91.3008575439, 91.7652587891, 92.2296600342, 92.6940536499, 93.158454895, 93.6228561401, 94.0872573853, 94.551651001, 95.0160522461, 95.4688415527, 95.9216308594, 96.3860321045, 96.8504257202, 97.3148269653, 97.7792282104, 98.2436294556, 98.7080230713, 99.1724243164, 99.6368255615, 100.101219177, 100.554008484, 101.006797791, 101.471199036, 101.935600281, 102.388389587, 102.841178894, 103.305580139, 103.769973755, 104.234375, 104.698776245, 105.163169861, 105.627571106, 106.080360413, 106.533149719, 106.997550964, 107.46194458, 107.926345825, 108.379135132, 108.831924438, 109.296325684, 109.760726929, 110.225120544, 110.68952179, 111.153923035, 111.664756775, 112.163986206, 112.663215637, 113.278549194, 113.882263184, 114.485984802, 115.10131073, 115.705032349, 116.297142029, 116.889251709, 117.492965698, 118.119903564, 118.723625183, 119.327346802, 119.931060791, 120.53478241, 121.150108337, 121.765441895, 122.392379761, 123.019317627, 123.634643555, 124.249977112, 124.876914978, 125.503852844, 126.13079071, 126.746116638, 127.361450195, 127.976776123, 128.592102051, 129.195831299, 129.799545288, 130.403259277, 131.006988525, 131.622314453, 132.237640381, 132.84135437, 133.468292236, 134.095230103, 134.722167969, 135.349105835, 135.964447021, 136.568161011, 137.183486938, 137.787200928, 138.414154053, 139.02947998, 139.644805908, 140.248519897, 140.852249146, 141.339859009, 141.827484131, 142.315093994, 142.802719116, 143.290344238, 143.777954102, 144.277191162, 144.764801025, 145.252426147, 145.751647949, 146.216049194, 146.680450439, 147.144851685, 147.60925293, 148.073654175, 148.538040161, 149.002441406, 149.466842651, 149.931243896, 150.384033203, 150.83682251, 151.301223755, 151.765625, 152.230026245, 152.694412231, 153.158813477, 153.611602783, 154.076004028, 154.540405273, 154.99319458, 155.457595825, 155.92199707, 156.374786377, 156.827575684, 157.291976929, 157.686706543, 158.081451416, 158.464584351, 158.859313965, 159.242446899, 159.637191772, 160.031921387, 160.496322632, 160.949111938, 161.390289307, 161.831466675, 162.284255981, 162.748657227, 163.213058472, 163.770339966, 164.32762146, 164.884887695, 165.500228882, 166.11555481, 166.730880737, 167.346206665, 167.973144531, 168.600082397, 169.203811646, 169.807525635, 170.411239624, 171.014968872, 171.6302948, 172.245620728, 172.872558594, 173.511108398, 174.126434326, 174.741760254, 175.35710144, 175.972427368, 176.587753296, 177.203079224, 177.818405151, 178.422134399, 179.037460327, 179.652786255, 180.256500244, 180.871826172, 181.487167358, 182.090881348, 182.717819214, 183.333145142, 183.948471069, 184.552200317, 185.167526245, 185.782852173, 186.386566162, 187.001907349, 187.628845215, 188.244171143, 188.85949707, 189.474822998, 190.078552246, 190.705490112, 191.332427979, 191.947753906, 192.563079834, 193.166793823, 193.770523071, 194.397460938, 195.012786865, 195.628112793, 196.243438721, 196.870376587, 197.485717773, 198.11265564, 198.739593506, 199.203994751, 199.656768799, 200.097961426, 200.550750732, 201.015136719, 201.479537964, 201.943939209, 202.44317627, 202.930786133, 203.406799316, 203.894424438, 204.370422363, 204.846435547, 205.310836792, 205.775238037, 206.239639282, 206.704025269, 207.168426514, 207.632827759, 208.097229004, 208.561630249, 209.014419556, 209.478820801, 209.931610107, 210.384399414, 210.837188721, 211.301589966, 211.765975952, 212.230377197, 212.694778442, 213.159179688, 213.611968994, 214.076370239, 214.540771484, 215.005172729, 215.457962036, 215.922348022, 216.375137329, 216.827926636, 217.303939819, 217.779953003, 218.255966187, 218.731964111, 219.196365356, 219.660766602, 220.113555908, 220.589569092, 221.053970337, 221.518356323, 221.994369507, 222.458770752, 223.004440308, 223.550109863, 224.095779419, 224.676269531, 225.256774902, 225.837280273, 226.429382324, 227.021499634, 227.613601685]
