
metadata:
    version:
        essentia: "2.1-beta2"
    audio_properties:
        analysis_sample_rate: 44100
        bitrate: 320
        channels: 2
        equal_loudness: 1
        length: 245.786117554
        replay_gain: -14.6555747986
        downmix: "mix"
    tags:
        album: "Born From Ashes"
        artist: "Born From Ashes"
        comment: ""
        date: "2013"
        genre: "Alternative Metal / Alternative Rock"
        title: "Reflection"
        tracknumber: "4/10"

configuration:
    average_loudness:
        compute: 1
        frameSize: 88200
        hopSize: 44100
        silentFrames: "noise"
        windowType: "hann"
    general:
        analysisSampleRate: 44100
        endTime: 2000
        equalLoudness: 1
        nequalLoudness: 0
        shortSound: 0
        startTime: 0
    lowlevel:
        compute: 1
        frameSize: 2048
        hopSize: 1024
        zeroPadding: 0
        silentFrames: "noise"
        windowType: "blackmanharris62"
        mfccStats: ["mean", "cov", "icov"]
        stats: ["mean", "var", "median", "min", "max", "dmean", "dmean2", "dvar", "dvar2"]
    panning:
        compute: 0
        frameSize: 8192
        hopSize: 2048
        zeroPadding: 8192
        silentFrames: "noise"
        windowType: "hann"
        stats: ["copy"]
    rhythm:
        compute: 1
        maxTempo: 208
        minTempo: 40
        method: "degara"
        stats: ["mean", "var", "median", "min", "max", "dmean", "dmean2", "dvar", "dvar2"]
    segmentation:
        compute: 0
        cpw: 5
        inc1: 300
        inc2: 50
        minimumSegmentsLength: 10
        size1: 1000
        size2: 600
    sfx:
        compute: 1
        stats: ["mean", "var", "median", "min", "max", "dmean", "dmean2", "dvar", "dvar2"]
    svm:
        compute: 0
    tonal:
        compute: 1
        frameSize: 4096
        hopSize: 2048
        zeroPadding: 0
        silentFrames: "noise"
        windowType: "blackmanharris62"
        stats: ["mean", "var", "median", "min", "max", "dmean", "dmean2", "dvar", "dvar2"]

lowlevel:
    average_loudness: 0.960016906261
    barkbands_kurtosis:
        dmean: 0.797255456448
        dmean2: 1.30586802959
        dvar: 0.745864808559
        dvar2: 1.86786484718
        max: 24.331193924
        mean: -0.0942713469267
        median: -0.439530342817
        min: -1.84747123718
        var: 2.33658957481
    barkbands_skewness:
        dmean: 0.35459575057
        dmean2: 0.560891985893
        dvar: 0.100728668272
        dvar2: 0.246617600322
        max: 3.28900527954
        mean: -0.841368675232
        median: -0.891149699688
        min: -3.99761414528
        var: 0.363202899694
    barkbands_spread:
        dmean: 5.94409990311
        dmean2: 9.77397918701
        dvar: 31.5214347839
        dvar2: 84.097946167
        max: 70.5780258179
        mean: 30.4733104706
        median: 29.0796833038
        min: 1.95869266987
        var: 91.8392333984
    dissonance:
        dmean: 0.00761757418513
        dmean2: 0.0130247520283
        dvar: 6.97594223311e-005
        dvar2: 0.000173197040567
        max: 0.500000119209
        mean: 0.487969011068
        median: 0.490548461676
        min: 0.131263688207
        var: 0.00010281271534
    hfc:
        dmean: 2.54663681984
        dmean2: 4.02823019028
        dvar: 5.00445699692
        dvar2: 12.7753686905
        max: 41.3366966248
        mean: 14.6595430374
        median: 14.6264877319
        min: 1.12664064073e-016
        var: 32.3819351196
    pitch:
        dmean: 1108.68103027
        dmean2: 2092.60961914
        dvar: 1926051.75
        dvar2: 4672232.5
        max: 4377.2734375
        mean: 1522.19348145
        median: 459.237884521
        min: 77.1435394287
        var: 2482544.75
    pitch_instantaneous_confidence:
        dmean: 0.0693664550781
        dmean2: 0.114874325693
        dvar: 0.00315562821925
        dvar2: 0.00826876144856
        max: 0.906043469906
        mean: 0.323305428028
        median: 0.309575796127
        min: 0.130276739597
        var: 0.00854166597128
    pitch_salience:
        dmean: 0.0497088320553
        dmean2: 0.0819150656462
        dvar: 0.00190936063882
        dvar2: 0.0049662576057
        max: 0.948906600475
        mean: 0.689284443855
        median: 0.698758125305
        min: 0.259848922491
        var: 0.00491453008726
    silence_rate_20dB:
        dmean: 0
        dmean2: 0
        dvar: 0
        dvar2: 0
        max: 1
        mean: 1
        median: 1
        min: 1
        var: 0
    silence_rate_30dB:
        dmean: 0
        dmean2: 0
        dvar: 0
        dvar2: 0
        max: 1
        mean: 1
        median: 1
        min: 1
        var: 0
    silence_rate_60dB:
        dmean: 0.0226714536548
        dmean2: 0.0453471876681
        dvar: 0.022159891203
        dvar2: 0.0493314750493
        max: 1
        mean: 0.0545008033514
        median: 0
        min: 0
        var: 0.0515260957181
    spectral_centroid:
        dmean: 250.568557739
        dmean2: 395.462585449
        dvar: 59651.4570313
        dvar2: 137045.296875
        max: 11285.4228516
        mean: 2400.54150391
        median: 2458.0480957
        min: 349.831878662
        var: 201072.765625
    spectral_complexity:
        dmean: 4.02947282791
        dmean2: 6.35389709473
        dvar: 10.6833143234
        dvar2: 25.0408039093
        max: 47
        mean: 26.2528572083
        median: 28
        min: 0
        var: 67.6202545166
    spectral_crest:
        dmean: 1.43018972874
        dmean2: 2.42777252197
        dvar: 1.85159277916
        dvar2: 4.9828414917
        max: 17.9890460968
        mean: 5.71336698532
        median: 5.33347463608
        min: 2.62398099899
        var: 3.13961744308
    spectral_decrease:
        dmean: 2.19370549503e-010
        dmean2: 3.52157886185e-010
        dvar: 4.65728405015e-020
        dvar2: 1.16797450128e-019
        max: -1.62263570045e-029
        mean: -1.26641230835e-009
        median: -1.24025822945e-009
        min: -3.43708039807e-009
        var: 1.85937470875e-019
    spectral_energy:
        dmean: 0.00100114988163
        dmean2: 0.0016004270874
        dvar: 8.58498538037e-007
        dvar2: 2.14248370867e-006
        max: 0.0166199430823
        mean: 0.0061093843542
        median: 0.00602443423122
        min: 1.0280195806e-020
        var: 4.26179212809e-006
    spectral_energyband_high:
        dmean: 0.000271838449407
        dmean2: 0.000447262224043
        dvar: 6.13997386267e-008
        dvar2: 1.65994379131e-007
        max: 0.00460841227323
        mean: 0.00100127165206
        median: 0.000973605725449
        min: 7.36456186138e-021
        var: 2.14653795183e-007
    spectral_energyband_low:
        dmean: 0.000219739231397
        dmean2: 0.000375203351723
        dvar: 8.84190924921e-008
        dvar2: 2.41261375322e-007
        max: 0.00297008291818
        mean: 0.000331159273628
        median: 0.000215773528907
        min: 1.56825686797e-022
        var: 1.14392399553e-007
    spectral_energyband_middle_high:
        dmean: 0.000735491630621
        dmean2: 0.00117180030793
        dvar: 4.78435993045e-007
        dvar2: 1.22758308407e-006
        max: 0.0144894588739
        mean: 0.00378339923918
        median: 0.00365239498205
        min: 1.49110705399e-021
        var: 2.73981231658e-006
    spectral_energyband_middle_low:
        dmean: 0.000502065755427
        dmean2: 0.000813700607978
        dvar: 6.01569297487e-007
        dvar2: 1.53574944761e-006
        max: 0.00794474966824
        mean: 0.00113726290874
        median: 0.000885598536115
        min: 3.43569346255e-022
        var: 8.40009306557e-007
    spectral_flatness_db:
        dmean: 0.0104567781091
        dmean2: 0.0167724974453
        dvar: 7.90161720943e-005
        dvar2: 0.000192881503608
        max: 0.31283518672
        mean: 0.13812713325
        median: 0.137779340148
        min: 0.0502009615302
        var: 0.000436626403825
    spectral_flux:
        dmean: 0.00583330728114
        dmean2: 0.00893150642514
        dvar: 2.77965700661e-005
        dvar2: 6.02477048233e-005
        max: 0.0995550081134
        mean: 0.0481695756316
        median: 0.0483918190002
        min: 1.01391298135e-010
        var: 0.000135907350341
    spectral_kurtosis:
        dmean: 0.772852540016
        dmean2: 1.32455170155
        dvar: 0.494222730398
        dvar2: 1.49515604973
        max: 9.70047092438
        mean: 3.35986423492
        median: 3.30822634697
        min: -1.17930245399
        var: 1.09492635727
    spectral_rms:
        dmean: 0.000197850284167
        dmean2: 0.000313298631227
        dvar: 3.01037665906e-008
        dvar2: 7.28740303657e-008
        max: 0.00402673287317
        mean: 0.00238985521719
        median: 0.00242435489781
        min: 3.16693221127e-012
        var: 2.48985543294e-007
    spectral_rolloff:
        dmean: 220.827133179
        dmean2: 363.476013184
        dvar: 63622.2070313
        dvar2: 135042.328125
        max: 18432.421875
        mean: 4022.28173828
        median: 4069.77539063
        min: 215.33203125
        var: 139399.53125
    spectral_skewness:
        dmean: 0.121757723391
        dmean2: 0.200423106551
        dvar: 0.0107741728425
        dvar2: 0.0283885039389
        max: 2.02191019058
        mean: 1.10562467575
        median: 1.11041259766
        min: -0.043713927269
        var: 0.0611442737281
    spectral_spread:
        dmean: 338848.46875
        dmean2: 481730.96875
        dvar: 274596085760
        dvar2: 358479724544
        max: 40690576
        mean: 4199018
        median: 3895372.5
        min: 2233056.75
        var: 1.79795197952e+012
    spectral_strongpeak:
        dmean: 0.810933947563
        dmean2: 1.39479446411
        dvar: 0.888434946537
        dvar2: 2.30805301666
        max: 14.2578868866
        mean: 1.24819803238
        median: 0.813264906406
        min: 3.49887496753e-009
        var: 1.78031098843
    zerocrossingrate:
        dmean: 0.00683764414862
        dmean2: 0.0085270004347
        dvar: 4.83531548525e-005
        dvar2: 6.4292747993e-005
        max: 0.50390625
        mean: 0.126316472888
        median: 0.12744140625
        min: 0.04931640625
        var: 0.000294383644359
    barkbands:
        dmean: [2.67031481371e-007, 4.61129238829e-005, 0.000143119934364, 0.000158449605806, 0.000254350568866, 9.08498186618e-005, 7.21275646356e-005, 5.79227598791e-005, 0.000113714791951, 0.000117269228213, 7.25021163817e-005, 5.00396599818e-005, 6.00406783633e-005, 7.25897552911e-005, 0.000109848064312, 0.000239075976424, 0.000300550076645, 0.000178396439878, 0.000313891127007, 0.000285574933514, 0.000152530381456, 2.51185010711e-005, 3.32379818246e-006, 2.31428634834e-006, 1.24414134461e-006, 7.69751764551e-008, 7.51395834442e-010]
        dmean2: [4.15567484424e-007, 8.09492557892e-005, 0.000243789923843, 0.000269081036095, 0.000420731958002, 0.000148210849147, 0.000119970121887, 9.41750258789e-005, 0.000186394085176, 0.000192278472241, 0.000118653450045, 8.47653063829e-005, 9.90016778815e-005, 0.000120295560919, 0.000180319984793, 0.000394734233851, 0.0004990772577, 0.000290448544547, 0.000524320930708, 0.000477575464174, 0.000253481150139, 4.12598092225e-005, 5.12691531185e-006, 3.25147675539e-006, 1.72042655322e-006, 1.07780827818e-007, 1.18250864656e-009]
        dvar: [1.57963445384e-013, 5.23430898625e-009, 4.30520721295e-008, 5.47498437697e-008, 2.46695663009e-007, 1.84873059084e-008, 1.41012828081e-008, 2.0473716944e-008, 5.12821571874e-008, 5.31009192173e-008, 1.63740381254e-008, 5.60877566613e-009, 8.09991984596e-009, 1.49893573109e-008, 6.00298619702e-008, 7.5638709518e-008, 1.10012123855e-007, 8.96576679565e-008, 9.52037595425e-008, 7.41605816756e-008, 2.07510630901e-008, 6.6533362153e-010, 3.08639433455e-011, 3.32125472957e-011, 1.97959617448e-011, 9.48603852803e-014, 3.6014103838e-018]
        dvar2: [3.59112506442e-013, 1.45533913809e-008, 1.16731762034e-007, 1.48065566918e-007, 6.43287876301e-007, 4.62444127436e-008, 3.60735157301e-008, 5.04722770245e-008, 1.26798809674e-007, 1.36607042123e-007, 4.19923296135e-008, 1.56953525732e-008, 2.03737151594e-008, 3.79002145223e-008, 1.63440901702e-007, 2.00594811872e-007, 3.05574189952e-007, 2.20093170356e-007, 2.63555961055e-007, 2.04539816195e-007, 5.74501690664e-008, 1.64599589514e-009, 6.37917427215e-011, 5.80710479703e-011, 3.21927554059e-011, 1.62130888142e-013, 7.29915256737e-018]
        max: [3.42714611179e-006, 0.00062353676185, 0.00218878011219, 0.00294619379565, 0.00532671948895, 0.00293092336506, 0.00193814001977, 0.00257253064774, 0.0037215356715, 0.00538564147428, 0.00351486192085, 0.00123402045574, 0.00192444608547, 0.00282833701931, 0.00862109474838, 0.00534630008042, 0.00742033449933, 0.0110732484609, 0.00620067305863, 0.00434983661398, 0.00249268766493, 0.000561422260944, 0.000150582913193, 0.000137510607601, 0.000105615246866, 1.3555320038e-005, 5.2609870238e-008]
        mean: [3.27009473722e-007, 5.71485143155e-005, 0.000184361371794, 0.000203755582334, 0.000353108422132, 0.000150541425683, 0.000103447324364, 7.98307737568e-005, 0.000200665090233, 0.00022736050596, 0.000135886439239, 9.67606756603e-005, 0.000114931084681, 0.000131405482534, 0.000197396395379, 0.000527735275682, 0.000693343230523, 0.000400266580982, 0.000862111861352, 0.000829067605082, 0.000464644021122, 7.85535594332e-005, 8.79200524651e-006, 5.29226144863e-006, 2.50986363426e-006, 1.56808212637e-007, 1.5588383917e-009]
        median: [1.39127848797e-007, 3.70292109437e-005, 0.000106684587081, 0.000114069101983, 0.000209826976061, 0.000100858989754, 5.95688870817e-005, 3.89708329749e-005, 8.29679775052e-005, 0.000109347303805, 6.0111102357e-005, 5.33320235263e-005, 7.26888101781e-005, 8.22262736619e-005, 0.000139672061778, 0.000434364628745, 0.00058456719853, 0.000303907785565, 0.000773458101321, 0.000772695231717, 0.000437135924585, 7.19987583579e-005, 6.72731084705e-006, 2.53100938608e-006, 9.88089823295e-007, 4.63601068645e-008, 5.23341758818e-010]
        min: [7.69362283128e-023, 7.94243082296e-023, 2.21611854204e-023, 4.51317768395e-023, 8.10472349254e-023, 5.582866445e-023, 4.06699890259e-023, 7.66122904707e-023, 2.39160506803e-023, 8.2978555748e-023, 6.138620846e-023, 1.05380918035e-022, 1.20810298968e-022, 1.00509184453e-022, 1.73693678653e-022, 1.12894224934e-022, 1.6564858484e-022, 2.63152865577e-022, 2.40097301216e-022, 2.26185606624e-022, 3.42171711923e-022, 5.04513429714e-022, 5.80545737025e-022, 8.63679250263e-022, 9.35388195917e-022, 1.84512430127e-021, 2.30623346802e-021]
        var: [2.04043989279e-013, 4.38742819853e-009, 5.28300923008e-008, 6.88817394234e-008, 2.54384275422e-007, 2.94770092779e-008, 1.86057693696e-008, 2.58903032346e-008, 1.19397299159e-007, 1.34295021326e-007, 3.96564807659e-008, 1.32202782055e-008, 1.65587099588e-008, 2.62793040662e-008, 7.17059336353e-008, 1.7162406607e-007, 2.49110797768e-007, 1.78805706241e-007, 2.59788379253e-007, 1.90447039472e-007, 5.82656660697e-008, 1.91753679601e-009, 8.32779747939e-011, 9.65842406053e-011, 5.07181345533e-011, 2.71135165101e-013, 1.00733649678e-017]
    frequency_bands:
        dmean: [2.67031481371e-007, 4.61129238829e-005, 0.000143119934364, 0.000158449605806, 0.000254350568866, 9.08498186618e-005, 7.21275646356e-005, 5.79227598791e-005, 0.000113714791951, 0.000117269228213, 7.25021163817e-005, 5.00396599818e-005, 6.00406783633e-005, 7.25897552911e-005, 0.000109848064312, 0.000239075976424, 0.000300550076645, 0.000178396439878, 0.000313891127007, 0.000285574933514, 0.000152530381456, 2.51185010711e-005, 3.32379818246e-006, 2.31428634834e-006, 1.24414134461e-006, 7.69751764551e-008, 7.51395834442e-010, 7.24605167535e-011]
        dmean2: [4.15567484424e-007, 8.09492557892e-005, 0.000243789923843, 0.000269081036095, 0.000420731958002, 0.000148210849147, 0.000119970121887, 9.41750258789e-005, 0.000186394085176, 0.000192278472241, 0.000118653450045, 8.47653063829e-005, 9.90016778815e-005, 0.000120295560919, 0.000180319984793, 0.000394734233851, 0.0004990772577, 0.000290448544547, 0.000524320930708, 0.000477575464174, 0.000253481150139, 4.12598092225e-005, 5.12691531185e-006, 3.25147675539e-006, 1.72042655322e-006, 1.07780827818e-007, 1.18250864656e-009, 1.34224562021e-010]
        dvar: [1.57963445384e-013, 5.23430898625e-009, 4.30520721295e-008, 5.47498437697e-008, 2.46695663009e-007, 1.84873059084e-008, 1.41012828081e-008, 2.0473716944e-008, 5.12821571874e-008, 5.31009192173e-008, 1.63740381254e-008, 5.60877566613e-009, 8.09991984596e-009, 1.49893573109e-008, 6.00298619702e-008, 7.5638709518e-008, 1.10012123855e-007, 8.96576679565e-008, 9.52037595425e-008, 7.41605816756e-008, 2.07510630901e-008, 6.6533362153e-010, 3.08639433455e-011, 3.32125472957e-011, 1.97959617448e-011, 9.48603852803e-014, 3.6014103838e-018, 9.68802496034e-021]
        dvar2: [3.59112506442e-013, 1.45533913809e-008, 1.16731762034e-007, 1.48065566918e-007, 6.43287876301e-007, 4.62444127436e-008, 3.60735157301e-008, 5.04722770245e-008, 1.26798809674e-007, 1.36607042123e-007, 4.19923296135e-008, 1.56953525732e-008, 2.03737151594e-008, 3.79002145223e-008, 1.63440901702e-007, 2.00594811872e-007, 3.05574189952e-007, 2.20093170356e-007, 2.63555961055e-007, 2.04539816195e-007, 5.74501690664e-008, 1.64599589514e-009, 6.37917427215e-011, 5.80710479703e-011, 3.21927554059e-011, 1.62130888142e-013, 7.29915256737e-018, 3.09148284937e-020]
        max: [3.42714611179e-006, 0.00062353676185, 0.00218878011219, 0.00294619379565, 0.00532671948895, 0.00293092336506, 0.00193814001977, 0.00257253064774, 0.0037215356715, 0.00538564147428, 0.00351486192085, 0.00123402045574, 0.00192444608547, 0.00282833701931, 0.00862109474838, 0.00534630008042, 0.00742033449933, 0.0110732484609, 0.00620067305863, 0.00434983661398, 0.00249268766493, 0.000561422260944, 0.000150582913193, 0.000137510607601, 0.000105615246866, 1.3555320038e-005, 5.2609870238e-008, 1.6231072042e-009]
        mean: [3.27009473722e-007, 5.71485143155e-005, 0.000184361371794, 0.000203755582334, 0.000353108422132, 0.000150541425683, 0.000103447324364, 7.98307737568e-005, 0.000200665090233, 0.00022736050596, 0.000135886439239, 9.67606756603e-005, 0.000114931084681, 0.000131405482534, 0.000197396395379, 0.000527735275682, 0.000693343230523, 0.000400266580982, 0.000862111861352, 0.000829067605082, 0.000464644021122, 7.85535594332e-005, 8.79200524651e-006, 5.29226144863e-006, 2.50986363426e-006, 1.56808212637e-007, 1.5588383917e-009, 5.66495426957e-011]
        median: [1.39127848797e-007, 3.70292109437e-005, 0.000106684587081, 0.000114069101983, 0.000209826976061, 0.000100858989754, 5.95688870817e-005, 3.89708329749e-005, 8.29679775052e-005, 0.000109347303805, 6.0111102357e-005, 5.33320235263e-005, 7.26888101781e-005, 8.22262736619e-005, 0.000139672061778, 0.000434364628745, 0.00058456719853, 0.000303907785565, 0.000773458101321, 0.000772695231717, 0.000437135924585, 7.19987583579e-005, 6.72731084705e-006, 2.53100938608e-006, 9.88089823295e-007, 4.63601068645e-008, 5.23341758818e-010, 2.37612637899e-011]
        min: [7.69362283128e-023, 7.94243082296e-023, 2.21611854204e-023, 4.51317768395e-023, 8.10472349254e-023, 5.582866445e-023, 4.06699890259e-023, 7.66122904707e-023, 2.39160506803e-023, 8.2978555748e-023, 6.138620846e-023, 1.05380918035e-022, 1.20810298968e-022, 1.00509184453e-022, 1.73693678653e-022, 1.12894224934e-022, 1.6564858484e-022, 2.63152865577e-022, 2.40097301216e-022, 2.26185606624e-022, 3.42171711923e-022, 5.04513429714e-022, 5.80545737025e-022, 8.63679250263e-022, 9.35388195917e-022, 1.84512430127e-021, 2.30623346802e-021, 7.48081516965e-022]
        var: [2.04043989279e-013, 4.38742819853e-009, 5.28300923008e-008, 6.88817394234e-008, 2.54384275422e-007, 2.94770092779e-008, 1.86057693696e-008, 2.58903032346e-008, 1.19397299159e-007, 1.34295021326e-007, 3.96564807659e-008, 1.32202782055e-008, 1.65587099588e-008, 2.62793040662e-008, 7.17059336353e-008, 1.7162406607e-007, 2.49110797768e-007, 1.78805706241e-007, 2.59788379253e-007, 1.90447039472e-007, 5.82656660697e-008, 1.91753679601e-009, 8.32779747939e-011, 9.65842406053e-011, 5.07181345533e-011, 2.71135165101e-013, 1.00733649678e-017, 7.68411207177e-021]
    mfcc:
        mean: [-680.604553223, 85.262878418, -64.9728851318, 64.2725219727, -16.3362121582, 0.889766514301, 1.13305389881, -5.22078323364, 6.22680664063, -6.53858137131, -11.554318428, -5.40145635605, -3.42954039574]
        cov: [[4093.99658203, 640.38458252, -535.2265625, 344.946014404, -196.335861206, -23.4406356812, 20.8642120361, -23.6029911041, 42.2181472778, -19.6108932495, -84.1066207886, -35.1402053833, -46.5161552429], [640.38458252, 449.26776123, -191.365447998, 168.674743652, -109.486808777, 42.2909736633, 18.4626045227, 2.80464053154, 40.5983009338, -13.985827446, 15.2279157639, -24.4857635498, -8.66644668579], [-535.2265625, -191.365447998, 345.82925415, -78.9771347046, 139.977462769, -33.0985832214, -21.0244216919, -11.2074289322, -41.0958747864, 7.25623083115, -12.2432785034, 9.96172904968, 2.09235978127], [344.946014404, 168.674743652, -78.9771347046, 294.587982178, 22.1392841339, 31.6990299225, -41.176864624, -38.8214187622, 32.2353591919, -3.11261177063, 14.4733657837, 12.1726303101, 32.1206665039], [-196.335861206, -109.486808777, 139.977462769, 22.1392841339, 147.498504639, 3.64430093765, -18.6253528595, -18.4214744568, -14.9243650436, 6.74364423752, -8.62202262878, 14.1076393127, 10.1110973358], [-23.4406356812, 42.2909736633, -33.0985832214, 31.6990299225, 3.64430093765, 90.7329025269, 46.6011734009, 17.3494262695, 1.62414562702, -7.46613693237, 2.27102947235, 0.568092048168, 14.4523649216], [20.8642120361, 18.4626045227, -21.0244216919, -41.176864624, -18.6253528595, 46.6011734009, 90.1226119995, 49.0932044983, 9.16347980499, -8.17548274994, -2.84277129173, -4.4873175621, -0.626915693283], [-23.6029911041, 2.80464053154, -11.2074289322, -38.8214187622, -18.4214744568, 17.3494262695, 49.0932044983, 79.2088851929, 28.5266532898, 10.9349269867, -3.14063024521, -4.62732315063, -8.79839611053], [42.2181472778, 40.5983009338, -41.0958747864, 32.2353591919, -14.9243650436, 1.62414562702, 9.16347980499, 28.5266532898, 68.5640869141, 28.1138648987, 14.0103206635, -2.21756625175, 1.31648492813], [-19.6108932495, -13.985827446, 7.25623083115, -3.11261177063, 6.74364423752, -7.46613693237, -8.17548274994, 10.9349269867, 28.1138648987, 59.3800964355, 28.3768806458, 8.95531082153, -9.96305370331], [-84.1066207886, 15.2279157639, -12.2432785034, 14.4733657837, -8.62202262878, 2.27102947235, -2.84277129173, -3.14063024521, 14.0103206635, 28.3768806458, 63.6831550598, 22.5626869202, 4.80870246887], [-35.1402053833, -24.4857635498, 9.96172904968, 12.1726303101, 14.1076393127, 0.568092048168, -4.4873175621, -4.62732315063, -2.21756625175, 8.95531082153, 22.5626869202, 52.6300849915, 25.746263504], [-46.5161552429, -8.66644668579, 2.09235978127, 32.1206665039, 10.1110973358, 14.4523649216, -0.626915693283, -8.79839611053, 1.31648492813, -9.96305370331, 4.80870246887, 25.746263504, 57.7688407898]]
        icov: [[0.00044433932635, -0.000454148917925, 0.000582800304983, -0.000408353487728, -0.000144484860357, 0.000910971837584, -0.000820200482849, 0.000272180855973, 0.000546943803784, -0.000805947987828, 0.0011962816352, -0.000430565705756, 0.00026639222051], [-0.000454148917925, 0.00495742121711, -0.000280030537397, -0.00241849478334, 0.00313811516389, -0.00169432407711, -0.000302695058053, 0.000139595576911, -0.0013198350789, 0.00188989867456, -0.00202426314354, 0.00155754538719, 0.00145585439168], [0.000582800304983, -0.000280030537397, 0.00692990375683, 0.00080998276826, -0.00599240791053, 0.00340006337501, -0.00102889107075, -0.000924813444726, 0.00332697643898, -0.00180293002632, 0.000846257375088, 0.000741304305848, -0.00101548060775], [-0.000408353487728, -0.00241849478334, 0.00080998276826, 0.00791407935321, -0.00377576122992, -0.00355777656659, 0.00521971378475, 0.00146862003021, -0.00427258200943, 0.00243736989796, -0.0014514522627, -0.00055281422101, -0.00240518827923], [-0.000144484860357, 0.00313811516389, -0.00599240791053, -0.00377576122992, 0.0158529095352, -0.0040999292396, 0.000339514575899, 0.00232123397291, -0.00109212624375, -0.0016418005107, 0.00292027764954, -0.00255782483146, 0.0019177312497], [0.000910971837584, -0.00169432407711, 0.00340006337501, -0.00355777656659, -0.0040999292396, 0.0220225695521, -0.0136172063649, -0.000322810839862, 0.00624014204368, -0.00381872081198, 0.000914756499697, 0.00245434255339, -0.00462525244802], [-0.000820200482849, -0.000302695058053, -0.00102889107075, 0.00521971378475, 0.000339514575899, -0.0136172063649, 0.0282754935324, -0.0124628059566, -0.00296813924797, 0.00782482419163, -0.00403385097161, -3.42787534464e-005, -4.66571618745e-005], [0.000272180855973, 0.000139595576911, -0.000924813444726, 0.00146862003021, 0.00232123397291, -0.000322810839862, -0.0124628059566, 0.0261638723314, -0.0101879127324, -0.0031752246432, 0.00542866904289, -0.00332252285443, 0.0036945475731], [0.000546943803784, -0.0013198350789, 0.00332697643898, -0.00427258200943, -0.00109212624375, 0.00624014204368, -0.00296813924797, -0.0101879127324, 0.02944374457, -0.0141935907304, -0.000146469872561, 0.0059435213916, -0.0062118745409], [-0.000805947987828, 0.00188989867456, -0.00180293002632, 0.00243736989796, -0.0016418005107, -0.00381872081198, 0.00782482419163, -0.0031752246432, -0.0141935907304, 0.0338462516665, -0.0136572727934, -0.00343656120822, 0.0080178193748], [0.0011962816352, -0.00202426314354, 0.000846257375088, -0.0014514522627, 0.00292027764954, 0.000914756499697, -0.00403385097161, 0.00542866904289, -0.000146469872561, -0.0136572727934, 0.0287853535265, -0.0115735428408, 0.00188892928418], [-0.000430565705756, 0.00155754538719, 0.000741304305848, -0.00055281422101, -0.00255782483146, 0.00245434255339, -3.42787534464e-005, -0.00332252285443, 0.0059435213916, -0.00343656120822, -0.0115735428408, 0.0328886657953, -0.0149277169257], [0.00026639222051, 0.00145585439168, -0.00101548060775, -0.00240518827923, 0.0019177312497, -0.00462525244802, -4.66571618745e-005, 0.0036945475731, -0.0062118745409, 0.0080178193748, 0.00188892928418, -0.0149277169257, 0.0285211093724]]
    sccoeffs:
        dmean: [0.0565360076725, 0.0458898581564, 0.0374832227826, 0.0297009740025, 0.0190698262304, 0.0185357648879]
        dmean2: [0.0927685797215, 0.0766835585237, 0.0623369887471, 0.049701679498, 0.031894993037, 0.02845171839]
        dvar: [0.00220141932368, 0.00131654785946, 0.000881440355442, 0.000544315087609, 0.000221845024498, 0.00025227671722]
        dvar2: [0.00578316906467, 0.00365666067228, 0.00236867018975, 0.00147167802788, 0.000615766562987, 0.000527886732016]
        max: [-0.297459125519, -0.526381075382, -0.561347723007, -0.568651616573, -0.665356040001, -0.541028380394]
        mean: [-0.680211961269, -0.776551961899, -0.776853144169, -0.783053815365, -0.791973114014, -0.699843347073]
        median: [-0.691185832024, -0.779904425144, -0.782874882221, -0.786166012287, -0.793053925037, -0.696571052074]
        min: [-0.980942547321, -0.975891590118, -0.972865760326, -0.9529556036, -0.956244170666, -0.962424695492]
        var: [0.00616480736062, 0.00317086023279, 0.0039767511189, 0.00179357302841, 0.000848823809065, 0.00248618749902]
    scvalleys:
        dmean: [0.383295536041, 0.343240916729, 0.281074136496, 0.219648778439, 0.154555752873, 0.181372538209]
        dmean2: [0.631770193577, 0.563360869884, 0.459910929203, 0.35441493988, 0.244054853916, 0.255610287189]
        dvar: [0.11885292083, 0.0933351144195, 0.0686916410923, 0.0493017621338, 0.0366889871657, 0.0518507733941]
        dvar2: [0.282393068075, 0.211643487215, 0.14691580832, 0.0914447829127, 0.0547075718641, 0.0746089741588]
        max: [-5.40049791336, -4.84038496017, -5.37358045578, -5.6752243042, -5.53306627274, -7.55945253372]
        mean: [-6.84785270691, -6.72650194168, -6.84688901901, -6.82030010223, -6.36798286438, -9.54455280304]
        median: [-6.63082265854, -6.61184549332, -6.72552680969, -6.68383550644, -6.21589803696, -9.45418834686]
        min: [-26.8467578888, -27.292181015, -27.1512889862, -27.4874572754, -27.5533866882, -27.2574157715]
        var: [1.30623948574, 1.02333652973, 1.0167901516, 0.928233504295, 0.882436513901, 0.746652066708]

rhythm:
    beats_loudness:
        dmean: 0.00152388587594
        dmean2: 0.0026444660034
        dvar: 1.63198558312e-006
        dvar2: 4.99998532177e-006
        max: 0.0143975485116
        mean: 0.00680396752432
        median: 0.00680418079719
        min: 8.58773774315e-010
        var: 4.16197644881e-006
    bpm: 178.205459595
    bpm_confidence: 0
    first_peak_bpm: 178
    first_peak_spread: 0
    first_peak_weight: 0.477876096964
    onset_rate: 1.37924814224
    second_peak_bpm: 185
    second_peak_spread: 0
    second_peak_weight: 0.284660756588
    beats_loudness_band_ratio:
        dmean: [0.0892106816173, 0.0717246383429, 0.0567212924361, 0.0523847788572, 0.0967451781034, 0.0915905758739]
        dmean2: [0.156133204699, 0.126051545143, 0.0983893573284, 0.0893441736698, 0.163093701005, 0.159818723798]
        dvar: [0.00699626887217, 0.00482972757891, 0.003996508196, 0.00320310820825, 0.00680531887338, 0.00503778830171]
        dvar2: [0.0208182428032, 0.0133726047352, 0.0111526101828, 0.00855761021376, 0.0193834323436, 0.0148696955293]
        max: [0.678369522095, 0.40118059516, 0.481106966734, 0.477652609348, 0.730315566063, 0.657106339931]
        mean: [0.115176722407, 0.0871970653534, 0.0849167555571, 0.0990955680609, 0.324043124914, 0.334735482931]
        median: [0.0844543501735, 0.0596792325377, 0.0627317726612, 0.0818749889731, 0.311416327953, 0.325029462576]
        min: [0.00238967430778, 0.00539408810437, 0.00696836179122, 0.0106298066676, 0.050333160907, 0.109797127545]
        var: [0.00899694953114, 0.00554671604186, 0.00490086572245, 0.00496173417196, 0.0109853520989, 0.00958793796599]
