
metadata:
    version:
        essentia: "2.1-beta2"
    audio_properties:
        analysis_sample_rate: 44100
        bitrate: 320
        channels: 2
        equal_loudness: 1
        length: 268.042449951
        replay_gain: -14.3923454285
        downmix: "mix"
    tags:
        album: "Born From Ashes"
        artist: "Born From Ashes"
        comment: ""
        date: "2013"
        genre: "Alternative Metal / Alternative Rock"
        title: "Inside Out"
        tracknumber: "5/10"

configuration:
    average_loudness:
        compute: 1
        frameSize: 88200
        hopSize: 44100
        silentFrames: "noise"
        windowType: "hann"
    general:
        analysisSampleRate: 44100
        endTime: 2000
        equalLoudness: 1
        nequalLoudness: 0
        shortSound: 0
        startTime: 0
    lowlevel:
        compute: 1
        frameSize: 2048
        hopSize: 1024
        zeroPadding: 0
        silentFrames: "noise"
        windowType: "blackmanharris62"
        mfccStats: ["mean", "cov", "icov"]
        stats: ["mean", "var", "median", "min", "max", "dmean", "dmean2", "dvar", "dvar2"]
    panning:
        compute: 0
        frameSize: 8192
        hopSize: 2048
        zeroPadding: 8192
        silentFrames: "noise"
        windowType: "hann"
        stats: ["copy"]
    rhythm:
        compute: 1
        maxTempo: 208
        minTempo: 40
        method: "degara"
        stats: ["mean", "var", "median", "min", "max", "dmean", "dmean2", "dvar", "dvar2"]
    segmentation:
        compute: 0
        cpw: 5
        inc1: 300
        inc2: 50
        minimumSegmentsLength: 10
        size1: 1000
        size2: 600
    sfx:
        compute: 1
        stats: ["mean", "var", "median", "min", "max", "dmean", "dmean2", "dvar", "dvar2"]
    svm:
        compute: 0
    tonal:
        compute: 1
        frameSize: 4096
        hopSize: 2048
        zeroPadding: 0
        silentFrames: "noise"
        windowType: "blackmanharris62"
        stats: ["mean", "var", "median", "min", "max", "dmean", "dmean2", "dvar", "dvar2"]

lowlevel:
    average_loudness: 0.947390735149
    barkbands_kurtosis:
        dmean: 0.770310342312
        dmean2: 1.24770009518
        dvar: 0.935066521168
        dvar2: 2.31085634232
        max: 26.8868694305
        mean: -0.149745881557
        median: -0.632388114929
        min: -1.90466380119
        var: 3.18287587166
    barkbands_skewness:
        dmean: 0.359979599714
        dmean2: 0.557678639889
        dvar: 0.1113531515
        dvar2: 0.250943362713
        max: 3.11283564568
        mean: -0.674434363842
        median: -0.693279623985
        min: -4.3393034935
        var: 0.525464236736
    barkbands_spread:
        dmean: 5.29423046112
        dmean2: 8.47015953064
        dvar: 25.7680187225
        dvar2: 63.7210655212
        max: 67.6736907959
        mean: 28.2149543762
        median: 26.7225513458
        min: 2.91450214386
        var: 91.3080673218
    dissonance:
        dmean: 0.00888026226312
        dmean2: 0.0150446658954
        dvar: 8.32459845697e-005
        dvar2: 0.000226129661314
        max: 0.500000119209
        mean: 0.484947741032
        median: 0.488558381796
        min: 0.346311062574
        var: 0.000165789300809
    hfc:
        dmean: 2.57834148407
        dmean2: 3.89186692238
        dvar: 5.68715906143
        dvar2: 12.7287578583
        max: 44.8343696594
        mean: 12.8381118774
        median: 12.894071579
        min: 1.21376075868e-016
        var: 36.0863380432
    pitch:
        dmean: 877.33782959
        dmean2: 1659.41796875
        dvar: 1559218
        dvar2: 3877597.25
        max: 4428.35888672
        mean: 1285.55639648
        median: 354.241699219
        min: 66.6025314331
        var: 2089487.625
    pitch_instantaneous_confidence:
        dmean: 0.0750871226192
        dmean2: 0.122487224638
        dvar: 0.00438431696966
        dvar2: 0.0103021441028
        max: 0.930443286896
        mean: 0.360358715057
        median: 0.324136376381
        min: 0.117514193058
        var: 0.019202908501
    pitch_salience:
        dmean: 0.0503530800343
        dmean2: 0.0816043242812
        dvar: 0.00212162034586
        dvar2: 0.00508003449067
        max: 0.858512341976
        mean: 0.684142529964
        median: 0.700775027275
        min: 0.190764158964
        var: 0.00717265717685
    silence_rate_20dB:
        dmean: 0
        dmean2: 0
        dvar: 0
        dvar2: 0
        max: 1
        mean: 1
        median: 1
        min: 1
        var: 0
    silence_rate_30dB:
        dmean: 0
        dmean2: 0
        dvar: 0
        dvar2: 0
        max: 1
        mean: 1
        median: 1
        min: 1
        var: 0
    silence_rate_60dB:
        dmean: 0.0526680536568
        dmean2: 0.105345234275
        dvar: 0.0498873852193
        dvar2: 0.113142848015
        max: 1
        mean: 0.129839763045
        median: 0
        min: 0
        var: 0.112971872091
    spectral_centroid:
        dmean: 231.512145996
        dmean2: 357.666809082
        dvar: 52252.7851563
        dvar2: 106938.414063
        max: 10811.5810547
        mean: 2206.89501953
        median: 2245.94799805
        min: 390.153442383
        var: 237417.546875
    spectral_complexity:
        dmean: 4.24428272247
        dmean2: 6.5003900528
        dvar: 13.1766719818
        dvar2: 28.6770362854
        max: 45
        mean: 23.2508449554
        median: 25
        min: 0
        var: 87.4818725586
    spectral_crest:
        dmean: 1.61118531227
        dmean2: 2.65843582153
        dvar: 2.64430570602
        dvar2: 6.63969564438
        max: 21.8076095581
        mean: 6.25509500504
        median: 5.5716047287
        min: 2.35732650757
        var: 6.47992038727
    spectral_decrease:
        dmean: 2.25005652998e-010
        dmean2: 3.50794393533e-010
        dvar: 4.48431509106e-020
        dvar2: 1.03573572169e-019
        max: 1.50126931296e-029
        mean: -1.22287613369e-009
        median: -1.23063204072e-009
        min: -3.0780551441e-009
        var: 2.36672968562e-019
    spectral_energy:
        dmean: 0.00104002270382
        dmean2: 0.00160793634132
        dvar: 9.31868896714e-007
        dvar2: 2.11326755561e-006
        max: 0.0149684976786
        mean: 0.00577986007556
        median: 0.00584006449208
        min: 1.09525013892e-020
        var: 5.33210231879e-006
    spectral_energyband_high:
        dmean: 0.000184287811862
        dmean2: 0.000293207616778
        dvar: 3.33890355364e-008
        dvar2: 8.24425825385e-008
        max: 0.00459801731631
        mean: 0.000628886919003
        median: 0.000604509783443
        min: 7.78236804229e-021
        var: 1.33275321446e-007
    spectral_energyband_low:
        dmean: 0.000140382078825
        dmean2: 0.000231321144383
        dvar: 3.92370722579e-008
        dvar2: 1.01622489979e-007
        max: 0.00243282224983
        mean: 0.000232056961977
        median: 0.000158578492119
        min: 6.08479276436e-023
        var: 5.8715556861e-008
    spectral_energyband_middle_high:
        dmean: 0.000832466292195
        dmean2: 0.00127385125961
        dvar: 5.91872776567e-007
        dvar2: 1.40302438467e-006
        max: 0.0127342026681
        mean: 0.00378454336897
        median: 0.00371815729886
        min: 1.48832723438e-021
        var: 3.68722044186e-006
    spectral_energyband_middle_low:
        dmean: 0.000504735216964
        dmean2: 0.000816309358925
        dvar: 4.22937716849e-007
        dvar2: 1.05162632735e-006
        max: 0.00856029521674
        mean: 0.00125127495266
        median: 0.000916932884138
        min: 3.84962632378e-022
        var: 1.07464734356e-006
    spectral_flatness_db:
        dmean: 0.011549750343
        dmean2: 0.0180703792721
        dvar: 0.000105021026684
        dvar2: 0.000238440683461
        max: 0.331302374601
        mean: 0.147840321064
        median: 0.144637107849
        min: 0.0549596920609
        var: 0.000658746343106
    spectral_flux:
        dmean: 0.00657853670418
        dmean2: 0.0100919818506
        dvar: 3.91695575672e-005
        dvar2: 8.77364800544e-005
        max: 0.101706288755
        mean: 0.046086370945
        median: 0.0470401607454
        min: 1.04654201971e-010
        var: 0.000158585011377
    spectral_kurtosis:
        dmean: 0.999720692635
        dmean2: 1.71446168423
        dvar: 0.858656704426
        dvar2: 2.57590985298
        max: 23.6183624268
        mean: 4.04424381256
        median: 3.8753080368
        min: -1.16983890533
        var: 2.15401268005
    spectral_rms:
        dmean: 0.000216781467316
        dmean2: 0.00033040571725
        dvar: 3.88772996018e-008
        dvar2: 8.33076541085e-008
        max: 0.00382144120522
        mean: 0.00231013563462
        median: 0.00238696951419
        min: 3.26884808284e-012
        var: 3.0216276059e-007
    spectral_rolloff:
        dmean: 223.944534302
        dmean2: 363.18536377
        dvar: 89854.578125
        dvar2: 183222.6875
        max: 18949.21875
        mean: 3727.8371582
        median: 3768.31054688
        min: 215.33203125
        var: 233461.671875
    spectral_skewness:
        dmean: 0.141320750117
        dmean2: 0.232871830463
        dvar: 0.0146960429847
        dvar2: 0.0391043387353
        max: 3.15139436722
        mean: 1.20317161083
        median: 1.19270277023
        min: -0.00429027481005
        var: 0.0723573565483
    spectral_spread:
        dmean: 300933.21875
        dmean2: 431789.75
        dvar: 201525329920
        dvar2: 275340525568
        max: 39372624
        mean: 3730577.5
        median: 3535919
        min: 1348215.25
        var: 991150473216
    spectral_strongpeak:
        dmean: 0.732335090637
        dmean2: 1.24818241596
        dvar: 0.841030776501
        dvar2: 2.18227267265
        max: 12.0119581223
        mean: 1.2547519207
        median: 0.78708666563
        min: 9.4578656018e-010
        var: 2.05357980728
    zerocrossingrate:
        dmean: 0.00681187026203
        dmean2: 0.00819172896445
        dvar: 5.05171265104e-005
        dvar2: 6.01541833021e-005
        max: 0.4951171875
        mean: 0.116706833243
        median: 0.11767578125
        min: 0.0234375
        var: 0.00039160635788
    barkbands:
        dmean: [3.80701209224e-007, 4.15435897594e-005, 7.91140992078e-005, 0.000107694329927, 0.000179518785444, 0.000134461501148, 0.000104639999336, 0.000144086574437, 0.000130330387037, 0.000108583561087, 0.000124202371808, 8.68000061018e-005, 6.76046256558e-005, 6.91281529726e-005, 0.000117999064969, 0.000226304444368, 0.000293490593322, 0.000180934075615, 0.000327999878209, 0.000231087658904, 0.000101298515801, 1.90661521628e-005, 2.34957178691e-006, 1.20528443404e-006, 5.21396486874e-007, 3.48036977016e-008, 3.79791559313e-010]
        dmean2: [4.82515361e-007, 6.94596456015e-005, 0.000134210509714, 0.000179520618985, 0.00029439793434, 0.000225005976972, 0.000172547821421, 0.000228234086535, 0.000208298850339, 0.000175904366188, 0.000202759547392, 0.000143940589624, 0.000111373978143, 0.000115468443255, 0.000190061706235, 0.00037380005233, 0.000482219998958, 0.000293696211884, 0.000532089499757, 0.000375065661501, 0.00016600357776, 3.07188965962e-005, 3.54738426722e-006, 1.6272507537e-006, 7.30521890091e-007, 5.1146379576e-008, 6.37545127802e-010]
        dvar: [3.33155432495e-013, 4.04389188802e-009, 1.58431916475e-008, 2.45551312616e-008, 7.48947002194e-008, 9.90378623555e-008, 6.07866965652e-008, 1.22832048532e-007, 9.3958249181e-008, 4.82618389697e-008, 4.84913869059e-008, 1.92342959338e-008, 1.17758789386e-008, 1.31164528128e-008, 4.1839939513e-008, 9.6801599625e-008, 1.09411374183e-007, 6.16405628762e-008, 1.47071048673e-007, 5.88706861038e-008, 1.04135464696e-008, 6.74334088568e-010, 4.25232106471e-011, 9.56085818155e-012, 3.12596237957e-012, 1.95474892376e-014, 3.73476182471e-019]
        dvar2: [5.41024907166e-013, 1.05512842907e-008, 4.14090948198e-008, 5.91447566478e-008, 1.78162807174e-007, 2.47526031671e-007, 1.51740593424e-007, 2.9122821843e-007, 2.23955382239e-007, 1.23557498455e-007, 1.23845509847e-007, 5.07889055257e-008, 3.09158281198e-008, 3.58788021515e-008, 1.01541210995e-007, 2.78379246765e-007, 2.80266334585e-007, 1.45586213307e-007, 3.66334802493e-007, 1.50490365058e-007, 2.75866298693e-008, 1.61725222103e-009, 9.26716134386e-011, 1.69325335003e-011, 5.42631391209e-012, 3.99588402731e-014, 8.96607328931e-019]
        max: [5.17564876645e-006, 0.000616730365437, 0.00195341580547, 0.00380833167583, 0.00698874751106, 0.00717286393046, 0.00657859351486, 0.00688420282677, 0.00798375438899, 0.00427844142541, 0.00426465645432, 0.00248412042856, 0.00208860333078, 0.00330323143862, 0.00534768262878, 0.00693437969312, 0.00747426878661, 0.0084545314312, 0.00951294973493, 0.00530244130641, 0.00142749748193, 0.000722429947928, 0.000228851829888, 0.00010751526861, 6.19236889179e-005, 7.0520677582e-006, 1.77490555586e-008]
        mean: [6.0824635284e-007, 6.30618087598e-005, 0.000100741403003, 0.000141287091537, 0.000271058699582, 0.000183569340152, 0.000161803327501, 0.000222554983338, 0.000214729938307, 0.000190287551959, 0.000233270053286, 0.000159101968165, 0.000120452648844, 0.00012358953245, 0.000228310760576, 0.000467937265057, 0.000658221077174, 0.000399110344006, 0.000841295986902, 0.000659198383801, 0.000279043364571, 5.0646962336e-005, 5.95547226112e-006, 2.81986604023e-006, 1.13665214485e-006, 7.15592278766e-008, 6.26187379726e-010]
        median: [1.41952980925e-007, 4.33413842984e-005, 5.43819114682e-005, 8.04593291832e-005, 0.00016349084035, 9.23535117181e-005, 7.57408852223e-005, 6.66078922222e-005, 7.27117439965e-005, 7.67238452681e-005, 7.74051295593e-005, 7.412116247e-005, 6.26705004834e-005, 7.39114038879e-005, 0.000143444442074, 0.00037159450585, 0.000538609921932, 0.000304208952002, 0.000709516985808, 0.000600126048084, 0.000263445224846, 4.1724073526e-005, 3.78679555979e-006, 1.3166060171e-006, 5.05216860347e-007, 2.46725875286e-008, 3.06277864182e-010]
        min: [2.4968470014e-023, 1.29676268816e-023, 7.86165051964e-024, 6.3952518135e-023, 3.52887775164e-023, 2.53396543134e-023, 7.5790322651e-023, 7.20927233289e-023, 1.0385849853e-022, 2.12851553852e-023, 7.37957414947e-023, 8.22549241733e-023, 7.8297814857e-023, 9.95951470991e-023, 1.68911010622e-022, 2.09946986932e-022, 1.18755070185e-022, 2.53517731102e-022, 2.96644163567e-022, 4.20366836023e-022, 3.00260453418e-022, 4.8409033837e-022, 8.69084197019e-022, 7.87972382784e-022, 1.27639996676e-021, 1.87436723619e-021, 2.11308820863e-021]
        var: [8.45435592194e-013, 4.80201212127e-009, 2.12983035652e-008, 3.94688655092e-008, 1.40731259535e-007, 1.23784019479e-007, 1.02011938452e-007, 2.49588083534e-007, 2.30479713537e-007, 1.08996260906e-007, 1.31673857595e-007, 4.27240713918e-008, 2.48994904695e-008, 2.15463487052e-008, 8.64182680971e-008, 1.96111642481e-007, 2.92738690177e-007, 1.56816284402e-007, 4.30004206464e-007, 1.93276363802e-007, 2.79315095497e-008, 1.85589621449e-009, 1.20762469469e-010, 3.14472614615e-011, 9.66880048248e-012, 5.16368225305e-014, 8.39678898018e-019]
    frequency_bands:
        dmean: [3.80701209224e-007, 4.15435897594e-005, 7.91140992078e-005, 0.000107694329927, 0.000179518785444, 0.000134461501148, 0.000104639999336, 0.000144086574437, 0.000130330387037, 0.000108583561087, 0.000124202371808, 8.68000061018e-005, 6.76046256558e-005, 6.91281529726e-005, 0.000117999064969, 0.000226304444368, 0.000293490593322, 0.000180934075615, 0.000327999878209, 0.000231087658904, 0.000101298515801, 1.90661521628e-005, 2.34957178691e-006, 1.20528443404e-006, 5.21396486874e-007, 3.48036977016e-008, 3.79791559313e-010, 6.69088257021e-011]
        dmean2: [4.82515361e-007, 6.94596456015e-005, 0.000134210509714, 0.000179520618985, 0.00029439793434, 0.000225005976972, 0.000172547821421, 0.000228234086535, 0.000208298850339, 0.000175904366188, 0.000202759547392, 0.000143940589624, 0.000111373978143, 0.000115468443255, 0.000190061706235, 0.00037380005233, 0.000482219998958, 0.000293696211884, 0.000532089499757, 0.000375065661501, 0.00016600357776, 3.07188965962e-005, 3.54738426722e-006, 1.6272507537e-006, 7.30521890091e-007, 5.1146379576e-008, 6.37545127802e-010, 1.23612189928e-010]
        dvar: [3.33155432495e-013, 4.04389188802e-009, 1.58431916475e-008, 2.45551312616e-008, 7.48947002194e-008, 9.90378623555e-008, 6.07866965652e-008, 1.22832048532e-007, 9.3958249181e-008, 4.82618389697e-008, 4.84913869059e-008, 1.92342959338e-008, 1.17758789386e-008, 1.31164528128e-008, 4.1839939513e-008, 9.6801599625e-008, 1.09411374183e-007, 6.16405628762e-008, 1.47071048673e-007, 5.88706861038e-008, 1.04135464696e-008, 6.74334088568e-010, 4.25232106471e-011, 9.56085818155e-012, 3.12596237957e-012, 1.95474892376e-014, 3.73476182471e-019, 7.81736489078e-021]
        dvar2: [5.41024907166e-013, 1.05512842907e-008, 4.14090948198e-008, 5.91447566478e-008, 1.78162807174e-007, 2.47526031671e-007, 1.51740593424e-007, 2.9122821843e-007, 2.23955382239e-007, 1.23557498455e-007, 1.23845509847e-007, 5.07889055257e-008, 3.09158281198e-008, 3.58788021515e-008, 1.01541210995e-007, 2.78379246765e-007, 2.80266334585e-007, 1.45586213307e-007, 3.66334802493e-007, 1.50490365058e-007, 2.75866298693e-008, 1.61725222103e-009, 9.26716134386e-011, 1.69325335003e-011, 5.42631391209e-012, 3.99588402731e-014, 8.96607328931e-019, 2.44646663319e-020]
        max: [5.17564876645e-006, 0.000616730365437, 0.00195341580547, 0.00380833167583, 0.00698874751106, 0.00717286393046, 0.00657859351486, 0.00688420282677, 0.00798375438899, 0.00427844142541, 0.00426465645432, 0.00248412042856, 0.00208860333078, 0.00330323143862, 0.00534768262878, 0.00693437969312, 0.00747426878661, 0.0084545314312, 0.00951294973493, 0.00530244130641, 0.00142749748193, 0.000722429947928, 0.000228851829888, 0.00010751526861, 6.19236889179e-005, 7.0520677582e-006, 1.77490555586e-008, 1.12698084198e-009]
        mean: [6.0824635284e-007, 6.30618087598e-005, 0.000100741403003, 0.000141287091537, 0.000271058699582, 0.000183569340152, 0.000161803327501, 0.000222554983338, 0.000214729938307, 0.000190287551959, 0.000233270053286, 0.000159101968165, 0.000120452648844, 0.00012358953245, 0.000228310760576, 0.000467937265057, 0.000658221077174, 0.000399110344006, 0.000841295986902, 0.000659198383801, 0.000279043364571, 5.0646962336e-005, 5.95547226112e-006, 2.81986604023e-006, 1.13665214485e-006, 7.15592278766e-008, 6.26187379726e-010, 5.30220936601e-011]
        median: [1.41952980925e-007, 4.33413842984e-005, 5.43819114682e-005, 8.04593291832e-005, 0.00016349084035, 9.23535117181e-005, 7.57408852223e-005, 6.66078922222e-005, 7.27117439965e-005, 7.67238452681e-005, 7.74051295593e-005, 7.412116247e-005, 6.26705004834e-005, 7.39114038879e-005, 0.000143444442074, 0.00037159450585, 0.000538609921932, 0.000304208952002, 0.000709516985808, 0.000600126048084, 0.000263445224846, 4.1724073526e-005, 3.78679555979e-006, 1.3166060171e-006, 5.05216860347e-007, 2.46725875286e-008, 3.06277864182e-010, 2.16918757262e-011]
        min: [2.4968470014e-023, 1.29676268816e-023, 7.86165051964e-024, 6.3952518135e-023, 3.52887775164e-023, 2.53396543134e-023, 7.5790322651e-023, 7.20927233289e-023, 1.0385849853e-022, 2.12851553852e-023, 7.37957414947e-023, 8.22549241733e-023, 7.8297814857e-023, 9.95951470991e-023, 1.68911010622e-022, 2.09946986932e-022, 1.18755070185e-022, 2.53517731102e-022, 2.96644163567e-022, 4.20366836023e-022, 3.00260453418e-022, 4.8409033837e-022, 8.69084197019e-022, 7.87972382784e-022, 1.27639996676e-021, 1.87436723619e-021, 2.11308820863e-021, 1.00175298128e-021]
        var: [8.45435592194e-013, 4.80201212127e-009, 2.12983035652e-008, 3.94688655092e-008, 1.40731259535e-007, 1.23784019479e-007, 1.02011938452e-007, 2.49588083534e-007, 2.30479713537e-007, 1.08996260906e-007, 1.31673857595e-007, 4.27240713918e-008, 2.48994904695e-008, 2.15463487052e-008, 8.64182680971e-008, 1.96111642481e-007, 2.92738690177e-007, 1.56816284402e-007, 4.30004206464e-007, 1.93276363802e-007, 2.79315095497e-008, 1.85589621449e-009, 1.20762469469e-010, 3.14472614615e-011, 9.66880048248e-012, 5.16368225305e-014, 8.39678898018e-019, 6.58103845216e-021]
    mfcc:
        mean: [-691.013366699, 97.5144729614, -72.6708297729, 61.3891448975, -18.4106693268, -4.13069057465, 0.289213597775, -4.86560249329, 3.43942689896, -4.84847927094, -9.27311706543, -2.69736790657, -0.277661770582]
        cov: [[2989.11083984, 423.228210449, -401.582122803, 32.2775421143, -220.99571228, -5.48339223862, -14.689956665, 16.439622879, 3.45300984383, 0.271096438169, -63.4024047852, -0.463385432959, 3.73591017723], [423.228210449, 499.845458984, -159.553878784, 87.1564712524, -42.5206413269, 33.3031539917, 36.8661117554, 3.99433422089, 23.7203445435, -29.0440654755, 6.26592063904, -19.6102809906, 2.63698172569], [-401.582122803, -159.553878784, 381.060424805, 53.2263526917, 126.070487976, -8.62717819214, -37.6024208069, 2.08811235428, -9.93025684357, 27.0531654358, -2.94194841385, 10.145198822, -1.41776072979], [32.2775421143, 87.1564712524, 53.2263526917, 303.198577881, 81.3985061646, 35.7961616516, -11.5228786469, -15.170170784, 35.4608879089, -6.4216299057, 1.1487557888, 6.64894294739, 15.5241384506], [-220.99571228, -42.5206413269, 126.070487976, 81.3985061646, 169.029815674, 25.1978034973, -11.3591976166, -11.0970172882, 1.02891027927, 14.5335588455, -4.85866355896, 1.6390491724, 4.06354522705], [-5.48339223862, 33.3031539917, -8.62717819214, 35.7961616516, 25.1978034973, 146.737411499, 90.6020431519, 37.8644371033, 6.96607971191, -10.4379491806, -4.0671710968, 8.3562040329, 10.4116744995], [-14.689956665, 36.8661117554, -37.6024208069, -11.5228786469, -11.3591976166, 90.6020431519, 133.463256836, 59.9858360291, 12.8082513809, -13.9611091614, -2.49552249908, 5.62099075317, 7.02277565002], [16.439622879, 3.99433422089, 2.08811235428, -15.170170784, -11.0970172882, 37.8644371033, 59.9858360291, 97.8004150391, 25.9081306458, 17.7618541718, 4.64673900604, 3.55748867989, -1.89919579029], [3.45300984383, 23.7203445435, -9.93025684357, 35.4608879089, 1.02891027927, 6.96607971191, 12.8082513809, 25.9081306458, 78.8548812866, 30.5051193237, 8.40112304688, 0.0439499467611, 7.25836133957], [0.271096438169, -29.0440654755, 27.0531654358, -6.4216299057, 14.5335588455, -10.4379491806, -13.9611091614, 17.7618541718, 30.5051193237, 76.1348876953, 30.2098484039, 16.2500724792, -1.93447113037], [-63.4024047852, 6.26592063904, -2.94194841385, 1.1487557888, -4.85866355896, -4.0671710968, -2.49552249908, 4.64673900604, 8.40112304688, 30.2098484039, 71.6160202026, 19.4781589508, 1.67114901543], [-0.463385432959, -19.6102809906, 10.145198822, 6.64894294739, 1.6390491724, 8.3562040329, 5.62099075317, 3.55748867989, 0.0439499467611, 16.2500724792, 19.4781589508, 66.2046127319, 27.1773757935], [3.73591017723, 2.63698172569, -1.41776072979, 15.5241384506, 4.06354522705, 10.4116744995, 7.02277565002, -1.89919579029, 7.25836133957, -1.93447113037, 1.67114901543, 27.1773757935, 58.2297668457]]
        icov: [[0.000486481760163, -0.000319126673276, 0.000348165049218, -0.000202337731025, 0.000507001532242, -0.000127749633975, 0.000372386042727, -0.000244643451879, 0.000423424178734, -0.000713593151886, 0.000838450447191, -0.000199740898097, -2.70938053291e-005], [-0.000319126673276, 0.0028633736074, 0.0008070844342, -0.000847852905281, -4.61129930045e-005, -4.33418426837e-005, -0.000598790298682, 0.000146665915963, -0.000601159234066, 0.00109178281855, -0.00117383548059, 0.000968712207396, -8.27683907119e-005], [0.000348165049218, 0.0008070844342, 0.00441795308143, -0.000657496741042, -0.0022737281397, 0.000240385517827, 0.00111345818732, -0.00147618132178, 0.0012005866738, -0.0010188727174, 0.000820447399747, -0.000408683088608, 0.00014091967023], [-0.000202337731025, -0.000847852905281, -0.000657496741042, 0.00501271849498, -0.00224543944933, -0.00145848200191, 0.00155094405636, 0.000697973591741, -0.00327170244418, 0.00253168842755, -0.000875231053215, -0.000901252613403, -0.000110154644062], [0.000507001532242, -4.61129930045e-005, -0.0022737281397, -0.00224543944933, 0.0101598463953, -0.00226662657224, 0.000519409310073, 0.00144074077252, 0.00141297851223, -0.00344813475385, 0.00190700008534, 0.00101878785063, -0.000627441215329], [-0.000127749633975, -4.33418426837e-005, 0.000240385517827, -0.00145848200191, -0.00226662657224, 0.0134108047932, -0.00930650625378, -0.000258821295574, 0.00121326779481, -0.000100142024166, 0.000284988462226, -0.000536770792678, -0.00063312461134], [0.000372386042727, -0.000598790298682, 0.00111345818732, 0.00155094405636, 0.000519409310073, -0.00930650625378, 0.0188161749393, -0.00801128614694, -0.00170656526461, 0.0045260945335, -0.000223287264816, -0.00145264330786, -0.000238488224568], [-0.000244643451879, 0.000146665915963, -0.00147618132178, 0.000697973591741, 0.00144074077252, -0.000258821295574, -0.00801128614694, 0.017229732126, -0.00356342829764, -0.0038737419527, 0.000349686772097, 0.000193574494915, 0.00147603242658], [0.000423424178734, -0.000601159234066, 0.0012005866738, -0.00327170244418, 0.00141297851223, 0.00121326779481, -0.00170656526461, -0.00356342829764, 0.0198456719518, -0.0100949946791, 0.00190391566139, 0.00361269991845, -0.00387433730066], [-0.000713593151886, 0.00109178281855, -0.0010188727174, 0.00253168842755, -0.00344813475385, -0.000100142024166, 0.0045260945335, -0.0038737419527, -0.0100949946791, 0.0251879766583, -0.00883769802749, -0.00487260287628, 0.00350583344698], [0.000838450447191, -0.00117383548059, 0.000820447399747, -0.000875231053215, 0.00190700008534, 0.000284988462226, -0.000223287264816, 0.000349686772097, 0.00190391566139, -0.00883769802749, 0.0196878090501, -0.00455353269354, 0.00113628257532], [-0.000199740898097, 0.000968712207396, -0.000408683088608, -0.000901252613403, 0.00101878785063, -0.000536770792678, -0.00145264330786, 0.000193574494915, 0.00361269991845, -0.00487260287628, -0.00455353269354, 0.0225916933268, -0.0106199979782], [-2.70938053291e-005, -8.27683907119e-005, 0.00014091967023, -0.000110154644062, -0.000627441215329, -0.00063312461134, -0.000238488224568, 0.00147603242658, -0.00387433730066, 0.00350583344698, 0.00113628257532, -0.0106199979782, 0.0229689572006]]
    sccoeffs:
        dmean: [0.0523919835687, 0.0484466142952, 0.0384251102805, 0.0305737573653, 0.0200236476958, 0.0175264123827]
        dmean2: [0.0853779390454, 0.0795539245009, 0.0626744255424, 0.0508647300303, 0.0335032790899, 0.0273199696094]
        dvar: [0.00170565198641, 0.00157949549612, 0.000925701693632, 0.000589241913985, 0.000250936223892, 0.000222470349399]
        dvar2: [0.00453995820135, 0.00399662274867, 0.0023599518463, 0.00157077657059, 0.000668007531203, 0.000488525780383]
        max: [-0.259962201118, -0.438006877899, -0.488072425127, -0.554176151752, -0.534740746021, -0.530645608902]
        mean: [-0.686272740364, -0.760961294174, -0.779916465282, -0.778933227062, -0.78816139698, -0.708593726158]
        median: [-0.694838047028, -0.770037174225, -0.788479983807, -0.784249782562, -0.792521297932, -0.706389546394]
        min: [-0.968138933182, -0.956318736076, -0.962901294231, -0.951050639153, -0.958343029022, -0.957686305046]
        var: [0.00654858723283, 0.00497704837471, 0.00404703663662, 0.0020675691776, 0.00111019914038, 0.00158397492487]
    scvalleys:
        dmean: [0.385000675917, 0.357204765081, 0.300107628107, 0.241148278117, 0.178201571107, 0.18297483027]
        dmean2: [0.639920949936, 0.591398715973, 0.477343469858, 0.377482444048, 0.272332251072, 0.260368973017]
        dvar: [0.111108794808, 0.100960604846, 0.0719021260738, 0.0555771514773, 0.0399781651795, 0.0494943670928]
        dvar2: [0.275008499622, 0.236288532615, 0.154234036803, 0.103712797165, 0.0643106997013, 0.0766423121095]
        max: [-5.39717054367, -4.76673793793, -5.2785358429, -5.64896678925, -5.59381437302, -7.70638084412]
        mean: [-6.99024200439, -6.61018228531, -6.79157829285, -6.84053897858, -6.4665927887, -9.82891845703]
        median: [-6.79674625397, -6.51070356369, -6.69850254059, -6.71893978119, -6.30475473404, -9.75158119202]
        min: [-26.9125938416, -27.8352108002, -27.2891044617, -27.4479389191, -27.3248939514, -27.3317489624]
        var: [1.00187253952, 0.726011753082, 0.801845133305, 0.644948840141, 0.529426932335, 0.578480839729]

rhythm:
    beats_loudness:
        dmean: 0.00174894952215
        dmean2: 0.00304873008281
        dvar: 2.05645710594e-006
        dvar2: 5.91345451539e-006
        max: 0.012621274218
        mean: 0.00589523417875
        median: 0.00598262064159
        min: 1.09375564161e-009
        var: 5.13232816957e-006
    bpm: 123.129882813
    bpm_confidence: 0
    first_peak_bpm: 123
    first_peak_spread: 0.281588464975
    first_peak_weight: 0.408624231815
    onset_rate: 2.00341391563
    second_peak_bpm: 92
    second_peak_spread: 0.212290480733
    second_peak_weight: 0.289527714252
    beats_loudness_band_ratio:
        dmean: [0.071577064693, 0.0732987597585, 0.0874989777803, 0.0681553855538, 0.104870080948, 0.0953242555261]
        dmean2: [0.125507324934, 0.130314812064, 0.154967486858, 0.120376735926, 0.181102246046, 0.167942509055]
        dvar: [0.006195504684, 0.00732951797545, 0.00928255170584, 0.00539782270789, 0.00826527085155, 0.00636085215956]
        dvar2: [0.017267620191, 0.0200267955661, 0.0257334969938, 0.0158548932523, 0.0243532266468, 0.0183979570866]
        max: [0.631107866764, 0.690572917461, 0.688345313072, 0.428970724344, 0.715202927589, 0.820650517941]
        mean: [0.0992207154632, 0.0910979881883, 0.11051838845, 0.114380352199, 0.316197216511, 0.303211629391]
        median: [0.0624635666609, 0.0631284713745, 0.0722492784262, 0.0726762413979, 0.306402534246, 0.29046985507]
        min: [0.000172852029209, 0.00161378260236, 0.00682843010873, 0.00499120214954, 0.0449392609298, 0.00861691683531]
        var: [0.0104507831857, 0.00744531396776, 0.0104354629293, 0.00843768659979, 0.010507773608, 0.0102362008765]
    beats_position: [0.487619042397, 0.975238084793, 1.46285712719, 1.95047616959, 2.43809509277, 2.92571425438, 3.41333317757, 3.90095233917, 4.37696123123, 4.86458063126, 5.34058952332, 5.8282084465, 6.31582736969, 6.80344676971, 7.2910656929, 7.77868461609, 8.26630401611, 8.75392246246, 9.24154186249, 9.72916126251, 10.2167797089, 10.7043991089, 11.1920175552, 11.6796369553, 12.1672563553, 12.6548748016, 13.1424942017, 13.6301136017, 14.117732048, 14.6053514481, 15.0929698944, 15.5689792633, 16.0565986633, 16.5326080322, 17.0202255249, 17.5078449249, 18.0070743561, 18.5063037872, 18.9939231873, 19.4931507111, 20.0039901733, 20.5148296356, 21.0256690979, 21.5365066528, 22.035736084, 22.523355484, 23.010974884, 23.4985942841, 23.9862117767, 24.4738311768, 24.9614505768, 25.4490699768, 25.9366893768, 26.4243087769, 26.9119262695, 27.3995456696, 27.8871650696, 28.3863945007, 28.8856239319, 29.3964614868, 29.9073009491, 30.4181404114, 30.9289798737, 31.4282073975, 31.9274368286, 32.4150543213, 32.9142837524, 33.4135131836, 33.901134491, 34.3771438599, 34.8531494141, 35.3407707214, 35.8283882141, 36.3160095215, 36.8036270142, 37.2912483215, 37.7788658142, 38.2780952454, 38.765712738, 39.2417221069, 39.7293434143, 40.216960907, 40.7045783997, 41.192199707, 41.6682090759, 42.1558265686, 42.6318359375, 43.1194534302, 43.6070747375, 44.0946922302, 44.5823135376, 45.0699310303, 45.5575485229, 46.0451698303, 46.532787323, 47.0204086304, 47.508026123, 47.9956436157, 48.4832649231, 48.9708824158, 49.4585037231, 49.9461212158, 50.4337387085, 50.9213600159, 51.4089775085, 51.8965988159, 52.3842163086, 52.871837616, 53.3594551086, 53.8470726013, 54.3346939087, 54.8223114014, 55.3215408325, 55.8207702637, 56.3199996948, 56.8308372498, 57.3416786194, 57.8525161743, 58.3517456055, 58.8393630981, 59.3269844055, 59.8262138367, 60.3254394531, 60.8130607605, 61.3006782532, 61.7882995605, 62.2759170532, 62.7635345459, 63.2511558533, 63.7387733459, 64.2147827148, 64.6907958984, 65.1668014526, 65.6660308838, 66.1536483765, 66.6528778076, 67.1404953003, 67.6165084839, 68.1041259766, 68.5917434692, 69.0793609619, 69.566986084, 70.0546035767, 70.5538330078, 71.0414505005, 71.5174560547, 71.9934692383, 72.4694747925, 72.9338760376, 73.3982772827, 73.8626708984, 74.3502960205, 74.8379135132, 75.3255310059, 75.8015441895, 76.2775497437, 76.7535552979, 77.2295684814, 77.6823577881, 78.1583633423, 78.6459884644, 79.133605957, 79.6212234497, 80.1088409424, 80.5964584351, 81.0840835571, 81.5717010498, 82.0593185425, 82.5469360352, 83.0345535278, 83.5221786499, 84.0097961426, 84.4974136353, 84.9850311279, 85.4726486206, 85.9602737427, 86.4478912354, 86.935508728, 87.4231262207, 87.9107437134, 88.3983688354, 88.8859863281, 89.3619918823, 89.8380050659, 90.3256225586, 90.8248519897, 91.3124694824, 91.8000869751, 92.2761001587, 92.7637176514, 93.2397232056, 93.7273483276, 94.2149658203, 94.702583313, 95.2018127441, 95.6894302368, 96.1770477295, 96.6646728516, 97.1406784058, 97.61668396, 98.104309082, 98.5919265747, 99.0795440674, 99.5671615601, 100.054779053, 100.542404175, 101.030021667, 101.51763916, 102.005256653, 102.481269836, 102.968887329, 103.456504822, 103.932518005, 104.420135498, 104.907752991, 105.395370483, 105.882987976, 106.370613098, 106.858230591, 107.345848083, 107.833465576, 108.321083069, 108.808708191, 109.284713745, 109.772331238, 110.25995636, 110.759178162, 111.246803284, 111.734420776, 112.210426331, 112.686439514, 113.174057007, 113.6616745, 114.160903931, 114.648521423, 115.136146545, 115.6121521, 116.099769592, 116.587387085, 117.075012207, 117.5626297, 118.050247192, 118.537864685, 119.025482178, 119.5131073, 120.000724792, 120.488342285, 120.975959778, 121.475189209, 121.97441864, 122.462036133, 122.938049316, 123.414054871, 123.890068054, 124.366073608, 124.853691101, 125.341316223, 125.828933716, 126.328163147, 126.827392578, 127.338226318, 127.849067688, 128.359909058, 128.870742798, 129.35836792, 129.86920166, 130.368438721, 130.856048584, 131.355285645, 131.842895508, 132.33052063, 132.818145752, 133.305755615, 133.781768799, 134.269378662, 134.745391846, 135.233016968, 135.720626831, 136.208251953, 136.684265137, 137.183486938, 137.671112061, 138.158721924, 138.623123169, 139.099136353, 139.575149536, 140.062759399, 140.550384521, 141.037994385, 141.525619507, 142.013244629, 142.500854492, 143.011703491, 143.510925293, 144.010162354, 144.497772217, 144.985397339, 145.635559082, 146.285705566, 146.93586731, 147.586029053, 148.236190796, 148.886352539, 149.524902344, 150.16343689, 150.813598633, 151.463760376, 152.113922119, 152.764083862, 153.414230347, 154.06439209, 154.702941895, 155.341491699, 155.991653442, 156.641815186, 157.291976929, 157.942123413, 158.592285156, 159.242446899, 159.880996704, 160.519546509, 161.169708252, 161.819854736, 162.470016479, 163.120178223, 163.770339966, 164.420501709, 165.070648193, 165.720809937, 166.37097168, 167.021133423, 167.671295166, 168.32144165, 168.971603394, 169.621765137, 170.283538818, 170.933700562, 171.595458984, 172.245620728, 172.895782471, 173.545944214, 174.184494019, 174.834640503, 175.473190308, 176.123352051, 176.773513794, 177.423675537, 178.073822021, 178.723983765, 179.374145508, 180.024307251, 180.662857056, 181.30140686, 181.951568604, 182.601715088, 183.251876831, 183.902038574, 184.540588379, 185.190750122, 185.829299927, 186.479446411, 187.129608154, 187.779769897, 188.429931641, 189.080093384, 189.730239868, 190.380401611, 191.030563354, 191.680725098, 192.319274902, 192.969436646, 193.607971191, 194.258132935, 194.919906616, 195.581680298, 196.231826782, 196.881988525, 197.532150269, 198.182312012, 198.820861816, 199.459411621, 200.109558105, 200.759719849, 201.398269653, 202.048431396, 202.710205078, 203.360351563, 204.010513306, 204.660675049, 205.310836792, 205.960998535, 206.611160278, 207.249694824, 207.888244629, 208.538406372, 209.188568115, 209.850341797, 210.500488281, 211.139038086, 211.777587891, 212.416137695, 213.077911377, 213.72807312, 214.389831543, 215.039993286, 215.690155029, 216.328704834, 216.967254639, 217.617416382, 218.267562866, 218.917724609, 219.567886353, 220.218048096, 220.868209839, 221.518356323, 222.168518066, 222.81867981, 223.468841553, 224.119003296, 224.76914978, 225.419311523, 226.057861328, 226.708023071, 227.358184814, 227.996734619, 228.623672485, 229.273834229, 229.935592651, 230.597366333, 231.247528076, 231.886077881, 232.524627686, 233.17477417, 233.836547852, 234.498321533, 235.148483276, 235.798629761, 236.448791504, 237.098953247, 237.760726929, 238.410873413, 239.061035156, 239.722808838, 240.372970581, 241.011520386, 241.65007019, 242.288604736, 242.927154541, 243.565704346, 244.215866089, 244.877639771, 245.527801514, 246.177947998, 246.816497803, 247.466659546, 248.116821289, 248.755371094, 249.405532837, 250.05569458, 250.705841064, 251.344390869, 251.982940674, 252.633102417, 253.28326416, 253.933425903, 254.583572388, 255.233734131, 255.883895874, 256.534057617, 257.184204102, 257.834381104, 258.484527588, 259.134674072, 259.784851074, 260.434997559, 261.085174561, 261.596008301, 262.106842041, 262.617675781, 263.116912842, 263.616149902, 264.115356445, 264.637817383, 265.171875, 265.705932617, 266.228393555, 266.762451172, 267.296508789]
