
metadata:
    version:
        essentia: "2.1-beta2"
    audio_properties:
        analysis_sample_rate: 44100
        bitrate: 320
        channels: 2
        equal_loudness: 1
        length: 268.852233887
        replay_gain: -14.7055263519
        downmix: "mix"
    tags:
        album: "Born From Ashes"
        artist: "Born From Ashes"
        comment: ""
        date: "2013"
        genre: "Alternative Metal / Alternative Rock"
        title: "Face Down"
        tracknumber: "7/10"

configuration:
    average_loudness:
        compute: 1
        frameSize: 88200
        hopSize: 44100
        silentFrames: "noise"
        windowType: "hann"
    general:
        analysisSampleRate: 44100
        endTime: 2000
        equalLoudness: 1
        nequalLoudness: 0
        shortSound: 0
        startTime: 0
    lowlevel:
        compute: 1
        frameSize: 2048
        hopSize: 1024
        zeroPadding: 0
        silentFrames: "noise"
        windowType: "blackmanharris62"
        mfccStats: ["mean", "cov", "icov"]
        stats: ["mean", "var", "median", "min", "max", "dmean", "dmean2", "dvar", "dvar2"]
    panning:
        compute: 0
        frameSize: 8192
        hopSize: 2048
        zeroPadding: 8192
        silentFrames: "noise"
        windowType: "hann"
        stats: ["copy"]
    rhythm:
        compute: 1
        maxTempo: 208
        minTempo: 40
        method: "degara"
        stats: ["mean", "var", "median", "min", "max", "dmean", "dmean2", "dvar", "dvar2"]
    segmentation:
        compute: 0
        cpw: 5
        inc1: 300
        inc2: 50
        minimumSegmentsLength: 10
        size1: 1000
        size2: 600
    sfx:
        compute: 1
        stats: ["mean", "var", "median", "min", "max", "dmean", "dmean2", "dvar", "dvar2"]
    svm:
        compute: 0
    tonal:
        compute: 1
        frameSize: 4096
        hopSize: 2048
        zeroPadding: 0
        silentFrames: "noise"
        windowType: "blackmanharris62"
        stats: ["mean", "var", "median", "min", "max", "dmean", "dmean2", "dvar", "dvar2"]

lowlevel:
    average_loudness: 0.961461901665
    barkbands_kurtosis:
        dmean: 0.806897342205
        dmean2: 1.31079995632
        dvar: 2.46620345116
        dvar2: 6.59463882446
        max: 69.7277603149
        mean: -0.106601580977
        median: -0.658372044563
        min: -1.86345124245
        var: 3.95661258698
    barkbands_skewness:
        dmean: 0.360330611467
        dmean2: 0.565702795982
        dvar: 0.13069050014
        dvar2: 0.312493354082
        max: 7.72056007385
        mean: -0.581462562084
        median: -0.60915094614
        min: -3.57346200943
        var: 0.649983406067
    barkbands_spread:
        dmean: 5.34945249557
        dmean2: 8.6809463501
        dvar: 32.0521278381
        dvar2: 81.759979248
        max: 71.0433273315
        mean: 28.0711917877
        median: 26.9188652039
        min: 1.38257789612
        var: 86.0489654541
    dissonance:
        dmean: 0.00987120810896
        dmean2: 0.0167395472527
        dvar: 0.000130996195367
        dvar2: 0.000357397511834
        max: 0.500000178814
        mean: 0.484156668186
        median: 0.489039361477
        min: 0.218629717827
        var: 0.00024619125179
    hfc:
        dmean: 2.188778162
        dmean2: 3.41147780418
        dvar: 5.07973670959
        dvar2: 11.3643264771
        max: 54.5200614929
        mean: 12.7695302963
        median: 12.9797840118
        min: 1.16041052084e-016
        var: 30.7705688477
    pitch:
        dmean: 801.020629883
        dmean2: 1510.50195313
        dvar: 1460699
        dvar2: 3617912.5
        max: 4518.71533203
        mean: 1475.08752441
        median: 488.906402588
        min: 48.6139526367
        var: 2380133.5
    pitch_instantaneous_confidence:
        dmean: 0.0754388719797
        dmean2: 0.124570980668
        dvar: 0.00416793581098
        dvar2: 0.0103357769549
        max: 0.9334436059
        mean: 0.362026304007
        median: 0.338371545076
        min: 0.126211225986
        var: 0.0149641148746
    pitch_salience:
        dmean: 0.0523193329573
        dmean2: 0.0863023847342
        dvar: 0.00229215389118
        dvar2: 0.00590558582917
        max: 0.868700385094
        mean: 0.676461040974
        median: 0.694015979767
        min: 0.167673185468
        var: 0.00765909533948
    silence_rate_20dB:
        dmean: 0
        dmean2: 0
        dvar: 0
        dvar2: 0
        max: 1
        mean: 1
        median: 1
        min: 1
        var: 0
    silence_rate_30dB:
        dmean: 0
        dmean2: 0
        dvar: 0
        dvar2: 0
        max: 1
        mean: 1
        median: 1
        min: 1
        var: 0
    silence_rate_60dB:
        dmean: 0.0291907768697
        dmean2: 0.0583865940571
        dvar: 0.0283406060189
        dvar2: 0.0641394853592
        max: 1
        mean: 0.0976683944464
        median: 0
        min: 0
        var: 0.0881294161081
    spectral_centroid:
        dmean: 234.434020996
        dmean2: 366.777862549
        dvar: 60088.4257813
        dvar2: 132492.265625
        max: 10948.5097656
        mean: 2167.55810547
        median: 2232.42773438
        min: 154.790176392
        var: 313317.78125
    spectral_complexity:
        dmean: 3.58200192451
        dmean2: 5.82794952393
        dvar: 9.55540370941
        dvar2: 23.1452674866
        max: 46
        mean: 23.5435237885
        median: 25
        min: 0
        var: 72.4885940552
    spectral_crest:
        dmean: 1.69591164589
        dmean2: 2.82772731781
        dvar: 2.88909363747
        dvar2: 7.56766176224
        max: 23.2701377869
        mean: 6.532746315
        median: 5.80287647247
        min: 2.48814201355
        var: 6.7676615715
    spectral_decrease:
        dmean: 2.2247642617e-010
        dmean2: 3.52517182112e-010
        dvar: 5.32221577049e-020
        dvar2: 1.24859643517e-019
        max: -1.14234006868e-028
        mean: -1.25325483324e-009
        median: -1.24163446191e-009
        min: -3.3734712801e-009
        var: 2.35225816081e-019
    spectral_energy:
        dmean: 0.000989251188003
        dmean2: 0.00156133319251
        dvar: 9.95668983705e-007
        dvar2: 2.2913891371e-006
        max: 0.017384564504
        mean: 0.00588831072673
        median: 0.00589044578373
        min: 1.09564014165e-020
        var: 5.01323347635e-006
    spectral_energyband_high:
        dmean: 0.000184071657714
        dmean2: 0.000298426224617
        dvar: 3.28737463917e-008
        dvar2: 8.69234000334e-008
        max: 0.00325214117765
        mean: 0.000701773620676
        median: 0.000726192549337
        min: 8.02909404702e-021
        var: 1.50331729287e-007
    spectral_energyband_low:
        dmean: 0.000175141802174
        dmean2: 0.000296924059512
        dvar: 7.83299753948e-008
        dvar2: 2.1450178167e-007
        max: 0.00379783217795
        mean: 0.000287308299448
        median: 0.000192660168977
        min: 5.8531207248e-023
        var: 9.85718457969e-008
    spectral_energyband_middle_high:
        dmean: 0.000749904836994
        dmean2: 0.00117755751126
        dvar: 6.11596703948e-007
        dvar2: 1.38051314025e-006
        max: 0.0137353856117
        mean: 0.00372477946803
        median: 0.00354481977411
        min: 1.78718187456e-021
        var: 3.34908418154e-006
    spectral_energyband_middle_low:
        dmean: 0.000545563350897
        dmean2: 0.000875233265106
        dvar: 6.42044255983e-007
        dvar2: 1.58230375291e-006
        max: 0.0102948676795
        mean: 0.00134320580401
        median: 0.000961244280916
        min: 2.50508321412e-022
        var: 1.36090432079e-006
    spectral_flatness_db:
        dmean: 0.01222798042
        dmean2: 0.0188754089177
        dvar: 0.000139850570122
        dvar2: 0.000310358009301
        max: 0.357177555561
        mean: 0.155588537455
        median: 0.152237936854
        min: 0.0563437864184
        var: 0.000706740131136
    spectral_flux:
        dmean: 0.00678223185241
        dmean2: 0.0107088275254
        dvar: 4.71454986837e-005
        dvar2: 0.000111016684968
        max: 0.126127615571
        mean: 0.0473292991519
        median: 0.047257900238
        min: 1.04672832901e-010
        var: 0.000201440532692
    spectral_kurtosis:
        dmean: 1.05554914474
        dmean2: 1.80981123447
        dvar: 1.42679572105
        dvar2: 4.12856292725
        max: 47.3702125549
        mean: 3.9823756218
        median: 3.54251480103
        min: -1.23237264156
        var: 4.25514125824
    spectral_rms:
        dmean: 0.000201369970455
        dmean2: 0.000315232406138
        dvar: 3.99250801308e-008
        dvar2: 8.92354705684e-008
        max: 0.0041183186695
        mean: 0.00233160448261
        median: 0.00239724339917
        min: 3.26942986573e-012
        var: 3.08312280595e-007
    spectral_rolloff:
        dmean: 241.55380249
        dmean2: 392.428527832
        dvar: 98455.796875
        dvar2: 204981
        max: 18130.9570313
        mean: 3704.21337891
        median: 3832.91015625
        min: 107.666015625
        var: 462704.9375
    spectral_skewness:
        dmean: 0.148912504315
        dmean2: 0.24374973774
        dvar: 0.0208499878645
        dvar2: 0.0509691163898
        max: 4.58469295502
        mean: 1.19019734859
        median: 1.14177572727
        min: 0.0264015998691
        var: 0.128744781017
    spectral_spread:
        dmean: 296225.8125
        dmean2: 428791.9375
        dvar: 215951867904
        dvar2: 305899995136
        max: 41667568
        mean: 3823726
        median: 3638165.75
        min: 1025736.375
        var: 1.25819106099e+012
    spectral_strongpeak:
        dmean: 0.655635714531
        dmean2: 1.11070644855
        dvar: 0.661254405975
        dvar2: 1.69973170757
        max: 15.3112602234
        mean: 1.08261537552
        median: 0.739940047264
        min: 2.47257059272e-009
        var: 1.32674384117
    zerocrossingrate:
        dmean: 0.00691690295935
        dmean2: 0.00852261204273
        dvar: 5.25562754774e-005
        dvar2: 6.37640114292e-005
        max: 0.51611328125
        mean: 0.114632248878
        median: 0.1171875
        min: 0.01416015625
        var: 0.000569824653212
    barkbands:
        dmean: [1.76456026679e-007, 3.86083083868e-005, 0.00011577244004, 0.0001095672269, 0.000188804478967, 0.000100093777291, 9.60303950706e-005, 0.000131066684844, 0.000155072222697, 0.000178979651537, 0.000117309908092, 8.75200130395e-005, 7.1655085776e-005, 7.52038904466e-005, 0.000120003744087, 0.000226902047871, 0.000251733988989, 0.000157009955728, 0.00027843870339, 0.000224586299737, 0.000105179315142, 1.81878476724e-005, 2.37436643147e-006, 1.1163634781e-006, 4.26590105462e-007, 2.32217178819e-008, 4.01666672145e-010]
        dmean2: [2.58367350625e-007, 6.65192055749e-005, 0.000198297944735, 0.000180532661034, 0.000314307253575, 0.00016500595666, 0.000157851201948, 0.000213223494939, 0.00024803011911, 0.000284681387711, 0.000191464801901, 0.000143493147334, 0.000118766234664, 0.000120948076074, 0.000192507955944, 0.000367209955584, 0.000412893859902, 0.000253665464697, 0.000457705318695, 0.000373572256649, 0.00017532237689, 2.93301109195e-005, 3.61510069524e-006, 1.59571220593e-006, 6.20252535555e-007, 3.40644064067e-008, 6.63358479258e-010]
        dvar: [1.34014612016e-013, 5.68503377707e-009, 3.5978693802e-008, 2.70701114857e-008, 1.39420947676e-007, 8.6572775615e-008, 6.00302527687e-008, 1.80872390843e-007, 1.04129867395e-007, 1.34037009047e-007, 5.2272952189e-008, 2.71349325232e-008, 1.96336635838e-008, 2.91799722163e-008, 6.04209233757e-008, 1.33694754822e-007, 1.1201860417e-007, 7.15197572276e-008, 9.87616957104e-008, 6.75196076827e-008, 1.07518882686e-008, 7.50947748429e-010, 2.58412614224e-011, 5.17893497184e-012, 1.38209289933e-012, 4.99858324965e-015, 5.16959396813e-019]
        dvar2: [2.81950867818e-013, 1.59368038766e-008, 9.90247741584e-008, 6.88434056428e-008, 3.65095672805e-007, 2.27131820907e-007, 1.48428270563e-007, 4.51139953839e-007, 2.49419315423e-007, 3.26347702639e-007, 1.34121137307e-007, 7.28083549006e-008, 5.13089908338e-008, 6.99173767771e-008, 1.43927834984e-007, 3.23238538158e-007, 2.81828022253e-007, 1.62375698665e-007, 2.44537204708e-007, 1.683726083e-007, 2.95703355135e-008, 1.57898927267e-009, 5.28515911591e-011, 1.02601755217e-011, 2.81955014891e-012, 9.78676605631e-015, 1.11620971949e-018]
        max: [7.16508702681e-006, 0.000701951386873, 0.00243339966983, 0.00338962581009, 0.00827198009938, 0.00855265371501, 0.00563417840749, 0.0095750335604, 0.00672021042556, 0.00857740081847, 0.00440343981609, 0.00289863720536, 0.00483748596162, 0.00455780187622, 0.00478922855109, 0.0080259013921, 0.00686498079449, 0.00875975098461, 0.00681396014988, 0.0109737245366, 0.00153434788808, 0.00151907629333, 0.000168105456396, 7.04458871041e-005, 4.51917076134e-005, 2.23436450142e-006, 1.48977425951e-008]
        mean: [2.23954714329e-007, 5.88521288591e-005, 0.000155711561092, 0.000160368013894, 0.000303646316752, 0.000138460556627, 0.000132187647978, 0.000198077454115, 0.000269016774837, 0.000343895691913, 0.000215839798329, 0.0001684014278, 0.000128727755509, 0.00013106285769, 0.000222424874664, 0.000493775354698, 0.00058290787274, 0.00035328938975, 0.000775083724875, 0.000667185639031, 0.000326382374624, 5.27669326402e-005, 6.22454899712e-006, 2.79630899058e-006, 9.53669086812e-007, 5.19321901038e-008, 6.45788977849e-010]
        median: [1.8646227673e-008, 3.91736612073e-005, 8.74489487614e-005, 9.28364606807e-005, 0.000164480850799, 7.06059217919e-005, 5.7873181504e-005, 5.5194424931e-005, 8.61414155224e-005, 0.000119070457004, 6.31751754554e-005, 6.03541338933e-005, 6.72891983413e-005, 5.66205490031e-005, 0.000116886294563, 0.000334950658726, 0.000451600993983, 0.000275640108157, 0.000701568613295, 0.000651371432468, 0.000328318448737, 4.84558258904e-005, 4.64070853923e-006, 1.63171716849e-006, 5.47120066585e-007, 2.47818832122e-008, 3.12020742577e-010]
        min: [8.06220341643e-024, 2.9664994434e-023, 2.04608478041e-023, 3.69738514631e-024, 3.95363517289e-023, 4.99774306805e-023, 3.79860128582e-023, 5.0542961908e-023, 6.10224489193e-023, 1.96001942456e-023, 9.99158032799e-023, 1.12103660089e-022, 1.91979588032e-022, 1.45887934709e-022, 2.07068048524e-022, 1.29732757568e-022, 3.1348696236e-022, 2.0417149012e-022, 2.47410104917e-022, 2.99148727521e-022, 4.37430616844e-022, 5.66243297539e-022, 7.81305107118e-022, 9.71856137471e-022, 1.34720852551e-021, 1.64553749403e-021, 2.236513815e-021]
        var: [2.17165776464e-013, 5.18441956032e-009, 4.22396269073e-008, 4.49152288695e-008, 1.94500785256e-007, 8.26138304433e-008, 7.7728984138e-008, 2.82956790443e-007, 2.41199444417e-007, 3.87604217167e-007, 1.29766263512e-007, 6.33484447121e-008, 3.24079358904e-008, 5.56961268217e-008, 1.33435889893e-007, 3.51518735897e-007, 2.98506591889e-007, 1.39114035846e-007, 2.83518829747e-007, 1.72797612663e-007, 3.66627581627e-008, 2.09361816772e-009, 5.90517773569e-011, 1.423235748e-011, 3.27893441565e-012, 1.10622613026e-014, 1.11443262534e-018]
    frequency_bands:
        dmean: [1.76456026679e-007, 3.86083083868e-005, 0.00011577244004, 0.0001095672269, 0.000188804478967, 0.000100093777291, 9.60303950706e-005, 0.000131066684844, 0.000155072222697, 0.000178979651537, 0.000117309908092, 8.75200130395e-005, 7.1655085776e-005, 7.52038904466e-005, 0.000120003744087, 0.000226902047871, 0.000251733988989, 0.000157009955728, 0.00027843870339, 0.000224586299737, 0.000105179315142, 1.81878476724e-005, 2.37436643147e-006, 1.1163634781e-006, 4.26590105462e-007, 2.32217178819e-008, 4.01666672145e-010, 6.82945158759e-011]
        dmean2: [2.58367350625e-007, 6.65192055749e-005, 0.000198297944735, 0.000180532661034, 0.000314307253575, 0.00016500595666, 0.000157851201948, 0.000213223494939, 0.00024803011911, 0.000284681387711, 0.000191464801901, 0.000143493147334, 0.000118766234664, 0.000120948076074, 0.000192507955944, 0.000367209955584, 0.000412893859902, 0.000253665464697, 0.000457705318695, 0.000373572256649, 0.00017532237689, 2.93301109195e-005, 3.61510069524e-006, 1.59571220593e-006, 6.20252535555e-007, 3.40644064067e-008, 6.63358479258e-010, 1.26456262128e-010]
        dvar: [1.34014612016e-013, 5.68503377707e-009, 3.5978693802e-008, 2.70701114857e-008, 1.39420947676e-007, 8.6572775615e-008, 6.00302527687e-008, 1.80872390843e-007, 1.04129867395e-007, 1.34037009047e-007, 5.2272952189e-008, 2.71349325232e-008, 1.96336635838e-008, 2.91799722163e-008, 6.04209233757e-008, 1.33694754822e-007, 1.1201860417e-007, 7.15197572276e-008, 9.87616957104e-008, 6.75196076827e-008, 1.07518882686e-008, 7.50947748429e-010, 2.58412614224e-011, 5.17893497184e-012, 1.38209289933e-012, 4.99858324965e-015, 5.16959396813e-019, 8.31613864428e-021]
        dvar2: [2.81950867818e-013, 1.59368038766e-008, 9.90247741584e-008, 6.88434056428e-008, 3.65095672805e-007, 2.27131820907e-007, 1.48428270563e-007, 4.51139953839e-007, 2.49419315423e-007, 3.26347702639e-007, 1.34121137307e-007, 7.28083549006e-008, 5.13089908338e-008, 6.99173767771e-008, 1.43927834984e-007, 3.23238538158e-007, 2.81828022253e-007, 1.62375698665e-007, 2.44537204708e-007, 1.683726083e-007, 2.95703355135e-008, 1.57898927267e-009, 5.28515911591e-011, 1.02601755217e-011, 2.81955014891e-012, 9.78676605631e-015, 1.11620971949e-018, 2.64002657341e-020]
        max: [7.16508702681e-006, 0.000701951386873, 0.00243339966983, 0.00338962581009, 0.00827198009938, 0.00855265371501, 0.00563417840749, 0.0095750335604, 0.00672021042556, 0.00857740081847, 0.00440343981609, 0.00289863720536, 0.00483748596162, 0.00455780187622, 0.00478922855109, 0.0080259013921, 0.00686498079449, 0.00875975098461, 0.00681396014988, 0.0109737245366, 0.00153434788808, 0.00151907629333, 0.000168105456396, 7.04458871041e-005, 4.51917076134e-005, 2.23436450142e-006, 1.48977425951e-008, 1.1718165327e-009]
        mean: [2.23954714329e-007, 5.88521288591e-005, 0.000155711561092, 0.000160368013894, 0.000303646316752, 0.000138460556627, 0.000132187647978, 0.000198077454115, 0.000269016774837, 0.000343895691913, 0.000215839798329, 0.0001684014278, 0.000128727755509, 0.00013106285769, 0.000222424874664, 0.000493775354698, 0.00058290787274, 0.00035328938975, 0.000775083724875, 0.000667185639031, 0.000326382374624, 5.27669326402e-005, 6.22454899712e-006, 2.79630899058e-006, 9.53669086812e-007, 5.19321901038e-008, 6.45788977849e-010, 5.37309086113e-011]
        median: [1.8646227673e-008, 3.91736612073e-005, 8.74489487614e-005, 9.28364606807e-005, 0.000164480850799, 7.06059217919e-005, 5.7873181504e-005, 5.5194424931e-005, 8.61414155224e-005, 0.000119070457004, 6.31751754554e-005, 6.03541338933e-005, 6.72891983413e-005, 5.66205490031e-005, 0.000116886294563, 0.000334950658726, 0.000451600993983, 0.000275640108157, 0.000701568613295, 0.000651371432468, 0.000328318448737, 4.84558258904e-005, 4.64070853923e-006, 1.63171716849e-006, 5.47120066585e-007, 2.47818832122e-008, 3.12020742577e-010, 2.29410466318e-011]
        min: [8.06220341643e-024, 2.9664994434e-023, 2.04608478041e-023, 3.69738514631e-024, 3.95363517289e-023, 4.99774306805e-023, 3.79860128582e-023, 5.0542961908e-023, 6.10224489193e-023, 1.96001942456e-023, 9.99158032799e-023, 1.12103660089e-022, 1.91979588032e-022, 1.45887934709e-022, 2.07068048524e-022, 1.29732757568e-022, 3.1348696236e-022, 2.0417149012e-022, 2.47410104917e-022, 2.99148727521e-022, 4.37430616844e-022, 5.66243297539e-022, 7.81305107118e-022, 9.71856137471e-022, 1.34720852551e-021, 1.64553749403e-021, 2.236513815e-021, 6.9885397115e-022]
        var: [2.17165776464e-013, 5.18441956032e-009, 4.22396269073e-008, 4.49152288695e-008, 1.94500785256e-007, 8.26138304433e-008, 7.7728984138e-008, 2.82956790443e-007, 2.41199444417e-007, 3.87604217167e-007, 1.29766263512e-007, 6.33484447121e-008, 3.24079358904e-008, 5.56961268217e-008, 1.33435889893e-007, 3.51518735897e-007, 2.98506591889e-007, 1.39114035846e-007, 2.83518829747e-007, 1.72797612663e-007, 3.66627581627e-008, 2.09361816772e-009, 5.90517773569e-011, 1.423235748e-011, 3.27893441565e-012, 1.10622613026e-014, 1.11443262534e-018, 6.76399884831e-021]
    mfcc:
        mean: [-695.502929688, 95.4299316406, -69.4380722046, 59.6110153198, -19.8416042328, -3.88093757629, 1.59498918056, -3.242811203, 4.86449480057, -4.25852918625, -11.1771354675, -5.09481143951, -3.0072491169]
        cov: [[4529.91943359, 515.412475586, -702.504638672, 416.753479004, -383.787109375, -17.0789375305, 8.94149875641, 25.4367275238, 103.133140564, -4.60796546936, -99.7833023071, 48.3937149048, -7.53836154938], [515.412475586, 774.465820313, -252.9947052, 18.0133323669, -70.2371139526, -31.430223465, 87.6679992676, -9.60101222992, -26.5086765289, -30.5415763855, 3.74569225311, -45.3919372559, -13.3124933243], [-702.504638672, -252.9947052, 480.877288818, -11.1316213608, 112.568832397, 48.9060249329, 0.521401524544, 49.8639526367, 1.4525359869, 27.3649768829, 43.109828949, 40.6691360474, 13.5280303955], [416.753479004, 18.0133323669, -11.1316213608, 477.308563232, 126.891281128, 40.9306411743, -70.5958786011, -72.274307251, 70.1237258911, 19.1865673065, -5.58700704575, 30.3619995117, 32.3783454895], [-383.787109375, -70.2371139526, 112.568832397, 126.891281128, 244.968276978, 36.1311798096, -56.1901245117, -60.9348602295, -8.70792102814, 15.7829284668, -1.52882373333, -4.33069753647, 7.52318716049], [-17.0789375305, -31.430223465, 48.9060249329, 40.9306411743, 36.1311798096, 157.946289063, 81.4469604492, 44.3301391602, 21.1584815979, -0.515431821346, 6.13139915466, 20.576505661, 14.1307420731], [8.94149875641, 87.6679992676, 0.521401524544, -70.5958786011, -56.1901245117, 81.4469604492, 181.486419678, 108.923698425, 9.04761219025, -14.9908504486, 7.83771276474, 15.3706007004, 11.7809123993], [25.4367275238, -9.60101222992, 49.8639526367, -72.274307251, -60.9348602295, 44.3301391602, 108.923698425, 165.228286743, 57.2563819885, 22.3539161682, 11.9074077606, 25.7199668884, 9.14508724213], [103.133140564, -26.5086765289, 1.4525359869, 70.1237258911, -8.70792102814, 21.1584815979, 9.04761219025, 57.2563819885, 117.75717926, 48.6267852783, 7.59546041489, 20.5523223877, 9.20095443726], [-4.60796546936, -30.5415763855, 27.3649768829, 19.1865673065, 15.7829284668, -0.515431821346, -14.9908504486, 22.3539161682, 48.6267852783, 88.380569458, 40.1447677612, 19.6133594513, -4.78384065628], [-99.7833023071, 3.74569225311, 43.109828949, -5.58700704575, -1.52882373333, 6.13139915466, 7.83771276474, 11.9074077606, 7.59546041489, 40.1447677612, 86.3162307739, 34.201965332, 6.79414987564], [48.3937149048, -45.3919372559, 40.6691360474, 30.3619995117, -4.33069753647, 20.576505661, 15.3706007004, 25.7199668884, 20.5523223877, 19.6133594513, 34.201965332, 81.3858947754, 35.2095870972], [-7.53836154938, -13.3124933243, 13.5280303955, 32.3783454895, 7.52318716049, 14.1307420731, 11.7809123993, 9.14508724213, 9.20095443726, -4.78384065628, 6.79414987564, 35.2095870972, 63.1067123413]]
        icov: [[0.000439982599346, -0.000163424163475, 0.000429754465586, -0.000576647580601, 0.000790218880866, -0.000264837261057, 0.000389099877793, -0.000404708756832, 0.00038187528844, -0.000372484588297, 0.000682705838699, -0.000644932675641, 0.000375344243366], [-0.000163424163475, 0.00197569769807, 0.000715298461728, -0.000251806079177, -0.000362973310985, 0.00103364395909, -0.00193350738846, 0.000467693607789, 0.000157947622938, 0.000331912189722, -0.0013154722983, 0.00136592134368, -0.000140231102705], [0.000429754465586, 0.000715298461728, 0.00373572995886, -0.000422592827817, -0.000960993464105, -0.000431139749708, 0.000806744035799, -0.00234170933254, 0.00123024638742, 0.000129487569211, -0.000935026153456, -0.00111666275188, 0.000572218035813], [-0.000576647580601, -0.000251806079177, -0.000422592827817, 0.00434150965884, -0.00240935618058, -0.000737588910852, 0.000383097445592, 0.00246680667624, -0.00368054839782, 0.00124151958153, -0.000418890471337, -0.000683654623572, -0.00117825646885], [0.000790218880866, -0.000362973310985, -0.000960993464105, -0.00240935618058, 0.00830906908959, -0.00262351054698, 0.00178945506923, 0.00112772302236, 0.00217545940541, -0.00317990314215, 0.00236738403328, 0.00059272890212, -0.000584397930652], [-0.000264837261057, 0.00103364395909, -0.000431139749708, -0.000737588910852, -0.00262351054698, 0.0109842903912, -0.00695626111701, 0.00108528020792, -0.00157681002747, 0.00100948149338, -0.000734748376999, -0.000360914622433, 0.000238681823248], [0.000389099877793, -0.00193350738846, 0.000806744035799, 0.000383097445592, 0.00178945506923, -0.00695626111701, 0.0161929447204, -0.00955179706216, 0.00293449638411, 0.00260848528706, -0.000538789958227, -0.000878798542544, -0.000707121216692], [-0.000404708756832, 0.000467693607789, -0.00234170933254, 0.00246680667624, 0.00112772302236, 0.00108528020792, -0.00955179706216, 0.0174494106323, -0.0079206423834, -0.00189993472304, 0.00129110051785, -0.00110820541158, -0.000346214481397], [0.00038187528844, 0.000157947622938, 0.00123024638742, -0.00368054839782, 0.00217545940541, -0.00157681002747, 0.00293449638411, -0.0079206423834, 0.0179811529815, -0.00877769757062, 0.00323337083682, -0.000218872432015, -0.00111571000889], [-0.000372484588297, 0.000331912189722, 0.000129487569211, 0.00124151958153, -0.00317990314215, 0.00100948149338, 0.00260848528706, -0.00189993472304, -0.00877769757062, 0.0224721487612, -0.0100770611316, -0.0011338806944, 0.00400303723291], [0.000682705838699, -0.0013154722983, -0.000935026153456, -0.000418890471337, 0.00236738403328, -0.000734748376999, -0.000538789958227, 0.00129110051785, 0.00323337083682, -0.0100770611316, 0.0202669333667, -0.0078351451084, 0.000969425949734], [-0.000644932675641, 0.00136592134368, -0.00111666275188, -0.000683654623572, 0.00059272890212, -0.000360914622433, -0.000878798542544, -0.00110820541158, -0.000218872432015, -0.0011338806944, -0.0078351451084, 0.0232957173139, -0.0110719995573], [0.000375344243366, -0.000140231102705, 0.000572218035813, -0.00117825646885, -0.000584397930652, 0.000238681823248, -0.000707121216692, -0.000346214481397, -0.00111571000889, 0.00400303723291, 0.000969425949734, -0.0110719995573, 0.0230809319764]]
    sccoeffs:
        dmean: [0.052862521261, 0.0467365942895, 0.0383639782667, 0.031909879297, 0.019522042945, 0.0176893956959]
        dmean2: [0.0861341282725, 0.0774509012699, 0.0628423839808, 0.0524600893259, 0.0323931798339, 0.0278126243502]
        dvar: [0.00200488162227, 0.00154715497047, 0.000999293872155, 0.000664234918077, 0.000251936959103, 0.000244529801421]
        dvar2: [0.00510979676619, 0.0040963543579, 0.00253589288332, 0.00171550700907, 0.000653482100461, 0.000526448769961]
        max: [-0.3111589849, -0.421798408031, -0.418070048094, -0.532707333565, -0.584531724453, -0.529402077198]
        mean: [-0.649613857269, -0.766112804413, -0.769212305546, -0.766135632992, -0.792226374149, -0.709996759892]
        median: [-0.658360362053, -0.77567589283, -0.776254177094, -0.771596431732, -0.79702270031, -0.701727807522]
        min: [-0.976477026939, -0.953930854797, -0.962738275528, -0.95815885067, -0.96492254734, -0.961017072201]
        var: [0.00746888527647, 0.00479648448527, 0.00526847597212, 0.00280629564077, 0.00129571382422, 0.0024648187682]
    scvalleys:
        dmean: [0.397122204304, 0.349533706903, 0.289235264063, 0.232583150268, 0.160886019468, 0.183600559831]
        dmean2: [0.641186773777, 0.57111287117, 0.468214780092, 0.376093924046, 0.254053860903, 0.250039219856]
        dvar: [0.125417888165, 0.0976949185133, 0.070036791265, 0.0520800761878, 0.0369924195111, 0.0536123029888]
        dvar2: [0.281088650227, 0.223144009709, 0.151882469654, 0.106608323753, 0.0594040565193, 0.0774980932474]
        max: [-5.47825431824, -4.8369641304, -4.98605442047, -5.67204046249, -5.34555912018, -7.88763046265]
        mean: [-7.24859952927, -6.74529647827, -6.8584189415, -6.9978928566, -6.54358196259, -9.8380613327]
        median: [-7.01046180725, -6.61574459076, -6.85855197906, -6.83903980255, -6.28131580353, -9.67902374268]
        min: [-26.8710098267, -27.4561805725, -27.1226482391, -27.157579422, -27.0442886353, -27.1967983246]
        var: [1.32150220871, 1.09814453125, 1.295601964, 0.997655749321, 1.06249916553, 0.808138847351]

rhythm:
    beats_loudness:
        dmean: 0.00180867384188
        dmean2: 0.00328013068065
        dvar: 2.2309468477e-006
        dvar2: 6.95750350133e-006
        max: 0.013205755502
        mean: 0.00655407365412
        median: 0.00644711405039
        min: 7.95246646312e-010
        var: 4.29294914284e-006
    bpm: 119.742607117
    bpm_confidence: 0
    first_peak_bpm: 120
    first_peak_spread: 0.450127929449
    first_peak_weight: 0.398148149252
    onset_rate: 1.17908644676
    second_peak_bpm: 115
    second_peak_spread: 0.340425550938
    second_peak_weight: 0.0574074089527
    beats_loudness_band_ratio:
        dmean: [0.0967716351151, 0.0824429690838, 0.0926660597324, 0.0950708165765, 0.125820070505, 0.103170379996]
        dmean2: [0.175250723958, 0.151699542999, 0.16345795989, 0.163487181067, 0.221192002296, 0.182199180126]
        dvar: [0.00854540430009, 0.00730512989685, 0.0127332499251, 0.00955021847039, 0.0131287164986, 0.00646413536742]
        dvar2: [0.0249397680163, 0.022378558293, 0.0361069962382, 0.0261540934443, 0.0379842072725, 0.0203998088837]
        max: [0.811297237873, 0.559307992458, 0.846260488033, 0.726416528225, 0.810416519642, 0.620430886745]
        mean: [0.114340253174, 0.0888983234763, 0.129070386291, 0.144008517265, 0.289929002523, 0.282374948263]
        median: [0.0755234062672, 0.0531326383352, 0.089422814548, 0.0957100316882, 0.256537377834, 0.26845100522]
        min: [0.00024018867407, 0.00249251676723, 0.00881632231176, 0.00394459581003, 0.0394955463707, 0.00692479731515]
        var: [0.0124085843563, 0.00782642513514, 0.0139072192833, 0.0167893525213, 0.0175071638077, 0.0123859988526]
    beats_position: [0.510838985443, 1.04489791393, 1.5673469305, 2.10140585899, 2.63546490669, 3.15791368484, 3.66875267029, 4.17959165573, 4.7020406723, 5.22448968887, 5.74693870544, 6.26938772202, 6.78022670746, 7.2910656929, 7.79029464722, 8.28952407837, 8.78875255585, 9.287981987, 9.79882049561, 10.2980499268, 10.7972784042, 11.2965078354, 11.7957363129, 12.2833557129, 12.782585144, 13.2818136215, 13.7810430527, 14.2802715302, 14.7911109924, 15.301949501, 15.8127889633, 16.3236274719, 16.8228569031, 17.3220863342, 17.8213157654, 18.3089332581, 18.8081626892, 19.3073921204, 19.7950115204, 20.2826309204, 20.7818584442, 21.2926979065, 21.8035373688, 22.3027667999, 22.8019943237, 23.3012237549, 23.800453186, 24.3112926483, 24.8221302032, 25.3097496033, 25.7973690033, 26.2965984344, 26.7958278656, 27.2950553894, 27.7942848206, 28.2935142517, 28.7927436829, 29.291973114, 29.7912006378, 30.290430069, 30.7896595001, 31.3004989624, 31.8113365173, 32.322177887, 32.8097953796, 33.3090248108, 33.8082542419, 34.3074836731, 34.8067131042, 35.3059387207, 35.8051681519, 36.304397583, 36.8036270142, 37.3028564453, 37.8020858765, 38.2897033691, 38.7889328003, 39.2881622314, 39.7989997864, 40.2866210938, 40.7858505249, 41.2734680176, 41.7726974487, 42.2835350037, 42.7943763733, 43.2936058044, 43.7928352356, 44.2804527283, 44.7912902832, 45.2905197144, 45.7897491455, 46.2773704529, 46.7765960693, 47.2758255005, 47.7866668701, 48.2742843628, 48.7851219177, 49.2843513489, 49.7951927185, 50.2944221497, 50.7820396423, 51.269657135, 51.7688865662, 52.2681159973, 52.7789573669, 53.2897949219, 53.789024353, 54.2882537842, 54.7874832153, 55.2867126465, 55.7975502014, 56.3083877563, 56.8076171875, 57.3068466187, 57.8060760498, 58.305305481, 58.8045349121, 59.3037643433, 59.7913818359, 60.2789993286, 60.7898406982, 61.2890701294, 61.7882995605, 62.2875289917, 62.7867546082, 63.2975959778, 63.7968254089, 64.2960510254, 64.806892395, 65.3293380737, 65.8401794434, 66.351020813, 66.8734664917, 67.3843078613, 67.895149231, 68.4059829712, 68.9168243408, 69.416053772, 69.9384994507, 70.4609527588, 70.9833984375, 71.4942398071, 72.0050811768, 72.515914917, 73.0267562866, 73.5492019653, 74.060043335, 74.5941009521, 75.1281585693, 75.6622238159, 76.1846694946, 76.7071151733, 77.2295684814, 77.7868499756, 78.3441238403, 78.9710617065, 79.5979995728, 80.2481613159, 80.8983230591, 81.5484771729, 82.198638916, 82.8487930298, 83.4989547729, 84.1491165161, 84.7876663208, 85.4262084961, 86.0647583008, 86.6684799194, 87.2722015381, 87.7830352783, 88.2822647095, 88.7814941406, 89.2807235718, 89.7799530029, 90.2791824341, 90.7900238037, 91.3008575439, 91.8000869751, 92.2993164063, 92.8101577759, 93.309387207, 93.8086166382, 94.3078460693, 94.8070755005, 95.3063049316, 95.8055343628, 96.3047637939, 96.8039855957, 97.3032150269, 97.802444458, 98.3132858276, 98.8125152588, 99.3117446899, 99.7993621826, 100.286979675, 100.786209106, 101.297050476, 101.807891846, 102.318725586, 102.817955017, 103.305580139, 103.793197632, 104.292427063, 104.780044556, 105.267662048, 105.766891479, 106.277732849, 106.788566589, 107.299407959, 107.79863739, 108.30947876, 108.808708191, 109.307937622, 109.807167053, 110.294784546, 110.794013977, 111.293243408, 111.792472839, 112.291702271, 112.790924072, 113.290153503, 113.789382935, 114.288612366, 114.776237488, 115.27545929, 115.774688721, 116.273918152, 116.773147583, 117.272377014, 117.771606445, 118.270835876, 118.770065308, 119.280906677, 119.791740417, 120.302581787, 120.813423157, 121.324264526, 121.835098267, 122.322715759, 122.810340881, 123.297958374, 123.808792114, 124.308021545, 124.818862915, 125.318092346, 125.805709839, 126.30493927, 126.804168701, 127.303398132, 127.802627563, 128.313461304, 128.824310303, 129.311920166, 129.799545288, 130.275558472, 130.79800415, 131.308837891, 131.81968689, 132.318908691, 132.829742432, 133.328979492, 133.816589355, 134.315826416, 134.815048218, 135.325897217, 135.825119019, 136.335968018, 136.835189819, 137.334411621, 137.833648682, 138.332870483, 138.832107544, 139.331329346, 139.865386963, 140.399459839, 140.921905518, 141.455963135, 141.990020752, 142.512466431, 143.02331543, 143.53414917, 144.04498291, 144.532608032, 145.031829834, 145.531066895, 146.030288696, 146.529525757, 147.028747559, 147.516372681, 148.015594482, 148.514831543, 149.025665283, 149.524902344, 150.024124146, 150.534957886, 151.045806885, 151.556640625, 152.067474365, 152.578323364, 153.065933228, 153.55355835, 154.041183472, 154.540405273, 155.039627075, 155.527252197, 156.026489258, 156.52571106, 157.024932861, 157.524169922, 158.023391724, 158.511016846, 158.998641968, 159.49786377, 160.00869751, 160.519546509, 161.030380249, 161.541213989, 162.028839111, 162.528076172, 163.027297974, 163.526535034, 164.025756836, 164.513381958, 165.024215698, 165.535049438, 166.045898438, 166.556732178, 167.055953979, 167.55519104, 168.054412842, 168.565261841, 169.076095581, 169.59854126, 170.132598877, 170.666656494, 171.20072937, 171.734786987, 172.245620728, 172.768066406, 173.290512085, 173.789749146, 174.288970947, 174.799819946, 175.310653687, 175.809890747, 176.309112549, 176.819946289, 177.31918335, 177.806793213, 178.306030273, 178.805252075, 179.304489136, 179.803710938, 180.302947998, 180.8021698, 181.289794922, 181.789016724, 182.288253784, 182.787475586, 183.298324585, 183.797546387, 184.296783447, 184.796005249, 185.29524231, 185.782852173, 186.282089233, 186.781311035, 187.280548096, 187.779769897, 188.290603638, 188.801452637, 189.312286377, 189.811508179, 190.299133301, 190.798370361, 191.297592163, 191.785217285, 192.284439087, 192.783676147, 193.282897949, 193.78213501, 194.281356812, 194.780578613, 195.279815674, 195.767440796, 196.278274536, 196.789108276, 197.299957275, 197.787567139, 198.275192261, 198.774414063, 199.296859741, 199.819320679, 200.341766357, 200.875823975, 201.409881592, 201.932327271, 202.477996826, 203.023666382, 203.569335938, 204.13822937, 204.707122803, 205.276000977, 205.844894409, 206.413787842, 206.936233521, 207.458679199, 207.981124878, 208.503585815, 209.026031494, 209.536865234, 210.047698975, 210.558547974, 211.080993652, 211.591827393, 212.102676392, 212.613510132, 213.112747192, 213.623580933, 214.122802734, 214.633651733, 215.132873535, 215.632110596, 216.131332397, 216.630569458, 217.025299072, 217.420043945, 217.81477356, 218.209518433, 218.615875244, 219.010604858, 219.405349731, 219.811691284, 220.229660034, 220.624389648, 221.03074646, 221.425476074, 221.831832886, 222.238174438, 222.632919312, 223.027664185, 223.434005737, 223.82875061, 224.235092163, 224.641448975, 225.036193848, 225.4425354, 225.953369141, 226.46421814, 226.97505188, 227.47428894, 227.973510742, 228.484344482, 228.995193481, 229.506027222, 230.016860962, 230.527709961, 231.038543701, 231.549377441, 232.037002563, 232.536224365, 233.035461426, 233.534683228, 234.033920288, 234.53314209, 235.03237915, 235.519989014, 236.007614136, 236.506851196, 237.006072998, 237.516906738, 238.00453186, 238.503753662, 239.002990723, 239.513824463, 240.013061523, 240.512283325, 241.023132324, 241.533966064, 242.033187866, 242.532424927, 243.02003479, 243.519271851, 244.018493652, 244.517730713, 245.028564453, 245.434921265, 245.829650879, 246.224395752, 246.619140625, 247.013870239, 247.408615112, 247.803344727, 248.209701538, 248.604446411, 248.999176025, 249.405532837, 249.81187439, 250.218231201, 250.624572754, 251.030929565, 251.402450562, 251.785568237, 252.157089233, 252.528610229, 252.911743164, 253.294876099, 253.677993774, 254.049514771, 254.421035767, 254.792556763, 255.164077759, 255.535598755, 255.907119751, 256.278625488, 256.650146484, 257.02166748, 257.393188477, 257.77633667, 258.147827148, 258.530975342, 258.914093018, 259.297241211, 259.668762207, 260.040252686, 260.481445313, 260.922637939, 261.375427246, 261.839813232, 262.304199219, 262.780212402, 263.244628906, 263.709014893, 264.173431396, 264.730712891, 265.287963867, 265.845245361, 266.414154053, 266.983032227, 267.5519104, 268.109191895]
