
metadata:
    version:
        essentia: "2.1-beta2"
    audio_properties:
        analysis_sample_rate: 44100
        bitrate: 320
        channels: 2
        equal_loudness: 1
        length: 248.790206909
        replay_gain: -14.1623306274
        downmix: "mix"
    tags:
        album: "Greatest Hits - Hymns To The Rising Sun"
        artist: "Amon Amarth"
        comment: ""
        date: "2010"
        genre: "Melodic Death Metal"
        title: "Twilight Of The Thunder God"
        tracknumber: "01"

configuration:
    average_loudness:
        compute: 1
        frameSize: 88200
        hopSize: 44100
        silentFrames: "noise"
        windowType: "hann"
    general:
        analysisSampleRate: 44100
        endTime: 2000
        equalLoudness: 1
        nequalLoudness: 0
        shortSound: 0
        startTime: 0
    lowlevel:
        compute: 1
        frameSize: 2048
        hopSize: 1024
        zeroPadding: 0
        silentFrames: "noise"
        windowType: "blackmanharris62"
        mfccStats: ["mean", "cov", "icov"]
        stats: ["mean", "var", "median", "min", "max", "dmean", "dmean2", "dvar", "dvar2"]
    panning:
        compute: 0
        frameSize: 8192
        hopSize: 2048
        zeroPadding: 8192
        silentFrames: "noise"
        windowType: "hann"
        stats: ["copy"]
    rhythm:
        compute: 1
        maxTempo: 208
        minTempo: 40
        method: "degara"
        stats: ["mean", "var", "median", "min", "max", "dmean", "dmean2", "dvar", "dvar2"]
    segmentation:
        compute: 0
        cpw: 5
        inc1: 300
        inc2: 50
        minimumSegmentsLength: 10
        size1: 1000
        size2: 600
    sfx:
        compute: 1
        stats: ["mean", "var", "median", "min", "max", "dmean", "dmean2", "dvar", "dvar2"]
    svm:
        compute: 0
    tonal:
        compute: 1
        frameSize: 4096
        hopSize: 2048
        zeroPadding: 0
        silentFrames: "noise"
        windowType: "blackmanharris62"
        stats: ["mean", "var", "median", "min", "max", "dmean", "dmean2", "dvar", "dvar2"]

lowlevel:
    average_loudness: 0.958381056786
    barkbands_kurtosis:
        dmean: 0.447581201792
        dmean2: 0.720304191113
        dvar: 1.83547472954
        dvar2: 3.72737598419
        max: 34.7550735474
        mean: -0.974883019924
        median: -1.29236209393
        min: -1.85628139973
        var: 2.74308300018
    barkbands_skewness:
        dmean: 0.326176583767
        dmean2: 0.516622841358
        dvar: 0.122472114861
        dvar2: 0.238726466894
        max: 5.50646924973
        mean: 0.00759747019038
        median: -0.0436994917691
        min: -2.59626126289
        var: 0.383072763681
    barkbands_spread:
        dmean: 5.36606454849
        dmean2: 8.83276081085
        dvar: 22.5047588348
        dvar2: 56.0572166443
        max: 74.9527359009
        mean: 35.7496833801
        median: 36.0578994751
        min: 4.17613315582
        var: 57.8571929932
    dissonance:
        dmean: 0.00958762224764
        dmean2: 0.0165403280407
        dvar: 7.98033579485e-005
        dvar2: 0.000223501279834
        max: 0.500000119209
        mean: 0.485960185528
        median: 0.488334059715
        min: 0.361562937498
        var: 0.000112292727863
    hfc:
        dmean: 2.23927855492
        dmean2: 3.75489878654
        dvar: 5.60768032074
        dvar2: 14.9376516342
        max: 30.0918331146
        mean: 9.23158454895
        median: 9.32583332062
        min: 1.080405612e-016
        var: 20.5137481689
    pitch:
        dmean: 924.877624512
        dmean2: 1779.52697754
        dvar: 1788464
        dvar2: 4421855
        max: 4441.84570313
        mean: 973.844787598
        median: 279.965148926
        min: 52.0180282593
        var: 1744380.5
    pitch_instantaneous_confidence:
        dmean: 0.0638333261013
        dmean2: 0.106418922544
        dvar: 0.00364211341366
        dvar2: 0.00885884929448
        max: 0.898546159267
        mean: 0.260983228683
        median: 0.230532109737
        min: 0.0913819670677
        var: 0.0122802769765
    pitch_salience:
        dmean: 0.0504216589034
        dmean2: 0.0844918116927
        dvar: 0.00214772881009
        dvar2: 0.00535914534703
        max: 0.963238477707
        mean: 0.711414337158
        median: 0.726924061775
        min: 0.19075922668
        var: 0.00535867875442
    silence_rate_20dB:
        dmean: 0
        dmean2: 0
        dvar: 0
        dvar2: 0
        max: 1
        mean: 1
        median: 1
        min: 1
        var: 0
    silence_rate_30dB:
        dmean: 0
        dmean2: 0
        dvar: 0
        dvar2: 0
        max: 1
        mean: 1
        median: 1
        min: 1
        var: 0
    silence_rate_60dB:
        dmean: 0.0494633689523
        dmean2: 0.0989359691739
        dvar: 0.0470125116408
        dvar2: 0.108177676797
        max: 1
        mean: 0.159481152892
        median: 0
        min: 0
        var: 0.134035006166
    spectral_centroid:
        dmean: 241.419647217
        dmean2: 393.43951416
        dvar: 56325.2304688
        dvar2: 125151.429688
        max: 11790.8769531
        mean: 1741.22900391
        median: 1703.01147461
        min: 198.734558105
        var: 725758
    spectral_complexity:
        dmean: 4.38730764389
        dmean2: 7.03901433945
        dvar: 14.477437973
        dvar2: 35.4775314331
        max: 49
        mean: 21.8873653412
        median: 23
        min: 0
        var: 100.447738647
    spectral_crest:
        dmean: 1.50749409199
        dmean2: 2.53942060471
        dvar: 2.16890978813
        dvar2: 5.54116153717
        max: 20.1727218628
        mean: 4.98629617691
        median: 4.36638021469
        min: 2.19212579727
        var: 4.47858667374
    spectral_decrease:
        dmean: 2.94534119316e-010
        dmean2: 4.93703633531e-010
        dvar: 1.4045809852e-019
        dvar2: 3.83529942431e-019
        max: 1.92844894038e-028
        mean: -1.22782572998e-009
        median: -1.19273935173e-009
        min: -4.07135747338e-009
        var: 3.36901616205e-019
    spectral_energy:
        dmean: 0.00127514032647
        dmean2: 0.00213553570211
        dvar: 2.54262477029e-006
        dvar2: 6.91730429025e-006
        max: 0.0174695979804
        mean: 0.00547143584117
        median: 0.00537000317127
        min: 9.93982956323e-021
        var: 6.57160944684e-006
    spectral_energyband_high:
        dmean: 0.000205365286092
        dmean2: 0.000358337390935
        dvar: 5.54667032304e-008
        dvar2: 1.50112981601e-007
        max: 0.00241872644983
        mean: 0.000480762915686
        median: 0.000437820155639
        min: 7.24027312759e-021
        var: 9.4658886951e-008
    spectral_energyband_low:
        dmean: 0.00034917332232
        dmean2: 0.000593514705542
        dvar: 1.16944065098e-007
        dvar2: 3.1080034546e-007
        max: 0.00352073018439
        mean: 0.000592562253587
        median: 0.000496963912155
        min: 1.25507209929e-023
        var: 1.79302119818e-007
    spectral_energyband_middle_high:
        dmean: 0.000586162379477
        dmean2: 0.000939230434597
        dvar: 3.18117315601e-007
        dvar2: 8.0900406374e-007
        max: 0.00915752630681
        mean: 0.00270244735293
        median: 0.0026156688109
        min: 1.16398761594e-021
        var: 2.01309330805e-006
    spectral_energyband_middle_low:
        dmean: 0.000798862020019
        dmean2: 0.00136740412563
        dvar: 1.28904844132e-006
        dvar2: 3.62517744179e-006
        max: 0.0108989607543
        mean: 0.00187386968173
        median: 0.0015883926535
        min: 1.94848025123e-022
        var: 1.68303256487e-006
    spectral_flatness_db:
        dmean: 0.0111729437485
        dmean2: 0.0180993434042
        dvar: 0.000121017808851
        dvar2: 0.00026627141051
        max: 0.360801428556
        mean: 0.121457897127
        median: 0.116609156132
        min: 0.0517622865736
        var: 0.000635575677734
    spectral_flux:
        dmean: 0.00692893192172
        dmean2: 0.0109904287383
        dvar: 5.88039401919e-005
        dvar2: 0.000120119773783
        max: 0.100148499012
        mean: 0.0453253164887
        median: 0.0458486676216
        min: 6.31357605085e-011
        var: 0.000237238738919
    spectral_kurtosis:
        dmean: 1.0212572813
        dmean2: 1.74694943428
        dvar: 1.2999792099
        dvar2: 3.6299738884
        max: 30.5721626282
        mean: 3.16819477081
        median: 2.92837381363
        min: -1.28886020184
        var: 2.39717268944
    spectral_rms:
        dmean: 0.000254888465861
        dmean2: 0.000418058043579
        dvar: 7.69474226558e-008
        dvar2: 2.04624740263e-007
        max: 0.00412837881595
        mean: 0.00222266884521
        median: 0.00228889216669
        min: 3.11406391125e-012
        var: 3.97732719648e-007
    spectral_rolloff:
        dmean: 326.322113037
        dmean2: 536.043273926
        dvar: 171770.203125
        dvar2: 331515.375
        max: 19315.2832031
        mean: 3478.61889648
        median: 3488.37890625
        min: 150.732421875
        var: 1902786
    spectral_skewness:
        dmean: 0.163549467921
        dmean2: 0.272128462791
        dvar: 0.0226356424391
        dvar2: 0.0591971278191
        max: 3.67129778862
        mean: 1.24442231655
        median: 1.23967421055
        min: -0.0647038519382
        var: 0.0660007670522
    spectral_spread:
        dmean: 428000.9375
        dmean2: 693778.4375
        dvar: 413978918912
        dvar2: 967321911296
        max: 51035496
        mean: 4564780
        median: 4318877
        min: 1607050.375
        var: 9.51056649421e+012
    spectral_strongpeak:
        dmean: 0.297877281904
        dmean2: 0.521485447884
        dvar: 0.27332752943
        dvar2: 0.738541662693
        max: 8.11666297913
        mean: 0.367851376534
        median: 0.180761396885
        min: 0
        var: 0.34927791357
    zerocrossingrate:
        dmean: 0.00695797381923
        dmean2: 0.00889060180634
        dvar: 5.71493510506e-005
        dvar2: 7.24663259462e-005
        max: 0.51806640625
        mean: 0.100554682314
        median: 0.099609375
        min: 0.0087890625
        var: 0.00133661483414
    barkbands:
        dmean: [5.60014711937e-007, 0.000131486172904, 0.000212170241866, 0.000255730905337, 0.00042312941514, 0.000191309314687, 0.000144408128108, 0.000106750478153, 0.00016465508088, 0.000149309678818, 0.000107928630314, 0.000104422928416, 9.33202172746e-005, 8.16617612145e-005, 7.59949325584e-005, 0.000118582880532, 0.000154133755132, 0.000144326651935, 0.000211100443266, 0.000145212834468, 9.965836216e-005, 4.1780371248e-005, 8.85585632204e-006, 1.92293055079e-006, 7.23794300939e-007, 2.14932676101e-008, 3.1697131031e-010]
        dmean2: [9.55277187131e-007, 0.000228599019465, 0.000360377016477, 0.000448483915534, 0.000744231278077, 0.000322631240124, 0.000243450558628, 0.000178371643415, 0.000272397970548, 0.000248550553806, 0.000177223293576, 0.000171610459802, 0.000156172507559, 0.000135777518153, 0.000127791892737, 0.000200063848752, 0.000258663640125, 0.000242094523855, 0.000358957360731, 0.000247406569542, 0.000173298380105, 7.45711004129e-005, 1.58365437528e-005, 3.33836464961e-006, 1.202834369e-006, 3.43727926122e-008, 5.46931111511e-010]
        dvar: [2.98408948376e-013, 2.01489314122e-008, 4.89289888606e-008, 1.49427506813e-007, 4.88670707455e-007, 7.64770291539e-008, 4.7632592981e-008, 2.63378563403e-008, 6.36044674707e-008, 6.14127344534e-008, 3.8077878628e-008, 2.96298416913e-008, 1.8676633573e-008, 1.28063684102e-008, 9.95731763709e-009, 1.86847639583e-008, 3.04050615796e-008, 3.18421236045e-008, 4.83588813438e-008, 2.43634623587e-008, 1.29327375475e-008, 3.01622371524e-009, 1.35786978883e-010, 7.03801643701e-012, 1.06363843514e-012, 1.63753099808e-015, 1.36391045319e-019]
        dvar2: [8.27923396073e-013, 5.56801218465e-008, 1.30749697291e-007, 4.22778470011e-007, 1.39115741149e-006, 2.08392833656e-007, 1.27687300733e-007, 7.31392972853e-008, 1.71663600668e-007, 1.73505981138e-007, 9.0778229378e-008, 7.4253129867e-008, 4.90362452865e-008, 3.22687760956e-008, 2.68963322725e-008, 5.20227629863e-008, 7.94514960489e-008, 7.73309594138e-008, 1.33152326498e-007, 6.78303351265e-008, 3.55279219377e-008, 8.25025381346e-009, 3.60064061899e-010, 1.78049085892e-011, 2.54436684395e-012, 3.58352831391e-015, 3.82277410038e-019]
        max: [4.51762934972e-006, 0.00111827941146, 0.00238428683951, 0.00414941599593, 0.00638104835525, 0.00519654620439, 0.00346236350015, 0.00322489254177, 0.00349960010499, 0.00415364606306, 0.00322257494554, 0.00375278946012, 0.00200386787765, 0.00391524797305, 0.00226536300033, 0.00296838348731, 0.00659466860816, 0.00521674659103, 0.00354308704846, 0.00225495919585, 0.00136253423989, 0.000593032571487, 0.000121072473121, 4.5471406338e-005, 1.80091974471e-005, 1.09650420654e-006, 5.16506348802e-009]
        mean: [7.60215755236e-007, 0.000165190882399, 0.000290788331768, 0.000280797685264, 0.000536017294507, 0.000290903408313, 0.000226183517952, 0.0001718702988, 0.000293883756967, 0.000249038188485, 0.000175548993866, 0.000188237056136, 0.000164359022165, 0.000159093498951, 0.000155991627253, 0.000257492851233, 0.000355912605301, 0.000340474332916, 0.000498293549754, 0.000369396264432, 0.00021557562286, 6.88954241923e-005, 1.18057178042e-005, 3.47371883436e-006, 1.41118414376e-006, 4.21196588718e-008, 4.87699547413e-010]
        median: [6.1621722125e-007, 0.000125751656014, 0.000212617276702, 0.000165200675838, 0.000352193950675, 0.000197657340323, 0.000146025122376, 0.000101497920696, 0.000175367720658, 0.000130067652208, 7.79512483859e-005, 9.79458854999e-005, 0.00010316427506, 0.000119492513477, 0.000122749333968, 0.000217591470573, 0.000316448975354, 0.000286743103061, 0.000452621694421, 0.000340306083672, 0.000192304665688, 5.5491389503e-005, 8.15011480881e-006, 2.58034242506e-006, 1.03902766568e-006, 2.90597839125e-008, 3.55555057618e-010]
        min: [1.54307020771e-024, 1.12134033601e-024, 1.03033487679e-024, 1.1607928476e-024, 6.20008265573e-024, 8.30819785681e-024, 3.9880701347e-024, 1.04111180144e-023, 2.36110628549e-023, 1.73166990936e-023, 9.91277564791e-024, 2.66413568486e-023, 3.13680567759e-023, 5.27701308136e-023, 5.45939267394e-023, 5.16736267771e-023, 7.42581780682e-023, 9.66888825501e-023, 1.12569592894e-022, 1.31330434404e-022, 2.38664123967e-022, 3.13220037074e-022, 4.00974994142e-022, 5.49058448657e-022, 9.2937174943e-022, 1.21470210776e-021, 1.95028428145e-021]
        var: [4.22432732241e-013, 2.04106829216e-008, 7.4228871938e-008, 1.30674095544e-007, 4.0326835915e-007, 1.03166961196e-007, 7.32866638486e-008, 4.78556643202e-008, 1.29153107764e-007, 1.14256053507e-007, 8.146239594e-008, 7.30862339537e-008, 3.50544837602e-008, 2.55903014335e-008, 2.10738235751e-008, 3.74193014352e-008, 5.88779229815e-008, 7.90969494346e-008, 1.02729124762e-007, 5.32643831264e-008, 2.12778150654e-008, 3.33854122125e-009, 1.53527912605e-010, 1.32905995237e-011, 2.25367836372e-012, 3.71311715505e-015, 2.29989504309e-019]
    frequency_bands:
        dmean: [5.60014711937e-007, 0.000131486172904, 0.000212170241866, 0.000255730905337, 0.00042312941514, 0.000191309314687, 0.000144408128108, 0.000106750478153, 0.00016465508088, 0.000149309678818, 0.000107928630314, 0.000104422928416, 9.33202172746e-005, 8.16617612145e-005, 7.59949325584e-005, 0.000118582880532, 0.000154133755132, 0.000144326651935, 0.000211100443266, 0.000145212834468, 9.965836216e-005, 4.1780371248e-005, 8.85585632204e-006, 1.92293055079e-006, 7.23794300939e-007, 2.14932676101e-008, 3.1697131031e-010, 6.54307441561e-011]
        dmean2: [9.55277187131e-007, 0.000228599019465, 0.000360377016477, 0.000448483915534, 0.000744231278077, 0.000322631240124, 0.000243450558628, 0.000178371643415, 0.000272397970548, 0.000248550553806, 0.000177223293576, 0.000171610459802, 0.000156172507559, 0.000135777518153, 0.000127791892737, 0.000200063848752, 0.000258663640125, 0.000242094523855, 0.000358957360731, 0.000247406569542, 0.000173298380105, 7.45711004129e-005, 1.58365437528e-005, 3.33836464961e-006, 1.202834369e-006, 3.43727926122e-008, 5.46931111511e-010, 1.21795920571e-010]
        dvar: [2.98408948376e-013, 2.01489314122e-008, 4.89289888606e-008, 1.49427506813e-007, 4.88670707455e-007, 7.64770291539e-008, 4.7632592981e-008, 2.63378563403e-008, 6.36044674707e-008, 6.14127344534e-008, 3.8077878628e-008, 2.96298416913e-008, 1.8676633573e-008, 1.28063684102e-008, 9.95731763709e-009, 1.86847639583e-008, 3.04050615796e-008, 3.18421236045e-008, 4.83588813438e-008, 2.43634623587e-008, 1.29327375475e-008, 3.01622371524e-009, 1.35786978883e-010, 7.03801643701e-012, 1.06363843514e-012, 1.63753099808e-015, 1.36391045319e-019, 8.00257579981e-021]
        dvar2: [8.27923396073e-013, 5.56801218465e-008, 1.30749697291e-007, 4.22778470011e-007, 1.39115741149e-006, 2.08392833656e-007, 1.27687300733e-007, 7.31392972853e-008, 1.71663600668e-007, 1.73505981138e-007, 9.0778229378e-008, 7.4253129867e-008, 4.90362452865e-008, 3.22687760956e-008, 2.68963322725e-008, 5.20227629863e-008, 7.94514960489e-008, 7.73309594138e-008, 1.33152326498e-007, 6.78303351265e-008, 3.55279219377e-008, 8.25025381346e-009, 3.60064061899e-010, 1.78049085892e-011, 2.54436684395e-012, 3.58352831391e-015, 3.82277410038e-019, 2.54294561942e-020]
        max: [4.51762934972e-006, 0.00111827941146, 0.00238428683951, 0.00414941599593, 0.00638104835525, 0.00519654620439, 0.00346236350015, 0.00322489254177, 0.00349960010499, 0.00415364606306, 0.00322257494554, 0.00375278946012, 0.00200386787765, 0.00391524797305, 0.00226536300033, 0.00296838348731, 0.00659466860816, 0.00521674659103, 0.00354308704846, 0.00225495919585, 0.00136253423989, 0.000593032571487, 0.000121072473121, 4.5471406338e-005, 1.80091974471e-005, 1.09650420654e-006, 5.16506348802e-009, 9.37876332152e-010]
        mean: [7.60215755236e-007, 0.000165190882399, 0.000290788331768, 0.000280797685264, 0.000536017294507, 0.000290903408313, 0.000226183517952, 0.0001718702988, 0.000293883756967, 0.000249038188485, 0.000175548993866, 0.000188237056136, 0.000164359022165, 0.000159093498951, 0.000155991627253, 0.000257492851233, 0.000355912605301, 0.000340474332916, 0.000498293549754, 0.000369396264432, 0.00021557562286, 6.88954241923e-005, 1.18057178042e-005, 3.47371883436e-006, 1.41118414376e-006, 4.21196588718e-008, 4.87699547413e-010, 5.01861920077e-011]
        median: [6.1621722125e-007, 0.000125751656014, 0.000212617276702, 0.000165200675838, 0.000352193950675, 0.000197657340323, 0.000146025122376, 0.000101497920696, 0.000175367720658, 0.000130067652208, 7.79512483859e-005, 9.79458854999e-005, 0.00010316427506, 0.000119492513477, 0.000122749333968, 0.000217591470573, 0.000316448975354, 0.000286743103061, 0.000452621694421, 0.000340306083672, 0.000192304665688, 5.5491389503e-005, 8.15011480881e-006, 2.58034242506e-006, 1.03902766568e-006, 2.90597839125e-008, 3.55555057618e-010, 1.94915368568e-011]
        min: [1.54307020771e-024, 1.12134033601e-024, 1.03033487679e-024, 1.1607928476e-024, 6.20008265573e-024, 8.30819785681e-024, 3.9880701347e-024, 1.04111180144e-023, 2.36110628549e-023, 1.73166990936e-023, 9.91277564791e-024, 2.66413568486e-023, 3.13680567759e-023, 5.27701308136e-023, 5.45939267394e-023, 5.16736267771e-023, 7.42581780682e-023, 9.66888825501e-023, 1.12569592894e-022, 1.31330434404e-022, 2.38664123967e-022, 3.13220037074e-022, 4.00974994142e-022, 5.49058448657e-022, 9.2937174943e-022, 1.21470210776e-021, 1.95028428145e-021, 5.12810529875e-022]
        var: [4.22432732241e-013, 2.04106829216e-008, 7.4228871938e-008, 1.30674095544e-007, 4.0326835915e-007, 1.03166961196e-007, 7.32866638486e-008, 4.78556643202e-008, 1.29153107764e-007, 1.14256053507e-007, 8.146239594e-008, 7.30862339537e-008, 3.50544837602e-008, 2.55903014335e-008, 2.10738235751e-008, 3.74193014352e-008, 5.88779229815e-008, 7.90969494346e-008, 1.02729124762e-007, 5.32643831264e-008, 2.12778150654e-008, 3.33854122125e-009, 1.53527912605e-010, 1.32905995237e-011, 2.25367836372e-012, 3.71311715505e-015, 2.29989504309e-019, 6.31848413637e-021]
    mfcc:
        mean: [-684.013977051, 108.059715271, -51.2385902405, 53.9484024048, -16.2273635864, 1.56529259682, 0.997211992741, -1.37136399746, 1.8595969677, -4.59049272537, -3.0140607357, -3.90478897095, -4.02359485626]
        cov: [[6615.03222656, 847.727783203, -447.041381836, 478.951324463, -327.89630127, 92.599571228, -57.3144187927, 17.8138866425, 7.43878698349, 11.8287477493, -7.03869009018, -11.3597745895, -31.7207012177], [847.727783203, 560.626159668, -215.984664917, 174.093841553, -56.7540931702, -7.338514328, 13.7328653336, -13.0380163193, 35.6729240417, -31.5307445526, -3.06633877754, -13.3088979721, -8.3852519989], [-447.041381836, -215.984664917, 292.037506104, -55.9328346252, 63.5313072205, 17.359128952, -21.1420898438, 20.1974925995, -24.1157112122, 17.7013931274, -12.3296432495, 3.38386964798, 2.79551053047], [478.951324463, 174.093841553, -55.9328346252, 185.637359619, 13.8793716431, 30.5110321045, -5.39816761017, -8.28304004669, 14.9812602997, -3.16903352737, 4.85731077194, -11.6922550201, -7.20973587036], [-327.89630127, -56.7540931702, 63.5313072205, 13.8793716431, 105.471450806, 26.3062477112, 3.99525737762, -14.7986440659, -17.1054325104, 5.94381523132, 3.85024142265, -2.05006718636, -0.131959453225], [92.599571228, -7.338514328, 17.359128952, 30.5110321045, 26.3062477112, 70.6298904419, 17.638715744, 8.83150482178, -3.11395668983, 9.24946784973, 10.4117364883, 6.51311969757, 4.01506853104], [-57.3144187927, 13.7328653336, -21.1420898438, -5.39816761017, 3.99525737762, 17.638715744, 72.0388870239, 37.5554962158, 9.05234527588, -8.14390468597, 0.521354973316, 2.82581996918, 3.47566270828], [17.8138866425, -13.0380163193, 20.1974925995, -8.28304004669, -14.7986440659, 8.83150482178, 37.5554962158, 70.5121154785, 23.7030601501, 6.17703485489, -4.30064725876, 3.39007854462, 3.77371191978], [7.43878698349, 35.6729240417, -24.1157112122, 14.9812602997, -17.1054325104, -3.11395668983, 9.05234527588, 23.7030601501, 62.0182495117, 21.1898956299, 7.25840806961, -1.60711491108, -1.84388566017], [11.8287477493, -31.5307445526, 17.7013931274, -3.16903352737, 5.94381523132, 9.24946784973, -8.14390468597, 6.17703485489, 21.1898956299, 54.2014656067, 22.4000282288, 7.4793176651, -2.68123888969], [-7.03869009018, -3.06633877754, -12.3296432495, 4.85731077194, 3.85024142265, 10.4117364883, 0.521354973316, -4.30064725876, 7.25840806961, 22.4000282288, 43.6778450012, 18.9880256653, 6.57784938812], [-11.3597745895, -13.3088979721, 3.38386964798, -11.6922550201, -2.05006718636, 6.51311969757, 2.82581996918, 3.39007854462, -1.60711491108, 7.4793176651, 18.9880256653, 42.3371009827, 20.8600902557], [-31.7207012177, -8.3852519989, 2.79551053047, -7.20973587036, -0.131959453225, 4.01506853104, 3.47566270828, 3.77371191978, -1.84388566017, -2.68123888969, 6.57784938812, 20.8600902557, 41.2477149963]]
        icov: [[0.000294065306662, -0.000200573063921, 0.000167532212799, -0.000597605714574, 0.00101066357456, -0.000545308867004, 0.000343730207533, -0.000318045145832, 0.000788771023508, -0.000646525353659, 0.000384432030842, -0.000111918445327, 0.000114535607281], [-0.000200573063921, 0.00376071082428, 0.00146523211151, -0.00264727720059, 0.000380411016522, 0.00113599153701, -0.00103063706774, 0.000921814120375, -0.00158134975936, 0.00165688048583, 0.000327020621626, -0.000458506401628, 0.000158132563229], [0.000167532212799, 0.00146523211151, 0.0065046902746, 0.000171252002474, -0.00284490454942, -0.00120672234334, 0.00427705934271, -0.00474003143609, 0.00212366110645, -0.0014068626333, 0.00264293188229, -0.000762633164413, 0.000165108096553], [-0.000597605714574, -0.00264727720059, 0.000171252002474, 0.0110001685098, -0.00467929011211, -0.00362035958096, 0.00300090387464, -0.000633476302028, -0.00324902590364, 0.00268756062724, -0.00224845204502, 0.00254568248056, 0.000156516005518], [0.00101066357456, 0.000380411016522, -0.00284490454942, -0.00467929011211, 0.0181549806148, -0.00445018382743, -0.00439495127648, 0.00571752991527, 0.00425667129457, -0.0041018826887, 0.000814586470369, 0.0014221369056, -0.000357487879228], [-0.000545308867004, 0.00113599153701, -0.00120672234334, -0.00362035958096, -0.00445018382743, 0.0211723353714, -0.00642371084541, -0.000335302378517, 0.00183840887621, -0.00252342340536, -0.00280247861519, -0.00134790677112, -0.00119590666145], [0.000343730207533, -0.00103063706774, 0.00427705934271, 0.00300090387464, -0.00439495127648, -0.00642371084541, 0.0269712675363, -0.0166158229113, 0.000467767036753, 0.00666911294684, -0.00293150590733, 0.00025029288372, 0.000943524413742], [-0.000318045145832, 0.000921814120375, -0.00474003143609, -0.000633476302028, 0.00571752991527, -0.000335302378517, -0.0166158229113, 0.029724823311, -0.00936957728118, -0.00275940215215, 0.00558750657365, -0.00216468214057, -0.00150965701323], [0.000788771023508, -0.00158134975936, 0.00212366110645, -0.00324902590364, 0.00425667129457, 0.00183840887621, 0.000467767036753, -0.00936957728118, 0.0278106406331, -0.012996266596, 8.78041246324e-005, 0.00306525221094, -0.000940022466239], [-0.000646525353659, 0.00165688048583, -0.0014068626333, 0.00268756062724, -0.0041018826887, -0.00252342340536, 0.00666911294684, -0.00275940215215, -0.012996266596, 0.0343910194933, -0.0160163454711, -0.000603814842179, 0.0048418273218], [0.000384432030842, 0.000327020621626, 0.00264293188229, -0.00224845204502, 0.000814586470369, -0.00280247861519, -0.00293150590733, 0.00558750657365, 8.78041246324e-005, -0.0160163454711, 0.0401511490345, -0.0157406758517, 0.000321530154906], [-0.000111918445327, -0.000458506401628, -0.000762633164413, 0.00254568248056, 0.0014221369056, -0.00134790677112, 0.00025029288372, -0.00216468214057, 0.00306525221094, -0.000603814842179, -0.0157406758517, 0.0403955876827, -0.0171910952777], [0.000114535607281, 0.000158132563229, 0.000165108096553, 0.000156516005518, -0.000357487879228, -0.00119590666145, 0.000943524413742, -0.00150965701323, -0.000940022466239, 0.0048418273218, 0.000321530154906, -0.0171910952777, 0.0334694832563]]
    sccoeffs:
        dmean: [0.0568448230624, 0.0469256192446, 0.0373303890228, 0.0264335200191, 0.0174393150955, 0.0178802106529]
        dmean2: [0.0965543836355, 0.0796903520823, 0.0627402663231, 0.0449688360095, 0.0296363197267, 0.0289586801082]
        dvar: [0.00207471335307, 0.0013371737441, 0.000884348177351, 0.000445054087322, 0.000181913623237, 0.000231547703152]
        dvar2: [0.00594105478376, 0.00383001985028, 0.00253030401655, 0.00122982903849, 0.000520436209626, 0.000579375948291]
        max: [-0.377938687801, -0.551521539688, -0.575847864151, -0.534081757069, -0.664197146893, -0.5999122262]
        mean: [-0.688936650753, -0.781655073166, -0.797691345215, -0.813060939312, -0.811907529831, -0.727091133595]
        median: [-0.690717577934, -0.784073174, -0.801522016525, -0.814660429955, -0.811493039131, -0.726434230804]
        min: [-0.980238497257, -0.983633339405, -0.9719632864, -0.970681190491, -0.967734515667, -0.965730011463]
        var: [0.00465248757973, 0.00298806698993, 0.0024963375181, 0.00125498569105, 0.000652174639981, 0.00148925057147]
    scvalleys:
        dmean: [0.375342696905, 0.337549775839, 0.29126766324, 0.229484945536, 0.201809599996, 0.322702288628]
        dmean2: [0.639177680016, 0.563140928745, 0.469687461853, 0.366753101349, 0.321990042925, 0.520784437656]
        dvar: [0.0932745933533, 0.0827528908849, 0.0677628517151, 0.0519519858062, 0.0539153181016, 0.12315198034]
        dvar2: [0.24729628861, 0.198459625244, 0.147656023502, 0.100476779044, 0.0993164256215, 0.280914217234]
        max: [-5.09156513214, -4.62740421295, -4.94511890411, -5.51209592819, -5.47079467773, -8.04825782776]
        mean: [-6.55600833893, -6.40286302567, -6.64158582687, -6.85341072083, -6.78642988205, -9.74886798859]
        median: [-6.21424865723, -6.08809757233, -6.39711380005, -6.53992319107, -6.44787406921, -9.34094810486]
        min: [-27.9102172852, -27.9929332733, -27.78647995, -27.6606826782, -27.5012283325, -27.3962841034]
        var: [4.17551326752, 4.19011449814, 4.02939987183, 3.91515231133, 3.94566464424, 3.55780053139]

rhythm:
    beats_loudness:
        dmean: 0.00149084662553
        dmean2: 0.00260333996266
        dvar: 1.46546608448e-006
        dvar2: 4.5978072194e-006
        max: 0.0105499671772
        mean: 0.00576110277325
        median: 0.00580725679174
        min: 0
        var: 5.00842907059e-006
    bpm: 95.5016479492
    bpm_confidence: 0
    first_peak_bpm: 96
    first_peak_spread: 0.163265258074
    first_peak_weight: 0.694915235043
    onset_rate: 2.45186519623
    second_peak_bpm: 126
    second_peak_spread: 0.518518567085
    second_peak_weight: 0.0629539936781
    beats_loudness_band_ratio:
        dmean: [0.0815182328224, 0.0755844935775, 0.0755828469992, 0.0711595863104, 0.0574954859912, 0.056733187288]
        dmean2: [0.141758069396, 0.133565247059, 0.132454007864, 0.126352056861, 0.0997429341078, 0.099234893918]
        dvar: [0.00397219648585, 0.00427963165566, 0.00479741720483, 0.00432768277824, 0.00258843670599, 0.00238629593514]
        dvar2: [0.0123940128833, 0.0117428740487, 0.0143320551142, 0.0120627768338, 0.00671674171463, 0.00670496281236]
        max: [0.494285076857, 0.436533659697, 0.459856152534, 0.692609369755, 0.52257335186, 0.461651653051]
        mean: [0.15939694643, 0.123809494078, 0.144678905606, 0.14978094399, 0.24459631741, 0.206578955054]
        median: [0.148444592953, 0.102798990905, 0.126452669501, 0.13349160552, 0.236191377044, 0.203017473221]
        min: [0, 0, 0, 0, 0, 0]
        var: [0.00696875108406, 0.00588582502678, 0.00673182681203, 0.00629690941423, 0.00494777737185, 0.00384022621438]
    beats_position: [0.49922901392, 0.952018141747, 1.4164172411, 1.88081634045, 2.34521532059, 2.80961441994, 3.27401351929, 3.75002264977, 4.22603178024, 4.69043064117, 5.16644001007, 5.64244890213, 6.10684776306, 6.57124710083, 7.04725599289, 7.52326536179, 7.98766422272, 8.46367359161, 8.93968200684, 9.4040813446, 9.86848068237, 10.3444900513, 10.8204984665, 11.2965078354, 11.7725172043, 12.2369155884, 12.7013149261, 13.1657142639, 13.6417226791, 14.117732048, 14.5821313858, 15.0581407547, 15.5225391388, 15.9985485077, 16.4745578766, 16.9505672455, 17.4149665833, 17.8793640137, 18.3553733826, 18.8313827515, 19.458322525, 20.0852603912, 20.7121982574, 21.339138031, 21.9776859283, 22.616235733, 23.2431735992, 23.8701133728, 24.4854412079, 25.1239910126, 25.7509288788, 26.3778686523, 27.0048065186, 27.6317462921, 28.2586841583, 28.8856239319, 29.5125617981, 30.1394996643, 30.7664394379, 31.3933773041, 32.0203170776, 32.6472549438, 33.2858047485, 33.9243545532, 34.5512924194, 35.1782302856, 35.8051681519, 36.4321098328, 37.059047699, 37.6859855652, 38.3013153076, 38.9282531738, 39.5668029785, 40.1937408447, 40.8206787109, 41.4476165771, 42.0745582581, 42.7014961243, 43.3284339905, 43.9553718567, 44.5823135376, 45.2208595276, 45.8594093323, 46.4863471985, 47.1132888794, 47.7402267456, 48.3671646118, 48.994102478, 49.6210403442, 50.2479820251, 50.8749198914, 51.5018577576, 52.1287956238, 52.7673454285, 53.4058952332, 54.0328330994, 54.6597709656, 55.2867126465, 55.9136505127, 56.5405883789, 57.1675262451, 57.794467926, 58.4214057922, 59.0483436584, 59.6752815247, 60.3022193909, 60.9291610718, 61.556098938, 62.1830368042, 62.8099746704, 63.4369163513, 64.0638504028, 64.6907958984, 65.3177337646, 65.9562835693, 66.5832214355, 67.2217712402, 67.8487091064, 68.4756469727, 69.1025848389, 69.7295227051, 70.3564605713, 70.9833984375, 71.5987319946, 72.2256698608, 72.8642196655, 73.4911575317, 74.1180953979, 74.7450332642, 75.3719711304, 75.9989089966, 76.6258468628, 77.252784729, 77.8797302246, 78.5066680908, 79.133605957, 79.7605438232, 80.3874816895, 81.0144195557, 81.6529693604, 82.291519165, 82.9184570313, 83.5453948975, 84.1723327637, 84.7992706299, 85.4262084961, 86.0531539917, 86.6800918579, 87.3070297241, 87.9339675903, 88.5609054565, 89.1994552612, 89.8380050659, 90.4649429321, 91.0918807983, 91.7188186646, 92.3457565308, 92.972694397, 93.5996322632, 94.2265777588, 94.853515625, 95.4804534912, 96.1073913574, 96.7459411621, 97.3728790283, 98.011428833, 98.6383666992, 99.2653045654, 99.8922424316, 100.519180298, 101.146118164, 101.77305603, 102.400001526, 103.026939392, 103.64226532, 104.280815125, 104.907752991, 105.534690857, 106.161628723, 106.788566589, 107.415504456, 108.042449951, 108.669387817, 109.307937622, 109.934875488, 110.561813354, 111.188751221, 111.827301025, 112.454238892, 113.081176758, 113.708114624, 114.323448181, 114.961990356, 115.588935852, 116.215873718, 116.842811584, 117.469749451, 118.096687317, 118.723625183, 119.362174988, 120.000724792, 120.627662659, 121.254600525, 121.881538391, 122.508476257, 123.135414124, 123.762359619, 124.389297485, 125.016235352, 125.643173218, 126.270111084, 126.89704895, 127.523986816, 128.150924683, 128.777862549, 129.404800415, 130.031738281, 130.658676147, 131.285614014, 131.912567139, 132.551101685, 133.189651489, 133.816589355, 134.44354248, 135.070480347, 135.697418213, 136.324356079, 136.951293945, 137.578231812, 138.205169678, 138.832107544, 139.45904541, 140.085983276, 140.724533081, 141.363082886, 141.990020752, 142.616958618, 143.243896484, 143.870834351, 144.497772217, 145.124710083, 145.751647949, 146.378585815, 147.005523682, 147.632461548, 148.259414673, 148.886352539, 149.513290405, 150.140228271, 150.767166138, 151.405715942, 152.044265747, 152.671203613, 153.298141479, 153.925079346, 154.552017212, 155.178955078, 155.805892944, 156.421218872, 157.0365448, 157.663482666, 158.302032471, 158.940582275, 159.567520142, 160.194458008, 160.821395874, 161.448348999, 162.075286865, 162.702224731, 163.329162598, 163.956100464, 164.58303833, 165.209976196, 165.836914063, 166.475463867, 167.114013672, 167.740951538, 168.367889404, 168.994827271, 169.621765137, 170.248703003, 170.875640869, 171.502578735, 172.129516602, 172.756454468, 173.383392334, 174.0103302, 174.637283325, 175.264221191, 175.891159058, 176.518096924, 177.156646729, 177.795196533, 178.422134399, 179.049072266, 179.676010132, 180.302947998, 180.929885864, 181.55682373, 182.183761597, 182.810699463, 183.437637329, 184.064575195, 184.691513062, 185.318450928, 185.945388794, 186.583938599, 187.210876465, 187.837814331, 188.464752197, 189.091690063, 189.70703125, 190.345581055, 190.984130859, 191.611068726, 192.238006592, 192.864944458, 193.491882324, 194.11882019, 194.745758057, 195.372695923, 195.999633789, 196.626571655, 197.253509521, 197.892059326, 198.530609131, 199.157546997, 199.784484863, 200.411422729, 201.038360596, 201.665298462, 202.292236328, 202.919174194, 203.546112061, 204.173049927, 204.800003052, 205.426940918, 206.053878784, 206.68081665, 207.307754517, 207.934692383, 208.561630249, 209.188568115, 209.82711792, 210.465667725, 211.092605591, 211.719543457, 212.346481323, 212.973419189, 213.600357056, 214.227294922, 214.854232788, 215.481170654, 216.108108521, 216.735046387, 217.361984253, 217.988937378, 218.615875244, 219.24281311, 219.869750977, 220.508300781, 221.135238647, 221.773788452, 222.400726318, 223.027664185, 223.654602051, 224.281539917, 224.908477783, 225.535415649, 226.162353516, 226.789291382, 227.416229248, 228.043167114, 228.67010498, 229.297042847, 229.923980713, 230.562530518, 231.201080322, 231.828018188, 232.454956055, 233.081893921, 233.708831787, 234.335784912, 234.823394775, 235.311019897, 235.810241699, 236.30947876, 236.8203125, 237.307937622, 237.783935547, 238.25994873, 238.724349976, 239.200363159, 239.676361084, 240.163986206, 240.651611328, 241.139221191, 241.626846313, 242.114456177, 242.602081299, 243.078094482, 243.554092407, 243.925613403, 244.297134399, 244.657043457, 245.016952515, 245.388473511, 245.748382568, 246.119903564, 246.491424561, 246.862945557, 247.234466553, 247.605987549, 248.058776855]
