
metadata:
    version:
        essentia: "2.1-beta2"
    audio_properties:
        analysis_sample_rate: 44100
        bitrate: 320
        channels: 2
        equal_loudness: 1
        length: 264.724884033
        replay_gain: -15.1910839081
        downmix: "mix"
    tags:
        album: "Born From Ashes"
        artist: "Born From Ashes"
        comment: ""
        date: "2013"
        genre: "Alternative Metal / Alternative Rock"
        title: "Lost"
        tracknumber: "8/10"

configuration:
    average_loudness:
        compute: 1
        frameSize: 88200
        hopSize: 44100
        silentFrames: "noise"
        windowType: "hann"
    general:
        analysisSampleRate: 44100
        endTime: 2000
        equalLoudness: 1
        nequalLoudness: 0
        shortSound: 0
        startTime: 0
    lowlevel:
        compute: 1
        frameSize: 2048
        hopSize: 1024
        zeroPadding: 0
        silentFrames: "noise"
        windowType: "blackmanharris62"
        mfccStats: ["mean", "cov", "icov"]
        stats: ["mean", "var", "median", "min", "max", "dmean", "dmean2", "dvar", "dvar2"]
    panning:
        compute: 0
        frameSize: 8192
        hopSize: 2048
        zeroPadding: 8192
        silentFrames: "noise"
        windowType: "hann"
        stats: ["copy"]
    rhythm:
        compute: 1
        maxTempo: 208
        minTempo: 40
        method: "degara"
        stats: ["mean", "var", "median", "min", "max", "dmean", "dmean2", "dvar", "dvar2"]
    segmentation:
        compute: 0
        cpw: 5
        inc1: 300
        inc2: 50
        minimumSegmentsLength: 10
        size1: 1000
        size2: 600
    sfx:
        compute: 1
        stats: ["mean", "var", "median", "min", "max", "dmean", "dmean2", "dvar", "dvar2"]
    svm:
        compute: 0
    tonal:
        compute: 1
        frameSize: 4096
        hopSize: 2048
        zeroPadding: 0
        silentFrames: "noise"
        windowType: "blackmanharris62"
        stats: ["mean", "var", "median", "min", "max", "dmean", "dmean2", "dvar", "dvar2"]

lowlevel:
    average_loudness: 0.808137595654
    barkbands_kurtosis:
        dmean: 0.875025093555
        dmean2: 1.41209101677
        dvar: 0.94667160511
        dvar2: 2.4289290905
        max: 14.1278629303
        mean: 0.472239613533
        median: -0.0992706418037
        min: -1.88201463223
        var: 3.59882760048
    barkbands_skewness:
        dmean: 0.318846791983
        dmean2: 0.50298422575
        dvar: 0.0781755894423
        dvar2: 0.188699051738
        max: 3.36773824692
        mean: -0.858708381653
        median: -0.935953617096
        min: -3.36578679085
        var: 0.66224437952
    barkbands_spread:
        dmean: 4.55230760574
        dmean2: 7.34116411209
        dvar: 20.0943279266
        dvar2: 50.6706428528
        max: 68.8937911987
        mean: 24.8744735718
        median: 23.746931076
        min: 4.7788066864
        var: 85.159614563
    dissonance:
        dmean: 0.00881926249713
        dmean2: 0.0150057096034
        dvar: 9.5865529147e-005
        dvar2: 0.000262988643954
        max: 0.500000059605
        mean: 0.485331833363
        median: 0.489841073751
        min: 0.290170550346
        var: 0.000217329812585
    hfc:
        dmean: 2.23099279404
        dmean2: 3.49368286133
        dvar: 6.12978506088
        dvar2: 15.3253984451
        max: 57.6831588745
        mean: 12.3202648163
        median: 12.2722921371
        min: 1.16172580419e-016
        var: 61.916847229
    pitch:
        dmean: 949.843811035
        dmean2: 1809.64257813
        dvar: 1770635.5
        dvar2: 4305168.5
        max: 4266.78515625
        mean: 1476.7253418
        median: 451.45690918
        min: 58.3525924683
        var: 2440831.5
    pitch_instantaneous_confidence:
        dmean: 0.0738616660237
        dmean2: 0.122651219368
        dvar: 0.00371841876768
        dvar2: 0.00987366959453
        max: 0.838100790977
        mean: 0.368125766516
        median: 0.348287165165
        min: 0.142791092396
        var: 0.0124394753948
    pitch_salience:
        dmean: 0.0489424541593
        dmean2: 0.0799435898662
        dvar: 0.00176633219235
        dvar2: 0.00463645160198
        max: 0.841444611549
        mean: 0.672770321369
        median: 0.683111548424
        min: 0.306139051914
        var: 0.0057251160033
    silence_rate_20dB:
        dmean: 0
        dmean2: 0
        dvar: 0
        dvar2: 0
        max: 1
        mean: 1
        median: 1
        min: 1
        var: 0
    silence_rate_30dB:
        dmean: 0
        dmean2: 0
        dvar: 0
        dvar2: 0
        max: 1
        mean: 1
        median: 1
        min: 1
        var: 0
    silence_rate_60dB:
        dmean: 0.0457854568958
        dmean2: 0.0915789455175
        dvar: 0.0436930917203
        dvar2: 0.0963534489274
        max: 1
        mean: 0.243290647864
        median: 0
        min: 0
        var: 0.184113398194
    spectral_centroid:
        dmean: 195.94833374
        dmean2: 308.206481934
        dvar: 39350
        dvar2: 83779.5234375
        max: 11081.4199219
        mean: 2312.63574219
        median: 2466.71118164
        min: 359.675842285
        var: 367737.03125
    spectral_complexity:
        dmean: 3.38566803932
        dmean2: 5.32631587982
        dvar: 10.1047840118
        dvar2: 23.3800792694
        max: 48
        mean: 20.5237674713
        median: 23
        min: 0
        var: 118.12336731
    spectral_crest:
        dmean: 1.57350409031
        dmean2: 2.65664839745
        dvar: 2.2060303688
        dvar2: 5.99440717697
        max: 18.4571437836
        mean: 6.40159893036
        median: 5.89017009735
        min: 2.52178382874
        var: 4.74499702454
    spectral_decrease:
        dmean: 1.71511332914e-010
        dmean2: 2.66421523731e-010
        dvar: 3.34095309042e-020
        dvar2: 8.00082692674e-020
        max: -1.10058265748e-028
        mean: -9.99853533301e-010
        median: -1.05450848054e-009
        min: -3.28258686899e-009
        var: 3.20570253329e-019
    spectral_energy:
        dmean: 0.000825886614621
        dmean2: 0.00128193362616
        dvar: 7.72118141867e-007
        dvar2: 1.87060766166e-006
        max: 0.0176212545484
        mean: 0.00489116134122
        median: 0.00511582382023
        min: 1.09525789374e-020
        var: 7.96732365416e-006
    spectral_energyband_high:
        dmean: 0.000184169301065
        dmean2: 0.000297776452499
        dvar: 4.12997458454e-008
        dvar2: 1.09355397626e-007
        max: 0.00344089488499
        mean: 0.000700424134266
        median: 0.000683135236613
        min: 7.97990992011e-021
        var: 2.26409653692e-007
    spectral_energyband_low:
        dmean: 8.41746732476e-005
        dmean2: 0.000139861833304
        dvar: 1.57414508095e-008
        dvar2: 4.1611158963e-008
        max: 0.00174809619784
        mean: 0.000155631874804
        median: 0.000110516724817
        min: 1.13337463789e-022
        var: 2.72579914196e-008
    spectral_energyband_middle_high:
        dmean: 0.000701801909599
        dmean2: 0.00110095413402
        dvar: 6.0919472844e-007
        dvar2: 1.54635870331e-006
        max: 0.0151954945177
        mean: 0.00340874586254
        median: 0.00338987028226
        min: 1.54813223111e-021
        var: 5.07828463014e-006
    spectral_energyband_middle_low:
        dmean: 0.000278809427982
        dmean2: 0.0004400962207
        dvar: 1.92576550262e-007
        dvar2: 4.53885405705e-007
        max: 0.00746223330498
        mean: 0.000728310726117
        median: 0.000583737972192
        min: 2.54410948839e-022
        var: 4.02452371873e-007
    spectral_flatness_db:
        dmean: 0.0121049042791
        dmean2: 0.018949361518
        dvar: 0.000106008439616
        dvar2: 0.000246060342761
        max: 0.328824996948
        mean: 0.163909822702
        median: 0.160699546337
        min: 0.0658873468637
        var: 0.00102832401171
    spectral_flux:
        dmean: 0.00540463486686
        dmean2: 0.0082770967856
        dvar: 2.74869798886e-005
        dvar2: 6.28995185252e-005
        max: 0.0987004563212
        mean: 0.040275067091
        median: 0.0433283820748
        min: 1.04654569733e-010
        var: 0.000307327747578
    spectral_kurtosis:
        dmean: 1.54900872707
        dmean2: 2.68933343887
        dvar: 6.57585048676
        dvar2: 20.1373195648
        max: 68.5750198364
        mean: 4.63442659378
        median: 3.58062934875
        min: -1.20856201649
        var: 22.8828258514
    spectral_rms:
        dmean: 0.00017721299082
        dmean2: 0.000271888711723
        dvar: 2.8803462726e-008
        dvar2: 6.58652226093e-008
        max: 0.00414625927806
        mean: 0.00203150254674
        median: 0.00223406520672
        min: 3.26885957538e-012
        var: 6.44836234187e-007
    spectral_rolloff:
        dmean: 207.070800781
        dmean2: 338.650115967
        dvar: 68886.5703125
        dvar2: 143566.015625
        max: 18453.9550781
        mean: 3709.60595703
        median: 3940.57617188
        min: 301.46484375
        var: 637384.0625
    spectral_skewness:
        dmean: 0.182105109096
        dmean2: 0.305548071861
        dvar: 0.0418476499617
        dvar2: 0.122843518853
        max: 5.85319519043
        mean: 1.15681266785
        median: 1.06106209755
        min: -0.0150579186156
        var: 0.291535288095
    spectral_spread:
        dmean: 308630.875
        dmean2: 440604.03125
        dvar: 296402812928
        dvar2: 415393644544
        max: 41410616
        mean: 3506778
        median: 3278926
        min: 976161.1875
        var: 1.78699042816e+012
    spectral_strongpeak:
        dmean: 0.749392688274
        dmean2: 1.28016889095
        dvar: 0.850249290466
        dvar2: 2.26672315598
        max: 13.9083585739
        mean: 1.33685302734
        median: 0.843403875828
        min: 2.74191247485e-009
        var: 2.06179332733
    zerocrossingrate:
        dmean: 0.00609120260924
        dmean2: 0.00758540630341
        dvar: 4.34800422227e-005
        dvar2: 5.70865995542e-005
        max: 0.48095703125
        mean: 0.118738844991
        median: 0.125
        min: 0.02490234375
        var: 0.000707841478288
    barkbands:
        dmean: [1.76096136784e-007, 1.82250605576e-005, 4.98223453178e-005, 7.03675541445e-005, 8.51117583807e-005, 5.50809127162e-005, 4.86975295644e-005, 8.45270842547e-005, 9.06748973648e-005, 0.000105578998046, 5.27147676621e-005, 4.23462079198e-005, 5.22987174918e-005, 5.02597686136e-005, 0.000123008809169, 0.000213101680856, 0.000288046954665, 0.000148552950122, 0.000319597136695, 0.000224219198572, 0.00010988869326, 1.5018544218e-005, 1.88245758181e-006, 1.16389765026e-006, 6.53968754705e-007, 2.96157498525e-008, 2.7810007075e-010]
        dmean2: [2.46951259442e-007, 3.18718412018e-005, 8.37617335492e-005, 0.000116202965728, 0.00014057799126, 9.17050419957e-005, 7.92440841906e-005, 0.000134569680085, 0.000147397164255, 0.000171444291482, 8.52437733556e-005, 7.10818712832e-005, 8.66746559041e-005, 8.17307809484e-005, 0.000199169648113, 0.000349027977791, 0.000481433671666, 0.000239792294451, 0.000530892808456, 0.000370660040062, 0.000181370298378, 2.45976807491e-005, 2.81179131889e-006, 1.64353798482e-006, 9.08217543838e-007, 4.07557365634e-008, 4.72978878285e-010]
        dvar: [1.20858740225e-013, 1.5411494303e-009, 5.81045922488e-009, 1.22505667832e-008, 1.82974613239e-008, 1.17314256087e-008, 1.25311201415e-008, 7.68691279518e-008, 5.66240672129e-008, 4.65553853246e-008, 1.2640947844e-008, 8.23287038543e-009, 1.06504902675e-008, 1.21761196681e-008, 5.38314779419e-008, 1.02565543614e-007, 1.74237584361e-007, 5.02532557789e-008, 2.30162655157e-007, 6.47127933462e-008, 1.58628452596e-008, 2.89774093609e-010, 1.99281841029e-011, 2.61831199083e-011, 1.21389556393e-011, 2.17787180163e-014, 1.95884653783e-019]
        dvar2: [2.37425801675e-013, 4.22389900834e-009, 1.62730415809e-008, 3.06019209972e-008, 4.78731863041e-008, 3.14026102899e-008, 3.13905417215e-008, 1.83625985528e-007, 1.40463015441e-007, 1.22567442418e-007, 3.20623776418e-008, 2.0938420775e-008, 2.79993148666e-008, 3.08522594139e-008, 1.36867612355e-007, 2.68371394441e-007, 4.78808715343e-007, 1.1834877256e-007, 6.14957059497e-007, 1.76115548811e-007, 4.34892832857e-008, 7.66949059816e-010, 3.66593248813e-011, 4.66097993534e-011, 2.39339346952e-011, 4.12118154544e-014, 4.70350561031e-019]
        max: [4.42324289907e-006, 0.000403916783398, 0.000923809071537, 0.00159873487428, 0.00189821445383, 0.00185244577006, 0.00401270808652, 0.00668783206493, 0.00444427225739, 0.00382010964677, 0.00266822474077, 0.00267595704645, 0.00232618069276, 0.00260753766634, 0.00440782308578, 0.00521705765277, 0.00689807068557, 0.00557603966445, 0.0111284833401, 0.00678946031258, 0.00266573065892, 0.000341866281815, 0.000135096168378, 0.000170382612851, 0.000152996479301, 4.49131493951e-006, 9.15971831716e-009]
        mean: [2.06744815046e-007, 2.02304363484e-005, 8.34969832795e-005, 0.000106186766061, 0.000147020837176, 9.48576853261e-005, 7.57313464419e-005, 0.000118796007882, 0.000138678631629, 0.000194817461306, 9.23915722524e-005, 7.80708724051e-005, 9.50564790401e-005, 8.42575609568e-005, 0.000226997173741, 0.000462847732706, 0.000647949404083, 0.000335917196935, 0.000836515333503, 0.000663949234877, 0.000331638293574, 4.71721250506e-005, 4.84121437694e-006, 2.37328322328e-006, 1.11340932563e-006, 4.97686016843e-008, 3.75812797548e-010]
        median: [2.9485178743e-008, 1.01144350992e-005, 5.57000021217e-005, 6.25180982752e-005, 0.000100909091998, 5.10724348715e-005, 3.44726795447e-005, 3.69868394046e-005, 4.92100880365e-005, 7.1923568612e-005, 3.66641143046e-005, 3.53357572749e-005, 4.59116636193e-005, 4.42792588728e-005, 0.000113649963168, 0.000301660096738, 0.000466619851068, 0.000255889986875, 0.00065048848046, 0.000620748091023, 0.000312145391945, 4.630121839e-005, 3.40995620718e-006, 9.91989509203e-007, 3.22057445601e-007, 1.03996891099e-008, 1.58924040594e-010]
        min: [1.02098496208e-023, 4.44228212331e-023, 4.39699456538e-023, 3.24955662014e-023, 4.4790594498e-023, 4.53472715507e-023, 4.05375803007e-023, 1.56815545202e-023, 6.12616252349e-023, 4.70874135107e-023, 1.7535697925e-023, 6.46623919756e-023, 8.17133427629e-023, 6.64303428601e-023, 6.38213211002e-023, 2.74020440599e-022, 2.42765569586e-022, 1.83938823488e-022, 3.64302049726e-022, 3.77467671229e-022, 6.5114613747e-022, 9.10667996207e-022, 4.87381794233e-022, 1.14566463641e-021, 1.09026231657e-021, 1.55094527123e-021, 2.21633068883e-021]
        var: [1.80175834105e-013, 1.15564458003e-009, 8.49916315104e-009, 1.91970244146e-008, 2.48948257564e-008, 2.04285424132e-008, 1.70063163552e-008, 9.02796628566e-008, 7.74018218408e-008, 9.93997844034e-008, 2.68186060026e-008, 1.65941251851e-008, 2.07918802175e-008, 1.84547417348e-008, 1.11627223021e-007, 2.6431570177e-007, 4.27444916795e-007, 1.31322551056e-007, 7.14628583864e-007, 2.33279251916e-007, 5.77650780542e-008, 1.08423581224e-009, 5.61920822373e-011, 5.91395821203e-011, 2.24017106948e-011, 4.65839389632e-014, 3.92858523488e-019]
    frequency_bands:
        dmean: [1.76096136784e-007, 1.82250605576e-005, 4.98223453178e-005, 7.03675541445e-005, 8.51117583807e-005, 5.50809127162e-005, 4.86975295644e-005, 8.45270842547e-005, 9.06748973648e-005, 0.000105578998046, 5.27147676621e-005, 4.23462079198e-005, 5.22987174918e-005, 5.02597686136e-005, 0.000123008809169, 0.000213101680856, 0.000288046954665, 0.000148552950122, 0.000319597136695, 0.000224219198572, 0.00010988869326, 1.5018544218e-005, 1.88245758181e-006, 1.16389765026e-006, 6.53968754705e-007, 2.96157498525e-008, 2.7810007075e-010, 5.63305374568e-011]
        dmean2: [2.46951259442e-007, 3.18718412018e-005, 8.37617335492e-005, 0.000116202965728, 0.00014057799126, 9.17050419957e-005, 7.92440841906e-005, 0.000134569680085, 0.000147397164255, 0.000171444291482, 8.52437733556e-005, 7.10818712832e-005, 8.66746559041e-005, 8.17307809484e-005, 0.000199169648113, 0.000349027977791, 0.000481433671666, 0.000239792294451, 0.000530892808456, 0.000370660040062, 0.000181370298378, 2.45976807491e-005, 2.81179131889e-006, 1.64353798482e-006, 9.08217543838e-007, 4.07557365634e-008, 4.72978878285e-010, 1.04721425975e-010]
        dvar: [1.20858740225e-013, 1.5411494303e-009, 5.81045922488e-009, 1.22505667832e-008, 1.82974613239e-008, 1.17314256087e-008, 1.25311201415e-008, 7.68691279518e-008, 5.66240672129e-008, 4.65553853246e-008, 1.2640947844e-008, 8.23287038543e-009, 1.06504902675e-008, 1.21761196681e-008, 5.38314779419e-008, 1.02565543614e-007, 1.74237584361e-007, 5.02532557789e-008, 2.30162655157e-007, 6.47127933462e-008, 1.58628452596e-008, 2.89774093609e-010, 1.99281841029e-011, 2.61831199083e-011, 1.21389556393e-011, 2.17787180163e-014, 1.95884653783e-019, 7.1390622482e-021]
        dvar2: [2.37425801675e-013, 4.22389900834e-009, 1.62730415809e-008, 3.06019209972e-008, 4.78731863041e-008, 3.14026102899e-008, 3.13905417215e-008, 1.83625985528e-007, 1.40463015441e-007, 1.22567442418e-007, 3.20623776418e-008, 2.0938420775e-008, 2.79993148666e-008, 3.08522594139e-008, 1.36867612355e-007, 2.68371394441e-007, 4.78808715343e-007, 1.1834877256e-007, 6.14957059497e-007, 1.76115548811e-007, 4.34892832857e-008, 7.66949059816e-010, 3.66593248813e-011, 4.66097993534e-011, 2.39339346952e-011, 4.12118154544e-014, 4.70350561031e-019, 2.26776282446e-020]
        max: [4.42324289907e-006, 0.000403916783398, 0.000923809071537, 0.00159873487428, 0.00189821445383, 0.00185244577006, 0.00401270808652, 0.00668783206493, 0.00444427225739, 0.00382010964677, 0.00266822474077, 0.00267595704645, 0.00232618069276, 0.00260753766634, 0.00440782308578, 0.00521705765277, 0.00689807068557, 0.00557603966445, 0.0111284833401, 0.00678946031258, 0.00266573065892, 0.000341866281815, 0.000135096168378, 0.000170382612851, 0.000152996479301, 4.49131493951e-006, 9.15971831716e-009, 9.52650403008e-010]
        mean: [2.06744815046e-007, 2.02304363484e-005, 8.34969832795e-005, 0.000106186766061, 0.000147020837176, 9.48576853261e-005, 7.57313464419e-005, 0.000118796007882, 0.000138678631629, 0.000194817461306, 9.23915722524e-005, 7.80708724051e-005, 9.50564790401e-005, 8.42575609568e-005, 0.000226997173741, 0.000462847732706, 0.000647949404083, 0.000335917196935, 0.000836515333503, 0.000663949234877, 0.000331638293574, 4.71721250506e-005, 4.84121437694e-006, 2.37328322328e-006, 1.11340932563e-006, 4.97686016843e-008, 3.75812797548e-010, 4.37013411569e-011]
        median: [2.9485178743e-008, 1.01144350992e-005, 5.57000021217e-005, 6.25180982752e-005, 0.000100909091998, 5.10724348715e-005, 3.44726795447e-005, 3.69868394046e-005, 4.92100880365e-005, 7.1923568612e-005, 3.66641143046e-005, 3.53357572749e-005, 4.59116636193e-005, 4.42792588728e-005, 0.000113649963168, 0.000301660096738, 0.000466619851068, 0.000255889986875, 0.00065048848046, 0.000620748091023, 0.000312145391945, 4.630121839e-005, 3.40995620718e-006, 9.91989509203e-007, 3.22057445601e-007, 1.03996891099e-008, 1.58924040594e-010, 1.36120975602e-011]
        min: [1.02098496208e-023, 4.44228212331e-023, 4.39699456538e-023, 3.24955662014e-023, 4.4790594498e-023, 4.53472715507e-023, 4.05375803007e-023, 1.56815545202e-023, 6.12616252349e-023, 4.70874135107e-023, 1.7535697925e-023, 6.46623919756e-023, 8.17133427629e-023, 6.64303428601e-023, 6.38213211002e-023, 2.74020440599e-022, 2.42765569586e-022, 1.83938823488e-022, 3.64302049726e-022, 3.77467671229e-022, 6.5114613747e-022, 9.10667996207e-022, 4.87381794233e-022, 1.14566463641e-021, 1.09026231657e-021, 1.55094527123e-021, 2.21633068883e-021, 7.77720371704e-022]
        var: [1.80175834105e-013, 1.15564458003e-009, 8.49916315104e-009, 1.91970244146e-008, 2.48948257564e-008, 2.04285424132e-008, 1.70063163552e-008, 9.02796628566e-008, 7.74018218408e-008, 9.93997844034e-008, 2.68186060026e-008, 1.65941251851e-008, 2.07918802175e-008, 1.84547417348e-008, 1.11627223021e-007, 2.6431570177e-007, 4.27444916795e-007, 1.31322551056e-007, 7.14628583864e-007, 2.33279251916e-007, 5.77650780542e-008, 1.08423581224e-009, 5.61920822373e-011, 5.91395821203e-011, 2.24017106948e-011, 4.65839389632e-014, 3.92858523488e-019, 5.63929130528e-021]
    mfcc:
        mean: [-723.945739746, 93.2307281494, -73.1223754883, 60.2639884949, -18.5966205597, -4.77840518951, -1.38867354393, -4.84980487823, 4.88652610779, -4.51441144943, -11.3823442459, -6.83233070374, -3.50208616257]
        cov: [[8224.64941406, -194.070953369, -1384.63708496, 1584.31921387, -645.456604004, 302.249176025, -119.142829895, -98.8360137939, 302.927581787, -11.4023571014, -145.816085815, 58.6603965759, -2.68510532379], [-194.070953369, 669.91394043, -107.102752686, -146.169662476, -25.8016700745, -76.2655944824, 55.5111236572, 40.5045318604, -27.3074188232, -24.769449234, 9.84812068939, -56.4312133789, -18.8500385284], [-1384.63708496, -107.102752686, 529.463745117, -242.756973267, 199.9480896, -56.8540534973, 27.5943069458, 24.7140083313, -54.1506614685, 15.8044509888, 13.7975082397, 17.8401985168, 3.11273407936], [1584.31921387, -146.169662476, -242.756973267, 724.871826172, -48.0129547119, 92.2155303955, -92.520362854, -104.166191101, 98.7994232178, -3.33276176453, -24.5830059052, 45.4338493347, 56.3152122498], [-645.456604004, -25.8016700745, 199.9480896, -48.0129547119, 239.126571655, -53.5691642761, -23.2718734741, -26.129529953, -29.3083496094, 18.7767467499, -7.65401077271, 8.60639190674, 20.372095108], [302.249176025, -76.2655944824, -56.8540534973, 92.2155303955, -53.5691642761, 152.657089233, 54.5683326721, 16.6390171051, 16.5002288818, -17.1286067963, -1.45697212219, 5.10098361969, -3.72550797462], [-119.142829895, 55.5111236572, 27.5943069458, -92.520362854, -23.2718734741, 54.5683326721, 132.517868042, 66.8187408447, -5.44638252258, -22.0215988159, -3.91153120995, -13.0003547668, -13.2634906769], [-98.8360137939, 40.5045318604, 24.7140083313, -104.166191101, -26.129529953, 16.6390171051, 66.8187408447, 114.888664246, 29.6663150787, 1.0036059618, -9.36418247223, -9.8515920639, -9.66718959808], [302.927581787, -27.3074188232, -54.1506614685, 98.7994232178, -29.3083496094, 16.5002288818, -5.44638252258, 29.6663150787, 97.6557235718, 28.6341171265, -3.59433484077, 1.23750817776, 3.82704496384], [-11.4023571014, -24.769449234, 15.8044509888, -3.33276176453, 18.7767467499, -17.1286067963, -22.0215988159, 1.0036059618, 28.6341171265, 77.5761413574, 29.6708297729, 3.27993249893, -12.0465650558], [-145.816085815, 9.84812068939, 13.7975082397, -24.5830059052, -7.65401077271, -1.45697212219, -3.91153120995, -9.36418247223, -3.59433484077, 29.6708297729, 65.0488739014, 18.9380741119, -6.48667621613], [58.6603965759, -56.4312133789, 17.8401985168, 45.4338493347, 8.60639190674, 5.10098361969, -13.0003547668, -9.8515920639, 1.23750817776, 3.27993249893, 18.9380741119, 60.0327720642, 29.6477127075], [-2.68510532379, -18.8500385284, 3.11273407936, 56.3152122498, 20.372095108, -3.72550797462, -13.2634906769, -9.66718959808, 3.82704496384, -12.0465650558, -6.48667621613, 29.6477127075, 64.8861465454]]
        icov: [[0.000423481105827, 4.24320132879e-005, 0.000654571689665, -0.000720249197911, 0.000509040313773, 0.000114323716844, -0.000212973813177, -0.000171005973243, 0.000159781106049, -0.000590653740801, 0.00119030487258, -0.000936104159337, 0.000828926102258], [4.24320132879e-005, 0.00222484301776, 0.000975543516688, -4.35717920482e-005, -0.000384771352401, 0.00178834272083, -0.00128147751093, -0.000726928585209, 0.00044847180834, 0.000982248224318, -0.00169482629281, 0.00198186771013, -0.000426730868639], [0.000654571689665, 0.000975543516688, 0.0048622651957, -0.000277504557744, -0.00217858888209, 0.000980820157565, -0.00131190009415, -0.00115224905312, 0.000805089715868, -0.000457910646219, 0.000756970315706, -0.00220767548308, 0.00157047214452], [-0.000720249197911, -4.35717920482e-005, -0.000277504557744, 0.00434776814654, -0.00120412721299, -0.00205362541601, 0.00123420427553, 0.00338844070211, -0.00368130090646, 0.00151378533337, -0.000654406903777, -1.71137580764e-005, -0.00234477990307], [0.000509040313773, -0.000384771352401, -0.00217858888209, -0.00120412721299, 0.00823633186519, 0.000945572799537, -0.00020922832482, 0.00163388974033, 0.00150182819925, -0.00392500031739, 0.00445403717458, -0.000966355495621, -0.00120258133393], [0.000114323716844, 0.00178834272083, 0.000980820157565, -0.00205362541601, 0.000945572799537, 0.01161158178, -0.0062538315542, -0.000550704891793, 0.000324967957567, 0.00159374577925, -0.0016599848168, 1.77107285708e-005, 0.00137165770866], [-0.000212973813177, -0.00128147751093, -0.00131190009415, 0.00123420427553, -0.00020922832482, -0.0062538315542, 0.0158089511096, -0.00701677938923, 0.00130746758077, 0.00321223866194, -0.00157363561448, 0.00149714562576, 0.0001812792907], [-0.000171005973243, -0.000726928585209, -0.00115224905312, 0.00338844070211, 0.00163388974033, -0.000550704891793, -0.00701677938923, 0.0190825443715, -0.00884705875069, -0.000997871509753, 0.00432135397568, -0.00221279263496, -0.000460084236693], [0.000159781106049, 0.00044847180834, 0.000805089715868, -0.00368130090646, 0.00150182819925, 0.000324967957567, 0.00130746758077, -0.00884705875069, 0.0197410341352, -0.00830084457994, 0.0020172316581, 0.00150265439879, -0.00140077667311], [-0.000590653740801, 0.000982248224318, -0.000457910646219, 0.00151378533337, -0.00392500031739, 0.00159374577925, 0.00321223866194, -0.000997871509753, -0.00830084457994, 0.0239318851382, -0.0130964461714, 0.0029186855536, 0.00309068290517], [0.00119030487258, -0.00169482629281, 0.000756970315706, -0.000654406903777, 0.00445403717458, -0.0016599848168, -0.00157363561448, 0.00432135397568, 0.0020172316581, -0.0130964461714, 0.029698273167, -0.0141817685217, 0.00581540632993], [-0.000936104159337, 0.00198186771013, -0.00220767548308, -1.71137580764e-005, -0.000966355495621, 1.77107285708e-005, 0.00149714562576, -0.00221279263496, 0.00150265439879, 0.0029186855536, -0.0141817685217, 0.0316377319396, -0.0144818369299], [0.000828926102258, -0.000426730868639, 0.00157047214452, -0.00234477990307, -0.00120258133393, 0.00137165770866, 0.0001812792907, -0.000460084236693, -0.00140077667311, 0.00309068290517, 0.00581540632993, -0.0144818369299, 0.0255613122135]]
    sccoeffs:
        dmean: [0.0479165948927, 0.043155990541, 0.035975817591, 0.0306239780039, 0.0194128975272, 0.0184697695076]
        dmean2: [0.0791916102171, 0.0709611624479, 0.0591369830072, 0.0507699474692, 0.0323544666171, 0.0280774384737]
        dvar: [0.00164157035761, 0.00133985630237, 0.000864907051437, 0.00060187903, 0.000242143039941, 0.000285348505713]
        dvar2: [0.00440582865849, 0.00344655616209, 0.00227438984439, 0.00159232085571, 0.000634654716123, 0.000584151770454]
        max: [-0.399837821722, -0.513742446899, -0.498203396797, -0.584131360054, -0.648187935352, -0.517805337906]
        mean: [-0.679884552956, -0.77464556694, -0.77774065733, -0.767399907112, -0.787872850895, -0.698043465614]
        median: [-0.6798402071, -0.77964246273, -0.782393574715, -0.769996345043, -0.790441632271, -0.685677707195]
        min: [-0.964288115501, -0.97107732296, -0.966270923615, -0.964908063412, -0.952227413654, -0.95587682724]
        var: [0.00418933480978, 0.00370753044263, 0.00383265339769, 0.00264922389761, 0.00134381244425, 0.00413490552455]
    scvalleys:
        dmean: [0.356484383345, 0.324994534254, 0.268794417381, 0.226602002978, 0.171350762248, 0.203879356384]
        dmean2: [0.59604203701, 0.538566052914, 0.43545114994, 0.36504137516, 0.267812490463, 0.288546919823]
        dvar: [0.102313511074, 0.0869250372052, 0.0617207735777, 0.0503824241459, 0.0475881807506, 0.0767788439989]
        dvar2: [0.247249990702, 0.200613185763, 0.129200235009, 0.0983046889305, 0.0824056118727, 0.124177880585]
        max: [-5.72595596313, -5.00260972977, -5.35673904419, -5.604180336, -5.50941562653, -7.59325408936]
        mean: [-7.46147680283, -7.01469039917, -7.18913125992, -7.28494501114, -6.85351371765, -10.3711261749]
        median: [-7.18175601959, -6.82128047943, -7.02027654648, -6.9577999115, -6.32385969162, -9.98778533936]
        min: [-26.9356994629, -27.0411224365, -27.205904007, -27.1184196472, -27.4309215546, -27.3710136414]
        var: [1.59253036976, 1.17659115791, 1.46245467663, 1.56673073769, 2.22395801544, 1.87963652611]

rhythm:
    beats_loudness:
        dmean: 0.00132405071054
        dmean2: 0.0023637113627
        dvar: 1.56204134782e-006
        dvar2: 4.38334564024e-006
        max: 0.017849329859
        mean: 0.00549898203462
        median: 0.00584953371435
        min: 7.55011275722e-010
        var: 8.46863986226e-006
    bpm: 100.915626526
    bpm_confidence: 0
    first_peak_bpm: 101
    first_peak_spread: 0.387862801552
    first_peak_weight: 0.507658660412
    onset_rate: 1.77165067196
    second_peak_bpm: 136
    second_peak_spread: 0.428571432829
    second_peak_weight: 0.0700218826532
    beats_loudness_band_ratio:
        dmean: [0.0579625852406, 0.0500122979283, 0.0685658752918, 0.0759590342641, 0.11367098242, 0.0915999785066]
        dmean2: [0.0995823442936, 0.08827444911, 0.121359057724, 0.133703395724, 0.192840173841, 0.154452309012]
        dvar: [0.00453481217846, 0.00290461746044, 0.00541823916137, 0.00754753360525, 0.00974456779659, 0.00447969697416]
        dvar2: [0.0127157494426, 0.00755410920829, 0.0147799681872, 0.0209426302463, 0.0283002480865, 0.0131839634851]
        max: [0.660474777222, 0.683231532574, 0.721697509289, 0.689866244793, 0.743257343769, 0.756396234035]
        mean: [0.0844838917255, 0.0654705613852, 0.101708948612, 0.117320224643, 0.334005177021, 0.329471737146]
        median: [0.0498148947954, 0.0427778102458, 0.0698085427284, 0.0808780863881, 0.321010500193, 0.339324504137]
        min: [0.0037191293668, 0.00152625038754, 0.00361119071022, 0.00376402563415, 0.0339387692511, 0.00277461460792]
        var: [0.00950282905251, 0.00484782364219, 0.0084026819095, 0.012617263943, 0.0184476580471, 0.0187024027109]
    beats_position: [0.580498874187, 1.17260766029, 1.764716506, 2.35682535172, 2.99537420273, 3.63392281532, 4.27247142792, 4.87619018555, 5.46829938889, 6.08362817764, 6.6989569664, 7.30267572403, 7.90639448166, 8.51011276245, 9.11383247375, 9.72916126251, 10.3328800201, 10.9365987778, 11.5403175354, 12.1324262619, 12.7245349884, 13.3166437149, 13.9087524414, 14.5008611679, 15.0929698944, 15.6850786209, 16.2771873474, 16.8692970276, 17.4614048004, 18.0651245117, 18.6572322845, 19.2493419647, 19.8414516449, 20.4451694489, 21.037279129, 21.6293869019, 22.221496582, 22.8136043549, 23.3941040039, 23.9862117767, 24.5783214569, 25.1820411682, 25.7857589722, 26.3778686523, 26.9699764252, 27.5620861053, 28.1658039093, 28.7579135895, 29.3500213623, 29.9421310425, 30.5458488464, 31.1495685577, 31.7416782379, 32.3337860107, 32.9142837524, 33.4947853088, 34.0868911743, 34.6790008545, 35.2711105347, 35.8748283386, 36.4785499573, 37.0706558228, 37.6627655029, 38.2664833069, 38.8702049255, 39.462310791, 40.0544204712, 40.6465301514, 41.2270278931, 41.8191375732, 42.4228553772, 43.0265769958, 43.6186828613, 44.2107925415, 44.8029022217, 45.4066200256, 45.9987297058, 46.5792274475, 47.1713371277, 47.7634468079, 48.355556488, 48.9476623535, 49.5397720337, 50.1318817139, 50.7123794556, 51.2928771973, 51.8965988159, 52.5003166199, 53.1040344238, 53.7077522278, 54.3114738464, 54.9151916504, 55.5073013306, 56.1110191345, 56.7031288147, 57.2952384949, 57.8873443604, 58.4678459167, 59.0599517822, 59.6520614624, 60.2441711426, 60.8362808228, 61.4399986267, 62.0321083069, 62.6242179871, 63.2047157288, 63.7968254089, 64.3889312744, 64.9810409546, 65.5731506348, 66.1652603149, 66.7573699951, 67.3494796753, 67.9415893555, 68.5336914063, 69.1258010864, 69.7179107666, 70.3100204468, 70.902130127, 71.4942398071, 72.0979614258, 72.701675415, 73.3053970337, 73.9091110229, 74.489616394, 75.0817184448, 75.673828125, 76.2659378052, 76.8580474854, 77.461769104, 78.0654830933, 78.6808166504, 79.2729263306, 79.8650360107, 80.4571380615, 81.0492477417, 81.6413574219, 82.2334671021, 82.8255767822, 83.4292984009, 84.0097961426, 84.6019058228, 85.1940155029, 85.7861175537, 86.3782272339, 86.9819488525, 87.5856704712, 88.177772522, 88.7698822021, 89.3619918823, 89.9541015625, 90.5345993042, 91.1267089844, 91.7188186646, 92.3109283447, 92.9030380249, 93.5067520142, 94.0988616943, 94.6909713745, 95.2946929932, 95.8984146118, 96.4905166626, 97.0826263428, 97.6747360229, 98.2668457031, 98.8473434448, 99.439453125, 100.031562805, 100.623672485, 101.227394104, 101.831108093, 102.423217773, 103.015327454, 103.607437134, 104.211151123, 104.803260803, 105.395370483, 105.987480164, 106.579589844, 107.171699524, 107.763809204, 108.344306946, 108.948028564, 109.551742554, 110.155464172, 110.747573853, 111.339683533, 111.931785583, 112.523895264, 113.127616882, 113.731338501, 114.323448181, 114.915550232, 115.519271851, 116.099769592, 116.691879272, 117.283988953, 117.864486694, 118.456596375, 119.048706055, 119.652427673, 120.232925415, 120.825035095, 121.417137146, 122.020858765, 122.612968445, 123.205078125, 123.797187805, 124.400901794, 124.993011475, 125.585121155, 126.177230835, 126.780952454, 127.373062134, 127.965164185, 128.557281494, 129.149383545, 129.753097534, 130.356826782, 130.948928833, 131.541046143, 132.133148193, 132.725265503, 133.328979492, 133.932693481, 134.548019409, 135.163360596, 135.790298462, 136.417236328, 137.009338379, 137.601455688, 138.193557739, 138.669570923, 139.133972168, 139.598358154, 140.062759399, 140.515548706, 140.979949951, 141.444351196, 141.897140503, 142.34992981, 142.802719116, 143.243896484, 143.685073853, 144.137863159, 144.590652466, 145.031829834, 145.473007202, 145.914199829, 146.355377197, 146.808166504, 147.260955811, 147.702133179, 148.143310547, 148.584487915, 149.037277222, 149.490066528, 149.931243896, 150.372421265, 150.813598633, 151.266387939, 151.719177246, 152.160354614, 152.613143921, 153.065933228, 153.507110596, 153.948303223, 154.389480591, 154.830657959, 155.271835327, 155.724624634, 156.17741394, 156.618591309, 157.059768677, 157.500946045, 157.953735352, 158.406524658, 158.847702026, 159.288879395, 159.730072021, 160.17124939, 160.612426758, 161.065216064, 161.518005371, 161.959182739, 162.400360107, 162.841537476, 163.294326782, 163.747116089, 164.199905396, 164.641082764, 165.09387207, 165.535049438, 165.976226807, 166.556732178, 167.148834229, 167.740951538, 168.344665527, 168.948379517, 169.552108765, 170.144210815, 170.736328125, 171.340042114, 171.943756104, 172.524261475, 173.104751587, 173.696868896, 174.300582886, 174.892700195, 175.484802246, 176.076919556, 176.669021606, 177.261123657, 177.864852905, 178.445343018, 179.037460327, 179.629562378, 180.233291626, 180.837005615, 181.417495728, 182.009613037, 182.601715088, 183.193832397, 183.785934448, 184.378051758, 184.970153809, 185.573867798, 186.165985107, 186.758087158, 187.361816406, 187.953918457, 188.546035767, 189.149749756, 189.741851807, 190.333969116, 190.937683105, 191.541397095, 192.133514404, 192.725616455, 193.306121826, 193.886611938, 194.46711731, 195.070831299, 195.674560547, 196.266662598, 196.870376587, 197.474105835, 198.066207886, 198.658325195, 199.250427246, 199.842529297, 200.434646606, 201.026748657, 201.618865967, 202.222579956, 202.826293945, 203.418411255, 204.022125244, 204.614242554, 205.194732666, 205.786849976, 206.378952026, 206.971069336, 207.563171387, 208.155273438, 208.759002686, 209.362716675, 209.954818726, 210.546936035, 211.139038086, 211.742767334, 212.323257446, 212.903762817, 213.495864868, 214.087982178, 214.691696167, 215.283798218, 215.875915527, 216.468017578, 217.060134888, 217.652236938, 218.23274231, 218.82484436, 219.41696167, 220.009063721, 220.61277771, 221.216506958, 221.808609009, 222.412338257, 223.004440308, 223.584945679, 224.177047729, 224.76914978, 225.372879028, 225.976593018, 226.580307007, 227.172424316, 227.752914429, 228.345031738, 228.937133789, 229.529251099, 230.132965088, 230.736679077, 231.328796387, 231.920898438, 232.513015747, 233.105117798, 233.697235107, 234.289337158, 234.881454468, 235.473556519, 236.077270508, 236.669387817, 237.261489868, 237.865203857, 238.457321167, 239.049423218, 239.653152466, 240.245254517, 240.837371826, 241.429473877, 242.021575928, 242.625305176, 243.229019165, 243.821136475, 244.424850464, 245.016952515, 245.597457886, 246.177947998, 246.781677246, 247.373779297, 247.965896606, 248.557998657, 249.150115967, 249.742218018, 250.334320068, 250.938049316, 251.541763306, 252.145477295, 252.760818481, 253.376144409, 253.979858398, 254.490692139, 255.001541138, 255.605255127, 256.197357178, 256.789459229, 257.35836792, 257.915649414, 258.484527588, 259.111480713, 259.73840332, 260.400177002, 261.073547363, 261.781768799, 262.501586914, 263.209777832, 263.917999268]
