
metadata:
    version:
        essentia: "2.1-beta2"
    audio_properties:
        analysis_sample_rate: 44100
        bitrate: 320
        channels: 2
        equal_loudness: 1
        length: 247.562454224
        replay_gain: -15.0050945282
        downmix: "mix"
    tags:
        album: "Born From Ashes"
        artist: "Born From Ashes"
        comment: ""
        date: "2013"
        genre: "Alternative Metal / Alternative Rock"
        title: "Left Behind"
        tracknumber: "10/10"

configuration:
    average_loudness:
        compute: 1
        frameSize: 88200
        hopSize: 44100
        silentFrames: "noise"
        windowType: "hann"
    general:
        analysisSampleRate: 44100
        endTime: 2000
        equalLoudness: 1
        nequalLoudness: 0
        shortSound: 0
        startTime: 0
    lowlevel:
        compute: 1
        frameSize: 2048
        hopSize: 1024
        zeroPadding: 0
        silentFrames: "noise"
        windowType: "blackmanharris62"
        mfccStats: ["mean", "cov", "icov"]
        stats: ["mean", "var", "median", "min", "max", "dmean", "dmean2", "dvar", "dvar2"]
    panning:
        compute: 0
        frameSize: 8192
        hopSize: 2048
        zeroPadding: 8192
        silentFrames: "noise"
        windowType: "hann"
        stats: ["copy"]
    rhythm:
        compute: 1
        maxTempo: 208
        minTempo: 40
        method: "degara"
        stats: ["mean", "var", "median", "min", "max", "dmean", "dmean2", "dvar", "dvar2"]
    segmentation:
        compute: 0
        cpw: 5
        inc1: 300
        inc2: 50
        minimumSegmentsLength: 10
        size1: 1000
        size2: 600
    sfx:
        compute: 1
        stats: ["mean", "var", "median", "min", "max", "dmean", "dmean2", "dvar", "dvar2"]
    svm:
        compute: 0
    tonal:
        compute: 1
        frameSize: 4096
        hopSize: 2048
        zeroPadding: 0
        silentFrames: "noise"
        windowType: "blackmanharris62"
        stats: ["mean", "var", "median", "min", "max", "dmean", "dmean2", "dvar", "dvar2"]

lowlevel:
    average_loudness: 0.810112774372
    barkbands_kurtosis:
        dmean: 0.753971576691
        dmean2: 1.21678888798
        dvar: 3.64311051369
        dvar2: 10.2566556931
        max: 117.086288452
        mean: -0.173894241452
        median: -0.845363020897
        min: -1.92859899998
        var: 9.26115512848
    barkbands_skewness:
        dmean: 0.319293946028
        dmean2: 0.498180985451
        dvar: 0.10258384794
        dvar2: 0.245731189847
        max: 8.14532089233
        mean: -0.125462517142
        median: -0.334688395262
        min: -3.39709663391
        var: 1.03742647171
    barkbands_spread:
        dmean: 4.17966222763
        dmean2: 6.57489490509
        dvar: 17.1359806061
        dvar2: 40.637966156
        max: 74.4060058594
        mean: 28.1782016754
        median: 28.057182312
        min: 0.765261948109
        var: 70.6552047729
    dissonance:
        dmean: 0.012291572988
        dmean2: 0.0205972660333
        dvar: 0.000190301201656
        dvar2: 0.000518349406775
        max: 0.499999791384
        mean: 0.472548544407
        median: 0.480132728815
        min: 0.259922325611
        var: 0.000592513766605
    hfc:
        dmean: 1.59967148304
        dmean2: 2.48902988434
        dvar: 3.92759490013
        dvar2: 9.87324428558
        max: 48.1096343994
        mean: 9.75299739838
        median: 8.41733646393
        min: 1.13535383043e-016
        var: 66.1965713501
    pitch:
        dmean: 606.463256836
        dmean2: 1174.99938965
        dvar: 1435338
        dvar2: 3708959.25
        max: 5486.53808594
        mean: 788.305358887
        median: 261.047698975
        min: 72.4818572998
        var: 1509272.5
    pitch_instantaneous_confidence:
        dmean: 0.0726070329547
        dmean2: 0.115755550563
        dvar: 0.0040677706711
        dvar2: 0.0097876181826
        max: 0.96569788456
        mean: 0.441228210926
        median: 0.405028641224
        min: 0.119124293327
        var: 0.0256094075739
    pitch_salience:
        dmean: 0.0489748567343
        dmean2: 0.0794804543257
        dvar: 0.00191770796664
        dvar2: 0.00507511664182
        max: 0.927313745022
        mean: 0.628536880016
        median: 0.643228828907
        min: 0.14823025465
        var: 0.00803765654564
    silence_rate_20dB:
        dmean: 0
        dmean2: 0
        dvar: 0
        dvar2: 0
        max: 1
        mean: 1
        median: 1
        min: 1
        var: 0
    silence_rate_30dB:
        dmean: 0
        dmean2: 0
        dvar: 0
        dvar2: 0
        max: 1
        mean: 1
        median: 1
        min: 1
        var: 0
    silence_rate_60dB:
        dmean: 0.034702681005
        dmean2: 0.0694118738174
        dvar: 0.0334895439446
        dvar2: 0.0747269913554
        max: 1
        mean: 0.373440861702
        median: 0
        min: 0
        var: 0.233955070376
    spectral_centroid:
        dmean: 196.363525391
        dmean2: 307.023712158
        dvar: 45560.78125
        dvar2: 94953.953125
        max: 11037.9707031
        mean: 1881.69384766
        median: 2050.98461914
        min: 126.694946289
        var: 550928.375
    spectral_complexity:
        dmean: 2.53329586983
        dmean2: 4.12269020081
        dvar: 6.96819019318
        dvar2: 17.5981273651
        max: 51
        mean: 17.0316982269
        median: 16
        min: 0
        var: 143.352920532
    spectral_crest:
        dmean: 1.61431407928
        dmean2: 2.64087438583
        dvar: 2.46480464935
        dvar2: 6.24332857132
        max: 23.3974304199
        mean: 7.00438070297
        median: 6.15768909454
        min: 2.47146725655
        var: 8.9846830368
    spectral_decrease:
        dmean: 1.52616461135e-010
        dmean2: 2.37244779377e-010
        dvar: 3.10815700106e-020
        dvar2: 7.71108171403e-020
        max: 2.56076140496e-030
        mean: -1.00913222223e-009
        median: -1.07592790233e-009
        min: -3.17430837171e-009
        var: 4.26938235478e-019
    spectral_energy:
        dmean: 0.00068690313492
        dmean2: 0.00106532522477
        dvar: 5.97348048359e-007
        dvar2: 1.46751187913e-006
        max: 0.0157956145704
        mean: 0.00469332747161
        median: 0.0048488471657
        min: 1.02883302873e-020
        var: 9.90495027509e-006
    spectral_energyband_high:
        dmean: 0.000146307575051
        dmean2: 0.00024000738631
        dvar: 5.16308453768e-008
        dvar2: 1.40246399383e-007
        max: 0.0047568846494
        mean: 0.000551975972485
        median: 0.000327862682752
        min: 7.2948937052e-021
        var: 4.02153119694e-007
    spectral_energyband_low:
        dmean: 9.94796937448e-005
        dmean2: 0.000166560916114
        dvar: 2.91247665984e-008
        dvar2: 8.15535301513e-008
        max: 0.00308900023811
        mean: 0.000186477991519
        median: 0.000118842159281
        min: 6.01526950615e-023
        var: 5.26999492934e-008
    spectral_energyband_middle_high:
        dmean: 0.000490003381856
        dmean2: 0.000759573304094
        dvar: 3.69618220475e-007
        dvar2: 9.15514874578e-007
        max: 0.0133251193911
        mean: 0.00262291170657
        median: 0.00247604609467
        min: 1.44649503867e-021
        var: 4.63342757939e-006
    spectral_energyband_middle_low:
        dmean: 0.000429024774348
        dmean2: 0.000675064220559
        dvar: 3.87561726711e-007
        dvar2: 1.00312490758e-006
        max: 0.00978596694767
        mean: 0.00143806391861
        median: 0.00126953795552
        min: 3.8548068049e-022
        var: 1.20054608033e-006
    spectral_flatness_db:
        dmean: 0.0124440137297
        dmean2: 0.0189719330519
        dvar: 0.000156087044161
        dvar2: 0.000329036905896
        max: 0.437448590994
        mean: 0.168684497476
        median: 0.159043237567
        min: 0.0595832280815
        var: 0.00157880154438
    spectral_flux:
        dmean: 0.00538656953722
        dmean2: 0.00839508883655
        dvar: 3.45101507264e-005
        dvar2: 8.05503877928e-005
        max: 0.0939344465733
        mean: 0.0347183980048
        median: 0.0378455854952
        min: 1.01431404942e-010
        var: 0.000362915947335
    spectral_kurtosis:
        dmean: 1.57214748859
        dmean2: 2.6640765667
        dvar: 4.09836101532
        dvar2: 11.0205879211
        max: 50.8980712891
        mean: 5.31477117538
        median: 4.06856203079
        min: -1.22285294533
        var: 19.5781822205
    spectral_rms:
        dmean: 0.000153873363161
        dmean2: 0.000233419443248
        dvar: 2.56130281429e-008
        dvar2: 5.72628415796e-008
        max: 0.0039256028831
        mean: 0.00194791308604
        median: 0.00217499025166
        min: 3.16818489846e-012
        var: 7.84467090398e-007
    spectral_rolloff:
        dmean: 280.026397705
        dmean2: 459.970214844
        dvar: 176865.890625
        dvar2: 361383.90625
        max: 18927.6855469
        mean: 3342.52734375
        median: 3703.7109375
        min: 129.19921875
        var: 1140713.875
    spectral_skewness:
        dmean: 0.186738476157
        dmean2: 0.305288881063
        dvar: 0.0396296642721
        dvar2: 0.0941097289324
        max: 5.69541788101
        mean: 1.35483074188
        median: 1.16920495033
        min: -0.0377896428108
        var: 0.383631914854
    spectral_spread:
        dmean: 326940.09375
        dmean2: 457546.5625
        dvar: 374968352768
        dvar2: 500005797888
        max: 41798248
        mean: 3670384.75
        median: 3392920.25
        min: 1391993
        var: 2.08417443021e+012
    spectral_strongpeak:
        dmean: 0.619896113873
        dmean2: 1.06409573555
        dvar: 0.871851503849
        dvar2: 2.29203724861
        max: 10.283446312
        mean: 1.08602821827
        median: 0.567798256874
        min: 5.42868028308e-010
        var: 1.84314751625
    zerocrossingrate:
        dmean: 0.0066295331344
        dmean2: 0.00801461841911
        dvar: 5.55396036361e-005
        dvar2: 6.49515932309e-005
        max: 0.5126953125
        mean: 0.10282997787
        median: 0.11279296875
        min: 0.005859375
        var: 0.00118710438255
    barkbands:
        dmean: [1.17844180636e-007, 1.74944289029e-005, 5.72418757656e-005, 0.000122609038954, 0.000176486486453, 6.03750995651e-005, 0.000121661229059, 0.000148610619362, 9.54952920438e-005, 7.95154337538e-005, 7.05794373062e-005, 3.67198626918e-005, 3.7989950215e-005, 3.79014927603e-005, 6.14403616055e-005, 0.000123893842101, 0.000225753319683, 0.000113117224828, 0.000238464548602, 0.000164422483067, 9.26485081436e-005, 1.47458340507e-005, 1.75757338639e-006, 5.90734259731e-007, 4.0484022179e-007, 2.38018511567e-008, 3.39174466291e-010]
        dmean2: [1.53252088353e-007, 2.94283599942e-005, 9.63690181379e-005, 0.000204236290301, 0.00029259850271, 9.62178528425e-005, 0.000192569554201, 0.000215246327571, 0.000145917249029, 0.000119773176266, 0.000108384505438, 5.81116219109e-005, 6.17594996584e-005, 6.13812517258e-005, 9.91027263808e-005, 0.000204448355362, 0.000367181375623, 0.000181687064469, 0.000387437670724, 0.000272408389719, 0.000153588756802, 2.39181845245e-005, 2.6358939067e-006, 8.316475828e-007, 5.37827475e-007, 3.30223386413e-008, 5.5273274846e-010]
        dvar: [1.48114810347e-013, 1.23471832758e-009, 1.2530320781e-008, 4.90302056733e-008, 1.07478356881e-007, 1.33597488627e-008, 6.14398274479e-008, 1.12314722855e-007, 4.30320099554e-008, 3.28366880353e-008, 2.63118202781e-008, 5.46446710104e-009, 4.74995642818e-009, 6.57867094134e-009, 1.09963966821e-008, 3.51092488415e-008, 1.0868932776e-007, 4.13239362729e-008, 1.29242550884e-007, 5.80235592906e-008, 2.44703972641e-008, 7.90971566023e-010, 1.88821788066e-011, 6.64723744798e-012, 4.13768195054e-012, 1.20135343595e-014, 4.08034289198e-019]
        dvar2: [2.62182690922e-013, 3.454881492e-009, 3.56388447642e-008, 1.36533898853e-007, 2.98140037103e-007, 3.23274456093e-008, 1.42381580304e-007, 2.5912359547e-007, 1.0160422903e-007, 7.35718188594e-008, 6.15380315594e-008, 1.31128237157e-008, 1.22935945868e-008, 1.63976938694e-008, 2.63229331665e-008, 9.5230220154e-008, 2.91505671157e-007, 9.99411398084e-008, 3.39767439073e-007, 1.58451697985e-007, 6.58571650547e-008, 1.93069138454e-009, 3.40360968576e-011, 1.18794548851e-011, 6.50280046824e-012, 2.05260460728e-014, 9.46558077786e-019]
        max: [7.26959797248e-006, 0.000625654764008, 0.00209119869396, 0.00383822992444, 0.00525501277298, 0.00309958076105, 0.00699785398319, 0.0081329876557, 0.00675481883809, 0.00429420080036, 0.00381946470588, 0.00315154343843, 0.00136806955561, 0.00213115848601, 0.00240387488157, 0.00304297637194, 0.00560755003244, 0.00986951775849, 0.00775573216379, 0.00339066726156, 0.00313647999428, 0.000868648174219, 0.000138657473144, 9.59749377216e-005, 6.56774864183e-005, 4.04247111874e-006, 1.35342856922e-008]
        mean: [1.43237798511e-007, 2.90520874842e-005, 8.73808530741e-005, 0.00018512182578, 0.000329714617692, 0.000123161822557, 0.00023393437732, 0.00033510956564, 0.000189720769413, 0.000179050097358, 0.000143922879943, 7.28277373128e-005, 7.35788271413e-005, 7.05847996869e-005, 0.000126584258396, 0.000281518819975, 0.00053719303105, 0.000264630973106, 0.000639737816527, 0.00046419625869, 0.000277739076409, 4.19469397457e-005, 4.37587277702e-006, 1.25226756609e-006, 8.03425166396e-007, 4.70160479438e-008, 4.9773180022e-010]
        median: [7.73817099287e-009, 1.5737123249e-005, 4.32469496445e-005, 9.67110754573e-005, 0.000224390270887, 7.67555320635e-005, 0.000103219783341, 0.000125191931147, 8.71467127581e-005, 6.10341958236e-005, 3.95492461394e-005, 3.28326568706e-005, 3.67889042536e-005, 3.82807957067e-005, 8.08272525319e-005, 0.00016519651399, 0.000347314286046, 0.000184535514563, 0.000468904356239, 0.000323475775076, 0.000138001603773, 2.89368472295e-005, 2.34255071518e-006, 4.60179620632e-007, 1.98805338414e-007, 1.1561616553e-008, 1.88820750702e-010]
        min: [5.72825035439e-023, 1.67230449748e-023, 4.76160583911e-024, 3.89904694488e-023, 2.82340196846e-023, 7.80760313466e-023, 4.9416096193e-023, 4.95076513897e-023, 1.27618130714e-022, 1.19078250721e-022, 3.84783693482e-023, 9.32827641771e-023, 4.26305103238e-023, 7.19124275913e-023, 2.89093262713e-022, 5.84876242607e-023, 1.5854632496e-022, 1.59883273801e-022, 2.50529702698e-022, 2.78544311766e-022, 5.04025976783e-022, 4.38120876447e-022, 6.5756612733e-022, 7.97951965485e-022, 1.35915983134e-021, 1.34811264846e-021, 2.36184682393e-021]
        var: [2.41247478808e-013, 1.63359215044e-009, 1.87170581256e-008, 6.89304044954e-008, 1.46623307273e-007, 2.90879640374e-008, 1.77625395281e-007, 3.67152466652e-007, 9.2067409696e-008, 1.12847942546e-007, 9.0096563099e-008, 2.06105674749e-008, 1.10307949441e-008, 1.26331807238e-008, 2.6932793773e-008, 1.05062696321e-007, 3.61346792488e-007, 9.83877370686e-008, 4.92611775371e-007, 2.46146669269e-007, 1.26196454175e-007, 2.66496846812e-009, 6.60793086915e-011, 1.75635547772e-011, 1.39336580468e-011, 3.95567029111e-014, 7.45699289711e-019]
    frequency_bands:
        dmean: [1.17844180636e-007, 1.74944289029e-005, 5.72418757656e-005, 0.000122609038954, 0.000176486486453, 6.03750995651e-005, 0.000121661229059, 0.000148610619362, 9.54952920438e-005, 7.95154337538e-005, 7.05794373062e-005, 3.67198626918e-005, 3.7989950215e-005, 3.79014927603e-005, 6.14403616055e-005, 0.000123893842101, 0.000225753319683, 0.000113117224828, 0.000238464548602, 0.000164422483067, 9.26485081436e-005, 1.47458340507e-005, 1.75757338639e-006, 5.90734259731e-007, 4.0484022179e-007, 2.38018511567e-008, 3.39174466291e-010, 5.26017562841e-011]
        dmean2: [1.53252088353e-007, 2.94283599942e-005, 9.63690181379e-005, 0.000204236290301, 0.00029259850271, 9.62178528425e-005, 0.000192569554201, 0.000215246327571, 0.000145917249029, 0.000119773176266, 0.000108384505438, 5.81116219109e-005, 6.17594996584e-005, 6.13812517258e-005, 9.91027263808e-005, 0.000204448355362, 0.000367181375623, 0.000181687064469, 0.000387437670724, 0.000272408389719, 0.000153588756802, 2.39181845245e-005, 2.6358939067e-006, 8.316475828e-007, 5.37827475e-007, 3.30223386413e-008, 5.5273274846e-010, 9.70567168301e-011]
        dvar: [1.48114810347e-013, 1.23471832758e-009, 1.2530320781e-008, 4.90302056733e-008, 1.07478356881e-007, 1.33597488627e-008, 6.14398274479e-008, 1.12314722855e-007, 4.30320099554e-008, 3.28366880353e-008, 2.63118202781e-008, 5.46446710104e-009, 4.74995642818e-009, 6.57867094134e-009, 1.09963966821e-008, 3.51092488415e-008, 1.0868932776e-007, 4.13239362729e-008, 1.29242550884e-007, 5.80235592906e-008, 2.44703972641e-008, 7.90971566023e-010, 1.88821788066e-011, 6.64723744798e-012, 4.13768195054e-012, 1.20135343595e-014, 4.08034289198e-019, 6.99859179367e-021]
        dvar2: [2.62182690922e-013, 3.454881492e-009, 3.56388447642e-008, 1.36533898853e-007, 2.98140037103e-007, 3.23274456093e-008, 1.42381580304e-007, 2.5912359547e-007, 1.0160422903e-007, 7.35718188594e-008, 6.15380315594e-008, 1.31128237157e-008, 1.22935945868e-008, 1.63976938694e-008, 2.63229331665e-008, 9.5230220154e-008, 2.91505671157e-007, 9.99411398084e-008, 3.39767439073e-007, 1.58451697985e-007, 6.58571650547e-008, 1.93069138454e-009, 3.40360968576e-011, 1.18794548851e-011, 6.50280046824e-012, 2.05260460728e-014, 9.46558077786e-019, 2.17628715003e-020]
        max: [7.26959797248e-006, 0.000625654764008, 0.00209119869396, 0.00383822992444, 0.00525501277298, 0.00309958076105, 0.00699785398319, 0.0081329876557, 0.00675481883809, 0.00429420080036, 0.00381946470588, 0.00315154343843, 0.00136806955561, 0.00213115848601, 0.00240387488157, 0.00304297637194, 0.00560755003244, 0.00986951775849, 0.00775573216379, 0.00339066726156, 0.00313647999428, 0.000868648174219, 0.000138657473144, 9.59749377216e-005, 6.56774864183e-005, 4.04247111874e-006, 1.35342856922e-008, 1.21965726407e-009]
        mean: [1.43237798511e-007, 2.90520874842e-005, 8.73808530741e-005, 0.00018512182578, 0.000329714617692, 0.000123161822557, 0.00023393437732, 0.00033510956564, 0.000189720769413, 0.000179050097358, 0.000143922879943, 7.28277373128e-005, 7.35788271413e-005, 7.05847996869e-005, 0.000126584258396, 0.000281518819975, 0.00053719303105, 0.000264630973106, 0.000639737816527, 0.00046419625869, 0.000277739076409, 4.19469397457e-005, 4.37587277702e-006, 1.25226756609e-006, 8.03425166396e-007, 4.70160479438e-008, 4.9773180022e-010, 4.19671901397e-011]
        median: [7.73817099287e-009, 1.5737123249e-005, 4.32469496445e-005, 9.67110754573e-005, 0.000224390270887, 7.67555320635e-005, 0.000103219783341, 0.000125191931147, 8.71467127581e-005, 6.10341958236e-005, 3.95492461394e-005, 3.28326568706e-005, 3.67889042536e-005, 3.82807957067e-005, 8.08272525319e-005, 0.00016519651399, 0.000347314286046, 0.000184535514563, 0.000468904356239, 0.000323475775076, 0.000138001603773, 2.89368472295e-005, 2.34255071518e-006, 4.60179620632e-007, 1.98805338414e-007, 1.1561616553e-008, 1.88820750702e-010, 1.22795324256e-011]
        min: [5.72825035439e-023, 1.67230449748e-023, 4.76160583911e-024, 3.89904694488e-023, 2.82340196846e-023, 7.80760313466e-023, 4.9416096193e-023, 4.95076513897e-023, 1.27618130714e-022, 1.19078250721e-022, 3.84783693482e-023, 9.32827641771e-023, 4.26305103238e-023, 7.19124275913e-023, 2.89093262713e-022, 5.84876242607e-023, 1.5854632496e-022, 1.59883273801e-022, 2.50529702698e-022, 2.78544311766e-022, 5.04025976783e-022, 4.38120876447e-022, 6.5756612733e-022, 7.97951965485e-022, 1.35915983134e-021, 1.34811264846e-021, 2.36184682393e-021, 8.10466909269e-022]
        var: [2.41247478808e-013, 1.63359215044e-009, 1.87170581256e-008, 6.89304044954e-008, 1.46623307273e-007, 2.90879640374e-008, 1.77625395281e-007, 3.67152466652e-007, 9.2067409696e-008, 1.12847942546e-007, 9.0096563099e-008, 2.06105674749e-008, 1.10307949441e-008, 1.26331807238e-008, 2.6932793773e-008, 1.05062696321e-007, 3.61346792488e-007, 9.83877370686e-008, 4.92611775371e-007, 2.46146669269e-007, 1.26196454175e-007, 2.66496846812e-009, 6.60793086915e-011, 1.75635547772e-011, 1.39336580468e-011, 3.95567029111e-014, 7.45699289711e-019, 5.73717286348e-021]
    mfcc:
        mean: [-742.769714355, 113.740608215, -62.523639679, 57.7972145081, -18.907371521, -14.2290897369, -7.34619951248, -5.97233533859, 1.3154668808, -5.59035015106, -6.5393652916, -6.31601953506, -1.56277751923]
        cov: [[11001.7421875, 635.34765625, -1839.84228516, 1260.89685059, -1173.39697266, 513.154785156, -4.52167415619, 65.7544326782, 283.406616211, -108.130126953, -13.0957622528, -97.536857605, -1.86065256596], [635.34765625, 1292.32897949, -171.002349854, -3.74216556549, 168.778701782, -273.020812988, -25.6388835907, 0.805555820465, -116.065689087, 1.0038933754, -1.62510383129, -55.4786872864, 16.3752250671], [-1839.84228516, -171.002349854, 653.409240723, -255.462600708, 249.579086304, -28.0981941223, -8.94657325745, -6.42642402649, -56.3162651062, 19.0379066467, -3.70744681358, 37.0719451904, -1.17498874664], [1260.89685059, -3.74216556549, -255.462600708, 433.695648193, -124.775032043, 97.6471557617, -1.7235212326, -41.5427970886, 89.3641738892, -16.8519649506, -21.9295539856, 15.2168254852, 3.55669403076], [-1173.39697266, 168.778701782, 249.579086304, -124.775032043, 323.733062744, -133.645889282, -24.9432678223, -18.8435649872, -65.2845535278, 23.8845367432, -17.7892112732, 6.31126737595, 10.6270627975], [513.154785156, -273.020812988, -28.0981941223, 97.6471557617, -133.645889282, 277.779632568, 61.9190979004, 16.106924057, 67.1803512573, -20.3045063019, 15.1156988144, 8.23766040802, -27.4748630524], [-4.52167415619, -25.6388835907, -8.94657325745, -1.7235212326, -24.9432678223, 61.9190979004, 118.695388794, 32.2212753296, 8.43661880493, 1.58376824856, 9.57712650299, -1.15168094635, -2.73860287666], [65.7544326782, 0.805555820465, -6.42642402649, -41.5427970886, -18.8435649872, 16.106924057, 32.2212753296, 99.5301742554, 5.06100940704, 6.75930643082, 12.3776025772, -14.8507595062, 1.09057497978], [283.406616211, -116.065689087, -56.3162651062, 89.3641738892, -65.2845535278, 67.1803512573, 8.43661880493, 5.06100940704, 126.075668335, 12.3392467499, -11.0381536484, 24.6094474792, -4.97456121445], [-108.130126953, 1.0038933754, 19.0379066467, -16.8519649506, 23.8845367432, -20.3045063019, 1.58376824856, 6.75930643082, 12.3392467499, 72.4363479614, 26.5966014862, 3.65211629868, 2.04330611229], [-13.0957622528, -1.62510383129, -3.70744681358, -21.9295539856, -17.7892112732, 15.1156988144, 9.57712650299, 12.3776025772, -11.0381536484, 26.5966014862, 74.9757995605, 8.0390958786, -1.13970267773], [-97.536857605, -55.4786872864, 37.0719451904, 15.2168254852, 6.31126737595, 8.23766040802, -1.15168094635, -14.8507595062, 24.6094474792, 3.65211629868, 8.0390958786, 78.7287597656, 19.9097385406], [-1.86065256596, 16.3752250671, -1.17498874664, 3.55669403076, 10.6270627975, -27.4748630524, -2.73860287666, 1.09057497978, -4.97456121445, 2.04330611229, -1.13970267773, 19.9097385406, 64.0462036133]]
        icov: [[0.000312842690619, -0.000272996490821, 0.000370860216208, -0.000436149537563, 0.000708674953785, -0.000478208909044, 0.000421842793003, -0.000314100907417, 0.000162657874171, -0.000207992183277, 0.000295375939459, 1.6677995518e-005, -0.000170093466295], [-0.000272996490821, 0.00143939489499, 0.000216931992327, 0.000128569488879, -0.00134678103495, 0.00140112335794, -0.000678884214722, 5.11564321641e-005, 0.000374299415853, 0.0005458004307, -0.000664271821734, 0.000358862132998, 0.00030379742384], [0.000370860216208, 0.000216931992327, 0.00369553826749, 0.000879732775502, -0.00162832636852, -0.00154281652067, 0.000765375851188, -0.000255470775301, 0.000714793917723, -0.000452001928352, 0.000791737227701, -0.00135804398451, 0.000125867591123], [-0.000436149537563, 0.000128569488879, 0.000879732775502, 0.00461436714977, -0.00111535610631, -0.000799941772129, -0.000194878113689, 0.00218640407547, -0.00190191715956, 0.000297314865747, 0.000544354144949, -0.000528546806891, -0.000472528132377], [0.000708674953785, -0.00134678103495, -0.00162832636852, -0.00111535610631, 0.0081635909155, 0.000649392954074, 0.000704288075212, -0.00010603958799, 0.00160140474327, -0.0024579600431, 0.0025678453967, -0.000400259188609, -0.000274148216704], [-0.000478208909044, 0.00140112335794, -0.00154281652067, -0.000799941772129, 0.000649392954074, 0.00819041766226, -0.00362510047853, 0.000148915976752, -0.00208566500805, 0.00291538541205, -0.00278338952921, 0.000530197808985, 0.00242290040478], [0.000421842793003, -0.000678884214722, 0.000765375851188, -0.000194878113689, 0.000704288075212, -0.00362510047853, 0.0111745102331, -0.00331737310626, 0.000828517077025, -0.00111513165757, 0.000621790415607, -0.00052350840997, -0.000653237977531], [-0.000314100907417, 5.11564321641e-005, -0.000255470775301, 0.00218640407547, -0.00010603958799, 0.000148915976752, -0.00331737310626, 0.0129859615117, -0.0021521539893, -1.41795962918e-005, -0.0018589963438, 0.00299658137374, -0.00156112888362], [0.000162657874171, 0.000374299415853, 0.000714793917723, -0.00190191715956, 0.00160140474327, -0.00208566500805, 0.000828517077025, -0.0021521539893, 0.0134835820645, -0.00524477520958, 0.00494269141927, -0.00471578771248, 0.00170794175938], [-0.000207992183277, 0.0005458004307, -0.000452001928352, 0.000297314865747, -0.0024579600431, 0.00291538541205, -0.00111513165757, -1.41795962918e-005, -0.00524477520958, 0.0193823110312, -0.00884047802538, 0.00188108277507, -0.00032715004636], [0.000295375939459, -0.000664271821734, 0.000791737227701, 0.000544354144949, 0.0025678453967, -0.00278338952921, 0.000621790415607, -0.0018589963438, 0.00494269141927, -0.00884047802538, 0.0192957986146, -0.00417091790587, 0.000906760571525], [1.6677995518e-005, 0.000358862132998, -0.00135804398451, -0.000528546806891, -0.000400259188609, 0.000530197808985, -0.00052350840997, 0.00299658137374, -0.00471578771248, 0.00188108277507, -0.00417091790587, 0.0175352636725, -0.00581800146028], [-0.000170093466295, 0.00030379742384, 0.000125867591123, -0.000472528132377, -0.000274148216704, 0.00242290040478, -0.000653237977531, -0.00156112888362, 0.00170794175938, -0.00032715004636, 0.000906760571525, -0.00581800146028, 0.0186110362411]]
    sccoeffs:
        dmean: [0.0466736406088, 0.0406686700881, 0.0334295332432, 0.0275895372033, 0.0204461142421, 0.0159223899245]
        dmean2: [0.0777943134308, 0.0655399858952, 0.0533790066838, 0.0451456233859, 0.032388586551, 0.0243980642408]
        dvar: [0.00155363639351, 0.00111906090751, 0.00075869919965, 0.000506381853484, 0.000293304881779, 0.000198770023417]
        dvar2: [0.00428499514237, 0.00288161402568, 0.00185508292634, 0.00128856638912, 0.000671783229336, 0.000410303997342]
        max: [-0.307828813791, -0.367597550154, -0.422861993313, -0.504740297794, -0.49008089304, -0.5302054286]
        mean: [-0.638673722744, -0.730859100819, -0.758135080338, -0.776555478573, -0.766576290131, -0.717720329762]
        median: [-0.638954222202, -0.737211346626, -0.763971924782, -0.779730558395, -0.772239148617, -0.698346614838]
        min: [-0.967972099781, -0.957621395588, -0.963707268238, -0.958526849747, -0.963422596455, -0.960071980953]
        var: [0.00636848714203, 0.00670594070107, 0.00553823215887, 0.00288906786591, 0.00316876126453, 0.00529506755993]
    scvalleys:
        dmean: [0.354009181261, 0.294271588326, 0.259304076433, 0.219553336501, 0.184798076749, 0.209148824215]
        dmean2: [0.594295024872, 0.48300871253, 0.42091190815, 0.351813226938, 0.277042806149, 0.279926925898]
        dvar: [0.0971481874585, 0.0742375180125, 0.0594267696142, 0.0489664189517, 0.0490926094353, 0.0799308270216]
        dvar2: [0.251364469528, 0.168289572001, 0.12544208765, 0.0914766043425, 0.0751269236207, 0.113140232861]
        max: [-5.51197338104, -5.0701584816, -5.33509969711, -5.84420156479, -5.6396150589, -7.65695428848]
        mean: [-7.57774686813, -6.93143558502, -7.43886995316, -7.64144182205, -7.38167619705, -10.7228536606]
        median: [-7.20602464676, -6.59764814377, -7.05875349045, -7.20232391357, -6.83850431442, -10.2928037643]
        min: [-27.2017440796, -27.3464736938, -26.903137207, -27.34557724, -27.1501083374, -27.2133388519]
        var: [1.88757157326, 1.73755061626, 1.90146696568, 1.92453896999, 2.233471632, 1.74783790112]

rhythm:
    beats_loudness:
        dmean: 0.00140507600736
        dmean2: 0.00246244831942
        dvar: 1.49967263496e-006
        dvar2: 4.79136133436e-006
        max: 0.0119458874688
        mean: 0.00509500643238
        median: 0.00560964364558
        min: 7.92495291613e-010
        var: 1.00104971352e-005
    bpm: 149.995849609
    bpm_confidence: 0
    first_peak_bpm: 152
    first_peak_spread: 0.496815264225
    first_peak_weight: 0.389162570238
    onset_rate: 1.51072990894
    second_peak_bpm: 144
    second_peak_spread: 0.261261254549
    second_peak_weight: 0.134646967053
    beats_loudness_band_ratio:
        dmean: [0.103664793074, 0.0870513394475, 0.108434639871, 0.0622654259205, 0.0945907905698, 0.0950808227062]
        dmean2: [0.177922680974, 0.15425761044, 0.187974542379, 0.107828304172, 0.16101244092, 0.164988473058]
        dvar: [0.0134181650355, 0.0105995088816, 0.0122234178707, 0.00789915397763, 0.00661118142307, 0.00907331332564]
        dvar2: [0.0376876071095, 0.0302043519914, 0.0343355536461, 0.0206810776144, 0.0189948845655, 0.0267336145043]
        max: [0.868771016598, 0.743588984013, 0.754166126251, 0.760101318359, 0.649322271347, 0.751444637775]
        mean: [0.133406415582, 0.121374234557, 0.180474683642, 0.0943032354116, 0.255315452814, 0.254497259855]
        median: [0.0795441567898, 0.0832604914904, 0.139975368977, 0.0657917410135, 0.258622974157, 0.260798633099]
        min: [0.00180061662104, 0.00917588267475, 0.00907878484577, 0.00344556057826, 0.000866475165822, 0.000675127492286]
        var: [0.0200464986265, 0.0133294994012, 0.0183775816113, 0.00885424111038, 0.0119007825851, 0.0237969327718]
    beats_position: [0.394739210606, 0.812698423862, 1.23065757751, 1.64861679077, 2.06657600403, 2.48453521729, 2.90249419212, 3.33206343651, 3.7732424736, 4.21442174911, 4.62077093124, 5.02712011337, 5.4334692955, 5.85142850876, 6.25777769089, 6.66412687302, 7.04725599289, 7.44199514389, 7.83673477173, 8.23147392273, 8.63782310486, 9.03256225586, 9.43891143799, 9.84526062012, 10.2516098022, 10.6463489532, 11.0526981354, 11.4590473175, 11.8653964996, 12.2717456818, 12.6780948639, 13.0960540771, 13.5256233215, 13.9551925659, 14.3963718414, 14.8143310547, 15.2206802368, 15.6270294189, 16.0333786011, 16.4397277832, 16.8460769653, 17.2524261475, 17.6703853607, 18.088344574, 18.5063037872, 18.9242630005, 19.3422222137, 19.7717914581, 20.2013607025, 20.6193199158, 21.0256690979, 21.43201828, 21.8383674622, 22.2447166443, 22.6626758575, 23.0806350708, 23.4985942841, 23.9281635284, 24.3577327728, 24.7873020172, 25.2168693542, 25.6348285675, 26.0411777496, 26.4591369629, 26.8887062073, 27.3066654205, 27.7362346649, 28.1658039093, 28.5953731537, 29.0249423981, 29.4429016113, 29.8608608246, 30.2788200378, 30.6967792511, 31.1263484955, 31.567527771, 32.0203170776, 32.4614944458, 32.9026756287, 33.3438529968, 33.7734222412, 34.2029914856, 34.6209526062, 35.0389099121, 35.4452590942, 35.8516082764, 36.2579574585, 36.6526985168, 37.0474357605, 37.4537849426, 37.848526001, 38.2432632446, 38.638004303, 39.0443534851, 39.4507026672, 39.8570518494, 40.2634010315, 40.6813583374, 41.0760993958, 41.4708366394, 41.8771858215, 42.2719268799, 42.678276062, 43.0846252441, 43.4909744263, 43.8857116699, 44.3036727905, 44.6984100342, 45.0931510925, 45.4878921509, 45.8826293945, 46.2773704529, 46.6721076965, 47.0552368164, 47.4499778748, 47.9027671814, 48.3439445496, 48.7967338562, 49.2379112244, 49.690700531, 50.1434898376, 50.5498390198, 50.9678001404, 51.3857574463, 51.8153266907, 52.2332878113, 52.6396369934, 53.0459861755, 53.4523353577, 53.8470726013, 54.2418136597, 54.6481628418, 55.0545120239, 55.4608612061, 55.8672103882, 56.2735595703, 56.6799087524, 57.0746459961, 57.4693870544, 57.8641242981, 58.2588653564, 58.6536026001, 59.0483436584, 59.4546928406, 59.8610420227, 60.2673912048, 60.6621322632, 61.0568695068, 61.4516105652, 61.8463478088, 62.252696991, 62.6590461731, 63.0537872314, 63.4601364136, 63.8548736572, 64.2612228394, 64.6675720215, 65.0623092651, 65.4686584473, 65.8750076294, 66.2697525024, 66.6644897461, 67.0592269897, 67.4539642334, 67.8603134155, 68.2666625977, 68.6614074707, 69.0561447144, 69.450881958, 69.8572311401, 70.2519683838, 70.6583175659, 71.064666748, 71.4710159302, 71.8657608032, 72.2604980469, 72.6552352905, 73.0499725342, 73.4447174072, 73.8394546509, 74.245803833, 74.6521530151, 75.0468902588, 75.4416275024, 75.8363723755, 76.2427215576, 76.6490707397, 77.0554199219, 77.461769104, 77.8565063477, 78.2512435913, 78.6575927734, 79.0523376465, 79.4586868286, 79.8650360107, 80.2597732544, 80.6661224365, 81.0608596802, 81.4555969238, 81.8503417969, 82.256690979, 82.6630401611, 83.0577774048, 83.4525146484, 83.8588638306, 84.2536010742, 84.6483459473, 85.0546951294, 85.4610443115, 85.8673934937, 86.2621307373, 86.656867981, 87.0516052246, 87.4463500977, 87.8410873413, 88.235824585, 88.6421737671, 89.0485229492, 89.4432601929, 89.8380050659, 90.2327423096, 90.6274795532, 91.0338287354, 91.4401779175, 91.8465270996, 92.2528762817, 92.6476211548, 93.0423583984, 93.4487075806, 93.8550567627, 94.2497940063, 94.64453125, 95.039276123, 95.4572296143, 95.8635787964, 96.2699279785, 96.6646728516, 97.0477981567, 97.4425354004, 97.8372802734, 98.2436294556, 98.6499786377, 99.0563278198, 99.4510650635, 99.8458023071, 100.240539551, 100.635284424, 101.030021667, 101.424758911, 101.831108093, 102.237457275, 102.632194519, 103.038543701, 103.444892883, 103.839637756, 104.245986938, 104.652336121, 105.047073364, 105.441810608, 105.836547852, 106.231292725, 106.637641907, 107.043991089, 107.438728333, 107.845077515, 108.251426697, 108.64616394, 109.052513123, 109.447257996, 109.853607178, 110.248344421, 110.643081665, 111.037818909, 111.444168091, 111.850517273, 112.245262146, 112.651611328, 113.046348572, 113.452697754, 113.847434998, 114.242172241, 114.648521423, 115.054870605, 115.449615479, 115.844352722, 116.239089966, 116.633827209, 117.028572083, 117.434921265, 117.841270447, 118.247619629, 118.642356873, 119.048706055, 119.443443298, 119.838180542, 120.232925415, 120.639274597, 121.045623779, 121.440361023, 121.835098267, 122.241447449, 122.647796631, 123.054145813, 123.460494995, 123.855232239, 124.249977112, 124.644714355, 125.039451599, 125.434196472, 125.828933716, 126.235282898, 126.630020142, 127.036369324, 127.442718506, 127.849067688, 128.243804932, 128.650161743, 129.056503296, 129.451248169, 129.857589722, 130.252334595, 130.658676147, 131.053421021, 131.448165894, 131.842895508, 132.237640381, 132.632385254, 133.050338745, 133.445083618, 133.839813232, 134.246170044, 134.652511597, 135.04725647, 135.430389404, 135.836730957, 136.23147583, 136.626205444, 137.044174194, 137.462127686, 137.84526062, 138.251602173, 138.657958984, 139.052688599, 139.447433472, 139.853790283, 140.248519897, 140.654876709, 141.061218262, 141.479187012, 141.897140503, 142.338317871, 142.767883301, 143.197463989, 143.627029419, 144.04498291, 144.46295166, 144.880905151, 145.298858643, 145.705215454, 146.123168945, 146.552734375, 146.982315063, 147.400268555, 147.818222046, 148.236190796, 148.642532349, 149.04888916, 149.455230713, 149.849975586, 150.256317139, 150.651062012, 151.057418823, 151.452148438, 151.846893311, 152.241622925, 152.647979736, 153.054321289, 153.460678101, 153.855422974, 154.261764526, 154.656509399, 155.062850952, 155.457595825, 155.852325439, 156.247070313, 156.641815186, 157.0365448, 157.431289673, 157.826034546, 158.22076416, 158.627120972, 159.021850586, 159.428207397, 159.822952271, 160.229293823, 160.624038696, 161.030380249, 161.425125122, 161.819854736, 162.226211548, 162.632553101, 163.027297974, 163.422042847, 163.828384399, 164.234741211, 164.652694702, 165.070648193, 165.488616943, 165.883346558, 166.278091431, 166.661224365, 167.055953979, 167.450698853, 167.845443726, 168.228561401, 168.634918213, 169.041259766, 169.436004639, 169.830749512, 170.225479126, 170.620223999, 171.026565552, 171.432922363, 171.839263916, 172.234008789, 172.640365601, 173.046707153, 173.441452026, 173.847793579, 174.242538452, 174.648880005, 175.055236816, 175.449981689, 175.844711304, 176.239456177, 176.634185791, 177.028930664, 177.435287476, 177.818405151, 178.224761963, 178.631103516, 179.037460327, 179.44380188, 179.838546753, 180.233291626, 180.62802124, 181.034378052, 181.452331543, 181.858688354, 182.253417969, 182.65977478, 183.066116333, 183.460861206, 183.85559082, 184.250335693, 184.645080566, 185.051422119, 185.457778931, 185.864120483, 186.258865356, 186.665206909, 187.059951782, 187.454696655, 187.861038208, 188.255783081, 188.638900757, 189.03364563, 189.440002441, 189.846343994, 190.241088867, 190.64743042, 191.042175293, 191.448516846, 191.854873657, 192.24961853, 192.644348145, 193.050704956, 193.44543457, 193.840179443, 194.234924316, 194.629653931, 195.036010742, 195.442352295, 195.837097168, 196.243438721, 196.649795532, 197.067749023, 197.485717773, 197.892059326, 198.286804199, 198.693145752, 199.087890625, 199.482620239, 199.854141235, 200.23727417, 200.643630981, 201.038360596, 201.433105469, 201.839447021, 202.234191895, 202.640533447, 203.03527832, 203.441635132, 203.847976685, 204.254333496, 204.64906311, 205.032196045, 205.426940918, 205.821670532, 206.216415405, 206.634368896, 207.040725708, 207.435455322, 207.841812134, 208.236557007, 208.64289856, 209.049255371, 209.443984985, 209.850341797, 210.25668335, 210.651428223, 211.046157837, 211.44090271, 211.847259521, 212.241989136, 212.648345947, 213.043075562, 213.437820435, 213.844161987, 214.250518799, 214.645263672, 215.039993286, 215.434738159, 215.841079712, 216.247436523, 216.642166138, 217.048522949, 217.454864502, 217.849609375, 218.244354248, 218.650695801, 219.057052612, 219.451782227, 219.858139038, 220.264480591, 220.659225464, 221.053970337, 221.46031189, 221.866668701, 222.261398315, 222.656143188, 223.050872803, 223.445617676, 223.840362549, 224.235092163, 224.629837036, 225.036193848, 225.4425354, 225.837280273, 226.243621826, 226.649978638, 227.044708252, 227.451065063, 227.857406616, 228.263763428, 228.67010498, 229.076461792, 229.482803345, 229.889160156, 230.295501709, 230.713470459, 231.13142395, 231.549377441, 231.967346191, 232.385299683, 232.803268433, 233.209609985, 233.615966797, 234.02230835, 234.428665161, 234.846618652, 235.252960205, 235.670928955, 236.088882446, 236.506851196, 236.924804688, 237.342758179, 237.772338867, 238.190292358, 238.60824585, 239.0262146, 239.444168091, 239.862121582, 240.280090332, 240.698043823, 241.115997314, 241.533966064, 241.951919556, 242.369888306, 242.787841797, 243.205795288, 243.623764038, 244.041717529, 244.459671021, 244.877639771, 245.3072052, 245.73677063, 246.166351318, 246.595916748, 247.025482178]
