
metadata:
    version:
        essentia: "2.1-beta2"
    audio_properties:
        analysis_sample_rate: 44100
        bitrate: 320
        channels: 2
        equal_loudness: 1
        length: 177.084075928
        replay_gain: -13.2155513763
        downmix: "mix"
    tags:
        album: "Saturate"
        artist: "Breaking Benjamin"
        comment: ""
        date: "2002"
        genre: "Metal Alternatif"
        title: "Polyamorous"
        tracknumber: "3"

configuration:
    average_loudness:
        compute: 1
        frameSize: 88200
        hopSize: 44100
        silentFrames: "noise"
        windowType: "hann"
    general:
        analysisSampleRate: 44100
        endTime: 2000
        equalLoudness: 1
        nequalLoudness: 0
        shortSound: 0
        startTime: 0
    lowlevel:
        compute: 1
        frameSize: 2048
        hopSize: 1024
        zeroPadding: 0
        silentFrames: "noise"
        windowType: "blackmanharris62"
        mfccStats: ["mean", "cov", "icov"]
        stats: ["mean", "var", "median", "min", "max", "dmean", "dmean2", "dvar", "dvar2"]
    panning:
        compute: 0
        frameSize: 8192
        hopSize: 2048
        zeroPadding: 8192
        silentFrames: "noise"
        windowType: "hann"
        stats: ["copy"]
    rhythm:
        compute: 1
        maxTempo: 208
        minTempo: 40
        method: "degara"
        stats: ["mean", "var", "median", "min", "max", "dmean", "dmean2", "dvar", "dvar2"]
    segmentation:
        compute: 0
        cpw: 5
        inc1: 300
        inc2: 50
        minimumSegmentsLength: 10
        size1: 1000
        size2: 600
    sfx:
        compute: 1
        stats: ["mean", "var", "median", "min", "max", "dmean", "dmean2", "dvar", "dvar2"]
    svm:
        compute: 0
    tonal:
        compute: 1
        frameSize: 4096
        hopSize: 2048
        zeroPadding: 0
        silentFrames: "noise"
        windowType: "blackmanharris62"
        stats: ["mean", "var", "median", "min", "max", "dmean", "dmean2", "dvar", "dvar2"]

lowlevel:
    average_loudness: 0.931115210056
    barkbands_kurtosis:
        dmean: 1.36874449253
        dmean2: 2.0782225132
        dvar: 22.1491184235
        dvar2: 40.4011077881
        max: 165.587478638
        mean: 0.376983135939
        median: -1.25326561928
        min: -1.93979537487
        var: 63.8588066101
    barkbands_skewness:
        dmean: 0.508424043655
        dmean2: 0.782250106335
        dvar: 0.339735746384
        dvar2: 0.694951832294
        max: 10.1010189056
        mean: 0.125038057566
        median: -0.137427568436
        min: -3.11473727226
        var: 1.64847159386
    barkbands_spread:
        dmean: 6.96852588654
        dmean2: 10.9562253952
        dvar: 48.8288803101
        dvar2: 112.528396606
        max: 78.8321914673
        mean: 39.3698272705
        median: 41.0891494751
        min: 0.692280352116
        var: 171.109222412
    dissonance:
        dmean: 0.0109760379419
        dmean2: 0.0180772263557
        dvar: 0.000163935008459
        dvar2: 0.000406696868595
        max: 0.500000059605
        mean: 0.479165822268
        median: 0.486420512199
        min: 0.278481066227
        var: 0.000472743588034
    hfc:
        dmean: 2.93926906586
        dmean2: 4.88737821579
        dvar: 15.5401000977
        dvar2: 40.2566261292
        max: 42.3997840881
        mean: 9.3753900528
        median: 8.86267757416
        min: 1.12920423888e-016
        var: 36.2913017273
    pitch:
        dmean: 812.559631348
        dmean2: 1549.36218262
        dvar: 1671141.25
        dvar2: 3916768
        max: 4917.68359375
        mean: 2358.75146484
        median: 3425.91308594
        min: 50.7741279602
        var: 2706148.25
    pitch_instantaneous_confidence:
        dmean: 0.0818331763148
        dmean2: 0.132203280926
        dvar: 0.00482192821801
        dvar2: 0.0116813443601
        max: 0.944416046143
        mean: 0.425472348928
        median: 0.405832409859
        min: 0.105217158794
        var: 0.0152502460405
    pitch_salience:
        dmean: 0.065471932292
        dmean2: 0.105566248298
        dvar: 0.00413299072534
        dvar2: 0.0101557495072
        max: 0.924008131027
        mean: 0.618043720722
        median: 0.645453631878
        min: 0.0822242349386
        var: 0.0130233466625
    silence_rate_20dB:
        dmean: 0
        dmean2: 0
        dvar: 0
        dvar2: 0
        max: 1
        mean: 1
        median: 1
        min: 1
        var: 0
    silence_rate_30dB:
        dmean: 0
        dmean2: 0
        dvar: 0
        dvar2: 0
        max: 1
        mean: 1
        median: 1
        min: 1
        var: 0
    silence_rate_60dB:
        dmean: 0.0959748253226
        dmean2: 0.191974818707
        dvar: 0.0867674052715
        dvar2: 0.185288712382
        max: 1
        mean: 0.21316203475
        median: 0
        min: 0
        var: 0.16770927608
    spectral_centroid:
        dmean: 323.821990967
        dmean2: 522.666442871
        dvar: 122678.78125
        dvar2: 276544.75
        max: 11355.1582031
        mean: 1828.11242676
        median: 1939.61743164
        min: 137.862960815
        var: 519085.4375
    spectral_complexity:
        dmean: 4.26458644867
        dmean2: 6.8908996582
        dvar: 20.2599086761
        dvar2: 48.6488113403
        max: 44
        mean: 16.1887779236
        median: 17
        min: 0
        var: 78.866027832
    spectral_crest:
        dmean: 1.94221508503
        dmean2: 3.16266608238
        dvar: 3.7647087574
        dvar2: 9.00882434845
        max: 25.5985412598
        mean: 7.61397838593
        median: 6.51979064941
        min: 2.84997224808
        var: 12.1827449799
    spectral_decrease:
        dmean: 3.4605215915e-010
        dmean2: 5.65007707287e-010
        dvar: 2.1635158368e-019
        dvar2: 5.61935016175e-019
        max: 3.97944281701e-029
        mean: -1.09745412757e-009
        median: -1.00612540521e-009
        min: -4.75364636543e-009
        var: 3.61331154826e-019
    spectral_energy:
        dmean: 0.00152477598749
        dmean2: 0.00249492214061
        dvar: 4.19901607529e-006
        dvar2: 1.08518115667e-005
        max: 0.0207289382815
        mean: 0.00499241240323
        median: 0.00461590383202
        min: 1.06511806562e-020
        var: 7.32062562747e-006
    spectral_energyband_high:
        dmean: 0.000265708164079
        dmean2: 0.000453550397651
        dvar: 1.33859785478e-007
        dvar2: 3.5515964214e-007
        max: 0.00456864526495
        mean: 0.000625359709375
        median: 0.000526136253029
        min: 7.56301331477e-021
        var: 2.74782166798e-007
    spectral_energyband_low:
        dmean: 0.000510075711645
        dmean2: 0.000868175004143
        dvar: 5.83368091611e-007
        dvar2: 1.60164483987e-006
        max: 0.00660238508135
        mean: 0.000809377117548
        median: 0.000565931666642
        min: 4.82041250081e-023
        var: 6.88169109253e-007
    spectral_energyband_middle_high:
        dmean: 0.000667436397634
        dmean2: 0.0010856873123
        dvar: 6.57479745314e-007
        dvar2: 1.65686117271e-006
        max: 0.00919694919139
        mean: 0.00206506787799
        median: 0.00190485664643
        min: 1.62835269563e-021
        var: 1.94422818822e-006
    spectral_energyband_middle_low:
        dmean: 0.000730254687369
        dmean2: 0.0011670027161
        dvar: 1.36100743475e-006
        dvar2: 3.52536153514e-006
        max: 0.0132610136643
        mean: 0.00172049703542
        median: 0.00122324493714
        min: 2.40175051347e-022
        var: 2.38426764554e-006
    spectral_flatness_db:
        dmean: 0.0155389150605
        dmean2: 0.0237571373582
        dvar: 0.000260646047536
        dvar2: 0.00052674888866
        max: 0.402379840612
        mean: 0.154265865684
        median: 0.145741179585
        min: 0.0464225932956
        var: 0.00131945777684
    spectral_flux:
        dmean: 0.00928619876504
        dmean2: 0.013963913545
        dvar: 0.000115524730063
        dvar2: 0.000208182216738
        max: 0.120839640498
        mean: 0.040984287858
        median: 0.0398603528738
        min: 1.03204556012e-010
        var: 0.000284131267108
    spectral_kurtosis:
        dmean: 0.841971695423
        dmean2: 1.42824780941
        dvar: 1.16999471188
        dvar2: 3.24670934677
        max: 21.3633441925
        mean: 2.63521957397
        median: 2.3355255127
        min: -1.26248455048
        var: 2.4548022747
    spectral_rms:
        dmean: 0.000319634535117
        dmean2: 0.00050880049821
        dvar: 1.39121041798e-007
        dvar2: 3.47583380744e-007
        max: 0.00449703866616
        mean: 0.00211394578218
        median: 0.00212210277095
        min: 3.22356876435e-012
        var: 4.01891213642e-007
    spectral_rolloff:
        dmean: 398.260223389
        dmean2: 666.353942871
        dvar: 429498.0625
        dvar2: 822771.25
        max: 19035.3515625
        mean: 3406.44458008
        median: 3703.7109375
        min: 129.19921875
        var: 1347898.625
    spectral_skewness:
        dmean: 0.154505744576
        dmean2: 0.250847429037
        dvar: 0.0357564948499
        dvar2: 0.083077929914
        max: 3.80785179138
        mean: 1.07792580128
        median: 1.01035368443
        min: -0.0438607335091
        var: 0.118064254522
    spectral_spread:
        dmean: 436054.0625
        dmean2: 636457.9375
        dvar: 532153008128
        dvar2: 768046202880
        max: 42261328
        mean: 4871534
        median: 4694408.5
        min: 2458984.5
        var: 1.74796465766e+012
    spectral_strongpeak:
        dmean: 0.409827739
        dmean2: 0.722981512547
        dvar: 0.527720093727
        dvar2: 1.39145648479
        max: 7.76057910919
        mean: 0.54603767395
        median: 0.19548548758
        min: 4.13891698692e-011
        var: 0.637640297413
    zerocrossingrate:
        dmean: 0.00914520584047
        dmean2: 0.0111349383369
        dvar: 9.48592423811e-005
        dvar2: 0.00011981712305
        max: 0.5068359375
        mean: 0.103757523
        median: 0.11083984375
        min: 0.00634765625
        var: 0.00107176101301
    barkbands:
        dmean: [5.14248995387e-007, 0.000161888325238, 0.000302849861328, 0.000226763630053, 0.000403473968618, 0.00011459660891, 7.71524864831e-005, 9.23965490074e-005, 0.00012248470739, 4.52763342764e-005, 3.56173186447e-005, 2.7458414479e-005, 3.13937198371e-005, 3.56069067493e-005, 4.23910532845e-005, 7.90331978351e-005, 0.000141457378049, 0.000191225932213, 0.00033394258935, 0.000216723710764, 0.000141304175486, 3.75494091713e-005, 5.56185977985e-006, 1.86365627997e-006, 9.81091261565e-007, 3.65518317835e-008, 3.89757504049e-010]
        dmean2: [8.10254903172e-007, 0.000294554338325, 0.00051567790797, 0.000363351224223, 0.000655902724247, 0.000194388077944, 0.000127978637465, 0.000150791194756, 0.000178127447725, 7.37577356631e-005, 5.72675126023e-005, 4.45649566245e-005, 5.11789949087e-005, 5.77378341404e-005, 6.86714774929e-005, 0.000131029970362, 0.000233150669374, 0.000319343147567, 0.000560520682484, 0.000366621185094, 0.000244303606451, 6.29951391602e-005, 8.91589570529e-006, 2.84169868792e-006, 1.4537018842e-006, 5.61376332087e-008, 6.22283835572e-010]
        dvar: [9.20627940201e-013, 1.11717817219e-007, 2.00101652581e-007, 9.65039319567e-008, 7.06391574568e-007, 6.46817355232e-008, 5.31871293674e-008, 7.61042642239e-008, 7.01609295106e-008, 8.94385365768e-009, 7.31996729897e-009, 4.33518332343e-009, 4.91548712844e-009, 6.48777653822e-009, 5.8165534611e-009, 1.77853234362e-008, 3.06221430435e-008, 5.37624593733e-008, 1.60426111506e-007, 8.54083523905e-008, 4.44063807947e-008, 2.71776534611e-009, 8.2198511886e-011, 2.27886320925e-011, 9.06633622344e-012, 2.87617796062e-014, 3.84475694214e-019]
        dvar2: [2.19852001188e-012, 3.12339693664e-007, 5.42769612366e-007, 2.48253712698e-007, 1.81720668024e-006, 1.76310237521e-007, 1.3168757107e-007, 1.88160754533e-007, 1.3026152601e-007, 2.19279669977e-008, 1.7427581156e-008, 1.0764892977e-008, 1.18917027336e-008, 1.62863464936e-008, 1.39016753664e-008, 4.31572608761e-008, 8.09576192751e-008, 1.4299570239e-007, 4.22881015538e-007, 2.29531195828e-007, 1.18927253823e-007, 7.12218550802e-009, 2.05817488053e-010, 4.37701680456e-011, 1.69779329484e-011, 7.42582061922e-014, 8.14741728995e-019]
        max: [1.12531197374e-005, 0.00204224535264, 0.0046974029392, 0.00635172706097, 0.010500038974, 0.00460051791742, 0.00547349825501, 0.0060917516239, 0.00782001577318, 0.00378703000024, 0.00298600876704, 0.00135194312315, 0.00166172115132, 0.00179072166793, 0.0017778853653, 0.00390426255763, 0.00362005038187, 0.00303252926096, 0.00559315597638, 0.00460612028837, 0.00317413848825, 0.000849340634886, 0.000258390471572, 0.000133362933411, 8.17576801637e-005, 9.39724213822e-006, 1.21008572052e-008]
        mean: [5.37800985967e-007, 0.000149379076902, 0.000451051484561, 0.000388822518289, 0.000604860135354, 0.000155544839799, 0.000108858905151, 0.000140093558002, 0.000305158580886, 6.86494022375e-005, 5.70630254515e-005, 4.47300808446e-005, 4.98286863149e-005, 5.18577471667e-005, 7.17349466868e-005, 0.000136860035127, 0.000291108357487, 0.000371375499526, 0.000713421206456, 0.000460631621536, 0.000259187683696, 9.00973464013e-005, 1.43025763464e-005, 4.92951085107e-006, 2.27764303418e-006, 6.69272353093e-008, 5.01190144941e-010]
        median: [1.52324275859e-007, 5.98684891884e-005, 0.000297858496197, 0.000261704437435, 0.000328384689055, 8.49138814374e-005, 3.67085594917e-005, 3.48257017322e-005, 7.49425089452e-005, 3.59013938578e-005, 2.77032704616e-005, 2.05682445085e-005, 2.09395147976e-005, 2.18771820073e-005, 4.00591525249e-005, 9.44192361203e-005, 0.000235091749346, 0.000299655774143, 0.000623340602033, 0.000388259941246, 0.000194010790437, 7.07476719981e-005, 1.07452251541e-005, 3.00312467516e-006, 1.21582161228e-006, 3.10437542339e-008, 1.9985979538e-010]
        min: [6.38443589941e-024, 1.94461644207e-023, 2.30467433177e-023, 5.20841350039e-024, 4.80104281014e-023, 7.3905980073e-023, 1.66504587275e-023, 5.27063340545e-023, 3.59879985793e-023, 5.77603071279e-023, 4.16549323532e-023, 9.91893949148e-023, 1.07742571948e-022, 1.27101382645e-022, 6.09601920167e-023, 1.53452694272e-022, 1.50288301813e-022, 1.58807696666e-022, 1.83626977306e-022, 3.0063688522e-022, 4.90746405901e-022, 4.34211054608e-022, 5.68514308178e-022, 8.28386698836e-022, 9.79501095788e-022, 1.65456882805e-021, 2.41225516199e-021]
        var: [9.86640890516e-013, 7.50993862653e-008, 2.65895948814e-007, 1.88865683981e-007, 8.14534701021e-007, 6.40592006107e-008, 1.10239426476e-007, 1.43794991914e-007, 5.66102414723e-007, 1.45421088504e-008, 1.29857395947e-008, 7.96953880666e-009, 9.35589294926e-009, 1.11560156668e-008, 1.39580818015e-008, 3.4076464317e-008, 7.37359613368e-008, 1.00525127777e-007, 3.51098009332e-007, 1.62479949495e-007, 7.01594160546e-008, 6.88116630343e-009, 2.08376510491e-010, 7.47559375514e-011, 2.61279019254e-011, 3.49684507967e-014, 7.31041028871e-019]
    frequency_bands:
        dmean: [5.14248995387e-007, 0.000161888325238, 0.000302849861328, 0.000226763630053, 0.000403473968618, 0.00011459660891, 7.71524864831e-005, 9.23965490074e-005, 0.00012248470739, 4.52763342764e-005, 3.56173186447e-005, 2.7458414479e-005, 3.13937198371e-005, 3.56069067493e-005, 4.23910532845e-005, 7.90331978351e-005, 0.000141457378049, 0.000191225932213, 0.00033394258935, 0.000216723710764, 0.000141304175486, 3.75494091713e-005, 5.56185977985e-006, 1.86365627997e-006, 9.81091261565e-007, 3.65518317835e-008, 3.89757504049e-010, 5.6821367056e-011]
        dmean2: [8.10254903172e-007, 0.000294554338325, 0.00051567790797, 0.000363351224223, 0.000655902724247, 0.000194388077944, 0.000127978637465, 0.000150791194756, 0.000178127447725, 7.37577356631e-005, 5.72675126023e-005, 4.45649566245e-005, 5.11789949087e-005, 5.77378341404e-005, 6.86714774929e-005, 0.000131029970362, 0.000233150669374, 0.000319343147567, 0.000560520682484, 0.000366621185094, 0.000244303606451, 6.29951391602e-005, 8.91589570529e-006, 2.84169868792e-006, 1.4537018842e-006, 5.61376332087e-008, 6.22283835572e-010, 1.05211547807e-010]
        dvar: [9.20627940201e-013, 1.11717817219e-007, 2.00101652581e-007, 9.65039319567e-008, 7.06391574568e-007, 6.46817355232e-008, 5.31871293674e-008, 7.61042642239e-008, 7.01609295106e-008, 8.94385365768e-009, 7.31996729897e-009, 4.33518332343e-009, 4.91548712844e-009, 6.48777653822e-009, 5.8165534611e-009, 1.77853234362e-008, 3.06221430435e-008, 5.37624593733e-008, 1.60426111506e-007, 8.54083523905e-008, 4.44063807947e-008, 2.71776534611e-009, 8.2198511886e-011, 2.27886320925e-011, 9.06633622344e-012, 2.87617796062e-014, 3.84475694214e-019, 6.03721364753e-021]
        dvar2: [2.19852001188e-012, 3.12339693664e-007, 5.42769612366e-007, 2.48253712698e-007, 1.81720668024e-006, 1.76310237521e-007, 1.3168757107e-007, 1.88160754533e-007, 1.3026152601e-007, 2.19279669977e-008, 1.7427581156e-008, 1.0764892977e-008, 1.18917027336e-008, 1.62863464936e-008, 1.39016753664e-008, 4.31572608761e-008, 8.09576192751e-008, 1.4299570239e-007, 4.22881015538e-007, 2.29531195828e-007, 1.18927253823e-007, 7.12218550802e-009, 2.05817488053e-010, 4.37701680456e-011, 1.69779329484e-011, 7.42582061922e-014, 8.14741728995e-019, 1.8898067158e-020]
        max: [1.12531197374e-005, 0.00204224535264, 0.0046974029392, 0.00635172706097, 0.010500038974, 0.00460051791742, 0.00547349825501, 0.0060917516239, 0.00782001577318, 0.00378703000024, 0.00298600876704, 0.00135194312315, 0.00166172115132, 0.00179072166793, 0.0017778853653, 0.00390426255763, 0.00362005038187, 0.00303252926096, 0.00559315597638, 0.00460612028837, 0.00317413848825, 0.000849340634886, 0.000258390471572, 0.000133362933411, 8.17576801637e-005, 9.39724213822e-006, 1.21008572052e-008, 7.97405141917e-010]
        mean: [5.37800985967e-007, 0.000149379076902, 0.000451051484561, 0.000388822518289, 0.000604860135354, 0.000155544839799, 0.000108858905151, 0.000140093558002, 0.000305158580886, 6.86494022375e-005, 5.70630254515e-005, 4.47300808446e-005, 4.98286863149e-005, 5.18577471667e-005, 7.17349466868e-005, 0.000136860035127, 0.000291108357487, 0.000371375499526, 0.000713421206456, 0.000460631621536, 0.000259187683696, 9.00973464013e-005, 1.43025763464e-005, 4.92951085107e-006, 2.27764303418e-006, 6.69272353093e-008, 5.01190144941e-010, 4.44795242305e-011]
        median: [1.52324275859e-007, 5.98684891884e-005, 0.000297858496197, 0.000261704437435, 0.000328384689055, 8.49138814374e-005, 3.67085594917e-005, 3.48257017322e-005, 7.49425089452e-005, 3.59013938578e-005, 2.77032704616e-005, 2.05682445085e-005, 2.09395147976e-005, 2.18771820073e-005, 4.00591525249e-005, 9.44192361203e-005, 0.000235091749346, 0.000299655774143, 0.000623340602033, 0.000388259941246, 0.000194010790437, 7.07476719981e-005, 1.07452251541e-005, 3.00312467516e-006, 1.21582161228e-006, 3.10437542339e-008, 1.9985979538e-010, 1.69516067849e-011]
        min: [6.38443589941e-024, 1.94461644207e-023, 2.30467433177e-023, 5.20841350039e-024, 4.80104281014e-023, 7.3905980073e-023, 1.66504587275e-023, 5.27063340545e-023, 3.59879985793e-023, 5.77603071279e-023, 4.16549323532e-023, 9.91893949148e-023, 1.07742571948e-022, 1.27101382645e-022, 6.09601920167e-023, 1.53452694272e-022, 1.50288301813e-022, 1.58807696666e-022, 1.83626977306e-022, 3.0063688522e-022, 4.90746405901e-022, 4.34211054608e-022, 5.68514308178e-022, 8.28386698836e-022, 9.79501095788e-022, 1.65456882805e-021, 2.41225516199e-021, 6.52422047409e-022]
        var: [9.86640890516e-013, 7.50993862653e-008, 2.65895948814e-007, 1.88865683981e-007, 8.14534701021e-007, 6.40592006107e-008, 1.10239426476e-007, 1.43794991914e-007, 5.66102414723e-007, 1.45421088504e-008, 1.29857395947e-008, 7.96953880666e-009, 9.35589294926e-009, 1.11560156668e-008, 1.39580818015e-008, 3.4076464317e-008, 7.37359613368e-008, 1.00525127777e-007, 3.51098009332e-007, 1.62479949495e-007, 7.01594160546e-008, 6.88116630343e-009, 2.08376510491e-010, 7.47559375514e-011, 2.61279019254e-011, 3.49684507967e-014, 7.31041028871e-019, 5.03839669295e-021]
    mfcc:
        mean: [-708.753417969, 88.0194168091, -34.5259895325, 71.9974975586, -13.5794782639, -4.28475189209, 1.10168647766, 3.2832660675, 0.620752453804, -5.49316644669, -5.69244241714, -8.87897777557, -8.80053520203]
        cov: [[5286.90332031, -75.7195663452, -739.556152344, 316.246490479, -337.894836426, 28.7080764771, -10.5474338531, 97.5589447021, 47.889541626, 13.2383117676, -27.6318225861, 25.5521278381, 4.49209785461], [-75.7195663452, 591.503723145, -53.1322212219, 88.9404907227, -25.4949169159, -9.05994033813, 22.4910392761, 0.300129711628, -14.2264318466, 7.38418674469, 45.1645965576, -10.9493160248, -24.7220058441], [-739.556152344, -53.1322212219, 495.660766602, -36.7564048767, 86.6500701904, 54.3636703491, 33.4931602478, 5.24638319016, -30.28033638, -1.99018239975, 8.58076763153, 1.50275707245, -7.74565887451], [316.246490479, 88.9404907227, -36.7564048767, 262.957183838, 33.6215515137, 21.5024452209, 11.2936820984, -6.75294780731, 43.0646743774, 0.628017187119, -12.7685346603, -12.9431400299, 9.85426330566], [-337.894836426, -25.4949169159, 86.6500701904, 33.6215515137, 187.56312561, 54.6806793213, -3.04612803459, -19.3714599609, 7.79525852203, 20.7377052307, 4.32229375839, 4.34497642517, 6.89641904831], [28.7080764771, -9.05994033813, 54.3636703491, 21.5024452209, 54.6806793213, 141.672317505, 55.7655105591, 20.7096118927, -2.49371004105, 13.7116823196, 17.9504718781, 16.7213439941, 11.5017614365], [-10.5474338531, 22.4910392761, 33.4931602478, 11.2936820984, -3.04612803459, 55.7655105591, 151.432373047, 85.3104248047, 18.1951789856, -2.67850184441, 9.26803970337, 23.4363594055, 10.0700597763], [97.5589447021, 0.300129711628, 5.24638319016, -6.75294780731, -19.3714599609, 20.7096118927, 85.3104248047, 136.656814575, 41.8730583191, 8.55874729156, 0.875186562538, 10.8888721466, 10.5911197662], [47.889541626, -14.2264318466, -30.28033638, 43.0646743774, 7.79525852203, -2.49371004105, 18.1951789856, 41.8730583191, 109.631576538, 34.3677787781, -3.86242365837, 0.864368081093, 5.35808753967], [13.2383117676, 7.38418674469, -1.99018239975, 0.628017187119, 20.7377052307, 13.7116823196, -2.67850184441, 8.55874729156, 34.3677787781, 90.2669525146, 39.1563720703, 13.5308475494, -3.06181097031], [-27.6318225861, 45.1645965576, 8.58076763153, -12.7685346603, 4.32229375839, 17.9504718781, 9.26803970337, 0.875186562538, -3.86242365837, 39.1563720703, 77.2489395142, 30.1990470886, 5.0487537384], [25.5521278381, -10.9493160248, 1.50275707245, -12.9431400299, 4.34497642517, 16.7213439941, 23.4363594055, 10.8888721466, 0.864368081093, 13.5308475494, 30.1990470886, 69.134223938, 31.8693733215], [4.49209785461, -24.7220058441, -7.74565887451, 9.85426330566, 6.89641904831, 11.5017614365, 10.0700597763, 10.5911197662, 5.35808753967, -3.06181097031, 5.0487537384, 31.8693733215, 73.0345535278]]
        icov: [[0.00033155377605, 0.000173274529516, 0.000415021379013, -0.000540024368092, 0.000612409261521, -0.000414763897425, 0.000329808855895, -0.000413954927353, 0.000309777882649, -0.000195710570551, 0.000142229633639, -0.000351236172719, 0.000289687042823], [0.000173274529516, 0.00215233140625, 0.000408442894695, -0.00116875628009, 0.000486024247948, 0.00020876871713, -0.000326808949467, -0.000294015306281, 0.000781203387305, 9.11691895453e-005, -0.00171705032699, 0.000488026300445, 0.000780091504566], [0.000415021379013, 0.000408442894695, 0.00290472782217, -0.000339288584655, -0.000358935300028, -0.000835949438624, -0.000145895974129, -0.000624304695521, 0.00105498766061, -5.83349501539e-005, -0.000151576241478, -0.000111173874757, 0.000721907534171], [-0.000540024368092, -0.00116875628009, -0.000339288584655, 0.0057890242897, -0.00174447870813, -0.000157396367285, -0.00115541229025, 0.00201632943936, -0.00292739504948, 0.000874625518918, 0.000589429226238, 0.00169746007305, -0.00165307451971], [0.000612409261521, 0.000486024247948, -0.000358935300028, -0.00174447870813, 0.00822490733117, -0.00332171004266, 0.00130009884015, 0.000544882612303, -8.32503646961e-005, -0.00183724332601, 0.0010884430958, -0.000837676518131, 3.17204758176e-005], [-0.000414763897425, 0.00020876871713, -0.000835949438624, -0.000157396367285, -0.00332171004266, 0.0107345273718, -0.0043267775327, 0.000643521605525, 0.00128120230511, -0.000943871214986, -0.00159000523854, 0.000521395297255, -0.00109600357246], [0.000329808855895, -0.000326808949467, -0.000145895974129, -0.00115541229025, 0.00130009884015, -0.0043267775327, 0.0132747320458, -0.00770374946296, 5.53627869522e-005, 0.00212707696483, -0.000128611703985, -0.00381304556504, 0.00161284022033], [-0.000413954927353, -0.000294015306281, -0.000624304695521, 0.00201632943936, 0.000544882612303, 0.000643521605525, -0.00770374946296, 0.0140112545341, -0.00466814823449, -0.000477572786622, 0.000559617532417, 0.00149766809773, -0.001904526609], [0.000309777882649, 0.000781203387305, 0.00105498766061, -0.00292739504948, -8.32503646961e-005, 0.00128120230511, 5.53627869522e-005, -0.00466814823449, 0.0145208174363, -0.00658961525187, 0.00298277055845, -0.000246784009505, -0.000212401835597], [-0.000195710570551, 9.11691895453e-005, -5.83349501539e-005, 0.000874625518918, -0.00183724332601, -0.000943871214986, 0.00212707696483, -0.000477572786622, -0.00658961525187, 0.0185846611857, -0.00964579731226, -0.000361727870768, 0.00210400368087], [0.000142229633639, -0.00171705032699, -0.000151576241478, 0.000589429226238, 0.0010884430958, -0.00159000523854, -0.000128611703985, 0.000559617532417, 0.00298277055845, -0.00964579731226, 0.0227000005543, -0.00840781349689, 0.000875049328897], [-0.000351236172719, 0.000488026300445, -0.000111173874757, 0.00169746007305, -0.000837676518131, 0.000521395297255, -0.00381304556504, 0.00149766809773, -0.000246784009505, -0.000361727870768, -0.00840781349689, 0.0242055393755, -0.00972665008157], [0.000289687042823, 0.000780091504566, 0.000721907534171, -0.00165307451971, 3.17204758176e-005, -0.00109600357246, 0.00161284022033, -0.001904526609, -0.000212401835597, 0.00210400368087, 0.000875049328897, -0.00972665008157, 0.0187490284443]]
    sccoeffs:
        dmean: [0.0558309406042, 0.0473359078169, 0.0370607115328, 0.0300852451473, 0.0208211112767, 0.0209601707757]
        dmean2: [0.0902436226606, 0.0773815661669, 0.060394320637, 0.0487789846957, 0.0340588390827, 0.0336667150259]
        dvar: [0.00208946922794, 0.00151542457752, 0.000907623034436, 0.000589359551668, 0.000286823982606, 0.000501385016833]
        dvar2: [0.00546251051128, 0.00390789611265, 0.00222188862972, 0.00143816065975, 0.000728724291548, 0.00112194847316]
        max: [-0.30480697751, -0.379326224327, -0.45782572031, -0.493226796389, -0.55067640543, -0.622312426567]
        mean: [-0.615495324135, -0.761254668236, -0.779754817486, -0.796185255051, -0.797123253345, -0.730569899082]
        median: [-0.620421946049, -0.773954987526, -0.794228494167, -0.803175091743, -0.798126220703, -0.726185560226]
        min: [-0.959212899208, -0.979768931866, -0.978061437607, -0.964278757572, -0.957602083683, -0.960773706436]
        var: [0.006449051667, 0.00537233613431, 0.00498571945354, 0.00234226789325, 0.000965802057181, 0.00164172484074]
    scvalleys:
        dmean: [0.44260969758, 0.411223441362, 0.360471099615, 0.358293414116, 0.295073568821, 0.201455250382]
        dmean2: [0.697700381279, 0.661968529224, 0.549669981003, 0.532182097435, 0.424654722214, 0.28775754571]
        dvar: [0.185627862811, 0.204978212714, 0.166491314769, 0.179161965847, 0.175743401051, 0.0853407457471]
        dvar2: [0.371356844902, 0.412878781557, 0.293624401093, 0.313373208046, 0.268843948841, 0.120531797409]
        max: [-4.95346832275, -4.52613067627, -5.33648061752, -5.92492580414, -5.47432947159, -7.60641622543]
        mean: [-6.86984586716, -6.9118514061, -7.32101392746, -7.57181024551, -6.7954249382, -9.57550811768]
        median: [-6.68257713318, -6.75707530975, -7.13312530518, -7.36211490631, -6.47327136993, -9.32925224304]
        min: [-27.3258724213, -26.8446331024, -27.0973472595, -27.2703533173, -27.3693218231, -27.2894191742]
        var: [1.27085888386, 1.08728921413, 1.13186573982, 1.11377513409, 1.18731033802, 1.1483001709]

rhythm:
    beats_loudness:
        dmean: 0.00292634987272
        dmean2: 0.00563219562173
        dvar: 3.40708311342e-006
        dvar2: 1.14980339276e-005
        max: 0.0136115467176
        mean: 0.00617560558021
        median: 0.0057808291167
        min: 1.20995409247e-007
        var: 6.1552536863e-006
    bpm: 98.0674972534
    bpm_confidence: 0
    first_peak_bpm: 98
    first_peak_spread: 0.109540626407
    first_peak_weight: 0.87804877758
    onset_rate: 3.43339753151
    second_peak_bpm: 92
    second_peak_spread: 0.250000029802
    second_peak_weight: 0.0104529615492
    beats_loudness_band_ratio:
        dmean: [0.126122161746, 0.217981293797, 0.0660832673311, 0.0262374337763, 0.0794715583324, 0.0884101465344]
        dmean2: [0.228867024183, 0.427680164576, 0.115691296756, 0.0467252247036, 0.133075758815, 0.157259806991]
        dvar: [0.00999556202441, 0.0218798350543, 0.00743631692603, 0.000850523938425, 0.00514197349548, 0.00498430570588]
        dvar2: [0.032287273556, 0.0801703557372, 0.0193730276078, 0.00251373951323, 0.0130846053362, 0.0143104270101]
        max: [0.676414370537, 0.784744858742, 0.72555410862, 0.195504724979, 0.549849629402, 0.554640591145]
        mean: [0.239523008466, 0.210717335343, 0.0974474176764, 0.0401037819684, 0.200799152255, 0.283920347691]
        median: [0.226566031575, 0.167565256357, 0.0552289411426, 0.0310326889157, 0.181401699781, 0.285188913345]
        min: [0.00224568485282, 0.0101150153205, 0.00216365372762, 0.00209958828054, 0.0514966323972, 0.0535678938031]
        var: [0.0129358274862, 0.0275327339768, 0.0110464636236, 0.000830900447909, 0.00750167900696, 0.0104990070686]
    beats_position: [0.638548731804, 1.30031740665, 1.97369611263, 2.61224484444, 3.23918366432, 3.87773227692, 4.52789115906, 5.17804956436, 5.80498838425, 6.420317173, 7.03564596176, 7.65097475052, 8.26630401611, 8.88163280487, 9.49696159363, 10.1122903824, 10.7276191711, 11.3313379288, 11.9350566864, 12.538775444, 13.1541042328, 13.7578229904, 14.3731517792, 14.9884805679, 15.6038093567, 16.2075271606, 16.8112468719, 17.426574707, 18.0419044495, 18.6572322845, 19.272562027, 19.8878898621, 20.5032196045, 21.1069393158, 21.733877182, 22.3375968933, 22.9413146973, 23.5450344086, 24.1603622437, 24.764081955, 25.37940979, 25.9831295013, 26.6100673676, 27.22539711, 27.8407249451, 28.4560546875, 29.0713825226, 29.6751022339, 30.2788200378, 30.8941497803, 31.5094776154, 32.1131973267, 32.7285270691, 33.3438529968, 33.9475746155, 34.5629005432, 35.1782302856, 35.7819480896, 36.397277832, 37.0126075745, 37.6163253784, 38.2316551208, 38.8469848633, 39.4507026672, 40.0544204712, 40.6581382751, 41.2850799561, 41.88879776, 42.5157356262, 43.1194534302, 43.7231750488, 44.350112915, 44.9770507813, 45.5807685852, 46.1844902039, 46.7882080078, 47.3919258118, 47.9956436157, 48.6225852966, 49.2379112244, 49.8532409668, 50.4685707092, 51.0839004517, 51.7108383179, 52.3377761841, 52.941493988, 53.5452156067, 54.1489334106, 54.7642631531, 55.367980957, 55.9833106995, 56.5870285034, 57.1907463074, 57.8060760498, 58.4214057922, 59.0251235962, 59.6404533386, 60.2557830811, 60.859500885, 61.4748306274, 62.0901565552, 62.6938781738, 63.32081604, 63.924533844, 64.5398635864, 65.1551895142, 65.7705230713, 66.3742370605, 66.9895706177, 67.5932846069, 68.2086181641, 68.8239440918, 69.450881958, 70.0546035767, 70.6583175659, 71.2620391846, 71.8773651123, 72.4926986694, 73.1080245972, 73.7117462158, 74.3270721436, 74.9191818237, 75.5345077515, 76.1382293701, 76.7651672363, 77.368888855, 77.9726028442, 78.5995483398, 79.2264862061, 79.8302001953, 80.4571380615, 81.0608596802, 81.6645812988, 82.2799072266, 82.8952331543, 83.4989547729, 84.1026763916, 84.7180023193, 85.3333282471, 85.9486618042, 86.5639877319, 87.1793212891, 87.7946472168, 88.4099731445, 89.0253067017, 89.6290206909, 90.2327423096, 90.8480682373, 91.4634017944, 92.0671157837, 92.6708374023, 93.274559021, 93.9014968872, 94.5168228149, 95.1321487427, 95.7474822998, 96.3628082275, 96.9665298462, 97.5702438354, 98.1739654541, 98.7776870728, 99.3930130005, 100.008346558, 100.612060547, 101.215782166, 101.819496155, 102.423217773, 103.038543701, 103.653877258, 104.280815125, 104.896141052, 105.511474609, 106.115188599, 106.718910217, 107.345848083, 107.949569702, 108.56489563, 109.180221558, 109.783943176, 110.399269104, 111.002990723, 111.606712341, 112.222038269, 112.837364197, 113.452697754, 114.068023682, 114.683357239, 115.298683167, 115.914009094, 116.529342651, 117.144668579, 117.748390198, 118.352104187, 118.955825806, 119.559547424, 120.174873352, 120.79019928, 121.393920898, 121.997642517, 122.612968445, 123.228294373, 123.832015991, 124.43573761, 125.039451599, 125.654785156, 126.270111084, 126.885437012, 127.500770569, 128.116104126, 128.731430054, 129.346755981, 129.962081909, 130.565795898, 131.169525146, 131.784851074, 132.400177002, 133.003890991, 133.619232178, 134.234558105, 134.838272095, 135.453598022, 136.068939209, 136.684265137, 137.299591064, 137.926528931, 138.53024292, 139.133972168, 139.749298096, 140.364624023, 140.968338013, 141.58366394, 142.187393188, 142.802719116, 143.406433105, 144.010162354, 144.625488281, 145.229202271, 145.83291626, 146.448257446, 147.051971436, 147.678909302, 148.294235229, 148.909561157, 149.524902344, 150.140228271, 150.743942261, 151.34765625, 151.951385498, 152.578323364, 153.182037354, 153.80897522, 154.424301147, 155.039627075, 155.643356323, 156.247070313, 156.850784302, 157.477722168, 158.093063354, 158.708389282, 159.32371521, 159.939041138, 160.542770386, 161.146484375, 161.750198364, 162.37713623, 162.980865479, 163.584579468, 164.199905396, 164.815231323, 165.418960571, 166.022674561, 166.638000488, 167.253326416, 167.857055664, 168.472381592, 169.08770752, 169.714645386, 170.318359375, 170.922088623, 171.525802612, 172.152740479, 172.768066406, 173.383392334, 173.998733521, 174.614059448, 175.217773438, 175.833099365, 176.448425293]
    bpm_estimates: [93.9630737305, 95.7031173706, 93.9630889893, 95.7031173706, 97.5088424683, 97.5088424683, 97.5088424683, 97.5087738037, 97.5088424683, 97.5088424683, 97.5088424683, 97.5088424683, 99.3840255737, 99.3840255737, 99.3840255737, 97.5088424683, 99.3840255737, 97.5088424683, 97.5088424683, 97.5088424683, 99.3841781616, 99.3838653564, 97.5089950562, 97.5086975098, 97.5089950562, 97.5086975098, 97.5089950562, 97.5086975098, 99.3838653564, 95.7032623291, 99.3838653564, 99.3841781616, 99.3838653564, 97.5089950562, 99.3838653564, 97.5089950562, 99.3838653564, 95.7032623291, 97.5086975098, 97.5089950562, 97.5086975098, 97.5089950562, 99.3838653564, 99.3841781616, 97.5086975098, 97.5089950562, 99.3838653564, 97.5086975098, 97.5093002319, 99.3835525513, 97.5093002319, 97.5086975098, 99.3841781616, 97.5086975098, 97.5086975098, 99.3841781616, 97.5086975098, 97.5086975098, 99.3841781616, 99.3841781616, 99.3841781616, 95.7026824951, 99.3841781616, 95.7032623291, 99.3841781616, 99.3835525513, 95.7032623291, 95.7032623291, 99.3841781616, 99.3835525513, 99.3841781616, 99.3841781616, 99.3841781616, 95.7026824951, 97.5093002319, 97.5086975098, 97.5086975098, 97.5086975098, 95.7032623291, 95.7032623291, 99.3841781616, 99.3835525513, 99.3841781616, 97.5086975098, 99.3841781616, 97.5086975098, 99.3841781616, 99.3841781616, 97.5086975098, 97.5086975098, 99.3841781616, 97.5086975098, 97.5086975098, 99.3841781616, 97.5086975098, 97.5093002319, 99.3835525513, 95.7032623291, 99.3841781616, 97.5086975098, 97.5093002319, 97.5080871582, 99.3848114014, 97.5080871582, 99.3848114014, 97.5080871582, 97.5093002319, 95.7032623291, 99.3835525513, 99.3848114014, 99.3835525513, 97.5093002319, 97.5080871582, 97.5093002319, 99.3835525513, 97.5093002319, 101.332580566, 97.5093002319, 99.3835525513, 95.7032623291, 99.3835525513, 99.3848114014, 95.7021026611, 95.7032623291, 99.3848114014, 95.7032623291, 99.3835525513, 99.3835525513, 97.5093002319, 97.5093002319, 99.3835525513, 99.3835525513, 97.5093002319, 97.5093002319, 97.5080871582, 97.5093002319, 97.5080871582, 97.5093002319, 97.5093002319, 97.5080871582, 99.3848114014, 99.3835525513, 97.5093002319, 97.5080871582, 99.3848114014, 99.3835525513, 99.3835525513, 95.7032623291, 97.5093002319, 97.5093002319, 97.5080871582, 97.5093002319, 99.3835525513, 99.3848114014, 99.3835525513, 99.3835525513, 97.5093002319, 97.5080871582, 99.3848114014, 99.3835525513, 99.3848114014, 99.3835525513, 97.5093002319, 97.5080871582, 95.7032623291, 97.5093002319, 97.5080871582, 99.3848114014, 99.3835525513, 95.7032623291, 99.3835525513, 97.5093002319, 97.5093002319, 99.3835525513, 97.5093002319, 99.3835525513, 99.3835525513, 97.5093002319, 97.5093002319, 97.5080871582, 97.5093002319, 97.5080871582, 97.5093002319, 97.5093002319, 97.5080871582, 97.5093002319, 99.3835525513, 99.3848114014, 99.3835525513, 99.3835525513, 97.5093002319, 97.5093002319, 99.3835525513, 99.3835525513, 97.5093002319, 97.5093002319, 99.3835525513, 99.3835525513, 99.3848114014, 97.5080871582, 97.5093002319, 97.5093002319, 97.5080871582, 97.5080871582, 97.5093002319, 97.5093002319, 97.5093002319, 99.3848114014, 99.3823013306, 97.5093002319, 97.5093002319, 99.3848114014, 97.5068817139, 97.5093002319, 99.3848114014, 97.5093002319, 97.5068817139, 97.5093002319, 97.5093002319, 95.7032623291, 99.3848114014, 99.3823013306, 97.5093002319, 97.5093002319, 99.3848114014, 97.5093002319, 99.3823013306, 97.5093002319, 99.3848114014, 99.3823013306, 97.5093002319, 99.3848114014, 99.3848114014, 97.5068817139, 99.3848114014, 95.7032623291, 97.5093002319, 97.5093002319, 97.5068817139, 97.5093002319, 99.3848114014, 99.3848114014, 99.3823013306, 95.7032623291, 99.3848114014, 95.7032623291, 97.5093002319, 97.5093002319, 99.3823013306, 99.3848114014, 99.3848114014, 95.7032623291, 97.5068817139, 97.5093002319, 97.5093002319, 97.5093002319, 99.3823013306, 99.3848114014, 99.3848114014, 95.7032623291, 99.3823013306, 99.3848114014, 97.5093002319, 97.5093002319, 99.3823013306, 99.3848114014, 97.5093002319, 97.5093002319, 99.3823013306, 97.5093002319, 97.5093002319, 95.7032623291, 99.3848114014, 99.3823013306, 99.3848114014, 95.7032623291, 97.5093002319, 97.5093002319, 97.5068817139, 97.5093002319, 99.3848114014, 97.5093002319, 97.5093002319]
