
metadata:
    version:
        essentia: "2.1-beta2"
    audio_properties:
        analysis_sample_rate: 44100
        bitrate: 320
        channels: 2
        equal_loudness: 1
        length: 200.672653198
        replay_gain: -13.7743930817
        downmix: "mix"
    tags:
        album: "Saturate"
        artist: "Breaking Benjamin"
        comment: ""
        date: "2002"
        genre: "Metal Alternatif"
        title: "Skin"
        tracknumber: "4"

configuration:
    average_loudness:
        compute: 1
        frameSize: 88200
        hopSize: 44100
        silentFrames: "noise"
        windowType: "hann"
    general:
        analysisSampleRate: 44100
        endTime: 2000
        equalLoudness: 1
        nequalLoudness: 0
        shortSound: 0
        startTime: 0
    lowlevel:
        compute: 1
        frameSize: 2048
        hopSize: 1024
        zeroPadding: 0
        silentFrames: "noise"
        windowType: "blackmanharris62"
        mfccStats: ["mean", "cov", "icov"]
        stats: ["mean", "var", "median", "min", "max", "dmean", "dmean2", "dvar", "dvar2"]
    panning:
        compute: 0
        frameSize: 8192
        hopSize: 2048
        zeroPadding: 8192
        silentFrames: "noise"
        windowType: "hann"
        stats: ["copy"]
    rhythm:
        compute: 1
        maxTempo: 208
        minTempo: 40
        method: "degara"
        stats: ["mean", "var", "median", "min", "max", "dmean", "dmean2", "dvar", "dvar2"]
    segmentation:
        compute: 0
        cpw: 5
        inc1: 300
        inc2: 50
        minimumSegmentsLength: 10
        size1: 1000
        size2: 600
    sfx:
        compute: 1
        stats: ["mean", "var", "median", "min", "max", "dmean", "dmean2", "dvar", "dvar2"]
    svm:
        compute: 0
    tonal:
        compute: 1
        frameSize: 4096
        hopSize: 2048
        zeroPadding: 0
        silentFrames: "noise"
        windowType: "blackmanharris62"
        stats: ["mean", "var", "median", "min", "max", "dmean", "dmean2", "dvar", "dvar2"]

lowlevel:
    average_loudness: 0.952564358711
    barkbands_kurtosis:
        dmean: 0.980684697628
        dmean2: 1.55220997334
        dvar: 4.68495464325
        dvar2: 11.3206329346
        max: 114.998077393
        mean: 0.803905963898
        median: -1.03238987923
        min: -1.9286762476
        var: 59.9801216125
    barkbands_skewness:
        dmean: 0.392884880304
        dmean2: 0.61502623558
        dvar: 0.167315214872
        dvar2: 0.392985343933
        max: 7.66211891174
        mean: -0.369684368372
        median: -0.546791613102
        min: -6.17976951599
        var: 1.46962893009
    barkbands_spread:
        dmean: 6.21594285965
        dmean2: 9.90854740143
        dvar: 40.3092269897
        dvar2: 103.62008667
        max: 81.2715682983
        mean: 36.2517242432
        median: 37.3154373169
        min: 0.571261525154
        var: 155.395721436
    dissonance:
        dmean: 0.00843237992376
        dmean2: 0.0143317710608
        dvar: 9.32882103371e-005
        dvar2: 0.000249151780736
        max: 0.500000059605
        mean: 0.481150060892
        median: 0.488399624825
        min: 0.283626198769
        var: 0.000565134047065
    hfc:
        dmean: 3.07659649849
        dmean2: 5.15234804153
        dvar: 16.0264472961
        dvar2: 42.8794670105
        max: 45.9788970947
        mean: 12.3733301163
        median: 11.6240615845
        min: 1.15828671808e-016
        var: 42.4434738159
    pitch:
        dmean: 823.060302734
        dmean2: 1573.39709473
        dvar: 1729244.375
        dvar2: 4225176.5
        max: 5257.27148438
        mean: 2100.56567383
        median: 3289.76367188
        min: 77.720703125
        var: 2957876
    pitch_instantaneous_confidence:
        dmean: 0.0709916800261
        dmean2: 0.115805603564
        dvar: 0.00351544376463
        dvar2: 0.00924857519567
        max: 0.987590372562
        mean: 0.416846603155
        median: 0.402040839195
        min: 0.0734498500824
        var: 0.0136094465852
    pitch_salience:
        dmean: 0.0525713898242
        dmean2: 0.084801889956
        dvar: 0.00238610547967
        dvar2: 0.00598087580875
        max: 0.954529345036
        mean: 0.628394007683
        median: 0.653107047081
        min: 0.108246214688
        var: 0.0130904810503
    silence_rate_20dB:
        dmean: 0
        dmean2: 0
        dvar: 0
        dvar2: 0
        max: 1
        mean: 1
        median: 1
        min: 1
        var: 0
    silence_rate_30dB:
        dmean: 0
        dmean2: 0
        dvar: 0
        dvar2: 0
        max: 1
        mean: 1
        median: 1
        min: 1
        var: 0
    silence_rate_60dB:
        dmean: 0.0381811857224
        dmean2: 0.0763712078333
        dvar: 0.036727771163
        dvar2: 0.0825859084725
        max: 1
        mean: 0.12737159431
        median: 0
        min: 0
        var: 0.111155837774
    spectral_centroid:
        dmean: 263.704437256
        dmean2: 415.557830811
        dvar: 90532.890625
        dvar2: 195778.421875
        max: 10930.9238281
        mean: 2159.9765625
        median: 2242.27563477
        min: 139.276092529
        var: 520562.375
    spectral_complexity:
        dmean: 3.85815119743
        dmean2: 6.2858133316
        dvar: 14.8379354477
        dvar2: 35.8737831116
        max: 45
        mean: 19.8760986328
        median: 21
        min: 0
        var: 74.1365356445
    spectral_crest:
        dmean: 1.60659432411
        dmean2: 2.62792801857
        dvar: 2.40942144394
        dvar2: 6.29277181625
        max: 22.303319931
        mean: 7.0153169632
        median: 6.20935583115
        min: 2.50599384308
        var: 8.42132854462
    spectral_decrease:
        dmean: 3.1524652333e-010
        dmean2: 5.29591093201e-010
        dvar: 2.21369946284e-019
        dvar2: 6.0362057635e-019
        max: -3.23513890291e-029
        mean: -1.19457088665e-009
        median: -1.17306830916e-009
        min: -5.21016207955e-009
        var: 3.31928761459e-019
    spectral_energy:
        dmean: 0.001427786774
        dmean2: 0.00240053841844
        dvar: 4.34717776443e-006
        dvar2: 1.18082871268e-005
        max: 0.0222472324967
        mean: 0.00563087780029
        median: 0.00553844962269
        min: 1.06281044174e-020
        var: 7.06329183231e-006
    spectral_energyband_high:
        dmean: 0.000307297479594
        dmean2: 0.00051781575894
        dvar: 1.72416108057e-007
        dvar2: 4.49714747219e-007
        max: 0.00531641859561
        mean: 0.000889503280632
        median: 0.000781268812716
        min: 7.69811840443e-021
        var: 3.87990439776e-007
    spectral_energyband_low:
        dmean: 0.000319313461659
        dmean2: 0.000539833155926
        dvar: 2.62528118355e-007
        dvar2: 7.3868079653e-007
        max: 0.00599161395803
        mean: 0.000553502293769
        median: 0.000398191128625
        min: 1.04333487458e-022
        var: 3.13138571073e-007
    spectral_energyband_middle_high:
        dmean: 0.000717690272722
        dmean2: 0.00119021988939
        dvar: 6.63408172841e-007
        dvar2: 1.78507195869e-006
        max: 0.00972637254745
        mean: 0.00278128031641
        median: 0.00264946278185
        min: 1.5194629306e-021
        var: 2.37610288423e-006
    spectral_energyband_middle_low:
        dmean: 0.000695886730682
        dmean2: 0.00116628839169
        dvar: 1.67437872278e-006
        dvar2: 4.62697153125e-006
        max: 0.0150666628033
        mean: 0.00162226741668
        median: 0.0012050406076
        min: 3.74371600435e-022
        var: 2.10687289837e-006
    spectral_flatness_db:
        dmean: 0.0120882587507
        dmean2: 0.0192373488098
        dvar: 0.000125506718177
        dvar2: 0.000285226124106
        max: 0.487473905087
        mean: 0.15620072186
        median: 0.145850479603
        min: 0.0624311342835
        var: 0.00249035842717
    spectral_flux:
        dmean: 0.0077585214749
        dmean2: 0.0118721826002
        dvar: 9.08989823074e-005
        dvar2: 0.000170335188159
        max: 0.132147923112
        mean: 0.0433956906199
        median: 0.0427814535797
        min: 1.04775868537e-010
        var: 0.000288795679808
    spectral_kurtosis:
        dmean: 1.0353988409
        dmean2: 1.82332396507
        dvar: 4.36352348328
        dvar2: 14.3508834839
        max: 81.5798721313
        mean: 3.63516974449
        median: 2.45498657227
        min: -1.20192337036
        var: 48.6678085327
    spectral_rms:
        dmean: 0.000274607155006
        dmean2: 0.000450280931545
        dvar: 1.24413801927e-007
        dvar2: 3.27621563656e-007
        max: 0.00465882150456
        mean: 0.00225913035683
        median: 0.00232451385818
        min: 3.22007481443e-012
        var: 3.89891198438e-007
    spectral_rolloff:
        dmean: 243.314849854
        dmean2: 392.794799805
        dvar: 176491.453125
        dvar2: 312351.84375
        max: 18776.953125
        mean: 3742.6171875
        median: 3983.64257813
        min: 107.666015625
        var: 987084.625
    spectral_skewness:
        dmean: 0.14322027564
        dmean2: 0.241786196828
        dvar: 0.0301415547729
        dvar2: 0.0911964550614
        max: 7.77961158752
        mean: 1.08491456509
        median: 0.97519749403
        min: -0.023748897016
        var: 0.54009270668
    spectral_spread:
        dmean: 355118.25
        dmean2: 536928.5625
        dvar: 355083059200
        dvar2: 471827152896
        max: 40691232
        mean: 4488308.5
        median: 4300521
        min: 1199105.5
        var: 1.61171334758e+012
    spectral_strongpeak:
        dmean: 0.657501220703
        dmean2: 1.14047122002
        dvar: 0.889588177204
        dvar2: 2.31955432892
        max: 9.45680713654
        mean: 0.928927004337
        median: 0.361531376839
        min: 3.2888955448e-010
        var: 1.24023401737
    zerocrossingrate:
        dmean: 0.00753138400614
        dmean2: 0.00929485913366
        dvar: 7.79948022682e-005
        dvar2: 9.53025446506e-005
        max: 0.494140625
        mean: 0.117437854409
        median: 0.12255859375
        min: 0.0048828125
        var: 0.00109239376616
    barkbands:
        dmean: [5.35925948952e-007, 9.66660882114e-005, 0.00017446988204, 0.000181130584679, 0.000365823943866, 0.000182986375876, 5.91958050791e-005, 8.5134874098e-005, 9.32195835048e-005, 4.39122668467e-005, 2.58420204773e-005, 2.89602921839e-005, 4.11486398662e-005, 7.22446202417e-005, 8.91700619832e-005, 0.00012134766439, 0.00021065666806, 0.000194149499293, 0.000330432259943, 0.000302017811919, 0.000143820856465, 5.5344102293e-005, 6.26185146757e-006, 1.93048026631e-006, 1.01499972516e-006, 3.39056605014e-008, 4.88419527045e-010]
        dmean2: [8.86865791472e-007, 0.000171843537828, 0.000297477410641, 0.000299870269373, 0.000617517158389, 0.000324903725414, 9.76255905698e-005, 0.000141544820508, 0.000142551027238, 7.13967820047e-005, 4.01005381718e-005, 4.55081208202e-005, 6.56865740893e-005, 0.000114406764624, 0.000142197794048, 0.000203150208108, 0.000353727955371, 0.000325927889207, 0.000560673302971, 0.000507759163156, 0.000245359580731, 9.24393243622e-005, 1.01549940155e-005, 2.93096945825e-006, 1.49933566718e-006, 4.99507422091e-008, 7.8873840792e-010]
        dvar: [8.41894425268e-013, 5.45963807497e-008, 7.667573243e-008, 6.30694927395e-008, 5.90795707467e-007, 1.90865222294e-007, 2.42110349546e-008, 5.23882661696e-008, 5.02765793442e-008, 9.86946524506e-009, 4.06726607949e-009, 6.17303896888e-009, 9.77909220268e-009, 2.13823003747e-008, 3.06037115649e-008, 4.48867432112e-008, 6.34101056107e-008, 5.18008889117e-008, 1.47747670098e-007, 1.27944360884e-007, 4.60099478516e-008, 5.9315419243e-009, 7.25815033076e-011, 2.2791589796e-011, 8.41501434506e-012, 9.67001442299e-015, 6.63334124385e-019]
        dvar2: [2.05545953522e-012, 1.51988629682e-007, 2.18074603708e-007, 1.66617695641e-007, 1.62342553267e-006, 5.42697364381e-007, 5.828009364e-008, 1.25276216068e-007, 1.11131740255e-007, 2.37955450899e-008, 8.95724738825e-009, 1.40011229277e-008, 2.49258409468e-008, 5.2026614128e-008, 7.56347873221e-008, 1.17544033174e-007, 1.72204636328e-007, 1.39557826628e-007, 4.06152764754e-007, 3.40166366186e-007, 1.22569872474e-007, 1.56392818695e-008, 1.80408507577e-010, 4.38608628583e-011, 1.61197166726e-011, 1.68121504945e-014, 1.39975430878e-018]
        max: [8.34955881146e-006, 0.00158892350737, 0.00304214702919, 0.00602206494659, 0.0109457708895, 0.00733683397993, 0.00348901632242, 0.0065954872407, 0.00539878383279, 0.00291007012129, 0.00179528282024, 0.00210104277357, 0.00237591587938, 0.00242003821768, 0.00332066835836, 0.00480116438121, 0.00416204007342, 0.00294227036647, 0.00590657955036, 0.00541717093438, 0.00405282201245, 0.00130624976009, 0.000175452965777, 0.000131500404677, 6.53790557408e-005, 4.35030369772e-006, 1.11183595664e-008]
        mean: [6.5090193857e-007, 9.11115857889e-005, 0.000274499092484, 0.000337996054441, 0.000567147391848, 0.00023085999419, 8.30718126963e-005, 0.000135686233989, 0.000252743251622, 7.54873763071e-005, 4.52188141935e-005, 4.85309392388e-005, 6.54205723549e-005, 0.000121906145068, 0.000164176453836, 0.000234732462559, 0.00045604648767, 0.000436150061432, 0.000786027987488, 0.000746860168874, 0.000319098180626, 0.000133311361424, 1.64178654813e-005, 5.1359952522e-006, 2.53436223829e-006, 7.10952789973e-008, 7.61496365964e-010]
        median: [3.33435593802e-007, 3.60366975656e-005, 0.000183933705557, 0.000240642402787, 0.000337803474395, 0.000122390498291, 3.40725564456e-005, 3.26400695485e-005, 7.02187389834e-005, 3.81461213692e-005, 2.32727979892e-005, 2.02242263185e-005, 2.29653123824e-005, 3.90045170207e-005, 6.43973035039e-005, 0.000147298909724, 0.000379694858566, 0.000361312006135, 0.000666209612973, 0.00061392551288, 0.000264445552602, 0.000111272223876, 1.36391499836e-005, 3.29252134179e-006, 1.23768063531e-006, 2.59459973506e-008, 2.35859859421e-010]
        min: [1.71855872557e-023, 3.1966802203e-023, 2.54897982095e-023, 3.98964257114e-023, 3.41835833882e-023, 2.9703553955e-023, 1.96259505541e-023, 4.81696139212e-023, 8.6761118545e-023, 2.14022412762e-023, 4.62244280794e-023, 8.59313189142e-023, 1.07214981775e-022, 1.31567736386e-022, 9.6182427538e-023, 1.23099560693e-022, 1.34313313124e-022, 1.18054107317e-022, 2.09359695765e-022, 2.82650048787e-022, 3.49056183084e-022, 5.3070234959e-022, 6.38060538018e-022, 8.06539972305e-022, 9.52526344233e-022, 1.47221387318e-021, 2.24569539863e-021]
        var: [9.69634420499e-013, 3.64789372043e-008, 9.44722131635e-008, 1.38894534985e-007, 6.07621814197e-007, 1.55813481229e-007, 3.73961768219e-008, 2.24274501193e-007, 3.75600677671e-007, 2.03351895323e-008, 8.81727135749e-009, 1.23035777122e-008, 1.72140559584e-008, 5.0612371183e-008, 7.43154018323e-008, 1.11437366002e-007, 1.37968257263e-007, 1.07672384786e-007, 3.29069337113e-007, 3.25428999304e-007, 6.53718501553e-008, 1.13805249669e-008, 1.79576631343e-010, 7.73641775642e-011, 2.83691143493e-011, 2.39615286976e-014, 1.72889909049e-018]
    frequency_bands:
        dmean: [5.35925948952e-007, 9.66660882114e-005, 0.00017446988204, 0.000181130584679, 0.000365823943866, 0.000182986375876, 5.91958050791e-005, 8.5134874098e-005, 9.32195835048e-005, 4.39122668467e-005, 2.58420204773e-005, 2.89602921839e-005, 4.11486398662e-005, 7.22446202417e-005, 8.91700619832e-005, 0.00012134766439, 0.00021065666806, 0.000194149499293, 0.000330432259943, 0.000302017811919, 0.000143820856465, 5.5344102293e-005, 6.26185146757e-006, 1.93048026631e-006, 1.01499972516e-006, 3.39056605014e-008, 4.88419527045e-010, 6.78529038511e-011]
        dmean2: [8.86865791472e-007, 0.000171843537828, 0.000297477410641, 0.000299870269373, 0.000617517158389, 0.000324903725414, 9.76255905698e-005, 0.000141544820508, 0.000142551027238, 7.13967820047e-005, 4.01005381718e-005, 4.55081208202e-005, 6.56865740893e-005, 0.000114406764624, 0.000142197794048, 0.000203150208108, 0.000353727955371, 0.000325927889207, 0.000560673302971, 0.000507759163156, 0.000245359580731, 9.24393243622e-005, 1.01549940155e-005, 2.93096945825e-006, 1.49933566718e-006, 4.99507422091e-008, 7.8873840792e-010, 1.26939056488e-010]
        dvar: [8.41894425268e-013, 5.45963807497e-008, 7.667573243e-008, 6.30694927395e-008, 5.90795707467e-007, 1.90865222294e-007, 2.42110349546e-008, 5.23882661696e-008, 5.02765793442e-008, 9.86946524506e-009, 4.06726607949e-009, 6.17303896888e-009, 9.77909220268e-009, 2.13823003747e-008, 3.06037115649e-008, 4.48867432112e-008, 6.34101056107e-008, 5.18008889117e-008, 1.47747670098e-007, 1.27944360884e-007, 4.60099478516e-008, 5.9315419243e-009, 7.25815033076e-011, 2.2791589796e-011, 8.41501434506e-012, 9.67001442299e-015, 6.63334124385e-019, 8.65297079024e-021]
        dvar2: [2.05545953522e-012, 1.51988629682e-007, 2.18074603708e-007, 1.66617695641e-007, 1.62342553267e-006, 5.42697364381e-007, 5.828009364e-008, 1.25276216068e-007, 1.11131740255e-007, 2.37955450899e-008, 8.95724738825e-009, 1.40011229277e-008, 2.49258409468e-008, 5.2026614128e-008, 7.56347873221e-008, 1.17544033174e-007, 1.72204636328e-007, 1.39557826628e-007, 4.06152764754e-007, 3.40166366186e-007, 1.22569872474e-007, 1.56392818695e-008, 1.80408507577e-010, 4.38608628583e-011, 1.61197166726e-011, 1.68121504945e-014, 1.39975430878e-018, 2.76968503416e-020]
        max: [8.34955881146e-006, 0.00158892350737, 0.00304214702919, 0.00602206494659, 0.0109457708895, 0.00733683397993, 0.00348901632242, 0.0065954872407, 0.00539878383279, 0.00291007012129, 0.00179528282024, 0.00210104277357, 0.00237591587938, 0.00242003821768, 0.00332066835836, 0.00480116438121, 0.00416204007342, 0.00294227036647, 0.00590657955036, 0.00541717093438, 0.00405282201245, 0.00130624976009, 0.000175452965777, 0.000131500404677, 6.53790557408e-005, 4.35030369772e-006, 1.11183595664e-008, 1.3244458863e-009]
        mean: [6.5090193857e-007, 9.11115857889e-005, 0.000274499092484, 0.000337996054441, 0.000567147391848, 0.00023085999419, 8.30718126963e-005, 0.000135686233989, 0.000252743251622, 7.54873763071e-005, 4.52188141935e-005, 4.85309392388e-005, 6.54205723549e-005, 0.000121906145068, 0.000164176453836, 0.000234732462559, 0.00045604648767, 0.000436150061432, 0.000786027987488, 0.000746860168874, 0.000319098180626, 0.000133311361424, 1.64178654813e-005, 5.1359952522e-006, 2.53436223829e-006, 7.10952789973e-008, 7.61496365964e-010, 5.24354101805e-011]
        median: [3.33435593802e-007, 3.60366975656e-005, 0.000183933705557, 0.000240642402787, 0.000337803474395, 0.000122390498291, 3.40725564456e-005, 3.26400695485e-005, 7.02187389834e-005, 3.81461213692e-005, 2.32727979892e-005, 2.02242263185e-005, 2.29653123824e-005, 3.90045170207e-005, 6.43973035039e-005, 0.000147298909724, 0.000379694858566, 0.000361312006135, 0.000666209612973, 0.00061392551288, 0.000264445552602, 0.000111272223876, 1.36391499836e-005, 3.29252134179e-006, 1.23768063531e-006, 2.59459973506e-008, 2.35859859421e-010, 2.07204114977e-011]
        min: [1.71855872557e-023, 3.1966802203e-023, 2.54897982095e-023, 3.98964257114e-023, 3.41835833882e-023, 2.9703553955e-023, 1.96259505541e-023, 4.81696139212e-023, 8.6761118545e-023, 2.14022412762e-023, 4.62244280794e-023, 8.59313189142e-023, 1.07214981775e-022, 1.31567736386e-022, 9.6182427538e-023, 1.23099560693e-022, 1.34313313124e-022, 1.18054107317e-022, 2.09359695765e-022, 2.82650048787e-022, 3.49056183084e-022, 5.3070234959e-022, 6.38060538018e-022, 8.06539972305e-022, 9.52526344233e-022, 1.47221387318e-021, 2.24569539863e-021, 6.77491718811e-022]
        var: [9.69634420499e-013, 3.64789372043e-008, 9.44722131635e-008, 1.38894534985e-007, 6.07621814197e-007, 1.55813481229e-007, 3.73961768219e-008, 2.24274501193e-007, 3.75600677671e-007, 2.03351895323e-008, 8.81727135749e-009, 1.23035777122e-008, 1.72140559584e-008, 5.0612371183e-008, 7.43154018323e-008, 1.11437366002e-007, 1.37968257263e-007, 1.07672384786e-007, 3.29069337113e-007, 3.25428999304e-007, 6.53718501553e-008, 1.13805249669e-008, 1.79576631343e-010, 7.73641775642e-011, 2.83691143493e-011, 2.39615286976e-014, 1.72889909049e-018, 6.77936065857e-021]
    mfcc:
        mean: [-698.053222656, 79.8701782227, -41.9861793518, 73.5777740479, -13.027882576, -2.36583161354, -4.11068344116, -1.96731841564, 0.587146222591, -5.97825145721, -6.73565244675, -11.0580377579, -8.65291500092]
        cov: [[5808.01708984, -96.7498474121, -1181.44116211, 261.829071045, -462.669250488, 26.8435192108, -143.617492676, 1.26595318317, 59.6313400269, -14.4373807907, -28.8952674866, -123.940589905, -119.513900757], [-96.7498474121, 647.209106445, -51.2965507507, 31.1948108673, 92.5876541138, -31.3670196533, 36.1069221497, 35.6339645386, 21.8750896454, 28.8470611572, 44.2640762329, 36.0161743164, 15.4132537842], [-1181.44116211, -51.2965507507, 592.204101563, -43.7462654114, 105.576812744, -8.50513267517, 29.48021698, -11.4298410416, -32.1341743469, -45.9049606323, -12.7078771591, 44.4681549072, 47.8940963745], [261.829071045, 31.1948108673, -43.7462654114, 240.106018066, 16.8271808624, -6.40785551071, 7.80746173859, 19.5052604675, 27.2845249176, 1.92802810669, -27.9061737061, -6.8419880867, 6.87845897675], [-462.669250488, 92.5876541138, 105.576812744, 16.8271808624, 243.916152954, 38.128993988, 32.1598701477, 14.4020910263, 19.9321479797, 33.6009788513, -3.21148705482, 4.95094490051, 14.3708543777], [26.8435192108, -31.3670196533, -8.50513267517, -6.40785551071, 38.128993988, 127.505348206, 29.3700714111, 10.5323867798, -13.6383562088, 8.01611614227, 16.9714221954, -1.51442718506, -5.77743196487], [-143.617492676, 36.1069221497, 29.48021698, 7.80746173859, 32.1598701477, 29.3700714111, 118.977210999, 62.6954345703, 8.85725975037, -5.32152700424, 8.77609825134, 25.4961948395, 12.6015930176], [1.26595318317, 35.6339645386, -11.4298410416, 19.5052604675, 14.4020910263, 10.5323867798, 62.6954345703, 114.550018311, 47.4436340332, 10.7045602798, 0.536902785301, 5.39947414398, 8.51297950745], [59.6313400269, 21.8750896454, -32.1341743469, 27.2845249176, 19.9321479797, -13.6383562088, 8.85725975037, 47.4436340332, 108.28238678, 49.6552429199, 5.28832864761, -22.2505073547, -8.49813842773], [-14.4373807907, 28.8470611572, -45.9049606323, 1.92802810669, 33.6009788513, 8.01611614227, -5.32152700424, 10.7045602798, 49.6552429199, 91.3000488281, 33.539855957, -7.21230173111, -17.3670272827], [-28.8952674866, 44.2640762329, -12.7078771591, -27.9061737061, -3.21148705482, 16.9714221954, 8.77609825134, 0.536902785301, 5.28832864761, 33.539855957, 74.6957931519, 26.0479793549, -2.43369603157], [-123.940589905, 36.0161743164, 44.4681549072, -6.8419880867, 4.95094490051, -1.51442718506, 25.4961948395, 5.39947414398, -22.2505073547, -7.21230173111, 26.0479793549, 76.4510726929, 39.2233505249], [-119.513900757, 15.4132537842, 47.8940963745, 6.87845897675, 14.3708543777, -5.77743196487, 12.6015930176, 8.51297950745, -8.49813842773, -17.3670272827, -2.43369603157, 39.2233505249, 68.5106201172]]
        icov: [[0.000355785537977, 2.16753414861e-005, 0.000613193260506, -0.000299771258142, 0.000378377560992, -0.000275955855614, 0.0003096475848, -3.24183274643e-005, -0.000261984067038, 0.000435445923358, 1.95939592231e-005, -8.72861855896e-005, 0.000190192746231], [2.16753414861e-005, 0.00193180085625, 0.000429982348578, -0.000252738362178, -0.00105128914583, 0.00106587761547, -0.000198679364985, -0.000444075878477, 0.000146248261444, 0.000377556891181, -0.00146032206248, -0.000394228933146, 1.77917700057e-005], [0.000613193260506, 0.000429982348578, 0.00327977002598, -9.1756672191e-005, -0.000682546698954, 0.000131030319608, 0.000181738796527, 0.000291301490506, -0.000595168501604, 0.002083318308, -0.000135766720632, -0.000978039577603, -0.000216641405132], [-0.000299771258142, -0.000252738362178, -9.1756672191e-005, 0.00494270212948, -0.000520686560776, 7.39896277082e-005, -0.000421123433625, 3.15442157444e-005, -0.00101085263304, -0.000400109332986, 0.00229178811423, -0.000526915944647, -0.000552915153094], [0.000378377560992, -0.00105128914583, -0.000682546698954, -0.000520686560776, 0.00657855113968, -0.00250853039324, -0.000868768082, 0.00080167100532, -0.000567827140912, -0.00313929491676, 0.0026768266689, 0.000414395559346, -0.00111365888733], [-0.000275955855614, 0.00106587761547, 0.000131030319608, 7.39896277082e-005, -0.00250853039324, 0.0105384625494, -0.00265229074284, -0.00096338900039, 0.0033864970319, -0.000661813013721, -0.00371597940102, 0.0025704333093, -0.000149082203279], [0.0003096475848, -0.000198679364985, 0.000181738796527, -0.000421123433625, -0.000868768082, -0.00265229074284, 0.01470528543, -0.00776951387525, 8.12620055513e-005, 0.00274229003116, -0.000644529762212, -0.00437587080523, 0.00190684117842], [-3.24183274643e-005, -0.000444075878477, 0.000291301490506, 3.15442157444e-005, 0.00080167100532, -0.00096338900039, -0.00776951387525, 0.0161371920258, -0.00712781073526, 0.000679773278534, 0.00170556886587, -0.000537410669494, -0.00133249303326], [-0.000261984067038, 0.000146248261444, -0.000595168501604, -0.00101085263304, -0.000567827140912, 0.0033864970319, 8.12620055513e-005, -0.00712781073526, 0.0185214057565, -0.00933602824807, -0.000852893455885, 0.00640708999708, -0.00246459944174], [0.000435445923358, 0.000377556891181, 0.002083318308, -0.000400109332986, -0.00313929491676, -0.000661813013721, 0.00274229003116, 0.000679773278534, -0.00933602824807, 0.0223233532161, -0.00898970942944, -0.00114985683467, 0.00411201966926], [1.95939592231e-005, -0.00146032206248, -0.000135766720632, 0.00229178811423, 0.0026768266689, -0.00371597940102, -0.000644529762212, 0.00170556886587, -0.000852893455885, -0.00898970942944, 0.0238938108087, -0.0102198179811, 0.00357444258407], [-8.72861855896e-005, -0.000394228933146, -0.000978039577603, -0.000526915944647, 0.000414395559346, 0.0025704333093, -0.00437587080523, -0.000537410669494, 0.00640708999708, -0.00114985683467, -0.0102198179811, 0.027574153617, -0.0139718418941], [0.000190192746231, 1.77917700057e-005, -0.000216641405132, -0.000552915153094, -0.00111365888733, -0.000149082203279, 0.00190684117842, -0.00133249303326, -0.00246459944174, 0.00411201966926, 0.00357444258407, -0.0139718418941, 0.0240296069533]]
    sccoeffs:
        dmean: [0.0491901747882, 0.0459389686584, 0.0349279344082, 0.0307267699391, 0.0196776259691, 0.0171787403524]
        dmean2: [0.0801626294851, 0.077016197145, 0.0571301802993, 0.0502256676555, 0.0327552556992, 0.0278752222657]
        dvar: [0.00182711263187, 0.0013790212106, 0.000783068360761, 0.000643988663796, 0.00025481369812, 0.000267082476057]
        dvar2: [0.00474692927673, 0.00394700746983, 0.00204918417148, 0.00162273517344, 0.000664179679006, 0.000629009562545]
        max: [-0.281163990498, -0.440608233213, -0.43466386199, -0.539430379868, -0.615754008293, -0.573213279247]
        mean: [-0.635971009731, -0.756685137749, -0.779020130634, -0.770413100719, -0.792683601379, -0.712144434452]
        median: [-0.641973972321, -0.762490749359, -0.790802299976, -0.775298833847, -0.795159816742, -0.705901026726]
        min: [-0.974406182766, -0.979625403881, -0.970767438412, -0.984618782997, -0.97176450491, -0.96301561594]
        var: [0.00560030434281, 0.00442202622071, 0.004962827079, 0.00349632976577, 0.00111465947703, 0.00176635012031]
    scvalleys:
        dmean: [0.386303186417, 0.373659580946, 0.291967391968, 0.274748116732, 0.208076864481, 0.172193169594]
        dmean2: [0.61362695694, 0.619062483311, 0.467469155788, 0.439927101135, 0.324321329594, 0.255425691605]
        dvar: [0.163695588708, 0.166631892323, 0.0946982577443, 0.0981290638447, 0.0843335986137, 0.070996940136]
        dvar2: [0.321997284889, 0.373855143785, 0.16976107657, 0.172890841961, 0.128248542547, 0.104463607073]
        max: [-4.99098157883, -4.57994651794, -5.67887163162, -5.92007684708, -5.44533443451, -7.69490909576]
        mean: [-6.84634256363, -6.86936903, -7.36463356018, -7.48144006729, -6.62113428116, -9.56187343597]
        median: [-6.63288021088, -6.74566745758, -7.17986679077, -7.27958679199, -6.35104465485, -9.31125450134]
        min: [-26.8591556549, -27.2618904114, -27.3437366486, -27.5925998688, -27.3770389557, -27.2038841248]
        var: [1.1388105154, 0.978562712669, 0.980324268341, 1.13048064709, 1.3305337429, 1.40264344215]

rhythm:
    beats_loudness:
        dmean: 0.00186409603339
        dmean2: 0.0034346296452
        dvar: 2.4946693884e-006
        dvar2: 7.82866027293e-006
        max: 0.0135190710425
        mean: 0.00619356287643
        median: 0.00624877214432
        min: 5.6168169067e-006
        var: 4.47188131147e-006
    bpm: 108.136077881
    bpm_confidence: 0
    first_peak_bpm: 108
    first_peak_spread: 0.304733753204
    first_peak_weight: 0.654596090317
    onset_rate: 2.33713960648
    second_peak_bpm: 103
    second_peak_spread: 0.266666650772
    second_peak_weight: 0.030640669167
    beats_loudness_band_ratio:
        dmean: [0.09062461555, 0.110322758555, 0.0611766017973, 0.0383007824421, 0.096566170454, 0.104318834841]
        dmean2: [0.157203063369, 0.206688120961, 0.103806033731, 0.0683321356773, 0.170727923512, 0.178033024073]
        dvar: [0.00649120425805, 0.005725229159, 0.00639799097553, 0.00209823227488, 0.00770426774397, 0.00846999790519]
        dvar2: [0.0159725323319, 0.018825782463, 0.0142293572426, 0.0062662968412, 0.0219993907958, 0.0248915888369]
        max: [0.967279493809, 0.526282787323, 0.805888533592, 0.256766200066, 0.705954372883, 0.940427720547]
        mean: [0.190091088414, 0.141713485122, 0.0799506381154, 0.0444426499307, 0.230490446091, 0.368473678827]
        median: [0.155694052577, 0.122560091317, 0.0443192198873, 0.0266108848155, 0.22123298049, 0.376274168491]
        min: [0.00407251995057, 0.00344781228341, 0.00197348883376, 0.000162582000485, 0.000132707427838, 9.55696305027e-005]
        var: [0.021559080109, 0.0078619485721, 0.0105485813692, 0.00197293702513, 0.0108311371878, 0.0184616278857]
    beats_position: [0.510838985443, 1.03328800201, 1.55573689938, 2.11301589012, 2.67029476166, 3.22757363319, 3.7732424736, 4.31891155243, 4.87619018555, 5.4334692955, 5.99074840546, 6.54802703857, 7.10530614853, 7.66258478165, 8.20825386047, 8.75392246246, 9.31120204926, 9.86848068237, 10.4257593155, 10.9714279175, 11.5287075043, 12.0743761063, 12.6316547394, 13.1889343262, 13.7462129593, 14.3034915924, 14.8491611481, 15.3948297501, 15.9521083832, 16.50938797, 17.0666656494, 17.6239452362, 18.181224823, 18.7385025024, 19.2957820892, 19.853061676, 20.4103393555, 20.9560089111, 21.5016784668, 22.0589561462, 22.616235733, 23.1735134125, 23.7307929993, 24.2764625549, 24.8337402344, 25.37940979, 25.9366893768, 26.4939670563, 27.0396366119, 27.5853061676, 28.142583847, 28.6998634338, 29.2571430206, 29.8144207001, 30.3717002869, 30.9289798737, 31.4862575531, 32.0203170776, 32.5775947571, 33.1348762512, 33.6921539307, 34.2494316101, 34.8067131042, 35.3639907837, 35.9212684631, 36.4785499573, 37.0358276367, 37.5814971924, 38.1271629333, 38.672832489, 39.2301139832, 39.7757797241, 40.3330612183, 40.8903388977, 41.4476165771, 42.0048980713, 42.5621757507, 43.1078453064, 43.6651229858, 44.22240448, 44.7680702209, 45.3253517151, 45.8826293945, 46.439907074, 46.9971885681, 47.5428581238, 48.0885238647, 48.6458053589, 49.2030830383, 49.748752594, 50.2944221497, 50.8516998291, 51.4089775085, 51.9662590027, 52.5235366821, 53.0808143616, 53.6264839172, 54.1721534729, 54.7294311523, 55.2867126465, 55.8439903259, 56.4012680054, 56.946937561, 57.4926071167, 58.0498847961, 58.6071662903, 59.1528320313, 59.6985015869, 60.2557830811, 60.8130607605, 61.3703384399, 61.9276161194, 62.4848976135, 63.042175293, 63.5994529724, 64.1567306519, 64.714012146, 65.2712936401, 65.8285675049, 66.3742370605, 66.9199066162, 67.4771881104, 68.0344696045, 68.5917434692, 69.1490249634, 69.7062988281, 70.2519683838, 70.7976379395, 71.3549194336, 71.9122009277, 72.4694747925, 73.0267562866, 73.5840377808, 74.1413116455, 74.6869812012, 75.2442626953, 75.789932251, 76.3472061157, 76.9044876099, 77.4501571655, 78.0074386597, 78.5531082153, 79.1103820801, 79.6676635742, 80.2249450684, 80.7822189331, 81.3395004272, 81.8851699829, 82.4424438477, 82.9881134033, 83.5453948975, 84.1026763916, 84.6599502563, 85.2172317505, 85.7745132446, 86.3201828003, 86.877456665, 87.4231262207, 87.9804077148, 88.537689209, 89.0949630737, 89.6522445679, 90.2095184326, 90.7667999268, 91.3240814209, 91.8697509766, 92.4154205322, 92.9610900879, 93.5067520142, 94.0640335083, 94.6213150024, 95.1785888672, 95.7358703613, 96.281539917, 96.8388214111, 97.3844909668, 97.9417648315, 98.4990463257, 99.0563278198, 99.6136016846, 100.170883179, 100.728164673, 101.285438538, 101.831108093, 102.388389587, 102.934059143, 103.491333008, 104.048614502, 104.605895996, 105.163169861, 105.708839417, 106.254508972, 106.811790466, 107.36907196, 107.926345825, 108.472015381, 109.017684937, 109.574966431, 110.132240295, 110.68952179, 111.246803284, 111.792472839, 112.338134766, 112.89541626, 113.452697754, 114.009971619, 114.567253113, 115.124534607, 115.681808472, 116.227478027, 116.773147583, 117.330429077, 117.887710571, 118.433380127, 118.979042053, 119.536323547, 120.093605042, 120.639274597, 121.196548462, 121.753829956, 122.322715759, 122.879997253, 123.437278748, 123.994552612, 124.551834106, 125.097503662, 125.643173218, 126.200454712, 126.757728577, 127.315010071, 127.872291565, 128.417953491, 128.963623047, 129.520904541, 130.078186035, 130.635467529, 131.192733765, 131.750015259, 132.307296753, 132.852966309, 133.398635864, 133.94430542, 134.489974976, 135.04725647, 135.604537964, 136.161804199, 136.719085693, 137.276367188, 137.833648682, 138.379318237, 138.936599731, 139.482269287, 140.039550781, 140.596817017, 141.154098511, 141.711380005, 142.268661499, 142.814331055, 143.371612549, 143.928878784, 144.486160278, 145.031829834, 145.589111328, 146.146392822, 146.703674316, 147.260955811, 147.818222046, 148.363891602, 148.921173096, 149.466842651, 150.024124146, 150.58140564, 151.138687134, 151.695953369, 152.253234863, 152.810516357, 153.356185913, 153.913467407, 154.459136963, 155.016418457, 155.573699951, 156.119369507, 156.665023804, 157.222305298, 157.779586792, 158.336868286, 158.89414978, 159.451431274, 160.00869751, 160.554367065, 161.100036621, 161.657318115, 162.214599609, 162.760269165, 163.317550659, 163.874832153, 164.432098389, 164.977767944, 165.535049438, 166.080718994, 166.62638855, 167.183670044, 167.752563477, 168.309844971, 168.855514526, 169.412780762, 169.970062256, 170.515731812, 171.061401367, 171.618682861, 172.175964355, 172.73324585, 173.278915405, 173.824569702, 174.381851196, 174.93913269, 175.496414185, 176.053695679, 176.610977173, 177.168243408, 177.725524902, 178.282806396, 178.828475952, 179.385757446, 179.931427002, 180.488708496, 181.04598999, 181.591659546, 182.137313843, 182.694595337, 183.251876831, 183.797546387, 184.343215942, 184.900497437, 185.457778931, 186.015060425, 186.583938599, 187.152832031, 187.721725464, 188.302215576, 188.882720947, 189.46321106, 190.043716431, 190.635818481, 191.227935791, 191.843261719, 192.458587646, 193.073913574, 193.631195068, 194.200088501, 194.780578613, 195.372695923, 195.953201294, 196.556915283, 197.172241211, 197.752746582, 198.333236694, 198.913742065, 199.494232178, 200.074737549]
