
metadata:
    version:
        essentia: "2.1-beta2"
    audio_properties:
        analysis_sample_rate: 44100
        bitrate: 320
        channels: 2
        equal_loudness: 1
        length: 224
        replay_gain: -13.9299907684
        downmix: "mix"
    tags:
        album: "Saturate"
        artist: "Breaking Benjamin"
        comment: ""
        date: "2002"
        genre: "Metal Alternatif"
        title: "Next To Nothing"
        tracknumber: "6"

configuration:
    average_loudness:
        compute: 1
        frameSize: 88200
        hopSize: 44100
        silentFrames: "noise"
        windowType: "hann"
    general:
        analysisSampleRate: 44100
        endTime: 2000
        equalLoudness: 1
        nequalLoudness: 0
        shortSound: 0
        startTime: 0
    lowlevel:
        compute: 1
        frameSize: 2048
        hopSize: 1024
        zeroPadding: 0
        silentFrames: "noise"
        windowType: "blackmanharris62"
        mfccStats: ["mean", "cov", "icov"]
        stats: ["mean", "var", "median", "min", "max", "dmean", "dmean2", "dvar", "dvar2"]
    panning:
        compute: 0
        frameSize: 8192
        hopSize: 2048
        zeroPadding: 8192
        silentFrames: "noise"
        windowType: "hann"
        stats: ["copy"]
    rhythm:
        compute: 1
        maxTempo: 208
        minTempo: 40
        method: "degara"
        stats: ["mean", "var", "median", "min", "max", "dmean", "dmean2", "dvar", "dvar2"]
    segmentation:
        compute: 0
        cpw: 5
        inc1: 300
        inc2: 50
        minimumSegmentsLength: 10
        size1: 1000
        size2: 600
    sfx:
        compute: 1
        stats: ["mean", "var", "median", "min", "max", "dmean", "dmean2", "dvar", "dvar2"]
    svm:
        compute: 0
    tonal:
        compute: 1
        frameSize: 4096
        hopSize: 2048
        zeroPadding: 0
        silentFrames: "noise"
        windowType: "blackmanharris62"
        stats: ["mean", "var", "median", "min", "max", "dmean", "dmean2", "dvar", "dvar2"]

lowlevel:
    average_loudness: 0.891449093819
    barkbands_kurtosis:
        dmean: 2.44053173065
        dmean2: 3.90789866447
        dvar: 56.6782875061
        dvar2: 162.112762451
        max: 327.58984375
        mean: 4.83391523361
        median: -0.893948078156
        min: -1.9501427412
        var: 259.425323486
    barkbands_skewness:
        dmean: 0.469577968121
        dmean2: 0.736305773258
        dvar: 0.31934684515
        dvar2: 0.775054752827
        max: 13.2932872772
        mean: 0.79801762104
        median: 0.173733651638
        min: -3.91758012772
        var: 3.36633276939
    barkbands_spread:
        dmean: 5.80319595337
        dmean2: 9.28691577911
        dvar: 44.0720977783
        dvar2: 102.169029236
        max: 82.1808853149
        mean: 32.787689209
        median: 36.7155609131
        min: 0.277357935905
        var: 284.170776367
    dissonance:
        dmean: 0.0134381642565
        dmean2: 0.022262474522
        dvar: 0.000243308983045
        dvar2: 0.000604742148425
        max: 0.500000119209
        mean: 0.46536386013
        median: 0.478665858507
        min: 0.227822810411
        var: 0.00130638119299
    hfc:
        dmean: 2.07024288177
        dmean2: 3.40947961807
        dvar: 10.7560005188
        dvar2: 28.614522934
        max: 44.9446029663
        mean: 8.50846195221
        median: 8.75664901733
        min: 1.17801914468e-016
        var: 50.2004966736
    pitch:
        dmean: 717.950683594
        dmean2: 1373.48071289
        dvar: 1659447.25
        dvar2: 4045850
        max: 5560.78564453
        mean: 1695.10852051
        median: 313.749145508
        min: 43.0243911743
        var: 3004775.5
    pitch_instantaneous_confidence:
        dmean: 0.0756975859404
        dmean2: 0.124352328479
        dvar: 0.00457457546145
        dvar2: 0.0117156673223
        max: 0.930526435375
        mean: 0.447909474373
        median: 0.413024067879
        min: 0.095695078373
        var: 0.0225276388228
    pitch_salience:
        dmean: 0.0566830523312
        dmean2: 0.0946177393198
        dvar: 0.00315054599196
        dvar2: 0.008659533225
        max: 0.958846867085
        mean: 0.586699903011
        median: 0.599874973297
        min: 0.0972683504224
        var: 0.013079540804
    silence_rate_20dB:
        dmean: 0
        dmean2: 0
        dvar: 0
        dvar2: 0
        max: 1
        mean: 1
        median: 1
        min: 1
        var: 0
    silence_rate_30dB:
        dmean: 0
        dmean2: 0
        dvar: 0
        dvar2: 0
        max: 1
        mean: 1
        median: 1
        min: 1
        var: 0
    silence_rate_60dB:
        dmean: 0.0524515397847
        dmean2: 0.104913957417
        dvar: 0.0496970750391
        dvar2: 0.111729376018
        max: 1
        mean: 0.333436995745
        median: 0
        min: 0
        var: 0.222280099988
    spectral_centroid:
        dmean: 237.337615967
        dmean2: 376.590698242
        dvar: 81267.1171875
        dvar2: 178795.859375
        max: 11126.8974609
        mean: 1540.61828613
        median: 1686.83007813
        min: 149.85723877
        var: 803302.875
    spectral_complexity:
        dmean: 2.79133415222
        dmean2: 4.58739376068
        dvar: 11.2053937912
        dvar2: 27.4049987793
        max: 43
        mean: 14.5791873932
        median: 15
        min: 0
        var: 103.597663879
    spectral_crest:
        dmean: 1.7864420414
        dmean2: 2.94808292389
        dvar: 3.35102581978
        dvar2: 8.73281002045
        max: 25.7656917572
        mean: 8.47342681885
        median: 7.26121616364
        min: 2.42096328735
        var: 16.7747020721
    spectral_decrease:
        dmean: 2.62623534031e-010
        dmean2: 4.3991105203e-010
        dvar: 1.69247938794e-019
        dvar2: 4.61924175528e-019
        max: 3.13545006065e-029
        mean: -1.04287345426e-009
        median: -1.02367603283e-009
        min: -5.06309039139e-009
        var: 4.2614287547e-019
    spectral_energy:
        dmean: 0.00113979587331
        dmean2: 0.0019074146403
        dvar: 3.21971174344e-006
        dvar2: 8.74998568179e-006
        max: 0.0222661104053
        mean: 0.00470777833834
        median: 0.00470016617328
        min: 1.05666394049e-020
        var: 9.05134129425e-006
    spectral_energyband_high:
        dmean: 0.00022104200616
        dmean2: 0.000366232037777
        dvar: 1.63817119869e-007
        dvar2: 4.23624697987e-007
        max: 0.00815231818706
        mean: 0.000616104400251
        median: 0.000485010707052
        min: 7.8547697719e-021
        var: 4.47886776556e-007
    spectral_energyband_low:
        dmean: 0.00032830121927
        dmean2: 0.000559247157071
        dvar: 2.38763249172e-007
        dvar2: 6.90935394232e-007
        max: 0.00503828842193
        mean: 0.000735546229407
        median: 0.000612013973296
        min: 2.55070016881e-023
        var: 3.90037570241e-007
    spectral_energyband_middle_high:
        dmean: 0.000444445788162
        dmean2: 0.00072802969953
        dvar: 3.71832697965e-007
        dvar2: 1.00458237284e-006
        max: 0.00936268828809
        mean: 0.00181820592843
        median: 0.00173478294164
        min: 1.63737090301e-021
        var: 2.50199605034e-006
    spectral_energyband_middle_low:
        dmean: 0.000716766342521
        dmean2: 0.00119362166151
        dvar: 1.573942086e-006
        dvar2: 4.32534216088e-006
        max: 0.0163369979709
        mean: 0.00176194414962
        median: 0.00132820126601
        min: 1.27272798964e-022
        var: 2.51485630542e-006
    spectral_flatness_db:
        dmean: 0.0168640743941
        dmean2: 0.0254840664566
        dvar: 0.000342967890901
        dvar2: 0.000728914455976
        max: 0.518607318401
        mean: 0.174103155732
        median: 0.150246798992
        min: 0.0436413511634
        var: 0.0048895245418
    spectral_flux:
        dmean: 0.00699410727248
        dmean2: 0.0107591086999
        dvar: 8.65884649102e-005
        dvar2: 0.000169715698576
        max: 0.117393836379
        mean: 0.0349083729088
        median: 0.0371689721942
        min: 1.02794162071e-010
        var: 0.000386110245017
    spectral_kurtosis:
        dmean: 1.64386534691
        dmean2: 2.61629271507
        dvar: 16.1492156982
        dvar2: 43.4854011536
        max: 128.00819397
        mean: 5.27622079849
        median: 2.73182368279
        min: -1.20264041424
        var: 131.764099121
    spectral_rms:
        dmean: 0.000239709930611
        dmean2: 0.000392156216549
        dvar: 9.72895293216e-008
        dvar2: 2.54250977605e-007
        max: 0.00466079777107
        mean: 0.00199524313211
        median: 0.00214138440788
        min: 3.21075002523e-012
        var: 6.11948166807e-007
    spectral_rolloff:
        dmean: 335.708435059
        dmean2: 562.879699707
        dvar: 389826.0625
        dvar2: 856316.9375
        max: 18712.3535156
        mean: 2855.36352539
        median: 3574.51171875
        min: 129.19921875
        var: 2666328.5
    spectral_skewness:
        dmean: 0.219584211707
        dmean2: 0.333962261677
        dvar: 0.11208756268
        dvar2: 0.255966365337
        max: 9.48356819153
        mean: 1.45996856689
        median: 1.13296580315
        min: -0.0390520207584
        var: 1.14870691299
    spectral_spread:
        dmean: 579462.4375
        dmean2: 829388.0625
        dvar: 819112116224
        dvar2: 1.45782145024e+012
        max: 41046272
        mean: 5198761.5
        median: 4934688
        min: 786608
        var: 3.55976006861e+012
    spectral_strongpeak:
        dmean: 0.365781992674
        dmean2: 0.639604151249
        dvar: 0.511582970619
        dvar2: 1.35815596581
        max: 10.6614017487
        mean: 0.551206409931
        median: 0.199405714869
        min: 0
        var: 0.664659500122
    zerocrossingrate:
        dmean: 0.00808116327971
        dmean2: 0.00934704765677
        dvar: 8.65893816808e-005
        dvar2: 9.1913047072e-005
        max: 0.50537109375
        mean: 0.0899138450623
        median: 0.10205078125
        min: 0.005859375
        var: 0.00198525050655
    barkbands:
        dmean: [2.77924158354e-007, 7.73636929807e-005, 0.000210484606214, 0.000186005403521, 0.000379878358217, 0.000157264541485, 5.75311496505e-005, 0.000137736977194, 8.75693804119e-005, 4.09184540331e-005, 2.61045606749e-005, 3.00965857605e-005, 2.27209020522e-005, 4.51231317129e-005, 4.76099085063e-005, 5.0937072956e-005, 0.000119299802464, 0.000127422914375, 0.000217275199248, 0.000193534462596, 0.000104769904283, 4.23679375672e-005, 5.06510968989e-006, 1.89344223145e-006, 1.14916088023e-006, 5.87026036669e-008, 1.54517199036e-009]
        dmean2: [4.5783127689e-007, 0.000135929120006, 0.000355526251951, 0.000318568927469, 0.000651925103739, 0.000262653367827, 9.31959730224e-005, 0.000214052211959, 0.000131433887873, 6.15051249042e-005, 4.12550180044e-005, 4.71598868899e-005, 3.67868706235e-005, 6.96060451446e-005, 7.64778596931e-005, 8.47853880259e-005, 0.000199085494387, 0.000214133353438, 0.000366686173948, 0.000323872052832, 0.000177708017873, 6.93218171364e-005, 8.15048133518e-006, 2.80066183223e-006, 1.68824567481e-006, 8.54895176872e-008, 2.27413043952e-009]
        dvar: [3.15093085087e-013, 3.20827453493e-008, 1.00377526735e-007, 6.80490543914e-008, 6.88096008616e-007, 1.31377930757e-007, 3.33031593414e-008, 1.65591742984e-007, 4.35566889223e-008, 1.5642564577e-008, 4.24066293192e-009, 9.07532093919e-009, 4.14386924774e-009, 1.43226417393e-008, 2.09852668576e-008, 7.21531145942e-009, 2.78645746477e-008, 3.6072176357e-008, 9.16025939546e-008, 1.11603689845e-007, 3.77088795744e-008, 4.78255790526e-009, 6.91212920234e-011, 2.55525392512e-011, 1.28985893147e-011, 1.90268214731e-014, 8.48600289079e-018]
        dvar2: [7.88278242594e-013, 9.19160854096e-008, 2.86189873577e-007, 2.02408230621e-007, 1.9101109956e-006, 3.40810629496e-007, 8.22390191502e-008, 3.93744812754e-007, 9.3664759504e-008, 3.27339328976e-008, 1.05161959141e-008, 2.25288445677e-008, 1.01190691382e-008, 3.36791075028e-008, 5.28629158225e-008, 1.81469026472e-008, 7.48012567442e-008, 9.9311741053e-008, 2.54453709658e-007, 2.8859076906e-007, 1.01584532786e-007, 1.23761569881e-008, 1.67258928929e-010, 4.52646461979e-011, 2.31415563795e-011, 3.73820169697e-014, 1.80384947084e-017]
        max: [5.82522216064e-006, 0.0017165299505, 0.00415324373171, 0.00448312982917, 0.0157083589584, 0.00645795185119, 0.00495651876554, 0.00839295890182, 0.00422479491681, 0.00367887225002, 0.00181025883649, 0.00412633270025, 0.00138422194868, 0.00251934467815, 0.00397942401469, 0.00216811406426, 0.00270312069915, 0.00345808989368, 0.00354026607238, 0.00757000502199, 0.00298880133778, 0.00105086877011, 0.000171561710886, 0.000165436242241, 0.000129778956762, 3.81509062208e-006, 3.92336119148e-008]
        mean: [4.70813290576e-007, 0.000115968272439, 0.00043868861394, 0.000330695795128, 0.000591303978581, 0.000247943622526, 9.92312925518e-005, 0.000253615551628, 0.000195358690689, 8.09514313005e-005, 4.9541820772e-005, 5.62572095077e-005, 3.53933064616e-005, 8.09605917311e-005, 9.25279164221e-005, 0.000112243593321, 0.000277907936834, 0.000289422168862, 0.000539530068636, 0.000455133413197, 0.000231985002756, 0.000112369547423, 1.2555577996e-005, 4.88711020807e-006, 2.7282899282e-006, 1.08404250909e-007, 2.15756856825e-009]
        median: [1.85489710702e-007, 6.63338287268e-005, 0.000325376604451, 0.000231836544117, 0.000357110868208, 0.00011167772027, 2.98554095934e-005, 3.4659045923e-005, 3.98346455768e-005, 2.10253238038e-005, 2.1282949092e-005, 1.57065805979e-005, 1.36487615237e-005, 1.90900573216e-005, 3.31912997353e-005, 7.51361658331e-005, 0.000214184023207, 0.000231582132983, 0.00047080378863, 0.000342718063621, 0.000179488764843, 7.78496032581e-005, 7.24433812138e-006, 2.43718159254e-006, 1.20155493732e-006, 3.36146399604e-008, 4.58062671127e-010]
        min: [2.89725670413e-023, 1.07556837803e-023, 5.44831280698e-024, 2.67087496301e-024, 2.9403174655e-023, 2.20982990068e-023, 1.51782896616e-023, 3.24989299043e-023, 1.81094475054e-023, 5.53635962365e-023, 1.27774564987e-022, 3.21958432337e-023, 3.84095964544e-023, 1.20706308168e-022, 2.70620033579e-022, 1.00526198605e-022, 2.38214687821e-022, 2.80955474589e-022, 2.51962097397e-022, 3.44253345458e-022, 3.81986342225e-022, 4.82082769408e-022, 5.31843257029e-022, 9.92438111711e-022, 1.33637157092e-021, 1.63074154316e-021, 2.44513437965e-021]
        var: [4.54525685752e-013, 2.74109517306e-008, 1.89233702486e-007, 1.15259986444e-007, 7.26975599719e-007, 1.9196832568e-007, 7.59192104738e-008, 4.86602004912e-007, 2.05953568866e-007, 5.95456661756e-008, 7.50214468326e-009, 2.09390105255e-008, 5.72311398273e-009, 3.67104959764e-008, 5.97195182195e-008, 2.26620677779e-008, 9.00816701233e-008, 9.45539255781e-008, 2.87557554657e-007, 2.94493673891e-007, 6.75884521684e-008, 1.56188271205e-008, 2.34500724394e-010, 1.05173238174e-010, 4.55012763578e-011, 4.8808589684e-014, 1.39294336565e-017]
    frequency_bands:
        dmean: [2.77924158354e-007, 7.73636929807e-005, 0.000210484606214, 0.000186005403521, 0.000379878358217, 0.000157264541485, 5.75311496505e-005, 0.000137736977194, 8.75693804119e-005, 4.09184540331e-005, 2.61045606749e-005, 3.00965857605e-005, 2.27209020522e-005, 4.51231317129e-005, 4.76099085063e-005, 5.0937072956e-005, 0.000119299802464, 0.000127422914375, 0.000217275199248, 0.000193534462596, 0.000104769904283, 4.23679375672e-005, 5.06510968989e-006, 1.89344223145e-006, 1.14916088023e-006, 5.87026036669e-008, 1.54517199036e-009, 5.12862287361e-011]
        dmean2: [4.5783127689e-007, 0.000135929120006, 0.000355526251951, 0.000318568927469, 0.000651925103739, 0.000262653367827, 9.31959730224e-005, 0.000214052211959, 0.000131433887873, 6.15051249042e-005, 4.12550180044e-005, 4.71598868899e-005, 3.67868706235e-005, 6.96060451446e-005, 7.64778596931e-005, 8.47853880259e-005, 0.000199085494387, 0.000214133353438, 0.000366686173948, 0.000323872052832, 0.000177708017873, 6.93218171364e-005, 8.15048133518e-006, 2.80066183223e-006, 1.68824567481e-006, 8.54895176872e-008, 2.27413043952e-009, 9.46934683443e-011]
        dvar: [3.15093085087e-013, 3.20827453493e-008, 1.00377526735e-007, 6.80490543914e-008, 6.88096008616e-007, 1.31377930757e-007, 3.33031593414e-008, 1.65591742984e-007, 4.35566889223e-008, 1.5642564577e-008, 4.24066293192e-009, 9.07532093919e-009, 4.14386924774e-009, 1.43226417393e-008, 2.09852668576e-008, 7.21531145942e-009, 2.78645746477e-008, 3.6072176357e-008, 9.16025939546e-008, 1.11603689845e-007, 3.77088795744e-008, 4.78255790526e-009, 6.91212920234e-011, 2.55525392512e-011, 1.28985893147e-011, 1.90268214731e-014, 8.48600289079e-018, 6.16853422433e-021]
        dvar2: [7.88278242594e-013, 9.19160854096e-008, 2.86189873577e-007, 2.02408230621e-007, 1.9101109956e-006, 3.40810629496e-007, 8.22390191502e-008, 3.93744812754e-007, 9.3664759504e-008, 3.27339328976e-008, 1.05161959141e-008, 2.25288445677e-008, 1.01190691382e-008, 3.36791075028e-008, 5.28629158225e-008, 1.81469026472e-008, 7.48012567442e-008, 9.9311741053e-008, 2.54453709658e-007, 2.8859076906e-007, 1.01584532786e-007, 1.23761569881e-008, 1.67258928929e-010, 4.52646461979e-011, 2.31415563795e-011, 3.73820169697e-014, 1.80384947084e-017, 1.9415985619e-020]
        max: [5.82522216064e-006, 0.0017165299505, 0.00415324373171, 0.00448312982917, 0.0157083589584, 0.00645795185119, 0.00495651876554, 0.00839295890182, 0.00422479491681, 0.00367887225002, 0.00181025883649, 0.00412633270025, 0.00138422194868, 0.00251934467815, 0.00397942401469, 0.00216811406426, 0.00270312069915, 0.00345808989368, 0.00354026607238, 0.00757000502199, 0.00298880133778, 0.00105086877011, 0.000171561710886, 0.000165436242241, 0.000129778956762, 3.81509062208e-006, 3.92336119148e-008, 9.11931918868e-010]
        mean: [4.70813290576e-007, 0.000115968272439, 0.00043868861394, 0.000330695795128, 0.000591303978581, 0.000247943622526, 9.92312925518e-005, 0.000253615551628, 0.000195358690689, 8.09514313005e-005, 4.9541820772e-005, 5.62572095077e-005, 3.53933064616e-005, 8.09605917311e-005, 9.25279164221e-005, 0.000112243593321, 0.000277907936834, 0.000289422168862, 0.000539530068636, 0.000455133413197, 0.000231985002756, 0.000112369547423, 1.2555577996e-005, 4.88711020807e-006, 2.7282899282e-006, 1.08404250909e-007, 2.15756856825e-009, 4.03760185008e-011]
        median: [1.85489710702e-007, 6.63338287268e-005, 0.000325376604451, 0.000231836544117, 0.000357110868208, 0.00011167772027, 2.98554095934e-005, 3.4659045923e-005, 3.98346455768e-005, 2.10253238038e-005, 2.1282949092e-005, 1.57065805979e-005, 1.36487615237e-005, 1.90900573216e-005, 3.31912997353e-005, 7.51361658331e-005, 0.000214184023207, 0.000231582132983, 0.00047080378863, 0.000342718063621, 0.000179488764843, 7.78496032581e-005, 7.24433812138e-006, 2.43718159254e-006, 1.20155493732e-006, 3.36146399604e-008, 4.58062671127e-010, 1.18094145574e-011]
        min: [2.89725670413e-023, 1.07556837803e-023, 5.44831280698e-024, 2.67087496301e-024, 2.9403174655e-023, 2.20982990068e-023, 1.51782896616e-023, 3.24989299043e-023, 1.81094475054e-023, 5.53635962365e-023, 1.27774564987e-022, 3.21958432337e-023, 3.84095964544e-023, 1.20706308168e-022, 2.70620033579e-022, 1.00526198605e-022, 2.38214687821e-022, 2.80955474589e-022, 2.51962097397e-022, 3.44253345458e-022, 3.81986342225e-022, 4.82082769408e-022, 5.31843257029e-022, 9.92438111711e-022, 1.33637157092e-021, 1.63074154316e-021, 2.44513437965e-021, 7.39927800161e-022]
        var: [4.54525685752e-013, 2.74109517306e-008, 1.89233702486e-007, 1.15259986444e-007, 7.26975599719e-007, 1.9196832568e-007, 7.59192104738e-008, 4.86602004912e-007, 2.05953568866e-007, 5.95456661756e-008, 7.50214468326e-009, 2.09390105255e-008, 5.72311398273e-009, 3.67104959764e-008, 5.97195182195e-008, 2.26620677779e-008, 9.00816701233e-008, 9.45539255781e-008, 2.87557554657e-007, 2.94493673891e-007, 6.75884521684e-008, 1.56188271205e-008, 2.34500724394e-010, 1.05173238174e-010, 4.55012763578e-011, 4.8808589684e-014, 1.39294336565e-017, 5.05249996083e-021]
    mfcc:
        mean: [-738.972473145, 95.5998001099, -21.1208553314, 69.3929443359, -9.05666828156, -2.42399001122, -1.36292719841, -1.24175977707, -0.0392949394882, -8.97913742065, -4.22203016281, -8.93816566467, -6.84580087662]
        cov: [[11024.8896484, -1091.73144531, -2543.46313477, 793.226989746, -922.982788086, 101.13105011, 65.5881271362, 181.695388794, 310.180297852, 112.46131134, 176.811828613, -72.1024856567, -143.041549683], [-1091.73144531, 1288.51855469, 337.747558594, 5.29386806488, 177.355880737, -117.845092773, -21.2374210358, -10.3739709854, -71.8365402222, -41.8173141479, -5.27148246765, 28.3738212585, 46.9245262146], [-2543.46313477, 337.747558594, 1120.46862793, -141.161636353, 204.172805786, -40.5970878601, -39.5747299194, -68.0545120239, -95.6236038208, -22.1919879913, -40.0869293213, 26.6250591278, 40.9754981995], [793.226989746, 5.29386806488, -141.161636353, 301.497283936, -31.9667186737, 38.3899497986, 7.35018157959, 1.98729562759, 50.3552360535, -1.38398265839, -4.74477577209, -7.78659105301, 10.6354694366], [-922.982788086, 177.355880737, 204.172805786, -31.9667186737, 350.724151611, 13.9845838547, -10.1395301819, -25.1768722534, -18.3700428009, 6.43724441528, -27.1536178589, -8.3698425293, 17.0085487366], [101.13105011, -117.845092773, -40.5970878601, 38.3899497986, 13.9845838547, 165.440200806, 62.905708313, 3.09085893631, 19.0568294525, 15.5896987915, 5.07166814804, 0.134808287024, 6.44279050827], [65.5881271362, -21.2374210358, -39.5747299194, 7.35018157959, -10.1395301819, 62.905708313, 139.041564941, 63.5399932861, 17.181640625, -7.21124362946, 3.77179193497, 16.1336784363, 8.48208236694], [181.695388794, -10.3739709854, -68.0545120239, 1.98729562759, -25.1768722534, 3.09085893631, 63.5399932861, 124.88633728, 39.1138763428, -0.581317424774, 9.82204437256, 11.9629106522, 3.2583231926], [310.180297852, -71.8365402222, -95.6236038208, 50.3552360535, -18.3700428009, 19.0568294525, 17.181640625, 39.1138763428, 117.98135376, 48.1210441589, 12.807349205, 0.282675683498, -6.70260477066], [112.46131134, -41.8173141479, -22.1919879913, -1.38398265839, 6.43724441528, 15.5896987915, -7.21124362946, -0.581317424774, 48.1210441589, 120.580932617, 62.2883872986, 11.6034812927, -28.4861297607], [176.811828613, -5.27148246765, -40.0869293213, -4.74477577209, -27.1536178589, 5.07166814804, 3.77179193497, 9.82204437256, 12.807349205, 62.2883872986, 108.015007019, 40.3686141968, -14.8112335205], [-72.1024856567, 28.3738212585, 26.6250591278, -7.78659105301, -8.3698425293, 0.134808287024, 16.1336784363, 11.9629106522, 0.282675683498, 11.6034812927, 40.3686141968, 77.470375061, 28.9231891632], [-143.041549683, 46.9245262146, 40.9754981995, 10.6354694366, 17.0085487366, 6.44279050827, 8.48208236694, 3.2583231926, -6.70260477066, -28.4861297607, -14.8112335205, 28.9231891632, 81.6465606689]]
        icov: [[0.000274617166724, 6.14646123722e-005, 0.000463734206278, -0.000483943760628, 0.000356494885636, 5.88678703934e-005, 5.91344760323e-005, -0.000104035047116, 2.89672079816e-005, -8.04160154075e-005, -0.000207639051951, 0.000159185452503, 7.54622378736e-005], [6.14646123722e-005, 0.00101980543695, -0.000103089463664, -0.000432855566032, -0.000378733006073, 0.00086434109835, -0.000264537578914, -0.000105649378384, 0.000407527782954, 0.000128774903715, -0.000396952702431, 1.23560694192e-005, -0.000325917790178], [0.000463734206278, -0.000103089463664, 0.00198080460541, -0.000394792208681, 0.000154514083988, 0.000112667636131, 0.000172656713403, 0.000171028397745, 0.000580398889724, -0.000492520688567, 0.000301005231449, -0.000351592694642, -8.1853584561e-005], [-0.000483943760628, -0.000432855566032, -0.000394792208681, 0.00489391526207, -0.000328618276399, -0.00115016975906, 0.00022248638561, 0.00085434212815, -0.0020421447698, 0.00095311331097, 0.000257801439147, 0.000143913537613, -0.000775749911554], [0.000356494885636, -0.000378733006073, 0.000154514083988, -0.000328618276399, 0.00403979187831, -0.000731965352315, 0.000280897627817, 5.19942477695e-005, 0.000166858211742, -0.00123027793597, 0.000833518977743, 0.000698843854479, -0.000519467925187], [5.88678703934e-005, 0.00086434109835, 0.000112667636131, -0.00115016975906, -0.000731965352315, 0.00908828433603, -0.00510545028374, 0.00230051088147, -0.000153566943482, -0.00125042849686, -0.000626824388746, 0.00124544173013, -0.0014302234631], [5.91344760323e-005, -0.000264537578914, 0.000172656713403, 0.00022248638561, 0.000280897627817, -0.00510545028374, 0.0125292697921, -0.0061436300166, 0.000292832963169, 0.00122338160872, 0.000638424244244, -0.00232947058976, 0.000819802866317], [-0.000104035047116, -0.000105649378384, 0.000171028397745, 0.00085434212815, 5.19942477695e-005, 0.00230051088147, -0.0061436300166, 0.0128160752356, -0.00437061302364, 0.00186950177886, -0.00128549733199, -0.000233113751165, -0.000241397967329], [2.89672079816e-005, 0.000407527782954, 0.000580398889724, -0.0020421447698, 0.000166858211742, -0.000153566943482, 0.000292832963169, -0.00437061302364, 0.0139566445723, -0.00702624954283, 0.00283016962931, -4.57407040813e-005, -0.000863448309246], [-8.04160154075e-005, 0.000128774903715, -0.000492520688567, 0.00095311331097, -0.00123027793597, -0.00125042849686, 0.00122338160872, 0.00186950177886, -0.00702624954283, 0.0169344544411, -0.0090025709942, 0.000282857654383, 0.00365961180069], [-0.000207639051951, -0.000396952702431, 0.000301005231449, 0.000257801439147, 0.000833518977743, -0.000626824388746, 0.000638424244244, -0.00128549733199, 0.00283016962931, -0.0090025709942, 0.0190987102687, -0.00993234105408, 0.0036150526721], [0.000159185452503, 1.23560694192e-005, -0.000351592694642, 0.000143913537613, 0.000698843854479, 0.00124544173013, -0.00232947058976, -0.000233113751165, -4.57407040813e-005, 0.000282857654383, -0.00993234105408, 0.0223442427814, -0.00918534398079], [7.54622378736e-005, -0.000325917790178, -8.1853584561e-005, -0.000775749911554, -0.000519467925187, -0.0014302234631, 0.000819802866317, -0.000241397967329, -0.000863448309246, 0.00365961180069, 0.0036150526721, -0.00918534398079, 0.0179707370698]]
    sccoeffs:
        dmean: [0.0481575354934, 0.0442221313715, 0.0334363915026, 0.0285018961877, 0.0202949475497, 0.0186007916927]
        dmean2: [0.0816348567605, 0.0729113817215, 0.0547159910202, 0.0461393669248, 0.0331443063915, 0.0294761490077]
        dvar: [0.00170687853824, 0.00141909043305, 0.000796103209723, 0.000594803248532, 0.000309343216941, 0.000361901213182]
        dvar2: [0.00472646066919, 0.00364053854719, 0.00203290418722, 0.00141382880975, 0.000759667600505, 0.00085783022223]
        max: [-0.273490965366, -0.415602535009, -0.474081873894, -0.553540706635, -0.579672813416, -0.590208351612]
        mean: [-0.618164300919, -0.723512232304, -0.780018866062, -0.782788693905, -0.796068787575, -0.740720808506]
        median: [-0.621698260307, -0.738963425159, -0.78834104538, -0.788837790489, -0.796973288059, -0.724004507065]
        min: [-0.959885835648, -0.971242487431, -0.972174942493, -0.991020917892, -0.974231183529, -0.958049952984]
        var: [0.00514444150031, 0.00777239492163, 0.00419940520078, 0.0034574738238, 0.00170963571873, 0.00355135113932]
    scvalleys:
        dmean: [0.367186188698, 0.361023247242, 0.299393475056, 0.275492042303, 0.253923892975, 0.250859856606]
        dmean2: [0.596104264259, 0.598750531673, 0.478897154331, 0.42632317543, 0.37247684598, 0.339705377817]
        dvar: [0.116485215724, 0.137562230229, 0.0882608368993, 0.0965937227011, 0.120412789285, 0.126873493195]
        dvar2: [0.263957470655, 0.331848293543, 0.181275650859, 0.184300735593, 0.216547742486, 0.226986929774]
        max: [-4.96347093582, -4.48397731781, -5.58613729477, -6.08616733551, -5.41405534744, -7.4229388237]
        mean: [-6.91453552246, -7.12780809402, -7.88045930862, -8.0999622345, -7.4253616333, -9.91885185242]
        median: [-6.62842464447, -6.89591693878, -7.45837020874, -7.49493980408, -6.55483865738, -9.45722389221]
        min: [-27.0937080383, -27.3811149597, -26.786195755, -27.2256088257, -27.2528572083, -27.251783371]
        var: [1.47972464561, 1.49954628944, 1.96872651577, 2.31517505646, 2.89044547081, 2.33456993103]

rhythm:
    beats_loudness:
        dmean: 0.00153675209731
        dmean2: 0.00278501305729
        dvar: 1.82022336048e-006
        dvar2: 5.74761861571e-006
        max: 0.0141292717308
        mean: 0.00515933474526
        median: 0.00548926740885
        min: 6.99416968786e-009
        var: 7.60527927923e-006
    bpm: 107.008010864
    bpm_confidence: 0
    first_peak_bpm: 108
    first_peak_spread: 0.348648607731
    first_peak_weight: 0.595061719418
    onset_rate: 2.60267853737
    second_peak_bpm: 157
    second_peak_spread: 0
    second_peak_weight: 0.027160493657
    beats_loudness_band_ratio:
        dmean: [0.155474632978, 0.129932135344, 0.119714677334, 0.0368082076311, 0.064513720572, 0.151108250022]
        dmean2: [0.291141331196, 0.233138814569, 0.227813884616, 0.0674482434988, 0.113468393683, 0.284180343151]
        dvar: [0.0210433918983, 0.0129795121029, 0.0233416240662, 0.00255323783495, 0.00386134395376, 0.0143291801214]
        dvar2: [0.0726313740015, 0.0401177257299, 0.0737188234925, 0.00774790765718, 0.0111428024247, 0.0500069521368]
        max: [0.958728909492, 0.895456850529, 0.726593613625, 0.308383673429, 0.554490864277, 0.624021708965]
        mean: [0.251792818308, 0.206823036075, 0.117145612836, 0.0417696796358, 0.141745731235, 0.294294416904]
        median: [0.178109169006, 0.160692960024, 0.0485514551401, 0.0257152356207, 0.138887062669, 0.326398938894]
        min: [0.0152295939624, 0.00367137952708, 0.00309105031192, 7.82593124313e-005, 0.000224162475206, 9.71274712356e-005]
        var: [0.0430015213788, 0.0257777199149, 0.0200797636062, 0.00218020542525, 0.00926834810525, 0.0284390170127]
    beats_position: [0.580498874187, 1.14938771725, 1.71827661991, 2.27555561066, 2.83283448219, 3.39011335373, 3.94739222527, 4.51628112793, 5.08516979218, 5.64244890213, 6.19972801208, 6.7570066452, 7.32589578629, 7.89478445053, 8.45206356049, 9.0093421936, 9.57823085785, 10.1471195221, 10.71600914, 11.2732877731, 11.8189563751, 12.3762359619, 12.933514595, 13.4907932281, 14.0596818924, 14.6169614792, 15.1858501434, 15.7431287766, 16.3004074097, 16.8576869965, 17.4149665833, 17.9722442627, 18.5295238495, 19.0868015289, 19.6440811157, 20.2013607025, 20.7702484131, 21.339138031, 21.8964176178, 22.4536952972, 23.010974884, 23.5798625946, 24.1487522125, 24.7060317993, 25.2633094788, 25.8205890656, 26.3778686523, 26.9351463318, 27.5040359497, 28.0729255676, 28.6302032471, 29.1874828339, 29.7447605133, 30.3020401001, 30.870929718, 31.4282073975, 31.9738769531, 32.542766571, 33.1000442505, 33.6689338684, 34.2262115479, 34.783493042, 35.3407707214, 35.8980484009, 36.455329895, 37.0242156982, 37.5931053162, 38.1503829956, 38.7076644897, 39.2649421692, 39.8222198486, 40.3911094666, 40.9599990845, 41.5288887024, 42.0861663818, 42.6550559998, 43.2123336792, 43.7696151733, 44.3268928528, 44.8841705322, 45.4414520264, 45.9987297058, 46.5560073853, 47.1132888794, 47.6821746826, 48.2510643005, 48.80834198, 49.3656234741, 49.9229011536, 50.480178833, 51.0374603271, 51.5947380066, 52.152015686, 52.7325172424, 53.2897949219, 53.8470726013, 54.4043540955, 54.9616317749, 55.5305213928, 56.0994110107, 56.6566886902, 57.2139663696, 57.7828559875, 58.3517456055, 58.9090232849, 59.4663009644, 60.0235824585, 60.5808601379, 61.1381378174, 61.6954193115, 62.2643089294, 62.8331947327, 63.3904762268, 63.9477539063, 64.5166397095, 65.0855331421, 65.6428070068, 66.200088501, 66.7573699951, 67.3146438599, 67.871925354, 68.4292068481, 68.9980926514, 69.5553741455, 70.1126480103, 70.6699295044, 71.238822937, 71.8077087402, 72.3765945435, 72.9338760376, 73.4911575317, 74.0484313965, 74.6173248291, 75.1862106323, 75.7202682495, 76.2775497437, 76.8464355469, 77.4153289795, 77.9726028442, 78.5298843384, 79.0871658325, 79.6444396973, 80.2017211914, 80.7590026855, 81.3162765503, 81.8967819214, 82.4540557861, 83.0113372803, 83.5686187744, 84.1375045776, 84.6947860718, 85.2404556274, 85.7977294922, 86.3666229248, 86.935508728, 87.4927902222, 88.0500640869, 88.6073455811, 89.1646270752, 89.7335128784, 90.2907943726, 90.8596801758, 91.4169616699, 91.9858474731, 92.5547409058, 93.1120147705, 93.6692962646, 94.2265777588, 94.7838516235, 95.3411331177, 95.8984146118, 96.4556884766, 97.0245819092, 97.5934677124, 98.1507492065, 98.7080230713, 99.2653045654, 99.8225860596, 100.391471863, 100.960357666, 101.51763916, 102.074920654, 102.632194519, 103.189476013, 103.746757507, 104.304031372, 104.861312866, 105.41859436, 105.987480164, 106.556373596, 107.113647461, 107.670928955, 108.22820282, 108.797096252, 109.354377747, 109.92326355, 110.480545044, 111.049430847, 111.61831665, 112.175598145, 112.732879639, 113.290153503, 113.847434998, 114.404716492, 114.961990356, 115.519271851, 116.088157654, 116.657051086, 117.214332581, 117.771606445, 118.340499878, 118.909385681, 119.466667175, 120.02394104, 120.581222534, 121.138504028, 121.707389832, 122.276275635, 122.833557129, 123.390838623, 123.948112488, 124.505393982, 125.062675476, 125.619949341, 126.177230835, 126.746116638, 127.303398132, 127.872291565, 128.42956543, 128.986846924, 129.544128418, 130.101409912, 130.670288086, 131.239181519, 131.796463013, 132.365356445, 132.922622681, 133.491516113, 134.048797607, 134.606079102, 135.174957275, 135.743850708, 136.301132202, 136.846801758, 137.392471313, 137.949752808, 138.518630981, 139.087524414, 139.644805908, 140.202087402, 140.770965576, 141.316635132, 141.873916626, 142.442810059, 143.011703491, 143.568969727, 144.114639282, 144.660308838, 145.229202271, 145.798095703, 146.366973877, 146.93586731, 147.504760742, 148.073654175, 148.63092041, 149.188201904, 149.745483398, 150.302764893, 150.860046387, 151.417327881, 151.974594116, 152.53187561, 153.100769043, 153.669662476, 154.226928711, 154.784210205, 155.341491699, 155.898773193, 156.456054688, 157.013336182, 157.582214355, 158.151107788, 158.708389282, 159.265670776, 159.822952271, 160.380218506, 160.9375, 161.494781494, 162.063674927, 162.632553101, 163.201446533, 163.758728027, 164.32762146, 164.884887695, 165.442169189, 165.999450684, 166.568344116, 167.137237549, 167.694503784, 168.251785278, 168.809066772, 169.366348267, 169.935241699, 170.492507935, 171.061401367, 171.618682861, 172.175964355, 172.73324585, 173.290512085, 173.847793579, 174.416687012, 174.985580444, 175.54284668, 176.100128174, 176.657409668, 177.214691162, 177.771972656, 178.32925415, 178.886520386, 179.44380188, 180.001083374, 180.569976807, 181.127258301, 181.696136475, 182.253417969, 182.822311401, 183.391204834, 183.948471069, 184.505752563, 185.063034058, 185.620315552, 186.189208984, 186.74647522, 187.315368652, 187.872650146, 188.441543579, 188.998809814, 189.567703247, 190.124984741, 190.682266235, 191.227935791, 191.785217285, 192.354095459, 192.911376953, 193.468658447, 194.03755188, 194.594833374, 195.163711548, 195.720993042, 196.278274536, 196.83555603, 197.392837524, 197.961715698, 198.530609131, 199.087890625, 199.645172119, 200.202438354, 200.759719849, 201.328613281, 201.885894775, 202.44317627, 203.012054443, 203.569335938, 204.126617432, 204.683898926, 205.24118042, 205.810058594, 206.378952026, 206.947845459, 207.516723633, 208.074005127, 208.631286621, 209.188568115, 209.699401855, 210.221862793, 210.744308472, 211.243530273, 211.742767334, 212.241989136, 212.741226196, 213.240447998, 213.739685059, 214.215682983, 214.691696167, 215.167709351, 215.550842285, 215.933959961, 216.317092896, 216.70022583, 217.094955444, 217.478088379, 217.872833252, 218.267562866, 218.662307739, 219.045440674, 219.440170288, 219.823303223, 220.206436157, 220.589569092, 220.972686768, 221.367431641, 221.762176514, 222.145309448, 222.540039063, 222.934783936, 223.32951355]
