
metadata:
    version:
        essentia: "2.1-beta2"
    audio_properties:
        analysis_sample_rate: 44100
        bitrate: 320
        channels: 2
        equal_loudness: 1
        length: 263.20980835
        replay_gain: -14.4680805206
        downmix: "mix"
    tags:
        album: "Greatest Hits - Hymns To The Rising Sun"
        artist: "Amon Amarth"
        comment: ""
        date: "2010"
        genre: "Melodic Death Metal"
        title: "Guardians Of Asgaard"
        tracknumber: "02"

configuration:
    average_loudness:
        compute: 1
        frameSize: 88200
        hopSize: 44100
        silentFrames: "noise"
        windowType: "hann"
    general:
        analysisSampleRate: 44100
        endTime: 2000
        equalLoudness: 1
        nequalLoudness: 0
        shortSound: 0
        startTime: 0
    lowlevel:
        compute: 1
        frameSize: 2048
        hopSize: 1024
        zeroPadding: 0
        silentFrames: "noise"
        windowType: "blackmanharris62"
        mfccStats: ["mean", "cov", "icov"]
        stats: ["mean", "var", "median", "min", "max", "dmean", "dmean2", "dvar", "dvar2"]
    panning:
        compute: 0
        frameSize: 8192
        hopSize: 2048
        zeroPadding: 8192
        silentFrames: "noise"
        windowType: "hann"
        stats: ["copy"]
    rhythm:
        compute: 1
        maxTempo: 208
        minTempo: 40
        method: "degara"
        stats: ["mean", "var", "median", "min", "max", "dmean", "dmean2", "dvar", "dvar2"]
    segmentation:
        compute: 0
        cpw: 5
        inc1: 300
        inc2: 50
        minimumSegmentsLength: 10
        size1: 1000
        size2: 600
    sfx:
        compute: 1
        stats: ["mean", "var", "median", "min", "max", "dmean", "dmean2", "dvar", "dvar2"]
    svm:
        compute: 0
    tonal:
        compute: 1
        frameSize: 4096
        hopSize: 2048
        zeroPadding: 0
        silentFrames: "noise"
        windowType: "blackmanharris62"
        stats: ["mean", "var", "median", "min", "max", "dmean", "dmean2", "dvar", "dvar2"]

lowlevel:
    average_loudness: 0.93594121933
    barkbands_kurtosis:
        dmean: 1.28958439827
        dmean2: 2.13871121407
        dvar: 59.4741325378
        dvar2: 162.940933228
        max: 210.073776245
        mean: 0.803936719894
        median: -1.27555811405
        min: -1.84903645515
        var: 204.066268921
    barkbands_skewness:
        dmean: 0.364595472813
        dmean2: 0.589254677296
        dvar: 0.196414917707
        dvar2: 0.505134224892
        max: 12.3049345016
        mean: 0.384341418743
        median: 0.161645650864
        min: -2.29408764839
        var: 1.70543599129
    barkbands_spread:
        dmean: 4.94325780869
        dmean2: 8.10197162628
        dvar: 21.4361476898
        dvar2: 54.5610771179
        max: 68.8763809204
        mean: 35.3333129883
        median: 35.9317245483
        min: 0.808432579041
        var: 81.2491607666
    dissonance:
        dmean: 0.0104296756908
        dmean2: 0.0180336963385
        dvar: 8.83298635017e-005
        dvar2: 0.000252945435932
        max: 0.500000119209
        mean: 0.483109623194
        median: 0.485421091318
        min: 0.400598287582
        var: 0.000128265310195
    hfc:
        dmean: 1.80990493298
        dmean2: 3.00196051598
        dvar: 4.89557933807
        dvar2: 12.8606739044
        max: 30.2254905701
        mean: 8.19014358521
        median: 8.20088195801
        min: 1.09390473637e-016
        var: 17.2367973328
    pitch:
        dmean: 810.126586914
        dmean2: 1561.04541016
        dvar: 1630512.25
        dvar2: 4135504.5
        max: 4596.82421875
        mean: 974.995056152
        median: 307.390869141
        min: 54.1276702881
        var: 1735160.125
    pitch_instantaneous_confidence:
        dmean: 0.0638003945351
        dmean2: 0.106680050492
        dvar: 0.00307969376445
        dvar2: 0.00817896984518
        max: 0.832762002945
        mean: 0.278122097254
        median: 0.245270371437
        min: 0.0951656103134
        var: 0.0129318647087
    pitch_salience:
        dmean: 0.0558664426208
        dmean2: 0.0946309715509
        dvar: 0.00276174303144
        dvar2: 0.00790253840387
        max: 0.905721604824
        mean: 0.683305382729
        median: 0.708723723888
        min: 0.07621897012
        var: 0.0103835202754
    silence_rate_20dB:
        dmean: 0
        dmean2: 0
        dvar: 0
        dvar2: 0
        max: 1
        mean: 1
        median: 1
        min: 1
        var: 0
    silence_rate_30dB:
        dmean: 0
        dmean2: 0
        dvar: 0
        dvar2: 0
        max: 1
        mean: 1
        median: 1
        min: 1
        var: 0
    silence_rate_60dB:
        dmean: 0.0561044476926
        dmean2: 0.112218789756
        dvar: 0.0529676228762
        dvar2: 0.113904193044
        max: 1
        mean: 0.18320544064
        median: 0
        min: 0
        var: 0.14964401722
    spectral_centroid:
        dmean: 239.207550049
        dmean2: 393.749084473
        dvar: 60589.765625
        dvar2: 140607.3125
        max: 11779.9423828
        mean: 1555.5534668
        median: 1562.12487793
        min: 104.168083191
        var: 624636.4375
    spectral_complexity:
        dmean: 3.92148900032
        dmean2: 6.30013227463
        dvar: 13.688369751
        dvar2: 31.7022666931
        max: 47
        mean: 18.984210968
        median: 19
        min: 0
        var: 90.6997146606
    spectral_crest:
        dmean: 1.6943769455
        dmean2: 2.86917638779
        dvar: 2.64850902557
        dvar2: 6.9720492363
        max: 23.5640106201
        mean: 5.74178218842
        median: 4.87195634842
        min: 2.16860151291
        var: 8.59506893158
    spectral_decrease:
        dmean: 2.95597463174e-010
        dmean2: 4.99415675481e-010
        dvar: 2.1799781527e-019
        dvar2: 5.95097565812e-019
        max: 1.45038305401e-028
        mean: -1.2100821456e-009
        median: -1.1756635665e-009
        min: -5.25411048002e-009
        var: 3.69532288708e-019
    spectral_energy:
        dmean: 0.00123687286396
        dmean2: 0.00207965169102
        dvar: 3.65642995348e-006
        dvar2: 9.94545462163e-006
        max: 0.021884534508
        mean: 0.00530999386683
        median: 0.00518209580332
        min: 1.01021839533e-020
        var: 6.80346784065e-006
    spectral_energyband_high:
        dmean: 0.000169539693161
        dmean2: 0.000293257529847
        dvar: 4.98264967064e-008
        dvar2: 1.3724894643e-007
        max: 0.00242392462678
        mean: 0.000432703905972
        median: 0.000392623740481
        min: 7.07601961486e-021
        var: 8.22023977776e-008
    spectral_energyband_low:
        dmean: 0.000371626840206
        dmean2: 0.000633775547612
        dvar: 1.59157352186e-007
        dvar2: 4.38138954451e-007
        max: 0.00472154375166
        mean: 0.000655137351714
        median: 0.000520617060829
        min: 1.00925002502e-023
        var: 2.47230417472e-007
    spectral_energyband_middle_high:
        dmean: 0.000490896869451
        dmean2: 0.000788794306573
        dvar: 2.43932817057e-007
        dvar2: 6.09787775829e-007
        max: 0.00747652631253
        mean: 0.00228098733351
        median: 0.0022668777965
        min: 1.25099627272e-021
        var: 1.48529511534e-006
    spectral_energyband_middle_low:
        dmean: 0.000880141102243
        dmean2: 0.00150713417679
        dvar: 2.38678899223e-006
        dvar2: 6.63090941089e-006
        max: 0.0157594438642
        mean: 0.00215408811346
        median: 0.00188378570601
        min: 1.74399084385e-022
        var: 2.69513679996e-006
    spectral_flatness_db:
        dmean: 0.0120823243633
        dmean2: 0.0198107454926
        dvar: 0.000150848849444
        dvar2: 0.000384392013075
        max: 0.429326891899
        mean: 0.131918668747
        median: 0.1247638762
        min: 0.0445679277182
        var: 0.0012432851363
    spectral_flux:
        dmean: 0.00700007192791
        dmean2: 0.0108276996762
        dvar: 8.01023779786e-005
        dvar2: 0.000156664886163
        max: 0.118823006749
        mean: 0.0434403158724
        median: 0.0432626157999
        min: 6.41236092003e-011
        var: 0.000241017783992
    spectral_kurtosis:
        dmean: 1.0232821703
        dmean2: 1.77643942833
        dvar: 1.36505079269
        dvar2: 4.09168434143
        max: 30.7689571381
        mean: 3.19969844818
        median: 2.90517234802
        min: -1.26054370403
        var: 3.75768947601
    spectral_rms:
        dmean: 0.000247344229138
        dmean2: 0.000407614163123
        dvar: 1.02630529852e-007
        dvar2: 2.67092332251e-007
        max: 0.00462068896741
        mean: 0.00219108955935
        median: 0.0022484890651
        min: 3.1393930424e-012
        var: 3.79638606773e-007
    spectral_rolloff:
        dmean: 380.135223389
        dmean2: 635.294494629
        dvar: 244566.78125
        dvar2: 575890.4375
        max: 19336.8164063
        mean: 3204.33740234
        median: 3359.1796875
        min: 107.666015625
        var: 1855204.25
    spectral_skewness:
        dmean: 0.161838188767
        dmean2: 0.274165838957
        dvar: 0.0277984905988
        dvar2: 0.0750071257353
        max: 3.97459983826
        mean: 1.25595021248
        median: 1.23298716545
        min: -0.0792188346386
        var: 0.123074613512
    spectral_spread:
        dmean: 378570.46875
        dmean2: 596123.3125
        dvar: 324310532096
        dvar2: 664166662144
        max: 43759576
        mean: 4569046
        median: 4335219
        min: 1662377.5
        var: 7.02307683533e+012
    spectral_strongpeak:
        dmean: 0.256756007671
        dmean2: 0.448201775551
        dvar: 0.197374492884
        dvar2: 0.518259763718
        max: 7.02984666824
        mean: 0.365188121796
        median: 0.191010847688
        min: 2.40115444888e-011
        var: 0.328485101461
    zerocrossingrate:
        dmean: 0.00712521933019
        dmean2: 0.00882753077894
        dvar: 5.39092725376e-005
        dvar2: 6.72622700222e-005
        max: 0.52294921875
        mean: 0.0921871289611
        median: 0.09375
        min: 0.0048828125
        var: 0.00124336499721
    barkbands:
        dmean: [3.69418359014e-007, 0.000112081652333, 0.000229539407883, 0.000298709404888, 0.000427292485256, 0.000206903743674, 0.00018914679822, 0.000138579824124, 0.000183727810509, 0.000118661038869, 9.59849203355e-005, 7.9424258729e-005, 5.38270942343e-005, 6.08073205512e-005, 6.09226444794e-005, 0.00011043754057, 0.000143687706441, 0.000125183985801, 0.000162714350154, 0.000123023957713, 8.63103196025e-005, 3.6601388274e-005, 6.46974876872e-006, 1.49089282786e-006, 5.53439122086e-007, 1.72799339282e-008, 3.27974508663e-010]
        dmean2: [5.61086210382e-007, 0.000194296066184, 0.00039140926674, 0.000523661379702, 0.000746680947486, 0.000350102374796, 0.000317719532177, 0.000232056248933, 0.000305127527099, 0.000197106564883, 0.000160391136887, 0.00013249280164, 9.01035964489e-005, 0.000101100216853, 0.000101229583379, 0.000183240437764, 0.000242863825406, 0.000211229737033, 0.000274025660474, 0.000206607059226, 0.000149796906044, 6.52277594781e-005, 1.13637042887e-005, 2.51392930295e-006, 8.96736139566e-007, 2.75972578123e-008, 5.61849899938e-010]
        dvar: [2.20837291596e-013, 1.98583922639e-008, 6.55254837056e-008, 3.49737007355e-007, 7.70648171056e-007, 1.01977285283e-007, 7.88817899888e-008, 5.6456084252e-008, 8.87708324626e-008, 4.05479845256e-008, 3.04188425559e-008, 1.58796922278e-008, 6.27954044319e-009, 8.06748712279e-009, 7.09404268662e-009, 1.4373918944e-008, 2.31197230249e-008, 1.66371343369e-008, 2.98147213584e-008, 2.03171151014e-008, 1.21447891743e-008, 3.36718697369e-009, 1.1518572901e-010, 7.02241476774e-012, 9.42139378665e-013, 1.11633701432e-015, 1.96477238219e-019]
        dvar2: [4.7554007173e-013, 5.70544713696e-008, 1.77443610028e-007, 1.00274610304e-006, 2.17474075725e-006, 2.82980977317e-007, 2.11969222619e-007, 1.52232871642e-007, 2.45672282517e-007, 1.10553514787e-007, 8.49503649647e-008, 4.35722569136e-008, 1.65735905e-008, 2.13630162449e-008, 1.83955304323e-008, 3.79114410975e-008, 6.24104288249e-008, 4.60977922501e-008, 8.02522208687e-008, 5.45696785537e-008, 3.3293733992e-008, 9.4325622868e-009, 3.09036102264e-010, 1.64387236462e-011, 2.07284406653e-012, 2.57478237746e-015, 5.13996435859e-019]
        max: [4.54987639387e-006, 0.00128211907577, 0.00293924589641, 0.00650039687753, 0.00839326530695, 0.0054361843504, 0.00480696978047, 0.00486472109333, 0.00420356262475, 0.0034264405258, 0.00312974606641, 0.00230660266243, 0.00156685477123, 0.00216301996261, 0.00181023892947, 0.00192851398606, 0.00243402202614, 0.00158943235874, 0.00275851693004, 0.00212790002115, 0.00158766272943, 0.000993884401396, 0.000172519081389, 0.000102551319287, 2.98510567518e-005, 1.22241124245e-006, 1.54354449222e-008]
        mean: [5.42443046925e-007, 0.000151058862684, 0.000325969129335, 0.000364031759091, 0.000566054077353, 0.000332160678227, 0.00029155323864, 0.000211281323573, 0.000334000826115, 0.000210322614294, 0.000157636619406, 0.000139624404255, 9.91671113297e-005, 0.000118072530313, 0.000123999532661, 0.000236998850596, 0.000337041943567, 0.000303839420667, 0.000413705711253, 0.000321856728988, 0.000194903448573, 6.1909420765e-005, 9.91271645034e-006, 3.08612015942e-006, 1.24114023947e-006, 3.54405571557e-008, 5.4915877401e-010]
        median: [3.22641596995e-007, 0.000116931623779, 0.000232743273955, 0.000198369089048, 0.000358584802598, 0.000209908292163, 0.000170899074874, 9.31382019189e-005, 0.000145697340486, 9.21010796446e-005, 6.17392433924e-005, 7.51836487325e-005, 6.98917356203e-005, 8.7001331849e-005, 9.41343168961e-005, 0.000203336545383, 0.000291962438496, 0.000280890060822, 0.000372978916857, 0.000288351642666, 0.000172198619111, 4.82789691887e-005, 6.60688874632e-006, 2.08269284485e-006, 8.51294544191e-007, 2.11496171687e-008, 3.48051976129e-010]
        min: [1.74094908791e-025, 1.62344182193e-024, 3.19061892865e-024, 5.48746239598e-025, 4.36078403545e-024, 1.42584668021e-023, 1.2058455222e-023, 9.24697152188e-024, 2.39642816361e-023, 2.05469582828e-023, 1.72329883298e-023, 2.13744291961e-023, 3.38269425284e-023, 3.95928373252e-023, 5.45272080395e-023, 5.93082604832e-023, 7.98801562369e-023, 7.9994042508e-023, 1.37780817497e-022, 1.73152621046e-022, 2.41412717309e-022, 2.99135121248e-022, 4.53466126941e-022, 6.06091703709e-022, 8.34403145322e-022, 1.32992759968e-021, 1.89805376305e-021]
        var: [3.8151670408e-013, 1.86286293058e-008, 9.97123450475e-008, 3.01474329945e-007, 6.19973093308e-007, 1.5389016994e-007, 1.24407392832e-007, 9.26192029738e-008, 2.03548097488e-007, 9.58677688345e-008, 5.89821311792e-008, 3.02499607585e-008, 1.19683383204e-008, 1.46873464502e-008, 1.47761616276e-008, 3.17840509467e-008, 6.49271854058e-008, 3.73437778478e-008, 7.837470406e-008, 4.91655534063e-008, 1.89982429788e-008, 3.20050541625e-009, 1.31398100733e-010, 1.50955047074e-011, 2.22468029241e-012, 2.35282967561e-015, 4.26685402554e-019]
    frequency_bands:
        dmean: [3.69418359014e-007, 0.000112081652333, 0.000229539407883, 0.000298709404888, 0.000427292485256, 0.000206903743674, 0.00018914679822, 0.000138579824124, 0.000183727810509, 0.000118661038869, 9.59849203355e-005, 7.9424258729e-005, 5.38270942343e-005, 6.08073205512e-005, 6.09226444794e-005, 0.00011043754057, 0.000143687706441, 0.000125183985801, 0.000162714350154, 0.000123023957713, 8.63103196025e-005, 3.6601388274e-005, 6.46974876872e-006, 1.49089282786e-006, 5.53439122086e-007, 1.72799339282e-008, 3.27974508663e-010, 6.29078664161e-011]
        dmean2: [5.61086210382e-007, 0.000194296066184, 0.00039140926674, 0.000523661379702, 0.000746680947486, 0.000350102374796, 0.000317719532177, 0.000232056248933, 0.000305127527099, 0.000197106564883, 0.000160391136887, 0.00013249280164, 9.01035964489e-005, 0.000101100216853, 0.000101229583379, 0.000183240437764, 0.000242863825406, 0.000211229737033, 0.000274025660474, 0.000206607059226, 0.000149796906044, 6.52277594781e-005, 1.13637042887e-005, 2.51392930295e-006, 8.96736139566e-007, 2.75972578123e-008, 5.61849899938e-010, 1.16950518714e-010]
        dvar: [2.20837291596e-013, 1.98583922639e-008, 6.55254837056e-008, 3.49737007355e-007, 7.70648171056e-007, 1.01977285283e-007, 7.88817899888e-008, 5.6456084252e-008, 8.87708324626e-008, 4.05479845256e-008, 3.04188425559e-008, 1.58796922278e-008, 6.27954044319e-009, 8.06748712279e-009, 7.09404268662e-009, 1.4373918944e-008, 2.31197230249e-008, 1.66371343369e-008, 2.98147213584e-008, 2.03171151014e-008, 1.21447891743e-008, 3.36718697369e-009, 1.1518572901e-010, 7.02241476774e-012, 9.42139378665e-013, 1.11633701432e-015, 1.96477238219e-019, 7.24879292634e-021]
        dvar2: [4.7554007173e-013, 5.70544713696e-008, 1.77443610028e-007, 1.00274610304e-006, 2.17474075725e-006, 2.82980977317e-007, 2.11969222619e-007, 1.52232871642e-007, 2.45672282517e-007, 1.10553514787e-007, 8.49503649647e-008, 4.35722569136e-008, 1.65735905e-008, 2.13630162449e-008, 1.83955304323e-008, 3.79114410975e-008, 6.24104288249e-008, 4.60977922501e-008, 8.02522208687e-008, 5.45696785537e-008, 3.3293733992e-008, 9.4325622868e-009, 3.09036102264e-010, 1.64387236462e-011, 2.07284406653e-012, 2.57478237746e-015, 5.13996435859e-019, 2.29078251774e-020]
        max: [4.54987639387e-006, 0.00128211907577, 0.00293924589641, 0.00650039687753, 0.00839326530695, 0.0054361843504, 0.00480696978047, 0.00486472109333, 0.00420356262475, 0.0034264405258, 0.00312974606641, 0.00230660266243, 0.00156685477123, 0.00216301996261, 0.00181023892947, 0.00192851398606, 0.00243402202614, 0.00158943235874, 0.00275851693004, 0.00212790002115, 0.00158766272943, 0.000993884401396, 0.000172519081389, 0.000102551319287, 2.98510567518e-005, 1.22241124245e-006, 1.54354449222e-008, 1.07418907103e-009]
        mean: [5.42443046925e-007, 0.000151058862684, 0.000325969129335, 0.000364031759091, 0.000566054077353, 0.000332160678227, 0.00029155323864, 0.000211281323573, 0.000334000826115, 0.000210322614294, 0.000157636619406, 0.000139624404255, 9.91671113297e-005, 0.000118072530313, 0.000123999532661, 0.000236998850596, 0.000337041943567, 0.000303839420667, 0.000413705711253, 0.000321856728988, 0.000194903448573, 6.1909420765e-005, 9.91271645034e-006, 3.08612015942e-006, 1.24114023947e-006, 3.54405571557e-008, 5.4915877401e-010, 4.91358724541e-011]
        median: [3.22641596995e-007, 0.000116931623779, 0.000232743273955, 0.000198369089048, 0.000358584802598, 0.000209908292163, 0.000170899074874, 9.31382019189e-005, 0.000145697340486, 9.21010796446e-005, 6.17392433924e-005, 7.51836487325e-005, 6.98917356203e-005, 8.7001331849e-005, 9.41343168961e-005, 0.000203336545383, 0.000291962438496, 0.000280890060822, 0.000372978916857, 0.000288351642666, 0.000172198619111, 4.82789691887e-005, 6.60688874632e-006, 2.08269284485e-006, 8.51294544191e-007, 2.11496171687e-008, 3.48051976129e-010, 1.93342477445e-011]
        min: [1.74094908791e-025, 1.62344182193e-024, 3.19061892865e-024, 5.48746239598e-025, 4.36078403545e-024, 1.42584668021e-023, 1.2058455222e-023, 9.24697152188e-024, 2.39642816361e-023, 2.05469582828e-023, 1.72329883298e-023, 2.13744291961e-023, 3.38269425284e-023, 3.95928373252e-023, 5.45272080395e-023, 5.93082604832e-023, 7.98801562369e-023, 7.9994042508e-023, 1.37780817497e-022, 1.73152621046e-022, 2.41412717309e-022, 2.99135121248e-022, 4.53466126941e-022, 6.06091703709e-022, 8.34403145322e-022, 1.32992759968e-021, 1.89805376305e-021, 5.3822861274e-022]
        var: [3.8151670408e-013, 1.86286293058e-008, 9.97123450475e-008, 3.01474329945e-007, 6.19973093308e-007, 1.5389016994e-007, 1.24407392832e-007, 9.26192029738e-008, 2.03548097488e-007, 9.58677688345e-008, 5.89821311792e-008, 3.02499607585e-008, 1.19683383204e-008, 1.46873464502e-008, 1.47761616276e-008, 3.17840509467e-008, 6.49271854058e-008, 3.73437778478e-008, 7.837470406e-008, 4.91655534063e-008, 1.89982429788e-008, 3.20050541625e-009, 1.31398100733e-010, 1.50955047074e-011, 2.22468029241e-012, 2.35282967561e-015, 4.26685402554e-019, 5.98005417473e-021]
    mfcc:
        mean: [-691.14050293, 111.636787415, -46.9857940674, 58.2744598389, -15.8620195389, 0.0373415388167, -1.54428887367, -1.69777655602, 3.03455018997, -5.79845523834, -3.02194285393, -2.77823591232, -3.7223367691]
        cov: [[6225.81005859, 781.491821289, -713.471679688, 342.766937256, -469.709503174, -154.47328186, -165.488632202, -66.168800354, -79.4013137817, -106.585884094, -110.713607788, -50.1161308289, -50.8445167542], [781.491821289, 619.910644531, -285.928741455, 195.971664429, -104.35521698, -30.9105205536, -12.6221246719, -31.4101428986, 41.0991630554, -49.6333808899, 5.27628946304, -12.8717908859, -8.33149147034], [-713.471679688, -285.928741455, 409.41796875, -127.416732788, 103.132278442, 39.6836967468, 4.22853708267, 63.1494407654, -19.2119522095, 34.8296775818, -19.3608455658, 3.03261804581, 2.22381567955], [342.766937256, 195.971664429, -127.416732788, 222.260650635, 25.4204692841, 25.0165119171, -5.33582878113, -55.9860458374, -3.10574173927, -29.3464317322, 11.6108617783, -12.4265327454, -8.77542686462], [-469.709503174, -104.35521698, 103.132278442, 25.4204692841, 167.119125366, 55.7746162415, 13.8759469986, -38.970703125, -27.83177948, 12.5745840073, 9.02387619019, 1.58703005314, -2.52035927773], [-154.47328186, -30.9105205536, 39.6836967468, 25.0165119171, 55.7746162415, 72.0268478394, 15.0707187653, -4.29481887817, -11.9921865463, 0.257500678301, 6.26601171494, 1.00508916378, 2.04710578918], [-165.488632202, -12.6221246719, 4.22853708267, -5.33582878113, 13.8759469986, 15.0707187653, 68.4492263794, 30.2467746735, 19.4225025177, 2.77617621422, 2.70742797852, -0.50569832325, -1.06667494774], [-66.168800354, -31.4101428986, 63.1494407654, -55.9860458374, -38.970703125, -4.29481887817, 30.2467746735, 99.628364563, 40.1658096313, 17.5869960785, -7.76607894897, 3.1742708683, 3.98331046104], [-79.4013137817, 41.0991630554, -19.2119522095, -3.10574173927, -27.83177948, -11.9921865463, 19.4225025177, 40.1658096313, 69.0871505737, 19.1331520081, 10.9228725433, -1.85526669025, -1.48509669304], [-106.585884094, -49.6333808899, 34.8296775818, -29.3464317322, 12.5745840073, 0.257500678301, 2.77617621422, 17.5869960785, 19.1331520081, 49.834438324, 17.1857128143, 7.45655250549, -0.912382721901], [-110.713607788, 5.27628946304, -19.3608455658, 11.6108617783, 9.02387619019, 6.26601171494, 2.70742797852, -7.76607894897, 10.9228725433, 17.1857128143, 47.5375518799, 19.5722808838, 10.9721059799], [-50.1161308289, -12.8717908859, 3.03261804581, -12.4265327454, 1.58703005314, 1.00508916378, -0.50569832325, 3.1742708683, -1.85526669025, 7.45655250549, 19.5722808838, 44.1301460266, 22.8291568756], [-50.8445167542, -8.33149147034, 2.22381567955, -8.77542686462, -2.52035927773, 2.04710578918, -1.06667494774, 3.98331046104, -1.48509669304, -0.912382721901, 10.9721059799, 22.8291568756, 43.4684562683]]
        icov: [[0.000317499390803, -9.2953137937e-005, 0.000324914610246, -0.000498474633787, 0.000748781487346, 2.94868714263e-005, 0.000416527298512, -0.000337141158525, 0.000921962666325, -0.000634111522231, 0.000809481774922, -0.00015088240616, 0.000212552055018], [-9.2953137937e-005, 0.00331707065925, 0.00100148527417, -0.00217272946611, 0.000890097115189, 0.000277559855022, 0.000485615048092, -0.000143559896969, -0.00204033683985, 0.00175804912578, 2.22302114707e-005, -0.000365336571122, 0.000254243641393], [0.000324914610246, 0.00100148527417, 0.00612054159865, 0.00106132240035, -0.00340948998928, -0.000829525815789, 0.00340624945238, -0.00581058813259, 0.00236648484133, -0.000900166167412, 0.00207554618828, 0.000310960109346, 0.000305311317788], [-0.000498474633787, -0.00217272946611, 0.00106132240035, 0.00989746022969, -0.00399244530126, -0.00308084697463, 0.000378979340894, 0.00205059768632, -0.00249393400736, 0.00389921246096, -0.00319277099334, 0.0020192025695, 0.000421375560109], [0.000748781487346, 0.000890097115189, -0.00340948998928, -0.00399244530126, 0.0163519866765, -0.0057900515385, -0.00443337066099, 0.00849880091846, 0.00230255350471, -0.00585925392807, 0.00248305220157, -0.00130786153022, 0.000763864954934], [2.94868714263e-005, 0.000277559855022, -0.000829525815789, -0.00308084697463, -0.0057900515385, 0.0214914921671, -0.00311206723563, -0.0036015745718, 0.0040512336418, 0.00127081910614, -0.00334114488214, 0.00134869711474, -0.00128588231746], [0.000416527298512, 0.000485615048092, 0.00340624945238, 0.000378979340894, -0.00443337066099, -0.00311206723563, 0.022106135264, -0.00990155618638, -0.00252150720917, 0.00383741944097, -0.000779456691816, 0.000320059421938, 0.00184490217362], [-0.000337141158525, -0.000143559896969, -0.00581058813259, 0.00205059768632, 0.00849880091846, -0.0036015745718, -0.00990155618638, 0.026917533949, -0.0119511801749, -0.00373878446408, 0.00608849618584, -0.00320753571577, -0.00209690560587], [0.000921962666325, -0.00204033683985, 0.00236648484133, -0.00249393400736, 0.00230255350471, 0.0040512336418, -0.00252150720917, -0.0119511801749, 0.0302406139672, -0.0103400023654, -0.00414953986183, 0.00494306860492, 0.000306305446429], [-0.000634111522231, 0.00175804912578, -0.000900166167412, 0.00389921246096, -0.00585925392807, 0.00127081910614, 0.00383741944097, -0.00373878446408, -0.0103400023654, 0.0349726937711, -0.0137228993699, -0.00142837234307, 0.00506050791591], [0.000809481774922, 2.22302114707e-005, 0.00207554618828, -0.00319277099334, 0.00248305220157, -0.00334114488214, -0.000779456691816, 0.00608849618584, -0.00414953986183, -0.0137228993699, 0.0377679951489, -0.0137156713754, -0.00283508608118], [-0.00015088240616, -0.000365336571122, 0.000310960109346, 0.0020192025695, -0.00130786153022, 0.00134869711474, 0.000320059421938, -0.00320753571577, 0.00494306860492, -0.00142837234307, -0.0137156713754, 0.0380201153457, -0.016059147194], [0.000212552055018, 0.000254243641393, 0.000305311317788, 0.000421375560109, 0.000763864954934, -0.00128588231746, 0.00184490217362, -0.00209690560587, 0.000306305446429, 0.00506050791591, -0.00283508608118, -0.016059147194, 0.0329806469381]]
    sccoeffs:
        dmean: [0.0563995353878, 0.0482916980982, 0.0362594872713, 0.0258330255747, 0.0179950837046, 0.017489137128]
        dmean2: [0.0951239392161, 0.0817252099514, 0.0612846128643, 0.0440153628588, 0.0307587869465, 0.0281989872456]
        dvar: [0.00217271177098, 0.00147192482837, 0.00080181111116, 0.000403255660785, 0.000198481211555, 0.000245267321588]
        dvar2: [0.00614900188521, 0.00420321384445, 0.00225150189362, 0.00116259197239, 0.000570638803765, 0.000587819609791]
        max: [-0.367933273315, -0.528055071831, -0.598859250546, -0.649592220783, -0.696713209152, -0.584403932095]
        mean: [-0.674385547638, -0.764810025692, -0.799395084381, -0.815866589546, -0.812582433224, -0.723458528519]
        median: [-0.677915871143, -0.76941806078, -0.803589224815, -0.817195951939, -0.811969220638, -0.724576294422]
        min: [-0.978584468365, -0.9749609828, -0.97464799881, -0.974324464798, -0.967418909073, -0.963075220585]
        var: [0.00435177981853, 0.00382665055804, 0.00260534114204, 0.00124580576085, 0.000735784822609, 0.00225189793855]
    scvalleys:
        dmean: [0.360879838467, 0.337880373001, 0.284499496222, 0.225398808718, 0.196740195155, 0.258642882109]
        dmean2: [0.612109780312, 0.56196898222, 0.464834183455, 0.364023685455, 0.315669476986, 0.409772217274]
        dvar: [0.0931217595935, 0.0888264253736, 0.0666411146522, 0.0490032471716, 0.0583874061704, 0.121971875429]
        dvar2: [0.239491596818, 0.220054984093, 0.146818816662, 0.0992013216019, 0.115229569376, 0.275174021721]
        max: [-5.19609165192, -4.67217159271, -4.90342950821, -5.66358423233, -5.59098815918, -8.09847068787]
        mean: [-6.52996969223, -6.38067817688, -6.76851797104, -6.99741458893, -6.86328363419, -9.86142730713]
        median: [-6.2833147049, -6.11998510361, -6.57472705841, -6.69945859909, -6.52786779404, -9.49217033386]
        min: [-27.9718456268, -27.9586315155, -27.6764125824, -27.583032608, -27.4288043976, -27.3798751831]
        var: [3.09130811691, 3.5856525898, 3.55927562714, 3.38063669205, 3.43284296989, 3.03299283981]

rhythm:
    beats_loudness:
        dmean: 0.00198797183111
        dmean2: 0.0036153444089
        dvar: 2.04178195418e-006
        dvar2: 7.04735884938e-006
        max: 0.013003799133
        mean: 0.00638211332262
        median: 0.00637288438156
        min: 0
        var: 4.90868433189e-006
    bpm: 135.061096191
    bpm_confidence: 0
    first_peak_bpm: 136
    first_peak_spread: 0.279929548502
    first_peak_weight: 0.693220317364
    onset_rate: 2.33273983002
    second_peak_bpm: 129
    second_peak_spread: 0.333333343267
    second_peak_weight: 0.0101694911718
    beats_loudness_band_ratio:
        dmean: [0.157726109028, 0.0901389718056, 0.0881210491061, 0.0581740029156, 0.0764165222645, 0.0546087473631]
        dmean2: [0.304654181004, 0.163547858596, 0.158133223653, 0.105261787772, 0.13811250031, 0.0956724584103]
        dvar: [0.0116342622787, 0.00499018048868, 0.00652834866196, 0.00329908402637, 0.00328008527867, 0.00193762197159]
        dvar2: [0.0334563404322, 0.0150932446122, 0.0208317637444, 0.00999456923455, 0.010589081794, 0.0061456640251]
        max: [0.995313644409, 0.534235358238, 0.477538019419, 0.385670244694, 0.57126814127, 0.383522868156]
        mean: [0.245178535581, 0.14588932693, 0.14593949914, 0.108120255172, 0.217483773828, 0.186158925295]
        median: [0.227887392044, 0.134338542819, 0.123958557844, 0.0938531532884, 0.210098400712, 0.185140237212]
        min: [0, 0, 0, 0, 0, 0]
        var: [0.0241878516972, 0.00706324866042, 0.00837298668921, 0.00403357995674, 0.00548700382933, 0.0037721216213]
    beats_position: [0.406349211931, 0.824308395386, 1.24226760864, 1.67183673382, 2.11301589012, 2.55419492722, 2.99537420273, 3.43655323982, 3.88934230804, 4.34213161469, 4.78331041336, 5.22448968887, 5.66566896439, 6.10684776306, 6.54802703857, 6.98920631409, 7.4303855896, 7.87156438828, 8.31274318695, 8.75392246246, 9.2067117691, 9.65950107574, 10.1006803513, 10.5418596268, 10.9830379486, 11.4242172241, 11.8770065308, 12.3181858063, 12.7709751129, 13.2121543884, 13.6533327103, 14.1061220169, 14.5589113235, 15.0000905991, 15.4412698746, 15.8824491501, 16.3236274719, 16.7648067474, 17.2175960541, 17.6703853607, 18.1115646362, 18.5527439117, 18.9939231873, 19.4351024628, 19.8878898621, 20.3406791687, 20.7818584442, 21.2230377197, 21.6642169952, 22.1053962708, 22.5465755463, 22.9877548218, 23.4405441284, 23.8933334351, 24.3345127106, 24.7756919861, 25.2168693542, 25.6580486298, 26.0992279053, 26.5520172119, 27.0048065186, 27.4459857941, 27.8871650696, 28.3283443451, 28.7695236206, 29.2223129272, 29.6751022339, 30.1162815094, 30.5574588776, 30.9986381531, 31.4398174286, 31.8809967041, 32.3337860107, 32.7865753174, 33.2277526855, 33.6689338684, 34.1101112366, 34.5512924194, 34.9924697876, 35.4336509705, 35.8864402771, 36.3392295837, 36.7804069519, 37.2215881348, 37.6627655029, 38.1039466858, 38.5567321777, 39.0095214844, 39.4507026672, 39.8918800354, 40.3330612183, 40.7742385864, 41.2154197693, 41.6565971375, 42.1093864441, 42.5621757507, 43.0033569336, 43.4445343018, 43.8857116699, 44.3268928528, 44.7796821594, 45.2208595276, 45.6736488342, 46.1148300171, 46.5560073853, 46.9971885681, 47.4499778748, 47.8911552429, 48.3323364258, 48.7735137939, 49.2263031006, 49.6674804688, 50.1086616516, 50.5498390198, 51.0026283264, 51.4438095093, 51.8965988159, 52.3377761841, 52.7789573669, 53.2201347351, 53.661315918, 54.1024932861, 54.5552825928, 54.9964599609, 55.4492492676, 55.8904304504, 56.3316078186, 56.7727890015, 57.2139663696, 57.6551475525, 58.1079368591, 58.5607261658, 59.0019035339, 59.4430847168, 59.884262085, 60.3254394531, 60.7782287598, 61.2194099426, 61.6721992493, 62.1133766174, 62.5545578003, 62.9957351685, 63.4369163513, 63.8780937195, 64.3424911499, 64.7836685181, 65.2248535156, 65.6660308838, 66.107208252, 66.5483856201, 67.0011749268, 67.4423599243, 67.895149231, 68.3363265991, 68.7775039673, 69.2186813354, 69.6714706421, 70.1126480103, 70.5538330078, 70.9833984375, 71.4245758057, 71.8657608032, 72.3069381714, 72.7481155396, 73.2009048462, 73.6536941528, 74.1064834595, 74.5592727661, 75.0004501343, 75.4416275024, 75.8828125, 76.3239898682, 76.7651672363, 77.2063446045, 77.6475296021, 78.1003189087, 78.5531082153, 78.9942855835, 79.4354629517, 79.8766403198, 80.3294296265, 80.7822189331, 81.2233963013, 81.6645812988, 82.105758667, 82.5469360352, 82.9881134033, 83.4292984009, 83.8820877075, 84.3348770142, 84.7760543823, 85.2172317505, 85.6584091187, 86.0995864868, 86.5523757935, 87.0051651001, 87.4463500977, 87.8875274658, 88.328704834, 88.7698822021, 89.2110671997, 89.6522445679, 90.093421936, 90.5462112427, 90.9990005493, 91.4401779175, 91.8813552856, 92.3341445923, 92.7869338989, 93.2281188965, 93.6692962646, 94.1104736328, 94.551651001, 94.9928359985, 95.4456253052, 95.8984146118, 96.33959198, 96.7807693481, 97.2219467163, 97.6631240845, 98.104309082, 98.5454864502, 98.9982757568, 99.4510650635, 99.8922424316, 100.3334198, 100.774604797, 101.215782166, 101.656959534, 102.098136902, 102.550926208, 103.003715515, 103.444892883, 103.886077881, 104.327255249, 104.768432617, 105.221221924, 105.67401123, 106.115188599, 106.556373596, 106.997550964, 107.438728333, 107.891517639, 108.344306946, 108.785484314, 109.226661682, 109.66784668, 110.109024048, 110.550201416, 111.002990723, 111.455780029, 111.896957397, 112.338134766, 112.779319763, 113.220497131, 113.6616745, 114.102851868, 114.555641174, 115.008430481, 115.449615479, 115.890792847, 116.331970215, 116.773147583, 117.214332581, 117.667114258, 118.119903564, 118.561088562, 119.00226593, 119.443443298, 119.884620667, 120.325805664, 120.766983032, 121.2081604, 121.660949707, 122.113739014, 122.554916382, 122.99609375, 123.437278748, 123.890068054, 124.331245422, 124.784034729, 125.225212097, 125.666389465, 126.107574463, 126.548751831, 126.989929199, 127.442718506, 127.883895874, 128.336685181, 128.777862549, 129.219039917, 129.660217285, 130.101409912, 130.554199219, 131.006988525, 131.448165894, 131.889343262, 132.33052063, 132.771697998, 133.212875366, 133.665664673, 134.106842041, 134.559631348, 135.000808716, 135.441986084, 135.883178711, 136.324356079, 136.765533447, 137.218322754, 137.671112061, 138.112289429, 138.553466797, 138.994644165, 139.435821533, 139.876998901, 140.31817627, 140.759368896, 141.200546265, 141.653335571, 142.106124878, 142.547302246, 142.988479614, 143.441268921, 143.894058228, 144.335235596, 144.776412964, 145.217590332, 145.6587677, 146.111557007, 146.564346313, 147.005523682, 147.446716309, 147.887893677, 148.329071045, 148.770248413, 149.211425781, 149.664215088, 150.117004395, 150.558181763, 150.999359131, 151.440536499, 151.881713867, 152.322906494, 152.764083862, 153.216873169, 153.669662476, 154.110839844, 154.552017212, 154.99319458, 155.434371948, 155.875549316, 156.339950562, 156.78112793, 157.222305298, 157.663482666, 158.104675293, 158.545852661, 158.987030029, 159.439819336, 159.892608643, 160.333786011, 160.774963379, 161.216140747, 161.657318115, 162.110107422, 162.562896729, 163.004074097, 163.445251465, 163.886444092, 164.32762146, 164.768798828, 165.209976196, 165.662765503, 166.11555481, 166.556732178, 166.997909546, 167.439086914, 167.880264282, 168.333053589, 168.774230957, 169.227020264, 169.668212891, 170.109390259, 170.550567627, 170.991744995, 171.432922363, 171.874099731, 172.3152771, 172.768066406, 173.220855713, 173.662033081, 174.103210449, 174.544403076, 174.985580444, 175.438369751, 175.879547119, 176.332336426, 176.773513794, 177.214691162, 177.65586853, 178.097045898, 178.538223267, 178.991012573, 179.44380188, 179.884979248, 180.326171875, 180.778961182, 181.22013855, 181.672927856, 182.114105225, 182.555282593, 182.996459961, 183.437637329, 183.878814697, 184.319992065, 184.761169434, 185.21395874, 185.666748047, 186.107940674, 186.549118042, 186.99029541, 187.431472778, 187.872650146, 188.313827515, 188.766616821, 189.219406128, 189.660583496, 190.101760864, 190.542938232, 190.984130859, 191.425308228, 191.866485596, 192.307662964, 192.748840332, 193.201629639, 193.654418945, 194.095596313, 194.54838562, 194.989562988, 195.442352295, 195.883529663, 196.324707031, 196.765899658, 197.207077026, 197.659866333, 198.101043701, 198.542221069, 198.995010376, 199.436187744, 199.877365112, 200.31854248, 200.771331787, 201.212509155, 201.665298462, 202.10647583, 202.547653198, 203.000442505, 203.441635132, 203.8828125, 204.335601807, 204.776779175, 205.217956543, 205.659133911, 206.100311279, 206.553100586, 207.005889893, 207.447067261, 207.888244629, 208.329421997, 208.770614624, 209.211791992, 209.65296936, 210.094146729, 210.546936035, 210.988113403, 211.44090271, 211.882080078, 212.323257446, 212.764434814, 213.205612183, 213.658401489, 214.111190796, 214.552383423, 214.993560791, 215.434738159, 215.875915527, 216.317092896, 216.769882202, 217.21105957, 217.663848877, 218.105026245, 218.546203613, 218.987380981, 219.440170288, 219.892959595, 220.334152222, 220.77532959, 221.216506958, 221.657684326, 222.098861694, 222.551651001, 222.992828369, 223.445617676, 223.886795044, 224.327972412, 224.76914978, 225.210342407, 225.663131714, 226.115921021, 226.557098389, 226.998275757, 227.439453125, 227.880630493, 228.321807861, 228.774597168, 229.227386475, 229.668563843, 230.109741211, 230.550918579, 230.992111206, 231.444900513, 231.886077881, 232.338867188, 232.780044556, 233.221221924, 233.662399292, 234.10357666, 234.556365967, 234.997543335, 235.438720703, 235.89151001, 236.332687378, 236.773880005, 237.215057373, 237.656234741, 238.097412109, 238.550201416, 239.002990723, 239.444168091, 239.885345459, 240.326522827, 240.767700195, 241.208877563, 241.66166687, 242.114456177, 242.555648804, 242.996826172, 243.43800354, 243.879180908, 244.320358276, 244.773147583, 245.22593689, 245.667114258, 246.108291626, 246.549468994, 246.990646362, 247.431838989, 247.873016357, 248.325805664, 248.778594971, 249.219772339, 249.660949707, 250.125350952, 250.56652832, 250.99609375, 251.448883057, 251.890060425, 252.331237793, 252.772415161, 253.213607788, 253.666397095, 254.119186401, 254.56036377, 255.001541138, 255.465942383, 255.930328369, 256.394744873, 256.870758057, 257.277099609, 257.683441162, 258.089782715, 258.507751465, 258.914093018, 259.32043457, 259.726806641, 260.202819824, 260.67880249, 261.166442871, 261.654052734, 262.141662598, 262.664123535]
