
metadata:
    version:
        essentia: "2.1-beta2"
    audio_properties:
        analysis_sample_rate: 44100
        bitrate: 242
        channels: 2
        equal_loudness: 1
        length: 235.075912476
        replay_gain: -16.5258407593
        downmix: "mix"
    tags:
        album: "So Cold"
        artist: "Breaking Benjamin"
        comment: ""
        date: "2004"
        genre: "Metal Alternatif"
        title: "So Cold (Acoustic)"
        tracknumber: "1"

configuration:
    average_loudness:
        compute: 1
        frameSize: 88200
        hopSize: 44100
        silentFrames: "noise"
        windowType: "hann"
    general:
        analysisSampleRate: 44100
        endTime: 2000
        equalLoudness: 1
        nequalLoudness: 0
        shortSound: 0
        startTime: 0
    lowlevel:
        compute: 1
        frameSize: 2048
        hopSize: 1024
        zeroPadding: 0
        silentFrames: "noise"
        windowType: "blackmanharris62"
        mfccStats: ["mean", "cov", "icov"]
        stats: ["mean", "var", "median", "min", "max", "dmean", "dmean2", "dvar", "dvar2"]
    panning:
        compute: 0
        frameSize: 8192
        hopSize: 2048
        zeroPadding: 8192
        silentFrames: "noise"
        windowType: "hann"
        stats: ["copy"]
    rhythm:
        compute: 1
        maxTempo: 208
        minTempo: 40
        method: "degara"
        stats: ["mean", "var", "median", "min", "max", "dmean", "dmean2", "dvar", "dvar2"]
    segmentation:
        compute: 0
        cpw: 5
        inc1: 300
        inc2: 50
        minimumSegmentsLength: 10
        size1: 1000
        size2: 600
    sfx:
        compute: 1
        stats: ["mean", "var", "median", "min", "max", "dmean", "dmean2", "dvar", "dvar2"]
    svm:
        compute: 0
    tonal:
        compute: 1
        frameSize: 4096
        hopSize: 2048
        zeroPadding: 0
        silentFrames: "noise"
        windowType: "blackmanharris62"
        stats: ["mean", "var", "median", "min", "max", "dmean", "dmean2", "dvar", "dvar2"]

lowlevel:
    average_loudness: 0.757062673569
    barkbands_kurtosis:
        dmean: 2.41029882431
        dmean2: 3.83050394058
        dvar: 21.7690315247
        dvar2: 55.8697814941
        max: 148.376586914
        mean: 3.54780936241
        median: 0.663830339909
        min: -1.89830899239
        var: 73.9684829712
    barkbands_skewness:
        dmean: 0.509481370449
        dmean2: 0.779688715935
        dvar: 0.323746800423
        dvar2: 0.724092423916
        max: 8.58846282959
        mean: 1.27750468254
        median: 1.20463764668
        min: -6.08538293839
        var: 1.9575291872
    barkbands_spread:
        dmean: 5.55137872696
        dmean2: 8.55628395081
        dvar: 41.0746154785
        dvar2: 90.3794937134
        max: 68.477104187
        mean: 23.5286102295
        median: 22.9638652802
        min: 0.538184762001
        var: 156.841308594
    dissonance:
        dmean: 0.0203840136528
        dmean2: 0.0340434089303
        dvar: 0.00040795491077
        dvar2: 0.00111814762931
        max: 0.5
        mean: 0.452995032072
        median: 0.462253272533
        min: 0.241215929389
        var: 0.00133087905124
    hfc:
        dmean: 1.28806841373
        dmean2: 1.82012534142
        dvar: 3.91807675362
        dvar2: 7.7111158371
        max: 33.6806373596
        mean: 4.73862171173
        median: 2.85516667366
        min: 1.11143573758e-016
        var: 24.823759079
    pitch:
        dmean: 313.125366211
        dmean2: 601.18157959
        dvar: 833317.625
        dvar2: 2173181
        max: 5563.97021484
        mean: 516.819824219
        median: 261.29864502
        min: 61.3532562256
        var: 881125.75
    pitch_instantaneous_confidence:
        dmean: 0.0870670154691
        dmean2: 0.136250421405
        dvar: 0.00744651956484
        dvar2: 0.0167565774173
        max: 0.987866461277
        mean: 0.543049633503
        median: 0.531578183174
        min: 0.0934855341911
        var: 0.0378368087113
    pitch_salience:
        dmean: 0.0615482330322
        dmean2: 0.0990108698606
        dvar: 0.0032146978192
        dvar2: 0.00828401278704
        max: 0.908725440502
        mean: 0.587005376816
        median: 0.59502351284
        min: 0.1751999259
        var: 0.0124430507421
    silence_rate_20dB:
        dmean: 0
        dmean2: 0
        dvar: 0
        dvar2: 0
        max: 1
        mean: 1
        median: 1
        min: 1
        var: 0
    silence_rate_30dB:
        dmean: 0
        dmean2: 0
        dvar: 0
        dvar2: 0
        max: 1
        mean: 1
        median: 1
        min: 1
        var: 0
    silence_rate_60dB:
        dmean: 0.0711181387305
        dmean2: 0.142250314355
        dvar: 0.0660634934902
        dvar2: 0.140008419752
        max: 1
        mean: 0.469530850649
        median: 0
        min: 0
        var: 0.249074876308
    spectral_centroid:
        dmean: 233.314544678
        dmean2: 355.0652771
        dvar: 105245.398438
        dvar2: 213170.484375
        max: 11680.8935547
        mean: 1148.07922363
        median: 940.383911133
        min: 200.353134155
        var: 785853.8125
    spectral_complexity:
        dmean: 1.93105494976
        dmean2: 2.9995059967
        dvar: 6.46580314636
        dvar2: 12.9549236298
        max: 42
        mean: 8.39634609222
        median: 7
        min: 0
        var: 36.5349617004
    spectral_crest:
        dmean: 2.44199824333
        dmean2: 3.97000908852
        dvar: 5.50176620483
        dvar2: 13.5411701202
        max: 25.0162582397
        mean: 10.4420194626
        median: 9.53184127808
        min: 2.54828882217
        var: 21.5168609619
    spectral_decrease:
        dmean: 2.27439636569e-010
        dmean2: 3.50965922991e-010
        dvar: 9.12936236114e-020
        dvar2: 2.07627309759e-019
        max: 1.27461919654e-028
        mean: -9.46313805095e-010
        median: -8.33900448693e-010
        min: -4.63438620812e-009
        var: 5.16260532593e-019
    spectral_energy:
        dmean: 0.00093993061455
        dmean2: 0.00143392872997
        dvar: 1.5083165863e-006
        dvar2: 3.33836874233e-006
        max: 0.0182079020888
        mean: 0.00400141719729
        median: 0.00346154836006
        min: 1.00833332826e-020
        var: 9.35533716984e-006
    spectral_energyband_high:
        dmean: 0.000109189153591
        dmean2: 0.000160442563356
        dvar: 5.18745295608e-008
        dvar2: 1.12000520858e-007
        max: 0.00355001771823
        mean: 0.00020893351757
        median: 9.08534857444e-005
        min: 7.13032192181e-021
        var: 1.04190021943e-007
    spectral_energyband_low:
        dmean: 0.000127836465253
        dmean2: 0.000210140337003
        dvar: 3.38627970109e-008
        dvar2: 9.76940270903e-008
        max: 0.00359435402788
        mean: 0.000298446044326
        median: 0.000212308266782
        min: 1.90937565885e-023
        var: 9.07260755412e-008
    spectral_energyband_middle_high:
        dmean: 0.000333180185407
        dmean2: 0.000468109064968
        dvar: 2.78712064983e-007
        dvar2: 5.1049397598e-007
        max: 0.0111262388527
        mean: 0.00124615745153
        median: 0.000516042346135
        min: 1.17975453467e-021
        var: 2.50200287155e-006
    spectral_energyband_middle_low:
        dmean: 0.000781954906415
        dmean2: 0.00123931281269
        dvar: 1.29753857436e-006
        dvar2: 3.09680967803e-006
        max: 0.0173031687737
        mean: 0.00240559177473
        median: 0.0018151581753
        min: 1.36864590265e-022
        var: 4.78511856272e-006
    spectral_flatness_db:
        dmean: 0.0206455737352
        dmean2: 0.0312980338931
        dvar: 0.000418235722464
        dvar2: 0.000934583484195
        max: 0.471038222313
        mean: 0.175941944122
        median: 0.1665930897
        min: 0.0590579397976
        var: 0.00262557482347
    spectral_flux:
        dmean: 0.00851150322706
        dmean2: 0.0133530385792
        dvar: 9.29039379116e-005
        dvar2: 0.000214535262785
        max: 0.128036543727
        mean: 0.0292071308941
        median: 0.0261523351073
        min: 6.32798397016e-011
        var: 0.000358802819392
    spectral_kurtosis:
        dmean: 1.84443891048
        dmean2: 2.9827105999
        dvar: 9.90036201477
        dvar2: 26.6185054779
        max: 78.5922088623
        mean: 4.67143774033
        median: 3.27540063858
        min: -1.26137697697
        var: 32.6142616272
    spectral_rms:
        dmean: 0.000227181590162
        dmean2: 0.000343044230249
        dvar: 6.85965702019e-008
        dvar2: 1.43477379311e-007
        max: 0.00421471334994
        mean: 0.00178569881245
        median: 0.00183769431897
        min: 3.13646266077e-012
        var: 7.15098167348e-007
    spectral_rolloff:
        dmean: 543.801208496
        dmean2: 890.749267578
        dvar: 632747.1875
        dvar2: 1341549.75
        max: 19702.8808594
        mean: 2115.58666992
        median: 2088.72070313
        min: 215.33203125
        var: 2860970.75
    spectral_skewness:
        dmean: 0.256843030453
        dmean2: 0.398785918951
        dvar: 0.0964811369777
        dvar2: 0.232624053955
        max: 7.19712495804
        mean: 1.6125638485
        median: 1.48111987114
        min: -0.0724155381322
        var: 0.477495700121
    spectral_spread:
        dmean: 627896.5
        dmean2: 886444.125
        dvar: 681243181056
        dvar2: 1.1960933417e+012
        max: 42584256
        mean: 4864282.5
        median: 4652086.5
        min: 1108983.125
        var: 6.43675298202e+012
    spectral_strongpeak:
        dmean: 0.336501538754
        dmean2: 0.561822533607
        dvar: 0.511484086514
        dvar2: 1.31534636021
        max: 11.6427679062
        mean: 0.721044719219
        median: 0.318271428347
        min: 0
        var: 1.40290999413
    zerocrossingrate:
        dmean: 0.0091371871531
        dmean2: 0.0105598112568
        dvar: 0.000113501242595
        dvar2: 0.000134857182275
        max: 0.51953125
        mean: 0.0685749873519
        median: 0.0625
        min: 0.009765625
        var: 0.00168647291139
    barkbands:
        dmean: [7.0422935039e-008, 1.89541897271e-005, 7.50783729018e-005, 0.000108279164124, 0.000511617050506, 0.00015511282254, 0.000141934491694, 0.000152046850417, 0.000105737672129, 8.20910354378e-005, 4.51208579761e-005, 4.524517135e-005, 4.30609397881e-005, 4.34348767158e-005, 2.81236953015e-005, 2.83539829979e-005, 7.29353560018e-005, 8.49447314977e-005, 9.46358122746e-005, 8.67089838721e-005, 4.81352144561e-005, 2.68367675744e-005, 5.45240163774e-006, 2.13081125366e-006, 9.15954274205e-007, 5.21143341814e-008, 6.02977945352e-010]
        dmean2: [1.15352413843e-007, 2.99512867059e-005, 0.000119971788081, 0.000186657256563, 0.000841610191856, 0.000246337323915, 0.000221732028876, 0.000235541345319, 0.00015743538097, 0.00011591497605, 6.84416736476e-005, 6.92773246556e-005, 6.51445516269e-005, 6.48739151075e-005, 4.40729854745e-005, 4.41488991783e-005, 0.000111483728688, 0.000129122243379, 0.000143134268001, 0.00013238543761, 7.26878060959e-005, 4.07538354921e-005, 8.29357031762e-006, 3.15161355502e-006, 1.38022346619e-006, 8.09915263744e-008, 9.92828708135e-010]
        dvar: [1.25403659828e-014, 6.07339623038e-010, 1.19400294096e-008, 3.55908120753e-008, 7.15568944543e-007, 1.33817522396e-007, 1.64777205214e-007, 3.20352171457e-007, 1.27680905848e-007, 8.26632700068e-008, 1.63732245539e-008, 3.17465840283e-008, 2.21445546345e-008, 1.7263495522e-008, 5.52233592188e-009, 7.27902493836e-009, 3.68304959864e-008, 3.49470212768e-008, 4.60217677301e-008, 3.42088171124e-008, 1.12268461194e-008, 3.04189140543e-009, 1.41742118043e-010, 2.76142147343e-011, 7.25315424041e-012, 3.13841326245e-014, 5.50474842379e-018]
        dvar2: [3.22479402123e-014, 1.52869139569e-009, 3.08950944827e-008, 1.01855341939e-007, 1.83868689874e-006, 3.28677856487e-007, 3.75800141228e-007, 7.65631625654e-007, 2.69979608447e-007, 1.41214883342e-007, 3.5122408093e-008, 6.87557601964e-008, 4.82314312933e-008, 3.49371340747e-008, 1.20132783721e-008, 1.46054750516e-008, 8.44583709636e-008, 7.36894634201e-008, 9.58737018664e-008, 7.7291225864e-008, 2.5320629149e-008, 6.87101531227e-009, 3.2126062921e-010, 5.55227391841e-011, 1.47781214349e-011, 6.92615114025e-014, 1.36129295388e-017]
        max: [1.83712882063e-006, 0.000343168852851, 0.00269888644107, 0.00277396664023, 0.0126145659015, 0.0134615981951, 0.0106635214761, 0.0118546485901, 0.00937163829803, 0.0108836991712, 0.00373524124734, 0.00565193314105, 0.00780638447031, 0.00289308419451, 0.00279711349867, 0.00382670899853, 0.00477092480287, 0.00608518673107, 0.0066257934086, 0.00376369268633, 0.00224737240933, 0.00094368000282, 0.000180287257535, 0.000150861262227, 7.39722745493e-005, 6.73461363476e-006, 6.05145729082e-008]
        mean: [1.62565598316e-007, 4.35087204096e-005, 0.00015286024427, 0.00018008830375, 0.00104515138082, 0.000330177106662, 0.000253188249189, 0.00028886666405, 0.000209773264942, 0.000163668111782, 0.000101038094726, 8.94259428605e-005, 8.39201529743e-005, 8.58610219439e-005, 5.47282797925e-005, 5.16387990501e-005, 0.000153855726239, 0.000186083838344, 0.000215119347558, 0.000166514437296, 7.9517973063e-005, 5.17237021995e-005, 9.51383026404e-006, 3.60670719601e-006, 1.35896482334e-006, 6.3535424033e-008, 5.74605030224e-010]
        median: [9.3839453541e-008, 3.4256856452e-005, 9.25654894672e-005, 8.82603490027e-005, 0.000568036048207, 0.000155309680849, 9.97291863314e-005, 6.14895106992e-005, 3.78500262741e-005, 3.68337714463e-005, 2.17716169573e-005, 2.07910670724e-005, 1.60529143614e-005, 1.62710730365e-005, 2.10533198697e-005, 2.17567849177e-005, 4.46166959591e-005, 6.04225788265e-005, 6.52282542433e-005, 4.89246849611e-005, 3.08083435812e-005, 1.5235187675e-005, 2.89604099635e-006, 8.76240846992e-007, 2.56658182707e-007, 8.40541325431e-009, 1.11622384946e-010]
        min: [5.13879376449e-025, 5.15139187314e-024, 3.3148810873e-024, 1.71149506781e-024, 6.8456907593e-024, 7.60144711663e-024, 7.15808519979e-024, 7.66157330597e-024, 2.87551475094e-023, 1.90201684878e-023, 1.45093561244e-023, 2.6189639317e-023, 3.78078281124e-023, 3.57835163663e-023, 4.10978861136e-023, 6.31271929233e-023, 5.81806185291e-023, 1.2139279386e-022, 1.40308756978e-022, 1.78367042117e-022, 2.25562722053e-022, 3.41208620043e-022, 4.22847772015e-022, 6.15532387126e-022, 8.2841845522e-022, 1.35219624689e-021, 2.1572918843e-021]
        var: [3.32023057865e-014, 1.7474967029e-009, 3.47641986309e-008, 6.33837302644e-008, 1.85742476333e-006, 2.80938110109e-007, 3.10915879709e-007, 7.72988528297e-007, 4.56528113091e-007, 3.5093154338e-007, 7.32132718895e-008, 8.6522497611e-008, 5.98816995989e-008, 6.29639202998e-008, 1.50210350824e-008, 1.62521480718e-008, 1.2169692809e-007, 1.19491943451e-007, 2.551460625e-007, 1.01643891526e-007, 1.93938660686e-008, 7.87985587891e-009, 2.80940548603e-010, 6.42609646051e-011, 1.70647402459e-011, 5.3172239154e-014, 4.97525481085e-018]
    frequency_bands:
        dmean: [7.0422935039e-008, 1.89541897271e-005, 7.50783729018e-005, 0.000108279164124, 0.000511617050506, 0.00015511282254, 0.000141934491694, 0.000152046850417, 0.000105737672129, 8.20910354378e-005, 4.51208579761e-005, 4.524517135e-005, 4.30609397881e-005, 4.34348767158e-005, 2.81236953015e-005, 2.83539829979e-005, 7.29353560018e-005, 8.49447314977e-005, 9.46358122746e-005, 8.67089838721e-005, 4.81352144561e-005, 2.68367675744e-005, 5.45240163774e-006, 2.13081125366e-006, 9.15954274205e-007, 5.21143341814e-008, 6.02977945352e-010, 4.18784139311e-011]
        dmean2: [1.15352413843e-007, 2.99512867059e-005, 0.000119971788081, 0.000186657256563, 0.000841610191856, 0.000246337323915, 0.000221732028876, 0.000235541345319, 0.00015743538097, 0.00011591497605, 6.84416736476e-005, 6.92773246556e-005, 6.51445516269e-005, 6.48739151075e-005, 4.40729854745e-005, 4.41488991783e-005, 0.000111483728688, 0.000129122243379, 0.000143134268001, 0.00013238543761, 7.26878060959e-005, 4.07538354921e-005, 8.29357031762e-006, 3.15161355502e-006, 1.38022346619e-006, 8.09915263744e-008, 9.92828708135e-010, 7.66142982389e-011]
        dvar: [1.25403659828e-014, 6.07339623038e-010, 1.19400294096e-008, 3.55908120753e-008, 7.15568944543e-007, 1.33817522396e-007, 1.64777205214e-007, 3.20352171457e-007, 1.27680905848e-007, 8.26632700068e-008, 1.63732245539e-008, 3.17465840283e-008, 2.21445546345e-008, 1.7263495522e-008, 5.52233592188e-009, 7.27902493836e-009, 3.68304959864e-008, 3.49470212768e-008, 4.60217677301e-008, 3.42088171124e-008, 1.12268461194e-008, 3.04189140543e-009, 1.41742118043e-010, 2.76142147343e-011, 7.25315424041e-012, 3.13841326245e-014, 5.50474842379e-018, 4.75827852163e-021]
        dvar2: [3.22479402123e-014, 1.52869139569e-009, 3.08950944827e-008, 1.01855341939e-007, 1.83868689874e-006, 3.28677856487e-007, 3.75800141228e-007, 7.65631625654e-007, 2.69979608447e-007, 1.41214883342e-007, 3.5122408093e-008, 6.87557601964e-008, 4.82314312933e-008, 3.49371340747e-008, 1.20132783721e-008, 1.46054750516e-008, 8.44583709636e-008, 7.36894634201e-008, 9.58737018664e-008, 7.7291225864e-008, 2.5320629149e-008, 6.87101531227e-009, 3.2126062921e-010, 5.55227391841e-011, 1.47781214349e-011, 6.92615114025e-014, 1.36129295388e-017, 1.47182799019e-020]
        max: [1.83712882063e-006, 0.000343168852851, 0.00269888644107, 0.00277396664023, 0.0126145659015, 0.0134615981951, 0.0106635214761, 0.0118546485901, 0.00937163829803, 0.0108836991712, 0.00373524124734, 0.00565193314105, 0.00780638447031, 0.00289308419451, 0.00279711349867, 0.00382670899853, 0.00477092480287, 0.00608518673107, 0.0066257934086, 0.00376369268633, 0.00224737240933, 0.00094368000282, 0.000180287257535, 0.000150861262227, 7.39722745493e-005, 6.73461363476e-006, 6.05145729082e-008, 8.09865008389e-010]
        mean: [1.62565598316e-007, 4.35087204096e-005, 0.00015286024427, 0.00018008830375, 0.00104515138082, 0.000330177106662, 0.000253188249189, 0.00028886666405, 0.000209773264942, 0.000163668111782, 0.000101038094726, 8.94259428605e-005, 8.39201529743e-005, 8.58610219439e-005, 5.47282797925e-005, 5.16387990501e-005, 0.000153855726239, 0.000186083838344, 0.000215119347558, 0.000166514437296, 7.9517973063e-005, 5.17237021995e-005, 9.51383026404e-006, 3.60670719601e-006, 1.35896482334e-006, 6.3535424033e-008, 5.74605030224e-010, 3.34635583132e-011]
        median: [9.3839453541e-008, 3.4256856452e-005, 9.25654894672e-005, 8.82603490027e-005, 0.000568036048207, 0.000155309680849, 9.97291863314e-005, 6.14895106992e-005, 3.78500262741e-005, 3.68337714463e-005, 2.17716169573e-005, 2.07910670724e-005, 1.60529143614e-005, 1.62710730365e-005, 2.10533198697e-005, 2.17567849177e-005, 4.46166959591e-005, 6.04225788265e-005, 6.52282542433e-005, 4.89246849611e-005, 3.08083435812e-005, 1.5235187675e-005, 2.89604099635e-006, 8.76240846992e-007, 2.56658182707e-007, 8.40541325431e-009, 1.11622384946e-010, 8.76000487426e-012]
        min: [5.13879376449e-025, 5.15139187314e-024, 3.3148810873e-024, 1.71149506781e-024, 6.8456907593e-024, 7.60144711663e-024, 7.15808519979e-024, 7.66157330597e-024, 2.87551475094e-023, 1.90201684878e-023, 1.45093561244e-023, 2.6189639317e-023, 3.78078281124e-023, 3.57835163663e-023, 4.10978861136e-023, 6.31271929233e-023, 5.81806185291e-023, 1.2139279386e-022, 1.40308756978e-022, 1.78367042117e-022, 2.25562722053e-022, 3.41208620043e-022, 4.22847772015e-022, 6.15532387126e-022, 8.2841845522e-022, 1.35219624689e-021, 2.1572918843e-021, 4.84175712053e-022]
        var: [3.32023057865e-014, 1.7474967029e-009, 3.47641986309e-008, 6.33837302644e-008, 1.85742476333e-006, 2.80938110109e-007, 3.10915879709e-007, 7.72988528297e-007, 4.56528113091e-007, 3.5093154338e-007, 7.32132718895e-008, 8.6522497611e-008, 5.98816995989e-008, 6.29639202998e-008, 1.50210350824e-008, 1.62521480718e-008, 1.2169692809e-007, 1.19491943451e-007, 2.551460625e-007, 1.01643891526e-007, 1.93938660686e-008, 7.87985587891e-009, 2.80940548603e-010, 6.42609646051e-011, 1.70647402459e-011, 5.3172239154e-014, 4.97525481085e-018, 3.94934233069e-021]
    mfcc:
        mean: [-758.198852539, 118.226234436, -25.4664268494, 49.5695877075, -17.9590606689, -4.98297643661, -8.37222576141, -3.80487704277, -9.10419368744, -10.1992311478, -5.38732385635, -6.9002199173, -7.78241968155]
        cov: [[9428.38183594, 96.1783065796, -862.162780762, 841.428710938, -542.210266113, 331.148101807, -171.977645874, 277.932556152, -226.84336853, 0.695927023888, 101.58934021, -5.10031270981, -57.915725708], [96.1783065796, 1274.56213379, 152.746566772, 164.740829468, 24.42004776, -89.9151916504, -5.55995035172, -54.4742889404, -47.7307548523, -76.7806549072, -17.9329662323, -17.9241580963, 6.47379827499], [-862.162780762, 152.746566772, 694.200561523, 4.79376268387, 92.6263809204, -5.65528440475, 5.21670818329, -96.6482925415, -9.64151287079, -19.0908470154, -34.018913269, 0.967496335506, -1.51956272125], [841.428710938, 164.740829468, 4.79376268387, 380.413696289, 23.916387558, 35.2683944702, -2.56603145599, -19.4818725586, 5.22209596634, -16.5096149445, -9.84182071686, -9.82798290253, 20.5071811676], [-542.210266113, 24.42004776, 92.6263809204, 23.916387558, 240.610671997, -2.28660655022, -9.60211467743, -44.2968521118, 26.4739379883, 7.24070739746, -25.4210777283, -8.12163066864, 3.34001469612], [331.148101807, -89.9151916504, -5.65528440475, 35.2683944702, -2.28660655022, 208.630828857, 51.7235031128, 47.6489486694, 5.44348239899, 5.41533470154, 13.5960264206, 0.843574047089, -2.32783842087], [-171.977645874, -5.55995035172, 5.21670818329, -2.56603145599, -9.60211467743, 51.7235031128, 135.436523438, 36.9244613647, 8.53357028961, -2.9205801487, -2.92315387726, 11.5665340424, 9.21871089935], [277.932556152, -54.4742889404, -96.6482925415, -19.4818725586, -44.2968521118, 47.6489486694, 36.9244613647, 157.582763672, -4.28416442871, 9.21394443512, 37.9696311951, 6.24261903763, -0.205311536789], [-226.84336853, -47.7307548523, -9.64151287079, 5.22209596634, 26.4739379883, 5.44348239899, 8.53357028961, -4.28416442871, 122.691696167, 13.2386655807, -6.851957798, -0.564590096474, -1.73749649525], [0.695927023888, -76.7806549072, -19.0908470154, -16.5096149445, 7.24070739746, 5.41533470154, -2.9205801487, 9.21394443512, 13.2386655807, 97.8558654785, 32.1571159363, 3.84035849571, -3.77230381966], [101.58934021, -17.9329662323, -34.018913269, -9.84182071686, -25.4210777283, 13.5960264206, -2.92315387726, 37.9696311951, -6.851957798, 32.1571159363, 103.491462708, 23.2989578247, -4.50495624542], [-5.10031270981, -17.9241580963, 0.967496335506, -9.82798290253, -8.12163066864, 0.843574047089, 11.5665340424, 6.24261903763, -0.564590096474, 3.84035849571, 23.2989578247, 80.1469192505, 22.086479187], [-57.915725708, 6.47379827499, -1.51956272125, 20.5071811676, 3.34001469612, -2.32783842087, 9.21871089935, -0.205311536789, -1.73749649525, -3.77230381966, -4.50495624542, 22.086479187, 78.4305877686]]
        icov: [[0.000240467838012, -8.40754000819e-006, 0.000211469334317, -0.000564039801247, 0.000454231281765, -0.00035600157571, 0.000497795233969, -0.000262968795141, 0.000381976482458, -0.000123628342408, 0.000165455712704, -0.000183231619303, 0.000304348912323], [-8.40754000819e-006, 0.000949008855969, -0.000181698225788, -0.00040925378562, -6.55446419842e-005, 0.000515823427122, -0.000228893244639, 8.87256537681e-005, 0.000282882218016, 0.000647356442641, -0.000280752923572, 0.000224200019147, 2.23238512262e-005], [0.000211469334317, -0.000181698225788, 0.00187925598584, -0.000348949135514, -0.000109750770207, -0.000536959443707, 0.00015184552467, 0.00073750334559, 0.000563254696317, 5.62692457606e-006, 0.000256463536061, -0.000358590099495, 0.000400082790293], [-0.000564039801247, -0.00040925378562, -0.000348949135514, 0.00432426901534, -0.00125182489865, -3.06828769681e-005, -0.000889839837328, 0.00104711996391, -0.00114254956134, 0.000514354091138, -0.000436051166616, 0.000870999065228, -0.00163131370209], [0.000454231281765, -6.55446419842e-005, -0.000109750770207, -0.00125182489865, 0.00561248650774, -0.000888294365723, 0.00121794221923, 0.000297144695651, -0.000214555344428, -0.000973385991529, 0.00113926641643, -0.000129889565869, 0.000308707269141], [-0.00035600157571, 0.000515823427122, -0.000536959443707, -3.06828769681e-005, -0.000888294365723, 0.00651516532525, -0.0027297581546, -0.000969560700469, -0.000516806554515, 0.00032481981907, -0.000808517914265, 0.000614903285168, 2.62498397205e-005], [0.000497795233969, -0.000228893244639, 0.00015184552467, -0.000889839837328, 0.00121794221923, -0.0027297581546, 0.00996811967343, -0.00247809384018, 7.18699739082e-005, -0.00023059520754, 0.00173519831151, -0.00168227485847, -0.000125028091134], [-0.000262968795141, 8.87256537681e-005, 0.00073750334559, 0.00104711996391, 0.000297144695651, -0.000969560700469, -0.00247809384018, 0.00901886075735, -0.000185489130672, 0.00042988837231, -0.00291307806037, 0.000798185530584, -0.000563086068723], [0.000381976482458, 0.000282882218016, 0.000563254696317, -0.00114254956134, -0.000214555344428, -0.000516806554515, 7.18699739082e-005, -0.000185489130672, 0.00932960305363, -0.00134310149588, 0.0010182519909, -0.000482675415697, 0.000889726623427], [-0.000123628342408, 0.000647356442641, 5.62692457606e-006, 0.000514354091138, -0.000973385991529, 0.00032481981907, -0.00023059520754, 0.00042988837231, -0.00134310149588, 0.0123742949218, -0.00427151145414, 0.000763068150263, -9.45992505876e-005], [0.000165455712704, -0.000280752923572, 0.000256463536061, -0.000436051166616, 0.00113926641643, -0.000808517914265, 0.00173519831151, -0.00291307806037, 0.0010182519909, -0.00427151145414, 0.0134086813778, -0.00417486438528, 0.00174319266807], [-0.000183231619303, 0.000224200019147, -0.000358590099495, 0.000870999065228, -0.000129889565869, 0.000614903285168, -0.00168227485847, 0.000798185530584, -0.000482675415697, 0.000763068150263, -0.00417486438528, 0.0152490949258, -0.00467291008681], [0.000304348912323, 2.23238512262e-005, 0.000400082790293, -0.00163131370209, 0.000308707269141, 2.62498397205e-005, -0.000125028091134, -0.000563086068723, 0.000889726623427, -9.45992505876e-005, 0.00174319266807, -0.00467291008681, 0.0148393744603]]
    sccoeffs:
        dmean: [0.0489379987121, 0.0436239279807, 0.0353295728564, 0.0300216469914, 0.0261677596718, 0.021119998768]
        dmean2: [0.0807923153043, 0.0714675113559, 0.0565597638488, 0.0472084209323, 0.0398393943906, 0.0321283787489]
        dvar: [0.001787578105, 0.00138908391818, 0.000888162176125, 0.000665170082357, 0.000569995725527, 0.000364266481483]
        dvar2: [0.00463309977204, 0.00345724401996, 0.00209630699828, 0.00150333798956, 0.00116998353042, 0.00079231656855]
        max: [-0.318333923817, -0.342397630215, -0.404967337847, -0.507117927074, -0.548240125179, -0.595771729946]
        mean: [-0.636107444763, -0.726267814636, -0.762243449688, -0.769448697567, -0.773806154728, -0.74514734745]
        median: [-0.6389721632, -0.731779515743, -0.772048294544, -0.773877501488, -0.779261231422, -0.74132579565]
        min: [-0.974660217762, -0.973279237747, -0.973430514336, -0.974147260189, -0.965740501881, -0.964633762836]
        var: [0.00701051298529, 0.00648597767577, 0.00544101838022, 0.00408727442846, 0.00368755613454, 0.00244845938869]
    scvalleys:
        dmean: [0.337298125029, 0.320572882891, 0.310620218515, 0.317347019911, 0.354639858007, 0.428332865238]
        dmean2: [0.554953157902, 0.523314356804, 0.492269486189, 0.476402491331, 0.506698966026, 0.582771241665]
        dvar: [0.101291976869, 0.0950160771608, 0.0935137420893, 0.111890949309, 0.156672164798, 0.227520376444]
        dvar2: [0.225113883615, 0.201668009162, 0.185701787472, 0.21182718873, 0.285249650478, 0.406113922596]
        max: [-5.52894258499, -4.63268709183, -5.64401340485, -5.99329376221, -5.7541642189, -7.57150316238]
        mean: [-7.13894271851, -6.91656541824, -7.70193147659, -8.21132850647, -8.18652057648, -10.5416145325]
        median: [-6.62214899063, -6.5765171051, -7.42661571503, -7.93316793442, -7.89867544174, -10.2382545471]
        min: [-27.9136505127, -27.8716182709, -27.8276767731, -27.7072124481, -27.5138912201, -27.368314743]
        var: [3.3820400238, 2.79847598076, 2.56821656227, 2.51293063164, 2.70215940475, 2.79817461967]

rhythm:
    beats_loudness:
        dmean: 0.00245581846684
        dmean2: 0.00441377563402
        dvar: 4.11369410358e-006
        dvar2: 1.23220033856e-005
        max: 0.014041474089
        mean: 0.00496795168146
        median: 0.00506568606943
        min: 0
        var: 1.03628899524e-005
    bpm: 153.677368164
    bpm_confidence: 0
    first_peak_bpm: 152
    first_peak_spread: 0.104529626667
    first_peak_weight: 0.423393726349
    onset_rate: 3.70518636703
    second_peak_bpm: 157
    second_peak_spread: 0.205323189497
    second_peak_weight: 0.34431630373
    beats_loudness_band_ratio:
        dmean: [0.134331300855, 0.195102155209, 0.138860806823, 0.0719170346856, 0.0980146303773, 0.0996004119515]
        dmean2: [0.239663779736, 0.332526266575, 0.239314183593, 0.124631561339, 0.16852261126, 0.178872779012]
        dvar: [0.0167373772711, 0.0265952683985, 0.0197252631187, 0.00848527811468, 0.0119772348553, 0.0133216567338]
        dvar2: [0.0465449877083, 0.0710555911064, 0.0492556877434, 0.0231843870133, 0.0328007675707, 0.0368675403297]
        max: [0.791047990322, 0.937950491905, 0.832293152809, 0.651102006435, 0.808001101017, 0.866930127144]
        mean: [0.184809237719, 0.357273370028, 0.190178796649, 0.090093806386, 0.137045189738, 0.132157921791]
        median: [0.134215250611, 0.334713041782, 0.127939760685, 0.0568015426397, 0.0952914506197, 0.102039031684]
        min: [0, 0, 0, 0, 0, 0]
        var: [0.0268301423639, 0.0515071041882, 0.02741259709, 0.00931107997894, 0.019033357501, 0.015645429492]
    beats_position: [0.325079351664, 0.650158703327, 0.975238084793, 1.31192743778, 1.66022670269, 1.98530614376, 2.32199549675, 2.65868473053, 2.99537420273, 3.33206343651, 3.66875267029, 4.01705217361, 4.37696123123, 4.73687076569, 5.10838985443, 5.4915189743, 5.94430828094, 6.37387752533, 6.80344676971, 7.23301553726, 7.63936471939, 8.03410434723, 8.44045352936, 8.84680271149, 9.25315189362, 9.65950107574, 10.0658502579, 10.47219944, 10.866938591, 11.261677742, 11.6680269241, 12.051156044, 12.445895195, 12.8522443771, 13.2469835281, 13.6533327103, 14.0480718613, 14.4428119659, 14.8375511169, 15.2322902679, 15.6270294189, 16.0217685699, 16.4165077209, 16.8112468719, 17.2059860229, 17.600725174, 17.995464325, 18.3785934448, 18.7733325958, 19.1564617157, 19.5512008667, 19.9459400177, 20.3406791687, 20.7354183197, 21.1301574707, 21.5248966217, 21.9196376801, 22.3143768311, 22.7091159821, 23.1038551331, 23.4985942841, 23.8933334351, 24.2764625549, 24.6595916748, 25.0543308258, 25.4490699768, 25.8438091278, 26.2269382477, 26.6100673676, 27.0048065186, 27.3879356384, 27.7710647583, 28.1541938782, 28.537322998, 28.932062149, 29.3268013, 29.7099323273, 30.1162815094, 30.5110206604, 30.8941497803, 31.2772789001, 31.6720180511, 32.0667572021, 32.4614944458, 32.8562355042, 33.2509727478, 33.6457138062, 34.028842926, 34.4119720459, 34.8067131042, 35.1898422241, 35.572971344, 35.9677085876, 36.362449646, 36.7571868896, 37.1635360718, 37.5698852539, 37.976234436, 38.3825836182, 38.7773246765, 39.1720619202, 39.5668029785, 39.9499320984, 40.3330612183, 40.7277984619, 41.1225395203, 41.5172767639, 41.9120178223, 42.3067550659, 42.7014961243, 43.0962333679, 43.4909744263, 43.8857116699, 44.2804527283, 44.6751937866, 45.0699310303, 45.4646720886, 45.8594093323, 46.2541503906, 46.6488876343, 47.0436286926, 47.4267578125, 47.8214950562, 48.204624176, 48.5877532959, 48.9824943542, 49.3656234741, 49.7603607178, 50.1551017761, 50.5498390198, 50.9561882019, 51.3509292603, 51.7572784424, 52.152015686, 52.5467567444, 52.941493988, 53.3246231079, 53.7193641663, 54.1024932861, 54.4972343445, 54.8919715881, 55.2867126465, 55.6814498901, 56.0761909485, 56.4709281921, 56.8656692505, 57.2487983704, 57.6319274902, 58.0150566101, 58.4097938538, 58.7929229736, 59.187664032, 59.5824012756, 59.977142334, 60.3718795776, 60.7550086975, 61.1381378174, 61.5328788757, 61.9160079956, 62.2991371155, 62.6938781738, 63.0886154175, 63.4833564758, 63.8780937195, 64.2612228394, 64.6443557739, 65.0390930176, 65.4338302612, 65.8285675049, 66.200088501, 66.5716094971, 66.9431304932, 67.3378677368, 67.7326049805, 68.1273422241, 68.5104751587, 68.9052124023, 69.2883453369, 69.6714706421, 70.0546035767, 70.4493408203, 70.844078064, 71.238822937, 71.6219482422, 72.0050811768, 72.3998184204, 72.7829437256, 73.1660766602, 73.5608139038, 73.9555511475, 74.338684082, 74.7218093872, 75.1165542603, 75.5112915039, 75.8944168091, 76.2775497437, 76.6722869873, 77.0670318604, 77.461769104, 77.8565063477, 78.2512435913, 78.6343765259, 79.0175018311, 79.4122467041, 79.7953720093, 80.1785049438, 80.5732421875, 80.9563674927, 81.3511123657, 81.7342376709, 82.1289749146, 82.5121078491, 82.8952331543, 83.2899780273, 83.6731033325, 84.0562362671, 84.4393615723, 84.8224945068, 85.205619812, 85.5887527466, 85.9834899902, 86.3782272339, 86.7613601685, 87.1444854736, 87.5392303467, 87.9339675903, 88.328704834, 88.7234420776, 89.1181869507, 89.5129241943, 89.8960494995, 90.2791824341, 90.6739196777, 91.0686569214, 91.4634017944, 91.8349151611, 92.2296600342, 92.6243972778, 93.0191345215, 93.4138793945, 93.8086166382, 94.2033538818, 94.5980911255, 94.9928359985, 95.3875732422, 95.7823104858, 96.1654434204, 96.5485687256, 96.9317016602, 97.3148269653, 97.6979598999, 98.0810852051, 98.4758224487, 98.8705673218, 99.2653045654, 99.6716537476, 100.07800293, 100.472740173, 100.867477417, 101.26222229, 101.656959534, 102.051696777, 102.434829712, 102.829566956, 103.224304199, 103.607437134, 104.002174377, 104.396911621, 104.791656494, 105.186393738, 105.581130981, 105.975868225, 106.370613098, 106.765350342, 107.160087585, 107.554824829, 107.949569702, 108.344306946, 108.739044189, 109.133781433, 109.528526306, 109.911651611, 110.294784546, 110.68952179, 111.084259033, 111.479003906, 111.87374115, 112.268478394, 112.663215637, 113.05796051, 113.452697754, 113.847434998, 114.242172241, 114.636917114, 115.031654358, 115.426391602, 115.821128845, 116.215873718, 116.598999023, 116.982131958, 117.376869202, 117.771606445, 118.166343689, 118.561088562, 118.967437744, 119.350563049, 119.745300293, 120.140045166, 120.523170471, 120.906303406, 121.289428711, 121.684173584, 122.078910828, 122.462036133, 122.833557129, 123.205078125, 123.576599121, 123.959724426, 124.35446167, 124.737594604, 125.132331848, 125.527069092, 125.921813965, 126.30493927, 126.699676514, 127.106025696, 127.500770569, 127.895507813, 128.290252686, 128.6849823, 129.056503296, 129.451248169, 129.845977783, 130.217498779, 130.612243652, 131.006988525, 131.40171814, 131.796463013, 132.179595947, 132.562713623, 132.969070435, 133.375411987, 133.781768799, 134.176498413, 134.571243286, 134.954376221, 135.337509155, 135.720626831, 136.115371704, 136.510116577, 136.904846191, 137.287979126, 137.671112061, 138.054244995, 138.437362671, 138.808883667, 139.180404663, 139.575149536, 139.958267212, 140.341400146, 140.724533081, 141.096054077, 141.479187012, 141.873916626, 142.257049561, 142.640182495, 143.02331543, 143.406433105, 143.78956604, 144.172698975, 144.555831909, 144.938949585, 145.32208252, 145.705215454, 146.088348389, 146.471466064, 146.842987061, 147.214508057, 147.586029053, 147.957550049, 148.352294922, 148.723800659, 149.095321655, 149.47845459, 149.861587524, 150.233108521, 150.616226196, 150.999359131, 151.370880127, 151.754013062, 152.125534058, 152.508651733, 152.880172729, 153.251693726, 153.63482666, 154.017959595, 154.389480591, 154.761001587, 155.144119263, 155.515640259, 155.887161255, 156.270294189, 156.641815186, 157.013336182, 157.396453857, 157.779586792, 158.151107788, 158.522628784, 158.905761719, 159.277282715, 159.648788452, 160.031921387, 160.415054321, 160.798187256, 161.19291687, 161.587661743, 161.982406616, 162.365524292, 162.748657227, 163.131790161, 163.514923096, 163.90965271, 164.304397583, 164.699142456, 165.082260132, 165.465393066, 165.848526001, 166.231658936, 166.614776611, 166.997909546, 167.392654419, 167.775772095, 168.170516968, 168.553649902, 168.936782837, 169.331512451, 169.714645386, 170.09777832, 170.480911255, 170.875640869, 171.258773804, 171.641906738, 172.013427734, 172.408157349, 172.779678345, 173.151199341, 173.545944214, 173.940673828, 174.335418701, 174.730148315, 175.11328125, 175.496414185, 175.891159058, 176.274276733, 176.657409668, 177.052154541, 177.446884155, 177.841629028, 178.224761963, 178.607894897, 179.002624512, 179.397369385, 179.780502319, 180.163619995, 180.54675293, 180.929885864, 181.313018799, 181.696136475, 182.090881348, 182.462402344, 182.845535278, 183.228652954, 183.611785889, 183.994918823, 184.378051758, 184.761169434, 185.155914307, 185.55065918, 185.933776855, 186.31690979, 186.700042725, 187.083175659, 187.477905273, 187.872650146, 188.26739502, 188.662124634, 189.056869507, 189.451599121, 189.834732056, 190.21786499, 190.600997925, 190.984130859, 191.378860474, 191.773605347, 192.168334961, 192.551467896, 192.946212769, 193.329345703, 193.724075317, 194.107208252, 194.490341187, 194.873458862, 195.256591797, 195.639724731, 196.022857666, 196.405975342, 196.789108276, 197.183853149, 197.555374146, 197.93850708, 198.321624756, 198.70475769, 199.087890625, 199.459411621, 199.842529297, 200.225662231, 200.620407104, 201.015136719, 201.409881592, 201.793014526, 202.176147461, 202.559265137, 202.942398071, 203.337142944, 203.70866394, 204.080184937, 204.474914551, 204.858047485, 205.24118042, 205.612701416, 206.00743103, 206.402175903, 206.785308838, 207.145217896, 207.528335571, 207.911468506, 208.306213379, 208.677734375, 209.049255371, 209.432373047, 209.815505981, 210.187026978, 210.558547974, 210.941680908, 211.324798584, 211.719543457, 212.091064453, 212.462585449, 212.845703125, 213.22883606, 213.600357056, 213.971878052, 214.355010986, 214.738143921, 215.109649658, 215.481170654, 215.85269165, 216.235824585, 216.61895752, 216.990478516, 217.361984253, 217.745117188, 218.128250122, 218.522994995, 218.917724609, 219.324081421, 219.730422974, 220.148391724, 220.566345215, 220.984298706, 221.402267456, 221.773788452, 222.145309448, 222.516815186, 222.888336182, 223.236633301, 223.584945679, 223.933242798, 224.281539917, 224.629837036, 224.989746094, 225.349655151, 225.697952271, 226.034637451, 226.371337891, 226.696411133, 227.021499634, 227.346572876, 227.671646118, 227.996734619, 228.3334198, 228.67010498, 229.00680542, 229.343490601, 229.680175781, 230.005249023, 230.341949463, 230.678634644, 231.026931763, 231.363616943, 231.688705444, 232.095046997, 232.501403809, 232.907745361, 233.325714111, 233.743667603, 234.161621094, 234.567977905]
