
metadata:
    version:
        essentia: "2.1-beta2"
    audio_properties:
        analysis_sample_rate: 44100
        bitrate: 246
        channels: 2
        equal_loudness: 1
        length: 182.857147217
        replay_gain: -17.5108604431
        downmix: "mix"
    tags:
        album: "So Cold"
        artist: "Breaking Benjamin"
        comment: ""
        date: "2004"
        genre: "Metal Alternatif"
        title: "Lady Bug"
        tracknumber: "3"

configuration:
    average_loudness:
        compute: 1
        frameSize: 88200
        hopSize: 44100
        silentFrames: "noise"
        windowType: "hann"
    general:
        analysisSampleRate: 44100
        endTime: 2000
        equalLoudness: 1
        nequalLoudness: 0
        shortSound: 0
        startTime: 0
    lowlevel:
        compute: 1
        frameSize: 2048
        hopSize: 1024
        zeroPadding: 0
        silentFrames: "noise"
        windowType: "blackmanharris62"
        mfccStats: ["mean", "cov", "icov"]
        stats: ["mean", "var", "median", "min", "max", "dmean", "dmean2", "dvar", "dvar2"]
    panning:
        compute: 0
        frameSize: 8192
        hopSize: 2048
        zeroPadding: 8192
        silentFrames: "noise"
        windowType: "hann"
        stats: ["copy"]
    rhythm:
        compute: 1
        maxTempo: 208
        minTempo: 40
        method: "degara"
        stats: ["mean", "var", "median", "min", "max", "dmean", "dmean2", "dvar", "dvar2"]
    segmentation:
        compute: 0
        cpw: 5
        inc1: 300
        inc2: 50
        minimumSegmentsLength: 10
        size1: 1000
        size2: 600
    sfx:
        compute: 1
        stats: ["mean", "var", "median", "min", "max", "dmean", "dmean2", "dvar", "dvar2"]
    svm:
        compute: 0
    tonal:
        compute: 1
        frameSize: 4096
        hopSize: 2048
        zeroPadding: 0
        silentFrames: "noise"
        windowType: "blackmanharris62"
        stats: ["mean", "var", "median", "min", "max", "dmean", "dmean2", "dvar", "dvar2"]

lowlevel:
    average_loudness: 0.970982968807
    barkbands_kurtosis:
        dmean: 0.708993256092
        dmean2: 1.16758346558
        dvar: 2.19756054878
        dvar2: 5.1180729866
        max: 41.2848777771
        mean: -0.451413452625
        median: -0.833437800407
        min: -1.92279887199
        var: 3.52370166779
    barkbands_skewness:
        dmean: 0.339574754238
        dmean2: 0.543428659439
        dvar: 0.119280837476
        dvar2: 0.279090195894
        max: 6.19003200531
        mean: -0.500096380711
        median: -0.562412202358
        min: -4.62975502014
        var: 0.454156398773
    barkbands_spread:
        dmean: 6.12994623184
        dmean2: 10.042098999
        dvar: 36.4331474304
        dvar2: 95.9933700562
        max: 70.6739807129
        mean: 32.6462287903
        median: 32.1642532349
        min: 3.40586233139
        var: 90.6759719849
    dissonance:
        dmean: 0.008978321217
        dmean2: 0.0153920389712
        dvar: 7.53304193495e-005
        dvar2: 0.000206404860364
        max: 0.500000119209
        mean: 0.485513627529
        median: 0.488372981548
        min: 0.381950885057
        var: 0.000119648590044
    hfc:
        dmean: 2.29667615891
        dmean2: 3.54614782333
        dvar: 4.90244150162
        dvar2: 10.7448701859
        max: 34.4017982483
        mean: 12.7948217392
        median: 12.5539455414
        min: 1.06516107035e-016
        var: 27.2942276001
    pitch:
        dmean: 729.99041748
        dmean2: 1382.07092285
        dvar: 1158440.875
        dvar2: 2873280.25
        max: 5414.90332031
        mean: 943.366394043
        median: 269.143737793
        min: 66.8038711548
        var: 1388891.75
    pitch_instantaneous_confidence:
        dmean: 0.0755415484309
        dmean2: 0.123694874346
        dvar: 0.00389853073284
        dvar2: 0.00982964877039
        max: 0.906034588814
        mean: 0.332797586918
        median: 0.316431313753
        min: 0.0888131856918
        var: 0.0113218678162
    pitch_salience:
        dmean: 0.0529551953077
        dmean2: 0.0885555297136
        dvar: 0.00220053922385
        dvar2: 0.00595350563526
        max: 0.862351417542
        mean: 0.656277835369
        median: 0.663987219334
        min: 0.141683533788
        var: 0.00478340545669
    silence_rate_20dB:
        dmean: 0
        dmean2: 0
        dvar: 0
        dvar2: 0
        max: 1
        mean: 1
        median: 1
        min: 1
        var: 0
    silence_rate_30dB:
        dmean: 0
        dmean2: 0
        dvar: 0
        dvar2: 0
        max: 1
        mean: 1
        median: 1
        min: 1
        var: 0
    silence_rate_60dB:
        dmean: 0.021079365164
        dmean2: 0.0421640835702
        dvar: 0.0206332299858
        dvar2: 0.046988774091
        max: 1
        mean: 0.0594210252166
        median: 0
        min: 0
        var: 0.0558927059174
    spectral_centroid:
        dmean: 235.418777466
        dmean2: 378.060119629
        dvar: 63674.2265625
        dvar2: 139305.5
        max: 11750.1708984
        mean: 2122.54418945
        median: 2117.0234375
        min: 173.918991089
        var: 650595.6875
    spectral_complexity:
        dmean: 3.93523812294
        dmean2: 6.27305030823
        dvar: 12.3676719666
        dvar2: 27.8616752625
        max: 47
        mean: 23.0402488708
        median: 24
        min: 0
        var: 68.0280685425
    spectral_crest:
        dmean: 1.69924724102
        dmean2: 2.84643554688
        dvar: 2.90434741974
        dvar2: 7.4673409462
        max: 24.1782779694
        mean: 5.89181900024
        median: 5.24522209167
        min: 2.33689332008
        var: 6.25869703293
    spectral_decrease:
        dmean: 2.0596806205e-010
        dmean2: 3.31606603288e-010
        dvar: 4.25941114486e-020
        dvar2: 1.03394067514e-019
        max: 1.45191982573e-028
        mean: -1.31332744679e-009
        median: -1.30771171669e-009
        min: -3.0625595393e-009
        var: 1.96647146287e-019
    spectral_energy:
        dmean: 0.000935112475418
        dmean2: 0.00148944754619
        dvar: 8.52936580031e-007
        dvar2: 2.01119974008e-006
        max: 0.0140910083428
        mean: 0.00611732434481
        median: 0.00606028456241
        min: 1.00754177134e-020
        var: 4.33815193901e-006
    spectral_energyband_high:
        dmean: 0.000214540603338
        dmean2: 0.000342273153365
        dvar: 5.15642106791e-008
        dvar2: 1.19252050013e-007
        max: 0.00376826291904
        mean: 0.000772790051997
        median: 0.000720882497262
        min: 7.12696796292e-021
        var: 1.69740886236e-007
    spectral_energyband_low:
        dmean: 0.000281688087853
        dmean2: 0.000484744407004
        dvar: 1.47662532868e-007
        dvar2: 4.17429532718e-007
        max: 0.00332100037485
        mean: 0.000478977453895
        median: 0.000381892430596
        min: 1.30612512604e-023
        var: 1.59733588134e-007
    spectral_energyband_middle_high:
        dmean: 0.000741275493056
        dmean2: 0.00116053409874
        dvar: 4.92116214446e-007
        dvar2: 1.12942814212e-006
        max: 0.0127714965492
        mean: 0.00371129554696
        median: 0.00351201067679
        min: 1.09091612448e-021
        var: 3.14204226015e-006
    spectral_energyband_middle_low:
        dmean: 0.000526881369296
        dmean2: 0.000854681711644
        dvar: 4.31463121231e-007
        dvar2: 1.08596657356e-006
        max: 0.00878722313792
        mean: 0.00134589383379
        median: 0.00109862885438
        min: 1.19662020412e-022
        var: 9.16868827971e-007
    spectral_flatness_db:
        dmean: 0.0113537795842
        dmean2: 0.0180658698082
        dvar: 0.000113317968498
        dvar2: 0.000250062730629
        max: 0.33039984107
        mean: 0.13070961833
        median: 0.129070281982
        min: 0.056151676923
        var: 0.000490997452289
    spectral_flux:
        dmean: 0.00686772027984
        dmean2: 0.0106937522069
        dvar: 4.03263948101e-005
        dvar2: 9.27416185732e-005
        max: 0.0979256629944
        mean: 0.0468408428133
        median: 0.0470075756311
        min: 6.46659809034e-011
        var: 0.00015789848112
    spectral_kurtosis:
        dmean: 0.671286821365
        dmean2: 1.13771736622
        dvar: 0.466778099537
        dvar2: 1.33969950676
        max: 14.4587907791
        mean: 2.82611012459
        median: 2.69991445541
        min: -1.244109869
        var: 1.24171149731
    spectral_rms:
        dmean: 0.000187393641681
        dmean2: 0.000296899321256
        dvar: 3.4038407648e-008
        dvar2: 7.75426585164e-008
        max: 0.00370773859322
        mean: 0.00239100516774
        median: 0.00243155751377
        min: 3.13523122394e-012
        var: 2.51208234658e-007
    spectral_rolloff:
        dmean: 302.657562256
        dmean2: 493.74420166
        dvar: 167398.828125
        dvar2: 352816.75
        max: 19358.3496094
        mean: 3809.73486328
        median: 3789.84375
        min: 107.666015625
        var: 1660046.875
    spectral_skewness:
        dmean: 0.121896497905
        dmean2: 0.198512107134
        dvar: 0.0139975743368
        dvar2: 0.034579500556
        max: 2.79931282997
        mean: 1.20578348637
        median: 1.19914031029
        min: -0.0653892531991
        var: 0.0579994060099
    spectral_spread:
        dmean: 358201.71875
        dmean2: 535830.5
        dvar: 381409918976
        dvar2: 616904720384
        max: 42271400
        mean: 4942358
        median: 4556980
        min: 2330867.5
        var: 8.17572138189e+012
    spectral_strongpeak:
        dmean: 0.709922969341
        dmean2: 1.22690069675
        dvar: 0.666165351868
        dvar2: 1.72690737247
        max: 7.8772816658
        mean: 1.0098515749
        median: 0.606054842472
        min: 0
        var: 1.15097975731
    zerocrossingrate:
        dmean: 0.00713709089905
        dmean2: 0.00895060319453
        dvar: 5.9836795117e-005
        dvar2: 7.51575207687e-005
        max: 0.51806640625
        mean: 0.1153261289
        median: 0.11474609375
        min: 0.017578125
        var: 0.00120764726307
    barkbands:
        dmean: [2.05855656077e-007, 5.77696082473e-005, 0.000186093544471, 0.000160148367286, 0.000314228382194, 0.000113521207822, 0.000100793396996, 6.98663570802e-005, 0.000101114594145, 9.06287968974e-005, 0.000130535350763, 0.000100023884443, 8.71332522365e-005, 0.000139206676977, 0.000195796616026, 0.000197143614059, 0.000269934680546, 0.000187589379493, 0.00020917072834, 0.000191989543964, 0.000129540916532, 4.20298674726e-005, 6.61123749524e-006, 2.2458600597e-006, 1.30629985051e-006, 4.41794441031e-008, 6.4629435137e-010]
        dmean2: [3.49697074853e-007, 0.000100068806205, 0.000321416999213, 0.000263420050032, 0.000524028146174, 0.000190069287783, 0.000163530159625, 0.00011514013022, 0.000160234834766, 0.000148143735714, 0.000210151687497, 0.000160500785569, 0.000141019947478, 0.000224396615522, 0.000325141532812, 0.000325437518768, 0.000449696235592, 0.000301512831356, 0.000332648458425, 0.000312897434924, 0.000212055325392, 6.72272581141e-005, 1.05185472421e-005, 3.40108772434e-006, 1.94005269805e-006, 6.44746762646e-008, 1.00283303883e-009]
        dvar: [1.03251337601e-013, 7.52066231513e-009, 7.41715879826e-008, 4.95637131337e-008, 2.88095208134e-007, 4.23165786856e-008, 6.83821852476e-008, 2.64354760304e-008, 4.09652827216e-008, 2.68505235823e-008, 6.00263021511e-008, 2.90326749308e-008, 2.68909374768e-008, 5.11528774894e-008, 1.05630448388e-007, 6.66977655328e-008, 9.43955882349e-008, 6.05138694709e-008, 6.42795114913e-008, 4.28784545647e-008, 2.03638226282e-008, 2.71302713628e-009, 7.28519744531e-011, 1.17447562092e-011, 6.2951419251e-012, 1.17807722467e-014, 2.54882202035e-018]
        dvar2: [2.73081064055e-013, 2.02419911943e-008, 2.0741443052e-007, 1.14903919268e-007, 7.53775850626e-007, 1.10703084033e-007, 1.66313839145e-007, 6.73238105264e-008, 9.9986174007e-008, 6.93726178724e-008, 1.49954331619e-007, 7.25267454982e-008, 6.59832721794e-008, 1.33665423618e-007, 2.801644996e-007, 1.64995228147e-007, 2.56583291502e-007, 1.43742099112e-007, 1.47670121464e-007, 1.04738788309e-007, 5.02218853171e-008, 6.10474160112e-009, 1.68443939352e-010, 2.13047392228e-011, 1.12241873781e-011, 2.17034947143e-014, 4.815012969e-018]
        max: [2.84011093754e-006, 0.000657580734696, 0.00239930581301, 0.00763319199905, 0.00732748676091, 0.00424604071304, 0.00470751337707, 0.00265371939167, 0.00410950370133, 0.00252235378139, 0.00550807127729, 0.003346682759, 0.0030541785527, 0.00419616000727, 0.00964087154716, 0.00566474581137, 0.00525267375633, 0.00535175250843, 0.00471961172298, 0.00439908402041, 0.0034604780376, 0.0011149412021, 0.000167680234881, 8.12499347376e-005, 5.50273107365e-005, 2.84630209535e-006, 4.74471697487e-008]
        mean: [2.16011613929e-007, 7.0468224294e-005, 0.000254538172157, 0.000275987520581, 0.000467291101813, 0.000164379918715, 0.000134393005283, 8.37307889014e-005, 0.000170820509084, 0.000150582840433, 0.000231300466112, 0.000185793513083, 0.000158378970809, 0.000270874908892, 0.000411070155678, 0.000446561636636, 0.000630783848464, 0.000446971913334, 0.000525061972439, 0.000526145391632, 0.000375412259018, 0.000109096516098, 1.69531449501e-005, 6.89998114467e-006, 3.52227607436e-006, 9.87179404888e-008, 1.13316656059e-009]
        median: [8.11419340607e-008, 4.33462118963e-005, 0.000170164683368, 0.000193586136447, 0.000266493589152, 9.28364243009e-005, 4.34624416812e-005, 2.9998140235e-005, 8.04887822596e-005, 9.19042213354e-005, 0.000118766940432, 0.000108147476567, 7.71318664192e-005, 0.000148730585352, 0.000262386340182, 0.000345973297954, 0.000505004893057, 0.000307976675685, 0.000406186562032, 0.000471847655717, 0.000347278983099, 8.57144914335e-005, 1.34048950713e-005, 5.5157679526e-006, 2.42119222094e-006, 4.30714734989e-008, 5.08509789832e-010]
        min: [1.08409121153e-024, 3.31688321628e-024, 1.7643440153e-024, 1.7332301579e-024, 1.04307653841e-023, 5.20677740287e-024, 1.4523945318e-023, 1.11442190754e-023, 1.4979204835e-023, 2.22274560474e-023, 1.60962571203e-023, 3.91810140673e-023, 3.43313275694e-023, 4.26289389129e-023, 5.10284174428e-023, 5.64307798909e-023, 8.184284848e-023, 1.20970090633e-022, 1.47125600671e-022, 1.63238671573e-022, 2.16836759238e-022, 3.74553858859e-022, 4.42614632059e-022, 5.31005625587e-022, 8.83273797842e-022, 1.44919367503e-021, 2.08762271838e-021]
        var: [1.09445011918e-013, 7.06787917082e-009, 7.43772545775e-008, 1.11574351536e-007, 3.78921356514e-007, 5.22610257292e-008, 9.45793985352e-008, 2.86046724085e-008, 7.63278507065e-008, 4.32957136809e-008, 1.19892845873e-007, 6.3726410815e-008, 5.20664151793e-008, 1.13140636415e-007, 3.13430035703e-007, 1.71009318706e-007, 2.43632342745e-007, 1.93212002841e-007, 1.82103164548e-007, 1.14421098374e-007, 4.94518808125e-008, 7.83946596528e-009, 1.94856769609e-010, 4.50066060809e-011, 2.15858667746e-011, 3.56886354779e-014, 7.22824581808e-018]
    frequency_bands:
        dmean: [2.05855656077e-007, 5.77696082473e-005, 0.000186093544471, 0.000160148367286, 0.000314228382194, 0.000113521207822, 0.000100793396996, 6.98663570802e-005, 0.000101114594145, 9.06287968974e-005, 0.000130535350763, 0.000100023884443, 8.71332522365e-005, 0.000139206676977, 0.000195796616026, 0.000197143614059, 0.000269934680546, 0.000187589379493, 0.00020917072834, 0.000191989543964, 0.000129540916532, 4.20298674726e-005, 6.61123749524e-006, 2.2458600597e-006, 1.30629985051e-006, 4.41794441031e-008, 6.4629435137e-010, 7.33762356431e-011]
        dmean2: [3.49697074853e-007, 0.000100068806205, 0.000321416999213, 0.000263420050032, 0.000524028146174, 0.000190069287783, 0.000163530159625, 0.00011514013022, 0.000160234834766, 0.000148143735714, 0.000210151687497, 0.000160500785569, 0.000141019947478, 0.000224396615522, 0.000325141532812, 0.000325437518768, 0.000449696235592, 0.000301512831356, 0.000332648458425, 0.000312897434924, 0.000212055325392, 6.72272581141e-005, 1.05185472421e-005, 3.40108772434e-006, 1.94005269805e-006, 6.44746762646e-008, 1.00283303883e-009, 1.36679861873e-010]
        dvar: [1.03251337601e-013, 7.52066231513e-009, 7.41715879826e-008, 4.95637131337e-008, 2.88095208134e-007, 4.23165786856e-008, 6.83821852476e-008, 2.64354760304e-008, 4.09652827216e-008, 2.68505235823e-008, 6.00263021511e-008, 2.90326749308e-008, 2.68909374768e-008, 5.11528774894e-008, 1.05630448388e-007, 6.66977655328e-008, 9.43955882349e-008, 6.05138694709e-008, 6.42795114913e-008, 4.28784545647e-008, 2.03638226282e-008, 2.71302713628e-009, 7.28519744531e-011, 1.17447562092e-011, 6.2951419251e-012, 1.17807722467e-014, 2.54882202035e-018, 9.06568302491e-021]
        dvar2: [2.73081064055e-013, 2.02419911943e-008, 2.0741443052e-007, 1.14903919268e-007, 7.53775850626e-007, 1.10703084033e-007, 1.66313839145e-007, 6.73238105264e-008, 9.9986174007e-008, 6.93726178724e-008, 1.49954331619e-007, 7.25267454982e-008, 6.59832721794e-008, 1.33665423618e-007, 2.801644996e-007, 1.64995228147e-007, 2.56583291502e-007, 1.43742099112e-007, 1.47670121464e-007, 1.04738788309e-007, 5.02218853171e-008, 6.10474160112e-009, 1.68443939352e-010, 2.13047392228e-011, 1.12241873781e-011, 2.17034947143e-014, 4.815012969e-018, 2.86007261066e-020]
        max: [2.84011093754e-006, 0.000657580734696, 0.00239930581301, 0.00763319199905, 0.00732748676091, 0.00424604071304, 0.00470751337707, 0.00265371939167, 0.00410950370133, 0.00252235378139, 0.00550807127729, 0.003346682759, 0.0030541785527, 0.00419616000727, 0.00964087154716, 0.00566474581137, 0.00525267375633, 0.00535175250843, 0.00471961172298, 0.00439908402041, 0.0034604780376, 0.0011149412021, 0.000167680234881, 8.12499347376e-005, 5.50273107365e-005, 2.84630209535e-006, 4.74471697487e-008, 9.26281440439e-010]
        mean: [2.16011613929e-007, 7.0468224294e-005, 0.000254538172157, 0.000275987520581, 0.000467291101813, 0.000164379918715, 0.000134393005283, 8.37307889014e-005, 0.000170820509084, 0.000150582840433, 0.000231300466112, 0.000185793513083, 0.000158378970809, 0.000270874908892, 0.000411070155678, 0.000446561636636, 0.000630783848464, 0.000446971913334, 0.000525061972439, 0.000526145391632, 0.000375412259018, 0.000109096516098, 1.69531449501e-005, 6.89998114467e-006, 3.52227607436e-006, 9.87179404888e-008, 1.13316656059e-009, 5.67001653962e-011]
        median: [8.11419340607e-008, 4.33462118963e-005, 0.000170164683368, 0.000193586136447, 0.000266493589152, 9.28364243009e-005, 4.34624416812e-005, 2.9998140235e-005, 8.04887822596e-005, 9.19042213354e-005, 0.000118766940432, 0.000108147476567, 7.71318664192e-005, 0.000148730585352, 0.000262386340182, 0.000345973297954, 0.000505004893057, 0.000307976675685, 0.000406186562032, 0.000471847655717, 0.000347278983099, 8.57144914335e-005, 1.34048950713e-005, 5.5157679526e-006, 2.42119222094e-006, 4.30714734989e-008, 5.08509789832e-010, 2.34388931875e-011]
        min: [1.08409121153e-024, 3.31688321628e-024, 1.7643440153e-024, 1.7332301579e-024, 1.04307653841e-023, 5.20677740287e-024, 1.4523945318e-023, 1.11442190754e-023, 1.4979204835e-023, 2.22274560474e-023, 1.60962571203e-023, 3.91810140673e-023, 3.43313275694e-023, 4.26289389129e-023, 5.10284174428e-023, 5.64307798909e-023, 8.184284848e-023, 1.20970090633e-022, 1.47125600671e-022, 1.63238671573e-022, 2.16836759238e-022, 3.74553858859e-022, 4.42614632059e-022, 5.31005625587e-022, 8.83273797842e-022, 1.44919367503e-021, 2.08762271838e-021, 5.18405106172e-022]
        var: [1.09445011918e-013, 7.06787917082e-009, 7.43772545775e-008, 1.11574351536e-007, 3.78921356514e-007, 5.22610257292e-008, 9.45793985352e-008, 2.86046724085e-008, 7.63278507065e-008, 4.32957136809e-008, 1.19892845873e-007, 6.3726410815e-008, 5.20664151793e-008, 1.13140636415e-007, 3.13430035703e-007, 1.71009318706e-007, 2.43632342745e-007, 1.93212002841e-007, 1.82103164548e-007, 1.14421098374e-007, 4.94518808125e-008, 7.83946596528e-009, 1.94856769609e-010, 4.50066060809e-011, 2.15858667746e-011, 3.56886354779e-014, 7.22824581808e-018, 7.40648796309e-021]
    mfcc:
        mean: [-671.714050293, 81.9835968018, -55.1090545654, 50.6989784241, -8.08512783051, 8.95300102234, 1.2012720108, -3.11698627472, 5.39825487137, -8.93724155426, -10.1394138336, -9.15197086334, -7.56656503677]
        cov: [[3687.86523438, 369.962982178, -539.62677002, 42.4099769592, -209.385299683, -10.4978647232, -56.0887451172, -65.6531524658, -29.5487270355, -50.3871040344, -15.6475229263, -50.2240371704, -65.3143463135], [369.962982178, 387.418212891, -119.989990234, 27.2092037201, -30.879524231, -14.573392868, -4.92014884949, 1.42086541653, -24.5558872223, -18.709821701, 6.07151174545, 5.2880396843, -11.1699619293], [-539.62677002, -119.989990234, 330.051971436, 45.6140136719, 33.5957565308, -29.3154258728, -18.0519790649, -34.9217453003, -7.26113271713, 13.2529439926, 7.40353250504, 7.10442972183, 17.1619129181], [42.4099769592, 27.2092037201, 45.6140136719, 181.367736816, 51.1636352539, 21.5004730225, -19.8741455078, -9.50808811188, 28.4400100708, -0.383373141289, -35.6431007385, -13.7591934204, 12.3256559372], [-209.385299683, -30.879524231, 33.5957565308, 51.1636352539, 135.515029907, 49.5489120483, -3.44499897957, 6.66317939758, 31.8990154266, 8.52198219299, -20.0506191254, -12.7815933228, 7.21855783463], [-10.4978647232, -14.573392868, -29.3154258728, 21.5004730225, 49.5489120483, 123.179527283, 54.2246322632, 26.7693843842, 33.7069854736, -6.1068854332, -20.3659534454, -3.06947374344, -3.5612847805], [-56.0887451172, -4.92014884949, -18.0519790649, -19.8741455078, -3.44499897957, 54.2246322632, 136.270858765, 68.366394043, 11.0906829834, -18.6148681641, -0.109847351909, 12.6938724518, -11.7971458435], [-65.6531524658, 1.42086541653, -34.9217453003, -9.50808811188, 6.66317939758, 26.7693843842, 68.366394043, 114.245491028, 27.583782196, -7.92960071564, 6.77671527863, 0.467232555151, -2.19095301628], [-29.5487270355, -24.5558872223, -7.26113271713, 28.4400100708, 31.8990154266, 33.7069854736, 11.0906829834, 27.583782196, 100.44342041, 19.2387638092, -32.4712944031, 6.61369562149, 13.1036710739], [-50.3871040344, -18.709821701, 13.2529439926, -0.383373141289, 8.52198219299, -6.1068854332, -18.6148681641, -7.92960071564, 19.2387638092, 76.4122390747, 39.3845977783, 8.30251407623, 2.41076374054], [-15.6475229263, 6.07151174545, 7.40353250504, -35.6431007385, -20.0506191254, -20.3659534454, -0.109847351909, 6.77671527863, -32.4712944031, 39.3845977783, 106.544578552, 21.0362014771, -7.80922222137], [-50.2240371704, 5.2880396843, 7.10442972183, -13.7591934204, -12.7815933228, -3.06947374344, 12.6938724518, 0.467232555151, 6.61369562149, 8.30251407623, 21.0362014771, 62.0892105103, 23.0681667328], [-65.3143463135, -11.1699619293, 17.1619129181, 12.3256559372, 7.21855783463, -3.5612847805, -11.7971458435, -2.19095301628, 13.1036710739, 2.41076374054, -7.80922222137, 23.0681667328, 57.3970298767]]
        icov: [[0.000445222016424, -0.000132655055495, 0.000683531223331, -0.000402684032451, 0.000678969721776, -0.00010378787556, 7.71398117649e-005, 0.000464092154289, -0.000234114020714, 0.000272102712188, -0.000253974401858, 0.000326804816723, 0.000180775125045], [-0.000132655055495, 0.00328984390944, 0.00115675595589, -0.00114183162805, 9.82753190328e-005, 0.000584682682529, 6.08758164162e-005, -0.000153876142576, 0.000775638269261, 0.000577850267291, -0.00025974426535, -0.00102826533839, 0.000595739868004], [0.000683531223331, 0.00115675595589, 0.00518127623945, -0.00197546044365, -0.000104579608887, 0.00160286843311, -0.000921088561881, 0.00204639812, 7.69673279137e-005, 0.000458604103187, -0.00100806937553, 4.2178107833e-005, -0.000311606214382], [-0.000402684032451, -0.00114183162805, -0.00197546044365, 0.00777309620753, -0.00226521934383, -0.000903527718037, 0.000919597863685, -0.00031902093906, -0.000962842721492, -0.000533114711288, 0.00175871571992, 0.00108785531484, -0.00130906014238], [0.000678969721776, 9.82753190328e-005, -0.000104579608887, -0.00226521934383, 0.0117399673909, -0.00473222136497, 0.00206853356212, -0.000384285347536, -0.00135169306304, -0.00063274911372, 1.46922093336e-006, 0.00227556773461, -0.000629343325272], [-0.00010378787556, 0.000584682682529, 0.00160286843311, -0.000903527718037, -0.00473222136497, 0.0137011436746, -0.00609028013423, 0.00174099719152, -0.00261641666293, 0.000693565991241, 3.0717561458e-005, 0.000460471404949, 0.000357694952982], [7.71398117649e-005, 6.08758164162e-005, -0.000921088561881, 0.000919597863685, 0.00206853356212, -0.00609028013423, 0.0146847506985, -0.00785833131522, 0.00148378999438, 0.00169168051798, 0.00115275324788, -0.00466879690066, 0.00388125539757], [0.000464092154289, -0.000153876142576, 0.00204639812, -0.00031902093906, -0.000384285347536, 0.00174099719152, -0.00785833131522, 0.0158445872366, -0.00590068846941, 0.00349442893639, -0.00499840360135, 0.00420079054311, -0.00206724228337], [-0.000234114020714, 0.000775638269261, 7.69673279137e-005, -0.000962842721492, -0.00135169306304, -0.00261641666293, 0.00148378999438, -0.00590068846941, 0.0180834792554, -0.00891341175884, 0.008918245323, -0.00471853837371, -0.000488593243062], [0.000272102712188, 0.000577850267291, 0.000458604103187, -0.000533114711288, -0.00063274911372, 0.000693565991241, 0.00169168051798, 0.00349442893639, -0.00891341175884, 0.0223328974098, -0.0116816936061, 0.00148511701263, -8.61874796101e-005], [-0.000253974401858, -0.00025974426535, -0.00100806937553, 0.00175871571992, 1.46922093336e-006, 3.0717561458e-005, 0.00115275324788, -0.00499840360135, 0.008918245323, -0.0116816936061, 0.0190215911716, -0.00700342468917, 0.00348938489333], [0.000326804816723, -0.00102826533839, 4.2178107833e-005, 0.00108785531484, 0.00227556773461, 0.000460471404949, -0.00466879690066, 0.00420079054311, -0.00471853837371, 0.00148511701263, -0.00700342468917, 0.0249004140496, -0.0110769234598], [0.000180775125045, 0.000595739868004, -0.000311606214382, -0.00130906014238, -0.000629343325272, 0.000357694952982, 0.00388125539757, -0.00206724228337, -0.000488593243062, -8.61874796101e-005, 0.00348938489333, -0.0110769234598, 0.0239803958684]]
    sccoeffs:
        dmean: [0.0560844689608, 0.0490529499948, 0.0380347184837, 0.0299747157842, 0.0203235391527, 0.0168685708195]
        dmean2: [0.0937696620822, 0.0823558941483, 0.0628792569041, 0.0496881827712, 0.0335326381028, 0.0270335972309]
        dvar: [0.00198519369587, 0.00161563779693, 0.000915635027923, 0.000568362826016, 0.00026440579677, 0.000198198962607]
        dvar2: [0.00552882114425, 0.00440470129251, 0.00245097791776, 0.0015062749153, 0.000694328336976, 0.000475366250612]
        max: [-0.364336162806, -0.406890720129, -0.534979343414, -0.513255059719, -0.547096252441, -0.615097403526]
        mean: [-0.641603469849, -0.759750247002, -0.775417506695, -0.762302458286, -0.787504851818, -0.723815441132]
        median: [-0.643832325935, -0.765386521816, -0.778664112091, -0.763378024101, -0.787880480289, -0.720146179199]
        min: [-0.981441795826, -0.978711366653, -0.975319623947, -0.972655117512, -0.966578006744, -0.964254319668]
        var: [0.00504166772589, 0.00404210528359, 0.00289061060175, 0.00218434608541, 0.00104001397267, 0.00125559943262]
    scvalleys:
        dmean: [0.38976469636, 0.362854272127, 0.280603796244, 0.225846976042, 0.177450492978, 0.172390416265]
        dmean2: [0.642103552818, 0.595818758011, 0.460231781006, 0.366214811802, 0.278437554836, 0.252371281385]
        dvar: [0.120010994375, 0.117222286761, 0.0765265673399, 0.0605029650033, 0.0591357424855, 0.0581214614213]
        dvar2: [0.270142197609, 0.259131342173, 0.14904665947, 0.103756412864, 0.0864231660962, 0.0902684181929]
        max: [-5.29854869843, -5.05589962006, -4.99314308167, -5.60004377365, -5.6700668335, -7.698823452]
        mean: [-6.91335439682, -6.93614530563, -6.89151573181, -6.81013011932, -6.66214609146, -9.22125339508]
        median: [-6.72957992554, -6.76384162903, -6.68884801865, -6.59747743607, -6.4538898468, -9.03269386292]
        min: [-28.0870704651, -28.0047531128, -27.5884342194, -27.7054443359, -27.4687404633, -27.4053897858]
        var: [2.8320581913, 2.98768877983, 2.95468878746, 2.91970300674, 2.84136891365, 2.32633709908]

rhythm:
    beats_loudness:
        dmean: 0.00168547302019
        dmean2: 0.00286257988773
        dvar: 2.32291745306e-006
        dvar2: 6.88114732839e-006
        max: 0.0126792695373
        mean: 0.00749809062108
        median: 0.00748721044511
        min: 0
        var: 3.80113465326e-006
    bpm: 91.8940734863
    bpm_confidence: 0
    first_peak_bpm: 92
    first_peak_spread: 0.101083062589
    first_peak_weight: 0.895683407784
    onset_rate: 1.93046879768
    second_peak_bpm: 98
    second_peak_spread: 0
    second_peak_weight: 0.00359712238424
    beats_loudness_band_ratio:
        dmean: [0.0611203685403, 0.0756082162261, 0.0551515109837, 0.0775462687016, 0.136285722256, 0.0904831886292]
        dmean2: [0.104425475001, 0.132457464933, 0.0990765541792, 0.140812560916, 0.242563098669, 0.163942575455]
        dvar: [0.00590566312894, 0.00453947251663, 0.00437251711264, 0.00525549473241, 0.0119867688045, 0.00813091825694]
        dvar2: [0.0155708864331, 0.0133191002533, 0.0133528765291, 0.0150653794408, 0.0348325222731, 0.0220632385463]
        max: [0.686389684677, 0.437667787075, 0.519461810589, 0.424942880869, 0.764107227325, 0.707704007626]
        mean: [0.0916488468647, 0.128921374679, 0.0729744657874, 0.113872312009, 0.341256439686, 0.276653110981]
        median: [0.0765987858176, 0.112077109516, 0.0577637478709, 0.0917977616191, 0.316973477602, 0.272233992815]
        min: [0, 0, 0, 0, 0, 0]
        var: [0.00605716975406, 0.00609477516264, 0.00351980654523, 0.0060773785226, 0.0158519912511, 0.00773350754753]
    beats_position: [0.592108845711, 1.20743763447, 1.84598636627, 2.48453521729, 3.13469386101, 3.78485250473, 4.43501138687, 5.08516979218, 5.73532867432, 6.38548755646, 7.03564596176, 7.6858048439, 8.34757328033, 9.0093421936, 9.65950107574, 10.321269989, 10.9714279175, 11.6099767685, 12.2601356506, 12.9102945328, 13.5604534149, 14.2106122971, 14.8723802567, 15.5341491699, 16.1959171295, 16.8576869965, 17.5078449249, 18.1580047607, 18.8081626892, 19.4467124939, 20.0852603912, 20.7354183197, 21.3855781555, 22.0473461151, 22.7091159821, 23.3592739105, 24.0210418701, 24.6828117371, 25.3329696655, 25.9947395325, 26.6565074921, 27.3066654205, 27.9568252563, 28.6069831848, 29.2571430206, 29.9073009491, 30.5458488464, 31.1843986511, 31.8461666107, 32.5079345703, 33.1580963135, 33.8082542419, 34.4584121704, 35.1085700989, 35.7587280273, 36.4088897705, 37.059047699, 37.7092056274, 38.3477554321, 39.0095214844, 39.6596832275, 40.309841156, 40.9599990845, 41.6217689514, 42.2835350037, 42.9336967468, 43.5838546753, 44.2340126038, 44.8957824707, 45.5459403992, 46.2077102661, 46.8578681946, 47.508026123, 48.1581840515, 48.80834198, 49.4585037231, 50.1086616516, 50.7588195801, 51.4089775085, 52.0591392517, 52.7092971802, 53.3594551086, 54.0096130371, 54.6713829041, 55.333152771, 55.9833106995, 56.6334686279, 57.2836265564, 57.9337844849, 58.5955543518, 59.2573242188, 59.9074821472, 60.5576400757, 61.2077980042, 61.8579597473, 62.5081176758, 63.1582756042, 63.8084335327, 64.4585952759, 65.1087493896, 65.7589111328, 66.409072876, 67.0592269897, 67.7093887329, 68.3595428467, 69.0097045898, 69.659866333, 70.3216323853, 70.9833984375, 71.6335601807, 72.2837142944, 72.9338760376, 73.5840377808, 74.2341918945, 74.8843536377, 75.5345077515, 76.1846694946, 76.8464355469, 77.49659729, 78.1583633423, 78.8085250854, 79.4586868286, 80.1204528809, 80.7590026855, 81.4091567993, 82.0593185425, 82.7094802856, 83.3596343994, 84.0097961426, 84.6599502563, 85.321723938, 85.9834899902, 86.6336517334, 87.2838058472, 87.9455795288, 88.6073455811, 89.2575073242, 89.907661438, 90.5578231812, 91.2079772949, 91.8465270996, 92.4966888428, 93.158454895, 93.8086166382, 94.458770752, 95.1089324951, 95.7590942383, 96.4092483521, 97.0594100952, 97.7211761475, 98.3829498291, 99.0331039429, 99.683265686, 100.321815491, 100.960357666, 101.622131348, 102.2838974, 102.934059143, 103.595825195, 104.245986938, 104.896141052, 105.546302795, 106.196456909, 106.858230591, 107.519996643, 108.158546448, 108.808708191, 109.458862305, 110.109024048, 110.759178162, 111.409339905, 112.071105957, 112.732879639, 113.383033752, 114.033195496, 114.683357239, 115.333511353, 115.983673096, 116.633827209, 117.283988953, 117.922538757, 118.572692871, 119.234466553, 119.884620667, 120.53478241, 121.184944153, 121.835098267, 122.508476257, 123.158638, 123.808792114, 124.458953857, 125.109115601, 125.747665405, 126.409431458, 127.059593201, 127.721359253, 128.371520996, 129.033279419, 129.671829224, 130.310379028, 130.960540771, 131.610702515, 132.260864258, 132.911010742, 133.561172485, 134.222946167, 134.884719849, 135.534866333, 136.185028076, 136.835189819, 137.485351563, 138.135513306, 138.78565979, 139.435821533, 140.097595215, 140.759368896, 141.409515381, 142.059677124, 142.709838867, 143.36000061, 144.010162354, 144.660308838, 145.310470581, 145.960632324, 146.610794067, 147.260955811, 147.922714233, 148.584487915, 149.234649658, 149.884811401, 150.534957886, 151.185119629, 151.835281372, 152.497055054, 153.158813477, 153.80897522, 154.459136963, 155.109298706, 155.759460449, 156.409606934, 157.059768677, 157.70993042, 158.371704102, 159.021850586, 159.683624268, 160.333786011, 160.983947754, 161.634094238, 162.284255981, 162.934417725, 163.584579468, 164.234741211, 164.884887695, 165.535049438, 166.173599243, 166.835372925, 167.497146606, 168.158905029, 168.809066772, 169.459228516, 170.109390259, 170.759536743, 171.409698486, 172.059860229, 172.721633911, 173.383392334, 174.045166016, 174.718551636, 175.391921997, 176.065307617, 176.738677979, 177.40045166, 178.050613403, 178.723983765, 179.397369385, 180.059127808, 180.732513428, 181.405899048, 182.090881348]
    bpm_estimates: [93.9630737305, 93.9630508423, 92.2851715088, 92.2851715088, 92.2851333618, 92.2852020264, 92.2851333618, 92.2851333618, 92.2852020264, 92.2851333618, 90.6661529541, 90.6660919189, 92.2851333618, 90.6660919189, 92.2852706909, 93.9630508423, 92.2851333618, 92.2851333618, 92.2851333618, 92.2851333618, 90.6662216187, 90.6660919189, 90.6662216187, 90.6659622192, 92.2852706909, 92.2849960327, 92.2852706909, 93.9629135132, 93.9631958008, 92.2852706909, 92.2849960327, 90.6662216187, 90.6659622192, 92.2852706909, 90.6662216187, 90.6659622192, 92.2852706909, 90.6659622192, 90.6662216187, 92.2852706909, 92.2849960327, 92.2852706909, 92.2849960327, 92.2852706909, 93.9631958008, 93.9629135132, 90.6662216187, 90.6662216187, 92.2847290039, 92.2852706909, 92.2852706909, 92.2852706909, 92.2852706909, 92.2847290039, 92.2852706909, 92.2852706909, 93.9629135132, 90.6664810181, 92.2847290039, 92.2852706909, 92.2852706909, 90.6659622192, 90.6664810181, 92.2847290039, 92.2852706909, 92.2852706909, 90.6659622192, 92.2852706909, 90.6659622192, 92.2852706909, 92.2852706909, 92.2852706909, 92.2852706909, 92.2847290039, 92.2852706909, 92.2852706909, 92.2852706909, 92.2847290039, 92.2852706909, 92.2852706909, 92.2852706909, 90.6659622192, 90.6659622192, 92.2852706909, 92.2852706909, 92.2852706909, 92.2852706909, 90.6659622192, 90.6659622192, 92.2852706909, 92.2852706909, 92.2852706909, 92.2847290039, 92.2852706909, 92.2852706909, 92.2852706909, 92.2847290039, 92.2858123779, 92.2847290039, 92.2847290039, 92.2858123779, 92.2847290039, 92.2858123779, 92.2847290039, 92.2847290039, 90.6664810181, 90.6664810181, 92.2847290039, 92.2858123779, 92.2847290039, 92.2847290039, 92.2858123779, 92.2847290039, 92.2858123779, 92.2847290039, 90.6664810181, 92.2847290039, 90.6664810181, 92.2847290039, 92.2847290039, 90.6664810181, 93.9629135132, 92.2858123779, 92.2847290039, 92.2847290039, 92.2858123779, 92.2847290039, 92.2858123779, 90.665435791, 90.6664810181, 92.2847290039, 92.2858123779, 90.665435791, 90.6664810181, 92.2847290039, 92.2858123779, 92.2847290039, 92.2858123779, 93.9629135132, 92.2847290039, 90.6664810181, 92.2847290039, 92.2858123779, 92.2847290039, 92.2847290039, 92.2858123779, 92.2847290039, 90.6664810181, 90.665435791, 92.2858123779, 92.2847290039, 93.9629135132, 93.9640350342, 90.665435791, 90.6664810181, 92.2847290039, 90.6664810181, 92.2847290039, 92.2858123779, 92.2847290039, 92.2858123779, 90.665435791, 90.6664810181, 93.9629135132, 92.2847290039, 92.2858123779, 92.2847290039, 92.2858123779, 92.2847290039, 90.6664810181, 90.665435791, 92.2858123779, 92.2847290039, 92.2847290039, 92.2858123779, 92.2847290039, 92.2858123779, 92.2847290039, 93.9629135132, 92.2858123779, 90.665435791, 92.2858123779, 92.2847290039, 92.2847290039, 92.2858123779, 89.1030044556, 92.2847290039, 92.2858123779, 92.2847290039, 92.2847290039, 93.9629135132, 90.6664810181, 92.2847290039, 90.6664810181, 92.2847290039, 90.6675262451, 93.9629135132, 93.9629135132, 92.2847290039, 92.2847290039, 92.2847290039, 92.286895752, 92.2847290039, 90.665435791, 90.665435791, 92.286895752, 92.2847290039, 92.2847290039, 92.2847290039, 92.2847290039, 92.286895752, 92.2847290039, 90.665435791, 90.665435791, 92.286895752, 92.2847290039, 92.2847290039, 92.2847290039, 92.2847290039, 92.286895752, 92.2847290039, 92.2847290039, 92.2847290039, 92.2847290039, 90.6675262451, 90.665435791, 92.2847290039, 92.2847290039, 92.286895752, 92.2847290039, 92.2847290039, 90.665435791, 90.6675262451, 92.2847290039, 92.2847290039, 92.2847290039, 92.2847290039, 92.286895752, 92.2847290039, 92.2847290039, 90.665435791, 92.286895752, 90.665435791, 92.2847290039, 92.2847290039, 92.286895752, 92.2847290039, 92.2847290039, 92.2847290039, 92.2847290039, 92.286895752, 92.2847290039, 93.9629135132, 90.665435791, 90.665435791, 90.6675262451, 92.2847290039, 92.2847290039, 92.2847290039, 92.286895752, 92.2847290039, 92.2847290039, 90.665435791, 90.6675262451, 90.665435791, 89.1019897461, 89.1040115356, 89.1019897461, 89.1040115356, 90.665435791, 92.2847290039, 89.1040115356, 89.1019897461, 90.6675262451, 89.1019897461, 89.1019897461, 87.5935058594]
