
metadata:
    version:
        essentia: "2.1-beta2"
    audio_properties:
        analysis_sample_rate: 44100
        bitrate: 320
        channels: 2
        equal_loudness: 1
        length: 142.68081665
        replay_gain: -11.366268158
        downmix: "mix"
    tags:
        album: "The Poison"
        artist: "Bullet For My Valentine"
        comment: ""
        date: "2006"
        genre: "Metal"
        title: "Intro"
        tracknumber: "1"

configuration:
    average_loudness:
        compute: 1
        frameSize: 88200
        hopSize: 44100
        silentFrames: "noise"
        windowType: "hann"
    general:
        analysisSampleRate: 44100
        endTime: 2000
        equalLoudness: 1
        nequalLoudness: 0
        shortSound: 0
        startTime: 0
    lowlevel:
        compute: 1
        frameSize: 2048
        hopSize: 1024
        zeroPadding: 0
        silentFrames: "noise"
        windowType: "blackmanharris62"
        mfccStats: ["mean", "cov", "icov"]
        stats: ["mean", "var", "median", "min", "max", "dmean", "dmean2", "dvar", "dvar2"]
    panning:
        compute: 0
        frameSize: 8192
        hopSize: 2048
        zeroPadding: 8192
        silentFrames: "noise"
        windowType: "hann"
        stats: ["copy"]
    rhythm:
        compute: 1
        maxTempo: 208
        minTempo: 40
        method: "degara"
        stats: ["mean", "var", "median", "min", "max", "dmean", "dmean2", "dvar", "dvar2"]
    segmentation:
        compute: 0
        cpw: 5
        inc1: 300
        inc2: 50
        minimumSegmentsLength: 10
        size1: 1000
        size2: 600
    sfx:
        compute: 1
        stats: ["mean", "var", "median", "min", "max", "dmean", "dmean2", "dvar", "dvar2"]
    svm:
        compute: 0
    tonal:
        compute: 1
        frameSize: 4096
        hopSize: 2048
        zeroPadding: 0
        silentFrames: "noise"
        windowType: "blackmanharris62"
        stats: ["mean", "var", "median", "min", "max", "dmean", "dmean2", "dvar", "dvar2"]

lowlevel:
    average_loudness: 0.354833453894
    barkbands_kurtosis:
        dmean: 2.68277430534
        dmean2: 4.32810926437
        dvar: 16.6011238098
        dvar2: 42.9698944092
        max: 62.4527397156
        mean: 5.77109336853
        median: 1.3711438179
        min: -1.92339038849
        var: 89.2122039795
    barkbands_skewness:
        dmean: 0.474559366703
        dmean2: 0.750647246838
        dvar: 0.180559590459
        dvar2: 0.445819348097
        max: 7.20634174347
        mean: 1.62060260773
        median: 1.54163193703
        min: -2.19208788872
        var: 2.49860095978
    barkbands_spread:
        dmean: 3.15670490265
        dmean2: 5.04614782333
        dvar: 10.3801994324
        dvar2: 25.5375823975
        max: 51.8048210144
        mean: 19.2030525208
        median: 17.959022522
        min: 1.08131039143
        var: 157.613967896
    dissonance:
        dmean: 0.0173872355372
        dmean2: 0.029620623216
        dvar: 0.000276357546682
        dvar2: 0.000787649012636
        max: 0.5
        mean: 0.45655593276
        median: 0.46328318119
        min: 0.297472268343
        var: 0.000820277666207
    hfc:
        dmean: 1.02239453793
        dmean2: 1.64656305313
        dvar: 4.03960418701
        dvar2: 10.9648733139
        max: 54.2628555298
        mean: 4.01658678055
        median: 1.41414546967
        min: 1.0638468458e-016
        var: 30.8713245392
    pitch:
        dmean: 228.904998779
        dmean2: 446.152496338
        dvar: 439115.875
        dvar2: 1159571.375
        max: 4175.77099609
        mean: 409.3878479
        median: 209.358612061
        min: 43.0243911743
        var: 450080.6875
    pitch_instantaneous_confidence:
        dmean: 0.0776537507772
        dmean2: 0.125837624073
        dvar: 0.00452260207385
        dvar2: 0.0115253850818
        max: 0.938613474369
        mean: 0.52880603075
        median: 0.519463121891
        min: 0.0958968400955
        var: 0.0221260283142
    pitch_salience:
        dmean: 0.0601043738425
        dmean2: 0.0994568690658
        dvar: 0.00285504176281
        dvar2: 0.0079533373937
        max: 0.998477697372
        mean: 0.552730023861
        median: 0.551819801331
        min: 0.229944437742
        var: 0.0110174845904
    silence_rate_20dB:
        dmean: 0
        dmean2: 0
        dvar: 0
        dvar2: 0
        max: 1
        mean: 1
        median: 1
        min: 1
        var: 0
    silence_rate_30dB:
        dmean: 0
        dmean2: 0
        dvar: 0
        dvar2: 0
        max: 1
        mean: 1
        median: 1
        min: 1
        var: 0
    silence_rate_60dB:
        dmean: 0.0517493896186
        dmean2: 0.103515625
        dvar: 0.0490748137236
        dvar2: 0.110704950988
        max: 1
        mean: 0.601204037666
        median: 1
        min: 0
        var: 0.239760071039
    spectral_centroid:
        dmean: 130.831069946
        dmean2: 208.753219604
        dvar: 30781.3261719
        dvar2: 68205.4453125
        max: 11557.2050781
        mean: 909.882019043
        median: 622.483459473
        min: 183.409103394
        var: 1051315.125
    spectral_complexity:
        dmean: 1.37705457211
        dmean2: 2.29720044136
        dvar: 2.50634360313
        dvar2: 6.03478050232
        max: 37
        mean: 8.04441928864
        median: 6
        min: 0
        var: 39.8303718567
    spectral_crest:
        dmean: 2.0640835762
        dmean2: 3.38206672668
        dvar: 3.40519070625
        dvar2: 9.42642688751
        max: 23.6138534546
        mean: 10.2222948074
        median: 9.80350494385
        min: 3.09494805336
        var: 13.1399374008
    spectral_decrease:
        dmean: 1.67711469712e-010
        dmean2: 2.6616131521e-010
        dvar: 5.08686737658e-020
        dvar2: 1.30202390168e-019
        max: 1.82980256789e-028
        mean: -7.76311015471e-010
        median: -5.64509106127e-010
        min: -5.21872722814e-009
        var: 4.82621475225e-019
    spectral_energy:
        dmean: 0.000709926651325
        dmean2: 0.00112983235158
        dvar: 9.62530180004e-007
        dvar2: 2.4901148663e-006
        max: 0.0213009566069
        mean: 0.0032942914404
        median: 0.00227794516832
        min: 9.88652892031e-021
        var: 9.40916834224e-006
    spectral_energyband_high:
        dmean: 2.92599488603e-005
        dmean2: 4.88655605295e-005
        dvar: 6.73103750515e-009
        dvar2: 1.71539973337e-008
        max: 0.00224606948905
        mean: 8.58119892655e-005
        median: 4.25260441261e-006
        min: 7.1053602928e-021
        var: 3.15827151098e-008
    spectral_energyband_low:
        dmean: 9.98118121061e-005
        dmean2: 0.000164439246873
        dvar: 2.77136091853e-008
        dvar2: 8.11289950775e-008
        max: 0.00275091314688
        mean: 0.000277575076325
        median: 0.000184043426998
        min: 1.59284995379e-023
        var: 9.5470156225e-008
    spectral_energyband_middle_high:
        dmean: 0.000382712576538
        dmean2: 0.00061287463177
        dvar: 5.85716065871e-007
        dvar2: 1.54332212787e-006
        max: 0.0168283767998
        mean: 0.00122338696383
        median: 0.000370346038835
        min: 1.19855986794e-021
        var: 3.19133482662e-006
    spectral_energyband_middle_low:
        dmean: 0.00047587743029
        dmean2: 0.000759505026508
        dvar: 4.41778723825e-007
        dvar2: 1.09884365429e-006
        max: 0.0173391308635
        mean: 0.00185953523032
        median: 0.00148825184442
        min: 1.48291537089e-022
        var: 2.7378264349e-006
    spectral_flatness_db:
        dmean: 0.0169331245124
        dmean2: 0.0279721301049
        dvar: 0.000235580489971
        dvar2: 0.000617033161689
        max: 0.464629203081
        mean: 0.24883325398
        median: 0.242429256439
        min: 0.0495936609805
        var: 0.00263823964633
    spectral_flux:
        dmean: 0.00520762335509
        dmean2: 0.00870621204376
        dvar: 3.73303519154e-005
        dvar2: 9.75614457275e-005
        max: 0.0974307730794
        mean: 0.0226197987795
        median: 0.0187370274216
        min: 6.54156381841e-011
        var: 0.00022169474687
    spectral_kurtosis:
        dmean: 5.86268901825
        dmean2: 10.1791391373
        dvar: 37.6491470337
        dvar2: 110.649147034
        max: 101.745285034
        mean: 13.148935318
        median: 10.5312519073
        min: -1.27890253067
        var: 117.086151123
    spectral_rms:
        dmean: 0.000182666932233
        dmean2: 0.000288250419544
        dvar: 3.90079577528e-008
        dvar2: 9.61588497717e-008
        max: 0.00455866428092
        mean: 0.00159644091036
        median: 0.00149076676462
        min: 3.1057036283e-012
        var: 6.65313621084e-007
    spectral_rolloff:
        dmean: 231.581344604
        dmean2: 410.77822876
        dvar: 182116.375
        dvar2: 426796.875
        max: 19466.015625
        mean: 1676.41040039
        median: 1442.72460938
        min: 193.798828125
        var: 3479239.5
    spectral_skewness:
        dmean: 0.457226485014
        dmean2: 0.785844624043
        dvar: 0.178732186556
        dvar2: 0.519543528557
        max: 7.80855607986
        mean: 2.18782353401
        median: 2.10463047028
        min: -0.0751471072435
        var: 1.17851150036
    spectral_spread:
        dmean: 198915.234375
        dmean2: 334327.96875
        dvar: 257011236864
        dvar2: 455733968896
        max: 42731816
        mean: 2501112.75
        median: 2236291
        min: 706986.75
        var: 1.06343673364e+013
    spectral_strongpeak:
        dmean: 0.438007205725
        dmean2: 0.755528628826
        dvar: 0.950877845287
        dvar2: 2.44465303421
        max: 15.1350126266
        mean: 0.766785502434
        median: 0.223544493318
        min: 0
        var: 2.23989653587
    zerocrossingrate:
        dmean: 0.00507192732766
        dmean2: 0.0063261189498
        dvar: 3.2391755667e-005
        dvar2: 4.00900498789e-005
        max: 0.5224609375
        mean: 0.054945781827
        median: 0.044921875
        min: 0.00439453125
        var: 0.00237801508047
    barkbands:
        dmean: [1.34585789624e-007, 1.66789795912e-005, 3.67977409041e-005, 0.000160748677445, 0.000268835166935, 0.000142727993079, 0.000107970052341, 2.55045997619e-005, 4.00527387683e-005, 2.06874410651e-005, 2.10085545405e-005, 9.19577905734e-006, 9.83211612038e-006, 1.87992409337e-005, 5.0218335673e-005, 0.000196216569748, 9.01032763068e-005, 8.17367545096e-005, 0.000126045226352, 4.35368201579e-005, 1.85762328329e-005, 2.88482260657e-006, 3.45120945155e-008, 8.02488475671e-009, 1.89649984605e-009, 1.3975499924e-010, 1.2470505184e-010]
        dmean2: [2.08874482155e-007, 2.55303912127e-005, 5.74539008085e-005, 0.000267838360742, 0.000436363654444, 0.000201260394533, 0.00018293649191, 3.58847282769e-005, 5.28378986928e-005, 2.92831464321e-005, 2.98171653412e-005, 1.37478755278e-005, 1.49967463585e-005, 2.72637826129e-005, 7.24210185581e-005, 0.000318678183248, 0.000146723425132, 0.000128490690258, 0.000210757993045, 7.3967858043e-005, 3.18410020554e-005, 4.66109349873e-006, 5.63290463163e-008, 1.29098891577e-008, 2.98840263646e-009, 2.43956327362e-010, 2.25753180039e-010]
        dvar: [5.5895284061e-014, 1.03702535448e-009, 4.23830437413e-009, 8.37518925323e-008, 1.3146411959e-007, 9.76703873334e-008, 4.40940830515e-008, 3.03103453447e-009, 6.52018794511e-009, 2.93401480889e-009, 5.97309135486e-009, 1.10417963661e-009, 6.13815331896e-010, 2.84499468428e-009, 2.06555874627e-008, 2.79198019371e-007, 3.73328603587e-008, 4.98540977389e-008, 2.00877977363e-007, 1.69293397079e-008, 3.34575389616e-009, 1.5119615282e-010, 6.14334827787e-015, 4.36350849193e-016, 1.77430803875e-017, 2.06461489159e-019, 2.35025664222e-019]
        dvar2: [1.27619675895e-013, 2.07871297953e-009, 1.03514130601e-008, 2.26982535878e-007, 3.48688246277e-007, 1.96095882643e-007, 1.2885094236e-007, 5.46164580228e-009, 1.15313634197e-008, 5.28819121826e-009, 1.02952997239e-008, 2.49950637965e-009, 1.32565869393e-009, 5.2717470389e-009, 4.17969765465e-008, 7.14398368018e-007, 9.44946592085e-008, 1.17309035375e-007, 5.62254911074e-007, 4.81586965861e-008, 8.53618775665e-009, 3.22419119181e-010, 1.57360747561e-014, 1.05595372957e-015, 3.82080382854e-017, 3.05962347109e-019, 3.35238853927e-019]
        max: [4.66470373794e-006, 0.000649860536214, 0.00160950119607, 0.00574319716543, 0.00551224919036, 0.0106215206906, 0.00564344413579, 0.00134536309633, 0.00267078727484, 0.00149376154877, 0.00311391754076, 0.00121283857152, 0.000622805964667, 0.00209810840897, 0.00439587561414, 0.0113219963387, 0.00320560764521, 0.00584443053231, 0.0141667732969, 0.00390456686728, 0.00217913952656, 0.000573307159357, 1.67680775576e-006, 6.47863373615e-007, 1.67583806387e-007, 3.20658202213e-008, 3.45085986453e-008]
        mean: [4.39062347368e-007, 4.46106569143e-005, 9.98608011287e-005, 0.000383697653888, 0.000634370837361, 0.000431516731624, 0.00021960689628, 5.64554611628e-005, 0.000108130392618, 4.35192669102e-005, 3.78122495022e-005, 1.72257932718e-005, 1.90625742107e-005, 3.62196515198e-005, 8.80367588252e-005, 0.000339129415806, 0.000166507044923, 0.000145454934682, 0.000270863238256, 9.84227372101e-005, 4.62847856397e-005, 6.9491998147e-006, 8.84669475454e-008, 2.48817748627e-008, 6.36052899239e-009, 2.70342720432e-010, 9.85014222965e-011]
        median: [1.47105197357e-007, 1.59484989126e-005, 4.04598613386e-005, 0.00018013259978, 0.000427770952228, 0.000190476785065, 9.56336007221e-005, 2.00031918212e-005, 2.01279763132e-005, 9.57726751949e-006, 8.70273743203e-006, 2.99605289911e-006, 3.41780605595e-006, 7.16610520612e-006, 1.62803698913e-005, 6.88599538989e-005, 3.33659991156e-005, 1.88756639545e-005, 1.34248066388e-005, 6.62756519887e-006, 1.03581237454e-006, 1.42991680718e-007, 2.20980354015e-008, 5.67411451158e-009, 1.77048753436e-009, 1.09878800503e-010, 2.15353845867e-011]
        min: [9.30823820687e-026, 2.58257322594e-024, 2.32838508456e-024, 2.30046788877e-024, 8.96109700729e-024, 1.22629469013e-023, 1.25249031532e-023, 1.03333110856e-023, 1.52660346601e-023, 1.49326920183e-023, 1.96808142524e-023, 2.75456091716e-023, 2.55564821996e-023, 3.96725312093e-023, 4.34995510514e-023, 7.34482514214e-023, 8.96253210305e-023, 9.84686915918e-023, 1.30373880603e-022, 2.21379689285e-022, 2.58690285747e-022, 3.00489942522e-022, 3.70031956689e-022, 5.68748770261e-022, 8.89725443113e-022, 1.49025503373e-021, 2.01619619755e-021]
        var: [4.99996203294e-013, 4.39182956669e-009, 2.62507544591e-008, 2.91984633805e-007, 4.19625877157e-007, 5.93090419443e-007, 1.61047395864e-007, 1.17338485595e-008, 4.53700828018e-008, 1.24262546919e-008, 1.88251458866e-008, 2.44745268496e-009, 1.57810531309e-009, 1.01955910381e-008, 5.28861967553e-008, 7.2581758559e-007, 9.00651997426e-008, 1.02768545673e-007, 6.02401655669e-007, 5.24489038867e-008, 1.21576562151e-008, 4.63171195841e-010, 1.7468895796e-014, 1.7094208019e-015, 8.46801932253e-017, 2.80185925806e-019, 2.30177868845e-019]
    frequency_bands:
        dmean: [1.34585789624e-007, 1.66789795912e-005, 3.67977409041e-005, 0.000160748677445, 0.000268835166935, 0.000142727993079, 0.000107970052341, 2.55045997619e-005, 4.00527387683e-005, 2.06874410651e-005, 2.10085545405e-005, 9.19577905734e-006, 9.83211612038e-006, 1.87992409337e-005, 5.0218335673e-005, 0.000196216569748, 9.01032763068e-005, 8.17367545096e-005, 0.000126045226352, 4.35368201579e-005, 1.85762328329e-005, 2.88482260657e-006, 3.45120945155e-008, 8.02488475671e-009, 1.89649984605e-009, 1.3975499924e-010, 1.2470505184e-010, 3.55766978377e-011]
        dmean2: [2.08874482155e-007, 2.55303912127e-005, 5.74539008085e-005, 0.000267838360742, 0.000436363654444, 0.000201260394533, 0.00018293649191, 3.58847282769e-005, 5.28378986928e-005, 2.92831464321e-005, 2.98171653412e-005, 1.37478755278e-005, 1.49967463585e-005, 2.72637826129e-005, 7.24210185581e-005, 0.000318678183248, 0.000146723425132, 0.000128490690258, 0.000210757993045, 7.3967858043e-005, 3.18410020554e-005, 4.66109349873e-006, 5.63290463163e-008, 1.29098891577e-008, 2.98840263646e-009, 2.43956327362e-010, 2.25753180039e-010, 6.43902639541e-011]
        dvar: [5.5895284061e-014, 1.03702535448e-009, 4.23830437413e-009, 8.37518925323e-008, 1.3146411959e-007, 9.76703873334e-008, 4.40940830515e-008, 3.03103453447e-009, 6.52018794511e-009, 2.93401480889e-009, 5.97309135486e-009, 1.10417963661e-009, 6.13815331896e-010, 2.84499468428e-009, 2.06555874627e-008, 2.79198019371e-007, 3.73328603587e-008, 4.98540977389e-008, 2.00877977363e-007, 1.69293397079e-008, 3.34575389616e-009, 1.5119615282e-010, 6.14334827787e-015, 4.36350849193e-016, 1.77430803875e-017, 2.06461489159e-019, 2.35025664222e-019, 1.92919586104e-020]
        dvar2: [1.27619675895e-013, 2.07871297953e-009, 1.03514130601e-008, 2.26982535878e-007, 3.48688246277e-007, 1.96095882643e-007, 1.2885094236e-007, 5.46164580228e-009, 1.15313634197e-008, 5.28819121826e-009, 1.02952997239e-008, 2.49950637965e-009, 1.32565869393e-009, 5.2717470389e-009, 4.17969765465e-008, 7.14398368018e-007, 9.44946592085e-008, 1.17309035375e-007, 5.62254911074e-007, 4.81586965861e-008, 8.53618775665e-009, 3.22419119181e-010, 1.57360747561e-014, 1.05595372957e-015, 3.82080382854e-017, 3.05962347109e-019, 3.35238853927e-019, 2.74119544753e-020]
        max: [4.66470373794e-006, 0.000649860536214, 0.00160950119607, 0.00574319716543, 0.00551224919036, 0.0106215206906, 0.00564344413579, 0.00134536309633, 0.00267078727484, 0.00149376154877, 0.00311391754076, 0.00121283857152, 0.000622805964667, 0.00209810840897, 0.00439587561414, 0.0113219963387, 0.00320560764521, 0.00584443053231, 0.0141667732969, 0.00390456686728, 0.00217913952656, 0.000573307159357, 1.67680775576e-006, 6.47863373615e-007, 1.67583806387e-007, 3.20658202213e-008, 3.45085986453e-008, 9.89999193735e-009]
        mean: [4.39062347368e-007, 4.46106569143e-005, 9.98608011287e-005, 0.000383697653888, 0.000634370837361, 0.000431516731624, 0.00021960689628, 5.64554611628e-005, 0.000108130392618, 4.35192669102e-005, 3.78122495022e-005, 1.72257932718e-005, 1.90625742107e-005, 3.62196515198e-005, 8.80367588252e-005, 0.000339129415806, 0.000166507044923, 0.000145454934682, 0.000270863238256, 9.84227372101e-005, 4.62847856397e-005, 6.9491998147e-006, 8.84669475454e-008, 2.48817748627e-008, 6.36052899239e-009, 2.70342720432e-010, 9.85014222965e-011, 2.79197151509e-011]
        median: [1.47105197357e-007, 1.59484989126e-005, 4.04598613386e-005, 0.00018013259978, 0.000427770952228, 0.000190476785065, 9.56336007221e-005, 2.00031918212e-005, 2.01279763132e-005, 9.57726751949e-006, 8.70273743203e-006, 2.99605289911e-006, 3.41780605595e-006, 7.16610520612e-006, 1.62803698913e-005, 6.88599538989e-005, 3.33659991156e-005, 1.88756639545e-005, 1.34248066388e-005, 6.62756519887e-006, 1.03581237454e-006, 1.42991680718e-007, 2.20980354015e-008, 5.67411451158e-009, 1.77048753436e-009, 1.09878800503e-010, 2.15353845867e-011, 5.94344885807e-012]
        min: [9.30823820687e-026, 2.58257322594e-024, 2.32838508456e-024, 2.30046788877e-024, 8.96109700729e-024, 1.22629469013e-023, 1.25249031532e-023, 1.03333110856e-023, 1.52660346601e-023, 1.49326920183e-023, 1.96808142524e-023, 2.75456091716e-023, 2.55564821996e-023, 3.96725312093e-023, 4.34995510514e-023, 7.34482514214e-023, 8.96253210305e-023, 9.84686915918e-023, 1.30373880603e-022, 2.21379689285e-022, 2.58690285747e-022, 3.00489942522e-022, 3.70031956689e-022, 5.68748770261e-022, 8.89725443113e-022, 1.49025503373e-021, 2.01619619755e-021, 5.20729986545e-022]
        var: [4.99996203294e-013, 4.39182956669e-009, 2.62507544591e-008, 2.91984633805e-007, 4.19625877157e-007, 5.93090419443e-007, 1.61047395864e-007, 1.17338485595e-008, 4.53700828018e-008, 1.24262546919e-008, 1.88251458866e-008, 2.44745268496e-009, 1.57810531309e-009, 1.01955910381e-008, 5.28861967553e-008, 7.2581758559e-007, 9.00651997426e-008, 1.02768545673e-007, 6.02401655669e-007, 5.24489038867e-008, 1.21576562151e-008, 4.63171195841e-010, 1.7468895796e-014, 1.7094208019e-015, 8.46801932253e-017, 2.80185925806e-019, 2.30177868845e-019, 1.88968942417e-020]
    mfcc:
        mean: [-818.520324707, 166.417861938, -37.3918876648, 56.9344406128, 10.9831113815, -22.7939434052, -11.8475370407, -12.5760889053, -1.84752821922, -9.97127151489, -15.7002305984, -9.91302680969, -1.55228483677]
        cov: [[6587.92529297, 43.998916626, -2728.84765625, 1679.20959473, -1017.99853516, 184.144866943, 2.58113455772, -240.369735718, 541.750915527, -174.588317871, 320.790679932, -115.043083191, -198.067947388], [43.998916626, 425.144866943, 143.894439697, -108.391113281, 211.282073975, -88.7141647339, -66.5695495605, 11.7265100479, -50.5224304199, 11.5425167084, -79.0849380493, -19.1821746826, 6.26534080505], [-2728.84765625, 143.894439697, 1356.61804199, -662.848266602, 409.388214111, -37.0635490417, 40.7614326477, 116.949195862, -251.575210571, 51.975528717, -127.877563477, 59.2618179321, 102.766639709], [1679.20959473, -108.391113281, -662.848266602, 594.181396484, -308.562805176, 84.8008346558, 65.357925415, -68.2163238525, 181.902114868, -50.6479110718, 93.3007049561, -7.80357170105, -36.750995636], [-1017.99853516, 211.282073975, 409.388214111, -308.562805176, 452.931335449, -85.2678604126, -109.782737732, 53.0219345093, -86.6532821655, 55.8569908142, -139.401855469, -11.2868080139, 45.1862602234], [184.144866943, -88.7141647339, -37.0635490417, 84.8008346558, -85.2678604126, 150.091430664, 68.3108673096, -8.03187465668, 17.1974449158, -24.3230953217, 54.1960067749, 3.54784846306, 7.51118564606], [2.58113455772, -66.5695495605, 40.7614326477, 65.357925415, -109.782737732, 68.3108673096, 150.450485229, 24.2418174744, -3.25861573219, -11.5988197327, 42.3462982178, 23.0787887573, -0.521269381046], [-240.369735718, 11.7265100479, 116.949195862, -68.2163238525, 53.0219345093, -8.03187465668, 24.2418174744, 113.545379639, 8.16806697845, -8.55113315582, -12.0593652725, -1.25292313099, 19.0077705383], [541.750915527, -50.5224304199, -251.575210571, 181.902114868, -86.6532821655, 17.1974449158, -3.25861573219, 8.16806697845, 160.746749878, 20.1110439301, -8.44704437256, -4.85012817383, -3.57807803154], [-174.588317871, 11.5425167084, 51.975528717, -50.6479110718, 55.8569908142, -24.3230953217, -11.5988197327, -8.55113315582, 20.1110439301, 91.5345840454, -7.77043247223, 0.195258706808, 9.37330532074], [320.790679932, -79.0849380493, -127.877563477, 93.3007049561, -139.401855469, 54.1960067749, 42.3462982178, -12.0593652725, -8.44704437256, -7.77043247223, 137.139251709, 22.1843147278, -31.0286006927], [-115.043083191, -19.1821746826, 59.2618179321, -7.80357170105, -11.2868080139, 3.54784846306, 23.0787887573, -1.25292313099, -4.85012817383, 0.195258706808, 22.1843147278, 69.5213623047, 20.530298233], [-198.067947388, 6.26534080505, 102.766639709, -36.750995636, 45.1862602234, 7.51118564606, -0.521269381046, 19.0077705383, -3.57807803154, 9.37330532074, -31.0286006927, 20.530298233, 94.8179244995]]
        icov: [[0.243523523211, -0.33876055479, 0.330455511808, -0.316477745771, 0.295123845339, -0.264595836401, 0.239589571953, -0.206297069788, 0.170711562037, -0.128044471145, 0.0910671576858, -0.0564849451184, 0.0343854688108], [-0.33876055479, 0.474659800529, -0.459782332182, 0.439681559801, -0.412254542112, 0.369602650404, -0.333562493324, 0.287364572287, -0.237079039216, 0.178788274527, -0.126676738262, 0.0792785659432, -0.0477629043162], [0.330455511808, -0.459782332182, 0.450912415981, -0.427762120962, 0.400060683489, -0.360071986914, 0.323779016733, -0.281067758799, 0.233676820993, -0.174769595265, 0.125258639455, -0.078468836844, 0.0462395995855], [-0.316477745771, 0.439681559801, -0.427762120962, 0.418675750494, -0.384776413441, 0.345343917608, -0.316541045904, 0.273617565632, -0.229916036129, 0.172241866589, -0.123017653823, 0.0758373662829, -0.0472145751119], [0.295123845339, -0.412254542112, 0.400060683489, -0.384776413441, 0.366551876068, -0.324764460325, 0.297475010157, -0.256714940071, 0.214140623808, -0.162742838264, 0.118857301772, -0.0723758563399, 0.0438747145236], [-0.264595836401, 0.369602650404, -0.360071986914, 0.345343917608, -0.324764460325, 0.301961690187, -0.268576323986, 0.231796815991, -0.194127112627, 0.147909551859, -0.10905418545, 0.0684449523687, -0.0425832979381], [0.239589571953, -0.333562493324, 0.323779016733, -0.316541045904, 0.297475010157, -0.268576323986, 0.253847539425, -0.213916540146, 0.178783982992, -0.135440334678, 0.0980649441481, -0.0630510151386, 0.0385840758681], [-0.206297069788, 0.287364572287, -0.281067758799, 0.273617565632, -0.256714940071, 0.231796815991, -0.213916540146, 0.196006089449, -0.160431191325, 0.121893122792, -0.0893668234348, 0.0566756241024, -0.0353568717837], [0.170711562037, -0.237079039216, 0.233676820993, -0.229916036129, 0.214140623808, -0.194127112627, 0.178783982992, -0.160431191325, 0.147104620934, -0.107376657426, 0.0810995697975, -0.0496088005602, 0.0298077091575], [-0.128044471145, 0.178788274527, -0.174769595265, 0.172241866589, -0.162742838264, 0.147909551859, -0.135440334678, 0.121893122792, -0.107376657426, 0.0922633036971, -0.0618656426668, 0.0380554199219, -0.0241071879864], [0.0910671576858, -0.126676738262, 0.125258639455, -0.123017653823, 0.118857301772, -0.10905418545, 0.0980649441481, -0.0893668234348, 0.0810995697975, -0.0618656426668, 0.05925822258, -0.0335517935455, 0.0214465055615], [-0.0564849451184, 0.0792785659432, -0.078468836844, 0.0758373662829, -0.0723758563399, 0.0684449523687, -0.0630510151386, 0.0566756241024, -0.0496088005602, 0.0380554199219, -0.0335517935455, 0.0367627553642, -0.0160029157996], [0.0343854688108, -0.0477629043162, 0.0462395995855, -0.0472145751119, 0.0438747145236, -0.0425832979381, 0.0385840758681, -0.0353568717837, 0.0298077091575, -0.0241071879864, 0.0214465055615, -0.0160029157996, 0.0208709705621]]
    sccoeffs:
        dmean: [0.0425837598741, 0.0402961634099, 0.033481631428, 0.0314843207598, 0.0209444873035, 0.0129602495581]
        dmean2: [0.0722599849105, 0.0660426691175, 0.0537571869791, 0.0505037754774, 0.0341515429318, 0.0214488413185]
        dvar: [0.00123814481776, 0.000999918556772, 0.000721319462173, 0.000720812589861, 0.000317429803545, 0.000144360179547]
        dvar2: [0.00354479369707, 0.00271251518279, 0.00183943717275, 0.00175845820922, 0.000782111601438, 0.000354360585334]
        max: [-0.328276157379, -0.417223840952, -0.496964931488, -0.437035322189, -0.530506789684, -0.485170125961]
        mean: [-0.624377787113, -0.704452633858, -0.76832318306, -0.742831945419, -0.759210765362, -0.739841997623]
        median: [-0.626621603966, -0.706134557724, -0.778356432915, -0.752151489258, -0.761273086071, -0.759832262993]
        min: [-0.981608510017, -0.986093819141, -0.997529864311, -0.987761199474, -0.989409446716, -0.964284598827]
        var: [0.00675346888602, 0.00478073814884, 0.0054532638751, 0.00728126335889, 0.00471718842164, 0.00587272970006]
    scvalleys:
        dmean: [0.301700234413, 0.293414473534, 0.275306850672, 0.225126162171, 0.177927151322, 0.111950308084]
        dmean2: [0.515067636967, 0.484110981226, 0.461726874113, 0.364044189453, 0.27792814374, 0.186222359538]
        dvar: [0.0795492827892, 0.0690354034305, 0.0620039813221, 0.0491606779397, 0.0410454459488, 0.0212466362864]
        dvar2: [0.19830070436, 0.158752351999, 0.14446336031, 0.104507803917, 0.0759296268225, 0.0409955121577]
        max: [-5.5560836792, -5.03288602829, -6.06047058105, -6.17245531082, -5.9710483551, -10.9116983414]
        mean: [-7.14270401001, -7.08140850067, -8.17674446106, -8.50377559662, -8.87814617157, -12.7879695892]
        median: [-6.94796466827, -6.91212940216, -8.07093048096, -8.37061309814, -8.8158788681, -12.7627916336]
        min: [-28.0954284668, -27.8215408325, -27.7630462646, -27.7264823914, -27.4938793182, -27.3815441132]
        var: [3.32107615471, 3.27392816544, 3.05505681038, 3.19088959694, 3.61384820938, 2.05562067032]

rhythm:
    beats_loudness:
        dmean: 0.00116133631673
        dmean2: 0.00198801420629
        dvar: 1.61683135502e-006
        dvar2: 3.81863992516e-006
        max: 0.0191119387746
        mean: 0.00378220947459
        median: 0.00301861460321
        min: 0
        var: 1.00131601357e-005
    bpm: 161.785812378
    bpm_confidence: 0
    first_peak_bpm: 161
    first_peak_spread: 0.381381422281
    first_peak_weight: 0.547872304916
    onset_rate: 1.87130975723
    second_peak_bpm: 167
    second_peak_spread: 0
    second_peak_weight: 0.0319148935378
    beats_loudness_band_ratio:
        dmean: [0.162050455809, 0.160488590598, 0.0781939774752, 0.0188048705459, 0.111350513995, 0.0285389330238]
        dmean2: [0.27122798562, 0.266937732697, 0.130716249347, 0.0315322950482, 0.183639734983, 0.0517533458769]
        dvar: [0.0206695534289, 0.0162224154919, 0.00460725557059, 0.000569217198063, 0.0166186504066, 0.00233216676861]
        dvar2: [0.0536533258855, 0.0448073111475, 0.0127341942862, 0.00140834914055, 0.0465526580811, 0.00763196824118]
        max: [0.886739850044, 0.90261298418, 0.431355565786, 0.266750991344, 0.758593142033, 0.37825730443]
        mean: [0.325958281755, 0.354745835066, 0.130092993379, 0.027788721025, 0.207493036985, 0.0535046346486]
        median: [0.261850088835, 0.32394361496, 0.109583318233, 0.0194127559662, 0.174418285489, 0.0159154292196]
        min: [0, 0, 0, 0, 0, 0]
        var: [0.055885579437, 0.0327101573348, 0.00792822241783, 0.000862139451783, 0.0375919491053, 0.00596534414217]
    beats_position: [0.383129239082, 0.777868449688, 1.17260766029, 1.55573689938, 1.95047616959, 2.35682535172, 2.75156450272, 3.15791368484, 3.56426286697, 3.97061228752, 4.37696123123, 4.78331041336, 5.17804956436, 5.56117916107, 5.94430828094, 6.33904743195, 6.73378658295, 7.11691617966, 7.47682523727, 7.84834432602, 8.2198638916, 8.59138298035, 8.96290206909, 9.33442115784, 9.682721138, 10.0426301956, 10.4141492844, 10.7856683731, 11.1571884155, 11.5287075043, 11.900226593, 12.2833557129, 12.6548748016, 13.0380039215, 13.4211339951, 13.8042631149, 14.1873922348, 14.5589113235, 14.9304304123, 15.301949501, 15.6850786209, 16.0682086945, 16.4513378143, 16.8344669342, 17.2175960541, 17.600725174, 17.9838542938, 18.3669834137, 18.7385025024, 19.1100215912, 19.4815406799, 19.8414516449, 20.2013607025, 20.549659729, 20.8979587555, 21.246257782, 21.6061668396, 21.9660758972, 22.3492050171, 22.7323360443, 23.1154651642, 23.4985942841, 23.8817234039, 24.2648525238, 24.6479816437, 25.0311107635, 25.4026298523, 25.7857589722, 26.168888092, 26.5520172119, 26.9351463318, 27.3182754517, 27.7014045715, 28.0845336914, 28.4560546875, 28.8275737762, 29.199092865, 29.5706119537, 29.9537410736, 30.3368701935, 30.6967792511, 31.0450782776, 31.4165973663, 31.7881164551, 32.1480255127, 32.5195465088, 32.9026756287, 33.2741928101, 33.6573219299, 34.028842926, 34.4119720459, 34.783493042, 35.1666221619, 35.5497512817, 35.9328804016, 36.3160095215, 36.6875267029, 37.0706558228, 37.4537849426, 37.8253059387, 38.2084350586, 38.5915641785, 38.9630813599, 39.334602356, 39.7061233521, 40.0776405334, 40.4491615295, 40.8206787109, 41.192199707, 41.5637168884, 41.9352378845, 42.3183670044, 42.6898841858, 43.0730133057, 43.4561424255, 43.8392753601, 44.2107925415, 44.5823135376, 44.953830719, 45.3253517151, 45.6968688965, 46.0683898926, 46.439907074, 46.8230361938, 47.2061653137, 47.5776863098, 47.9492073059, 48.3207244873, 48.6922454834, 49.0637626648, 49.4352836609, 49.8068008423, 50.1899299622, 50.5614509583, 50.9329681396, 51.3160972595, 51.6992263794, 52.0707473755, 52.4422683716, 52.813785553, 53.1853065491, 53.5684356689, 53.9399528503, 54.3114738464, 54.6946029663, 55.0777320862, 55.4608612061, 55.8439903259, 56.2155075073, 56.5870285034, 56.9585494995, 57.3300666809, 57.701587677, 58.0731048584, 58.4446258545, 58.8161430359, 59.187664032, 59.5591812134, 59.9423103333, 60.3254394531, 60.6969604492, 61.0684814453, 61.4399986267, 61.8115196228, 62.1830368042, 62.5661659241, 62.9376869202, 63.32081604, 63.6923332214, 64.0638504028, 64.4353713989, 64.806892395, 65.1784133911, 65.5615386963, 65.9330596924, 66.3045806885, 66.6877059937, 67.0708389282, 67.4539642334, 67.837097168, 68.2202224731, 68.5917434692, 68.9632644653, 69.3347854614, 69.7062988281, 70.0778198242, 70.4493408203, 70.8208618164, 71.1923828125, 71.5638961792, 71.9354171753, 72.3185501099, 72.701675415, 73.0731964111, 73.4447174072, 73.8162307739, 74.18775177, 74.5592727661, 74.9307937622, 75.3023147583, 75.6854400635, 76.068572998, 76.4400863647, 76.8116073608, 77.1831283569, 77.554649353, 77.9261627197, 78.3092956543, 78.6924285889, 79.075553894, 79.4586868286, 79.8302001953, 80.2017211914, 80.5732421875, 80.9447631836, 81.3162765503, 81.6877975464, 82.0593185425, 82.4424438477, 82.8139648438, 83.1970977783, 83.5686187744, 83.9401321411, 84.3116531372, 84.6947860718, 85.0662994385, 85.449432373, 85.8209533691, 86.1924667358, 86.5639877319, 86.935508728, 87.3070297241, 87.6901550293, 88.0732879639, 88.44480896, 88.8163223267, 89.1878433228, 89.5593643188, 89.9308853149, 90.3023986816, 90.6855316162, 91.0686569214, 91.451789856, 91.8349151611, 92.2064361572, 92.5895690918, 92.9494781494, 93.3209991455, 93.6925125122, 94.0640335083, 94.4355545044, 94.8186798096, 95.1902008057, 95.5733337402, 95.9448471069, 96.316368103, 96.6878890991, 97.0594100952, 97.4309310913, 97.802444458, 98.1855773926, 98.5687026978, 98.9402236938, 99.3117446899, 99.683265686, 100.054779053, 100.426300049, 100.797821045, 101.169342041, 101.540863037, 101.912376404, 102.2838974, 102.667030334, 103.05015564, 103.433288574, 103.816413879, 104.187934875, 104.571060181, 104.954193115, 105.325714111, 105.697235107, 106.068748474, 106.44026947, 106.811790466, 107.183311462, 107.554824829, 107.937957764, 108.321083069, 108.692604065, 109.064125061, 109.447257996, 109.830383301, 110.201904297, 110.573425293, 110.94493866, 111.316459656, 111.676368713, 112.036277771, 112.431015015, 112.814147949, 113.197273254, 113.580406189, 113.940315247, 114.311836243, 114.683357239, 115.054870605, 115.43800354, 115.821128845, 116.20426178, 116.575782776, 116.958908081, 117.330429077, 117.701950073, 118.07346344, 118.444984436, 118.816505432, 119.188026428, 119.559547424, 119.931060791, 120.314193726, 120.697319031, 121.068840027, 121.440361023, 121.811882019, 122.183395386, 122.56652832, 122.949661255, 123.321174622, 123.692695618, 124.064216614, 124.43573761, 124.807250977, 125.178771973, 125.550292969, 125.921813965, 126.293327332, 126.664848328, 127.047981262, 127.431106567, 127.802627563, 128.17414856, 128.545669556, 128.917190552, 129.300308228, 129.683441162, 130.054962158, 130.426483154, 130.79800415, 131.181137085, 131.564254761, 131.947387695, 132.33052063, 132.702041626, 133.073562622, 133.456680298, 133.839813232, 134.211334229, 134.582855225, 134.954376221, 135.325897217, 135.697418213, 136.080535889, 136.463668823, 136.858413696, 137.241546631, 137.624664307, 138.01940918, 138.437362671, 138.855331421, 139.273284912, 139.691238403, 140.109207153, 140.527160645, 140.945129395, 141.363082886, 141.769424438, 142.17578125]
    bpm_estimates: [166.708786011, 161.499099731, 161.498901367, 161.499099731, 161.499099731, 161.499099731, 166.708786011, 161.499099731, 161.499099731, 161.498687744, 161.499099731, 161.499099731, 161.499099731, 161.499099731, 161.499099731, 161.499099731, 161.499099731, 161.499099731, 161.499099731, 166.707901001, 166.708786011, 166.708786011, 166.708786011, 161.499099731, 161.498275757, 161.499099731, 161.499099731, 161.499099731, 166.708786011, 161.499099731, 161.499099731, 166.708786011, 161.498275757, 161.499938965, 161.498275757, 161.498275757, 161.499938965, 161.498275757, 161.499938965, 161.498275757, 161.498275757, 161.499938965, 161.498275757, 161.499938965, 161.498275757, 161.499938965, 161.498275757, 161.499938965, 161.499938965, 161.498275757, 161.499938965, 161.498275757, 161.499938965, 161.498275757, 161.499938965, 161.498275757, 161.498275757, 161.499938965, 161.498275757, 161.499938965, 161.498275757, 161.499938965, 161.498275757, 161.499938965, 161.498275757, 161.498275757, 161.499938965, 161.498275757, 161.499938965, 161.498275757, 161.499938965, 161.498275757, 161.498275757, 161.499938965, 161.498275757, 161.499938965, 161.498275757, 161.499938965, 161.498275757, 161.499938965, 161.498275757, 161.498275757, 161.499938965, 161.498275757, 161.499938965, 161.498275757, 161.499938965, 161.499938965, 161.498275757, 161.498275757, 161.498275757, 161.498275757, 161.498275757, 161.498275757, 161.498275757, 161.498275757, 161.501586914, 161.498275757, 161.498275757, 161.498275757, 161.498275757, 161.501586914, 161.498275757, 161.498275757, 161.498275757, 161.501586914, 161.498275757, 161.498275757, 161.498275757, 161.498275757, 161.501586914, 161.498275757, 161.498275757, 161.498275757, 161.501586914, 161.501586914, 161.498275757, 161.498275757, 161.498275757, 161.501586914, 161.498275757, 161.498275757, 161.498275757, 161.498275757, 161.501586914, 161.498275757, 161.501586914, 161.498275757, 161.501586914, 161.498275757, 161.498275757, 161.498275757, 161.498275757, 161.501586914, 161.498275757, 161.498275757, 161.498275757, 161.501586914, 161.498275757, 166.708786011, 161.498275757, 161.501586914, 161.498275757, 161.498275757, 161.498275757, 161.501586914, 161.498275757, 161.498275757, 161.498275757, 161.498275757, 161.501586914, 161.498275757, 161.498275757, 161.498275757, 161.501586914, 161.498275757, 161.498275757, 161.498275757, 161.498275757, 161.501586914, 161.498275757, 161.498275757, 161.498275757, 161.498275757, 161.501586914, 161.498275757, 161.498275757, 161.498275757, 161.501586914, 161.498275757, 161.498275757, 161.498275757, 161.498275757, 161.501586914, 161.498275757, 166.708786011, 166.708786011, 166.708786011, 161.498275757, 161.498275757, 161.501586914, 161.498275757, 161.498275757, 161.498275757, 161.501586914, 161.498275757, 161.498275757, 161.498275757, 161.498275757, 161.501586914, 161.498275757, 161.498275757, 161.498275757, 161.501586914, 161.501586914, 161.498275757, 161.498275757, 161.498275757, 161.501586914, 161.498275757, 161.498275757, 161.498275757, 161.501586914, 161.498275757, 161.498275757, 161.498275757, 161.498275757, 161.498275757, 161.498275757, 161.498275757, 161.498275757, 161.498275757, 161.498275757, 161.498275757, 161.498275757, 161.498275757, 161.498275757, 161.498275757]
