
metadata:
    version:
        essentia: "2.1-beta2"
    audio_properties:
        analysis_sample_rate: 44100
        bitrate: 320
        channels: 2
        equal_loudness: 1
        length: 258.011413574
        replay_gain: -15.7706613541
        downmix: "mix"
    tags:
        album: "The Poison"
        artist: "Bullet For My Valentine"
        comment: ""
        date: "2006"
        genre: "Metal"
        title: "Her Voice Resides"
        tracknumber: "2"

configuration:
    average_loudness:
        compute: 1
        frameSize: 88200
        hopSize: 44100
        silentFrames: "noise"
        windowType: "hann"
    general:
        analysisSampleRate: 44100
        endTime: 2000
        equalLoudness: 1
        nequalLoudness: 0
        shortSound: 0
        startTime: 0
    lowlevel:
        compute: 1
        frameSize: 2048
        hopSize: 1024
        zeroPadding: 0
        silentFrames: "noise"
        windowType: "blackmanharris62"
        mfccStats: ["mean", "cov", "icov"]
        stats: ["mean", "var", "median", "min", "max", "dmean", "dmean2", "dvar", "dvar2"]
    panning:
        compute: 0
        frameSize: 8192
        hopSize: 2048
        zeroPadding: 8192
        silentFrames: "noise"
        windowType: "hann"
        stats: ["copy"]
    rhythm:
        compute: 1
        maxTempo: 208
        minTempo: 40
        method: "degara"
        stats: ["mean", "var", "median", "min", "max", "dmean", "dmean2", "dvar", "dvar2"]
    segmentation:
        compute: 0
        cpw: 5
        inc1: 300
        inc2: 50
        minimumSegmentsLength: 10
        size1: 1000
        size2: 600
    sfx:
        compute: 1
        stats: ["mean", "var", "median", "min", "max", "dmean", "dmean2", "dvar", "dvar2"]
    svm:
        compute: 0
    tonal:
        compute: 1
        frameSize: 4096
        hopSize: 2048
        zeroPadding: 0
        silentFrames: "noise"
        windowType: "blackmanharris62"
        stats: ["mean", "var", "median", "min", "max", "dmean", "dmean2", "dvar", "dvar2"]

lowlevel:
    average_loudness: 0.913140833378
    barkbands_kurtosis:
        dmean: 0.852122485638
        dmean2: 1.37196183205
        dvar: 2.18363857269
        dvar2: 4.59201622009
        max: 106.684303284
        mean: -0.207828253508
        median: -0.705095350742
        min: -1.86818730831
        var: 11.3789863586
    barkbands_skewness:
        dmean: 0.404655337334
        dmean2: 0.619669318199
        dvar: 0.152189433575
        dvar2: 0.339670836926
        max: 8.17316436768
        mean: -0.644143283367
        median: -0.693564653397
        min: -3.4128806591
        var: 0.616797268391
    barkbands_spread:
        dmean: 5.94711303711
        dmean2: 9.37770938873
        dvar: 30.9608955383
        dvar2: 74.7014694214
        max: 71.2098388672
        mean: 33.1972312927
        median: 32.4702949524
        min: 0.777231872082
        var: 117.023193359
    dissonance:
        dmean: 0.00884948391467
        dmean2: 0.0151242725551
        dvar: 7.66239463701e-005
        dvar2: 0.000205403543077
        max: 0.5
        mean: 0.486192047596
        median: 0.48873925209
        min: 0.357061803341
        var: 0.00011878235091
    hfc:
        dmean: 3.5547118187
        dmean2: 5.82292556763
        dvar: 17.9882202148
        dvar2: 47.9069824219
        max: 47.5442428589
        mean: 12.756980896
        median: 11.9560537338
        min: 1.29292353149e-016
        var: 46.9453163147
    pitch:
        dmean: 980.196716309
        dmean2: 1860.25195313
        dvar: 1800809.375
        dvar2: 4189717.75
        max: 4815.57080078
        mean: 2031.96142578
        median: 2923.51342773
        min: 51.6555175781
        var: 2642172
    pitch_instantaneous_confidence:
        dmean: 0.0791946128011
        dmean2: 0.128959462047
        dvar: 0.00469831936061
        dvar2: 0.0114701623097
        max: 0.956268429756
        mean: 0.370702296495
        median: 0.345576643944
        min: 0.109221816063
        var: 0.017869438976
    pitch_salience:
        dmean: 0.0547558031976
        dmean2: 0.0899327546358
        dvar: 0.00242279097438
        dvar2: 0.00627314066514
        max: 0.858393013477
        mean: 0.682435870171
        median: 0.696644425392
        min: 0.142184972763
        var: 0.00582211231813
    silence_rate_20dB:
        dmean: 0
        dmean2: 0
        dvar: 0
        dvar2: 0
        max: 1
        mean: 1
        median: 1
        min: 1
        var: 0
    silence_rate_30dB:
        dmean: 0
        dmean2: 0
        dvar: 0
        dvar2: 0
        max: 1
        mean: 1
        median: 1
        min: 1
        var: 0
    silence_rate_60dB:
        dmean: 0.0739740803838
        dmean2: 0.147961482406
        dvar: 0.0685068741441
        dvar2: 0.148917362094
        max: 1
        mean: 0.198056325316
        median: 0
        min: 0
        var: 0.158816426992
    spectral_centroid:
        dmean: 301.796447754
        dmean2: 464.114624023
        dvar: 98830.4765625
        dvar2: 212590.78125
        max: 11064.3496094
        mean: 2313.94702148
        median: 2339.20361328
        min: 129.846694946
        var: 313378.9375
    spectral_complexity:
        dmean: 4.71598291397
        dmean2: 7.30807304382
        dvar: 18.7016124725
        dvar2: 42.9122161865
        max: 55
        mean: 21.2511482239
        median: 22
        min: 0
        var: 80.858001709
    spectral_crest:
        dmean: 1.70178902149
        dmean2: 2.85373878479
        dvar: 2.69845795631
        dvar2: 7.16731309891
        max: 21.1326389313
        mean: 6.18642807007
        median: 5.63342571259
        min: 2.59773635864
        var: 5.03149271011
    spectral_decrease:
        dmean: 2.52184828575e-010
        dmean2: 4.07591960183e-010
        dvar: 8.55202648273e-020
        dvar2: 2.17254128201e-019
        max: 1.51168504303e-028
        mean: -1.12788289819e-009
        median: -1.07879172262e-009
        min: -3.33898531046e-009
        var: 2.53558878491e-019
    spectral_energy:
        dmean: 0.00123136572074
        dmean2: 0.0019992236048
        dvar: 2.00662543648e-006
        dvar2: 5.16201271239e-006
        max: 0.0155091742054
        mean: 0.00541399279609
        median: 0.00520783104002
        min: 1.11566582885e-020
        var: 5.99859140493e-006
    spectral_energyband_high:
        dmean: 0.000390949018765
        dmean2: 0.000666717474815
        dvar: 2.88863674314e-007
        dvar2: 7.77277818997e-007
        max: 0.00530444597825
        mean: 0.00083181890659
        median: 0.000664738181513
        min: 7.94428541602e-021
        var: 3.93516472741e-007
    spectral_energyband_low:
        dmean: 0.00020273818518
        dmean2: 0.000324685883243
        dvar: 6.70438993211e-008
        dvar2: 1.66148225844e-007
        max: 0.00453876890242
        mean: 0.000392380199628
        median: 0.000299743551295
        min: 1.27582613041e-022
        var: 1.36275900786e-007
    spectral_energyband_middle_high:
        dmean: 0.000789090292528
        dmean2: 0.00124079501256
        dvar: 6.31172838439e-007
        dvar2: 1.5521198975e-006
        max: 0.0132745513692
        mean: 0.0032495635096
        median: 0.00299099599943
        min: 1.63155973707e-021
        var: 3.37103870152e-006
    spectral_energyband_middle_low:
        dmean: 0.000519038760103
        dmean2: 0.000837415573187
        dvar: 6.39799736746e-007
        dvar2: 1.61866466897e-006
        max: 0.00830620154738
        mean: 0.00107045192271
        median: 0.000801395799499
        min: 2.72645904114e-022
        var: 8.61531816554e-007
    spectral_flatness_db:
        dmean: 0.0138498693705
        dmean2: 0.0215061120689
        dvar: 0.000165235527675
        dvar2: 0.000353973708116
        max: 0.462353497744
        mean: 0.148192882538
        median: 0.142253354192
        min: 0.0740410760045
        var: 0.00106058968231
    spectral_flux:
        dmean: 0.00797665957361
        dmean2: 0.0122587224469
        dvar: 6.75710834912e-005
        dvar2: 0.000147226106492
        max: 0.113962069154
        mean: 0.0462036915123
        median: 0.0463299639523
        min: 1.05625085067e-010
        var: 0.00022811650706
    spectral_kurtosis:
        dmean: 0.929711520672
        dmean2: 1.5785908699
        dvar: 1.20456755161
        dvar2: 2.99264407158
        max: 56.6329612732
        mean: 2.55869531631
        median: 2.38151502609
        min: -1.20288681984
        var: 2.45978450775
    spectral_rms:
        dmean: 0.000252363039181
        dmean2: 0.00040138856275
        dvar: 7.06618052959e-008
        dvar2: 1.75347508957e-007
        max: 0.003889845917
        mean: 0.00223428220488
        median: 0.00225406535901
        min: 3.29917343445e-012
        var: 2.89932330588e-007
    spectral_rolloff:
        dmean: 314.665100098
        dmean2: 500.44329834
        dvar: 151284.75
        dvar2: 297107.84375
        max: 19250.6835938
        mean: 3898.00415039
        median: 3897.50976563
        min: 129.19921875
        var: 366222.53125
    spectral_skewness:
        dmean: 0.156749412417
        dmean2: 0.25700968504
        dvar: 0.0228433199227
        dvar2: 0.0546716190875
        max: 5.83169078827
        mean: 0.994427740574
        median: 0.979257702827
        min: -0.0323873832822
        var: 0.0816737115383
    spectral_spread:
        dmean: 449016.625
        dmean2: 656578.625
        dvar: 393483321344
        dvar2: 616640544768
        max: 40741372
        mean: 4355696.5
        median: 4203690.5
        min: 1158077.75
        var: 1.44851992576e+012
    spectral_strongpeak:
        dmean: 0.728561878204
        dmean2: 1.25850582123
        dvar: 0.945730388165
        dvar2: 2.4848947525
        max: 11.2557592392
        mean: 1.01606988907
        median: 0.439150869846
        min: 3.7458218749e-009
        var: 1.77438497543
    zerocrossingrate:
        dmean: 0.00849882699549
        dmean2: 0.0101096760482
        dvar: 7.95143205323e-005
        dvar2: 9.25982167246e-005
        max: 0.5068359375
        mean: 0.123276405036
        median: 0.1240234375
        min: 0.005859375
        var: 0.000495118321851
    barkbands:
        dmean: [9.87873889358e-008, 4.82269751956e-005, 0.000147277998622, 9.64703285717e-005, 0.000260939734289, 9.4391143648e-005, 0.000117255513032, 6.08599584666e-005, 0.000122444689623, 0.000128494080855, 9.23260304262e-005, 9.10701492103e-005, 8.15677485662e-005, 8.85602130438e-005, 8.46634284244e-005, 0.0001183809145, 0.000181406474439, 0.000259965279838, 0.000335043936502, 0.000314626668114, 0.000184294345672, 8.05927556939e-005, 1.25912356452e-005, 3.77766400561e-006, 2.0031029635e-006, 6.11371362425e-008, 4.02000016608e-010]
        dmean2: [1.75052051077e-007, 7.93201033957e-005, 0.000237301894231, 0.000161667951033, 0.000429347070167, 0.00015745087876, 0.000191229381016, 0.000102094738395, 0.00019761690055, 0.000205876669497, 0.000150049265358, 0.000147451501107, 0.000132418907015, 0.000144487887155, 0.000136506772833, 0.000193888146896, 0.00029515530332, 0.00042552058585, 0.000555690552574, 0.000526667805389, 0.000312777381623, 0.000139231648063, 2.13746698137e-005, 5.82558777751e-006, 3.04239711113e-006, 9.26584959871e-008, 7.0111111361e-010]
        dvar: [2.62223595837e-014, 5.12003950348e-009, 3.91614527473e-008, 1.57159636416e-008, 2.88050046038e-007, 3.8966462057e-008, 1.08979556046e-007, 2.42083082469e-008, 9.04346535435e-008, 7.49027222469e-008, 4.57066242632e-008, 4.19632222304e-008, 3.2534479999e-008, 2.9903183929e-008, 3.26756754987e-008, 3.05339469264e-008, 4.3533972871e-008, 1.25428911701e-007, 1.57193113637e-007, 1.68379131082e-007, 5.61541497746e-008, 1.65482365588e-008, 4.51606974039e-010, 7.08735847788e-011, 3.19322623898e-011, 7.71828686575e-014, 9.46940648819e-019]
        dvar2: [8.21567206627e-014, 1.33445725581e-008, 9.67321440726e-008, 4.11850891169e-008, 7.69530686284e-007, 9.88286572579e-008, 2.62929177097e-007, 6.12663697552e-008, 2.2252119436e-007, 1.83208044291e-007, 1.1264184252e-007, 1.02940205693e-007, 8.33450357618e-008, 7.18050259252e-008, 8.13845701941e-008, 7.16042336535e-008, 1.10441476409e-007, 3.3366899288e-007, 4.11054912774e-007, 4.29594024354e-007, 1.49519550519e-007, 4.34176747888e-008, 1.11381137646e-009, 1.24243754174e-010, 5.37960509472e-011, 1.54294518785e-013, 2.50575134624e-018]
        max: [1.66565644122e-006, 0.000678237527609, 0.00352202635258, 0.00141251389869, 0.0058156545274, 0.00487809395418, 0.00700064236298, 0.00450788391754, 0.00743073457852, 0.00521189486608, 0.00352125870995, 0.00452175457031, 0.00551476608962, 0.00419727386907, 0.00461079133675, 0.00592443486676, 0.00389872933738, 0.00799883715808, 0.00756157515571, 0.0069633400999, 0.00343217677437, 0.0017341269413, 0.000313273223583, 0.000236302075791, 0.000172678861418, 1.03052170743e-005, 2.12591224624e-008]
        mean: [1.11485157106e-007, 7.54802240408e-005, 0.000236547421082, 0.000141185577377, 0.000333574862452, 0.00014439271763, 0.000138226794661, 7.69695834606e-005, 0.000173581356648, 0.000201043309062, 0.000135460490128, 0.000149369589053, 0.000135415044497, 0.000149463870912, 0.000147332451888, 0.00023313384736, 0.000394827744458, 0.000571709126234, 0.000803023809567, 0.000634467578493, 0.000378820463084, 0.000128540035803, 2.09592344618e-005, 7.05523189026e-006, 3.21895095112e-006, 8.5672589023e-008, 4.14154543993e-010]
        median: [3.45193313933e-008, 5.2758732636e-005, 0.000159479532158, 9.2833317467e-005, 0.000150346226292, 7.82669740147e-005, 5.41068329767e-005, 3.39141806762e-005, 8.08720506029e-005, 5.88271359447e-005, 4.57755595562e-005, 4.92751096317e-005, 4.4921591325e-005, 6.44447136438e-005, 7.51947954996e-005, 0.000174665270606, 0.000325083296048, 0.0004471410939, 0.000664208317176, 0.000481546623632, 0.000304687448079, 8.71913143783e-005, 1.24300986499e-005, 3.93003483623e-006, 1.33807623115e-006, 2.49632581273e-008, 1.93648291846e-010]
        min: [4.79475621982e-023, 6.87186327087e-023, 9.48315016601e-024, 3.5639583961e-023, 8.68415713132e-024, 2.50644191659e-023, 2.58457101619e-023, 7.69693352273e-023, 9.08505293014e-023, 3.0475384931e-023, 6.18926950264e-023, 1.71988401189e-022, 6.37769303193e-023, 1.72903353622e-022, 1.12126606475e-022, 1.74690306588e-022, 2.3176531447e-022, 2.05238610665e-022, 2.56219068521e-022, 2.76586321134e-022, 4.60656146019e-022, 3.52097349159e-022, 5.0473113008e-022, 8.76204796337e-022, 1.14359042447e-021, 1.84985110533e-021, 2.92880683631e-021]
        var: [2.74706117093e-014, 6.4746443762e-009, 7.30541600547e-008, 2.40806947716e-008, 2.85802428834e-007, 5.04304971116e-008, 1.11285935134e-007, 2.69775224382e-008, 1.05580745924e-007, 1.3822757694e-007, 7.35504386284e-008, 8.03096256163e-008, 5.7526609254e-008, 5.45372245142e-008, 5.43928351249e-008, 6.41342694507e-008, 9.07992756538e-008, 2.4965419243e-007, 3.65039909411e-007, 3.02495465121e-007, 8.56135073946e-008, 1.88554380998e-008, 7.54988405127e-010, 1.78247902549e-010, 7.28193061406e-011, 1.12075557439e-013, 7.75288677595e-019]
    frequency_bands:
        dmean: [9.87873889358e-008, 4.82269751956e-005, 0.000147277998622, 9.64703285717e-005, 0.000260939734289, 9.4391143648e-005, 0.000117255513032, 6.08599584666e-005, 0.000122444689623, 0.000128494080855, 9.23260304262e-005, 9.10701492103e-005, 8.15677485662e-005, 8.85602130438e-005, 8.46634284244e-005, 0.0001183809145, 0.000181406474439, 0.000259965279838, 0.000335043936502, 0.000314626668114, 0.000184294345672, 8.05927556939e-005, 1.25912356452e-005, 3.77766400561e-006, 2.0031029635e-006, 6.11371362425e-008, 4.02000016608e-010, 6.3949068263e-011]
        dmean2: [1.75052051077e-007, 7.93201033957e-005, 0.000237301894231, 0.000161667951033, 0.000429347070167, 0.00015745087876, 0.000191229381016, 0.000102094738395, 0.00019761690055, 0.000205876669497, 0.000150049265358, 0.000147451501107, 0.000132418907015, 0.000144487887155, 0.000136506772833, 0.000193888146896, 0.00029515530332, 0.00042552058585, 0.000555690552574, 0.000526667805389, 0.000312777381623, 0.000139231648063, 2.13746698137e-005, 5.82558777751e-006, 3.04239711113e-006, 9.26584959871e-008, 7.0111111361e-010, 1.18697801588e-010]
        dvar: [2.62223595837e-014, 5.12003950348e-009, 3.91614527473e-008, 1.57159636416e-008, 2.88050046038e-007, 3.8966462057e-008, 1.08979556046e-007, 2.42083082469e-008, 9.04346535435e-008, 7.49027222469e-008, 4.57066242632e-008, 4.19632222304e-008, 3.2534479999e-008, 2.9903183929e-008, 3.26756754987e-008, 3.05339469264e-008, 4.3533972871e-008, 1.25428911701e-007, 1.57193113637e-007, 1.68379131082e-007, 5.61541497746e-008, 1.65482365588e-008, 4.51606974039e-010, 7.08735847788e-011, 3.19322623898e-011, 7.71828686575e-014, 9.46940648819e-019, 7.92541535829e-021]
        dvar2: [8.21567206627e-014, 1.33445725581e-008, 9.67321440726e-008, 4.11850891169e-008, 7.69530686284e-007, 9.88286572579e-008, 2.62929177097e-007, 6.12663697552e-008, 2.2252119436e-007, 1.83208044291e-007, 1.1264184252e-007, 1.02940205693e-007, 8.33450357618e-008, 7.18050259252e-008, 8.13845701941e-008, 7.16042336535e-008, 1.10441476409e-007, 3.3366899288e-007, 4.11054912774e-007, 4.29594024354e-007, 1.49519550519e-007, 4.34176747888e-008, 1.11381137646e-009, 1.24243754174e-010, 5.37960509472e-011, 1.54294518785e-013, 2.50575134624e-018, 2.48838029488e-020]
        max: [1.66565644122e-006, 0.000678237527609, 0.00352202635258, 0.00141251389869, 0.0058156545274, 0.00487809395418, 0.00700064236298, 0.00450788391754, 0.00743073457852, 0.00521189486608, 0.00352125870995, 0.00452175457031, 0.00551476608962, 0.00419727386907, 0.00461079133675, 0.00592443486676, 0.00389872933738, 0.00799883715808, 0.00756157515571, 0.0069633400999, 0.00343217677437, 0.0017341269413, 0.000313273223583, 0.000236302075791, 0.000172678861418, 1.03052170743e-005, 2.12591224624e-008, 1.14540654739e-009]
        mean: [1.11485157106e-007, 7.54802240408e-005, 0.000236547421082, 0.000141185577377, 0.000333574862452, 0.00014439271763, 0.000138226794661, 7.69695834606e-005, 0.000173581356648, 0.000201043309062, 0.000135460490128, 0.000149369589053, 0.000135415044497, 0.000149463870912, 0.000147332451888, 0.00023313384736, 0.000394827744458, 0.000571709126234, 0.000803023809567, 0.000634467578493, 0.000378820463084, 0.000128540035803, 2.09592344618e-005, 7.05523189026e-006, 3.21895095112e-006, 8.5672589023e-008, 4.14154543993e-010, 4.97354483986e-011]
        median: [3.45193313933e-008, 5.2758732636e-005, 0.000159479532158, 9.2833317467e-005, 0.000150346226292, 7.82669740147e-005, 5.41068329767e-005, 3.39141806762e-005, 8.08720506029e-005, 5.88271359447e-005, 4.57755595562e-005, 4.92751096317e-005, 4.4921591325e-005, 6.44447136438e-005, 7.51947954996e-005, 0.000174665270606, 0.000325083296048, 0.0004471410939, 0.000664208317176, 0.000481546623632, 0.000304687448079, 8.71913143783e-005, 1.24300986499e-005, 3.93003483623e-006, 1.33807623115e-006, 2.49632581273e-008, 1.93648291846e-010, 1.92803897847e-011]
        min: [4.79475621982e-023, 6.87186327087e-023, 9.48315016601e-024, 3.5639583961e-023, 8.68415713132e-024, 2.50644191659e-023, 2.58457101619e-023, 7.69693352273e-023, 9.08505293014e-023, 3.0475384931e-023, 6.18926950264e-023, 1.71988401189e-022, 6.37769303193e-023, 1.72903353622e-022, 1.12126606475e-022, 1.74690306588e-022, 2.3176531447e-022, 2.05238610665e-022, 2.56219068521e-022, 2.76586321134e-022, 4.60656146019e-022, 3.52097349159e-022, 5.0473113008e-022, 8.76204796337e-022, 1.14359042447e-021, 1.84985110533e-021, 2.92880683631e-021, 8.93850743885e-022]
        var: [2.74706117093e-014, 6.4746443762e-009, 7.30541600547e-008, 2.40806947716e-008, 2.85802428834e-007, 5.04304971116e-008, 1.11285935134e-007, 2.69775224382e-008, 1.05580745924e-007, 1.3822757694e-007, 7.35504386284e-008, 8.03096256163e-008, 5.7526609254e-008, 5.45372245142e-008, 5.43928351249e-008, 6.41342694507e-008, 9.07992756538e-008, 2.4965419243e-007, 3.65039909411e-007, 3.02495465121e-007, 8.56135073946e-008, 1.88554380998e-008, 7.54988405127e-010, 1.78247902549e-010, 7.28193061406e-011, 1.12075557439e-013, 7.75288677595e-019, 6.39986004861e-021]
    mfcc:
        mean: [-684.299804688, 80.251914978, -57.2456359863, 62.4117431641, -18.026468277, 1.39250504971, 2.41223406792, 1.0835903883, 0.633525311947, -6.8812713623, -3.21577882767, -6.5134935379, -6.26513242722]
        cov: [[2276.02734375, -207.749664307, 60.1536979675, -166.187088013, -103.763153076, 48.1606712341, 10.3611011505, 100.664161682, -72.2992858887, 22.0273628235, -4.1943821907, 10.0781230927, 19.1235599518], [-207.749664307, 608.901794434, -138.786941528, 191.639022827, 26.8553028107, 48.4330215454, 60.456325531, -3.55282402039, 18.908821106, -23.8953838348, 7.65291118622, -10.1079874039, -21.0189323425], [60.1536979675, -138.786941528, 559.364990234, 79.962852478, 196.234100342, 11.1382427216, -46.1648368835, 2.26004266739, -11.2423601151, 20.4823169708, -15.6257791519, 30.6426277161, 25.2695140839], [-166.187088013, 191.639022827, 79.962852478, 367.838562012, 96.2434997559, 10.8395185471, -46.301322937, -24.5017242432, 57.0018692017, 10.6424274445, 16.1208763123, 14.2451133728, 20.0398273468], [-103.763153076, 26.8553028107, 196.234100342, 96.2434997559, 204.449081421, 52.7913742065, 8.49786376953, 4.21109056473, 18.0018482208, 21.7844142914, 2.58246970177, 9.63588809967, -1.15642750263], [48.1606712341, 48.4330215454, 11.1382427216, 10.8395185471, 52.7913742065, 125.000282288, 71.8682098389, 46.1400489807, -2.86199402809, 8.87476730347, -1.92866122723, -2.34489655495, 4.55912351608], [10.3611011505, 60.456325531, -46.1648368835, -46.301322937, 8.49786376953, 71.8682098389, 152.992874146, 72.6184844971, 7.68292713165, -13.1338434219, -1.82280552387, -1.39394557476, -3.96591830254], [100.664161682, -3.55282402039, 2.26004266739, -24.5017242432, 4.21109056473, 46.1400489807, 72.6184844971, 127.96295929, 29.3948097229, 20.5873584747, -3.68573188782, -0.594495654106, 3.32741212845], [-72.2992858887, 18.908821106, -11.2423601151, 57.0018692017, 18.0018482208, -2.86199402809, 7.68292713165, 29.3948097229, 92.5296783447, 35.3140144348, 17.2232513428, -0.569023966789, -1.97267103195], [22.0273628235, -23.8953838348, 20.4823169708, 10.6424274445, 21.7844142914, 8.87476730347, -13.1338434219, 20.5873584747, 35.3140144348, 86.5091323853, 37.2335548401, 14.1337156296, -2.03313827515], [-4.1943821907, 7.65291118622, -15.6257791519, 16.1208763123, 2.58246970177, -1.92866122723, -1.82280552387, -3.68573188782, 17.2232513428, 37.2335548401, 75.366317749, 33.419921875, 8.44711971283], [10.0781230927, -10.1079874039, 30.6426277161, 14.2451133728, 9.63588809967, -2.34489655495, -1.39394557476, -0.594495654106, -0.569023966789, 14.1337156296, 33.419921875, 64.3580245972, 29.8408508301], [19.1235599518, -21.0189323425, 25.2695140839, 20.0398273468, -1.15642750263, 4.55912351608, -3.96591830254, 3.32741212845, -1.97267103195, -2.03313827515, 8.44711971283, 29.8408508301, 61.797039032]]
        icov: [[0.000519656809047, 8.91606032383e-005, -0.00015860577696, 5.01425602124e-005, 0.000447195081506, -0.000348080298863, 0.000240296518314, -0.000505084404722, 0.000451681262348, -0.000135025606141, -0.000103866899735, -4.19562638854e-006, 2.09750323847e-005], [8.91606032383e-005, 0.00259152217768, 0.000814554688986, -0.00172224431299, -0.000229537617997, -0.000299299805192, -0.00122691632714, 0.000216161337448, 0.000665183993988, 0.000409095053328, -0.000158214519615, -0.000140920077683, 0.00113105098717], [-0.00015860577696, 0.000814554688986, 0.0035820112098, -0.000468472804641, -0.00372757459991, 0.00105521641672, 0.000615761789959, -0.000796646054368, 0.00124552566558, -0.000324335705955, 0.0013462001225, -0.00116449745838, -0.000644471263513], [5.01425602124e-005, -0.00172224431299, -0.000468472804641, 0.00510587822646, -0.00142382178456, -0.00093068665592, 0.00265904492699, 0.000355042138835, -0.00335214217193, 0.00135050085373, -0.00053095741896, -0.000170692437678, -0.00177951867227], [0.000447195081506, -0.000229537617997, -0.00372757459991, -0.00142382178456, 0.0108191212639, -0.00438376422971, -0.000729680527002, 0.00151188729797, -0.00136176031083, -0.00117432430852, 9.39668971114e-005, -0.00072325754445, 0.00242145382799], [-0.000348080298863, -0.000299299805192, 0.00105521641672, -0.00093068665592, -0.00438376422971, 0.0148628419265, -0.0062137497589, -0.00188485987019, 0.00407393788919, -0.00349880079739, 0.000714709167369, 0.00253870058805, -0.00290826591663], [0.000240296518314, -0.00122691632714, 0.000615761789959, 0.00265904492699, -0.000729680527002, -0.0062137497589, 0.0145037574694, -0.00621660845354, -0.00219323299825, 0.00574910547584, -0.00207884865813, -0.00181731570046, 0.00138539809268], [-0.000505084404722, 0.000216161337448, -0.000796646054368, 0.000355042138835, 0.00151188729797, -0.00188485987019, -0.00621660845354, 0.0141739547253, -0.00426804274321, -0.00381326698698, 0.00324564706534, -0.000240451932768, -0.00114359054714], [0.000451681262348, 0.000665183993988, 0.00124552566558, -0.00335214217193, -0.00136176031083, 0.00407393788919, -0.00219323299825, -0.00426804274321, 0.0178746338934, -0.00641338946298, -0.00133618933614, 0.00291059166193, -0.000436022528447], [-0.000135025606141, 0.000409095053328, -0.000324335705955, 0.00135050085373, -0.00117432430852, -0.00349880079739, 0.00574910547584, -0.00381326698698, -0.00641338946298, 0.0208769980818, -0.00915431883186, -0.00119978294242, 0.00299884332344], [-0.000103866899735, -0.000158214519615, 0.0013462001225, -0.00053095741896, 9.39668971114e-005, 0.000714709167369, -0.00207884865813, 0.00324564706534, -0.00133618933614, -0.00915431883186, 0.023486988619, -0.0112522505224, 0.00112013157923], [-4.19562638854e-006, -0.000140920077683, -0.00116449745838, -0.000170692437678, -0.00072325754445, 0.00253870058805, -0.00181731570046, -0.000240451932768, 0.00291059166193, -0.00119978294242, -0.0112522505224, 0.0278040599078, -0.0116542484611], [2.09750323847e-005, 0.00113105098717, -0.000644471263513, -0.00177951867227, 0.00242145382799, -0.00290826591663, 0.00138539809268, -0.00114359054714, -0.000436022528447, 0.00299884332344, 0.00112013157923, -0.0116542484611, 0.023370468989]]
    sccoeffs:
        dmean: [0.0544215030968, 0.0489585623145, 0.0412722304463, 0.0307337082922, 0.0210616569966, 0.0208612717688]
        dmean2: [0.0882837325335, 0.0804152786732, 0.0675283148885, 0.0500558912754, 0.0345137268305, 0.0324834547937]
        dvar: [0.00192969373893, 0.00164915726054, 0.00112952257041, 0.000622895255219, 0.000312338845106, 0.000411163258832]
        dvar2: [0.00510344328359, 0.00423499941826, 0.00292199361138, 0.00153583241627, 0.000764662865549, 0.000910081842449]
        max: [-0.317507654428, -0.47396120429, -0.477992683649, -0.543210983276, -0.555950641632, -0.52082067728]
        mean: [-0.644263386726, -0.769857704639, -0.777289628983, -0.788744568825, -0.791081607342, -0.703339636326]
        median: [-0.649029135704, -0.778264522552, -0.786082863808, -0.79502671957, -0.796693205833, -0.705603718758]
        min: [-0.955797731876, -0.964883208275, -0.961911201477, -0.964321136475, -0.95587849617, -0.961834669113]
        var: [0.00499450042844, 0.00416961777955, 0.00378975248896, 0.00211691157892, 0.00116671377327, 0.00211480841972]
    scvalleys:
        dmean: [0.40741071105, 0.378269761801, 0.316514998674, 0.239217326045, 0.228269591928, 0.326962977648]
        dmean2: [0.663134694099, 0.615232050419, 0.497137367725, 0.375151515007, 0.347513616085, 0.482832938433]
        dvar: [0.144955679774, 0.129803702235, 0.0971419587731, 0.0651525706053, 0.0680567920208, 0.199076160789]
        dvar2: [0.308127313852, 0.283001482487, 0.192474156618, 0.118832193315, 0.126069456339, 0.413693785667]
        max: [-5.44954204559, -4.770424366, -5.03096008301, -5.56202411652, -5.40875387192, -7.25944328308]
        mean: [-7.13018941879, -6.79615020752, -6.90161180496, -6.97423648834, -6.47114658356, -9.46815872192]
        median: [-6.95183467865, -6.7216591835, -6.86623620987, -6.92033100128, -6.37749958038, -9.26513767242]
        min: [-27.3211517334, -27.0128479004, -27.2262058258, -27.1220722198, -27.328042984, -27.2590026855]
        var: [0.975125014782, 0.677512943745, 0.763966798782, 0.592857897282, 0.507132589817, 1.06402599812]

rhythm:
    beats_loudness:
        dmean: 0.00163248030003
        dmean2: 0.00280510121956
        dvar: 1.65011329045e-006
        dvar2: 4.67268000648e-006
        max: 0.0128987608477
        mean: 0.00589524302632
        median: 0.00573096750304
        min: 4.78754536015e-011
        var: 4.52337008028e-006
    bpm: 96.2629699707
    bpm_confidence: 0
    first_peak_bpm: 96
    first_peak_spread: 0.739130437374
    first_peak_weight: 0.183962270617
    onset_rate: 3.6510014534
    second_peak_bpm: 101
    second_peak_spread: 0.262295097113
    second_peak_weight: 0.106132075191
    beats_loudness_band_ratio:
        dmean: [0.0718571543694, 0.102499805391, 0.0627264305949, 0.0667123794556, 0.0999545454979, 0.0942662879825]
        dmean2: [0.116877190769, 0.183877661824, 0.111284978688, 0.114683002234, 0.173672705889, 0.163779988885]
        dvar: [0.00557231949642, 0.00926962960511, 0.00692045642063, 0.00627233972773, 0.00690957531333, 0.00656942185014]
        dvar2: [0.0138341113925, 0.0294150300324, 0.0197604931891, 0.0167859140784, 0.0192930866033, 0.0186741705984]
        max: [0.967832267284, 0.530241727829, 0.589948058128, 0.573335945606, 0.666912019253, 0.703340649605]
        mean: [0.128679633141, 0.12373983115, 0.0872016921639, 0.103052549064, 0.280193597078, 0.324129134417]
        median: [0.101694405079, 0.0918155312538, 0.0665707886219, 0.061477907002, 0.271579533815, 0.312539160252]
        min: [0, 0, 0, 0, 0, 0]
        var: [0.0119745824486, 0.0117499707267, 0.00594373513013, 0.00884413253516, 0.00950110703707, 0.0104340640828]
    beats_position: [0.580498874187, 1.16099774837, 1.74149656296, 2.33360528946, 2.92571425438, 3.51782298088, 4.1099319458, 4.69043064117, 5.28253936768, 5.87464857101, 6.45514726639, 7.03564596176, 7.61614513397, 8.18503379822, 8.74231243134, 9.29959201813, 9.85687065125, 10.4257593155, 11.017868042, 11.6099767685, 12.1904764175, 12.782585144, 13.3746938705, 13.966802597, 14.5473012924, 15.1394100189, 15.7315187454, 16.3236274719, 16.904127121, 17.4846248627, 18.0651245117, 18.6572322845, 19.2493419647, 19.8762817383, 20.5032196045, 21.1301574707, 21.7570972443, 22.3840351105, 23.010974884, 23.6379127502, 24.2648525238, 24.89179039, 25.5187301636, 26.1456680298, 26.7493877411, 27.3647155762, 27.9800453186, 28.6069831848, 29.2339229584, 29.8492507935, 30.4645805359, 31.079908371, 31.6952381134, 32.3105659485, 32.9258956909, 33.5528335571, 34.1797714233, 34.7951011658, 35.4104309082, 36.0373687744, 36.6526985168, 37.2680282593, 37.883354187, 38.4986839294, 39.1256217957, 39.7409515381, 40.3562812805, 40.9832191467, 41.6101570129, 42.2254867554, 42.8408164978, 43.4445343018, 44.0482521057, 44.6635818481, 45.2789115906, 45.9058494568, 46.5443992615, 47.1945571899, 47.8447151184, 48.5064849854, 49.14503479, 49.7951927185, 50.445350647, 51.1071205139, 51.7572784424, 52.3842163086, 53.0111541748, 53.6264839172, 54.2418136597, 54.8455314636, 55.4376411438, 56.029750824, 56.6334686279, 57.2371864319, 57.8409042358, 58.4446258545, 59.0483436584, 59.6520614624, 60.2441711426, 60.8362808228, 61.4399986267, 62.0321083069, 62.6242179871, 63.2047157288, 63.8084335327, 64.4121551514, 65.0158691406, 65.6079788208, 66.200088501, 66.8038101196, 67.4075241089, 68.0112457275, 68.6149673462, 69.2186813354, 69.8224029541, 70.4261245728, 71.0414505005, 71.6683883667, 72.2837142944, 72.91065979, 73.5375976563, 74.1645355225, 74.8030853271, 75.4416275024, 76.0917892456, 76.7419509888, 77.368888855, 77.9958267212, 78.6111526489, 79.2264862061, 79.8534240723, 80.4571380615, 81.0840835571, 81.6994094849, 82.3147354126, 82.9300689697, 83.5453948975, 84.1607208252, 84.7760543823, 85.4029922485, 86.0299301147, 86.6684799194, 87.3070297241, 87.9455795288, 88.5841217041, 89.2226715088, 89.8612213135, 90.4881591797, 91.1150970459, 91.7420425415, 92.3689804077, 92.9843063354, 93.5996322632, 94.2149658203, 94.830291748, 95.4456253052, 96.0609512329, 96.6878890991, 97.2916107178, 97.895324707, 98.5106582642, 99.1259841919, 99.7529220581, 100.379859924, 101.006797791, 101.633743286, 102.272285461, 102.922447205, 103.572608948, 104.211151123, 104.861312866, 105.499862671, 106.115188599, 106.718910217, 107.322631836, 107.926345825, 108.530067444, 109.133781433, 109.737503052, 110.34122467, 110.933334351, 111.525436401, 112.12915802, 112.732879639, 113.336593628, 113.940315247, 114.532424927, 115.136146545, 115.728248596, 116.308753967, 116.912467957, 117.492965698, 118.096687317, 118.700408936, 119.304122925, 119.907844543, 120.499954224, 121.092063904, 121.695777893, 122.299499512, 122.891609192, 123.483718872, 124.0990448, 124.714370728, 125.387756348, 126.0495224, 126.722900391, 127.396278381, 128.081268311, 128.76625061, 129.428024292, 130.101409912, 130.763168335, 131.424942017, 132.07510376, 132.725265503, 133.375411987, 134.02557373, 134.675735474, 135.325897217, 135.97605896, 136.626205444, 137.276367188, 137.949752808, 138.599899292, 139.273284912, 139.946670532, 140.620040894, 141.258590698, 141.897140503, 142.547302246, 143.185852051, 143.824401855, 144.47454834, 145.124710083, 145.751647949, 146.390197754, 147.028747559, 147.655685425, 148.294235229, 148.932785034, 149.571334839, 150.209884644, 150.848434448, 151.486984253, 152.137145996, 152.775695801, 153.414230347, 154.041183472, 154.679718018, 155.318267822, 155.956817627, 156.595367432, 157.245529175, 157.872467041, 158.511016846, 159.14956665, 159.788116455, 160.42666626, 161.053604126, 161.692153931, 162.330703735, 162.957641602, 163.596191406, 164.234741211, 164.873291016, 165.51184082, 166.150375366, 166.788925171, 167.427474976, 168.06602478, 168.704574585, 169.34312439, 169.981674194, 170.620223999, 171.258773804, 171.897323608, 172.535873413, 173.174423218, 173.801361084, 174.439910889, 175.066848755, 175.693786621, 176.332336426, 176.959274292, 177.586212158, 178.213150024, 178.828475952, 179.44380188, 180.070739746, 180.674468994, 181.30140686, 181.90512085, 182.520446777, 183.135772705, 183.751113892, 184.366439819, 184.993377686, 185.620315552, 186.247253418, 186.862579346, 187.477905273, 188.10484314, 188.731781006, 189.347122192, 189.96244812, 190.577774048, 191.193099976, 191.808425903, 192.43536377, 193.050704956, 193.677642822, 194.304580688, 194.908294678, 195.512008667, 196.138946533, 196.742675781, 197.358001709, 197.973327637, 198.600265503, 199.238815308, 199.888977051, 200.539138794, 201.200897217, 201.85105896, 202.512832642, 203.174606323, 203.813140869, 204.451690674, 205.090240479, 205.705581665, 206.320907593, 206.936233521, 207.53994751, 208.132064819, 208.72416687, 209.327880859, 209.931610107, 210.535324097, 211.139038086, 211.742767334, 212.346481323, 212.938583374, 213.530700684, 214.134414673, 214.738143921, 215.330245972, 215.922348022, 216.514465332, 217.106567383, 217.710296631, 218.302398682, 218.894515991, 219.49822998, 220.10194397, 220.705657959, 221.309387207, 221.913101196, 222.505218506, 223.097320557, 223.701034546, 224.293151855, 224.896865845, 225.512191772, 226.115921021, 226.731246948, 227.346572876, 227.973510742, 228.600448608, 229.227386475, 229.854324341, 230.481262207, 231.108200073, 231.735137939, 232.362075806, 232.989013672, 233.615966797, 234.231292725, 234.846618652, 235.473556519, 236.100494385, 236.727432251, 237.342758179, 237.818771362, 238.283172607, 238.747573853, 239.211975098, 239.676361084, 240.140762329, 240.605163574, 241.069564819, 241.545578003, 242.021575928, 242.497589111, 242.973602295, 243.43800354, 243.902404785, 244.390014648, 244.866027832, 245.342041016, 245.81803894, 246.305664063, 246.804885864, 247.304122925, 247.791748047, 248.267745972, 248.732147217, 249.196548462, 249.660949707, 250.125350952, 250.601348877, 251.077362061, 251.553375244, 252.029388428, 252.516998291, 252.981399536, 253.445800781, 253.910202026, 254.374603271, 254.839004517, 255.315002441, 255.791015625, 256.278625488, 256.766265869, 257.253875732]
