
metadata:
    version:
        essentia: "2.1-beta2"
    audio_properties:
        analysis_sample_rate: 44100
        bitrate: 320
        channels: 2
        equal_loudness: 1
        length: 348.630218506
        replay_gain: -15.8737268448
        downmix: "mix"
    tags:
        album: "The Poison"
        artist: "Bullet For My Valentine"
        comment: ""
        date: "2006"
        genre: "Metal"
        title: "Tears Don't Fall"
        tracknumber: "4"

configuration:
    average_loudness:
        compute: 1
        frameSize: 88200
        hopSize: 44100
        silentFrames: "noise"
        windowType: "hann"
    general:
        analysisSampleRate: 44100
        endTime: 2000
        equalLoudness: 1
        nequalLoudness: 0
        shortSound: 0
        startTime: 0
    lowlevel:
        compute: 1
        frameSize: 2048
        hopSize: 1024
        zeroPadding: 0
        silentFrames: "noise"
        windowType: "blackmanharris62"
        mfccStats: ["mean", "cov", "icov"]
        stats: ["mean", "var", "median", "min", "max", "dmean", "dmean2", "dvar", "dvar2"]
    panning:
        compute: 0
        frameSize: 8192
        hopSize: 2048
        zeroPadding: 8192
        silentFrames: "noise"
        windowType: "hann"
        stats: ["copy"]
    rhythm:
        compute: 1
        maxTempo: 208
        minTempo: 40
        method: "degara"
        stats: ["mean", "var", "median", "min", "max", "dmean", "dmean2", "dvar", "dvar2"]
    segmentation:
        compute: 0
        cpw: 5
        inc1: 300
        inc2: 50
        minimumSegmentsLength: 10
        size1: 1000
        size2: 600
    sfx:
        compute: 1
        stats: ["mean", "var", "median", "min", "max", "dmean", "dmean2", "dvar", "dvar2"]
    svm:
        compute: 0
    tonal:
        compute: 1
        frameSize: 4096
        hopSize: 2048
        zeroPadding: 0
        silentFrames: "noise"
        windowType: "blackmanharris62"
        stats: ["mean", "var", "median", "min", "max", "dmean", "dmean2", "dvar", "dvar2"]

lowlevel:
    average_loudness: 0.872761785984
    barkbands_kurtosis:
        dmean: 1.17327797413
        dmean2: 1.87270176411
        dvar: 12.5037441254
        dvar2: 27.6491641998
        max: 123.233169556
        mean: 0.140904664993
        median: -0.799449443817
        min: -1.93615365028
        var: 23.8010807037
    barkbands_skewness:
        dmean: 0.43975353241
        dmean2: 0.67994427681
        dvar: 0.226013988256
        dvar2: 0.503206670284
        max: 8.49176120758
        mean: -0.407409697771
        median: -0.595867216587
        min: -3.73489618301
        var: 1.12796866894
    barkbands_spread:
        dmean: 5.54918193817
        dmean2: 8.92788124084
        dvar: 27.8502426147
        dvar2: 68.9991912842
        max: 76.3138885498
        mean: 31.7874679565
        median: 31.8400936127
        min: 0.347392857075
        var: 102.033050537
    dissonance:
        dmean: 0.0113421715796
        dmean2: 0.0185333471745
        dvar: 0.000221047535888
        dvar2: 0.000473609019537
        max: 0.500000119209
        mean: 0.47723531723
        median: 0.484462082386
        min: 0.0779943838716
        var: 0.000760049675591
    hfc:
        dmean: 3.24727582932
        dmean2: 5.52190446854
        dvar: 17.3844051361
        dvar2: 47.4015083313
        max: 50.816280365
        mean: 11.7014322281
        median: 11.2409896851
        min: 1.10255989108e-016
        var: 53.4347953796
    pitch:
        dmean: 952.900939941
        dmean2: 1831.20617676
        dvar: 1916091.5
        dvar2: 4471777
        max: 5388.58203125
        mean: 1757.76940918
        median: 533.669433594
        min: 73.5291671753
        var: 2678670.25
    pitch_instantaneous_confidence:
        dmean: 0.0823052749038
        dmean2: 0.132367298007
        dvar: 0.00522836530581
        dvar2: 0.012482713908
        max: 0.946853876114
        mean: 0.424038410187
        median: 0.403465926647
        min: 0.103941917419
        var: 0.0181766767055
    pitch_salience:
        dmean: 0.0556861609221
        dmean2: 0.0898745581508
        dvar: 0.00253191031516
        dvar2: 0.00634148716927
        max: 0.957159459591
        mean: 0.654315888882
        median: 0.676139950752
        min: 0.122271880507
        var: 0.0100138243288
    silence_rate_20dB:
        dmean: 0
        dmean2: 0
        dvar: 0
        dvar2: 0
        max: 1
        mean: 1
        median: 1
        min: 1
        var: 0
    silence_rate_30dB:
        dmean: 0
        dmean2: 0
        dvar: 0
        dvar2: 0
        max: 1
        mean: 1
        median: 1
        min: 1
        var: 0
    silence_rate_60dB:
        dmean: 0.0486180484295
        dmean2: 0.0972425714135
        dvar: 0.0462566874921
        dvar2: 0.108277857304
        max: 1
        mean: 0.226491749287
        median: 0
        min: 0
        var: 0.175170466304
    spectral_centroid:
        dmean: 286.775817871
        dmean2: 449.804382324
        dvar: 91333.2265625
        dvar2: 198285.109375
        max: 11421.0390625
        mean: 2147.68188477
        median: 2259.49243164
        min: 193.97857666
        var: 479049.8125
    spectral_complexity:
        dmean: 4.01198816299
        dmean2: 6.52364444733
        dvar: 15.9115190506
        dvar2: 39.9352645874
        max: 54
        mean: 19.7946853638
        median: 21
        min: 0
        var: 102.948760986
    spectral_crest:
        dmean: 1.78450715542
        dmean2: 2.94242405891
        dvar: 3.14429187775
        dvar2: 8.11960220337
        max: 23.351808548
        mean: 7.00607395172
        median: 6.07851028442
        min: 2.62366294861
        var: 9.39935779572
    spectral_decrease:
        dmean: 2.59195165331e-010
        dmean2: 4.29794255741e-010
        dvar: 1.17413350718e-019
        dvar2: 3.14333957745e-019
        max: 1.81933802754e-028
        mean: -1.07746767064e-009
        median: -1.04441821858e-009
        min: -3.93275767507e-009
        var: 3.46452010913e-019
    spectral_energy:
        dmean: 0.0012379263062
        dmean2: 0.00207159435377
        dvar: 2.52280324275e-006
        dvar2: 6.78902870277e-006
        max: 0.0177529919893
        mean: 0.00512796407565
        median: 0.0050048767589
        min: 1.01448831134e-020
        var: 7.91867023509e-006
    spectral_energyband_high:
        dmean: 0.000326853012666
        dmean2: 0.000567041744944
        dvar: 2.34631798435e-007
        dvar2: 6.34013247236e-007
        max: 0.00468486919999
        mean: 0.000698845775332
        median: 0.000577041006181
        min: 7.19859744188e-021
        var: 3.50275087158e-007
    spectral_energyband_low:
        dmean: 0.000149399376824
        dmean2: 0.000247734016739
        dvar: 4.46060290926e-008
        dvar2: 1.22340225062e-007
        max: 0.00320806354284
        mean: 0.000281986693153
        median: 0.000223557901336
        min: 2.44596105539e-023
        var: 6.84302037257e-008
    spectral_energyband_middle_high:
        dmean: 0.000743548152968
        dmean2: 0.00121497293003
        dvar: 6.46740659249e-007
        dvar2: 1.70041334968e-006
        max: 0.0126856481656
        mean: 0.00299052405171
        median: 0.00279265223071
        min: 1.34605065441e-021
        var: 3.82242114938e-006
    spectral_energyband_middle_low:
        dmean: 0.000545952294488
        dmean2: 0.000877087877598
        dvar: 9.34673551001e-007
        dvar2: 2.46034278462e-006
        max: 0.0114973094314
        mean: 0.00126693281345
        median: 0.000897102057934
        min: 1.68113541666e-022
        var: 1.38318659992e-006
    spectral_flatness_db:
        dmean: 0.0149220144376
        dmean2: 0.0229018386453
        dvar: 0.000327767105773
        dvar2: 0.000627164496109
        max: 0.636679708958
        mean: 0.163797557354
        median: 0.144381165504
        min: 0.0627972856164
        var: 0.0041328384541
    spectral_flux:
        dmean: 0.00744209717959
        dmean2: 0.0114550059661
        dvar: 6.31027214695e-005
        dvar2: 0.000126935032313
        max: 0.105203427374
        mean: 0.0421887151897
        median: 0.0431100092828
        min: 6.4930491539e-011
        var: 0.000299572537187
    spectral_kurtosis:
        dmean: 2.1348285675
        dmean2: 3.51543092728
        dvar: 61.2177200317
        dvar2: 135.430953979
        max: 338.029174805
        mean: 4.26642417908
        median: 2.56275653839
        min: -1.23898720741
        var: 116.413902283
    spectral_rms:
        dmean: 0.000255762715824
        dmean2: 0.000419085670728
        dvar: 8.33807831668e-008
        dvar2: 2.17854548623e-007
        max: 0.00416172947735
        mean: 0.00212476146407
        median: 0.0022097073961
        min: 3.14602077028e-012
        var: 4.88273485644e-007
    spectral_rolloff:
        dmean: 325.043334961
        dmean2: 531.463195801
        dvar: 187833.90625
        dvar2: 386627.34375
        max: 19509.0820313
        mean: 3646.9206543
        median: 3811.37695313
        min: 150.732421875
        var: 878643.1875
    spectral_skewness:
        dmean: 0.227337792516
        dmean2: 0.36832562089
        dvar: 0.216658204794
        dvar2: 0.48113745451
        max: 15.4913625717
        mean: 1.12961959839
        median: 1.01922702789
        min: -0.117211326957
        var: 0.505730926991
    spectral_spread:
        dmean: 389258.40625
        dmean2: 587050.25
        dvar: 310542368768
        dvar2: 529804754944
        max: 41640192
        mean: 4301321.5
        median: 4178773
        min: 266002.09375
        var: 2.68504347443e+012
    spectral_strongpeak:
        dmean: 0.706070184708
        dmean2: 1.20608305931
        dvar: 0.832509040833
        dvar2: 2.14205670357
        max: 9.47986412048
        mean: 1.04421031475
        median: 0.574598431587
        min: 3.71212088845e-011
        var: 1.37967717648
    zerocrossingrate:
        dmean: 0.00815174449235
        dmean2: 0.00983844138682
        dvar: 7.19768358977e-005
        dvar2: 8.55618127389e-005
        max: 0.51220703125
        mean: 0.115063428879
        median: 0.12060546875
        min: 0.00830078125
        var: 0.00093218346592
    barkbands:
        dmean: [1.03568240206e-007, 5.12833867106e-005, 9.25076165004e-005, 7.95426458353e-005, 0.000264977046754, 0.000102116209746, 0.000139972195029, 8.50540600368e-005, 0.000109133121441, 0.000103526879684, 8.15055755083e-005, 7.65781878727e-005, 5.67071765545e-005, 5.88692018937e-005, 5.33552265551e-005, 0.000116577808512, 0.000189859929378, 0.000264291506028, 0.000296337006148, 0.00027412630152, 0.000164348268299, 5.99323284405e-005, 1.15046086648e-005, 3.39963639817e-006, 1.18224647849e-006, 3.6184172103e-008, 2.98982977265e-010]
        dmean2: [1.84372112244e-007, 8.39757922222e-005, 0.000157657428645, 0.000132626795676, 0.000438908464275, 0.000164752214914, 0.000222831353312, 0.000138104602229, 0.000170081824763, 0.000161436066264, 0.000130306842038, 0.000123101228382, 9.36576689128e-005, 9.57999218372e-005, 8.68191127665e-005, 0.000194046573597, 0.000314969947794, 0.000436930335127, 0.000496068736538, 0.000470953731565, 0.000282940891339, 0.000103563739685, 1.93424766621e-005, 5.37707683179e-006, 1.85429985322e-006, 5.23817114129e-008, 5.16846399012e-010]
        dvar: [2.29530970104e-014, 6.90009871462e-009, 1.89933597738e-008, 1.57735033923e-008, 4.11940220602e-007, 5.58950716822e-008, 9.27234893311e-008, 3.55529898854e-008, 8.80309514173e-008, 6.80953178289e-008, 3.70989461373e-008, 3.40024648438e-008, 1.57302491033e-008, 1.6138963943e-008, 1.52259183039e-008, 4.83515520955e-008, 4.80743445053e-008, 1.17568525582e-007, 1.20838905104e-007, 1.28262627186e-007, 5.16476781343e-008, 9.3201384388e-009, 3.45834888504e-010, 4.69932703862e-011, 6.11270235817e-012, 1.61047153532e-014, 1.91152456897e-019]
        dvar2: [7.43512646199e-014, 1.74800991459e-008, 5.27213011026e-008, 4.38787246537e-008, 1.11316762741e-006, 1.42385232493e-007, 2.16594486346e-007, 8.40854426087e-008, 2.15344371668e-007, 1.57850223559e-007, 9.1228073984e-008, 8.54085584479e-008, 4.24957278256e-008, 4.09426590409e-008, 3.77435895871e-008, 1.39607223559e-007, 1.27107909975e-007, 3.09908415375e-007, 3.25955284097e-007, 3.54797293767e-007, 1.39145427624e-007, 2.37556925242e-008, 8.4898171826e-010, 9.47674300145e-011, 1.11952530579e-011, 2.97250424145e-014, 4.98804436729e-019]
        max: [1.66117740719e-006, 0.000838045321871, 0.00205128313974, 0.00276833819225, 0.00804787874222, 0.0053693940863, 0.00670313183218, 0.00740814208984, 0.00727614015341, 0.00613965746015, 0.00518889073282, 0.00504319230095, 0.00254776072688, 0.00275590992533, 0.00453190784901, 0.00650699948892, 0.00397375179455, 0.00709655927494, 0.00647962233052, 0.00546619901434, 0.00316120521165, 0.00136770331301, 0.00030565704219, 0.00013722620497, 8.00959169283e-005, 6.20725450062e-006, 7.86931497743e-009]
        mean: [1.2227103241e-007, 7.30915126042e-005, 0.000145318699651, 0.000126064318465, 0.000368916545995, 0.000168709389982, 0.000219197478145, 0.000130106869619, 0.000194946827833, 0.000169477818417, 0.000131213077111, 0.000130569038447, 9.48474626057e-005, 0.000101623802038, 9.2108748504e-005, 0.000218444271013, 0.00039247123641, 0.000593035074417, 0.000751317536924, 0.000574897450861, 0.000326986832079, 9.55556533881e-005, 2.02525916393e-005, 6.45131922283e-006, 2.17511387746e-006, 6.91310546586e-008, 3.98745841901e-010]
        median: [3.76847779648e-008, 4.51776686532e-005, 9.78245952865e-005, 8.26769901323e-005, 0.000177047040779, 8.30449571367e-005, 8.6436921265e-005, 5.53093705093e-005, 5.98260048719e-005, 4.32073575212e-005, 3.82793368772e-005, 3.76719181077e-005, 3.18642778439e-005, 4.38738788944e-005, 4.74574590044e-005, 0.000159485949553, 0.000323158048559, 0.000476583867567, 0.000665703439154, 0.000470027094707, 0.000271882832749, 6.44060055492e-005, 1.29432301037e-005, 3.38538666256e-006, 1.20283687011e-006, 2.71763180848e-008, 1.81533843513e-010]
        min: [2.33510741206e-025, 4.16427878396e-024, 5.7907166996e-024, 1.03856723198e-024, 1.97486768006e-023, 1.42150494756e-023, 2.83763365028e-023, 3.33327306376e-023, 1.77281815636e-023, 3.23300126964e-023, 4.72562486771e-023, 4.35775157524e-023, 3.33820533768e-023, 6.28868490936e-023, 7.62948149771e-023, 9.91204358499e-023, 6.54274987012e-023, 1.2229165353e-022, 1.72464986772e-022, 1.89620654111e-022, 3.24259015793e-022, 3.72391269262e-022, 4.66551070061e-022, 7.2491808692e-022, 8.86372796887e-022, 1.48488674061e-021, 1.94609647765e-021]
        var: [2.55910439053e-014, 7.93989940462e-009, 2.7408608716e-008, 2.39217019526e-008, 3.8478293618e-007, 9.31948420657e-008, 2.01168376179e-007, 7.18444255199e-008, 2.13489471435e-007, 1.52159429945e-007, 7.21990076613e-008, 6.90183057372e-008, 3.08307832597e-008, 3.27565672364e-008, 2.60930796969e-008, 8.25455970244e-008, 1.03051505107e-007, 2.87876275706e-007, 3.55537480345e-007, 2.41751308749e-007, 8.31941022739e-008, 1.30130812792e-008, 6.32418839519e-010, 1.14238556115e-010, 1.50686078199e-011, 3.01422806799e-014, 3.71191432071e-019]
    frequency_bands:
        dmean: [1.03568240206e-007, 5.12833867106e-005, 9.25076165004e-005, 7.95426458353e-005, 0.000264977046754, 0.000102116209746, 0.000139972195029, 8.50540600368e-005, 0.000109133121441, 0.000103526879684, 8.15055755083e-005, 7.65781878727e-005, 5.67071765545e-005, 5.88692018937e-005, 5.33552265551e-005, 0.000116577808512, 0.000189859929378, 0.000264291506028, 0.000296337006148, 0.00027412630152, 0.000164348268299, 5.99323284405e-005, 1.15046086648e-005, 3.39963639817e-006, 1.18224647849e-006, 3.6184172103e-008, 2.98982977265e-010, 5.92521101628e-011]
        dmean2: [1.84372112244e-007, 8.39757922222e-005, 0.000157657428645, 0.000132626795676, 0.000438908464275, 0.000164752214914, 0.000222831353312, 0.000138104602229, 0.000170081824763, 0.000161436066264, 0.000130306842038, 0.000123101228382, 9.36576689128e-005, 9.57999218372e-005, 8.68191127665e-005, 0.000194046573597, 0.000314969947794, 0.000436930335127, 0.000496068736538, 0.000470953731565, 0.000282940891339, 0.000103563739685, 1.93424766621e-005, 5.37707683179e-006, 1.85429985322e-006, 5.23817114129e-008, 5.16846399012e-010, 1.09858011577e-010]
        dvar: [2.29530970104e-014, 6.90009871462e-009, 1.89933597738e-008, 1.57735033923e-008, 4.11940220602e-007, 5.58950716822e-008, 9.27234893311e-008, 3.55529898854e-008, 8.80309514173e-008, 6.80953178289e-008, 3.70989461373e-008, 3.40024648438e-008, 1.57302491033e-008, 1.6138963943e-008, 1.52259183039e-008, 4.83515520955e-008, 4.80743445053e-008, 1.17568525582e-007, 1.20838905104e-007, 1.28262627186e-007, 5.16476781343e-008, 9.3201384388e-009, 3.45834888504e-010, 4.69932703862e-011, 6.11270235817e-012, 1.61047153532e-014, 1.91152456897e-019, 7.47299441525e-021]
        dvar2: [7.43512646199e-014, 1.74800991459e-008, 5.27213011026e-008, 4.38787246537e-008, 1.11316762741e-006, 1.42385232493e-007, 2.16594486346e-007, 8.40854426087e-008, 2.15344371668e-007, 1.57850223559e-007, 9.1228073984e-008, 8.54085584479e-008, 4.24957278256e-008, 4.09426590409e-008, 3.77435895871e-008, 1.39607223559e-007, 1.27107909975e-007, 3.09908415375e-007, 3.25955284097e-007, 3.54797293767e-007, 1.39145427624e-007, 2.37556925242e-008, 8.4898171826e-010, 9.47674300145e-011, 1.11952530579e-011, 2.97250424145e-014, 4.98804436729e-019, 2.38781629658e-020]
        max: [1.66117740719e-006, 0.000838045321871, 0.00205128313974, 0.00276833819225, 0.00804787874222, 0.0053693940863, 0.00670313183218, 0.00740814208984, 0.00727614015341, 0.00613965746015, 0.00518889073282, 0.00504319230095, 0.00254776072688, 0.00275590992533, 0.00453190784901, 0.00650699948892, 0.00397375179455, 0.00709655927494, 0.00647962233052, 0.00546619901434, 0.00316120521165, 0.00136770331301, 0.00030565704219, 0.00013722620497, 8.00959169283e-005, 6.20725450062e-006, 7.86931497743e-009, 1.24091581455e-009]
        mean: [1.2227103241e-007, 7.30915126042e-005, 0.000145318699651, 0.000126064318465, 0.000368916545995, 0.000168709389982, 0.000219197478145, 0.000130106869619, 0.000194946827833, 0.000169477818417, 0.000131213077111, 0.000130569038447, 9.48474626057e-005, 0.000101623802038, 9.2108748504e-005, 0.000218444271013, 0.00039247123641, 0.000593035074417, 0.000751317536924, 0.000574897450861, 0.000326986832079, 9.55556533881e-005, 2.02525916393e-005, 6.45131922283e-006, 2.17511387746e-006, 6.91310546586e-008, 3.98745841901e-010, 4.62812982382e-011]
        median: [3.76847779648e-008, 4.51776686532e-005, 9.78245952865e-005, 8.26769901323e-005, 0.000177047040779, 8.30449571367e-005, 8.6436921265e-005, 5.53093705093e-005, 5.98260048719e-005, 4.32073575212e-005, 3.82793368772e-005, 3.76719181077e-005, 3.18642778439e-005, 4.38738788944e-005, 4.74574590044e-005, 0.000159485949553, 0.000323158048559, 0.000476583867567, 0.000665703439154, 0.000470027094707, 0.000271882832749, 6.44060055492e-005, 1.29432301037e-005, 3.38538666256e-006, 1.20283687011e-006, 2.71763180848e-008, 1.81533843513e-010, 1.62058821224e-011]
        min: [2.33510741206e-025, 4.16427878396e-024, 5.7907166996e-024, 1.03856723198e-024, 1.97486768006e-023, 1.42150494756e-023, 2.83763365028e-023, 3.33327306376e-023, 1.77281815636e-023, 3.23300126964e-023, 4.72562486771e-023, 4.35775157524e-023, 3.33820533768e-023, 6.28868490936e-023, 7.62948149771e-023, 9.91204358499e-023, 6.54274987012e-023, 1.2229165353e-022, 1.72464986772e-022, 1.89620654111e-022, 3.24259015793e-022, 3.72391269262e-022, 4.66551070061e-022, 7.2491808692e-022, 8.86372796887e-022, 1.48488674061e-021, 1.94609647765e-021, 6.12149044745e-022]
        var: [2.55910439053e-014, 7.93989940462e-009, 2.7408608716e-008, 2.39217019526e-008, 3.8478293618e-007, 9.31948420657e-008, 2.01168376179e-007, 7.18444255199e-008, 2.13489471435e-007, 1.52159429945e-007, 7.21990076613e-008, 6.90183057372e-008, 3.08307832597e-008, 3.27565672364e-008, 2.60930796969e-008, 8.25455970244e-008, 1.03051505107e-007, 2.87876275706e-007, 3.55537480345e-007, 2.41751308749e-007, 8.31941022739e-008, 1.30130812792e-008, 6.32418839519e-010, 1.14238556115e-010, 1.50686078199e-011, 3.01422806799e-014, 3.71191432071e-019, 6.00204675849e-021]
    mfcc:
        mean: [-703.198364258, 85.5715408325, -50.3130912781, 60.4748840332, -15.8281087875, -9.90862083435, -3.52243471146, -0.924723029137, -3.75267291069, -7.62543964386, -4.64800214767, -3.79428267479, -4.68676567078]
        cov: [[6306.58203125, -780.547912598, -411.097076416, 571.5390625, -736.280456543, 727.932983398, 643.211975098, 557.153747559, 397.463928223, 352.411590576, 318.164581299, 221.284484863, 163.03817749], [-780.547912598, 709.522033691, -138.73777771, -10.5789833069, 116.369590759, -143.247970581, -25.4203243256, -84.0584335327, -64.1550064087, -77.6407089233, -48.1653518677, -22.0603237152, -27.3075218201], [-411.097076416, -138.73777771, 590.67578125, -12.0117692947, 134.493377686, -16.5068283081, -130.48248291, -13.567492485, -27.4535980225, -1.90326297283, -25.1859207153, -1.5817784071, 25.8640098572], [571.5390625, -10.5789833069, -12.0117692947, 421.88104248, 6.61975097656, 95.2811279297, 65.2818069458, 27.9803905487, 114.251792908, 38.6753578186, 61.5382843018, 52.6810951233, 45.3465156555], [-736.280456543, 116.369590759, 134.493377686, 6.61975097656, 294.959716797, -79.3762588501, -128.227874756, -87.768661499, -61.4337425232, -31.6429347992, -38.2612571716, -16.633146286, -12.0539312363], [727.932983398, -143.247970581, -16.5068283081, 95.2811279297, -79.3762588501, 258.782989502, 193.560943604, 110.908599854, 75.503288269, 51.1094665527, 68.216293335, 46.2781715393, 21.6873016357], [643.211975098, -25.4203243256, -130.48248291, 65.2818069458, -128.227874756, 193.560943604, 291.763366699, 136.441177368, 83.9891738892, 31.9446048737, 51.1914176941, 42.7629852295, 15.2222290039], [557.153747559, -84.0584335327, -13.567492485, 27.9803905487, -87.768661499, 110.908599854, 136.441177368, 174.744354248, 76.838218689, 56.8896408081, 32.0562095642, 27.2849674225, 28.9890785217], [397.463928223, -64.1550064087, -27.4535980225, 114.251792908, -61.4337425232, 75.503288269, 83.9891738892, 76.838218689, 139.793411255, 61.9118919373, 43.5391616821, 26.0920333862, 16.794210434], [352.411590576, -77.6407089233, -1.90326297283, 38.6753578186, -31.6429347992, 51.1094665527, 31.9446048737, 56.8896408081, 61.9118919373, 116.42792511, 53.8164634705, 24.89686203, 15.0453214645], [318.164581299, -48.1653518677, -25.1859207153, 61.5382843018, -38.2612571716, 68.216293335, 51.1914176941, 32.0562095642, 43.5391616821, 53.8164634705, 96.1933288574, 50.3453407288, 21.3605937958], [221.284484863, -22.0603237152, -1.5817784071, 52.6810951233, -16.633146286, 46.2781715393, 42.7629852295, 27.2849674225, 26.0920333862, 24.89686203, 50.3453407288, 85.117225647, 44.1118049622], [163.03817749, -27.3075218201, 25.8640098572, 45.3465156555, -12.0539312363, 21.6873016357, 15.2222290039, 28.9890785217, 16.794210434, 15.0453214645, 21.3605937958, 44.1118049622, 83.762878418]]
        icov: [[0.000426620157668, 0.000182816860615, 0.000213590930798, -0.000465474644443, 0.000676753057633, -0.000591005955357, 0.000223782190005, -0.000605318171438, 0.00035817688331, -0.000489250291139, 2.77373237623e-005, -0.000187680940144, -5.76825841563e-005], [0.000182816860615, 0.00214524380863, 0.000549801276065, -0.000452708132798, -0.000666081090458, 0.00144724594429, -0.00126511941198, -2.92021923087e-005, 0.000528380041942, 0.000358312769094, -7.26324142306e-005, -0.00019762897864, 0.000140601041494], [0.000213590930798, 0.000549801276065, 0.00248186360113, -0.000128983025206, -0.000682292098645, -0.00111215538345, 0.00161417818163, -0.00111156224739, 0.000128524770844, 2.92794520647e-005, 0.000563557085115, -0.000306746602291, -0.000665096682496], [-0.000465474644443, -0.000452708132798, -0.000128983025206, 0.00421028630808, -0.00142841727939, -0.000545250310097, 6.79910808685e-005, 0.00183368101716, -0.00385068682954, 0.00128966779448, -0.000869894167408, -8.4188512119e-005, -0.00138583802618], [0.000676753057633, -0.000666081090458, -0.000682292098645, -0.00142841727939, 0.00642878282815, -0.00174525729381, 0.00199234555475, 1.90268910956e-005, 0.00171582121402, -0.00146122986916, 0.00136315682903, -0.0010758896824, 0.000595345743932], [-0.000591005955357, 0.00144724594429, -0.00111215538345, -0.000545250310097, -0.00174525729381, 0.0119382962584, -0.00729451794177, -8.44352325657e-005, 0.000507967546582, 0.000315773213515, -0.00329689099453, 0.00040576417814, 0.000741973577533], [0.000223782190005, -0.00126511941198, 0.00161417818163, 6.79910808685e-005, 0.00199234555475, -0.00729451794177, 0.0118514411151, -0.00486054178327, -0.00147792173084, 0.00216457550414, 0.000576393620577, -0.00209814240225, 0.00118598144036], [-0.000605318171438, -2.92021923087e-005, -0.00111156224739, 0.00183368101716, 1.90268910956e-005, -8.44352325657e-005, -0.00486054178327, 0.013686016202, -0.00372587749735, -0.00294542917982, 0.00221881386824, 0.00076092913514, -0.00299987662584], [0.00035817688331, 0.000528380041942, 0.000128524770844, -0.00385068682954, 0.00171582121402, 0.000507967546582, -0.00147792173084, -0.00372587749735, 0.0151684619486, -0.00501335179433, -0.000419607618824, 7.04271224095e-005, 0.00112266687211], [-0.000489250291139, 0.000358312769094, 2.92794520647e-005, 0.00128966779448, -0.00146122986916, 0.000315773213515, 0.00216457550414, -0.00294542917982, -0.00501335179433, 0.0159580428153, -0.00722968485206, 0.00104577885941, 0.00012757712102], [2.77373237623e-005, -7.26324142306e-005, 0.000563557085115, -0.000869894167408, 0.00136315682903, -0.00329689099453, 0.000576393620577, 0.00221881386824, -0.000419607618824, -0.00722968485206, 0.0219327509403, -0.00995342992246, 0.00142770842649], [-0.000187680940144, -0.00019762897864, -0.000306746602291, -8.4188512119e-005, -0.0010758896824, 0.00040576417814, -0.00209814240225, 0.00076092913514, 7.04271224095e-005, 0.00104577885941, -0.00995342992246, 0.0231129489839, -0.00953638087958], [-5.76825841563e-005, 0.000140601041494, -0.000665096682496, -0.00138583802618, 0.000595345743932, 0.000741973577533, 0.00118598144036, -0.00299987662584, 0.00112266687211, 0.00012757712102, 0.00142770842649, -0.00953638087958, 0.0181784667075]]
    sccoeffs:
        dmean: [0.0509856306016, 0.0487989597023, 0.0392551831901, 0.0326091945171, 0.0236036423594, 0.0207910276949]
        dmean2: [0.0822708234191, 0.0782392844558, 0.0626337528229, 0.0525420494378, 0.0376008562744, 0.0327552482486]
        dvar: [0.00180836988147, 0.00165363831911, 0.00104159035254, 0.000744577206206, 0.000448562554084, 0.000503090850543]
        dvar2: [0.00465663615614, 0.00397213967517, 0.00252857175656, 0.00176079862285, 0.00098382611759, 0.00109969673213]
        max: [-0.238388180733, -0.354831010103, -0.413679659367, -0.493133097887, -0.453093469143, -0.51794308424]
        mean: [-0.634806215763, -0.736706256866, -0.76712167263, -0.773867428303, -0.776394963264, -0.718054592609]
        median: [-0.652405798435, -0.750927686691, -0.779060721397, -0.781571090221, -0.784584641457, -0.713784575462]
        min: [-0.974189817905, -0.983897864819, -0.979939043522, -0.972553372383, -0.964857041836, -0.961052954197]
        var: [0.00912577752024, 0.00693947868422, 0.00515617104247, 0.00302026816644, 0.00215075304732, 0.00255919084884]
    scvalleys:
        dmean: [0.402083605528, 0.377842962742, 0.335147202015, 0.296389251947, 0.278111189604, 0.314676553011]
        dmean2: [0.650646030903, 0.604270040989, 0.512371301651, 0.446739435196, 0.414482146502, 0.494610220194]
        dvar: [0.137369260192, 0.132531911135, 0.108496293426, 0.103259339929, 0.116979621351, 0.141013205051]
        dvar2: [0.311872512102, 0.291419655085, 0.207816541195, 0.179196894169, 0.205351963639, 0.317932516336]
        max: [-5.26239204407, -4.62645959854, -5.1520614624, -5.59193944931, -5.45030927658, -7.47578954697]
        mean: [-7.34662818909, -6.8626203537, -7.26049470901, -7.43991327286, -6.83529806137, -9.86616420746]
        median: [-6.94317436218, -6.65467882156, -6.99975967407, -7.14091300964, -6.42084741592, -9.33916854858]
        min: [-27.63920784, -27.5188732147, -27.600189209, -27.4512348175, -27.5167236328, -27.3334026337]
        var: [1.94323599339, 1.1645026207, 1.52367997169, 1.38314688206, 1.78206467628, 3.28993701935]

rhythm:
    beats_loudness:
        dmean: 0.00126817170531
        dmean2: 0.00209501432255
        dvar: 1.33587207074e-006
        dvar2: 3.63818844562e-006
        max: 0.0142555776983
        mean: 0.00517674116418
        median: 0.00526547851041
        min: 3.19985438146e-009
        var: 5.30942043042e-006
    bpm: 108.07787323
    bpm_confidence: 0
    first_peak_bpm: 108
    first_peak_spread: 0.209677457809
    first_peak_weight: 0.339335173368
    onset_rate: 3.4994096756
    second_peak_bpm: 161
    second_peak_spread: 0.0499999970198
    second_peak_weight: 0.236842095852
    beats_loudness_band_ratio:
        dmean: [0.0717652887106, 0.132339924574, 0.0882079899311, 0.0681844577193, 0.111610129476, 0.0902542993426]
        dmean2: [0.124322623014, 0.23950663209, 0.150632053614, 0.120232485235, 0.188935637474, 0.155624940991]
        dvar: [0.00722476653755, 0.0156940501183, 0.00980696082115, 0.00755069125444, 0.00939905270934, 0.00698638428003]
        dvar2: [0.0201542489231, 0.0422061532736, 0.0259894262999, 0.0206679366529, 0.028547020629, 0.0193711128086]
        max: [0.692510843277, 0.865898787975, 0.687344253063, 0.628181874752, 0.723591864109, 0.847739219666]
        mean: [0.115922026336, 0.158665150404, 0.131390020251, 0.093761049211, 0.279690176249, 0.26900807023]
        median: [0.0998111367226, 0.090457059443, 0.0916142612696, 0.0505096204579, 0.275966286659, 0.268671452999]
        min: [0.000143261233461, 0.00403979187831, 0.00379831949249, 0.00200772495009, 0.00331422244199, 0.000383406149922]
        var: [0.00724562257528, 0.0297781266272, 0.0135606806725, 0.00960289221257, 0.0132321938872, 0.0140011115]
