
metadata:
    version:
        essentia: "2.1-beta2"
    audio_properties:
        analysis_sample_rate: 44100
        bitrate: 320
        channels: 2
        equal_loudness: 1
        length: 215.84979248
        replay_gain: -16.0418739319
        downmix: "mix"
    tags:
        album: "The Poison"
        artist: "Bullet For My Valentine"
        comment: ""
        date: "2006"
        genre: "Metal"
        title: "Suffocating Under Words Of So"
        tracknumber: "5"

configuration:
    average_loudness:
        compute: 1
        frameSize: 88200
        hopSize: 44100
        silentFrames: "noise"
        windowType: "hann"
    general:
        analysisSampleRate: 44100
        endTime: 2000
        equalLoudness: 1
        nequalLoudness: 0
        shortSound: 0
        startTime: 0
    lowlevel:
        compute: 1
        frameSize: 2048
        hopSize: 1024
        zeroPadding: 0
        silentFrames: "noise"
        windowType: "blackmanharris62"
        mfccStats: ["mean", "cov", "icov"]
        stats: ["mean", "var", "median", "min", "max", "dmean", "dmean2", "dvar", "dvar2"]
    panning:
        compute: 0
        frameSize: 8192
        hopSize: 2048
        zeroPadding: 8192
        silentFrames: "noise"
        windowType: "hann"
        stats: ["copy"]
    rhythm:
        compute: 1
        maxTempo: 208
        minTempo: 40
        method: "degara"
        stats: ["mean", "var", "median", "min", "max", "dmean", "dmean2", "dvar", "dvar2"]
    segmentation:
        compute: 0
        cpw: 5
        inc1: 300
        inc2: 50
        minimumSegmentsLength: 10
        size1: 1000
        size2: 600
    sfx:
        compute: 1
        stats: ["mean", "var", "median", "min", "max", "dmean", "dmean2", "dvar", "dvar2"]
    svm:
        compute: 0
    tonal:
        compute: 1
        frameSize: 4096
        hopSize: 2048
        zeroPadding: 0
        silentFrames: "noise"
        windowType: "blackmanharris62"
        stats: ["mean", "var", "median", "min", "max", "dmean", "dmean2", "dvar", "dvar2"]

lowlevel:
    average_loudness: 0.939047694206
    barkbands_kurtosis:
        dmean: 0.867660403252
        dmean2: 1.42057132721
        dvar: 1.55799794197
        dvar2: 3.82654356956
        max: 38.3646392822
        mean: -0.339778423309
        median: -0.793043673038
        min: -1.93856263161
        var: 3.32690477371
    barkbands_skewness:
        dmean: 0.440122008324
        dmean2: 0.66443669796
        dvar: 0.18186300993
        dvar2: 0.380439788103
        max: 4.75248384476
        mean: -0.576611816883
        median: -0.627184152603
        min: -5.09389209747
        var: 0.632898390293
    barkbands_spread:
        dmean: 6.59405946732
        dmean2: 10.5842437744
        dvar: 38.6083145142
        dvar2: 94.864730835
        max: 79.6319122314
        mean: 33.9056358337
        median: 33.3954734802
        min: 3.03258323669
        var: 117.450309753
    dissonance:
        dmean: 0.00956545863301
        dmean2: 0.0161183215678
        dvar: 8.57609775267e-005
        dvar2: 0.000236592793954
        max: 0.5
        mean: 0.483558475971
        median: 0.486222505569
        min: 0.375307589769
        var: 0.000142121702083
    hfc:
        dmean: 3.753688097
        dmean2: 6.28465080261
        dvar: 18.8278636932
        dvar2: 50.4009399414
        max: 42.0167617798
        mean: 12.1788930893
        median: 11.3822145462
        min: 1.10515035606e-016
        var: 44.835018158
    pitch:
        dmean: 1033.81933594
        dmean2: 1981.66882324
        dvar: 2030456.25
        dvar2: 4606333.5
        max: 4993.50732422
        mean: 1894.50170898
        median: 939.945068359
        min: 73.6749420166
        var: 2767837
    pitch_instantaneous_confidence:
        dmean: 0.0827731266618
        dmean2: 0.134035378695
        dvar: 0.0051639713347
        dvar2: 0.012382786721
        max: 0.936062335968
        mean: 0.392870515585
        median: 0.369514346123
        min: 0.0885908603668
        var: 0.0182554405183
    pitch_salience:
        dmean: 0.0622977875173
        dmean2: 0.100117817521
        dvar: 0.00305683654733
        dvar2: 0.00708155473694
        max: 0.85749489069
        mean: 0.663879573345
        median: 0.67833340168
        min: 0.162351280451
        var: 0.00736896367744
    silence_rate_20dB:
        dmean: 0
        dmean2: 0
        dvar: 0
        dvar2: 0
        max: 1
        mean: 1
        median: 1
        min: 1
        var: 0
    silence_rate_30dB:
        dmean: 0
        dmean2: 0
        dvar: 0
        dvar2: 0
        max: 1
        mean: 1
        median: 1
        min: 1
        var: 0
    silence_rate_60dB:
        dmean: 0.0813253000379
        dmean2: 0.162668094039
        dvar: 0.074706338346
        dvar2: 0.165487617254
        max: 1
        mean: 0.202215775847
        median: 0
        min: 0
        var: 0.161328807473
    spectral_centroid:
        dmean: 330.522033691
        dmean2: 506.763427734
        dvar: 105048.085938
        dvar2: 230606.859375
        max: 11758.8857422
        mean: 2279.99194336
        median: 2321.37182617
        min: 265.101501465
        var: 427567.84375
    spectral_complexity:
        dmean: 4.89995718002
        dmean2: 7.63528776169
        dvar: 20.818819046
        dvar2: 48.3072662354
        max: 54
        mean: 20.0322685242
        median: 20
        min: 0
        var: 85.438041687
    spectral_crest:
        dmean: 1.93871545792
        dmean2: 3.22832846642
        dvar: 3.58431339264
        dvar2: 8.66571331024
        max: 22.1844100952
        mean: 6.50722932816
        median: 5.85717582703
        min: 2.52118563652
        var: 6.40385484695
    spectral_decrease:
        dmean: 2.94371194087e-010
        dmean2: 4.85916085147e-010
        dvar: 1.31281434353e-019
        dvar2: 3.47934292721e-019
        max: 9.58983112034e-029
        mean: -1.11291387217e-009
        median: -1.08768993812e-009
        min: -3.61477714428e-009
        var: 2.8906581308e-019
    spectral_energy:
        dmean: 0.00140468904283
        dmean2: 0.00233631511219
        dvar: 2.86665340354e-006
        dvar2: 7.61151477491e-006
        max: 0.0167086031288
        mean: 0.00530506018549
        median: 0.00515029625967
        min: 1.02993300123e-020
        var: 6.54299537928e-006
    spectral_energyband_high:
        dmean: 0.000405927596148
        dmean2: 0.000708319013938
        dvar: 2.85956616608e-007
        dvar2: 7.74359818934e-007
        max: 0.0049337442033
        mean: 0.000807354110293
        median: 0.000653838622384
        min: 7.34326196061e-021
        var: 3.58405486622e-007
    spectral_energyband_low:
        dmean: 0.000199224436074
        dmean2: 0.000324933818774
        dvar: 7.36182315109e-008
        dvar2: 1.81943505595e-007
        max: 0.00464861467481
        mean: 0.000385900522815
        median: 0.000322759762639
        min: 3.31387024094e-023
        var: 1.40803209092e-007
    spectral_energyband_middle_high:
        dmean: 0.000815524719656
        dmean2: 0.00129248900339
        dvar: 6.30332976925e-007
        dvar2: 1.58646832915e-006
        max: 0.0111543312669
        mean: 0.0030426310841
        median: 0.00290716998279
        min: 1.35874654395e-021
        var: 2.97499832413e-006
    spectral_energyband_middle_low:
        dmean: 0.000640354701318
        dmean2: 0.00103056128137
        dvar: 1.00251179447e-006
        dvar2: 2.60298907051e-006
        max: 0.00970859825611
        mean: 0.00119900680147
        median: 0.000851050193887
        min: 2.54287331179e-022
        var: 1.30493879169e-006
    spectral_flatness_db:
        dmean: 0.0139156877995
        dmean2: 0.0217992309481
        dvar: 0.000166573940078
        dvar2: 0.000366327964002
        max: 0.346561253071
        mean: 0.147706016898
        median: 0.141150712967
        min: 0.0605490282178
        var: 0.000996466260403
    spectral_flux:
        dmean: 0.0086363768205
        dmean2: 0.0131752444431
        dvar: 7.26914295228e-005
        dvar2: 0.000147376093082
        max: 0.103601619601
        mean: 0.0458723157644
        median: 0.0460127554834
        min: 6.47317824343e-011
        var: 0.000237352811382
    spectral_kurtosis:
        dmean: 0.905853629112
        dmean2: 1.53747808933
        dvar: 0.762520551682
        dvar2: 2.28013563156
        max: 16.9400787354
        mean: 2.57593202591
        median: 2.42750668526
        min: -1.24398314953
        var: 2.00487589836
    spectral_rms:
        dmean: 0.000285748130409
        dmean2: 0.000464900775114
        dvar: 9.36589117373e-008
        dvar2: 2.39792910861e-007
        max: 0.00403745891526
        mean: 0.00219943700358
        median: 0.00224157958291
        min: 3.16987798857e-012
        var: 3.38134469757e-007
    spectral_rolloff:
        dmean: 353.041717529
        dmean2: 573.984069824
        dvar: 203244.359375
        dvar2: 448102.40625
        max: 19401.4160156
        mean: 3903.14477539
        median: 3919.04296875
        min: 172.265625
        var: 674802.875
    spectral_skewness:
        dmean: 0.159526601434
        dmean2: 0.265533030033
        dvar: 0.0211623124778
        dvar2: 0.0566022694111
        max: 3.06039452553
        mean: 1.01185870171
        median: 1.02514338493
        min: -0.0642433837056
        var: 0.0832020491362
    spectral_spread:
        dmean: 413410.90625
        dmean2: 612865.1875
        dvar: 298613211136
        dvar2: 553569157120
        max: 42182628
        mean: 4563760.5
        median: 4444282
        min: 2067699.875
        var: 3.16599487693e+012
    spectral_strongpeak:
        dmean: 0.706134736538
        dmean2: 1.21488904953
        dvar: 0.787656605244
        dvar2: 2.00382328033
        max: 10.7351179123
        mean: 0.97593665123
        median: 0.491713374853
        min: 4.74168621034e-011
        var: 1.2920280695
    zerocrossingrate:
        dmean: 0.00928679853678
        dmean2: 0.0109510002658
        dvar: 8.51307268022e-005
        dvar2: 0.000105719343992
        max: 0.521484375
        mean: 0.121384978294
        median: 0.12255859375
        min: 0.0146484375
        var: 0.000712394132279
    barkbands:
        dmean: [9.44155900129e-008, 6.5505009843e-005, 0.000122985074995, 0.000113400783448, 0.00031499817851, 0.000113609057735, 0.000146727950778, 9.50248286244e-005, 0.000123437188449, 0.000105797735159, 9.19255908229e-005, 8.33053345559e-005, 0.000100475008367, 9.12624309422e-005, 8.06658135843e-005, 0.00010636744264, 0.000172929241671, 0.000210483383853, 0.000337607925758, 0.000310769362841, 0.000195882588741, 7.98006221885e-005, 1.33170233312e-005, 3.30316470354e-006, 1.82780365776e-006, 4.93142593427e-008, 2.9868452156e-010]
        dmean2: [1.67253247696e-007, 0.000110226952529, 0.000205522097531, 0.000177052497747, 0.000509423902258, 0.000181421390153, 0.000249511358561, 0.000160812604008, 0.000198373381863, 0.000170544837601, 0.000147576749441, 0.000133984416607, 0.000162828378961, 0.000146040751133, 0.000130884916871, 0.000172410218511, 0.000285970687401, 0.000345559703419, 0.000560429471079, 0.00053010857664, 0.000335670018103, 0.000142028467963, 2.27038817684e-005, 5.32796639163e-006, 2.86252156911e-006, 7.17811232676e-008, 5.28694921176e-010]
        dvar: [2.00772998758e-014, 1.02069579455e-008, 3.06937728567e-008, 4.10212557256e-008, 3.97235510263e-007, 5.4239990277e-008, 1.36311840038e-007, 6.53272849149e-008, 9.88692008264e-008, 5.20823917327e-008, 6.34810035649e-008, 3.26492397562e-008, 4.50596431278e-008, 3.93026695633e-008, 3.1491165231e-008, 3.76155462334e-008, 4.33539035782e-008, 5.52711298951e-008, 1.43638914096e-007, 1.33079211651e-007, 5.8585047924e-008, 1.4379589075e-008, 4.84193574124e-010, 3.89799269251e-011, 2.24348178923e-011, 2.63714187477e-014, 1.45207317233e-019]
        dvar2: [6.36970402638e-014, 2.76667488919e-008, 7.84138123322e-008, 7.44844186329e-008, 1.04513424048e-006, 1.35719901095e-007, 3.48078316392e-007, 1.67898548398e-007, 2.35166496054e-007, 1.26746044771e-007, 1.53364197786e-007, 8.11192251149e-008, 1.15540785828e-007, 9.6737437616e-008, 7.97764485583e-008, 9.69575282284e-008, 1.16673739115e-007, 1.48657264276e-007, 3.74264203629e-007, 3.60742546945e-007, 1.60019837381e-007, 3.87226890552e-008, 1.18868226373e-009, 7.65868757302e-011, 4.19029914933e-011, 4.82309504835e-014, 4.22737191942e-019]
        max: [9.99029225568e-007, 0.000952461268753, 0.00303336186334, 0.0050312099047, 0.00668555125594, 0.00575609039515, 0.00906580127776, 0.00490763224661, 0.00660045864061, 0.00495769316331, 0.00718049798161, 0.00385020184331, 0.00301026669331, 0.0036500361748, 0.00333880214021, 0.00769909890369, 0.00468615675345, 0.0034321967978, 0.00738677149639, 0.00439613079652, 0.00296024791896, 0.0014481197577, 0.000366746477084, 0.000132590561407, 0.000136701666634, 4.95135145684e-006, 7.31312255198e-009]
        mean: [1.03476786251e-007, 0.000100648212538, 0.000195527245523, 0.000172425454366, 0.00036579251173, 0.00016620857059, 0.00017228028446, 0.000116080060252, 0.000163704855368, 0.000164515891811, 0.000132475513965, 0.000133273380925, 0.000158429393196, 0.000145136931678, 0.000133825771627, 0.000210186612094, 0.000355164112989, 0.000469898775918, 0.00080114492448, 0.000611138646491, 0.000391754845623, 0.000114919304906, 2.08976089198e-005, 6.22302059128e-006, 3.22239725392e-006, 8.95268215118e-008, 3.95499022421e-010]
        median: [3.62284993116e-008, 6.8685185397e-005, 0.000140103613376, 8.98103608051e-005, 0.000131277833134, 8.42780427774e-005, 6.33883464616e-005, 4.24300451414e-005, 7.00600867276e-005, 6.18024860159e-005, 4.16943148593e-005, 4.76297536807e-005, 5.06434407725e-005, 5.14998282597e-005, 6.22887819191e-005, 0.00014153587108, 0.000280739943264, 0.000380262819817, 0.000679502962157, 0.000474372674944, 0.000317430996802, 8.00582420197e-005, 1.25131300592e-005, 3.82688494938e-006, 1.70092084772e-006, 4.31395044131e-008, 2.73361805414e-010]
        min: [1.62811128684e-024, 7.49196032273e-024, 6.17669904356e-025, 3.70401591665e-024, 1.75203829793e-023, 6.58759755921e-024, 9.36398957084e-024, 5.12477649506e-024, 2.38327816786e-023, 1.25772503852e-023, 3.19081267289e-023, 3.88373073709e-023, 3.3570404962e-023, 3.40455579733e-023, 5.6316262531e-023, 8.88660203212e-023, 1.10757800276e-022, 1.26193624624e-022, 1.40654202323e-022, 2.33389080514e-022, 2.14770499025e-022, 3.83836113762e-022, 4.41404860219e-022, 6.49494250113e-022, 1.01764985381e-021, 1.35602145235e-021, 2.01004989825e-021]
        var: [2.08369715389e-014, 1.26231789466e-008, 5.07250952353e-008, 9.34112378559e-008, 4.0172409399e-007, 6.84891290348e-008, 1.36342734436e-007, 7.53958389055e-008, 1.18357306178e-007, 8.95082408192e-008, 1.06266426769e-007, 6.19446893779e-008, 7.9621585769e-008, 7.0980917144e-008, 5.25679162422e-008, 9.36378725669e-008, 9.16157603115e-008, 1.30899792339e-007, 3.41802206094e-007, 2.3735995569e-007, 8.67117790904e-008, 1.34839357457e-008, 7.06019964714e-010, 9.94564847145e-011, 5.87570200827e-011, 5.43483681182e-014, 1.87485461844e-019]
    frequency_bands:
        dmean: [9.44155900129e-008, 6.5505009843e-005, 0.000122985074995, 0.000113400783448, 0.00031499817851, 0.000113609057735, 0.000146727950778, 9.50248286244e-005, 0.000123437188449, 0.000105797735159, 9.19255908229e-005, 8.33053345559e-005, 0.000100475008367, 9.12624309422e-005, 8.06658135843e-005, 0.00010636744264, 0.000172929241671, 0.000210483383853, 0.000337607925758, 0.000310769362841, 0.000195882588741, 7.98006221885e-005, 1.33170233312e-005, 3.30316470354e-006, 1.82780365776e-006, 4.93142593427e-008, 2.9868452156e-010, 6.23142232259e-011]
        dmean2: [1.67253247696e-007, 0.000110226952529, 0.000205522097531, 0.000177052497747, 0.000509423902258, 0.000181421390153, 0.000249511358561, 0.000160812604008, 0.000198373381863, 0.000170544837601, 0.000147576749441, 0.000133984416607, 0.000162828378961, 0.000146040751133, 0.000130884916871, 0.000172410218511, 0.000285970687401, 0.000345559703419, 0.000560429471079, 0.00053010857664, 0.000335670018103, 0.000142028467963, 2.27038817684e-005, 5.32796639163e-006, 2.86252156911e-006, 7.17811232676e-008, 5.28694921176e-010, 1.16703965936e-010]
        dvar: [2.00772998758e-014, 1.02069579455e-008, 3.06937728567e-008, 4.10212557256e-008, 3.97235510263e-007, 5.4239990277e-008, 1.36311840038e-007, 6.53272849149e-008, 9.88692008264e-008, 5.20823917327e-008, 6.34810035649e-008, 3.26492397562e-008, 4.50596431278e-008, 3.93026695633e-008, 3.1491165231e-008, 3.76155462334e-008, 4.33539035782e-008, 5.52711298951e-008, 1.43638914096e-007, 1.33079211651e-007, 5.8585047924e-008, 1.4379589075e-008, 4.84193574124e-010, 3.89799269251e-011, 2.24348178923e-011, 2.63714187477e-014, 1.45207317233e-019, 8.07286272586e-021]
        dvar2: [6.36970402638e-014, 2.76667488919e-008, 7.84138123322e-008, 7.44844186329e-008, 1.04513424048e-006, 1.35719901095e-007, 3.48078316392e-007, 1.67898548398e-007, 2.35166496054e-007, 1.26746044771e-007, 1.53364197786e-007, 8.11192251149e-008, 1.15540785828e-007, 9.6737437616e-008, 7.97764485583e-008, 9.69575282284e-008, 1.16673739115e-007, 1.48657264276e-007, 3.74264203629e-007, 3.60742546945e-007, 1.60019837381e-007, 3.87226890552e-008, 1.18868226373e-009, 7.65868757302e-011, 4.19029914933e-011, 4.82309504835e-014, 4.22737191942e-019, 2.58590036546e-020]
        max: [9.99029225568e-007, 0.000952461268753, 0.00303336186334, 0.0050312099047, 0.00668555125594, 0.00575609039515, 0.00906580127776, 0.00490763224661, 0.00660045864061, 0.00495769316331, 0.00718049798161, 0.00385020184331, 0.00301026669331, 0.0036500361748, 0.00333880214021, 0.00769909890369, 0.00468615675345, 0.0034321967978, 0.00738677149639, 0.00439613079652, 0.00296024791896, 0.0014481197577, 0.000366746477084, 0.000132590561407, 0.000136701666634, 4.95135145684e-006, 7.31312255198e-009, 1.36598465872e-009]
        mean: [1.03476786251e-007, 0.000100648212538, 0.000195527245523, 0.000172425454366, 0.00036579251173, 0.00016620857059, 0.00017228028446, 0.000116080060252, 0.000163704855368, 0.000164515891811, 0.000132475513965, 0.000133273380925, 0.000158429393196, 0.000145136931678, 0.000133825771627, 0.000210186612094, 0.000355164112989, 0.000469898775918, 0.00080114492448, 0.000611138646491, 0.000391754845623, 0.000114919304906, 2.08976089198e-005, 6.22302059128e-006, 3.22239725392e-006, 8.95268215118e-008, 3.95499022421e-010, 4.7535624742e-011]
        median: [3.62284993116e-008, 6.8685185397e-005, 0.000140103613376, 8.98103608051e-005, 0.000131277833134, 8.42780427774e-005, 6.33883464616e-005, 4.24300451414e-005, 7.00600867276e-005, 6.18024860159e-005, 4.16943148593e-005, 4.76297536807e-005, 5.06434407725e-005, 5.14998282597e-005, 6.22887819191e-005, 0.00014153587108, 0.000280739943264, 0.000380262819817, 0.000679502962157, 0.000474372674944, 0.000317430996802, 8.00582420197e-005, 1.25131300592e-005, 3.82688494938e-006, 1.70092084772e-006, 4.31395044131e-008, 2.73361805414e-010, 1.84218161559e-011]
        min: [1.62811128684e-024, 7.49196032273e-024, 6.17669904356e-025, 3.70401591665e-024, 1.75203829793e-023, 6.58759755921e-024, 9.36398957084e-024, 5.12477649506e-024, 2.38327816786e-023, 1.25772503852e-023, 3.19081267289e-023, 3.88373073709e-023, 3.3570404962e-023, 3.40455579733e-023, 5.6316262531e-023, 8.88660203212e-023, 1.10757800276e-022, 1.26193624624e-022, 1.40654202323e-022, 2.33389080514e-022, 2.14770499025e-022, 3.83836113762e-022, 4.41404860219e-022, 6.49494250113e-022, 1.01764985381e-021, 1.35602145235e-021, 2.01004989825e-021, 5.72021192487e-022]
        var: [2.08369715389e-014, 1.26231789466e-008, 5.07250952353e-008, 9.34112378559e-008, 4.0172409399e-007, 6.84891290348e-008, 1.36342734436e-007, 7.53958389055e-008, 1.18357306178e-007, 8.95082408192e-008, 1.06266426769e-007, 6.19446893779e-008, 7.9621585769e-008, 7.0980917144e-008, 5.25679162422e-008, 9.36378725669e-008, 9.16157603115e-008, 1.30899792339e-007, 3.41802206094e-007, 2.3735995569e-007, 8.67117790904e-008, 1.34839357457e-008, 7.06019964714e-010, 9.94564847145e-011, 5.87570200827e-011, 5.43483681182e-014, 1.87485461844e-019, 6.18911316934e-021]
    mfcc:
        mean: [-687.75793457, 79.5097808838, -53.8673439026, 60.7803878784, -19.5293216705, -0.951794981956, 3.32529306412, -1.26311028004, 0.383525133133, -6.45317697525, -1.86326658726, -5.17735671997, -5.01766824722]
        cov: [[3345.83056641, -16.675037384, -25.5787849426, -52.1525001526, -158.428939819, 62.7519683838, -63.066493988, 50.4750823975, -123.887588501, 64.4105224609, -5.73937940598, 20.8168506622, 36.8530158997], [-16.675037384, 584.470947266, -123.514350891, 233.883499146, 25.2950363159, 28.8292236328, 58.2397117615, 8.35233020782, 47.955116272, -22.9761714935, 17.0044002533, -9.88193893433, -16.047794342], [-25.5787849426, -123.514350891, 508.443695068, 69.5892028809, 173.946838379, 50.3093223572, -27.0961456299, 33.2446136475, -9.61051750183, 21.1509914398, -21.9666595459, 25.5982894897, 36.0599899292], [-52.1525001526, 233.883499146, 69.5892028809, 417.642974854, 141.86781311, 23.2337150574, -0.845616877079, -6.41912126541, 100.925697327, 3.82287955284, 19.0350151062, 14.0055627823, 19.5065765381], [-158.428939819, 25.2950363159, 173.946838379, 141.86781311, 206.687438965, 66.6535110474, 26.9081401825, 18.9818820953, 51.8777275085, 35.6924514771, 16.6814937592, 17.6333961487, 13.8590593338], [62.7519683838, 28.8292236328, 50.3093223572, 23.2337150574, 66.6535110474, 137.529037476, 95.8335494995, 62.8699188232, 14.6246919632, 35.0835418701, 27.2994174957, 16.0286254883, 11.6555461884], [-63.066493988, 58.2397117615, -27.0961456299, -0.845616877079, 26.9081401825, 95.8335494995, 186.022766113, 91.893661499, 42.3682441711, 6.8609919548, 38.2084159851, 26.3879013062, 8.48605537415], [50.4750823975, 8.35233020782, 33.2446136475, -6.41912126541, 18.9818820953, 62.8699188232, 91.893661499, 139.301651001, 55.2087478638, 41.2130126953, 18.5117912292, 17.1477375031, 25.1741199493], [-123.887588501, 47.955116272, -9.61051750183, 100.925697327, 51.8777275085, 14.6246919632, 42.3682441711, 55.2087478638, 130.671218872, 51.4491920471, 36.2628669739, 11.2989082336, 13.7522935867], [64.4105224609, -22.9761714935, 21.1509914398, 3.82287955284, 35.6924514771, 35.0835418701, 6.8609919548, 41.2130126953, 51.4491920471, 108.677505493, 48.7702293396, 18.8547935486, 13.9544801712], [-5.73937940598, 17.0044002533, -21.9666595459, 19.0350151062, 16.6814937592, 27.2994174957, 38.2084159851, 18.5117912292, 36.2628669739, 48.7702293396, 91.8443756104, 49.0520744324, 14.278512001], [20.8168506622, -9.88193893433, 25.5982894897, 14.0055627823, 17.6333961487, 16.0286254883, 26.3879013062, 17.1477375031, 11.2989082336, 18.8547935486, 49.0520744324, 75.8288421631, 38.1058616638], [36.8530158997, -16.047794342, 36.0599899292, 19.5065765381, 13.8590593338, 11.6555461884, 8.48605537415, 25.1741199493, 13.7522935867, 13.9544801712, 14.278512001, 38.1058616638, 67.9225692749]]
        icov: [[0.000367787841242, 1.12775060188e-005, 4.93101242682e-006, -0.000250766897807, 0.000498357927427, -0.000368278007954, 0.000271636788966, -0.000314642878948, 0.000585420057178, -0.000461136776721, 0.000151588494191, -0.000163023374625, -4.74972403026e-005], [1.12775060188e-005, 0.00270858546719, 0.000773005245719, -0.00195150531363, 0.000235597850406, -0.000142267410411, -0.000674914743286, -0.000495046784636, 0.000811163277831, 0.00030662730569, -0.000390127737774, 0.000533504586201, 0.000583505898248], [4.93101242682e-006, 0.000773005245719, 0.0037674959749, -0.000350907735992, -0.00339802121744, -0.000211066115298, 0.00145436963066, -0.00206663599238, 0.0017723859055, 0.000178866626811, 0.00124913814943, -0.00124447641429, -0.000365630316082], [-0.000250766897807, -0.00195150531363, -0.000350907735992, 0.00580171495676, -0.00284276646562, -0.000904055603314, 0.00179699482396, 0.00158605608158, -0.00489758932963, 0.00282465666533, -0.000391565059545, -0.000406628474593, -0.00116033561062], [0.000498357927427, 0.000235597850406, -0.00339802121744, -0.00284276646562, 0.0122740212828, -0.00463710771874, -0.000715251779184, 0.00281969527714, -0.00240433169529, -0.00244178273715, 0.0013254256919, -0.0011355499737, 0.00108819385059], [-0.000368278007954, -0.000142267410411, -0.000211066115298, -0.000904055603314, -0.00463710771874, 0.0179174356163, -0.00887136626989, -0.00240185647272, 0.00645977631211, -0.00536577217281, -0.00133571168408, 0.00311238691211, -0.00126286840532], [0.000271636788966, -0.000674914743286, 0.00145436963066, 0.00179699482396, -0.000715251779184, -0.00887136626989, 0.0155720273033, -0.00687755737454, -0.00363236432895, 0.00762679101899, -0.00358034181409, -0.00299009820446, 0.0022754301317], [-0.000314642878948, -0.000495046784636, -0.00206663599238, 0.00158605608158, 0.00281969527714, -0.00240185647272, -0.00687755737454, 0.0170013308525, -0.00647671986371, -0.00409194547683, 0.004246851895, -0.000143387398566, -0.00356997968629], [0.000585420057178, 0.000811163277831, 0.0017723859055, -0.00489758932963, -0.00240433169529, 0.00645977631211, -0.00363236432895, -0.00647671986371, 0.0194790698588, -0.00736734783277, -0.00282911094837, 0.00356650957838, -0.00126052671112], [-0.000461136776721, 0.00030662730569, 0.000178866626811, 0.00282465666533, -0.00244178273715, -0.00536577217281, 0.00762679101899, -0.00409194547683, -0.00736734783277, 0.0207512453198, -0.0102473460138, 0.00241157249548, -0.000571177632082], [0.000151588494191, -0.000390127737774, 0.00124913814943, -0.000391565059545, 0.0013254256919, -0.00133571168408, -0.00358034181409, 0.004246851895, -0.00282911094837, -0.0102473460138, 0.0271000191569, -0.0170938912779, 0.00467813899741], [-0.000163023374625, 0.000533504586201, -0.00124447641429, -0.000406628474593, -0.0011355499737, 0.00311238691211, -0.00299009820446, -0.000143387398566, 0.00356650957838, 0.00241157249548, -0.0170938912779, 0.0315398164093, -0.0142022660002], [-4.74972403026e-005, 0.000583505898248, -0.000365630316082, -0.00116033561062, 0.00108819385059, -0.00126286840532, 0.0022754301317, -0.00356997968629, -0.00126052671112, -0.000571177632082, 0.00467813899741, -0.0142022660002, 0.0238040369004]]
    sccoeffs:
        dmean: [0.0569478422403, 0.0515316240489, 0.0432776287198, 0.033768042922, 0.0219255518168, 0.0195392947644]
        dmean2: [0.091584764421, 0.0824262574315, 0.0698243007064, 0.0541523322463, 0.035323381424, 0.0311228837818]
        dvar: [0.00215091416612, 0.00179613905493, 0.00127946725115, 0.000805487972684, 0.000376951851649, 0.000321324157994]
        dvar2: [0.00543666444719, 0.00443046819419, 0.00310585391708, 0.00187717808876, 0.000873611308634, 0.000746826990508]
        max: [-0.297242283821, -0.445302069187, -0.421896874905, -0.484734982252, -0.492442965508, -0.534102201462]
        mean: [-0.635237216949, -0.754362046719, -0.772957086563, -0.776686728001, -0.788462400436, -0.708352684975]
        median: [-0.641160309315, -0.761307120323, -0.782130360603, -0.783274888992, -0.793200433254, -0.711921572685]
        min: [-0.977752268314, -0.974459290504, -0.97329133749, -0.968902170658, -0.968539595604, -0.962767481804]
        var: [0.00613080756739, 0.0046179741621, 0.00417796475813, 0.00301693496294, 0.00131133268587, 0.0021931945812]
    scvalleys:
        dmean: [0.435847401619, 0.401216894388, 0.351439028978, 0.278584957123, 0.262854665518, 0.298114329576]
        dmean2: [0.689651250839, 0.644089818001, 0.544102311134, 0.430708438158, 0.390180468559, 0.472150206566]
        dvar: [0.15393897891, 0.132846742868, 0.101268425584, 0.071826800704, 0.0689534619451, 0.148943558335]
        dvar2: [0.334299594164, 0.309296607971, 0.212713286281, 0.144518151879, 0.142855852842, 0.326567053795]
        max: [-5.58868551254, -4.5533618927, -5.21213102341, -5.60829639435, -5.44636774063, -7.52046537399]
        mean: [-7.25405311584, -6.85503387451, -7.0262761116, -7.15159225464, -6.59471464157, -9.47740936279]
        median: [-6.98863363266, -6.73003864288, -6.92854118347, -7.02411985397, -6.46169042587, -9.1960067749]
        min: [-27.7523384094, -28.0025634766, -27.5345630646, -27.5487728119, -27.3643894196, -27.3420505524]
        var: [1.64320397377, 1.41563427448, 1.4767947197, 1.31491112709, 1.26426851749, 1.73669838905]

rhythm:
    beats_loudness:
        dmean: 0.00134098657873
        dmean2: 0.00234536873177
        dvar: 1.17192166726e-006
        dvar2: 3.1401623346e-006
        max: 0.0106951259077
        mean: 0.00555157428607
        median: 0.00561825092882
        min: 8.6871203564e-009
        var: 3.74747764909e-006
    bpm: 94.4915466309
    bpm_confidence: 0
    first_peak_bpm: 94
    first_peak_spread: 0.624260365963
    first_peak_weight: 0.375739634037
    onset_rate: 3.97961950302
    second_peak_bpm: 0
    second_peak_spread: 0
    second_peak_weight: 0
    beats_loudness_band_ratio:
        dmean: [0.0710011050105, 0.0903123468161, 0.0631948709488, 0.0811828896403, 0.0869827345014, 0.0886825993657]
        dmean2: [0.119378358126, 0.15636074543, 0.1135391891, 0.140553876758, 0.154571518302, 0.150461405516]
        dvar: [0.00744613306597, 0.00654588080943, 0.00424421066418, 0.00887520983815, 0.00687943538651, 0.00559928873554]
        dvar2: [0.0214509423822, 0.017306830734, 0.0119039351121, 0.02358090505, 0.0204914864153, 0.0162184014916]
        max: [0.841212570667, 0.518938660622, 0.442619115114, 0.663277864456, 0.784711360931, 0.638385474682]
        mean: [0.144132092595, 0.179444596171, 0.0960995480418, 0.118103995919, 0.246813461185, 0.289839982986]
        median: [0.119536556304, 0.180244013667, 0.0786318257451, 0.0631798356771, 0.233546718955, 0.277455031872]
        min: [0.000134316709591, 0.00248386710882, 0.00917185470462, 0.00271729915403, 0.0487078651786, 0.0502882190049]
        var: [0.0105684855953, 0.0127159599215, 0.00451755430549, 0.0130034163594, 0.00815279688686, 0.00779102463275]
    beats_position: [0.603718817234, 1.23065757751, 1.8575963974, 2.48453521729, 3.11147379875, 3.76163268089, 4.41179132462, 5.06195020676, 5.71210861206, 6.3622674942, 7.00081634521, 7.6277551651, 8.25469398499, 8.88163280487, 9.50857162476, 10.1355104446, 10.7624483109, 11.3893871307, 12.0047159195, 12.6316547394, 13.2585935593, 13.8855323792, 14.512471199, 15.1394100189, 15.7663488388, 16.3932876587, 17.0202255249, 17.6471652985, 18.2741031647, 18.9010429382, 19.5163707733, 20.1433105469, 20.758638382, 21.3855781555, 22.0125160217, 22.6278457642, 23.2547836304, 23.8817234039, 24.5086612701, 25.1356010437, 25.7509288788, 26.3778686523, 27.0048065186, 27.6317462921, 28.2586841583, 28.8856239319, 29.5125617981, 30.1394996643, 30.7664394379, 31.3933773041, 32.0203170776, 32.6356468201, 33.2509727478, 33.8779144287, 34.5048522949, 35.1317901611, 35.7587280273, 36.3856697083, 37.000995636, 37.6163253784, 38.2432632446, 38.8702049255, 39.5087509155, 40.1473007202, 40.7742385864, 41.3895683289, 42.0048980713, 42.6202278137, 43.2471656799, 43.8624954224, 44.4894332886, 45.1279792786, 45.7665290833, 46.4166870117, 47.0668487549, 47.7053947449, 48.3439445496, 48.994102478, 49.6442604065, 50.2828102112, 50.9213600159, 51.5599098206, 52.1984558105, 52.8370056152, 53.4755554199, 54.1257133484, 54.7758712769, 55.4144210815, 56.0529708862, 56.6915168762, 57.3300666809, 57.9802246094, 58.6303825378, 59.2689323425, 59.9074821472, 60.5692520142, 61.2310180664, 61.8811798096, 62.5197257996, 63.1582756042, 63.7852134705, 64.4121551514, 65.0390930176, 65.6660308838, 66.29296875, 66.9199066162, 67.5352401733, 68.1737823486, 68.8007278442, 69.4276657104, 70.0546035767, 70.6699295044, 71.2852630615, 71.9122009277, 72.5391387939, 73.1660766602, 73.7930145264, 74.4199523926, 75.0468902588, 75.673828125, 76.3007659912, 76.9277114868, 77.554649353, 78.1699752808, 78.796913147, 79.4122467041, 80.0391845703, 80.6661224365, 81.2930603027, 81.9199981689, 82.5353240967, 83.1506576538, 83.77759552, 84.4045333862, 85.0314712524, 85.6584091187, 86.2853469849, 86.935508728, 87.5856704712, 88.235824585, 88.8859863281, 89.5245361328, 90.1630859375, 90.8016281128, 91.4401779175, 92.0903396606, 92.7404937744, 93.3790435791, 94.0175933838, 94.667755127, 95.3063049316, 95.9448471069, 96.5833969116, 97.2219467163, 97.8721084595, 98.5106582642, 99.1492080688, 99.7993621826, 100.449523926, 101.09967804, 101.761451721, 102.411605835, 103.05015564, 103.688705444, 104.327255249, 104.977409363, 105.615959167, 106.254508972, 106.904670715, 107.54322052, 108.181770325, 108.8203125, 109.458862305, 110.109024048, 110.747573853, 111.386123657, 112.036277771, 112.674827576, 113.31337738, 113.951927185, 114.59047699, 115.240631104, 115.879180908, 116.529342651, 117.167892456, 117.81804657, 118.456596375, 119.095146179, 119.745300293, 120.383850098, 121.022399902, 121.660949707, 122.299499512, 122.938049316, 123.576599121, 124.226753235, 124.86530304, 125.503852844, 126.154014587, 126.804168701, 127.442718506, 128.081268311, 128.719818115, 129.35836792, 130.008529663, 130.647079468, 131.285614014, 131.924163818, 132.562713623, 133.212875366, 133.851425171, 134.489974976, 135.12852478, 135.767074585, 136.417236328, 137.055786133, 137.694335938, 138.344482422, 138.983032227, 139.621582031, 140.260131836, 140.898681641, 141.537231445, 142.17578125, 142.825942993, 143.476104736, 144.114639282, 144.764801025, 145.40335083, 146.041900635, 146.680450439, 147.330612183, 147.969161987, 148.607711792, 149.257858276, 149.896408081, 150.534957886, 151.185119629, 151.823669434, 152.462219238, 153.100769043, 153.739318848, 154.377868652, 155.016418457, 155.6665802, 156.305114746, 156.943664551, 157.593826294, 158.243988037, 158.882537842, 159.509475708, 160.148025513, 160.798187256, 161.448348999, 162.086883545, 162.72543335, 163.375595093, 164.002532959, 164.641082764, 165.279632568, 165.929794312, 166.556732178, 167.183670044, 167.81060791, 168.437545776, 169.064483643, 169.67980957, 170.295150757, 170.922088623, 171.549026489, 172.175964355, 172.802902222, 173.429840088, 174.056777954, 174.68371582, 175.299041748, 175.914367676, 176.541305542, 177.168243408, 177.795196533, 178.422134399, 179.049072266, 179.676010132, 180.302947998, 180.929885864, 181.55682373, 182.183761597, 182.810699463, 183.437637329, 184.052963257, 184.679901123, 185.318450928, 185.945388794, 186.583938599, 187.222488403, 187.84942627, 188.476364136, 189.126525879, 189.776687622, 190.426849365, 191.06539917, 191.703948975, 192.342483521, 192.981033325, 193.631195068, 194.281356812, 194.919906616, 195.558456421, 196.197006226, 196.83555603, 197.485717773, 198.124252319, 198.762802124, 199.412963867, 200.051513672, 200.690063477, 201.317001343, 201.978775024, 202.628936768, 203.267486572, 203.906021118, 204.544570923, 205.194732666, 205.833282471, 206.471832275, 207.11038208, 207.748931885, 208.387481689, 209.026031494, 209.65296936, 210.279907227, 210.906845093, 211.533782959, 212.160720825, 212.787658691, 213.414596558, 214.029922485, 214.656860352, 215.283798218]
