
metadata:
    version:
        essentia: "2.1-beta2"
    audio_properties:
        analysis_sample_rate: 44100
        bitrate: 320
        channels: 2
        equal_loudness: 1
        length: 215.327346802
        replay_gain: -16.0197944641
        downmix: "mix"
    tags:
        album: "The Poison"
        artist: "Bullet For My Valentine"
        comment: ""
        date: ""
        genre: ""
        title: "Hand Of Blood"
        tracknumber: "8"

configuration:
    average_loudness:
        compute: 1
        frameSize: 88200
        hopSize: 44100
        silentFrames: "noise"
        windowType: "hann"
    general:
        analysisSampleRate: 44100
        endTime: 2000
        equalLoudness: 1
        nequalLoudness: 0
        shortSound: 0
        startTime: 0
    lowlevel:
        compute: 1
        frameSize: 2048
        hopSize: 1024
        zeroPadding: 0
        silentFrames: "noise"
        windowType: "blackmanharris62"
        mfccStats: ["mean", "cov", "icov"]
        stats: ["mean", "var", "median", "min", "max", "dmean", "dmean2", "dvar", "dvar2"]
    panning:
        compute: 0
        frameSize: 8192
        hopSize: 2048
        zeroPadding: 8192
        silentFrames: "noise"
        windowType: "hann"
        stats: ["copy"]
    rhythm:
        compute: 1
        maxTempo: 208
        minTempo: 40
        method: "degara"
        stats: ["mean", "var", "median", "min", "max", "dmean", "dmean2", "dvar", "dvar2"]
    segmentation:
        compute: 0
        cpw: 5
        inc1: 300
        inc2: 50
        minimumSegmentsLength: 10
        size1: 1000
        size2: 600
    sfx:
        compute: 1
        stats: ["mean", "var", "median", "min", "max", "dmean", "dmean2", "dvar", "dvar2"]
    svm:
        compute: 0
    tonal:
        compute: 1
        frameSize: 4096
        hopSize: 2048
        zeroPadding: 0
        silentFrames: "noise"
        windowType: "blackmanharris62"
        stats: ["mean", "var", "median", "min", "max", "dmean", "dmean2", "dvar", "dvar2"]

lowlevel:
    average_loudness: 0.935284614563
    barkbands_kurtosis:
        dmean: 0.859973669052
        dmean2: 1.40563833714
        dvar: 1.32860481739
        dvar2: 3.52177095413
        max: 42.8502960205
        mean: 0.0685022473335
        median: -0.710829138756
        min: -1.85552227497
        var: 9.5815038681
    barkbands_skewness:
        dmean: 0.418452262878
        dmean2: 0.668011128902
        dvar: 0.154462710023
        dvar2: 0.38787227869
        max: 6.07645463943
        mean: -0.53633415699
        median: -0.672511398792
        min: -3.75032329559
        var: 0.969491541386
    barkbands_spread:
        dmean: 5.78710269928
        dmean2: 9.20935440063
        dvar: 28.5367431641
        dvar2: 71.9221725464
        max: 63.6703529358
        mean: 30.4068336487
        median: 30.1681060791
        min: 1.96381449699
        var: 111.603645325
    dissonance:
        dmean: 0.0100964894518
        dmean2: 0.0171531159431
        dvar: 0.000108618522063
        dvar2: 0.000291207397822
        max: 0.500000178814
        mean: 0.483261883259
        median: 0.487284123898
        min: 0.183919250965
        var: 0.000226238102186
    hfc:
        dmean: 2.95332622528
        dmean2: 4.84458065033
        dvar: 10.7968931198
        dvar2: 28.5488243103
        max: 43.3011741638
        mean: 11.7696275711
        median: 11.4002885818
        min: 1.17021916237e-016
        var: 33.328414917
    pitch:
        dmean: 923.987792969
        dmean2: 1775.21228027
        dvar: 1806241
        dvar2: 4224686
        max: 4605.93896484
        mean: 1702.36584473
        median: 493.596618652
        min: 65.4930648804
        var: 2505782.5
    pitch_instantaneous_confidence:
        dmean: 0.0772501826286
        dmean2: 0.126282259822
        dvar: 0.00432285899296
        dvar2: 0.0106384046376
        max: 0.974684000015
        mean: 0.395442008972
        median: 0.376130521297
        min: 0.107645094395
        var: 0.0172422993928
    pitch_salience:
        dmean: 0.0557235330343
        dmean2: 0.0920145660639
        dvar: 0.00239999219775
        dvar2: 0.00619659991935
        max: 0.90117430687
        mean: 0.66658693552
        median: 0.688452839851
        min: 0.0812595412135
        var: 0.0106108486652
    silence_rate_20dB:
        dmean: 0
        dmean2: 0
        dvar: 0
        dvar2: 0
        max: 1
        mean: 1
        median: 1
        min: 1
        var: 0
    silence_rate_30dB:
        dmean: 0
        dmean2: 0
        dvar: 0
        dvar2: 0
        max: 1
        mean: 1
        median: 1
        min: 1
        var: 0
    silence_rate_60dB:
        dmean: 0.0605995245278
        dmean2: 0.121212124825
        dvar: 0.0569205544889
        dvar2: 0.126572936773
        max: 1
        mean: 0.15061993897
        median: 0
        min: 0
        var: 0.127946227789
    spectral_centroid:
        dmean: 281.136657715
        dmean2: 453.068115234
        dvar: 90215.40625
        dvar2: 209725.234375
        max: 11123.9453125
        mean: 2161.50830078
        median: 2266.06762695
        min: 210.015396118
        var: 336523.875
    spectral_complexity:
        dmean: 4.26978635788
        dmean2: 6.68478393555
        dvar: 15.999455452
        dvar2: 37.6478538513
        max: 48
        mean: 20.8472232819
        median: 21
        min: 0
        var: 76.6806106567
    spectral_crest:
        dmean: 1.8538364172
        dmean2: 3.16643691063
        dvar: 3.66930174828
        dvar2: 9.99282455444
        max: 21.9505767822
        mean: 6.54237890244
        median: 5.77188682556
        min: 2.49949669838
        var: 7.35086488724
    spectral_decrease:
        dmean: 2.99028829476e-010
        dmean2: 5.01882202464e-010
        dvar: 1.76707479408e-019
        dvar2: 4.75364516313e-019
        max: -3.60963658245e-029
        mean: -1.13012621483e-009
        median: -1.07417874595e-009
        min: -4.31764402009e-009
        var: 3.28012629945e-019
    spectral_energy:
        dmean: 0.00135641649831
        dmean2: 0.00226747849956
        dvar: 3.15292800224e-006
        dvar2: 8.39806671138e-006
        max: 0.0184762123972
        mean: 0.00533290114254
        median: 0.00510554062203
        min: 1.07504665635e-020
        var: 6.74735201756e-006
    spectral_energyband_high:
        dmean: 0.000272605859209
        dmean2: 0.000468498794362
        dvar: 1.38142894457e-007
        dvar2: 3.76596801743e-007
        max: 0.00306173786521
        mean: 0.000617997720838
        median: 0.000531581463292
        min: 7.60620603679e-021
        var: 1.76064077095e-007
    spectral_energyband_low:
        dmean: 0.000191377999727
        dmean2: 0.000311330979457
        dvar: 6.98820485923e-008
        dvar2: 1.76904435989e-007
        max: 0.00387905002572
        mean: 0.000311922281981
        median: 0.000221932583372
        min: 1.14837044193e-022
        var: 1.1356801366e-007
    spectral_energyband_middle_high:
        dmean: 0.000752856489271
        dmean2: 0.0011990161147
        dvar: 5.76261015794e-007
        dvar2: 1.44029024796e-006
        max: 0.0127627588809
        mean: 0.00322588323615
        median: 0.0030355611816
        min: 1.66924684106e-021
        var: 2.96662392429e-006
    spectral_energyband_middle_low:
        dmean: 0.000749402795918
        dmean2: 0.0012843827717
        dvar: 2.12331815419e-006
        dvar2: 5.95132678427e-006
        max: 0.0129538634792
        mean: 0.00130783952773
        median: 0.000907498237211
        min: 4.16990763784e-022
        var: 2.02577530217e-006
    spectral_flatness_db:
        dmean: 0.0130456825718
        dmean2: 0.0206866357476
        dvar: 0.000130259402795
        dvar2: 0.000306009111227
        max: 0.425923079252
        mean: 0.152636542916
        median: 0.143500104547
        min: 0.0614862702787
        var: 0.00199078326114
    spectral_flux:
        dmean: 0.00813412293792
        dmean2: 0.012846772559
        dvar: 8.10612618807e-005
        dvar2: 0.000166044439538
        max: 0.121330447495
        mean: 0.0455703102052
        median: 0.045445792377
        min: 1.03684456854e-010
        var: 0.000275591242826
    spectral_kurtosis:
        dmean: 1.2949334383
        dmean2: 2.24428415298
        dvar: 7.67561769485
        dvar2: 24.2919921875
        max: 85.2907791138
        mean: 4.34603500366
        median: 2.92739152908
        min: -1.19619119167
        var: 61.2606735229
    spectral_rms:
        dmean: 0.000269821903203
        dmean2: 0.000441563664936
        dvar: 9.68447437799e-008
        dvar2: 2.49842429412e-007
        max: 0.00424565374851
        mean: 0.00218320521526
        median: 0.00223181885667
        min: 3.23855829307e-012
        var: 4.36444622665e-007
    spectral_rolloff:
        dmean: 278.428649902
        dmean2: 457.896087646
        dvar: 120274.71875
        dvar2: 241658.8125
        max: 18066.3574219
        mean: 3625.85620117
        median: 3746.77734375
        min: 193.798828125
        var: 548584.1875
    spectral_skewness:
        dmean: 0.176923170686
        dmean2: 0.292880892754
        dvar: 0.049062602222
        dvar2: 0.145361542702
        max: 7.1133389473
        mean: 1.2154392004
        median: 1.09584856033
        min: -0.0148235941306
        var: 0.479672968388
    spectral_spread:
        dmean: 405938.90625
        dmean2: 595446.3125
        dvar: 352252297216
        dvar2: 548126556160
        max: 41956020
        mean: 4136871.75
        median: 4006875.5
        min: 982488.1875
        var: 1.52067270246e+012
    spectral_strongpeak:
        dmean: 0.709918498993
        dmean2: 1.21539235115
        dvar: 0.717883050442
        dvar2: 1.82823514938
        max: 9.45812416077
        mean: 1.04123103619
        median: 0.607091248035
        min: 0
        var: 1.37297677994
    zerocrossingrate:
        dmean: 0.00748248631135
        dmean2: 0.00926602259278
        dvar: 6.75472474541e-005
        dvar2: 7.56683803047e-005
        max: 0.48779296875
        mean: 0.115509651601
        median: 0.1201171875
        min: 0.0078125
        var: 0.000632617098745
    barkbands:
        dmean: [8.14327165699e-008, 5.15448555234e-005, 0.000122703990201, 0.000107742758701, 0.000423258723458, 0.000134314905154, 9.74635695457e-005, 6.61262965878e-005, 0.000160824463819, 0.000120106626127, 7.47205558582e-005, 7.89356563473e-005, 6.42384111416e-005, 8.29338750918e-005, 0.000110759341624, 0.000149345898535, 0.000217754772166, 0.000247175077675, 0.0003176627215, 0.000241603265749, 0.000129594583996, 4.80851595057e-005, 8.11729023553e-006, 2.58500745076e-006, 1.29689078676e-006, 4.83060240697e-008, 3.15527076689e-010]
        dmean2: [1.4101598822e-007, 8.36383260321e-005, 0.000204156778636, 0.000181387309567, 0.000752656313125, 0.000222655624384, 0.000161804870004, 0.000108623331471, 0.000259979016846, 0.000192131134099, 0.000122106968774, 0.000127223640447, 0.000104674938484, 0.000133029738208, 0.000184438875294, 0.000250346492976, 0.000364442821592, 0.000407843384892, 0.000524247414432, 0.000410113716498, 0.000223116468987, 8.18045446067e-005, 1.34556912599e-005, 4.08491541748e-006, 1.95943789549e-006, 7.14731811513e-008, 5.41248046382e-010]
        dvar: [1.50318092121e-014, 7.42555483768e-009, 3.18388160281e-008, 2.62565578169e-008, 1.21912501072e-006, 6.27554825883e-008, 5.84018842176e-008, 3.26132081341e-008, 1.2093293833e-007, 9.64124495795e-008, 2.77769771628e-008, 2.29243983796e-008, 1.782732717e-008, 3.5014394939e-008, 5.35656603518e-008, 6.33987937704e-008, 7.89407224033e-008, 7.83137750204e-008, 1.36435346576e-007, 7.7108502694e-008, 2.95038002918e-008, 5.1639736931e-009, 2.00845451381e-010, 5.40020077267e-011, 2.51841793947e-011, 4.3321517028e-014, 2.24024549816e-019]
        dvar2: [4.35719948349e-014, 1.86881887743e-008, 7.98603778662e-008, 6.69700241929e-008, 3.4964475617e-006, 1.62696935035e-007, 1.46727600736e-007, 8.5625735835e-008, 2.98058097314e-007, 2.09705930843e-007, 7.24943305386e-008, 5.70870817285e-008, 4.81061483981e-008, 8.5109434167e-008, 1.4847061891e-007, 1.74263462327e-007, 2.10237587339e-007, 2.07278034736e-007, 3.60524893495e-007, 2.11499980196e-007, 8.02763793217e-008, 1.30580994906e-008, 4.80718298501e-010, 1.04838610016e-010, 4.90434706735e-011, 8.90892923127e-014, 5.68328812118e-019]
        max: [1.18654304515e-006, 0.000754721579142, 0.00299556762911, 0.00277729751542, 0.00947016384453, 0.00424054125324, 0.00588482618332, 0.00567040126771, 0.00705408677459, 0.00712837744504, 0.00429847929627, 0.00261262571439, 0.00285599404015, 0.00583920395002, 0.00728750042617, 0.00793486274779, 0.00602498976514, 0.00532266497612, 0.00856234878302, 0.00284506892785, 0.00243217637762, 0.000928348279558, 0.000236648789723, 0.000256179366261, 0.000149601371959, 7.74082218413e-006, 1.08722231218e-008]
        mean: [1.08479426331e-007, 6.54479081277e-005, 0.000170299172169, 0.000141286596772, 0.000433128792793, 0.000194416817976, 0.000123975551105, 9.82339333859e-005, 0.000237738029682, 0.000171572057297, 0.000111528548587, 0.000132103130454, 0.000103184429463, 0.000138295057695, 0.00019754206005, 0.000287389877485, 0.000444943114417, 0.000568182731513, 0.000810915720649, 0.000537136860657, 0.000260257627815, 8.41275250423e-005, 1.39097010106e-005, 5.00104397361e-006, 2.10548819268e-006, 7.21123711855e-008, 3.81446901843e-010]
        median: [5.74940912657e-008, 3.72323338524e-005, 0.000102391197288, 8.31558936625e-005, 0.000168248094269, 0.00010753920651, 5.98792394157e-005, 3.49417314283e-005, 0.000109854256152, 5.19135028298e-005, 4.78740657854e-005, 5.60980479349e-005, 4.6288343583e-005, 6.37596240267e-005, 9.4562274171e-005, 0.000219259571168, 0.000363240105798, 0.000472239480587, 0.000703429803252, 0.000473538442748, 0.000213093720959, 5.74425721425e-005, 8.8101160145e-006, 3.00210899695e-006, 9.19551382594e-007, 2.28651444445e-008, 2.05804401299e-010]
        min: [8.06174351052e-024, 2.83704863103e-023, 4.8434661719e-023, 3.41048077382e-023, 1.61902404308e-022, 8.0820251244e-023, 3.03327746566e-023, 1.1228549095e-023, 9.49328844859e-023, 7.26938290278e-023, 9.01545772782e-023, 5.81134643779e-023, 1.49645790382e-022, 7.23318680901e-023, 1.97178711512e-022, 1.80981554348e-022, 2.20463196996e-022, 2.2156765275e-022, 2.66699432745e-022, 2.21542207253e-022, 3.19945246685e-022, 5.77022696844e-022, 4.64132586609e-022, 9.42645312348e-022, 1.18740595534e-021, 1.94264215041e-021, 2.32704828875e-021]
        var: [1.85047933736e-014, 7.84633691353e-009, 5.07949025064e-008, 3.50363862367e-008, 8.48287868394e-007, 7.46149950714e-008, 6.33243217862e-008, 8.07487197108e-008, 1.69297592834e-007, 1.99488269459e-007, 4.09216767139e-008, 4.60304150351e-008, 2.88481025734e-008, 6.3552398899e-008, 9.34570323352e-008, 9.7603674476e-008, 1.46402143741e-007, 1.82401379334e-007, 3.39759480994e-007, 1.2258144011e-007, 4.12216145662e-008, 7.56421414394e-009, 3.17944420791e-010, 1.10446610191e-010, 4.40474358376e-011, 6.58640622511e-014, 3.05895267931e-019]
    frequency_bands:
        dmean: [8.14327165699e-008, 5.15448555234e-005, 0.000122703990201, 0.000107742758701, 0.000423258723458, 0.000134314905154, 9.74635695457e-005, 6.61262965878e-005, 0.000160824463819, 0.000120106626127, 7.47205558582e-005, 7.89356563473e-005, 6.42384111416e-005, 8.29338750918e-005, 0.000110759341624, 0.000149345898535, 0.000217754772166, 0.000247175077675, 0.0003176627215, 0.000241603265749, 0.000129594583996, 4.80851595057e-005, 8.11729023553e-006, 2.58500745076e-006, 1.29689078676e-006, 4.83060240697e-008, 3.15527076689e-010, 6.24794938009e-011]
        dmean2: [1.4101598822e-007, 8.36383260321e-005, 0.000204156778636, 0.000181387309567, 0.000752656313125, 0.000222655624384, 0.000161804870004, 0.000108623331471, 0.000259979016846, 0.000192131134099, 0.000122106968774, 0.000127223640447, 0.000104674938484, 0.000133029738208, 0.000184438875294, 0.000250346492976, 0.000364442821592, 0.000407843384892, 0.000524247414432, 0.000410113716498, 0.000223116468987, 8.18045446067e-005, 1.34556912599e-005, 4.08491541748e-006, 1.95943789549e-006, 7.14731811513e-008, 5.41248046382e-010, 1.15969400749e-010]
        dvar: [1.50318092121e-014, 7.42555483768e-009, 3.18388160281e-008, 2.62565578169e-008, 1.21912501072e-006, 6.27554825883e-008, 5.84018842176e-008, 3.26132081341e-008, 1.2093293833e-007, 9.64124495795e-008, 2.77769771628e-008, 2.29243983796e-008, 1.782732717e-008, 3.5014394939e-008, 5.35656603518e-008, 6.33987937704e-008, 7.89407224033e-008, 7.83137750204e-008, 1.36435346576e-007, 7.7108502694e-008, 2.95038002918e-008, 5.1639736931e-009, 2.00845451381e-010, 5.40020077267e-011, 2.51841793947e-011, 4.3321517028e-014, 2.24024549816e-019, 7.41873411357e-021]
        dvar2: [4.35719948349e-014, 1.86881887743e-008, 7.98603778662e-008, 6.69700241929e-008, 3.4964475617e-006, 1.62696935035e-007, 1.46727600736e-007, 8.5625735835e-008, 2.98058097314e-007, 2.09705930843e-007, 7.24943305386e-008, 5.70870817285e-008, 4.81061483981e-008, 8.5109434167e-008, 1.4847061891e-007, 1.74263462327e-007, 2.10237587339e-007, 2.07278034736e-007, 3.60524893495e-007, 2.11499980196e-007, 8.02763793217e-008, 1.30580994906e-008, 4.80718298501e-010, 1.04838610016e-010, 4.90434706735e-011, 8.90892923127e-014, 5.68328812118e-019, 2.35027069783e-020]
        max: [1.18654304515e-006, 0.000754721579142, 0.00299556762911, 0.00277729751542, 0.00947016384453, 0.00424054125324, 0.00588482618332, 0.00567040126771, 0.00705408677459, 0.00712837744504, 0.00429847929627, 0.00261262571439, 0.00285599404015, 0.00583920395002, 0.00728750042617, 0.00793486274779, 0.00602498976514, 0.00532266497612, 0.00856234878302, 0.00284506892785, 0.00243217637762, 0.000928348279558, 0.000236648789723, 0.000256179366261, 0.000149601371959, 7.74082218413e-006, 1.08722231218e-008, 1.14605536172e-009]
        mean: [1.08479426331e-007, 6.54479081277e-005, 0.000170299172169, 0.000141286596772, 0.000433128792793, 0.000194416817976, 0.000123975551105, 9.82339333859e-005, 0.000237738029682, 0.000171572057297, 0.000111528548587, 0.000132103130454, 0.000103184429463, 0.000138295057695, 0.00019754206005, 0.000287389877485, 0.000444943114417, 0.000568182731513, 0.000810915720649, 0.000537136860657, 0.000260257627815, 8.41275250423e-005, 1.39097010106e-005, 5.00104397361e-006, 2.10548819268e-006, 7.21123711855e-008, 3.81446901843e-010, 4.84537826528e-011]
        median: [5.74940912657e-008, 3.72323338524e-005, 0.000102391197288, 8.31558936625e-005, 0.000168248094269, 0.00010753920651, 5.98792394157e-005, 3.49417314283e-005, 0.000109854256152, 5.19135028298e-005, 4.78740657854e-005, 5.60980479349e-005, 4.6288343583e-005, 6.37596240267e-005, 9.4562274171e-005, 0.000219259571168, 0.000363240105798, 0.000472239480587, 0.000703429803252, 0.000473538442748, 0.000213093720959, 5.74425721425e-005, 8.8101160145e-006, 3.00210899695e-006, 9.19551382594e-007, 2.28651444445e-008, 2.05804401299e-010, 1.79878924256e-011]
        min: [8.06174351052e-024, 2.83704863103e-023, 4.8434661719e-023, 3.41048077382e-023, 1.61902404308e-022, 8.0820251244e-023, 3.03327746566e-023, 1.1228549095e-023, 9.49328844859e-023, 7.26938290278e-023, 9.01545772782e-023, 5.81134643779e-023, 1.49645790382e-022, 7.23318680901e-023, 1.97178711512e-022, 1.80981554348e-022, 2.20463196996e-022, 2.2156765275e-022, 2.66699432745e-022, 2.21542207253e-022, 3.19945246685e-022, 5.77022696844e-022, 4.64132586609e-022, 9.42645312348e-022, 1.18740595534e-021, 1.94264215041e-021, 2.32704828875e-021, 7.40061994868e-022]
        var: [1.85047933736e-014, 7.84633691353e-009, 5.07949025064e-008, 3.50363862367e-008, 8.48287868394e-007, 7.46149950714e-008, 6.33243217862e-008, 8.07487197108e-008, 1.69297592834e-007, 1.99488269459e-007, 4.09216767139e-008, 4.60304150351e-008, 2.88481025734e-008, 6.3552398899e-008, 9.34570323352e-008, 9.7603674476e-008, 1.46402143741e-007, 1.82401379334e-007, 3.39759480994e-007, 1.2258144011e-007, 4.12216145662e-008, 7.56421414394e-009, 3.17944420791e-010, 1.10446610191e-010, 4.40474358376e-011, 6.58640622511e-014, 3.05895267931e-019, 6.06451262723e-021]
    mfcc:
        mean: [-699.634094238, 84.1581726074, -59.1283760071, 58.4249267578, -15.7658205032, -4.16502475739, -1.05946850777, -0.932049453259, -1.48342955112, -5.71016454697, -4.94362688065, -6.38252592087, -6.5405755043]
        cov: [[8207.40527344, 836.548095703, -876.680480957, 963.390014648, -331.680328369, 32.7820892334, 21.5708751678, 171.689987183, 85.8991699219, 8.1492395401, -88.9394302368, -93.7966308594, 10.5642757416], [836.548095703, 523.159240723, -195.531280518, 218.352981567, -20.5928440094, 23.9980144501, 51.5618934631, -1.58285415173, 24.694562912, -9.70684623718, 3.01320099831, -4.48759126663, -12.5563955307], [-876.680480957, -195.531280518, 639.288330078, -111.535194397, 144.570068359, 47.277721405, -48.8105697632, 29.8754653931, -28.8214492798, 32.3915786743, -11.4693622589, -8.23280715942, -7.2410326004], [963.390014648, 218.352981567, -111.535194397, 427.239257813, 18.7216300964, 30.9810752869, 33.1994018555, 17.0556373596, 70.8332824707, 10.7053174973, -2.56314182281, 6.26948165894, 21.6032733917], [-331.680328369, -20.5928440094, 144.570068359, 18.7216300964, 172.276931763, 54.6125679016, 10.805390358, 9.49118995667, 11.1774234772, 22.1927261353, -4.36241817474, -2.96570038795, -3.52552676201], [32.7820892334, 23.9980144501, 47.277721405, 30.9810752869, 54.6125679016, 133.639022827, 65.0042419434, 37.0883216858, 9.31942749023, 11.9373893738, 5.88760471344, 1.12306451797, 3.27448010445], [21.5708751678, 51.5618934631, -48.8105697632, 33.1994018555, 10.805390358, 65.0042419434, 136.921020508, 59.8305931091, 36.3998336792, -1.10174787045, 9.50807476044, 17.5531139374, 8.05213832855], [171.689987183, -1.58285415173, 29.8754653931, 17.0556373596, 9.49118995667, 37.0883216858, 59.8305931091, 112.097305298, 49.6923103333, 31.8380279541, -0.63750821352, -0.539920151234, 3.75790596008], [85.8991699219, 24.694562912, -28.8214492798, 70.8332824707, 11.1774234772, 9.31942749023, 36.3998336792, 49.6923103333, 97.3162841797, 43.7620010376, 15.5617465973, 5.80385875702, 8.1340303421], [8.1492395401, -9.70684623718, 32.3915786743, 10.7053174973, 22.1927261353, 11.9373893738, -1.10174787045, 31.8380279541, 43.7620010376, 85.9736328125, 32.8192024231, 14.9375677109, -0.840027987957], [-88.9394302368, 3.01320099831, -11.4693622589, -2.56314182281, -4.36241817474, 5.88760471344, 9.50807476044, -0.63750821352, 15.5617465973, 32.8192024231, 67.4664611816, 37.6179199219, 13.5239133835], [-93.7966308594, -4.48759126663, -8.23280715942, 6.26948165894, -2.96570038795, 1.12306451797, 17.5531139374, -0.539920151234, 5.80385875702, 14.9375677109, 37.6179199219, 73.0551834106, 29.4677295685], [10.5642757416, -12.5563955307, -7.2410326004, 21.6032733917, -3.52552676201, 3.27448010445, 8.05213832855, 3.75790596008, 8.1340303421, -0.840027987957, 13.5239133835, 29.4677295685, 61.2254753113]]
        icov: [[0.00025665393332, -0.000149558822159, 0.000247341493377, -0.000524018309079, 0.00041187638999, -0.00019988520944, 0.000429303036071, -0.000730198400561, 0.00052638334455, -0.00027295795735, 0.000246723910095, 0.000220568035729, -7.23747143638e-005], [-0.000149558822159, 0.00288131763227, 0.000428573053796, -0.00107760587707, -0.000178973947186, -2.96980451822e-005, -0.00103995844256, 0.000679391087033, 0.00029603173607, 0.000167533493368, -0.000628117180895, 0.000175035456778, 0.00115145940799], [0.000247341493377, 0.000428573053796, 0.0027414734941, -0.000226540621952, -0.00150162121281, -0.000817868043669, 0.00186186947394, -0.00216924585402, 0.00149912189227, -0.000560701591894, 0.000415836489992, -7.01695171301e-005, 2.99946295854e-005], [-0.000524018309079, -0.00107760587707, -0.000226540621952, 0.00474065029994, -0.00131309928838, -0.000485448312247, -3.40017977578e-005, 0.00191693450324, -0.00397588359192, 0.00105159275699, 0.0006555201835, -0.000978030031547, -0.00112437049393], [0.00041187638999, -0.000178973947186, -0.00150162121281, -0.00131309928838, 0.00934004876763, -0.00323237874545, 1.13835503726e-005, 0.00112550728954, -0.000489004771225, -0.00234368653037, 0.00226185331121, 0.000133284469484, 0.000287125032628], [-0.00019988520944, -2.96980451822e-005, -0.000817868043669, -0.000485448312247, -0.00323237874545, 0.0126889534295, -0.0065959575586, -0.000745781115256, 0.00333960633725, -0.00177414447535, -0.00186257145833, 0.00243507139385, -0.00107715255581], [0.000429303036071, -0.00103995844256, 0.00186186947394, -3.40017977578e-005, 1.13835503726e-005, -0.0065959575586, 0.016433224082, -0.00805765669793, -0.00339711317793, 0.00611390173435, -0.000995132955723, -0.00425193877891, 0.00143306248356], [-0.000730198400561, 0.000679391087033, -0.00216924585402, 0.00191693450324, 0.00112550728954, -0.000745781115256, -0.00805765669793, 0.0192577186972, -0.00684117572382, -0.00484221475199, 0.003864670638, 0.000813095655758, -0.00108776648995], [0.00052638334455, 0.00029603173607, 0.00149912189227, -0.00397588359192, -0.000489004771225, 0.00333960633725, -0.00339711317793, -0.00684117572382, 0.0219159349799, -0.00927281938493, -0.00122027820908, 0.00360794202425, -0.00229581980966], [-0.00027295795735, 0.000167533493368, -0.000560701591894, 0.00105159275699, -0.00234368653037, -0.00177414447535, 0.00611390173435, -0.00484221475199, -0.00927281938493, 0.0235072337091, -0.00996015127748, -0.00267740478739, 0.00414030253887], [0.000246723910095, -0.000628117180895, 0.000415836489992, 0.0006555201835, 0.00226185331121, -0.00186257145833, -0.000995132955723, 0.003864670638, -0.00122027820908, -0.00996015127748, 0.0270765312016, -0.0107425581664, -0.0010149939917], [0.000220568035729, 0.000175035456778, -7.01695171301e-005, -0.000978030031547, 0.000133284469484, 0.00243507139385, -0.00425193877891, 0.000813095655758, 0.00360794202425, -0.00267740478739, -0.0107425581664, 0.0245778169483, -0.0092510683462], [-7.23747143638e-005, 0.00115145940799, 2.99946295854e-005, -0.00112437049393, 0.000287125032628, -0.00107715255581, 0.00143306248356, -0.00108776648995, -0.00229581980966, 0.00414030253887, -0.0010149939917, -0.0092510683462, 0.0219729579985]]
    sccoeffs:
        dmean: [0.0581665299833, 0.0494448430836, 0.0420461259782, 0.0321016274393, 0.0206137895584, 0.0185915846378]
        dmean2: [0.0955636203289, 0.0805627629161, 0.0681964606047, 0.0522403232753, 0.0338192954659, 0.0292699355632]
        dvar: [0.00261020148173, 0.00157893588766, 0.00117794505786, 0.00067239505006, 0.000297748716548, 0.000285188027192]
        dvar2: [0.00709960376844, 0.00404836656526, 0.00291714328341, 0.00170146685559, 0.000764883472584, 0.000632539973594]
        max: [-0.315163969994, -0.491061002016, -0.485188812017, -0.504587471485, -0.561697900295, -0.543609619141]
        mean: [-0.652717769146, -0.757151305676, -0.776933908463, -0.77673304081, -0.789412260056, -0.721330583096]
        median: [-0.662355601788, -0.764195024967, -0.78492808342, -0.781512320042, -0.792299568653, -0.718992292881]
        min: [-0.967319369316, -0.960195183754, -0.964192330837, -0.962640583515, -0.959188580513, -0.95496660471]
        var: [0.00687747495249, 0.00450088409707, 0.00386381987482, 0.00248417002149, 0.00133760727476, 0.00245195347816]
    scvalleys:
        dmean: [0.410475075245, 0.376719653606, 0.32305765152, 0.243277922273, 0.20400211215, 0.25643453002]
        dmean2: [0.670649170876, 0.608517050743, 0.507560789585, 0.382232278585, 0.315588772297, 0.387720048428]
        dvar: [0.130110800266, 0.116954810917, 0.0859436765313, 0.0551725067198, 0.0506698265672, 0.106750920415]
        dvar2: [0.312649190426, 0.265445411205, 0.174790322781, 0.107855714858, 0.0938856527209, 0.209231853485]
        max: [-5.2822842598, -4.87259340286, -5.18066692352, -5.64283227921, -5.46684455872, -7.44686412811]
        mean: [-7.31003952026, -6.8852596283, -7.10813856125, -7.17917299271, -6.74009275436, -9.77629566193]
        median: [-6.89406681061, -6.64666461945, -6.85468626022, -6.93378400803, -6.38935518265, -9.43772411346]
        min: [-26.9498691559, -27.1771602631, -27.1758422852, -27.1762733459, -27.2528572083, -27.4235057831]
        var: [2.34385728836, 1.57646596432, 1.84736394882, 1.76289689541, 2.41026043892, 2.51164960861]

rhythm:
    beats_loudness:
        dmean: 0.00139604718424
        dmean2: 0.00244027469307
        dvar: 1.82447854513e-006
        dvar2: 5.49562764718e-006
        max: 0.0155066838488
        mean: 0.0053756730631
        median: 0.0054908907041
        min: 4.30058655354e-010
        var: 4.92009439768e-006
    bpm: 94.6251068115
    bpm_confidence: 0
    first_peak_bpm: 94
    first_peak_spread: 0.539007127285
    first_peak_weight: 0.354223430157
    onset_rate: 3.2462208271
    second_peak_bpm: 129
    second_peak_spread: 0.444444477558
    second_peak_weight: 0.0408719331026
    beats_loudness_band_ratio:
        dmean: [0.0766794085503, 0.094663605094, 0.0670716688037, 0.0647959932685, 0.0907849222422, 0.0693375617266]
        dmean2: [0.135361611843, 0.173447430134, 0.115292347968, 0.111605465412, 0.153893426061, 0.118671879172]
        dvar: [0.00574463000521, 0.00740738539025, 0.00664529111236, 0.00513788126409, 0.00785627681762, 0.00330894882791]
        dvar2: [0.0166158266366, 0.022318225354, 0.0168060399592, 0.0139846736565, 0.0221576951444, 0.00914278812706]
        max: [0.955498576164, 0.46515583992, 0.54990696907, 0.472418695688, 0.780738949776, 0.493228793144]
        mean: [0.146215081215, 0.126803278923, 0.106454603374, 0.102678030729, 0.303626567125, 0.271754145622]
        median: [0.111800521612, 0.0973119735718, 0.0801074355841, 0.0702292174101, 0.304798483849, 0.271083146334]
        min: [0.00235754484311, 0.00408043665811, 0.0112472688779, 0.0129011338577, 0.00339751015417, 4.99315865454e-005]
        var: [0.0232634898275, 0.00935794133693, 0.00820364803076, 0.00670605758205, 0.0138520291075, 0.00946522690356]
    beats_position: [0.452789098024, 0.905578196049, 1.35836732388, 1.8111563921, 2.27555561066, 2.73995471001, 3.16952371597, 3.59909296036, 4.02866220474, 4.446621418, 4.80653047562, 5.16644001007, 5.52634906769, 5.87464857101, 6.2229475975, 6.57124710083, 6.90793657303, 7.24462556839, 7.58131504059, 7.91800451279, 8.25469398499, 8.57977294922, 8.90485286713, 9.21832180023, 9.54340076447, 9.85687065125, 10.1703395844, 10.4954195023, 10.8088884354, 11.1339683533, 11.4590473175, 11.7725172043, 12.0859861374, 12.3994560242, 12.7129249573, 13.0263938904, 13.3514738083, 13.6765527725, 14.0016326904, 14.3151016235, 14.6285715103, 14.9536504745, 15.2787294388, 15.5921993256, 15.9056682587, 16.2307472229, 16.5558280945, 16.8692970276, 17.1827659607, 17.5078449249, 17.995464325, 18.483083725, 18.9474830627, 19.4118824005, 19.8762817383, 20.3406791687, 20.8050785065, 21.2810878754, 21.7570972443, 22.221496582, 22.6858959198, 23.1502952576, 23.6263027191, 24.0907020569, 24.5551013947, 25.0311107635, 25.4955101013, 25.9599094391, 26.4243087769, 26.9003162384, 27.3763256073, 27.8523349762, 28.3283443451, 28.804353714, 29.291973114, 29.8608608246, 30.4297504425, 30.9986381531, 31.567527771, 32.1248054504, 32.6820869446, 33.3206329346, 33.9475746155, 34.5745124817, 35.2014503479, 35.8400001526, 36.4669380188, 37.093875885, 37.7324256897, 38.3709754944, 39.0095214844, 39.6480712891, 40.2866210938, 40.9251708984, 41.5637168884, 42.2022666931, 42.8408164978, 43.467754364, 44.1063041687, 44.7448501587, 45.3833999634, 46.0219497681, 46.6488876343, 47.287437439, 47.9259872437, 48.5529251099, 49.2030830383, 49.8532409668, 50.4917907715, 51.1303405762, 51.7804985046, 52.4190483093, 53.0459861755, 53.6845359802, 54.3230819702, 54.9616317749, 55.5885696411, 56.2271194458, 56.8656692505, 57.4926071167, 58.1427650452, 58.7929229736, 59.4430847168, 60.0816307068, 60.7201805115, 61.3587303162, 61.9972763062, 62.6242179871, 63.2627639771, 63.9013137817, 64.5398635864, 65.1784133911, 65.8169631958, 66.443901062, 67.0708389282, 67.686164856, 68.3131027222, 68.9400405884, 69.566986084, 70.1939239502, 70.8208618164, 71.4477996826, 72.0747375488, 72.701675415, 73.3286132813, 73.9555511475, 74.5824966431, 75.1978225708, 75.8363723755, 76.4633102417, 77.0902481079, 77.7055740356, 78.3209075928, 78.947845459, 79.5747833252, 80.2017211914, 80.8286590576, 81.4555969238, 82.070930481, 82.7094802856, 83.3364181519, 83.9633560181, 84.5786819458, 85.1940155029, 85.8209533691, 86.4478912354, 87.0980453491, 87.7249908447, 88.36353302, 89.0020828247, 89.6406326294, 90.2791824341, 90.9293441772, 91.5678863525, 92.2064361572, 92.8449859619, 93.4835357666, 94.1220855713, 94.760635376, 95.3875732422, 96.0145111084, 96.6530609131, 97.2916107178, 97.9301605225, 98.5687026978, 99.2072525024, 99.8458023071, 100.484352112, 101.122901917, 101.761451721, 102.400001526, 103.038543701, 103.677093506, 104.304031372, 104.954193115, 105.59274292, 106.231292725, 106.869842529, 107.508384705, 108.1353302, 108.785484314, 109.435646057, 110.074195862, 110.701133728, 111.351287842, 111.989837646, 112.628387451, 113.266937256, 113.905487061, 114.544036865, 115.18258667, 115.821128845, 116.448066711, 117.075012207, 117.701950073, 118.328887939, 118.955825806, 119.582763672, 120.209701538, 120.836639404, 121.463577271, 122.090522766, 122.717460632, 123.344398499, 123.982948303, 124.598274231, 125.225212097, 125.840545654, 126.467483521, 127.082809448, 127.709747314, 128.336685181, 128.963623047, 129.590560913, 130.217498779, 130.844436646, 131.471374512, 132.098312378, 132.725265503, 133.352203369, 133.979141235, 134.606079102, 135.221405029, 135.836730957, 136.463668823, 137.102218628, 137.740768433, 138.367706299, 138.994644165, 139.63319397, 140.271743774, 140.910293579, 141.548843384, 142.199005127, 142.825942993, 143.464492798, 144.114639282, 144.753189087, 145.414962769, 146.07673645, 146.750106812, 147.423492432, 148.096862793, 148.747024536, 149.408798218, 150.093780518, 150.790390015, 151.440536499, 152.090698242, 152.729248047, 153.37940979, 154.017959595, 154.644897461, 155.283447266, 155.92199707, 156.548934937, 157.187484741, 157.826034546, 158.47618103, 159.114730835, 159.75328064, 160.391830444, 161.030380249, 161.668930054, 162.29586792, 162.934417725, 163.572967529, 164.211517334, 164.850067139, 165.488616943, 166.127166748, 166.765716553, 167.404266357, 168.042816162, 168.692962646, 169.331512451, 169.970062256, 170.608612061, 171.247161865, 171.88571167, 172.524261475, 173.151199341, 173.789749146, 174.42829895, 175.066848755, 175.70539856, 176.355545044, 176.994094849, 177.632644653, 178.282806396, 178.921356201, 179.559906006, 180.186843872, 180.813781738, 181.452331543, 182.090881348, 182.729431152, 183.367980957, 183.994918823, 184.633468628, 185.272018433, 185.922180176, 186.560714722, 187.199264526, 187.837814331, 188.476364136, 189.11491394, 189.753463745, 190.380401611, 191.007339478, 191.634277344, 192.26121521, 192.888153076, 193.515090942, 194.130432129, 194.757369995, 195.384307861, 196.022857666, 196.649795532, 197.276733398, 197.903671265, 198.518997192, 199.13432312, 199.761260986, 200.388198853, 201.015136719, 201.642089844, 202.26902771, 202.895965576, 203.522903442, 204.149841309, 204.776779175, 205.403717041, 206.030654907, 206.645980835, 207.272918701, 207.899856567, 208.515182495, 209.142120361, 209.769073486, 210.396011353, 211.01133728, 211.649887085, 212.276824951, 212.903762817, 213.542312622, 214.180862427, 214.819412231]
    bpm_estimates: [93.9634780884, 95.7026824951, 95.7032623291, 95.7032623291, 93.9629135132, 95.7032623291, 95.7032623291, 93.9629135132, 93.9629135132, 93.9634780884, 93.9629135132, 93.9629135132, 93.9629135132, 93.9634780884, 93.9629135132, 93.9629135132, 95.7032623291, 93.9629135132, 93.9634780884, 93.9629135132, 93.9629135132, 95.7032623291, 93.9629135132, 93.9629135132, 95.7032623291, 92.2852706909, 92.2852706909, 93.9629135132, 93.9629135132, 92.2852706909, 93.9629135132, 95.7032623291, 93.9629135132, 93.9634780884, 93.9629135132, 95.7032623291, 93.9629135132, 93.9629135132, 95.7032623291, 92.2852706909, 92.2852706909, 92.2847290039, 93.9634780884, 93.9629135132, 93.9629135132, 93.9634780884, 95.7026824951, 93.9634780884, 93.9629135132, 93.9629135132, 93.9629135132, 93.9629135132, 95.7032623291, 95.7032623291, 97.5093002319, 95.7032623291, 95.7032623291, 95.7021026611, 95.7032623291, 95.7032623291, 95.7032623291, 95.7032623291, 95.7032623291, 95.7032623291, 95.7032623291, 95.7021026611, 97.5093002319, 93.9629135132, 95.7032623291, 95.7032623291, 97.5093002319, 97.5080871582, 95.7032623291, 95.7032623291, 95.7032623291, 95.7032623291, 95.7032623291, 97.5080871582, 93.9629135132, 95.7032623291, 95.7032623291, 97.5093002319, 97.5080871582, 95.7032623291, 95.7032623291, 92.2858123779, 95.7021026611, 93.9640350342, 93.9629135132, 93.9629135132, 93.9629135132, 92.2847290039, 93.9640350342, 93.9629135132, 93.9629135132, 93.9629135132, 93.9629135132, 93.9629135132, 95.7032623291, 95.7032623291, 93.9629135132, 93.9629135132, 93.9629135132, 93.9640350342, 93.9629135132, 93.9629135132, 93.9629135132, 93.9629135132, 93.9629135132, 93.9629135132, 93.9640350342, 93.9629135132, 95.7032623291, 92.2847290039, 93.9629135132, 93.9629135132, 93.9629135132, 93.9640350342, 95.7021026611, 92.2858123779, 92.2847290039, 93.9629135132, 95.7032623291, 92.2858123779, 93.9629135132, 93.9629135132, 93.9629135132, 93.9629135132, 93.9629135132, 93.9629135132, 93.9640350342, 95.7032623291, 95.7021026611, 95.7032623291, 95.7032623291, 95.7032623291, 95.7032623291, 95.7032623291, 95.7032623291, 95.7032623291, 95.7021026611, 95.7032623291, 95.7032623291, 93.9629135132, 97.5093002319, 95.7032623291, 97.5080871582, 95.7032623291, 97.5093002319, 95.7032623291, 95.7032623291, 95.7032623291, 95.7032623291, 95.7032623291, 95.7032623291, 95.7032623291, 95.7032623291, 95.7009353638, 95.7032623291, 95.7032623291, 95.7032623291, 97.5093002319, 97.5093002319, 95.7032623291, 93.9629135132, 93.9629135132, 95.7032623291, 95.7032623291, 93.9629135132, 93.9629135132, 93.9629135132, 93.9629135132, 92.2847290039, 95.7032623291, 93.9629135132, 92.286895752, 93.9629135132, 90.665435791, 90.665435791, 89.1040115356, 89.1019897461, 89.1040115356, 92.2847290039, 90.665435791, 92.286895752, 92.2847290039, 93.9629135132, 92.2847290039, 93.9629135132, 95.7032623291, 93.9629135132, 93.9629135132, 95.7032623291, 93.9629135132, 93.9629135132, 92.286895752, 93.9629135132, 93.9629135132, 93.9629135132, 93.9629135132, 93.9629135132, 95.7032623291, 93.9629135132, 93.9629135132, 93.9629135132, 93.9629135132, 93.9629135132, 93.9629135132, 93.9629135132, 93.9629135132, 93.9629135132, 92.286895752, 93.9629135132, 93.9629135132, 93.9629135132, 93.9629135132, 93.9629135132, 93.9629135132, 95.7032623291, 93.9629135132, 93.9629135132, 93.9629135132, 93.9629135132, 92.286895752, 93.9629135132, 93.9629135132, 92.2847290039, 93.9629135132, 93.9629135132, 95.7032623291, 95.7032623291, 93.9629135132, 93.9629135132, 93.9629135132, 93.9629135132, 95.7032623291, 93.9629135132, 93.9629135132, 92.2847290039, 93.9651565552, 93.9629135132, 93.9629135132, 93.9629135132, 93.9629135132, 93.9629135132, 95.7032623291, 95.7032623291, 95.7032623291, 95.7032623291, 95.7032623291, 95.7032623291, 97.5068817139, 95.7032623291, 95.7032623291, 93.9629135132, 95.7032623291, 95.7032623291, 95.7032623291, 97.5093002319, 97.5093002319, 95.7032623291, 95.7032623291, 95.7032623291, 95.7009353638, 95.7032623291, 95.7032623291, 95.7032623291, 95.7032623291, 95.7032623291, 95.7032623291, 95.7032623291, 97.5093002319, 95.7032623291, 95.7032623291, 97.5093002319, 95.7032623291, 95.7009353638, 95.7032623291, 97.5093002319, 93.9629135132, 95.7032623291, 95.7032623291, 93.9629135132, 93.9629135132, 93.9629135132]
