
metadata:
    version:
        essentia: "2.1-beta2"
    audio_properties:
        analysis_sample_rate: 44100
        bitrate: 320
        channels: 2
        equal_loudness: 1
        length: 241.214691162
        replay_gain: -16.2768573761
        downmix: "mix"
    tags:
        album: "The Poison"
        artist: "Bullet For My Valentine"
        comment: ""
        date: ""
        genre: "Metal"
        title: "Room 409"
        tracknumber: "9"

configuration:
    average_loudness:
        compute: 1
        frameSize: 88200
        hopSize: 44100
        silentFrames: "noise"
        windowType: "hann"
    general:
        analysisSampleRate: 44100
        endTime: 2000
        equalLoudness: 1
        nequalLoudness: 0
        shortSound: 0
        startTime: 0
    lowlevel:
        compute: 1
        frameSize: 2048
        hopSize: 1024
        zeroPadding: 0
        silentFrames: "noise"
        windowType: "blackmanharris62"
        mfccStats: ["mean", "cov", "icov"]
        stats: ["mean", "var", "median", "min", "max", "dmean", "dmean2", "dvar", "dvar2"]
    panning:
        compute: 0
        frameSize: 8192
        hopSize: 2048
        zeroPadding: 8192
        silentFrames: "noise"
        windowType: "hann"
        stats: ["copy"]
    rhythm:
        compute: 1
        maxTempo: 208
        minTempo: 40
        method: "degara"
        stats: ["mean", "var", "median", "min", "max", "dmean", "dmean2", "dvar", "dvar2"]
    segmentation:
        compute: 0
        cpw: 5
        inc1: 300
        inc2: 50
        minimumSegmentsLength: 10
        size1: 1000
        size2: 600
    sfx:
        compute: 1
        stats: ["mean", "var", "median", "min", "max", "dmean", "dmean2", "dvar", "dvar2"]
    svm:
        compute: 0
    tonal:
        compute: 1
        frameSize: 4096
        hopSize: 2048
        zeroPadding: 0
        silentFrames: "noise"
        windowType: "blackmanharris62"
        stats: ["mean", "var", "median", "min", "max", "dmean", "dmean2", "dvar", "dvar2"]

lowlevel:
    average_loudness: 0.917748749256
    barkbands_kurtosis:
        dmean: 1.01855814457
        dmean2: 1.61592137814
        dvar: 9.87152385712
        dvar2: 20.466791153
        max: 102.21585083
        mean: -0.397249311209
        median: -1.11205649376
        min: -1.94626832008
        var: 14.5399799347
    barkbands_skewness:
        dmean: 0.470893204212
        dmean2: 0.716778337955
        dvar: 0.26511195302
        dvar2: 0.543949663639
        max: 9.25468349457
        mean: -0.286668509245
        median: -0.392024606466
        min: -3.93995165825
        var: 0.896080315113
    barkbands_spread:
        dmean: 6.69189786911
        dmean2: 10.7045621872
        dvar: 39.3621864319
        dvar2: 96.5293273926
        max: 80.4617767334
        mean: 37.4650802612
        median: 38.1731491089
        min: 1.63376176357
        var: 128.060256958
    dissonance:
        dmean: 0.00920153688639
        dmean2: 0.0156629495323
        dvar: 8.17124746391e-005
        dvar2: 0.000217281354708
        max: 0.500000119209
        mean: 0.485394477844
        median: 0.488081365824
        min: 0.250801682472
        var: 0.00012743579282
    hfc:
        dmean: 3.81529664993
        dmean2: 6.42586708069
        dvar: 24.0702457428
        dvar2: 65.6023788452
        max: 59.891582489
        mean: 11.3603010178
        median: 10.5222511292
        min: 1.16456376161e-016
        var: 44.5829353333
    pitch:
        dmean: 911.190490723
        dmean2: 1729.86047363
        dvar: 1722578
        dvar2: 4149268.5
        max: 5353.23974609
        mean: 2233.20068359
        median: 3342.54882813
        min: 64.5227737427
        var: 2664892
    pitch_instantaneous_confidence:
        dmean: 0.0787091851234
        dmean2: 0.130274906754
        dvar: 0.00412146281451
        dvar2: 0.0107014663517
        max: 0.889235377312
        mean: 0.354636013508
        median: 0.339535206556
        min: 0.106067121029
        var: 0.0129790976644
    pitch_salience:
        dmean: 0.061953291297
        dmean2: 0.100275225937
        dvar: 0.00322479102761
        dvar2: 0.00777231575921
        max: 0.959054231644
        mean: 0.665948569775
        median: 0.684255421162
        min: 0.0773689299822
        var: 0.00812444277108
    silence_rate_20dB:
        dmean: 0
        dmean2: 0
        dvar: 0
        dvar2: 0
        max: 1
        mean: 1
        median: 1
        min: 1
        var: 0
    silence_rate_30dB:
        dmean: 0
        dmean2: 0
        dvar: 0
        dvar2: 0
        max: 1
        mean: 1
        median: 1
        min: 1
        var: 0
    silence_rate_60dB:
        dmean: 0.0617961287498
        dmean2: 0.123604156077
        dvar: 0.0579791516066
        dvar2: 0.127760902047
        max: 1
        mean: 0.174879685044
        median: 0
        min: 0
        var: 0.14431039989
    spectral_centroid:
        dmean: 340.970214844
        dmean2: 533.979370117
        dvar: 122471.601563
        dvar2: 277100.03125
        max: 11245.2128906
        mean: 2054.90771484
        median: 2092.74902344
        min: 142.790771484
        var: 347700.28125
    spectral_complexity:
        dmean: 5.03282308578
        dmean2: 8.02252578735
        dvar: 23.0623950958
        dvar2: 56.0838356018
        max: 49
        mean: 19.7959575653
        median: 21
        min: 0
        var: 90.5202178955
    spectral_crest:
        dmean: 1.90543448925
        dmean2: 3.18620824814
        dvar: 3.54505324364
        dvar2: 8.9959602356
        max: 25.2804164886
        mean: 6.32150602341
        median: 5.52112960815
        min: 2.43093371391
        var: 7.83977556229
    spectral_decrease:
        dmean: 3.24502674731e-010
        dmean2: 5.39064182181e-010
        dvar: 1.60580960056e-019
        dvar2: 4.28150029226e-019
        max: 2.4527786131e-029
        mean: -1.14494269621e-009
        median: -1.07356057377e-009
        min: -3.76515174594e-009
        var: 3.22529223815e-019
    spectral_energy:
        dmean: 0.00152496783994
        dmean2: 0.00254965852946
        dvar: 3.51457924808e-006
        dvar2: 9.38131961448e-006
        max: 0.01959345676
        mean: 0.00535168452188
        median: 0.00501511059701
        min: 1.04703665676e-020
        var: 7.1247914093e-006
    spectral_energyband_high:
        dmean: 0.000383921462344
        dmean2: 0.000675909221172
        dvar: 3.16394988431e-007
        dvar2: 8.73196654538e-007
        max: 0.00535497860983
        mean: 0.000729398918338
        median: 0.000586754526012
        min: 7.35883056603e-021
        var: 3.43538516745e-007
    spectral_energyband_low:
        dmean: 0.000312533928081
        dmean2: 0.000498343550134
        dvar: 1.16999423483e-007
        dvar2: 2.83119476308e-007
        max: 0.00465360516682
        mean: 0.000593590550125
        median: 0.000491325510666
        min: 1.48087603924e-023
        var: 2.35022994843e-007
    spectral_energyband_middle_high:
        dmean: 0.000835017010104
        dmean2: 0.00133614882361
        dvar: 7.99988697509e-007
        dvar2: 2.03759418582e-006
        max: 0.0159994699061
        mean: 0.00285751232877
        median: 0.00253779091872
        min: 1.7280774368e-021
        var: 3.18058437188e-006
    spectral_energyband_middle_low:
        dmean: 0.000698845658917
        dmean2: 0.00115893734619
        dvar: 1.23155905385e-006
        dvar2: 3.2923528579e-006
        max: 0.00953577086329
        mean: 0.00137369148433
        median: 0.00105532957241
        min: 3.01021218253e-022
        var: 1.45456886003e-006
    spectral_flatness_db:
        dmean: 0.0135315777734
        dmean2: 0.0213220771402
        dvar: 0.000198545327294
        dvar2: 0.000417232338805
        max: 0.430987417698
        mean: 0.143421515822
        median: 0.136695921421
        min: 0.0705791860819
        var: 0.00100396876223
    spectral_flux:
        dmean: 0.00840155594051
        dmean2: 0.0129973199219
        dvar: 8.47983392305e-005
        dvar2: 0.000173062173417
        max: 0.113802865148
        mean: 0.0458917990327
        median: 0.0451350361109
        min: 1.02324808349e-010
        var: 0.000237324013142
    spectral_kurtosis:
        dmean: 0.867833852768
        dmean2: 1.47960400581
        dvar: 0.946738541126
        dvar2: 2.61452841759
        max: 27.9079990387
        mean: 2.42301988602
        median: 2.17722558975
        min: -1.18356251717
        var: 2.31705451012
    spectral_rms:
        dmean: 0.000310767645715
        dmean2: 0.00050608307356
        dvar: 1.14324642198e-007
        dvar2: 2.97544460182e-007
        max: 0.00437213527039
        mean: 0.00220318464562
        median: 0.00221196538769
        min: 3.19609009397e-012
        var: 3.6715260876e-007
    spectral_rolloff:
        dmean: 380.870574951
        dmean2: 619.431335449
        dvar: 274328.625
        dvar2: 551286.0625
        max: 19035.3515625
        mean: 3706.8203125
        median: 3789.84375
        min: 129.19921875
        var: 621339.6875
    spectral_skewness:
        dmean: 0.153916850686
        dmean2: 0.251879394054
        dvar: 0.0252117346972
        dvar2: 0.0610031597316
        max: 4.36091518402
        mean: 1.01025915146
        median: 0.981814801693
        min: 0.0114463241771
        var: 0.0996201336384
    spectral_spread:
        dmean: 402417.375
        dmean2: 599766.875
        dvar: 357811912704
        dvar2: 604615016448
        max: 40418620
        mean: 4563263
        median: 4413322
        min: 2105865.5
        var: 1.31427663872e+012
    spectral_strongpeak:
        dmean: 0.548535883427
        dmean2: 0.949572682381
        dvar: 0.738578438759
        dvar2: 1.85562026501
        max: 12.5269508362
        mean: 0.710684299469
        median: 0.210821449757
        min: 7.82781117703e-010
        var: 1.3188521862
    zerocrossingrate:
        dmean: 0.00908041466027
        dmean2: 0.010931850411
        dvar: 0.000101559693576
        dvar2: 0.000122815719806
        max: 0.49755859375
        mean: 0.113922312856
        median: 0.1162109375
        min: 0.0087890625
        var: 0.000587890855968
    barkbands:
        dmean: [1.25614405988e-007, 6.43791499897e-005, 0.000216081563849, 0.000168837854289, 0.000357339624316, 0.000126393468236, 0.000149742074427, 8.40709908516e-005, 0.000118064883281, 0.000126449434902, 6.54074829072e-005, 7.79843976488e-005, 7.7446893556e-005, 7.59509857744e-005, 8.25258393888e-005, 0.000142137432704, 0.000175139663043, 0.000239719374804, 0.000307716109091, 0.000286446185783, 0.000187563462532, 7.42996562622e-005, 1.19761070891e-005, 3.18742422678e-006, 1.36117478178e-006, 3.05989900085e-008, 2.63037036596e-010]
        dmean2: [2.15613070509e-007, 0.000105693448859, 0.000345023727277, 0.000276548758848, 0.000603726366535, 0.000213164981687, 0.000250237819273, 0.000145156387589, 0.000193800340639, 0.000202522060135, 0.000108077780169, 0.000126891842228, 0.000128028375912, 0.000122255310998, 0.00013341801241, 0.000230486359214, 0.000293417571811, 0.000399837037548, 0.000513574457727, 0.000496721768286, 0.000328555383021, 0.000131043430883, 2.0610041247e-005, 5.11882262799e-006, 2.13981161323e-006, 4.54220696611e-008, 4.68569349987e-010]
        dvar: [3.4876629037e-014, 8.92646578876e-009, 6.17464621655e-008, 3.61765906121e-008, 5.67695281006e-007, 5.15464328998e-008, 1.43376126971e-007, 4.12906011604e-008, 5.01374941564e-008, 7.13152843446e-008, 2.19914664257e-008, 3.4092717982e-008, 3.21149720151e-008, 2.27312781931e-008, 3.19427151396e-008, 8.28069488534e-008, 5.58826940278e-008, 1.11768557076e-007, 1.55785102152e-007, 1.37619252882e-007, 6.16300539491e-008, 1.42330405239e-008, 3.65007774006e-010, 4.09792338951e-011, 1.02799392263e-011, 8.70037345662e-015, 1.21218019644e-019]
        dvar2: [1.04452077955e-013, 2.31449046595e-008, 1.48146327206e-007, 9.27760410718e-008, 1.55742179686e-006, 1.39700588875e-007, 3.58951211865e-007, 1.09871137965e-007, 1.25091219161e-007, 1.75794880874e-007, 5.62359900869e-008, 8.41641139004e-008, 8.2755981623e-008, 5.47808376439e-008, 7.9274890652e-008, 2.02753781764e-007, 1.53200517161e-007, 2.94247172405e-007, 3.93497288087e-007, 3.75989515078e-007, 1.6934592395e-007, 3.78624207542e-008, 9.4556618091e-010, 8.17969650346e-011, 2.00558684244e-011, 1.65480185165e-014, 3.63027056027e-019]
        max: [1.98129305318e-006, 0.000845147995278, 0.00364831741899, 0.00257687293924, 0.00662290723994, 0.00380971957929, 0.00812199153006, 0.00427072821185, 0.00490768020973, 0.0052734920755, 0.0030009332113, 0.00444724876434, 0.00312137999572, 0.00336980936117, 0.00383072160184, 0.00805328693241, 0.00399123132229, 0.00815321132541, 0.0114220296964, 0.00555637758225, 0.00304641737603, 0.00177157309372, 0.000402834673878, 0.000152552136569, 7.76138404035e-005, 3.29898398377e-006, 6.48096110112e-009]
        mean: [1.55577723149e-007, 0.00010299859423, 0.000340794096701, 0.000251081539318, 0.0004144377599, 0.000182109186426, 0.000176840199856, 9.89072577795e-005, 0.000174747707206, 0.000192581923329, 9.42084370763e-005, 0.000128817860968, 0.000123733683722, 0.000129198058858, 0.000141572731081, 0.000258649000898, 0.000330323178787, 0.00049986387603, 0.000691659806762, 0.000530632794835, 0.000345386040863, 0.000114362381282, 1.99258538487e-005, 6.14679856881e-006, 2.49782533501e-006, 5.84091459643e-008, 3.1519514776e-010]
        median: [6.2943456669e-008, 7.68206227804e-005, 0.000242901005549, 0.000184820324648, 0.000199339090614, 0.0001104455514, 7.88763281889e-005, 4.69305377919e-005, 8.22656438686e-005, 5.83523069508e-005, 3.60094636562e-005, 4.34467510786e-005, 4.00455464842e-005, 5.33520433237e-005, 6.74348557368e-005, 0.000166662823176, 0.00024404830765, 0.000386923435144, 0.000592074589804, 0.000413156230934, 0.00028653285699, 7.99940316938e-005, 1.37328797791e-005, 3.88059788747e-006, 1.37992856253e-006, 2.49118574658e-008, 1.73886641197e-010]
        min: [2.73213632319e-024, 6.97948787971e-024, 6.7642960911e-024, 1.55454160606e-023, 5.50352849495e-023, 7.45484094616e-023, 2.18188103213e-023, 3.00420131487e-023, 8.09970002629e-023, 5.38577049446e-023, 4.09043154247e-023, 8.37907543142e-023, 7.04121151238e-023, 1.13535411078e-022, 2.27571856116e-022, 3.20173524098e-022, 1.22296500291e-022, 2.00878809945e-022, 3.63286552239e-022, 3.2059753999e-022, 3.29806336166e-022, 4.19165747963e-022, 4.89551123857e-022, 1.12583825207e-021, 1.08373534454e-021, 1.75174599026e-021, 2.25938608595e-021]
        var: [4.33210088082e-014, 1.09380442481e-008, 1.20766870282e-007, 5.78882648483e-008, 4.85731789013e-007, 5.71806637595e-008, 1.50511965558e-007, 3.86383085527e-008, 8.31234885368e-008, 1.37917410825e-007, 3.47459554462e-008, 7.49569153413e-008, 5.82510111258e-008, 4.75117829524e-008, 6.39081676468e-008, 1.78222350655e-007, 1.08046798175e-007, 2.36654642549e-007, 3.12541203584e-007, 1.99590658667e-007, 7.32118863311e-008, 1.51535175519e-008, 5.17136500289e-010, 1.00683066051e-010, 2.25424713618e-011, 1.71710197195e-014, 1.63464847713e-019]
    frequency_bands:
        dmean: [1.25614405988e-007, 6.43791499897e-005, 0.000216081563849, 0.000168837854289, 0.000357339624316, 0.000126393468236, 0.000149742074427, 8.40709908516e-005, 0.000118064883281, 0.000126449434902, 6.54074829072e-005, 7.79843976488e-005, 7.7446893556e-005, 7.59509857744e-005, 8.25258393888e-005, 0.000142137432704, 0.000175139663043, 0.000239719374804, 0.000307716109091, 0.000286446185783, 0.000187563462532, 7.42996562622e-005, 1.19761070891e-005, 3.18742422678e-006, 1.36117478178e-006, 3.05989900085e-008, 2.63037036596e-010, 6.10733824624e-011]
        dmean2: [2.15613070509e-007, 0.000105693448859, 0.000345023727277, 0.000276548758848, 0.000603726366535, 0.000213164981687, 0.000250237819273, 0.000145156387589, 0.000193800340639, 0.000202522060135, 0.000108077780169, 0.000126891842228, 0.000128028375912, 0.000122255310998, 0.00013341801241, 0.000230486359214, 0.000293417571811, 0.000399837037548, 0.000513574457727, 0.000496721768286, 0.000328555383021, 0.000131043430883, 2.0610041247e-005, 5.11882262799e-006, 2.13981161323e-006, 4.54220696611e-008, 4.68569349987e-010, 1.13121213785e-010]
        dvar: [3.4876629037e-014, 8.92646578876e-009, 6.17464621655e-008, 3.61765906121e-008, 5.67695281006e-007, 5.15464328998e-008, 1.43376126971e-007, 4.12906011604e-008, 5.01374941564e-008, 7.13152843446e-008, 2.19914664257e-008, 3.4092717982e-008, 3.21149720151e-008, 2.27312781931e-008, 3.19427151396e-008, 8.28069488534e-008, 5.58826940278e-008, 1.11768557076e-007, 1.55785102152e-007, 1.37619252882e-007, 6.16300539491e-008, 1.42330405239e-008, 3.65007774006e-010, 4.09792338951e-011, 1.02799392263e-011, 8.70037345662e-015, 1.21218019644e-019, 7.17446864803e-021]
        dvar2: [1.04452077955e-013, 2.31449046595e-008, 1.48146327206e-007, 9.27760410718e-008, 1.55742179686e-006, 1.39700588875e-007, 3.58951211865e-007, 1.09871137965e-007, 1.25091219161e-007, 1.75794880874e-007, 5.62359900869e-008, 8.41641139004e-008, 8.2755981623e-008, 5.47808376439e-008, 7.9274890652e-008, 2.02753781764e-007, 1.53200517161e-007, 2.94247172405e-007, 3.93497288087e-007, 3.75989515078e-007, 1.6934592395e-007, 3.78624207542e-008, 9.4556618091e-010, 8.17969650346e-011, 2.00558684244e-011, 1.65480185165e-014, 3.63027056027e-019, 2.29179775269e-020]
        max: [1.98129305318e-006, 0.000845147995278, 0.00364831741899, 0.00257687293924, 0.00662290723994, 0.00380971957929, 0.00812199153006, 0.00427072821185, 0.00490768020973, 0.0052734920755, 0.0030009332113, 0.00444724876434, 0.00312137999572, 0.00336980936117, 0.00383072160184, 0.00805328693241, 0.00399123132229, 0.00815321132541, 0.0114220296964, 0.00555637758225, 0.00304641737603, 0.00177157309372, 0.000402834673878, 0.000152552136569, 7.76138404035e-005, 3.29898398377e-006, 6.48096110112e-009, 1.00476404974e-009]
        mean: [1.55577723149e-007, 0.00010299859423, 0.000340794096701, 0.000251081539318, 0.0004144377599, 0.000182109186426, 0.000176840199856, 9.89072577795e-005, 0.000174747707206, 0.000192581923329, 9.42084370763e-005, 0.000128817860968, 0.000123733683722, 0.000129198058858, 0.000141572731081, 0.000258649000898, 0.000330323178787, 0.00049986387603, 0.000691659806762, 0.000530632794835, 0.000345386040863, 0.000114362381282, 1.99258538487e-005, 6.14679856881e-006, 2.49782533501e-006, 5.84091459643e-008, 3.1519514776e-010, 4.69445836371e-011]
        median: [6.2943456669e-008, 7.68206227804e-005, 0.000242901005549, 0.000184820324648, 0.000199339090614, 0.0001104455514, 7.88763281889e-005, 4.69305377919e-005, 8.22656438686e-005, 5.83523069508e-005, 3.60094636562e-005, 4.34467510786e-005, 4.00455464842e-005, 5.33520433237e-005, 6.74348557368e-005, 0.000166662823176, 0.00024404830765, 0.000386923435144, 0.000592074589804, 0.000413156230934, 0.00028653285699, 7.99940316938e-005, 1.37328797791e-005, 3.88059788747e-006, 1.37992856253e-006, 2.49118574658e-008, 1.73886641197e-010, 1.86054054108e-011]
        min: [2.73213632319e-024, 6.97948787971e-024, 6.7642960911e-024, 1.55454160606e-023, 5.50352849495e-023, 7.45484094616e-023, 2.18188103213e-023, 3.00420131487e-023, 8.09970002629e-023, 5.38577049446e-023, 4.09043154247e-023, 8.37907543142e-023, 7.04121151238e-023, 1.13535411078e-022, 2.27571856116e-022, 3.20173524098e-022, 1.22296500291e-022, 2.00878809945e-022, 3.63286552239e-022, 3.2059753999e-022, 3.29806336166e-022, 4.19165747963e-022, 4.89551123857e-022, 1.12583825207e-021, 1.08373534454e-021, 1.75174599026e-021, 2.25938608595e-021, 7.99363483769e-022]
        var: [4.33210088082e-014, 1.09380442481e-008, 1.20766870282e-007, 5.78882648483e-008, 4.85731789013e-007, 5.71806637595e-008, 1.50511965558e-007, 3.86383085527e-008, 8.31234885368e-008, 1.37917410825e-007, 3.47459554462e-008, 7.49569153413e-008, 5.82510111258e-008, 4.75117829524e-008, 6.39081676468e-008, 1.78222350655e-007, 1.08046798175e-007, 2.36654642549e-007, 3.12541203584e-007, 1.99590658667e-007, 7.32118863311e-008, 1.51535175519e-008, 5.17136500289e-010, 1.00683066051e-010, 2.25424713618e-011, 1.71710197195e-014, 1.63464847713e-019, 5.61441045562e-021]
    mfcc:
        mean: [-687.075744629, 85.7777709961, -47.0166702271, 63.9444541931, -16.1013660431, 1.03443312645, 1.01875507832, 0.781932115555, 0.544192373753, -5.67988157272, -2.80429506302, -6.17186689377, -5.69386672974]
        cov: [[3511.92919922, -113.693405151, -159.012039185, -42.6416625977, -182.578598022, 21.3481197357, -89.5650024414, 64.222984314, -48.420917511, 64.9032363892, 8.82539653778, 32.8802566528, 8.01600456238], [-113.693405151, 479.400085449, -119.428695679, 94.3924179077, 19.5683422089, 2.40941214561, 46.8307304382, -8.07185173035, 20.3723278046, -21.0029792786, 1.15983092785, -30.3743057251, -39.4052047729], [-159.012039185, -119.428695679, 521.122741699, 98.0428314209, 111.443771362, 35.9704360962, -26.7445411682, -7.55395746231, -18.2737979889, 25.0214385986, -25.012172699, 6.35319662094, 12.1312103271], [-42.6416625977, 94.3924179077, 98.0428314209, 350.238708496, 84.745262146, 12.803771019, -24.7018756866, -25.764875412, 47.8327674866, 23.498796463, -12.3793430328, -6.91535520554, 16.1436080933], [-182.578598022, 19.5683422089, 111.443771362, 84.745262146, 172.008804321, 57.2835502625, 9.71047210693, -6.21920776367, 16.611995697, 23.5699005127, -5.61633777618, -2.1176366806, -3.03549051285], [21.3481197357, 2.40941214561, 35.9704360962, 12.803771019, 57.2835502625, 118.53717804, 62.8899307251, 31.0666294098, -0.489506304264, 12.2174835205, 6.14006567001, 3.4526515007, -0.536027371883], [-89.5650024414, 46.8307304382, -26.7445411682, -24.7018756866, 9.71047210693, 62.8899307251, 134.145797729, 57.6797409058, 14.3042144775, -8.18058395386, 8.78584194183, 3.80812454224, -11.8091802597], [64.222984314, -8.07185173035, -7.55395746231, -25.764875412, -6.21920776367, 31.0666294098, 57.6797409058, 102.102394104, 30.8795700073, 16.8423480988, 2.12823152542, 2.25143432617, 0.173970118165], [-48.420917511, 20.3723278046, -18.2737979889, 47.8327674866, 16.611995697, -0.489506304264, 14.3042144775, 30.8795700073, 90.5543899536, 34.7441482544, 5.80616998672, -5.52081298828, 0.557478547096], [64.9032363892, -21.0029792786, 25.0214385986, 23.498796463, 23.5699005127, 12.2174835205, -8.18058395386, 16.8423480988, 34.7441482544, 73.4345321655, 22.4175643921, 8.93922805786, -0.030193939805], [8.82539653778, 1.15983092785, -25.012172699, -12.3793430328, -5.61633777618, 6.14006567001, 8.78584194183, 2.12823152542, 5.80616998672, 22.4175643921, 58.8202056885, 24.374332428, 3.28269338608], [32.8802566528, -30.3743057251, 6.35319662094, -6.91535520554, -2.1176366806, 3.4526515007, 3.80812454224, 2.25143432617, -5.52081298828, 8.93922805786, 24.374332428, 56.7937011719, 28.0868053436], [8.01600456238, -39.4052047729, 12.1312103271, 16.1436080933, -3.03549051285, -0.536027371883, -11.8091802597, 0.173970118165, 0.557478547096, -0.030193939805, 3.28269338608, 28.0868053436, 63.1238327026]]
        icov: [[0.000354778487235, 2.66798288067e-005, 0.000131751177832, -0.000123776058899, 0.000491237791721, -0.000454690831248, 0.00052634376334, -0.000409581407439, 0.000381090532755, -0.000463141535874, 0.000258422980551, -0.000300909508951, 0.000214158455492], [2.66798288067e-005, 0.00281840376556, 0.000751398154534, -0.00105943589006, -0.000445755227702, 0.000512422702741, -0.0011836780468, 0.000335930089932, 2.13185794564e-005, 0.000791764061432, -0.000591703632381, 0.000770063546952, 0.00133141980041], [0.000131751177832, 0.000751398154534, 0.00273446040228, -0.000762017501984, -0.00130246090703, -0.000142760720337, 0.000364826846635, -0.000559758977033, 0.00150585349184, -0.00101283285767, 0.00124195136596, -0.000470323255286, 0.000258550571743], [-0.000123776058899, -0.00105943589006, -0.000762017501984, 0.00426815962419, -0.00121686444618, -0.000351345195668, 0.000592697935645, 0.00149855529889, -0.00257388316095, -0.000153678367496, 0.000669168599416, 0.000312777847284, -0.0016968123382], [0.000491237791721, -0.000445755227702, -0.00130246090703, -0.00121686444618, 0.010034346953, -0.00521470187232, 0.00108304328751, 0.00153735885397, -0.00118572392967, -0.00214626104571, 0.0017391795991, -0.00112254137639, 0.0012759702513], [-0.000454690831248, 0.000512422702741, -0.000142760720337, -0.000351345195668, -0.00521470187232, 0.0158207509667, -0.00778719549999, -0.00122507987544, 0.00365650351159, -0.0024547339417, -0.00124283600599, 0.00220059789717, -0.00202294089831], [0.00052634376334, -0.0011836780468, 0.000364826846635, 0.000592697935645, 0.00108304328751, -0.00778719549999, 0.016011312604, -0.00694411760196, -0.002178639872, 0.00511845434085, -0.0015725675039, -0.00328271044418, 0.00353714008816], [-0.000409581407439, 0.000335930089932, -0.000559758977033, 0.00149855529889, 0.00153735885397, -0.00122507987544, -0.00694411760196, 0.0167945437133, -0.00504086492583, -0.00316069507971, 0.00251251109876, 0.000265229289653, -0.00150148617104], [0.000381090532755, 2.13185794564e-005, 0.00150585349184, -0.00257388316095, -0.00118572392967, 0.00365650351159, -0.002178639872, -0.00504086492583, 0.0187349878252, -0.00867443997413, 0.00022085828823, 0.00334904994816, -0.00175712513737], [-0.000463141535874, 0.000791764061432, -0.00101283285767, -0.000153678367496, -0.00214626104571, -0.0024547339417, 0.00511845434085, -0.00316069507971, -0.00867443997413, 0.0240290649235, -0.00878542847931, -0.00165735220071, 0.00291165430099], [0.000258422980551, -0.000591703632381, 0.00124195136596, 0.000669168599416, 0.0017391795991, -0.00124283600599, -0.0015725675039, 0.00251251109876, 0.00022085828823, -0.00878542847931, 0.0260135810822, -0.0114761898294, 0.00270729535259], [-0.000300909508951, 0.000770063546952, -0.000470323255286, 0.000312777847284, -0.00112254137639, 0.00220059789717, -0.00328271044418, 0.000265229289653, 0.00334904994816, -0.00165735220071, -0.0114761898294, 0.0302704814821, -0.0130231743678], [0.000214158455492, 0.00133141980041, 0.000258550571743, -0.0016968123382, 0.0012759702513, -0.00202294089831, 0.00353714008816, -0.00150148617104, -0.00175712513737, 0.00291165430099, 0.00270729535259, -0.0130231743678, 0.0234108846635]]
    sccoeffs:
        dmean: [0.0557139925659, 0.0490490086377, 0.0403761938214, 0.0299840532243, 0.0197764057666, 0.0195702780038]
        dmean2: [0.0903184190392, 0.0809255093336, 0.0673250406981, 0.0495262034237, 0.0329504050314, 0.0308169461787]
        dvar: [0.0019527154509, 0.00156829867046, 0.00105268659536, 0.000599635008257, 0.000242917638388, 0.000298484053928]
        dvar2: [0.0050829728134, 0.00416833953932, 0.00282689835876, 0.0015935995616, 0.000653529365081, 0.000686228566337]
        max: [-0.324537038803, -0.420787990093, -0.567561030388, -0.565237700939, -0.643801569939, -0.551012814045]
        mean: [-0.627060890198, -0.773876130581, -0.788720846176, -0.796225130558, -0.801275849342, -0.712317705154]
        median: [-0.629681408405, -0.780668854713, -0.7975512743, -0.804019093513, -0.804074287415, -0.71329164505]
        min: [-0.964971482754, -0.958282351494, -0.975016593933, -0.95702534914, -0.964413106441, -0.962561786175]
        var: [0.00509820366278, 0.00350233516656, 0.00327294971794, 0.00215739291161, 0.000860957079567, 0.00164248386864]
    scvalleys:
        dmean: [0.405342340469, 0.384564846754, 0.317113876343, 0.25864854455, 0.252134352922, 0.293396085501]
        dmean2: [0.659007430077, 0.630199551582, 0.502529799938, 0.405455619097, 0.386196404696, 0.447347283363]
        dvar: [0.124220438302, 0.130222544074, 0.0891572833061, 0.0691426172853, 0.0818543285131, 0.165185630322]
        dvar2: [0.288030862808, 0.294898599386, 0.18698745966, 0.130371183157, 0.159594714642, 0.346142649651]
        max: [-5.3450088501, -4.44623947144, -5.00908756256, -5.53640079498, -5.29782342911, -7.26678943634]
        mean: [-6.98130178452, -6.62851285934, -6.8939576149, -7.0401597023, -6.54487943649, -9.44150066376]
        median: [-6.82168769836, -6.5350933075, -6.83249282837, -6.95240879059, -6.40288543701, -9.21640586853]
        min: [-27.2387180328, -27.2863636017, -27.3931980133, -27.4389343262, -27.0720672607, -27.1873130798]
        var: [0.781960070133, 0.647701501846, 0.696187317371, 0.62102419138, 0.642732143402, 1.09677886963]

rhythm:
    beats_loudness:
        dmean: 0.00172375398688
        dmean2: 0.00298233586363
        dvar: 2.45853561864e-006
        dvar2: 6.98841722624e-006
        max: 0.0141898812726
        mean: 0.00555022573099
        median: 0.00541868479922
        min: 1.9481726099e-007
        var: 4.39240420747e-006
    bpm: 123.965690613
    bpm_confidence: 0
    first_peak_bpm: 123
    first_peak_spread: 0.56451612711
    first_peak_weight: 0.290948271751
    onset_rate: 3.47822952271
    second_peak_bpm: 92
    second_peak_spread: 0.347826123238
    second_peak_weight: 0.129310339689
    beats_loudness_band_ratio:
        dmean: [0.109609916806, 0.112893685699, 0.0753310322762, 0.0843144804239, 0.114747226238, 0.095405548811]
        dmean2: [0.1931296736, 0.20613014698, 0.134004354477, 0.144470706582, 0.19840836525, 0.165008425713]
        dvar: [0.0102368630469, 0.0104958331212, 0.00833318289369, 0.0106260115281, 0.010704758577, 0.00737046077847]
        dvar2: [0.0304207056761, 0.0280925054103, 0.0233396552503, 0.0290311276913, 0.030024247244, 0.0201224051416]
        max: [0.825752794743, 0.683296918869, 0.640835642815, 0.743033349514, 0.733036339283, 0.675936222076]
        mean: [0.187772914767, 0.133342429996, 0.106506898999, 0.105872042477, 0.252052605152, 0.270556598902]
        median: [0.159626737237, 0.0916309282184, 0.0839071497321, 0.0575733147562, 0.223735794425, 0.251686364412]
        min: [5.35588187631e-005, 0.000361201091437, 0.00520006939769, 0.00414674403146, 0.0299101974815, 0.0365778766572]
        var: [0.0155362188816, 0.0135420095176, 0.00773365469649, 0.0112923244014, 0.014453407377, 0.00967317633331]
    beats_position: [0.684988677502, 1.38158726692, 2.04335594177, 2.70512461662, 3.36689329147, 4.01705217361, 4.66721057892, 5.31736946106, 5.9675283432, 6.6176867485, 7.26784563065, 7.91800451279, 8.57977294922, 9.24154186249, 9.89170074463, 10.5418596268, 11.1920175552, 11.8421764374, 12.4923353195, 13.1541042328, 13.8158731461, 14.4660310745, 15.1161899567, 15.7663488388, 16.4165077209, 17.0666656494, 17.7168254852, 18.3669834137, 19.0171432495, 19.667301178, 20.3174591064, 20.9676189423, 21.6177768707, 22.2679367065, 22.918094635, 23.5682544708, 24.2184123993, 24.8685703278, 25.5187301636, 26.168888092, 26.8190479279, 27.4692058563, 28.1193637848, 28.7811336517, 29.4312915802, 30.0930614471, 30.7432193756, 31.3933773041, 32.0667572021, 32.7169151306, 33.3786849976, 34.0404510498, 34.690612793, 35.3407707214, 35.9909286499, 36.6410865784, 37.2912483215, 37.94140625, 38.5915641785, 39.2417221069, 39.8918800354, 40.5420417786, 41.192199707, 41.8191375732, 42.4576873779, 43.0846252441, 43.7231750488, 44.3617210388, 45.0002708435, 45.6272087097, 46.2541503906, 46.8810882568, 47.5196380615, 48.1581840515, 48.7851219177, 49.4120635986, 50.0506095886, 50.6775512695, 51.3160972595, 51.9430389404, 52.5815849304, 53.2201347351, 53.8470726013, 54.4740142822, 55.1009521484, 55.7278900146, 56.3664398193, 57.0049858093, 57.643535614, 58.2820854187, 58.9090232849, 59.5359611511, 60.162902832, 60.7898406982, 61.2658500671, 61.741859436, 62.2178688049, 62.7170982361, 63.2047157288, 63.6923332214, 64.1799545288, 64.6675720215, 65.1551895142, 65.6428070068, 66.1304321289, 66.6180496216, 67.1056671143, 67.5932846069, 68.0809020996, 68.5685272217, 69.0677566528, 69.566986084, 70.0546035767, 70.5422210693, 71.029838562, 71.5174560547, 72.0050811768, 72.4926986694, 72.9803161621, 73.4679336548, 73.9555511475, 74.4431762695, 74.9307937622, 75.4184112549, 75.9060287476, 76.3936462402, 76.8812713623, 77.368888855, 77.8565063477, 78.3441238403, 78.831741333, 79.3193664551, 79.8069839478, 80.2946014404, 80.7822189331, 81.2698364258, 81.7574615479, 82.256690979, 82.7559204102, 83.2435379028, 83.7311553955, 84.2187728882, 84.7180023193, 85.2172317505, 85.7048492432, 86.1924667358, 86.691696167, 87.1909255981, 87.6785507202, 88.1661682129, 88.6537857056, 89.1414031982, 89.6290206909, 90.116645813, 90.6042633057, 91.0918807983, 91.579498291, 92.0671157837, 92.5547409058, 93.0423583984, 93.5299758911, 94.0175933838, 94.4936065674, 94.9812240601, 95.4572296143, 95.9332427979, 96.4092483521, 96.8852615356, 97.3612670898, 97.825668335, 98.2900695801, 98.7660751343, 99.2420806885, 99.7180938721, 100.194099426, 100.67011261, 101.134513855, 101.610519409, 102.086524963, 102.562538147, 103.026939392, 103.491333008, 103.967346191, 104.443351746, 104.930976868, 105.406982422, 105.882987976, 106.347389221, 106.823402405, 107.299407959, 107.775421143, 108.239814758, 108.704216003, 109.180221558, 109.656234741, 110.132240295, 110.608253479, 111.084259033, 111.560272217, 112.036277771, 112.512290955, 112.988296509, 113.464309692, 113.940315247, 114.439544678, 114.938774109, 115.449615479, 115.960449219, 116.471290588, 116.982131958, 117.469749451, 117.957366943, 118.444984436, 118.944213867, 119.443443298, 119.931060791, 120.418685913, 120.906303406, 121.393920898, 121.881538391, 122.369155884, 122.856781006, 123.344398499, 123.832015991, 124.319633484, 124.807250977, 125.306480408, 125.805709839, 126.293327332, 126.780952454, 127.268569946, 127.756187439, 128.243804932, 128.731430054, 129.219039917, 129.741500854, 130.263946533, 130.786392212, 131.308837891, 131.808074951, 132.307296753, 132.794921875, 133.282531738, 133.77015686, 134.257781982, 134.745391846, 135.233016968, 135.720626831, 136.208251953, 136.695877075, 137.195098877, 137.694335938, 138.193557739, 138.692779541, 139.180404663, 139.668029785, 140.167251587, 140.654876709, 141.154098511, 141.641723633, 142.129333496, 142.616958618, 143.10458374, 143.592193604, 144.079818726, 144.567428589, 145.055053711, 145.542678833, 146.030288696, 146.517913818, 146.993927002, 147.469924927, 147.94593811, 148.421951294, 148.897949219, 149.373962402, 149.849975586, 150.32598877, 150.790390015, 151.266387939, 151.742401123, 152.206802368, 152.682815552, 153.158813477, 153.63482666, 154.099227905, 154.575241089, 155.051239014, 155.527252197, 156.003265381, 156.479278564, 156.955276489, 157.431289673, 157.895690918, 158.360092163, 158.824493408, 159.288879395, 159.764892578, 160.240905762, 160.705307007, 161.181304932, 161.657318115, 162.133331299, 162.609344482, 163.085342407, 163.549743652, 164.025756836, 164.490158081, 164.966171265, 165.442169189, 165.918182373, 166.394195557, 166.870193481, 167.346206665, 167.822219849, 168.298233032, 168.762634277, 169.227020264, 169.703033447, 170.179046631, 170.655059814, 171.131057739, 171.595458984, 172.071472168, 172.547485352, 173.023483276, 173.49949646, 173.975509644, 174.451522827, 174.915908813, 175.391921997, 175.867935181, 176.332336426, 176.808334351, 177.284347534, 177.760360718, 178.236373901, 178.723983765, 179.199996948, 179.676010132, 180.152008057, 180.639633179, 181.115646362, 181.591659546, 182.056045532, 182.532058716, 182.996459961, 183.472473145, 183.948471069, 184.424484253, 184.900497437, 185.37651062, 185.852508545, 186.340133667, 186.839355469, 187.338592529, 187.837814331, 188.337051392, 188.836273193, 189.312286377, 189.776687622, 190.252700806, 190.72869873, 191.204711914, 191.680725098, 192.156738281, 192.632736206, 193.097137451, 193.561538696, 194.03755188, 194.513549805, 194.97795105, 195.453964233, 195.929977417, 196.405975342, 196.881988525, 197.358001709, 197.834014893, 198.310012817, 198.786026001, 199.285263062, 199.796096802, 200.306930542, 200.829391479, 201.328613281, 201.827835083, 202.315460205, 202.803085327, 203.29069519, 203.789932251, 204.277542114, 204.753555298, 205.24118042, 205.740402222, 206.239639282, 206.727249146, 207.214874268, 207.702484131, 208.190109253, 208.677734375, 209.200180054, 209.711013794, 210.221862793, 210.744308472, 211.255142212, 211.777587891, 212.300048828, 212.787658691, 213.275283813, 213.762893677, 214.250518799, 214.738143921, 215.225753784, 215.713378906, 216.20098877, 216.70022583, 217.187835693, 217.675460815, 218.163085938, 218.662307739, 219.149932861, 219.637542725, 220.125167847, 220.61277771, 221.100402832, 221.599639893, 222.098861694, 222.609695435, 223.120544434, 223.631378174, 224.142211914, 224.641448975, 225.152282715, 225.663131714, 226.162353516, 226.673187256, 227.172424316, 227.6484375, 228.136047363, 228.612060547, 229.08807373, 229.552474976, 230.016860962, 230.481262207, 230.957275391, 231.433288574, 231.897689819, 232.373687744, 232.849700928, 233.33732605, 233.801712036, 234.266113281, 234.742126465, 235.218139648, 235.694152832, 236.170150757, 236.64616394, 237.122177124, 237.598175049, 238.074188232, 238.538589478, 239.014602661, 239.490600586, 239.978225708, 240.46585083]
