
metadata:
    version:
        essentia: "2.1-beta2"
    audio_properties:
        analysis_sample_rate: 44100
        bitrate: 320
        channels: 2
        equal_loudness: 1
        length: 237.008972168
        replay_gain: -15.9651050568
        downmix: "mix"
    tags:
        album: "The Poison"
        artist: "Bullet For My Valentine"
        comment: ""
        date: ""
        genre: "Metal"
        title: "Cries In Vain"
        tracknumber: "12"

configuration:
    average_loudness:
        compute: 1
        frameSize: 88200
        hopSize: 44100
        silentFrames: "noise"
        windowType: "hann"
    general:
        analysisSampleRate: 44100
        endTime: 2000
        equalLoudness: 1
        nequalLoudness: 0
        shortSound: 0
        startTime: 0
    lowlevel:
        compute: 1
        frameSize: 2048
        hopSize: 1024
        zeroPadding: 0
        silentFrames: "noise"
        windowType: "blackmanharris62"
        mfccStats: ["mean", "cov", "icov"]
        stats: ["mean", "var", "median", "min", "max", "dmean", "dmean2", "dvar", "dvar2"]
    panning:
        compute: 0
        frameSize: 8192
        hopSize: 2048
        zeroPadding: 8192
        silentFrames: "noise"
        windowType: "hann"
        stats: ["copy"]
    rhythm:
        compute: 1
        maxTempo: 208
        minTempo: 40
        method: "degara"
        stats: ["mean", "var", "median", "min", "max", "dmean", "dmean2", "dvar", "dvar2"]
    segmentation:
        compute: 0
        cpw: 5
        inc1: 300
        inc2: 50
        minimumSegmentsLength: 10
        size1: 1000
        size2: 600
    sfx:
        compute: 1
        stats: ["mean", "var", "median", "min", "max", "dmean", "dmean2", "dvar", "dvar2"]
    svm:
        compute: 0
    tonal:
        compute: 1
        frameSize: 4096
        hopSize: 2048
        zeroPadding: 0
        silentFrames: "noise"
        windowType: "blackmanharris62"
        stats: ["mean", "var", "median", "min", "max", "dmean", "dmean2", "dvar", "dvar2"]

lowlevel:
    average_loudness: 0.905675053596
    barkbands_kurtosis:
        dmean: 2.3793284893
        dmean2: 3.80260705948
        dvar: 161.005126953
        dvar2: 424.744934082
        max: 854.932678223
        mean: 1.7479557991
        median: -0.648227035999
        min: -1.90279042721
        var: 165.419845581
    barkbands_skewness:
        dmean: 0.571433544159
        dmean2: 0.875796318054
        dvar: 0.499338597059
        dvar2: 1.1830265522
        max: 10.2383346558
        mean: -0.0854877606034
        median: -0.431353509426
        min: -19.0571899414
        var: 2.0547811985
    barkbands_spread:
        dmean: 6.36082839966
        dmean2: 9.93814277649
        dvar: 40.3081474304
        dvar2: 88.8936538696
        max: 76.7170257568
        mean: 29.5123214722
        median: 30.5024166107
        min: 0.00872447155416
        var: 169.359069824
    dissonance:
        dmean: 0.0159654263407
        dmean2: 0.0254093408585
        dvar: 0.000708494044375
        dvar2: 0.00159066880587
        max: 0.500000059605
        mean: 0.466383010149
        median: 0.483640640974
        min: 0.0180224087089
        var: 0.00307962181978
    hfc:
        dmean: 2.42560839653
        dmean2: 3.91718196869
        dvar: 8.35490131378
        dvar2: 22.2474193573
        max: 38.4217414856
        mean: 9.76316738129
        median: 9.97336578369
        min: 1.09067820259e-016
        var: 42.3632850647
    pitch:
        dmean: 818.476074219
        dmean2: 1576.54492188
        dvar: 1730341.75
        dvar2: 4057395.5
        max: 5788.23046875
        mean: 1669.68041992
        median: 382.168731689
        min: 60.501335144
        var: 2639873.5
    pitch_instantaneous_confidence:
        dmean: 0.0864941477776
        dmean2: 0.138266324997
        dvar: 0.00577556621283
        dvar2: 0.0135456621647
        max: 0.945042192936
        mean: 0.442331433296
        median: 0.411707758904
        min: 0.100383877754
        var: 0.023359734565
    pitch_salience:
        dmean: 0.0676078647375
        dmean2: 0.107895888388
        dvar: 0.00486305681989
        dvar2: 0.0116419354454
        max: 0.849840641022
        mean: 0.637417078018
        median: 0.666912138462
        min: 0.0355449132621
        var: 0.0143558438867
    silence_rate_20dB:
        dmean: 0
        dmean2: 0
        dvar: 0
        dvar2: 0
        max: 1
        mean: 1
        median: 1
        min: 1
        var: 0
    silence_rate_30dB:
        dmean: 0
        dmean2: 0
        dvar: 0
        dvar2: 0
        max: 1
        mean: 1
        median: 1
        min: 1
        var: 0
    silence_rate_60dB:
        dmean: 0.0623040758073
        dmean2: 0.124620355666
        dvar: 0.058421369642
        dvar2: 0.131215631962
        max: 1
        mean: 0.273092359304
        median: 0
        min: 0
        var: 0.198522523046
    spectral_centroid:
        dmean: 304.471923828
        dmean2: 468.468200684
        dvar: 124254.507813
        dvar2: 261118.125
        max: 11282.7324219
        mean: 1901.76721191
        median: 2101.60644531
        min: 111.076324463
        var: 687880.375
    spectral_complexity:
        dmean: 3.5691614151
        dmean2: 5.73234033585
        dvar: 13.8161058426
        dvar2: 33.666557312
        max: 43
        mean: 17.0862960815
        median: 19
        min: 0
        var: 100.441398621
    spectral_crest:
        dmean: 2.31709361076
        dmean2: 3.80045104027
        dvar: 6.40941333771
        dvar2: 16.5419311523
        max: 26.9283905029
        mean: 7.99006319046
        median: 6.55084133148
        min: 2.58161497116
        var: 16.8479499817
    spectral_decrease:
        dmean: 2.94608504259e-010
        dmean2: 4.90206875092e-010
        dvar: 2.29986169738e-019
        dvar2: 6.27345512185e-019
        max: 1.73967867614e-028
        mean: -1.02006969538e-009
        median: -9.81470904549e-010
        min: -4.93075225094e-009
        var: 4.11192981765e-019
    spectral_energy:
        dmean: 0.00129245768767
        dmean2: 0.00214504660107
        dvar: 3.82024200007e-006
        dvar2: 1.03449428934e-005
        max: 0.0202155653387
        mean: 0.00473552988842
        median: 0.0046500172466
        min: 1.02520030028e-020
        var: 8.41926157591e-006
    spectral_energyband_high:
        dmean: 0.000213770850678
        dmean2: 0.00036352474126
        dvar: 9.56099057703e-008
        dvar2: 2.59393971191e-007
        max: 0.00322877895087
        mean: 0.000493965577334
        median: 0.000440923060523
        min: 7.06451340329e-021
        var: 1.66518660194e-007
    spectral_energyband_low:
        dmean: 0.000198035937501
        dmean2: 0.00032716608257
        dvar: 9.14914792816e-008
        dvar2: 2.43617535034e-007
        max: 0.0040703592822
        mean: 0.000316908583045
        median: 0.000219437657506
        min: 6.79255687525e-023
        var: 1.24912347133e-007
    spectral_energyband_middle_high:
        dmean: 0.000624291482382
        dmean2: 0.000981018412858
        dvar: 4.99413374655e-007
        dvar2: 1.28588169446e-006
        max: 0.0113542126492
        mean: 0.0026250355877
        median: 0.00249389838427
        min: 1.37134267099e-021
        var: 3.70698649022e-006
    spectral_energyband_middle_low:
        dmean: 0.000813663937151
        dmean2: 0.00137339998037
        dvar: 3.03762590192e-006
        dvar2: 8.42025474412e-006
        max: 0.016131946817
        mean: 0.00144386163447
        median: 0.000947256223299
        min: 1.60996539554e-022
        var: 2.86342628897e-006
    spectral_flatness_db:
        dmean: 0.0208306554705
        dmean2: 0.0305905845016
        dvar: 0.00087595556397
        dvar2: 0.00150661088992
        max: 0.837250292301
        mean: 0.183492556214
        median: 0.154410943389
        min: 0.0616016425192
        var: 0.00929599814117
    spectral_flux:
        dmean: 0.00835234299302
        dmean2: 0.0130917821079
        dvar: 0.000100331431895
        dvar2: 0.000200937807676
        max: 0.126673653722
        mean: 0.0409792438149
        median: 0.0418433174491
        min: 6.79484524202e-011
        var: 0.000380670913728
    spectral_kurtosis:
        dmean: 9.16685199738
        dmean2: 15.0718393326
        dvar: 2767.4206543
        dvar2: 7839.65185547
        max: 1364.08251953
        mean: 16.47697258
        median: 2.8473341465
        min: -1.24228978157
        var: 5980.55615234
    spectral_rms:
        dmean: 0.000271908327704
        dmean2: 0.000439259019913
        dvar: 1.131916747e-007
        dvar2: 2.95014984886e-007
        max: 0.00444100238383
        mean: 0.00201487517916
        median: 0.00212993007153
        min: 3.16258651212e-012
        var: 5.60298474284e-007
    spectral_rolloff:
        dmean: 380.675415039
        dmean2: 611.512817383
        dvar: 350156.78125
        dvar2: 674471.625
        max: 19401.4160156
        mean: 3255.03662109
        median: 3639.11132813
        min: 107.666015625
        var: 1610039
    spectral_skewness:
        dmean: 0.419840186834
        dmean2: 0.647625565529
        dvar: 1.64072525501
        dvar2: 3.86490511894
        max: 31.0062904358
        mean: 1.70321643353
        median: 1.07646501064
        min: -0.227134585381
        var: 8.00157165527
    spectral_spread:
        dmean: 456065.5
        dmean2: 662829.25
        dvar: 527550676992
        dvar2: 870536839168
        max: 42970144
        mean: 4113576
        median: 3969833.5
        min: 90640.921875
        var: 3.11709610803e+012
    spectral_strongpeak:
        dmean: 0.605018675327
        dmean2: 1.04155468941
        dvar: 0.756030738354
        dvar2: 1.98835468292
        max: 10.1253528595
        mean: 0.857588768005
        median: 0.376718252897
        min: 1.77460690587e-009
        var: 1.20739912987
    zerocrossingrate:
        dmean: 0.00940898060799
        dmean2: 0.0110424179584
        dvar: 0.000108524305688
        dvar2: 0.000125326638226
        max: 0.52490234375
        mean: 0.102908104658
        median: 0.11376953125
        min: 0.00439453125
        var: 0.00152388738934
    barkbands:
        dmean: [6.7238609347e-008, 5.04777999595e-005, 0.000115677816211, 0.000129723775899, 0.00052097934531, 0.000102615536889, 0.000121738004964, 9.64091013884e-005, 0.000116646508104, 9.33702467592e-005, 5.58366227779e-005, 6.14773744019e-005, 4.47629536211e-005, 5.81080639677e-005, 6.78192518535e-005, 0.000111478308099, 0.000161611314979, 0.000188064965187, 0.000279312516795, 0.000198755544261, 9.60468896665e-005, 3.75105919375e-005, 7.50282742956e-006, 2.64710934061e-006, 1.19057983738e-006, 3.93164683032e-008, 3.12834702587e-010]
        dmean2: [1.15725612204e-007, 8.21680223453e-005, 0.000198167108465, 0.000214635496377, 0.000924522930291, 0.000167987396708, 0.000197442743229, 0.000151992004248, 0.000185315875569, 0.000144665376865, 8.93228352652e-005, 9.96485250653e-005, 7.08325169398e-005, 9.35245116125e-005, 0.000108344043838, 0.00017972754722, 0.000267601863015, 0.000310265662847, 0.000457623333205, 0.000336836004863, 0.000163487784448, 6.23046726105e-005, 1.23264208014e-005, 4.12773397329e-006, 1.7761979052e-006, 5.80758658941e-008, 5.36899968928e-010]
        dvar: [1.41057040451e-014, 8.84672424206e-009, 3.59709275699e-008, 4.08070128799e-008, 2.34853814618e-006, 1.02441340744e-007, 1.35445091587e-007, 7.71686075041e-008, 9.45154638998e-008, 5.93379816394e-008, 2.49869778202e-008, 2.64971706798e-008, 1.46092871134e-008, 1.89324467215e-008, 2.81783556488e-008, 3.0022253128e-008, 5.49235537051e-008, 5.95011400151e-008, 1.43576741607e-007, 7.34518081913e-008, 1.70188183546e-008, 4.59992977042e-009, 2.43040976233e-010, 6.52454409944e-011, 2.01224280294e-011, 1.91441643354e-014, 4.49020830056e-019]
        dvar2: [4.23952221257e-014, 2.22809717343e-008, 9.79955174785e-008, 1.03915461125e-007, 6.67922631692e-006, 2.69355524551e-007, 3.31166972956e-007, 1.70166586599e-007, 2.29561706533e-007, 1.38860883681e-007, 6.16678406118e-008, 6.91288377652e-008, 3.41070673926e-008, 4.62088962649e-008, 7.03253562051e-008, 7.02147602283e-008, 1.47843010723e-007, 1.58783592497e-007, 3.97738659785e-007, 2.01732817118e-007, 4.62694167425e-008, 1.11882547671e-008, 5.81231507368e-010, 1.32942337694e-010, 3.81825647489e-011, 3.93486445142e-014, 1.13840132097e-018]
        max: [1.15748639473e-006, 0.001027757884, 0.00271169142798, 0.00595800112933, 0.0129725467414, 0.0109512787312, 0.00920198205858, 0.00702765118331, 0.00830412842333, 0.00469557521865, 0.00421750033274, 0.00354556646198, 0.00417377240956, 0.00285375840031, 0.00438688555732, 0.00406100321561, 0.00443986756727, 0.0053598373197, 0.00676998263225, 0.00384274800308, 0.00145439861808, 0.00146711815614, 0.000397852796596, 0.000206008262467, 0.000147403523442, 7.01255794411e-006, 1.72119509756e-008]
        mean: [7.64991838764e-008, 6.68929424137e-005, 0.000151870699483, 0.000184775490197, 0.000546216208022, 0.000146616803249, 0.000182304371265, 0.00014315880253, 0.000182443851372, 0.00015939300647, 8.35975079099e-005, 0.000102647667518, 7.52438572817e-005, 9.83128411463e-005, 0.000117813448014, 0.000231279525906, 0.000357043667464, 0.000455091125332, 0.000712159031536, 0.000446952413768, 0.000202944953344, 6.91257009748e-005, 1.26841150632e-005, 4.95695576319e-006, 1.86846148154e-006, 5.75439784711e-008, 3.47754963714e-010]
        median: [1.79487855689e-008, 3.4534423321e-005, 8.62258311827e-005, 0.000108684398583, 0.000202127514058, 7.42586926208e-005, 5.74407968088e-005, 3.13568161801e-005, 7.96066160547e-005, 4.09906278946e-005, 2.68429612333e-005, 3.92210131395e-005, 3.13069176627e-005, 4.45841687906e-005, 6.42962040729e-005, 0.000171920881257, 0.000263615889708, 0.000374779308913, 0.000604709552135, 0.000403742509661, 0.000172431202373, 5.07021031808e-005, 7.41969415685e-006, 2.62481989921e-006, 6.61262447466e-007, 1.28395098997e-008, 1.31604740994e-010]
        min: [9.37786957846e-024, 2.17329885657e-023, 6.59337162661e-024, 1.47527382519e-024, 1.01730129719e-023, 1.34973138473e-023, 6.00015303794e-023, 1.29334060955e-023, 2.78298546884e-023, 1.57604201003e-023, 3.72441585966e-023, 7.92993526622e-023, 7.08915658493e-023, 3.66457255585e-023, 7.744172407e-023, 1.0520391027e-022, 1.42475410785e-022, 1.16119883486e-022, 1.61641209307e-022, 2.18835038575e-022, 3.09291131112e-022, 3.68295730634e-022, 4.44350681409e-022, 6.75962767537e-022, 8.81935687798e-022, 1.29576015323e-021, 2.15167832485e-021]
        var: [1.57932850554e-014, 9.80184200472e-009, 4.178157198e-008, 6.06857071261e-008, 1.59876822181e-006, 9.27186434296e-008, 2.06408643066e-007, 1.9434473586e-007, 1.28813638867e-007, 1.44156359738e-007, 4.2955605295e-008, 4.27601385411e-008, 2.62200678947e-008, 3.51386724162e-008, 4.3190254928e-008, 7.64879928283e-008, 1.66696210613e-007, 1.77110848654e-007, 4.63094153247e-007, 1.41115094721e-007, 3.23037347982e-008, 6.77050415732e-009, 3.71455949333e-010, 1.2970194363e-010, 4.17741188863e-011, 3.43473757465e-014, 4.99135619167e-019]
    frequency_bands:
        dmean: [6.7238609347e-008, 5.04777999595e-005, 0.000115677816211, 0.000129723775899, 0.00052097934531, 0.000102615536889, 0.000121738004964, 9.64091013884e-005, 0.000116646508104, 9.33702467592e-005, 5.58366227779e-005, 6.14773744019e-005, 4.47629536211e-005, 5.81080639677e-005, 6.78192518535e-005, 0.000111478308099, 0.000161611314979, 0.000188064965187, 0.000279312516795, 0.000198755544261, 9.60468896665e-005, 3.75105919375e-005, 7.50282742956e-006, 2.64710934061e-006, 1.19057983738e-006, 3.93164683032e-008, 3.12834702587e-010, 5.44872723329e-011]
        dmean2: [1.15725612204e-007, 8.21680223453e-005, 0.000198167108465, 0.000214635496377, 0.000924522930291, 0.000167987396708, 0.000197442743229, 0.000151992004248, 0.000185315875569, 0.000144665376865, 8.93228352652e-005, 9.96485250653e-005, 7.08325169398e-005, 9.35245116125e-005, 0.000108344043838, 0.00017972754722, 0.000267601863015, 0.000310265662847, 0.000457623333205, 0.000336836004863, 0.000163487784448, 6.23046726105e-005, 1.23264208014e-005, 4.12773397329e-006, 1.7761979052e-006, 5.80758658941e-008, 5.36899968928e-010, 1.01418838605e-010]
        dvar: [1.41057040451e-014, 8.84672424206e-009, 3.59709275699e-008, 4.08070128799e-008, 2.34853814618e-006, 1.02441340744e-007, 1.35445091587e-007, 7.71686075041e-008, 9.45154638998e-008, 5.93379816394e-008, 2.49869778202e-008, 2.64971706798e-008, 1.46092871134e-008, 1.89324467215e-008, 2.81783556488e-008, 3.0022253128e-008, 5.49235537051e-008, 5.95011400151e-008, 1.43576741607e-007, 7.34518081913e-008, 1.70188183546e-008, 4.59992977042e-009, 2.43040976233e-010, 6.52454409944e-011, 2.01224280294e-011, 1.91441643354e-014, 4.49020830056e-019, 6.75345067991e-021]
        dvar2: [4.23952221257e-014, 2.22809717343e-008, 9.79955174785e-008, 1.03915461125e-007, 6.67922631692e-006, 2.69355524551e-007, 3.31166972956e-007, 1.70166586599e-007, 2.29561706533e-007, 1.38860883681e-007, 6.16678406118e-008, 6.91288377652e-008, 3.41070673926e-008, 4.62088962649e-008, 7.03253562051e-008, 7.02147602283e-008, 1.47843010723e-007, 1.58783592497e-007, 3.97738659785e-007, 2.01732817118e-007, 4.62694167425e-008, 1.11882547671e-008, 5.81231507368e-010, 1.32942337694e-010, 3.81825647489e-011, 3.93486445142e-014, 1.13840132097e-018, 2.13523330381e-020]
        max: [1.15748639473e-006, 0.001027757884, 0.00271169142798, 0.00595800112933, 0.0129725467414, 0.0109512787312, 0.00920198205858, 0.00702765118331, 0.00830412842333, 0.00469557521865, 0.00421750033274, 0.00354556646198, 0.00417377240956, 0.00285375840031, 0.00438688555732, 0.00406100321561, 0.00443986756727, 0.0053598373197, 0.00676998263225, 0.00384274800308, 0.00145439861808, 0.00146711815614, 0.000397852796596, 0.000206008262467, 0.000147403523442, 7.01255794411e-006, 1.72119509756e-008, 1.32009114751e-009]
        mean: [7.64991838764e-008, 6.68929424137e-005, 0.000151870699483, 0.000184775490197, 0.000546216208022, 0.000146616803249, 0.000182304371265, 0.00014315880253, 0.000182443851372, 0.00015939300647, 8.35975079099e-005, 0.000102647667518, 7.52438572817e-005, 9.83128411463e-005, 0.000117813448014, 0.000231279525906, 0.000357043667464, 0.000455091125332, 0.000712159031536, 0.000446952413768, 0.000202944953344, 6.91257009748e-005, 1.26841150632e-005, 4.95695576319e-006, 1.86846148154e-006, 5.75439784711e-008, 3.47754963714e-010, 4.24203658311e-011]
        median: [1.79487855689e-008, 3.4534423321e-005, 8.62258311827e-005, 0.000108684398583, 0.000202127514058, 7.42586926208e-005, 5.74407968088e-005, 3.13568161801e-005, 7.96066160547e-005, 4.09906278946e-005, 2.68429612333e-005, 3.92210131395e-005, 3.13069176627e-005, 4.45841687906e-005, 6.42962040729e-005, 0.000171920881257, 0.000263615889708, 0.000374779308913, 0.000604709552135, 0.000403742509661, 0.000172431202373, 5.07021031808e-005, 7.41969415685e-006, 2.62481989921e-006, 6.61262447466e-007, 1.28395098997e-008, 1.31604740994e-010, 1.47958190838e-011]
        min: [9.37786957846e-024, 2.17329885657e-023, 6.59337162661e-024, 1.47527382519e-024, 1.01730129719e-023, 1.34973138473e-023, 6.00015303794e-023, 1.29334060955e-023, 2.78298546884e-023, 1.57604201003e-023, 3.72441585966e-023, 7.92993526622e-023, 7.08915658493e-023, 3.66457255585e-023, 7.744172407e-023, 1.0520391027e-022, 1.42475410785e-022, 1.16119883486e-022, 1.61641209307e-022, 2.18835038575e-022, 3.09291131112e-022, 3.68295730634e-022, 4.44350681409e-022, 6.75962767537e-022, 8.81935687798e-022, 1.29576015323e-021, 2.15167832485e-021, 5.6360363011e-022]
        var: [1.57932850554e-014, 9.80184200472e-009, 4.178157198e-008, 6.06857071261e-008, 1.59876822181e-006, 9.27186434296e-008, 2.06408643066e-007, 1.9434473586e-007, 1.28813638867e-007, 1.44156359738e-007, 4.2955605295e-008, 4.27601385411e-008, 2.62200678947e-008, 3.51386724162e-008, 4.3190254928e-008, 7.64879928283e-008, 1.66696210613e-007, 1.77110848654e-007, 4.63094153247e-007, 1.41115094721e-007, 3.23037347982e-008, 6.77050415732e-009, 3.71455949333e-010, 1.2970194363e-010, 4.17741188863e-011, 3.43473757465e-014, 4.99135619167e-019, 5.23941571818e-021]
    mfcc:
        mean: [-724.574462891, 91.2694778442, -45.3587608337, 57.9091911316, -13.7953720093, -6.50329828262, -3.58849048615, -1.63892102242, -4.34669876099, -5.60265541077, -6.48389005661, -7.1947889328, -6.97901725769]
        cov: [[10201.4628906, -832.706237793, -2610.23706055, 924.634887695, -800.00769043, 146.561004639, 322.757263184, 489.751556396, 413.507110596, 304.449462891, 219.068527222, 131.038711548, 28.6933250427], [-832.706237793, 997.713928223, 254.794036865, 43.2090530396, 199.822937012, -38.283164978, -7.11760139465, -69.2621536255, -37.1185722351, -10.6662054062, 5.62823343277, 8.61069011688, 28.1421527863], [-2610.23706055, 254.794036865, 1426.32141113, -102.609886169, 345.844787598, 5.67214918137, -157.824935913, -179.807647705, -135.601654053, -108.672019958, -81.4454727173, -53.0076522827, 3.27868318558], [924.634887695, 43.2090530396, -102.609886169, 498.719787598, 105.036209106, 48.7598800659, 48.3695678711, 59.0974617004, 114.04196167, 56.6619987488, 36.3183174133, 49.9211730957, 37.1117935181], [-800.00769043, 199.822937012, 345.844787598, 105.036209106, 348.796630859, 50.551361084, -25.8393630981, -39.4764137268, 11.0560112, -4.21673345566, -26.6777610779, 1.45142114162, 18.8356552124], [146.561004639, -38.283164978, 5.67214918137, 48.7598800659, 50.551361084, 166.368286133, 87.2711639404, 40.1347846985, 24.7609634399, 8.25249576569, 13.0376653671, 2.40411472321, -0.901442170143], [322.757263184, -7.11760139465, -157.824935913, 48.3695678711, -25.8393630981, 87.2711639404, 180.870941162, 85.9272537231, 49.4911422729, 20.8394985199, 18.7966251373, 17.4582290649, -4.33832740784], [489.751556396, -69.2621536255, -179.807647705, 59.0974617004, -39.4764137268, 40.1347846985, 85.9272537231, 153.296478271, 80.3446655273, 58.5771446228, 22.6416168213, 11.7472448349, 9.08053779602], [413.507110596, -37.1185722351, -135.601654053, 114.04196167, 11.0560112, 24.7609634399, 49.4911422729, 80.3446655273, 137.228378296, 71.035194397, 28.6932945251, 19.0127696991, 8.5079460144], [304.449462891, -10.6662054062, -108.672019958, 56.6619987488, -4.21673345566, 8.25249576569, 20.8394985199, 58.5771446228, 71.035194397, 110.032669067, 45.8330764771, 19.1633682251, 5.28765249252], [219.068527222, 5.62823343277, -81.4454727173, 36.3183174133, -26.6777610779, 13.0376653671, 18.7966251373, 22.6416168213, 28.6932945251, 45.8330764771, 81.5480117798, 38.0963935852, 15.9879369736], [131.038711548, 8.61069011688, -53.0076522827, 49.9211730957, 1.45142114162, 2.40411472321, 17.4582290649, 11.7472448349, 19.0127696991, 19.1633682251, 38.0963935852, 81.0732192993, 35.8623924255], [28.6933250427, 28.1421527863, 3.27868318558, 37.1117935181, 18.8356552124, -0.901442170143, -4.33832740784, 9.08053779602, 8.5079460144, 5.28765249252, 15.9879369736, 35.8623924255, 67.8271026611]]
        icov: [[0.000289658986731, 4.88930672873e-005, 0.000374891213141, -0.000540605222341, 0.000479717273265, -0.000346398417605, 0.000268470495939, -0.000175712993951, 2.82008622889e-005, -0.0001143613772, 5.51952580281e-005, 7.19564923202e-005, -7.95465166448e-006], [4.88930672873e-005, 0.00128385948483, 8.94733511814e-006, -0.000141668715514, -0.000756404770073, 0.000813247344922, -0.000796736625489, 0.000444924196927, 0.000474231084809, -0.000203163639526, -0.000616952136625, 0.000414814974647, -0.000483499199618], [0.000374891213141, 8.94733511814e-006, 0.00167426175904, -0.000460498355096, -0.000479489623103, -0.000714861904271, 0.000921090249904, 0.000112309586257, 0.000489470432512, 0.000223957089474, 0.000112798108603, 0.000436551054008, -0.000160004507052], [-0.000540605222341, -0.000141668715514, -0.000460498355096, 0.00385006191209, -0.00183007784653, 0.000363503175322, -0.00047057721531, 0.000379627890652, -0.00205481867306, 0.000510370766278, -0.000389382126741, -0.000918606412597, -0.00056927301921], [0.000479717273265, -0.000756404770073, -0.000479489623103, -0.00183007784653, 0.00628230161965, -0.00278703053482, 0.00135981140193, 0.000701017444953, -0.00128525763284, -0.00125716067851, 0.00270005315542, -0.000679144170135, -0.000671241839882], [-0.000346398417605, 0.000813247344922, -0.000714861904271, 0.000363503175322, -0.00278703053482, 0.0102385329083, -0.0054706572555, -0.000210329380934, 0.000627135275863, 0.000843721674755, -0.00270367367193, 0.00174900575075, -0.000198837486096], [0.000268470495939, -0.000796736625489, 0.000921090249904, -0.00047057721531, 0.00135981140193, -0.0054706572555, 0.0113945845515, -0.00478292210028, -0.00109903886914, 0.00204083020799, 0.000463186617708, -0.00269063562155, 0.00264097517356], [-0.000175712993951, 0.000444924196927, 0.000112309586257, 0.000379627890652, 0.000701017444953, -0.000210329380934, -0.00478292210028, 0.0137348100543, -0.00418316945434, -0.00396926188841, 0.00144240818918, 0.00171239546034, -0.00307683460414], [2.82008622889e-005, 0.000474231084809, 0.000489470432512, -0.00205481867306, -0.00128525763284, 0.000627135275863, -0.00109903886914, -0.00418316945434, 0.0155591387302, -0.00629372848198, 0.000221713693463, -4.19791722379e-005, 0.000255841965554], [-0.0001143613772, -0.000203163639526, 0.000223957089474, 0.000510370766278, -0.00125716067851, 0.000843721674755, 0.00204083020799, -0.00396926188841, -0.00629372848198, 0.01828529872, -0.00818569865078, 0.000283667817712, 0.00200834870338], [5.51952580281e-005, -0.000616952136625, 0.000112798108603, -0.000389382126741, 0.00270005315542, -0.00270367367193, 0.000463186617708, 0.00144240818918, 0.000221713693463, -0.00818569865078, 0.0216274596751, -0.00790577474982, -0.000816562154796], [7.19564923202e-005, 0.000414814974647, 0.000436551054008, -0.000918606412597, -0.000679144170135, 0.00174900575075, -0.00269063562155, 0.00171239546034, -4.19791722379e-005, 0.000283667817712, -0.00790577474982, 0.0210386700928, -0.00918769929558], [-7.95465166448e-006, -0.000483499199618, -0.000160004507052, -0.00056927301921, -0.000671241839882, -0.000198837486096, 0.00264097517356, -0.00307683460414, 0.000255841965554, 0.00200834870338, -0.000816562154796, -0.00918769929558, 0.0208928119391]]
    sccoeffs:
        dmean: [0.0582645013928, 0.0505282245576, 0.0401462465525, 0.0308309216052, 0.0215648878366, 0.0207709912211]
        dmean2: [0.0945761352777, 0.080631993711, 0.0640223175287, 0.0499207936227, 0.0350040867925, 0.0316498912871]
        dvar: [0.00267364666797, 0.00179745443165, 0.0010584910633, 0.000669637694955, 0.00032588490285, 0.000637043907773]
        dvar2: [0.00693119550124, 0.00425815721974, 0.00251302705146, 0.00162471213844, 0.000782740302384, 0.00114638847299]
        max: [-0.280562728643, -0.350684583187, -0.407309025526, -0.513735175133, -0.52782779932, -0.582706093788]
        mean: [-0.620311617851, -0.74205571413, -0.772208273411, -0.787803530693, -0.791346609592, -0.731604337692]
        median: [-0.630338668823, -0.756708681583, -0.783811807632, -0.792500436306, -0.794128060341, -0.722321093082]
        min: [-0.973786175251, -0.97083991766, -0.975522220135, -0.969284892082, -0.967731058598, -0.963257908821]
        var: [0.00744700711221, 0.00715392455459, 0.00551396049559, 0.00294330436736, 0.00185967423022, 0.00329820159823]
    scvalleys:
        dmean: [0.434409588575, 0.404879242182, 0.372839152813, 0.330474436283, 0.297508299351, 0.314116984606]
        dmean2: [0.694206297398, 0.633054852486, 0.554827809334, 0.477316379547, 0.405790418386, 0.473938196898]
        dvar: [0.158564060926, 0.157835826278, 0.155153676867, 0.162066996098, 0.182821467519, 0.15622793138]
        dvar2: [0.34305202961, 0.332354366779, 0.285081803799, 0.278216540813, 0.268200576305, 0.325822174549]
        max: [-5.28605508804, -4.75056552887, -5.30154418945, -5.78753662109, -5.59350252151, -7.38033342361]
        mean: [-7.43055391312, -7.03834295273, -7.3822927475, -7.54143714905, -7.17220878601, -10.1336393356]
        median: [-7.0482673645, -6.78938913345, -7.03264093399, -7.07981204987, -6.48400115967, -9.56412601471]
        min: [-27.3734264374, -27.5417900085, -27.4176044464, -27.3876667023, -27.5495567322, -27.3687705994]
        var: [1.79682409763, 1.34091556072, 1.82895815372, 2.28210711479, 3.40563368797, 3.59131813049]

rhythm:
    beats_loudness:
        dmean: 0.00148405425716
        dmean2: 0.00249481317587
        dvar: 1.96211158254e-006
        dvar2: 5.25338236912e-006
        max: 0.0120565630496
        mean: 0.00473919510841
        median: 0.00487264059484
        min: 2.82105911964e-008
        var: 5.86427040616e-006
    bpm: 112.118469238
    bpm_confidence: 0
    first_peak_bpm: 112
    first_peak_spread: 0.517060399055
    first_peak_weight: 0.420091331005
    onset_rate: 3.44290781021
    second_peak_bpm: 105
    second_peak_spread: 0.0434782393277
    second_peak_weight: 0.100456617773
    beats_loudness_band_ratio:
        dmean: [0.115062087774, 0.152039259672, 0.110605031252, 0.0807098075747, 0.109223969281, 0.0932076349854]
        dmean2: [0.200463652611, 0.274590760469, 0.196078181267, 0.144929260015, 0.189199149609, 0.160795927048]
        dvar: [0.0133340945467, 0.0222329925746, 0.0185863878578, 0.0118215028197, 0.0101589662954, 0.00739423278719]
        dvar2: [0.0375334471464, 0.0635368749499, 0.0512956567109, 0.0325650498271, 0.0273506902158, 0.0207370966673]
        max: [0.906286716461, 0.928728222847, 0.948465645313, 0.659863948822, 0.898134231567, 0.880993783474]
        mean: [0.155000880361, 0.180781111121, 0.13180847466, 0.0907363817096, 0.253122955561, 0.245667353272]
        median: [0.110104724765, 0.100624978542, 0.0824903994799, 0.0480093806982, 0.254793643951, 0.251396507025]
        min: [1.63737604453e-005, 0.000828927615657, 2.75040001725e-005, 2.43147695755e-007, 2.07891289961e-007, 1.40045855801e-007]
        var: [0.0206431932747, 0.0341852083802, 0.0180540364236, 0.0114719383419, 0.017676057294, 0.0157577395439]
    beats_position: [0.557278871536, 1.11455774307, 1.67183673382, 2.22911548615, 2.76317453384, 3.29723358154, 3.83129239082, 4.3653512001, 4.88780021667, 5.41024923325, 5.93269824982, 6.46675729752, 7.01242637634, 7.55809497833, 8.11537361145, 8.67265319824, 9.21832180023, 9.76399040222, 10.3096599579, 10.8553285599, 11.3893871307, 11.9234466553, 12.445895195, 12.9799547195, 13.5140132904, 14.0480718613, 14.5705213547, 15.0929698944, 15.6270294189, 16.1610889435, 16.6951465607, 17.2175960541, 17.7400455475, 18.2741031647, 18.8081626892, 19.3422222137, 19.8646717072, 20.3871192932, 20.9211788177, 21.4552383423, 21.9892959595, 22.5117454529, 23.0458049774, 23.5682544708, 24.102312088, 24.6363716125, 25.158821106, 25.681268692, 26.2153282166, 26.73777771, 27.2602272034, 27.7942848206, 28.3283443451, 28.8624038696, 29.3964614868, 29.9305210114, 30.4645805359, 30.9986381531, 31.5326976776, 32.0667572021, 32.5892066956, 33.111656189, 33.6341018677, 34.1565513611, 34.690612793, 35.2246704102, 35.7587280273, 36.269569397, 36.8036270142, 37.3376846313, 37.8601341248, 38.3941955566, 38.91664505, 39.4390907288, 39.9615402222, 40.4839897156, 41.0296592712, 41.5753288269, 42.1209983826, 42.6666641235, 43.2355537415, 43.8044433594, 44.3617210388, 44.9073905945, 45.4414520264, 45.9755096436, 46.5095672607, 47.0436286926, 47.5776863098, 48.1001358032, 48.6341934204, 49.1566429138, 49.690700531, 50.2247619629, 50.7588195801, 51.2928771973, 51.8269386292, 52.3493881226, 52.871837616, 53.3942832947, 53.9167327881, 54.45079422, 55.0080718994, 55.5769615173, 56.1458511353, 56.726348877, 57.2604064941, 57.794467926, 58.3285255432, 58.8625831604, 59.3966445923, 59.9307022095, 60.4647598267, 60.9988212585, 61.5096588135, 62.0321083069, 62.5545578003, 63.0886154175, 63.6226730347, 64.1567306519, 64.6907958984, 65.2248535156, 65.7589111328, 66.29296875, 66.8270263672, 67.3494796753, 67.871925354, 68.4059829712, 68.9400405884, 69.4624938965, 69.9849395752, 70.5073928833, 71.0414505005, 71.5755081177, 72.0979614258, 72.632019043, 73.1544647217, 73.6769180298, 74.210975647, 74.7450332642, 75.2790908813, 75.8131484985, 76.3472061157, 76.8812713623, 77.4153289795, 77.9493865967, 78.4834442139, 79.0175018311, 79.5515594482, 80.0740127563, 80.6080703735, 81.1537399292, 81.7110214233, 82.2799072266, 82.8487930298, 83.3944625854, 83.928527832, 84.4509735107, 84.9734191895, 85.4958724976, 86.0299301147, 86.5639877319, 87.0980453491, 87.6437149048, 88.1893844604, 88.7350540161, 89.2923355103, 89.849609375, 90.4185028076, 90.9757843018, 91.5098419189, 92.0438995361, 92.5779571533, 93.1120147705, 93.6344680786, 94.1685256958, 94.702583313, 95.2250289917, 95.7474822998, 96.2699279785, 96.8039855957, 97.3380508423, 97.8721084595, 98.4061660767, 98.9286117554, 99.4510650635, 99.9735107422, 100.49596405, 101.030021667, 101.564079285, 102.098136902, 102.632194519, 103.166259766, 103.700317383, 104.211151123, 104.74521637, 105.267662048, 105.778503418, 106.300949097, 106.835006714, 107.357460022, 107.879905701, 108.413963318, 108.948028564, 109.470474243, 109.992919922, 110.503761292, 111.014602661, 111.53704834, 112.059501648, 112.570335388, 113.104400635, 113.638458252, 114.172515869, 114.706573486, 115.217414856, 115.739860535, 116.262313843, 116.784759521, 117.3072052, 117.81804657, 118.340499878, 118.862945557, 119.397003174, 119.919456482, 120.441902161, 120.975959778, 121.498413086, 122.020858765, 122.554916382, 123.088973999, 123.599815369, 124.133872986, 124.667930603, 125.20199585, 125.736053467, 126.281723022, 126.850608826, 127.419502258, 127.988388062, 128.545669556, 129.10295105, 129.671829224, 130.240722656, 130.79800415, 131.355285645, 131.912567139, 132.481445313, 133.038726807, 133.607620239, 134.164901733, 134.722167969, 135.279449463, 135.836730957, 136.40562439, 136.974502563, 137.543395996, 138.112289429, 138.669570923, 139.226852417, 139.795730591, 140.364624023, 140.921905518, 141.490783691, 142.059677124, 142.616958618, 143.174240112, 143.731521606, 144.30039978, 144.869293213, 145.438186646, 146.007064819, 146.564346313, 147.121627808, 147.678909302, 148.236190796, 148.805084229, 149.373962402, 149.931243896, 150.488525391, 151.045806885, 151.603088379, 152.160354614, 152.717636108, 153.274917603, 153.832199097, 154.401092529, 154.969970703, 155.527252197, 156.084533691, 156.641815186, 157.187484741, 157.756362915, 158.336868286, 158.89414978, 159.451431274, 160.00869751, 160.577590942, 161.146484375, 161.703765869, 162.272644043, 162.829925537, 163.39881897, 163.956100464, 164.524978638, 165.09387207, 165.651153564, 166.220046997, 166.788925171, 167.346206665, 167.903488159, 168.460769653, 169.018051147, 169.586929321, 170.155822754, 170.713104248, 171.270385742, 171.816055298, 172.361724854, 172.872558594, 173.395004272, 173.917449951, 174.451522827, 174.973968506, 175.508026123, 176.04208374, 176.576141357, 177.098587036, 177.632644653, 178.166702271, 178.700775146, 179.223220825, 179.757278442, 180.279724121, 180.8021698, 181.324615479, 181.858688354, 182.392745972, 182.926803589, 183.449249268, 183.983306885, 184.505752563, 185.039810181, 185.573867798, 186.107940674, 186.630386353, 187.16444397, 187.686889648, 188.220947266, 188.755004883, 189.2890625, 189.811508179, 190.345581055, 190.868026733, 191.390472412, 191.924530029, 192.446975708, 192.981033325, 193.515090942, 194.072372437, 194.629653931, 195.198547363, 195.767440796, 196.324707031, 196.858764648, 197.392837524, 197.926895142, 198.460952759, 198.983398438, 199.517456055, 200.039901733, 200.573959351, 201.108016968, 201.642089844, 202.176147461, 202.69859314, 203.221038818, 203.755096436, 204.289154053, 204.811599731, 205.334060669, 205.868118286, 206.402175903, 206.936233521, 207.470291138, 207.992736816, 208.515182495, 209.049255371, 209.583312988, 210.117370605, 210.651428223, 211.173873901, 211.69631958, 212.218765259, 212.741226196, 213.275283813, 213.809341431, 214.343399048, 214.877456665, 215.411514282, 215.945571899, 216.479629517, 217.002075195, 217.524536133, 218.046981812, 218.56942749, 219.103485107, 219.637542725, 220.171600342, 220.705657959, 221.239730835, 221.773788452, 222.296234131, 222.81867981, 223.341125488, 223.875183105, 224.397644043, 224.93170166, 225.454147339, 225.976593018, 226.510650635, 227.044708252, 227.578765869, 228.112823486, 228.646896362, 229.180953979, 229.726623535, 230.295501709, 230.852783203, 231.410064697, 231.967346191, 232.501403809, 233.035461426, 233.581130981, 234.126800537, 234.684082031, 235.241363525, 235.798629761, 236.355911255]
