
metadata:
    version:
        essentia: "2.1-beta2"
    audio_properties:
        analysis_sample_rate: 44100
        bitrate: 320
        channels: 2
        equal_loudness: 1
        length: 254.720001221
        replay_gain: -14.1993713379
        downmix: "mix"
    tags:
        album: "Venom (Deluxe Edition)"
        artist: "Bullet for My Valentine"
        comment: ""
        date: "2015"
        genre: ""
        title: "You Want a Battle? (Here's a War)"
        tracknumber: "5/15"

configuration:
    average_loudness:
        compute: 1
        frameSize: 88200
        hopSize: 44100
        silentFrames: "noise"
        windowType: "hann"
    general:
        analysisSampleRate: 44100
        endTime: 2000
        equalLoudness: 1
        nequalLoudness: 0
        shortSound: 0
        startTime: 0
    lowlevel:
        compute: 1
        frameSize: 2048
        hopSize: 1024
        zeroPadding: 0
        silentFrames: "noise"
        windowType: "blackmanharris62"
        mfccStats: ["mean", "cov", "icov"]
        stats: ["mean", "var", "median", "min", "max", "dmean", "dmean2", "dvar", "dvar2"]
    panning:
        compute: 0
        frameSize: 8192
        hopSize: 2048
        zeroPadding: 8192
        silentFrames: "noise"
        windowType: "hann"
        stats: ["copy"]
    rhythm:
        compute: 1
        maxTempo: 208
        minTempo: 40
        method: "degara"
        stats: ["mean", "var", "median", "min", "max", "dmean", "dmean2", "dvar", "dvar2"]
    segmentation:
        compute: 0
        cpw: 5
        inc1: 300
        inc2: 50
        minimumSegmentsLength: 10
        size1: 1000
        size2: 600
    sfx:
        compute: 1
        stats: ["mean", "var", "median", "min", "max", "dmean", "dmean2", "dvar", "dvar2"]
    svm:
        compute: 0
    tonal:
        compute: 1
        frameSize: 4096
        hopSize: 2048
        zeroPadding: 0
        silentFrames: "noise"
        windowType: "blackmanharris62"
        stats: ["mean", "var", "median", "min", "max", "dmean", "dmean2", "dvar", "dvar2"]

lowlevel:
    average_loudness: 0.929743885994
    barkbands_kurtosis:
        dmean: 0.629227936268
        dmean2: 1.03538429737
        dvar: 0.984458506107
        dvar2: 2.5494081974
        max: 32.0215682983
        mean: -0.615938305855
        median: -1.02837836742
        min: -1.92496883869
        var: 2.64160990715
    barkbands_skewness:
        dmean: 0.37345841527
        dmean2: 0.59239679575
        dvar: 0.111867204309
        dvar2: 0.279003918171
        max: 5.07296133041
        mean: -0.22898337245
        median: -0.3041844666
        min: -3.44699311256
        var: 0.547375977039
    barkbands_spread:
        dmean: 5.70401906967
        dmean2: 9.27924251556
        dvar: 29.3496303558
        dvar2: 74.1369018555
        max: 68.4929275513
        mean: 31.4433822632
        median: 30.9333744049
        min: 1.48545634747
        var: 94.7487945557
    dissonance:
        dmean: 0.0103212883696
        dmean2: 0.0176420304924
        dvar: 0.000101893056126
        dvar2: 0.000285896268906
        max: 0.500000178814
        mean: 0.483585327864
        median: 0.486781895161
        min: 0.366905093193
        var: 0.00016777786368
    hfc:
        dmean: 2.55996656418
        dmean2: 4.17624616623
        dvar: 11.5518903732
        dvar2: 30.8560180664
        max: 48.1449394226
        mean: 10.0020885468
        median: 9.777759552
        min: 1.27795301824e-016
        var: 30.6075439453
    pitch:
        dmean: 760.834838867
        dmean2: 1454.94311523
        dvar: 1420953.375
        dvar2: 3617172.5
        max: 5489.09082031
        mean: 973.068115234
        median: 329.511444092
        min: 55.1565513611
        var: 1600875.75
    pitch_instantaneous_confidence:
        dmean: 0.0745616704226
        dmean2: 0.122980773449
        dvar: 0.0037230423186
        dvar2: 0.00969843473285
        max: 0.807345092297
        mean: 0.336183488369
        median: 0.316741347313
        min: 0.125907063484
        var: 0.0118671283126
    pitch_salience:
        dmean: 0.0575345717371
        dmean2: 0.0959193781018
        dvar: 0.00253956252709
        dvar2: 0.00692961877212
        max: 0.988948523998
        mean: 0.664916455746
        median: 0.678236961365
        min: 0.22366130352
        var: 0.0060012312606
    silence_rate_20dB:
        dmean: 0
        dmean2: 0
        dvar: 0
        dvar2: 0
        max: 1
        mean: 1
        median: 1
        min: 1
        var: 0
    silence_rate_30dB:
        dmean: 0
        dmean2: 0
        dvar: 0
        dvar2: 0
        max: 1
        mean: 1
        median: 1
        min: 1
        var: 0
    silence_rate_60dB:
        dmean: 0.0510483123362
        dmean2: 0.102105937898
        dvar: 0.0484423115849
        dvar2: 0.108990602195
        max: 1
        mean: 0.215203717351
        median: 0
        min: 0
        var: 0.1688670367
    spectral_centroid:
        dmean: 260.344360352
        dmean2: 416.378387451
        dvar: 64274.4921875
        dvar2: 148360.28125
        max: 11146.8867188
        mean: 1954.37402344
        median: 1957.12683105
        min: 242.18107605
        var: 274033.71875
    spectral_complexity:
        dmean: 4.05505943298
        dmean2: 6.47461032867
        dvar: 15.5155324936
        dvar2: 37.3257713318
        max: 49
        mean: 19.2002544403
        median: 20
        min: 0
        var: 85.9662628174
    spectral_crest:
        dmean: 2.01109409332
        dmean2: 3.35408592224
        dvar: 4.25109386444
        dvar2: 11.2536535263
        max: 22.1342563629
        mean: 6.37561750412
        median: 5.44535064697
        min: 2.22345018387
        var: 8.80660152435
    spectral_decrease:
        dmean: 3.36506517096e-010
        dmean2: 5.66720725903e-010
        dvar: 3.2736344826e-019
        dvar2: 9.08617164244e-019
        max: 1.36578838676e-028
        mean: -1.13907416832e-009
        median: -1.0904113168e-009
        min: -7.81390152582e-009
        var: 4.58772307201e-019
    spectral_energy:
        dmean: 0.00146393792238
        dmean2: 0.00245327176526
        dvar: 5.84090003031e-006
        dvar2: 1.6124047761e-005
        max: 0.0326614491642
        mean: 0.00520635722205
        median: 0.00503907259554
        min: 1.10759209371e-020
        var: 8.89885723154e-006
    spectral_energyband_high:
        dmean: 0.000200462032808
        dmean2: 0.000339051854098
        dvar: 7.87376137623e-008
        dvar2: 2.15079580812e-007
        max: 0.00311721442267
        mean: 0.000533487531357
        median: 0.000492764578667
        min: 8.20207415366e-021
        var: 1.31558209659e-007
    spectral_energyband_low:
        dmean: 0.000318186619552
        dmean2: 0.000543858041056
        dvar: 2.54685289747e-007
        dvar2: 6.66117045967e-007
        max: 0.00769923301414
        mean: 0.000417972012656
        median: 0.00021241432114
        min: 5.24487299482e-023
        var: 3.28552232531e-007
    spectral_energyband_middle_high:
        dmean: 0.000689050997607
        dmean2: 0.00108860060573
        dvar: 5.76459854074e-007
        dvar2: 1.48322874338e-006
        max: 0.01061897818
        mean: 0.00280803185888
        median: 0.00269692228176
        min: 1.56787460491e-021
        var: 2.59461285168e-006
    spectral_energyband_middle_low:
        dmean: 0.000838701264001
        dmean2: 0.00142505369149
        dvar: 2.99426756101e-006
        dvar2: 8.495549082e-006
        max: 0.0229227244854
        mean: 0.00164773210417
        median: 0.00124160898849
        min: 3.08543694871e-022
        var: 2.81462507701e-006
    spectral_flatness_db:
        dmean: 0.0131001519039
        dmean2: 0.0207738503814
        dvar: 0.000138178802445
        dvar2: 0.000349860725692
        max: 0.33669385314
        mean: 0.144801020622
        median: 0.137142643332
        min: 0.0585429631174
        var: 0.00116089405492
    spectral_flux:
        dmean: 0.00793028343469
        dmean2: 0.0123022422194
        dvar: 0.000109629370854
        dvar2: 0.000207664474146
        max: 0.144270524383
        mean: 0.0429791733623
        median: 0.0423842258751
        min: 1.05242203841e-010
        var: 0.000306158995954
    spectral_kurtosis:
        dmean: 0.852845549583
        dmean2: 1.4649450779
        dvar: 0.610561847687
        dvar2: 1.84194481373
        max: 14.1990346909
        mean: 2.70890116692
        median: 2.49927663803
        min: -1.21596634388
        var: 1.78329575062
    spectral_rms:
        dmean: 0.000283584144199
        dmean2: 0.000461587944301
        dvar: 1.38127276728e-007
        dvar2: 3.68374088566e-007
        max: 0.00564489373937
        mean: 0.00214295834303
        median: 0.00221724342555
        min: 3.28721403396e-012
        var: 4.8711871159e-007
    spectral_rolloff:
        dmean: 312.052490234
        dmean2: 508.291809082
        dvar: 141430.9375
        dvar2: 295389.15625
        max: 19229.1503906
        mean: 3546.5234375
        median: 3660.64453125
        min: 172.265625
        var: 503956.21875
    spectral_skewness:
        dmean: 0.130121707916
        dmean2: 0.218113839626
        dvar: 0.0127025386319
        dvar2: 0.033459931612
        max: 2.87847232819
        mean: 1.13727712631
        median: 1.11209917068
        min: -0.126271352172
        var: 0.0689414069057
    spectral_spread:
        dmean: 368168.6875
        dmean2: 545564.1875
        dvar: 283136720896
        dvar2: 399499886592
        max: 41249796
        mean: 4386505.5
        median: 4181935.5
        min: 2010941.125
        var: 1.38623031706e+012
    spectral_strongpeak:
        dmean: 0.534543275833
        dmean2: 0.910797536373
        dvar: 0.505222320557
        dvar2: 1.30306327343
        max: 7.0861992836
        mean: 0.76693546772
        median: 0.415793478489
        min: 9.07665942407e-009
        var: 0.76632142067
    zerocrossingrate:
        dmean: 0.00747564388439
        dmean2: 0.00913307163864
        dvar: 5.26781732333e-005
        dvar2: 6.49140856694e-005
        max: 0.501953125
        mean: 0.108377739787
        median: 0.10888671875
        min: 0.0146484375
        var: 0.000534799066372
    barkbands:
        dmean: [2.87630172124e-007, 8.31027864479e-005, 0.000163037300808, 0.000223401555559, 0.000476716231788, 0.000115862269013, 6.57157215755e-005, 0.00010689048213, 0.000189684622455, 9.58793243626e-005, 6.9682202593e-005, 8.48401541589e-005, 7.97401226009e-005, 6.2049322878e-005, 9.17363431654e-005, 0.000188201665878, 0.000218559551286, 0.000171122301253, 0.000207962424611, 0.000196232285816, 9.23620100366e-005, 4.28274724982e-005, 8.02650902187e-006, 2.60936030827e-006, 1.17985507586e-006, 2.24146088357e-008, 3.01604463626e-010]
        dmean2: [4.55302597402e-007, 0.000142516073538, 0.000290116062388, 0.000380378885893, 0.000842508336063, 0.00019320329011, 0.000108026069938, 0.000171088788193, 0.000301366962958, 0.000155927598826, 0.000116826224257, 0.000140975607792, 0.000128227853565, 0.00010152158211, 0.000149574494571, 0.000307876180159, 0.000360482314136, 0.000285343383439, 0.000348252855474, 0.000329726928612, 0.000158209979418, 7.28374216123e-005, 1.2983349734e-005, 3.95330243919e-006, 1.71077510913e-006, 3.41330412823e-008, 5.18939613503e-010]
        dvar: [2.5329825043e-013, 1.85747079939e-008, 7.8232581302e-008, 1.23726266565e-007, 2.19903722609e-006, 4.3465046673e-008, 3.21363877731e-008, 5.85990918012e-008, 1.40039063012e-007, 3.50456588194e-008, 2.42734934375e-008, 3.01463032315e-008, 2.91466353275e-008, 1.27481234458e-008, 2.13453521525e-008, 7.17640133985e-008, 8.44229433028e-008, 4.08493399107e-008, 7.329225582e-008, 6.26390814773e-008, 1.71479737077e-008, 3.56895446529e-009, 2.02087943602e-010, 5.43178765855e-011, 1.9994002981e-011, 6.9520385847e-015, 3.35006545422e-019]
        dvar2: [5.94944395398e-013, 4.91257168278e-008, 2.13967652485e-007, 3.1805046774e-007, 6.33218678558e-006, 1.14557579423e-007, 8.04898263596e-008, 1.33517076506e-007, 3.51247507524e-007, 8.68387033393e-008, 6.77545415328e-008, 7.86597240676e-008, 6.52267857504e-008, 3.19015356354e-008, 5.1641613652e-008, 1.87730563539e-007, 2.19384347133e-007, 1.11496269994e-007, 1.9652728156e-007, 1.67911906601e-007, 4.74236863113e-008, 9.40454825127e-009, 4.48705211875e-010, 9.20107601221e-011, 3.28851008924e-011, 1.32803127897e-014, 8.39768492018e-019]
        max: [7.41917801861e-006, 0.00129526853561, 0.0033550884109, 0.00562432175502, 0.0189416203648, 0.0037162990775, 0.00476482044905, 0.00536057539284, 0.00708493590355, 0.00485594384372, 0.00322602316737, 0.00323679973371, 0.00432757427916, 0.00314614502713, 0.0031864347402, 0.00523462286219, 0.00722788739949, 0.00272655091248, 0.00378785165958, 0.00374877662398, 0.00183622608893, 0.000962893187534, 0.000274446501862, 0.000197018191102, 0.000141643773532, 3.20175763591e-006, 1.37984645932e-008]
        mean: [2.81052166429e-007, 9.03395193745e-005, 0.000169270861079, 0.000285183137748, 0.000517376523931, 0.000165762001416, 9.30356181925e-005, 0.000178255824721, 0.000351447495632, 0.000159913601237, 0.000131283857627, 0.000154691035277, 0.000140525677125, 0.000117214200145, 0.000170208455529, 0.000395263923565, 0.000457368820207, 0.000373587041395, 0.000459705101093, 0.00046857164125, 0.000209602309042, 9.49086825131e-005, 1.51907006511e-005, 5.20947924088e-006, 2.12645909414e-006, 3.93861334658e-008, 3.4642944069e-010]
        median: [4.43107737169e-008, 4.52946442238e-005, 6.74607799738e-005, 0.000136067159474, 0.000217808876187, 0.000100258308521, 4.57878377347e-005, 6.65949919494e-005, 0.0001361319446, 7.76335728006e-005, 4.27139530075e-005, 6.7030727223e-005, 6.46468251944e-005, 6.67160347803e-005, 0.000112567468022, 0.00030270285788, 0.000361469166819, 0.000325637898641, 0.00038974621566, 0.000405431725085, 0.000188445177628, 8.16754691186e-005, 9.72338875727e-006, 2.87772559204e-006, 8.24441997338e-007, 1.99460501449e-008, 1.71503783397e-010]
        min: [6.43658986043e-024, 2.64496147392e-023, 1.00593712476e-023, 1.63211503203e-023, 2.14249715143e-023, 1.07707925177e-022, 7.92836133095e-023, 3.99041155275e-023, 4.08455957743e-023, 1.67304145134e-023, 1.8488670613e-022, 1.09657004836e-022, 5.64692447486e-023, 7.41778215409e-023, 1.33769365131e-022, 1.35435477228e-022, 2.13284865681e-022, 1.47396047433e-022, 3.38646147387e-022, 3.26129739477e-022, 3.62870891961e-022, 5.1422795515e-022, 5.74786673764e-022, 8.2700304943e-022, 1.24244083008e-021, 1.73068923535e-021, 2.95045166494e-021]
        var: [2.90536529297e-013, 1.67976654808e-008, 7.60416583034e-008, 1.80040402142e-007, 1.4507177184e-006, 5.00778583046e-008, 3.99521091765e-008, 1.35750283903e-007, 4.0733766582e-007, 7.16074595175e-008, 7.70242536419e-008, 6.59161898398e-008, 6.32214991469e-008, 3.01593310326e-008, 4.01652613391e-008, 1.53519465584e-007, 1.8670023394e-007, 8.03829180995e-008, 1.29894942802e-007, 1.18307177388e-007, 2.39247395228e-008, 6.01161875835e-009, 4.56337773125e-010, 1.38037692388e-010, 4.97546066847e-011, 1.17743153145e-014, 4.21189381919e-019]
    frequency_bands:
        dmean: [2.87630172124e-007, 8.31027864479e-005, 0.000163037300808, 0.000223401555559, 0.000476716231788, 0.000115862269013, 6.57157215755e-005, 0.00010689048213, 0.000189684622455, 9.58793243626e-005, 6.9682202593e-005, 8.48401541589e-005, 7.97401226009e-005, 6.2049322878e-005, 9.17363431654e-005, 0.000188201665878, 0.000218559551286, 0.000171122301253, 0.000207962424611, 0.000196232285816, 9.23620100366e-005, 4.28274724982e-005, 8.02650902187e-006, 2.60936030827e-006, 1.17985507586e-006, 2.24146088357e-008, 3.01604463626e-010, 6.08631686716e-011]
        dmean2: [4.55302597402e-007, 0.000142516073538, 0.000290116062388, 0.000380378885893, 0.000842508336063, 0.00019320329011, 0.000108026069938, 0.000171088788193, 0.000301366962958, 0.000155927598826, 0.000116826224257, 0.000140975607792, 0.000128227853565, 0.00010152158211, 0.000149574494571, 0.000307876180159, 0.000360482314136, 0.000285343383439, 0.000348252855474, 0.000329726928612, 0.000158209979418, 7.28374216123e-005, 1.2983349734e-005, 3.95330243919e-006, 1.71077510913e-006, 3.41330412823e-008, 5.18939613503e-010, 1.12744612257e-010]
        dvar: [2.5329825043e-013, 1.85747079939e-008, 7.8232581302e-008, 1.23726266565e-007, 2.19903722609e-006, 4.3465046673e-008, 3.21363877731e-008, 5.85990918012e-008, 1.40039063012e-007, 3.50456588194e-008, 2.42734934375e-008, 3.01463032315e-008, 2.91466353275e-008, 1.27481234458e-008, 2.13453521525e-008, 7.17640133985e-008, 8.44229433028e-008, 4.08493399107e-008, 7.329225582e-008, 6.26390814773e-008, 1.71479737077e-008, 3.56895446529e-009, 2.02087943602e-010, 5.43178765855e-011, 1.9994002981e-011, 6.9520385847e-015, 3.35006545422e-019, 7.12442422098e-021]
        dvar2: [5.94944395398e-013, 4.91257168278e-008, 2.13967652485e-007, 3.1805046774e-007, 6.33218678558e-006, 1.14557579423e-007, 8.04898263596e-008, 1.33517076506e-007, 3.51247507524e-007, 8.68387033393e-008, 6.77545415328e-008, 7.86597240676e-008, 6.52267857504e-008, 3.19015356354e-008, 5.1641613652e-008, 1.87730563539e-007, 2.19384347133e-007, 1.11496269994e-007, 1.9652728156e-007, 1.67911906601e-007, 4.74236863113e-008, 9.40454825127e-009, 4.48705211875e-010, 9.20107601221e-011, 3.28851008924e-011, 1.32803127897e-014, 8.39768492018e-019, 2.26607518214e-020]
        max: [7.41917801861e-006, 0.00129526853561, 0.0033550884109, 0.00562432175502, 0.0189416203648, 0.0037162990775, 0.00476482044905, 0.00536057539284, 0.00708493590355, 0.00485594384372, 0.00322602316737, 0.00323679973371, 0.00432757427916, 0.00314614502713, 0.0031864347402, 0.00523462286219, 0.00722788739949, 0.00272655091248, 0.00378785165958, 0.00374877662398, 0.00183622608893, 0.000962893187534, 0.000274446501862, 0.000197018191102, 0.000141643773532, 3.20175763591e-006, 1.37984645932e-008, 1.10466524816e-009]
        mean: [2.81052166429e-007, 9.03395193745e-005, 0.000169270861079, 0.000285183137748, 0.000517376523931, 0.000165762001416, 9.30356181925e-005, 0.000178255824721, 0.000351447495632, 0.000159913601237, 0.000131283857627, 0.000154691035277, 0.000140525677125, 0.000117214200145, 0.000170208455529, 0.000395263923565, 0.000457368820207, 0.000373587041395, 0.000459705101093, 0.00046857164125, 0.000209602309042, 9.49086825131e-005, 1.51907006511e-005, 5.20947924088e-006, 2.12645909414e-006, 3.93861334658e-008, 3.4642944069e-010, 4.74464426081e-011]
        median: [4.43107737169e-008, 4.52946442238e-005, 6.74607799738e-005, 0.000136067159474, 0.000217808876187, 0.000100258308521, 4.57878377347e-005, 6.65949919494e-005, 0.0001361319446, 7.76335728006e-005, 4.27139530075e-005, 6.7030727223e-005, 6.46468251944e-005, 6.67160347803e-005, 0.000112567468022, 0.00030270285788, 0.000361469166819, 0.000325637898641, 0.00038974621566, 0.000405431725085, 0.000188445177628, 8.16754691186e-005, 9.72338875727e-006, 2.87772559204e-006, 8.24441997338e-007, 1.99460501449e-008, 1.71503783397e-010, 1.85067672992e-011]
        min: [6.43658986043e-024, 2.64496147392e-023, 1.00593712476e-023, 1.63211503203e-023, 2.14249715143e-023, 1.07707925177e-022, 7.92836133095e-023, 3.99041155275e-023, 4.08455957743e-023, 1.67304145134e-023, 1.8488670613e-022, 1.09657004836e-022, 5.64692447486e-023, 7.41778215409e-023, 1.33769365131e-022, 1.35435477228e-022, 2.13284865681e-022, 1.47396047433e-022, 3.38646147387e-022, 3.26129739477e-022, 3.62870891961e-022, 5.1422795515e-022, 5.74786673764e-022, 8.2700304943e-022, 1.24244083008e-021, 1.73068923535e-021, 2.95045166494e-021, 7.88435198011e-022]
        var: [2.90536529297e-013, 1.67976654808e-008, 7.60416583034e-008, 1.80040402142e-007, 1.4507177184e-006, 5.00778583046e-008, 3.99521091765e-008, 1.35750283903e-007, 4.0733766582e-007, 7.16074595175e-008, 7.70242536419e-008, 6.59161898398e-008, 6.32214991469e-008, 3.01593310326e-008, 4.01652613391e-008, 1.53519465584e-007, 1.8670023394e-007, 8.03829180995e-008, 1.29894942802e-007, 1.18307177388e-007, 2.39247395228e-008, 6.01161875835e-009, 4.56337773125e-010, 1.38037692388e-010, 4.97546066847e-011, 1.17743153145e-014, 4.21189381919e-019, 5.6858117329e-021]
    mfcc:
        mean: [-696.737976074, 87.76171875, -57.59557724, 50.7673683167, -18.5249500275, -0.4227437675, -5.49545526505, -0.243857339025, 1.45686626434, -4.7839179039, -6.73814201355, -6.35735321045, -6.23236703873]
        cov: [[7236.06933594, 1130.88879395, -343.196289063, 1099.18505859, 63.7133560181, 309.00668335, 95.1160430908, 198.397476196, 216.836914063, 23.2757072449, 6.0259771347, -62.9077415466, -132.478515625], [1130.88879395, 691.27331543, -139.115020752, 288.804321289, 18.954000473, 118.593063354, 65.6586685181, 45.1515846252, 61.4814682007, -12.3356771469, 8.20963668823, 2.02043008804, -17.5379238129], [-343.196289063, -139.115020752, 476.406738281, 57.4491119385, 172.678085327, 83.0892715454, 54.1207962036, 29.9294872284, 13.587518692, -7.78831243515, 2.23511433601, 11.0941801071, 16.7431087494], [1099.18505859, 288.804321289, 57.4491119385, 439.538238525, 156.647689819, 115.841819763, 39.3617782593, 49.3716888428, 92.6206741333, 21.2687892914, 11.8483123779, -5.20574474335, -9.84386062622], [63.7133560181, 18.954000473, 172.678085327, 156.647689819, 232.11050415, 99.7339477539, 51.8384857178, 29.4296340942, 58.1888656616, 13.5126905441, 3.22716927528, 7.94495868683, 9.59975528717], [309.00668335, 118.593063354, 83.0892715454, 115.841819763, 99.7339477539, 190.691802979, 120.552856445, 82.3764343262, 44.5982551575, -12.7032575607, 20.3529148102, 16.2547531128, -3.68002891541], [95.1160430908, 65.6586685181, 54.1207962036, 39.3617782593, 51.8384857178, 120.552856445, 155.183456421, 91.5409927368, 41.8904762268, -11.4785718918, 18.1122245789, 25.0450172424, 2.30881619453], [198.397476196, 45.1515846252, 29.9294872284, 49.3716888428, 29.4296340942, 82.3764343262, 91.5409927368, 134.843887329, 69.3842544556, 8.5760345459, 21.244102478, 20.2577819824, 7.90624809265], [216.836914063, 61.4814682007, 13.587518692, 92.6206741333, 58.1888656616, 44.5982551575, 41.8904762268, 69.3842544556, 122.907341003, 50.4541473389, 28.9406013489, 8.43107891083, -5.74188995361], [23.2757072449, -12.3356771469, -7.78831243515, 21.2687892914, 13.5126905441, -12.7032575607, -11.4785718918, 8.5760345459, 50.4541473389, 93.5637359619, 36.6103248596, 3.67388653755, -7.69703817368], [6.0259771347, 8.20963668823, 2.23511433601, 11.8483123779, 3.22716927528, 20.3529148102, 18.1122245789, 21.244102478, 28.9406013489, 36.6103248596, 70.4227294922, 27.2296524048, -0.709007501602], [-62.9077415466, 2.02043008804, 11.0941801071, -5.20574474335, 7.94495868683, 16.2547531128, 25.0450172424, 20.2577819824, 8.43107891083, 3.67388653755, 27.2296524048, 59.3467750549, 29.1897277832], [-132.478515625, -17.5379238129, 16.7431087494, -9.84386062622, 9.59975528717, -3.68002891541, 2.30881619453, 7.90624809265, -5.74188995361, -7.69703817368, -0.709007501602, 29.1897277832, 62.7179908752]]
        icov: [[0.000294582889182, -9.89965483313e-005, 0.000158038645168, -0.000761584262364, 0.000384031271096, -0.000244441209361, 0.000203834366403, -0.000325285160216, 9.36501455726e-005, -3.0076073017e-005, 0.00021286176343, -5.99956256337e-005, 0.000428427971201], [-9.89965483313e-005, 0.00268842768855, 0.000820681743789, -0.00160152290482, 0.000954344170168, -0.00118402240332, -0.000640910293441, 0.00092870782828, -0.000671113200951, 0.000642972299829, 0.000197246205062, -0.00034825495095, -5.50420008949e-005], [0.000158038645168, 0.000820681743789, 0.00344332191162, -0.000573505298235, -0.0021549819503, -0.00059936469188, -0.000195430839085, -0.000548297946807, 0.000875044905115, 0.000353576178895, -0.000230508201639, 0.000135954309371, -1.73128355527e-005], [-0.000761584262364, -0.00160152290482, -0.000573505298235, 0.00693134078756, -0.00361171038821, -0.000463201256935, 0.00140886800364, 0.000286687572952, -0.00174545974005, 7.43605414755e-005, -0.000741935509723, 0.000944498402532, -0.00097652344266], [0.000384031271096, 0.000954344170168, -0.0021549819503, -0.00361171038821, 0.0106680495664, -0.0042667593807, -0.000306526839267, 0.00306152924895, -0.00356019870378, -0.000967886706349, 0.00268725329079, -0.000780595757533, -0.00122246250976], [-0.000244441209361, -0.00118402240332, -0.00059936469188, -0.000463201256935, -0.0042667593807, 0.0154965817928, -0.00812413543463, -0.00289369584061, 0.00213525723666, 0.0022440161556, -0.00351183745079, 0.0010783468606, 0.00139539362863], [0.000203834366403, -0.000640910293441, -0.000195430839085, 0.00140886800364, -0.000306526839267, -0.00812413543463, 0.0175927635282, -0.00698294304311, -0.000485642201966, 0.00162245659158, 0.00061983714113, -0.00380371254869, 0.00225945725106], [-0.000325285160216, 0.00092870782828, -0.000548297946807, 0.000286687572952, 0.00306152924895, -0.00289369584061, -0.00698294304311, 0.0182671900839, -0.00907154846936, 0.00136614427902, -6.8906629167e-005, -0.000202508672373, -0.00348950969055], [9.36501455726e-005, -0.000671113200951, 0.000875044905115, -0.00174545974005, -0.00356019870378, 0.00213525723666, -0.000485642201966, -0.00907154846936, 0.0193003304303, -0.0078490478918, -0.00121594558004, 0.000331757590175, 0.00196979520842], [-3.0076073017e-005, 0.000642972299829, 0.000353576178895, 7.43605414755e-005, -0.000967886706349, 0.0022440161556, 0.00162245659158, 0.00136614427902, -0.0078490478918, 0.0190219003707, -0.00894080009311, 0.00195210357197, 0.000687680614647], [0.00021286176343, 0.000197246205062, -0.000230508201639, -0.000741935509723, 0.00268725329079, -0.00351183745079, 0.00061983714113, -6.8906629167e-005, -0.00121594558004, -0.00894080009311, 0.0250948090106, -0.0125570883974, 0.00473769614473], [-5.99956256337e-005, -0.00034825495095, 0.000135954309371, 0.000944498402532, -0.000780595757533, 0.0010783468606, -0.00380371254869, -0.000202508672373, 0.000331757590175, 0.00195210357197, -0.0125570883974, 0.0308054760098, -0.0139731159434], [0.000428427971201, -5.50420008949e-005, -1.73128355527e-005, -0.00097652344266, -0.00122246250976, 0.00139539362863, 0.00225945725106, -0.00348950969055, 0.00196979520842, 0.000687680614647, 0.00473769614473, -0.0139731159434, 0.0241325646639]]
    sccoeffs:
        dmean: [0.0593410171568, 0.0472414270043, 0.0388005226851, 0.0294640623033, 0.0192575752735, 0.0163684543222]
        dmean2: [0.0984862670302, 0.0782110765576, 0.0645261481404, 0.049010373652, 0.0324981026351, 0.0259915497154]
        dvar: [0.00257501378655, 0.00145720480941, 0.000956396223046, 0.000521717767697, 0.000222267452045, 0.000221406051423]
        dvar2: [0.00692071160302, 0.00395210040733, 0.00262261624448, 0.00141458644066, 0.000616166624241, 0.000502035196405]
        max: [-0.264303922653, -0.45125696063, -0.552691221237, -0.621322154999, -0.661056756973, -0.579369604588]
        mean: [-0.661748290062, -0.755929589272, -0.771435797215, -0.785816371441, -0.799242377281, -0.723374128342]
        median: [-0.669379413128, -0.759802877903, -0.776466608047, -0.788031101227, -0.79889780283, -0.713461279869]
        min: [-0.973747849464, -0.982793390751, -0.975743234158, -0.980511963367, -0.976049721241, -0.960065066814]
        var: [0.007253899239, 0.00433488329872, 0.0032916481141, 0.00165192841087, 0.000871843134519, 0.00187507621013]
    scvalleys:
        dmean: [0.411413043737, 0.342989444733, 0.273835390806, 0.219961494207, 0.197363629937, 0.237861543894]
        dmean2: [0.665994822979, 0.576491773129, 0.451013505459, 0.356426268816, 0.307685405016, 0.365917146206]
        dvar: [0.125506341457, 0.0886981859803, 0.0521145537496, 0.0358184129, 0.0391781665385, 0.0798342823982]
        dvar2: [0.301335781813, 0.234055921435, 0.126752123237, 0.0791235268116, 0.081034630537, 0.174270138144]
        max: [-5.18957138062, -4.45853424072, -5.19323444366, -5.59525728226, -5.39958429337, -7.31325101852]
        mean: [-7.2475771904, -6.83405256271, -6.89235401154, -7.01199531555, -6.78185749054, -9.61842441559]
        median: [-6.70001268387, -6.61215257645, -6.69900655746, -6.7855629921, -6.49944543839, -9.39347553253]
        min: [-27.0727710724, -26.9601211548, -26.9605541229, -27.4928894043, -27.2439041138, -27.268037796]
        var: [3.4591794014, 1.73508572578, 1.46304261684, 1.54522824287, 1.67920410633, 1.50281476974]

rhythm:
    beats_loudness:
        dmean: 0.00132856646087
        dmean2: 0.00235808268189
        dvar: 1.26619738694e-006
        dvar2: 3.82896223527e-006
        max: 0.0118835438043
        mean: 0.00543698715046
        median: 0.00554205942899
        min: 1.21158985622e-010
        var: 4.63887181468e-006
    bpm: 133.090408325
    bpm_confidence: 0
    first_peak_bpm: 133
    first_peak_spread: 0.441687345505
    first_peak_weight: 0.381355941296
    onset_rate: 2.68530154228
    second_peak_bpm: 178
    second_peak_spread: 0
    second_peak_weight: 0.0881355926394
    beats_loudness_band_ratio:
        dmean: [0.0816481411457, 0.0873006060719, 0.095701649785, 0.0767208486795, 0.11233689636, 0.0893448591232]
        dmean2: [0.141415089369, 0.157034859061, 0.169528499246, 0.134861931205, 0.197031140327, 0.155507147312]
        dvar: [0.0105429263785, 0.00689206598327, 0.0110175292939, 0.00727188726887, 0.00879490934312, 0.00681331427768]
        dvar2: [0.0283349528909, 0.0190344061702, 0.0329276435077, 0.0207519568503, 0.0279264245182, 0.0210918672383]
        max: [0.626830220222, 0.504046678543, 0.72103947401, 0.957292854786, 0.703099250793, 0.744006633759]
        mean: [0.115401320159, 0.100485801697, 0.13551107049, 0.129317075014, 0.307359397411, 0.242616474628]
        median: [0.0771403536201, 0.0760143250227, 0.094738908112, 0.0761166065931, 0.307704299688, 0.227381378412]
        min: [1.01539972093e-005, 0.000703932077158, 0.00599347613752, 0.00830137077719, 0.0260938666761, 0.00854153838009]
        var: [0.0125079099089, 0.00758046656847, 0.0129808140919, 0.020051766187, 0.012822188437, 0.00968433916569]
    beats_position: [0.487619042397, 0.986848056316, 1.48607707024, 1.98530614376, 2.48453521729, 2.9837641716, 3.48299312592, 3.97061228752, 4.46984100342, 4.96907043457, 5.46829938889, 5.9675283432, 6.46675729752, 6.96598625183, 7.52326536179, 8.08054447174, 8.63782310486, 9.11383247375, 9.58984088898, 10.0542402267, 10.4141492844, 10.774058342, 11.1339683533, 11.4938774109, 11.8305664063, 12.1672563553, 12.5155553818, 12.8638544083, 13.2005443573, 13.5372333527, 13.873922348, 14.2106122971, 14.5589113235, 14.9188203812, 15.2787294388, 15.6502494812, 16.0217685699, 16.3700675964, 16.7183666229, 17.0666656494, 17.4033565521, 17.7400455475, 18.0767345428, 18.4134235382, 18.7617225647, 19.1100215912, 19.4467124939, 19.7834014893, 20.1200904846, 20.45677948, 20.8050785065, 21.153377533, 21.5016784668, 21.8499774933, 22.1982765198, 22.5581855774, 22.9297046661, 23.2896137238, 23.6379127502, 23.9862117767, 24.3345127106, 24.6712017059, 25.0078907013, 25.3445796967, 25.6928787231, 26.0295696259, 26.3662586212, 26.7029476166, 27.0512466431, 27.3995456696, 27.7362346649, 28.0729255676, 28.4212245941, 28.7695236206, 29.106212616, 29.4429016113, 29.7795906067, 30.1162815094, 30.4529705048, 30.7896595001, 31.1379585266, 31.4862575531, 31.8229465485, 32.171245575, 32.5079345703, 32.8562355042, 33.1929244995, 33.5296134949, 33.8779144287, 34.2262115479, 34.5629005432, 34.8995895386, 35.2478904724, 35.5845794678, 35.9212684631, 36.269569397, 36.6062583923, 36.9429473877, 37.2912483215, 37.6279373169, 37.9646263123, 38.3129234314, 38.7541046143, 39.2068939209, 39.6712913513, 40.124080658, 40.5652618408, 41.0180473328, 41.4708366394, 41.9120178223, 42.3531951904, 42.7943763733, 43.2355537415, 43.6767349243, 44.1179122925, 44.5590934753, 45.0002708435, 45.4414520264, 45.8826293945, 46.3238105774, 46.7649879456, 47.2061653137, 47.6473464966, 48.0885238647, 48.5297050476, 48.9708824158, 49.4120635986, 49.8532409668, 50.2944221497, 50.7355995178, 51.1767807007, 51.6179580688, 52.0591392517, 52.5003166199, 52.941493988, 53.3826751709, 53.8238525391, 54.2650337219, 54.6946029663, 55.1241722107, 55.5653495789, 56.0065307617, 56.4477081299, 56.8772773743, 57.3184585571, 57.7480278015, 58.1775970459, 58.6071662903, 59.03673172, 59.4663009644, 59.9074821472, 60.3486595154, 60.7898406982, 61.2194099426, 61.648979187, 62.0785484314, 62.5197257996, 62.9609069824, 63.4020843506, 63.831653595, 64.2728347778, 64.7024002075, 65.1319732666, 65.5615386963, 66.0027160645, 66.4322891235, 66.8618545532, 67.2914276123, 67.7326049805, 68.1737823486, 68.6149673462, 69.0561447144, 69.4973220825, 69.9384994507, 70.3796844482, 70.8208618164, 71.2620391846, 71.7032165527, 72.1444015503, 72.5855789185, 73.0499725342, 73.5027618408, 73.9555511475, 74.4083404541, 74.8611297607, 75.3255310059, 75.7783203125, 76.2311096191, 76.6955108643, 77.1483001709, 77.6010894775, 78.0538787842, 78.5066680908, 78.9594573975, 79.4122467041, 79.8650360107, 80.3178253174, 80.7822189331, 81.2350082397, 81.6877975464, 82.140586853, 82.5933761597, 83.0577774048, 83.5105667114, 83.9633560181, 84.4161453247, 84.8689346313, 85.321723938, 85.7745132446, 86.2389068604, 86.691696167, 87.1444854736, 87.6088867188, 88.0616760254, 88.514465332, 88.9672546387, 89.4200439453, 89.872833252, 90.3256225586, 90.7784118652, 91.2312011719, 91.695602417, 92.1483917236, 92.6011810303, 93.0539703369, 93.5067520142, 93.9595413208, 94.4123306274, 94.8767318726, 95.3295211792, 95.7823104858, 96.2350997925, 96.6878890991, 97.1406784058, 97.5934677124, 98.046257019, 98.4990463257, 98.9634475708, 99.4162368774, 99.8806304932, 100.3334198, 100.797821045, 101.250610352, 101.703399658, 102.156188965, 102.597366333, 103.038543701, 103.491333008, 103.932518005, 104.373695374, 104.814872742, 105.25605011, 105.697235107, 106.138412476, 106.579589844, 107.020767212, 107.46194458, 107.903129578, 108.344306946, 108.785484314, 109.226661682, 109.66784668, 110.109024048, 110.550201416, 110.991378784, 111.432563782, 111.87374115, 112.314918518, 112.756095886, 113.197273254, 113.638458252, 114.07963562, 114.520812988, 114.961990356, 115.403175354, 115.844352722, 116.28553009, 116.726707458, 117.167892456, 117.609069824, 118.038635254, 118.468208313, 118.909385681, 119.338951111, 119.780136108, 120.209701538, 120.639274597, 121.068840027, 121.510017395, 121.951202393, 122.380767822, 122.82194519, 123.25151825, 123.681083679, 124.122268677, 124.551834106, 124.993011475, 125.434196472, 125.863761902, 126.293327332, 126.734512329, 127.175689697, 127.605255127, 128.034820557, 128.476013184, 128.917190552, 129.346755981, 129.776321411, 130.205886841, 130.635467529, 131.076644897, 131.517822266, 131.958999634, 132.400177002, 132.84135437, 133.282531738, 133.723709106, 134.164901733, 134.61769104, 135.070480347, 135.523269653, 135.97605896, 136.417236328, 136.881637573, 137.34602356, 137.798812866, 138.251602173, 138.704391479, 139.157180786, 139.609970093, 140.062759399, 140.515548706, 140.968338013, 141.432739258, 141.885528564, 142.338317871, 142.802719116, 143.255508423, 143.708297729, 144.161087036, 144.613876343, 145.066665649, 145.519454956, 145.972244263, 146.425033569, 146.889434814, 147.342224121, 147.795013428, 148.247802734, 148.700592041, 149.164993286, 149.617782593, 150.070556641, 150.523345947, 150.976135254, 151.428924561, 151.881713867, 152.346115112, 152.798904419, 153.251693726, 153.704483032, 154.157272339, 154.610061646, 155.062850952, 155.515640259, 155.968429565, 156.432830811, 156.885620117, 157.338409424, 157.802810669, 158.255599976, 158.708389282, 159.161178589, 159.613967896, 160.066757202, 160.519546509, 160.972335815, 161.425125122, 161.889526367, 162.342315674, 162.79510498, 163.247894287, 163.700683594, 164.1534729, 164.606262207, 165.059051514, 165.51184082, 165.976226807, 166.429016113, 166.88180542, 167.346206665, 167.81060791, 168.251785278, 168.692962646, 169.134140015, 169.59854126, 170.051330566, 170.504119873, 170.968521118, 171.432922363, 171.88571167, 172.350112915, 172.802902222, 173.255691528, 173.708480835, 174.161270142, 174.614059448, 175.066848755, 175.519638062, 175.972427368, 176.425216675, 176.878005981, 177.330795288, 177.795196533, 178.25958252, 178.712371826, 179.165161133, 179.617950439, 180.070739746, 180.523529053, 180.976318359, 181.429107666, 181.881896973, 182.334686279, 182.787475586, 183.251876831, 183.704666138, 184.157455444, 184.610244751, 185.063034058, 185.515823364, 185.968612671, 186.433013916, 186.885803223, 187.338592529, 187.791381836, 188.244171143, 188.696960449, 189.149749756, 189.602539063, 190.055328369, 190.508117676, 190.972518921, 191.425308228, 191.889694214, 192.342483521, 192.795272827, 193.248062134, 193.70085144, 194.153640747, 194.606430054, 195.05921936, 195.512008667, 195.976409912, 196.440811157, 196.893600464, 197.346389771, 197.799179077, 198.251968384, 198.70475769, 199.157546997, 199.621948242, 200.086349487, 200.550750732, 201.015136719, 201.479537964, 201.932327271, 202.385116577, 202.837905884, 203.279083252, 203.731872559, 204.184661865, 204.637451172, 205.090240479, 205.543029785, 205.995819092, 206.448608398, 206.889785767, 207.330978394, 207.7837677, 208.236557007, 208.700942993, 209.1537323, 209.606521606, 210.070922852, 210.523712158, 210.976501465, 211.429290771, 211.882080078, 212.346481323, 212.79927063, 213.252059937, 213.704849243, 214.15763855, 214.610427856, 215.063217163, 215.51600647, 215.968795776, 216.421585083, 216.87437439, 217.338775635, 217.791564941, 218.244354248, 218.697143555, 219.149932861, 219.614334106, 220.067123413, 220.51991272, 220.972686768, 221.425476074, 221.878265381, 222.331054688, 222.795455933, 223.248245239, 223.701034546, 224.165435791, 224.606613159, 225.059402466, 225.512191772, 225.964981079, 226.417770386, 226.870559692, 227.323348999, 227.787750244, 228.252151489, 228.716552734, 229.157730103, 229.610519409, 230.063308716, 230.527709961, 230.980499268, 231.433288574, 231.874465942, 232.338867188, 232.803268433, 233.256057739, 233.708831787, 234.150024414, 234.602813721, 234.939498901, 235.287796021, 235.63609314, 235.984390259, 236.344299316, 236.704208374, 237.07572937, 237.424026489, 237.772338867, 238.120635986, 238.468933105, 238.817230225, 239.165527344, 239.525436401, 239.896957397, 240.256866455, 240.616775513, 240.965072632, 241.301757813, 241.65007019, 241.99836731, 242.33505249, 242.671737671, 243.02003479, 243.368347168, 243.705032349, 244.041717529, 244.37840271, 244.715103149, 245.063400269, 245.400085449, 245.73677063, 246.085067749, 246.433380127, 246.770065308, 247.106750488, 247.455047607, 247.814956665, 248.186477661, 248.557998657, 248.929519653, 249.301040649, 249.730606079, 250.160171509, 250.589752197, 251.030929565, 251.541763306, 252.052597046, 252.563446045, 253.074279785, 253.573516846, 254.072738647]
