
metadata:
    version:
        essentia: "2.1-beta2"
    audio_properties:
        analysis_sample_rate: 44100
        bitrate: 320
        channels: 2
        equal_loudness: 1
        length: 234.919189453
        replay_gain: -15.3731765747
        downmix: "mix"
    tags:
        album: "Venom (Deluxe Edition)"
        artist: "Bullet for My Valentine"
        comment: ""
        date: "2015"
        genre: ""
        title: "Venom"
        tracknumber: "7/15"

configuration:
    average_loudness:
        compute: 1
        frameSize: 88200
        hopSize: 44100
        silentFrames: "noise"
        windowType: "hann"
    general:
        analysisSampleRate: 44100
        endTime: 2000
        equalLoudness: 1
        nequalLoudness: 0
        shortSound: 0
        startTime: 0
    lowlevel:
        compute: 1
        frameSize: 2048
        hopSize: 1024
        zeroPadding: 0
        silentFrames: "noise"
        windowType: "blackmanharris62"
        mfccStats: ["mean", "cov", "icov"]
        stats: ["mean", "var", "median", "min", "max", "dmean", "dmean2", "dvar", "dvar2"]
    panning:
        compute: 0
        frameSize: 8192
        hopSize: 2048
        zeroPadding: 8192
        silentFrames: "noise"
        windowType: "hann"
        stats: ["copy"]
    rhythm:
        compute: 1
        maxTempo: 208
        minTempo: 40
        method: "degara"
        stats: ["mean", "var", "median", "min", "max", "dmean", "dmean2", "dvar", "dvar2"]
    segmentation:
        compute: 0
        cpw: 5
        inc1: 300
        inc2: 50
        minimumSegmentsLength: 10
        size1: 1000
        size2: 600
    sfx:
        compute: 1
        stats: ["mean", "var", "median", "min", "max", "dmean", "dmean2", "dvar", "dvar2"]
    svm:
        compute: 0
    tonal:
        compute: 1
        frameSize: 4096
        hopSize: 2048
        zeroPadding: 0
        silentFrames: "noise"
        windowType: "blackmanharris62"
        stats: ["mean", "var", "median", "min", "max", "dmean", "dmean2", "dvar", "dvar2"]

lowlevel:
    average_loudness: 0.886221766472
    barkbands_kurtosis:
        dmean: 0.886294662952
        dmean2: 1.41580486298
        dvar: 1.96604907513
        dvar2: 4.47688770294
        max: 70.6520004272
        mean: 0.182644665241
        median: -0.749274432659
        min: -1.87099230289
        var: 13.2977056503
    barkbands_skewness:
        dmean: 0.393317878246
        dmean2: 0.624243140221
        dvar: 0.149992316961
        dvar2: 0.365090340376
        max: 7.60504674911
        mean: -0.160136863589
        median: -0.371308296919
        min: -2.8577144146
        var: 1.19561469555
    barkbands_spread:
        dmean: 5.5103225708
        dmean2: 8.90787506104
        dvar: 32.3274497986
        dvar2: 80.2662811279
        max: 70.8565826416
        mean: 30.3969421387
        median: 30.2245540619
        min: 2.26096463203
        var: 95.6572341919
    dissonance:
        dmean: 0.0110636074096
        dmean2: 0.0186404269189
        dvar: 0.000130832209834
        dvar2: 0.00031997973565
        max: 0.500000059605
        mean: 0.478585124016
        median: 0.483605831861
        min: 0.034262791276
        var: 0.000350070506101
    hfc:
        dmean: 2.04709506035
        dmean2: 3.28571891785
        dvar: 7.20482540131
        dvar2: 17.7001190186
        max: 38.8320083618
        mean: 9.27467060089
        median: 9.51468849182
        min: 1.11283995939e-016
        var: 50.8290061951
    pitch:
        dmean: 722.303771973
        dmean2: 1366.76025391
        dvar: 1413134.75
        dvar2: 3591527.25
        max: 5529.60205078
        mean: 896.812744141
        median: 264.521911621
        min: 72.8136138916
        var: 1576858.5
    pitch_instantaneous_confidence:
        dmean: 0.0786060839891
        dmean2: 0.128169283271
        dvar: 0.00447235349566
        dvar2: 0.0112969139591
        max: 0.829085350037
        mean: 0.375772088766
        median: 0.349463999271
        min: 0.0925195217133
        var: 0.0168079566211
    pitch_salience:
        dmean: 0.0537034347653
        dmean2: 0.0896007418633
        dvar: 0.00228637945838
        dvar2: 0.00633757049218
        max: 0.972891449928
        mean: 0.652488768101
        median: 0.668239653111
        min: 0.0930005759001
        var: 0.00735123641789
    silence_rate_20dB:
        dmean: 0
        dmean2: 0
        dvar: 0
        dvar2: 0
        max: 1
        mean: 1
        median: 1
        min: 1
        var: 0
    silence_rate_30dB:
        dmean: 0
        dmean2: 0
        dvar: 0
        dvar2: 0
        max: 1
        mean: 1
        median: 1
        min: 1
        var: 0
    silence_rate_60dB:
        dmean: 0.036568492651
        dmean2: 0.0731442123652
        dvar: 0.0352345630527
        dvar2: 0.0792711600661
        max: 1
        mean: 0.379088848829
        median: 0
        min: 0
        var: 0.235378056765
    spectral_centroid:
        dmean: 252.620223999
        dmean2: 401.801300049
        dvar: 72369.0546875
        dvar2: 161388.4375
        max: 11028.5849609
        mean: 1881.97436523
        median: 1988.19506836
        min: 136.345214844
        var: 474881.59375
    spectral_complexity:
        dmean: 2.98893070221
        dmean2: 4.79786491394
        dvar: 9.66923046112
        dvar2: 23.6881866455
        max: 50
        mean: 16.9428806305
        median: 19
        min: 0
        var: 121.178749084
    spectral_crest:
        dmean: 1.92850792408
        dmean2: 3.21629738808
        dvar: 3.74710226059
        dvar2: 10.0299453735
        max: 21.6510887146
        mean: 6.70936107635
        median: 5.9143948555
        min: 2.52096867561
        var: 8.31911468506
    spectral_decrease:
        dmean: 2.67552813238e-010
        dmean2: 4.47935522008e-010
        dvar: 2.3495450084e-019
        dvar2: 6.47646333875e-019
        max: -6.25903037431e-029
        mean: -9.68755520248e-010
        median: -9.59483936747e-010
        min: -6.21842666249e-009
        var: 4.9809911016e-019
    spectral_energy:
        dmean: 0.00116713251919
        dmean2: 0.0019418875454
        dvar: 3.99955979447e-006
        dvar2: 1.09273623821e-005
        max: 0.0254063606262
        mean: 0.00449753878638
        median: 0.00452383980155
        min: 1.03300156665e-020
        var: 1.04566006485e-005
    spectral_energyband_high:
        dmean: 0.000169734223164
        dmean2: 0.000279253552435
        dvar: 6.48972857675e-008
        dvar2: 1.63711334267e-007
        max: 0.00476895319298
        mean: 0.000473398366012
        median: 0.000408678257372
        min: 7.04166657784e-021
        var: 2.02477735911e-007
    spectral_energyband_low:
        dmean: 0.000197973262402
        dmean2: 0.000338710116921
        dvar: 1.58623251423e-007
        dvar2: 4.20347788577e-007
        max: 0.0044746492058
        mean: 0.000284874753561
        median: 0.000195153043023
        min: 1.1406932476e-022
        var: 1.43034199596e-007
    spectral_energyband_middle_high:
        dmean: 0.000572269316763
        dmean2: 0.000921768485568
        dvar: 4.72928377349e-007
        dvar2: 1.16257047011e-006
        max: 0.0124108707532
        mean: 0.00259928917512
        median: 0.0026560658589
        min: 1.65494192771e-021
        var: 4.0564855226e-006
    spectral_energyband_middle_low:
        dmean: 0.000664766819682
        dmean2: 0.00113300350495
        dvar: 2.59452690443e-006
        dvar2: 7.32456646801e-006
        max: 0.0206191800535
        mean: 0.00125174573623
        median: 0.000891353294719
        min: 5.78272353492e-022
        var: 2.3797419999e-006
    spectral_flatness_db:
        dmean: 0.0131240738556
        dmean2: 0.020512258634
        dvar: 0.000159747447469
        dvar2: 0.000367116328562
        max: 0.340268939734
        mean: 0.146389365196
        median: 0.141480907798
        min: 0.0562034472823
        var: 0.00113591155969
    spectral_flux:
        dmean: 0.00722305569798
        dmean2: 0.0111466469243
        dvar: 9.9246200989e-005
        dvar2: 0.000192836567294
        max: 0.128229409456
        mean: 0.0379307307303
        median: 0.0395739339292
        min: 1.01636685179e-010
        var: 0.00040354844532
    spectral_kurtosis:
        dmean: 1.09401106834
        dmean2: 1.90720462799
        dvar: 2.41508150101
        dvar2: 7.75761175156
        max: 42.9573364258
        mean: 3.45077252388
        median: 2.89597463608
        min: -1.18220055103
        var: 8.49098777771
    spectral_rms:
        dmean: 0.000245386880124
        dmean2: 0.0003974455758
        dvar: 1.14372568305e-007
        dvar2: 3.01088107335e-007
        max: 0.00497862370685
        mean: 0.00190769415349
        median: 0.00210083369166
        min: 3.17459665326e-012
        var: 7.48537559048e-007
    spectral_rolloff:
        dmean: 324.353607178
        dmean2: 532.656494141
        dvar: 227618.28125
        dvar2: 502872.78125
        max: 18949.21875
        mean: 3376.54785156
        median: 3725.24414063
        min: 107.666015625
        var: 1033671.1875
    spectral_skewness:
        dmean: 0.154049992561
        dmean2: 0.259541869164
        dvar: 0.0268966630101
        dvar2: 0.076468847692
        max: 5.23381519318
        mean: 1.27052783966
        median: 1.18971550465
        min: -0.0147684551775
        var: 0.164739713073
    spectral_spread:
        dmean: 389861.78125
        dmean2: 573953.4375
        dvar: 303715483648
        dvar2: 444142649344
        max: 40162304
        mean: 4490023
        median: 4141354
        min: 1652561.75
        var: 1.99906492416e+012
    spectral_strongpeak:
        dmean: 0.606423437595
        dmean2: 1.03311812878
        dvar: 0.691371142864
        dvar2: 1.83339166641
        max: 8.96275806427
        mean: 0.917131721973
        median: 0.492922097445
        min: 2.74225642194e-010
        var: 1.23975479603
    zerocrossingrate:
        dmean: 0.0075755501166
        dmean2: 0.00914650131017
        dvar: 6.03812004556e-005
        dvar2: 6.78924916429e-005
        max: 0.49267578125
        mean: 0.104822777212
        median: 0.1103515625
        min: 0.00537109375
        var: 0.00095891073579
    barkbands:
        dmean: [2.514140931e-007, 5.36213592568e-005, 0.000110970322567, 0.000131171458634, 0.000356861302862, 0.000101476762211, 9.4563307357e-005, 0.000137806884595, 8.82218810148e-005, 8.70077928994e-005, 3.94925700675e-005, 4.92435865453e-005, 5.54700272914e-005, 5.59245563636e-005, 8.76064223121e-005, 0.000196318869712, 0.000218274799408, 0.000131110500661, 0.000173205771716, 0.000240574736381, 6.64773833705e-005, 2.53955131484e-005, 5.51648236069e-006, 2.06789445656e-006, 7.4149613738e-007, 1.76400973828e-008, 2.52776993781e-010]
        dmean2: [4.03478765065e-007, 9.07573557924e-005, 0.000195195039851, 0.000225293581025, 0.000644634070341, 0.000172981250216, 0.000151161191752, 0.000217353139305, 0.00013983991812, 0.000134575282573, 6.28626366961e-005, 7.94874722487e-005, 8.93396136235e-005, 9.20840902836e-005, 0.000144628909766, 0.000324713793816, 0.000361314043403, 0.000220963731408, 0.000288153678412, 0.000390648987377, 0.000112580775749, 4.2060688429e-005, 8.90063074621e-006, 3.12813290293e-006, 1.09424956918e-006, 2.73749503066e-008, 4.48858422653e-010]
        dvar: [2.93614525054e-013, 1.09752935629e-008, 5.47041381083e-008, 5.84632040557e-008, 1.4938499362e-006, 6.55353247225e-008, 4.93917262645e-008, 9.18525984162e-008, 4.69037537698e-008, 3.31152882893e-008, 5.6214535249e-009, 8.18259504598e-009, 1.22580381401e-008, 9.44511491241e-009, 1.99937009171e-008, 9.74768710194e-008, 1.10572543122e-007, 2.97322149123e-008, 5.31118686808e-008, 1.29947437699e-007, 1.00740447095e-008, 1.60103297286e-009, 1.27307914211e-010, 3.26319214705e-011, 5.80458511118e-012, 9.34365432248e-016, 1.50991920504e-019]
        dvar2: [6.78333908141e-013, 2.84890511182e-008, 1.49155425788e-007, 1.54119959461e-007, 4.3369782361e-006, 1.77969269544e-007, 1.16050784982e-007, 2.23632028451e-007, 1.09623961464e-007, 7.41993702036e-008, 1.30227144624e-008, 2.01429504187e-008, 2.99285325411e-008, 2.38313280221e-008, 5.28897281526e-008, 2.59382858303e-007, 2.8719514944e-007, 7.8637533818e-008, 1.41271385701e-007, 3.20960936051e-007, 2.6979293466e-008, 3.9698142551e-009, 2.82311313216e-010, 5.52129904297e-011, 9.54922512592e-012, 2.05446231994e-015, 4.29433348248e-019]
        max: [4.15281101596e-006, 0.00146369158756, 0.00233328901231, 0.00488152960315, 0.0171108953655, 0.00454607093707, 0.00470615224913, 0.00719351647422, 0.00486690644175, 0.00470367632806, 0.00163746648468, 0.00219404185191, 0.00240600667894, 0.00177597382572, 0.00248173298314, 0.00672909198329, 0.0071157948114, 0.00333386287093, 0.00379826314747, 0.00612505339086, 0.00168203562498, 0.000803737028036, 0.00029996491503, 0.000155254194397, 7.97691827756e-005, 6.28764439625e-007, 6.32618846197e-009]
        mean: [2.04842478979e-007, 0.000102354220871, 0.000114737566037, 0.000149265149958, 0.000366443535313, 0.000141231299494, 0.000157041227794, 0.000229344092077, 0.000156836424139, 0.000163456468727, 6.74756302033e-005, 8.45663525979e-005, 9.5124632935e-005, 9.98269097181e-005, 0.000163175616763, 0.000398070202209, 0.000449520448456, 0.000297657796182, 0.000404351303587, 0.000623822212219, 0.000157629183377, 5.8545396314e-005, 1.09108450488e-005, 4.41956217401e-006, 1.50246671637e-006, 3.60697640645e-008, 2.8859539758e-010]
        median: [7.28702165276e-009, 7.78114772402e-005, 5.34560240339e-005, 7.57312809583e-005, 0.000162673430168, 6.59454235574e-005, 5.49632895854e-005, 7.67636374803e-005, 7.28099548724e-005, 6.8252775236e-005, 3.04282057186e-005, 4.23445308115e-005, 4.94719206472e-005, 5.94726589043e-005, 0.000106031962787, 0.000274629972409, 0.000320660765283, 0.000258856540313, 0.000348611065419, 0.000454854627606, 0.000134959627758, 4.74381522508e-005, 6.45401632937e-006, 2.40871281676e-006, 7.59939780437e-007, 2.37277166804e-008, 1.51359494382e-010]
        min: [8.44799978643e-023, 5.9151838832e-023, 2.08489184601e-023, 1.2388904322e-023, 4.33361874243e-023, 1.40609584351e-022, 4.53973926172e-023, 1.533760801e-022, 1.24542191651e-022, 1.06341958877e-022, 8.13551494248e-023, 5.17842187652e-023, 8.45910884124e-023, 1.24199775531e-022, 8.69484509219e-023, 2.57207605898e-022, 1.85912402012e-022, 1.56825320766e-022, 3.96779112406e-022, 2.47311225935e-022, 4.1726152609e-022, 3.90594998268e-022, 7.33028081896e-022, 5.7576097378e-022, 9.82465193308e-022, 1.57386813026e-021, 2.42681988195e-021]
        var: [2.71725296343e-013, 1.37379387866e-008, 4.19926884376e-008, 6.0834693727e-008, 9.50450896653e-007, 6.75710154496e-008, 1.06194704586e-007, 1.97885526632e-007, 8.52193764445e-008, 7.96994754637e-008, 1.32128299413e-008, 1.73666094838e-008, 2.44921896098e-008, 1.82667996285e-008, 3.86858083345e-008, 2.26684505833e-007, 2.63194664285e-007, 7.62506928709e-008, 1.4170034035e-007, 4.72472351021e-007, 2.18732427726e-008, 3.84911702511e-009, 2.85512585796e-010, 9.6845545472e-011, 1.59753633933e-011, 2.14482781816e-015, 1.69911066227e-019]
    frequency_bands:
        dmean: [2.514140931e-007, 5.36213592568e-005, 0.000110970322567, 0.000131171458634, 0.000356861302862, 0.000101476762211, 9.4563307357e-005, 0.000137806884595, 8.82218810148e-005, 8.70077928994e-005, 3.94925700675e-005, 4.92435865453e-005, 5.54700272914e-005, 5.59245563636e-005, 8.76064223121e-005, 0.000196318869712, 0.000218274799408, 0.000131110500661, 0.000173205771716, 0.000240574736381, 6.64773833705e-005, 2.53955131484e-005, 5.51648236069e-006, 2.06789445656e-006, 7.4149613738e-007, 1.76400973828e-008, 2.52776993781e-010, 5.32472954617e-011]
        dmean2: [4.03478765065e-007, 9.07573557924e-005, 0.000195195039851, 0.000225293581025, 0.000644634070341, 0.000172981250216, 0.000151161191752, 0.000217353139305, 0.00013983991812, 0.000134575282573, 6.28626366961e-005, 7.94874722487e-005, 8.93396136235e-005, 9.20840902836e-005, 0.000144628909766, 0.000324713793816, 0.000361314043403, 0.000220963731408, 0.000288153678412, 0.000390648987377, 0.000112580775749, 4.2060688429e-005, 8.90063074621e-006, 3.12813290293e-006, 1.09424956918e-006, 2.73749503066e-008, 4.48858422653e-010, 9.90783427524e-011]
        dvar: [2.93614525054e-013, 1.09752935629e-008, 5.47041381083e-008, 5.84632040557e-008, 1.4938499362e-006, 6.55353247225e-008, 4.93917262645e-008, 9.18525984162e-008, 4.69037537698e-008, 3.31152882893e-008, 5.6214535249e-009, 8.18259504598e-009, 1.22580381401e-008, 9.44511491241e-009, 1.99937009171e-008, 9.74768710194e-008, 1.10572543122e-007, 2.97322149123e-008, 5.31118686808e-008, 1.29947437699e-007, 1.00740447095e-008, 1.60103297286e-009, 1.27307914211e-010, 3.26319214705e-011, 5.80458511118e-012, 9.34365432248e-016, 1.50991920504e-019, 6.80027524181e-021]
        dvar2: [6.78333908141e-013, 2.84890511182e-008, 1.49155425788e-007, 1.54119959461e-007, 4.3369782361e-006, 1.77969269544e-007, 1.16050784982e-007, 2.23632028451e-007, 1.09623961464e-007, 7.41993702036e-008, 1.30227144624e-008, 2.01429504187e-008, 2.99285325411e-008, 2.38313280221e-008, 5.28897281526e-008, 2.59382858303e-007, 2.8719514944e-007, 7.8637533818e-008, 1.41271385701e-007, 3.20960936051e-007, 2.6979293466e-008, 3.9698142551e-009, 2.82311313216e-010, 5.52129904297e-011, 9.54922512592e-012, 2.05446231994e-015, 4.29433348248e-019, 2.18257986191e-020]
        max: [4.15281101596e-006, 0.00146369158756, 0.00233328901231, 0.00488152960315, 0.0171108953655, 0.00454607093707, 0.00470615224913, 0.00719351647422, 0.00486690644175, 0.00470367632806, 0.00163746648468, 0.00219404185191, 0.00240600667894, 0.00177597382572, 0.00248173298314, 0.00672909198329, 0.0071157948114, 0.00333386287093, 0.00379826314747, 0.00612505339086, 0.00168203562498, 0.000803737028036, 0.00029996491503, 0.000155254194397, 7.97691827756e-005, 6.28764439625e-007, 6.32618846197e-009, 1.07707032182e-009]
        mean: [2.04842478979e-007, 0.000102354220871, 0.000114737566037, 0.000149265149958, 0.000366443535313, 0.000141231299494, 0.000157041227794, 0.000229344092077, 0.000156836424139, 0.000163456468727, 6.74756302033e-005, 8.45663525979e-005, 9.5124632935e-005, 9.98269097181e-005, 0.000163175616763, 0.000398070202209, 0.000449520448456, 0.000297657796182, 0.000404351303587, 0.000623822212219, 0.000157629183377, 5.8545396314e-005, 1.09108450488e-005, 4.41956217401e-006, 1.50246671637e-006, 3.60697640645e-008, 2.8859539758e-010, 4.05987500562e-011]
        median: [7.28702165276e-009, 7.78114772402e-005, 5.34560240339e-005, 7.57312809583e-005, 0.000162673430168, 6.59454235574e-005, 5.49632895854e-005, 7.67636374803e-005, 7.28099548724e-005, 6.8252775236e-005, 3.04282057186e-005, 4.23445308115e-005, 4.94719206472e-005, 5.94726589043e-005, 0.000106031962787, 0.000274629972409, 0.000320660765283, 0.000258856540313, 0.000348611065419, 0.000454854627606, 0.000134959627758, 4.74381522508e-005, 6.45401632937e-006, 2.40871281676e-006, 7.59939780437e-007, 2.37277166804e-008, 1.51359494382e-010, 1.13730882351e-011]
        min: [8.44799978643e-023, 5.9151838832e-023, 2.08489184601e-023, 1.2388904322e-023, 4.33361874243e-023, 1.40609584351e-022, 4.53973926172e-023, 1.533760801e-022, 1.24542191651e-022, 1.06341958877e-022, 8.13551494248e-023, 5.17842187652e-023, 8.45910884124e-023, 1.24199775531e-022, 8.69484509219e-023, 2.57207605898e-022, 1.85912402012e-022, 1.56825320766e-022, 3.96779112406e-022, 2.47311225935e-022, 4.1726152609e-022, 3.90594998268e-022, 7.33028081896e-022, 5.7576097378e-022, 9.82465193308e-022, 1.57386813026e-021, 2.42681988195e-021, 7.6683429316e-022]
        var: [2.71725296343e-013, 1.37379387866e-008, 4.19926884376e-008, 6.0834693727e-008, 9.50450896653e-007, 6.75710154496e-008, 1.06194704586e-007, 1.97885526632e-007, 8.52193764445e-008, 7.96994754637e-008, 1.32128299413e-008, 1.73666094838e-008, 2.44921896098e-008, 1.82667996285e-008, 3.86858083345e-008, 2.26684505833e-007, 2.63194664285e-007, 7.62506928709e-008, 1.4170034035e-007, 4.72472351021e-007, 2.18732427726e-008, 3.84911702511e-009, 2.85512585796e-010, 9.6845545472e-011, 1.59753633933e-011, 2.14482781816e-015, 1.69911066227e-019, 5.31210663789e-021]
    mfcc:
        mean: [-722.279296875, 93.6447067261, -48.2071914673, 53.1221656799, -11.1321382523, -1.56931817532, -3.02197432518, -2.19708323479, 2.03148007393, -0.296653538942, -4.66079521179, -2.78143072128, -2.05885672569]
        cov: [[11421.8574219, 802.852111816, -1984.92175293, 972.540039063, -573.808349609, -60.4815864563, -61.2828788757, 167.330596924, 350.080291748, 370.487182617, -104.18032074, -55.7238464355, 15.4060134888], [802.852111816, 783.346862793, -215.562957764, 143.518493652, -56.9680290222, -41.2508850098, 10.7656984329, -30.1843528748, -33.159576416, -20.3773956299, 7.14524412155, 2.43790507317, 8.70114707947], [-1984.92175293, -215.562957764, 682.743408203, -149.492965698, 125.871185303, 14.1439008713, -16.2290458679, -49.7473144531, -114.16759491, -99.8324356079, 23.8134899139, 12.8413314819, -10.8259725571], [972.540039063, 143.518493652, -149.492965698, 258.091461182, 12.4244327545, -13.6521110535, -10.9493341446, 14.8278388977, 41.5998039246, 24.9245300293, -12.9447250366, -6.40085554123, 18.1258392334], [-573.808349609, -56.9680290222, 125.871185303, 12.4244327545, 157.326385498, 23.0782680511, 5.13592100143, 3.62021279335, -0.966029822826, -9.94805812836, -3.99998307228, -1.8534591198, 13.2611064911], [-60.4815864563, -41.2508850098, 14.1439008713, -13.6521110535, 23.0782680511, 105.042724609, 50.7029457092, 17.4094982147, -0.822330474854, -7.46333789825, 8.81753921509, -2.33432340622, -17.2649898529], [-61.2828788757, 10.7656984329, -16.2290458679, -10.9493341446, 5.13592100143, 50.7029457092, 93.3249206543, 35.6486320496, 3.44805622101, 0.644383907318, 3.94115185738, -1.27493739128, -8.33658981323], [167.330596924, -30.1843528748, -49.7473144531, 14.8278388977, 3.62021279335, 17.4094982147, 35.6486320496, 82.5447616577, 52.3020973206, 27.4107627869, -4.07021617889, -3.04826116562, 5.21300649643], [350.080291748, -33.159576416, -114.16759491, 41.5998039246, -0.966029822826, -0.822330474854, 3.44805622101, 52.3020973206, 117.690216064, 67.5530929565, -1.35842204094, -4.41977071762, 4.60396432877], [370.487182617, -20.3773956299, -99.8324356079, 24.9245300293, -9.94805812836, -7.46333789825, 0.644383907318, 27.4107627869, 67.5530929565, 114.328598022, 23.7088794708, 11.0637750626, 16.0419864655], [-104.18032074, 7.14524412155, 23.8134899139, -12.9447250366, -3.99998307228, 8.81753921509, 3.94115185738, -4.07021617889, -1.35842204094, 23.7088794708, 69.5775985718, 31.1835289001, 3.30620741844], [-55.7238464355, 2.43790507317, 12.8413314819, -6.40085554123, -1.8534591198, -2.33432340622, -1.27493739128, -3.04826116562, -4.41977071762, 11.0637750626, 31.1835289001, 66.3327331543, 32.7097434998], [15.4060134888, 8.70114707947, -10.8259725571, 18.1258392334, 13.2611064911, -17.2649898529, -8.33658981323, 5.21300649643, 4.60396432877, 16.0419864655, 3.30620741844, 32.7097434998, 71.3546676636]]
        icov: [[0.000307054375298, 1.17455556392e-006, 0.000524630362634, -0.000873246870469, 0.000779841793701, -0.00038984141429, 0.000484717718791, -0.000351527211023, 0.000343826133758, -0.000523480703123, 0.000381576974178, -9.39484962146e-005, 0.000198931084014], [1.17455556392e-006, 0.001756284968, 0.000584245484788, -0.0008943832363, 0.000159723756951, 0.000934589421377, -0.000972489593551, 0.000649631023407, 0.00073162955232, 0.000680967816152, -0.000850771495607, 0.000171261257492, -0.000102601392427], [0.000524630362634, 0.000584245484788, 0.00370237580501, -0.000554981699679, -0.000841170258354, -8.03682050901e-005, 0.00124314241111, -0.000750622770283, 0.00228322995827, 0.000605566659942, -0.000858969637193, -0.000303088396322, 0.00075042876415], [-0.000873246870469, -0.0008943832363, -0.000554981699679, 0.00778855429962, -0.00362603436224, 0.000978033174761, -0.000260295491898, 0.000655719893984, -0.00209045410156, 0.00159730215091, -0.000720206531696, 0.000779784226324, -0.00148117973004], [0.000779841793701, 0.000159723756951, -0.000841170258354, -0.00362603436224, 0.0108305504546, -0.00325538450852, 0.00105746847112, -0.000510344805662, -0.000586348294746, -0.00140852818731, 0.00178016605787, 0.00113057449926, -0.00228029978462], [-0.00038984141429, 0.000934589421377, -8.03682050901e-005, 0.000978033174761, -0.00325538450852, 0.0152323115617, -0.00819656159729, 0.000527583120856, -0.000334879383445, 0.00219457829371, -0.00279267411679, -0.000423939549364, 0.00285596866161], [0.000484717718791, -0.000972489593551, 0.00124314241111, -0.000260295491898, 0.00105746847112, -0.00819656159729, 0.0191717129201, -0.00914109218866, 0.00380948232487, -0.00146463187411, 0.000592467316892, -0.000559217762202, 0.00130899588112], [-0.000351527211023, 0.000649631023407, -0.000750622770283, 0.000655719893984, -0.000510344805662, 0.000527583120856, -0.00914109218866, 0.0225517228246, -0.0100078806281, 0.00118696095888, 0.000599088263698, 0.00103892944753, -0.00290196947753], [0.000343826133758, 0.00073162955232, 0.00228322995827, -0.00209045410156, -0.000586348294746, -0.000334879383445, 0.00380948232487, -0.0100078806281, 0.0198568087071, -0.00867229327559, 0.00174674997106, -0.000108372281829, 0.00255540478975], [-0.000523480703123, 0.000680967816152, 0.000605566659942, 0.00159730215091, -0.00140852818731, 0.00219457829371, -0.00146463187411, 0.00118696095888, -0.00867229327559, 0.0175279937685, -0.00756582384929, 0.00137267052196, -0.00340873445384], [0.000381576974178, -0.000850771495607, -0.000858969637193, -0.000720206531696, 0.00178016605787, -0.00279267411679, 0.000592467316892, 0.000599088263698, 0.00174674997106, -0.00756582384929, 0.0231739338487, -0.0114779155701, 0.00486896885559], [-9.39484962146e-005, 0.000171261257492, -0.000303088396322, 0.000779784226324, 0.00113057449926, -0.000423939549364, -0.000559217762202, 0.00103892944753, -0.000108372281829, 0.00137267052196, -0.0114779155701, 0.0265760421753, -0.0126511240378], [0.000198931084014, -0.000102601392427, 0.00075042876415, -0.00148117973004, -0.00228029978462, 0.00285596866161, 0.00130899588112, -0.00290196947753, 0.00255540478975, -0.00340873445384, 0.00486896885559, -0.0126511240378, 0.0221292171627]]
    sccoeffs:
        dmean: [0.0548405461013, 0.0447822026908, 0.0356410518289, 0.0295960661024, 0.0196960046887, 0.0151796173304]
        dmean2: [0.0913984179497, 0.073882356286, 0.0586671046913, 0.0494438000023, 0.0327568426728, 0.024464821443]
        dvar: [0.0023403048981, 0.00137003546115, 0.000795590283815, 0.000552481273189, 0.000249503005762, 0.000177822410478]
        dvar2: [0.00637090392411, 0.00358876259997, 0.0021117660217, 0.00152790476568, 0.000672585272696, 0.000427594874054]
        max: [-0.333995699883, -0.48629412055, -0.518751204014, -0.61610776186, -0.638781368732, -0.598098635674]
        mean: [-0.671168148518, -0.751368165016, -0.783358693123, -0.785008728504, -0.795016109943, -0.747971117496]
        median: [-0.676528990269, -0.756593704224, -0.783309161663, -0.781817317009, -0.793224573135, -0.738263547421]
        min: [-0.965037643909, -0.988321125507, -0.986342132092, -0.973933041096, -0.963566362858, -0.961905896664]
        var: [0.00505299028009, 0.00474170548841, 0.0033338626381, 0.00267489021644, 0.00152204604819, 0.00192018412054]
    scvalleys:
        dmean: [0.408856779337, 0.339407503605, 0.286535322666, 0.24167342484, 0.208615213633, 0.245045602322]
        dmean2: [0.656636536121, 0.56729978323, 0.472636133432, 0.394086480141, 0.33014139533, 0.361146390438]
        dvar: [0.120570905507, 0.10920599848, 0.0629639849067, 0.050794582814, 0.0654599517584, 0.113766163588]
        dvar2: [0.27274286747, 0.28148239851, 0.152200400829, 0.112689085305, 0.13952074945, 0.221586823463]
        max: [-5.3357796669, -4.52585792542, -5.39174222946, -5.74547147751, -5.56263065338, -7.430560112]
        mean: [-7.2355670929, -6.97298765182, -7.31599283218, -7.35713672638, -7.17053699493, -9.90146827698]
        median: [-6.90859937668, -6.66731071472, -6.9634885788, -6.9138302803, -6.56480741501, -9.48202800751]
        min: [-27.4420795441, -27.0664577484, -27.5498085022, -27.3221282959, -27.3595314026, -27.1984767914]
        var: [2.03569364548, 2.08276557922, 2.15952992439, 2.19683647156, 2.56482076645, 2.48100447655]

rhythm:
    beats_loudness:
        dmean: 0.00140568381175
        dmean2: 0.00239332462661
        dvar: 1.36832204589e-006
        dvar2: 4.03078183808e-006
        max: 0.0122579438612
        mean: 0.00488469470292
        median: 0.00546968495473
        min: 1.15638179587e-010
        var: 8.86131510924e-006
    bpm: 146.262145996
    bpm_confidence: 0
    first_peak_bpm: 148
    first_peak_spread: 0.425225228071
    first_peak_weight: 0.558669030666
    onset_rate: 2.71582770348
    second_peak_bpm: 172
    second_peak_spread: 0
    second_peak_weight: 0.0122591946274
    beats_loudness_band_ratio:
        dmean: [0.102031968534, 0.104141622782, 0.100006565452, 0.0593995712698, 0.103087380528, 0.104079000652]
        dmean2: [0.177625909448, 0.182255208492, 0.171292737126, 0.103290244937, 0.174272298813, 0.181534767151]
        dvar: [0.0164805110544, 0.0127629367635, 0.009661112912, 0.00410253601149, 0.00755284167826, 0.010848807171]
        dvar2: [0.0437875762582, 0.0340915583074, 0.0280245672911, 0.0118289561942, 0.0219742972404, 0.0328103937209]
        max: [0.94316726923, 0.878011226654, 0.741534233093, 0.535453736782, 0.693465709686, 0.753817439079]
        mean: [0.141533493996, 0.140330091119, 0.147607818246, 0.0911996588111, 0.269689589739, 0.250602543354]
        median: [0.0945686846972, 0.0825683623552, 0.1100256145, 0.0728903859854, 0.269084870815, 0.243650630116]
        min: [0.00862800050527, 0.0045636408031, 0.00219243741594, 0.00154061394278, 0.00341319711879, 0.00051462004194]
        var: [0.0223455876112, 0.0207957196981, 0.0132041685283, 0.00452898489311, 0.0176181271672, 0.0153475245461]
    beats_position: [0.417959183455, 0.847528338432, 1.27709746361, 1.70666658878, 2.12462592125, 2.54258489609, 2.96054410934, 3.35528349876, 3.75002264977, 4.14476203918, 4.5627207756, 4.98067998886, 5.39863920212, 5.81659841537, 6.23455762863, 6.65251684189, 7.05886602402, 7.46521520615, 7.87156438828, 8.28952407837, 8.6958732605, 9.11383247375, 9.52018165588, 9.92653083801, 10.3328800201, 10.7508392334, 11.1571884155, 11.5751476288, 11.9814968109, 12.3994560242, 12.8058052063, 13.2121543884, 13.6185035706, 14.0248527527, 14.4428119659, 14.8607711792, 15.2671203613, 15.6734695435, 16.0914287567, 16.4977779388, 16.904127121, 17.3220863342, 17.7400455475, 18.1463947296, 18.5527439117, 18.970703125, 19.3770523071, 19.7834014893, 20.2013607025, 20.6077098846, 21.0140590668, 21.43201828, 21.8499774933, 22.2563266754, 22.6626758575, 23.0806350708, 23.4869842529, 23.8933334351, 24.3112926483, 24.7176418304, 25.1239910126, 25.5419502258, 25.9599094391, 26.3778686523, 26.7842178345, 27.1905670166, 27.5969161987, 28.0032653809, 28.4212245941, 28.8275737762, 29.2339229584, 29.6518821716, 30.0698413849, 30.476190567, 30.8825397491, 31.3004989624, 31.7184581757, 32.1248054504, 32.5311546326, 32.9375038147, 33.3438529968, 33.7618141174, 34.1797714233, 34.5861206055, 34.9924697876, 35.4104309082, 35.8167800903, 36.2347373962, 36.6410865784, 37.0474357605, 37.4537849426, 37.8717460632, 38.2897033691, 38.6960525513, 39.1024017334, 39.5087509155, 39.9151000977, 40.3214492798, 40.7277984619, 41.134147644, 41.5404968262, 41.9584579468, 42.3764152527, 42.7943763733, 43.2123336792, 43.6302947998, 44.0366439819, 44.4546012878, 44.86095047, 45.2672996521, 45.6736488342, 46.0916099548, 46.5095672607, 46.9159164429, 47.322265625, 47.7402267456, 48.1465759277, 48.5529251099, 48.9708824158, 49.3888435364, 49.7951927185, 50.2131500244, 50.6194992065, 51.0258483887, 51.4321975708, 51.8385467529, 52.2565078735, 52.6628570557, 53.0575942993, 53.4755554199, 53.8935127258, 54.3114738464, 54.7294311523, 55.1357803345, 55.5421295166, 55.9484786987, 56.3548278809, 56.761177063, 57.1791381836, 57.5970954895, 58.0034446716, 58.4214057922, 58.8277549744, 59.2341041565, 59.6520614624, 60.0584106445, 60.4647598267, 60.859500885, 61.2774581909, 61.6954193115, 62.1133766174, 62.5197257996, 62.9376869202, 63.3440361023, 63.7619934082, 64.1683425903, 64.5746917725, 64.9810409546, 65.3873901367, 65.8053512573, 66.2233123779, 66.6412658691, 67.0592269897, 67.4655761719, 67.871925354, 68.2782745361, 68.6846237183, 69.1025848389, 69.508934021, 69.9152832031, 70.3332443237, 70.7511978149, 71.1691589355, 71.5755081177, 71.9818572998, 72.3882064819, 72.7945556641, 73.2125167847, 73.6188659668, 74.0252151489, 74.4431762695, 74.8495254517, 75.2558746338, 75.673828125, 76.0917892456, 76.5097503662, 76.9277114868, 77.3340606689, 77.7404098511, 78.1467590332, 78.5531082153, 78.9710617065, 79.3774108887, 79.7837600708, 80.1901092529, 80.6080703735, 81.0144195557, 81.4323806763, 81.8503417969, 82.256690979, 82.6630401611, 83.0809936523, 83.4873428345, 83.8936920166, 84.3116531372, 84.7180023193, 85.1243515015, 85.5423126221, 85.9486618042, 86.3550109863, 86.7729721069, 87.1909255981, 87.6088867188, 88.0152359009, 88.421585083, 88.8279342651, 89.2342834473, 89.6522445679, 90.0702056885, 90.4765548706, 90.8829040527, 91.3008575439, 91.7072067261, 92.1251678467, 92.5315170288, 92.9378662109, 93.3442153931, 93.7621765137, 94.1685256958, 94.5748748779, 94.9812240601, 95.3991851807, 95.8055343628, 96.2118835449, 96.6182327271, 97.0361862183, 97.4541473389, 97.8721084595, 98.2784576416, 98.6848068237, 99.1027679443, 99.5091171265, 99.9154663086, 100.3334198, 100.75138092, 101.157730103, 101.564079285, 101.982040405, 102.388389587, 102.79473877, 103.201087952, 103.619049072, 104.025398254, 104.443351746, 104.861312866, 105.267662048, 105.67401123, 106.080360413, 106.486709595, 106.904670715, 107.322631836, 107.728981018, 108.1353302, 108.553283691, 108.959632874, 109.365982056, 109.783943176, 110.201904297, 110.608253479, 111.014602661, 111.409339905, 111.827301025, 112.245262146, 112.663215637, 113.081176758, 113.475914001, 113.882263184, 114.300224304, 114.706573486, 115.124534607, 115.542495728, 115.94884491, 116.355194092, 116.773147583, 117.179496765, 117.585845947, 118.003807068, 118.421768188, 118.828117371, 119.234466553, 119.652427673, 120.058776855, 120.465126038, 120.883079529, 121.301040649, 121.707389832, 122.113739014, 122.520088196, 122.926437378, 123.344398499, 123.762359619, 124.18031311, 124.575057983, 124.981407166, 125.387756348, 125.805709839, 126.212059021, 126.630020142, 127.036369324, 127.454330444, 127.872291565, 128.290252686, 128.708206177, 129.114562988, 129.520904541, 129.927261353, 130.333602905, 130.751556396, 131.157913208, 131.564254761, 131.982223511, 132.388565063, 132.794921875, 133.189651489, 133.596008301, 134.002349854, 134.408706665, 134.815048218, 135.221405029, 135.627746582, 136.034103394, 136.440444946, 136.846801758, 137.253143311, 137.647888184, 138.065841675, 138.472198486, 138.878540039, 139.273284912, 139.679641724, 140.085983276, 140.492340088, 140.887069702, 141.293426514, 141.711380005, 142.117736816, 142.524078369, 142.918823242, 143.325164795, 143.731521606, 144.137863159, 144.544219971, 144.950561523, 145.356918335, 145.751647949, 146.158004761, 146.564346313, 146.970703125, 147.377044678, 147.795013428, 148.20135498, 148.607711792, 149.002441406, 149.408798218, 149.815139771, 150.221496582, 150.627838135, 151.034194946, 151.440536499, 151.846893311, 152.253234863, 152.659591675, 153.065933228, 153.472290039, 153.878631592, 154.273376465, 154.679718018, 155.086074829, 155.492416382, 155.898773193, 156.293518066, 156.699859619, 157.106216431, 157.500946045, 157.918914795, 158.336868286, 158.754821777, 159.161178589, 159.567520142, 159.985488892, 160.391830444, 160.798187256, 161.216140747, 161.622497559, 162.028839111, 162.446792603, 162.864761353, 163.271102905, 163.677459717, 164.095413208, 164.513381958, 164.919723511, 165.326080322, 165.732421875, 166.138778687, 166.556732178, 166.974685669, 167.38104248, 167.787384033, 168.182128906, 168.600082397, 169.018051147, 169.4243927, 169.830749512, 170.248703003, 170.655059814, 171.061401367, 171.479354858, 171.897323608, 172.3152771, 172.721633911, 173.127975464, 173.545944214, 173.952285767, 174.358642578, 174.764984131, 175.182937622, 175.600906372, 176.007247925, 176.413604736, 176.819946289, 177.226303101, 177.632644653, 178.050613403, 178.468566895, 178.863311768, 179.281265259, 179.69921875, 180.1171875, 180.523529053, 180.929885864, 181.336227417, 181.754196167, 182.172149658, 182.57850647, 182.984848022, 183.391204834, 183.809158325, 184.227111816, 184.633468628, 185.039810181, 185.457778931, 185.875732422, 186.282089233, 186.688430786, 187.106384277, 187.512741089, 187.919082642, 188.337051392, 188.743392944, 189.149749756, 189.567703247, 189.974060059, 190.380401611, 190.786758423, 191.204711914, 191.611068726, 192.029022217, 192.446975708, 192.85333252, 193.259674072, 193.677642822, 194.095596313, 194.501953125, 194.908294678, 195.314651489, 195.73260498, 196.138946533, 196.556915283, 196.974868774, 197.381225586, 197.787567139, 198.205535889, 198.611877441, 199.018234253, 199.424575806, 199.830932617, 200.23727417, 200.643630981, 201.061584473, 201.479537964, 201.897506714, 202.303848267, 202.710205078, 203.104934692, 203.522903442, 203.940856934, 204.358810425, 204.776779175, 205.171508789, 205.589477539, 205.995819092, 206.402175903, 206.820129395, 207.226486206, 207.632827759, 208.050796509, 208.46875, 208.875091553, 209.281448364, 209.699401855, 210.117370605, 210.535324097, 210.941680908, 211.348022461, 211.754379272, 212.160720825, 212.578674316, 212.996643066, 213.402984619, 213.809341431, 214.227294922, 214.645263672, 215.051605225, 215.457962036, 215.875915527, 216.2706604, 216.688613892, 217.094955444, 217.501312256, 217.919265747, 218.337234497, 218.755187988, 219.1615448, 219.567886353, 219.974243164, 220.380584717, 220.786941528, 221.193283081, 221.599639893, 222.005981445, 222.412338257, 222.830291748, 223.248245239, 223.666213989, 224.072555542, 224.490524292, 224.908477783, 225.326431274, 225.732788086, 226.139129639, 226.557098389, 226.97505188, 227.381408691, 227.787750244, 228.205703735, 228.612060547, 229.0184021, 229.43637085, 229.877548218, 230.318725586, 230.759902954, 231.201080322, 231.64225769, 231.990570068, 232.338867188, 232.687164307, 233.035461426, 233.372146606, 233.720443726, 234.068756104, 234.417053223]
