
metadata:
    version:
        essentia: "2.1-beta2"
    audio_properties:
        analysis_sample_rate: 44100
        bitrate: 320
        channels: 2
        equal_loudness: 1
        length: 272.744476318
        replay_gain: -14.8603744507
        downmix: "mix"
    tags:
        album: "Greatest Hits - Hymns To The Rising Sun"
        artist: "Amon Amarth"
        comment: ""
        date: "2010"
        genre: "Melodic Death Metal"
        title: "Runes To My Memory"
        tracknumber: "05"

configuration:
    average_loudness:
        compute: 1
        frameSize: 88200
        hopSize: 44100
        silentFrames: "noise"
        windowType: "hann"
    general:
        analysisSampleRate: 44100
        endTime: 2000
        equalLoudness: 1
        nequalLoudness: 0
        shortSound: 0
        startTime: 0
    lowlevel:
        compute: 1
        frameSize: 2048
        hopSize: 1024
        zeroPadding: 0
        silentFrames: "noise"
        windowType: "blackmanharris62"
        mfccStats: ["mean", "cov", "icov"]
        stats: ["mean", "var", "median", "min", "max", "dmean", "dmean2", "dvar", "dvar2"]
    panning:
        compute: 0
        frameSize: 8192
        hopSize: 2048
        zeroPadding: 8192
        silentFrames: "noise"
        windowType: "hann"
        stats: ["copy"]
    rhythm:
        compute: 1
        maxTempo: 208
        minTempo: 40
        method: "degara"
        stats: ["mean", "var", "median", "min", "max", "dmean", "dmean2", "dvar", "dvar2"]
    segmentation:
        compute: 0
        cpw: 5
        inc1: 300
        inc2: 50
        minimumSegmentsLength: 10
        size1: 1000
        size2: 600
    sfx:
        compute: 1
        stats: ["mean", "var", "median", "min", "max", "dmean", "dmean2", "dvar", "dvar2"]
    svm:
        compute: 0
    tonal:
        compute: 1
        frameSize: 4096
        hopSize: 2048
        zeroPadding: 0
        silentFrames: "noise"
        windowType: "blackmanharris62"
        stats: ["mean", "var", "median", "min", "max", "dmean", "dmean2", "dvar", "dvar2"]

lowlevel:
    average_loudness: 0.958239078522
    barkbands_kurtosis:
        dmean: 0.552527308464
        dmean2: 0.902478098869
        dvar: 1.4032740593
        dvar2: 3.67700695992
        max: 159.750015259
        mean: -0.345742017031
        median: -1.14467179775
        min: -1.85225379467
        var: 38.0523948669
    barkbands_skewness:
        dmean: 0.308890402317
        dmean2: 0.496724814177
        dvar: 0.0755616128445
        dvar2: 0.186280459166
        max: 9.99514770508
        mean: -0.28208988905
        median: -0.413200557232
        min: -2.00860214233
        var: 0.63542163372
    barkbands_spread:
        dmean: 5.52083444595
        dmean2: 8.97227191925
        dvar: 23.2083759308
        dvar2: 60.4164009094
        max: 66.653717041
        mean: 35.1066741943
        median: 35.6973571777
        min: 0.63889080286
        var: 85.8150787354
    dissonance:
        dmean: 0.00802467390895
        dmean2: 0.013902627863
        dvar: 7.68275931478e-005
        dvar2: 0.00022707376047
        max: 0.500000119209
        mean: 0.485123515129
        median: 0.489502489567
        min: 0.203954264522
        var: 0.000510655052494
    hfc:
        dmean: 2.56269192696
        dmean2: 4.28992319107
        dvar: 8.51013660431
        dvar2: 22.9935379028
        max: 38.3560791016
        mean: 11.8943567276
        median: 11.8130645752
        min: 1.1455236521e-016
        var: 27.3575210571
    pitch:
        dmean: 880.203552246
        dmean2: 1674.83789063
        dvar: 1535527
        dvar2: 3759121
        max: 4714.80615234
        mean: 2085.24951172
        median: 3233.95263672
        min: 61.3303337097
        var: 2249960.5
    pitch_instantaneous_confidence:
        dmean: 0.0732760056853
        dmean2: 0.12403485924
        dvar: 0.00328718894161
        dvar2: 0.00930367410183
        max: 0.785281062126
        mean: 0.331670999527
        median: 0.319846361876
        min: 0.105051279068
        var: 0.011043170467
    pitch_salience:
        dmean: 0.0468290783465
        dmean2: 0.0789235308766
        dvar: 0.00165507639758
        dvar2: 0.00453780358657
        max: 0.858590722084
        mean: 0.708042562008
        median: 0.720625519753
        min: 0.199410989881
        var: 0.0047889300622
    silence_rate_20dB:
        dmean: 0
        dmean2: 0
        dvar: 0
        dvar2: 0
        max: 1
        mean: 1
        median: 1
        min: 1
        var: 0
    silence_rate_30dB:
        dmean: 0
        dmean2: 0
        dvar: 0
        dvar2: 0
        max: 1
        mean: 1
        median: 1
        min: 1
        var: 0
    silence_rate_60dB:
        dmean: 0.0289435591549
        dmean2: 0.0578920468688
        dvar: 0.0281006153673
        dvar2: 0.0618667863309
        max: 1
        mean: 0.0768641456962
        median: 0
        min: 0
        var: 0.0709613412619
    spectral_centroid:
        dmean: 219.927658081
        dmean2: 356.715118408
        dvar: 46930.6484375
        dvar2: 101911.867188
        max: 10494.0683594
        mean: 1925.88269043
        median: 1999.35180664
        min: 118.240570068
        var: 264320.03125
    spectral_complexity:
        dmean: 4.32042217255
        dmean2: 6.96832942963
        dvar: 16.8496208191
        dvar2: 40.6024971008
        max: 53
        mean: 23.9250926971
        median: 25
        min: 0
        var: 77.454574585
    spectral_crest:
        dmean: 1.4912570715
        dmean2: 2.51982879639
        dvar: 1.73698675632
        dvar2: 4.54137611389
        max: 19.2627754211
        mean: 5.95699357986
        median: 5.4471745491
        min: 2.40093159676
        var: 4.94455385208
    spectral_decrease:
        dmean: 2.62714072718e-010
        dmean2: 4.35462194082e-010
        dvar: 9.50082590978e-020
        dvar2: 2.49524641095e-019
        max: -6.85853625481e-029
        mean: -1.29519484027e-009
        median: -1.27723531751e-009
        min: -3.74001141168e-009
        var: 2.39386095122e-019
    spectral_energy:
        dmean: 0.00118488341104
        dmean2: 0.0019671227783
        dvar: 1.94811491383e-006
        dvar2: 5.13899340149e-006
        max: 0.0173271261156
        mean: 0.00596722308546
        median: 0.00588548183441
        min: 1.08827774952e-020
        var: 5.12905080541e-006
    spectral_energyband_high:
        dmean: 0.000185187978786
        dmean2: 0.000319890736137
        dvar: 5.69946010387e-008
        dvar2: 1.53183748353e-007
        max: 0.00367244821973
        mean: 0.000504266703501
        median: 0.000464585551526
        min: 7.7932159021e-021
        var: 8.48880574722e-008
    spectral_energyband_low:
        dmean: 0.000307078211335
        dmean2: 0.000522927613929
        dvar: 1.136292056e-007
        dvar2: 3.09153847411e-007
        max: 0.00433741044253
        mean: 0.00050850759726
        median: 0.00039830832975
        min: 6.62514228959e-023
        var: 1.55240670097e-007
    spectral_energyband_middle_high:
        dmean: 0.000750120321754
        dmean2: 0.00123723328579
        dvar: 5.64093340927e-007
        dvar2: 1.50421794842e-006
        max: 0.0108333583921
        mean: 0.00350668281317
        median: 0.00344595615752
        min: 1.54527678183e-021
        var: 2.61498803411e-006
    spectral_energyband_middle_low:
        dmean: 0.000593955337536
        dmean2: 0.000992108602077
        dvar: 5.09805772708e-007
        dvar2: 1.35629773013e-006
        max: 0.00821939762682
        mean: 0.00162348046433
        median: 0.00143201672472
        min: 2.13207645665e-022
        var: 9.11572726636e-007
    spectral_flatness_db:
        dmean: 0.0107921315357
        dmean2: 0.0174781810492
        dvar: 8.85212648427e-005
        dvar2: 0.000222360322368
        max: 0.53180873394
        mean: 0.128486171365
        median: 0.120210334659
        min: 0.0333585739136
        var: 0.00246867374517
    spectral_flux:
        dmean: 0.00594123685732
        dmean2: 0.00922450982034
        dvar: 3.89359847759e-005
        dvar2: 7.98899200163e-005
        max: 0.0927317515016
        mean: 0.0467747710645
        median: 0.0473176017404
        min: 1.04320552197e-010
        var: 0.000150581414346
    spectral_kurtosis:
        dmean: 1.06529927254
        dmean2: 1.83868288994
        dvar: 7.29501676559
        dvar2: 22.339094162
        max: 158.894210815
        mean: 4.64150094986
        median: 3.12102413177
        min: -1.19977080822
        var: 114.489807129
    spectral_rms:
        dmean: 0.00023247898207
        dmean2: 0.000379711127607
        dvar: 6.19233944121e-008
        dvar2: 1.57273319701e-007
        max: 0.00411150977015
        mean: 0.00235139601864
        median: 0.00239623337984
        min: 3.25842651472e-012
        var: 2.9262284329e-007
    spectral_rolloff:
        dmean: 228.262542725
        dmean2: 373.547027588
        dvar: 131422.71875
        dvar2: 257924.59375
        max: 18841.5527344
        mean: 3421.99902344
        median: 3552.97851563
        min: 129.19921875
        var: 527200.1875
    spectral_skewness:
        dmean: 0.14717823267
        dmean2: 0.243354305625
        dvar: 0.0333471409976
        dvar2: 0.0974862873554
        max: 10.4704456329
        mean: 1.3812983036
        median: 1.2564637661
        min: 0.047339849174
        var: 0.714995026588
    spectral_spread:
        dmean: 460001.8125
        dmean2: 728138.8125
        dvar: 382993104896
        dvar2: 754279972864
        max: 40575912
        mean: 4597816
        median: 4437478
        min: 594131
        var: 2.72912482304e+012
    spectral_strongpeak:
        dmean: 0.604245305061
        dmean2: 1.07808256149
        dvar: 0.843118429184
        dvar2: 2.21426677704
        max: 10.1507759094
        mean: 0.673886120319
        median: 0.209058523178
        min: 1.13369857946e-009
        var: 1.1716581583
    zerocrossingrate:
        dmean: 0.00611359532923
        dmean2: 0.0076438090764
        dvar: 3.99647979066e-005
        dvar2: 4.92976178066e-005
        max: 0.48291015625
        mean: 0.107707373798
        median: 0.111328125
        min: 0.00439453125
        var: 0.000559080101084
    barkbands:
        dmean: [6.71741190672e-007, 0.000120426164358, 0.000178725866135, 0.000196628185222, 0.00034117125324, 0.000146646110807, 0.000101397985418, 7.17714210623e-005, 0.000111649824248, 0.000117159550427, 0.000112891037134, 9.54627248575e-005, 7.14335037628e-005, 8.70448420756e-005, 9.47959633777e-005, 0.000122381039546, 0.000226823307457, 0.000177279056516, 0.000378701020963, 0.0001796719298, 9.21944447327e-005, 3.47638269886e-005, 7.21396645531e-006, 2.95669292427e-006, 1.67595089806e-006, 5.45459357681e-008, 5.11489683941e-010]
        dmean2: [9.72834072854e-007, 0.000216264859773, 0.000304554007016, 0.00033309054561, 0.000570107484236, 0.000248020340223, 0.000170192361111, 0.000120863311167, 0.00018674461171, 0.00019434891874, 0.000189554062672, 0.000159143179189, 0.000119670970889, 0.000147893864778, 0.000159839284606, 0.000207965204027, 0.000382615457056, 0.000299687497318, 0.000636065669823, 0.000310348434141, 0.000158615090186, 5.97236394242e-005, 1.27144294311e-005, 4.9816903811e-006, 2.75944239547e-006, 8.80326567199e-008, 8.61220927906e-010]
        dvar: [6.41503451922e-013, 2.82174283939e-008, 4.99540711019e-008, 5.5690662748e-008, 2.2898970542e-007, 3.31781606633e-008, 2.5678913218e-008, 1.28934649624e-008, 2.6781780349e-008, 4.24501038765e-008, 4.05546991544e-008, 2.50846721173e-008, 1.31911424006e-008, 1.5278720511e-008, 1.74002483533e-008, 1.75230461252e-008, 5.35699271609e-008, 3.02196774271e-008, 1.65883733416e-007, 4.81939608221e-008, 1.30474955284e-008, 1.71367042778e-009, 1.28186225523e-010, 2.40289784598e-011, 1.19830109377e-011, 1.27170257154e-014, 4.86217332745e-019]
        dvar2: [1.24592621376e-012, 7.63681953231e-008, 1.38068827482e-007, 1.45847351973e-007, 6.09857693235e-007, 9.17092677355e-008, 6.83186769379e-008, 3.46667370366e-008, 7.32005105419e-008, 1.12910882422e-007, 1.08763011042e-007, 6.67240200869e-008, 3.4903404611e-008, 4.22689900859e-008, 4.71800341018e-008, 4.82439617144e-008, 1.47062422684e-007, 8.35447124814e-008, 4.56517824432e-007, 1.35598128281e-007, 3.48521851379e-008, 4.69613326004e-009, 3.53385570806e-010, 5.38174331488e-011, 2.42010127216e-011, 2.67438235593e-014, 1.19730071648e-018]
        max: [5.71293821849e-006, 0.00105025968514, 0.00327907083556, 0.00410130014643, 0.00659035937861, 0.00234685186297, 0.00295963464305, 0.00185467896517, 0.0029741472099, 0.00355059630238, 0.00395659869537, 0.00257529574446, 0.00187634676695, 0.00211008847691, 0.00274776038714, 0.00258527533151, 0.00341292540543, 0.00233662710525, 0.00710382731631, 0.00257368409075, 0.00200275750831, 0.000678356329445, 0.000163086137036, 0.000113208305265, 9.32025213842e-005, 3.76549678549e-006, 1.70360419105e-008]
        mean: [1.10896962724e-006, 0.00012264943507, 0.000254879094427, 0.000283203407889, 0.00056639011018, 0.00024850826594, 0.000161916206707, 0.000105380342575, 0.000196750086616, 0.000193335916265, 0.000183240466868, 0.000171903186128, 0.000127206905745, 0.000161975942319, 0.000189765909454, 0.000274767109659, 0.000523781520315, 0.000430530577432, 0.001038967981, 0.000406492123147, 0.000219773210119, 8.27391704661e-005, 1.24454882098e-005, 6.05477453064e-006, 3.35783010996e-006, 1.01413988318e-007, 8.65308824594e-010]
        median: [6.96086658536e-007, 6.72968235449e-005, 0.000176763351192, 0.00018726644339, 0.000410415435908, 0.000177266672836, 9.02493920876e-005, 5.86062415096e-005, 0.000113256770419, 9.09121154109e-005, 8.35644459585e-005, 8.99120641407e-005, 7.15563946869e-005, 0.000109555505333, 0.000139366078656, 0.000241493893554, 0.000469490187243, 0.000401081168093, 0.000958424410783, 0.000367173634004, 0.000198659108719, 7.4534007581e-005, 8.78850732988e-006, 4.2293304432e-006, 2.04164507522e-006, 4.97681860168e-008, 5.30540278376e-010]
        min: [1.60560820121e-023, 2.55228688364e-023, 6.81217837032e-024, 1.23474765027e-023, 1.88492160188e-023, 3.98140702106e-024, 3.43482028819e-023, 2.71753115518e-023, 9.94781369388e-023, 1.68560926774e-023, 4.47042016071e-023, 6.83674381445e-023, 8.68912174855e-023, 1.29581460357e-022, 1.39762335117e-022, 1.54741907561e-022, 1.58406374725e-022, 1.76142277659e-022, 2.75330530303e-022, 2.67215991488e-022, 4.7470468589e-022, 4.40562735425e-022, 7.19740130156e-022, 6.90929364797e-022, 1.06379273891e-021, 1.30776719681e-021, 2.49568347574e-021]
        var: [1.28745473484e-012, 2.16559001842e-008, 6.75564137964e-008, 1.00352337995e-007, 2.92936988444e-007, 5.57550521307e-008, 4.49433557037e-008, 1.88082349695e-008, 5.47438396836e-008, 7.91383314436e-008, 7.19956005923e-008, 5.22934939795e-008, 2.59917438683e-008, 2.95388886684e-008, 3.68508565884e-008, 3.49510429487e-008, 1.16004684969e-007, 6.32907841691e-008, 4.5612657118e-007, 6.92285411219e-008, 1.82338943944e-008, 2.77908140944e-009, 1.59371488229e-010, 5.84385387303e-011, 3.60504716357e-011, 3.31527645234e-014, 1.1057902423e-018]
    frequency_bands:
        dmean: [6.71741190672e-007, 0.000120426164358, 0.000178725866135, 0.000196628185222, 0.00034117125324, 0.000146646110807, 0.000101397985418, 7.17714210623e-005, 0.000111649824248, 0.000117159550427, 0.000112891037134, 9.54627248575e-005, 7.14335037628e-005, 8.70448420756e-005, 9.47959633777e-005, 0.000122381039546, 0.000226823307457, 0.000177279056516, 0.000378701020963, 0.0001796719298, 9.21944447327e-005, 3.47638269886e-005, 7.21396645531e-006, 2.95669292427e-006, 1.67595089806e-006, 5.45459357681e-008, 5.11489683941e-010, 7.0911956862e-011]
        dmean2: [9.72834072854e-007, 0.000216264859773, 0.000304554007016, 0.00033309054561, 0.000570107484236, 0.000248020340223, 0.000170192361111, 0.000120863311167, 0.00018674461171, 0.00019434891874, 0.000189554062672, 0.000159143179189, 0.000119670970889, 0.000147893864778, 0.000159839284606, 0.000207965204027, 0.000382615457056, 0.000299687497318, 0.000636065669823, 0.000310348434141, 0.000158615090186, 5.97236394242e-005, 1.27144294311e-005, 4.9816903811e-006, 2.75944239547e-006, 8.80326567199e-008, 8.61220927906e-010, 1.31658947633e-010]
        dvar: [6.41503451922e-013, 2.82174283939e-008, 4.99540711019e-008, 5.5690662748e-008, 2.2898970542e-007, 3.31781606633e-008, 2.5678913218e-008, 1.28934649624e-008, 2.6781780349e-008, 4.24501038765e-008, 4.05546991544e-008, 2.50846721173e-008, 1.31911424006e-008, 1.5278720511e-008, 1.74002483533e-008, 1.75230461252e-008, 5.35699271609e-008, 3.02196774271e-008, 1.65883733416e-007, 4.81939608221e-008, 1.30474955284e-008, 1.71367042778e-009, 1.28186225523e-010, 2.40289784598e-011, 1.19830109377e-011, 1.27170257154e-014, 4.86217332745e-019, 9.15466875645e-021]
        dvar2: [1.24592621376e-012, 7.63681953231e-008, 1.38068827482e-007, 1.45847351973e-007, 6.09857693235e-007, 9.17092677355e-008, 6.83186769379e-008, 3.46667370366e-008, 7.32005105419e-008, 1.12910882422e-007, 1.08763011042e-007, 6.67240200869e-008, 3.4903404611e-008, 4.22689900859e-008, 4.71800341018e-008, 4.82439617144e-008, 1.47062422684e-007, 8.35447124814e-008, 4.56517824432e-007, 1.35598128281e-007, 3.48521851379e-008, 4.69613326004e-009, 3.53385570806e-010, 5.38174331488e-011, 2.42010127216e-011, 2.67438235593e-014, 1.19730071648e-018, 2.90786297055e-020]
        max: [5.71293821849e-006, 0.00105025968514, 0.00327907083556, 0.00410130014643, 0.00659035937861, 0.00234685186297, 0.00295963464305, 0.00185467896517, 0.0029741472099, 0.00355059630238, 0.00395659869537, 0.00257529574446, 0.00187634676695, 0.00211008847691, 0.00274776038714, 0.00258527533151, 0.00341292540543, 0.00233662710525, 0.00710382731631, 0.00257368409075, 0.00200275750831, 0.000678356329445, 0.000163086137036, 0.000113208305265, 9.32025213842e-005, 3.76549678549e-006, 1.70360419105e-008, 1.32974331546e-009]
        mean: [1.10896962724e-006, 0.00012264943507, 0.000254879094427, 0.000283203407889, 0.00056639011018, 0.00024850826594, 0.000161916206707, 0.000105380342575, 0.000196750086616, 0.000193335916265, 0.000183240466868, 0.000171903186128, 0.000127206905745, 0.000161975942319, 0.000189765909454, 0.000274767109659, 0.000523781520315, 0.000430530577432, 0.001038967981, 0.000406492123147, 0.000219773210119, 8.27391704661e-005, 1.24454882098e-005, 6.05477453064e-006, 3.35783010996e-006, 1.01413988318e-007, 8.65308824594e-010, 5.50544054789e-011]
        median: [6.96086658536e-007, 6.72968235449e-005, 0.000176763351192, 0.00018726644339, 0.000410415435908, 0.000177266672836, 9.02493920876e-005, 5.86062415096e-005, 0.000113256770419, 9.09121154109e-005, 8.35644459585e-005, 8.99120641407e-005, 7.15563946869e-005, 0.000109555505333, 0.000139366078656, 0.000241493893554, 0.000469490187243, 0.000401081168093, 0.000958424410783, 0.000367173634004, 0.000198659108719, 7.4534007581e-005, 8.78850732988e-006, 4.2293304432e-006, 2.04164507522e-006, 4.97681860168e-008, 5.30540278376e-010, 2.31614918217e-011]
        min: [1.60560820121e-023, 2.55228688364e-023, 6.81217837032e-024, 1.23474765027e-023, 1.88492160188e-023, 3.98140702106e-024, 3.43482028819e-023, 2.71753115518e-023, 9.94781369388e-023, 1.68560926774e-023, 4.47042016071e-023, 6.83674381445e-023, 8.68912174855e-023, 1.29581460357e-022, 1.39762335117e-022, 1.54741907561e-022, 1.58406374725e-022, 1.76142277659e-022, 2.75330530303e-022, 2.67215991488e-022, 4.7470468589e-022, 4.40562735425e-022, 7.19740130156e-022, 6.90929364797e-022, 1.06379273891e-021, 1.30776719681e-021, 2.49568347574e-021, 6.25822465478e-022]
        var: [1.28745473484e-012, 2.16559001842e-008, 6.75564137964e-008, 1.00352337995e-007, 2.92936988444e-007, 5.57550521307e-008, 4.49433557037e-008, 1.88082349695e-008, 5.47438396836e-008, 7.91383314436e-008, 7.19956005923e-008, 5.22934939795e-008, 2.59917438683e-008, 2.95388886684e-008, 3.68508565884e-008, 3.49510429487e-008, 1.16004684969e-007, 6.32907841691e-008, 4.5612657118e-007, 6.92285411219e-008, 1.82338943944e-008, 2.77908140944e-009, 1.59371488229e-010, 5.84385387303e-011, 3.60504716357e-011, 3.31527645234e-014, 1.1057902423e-018, 7.28590538618e-021]
    mfcc:
        mean: [-675.069030762, 95.8190612793, -49.5207252502, 56.0282478333, -9.3702287674, -1.8993678093, 3.07491707802, -0.609580874443, -1.1181448698, -8.23878574371, -5.36740541458, -7.85409498215, -5.73168087006]
        cov: [[4837.75488281, 88.2799682617, -1078.16394043, 140.20173645, -405.005859375, -136.877746582, -37.3942985535, -18.7269058228, 11.784787178, 8.39568519592, 26.4011802673, -20.7464103699, -28.221830368], [88.2799682617, 368.589782715, -79.8565139771, 64.3970184326, -37.7994651794, -17.8204307556, 8.01589393616, 10.7606058121, 13.3644523621, -26.1274318695, -7.6779255867, -8.01201725006, -7.48002815247], [-1078.16394043, -79.8565139771, 540.086975098, -56.338684082, 140.908721924, 31.2121715546, -10.9530601501, -1.18336975574, -8.38998508453, 2.88237500191, -23.9882946014, 5.05899810791, 10.0286445618], [140.20173645, 64.3970184326, -56.338684082, 187.244491577, 24.881855011, 3.853058815, -29.0791339874, -15.869052887, -6.60914707184, -2.34092569351, 4.20950698853, -5.30307579041, 2.92782092094], [-405.005859375, -37.7994651794, 140.908721924, 24.881855011, 136.617797852, 45.7046699524, -0.148566693068, -25.5094070435, -16.5508995056, 6.42253351212, 4.75081634521, -0.517451524734, 3.16016411781], [-136.877746582, -17.8204307556, 31.2121715546, 3.853058815, 45.7046699524, 87.164024353, 35.3396987915, 10.8393583298, -11.8716850281, -0.149506554008, 2.2967479229, 6.36936616898, 5.04676103592], [-37.3942985535, 8.01589393616, -10.9530601501, -29.0791339874, -0.148566693068, 35.3396987915, 82.6557388306, 40.0107803345, 10.6854715347, -9.32829284668, -3.67132496834, 4.9819560051, 3.40125465393], [-18.7269058228, 10.7606058121, -1.18336975574, -15.869052887, -25.5094070435, 10.8393583298, 40.0107803345, 70.5760116577, 28.8285331726, 2.66131067276, -7.65215873718, 3.68696331978, 3.96271419525], [11.784787178, 13.3644523621, -8.38998508453, -6.60914707184, -16.5508995056, -11.8716850281, 10.6854715347, 28.8285331726, 63.607421875, 22.3794765472, 8.53134632111, 0.901092171669, -2.57972836494], [8.39568519592, -26.1274318695, 2.88237500191, -2.34092569351, 6.42253351212, -0.149506554008, -9.32829284668, 2.66131067276, 22.3794765472, 54.1476287842, 24.1285457611, 4.81886911392, -3.73794269562], [26.4011802673, -7.6779255867, -23.9882946014, 4.20950698853, 4.75081634521, 2.2967479229, -3.67132496834, -7.65215873718, 8.53134632111, 24.1285457611, 47.3594474792, 18.3993206024, 5.30688762665], [-20.7464103699, -8.01201725006, 5.05899810791, -5.30307579041, -0.517451524734, 6.36936616898, 4.9819560051, 3.68696331978, 0.901092171669, 4.81886911392, 18.3993206024, 44.1239509583, 20.3525505066], [-28.221830368, -7.48002815247, 10.0286445618, 2.92782092094, 3.16016411781, 5.04676103592, 3.40125465393, 3.96271419525, -2.57972836494, -3.73794269562, 5.30688762665, 20.3525505066, 41.9697113037]]
        icov: [[0.000417414965341, 0.000131769294967, 0.000658089411445, -0.000238136388361, 0.000684559810907, 7.80174086685e-005, -3.4293072531e-005, 0.00030219234759, 8.97577046999e-005, -0.000293512741337, 0.000243814618443, 1.07443966044e-005, 2.01872517209e-005], [0.000131769294967, 0.00329039036296, 0.000265263282927, -0.00139203516301, 0.000949402921833, 0.000421137316152, -0.000674921378959, 0.000167488033185, -0.00105091847945, 0.00186674273573, -0.000297468650388, 8.13150109025e-005, 0.00072535558138], [0.000658089411445, 0.000265263282927, 0.00428079161793, 0.00117698148824, -0.00313671538606, 0.000607540016063, 0.0018029686762, -0.00137020798866, -5.90096569795e-005, -0.000487671350129, 0.00267340778373, -0.0011229555821, -0.000309357215883], [-0.000238136388361, -0.00139203516301, 0.00117698148824, 0.00740481819957, -0.0036568029318, -0.000934180687182, 0.00407834304497, -0.00162690982688, -0.000140346106491, 0.000851367833093, -0.000249389297096, 0.000753701257054, -0.00126201461535], [0.000684559810907, 0.000949402921833, -0.00313671538606, -0.0036568029318, 0.0173016805202, -0.00638949498534, -0.00297393230721, 0.00787213351578, 3.90088207496e-005, -0.0021323482506, -0.00166577938944, 0.00239345640875, -0.000540104985703], [7.80174086685e-005, 0.000421137316152, 0.000607540016063, -0.000934180687182, -0.00638949498534, 0.0192839950323, -0.00787320453674, -0.00311423093081, 0.00540204253048, -0.00227226666175, -0.000197954374016, -0.00158872839529, 6.69849250698e-005], [-3.4293072531e-005, -0.000674921378959, 0.0018029686762, 0.00407834304497, -0.00297393230721, -0.00787320453674, 0.0239160321653, -0.0119617003947, -0.00205897935666, 0.00648717069998, -0.00167637062259, -0.000642204657197, 0.000477826048154], [0.00030219234759, 0.000167488033185, -0.00137020798866, -0.00162690982688, 0.00787213351578, -0.00311423093081, -0.0119617003947, 0.0290882568806, -0.00996028352529, -0.00333586405031, 0.00682393973693, -0.00161654350813, -0.0023096522782], [8.97577046999e-005, -0.00105091847945, -5.90096569795e-005, -0.000140346106491, 3.90088207496e-005, 0.00540204253048, -0.00205897935666, -0.00996028352529, 0.0256204847246, -0.0099634854123, -0.00242904294282, 0.0013956973562, 0.000669466389809], [-0.000293512741337, 0.00186674273573, -0.000487671350129, 0.000851367833093, -0.0021323482506, -0.00227226666175, 0.00648717069998, -0.00333586405031, -0.0099634854123, 0.0319672450423, -0.0150407133624, 0.00140784867108, 0.00386929675005], [0.000243814618443, -0.000297468650388, 0.00267340778373, -0.000249389297096, -0.00166577938944, -0.000197954374016, -0.00167637062259, 0.00682393973693, -0.00242904294282, -0.0150407133624, 0.0371684320271, -0.0144253913313, -6.29940768704e-005], [1.07443966044e-005, 8.13150109025e-005, -0.0011229555821, 0.000753701257054, 0.00239345640875, -0.00158872839529, -0.000642204657197, -0.00161654350813, 0.0013956973562, 0.00140784867108, -0.0144253913313, 0.0361357405782, -0.0150352865458], [2.01872517209e-005, 0.00072535558138, -0.000309357215883, -0.00126201461535, -0.000540104985703, 6.69849250698e-005, 0.000477826048154, -0.0023096522782, 0.000669466389809, 0.00386929675005, -6.29940768704e-005, -0.0150352865458, 0.0320283323526]]
    sccoeffs:
        dmean: [0.0526559688151, 0.0472068823874, 0.0355443358421, 0.0271347984672, 0.0194627437741, 0.0190888214856]
        dmean2: [0.0873126015067, 0.0801110640168, 0.0605202279985, 0.0462941899896, 0.0333322100341, 0.0313048735261]
        dvar: [0.00177076854743, 0.00137501629069, 0.000781682378147, 0.000453782820841, 0.000228882243391, 0.000286237773253]
        dvar2: [0.00472661294043, 0.00388480955735, 0.00221124151722, 0.00129981990904, 0.000664973107632, 0.000760217022616]
        max: [-0.392546564341, -0.567782342434, -0.581651329994, -0.656016767025, -0.686495840549, -0.632172226906]
        mean: [-0.668844878674, -0.771532654762, -0.804415345192, -0.809180855751, -0.792035579681, -0.739586651325]
        median: [-0.672173380852, -0.774348497391, -0.8071808815, -0.810261547565, -0.791555523872, -0.737889349461]
        min: [-0.963226556778, -0.958287477493, -0.966736793518, -0.967661678791, -0.961131751537, -0.963203072548]
        var: [0.00445181503892, 0.00279642385431, 0.0020229332149, 0.00117405178025, 0.000858290179167, 0.00132979056798]
    scvalleys:
        dmean: [0.365290701389, 0.361855566502, 0.274182230234, 0.226260408759, 0.182578116655, 0.286482840776]
        dmean2: [0.606711983681, 0.606819629669, 0.453513026237, 0.372264266014, 0.290406227112, 0.474579691887]
        dvar: [0.0959382876754, 0.108455963433, 0.0598791204393, 0.0490611083806, 0.0436378754675, 0.106749288738]
        dvar2: [0.233897387981, 0.270491838455, 0.130354747176, 0.097186230123, 0.0738544687629, 0.243184447289]
        max: [-5.13686800003, -4.67018222809, -4.919713974, -5.56683206558, -5.57550954819, -7.49798870087]
        mean: [-6.47622013092, -6.48355388641, -6.56359148026, -6.76825714111, -6.58565092087, -9.3578081131]
        median: [-6.37329959869, -6.36045837402, -6.44737243652, -6.58859443665, -6.35210704803, -9.1585226059]
        min: [-27.3499031067, -27.7057514191, -27.1679267883, -27.3495235443, -27.219329834, -27.1724643707]
        var: [0.788010537624, 1.26830816269, 1.5166105032, 1.47147464752, 1.42881119251, 1.49805867672]

rhythm:
    beats_loudness:
        dmean: 0.00145487172995
        dmean2: 0.00266103167087
        dvar: 1.65937751717e-006
        dvar2: 5.84213421462e-006
        max: 0.0151126841083
        mean: 0.00668162293732
        median: 0.0065989010036
        min: 9.16673681406e-010
        var: 3.78581808036e-006
    bpm: 125.987609863
    bpm_confidence: 0
    first_peak_bpm: 126
    first_peak_spread: 0.245421245694
    first_peak_weight: 0.721541166306
    onset_rate: 1.84055066109
    second_peak_bpm: 144
    second_peak_spread: 0.142857179046
    second_peak_weight: 0.0105078807101
    beats_loudness_band_ratio:
        dmean: [0.0747361928225, 0.0857530534267, 0.0453322343528, 0.0569023676217, 0.0653499513865, 0.0674210712314]
        dmean2: [0.130641460419, 0.151673004031, 0.0781449005008, 0.0949562266469, 0.111190661788, 0.114150263369]
        dvar: [0.00382030452602, 0.00431968690827, 0.00212576286867, 0.00361289037392, 0.00289567932487, 0.00322562898509]
        dvar2: [0.0109377969056, 0.0141710164025, 0.0058937384747, 0.00971504300833, 0.00839770026505, 0.00936596933752]
        max: [0.942596018314, 0.611978769302, 0.280478656292, 0.443802803755, 0.553632497787, 0.581714272499]
        mean: [0.16352443397, 0.158173516393, 0.085152335465, 0.116279430687, 0.255346417427, 0.266187012196]
        median: [0.140278548002, 0.146533757448, 0.0714742392302, 0.0836684778333, 0.251193583012, 0.264355778694]
        min: [0.0266329832375, 0.0236032921821, 0.000334358890541, 2.55185877904e-005, 0.000105465835077, 4.18804120272e-005]
        var: [0.0132239870727, 0.00671352306381, 0.00287479651161, 0.0063013965264, 0.00617725262418, 0.0071684778668]
    beats_position: [0.487619042397, 0.986848056316, 1.48607707024, 1.98530614376, 2.49614500999, 3.00698399544, 3.52943301201, 4.01705217361, 4.5046710968, 4.98067998886, 5.45668935776, 5.93269824982, 6.40870714188, 6.88471651077, 7.36072540283, 7.83673477173, 8.31274318695, 8.78875255585, 9.26476192474, 9.75238037109, 10.2167797089, 10.6927890778, 11.1687984467, 11.6448068619, 12.1208162308, 12.5968255997, 13.0728340149, 13.5488433838, 14.0248527527, 14.5008611679, 14.9652605057, 15.4412698746, 15.9288883209, 16.4048976898, 16.8809070587, 17.3685264587, 17.8329238892, 18.3089332581, 18.784942627, 19.272562027, 19.7369613647, 20.2129707336, 20.6889801025, 21.1649875641, 21.640996933, 22.1170063019, 22.5930156708, 23.0690250397, 23.5450344086, 24.0210418701, 24.497051239, 24.984670639, 25.4490699768, 25.9250793457, 26.4010887146, 26.8770961761, 27.353105545, 27.8291149139, 28.3051242828, 28.7811336517, 29.2571430206, 29.7331504822, 30.2091598511, 30.68516922, 31.1611785889, 31.6487979889, 32.1248054504, 32.6008148193, 33.0768241882, 33.5528335571, 34.028842926, 34.5048522949, 34.9808616638, 35.4568710327, 35.9328804016, 36.4088897705, 36.8848991394, 37.3609046936, 37.8369140625, 38.3129234314, 38.7889328003, 39.2649421692, 39.7409515381, 40.216960907, 40.6929702759, 41.1689796448, 41.6565971375, 42.1209983826, 42.5970077515, 43.0730133057, 43.560634613, 44.0250320435, 44.5010414124, 44.9770507813, 45.4530601501, 45.929069519, 46.4050788879, 46.8810882568, 47.3570976257, 47.8331069946, 48.3091163635, 48.7851219177, 49.2611312866, 49.7371406555, 50.2131500244, 50.6891593933, 51.1651687622, 51.6411781311, 52.1171875, 52.5931968689, 53.0808143616, 53.5568237305, 54.0328330994, 54.4972343445, 54.9732398987, 55.4492492676, 55.936870575, 56.4012680054, 56.8772773743, 57.3532867432, 57.8409042358, 58.3169136047, 58.7929229736, 59.2573242188, 59.7333335876, 60.2093429565, 60.6969604492, 61.1845779419, 61.648979187, 62.1133766174, 62.5777778625, 63.0653953552, 63.5414047241, 64.0174102783, 64.5050354004, 64.9810409546, 65.4570541382, 65.9330596924, 66.409072876, 66.8850784302, 67.3610839844, 67.8254852295, 68.3014984131, 68.7775039673, 69.2535171509, 69.7411346436, 70.2171401978, 70.6931533813, 71.1691589355, 71.6451721191, 72.1211776733, 72.5971832275, 73.0731964111, 73.5492019653, 74.0252151489, 74.5012207031, 74.9772338867, 75.4532394409, 75.9292526245, 76.4052581787, 76.8812713623, 77.3572769165, 77.8332901001, 78.3209075928, 78.7853012085, 79.2613143921, 79.7373199463, 80.2249450684, 80.7009506226, 81.1769561768, 81.6413574219, 82.1173706055, 82.5933761597, 83.0693893433, 83.5453948975, 84.0330123901, 84.4974136353, 84.9850311279, 85.449432373, 85.9254379272, 86.4014511108, 86.877456665, 87.3534698486, 87.8294754028, 88.3054885864, 88.7814941406, 89.2575073242, 89.7335128784, 90.2095184326, 90.6855316162, 91.1615371704, 91.6491622925, 92.1251678467, 92.6011810303, 93.065574646, 93.5415878296, 94.0175933838, 94.5052108765, 94.9812240601, 95.4572296143, 95.9332427979, 96.4092483521, 96.8852615356, 97.3612670898, 97.8372802734, 98.3132858276, 98.7892990112, 99.2653045654, 99.7413101196, 100.217323303, 100.681724548, 101.169342041, 101.645347595, 102.121360779, 102.597366333, 103.073379517, 103.549385071, 104.025398254, 104.501403809, 104.977409363, 105.453422546, 105.929428101, 106.393829346, 106.869842529, 107.345848083, 107.833465576, 108.321083069, 108.797096252, 109.273101807, 109.74911499, 110.225120544, 110.68952179, 111.153923035, 111.641540527, 112.117546082, 112.593559265, 113.081176758, 113.557182312, 114.033195496, 114.50920105, 114.985214233, 115.449615479, 115.925621033, 116.401634216, 116.889251709, 117.365257263, 117.841270447, 118.317276001, 118.793289185, 119.2576828, 119.733695984, 120.209701538, 120.697319031, 121.161720276, 121.649337769, 122.125350952, 122.601356506, 123.07736969, 123.553375244, 124.029388428, 124.505393982, 124.981407166, 125.45741272, 125.933418274, 126.409431458, 126.885437012, 127.361450195, 127.83745575, 128.313461304, 128.789474487, 129.265487671, 129.741500854, 130.217498779, 130.693511963, 131.169525146, 131.645523071, 132.121536255, 132.597549438, 133.073562622, 133.549560547, 134.02557373, 134.501586914, 134.977600098, 135.453598022, 135.929611206, 136.40562439, 136.870025635, 137.34602356, 137.833648682, 138.309661865, 138.78565979, 139.273284912, 139.737686157, 140.213699341, 140.689697266, 141.165710449, 141.641723633, 142.129333496, 142.593734741, 143.069747925, 143.545761108, 144.021759033, 144.497772217, 144.9737854, 145.449798584, 145.937408447, 146.401809692, 146.877822876, 147.35383606, 147.841445923, 148.305847168, 148.79347229, 149.257858276, 149.745483398, 150.221496582, 150.697509766, 151.17350769, 151.649520874, 152.125534058, 152.601531982, 153.077545166, 153.55355835, 154.029571533, 154.493972778, 154.969970703, 155.457595825, 155.933609009, 156.409606934, 156.885620117, 157.361633301, 157.837631226, 158.313644409, 158.789657593, 159.265670776, 159.741668701, 160.217681885, 160.705307007, 161.169708252, 161.645706177, 162.12171936, 162.597732544, 163.073745728, 163.549743652, 164.025756836, 164.50177002, 164.977767944, 165.453781128, 165.929794312, 166.405807495, 166.88180542, 167.357818604, 167.833831787, 168.309844971, 168.785842896, 169.261856079, 169.737869263, 170.213867188, 170.689880371, 171.165893555, 171.641906738, 172.117904663, 172.593917847, 173.06993103, 173.545944214, 174.021942139, 174.497955322, 174.973968506, 175.449981689, 175.925979614, 176.401992798, 176.878005981, 177.354003906, 177.83001709, 178.306030273, 178.793640137, 179.26965332, 179.745666504, 180.221679688, 180.697677612, 181.162078857, 181.638092041, 182.114105225, 182.601715088, 183.077728271, 183.553741455, 184.029754639, 184.505752563, 184.970153809, 185.446166992, 185.922180176, 186.409790039, 186.874191284, 187.361816406, 187.837814331, 188.313827515, 188.789840698, 189.265853882, 189.741851807, 190.21786499, 190.693878174, 191.169876099, 191.645889282, 192.121902466, 192.597915649, 193.073913574, 193.549926758, 194.025939941, 194.490341187, 194.97795105, 195.453964233, 195.929977417, 196.405975342, 196.881988525, 197.358001709, 197.845626831, 198.321624756, 198.797637939, 199.273651123, 199.738052368, 200.214050293, 200.690063477, 201.154464722, 201.630477905, 202.10647583, 202.582489014, 203.058502197, 203.546112061, 204.022125244, 204.498138428, 204.974151611, 205.450149536, 205.937774658, 206.413787842, 206.889785767, 207.36579895, 207.841812134, 208.317825317, 208.782211304, 209.258224487, 209.734237671, 210.210250854, 210.697860718, 211.162261963, 211.638275146, 212.11428833, 212.601898193, 213.066299438, 213.542312622, 214.018310547, 214.49432373, 214.970336914, 215.446350098, 215.922348022, 216.398361206, 216.87437439, 217.350387573, 217.826385498, 218.290786743, 218.778411865, 219.254425049, 219.742034912, 220.206436157, 220.682449341, 221.170059204, 221.657684326, 222.122085571, 222.609695435, 223.085708618, 223.561721802, 224.026123047, 224.502120972, 224.978134155, 225.454147339, 225.930160522, 226.406158447, 226.870559692, 227.346572876, 227.82258606, 228.298583984, 228.774597168, 229.250610352, 229.738220215, 230.214233398, 230.690246582, 231.177871704, 231.64225769, 232.118270874, 232.594284058, 233.081893921, 233.546295166, 234.033920288, 234.498321533, 234.985931396, 235.450332642, 235.926345825, 236.402359009, 236.889968872, 237.365982056, 237.841995239, 238.306396484, 238.794006348, 239.270019531, 239.746032715, 240.22203064, 240.698043823, 241.162445068, 241.65007019, 242.114456177, 242.602081299, 243.078094482, 243.554092407, 244.030105591, 244.506118774, 244.97052002, 245.446533203, 245.922531128, 246.41015625, 246.886169434, 247.362167358, 247.838180542, 248.314193726, 248.790206909, 249.266204834, 249.730606079, 250.218231201, 250.694229126, 251.17024231, 251.646255493, 252.122268677, 252.598266602, 253.074279785, 253.550292969, 254.026306152, 254.502304077, 254.978317261, 255.454330444, 255.930328369, 256.406341553, 256.882354736, 257.35836792, 257.834381104, 258.29876709, 258.786376953, 259.274017334, 259.761627197, 260.249237061, 260.736877441, 261.224487305, 261.723724365, 262.211334229, 262.710571289, 263.128509521, 263.546478271, 263.964447021, 264.382385254, 264.719085693, 265.055786133, 265.404083252, 265.752380371, 266.181945801, 266.599914551, 267.017852783, 267.493865967, 267.958282471, 268.422668457, 268.898681641, 269.444335938, 269.978393555, 270.512481689, 271.046539307, 271.592193604, 272.126251221]
