
metadata:
    version:
        essentia: "2.1-beta2"
    audio_properties:
        analysis_sample_rate: 44100
        bitrate: 320
        channels: 2
        equal_loudness: 1
        length: 240.431015015
        replay_gain: -14.6360988617
        downmix: "mix"
    tags:
        album: "Venom (Deluxe Edition)"
        artist: "Bullet for My Valentine"
        comment: ""
        date: "2015"
        genre: ""
        title: "The Harder the Heart (The Harder It Breaks)"
        tracknumber: "8/15"

configuration:
    average_loudness:
        compute: 1
        frameSize: 88200
        hopSize: 44100
        silentFrames: "noise"
        windowType: "hann"
    general:
        analysisSampleRate: 44100
        endTime: 2000
        equalLoudness: 1
        nequalLoudness: 0
        shortSound: 0
        startTime: 0
    lowlevel:
        compute: 1
        frameSize: 2048
        hopSize: 1024
        zeroPadding: 0
        silentFrames: "noise"
        windowType: "blackmanharris62"
        mfccStats: ["mean", "cov", "icov"]
        stats: ["mean", "var", "median", "min", "max", "dmean", "dmean2", "dvar", "dvar2"]
    panning:
        compute: 0
        frameSize: 8192
        hopSize: 2048
        zeroPadding: 8192
        silentFrames: "noise"
        windowType: "hann"
        stats: ["copy"]
    rhythm:
        compute: 1
        maxTempo: 208
        minTempo: 40
        method: "degara"
        stats: ["mean", "var", "median", "min", "max", "dmean", "dmean2", "dvar", "dvar2"]
    segmentation:
        compute: 0
        cpw: 5
        inc1: 300
        inc2: 50
        minimumSegmentsLength: 10
        size1: 1000
        size2: 600
    sfx:
        compute: 1
        stats: ["mean", "var", "median", "min", "max", "dmean", "dmean2", "dvar", "dvar2"]
    svm:
        compute: 0
    tonal:
        compute: 1
        frameSize: 4096
        hopSize: 2048
        zeroPadding: 0
        silentFrames: "noise"
        windowType: "blackmanharris62"
        stats: ["mean", "var", "median", "min", "max", "dmean", "dmean2", "dvar", "dvar2"]

lowlevel:
    average_loudness: 0.928433775902
    barkbands_kurtosis:
        dmean: 2.02587151527
        dmean2: 2.90576601028
        dvar: 179.351409912
        dvar2: 323.067352295
        max: 913.063415527
        mean: 3.0332493782
        median: -0.94334846735
        min: -1.89526474476
        var: 959.73260498
    barkbands_skewness:
        dmean: 0.409451067448
        dmean2: 0.631066560745
        dvar: 0.246759489179
        dvar2: 0.543636262417
        max: 23.3630981445
        mean: -0.289938569069
        median: -0.477941632271
        min: -3.69462585449
        var: 1.81072258949
    barkbands_spread:
        dmean: 5.84000873566
        dmean2: 9.30324172974
        dvar: 31.9050979614
        dvar2: 80.0852508545
        max: 73.5576705933
        mean: 31.6651248932
        median: 31.8438243866
        min: 0.0828866809607
        var: 114.353370667
    dissonance:
        dmean: 0.0113674402237
        dmean2: 0.0192629136145
        dvar: 0.000247894931817
        dvar2: 0.000643497565761
        max: 0.500000059605
        mean: 0.47805210948
        median: 0.486377358437
        min: 0.0781149566174
        var: 0.00153240247164
    hfc:
        dmean: 2.86360812187
        dmean2: 4.61867284775
        dvar: 13.3693656921
        dvar2: 34.1679801941
        max: 59.7159538269
        mean: 10.3406362534
        median: 9.62941551208
        min: 1.12127389291e-016
        var: 32.120223999
    pitch:
        dmean: 770.852172852
        dmean2: 1466.86120605
        dvar: 1487984.625
        dvar2: 3704012
        max: 5188.31689453
        mean: 926.440307617
        median: 309.86706543
        min: 65.3062057495
        var: 1601666.875
    pitch_instantaneous_confidence:
        dmean: 0.0822015330195
        dmean2: 0.131730794907
        dvar: 0.00522307818756
        dvar2: 0.0124797159806
        max: 0.986820042133
        mean: 0.376194119453
        median: 0.343983799219
        min: 0.115742862225
        var: 0.0239105336368
    pitch_salience:
        dmean: 0.0542830340564
        dmean2: 0.0882712900639
        dvar: 0.00224823807366
        dvar2: 0.00581240979955
        max: 0.977801084518
        mean: 0.64658176899
        median: 0.668739676476
        min: 0.013098936528
        var: 0.0135411480442
    silence_rate_20dB:
        dmean: 0
        dmean2: 0
        dvar: 0
        dvar2: 0
        max: 1
        mean: 1
        median: 1
        min: 1
        var: 0
    silence_rate_30dB:
        dmean: 0
        dmean2: 0
        dvar: 0
        dvar2: 0
        max: 1
        mean: 1
        median: 1
        min: 1
        var: 0
    silence_rate_60dB:
        dmean: 0.0722356364131
        dmean2: 0.144485220313
        dvar: 0.067003518343
        dvar2: 0.147561982274
        max: 1
        mean: 0.206836611032
        median: 0
        min: 0
        var: 0.164035841823
    spectral_centroid:
        dmean: 262.80267334
        dmean2: 407.907196045
        dvar: 67051.2734375
        dvar2: 153708.859375
        max: 10330.1767578
        mean: 2030.78491211
        median: 2068.9921875
        min: 278.071472168
        var: 279134.9375
    spectral_complexity:
        dmean: 4.19024610519
        dmean2: 6.62816286087
        dvar: 17.5764122009
        dvar2: 41.145362854
        max: 51
        mean: 18.9020862579
        median: 19
        min: 0
        var: 75.4170379639
    spectral_crest:
        dmean: 1.76174736023
        dmean2: 2.90524053574
        dvar: 3.06964564323
        dvar2: 7.87212133408
        max: 26.6428833008
        mean: 6.43707990646
        median: 5.36162662506
        min: 2.41859531403
        var: 13.590596199
    spectral_decrease:
        dmean: 3.20023729738e-010
        dmean2: 5.28298904623e-010
        dvar: 2.6153827627e-019
        dvar2: 7.17671670522e-019
        max: -9.10456839487e-029
        mean: -1.09851494567e-009
        median: -1.03371489146e-009
        min: -6.60774945871e-009
        var: 3.7657803222e-019
    spectral_energy:
        dmean: 0.00143276469316
        dmean2: 0.00235949526541
        dvar: 4.8351530495e-006
        dvar2: 1.31307397169e-005
        max: 0.0281768571585
        mean: 0.00508396187797
        median: 0.00478623341769
        min: 1.05139082564e-020
        var: 7.61432920626e-006
    spectral_energyband_high:
        dmean: 0.000218887245865
        dmean2: 0.000362153135939
        dvar: 9.56655270556e-008
        dvar2: 2.43783631504e-007
        max: 0.00615695491433
        mean: 0.000553646939807
        median: 0.00048163899919
        min: 7.38339314502e-021
        var: 1.54675646513e-007
    spectral_energyband_low:
        dmean: 0.000291213073069
        dmean2: 0.000493166153319
        dvar: 2.35627851453e-007
        dvar2: 6.42324096134e-007
        max: 0.00480627035722
        mean: 0.00038552848855
        median: 0.000239049011725
        min: 8.70510596375e-023
        var: 2.34781083464e-007
    spectral_energyband_middle_high:
        dmean: 0.00077931053238
        dmean2: 0.00124181678984
        dvar: 7.76881790898e-007
        dvar2: 1.93327355191e-006
        max: 0.0176421739161
        mean: 0.00291754445061
        median: 0.00269682379439
        min: 1.91743091319e-021
        var: 2.70292343885e-006
    spectral_energyband_middle_low:
        dmean: 0.000686722167302
        dmean2: 0.00114240241237
        dvar: 2.14227839024e-006
        dvar2: 6.02348836765e-006
        max: 0.0173951126635
        mean: 0.00140697823372
        median: 0.00105940690264
        min: 3.31183195057e-022
        var: 2.0573988877e-006
    spectral_flatness_db:
        dmean: 0.0133721558377
        dmean2: 0.0206550452858
        dvar: 0.000176754794666
        dvar2: 0.000368046195945
        max: 0.596893548965
        mean: 0.148643732071
        median: 0.138505101204
        min: 0.0638531818986
        var: 0.00260831881315
    spectral_flux:
        dmean: 0.00800691731274
        dmean2: 0.0123873203993
        dvar: 9.89333857433e-005
        dvar2: 0.000186464603757
        max: 0.137202963233
        mean: 0.0426626168191
        median: 0.0415985733271
        min: 1.02537353608e-010
        var: 0.000268807430984
    spectral_kurtosis:
        dmean: 1.03368330002
        dmean2: 1.71854698658
        dvar: 2.9972679615
        dvar2: 6.69977712631
        max: 74.4785766602
        mean: 3.15417647362
        median: 2.512550354
        min: -1.1975467205
        var: 19.1285915375
    spectral_rms:
        dmean: 0.000286582391709
        dmean2: 0.000459497212432
        dvar: 1.28299745938e-007
        dvar2: 3.35455695222e-007
        max: 0.00524305412546
        mean: 0.00212929421104
        median: 0.00216090166941
        min: 3.20272866387e-012
        var: 4.2605884687e-007
    spectral_rolloff:
        dmean: 300.838012695
        dmean2: 483.32901001
        dvar: 129944.5
        dvar2: 277611.25
        max: 18324.7558594
        mean: 3598.02368164
        median: 3725.24414063
        min: 172.265625
        var: 540956.9375
    spectral_skewness:
        dmean: 0.149038895965
        dmean2: 0.24315187335
        dvar: 0.0266366358846
        dvar2: 0.0620990097523
        max: 7.35510492325
        mean: 1.14903926849
        median: 1.08164072037
        min: 0.0652970895171
        var: 0.261862874031
    spectral_spread:
        dmean: 347473.71875
        dmean2: 522776.46875
        dvar: 244812513280
        dvar2: 361335685120
        max: 40169212
        mean: 4303802.5
        median: 4142579.5
        min: 1170429.625
        var: 1.32472687821e+012
    spectral_strongpeak:
        dmean: 0.656484901905
        dmean2: 1.12534666061
        dvar: 0.64414191246
        dvar2: 1.62790858746
        max: 7.13851356506
        mean: 0.950714170933
        median: 0.581314563751
        min: 5.89861048894e-009
        var: 1.06172895432
    zerocrossingrate:
        dmean: 0.00755617022514
        dmean2: 0.00918595027179
        dvar: 5.44922077097e-005
        dvar2: 7.01395620126e-005
        max: 0.49072265625
        mean: 0.111092709005
        median: 0.11279296875
        min: 0.0234375
        var: 0.000572641962208
    barkbands:
        dmean: [2.80077784964e-007, 7.69787366153e-005, 0.00016963109374, 0.000166410958627, 0.000365529442206, 0.000128541913, 7.02108154655e-005, 8.97050558706e-005, 0.000125251855934, 0.00010579283844, 6.61706144456e-005, 6.29888672847e-005, 7.19971649232e-005, 9.97866955004e-005, 0.00011132923828, 0.000181596798939, 0.000238283406361, 0.000217602166231, 0.000234668463236, 0.000227000869927, 0.000100850273157, 3.92875845137e-005, 8.33445028547e-006, 2.75624256574e-006, 1.03306695109e-006, 1.61209463556e-008, 2.6853419488e-010]
        dmean2: [4.43711655862e-007, 0.000130805230583, 0.000296401820378, 0.000279740488622, 0.000619821541477, 0.000221586218686, 0.00012177060853, 0.000144352277857, 0.000191315004486, 0.000161481118994, 0.00010462247883, 0.00010105768888, 0.000115362861834, 0.000162142809131, 0.000179715745617, 0.000298332772218, 0.000388728629332, 0.000360984908184, 0.000390318804421, 0.000374044699129, 0.000169943465153, 6.5172505856e-005, 1.3318683159e-005, 4.15972363044e-006, 1.54288466092e-006, 2.57837733386e-008, 4.82823059311e-010]
        dvar: [2.81997190356e-013, 1.68746190354e-008, 9.26789809341e-008, 6.99570676943e-008, 1.00806391856e-006, 8.14733809307e-008, 2.7743212172e-008, 3.10869623377e-008, 5.82606460853e-008, 4.56052973163e-008, 1.66910911759e-008, 1.536665728e-008, 2.84796506378e-008, 3.96755197585e-008, 3.65887160569e-008, 7.07683227574e-008, 1.17473462069e-007, 8.59787121499e-008, 1.05441330334e-007, 8.93314933137e-008, 2.25207195115e-008, 3.33248273421e-009, 2.68612326826e-010, 5.74033459655e-011, 1.37346930704e-011, 1.72108846899e-015, 1.47265717413e-019]
        dvar2: [6.47372346702e-013, 4.62125697709e-008, 2.59185895857e-007, 1.82767948331e-007, 2.86783438241e-006, 2.18889539383e-007, 7.616538511e-008, 7.31772473728e-008, 1.30783021746e-007, 9.46373361899e-008, 4.1119125882e-008, 3.84507750084e-008, 7.17733854572e-008, 9.89477513258e-008, 8.51057251339e-008, 1.78891866653e-007, 3.00035878809e-007, 2.30026174108e-007, 2.76575775615e-007, 2.25083098826e-007, 5.93081246336e-008, 8.16933987124e-009, 5.44840006445e-010, 9.67238025784e-011, 2.51354007053e-011, 3.5914078379e-015, 4.38564284837e-019]
        max: [5.97650296186e-006, 0.00154335901607, 0.00307311769575, 0.00566318118945, 0.0138329155743, 0.00503852125257, 0.00286845699884, 0.00390037288889, 0.00472591212019, 0.00465267663822, 0.00315957260318, 0.00259795179591, 0.00426699314266, 0.00377421616577, 0.00585802923888, 0.00668500736356, 0.00596111407503, 0.00636034552008, 0.00639014784247, 0.00608746614307, 0.00301161804236, 0.00101537944283, 0.000342536222888, 0.000243171569309, 0.000104381426354, 2.16602006731e-006, 5.98367977389e-009]
        mean: [2.5525795877e-007, 9.96859380393e-005, 0.000180942501174, 0.00021105320775, 0.000443102355348, 0.000168226019014, 8.97814388736e-005, 0.00014793338778, 0.000223461087444, 0.000199655201868, 0.000119238859043, 0.000109463639092, 0.000120028365927, 0.000162207070389, 0.000206067896215, 0.000358957855497, 0.000475279230159, 0.000436118541984, 0.000478149740957, 0.000533074140549, 0.000216110158362, 8.27447292977e-005, 1.49740581037e-005, 5.54906046091e-006, 1.87448836186e-006, 3.06513072701e-008, 3.1569374892e-010]
        median: [3.82850586789e-008, 6.65032566758e-005, 8.59036008478e-005, 0.000123045785585, 0.000214728323044, 8.44993628561e-005, 4.44182005594e-005, 6.48494242341e-005, 0.000103136189864, 8.43854213599e-005, 4.47674974566e-005, 5.57599996682e-005, 5.40991240996e-005, 8.11549762147e-005, 0.000123508856632, 0.000263154361164, 0.000354862306267, 0.000348543806467, 0.000388215994462, 0.000427262741141, 0.000182337491424, 6.61074882373e-005, 8.53265191836e-006, 2.887560413e-006, 8.47939190862e-007, 1.80462347288e-008, 1.62202945519e-010]
        min: [8.2871207556e-023, 3.65444736836e-023, 6.46791247014e-025, 5.53889028943e-023, 2.62092361996e-023, 1.85923092655e-023, 1.92478779213e-023, 2.20822377988e-023, 1.7330807082e-022, 7.28374269561e-023, 1.12852181803e-022, 1.57519493119e-022, 1.39048157251e-022, 1.36032070642e-022, 1.31590783746e-022, 1.25869939218e-022, 1.48753708606e-022, 3.54693951093e-022, 4.06030696398e-022, 3.95632272733e-022, 3.66199405354e-022, 3.58473011347e-022, 5.752294961e-022, 7.36645230028e-022, 1.03525016102e-021, 1.78760556228e-021, 2.40065302494e-021]
        var: [2.88395338426e-013, 1.64554805338e-008, 7.82966012025e-008, 8.44001561973e-008, 7.33355420834e-007, 8.77710988334e-008, 2.52496015207e-008, 6.49296225674e-008, 1.34598408863e-007, 1.50999056814e-007, 3.87478529262e-008, 3.01892875143e-008, 4.68541543341e-008, 6.81559129134e-008, 7.71924106857e-008, 1.54297126187e-007, 2.22056272037e-007, 1.41965429634e-007, 1.58989351462e-007, 1.96812450781e-007, 2.82837273602e-008, 5.45088330028e-009, 5.97664528978e-010, 1.70403732791e-010, 3.39030158114e-011, 3.14254580915e-015, 1.89479884773e-019]
    frequency_bands:
        dmean: [2.80077784964e-007, 7.69787366153e-005, 0.00016963109374, 0.000166410958627, 0.000365529442206, 0.000128541913, 7.02108154655e-005, 8.97050558706e-005, 0.000125251855934, 0.00010579283844, 6.61706144456e-005, 6.29888672847e-005, 7.19971649232e-005, 9.97866955004e-005, 0.00011132923828, 0.000181596798939, 0.000238283406361, 0.000217602166231, 0.000234668463236, 0.000227000869927, 0.000100850273157, 3.92875845137e-005, 8.33445028547e-006, 2.75624256574e-006, 1.03306695109e-006, 1.61209463556e-008, 2.6853419488e-010, 6.03236002816e-011]
        dmean2: [4.43711655862e-007, 0.000130805230583, 0.000296401820378, 0.000279740488622, 0.000619821541477, 0.000221586218686, 0.00012177060853, 0.000144352277857, 0.000191315004486, 0.000161481118994, 0.00010462247883, 0.00010105768888, 0.000115362861834, 0.000162142809131, 0.000179715745617, 0.000298332772218, 0.000388728629332, 0.000360984908184, 0.000390318804421, 0.000374044699129, 0.000169943465153, 6.5172505856e-005, 1.3318683159e-005, 4.15972363044e-006, 1.54288466092e-006, 2.57837733386e-008, 4.82823059311e-010, 1.12190770563e-010]
        dvar: [2.81997190356e-013, 1.68746190354e-008, 9.26789809341e-008, 6.99570676943e-008, 1.00806391856e-006, 8.14733809307e-008, 2.7743212172e-008, 3.10869623377e-008, 5.82606460853e-008, 4.56052973163e-008, 1.66910911759e-008, 1.536665728e-008, 2.84796506378e-008, 3.96755197585e-008, 3.65887160569e-008, 7.07683227574e-008, 1.17473462069e-007, 8.59787121499e-008, 1.05441330334e-007, 8.93314933137e-008, 2.25207195115e-008, 3.33248273421e-009, 2.68612326826e-010, 5.74033459655e-011, 1.37346930704e-011, 1.72108846899e-015, 1.47265717413e-019, 8.27885331661e-021]
        dvar2: [6.47372346702e-013, 4.62125697709e-008, 2.59185895857e-007, 1.82767948331e-007, 2.86783438241e-006, 2.18889539383e-007, 7.616538511e-008, 7.31772473728e-008, 1.30783021746e-007, 9.46373361899e-008, 4.1119125882e-008, 3.84507750084e-008, 7.17733854572e-008, 9.89477513258e-008, 8.51057251339e-008, 1.78891866653e-007, 3.00035878809e-007, 2.30026174108e-007, 2.76575775615e-007, 2.25083098826e-007, 5.93081246336e-008, 8.16933987124e-009, 5.44840006445e-010, 9.67238025784e-011, 2.51354007053e-011, 3.5914078379e-015, 4.38564284837e-019, 2.67849935762e-020]
        max: [5.97650296186e-006, 0.00154335901607, 0.00307311769575, 0.00566318118945, 0.0138329155743, 0.00503852125257, 0.00286845699884, 0.00390037288889, 0.00472591212019, 0.00465267663822, 0.00315957260318, 0.00259795179591, 0.00426699314266, 0.00377421616577, 0.00585802923888, 0.00668500736356, 0.00596111407503, 0.00636034552008, 0.00639014784247, 0.00608746614307, 0.00301161804236, 0.00101537944283, 0.000342536222888, 0.000243171569309, 0.000104381426354, 2.16602006731e-006, 5.98367977389e-009, 1.36605182721e-009]
        mean: [2.5525795877e-007, 9.96859380393e-005, 0.000180942501174, 0.00021105320775, 0.000443102355348, 0.000168226019014, 8.97814388736e-005, 0.00014793338778, 0.000223461087444, 0.000199655201868, 0.000119238859043, 0.000109463639092, 0.000120028365927, 0.000162207070389, 0.000206067896215, 0.000358957855497, 0.000475279230159, 0.000436118541984, 0.000478149740957, 0.000533074140549, 0.000216110158362, 8.27447292977e-005, 1.49740581037e-005, 5.54906046091e-006, 1.87448836186e-006, 3.06513072701e-008, 3.1569374892e-010, 4.6532978859e-011]
        median: [3.82850586789e-008, 6.65032566758e-005, 8.59036008478e-005, 0.000123045785585, 0.000214728323044, 8.44993628561e-005, 4.44182005594e-005, 6.48494242341e-005, 0.000103136189864, 8.43854213599e-005, 4.47674974566e-005, 5.57599996682e-005, 5.40991240996e-005, 8.11549762147e-005, 0.000123508856632, 0.000263154361164, 0.000354862306267, 0.000348543806467, 0.000388215994462, 0.000427262741141, 0.000182337491424, 6.61074882373e-005, 8.53265191836e-006, 2.887560413e-006, 8.47939190862e-007, 1.80462347288e-008, 1.62202945519e-010, 1.76583227207e-011]
        min: [8.2871207556e-023, 3.65444736836e-023, 6.46791247014e-025, 5.53889028943e-023, 2.62092361996e-023, 1.85923092655e-023, 1.92478779213e-023, 2.20822377988e-023, 1.7330807082e-022, 7.28374269561e-023, 1.12852181803e-022, 1.57519493119e-022, 1.39048157251e-022, 1.36032070642e-022, 1.31590783746e-022, 1.25869939218e-022, 1.48753708606e-022, 3.54693951093e-022, 4.06030696398e-022, 3.95632272733e-022, 3.66199405354e-022, 3.58473011347e-022, 5.752294961e-022, 7.36645230028e-022, 1.03525016102e-021, 1.78760556228e-021, 2.40065302494e-021, 6.38099867467e-022]
        var: [2.88395338426e-013, 1.64554805338e-008, 7.82966012025e-008, 8.44001561973e-008, 7.33355420834e-007, 8.77710988334e-008, 2.52496015207e-008, 6.49296225674e-008, 1.34598408863e-007, 1.50999056814e-007, 3.87478529262e-008, 3.01892875143e-008, 4.68541543341e-008, 6.81559129134e-008, 7.71924106857e-008, 1.54297126187e-007, 2.22056272037e-007, 1.41965429634e-007, 1.58989351462e-007, 1.96812450781e-007, 2.82837273602e-008, 5.45088330028e-009, 5.97664528978e-010, 1.70403732791e-010, 3.39030158114e-011, 3.14254580915e-015, 1.89479884773e-019, 6.2349259698e-021]
    mfcc:
        mean: [-697.301574707, 87.6044998169, -57.3031387329, 55.0053291321, -14.8724498749, 0.401307582855, -4.21343517303, -0.972718596458, 4.07574224472, -2.75636076927, -5.14539957047, -5.54280090332, -7.22168540955]
        cov: [[7430.62109375, 1002.99035645, -759.654174805, 844.071838379, -60.5496368408, 254.874359131, 144.517303467, 135.660461426, -62.2984352112, -126.397285461, -304.384490967, -296.238952637, -222.342224121], [1002.99035645, 626.633972168, -219.296478271, 269.161651611, -6.5358543396, 47.7929115295, 59.6278610229, 10.6214733124, 55.4695663452, -25.3554286957, -13.7166137695, -40.474357605, -37.8605003357], [-759.654174805, -219.296478271, 539.99041748, -58.8535308838, 139.896453857, 17.7680854797, 2.34169363976, 32.570930481, -18.8081817627, 59.9163818359, 37.0376319885, 57.5922088623, 53.7774009705], [844.071838379, 269.161651611, -58.8535308838, 403.3984375, 91.4281692505, 49.7711639404, 25.7854290009, 36.9216194153, 81.7911148071, -3.44900560379, -21.7533817291, -37.698425293, -24.1059017181], [-60.5496368408, -6.5358543396, 139.896453857, 91.4281692505, 185.508590698, 60.96326828, 27.1353340149, 23.6353263855, 22.1912097931, 17.266834259, 2.44678807259, 13.8956813812, 19.1024875641], [254.874359131, 47.7929115295, 17.7680854797, 49.7711639404, 60.96326828, 145.583175659, 88.6250152588, 40.7062683105, -5.68009471893, -11.1366024017, -4.6760892868, -5.08042860031, -9.49275875092], [144.517303467, 59.6278610229, 2.34169363976, 25.7854290009, 27.1353340149, 88.6250152588, 129.886154175, 60.5346565247, 9.28049945831, -6.50551223755, -0.725026607513, -0.300786107779, -6.41584205627], [135.660461426, 10.6214733124, 32.570930481, 36.9216194153, 23.6353263855, 40.7062683105, 60.5346565247, 105.676521301, 46.740978241, 23.7808513641, 7.21379184723, 5.95810747147, -0.493675738573], [-62.2984352112, 55.4695663452, -18.8081817627, 81.7911148071, 22.1912097931, -5.68009471893, 9.28049945831, 46.740978241, 114.510879517, 47.8332099915, 26.5041046143, 4.64550018311, 0.50818169117], [-126.397285461, -25.3554286957, 59.9163818359, -3.44900560379, 17.266834259, -11.1366024017, -6.50551223755, 23.7808513641, 47.8332099915, 109.739318848, 52.1224479675, 23.878780365, 19.2869224548], [-304.384490967, -13.7166137695, 37.0376319885, -21.7533817291, 2.44678807259, -4.6760892868, -0.725026607513, 7.21379184723, 26.5041046143, 52.1224479675, 87.9970092773, 48.3045768738, 22.4212112427], [-296.238952637, -40.474357605, 57.5922088623, -37.698425293, 13.8956813812, -5.08042860031, -0.300786107779, 5.95810747147, 4.64550018311, 23.878780365, 48.3045768738, 77.6194915771, 46.1351585388], [-222.342224121, -37.8605003357, 53.7774009705, -24.1059017181, 19.1024875641, -9.49275875092, -6.41584205627, -0.493675738573, 0.50818169117, 19.2869224548, 22.4212112427, 46.1351585388, 73.8035507202]]
        icov: [[0.000334993615979, -0.000229139390285, 0.000340598751791, -0.000613037846051, 0.000212922765058, -0.000378001132049, 0.000329017551849, -0.000786371645518, 0.00111460825428, -0.000696725037415, 0.000831312034279, 0.000108859712782, 0.000216664499021], [-0.000229139390285, 0.00295897177421, 0.000505271425936, -0.00143042893615, 0.000402906764066, 0.000279316329397, -0.00171181862243, 0.00150418444537, -0.000988809857517, 0.000578926934395, -0.00105718662962, -2.46138133662e-005, -2.27989912673e-005], [0.000340598751791, 0.000505271425936, 0.00352978170849, -0.000511656398885, -0.00225769961253, 0.000200840760954, 0.000399640470278, -0.0020256775897, 0.00283934734762, -0.00193065835629, 0.000504291907419, -0.000521870853845, -0.000164430908626], [-0.000613037846051, -0.00143042893615, -0.000511656398885, 0.00614870013669, -0.00275177322328, -9.69315224211e-005, 0.000863978289999, 0.000675371382385, -0.00460840761662, 0.00203509652056, -0.000958032440394, 0.0011833870085, -0.000368920678739], [0.000212922765058, 0.000402906764066, -0.00225769961253, -0.00275177322328, 0.0101569369435, -0.00429248297587, 0.000441078067524, 0.00113658234477, -0.0013066441752, -0.000820066605229, 0.00231905537657, -0.00116857513785, -0.00129136233591], [-0.000378001132049, 0.000279316329397, 0.000200840760954, -9.69315224211e-005, -0.00429248297587, 0.0149523727596, -0.00886516179889, -0.000425110076321, 0.00230758078396, 0.00111669802573, -0.0025009799283, 0.000655819312669, 0.00112934247591], [0.000329017551849, -0.00171181862243, 0.000399640470278, 0.000863978289999, 0.000441078067524, -0.00886516179889, 0.0177597776055, -0.00841126870364, 0.00147500599269, 0.000923092709854, 0.000282062304905, -1.02672338471e-005, 6.59595616526e-006], [-0.000786371645518, 0.00150418444537, -0.0020256775897, 0.000675371382385, 0.00113658234477, -0.000425110076321, -0.00841126870364, 0.0198501925915, -0.0096594505012, -0.000326144974679, 0.00113068183418, -0.00251507665962, 0.00053236092208], [0.00111460825428, -0.000988809857517, 0.00283934734762, -0.00460840761662, -0.0013066441752, 0.00230758078396, 0.00147500599269, -0.0096594505012, 0.0209067221731, -0.00732068484649, -0.000583926739637, 0.00118956540246, 0.00117807276547], [-0.000696725037415, 0.000578926934395, -0.00193065835629, 0.00203509652056, -0.000820066605229, 0.00111669802573, 0.000923092709854, -0.000326144974679, -0.00732068484649, 0.0178165007383, -0.0103999432176, 0.00347339943983, -0.00291386758909], [0.000831312034279, -0.00105718662962, 0.000504291907419, -0.000958032440394, 0.00231905537657, -0.0025009799283, 0.000282062304905, 0.00113068183418, -0.000583926739637, -0.0103999432176, 0.0267150010914, -0.0147989494726, 0.00424874061719], [0.000108859712782, -2.46138133662e-005, -0.000521870853845, 0.0011833870085, -0.00116857513785, 0.000655819312669, -1.02672338471e-005, -0.00251507665962, 0.00118956540246, 0.00347339943983, -0.0147989494726, 0.0314626060426, -0.0146363331005], [0.000216664499021, -2.27989912673e-005, -0.000164430908626, -0.000368920678739, -0.00129136233591, 0.00112934247591, 6.59595616526e-006, 0.00053236092208, 0.00117807276547, -0.00291386758909, 0.00424874061719, -0.0146363331005, 0.0232853628695]]
    sccoeffs:
        dmean: [0.0590531677008, 0.0477037988603, 0.0393115729094, 0.0314759910107, 0.020330503583, 0.0161212775856]
        dmean2: [0.0967246741056, 0.0784175619483, 0.0636841580272, 0.0515784695745, 0.03343488276, 0.0254576429725]
        dvar: [0.00255832704715, 0.00142897979822, 0.000984827522188, 0.00061154155992, 0.000288429961074, 0.000194595937501]
        dvar2: [0.00679369643331, 0.00379249150865, 0.0025719658006, 0.00159341073595, 0.000721081567463, 0.000439913361333]
        max: [-0.322194963694, -0.356259465218, -0.441395998001, -0.547587394714, -0.566938102245, -0.492818534374]
        mean: [-0.665128290653, -0.758503198624, -0.772370457649, -0.775395512581, -0.792828500271, -0.719601333141]
        median: [-0.672444462776, -0.768110394478, -0.778133869171, -0.777043223381, -0.792505025864, -0.716849565506]
        min: [-0.974110662937, -0.976995944977, -0.990907728672, -0.969432711601, -0.971679329872, -0.95717561245]
        var: [0.00650115543976, 0.0053752027452, 0.0042178472504, 0.00231873709708, 0.0013502552174, 0.00256530428305]
    scvalleys:
        dmean: [0.423460185528, 0.369997382164, 0.299157649279, 0.239517837763, 0.220393180847, 0.228262975812]
        dmean2: [0.674190878868, 0.614236712456, 0.485685586929, 0.381152182817, 0.340236455202, 0.350440829992]
        dvar: [0.162747144699, 0.121697202325, 0.0729765295982, 0.0507440343499, 0.0514766275883, 0.0753560885787]
        dvar2: [0.334262341261, 0.302046537399, 0.167046695948, 0.106162987649, 0.105832748115, 0.156007021666]
        max: [-5.05960273743, -4.28590488434, -5.37590885162, -5.62482357025, -5.28131580353, -7.41042280197]
        mean: [-7.13736248016, -6.852206707, -7.11986017227, -7.08480358124, -6.8256649971, -9.70757961273]
        median: [-6.7041258812, -6.61717844009, -6.8588848114, -6.80777645111, -6.5502948761, -9.41337966919]
        min: [-27.1100730896, -26.9938716888, -27.1122932434, -26.9364395142, -27.2604045868, -27.2712402344]
        var: [2.57607340813, 1.94957637787, 2.0650844574, 1.98636126518, 1.92270922661, 1.93449783325]

rhythm:
    beats_loudness:
        dmean: 0.0017981599085
        dmean2: 0.00322215096094
        dvar: 2.47943580689e-006
        dvar2: 7.32187572794e-006
        max: 0.0141508905217
        mean: 0.00564424926415
        median: 0.00547046400607
        min: 9.27885060453e-011
        var: 5.4066008488e-006
    bpm: 133.107727051
    bpm_confidence: 0
    first_peak_bpm: 133
    first_peak_spread: 0.598360657692
    first_peak_weight: 0.373333334923
    onset_rate: 3.26497006416
    second_peak_bpm: 126
    second_peak_spread: 0.0833333134651
    second_peak_weight: 0.0419047623873
    beats_loudness_band_ratio:
        dmean: [0.0899806693196, 0.0776108503342, 0.0821583643556, 0.0676960423589, 0.11214286834, 0.0911584720016]
        dmean2: [0.155318692327, 0.137506708503, 0.141966626048, 0.11863180995, 0.187636032701, 0.159008190036]
        dvar: [0.00973844062537, 0.00609373021871, 0.00882150605321, 0.00626132637262, 0.00861412100494, 0.0069785551168]
        dvar2: [0.0276845283806, 0.0179000068456, 0.0221732091159, 0.0169520396739, 0.0230263266712, 0.0201969277114]
        max: [0.683135032654, 0.615550458431, 0.999517321587, 0.570692062378, 0.70223146677, 0.73230278492]
        mean: [0.124618545175, 0.103666990995, 0.1371768713, 0.109628349543, 0.323764741421, 0.246992453933]
        median: [0.0954045876861, 0.0793600231409, 0.0923357754946, 0.0779868215322, 0.329971253872, 0.238690927625]
        min: [0, 0, 0, 0, 0, 0]
        var: [0.0111567983404, 0.00716002937406, 0.0244034733623, 0.0082061458379, 0.0164502169937, 0.00949718616903]
    beats_position: [0.429569154978, 0.882358253002, 1.34675729275, 1.8111563921, 2.27555561066, 2.73995471001, 3.20435357094, 3.68036270142, 4.15637159348, 4.62077093124, 5.08516979218, 5.54956912994, 6.025578022, 6.5015873909, 6.96598625183, 7.4303855896, 7.89478445053, 8.35918331146, 8.82358264923, 9.287981987, 9.75238037109, 10.22838974, 10.7043991089, 11.1804075241, 11.656416893, 12.1324262619, 12.6084346771, 13.0728340149, 13.5372333527, 14.0016326904, 14.4660310745, 14.9304304123, 15.4064397812, 15.8824491501, 16.3468475342, 16.8112468719, 17.2756462097, 17.7400455475, 18.2160549164, 18.6920623779, 19.1564617157, 19.6208610535, 20.0968704224, 20.5728797913, 21.037279129, 21.5016784668, 21.9660758972, 22.430475235, 22.9064846039, 23.3824939728, 23.8468933105, 24.3112926483, 24.7756919861, 25.2516994476, 25.7277088165, 26.1921081543, 26.6565074921, 27.1209068298, 27.5969161987, 28.0729255676, 28.537322998, 28.9901123047, 29.4429016113, 29.8840808868, 30.3368701935, 30.7896595001, 31.2424488068, 31.6952381134, 32.1364173889, 32.5892066956, 33.0419960022, 33.4831733704, 33.935962677, 34.3887519836, 34.8299331665, 35.2711105347, 35.7238998413, 36.1766891479, 36.6178665161, 37.059047699, 37.5118370056, 37.9646263123, 38.4058036804, 38.8469848633, 39.2997741699, 39.7525634766, 40.1937408447, 40.6465301514, 41.099319458, 41.5404968262, 41.981678009, 42.4344673157, 42.8872566223, 43.3284339905, 43.7812232971, 44.2340126038, 44.6751937866, 45.1163711548, 45.5575485229, 46.0103378296, 46.4631271362, 46.9159164429, 47.3570976257, 47.8098869324, 48.262676239, 48.7154655457, 49.1566429138, 49.5978240967, 50.0506095886, 50.5033988953, 50.9445800781, 51.3857574463, 51.8385467529, 52.2913360596, 52.7325172424, 53.1736946106, 53.6264839172, 54.0792732239, 54.5320625305, 54.9732398987, 55.4260292053, 55.8672103882, 56.3199996948, 56.7727890015, 57.2139663696, 57.6551475525, 58.1079368591, 58.5491142273, 59.0019035339, 59.4546928406, 59.9074821472, 60.3486595154, 60.7898406982, 61.2426300049, 61.6954193115, 62.1482086182, 62.6009979248, 63.042175293, 63.4833564758, 63.9361457825, 64.3889312744, 64.8301086426, 65.2712936401, 65.7124710083, 66.1536483765, 66.6064376831, 67.0592269897, 67.5120162964, 67.964805603, 68.4175949097, 68.8703842163, 69.3115615845, 69.7527389526, 70.2055282593, 70.6583175659, 71.0995025635, 71.5406799316, 71.9934692383, 72.4462585449, 72.8874359131, 73.3402252197, 73.7930145264, 74.2341918945, 74.6869812012, 75.1281585693, 75.5693435669, 76.0221328735, 76.4749221802, 76.9277114868, 77.368888855, 77.8100662231, 78.2628555298, 78.7156448364, 79.1568222046, 79.5979995728, 80.0507888794, 80.503578186, 80.9447631836, 81.3859405518, 81.8387298584, 82.291519165, 82.7326965332, 83.1854858398, 83.626663208, 84.0794525146, 84.5322418213, 84.9850311279, 85.4262084961, 85.8673934937, 86.3201828003, 86.7729721069, 87.2141494751, 87.6669387817, 88.1197280884, 88.5841217041, 89.0485229492, 89.5129241943, 89.9773254395, 90.4417190552, 90.8945083618, 91.3472976685, 91.8116989136, 92.2761001587, 92.7404937744, 93.2048950195, 93.6576843262, 94.1220855713, 94.5864868164, 95.0508804321, 95.5036697388, 95.9680709839, 96.432472229, 96.8968658447, 97.3612670898, 97.825668335, 98.2900695801, 98.7428588867, 99.1956481934, 99.6600418091, 100.124443054, 100.588844299, 101.041633606, 101.494422913, 101.958816528, 102.411605835, 102.852790833, 103.305580139, 103.746757507, 104.187934875, 104.629112244, 105.08190155, 105.534690857, 105.987480164, 106.44026947, 106.881446838, 107.322631836, 107.763809204, 108.204986572, 108.657775879, 109.110565186, 109.563354492, 110.016143799, 110.468933105, 110.910110474, 111.351287842, 111.804077148, 112.256866455, 112.709655762, 113.15083313, 113.592018127, 114.033195496, 114.485984802, 114.938774109, 115.379951477, 115.832740784, 116.28553009, 116.726707458, 117.179496765, 117.632286072, 118.07346344, 118.526252747, 118.967437744, 119.420227051, 119.873016357, 120.325805664, 120.766983032, 121.2081604, 121.660949707, 122.113739014, 122.554916382, 122.99609375, 123.437278748, 123.878456116, 124.331245422, 124.784034729, 125.236824036, 125.689613342, 126.142402649, 126.595191956, 127.047981262, 127.48915863, 127.941947937, 128.383132935, 128.824310303, 129.265487671, 129.718276978, 130.171066284, 130.612243652, 131.053421021, 131.506210327, 131.958999634, 132.41178894, 132.864578247, 133.305755615, 133.746932983, 134.19972229, 134.652511597, 135.093688965, 135.534866333, 135.98765564, 136.428848267, 136.870025635, 137.322814941, 137.775604248, 138.228393555, 138.681182861, 139.122360229, 139.575149536, 140.016326904, 140.469116211, 140.921905518, 141.363082886, 141.804260254, 142.257049561, 142.709838867, 143.151016235, 143.592193604, 144.04498291, 144.497772217, 144.938949585, 145.391738892, 145.844528198, 146.285705566, 146.726898193, 147.168075562, 147.60925293, 148.050430298, 148.491607666, 148.932785034, 149.373962402, 149.815139771, 150.256317139, 150.685897827, 151.115463257, 151.556640625, 151.997817993, 152.438995361, 152.880172729, 153.321365356, 153.762542725, 154.203720093, 154.644897461, 155.086074829, 155.527252197, 155.968429565, 156.409606934, 156.850784302, 157.291976929, 157.733154297, 158.174331665, 158.615509033, 159.056686401, 159.49786377, 159.939041138, 160.380218506, 160.821395874, 161.262588501, 161.703765869, 162.144943237, 162.586120605, 163.027297974, 163.468475342, 163.90965271, 164.350830078, 164.792022705, 165.233200073, 165.674377441, 166.11555481, 166.556732178, 166.997909546, 167.439086914, 167.880264282, 168.32144165, 168.762634277, 169.203811646, 169.644989014, 170.086166382, 170.52734375, 170.968521118, 171.409698486, 171.850875854, 172.292053223, 172.744842529, 173.197631836, 173.650421143, 174.103210449, 174.555999756, 175.008789063, 175.449981689, 175.891159058, 176.332336426, 176.773513794, 177.214691162, 177.65586853, 178.097045898, 178.549835205, 178.991012573, 179.432189941, 179.884979248, 180.337768555, 180.790557861, 181.243347168, 181.684524536, 182.137313843, 182.57850647, 183.031295776, 183.484085083, 183.93687439, 184.378051758, 184.819229126, 185.272018433, 185.713195801, 186.154373169, 186.607162476, 187.059951782, 187.50112915, 187.953918457, 188.406707764, 188.847885132, 189.300674438, 189.753463745, 190.194641113, 190.635818481, 191.088607788, 191.541397095, 191.994186401, 192.43536377, 192.888153076, 193.329345703, 193.78213501, 194.223312378, 194.676101685, 195.117279053, 195.570068359, 196.022857666, 196.464035034, 196.905212402, 197.358001709, 197.810791016, 198.251968384, 198.693145752, 199.145935059, 199.598724365, 200.039901733, 200.481079102, 200.92225647, 201.375045776, 201.827835083, 202.292236328, 202.745025635, 203.197814941, 203.662216187, 204.126617432, 204.591018677, 205.055419922, 205.519821167, 205.984207153, 206.43699646, 206.889785767, 207.354187012, 207.818588257, 208.282989502, 208.747390747, 209.211791992, 209.676193237, 210.140579224, 210.59336853, 211.046157837, 211.510559082, 211.974960327, 212.439361572, 212.903762817, 213.356552124, 213.809341431, 214.273742676, 214.738143921, 215.202529907, 215.666931152, 216.131332397, 216.595733643, 217.048522949, 217.501312256, 217.965713501, 218.430114746, 218.894515991, 219.358901978, 219.823303223, 220.287704468, 220.752105713, 221.20489502, 221.669296265, 222.13369751, 222.598098755, 223.050872803, 223.515274048, 223.979675293, 224.444076538, 224.896865845, 225.349655151, 225.814056396, 226.278457642, 226.742858887, 227.207244873, 227.671646118, 228.136047363, 228.600448608, 229.053237915, 229.51763916, 229.970428467, 230.434829712, 230.899230957, 231.363616943, 231.81640625, 232.304031372, 232.791656494, 233.406982422, 234.033920288, 234.672470093, 235.311019897, 235.961181641, 236.599716187, 237.215057373, 237.841995239, 238.468933105, 239.095870972, 239.722808838]
