
metadata:
    version:
        essentia: "2.1-beta2"
    audio_properties:
        analysis_sample_rate: 44100
        bitrate: 320
        channels: 2
        equal_loudness: 1
        length: 226.324905396
        replay_gain: -15.1374015808
        downmix: "mix"
    tags:
        album: "Venom (Deluxe Edition)"
        artist: "Bullet for My Valentine"
        comment: ""
        date: "2015"
        genre: ""
        title: "Pariah"
        tracknumber: "11/15"

configuration:
    average_loudness:
        compute: 1
        frameSize: 88200
        hopSize: 44100
        silentFrames: "noise"
        windowType: "hann"
    general:
        analysisSampleRate: 44100
        endTime: 2000
        equalLoudness: 1
        nequalLoudness: 0
        shortSound: 0
        startTime: 0
    lowlevel:
        compute: 1
        frameSize: 2048
        hopSize: 1024
        zeroPadding: 0
        silentFrames: "noise"
        windowType: "blackmanharris62"
        mfccStats: ["mean", "cov", "icov"]
        stats: ["mean", "var", "median", "min", "max", "dmean", "dmean2", "dvar", "dvar2"]
    panning:
        compute: 0
        frameSize: 8192
        hopSize: 2048
        zeroPadding: 8192
        silentFrames: "noise"
        windowType: "hann"
        stats: ["copy"]
    rhythm:
        compute: 1
        maxTempo: 208
        minTempo: 40
        method: "degara"
        stats: ["mean", "var", "median", "min", "max", "dmean", "dmean2", "dvar", "dvar2"]
    segmentation:
        compute: 0
        cpw: 5
        inc1: 300
        inc2: 50
        minimumSegmentsLength: 10
        size1: 1000
        size2: 600
    sfx:
        compute: 1
        stats: ["mean", "var", "median", "min", "max", "dmean", "dmean2", "dvar", "dvar2"]
    svm:
        compute: 0
    tonal:
        compute: 1
        frameSize: 4096
        hopSize: 2048
        zeroPadding: 0
        silentFrames: "noise"
        windowType: "blackmanharris62"
        stats: ["mean", "var", "median", "min", "max", "dmean", "dmean2", "dvar", "dvar2"]

lowlevel:
    average_loudness: 0.947234153748
    barkbands_kurtosis:
        dmean: 0.663471400738
        dmean2: 1.10148799419
        dvar: 0.730485856533
        dvar2: 1.84045577049
        max: 20.2207603455
        mean: -0.707447826862
        median: -1.00839555264
        min: -1.8706111908
        var: 1.27377343178
    barkbands_skewness:
        dmean: 0.451883941889
        dmean2: 0.722867667675
        dvar: 0.186192438006
        dvar2: 0.475784987211
        max: 4.51846790314
        mean: -0.347495108843
        median: -0.427202403545
        min: -3.20561790466
        var: 0.487989962101
    barkbands_spread:
        dmean: 6.75801038742
        dmean2: 10.899930954
        dvar: 38.4986724854
        dvar2: 96.5914001465
        max: 68.988494873
        mean: 34.2955589294
        median: 34.1497344971
        min: 6.1856637001
        var: 95.7697982788
    dissonance:
        dmean: 0.00907943863422
        dmean2: 0.015609877184
        dvar: 7.30823230697e-005
        dvar2: 0.000204110911
        max: 0.500000119209
        mean: 0.486282795668
        median: 0.488840997219
        min: 0.418695688248
        var: 0.000113663278171
    hfc:
        dmean: 2.76903510094
        dmean2: 4.49606132507
        dvar: 11.8348970413
        dvar2: 30.5451660156
        max: 37.7977333069
        mean: 9.12335014343
        median: 8.30059623718
        min: 1.12937708654e-016
        var: 26.2400398254
    pitch:
        dmean: 1074.01831055
        dmean2: 2036.22924805
        dvar: 1844864.125
        dvar2: 4465260
        max: 5126.89013672
        mean: 1398.60253906
        median: 537.393493652
        min: 51.7569351196
        var: 2248170.75
    pitch_instantaneous_confidence:
        dmean: 0.0760082677007
        dmean2: 0.124096296728
        dvar: 0.00436156755313
        dvar2: 0.0107881193981
        max: 0.811596155167
        mean: 0.314136892557
        median: 0.290129095316
        min: 0.108228802681
        var: 0.011789130047
    pitch_salience:
        dmean: 0.060994528234
        dmean2: 0.101920463145
        dvar: 0.00307568488643
        dvar2: 0.00847916118801
        max: 0.993223130703
        mean: 0.682050645351
        median: 0.699709653854
        min: 0.158448964357
        var: 0.00688596768305
    silence_rate_20dB:
        dmean: 0
        dmean2: 0
        dvar: 0
        dvar2: 0
        max: 1
        mean: 1
        median: 1
        min: 1
        var: 0
    silence_rate_30dB:
        dmean: 0
        dmean2: 0
        dvar: 0
        dvar2: 0
        max: 1
        mean: 1
        median: 1
        min: 1
        var: 0
    silence_rate_60dB:
        dmean: 0.121678464115
        dmean2: 0.243381902575
        dvar: 0.106883920729
        dvar2: 0.222521722317
        max: 1
        mean: 0.309807151556
        median: 0
        min: 0
        var: 0.213808551431
    spectral_centroid:
        dmean: 334.489135742
        dmean2: 533.598388672
        dvar: 103014.9375
        dvar2: 249623.140625
        max: 10703.7685547
        mean: 2049.38110352
        median: 2100.56103516
        min: 277.929748535
        var: 278790.125
    spectral_complexity:
        dmean: 4.70134401321
        dmean2: 7.30863952637
        dvar: 20.6427383423
        dvar2: 47.487323761
        max: 48
        mean: 16.882232666
        median: 17
        min: 0
        var: 69.1028442383
    spectral_crest:
        dmean: 2.17615175247
        dmean2: 3.66389966011
        dvar: 5.48816823959
        dvar2: 14.5380449295
        max: 22.4883880615
        mean: 6.2582783699
        median: 5.31380271912
        min: 2.28540849686
        var: 8.38784217834
    spectral_decrease:
        dmean: 4.0638825638e-010
        dmean2: 7.01197766517e-010
        dvar: 4.87445851051e-019
        dvar2: 1.3490578566e-018
        max: -4.19077029499e-029
        mean: -1.00611563525e-009
        median: -8.86229312158e-010
        min: -6.23883122941e-009
        var: 4.74291042674e-019
    spectral_energy:
        dmean: 0.00174859189428
        dmean2: 0.00299709104002
        dvar: 8.35644095787e-006
        dvar2: 2.29682373174e-005
        max: 0.0250737033784
        mean: 0.00462483474985
        median: 0.00412212125957
        min: 1.04019634161e-020
        var: 8.88795329956e-006
    spectral_energyband_high:
        dmean: 0.000229334793403
        dmean2: 0.000384883140214
        dvar: 8.85712481136e-008
        dvar2: 2.3510557412e-007
        max: 0.00377046642825
        mean: 0.000545652525034
        median: 0.000464849057607
        min: 7.63387215867e-021
        var: 1.2995975851e-007
    spectral_energyband_low:
        dmean: 0.000289570336463
        dmean2: 0.000499262532685
        dvar: 2.72228703579e-007
        dvar2: 7.44762473914e-007
        max: 0.00431611575186
        mean: 0.00034391254303
        median: 0.000198953930521
        min: 4.05925481286e-023
        var: 2.27209412174e-007
    spectral_energyband_middle_high:
        dmean: 0.000676345371176
        dmean2: 0.00105380709283
        dvar: 5.3870883221e-007
        dvar2: 1.28240515096e-006
        max: 0.00982594117522
        mean: 0.00239368737675
        median: 0.00211059092544
        min: 1.54494962543e-021
        var: 2.09016843655e-006
    spectral_energyband_middle_low:
        dmean: 0.00106019328814
        dmean2: 0.00188069313299
        dvar: 5.16947284268e-006
        dvar2: 1.46759493873e-005
        max: 0.0210367515683
        mean: 0.00147856632248
        median: 0.000917402445339
        min: 2.01950714143e-022
        var: 3.70275279238e-006
    spectral_flatness_db:
        dmean: 0.0143309868872
        dmean2: 0.0228231623769
        dvar: 0.000183333366294
        dvar2: 0.000464973330963
        max: 0.310626238585
        mean: 0.139756053686
        median: 0.135329276323
        min: 0.0688814073801
        var: 0.000729402119759
    spectral_flux:
        dmean: 0.00994824059308
        dmean2: 0.0158801227808
        dvar: 0.000182808595127
        dvar2: 0.000327347486746
        max: 0.142008826137
        mean: 0.043645683676
        median: 0.0407900065184
        min: 1.01990013657e-010
        var: 0.000356032076525
    spectral_kurtosis:
        dmean: 0.833797216415
        dmean2: 1.44159150124
        dvar: 0.691387951374
        dvar2: 2.11751747131
        max: 9.66850757599
        mean: 2.26933479309
        median: 2.12704968452
        min: -1.20347976685
        var: 1.15617632866
    spectral_rms:
        dmean: 0.00035183847649
        dmean2: 0.000581135449465
        dvar: 2.27771437267e-007
        dvar2: 6.063918363e-007
        max: 0.00494592264295
        mean: 0.00202043238096
        median: 0.00200538802892
        min: 3.18563296402e-012
        var: 4.29865906426e-007
    spectral_rolloff:
        dmean: 350.911224365
        dmean2: 565.276367188
        dvar: 179332.96875
        dvar2: 410160.53125
        max: 18755.4199219
        mean: 3753.03369141
        median: 3854.44335938
        min: 107.666015625
        var: 379019.875
    spectral_skewness:
        dmean: 0.133675798774
        dmean2: 0.220384791493
        dvar: 0.0138786425814
        dvar2: 0.0376704484224
        max: 2.29202485085
        mean: 1.02397143841
        median: 1.02391886711
        min: 0.062109131366
        var: 0.0493014864624
    spectral_spread:
        dmean: 403055.21875
        dmean2: 599024.3125
        dvar: 309410365440
        dvar2: 478181654528
        max: 40934140
        mean: 4489977.5
        median: 4350183
        min: 1950673.5
        var: 1.29753153536e+012
    spectral_strongpeak:
        dmean: 0.507626473904
        dmean2: 0.871766924858
        dvar: 0.489727169275
        dvar2: 1.24840533733
        max: 8.87421131134
        mean: 0.70354694128
        median: 0.28973454237
        min: 1.28473620631e-009
        var: 0.883149027824
    zerocrossingrate:
        dmean: 0.00921577587724
        dmean2: 0.0115151405334
        dvar: 7.14186971891e-005
        dvar2: 0.000107688603748
        max: 0.50048828125
        mean: 0.113443143666
        median: 0.1142578125
        min: 0.0283203125
        var: 0.000476447574329
    barkbands:
        dmean: [2.51267493923e-007, 9.06833593035e-005, 0.000155388697749, 0.000180930423085, 0.000674692739267, 0.000134766480187, 7.7985918324e-005, 0.00010957277118, 0.000150469029904, 7.64250580687e-005, 5.56262857572e-005, 6.01804822509e-005, 5.64172660233e-005, 7.3606344813e-005, 9.3515329354e-005, 0.000177686553798, 0.000192987805349, 0.000141282434925, 0.000203920528293, 0.000221927504754, 0.000104594131699, 4.17312148784e-005, 8.14910254121e-006, 2.94241181109e-006, 1.28170802327e-006, 2.09121182593e-008, 2.38005198883e-010]
        dmean2: [3.83810373705e-007, 0.000154674242367, 0.00027951496304, 0.000317267345963, 0.00122610537801, 0.000235977364355, 0.000138013667311, 0.000186361954547, 0.000240241628489, 0.000124281868921, 9.06802088139e-005, 9.62663179962e-005, 9.04222033569e-005, 0.000121358563774, 0.000151853411808, 0.000285829679342, 0.000306898495182, 0.000236004620092, 0.000338209560141, 0.000366504653357, 0.000180070419447, 6.98518706486e-005, 1.28253577714e-005, 4.54048722531e-006, 1.79867436145e-006, 3.27853513227e-008, 4.27198776354e-010]
        dvar: [2.28503956208e-013, 2.81632939192e-008, 9.04031765003e-008, 8.70249579066e-008, 3.19380296787e-006, 8.04574256108e-008, 2.92913320266e-008, 5.06993700355e-008, 8.9328572983e-008, 1.64705546979e-008, 1.56249395644e-008, 1.87326971712e-008, 1.24278551894e-008, 2.94891968622e-008, 3.27198996786e-008, 8.09880020824e-008, 7.730296403e-008, 3.18383506226e-008, 6.57739462895e-008, 7.52937907578e-008, 2.03084535855e-008, 2.90425083982e-009, 1.90662680088e-010, 4.96115197535e-011, 2.16973765343e-011, 3.52614945503e-015, 1.18021199221e-019]
        dvar2: [4.95029798403e-013, 7.46435873111e-008, 2.56083211525e-007, 2.4069370852e-007, 9.18286150409e-006, 2.20743118007e-007, 7.83753648648e-008, 1.30386169417e-007, 2.14914820162e-007, 3.93622272554e-008, 3.64550096776e-008, 4.40435030669e-008, 2.95525328653e-008, 7.36496801323e-008, 8.15973848489e-008, 2.02672936211e-007, 1.76189274725e-007, 8.43992893351e-008, 1.7162324184e-007, 1.88206243479e-007, 5.51026992923e-008, 7.5284338763e-009, 3.87591125861e-010, 7.96542692916e-011, 3.12078349274e-011, 6.70240315207e-015, 3.35445959273e-019]
        max: [3.30501029566e-006, 0.00132039817981, 0.00236844085157, 0.0057137045078, 0.0174874216318, 0.00413970649242, 0.00270970584825, 0.00422093225643, 0.00657544238493, 0.00284548709169, 0.00302925333381, 0.00340393465012, 0.00288181332871, 0.00415002088994, 0.00287855858915, 0.00561534613371, 0.00678253406659, 0.00310378987342, 0.00398203218356, 0.00510590570047, 0.00161711964756, 0.000739972863812, 0.000281357060885, 0.000150935797137, 9.85635851976e-005, 1.59652961429e-006, 1.1417995438e-008]
        mean: [2.42649889515e-007, 9.9633121863e-005, 0.00015124634956, 0.000199957852601, 0.000593414762989, 0.000148544306285, 8.36842518765e-005, 0.000140755641041, 0.000258713000221, 0.00012790785695, 8.8822649559e-005, 9.90391490632e-005, 8.67555500008e-005, 0.000114443362691, 0.000156591078849, 0.000354777264874, 0.000394439965021, 0.000274404097581, 0.000427250633948, 0.000503998307977, 0.000207965204027, 8.85834233486e-005, 1.55959278345e-005, 5.75890953769e-006, 2.2775020625e-006, 3.29896394646e-008, 2.64660016125e-010]
        median: [3.39209123013e-008, 5.29552344233e-005, 7.14183552191e-005, 0.000103005266283, 0.000199641130166, 6.81365199853e-005, 3.73672955902e-005, 5.80212799832e-005, 0.000127923936816, 7.24593701307e-005, 3.33697826136e-005, 4.03321173508e-005, 3.79022094421e-005, 5.32171288796e-005, 8.43702582642e-005, 0.000233063823543, 0.000256151717622, 0.000218575907638, 0.000345345935784, 0.000402007135563, 0.000174461107235, 7.2461203672e-005, 9.90721764538e-006, 3.27571751768e-006, 8.94465074452e-007, 1.47940104611e-008, 1.53084656063e-010]
        min: [2.2462979937e-023, 1.04632774975e-023, 1.84631695798e-023, 1.4042113613e-024, 5.18475832285e-023, 2.25970137156e-023, 2.989827007e-023, 4.94278723086e-023, 4.38343309978e-023, 2.03626330436e-023, 1.13499981757e-022, 1.19224928362e-022, 9.34690552576e-023, 1.61302567098e-022, 1.0770247257e-022, 1.40227548481e-022, 1.66539745228e-022, 2.21531806911e-022, 3.11349868748e-022, 2.46409778802e-022, 2.57775636237e-022, 5.54639948795e-022, 8.08101538244e-022, 1.01552263042e-021, 1.51644703332e-021, 1.51110943635e-021, 1.97851565688e-021]
        var: [2.58764526733e-013, 2.32004886414e-008, 6.59803873759e-008, 8.70670504582e-008, 1.97935469259e-006, 6.90753481081e-008, 2.50778082744e-008, 7.43780361745e-008, 2.03371811835e-007, 3.3582335135e-008, 2.99834930217e-008, 3.36085079766e-008, 2.08979447081e-008, 4.71702215066e-008, 5.24016670056e-008, 1.70166885027e-007, 2.00706367082e-007, 4.89020521854e-008, 1.11772564537e-007, 1.62333492426e-007, 2.21669793632e-008, 4.81675632713e-009, 4.5696030293e-010, 1.325510951e-010, 5.82018461204e-011, 6.86956129256e-015, 1.34702847237e-019]
    frequency_bands:
        dmean: [2.51267493923e-007, 9.06833593035e-005, 0.000155388697749, 0.000180930423085, 0.000674692739267, 0.000134766480187, 7.7985918324e-005, 0.00010957277118, 0.000150469029904, 7.64250580687e-005, 5.56262857572e-005, 6.01804822509e-005, 5.64172660233e-005, 7.3606344813e-005, 9.3515329354e-005, 0.000177686553798, 0.000192987805349, 0.000141282434925, 0.000203920528293, 0.000221927504754, 0.000104594131699, 4.17312148784e-005, 8.14910254121e-006, 2.94241181109e-006, 1.28170802327e-006, 2.09121182593e-008, 2.38005198883e-010, 5.43762916638e-011]
        dmean2: [3.83810373705e-007, 0.000154674242367, 0.00027951496304, 0.000317267345963, 0.00122610537801, 0.000235977364355, 0.000138013667311, 0.000186361954547, 0.000240241628489, 0.000124281868921, 9.06802088139e-005, 9.62663179962e-005, 9.04222033569e-005, 0.000121358563774, 0.000151853411808, 0.000285829679342, 0.000306898495182, 0.000236004620092, 0.000338209560141, 0.000366504653357, 0.000180070419447, 6.98518706486e-005, 1.28253577714e-005, 4.54048722531e-006, 1.79867436145e-006, 3.27853513227e-008, 4.27198776354e-010, 1.0146416346e-010]
        dvar: [2.28503956208e-013, 2.81632939192e-008, 9.04031765003e-008, 8.70249579066e-008, 3.19380296787e-006, 8.04574256108e-008, 2.92913320266e-008, 5.06993700355e-008, 8.9328572983e-008, 1.64705546979e-008, 1.56249395644e-008, 1.87326971712e-008, 1.24278551894e-008, 2.94891968622e-008, 3.27198996786e-008, 8.09880020824e-008, 7.730296403e-008, 3.18383506226e-008, 6.57739462895e-008, 7.52937907578e-008, 2.03084535855e-008, 2.90425083982e-009, 1.90662680088e-010, 4.96115197535e-011, 2.16973765343e-011, 3.52614945503e-015, 1.18021199221e-019, 6.00088878641e-021]
        dvar2: [4.95029798403e-013, 7.46435873111e-008, 2.56083211525e-007, 2.4069370852e-007, 9.18286150409e-006, 2.20743118007e-007, 7.83753648648e-008, 1.30386169417e-007, 2.14914820162e-007, 3.93622272554e-008, 3.64550096776e-008, 4.40435030669e-008, 2.95525328653e-008, 7.36496801323e-008, 8.15973848489e-008, 2.02672936211e-007, 1.76189274725e-007, 8.43992893351e-008, 1.7162324184e-007, 1.88206243479e-007, 5.51026992923e-008, 7.5284338763e-009, 3.87591125861e-010, 7.96542692916e-011, 3.12078349274e-011, 6.70240315207e-015, 3.35445959273e-019, 1.90031578699e-020]
        max: [3.30501029566e-006, 0.00132039817981, 0.00236844085157, 0.0057137045078, 0.0174874216318, 0.00413970649242, 0.00270970584825, 0.00422093225643, 0.00657544238493, 0.00284548709169, 0.00302925333381, 0.00340393465012, 0.00288181332871, 0.00415002088994, 0.00287855858915, 0.00561534613371, 0.00678253406659, 0.00310378987342, 0.00398203218356, 0.00510590570047, 0.00161711964756, 0.000739972863812, 0.000281357060885, 0.000150935797137, 9.85635851976e-005, 1.59652961429e-006, 1.1417995438e-008, 8.86670237232e-010]
        mean: [2.42649889515e-007, 9.9633121863e-005, 0.00015124634956, 0.000199957852601, 0.000593414762989, 0.000148544306285, 8.36842518765e-005, 0.000140755641041, 0.000258713000221, 0.00012790785695, 8.8822649559e-005, 9.90391490632e-005, 8.67555500008e-005, 0.000114443362691, 0.000156591078849, 0.000354777264874, 0.000394439965021, 0.000274404097581, 0.000427250633948, 0.000503998307977, 0.000207965204027, 8.85834233486e-005, 1.55959278345e-005, 5.75890953769e-006, 2.2775020625e-006, 3.29896394646e-008, 2.64660016125e-010, 4.1479011198e-011]
        median: [3.39209123013e-008, 5.29552344233e-005, 7.14183552191e-005, 0.000103005266283, 0.000199641130166, 6.81365199853e-005, 3.73672955902e-005, 5.80212799832e-005, 0.000127923936816, 7.24593701307e-005, 3.33697826136e-005, 4.03321173508e-005, 3.79022094421e-005, 5.32171288796e-005, 8.43702582642e-005, 0.000233063823543, 0.000256151717622, 0.000218575907638, 0.000345345935784, 0.000402007135563, 0.000174461107235, 7.2461203672e-005, 9.90721764538e-006, 3.27571751768e-006, 8.94465074452e-007, 1.47940104611e-008, 1.53084656063e-010, 1.5392912639e-011]
        min: [2.2462979937e-023, 1.04632774975e-023, 1.84631695798e-023, 1.4042113613e-024, 5.18475832285e-023, 2.25970137156e-023, 2.989827007e-023, 4.94278723086e-023, 4.38343309978e-023, 2.03626330436e-023, 1.13499981757e-022, 1.19224928362e-022, 9.34690552576e-023, 1.61302567098e-022, 1.0770247257e-022, 1.40227548481e-022, 1.66539745228e-022, 2.21531806911e-022, 3.11349868748e-022, 2.46409778802e-022, 2.57775636237e-022, 5.54639948795e-022, 8.08101538244e-022, 1.01552263042e-021, 1.51644703332e-021, 1.51110943635e-021, 1.97851565688e-021, 7.95454570698e-022]
        var: [2.58764526733e-013, 2.32004886414e-008, 6.59803873759e-008, 8.70670504582e-008, 1.97935469259e-006, 6.90753481081e-008, 2.50778082744e-008, 7.43780361745e-008, 2.03371811835e-007, 3.3582335135e-008, 2.99834930217e-008, 3.36085079766e-008, 2.08979447081e-008, 4.71702215066e-008, 5.24016670056e-008, 1.70166885027e-007, 2.00706367082e-007, 4.89020521854e-008, 1.11772564537e-007, 1.62333492426e-007, 2.21669793632e-008, 4.81675632713e-009, 4.5696030293e-010, 1.325510951e-010, 5.82018461204e-011, 6.86956129256e-015, 1.34702847237e-019, 4.69097194994e-021]
    mfcc:
        mean: [-696.783630371, 86.1939315796, -51.6157302856, 57.4462051392, -16.4458618164, 0.87969326973, -4.01428556442, 0.103626690805, 5.49988555908, -1.65061438084, -7.04478025436, -6.73712301254, -6.93624353409]
        cov: [[5310.83789063, 615.622497559, -423.091217041, 325.152099609, -211.751174927, -18.7525997162, -140.189285278, 16.2069339752, -43.1982383728, 16.194601059, -86.4347839355, -52.2322273254, -44.5484275818], [615.622497559, 540.277893066, -203.136016846, 208.641265869, -56.6731491089, 33.9637756348, 22.1738395691, -30.8241443634, 12.8182754517, -40.3033866882, -7.20146274567, -16.720079422, -23.7352809906], [-423.091217041, -203.136016846, 393.158843994, -33.1278686523, 111.586013794, 17.0818939209, 4.06824636459, 18.5690937042, -26.4085655212, 14.0327596664, 9.94396305084, 14.1171226501, 13.2887201309], [325.152099609, 208.641265869, -33.1278686523, 282.473419189, 38.9939117432, -3.32365918159, -16.2704257965, -10.097035408, 48.1012954712, 3.43544483185, -9.58110523224, -16.2049465179, -6.77607059479], [-211.751174927, -56.6731491089, 111.586013794, 38.9939117432, 136.099639893, 31.9493713379, 5.25488948822, 7.36597061157, 18.9893722534, 15.0050735474, 2.61107373238, 4.73307800293, 9.79442119598], [-18.7525997162, 33.9637756348, 17.0818939209, -3.32365918159, 31.9493713379, 116.28956604, 80.2073745728, 45.108291626, -5.0960931778, -3.70654225349, 14.8399972916, 11.5523948669, 0.715951085091], [-140.189285278, 22.1738395691, 4.06824636459, -16.2704257965, 5.25488948822, 80.2073745728, 138.907577515, 64.6886825562, 11.4500961304, -14.5605220795, 14.9489345551, 15.6410999298, -3.53061795235], [16.2069339752, -30.8241443634, 18.5690937042, -10.097035408, 7.36597061157, 45.108291626, 64.6886825562, 110.46736145, 42.4964065552, 27.5951023102, 13.7343139648, 20.1803607941, 12.3002595901], [-43.1982383728, 12.8182754517, -26.4085655212, 48.1012954712, 18.9893722534, -5.0960931778, 11.4500961304, 42.4964065552, 102.238731384, 57.967792511, 19.2165031433, 1.1795321703, 1.32910501957], [16.194601059, -40.3033866882, 14.0327596664, 3.43544483185, 15.0050735474, -3.70654225349, -14.5605220795, 27.5951023102, 57.967792511, 105.636207581, 40.5452690125, 10.8800477982, 9.36096477509], [-86.4347839355, -7.20146274567, 9.94396305084, -9.58110523224, 2.61107373238, 14.8399972916, 14.9489345551, 13.7343139648, 19.2165031433, 40.5452690125, 63.7129631042, 27.7247104645, 8.52005386353], [-52.2322273254, -16.720079422, 14.1171226501, -16.2049465179, 4.73307800293, 11.5523948669, 15.6410999298, 20.1803607941, 1.1795321703, 10.8800477982, 27.7247104645, 53.6343955994, 26.254732132], [-44.5484275818, -23.7352809906, 13.2887201309, -6.77607059479, 9.79442119598, 0.715951085091, -3.53061795235, 12.3002595901, 1.32910501957, 9.36096477509, 8.52005386353, 26.254732132, 58.1823768616]]
        icov: [[0.00028338553966, -0.000205928008654, 0.000165772085893, -0.000275569385849, 0.000295030855341, -0.000164985845913, 0.000495640968438, -0.000578813196626, 0.00063384353416, -0.000498720793985, 0.000464668934001, -8.51878066896e-005, 0.000203979681828], [-0.000205928008654, 0.00419300794601, 0.00115454534534, -0.00287574366666, 0.00167929450981, -0.00213408190757, -0.000647667446174, 0.0019433083944, -0.000750241975766, 0.00139833404683, -0.000841662462335, -0.000268158328254, 0.000284088135231], [0.000165772085893, 0.00115454534534, 0.00447051599622, -0.00069665448973, -0.003215840552, 0.000791205267888, -0.000110048858915, -0.00161907332949, 0.00336130638607, -0.000902270432562, -0.000678007490933, 0.00011381823424, 0.000479262438603], [-0.000275569385849, -0.00287574366666, -0.00069665448973, 0.00698701711372, -0.00301547138952, 0.00119814299978, 0.00056939717615, 0.000298958068015, -0.0034193652682, 0.00104851042852, 0.00015678035561, 0.000860192114487, -0.000448775332188], [0.000295030855341, 0.00167929450981, -0.003215840552, -0.00301547138952, 0.0140886707231, -0.00689970050007, 0.00193339504767, 0.00323660974391, -0.0044856374152, -1.46177117131e-005, 0.00269302120432, -0.00151192385238, -0.00116673402954], [-0.000164985845913, -0.00213408190757, 0.000791205267888, 0.00119814299978, -0.00689970050007, 0.0197114013135, -0.0091983480379, -0.00494781509042, 0.00691358558834, -0.00201367074624, -0.00323376990855, 0.00214295880869, 4.12759363826e-005], [0.000495640968438, -0.000647667446174, -0.000110048858915, 0.00056939717615, 0.00193339504767, -0.0091983480379, 0.0176856201142, -0.00705845840275, -0.00262609496713, 0.00563034042716, -0.00242344220169, -0.00135251670144, 0.00267919641919], [-0.000578813196626, 0.0019433083944, -0.00161907332949, 0.000298958068015, 0.00323660974391, -0.00494781509042, -0.00705845840275, 0.0205854251981, -0.00940330699086, -0.00173887517303, 0.00434235902503, -0.00482157245278, -0.00247560674325], [0.00063384353416, -0.000750241975766, 0.00336130638607, -0.0034193652682, -0.0044856374152, 0.00691358558834, -0.00262609496713, -0.00940330699086, 0.0245329216123, -0.0113651687279, -0.000765965844039, 0.00310905068181, 0.00148926384281], [-0.000498720793985, 0.00139833404683, -0.000902270432562, 0.00104851042852, -1.46177117131e-005, -0.00201367074624, 0.00563034042716, -0.00173887517303, -0.0113651687279, 0.0221682079136, -0.0124228904024, 0.00287676928565, -0.00153269688599], [0.000464668934001, -0.000841662462335, -0.000678007490933, 0.00015678035561, 0.00269302120432, -0.00323376990855, -0.00242344220169, 0.00434235902503, -0.000765965844039, -0.0124228904024, 0.0308660212904, -0.0149043099955, 0.00292876362801], [-8.51878066896e-005, -0.000268158328254, 0.00011381823424, 0.000860192114487, -0.00151192385238, 0.00214295880869, -0.00135251670144, -0.00482157245278, 0.00310905068181, 0.00287676928565, -0.0149043099955, 0.0337727293372, -0.0125262690708], [0.000203979681828, 0.000284088135231, 0.000479262438603, -0.000448775332188, -0.00116673402954, 4.12759363826e-005, 0.00267919641919, -0.00247560674325, 0.00148926384281, -0.00153269688599, 0.00292876362801, -0.0125262690708, 0.0236156843603]]
    sccoeffs:
        dmean: [0.0677534043789, 0.0492524877191, 0.0374181382358, 0.0306910313666, 0.0188402831554, 0.0172375738621]
        dmean2: [0.11280605942, 0.0822825580835, 0.0620629042387, 0.0506728179753, 0.0312774777412, 0.0273478459567]
        dvar: [0.00379750551656, 0.00155757775065, 0.000889315037057, 0.000599465856794, 0.000227730808547, 0.000228160904953]
        dvar2: [0.0101955402642, 0.00420980481431, 0.0023754069116, 0.00158101227134, 0.000611888361163, 0.000529180164449]
        max: [-0.262489467859, -0.457801878452, -0.497366249561, -0.581248700619, -0.679464817047, -0.535586833954]
        mean: [-0.66145837307, -0.782024025917, -0.790745913982, -0.791829764843, -0.804324448109, -0.719644248486]
        median: [-0.673894286156, -0.790480732918, -0.795476794243, -0.798002004623, -0.806110978127, -0.718384623528]
        min: [-0.970100879669, -0.976672708988, -0.991428077221, -0.98438423872, -0.978447318077, -0.96277320385]
        var: [0.00723137054592, 0.0043535400182, 0.0028249588795, 0.0021316295024, 0.000851686228998, 0.00195633247495]
    scvalleys:
        dmean: [0.434648156166, 0.42622590065, 0.304956883192, 0.246677607298, 0.223756730556, 0.266067236662]
        dmean2: [0.697761595249, 0.715431213379, 0.492441415787, 0.39621168375, 0.347159802914, 0.40552303195]
        dvar: [0.144799292088, 0.184793129563, 0.0709915310144, 0.0520082861185, 0.0504182167351, 0.116195909679]
        dvar2: [0.339616328478, 0.470311492682, 0.156333789229, 0.106961138546, 0.103288210928, 0.251706957817]
        max: [-5.03905630112, -4.30424499512, -5.247569561, -5.65768623352, -5.52167367935, -7.36532735825]
        mean: [-7.03588294983, -6.73188018799, -6.9670085907, -7.03029298782, -6.73424768448, -9.588722229]
        median: [-6.75148105621, -6.60039949417, -6.8195514679, -6.87605285645, -6.56630420685, -9.34190273285]
        min: [-27.2618160248, -27.3358364105, -27.076883316, -27.4336357117, -27.1561737061, -27.1479148865]
        var: [1.86629712582, 1.49064207077, 1.44742238522, 1.33014035225, 1.36328852177, 1.57948684692]

rhythm:
    beats_loudness:
        dmean: 0.00128383375704
        dmean2: 0.00217777234502
        dvar: 1.40863653542e-006
        dvar2: 3.78774461751e-006
        max: 0.0103537486866
        mean: 0.00464613549411
        median: 0.00466484762728
        min: 8.02368727015e-011
        var: 4.31135640611e-006
    bpm: 92.0614089966
    bpm_confidence: 0
    first_peak_bpm: 92
    first_peak_spread: 0.222996532917
    first_peak_weight: 0.616022109985
    onset_rate: 3.43311786652
    second_peak_bpm: 123
    second_peak_spread: 0.117647074163
    second_peak_weight: 0.165745854378
    beats_loudness_band_ratio:
        dmean: [0.0759116411209, 0.0867534428835, 0.0564280301332, 0.0704731717706, 0.0962470918894, 0.0802031159401]
        dmean2: [0.125881969929, 0.150159433484, 0.100068323314, 0.125197216868, 0.170373231173, 0.14267231524]
        dvar: [0.00684729451314, 0.00740507012233, 0.00353730446659, 0.00733082508668, 0.00651600956917, 0.00442116009071]
        dvar2: [0.0166695043445, 0.0206778328866, 0.010704016313, 0.0220609102398, 0.0186102427542, 0.0135016953573]
        max: [0.781479418278, 0.650298297405, 0.440232306719, 0.726454854012, 0.66716837883, 0.520359277725]
        mean: [0.131811127067, 0.138761088252, 0.102354928851, 0.104288034141, 0.301598340273, 0.269962102175]
        median: [0.0936243906617, 0.11851657182, 0.0887214764953, 0.0783974528313, 0.286822527647, 0.270616203547]
        min: [0, 0, 0, 0, 0, 0]
        var: [0.0125884944573, 0.0095404619351, 0.00394376087934, 0.00722924806178, 0.00995016377419, 0.00602914812043]
    beats_position: [0.49922901392, 0.99845802784, 1.48607707024, 1.97369611263, 2.46131515503, 2.94893407822, 3.43655323982, 3.9125623703, 4.38857126236, 4.87619018555, 5.36380958557, 5.85142850876, 6.33904743195, 6.82666635513, 7.31428575516, 7.80190467834, 8.28952407837, 8.77714252472, 9.26476192474, 9.75238037109, 10.2399997711, 10.7276191711, 11.2152376175, 11.7028570175, 12.1904764175, 12.6780948639, 13.1541042328, 13.6301136017, 14.117732048, 14.6053514481, 15.0929698944, 15.5805892944, 16.0682086945, 16.5558280945, 17.0434455872, 17.5310649872, 18.0186843872, 18.5063037872, 18.9939231873, 19.4815406799, 19.96916008, 20.45677948, 20.94439888, 21.43201828, 21.9196376801, 22.4072551727, 22.8948745728, 23.3824939728, 23.8701133728, 24.3577327728, 24.8453502655, 25.3213596344, 25.7973690033, 26.2849884033, 26.7726078033, 27.2602272034, 27.747844696, 28.2354640961, 28.7230834961, 29.2107028961, 29.6983222961, 30.1859397888, 30.6735591888, 31.1611785889, 31.6487979889, 32.1364173889, 32.6240348816, 33.111656189, 33.5876655579, 34.2262115479, 34.8763694763, 35.5265312195, 36.1766891479, 36.8268470764, 37.4770050049, 38.1271629333, 38.7773246765, 39.427482605, 40.0776405334, 40.7277984619, 41.3779602051, 42.0281181335, 42.678276062, 43.3516540527, 44.0250320435, 44.6984100342, 45.3833999634, 46.0567779541, 46.718547821, 47.3687057495, 48.018863678, 48.6690254211, 49.3191833496, 49.9693412781, 50.6194992065, 51.269657135, 51.9198188782, 52.5699768066, 53.2201347351, 53.8702926636, 54.5088424683, 55.1473922729, 55.7975502014, 56.4477081299, 57.0978660583, 57.7480278015, 58.39818573, 59.0483436584, 59.6985015869, 60.3486595154, 60.9988212585, 61.648979187, 62.2991371155, 62.9492950439, 63.5994529724, 64.2496109009, 64.8881607056, 65.5267105103, 66.1768722534, 66.8270263672, 67.4771881104, 68.1273422241, 68.7775039673, 69.4276657104, 70.0662155151, 70.7163696289, 71.3665313721, 72.0166854858, 72.666847229, 73.3053970337, 73.9555511475, 74.6057128906, 75.2558746338, 75.9060287476, 76.5561904907, 77.2063446045, 77.8565063477, 78.5066680908, 79.1568222046, 79.8069839478, 80.4571380615, 81.1072998047, 81.7574615479, 82.4076156616, 83.0577774048, 83.7079315186, 84.3580932617, 84.9966430664, 85.6351928711, 86.2853469849, 86.935508728, 87.5856704712, 88.235824585, 88.8859863281, 89.5361404419, 90.1863021851, 90.8364639282, 91.486618042, 92.1367797852, 92.7869338989, 93.4370956421, 94.0756454468, 94.7257995605, 95.3759613037, 96.0261230469, 96.6762771606, 97.3264389038, 97.9882049561, 98.6615829468, 99.3349609375, 100.008346558, 100.681724548, 101.355102539, 102.016868591, 102.667030334, 103.305580139, 103.955734253, 104.605895996, 105.25605011, 105.906211853, 106.556373596, 107.20652771, 107.856689453, 108.506843567, 109.15700531, 109.807167053, 110.457321167, 111.10748291, 111.757637024, 112.407798767, 113.05796051, 113.708114624, 114.358276367, 115.008430481, 115.646980286, 116.28553009, 116.935691833, 117.585845947, 118.23600769, 118.886169434, 119.536323547, 120.186485291, 120.836639404, 121.486801147, 122.136962891, 122.787117004, 123.425666809, 124.064216614, 124.714370728, 125.364532471, 126.014694214, 126.664848328, 127.303398132, 127.941947937, 128.568893433, 129.195831299, 129.811157227, 130.438095093, 131.065032959, 131.703582764, 132.353744507, 133.003890991, 133.642440796, 134.292602539, 134.931152344, 135.581314087, 136.23147583, 136.881637573, 137.531784058, 138.181945801, 138.832107544, 139.482269287, 140.13243103, 140.782577515, 141.432739258, 142.082901001, 142.733062744, 143.383224487, 144.021759033, 144.671920776, 145.310470581, 145.960632324, 146.610794067, 147.260955811, 147.911102295, 148.561264038, 149.211425781, 149.861587524, 150.511749268, 151.161895752, 151.812057495, 152.497055054, 153.182037354, 153.867019653, 154.552017212, 155.236999512, 155.92199707, 156.60697937, 157.291976929, 157.953735352, 158.615509033, 159.265670776, 159.915817261, 160.565979004, 161.216140747, 161.86630249, 162.516464233, 163.166610718, 163.816772461, 164.466934204, 165.117095947, 165.778869629, 166.45223999, 167.12562561, 167.798995972, 168.48399353, 169.134140015, 169.795913696, 170.457687378, 171.107849121, 171.757995605, 172.408157349, 173.046707153, 173.685256958, 174.335418701, 174.985580444, 175.635726929, 176.285888672, 176.936050415, 177.586212158, 178.236373901, 178.886520386, 179.536682129, 180.186843872, 180.837005615, 181.487167358, 182.125717163, 182.764266968, 183.414413452, 184.064575195, 184.714736938, 185.364898682, 186.015060425, 186.665206909, 187.326980591, 188.000366211, 188.673736572, 189.347122192, 190.020492554, 190.693878174, 191.344039917, 192.00579834, 192.655960083, 193.306121826, 193.956283569, 194.606430054, 195.256591797, 195.90675354, 196.556915283, 197.207077026, 197.857223511, 198.507385254, 199.157546997, 199.80770874, 200.457870483, 201.108016968, 201.758178711, 202.408340454, 203.058502197, 203.697052002, 204.335601807, 204.985748291, 205.635910034, 206.286071777, 206.936233521, 207.586395264, 208.236557007, 208.886703491, 209.536865234, 210.187026978, 210.837188721, 211.487350464, 212.137496948, 212.776046753, 213.414596558, 214.064758301, 214.714920044, 215.365081787, 216.015228271, 216.665390015, 217.315551758, 217.965713501, 218.615875244, 219.266021729, 219.939407349, 220.636001587, 221.332611084, 222.005981445, 222.690963745, 223.399185181, 224.107391357, 224.815597534, 225.523803711]
    bpm_estimates: [93.9634780884, 92.2852706909, 92.2847290039, 92.2852706909, 92.2852706909, 92.2852706909, 92.2852706909, 92.2847290039, 92.2852706909, 92.2852706909, 92.2852706909, 92.2847290039, 92.2852706909, 92.2852706909, 89.1030044556, 89.1030044556, 89.1030044556, 87.5925292969, 89.1030044556, 90.6659622192, 92.2852706909, 92.2852706909, 92.2847290039, 92.2852706909, 92.2852706909, 92.2852706909, 92.2852706909, 92.2847290039, 92.2852706909, 92.2852706909, 92.2852706909, 93.9629135132, 93.9629135132, 92.2852706909, 92.2852706909, 92.2852706909, 92.2847290039, 92.2852706909, 92.2852706909, 92.2852706909, 92.2852706909, 92.2847290039, 92.2852706909, 92.2852706909, 92.2852706909, 92.2852706909, 92.2852706909, 93.9629135132, 93.9629135132, 92.2847290039, 92.2858123779, 92.2847290039, 92.2858123779, 92.2847290039, 92.2847290039, 93.9629135132, 92.2858123779, 92.2847290039, 92.2858123779, 92.2847290039, 93.9629135132, 92.2858123779, 92.2847290039, 92.2847290039, 92.2858123779, 92.2847290039, 92.2858123779, 92.2847290039, 92.2847290039, 92.2858123779, 92.2847290039, 92.2858123779, 92.2847290039, 92.2847290039, 92.2858123779, 92.2847290039, 92.2858123779, 92.2847290039, 93.9629135132, 93.9629135132, 92.2858123779, 92.2847290039, 92.2847290039, 92.2858123779, 92.2847290039, 92.2858123779, 92.2847290039, 92.2847290039, 92.2858123779, 92.2847290039, 92.2858123779, 92.2847290039, 93.9629135132, 92.2858123779, 92.2847290039, 92.2847290039, 92.2858123779, 92.2847290039, 90.6664810181, 89.1030044556, 89.1030044556, 89.1019897461, 89.1030044556, 89.1030044556, 90.6664810181, 92.2847290039, 93.9629135132, 92.2858123779, 92.2847290039, 92.2858123779, 92.2847290039, 92.2847290039, 92.2858123779, 92.2847290039, 92.2858123779, 92.2847290039, 92.2847290039, 92.2858123779, 92.2847290039, 92.2858123779, 92.2847290039, 92.2847290039, 92.2858123779, 92.2847290039, 92.2858123779, 93.9629135132, 93.9629135132, 92.2847290039, 92.2858123779, 92.2847290039, 92.2847290039, 92.2858123779, 92.2847290039, 92.2858123779, 92.2847290039, 92.2847290039, 92.2858123779, 93.9629135132, 93.9629135132, 92.2858123779, 92.2847290039, 92.2847290039, 92.2858123779, 93.9629135132, 93.9629135132, 95.7021026611, 95.7032623291, 95.7032623291, 95.7032623291, 93.9629135132, 92.2847290039, 92.286895752, 93.9629135132, 92.2847290039, 93.9629135132, 92.2847290039, 92.2847290039, 92.2847290039, 92.286895752, 92.2847290039, 92.2847290039, 92.2847290039, 92.2847290039, 92.286895752, 92.2847290039, 92.2847290039, 92.2847290039, 92.2847290039, 93.9651565552, 92.2847290039, 93.9629135132, 92.2847290039, 92.2847290039, 92.2847290039, 92.286895752, 92.2847290039, 92.2847290039, 92.2847290039, 92.2847290039, 92.286895752, 92.2847290039, 87.5915527344, 87.5935058594, 87.5935058594, 87.5915527344, 87.5935058594, 87.5915527344, 87.5935058594, 87.5915527344, 90.6675262451, 90.665435791, 92.2847290039, 92.286895752, 92.2847290039, 92.2847290039, 92.2847290039, 92.2847290039, 92.286895752, 92.2847290039, 92.2847290039, 92.2847290039, 90.665435791, 89.1040115356, 89.1019897461, 89.1040115356, 87.5915527344, 92.286895752, 90.665435791, 90.665435791, 92.2847290039, 92.286895752, 92.2847290039, 93.9629135132, 93.9629135132, 92.2847290039, 92.2847290039, 92.286895752, 92.2847290039, 92.2847290039, 92.2847290039, 92.2847290039, 92.286895752, 92.2847290039, 92.2847290039, 92.2847290039, 92.2847290039, 93.9629135132, 93.9629135132, 92.286895752, 92.2847290039, 92.2847290039, 92.2847290039, 92.2847290039, 92.286895752, 90.665435791, 89.1019897461, 89.1040115356, 89.1019897461, 89.1040115356, 89.1019897461, 92.2847290039, 90.6675262451, 92.2847290039, 92.2847290039, 92.2847290039, 92.286895752, 92.2847290039, 92.2847290039, 92.2847290039, 92.2847290039, 92.286895752, 92.2847290039, 92.2847290039, 92.2847290039, 92.2847290039, 92.286895752, 92.2847290039, 92.2847290039, 92.2847290039, 93.9629135132, 93.9629135132, 92.286895752, 92.2847290039, 92.2847290039, 92.2847290039, 92.2847290039, 92.2847290039, 92.286895752, 92.2847290039, 92.2847290039, 92.2847290039, 92.2847290039, 92.286895752, 93.9629135132, 93.9629135132, 92.2847290039, 92.2847290039, 92.2847290039, 92.286895752, 92.2847290039, 92.2847290039, 92.2847290039, 92.2847290039, 92.286895752, 89.1019897461, 89.1040115356, 87.5935058594]
