
metadata:
    version:
        essentia: "2.1-beta2"
    audio_properties:
        analysis_sample_rate: 44100
        bitrate: 320
        channels: 2
        equal_loudness: 1
        length: 214.961639404
        replay_gain: -14.311920166
        downmix: "mix"
    tags:
        album: "Venom (Deluxe Edition)"
        artist: "Bullet for My Valentine"
        comment: ""
        date: "2015"
        genre: ""
        title: "Run for Your Life"
        tracknumber: "13/15"

configuration:
    average_loudness:
        compute: 1
        frameSize: 88200
        hopSize: 44100
        silentFrames: "noise"
        windowType: "hann"
    general:
        analysisSampleRate: 44100
        endTime: 2000
        equalLoudness: 1
        nequalLoudness: 0
        shortSound: 0
        startTime: 0
    lowlevel:
        compute: 1
        frameSize: 2048
        hopSize: 1024
        zeroPadding: 0
        silentFrames: "noise"
        windowType: "blackmanharris62"
        mfccStats: ["mean", "cov", "icov"]
        stats: ["mean", "var", "median", "min", "max", "dmean", "dmean2", "dvar", "dvar2"]
    panning:
        compute: 0
        frameSize: 8192
        hopSize: 2048
        zeroPadding: 8192
        silentFrames: "noise"
        windowType: "hann"
        stats: ["copy"]
    rhythm:
        compute: 1
        maxTempo: 208
        minTempo: 40
        method: "degara"
        stats: ["mean", "var", "median", "min", "max", "dmean", "dmean2", "dvar", "dvar2"]
    segmentation:
        compute: 0
        cpw: 5
        inc1: 300
        inc2: 50
        minimumSegmentsLength: 10
        size1: 1000
        size2: 600
    sfx:
        compute: 1
        stats: ["mean", "var", "median", "min", "max", "dmean", "dmean2", "dvar", "dvar2"]
    svm:
        compute: 0
    tonal:
        compute: 1
        frameSize: 4096
        hopSize: 2048
        zeroPadding: 0
        silentFrames: "noise"
        windowType: "blackmanharris62"
        stats: ["mean", "var", "median", "min", "max", "dmean", "dmean2", "dvar", "dvar2"]

lowlevel:
    average_loudness: 0.943802416325
    barkbands_kurtosis:
        dmean: 0.616907179356
        dmean2: 0.998628437519
        dvar: 0.969154953957
        dvar2: 2.30515766144
        max: 28.1559944153
        mean: -0.780170381069
        median: -1.06618833542
        min: -1.91374719143
        var: 1.42632651329
    barkbands_skewness:
        dmean: 0.404469519854
        dmean2: 0.633297502995
        dvar: 0.142277389765
        dvar2: 0.333918124437
        max: 4.78159856796
        mean: -0.302610099316
        median: -0.350181043148
        min: -4.04385328293
        var: 0.452008783817
    barkbands_spread:
        dmean: 6.36754560471
        dmean2: 10.1662559509
        dvar: 32.549571991
        dvar2: 80.6463470459
        max: 68.3030166626
        mean: 35.5533409119
        median: 35.1187782288
        min: 3.82301712036
        var: 88.561630249
    dissonance:
        dmean: 0.0097741773352
        dmean2: 0.0167693160474
        dvar: 9.28273002501e-005
        dvar2: 0.000252492318396
        max: 0.500000059605
        mean: 0.484915703535
        median: 0.487835526466
        min: 0.316512823105
        var: 0.000153977918671
    hfc:
        dmean: 2.809923172
        dmean2: 4.57839632034
        dvar: 12.629032135
        dvar2: 32.4774208069
        max: 47.0905647278
        mean: 9.31132316589
        median: 8.47636127472
        min: 1.22934920893e-016
        var: 23.2892341614
    pitch:
        dmean: 843.11138916
        dmean2: 1601.98168945
        dvar: 1597756.375
        dvar2: 3926429
        max: 5321.57666016
        mean: 1110.96765137
        median: 346.911224365
        min: 58.3004188538
        var: 1911736.25
    pitch_instantaneous_confidence:
        dmean: 0.0827910676599
        dmean2: 0.136038959026
        dvar: 0.00549195054919
        dvar2: 0.0132964039221
        max: 0.928711771965
        mean: 0.343580454588
        median: 0.320713758469
        min: 0.109117329121
        var: 0.0146217914298
    pitch_salience:
        dmean: 0.0612526237965
        dmean2: 0.100677855313
        dvar: 0.0026528686285
        dvar2: 0.00697692111135
        max: 0.975397586823
        mean: 0.656656563282
        median: 0.667439579964
        min: 0.219387471676
        var: 0.00672163581476
    silence_rate_20dB:
        dmean: 0
        dmean2: 0
        dvar: 0
        dvar2: 0
        max: 1
        mean: 1
        median: 1
        min: 1
        var: 0
    silence_rate_30dB:
        dmean: 0
        dmean2: 0
        dvar: 0
        dvar2: 0
        max: 1
        mean: 1
        median: 1
        min: 1
        var: 0
    silence_rate_60dB:
        dmean: 0.105638369918
        dmean2: 0.211299553514
        dvar: 0.0944852679968
        dvar2: 0.212478429079
        max: 1
        mean: 0.187493249774
        median: 0
        min: 0
        var: 0.1523399055
    spectral_centroid:
        dmean: 293.420135498
        dmean2: 459.992004395
        dvar: 76090.2578125
        dvar2: 168088.78125
        max: 10903.9648438
        mean: 1971.37634277
        median: 1995.74267578
        min: 211.977142334
        var: 255436.1875
    spectral_complexity:
        dmean: 4.75761508942
        dmean2: 7.54520893097
        dvar: 22.0745162964
        dvar2: 53.0714492798
        max: 47
        mean: 17.1346797943
        median: 17
        min: 0
        var: 56.8522453308
    spectral_crest:
        dmean: 2.1150226593
        dmean2: 3.50520324707
        dvar: 4.16424512863
        dvar2: 10.9475460052
        max: 22.8426780701
        mean: 6.42068195343
        median: 5.64022350311
        min: 2.21712589264
        var: 7.55436611176
    spectral_decrease:
        dmean: 3.94317772878e-010
        dmean2: 6.68067323684e-010
        dvar: 3.9948995291e-019
        dvar2: 1.08040334552e-018
        max: 1.17871065383e-029
        mean: -1.06875175376e-009
        median: -9.53111700674e-010
        min: -5.76638470307e-009
        var: 4.05099116343e-019
    spectral_energy:
        dmean: 0.00170750950929
        dmean2: 0.00288418401033
        dvar: 7.07003528078e-006
        dvar2: 1.90207447304e-005
        max: 0.0241483002901
        mean: 0.00487826298922
        median: 0.0043757003732
        min: 1.11060742554e-020
        var: 7.60648845244e-006
    spectral_energyband_high:
        dmean: 0.000240691777435
        dmean2: 0.000400825345423
        dvar: 1.1041207415e-007
        dvar2: 2.78920964547e-007
        max: 0.00483680190518
        mean: 0.000584778899793
        median: 0.000494956155308
        min: 7.64076344559e-021
        var: 1.66170337934e-007
    spectral_energyband_low:
        dmean: 0.000293332879664
        dmean2: 0.000493777566589
        dvar: 2.15423426653e-007
        dvar2: 5.74611021875e-007
        max: 0.00406213616952
        mean: 0.00040930492105
        median: 0.000278430670733
        min: 1.22593806189e-022
        var: 2.02977332719e-007
    spectral_energyband_middle_high:
        dmean: 0.000702995341271
        dmean2: 0.00112288852688
        dvar: 5.43234989436e-007
        dvar2: 1.35353025144e-006
        max: 0.0116701582447
        mean: 0.00249070092104
        median: 0.00234372820705
        min: 1.71865149562e-021
        var: 1.66503195942e-006
    spectral_energyband_middle_low:
        dmean: 0.00100373686291
        dmean2: 0.00171889539342
        dvar: 3.84247096008e-006
        dvar2: 1.06422976387e-005
        max: 0.0173283070326
        mean: 0.00154320115689
        median: 0.00102386914659
        min: 2.80458201918e-022
        var: 3.12621637022e-006
    spectral_flatness_db:
        dmean: 0.0130547732115
        dmean2: 0.0208544507623
        dvar: 0.000139610550832
        dvar2: 0.000333391828462
        max: 0.350408762693
        mean: 0.138679876924
        median: 0.136330887675
        min: 0.0595744997263
        var: 0.000578332168516
    spectral_flux:
        dmean: 0.00942541193217
        dmean2: 0.0145765757188
        dvar: 0.000131400505779
        dvar2: 0.000256013066974
        max: 0.127141296864
        mean: 0.0443498939276
        median: 0.0418421067297
        min: 1.05385360161e-010
        var: 0.000290749798296
    spectral_kurtosis:
        dmean: 0.827279865742
        dmean2: 1.43382382393
        dvar: 0.741591334343
        dvar2: 2.18552446365
        max: 23.2692832947
        mean: 2.30774378777
        median: 2.13989782333
        min: -1.20331013203
        var: 1.28291213512
    spectral_rms:
        dmean: 0.000339123653248
        dmean2: 0.00055503170006
        dvar: 1.85629133398e-007
        dvar2: 4.81053348267e-007
        max: 0.00485379435122
        mean: 0.00209847092628
        median: 0.00206615007482
        min: 3.2916857174e-012
        var: 3.55687063802e-007
    spectral_rolloff:
        dmean: 343.695770264
        dmean2: 554.470947266
        dvar: 177652.015625
        dvar2: 358200.875
        max: 19487.5488281
        mean: 3689.57592773
        median: 3832.91015625
        min: 150.732421875
        var: 440092.71875
    spectral_skewness:
        dmean: 0.134801760316
        dmean2: 0.221499666572
        dvar: 0.0154868513346
        dvar2: 0.0393240824342
        max: 3.20826053619
        mean: 1.0403701067
        median: 1.01368796825
        min: 0.0400808379054
        var: 0.053487431258
    spectral_spread:
        dmean: 378679.9375
        dmean2: 578079
        dvar: 267806097408
        dvar2: 408833589248
        max: 41455708
        mean: 4512646
        median: 4322598
        min: 1591239.125
        var: 1.18047073894e+012
    spectral_strongpeak:
        dmean: 0.594008862972
        dmean2: 1.01869821548
        dvar: 0.620611131191
        dvar2: 1.58401823044
        max: 10.7609634399
        mean: 0.789417147636
        median: 0.318918555975
        min: 8.29056201468e-009
        var: 0.949249148369
    zerocrossingrate:
        dmean: 0.00846670661122
        dmean2: 0.010346266441
        dvar: 6.17304685875e-005
        dvar2: 7.92194769019e-005
        max: 0.4970703125
        mean: 0.11103618145
        median: 0.11181640625
        min: 0.01318359375
        var: 0.000457663554698
    barkbands:
        dmean: [3.45369443266e-007, 0.000117742361908, 0.00016009407409, 0.000175922876224, 0.000635616888758, 0.00015836644161, 8.93236501724e-005, 0.000104967890366, 0.000115761249617, 9.84187863651e-005, 5.6632936321e-005, 8.28762640595e-005, 7.33326960471e-005, 9.71729605226e-005, 0.000105155049823, 0.000185773547855, 0.000180642760824, 0.000140969117638, 0.000202515468118, 0.000228976918152, 0.000110942863103, 4.50969564554e-005, 8.59533156472e-006, 2.49115100814e-006, 8.63758316427e-007, 1.78941252926e-008, 2.32323063565e-010]
        dmean2: [5.4944950989e-007, 0.000203565330594, 0.000282785156742, 0.000305599969579, 0.0010907149408, 0.000279418629361, 0.000155276138685, 0.000177528927452, 0.000186907462194, 0.000156135371071, 9.06434070203e-005, 0.00013215187937, 0.000118651609228, 0.000158891605679, 0.000171128718648, 0.00030408918974, 0.000296777434414, 0.000237730855588, 0.000336591765517, 0.000378101045499, 0.000186248740647, 7.58352543926e-005, 1.43629231388e-005, 4.14982105212e-006, 1.39284134093e-006, 2.87156023404e-008, 4.20090850994e-010]
        dvar: [3.92063226502e-013, 4.13496898943e-008, 7.57889253578e-008, 6.03764434004e-008, 2.01521879717e-006, 1.26227476471e-007, 4.73762646891e-008, 5.56232677695e-008, 4.72179841893e-008, 3.50192550513e-008, 1.45039198429e-008, 3.14322328165e-008, 3.02900744487e-008, 4.20549994828e-008, 3.92317147657e-008, 8.09095865861e-008, 6.06485315302e-008, 3.41502044421e-008, 7.30543447958e-008, 9.60954977813e-008, 2.59785792878e-008, 3.94284516148e-009, 1.82230119883e-010, 2.09026858322e-011, 4.1296987531e-012, 2.13021544103e-015, 9.33094498395e-020]
        dvar2: [9.09008653939e-013, 1.12734802826e-007, 2.11526327121e-007, 1.65839026067e-007, 5.59441923542e-006, 3.39724863352e-007, 1.22548655668e-007, 1.36473119028e-007, 1.16184317278e-007, 7.85159741667e-008, 3.30996776654e-008, 7.63511138757e-008, 7.75963968636e-008, 1.1047915649e-007, 9.87854562595e-008, 2.02601810884e-007, 1.58725640631e-007, 9.16665996442e-008, 1.84869222153e-007, 2.40511866423e-007, 6.43221653718e-008, 1.00425623373e-008, 4.4629258622e-010, 4.49300353866e-011, 7.84589407332e-012, 4.39282467281e-015, 2.81750899827e-019]
        max: [4.30751970271e-006, 0.00162596278824, 0.00223477464169, 0.0030827075243, 0.0132907582447, 0.00548531813547, 0.00569880660623, 0.00558312050998, 0.00349731906317, 0.00344131421298, 0.0027107137721, 0.00362668582238, 0.00354683795013, 0.00304950471036, 0.00428075296804, 0.005953816697, 0.00482635060325, 0.00535996537656, 0.00658049620688, 0.0103642381728, 0.00340718938969, 0.000875357713085, 0.000233620157815, 0.000157516537001, 8.48328418215e-005, 2.91991614176e-006, 4.53619186658e-009]
        mean: [3.19486957778e-007, 0.000141584896483, 0.000176089175511, 0.000212070706766, 0.000665805651806, 0.000166355006513, 9.49498426053e-005, 0.000141866286867, 0.000178481888724, 0.000161993608344, 9.21171158552e-005, 0.000139827956446, 0.000119046577311, 0.000155570480274, 0.000176139699761, 0.00035392891732, 0.000368675362552, 0.000270910531981, 0.000405720958952, 0.000511597492732, 0.000234423583606, 9.01687017176e-005, 1.45115791383e-005, 4.50324205303e-006, 1.57760564434e-006, 3.13958103959e-008, 2.43397357824e-010]
        median: [5.82937254023e-008, 8.7594424258e-005, 9.76141600404e-005, 0.000135455979034, 0.000288077600999, 7.44670178392e-005, 3.95247734559e-005, 5.66031521885e-005, 0.000106633538962, 7.27544756955e-005, 3.1326606404e-005, 5.11588368681e-005, 4.43308781541e-005, 6.93524052622e-005, 9.49267559918e-005, 0.000239702843828, 0.000249847071245, 0.00020523101557, 0.000336283177603, 0.00042376271449, 0.000188320933376, 7.10739695933e-005, 9.10895141715e-006, 2.71853696177e-006, 7.93519177478e-007, 1.60938959937e-008, 1.30502691986e-010]
        min: [5.51214348713e-023, 2.34474057715e-023, 4.8208526852e-023, 2.1179566353e-023, 7.46614058976e-023, 2.45117290162e-023, 6.56825847635e-023, 9.92141130824e-024, 7.85598239626e-023, 9.50629771155e-023, 1.00797566756e-022, 6.44072238717e-023, 1.54246818457e-022, 1.72891375558e-022, 1.51305541105e-022, 1.98280163284e-022, 1.18949533864e-022, 1.4986577529e-022, 3.2559280919e-022, 3.95270785112e-022, 4.55778486514e-022, 5.74921171393e-022, 7.90365774149e-022, 8.57292026529e-022, 1.19935534265e-021, 1.44326325856e-021, 2.3367236362e-021]
        var: [3.89705493353e-013, 3.35323910861e-008, 6.16900450723e-008, 6.2496205544e-008, 1.50108473917e-006, 1.04320854177e-007, 4.55366055974e-008, 1.17443619274e-007, 6.29064729196e-008, 8.24514643227e-008, 3.41259038805e-008, 6.84658800765e-008, 5.15288505198e-008, 7.18103621011e-008, 6.66748434242e-008, 1.59049619697e-007, 1.54196769131e-007, 7.77565176691e-008, 1.04518797173e-007, 1.54597870505e-007, 3.88559726616e-008, 5.59384805143e-009, 3.02237318506e-010, 5.01564727251e-011, 1.18327951604e-011, 3.90057825178e-015, 1.00941864739e-019]
    frequency_bands:
        dmean: [3.45369443266e-007, 0.000117742361908, 0.00016009407409, 0.000175922876224, 0.000635616888758, 0.00015836644161, 8.93236501724e-005, 0.000104967890366, 0.000115761249617, 9.84187863651e-005, 5.6632936321e-005, 8.28762640595e-005, 7.33326960471e-005, 9.71729605226e-005, 0.000105155049823, 0.000185773547855, 0.000180642760824, 0.000140969117638, 0.000202515468118, 0.000228976918152, 0.000110942863103, 4.50969564554e-005, 8.59533156472e-006, 2.49115100814e-006, 8.63758316427e-007, 1.78941252926e-008, 2.32323063565e-010, 5.7313841173e-011]
        dmean2: [5.4944950989e-007, 0.000203565330594, 0.000282785156742, 0.000305599969579, 0.0010907149408, 0.000279418629361, 0.000155276138685, 0.000177528927452, 0.000186907462194, 0.000156135371071, 9.06434070203e-005, 0.00013215187937, 0.000118651609228, 0.000158891605679, 0.000171128718648, 0.00030408918974, 0.000296777434414, 0.000237730855588, 0.000336591765517, 0.000378101045499, 0.000186248740647, 7.58352543926e-005, 1.43629231388e-005, 4.14982105212e-006, 1.39284134093e-006, 2.87156023404e-008, 4.20090850994e-010, 1.06667299993e-010]
        dvar: [3.92063226502e-013, 4.13496898943e-008, 7.57889253578e-008, 6.03764434004e-008, 2.01521879717e-006, 1.26227476471e-007, 4.73762646891e-008, 5.56232677695e-008, 4.72179841893e-008, 3.50192550513e-008, 1.45039198429e-008, 3.14322328165e-008, 3.02900744487e-008, 4.20549994828e-008, 3.92317147657e-008, 8.09095865861e-008, 6.06485315302e-008, 3.41502044421e-008, 7.30543447958e-008, 9.60954977813e-008, 2.59785792878e-008, 3.94284516148e-009, 1.82230119883e-010, 2.09026858322e-011, 4.1296987531e-012, 2.13021544103e-015, 9.33094498395e-020, 6.75704738077e-021]
        dvar2: [9.09008653939e-013, 1.12734802826e-007, 2.11526327121e-007, 1.65839026067e-007, 5.59441923542e-006, 3.39724863352e-007, 1.22548655668e-007, 1.36473119028e-007, 1.16184317278e-007, 7.85159741667e-008, 3.30996776654e-008, 7.63511138757e-008, 7.75963968636e-008, 1.1047915649e-007, 9.87854562595e-008, 2.02601810884e-007, 1.58725640631e-007, 9.16665996442e-008, 1.84869222153e-007, 2.40511866423e-007, 6.43221653718e-008, 1.00425623373e-008, 4.4629258622e-010, 4.49300353866e-011, 7.84589407332e-012, 4.39282467281e-015, 2.81750899827e-019, 2.17872458634e-020]
        max: [4.30751970271e-006, 0.00162596278824, 0.00223477464169, 0.0030827075243, 0.0132907582447, 0.00548531813547, 0.00569880660623, 0.00558312050998, 0.00349731906317, 0.00344131421298, 0.0027107137721, 0.00362668582238, 0.00354683795013, 0.00304950471036, 0.00428075296804, 0.005953816697, 0.00482635060325, 0.00535996537656, 0.00658049620688, 0.0103642381728, 0.00340718938969, 0.000875357713085, 0.000233620157815, 0.000157516537001, 8.48328418215e-005, 2.91991614176e-006, 4.53619186658e-009, 1.2860413845e-009]
        mean: [3.19486957778e-007, 0.000141584896483, 0.000176089175511, 0.000212070706766, 0.000665805651806, 0.000166355006513, 9.49498426053e-005, 0.000141866286867, 0.000178481888724, 0.000161993608344, 9.21171158552e-005, 0.000139827956446, 0.000119046577311, 0.000155570480274, 0.000176139699761, 0.00035392891732, 0.000368675362552, 0.000270910531981, 0.000405720958952, 0.000511597492732, 0.000234423583606, 9.01687017176e-005, 1.45115791383e-005, 4.50324205303e-006, 1.57760564434e-006, 3.13958103959e-008, 2.43397357824e-010, 4.40773736954e-011]
        median: [5.82937254023e-008, 8.7594424258e-005, 9.76141600404e-005, 0.000135455979034, 0.000288077600999, 7.44670178392e-005, 3.95247734559e-005, 5.66031521885e-005, 0.000106633538962, 7.27544756955e-005, 3.1326606404e-005, 5.11588368681e-005, 4.43308781541e-005, 6.93524052622e-005, 9.49267559918e-005, 0.000239702843828, 0.000249847071245, 0.00020523101557, 0.000336283177603, 0.00042376271449, 0.000188320933376, 7.10739695933e-005, 9.10895141715e-006, 2.71853696177e-006, 7.93519177478e-007, 1.60938959937e-008, 1.30502691986e-010, 1.75302515559e-011]
        min: [5.51214348713e-023, 2.34474057715e-023, 4.8208526852e-023, 2.1179566353e-023, 7.46614058976e-023, 2.45117290162e-023, 6.56825847635e-023, 9.92141130824e-024, 7.85598239626e-023, 9.50629771155e-023, 1.00797566756e-022, 6.44072238717e-023, 1.54246818457e-022, 1.72891375558e-022, 1.51305541105e-022, 1.98280163284e-022, 1.18949533864e-022, 1.4986577529e-022, 3.2559280919e-022, 3.95270785112e-022, 4.55778486514e-022, 5.74921171393e-022, 7.90365774149e-022, 8.57292026529e-022, 1.19935534265e-021, 1.44326325856e-021, 2.3367236362e-021, 1.12040654715e-021]
        var: [3.89705493353e-013, 3.35323910861e-008, 6.16900450723e-008, 6.2496205544e-008, 1.50108473917e-006, 1.04320854177e-007, 4.55366055974e-008, 1.17443619274e-007, 6.29064729196e-008, 8.24514643227e-008, 3.41259038805e-008, 6.84658800765e-008, 5.15288505198e-008, 7.18103621011e-008, 6.66748434242e-008, 1.59049619697e-007, 1.54196769131e-007, 7.77565176691e-008, 1.04518797173e-007, 1.54597870505e-007, 3.88559726616e-008, 5.59384805143e-009, 3.02237318506e-010, 5.01564727251e-011, 1.18327951604e-011, 3.90057825178e-015, 1.00941864739e-019, 5.21053507868e-021]
    mfcc:
        mean: [-692.238525391, 90.4914932251, -50.0107116699, 59.4188346863, -13.8084173203, 6.00367259979, -2.06404542923, -0.935215473175, 4.98458242416, -1.42197585106, -6.76011991501, -6.2650513649, -6.48995399475]
        cov: [[4721.29199219, 622.373962402, -370.615753174, 415.88369751, -161.205749512, 124.41178894, -16.4968776703, 35.697303772, -18.0975666046, 6.38686609268, -26.427690506, -27.8159446716, -39.1422958374], [622.373962402, 452.363006592, -191.262619019, 106.557029724, -51.5693664551, 25.9753513336, 20.4161396027, -29.0188884735, 16.2089653015, -12.3595981598, -12.8301458359, -21.0303440094, -18.9220371246], [-370.615753174, -191.262619019, 341.944091797, -39.0397262573, 64.6382217407, -10.5157642365, -21.7641220093, 4.13195562363, -46.535572052, 2.29694199562, 16.6883487701, 7.89011383057, 2.51330089569], [415.88369751, 106.557029724, -39.0397262573, 269.263885498, 20.4210319519, -39.0674743652, -55.6724815369, -3.07017636299, 58.9195137024, 16.4920978546, -7.96972990036, -13.3478155136, -0.507988214493], [-161.205749512, -51.5693664551, 64.6382217407, 20.4210319519, 113.307235718, 23.298614502, 0.399467200041, 4.52843618393, 14.8620767593, 16.8612270355, 3.91335535049, 0.8210542202, -1.2592420578], [124.41178894, 25.9753513336, -10.5157642365, -39.0674743652, 23.298614502, 124.755699158, 88.8965988159, 26.7597999573, -24.1517333984, -6.19306325912, 14.9701910019, 4.59704589844, -11.853266716], [-16.4968776703, 20.4161396027, -21.7641220093, -55.6724815369, 0.399467200041, 88.8965988159, 154.034423828, 57.1713447571, -8.23500919342, -15.4776611328, 11.1873817444, 12.4510192871, -12.3142137527], [35.697303772, -29.0188884735, 4.13195562363, -3.07017636299, 4.52843618393, 26.7597999573, 57.1713447571, 89.671661377, 31.8416576385, 4.01390457153, -1.0014257431, 7.56165790558, 1.54483222961], [-18.0975666046, 16.2089653015, -46.535572052, 58.9195137024, 14.8620767593, -24.1517333984, -8.23500919342, 31.8416576385, 112.712203979, 48.381477356, 4.5906047821, -6.48330354691, -1.29378294945], [6.38686609268, -12.3595981598, 2.29694199562, 16.4920978546, 16.8612270355, -6.19306325912, -15.4776611328, 4.01390457153, 48.381477356, 86.0539855957, 31.6981906891, 8.18861579895, 4.05556535721], [-26.427690506, -12.8301458359, 16.6883487701, -7.96972990036, 3.91335535049, 14.9701910019, 11.1873817444, -1.0014257431, 4.5906047821, 31.6981906891, 62.3851318359, 26.4011688232, 4.46540403366], [-27.8159446716, -21.0303440094, 7.89011383057, -13.3478155136, 0.8210542202, 4.59704589844, 12.4510192871, 7.56165790558, -6.48330354691, 8.18861579895, 26.4011688232, 61.0261268616, 30.9085216522], [-39.1422958374, -18.9220371246, 2.51330089569, -0.507988214493, -1.2592420578, -11.853266716, -12.3142137527, 1.54483222961, -1.29378294945, 4.05556535721, 4.46540403366, 30.9085216522, 59.6739768982]]
        icov: [[0.000361397018423, -0.000274071004242, 0.000163739183336, -0.00057817454217, 0.000550639349967, -0.000729580759071, 0.000536732783075, -0.00059740972938, 0.000610824848991, -0.000422033685027, 0.000237716216361, -0.000169870603713, 0.000243377755396], [-0.000274071004242, 0.00383642013185, 0.00130854733288, -0.0011692015687, 0.000869912677445, -0.000627819215879, -0.00132894364651, 0.00240462878719, -0.000634270138107, 0.000437578477431, 0.000154744644533, 0.000471798470244, 0.000229373908951], [0.000163739183336, 0.00130854733288, 0.00487716356292, -0.000348877889337, -0.00234971567988, 0.00105646287557, 0.000705447862856, -0.00183511897922, 0.00352774909697, -0.000646237574983, -0.00154417916201, 0.000713388668373, 0.000533746264409], [-0.00057817454217, -0.0011692015687, -0.000348877889337, 0.00633107218891, -0.00247864145786, 0.00185037939809, 0.00132072542328, -0.000183341588126, -0.00313210068271, 0.00158643722534, -0.000847340153996, 0.000452059641248, -0.000435331952758], [0.000550639349967, 0.000869912677445, -0.00234971567988, -0.00247864145786, 0.013579737395, -0.00645209429786, 0.00146504247095, 0.00155641825404, -0.00265557412058, -0.00175532174762, 0.00283997762017, -0.00144466361962, 0.000579353130888], [-0.000729580759071, -0.000627819215879, 0.00105646287557, 0.00185037939809, -0.00645209429786, 0.0189768727869, -0.00947026722133, -0.00109727738891, 0.00466192653403, -0.000834294245578, -0.00405852589756, 0.0028020364698, 1.11990166261e-005], [0.000536732783075, -0.00132894364651, 0.000705447862856, 0.00132072542328, 0.00146504247095, -0.00947026722133, 0.0168030839413, -0.00856017880142, 0.00015666532272, 0.00244413502514, -0.00118602474686, -0.00316841690801, 0.00331819825806], [-0.00059740972938, 0.00240462878719, -0.00183511897922, -0.000183341588126, 0.00155641825404, -0.00109727738891, -0.00856017880142, 0.021387539804, -0.00922007858753, 0.00170132983476, 0.00353532168083, -0.00201855786145, -0.00159345043357], [0.000610824848991, -0.000634270138107, 0.00352774909697, -0.00313210068271, -0.00265557412058, 0.00466192653403, 0.00015666532272, -0.00922007858753, 0.0207150913775, -0.0103150038049, 0.000120059252367, 0.00281755044125, 0.00084709195653], [-0.000422033685027, 0.000437578477431, -0.000646237574983, 0.00158643722534, -0.00175532174762, -0.000834294245578, 0.00244413502514, 0.00170132983476, -0.0103150038049, 0.0216513071209, -0.0103247994557, 0.000837367610075, -0.00119600922335], [0.000237716216361, 0.000154744644533, -0.00154417916201, -0.000847340153996, 0.00283997762017, -0.00405852589756, -0.00118602474686, 0.00353532168083, 0.000120059252367, -0.0103247994557, 0.0277724210173, -0.0125508410856, 0.00430719507858], [-0.000169870603713, 0.000471798470244, 0.000713388668373, 0.000452059641248, -0.00144466361962, 0.0028020364698, -0.00316841690801, -0.00201855786145, 0.00281755044125, 0.000837367610075, -0.0125508410856, 0.0303040444851, -0.0148163158447], [0.000243377755396, 0.000229373908951, 0.000533746264409, -0.000435331952758, 0.000579353130888, 1.11990166261e-005, 0.00331819825806, -0.00159345043357, 0.00084709195653, -0.00119600922335, 0.00430719507858, -0.0148163158447, 0.0251558963209]]
    sccoeffs:
        dmean: [0.0629879161716, 0.0481018461287, 0.0398779176176, 0.0321828462183, 0.019482344389, 0.0170168690383]
        dmean2: [0.103741638362, 0.0798082202673, 0.0660330578685, 0.0526769421995, 0.0326052568853, 0.0272601060569]
        dvar: [0.00277653662488, 0.00150221947115, 0.00100625527557, 0.000664275081363, 0.000248750118772, 0.000234693172388]
        dvar2: [0.00759590230882, 0.00395363243297, 0.00267854123376, 0.00170316523872, 0.000647759530693, 0.000557391671464]
        max: [-0.272744625807, -0.402862757444, -0.561531186104, -0.566801905632, -0.629403889179, -0.56302022934]
        mean: [-0.663336515427, -0.779935956001, -0.784416615963, -0.778278887272, -0.800960063934, -0.717889606953]
        median: [-0.668661296368, -0.788400650024, -0.789218068123, -0.780733048916, -0.803147554398, -0.714225769043]
        min: [-0.958602130413, -0.993219912052, -0.98787343502, -0.974119603634, -0.963563740253, -0.96003061533]
        var: [0.00576257379726, 0.00394084770232, 0.00307506276295, 0.0024543388281, 0.000952279777266, 0.00154324574396]
    scvalleys:
        dmean: [0.403278827667, 0.406498849392, 0.306711822748, 0.254574149847, 0.230330824852, 0.263228863478]
        dmean2: [0.660716950893, 0.680212914944, 0.496888399124, 0.404552936554, 0.354512125254, 0.42464953661]
        dvar: [0.117025583982, 0.152530014515, 0.0683946236968, 0.0523701906204, 0.0521783456206, 0.0998613610864]
        dvar2: [0.291105777025, 0.400226384401, 0.160790801048, 0.111654020846, 0.106499917805, 0.230094641447]
        max: [-5.00700139999, -4.44664478302, -5.19164991379, -5.81170463562, -5.49280261993, -7.38164186478]
        mean: [-6.78319835663, -6.71407651901, -7.00705957413, -7.00915050507, -6.75837135315, -9.56374645233]
        median: [-6.59823179245, -6.59636116028, -6.88549137115, -6.85834980011, -6.59384012222, -9.42221450806]
        min: [-27.3591022491, -26.9852485657, -26.8086032867, -27.2758407593, -27.2259712219, -27.225353241]
        var: [1.66657567024, 1.40403199196, 1.38783180714, 1.31417357922, 1.22864687443, 1.1888705492]

rhythm:
    beats_loudness:
        dmean: 0.00147775455844
        dmean2: 0.00258188694715
        dvar: 1.51365793499e-006
        dvar2: 4.4974976845e-006
        max: 0.0103653520346
        mean: 0.00516382465139
        median: 0.00507337553427
        min: 2.31090882541e-010
        var: 2.96326879834e-006
    bpm: 164.06362915
    bpm_confidence: 0
    first_peak_bpm: 167
    first_peak_spread: 0
    first_peak_weight: 0.252988040447
    onset_rate: 3.29361104965
    second_peak_bpm: 161
    second_peak_spread: 0.314136147499
    second_peak_weight: 0.260956168175
    beats_loudness_band_ratio:
        dmean: [0.0892734229565, 0.151610970497, 0.0720580145717, 0.0917168557644, 0.103482834995, 0.0796658918262]
        dmean2: [0.154266938567, 0.281586587429, 0.12599568069, 0.165992826223, 0.180977225304, 0.140907794237]
        dvar: [0.00701256142929, 0.0154472542927, 0.00724577298388, 0.0122331390157, 0.00811397098005, 0.00479322997853]
        dvar2: [0.0200726445764, 0.0498102009296, 0.0213546715677, 0.0330754294991, 0.0214068349451, 0.0137999244034]
        max: [0.726261556149, 0.667998969555, 0.565164268017, 0.576298058033, 0.717842459679, 0.528187274933]
        mean: [0.163623824716, 0.173016875982, 0.104688547552, 0.115405134857, 0.273504108191, 0.236059933901]
        median: [0.145114064217, 0.133080929518, 0.0810232684016, 0.0728648453951, 0.26415771246, 0.223651304841]
        min: [0.000399137235945, 0.00899847317487, 0.0143735595047, 0.00688275741413, 0.0217767674476, 0.00941639579833]
        var: [0.00913445930928, 0.016626605764, 0.00670082494617, 0.0121265929192, 0.0115263573825, 0.00642328057438]
    beats_position: [0.545668900013, 1.10294783115, 1.66022670269, 2.21750569344, 2.76317453384, 3.30884337425, 3.85451245308, 4.38857126236, 4.93424034119, 5.47990942001, 6.025578022, 6.57124710083, 7.10530614853, 7.63936471939, 8.18503379822, 8.73070240021, 9.27637195587, 9.82204055786, 10.3560991287, 10.9017686844, 11.4474372864, 11.9814968109, 12.5271654129, 13.0612239838, 13.6068935394, 14.1409521103, 14.6866207123, 15.2322902679, 15.7779588699, 16.3236274719, 16.8692970276, 17.4149665833, 17.9490242004, 18.4946937561, 19.0403633118, 19.574420929, 20.1200904846, 20.6657600403, 21.1998176575, 21.7454872131, 22.2795467377, 22.6394557953, 23.010974884, 23.3824939728, 23.7424030304, 24.102312088, 24.4738311768, 24.8569602966, 25.2400894165, 25.6348285675, 26.0411777496, 26.4475269318, 26.8190479279, 27.1905670166, 27.5620861053, 27.9336051941, 28.3051242828, 28.6766433716, 29.0481624603, 29.4080715179, 29.7679805756, 30.1278915405, 30.4878005981, 30.8593196869, 31.2308387756, 31.6023578644, 31.962266922, 32.322177887, 32.6936950684, 33.053604126, 33.4135131836, 33.7850341797, 34.1565513611, 34.5280723572, 34.8995895386, 35.2594985962, 35.6194114685, 35.9909286499, 36.3508377075, 36.7223587036, 37.0822677612, 37.4537849426, 37.8253059387, 38.1852149963, 38.545124054, 38.91664505, 39.2765541077, 39.6480712891, 40.0079803467, 40.3795013428, 40.7394104004, 41.099319458, 41.4708366394, 41.8423576355, 42.2022666931, 42.5621757507, 42.9336967468, 43.3052139282, 43.6651229858, 44.0366439819, 44.3965530396, 44.7680702209, 45.139591217, 45.4995002747, 45.8594093323, 46.2309303284, 46.6024475098, 46.9623565674, 47.322265625, 47.6937866211, 48.0653038025, 48.4252128601, 48.7967338562, 49.1566429138, 49.5281639099, 49.8880729675, 50.2479820251, 50.6194992065, 50.9794082642, 51.3509292603, 51.7224464417, 52.0823554993, 52.4538764954, 52.8253974915, 53.1853065491, 53.5452156067, 53.9167327881, 54.2766418457, 54.6365509033, 55.0080718994, 55.3795890808, 55.7395019531, 56.0994110107, 56.4593200684, 56.819229126, 57.1791381836, 57.550655365, 57.9221763611, 58.2820854187, 58.6419944763, 59.0019035339, 59.3618125916, 59.7217216492, 60.0816307068, 60.4415397644, 60.801448822, 61.1613578796, 61.5212669373, 61.8811798096, 62.2410888672, 62.6009979248, 62.9725151062, 63.3440361023, 63.7039451599, 64.0638504028, 64.4237594604, 64.7836685181, 65.1435852051, 65.5034942627, 65.8634033203, 66.2233123779, 66.5832214355, 66.9431304932, 67.3030395508, 67.6629486084, 68.0344696045, 68.3943786621, 68.7542877197, 69.1141967773, 69.474105835, 69.8456192017, 70.2055282593, 70.5654373169, 70.9253463745, 71.2852630615, 71.6451721191, 72.0050811768, 72.3649902344, 72.724899292, 73.0848083496, 73.4447174072, 73.8162307739, 74.1761474609, 74.5360565186, 74.9075698853, 75.2558746338, 75.6273880005, 75.9989089966, 76.3588180542, 76.7187271118, 77.0670318604, 77.426940918, 77.7868499756, 78.1467590332, 78.5066680908, 78.8781814575, 79.2497024536, 79.6328353882, 80.0275726318, 80.410697937, 80.7938308716, 81.1885681152, 81.5717010498, 81.9432220459, 82.3147354126, 82.6862564087, 83.0577774048, 83.4176864624, 83.77759552, 84.1491165161, 84.5206298828, 84.8805389404, 85.2404556274, 85.6003646851, 85.9602737427, 86.3317871094, 86.7033081055, 87.0632171631, 87.4347381592, 87.7946472168, 88.1661682129, 88.537689209, 88.9092025757, 89.2691116333, 89.6290206909, 90.000541687, 90.3720626831, 90.7551879883, 91.1615371704, 91.544670105, 91.9277954102, 92.3109283447, 92.7056655884, 93.0887985229, 93.460319519, 93.8318328857, 94.2033538818, 94.5748748779, 94.9347839355, 95.2946929932, 95.6662139893, 96.037727356, 96.4092483521, 96.7807693481, 97.1406784058, 97.5005874634, 97.860496521, 98.2320175171, 98.6035385132, 98.9634475708, 99.3117446899, 99.683265686, 100.054779053, 100.426300049, 100.797821045, 101.169342041, 101.529251099, 101.889160156, 102.249069214, 102.608978271, 102.980499268, 103.352012634, 103.711929321, 104.071838379, 104.443351746, 104.814872742, 105.186393738, 105.557914734, 105.917823792, 106.277732849, 106.649246216, 107.009155273, 107.36907196, 107.740585327, 108.112106323, 108.64616394, 109.180221558, 109.725891113, 110.271560669, 110.817230225, 111.36289978, 111.908569336, 112.454238892, 112.988296509, 113.522354126, 114.068023682, 114.602081299, 115.147750854, 115.69342041, 116.239089966, 116.773147583, 117.318817139, 117.864486694, 118.421768188, 118.955825806, 119.489883423, 120.035552979, 120.569610596, 121.115280151, 121.660949707, 122.206619263, 122.74067688, 123.286346436, 123.820404053, 124.366073608, 124.911743164, 125.45741272, 126.003082275, 126.548751831, 127.082809448, 127.616867065, 128.162536621, 128.708206177, 129.253875732, 129.799545288, 130.345214844, 130.890884399, 131.436553955, 131.982223511, 132.504669189, 133.01550293, 133.537963867, 134.048797607, 134.559631348, 135.082077026, 135.604537964, 136.115371704, 136.626205444, 137.009338379, 137.392471313, 137.787200928, 138.181945801, 138.565078735, 138.94821167, 139.331329346, 139.71446228, 140.097595215, 140.480728149, 140.863845825, 141.24697876, 141.630111694, 142.013244629, 142.396362305, 142.779495239, 143.174240112, 143.557373047, 143.952102661, 144.335235596, 144.71836853, 145.101501465, 145.484619141, 145.867752075, 146.25088501, 146.634017944, 147.01713562, 147.400268555, 147.783401489, 148.166534424, 148.5496521, 148.932785034, 149.327529907, 149.710647583, 150.093780518, 150.476913452, 150.860046387, 151.243179321, 151.637908936, 152.02104187, 152.404174805, 152.78729248, 153.170425415, 153.55355835, 153.936691284, 154.31980896, 154.702941895, 155.086074829, 155.480819702, 155.887161255, 156.293518066, 156.676635742, 157.071380615, 157.477722168, 157.849243164, 158.22076416, 158.592285156, 158.963806152, 159.335327148, 159.706848145, 160.066757202, 160.42666626, 160.798187256, 161.169708252, 161.52961731, 161.889526367, 162.261047363, 162.632553101, 162.992462158, 163.352371216, 163.723892212, 164.095413208, 164.455322266, 164.815231323, 165.186752319, 165.558273315, 165.918182373, 166.278091431, 166.649612427, 167.021133423, 167.392654419, 167.764175415, 168.135681152, 168.507202148, 168.878723145, 169.250244141, 169.621765137, 170.004898071, 170.388031006, 170.759536743, 171.131057739, 171.502578735, 171.874099731, 172.245620728, 172.628753662, 173.011871338, 173.383392334, 173.75491333, 174.126434326, 174.497955322, 174.869476318, 175.252609253, 175.635726929, 176.007247925, 176.378768921, 176.773513794, 177.330795288, 177.888076782, 178.445343018, 179.002624512, 179.559906006, 180.105575562, 180.651245117, 181.185302734, 181.719360352, 182.265029907, 182.810699463, 183.356369019, 183.902038574, 184.44770813, 184.993377686, 185.527435303, 186.06149292, 186.595550537, 187.141220093, 187.686889648, 188.232559204, 188.77822876, 189.323898315, 189.869567871, 190.403625488, 190.949295044, 191.4949646, 192.040634155, 192.586303711, 193.131973267, 193.677642822, 194.211700439, 194.745758057, 195.291427612, 195.837097168, 196.371154785, 196.916824341, 197.462493896, 197.996551514, 198.530609131, 199.076278687, 199.621948242, 200.167617798, 200.713287354, 201.258956909, 201.804626465, 202.338684082, 202.884353638, 203.430023193, 203.964080811, 204.498138428, 205.043807983, 205.589477539, 206.135147095, 206.68081665, 207.214874268, 207.748931885, 208.29460144, 208.840270996, 209.385940552, 209.931610107, 210.465667725, 211.01133728, 211.557006836, 212.102676392, 212.648345947, 213.205612183, 213.762893677, 214.320175171]
