
metadata:
    version:
        essentia: "2.1-beta2"
    audio_properties:
        analysis_sample_rate: 44100
        bitrate: 320
        channels: 2
        equal_loudness: 1
        length: 242.573059082
        replay_gain: -13.6214199066
        downmix: "mix"
    tags:
        album: "Venom (Deluxe Edition)"
        artist: "Bullet for My Valentine"
        comment: ""
        date: "2015"
        genre: ""
        title: "In Loving Memory"
        tracknumber: "14/15"

configuration:
    average_loudness:
        compute: 1
        frameSize: 88200
        hopSize: 44100
        silentFrames: "noise"
        windowType: "hann"
    general:
        analysisSampleRate: 44100
        endTime: 2000
        equalLoudness: 1
        nequalLoudness: 0
        shortSound: 0
        startTime: 0
    lowlevel:
        compute: 1
        frameSize: 2048
        hopSize: 1024
        zeroPadding: 0
        silentFrames: "noise"
        windowType: "blackmanharris62"
        mfccStats: ["mean", "cov", "icov"]
        stats: ["mean", "var", "median", "min", "max", "dmean", "dmean2", "dvar", "dvar2"]
    panning:
        compute: 0
        frameSize: 8192
        hopSize: 2048
        zeroPadding: 8192
        silentFrames: "noise"
        windowType: "hann"
        stats: ["copy"]
    rhythm:
        compute: 1
        maxTempo: 208
        minTempo: 40
        method: "degara"
        stats: ["mean", "var", "median", "min", "max", "dmean", "dmean2", "dvar", "dvar2"]
    segmentation:
        compute: 0
        cpw: 5
        inc1: 300
        inc2: 50
        minimumSegmentsLength: 10
        size1: 1000
        size2: 600
    sfx:
        compute: 1
        stats: ["mean", "var", "median", "min", "max", "dmean", "dmean2", "dvar", "dvar2"]
    svm:
        compute: 0
    tonal:
        compute: 1
        frameSize: 4096
        hopSize: 2048
        zeroPadding: 0
        silentFrames: "noise"
        windowType: "blackmanharris62"
        stats: ["mean", "var", "median", "min", "max", "dmean", "dmean2", "dvar", "dvar2"]

lowlevel:
    average_loudness: 0.950999438763
    barkbands_kurtosis:
        dmean: 0.950304329395
        dmean2: 1.39476537704
        dvar: 6.34015274048
        dvar2: 10.8151569366
        max: 175.375579834
        mean: 2.09895181656
        median: -1.10262322426
        min: -1.93145298958
        var: 252.307739258
    barkbands_skewness:
        dmean: 0.397147446871
        dmean2: 0.605718970299
        dvar: 0.158821284771
        dvar2: 0.355037659407
        max: 9.65834712982
        mean: -0.0654760226607
        median: -0.310254693031
        min: -3.95006036758
        var: 2.10092735291
    barkbands_spread:
        dmean: 4.91527986526
        dmean2: 7.65102052689
        dvar: 23.9146442413
        dvar2: 57.2713432312
        max: 77.3748321533
        mean: 32.8333854675
        median: 33.6259384155
        min: 0.31187698245
        var: 142.976989746
    dissonance:
        dmean: 0.0113470731303
        dmean2: 0.0190263651311
        dvar: 0.000168276936165
        dvar2: 0.000393299531424
        max: 0.500000119209
        mean: 0.477900028229
        median: 0.484901309013
        min: 0.279907107353
        var: 0.000627900531981
    hfc:
        dmean: 3.08846879005
        dmean2: 5.12364721298
        dvar: 16.0914115906
        dvar2: 42.6648712158
        max: 41.0746040344
        mean: 10.2334308624
        median: 9.68478107452
        min: 1.22514501384e-016
        var: 35.0033111572
    pitch:
        dmean: 873.957885742
        dmean2: 1669.51086426
        dvar: 1622475.625
        dvar2: 3893258.5
        max: 5709.34912109
        mean: 1850.58691406
        median: 1055.53405762
        min: 70.8394393921
        var: 2528367.5
    pitch_instantaneous_confidence:
        dmean: 0.0800346359611
        dmean2: 0.130554780364
        dvar: 0.00512416800484
        dvar2: 0.0124339004979
        max: 0.95843821764
        mean: 0.3922111094
        median: 0.369163542986
        min: 0.115724623203
        var: 0.0164406374097
    pitch_salience:
        dmean: 0.053201213479
        dmean2: 0.0858009308577
        dvar: 0.0023525019642
        dvar2: 0.00607868516818
        max: 0.988172650337
        mean: 0.661723971367
        median: 0.675241231918
        min: 0.154412776232
        var: 0.00755740748718
    silence_rate_20dB:
        dmean: 0
        dmean2: 0
        dvar: 0
        dvar2: 0
        max: 1
        mean: 1
        median: 1
        min: 1
        var: 0
    silence_rate_30dB:
        dmean: 0
        dmean2: 0
        dvar: 0
        dvar2: 0
        max: 1
        mean: 1
        median: 1
        min: 1
        var: 0
    silence_rate_60dB:
        dmean: 0.0704508498311
        dmean2: 0.140915185213
        dvar: 0.0654807463288
        dvar2: 0.143285140395
        max: 1
        mean: 0.197262629867
        median: 0
        min: 0
        var: 0.158366307616
    spectral_centroid:
        dmean: 271.635101318
        dmean2: 423.669677734
        dvar: 97293.109375
        dvar2: 207807.96875
        max: 10824.2167969
        mean: 1936.15673828
        median: 2002.53710938
        min: 235.629302979
        var: 459769.34375
    spectral_complexity:
        dmean: 4.17000102997
        dmean2: 6.66704940796
        dvar: 18.34815979
        dvar2: 43.7402038574
        max: 45
        mean: 18.2160224915
        median: 19
        min: 0
        var: 77.8308944702
    spectral_crest:
        dmean: 1.88310790062
        dmean2: 3.09890007973
        dvar: 3.37579035759
        dvar2: 8.58909511566
        max: 24.3996334076
        mean: 7.15980386734
        median: 6.0350894928
        min: 2.56584239006
        var: 12.9314937592
    spectral_decrease:
        dmean: 3.31999455705e-010
        dmean2: 5.53641521517e-010
        dvar: 3.13417777669e-019
        dvar2: 8.66713435183e-019
        max: 4.76041372892e-029
        mean: -1.14522080708e-009
        median: -1.09933506742e-009
        min: -6.0926588219e-009
        var: 4.05725085271e-019
    spectral_energy:
        dmean: 0.00150060281157
        dmean2: 0.00250189797953
        dvar: 5.6923813645e-006
        dvar2: 1.56571986736e-005
        max: 0.0254433825612
        mean: 0.00525053264573
        median: 0.00507672084495
        min: 1.09327556832e-020
        var: 8.06544812804e-006
    spectral_energyband_high:
        dmean: 0.000226412565098
        dmean2: 0.00037979989429
        dvar: 1.09892383193e-007
        dvar2: 2.87908221708e-007
        max: 0.00721910130233
        mean: 0.00053602468688
        median: 0.000473274441902
        min: 7.96631636997e-021
        var: 1.62166173823e-007
    spectral_energyband_low:
        dmean: 0.000159631119459
        dmean2: 0.000255216786172
        dvar: 5.92911533204e-008
        dvar2: 1.5407621845e-007
        max: 0.00597755843773
        mean: 0.000334456941346
        median: 0.000255825696513
        min: 1.15257387149e-022
        var: 1.13057929241e-007
    spectral_energyband_middle_high:
        dmean: 0.000811606412753
        dmean2: 0.00130905793048
        dvar: 8.63821412622e-007
        dvar2: 2.15435306927e-006
        max: 0.0116501180455
        mean: 0.00276262173429
        median: 0.00249773520045
        min: 1.49166493643e-021
        var: 3.28371538671e-006
    spectral_energyband_middle_low:
        dmean: 0.000797246058937
        dmean2: 0.00133343075868
        dvar: 3.11602116199e-006
        dvar2: 8.70823441801e-006
        max: 0.0200126450509
        mean: 0.00177570199594
        median: 0.00132039398886
        min: 2.83687356702e-022
        var: 3.03877959595e-006
    spectral_flatness_db:
        dmean: 0.013675016351
        dmean2: 0.0208947248757
        dvar: 0.000165233650478
        dvar2: 0.000360810634447
        max: 0.50068205595
        mean: 0.158398106694
        median: 0.144239634275
        min: 0.0551971569657
        var: 0.00338113843463
    spectral_flux:
        dmean: 0.0082764942199
        dmean2: 0.0130660766736
        dvar: 0.000117397357826
        dvar2: 0.000221440437599
        max: 0.145154640079
        mean: 0.0420390851796
        median: 0.0423762015998
        min: 1.04559819136e-010
        var: 0.000314832723234
    spectral_kurtosis:
        dmean: 1.33274686337
        dmean2: 2.25176024437
        dvar: 9.78980255127
        dvar2: 26.2915019989
        max: 107.56161499
        mean: 4.24068975449
        median: 2.81602811813
        min: -1.20476472378
        var: 77.2213973999
    spectral_rms:
        dmean: 0.000297287508147
        dmean2: 0.000481219612993
        dvar: 1.54733584168e-007
        dvar2: 4.05444978924e-007
        max: 0.00498224981129
        mean: 0.0021663333755
        median: 0.00222551077604
        min: 3.26590013713e-012
        var: 4.29467661434e-007
    spectral_rolloff:
        dmean: 318.821899414
        dmean2: 508.493774414
        dvar: 179257.40625
        dvar2: 350005.0625
        max: 18970.7519531
        mean: 3451.66967773
        median: 3531.4453125
        min: 215.33203125
        var: 980861.1875
    spectral_skewness:
        dmean: 0.171709999442
        dmean2: 0.2784512043
        dvar: 0.0464198589325
        dvar2: 0.121149875224
        max: 8.37525367737
        mean: 1.24361586571
        median: 1.12456548214
        min: -0.276405960321
        var: 0.600886821747
    spectral_spread:
        dmean: 419082.96875
        dmean2: 608332.4375
        dvar: 379338555392
        dvar2: 584636825600
        max: 40527904
        mean: 4465646
        median: 4264573.5
        min: 711240.75
        var: 2.33751209574e+012
    spectral_strongpeak:
        dmean: 0.582103133202
        dmean2: 0.99975836277
        dvar: 0.641877532005
        dvar2: 1.65297853947
        max: 7.48129653931
        mean: 0.857860028744
        median: 0.366735339165
        min: 1.56920665351e-009
        var: 1.09627640247
    zerocrossingrate:
        dmean: 0.00785942561924
        dmean2: 0.00957439746708
        dvar: 7.88959587226e-005
        dvar2: 8.85917397682e-005
        max: 0.5078125
        mean: 0.107212550938
        median: 0.111328125
        min: 0.009765625
        var: 0.00097853015177
    barkbands:
        dmean: [2.90804393899e-007, 3.97794501623e-005, 8.63896566443e-005, 0.00016684201546, 0.000383999227779, 0.000191093015019, 0.000106692736153, 0.000107932632091, 0.00014637701679, 8.6435880803e-005, 6.675075565e-005, 5.71848067921e-005, 7.91631755419e-005, 4.20810356445e-005, 6.9539717515e-005, 0.000147352548083, 0.000219608482439, 0.000269545591436, 0.000281311367871, 0.000211118676816, 0.000107794112409, 4.25264879595e-005, 1.11990420919e-005, 4.31082480645e-006, 1.49471259192e-006, 5.7109037499e-008, 3.26866311795e-010]
        dmean2: [4.86384067244e-007, 6.49175126455e-005, 0.000136593429488, 0.000273054931313, 0.00066375406459, 0.000322332634823, 0.000173756285221, 0.00017352370196, 0.000225282710744, 0.000134946109029, 0.000104274346086, 9.17970392038e-005, 0.000123654303025, 6.72622409184e-005, 0.000113666457764, 0.000236921972828, 0.000357039592927, 0.000443852099124, 0.000478246540297, 0.000360312580597, 0.000182185511221, 6.96671631886e-005, 1.80353545147e-005, 6.69002884024e-006, 2.08868641494e-006, 8.13217724271e-008, 5.67140168162e-010]
        dvar: [2.96536477014e-013, 5.21527798725e-009, 2.07382395701e-008, 9.27705343656e-008, 1.23893880755e-006, 1.17140928069e-007, 6.08878920616e-008, 8.04927537956e-008, 1.72953320998e-007, 3.81140878858e-008, 3.40726238335e-008, 2.53203040756e-008, 4.65319232035e-008, 1.08870015225e-008, 1.89533562178e-008, 9.0155985788e-008, 1.11734649977e-007, 1.32076493742e-007, 1.28657276832e-007, 8.49543226877e-008, 2.69398050534e-008, 6.34151087198e-009, 4.80083250931e-010, 1.41468295412e-010, 2.1251797197e-011, 3.87881797536e-014, 1.89639427234e-019]
        dvar2: [7.419585237e-013, 1.38148825712e-008, 5.41381801611e-008, 2.53724920185e-007, 3.56712166649e-006, 3.28344640366e-007, 1.62176490903e-007, 1.8856090378e-007, 4.02314356052e-007, 8.13697056401e-008, 7.64686163279e-008, 6.27610461379e-008, 1.04250155175e-007, 2.4470924842e-008, 4.86547939715e-008, 2.30010442692e-007, 2.77462191889e-007, 3.42150343613e-007, 3.45642547472e-007, 2.30475919238e-007, 7.29898914642e-008, 1.42463862929e-008, 1.08778031027e-009, 2.67866312464e-010, 3.65347127551e-011, 7.29349374407e-014, 5.04568024442e-019]
        max: [3.83113911084e-006, 0.00072021537926, 0.00477574905381, 0.00449773808941, 0.0117818592116, 0.00560602778569, 0.00568785984069, 0.0081007340923, 0.0105551276356, 0.00528034148738, 0.0048419944942, 0.00386863248423, 0.00516741722822, 0.00389018002898, 0.00242602964863, 0.00620909593999, 0.00555336661637, 0.00654836324975, 0.00453783245757, 0.00287299789488, 0.0060325586237, 0.00181503407657, 0.000467759964522, 0.000290409545414, 0.000130068059661, 4.96612028655e-006, 1.0336095535e-008]
        mean: [3.15587271871e-007, 4.98279187013e-005, 0.000153695305926, 0.000265869661234, 0.000549933116417, 0.000350939109921, 0.000174753775354, 0.000168818136444, 0.000233240134548, 0.000144082878251, 0.000101800855191, 8.26683535706e-005, 0.000130144151626, 7.03591504134e-005, 0.000116544368211, 0.000287581409793, 0.000460636161733, 0.000603330379818, 0.000550509605091, 0.00042885253788, 0.000232378632063, 6.72753740218e-005, 1.73247153725e-005, 6.81860547047e-006, 2.73469413514e-006, 9.32511454721e-008, 4.16785078672e-010]
        median: [3.0770550552e-008, 2.4615386792e-005, 0.000107750747702, 0.000176365821972, 0.000297259481158, 0.000176661706064, 9.22824110603e-005, 7.31370600988e-005, 4.96110151289e-005, 6.11858413322e-005, 4.05015452998e-005, 3.06888759951e-005, 4.11661239923e-005, 3.66330968973e-005, 6.50523725199e-005, 0.000142710603541, 0.000295991660096, 0.000471021514386, 0.000442273623776, 0.000362857128493, 0.00020295966533, 3.97095354856e-005, 8.16660212877e-006, 2.66495840151e-006, 9.38586595112e-007, 2.41725039984e-008, 2.46881876054e-010]
        min: [6.6415796265e-023, 3.78299162177e-023, 3.2424931596e-023, 1.04881534372e-023, 2.96140781957e-023, 4.62026050313e-023, 3.39428766825e-023, 2.98422009923e-023, 5.73962194211e-023, 1.07691542114e-022, 4.33233510796e-023, 1.06736502926e-022, 7.7685349561e-023, 4.24677872517e-023, 6.89069243404e-023, 2.9300179713e-022, 9.32317027884e-023, 2.56133795812e-022, 3.48470835671e-022, 2.41439197792e-022, 5.16965567548e-022, 5.42186195373e-022, 5.2583746332e-022, 8.31762417665e-022, 1.59059369801e-021, 1.53579762724e-021, 2.43159273024e-021]
        var: [3.43471019855e-013, 5.09818587346e-009, 3.2212078338e-008, 1.15682354362e-007, 9.14766303595e-007, 2.30872501561e-007, 7.46396935369e-008, 1.43426177601e-007, 4.35557979017e-007, 7.71635413344e-008, 5.51384715664e-008, 3.49828717106e-008, 9.79835590442e-008, 1.92172855407e-008, 2.77077347732e-008, 2.15195328224e-007, 2.87674936317e-007, 3.1612296425e-007, 2.09009044738e-007, 1.12171079536e-007, 3.51960700584e-008, 1.07802273774e-008, 8.72523830964e-010, 3.2356212154e-010, 5.76289051202e-011, 9.26055022596e-014, 2.79432674461e-019]
    frequency_bands:
        dmean: [2.90804393899e-007, 3.97794501623e-005, 8.63896566443e-005, 0.00016684201546, 0.000383999227779, 0.000191093015019, 0.000106692736153, 0.000107932632091, 0.00014637701679, 8.6435880803e-005, 6.675075565e-005, 5.71848067921e-005, 7.91631755419e-005, 4.20810356445e-005, 6.9539717515e-005, 0.000147352548083, 0.000219608482439, 0.000269545591436, 0.000281311367871, 0.000211118676816, 0.000107794112409, 4.25264879595e-005, 1.11990420919e-005, 4.31082480645e-006, 1.49471259192e-006, 5.7109037499e-008, 3.26866311795e-010, 6.13602571531e-011]
        dmean2: [4.86384067244e-007, 6.49175126455e-005, 0.000136593429488, 0.000273054931313, 0.00066375406459, 0.000322332634823, 0.000173756285221, 0.00017352370196, 0.000225282710744, 0.000134946109029, 0.000104274346086, 9.17970392038e-005, 0.000123654303025, 6.72622409184e-005, 0.000113666457764, 0.000236921972828, 0.000357039592927, 0.000443852099124, 0.000478246540297, 0.000360312580597, 0.000182185511221, 6.96671631886e-005, 1.80353545147e-005, 6.69002884024e-006, 2.08868641494e-006, 8.13217724271e-008, 5.67140168162e-010, 1.14302123322e-010]
        dvar: [2.96536477014e-013, 5.21527798725e-009, 2.07382395701e-008, 9.27705343656e-008, 1.23893880755e-006, 1.17140928069e-007, 6.08878920616e-008, 8.04927537956e-008, 1.72953320998e-007, 3.81140878858e-008, 3.40726238335e-008, 2.53203040756e-008, 4.65319232035e-008, 1.08870015225e-008, 1.89533562178e-008, 9.0155985788e-008, 1.11734649977e-007, 1.32076493742e-007, 1.28657276832e-007, 8.49543226877e-008, 2.69398050534e-008, 6.34151087198e-009, 4.80083250931e-010, 1.41468295412e-010, 2.1251797197e-011, 3.87881797536e-014, 1.89639427234e-019, 7.67607452578e-021]
        dvar2: [7.419585237e-013, 1.38148825712e-008, 5.41381801611e-008, 2.53724920185e-007, 3.56712166649e-006, 3.28344640366e-007, 1.62176490903e-007, 1.8856090378e-007, 4.02314356052e-007, 8.13697056401e-008, 7.64686163279e-008, 6.27610461379e-008, 1.04250155175e-007, 2.4470924842e-008, 4.86547939715e-008, 2.30010442692e-007, 2.77462191889e-007, 3.42150343613e-007, 3.45642547472e-007, 2.30475919238e-007, 7.29898914642e-008, 1.42463862929e-008, 1.08778031027e-009, 2.67866312464e-010, 3.65347127551e-011, 7.29349374407e-014, 5.04568024442e-019, 2.46174669474e-020]
        max: [3.83113911084e-006, 0.00072021537926, 0.00477574905381, 0.00449773808941, 0.0117818592116, 0.00560602778569, 0.00568785984069, 0.0081007340923, 0.0105551276356, 0.00528034148738, 0.0048419944942, 0.00386863248423, 0.00516741722822, 0.00389018002898, 0.00242602964863, 0.00620909593999, 0.00555336661637, 0.00654836324975, 0.00453783245757, 0.00287299789488, 0.0060325586237, 0.00181503407657, 0.000467759964522, 0.000290409545414, 0.000130068059661, 4.96612028655e-006, 1.0336095535e-008, 1.50694934309e-009]
        mean: [3.15587271871e-007, 4.98279187013e-005, 0.000153695305926, 0.000265869661234, 0.000549933116417, 0.000350939109921, 0.000174753775354, 0.000168818136444, 0.000233240134548, 0.000144082878251, 0.000101800855191, 8.26683535706e-005, 0.000130144151626, 7.03591504134e-005, 0.000116544368211, 0.000287581409793, 0.000460636161733, 0.000603330379818, 0.000550509605091, 0.00042885253788, 0.000232378632063, 6.72753740218e-005, 1.73247153725e-005, 6.81860547047e-006, 2.73469413514e-006, 9.32511454721e-008, 4.16785078672e-010, 4.69587077556e-011]
        median: [3.0770550552e-008, 2.4615386792e-005, 0.000107750747702, 0.000176365821972, 0.000297259481158, 0.000176661706064, 9.22824110603e-005, 7.31370600988e-005, 4.96110151289e-005, 6.11858413322e-005, 4.05015452998e-005, 3.06888759951e-005, 4.11661239923e-005, 3.66330968973e-005, 6.50523725199e-005, 0.000142710603541, 0.000295991660096, 0.000471021514386, 0.000442273623776, 0.000362857128493, 0.00020295966533, 3.97095354856e-005, 8.16660212877e-006, 2.66495840151e-006, 9.38586595112e-007, 2.41725039984e-008, 2.46881876054e-010, 1.77041558497e-011]
        min: [6.6415796265e-023, 3.78299162177e-023, 3.2424931596e-023, 1.04881534372e-023, 2.96140781957e-023, 4.62026050313e-023, 3.39428766825e-023, 2.98422009923e-023, 5.73962194211e-023, 1.07691542114e-022, 4.33233510796e-023, 1.06736502926e-022, 7.7685349561e-023, 4.24677872517e-023, 6.89069243404e-023, 2.9300179713e-022, 9.32317027884e-023, 2.56133795812e-022, 3.48470835671e-022, 2.41439197792e-022, 5.16965567548e-022, 5.42186195373e-022, 5.2583746332e-022, 8.31762417665e-022, 1.59059369801e-021, 1.53579762724e-021, 2.43159273024e-021, 9.34773465012e-022]
        var: [3.43471019855e-013, 5.09818587346e-009, 3.2212078338e-008, 1.15682354362e-007, 9.14766303595e-007, 2.30872501561e-007, 7.46396935369e-008, 1.43426177601e-007, 4.35557979017e-007, 7.71635413344e-008, 5.51384715664e-008, 3.49828717106e-008, 9.79835590442e-008, 1.92172855407e-008, 2.77077347732e-008, 2.15195328224e-007, 2.87674936317e-007, 3.1612296425e-007, 2.09009044738e-007, 1.12171079536e-007, 3.51960700584e-008, 1.07802273774e-008, 8.72523830964e-010, 3.2356212154e-010, 5.76289051202e-011, 9.26055022596e-014, 2.79432674461e-019, 5.91812508482e-021]
    mfcc:
        mean: [-704.348083496, 91.9668807983, -48.4005508423, 60.0476417542, -15.4525823593, -10.0374851227, -6.68111562729, -3.66059207916, -5.80139350891, -10.6081943512, -8.09478664398, -3.54520225525, -6.90689468384]
        cov: [[6715.10888672, 109.965301514, -1026.13684082, 564.261291504, -336.052154541, 166.48727417, 155.257720947, 282.429718018, 155.607711792, 148.538879395, 102.152664185, 79.3757019043, 21.3241271973], [109.965301514, 832.180175781, -125.824005127, 209.750167847, 28.299993515, -26.8268890381, 44.0192909241, -83.7345046997, -29.1337528229, -55.0206413269, -24.8319702148, 12.5912685394, -6.34282207489], [-1026.13684082, -125.824005127, 859.048156738, 4.4616985321, 220.307449341, 56.9881477356, 7.8126540184, -6.19606637955, -52.7673072815, 16.288728714, -20.4659404755, -3.14546966553, 5.94391775131], [564.261291504, 209.750167847, 4.4616985321, 419.283874512, 79.1592178345, 49.5061073303, 66.9230957031, -1.86855268478, 67.912979126, 44.0115013123, -5.01630163193, 31.2853069305, 28.4630661011], [-336.052154541, 28.299993515, 220.307449341, 79.1592178345, 241.924407959, 31.5239505768, -10.0726222992, -19.5914325714, 10.6670093536, 7.51224088669, -22.6756248474, 13.7251720428, 30.5288925171], [166.48727417, -26.8268890381, 56.9881477356, 49.5061073303, 31.5239505768, 152.351531982, 98.0514755249, 66.9773178101, 18.0915031433, 29.4985351563, 33.2185630798, 21.3212623596, -0.389948487282], [155.257720947, 44.0192909241, 7.8126540184, 66.9230957031, -10.0726222992, 98.0514755249, 180.171234131, 72.909828186, 37.06508255, 31.9831867218, 19.8990783691, 29.3817367554, -7.76015329361], [282.429718018, -83.7345046997, -6.19606637955, -1.86855268478, -19.5914325714, 66.9773178101, 72.909828186, 160.113616943, 68.3173828125, 55.098526001, 32.6626548767, 18.0872039795, -4.03753709793], [155.607711792, -29.1337528229, -52.7673072815, 67.912979126, 10.6670093536, 18.0915031433, 37.06508255, 68.3173828125, 125.460212708, 66.5927047729, 16.3245334625, 7.51461935043, -0.0051009603776], [148.538879395, -55.0206413269, 16.288728714, 44.0115013123, 7.51224088669, 29.4985351563, 31.9831867218, 55.098526001, 66.5927047729, 103.392745972, 39.9108581543, 15.4138422012, -5.52132463455], [102.152664185, -24.8319702148, -20.4659404755, -5.01630163193, -22.6756248474, 33.2185630798, 19.8990783691, 32.6626548767, 16.3245334625, 39.9108581543, 84.6490478516, 30.5533103943, 3.78414154053], [79.3757019043, 12.5912685394, -3.14546966553, 31.2853069305, 13.7251720428, 21.3212623596, 29.3817367554, 18.0872039795, 7.51461935043, 15.4138422012, 30.5533103943, 63.6900558472, 28.7864665985], [21.3241271973, -6.34282207489, 5.94391775131, 28.4630661011, 30.5288925171, -0.389948487282, -7.76015329361, -4.03753709793, -0.0051009603776, -5.52132463455, 3.78414154053, 28.7864665985, 70.9454040527]]
        icov: [[0.000263992638793, 5.58730498597e-005, 0.000307105830871, -0.000480324350065, 0.000234098173678, -0.000211838530959, 0.000215980791836, -0.000523659866303, 0.00042555690743, -0.000240748893702, 8.9259185188e-005, -4.47894781246e-005, -2.0749252144e-005], [5.58730498597e-005, 0.00172663631383, 0.000400184449973, -0.00105836766306, -0.00044418554171, 0.000805818359368, -0.000880358740687, 0.000354976975359, 0.00062636542134, 0.000946360349189, -0.000417143921368, -0.000219425695832, 0.000833114434499], [0.000307105830871, 0.000400184449973, 0.00216464581899, -0.000579727813601, -0.00156084238552, -0.000190357503016, -0.000187630066648, -0.000913166673854, 0.00221885484643, -0.00118351459969, 0.000244994211243, 0.000443810509751, 0.000307720940327], [-0.000480324350065, -0.00105836766306, -0.000579727813601, 0.00469953846186, -0.000802426715381, -0.000929326051846, -0.000842872133944, 0.00238190591335, -0.00282991025597, -0.00106672698166, 0.001215747674, -0.000762504758313, -0.00124224903993], [0.000234098173678, -0.00044418554171, -0.00156084238552, -0.000802426715381, 0.00750822899863, -0.00301884184591, 0.00235085235909, 0.00104902195744, -0.00204421998933, -0.000553417543415, 0.00285817892291, -0.0019771005027, -0.00198148121126], [-0.000211838530959, 0.000805818359368, -0.000190357503016, -0.000929326051846, -0.00301884184591, 0.013806915842, -0.00660466775298, -0.00310561014339, 0.00279952259734, 0.00091508164769, -0.00481551140547, 0.00204132846557, 0.000500267720781], [0.000215980791836, -0.000880358740687, -0.000187630066648, -0.000842872133944, 0.00235085235909, -0.00660466775298, 0.0114294597879, -0.00230895215645, -0.0013245382579, -0.000437259936007, 0.00284189172089, -0.00458880374208, 0.00195733923465], [-0.000523659866303, 0.000354976975359, -0.000913166673854, 0.00238190591335, 0.00104902195744, -0.00310561014339, -0.00230895215645, 0.0130722234026, -0.00637977616861, -0.0010196485091, -0.000156984868227, -0.00129518948961, -0.000212974002352], [0.00042555690743, 0.00062636542134, 0.00221885484643, -0.00282991025597, -0.00204421998933, 0.00279952259734, -0.0013245382579, -0.00637977616861, 0.0179767888039, -0.00857217144221, 0.000847640039865, 0.00253285490908, -0.000474136526464], [-0.000240748893702, 0.000946360349189, -0.00118351459969, -0.00106672698166, -0.000553417543415, 0.00091508164769, -0.000437259936007, -0.0010196485091, -0.00857217144221, 0.020357247442, -0.00758409872651, -0.000813454913441, 0.00313968770206], [8.9259185188e-005, -0.000417143921368, 0.000244994211243, 0.001215747674, 0.00285817892291, -0.00481551140547, 0.00284189172089, -0.000156984868227, 0.000847640039865, -0.00758409872651, 0.020475467667, -0.00920971762389, 0.000527711119503], [-4.47894781246e-005, -0.000219425695832, 0.000443810509751, -0.000762504758313, -0.0019771005027, 0.00204132846557, -0.00458880374208, -0.00129518948961, 0.00253285490908, -0.000813454913441, -0.00920971762389, 0.0273064281791, -0.0101026855409], [-2.0749252144e-005, 0.000833114434499, 0.000307720940327, -0.00124224903993, -0.00198148121126, 0.000500267720781, 0.00195733923465, -0.000212974002352, -0.000474136526464, 0.00313968770206, 0.000527711119503, -0.0101026855409, 0.0200214423239]]
    sccoeffs:
        dmean: [0.0532235316932, 0.0449106842279, 0.0384026095271, 0.0300842113793, 0.020003400743, 0.0174712035805]
        dmean2: [0.0862325206399, 0.0739899724722, 0.0617336072028, 0.0485219992697, 0.032840654254, 0.0274077914655]
        dvar: [0.0023608468473, 0.00139085622504, 0.00104317849036, 0.00064620457124, 0.000292728800559, 0.000250545301242]
        dvar2: [0.00622079242021, 0.00368422619067, 0.00253975810483, 0.00156777608208, 0.00071049988037, 0.000557802908588]
        max: [-0.242994815111, -0.358088672161, -0.421593159437, -0.532963693142, -0.534890651703, -0.53136664629]
        mean: [-0.635908305645, -0.745784342289, -0.77917355299, -0.786303937435, -0.795165896416, -0.733612537384]
        median: [-0.641788601875, -0.752767920494, -0.789438247681, -0.794277489185, -0.797929406166, -0.732789874077]
        min: [-0.958173751831, -0.984976232052, -0.984550356865, -0.982109665871, -0.978766620159, -0.95997428894]
        var: [0.0078645972535, 0.00515270419419, 0.0049174753949, 0.00328592350706, 0.00149954145309, 0.00265854620375]
    scvalleys:
        dmean: [0.401673793793, 0.347475647926, 0.308294981718, 0.250163763762, 0.216543599963, 0.293032199144]
        dmean2: [0.640609323978, 0.560719907284, 0.487321734428, 0.389829427004, 0.339228242636, 0.439852535725]
        dvar: [0.135710328817, 0.115089505911, 0.087784320116, 0.06558290869, 0.0659503638744, 0.134701833129]
        dvar2: [0.297177106142, 0.272294700146, 0.187035903335, 0.127529531717, 0.128395840526, 0.290066123009]
        max: [-5.11811161041, -4.25234937668, -5.19812393188, -5.54662227631, -5.4853105545, -7.30916643143]
        mean: [-7.17471265793, -6.62417507172, -7.17651033401, -7.3146982193, -6.770570755, -9.7438583374]
        median: [-6.83481645584, -6.44679021835, -6.9622631073, -7.08483028412, -6.46301651001, -9.43773269653]
        min: [-26.9925289154, -27.0140705109, -27.3783187866, -27.4118289948, -27.1309070587, -27.2546463013]
        var: [2.00962638855, 1.27138745785, 1.32535243034, 1.28252112865, 1.46396517754, 2.03200149536]

rhythm:
    beats_loudness:
        dmean: 0.00148163479753
        dmean2: 0.00255976244807
        dvar: 1.40745191857e-006
        dvar2: 4.04932734455e-006
        max: 0.0109236706048
        mean: 0.00551586877555
        median: 0.00558121642098
        min: 1.2204588451e-009
        var: 4.02996965931e-006
    bpm: 138.650939941
    bpm_confidence: 0
    first_peak_bpm: 140
    first_peak_spread: 0.491566240788
    first_peak_weight: 0.385036498308
    onset_rate: 3.43813967705
    second_peak_bpm: 133
    second_peak_spread: 0.108910910785
    second_peak_weight: 0.164233580232
    beats_loudness_band_ratio:
        dmean: [0.080803476274, 0.0884366258979, 0.0842428728938, 0.0632326006889, 0.117935098708, 0.0745260119438]
        dmean2: [0.142799630761, 0.156454280019, 0.148648351431, 0.114169158041, 0.205789089203, 0.12785872817]
        dvar: [0.00664995145053, 0.00689988164231, 0.00767153361812, 0.00841948203743, 0.0112346215174, 0.00484597729519]
        dvar2: [0.0203132666647, 0.0169210415334, 0.0214645992965, 0.0252959132195, 0.0310291144997, 0.0118828946725]
        max: [0.586615800858, 0.980521976948, 0.662473261356, 0.66724383831, 0.84589868784, 0.779490888119]
        mean: [0.13867905736, 0.168367698789, 0.128337606788, 0.0853691026568, 0.292611956596, 0.224104195833]
        median: [0.12070234865, 0.114768788218, 0.102299645543, 0.0579365864396, 0.26034039259, 0.2161847651]
        min: [3.13015989377e-005, 0.00336073315702, 0.00780251855031, 0.000365343410522, 0.000530130346306, 0.000167085323483]
        var: [0.00869969092309, 0.0314264297485, 0.00933913886547, 0.00735389534384, 0.0208605583757, 0.00981445517391]
    beats_position: [0.394739210606, 0.824308395386, 1.25387752056, 1.69505667686, 2.12462592125, 2.55419492722, 2.97215414047, 3.39011335373, 3.80807256699, 4.23764181137, 4.67882061005, 5.10838985443, 5.52634906769, 5.95591831207, 6.38548755646, 6.81505680084, 7.24462556839, 7.67419481277, 8.11537361145, 8.55655288696, 9.02095222473, 9.49696159363, 9.96135997772, 10.4025392532, 10.8437185287, 11.2848978043, 11.7260770798, 12.1904764175, 12.6548748016, 13.1192741394, 13.5952835083, 14.0712919235, 14.5356912613, 14.9884805679, 15.4412698746, 15.8824491501, 16.3236274719, 16.7764167786, 17.2292060852, 17.6819953918, 18.1347846985, 18.575963974, 19.0171432495, 19.4699325562, 19.9227199554, 20.363899231, 20.8050785065, 21.2578678131, 21.7106571198, 22.1518363953, 22.6046257019, 23.0458049774, 23.4985942841, 23.9513835907, 24.40417099, 24.8453502655, 25.286529541, 25.7393188477, 26.1921081543, 26.6332874298, 27.0744667053, 27.527256012, 27.9684352875, 28.4212245941, 28.8624038696, 29.3151912689, 29.7679805756, 30.2207698822, 30.6735591888, 31.1147384644, 31.5559177399, 32.0087051392, 32.4614944458, 32.9026756287, 33.3438529968, 33.7966423035, 34.2494316101, 34.690612793, 35.1317901611, 35.5845794678, 36.0373687744, 36.4901580811, 36.9429473877, 37.3841247559, 37.8253059387, 38.2780952454, 38.730884552, 39.1720619202, 39.613243103, 40.0660324097, 40.5188217163, 40.9599990845, 41.4011802673, 41.8539657593, 42.3067550659, 42.7479362488, 43.2007255554, 43.6535148621, 44.0946922302, 44.5474815369, 45.0002708435, 45.4414520264, 45.8826293945, 46.3354187012, 46.7882080078, 47.229385376, 47.6705665588, 48.111743927, 48.5645332336, 49.0173225403, 49.4701118469, 49.9229011536, 50.3640823364, 50.8168716431, 51.269657135, 51.7108383179, 52.152015686, 52.6048049927, 53.0575942993, 53.4987754822, 53.9399528503, 54.392742157, 54.8455314636, 55.2867126465, 55.7395019531, 56.1922874451, 56.6334686279, 57.0746459961, 57.515827179, 57.9570045471, 58.39818573, 58.8393630981, 59.280544281, 59.7217216492, 60.162902832, 60.6040802002, 61.0452613831, 61.4864387512, 61.9276161194, 62.3687973022, 62.8099746704, 63.2511558533, 63.6923332214, 64.1335144043, 64.5746917725, 65.0158691406, 65.4570541382, 65.8982315063, 66.3394088745, 66.7805862427, 67.2217712402, 67.6629486084, 68.1041259766, 68.5453033447, 68.9864807129, 69.4276657104, 69.8688430786, 70.3100204468, 70.7511978149, 71.1923828125, 71.6219482422, 72.0515213013, 72.4926986694, 72.9222640991, 73.3518371582, 73.7697982788, 74.1993637085, 74.6289291382, 75.0585021973, 75.488067627, 75.917640686, 76.3472061157, 76.7651672363, 77.1947402954, 77.6243057251, 78.0538787842, 78.4834442139, 78.924621582, 79.3541946411, 79.7837600708, 80.2017211914, 80.6312942505, 81.0608596802, 81.4788208008, 81.9083862305, 82.3379592896, 82.7675247192, 83.1970977783, 83.626663208, 84.0562362671, 84.4974136353, 84.9153747559, 85.356552124, 85.7977294922, 86.2389068604, 86.691696167, 87.1444854736, 87.5972747803, 88.0500640869, 88.5028533936, 88.9556427002, 89.3968200684, 89.8380050659, 90.2791824341, 90.7319717407, 91.1847610474, 91.6259384155, 92.0787277222, 92.5315170288, 92.972694397, 93.4254837036, 93.8782730103, 94.3194503784, 94.7722396851, 95.2250289917, 95.6662139893, 96.1073913574, 96.5485687256, 97.0013580322, 97.4541473389, 97.895324707, 98.3481140137, 98.8009033203, 99.2420806885, 99.683265686, 100.136054993, 100.588844299, 101.041633606, 101.482810974, 101.935600281, 102.376777649, 102.817955017, 103.270744324, 103.72353363, 104.164710999, 104.617500305, 105.070289612, 105.511474609, 105.952651978, 106.405441284, 106.846618652, 107.299407959, 107.740585327, 108.193374634, 108.634559631, 109.087341309, 109.528526306, 109.981315613, 110.434104919, 110.875282288, 111.339683533, 111.780860901, 112.222038269, 112.674827576, 113.127616882, 113.56879425, 114.009971619, 114.451156616, 114.892333984, 115.333511353, 115.774688721, 116.215873718, 116.657051086, 117.098228455, 117.539405823, 117.98059082, 118.421768188, 118.862945557, 119.304122925, 119.745300293, 120.186485291, 120.627662659, 121.068840027, 121.486801147, 121.939590454, 122.380767822, 122.82194519, 123.274734497, 123.715919495, 124.157096863, 124.598274231, 125.039451599, 125.480628967, 125.921813965, 126.362991333, 126.804168701, 127.245346069, 127.686531067, 128.116104126, 128.545669556, 128.986846924, 129.416412354, 129.845977783, 130.263946533, 130.681900024, 131.111465454, 131.541046143, 131.982223511, 132.41178894, 132.829742432, 133.25932312, 133.68888855, 134.118453979, 134.548019409, 134.965988159, 135.395553589, 135.836730957, 136.277908325, 136.695877075, 137.113830566, 137.543395996, 137.972961426, 138.402542114, 138.832107544, 139.261672974, 139.691238403, 140.120819092, 140.550384521, 140.979949951, 141.409515381, 141.839096069, 142.268661499, 142.698226929, 143.127792358, 143.557373047, 143.986938477, 144.416503906, 144.834457397, 145.264038086, 145.681991577, 146.111557007, 146.541137695, 146.970703125, 147.400268555, 147.829833984, 148.259414673, 148.688980103, 149.118545532, 149.548110962, 149.97769165, 150.40725708, 150.83682251, 151.266387939, 151.695953369, 152.125534058, 152.555099487, 152.984664917, 153.402633667, 153.832199097, 154.261764526, 154.691329956, 155.109298706, 155.538864136, 155.968429565, 156.397994995, 156.827575684, 157.257141113, 157.686706543, 158.116271973, 158.545852661, 158.975418091, 159.404983521, 159.83454895, 160.264129639, 160.693695068, 161.123260498, 161.552825928, 161.982406616, 162.400360107, 162.818313599, 163.247894287, 163.677459717, 164.107025146, 164.536590576, 164.966171265, 165.395736694, 165.825302124, 166.254867554, 166.684448242, 167.114013672, 167.543579102, 167.973144531, 168.40272522, 168.832290649, 169.261856079, 169.691421509, 170.121002197, 170.550567627, 170.968521118, 171.398086548, 171.827667236, 172.257232666, 172.686798096, 173.116363525, 173.545944214, 173.963897705, 174.393463135, 174.823028564, 175.252609253, 175.682174683, 176.111740112, 176.541305542, 176.982498169, 177.412063599, 177.841629028, 178.25958252, 178.689163208, 179.118728638, 179.548294067, 179.977859497, 180.395828247, 180.825393677, 181.243347168, 181.672927856, 182.102493286, 182.532058716, 182.961624146, 183.391204834, 183.820770264, 184.250335693, 184.679901123, 185.109481812, 185.539047241, 185.968612671, 186.398178101, 186.827758789, 187.257324219, 187.686889648, 188.116455078, 188.546035767, 188.975601196, 189.405166626, 189.823120117, 190.252700806, 190.682266235, 191.111831665, 191.541397095, 191.970977783, 192.400543213, 192.818496704, 193.259674072, 193.689254761, 194.11882019, 194.536773682, 194.954742432, 195.384307861, 195.813873291, 196.255050659, 196.684616089, 197.114196777, 197.555374146, 197.984939575, 198.414505005, 198.832473755, 199.262039185, 199.691604614, 200.121170044, 200.550750732, 200.980316162, 201.398269653, 201.827835083, 202.257415771, 202.686981201, 203.116546631, 203.546112061, 203.975692749, 204.416870117, 204.846435547, 205.264389038, 205.682357788, 206.111923218, 206.541488647, 206.971069336, 207.400634766, 207.830200195, 208.259765625, 208.689331055, 209.118911743, 209.560089111, 209.978042603, 210.407608032, 210.837188721, 211.278366089, 211.719543457, 212.137496948, 212.555465698, 212.973419189, 213.402984619, 213.832565308, 214.262130737, 214.691696167, 215.109649658, 215.539230347, 215.968795776, 216.398361206, 216.827926636, 217.257507324, 217.687072754, 218.128250122, 218.56942749, 218.987380981, 219.405349731, 219.834915161, 220.264480591, 220.694061279, 221.123626709, 221.553192139, 221.982757568, 222.412338257, 222.830291748, 223.259857178, 223.701034546, 224.142211914, 224.583404541, 225.024581909, 225.465759277, 225.964981079, 226.46421814, 226.963439941, 227.47428894, 227.985122681, 228.495956421, 228.995193481, 229.494415283, 229.993652344, 230.504486084, 231.015319824, 231.526168823, 231.990570068, 232.454956055, 232.930969238, 233.441802979, 233.952651978, 234.463485718, 234.95111084, 235.438720703, 235.937957764, 236.402359009, 236.866760254, 237.342758179, 237.865203857, 238.376052856, 238.886886597, 239.397735596, 239.908569336, 240.419403076, 240.941848755, 241.464309692, 241.975143433]
