
metadata:
    version:
        essentia: "2.1-beta2"
    audio_properties:
        analysis_sample_rate: 44100
        bitrate: 320
        channels: 2
        equal_loudness: 1
        length: 275.513458252
        replay_gain: -14.2455844879
        downmix: "mix"
    tags:
        album: "Venom (Deluxe Edition)"
        artist: "Bullet for My Valentine"
        comment: ""
        date: "2015"
        genre: ""
        title: "Raising Hell"
        tracknumber: "15/15"

configuration:
    average_loudness:
        compute: 1
        frameSize: 88200
        hopSize: 44100
        silentFrames: "noise"
        windowType: "hann"
    general:
        analysisSampleRate: 44100
        endTime: 2000
        equalLoudness: 1
        nequalLoudness: 0
        shortSound: 0
        startTime: 0
    lowlevel:
        compute: 1
        frameSize: 2048
        hopSize: 1024
        zeroPadding: 0
        silentFrames: "noise"
        windowType: "blackmanharris62"
        mfccStats: ["mean", "cov", "icov"]
        stats: ["mean", "var", "median", "min", "max", "dmean", "dmean2", "dvar", "dvar2"]
    panning:
        compute: 0
        frameSize: 8192
        hopSize: 2048
        zeroPadding: 8192
        silentFrames: "noise"
        windowType: "hann"
        stats: ["copy"]
    rhythm:
        compute: 1
        maxTempo: 208
        minTempo: 40
        method: "degara"
        stats: ["mean", "var", "median", "min", "max", "dmean", "dmean2", "dvar", "dvar2"]
    segmentation:
        compute: 0
        cpw: 5
        inc1: 300
        inc2: 50
        minimumSegmentsLength: 10
        size1: 1000
        size2: 600
    sfx:
        compute: 1
        stats: ["mean", "var", "median", "min", "max", "dmean", "dmean2", "dvar", "dvar2"]
    svm:
        compute: 0
    tonal:
        compute: 1
        frameSize: 4096
        hopSize: 2048
        zeroPadding: 0
        silentFrames: "noise"
        windowType: "blackmanharris62"
        stats: ["mean", "var", "median", "min", "max", "dmean", "dmean2", "dvar", "dvar2"]

lowlevel:
    average_loudness: 0.935923933983
    barkbands_kurtosis:
        dmean: 0.508050858974
        dmean2: 0.8184633255
        dvar: 0.629706144333
        dvar2: 1.54716944695
        max: 28.1400299072
        mean: -0.696192443371
        median: -1.27166604996
        min: -1.88386785984
        var: 5.56387329102
    barkbands_skewness:
        dmean: 0.337511122227
        dmean2: 0.528737008572
        dvar: 0.102674365044
        dvar2: 0.255022674799
        max: 4.57135295868
        mean: -0.100315384567
        median: -0.176500216126
        min: -3.576795578
        var: 0.678678572178
    barkbands_spread:
        dmean: 4.67557048798
        dmean2: 7.39340829849
        dvar: 20.9149742126
        dvar2: 50.6816368103
        max: 64.3629379272
        mean: 34.6466178894
        median: 35.3168106079
        min: 2.66043496132
        var: 94.9224624634
    dissonance:
        dmean: 0.0104458369315
        dmean2: 0.0176757909358
        dvar: 9.92036511889e-005
        dvar2: 0.000269196811132
        max: 0.500000119209
        mean: 0.480863779783
        median: 0.484804391861
        min: 0.233158707619
        var: 0.000259642343735
    hfc:
        dmean: 2.77045917511
        dmean2: 4.62429857254
        dvar: 12.12758255
        dvar2: 32.6557769775
        max: 42.5330352783
        mean: 10.4529924393
        median: 10.2900390625
        min: 1.22107277059e-016
        var: 35.1579322815
    pitch:
        dmean: 905.327575684
        dmean2: 1733.38537598
        dvar: 1595469.875
        dvar2: 3855868.75
        max: 4384.98291016
        mean: 1702.1204834
        median: 805.479431152
        min: 70.0052719116
        var: 2313375.5
    pitch_instantaneous_confidence:
        dmean: 0.0762139484286
        dmean2: 0.125947892666
        dvar: 0.0045392694883
        dvar2: 0.0119303399697
        max: 0.872999310493
        mean: 0.369169741869
        median: 0.351510822773
        min: 0.106044352055
        var: 0.0128450216725
    pitch_salience:
        dmean: 0.0528745241463
        dmean2: 0.0869361832738
        dvar: 0.00233561103232
        dvar2: 0.00641409074888
        max: 0.976932644844
        mean: 0.651323735714
        median: 0.655777275562
        min: 0.271955251694
        var: 0.00578386988491
    silence_rate_20dB:
        dmean: 0
        dmean2: 0
        dvar: 0
        dvar2: 0
        max: 1
        mean: 1
        median: 1
        min: 1
        var: 0
    silence_rate_30dB:
        dmean: 0
        dmean2: 0
        dvar: 0
        dvar2: 0
        max: 1
        mean: 1
        median: 1
        min: 1
        var: 0
    silence_rate_60dB:
        dmean: 0.0645541921258
        dmean2: 0.129119262099
        dvar: 0.0603820346296
        dvar2: 0.136744245887
        max: 1
        mean: 0.160613462329
        median: 0
        min: 0
        var: 0.134831607342
    spectral_centroid:
        dmean: 227.977081299
        dmean2: 365.719665527
        dvar: 52764.0234375
        dvar2: 129821.320313
        max: 11601.9052734
        mean: 1801.31994629
        median: 1829.47998047
        min: 312.315216064
        var: 249395.46875
    spectral_complexity:
        dmean: 4.19720220566
        dmean2: 6.81668758392
        dvar: 18.5203762054
        dvar2: 46.9265594482
        max: 49
        mean: 18.5032444
        median: 20
        min: 0
        var: 79.4911499023
    spectral_crest:
        dmean: 1.73016929626
        dmean2: 2.86062765121
        dvar: 2.97101092339
        dvar2: 7.89554166794
        max: 21.7248001099
        mean: 6.41038560867
        median: 5.80183172226
        min: 2.50051999092
        var: 6.09794998169
    spectral_decrease:
        dmean: 2.79223033584e-010
        dmean2: 4.52850257293e-010
        dvar: 1.00739418746e-019
        dvar2: 2.60765689578e-019
        max: 2.5175535052e-029
        mean: -1.23980137268e-009
        median: -1.26651467092e-009
        min: -3.45565687176e-009
        var: 3.38545043136e-019
    spectral_energy:
        dmean: 0.00126973050646
        dmean2: 0.00207240320742
        dvar: 2.16169473788e-006
        dvar2: 5.63120283914e-006
        max: 0.0163957420737
        mean: 0.0056274337694
        median: 0.00575393205509
        min: 1.09804801272e-020
        var: 7.18139108358e-006
    spectral_energyband_high:
        dmean: 0.00019556224288
        dmean2: 0.000343666964909
        dvar: 9.50378904463e-008
        dvar2: 2.70895782251e-007
        max: 0.00360247911885
        mean: 0.00046409535571
        median: 0.000415188551415
        min: 7.69743339548e-021
        var: 1.08853228653e-007
    spectral_energyband_low:
        dmean: 0.000176027228008
        dmean2: 0.000277928920696
        dvar: 4.93732663642e-008
        dvar2: 1.27682028506e-007
        max: 0.00423182034865
        mean: 0.000385154649848
        median: 0.000327282905346
        min: 5.07130560964e-023
        var: 9.51596135224e-008
    spectral_energyband_middle_high:
        dmean: 0.000823776004836
        dmean2: 0.00132590392604
        dvar: 8.61793978402e-007
        dvar2: 2.14988835978e-006
        max: 0.0143566429615
        mean: 0.00308324070647
        median: 0.00295289582573
        min: 1.5008784279e-021
        var: 3.90838522435e-006
    spectral_energyband_middle_low:
        dmean: 0.000640460057184
        dmean2: 0.00102272082586
        dvar: 6.10603535733e-007
        dvar2: 1.57435943038e-006
        max: 0.00949079263955
        mean: 0.00192023848649
        median: 0.00174148147926
        min: 5.79068787462e-022
        var: 1.47047899191e-006
    spectral_flatness_db:
        dmean: 0.0118632819504
        dmean2: 0.0190985687077
        dvar: 0.00012240439537
        dvar2: 0.000298198196106
        max: 0.349330842495
        mean: 0.146431595087
        median: 0.138168185949
        min: 0.0664137303829
        var: 0.00143122463487
    spectral_flux:
        dmean: 0.00740227615461
        dmean2: 0.0114821493626
        dvar: 6.32659211988e-005
        dvar2: 0.000131727865664
        max: 0.110344737768
        mean: 0.0429805666208
        median: 0.0442705266178
        min: 1.04787789557e-010
        var: 0.000256827654084
    spectral_kurtosis:
        dmean: 1.02304315567
        dmean2: 1.76338577271
        dvar: 2.267162323
        dvar2: 7.16987133026
        max: 36.4660072327
        mean: 3.37357020378
        median: 2.90116238594
        min: -1.23093676567
        var: 6.24145126343
    spectral_rms:
        dmean: 0.00025790228392
        dmean2: 0.000413040339481
        dvar: 8.00857336003e-008
        dvar2: 2.00042734377e-007
        max: 0.00399948051199
        mean: 0.00223403307609
        median: 0.00236930209212
        min: 3.27302052648e-012
        var: 4.99260181641e-007
    spectral_rolloff:
        dmean: 282.986755371
        dmean2: 475.416534424
        dvar: 126482.414063
        dvar2: 307210.21875
        max: 19250.6835938
        mean: 3344.04272461
        median: 3337.64648438
        min: 236.865234375
        var: 438321.40625
    spectral_skewness:
        dmean: 0.145117908716
        dmean2: 0.244421645999
        dvar: 0.0233305450529
        dvar2: 0.067959010601
        max: 4.22487020493
        mean: 1.25031161308
        median: 1.21019232273
        min: -0.00926226191223
        var: 0.0996934399009
    spectral_spread:
        dmean: 365951.46875
        dmean2: 551086.3125
        dvar: 289055637504
        dvar2: 469709520896
        max: 41858592
        mean: 4509175
        median: 4357206
        min: 1585468.625
        var: 1.52730193101e+012
    spectral_strongpeak:
        dmean: 0.586294770241
        dmean2: 1.02260112762
        dvar: 0.811001598835
        dvar2: 2.15348482132
        max: 12.9050369263
        mean: 0.796943306923
        median: 0.272420853376
        min: 3.52514128998e-009
        var: 1.24234724045
    zerocrossingrate:
        dmean: 0.00637855939567
        dmean2: 0.00833485554904
        dvar: 3.85229213862e-005
        dvar2: 5.66548369534e-005
        max: 0.5029296875
        mean: 0.102278195322
        median: 0.1044921875
        min: 0.01611328125
        var: 0.000486069271574
    barkbands:
        dmean: [3.68723021893e-007, 5.86407331866e-005, 8.67226481205e-005, 0.000191556173377, 0.000316132383887, 0.00018277966592, 0.000105755818367, 6.65650586598e-005, 0.000152866123244, 0.000126774408272, 6.72809255775e-005, 6.31426373729e-005, 8.87557544047e-005, 6.72304522595e-005, 0.000121542783745, 0.00016318190319, 0.000244916329393, 0.000301410531392, 0.000247215677518, 0.000162599637406, 0.000109526452434, 3.04358545691e-005, 5.87349768466e-006, 2.42563828579e-006, 1.10748828774e-006, 4.04701410162e-008, 3.56065898988e-010]
        dmean2: [5.23071491898e-007, 9.74559807219e-005, 0.000142124597915, 0.000302684988128, 0.000514490122441, 0.000312909018248, 0.000176065805135, 0.000109921464173, 0.000241425572312, 0.000197441331693, 0.000109726228402, 0.0001050059509, 0.000144598554471, 0.000108664760774, 0.000198897352675, 0.000269525247859, 0.000405236351071, 0.000498562061694, 0.000415848189732, 0.000278953899397, 0.000193206593394, 5.35942454007e-005, 9.99634175969e-006, 4.05519858759e-006, 1.87628381809e-006, 6.11433108588e-008, 6.28201213271e-010]
        dvar: [4.54909981212e-013, 1.49389229875e-008, 1.5800328157e-008, 6.72853275319e-008, 2.22218801582e-007, 8.49164791816e-008, 4.42649294996e-008, 2.02796250903e-008, 1.1604775807e-007, 5.98966565235e-008, 1.89400655159e-008, 1.8237496846e-008, 3.47731514694e-008, 1.9600326695e-008, 6.97138773376e-008, 9.11584621122e-008, 1.82984393859e-007, 1.6882052023e-007, 8.64209113161e-008, 4.45530687898e-008, 3.06267793349e-008, 2.66846877928e-009, 7.7854313274e-011, 1.48022601121e-011, 6.78987595315e-012, 3.88385036751e-014, 3.18173730149e-019]
        dvar2: [9.12182005278e-013, 3.78114570765e-008, 4.44644321362e-008, 1.77813930691e-007, 5.69042867937e-007, 2.3788651049e-007, 1.16613605883e-007, 5.22839798123e-008, 2.78842776424e-007, 1.34543640229e-007, 4.67511576119e-008, 4.93094454157e-008, 8.84948434532e-008, 4.6686174926e-008, 1.7684293141e-007, 2.40111802441e-007, 4.89449064389e-007, 4.41071392743e-007, 2.26348575438e-007, 1.23903063809e-007, 8.728729739e-008, 7.5319857018e-009, 2.13794815185e-010, 3.79456882582e-011, 1.65012899178e-011, 6.59448759705e-014, 8.76916914834e-019]
        max: [5.55880660613e-006, 0.000913362251595, 0.00268890568987, 0.0057753091678, 0.00620569940656, 0.00501617463306, 0.00655081542209, 0.00359711493365, 0.0062039559707, 0.00438158866018, 0.00334068667144, 0.00269908783957, 0.00329089327715, 0.00291825411841, 0.00603011297062, 0.00538792926818, 0.00938209146261, 0.010055099614, 0.00482249306515, 0.00427091121674, 0.00186718127225, 0.000607228430454, 0.000144296092913, 7.08880106686e-005, 7.14141278877e-005, 1.0674348232e-005, 9.9668984177e-009]
        mean: [4.62779496502e-007, 6.20654318482e-005, 0.000143787212437, 0.000408804800827, 0.000626982247923, 0.000298944563838, 0.000170610263012, 0.000101385805465, 0.000234418155742, 0.000241949048359, 0.000110414533992, 0.00010181995458, 0.000146322170622, 0.000109980137495, 0.000189766971744, 0.000293166114716, 0.000480214628624, 0.000661940255668, 0.000586038862821, 0.000367597967852, 0.000217197390157, 5.35090475751e-005, 1.28857072923e-005, 5.15076089869e-006, 1.92450124814e-006, 7.82134037536e-008, 4.64225241581e-010]
        median: [1.23624786852e-007, 2.5281779017e-005, 0.000100979799754, 0.000333133182721, 0.000469890917884, 0.000161377844051, 9.51063120738e-005, 5.63444882573e-005, 7.85696611274e-005, 7.48354577809e-005, 4.41452648374e-005, 4.08347805205e-005, 5.0882830692e-005, 4.29772771895e-005, 7.40240793675e-005, 0.000146106438478, 0.000293447985314, 0.000509429431986, 0.000507417251356, 0.000318710983265, 0.000185413344298, 4.11730652559e-005, 1.02100875665e-005, 3.76479647457e-006, 1.08746746719e-006, 3.6680262383e-008, 2.56843962765e-010]
        min: [1.47323323924e-023, 2.47338264932e-023, 9.09363273912e-024, 1.75501877221e-023, 3.5507553889e-023, 3.76183121685e-023, 1.02535275869e-022, 2.33326678461e-022, 1.27501858928e-022, 1.10647296641e-022, 1.08804605918e-022, 9.53569697977e-023, 6.50765818161e-023, 1.47312604882e-022, 1.06065415798e-022, 1.19920160944e-022, 1.05084375755e-022, 2.54694029997e-022, 2.78788719807e-022, 2.56770185682e-022, 5.26437451992e-022, 4.86592075047e-022, 6.78672713006e-022, 8.40541164741e-022, 1.08157086168e-021, 1.49799066687e-021, 2.64141246444e-021]
        var: [6.58077108431e-013, 1.24964909531e-008, 2.36995898462e-008, 1.24790730638e-007, 3.62107670071e-007, 1.39718949299e-007, 6.0282530967e-008, 2.64180233245e-008, 2.24970179374e-007, 2.03747021033e-007, 3.6258125391e-008, 3.32734266806e-008, 7.17621873036e-008, 4.3011752382e-008, 1.0759522695e-007, 1.96199778202e-007, 4.01144546913e-007, 3.65585322015e-007, 1.81885411621e-007, 7.07235159325e-008, 3.1142882051e-008, 2.552479339e-009, 1.32835867306e-010, 2.85934522587e-011, 1.02352354023e-011, 9.59804135584e-014, 4.30198205971e-019]
    frequency_bands:
        dmean: [3.68723021893e-007, 5.86407331866e-005, 8.67226481205e-005, 0.000191556173377, 0.000316132383887, 0.00018277966592, 0.000105755818367, 6.65650586598e-005, 0.000152866123244, 0.000126774408272, 6.72809255775e-005, 6.31426373729e-005, 8.87557544047e-005, 6.72304522595e-005, 0.000121542783745, 0.00016318190319, 0.000244916329393, 0.000301410531392, 0.000247215677518, 0.000162599637406, 0.000109526452434, 3.04358545691e-005, 5.87349768466e-006, 2.42563828579e-006, 1.10748828774e-006, 4.04701410162e-008, 3.56065898988e-010, 6.51821860376e-011]
        dmean2: [5.23071491898e-007, 9.74559807219e-005, 0.000142124597915, 0.000302684988128, 0.000514490122441, 0.000312909018248, 0.000176065805135, 0.000109921464173, 0.000241425572312, 0.000197441331693, 0.000109726228402, 0.0001050059509, 0.000144598554471, 0.000108664760774, 0.000198897352675, 0.000269525247859, 0.000405236351071, 0.000498562061694, 0.000415848189732, 0.000278953899397, 0.000193206593394, 5.35942454007e-005, 9.99634175969e-006, 4.05519858759e-006, 1.87628381809e-006, 6.11433108588e-008, 6.28201213271e-010, 1.2109244163e-010]
        dvar: [4.54909981212e-013, 1.49389229875e-008, 1.5800328157e-008, 6.72853275319e-008, 2.22218801582e-007, 8.49164791816e-008, 4.42649294996e-008, 2.02796250903e-008, 1.1604775807e-007, 5.98966565235e-008, 1.89400655159e-008, 1.8237496846e-008, 3.47731514694e-008, 1.9600326695e-008, 6.97138773376e-008, 9.11584621122e-008, 1.82984393859e-007, 1.6882052023e-007, 8.64209113161e-008, 4.45530687898e-008, 3.06267793349e-008, 2.66846877928e-009, 7.7854313274e-011, 1.48022601121e-011, 6.78987595315e-012, 3.88385036751e-014, 3.18173730149e-019, 8.20102321423e-021]
        dvar2: [9.12182005278e-013, 3.78114570765e-008, 4.44644321362e-008, 1.77813930691e-007, 5.69042867937e-007, 2.3788651049e-007, 1.16613605883e-007, 5.22839798123e-008, 2.78842776424e-007, 1.34543640229e-007, 4.67511576119e-008, 4.93094454157e-008, 8.84948434532e-008, 4.6686174926e-008, 1.7684293141e-007, 2.40111802441e-007, 4.89449064389e-007, 4.41071392743e-007, 2.26348575438e-007, 1.23903063809e-007, 8.728729739e-008, 7.5319857018e-009, 2.13794815185e-010, 3.79456882582e-011, 1.65012899178e-011, 6.59448759705e-014, 8.76916914834e-019, 2.5963074931e-020]
        max: [5.55880660613e-006, 0.000913362251595, 0.00268890568987, 0.0057753091678, 0.00620569940656, 0.00501617463306, 0.00655081542209, 0.00359711493365, 0.0062039559707, 0.00438158866018, 0.00334068667144, 0.00269908783957, 0.00329089327715, 0.00291825411841, 0.00603011297062, 0.00538792926818, 0.00938209146261, 0.010055099614, 0.00482249306515, 0.00427091121674, 0.00186718127225, 0.000607228430454, 0.000144296092913, 7.08880106686e-005, 7.14141278877e-005, 1.0674348232e-005, 9.9668984177e-009, 1.32618549475e-009]
        mean: [4.62779496502e-007, 6.20654318482e-005, 0.000143787212437, 0.000408804800827, 0.000626982247923, 0.000298944563838, 0.000170610263012, 0.000101385805465, 0.000234418155742, 0.000241949048359, 0.000110414533992, 0.00010181995458, 0.000146322170622, 0.000109980137495, 0.000189766971744, 0.000293166114716, 0.000480214628624, 0.000661940255668, 0.000586038862821, 0.000367597967852, 0.000217197390157, 5.35090475751e-005, 1.28857072923e-005, 5.15076089869e-006, 1.92450124814e-006, 7.82134037536e-008, 4.64225241581e-010, 4.99602928472e-011]
        median: [1.23624786852e-007, 2.5281779017e-005, 0.000100979799754, 0.000333133182721, 0.000469890917884, 0.000161377844051, 9.51063120738e-005, 5.63444882573e-005, 7.85696611274e-005, 7.48354577809e-005, 4.41452648374e-005, 4.08347805205e-005, 5.0882830692e-005, 4.29772771895e-005, 7.40240793675e-005, 0.000146106438478, 0.000293447985314, 0.000509429431986, 0.000507417251356, 0.000318710983265, 0.000185413344298, 4.11730652559e-005, 1.02100875665e-005, 3.76479647457e-006, 1.08746746719e-006, 3.6680262383e-008, 2.56843962765e-010, 1.91653706794e-011]
        min: [1.47323323924e-023, 2.47338264932e-023, 9.09363273912e-024, 1.75501877221e-023, 3.5507553889e-023, 3.76183121685e-023, 1.02535275869e-022, 2.33326678461e-022, 1.27501858928e-022, 1.10647296641e-022, 1.08804605918e-022, 9.53569697977e-023, 6.50765818161e-023, 1.47312604882e-022, 1.06065415798e-022, 1.19920160944e-022, 1.05084375755e-022, 2.54694029997e-022, 2.78788719807e-022, 2.56770185682e-022, 5.26437451992e-022, 4.86592075047e-022, 6.78672713006e-022, 8.40541164741e-022, 1.08157086168e-021, 1.49799066687e-021, 2.64141246444e-021, 9.76134515124e-022]
        var: [6.58077108431e-013, 1.24964909531e-008, 2.36995898462e-008, 1.24790730638e-007, 3.62107670071e-007, 1.39718949299e-007, 6.0282530967e-008, 2.64180233245e-008, 2.24970179374e-007, 2.03747021033e-007, 3.6258125391e-008, 3.32734266806e-008, 7.17621873036e-008, 4.3011752382e-008, 1.0759522695e-007, 1.96199778202e-007, 4.01144546913e-007, 3.65585322015e-007, 1.81885411621e-007, 7.07235159325e-008, 3.1142882051e-008, 2.552479339e-009, 1.32835867306e-010, 2.85934522587e-011, 1.02352354023e-011, 9.59804135584e-014, 4.30198205971e-019, 6.44188550893e-021]
    mfcc:
        mean: [-698.726379395, 93.450553894, -47.4458847046, 57.3512458801, -12.021484375, -7.60275220871, -3.33215379715, -1.29176700115, -6.33346128464, -9.41053009033, -9.26472187042, -6.07846164703, -10.1997556686]
        cov: [[8357.35058594, 718.034973145, -1080.7322998, 704.13104248, -298.897796631, 161.739883423, 46.7201042175, 277.448181152, 121.945098877, 81.2294921875, -55.8789291382, -101.646492004, -172.962188721], [718.034973145, 489.082336426, -140.19152832, 191.233306885, -30.195318222, -15.2909269333, 28.1630306244, -38.7715797424, -14.0016345978, -34.7975616455, -21.1179981232, -15.0452318192, -35.0274772644], [-1080.7322998, -140.19152832, 447.429321289, -25.3129634857, 92.8859558105, -16.6420383453, -4.94750547409, -43.537776947, -23.3298492432, -12.5963201523, -3.32105779648, 26.7833957672, 35.1913948059], [704.13104248, 191.233306885, -25.3129634857, 349.800384521, 57.9039955139, -19.1028633118, 0.376658260822, -12.6434020996, 47.6627388, 3.84556126595, -25.1703109741, 7.37371349335, 0.130595207214], [-298.897796631, -30.195318222, 92.8859558105, 57.9039955139, 166.81262207, 20.3421955109, -17.419002533, -28.9343452454, 12.5496683121, 1.44222795963, -8.34921360016, 16.7242641449, 26.8410873413], [161.739883423, -15.2909269333, -16.6420383453, -19.1028633118, 20.3421955109, 110.496658325, 56.2404251099, 18.7520008087, -5.98979663849, 6.64089870453, 17.0683765411, 4.28374481201, -2.40371131897], [46.7201042175, 28.1630306244, -4.94750547409, 0.376658260822, -17.419002533, 56.2404251099, 127.265075684, 27.5631065369, 4.26981258392, -1.06822407246, 15.8424024582, 18.9917430878, -8.48629570007], [277.448181152, -38.7715797424, -43.537776947, -12.6434020996, -28.9343452454, 18.7520008087, 27.5631065369, 137.266784668, 49.6585426331, 37.9735298157, 2.56872940063, 1.7063794136, -7.4169254303], [121.945098877, -14.0016345978, -23.3298492432, 47.6627388, 12.5496683121, -5.98979663849, 4.26981258392, 49.6585426331, 102.773292542, 56.9421653748, 13.5241804123, -1.8057756424, -0.403603047132], [81.2294921875, -34.7975616455, -12.5963201523, 3.84556126595, 1.44222795963, 6.64089870453, -1.06822407246, 37.9735298157, 56.9421653748, 93.7123260498, 30.1598968506, 1.35193049908, -7.40647792816], [-55.8789291382, -21.1179981232, -3.32105779648, -25.1703109741, -8.34921360016, 17.0683765411, 15.8424024582, 2.56872940063, 13.5241804123, 30.1598968506, 65.7841873169, 26.028219223, 5.97048282623], [-101.646492004, -15.0452318192, 26.7833957672, 7.37371349335, 16.7242641449, 4.28374481201, 18.9917430878, 1.7063794136, -1.8057756424, 1.35193049908, 26.028219223, 66.0619354248, 32.1851768494], [-172.962188721, -35.0274772644, 35.1913948059, 0.130595207214, 26.8410873413, -2.40371131897, -8.48629570007, -7.4169254303, -0.403603047132, -7.40647792816, 5.97048282623, 32.1851768494, 65.1617736816]]
        icov: [[0.000286164606223, -5.49191208847e-005, 0.000466305151349, -0.000656082644127, 0.000481165450765, -0.000683147867676, 0.00038003604277, -0.000413759058574, 0.000190447171917, -0.000115649090731, 0.000170565312146, -4.77354915347e-005, 0.000254524144111], [-5.49191208847e-005, 0.0034061325714, 0.000824592425488, -0.00181452755351, 0.000360662961612, 0.000775742752012, -0.00116719130892, 0.00094254600117, 0.000801801565103, 0.000703926256392, -0.000227156328037, 0.000327797286445, 0.00102269602939], [0.000466305151349, 0.000824592425488, 0.00382165727206, -0.00108536402695, -0.000914731586818, 0.000301083491649, -0.00049951649271, -8.66959089763e-005, 0.00130721600726, -0.000441441457951, 0.000412388413679, -0.00027769440203, -1.04900736915e-005], [-0.000656082644127, -0.00181452755351, -0.00108536402695, 0.00628347089514, -0.00258462247439, 0.00185603974387, -0.000813839375041, 0.00151380593888, -0.00327146821655, 0.000188513105968, 0.00178347958717, -0.00159645162057, -0.000317586178426], [0.000481165450765, 0.000360662961612, -0.000914731586818, -0.00258462247439, 0.0104374950752, -0.00565123138949, 0.00325585599057, 0.00181636377238, -0.00242106011137, -0.000361581682228, 0.00321980076842, -0.00263948342763, -0.000954203715082], [-0.000683147867676, 0.000775742752012, 0.000301083491649, 0.00185603974387, -0.00565123138949, 0.0166489202529, -0.00809128582478, -0.00116102374159, 0.00386762898415, -0.00094831926981, -0.00451298896223, 0.00415069423616, -0.00152704690117], [0.00038003604277, -0.00116719130892, -0.00049951649271, -0.000813839375041, 0.00325585599057, -0.00809128582478, 0.0134762618691, -0.00180555216502, -0.00227304338478, 0.00228407955728, 0.000183202806511, -0.00537493126467, 0.00344625394791], [-0.000413759058574, 0.00094254600117, -8.66959089763e-005, 0.00151380593888, 0.00181636377238, -0.00116102374159, -0.00180555216502, 0.0119617208838, -0.00554166780785, -0.0020664553158, 0.00413749460131, -0.00269995233975, 0.000472826388432], [0.000190447171917, 0.000801801565103, 0.00130721600726, -0.00327146821655, -0.00242106011137, 0.00386762898415, -0.00227304338478, -0.00554166780785, 0.0202891398221, -0.0092596039176, -0.00280169537291, 0.0045098522678, -0.00244739791378], [-0.000115649090731, 0.000703926256392, -0.000441441457951, 0.000188513105968, -0.000361581682228, -0.00094831926981, 0.00228407955728, -0.0020664553158, -0.0092596039176, 0.020366512239, -0.0080746402964, 0.000664532592054, 0.0031548384577], [0.000170565312146, -0.000227156328037, 0.000412388413679, 0.00178347958717, 0.00321980076842, -0.00451298896223, 0.000183202806511, 0.00413749460131, -0.00280169537291, -0.0080746402964, 0.0261702928692, -0.0118530625477, 0.00162792904302], [-4.77354915347e-005, 0.000327797286445, -0.00027769440203, -0.00159645162057, -0.00263948342763, 0.00415069423616, -0.00537493126467, -0.00269995233975, 0.0045098522678, 0.000664532592054, -0.0118530625477, 0.0282227769494, -0.0123147824779], [0.000254524144111, 0.00102269602939, -1.04900736915e-005, -0.000317586178426, -0.000954203715082, -0.00152704690117, 0.00344625394791, 0.000472826388432, -0.00244739791378, 0.0031548384577, 0.00162792904302, -0.0123147824779, 0.0236943010241]]
    sccoeffs:
        dmean: [0.0487791895866, 0.0456639453769, 0.0380591414869, 0.0310355108231, 0.0199349205941, 0.016095424071]
        dmean2: [0.0771350339055, 0.0763616189361, 0.0621695704758, 0.0504763163626, 0.0329523421824, 0.0262899585068]
        dvar: [0.00178698857781, 0.00141446816269, 0.0010069750715, 0.000680088880472, 0.000273560552159, 0.000204393320018]
        dvar2: [0.00447764853016, 0.00394848594442, 0.00262899859808, 0.00171523401514, 0.00072353950236, 0.000517561449669]
        max: [-0.305688351393, -0.45893868804, -0.451151847839, -0.535232126713, -0.593729913235, -0.55695605278]
        mean: [-0.631273627281, -0.755719125271, -0.771213710308, -0.782018840313, -0.792117297649, -0.739266097546]
        median: [-0.630651056767, -0.758013486862, -0.779087424278, -0.786770224571, -0.792144536972, -0.740003526211]
        min: [-0.97830426693, -0.990231871605, -0.989195823669, -0.980283975601, -0.965379059315, -0.958335638046]
        var: [0.00558376451954, 0.00377857196145, 0.00521220965311, 0.00319432956167, 0.00133552413899, 0.00169005501084]
    scvalleys:
        dmean: [0.343042075634, 0.328422725201, 0.278224259615, 0.248188406229, 0.201348617673, 0.238993659616]
        dmean2: [0.553427278996, 0.540913999081, 0.453688889742, 0.397131562233, 0.323611855507, 0.382905751467]
        dvar: [0.0996470674872, 0.0788047984242, 0.0584866032004, 0.0539165362716, 0.044469114393, 0.0959025472403]
        dvar2: [0.234172180295, 0.204309076071, 0.13994833827, 0.1222473979, 0.0994909703732, 0.229823261499]
        max: [-5.28244304657, -5.00453186035, -5.04972696304, -5.39006280899, -5.55893707275, -7.77005434036]
        mean: [-7.03372001648, -6.69625473022, -7.08789491653, -7.25349664688, -6.80842113495, -9.75079154968]
        median: [-6.67531681061, -6.42893791199, -6.8496799469, -7.02316951752, -6.51020622253, -9.34033298492]
        min: [-27.8338031769, -27.4054412842, -26.9281311035, -27.3684844971, -27.1132850647, -27.2955913544]
        var: [2.78576946259, 2.04260873795, 1.95711398125, 1.8584946394, 1.86702537537, 3.07835435867]

rhythm:
    beats_loudness:
        dmean: 0.00142523029353
        dmean2: 0.0024038804695
        dvar: 1.45605974922e-006
        dvar2: 4.21154800279e-006
        max: 0.0135338017717
        mean: 0.00599840981886
        median: 0.00611276878044
        min: 9.1401270233e-012
        var: 5.35083336217e-006
    bpm: 140.9165802
    bpm_confidence: 0
    first_peak_bpm: 140
    first_peak_spread: 0.547758281231
    first_peak_weight: 0.361370712519
    onset_rate: 2.63508009911
    second_peak_bpm: 148
    second_peak_spread: 0.0340909287333
    second_peak_weight: 0.132398754358
    beats_loudness_band_ratio:
        dmean: [0.0828156545758, 0.0798334404826, 0.0780656635761, 0.0621237531304, 0.110739178956, 0.0597878694534]
        dmean2: [0.13954180479, 0.136029824615, 0.137581929564, 0.107354588807, 0.191135168076, 0.104390658438]
        dvar: [0.00500608747825, 0.00535652367398, 0.00717221666127, 0.00592660438269, 0.0115116396919, 0.00280839228071]
        dvar2: [0.0145049905404, 0.0161218270659, 0.0205247011036, 0.0168538466096, 0.0335722267628, 0.00799826625735]
        max: [0.691180169582, 0.788413465023, 0.734368979931, 0.563761293888, 0.797922790051, 0.486782133579]
        mean: [0.206739500165, 0.178732588887, 0.109136588871, 0.0965568721294, 0.290981560946, 0.188436105847]
        median: [0.175965204835, 0.15112298727, 0.0859147235751, 0.0641241967678, 0.265180319548, 0.178461357951]
        min: [0, 0, 0, 0, 0, 0]
        var: [0.0162844285369, 0.0175715647638, 0.00755232851952, 0.00820838566869, 0.0204301532358, 0.0053589916788]
    beats_position: [0.383129239082, 0.789478421211, 1.20743763447, 1.63700675964, 2.06657600403, 2.49614500999, 2.92571425438, 3.35528349876, 3.78485250473, 4.21442174911, 4.6439909935, 5.07355976105, 5.50312900543, 5.92108821869, 6.3622674942, 6.78022670746, 7.19818592072, 7.6277551651, 8.05732440948, 8.48689365387, 8.91646194458, 9.34603118896, 9.77560043335, 10.2051696777, 10.6347389221, 11.0643081665, 11.4938774109, 11.9118366241, 12.3414058685, 12.7709751129, 13.2005443573, 13.6301136017, 14.0596818924, 14.4892511368, 14.90721035, 15.3251695633, 15.7315187454, 16.1378688812, 16.5558280945, 16.9737873077, 17.3801364899, 17.786485672, 18.2044448853, 18.6224040985, 19.0287532806, 19.4467124939, 19.8646717072, 20.2710208893, 20.6889801025, 21.1069393158, 21.5132884979, 21.9196376801, 22.3375968933, 22.7555541992, 23.1619052887, 23.5682544708, 23.9862117767, 24.40417099, 24.8221302032, 25.2400894165, 25.6696586609, 26.1224479675, 26.5752372742, 27.0280265808, 27.4692058563, 27.9103851318, 28.3283443451, 28.7463035583, 29.1642627716, 29.5822219849, 30.0001811981, 30.4065303802, 30.8128795624, 31.2308387756, 31.6487979889, 32.0667572021, 32.4847145081, 32.8910636902, 33.2974128723, 33.7153739929, 34.1333312988, 34.539680481, 34.9576416016, 35.3639907837, 35.7819480896, 36.1999092102, 36.6178665161, 37.0358276367, 37.4537849426, 37.8717460632, 38.3013153076, 38.7541046143, 39.1952819824, 39.6364631653, 40.0776405334, 40.5188217163, 40.9483909607, 41.3779602051, 41.795917511, 42.2022666931, 42.6086158752, 43.0265769958, 43.4445343018, 43.8624954224, 44.2688446045, 44.6751937866, 45.0931510925, 45.5111083984, 45.929069519, 46.3354187012, 46.7533760071, 47.1597251892, 47.5776863098, 47.9956436157, 48.4136047363, 48.8199539185, 49.2263031006, 49.6442604065, 50.0622215271, 50.480178833, 50.8981399536, 51.327709198, 51.7572784424, 52.1868476868, 52.6280250549, 53.0692062378, 53.510383606, 53.9631729126, 54.4043540955, 54.8223114014, 55.240272522, 55.6466217041, 56.0529708862, 56.4709281921, 56.8888893127, 57.3068466187, 57.7248077393, 58.1311569214, 58.5375061035, 58.9554634094, 59.37342453, 59.7797737122, 60.1861228943, 60.6040802002, 61.0220413208, 61.4399986267, 61.8579597473, 62.2759170532, 62.6822662354, 63.0886154175, 63.5065765381, 63.9129257202, 64.3192749023, 64.7372360229, 65.1551895142, 65.5731506348, 65.9911117554, 66.4206771851, 66.8734664917, 67.3378677368, 67.7906570435, 68.2666625977, 68.7078475952, 69.1490249634, 69.5785903931, 70.0197753906, 70.4493408203, 70.8673019409, 71.2852630615, 71.7148284912, 72.1444015503, 72.57396698, 73.0035324097, 73.4447174072, 73.8742828369, 74.2922439575, 74.7218093872, 75.1513824463, 75.580947876, 76.0105209351, 76.4400863647, 76.8696594238, 77.2992248535, 77.7171859741, 78.1467590332, 78.5647125244, 78.9942855835, 79.4238510132, 79.8534240723, 80.282989502, 80.712562561, 81.1421279907, 81.5717010498, 82.0012664795, 82.4308395386, 82.8604049683, 83.2899780273, 83.7311553955, 84.1723327637, 84.5902938843, 85.0082550049, 85.4378204346, 85.8673934937, 86.2969589233, 86.7265319824, 87.1560974121, 87.5856704712, 88.0036239624, 88.4331970215, 88.8627624512, 89.2923355103, 89.7219009399, 90.1398620605, 90.5810394287, 91.0106124878, 91.428565979, 91.8581390381, 92.2761001587, 92.7056655884, 93.123626709, 93.5531921387, 93.9827651978, 94.4123306274, 94.8419036865, 95.2714691162, 95.7010421753, 96.130607605, 96.5485687256, 96.9665298462, 97.3844909668, 97.8140563965, 98.2204055786, 98.6267547607, 99.0447158813, 99.4510650635, 99.8574142456, 100.275375366, 100.681724548, 101.09967804, 101.51763916, 101.935600281, 102.353561401, 102.771514893, 103.189476013, 103.607437134, 104.013786316, 104.420135498, 104.838096619, 105.25605011, 105.662399292, 106.080360413, 106.486709595, 106.904670715, 107.311019897, 107.71736908, 108.1353302, 108.553283691, 108.971244812, 109.389205933, 109.807167053, 110.225120544, 110.631469727, 111.037818909, 111.455780029, 111.87374115, 112.291702271, 112.709655762, 113.15083313, 113.592018127, 114.033195496, 114.474372864, 114.915550232, 115.356735229, 115.786300659, 116.215873718, 116.633827209, 117.040176392, 117.458137512, 117.864486694, 118.282447815, 118.700408936, 119.118362427, 119.524711609, 119.931060791, 120.349021912, 120.766983032, 121.184944153, 121.591293335, 121.997642517, 122.415596008, 122.833557129, 123.25151825, 123.66947937, 124.087432861, 124.493782043, 124.900131226, 125.318092346, 125.736053467, 126.154014587, 126.571968079, 127.001541138, 127.442718506, 127.895507813, 128.336685181, 128.777862549, 129.219039917, 129.648620605, 130.078186035, 130.507751465, 130.937316895, 131.355285645, 131.784851074, 132.202804565, 132.632385254, 133.061950684, 133.491516113, 133.932693481, 134.362258911, 134.780227661, 135.198181152, 135.627746582, 136.045715332, 136.4868927, 136.928070068, 137.357635498, 137.787200928, 138.205169678, 138.623123169, 139.052688599, 139.482269287, 139.911834717, 140.341400146, 140.782577515, 141.212158203, 141.630111694, 142.059677124, 142.489242554, 142.918823242, 143.348388672, 143.777954102, 144.207519531, 144.625488281, 145.055053711, 145.484619141, 145.914199829, 146.343765259, 146.784942627, 147.214508057, 147.644073486, 148.073654175, 148.491607666, 148.909561157, 149.339141846, 149.768707275, 150.198272705, 150.627838135, 151.057418823, 151.498596191, 151.916549683, 152.346115112, 152.775695801, 153.20526123, 153.63482666, 154.06439209, 154.48236084, 154.91192627, 155.329879761, 155.759460449, 156.189025879, 156.618591309, 157.048156738, 157.477722168, 157.907302856, 158.336868286, 158.766433716, 159.195999146, 159.625579834, 160.066757202, 160.50793457, 160.949111938, 161.390289307, 161.819854736, 162.249435425, 162.690612793, 163.131790161, 163.561355591, 163.979324341, 164.397277832, 164.815231323, 165.233200073, 165.651153564, 166.057495117, 166.463851929, 166.88180542, 167.29977417, 167.717727661, 168.135681152, 168.542037964, 168.948379517, 169.366348267, 169.784301758, 170.202270508, 170.620223999, 171.026565552, 171.432922363, 171.850875854, 172.268844604, 172.686798096, 173.093154907, 173.49949646, 173.917449951, 174.335418701, 174.753372192, 175.159729004, 175.566070557, 175.972427368, 176.378768921, 176.796737671, 177.214691162, 177.632644653, 178.050613403, 178.468566895, 178.886520386, 179.304489136, 179.722442627, 180.128799438, 180.535140991, 180.941497803, 181.359451294, 181.765808105, 182.183761597, 182.601715088, 183.019683838, 183.437637329, 183.85559082, 184.27355957, 184.668289185, 185.086257935, 185.504211426, 185.922180176, 186.328521729, 186.73487854, 187.152832031, 187.559173584, 187.965530396, 188.383483887, 188.801452637, 189.219406128, 189.637359619, 190.055328369, 190.47328186, 190.89125061, 191.297592163, 191.703948975, 192.121902466, 192.539855957, 192.957824707, 193.36416626, 193.78213501, 194.188476563, 194.606430054, 195.036010742, 195.442352295, 195.860321045, 196.278274536, 196.707839966, 197.125808716, 197.543762207, 197.996551514, 198.437728882, 198.890518188, 199.343307495, 199.784484863, 200.225662231, 200.6668396, 201.096420288, 201.525985718, 201.943939209, 202.373504639, 202.803085327, 203.221038818, 203.650604248, 204.080184937, 204.509750366, 204.939315796, 205.357269287, 205.786849976, 206.216415405, 206.645980835, 207.075546265, 207.493515015, 207.934692383, 208.364257813, 208.793823242, 209.211791992, 209.629745483, 210.070922852, 210.500488281, 210.93006897, 211.359634399, 211.789199829, 212.218765259, 212.648345947, 213.066299438, 213.495864868, 213.937042236, 214.366622925, 214.796188354, 215.225753784, 215.643707275, 216.061676025, 216.491241455, 216.920806885, 217.350387573, 217.779953003, 218.209518433, 218.639083862, 219.068664551, 219.49822998, 219.92779541, 220.35736084, 220.786941528, 221.216506958, 221.646072388, 222.075637817, 222.493606567, 222.923171997, 223.352737427, 223.782302856, 224.211883545, 224.641448975, 225.071014404, 225.488967896, 225.906936646, 226.324890137, 226.766067505, 227.207244873, 227.636825562, 228.066390991, 228.507568359, 228.948745728, 229.366714478, 229.784667969, 230.214233398, 230.643798828, 231.073379517, 231.502944946, 231.944122314, 232.385299683, 232.803268433, 233.221221924, 233.650787354, 234.080352783, 234.509933472, 234.939498901, 235.369064331, 235.798629761, 236.216598511, 236.634552002, 237.064117432, 237.49369812, 237.92326355, 238.352828979, 238.782394409, 239.211975098, 239.641540527, 240.071105957, 240.500671387, 240.930252075, 241.359817505, 241.789382935, 242.218948364, 242.648529053, 243.078094482, 243.507659912, 243.937225342, 244.366790771, 244.79637146, 245.22593689, 245.655502319, 246.085067749, 246.503036499, 246.92098999, 247.35055542, 247.780136108, 248.209701538, 248.639266968, 249.068832397, 249.498413086, 249.927978516, 250.357543945, 250.775512695, 251.205078125, 251.634643555, 252.075820923, 252.505386353, 252.934967041, 253.352920532, 253.770874023, 254.212051392, 254.653244019, 255.094421387, 255.535598755, 255.965164185, 256.406341553, 256.84753418, 257.393188477, 257.938873291, 258.484527588, 259.030212402, 259.575866699, 260.133148193, 260.690429688, 261.247711182, 261.839813232, 262.431915283, 263.024017334, 263.523254395, 264.034088135, 264.533325195, 265.032562256, 265.531799316, 266.042633057, 266.5418396, 267.04107666, 267.517089844, 267.993103027, 268.469116211, 268.945129395, 269.421142578, 269.908752441, 270.384765625, 270.802703857, 271.232299805, 271.650238037, 272.04498291, 272.451324463, 272.857696533, 273.264038086, 273.670379639, 274.065124512, 274.448242188, 274.831390381]
