
metadata:
    version:
        essentia: "2.1-beta2"
    audio_properties:
        analysis_sample_rate: 44100
        bitrate: 320
        channels: 2
        equal_loudness: 1
        length: 240.352645874
        replay_gain: -15.9773569107
        downmix: "mix"
    tags:
        album: "Bullet For My Valentine (EP)"
        artist: "Bullet For My Valentine"
        comment: ""
        date: "2004"
        genre: "Metalcore"
        title: "Cries in Vain"
        tracknumber: "02"

configuration:
    average_loudness:
        compute: 1
        frameSize: 88200
        hopSize: 44100
        silentFrames: "noise"
        windowType: "hann"
    general:
        analysisSampleRate: 44100
        endTime: 2000
        equalLoudness: 1
        nequalLoudness: 0
        shortSound: 0
        startTime: 0
    lowlevel:
        compute: 1
        frameSize: 2048
        hopSize: 1024
        zeroPadding: 0
        silentFrames: "noise"
        windowType: "blackmanharris62"
        mfccStats: ["mean", "cov", "icov"]
        stats: ["mean", "var", "median", "min", "max", "dmean", "dmean2", "dvar", "dvar2"]
    panning:
        compute: 0
        frameSize: 8192
        hopSize: 2048
        zeroPadding: 8192
        silentFrames: "noise"
        windowType: "hann"
        stats: ["copy"]
    rhythm:
        compute: 1
        maxTempo: 208
        minTempo: 40
        method: "degara"
        stats: ["mean", "var", "median", "min", "max", "dmean", "dmean2", "dvar", "dvar2"]
    segmentation:
        compute: 0
        cpw: 5
        inc1: 300
        inc2: 50
        minimumSegmentsLength: 10
        size1: 1000
        size2: 600
    sfx:
        compute: 1
        stats: ["mean", "var", "median", "min", "max", "dmean", "dmean2", "dvar", "dvar2"]
    svm:
        compute: 0
    tonal:
        compute: 1
        frameSize: 4096
        hopSize: 2048
        zeroPadding: 0
        silentFrames: "noise"
        windowType: "blackmanharris62"
        stats: ["mean", "var", "median", "min", "max", "dmean", "dmean2", "dvar", "dvar2"]

lowlevel:
    average_loudness: 0.908668994904
    barkbands_kurtosis:
        dmean: 2.39250993729
        dmean2: 3.81505513191
        dvar: 170.107147217
        dvar2: 451.036621094
        max: 865.076721191
        mean: 1.812759161
        median: -0.644936919212
        min: -1.90192472935
        var: 179.416320801
    barkbands_skewness:
        dmean: 0.5647996068
        dmean2: 0.865160703659
        dvar: 0.49387049675
        dvar2: 1.16470456123
        max: 10.1354141235
        mean: -0.101923123002
        median: -0.443517357111
        min: -19.4696025848
        var: 2.0553855896
    barkbands_spread:
        dmean: 6.30711460114
        dmean2: 9.85170841217
        dvar: 39.8925819397
        dvar2: 87.9292984009
        max: 77.1539306641
        mean: 29.4550189972
        median: 30.2808074951
        min: 0.00880455132574
        var: 168.035705566
    dissonance:
        dmean: 0.0157955735922
        dmean2: 0.0249945782125
        dvar: 0.000703796686139
        dvar2: 0.00157782621682
        max: 0.500000119209
        mean: 0.466665565968
        median: 0.483921468258
        min: 0.0220893342048
        var: 0.00307928049006
    hfc:
        dmean: 2.43346357346
        dmean2: 3.92851567268
        dvar: 8.60204219818
        dvar2: 22.8909225464
        max: 38.4113883972
        mean: 9.77053165436
        median: 9.99828910828
        min: 1.09506497299e-016
        var: 44.2383804321
    pitch:
        dmean: 803.293457031
        dmean2: 1546.46337891
        dvar: 1703160.875
        dvar2: 4015087
        max: 5776.10400391
        mean: 1672.34619141
        median: 390.578765869
        min: 60.4859085083
        var: 2643087.75
    pitch_instantaneous_confidence:
        dmean: 0.0857729166746
        dmean2: 0.137303814292
        dvar: 0.00574394315481
        dvar2: 0.0134113645181
        max: 0.945296287537
        mean: 0.439589470625
        median: 0.409555971622
        min: 0.096259534359
        var: 0.0235356092453
    pitch_salience:
        dmean: 0.066785775125
        dmean2: 0.106572180986
        dvar: 0.00477735279128
        dvar2: 0.0113986525685
        max: 0.987239062786
        mean: 0.639367520809
        median: 0.668507456779
        min: 0.0359707437456
        var: 0.0144027993083
    silence_rate_20dB:
        dmean: 0
        dmean2: 0
        dvar: 0
        dvar2: 0
        max: 1
        mean: 1
        median: 1
        min: 1
        var: 0
    silence_rate_30dB:
        dmean: 0
        dmean2: 0
        dvar: 0
        dvar2: 0
        max: 1
        mean: 1
        median: 1
        min: 1
        var: 0
    silence_rate_60dB:
        dmean: 0.0595054104924
        dmean2: 0.119022317231
        dvar: 0.0559635534883
        dvar2: 0.125525653362
        max: 1
        mean: 0.279532492161
        median: 0
        min: 0
        var: 0.201378494501
    spectral_centroid:
        dmean: 302.612487793
        dmean2: 466.90927124
        dvar: 118459.351563
        dvar2: 261907.828125
        max: 11463.6142578
        mean: 1943.09838867
        median: 2110.40087891
        min: 101.688514709
        var: 987507.375
    spectral_complexity:
        dmean: 3.54578828812
        dmean2: 5.66438007355
        dvar: 13.94506073
        dvar2: 33.8456764221
        max: 46
        mean: 17.0545730591
        median: 19
        min: 0
        var: 105.303703308
    spectral_crest:
        dmean: 2.28697967529
        dmean2: 3.7468585968
        dvar: 6.24996805191
        dvar2: 16.1088962555
        max: 26.9311103821
        mean: 7.94778966904
        median: 6.53013086319
        min: 2.53669142723
        var: 16.6842556
    spectral_decrease:
        dmean: 2.92178198302e-010
        dmean2: 4.85740059286e-010
        dvar: 2.28890620715e-019
        dvar2: 6.23859462891e-019
        max: 2.19845842043e-028
        mean: -1.01438601963e-009
        median: -9.80835856979e-010
        min: -4.98234742352e-009
        var: 4.25337227402e-019
    spectral_energy:
        dmean: 0.00128439848777
        dmean2: 0.00212981528603
        dvar: 3.82144889954e-006
        dvar2: 1.03404972833e-005
        max: 0.0204217024148
        mean: 0.00471474183723
        median: 0.00464774714783
        min: 1.01358172462e-020
        var: 8.75496516528e-006
    spectral_energyband_high:
        dmean: 0.000215065781958
        dmean2: 0.000365579646314
        dvar: 9.87836159538e-008
        dvar2: 2.67838629497e-007
        max: 0.00324153131805
        mean: 0.000498158740811
        median: 0.000445740151918
        min: 7.20502990205e-021
        var: 1.74756550564e-007
    spectral_energyband_low:
        dmean: 0.000195122207515
        dmean2: 0.000322548410622
        dvar: 9.05880526147e-008
        dvar2: 2.4108061325e-007
        max: 0.00401414977387
        mean: 0.000312766962452
        median: 0.000215682419366
        min: 2.34518565247e-023
        var: 1.24452895989e-007
    spectral_energyband_middle_high:
        dmean: 0.000623067549895
        dmean2: 0.000977745163254
        dvar: 5.06126298205e-007
        dvar2: 1.30429270939e-006
        max: 0.0115095032379
        mean: 0.00261938502081
        median: 0.00249931961298
        min: 1.1471434035e-021
        var: 3.8171046981e-006
    spectral_energyband_middle_low:
        dmean: 0.000802046735771
        dmean2: 0.0013531196164
        dvar: 2.99293378703e-006
        dvar2: 8.2897795437e-006
        max: 0.0162916760892
        mean: 0.00142707698978
        median: 0.000934882438742
        min: 1.94034438161e-022
        var: 2.85233750219e-006
    spectral_flatness_db:
        dmean: 0.0205247700214
        dmean2: 0.0300394687802
        dvar: 0.000848386727739
        dvar2: 0.0014469048474
        max: 0.832372844219
        mean: 0.18187494576
        median: 0.153064489365
        min: 0.0558543838561
        var: 0.00950381811708
    spectral_flux:
        dmean: 0.00823674723506
        dmean2: 0.0129150329158
        dvar: 9.99085677904e-005
        dvar2: 0.000200427195523
        max: 0.128585740924
        mean: 0.0405833646655
        median: 0.0417912825942
        min: 6.43418235358e-011
        var: 0.000400438118959
    spectral_kurtosis:
        dmean: 9.05076408386
        dmean2: 15.3123970032
        dvar: 2844.0871582
        dvar2: 8401.71972656
        max: 1601.09692383
        mean: 16.1920070648
        median: 2.8391289711
        min: -1.25391852856
        var: 5950.41455078
    spectral_rms:
        dmean: 0.000268952629995
        dmean2: 0.000434074521763
        dvar: 1.12718247181e-007
        dvar2: 2.93620018965e-007
        max: 0.00446358742192
        mean: 0.00199647154659
        median: 0.00212941016071
        min: 3.14461477691e-012
        var: 6.13838608388e-007
    spectral_rolloff:
        dmean: 375.275726318
        dmean2: 604.801208496
        dvar: 333703.5
        dvar2: 667186.8125
        max: 19444.4824219
        mean: 3320.47900391
        median: 3660.64453125
        min: 107.666015625
        var: 2474956.75
    spectral_skewness:
        dmean: 0.405299156904
        dmean2: 0.631073474884
        dvar: 1.57990849018
        dvar2: 3.82563948631
        max: 34.8222427368
        mean: 1.69842684269
        median: 1.0839445591
        min: -0.225911438465
        var: 7.93433761597
    spectral_spread:
        dmean: 457246.125
        dmean2: 670760.625
        dvar: 479665684480
        dvar2: 843069784064
        max: 42399672
        mean: 4302108.5
        median: 4008501.75
        min: 67439.34375
        var: 8.13865002598e+012
    spectral_strongpeak:
        dmean: 0.600890576839
        dmean2: 1.03449785709
        dvar: 0.746155142784
        dvar2: 1.96651256084
        max: 10.2137851715
        mean: 0.853100597858
        median: 0.368426322937
        min: 1.02903630061e-010
        var: 1.20489573479
    zerocrossingrate:
        dmean: 0.00932564400136
        dmean2: 0.0109974369407
        dvar: 9.63612910709e-005
        dvar2: 0.000114681999548
        max: 0.52197265625
        mean: 0.104746587574
        median: 0.1142578125
        min: 0.00439453125
        var: 0.00209656683728
    barkbands:
        dmean: [6.62712622557e-008, 4.98173758388e-005, 0.000114069342089, 0.000128049839986, 0.000513661012519, 0.000101443176391, 0.000120425393106, 9.53616035986e-005, 0.000115430229926, 9.25384301809e-005, 5.53587306058e-005, 6.10548158875e-005, 4.44078359578e-005, 5.77973150939e-005, 6.73914546496e-005, 0.000110592918645, 0.000161139905686, 0.000187077777809, 0.000278601015452, 0.000199445174076, 9.66671141214e-005, 3.78744807676e-005, 7.63294974604e-006, 2.70360578725e-006, 1.21970833789e-006, 4.08233304938e-008, 3.4046740427e-010]
        dmean2: [1.14125633388e-007, 8.1007987319e-005, 0.000195395739865, 0.000211582766497, 0.000910749018658, 0.000166301426361, 0.000195438609808, 0.000150395484525, 0.000183419833775, 0.000143530720379, 8.86075940798e-005, 9.90714615909e-005, 7.02886318322e-005, 9.30782480282e-005, 0.000107500774902, 0.000178304035217, 0.000266479328275, 0.000308900722302, 0.000456292473245, 0.000338491576258, 0.00016433132987, 6.2932864239e-005, 1.25527503769e-005, 4.2163615035e-006, 1.81632901786e-006, 6.05052434821e-008, 5.75402558933e-010]
        dvar: [1.39482219855e-014, 8.74184458155e-009, 3.57978748866e-008, 4.02202289251e-008, 2.30962041314e-006, 1.00653721802e-007, 1.34974371235e-007, 7.6487388867e-008, 9.32627841621e-008, 5.91342157463e-008, 2.4826753986e-008, 2.65993573834e-008, 1.45281422448e-008, 1.88895494801e-008, 2.77491221112e-008, 2.99847400242e-008, 5.50609549066e-008, 6.03614083161e-008, 1.44333569096e-007, 7.56427382953e-008, 1.76354220116e-008, 4.79301220935e-009, 2.54555626578e-010, 6.69445610058e-011, 2.06229668759e-011, 2.04607720198e-014, 5.81085281332e-019]
        dvar2: [4.19151069105e-014, 2.20378755245e-008, 9.75771854428e-008, 1.02516978018e-007, 6.56686233924e-006, 2.64430440211e-007, 3.31269319531e-007, 1.6899026889e-007, 2.26310447715e-007, 1.38865132726e-007, 6.13869204358e-008, 6.95235300441e-008, 3.39923360571e-008, 4.61988527434e-008, 6.91954653576e-008, 7.01601976516e-008, 1.48054354554e-007, 1.61153508316e-007, 3.99728889988e-007, 2.07643253702e-007, 4.80237396516e-008, 1.16827054697e-008, 6.09864214685e-010, 1.3581730185e-010, 3.88061735523e-011, 4.21693387674e-014, 1.48434396957e-018]
        max: [1.11616134291e-006, 0.0010263978038, 0.00271086092107, 0.00591065268964, 0.0132204527035, 0.0108833294362, 0.00930817332119, 0.00712656974792, 0.00821156054735, 0.00477236742154, 0.00424773618579, 0.00360924215056, 0.00410856120288, 0.0028838114813, 0.00440868549049, 0.00409379880875, 0.00445397151634, 0.00536489440128, 0.00682743778452, 0.00398348271847, 0.00147048360668, 0.00151184003334, 0.00040715400246, 0.000211035920074, 0.000151586922584, 7.15149644748e-006, 1.86463626761e-008]
        mean: [7.56293019322e-008, 6.59977013129e-005, 0.000149910454638, 0.000182410454727, 0.00053935154574, 0.000145102967508, 0.000180277071195, 0.000141548734973, 0.000180639734026, 0.00015774925123, 8.29033160699e-005, 0.000101966994407, 7.48274469515e-005, 9.78882817435e-005, 0.000117439019959, 0.000230591336731, 0.000356141012162, 0.000454835913843, 0.000711753149517, 0.000448568636784, 0.000204767391551, 6.99926386005e-005, 1.29351883515e-005, 5.07741970068e-006, 1.92829020307e-006, 6.00642948712e-008, 4.09419859126e-010]
        median: [1.69006639794e-008, 3.36560988217e-005, 8.37254119688e-005, 0.000106763523945, 0.000198645051569, 7.31932523195e-005, 5.63859466638e-005, 3.08012276946e-005, 7.79930342105e-005, 4.05103528465e-005, 2.65456001216e-005, 3.87467698602e-005, 3.14115022775e-005, 4.44789584435e-005, 6.41163860564e-005, 0.000171503357706, 0.000262318964815, 0.000375896139303, 0.000601663836278, 0.000404458522098, 0.000174914835952, 5.15074425493e-005, 7.61289129514e-006, 2.69200359071e-006, 6.85600866746e-007, 1.32949340426e-008, 1.55700591309e-010]
        min: [1.39103304545e-024, 1.79931185264e-024, 1.22478287765e-024, 1.86321964394e-024, 6.94910569081e-024, 1.42965766724e-023, 7.96312090901e-024, 1.20247243186e-023, 1.82502528661e-023, 2.07223725491e-023, 1.9656435295e-023, 2.66465349316e-023, 2.73935294108e-023, 3.05323343775e-023, 4.38772828964e-023, 6.15312263379e-023, 8.11038372731e-023, 1.12462901035e-022, 7.87220326974e-023, 1.56705148851e-022, 2.39860188561e-022, 3.40968882058e-022, 4.0785916238e-022, 6.79039198849e-022, 8.54479188354e-022, 1.21784331402e-021, 2.13442425816e-021]
        var: [1.56639922523e-014, 9.7194261528e-009, 4.16254124502e-008, 6.01707554893e-008, 1.57750639573e-006, 9.15695252957e-008, 2.04776227974e-007, 1.9239861615e-007, 1.27730430677e-007, 1.42843632034e-007, 4.26207478199e-008, 4.27533883851e-008, 2.61085197906e-008, 3.50854634235e-008, 4.29928661561e-008, 7.69554375779e-008, 1.68262658917e-007, 1.80743512601e-007, 4.71775422284e-007, 1.4643055124e-007, 3.37753327528e-008, 7.07410574563e-009, 3.89242305054e-010, 1.34408817409e-010, 4.33994680471e-011, 3.67985671232e-014, 6.53740897231e-019]
    frequency_bands:
        dmean: [6.62712622557e-008, 4.98173758388e-005, 0.000114069342089, 0.000128049839986, 0.000513661012519, 0.000101443176391, 0.000120425393106, 9.53616035986e-005, 0.000115430229926, 9.25384301809e-005, 5.53587306058e-005, 6.10548158875e-005, 4.44078359578e-005, 5.77973150939e-005, 6.73914546496e-005, 0.000110592918645, 0.000161139905686, 0.000187077777809, 0.000278601015452, 0.000199445174076, 9.66671141214e-005, 3.78744807676e-005, 7.63294974604e-006, 2.70360578725e-006, 1.21970833789e-006, 4.08233304938e-008, 3.4046740427e-010, 5.29107903324e-011]
        dmean2: [1.14125633388e-007, 8.1007987319e-005, 0.000195395739865, 0.000211582766497, 0.000910749018658, 0.000166301426361, 0.000195438609808, 0.000150395484525, 0.000183419833775, 0.000143530720379, 8.86075940798e-005, 9.90714615909e-005, 7.02886318322e-005, 9.30782480282e-005, 0.000107500774902, 0.000178304035217, 0.000266479328275, 0.000308900722302, 0.000456292473245, 0.000338491576258, 0.00016433132987, 6.2932864239e-005, 1.25527503769e-005, 4.2163615035e-006, 1.81632901786e-006, 6.05052434821e-008, 5.75402558933e-010, 9.82821810047e-011]
        dvar: [1.39482219855e-014, 8.74184458155e-009, 3.57978748866e-008, 4.02202289251e-008, 2.30962041314e-006, 1.00653721802e-007, 1.34974371235e-007, 7.6487388867e-008, 9.32627841621e-008, 5.91342157463e-008, 2.4826753986e-008, 2.65993573834e-008, 1.45281422448e-008, 1.88895494801e-008, 2.77491221112e-008, 2.99847400242e-008, 5.50609549066e-008, 6.03614083161e-008, 1.44333569096e-007, 7.56427382953e-008, 1.76354220116e-008, 4.79301220935e-009, 2.54555626578e-010, 6.69445610058e-011, 2.06229668759e-011, 2.04607720198e-014, 5.81085281332e-019, 6.11841224909e-021]
        dvar2: [4.19151069105e-014, 2.20378755245e-008, 9.75771854428e-008, 1.02516978018e-007, 6.56686233924e-006, 2.64430440211e-007, 3.31269319531e-007, 1.6899026889e-007, 2.26310447715e-007, 1.38865132726e-007, 6.13869204358e-008, 6.95235300441e-008, 3.39923360571e-008, 4.61988527434e-008, 6.91954653576e-008, 7.01601976516e-008, 1.48054354554e-007, 1.61153508316e-007, 3.99728889988e-007, 2.07643253702e-007, 4.80237396516e-008, 1.16827054697e-008, 6.09864214685e-010, 1.3581730185e-010, 3.88061735523e-011, 4.21693387674e-014, 1.48434396957e-018, 1.92604837418e-020]
        max: [1.11616134291e-006, 0.0010263978038, 0.00271086092107, 0.00591065268964, 0.0132204527035, 0.0108833294362, 0.00930817332119, 0.00712656974792, 0.00821156054735, 0.00477236742154, 0.00424773618579, 0.00360924215056, 0.00410856120288, 0.0028838114813, 0.00440868549049, 0.00409379880875, 0.00445397151634, 0.00536489440128, 0.00682743778452, 0.00398348271847, 0.00147048360668, 0.00151184003334, 0.00040715400246, 0.000211035920074, 0.000151586922584, 7.15149644748e-006, 1.86463626761e-008, 9.16802245232e-010]
        mean: [7.56293019322e-008, 6.59977013129e-005, 0.000149910454638, 0.000182410454727, 0.00053935154574, 0.000145102967508, 0.000180277071195, 0.000141548734973, 0.000180639734026, 0.00015774925123, 8.29033160699e-005, 0.000101966994407, 7.48274469515e-005, 9.78882817435e-005, 0.000117439019959, 0.000230591336731, 0.000356141012162, 0.000454835913843, 0.000711753149517, 0.000448568636784, 0.000204767391551, 6.99926386005e-005, 1.29351883515e-005, 5.07741970068e-006, 1.92829020307e-006, 6.00642948712e-008, 4.09419859126e-010, 4.09403934365e-011]
        median: [1.69006639794e-008, 3.36560988217e-005, 8.37254119688e-005, 0.000106763523945, 0.000198645051569, 7.31932523195e-005, 5.63859466638e-005, 3.08012276946e-005, 7.79930342105e-005, 4.05103528465e-005, 2.65456001216e-005, 3.87467698602e-005, 3.14115022775e-005, 4.44789584435e-005, 6.41163860564e-005, 0.000171503357706, 0.000262318964815, 0.000375896139303, 0.000601663836278, 0.000404458522098, 0.000174914835952, 5.15074425493e-005, 7.61289129514e-006, 2.69200359071e-006, 6.85600866746e-007, 1.32949340426e-008, 1.55700591309e-010, 1.31443267729e-011]
        min: [1.39103304545e-024, 1.79931185264e-024, 1.22478287765e-024, 1.86321964394e-024, 6.94910569081e-024, 1.42965766724e-023, 7.96312090901e-024, 1.20247243186e-023, 1.82502528661e-023, 2.07223725491e-023, 1.9656435295e-023, 2.66465349316e-023, 2.73935294108e-023, 3.05323343775e-023, 4.38772828964e-023, 6.15312263379e-023, 8.11038372731e-023, 1.12462901035e-022, 7.87220326974e-023, 1.56705148851e-022, 2.39860188561e-022, 3.40968882058e-022, 4.0785916238e-022, 6.79039198849e-022, 8.54479188354e-022, 1.21784331402e-021, 2.13442425816e-021, 5.10817198275e-022]
        var: [1.56639922523e-014, 9.7194261528e-009, 4.16254124502e-008, 6.01707554893e-008, 1.57750639573e-006, 9.15695252957e-008, 2.04776227974e-007, 1.9239861615e-007, 1.27730430677e-007, 1.42843632034e-007, 4.26207478199e-008, 4.27533883851e-008, 2.61085197906e-008, 3.50854634235e-008, 4.29928661561e-008, 7.69554375779e-008, 1.68262658917e-007, 1.80743512601e-007, 4.71775422284e-007, 1.4643055124e-007, 3.37753327528e-008, 7.07410574563e-009, 3.89242305054e-010, 1.34408817409e-010, 4.33994680471e-011, 3.67985671232e-014, 6.53740897231e-019, 4.9232679343e-021]
    mfcc:
        mean: [-729.313842773, 89.4076690674, -44.5543670654, 56.9271240234, -13.5350017548, -6.44050693512, -3.52822065353, -1.65991926193, -4.2770485878, -5.53220176697, -6.37223958969, -7.08361768723, -6.86436367035]
        cov: [[12438.9052734, -342.765655518, -2824.89648438, 1226.33081055, -863.041442871, 112.610229492, 303.807373047, 473.818725586, 383.099090576, 265.219299316, 176.4087677, 84.086555481, -13.1902637482], [-342.765655518, 1094.92541504, 199.603485107, 111.264213562, 181.048126221, -44.4283218384, -12.4063358307, -70.4952392578, -43.2970352173, -18.2129039764, -3.95768785477, -0.934115588665, 18.1618709564], [-2824.89648438, 199.603485107, 1424.52685547, -133.241149902, 346.59487915, 9.56202125549, -152.761962891, -175.451141357, -130.264465332, -102.629127502, -75.1606674194, -46.8267555237, 7.88027524948], [1226.33081055, 111.264213562, -133.241149902, 532.309082031, 93.3020858765, 43.3840179443, 45.1051330566, 56.4604225159, 107.800331116, 50.7553253174, 30.0939407349, 42.7031860352, 30.7733955383], [-863.041442871, 181.048126221, 346.59487915, 93.3020858765, 344.017364502, 51.2175674438, -24.6482143402, -38.1949501038, 11.5194606781, -2.98404598236, -24.7626781464, 3.08821034431, 19.927564621], [112.610229492, -44.4283218384, 9.56202125549, 43.3840179443, 51.2175674438, 163.352355957, 86.0111160278, 39.5395240784, 24.7037887573, 8.82769870758, 13.2235860825, 2.99850034714, -0.260739415884], [303.807373047, -12.4063358307, -152.761962891, 45.1051330566, -24.6482143402, 86.0111160278, 177.249862671, 84.6799316406, 48.8547744751, 20.8859634399, 18.6658782959, 17.4345169067, -3.90941214561], [473.818725586, -70.4952392578, -175.451141357, 56.4604225159, -38.1949501038, 39.5395240784, 84.6799316406, 150.302337646, 79.323097229, 57.7719841003, 22.6978988647, 11.843788147, 9.04822731018], [383.099090576, -43.2970352173, -130.264465332, 107.800331116, 11.5194606781, 24.7037887573, 48.8547744751, 79.323097229, 134.821228027, 70.4283218384, 28.8237953186, 19.2920951843, 8.92004108429], [265.219299316, -18.2129039764, -102.629127502, 50.7553253174, -2.98404598236, 8.82769870758, 20.8859634399, 57.7719841003, 70.4283218384, 108.459999084, 45.9911575317, 19.6588096619, 6.02106142044], [176.4087677, -3.95768785477, -75.1606674194, 30.0939407349, -24.7626781464, 13.2235860825, 18.6658782959, 22.6978988647, 28.8237953186, 45.9911575317, 80.5236206055, 38.4295005798, 16.5196170807], [84.086555481, -0.934115588665, -46.8267555237, 42.7031860352, 3.08821034431, 2.99850034714, 17.4345169067, 11.843788147, 19.2920951843, 19.6588096619, 38.4295005798, 80.2949142456, 36.1605873108], [-13.1902637482, 18.1618709564, 7.88027524948, 30.7733955383, 19.927564621, -0.260739415884, -3.90941214561, 9.04822731018, 8.92004108429, 6.02106142044, 16.5196170807, 36.1605873108, 67.1026306152]]
        icov: [[0.0002490892075, -2.97255264741e-005, 0.000347368273651, -0.000577774539124, 0.000498972192872, -0.00033875257941, 0.000300764775602, -0.00018164217181, 8.55400066939e-005, -6.66850610287e-005, 0.000125300444779, 0.000102339836303, 8.23184818728e-005], [-2.97255264741e-005, 0.00113552832045, -5.14045350428e-005, -0.00020943194977, -0.000737080699764, 0.000845154107083, -0.000732337881345, 0.000427330262028, 0.000608862726949, -0.0001258708362, -0.000470456347102, 0.000458968541352, -0.00029036734486], [0.000347368273651, -5.14045350428e-005, 0.00168279744685, -0.000495933694765, -0.000476085493574, -0.000722674885765, 0.00096040830249, 0.000116196359158, 0.000541468092706, 0.000266406830633, 0.000157379487064, 0.00047454572632, -9.94815927697e-005], [-0.000577774539124, -0.00020943194977, -0.000495933694765, 0.00390697317198, -0.00186127016786, 0.000392022571759, -0.000466015189886, 0.00038850060082, -0.00205131224357, 0.00055249320576, -0.000348464236595, -0.000905637512915, -0.00051873200573], [0.000498972192872, -0.000737080699764, -0.000476085493574, -0.00186127016786, 0.00641828589141, -0.00287828361616, 0.00138908228837, 0.000715595553629, -0.00133501552045, -0.00129033753183, 0.00275137647986, -0.000720638199709, -0.000721483200323], [-0.00033875257941, 0.000845154107083, -0.000722674885765, 0.000392022571759, -0.00287828361616, 0.0104961646721, -0.00564204948023, -0.000194601059775, 0.000630292401183, 0.000819140987005, -0.00278483936563, 0.00179413764272, -0.000235699859331], [0.000300764775602, -0.000732337881345, 0.00096040830249, -0.000466015189886, 0.00138908228837, -0.00564204948023, 0.0116622876376, -0.00491760717705, -0.0011523924768, 0.00206114235334, 0.000437957321992, -0.00278612412512, 0.00262819346972], [-0.00018164217181, 0.000427330262028, 0.000116196359158, 0.00038850060082, 0.000715595553629, -0.000194601059775, -0.00491760717705, 0.0140791209415, -0.00432517798617, -0.00402603624389, 0.00145255390089, 0.00175730232149, -0.00310977338813], [8.55400066939e-005, 0.000608862726949, 0.000541468092706, -0.00205131224357, -0.00133501552045, 0.000630292401183, -0.0011523924768, -0.00432517798617, 0.0159041434526, -0.00658901175484, 0.000185556229553, -0.000119638432807, 0.00014001262025], [-6.66850610287e-005, -0.0001258708362, 0.000266406830633, 0.00055249320576, -0.00129033753183, 0.000819140987005, 0.00206114235334, -0.00402603624389, -0.00658901175484, 0.0187595654279, -0.00860367063433, 0.000342122308211, 0.00191196647938], [0.000125300444779, -0.000470456347102, 0.000157379487064, -0.000348464236595, 0.00275137647986, -0.00278483936563, 0.000437957321992, 0.00145255390089, 0.000185556229553, -0.00860367063433, 0.0221964046359, -0.00830616801977, -0.000945969251916], [0.000102339836303, 0.000458968541352, 0.00047454572632, -0.000905637512915, -0.000720638199709, 0.00179413764272, -0.00278612412512, 0.00175730232149, -0.000119638432807, 0.000342122308211, -0.00830616801977, 0.0216402336955, -0.0095543442294], [8.23184818728e-005, -0.00029036734486, -9.94815927697e-005, -0.00051873200573, -0.000721483200323, -0.000235699859331, 0.00262819346972, -0.00310977338813, 0.00014001262025, 0.00191196647938, -0.000945969251916, -0.0095543442294, 0.0212240833789]]
    sccoeffs:
        dmean: [0.0576514787972, 0.0501008145511, 0.0397727750242, 0.0305195525289, 0.0213384721428, 0.0205152332783]
        dmean2: [0.0934026837349, 0.0802337229252, 0.06341291219, 0.0494277440012, 0.0347243435681, 0.0312020368874]
        dvar: [0.00265124207363, 0.00180176296271, 0.00104492530227, 0.000663363200147, 0.000322060310282, 0.000624943117145]
        dvar2: [0.00689587136731, 0.00424635969102, 0.00248845200986, 0.00161609903444, 0.000770902261138, 0.00115756364539]
        max: [-0.279020547867, -0.352074891329, -0.404245197773, -0.509637057781, -0.527419745922, -0.584442853928]
        mean: [-0.623885750771, -0.74460041523, -0.774521708488, -0.789893090725, -0.793393671513, -0.734993994236]
        median: [-0.631666362286, -0.758291065693, -0.785706698895, -0.793597877026, -0.79487913847, -0.724092900753]
        min: [-0.978263437748, -0.992714881897, -0.993463337421, -0.98512506485, -0.989215612411, -0.96687412262]
        var: [0.00829058792442, 0.00754557223991, 0.0057429545559, 0.00313868606463, 0.00206232629716, 0.00367510295473]
    scvalleys:
        dmean: [0.432880342007, 0.403720349073, 0.369978159666, 0.329152405262, 0.29409840703, 0.311562150717]
        dmean2: [0.693245053291, 0.633129358292, 0.552601754665, 0.477623820305, 0.402827441692, 0.471206784248]
        dvar: [0.138688012958, 0.138942375779, 0.139198333025, 0.145422562957, 0.166061669588, 0.146396040916]
        dvar2: [0.324592590332, 0.311808526516, 0.269019603729, 0.262958735228, 0.25141865015, 0.318573594093]
        max: [-5.28703594208, -4.74572706223, -5.28310203552, -5.76329803467, -5.58351659775, -7.35750102997]
        mean: [-7.58078813553, -7.18696594238, -7.53039598465, -7.68633937836, -7.31451416016, -10.2383174896]
        median: [-7.05566358566, -6.79418706894, -7.03776407242, -7.07482004166, -6.4805188179, -9.54343414307]
        min: [-27.8204097748, -27.9591178894, -27.764465332, -27.54529953, -27.5618095398, -27.3637275696]
        var: [3.85832047462, 3.46584105492, 3.93717741966, 4.36754179001, 5.49625968933, 5.13478565216]

rhythm:
    beats_loudness:
        dmean: 0.00144680310041
        dmean2: 0.00243643275462
        dvar: 1.8286868908e-006
        dvar2: 4.98004828842e-006
        max: 0.0121788680553
        mean: 0.0048074927181
        median: 0.0050586508587
        min: 0
        var: 6.28086399956e-006
    bpm: 112.427604675
    bpm_confidence: 0
    first_peak_bpm: 112
    first_peak_spread: 0.504021406174
    first_peak_weight: 0.416666656733
    onset_rate: 3.40749335289
    second_peak_bpm: 105
    second_peak_spread: 0.169491574168
    second_peak_weight: 0.110360361636
    beats_loudness_band_ratio:
        dmean: [0.108379118145, 0.148658841848, 0.112692445517, 0.0795786827803, 0.105588689446, 0.089558660984]
        dmean2: [0.186039313674, 0.266275852919, 0.199538215995, 0.140173509717, 0.179720237851, 0.153722167015]
        dvar: [0.0152444811538, 0.0209516398609, 0.020199758932, 0.0116067463532, 0.00795425847173, 0.00623583747074]
        dvar2: [0.0404752716422, 0.0568104535341, 0.0564469881356, 0.0325223505497, 0.0201257597655, 0.01723619923]
        max: [0.992167174816, 0.955087304115, 0.867770314217, 0.655459702015, 0.706757366657, 0.879574179649]
        mean: [0.150535240769, 0.174415707588, 0.135097071528, 0.091073282063, 0.252792358398, 0.244728639722]
        median: [0.107280381024, 0.105829633772, 0.0845299884677, 0.0483187995851, 0.253734976053, 0.252769678831]
        min: [0, 0, 0, 0, 0, 0]
        var: [0.0202279482037, 0.0316728465259, 0.0195420850068, 0.0113824214786, 0.017070800066, 0.0152785498649]
    beats_position: [0.522448956966, 1.04489791393, 1.5673469305, 2.08979582787, 2.62385487556, 3.14630389214, 3.66875267029, 4.20281171799, 4.73687076569, 5.25931978226, 5.79337835312, 6.31582736969, 6.84988641739, 7.37233543396, 7.89478445053, 8.42884349823, 8.96290206909, 9.47374153137, 9.99619007111, 10.5186395645, 11.0526981354, 11.5867567062, 12.1208162308, 12.6432647705, 13.177324295, 13.6997728348, 14.2338323593, 14.7678909302, 15.301949501, 15.8243989944, 16.3468475342, 16.8809070587, 17.4149665833, 17.9490242004, 18.4714736938, 18.9939231873, 19.5279808044, 20.062040329, 20.5960998535, 21.1185474396, 21.640996933, 22.1750564575, 22.7091159821, 23.2315635681, 23.7656230927, 24.2996826172, 24.8221302032, 25.3561897278, 25.8902492523, 26.4126987457, 26.9351463318, 27.4692058563, 27.9916553497, 28.5141029358, 29.0481624603, 29.5822219849, 30.1162815094, 30.6503391266, 31.1843986511, 31.7184581757, 32.2525177002, 32.7865753174, 33.3206329346, 33.843082428, 34.3655319214, 34.8879814148, 35.4104309082, 35.9444885254, 36.4785499573, 37.0126075745, 37.5234451294, 38.0575065613, 38.5915641785, 39.1140136719, 39.6480712891, 40.1705207825, 40.6929702759, 41.2154197693, 41.7378692627, 42.2835350037, 42.8292045593, 43.374874115, 43.9205436707, 44.4894332886, 45.0583229065, 45.6156005859, 46.1612701416, 46.6953277588, 47.229385376, 47.7634468079, 48.297504425, 48.8315620422, 49.3540115356, 49.8880729675, 50.4105224609, 50.9445800781, 51.4786376953, 52.0126991272, 52.5467567444, 53.0808143616, 53.603263855, 54.1257133484, 54.6481628418, 55.1706123352, 55.7046699524, 56.2619476318, 56.8308372498, 57.3997268677, 57.9802246094, 58.5142860413, 59.0483436584, 59.5824012756, 60.1164627075, 60.6505203247, 61.1845779419, 61.7186393738, 62.252696991, 62.7635345459, 63.2859840393, 63.8084335327, 64.3424911499, 64.8765487671, 65.4106140137, 65.9446716309, 66.478729248, 67.0127868652, 67.5468444824, 68.0809020996, 68.6033554077, 69.1258010864, 69.659866333, 70.1823120117, 70.7047576904, 71.238822937, 71.7612686157, 72.2953262329, 72.8293838501, 73.3518371582, 73.8858947754, 74.4083404541, 74.9307937622, 75.4648513794, 75.9989089966, 76.5329666138, 77.0670318604, 77.6010894775, 78.1351470947, 78.6692047119, 79.2032623291, 79.7373199463, 80.2713851929, 80.8054428101, 81.3278884888, 81.861946106, 82.4076156616, 82.9648971558, 83.533782959, 84.1026763916, 84.6483459473, 85.1824035645, 85.7048492432, 86.2273025513, 86.74974823, 87.2838058472, 87.8178634644, 88.3519287109, 88.8975982666, 89.4432601929, 89.9889297485, 90.5462112427, 91.1034927368, 91.67237854, 92.2296600342, 92.7637176514, 93.2977752686, 93.8318328857, 94.3658905029, 94.888343811, 95.4224014282, 95.9564590454, 96.4789123535, 97.0013580322, 97.5238113403, 98.0578689575, 98.5919265747, 99.1259841919, 99.6600418091, 100.182495117, 100.704940796, 101.227394104, 101.749839783, 102.2838974, 102.817955017, 103.352012634, 103.886077881, 104.420135498, 104.954193115, 105.465034485, 105.999092102, 106.556373596, 107.125259399, 107.694145203, 108.251426697, 108.808708191, 109.33115387, 109.853607178, 110.376052856, 110.898498535, 111.420951843, 111.943397522, 112.46585083, 112.988296509, 113.499137878, 114.021583557, 114.555641174, 115.078094482, 115.588935852, 116.099769592, 116.633827209, 117.156280518, 117.678726196, 118.201179504, 118.723625183, 119.2576828, 119.791740417, 120.314193726, 120.836639404, 121.359092712, 121.89315033, 122.415596008, 122.938049316, 123.460494995, 123.994552612, 124.528617859, 125.062675476, 125.573509216, 126.13079071, 126.711288452, 127.303398132, 127.895507813, 128.476013184, 129.044891357, 129.61378479, 130.171066284, 130.739959717, 131.308837891, 131.866119385, 132.423400879, 132.980682373, 133.549560547, 134.118453979, 134.687347412, 135.267837524, 135.848342896, 136.463668823, 137.067382813, 137.647888184, 138.228393555, 138.797271729, 139.366165161, 139.923446655, 140.480728149, 141.049606323, 141.618499756, 142.17578125, 142.744674683, 143.313552856, 143.870834351, 144.428115845, 144.985397339, 145.554275513, 146.111557007, 146.680450439, 147.249343872, 147.806625366, 148.37550354, 148.932785034, 149.490066528, 150.058959961, 150.627838135, 151.185119629, 151.742401123, 152.299682617, 152.856964111, 153.414230347, 153.971511841, 154.528793335, 155.086074829, 155.654968262, 156.223846436, 156.78112793, 157.338409424, 157.895690918, 158.441360474, 159.010253906, 159.590744019, 160.148025513, 160.705307007, 161.262588501, 161.831466675, 162.400360107, 162.957641602, 163.526535034, 164.08380127, 164.652694702, 165.209976196, 165.76725769, 166.336135864, 166.905029297, 167.473922729, 168.042816162, 168.600082397, 169.157363892, 169.714645386, 170.27192688, 170.840820313, 171.409698486, 171.978591919, 172.524261475, 173.058319092, 173.592376709, 174.126434326, 174.648880005, 175.171340942, 175.70539856, 176.227844238, 176.750289917, 177.284347534, 177.818405151, 178.352462769, 178.886520386, 179.420593262, 179.954650879, 180.477096558, 181.011154175, 181.533599854, 182.056045532, 182.57850647, 183.112564087, 183.646621704, 184.180679321, 184.703125, 185.237182617, 185.759628296, 186.293685913, 186.827758789, 187.361816406, 187.884262085, 188.418319702, 188.940765381, 189.474822998, 190.008880615, 190.542938232, 191.06539917, 191.599456787, 192.121902466, 192.644348145, 193.178405762, 193.70085144, 194.234924316, 194.768981934, 195.326248169, 195.883529663, 196.452423096, 197.021316528, 197.578598022, 198.11265564, 198.646713257, 199.180770874, 199.714828491, 200.23727417, 200.771331787, 201.293777466, 201.827835083, 202.361907959, 202.895965576, 203.430023193, 203.952468872, 204.474914551, 205.008972168, 205.543029785, 206.065490723, 206.587936401, 207.121994019, 207.656051636, 208.190109253, 208.72416687, 209.246612549, 209.769073486, 210.303131104, 210.837188721, 211.371246338, 211.905303955, 212.427749634, 212.950195313, 213.47265625, 213.995101929, 214.529159546, 215.063217163, 215.59727478, 216.131332397, 216.665390015, 217.199447632, 217.733505249, 218.255966187, 218.778411865, 219.300857544, 219.823303223, 220.35736084, 220.891418457, 221.425476074, 221.95954895, 222.493606567, 223.027664185, 223.550109863, 224.072555542, 224.595001221, 225.129058838, 225.651519775, 226.185577393, 226.708023071, 227.23046875, 227.764526367, 228.298583984, 228.832641602, 229.366714478, 229.900772095, 230.434829712, 230.957275391, 231.479721069, 232.013778687, 232.524627686, 233.035461426, 233.569519043, 234.10357666, 234.649246216, 235.194915771, 235.740585327, 236.297866821, 236.866760254, 237.424026489, 237.992919922, 238.561813354, 239.130691528, 239.699584961]
