
metadata:
    version:
        essentia: "2.1-beta2"
    audio_properties:
        analysis_sample_rate: 44100
        bitrate: 320
        channels: 2
        equal_loudness: 1
        length: 214.569793701
        replay_gain: -16.0311927795
        downmix: "mix"
    tags:
        album: "Hand of Blood (EP)"
        artist: "Bullet For My Valentine"
        comment: ""
        date: "2005"
        genre: "Metalcore"
        title: "No Control"
        tracknumber: "05"

configuration:
    average_loudness:
        compute: 1
        frameSize: 88200
        hopSize: 44100
        silentFrames: "noise"
        windowType: "hann"
    general:
        analysisSampleRate: 44100
        endTime: 2000
        equalLoudness: 1
        nequalLoudness: 0
        shortSound: 0
        startTime: 0
    lowlevel:
        compute: 1
        frameSize: 2048
        hopSize: 1024
        zeroPadding: 0
        silentFrames: "noise"
        windowType: "blackmanharris62"
        mfccStats: ["mean", "cov", "icov"]
        stats: ["mean", "var", "median", "min", "max", "dmean", "dmean2", "dvar", "dvar2"]
    panning:
        compute: 0
        frameSize: 8192
        hopSize: 2048
        zeroPadding: 8192
        silentFrames: "noise"
        windowType: "hann"
        stats: ["copy"]
    rhythm:
        compute: 1
        maxTempo: 208
        minTempo: 40
        method: "degara"
        stats: ["mean", "var", "median", "min", "max", "dmean", "dmean2", "dvar", "dvar2"]
    segmentation:
        compute: 0
        cpw: 5
        inc1: 300
        inc2: 50
        minimumSegmentsLength: 10
        size1: 1000
        size2: 600
    sfx:
        compute: 1
        stats: ["mean", "var", "median", "min", "max", "dmean", "dmean2", "dvar", "dvar2"]
    svm:
        compute: 0
    tonal:
        compute: 1
        frameSize: 4096
        hopSize: 2048
        zeroPadding: 0
        silentFrames: "noise"
        windowType: "blackmanharris62"
        stats: ["mean", "var", "median", "min", "max", "dmean", "dmean2", "dvar", "dvar2"]

lowlevel:
    average_loudness: 0.893065869808
    barkbands_kurtosis:
        dmean: 0.972059190273
        dmean2: 1.56464862823
        dvar: 5.93580007553
        dvar2: 12.2388839722
        max: 88.8048171997
        mean: -0.130809053779
        median: -0.702204585075
        min: -1.88295388222
        var: 9.94762992859
    barkbands_skewness:
        dmean: 0.453370541334
        dmean2: 0.68712490797
        dvar: 0.22631585598
        dvar2: 0.466933369637
        max: 7.09273386002
        mean: -0.50277274847
        median: -0.618462145329
        min: -4.77984762192
        var: 0.798980236053
    barkbands_spread:
        dmean: 6.4728307724
        dmean2: 10.2897415161
        dvar: 37.0984725952
        dvar2: 92.7223587036
        max: 74.8349533081
        mean: 32.1999549866
        median: 31.4445323944
        min: 0.612875878811
        var: 121.458961487
    dissonance:
        dmean: 0.00869966391474
        dmean2: 0.0148572633043
        dvar: 0.000104903170723
        dvar2: 0.00027631726698
        max: 0.500000119209
        mean: 0.48692470789
        median: 0.489992320538
        min: 0.197287797928
        var: 0.000155065048602
    hfc:
        dmean: 2.41067552567
        dmean2: 3.85943412781
        dvar: 8.1864566803
        dvar2: 21.3462429047
        max: 37.8484115601
        mean: 10.2458219528
        median: 9.86984443665
        min: 1.08150285054e-016
        var: 32.8916740417
    pitch:
        dmean: 910.905883789
        dmean2: 1735.77954102
        dvar: 1690402
        dvar2: 4175297
        max: 5067.11132813
        mean: 2270.23413086
        median: 3373.78198242
        min: 65.4588317871
        var: 2455092.75
    pitch_instantaneous_confidence:
        dmean: 0.071999810636
        dmean2: 0.119979672134
        dvar: 0.00328770792112
        dvar2: 0.00874702446163
        max: 0.870338320732
        mean: 0.347690671682
        median: 0.338423758745
        min: 0.102379381657
        var: 0.0104210656136
    pitch_salience:
        dmean: 0.0594953820109
        dmean2: 0.0975795835257
        dvar: 0.00356166088022
        dvar2: 0.00916931405663
        max: 0.894936859608
        mean: 0.691335320473
        median: 0.711394131184
        min: 0.122347906232
        var: 0.00746046891436
    silence_rate_20dB:
        dmean: 0
        dmean2: 0
        dvar: 0
        dvar2: 0
        max: 1
        mean: 1
        median: 1
        min: 1
        var: 0
    silence_rate_30dB:
        dmean: 0
        dmean2: 0
        dvar: 0
        dvar2: 0
        max: 1
        mean: 1
        median: 1
        min: 1
        var: 0
    silence_rate_60dB:
        dmean: 0.0746672451496
        dmean2: 0.149350643158
        dvar: 0.0690917670727
        dvar2: 0.149555876851
        max: 1
        mean: 0.268123775721
        median: 0
        min: 0
        var: 0.196240290999
    spectral_centroid:
        dmean: 312.12487793
        dmean2: 478.463256836
        dvar: 108742.257813
        dvar2: 228400.59375
        max: 11472.9443359
        mean: 2197.42431641
        median: 2242.04882813
        min: 140.2290802
        var: 702555.5625
    spectral_complexity:
        dmean: 3.99047732353
        dmean2: 6.37813854218
        dvar: 14.7719621658
        dvar2: 34.5553855896
        max: 51
        mean: 19.6945457458
        median: 20
        min: 0
        var: 108.171539307
    spectral_crest:
        dmean: 1.94369351864
        dmean2: 3.24588179588
        dvar: 4.40796422958
        dvar2: 11.4525690079
        max: 20.7627048492
        mean: 6.38984441757
        median: 5.64920806885
        min: 2.55969405174
        var: 7.14142656326
    spectral_decrease:
        dmean: 2.67859290304e-010
        dmean2: 4.39716513201e-010
        dvar: 1.77368500115e-019
        dvar2: 4.56071665899e-019
        max: 2.10699745182e-028
        mean: -1.02132191593e-009
        median: -9.3098911913e-010
        min: -4.35484270866e-009
        var: 3.7679901869e-019
    spectral_energy:
        dmean: 0.00118692952674
        dmean2: 0.00194277684204
        dvar: 3.04000218421e-006
        dvar2: 7.79772472015e-006
        max: 0.0185736045241
        mean: 0.00478402664885
        median: 0.00440842378885
        min: 1.02008640154e-020
        var: 7.58113765187e-006
    spectral_energyband_high:
        dmean: 0.000226919073611
        dmean2: 0.000383060396416
        dvar: 1.08151361644e-007
        dvar2: 2.84683437712e-007
        max: 0.00535335205495
        mean: 0.000570376869291
        median: 0.000492707942612
        min: 7.02153232318e-021
        var: 1.72857482994e-007
    spectral_energyband_low:
        dmean: 0.000227305034059
        dmean2: 0.00036660884507
        dvar: 1.01906472594e-007
        dvar2: 2.73113613503e-007
        max: 0.00425488082692
        mean: 0.000374975032173
        median: 0.000257101928582
        min: 2.35559388325e-023
        var: 1.85055611723e-007
    spectral_energyband_middle_high:
        dmean: 0.00062359351432
        dmean2: 0.000982875819318
        dvar: 4.10987979649e-007
        dvar2: 1.02019998849e-006
        max: 0.0101680532098
        mean: 0.00283075543121
        median: 0.00256784423254
        min: 1.17859323045e-021
        var: 3.32685795001e-006
    spectral_energyband_middle_low:
        dmean: 0.000691205903422
        dmean2: 0.00113407487515
        dvar: 2.22812286665e-006
        dvar2: 5.77524224354e-006
        max: 0.0134961577132
        mean: 0.00113986607175
        median: 0.000710859545507
        min: 1.94353453511e-022
        var: 2.2362855816e-006
    spectral_flatness_db:
        dmean: 0.0137083837762
        dmean2: 0.0217001307756
        dvar: 0.000199868052732
        dvar2: 0.000445852492703
        max: 0.542537033558
        mean: 0.146354287863
        median: 0.141093373299
        min: 0.0577874109149
        var: 0.00100285024382
    spectral_flux:
        dmean: 0.00693513359874
        dmean2: 0.0105745792389
        dvar: 7.35478388378e-005
        dvar2: 0.000161252071848
        max: 0.115260608494
        mean: 0.0427897535264
        median: 0.0427150204778
        min: 6.4551287926e-011
        var: 0.000277200189885
    spectral_kurtosis:
        dmean: 1.0812318325
        dmean2: 1.80590581894
        dvar: 11.0642328262
        dvar2: 23.3700046539
        max: 163.583206177
        mean: 3.15114212036
        median: 2.67715454102
        min: -1.26581680775
        var: 15.6713504791
    spectral_rms:
        dmean: 0.000246494746534
        dmean2: 0.000393568916479
        dvar: 9.55519894319e-008
        dvar2: 2.34752704387e-007
        max: 0.00425682868809
        mean: 0.00204846262932
        median: 0.00207386142574
        min: 3.15468896665e-012
        var: 4.71162252325e-007
    spectral_rolloff:
        dmean: 318.242492676
        dmean2: 524.547973633
        dvar: 225709.921875
        dvar2: 533329.8125
        max: 19530.6152344
        mean: 3775.77880859
        median: 3768.31054688
        min: 150.732421875
        var: 1458538.5
    spectral_skewness:
        dmean: 0.154624447227
        dmean2: 0.252832472324
        dvar: 0.0597687140107
        dvar2: 0.124140180647
        max: 9.42919826508
        mean: 1.11561942101
        median: 1.06953561306
        min: -0.0904397591949
        var: 0.157502263784
    spectral_spread:
        dmean: 415280.34375
        dmean2: 614480
        dvar: 398901510144
        dvar2: 750323957760
        max: 43020572
        mean: 4418095
        median: 4079138.5
        min: 502519.40625
        var: 7.05502694605e+012
    spectral_strongpeak:
        dmean: 0.512562930584
        dmean2: 0.894646584988
        dvar: 0.418125718832
        dvar2: 1.11380767822
        max: 6.39203500748
        mean: 0.668516695499
        median: 0.382562935352
        min: 0
        var: 0.600197255611
    zerocrossingrate:
        dmean: 0.00893727503717
        dmean2: 0.0106539903209
        dvar: 8.38386185933e-005
        dvar2: 0.000105267070467
        max: 0.52294921875
        mean: 0.117734633386
        median: 0.11865234375
        min: 0.0068359375
        var: 0.00125336099882
    barkbands:
        dmean: [7.27373503651e-008, 4.41676420451e-005, 0.000155120942509, 0.000119794050988, 0.000426454877015, 0.00010001087503, 0.000105509643618, 6.72657552059e-005, 0.000111926390673, 0.000106796782347, 9.50129833655e-005, 8.1419624621e-005, 7.64040523791e-005, 7.23733537598e-005, 7.56260342314e-005, 0.000116981849715, 0.000153792294441, 0.000178093003342, 0.000257478735875, 0.000201220245799, 0.000111571869638, 4.30149448221e-005, 8.13621772977e-006, 2.77993058262e-006, 1.07279765871e-006, 4.12529885807e-008, 3.35649452676e-010]
        dmean2: [1.25492633174e-007, 7.10386375431e-005, 0.000252661731793, 0.000202462077141, 0.000723086646758, 0.000166135330801, 0.000173242224264, 0.000113508453069, 0.00017887611466, 0.000176291840035, 0.000158674942213, 0.000134859670652, 0.000125539649162, 0.000119027434266, 0.000124013182358, 0.000193136307644, 0.000253465288552, 0.00029703558539, 0.000428710336564, 0.000341926701367, 0.000188964550034, 7.19688687241e-005, 1.34664614961e-005, 4.36532582171e-006, 1.63106858508e-006, 5.97898619503e-008, 5.71573122166e-010]
        dvar: [1.42627473417e-014, 5.79748427043e-009, 4.67381156e-008, 3.54856872775e-008, 1.51560698214e-006, 6.84792027528e-008, 8.92775986472e-008, 2.90714634588e-008, 5.5080604966e-008, 4.89660649805e-008, 3.71813122513e-008, 2.82840169064e-008, 2.35267290094e-008, 1.82298798279e-008, 2.21701430547e-008, 3.34456977669e-008, 3.17483852541e-008, 4.16128180802e-008, 7.24964195342e-008, 6.17948998638e-008, 2.3439994834e-008, 5.70106495346e-009, 2.62246335758e-010, 5.32064427239e-011, 1.18962331305e-011, 2.0196567197e-014, 4.89047531211e-019]
        dvar2: [4.18988675948e-014, 1.4396414727e-008, 1.19452280956e-007, 9.85499326589e-008, 3.98837164539e-006, 1.73416054849e-007, 2.12937607103e-007, 7.58213829499e-008, 1.31296332029e-007, 1.26030130332e-007, 1.01995070168e-007, 7.61257297199e-008, 6.21666487177e-008, 4.57615172422e-008, 5.80553773943e-008, 8.70816307952e-008, 8.32705424614e-008, 1.1489762386e-007, 1.95395145397e-007, 1.66639026133e-007, 6.21364080189e-008, 1.3818316269e-008, 6.02473626543e-010, 1.12412280873e-010, 2.41274257518e-011, 3.73308798967e-014, 1.29220356175e-018]
        max: [1.5452272919e-006, 0.00119221245404, 0.00318345823325, 0.00365147925913, 0.0106382127851, 0.00719821779057, 0.00599222024903, 0.00373242306523, 0.00566339027137, 0.00419346382841, 0.0034882852342, 0.00381732662208, 0.00284911994822, 0.00219953875057, 0.00253052334301, 0.00509443785995, 0.00315466034226, 0.00396857736632, 0.00397455459461, 0.00476854806766, 0.00233979499899, 0.00138669612352, 0.000291582313366, 0.000183490221389, 0.000118250405649, 5.05246680405e-006, 1.81077908223e-008]
        mean: [9.30976611357e-008, 5.94415287196e-005, 0.000219612091314, 0.0001607350423, 0.000414891692344, 0.000139913739986, 0.000126871091197, 7.91880811448e-005, 0.000174613684067, 0.000158596085384, 0.000154292050865, 0.000150975378347, 0.000136762784678, 0.000129671898321, 0.000142623801366, 0.000241309520788, 0.000339788384736, 0.000432692409959, 0.000683354737703, 0.00048890610924, 0.000246857118327, 8.08791010058e-005, 1.4571374777e-005, 5.54124335395e-006, 1.78934112682e-006, 6.11401915762e-008, 3.87985144013e-010]
        median: [3.45163897464e-008, 3.28155474563e-005, 0.000128079380374, 9.45878346101e-005, 0.000132890971145, 7.38090166124e-005, 5.17122389283e-005, 3.13146374538e-005, 8.56659462443e-005, 5.04666568304e-005, 4.51932501164e-005, 4.91785685881e-005, 5.08711891598e-005, 5.52813144168e-005, 6.26857217867e-005, 0.000178544301889, 0.00028208742151, 0.000369075627532, 0.000613394659013, 0.000441303709522, 0.000210429396247, 5.59961772524e-005, 8.77733236848e-006, 3.43598003383e-006, 8.81457879132e-007, 1.98194012313e-008, 1.76393788465e-010]
        min: [6.0007273484e-025, 6.09782025e-024, 1.89134411293e-024, 1.66809884334e-024, 2.17852584892e-023, 1.05592250716e-023, 9.34882529765e-024, 9.08084372612e-024, 1.28593336343e-023, 2.13836541355e-023, 2.25243375382e-023, 3.42405549228e-023, 3.68222820954e-023, 4.39747797934e-023, 7.345101559e-023, 4.09625554476e-023, 8.02896823318e-023, 8.67320442874e-023, 1.48727215501e-022, 1.9234347379e-022, 2.37375541767e-022, 3.23697372072e-022, 3.81241152659e-022, 5.84464999951e-022, 8.88327152448e-022, 1.21012070654e-021, 2.02057120751e-021]
        var: [1.92902385553e-014, 6.85014311941e-009, 8.22962888947e-008, 5.65150024556e-008, 1.18548223327e-006, 6.77428531048e-008, 9.54562011657e-008, 3.13567660726e-008, 1.09326080633e-007, 8.85238762294e-008, 7.77725759349e-008, 7.20584480973e-008, 5.17074987272e-008, 3.83640497148e-008, 4.60251570189e-008, 7.00930584685e-008, 7.47705399817e-008, 1.06308327474e-007, 2.07447385492e-007, 1.10807860665e-007, 3.61272327609e-008, 8.79615136284e-009, 4.43142522677e-010, 1.09727872621e-010, 2.01741366668e-011, 3.70167763629e-014, 4.91537448253e-019]
    frequency_bands:
        dmean: [7.27373503651e-008, 4.41676420451e-005, 0.000155120942509, 0.000119794050988, 0.000426454877015, 0.00010001087503, 0.000105509643618, 6.72657552059e-005, 0.000111926390673, 0.000106796782347, 9.50129833655e-005, 8.1419624621e-005, 7.64040523791e-005, 7.23733537598e-005, 7.56260342314e-005, 0.000116981849715, 0.000153792294441, 0.000178093003342, 0.000257478735875, 0.000201220245799, 0.000111571869638, 4.30149448221e-005, 8.13621772977e-006, 2.77993058262e-006, 1.07279765871e-006, 4.12529885807e-008, 3.35649452676e-010, 5.49885380285e-011]
        dmean2: [1.25492633174e-007, 7.10386375431e-005, 0.000252661731793, 0.000202462077141, 0.000723086646758, 0.000166135330801, 0.000173242224264, 0.000113508453069, 0.00017887611466, 0.000176291840035, 0.000158674942213, 0.000134859670652, 0.000125539649162, 0.000119027434266, 0.000124013182358, 0.000193136307644, 0.000253465288552, 0.00029703558539, 0.000428710336564, 0.000341926701367, 0.000188964550034, 7.19688687241e-005, 1.34664614961e-005, 4.36532582171e-006, 1.63106858508e-006, 5.97898619503e-008, 5.71573122166e-010, 1.01966081412e-010]
        dvar: [1.42627473417e-014, 5.79748427043e-009, 4.67381156e-008, 3.54856872775e-008, 1.51560698214e-006, 6.84792027528e-008, 8.92775986472e-008, 2.90714634588e-008, 5.5080604966e-008, 4.89660649805e-008, 3.71813122513e-008, 2.82840169064e-008, 2.35267290094e-008, 1.82298798279e-008, 2.21701430547e-008, 3.34456977669e-008, 3.17483852541e-008, 4.16128180802e-008, 7.24964195342e-008, 6.17948998638e-008, 2.3439994834e-008, 5.70106495346e-009, 2.62246335758e-010, 5.32064427239e-011, 1.18962331305e-011, 2.0196567197e-014, 4.89047531211e-019, 5.69612927624e-021]
        dvar2: [4.18988675948e-014, 1.4396414727e-008, 1.19452280956e-007, 9.85499326589e-008, 3.98837164539e-006, 1.73416054849e-007, 2.12937607103e-007, 7.58213829499e-008, 1.31296332029e-007, 1.26030130332e-007, 1.01995070168e-007, 7.61257297199e-008, 6.21666487177e-008, 4.57615172422e-008, 5.80553773943e-008, 8.70816307952e-008, 8.32705424614e-008, 1.1489762386e-007, 1.95395145397e-007, 1.66639026133e-007, 6.21364080189e-008, 1.3818316269e-008, 6.02473626543e-010, 1.12412280873e-010, 2.41274257518e-011, 3.73308798967e-014, 1.29220356175e-018, 1.78036231971e-020]
        max: [1.5452272919e-006, 0.00119221245404, 0.00318345823325, 0.00365147925913, 0.0106382127851, 0.00719821779057, 0.00599222024903, 0.00373242306523, 0.00566339027137, 0.00419346382841, 0.0034882852342, 0.00381732662208, 0.00284911994822, 0.00219953875057, 0.00253052334301, 0.00509443785995, 0.00315466034226, 0.00396857736632, 0.00397455459461, 0.00476854806766, 0.00233979499899, 0.00138669612352, 0.000291582313366, 0.000183490221389, 0.000118250405649, 5.05246680405e-006, 1.81077908223e-008, 8.45143288686e-010]
        mean: [9.30976611357e-008, 5.94415287196e-005, 0.000219612091314, 0.0001607350423, 0.000414891692344, 0.000139913739986, 0.000126871091197, 7.91880811448e-005, 0.000174613684067, 0.000158596085384, 0.000154292050865, 0.000150975378347, 0.000136762784678, 0.000129671898321, 0.000142623801366, 0.000241309520788, 0.000339788384736, 0.000432692409959, 0.000683354737703, 0.00048890610924, 0.000246857118327, 8.08791010058e-005, 1.4571374777e-005, 5.54124335395e-006, 1.78934112682e-006, 6.11401915762e-008, 3.87985144013e-010, 4.29629665177e-011]
        median: [3.45163897464e-008, 3.28155474563e-005, 0.000128079380374, 9.45878346101e-005, 0.000132890971145, 7.38090166124e-005, 5.17122389283e-005, 3.13146374538e-005, 8.56659462443e-005, 5.04666568304e-005, 4.51932501164e-005, 4.91785685881e-005, 5.08711891598e-005, 5.52813144168e-005, 6.26857217867e-005, 0.000178544301889, 0.00028208742151, 0.000369075627532, 0.000613394659013, 0.000441303709522, 0.000210429396247, 5.59961772524e-005, 8.77733236848e-006, 3.43598003383e-006, 8.81457879132e-007, 1.98194012313e-008, 1.76393788465e-010, 1.56565125448e-011]
        min: [6.0007273484e-025, 6.09782025e-024, 1.89134411293e-024, 1.66809884334e-024, 2.17852584892e-023, 1.05592250716e-023, 9.34882529765e-024, 9.08084372612e-024, 1.28593336343e-023, 2.13836541355e-023, 2.25243375382e-023, 3.42405549228e-023, 3.68222820954e-023, 4.39747797934e-023, 7.345101559e-023, 4.09625554476e-023, 8.02896823318e-023, 8.67320442874e-023, 1.48727215501e-022, 1.9234347379e-022, 2.37375541767e-022, 3.23697372072e-022, 3.81241152659e-022, 5.84464999951e-022, 8.88327152448e-022, 1.21012070654e-021, 2.02057120751e-021, 4.55905461565e-022]
        var: [1.92902385553e-014, 6.85014311941e-009, 8.22962888947e-008, 5.65150024556e-008, 1.18548223327e-006, 6.77428531048e-008, 9.54562011657e-008, 3.13567660726e-008, 1.09326080633e-007, 8.85238762294e-008, 7.77725759349e-008, 7.20584480973e-008, 5.17074987272e-008, 3.83640497148e-008, 4.60251570189e-008, 7.00930584685e-008, 7.47705399817e-008, 1.06308327474e-007, 2.07447385492e-007, 1.10807860665e-007, 3.61272327609e-008, 8.79615136284e-009, 4.43142522677e-010, 1.09727872621e-010, 2.01741366668e-011, 3.70167763629e-014, 4.91537448253e-019, 4.73886118377e-021]
    mfcc:
        mean: [-702.369812012, 82.3213119507, -55.1512756348, 57.9552993774, -16.9010314941, -2.10836029053, 1.83896434307, 0.122496120632, -2.19597911835, -5.790163517, -5.68083238602, -5.60453081131, -6.34243774414]
        cov: [[6822.85839844, 595.343994141, -852.192626953, 312.803192139, -339.051177979, 190.137741089, 36.6186943054, 140.220687866, -24.2188796997, 1.92734444141, -9.02633476257, -7.08336734772, 6.12119626999], [595.343994141, 613.188049316, -109.690811157, 205.555007935, 28.6381988525, 13.416592598, 75.4660491943, 16.8158760071, 9.4541015625, -32.6727638245, 5.69612073898, -7.62102413177, 2.28115034103], [-852.192626953, -109.690811157, 620.170776367, 68.2092819214, 145.318099976, 0.903295874596, -55.1900596619, -20.5345458984, -18.4921455383, 14.6777105331, -7.57067584991, 12.2170906067, 2.09446072578], [312.803192139, 205.555007935, 68.2092819214, 358.463897705, 72.8405990601, -4.16556501389, -7.4778418541, -11.10297966, 45.3655967712, 15.6220903397, 13.4205541611, 15.7606620789, 5.94492912292], [-339.051177979, 28.6381988525, 145.318099976, 72.8405990601, 164.857513428, 49.0324668884, 17.5502700806, -3.12970209122, 15.1122341156, 23.0546417236, 10.0692100525, 5.0645647049, 3.4723546505], [190.137741089, 13.416592598, 0.903295874596, -4.16556501389, 49.0324668884, 140.047531128, 72.4401397705, 41.8555488586, -1.44030988216, 13.6730833054, 19.2527637482, 11.0076494217, 9.99372768402], [36.6186943054, 75.4660491943, -55.1900596619, -7.4778418541, 17.5502700806, 72.4401397705, 138.470504761, 70.5947799683, 20.4750823975, -7.11586618423, 9.98553371429, 15.6846513748, 8.05603218079], [140.220687866, 16.8158760071, -20.5345458984, -11.10297966, -3.12970209122, 41.8555488586, 70.5947799683, 116.51739502, 48.3443260193, 26.8262386322, 5.5470957756, 11.799864769, 10.2727584839], [-24.2188796997, 9.4541015625, -18.4921455383, 45.3655967712, 15.1122341156, -1.44030988216, 20.4750823975, 48.3443260193, 96.399810791, 47.4164352417, 15.3349714279, 7.72440242767, 1.16843092442], [1.92734444141, -32.6727638245, 14.6777105331, 15.6220903397, 23.0546417236, 13.6730833054, -7.11586618423, 26.8262386322, 47.4164352417, 84.9051208496, 36.4334602356, 17.3339290619, 0.762980043888], [-9.02633476257, 5.69612073898, -7.57067584991, 13.4205541611, 10.0692100525, 19.2527637482, 9.98553371429, 5.5470957756, 15.3349714279, 36.4334602356, 65.3379440308, 28.7158088684, 15.3372077942], [-7.08336734772, -7.62102413177, 12.2170906067, 15.7606620789, 5.0645647049, 11.0076494217, 15.6846513748, 11.799864769, 7.72440242767, 17.3339290619, 28.7158088684, 56.9188346863, 24.1952381134], [6.12119626999, 2.28115034103, 2.09446072578, 5.94492912292, 3.4723546505, 9.99372768402, 8.05603218079, 10.2727584839, 1.16843092442, 0.762980043888, 15.3372077942, 24.1952381134, 53.7788734436]]
        icov: [[0.000283345987555, -0.000188518373761, 0.000309711293085, -0.000393905153032, 0.000656807504129, -0.000798281864263, 0.000627269037068, -0.000498157343827, 0.000415545917349, -0.000252470490523, 0.000320771010593, -8.62682427396e-005, 5.62417626497e-005], [-0.000188518373761, 0.00268061249517, 0.000355671101715, -0.00142661563586, -0.000871670083143, 0.00126092613209, -0.00195266667288, -8.04096707725e-005, 0.000624103704467, 0.000995373702608, -0.00108205759898, 0.00124158535618, -9.62449412327e-005], [0.000309711293085, 0.000355671101715, 0.00281312526204, -0.0008627633797, -0.00183857488446, -0.000333103671437, 0.00189267366659, -0.00177076202817, 0.00171399209648, 1.50436271724e-005, 0.000673168047797, -0.000936095835641, 0.000362533261068], [-0.000393905153032, -0.00142661563586, -0.0008627633797, 0.0050892457366, -0.00205821963027, 0.000767885125242, 0.000552876270376, 0.00174722471274, -0.00349802779965, 0.000991494394839, -0.000220979840378, -0.00167111412156, 2.67813848041e-005], [0.000656807504129, -0.000871670083143, -0.00183857488446, -0.00205821963027, 0.012333505787, -0.00548134511337, -0.000909190741368, 0.002759616822, -0.000964715087321, -0.00358775514178, 0.00189993798267, 0.00123157200869, -0.000931410759222], [-0.000798281864263, 0.00126092613209, -0.000333103671437, 0.000767885125242, -0.00548134511337, 0.0149916829541, -0.00775477057323, -0.00114647625014, 0.00390966469422, -0.00205376045778, -0.00310512445867, 0.00205463683233, -0.00118050875608], [0.000627269037068, -0.00195266667288, 0.00189267366659, 0.000552876270376, -0.000909190741368, -0.00775477057323, 0.0191634315997, -0.00958608370274, -0.00196423940361, 0.00775261316448, -0.00171215436421, -0.00495609501377, 0.0029875615146], [-0.000498157343827, -8.04096707725e-005, -0.00177076202817, 0.00174722471274, 0.002759616822, -0.00114647625014, -0.00958608370274, 0.0198515783995, -0.00772432191297, -0.00534512521699, 0.00461142743006, 0.000178994581802, -0.00353723904118], [0.000415545917349, 0.000624103704467, 0.00171399209648, -0.00349802779965, -0.000964715087321, 0.00390966469422, -0.00196423940361, -0.00772432191297, 0.0217101164162, -0.0103457095101, 0.000631526578218, 0.00214431155473, -0.000118096104416], [-0.000252470490523, 0.000995373702608, 1.50436271724e-005, 0.000991494394839, -0.00358775514178, -0.00205376045778, 0.00775261316448, -0.00534512521699, -0.0103457095101, 0.0274101961404, -0.0125135472044, -0.00335547723807, 0.00526358699426], [0.000320771010593, -0.00108205759898, 0.000673168047797, -0.000220979840378, 0.00189993798267, -0.00310512445867, -0.00171215436421, 0.00461142743006, 0.000631526578218, -0.0125135472044, 0.027684327215, -0.00881250854582, -0.00392915681005], [-8.62682427396e-005, 0.00124158535618, -0.000936095835641, -0.00167111412156, 0.00123157200869, 0.00205463683233, -0.00495609501377, 0.000178994581802, 0.00214431155473, -0.00335547723807, -0.00881250854582, 0.0286081843078, -0.00993139110506], [5.62417626497e-005, -9.62449412327e-005, 0.000362533261068, 2.67813848041e-005, -0.000931410759222, -0.00118050875608, 0.0029875615146, -0.00353723904118, -0.000118096104416, 0.00526358699426, -0.00392915681005, -0.00993139110506, 0.0245995223522]]
    sccoeffs:
        dmean: [0.0589188188314, 0.0477622523904, 0.0399979911745, 0.0290443468839, 0.0187246892601, 0.0173135977238]
        dmean2: [0.0955841615796, 0.0787319466472, 0.0656540542841, 0.048086296767, 0.0315808281302, 0.0274273641407]
        dvar: [0.00256797252223, 0.0015512217069, 0.00104798062239, 0.000530813995283, 0.000220962596359, 0.000278073421214]
        dvar2: [0.00636934163049, 0.00393386324868, 0.00273532723077, 0.00140478811227, 0.000599051476456, 0.000610806513578]
        max: [-0.257247209549, -0.421434283257, -0.547735929489, -0.555290222168, -0.628108143806, -0.572774469852]
        mean: [-0.64885532856, -0.780922114849, -0.790323317051, -0.801312565804, -0.802908241749, -0.720956385136]
        median: [-0.655215382576, -0.787218809128, -0.797461867332, -0.8040792346, -0.80376470089, -0.71868288517]
        min: [-0.977760255337, -0.984326899052, -0.977876842022, -0.96780115366, -0.96727848053, -0.965394675732]
        var: [0.00674970401451, 0.00390591775067, 0.00320380437188, 0.00180774077307, 0.000786213029642, 0.00175408716314]
    scvalleys:
        dmean: [0.41162982583, 0.372581720352, 0.315192013979, 0.244731992483, 0.201943397522, 0.248427316546]
        dmean2: [0.671417176723, 0.605492711067, 0.494193375111, 0.382138907909, 0.309711426497, 0.368679583073]
        dvar: [0.121174484491, 0.114815063775, 0.0831532925367, 0.0625794678926, 0.0631572529674, 0.104406416416]
        dvar2: [0.287981688976, 0.270837366581, 0.170691609383, 0.117806002498, 0.113398209214, 0.218575567007]
        max: [-5.14389514923, -4.69781398773, -5.13082647324, -5.38749265671, -5.58085107803, -7.50721216202]
        mean: [-7.36287784576, -6.92898273468, -7.05209922791, -7.14128875732, -6.73046350479, -9.73393344879]
        median: [-6.94907855988, -6.68123245239, -6.80605459213, -6.87899398804, -6.40089893341, -9.41546440125]
        min: [-28.449508667, -27.9055671692, -27.7752990723, -27.6630535126, -27.445936203, -27.3570537567]
        var: [3.25722360611, 3.09939455986, 3.11907982826, 3.0051651001, 3.20452642441, 3.06087589264]

rhythm:
    beats_loudness:
        dmean: 0.00142588058952
        dmean2: 0.00248301611282
        dvar: 1.67452583355e-006
        dvar2: 4.33012837675e-006
        max: 0.0108776846901
        mean: 0.00533744227141
        median: 0.00533116515726
        min: 0
        var: 4.97467271998e-006
    bpm: 95.7084655762
    bpm_confidence: 0
    first_peak_bpm: 96
    first_peak_spread: 0.325174808502
    first_peak_weight: 0.553008615971
    onset_rate: 2.98737335205
    second_peak_bpm: 91
    second_peak_spread: 0.0555555522442
    second_peak_weight: 0.048710603267
    beats_loudness_band_ratio:
        dmean: [0.0890369266272, 0.125047191978, 0.0517955049872, 0.0667438730597, 0.0922373011708, 0.0885476917028]
        dmean2: [0.160463094711, 0.22518441081, 0.0944390147924, 0.113479852676, 0.161297276616, 0.15114544332]
        dvar: [0.0121543444693, 0.0189824774861, 0.00442656455562, 0.00505047757179, 0.00635801674798, 0.00600465852767]
        dvar2: [0.0375508107245, 0.0509826391935, 0.0126169342548, 0.0132902124897, 0.0183656755835, 0.0163364596665]
        max: [0.902337670326, 0.786595284939, 0.505090773106, 0.659395694733, 0.583722889423, 0.676442027092]
        mean: [0.129683241248, 0.201994940639, 0.0749429240823, 0.112161517143, 0.256258636713, 0.268181651831]
        median: [0.0964711755514, 0.0848738998175, 0.0600484535098, 0.0626264736056, 0.248620480299, 0.253743946552]
        min: [0, 0, 0, 0, 0, 0]
        var: [0.013181659393, 0.0410292334855, 0.00367098813877, 0.0108521580696, 0.0116980019957, 0.0112642152235]
    beats_position: [0.626938760281, 1.26548755169, 1.91564619541, 2.56580495834, 3.21596360207, 3.86612248421, 4.51628112793, 5.16644001007, 5.80498838425, 6.44353723526, 7.08208608627, 7.70902490616, 8.33596324921, 8.96290206909, 9.58984088898, 10.2051696777, 10.8204984665, 11.4358272552, 12.0627660751, 12.7013149261, 13.328253746, 13.9551925659, 14.5821313858, 15.2090702057, 15.8360090256, 16.4629478455, 17.0898857117, 17.7168254852, 18.3437633514, 18.9590930939, 19.574420929, 20.2013607025, 20.8282985687, 21.4552383423, 22.0705661774, 22.6858959198, 23.312833786, 23.9397735596, 24.5667114258, 25.1936511993, 25.8205890656, 26.435918808, 27.0512466431, 27.6781845093, 28.316734314, 28.9552822113, 29.593832016, 30.2207698822, 30.8360996246, 31.4630374908, 32.0899772644, 32.7053070068, 33.3206329346, 33.9475746155, 34.5745124817, 35.2014503479, 35.8283882141, 36.455329895, 37.0822677612, 37.7092056274, 38.3361434937, 38.9630813599, 39.5900230408, 40.2053489685, 40.8206787109, 41.4476165771, 42.0745582581, 42.7014961243, 43.3284339905, 43.9553718567, 44.5823135376, 45.2092514038, 45.83618927, 46.4515190125, 47.0668487549, 47.6937866211, 48.3207244873, 48.9476623535, 49.5746040344, 50.2015419006, 50.8284797668, 51.4554176331, 52.0823554993, 52.7092971802, 53.3362350464, 53.9631729126, 54.5901107788, 55.2170524597, 55.8439903259, 56.4593200684, 57.0746459961, 57.701587677, 58.3285255432, 58.9554634094, 59.5824012756, 60.2093429565, 60.8362808228, 61.463218689, 62.0901565552, 62.7170982361, 63.3324241638, 63.9477539063, 64.5746917725, 65.2016296387, 65.8285675049, 66.4555053711, 67.0708389282, 67.6977767944, 68.3247146606, 68.9400405884, 69.566986084, 70.1939239502, 70.8092498779, 71.4361877441, 72.0631256104, 72.701675415, 73.3286132813, 73.9555511475, 74.5824966431, 75.2094345093, 75.8363723755, 76.4633102417, 77.0902481079, 77.7055740356, 78.3209075928, 78.947845459, 79.5747833252, 80.1901092529, 80.8054428101, 81.4439926147, 82.08253479, 82.7094802856, 83.3364181519, 83.9401321411, 84.5670700073, 85.1940155029, 85.8209533691, 86.4478912354, 87.0748291016, 87.7017669678, 88.328704834, 88.9556427002, 89.5709762573, 90.1863021851, 90.8132400513, 91.4401779175, 92.0671157837, 92.6940536499, 93.3209991455, 93.9479370117, 94.5748748779, 95.2018127441, 95.8171386719, 96.432472229, 97.0594100952, 97.6863479614, 98.3132858276, 98.9402236938, 99.5671615601, 100.194099426, 100.821044922, 101.447982788, 102.074920654, 102.701858521, 103.328796387, 103.955734253, 104.582672119, 105.209609985, 105.824943542, 106.44026947, 107.067207336, 107.705757141, 108.332695007, 108.948028564, 109.574966431, 110.201904297, 110.828842163, 111.444168091, 112.059501648, 112.686439514, 113.31337738, 113.940315247, 114.567253113, 115.194190979, 115.821128845, 116.448066711, 117.075012207, 117.701950073, 118.328887939, 118.955825806, 119.582763672, 120.209701538, 120.836639404, 121.463577271, 122.090522766, 122.717460632, 123.33278656, 123.948112488, 124.575057983, 125.190383911, 125.79410553, 126.421043396, 127.047981262, 127.674919128, 128.313461304, 128.94039917, 129.567337036, 130.194290161, 130.821228027, 131.448165894, 132.07510376, 132.702041626, 133.328979492, 133.955917358, 134.582855225, 135.209793091, 135.674194336, 136.138595581, 136.614593506, 137.090606689, 137.578231812, 138.065841675, 138.565078735, 139.064300537, 139.563537598, 140.039550781, 140.515548706, 140.99156189, 141.479187012, 141.966796875, 142.454421997, 142.930435181, 143.406433105, 143.882446289, 144.358459473, 144.834457397, 145.310470581, 145.774871826, 146.239273071, 146.703674316, 147.179672241, 147.667297363, 148.143310547, 148.607711792, 149.072113037, 149.536499023, 150.000900269, 150.465301514, 150.929702759, 151.394104004, 151.858505249, 152.322906494, 152.78729248, 153.251693726, 153.727706909, 154.192108154, 154.807434082, 155.434371948, 156.061309814, 156.688247681, 157.315185547, 157.942123413, 158.569061279, 159.184402466, 159.799728394, 160.42666626, 161.053604126, 161.680541992, 162.307479858, 162.934417725, 163.561355591, 164.188293457, 164.815231323, 165.442169189, 166.069107056, 166.696044922, 167.322982788, 167.938323975, 168.553649902, 169.16897583, 169.784301758, 170.411239624, 171.03817749, 171.665115356, 172.303665161, 172.930603027, 173.557540894, 174.17288208, 174.799819946, 175.426757813, 176.053695679, 176.680633545, 177.307571411, 177.934509277, 178.561447144, 179.18838501, 179.815322876, 180.442260742, 181.080810547, 181.754196167, 182.41595459, 183.077728271, 183.739501953, 184.389663696, 185.039810181, 185.689971924, 186.340133667, 186.967071533, 187.594009399, 188.220947266, 188.847885132, 189.486434937, 190.124984741, 190.751922607, 191.390472412, 192.029022217, 192.67918396, 193.340942383, 194.002716064, 194.664489746, 195.326248169, 195.988021851, 196.649795532, 197.311553955, 197.973327637, 198.635101318, 199.296859741, 199.958633423, 200.620407104, 201.282180786, 201.943939209, 202.594100952, 203.244262695, 203.894424438, 204.544570923, 205.194732666, 205.844894409, 206.483444214, 207.121994019, 207.760543823, 208.399093628, 209.037643433, 209.641357422, 210.245071411, 210.860397339, 211.452514648, 212.044616699, 212.636734009, 213.22883606, 213.820953369]
    bpm_estimates: [93.9630661011, 92.2851715088, 92.2851486206, 92.2851715088, 92.2851333618, 92.2851715088, 92.2851333618, 93.9631271362, 93.9630508423, 93.9630508423, 95.7031173706, 95.7031936646, 95.7031173706, 95.7031173706, 97.5088424683, 97.5088424683, 97.5088424683, 95.7031173706, 93.9630508423, 95.7031173706, 95.7031173706, 95.7031173706, 95.7031173706, 95.7031173706, 95.7031173706, 95.7032623291, 95.7029724121, 95.7032623291, 97.5086975098, 97.5089950562, 95.7029724121, 95.7032623291, 95.7029724121, 97.5089950562, 97.5086975098, 95.7032623291, 95.7029724121, 95.7032623291, 95.7029724121, 95.7032623291, 97.5086975098, 97.5089950562, 95.7032623291, 93.9629135132, 93.9631958008, 93.9629135132, 95.7032623291, 97.5086975098, 95.7032623291, 95.7029724121, 97.5086975098, 97.5093002319, 95.7026824951, 95.7032623291, 95.7032623291, 95.7032623291, 95.7026824951, 95.7032623291, 95.7032623291, 95.7032623291, 95.7032623291, 95.7026824951, 97.5093002319, 97.5086975098, 95.7032623291, 95.7026824951, 95.7032623291, 95.7032623291, 95.7032623291, 95.7026824951, 95.7032623291, 95.7032623291, 97.5086975098, 97.5086975098, 95.7032623291, 95.7032623291, 95.7032623291, 95.7026824951, 95.7032623291, 95.7032623291, 95.7032623291, 95.7032623291, 95.7026824951, 95.7032623291, 95.7032623291, 95.7032623291, 95.7026824951, 95.7032623291, 97.5086975098, 97.5093002319, 95.7026824951, 95.7032623291, 95.7032623291, 95.7032623291, 95.7026824951, 95.7032623291, 95.7032623291, 95.7032623291, 95.7026824951, 97.5093002319, 97.5086975098, 95.7032623291, 95.7032623291, 95.7032623291, 95.7032623291, 97.5080871582, 95.7032623291, 95.7032623291, 97.5093002319, 95.7021026611, 95.7032623291, 97.5093002319, 95.7032623291, 95.7032623291, 93.9629135132, 95.7032623291, 95.7032623291, 95.7021026611, 95.7032623291, 95.7032623291, 95.7032623291, 95.7032623291, 97.5093002319, 97.5080871582, 95.7032623291, 95.7032623291, 97.5093002319, 97.5080871582, 93.9629135132, 93.9640350342, 95.7021026611, 95.7032623291, 99.3848114014, 95.7032623291, 95.7021026611, 95.7032623291, 95.7032623291, 95.7032623291, 95.7032623291, 95.7032623291, 95.7032623291, 97.5080871582, 97.5093002319, 95.7032623291, 95.7032623291, 95.7032623291, 95.7032623291, 95.7021026611, 95.7032623291, 95.7032623291, 95.7032623291, 97.5093002319, 97.5080871582, 95.7032623291, 95.7032623291, 95.7032623291, 95.7032623291, 95.7032623291, 95.7032623291, 95.7021026611, 95.7032623291, 95.7032623291, 95.7032623291, 95.7032623291, 95.7032623291, 95.7032623291, 95.7032623291, 97.5080871582, 97.5093002319, 95.7032623291, 93.9629135132, 95.7032623291, 97.5080871582, 95.7032623291, 95.7032623291, 95.7032623291, 97.5093002319, 97.5080871582, 95.7032623291, 95.7032623291, 95.7032623291, 95.7032623291, 95.7032623291, 95.7032623291, 95.7032623291, 95.7021026611, 95.7032623291, 95.7032623291, 95.7032623291, 95.7032623291, 95.7032623291, 95.7032623291, 95.7032623291, 95.7021026611, 95.7032623291, 97.5093002319, 97.5093002319, 95.7021026611, 97.5093002319, 99.3835525513, 95.7032623291, 95.7032623291, 95.7032623291, 93.9640350342, 95.7032623291, 95.7032623291, 95.7009353638, 95.7032623291, 95.7032623291, 95.7032623291, 95.7032623291, 95.7032623291, 95.7032623291, 95.7032623291, 95.7032623291, 97.5093002319, 95.7032623291, 95.7032623291, 95.7032623291, 95.7032623291, 95.7032623291, 95.7032623291, 97.5068817139, 97.5093002319, 95.7032623291, 95.7032623291, 95.7032623291, 95.7032623291, 95.7032623291, 95.7032623291, 95.7032623291, 95.7032623291, 95.7032623291, 95.7032623291, 95.7032623291, 95.7032623291, 97.5068817139, 97.5093002319, 97.5093002319, 97.5093002319, 95.7032623291, 95.7032623291, 95.7032623291, 93.9629135132, 95.7032623291, 95.7032623291, 97.5068817139, 95.7032623291, 95.7032623291, 95.7032623291, 95.7032623291, 95.7032623291, 95.7032623291, 95.7032623291, 95.7032623291, 95.7032623291, 95.7032623291, 93.9629135132, 92.2847290039, 92.286895752, 92.2847290039, 92.2847290039, 95.7032623291, 95.7032623291, 95.7032623291, 95.7032623291, 93.9629135132, 93.9629135132, 95.7032623291, 93.9629135132, 93.9629135132, 92.2847290039, 92.2847290039, 92.2847290039, 92.2847290039, 92.286895752, 92.2847290039, 92.2847290039, 93.9629135132, 93.9629135132, 93.9629135132, 93.9629135132, 93.9629135132, 99.3848114014, 99.3848114014, 97.5093002319]
