
metadata:
    version:
        essentia: "2.1-beta2"
    audio_properties:
        analysis_sample_rate: 44100
        bitrate: 320
        channels: 2
        equal_loudness: 1
        length: 280.555114746
        replay_gain: -13.1259822845
        downmix: "mix"
    tags:
        album: "Greatest Hits - Hymns To The Rising Sun"
        artist: "Amon Amarth"
        comment: ""
        date: "2010"
        genre: "Melodic Death Metal"
        title: "Hermod's Ride To Hel"
        tracknumber: "07"

configuration:
    average_loudness:
        compute: 1
        frameSize: 88200
        hopSize: 44100
        silentFrames: "noise"
        windowType: "hann"
    general:
        analysisSampleRate: 44100
        endTime: 2000
        equalLoudness: 1
        nequalLoudness: 0
        shortSound: 0
        startTime: 0
    lowlevel:
        compute: 1
        frameSize: 2048
        hopSize: 1024
        zeroPadding: 0
        silentFrames: "noise"
        windowType: "blackmanharris62"
        mfccStats: ["mean", "cov", "icov"]
        stats: ["mean", "var", "median", "min", "max", "dmean", "dmean2", "dvar", "dvar2"]
    panning:
        compute: 0
        frameSize: 8192
        hopSize: 2048
        zeroPadding: 8192
        silentFrames: "noise"
        windowType: "hann"
        stats: ["copy"]
    rhythm:
        compute: 1
        maxTempo: 208
        minTempo: 40
        method: "degara"
        stats: ["mean", "var", "median", "min", "max", "dmean", "dmean2", "dvar", "dvar2"]
    segmentation:
        compute: 0
        cpw: 5
        inc1: 300
        inc2: 50
        minimumSegmentsLength: 10
        size1: 1000
        size2: 600
    sfx:
        compute: 1
        stats: ["mean", "var", "median", "min", "max", "dmean", "dmean2", "dvar", "dvar2"]
    svm:
        compute: 0
    tonal:
        compute: 1
        frameSize: 4096
        hopSize: 2048
        zeroPadding: 0
        silentFrames: "noise"
        windowType: "blackmanharris62"
        stats: ["mean", "var", "median", "min", "max", "dmean", "dmean2", "dvar", "dvar2"]

lowlevel:
    average_loudness: 0.960896372795
    barkbands_kurtosis:
        dmean: 0.707910656929
        dmean2: 1.16033816338
        dvar: 1.36872589588
        dvar2: 3.33196043968
        max: 53.5183067322
        mean: -0.49449172616
        median: -0.876415967941
        min: -1.87582826614
        var: 4.23790645599
    barkbands_skewness:
        dmean: 0.341650515795
        dmean2: 0.546953618526
        dvar: 0.0878933444619
        dvar2: 0.215490475297
        max: 6.60071372986
        mean: -0.498252332211
        median: -0.655224740505
        min: -1.96017706394
        var: 0.624457716942
    barkbands_spread:
        dmean: 6.76476335526
        dmean2: 11.0026865005
        dvar: 32.4216270447
        dvar2: 85.563835144
        max: 70.2642440796
        mean: 35.4447441101
        median: 34.9535369873
        min: 2.6933465004
        var: 105.574790955
    dissonance:
        dmean: 0.00674598291516
        dmean2: 0.0115961274132
        dvar: 4.45247933385e-005
        dvar2: 0.000121674216643
        max: 0.500000059605
        mean: 0.489069998264
        median: 0.490621179342
        min: 0.274610936642
        var: 6.01918654866e-005
    hfc:
        dmean: 2.80152797699
        dmean2: 4.52845907211
        dvar: 9.70841503143
        dvar2: 25.585565567
        max: 45.1504898071
        mean: 12.7276630402
        median: 13.3020906448
        min: 1.217037188e-016
        var: 37.7999916077
    pitch:
        dmean: 850.761962891
        dmean2: 1621.37976074
        dvar: 1546560.625
        dvar2: 3765811.25
        max: 4572.20068359
        mean: 2282.84204102
        median: 3314.26806641
        min: 64.6116333008
        var: 2231689
    pitch_instantaneous_confidence:
        dmean: 0.0776811763644
        dmean2: 0.13057141006
        dvar: 0.00382829224691
        dvar2: 0.0105248633772
        max: 0.785443246365
        mean: 0.350564718246
        median: 0.347863078117
        min: 0.110825657845
        var: 0.00987273547798
    pitch_salience:
        dmean: 0.0474404208362
        dmean2: 0.0784373730421
        dvar: 0.00175065023359
        dvar2: 0.00440095411614
        max: 0.863426148891
        mean: 0.704506933689
        median: 0.721628069878
        min: 0.119489595294
        var: 0.00713298516348
    silence_rate_20dB:
        dmean: 0
        dmean2: 0
        dvar: 0
        dvar2: 0
        max: 1
        mean: 1
        median: 1
        min: 1
        var: 0
    silence_rate_30dB:
        dmean: 0
        dmean2: 0
        dvar: 0
        dvar2: 0
        max: 1
        mean: 1
        median: 1
        min: 1
        var: 0
    silence_rate_60dB:
        dmean: 0.0425391048193
        dmean2: 0.0850852504373
        dvar: 0.0407243408263
        dvar2: 0.0899413302541
        max: 1
        mean: 0.149288311601
        median: 0
        min: 0
        var: 0.127028852701
    spectral_centroid:
        dmean: 229.252548218
        dmean2: 371.348052979
        dvar: 49418.4882813
        dvar2: 105644.757813
        max: 11122.9677734
        mean: 2077.48046875
        median: 2181.578125
        min: 144.690002441
        var: 259666.390625
    spectral_complexity:
        dmean: 4.29959440231
        dmean2: 6.69905662537
        dvar: 16.4664535522
        dvar2: 35.9371109009
        max: 54
        mean: 24.0739822388
        median: 26
        min: 0
        var: 106.502380371
    spectral_crest:
        dmean: 1.68126773834
        dmean2: 2.8383808136
        dvar: 1.99556303024
        dvar2: 5.33086872101
        max: 22.729511261
        mean: 6.3868727684
        median: 5.97216176987
        min: 2.32649707794
        var: 5.64599227905
    spectral_decrease:
        dmean: 2.70845568195e-010
        dmean2: 4.36992997344e-010
        dvar: 1.0200664652e-019
        dvar2: 2.62903434473e-019
        max: 3.80030936455e-029
        mean: -1.27191468469e-009
        median: -1.31891697563e-009
        min: -4.17060341817e-009
        var: 2.78638968814e-019
    spectral_energy:
        dmean: 0.00123580463696
        dmean2: 0.00199038232677
        dvar: 2.10104713005e-006
        dvar2: 5.41704139323e-006
        max: 0.0192721895874
        mean: 0.00595494452864
        median: 0.00620745448396
        min: 1.09045232981e-020
        var: 6.19987213213e-006
    spectral_energyband_high:
        dmean: 0.000200416907319
        dmean2: 0.00034252012847
        dvar: 7.27543465473e-008
        dvar2: 2.0076701901e-007
        max: 0.00460699573159
        mean: 0.0005721290363
        median: 0.000531250494532
        min: 7.57445086388e-021
        var: 1.28954368961e-007
    spectral_energyband_low:
        dmean: 0.000421374832513
        dmean2: 0.000707254337613
        dvar: 2.25335469395e-007
        dvar2: 5.95140306814e-007
        max: 0.0056817480363
        mean: 0.000631995324511
        median: 0.000468288606498
        min: 8.73248133043e-023
        var: 3.21616568044e-007
    spectral_energyband_middle_high:
        dmean: 0.000812096637674
        dmean2: 0.00129037373699
        dvar: 6.57025395867e-007
        dvar2: 1.67028906617e-006
        max: 0.0107220411301
        mean: 0.00366223184392
        median: 0.0038419761695
        min: 1.24177803546e-021
        var: 3.23046720041e-006
    spectral_energyband_middle_low:
        dmean: 0.00049833743833
        dmean2: 0.000837494502775
        dvar: 4.35828326317e-007
        dvar2: 1.18306854802e-006
        max: 0.0084450095892
        mean: 0.00130135787185
        median: 0.00117236212827
        min: 3.38144760017e-022
        var: 6.64384742777e-007
    spectral_flatness_db:
        dmean: 0.0112194633111
        dmean2: 0.0182372331619
        dvar: 9.84331345535e-005
        dvar2: 0.000242325942963
        max: 0.317877709866
        mean: 0.12759655714
        median: 0.119543865323
        min: 0.0531210452318
        var: 0.000984568381682
    spectral_flux:
        dmean: 0.00632779067382
        dmean2: 0.00934005063027
        dvar: 4.25566795457e-005
        dvar2: 8.09811026556e-005
        max: 0.0973418578506
        mean: 0.0471906773746
        median: 0.0492598302662
        min: 1.04659704514e-010
        var: 0.000185146986041
    spectral_kurtosis:
        dmean: 0.923874378204
        dmean2: 1.57945752144
        dvar: 0.905958175659
        dvar2: 2.71328759193
        max: 24.0893783569
        mean: 3.3677380085
        median: 3.16305589676
        min: -1.23022866249
        var: 2.77733635902
    spectral_rms:
        dmean: 0.000241914996877
        dmean2: 0.000382508616894
        dvar: 6.42863682287e-008
        dvar2: 1.56839931265e-007
        max: 0.00433614291251
        mean: 0.00233875354752
        median: 0.00246090488508
        min: 3.26168042228e-012
        var: 3.39912901381e-007
    spectral_rolloff:
        dmean: 211.586532593
        dmean2: 350.865447998
        dvar: 96927.6328125
        dvar2: 169847.6875
        max: 19444.4824219
        mean: 3529.63061523
        median: 3596.04492188
        min: 107.666015625
        var: 405281.84375
    spectral_skewness:
        dmean: 0.146752893925
        dmean2: 0.240793347359
        dvar: 0.0177077353001
        dvar2: 0.0457606241107
        max: 3.96917033195
        mean: 1.22293043137
        median: 1.16968870163
        min: -0.0384629890323
        var: 0.13674248755
    spectral_spread:
        dmean: 438685.28125
        dmean2: 679975.3125
        dvar: 286074765312
        dvar2: 510949982208
        max: 41455508
        mean: 4555124.5
        median: 4491652
        min: 1918792.75
        var: 2.25008392602e+012
    spectral_strongpeak:
        dmean: 0.742093682289
        dmean2: 1.3145403862
        dvar: 0.863205850124
        dvar2: 2.30642843246
        max: 6.06047058105
        mean: 0.781646549702
        median: 0.226780176163
        min: 0
        var: 1.01738381386
    zerocrossingrate:
        dmean: 0.00601418782026
        dmean2: 0.00758872786537
        dvar: 3.97093208448e-005
        dvar2: 4.42355922132e-005
        max: 0.51806640625
        mean: 0.11403811723
        median: 0.11865234375
        min: 0.0068359375
        var: 0.000455748173408
    barkbands:
        dmean: [1.28463602778e-006, 0.00018143770285, 0.000219325418584, 0.00023286321084, 0.000263025431195, 0.000115896044008, 7.24334167899e-005, 4.57435962744e-005, 7.88895558799e-005, 8.53037490742e-005, 7.47445374145e-005, 9.16298231459e-005, 8.42991212266e-005, 0.000101346129668, 0.000107901367301, 0.000144625882967, 0.000228352786507, 0.000180356350029, 0.000430494139437, 0.000195196567802, 0.000102636724478, 4.0926366637e-005, 6.63956052449e-006, 3.20226672557e-006, 1.62450271546e-006, 6.43880042617e-008, 5.80026193742e-010]
        dmean2: [1.75879677045e-006, 0.00032451885636, 0.000378482800443, 0.000392928748624, 0.000443259341409, 0.000195138607523, 0.000124044861877, 7.54398133722e-005, 0.000128568703076, 0.000140726420796, 0.000124706188217, 0.000148805920617, 0.00013860220497, 0.000170044062543, 0.000181181545486, 0.000241170477238, 0.000382320664357, 0.000300281331874, 0.000713971094228, 0.000335321965395, 0.000175506444066, 6.96297574905e-005, 1.1727819583e-005, 5.47662239114e-006, 2.65717380898e-006, 1.02020692339e-007, 9.38563005093e-010]
        dvar: [1.41096878105e-012, 5.82978181285e-008, 7.74131052594e-008, 8.58965094608e-008, 1.62934298942e-007, 2.32702745961e-008, 1.18264917859e-008, 6.22214280099e-009, 1.31757706967e-008, 2.58966625921e-008, 2.74191389593e-008, 2.05387120644e-008, 2.18256523965e-008, 2.71916178463e-008, 2.59561598881e-008, 2.69949627096e-008, 5.87161785859e-008, 3.25857598682e-008, 1.87472608104e-007, 6.04342389465e-008, 1.51555727967e-008, 2.4678115107e-009, 1.01325448032e-010, 2.76102907898e-011, 1.36242683801e-011, 1.77985440785e-014, 6.95791812742e-019]
        dvar2: [2.42220089472e-012, 1.52998282488e-007, 2.11739163092e-007, 2.23702130597e-007, 4.44565813496e-007, 6.41534967372e-008, 3.28256533066e-008, 1.62909454815e-008, 3.33407399467e-008, 6.85005687728e-008, 7.1587166417e-008, 5.33279163051e-008, 5.69555744789e-008, 7.11773537887e-008, 6.81343337305e-008, 7.25825017867e-008, 1.62380473512e-007, 9.04154120462e-008, 5.30885643002e-007, 1.71600134991e-007, 4.19424743825e-008, 6.77678446692e-009, 2.75249184556e-010, 6.36695349221e-011, 2.79551295307e-011, 3.79954721115e-014, 1.63558215725e-018]
        max: [8.09704579297e-006, 0.00159077998251, 0.003348573111, 0.00458909291774, 0.00529375905171, 0.00261202617548, 0.00196813722141, 0.00146465748549, 0.00230003381148, 0.00441144453362, 0.00327016622759, 0.00288960430771, 0.00272783730179, 0.00281130592339, 0.00315669598058, 0.00373876327649, 0.00304942624643, 0.00241685844958, 0.00579570233822, 0.00431591691449, 0.00153473275714, 0.00074674008647, 0.000150216990733, 0.000122162309708, 0.000102740334114, 5.07753793499e-006, 2.80342860037e-008]
        mean: [1.83138251941e-006, 0.00016233396309, 0.000287110946374, 0.000326915382175, 0.000429148582043, 0.000195167827769, 0.000106218358269, 6.92272296874e-005, 0.000139843526995, 0.000142735298141, 0.000117104616947, 0.000159691699082, 0.000151706291945, 0.000184329386684, 0.000220582922339, 0.000314290082315, 0.000525263661984, 0.000445944839157, 0.00113981985487, 0.000452141102869, 0.000258292508079, 0.000103582890006, 1.19198475659e-005, 6.1678711063e-006, 3.41835175277e-006, 1.48782746123e-007, 1.29324972953e-009]
        median: [1.27848988996e-006, 7.25665886421e-005, 0.000186670891708, 0.000197207133169, 0.000313826138154, 0.000138196424814, 6.86451676302e-005, 3.86027240893e-005, 9.13562398637e-005, 7.53260828787e-005, 5.11690450367e-005, 9.84196885838e-005, 8.69104696903e-005, 0.000115999864647, 0.000161562027643, 0.000267942756182, 0.000469359161798, 0.000410345179262, 0.00108989106957, 0.000412086665165, 0.000239140965277, 9.34280396905e-005, 8.99454971659e-006, 4.66813435196e-006, 2.5430081223e-006, 7.92192480503e-008, 6.70541511205e-010]
        min: [1.81076015709e-023, 6.22581332631e-023, 1.29035232556e-023, 3.86105958465e-024, 7.64116673653e-023, 2.69584599998e-023, 2.22281076465e-023, 3.52170574384e-023, 5.15867921241e-023, 8.17391669135e-023, 2.63255947609e-023, 7.18820280475e-023, 8.4352353859e-023, 9.23455532454e-023, 9.74156632575e-023, 1.00873127009e-022, 1.1921886991e-022, 1.44501647352e-022, 2.11803826663e-022, 3.17972968204e-022, 4.42336549124e-022, 5.26090959039e-022, 4.64053776249e-022, 8.77521297903e-022, 1.04451343277e-021, 1.45505048131e-021, 2.37496882458e-021]
        var: [2.85836133408e-012, 4.60468250196e-008, 1.00636114553e-007, 1.6379402723e-007, 1.86799965718e-007, 3.75295563515e-008, 1.45432847987e-008, 9.4896348557e-009, 2.60869832402e-008, 4.99838961332e-008, 4.71742254149e-008, 3.94575856433e-008, 4.32113935744e-008, 4.99655499198e-008, 5.70509648412e-008, 5.89705102527e-008, 1.28195452476e-007, 7.76252448986e-008, 5.45188584056e-007, 1.00319901719e-007, 2.64838782016e-008, 4.95385688026e-009, 1.4645647195e-010, 5.97039848116e-011, 3.16939634259e-011, 4.89334897743e-014, 2.5671788125e-018]
    frequency_bands:
        dmean: [1.28463602778e-006, 0.00018143770285, 0.000219325418584, 0.00023286321084, 0.000263025431195, 0.000115896044008, 7.24334167899e-005, 4.57435962744e-005, 7.88895558799e-005, 8.53037490742e-005, 7.47445374145e-005, 9.16298231459e-005, 8.42991212266e-005, 0.000101346129668, 0.000107901367301, 0.000144625882967, 0.000228352786507, 0.000180356350029, 0.000430494139437, 0.000195196567802, 0.000102636724478, 4.0926366637e-005, 6.63956052449e-006, 3.20226672557e-006, 1.62450271546e-006, 6.43880042617e-008, 5.80026193742e-010, 6.87574927549e-011]
        dmean2: [1.75879677045e-006, 0.00032451885636, 0.000378482800443, 0.000392928748624, 0.000443259341409, 0.000195138607523, 0.000124044861877, 7.54398133722e-005, 0.000128568703076, 0.000140726420796, 0.000124706188217, 0.000148805920617, 0.00013860220497, 0.000170044062543, 0.000181181545486, 0.000241170477238, 0.000382320664357, 0.000300281331874, 0.000713971094228, 0.000335321965395, 0.000175506444066, 6.96297574905e-005, 1.1727819583e-005, 5.47662239114e-006, 2.65717380898e-006, 1.02020692339e-007, 9.38563005093e-010, 1.27636193281e-010]
        dvar: [1.41096878105e-012, 5.82978181285e-008, 7.74131052594e-008, 8.58965094608e-008, 1.62934298942e-007, 2.32702745961e-008, 1.18264917859e-008, 6.22214280099e-009, 1.31757706967e-008, 2.58966625921e-008, 2.74191389593e-008, 2.05387120644e-008, 2.18256523965e-008, 2.71916178463e-008, 2.59561598881e-008, 2.69949627096e-008, 5.87161785859e-008, 3.25857598682e-008, 1.87472608104e-007, 6.04342389465e-008, 1.51555727967e-008, 2.4678115107e-009, 1.01325448032e-010, 2.76102907898e-011, 1.36242683801e-011, 1.77985440785e-014, 6.95791812742e-019, 9.14469250589e-021]
        dvar2: [2.42220089472e-012, 1.52998282488e-007, 2.11739163092e-007, 2.23702130597e-007, 4.44565813496e-007, 6.41534967372e-008, 3.28256533066e-008, 1.62909454815e-008, 3.33407399467e-008, 6.85005687728e-008, 7.1587166417e-008, 5.33279163051e-008, 5.69555744789e-008, 7.11773537887e-008, 6.81343337305e-008, 7.25825017867e-008, 1.62380473512e-007, 9.04154120462e-008, 5.30885643002e-007, 1.71600134991e-007, 4.19424743825e-008, 6.77678446692e-009, 2.75249184556e-010, 6.36695349221e-011, 2.79551295307e-011, 3.79954721115e-014, 1.63558215725e-018, 2.9041723233e-020]
        max: [8.09704579297e-006, 0.00159077998251, 0.003348573111, 0.00458909291774, 0.00529375905171, 0.00261202617548, 0.00196813722141, 0.00146465748549, 0.00230003381148, 0.00441144453362, 0.00327016622759, 0.00288960430771, 0.00272783730179, 0.00281130592339, 0.00315669598058, 0.00373876327649, 0.00304942624643, 0.00241685844958, 0.00579570233822, 0.00431591691449, 0.00153473275714, 0.00074674008647, 0.000150216990733, 0.000122162309708, 0.000102740334114, 5.07753793499e-006, 2.80342860037e-008, 1.26084831464e-009]
        mean: [1.83138251941e-006, 0.00016233396309, 0.000287110946374, 0.000326915382175, 0.000429148582043, 0.000195167827769, 0.000106218358269, 6.92272296874e-005, 0.000139843526995, 0.000142735298141, 0.000117104616947, 0.000159691699082, 0.000151706291945, 0.000184329386684, 0.000220582922339, 0.000314290082315, 0.000525263661984, 0.000445944839157, 0.00113981985487, 0.000452141102869, 0.000258292508079, 0.000103582890006, 1.19198475659e-005, 6.1678711063e-006, 3.41835175277e-006, 1.48782746123e-007, 1.29324972953e-009, 5.37515761068e-011]
        median: [1.27848988996e-006, 7.25665886421e-005, 0.000186670891708, 0.000197207133169, 0.000313826138154, 0.000138196424814, 6.86451676302e-005, 3.86027240893e-005, 9.13562398637e-005, 7.53260828787e-005, 5.11690450367e-005, 9.84196885838e-005, 8.69104696903e-005, 0.000115999864647, 0.000161562027643, 0.000267942756182, 0.000469359161798, 0.000410345179262, 0.00108989106957, 0.000412086665165, 0.000239140965277, 9.34280396905e-005, 8.99454971659e-006, 4.66813435196e-006, 2.5430081223e-006, 7.92192480503e-008, 6.70541511205e-010, 2.1673263878e-011]
        min: [1.81076015709e-023, 6.22581332631e-023, 1.29035232556e-023, 3.86105958465e-024, 7.64116673653e-023, 2.69584599998e-023, 2.22281076465e-023, 3.52170574384e-023, 5.15867921241e-023, 8.17391669135e-023, 2.63255947609e-023, 7.18820280475e-023, 8.4352353859e-023, 9.23455532454e-023, 9.74156632575e-023, 1.00873127009e-022, 1.1921886991e-022, 1.44501647352e-022, 2.11803826663e-022, 3.17972968204e-022, 4.42336549124e-022, 5.26090959039e-022, 4.64053776249e-022, 8.77521297903e-022, 1.04451343277e-021, 1.45505048131e-021, 2.37496882458e-021, 9.33858537823e-022]
        var: [2.85836133408e-012, 4.60468250196e-008, 1.00636114553e-007, 1.6379402723e-007, 1.86799965718e-007, 3.75295563515e-008, 1.45432847987e-008, 9.4896348557e-009, 2.60869832402e-008, 4.99838961332e-008, 4.71742254149e-008, 3.94575856433e-008, 4.32113935744e-008, 4.99655499198e-008, 5.70509648412e-008, 5.89705102527e-008, 1.28195452476e-007, 7.76252448986e-008, 5.45188584056e-007, 1.00319901719e-007, 2.64838782016e-008, 4.95385688026e-009, 1.4645647195e-010, 5.97039848116e-011, 3.16939634259e-011, 4.89334897743e-014, 2.5671788125e-018, 7.23807269791e-021]
    mfcc:
        mean: [-677.671936035, 91.8235549927, -56.2877616882, 59.8690452576, -7.84277391434, 2.58628749847, 4.67192840576, -2.64131855965, 0.0563156940043, -8.30155944824, -3.40197610855, -8.32427883148, -6.27298545837]
        cov: [[4319.37988281, 182.853881836, -256.255096436, 172.330688477, -84.1878814697, -31.8152599335, -28.1352539063, 0.118330150843, -52.2977104187, 6.42591094971, -30.5967216492, -44.567653656, -13.9208068848], [182.853881836, 434.083099365, -272.50769043, 118.143661499, -79.8371582031, -16.9799957275, -2.1188352108, -23.3741798401, 17.1124401093, -42.2141571045, 10.3110370636, -11.1037473679, -19.638835907], [-256.255096436, -272.50769043, 542.96472168, -92.4247589111, 158.677612305, 65.7238082886, 34.4768600464, 48.1256790161, 2.97217774391, 63.394744873, -5.64789056778, 21.4529495239, 27.6202697754], [172.330688477, 118.143661499, -92.4247589111, 271.180053711, 4.15826940536, 9.40354347229, -19.1993541718, -8.13448047638, 4.77245235443, -10.2696580887, -2.60608291626, -7.34750938416, -2.60491895676], [-84.1878814697, -79.8371582031, 158.677612305, 4.15826940536, 145.221817017, 55.41822052, 10.6499156952, -5.12966918945, -1.69426500797, 30.7004108429, 9.75603675842, 5.80244779587, 12.8328800201], [-31.8152599335, -16.9799957275, 65.7238082886, 9.40354347229, 55.41822052, 78.0079269409, 33.1963424683, 14.1098079681, -1.65711820126, 17.8411617279, 8.94302082062, 12.5574274063, 7.99072217941], [-28.1352539063, -2.1188352108, 34.4768600464, -19.1993541718, 10.6499156952, 33.1963424683, 75.7057418823, 41.5348129272, 8.92302036285, -1.98802602291, 2.83644914627, 11.6935739517, 8.62813091278], [0.118330150843, -23.3741798401, 48.1256790161, -8.13448047638, -5.12966918945, 14.1098079681, 41.5348129272, 71.7996673584, 26.8613758087, 11.5820169449, -0.827456712723, 10.3293361664, 9.51512336731], [-52.2977104187, 17.1124401093, 2.97217774391, 4.77245235443, -1.69426500797, -1.65711820126, 8.92302036285, 26.8613758087, 50.9912490845, 20.5771980286, 7.94079875946, 0.918160796165, 1.08504319191], [6.42591094971, -42.2141571045, 63.394744873, -10.2696580887, 30.7004108429, 17.8411617279, -1.98802602291, 11.5820169449, 20.5771980286, 58.1400108337, 21.8402862549, 9.6335401535, 4.04659366608], [-30.5967216492, 10.3110370636, -5.64789056778, -2.60608291626, 9.75603675842, 8.94302082062, 2.83644914627, -0.827456712723, 7.94079875946, 21.8402862549, 44.7963218689, 21.8118839264, 8.2338552475], [-44.567653656, -11.1037473679, 21.4529495239, -7.34750938416, 5.80244779587, 12.5574274063, 11.6935739517, 10.3293361664, 0.918160796165, 9.6335401535, 21.8118839264, 43.1487731934, 20.8691997528], [-13.9208068848, -19.638835907, 27.6202697754, -2.60491895676, 12.8328800201, 7.99072217941, 8.62813091278, 9.51512336731, 1.08504319191, 4.04659366608, 8.2338552475, 20.8691997528, 41.0275192261]]
        icov: [[0.000263308727881, -9.93097928585e-005, 0.00012888389756, -0.000124479993246, 2.31518952205e-005, 0.000144480960444, -1.54815279529e-005, -0.000327528367052, 0.000702939752955, -0.00063375744503, 0.000253185833571, 0.000271662895102, -0.000154109598952], [-9.93097928585e-005, 0.00410593068227, 0.00124994281214, -0.0011487576412, 0.000913610507268, -0.00115162809379, -0.00104421807919, 0.00182628713083, -0.00300215766765, 0.00252177775837, -0.00172010576352, 0.000154809138621, 0.000849007046781], [0.00012888389756, 0.00124994281214, 0.00430535245687, 0.000687760999426, -0.00369854830205, 0.000207891367609, 1.50747537191e-005, -0.00251544010825, 0.00122116599232, -0.00254069641232, 0.00279683456756, -0.00131402583793, -0.000190732593182], [-0.000124479993246, -0.0011487576412, 0.000687760999426, 0.00475119892508, -0.00145328755025, -0.00147059722804, 0.00258320802823, -0.0015201336937, -0.000390716886614, 0.000771576014813, 0.000731839507353, -3.47434138348e-006, -0.000414050009567], [2.31518952205e-005, 0.000913610507268, -0.00369854830205, -0.00145328755025, 0.0153677035123, -0.00801722239703, -0.000839826825541, 0.00655055744573, -0.00206845346838, -0.00124525045976, -0.00269922753796, 0.00392477307469, -0.00302227423526], [0.000144480960444, -0.00115162809379, 0.000207891367609, -0.00147059722804, -0.00801722239703, 0.0249178279191, -0.0102631794289, -0.0010140792001, 0.00622242409736, -0.00721226306632, 0.00165909877978, -0.00368996663019, 0.001403325703], [-1.54815279529e-005, -0.00104421807919, 1.50747537191e-005, 0.00258320802823, -0.000839826825541, -0.0102631794289, 0.027218490839, -0.0151366358623, 2.6513685043e-006, 0.00854412280023, -0.00316653214395, -0.000749890401494, -0.000129066713271], [-0.000327528367052, 0.00182628713083, -0.00251544010825, -0.0015201336937, 0.00655055744573, -0.0010140792001, -0.0151366358623, 0.0321812443435, -0.014563139528, -0.00226259953342, 0.00522710103542, -0.00378515548073, -0.0022870383691], [0.000702939752955, -0.00300215766765, 0.00122116599232, -0.000390716886614, -0.00206845346838, 0.00622242409736, 2.6513685043e-006, -0.014563139528, 0.0349657014012, -0.0142384190112, -0.00112406094559, 0.00467370543629, -0.000905579945538], [-0.00063375744503, 0.00252177775837, -0.00254069641232, 0.000771576014813, -0.00124525045976, -0.00721226306632, 0.00854412280023, -0.00226259953342, -0.0142384190112, 0.0364660955966, -0.0164047703147, 0.000951481459197, 0.00286176451482], [0.000253185833571, -0.00172010576352, 0.00279683456756, 0.000731839507353, -0.00269922753796, 0.00165909877978, -0.00316653214395, 0.00522710103542, -0.00112406094559, -0.0164047703147, 0.0414300635457, -0.0195430628955, 0.000674887734931], [0.000271662895102, 0.000154809138621, -0.00131402583793, -3.47434138348e-006, 0.00392477307469, -0.00368996663019, -0.000749890401494, -0.00378515548073, 0.00467370543629, 0.000951481459197, -0.0195430628955, 0.0435246638954, -0.0168574433774], [-0.000154109598952, 0.000849007046781, -0.000190732593182, -0.000414050009567, -0.00302227423526, 0.001403325703, -0.000129066713271, -0.0022870383691, -0.000905579945538, 0.00286176451482, 0.000674887734931, -0.0168574433774, 0.0342406816781]]
    sccoeffs:
        dmean: [0.0570016242564, 0.0458648242056, 0.0348709709942, 0.0274724215269, 0.0203019250184, 0.0190927386284]
        dmean2: [0.0916073098779, 0.0771786645055, 0.0583825930953, 0.0464059822261, 0.0343901999295, 0.0316588543355]
        dvar: [0.00190206430852, 0.00129065534566, 0.000749275553972, 0.000457815971458, 0.000249979872024, 0.000347162800608]
        dvar2: [0.00490972818807, 0.0036119481083, 0.00206903368235, 0.00126757507678, 0.000701587530784, 0.000886543421075]
        max: [-0.368537276983, -0.538753390312, -0.608409106731, -0.595525145531, -0.65829372406, -0.607508778572]
        mean: [-0.676976799965, -0.775160133839, -0.802940130234, -0.803400874138, -0.789500117302, -0.723461270332]
        median: [-0.6828353405, -0.777978539467, -0.805488705635, -0.804738342762, -0.788443148136, -0.727655529976]
        min: [-0.960620462894, -0.972149908543, -0.965167462826, -0.972606599331, -0.960580289364, -0.960413515568]
        var: [0.00470179086551, 0.00276902504265, 0.00187726656441, 0.0011521554552, 0.000759303220548, 0.00224286969751]
    scvalleys:
        dmean: [0.414189577103, 0.352628827095, 0.288967698812, 0.230635926127, 0.186553865671, 0.282389730215]
        dmean2: [0.685909450054, 0.583485484123, 0.464342415333, 0.369834423065, 0.290589958429, 0.462552517653]
        dvar: [0.119681611657, 0.0987680777907, 0.0682016313076, 0.0501774922013, 0.0437322817743, 0.126544594765]
        dvar2: [0.289882689714, 0.234826356173, 0.139190211892, 0.0934295803308, 0.0713826492429, 0.28678008914]
        max: [-5.00737047195, -4.72909641266, -4.96951818466, -5.36597156525, -5.47657346725, -7.61907529831]
        mean: [-6.51866292953, -6.63872289658, -6.68416404724, -6.66891670227, -6.51995277405, -9.43026256561]
        median: [-6.27680110931, -6.52734947205, -6.60330867767, -6.53375673294, -6.33543539047, -9.08895301819]
        min: [-27.4536399841, -27.3375930786, -27.4194126129, -27.1911201477, -27.3495082855, -27.2657928467]
        var: [1.21957135201, 0.921556174755, 0.850462317467, 0.86485016346, 0.978390038013, 1.38492512703]

rhythm:
    beats_loudness:
        dmean: 0.00156621297356
        dmean2: 0.00279776728712
        dvar: 1.86572333405e-006
        dvar2: 4.9143745855e-006
        max: 0.0116881383583
        mean: 0.00722882105038
        median: 0.00748970732093
        min: 1.04039195037e-008
        var: 4.36624168287e-006
    bpm: 87.5971374512
    bpm_confidence: 0
    first_peak_bpm: 88
    first_peak_spread: 0.263427138329
    first_peak_weight: 0.705882310867
    onset_rate: 2.32752847672
    second_peak_bpm: 83
    second_peak_spread: 0
    second_peak_weight: 0.0220588240772
    beats_loudness_band_ratio:
        dmean: [0.0716171041131, 0.0660139918327, 0.0358697213233, 0.0652440115809, 0.0770096704364, 0.0708031281829]
        dmean2: [0.123217888176, 0.121310926974, 0.0638981163502, 0.112460464239, 0.132495522499, 0.122917242348]
        dvar: [0.00441850721836, 0.00267861341126, 0.00160554109607, 0.00719788810238, 0.00469329115003, 0.00298124738038]
        dvar2: [0.0126543277875, 0.00924315303564, 0.00457490328699, 0.0221454072744, 0.0135422712192, 0.00843594223261]
        max: [0.931174695492, 0.319349437952, 0.296977430582, 0.513015508652, 0.674354553223, 0.544124364853]
        mean: [0.144828990102, 0.105602487922, 0.0639538019896, 0.116305798292, 0.298866301775, 0.301294475794]
        median: [0.120524138212, 0.0991642847657, 0.051515545696, 0.08080855757, 0.29523307085, 0.312131881714]
        min: [0.0058095776476, 0.00498309498653, 0.00469430815428, 0.013409787789, 0.0133729251102, 0.00431319978088]
        var: [0.0134360017255, 0.00329657224938, 0.00187599821948, 0.0081276865676, 0.00723251141608, 0.00827987492085]
    beats_position: [0.696598649025, 1.4164172411, 2.13623571396, 2.85605430603, 3.5758728981, 4.29569149017, 5.00390005112, 5.71210861206, 6.420317173, 7.12852573395, 7.83673477173, 8.54494285583, 9.24154186249, 9.94974994659, 10.6579589844, 11.3777770996, 12.0975961685, 12.8174142838, 13.5140132904, 14.2106122971, 14.90721035, 15.6038093567, 16.3004074097, 16.99700737, 17.693605423, 18.4018135071, 19.1100215912, 19.8066215515, 20.5032196045, 21.1998176575, 21.8964176178, 22.5930156708, 23.2896137238, 23.9862117767, 24.6828117371, 25.37940979, 26.076007843, 26.7726078033, 27.4692058563, 28.1658039093, 28.8624038696, 29.5590019226, 30.2555999756, 30.9521980286, 31.6487979889, 32.3453979492, 33.0419960022, 33.7269821167, 34.4119720459, 35.1201820374, 35.8283882141, 36.5249862671, 37.2215881348, 37.9181861877, 38.6147842407, 39.3113822937, 40.0079803467, 40.7045783997, 41.4011802673, 42.1093864441, 42.8175964355, 43.5141944885, 44.2107925415, 44.9073905945, 45.6039886475, 46.3005905151, 46.9971885681, 47.6937866211, 48.3903846741, 49.0869827271, 49.78358078, 50.480178833, 51.1767807007, 51.8733787537, 52.5699768066, 53.2665748596, 53.9631729126, 54.6597709656, 55.3563690186, 56.0529708862, 56.7495689392, 57.4461669922, 58.1427650452, 58.8393630981, 59.5127410889, 60.1977310181, 60.8827209473, 61.5793190002, 62.2759170532, 62.9609069824, 63.6458930969, 64.3424911499, 65.0274810791, 65.7124710083, 66.409072876, 67.0940551758, 67.779045105, 68.4756469727, 69.1722412109, 69.8572311401, 70.5422210693, 71.2272109985, 71.9122009277, 72.608795166, 73.3053970337, 73.9903869629, 74.6753692627, 75.3835830688, 76.068572998, 76.7535552979, 77.4385452271, 78.1235351563, 78.8085250854, 79.4819030762, 80.1552810669, 80.8286590576, 81.5020370483, 82.1754150391, 82.8487930298, 83.5221786499, 84.1955566406, 84.8689346313, 85.5423126221, 86.2156906128, 86.8890686035, 87.5624465942, 88.235824585, 88.9092025757, 89.5825805664, 90.2675704956, 90.9409484863, 91.6259384155, 92.2993164063, 92.972694397, 93.6460723877, 94.3194503784, 94.9928359985, 95.6662139893, 96.33959198, 97.0129699707, 97.6863479614, 98.3597259521, 99.0331039429, 99.7064819336, 100.379859924, 101.053237915, 101.726615906, 102.400001526, 103.073379517, 103.746757507, 104.420135498, 105.093513489, 105.766891479, 106.44026947, 107.113647461, 107.787025452, 108.460403442, 109.133781433, 109.807167053, 110.480545044, 111.153923035, 111.827301025, 112.500679016, 113.185668945, 113.870658875, 114.544036865, 115.217414856, 115.890792847, 116.564170837, 117.237548828, 117.910926819, 118.58430481, 119.2576828, 119.931060791, 120.604438782, 121.277824402, 121.951202393, 122.636184692, 123.321174622, 124.006164551, 124.69115448, 125.376144409, 126.061134338, 126.734512329, 127.40789032, 128.092880249, 128.777862549, 129.462860107, 130.147842407, 130.821228027, 131.494598389, 132.179595947, 132.864578247, 133.549560547, 134.234558105, 134.919540405, 135.592926025, 136.277908325, 136.951293945, 137.636276245, 138.321273804, 139.006256104, 139.691238403, 140.364624023, 141.037994385, 141.722991943, 142.407974243, 143.092971802, 143.777954102, 144.451339722, 145.124710083, 145.798095703, 146.471466064, 147.144851685, 147.818222046, 148.491607666, 149.164993286, 149.838363647, 150.511749268, 151.185119629, 151.858505249, 152.53187561, 153.20526123, 153.878631592, 154.552017212, 155.225387573, 155.898773193, 156.572158813, 157.245529175, 157.918914795, 158.592285156, 159.265670776, 159.939041138, 160.624038696, 161.285797119, 161.959182739, 162.644165039, 163.329162598, 164.002532959, 164.675918579, 165.34928894, 166.022674561, 166.70765686, 167.392654419, 168.077636719, 168.762634277, 169.436004639, 170.109390259, 170.794372559, 171.479354858, 172.164352417, 172.849334717, 173.522720337, 174.207702637, 174.892700195, 175.566070557, 176.251068115, 176.936050415, 177.609436035, 178.282806396, 178.979400635, 179.664398193, 180.349380493, 181.034378052, 181.719360352, 182.392745972, 183.066116333, 183.762710571, 184.436096191, 185.121078491, 185.80607605, 186.479446411, 187.16444397, 187.84942627, 188.52281189, 189.207794189, 189.892791748, 190.577774048, 191.262756348, 191.936141968, 192.621124268, 193.306121826, 193.979492188, 194.664489746, 195.337860107, 196.022857666, 196.707839966, 197.392837524, 198.066207886, 198.751205444, 199.436187744, 200.109558105, 200.794555664, 201.479537964, 202.164535522, 202.849517822, 203.522903442, 204.207885742, 204.892883301, 205.577865601, 206.2628479, 206.936233521, 207.609603882, 208.306213379, 208.97958374, 209.664581299, 210.349563599, 211.034561157, 211.719543457, 212.392913818, 213.077911377, 213.762893677, 214.436279297, 215.121261597, 215.806259155, 216.479629517, 217.153015137, 217.837997437, 218.522994995, 219.207977295, 219.892959595, 220.577957153, 221.262939453, 221.936325073, 222.609695435, 223.294692993, 223.979675293, 224.664672852, 225.349655151, 226.023040771, 226.708023071, 227.393005371, 228.07800293, 228.762985229, 229.43637085, 230.121353149, 230.79473877, 231.479721069, 232.164718628, 232.849700928, 233.523086548, 234.208068848, 234.881454468, 235.566436768, 236.263031006, 236.936416626, 237.609786987, 238.294784546, 238.979766846, 239.664764404, 240.349746704, 241.023132324, 241.696502686, 242.381484985, 243.066482544, 243.751464844, 244.436462402, 245.121444702, 245.806442261, 246.479812622, 247.164810181, 247.838180542, 248.523162842, 249.2081604, 249.8931427, 250.56652832, 251.25151062, 251.936508179, 252.633102417, 253.329696655, 254.014694214, 254.711288452, 255.396270752, 256.081268311, 256.766265869, 257.462860107, 258.159454346, 258.844451904, 259.529418945, 260.226013184, 260.899414063, 261.596008301, 262.292602539, 262.977600098, 263.662567139, 264.359191895, 265.055786133, 265.752380371, 266.425750732, 267.110748291, 267.79574585, 268.492340088, 269.188934326, 269.873931885, 270.558898926, 271.255493164, 271.95211792, 272.637084961, 273.32208252, 274.030303955, 274.75012207, 275.365447998, 275.969146729, 276.596099854, 277.223022461, 277.849975586, 278.488525391, 279.115447998, 279.753997803]
