
metadata:
    version:
        essentia: "2.1-beta2"
    audio_properties:
        analysis_sample_rate: 44100
        bitrate: 320
        channels: 2
        equal_loudness: 1
        length: 242.782043457
        replay_gain: -14.6252288818
        downmix: "mix"
    tags:
        album: "Ghost Empire"
        artist: "Caliban"
        comment: "For QUALITY NEEDS Visit :
http://www.bubaneemusic2.com"
        date: "2014"
        genre: "Metalcore"
        title: "King"
        tracknumber: "1/16"

configuration:
    average_loudness:
        compute: 1
        frameSize: 88200
        hopSize: 44100
        silentFrames: "noise"
        windowType: "hann"
    general:
        analysisSampleRate: 44100
        endTime: 2000
        equalLoudness: 1
        nequalLoudness: 0
        shortSound: 0
        startTime: 0
    lowlevel:
        compute: 1
        frameSize: 2048
        hopSize: 1024
        zeroPadding: 0
        silentFrames: "noise"
        windowType: "blackmanharris62"
        mfccStats: ["mean", "cov", "icov"]
        stats: ["mean", "var", "median", "min", "max", "dmean", "dmean2", "dvar", "dvar2"]
    panning:
        compute: 0
        frameSize: 8192
        hopSize: 2048
        zeroPadding: 8192
        silentFrames: "noise"
        windowType: "hann"
        stats: ["copy"]
    rhythm:
        compute: 1
        maxTempo: 208
        minTempo: 40
        method: "degara"
        stats: ["mean", "var", "median", "min", "max", "dmean", "dmean2", "dvar", "dvar2"]
    segmentation:
        compute: 0
        cpw: 5
        inc1: 300
        inc2: 50
        minimumSegmentsLength: 10
        size1: 1000
        size2: 600
    sfx:
        compute: 1
        stats: ["mean", "var", "median", "min", "max", "dmean", "dmean2", "dvar", "dvar2"]
    svm:
        compute: 0
    tonal:
        compute: 1
        frameSize: 4096
        hopSize: 2048
        zeroPadding: 0
        silentFrames: "noise"
        windowType: "blackmanharris62"
        stats: ["mean", "var", "median", "min", "max", "dmean", "dmean2", "dvar", "dvar2"]

lowlevel:
    average_loudness: 0.872709274292
    barkbands_kurtosis:
        dmean: 1.0680090189
        dmean2: 1.81275820732
        dvar: 14.2958755493
        dvar2: 41.7746086121
        max: 207.699295044
        mean: 0.189051523805
        median: -0.732046484947
        min: -1.83521699905
        var: 21.715921402
    barkbands_skewness:
        dmean: 0.412096500397
        dmean2: 0.683783650398
        dvar: 0.171930730343
        dvar2: 0.475627094507
        max: 11.1554765701
        mean: -0.411379277706
        median: -0.575311779976
        min: -3.63539862633
        var: 1.03331398964
    barkbands_spread:
        dmean: 5.70231151581
        dmean2: 9.44463729858
        dvar: 28.8971233368
        dvar2: 77.6574554443
        max: 67.2481460571
        mean: 31.8649597168
        median: 31.5396537781
        min: 0.5460318923
        var: 136.487518311
    dissonance:
        dmean: 0.00869474653155
        dmean2: 0.0149111291394
        dvar: 0.000110396351374
        dvar2: 0.000311793963192
        max: 0.500000059605
        mean: 0.486700922251
        median: 0.490848302841
        min: 0.245787322521
        var: 0.000208948040381
    hfc:
        dmean: 2.90350365639
        dmean2: 4.97137308121
        dvar: 15.2111692429
        dvar2: 41.430557251
        max: 43.1917648315
        mean: 9.75298881531
        median: 8.57830142975
        min: 1.13803879252e-016
        var: 40.7533035278
    pitch:
        dmean: 940.015808105
        dmean2: 1772.69287109
        dvar: 1557521
        dvar2: 3922423.25
        max: 4371.03515625
        mean: 1636.64892578
        median: 809.678283691
        min: 49.0453491211
        var: 2324245.25
    pitch_instantaneous_confidence:
        dmean: 0.0680237933993
        dmean2: 0.115744918585
        dvar: 0.00316351256333
        dvar2: 0.00873154122382
        max: 0.829080760479
        mean: 0.297621905804
        median: 0.278213024139
        min: 0.114404916763
        var: 0.00894424878061
    pitch_salience:
        dmean: 0.0543023757637
        dmean2: 0.0934233665466
        dvar: 0.00248768669553
        dvar2: 0.00725430855528
        max: 0.986706852913
        mean: 0.696938216686
        median: 0.705579102039
        min: 0.271815180779
        var: 0.00401147268713
    silence_rate_20dB:
        dmean: 0
        dmean2: 0
        dvar: 0
        dvar2: 0
        max: 1
        mean: 1
        median: 1
        min: 1
        var: 0
    silence_rate_30dB:
        dmean: 0
        dmean2: 0
        dvar: 0
        dvar2: 0
        max: 1
        mean: 1
        median: 1
        min: 1
        var: 0
    silence_rate_60dB:
        dmean: 0.103672534227
        dmean2: 0.2073649019
        dvar: 0.0929204598069
        dvar2: 0.195736318827
        max: 1
        mean: 0.320550829172
        median: 0
        min: 0
        var: 0.217819899321
    spectral_centroid:
        dmean: 283.422088623
        dmean2: 469.594207764
        dvar: 88850.828125
        dvar2: 236818.734375
        max: 11522.140625
        mean: 2037.66760254
        median: 2121.90673828
        min: 193.326522827
        var: 400094.8125
    spectral_complexity:
        dmean: 4.71518754959
        dmean2: 7.66599702835
        dvar: 21.0021133423
        dvar2: 53.7344589233
        max: 50
        mean: 19.4882850647
        median: 19
        min: 0
        var: 121.708259583
    spectral_crest:
        dmean: 1.73022401333
        dmean2: 2.98324131966
        dvar: 3.38644933701
        dvar2: 9.24574184418
        max: 23.6448669434
        mean: 5.77371549606
        median: 5.0073261261
        min: 2.41277289391
        var: 6.30708789825
    spectral_decrease:
        dmean: 2.61117183431e-010
        dmean2: 4.28064000912e-010
        dvar: 1.02155241762e-019
        dvar2: 2.60241179521e-019
        max: 1.71884095674e-028
        mean: -9.93844562203e-010
        median: -8.88056184145e-010
        min: -3.63430130434e-009
        var: 3.68887294625e-019
    spectral_energy:
        dmean: 0.001212313422
        dmean2: 0.00199613324367
        dvar: 2.15432896766e-006
        dvar2: 5.52057235836e-006
        max: 0.0172494780272
        mean: 0.00463560922071
        median: 0.00411783484742
        min: 1.03483638896e-020
        var: 7.98826749815e-006
    spectral_energyband_high:
        dmean: 0.000266097398708
        dmean2: 0.000462255644379
        dvar: 1.54262579599e-007
        dvar2: 4.27728849672e-007
        max: 0.004444796592
        mean: 0.000584668247029
        median: 0.000547191826627
        min: 7.34730012065e-021
        var: 2.04994364594e-007
    spectral_energyband_low:
        dmean: 0.000235879429965
        dmean2: 0.000401738798246
        dvar: 1.01355851712e-007
        dvar2: 2.78131437881e-007
        max: 0.00356369791552
        mean: 0.000443853961769
        median: 0.000392087851651
        min: 2.45253084678e-023
        var: 1.45050336187e-007
    spectral_energyband_middle_high:
        dmean: 0.000715748465154
        dmean2: 0.00119391817134
        dvar: 6.64030039843e-007
        dvar2: 1.79540495537e-006
        max: 0.0113937435672
        mean: 0.00277163158171
        median: 0.00219620158896
        min: 1.28824888475e-021
        var: 3.97379290007e-006
    spectral_energyband_middle_low:
        dmean: 0.000521264679264
        dmean2: 0.000867654627655
        dvar: 8.16658939584e-007
        dvar2: 2.16424450628e-006
        max: 0.00901755690575
        mean: 0.000965057057329
        median: 0.00071860908065
        min: 1.96005252516e-022
        var: 9.58002374318e-007
    spectral_flatness_db:
        dmean: 0.0129884267226
        dmean2: 0.0214648656547
        dvar: 0.000177610389073
        dvar2: 0.000502463313751
        max: 0.453350812197
        mean: 0.142845422029
        median: 0.13164588809
        min: 0.0599192008376
        var: 0.0018326160498
    spectral_flux:
        dmean: 0.00660075293854
        dmean2: 0.0103639746085
        dvar: 5.47829040443e-005
        dvar2: 0.000104925049527
        max: 0.0965854674578
        mean: 0.041985437274
        median: 0.0429085791111
        min: 6.43922415389e-011
        var: 0.000262201501755
    spectral_kurtosis:
        dmean: 1.41729688644
        dmean2: 2.46645116806
        dvar: 6.73127937317
        dvar2: 20.1762809753
        max: 54.1899871826
        mean: 4.2277841568
        median: 3.16748094559
        min: -1.25479388237
        var: 20.1372184753
    spectral_rms:
        dmean: 0.000266610237304
        dmean2: 0.000429919571616
        dvar: 8.08211666481e-008
        dvar2: 2.01369473984e-007
        max: 0.0041022868827
        mean: 0.00199632789008
        median: 0.00200434518047
        min: 3.17741471155e-012
        var: 5.37226526376e-007
    spectral_rolloff:
        dmean: 305.167541504
        dmean2: 516.318481445
        dvar: 134847.640625
        dvar2: 328073.71875
        max: 19250.6835938
        mean: 3564.7512207
        median: 3703.7109375
        min: 193.798828125
        var: 884802
    spectral_skewness:
        dmean: 0.179729253054
        dmean2: 0.303644418716
        dvar: 0.0439903102815
        dvar2: 0.125225439668
        max: 5.48900175095
        mean: 1.26340389252
        median: 1.19019067287
        min: -0.051997512579
        var: 0.279495239258
    spectral_spread:
        dmean: 318530.40625
        dmean2: 498571.53125
        dvar: 274996690944
        dvar2: 453433720832
        max: 41510952
        mean: 3964910.75
        median: 4013282.25
        min: 923374.3125
        var: 2.1626650624e+012
    spectral_strongpeak:
        dmean: 0.392290323973
        dmean2: 0.688904106617
        dvar: 0.300443977118
        dvar2: 0.834346711636
        max: 5.33400201797
        mean: 0.512157678604
        median: 0.190075114369
        min: 2.21660953481e-010
        var: 0.438713759184
    zerocrossingrate:
        dmean: 0.00704201869667
        dmean2: 0.00919066276401
        dvar: 5.44452050235e-005
        dvar2: 8.2111429947e-005
        max: 0.52294921875
        mean: 0.109747245908
        median: 0.11376953125
        min: 0.0107421875
        var: 0.000772774394136
    barkbands:
        dmean: [8.20951754577e-007, 9.80052936939e-005, 0.000155716901645, 0.000135359325213, 0.000250611366937, 8.53314413689e-005, 6.7634631705e-005, 7.14699781383e-005, 9.86809536698e-005, 8.85008266778e-005, 6.55130497762e-005, 0.000137748298584, 9.26671273191e-005, 6.5830827225e-005, 7.10123131284e-005, 0.000137020339025, 0.000218896690058, 0.000200332098757, 0.000250586861512, 0.000188920792425, 0.000130869986606, 4.06993676734e-005, 7.06432774678e-006, 2.08989490602e-006, 7.08806055627e-007, 2.32681376389e-008, 2.59551213855e-010]
        dmean2: [1.09567042728e-006, 0.000169820530573, 0.000271751428954, 0.000237775340793, 0.000435917871073, 0.000139145908179, 0.000111877925519, 0.000117368268548, 0.000161944757565, 0.000145754180267, 0.000109969434561, 0.000233927756199, 0.000157418166054, 0.000110352077172, 0.000120323937153, 0.000233837228734, 0.000369473505998, 0.000341747596394, 0.000431364082033, 0.000324592663674, 0.000227247408475, 7.29719977244e-005, 1.2535908354e-005, 3.57172348231e-006, 1.16363332836e-006, 3.72897943635e-008, 4.53026977043e-010]
        dvar: [1.50399376113e-012, 1.64542850456e-008, 4.80858908247e-008, 4.09632505693e-008, 5.12183135015e-007, 2.20043059329e-008, 3.14618269215e-008, 2.01697414326e-008, 4.81983981615e-008, 3.45856747686e-008, 1.15325331507e-008, 6.5270107541e-008, 2.86177694875e-008, 1.36600286638e-008, 1.4056071862e-008, 3.1103336795e-008, 8.66886509243e-008, 6.19157987103e-008, 9.06561439251e-008, 5.53553256566e-008, 3.53665932096e-008, 4.60414462111e-009, 1.53496826361e-010, 1.5503535955e-011, 2.11322799537e-012, 2.81760660641e-015, 2.39496730529e-019]
        dvar2: [2.68992293717e-012, 4.53298447667e-008, 1.3598798887e-007, 1.1137948519e-007, 1.40393092352e-006, 5.35111972511e-008, 7.70300800923e-008, 4.92552842957e-008, 1.27955175344e-007, 8.56701589669e-008, 3.096400647e-008, 1.85334513958e-007, 8.15698797396e-008, 3.64241721229e-008, 3.88432823684e-008, 8.27661850167e-008, 2.29525269901e-007, 1.7026586363e-007, 2.54169577829e-007, 1.53439046358e-007, 9.8902980028e-008, 1.28758008699e-008, 4.22255258536e-010, 4.13341236238e-011, 4.82964189474e-012, 6.55389921817e-015, 6.5842093004e-019]
        max: [8.88120212039e-006, 0.00107153586578, 0.00242406735197, 0.00211596931331, 0.00713032018393, 0.00288965809159, 0.0036173753906, 0.00282757426612, 0.00505470251665, 0.00542784156278, 0.00179752917029, 0.00368454679847, 0.00275473622605, 0.00268555083312, 0.0024700933136, 0.00309063494205, 0.00547622237355, 0.00396977318451, 0.00412947125733, 0.00240905792452, 0.00262494850904, 0.000907292298507, 0.000206209850148, 7.28112645447e-005, 3.66351814591e-005, 1.65409880992e-006, 2.49236542516e-008]
        mean: [1.1908949773e-006, 0.000134082220029, 0.00023249037622, 0.000146993887029, 0.00024775127531, 0.00012669627904, 8.9443710749e-005, 0.000102341975435, 0.000166035955772, 0.000151233514771, 0.000112173373054, 0.000263295834884, 0.000165087054484, 0.000119741242088, 0.000140008472954, 0.000263698108029, 0.000445548153948, 0.000412753928686, 0.000561655731872, 0.000409398868214, 0.000264577451162, 6.26600085525e-005, 1.10264663817e-005, 4.11390374211e-006, 1.56461430834e-006, 5.01923658192e-008, 4.42734932049e-010]
        median: [1.07540579108e-007, 9.79169853963e-005, 0.000153483153554, 7.38974558772e-005, 9.49492605287e-005, 7.13619519956e-005, 4.55201006844e-005, 4.15400354541e-005, 5.66200214962e-005, 5.57977436983e-005, 5.35847284482e-005, 0.000106182073068, 6.7982589826e-005, 6.51039590593e-005, 8.97101999726e-005, 0.000198154521058, 0.000307235110085, 0.000337192439474, 0.000462494615931, 0.000369961024262, 0.000244020571699, 4.66278470412e-005, 7.67147594161e-006, 2.85615033135e-006, 1.08884569272e-006, 3.08383327763e-008, 2.60631183302e-010]
        min: [2.38074099397e-024, 6.98825054665e-024, 3.35157416344e-024, 3.82542318769e-024, 1.34480226625e-023, 2.48655331322e-023, 1.95547621683e-023, 4.27404018033e-023, 3.41111817343e-023, 3.8317637361e-023, 3.67037163013e-023, 3.97877995647e-023, 4.099966662e-023, 4.89016011106e-023, 6.71630242471e-023, 1.30227846672e-022, 1.23420279982e-022, 8.44813988813e-023, 1.82661525154e-022, 2.27805889058e-022, 1.98373627524e-022, 4.31145023638e-022, 5.52888450393e-022, 6.25006593976e-022, 9.77124163217e-022, 1.65187402871e-021, 2.15278722347e-021]
        var: [3.27633102939e-012, 2.06664640956e-008, 6.43721946858e-008, 4.02552693402e-008, 3.74336025288e-007, 3.45816779657e-008, 3.62755976369e-008, 3.47140414192e-008, 1.12726844748e-007, 8.43815541884e-008, 2.37833646111e-008, 1.69143675066e-007, 6.15695441297e-008, 2.78970997414e-008, 3.11823065147e-008, 6.63094610331e-008, 2.43578170966e-007, 1.24702836501e-007, 1.91862156385e-007, 8.82333139884e-008, 4.53455406557e-008, 4.49397274949e-009, 1.76564610155e-010, 2.55991998432e-011, 5.16341179882e-012, 6.70528687574e-015, 3.940761075e-019]
    frequency_bands:
        dmean: [8.20951754577e-007, 9.80052936939e-005, 0.000155716901645, 0.000135359325213, 0.000250611366937, 8.53314413689e-005, 6.7634631705e-005, 7.14699781383e-005, 9.86809536698e-005, 8.85008266778e-005, 6.55130497762e-005, 0.000137748298584, 9.26671273191e-005, 6.5830827225e-005, 7.10123131284e-005, 0.000137020339025, 0.000218896690058, 0.000200332098757, 0.000250586861512, 0.000188920792425, 0.000130869986606, 4.06993676734e-005, 7.06432774678e-006, 2.08989490602e-006, 7.08806055627e-007, 2.32681376389e-008, 2.59551213855e-010, 5.26256260791e-011]
        dmean2: [1.09567042728e-006, 0.000169820530573, 0.000271751428954, 0.000237775340793, 0.000435917871073, 0.000139145908179, 0.000111877925519, 0.000117368268548, 0.000161944757565, 0.000145754180267, 0.000109969434561, 0.000233927756199, 0.000157418166054, 0.000110352077172, 0.000120323937153, 0.000233837228734, 0.000369473505998, 0.000341747596394, 0.000431364082033, 0.000324592663674, 0.000227247408475, 7.29719977244e-005, 1.2535908354e-005, 3.57172348231e-006, 1.16363332836e-006, 3.72897943635e-008, 4.53026977043e-010, 9.80144923557e-011]
        dvar: [1.50399376113e-012, 1.64542850456e-008, 4.80858908247e-008, 4.09632505693e-008, 5.12183135015e-007, 2.20043059329e-008, 3.14618269215e-008, 2.01697414326e-008, 4.81983981615e-008, 3.45856747686e-008, 1.15325331507e-008, 6.5270107541e-008, 2.86177694875e-008, 1.36600286638e-008, 1.4056071862e-008, 3.1103336795e-008, 8.66886509243e-008, 6.19157987103e-008, 9.06561439251e-008, 5.53553256566e-008, 3.53665932096e-008, 4.60414462111e-009, 1.53496826361e-010, 1.5503535955e-011, 2.11322799537e-012, 2.81760660641e-015, 2.39496730529e-019, 6.13348406146e-021]
        dvar2: [2.68992293717e-012, 4.53298447667e-008, 1.3598798887e-007, 1.1137948519e-007, 1.40393092352e-006, 5.35111972511e-008, 7.70300800923e-008, 4.92552842957e-008, 1.27955175344e-007, 8.56701589669e-008, 3.096400647e-008, 1.85334513958e-007, 8.15698797396e-008, 3.64241721229e-008, 3.88432823684e-008, 8.27661850167e-008, 2.29525269901e-007, 1.7026586363e-007, 2.54169577829e-007, 1.53439046358e-007, 9.8902980028e-008, 1.28758008699e-008, 4.22255258536e-010, 4.13341236238e-011, 4.82964189474e-012, 6.55389921817e-015, 6.5842093004e-019, 1.96329121191e-020]
        max: [8.88120212039e-006, 0.00107153586578, 0.00242406735197, 0.00211596931331, 0.00713032018393, 0.00288965809159, 0.0036173753906, 0.00282757426612, 0.00505470251665, 0.00542784156278, 0.00179752917029, 0.00368454679847, 0.00275473622605, 0.00268555083312, 0.0024700933136, 0.00309063494205, 0.00547622237355, 0.00396977318451, 0.00412947125733, 0.00240905792452, 0.00262494850904, 0.000907292298507, 0.000206209850148, 7.28112645447e-005, 3.66351814591e-005, 1.65409880992e-006, 2.49236542516e-008, 9.66671964697e-010]
        mean: [1.1908949773e-006, 0.000134082220029, 0.00023249037622, 0.000146993887029, 0.00024775127531, 0.00012669627904, 8.9443710749e-005, 0.000102341975435, 0.000166035955772, 0.000151233514771, 0.000112173373054, 0.000263295834884, 0.000165087054484, 0.000119741242088, 0.000140008472954, 0.000263698108029, 0.000445548153948, 0.000412753928686, 0.000561655731872, 0.000409398868214, 0.000264577451162, 6.26600085525e-005, 1.10264663817e-005, 4.11390374211e-006, 1.56461430834e-006, 5.01923658192e-008, 4.42734932049e-010, 4.10523212646e-011]
        median: [1.07540579108e-007, 9.79169853963e-005, 0.000153483153554, 7.38974558772e-005, 9.49492605287e-005, 7.13619519956e-005, 4.55201006844e-005, 4.15400354541e-005, 5.66200214962e-005, 5.57977436983e-005, 5.35847284482e-005, 0.000106182073068, 6.7982589826e-005, 6.51039590593e-005, 8.97101999726e-005, 0.000198154521058, 0.000307235110085, 0.000337192439474, 0.000462494615931, 0.000369961024262, 0.000244020571699, 4.66278470412e-005, 7.67147594161e-006, 2.85615033135e-006, 1.08884569272e-006, 3.08383327763e-008, 2.60631183302e-010, 1.33797712493e-011]
        min: [2.38074099397e-024, 6.98825054665e-024, 3.35157416344e-024, 3.82542318769e-024, 1.34480226625e-023, 2.48655331322e-023, 1.95547621683e-023, 4.27404018033e-023, 3.41111817343e-023, 3.8317637361e-023, 3.67037163013e-023, 3.97877995647e-023, 4.099966662e-023, 4.89016011106e-023, 6.71630242471e-023, 1.30227846672e-022, 1.23420279982e-022, 8.44813988813e-023, 1.82661525154e-022, 2.27805889058e-022, 1.98373627524e-022, 4.31145023638e-022, 5.52888450393e-022, 6.25006593976e-022, 9.77124163217e-022, 1.65187402871e-021, 2.15278722347e-021, 7.24024818696e-022]
        var: [3.27633102939e-012, 2.06664640956e-008, 6.43721946858e-008, 4.02552693402e-008, 3.74336025288e-007, 3.45816779657e-008, 3.62755976369e-008, 3.47140414192e-008, 1.12726844748e-007, 8.43815541884e-008, 2.37833646111e-008, 1.69143675066e-007, 6.15695441297e-008, 2.78970997414e-008, 3.11823065147e-008, 6.63094610331e-008, 2.43578170966e-007, 1.24702836501e-007, 1.91862156385e-007, 8.82333139884e-008, 4.53455406557e-008, 4.49397274949e-009, 1.76564610155e-010, 2.55991998432e-011, 5.16341179882e-012, 6.70528687574e-015, 3.940761075e-019, 4.90346406721e-021]
    mfcc:
        mean: [-707.208557129, 95.7989120483, -59.4712409973, 54.4733123779, -11.7963962555, 1.86943519115, 6.01478719711, 0.332349330187, 1.4430295229, -5.99352312088, -4.00878763199, 1.19686484337, -2.38899040222]
        cov: [[7505.58203125, -492.503143311, -772.066467285, 630.321533203, -297.833831787, 613.114074707, 362.038146973, 382.676757813, 261.979827881, 177.299377441, 173.481994629, 267.574493408, 111.46672821], [-492.503143311, 800.516540527, -110.453147888, -97.6627197266, -57.2647819519, -173.222290039, -111.996559143, -120.684448242, -41.6612281799, -54.1077957153, -26.2214488983, -77.9733734131, -45.1005058289], [-772.066467285, -110.453147888, 617.838012695, -87.1721115112, 186.269851685, -3.98362755775, -59.6971244812, -0.181373164058, -86.3633041382, -43.7358818054, -79.3065795898, -4.43430042267, -21.4262733459], [630.321533203, -97.6627197266, -87.1721115112, 328.464508057, 5.33601617813, 91.0830307007, 29.38829422, -1.24820923805, 31.2558097839, 13.4914731979, 18.9289188385, 30.6575260162, 30.5774497986], [-297.833831787, -57.2647819519, 186.269851685, 5.33601617813, 178.417709351, 28.8255729675, -16.3146705627, -4.51253032684, -24.4048786163, -8.5464887619, -27.9516544342, 8.5530538559, -3.39768624306], [613.114074707, -173.222290039, -3.98362755775, 91.0830307007, 28.8255729675, 161.661560059, 92.3778915405, 69.5082702637, 30.5275402069, 20.0909481049, 19.2125320435, 47.690738678, 17.6787776947], [362.038146973, -111.996559143, -59.6971244812, 29.38829422, -16.3146705627, 92.3778915405, 152.802688599, 76.0369110107, 40.0317993164, 19.2960662842, 17.6523609161, 36.3874740601, 16.9636611938], [382.676757813, -120.684448242, -0.181373164058, -1.24820923805, -4.51253032684, 69.5082702637, 76.0369110107, 112.705528259, 48.3130569458, 22.7779560089, 12.9364738464, 30.8729381561, 8.17797374725], [261.979827881, -41.6612281799, -86.3633041382, 31.2558097839, -24.4048786163, 30.5275402069, 40.0317993164, 48.3130569458, 89.7458572388, 45.700428009, 26.9401950836, 15.7953939438, 2.24946641922], [177.299377441, -54.1077957153, -43.7358818054, 13.4914731979, -8.5464887619, 20.0909481049, 19.2960662842, 22.7779560089, 45.700428009, 69.9768829346, 36.3994102478, 18.1066322327, 4.69391202927], [173.481994629, -26.2214488983, -79.3065795898, 18.9289188385, -27.9516544342, 19.2125320435, 17.6523609161, 12.9364738464, 26.9401950836, 36.3994102478, 61.1815032959, 29.0741443634, 11.1916255951], [267.574493408, -77.9733734131, -4.43430042267, 30.6575260162, 8.5530538559, 47.690738678, 36.3874740601, 30.8729381561, 15.7953939438, 18.1066322327, 29.0741443634, 74.0535964966, 33.3252410889], [111.46672821, -45.1005058289, -21.4262733459, 30.5774497986, -3.39768624306, 17.6787776947, 16.9636611938, 8.17797374725, 2.24946641922, 4.69391202927, 11.1916255951, 33.3252410889, 54.0810012817]]
        icov: [[0.000313746801112, -8.82953390828e-005, 0.000297180318739, -0.000321897823596, 0.000532270991243, -0.00102898373734, 0.000473624881124, -0.000767715566326, 0.000327749730786, -0.000489249359816, 0.000570157950278, -0.000669145025313, 0.00023995587253], [-8.82953390828e-005, 0.00191631529015, 0.000359439116437, 0.000342364743119, -0.000166808109498, 0.00148683728185, -3.59029472747e-005, 0.00132313615177, -0.000563302310184, 0.00135260063689, -0.000202755531063, 0.000231281417655, 0.000849052798003], [0.000297180318739, 0.000359439116437, 0.00361429387704, 0.000216700951569, -0.00196408154443, -0.000735460896976, 0.00162028195336, -0.00222833943553, 0.00279175583273, -0.0011953311041, 0.00345798558556, -0.00206535193138, 0.00148711469956], [-0.000321897823596, 0.000342364743119, 0.000216700951569, 0.00476396922022, -0.000681595818605, -0.00231351633556, 0.000350175658241, 0.00342603144236, -0.0024302015081, 0.0013268791372, -0.00023887095449, 0.000708916573785, -0.00197467207909], [0.000532270991243, -0.000166808109498, -0.00196408154443, -0.000681595818605, 0.0100909369066, -0.00441521313041, 0.0017980732955, 0.000461715564597, 0.000410372245824, -0.00231428374536, 0.00380439613946, -0.00275722844526, 0.000910048489459], [-0.00102898373734, 0.00148683728185, -0.000735460896976, -0.00231351633556, -0.00441521313041, 0.0189058333635, -0.00712947268039, -0.00204302463681, 0.000624894397333, 0.00191109476145, -0.00331122381613, -0.00116946338676, 0.00167911977042], [0.000473624881124, -3.59029472747e-005, 0.00162028195336, 0.000350175658241, 0.0017980732955, -0.00712947268039, 0.0138581115752, -0.00600418634713, -7.413248386e-005, -0.00049911707174, 0.00249202107079, -0.00228039151989, -0.000621691753622], [-0.000767715566326, 0.00132313615177, -0.00222833943553, 0.00342603144236, 0.000461715564597, -0.00204302463681, -0.00600418634713, 0.0223618447781, -0.0103529011831, 0.00299895717762, -0.000116643968795, -0.000886180845555, -0.00019490813429], [0.000327749730786, -0.000563302310184, 0.00279175583273, -0.0024302015081, 0.000410372245824, 0.000624894397333, -7.413248386e-005, -0.0103529011831, 0.0251964479685, -0.0133053530008, 0.00216045347042, -0.00104176159948, 0.0030467575416], [-0.000489249359816, 0.00135260063689, -0.0011953311041, 0.0013268791372, -0.00231428374536, 0.00191109476145, -0.00049911707174, 0.00299895717762, -0.0133053530008, 0.0298598259687, -0.0150310555473, 0.00225260294974, -0.000470214843517], [0.000570157950278, -0.000202755531063, 0.00345798558556, -0.00023887095449, 0.00380439613946, -0.00331122381613, 0.00249202107079, -0.000116643968795, 0.00216045347042, -0.0150310555473, 0.0350650213659, -0.0132937375456, 0.00286827934906], [-0.000669145025313, 0.000231281417655, -0.00206535193138, 0.000708916573785, -0.00275722844526, -0.00116946338676, -0.00228039151989, -0.000886180845555, -0.00104176159948, 0.00225260294974, -0.0132937375456, 0.029605070129, -0.014232753776], [0.00023995587253, 0.000849052798003, 0.00148711469956, -0.00197467207909, 0.000910048489459, 0.00167911977042, -0.000621691753622, -0.00019490813429, 0.0030467575416, -0.000470214843517, 0.00286827934906, -0.014232753776, 0.0282335672528]]
    sccoeffs:
        dmean: [0.0584762096405, 0.0464311428368, 0.03780188784, 0.0277220699936, 0.018061587587, 0.018561443314]
        dmean2: [0.0977461561561, 0.0777008235455, 0.0641678273678, 0.0467812381685, 0.0307858139277, 0.0294370334595]
        dvar: [0.00227452046238, 0.00132899929304, 0.000870098301675, 0.000464518321678, 0.000202495648409, 0.000259639433352]
        dvar2: [0.00615306012332, 0.00376823521219, 0.00248731952161, 0.00132897950243, 0.000584458059166, 0.000642341678031]
        max: [-0.373975217342, -0.537216722965, -0.608137369156, -0.653317272663, -0.624072015285, -0.56653958559]
        mean: [-0.673631191254, -0.788427114487, -0.799109756947, -0.80108487606, -0.804389417171, -0.723140716553]
        median: [-0.67814385891, -0.794010460377, -0.804023206234, -0.803889393806, -0.807376265526, -0.724987208843]
        min: [-0.978044748306, -0.990332305431, -0.988710582256, -0.981931686401, -0.96627664566, -0.963452160358]
        var: [0.00595567887649, 0.00309806270525, 0.00242981943302, 0.0013351328671, 0.000745644676499, 0.00150916539133]
    scvalleys:
        dmean: [0.406255185604, 0.340742826462, 0.280967444181, 0.220928698778, 0.205773442984, 0.255312860012]
        dmean2: [0.674932301044, 0.569051265717, 0.464774757624, 0.365526914597, 0.335425019264, 0.409553766251]
        dvar: [0.112967997789, 0.0813192948699, 0.06007694453, 0.0411615818739, 0.0477423109114, 0.109963439405]
        dvar2: [0.286187648773, 0.205879479647, 0.147181585431, 0.0920272916555, 0.106840774417, 0.254684895277]
        max: [-5.28116083145, -5.29453659058, -5.25128030777, -5.55387687683, -5.44418764114, -7.73305797577]
        mean: [-7.06269216537, -6.77087211609, -6.86532115936, -6.97114229202, -6.78199577332, -9.94481563568]
        median: [-6.7228012085, -6.59858465195, -6.71458530426, -6.74406814575, -6.39702367783, -9.34992599487]
        min: [-27.8218479156, -28.048915863, -27.4330291748, -27.4259319305, -27.385187149, -27.411113739]
        var: [2.02012467384, 1.37274181843, 1.55771327019, 1.5850533247, 2.00169324875, 2.64802622795]

rhythm:
    beats_loudness:
        dmean: 0.00157907733228
        dmean2: 0.00285299215466
        dvar: 1.81745713235e-006
        dvar2: 5.18599472343e-006
        max: 0.0149564817548
        mean: 0.00535029731691
        median: 0.00539769837633
        min: 1.61304830604e-010
        var: 7.53537005949e-006
    bpm: 129.911361694
    bpm_confidence: 0
    first_peak_bpm: 129
    first_peak_spread: 0.297188729048
    first_peak_weight: 0.670498073101
    onset_rate: 3.42282319069
    second_peak_bpm: 123
    second_peak_spread: 0.176470577717
    second_peak_weight: 0.0268199238926
    beats_loudness_band_ratio:
        dmean: [0.109223857522, 0.140010938048, 0.0616418980062, 0.0698911324143, 0.104893282056, 0.0798774287105]
        dmean2: [0.193297147751, 0.260462850332, 0.108520068228, 0.12277982384, 0.183420300484, 0.138032987714]
        dvar: [0.00932721234858, 0.0148221906275, 0.00480563519523, 0.00476729683578, 0.00786757934839, 0.00387434381992]
        dvar2: [0.026977615431, 0.0427678413689, 0.0136607857421, 0.0138076096773, 0.0250435136259, 0.0120435105637]
        max: [0.77413213253, 0.752521693707, 0.502271413803, 0.500882863998, 0.828964531422, 0.681645691395]
        mean: [0.195734456182, 0.159387677908, 0.0967791676521, 0.122518010437, 0.257380843163, 0.231984585524]
        median: [0.170536115766, 0.102246806026, 0.0697596594691, 0.0951901301742, 0.243126243353, 0.228007107973]
        min: [0.000786589342169, 0.00135849579237, 0.00345085235313, 0.00501106865704, 0.00279079400934, 0.000650244706776]
        var: [0.0189427174628, 0.0242575872689, 0.00617296015844, 0.00746155390516, 0.0153117338195, 0.0127949705347]
    beats_position: [0.429569154978, 0.870748281479, 1.31192743778, 1.764716506, 2.21750569344, 2.67029476166, 3.13469386101, 3.59909296036, 4.06349182129, 4.52789115906, 4.98067998886, 5.4334692955, 5.89786815643, 6.3622674942, 6.82666635513, 7.2910656929, 7.74385452271, 8.19664382935, 8.66104316711, 9.12544155121, 9.58984088898, 10.0542402267, 10.5186395645, 10.9830379486, 11.4474372864, 11.9118366241, 12.3762359619, 12.8290243149, 13.2934236526, 13.7462129593, 14.2106122971, 14.6750106812, 15.1394100189, 15.5921993256, 16.0449886322, 16.50938797, 16.9737873077, 17.4381847382, 17.9025840759, 18.3669834137, 18.8313827515, 19.2957820892, 19.7485713959, 20.2013607025, 20.6657600403, 21.1301574707, 21.5945568085, 22.0589561462, 22.523355484, 22.9877548218, 23.4521541595, 23.9049434662, 24.3577327728, 24.8221302032, 25.286529541, 25.7509288788, 26.2153282166, 26.6797275543, 27.1441268921, 27.6085262299, 28.0613155365, 28.5141029358, 28.9785022736, 29.4429016113, 29.9073009491, 30.3600902557, 30.8128795624, 31.2772789001, 31.7416782379, 32.2060775757, 32.6704750061, 33.1348762512, 33.5992736816, 34.0636711121, 34.5280723572, 34.9808616638, 35.4336509705, 35.8980484009, 36.362449646, 36.8268470764, 37.2912483215, 37.755645752, 38.2084350586, 38.6612243652, 39.1256217957, 39.5900230408, 40.0544204712, 40.5188217163, 40.9832191467, 41.4476165771, 41.9004058838, 42.3648071289, 42.8175964355, 43.281993866, 43.7463951111, 44.2107925415, 44.6751937866, 45.139591217, 45.6039886475, 46.0567779541, 46.5095672607, 46.9739685059, 47.4383659363, 47.9027671814, 48.3671646118, 48.8315620422, 49.2959632874, 49.748752594, 50.2015419006, 50.6659393311, 51.1303405762, 51.5947380066, 52.0591392517, 52.5235366821, 52.9879341125, 53.4523353577, 53.9051246643, 54.3695220947, 54.8223114014, 55.2867126465, 55.7511100769, 56.2155075073, 56.6799087524, 57.1559181213, 57.6319274902, 58.0847167969, 58.5375061035, 58.9902954102, 59.4430847168, 59.9074821472, 60.3718795776, 60.8362808228, 61.2890701294, 61.7534675598, 62.2062568665, 62.6706581116, 63.135055542, 63.5994529724, 64.0638504028, 64.5282516479, 64.9926528931, 65.4454421997, 65.8982315063, 66.3626327515, 66.8270263672, 67.2914276123, 67.7558288574, 68.2202224731, 68.6730117798, 69.1374130249, 69.5902023315, 70.0546035767, 70.5189971924, 70.9833984375, 71.4477996826, 71.9122009277, 72.3765945435, 72.8409957886, 73.3053970337, 73.7465744019, 74.210975647, 74.6753692627, 75.1397705078, 75.6041717529, 76.068572998, 76.5329666138, 76.9973678589, 77.461769104, 77.9261627197, 78.3789520264, 78.831741333, 79.2845306396, 79.7489318848, 80.2017211914, 80.6661224365, 81.1305236816, 81.5949172974, 82.0593185425, 82.5237197876, 82.9881134033, 83.4525146484, 83.9053039551, 84.3580932617, 84.8224945068, 85.2868881226, 85.7512893677, 86.2156906128, 86.6800918579, 87.1444854736, 87.5972747803, 88.0500640869, 88.514465332, 88.9788665771, 89.4432601929, 89.907661438, 90.3720626831, 90.8364639282, 91.2892532349, 91.7420425415, 92.2064361572, 92.6708374023, 93.1352386475, 93.5996322632, 94.0640335083, 94.5284347534, 94.9928359985, 95.4456253052, 95.8984146118, 96.3628082275, 96.8272094727, 97.2916107178, 97.7444000244, 98.1971893311, 98.6731948853, 99.1375961304, 99.6019973755, 100.054779053, 100.519180298, 100.983581543, 101.447982788, 101.912376404, 102.376777649, 102.841178894, 103.293968201, 103.746757507, 104.211151123, 104.675552368, 105.139953613, 105.59274292, 106.068748474, 106.533149719, 106.997550964, 107.450340271, 107.914733887, 108.367523193, 108.843536377, 109.307937622, 109.760726929, 110.225120544, 110.677909851, 111.130699158, 111.69959259, 112.268478394, 112.848976135, 113.348205566, 113.847434998, 114.346664429, 114.834281921, 115.321899414, 115.809524536, 116.297142029, 116.773147583, 117.260765076, 117.748390198, 118.23600769, 118.723625183, 119.211242676, 119.698867798, 120.186485291, 120.674102783, 121.161720276, 121.649337769, 122.125350952, 122.601356506, 123.07736969, 123.553375244, 124.029388428, 124.505393982, 124.981407166, 125.45741272, 125.921813965, 126.386207581, 126.838996887, 127.291786194, 127.756187439, 128.220581055, 128.6849823, 129.137771606, 129.602172852, 130.054962158, 130.519363403, 130.983764648, 131.448165894, 131.912567139, 132.376953125, 132.84135437, 133.305755615, 133.77015686, 134.234558105, 134.687347412, 135.140136719, 135.604537964, 136.068939209, 136.533325195, 136.99772644, 137.450515747, 137.914916992, 138.379318237, 138.832107544, 139.284896851, 139.749298096, 140.202087402, 140.666488647, 141.130874634, 141.595275879, 142.059677124, 142.524078369, 142.988479614, 143.452880859, 143.917282104, 144.381668091, 144.846069336, 145.310470581, 145.763259888, 146.216049194, 146.680450439, 147.144851685, 147.60925293, 148.073654175, 148.526443481, 148.979232788, 149.443618774, 149.90802002, 150.372421265, 150.83682251, 151.301223755, 151.765625, 152.218414307, 152.682815552, 153.135604858, 153.599990845, 154.06439209, 154.528793335, 154.981582642, 155.434371948, 155.898773193, 156.363174438, 156.827575684, 157.291976929, 157.756362915, 158.22076416, 158.685165405, 159.14956665, 159.602355957, 160.055145264, 160.519546509, 160.983947754, 161.448348999, 161.912734985, 162.37713623, 162.841537476, 163.305938721, 163.758728027, 164.211517334, 164.675918579, 165.140319824, 165.604721069, 166.069107056, 166.533508301, 166.997909546, 167.450698853, 167.903488159, 168.367889404, 168.832290649, 169.296691895, 169.761077881, 170.225479126, 170.689880371, 171.154281616, 171.618682861, 172.071472168, 172.535873413, 172.98866272, 173.453063965, 173.917449951, 174.381851196, 174.834640503, 175.299041748, 175.751831055, 176.2162323, 176.680633545, 177.14503479, 177.609436035, 178.073822021, 178.538223267, 178.991012573, 179.44380188, 179.908203125, 180.37260437, 180.837005615, 181.30140686, 181.765808105, 182.230194092, 182.694595337, 183.147384644, 183.611785889, 184.064575195, 184.52897644, 184.993377686, 185.457778931, 185.922180176, 186.386566162, 186.850967407, 187.303756714, 187.756546021, 188.220947266, 188.685348511, 189.149749756, 189.614151001, 190.066940308, 190.519729614, 190.984130859, 191.448516846, 191.912918091, 192.377319336, 192.830108643, 193.282897949, 193.747299194, 194.211700439, 194.676101685, 195.140487671, 195.604888916, 196.069290161, 196.533691406, 196.986480713, 197.450881958, 197.903671265, 198.36807251, 198.832473755, 199.296859741, 199.761260986, 200.23727417, 200.701675415, 201.16607666, 201.618865967, 202.083267212, 202.536056519, 203.000442505, 203.453231812, 203.917633057, 204.382034302, 204.846435547, 205.310836792, 205.775238037, 206.239639282, 206.704025269, 207.145217896, 207.62121582, 208.085617065, 208.538406372, 208.991195679, 209.443984985, 209.90838623, 210.372787476, 210.837188721, 211.289978027, 211.742767334, 212.207168579, 212.671554565, 213.135955811, 213.600357056, 214.064758301, 214.529159546, 214.993560791, 215.457962036, 215.922348022, 216.386749268, 216.851150513, 217.303939819, 217.768341064, 218.221130371, 218.685531616, 219.149932861, 219.614334106, 220.078720093, 220.543121338, 220.995910645, 221.46031189, 221.913101196, 222.38911438, 222.853515625, 223.306304932, 223.759094238, 224.211883545, 224.676269531, 225.140670776, 225.605072021, 226.069473267, 226.533874512, 226.998275757, 227.451065063, 227.90385437, 228.368255615, 228.832641602, 229.297042847, 229.761444092, 230.225845337, 230.690246582, 231.143035889, 231.595825195, 232.06022644, 232.524627686, 232.989013672, 233.453414917, 233.917816162, 234.382217407, 234.846618652, 235.311019897, 235.775421143, 236.228210449, 236.680999756, 237.145385742, 237.609786987, 238.074188232, 238.526977539, 238.979766846, 239.444168091, 239.908569336, 240.372970581, 240.848968506, 241.324981689, 241.800994873, 242.277008057]
