
metadata:
    version:
        essentia: "2.1-beta2"
    audio_properties:
        analysis_sample_rate: 44100
        bitrate: 320
        channels: 2
        equal_loudness: 1
        length: 211.095504761
        replay_gain: -14.0881290436
        downmix: "mix"
    tags:
        album: "Ghost Empire"
        artist: "Caliban"
        comment: "For QUALITY NEEDS Visit :
http://www.bubaneemusic2.com"
        date: "2014"
        genre: "Metalcore"
        title: "Chaos - Creation"
        tracknumber: "2/16"

configuration:
    average_loudness:
        compute: 1
        frameSize: 88200
        hopSize: 44100
        silentFrames: "noise"
        windowType: "hann"
    general:
        analysisSampleRate: 44100
        endTime: 2000
        equalLoudness: 1
        nequalLoudness: 0
        shortSound: 0
        startTime: 0
    lowlevel:
        compute: 1
        frameSize: 2048
        hopSize: 1024
        zeroPadding: 0
        silentFrames: "noise"
        windowType: "blackmanharris62"
        mfccStats: ["mean", "cov", "icov"]
        stats: ["mean", "var", "median", "min", "max", "dmean", "dmean2", "dvar", "dvar2"]
    panning:
        compute: 0
        frameSize: 8192
        hopSize: 2048
        zeroPadding: 8192
        silentFrames: "noise"
        windowType: "hann"
        stats: ["copy"]
    rhythm:
        compute: 1
        maxTempo: 208
        minTempo: 40
        method: "degara"
        stats: ["mean", "var", "median", "min", "max", "dmean", "dmean2", "dvar", "dvar2"]
    segmentation:
        compute: 0
        cpw: 5
        inc1: 300
        inc2: 50
        minimumSegmentsLength: 10
        size1: 1000
        size2: 600
    sfx:
        compute: 1
        stats: ["mean", "var", "median", "min", "max", "dmean", "dmean2", "dvar", "dvar2"]
    svm:
        compute: 0
    tonal:
        compute: 1
        frameSize: 4096
        hopSize: 2048
        zeroPadding: 0
        silentFrames: "noise"
        windowType: "blackmanharris62"
        stats: ["mean", "var", "median", "min", "max", "dmean", "dmean2", "dvar", "dvar2"]

lowlevel:
    average_loudness: 0.817990541458
    barkbands_kurtosis:
        dmean: 0.660946071148
        dmean2: 1.10374748707
        dvar: 0.888359963894
        dvar2: 2.29197216034
        max: 23.1714744568
        mean: -0.318264067173
        median: -0.803717911243
        min: -1.87913227081
        var: 2.85562515259
    barkbands_skewness:
        dmean: 0.367742925882
        dmean2: 0.599638104439
        dvar: 0.144244492054
        dvar2: 0.393261194229
        max: 4.42646121979
        mean: -0.195752352476
        median: -0.395666360855
        min: -3.98970341682
        var: 0.779921591282
    barkbands_spread:
        dmean: 4.99702644348
        dmean2: 8.13621425629
        dvar: 25.4762496948
        dvar2: 67.0655593872
        max: 64.8560562134
        mean: 31.9570102692
        median: 32.1629638672
        min: 1.84749126434
        var: 173.746673584
    dissonance:
        dmean: 0.0106533933431
        dmean2: 0.0183013752103
        dvar: 0.000170866202097
        dvar2: 0.000487721059471
        max: 0.500000119209
        mean: 0.481562495232
        median: 0.488906383514
        min: 0.326596826315
        var: 0.000454731751233
    hfc:
        dmean: 2.70235919952
        dmean2: 4.61359453201
        dvar: 16.2560367584
        dvar2: 44.8266410828
        max: 41.8017044067
        mean: 8.74439907074
        median: 7.9969086647
        min: 1.12037643503e-016
        var: 46.4040870667
    pitch:
        dmean: 797.467651367
        dmean2: 1503.15808105
        dvar: 1373527.25
        dvar2: 3640393
        max: 4462.41796875
        mean: 1424.27563477
        median: 561.727966309
        min: 70.1326675415
        var: 2230078
    pitch_instantaneous_confidence:
        dmean: 0.0654136538506
        dmean2: 0.109951294959
        dvar: 0.00291351834312
        dvar2: 0.00806391518563
        max: 0.832263886929
        mean: 0.313715428114
        median: 0.282085299492
        min: 0.0989937782288
        var: 0.0144713930786
    pitch_salience:
        dmean: 0.0518000908196
        dmean2: 0.0888841971755
        dvar: 0.00232902215794
        dvar2: 0.00683438964188
        max: 0.985282063484
        mean: 0.686583518982
        median: 0.696676433086
        min: 0.234323695302
        var: 0.00421464676037
    silence_rate_20dB:
        dmean: 0
        dmean2: 0
        dvar: 0
        dvar2: 0
        max: 1
        mean: 1
        median: 1
        min: 1
        var: 0
    silence_rate_30dB:
        dmean: 0
        dmean2: 0
        dvar: 0
        dvar2: 0
        max: 1
        mean: 1
        median: 1
        min: 1
        var: 0
    silence_rate_60dB:
        dmean: 0.0723713189363
        dmean2: 0.144758552313
        dvar: 0.0671423971653
        dvar2: 0.138558924198
        max: 1
        mean: 0.376113504171
        median: 0
        min: 0
        var: 0.234666660428
    spectral_centroid:
        dmean: 270.729309082
        dmean2: 445.556060791
        dvar: 107573.390625
        dvar2: 274023.90625
        max: 11595.1025391
        mean: 1894.29675293
        median: 1992.60046387
        min: 252.67678833
        var: 502477.8125
    spectral_complexity:
        dmean: 4.27078771591
        dmean2: 6.94929027557
        dvar: 22.6835346222
        dvar2: 57.1716651917
        max: 52
        mean: 18.0166053772
        median: 18
        min: 0
        var: 155.405395508
    spectral_crest:
        dmean: 1.63255727291
        dmean2: 2.77964043617
        dvar: 3.05139398575
        dvar2: 8.39786911011
        max: 20.8676605225
        mean: 5.81605100632
        median: 5.052339077
        min: 2.24626159668
        var: 6.32516908646
    spectral_decrease:
        dmean: 2.49993831192e-010
        dmean2: 4.04717426239e-010
        dvar: 1.22922128028e-019
        dvar2: 3.06068458872e-019
        max: 1.71845155778e-028
        mean: -9.41744571215e-010
        median: -8.91665796754e-010
        min: -4.18118073497e-009
        var: 4.36823328141e-019
    spectral_energy:
        dmean: 0.00115330237895
        dmean2: 0.00187556946184
        dvar: 2.52064546657e-006
        dvar2: 6.34133721178e-006
        max: 0.0184402931482
        mean: 0.00434751203284
        median: 0.00410388968885
        min: 1.03006305599e-020
        var: 9.38671291806e-006
    spectral_energyband_high:
        dmean: 0.000254857091932
        dmean2: 0.000448592210887
        dvar: 1.68470464246e-007
        dvar2: 4.75640717923e-007
        max: 0.00463223364204
        mean: 0.000543440401088
        median: 0.000504882424138
        min: 7.0520556109e-021
        var: 2.29563610787e-007
    spectral_energyband_low:
        dmean: 0.00021096142882
        dmean2: 0.000353140756488
        dvar: 9.50003453681e-008
        dvar2: 2.65152237944e-007
        max: 0.00322324107401
        mean: 0.000460798386484
        median: 0.000454728782643
        min: 2.32216258918e-023
        var: 1.53687025772e-007
    spectral_energyband_middle_high:
        dmean: 0.00065574463224
        dmean2: 0.00108737812843
        dvar: 7.15629539627e-007
        dvar2: 1.9231956685e-006
        max: 0.0122982012108
        mean: 0.00243782019243
        median: 0.0020768919494
        min: 1.45080724268e-021
        var: 4.1186008275e-006
    spectral_energyband_middle_low:
        dmean: 0.0005236522411
        dmean2: 0.000863575318363
        dvar: 1.05566186903e-006
        dvar2: 2.76101559393e-006
        max: 0.00991575326771
        mean: 0.00101608247496
        median: 0.000767313293181
        min: 1.316099436e-022
        var: 1.18226068935e-006
    spectral_flatness_db:
        dmean: 0.0130915241316
        dmean2: 0.0213922839612
        dvar: 0.000153242683155
        dvar2: 0.000408691586927
        max: 0.381069839001
        mean: 0.157274395227
        median: 0.129386618733
        min: 0.0602842085063
        var: 0.00440337602049
    spectral_flux:
        dmean: 0.00627128081396
        dmean2: 0.00967115722597
        dvar: 6.32228911854e-005
        dvar2: 0.000118876014312
        max: 0.105415768921
        mean: 0.0384016297758
        median: 0.041174903512
        min: 6.54395981847e-011
        var: 0.000390192813938
    spectral_kurtosis:
        dmean: 2.027821064
        dmean2: 3.56397676468
        dvar: 15.9291944504
        dvar2: 48.5565223694
        max: 56.1332397461
        mean: 4.53024625778
        median: 2.97483611107
        min: -1.26249563694
        var: 27.6917762756
    spectral_rms:
        dmean: 0.00024530661176
        dmean2: 0.000389380729757
        dvar: 8.910581073e-008
        dvar2: 2.16504531636e-007
        max: 0.00424152426422
        mean: 0.00188372691628
        median: 0.00200094841421
        min: 3.17007813229e-012
        var: 6.9302780048e-007
    spectral_rolloff:
        dmean: 334.428955078
        dmean2: 564.679443359
        dvar: 231077.515625
        dvar2: 557162.75
        max: 19681.3476563
        mean: 3385.34643555
        median: 3596.04492188
        min: 172.265625
        var: 1420010.5
    spectral_skewness:
        dmean: 0.218814641237
        dmean2: 0.376252382994
        dvar: 0.0847733095288
        dvar2: 0.255023896694
        max: 4.81749343872
        mean: 1.27592635155
        median: 1.17896533012
        min: -0.0510819852352
        var: 0.24458168447
    spectral_spread:
        dmean: 332732.625
        dmean2: 521505.09375
        dvar: 540991815680
        dvar2: 970180395008
        max: 42942320
        mean: 4030670.25
        median: 4163685.75
        min: 990778.9375
        var: 4.36543448678e+012
    spectral_strongpeak:
        dmean: 0.337834924459
        dmean2: 0.59905821085
        dvar: 0.29342508316
        dvar2: 0.818319261074
        max: 7.55222177505
        mean: 0.422879576683
        median: 0.16332732141
        min: 4.59305760092e-010
        var: 0.359098732471
    zerocrossingrate:
        dmean: 0.00692809419706
        dmean2: 0.00894605834037
        dvar: 6.60774603602e-005
        dvar2: 8.83559914655e-005
        max: 0.515625
        mean: 0.103535279632
        median: 0.10986328125
        min: 0.01806640625
        var: 0.00109958928078
    barkbands:
        dmean: [8.09400830803e-007, 7.05193378963e-005, 0.000147833925439, 0.000133158202516, 0.000291542615741, 8.42014196678e-005, 6.97327996022e-005, 5.89897645114e-005, 0.000106203675386, 8.53218007251e-005, 6.65821571602e-005, 8.17647305666e-005, 8.02337526693e-005, 8.27567491797e-005, 8.4214254457e-005, 0.000131759836222, 0.000195146232727, 0.000187304060091, 0.000208355151699, 0.000172097745235, 0.000125650505652, 4.17255469074e-005, 7.14825046089e-006, 2.11426822716e-006, 8.13881683825e-007, 2.49843417066e-008, 2.44099546132e-010]
        dmean2: [1.02181672901e-006, 0.00011694215209, 0.000246707437327, 0.000231332902331, 0.000502272276208, 0.000139954354381, 0.000112085777801, 9.65421859291e-005, 0.000173104650457, 0.000139180774568, 0.000107415835373, 0.000134219691972, 0.000129662177642, 0.000136934322654, 0.000140641539474, 0.000223812181503, 0.000328402529703, 0.000317264406476, 0.000362356193364, 0.000296886602882, 0.000220342699322, 7.55276487325e-005, 1.27548473756e-005, 3.6526112126e-006, 1.35770449106e-006, 4.11975520365e-008, 4.18876572317e-010]
        dvar: [1.53959896047e-012, 1.28789903187e-008, 4.40759677645e-008, 4.48988721757e-008, 6.89638511631e-007, 1.80531110061e-008, 2.27276242271e-008, 1.55597863483e-008, 2.72155169512e-008, 2.87028552037e-008, 1.62334625742e-008, 2.45893811979e-008, 2.45800784171e-008, 2.81020078319e-008, 2.66937156823e-008, 3.90964203234e-008, 7.67447971839e-008, 6.63471553253e-008, 8.13281246792e-008, 6.01855631999e-008, 3.90364185421e-008, 5.09391595571e-009, 1.62762484046e-010, 1.44058914103e-011, 2.90584310086e-012, 4.12808664273e-015, 1.37448931774e-019]
        dvar2: [2.56030071276e-012, 3.30230065515e-008, 1.2301008212e-007, 1.25144154595e-007, 1.87435193766e-006, 4.59670630448e-008, 5.6868046272e-008, 4.05076967525e-008, 7.01295732597e-008, 7.46418038489e-008, 4.1046526178e-008, 6.75601654621e-008, 6.32364987041e-008, 7.50868025534e-008, 7.1526713441e-008, 1.0758741098e-007, 2.11201864886e-007, 1.78995975375e-007, 2.31847181453e-007, 1.70970380964e-007, 1.11137254066e-007, 1.45581307009e-008, 4.5557377315e-010, 4.01601113476e-011, 7.26423001612e-012, 9.8420756137e-015, 3.70444074387e-019]
        max: [8.49003208714e-006, 0.00111043965444, 0.00215625762939, 0.00243625044823, 0.00805418007076, 0.00258730608039, 0.00271432823502, 0.00226291781291, 0.00318178953603, 0.00257951603271, 0.00226066308096, 0.00437862426043, 0.00279248622246, 0.00319200824015, 0.00341127673164, 0.0050388937816, 0.00420407159254, 0.00429404899478, 0.00307104364038, 0.00318806665018, 0.00279064592905, 0.000718806753866, 0.000149476138176, 4.50419647677e-005, 3.86796964449e-005, 1.83003658094e-006, 6.45421982526e-009]
        mean: [1.1242277651e-006, 0.000121432822198, 0.000258242478594, 0.000160559779033, 0.000292573677143, 0.000137004899443, 0.000111682624265, 8.83075772435e-005, 0.00018257953343, 0.000140767195262, 0.000111633198685, 0.000143906785524, 0.000144469348015, 0.000144566438394, 0.000161796677276, 0.000257421750575, 0.000383679900551, 0.000378625758458, 0.000441612035502, 0.000359844067134, 0.000244748895057, 6.38491910649e-005, 1.1298499885e-005, 4.08460755352e-006, 1.64070661413e-006, 4.85307332099e-008, 4.24892759865e-010]
        median: [7.57620668423e-008, 8.9239954832e-005, 0.000216111162445, 8.80280567799e-005, 9.48914967012e-005, 8.90879455255e-005, 5.84319386689e-005, 4.1299550503e-005, 9.77250092546e-005, 5.97170073888e-005, 3.71113528672e-005, 5.95271849306e-005, 4.60736191599e-005, 5.36872903467e-005, 7.30747051421e-005, 0.000178507951205, 0.000281145388726, 0.000300102547044, 0.00035324995406, 0.000312036718242, 0.000227129363338, 4.73983891425e-005, 7.99201188784e-006, 2.87695047518e-006, 1.07036453301e-006, 2.52034677573e-008, 2.03569910928e-010]
        min: [1.0754671376e-025, 5.42155148963e-024, 1.47614886915e-024, 1.85348352265e-024, 1.84410862077e-023, 3.73845127289e-024, 5.60375824278e-024, 9.12555241793e-024, 2.17097077026e-023, 2.28690176889e-023, 1.19404353197e-023, 2.74970342725e-023, 2.65474003593e-023, 3.97454314232e-023, 6.69485171898e-023, 6.59354683262e-023, 1.22499622508e-022, 1.20155418198e-022, 1.73948423927e-022, 2.25082438291e-022, 2.49040535257e-022, 3.6890208068e-022, 4.01580460663e-022, 5.78184152532e-022, 9.60345584013e-022, 1.28769009355e-021, 2.21589205692e-021]
        var: [3.36298437015e-012, 1.78706969223e-008, 6.461176838e-008, 4.8723070023e-008, 5.30029865331e-007, 2.70314064466e-008, 3.00475271331e-008, 2.10449098148e-008, 5.96236660044e-008, 5.31062482878e-008, 3.57453018296e-008, 4.91499676514e-008, 5.81543702083e-008, 5.860676211e-008, 6.04858740871e-008, 8.85362609893e-008, 1.6416346682e-007, 1.46852883631e-007, 1.66988144201e-007, 1.05109123183e-007, 4.9041972261e-008, 5.1937094625e-009, 1.83054599256e-010, 2.24335602178e-011, 5.38295449881e-012, 7.23879947141e-015, 3.46264887149e-019]
    frequency_bands:
        dmean: [8.09400830803e-007, 7.05193378963e-005, 0.000147833925439, 0.000133158202516, 0.000291542615741, 8.42014196678e-005, 6.97327996022e-005, 5.89897645114e-005, 0.000106203675386, 8.53218007251e-005, 6.65821571602e-005, 8.17647305666e-005, 8.02337526693e-005, 8.27567491797e-005, 8.4214254457e-005, 0.000131759836222, 0.000195146232727, 0.000187304060091, 0.000208355151699, 0.000172097745235, 0.000125650505652, 4.17255469074e-005, 7.14825046089e-006, 2.11426822716e-006, 8.13881683825e-007, 2.49843417066e-008, 2.44099546132e-010, 4.94602171719e-011]
        dmean2: [1.02181672901e-006, 0.00011694215209, 0.000246707437327, 0.000231332902331, 0.000502272276208, 0.000139954354381, 0.000112085777801, 9.65421859291e-005, 0.000173104650457, 0.000139180774568, 0.000107415835373, 0.000134219691972, 0.000129662177642, 0.000136934322654, 0.000140641539474, 0.000223812181503, 0.000328402529703, 0.000317264406476, 0.000362356193364, 0.000296886602882, 0.000220342699322, 7.55276487325e-005, 1.27548473756e-005, 3.6526112126e-006, 1.35770449106e-006, 4.11975520365e-008, 4.18876572317e-010, 9.20302029028e-011]
        dvar: [1.53959896047e-012, 1.28789903187e-008, 4.40759677645e-008, 4.48988721757e-008, 6.89638511631e-007, 1.80531110061e-008, 2.27276242271e-008, 1.55597863483e-008, 2.72155169512e-008, 2.87028552037e-008, 1.62334625742e-008, 2.45893811979e-008, 2.45800784171e-008, 2.81020078319e-008, 2.66937156823e-008, 3.90964203234e-008, 7.67447971839e-008, 6.63471553253e-008, 8.13281246792e-008, 6.01855631999e-008, 3.90364185421e-008, 5.09391595571e-009, 1.62762484046e-010, 1.44058914103e-011, 2.90584310086e-012, 4.12808664273e-015, 1.37448931774e-019, 6.10985529183e-021]
        dvar2: [2.56030071276e-012, 3.30230065515e-008, 1.2301008212e-007, 1.25144154595e-007, 1.87435193766e-006, 4.59670630448e-008, 5.6868046272e-008, 4.05076967525e-008, 7.01295732597e-008, 7.46418038489e-008, 4.1046526178e-008, 6.75601654621e-008, 6.32364987041e-008, 7.50868025534e-008, 7.1526713441e-008, 1.0758741098e-007, 2.11201864886e-007, 1.78995975375e-007, 2.31847181453e-007, 1.70970380964e-007, 1.11137254066e-007, 1.45581307009e-008, 4.5557377315e-010, 4.01601113476e-011, 7.26423001612e-012, 9.8420756137e-015, 3.70444074387e-019, 1.94366829058e-020]
        max: [8.49003208714e-006, 0.00111043965444, 0.00215625762939, 0.00243625044823, 0.00805418007076, 0.00258730608039, 0.00271432823502, 0.00226291781291, 0.00318178953603, 0.00257951603271, 0.00226066308096, 0.00437862426043, 0.00279248622246, 0.00319200824015, 0.00341127673164, 0.0050388937816, 0.00420407159254, 0.00429404899478, 0.00307104364038, 0.00318806665018, 0.00279064592905, 0.000718806753866, 0.000149476138176, 4.50419647677e-005, 3.86796964449e-005, 1.83003658094e-006, 6.45421982526e-009, 1.05145447904e-009]
        mean: [1.1242277651e-006, 0.000121432822198, 0.000258242478594, 0.000160559779033, 0.000292573677143, 0.000137004899443, 0.000111682624265, 8.83075772435e-005, 0.00018257953343, 0.000140767195262, 0.000111633198685, 0.000143906785524, 0.000144469348015, 0.000144566438394, 0.000161796677276, 0.000257421750575, 0.000383679900551, 0.000378625758458, 0.000441612035502, 0.000359844067134, 0.000244748895057, 6.38491910649e-005, 1.1298499885e-005, 4.08460755352e-006, 1.64070661413e-006, 4.85307332099e-008, 4.24892759865e-010, 3.87021525938e-011]
        median: [7.57620668423e-008, 8.9239954832e-005, 0.000216111162445, 8.80280567799e-005, 9.48914967012e-005, 8.90879455255e-005, 5.84319386689e-005, 4.1299550503e-005, 9.77250092546e-005, 5.97170073888e-005, 3.71113528672e-005, 5.95271849306e-005, 4.60736191599e-005, 5.36872903467e-005, 7.30747051421e-005, 0.000178507951205, 0.000281145388726, 0.000300102547044, 0.00035324995406, 0.000312036718242, 0.000227129363338, 4.73983891425e-005, 7.99201188784e-006, 2.87695047518e-006, 1.07036453301e-006, 2.52034677573e-008, 2.03569910928e-010, 1.15581155757e-011]
        min: [1.0754671376e-025, 5.42155148963e-024, 1.47614886915e-024, 1.85348352265e-024, 1.84410862077e-023, 3.73845127289e-024, 5.60375824278e-024, 9.12555241793e-024, 2.17097077026e-023, 2.28690176889e-023, 1.19404353197e-023, 2.74970342725e-023, 2.65474003593e-023, 3.97454314232e-023, 6.69485171898e-023, 6.59354683262e-023, 1.22499622508e-022, 1.20155418198e-022, 1.73948423927e-022, 2.25082438291e-022, 2.49040535257e-022, 3.6890208068e-022, 4.01580460663e-022, 5.78184152532e-022, 9.60345584013e-022, 1.28769009355e-021, 2.21589205692e-021, 5.79043392452e-022]
        var: [3.36298437015e-012, 1.78706969223e-008, 6.461176838e-008, 4.8723070023e-008, 5.30029865331e-007, 2.70314064466e-008, 3.00475271331e-008, 2.10449098148e-008, 5.96236660044e-008, 5.31062482878e-008, 3.57453018296e-008, 4.91499676514e-008, 5.81543702083e-008, 5.860676211e-008, 6.04858740871e-008, 8.85362609893e-008, 1.6416346682e-007, 1.46852883631e-007, 1.66988144201e-007, 1.05109123183e-007, 4.9041972261e-008, 5.1937094625e-009, 1.83054599256e-010, 2.24335602178e-011, 5.38295449881e-012, 7.23879947141e-015, 3.46264887149e-019, 4.89523305466e-021]
    mfcc:
        mean: [-724.532470703, 94.0554733276, -57.8870277405, 44.9755172729, -14.4399366379, -6.66686916351, 0.193997576833, -3.09164094925, 0.696996569633, -4.69027233124, -5.29399681091, -1.23596036434, -5.13378429413]
        cov: [[11257.5664063, 174.577224731, 303.918334961, 2076.18579102, 437.319671631, 1732.58947754, 640.444946289, 786.830749512, 578.875549316, 137.820846558, 106.119735718, 152.559799194, -131.997344971], [174.577224731, 1093.63061523, -282.492492676, -358.677459717, -198.604431152, -360.440460205, -106.23739624, -166.937683105, -134.004425049, -95.1290054321, -106.618232727, -80.7617797852, -64.3415527344], [303.918334961, -282.492492676, 483.230255127, 277.5987854, 204.341461182, 251.410217285, 66.2703094482, 118.248283386, 38.8487663269, 6.86142206192, -2.74937582016, 13.7819337845, 23.9647159576], [2076.18579102, -358.677459717, 277.5987854, 841.952758789, 253.752426147, 545.02130127, 181.193450928, 236.528488159, 208.110351563, 71.1645050049, 65.134475708, 77.6504135132, 13.1118431091], [437.319671631, -198.604431152, 204.341461182, 253.752426147, 205.024795532, 229.992462158, 67.8337402344, 89.3313522339, 58.4284744263, 40.9571990967, 22.5400257111, 26.2978458405, 13.4896850586], [1732.58947754, -360.440460205, 251.410217285, 545.02130127, 229.992462158, 582.494445801, 233.012268066, 252.276947021, 165.936325073, 64.5629730225, 67.7251052856, 71.1824188232, 9.55806922913], [640.444946289, -106.23739624, 66.2703094482, 181.193450928, 67.8337402344, 233.012268066, 173.422851563, 130.107467651, 75.0279006958, 20.7937316895, 26.493024826, 38.8828086853, 8.32282066345], [786.830749512, -166.937683105, 118.248283386, 236.528488159, 89.3313522339, 252.276947021, 130.107467651, 181.013870239, 110.021560669, 37.4774475098, 27.7000198364, 35.6028442383, 10.1492614746], [578.875549316, -134.004425049, 38.8487663269, 208.110351563, 58.4284744263, 165.936325073, 75.0279006958, 110.021560669, 134.674972534, 58.0979576111, 38.1944503784, 29.6650352478, 3.08848190308], [137.820846558, -95.1290054321, 6.86142206192, 71.1645050049, 40.9571990967, 64.5629730225, 20.7937316895, 37.4774475098, 58.0979576111, 77.0429458618, 43.5831031799, 22.1860942841, 5.91726779938], [106.119735718, -106.618232727, -2.74937582016, 65.134475708, 22.5400257111, 67.7251052856, 26.493024826, 27.7000198364, 38.1944503784, 43.5831031799, 68.4679794312, 45.0577201843, 15.4641647339], [152.559799194, -80.7617797852, 13.7819337845, 77.6504135132, 26.2978458405, 71.1824188232, 38.8828086853, 35.6028442383, 29.6650352478, 22.1860942841, 45.0577201843, 73.5657424927, 38.1736907959], [-131.997344971, -64.3415527344, 23.9647159576, 13.1118431091, 13.4896850586, 9.55806922913, 8.32282066345, 10.1492614746, 3.08848190308, 5.91726779938, 15.4641647339, 38.1736907959, 58.744556427]]
        icov: [[0.000362801307347, -0.000448283390142, 0.000233385697356, -0.000578003353439, 0.000641685444862, -0.00124531867914, 0.000654161907732, -0.000536476902198, 0.000190302191186, -0.000229606113862, 0.000419351243181, -0.000327379588271, 0.0005287565873], [-0.000448283390142, 0.00202406500466, 0.000221431575483, 0.000599294144195, -0.000655712734442, 0.00216978997923, -0.00133408152033, 0.00079235836165, 0.000184947581147, 0.000428056024248, 0.00130439689383, -0.00044684970635, 0.000729345309082], [0.000233385697356, 0.000221431575483, 0.00468030525371, -0.000720206298865, -0.00330315763131, -0.000874896883033, 0.0016413446283, -0.00304100196809, 0.00201851921156, 0.0013235679362, 0.0010680553969, 0.000855197024066, -0.000864248489961], [-0.000578003353439, 0.000599294144195, -0.000720206298865, 0.00494237849489, -0.00215859594755, -0.00136093061883, 0.000675943680108, 0.00206956174225, -0.00444405712187, 0.00203296565451, 9.58624441409e-005, -0.00114803109318, -0.000438257440692], [0.000641685444862, -0.000655712734442, -0.00330315763131, -0.00215859594755, 0.0153936976567, -0.00649174163118, 0.0019649816677, 0.00143048865721, 0.0021715615876, -0.00728775467724, 0.00425215438008, -0.00134955870453, -7.36786896596e-005], [-0.00124531867914, 0.00216978997923, -0.000874896883033, -0.00136093061883, -0.00649174163118, 0.0158874262124, -0.0087870741263, -0.00351971318014, 0.00113794289064, 0.00216160877608, -0.00541679048911, 0.00143919407856, 0.00121092889458], [0.000654161907732, -0.00133408152033, 0.0016413446283, 0.000675943680108, 0.0019649816677, -0.0087870741263, 0.018680408597, -0.00822049099952, 0.000350738177076, 0.00150727212895, 0.00184598262422, -0.00418449938297, 0.00100334815215], [-0.000536476902198, 0.00079235836165, -0.00304100196809, 0.00206956174225, 0.00143048865721, -0.00351971318014, -0.00822049099952, 0.025201395154, -0.0124037237838, -3.21717234328e-005, 0.00394480349496, -0.000748460530303, -0.00240084528923], [0.000190302191186, 0.000184947581147, 0.00201851921156, -0.00444405712187, 0.0021715615876, 0.00113794289064, 0.000350738177076, -0.0124037237838, 0.0257248058915, -0.0119800381362, -4.27472223237e-005, 0.000378596101655, 0.0018276105402], [-0.000229606113862, 0.000428056024248, 0.0013235679362, 0.00203296565451, -0.00728775467724, 0.00216160877608, 0.00150727212895, -3.21717234328e-005, -0.0119800381362, 0.0310388002545, -0.0171728301793, 0.00480512110516, -0.00102546485141], [0.000419351243181, 0.00130439689383, 0.0010680553969, 9.58624441409e-005, 0.00425215438008, -0.00541679048911, 0.00184598262422, 0.00394480349496, -4.27472223237e-005, -0.0171728301793, 0.0420996583998, -0.0227728839964, 0.00632361602038], [-0.000327379588271, -0.00044684970635, 0.000855197024066, -0.00114803109318, -0.00134955870453, 0.00143919407856, -0.00418449938297, -0.000748460530303, 0.000378596101655, 0.00480512110516, -0.0227728839964, 0.0396251343191, -0.020778266713], [0.0005287565873, 0.000729345309082, -0.000864248489961, -0.000438257440692, -7.36786896596e-005, 0.00121092889458, 0.00100334815215, -0.00240084528923, 0.0018276105402, -0.00102546485141, 0.00632361602038, -0.020778266713, 0.0313975065947]]
    sccoeffs:
        dmean: [0.054370123893, 0.0437195971608, 0.0364796817303, 0.0276910588145, 0.0177672542632, 0.0196061842144]
        dmean2: [0.0892499014735, 0.0735192596912, 0.0618172138929, 0.0468219779432, 0.0303723625839, 0.0315526910126]
        dvar: [0.0020698395092, 0.0012293451, 0.000823414535262, 0.000468279846245, 0.000184640535736, 0.000302639353322]
        dvar2: [0.0054465928115, 0.00346134696156, 0.00231623952277, 0.00131218263414, 0.000532131642103, 0.000796678708866]
        max: [-0.269753605127, -0.544419884682, -0.574584662914, -0.648122489452, -0.720100224018, -0.569344460964]
        mean: [-0.652474105358, -0.772317111492, -0.790238678455, -0.801899790764, -0.811071455479, -0.718673288822]
        median: [-0.654584228992, -0.774906933308, -0.792130053043, -0.804531097412, -0.810877799988, -0.723393440247]
        min: [-0.980356454849, -0.986191928387, -0.988283216953, -0.971874296665, -0.966217339039, -0.961277723312]
        var: [0.00749051664025, 0.00300468644127, 0.00265994132496, 0.00144377560355, 0.000586422043853, 0.00204614107497]
    scvalleys:
        dmean: [0.410459250212, 0.337593615055, 0.280653983355, 0.225110173225, 0.213399752975, 0.266645073891]
        dmean2: [0.679693162441, 0.555249094963, 0.456149369478, 0.367700368166, 0.34600391984, 0.443999022245]
        dvar: [0.133314549923, 0.100055024028, 0.0767488256097, 0.063415966928, 0.0768375098705, 0.114249028265]
        dvar2: [0.311770707369, 0.222414076328, 0.162157431245, 0.125507250428, 0.156282797456, 0.279389590025]
        max: [-5.21703910828, -4.9368929863, -5.17360305786, -5.42238473892, -5.39564275742, -7.89189195633]
        mean: [-7.66892814636, -6.91009807587, -7.03419923782, -7.18095731735, -7.00871706009, -10.4245786667]
        median: [-6.79640579224, -6.61358785629, -6.80678272247, -6.86256027222, -6.46373081207, -9.35502529144]
        min: [-28.0303668976, -27.6907196045, -27.5629787445, -27.6172657013, -27.3456344604, -27.4254055023]
        var: [4.86323261261, 2.29235887527, 2.27841830254, 2.17337393761, 2.52323412895, 5.65894079208]

rhythm:
    beats_loudness:
        dmean: 0.00153549341485
        dmean2: 0.00272172084078
        dvar: 2.64686059381e-006
        dvar2: 7.21117612557e-006
        max: 0.0152194853872
        mean: 0.005153816659
        median: 0.00532043864951
        min: 1.66030123677e-011
        var: 9.98670566332e-006
    bpm: 129.701385498
    bpm_confidence: 0
    first_peak_bpm: 129
    first_peak_spread: 0.287037044764
    first_peak_weight: 0.679911673069
    onset_rate: 2.77125787735
    second_peak_bpm: 123
    second_peak_spread: 0.428571432829
    second_peak_weight: 0.0176600441337
    beats_loudness_band_ratio:
        dmean: [0.0729348659515, 0.140388861299, 0.0726187825203, 0.0830847769976, 0.0952871441841, 0.0715824440122]
        dmean2: [0.126007810235, 0.262232035398, 0.124429412186, 0.142572999001, 0.167447790504, 0.122003592551]
        dvar: [0.00571525562555, 0.0169999133795, 0.00630865292624, 0.00639380840585, 0.0068406923674, 0.00405584601685]
        dvar2: [0.0152486339211, 0.0456159189343, 0.0171506498009, 0.0185863692313, 0.0200754627585, 0.0108552929014]
        max: [0.612355709076, 0.70347982645, 0.796112000942, 0.614130079746, 0.604303061962, 0.528110921383]
        mean: [0.159348547459, 0.150051832199, 0.157533228397, 0.131248980761, 0.25053268671, 0.195418074727]
        median: [0.146125346422, 0.0869340524077, 0.085154466331, 0.10651832819, 0.254101216793, 0.191626146436]
        min: [0, 0, 0, 0, 0, 0]
        var: [0.0159619748592, 0.0212952531874, 0.0315615646541, 0.00874563772231, 0.0135735431686, 0.0112095465884]
    beats_position: [0.452789098024, 0.917188167572, 1.38158726692, 1.83437633514, 2.27555561066, 2.71673464775, 3.14630389214, 3.59909296036, 4.06349182129, 4.51628112793, 4.96907043457, 5.4334692955, 5.89786815643, 6.3622674942, 6.82666635513, 7.2910656929, 7.75546455383, 8.20825386047, 8.67265319824, 9.12544155121, 9.58984088898, 10.0542402267, 10.5186395645, 10.9830379486, 11.4474372864, 11.900226593, 12.3530158997, 12.8174142838, 13.2818136215, 13.7462129593, 14.2106122971, 14.6750106812, 15.1394100189, 15.5921993256, 16.0449886322, 16.50938797, 16.9737873077, 17.4381847382, 17.9025840759, 18.3669834137, 18.8313827515, 19.2957820892, 19.760181427, 20.2129707336, 20.6773700714, 21.1301574707, 21.5945568085, 22.0589561462, 22.523355484, 22.9877548218, 23.4521541595, 23.9049434662, 24.369342804, 24.8221302032, 25.286529541, 25.7509288788, 26.2153282166, 26.6797275543, 27.1441268921, 27.5969161987, 28.0613155365, 28.5141029358, 28.9785022736, 29.4429016113, 29.9073009491, 30.3717002869, 30.8360996246, 31.2888889313, 31.753288269, 32.2060775757, 32.6704750061, 33.1348762512, 33.5992736816, 34.0636711121, 34.5280723572, 34.9924697876, 35.4452590942, 35.8980484009, 36.362449646, 36.8268470764, 37.2912483215, 37.755645752, 38.2200431824, 38.6844444275, 39.1372337341, 39.5900230408, 40.0544204712, 40.5188217163, 40.9832191467, 41.4476165771, 41.9120178223, 42.3648071289, 42.8292045593, 43.281993866, 43.7463951111, 44.2107925415, 44.6751937866, 45.139591217, 45.6039886475, 46.0683898926, 46.5211791992, 46.9739685059, 47.4383659363, 47.9027671814, 48.3671646118, 48.8315620422, 49.2959632874, 49.748752594, 50.2015419006, 50.6659393311, 51.1303405762, 51.5947380066, 52.0591392517, 52.5235366821, 52.9879341125, 53.4523353577, 53.9051246643, 54.3579139709, 54.8223114014, 55.2867126465, 55.7511100769, 56.2038993835, 56.6566886902, 57.1210861206, 57.5854873657, 58.0498847961, 58.5142860413, 58.9786834717, 59.4430847168, 59.9074821472, 60.3602714539, 60.8130607605, 61.2774581909, 61.741859436, 62.2062568665, 62.6706581116, 63.135055542, 63.5994529724, 64.0638504028, 64.5166397095, 64.9694290161, 65.4338302612, 65.8982315063, 66.3626327515, 66.8270263672, 67.2798156738, 67.7442169189, 68.1970062256, 68.6614074707, 69.1258010864, 69.5902023315, 70.0546035767, 70.5189971924, 70.9833984375, 71.4361877441, 71.8889770508, 72.3533782959, 72.817779541, 73.2821731567, 73.7465744019, 74.210975647, 74.6753692627, 75.1397705078, 75.6041717529, 76.0569610596, 76.5097503662, 76.9741516113, 77.4385452271, 77.9029464722, 78.3673477173, 78.831741333, 79.2845306396, 79.7489318848, 80.2017211914, 80.6661224365, 81.1305236816, 81.5949172974, 82.0593185425, 82.5237197876, 82.9881134033, 83.44090271, 83.8936920166, 84.3580932617, 84.8224945068, 85.2868881226, 85.7512893677, 86.2156906128, 86.6800918579, 87.1328811646, 87.5856704712, 88.0500640869, 88.514465332, 88.9788665771, 89.4432601929, 89.907661438, 90.3604507446, 90.8132400513, 91.2776412964, 91.7420425415, 92.2064361572, 92.6708374023, 93.1352386475, 93.5996322632, 94.0640335083, 94.5168228149, 94.9696121216, 95.4340133667, 95.8984146118, 96.3628082275, 96.8272094727, 97.2916107178, 97.7560043335, 98.2087936401, 98.6615829468, 99.1259841919, 99.590385437, 100.054779053, 100.519180298, 100.983581543, 101.447982788, 101.912376404, 102.376777649, 102.841178894, 103.305580139, 103.758361816, 104.211151123, 104.675552368, 105.139953613, 105.604354858, 106.068748474, 106.521537781, 106.974327087, 107.438728333, 107.903129578, 108.367523193, 108.831924438, 109.296325684, 109.74911499, 110.201904297, 110.666305542, 111.130699158, 111.595100403, 112.059501648, 112.523895264, 112.988296509, 113.441085815, 113.905487061, 114.358276367, 114.822669983, 115.287071228, 115.751472473, 116.215873718, 116.691879272, 117.167892456, 117.667114258, 118.15473938, 118.653968811, 119.141586304, 119.617591858, 120.081993103, 120.557998657, 121.022399902, 121.486801147, 121.951202393, 122.415596008, 122.879997253, 123.344398499, 123.808792114, 124.273193359, 124.725982666, 125.190383911, 125.643173218, 126.107574463, 126.56036377, 127.024757385, 127.477546692, 127.941947937, 128.406341553, 128.870742798, 129.335144043, 129.799545288, 130.263946533, 130.71673584, 131.169525146, 131.633926392, 132.098312378, 132.574325562, 133.038726807, 133.503128052, 133.967529297, 134.431930542, 134.896316528, 135.360717773, 135.825119019, 136.289520264, 136.753921509, 137.218322754, 137.694335938, 138.158721924, 138.634735107, 139.110748291, 139.586761475, 140.062759399, 140.538772583, 141.003173828, 141.479187012, 141.943572998, 142.419586182, 142.895599365, 143.371612549, 143.847610474, 144.323623657, 144.799636841, 145.275650024, 145.751647949, 146.216049194, 146.680450439, 147.144851685, 147.597640991, 148.050430298, 148.514831543, 148.979232788, 149.443618774, 149.896408081, 150.360809326, 150.83682251, 151.289611816, 151.742401123, 152.206802368, 152.671203613, 153.135604858, 153.588394165, 154.06439209, 154.528793335, 154.981582642, 155.434371948, 155.898773193, 156.363174438, 156.827575684, 157.291976929, 157.756362915, 158.22076416, 158.673553467, 159.126342773, 159.590744019, 160.055145264, 160.519546509, 160.983947754, 161.448348999, 161.912734985, 162.37713623, 162.829925537, 163.282714844, 163.747116089, 164.211517334, 164.675918579, 165.140319824, 165.604721069, 166.069107056, 166.510284424, 166.974685669, 167.439086914, 167.903488159, 168.367889404, 168.832290649, 169.285079956, 169.737869263, 170.202270508, 170.666656494, 171.131057739, 171.595458984, 172.059860229, 172.524261475, 172.98866272, 173.453063965, 173.905853271, 174.358642578, 174.823028564, 175.28742981, 175.751831055, 176.2162323, 176.680633545, 177.14503479, 177.609436035, 178.062225342, 178.515014648, 178.979400635, 179.44380188, 179.908203125, 180.37260437, 180.837005615, 181.289794922, 181.754196167, 182.218597412, 182.671386719, 183.135772705, 183.60017395, 184.064575195, 184.52897644, 184.981765747, 185.446166992, 185.898956299, 186.363357544, 186.827758789, 187.292144775, 187.756546021, 188.220947266, 188.685348511, 189.138137817, 189.602539063, 190.055328369, 190.519729614, 190.984130859, 191.448516846, 191.901306152, 192.354095459, 192.818496704, 193.282897949, 193.747299194, 194.211700439, 194.676101685, 195.140487671, 195.604888916, 196.069290161, 196.533691406, 196.998092651, 197.462493896, 197.926895142, 198.391296387, 198.867294312, 199.343307495, 199.819320679, 200.295318604, 200.806167603, 201.317001343, 201.827835083, 202.315460205, 202.803085327, 203.29069519, 203.778320313, 204.277542114, 204.765167236, 205.264389038, 205.763626099, 206.2628479, 206.738861084, 207.214874268, 207.702484131, 208.166885376, 208.631286621, 209.095687866, 209.560089111, 210.036102295, 210.51210022]
