
metadata:
    version:
        essentia: "2.1-beta2"
    audio_properties:
        analysis_sample_rate: 44100
        bitrate: 320
        channels: 2
        equal_loudness: 1
        length: 191.895507813
        replay_gain: -14.4033069611
        downmix: "mix"
    tags:
        album: "Ghost Empire"
        artist: "Caliban"
        comment: "For QUALITY NEEDS Visit :
http://www.bubaneemusic2.com"
        date: "2014"
        genre: "Metalcore"
        title: "nebeL"
        tracknumber: "4/16"

configuration:
    average_loudness:
        compute: 1
        frameSize: 88200
        hopSize: 44100
        silentFrames: "noise"
        windowType: "hann"
    general:
        analysisSampleRate: 44100
        endTime: 2000
        equalLoudness: 1
        nequalLoudness: 0
        shortSound: 0
        startTime: 0
    lowlevel:
        compute: 1
        frameSize: 2048
        hopSize: 1024
        zeroPadding: 0
        silentFrames: "noise"
        windowType: "blackmanharris62"
        mfccStats: ["mean", "cov", "icov"]
        stats: ["mean", "var", "median", "min", "max", "dmean", "dmean2", "dvar", "dvar2"]
    panning:
        compute: 0
        frameSize: 8192
        hopSize: 2048
        zeroPadding: 8192
        silentFrames: "noise"
        windowType: "hann"
        stats: ["copy"]
    rhythm:
        compute: 1
        maxTempo: 208
        minTempo: 40
        method: "degara"
        stats: ["mean", "var", "median", "min", "max", "dmean", "dmean2", "dvar", "dvar2"]
    segmentation:
        compute: 0
        cpw: 5
        inc1: 300
        inc2: 50
        minimumSegmentsLength: 10
        size1: 1000
        size2: 600
    sfx:
        compute: 1
        stats: ["mean", "var", "median", "min", "max", "dmean", "dmean2", "dvar", "dvar2"]
    svm:
        compute: 0
    tonal:
        compute: 1
        frameSize: 4096
        hopSize: 2048
        zeroPadding: 0
        silentFrames: "noise"
        windowType: "blackmanharris62"
        stats: ["mean", "var", "median", "min", "max", "dmean", "dmean2", "dvar", "dvar2"]

lowlevel:
    average_loudness: 0.875008881092
    barkbands_kurtosis:
        dmean: 0.72132307291
        dmean2: 1.19579958916
        dvar: 0.883761763573
        dvar2: 2.04181003571
        max: 38.6460151672
        mean: -0.33742827177
        median: -0.632571995258
        min: -1.83759748936
        var: 2.10481262207
    barkbands_skewness:
        dmean: 0.356005609035
        dmean2: 0.581703364849
        dvar: 0.115678526461
        dvar2: 0.311704307795
        max: 4.98690509796
        mean: -0.570329546928
        median: -0.672033667564
        min: -2.86923623085
        var: 0.473019748926
    barkbands_spread:
        dmean: 5.7685251236
        dmean2: 9.46028900146
        dvar: 27.3580913544
        dvar2: 72.6515045166
        max: 63.2827720642
        mean: 33.0979919434
        median: 32.5187187195
        min: 0.983710825443
        var: 109.608528137
    dissonance:
        dmean: 0.00809221528471
        dmean2: 0.0137381888926
        dvar: 8.06026801001e-005
        dvar2: 0.000209267862374
        max: 0.500000119209
        mean: 0.48743969202
        median: 0.490637600422
        min: 0.274100512266
        var: 0.000168893791852
    hfc:
        dmean: 2.6925983429
        dmean2: 4.43968200684
        dvar: 12.2421455383
        dvar2: 32.8902893066
        max: 38.6093826294
        mean: 10.2526884079
        median: 10.2649879456
        min: 1.12256283883e-016
        var: 37.3319320679
    pitch:
        dmean: 920.820739746
        dmean2: 1738.58532715
        dvar: 1553994.25
        dvar2: 3939160.5
        max: 4777.47216797
        mean: 1416.63452148
        median: 512.794677734
        min: 70.1162719727
        var: 2122422
    pitch_instantaneous_confidence:
        dmean: 0.068839751184
        dmean2: 0.114505104721
        dvar: 0.00316469697282
        dvar2: 0.00828102231026
        max: 0.826446473598
        mean: 0.299430459738
        median: 0.28202688694
        min: 0.112973093987
        var: 0.00839660782367
    pitch_salience:
        dmean: 0.0504745170474
        dmean2: 0.0856707841158
        dvar: 0.00205523776822
        dvar2: 0.00596309546381
        max: 0.966108620167
        mean: 0.695688843727
        median: 0.70411658287
        min: 0.401679635048
        var: 0.00389618752524
    silence_rate_20dB:
        dmean: 0
        dmean2: 0
        dvar: 0
        dvar2: 0
        max: 1
        mean: 1
        median: 1
        min: 1
        var: 0
    silence_rate_30dB:
        dmean: 0
        dmean2: 0
        dvar: 0
        dvar2: 0
        max: 1
        mean: 1
        median: 1
        min: 1
        var: 0
    silence_rate_60dB:
        dmean: 0.0643678158522
        dmean2: 0.128751203418
        dvar: 0.0602286271751
        dvar2: 0.132999315858
        max: 1
        mean: 0.277280420065
        median: 0
        min: 0
        var: 0.200407281518
    spectral_centroid:
        dmean: 259.698486328
        dmean2: 426.88571167
        dvar: 79774.375
        dvar2: 202224.0625
        max: 11393.3076172
        mean: 2123.80688477
        median: 2174.13427734
        min: 190.418777466
        var: 308162.25
    spectral_complexity:
        dmean: 4.35644292831
        dmean2: 6.92884778976
        dvar: 17.9292755127
        dvar2: 43.5776786804
        max: 48
        mean: 19.8048629761
        median: 22
        min: 0
        var: 113.520561218
    spectral_crest:
        dmean: 1.57660710812
        dmean2: 2.69727730751
        dvar: 2.70927357674
        dvar2: 7.44402980804
        max: 18.4016990662
        mean: 5.50226736069
        median: 4.84301567078
        min: 2.2478761673
        var: 4.73397922516
    spectral_decrease:
        dmean: 2.6127069952e-010
        dmean2: 4.15752210436e-010
        dvar: 1.10238088816e-019
        dvar2: 2.74705492357e-019
        max: 8.53210257079e-029
        mean: -1.02742747643e-009
        median: -1.00803765335e-009
        min: -3.93267773902e-009
        var: 3.73990120125e-019
    spectral_energy:
        dmean: 0.00119034235831
        dmean2: 0.00189414143097
        dvar: 2.16519197238e-006
        dvar2: 5.40558221473e-006
        max: 0.0177960917354
        mean: 0.00480767851695
        median: 0.00476025883108
        min: 1.04593765361e-020
        var: 7.90016656538e-006
    spectral_energyband_high:
        dmean: 0.000256386236288
        dmean2: 0.000441187759861
        dvar: 1.26573183934e-007
        dvar2: 3.49034195324e-007
        max: 0.00352196162567
        mean: 0.000641681428533
        median: 0.000593028962612
        min: 7.27563752215e-021
        var: 2.07959843124e-007
    spectral_energyband_low:
        dmean: 0.000224803327001
        dmean2: 0.000380920915632
        dvar: 9.91200153067e-008
        dvar2: 2.79363206346e-007
        max: 0.00342973554507
        mean: 0.000470961182145
        median: 0.00044085533591
        min: 2.37984883173e-023
        var: 1.35400242129e-007
    spectral_energyband_middle_high:
        dmean: 0.000727138365619
        dmean2: 0.00116101908498
        dvar: 6.87610395289e-007
        dvar2: 1.76626235771e-006
        max: 0.0139671973884
        mean: 0.00289793452248
        median: 0.00274532055482
        min: 1.34717782936e-021
        var: 3.724254384e-006
    spectral_energyband_middle_low:
        dmean: 0.000515945255756
        dmean2: 0.000858702289406
        dvar: 9.85918404695e-007
        dvar2: 2.61345530816e-006
        max: 0.00972848851234
        mean: 0.000894138240255
        median: 0.000611200754065
        min: 1.47757446702e-022
        var: 1.06555910406e-006
    spectral_flatness_db:
        dmean: 0.0114649794996
        dmean2: 0.018391571939
        dvar: 0.000103582482552
        dvar2: 0.00026410157443
        max: 0.493702024221
        mean: 0.136198088527
        median: 0.128042340279
        min: 0.0640313029289
        var: 0.00107435847167
    spectral_flux:
        dmean: 0.00659229839221
        dmean2: 0.00996355339885
        dvar: 5.34178761882e-005
        dvar2: 0.000104463128082
        max: 0.0999349355698
        mean: 0.0423036776483
        median: 0.0436121374369
        min: 6.5719894804e-011
        var: 0.00028257642407
    spectral_kurtosis:
        dmean: 1.14849591255
        dmean2: 1.97557199001
        dvar: 23.2997875214
        dvar2: 60.1624641418
        max: 308.271270752
        mean: 3.31802558899
        median: 2.90557575226
        min: -1.25473213196
        var: 59.8322029114
    spectral_rms:
        dmean: 0.000248161115451
        dmean2: 0.000387318897992
        dvar: 7.51238289354e-008
        dvar2: 1.81255046527e-007
        max: 0.00416677817702
        mean: 0.00204360391945
        median: 0.00215503014624
        min: 3.19441239953e-012
        var: 5.14110979566e-007
    spectral_rolloff:
        dmean: 324.996856689
        dmean2: 545.670410156
        dvar: 152341.03125
        dvar2: 359545.125
        max: 19293.75
        mean: 3704.82861328
        median: 3789.84375
        min: 258.3984375
        var: 705119.25
    spectral_skewness:
        dmean: 0.156876534224
        dmean2: 0.262699306011
        dvar: 0.044063244015
        dvar2: 0.114393360913
        max: 14.1806592941
        mean: 1.15113449097
        median: 1.16239261627
        min: -0.0521546900272
        var: 0.225331127644
    spectral_spread:
        dmean: 364659.78125
        dmean2: 542982.8125
        dvar: 383053496320
        dvar2: 598053879808
        max: 41778164
        mean: 4242771
        median: 4192338.75
        min: 340435.3125
        var: 2.6985538519e+012
    spectral_strongpeak:
        dmean: 0.511594772339
        dmean2: 0.899397134781
        dvar: 0.449658304453
        dvar2: 1.17675793171
        max: 6.70309019089
        mean: 0.64091604948
        median: 0.241558507085
        min: 2.84540307982e-010
        var: 0.658903419971
    zerocrossingrate:
        dmean: 0.00681862747297
        dmean2: 0.0088409986347
        dvar: 4.89667036163e-005
        dvar2: 6.45731197437e-005
        max: 0.513671875
        mean: 0.113885961473
        median: 0.11572265625
        min: 0.00927734375
        var: 0.000598531856667
    barkbands:
        dmean: [6.58911858409e-007, 8.38445921545e-005, 0.000154085413669, 0.000138968229294, 0.000246264273301, 9.02678366401e-005, 6.37780758552e-005, 5.45477087144e-005, 0.000116576251457, 9.24018022488e-005, 9.03243053472e-005, 7.60951297707e-005, 0.000111274406663, 7.46498844819e-005, 0.000120477590826, 0.000167106438312, 0.000233434708207, 0.000204977855901, 0.000220435555093, 0.000177187161171, 0.000129653635668, 4.17950686824e-005, 8.81131109054e-006, 3.22489836435e-006, 1.14750093871e-006, 3.24316999922e-008, 2.85556051027e-010]
        dmean2: [8.86206009909e-007, 0.000139247495099, 0.000263392314082, 0.000242097012233, 0.000425027188612, 0.000150351697812, 0.000106098836113, 9.07614085008e-005, 0.000190393911907, 0.000147529892274, 0.000146789869177, 0.00012459413847, 0.000182321193279, 0.000120578130009, 0.000195788219571, 0.000278982828604, 0.000389945926145, 0.00034420582233, 0.000372336391592, 0.000300783809507, 0.000223980168812, 7.26226426195e-005, 1.44819641719e-005, 5.03438559463e-006, 1.76242622274e-006, 5.01250028151e-008, 4.83726503298e-010]
        dvar: [1.35121026781e-012, 1.40394078585e-008, 4.47567778394e-008, 6.02982481723e-008, 5.80096923386e-007, 2.93112947247e-008, 1.92106917041e-008, 2.22713953946e-008, 5.56520802775e-008, 3.83543827809e-008, 5.61775728158e-008, 1.78488690494e-008, 6.57735697018e-008, 1.96706633204e-008, 4.81021977805e-008, 8.25017565376e-008, 9.08556145873e-008, 6.64814052698e-008, 7.15129004902e-008, 4.52488748692e-008, 2.95327566846e-008, 4.45488179679e-009, 2.3390428483e-010, 5.77265180102e-011, 6.47649035096e-012, 6.21937541411e-015, 1.81403383745e-019]
        dvar2: [2.43367630735e-012, 3.66588004397e-008, 1.27940111838e-007, 1.65100388472e-007, 1.57733836659e-006, 7.04928240225e-008, 4.71062548968e-008, 5.69408022955e-008, 1.41148575494e-007, 9.354606334e-008, 1.43840452438e-007, 4.77764068307e-008, 1.74893472149e-007, 4.84192312911e-008, 1.25457447098e-007, 2.2820726997e-007, 2.39387077272e-007, 1.71946837213e-007, 1.96931182472e-007, 1.24876166296e-007, 8.19383814132e-008, 1.20856045172e-008, 5.49243539538e-010, 1.21867585468e-010, 1.22711537112e-011, 1.35366774756e-014, 4.70108455605e-019]
        max: [9.0676930995e-006, 0.00108121032827, 0.00238751852885, 0.00415252009407, 0.00704753631726, 0.0035104365088, 0.00407012598589, 0.00486581912264, 0.00554343219846, 0.00439264113083, 0.00425735721365, 0.00231949356385, 0.00781100383028, 0.0040175030008, 0.00503112748265, 0.00901874341071, 0.00533382315189, 0.00470859277993, 0.00334028224461, 0.00279709207825, 0.00199936935678, 0.000918844249099, 0.000254300044617, 0.000157022819621, 4.52807289548e-005, 2.26442966778e-006, 1.30829178602e-008]
        mean: [9.57007728175e-007, 0.000152319524204, 0.000252920872299, 0.000142224147567, 0.000234604056459, 0.000127739243908, 9.07637731871e-005, 7.26079088054e-005, 0.000182682881132, 0.000154517532792, 0.000142370452522, 0.00013664085418, 0.000190846549231, 0.000126793122035, 0.000232956619584, 0.000340168830007, 0.000482155155623, 0.000446201767772, 0.000499480171129, 0.000410096836276, 0.000291045143967, 7.25228383089e-005, 1.6079746274e-005, 6.53838651488e-006, 2.39324572249e-006, 6.47465299153e-008, 5.02246966239e-010]
        median: [8.2776665522e-008, 0.0001258043485, 0.000191163038835, 5.56377854082e-005, 7.24179990357e-005, 6.67625135975e-005, 5.03443516209e-005, 3.22277410305e-005, 9.18910518521e-005, 6.66726700729e-005, 5.00294627273e-005, 7.18046358088e-005, 8.35500759422e-005, 6.56165138935e-005, 0.00013150482846, 0.000233159284107, 0.000369164161384, 0.00038049381692, 0.000446090882178, 0.000372876529582, 0.000267054769211, 5.29729004484e-005, 9.35725256568e-006, 3.388701316e-006, 1.32695890898e-006, 3.61162406648e-008, 3.17769033309e-010]
        min: [5.15806879184e-024, 7.44039090764e-024, 1.80296013711e-024, 5.95292661767e-024, 4.39151726745e-024, 2.25828710173e-023, 1.25012128714e-023, 2.40759496304e-023, 4.39751142704e-023, 2.38924889828e-023, 2.59941217194e-023, 2.75576440335e-023, 1.90796422892e-023, 6.52597994945e-023, 7.13162633171e-023, 6.50773580552e-023, 1.33871651991e-022, 1.4253988281e-022, 1.86083136755e-022, 2.14033463126e-022, 2.13031546667e-022, 4.15476352794e-022, 5.48038659765e-022, 7.10908775524e-022, 1.00615656694e-021, 1.23888169162e-021, 2.1206128057e-021]
        var: [2.89523439945e-012, 1.89621527369e-008, 6.19081745867e-008, 5.69589850841e-008, 4.33684590462e-007, 4.39488907489e-008, 2.52375613741e-008, 2.4633198592e-008, 9.21788654296e-008, 8.36837799056e-008, 1.08308533697e-007, 3.81302420749e-008, 1.33642942046e-007, 3.60297356394e-008, 1.09591539399e-007, 2.23271570121e-007, 2.114880715e-007, 1.33064716579e-007, 1.26701692693e-007, 8.22140719947e-008, 4.45782397662e-008, 6.5052567777e-009, 5.8253396551e-010, 1.45451470313e-010, 1.72497693213e-011, 1.27726427457e-014, 3.71409445861e-019]
    frequency_bands:
        dmean: [6.58911858409e-007, 8.38445921545e-005, 0.000154085413669, 0.000138968229294, 0.000246264273301, 9.02678366401e-005, 6.37780758552e-005, 5.45477087144e-005, 0.000116576251457, 9.24018022488e-005, 9.03243053472e-005, 7.60951297707e-005, 0.000111274406663, 7.46498844819e-005, 0.000120477590826, 0.000167106438312, 0.000233434708207, 0.000204977855901, 0.000220435555093, 0.000177187161171, 0.000129653635668, 4.17950686824e-005, 8.81131109054e-006, 3.22489836435e-006, 1.14750093871e-006, 3.24316999922e-008, 2.85556051027e-010, 5.54336160308e-011]
        dmean2: [8.86206009909e-007, 0.000139247495099, 0.000263392314082, 0.000242097012233, 0.000425027188612, 0.000150351697812, 0.000106098836113, 9.07614085008e-005, 0.000190393911907, 0.000147529892274, 0.000146789869177, 0.00012459413847, 0.000182321193279, 0.000120578130009, 0.000195788219571, 0.000278982828604, 0.000389945926145, 0.00034420582233, 0.000372336391592, 0.000300783809507, 0.000223980168812, 7.26226426195e-005, 1.44819641719e-005, 5.03438559463e-006, 1.76242622274e-006, 5.01250028151e-008, 4.83726503298e-010, 1.02497760279e-010]
        dvar: [1.35121026781e-012, 1.40394078585e-008, 4.47567778394e-008, 6.02982481723e-008, 5.80096923386e-007, 2.93112947247e-008, 1.92106917041e-008, 2.22713953946e-008, 5.56520802775e-008, 3.83543827809e-008, 5.61775728158e-008, 1.78488690494e-008, 6.57735697018e-008, 1.96706633204e-008, 4.81021977805e-008, 8.25017565376e-008, 9.08556145873e-008, 6.64814052698e-008, 7.15129004902e-008, 4.52488748692e-008, 2.95327566846e-008, 4.45488179679e-009, 2.3390428483e-010, 5.77265180102e-011, 6.47649035096e-012, 6.21937541411e-015, 1.81403383745e-019, 6.32342904469e-021]
        dvar2: [2.43367630735e-012, 3.66588004397e-008, 1.27940111838e-007, 1.65100388472e-007, 1.57733836659e-006, 7.04928240225e-008, 4.71062548968e-008, 5.69408022955e-008, 1.41148575494e-007, 9.354606334e-008, 1.43840452438e-007, 4.77764068307e-008, 1.74893472149e-007, 4.84192312911e-008, 1.25457447098e-007, 2.2820726997e-007, 2.39387077272e-007, 1.71946837213e-007, 1.96931182472e-007, 1.24876166296e-007, 8.19383814132e-008, 1.20856045172e-008, 5.49243539538e-010, 1.21867585468e-010, 1.22711537112e-011, 1.35366774756e-014, 4.70108455605e-019, 2.0069497077e-020]
        max: [9.0676930995e-006, 0.00108121032827, 0.00238751852885, 0.00415252009407, 0.00704753631726, 0.0035104365088, 0.00407012598589, 0.00486581912264, 0.00554343219846, 0.00439264113083, 0.00425735721365, 0.00231949356385, 0.00781100383028, 0.0040175030008, 0.00503112748265, 0.00901874341071, 0.00533382315189, 0.00470859277993, 0.00334028224461, 0.00279709207825, 0.00199936935678, 0.000918844249099, 0.000254300044617, 0.000157022819621, 4.52807289548e-005, 2.26442966778e-006, 1.30829178602e-008, 8.88043749647e-010]
        mean: [9.57007728175e-007, 0.000152319524204, 0.000252920872299, 0.000142224147567, 0.000234604056459, 0.000127739243908, 9.07637731871e-005, 7.26079088054e-005, 0.000182682881132, 0.000154517532792, 0.000142370452522, 0.00013664085418, 0.000190846549231, 0.000126793122035, 0.000232956619584, 0.000340168830007, 0.000482155155623, 0.000446201767772, 0.000499480171129, 0.000410096836276, 0.000291045143967, 7.25228383089e-005, 1.6079746274e-005, 6.53838651488e-006, 2.39324572249e-006, 6.47465299153e-008, 5.02246966239e-010, 4.32891465729e-011]
        median: [8.2776665522e-008, 0.0001258043485, 0.000191163038835, 5.56377854082e-005, 7.24179990357e-005, 6.67625135975e-005, 5.03443516209e-005, 3.22277410305e-005, 9.18910518521e-005, 6.66726700729e-005, 5.00294627273e-005, 7.18046358088e-005, 8.35500759422e-005, 6.56165138935e-005, 0.00013150482846, 0.000233159284107, 0.000369164161384, 0.00038049381692, 0.000446090882178, 0.000372876529582, 0.000267054769211, 5.29729004484e-005, 9.35725256568e-006, 3.388701316e-006, 1.32695890898e-006, 3.61162406648e-008, 3.17769033309e-010, 1.49923753967e-011]
        min: [5.15806879184e-024, 7.44039090764e-024, 1.80296013711e-024, 5.95292661767e-024, 4.39151726745e-024, 2.25828710173e-023, 1.25012128714e-023, 2.40759496304e-023, 4.39751142704e-023, 2.38924889828e-023, 2.59941217194e-023, 2.75576440335e-023, 1.90796422892e-023, 6.52597994945e-023, 7.13162633171e-023, 6.50773580552e-023, 1.33871651991e-022, 1.4253988281e-022, 1.86083136755e-022, 2.14033463126e-022, 2.13031546667e-022, 4.15476352794e-022, 5.48038659765e-022, 7.10908775524e-022, 1.00615656694e-021, 1.23888169162e-021, 2.1206128057e-021, 6.90050737831e-022]
        var: [2.89523439945e-012, 1.89621527369e-008, 6.19081745867e-008, 5.69589850841e-008, 4.33684590462e-007, 4.39488907489e-008, 2.52375613741e-008, 2.4633198592e-008, 9.21788654296e-008, 8.36837799056e-008, 1.08308533697e-007, 3.81302420749e-008, 1.33642942046e-007, 3.60297356394e-008, 1.09591539399e-007, 2.23271570121e-007, 2.114880715e-007, 1.33064716579e-007, 1.26701692693e-007, 8.22140719947e-008, 4.45782397662e-008, 6.5052567777e-009, 5.8253396551e-010, 1.45451470313e-010, 1.72497693213e-011, 1.27726427457e-014, 3.71409445861e-019, 5.1479609656e-021]
    mfcc:
        mean: [-695.650939941, 89.9270553589, -58.7233505249, 55.1618881226, -10.9625835419, 2.60417318344, 5.23308515549, 0.746496677399, 6.01161766052, -2.01048398018, -2.48183393478, 1.49027967453, -2.78648519516]
        cov: [[4962.171875, -429.866668701, -96.9395599365, 85.7193145752, 109.586738586, 447.24810791, 24.81291008, 352.495635986, 51.6145210266, 49.9927597046, -95.3559265137, 36.1188316345, 24.2080173492], [-429.866668701, 614.632202148, -164.904754639, 53.2195053101, -101.625099182, -66.7686538696, 53.0541534424, -86.1367263794, -4.46798563004, -42.4935684204, 32.0516319275, -15.8579139709, -20.2223129272], [-96.9395599365, -164.904754639, 439.803222656, 35.9920883179, 84.7847900391, -0.117315493524, -21.1372795105, 17.2799339294, -56.309299469, -15.3410243988, -34.4875907898, -12.9961700439, -7.39314603806], [85.7193145752, 53.2195053101, 35.9920883179, 237.064926147, 69.2205963135, 19.7252063751, -19.2737960815, -13.5531158447, 19.0238227844, -9.33143997192, -10.8681287766, 12.3162326813, 1.72517204285], [109.586738586, -101.625099182, 84.7847900391, 69.2205963135, 139.58190918, 50.2576980591, -9.47267150879, 9.09104347229, 5.65761089325, 4.04217004776, -18.1649627686, 6.2006316185, -1.95470547676], [447.24810791, -66.7686538696, -0.117315493524, 19.7252063751, 50.2576980591, 129.881774902, 45.4738121033, 60.1402740479, 3.97053599358, 5.36431884766, -11.482208252, 5.19019079208, 1.42937195301], [24.81291008, 53.0541534424, -21.1372795105, -19.2737960815, -9.47267150879, 45.4738121033, 118.768089294, 42.3394966125, 6.49242162704, -6.53264856339, 5.07669258118, 5.53359222412, -4.22258281708], [352.495635986, -86.1367263794, 17.2799339294, -13.5531158447, 9.09104347229, 60.1402740479, 42.3394966125, 105.371498108, 32.5305519104, 17.0950260162, -10.5183448792, 6.00509738922, 3.09674715996], [51.6145210266, -4.46798563004, -56.309299469, 19.0238227844, 5.65761089325, 3.97053599358, 6.49242162704, 32.5305519104, 87.7180480957, 41.840587616, 11.2257003784, 11.5216569901, 0.904368042946], [49.9927597046, -42.4935684204, -15.3410243988, -9.33143997192, 4.04217004776, 5.36431884766, -6.53264856339, 17.0950260162, 41.840587616, 69.0209960938, 27.2244720459, 13.4073028564, -2.08720541], [-95.3559265137, 32.0516319275, -34.4875907898, -10.8681287766, -18.1649627686, -11.482208252, 5.07669258118, -10.5183448792, 11.2257003784, 27.2244720459, 60.3048629761, 25.0368156433, 2.57115888596], [36.1188316345, -15.8579139709, -12.9961700439, 12.3162326813, 6.2006316185, 5.19019079208, 5.53359222412, 6.00509738922, 11.5216569901, 13.4073028564, 25.0368156433, 61.6553497314, 26.5464229584], [24.2080173492, -20.2223129272, -7.39314603806, 1.72517204285, -1.95470547676, 1.42937195301, -4.22258281708, 3.09674715996, 0.904368042946, -2.08720541, 2.57115888596, 26.5464229584, 54.7197761536]]
        icov: [[0.000378914672183, 1.27952835101e-005, 0.00019455763686, -0.000150420280988, 0.000241001733229, -0.00109938543756, 0.000692355737556, -0.00100249412935, 0.000363103492418, -0.000191452520085, 0.000447861442808, -0.000308216636768, 0.000130792483105], [1.27952835101e-005, 0.00300153181888, 0.000587924267165, -0.0013548907591, 0.00180764624383, 0.000467351521365, -0.00216273148544, 0.00236215349287, -0.00080651481403, 0.00168918911368, -0.00127618561964, 0.000914426171221, 0.000671638175845], [0.00019455763686, 0.000587924267165, 0.0036269526463, -0.000792937353253, -0.00200277590193, 0.00173391180579, 1.77318015631e-005, -0.00263002305292, 0.00384031538852, -0.00115715991706, 0.000866526446771, 0.000282551569398, 0.000394208967919], [-0.000150420280988, -0.0013548907591, -0.000792937353253, 0.00625488488004, -0.00287687336095, -0.00102958583739, 0.00154085562099, 0.00130746804643, -0.00298389443196, 0.00193451566156, 0.000590348034166, -0.00174330885056, 0.000171638428583], [0.000241001733229, 0.00180764624383, -0.00200277590193, -0.00287687336095, 0.0136225838214, -0.00649693422019, 0.00063647335628, 0.00414395472035, -0.00300487969071, 0.000103965896415, 0.00259971898049, -0.00210064090788, 0.00180302432273], [-0.00109938543756, 0.000467351521365, 0.00173391180579, -0.00102958583739, -0.00649693422019, 0.0188716426492, -0.0061171175912, -0.00540825771168, 0.00488775130361, -0.00207075895742, -0.000588905415498, 0.00163550418802, -0.000890740309842], [0.000692355737556, -0.00216273148544, 1.77318015631e-005, 0.00154085562099, 0.00063647335628, -0.0061171175912, 0.0147507349029, -0.00688413437456, -0.000130280153826, 0.00303959380835, -0.00132236501668, -0.00238415249623, 0.00189551303629], [-0.00100249412935, 0.00236215349287, -0.00263002305292, 0.00130746804643, 0.00414395472035, -0.00540825771168, -0.00688413437456, 0.0242983549833, -0.0103177446872, 0.000496399821714, 0.00284546473995, -0.000493137980811, -0.000402143166866], [0.000363103492418, -0.00080651481403, 0.00384031538852, -0.00298389443196, -0.00300487969071, 0.00488775130361, -0.000130280153826, -0.0103177446872, 0.0243456009775, -0.0137256188318, 0.0028855802957, -0.000757236324716, -0.000201052462216], [-0.000191452520085, 0.00168918911368, -0.00115715991706, 0.00193451566156, 0.000103965896415, -0.00207075895742, 0.00303959380835, 0.000496399821714, -0.0137256188318, 0.0294905938208, -0.0129131171852, -1.76608809852e-005, 0.00272294320166], [0.000447861442808, -0.00127618561964, 0.000866526446771, 0.000590348034166, 0.00259971898049, -0.000588905415498, -0.00132236501668, 0.00284546473995, 0.0028855802957, -0.0129131171852, 0.0300888828933, -0.0122507838532, 0.00326309539378], [-0.000308216636768, 0.000914426171221, 0.000282551569398, -0.00174330885056, -0.00210064090788, 0.00163550418802, -0.00238415249623, -0.000493137980811, -0.000757236324716, -1.76608809852e-005, -0.0122507838532, 0.0279592070729, -0.0126828867942], [0.000130792483105, 0.000671638175845, 0.000394208967919, 0.000171638428583, 0.00180302432273, -0.000890740309842, 0.00189551303629, -0.000402143166866, -0.000201052462216, 0.00272294320166, 0.00326309539378, -0.0126828867942, 0.0248765926808]]
    sccoeffs:
        dmean: [0.0547314658761, 0.0456137806177, 0.0370210669935, 0.0290424767882, 0.018264496699, 0.0176277533174]
        dmean2: [0.0915881842375, 0.0773650333285, 0.0616236925125, 0.0488845519722, 0.0309473946691, 0.0278027597815]
        dvar: [0.00206800014712, 0.00134827836882, 0.000828733667731, 0.00051341613289, 0.00020609908097, 0.000231552519836]
        dvar2: [0.00576901808381, 0.00376891600899, 0.00227860966697, 0.00142030860297, 0.000579029030632, 0.000556092360057]
        max: [-0.342576295137, -0.489317893982, -0.543995261192, -0.589664518833, -0.665627241135, -0.554248034954]
        mean: [-0.675826191902, -0.783762037754, -0.792672932148, -0.792984366417, -0.806441962719, -0.71586304903]
        median: [-0.674661040306, -0.789266228676, -0.798826992512, -0.796904802322, -0.807432055473, -0.725020647049]
        min: [-0.967354655266, -0.977522671223, -0.973364591599, -0.964556276798, -0.965940535069, -0.962667346001]
        var: [0.00582552375272, 0.00301834638231, 0.00270655471832, 0.00186652096454, 0.00069203611929, 0.00241375551559]
    scvalleys:
        dmean: [0.402148544788, 0.343598812819, 0.282906293869, 0.22792725265, 0.187170639634, 0.230405107141]
        dmean2: [0.666471064091, 0.571464240551, 0.458183288574, 0.362645030022, 0.30117559433, 0.353519201279]
        dvar: [0.118226252496, 0.0900205522776, 0.0630407854915, 0.0467292964458, 0.0451241247356, 0.0790511593223]
        dvar2: [0.29238769412, 0.214994296432, 0.14264382422, 0.0938926935196, 0.0901523903012, 0.176825791597]
        max: [-5.1713514328, -4.89552497864, -5.0747256279, -5.57828998566, -5.56673622131, -7.53812742233]
        mean: [-6.99194526672, -6.76162242889, -6.82820415497, -6.88252258301, -6.61751651764, -9.78355407715]
        median: [-6.87836885452, -6.66106843948, -6.68120241165, -6.70268726349, -6.38288784027, -9.26704311371]
        min: [-27.6951942444, -27.8569526672, -27.4276924133, -27.3877620697, -27.3825893402, -27.3371639252]
        var: [1.20641088486, 0.977052688599, 1.11036431789, 1.07255852222, 1.08358597755, 2.83884739876]

rhythm:
    beats_loudness:
        dmean: 0.00176088907756
        dmean2: 0.00308106676675
        dvar: 2.99494877254e-006
        dvar2: 8.27279927762e-006
        max: 0.0177036225796
        mean: 0.00547062046826
        median: 0.00560029409826
        min: 4.13115230913e-008
        var: 8.61964326759e-006
    bpm: 164.481048584
    bpm_confidence: 0
    first_peak_bpm: 167
    first_peak_spread: 0
    first_peak_weight: 0.478846162558
    onset_rate: 2.47009444237
    second_peak_bpm: 161
    second_peak_spread: 0.205128192902
    second_peak_weight: 0.357692301273
    beats_loudness_band_ratio:
        dmean: [0.0779569298029, 0.0959876105189, 0.0587235242128, 0.0794102922082, 0.106129102409, 0.0791965201497]
        dmean2: [0.135920464993, 0.175449609756, 0.0995741561055, 0.135808050632, 0.184204280376, 0.134640425444]
        dvar: [0.00472632283345, 0.0110211055726, 0.00513099180534, 0.00731594162062, 0.00831534154713, 0.00444357190281]
        dvar2: [0.0125693297014, 0.0288181602955, 0.013046246022, 0.0175269898027, 0.0235776975751, 0.0121684074402]
        max: [0.748071908951, 0.82207351923, 0.723841488361, 0.606771528721, 0.775924682617, 0.658789336681]
        mean: [0.156287178397, 0.100356072187, 0.0980420261621, 0.129781514406, 0.314860552549, 0.236245423555]
        median: [0.126551434398, 0.0491148754954, 0.0643117502332, 0.0933960899711, 0.310806393623, 0.227258518338]
        min: [0.000189490179764, 0.00208037067205, 0.00925897341222, 0.00795174017549, 0.00339434295893, 0.00150940520689]
        var: [0.0152629511431, 0.0141012435779, 0.00920582935214, 0.011781794019, 0.0160945113748, 0.00868799071759]
    beats_position: [0.383129239082, 0.777868449688, 1.16099774837, 1.54412698746, 1.91564619541, 2.28716540337, 2.65868473053, 3.03020405769, 3.40172338486, 3.7732424736, 4.14476203918, 4.51628112793, 4.8994102478, 5.28253936768, 5.66566896439, 6.04879808426, 6.43192720413, 6.80344676971, 7.17496585846, 7.5464849472, 7.91800451279, 8.28952407837, 8.66104316711, 9.03256225586, 9.4040813446, 9.77560043335, 10.1471195221, 10.5302495956, 10.9133787155, 11.3081178665, 11.7028570175, 12.0743761063, 12.445895195, 12.8174142838, 13.1889343262, 13.5604534149, 13.9203624725, 14.2802715302, 14.6401815414, 15.0000905991, 15.3716096878, 15.7431287766, 16.1030387878, 16.4745578766, 16.8344669342, 17.2059860229, 17.5658950806, 17.9258041382, 18.2741031647, 18.6456241608, 19.0171432495, 19.3770523071, 19.7369613647, 20.1084804535, 20.4683895111, 20.8282985687, 21.1998176575, 21.5597267151, 21.9196376801, 22.2795467377, 22.6394557953, 23.010974884, 23.3824939728, 23.7424030304, 24.102312088, 24.4622211456, 24.8337402344, 25.1936511993, 25.5651702881, 25.9250793457, 26.2849884033, 26.6448974609, 27.0048065186, 27.3763256073, 27.7362346649, 28.0961437225, 28.4560546875, 28.8159637451, 29.1874828339, 29.5590019226, 29.9189109802, 30.2788200378, 30.6503391266, 31.0102481842, 31.3701572418, 31.7416782379, 32.1131973267, 32.4731063843, 32.8330154419, 33.1929244995, 33.5528335571, 33.9243545532, 34.2842636108, 34.6441726685, 35.0040817261, 35.3639907837, 35.7238998413, 36.0954170227, 36.455329895, 36.8268470764, 37.186756134, 37.5466651917, 37.9065742493, 38.2664833069, 38.638004303, 38.9979133606, 39.3578224182, 39.7293434143, 40.1008605957, 40.4607696533, 40.8206787109, 41.192199707, 41.5637168884, 41.923625946, 42.2835350037, 42.6550559998, 43.0149650574, 43.374874115, 43.7347831726, 44.0946922302, 44.4662132263, 44.8261222839, 45.1860313416, 45.5575485229, 45.9174575806, 46.2773704529, 46.6372795105, 46.9971885681, 47.3687057495, 47.7402267456, 48.1001358032, 48.4716529846, 48.8315620422, 49.1914749146, 49.5513839722, 49.9112930298, 50.2828102112, 50.6543312073, 51.0142402649, 51.3741493225, 51.7340583801, 52.0939674377, 52.4538764954, 52.813785553, 53.1736946106, 53.5452156067, 53.9051246643, 54.2766418457, 54.6481628418, 55.0080718994, 55.367980957, 55.7278900146, 56.0877990723, 56.4593200684, 56.819229126, 57.1907463074, 57.5622673035, 57.9105644226, 58.2704734802, 58.6303825378, 59.0019035339, 59.37342453, 59.7449417114, 60.1164627075, 60.4879798889, 60.859500885, 61.2426300049, 61.6141471863, 61.9972763062, 62.380405426, 62.7635345459, 63.1466636658, 63.5181846619, 63.9013137817, 64.2728347778, 64.6443557739, 65.0042648315, 65.3641738892, 65.7356872559, 66.0955963135, 66.4555053711, 66.8154220581, 67.1753311157, 67.5468444824, 67.9183654785, 68.2782745361, 68.6381835938, 68.9980926514, 69.358001709, 69.7295227051, 70.1010437012, 70.4609527588, 70.8208618164, 71.1923828125, 71.5638961792, 71.9470291138, 72.3185501099, 72.701675415, 73.0848083496, 73.4795455933, 73.8626708984, 74.245803833, 74.6289291382, 75.0004501343, 75.3719711304, 75.7434921265, 76.1150131226, 76.4749221802, 76.8348312378, 77.2063446045, 77.5662536621, 77.9261627197, 78.2860794067, 78.6459884644, 79.0175018311, 79.3890228271, 79.7489318848, 80.1088409424, 80.46875, 80.8286590576, 81.2001800537, 81.5600891113, 81.9199981689, 82.291519165, 82.6514282227, 83.0113372803, 83.3828582764, 83.742767334, 84.1026763916, 84.4741897583, 84.8341064453, 85.1940155029, 85.5539245605, 85.9138336182, 86.2737426758, 86.6336517334, 87.0051651001, 87.3766860962, 87.7365951538, 88.0965042114, 88.4680252075, 88.8279342651, 89.1878433228, 89.5593643188, 89.9192733765, 90.2791824341, 90.6507034302, 91.0106124878, 91.3705215454, 91.730430603, 92.0903396606, 92.4618606567, 92.8217697144, 93.181678772, 93.5531921387, 93.9247131348, 94.2846221924, 94.64453125, 95.0160522461, 95.3875732422, 95.7474822998, 96.1073913574, 96.4789123535, 96.8388214111, 97.1987304688, 97.5586395264, 97.918548584, 98.2900695801, 98.6499786377, 99.0098876953, 99.381401062, 99.7529220581, 100.101219177, 100.461128235, 100.821044922, 101.192558289, 101.564079285, 101.923988342, 102.2838974, 102.643806458, 103.003715515, 103.375236511, 103.735145569, 104.106666565, 104.466575623, 104.82648468, 105.198005676, 105.557914734, 105.917823792, 106.277732849, 106.637641907, 106.997550964, 107.36907196, 107.728981018, 108.100494385, 108.460403442, 108.808708191, 109.180221558, 109.551742554, 109.92326355, 110.294784546, 110.654693604, 111.014602661, 111.374511719, 111.734420776, 112.105941772, 112.46585083, 112.825759888, 113.197273254, 113.557182312, 113.917098999, 114.288612366, 114.648521423, 115.008430481, 115.368339539, 115.728248596, 116.099769592, 116.471290588, 116.831199646, 117.191108704, 117.5626297, 117.922538757, 118.282447815, 118.642356873, 119.00226593, 119.373786926, 119.733695984, 120.10521698, 120.465126038, 120.836639404, 121.196548462, 121.55645752, 121.927978516, 122.287887573, 122.647796631, 123.019317627, 123.379226685, 123.739135742, 124.110656738, 124.470565796, 124.830474854, 125.20199585, 125.561904907, 125.921813965, 126.281723022, 126.653244019, 127.013153076, 127.384666443, 127.7445755, 128.104492188, 128.464401245, 128.824310303, 129.195831299, 129.567337036, 129.927261353, 130.28717041, 130.658676147, 131.018585205, 131.378494263, 131.750015259, 132.109924316, 132.469833374, 132.829742432, 133.189651489, 133.549560547, 133.909469604, 134.280990601, 134.640899658, 135.000808716, 135.372329712, 135.743850708, 136.115371704, 136.498504639, 136.893234253, 137.287979126, 137.682723999, 138.089065552, 138.460586548, 138.832107544, 139.20362854, 139.563537598, 139.923446655, 140.283355713, 140.654876709, 141.014785767, 141.374694824, 141.734603882, 142.094512939, 142.454421997, 142.825942993, 143.197463989, 143.568969727, 143.940490723, 144.30039978, 144.660308838, 145.031829834, 145.40335083, 145.786483765, 146.169616699, 146.552734375, 146.93586731, 147.319000244, 147.702133179, 148.085250854, 148.468383789, 148.839904785, 149.211425781, 149.582946777, 149.954467773, 150.32598877, 150.709106445, 151.09223938, 151.486984253, 151.870117188, 152.253234863, 152.636367798, 153.019500732, 153.391021729, 153.762542725, 154.134063721, 154.505569458, 154.877090454, 155.260223389, 155.643356323, 156.026489258, 156.409606934, 156.792739868, 157.175872803, 157.547393799, 157.918914795, 158.290420532, 158.650344849, 159.010253906, 159.381759644, 159.741668701, 160.101577759, 160.461486816, 160.821395874, 161.19291687, 161.552825928, 161.924346924, 162.284255981, 162.644165039, 163.004074097, 163.375595093, 163.747116089, 164.107025146, 164.466934204, 164.8384552, 165.209976196, 165.569885254, 165.929794312, 166.289703369, 166.649612427, 167.009521484, 167.369430542, 167.7293396, 168.100860596, 168.460769653, 168.832290649, 169.203811646, 169.575332642, 169.923629761, 170.283538818, 170.643447876, 171.014968872, 171.37487793, 171.734786987, 172.106307983, 172.477813721, 172.826126099, 173.186035156, 173.545944214, 173.917449951, 174.288970947, 174.648880005, 175.020401001, 175.380310059, 175.751831055, 176.111740112, 176.47164917, 176.831558228, 177.191467285, 177.551376343, 177.9112854, 178.271194458, 178.631103516, 179.002624512, 179.374145508, 179.745666504, 180.1171875, 180.511917114, 180.906661987, 181.30140686, 181.696136475, 182.090881348, 182.474014282, 182.891967773, 183.298324585, 183.716278076, 184.134231567, 184.52897644, 184.912109375, 185.306838989, 185.689971924, 186.073104858, 186.456237793, 186.827758789, 187.210876465, 187.559173584, 187.907485962, 188.255783081, 188.6040802, 188.952377319, 189.300674438, 189.648971558, 189.997268677, 190.345581055, 190.693878174, 191.042175293, 191.402084351]
