
metadata:
    version:
        essentia: "2.1-beta2"
    audio_properties:
        analysis_sample_rate: 44100
        bitrate: 320
        channels: 2
        equal_loudness: 1
        length: 266.475097656
        replay_gain: -13.6553230286
        downmix: "mix"
    tags:
        album: "Ghost Empire"
        artist: "Caliban"
        comment: "For QUALITY NEEDS Visit :
http://www.bubaneemusic2.com"
        date: "2014"
        genre: "Metalcore"
        title: "Your Song"
        tracknumber: "7/16"

configuration:
    average_loudness:
        compute: 1
        frameSize: 88200
        hopSize: 44100
        silentFrames: "noise"
        windowType: "hann"
    general:
        analysisSampleRate: 44100
        endTime: 2000
        equalLoudness: 1
        nequalLoudness: 0
        shortSound: 0
        startTime: 0
    lowlevel:
        compute: 1
        frameSize: 2048
        hopSize: 1024
        zeroPadding: 0
        silentFrames: "noise"
        windowType: "blackmanharris62"
        mfccStats: ["mean", "cov", "icov"]
        stats: ["mean", "var", "median", "min", "max", "dmean", "dmean2", "dvar", "dvar2"]
    panning:
        compute: 0
        frameSize: 8192
        hopSize: 2048
        zeroPadding: 8192
        silentFrames: "noise"
        windowType: "hann"
        stats: ["copy"]
    rhythm:
        compute: 1
        maxTempo: 208
        minTempo: 40
        method: "degara"
        stats: ["mean", "var", "median", "min", "max", "dmean", "dmean2", "dvar", "dvar2"]
    segmentation:
        compute: 0
        cpw: 5
        inc1: 300
        inc2: 50
        minimumSegmentsLength: 10
        size1: 1000
        size2: 600
    sfx:
        compute: 1
        stats: ["mean", "var", "median", "min", "max", "dmean", "dmean2", "dvar", "dvar2"]
    svm:
        compute: 0
    tonal:
        compute: 1
        frameSize: 4096
        hopSize: 2048
        zeroPadding: 0
        silentFrames: "noise"
        windowType: "blackmanharris62"
        stats: ["mean", "var", "median", "min", "max", "dmean", "dmean2", "dvar", "dvar2"]

lowlevel:
    average_loudness: 0.91222935915
    barkbands_kurtosis:
        dmean: 0.762476801872
        dmean2: 1.27378761768
        dvar: 0.923179388046
        dvar2: 2.33573508263
        max: 17.7248744965
        mean: -0.343818813562
        median: -0.704825997353
        min: -1.87475693226
        var: 1.8725874424
    barkbands_skewness:
        dmean: 0.377381980419
        dmean2: 0.622230827808
        dvar: 0.128608077765
        dvar2: 0.343920052052
        max: 3.41428828239
        mean: -0.59002661705
        median: -0.662271678448
        min: -3.33130192757
        var: 0.479556649923
    barkbands_spread:
        dmean: 5.87637233734
        dmean2: 9.61310768127
        dvar: 34.0602111816
        dvar2: 85.0581970215
        max: 72.444229126
        mean: 32.3528823853
        median: 32.0970840454
        min: 3.10160303116
        var: 111.143013
    dissonance:
        dmean: 0.00824104715139
        dmean2: 0.0141913834959
        dvar: 7.11222091923e-005
        dvar2: 0.000200624781428
        max: 0.500000059605
        mean: 0.487887740135
        median: 0.490842282772
        min: 0.354414910078
        var: 0.0001167055525
    hfc:
        dmean: 2.97514796257
        dmean2: 5.04010391235
        dvar: 16.8304786682
        dvar2: 46.0693016052
        max: 49.7019348145
        mean: 10.6522073746
        median: 10.6953296661
        min: 1.10316240944e-016
        var: 38.7533531189
    pitch:
        dmean: 1034.35656738
        dmean2: 1961.17773438
        dvar: 1680784.875
        dvar2: 4139871.5
        max: 4462.8671875
        mean: 1540.59729004
        median: 682.955566406
        min: 75.0345001221
        var: 2264025.5
    pitch_instantaneous_confidence:
        dmean: 0.0670273900032
        dmean2: 0.112280018628
        dvar: 0.00324565032497
        dvar2: 0.00834094826132
        max: 0.842088162899
        mean: 0.297360956669
        median: 0.274614214897
        min: 0.106039583683
        var: 0.0103053422645
    pitch_salience:
        dmean: 0.0500664524734
        dmean2: 0.0847947001457
        dvar: 0.00214812648483
        dvar2: 0.00624533975497
        max: 0.987253427505
        mean: 0.698847055435
        median: 0.712687373161
        min: 0.27912914753
        var: 0.00535431364551
    silence_rate_20dB:
        dmean: 0
        dmean2: 0
        dvar: 0
        dvar2: 0
        max: 1
        mean: 1
        median: 1
        min: 1
        var: 0
    silence_rate_30dB:
        dmean: 0
        dmean2: 0
        dvar: 0
        dvar2: 0
        max: 1
        mean: 1
        median: 1
        min: 1
        var: 0
    silence_rate_60dB:
        dmean: 0.0629084259272
        dmean2: 0.125827819109
        dvar: 0.0589518472552
        dvar2: 0.133353099227
        max: 1
        mean: 0.245861649513
        median: 0
        min: 0
        var: 0.18540160358
    spectral_centroid:
        dmean: 272.737426758
        dmean2: 448.801940918
        dvar: 82840.1640625
        dvar2: 212368.375
        max: 11649.1865234
        mean: 2149.67944336
        median: 2206.17138672
        min: 352.168518066
        var: 373093.71875
    spectral_complexity:
        dmean: 4.41474246979
        dmean2: 7.16469144821
        dvar: 18.547460556
        dvar2: 47.37758255
        max: 50
        mean: 21.266336441
        median: 23
        min: 0
        var: 124.890716553
    spectral_crest:
        dmean: 1.56054413319
        dmean2: 2.68421530724
        dvar: 2.70491719246
        dvar2: 7.54179239273
        max: 18.9361972809
        mean: 5.51366329193
        median: 4.94691753387
        min: 2.32428789139
        var: 4.37024307251
    spectral_decrease:
        dmean: 2.73243871973e-010
        dmean2: 4.4800288479e-010
        dvar: 1.28012093454e-019
        dvar2: 3.26742158072e-019
        max: 1.70949586317e-028
        mean: -1.05296682484e-009
        median: -1.03332620238e-009
        min: -4.22097334862e-009
        var: 3.67931435728e-019
    spectral_energy:
        dmean: 0.00125876371749
        dmean2: 0.00206814939156
        dvar: 2.58886848314e-006
        dvar2: 6.62899128656e-006
        max: 0.0179001260549
        mean: 0.00494033889845
        median: 0.00490265805274
        min: 1.02025038364e-020
        var: 7.79408310336e-006
    spectral_energyband_high:
        dmean: 0.000280741951428
        dmean2: 0.000488781603053
        dvar: 1.729686403e-007
        dvar2: 4.84773011067e-007
        max: 0.00465844245628
        mean: 0.000651694950648
        median: 0.000607302412391
        min: 7.22619813247e-021
        var: 2.25645024443e-007
    spectral_energyband_low:
        dmean: 0.000229281329666
        dmean2: 0.000394058297388
        dvar: 1.21462377933e-007
        dvar2: 3.46216012304e-007
        max: 0.00426396401599
        mean: 0.000480177812278
        median: 0.000428784027463
        min: 3.33817725424e-023
        var: 1.5888556959e-007
    spectral_energyband_middle_high:
        dmean: 0.000721389602404
        dmean2: 0.00119023432489
        dvar: 6.9092538979e-007
        dvar2: 1.8345110675e-006
        max: 0.0115545894951
        mean: 0.00288244779222
        median: 0.00284688035026
        min: 1.21268050338e-021
        var: 2.86972635877e-006
    spectral_energyband_middle_low:
        dmean: 0.000590013689362
        dmean2: 0.000994230271317
        dvar: 1.19364381135e-006
        dvar2: 3.18812658406e-006
        max: 0.0111087122932
        mean: 0.00104908132926
        median: 0.000730390311219
        min: 2.38454425806e-022
        var: 1.3578664948e-006
    spectral_flatness_db:
        dmean: 0.0122194383293
        dmean2: 0.0195627268404
        dvar: 0.000122545898193
        dvar2: 0.000320192717481
        max: 0.318062961102
        mean: 0.136552095413
        median: 0.129469648004
        min: 0.0637937039137
        var: 0.00109782989603
    spectral_flux:
        dmean: 0.00668117124587
        dmean2: 0.010172826238
        dvar: 5.76428683416e-005
        dvar2: 0.00011149085185
        max: 0.107642009854
        mean: 0.0433130972087
        median: 0.0446783900261
        min: 6.44157435725e-011
        var: 0.000283616653178
    spectral_kurtosis:
        dmean: 0.924059987068
        dmean2: 1.59544360638
        dvar: 1.10813450813
        dvar2: 3.35239744186
        max: 20.0451183319
        mean: 3.18346166611
        median: 2.87521600723
        min: -1.21925914288
        var: 2.79266548157
    spectral_rms:
        dmean: 0.00025979714701
        dmean2: 0.000418496027123
        dvar: 8.44238172704e-008
        dvar2: 2.11747789081e-007
        max: 0.00417893985286
        mean: 0.0020758996252
        median: 0.00218702573329
        min: 3.15494245312e-012
        var: 5.10481527272e-007
    spectral_rolloff:
        dmean: 309.971588135
        dmean2: 524.930297852
        dvar: 132455.796875
        dvar2: 328940.125
        max: 19229.1503906
        mean: 3682.64013672
        median: 3768.31054688
        min: 215.33203125
        var: 676627.875
    spectral_skewness:
        dmean: 0.140299454331
        dmean2: 0.237460941076
        dvar: 0.0169142838567
        dvar2: 0.0485267825425
        max: 3.06006383896
        mean: 1.1948517561
        median: 1.16317296028
        min: -0.0748066008091
        var: 0.078068383038
    spectral_spread:
        dmean: 371307.75
        dmean2: 565688.4375
        dvar: 295726514176
        dvar2: 513067876352
        max: 41384868
        mean: 4297167
        median: 4226385
        min: 1804273.75
        var: 2.07222643098e+012
    spectral_strongpeak:
        dmean: 0.468723863363
        dmean2: 0.824269354343
        dvar: 0.416135460138
        dvar2: 1.08440995216
        max: 5.79391860962
        mean: 0.562893748283
        median: 0.191466212273
        min: 2.38551095544e-010
        var: 0.561499536037
    zerocrossingrate:
        dmean: 0.00683142757043
        dmean2: 0.00877391546965
        dvar: 4.55316076113e-005
        dvar2: 6.34398165857e-005
        max: 0.5185546875
        mean: 0.115098372102
        median: 0.1181640625
        min: 0.025390625
        var: 0.000674659968354
    barkbands:
        dmean: [8.3091686065e-007, 8.42513181851e-005, 0.000148687933688, 0.000154053326696, 0.000305085181026, 7.47942904127e-005, 6.18713020231e-005, 7.62288400438e-005, 0.000151130559971, 7.85116499173e-005, 6.05442692176e-005, 8.77120619407e-005, 9.08256406547e-005, 5.54513062525e-005, 8.03744260338e-005, 0.000149791259901, 0.000241539091803, 0.000233406914049, 0.000266611896222, 0.000186010205653, 0.000141271084431, 4.93254883622e-005, 8.18396620161e-006, 2.75659203908e-006, 1.17464162486e-006, 4.22709192094e-008, 3.39200084687e-010]
        dmean2: [1.100127065e-006, 0.000137882321724, 0.000256852712482, 0.000270021613687, 0.000534593651537, 0.000126475773868, 0.000103120626591, 0.000126169936266, 0.000249409582466, 0.000130499480292, 0.000102581434476, 0.000146698119352, 0.000151046959218, 9.24952546484e-005, 0.000133557041408, 0.000252547179116, 0.000408473773859, 0.000395240582293, 0.00045614442206, 0.00032075290801, 0.000245533534326, 8.77326747286e-005, 1.44614496094e-005, 4.60001820102e-006, 1.84235068446e-006, 6.56487841866e-008, 5.72866254434e-010]
        dvar: [1.87572201694e-012, 1.68695706293e-008, 4.95564904668e-008, 5.69341125356e-008, 7.63795924286e-007, 1.45099496862e-008, 1.69767009339e-008, 3.49364306373e-008, 6.56881553596e-008, 1.85381825446e-008, 1.0722913224e-008, 2.04315178109e-008, 2.32029631064e-008, 1.12590097245e-008, 1.40486884348e-008, 3.33535794539e-008, 8.68832188416e-008, 7.72867778664e-008, 9.98205820224e-008, 5.37713304993e-008, 3.97865562718e-008, 6.13532513682e-009, 1.81094431118e-010, 1.98127677459e-011, 7.32081062438e-012, 1.86971003458e-014, 5.47069546592e-019]
        dvar2: [3.27070597168e-012, 4.302082246e-008, 1.4462258946e-007, 1.57629997943e-007, 2.08959954762e-006, 3.7887314619e-008, 4.26860822245e-008, 8.83236808136e-008, 1.7844605793e-007, 4.911444762e-008, 2.93195174805e-008, 5.40994165021e-008, 6.38824388943e-008, 2.88584711683e-008, 3.35611751723e-008, 8.83326123358e-008, 2.36391045405e-007, 2.09124692674e-007, 2.77983161823e-007, 1.51001785298e-007, 1.12076904202e-007, 1.73220762179e-008, 5.09627173795e-010, 5.08272555988e-011, 1.46155518244e-011, 3.88963763542e-014, 1.37034193755e-018]
        max: [1.05675999293e-005, 0.00116450735368, 0.00290014897473, 0.00264189229347, 0.00888422504067, 0.00178479542956, 0.00268508400768, 0.00538523681462, 0.00439301738515, 0.00220886175521, 0.00192751130089, 0.00216511636972, 0.0021197560709, 0.00223665637895, 0.00228631845675, 0.00331832561642, 0.00677740341052, 0.00397040043026, 0.00571960583329, 0.00260643707588, 0.00289299874566, 0.000782259565312, 0.000197604298592, 6.6426146077e-005, 5.30591132701e-005, 3.05428079628e-006, 2.46952769345e-008]
        mean: [1.23126824292e-006, 0.000131626293296, 0.000258511106949, 0.00017545177252, 0.00027450764901, 0.000104361002741, 8.93385222298e-005, 0.000102214144135, 0.000258921150817, 0.000137903145514, 9.85739534372e-005, 0.000157344547915, 0.000163326621987, 9.4728275144e-005, 0.000163333039382, 0.000305052119074, 0.000488632067572, 0.000495852029417, 0.000626520835795, 0.000413573492551, 0.000296977406833, 8.08326003607e-005, 1.34587135108e-005, 5.53523341296e-006, 2.45456476478e-006, 7.27753857177e-008, 5.08256492449e-010]
        median: [7.5739649219e-008, 8.76673584571e-005, 0.000204335112358, 9.1555819381e-005, 7.51918778406e-005, 6.24380627414e-005, 5.04104827996e-005, 3.61928468919e-005, 0.000137534923851, 6.76796771586e-005, 5.04841227666e-005, 8.67049820954e-005, 8.18572152639e-005, 5.96688078076e-005, 0.000123027319205, 0.000249897828326, 0.000414192909375, 0.000421761273174, 0.000572119490243, 0.00037710176548, 0.000272853591014, 6.3581392169e-005, 9.9316930573e-006, 3.98690099246e-006, 1.46641855281e-006, 3.08709502406e-008, 2.29254198958e-010]
        min: [3.86892255572e-024, 4.18939532632e-024, 1.50492917737e-024, 1.13643854209e-024, 1.01952691047e-023, 2.28249235198e-023, 3.17823191917e-023, 2.47286073894e-023, 2.84109832737e-023, 5.40690818019e-023, 2.12500952511e-023, 3.74807663811e-023, 5.40761373739e-023, 7.51881188577e-023, 4.92024000847e-023, 7.45877830871e-023, 9.52477725158e-023, 9.26044005966e-023, 1.67538026615e-022, 1.90915244277e-022, 3.07630130834e-022, 4.26258629864e-022, 5.29624298588e-022, 6.12717529468e-022, 9.64079205879e-022, 1.485119991e-021, 2.19995166452e-021]
        var: [4.37554723356e-012, 2.19318945227e-008, 6.49619451565e-008, 5.75290322047e-008, 5.55608153263e-007, 1.81921198106e-008, 2.0430189096e-008, 5.49070477973e-008, 1.24294231796e-007, 4.22875672257e-008, 1.87310398303e-008, 4.12357934465e-008, 4.96754957169e-008, 1.73830922989e-008, 3.29571179236e-008, 7.24274187291e-008, 1.68265287925e-007, 1.62775450008e-007, 1.8884321662e-007, 8.91631799504e-008, 5.1110831123e-008, 5.78826320208e-009, 2.05392411412e-010, 3.84723433666e-011, 1.94176306978e-011, 3.47632079373e-014, 8.49488898192e-019]
    frequency_bands:
        dmean: [8.3091686065e-007, 8.42513181851e-005, 0.000148687933688, 0.000154053326696, 0.000305085181026, 7.47942904127e-005, 6.18713020231e-005, 7.62288400438e-005, 0.000151130559971, 7.85116499173e-005, 6.05442692176e-005, 8.77120619407e-005, 9.08256406547e-005, 5.54513062525e-005, 8.03744260338e-005, 0.000149791259901, 0.000241539091803, 0.000233406914049, 0.000266611896222, 0.000186010205653, 0.000141271084431, 4.93254883622e-005, 8.18396620161e-006, 2.75659203908e-006, 1.17464162486e-006, 4.22709192094e-008, 3.39200084687e-010, 5.72046958414e-011]
        dmean2: [1.100127065e-006, 0.000137882321724, 0.000256852712482, 0.000270021613687, 0.000534593651537, 0.000126475773868, 0.000103120626591, 0.000126169936266, 0.000249409582466, 0.000130499480292, 0.000102581434476, 0.000146698119352, 0.000151046959218, 9.24952546484e-005, 0.000133557041408, 0.000252547179116, 0.000408473773859, 0.000395240582293, 0.00045614442206, 0.00032075290801, 0.000245533534326, 8.77326747286e-005, 1.44614496094e-005, 4.60001820102e-006, 1.84235068446e-006, 6.56487841866e-008, 5.72866254434e-010, 1.06425680768e-010]
        dvar: [1.87572201694e-012, 1.68695706293e-008, 4.95564904668e-008, 5.69341125356e-008, 7.63795924286e-007, 1.45099496862e-008, 1.69767009339e-008, 3.49364306373e-008, 6.56881553596e-008, 1.85381825446e-008, 1.0722913224e-008, 2.04315178109e-008, 2.32029631064e-008, 1.12590097245e-008, 1.40486884348e-008, 3.33535794539e-008, 8.68832188416e-008, 7.72867778664e-008, 9.98205820224e-008, 5.37713304993e-008, 3.97865562718e-008, 6.13532513682e-009, 1.81094431118e-010, 1.98127677459e-011, 7.32081062438e-012, 1.86971003458e-014, 5.47069546592e-019, 6.82145074238e-021]
        dvar2: [3.27070597168e-012, 4.302082246e-008, 1.4462258946e-007, 1.57629997943e-007, 2.08959954762e-006, 3.7887314619e-008, 4.26860822245e-008, 8.83236808136e-008, 1.7844605793e-007, 4.911444762e-008, 2.93195174805e-008, 5.40994165021e-008, 6.38824388943e-008, 2.88584711683e-008, 3.35611751723e-008, 8.83326123358e-008, 2.36391045405e-007, 2.09124692674e-007, 2.77983161823e-007, 1.51001785298e-007, 1.12076904202e-007, 1.73220762179e-008, 5.09627173795e-010, 5.08272555988e-011, 1.46155518244e-011, 3.88963763542e-014, 1.37034193755e-018, 2.16427929865e-020]
        max: [1.05675999293e-005, 0.00116450735368, 0.00290014897473, 0.00264189229347, 0.00888422504067, 0.00178479542956, 0.00268508400768, 0.00538523681462, 0.00439301738515, 0.00220886175521, 0.00192751130089, 0.00216511636972, 0.0021197560709, 0.00223665637895, 0.00228631845675, 0.00331832561642, 0.00677740341052, 0.00397040043026, 0.00571960583329, 0.00260643707588, 0.00289299874566, 0.000782259565312, 0.000197604298592, 6.6426146077e-005, 5.30591132701e-005, 3.05428079628e-006, 2.46952769345e-008, 9.74065050841e-010]
        mean: [1.23126824292e-006, 0.000131626293296, 0.000258511106949, 0.00017545177252, 0.00027450764901, 0.000104361002741, 8.93385222298e-005, 0.000102214144135, 0.000258921150817, 0.000137903145514, 9.85739534372e-005, 0.000157344547915, 0.000163326621987, 9.4728275144e-005, 0.000163333039382, 0.000305052119074, 0.000488632067572, 0.000495852029417, 0.000626520835795, 0.000413573492551, 0.000296977406833, 8.08326003607e-005, 1.34587135108e-005, 5.53523341296e-006, 2.45456476478e-006, 7.27753857177e-008, 5.08256492449e-010, 4.40914249555e-011]
        median: [7.5739649219e-008, 8.76673584571e-005, 0.000204335112358, 9.1555819381e-005, 7.51918778406e-005, 6.24380627414e-005, 5.04104827996e-005, 3.61928468919e-005, 0.000137534923851, 6.76796771586e-005, 5.04841227666e-005, 8.67049820954e-005, 8.18572152639e-005, 5.96688078076e-005, 0.000123027319205, 0.000249897828326, 0.000414192909375, 0.000421761273174, 0.000572119490243, 0.00037710176548, 0.000272853591014, 6.3581392169e-005, 9.9316930573e-006, 3.98690099246e-006, 1.46641855281e-006, 3.08709502406e-008, 2.29254198958e-010, 1.52758292127e-011]
        min: [3.86892255572e-024, 4.18939532632e-024, 1.50492917737e-024, 1.13643854209e-024, 1.01952691047e-023, 2.28249235198e-023, 3.17823191917e-023, 2.47286073894e-023, 2.84109832737e-023, 5.40690818019e-023, 2.12500952511e-023, 3.74807663811e-023, 5.40761373739e-023, 7.51881188577e-023, 4.92024000847e-023, 7.45877830871e-023, 9.52477725158e-023, 9.26044005966e-023, 1.67538026615e-022, 1.90915244277e-022, 3.07630130834e-022, 4.26258629864e-022, 5.29624298588e-022, 6.12717529468e-022, 9.64079205879e-022, 1.485119991e-021, 2.19995166452e-021, 5.28299113241e-022]
        var: [4.37554723356e-012, 2.19318945227e-008, 6.49619451565e-008, 5.75290322047e-008, 5.55608153263e-007, 1.81921198106e-008, 2.0430189096e-008, 5.49070477973e-008, 1.24294231796e-007, 4.22875672257e-008, 1.87310398303e-008, 4.12357934465e-008, 4.96754957169e-008, 1.73830922989e-008, 3.29571179236e-008, 7.24274187291e-008, 1.68265287925e-007, 1.62775450008e-007, 1.8884321662e-007, 8.91631799504e-008, 5.1110831123e-008, 5.78826320208e-009, 2.05392411412e-010, 3.84723433666e-011, 1.94176306978e-011, 3.47632079373e-014, 8.49488898192e-019, 5.46207109021e-021]
    mfcc:
        mean: [-695.65612793, 85.3615188599, -59.1969032288, 52.100692749, -12.9778108597, 0.0699446052313, 4.31248235703, 3.70282816887, 5.71280193329, -2.927952528, -1.87555503845, 0.550581157207, -4.22592782974]
        cov: [[6203.53466797, 265.647491455, -29.5981903076, 705.027282715, -127.041267395, 209.462722778, -16.9771404266, 30.9505233765, 18.089345932, -56.1384620667, -79.4073028564, 64.7047119141, -17.2284507751], [265.647491455, 822.602050781, -33.2269248962, 135.327957153, 52.4409103394, 47.0006523132, 108.589897156, 26.2043762207, 33.8996734619, 32.2954559326, 62.684803009, 58.4573440552, 13.4841079712], [-29.5981903076, -33.2269248962, 355.403991699, 71.710609436, 117.875358582, 53.727230072, 19.3087902069, 9.22888088226, -24.0758056641, -4.30990695953, -17.9195461273, 13.7631959915, 1.11019706726], [705.027282715, 135.327957153, 71.710609436, 392.566101074, 96.7147674561, 104.037071228, 8.89884376526, -12.5490789413, 17.4633388519, -3.09526729584, -15.2018709183, 13.9393444061, 15.3347425461], [-127.041267395, 52.4409103394, 117.875358582, 96.7147674561, 155.076049805, 67.949180603, 36.4033279419, 9.78258609772, 14.320432663, 17.985250473, 3.66249728203, 9.98984146118, 1.95327019691], [209.462722778, 47.0006523132, 53.727230072, 104.037071228, 67.949180603, 115.457336426, 55.9424591064, 30.407793045, 7.93793344498, 3.8286614418, -1.50704073906, 9.35902404785, 3.87483429909], [-16.9771404266, 108.589897156, 19.3087902069, 8.89884376526, 36.4033279419, 55.9424591064, 125.085456848, 51.9857063293, 26.4750785828, 7.98852872849, 10.0501289368, 24.7522144318, 8.80204868317], [30.9505233765, 26.2043762207, 9.22888088226, -12.5490789413, 9.78258609772, 30.407793045, 51.9857063293, 81.5517807007, 34.1804084778, 15.1440649033, 7.04874134064, 16.7405319214, 6.12553024292], [18.089345932, 33.8996734619, -24.0758056641, 17.4633388519, 14.320432663, 7.93793344498, 26.4750785828, 34.1804084778, 68.6492156982, 36.9269828796, 16.8407058716, 14.0810251236, 8.41525650024], [-56.1384620667, 32.2954559326, -4.30990695953, -3.09526729584, 17.985250473, 3.8286614418, 7.98852872849, 15.1440649033, 36.9269828796, 64.3943557739, 34.7677192688, 18.1452922821, 6.74318122864], [-79.4073028564, 62.684803009, -17.9195461273, -15.2018709183, 3.66249728203, -1.50704073906, 10.0501289368, 7.04874134064, 16.8407058716, 34.7677192688, 59.5756988525, 30.5649471283, 11.893201828], [64.7047119141, 58.4573440552, 13.7631959915, 13.9393444061, 9.98984146118, 9.35902404785, 24.7522144318, 16.7405319214, 14.0810251236, 18.1452922821, 30.5649471283, 63.7503433228, 28.916967392], [-17.2284507751, 13.4841079712, 1.11019706726, 15.3347425461, 1.95327019691, 3.87483429909, 8.80204868317, 6.12553024292, 8.41525650024, 6.74318122864, 11.893201828, 28.916967392, 48.0853233337]]
        icov: [[0.000269275362371, -4.48776627309e-005, -3.48979010596e-005, -0.000511310994625, 0.000783308583777, -0.000488664547447, 0.000238879496465, -0.000125289094285, -0.000102595608041, -1.1968912986e-005, 0.000444505218184, -0.000666090345476, 0.000562978675589], [-4.48776627309e-005, 0.0016969385324, 0.000360356934834, -0.000771555467509, -0.000394665432395, 0.000934672309086, -0.00176004075911, 0.000100992307125, 0.000523650611285, -8.9823943199e-006, -0.00164058059454, -0.000420525495429, 0.000564105110243], [-3.48979010596e-005, 0.000360356934834, 0.00440770154819, -0.000175925437361, -0.00363692361861, 0.00049297005171, -1.79086619028e-005, -0.00134163361508, 0.00319215608761, -0.00092091440456, 0.00173287594225, -0.00177616148721, 0.000333000469254], [-0.000511310994625, -0.000771555467509, -0.000175925437361, 0.0057348231785, -0.00244604912587, -0.0039222035557, 0.00212149671279, 0.0028327126056, -0.0031403072644, 0.00149207049981, 0.00134598137811, -1.87521272892e-005, -0.00210672104731], [0.000783308583777, -0.000394665432395, -0.00363692361861, -0.00244604912587, 0.014739561826, -0.00606385013089, -0.000649705238175, 0.0024247742258, -0.00296176970005, -0.00242496305145, 0.00080888660159, -0.000952176516876, 0.00218623341061], [-0.000488664547447, 0.000934672309086, 0.00049297005171, -0.0039222035557, -0.00606385013089, 0.0204623471946, -0.00727943517268, -0.00573546206579, 0.00621794210747, -0.00163796090055, -0.00188333622646, 0.00299650919624, -0.00073187018279], [0.000238879496465, -0.00176004075911, -1.79086619028e-005, 0.00212149671279, -0.000649705238175, -0.00727943517268, 0.0162050295621, -0.00508064357564, -0.00401016697288, 0.00359996198677, 0.00135374185629, -0.00382734835148, 0.000360641744919], [-0.000125289094285, 0.000100992307125, -0.00134163361508, 0.0028327126056, 0.0024247742258, -0.00573546206579, -0.00508064357564, 0.0226776804775, -0.0107130715623, 0.00071523943916, 0.00185479340144, -0.00273158354685, 0.000417698174715], [-0.000102595608041, 0.000523650611285, 0.00319215608761, -0.0031403072644, -0.00296176970005, 0.00621794210747, -0.00401016697288, -0.0107130715623, 0.0310623329133, -0.0158342719078, 0.00204458157532, 0.00107221852522, -0.00190391018987], [-1.1968912986e-005, -8.9823943199e-006, -0.00092091440456, 0.00149207049981, -0.00242496305145, -0.00163796090055, 0.00359996198677, 0.00071523943916, -0.0158342719078, 0.03303046152, -0.0154839549214, -3.89530305256e-006, 0.000995261594653], [0.000444505218184, -0.00164058059454, 0.00173287594225, 0.00134598137811, 0.00080888660159, -0.00188333622646, 0.00135374185629, 0.00185479340144, 0.00204458157532, -0.0154839549214, 0.0346673764288, -0.0137226898223, 0.00127635744866], [-0.000666090345476, -0.000420525495429, -0.00177616148721, -1.87521272892e-005, -0.000952176516876, 0.00299650919624, -0.00382734835148, -0.00273158354685, 0.00107221852522, -3.89530305256e-006, -0.0137226898223, 0.0324340909719, -0.015525768511], [0.000562978675589, 0.000564105110243, 0.000333000469254, -0.00210672104731, 0.00218623341061, -0.00073187018279, 0.000360641744919, 0.000417698174715, -0.00190391018987, 0.000995261594653, 0.00127635744866, -0.015525768511, 0.0305696297437]]
    sccoeffs:
        dmean: [0.0576017014682, 0.0466435216367, 0.0365387238562, 0.0288069602102, 0.0184115804732, 0.0178669113666]
        dmean2: [0.095788538456, 0.0790906399488, 0.0617153681815, 0.0494074895978, 0.031446505338, 0.0282899737358]
        dvar: [0.00218633026816, 0.00134261779021, 0.000806240248494, 0.000501225993503, 0.000203270188649, 0.000224937713938]
        dvar2: [0.00603187130764, 0.00378656364046, 0.00230792630464, 0.00142765638884, 0.000580298423301, 0.000558397907298]
        max: [-0.247745990753, -0.499078392982, -0.575577139854, -0.62841129303, -0.643907129765, -0.559545636177]
        mean: [-0.665790259838, -0.783664762974, -0.79852181673, -0.797703206539, -0.804149270058, -0.732283592224]
        median: [-0.666169762611, -0.788042545319, -0.800373315811, -0.798611998558, -0.805392742157, -0.731614470482]
        min: [-0.970354378223, -0.971246659756, -0.976032018661, -0.974642038345, -0.972879827023, -0.963255405426]
        var: [0.00594264082611, 0.002987555461, 0.00201298599131, 0.00129570113495, 0.000673402217217, 0.00119488989003]
    scvalleys:
        dmean: [0.432184845209, 0.354458779097, 0.275597780943, 0.224303901196, 0.197084113955, 0.253477185965]
        dmean2: [0.700119018555, 0.592053234577, 0.453869193792, 0.367095679045, 0.319465875626, 0.394421905279]
        dvar: [0.133702978492, 0.0901946872473, 0.0556400716305, 0.0397431179881, 0.0411119684577, 0.0870031639934]
        dvar2: [0.313823997974, 0.221729278564, 0.131531625986, 0.0874104052782, 0.0886932760477, 0.210479602218]
        max: [-5.18944168091, -4.82501459122, -5.07745313644, -5.67146730423, -5.31206178665, -7.75334215164]
        mean: [-7.17577457428, -6.81849527359, -6.74998235703, -6.89650583267, -6.61770153046, -9.51089859009]
        median: [-6.82696533203, -6.6307516098, -6.58958625793, -6.69252967834, -6.3365688324, -9.16819667816]
        min: [-27.5896148682, -27.9754104614, -27.5876064301, -27.5463008881, -27.4574947357, -27.3701858521]
        var: [2.16081929207, 1.32402694225, 1.18785047531, 1.07694363594, 1.28642141819, 1.5859375]

rhythm:
    beats_loudness:
        dmean: 0.00217139604501
        dmean2: 0.00386180193163
        dvar: 3.46118940797e-006
        dvar2: 1.10186119855e-005
        max: 0.0149427037686
        mean: 0.00573484413326
        median: 0.00576240383089
        min: 7.53054774094e-009
        var: 9.05405249796e-006
    bpm: 129.948165894
    bpm_confidence: 0
    first_peak_bpm: 129
    first_peak_spread: 0.246503531933
    first_peak_weight: 0.749565243721
    onset_rate: 2.9271030426
    second_peak_bpm: 136
    second_peak_spread: 0
    second_peak_weight: 0.00521739153191
    beats_loudness_band_ratio:
        dmean: [0.0971783176064, 0.12159434706, 0.0537685342133, 0.0633636265993, 0.0980768352747, 0.0872576236725]
        dmean2: [0.167383819818, 0.229884237051, 0.0925270542502, 0.10799318552, 0.167642459273, 0.154211580753]
        dvar: [0.00616531027481, 0.0121600273997, 0.00314455130138, 0.00418022088706, 0.00644644303247, 0.00619018450379]
        dvar2: [0.0184063073248, 0.0359694361687, 0.0087721105665, 0.0110389385372, 0.0186933521181, 0.0174171943218]
        max: [0.642076313496, 0.587588191032, 0.400811821222, 0.667627811432, 0.627797067165, 0.700509548187]
        mean: [0.172287285328, 0.109910190105, 0.0998933538795, 0.111811809242, 0.297417640686, 0.25005364418]
        median: [0.150805771351, 0.0561278164387, 0.0776458084583, 0.0847131609917, 0.294222772121, 0.240992918611]
        min: [1.85124281415e-005, 0.000340048514772, 0.00432793237269, 0.0148654747754, 0.0670324116945, 0.0152448881418]
        var: [0.0147377615795, 0.013066762127, 0.00513370893896, 0.00713750394061, 0.0115678394213, 0.0118941105902]
    beats_position: [0.46439909935, 0.940408170223, 1.4164172411, 1.89242625237, 2.36843538284, 2.8444442749, 3.30884337425, 3.78485250473, 4.2492518425, 4.71365070343, 5.17804956436, 5.64244890213, 6.10684776306, 6.57124710083, 7.03564596176, 7.50004529953, 7.96444416046, 8.42884349823, 8.893242836, 9.34603118896, 9.81043052673, 10.2632198334, 10.7276191711, 11.1920175552, 11.656416893, 12.1208162308, 12.5852155685, 13.0380039215, 13.4907932281, 13.9551925659, 14.4195919037, 14.8839902878, 15.3483896255, 15.8127889633, 16.2655773163, 16.7299766541, 17.1827659607, 17.6471652985, 18.1115646362, 18.575963974, 19.0403633118, 19.5047607422, 19.96916008, 20.4335594177, 20.8863487244, 21.339138031, 21.8035373688, 22.2679367065, 22.7323360443, 23.1967334747, 23.6611328125, 24.1255321503, 24.5783214569, 25.0311107635, 25.4955101013, 25.9599094391, 26.4243087769, 26.8887062073, 27.353105545, 27.8058948517, 28.2702941895, 28.7230834961, 29.1874828339, 29.6518821716, 30.1162815094, 30.5806789398, 31.0450782776, 31.4978675842, 31.9506568909, 32.4150543213, 32.8794555664, 33.3438529968, 33.8082542419, 34.2726516724, 34.7370529175, 35.2014503479, 35.6426315308, 36.1070289612, 36.5714263916, 37.0358276367, 37.5002250671, 37.9646263123, 38.4290237427, 38.8818130493, 39.334602356, 39.7989997864, 40.2634010315, 40.7277984619, 41.192199707, 41.6565971375, 42.1093864441, 42.5621757507, 43.0265769958, 43.4909744263, 43.9553718567, 44.4197731018, 44.8841705322, 45.3485717773, 45.8129692078, 46.2773704529, 46.7417678833, 47.1945571899, 47.6589546204, 48.111743927, 48.5761451721, 49.0405426025, 49.5049438477, 49.9693412781, 50.4221305847, 50.8749198914, 51.3393173218, 51.8037185669, 52.2681159973, 52.7325172424, 53.1853065491, 53.6497039795, 54.1024932861, 54.5668907166, 55.0312919617, 55.4956893921, 55.9600906372, 56.4244880676, 56.8772773743, 57.3416786194, 57.794467926, 58.2588653564, 58.7232627869, 59.187664032, 59.6520614624, 60.1164627075, 60.5808601379, 61.0336494446, 61.498046875, 61.9508361816, 62.4152374268, 62.8796348572, 63.3440361023, 63.8084335327, 64.2728347778, 64.7256240845, 65.1784133911, 65.6428070068, 66.107208252, 66.5716094971, 67.0360107422, 67.5004043579, 67.9531936646, 68.4175949097, 68.8819961548, 69.3347854614, 69.7991790771, 70.2635803223, 70.7279815674, 71.1691589355, 71.6335601807, 72.0979614258, 72.5623550415, 73.0267562866, 73.4911575317, 73.9439468384, 74.4083404541, 74.8727416992, 75.3255310059, 75.789932251, 76.2543258667, 76.7187271118, 77.1831283569, 77.6475296021, 78.1119232178, 78.5647125244, 79.0175018311, 79.4819030762, 79.9463043213, 80.410697937, 80.8750991821, 81.3395004272, 81.7922897339, 82.2450790405, 82.7094802856, 83.1738739014, 83.6382751465, 84.1026763916, 84.5670700073, 85.0314712524, 85.4958724976, 85.9602737427, 86.4130630493, 86.865852356, 87.3302459717, 87.7946472168, 88.2474365234, 88.7118377686, 89.1646270752, 89.6290206909, 90.093421936, 90.5578231812, 91.0222167969, 91.4750061035, 91.9394073486, 92.4038085938, 92.8565979004, 93.3209991455, 93.7853927612, 94.2497940063, 94.7141952515, 95.1785888672, 95.6429901123, 96.0957794189, 96.5485687256, 97.0129699707, 97.4773712158, 97.9417648315, 98.4061660767, 98.8705673218, 99.3349609375, 99.7993621826, 100.252151489, 100.704940796, 101.169342041, 101.633743286, 102.098136902, 102.562538147, 103.026939392, 103.491333008, 103.955734253, 104.420135498, 104.872924805, 105.33732605, 105.801719666, 106.254508972, 106.718910217, 107.183311462, 107.647705078, 108.112106323, 108.56489563, 109.029296875, 109.493690491, 109.946479797, 110.410881042, 110.875282288, 111.339683533, 111.792472839, 112.245262146, 112.709655762, 113.174057007, 113.638458252, 114.102851868, 114.555641174, 115.020042419, 115.472831726, 115.937232971, 116.401634216, 116.854415894, 117.318817139, 117.783218384, 118.23600769, 118.700408936, 119.164802551, 119.629203796, 120.093605042, 120.557998657, 121.022399902, 121.486801147, 121.951202393, 122.415596008, 122.879997253, 123.344398499, 123.797187805, 124.249977112, 124.702766418, 125.167160034, 125.619949341, 126.084350586, 126.548751831, 127.013153076, 127.465942383, 127.91872406, 128.383132935, 128.847518921, 129.311920166, 129.776321411, 130.240722656, 130.693511963, 131.14630127, 131.610702515, 132.07510376, 132.539505005, 133.003890991, 133.468292236, 133.932693481, 134.397094727, 134.861495972, 135.314285278, 135.767074585, 136.23147583, 136.695877075, 137.160263062, 137.624664307, 138.089065552, 138.553466797, 139.006256104, 139.45904541, 139.923446655, 140.3878479, 140.852249146, 141.316635132, 141.781036377, 142.245437622, 142.698226929, 143.151016235, 143.61541748, 144.079818726, 144.544219971, 145.008621216, 145.473007202, 145.914199829, 146.378585815, 146.842987061, 147.307388306, 147.771789551, 148.236190796, 148.700592041, 149.164993286, 149.629379272, 150.093780518, 150.558181763, 151.010971069, 151.475372314, 151.93977356, 152.392562866, 152.856964111, 153.321365356, 153.785751343, 154.250152588, 154.702941895, 155.155731201, 155.620132446, 156.084533691, 156.548934937, 157.013336182, 157.477722168, 157.942123413, 158.39491272, 158.847702026, 159.312103271, 159.776504517, 160.240905762, 160.705307007, 161.169708252, 161.622497559, 162.086883545, 162.539672852, 163.004074097, 163.468475342, 163.932876587, 164.397277832, 164.850067139, 165.302856445, 165.76725769, 166.231658936, 166.696044922, 167.160446167, 167.624847412, 168.089248657, 168.542037964, 168.994827271, 169.459228516, 169.923629761, 170.388031006, 170.852416992, 171.316818237, 171.781219482, 172.245620728, 172.710021973, 173.162811279, 173.615600586, 174.080001831, 174.544403076, 175.008789063, 175.473190308, 175.925979614, 176.378768921, 176.843170166, 177.307571411, 177.771972656, 178.236373901, 178.700775146, 179.165161133, 179.617950439, 180.070739746, 180.535140991, 180.999542236, 181.463943481, 181.928344727, 182.392745972, 182.857131958, 183.321533203, 183.785934448, 184.238723755, 184.691513062, 185.155914307, 185.620315552, 186.084716797, 186.549118042, 187.013504028, 187.477905273, 187.93069458, 188.383483887, 188.847885132, 189.312286377, 189.776687622, 190.241088867, 190.705490112, 191.158279419, 191.611068726, 192.075454712, 192.539855957, 193.004257202, 193.468658447, 193.933059692, 194.397460938, 194.861862183, 195.314651489, 195.767440796, 196.231826782, 196.696228027, 197.160629272, 197.625030518, 198.089431763, 198.542221069, 198.995010376, 199.459411621, 199.923812866, 200.388198853, 200.852600098, 201.317001343, 201.781402588, 202.245803833, 202.69859314, 203.151382446, 203.615783691, 204.080184937, 204.544570923, 205.008972168, 205.473373413, 205.937774658, 206.390563965, 206.85496521, 207.307754517, 207.772155762, 208.236557007, 208.700942993, 209.165344238, 209.629745483, 210.08253479, 210.546936035, 211.01133728, 211.475738525, 211.940139771, 212.392913818, 212.857315063, 213.321716309, 213.786117554, 214.23890686, 214.703308105, 215.167709351, 215.620498657, 216.084899902, 216.549285889, 217.002075195, 217.454864502, 217.919265747, 218.383666992, 218.848068237, 219.312469482, 219.776870728, 220.241271973, 220.705657959, 221.170059204, 221.634460449, 222.098861694, 222.563262939, 223.016052246, 223.480453491, 223.933242798, 224.397644043, 224.862030029, 225.326431274, 225.79083252, 226.243621826, 226.696411133, 227.160812378, 227.625213623, 228.089614868, 228.554016113, 229.00680542, 229.471191406, 229.935592651, 230.388381958, 230.852783203, 231.317184448, 231.781585693, 232.245986938, 232.710388184, 233.16317749, 233.615966797, 234.080352783, 234.544754028, 235.009155273, 235.473556519, 235.937957764, 236.402359009, 236.855148315, 237.307937622, 237.772338867, 238.236724854, 238.701126099, 239.165527344, 239.629928589, 240.094329834, 240.547119141, 240.999908447, 241.464309692, 241.928695679, 242.393096924, 242.857498169, 243.321899414, 243.786300659, 244.250701904, 244.703491211, 245.156280518, 245.620681763, 246.085067749, 246.549468994, 247.002258301, 247.455047607, 247.919448853, 248.383850098, 248.848251343, 249.312652588, 249.777053833, 250.241439819, 250.705841064, 251.17024231, 251.623031616, 252.087432861, 252.540222168, 253.004623413, 253.469024658, 253.933425903, 254.38621521, 254.850601196, 255.315002441, 255.779403687, 256.232208252, 256.696594238, 257.160980225, 257.625396729, 258.089782715, 258.554199219, 259.018585205, 259.471374512, 259.924163818, 260.388580322, 260.852966309, 261.317352295, 261.781768799, 262.246154785, 262.710571289, 263.174957275, 263.627746582, 264.092163086, 264.544952393, 265.009338379, 265.462127686, 265.926513672]
