
metadata:
    version:
        essentia: "2.1-beta2"
    audio_properties:
        analysis_sample_rate: 44100
        bitrate: 320
        channels: 2
        equal_loudness: 1
        length: 184.111022949
        replay_gain: -14.652431488
        downmix: "mix"
    tags:
        album: "Greatest Hits - Hymns To The Rising Sun"
        artist: "Amon Amarth"
        comment: ""
        date: "2010"
        genre: "Melodic Death Metal"
        title: "Asator"
        tracknumber: "08"

configuration:
    average_loudness:
        compute: 1
        frameSize: 88200
        hopSize: 44100
        silentFrames: "noise"
        windowType: "hann"
    general:
        analysisSampleRate: 44100
        endTime: 2000
        equalLoudness: 1
        nequalLoudness: 0
        shortSound: 0
        startTime: 0
    lowlevel:
        compute: 1
        frameSize: 2048
        hopSize: 1024
        zeroPadding: 0
        silentFrames: "noise"
        windowType: "blackmanharris62"
        mfccStats: ["mean", "cov", "icov"]
        stats: ["mean", "var", "median", "min", "max", "dmean", "dmean2", "dvar", "dvar2"]
    panning:
        compute: 0
        frameSize: 8192
        hopSize: 2048
        zeroPadding: 8192
        silentFrames: "noise"
        windowType: "hann"
        stats: ["copy"]
    rhythm:
        compute: 1
        maxTempo: 208
        minTempo: 40
        method: "degara"
        stats: ["mean", "var", "median", "min", "max", "dmean", "dmean2", "dvar", "dvar2"]
    segmentation:
        compute: 0
        cpw: 5
        inc1: 300
        inc2: 50
        minimumSegmentsLength: 10
        size1: 1000
        size2: 600
    sfx:
        compute: 1
        stats: ["mean", "var", "median", "min", "max", "dmean", "dmean2", "dvar", "dvar2"]
    svm:
        compute: 0
    tonal:
        compute: 1
        frameSize: 4096
        hopSize: 2048
        zeroPadding: 0
        silentFrames: "noise"
        windowType: "blackmanharris62"
        stats: ["mean", "var", "median", "min", "max", "dmean", "dmean2", "dvar", "dvar2"]

lowlevel:
    average_loudness: 0.956579864025
    barkbands_kurtosis:
        dmean: 0.495843917131
        dmean2: 0.822218120098
        dvar: 4.26500225067
        dvar2: 7.72588539124
        max: 136.262161255
        mean: -1.00467336178
        median: -1.22014081478
        min: -1.8437153101
        var: 6.09092187881
    barkbands_skewness:
        dmean: 0.335147291422
        dmean2: 0.544986128807
        dvar: 0.0897339656949
        dvar2: 0.21386231482
        max: 10.0232849121
        mean: -0.303026348352
        median: -0.374226897955
        min: -2.90550994873
        var: 0.340360045433
    barkbands_spread:
        dmean: 6.33069133759
        dmean2: 10.36170578
        dvar: 26.0908069611
        dvar2: 69.3636932373
        max: 65.0055465698
        mean: 37.7070960999
        median: 37.8892440796
        min: 0.598984777927
        var: 70.2299194336
    dissonance:
        dmean: 0.00723166624084
        dmean2: 0.0125064859167
        dvar: 4.41106312792e-005
        dvar2: 0.000126019775053
        max: 0.500000059605
        mean: 0.488851845264
        median: 0.490553498268
        min: 0.423913955688
        var: 5.81550993957e-005
    hfc:
        dmean: 2.69679284096
        dmean2: 4.58525705338
        dvar: 8.56702423096
        dvar2: 23.9964752197
        max: 34.4444694519
        mean: 11.6175947189
        median: 11.3445253372
        min: 1.13424157029e-016
        var: 26.7013626099
    pitch:
        dmean: 889.831298828
        dmean2: 1693.63903809
        dvar: 1560815.25
        dvar2: 3859965.75
        max: 4401.99804688
        mean: 2176.4284668
        median: 3312.96923828
        min: 73.3960418701
        var: 2346195
    pitch_instantaneous_confidence:
        dmean: 0.0732007548213
        dmean2: 0.123890958726
        dvar: 0.00345446332358
        dvar2: 0.00968314707279
        max: 0.812946438789
        mean: 0.31432133913
        median: 0.301034510136
        min: 0.119625329971
        var: 0.0096052410081
    pitch_salience:
        dmean: 0.0488328449428
        dmean2: 0.0821177810431
        dvar: 0.00175097957253
        dvar2: 0.00472281081602
        max: 0.86483424902
        mean: 0.714676856995
        median: 0.728544771671
        min: 0.130059167743
        var: 0.00483613880351
    silence_rate_20dB:
        dmean: 0
        dmean2: 0
        dvar: 0
        dvar2: 0
        max: 1
        mean: 1
        median: 1
        min: 1
        var: 0
    silence_rate_30dB:
        dmean: 0
        dmean2: 0
        dvar: 0
        dvar2: 0
        max: 1
        mean: 1
        median: 1
        min: 1
        var: 0
    silence_rate_60dB:
        dmean: 0.0310253500938
        dmean2: 0.0620585270226
        dvar: 0.0300617683679
        dvar2: 0.0776284039021
        max: 1
        mean: 0.0865069329739
        median: 0
        min: 0
        var: 0.0790253430605
    spectral_centroid:
        dmean: 251.625442505
        dmean2: 414.057678223
        dvar: 53432.1796875
        dvar2: 124207.742188
        max: 10560.9179688
        mean: 1963.38671875
        median: 2000.80078125
        min: 134.994781494
        var: 174385.3125
    spectral_complexity:
        dmean: 4.73527574539
        dmean2: 7.66750764847
        dvar: 18.0093231201
        dvar2: 46.1474266052
        max: 50
        mean: 23.6658267975
        median: 24
        min: 0
        var: 88.7842407227
    spectral_crest:
        dmean: 1.54157471657
        dmean2: 2.64014863968
        dvar: 1.87817299366
        dvar2: 5.15253210068
        max: 22.7301826477
        mean: 5.59308815002
        median: 5.19577503204
        min: 2.23295521736
        var: 3.56800222397
    spectral_decrease:
        dmean: 2.8961161247e-010
        dmean2: 4.84009388124e-010
        dvar: 1.04375640095e-019
        dvar2: 2.79211636292e-019
        max: -8.71695031758e-029
        mean: -1.27150989737e-009
        median: -1.25158505782e-009
        min: -3.66318464451e-009
        var: 2.55508801688e-019
    spectral_energy:
        dmean: 0.00129269564059
        dmean2: 0.00216873292811
        dvar: 2.0900868094e-006
        dvar2: 5.61804472454e-006
        max: 0.0167182572186
        mean: 0.00585271418095
        median: 0.00574256945401
        min: 1.06168962817e-020
        var: 5.40173141417e-006
    spectral_energyband_high:
        dmean: 0.000220314032049
        dmean2: 0.000385188526707
        dvar: 5.65563702537e-008
        dvar2: 1.56317540245e-007
        max: 0.00260234833695
        mean: 0.000578539445996
        median: 0.00054624537006
        min: 7.3551551053e-021
        var: 9.04198387275e-008
    spectral_energyband_low:
        dmean: 0.000369889487047
        dmean2: 0.000634090683889
        dvar: 1.24940427781e-007
        dvar2: 3.34288472459e-007
        max: 0.00308601069264
        mean: 0.000531648634933
        median: 0.000427408667747
        min: 1.1816687025e-022
        var: 1.51007981231e-007
    spectral_energyband_middle_high:
        dmean: 0.00074935721932
        dmean2: 0.00124999333639
        dvar: 5.8030349237e-007
        dvar2: 1.62591163644e-006
        max: 0.0104327127337
        mean: 0.00331023265608
        median: 0.00301947724074
        min: 1.66066151006e-021
        var: 2.93834978038e-006
    spectral_energyband_middle_low:
        dmean: 0.000682118581608
        dmean2: 0.00114290125202
        dvar: 6.22028267117e-007
        dvar2: 1.67037399024e-006
        max: 0.0083143543452
        mean: 0.00161873688921
        median: 0.00139376777224
        min: 3.70366610417e-022
        var: 9.38090124691e-007
    spectral_flatness_db:
        dmean: 0.0100227622315
        dmean2: 0.0166582390666
        dvar: 8.03466100479e-005
        dvar2: 0.000199204630917
        max: 0.460242778063
        mean: 0.117751769722
        median: 0.113424226642
        min: 0.0406428053975
        var: 0.000554691301659
    spectral_flux:
        dmean: 0.00656058778986
        dmean2: 0.0104082114995
        dvar: 3.97291660192e-005
        dvar2: 8.57563645695e-005
        max: 0.087832197547
        mean: 0.0477190315723
        median: 0.0479454249144
        min: 1.03038320931e-010
        var: 0.00016100105131
    spectral_kurtosis:
        dmean: 0.766270279884
        dmean2: 1.31425797939
        dvar: 1.38032019138
        dvar2: 3.63512730598
        max: 67.9607391357
        mean: 3.04266667366
        median: 2.79318237305
        min: -1.22169935703
        var: 2.54207372665
    spectral_rms:
        dmean: 0.000254264625255
        dmean2: 0.000420277181547
        dvar: 6.52720757444e-008
        dvar2: 1.72059813508e-007
        max: 0.00403862539679
        mean: 0.00232710316777
        median: 0.00236696144566
        min: 3.21837652015e-012
        var: 2.94579507454e-007
    spectral_rolloff:
        dmean: 224.876556396
        dmean2: 381.447021484
        dvar: 83436.46875
        dvar2: 179040.90625
        max: 18841.5527344
        mean: 3616.40698242
        median: 3617.578125
        min: 129.19921875
        var: 177395.328125
    spectral_skewness:
        dmean: 0.126451060176
        dmean2: 0.213509380817
        dvar: 0.0172632075846
        dvar2: 0.0453599542379
        max: 6.32123756409
        mean: 1.24790620804
        median: 1.21366524696
        min: 0.064207136631
        var: 0.0640379041433
    spectral_spread:
        dmean: 409731.5
        dmean2: 642355.9375
        dvar: 224417021952
        dvar2: 394377297920
        max: 41291584
        mean: 4849263
        median: 4785437
        min: 1599798.625
        var: 1.69899760026e+012
    spectral_strongpeak:
        dmean: 0.495741516352
        dmean2: 0.878162384033
        dvar: 0.632872641087
        dvar2: 1.63812148571
        max: 10.02734375
        mean: 0.559237062931
        median: 0.179561167955
        min: 2.57998178377e-009
        var: 0.924499928951
    zerocrossingrate:
        dmean: 0.00646096654236
        dmean2: 0.00842279009521
        dvar: 4.49234576081e-005
        dvar2: 5.97261205257e-005
        max: 0.49072265625
        mean: 0.11071176827
        median: 0.1123046875
        min: 0.00537109375
        var: 0.000300041545415
    barkbands:
        dmean: [5.4442733699e-007, 0.00017137498071, 0.000186085351743, 0.000243251153734, 0.00039191020187, 0.000169014878338, 0.000113682603114, 6.10510032857e-005, 0.000111737113912, 9.88662504824e-005, 0.000102507372503, 0.000105855935544, 8.12644866528e-005, 8.91728050192e-005, 9.92420173134e-005, 0.000136689995998, 0.000209358113352, 0.000154987414135, 0.000331985473167, 0.000212651109905, 0.000102672485809, 3.95119568566e-005, 7.13631561666e-006, 3.01691170534e-006, 1.55692760018e-006, 5.275999726e-008, 5.36570121668e-010]
        dmean2: [8.19265949303e-007, 0.000304828368826, 0.000325756962411, 0.000414787238697, 0.000664088875055, 0.000286901486106, 0.000191366256331, 0.000101255071058, 0.000184262447874, 0.000166162993992, 0.000170293191331, 0.000177113426616, 0.000137433278724, 0.000151820568135, 0.000166061989148, 0.000232953228988, 0.000358034303645, 0.000263656984316, 0.000560973538086, 0.000369704910554, 0.00017853009922, 6.77340358379e-005, 1.2707996575e-005, 5.11385042046e-006, 2.56668749898e-006, 8.40990068696e-008, 8.97550977985e-010]
        dvar: [2.45790475646e-013, 3.24052962242e-008, 4.4998319737e-008, 7.81048683507e-008, 3.02568366806e-007, 5.31114174862e-008, 3.10735934761e-008, 9.45197253799e-009, 3.01690015192e-008, 3.06154390728e-008, 3.60679166533e-008, 3.04922451733e-008, 1.78837620268e-008, 1.4983623231e-008, 2.1064170852e-008, 2.77449299091e-008, 5.88489612596e-008, 2.78576841595e-008, 9.93003368421e-008, 6.00055045652e-008, 1.16427969488e-008, 1.78414316654e-009, 8.11583855675e-011, 1.32597240479e-011, 7.04439414786e-012, 1.20259476273e-014, 8.24725385399e-019]
        dvar2: [5.1000989456e-013, 8.21993921818e-008, 1.23206817193e-007, 2.08394865808e-007, 8.14991267362e-007, 1.49999038968e-007, 8.28097981298e-008, 2.44160354157e-008, 7.93644403529e-008, 8.07433337968e-008, 9.36744939395e-008, 8.27148625149e-008, 4.89800164871e-008, 4.16777865553e-008, 5.32233350725e-008, 7.55930855689e-008, 1.64814977666e-007, 7.78542244007e-008, 2.77749137467e-007, 1.69509490888e-007, 3.18873603078e-008, 4.9149004866e-009, 2.23233501129e-010, 3.1114728849e-011, 1.44528399665e-011, 2.44168055186e-014, 2.09645493452e-018]
        max: [5.77544005864e-006, 0.00111050740816, 0.00229558139108, 0.00370979099534, 0.00606510601938, 0.003555231262, 0.0034854921978, 0.00223924941383, 0.00298882834613, 0.00249772774987, 0.00466924533248, 0.00261140801013, 0.00192039250396, 0.0016002219636, 0.00238901516423, 0.00270033604465, 0.00493982620537, 0.00360352918506, 0.0054051107727, 0.00299268914387, 0.00150844419841, 0.000635798671283, 0.000105017388705, 7.89685291238e-005, 6.88625514158e-005, 2.90438651973e-006, 2.72521525346e-008]
        mean: [1.16571811759e-006, 0.000156384994625, 0.000228769131354, 0.000315325567499, 0.000553384365048, 0.000261779001448, 0.000168626109371, 9.08918300411e-005, 0.000184741002158, 0.000156871479703, 0.000174898246769, 0.000191799204913, 0.000150439780555, 0.000156856083777, 0.000190272054169, 0.00029427165282, 0.000462713447632, 0.000384779646993, 0.000901847030036, 0.000466484518256, 0.000238896231167, 9.68869135249e-005, 1.36945554914e-005, 7.21891728972e-006, 3.61177467312e-006, 1.15424263925e-007, 9.92498971897e-010]
        median: [1.16844466902e-006, 8.79385333974e-005, 0.000155366811669, 0.000212301179999, 0.00038991420297, 0.000179797614692, 9.5344876172e-005, 5.20355606568e-005, 0.000101210040157, 7.03893019818e-005, 6.71236484777e-005, 9.3015114544e-005, 7.37990776543e-005, 9.94566071313e-005, 0.000131230044644, 0.000239555170992, 0.000380508718081, 0.000339378952049, 0.000818496802822, 0.000416267343098, 0.00021951526287, 8.8174288976e-005, 1.19686155813e-005, 6.21285198577e-006, 2.77822596217e-006, 6.62603554247e-008, 5.94408577914e-010]
        min: [7.02835812833e-023, 6.04205732922e-023, 1.5795153646e-023, 3.125455468e-024, 3.51048877285e-023, 1.16543255668e-022, 6.05695922726e-024, 6.71790728334e-023, 1.25861709821e-022, 6.29495540693e-023, 1.6023030949e-022, 6.15933128466e-023, 1.11472899531e-022, 5.77834365296e-023, 1.1003288128e-022, 1.67039453901e-022, 2.88204361623e-022, 2.23026628906e-022, 2.55355612928e-022, 4.19286588832e-022, 4.22057295523e-022, 4.96590085538e-022, 7.12539407813e-022, 9.52350346209e-022, 1.07553361451e-021, 1.49772066187e-021, 2.23397128475e-021]
        var: [6.22327005467e-013, 2.89014021604e-008, 5.31025747819e-008, 1.09142177962e-007, 3.10723578423e-007, 8.24169745783e-008, 4.9901707655e-008, 1.48840451075e-008, 5.64049571494e-008, 5.5082701067e-008, 9.3623775399e-008, 7.31041467361e-008, 4.10074108004e-008, 2.72402598256e-008, 4.08467144553e-008, 5.50228875795e-008, 1.25153974295e-007, 6.67539978849e-008, 2.86268857508e-007, 8.2586957717e-008, 1.78851244925e-008, 3.28729643506e-009, 1.1447496423e-010, 3.56373784649e-011, 1.75329976232e-011, 2.95490662375e-014, 1.60394684152e-018]
    frequency_bands:
        dmean: [5.4442733699e-007, 0.00017137498071, 0.000186085351743, 0.000243251153734, 0.00039191020187, 0.000169014878338, 0.000113682603114, 6.10510032857e-005, 0.000111737113912, 9.88662504824e-005, 0.000102507372503, 0.000105855935544, 8.12644866528e-005, 8.91728050192e-005, 9.92420173134e-005, 0.000136689995998, 0.000209358113352, 0.000154987414135, 0.000331985473167, 0.000212651109905, 0.000102672485809, 3.95119568566e-005, 7.13631561666e-006, 3.01691170534e-006, 1.55692760018e-006, 5.275999726e-008, 5.36570121668e-010, 7.05074887364e-011]
        dmean2: [8.19265949303e-007, 0.000304828368826, 0.000325756962411, 0.000414787238697, 0.000664088875055, 0.000286901486106, 0.000191366256331, 0.000101255071058, 0.000184262447874, 0.000166162993992, 0.000170293191331, 0.000177113426616, 0.000137433278724, 0.000151820568135, 0.000166061989148, 0.000232953228988, 0.000358034303645, 0.000263656984316, 0.000560973538086, 0.000369704910554, 0.00017853009922, 6.77340358379e-005, 1.2707996575e-005, 5.11385042046e-006, 2.56668749898e-006, 8.40990068696e-008, 8.97550977985e-010, 1.31707242335e-010]
        dvar: [2.45790475646e-013, 3.24052962242e-008, 4.4998319737e-008, 7.81048683507e-008, 3.02568366806e-007, 5.31114174862e-008, 3.10735934761e-008, 9.45197253799e-009, 3.01690015192e-008, 3.06154390728e-008, 3.60679166533e-008, 3.04922451733e-008, 1.78837620268e-008, 1.4983623231e-008, 2.1064170852e-008, 2.77449299091e-008, 5.88489612596e-008, 2.78576841595e-008, 9.93003368421e-008, 6.00055045652e-008, 1.16427969488e-008, 1.78414316654e-009, 8.11583855675e-011, 1.32597240479e-011, 7.04439414786e-012, 1.20259476273e-014, 8.24725385399e-019, 8.42123420292e-021]
        dvar2: [5.1000989456e-013, 8.21993921818e-008, 1.23206817193e-007, 2.08394865808e-007, 8.14991267362e-007, 1.49999038968e-007, 8.28097981298e-008, 2.44160354157e-008, 7.93644403529e-008, 8.07433337968e-008, 9.36744939395e-008, 8.27148625149e-008, 4.89800164871e-008, 4.16777865553e-008, 5.32233350725e-008, 7.55930855689e-008, 1.64814977666e-007, 7.78542244007e-008, 2.77749137467e-007, 1.69509490888e-007, 3.18873603078e-008, 4.9149004866e-009, 2.23233501129e-010, 3.1114728849e-011, 1.44528399665e-011, 2.44168055186e-014, 2.09645493452e-018, 2.68232151366e-020]
        max: [5.77544005864e-006, 0.00111050740816, 0.00229558139108, 0.00370979099534, 0.00606510601938, 0.003555231262, 0.0034854921978, 0.00223924941383, 0.00298882834613, 0.00249772774987, 0.00466924533248, 0.00261140801013, 0.00192039250396, 0.0016002219636, 0.00238901516423, 0.00270033604465, 0.00493982620537, 0.00360352918506, 0.0054051107727, 0.00299268914387, 0.00150844419841, 0.000635798671283, 0.000105017388705, 7.89685291238e-005, 6.88625514158e-005, 2.90438651973e-006, 2.72521525346e-008, 1.04310104998e-009]
        mean: [1.16571811759e-006, 0.000156384994625, 0.000228769131354, 0.000315325567499, 0.000553384365048, 0.000261779001448, 0.000168626109371, 9.08918300411e-005, 0.000184741002158, 0.000156871479703, 0.000174898246769, 0.000191799204913, 0.000150439780555, 0.000156856083777, 0.000190272054169, 0.00029427165282, 0.000462713447632, 0.000384779646993, 0.000901847030036, 0.000466484518256, 0.000238896231167, 9.68869135249e-005, 1.36945554914e-005, 7.21891728972e-006, 3.61177467312e-006, 1.15424263925e-007, 9.92498971897e-010, 5.4824117468e-011]
        median: [1.16844466902e-006, 8.79385333974e-005, 0.000155366811669, 0.000212301179999, 0.00038991420297, 0.000179797614692, 9.5344876172e-005, 5.20355606568e-005, 0.000101210040157, 7.03893019818e-005, 6.71236484777e-005, 9.3015114544e-005, 7.37990776543e-005, 9.94566071313e-005, 0.000131230044644, 0.000239555170992, 0.000380508718081, 0.000339378952049, 0.000818496802822, 0.000416267343098, 0.00021951526287, 8.8174288976e-005, 1.19686155813e-005, 6.21285198577e-006, 2.77822596217e-006, 6.62603554247e-008, 5.94408577914e-010, 2.268062127e-011]
        min: [7.02835812833e-023, 6.04205732922e-023, 1.5795153646e-023, 3.125455468e-024, 3.51048877285e-023, 1.16543255668e-022, 6.05695922726e-024, 6.71790728334e-023, 1.25861709821e-022, 6.29495540693e-023, 1.6023030949e-022, 6.15933128466e-023, 1.11472899531e-022, 5.77834365296e-023, 1.1003288128e-022, 1.67039453901e-022, 2.88204361623e-022, 2.23026628906e-022, 2.55355612928e-022, 4.19286588832e-022, 4.22057295523e-022, 4.96590085538e-022, 7.12539407813e-022, 9.52350346209e-022, 1.07553361451e-021, 1.49772066187e-021, 2.23397128475e-021, 8.08794473663e-022]
        var: [6.22327005467e-013, 2.89014021604e-008, 5.31025747819e-008, 1.09142177962e-007, 3.10723578423e-007, 8.24169745783e-008, 4.9901707655e-008, 1.48840451075e-008, 5.64049571494e-008, 5.5082701067e-008, 9.3623775399e-008, 7.31041467361e-008, 4.10074108004e-008, 2.72402598256e-008, 4.08467144553e-008, 5.50228875795e-008, 1.25153974295e-007, 6.67539978849e-008, 2.86268857508e-007, 8.2586957717e-008, 1.78851244925e-008, 3.28729643506e-009, 1.1447496423e-010, 3.56373784649e-011, 1.75329976232e-011, 2.95490662375e-014, 1.60394684152e-018, 6.93514284016e-021]
    mfcc:
        mean: [-670.868591309, 90.9746932983, -47.4212036133, 55.850982666, -8.6501789093, -0.484265804291, 3.76947236061, -3.07760047913, -1.06413078308, -7.96723842621, -5.19577074051, -6.63783216476, -4.45292329788]
        cov: [[4142.19140625, 364.421905518, -326.327911377, 166.263031006, -127.517692566, 41.8611106873, 24.2004432678, 17.241230011, -6.98979139328, 14.6718864441, -7.0099773407, 6.71225309372, 25.1781654358], [364.421905518, 393.969940186, -183.841766357, 91.7835388184, -38.7583389282, -16.0134830475, 16.006855011, -20.6288700104, 11.067158699, -38.6876564026, -3.95530653, -14.947467804, -17.0691642761], [-326.327911377, -183.841766357, 315.772094727, -7.13588571548, 40.0517921448, -6.32253551483, -38.3904762268, 12.1514339447, -1.99133300781, 32.3776512146, -7.67017412186, 2.34597110748, 10.0302886963], [166.263031006, 91.7835388184, -7.13588571548, 187.659286499, 32.2791442871, 4.69804525375, -22.5632019043, -17.609375, 7.79394388199, -0.141907155514, 1.86957585812, -8.80511379242, 0.459662258625], [-127.517692566, -38.7583389282, 40.0517921448, 32.2791442871, 79.3176345825, 27.8089866638, 10.2859659195, -4.90597677231, -1.30001103878, 9.48529911041, 6.27690601349, 1.88399231434, -0.0300650056452], [41.8611106873, -16.0134830475, -6.32253551483, 4.69804525375, 27.8089866638, 76.0744094849, 39.8268432617, 18.0198879242, -7.26503753662, 2.79374670982, 3.72312498093, 9.53006458282, 7.20761728287], [24.2004432678, 16.006855011, -38.3904762268, -22.5632019043, 10.2859659195, 39.8268432617, 78.041633606, 35.0734825134, 7.16200828552, -10.0308179855, -0.0222471337765, 8.26639461517, 1.81747734547], [17.241230011, -20.6288700104, 12.1514339447, -17.609375, -4.90597677231, 18.0198879242, 35.0734825134, 61.597946167, 25.1233158112, 10.7290802002, 0.178241193295, 6.5356502533, 3.81938767433], [-6.98979139328, 11.067158699, -1.99133300781, 7.79394388199, -1.30001103878, -7.26503753662, 7.16200828552, 25.1233158112, 55.4253959656, 26.853521347, 9.95827388763, -0.515766739845, -2.66531205177], [14.6718864441, -38.6876564026, 32.3776512146, -0.141907155514, 9.48529911041, 2.79374670982, -10.0308179855, 10.7290802002, 26.853521347, 56.9759941101, 23.0910015106, 6.76942825317, 0.810759305954], [-7.0099773407, -3.95530653, -7.67017412186, 1.86957585812, 6.27690601349, 3.72312498093, -0.0222471337765, 0.178241193295, 9.95827388763, 23.0910015106, 42.1177406311, 21.5764427185, 9.70355892181], [6.71225309372, -14.947467804, 2.34597110748, -8.80511379242, 1.88399231434, 9.53006458282, 8.26639461517, 6.5356502533, -0.515766739845, 6.76942825317, 21.5764427185, 42.6887016296, 23.2249393463], [25.1781654358, -17.0691642761, 10.0302886963, 0.459662258625, -0.0300650056452, 7.20761728287, 1.81747734547, 3.81938767433, -2.66531205177, 0.810759305954, 9.70355892181, 23.2249393463, 42.7139053345]]
        icov: [[0.000316438963637, -0.000154048771947, 0.000256842933595, -0.000344044587109, 0.000583936227486, -0.000212952450966, -5.71358650632e-005, -0.000188466074178, 0.000499712768942, -0.000801215879619, 0.000456382258562, -8.23530353955e-005, -0.000261582288658], [-0.000154048771947, 0.00483635952696, 0.00170798553154, -0.0024864517618, 0.0020862526726, 0.000769228034187, -0.00189558137208, 0.00193638703786, -0.0020697072614, 0.00254086172208, -0.000847357558087, 0.000188569334568, 0.00134094117675], [0.000256842933595, 0.00170798553154, 0.0055508823134, -0.000588297902141, -0.00208854093216, 0.000988190993667, 0.00280775711872, -0.00291625643149, 0.00170253345277, -0.00269591924734, 0.00313820084557, -0.000708397943527, -0.000963273923844], [-0.000344044587109, -0.0024864517618, -0.000588297902141, 0.0085202427581, -0.0051874872297, -0.00183154724073, 0.00484796054661, -0.000201683360501, -0.00251981499605, 0.00193018780556, -0.000756245863158, 0.00156506046187, -0.00150025321636], [0.000583936227486, 0.0020862526726, -0.00208854093216, -0.0051874872297, 0.02154000476, -0.00612600520253, -0.00639560399577, 0.00722804293036, -0.000930982758291, -0.00226038438268, -0.00176518585067, 0.000470337865409, 0.0018405308947], [-0.000212952450966, 0.000769228034187, 0.000988190993667, -0.00183154724073, -0.00612600520253, 0.0239910352975, -0.0112805301324, -0.00385292526335, 0.00887117255479, -0.00593386031687, 0.00116689002607, -0.000801087415311, -0.00217083818279], [-5.71358650632e-005, -0.00189558137208, 0.00280775711872, 0.00484796054661, -0.00639560399577, -0.0112805301324, 0.0309642609209, -0.0146884694695, -0.00344846490771, 0.0094067081809, -0.00127651996445, -0.00260936492123, 0.00177460804116], [-0.000188466074178, 0.00193638703786, -0.00291625643149, -0.000201683360501, 0.00722804293036, -0.00385292526335, -0.0146884694695, 0.0340462885797, -0.0144111923873, -0.00177313608583, 0.00479522207752, -0.00305196037516, -0.000487729092129], [0.000499712768942, -0.0020697072614, 0.00170253345277, -0.00251981499605, -0.000930982758291, 0.00887117255479, -0.00344846490771, -0.0144111923873, 0.0357213839889, -0.0176542140543, -0.000656654883642, 0.00348192942329, -0.000736551301088], [-0.000801215879619, 0.00254086172208, -0.00269591924734, 0.00193018780556, -0.00226038438268, -0.00593386031687, 0.0094067081809, -0.00177313608583, -0.0176542140543, 0.0394498929381, -0.0192688107491, 0.00252304272726, 0.0040130764246], [0.000456382258562, -0.000847357558087, 0.00313820084557, -0.000756245863158, -0.00176518585067, 0.00116689002607, -0.00127651996445, 0.00479522207752, -0.000656654883642, -0.0192688107491, 0.0463133715093, -0.0215019416064, -0.000414230278693], [-8.23530353955e-005, 0.000188569334568, -0.000708397943527, 0.00156506046187, 0.000470337865409, -0.000801087415311, -0.00260936492123, -0.00305196037516, 0.00348192942329, 0.00252304272726, -0.0215019416064, 0.0459052063525, -0.0191132146865], [-0.000261582288658, 0.00134094117675, -0.000963273923844, -0.00150025321636, 0.0018405308947, -0.00217083818279, 0.00177460804116, -0.000487729092129, -0.000736551301088, 0.0040130764246, -0.000414230278693, -0.0191132146865, 0.0350441336632]]
    sccoeffs:
        dmean: [0.0565299279988, 0.0479310192168, 0.0369456522167, 0.0268645621836, 0.0186870638281, 0.0172519795597]
        dmean2: [0.0962672606111, 0.0810412615538, 0.0626928955317, 0.0460415668786, 0.0319599248469, 0.0285405032337]
        dvar: [0.00197481061332, 0.00132128119003, 0.000817504362203, 0.000420831929659, 0.000205697157071, 0.000212879138417]
        dvar2: [0.00549291959032, 0.00382560491562, 0.00235111359507, 0.00121207314078, 0.000610347138718, 0.00055601191707]
        max: [-0.384546786547, -0.565880000591, -0.577031195164, -0.662674307823, -0.718566417694, -0.626513719559]
        mean: [-0.67921859026, -0.777823388577, -0.804428219795, -0.809858202934, -0.798639774323, -0.742218136787]
        median: [-0.685461163521, -0.781620144844, -0.809524416924, -0.812480509281, -0.799214839935, -0.742176651955]
        min: [-0.961508750916, -0.963158845901, -0.962487816811, -0.960478127003, -0.961725175381, -0.959140241146]
        var: [0.00439317338169, 0.00275290175341, 0.00215617450885, 0.000986916478723, 0.000518550630659, 0.0011033694027]
    scvalleys:
        dmean: [0.380120307207, 0.367810457945, 0.293348103762, 0.238860338926, 0.189309984446, 0.260723412037]
        dmean2: [0.635535538197, 0.614387392998, 0.487244486809, 0.392752766609, 0.307850897312, 0.439196377993]
        dvar: [0.108072727919, 0.105857655406, 0.0738405361772, 0.0542229712009, 0.0434053316712, 0.0831116586924]
        dvar2: [0.259821802378, 0.249311715364, 0.159813821316, 0.113290555775, 0.0776409208775, 0.17746450007]
        max: [-5.15879440308, -4.7750415802, -5.00003910065, -5.4200129509, -5.60920333862, -7.70768976212]
        mean: [-6.42100906372, -6.42575502396, -6.56889295578, -6.67913770676, -6.50253486633, -9.18444156647]
        median: [-6.2597322464, -6.34752607346, -6.51343727112, -6.58577871323, -6.34813404083, -8.94819927216]
        min: [-27.5312843323, -27.1765365601, -27.4941329956, -27.0685119629, -27.1424636841, -27.245967865]
        var: [1.09203565121, 0.962718844414, 0.863681137562, 0.905361413956, 0.928955256939, 1.15565729141]

rhythm:
    beats_loudness:
        dmean: 0.00121402612422
        dmean2: 0.0021505493205
        dvar: 1.13436465199e-006
        dvar2: 3.24001121044e-006
        max: 0.0108441133052
        mean: 0.00614127609879
        median: 0.00608525425196
        min: 2.43493625263e-009
        var: 3.84466102332e-006
    bpm: 178.205322266
    bpm_confidence: 0
    first_peak_bpm: 178
    first_peak_spread: 0
    first_peak_weight: 0.639344274998
    onset_rate: 1.85214340687
    second_peak_bpm: 185
    second_peak_spread: 0
    second_peak_weight: 0.304189443588
    beats_loudness_band_ratio:
        dmean: [0.0769893527031, 0.0826386660337, 0.0482237711549, 0.0586231127381, 0.0637403354049, 0.0685938298702]
        dmean2: [0.134185031056, 0.14328327775, 0.0854652896523, 0.100720360875, 0.107215106487, 0.114196680486]
        dvar: [0.00662730075419, 0.00466542970389, 0.00266773370095, 0.00466065621004, 0.00276140938513, 0.00355168129317]
        dvar2: [0.0194516573101, 0.0136563293636, 0.00737652182579, 0.0134580815211, 0.00822041463107, 0.0092339226976]
        max: [0.826770782471, 0.507242023945, 0.367568135262, 0.450092822313, 0.565867125988, 0.676765918732]
        mean: [0.168390855193, 0.174749672413, 0.0816851630807, 0.11008810252, 0.245513617992, 0.266102939844]
        median: [0.149122536182, 0.158071756363, 0.0658776760101, 0.0748649090528, 0.240466505289, 0.261698365211]
        min: [0.0183550622314, 0.0148199703544, 0.0117244916037, 0.0147143052891, 0.0557246208191, 0.0203941427171]
        var: [0.0086357826367, 0.00706752669066, 0.00325975636952, 0.00726345321164, 0.005291108042, 0.00598069094121]
    beats_position: [0.348299324512, 0.708208620548, 1.05650794506, 1.40480720997, 1.764716506, 2.13623571396, 2.50775504112, 2.87927436829, 3.22757363319, 3.56426286697, 3.90095233917, 4.23764181137, 4.57433080673, 4.8994102478, 5.23609972, 5.5727891922, 5.89786815643, 6.23455762863, 6.57124710083, 6.90793657303, 7.24462556839, 7.56970500946, 7.90639448166, 8.24308395386, 8.56816291809, 8.90485286713, 9.24154186249, 9.57823085785, 9.91492080688, 10.2399997711, 10.5766887665, 10.9017686844, 11.2384576797, 11.5751476288, 11.9118366241, 12.2369155884, 12.5736055374, 12.9102945328, 13.2469835281, 13.5836734772, 13.9087524414, 14.2454423904, 14.5821313858, 14.90721035, 15.2439002991, 15.5805892944, 15.9056682587, 16.2539672852, 16.5790481567, 16.904127121, 17.2292060852, 17.5658950806, 17.9025840759, 18.2392749786, 18.575963974, 18.9126529694, 19.2493419647, 19.574420929, 19.8994998932, 20.2361907959, 20.5728797913, 20.8979587555, 21.2346477509, 21.5713367462, 21.8964176178, 22.2331066132, 22.5697956085, 22.9064846039, 23.2431735992, 23.5798625946, 23.9165534973, 24.2416324615, 24.5783214569, 24.9150104523, 25.2516994476, 25.5883903503, 25.9134693146, 26.2385482788, 26.563627243, 26.9003162384, 27.2370071411, 27.5736961365, 27.9103851318, 28.2354640961, 28.5721530914, 28.9088420868, 29.2339229584, 29.5822219849, 29.9073009491, 30.2439899445, 30.5806789398, 30.9057598114, 31.2424488068, 31.5791378021, 31.9042167664, 32.2409057617, 32.5775947571, 32.9026756287, 33.239364624, 33.5644454956, 33.901134491, 34.2378234863, 34.5745124817, 34.9228096008, 35.2478904724, 35.572971344, 35.8980484009, 36.2347373962, 36.5714263916, 36.908115387, 37.244808197, 37.5698852539, 37.9065742493, 38.2316551208, 38.5683441162, 38.8934249878, 39.2301139832, 39.5668029785, 39.9151000977, 40.2401809692, 40.5768699646, 40.91355896, 41.2386398315, 41.5753288269, 41.9120178223, 42.2370948792, 42.5621757507, 42.8988647461, 43.2355537415, 43.5722427368, 43.9089317322, 44.2456245422, 44.5823135376, 44.9073905945, 45.2440795898, 45.5807685852, 45.9058494568, 46.2425384521, 46.5792274475, 46.9043083191, 47.229385376, 47.5544662476, 47.8911552429, 48.2278442383, 48.5645332336, 48.901222229, 49.2379112244, 49.5746040344, 49.9112930298, 50.2479820251, 50.573059082, 50.9097480774, 51.2464370728, 51.5715179443, 51.9082069397, 52.2448959351, 52.5699768066, 52.906665802, 53.2433547974, 53.5800437927, 53.9167327881, 54.2418136597, 54.578502655, 54.9151916504, 55.240272522, 55.5769615173, 55.9136505127, 56.2387275696, 56.5754165649, 56.912109375, 57.2371864319, 57.5738754272, 57.9105644226, 58.247253418, 58.583946228, 58.9090232849, 59.2341041565, 59.5707931519, 59.9074821472, 60.2325630188, 60.5692520142, 60.9059410095, 61.2426300049, 61.5793190002, 61.9043960571, 62.2410888672, 62.5777778625, 62.9028549194, 63.2395439148, 63.5762329102, 63.9013137817, 64.2380065918, 64.5746917725, 64.9113845825, 65.2480697632, 65.5731506348, 65.8982315063, 66.234916687, 66.5716094971, 66.9082946777, 67.2449874878, 67.5700683594, 67.90675354, 68.2434463501, 68.5685272217, 68.9052124023, 69.2419052124, 69.5785903931, 69.9152832031, 70.2403640747, 70.5654373169, 70.902130127, 71.238822937, 71.5755081177, 71.9122009277, 72.2372741699, 72.57396698, 72.91065979, 73.2357330322, 73.5724258423, 73.9091110229, 74.245803833, 74.5824966431, 74.9075698853, 75.2442626953, 75.580947876, 75.9060287476, 76.2427215576, 76.5794067383, 76.9160995483, 77.252784729, 77.5778656006, 77.9145584106, 78.2512435913, 78.5763244629, 78.9130172729, 79.2497024536, 79.5747833252, 79.9114761353, 80.2481613159, 80.5732421875, 80.9099273682, 81.2466201782, 81.5717010498, 81.9083862305, 82.2450790405, 82.5701599121, 82.9068450928, 83.2435379028, 83.5802230835, 83.9169158936, 84.2536010742, 84.5902938843, 84.9153747559, 85.2404556274, 85.5887527466, 85.9138336182, 86.2389068604, 86.5639877319, 86.900680542, 87.2373657227, 87.5624465942, 87.8991394043, 88.235824585, 88.572517395, 88.9092025757, 89.2342834473, 89.5709762573, 89.907661438, 90.244354248, 90.5810394287, 90.9061203003, 91.2428131104, 91.579498291, 91.9161911011, 92.2528762817, 92.5779571533, 92.9146499634, 93.251335144, 93.5764160156, 93.9131011963, 94.2497940063, 94.5864868164, 94.9231719971, 95.2482528687, 95.5849380493, 95.9100189209, 96.246711731, 96.5833969116, 96.9200897217, 97.2567749023, 97.5934677124, 97.918548584, 98.2552337646, 98.5919265747, 98.9170074463, 99.2420806885, 99.5787734985, 99.9154663086, 100.252151489, 100.588844299, 100.913917542, 101.238998413, 101.575691223, 101.912376404, 102.237457275, 102.574150085, 102.910835266, 103.235916138, 103.572608948, 103.909294128, 104.245986938, 104.571060181, 104.907752991, 105.244445801, 105.581130981, 105.906211853, 106.231292725, 106.567977905, 106.904670715, 107.241355896, 107.578048706, 107.914733887, 108.251426697, 108.576507568, 108.913192749, 109.249885559, 109.574966431, 109.911651611, 110.248344421, 110.585029602, 110.921722412, 111.246803284, 111.571876526, 111.908569336, 112.233650208, 112.570335388, 112.907028198, 113.243713379, 113.580406189, 113.905487061, 114.242172241, 114.59047699, 114.915550232, 115.240631104, 115.565711975, 115.914009094, 116.250701904, 116.587387085, 116.912467957, 117.237548828, 117.574241638, 117.910926819, 118.23600769, 118.58430481, 118.909385681, 119.246078491, 119.582763672, 119.919456482, 120.244529724, 120.581222534, 120.906303406, 121.254600525, 121.579681396, 121.904762268, 122.241447449, 122.578140259, 122.90322113, 123.239906311, 123.576599121, 123.913284302, 124.249977112, 124.586662292, 124.911743164, 125.236824036, 125.573509216, 125.898590088, 126.235282898, 126.571968079, 126.908660889, 127.23374176, 127.570426941, 127.907119751, 128.243804932, 128.568893433, 128.893966675, 129.230651855, 129.567337036, 129.904037476, 130.240722656, 130.577407837, 130.914108276, 131.239181519, 131.564254761, 131.9009552, 132.237640381, 132.574325562, 132.911010742, 133.236099243, 133.584396362, 133.909469604, 134.234558105, 134.571243286, 134.907928467, 135.244628906, 135.581314087, 135.906387329, 136.243087769, 136.579772949, 136.904846191, 137.241546631, 137.578231812, 137.914916992, 138.251602173, 138.576690674, 138.901763916, 139.238449097, 139.563537598, 139.900222778, 140.225296021, 140.56199646, 140.898681641, 141.235366821, 141.572067261, 141.908752441, 142.245437622, 142.570526123, 142.895599365, 143.232284546, 143.568969727, 143.905670166, 144.242355347, 144.567428589, 144.904129028, 145.240814209, 145.57749939, 145.914199829, 146.239273071, 146.575958252, 146.912643433, 147.237731934, 147.562805176, 147.887893677, 148.212966919, 148.5496521, 148.886352539, 149.234649658, 149.582946777, 149.90802002, 150.233108521, 150.569793701, 150.906478882, 151.243179321, 151.579864502, 151.904937744, 152.241622925, 152.578323364, 152.903396606, 153.240081787, 153.576782227, 153.901855469, 154.238540649, 154.56362915, 154.900314331, 155.24861145, 155.573699951, 155.910385132, 156.235458374, 156.572158813, 156.897232056, 157.233917236, 157.570602417, 157.907302856, 158.243988037, 158.580673218, 158.917373657, 159.242446899, 159.57913208, 159.915817261, 160.240905762, 160.565979004, 160.891067505, 161.239364624, 161.576049805, 161.912734985, 162.237823486, 162.586120605, 162.911193848, 163.236282349, 163.584579468, 163.90965271, 164.246353149, 164.58303833, 164.908111572, 165.233200073, 165.569885254, 165.906570435, 166.243255615, 166.579956055, 166.905029297, 167.241714478, 167.578414917, 167.915100098, 168.251785278, 168.576873779, 168.901947021, 169.238632202, 169.575332642, 169.912017822, 170.225479126, 170.562179565, 170.898864746, 171.235549927, 171.572235107, 171.897323608, 172.234008789, 172.57069397, 172.907394409, 173.24407959, 173.569152832, 173.905853271, 174.242538452, 174.567611694, 174.904312134, 175.240997314, 175.577682495, 175.914367676, 176.239456177, 176.576141357, 176.912826538, 177.237915039, 177.57460022, 177.9112854, 178.236373901, 178.573059082, 178.909744263, 179.234832764, 179.571517944, 179.908203125, 180.233291626, 180.569976807, 180.906661987, 181.243347168, 181.580047607, 181.928344727, 182.276641846, 182.624938965, 182.973236084, 183.321533203, 183.669830322]
