
metadata:
    version:
        essentia: "2.1-beta2"
    audio_properties:
        analysis_sample_rate: 44100
        bitrate: 320
        channels: 2
        equal_loudness: 1
        length: 249.417144775
        replay_gain: -14.7167491913
        downmix: "mix"
    tags:
        album: "Ghost Empire"
        artist: "Caliban"
        comment: "For QUALITY NEEDS Visit :
http://www.bubaneemusic2.com"
        date: "2014"
        genre: "Metalcore"
        title: "Who We Are"
        tracknumber: "11/16"

configuration:
    average_loudness:
        compute: 1
        frameSize: 88200
        hopSize: 44100
        silentFrames: "noise"
        windowType: "hann"
    general:
        analysisSampleRate: 44100
        endTime: 2000
        equalLoudness: 1
        nequalLoudness: 0
        shortSound: 0
        startTime: 0
    lowlevel:
        compute: 1
        frameSize: 2048
        hopSize: 1024
        zeroPadding: 0
        silentFrames: "noise"
        windowType: "blackmanharris62"
        mfccStats: ["mean", "cov", "icov"]
        stats: ["mean", "var", "median", "min", "max", "dmean", "dmean2", "dvar", "dvar2"]
    panning:
        compute: 0
        frameSize: 8192
        hopSize: 2048
        zeroPadding: 8192
        silentFrames: "noise"
        windowType: "hann"
        stats: ["copy"]
    rhythm:
        compute: 1
        maxTempo: 208
        minTempo: 40
        method: "degara"
        stats: ["mean", "var", "median", "min", "max", "dmean", "dmean2", "dvar", "dvar2"]
    segmentation:
        compute: 0
        cpw: 5
        inc1: 300
        inc2: 50
        minimumSegmentsLength: 10
        size1: 1000
        size2: 600
    sfx:
        compute: 1
        stats: ["mean", "var", "median", "min", "max", "dmean", "dmean2", "dvar", "dvar2"]
    svm:
        compute: 0
    tonal:
        compute: 1
        frameSize: 4096
        hopSize: 2048
        zeroPadding: 0
        silentFrames: "noise"
        windowType: "blackmanharris62"
        stats: ["mean", "var", "median", "min", "max", "dmean", "dmean2", "dvar", "dvar2"]

lowlevel:
    average_loudness: 0.847588300705
    barkbands_kurtosis:
        dmean: 0.849512755871
        dmean2: 1.39593815804
        dvar: 1.29355299473
        dvar2: 3.40137887001
        max: 39.2445259094
        mean: 0.123120769858
        median: -0.462675482035
        min: -1.87625646591
        var: 4.72097730637
    barkbands_skewness:
        dmean: 0.356993615627
        dmean2: 0.582590460777
        dvar: 0.113675065339
        dvar2: 0.301602751017
        max: 5.403652668
        mean: -0.468281686306
        median: -0.666216135025
        min: -2.70348596573
        var: 0.819726884365
    barkbands_spread:
        dmean: 5.42800331116
        dmean2: 8.78219223022
        dvar: 25.0502090454
        dvar2: 65.9690170288
        max: 67.9286956787
        mean: 29.9797458649
        median: 30.2587242126
        min: 1.07866275311
        var: 135.521636963
    dissonance:
        dmean: 0.00998134352267
        dmean2: 0.0171426311135
        dvar: 0.000173072854523
        dvar2: 0.000485471537104
        max: 0.500000178814
        mean: 0.48471596837
        median: 0.490451991558
        min: 0.284801691771
        var: 0.000379816920031
    hfc:
        dmean: 2.52647829056
        dmean2: 4.2579369545
        dvar: 9.05930137634
        dvar2: 24.8896713257
        max: 37.7177352905
        mean: 10.447268486
        median: 10.6083221436
        min: 1.06751582195e-016
        var: 44.9268112183
    pitch:
        dmean: 896.018554688
        dmean2: 1692.93505859
        dvar: 1516468.25
        dvar2: 3831075.75
        max: 5038.74023438
        mean: 1320.1940918
        median: 490.921386719
        min: 61.1220664978
        var: 1978719.125
    pitch_instantaneous_confidence:
        dmean: 0.0670198127627
        dmean2: 0.111185476184
        dvar: 0.00306327710859
        dvar2: 0.00827567931265
        max: 0.856894671917
        mean: 0.31388142705
        median: 0.290085971355
        min: 0.104462862015
        var: 0.0111220674589
    pitch_salience:
        dmean: 0.0510797537863
        dmean2: 0.0861734077334
        dvar: 0.00197182223201
        dvar2: 0.00557030830532
        max: 0.986834049225
        mean: 0.687236130238
        median: 0.69915407896
        min: 0.163482353091
        var: 0.00477708131075
    silence_rate_20dB:
        dmean: 0
        dmean2: 0
        dvar: 0
        dvar2: 0
        max: 1
        mean: 1
        median: 1
        min: 1
        var: 0
    silence_rate_30dB:
        dmean: 0
        dmean2: 0
        dvar: 0
        dvar2: 0
        max: 1
        mean: 1
        median: 1
        min: 1
        var: 0
    silence_rate_60dB:
        dmean: 0.0342580527067
        dmean2: 0.0685224831104
        dvar: 0.033076684922
        dvar2: 0.0766794010997
        max: 1
        mean: 0.269384711981
        median: 0
        min: 0
        var: 0.196809574962
    spectral_centroid:
        dmean: 238.513793945
        dmean2: 392.833221436
        dvar: 71275.3828125
        dvar2: 177889.015625
        max: 11714.9707031
        mean: 2037.48242188
        median: 2185.52783203
        min: 111.023544312
        var: 492350.3125
    spectral_complexity:
        dmean: 4.06069612503
        dmean2: 6.64872932434
        dvar: 15.7795000076
        dvar2: 40.8740577698
        max: 47
        mean: 20.1990127563
        median: 22
        min: 0
        var: 136.088165283
    spectral_crest:
        dmean: 1.56771099567
        dmean2: 2.67843651772
        dvar: 2.8284599781
        dvar2: 7.72553825378
        max: 22.7465858459
        mean: 5.83463191986
        median: 5.03352165222
        min: 2.51999092102
        var: 6.63691473007
    spectral_decrease:
        dmean: 2.27235771866e-010
        dmean2: 3.71678854361e-010
        dvar: 8.02711188317e-020
        dvar2: 2.08956485606e-019
        max: 7.3646333293e-029
        mean: -9.97668503366e-010
        median: -1.00996311314e-009
        min: -3.64692209764e-009
        var: 3.81175631311e-019
    spectral_energy:
        dmean: 0.00105087924749
        dmean2: 0.00172442325857
        dvar: 1.57386455157e-006
        dvar2: 4.09427047998e-006
        max: 0.0157033670694
        mean: 0.00471303751692
        median: 0.00478709628806
        min: 9.71617495056e-021
        var: 8.41153541842e-006
    spectral_energyband_high:
        dmean: 0.000244018592639
        dmean2: 0.000421714066761
        dvar: 9.36214448188e-008
        dvar2: 2.61339039298e-007
        max: 0.0029691408854
        mean: 0.000654780014884
        median: 0.000649297726341
        min: 6.87599700298e-021
        var: 1.9515145766e-007
    spectral_energyband_low:
        dmean: 0.000194420179469
        dmean2: 0.000327305722749
        dvar: 6.72699300708e-008
        dvar2: 1.86947232805e-007
        max: 0.00316403689794
        mean: 0.000404651655117
        median: 0.000382979167625
        min: 2.1433554321e-023
        var: 1.02444332128e-007
    spectral_energyband_middle_high:
        dmean: 0.000657508440781
        dmean2: 0.00108135561459
        dvar: 5.33252205059e-007
        dvar2: 1.42070223319e-006
        max: 0.011943301186
        mean: 0.00291542266496
        median: 0.00276931887493
        min: 1.38292804633e-021
        var: 4.22439916292e-006
    spectral_energyband_middle_low:
        dmean: 0.000452553853393
        dmean2: 0.000760264636483
        dvar: 7.83655480063e-007
        dvar2: 2.12576992453e-006
        max: 0.00946788676083
        mean: 0.000857557985
        median: 0.000621687388048
        min: 2.40205394093e-022
        var: 8.76096805769e-007
    spectral_flatness_db:
        dmean: 0.0122934374958
        dmean2: 0.020086793229
        dvar: 0.000128913365188
        dvar2: 0.000330666051013
        max: 0.463466733694
        mean: 0.148086473346
        median: 0.130983501673
        min: 0.0602976344526
        var: 0.00313800876029
    spectral_flux:
        dmean: 0.00567988213152
        dmean2: 0.00877145212144
        dvar: 4.07781517424e-005
        dvar2: 8.34136226331e-005
        max: 0.102833196521
        mean: 0.0405884124339
        median: 0.0441773571074
        min: 6.40199560031e-011
        var: 0.000341585371643
    spectral_kurtosis:
        dmean: 1.86085104942
        dmean2: 3.19573831558
        dvar: 32.3340873718
        dvar2: 98.4179992676
        max: 192.289779663
        mean: 6.47840452194
        median: 3.20781731606
        min: -1.43101596832
        var: 268.693725586
    spectral_rms:
        dmean: 0.000220813642954
        dmean2: 0.000356686039595
        dvar: 5.49558798468e-008
        dvar2: 1.40426138273e-007
        max: 0.00391412293538
        mean: 0.00198168214411
        median: 0.00216109654866
        min: 3.07883015957e-012
        var: 6.71025304655e-007
    spectral_rolloff:
        dmean: 301.08203125
        dmean2: 505.732971191
        dvar: 138845.734375
        dvar2: 305360.8125
        max: 19121.484375
        mean: 3493.35864258
        median: 3811.37695313
        min: 107.666015625
        var: 1303413.25
    spectral_skewness:
        dmean: 0.193835422397
        dmean2: 0.326284199953
        dvar: 0.10181825608
        dvar2: 0.306840807199
        max: 10.9115810394
        mean: 1.46018302441
        median: 1.21975767612
        min: -0.0607386827469
        var: 1.2611232996
    spectral_spread:
        dmean: 362836.90625
        dmean2: 565123.6875
        dvar: 341016870912
        dvar2: 571051933696
        max: 43256300
        mean: 4092465.25
        median: 4061424
        min: 430976.9375
        var: 2.85001829581e+012
    spectral_strongpeak:
        dmean: 0.52831619978
        dmean2: 0.931383609772
        dvar: 0.517181634903
        dvar2: 1.38638329506
        max: 5.64576864243
        mean: 0.643509209156
        median: 0.215353697538
        min: 6.15427098172e-010
        var: 0.699731647968
    zerocrossingrate:
        dmean: 0.00631329184398
        dmean2: 0.00826418586075
        dvar: 4.89493577334e-005
        dvar2: 6.6321263148e-005
        max: 0.5166015625
        mean: 0.108968533576
        median: 0.1171875
        min: 0.01025390625
        var: 0.0010970995063
    barkbands:
        dmean: [6.65689071866e-007, 6.84997285134e-005, 0.000122872646898, 0.000125282938825, 0.000232459977269, 6.36181066511e-005, 7.09892701707e-005, 5.52393066755e-005, 9.19431840884e-005, 9.30555543164e-005, 5.79707339057e-005, 0.000102052705188, 6.82399841025e-005, 5.64216570638e-005, 8.53558522067e-005, 0.000176363217179, 0.000244581984589, 0.000242030102527, 0.000194543827092, 0.000176127447048, 0.000127004343085, 3.64872503269e-005, 6.8051940616e-006, 2.15374643631e-006, 9.14198949431e-007, 2.82344299052e-008, 2.82503270777e-010]
        dmean2: [9.12856535251e-007, 0.000114004324132, 0.000208485100302, 0.000221545458771, 0.000403402518714, 0.000104995713627, 0.000115832670417, 9.20634920476e-005, 0.000149513856741, 0.00015343814448, 9.64391947491e-005, 0.000167320598848, 0.000112644935143, 9.28867520997e-005, 0.000141558033647, 0.000296502956189, 0.000409083848353, 0.000408753316151, 0.000333089526976, 0.000300652725855, 0.000218942834181, 6.54208924971e-005, 1.19341775644e-005, 3.59102068614e-006, 1.46926322486e-006, 4.40513474587e-008, 4.83993178868e-010]
        dvar: [9.41826586338e-013, 9.86339099285e-009, 2.86794765714e-008, 3.84702723011e-008, 5.10232496254e-007, 1.38985258857e-008, 4.21231014514e-008, 1.0244235682e-008, 2.30446630667e-008, 2.65960728996e-008, 1.18136114224e-008, 2.76255658349e-008, 1.69214775525e-008, 9.38972544162e-009, 2.19378399891e-008, 5.79119507904e-008, 1.00225463484e-007, 1.03727344936e-007, 5.39453139936e-008, 4.07793372403e-008, 2.39302622163e-008, 2.96819213652e-009, 1.1045526993e-010, 1.49974633407e-011, 6.87836376398e-012, 9.53943074164e-015, 2.43916718434e-019]
        dvar2: [1.86201032891e-012, 2.62488040192e-008, 8.0488803178e-008, 1.11752619603e-007, 1.40119664138e-006, 3.32478187204e-008, 1.0588910726e-007, 2.77794551806e-008, 5.82569796848e-008, 7.08335505806e-008, 3.13993986367e-008, 7.31078770855e-008, 4.4173340541e-008, 2.3825981188e-008, 5.67649891536e-008, 1.58219123136e-007, 2.72877827001e-007, 2.845868039e-007, 1.51772269419e-007, 1.16058622268e-007, 6.75886866475e-008, 8.43450642662e-009, 2.86258738935e-010, 3.51544522659e-011, 1.44769769089e-011, 2.07575943874e-014, 5.69920824604e-019]
        max: [6.70943063596e-006, 0.00105499464553, 0.00196369015612, 0.00269919307902, 0.0069549693726, 0.00236466526985, 0.00538183376193, 0.00207763724029, 0.00248629460111, 0.00261886348017, 0.00171562680043, 0.00335878040642, 0.00237413216382, 0.00191776023712, 0.00331047433428, 0.00323521066457, 0.0059926440008, 0.00636123726144, 0.00285866786726, 0.00257935677655, 0.00208351993933, 0.000589614559431, 0.000227640208323, 0.000106851119199, 7.25742866052e-005, 5.07533513883e-006, 1.98835827803e-008]
        mean: [8.92459411261e-007, 0.00011295000877, 0.000204939307878, 0.000151386702782, 0.000215736188693, 9.80932672974e-005, 9.4457391242e-005, 8.66126647452e-005, 0.000162149633979, 0.000161200849107, 9.60745455814e-005, 0.000190188875422, 0.000126852770336, 0.000103409329313, 0.000167033504113, 0.000356803968316, 0.00053445098456, 0.000571819546167, 0.000456441688584, 0.000432660628576, 0.000310617004288, 6.07543806836e-005, 1.12155676106e-005, 4.40119538325e-006, 1.83657857633e-006, 5.32276942522e-008, 4.64240201836e-010]
        median: [9.31147852157e-008, 9.06035857042e-005, 0.00017027524882, 7.78606990934e-005, 6.00827006565e-005, 5.44967188034e-005, 4.61725139758e-005, 4.46383892267e-005, 8.24018134153e-005, 7.8536257206e-005, 3.71279893443e-005, 0.00010440000915, 5.12886508659e-005, 6.21245926595e-005, 9.91854540189e-005, 0.000238776716287, 0.000396094139433, 0.000422488228651, 0.000428343104431, 0.000417438306613, 0.000300538813462, 5.17117405252e-005, 8.09122684586e-006, 3.36367133968e-006, 1.22549670323e-006, 2.92781852096e-008, 2.7416205417e-010]
        min: [1.83934476865e-024, 3.53448103065e-024, 1.8633123351e-024, 5.76243327513e-024, 1.89311786668e-023, 1.05659698324e-023, 1.69763434783e-023, 2.02237241046e-023, 2.15896888268e-023, 2.377880466e-023, 4.58968804097e-023, 4.04666837934e-023, 4.16314179873e-023, 4.25488474429e-023, 6.26546778629e-023, 9.06972694048e-023, 7.19085337739e-023, 1.18163891512e-022, 2.62944757759e-022, 2.19579824243e-022, 2.73630276306e-022, 3.32236583112e-022, 4.68539352952e-022, 5.48778093802e-022, 1.06498766755e-021, 1.41319455667e-021, 1.91944312696e-021]
        var: [1.8261334285e-012, 1.30005286536e-008, 3.80683644607e-008, 4.31977440485e-008, 3.75057936708e-007, 1.97304537153e-008, 4.19558539022e-008, 1.63515245788e-008, 4.70502001804e-008, 5.27827204166e-008, 2.49311700173e-008, 6.18652507001e-008, 4.09569622661e-008, 1.87452116052e-008, 5.22299359318e-008, 1.58668370887e-007, 2.87197394755e-007, 3.62184437108e-007, 1.11771051081e-007, 9.24706924366e-008, 4.75515093967e-008, 3.22485638193e-009, 1.6052024987e-010, 3.1618489077e-011, 1.34702396806e-011, 1.55753621128e-014, 4.54822933367e-019]
    frequency_bands:
        dmean: [6.65689071866e-007, 6.84997285134e-005, 0.000122872646898, 0.000125282938825, 0.000232459977269, 6.36181066511e-005, 7.09892701707e-005, 5.52393066755e-005, 9.19431840884e-005, 9.30555543164e-005, 5.79707339057e-005, 0.000102052705188, 6.82399841025e-005, 5.64216570638e-005, 8.53558522067e-005, 0.000176363217179, 0.000244581984589, 0.000242030102527, 0.000194543827092, 0.000176127447048, 0.000127004343085, 3.64872503269e-005, 6.8051940616e-006, 2.15374643631e-006, 9.14198949431e-007, 2.82344299052e-008, 2.82503270777e-010, 5.47536599393e-011]
        dmean2: [9.12856535251e-007, 0.000114004324132, 0.000208485100302, 0.000221545458771, 0.000403402518714, 0.000104995713627, 0.000115832670417, 9.20634920476e-005, 0.000149513856741, 0.00015343814448, 9.64391947491e-005, 0.000167320598848, 0.000112644935143, 9.28867520997e-005, 0.000141558033647, 0.000296502956189, 0.000409083848353, 0.000408753316151, 0.000333089526976, 0.000300652725855, 0.000218942834181, 6.54208924971e-005, 1.19341775644e-005, 3.59102068614e-006, 1.46926322486e-006, 4.40513474587e-008, 4.83993178868e-010, 1.01864752744e-010]
        dvar: [9.41826586338e-013, 9.86339099285e-009, 2.86794765714e-008, 3.84702723011e-008, 5.10232496254e-007, 1.38985258857e-008, 4.21231014514e-008, 1.0244235682e-008, 2.30446630667e-008, 2.65960728996e-008, 1.18136114224e-008, 2.76255658349e-008, 1.69214775525e-008, 9.38972544162e-009, 2.19378399891e-008, 5.79119507904e-008, 1.00225463484e-007, 1.03727344936e-007, 5.39453139936e-008, 4.07793372403e-008, 2.39302622163e-008, 2.96819213652e-009, 1.1045526993e-010, 1.49974633407e-011, 6.87836376398e-012, 9.53943074164e-015, 2.43916718434e-019, 6.61439871088e-021]
        dvar2: [1.86201032891e-012, 2.62488040192e-008, 8.0488803178e-008, 1.11752619603e-007, 1.40119664138e-006, 3.32478187204e-008, 1.0588910726e-007, 2.77794551806e-008, 5.82569796848e-008, 7.08335505806e-008, 3.13993986367e-008, 7.31078770855e-008, 4.4173340541e-008, 2.3825981188e-008, 5.67649891536e-008, 1.58219123136e-007, 2.72877827001e-007, 2.845868039e-007, 1.51772269419e-007, 1.16058622268e-007, 6.75886866475e-008, 8.43450642662e-009, 2.86258738935e-010, 3.51544522659e-011, 1.44769769089e-011, 2.07575943874e-014, 5.69920824604e-019, 2.09225286993e-020]
        max: [6.70943063596e-006, 0.00105499464553, 0.00196369015612, 0.00269919307902, 0.0069549693726, 0.00236466526985, 0.00538183376193, 0.00207763724029, 0.00248629460111, 0.00261886348017, 0.00171562680043, 0.00335878040642, 0.00237413216382, 0.00191776023712, 0.00331047433428, 0.00323521066457, 0.0059926440008, 0.00636123726144, 0.00285866786726, 0.00257935677655, 0.00208351993933, 0.000589614559431, 0.000227640208323, 0.000106851119199, 7.25742866052e-005, 5.07533513883e-006, 1.98835827803e-008, 8.08094313687e-010]
        mean: [8.92459411261e-007, 0.00011295000877, 0.000204939307878, 0.000151386702782, 0.000215736188693, 9.80932672974e-005, 9.4457391242e-005, 8.66126647452e-005, 0.000162149633979, 0.000161200849107, 9.60745455814e-005, 0.000190188875422, 0.000126852770336, 0.000103409329313, 0.000167033504113, 0.000356803968316, 0.00053445098456, 0.000571819546167, 0.000456441688584, 0.000432660628576, 0.000310617004288, 6.07543806836e-005, 1.12155676106e-005, 4.40119538325e-006, 1.83657857633e-006, 5.32276942522e-008, 4.64240201836e-010, 4.29722299411e-011]
        median: [9.31147852157e-008, 9.06035857042e-005, 0.00017027524882, 7.78606990934e-005, 6.00827006565e-005, 5.44967188034e-005, 4.61725139758e-005, 4.46383892267e-005, 8.24018134153e-005, 7.8536257206e-005, 3.71279893443e-005, 0.00010440000915, 5.12886508659e-005, 6.21245926595e-005, 9.91854540189e-005, 0.000238776716287, 0.000396094139433, 0.000422488228651, 0.000428343104431, 0.000417438306613, 0.000300538813462, 5.17117405252e-005, 8.09122684586e-006, 3.36367133968e-006, 1.22549670323e-006, 2.92781852096e-008, 2.7416205417e-010, 1.34138420857e-011]
        min: [1.83934476865e-024, 3.53448103065e-024, 1.8633123351e-024, 5.76243327513e-024, 1.89311786668e-023, 1.05659698324e-023, 1.69763434783e-023, 2.02237241046e-023, 2.15896888268e-023, 2.377880466e-023, 4.58968804097e-023, 4.04666837934e-023, 4.16314179873e-023, 4.25488474429e-023, 6.26546778629e-023, 9.06972694048e-023, 7.19085337739e-023, 1.18163891512e-022, 2.62944757759e-022, 2.19579824243e-022, 2.73630276306e-022, 3.32236583112e-022, 4.68539352952e-022, 5.48778093802e-022, 1.06498766755e-021, 1.41319455667e-021, 1.91944312696e-021, 6.2622257573e-022]
        var: [1.8261334285e-012, 1.30005286536e-008, 3.80683644607e-008, 4.31977440485e-008, 3.75057936708e-007, 1.97304537153e-008, 4.19558539022e-008, 1.63515245788e-008, 4.70502001804e-008, 5.27827204166e-008, 2.49311700173e-008, 6.18652507001e-008, 4.09569622661e-008, 1.87452116052e-008, 5.22299359318e-008, 1.58668370887e-007, 2.87197394755e-007, 3.62184437108e-007, 1.11771051081e-007, 9.24706924366e-008, 4.75515093967e-008, 3.22485638193e-009, 1.6052024987e-010, 3.1618489077e-011, 1.34702396806e-011, 1.55753621128e-014, 4.54822933367e-019, 5.31298592119e-021]
    mfcc:
        mean: [-713.678466797, 90.8916015625, -56.0795326233, 48.4366378784, -12.623251915, -2.5565776825, 2.56412768364, 2.37387681007, 5.14816427231, -4.06772375107, -4.63538455963, 2.24130535126, -4.26125860214]
        cov: [[10226.75, -714.479736328, -1542.35961914, 1572.29040527, -76.6702728271, 926.789978027, 796.907104492, 619.365600586, 623.20123291, 185.471710205, 17.801399231, 232.293167114, -24.4774513245], [-714.479736328, 680.94708252, 10.6152458191, -173.856536865, -9.63761806488, -179.974273682, -113.948913574, -122.804878235, -85.0074234009, -66.9439620972, -24.1256027222, -26.8011856079, -23.0874996185], [-1542.35961914, 10.6152458191, 617.152893066, -175.30178833, 75.3339538574, -87.4952545166, -144.688552856, -88.6418838501, -127.699066162, -29.6285953522, -2.31910085678, -33.4032554626, 30.3909416199], [1572.29040527, -173.856536865, -175.30178833, 596.914001465, 70.4411773682, 224.186553955, 165.608856201, 65.1724319458, 155.753311157, 48.7501335144, 17.5123748779, 71.7742004395, 17.9996585846], [-76.6702728271, -9.63761806488, 75.3339538574, 70.4411773682, 142.135467529, 44.5189552307, -6.45469379425, -11.1668319702, 13.4677696228, 14.7594184875, 1.72045004368, 7.86284923553, 3.84377622604], [926.789978027, -179.974273682, -87.4952545166, 224.186553955, 44.5189552307, 239.771224976, 166.527404785, 89.2678070068, 91.8745346069, 37.0554161072, 20.7070865631, 42.6967124939, 10.2555828094], [796.907104492, -113.948913574, -144.688552856, 165.608856201, -6.45469379425, 166.527404785, 237.01512146, 102.841148376, 93.839881897, 30.9973239899, 17.0285186768, 50.2169799805, 10.331571579], [619.365600586, -122.804878235, -88.6418838501, 65.1724319458, -11.1668319702, 89.2678070068, 102.841148376, 154.888793945, 85.8920135498, 40.8864364624, 16.1458263397, 23.1981086731, 8.54003238678], [623.20123291, -85.0074234009, -127.699066162, 155.753311157, 13.4677696228, 91.8745346069, 93.839881897, 85.8920135498, 140.830856323, 64.9760055542, 22.0467433929, 35.4247627258, 3.74111795425], [185.471710205, -66.9439620972, -29.6285953522, 48.7501335144, 14.7594184875, 37.0554161072, 30.9973239899, 40.8864364624, 64.9760055542, 83.5910797119, 35.0956077576, 21.6986179352, 10.3829946518], [17.801399231, -24.1256027222, -2.31910085678, 17.5123748779, 1.72045004368, 20.7070865631, 17.0285186768, 16.1458263397, 22.0467433929, 35.0956077576, 61.4850883484, 37.5001869202, 14.6283531189], [232.293167114, -26.8011856079, -33.4032554626, 71.7742004395, 7.86284923553, 42.6967124939, 50.2169799805, 23.1981086731, 35.4247627258, 21.6986179352, 37.5001869202, 79.1765441895, 34.8871192932], [-24.4774513245, -23.0874996185, 30.3909416199, 17.9996585846, 3.84377622604, 10.2555828094, 10.331571579, 8.54003238678, 3.74111795425, 10.3829946518, 14.6283531189, 34.8871192932, 60.9684181213]]
        icov: [[0.000359568861313, -2.797563684e-005, 0.000578272272833, -0.000636794487946, 0.00036512920633, -0.000725066754967, 0.000347032124409, -0.000858400191646, 0.00046358682448, -0.000238895736402, 0.000604858098086, -0.00041763135232, 0.000299977749819], [-2.797563684e-005, 0.0021044453606, 0.000261360692093, 0.000339035323123, -0.00066489179153, 0.00156868773047, -0.000471789739095, 0.00120324478485, -0.000610886781942, 0.00132203521207, -0.00038782460615, -0.000277220300632, 0.000308781658532], [0.000578272272833, 0.000261360692093, 0.00350907980464, -0.000650151865557, -0.00103468133602, -0.00123465049546, 0.00119777163491, -0.00124384998344, 0.00253444071859, -0.000533757382073, 0.00019976333715, 0.000314184057061, -0.00127424916718], [-0.000636794487946, 0.000339035323123, -0.000650151865557, 0.00461323186755, -0.00145231198985, -0.000931928632781, -0.000556360755581, 0.00332457525656, -0.00411610584706, 0.00157807208598, -0.000290563650196, -0.000477136520203, -0.000961669371463], [0.00036512920633, -0.00066489179153, -0.00103468133602, -0.00145231198985, 0.0101826731116, -0.00407916726544, 0.00247729988769, 0.000209460253245, -0.000278769643046, -0.00246358243749, 0.00272756000049, -0.00193585339002, 0.00132433872204], [-0.000725066754967, 0.00156868773047, -0.00123465049546, -0.000931928632781, -0.00407916726544, 0.0142767410725, -0.00713077699766, 0.000204047362786, -0.000861474953126, 0.00154013035353, -0.00333926803432, 0.00178445060737, -0.000200367489015], [0.000347032124409, -0.000471789739095, 0.00119777163491, -0.000556360755581, 0.00247729988769, -0.00713077699766, 0.0114424256608, -0.00354024767876, -0.00067201431375, 0.000292934360914, 0.00236027268693, -0.00407665548846, 0.000885819259565], [-0.000858400191646, 0.00120324478485, -0.00124384998344, 0.00332457525656, 0.000209460253245, 0.000204047362786, -0.00354024767876, 0.0151232527569, -0.00795137509704, 0.000935311079957, -0.00185716967098, 0.00228759949096, -0.00235122046433], [0.00046358682448, -0.000610886781942, 0.00253444071859, -0.00411610584706, -0.000278769643046, -0.000861474953126, -0.00067201431375, -0.00795137509704, 0.0238056927919, -0.0132748261094, 0.00412800163031, -0.00397639069706, 0.00338165159337], [-0.000238895736402, 0.00132203521207, -0.000533757382073, 0.00157807208598, -0.00246358243749, 0.00154013035353, 0.000292934360914, 0.000935311079957, -0.0132748261094, 0.0266859810799, -0.0132891312242, 0.00486811390147, -0.00340671557933], [0.000604858098086, -0.00038782460615, 0.00019976333715, -0.000290563650196, 0.00272756000049, -0.00333926803432, 0.00236027268693, -0.00185716967098, 0.00412800163031, -0.0132891312242, 0.031831484288, -0.0159508157521, 0.00383183546364], [-0.00041763135232, -0.000277220300632, 0.000314184057061, -0.000477136520203, -0.00193585339002, 0.00178445060737, -0.00407665548846, 0.00228759949096, -0.00397639069706, 0.00486811390147, -0.0159508157521, 0.0295310840011, -0.013752204366], [0.000299977749819, 0.000308781658532, -0.00127424916718, -0.000961669371463, 0.00132433872204, -0.000200367489015, 0.000885819259565, -0.00235122046433, 0.00338165159337, -0.00340671557933, 0.00383183546364, -0.013752204366, 0.0250103455037]]
    sccoeffs:
        dmean: [0.0544066429138, 0.044728577137, 0.0365839488804, 0.0276337172836, 0.0189974159002, 0.0171609800309]
        dmean2: [0.0909021422267, 0.075551636517, 0.0610676929355, 0.0466471165419, 0.0320688933134, 0.027847899124]
        dvar: [0.00199441704899, 0.00130818993784, 0.000842107110657, 0.000469137419714, 0.00022811992676, 0.000208151846891]
        dvar2: [0.00553402863443, 0.0035853353329, 0.0022939404007, 0.00130808039103, 0.000641448190436, 0.000539246888366]
        max: [-0.3351996243, -0.526906728745, -0.612168669701, -0.632603824139, -0.631851434708, -0.546699464321]
        mean: [-0.659357249737, -0.782722234726, -0.792497694492, -0.797394931316, -0.800528109074, -0.736031651497]
        median: [-0.660960137844, -0.787577927113, -0.793064177036, -0.798830747604, -0.802020728588, -0.728846430779]
        min: [-0.972569942474, -0.97397851944, -0.981352806091, -0.984445631504, -0.982529759407, -0.963932514191]
        var: [0.00531740440056, 0.00292082177475, 0.00247366377153, 0.00168537592981, 0.000938208599109, 0.00288841384463]
    scvalleys:
        dmean: [0.400186449289, 0.338568031788, 0.281072854996, 0.224150255322, 0.189826354384, 0.2514770329]
        dmean2: [0.668620705605, 0.561799764633, 0.457909077406, 0.364004731178, 0.310339868069, 0.405507862568]
        dvar: [0.113655664027, 0.0852221548557, 0.0604852959514, 0.0428920537233, 0.0436409562826, 0.089276522398]
        dvar2: [0.288061112165, 0.210675418377, 0.137043654919, 0.0900331065059, 0.0859066769481, 0.201279953122]
        max: [-5.40483188629, -5.1855711937, -5.15637874603, -5.55766296387, -5.46130752563, -7.56616926193]
        mean: [-7.35235929489, -6.845723629, -6.95581293106, -7.18770456314, -6.9556221962, -9.92188644409]
        median: [-6.90730857849, -6.68569612503, -6.67671585083, -6.79294967651, -6.3554058075, -9.28781700134]
        min: [-27.6760787964, -27.8477096558, -27.5340023041, -27.6735115051, -27.4915847778, -27.3747520447]
        var: [2.44618344307, 1.29836928844, 2.08802890778, 2.34034371376, 3.15578556061, 3.47029304504]

rhythm:
    beats_loudness:
        dmean: 0.00137170555536
        dmean2: 0.00239002448507
        dvar: 1.87635271232e-006
        dvar2: 4.88616115035e-006
        max: 0.0133012002334
        mean: 0.00471084751189
        median: 0.00476353382692
        min: 6.11900696779e-010
        var: 8.02396698418e-006
    bpm: 112.871994019
    bpm_confidence: 0
    first_peak_bpm: 112
    first_peak_spread: 0.424757301807
    first_peak_weight: 0.497899144888
    onset_rate: 1.85231852531
    second_peak_bpm: 126
    second_peak_spread: 0.576923072338
    second_peak_weight: 0.0231092441827
    beats_loudness_band_ratio:
        dmean: [0.0781700089574, 0.0950685665011, 0.067942686379, 0.0788090378046, 0.11075618118, 0.080164514482]
        dmean2: [0.137508109212, 0.171114057302, 0.112520873547, 0.132294952869, 0.193639725447, 0.141206920147]
        dvar: [0.0055415793322, 0.0132584283128, 0.00662437034771, 0.0066148894839, 0.0118986191228, 0.00841406080872]
        dvar2: [0.0149514740333, 0.0352996177971, 0.0165671166033, 0.018460880965, 0.0337908752263, 0.0239511094987]
        max: [0.671439170837, 0.819696843624, 0.752701878548, 0.437236487865, 0.761162877083, 0.641912281513]
        mean: [0.133566260338, 0.113164193928, 0.124954342842, 0.125226736069, 0.310647159815, 0.220413610339]
        median: [0.113677822053, 0.0364196151495, 0.0812668353319, 0.0927084982395, 0.303732514381, 0.221905648708]
        min: [0.000378217519028, 0.00353348627687, 0.00595937110484, 0.000323758722516, 0.000396489253035, 5.60434782528e-005]
        var: [0.00895241461694, 0.0255428943783, 0.0171998459846, 0.00928996689618, 0.0224507041276, 0.0137184951454]
    beats_position: [0.53405892849, 1.07972788811, 1.6137868166, 2.14784574509, 2.68190479279, 3.22757363319, 3.78485250473, 4.34213161469, 4.88780021667, 5.4334692955, 5.97913837433, 6.53641700745, 7.08208608627, 7.61614513397, 8.15020370483, 8.68426322937, 9.21832180023, 9.74077033997, 10.2632198334, 10.7972784042, 11.3313379288, 11.8653964996, 12.3994560242, 12.9219045639, 13.4443531036, 13.966802597, 14.5008611679, 15.0233106613, 15.5573692322, 16.0914287567, 16.6254863739, 17.1479358673, 17.6819953918, 18.2044448853, 18.7385025024, 19.272562027, 19.8066215515, 20.3290691376, 20.8631286621, 21.3855781555, 21.9080276489, 22.430475235, 22.9645347595, 23.4985942841, 24.0326519012, 24.5667114258, 25.1007709503, 25.6348285675, 26.1572780609, 26.6797275543, 27.2137870789, 27.7362346649, 28.2586841583, 28.7927436829, 29.3268013, 29.8608608246, 30.3949203491, 30.9289798737, 31.4630374908, 31.9854869843, 32.5079345703, 33.0419960022, 33.5644454956, 34.0985031128, 34.63256073, 35.1550102234, 35.6890678406, 36.2231292725, 36.7571868896, 37.2796363831, 37.8136940002, 38.3361434937, 38.8702049255, 39.3926506042, 39.9151000977, 40.4491615295, 40.9832191467, 41.5172767639, 42.0513381958, 42.5737876892, 43.0962333679, 43.6302947998, 44.164352417, 44.6984100342, 45.2324714661, 45.7549209595, 46.2889785767, 46.8230361938, 47.3454856873, 47.8679351807, 48.3903846741, 48.9244422913, 49.4585037231, 49.9809532166, 50.5033988953, 51.0374603271, 51.5715179443, 52.0939674377, 52.6164169312, 53.1504745483, 53.6845359802, 54.2185935974, 54.7410430908, 55.2634925842, 55.7975502014, 56.3316078186, 56.8656692505, 57.3997268677, 57.9221763611, 58.4446258545, 58.9786834717, 59.5011329651, 60.0235824585, 60.5576400757, 61.0916976929, 61.6257591248, 62.1598167419, 62.6938781738, 63.227935791, 63.7619934082, 64.2844467163, 64.806892395, 65.3409500122, 65.8634033203, 66.385848999, 66.9199066162, 67.4539642334, 67.98802948, 68.5220870972, 69.0561447144, 69.5785903931, 70.1010437012, 70.6234893799, 71.145942688, 71.6800003052, 72.2140579224, 72.7481155396, 73.2821731567, 73.8162307739, 74.3502960205, 74.8727416992, 75.4067993164, 75.9292526245, 76.4516983032, 76.9741516113, 77.4849853516, 77.9958267212, 78.5066680908, 79.040725708, 79.5747833252, 80.1088409424, 80.654510498, 81.2001800537, 81.7342376709, 82.2682952881, 82.8023605347, 83.3364181519, 83.8588638306, 84.3813171387, 84.9153747559, 85.449432373, 85.9834899902, 86.5175476074, 87.0400009155, 87.5624465942, 88.0965042114, 88.6305618286, 89.1646270752, 89.6986846924, 90.2211303711, 90.7435836792, 91.2776412964, 91.8116989136, 92.3457565308, 92.8798141479, 93.4022674561, 93.9247131348, 94.458770752, 94.9928359985, 95.5152816772, 96.037727356, 96.5717926025, 97.1058502197, 97.6282958984, 98.1623535156, 98.6848068237, 99.2188644409, 99.7529220581, 100.286979675, 100.821044922, 101.355102539, 101.877548218, 102.400001526, 102.934059143, 103.456504822, 103.97895813, 104.513015747, 105.058685303, 105.604354858, 106.150024414, 106.69568634, 107.252967834, 107.79863739, 108.355918884, 108.90158844, 109.447257996, 109.981315613, 110.51537323, 111.037818909, 111.571876526, 112.105941772, 112.63999939, 113.162445068, 113.684898376, 114.218955994, 114.753013611, 115.287071228, 115.821128845, 116.343582153, 116.866027832, 117.400085449, 117.934150696, 118.468208313, 119.00226593, 119.536323547, 120.058776855, 120.581222534, 121.115280151, 121.637733459, 122.160179138, 122.694236755, 123.228294373, 123.762359619, 124.296417236, 124.842086792, 125.387756348, 125.933418274, 126.47908783, 127.036369324, 127.593650818, 128.150924683, 128.6849823, 129.219039917, 129.753097534, 130.28717041, 130.821228027, 131.355285645, 131.889343262, 132.41178894, 132.934234619, 133.456680298, 133.979141235, 134.513198853, 135.04725647, 135.581314087, 136.115371704, 136.637817383, 137.160263062, 137.694335938, 138.228393555, 138.762451172, 139.284896851, 139.807342529, 140.341400146, 140.875457764, 141.397918701, 141.92036438, 142.454421997, 142.988479614, 143.522537231, 144.04498291, 144.567428589, 145.101501465, 145.635559082, 146.169616699, 146.692062378, 147.214508057, 147.748565674, 148.282623291, 148.816680908, 149.350738525, 149.873199463, 150.395645142, 150.929702759, 151.463760376, 151.997817993, 152.53187561, 153.054321289, 153.576782227, 154.110839844, 154.633285522, 155.155731201, 155.689788818, 156.223846436, 156.746307373, 157.28036499, 157.802810669, 158.336868286, 158.870925903, 159.404983521, 159.939041138, 160.461486816, 160.983947754, 161.506393433, 162.04045105, 162.574508667, 163.096954346, 163.631011963, 164.16506958, 164.699142456, 165.233200073, 165.76725769, 166.301315308, 166.777328491, 167.264938354, 167.740951538, 168.228561401, 168.704574585, 169.192199707, 169.644989014, 170.109390259, 170.573776245, 171.03817749, 171.490966797, 171.955368042, 172.431381226, 172.907394409, 173.395004272, 173.871017456, 174.335418701, 174.811431885, 175.299041748, 175.798278809, 176.29750061, 176.796737671, 177.330795288, 177.864852905, 178.422134399, 178.979400635, 179.513473511, 180.047531128, 180.593200684, 181.138870239, 181.684524536, 182.218597412, 182.764266968, 183.309921265, 183.867202759, 184.412872314, 184.95854187, 185.504211426, 186.038269043, 186.57232666, 187.106384277, 187.640457153, 188.174514771, 188.708572388, 189.231018066, 189.753463745, 190.275909424, 190.798370361, 191.332427979, 191.866485596, 192.400543213, 192.93460083, 193.468658447, 194.002716064, 194.525161743, 195.047622681, 195.581680298, 196.115737915, 196.638183594, 197.160629272, 197.69468689, 198.228744507, 198.762802124, 199.285263062, 199.819320679, 200.353378296, 200.875823975, 201.409881592, 201.943939209, 202.466384888, 202.988845825, 203.511291504, 204.033737183, 204.5677948, 205.101852417, 205.635910034, 206.169967651, 206.704025269, 207.226486206, 207.748931885, 208.271377563, 208.805435181, 209.327880859, 209.861953735, 210.396011353, 210.93006897, 211.464126587, 211.998184204, 212.520629883, 213.043075562, 213.577133179, 214.099594116, 214.633651733, 215.156097412, 215.690155029, 216.224212646, 216.758270264, 217.280715942, 217.80317688, 218.325622559, 218.848068237, 219.382125854, 219.916183472, 220.450241089, 220.984298706, 221.518356323, 222.040817261, 222.563262939, 223.097320557, 223.631378174, 224.165435791, 224.699493408, 225.233551025, 225.756011963, 226.278457642, 226.812515259, 227.346572876, 227.880630493, 228.403076172, 228.925521851, 229.459594727, 229.993652344, 230.527709961, 231.073379517, 231.619049072, 232.095046997, 232.571060181, 233.047073364, 233.523086548, 233.987472534, 234.451873779, 234.962722778, 235.473556519, 235.984390259, 236.483627319, 236.982849121, 237.49369812, 237.981307983, 238.468933105, 238.956542969, 239.397735596, 239.838912964, 240.280090332, 240.7212677, 241.104400635, 241.487518311, 241.870651245, 242.242172241, 242.625305176, 242.996826172, 243.368347168, 243.739852905, 244.111373901, 244.494506836, 244.877639771, 245.295593262, 245.725158691, 246.15473938, 246.595916748, 247.037094116, 247.466659546, 247.907836914, 248.349014282, 248.778594971]
