
metadata:
    version:
        essentia: "2.1-beta2"
    audio_properties:
        analysis_sample_rate: 44100
        bitrate: 320
        channels: 2
        equal_loudness: 1
        length: 227.291427612
        replay_gain: -14.0691394806
        downmix: "mix"
    tags:
        album: "Ghost Empire"
        artist: "Caliban"
        comment: "For QUALITY NEEDS Visit :
http://www.bubaneemusic2.com"
        date: "2014"
        genre: "Metalcore"
        title: "Falling Downwards (feat. Matt Heafy of Trivium)"
        tracknumber: "13/16"

configuration:
    average_loudness:
        compute: 1
        frameSize: 88200
        hopSize: 44100
        silentFrames: "noise"
        windowType: "hann"
    general:
        analysisSampleRate: 44100
        endTime: 2000
        equalLoudness: 1
        nequalLoudness: 0
        shortSound: 0
        startTime: 0
    lowlevel:
        compute: 1
        frameSize: 2048
        hopSize: 1024
        zeroPadding: 0
        silentFrames: "noise"
        windowType: "blackmanharris62"
        mfccStats: ["mean", "cov", "icov"]
        stats: ["mean", "var", "median", "min", "max", "dmean", "dmean2", "dvar", "dvar2"]
    panning:
        compute: 0
        frameSize: 8192
        hopSize: 2048
        zeroPadding: 8192
        silentFrames: "noise"
        windowType: "hann"
        stats: ["copy"]
    rhythm:
        compute: 1
        maxTempo: 208
        minTempo: 40
        method: "degara"
        stats: ["mean", "var", "median", "min", "max", "dmean", "dmean2", "dvar", "dvar2"]
    segmentation:
        compute: 0
        cpw: 5
        inc1: 300
        inc2: 50
        minimumSegmentsLength: 10
        size1: 1000
        size2: 600
    sfx:
        compute: 1
        stats: ["mean", "var", "median", "min", "max", "dmean", "dmean2", "dvar", "dvar2"]
    svm:
        compute: 0
    tonal:
        compute: 1
        frameSize: 4096
        hopSize: 2048
        zeroPadding: 0
        silentFrames: "noise"
        windowType: "blackmanharris62"
        stats: ["mean", "var", "median", "min", "max", "dmean", "dmean2", "dvar", "dvar2"]

lowlevel:
    average_loudness: 0.781772613525
    barkbands_kurtosis:
        dmean: 0.947915971279
        dmean2: 1.60485684872
        dvar: 5.16531085968
        dvar2: 15.9354343414
        max: 76.3303909302
        mean: 0.611089229584
        median: -0.591895282269
        min: -1.85187709332
        var: 28.7153568268
    barkbands_skewness:
        dmean: 0.329650819302
        dmean2: 0.539364337921
        dvar: 0.103426061571
        dvar2: 0.278975725174
        max: 6.6695227623
        mean: -0.401261478662
        median: -0.574634075165
        min: -2.71658372879
        var: 0.745663285255
    barkbands_spread:
        dmean: 4.62622308731
        dmean2: 7.41481494904
        dvar: 21.5989265442
        dvar2: 53.2704353333
        max: 73.5949707031
        mean: 27.9707508087
        median: 29.1630249023
        min: 0.290645033121
        var: 151.160552979
    dissonance:
        dmean: 0.0131650613621
        dmean2: 0.0228615738451
        dvar: 0.000399642682169
        dvar2: 0.00116809643805
        max: 0.5
        mean: 0.471487879753
        median: 0.487692654133
        min: 0.12725263834
        var: 0.00270527414978
    hfc:
        dmean: 2.35095524788
        dmean2: 3.90694332123
        dvar: 13.6300153732
        dvar2: 36.5746803284
        max: 52.9481811523
        mean: 8.75626182556
        median: 8.24448490143
        min: 1.11840324531e-016
        var: 53.3046264648
    pitch:
        dmean: 740.25592041
        dmean2: 1394.18896484
        dvar: 1191156.375
        dvar2: 3043883.5
        max: 4641.95703125
        mean: 1073.52575684
        median: 426.691680908
        min: 49.8552627563
        var: 1520267
    pitch_instantaneous_confidence:
        dmean: 0.0735178738832
        dmean2: 0.123109720647
        dvar: 0.00375453941524
        dvar2: 0.01024201978
        max: 0.862973451614
        mean: 0.363210082054
        median: 0.340236693621
        min: 0.109536230564
        var: 0.01491327025
    pitch_salience:
        dmean: 0.0499324016273
        dmean2: 0.0837293565273
        dvar: 0.00196268525906
        dvar2: 0.00545823434368
        max: 0.971842169762
        mean: 0.657148003578
        median: 0.674164652824
        min: 0.173845037818
        var: 0.00722627341747
    silence_rate_20dB:
        dmean: 0
        dmean2: 0
        dvar: 0
        dvar2: 0
        max: 1
        mean: 1
        median: 1
        min: 1
        var: 0
    silence_rate_30dB:
        dmean: 0
        dmean2: 0
        dvar: 0
        dvar2: 0
        max: 1
        mean: 1
        median: 1
        min: 1
        var: 0
    silence_rate_60dB:
        dmean: 0.025334559381
        dmean2: 0.0506742969155
        dvar: 0.0246919579804
        dvar2: 0.0583203397691
        max: 1
        mean: 0.446884572506
        median: 0
        min: 0
        var: 0.247171804309
    spectral_centroid:
        dmean: 214.032440186
        dmean2: 348.447723389
        dvar: 63733.1601563
        dvar2: 158219.3125
        max: 11467.3095703
        mean: 1892.55541992
        median: 2062.87792969
        min: 107.805641174
        var: 585664.1875
    spectral_complexity:
        dmean: 3.41424036026
        dmean2: 5.52247667313
        dvar: 15.1806249619
        dvar2: 37.888381958
        max: 50
        mean: 16.2427978516
        median: 17
        min: 0
        var: 141.230789185
    spectral_crest:
        dmean: 1.61343348026
        dmean2: 2.74409770966
        dvar: 2.33940792084
        dvar2: 6.38855314255
        max: 21.2621021271
        mean: 6.67691850662
        median: 5.77992153168
        min: 2.28047180176
        var: 9.56727600098
    spectral_decrease:
        dmean: 1.96437380251e-010
        dmean2: 3.14229364751e-010
        dvar: 8.26566754066e-020
        dvar2: 2.09205544519e-019
        max: 1.06011730453e-028
        mean: -8.66372473762e-010
        median: -8.21948176188e-010
        min: -3.84629483818e-009
        var: 4.48275126734e-019
    spectral_energy:
        dmean: 0.000932661991101
        dmean2: 0.00149610533845
        dvar: 1.85024350685e-006
        dvar2: 4.72065130452e-006
        max: 0.0186987500638
        mean: 0.00406410871074
        median: 0.00387385021895
        min: 1.03329164532e-020
        var: 1.00133138403e-005
    spectral_energyband_high:
        dmean: 0.000185763521586
        dmean2: 0.000319737329846
        dvar: 1.14566390153e-007
        dvar2: 3.16844648296e-007
        max: 0.00367337954231
        mean: 0.000424617901444
        median: 0.000369755551219
        min: 7.25736927064e-021
        var: 1.84634586731e-007
    spectral_energyband_low:
        dmean: 0.000153671702719
        dmean2: 0.000257908657659
        dvar: 6.68196875608e-008
        dvar2: 1.85450232948e-007
        max: 0.0047964816913
        mean: 0.000323357002344
        median: 0.00028827850474
        min: 3.00256963497e-023
        var: 1.05845735732e-007
    spectral_energyband_middle_high:
        dmean: 0.000656212563626
        dmean2: 0.00107142841443
        dvar: 7.77267757712e-007
        dvar2: 2.01736543204e-006
        max: 0.0137541033328
        mean: 0.00264504784718
        median: 0.00228448025882
        min: 1.2527725098e-021
        var: 4.8655961109e-006
    spectral_energyband_middle_low:
        dmean: 0.000328369846102
        dmean2: 0.000542685331311
        dvar: 4.75269217759e-007
        dvar2: 1.2597447494e-006
        max: 0.0116680311039
        mean: 0.000737665221095
        median: 0.000551496283151
        min: 2.24855927926e-022
        var: 6.81703795635e-007
    spectral_flatness_db:
        dmean: 0.0118599152192
        dmean2: 0.0191321447492
        dvar: 0.00012037432316
        dvar2: 0.000296763028018
        max: 0.550875425339
        mean: 0.162456288934
        median: 0.135759413242
        min: 0.0616467222571
        var: 0.00714976759627
    spectral_flux:
        dmean: 0.00527008995414
        dmean2: 0.00809737760574
        dvar: 4.18119852839e-005
        dvar2: 8.24120434118e-005
        max: 0.102088868618
        mean: 0.0361215807498
        median: 0.0384942889214
        min: 6.43441272485e-011
        var: 0.000397688971134
    spectral_kurtosis:
        dmean: 2.91108870506
        dmean2: 5.04148244858
        dvar: 85.8769454956
        dvar2: 260.239044189
        max: 293.725921631
        mean: 12.9160909653
        median: 3.58840441704
        min: -1.23947751522
        var: 1211.3782959
    spectral_rms:
        dmean: 0.000199027534109
        dmean2: 0.000312402233249
        dvar: 5.8150899207e-008
        dvar2: 1.44321560924e-007
        max: 0.00427114544436
        mean: 0.00178156839684
        median: 0.00194405915681
        min: 3.17504226036e-012
        var: 7.90985552612e-007
    spectral_rolloff:
        dmean: 260.480041504
        dmean2: 437.938293457
        dvar: 136030.921875
        dvar2: 314174.46875
        max: 19379.8828125
        mean: 3211.20825195
        median: 3488.37890625
        min: 107.666015625
        var: 1488012.625
    spectral_skewness:
        dmean: 0.228861749172
        dmean2: 0.385985165834
        dvar: 0.177950337529
        dvar2: 0.544443964958
        max: 14.3597354889
        mean: 1.9128305912
        median: 1.31602311134
        min: -0.0615085437894
        var: 4.4761724472
    spectral_spread:
        dmean: 391739.5625
        dmean2: 588763.1875
        dvar: 410043580416
        dvar2: 729348177920
        max: 42149940
        mean: 4104387.5
        median: 3982564.25
        min: 362299.84375
        var: 4.08191841075e+012
    spectral_strongpeak:
        dmean: 0.584740817547
        dmean2: 1.02396523952
        dvar: 0.614610314369
        dvar2: 1.67545104027
        max: 11.1503448486
        mean: 0.770976364613
        median: 0.331875801086
        min: 5.23383503204e-010
        var: 0.900916993618
    zerocrossingrate:
        dmean: 0.00590282119811
        dmean2: 0.0075989891775
        dvar: 4.37050985056e-005
        dvar2: 5.75397352804e-005
        max: 0.5205078125
        mean: 0.101619809866
        median: 0.1103515625
        min: 0.0048828125
        var: 0.0013561922824
    barkbands:
        dmean: [5.41733925274e-007, 6.29695641692e-005, 0.000108262276626, 7.62354466133e-005, 0.000162117808941, 6.6759334004e-005, 5.30514516868e-005, 6.37647390249e-005, 8.11571080703e-005, 6.21281797066e-005, 3.82969119528e-005, 0.000121478457004, 5.71383970964e-005, 7.53918357077e-005, 0.000125388862216, 0.00014714190911, 0.000200550319278, 0.000177902751602, 0.000256650324445, 0.000127088278532, 9.69348257058e-005, 3.10678260576e-005, 5.38444737685e-006, 1.90693606328e-006, 6.70486656418e-007, 2.29871375268e-008, 2.82515122407e-010]
        dmean2: [6.82567645072e-007, 0.000107721825771, 0.000185242693988, 0.000133635068778, 0.000279426196357, 0.000110790715553, 8.76831109053e-005, 0.000104927763459, 0.000132917135488, 0.000101408702903, 6.31732327747e-005, 0.00020039336232, 9.32074181037e-005, 0.000123212128528, 0.000207235847483, 0.000246240291744, 0.000335900753271, 0.000299201201415, 0.000434150744695, 0.000217187713133, 0.000164957804373, 5.52364108444e-005, 9.27849578147e-006, 3.13525015372e-006, 1.08428730528e-006, 3.54582958551e-008, 4.63087651559e-010]
        dvar: [1.15181497153e-012, 9.59597645789e-009, 3.38821983803e-008, 2.24740563937e-008, 2.98426954259e-007, 1.73466379039e-008, 1.07030233565e-008, 1.61246749286e-008, 2.20941860363e-008, 1.12954836595e-008, 5.42954747829e-009, 4.27115018908e-008, 1.03447828081e-008, 2.2530006305e-008, 7.68474066604e-008, 6.63431549697e-008, 8.49615346965e-008, 6.35950740957e-008, 1.512892851e-007, 4.28341628833e-008, 2.52876883877e-008, 4.11571399184e-009, 1.15424975133e-010, 1.48132669325e-011, 1.79311817131e-012, 2.18916702833e-015, 2.31206907376e-019]
        dvar2: [1.806089024e-012, 2.59618619936e-008, 9.65497832794e-008, 6.24538643024e-008, 8.1774823002e-007, 4.44258034804e-008, 2.7300346872e-008, 4.21537471595e-008, 5.80894088387e-008, 2.8201718294e-008, 1.41860985181e-008, 1.17530554178e-007, 2.66590678422e-008, 5.70679361545e-008, 2.01916762421e-007, 1.66756365161e-007, 2.27906539862e-007, 1.73679197246e-007, 4.25666314641e-007, 1.18786267933e-007, 7.00176983059e-008, 1.17253362575e-008, 3.20008408661e-010, 3.72506782365e-011, 4.38269125852e-012, 4.95773635632e-015, 5.53046546903e-019]
        max: [8.55863709148e-006, 0.00104062270839, 0.00418828008696, 0.0025031035766, 0.00950887333602, 0.00324271433055, 0.00197077728808, 0.00269547919743, 0.00386852119118, 0.00179500551894, 0.00152910000179, 0.00336320581846, 0.00236727623269, 0.00299128610641, 0.00475908443332, 0.0065249260515, 0.00543686188757, 0.00453063892201, 0.00588695565239, 0.0026642056182, 0.00201200228184, 0.000714786467142, 0.000147719751112, 9.18445002753e-005, 3.70591151295e-005, 1.06565096303e-006, 1.0899682934e-008]
        mean: [7.50442950448e-007, 0.000108832027763, 0.000169843508047, 8.6082960479e-005, 0.000190776758245, 0.000109745291411, 7.95515952632e-005, 9.68368840404e-005, 0.000139962707181, 0.000107477411802, 6.38719357084e-005, 0.000219755471335, 0.000104316335637, 0.000131217617309, 0.000238836772041, 0.000283665518509, 0.0003950484097, 0.000391607900383, 0.000606649555266, 0.000269009033218, 0.000204958487302, 5.0928483688e-005, 9.15717009775e-006, 3.72930185222e-006, 1.44729688145e-006, 4.58073863285e-008, 4.3614153955e-010]
        median: [4.80719144491e-008, 8.81312225829e-005, 0.000104397935502, 2.9123864806e-005, 7.46291407268e-005, 6.10221613897e-005, 3.66237545677e-005, 3.81395366276e-005, 6.07886322541e-005, 4.92749059049e-005, 2.99580351566e-005, 0.000108867418021, 4.92525432492e-005, 5.71932941966e-005, 9.13827680051e-005, 0.000171212217538, 0.000289853953291, 0.000299991923384, 0.000376980868168, 0.000220429938054, 0.000166236422956, 3.0947412597e-005, 5.12899441674e-006, 1.9048879949e-006, 7.5035586633e-007, 2.29887859859e-008, 2.05614553161e-010]
        min: [1.02302894012e-024, 3.50714581699e-024, 4.1155386185e-024, 1.05227635262e-024, 6.69815957052e-024, 1.4445169668e-023, 1.29756251423e-023, 5.09275584206e-024, 1.58249473446e-023, 3.1088377186e-023, 1.53660322462e-023, 6.34446684169e-023, 3.77921676457e-023, 2.88302786221e-023, 6.13444934953e-023, 1.15806901345e-022, 1.17049982048e-022, 1.0938389488e-022, 1.95622055443e-022, 1.74394982308e-022, 2.38065069307e-022, 3.36652310915e-022, 5.25873662569e-022, 7.84972439425e-022, 1.04640447751e-021, 1.44037771896e-021, 2.01394709831e-021]
        var: [2.44973442573e-012, 1.27050530097e-008, 4.49001582581e-008, 2.4408127075e-008, 2.31923323213e-007, 2.6051926838e-008, 1.67222733438e-008, 3.02320444234e-008, 4.45020091888e-008, 2.62591139943e-008, 1.04892485808e-008, 9.76143752496e-008, 2.48031444272e-008, 5.01279266985e-008, 1.80855465715e-007, 1.5691284716e-007, 1.77301743065e-007, 1.63254426866e-007, 4.53721867189e-007, 7.54947322434e-008, 4.43628813684e-008, 4.37515712548e-009, 1.49390846915e-010, 2.92272976654e-011, 4.13939108684e-012, 4.75704756958e-015, 4.58937019541e-019]
    frequency_bands:
        dmean: [5.41733925274e-007, 6.29695641692e-005, 0.000108262276626, 7.62354466133e-005, 0.000162117808941, 6.6759334004e-005, 5.30514516868e-005, 6.37647390249e-005, 8.11571080703e-005, 6.21281797066e-005, 3.82969119528e-005, 0.000121478457004, 5.71383970964e-005, 7.53918357077e-005, 0.000125388862216, 0.00014714190911, 0.000200550319278, 0.000177902751602, 0.000256650324445, 0.000127088278532, 9.69348257058e-005, 3.10678260576e-005, 5.38444737685e-006, 1.90693606328e-006, 6.70486656418e-007, 2.29871375268e-008, 2.82515122407e-010, 4.6567187606e-011]
        dmean2: [6.82567645072e-007, 0.000107721825771, 0.000185242693988, 0.000133635068778, 0.000279426196357, 0.000110790715553, 8.76831109053e-005, 0.000104927763459, 0.000132917135488, 0.000101408702903, 6.31732327747e-005, 0.00020039336232, 9.32074181037e-005, 0.000123212128528, 0.000207235847483, 0.000246240291744, 0.000335900753271, 0.000299201201415, 0.000434150744695, 0.000217187713133, 0.000164957804373, 5.52364108444e-005, 9.27849578147e-006, 3.13525015372e-006, 1.08428730528e-006, 3.54582958551e-008, 4.63087651559e-010, 8.62640514576e-011]
        dvar: [1.15181497153e-012, 9.59597645789e-009, 3.38821983803e-008, 2.24740563937e-008, 2.98426954259e-007, 1.73466379039e-008, 1.07030233565e-008, 1.61246749286e-008, 2.20941860363e-008, 1.12954836595e-008, 5.42954747829e-009, 4.27115018908e-008, 1.03447828081e-008, 2.2530006305e-008, 7.68474066604e-008, 6.63431549697e-008, 8.49615346965e-008, 6.35950740957e-008, 1.512892851e-007, 4.28341628833e-008, 2.52876883877e-008, 4.11571399184e-009, 1.15424975133e-010, 1.48132669325e-011, 1.79311817131e-012, 2.18916702833e-015, 2.31206907376e-019, 5.86518350613e-021]
        dvar2: [1.806089024e-012, 2.59618619936e-008, 9.65497832794e-008, 6.24538643024e-008, 8.1774823002e-007, 4.44258034804e-008, 2.7300346872e-008, 4.21537471595e-008, 5.80894088387e-008, 2.8201718294e-008, 1.41860985181e-008, 1.17530554178e-007, 2.66590678422e-008, 5.70679361545e-008, 2.01916762421e-007, 1.66756365161e-007, 2.27906539862e-007, 1.73679197246e-007, 4.25666314641e-007, 1.18786267933e-007, 7.00176983059e-008, 1.17253362575e-008, 3.20008408661e-010, 3.72506782365e-011, 4.38269125852e-012, 4.95773635632e-015, 5.53046546903e-019, 1.84280379308e-020]
        max: [8.55863709148e-006, 0.00104062270839, 0.00418828008696, 0.0025031035766, 0.00950887333602, 0.00324271433055, 0.00197077728808, 0.00269547919743, 0.00386852119118, 0.00179500551894, 0.00152910000179, 0.00336320581846, 0.00236727623269, 0.00299128610641, 0.00475908443332, 0.0065249260515, 0.00543686188757, 0.00453063892201, 0.00588695565239, 0.0026642056182, 0.00201200228184, 0.000714786467142, 0.000147719751112, 9.18445002753e-005, 3.70591151295e-005, 1.06565096303e-006, 1.0899682934e-008, 1.08346154271e-009]
        mean: [7.50442950448e-007, 0.000108832027763, 0.000169843508047, 8.6082960479e-005, 0.000190776758245, 0.000109745291411, 7.95515952632e-005, 9.68368840404e-005, 0.000139962707181, 0.000107477411802, 6.38719357084e-005, 0.000219755471335, 0.000104316335637, 0.000131217617309, 0.000238836772041, 0.000283665518509, 0.0003950484097, 0.000391607900383, 0.000606649555266, 0.000269009033218, 0.000204958487302, 5.0928483688e-005, 9.15717009775e-006, 3.72930185222e-006, 1.44729688145e-006, 4.58073863285e-008, 4.3614153955e-010, 3.64778797446e-011]
        median: [4.80719144491e-008, 8.81312225829e-005, 0.000104397935502, 2.9123864806e-005, 7.46291407268e-005, 6.10221613897e-005, 3.66237545677e-005, 3.81395366276e-005, 6.07886322541e-005, 4.92749059049e-005, 2.99580351566e-005, 0.000108867418021, 4.92525432492e-005, 5.71932941966e-005, 9.13827680051e-005, 0.000171212217538, 0.000289853953291, 0.000299991923384, 0.000376980868168, 0.000220429938054, 0.000166236422956, 3.0947412597e-005, 5.12899441674e-006, 1.9048879949e-006, 7.5035586633e-007, 2.29887859859e-008, 2.05614553161e-010, 1.02088563297e-011]
        min: [1.02302894012e-024, 3.50714581699e-024, 4.1155386185e-024, 1.05227635262e-024, 6.69815957052e-024, 1.4445169668e-023, 1.29756251423e-023, 5.09275584206e-024, 1.58249473446e-023, 3.1088377186e-023, 1.53660322462e-023, 6.34446684169e-023, 3.77921676457e-023, 2.88302786221e-023, 6.13444934953e-023, 1.15806901345e-022, 1.17049982048e-022, 1.0938389488e-022, 1.95622055443e-022, 1.74394982308e-022, 2.38065069307e-022, 3.36652310915e-022, 5.25873662569e-022, 7.84972439425e-022, 1.04640447751e-021, 1.44037771896e-021, 2.01394709831e-021, 5.74547162971e-022]
        var: [2.44973442573e-012, 1.27050530097e-008, 4.49001582581e-008, 2.4408127075e-008, 2.31923323213e-007, 2.6051926838e-008, 1.67222733438e-008, 3.02320444234e-008, 4.45020091888e-008, 2.62591139943e-008, 1.04892485808e-008, 9.76143752496e-008, 2.48031444272e-008, 5.01279266985e-008, 1.80855465715e-007, 1.5691284716e-007, 1.77301743065e-007, 1.63254426866e-007, 4.53721867189e-007, 7.54947322434e-008, 4.43628813684e-008, 4.37515712548e-009, 1.49390846915e-010, 2.92272976654e-011, 4.13939108684e-012, 4.75704756958e-015, 4.58937019541e-019, 4.59112785728e-021]
    mfcc:
        mean: [-737.040771484, 93.3790512085, -51.8552055359, 46.7706184387, -10.0015573502, 1.40233027935, 3.69376945496, 1.40387320518, 2.20653557777, -4.33010673523, -2.85839080811, -0.47483754158, -2.44679689407]
        cov: [[14024.2978516, -45.9887962341, -3507.76269531, 1182.20129395, -621.155456543, -0.321312099695, 62.9927406311, 70.2584991455, 145.433822632, 101.748886108, 229.314178467, 276.228088379, 82.7834014893], [-45.9887962341, 856.91796875, 31.8070163727, 114.519744873, 3.61979484558, 3.06079006195, 63.9462738037, -12.4315977097, 56.4295845032, -16.1368770599, -3.81770706177, 31.5244503021, 18.3055114746], [-3507.76269531, 31.8070163727, 1533.72827148, -240.703857422, 265.672515869, 75.6451339722, 32.9342041016, 28.9688873291, -76.8520736694, -38.0863952637, -95.3268814087, -84.3693313599, -8.53672122955], [1182.20129395, 114.519744873, -240.703857422, 444.56362915, 73.2535095215, 51.0116577148, 35.1989822388, -28.8676567078, 43.2290725708, -1.70868444443, 21.3805541992, 49.8972587585, 48.4788322449], [-621.155456543, 3.61979484558, 265.672515869, 73.2535095215, 221.205032349, 64.8280639648, -7.55516576767, -13.7586174011, 8.5298242569, 20.1327171326, -8.49865818024, -1.41100847721, 17.1286258698], [-0.321312099695, 3.06079006195, 75.6451339722, 51.0116577148, 64.8280639648, 122.319290161, 69.0457229614, 38.0250358582, 19.8173179626, 21.8581142426, 12.8253087997, 5.19159936905, 1.30621027946], [62.9927406311, 63.9462738037, 32.9342041016, 35.1989822388, -7.55516576767, 69.0457229614, 150.210281372, 69.8045654297, 22.5473995209, 1.91768479347, 11.8283672333, 14.1920366287, -1.53180372715], [70.2584991455, -12.4315977097, 28.9688873291, -28.8676567078, -13.7586174011, 38.0250358582, 69.8045654297, 130.123321533, 36.1304092407, 20.9517650604, 19.8567085266, 9.01144504547, -9.44866466522], [145.433822632, 56.4295845032, -76.8520736694, 43.2290725708, 8.5298242569, 19.8173179626, 22.5473995209, 36.1304092407, 95.2509384155, 43.3302459717, 20.8173046112, 11.8090610504, -4.1956243515], [101.748886108, -16.1368770599, -38.0863952637, -1.70868444443, 20.1327171326, 21.8581142426, 1.91768479347, 20.9517650604, 43.3302459717, 74.4980392456, 37.7911987305, 7.08590173721, -2.55270957947], [229.314178467, -3.81770706177, -95.3268814087, 21.3805541992, -8.49865818024, 12.8253087997, 11.8283672333, 19.8567085266, 20.8173046112, 37.7911987305, 70.45728302, 35.1705131531, 2.15590500832], [276.228088379, 31.5244503021, -84.3693313599, 49.8972587585, -1.41100847721, 5.19159936905, 14.1920366287, 9.01144504547, 11.8090610504, 7.08590173721, 35.1705131531, 72.4084320068, 29.5271701813], [82.7834014893, 18.3055114746, -8.53672122955, 48.4788322449, 17.1286258698, 1.30621027946, -1.53180372715, -9.44866466522, -4.1956243515, -2.55270957947, 2.15590500832, 29.5271701813, 63.4423980713]]
        icov: [[0.000246407580562, 1.2682598026e-005, 0.000442097254563, -0.000563506851904, 0.000440487172455, -0.000270967517281, 0.000193239102373, -0.000437301700003, 0.000569483498111, -0.000565244001336, 0.000444255390903, -0.000305068911985, 0.000132894871058], [1.2682598026e-005, 0.00138886226341, -0.000163469434483, -0.000273462530458, 0.00019416930445, 0.000414626440033, -0.000779149297159, 0.00069197762059, -0.00125287997071, 0.000573944242205, 8.9278059022e-005, -0.000493198283948, -4.02885198127e-005], [0.000442097254563, -0.000163469434483, 0.00206537800841, -9.31114336709e-005, -0.00109630695079, -0.00050788273802, -0.000177106907358, -0.00124254974071, 0.00175918405876, -0.000536257168278, 0.00138947425876, 0.000193701634998, -0.000106137194962], [-0.000563506851904, -0.000273462530458, -9.31114336709e-005, 0.0051618469879, -0.00310000730678, -0.000326992652845, -0.0014361392241, 0.00231613358483, -0.00301092048176, 0.00367151829414, -0.00185764266644, 0.000493341474794, -0.00220660422929], [0.000440487172455, 0.00019416930445, -0.00109630695079, -0.00310000730678, 0.0101019544527, -0.00485264975578, 0.00323946541175, 0.000340153375873, 0.000440686795628, -0.00399015750736, 0.00239412207156, -0.00175977416802, -0.000301823893096], [-0.000270967517281, 0.000414626440033, -0.00050788273802, -0.000326992652845, -0.00485264975578, 0.0158814582974, -0.00714748539031, -0.000628713227343, 0.000172655898496, -0.00237310142256, -0.00125281396322, 0.00135813932866, 0.000458831724245], [0.000193239102373, -0.000779149297159, -0.000177106907358, -0.0014361392241, 0.00323946541175, -0.00714748539031, 0.0133287645876, -0.00538102257997, 9.46622385527e-005, 0.0018263803795, 0.000243810398388, -0.00155267002992, 0.000633298652247], [-0.000437301700003, 0.00069197762059, -0.00124254974071, 0.00231613358483, 0.000340153375873, -0.000628713227343, -0.00538102257997, 0.0136546902359, -0.00548246363178, 0.00104525045026, -0.00248692417517, -0.000344770087395, 0.000183187963557], [0.000569483498111, -0.00125287997071, 0.00175918405876, -0.00301092048176, 0.000440686795628, 0.000172655898496, 9.46622385527e-005, -0.00548246363178, 0.0203621648252, -0.0128876138479, 0.00502364616841, -0.00260107195936, 0.00308703654446], [-0.000565244001336, 0.000573944242205, -0.000536257168278, 0.00367151829414, -0.00399015750736, -0.00237310142256, 0.0018263803795, 0.00104525045026, -0.0128876138479, 0.0307181626558, -0.0165936797857, 0.00681888032705, -0.00320586306043], [0.000444255390903, 8.9278059022e-005, 0.00138947425876, -0.00185764266644, 0.00239412207156, -0.00125281396322, 0.000243810398388, -0.00248692417517, 0.00502364616841, -0.0165936797857, 0.0311258770525, -0.0150439394638, 0.00562446285039], [-0.000305068911985, -0.000493198283948, 0.000193701634998, 0.000493341474794, -0.00175977416802, 0.00135813932866, -0.00155267002992, -0.000344770087395, -0.00260107195936, 0.00681888032705, -0.0150439394638, 0.027006464079, -0.0114079117775], [0.000132894871058, -4.02885198127e-005, -0.000106137194962, -0.00220660422929, -0.000301823893096, 0.000458831724245, 0.000633298652247, 0.000183187963557, 0.00308703654446, -0.00320586306043, 0.00562446285039, -0.0114079117775, 0.0225804988295]]
    sccoeffs:
        dmean: [0.0493428632617, 0.0435885339975, 0.035514485091, 0.0285532679409, 0.0189522430301, 0.0161685589701]
        dmean2: [0.0821874514222, 0.073137357831, 0.0597061030567, 0.047870170325, 0.0320698954165, 0.0255970899016]
        dvar: [0.0017358858604, 0.00125418684911, 0.000805562885944, 0.000521098903846, 0.00024644570658, 0.000194887441467]
        dvar2: [0.00465024635196, 0.00345177692361, 0.00225131725892, 0.00144083460327, 0.000679211458191, 0.000468775455374]
        max: [-0.373744308949, -0.490490496159, -0.576942443848, -0.603808760643, -0.645852804184, -0.564722657204]
        mean: [-0.690264821053, -0.772957623005, -0.787736058235, -0.791761159897, -0.802042126656, -0.752826273441]
        median: [-0.691789925098, -0.778943240643, -0.788599491119, -0.79220867157, -0.797273278236, -0.745332956314]
        min: [-0.973668813705, -0.972601473331, -0.989195585251, -0.979254007339, -0.968288600445, -0.964929997921]
        var: [0.00484711118042, 0.00348594761454, 0.00230250298046, 0.00241691898555, 0.00181762175635, 0.00399131793529]
    scvalleys:
        dmean: [0.372512966394, 0.339064240456, 0.274526685476, 0.229505836964, 0.194446757436, 0.226739898324]
        dmean2: [0.62372148037, 0.563437879086, 0.448177278042, 0.374497920275, 0.315411388874, 0.349281847477]
        dvar: [0.108119294047, 0.087353952229, 0.0602139271796, 0.0470612123609, 0.0476728454232, 0.0830833911896]
        dvar2: [0.258541852236, 0.214891836047, 0.141230225563, 0.10556435585, 0.10374327004, 0.183847650886]
        max: [-5.22170114517, -4.95756816864, -5.19475698471, -5.53535318375, -5.46717596054, -7.85742378235]
        mean: [-7.34044075012, -7.1753821373, -7.25629854202, -7.55422306061, -7.45469379425, -10.2449474335]
        median: [-7.00805950165, -6.79456996918, -6.82081127167, -6.90881633759, -6.55876493454, -9.53456687927]
        min: [-28.1504650116, -27.8334274292, -27.5006713867, -27.4948406219, -27.4507656097, -27.3273162842]
        var: [2.0919547081, 2.59379458427, 3.21332144737, 4.42863082886, 5.43300533295, 4.55670022964]

rhythm:
    beats_loudness:
        dmean: 0.00173904141411
        dmean2: 0.00292687490582
        dvar: 2.50353355113e-006
        dvar2: 6.6354136834e-006
        max: 0.0135268438607
        mean: 0.00468491157517
        median: 0.00456291856244
        min: 5.33972865924e-010
        var: 1.04674090835e-005
    bpm: 128.033752441
    bpm_confidence: 0
    first_peak_bpm: 129
    first_peak_spread: 0.37470728159
    first_peak_weight: 0.564482033253
    onset_rate: 2.43300008774
    second_peak_bpm: 108
    second_peak_spread: 0.450000017881
    second_peak_weight: 0.0232558138669
    beats_loudness_band_ratio:
        dmean: [0.112332820892, 0.14578281343, 0.0661223456264, 0.0830651894212, 0.132691338658, 0.0756115615368]
        dmean2: [0.197333395481, 0.265798985958, 0.11969435215, 0.143401369452, 0.227708056569, 0.130059197545]
        dvar: [0.00906425621361, 0.0196837559342, 0.00457766558975, 0.00688944524154, 0.0141948778182, 0.00493596959859]
        dvar2: [0.024569535628, 0.0517304353416, 0.0133070722222, 0.0213969852775, 0.044488940388, 0.0141843194142]
        max: [0.99557864666, 0.877842843533, 0.539457440376, 0.494988441467, 0.775371611118, 0.5847838521]
        mean: [0.181083261967, 0.148628085852, 0.0970498323441, 0.121993213892, 0.283896923065, 0.200644761324]
        median: [0.145419046283, 0.0639708191156, 0.0767551809549, 0.103984192014, 0.270782053471, 0.196971565485]
        min: [0.000160582916578, 0.000323277519783, 0.000450359511888, 1.7734384528e-005, 6.33258196103e-006, 5.10031031808e-006]
        var: [0.0251316484064, 0.0328520163894, 0.00543654151261, 0.00812705792487, 0.0274040866643, 0.0123269185424]
    beats_position: [0.568888902664, 1.16099774837, 1.74149656296, 2.32199549675, 2.97215414047, 3.59909296036, 4.22603178024, 4.85297060013, 5.47990942001, 6.10684776306, 6.73378658295, 7.36072540283, 7.98766422272, 8.62621307373, 9.18349170685, 9.74077033997, 10.2980499268, 10.774058342, 11.2500677109, 11.7260770798, 12.1904764175, 12.6548748016, 13.1192741394, 13.6068935394, 14.0829019547, 14.5473012924, 15.0233106613, 15.4877090454, 15.9521083832, 16.4165077209, 16.8809070587, 17.3569164276, 17.8329238892, 18.2973232269, 18.7617225647, 19.2261219025, 19.6905212402, 20.1665306091, 20.6309299469, 21.1069393158, 21.5713367462, 22.035736084, 22.5001354218, 22.9761447906, 23.4405441284, 23.9165534973, 24.3809528351, 24.8569602966, 25.3213596344, 25.7973690033, 26.2617683411, 26.7261676788, 27.1905670166, 27.6665763855, 28.142583847, 28.6069831848, 29.0713825226, 29.5357818604, 30.0001811981, 30.4645805359, 30.9405899048, 31.4165973663, 31.8809967041, 32.357006073, 32.8330154419, 33.2974128723, 33.7618141174, 34.2262115479, 34.690612793, 35.1666221619, 35.6310195923, 36.1070289612, 36.5714263916, 37.0474357605, 37.5118370056, 37.976234436, 38.4406356812, 38.91664505, 39.3810424805, 39.8570518494, 40.3214492798, 40.7974586487, 41.2618598938, 41.7262573242, 42.1906585693, 42.6666641235, 43.1426734924, 43.6070747375, 44.071472168, 44.5358734131, 45.0002708435, 45.4646720886, 45.9406776428, 46.4166870117, 46.8810882568, 47.3454856873, 47.8098869324, 48.2742843628, 48.7502937317, 49.2263031006, 49.7023124695, 50.1783218384, 50.6427192688, 51.1071205139, 51.5715179443, 52.0359191895, 52.5119247437, 52.9763259888, 53.4523353577, 53.9167327881, 54.392742157, 54.8687515259, 55.333152771, 55.7975502014, 56.2619476318, 56.7379570007, 57.2023582458, 57.6783676147, 58.1427650452, 58.6071662903, 59.0715637207, 59.5475730896, 60.01197052, 60.4763717651, 60.9407691956, 61.4167785645, 61.8927879333, 62.3687973022, 62.8331947327, 63.2975959778, 63.7619934082, 64.2263946533, 64.7024002075, 65.1784133911, 65.6428070068, 66.107208252, 66.5716094971, 67.0360107422, 67.5004043579, 67.964805603, 68.4408187866, 68.9168243408, 69.3812255859, 69.8572311401, 70.3216323853, 70.7976379395, 71.2620391846, 71.7264404297, 72.2024459839, 72.6784591675, 73.1428527832, 73.6072540283, 74.0716552734, 74.5360565186, 75.0004501343, 75.4764633179, 75.9524688721, 76.4168701172, 76.8928756714, 77.368888855, 77.8332901001, 78.2976837158, 78.7620849609, 79.2264862061, 79.6908798218, 80.1668930054, 80.6312942505, 81.1072998047, 81.5717010498, 82.0360946655, 82.5004959106, 82.9765090942, 83.44090271, 83.9169158936, 84.3929214478, 84.8689346313, 85.3333282471, 85.7977294922, 86.2621307373, 86.7265319824, 87.2025375366, 87.6785507202, 88.1429443359, 88.6073455811, 89.0717468262, 89.5477523804, 90.0121536255, 90.4881591797, 90.9525604248, 91.4169616699, 91.8929672241, 92.3689804077, 92.8333740234, 93.2977752686, 93.7621765137, 94.2265777588, 94.702583313, 95.1785888672, 95.6429901123, 96.1073913574, 96.5717926025, 97.0477981567, 97.5121994019, 97.976600647, 98.4526062012, 98.9170074463, 99.3930130005, 99.8690261841, 100.3334198, 100.797821045, 101.26222229, 101.726615906, 102.202629089, 102.678634644, 103.143035889, 103.607437134, 104.071838379, 104.547843933, 105.012245178, 105.476638794, 105.952651978, 106.417053223, 106.881446838, 107.357460022, 107.821853638, 108.297866821, 108.762268066, 109.226661682, 109.691062927, 110.167076111, 110.643081665, 111.119087219, 111.583488464, 112.047889709, 112.523895264, 112.988296509, 113.452697754, 113.917098999, 114.381492615, 114.857505798, 115.333511353, 115.797912598, 116.262313843, 116.738319397, 117.214332581, 117.678726196, 118.143127441, 118.607528687, 119.071922302, 119.547935486, 120.012336731, 120.488342285, 120.95274353, 121.417137146, 121.89315033, 122.369155884, 122.833557129, 123.297958374, 123.762359619, 124.226753235, 124.69115448, 125.155555725, 125.631561279, 126.107574463, 126.571968079, 127.047981262, 127.512374878, 127.988388062, 128.464401245, 128.94039917, 129.404800415, 129.86920166, 130.345214844, 130.821228027, 131.285614014, 131.750015259, 132.214416504, 132.678817749, 133.143218994, 133.607620239, 134.083618164, 134.548019409, 135.012420654, 135.488433838, 135.964447021, 136.428848267, 136.904846191, 137.369247437, 137.833648682, 138.309661865, 138.78565979, 139.250061035, 139.726074219, 140.178863525, 140.643264771, 141.107666016, 141.58366394, 142.059677124, 142.524078369, 142.988479614, 143.464492798, 143.940490723, 144.404891968, 144.869293213, 145.345306396, 145.82131958, 146.285705566, 146.750106812, 147.214508057, 147.678909302, 148.143310547, 148.607711792, 149.083709717, 149.5597229, 150.024124146, 150.488525391, 150.964538574, 151.440536499, 151.904937744, 152.369338989, 152.845352173, 153.321365356, 153.785751343, 154.250152588, 154.714553833, 155.178955078, 155.643356323, 156.107757568, 156.572158813, 157.059768677, 157.524169922, 157.988571167, 158.452972412, 158.940582275, 159.404983521, 159.869384766, 160.333786011, 160.798187256, 161.262588501, 161.738586426, 162.214599609, 162.679000854, 163.1434021, 163.607803345, 164.072189331, 164.536590576, 165.01260376, 165.488616943, 165.953018188, 166.417419434, 166.893417358, 167.357818604, 167.822219849, 168.298233032, 168.762634277, 169.227020264, 169.703033447, 170.179046631, 170.655059814, 171.119445801, 171.595458984, 172.059860229, 172.524261475, 172.98866272, 173.453063965, 173.92906189, 174.405075073, 174.869476318, 175.333877563, 175.798278809, 176.262680054, 176.738677979, 177.214691162, 177.679092407, 178.143493652, 178.619491577, 179.083892822, 179.548294067, 180.012695313, 180.477096558, 180.953109741, 181.417495728, 181.893508911, 182.369522095, 182.83392334, 183.298324585, 183.762710571, 184.227111816, 184.691513062, 185.179138184, 185.643539429, 186.119537354, 186.595550537, 187.059951782, 187.524353027, 187.988754272, 188.464752197, 188.940765381, 189.405166626, 189.869567871, 190.333969116, 190.798370361, 191.262756348, 191.738769531, 192.203170776, 192.67918396, 193.143585205, 193.607971191, 194.083984375, 194.559997559, 195.024398804, 195.488800049, 195.953201294, 196.429199219, 196.893600464, 197.369613647, 197.834014893, 198.298416138, 198.762802124, 199.227203369, 199.703216553, 200.179229736, 200.643630981, 201.119628906, 201.584030151, 202.048431396, 202.512832642, 202.988845825, 203.46484375, 203.940856934, 204.405258179, 204.869659424, 205.345672607, 205.821670532, 206.286071777, 206.750473022, 207.214874268, 207.679275513, 208.155273438, 208.619674683, 209.095687866, 209.560089111, 210.036102295, 210.51210022, 210.999725342, 211.487350464, 211.974960327, 212.462585449, 212.926986694, 213.391372681, 213.855773926, 214.343399048, 214.819412231, 215.307022095, 215.841079712, 216.375137329, 216.967254639, 217.536148071, 218.105026245, 218.662307739, 219.219589233, 219.776870728, 220.334152222, 220.891418457, 221.448699951, 222.005981445, 222.563262939, 223.132156372, 223.701034546, 224.269927979, 224.85043335, 225.419311523, 225.988204956, 226.568710327]
