
metadata:
    version:
        essentia: "2.1-beta2"
    audio_properties:
        analysis_sample_rate: 44100
        bitrate: 192
        channels: 2
        equal_loudness: 1
        length: 199.262039185
        replay_gain: -15.2432022095
        downmix: "mix"
    tags:
        album: "The Undying Darkness"
        artist: "Caliban"
        comment: "caliban.ru"
        date: "2006"
        genre: "Metalcore"
        title: "Song About Killing"
        tracknumber: "03"

configuration:
    average_loudness:
        compute: 1
        frameSize: 88200
        hopSize: 44100
        silentFrames: "noise"
        windowType: "hann"
    general:
        analysisSampleRate: 44100
        endTime: 2000
        equalLoudness: 1
        nequalLoudness: 0
        shortSound: 0
        startTime: 0
    lowlevel:
        compute: 1
        frameSize: 2048
        hopSize: 1024
        zeroPadding: 0
        silentFrames: "noise"
        windowType: "blackmanharris62"
        mfccStats: ["mean", "cov", "icov"]
        stats: ["mean", "var", "median", "min", "max", "dmean", "dmean2", "dvar", "dvar2"]
    panning:
        compute: 0
        frameSize: 8192
        hopSize: 2048
        zeroPadding: 8192
        silentFrames: "noise"
        windowType: "hann"
        stats: ["copy"]
    rhythm:
        compute: 1
        maxTempo: 208
        minTempo: 40
        method: "degara"
        stats: ["mean", "var", "median", "min", "max", "dmean", "dmean2", "dvar", "dvar2"]
    segmentation:
        compute: 0
        cpw: 5
        inc1: 300
        inc2: 50
        minimumSegmentsLength: 10
        size1: 1000
        size2: 600
    sfx:
        compute: 1
        stats: ["mean", "var", "median", "min", "max", "dmean", "dmean2", "dvar", "dvar2"]
    svm:
        compute: 0
    tonal:
        compute: 1
        frameSize: 4096
        hopSize: 2048
        zeroPadding: 0
        silentFrames: "noise"
        windowType: "blackmanharris62"
        stats: ["mean", "var", "median", "min", "max", "dmean", "dmean2", "dvar", "dvar2"]

lowlevel:
    average_loudness: 0.948345243931
    barkbands_kurtosis:
        dmean: 0.862269759178
        dmean2: 1.40937888622
        dvar: 1.77053296566
        dvar2: 4.25712442398
        max: 53.837928772
        mean: -0.539197564125
        median: -1.09832262993
        min: -1.95389914513
        var: 3.13488006592
    barkbands_skewness:
        dmean: 0.475720047951
        dmean2: 0.700155198574
        dvar: 0.17885529995
        dvar2: 0.368084669113
        max: 4.86952257156
        mean: -0.463000297546
        median: -0.524078607559
        min: -5.45199251175
        var: 0.737581133842
    barkbands_spread:
        dmean: 6.38514232635
        dmean2: 10.2962837219
        dvar: 31.4409236908
        dvar2: 75.6950454712
        max: 71.1535339355
        mean: 37.1310844421
        median: 37.6858901978
        min: 1.5760436058
        var: 111.674964905
    dissonance:
        dmean: 0.00727761397138
        dmean2: 0.0123553564772
        dvar: 5.69690600969e-005
        dvar2: 0.000148516570334
        max: 0.500000119209
        mean: 0.488381713629
        median: 0.490671932697
        min: 0.323683917522
        var: 8.56048573041e-005
    hfc:
        dmean: 3.85864806175
        dmean2: 6.24630641937
        dvar: 24.2292461395
        dvar2: 64.1160888672
        max: 52.1427993774
        mean: 11.0216379166
        median: 9.9719991684
        min: 1.22603135441e-016
        var: 40.9426460266
    pitch:
        dmean: 726.305786133
        dmean2: 1366.28405762
        dvar: 1291272.375
        dvar2: 3224704
        max: 4578.01660156
        mean: 2817.26416016
        median: 3387.8347168
        min: 50.2168388367
        var: 1601543.25
    pitch_instantaneous_confidence:
        dmean: 0.0751559063792
        dmean2: 0.12618227303
        dvar: 0.00360008142889
        dvar2: 0.0096451304853
        max: 0.975347518921
        mean: 0.371145695448
        median: 0.366196990013
        min: 0.130359590054
        var: 0.0101221483201
    pitch_salience:
        dmean: 0.0548536852002
        dmean2: 0.0893217846751
        dvar: 0.00248343800195
        dvar2: 0.0063894437626
        max: 0.960608959198
        mean: 0.702687382698
        median: 0.718959450722
        min: 0.198020130396
        var: 0.0058505628258
    silence_rate_20dB:
        dmean: 0
        dmean2: 0
        dvar: 0
        dvar2: 0
        max: 1
        mean: 1
        median: 1
        min: 1
        var: 0
    silence_rate_30dB:
        dmean: 0
        dmean2: 0
        dvar: 0
        dvar2: 0
        max: 1
        mean: 1
        median: 1
        min: 1
        var: 0
    silence_rate_60dB:
        dmean: 0.0699137747288
        dmean2: 0.139843836427
        dvar: 0.0650219544768
        dvar2: 0.141720488667
        max: 1
        mean: 0.177443787456
        median: 0
        min: 0
        var: 0.145962938666
    spectral_centroid:
        dmean: 329.395996094
        dmean2: 487.778381348
        dvar: 95526.5859375
        dvar2: 194709.828125
        max: 10602.2265625
        mean: 2089.81933594
        median: 2147.48974609
        min: 250.104660034
        var: 339336.8125
    spectral_complexity:
        dmean: 4.83523654938
        dmean2: 7.34180164337
        dvar: 19.705789566
        dvar2: 43.8311271667
        max: 48
        mean: 20.137014389
        median: 21
        min: 0
        var: 82.5463638306
    spectral_crest:
        dmean: 1.68516373634
        dmean2: 2.7805621624
        dvar: 2.4267282486
        dvar2: 5.92206573486
        max: 24.6813983917
        mean: 6.29452562332
        median: 5.71882009506
        min: 2.54774641991
        var: 5.47728967667
    spectral_decrease:
        dmean: 3.1363189823e-010
        dmean2: 5.26444332571e-010
        dvar: 1.64272486184e-019
        dvar2: 4.44234090948e-019
        max: 8.64880911059e-029
        mean: -1.12691000975e-009
        median: -1.03848263322e-009
        min: -4.96064478384e-009
        var: 3.10908421883e-019
    spectral_energy:
        dmean: 0.00148667092435
        dmean2: 0.00248982617632
        dvar: 3.64102038475e-006
        dvar2: 9.79058222583e-006
        max: 0.0232276432216
        mean: 0.00525289028883
        median: 0.0048124268651
        min: 1.07940308706e-020
        var: 6.75397723171e-006
    spectral_energyband_high:
        dmean: 0.000344410305843
        dmean2: 0.000593900680542
        dvar: 2.67229466999e-007
        dvar2: 7.34132754587e-007
        max: 0.0043086069636
        mean: 0.000626711291261
        median: 0.000509835314006
        min: 7.90327373662e-021
        var: 2.54209680861e-007
    spectral_energyband_low:
        dmean: 0.000306903093588
        dmean2: 0.000498209206853
        dvar: 1.16885985335e-007
        dvar2: 2.91998787816e-007
        max: 0.0038461398799
        mean: 0.000574076781049
        median: 0.000477026391309
        min: 1.36881743257e-022
        var: 2.53250362903e-007
    spectral_energyband_middle_high:
        dmean: 0.000873428129125
        dmean2: 0.00137734715827
        dvar: 9.01664122921e-007
        dvar2: 2.26596330322e-006
        max: 0.0156934447587
        mean: 0.00278383959085
        median: 0.00249004038051
        min: 1.41409958839e-021
        var: 2.84049360744e-006
    spectral_energyband_middle_low:
        dmean: 0.000673665897921
        dmean2: 0.0011159919668
        dvar: 1.02328408502e-006
        dvar2: 2.78097149931e-006
        max: 0.00991117302328
        mean: 0.00143304502126
        median: 0.00111078610644
        min: 3.4404054234e-022
        var: 1.38745861022e-006
    spectral_flatness_db:
        dmean: 0.0136151975021
        dmean2: 0.0221287403256
        dvar: 0.000142672564834
        dvar2: 0.000338239013217
        max: 0.349062740803
        mean: 0.152397125959
        median: 0.147347599268
        min: 0.071379609406
        var: 0.000688905827701
    spectral_flux:
        dmean: 0.00770349707454
        dmean2: 0.0118741141632
        dvar: 7.79045803938e-005
        dvar2: 0.000143956858665
        max: 0.114738203585
        mean: 0.0457688756287
        median: 0.0448076240718
        min: 1.038943237e-010
        var: 0.000221660739044
    spectral_kurtosis:
        dmean: 0.911203086376
        dmean2: 1.56838655472
        dvar: 0.822225749493
        dvar2: 2.46177482605
        max: 14.562166214
        mean: 2.96114420891
        median: 2.76745820045
        min: -1.22596490383
        var: 1.52089190483
    spectral_rms:
        dmean: 0.000299560109852
        dmean2: 0.000489791738801
        dvar: 1.13567878657e-007
        dvar2: 2.95854960086e-007
        max: 0.00476036919281
        mean: 0.00218618917279
        median: 0.00216680648737
        min: 3.24511359624e-012
        var: 3.45355459785e-007
    spectral_rolloff:
        dmean: 329.263916016
        dmean2: 522.66809082
        dvar: 182811.40625
        dvar2: 375693.8125
        max: 18927.6855469
        mean: 3645.17602539
        median: 3725.24414063
        min: 150.732421875
        var: 418190.875
    spectral_skewness:
        dmean: 0.143196418881
        dmean2: 0.238623291254
        dvar: 0.018079733476
        dvar2: 0.0499914847314
        max: 3.35531878471
        mean: 1.090264678
        median: 1.08114945889
        min: 0.0780565068126
        var: 0.0629988908768
    spectral_spread:
        dmean: 425761.03125
        dmean2: 627689.4375
        dvar: 392777859072
        dvar2: 599584342016
        max: 42031640
        mean: 4366402
        median: 4214955.5
        min: 2088483.625
        var: 1.38944957645e+012
    spectral_strongpeak:
        dmean: 0.466241061687
        dmean2: 0.831322908401
        dvar: 0.448675006628
        dvar2: 1.20500171185
        max: 8.51612758636
        mean: 0.531381905079
        median: 0.19837346673
        min: 2.45573095192e-009
        var: 0.528356969357
    zerocrossingrate:
        dmean: 0.00906318705529
        dmean2: 0.0101675279438
        dvar: 8.41922592372e-005
        dvar2: 9.236142796e-005
        max: 0.515625
        mean: 0.11381816864
        median: 0.11669921875
        min: 0.02197265625
        var: 0.000488312041853
    barkbands:
        dmean: [2.42622121505e-007, 7.24020865164e-005, 0.000214648258407, 0.000211915059481, 0.000356536795152, 0.000148959356011, 0.000112956826342, 8.84129331098e-005, 0.000108460073534, 5.19720015291e-005, 4.37108938058e-005, 4.75240194646e-005, 4.045413516e-005, 4.08963387599e-005, 5.59668551432e-005, 0.000135486334329, 0.000196856548428, 0.000329890666762, 0.000346152926795, 0.000273349811323, 0.000143482771819, 5.49094838789e-005, 6.39988502371e-006, 2.17908632294e-006, 1.54213114456e-006, 4.22348769291e-008, 2.18733878232e-010]
        dmean2: [4.39777892325e-007, 0.000119924407045, 0.000346876913682, 0.000357071723556, 0.000592539086938, 0.000254319340456, 0.000189817001228, 0.000147351471242, 0.000180911214557, 8.68406714289e-005, 7.29296225472e-005, 7.88803008618e-005, 6.78776632412e-005, 6.81927413098e-005, 9.34002164286e-005, 0.000226049480261, 0.000324799708324, 0.000541225192137, 0.000568442046642, 0.000469680322567, 0.000242662077653, 9.81592384051e-005, 1.07286496132e-005, 3.54809048986e-006, 2.55937356997e-006, 6.63004939838e-008, 4.0509645638e-010]
        dvar: [2.07647592697e-013, 1.06573203595e-008, 6.50193783258e-008, 8.23153953888e-008, 3.81862804488e-007, 6.76880702599e-008, 7.25520052924e-008, 4.44633521113e-008, 5.80908654513e-008, 1.50622536665e-008, 9.75005409742e-009, 1.00397903324e-008, 7.37210914536e-009, 5.36508171223e-009, 1.008224082e-008, 2.52697400782e-008, 6.40659649775e-008, 1.66562884374e-007, 1.49946558281e-007, 1.41774435747e-007, 3.36128813672e-008, 9.21393628062e-009, 9.81878675588e-011, 1.60303489233e-011, 6.73727393319e-012, 1.42747006706e-014, 1.0170553339e-019]
        dvar2: [6.01315221574e-013, 2.86631074431e-008, 1.55502704047e-007, 2.15522462099e-007, 1.05480808088e-006, 1.8163351001e-007, 1.81131099453e-007, 1.1601857608e-007, 1.57713060389e-007, 4.02389481735e-008, 2.63569415182e-008, 2.70723408136e-008, 2.01009804357e-008, 1.44227065846e-008, 2.74134421829e-008, 6.65865442784e-008, 1.70097877117e-007, 4.29626112464e-007, 3.86713196576e-007, 3.85636667488e-007, 9.15508380217e-008, 2.53898804203e-008, 2.58336629866e-010, 3.52075937848e-011, 1.59246088538e-011, 3.16111205137e-014, 3.24091225155e-019]
        max: [3.68419773622e-006, 0.000874687451869, 0.00291046174243, 0.00328542664647, 0.00551987532526, 0.00389232789166, 0.00500580621883, 0.0033587240614, 0.00398864317685, 0.00230621150695, 0.00200814916752, 0.00149045896251, 0.00189031846821, 0.0018906496698, 0.00220558582805, 0.00332551915199, 0.00584718491882, 0.0091359410435, 0.00579494656995, 0.00350890518166, 0.00183761736844, 0.000727662642021, 0.000137456780067, 7.35747380531e-005, 4.11492073908e-005, 2.62369826487e-006, 3.66499786075e-009]
        mean: [2.55469757349e-007, 0.000115589966299, 0.000325166125549, 0.000268739793682, 0.000504939060193, 0.000204692405532, 0.000139131545438, 0.000119498137792, 0.000168444428709, 7.67541714595e-005, 6.61475132802e-005, 7.63777425163e-005, 6.48715795251e-005, 7.02847828506e-005, 0.000102867197711, 0.000266755581833, 0.00040983769577, 0.000698860036209, 0.000731570005883, 0.000469807273475, 0.000281338259811, 7.12887485861e-005, 1.25283177113e-005, 4.51152345704e-006, 2.5633930818e-006, 7.5174234837e-008, 1.70806063737e-010]
        median: [2.87547532452e-008, 8.6132225988e-005, 0.000218792119995, 0.00016784213949, 0.000293760240311, 0.000125331920572, 5.94305274717e-005, 3.89643828385e-005, 5.78829858568e-005, 3.37646015396e-005, 2.69297961495e-005, 2.68039075308e-005, 2.40130211751e-005, 4.04934944527e-005, 6.33881645626e-005, 0.00021214968001, 0.000301808264339, 0.000549447140656, 0.000631542177871, 0.000381420628401, 0.000237477084738, 4.18469462602e-005, 8.39220592752e-006, 2.98777376884e-006, 1.33826995352e-006, 3.41548549443e-008, 6.77478281808e-011]
        min: [1.49850092735e-023, 7.87527919618e-023, 4.2087240751e-023, 2.16208015009e-023, 9.50641130752e-023, 5.30328151842e-023, 1.76396903027e-023, 6.28840155053e-023, 8.3032898798e-023, 6.80647427489e-023, 1.07671713306e-022, 7.44294681697e-023, 2.84648277637e-023, 5.21751403645e-023, 1.53188040904e-022, 9.70753675956e-023, 1.11049085588e-022, 1.86259021183e-022, 3.1742624342e-022, 5.61179946487e-022, 2.74168620231e-022, 6.30322431004e-022, 6.3792583844e-022, 6.35222557269e-022, 9.99464805027e-022, 1.85200064401e-021, 2.85012875263e-021]
        var: [1.83533784416e-013, 1.53302437411e-008, 1.24401907442e-007, 1.00141278381e-007, 4.04474775451e-007, 7.39420400464e-008, 8.11437388393e-008, 6.21677926915e-008, 1.02969167415e-007, 2.35979715768e-008, 1.64632290023e-008, 2.06835792937e-008, 1.49219090417e-008, 9.69452162991e-009, 1.93369800172e-008, 5.33972226435e-008, 1.58510957249e-007, 3.72996765918e-007, 2.63865814532e-007, 1.4135815718e-007, 4.1119783134e-008, 7.20771531348e-009, 1.64646254963e-010, 3.28332881716e-011, 1.23700156021e-011, 2.51621148911e-014, 7.94663302568e-020]
    frequency_bands:
        dmean: [2.42622121505e-007, 7.24020865164e-005, 0.000214648258407, 0.000211915059481, 0.000356536795152, 0.000148959356011, 0.000112956826342, 8.84129331098e-005, 0.000108460073534, 5.19720015291e-005, 4.37108938058e-005, 4.75240194646e-005, 4.045413516e-005, 4.08963387599e-005, 5.59668551432e-005, 0.000135486334329, 0.000196856548428, 0.000329890666762, 0.000346152926795, 0.000273349811323, 0.000143482771819, 5.49094838789e-005, 6.39988502371e-006, 2.17908632294e-006, 1.54213114456e-006, 4.22348769291e-008, 2.18733878232e-010, 6.20671500307e-011]
        dmean2: [4.39777892325e-007, 0.000119924407045, 0.000346876913682, 0.000357071723556, 0.000592539086938, 0.000254319340456, 0.000189817001228, 0.000147351471242, 0.000180911214557, 8.68406714289e-005, 7.29296225472e-005, 7.88803008618e-005, 6.78776632412e-005, 6.81927413098e-005, 9.34002164286e-005, 0.000226049480261, 0.000324799708324, 0.000541225192137, 0.000568442046642, 0.000469680322567, 0.000242662077653, 9.81592384051e-005, 1.07286496132e-005, 3.54809048986e-006, 2.55937356997e-006, 6.63004939838e-008, 4.0509645638e-010, 1.14987859512e-010]
        dvar: [2.07647592697e-013, 1.06573203595e-008, 6.50193783258e-008, 8.23153953888e-008, 3.81862804488e-007, 6.76880702599e-008, 7.25520052924e-008, 4.44633521113e-008, 5.80908654513e-008, 1.50622536665e-008, 9.75005409742e-009, 1.00397903324e-008, 7.37210914536e-009, 5.36508171223e-009, 1.008224082e-008, 2.52697400782e-008, 6.40659649775e-008, 1.66562884374e-007, 1.49946558281e-007, 1.41774435747e-007, 3.36128813672e-008, 9.21393628062e-009, 9.81878675588e-011, 1.60303489233e-011, 6.73727393319e-012, 1.42747006706e-014, 1.0170553339e-019, 8.20597983555e-021]
        dvar2: [6.01315221574e-013, 2.86631074431e-008, 1.55502704047e-007, 2.15522462099e-007, 1.05480808088e-006, 1.8163351001e-007, 1.81131099453e-007, 1.1601857608e-007, 1.57713060389e-007, 4.02389481735e-008, 2.63569415182e-008, 2.70723408136e-008, 2.01009804357e-008, 1.44227065846e-008, 2.74134421829e-008, 6.65865442784e-008, 1.70097877117e-007, 4.29626112464e-007, 3.86713196576e-007, 3.85636667488e-007, 9.15508380217e-008, 2.53898804203e-008, 2.58336629866e-010, 3.52075937848e-011, 1.59246088538e-011, 3.16111205137e-014, 3.24091225155e-019, 2.6160921347e-020]
        max: [3.68419773622e-006, 0.000874687451869, 0.00291046174243, 0.00328542664647, 0.00551987532526, 0.00389232789166, 0.00500580621883, 0.0033587240614, 0.00398864317685, 0.00230621150695, 0.00200814916752, 0.00149045896251, 0.00189031846821, 0.0018906496698, 0.00220558582805, 0.00332551915199, 0.00584718491882, 0.0091359410435, 0.00579494656995, 0.00350890518166, 0.00183761736844, 0.000727662642021, 0.000137456780067, 7.35747380531e-005, 4.11492073908e-005, 2.62369826487e-006, 3.66499786075e-009, 1.04173902837e-009]
        mean: [2.55469757349e-007, 0.000115589966299, 0.000325166125549, 0.000268739793682, 0.000504939060193, 0.000204692405532, 0.000139131545438, 0.000119498137792, 0.000168444428709, 7.67541714595e-005, 6.61475132802e-005, 7.63777425163e-005, 6.48715795251e-005, 7.02847828506e-005, 0.000102867197711, 0.000266755581833, 0.00040983769577, 0.000698860036209, 0.000731570005883, 0.000469807273475, 0.000281338259811, 7.12887485861e-005, 1.25283177113e-005, 4.51152345704e-006, 2.5633930818e-006, 7.5174234837e-008, 1.70806063737e-010, 4.80472953091e-011]
        median: [2.87547532452e-008, 8.6132225988e-005, 0.000218792119995, 0.00016784213949, 0.000293760240311, 0.000125331920572, 5.94305274717e-005, 3.89643828385e-005, 5.78829858568e-005, 3.37646015396e-005, 2.69297961495e-005, 2.68039075308e-005, 2.40130211751e-005, 4.04934944527e-005, 6.33881645626e-005, 0.00021214968001, 0.000301808264339, 0.000549447140656, 0.000631542177871, 0.000381420628401, 0.000237477084738, 4.18469462602e-005, 8.39220592752e-006, 2.98777376884e-006, 1.33826995352e-006, 3.41548549443e-008, 6.77478281808e-011, 1.87966534698e-011]
        min: [1.49850092735e-023, 7.87527919618e-023, 4.2087240751e-023, 2.16208015009e-023, 9.50641130752e-023, 5.30328151842e-023, 1.76396903027e-023, 6.28840155053e-023, 8.3032898798e-023, 6.80647427489e-023, 1.07671713306e-022, 7.44294681697e-023, 2.84648277637e-023, 5.21751403645e-023, 1.53188040904e-022, 9.70753675956e-023, 1.11049085588e-022, 1.86259021183e-022, 3.1742624342e-022, 5.61179946487e-022, 2.74168620231e-022, 6.30322431004e-022, 6.3792583844e-022, 6.35222557269e-022, 9.99464805027e-022, 1.85200064401e-021, 2.85012875263e-021, 6.88724643717e-022]
        var: [1.83533784416e-013, 1.53302437411e-008, 1.24401907442e-007, 1.00141278381e-007, 4.04474775451e-007, 7.39420400464e-008, 8.11437388393e-008, 6.21677926915e-008, 1.02969167415e-007, 2.35979715768e-008, 1.64632290023e-008, 2.06835792937e-008, 1.49219090417e-008, 9.69452162991e-009, 1.93369800172e-008, 5.33972226435e-008, 1.58510957249e-007, 3.72996765918e-007, 2.63865814532e-007, 1.4135815718e-007, 4.1119783134e-008, 7.20771531348e-009, 1.64646254963e-010, 3.28332881716e-011, 1.23700156021e-011, 2.51621148911e-014, 7.94663302568e-020, 6.38552090501e-021]
    mfcc:
        mean: [-694.015014648, 86.3711242676, -48.8558807373, 70.8198318481, -9.43995475769, -7.54669523239, -1.9497910738, -2.24874854088, -0.547394096851, -8.12323188782, -5.62182378769, -5.29630279541, -7.09372663498]
        cov: [[3479.68505859, 265.29776001, -189.348297119, 140.694396973, -74.1734390259, 22.664899826, 55.1476287842, 97.1678924561, 42.1619033813, 19.9734268188, 56.5706710815, 64.2806625366, 43.1815299988], [265.29776001, 483.701080322, -121.19254303, 96.6073226929, -20.2409286499, 14.6042690277, 24.3434028625, 29.4730644226, 15.6773700714, -9.53527641296, 1.47001993656, 20.3232936859, -9.85458374023], [-189.348297119, -121.19254303, 484.518371582, -8.61010932922, 158.252166748, 77.4390335083, 64.4079360962, 62.4098167419, -14.3879537582, 15.9991493225, 9.62801361084, 4.06517648697, 23.5275402069], [140.694396973, 96.6073226929, -8.61010932922, 276.131713867, 62.9708633423, 37.804813385, 13.740852356, -12.248169899, 30.7931499481, -8.23900508881, -9.89844799042, -16.0895404816, 12.9161691666], [-74.1734390259, -20.2409286499, 158.252166748, 62.9708633423, 175.634750366, 68.1328735352, 38.9645233154, 23.0504226685, 9.2082901001, 21.9151115417, 7.3876452446, 4.91401338577, 9.27609634399], [22.664899826, 14.6042690277, 77.4390335083, 37.804813385, 68.1328735352, 132.535522461, 80.863861084, 26.8268184662, -0.756449520588, 2.75387001038, 5.96673059464, -4.35983467102, 10.6343250275], [55.1476287842, 24.3434028625, 64.4079360962, 13.740852356, 38.9645233154, 80.863861084, 143.842300415, 73.2888793945, 31.8914985657, 3.49605464935, 12.6579322815, 9.68762493134, 12.9761400223], [97.1678924561, 29.4730644226, 62.4098167419, -12.248169899, 23.0504226685, 26.8268184662, 73.2888793945, 112.649711609, 44.9704666138, 21.2177314758, 19.8552074432, 17.5596218109, 9.08037853241], [42.1619033813, 15.6773700714, -14.3879537582, 30.7931499481, 9.2082901001, -0.756449520588, 31.8914985657, 44.9704666138, 82.7433624268, 36.126701355, 18.693693161, 4.53762054443, 6.64324522018], [19.9734268188, -9.53527641296, 15.9991493225, -8.23900508881, 21.9151115417, 2.75387001038, 3.49605464935, 21.2177314758, 36.126701355, 62.1392173767, 32.3299484253, 15.8028373718, 3.81564879417], [56.5706710815, 1.47001993656, 9.62801361084, -9.89844799042, 7.3876452446, 5.96673059464, 12.6579322815, 19.8552074432, 18.693693161, 32.3299484253, 62.0822563171, 35.0839347839, 14.1471776962], [64.2806625366, 20.3232936859, 4.06517648697, -16.0895404816, 4.91401338577, -4.35983467102, 9.68762493134, 17.5596218109, 4.53762054443, 15.8028373718, 35.0839347839, 59.6551895142, 25.2036323547], [43.1815299988, -9.85458374023, 23.5275402069, 12.9161691666, 9.27609634399, 10.6343250275, 12.9761400223, 9.08037853241, 6.64324522018, 3.81564879417, 14.1471776962, 25.2036323547, 51.064491272]]
        icov: [[0.00032996077789, -7.6739495853e-005, 0.000127536593936, -0.000231237761909, 0.000197789995582, -7.70704282331e-005, 4.10719112551e-005, -0.000428929401096, 0.000262075889623, -0.000141952114063, -0.000132559958729, -0.000136354923598, -0.000167611782672], [-7.6739495853e-005, 0.00273281661794, 0.000700868840795, -0.00116269441787, 0.000317692640238, -0.000551749952137, 8.99029910215e-005, -0.00129622023087, 0.000406304461649, 0.00031799057615, 0.0006454649847, -0.00207965448499, 0.00159929681104], [0.000127536593936, 0.000700868840795, 0.00378573080525, 0.000225507683353, -0.00299912760966, 5.01609138155e-005, -0.000284152425593, -0.00250674248673, 0.00251392903738, -0.000454582856037, -0.000344305910403, 0.00124000909273, -0.0015312761534], [-0.000231237761909, -0.00116269441787, 0.000225507683353, 0.00571135105565, -0.00265843421221, -0.000857258855831, 0.000542065070476, 0.00237632123753, -0.00407255301252, 0.00286665698513, -0.000394771021092, 0.00223106821068, -0.00215241452679], [0.000197789995582, 0.000317692640238, -0.00299912760966, -0.00265843421221, 0.0112595027313, -0.00397920561954, 0.000559210951906, 0.000107866566395, -2.98967279377e-005, -0.00386145361699, 0.00215266272426, -0.00319431885146, 0.00184299692046], [-7.70704282331e-005, -0.000551749952137, 5.01609138155e-005, -0.000857258855831, -0.00397920561954, 0.0160400886089, -0.00951369013637, 0.00130149780307, 0.00567052420229, -0.00268787634559, -0.00243970262818, 0.00565143348649, -0.00292932474986], [4.10719112551e-005, 8.99029910215e-005, -0.000284152425593, 0.000542065070476, 0.000559210951906, -0.00951369013637, 0.0171870738268, -0.00741954194382, -0.00539099005982, 0.00583336129785, -0.000376404641429, -0.00230487482622, 0.000315347540891], [-0.000428929401096, -0.00129622023087, -0.00250674248673, 0.00237632123753, 0.000107866566395, 0.00130149780307, -0.00741954194382, 0.0194326229393, -0.00858711730689, 0.000130883592647, 9.50945905061e-005, -0.00265700439923, 0.00119810656179], [0.000262075889623, 0.000406304461649, 0.00251392903738, -0.00407255301252, -2.98967279377e-005, 0.00567052420229, -0.00539099005982, -0.00858711730689, 0.0273395068944, -0.0148712750524, -0.00114859966561, 0.00625539151952, -0.00376470317133], [-0.000141952114063, 0.00031799057615, -0.000454582856037, 0.00286665698513, -0.00386145361699, -0.00268787634559, 0.00583336129785, 0.000130883592647, -0.0148712750524, 0.0331257432699, -0.0123925926164, -0.00170418235939, 0.00315525452606], [-0.000132559958729, 0.0006454649847, -0.000344305910403, -0.000394771021092, 0.00215266272426, -0.00243970262818, -0.000376404641429, 9.50945905061e-005, -0.00114859966561, -0.0123925926164, 0.0320624224842, -0.0163771025836, 0.000966767780483], [-0.000136354923598, -0.00207965448499, 0.00124000909273, 0.00223106821068, -0.00319431885146, 0.00565143348649, -0.00230487482622, -0.00265700439923, 0.00625539151952, -0.00170418235939, -0.0163771025836, 0.0358245000243, -0.0147911394015], [-0.000167611782672, 0.00159929681104, -0.0015312761534, -0.00215241452679, 0.00184299692046, -0.00292932474986, 0.000315347540891, 0.00119810656179, -0.00376470317133, 0.00315525452606, 0.000966767780483, -0.0147911394015, 0.0285520218313]]
    sccoeffs:
        dmean: [0.0586561225355, 0.0520149134099, 0.0365791246295, 0.0302706602961, 0.0199842434376, 0.018936522305]
        dmean2: [0.0948451161385, 0.0867177024484, 0.0615893602371, 0.0508118718863, 0.0335784889758, 0.0298384036869]
        dvar: [0.0019751440268, 0.00179235334508, 0.000889231567271, 0.000563544046599, 0.000261754059466, 0.000266253278824]
        dvar2: [0.0052444441244, 0.00485187536106, 0.00241578835994, 0.00155992037617, 0.000697650713846, 0.0006353246863]
        max: [-0.339450746775, -0.459368318319, -0.514682173729, -0.584014832973, -0.589221000671, -0.567532002926]
        mean: [-0.631377458572, -0.764619410038, -0.810972392559, -0.800635099411, -0.798954308033, -0.727145791054]
        median: [-0.635151684284, -0.770641624928, -0.81967151165, -0.803935408592, -0.801812529564, -0.727794766426]
        min: [-0.973537504673, -0.963823974133, -0.983151495457, -0.959791302681, -0.960056245327, -0.95782995224]
        var: [0.00607636384666, 0.00395125010982, 0.00246906769462, 0.00145587557927, 0.000703219964635, 0.0014247597428]
    scvalleys:
        dmean: [0.449502706528, 0.368759065866, 0.313334822655, 0.26231354475, 0.23406778276, 0.277241438627]
        dmean2: [0.738589048386, 0.604541599751, 0.497647017241, 0.415267497301, 0.35059645772, 0.426730722189]
        dvar: [0.164117202163, 0.115594305098, 0.089925006032, 0.0785714462399, 0.0783090218902, 0.122828379273]
        dvar2: [0.371705919504, 0.247729152441, 0.171547293663, 0.144498199224, 0.13323675096, 0.247300937772]
        max: [-5.05350542068, -4.79253196716, -5.39496850967, -5.37517786026, -5.28365325928, -7.86991834641]
        mean: [-6.96039199829, -6.64417934418, -7.05528926849, -7.09964084625, -6.47374868393, -9.50137233734]
        median: [-6.59495449066, -6.57205057144, -6.98742961884, -7.02421236038, -6.34752464294, -9.35450077057]
        min: [-27.6764221191, -27.5946426392, -27.3680229187, -27.2777385712, -27.189365387, -27.2854270935]
        var: [1.32051873207, 0.773089289665, 0.767202377319, 0.671994388103, 0.716418385506, 1.04573071003]

rhythm:
    beats_loudness:
        dmean: 0.00189874577336
        dmean2: 0.00327369221486
        dvar: 2.03855120162e-006
        dvar2: 6.07288120591e-006
        max: 0.0123348245397
        mean: 0.00573397194967
        median: 0.00575677072629
        min: 1.97446556882e-008
        var: 4.33972718383e-006
    bpm: 161.49961853
    bpm_confidence: 0
    first_peak_bpm: 161
    first_peak_spread: 0.3045976758
    first_peak_weight: 0.686200380325
    onset_rate: 3.17672157288
    second_peak_bpm: 152
    second_peak_spread: 0.142857164145
    second_peak_weight: 0.0113421548158
    beats_loudness_band_ratio:
        dmean: [0.0933611467481, 0.0541738495231, 0.0665607899427, 0.0392969846725, 0.107056565583, 0.0815637335181]
        dmean2: [0.157282292843, 0.0929563269019, 0.115862101316, 0.0695456415415, 0.188560217619, 0.14472925663]
        dvar: [0.00698424642906, 0.00328401150182, 0.0052205636166, 0.00283125578426, 0.00687203509733, 0.00371356657706]
        dvar2: [0.0194710437208, 0.00926734134555, 0.0153843089938, 0.00804433133453, 0.0197108872235, 0.0108405519277]
        max: [0.934546411037, 0.475833564997, 0.442640811205, 0.329076915979, 0.731929421425, 0.628159284592]
        mean: [0.169644519687, 0.0860590562224, 0.0867885798216, 0.0544632710516, 0.330138474703, 0.309267282486]
        median: [0.155930936337, 0.0694391280413, 0.057569436729, 0.0363402739167, 0.318778276443, 0.304491758347]
        min: [0.00414586253464, 0.00721337087452, 0.00171658187173, 0.00306709622964, 0.0135721443221, 0.0188885498792]
        var: [0.0105879660696, 0.00373106193729, 0.00596767663956, 0.00269041024148, 0.0110392812639, 0.00879510771483]
    beats_position: [0.348299324512, 0.719818592072, 1.09133780003, 1.47446703911, 1.8575963974, 2.22911548615, 2.60063481331, 2.97215414047, 3.34367346764, 3.7151927948, 4.08671188354, 4.46984100342, 4.841360569, 5.22448968887, 5.59600877762, 5.97913837433, 6.3622674942, 6.73378658295, 7.10530614853, 7.4884352684, 7.8831744194, 8.27791404724, 8.67265319824, 9.05578231812, 9.45052146912, 9.84526062012, 10.2516098022, 10.6463489532, 11.0294780731, 11.4009971619, 11.7841272354, 12.1672563553, 12.538775444, 12.9102945328, 13.2818136215, 13.6649427414, 14.0480718613, 14.4195919037, 14.7911109924, 15.1626300812, 15.5341491699, 15.9056682587, 16.2771873474, 16.6487064362, 17.031835556, 17.4149665833, 17.786485672, 18.1580047607, 18.5411338806, 18.9126529694, 19.2957820892, 19.667301178, 20.0388202667, 20.4103393555, 20.7818584442, 21.153377533, 21.5248966217, 21.8964176178, 22.2679367065, 22.6510658264, 23.0341949463, 23.405714035, 23.7888431549, 24.1719722748, 24.5434913635, 24.9150104523, 25.286529541, 25.6580486298, 26.0295696259, 26.4010887146, 26.7842178345, 27.1557369232, 27.527256012, 27.8987751007, 28.2702941895, 28.6534233093, 29.0365524292, 29.4196815491, 29.7912006378, 30.1627197266, 30.5342407227, 30.9057598114, 31.2772789001, 31.66040802, 32.0435371399, 32.4150543213, 32.7865753174, 33.1580963135, 33.5296134949, 33.901134491, 34.2842636108, 34.6673927307, 35.0389099121, 35.4104309082, 35.7819480896, 36.1534690857, 36.5249862671, 36.908115387, 37.2912483215, 37.6627655029, 38.034286499, 38.4058036804, 38.7773246765, 39.1604537964, 39.5435829163, 39.9151000977, 40.2866210938, 40.6581382751, 41.0296592712, 41.4127883911, 41.795917511, 42.1674385071, 42.5389556885, 42.9104766846, 43.281993866, 43.6535148621, 44.0366439819, 44.4197731018, 44.7912902832, 45.1628112793, 45.5343284607, 45.9058494568, 46.2773704529, 46.6604995728, 47.0436286926, 47.415145874, 47.7866668701, 48.1581840515, 48.5297050476, 48.9128341675, 49.2959632874, 49.6674804688, 50.0390014648, 50.4105224609, 50.7820396423, 51.1535606384, 51.5366897583, 51.9198188782, 52.2913360596, 52.6628570557, 53.0343742371, 53.4058952332, 53.7774124146, 54.1605415344, 54.5436706543, 54.9151916504, 55.2867126465, 55.6582298279, 56.029750824, 56.4128799438, 56.7960090637, 57.1675262451, 57.5390472412, 57.9105644226, 58.2820854187, 58.6536026001, 59.0251235962, 59.4082527161, 59.7913818359, 60.162902832, 60.5344200134, 60.9059410095, 61.2890701294, 61.6721992493, 62.0437164307, 62.4152374268, 62.7867546082, 63.1582756042, 63.5297966003, 63.9013137817, 64.2844467163, 64.6675720215, 65.0390930176, 65.4106140137, 65.7937393188, 66.1768722534, 66.5483856201, 66.9199066162, 67.2914276123, 67.6629486084, 68.0344696045, 68.4175949097, 68.8007278442, 69.1722412109, 69.543762207, 69.9152832031, 70.2868041992, 70.6583175659, 71.029838562, 71.4013595581, 71.7728805542, 72.1444015503, 72.5275268555, 72.91065979, 73.2821731567, 73.6536941528, 74.0368270874, 74.4199523926, 74.7914733887, 75.1629943848, 75.5345077515, 75.9060287476, 76.2775497437, 76.6606826782, 77.0438079834, 77.4153289795, 77.7868499756, 78.1583633423, 78.5298843384, 78.9130172729, 79.2961425781, 79.6676635742, 80.0391845703, 80.410697937, 80.7822189331, 81.1537399292, 81.5252609253, 81.8967819214, 82.2682952881, 82.6514282227, 83.0345535278, 83.4060745239, 83.77759552, 84.1607208252, 84.5438537598, 84.9153747559, 85.2868881226, 85.6584091187, 86.0299301147, 86.4014511108, 86.7729721069, 87.1444854736, 87.5160064697, 87.8991394043, 88.2822647095, 88.6537857056, 89.0369110107, 89.4200439453, 89.7915649414, 90.1630859375, 90.5345993042, 90.9061203003, 91.2776412964, 91.6607666016, 92.0438995361, 92.4154205322, 92.7869338989, 93.158454895, 93.5299758911, 93.9131011963, 94.2962341309, 94.667755127, 95.039276123, 95.4107894897, 95.7823104858, 96.1538314819, 96.5369567871, 96.9200897217, 97.2916107178, 97.6631240845, 98.0346450806, 98.4061660767, 98.7776870728, 99.1608123779, 99.5439453125, 99.9154663086, 100.286979675, 100.658500671, 101.030021667, 101.413146973, 101.796279907, 102.167800903, 102.53931427, 102.910835266, 103.282356262, 103.653877258, 104.037002563, 104.420135498, 104.791656494, 105.163169861, 105.534690857, 105.906211853, 106.277732849, 106.660858154, 107.043991089, 107.415504456, 107.787025452, 108.158546448, 108.530067444, 108.913192749, 109.296325684, 109.66784668, 110.039360046, 110.410881042, 110.782402039, 111.153923035, 111.525436401, 111.908569336, 112.291702271, 112.663215637, 113.034736633, 113.406257629, 113.789382935, 114.172515869, 114.544036865, 114.915550232, 115.287071228, 115.658592224, 116.03011322, 116.401634216, 116.784759521, 117.167892456, 117.539405823, 117.910926819, 118.294059753, 118.677185059, 119.048706055, 119.420227051, 119.791740417, 120.163261414, 120.53478241, 120.906303406, 121.289428711, 121.672561646, 122.044082642, 122.415596008, 122.787117004, 123.170249939, 123.553375244, 123.92489624, 124.296417236, 124.667930603, 125.039451599, 125.410972595, 125.79410553, 126.177230835, 126.548751831, 126.920272827, 127.291786194, 127.66330719, 128.034820557, 128.406341553, 128.777862549, 129.149383545, 129.520904541, 129.904037476, 130.28717041, 130.658676147, 131.030197144, 131.40171814, 131.784851074, 132.15637207, 132.539505005, 132.911010742, 133.282531738, 133.654052734, 134.037185669, 134.408706665, 134.7918396, 135.163360596, 135.534866333, 135.906387329, 136.277908325, 136.66104126, 137.032562256, 137.404083252, 137.787200928, 138.158721924, 138.53024292, 138.901763916, 139.284896851, 139.668029785, 140.039550781, 140.411056519, 140.782577515, 141.165710449, 141.548843384, 141.92036438, 142.291885376, 142.663391113, 143.034912109, 143.406433105, 143.78956604, 144.172698975, 144.544219971, 144.915740967, 145.298858643, 145.670379639, 146.041900635, 146.413421631, 146.796554565, 147.168075562, 147.539596558, 147.911102295, 148.282623291, 148.665756226, 149.037277222, 149.420410156, 149.791931152, 150.16343689, 150.534957886, 150.906478882, 151.289611816, 151.672744751, 152.044265747, 152.415786743, 152.78729248, 153.158813477, 153.541946411, 153.925079346, 154.296600342, 154.668121338, 155.039627075, 155.411148071, 155.794281006, 156.17741394, 156.548934937, 156.920455933, 157.291976929, 157.663482666, 158.035003662, 158.406524658, 158.789657593, 159.172790527, 159.544311523, 159.915817261, 160.287338257, 160.658859253, 161.030380249, 161.401901245, 161.78503418, 162.168167114, 162.539672852, 162.911193848, 163.282714844, 163.65423584, 164.025756836, 164.408889771, 164.780410767, 165.163528442, 165.535049438, 165.906570435, 166.289703369, 166.672836304, 167.0443573, 167.415863037, 167.787384033, 168.158905029, 168.530426025, 168.91355896, 169.296691895, 169.668212891, 170.039718628, 170.411239624, 170.78276062, 171.154281616, 171.537414551, 171.920547485, 172.292053223, 172.663574219, 173.035095215, 173.406616211, 173.789749146, 174.161270142, 174.532791138, 174.915908813, 175.28742981, 175.658950806, 176.04208374, 176.425216675, 176.796737671, 177.168243408, 177.539764404, 177.9112854, 178.282806396, 178.665939331, 179.037460327, 179.420593262, 179.792098999, 180.163619995, 180.535140991, 180.906661987, 181.278182983, 181.661315918, 182.032836914, 182.41595459, 182.787475586, 183.158996582, 183.530517578, 183.902038574, 184.285171509, 184.668289185, 185.039810181, 185.411331177, 185.782852173, 186.154373169, 186.537506104, 186.920639038, 187.292144775, 187.663665771, 188.035186768, 188.406707764, 188.77822876, 189.149749756, 189.521270752, 189.904388428, 190.287521362, 190.670654297, 191.042175293, 191.413696289, 191.785217285, 192.156738281, 192.539855957, 192.911376953, 193.282897949, 193.666030884, 194.03755188, 194.420669556, 194.792190552, 195.163711548, 195.535232544, 195.90675354, 196.278274536, 196.649795532, 197.021316528, 197.392837524, 197.764343262, 198.135864258, 198.518997192, 198.902130127]
