
metadata:
    version:
        essentia: "2.1-beta2"
    audio_properties:
        analysis_sample_rate: 44100
        bitrate: 192
        channels: 2
        equal_loudness: 1
        length: 228.702041626
        replay_gain: -15.3834095001
        downmix: "mix"
    tags:
        album: "The Undying Darkness"
        artist: "Caliban"
        comment: "caliban.ru"
        date: "2006"
        genre: "Metalcore"
        title: "It's Our Burden To Bleed"
        tracknumber: "04"

configuration:
    average_loudness:
        compute: 1
        frameSize: 88200
        hopSize: 44100
        silentFrames: "noise"
        windowType: "hann"
    general:
        analysisSampleRate: 44100
        endTime: 2000
        equalLoudness: 1
        nequalLoudness: 0
        shortSound: 0
        startTime: 0
    lowlevel:
        compute: 1
        frameSize: 2048
        hopSize: 1024
        zeroPadding: 0
        silentFrames: "noise"
        windowType: "blackmanharris62"
        mfccStats: ["mean", "cov", "icov"]
        stats: ["mean", "var", "median", "min", "max", "dmean", "dmean2", "dvar", "dvar2"]
    panning:
        compute: 0
        frameSize: 8192
        hopSize: 2048
        zeroPadding: 8192
        silentFrames: "noise"
        windowType: "hann"
        stats: ["copy"]
    rhythm:
        compute: 1
        maxTempo: 208
        minTempo: 40
        method: "degara"
        stats: ["mean", "var", "median", "min", "max", "dmean", "dmean2", "dvar", "dvar2"]
    segmentation:
        compute: 0
        cpw: 5
        inc1: 300
        inc2: 50
        minimumSegmentsLength: 10
        size1: 1000
        size2: 600
    sfx:
        compute: 1
        stats: ["mean", "var", "median", "min", "max", "dmean", "dmean2", "dvar", "dvar2"]
    svm:
        compute: 0
    tonal:
        compute: 1
        frameSize: 4096
        hopSize: 2048
        zeroPadding: 0
        silentFrames: "noise"
        windowType: "blackmanharris62"
        stats: ["mean", "var", "median", "min", "max", "dmean", "dmean2", "dvar", "dvar2"]

lowlevel:
    average_loudness: 0.877554059029
    barkbands_kurtosis:
        dmean: 0.844479382038
        dmean2: 1.38986182213
        dvar: 2.54838037491
        dvar2: 6.10687732697
        max: 35.9296073914
        mean: -0.570237517357
        median: -1.1491651535
        min: -1.89394176006
        var: 4.86207675934
    barkbands_skewness:
        dmean: 0.451404362917
        dmean2: 0.696297347546
        dvar: 0.201071038842
        dvar2: 0.465011507273
        max: 5.34315061569
        mean: -0.439506351948
        median: -0.516802191734
        min: -5.16654205322
        var: 0.720112383366
    barkbands_spread:
        dmean: 5.94071102142
        dmean2: 9.71636009216
        dvar: 32.9776916504
        dvar2: 82.1865692139
        max: 65.9147186279
        mean: 38.0132904053
        median: 38.6628036499
        min: 1.43805551529
        var: 114.287483215
    dissonance:
        dmean: 0.00748702790588
        dmean2: 0.012731875293
        dvar: 6.35691685602e-005
        dvar2: 0.000180472619832
        max: 0.500000059605
        mean: 0.487821906805
        median: 0.490393579006
        min: 0.382142603397
        var: 9.52572809183e-005
    hfc:
        dmean: 3.327231884
        dmean2: 5.63316488266
        dvar: 16.959608078
        dvar2: 45.9985198975
        max: 39.0885124207
        mean: 10.5972328186
        median: 9.32077407837
        min: 1.11613319701e-016
        var: 42.0070991516
    pitch:
        dmean: 688.604187012
        dmean2: 1299.7175293
        dvar: 1260809.625
        dvar2: 3239869.25
        max: 4721.4609375
        mean: 2703.46557617
        median: 3364.05517578
        min: 66.5254669189
        var: 1853073.5
    pitch_instantaneous_confidence:
        dmean: 0.078017771244
        dmean2: 0.130733713508
        dvar: 0.00393272936344
        dvar2: 0.0104042915627
        max: 0.887023091316
        mean: 0.384644418955
        median: 0.372748494148
        min: 0.0838953256607
        var: 0.0118955802172
    pitch_salience:
        dmean: 0.0539620928466
        dmean2: 0.0896451920271
        dvar: 0.00263465684839
        dvar2: 0.00708466162905
        max: 0.946784794331
        mean: 0.692859530449
        median: 0.70550853014
        min: 0.162284940481
        var: 0.00522812083364
    silence_rate_20dB:
        dmean: 0
        dmean2: 0
        dvar: 0
        dvar2: 0
        max: 1
        mean: 1
        median: 1
        min: 1
        var: 0
    silence_rate_30dB:
        dmean: 0
        dmean2: 0
        dvar: 0
        dvar2: 0
        max: 1
        mean: 1
        median: 1
        min: 1
        var: 0
    silence_rate_60dB:
        dmean: 0.095025382936
        dmean2: 0.190070062876
        dvar: 0.0859978199005
        dvar2: 0.196188256145
        max: 1
        mean: 0.237031772733
        median: 0
        min: 0
        var: 0.180855125189
    spectral_centroid:
        dmean: 309.312164307
        dmean2: 482.485778809
        dvar: 102109.34375
        dvar2: 221318.125
        max: 11300.2763672
        mean: 2085.5690918
        median: 2133.1237793
        min: 245.955917358
        var: 332717.34375
    spectral_complexity:
        dmean: 4.44203042984
        dmean2: 7.17250490189
        dvar: 17.6472320557
        dvar2: 42.6667060852
        max: 48
        mean: 19.0907516479
        median: 19
        min: 0
        var: 95.8569946289
    spectral_crest:
        dmean: 1.65370821953
        dmean2: 2.74933552742
        dvar: 2.45748782158
        dvar2: 6.31506347656
        max: 21.2181148529
        mean: 6.32672739029
        median: 5.67680978775
        min: 2.65950679779
        var: 5.76313257217
    spectral_decrease:
        dmean: 2.7640978395e-010
        dmean2: 4.65928295945e-010
        dvar: 1.38186970751e-019
        dvar2: 3.74741587862e-019
        max: 2.4717353309e-029
        mean: -1.07719699827e-009
        median: -9.81079217865e-010
        min: -4.16430268046e-009
        var: 3.23906557083e-019
    spectral_energy:
        dmean: 0.0013090322027
        dmean2: 0.00221217353828
        dvar: 2.96460666505e-006
        dvar2: 8.03605598776e-006
        max: 0.0187968835235
        mean: 0.0050268038176
        median: 0.00452493550256
        min: 1.02850773026e-020
        var: 7.20185835235e-006
    spectral_energyband_high:
        dmean: 0.000295758567518
        dmean2: 0.000520418281667
        dvar: 1.7369322336e-007
        dvar2: 4.8429188837e-007
        max: 0.00345574039966
        mean: 0.00058218074264
        median: 0.000477734720334
        min: 7.4199231857e-021
        var: 1.95290695615e-007
    spectral_energyband_low:
        dmean: 0.000271297554718
        dmean2: 0.000443493074272
        dvar: 9.22780856172e-008
        dvar2: 2.43885068585e-007
        max: 0.00412172731012
        mean: 0.000529487675522
        median: 0.000459651695564
        min: 5.60964417066e-023
        var: 1.6597225283e-007
    spectral_energyband_middle_high:
        dmean: 0.000760604569223
        dmean2: 0.00124653836247
        dvar: 6.57658233649e-007
        dvar2: 1.71370675162e-006
        max: 0.0116027621552
        mean: 0.00275102537125
        median: 0.00234552915208
        min: 1.51271846016e-021
        var: 3.27655220644e-006
    spectral_energyband_middle_low:
        dmean: 0.000584864930715
        dmean2: 0.000969204120338
        dvar: 8.91847150797e-007
        dvar2: 2.43797785515e-006
        max: 0.00962428469211
        mean: 0.00132617307827
        median: 0.00106006616261
        min: 2.85857847529e-022
        var: 1.17303261504e-006
    spectral_flatness_db:
        dmean: 0.0134337833151
        dmean2: 0.0219443570822
        dvar: 0.000159919160069
        dvar2: 0.000390265107853
        max: 0.342812716961
        mean: 0.151486605406
        median: 0.144534960389
        min: 0.0577801838517
        var: 0.000908835965674
    spectral_flux:
        dmean: 0.00727592874318
        dmean2: 0.0113851968199
        dvar: 7.52639316488e-005
        dvar2: 0.000149365107063
        max: 0.112780019641
        mean: 0.0434270575643
        median: 0.0426233969629
        min: 1.03410266461e-010
        var: 0.000213921317481
    spectral_kurtosis:
        dmean: 0.928651571274
        dmean2: 1.61301910877
        dvar: 0.871120691299
        dvar2: 2.61898446083
        max: 12.3597297668
        mean: 2.88643693924
        median: 2.70545554161
        min: -1.22661554813
        var: 1.56564319134
    spectral_rms:
        dmean: 0.000278877269011
        dmean2: 0.000459305447293
        dvar: 1.08854592895e-007
        dvar2: 2.85284187385e-007
        max: 0.00428233854473
        mean: 0.00212239893153
        median: 0.00210108817555
        min: 3.16768399705e-012
        var: 3.99615629476e-007
    spectral_rolloff:
        dmean: 327.414398193
        dmean2: 542.709411621
        dvar: 222939.296875
        dvar2: 460683.875
        max: 18863.0859375
        mean: 3638.89282227
        median: 3703.7109375
        min: 150.732421875
        var: 444489.1875
    spectral_skewness:
        dmean: 0.146416082978
        dmean2: 0.246146127582
        dvar: 0.0170193593949
        dvar2: 0.0470847152174
        max: 2.54777884483
        mean: 1.05255579948
        median: 1.04888093472
        min: -0.024748602882
        var: 0.0597498565912
    spectral_spread:
        dmean: 389428.5
        dmean2: 588654.0625
        dvar: 474815725568
        dvar2: 810777313280
        max: 50159784
        mean: 4270386
        median: 4099207.75
        min: 1682206.875
        var: 1.49625595494e+012
    spectral_strongpeak:
        dmean: 0.473441272974
        dmean2: 0.835585236549
        dvar: 0.531737804413
        dvar2: 1.43770503998
        max: 7.18143606186
        mean: 0.62211894989
        median: 0.194194197655
        min: 1.29003904781e-010
        var: 0.783613264561
    zerocrossingrate:
        dmean: 0.00804806500673
        dmean2: 0.00967509765178
        dvar: 7.96477397671e-005
        dvar2: 0.000106890605821
        max: 0.49462890625
        mean: 0.113041691482
        median: 0.11572265625
        min: 0.01904296875
        var: 0.000529190816451
    barkbands:
        dmean: [2.58810160858e-007, 8.19736087578e-005, 0.000186455450603, 0.000171090956428, 0.000306850881316, 0.000146748585394, 9.31645481614e-005, 6.05015338806e-005, 8.35021710373e-005, 7.22256882e-005, 3.29967078869e-005, 4.60321025457e-005, 3.63854160241e-005, 5.08427001478e-005, 5.71131058678e-005, 0.000118794137961, 0.000165235920576, 0.000305021909298, 0.000332284922479, 0.000247465824941, 0.000126055514556, 4.7845820518e-005, 5.48343950868e-006, 1.68660574218e-006, 1.18730952181e-006, 2.77609331079e-008, 2.05418931865e-010]
        dmean2: [4.66155313461e-007, 0.000139285984915, 0.000306922040181, 0.000286145688733, 0.000519319495652, 0.000247368210694, 0.000157072689035, 0.000100062199635, 0.000133441993967, 0.000112317386083, 5.40299297427e-005, 7.60175753385e-005, 6.09409580647e-005, 8.27796393423e-005, 9.29739617277e-005, 0.000199473870452, 0.000277944665868, 0.000509829260409, 0.000565514201298, 0.000432839267887, 0.000218287663301, 8.53402307257e-005, 9.44220573729e-006, 2.8075762657e-006, 2.01634861696e-006, 4.50539516805e-008, 3.82268217081e-010]
        dvar: [1.79297169559e-013, 1.0849867671e-008, 4.83885749247e-008, 6.77529499171e-008, 3.46842142562e-007, 6.57958096895e-008, 3.31204148551e-008, 1.9045112154e-008, 3.65447760942e-008, 3.39061116961e-008, 4.72536898499e-009, 8.79506689699e-009, 5.6382494229e-009, 1.1508615394e-008, 1.32738566805e-008, 1.88381523714e-008, 4.295381828e-008, 1.30557580746e-007, 1.35964910442e-007, 1.01748973691e-007, 2.35562875872e-008, 6.08547745529e-009, 8.46156616996e-011, 9.97040731227e-012, 5.29581456812e-012, 5.05957428054e-015, 9.78050666088e-020]
        dvar2: [5.09333460824e-013, 2.99592102238e-008, 1.25399850504e-007, 1.75212690579e-007, 9.78762273007e-007, 1.76794998197e-007, 8.52013997132e-008, 4.97729573112e-008, 8.99917012021e-008, 7.43252286384e-008, 1.16888116963e-008, 2.32371739628e-008, 1.44600251772e-008, 2.71891060777e-008, 3.06971728037e-008, 5.16021998465e-008, 1.1597268923e-007, 3.46156554087e-007, 3.79541745588e-007, 2.81893733245e-007, 6.60209522607e-008, 1.6743216591e-008, 2.26144908355e-010, 2.33954799977e-011, 1.25776463897e-011, 1.19050209686e-014, 3.14101545843e-019]
        max: [8.11720838101e-006, 0.000913478201255, 0.00257484545, 0.00313906464726, 0.00565464561805, 0.00574158411473, 0.0037862402387, 0.002727472689, 0.00338199944235, 0.00544094387442, 0.00159751903266, 0.00172172673047, 0.00229304982349, 0.00275213248096, 0.00428656674922, 0.00225059571676, 0.00360420602374, 0.00690186908469, 0.00625890912488, 0.00295220781118, 0.00162733008619, 0.000841905595735, 9.68776512309e-005, 5.81185922783e-005, 4.81344468426e-005, 1.75988429874e-006, 5.70698599489e-009]
        mean: [3.36292174552e-007, 0.000137846494908, 0.000285578687908, 0.000216144951992, 0.000428346538683, 0.000223717070185, 0.00013151775056, 9.69821339822e-005, 0.000143123863381, 0.000146157239215, 5.43130045116e-005, 7.98187902546e-005, 6.63883402012e-005, 9.65585932136e-005, 0.000127518636873, 0.000243736663833, 0.000353693845682, 0.000672954309266, 0.000731864129193, 0.000445385172497, 0.000261789798969, 6.70471927151e-005, 1.04072232716e-005, 3.59818295692e-006, 1.91532581084e-006, 5.1110756516e-008, 1.59864704807e-010]
        median: [1.33358796006e-007, 0.000113266534754, 0.000209914593142, 0.00012982908811, 0.000255727645708, 0.000131649532705, 6.443986058e-005, 3.67369066225e-005, 4.62606767542e-005, 3.58729012078e-005, 2.59798525803e-005, 3.04154491459e-005, 2.55864524661e-005, 4.00669014198e-005, 5.74620607949e-005, 0.000192706516827, 0.000269534648396, 0.000521277834196, 0.000600532628596, 0.000359438097803, 0.000220819201786, 4.26354672527e-005, 6.95665403327e-006, 2.55184909292e-006, 1.06100424091e-006, 2.70612314779e-008, 6.01964311731e-011]
        min: [1.55335673698e-023, 1.25064729959e-023, 1.06620925337e-023, 7.6932926141e-024, 8.19418852334e-023, 7.58664887491e-023, 1.78518433991e-023, 1.44591246174e-023, 5.96016788746e-023, 4.47062274019e-023, 4.46067331091e-023, 7.19596582714e-023, 3.60679354325e-023, 8.24669258084e-023, 1.1062552408e-022, 1.35006147569e-022, 1.44271274724e-022, 9.14563366113e-023, 1.91001665567e-022, 3.1583372889e-022, 4.07716814008e-022, 4.47957075789e-022, 6.13948758325e-022, 6.88740900563e-022, 1.21737762103e-021, 1.66746919034e-021, 2.03271012339e-021]
        var: [4.09626054864e-013, 1.46652565647e-008, 7.99534589646e-008, 7.6995874565e-008, 3.08340872834e-007, 9.10040682811e-008, 4.36960476691e-008, 3.6681317539e-008, 8.22662400424e-008, 1.37562039981e-007, 9.37024235981e-009, 1.88688744629e-008, 2.25527880815e-008, 3.83076681487e-008, 7.33067011538e-008, 4.24631565465e-008, 1.02658553658e-007, 3.42325762404e-007, 3.20793532183e-007, 1.20058984976e-007, 3.71161945623e-008, 5.25653742756e-009, 1.19718873703e-010, 1.62773492601e-011, 7.41170406299e-012, 8.29021723367e-015, 7.47649975466e-020]
    frequency_bands:
        dmean: [2.58810160858e-007, 8.19736087578e-005, 0.000186455450603, 0.000171090956428, 0.000306850881316, 0.000146748585394, 9.31645481614e-005, 6.05015338806e-005, 8.35021710373e-005, 7.22256882e-005, 3.29967078869e-005, 4.60321025457e-005, 3.63854160241e-005, 5.08427001478e-005, 5.71131058678e-005, 0.000118794137961, 0.000165235920576, 0.000305021909298, 0.000332284922479, 0.000247465824941, 0.000126055514556, 4.7845820518e-005, 5.48343950868e-006, 1.68660574218e-006, 1.18730952181e-006, 2.77609331079e-008, 2.05418931865e-010, 5.83241024921e-011]
        dmean2: [4.66155313461e-007, 0.000139285984915, 0.000306922040181, 0.000286145688733, 0.000519319495652, 0.000247368210694, 0.000157072689035, 0.000100062199635, 0.000133441993967, 0.000112317386083, 5.40299297427e-005, 7.60175753385e-005, 6.09409580647e-005, 8.27796393423e-005, 9.29739617277e-005, 0.000199473870452, 0.000277944665868, 0.000509829260409, 0.000565514201298, 0.000432839267887, 0.000218287663301, 8.53402307257e-005, 9.44220573729e-006, 2.8075762657e-006, 2.01634861696e-006, 4.50539516805e-008, 3.82268217081e-010, 1.08569035706e-010]
        dvar: [1.79297169559e-013, 1.0849867671e-008, 4.83885749247e-008, 6.77529499171e-008, 3.46842142562e-007, 6.57958096895e-008, 3.31204148551e-008, 1.9045112154e-008, 3.65447760942e-008, 3.39061116961e-008, 4.72536898499e-009, 8.79506689699e-009, 5.6382494229e-009, 1.1508615394e-008, 1.32738566805e-008, 1.88381523714e-008, 4.295381828e-008, 1.30557580746e-007, 1.35964910442e-007, 1.01748973691e-007, 2.35562875872e-008, 6.08547745529e-009, 8.46156616996e-011, 9.97040731227e-012, 5.29581456812e-012, 5.05957428054e-015, 9.78050666088e-020, 7.89514894893e-021]
        dvar2: [5.09333460824e-013, 2.99592102238e-008, 1.25399850504e-007, 1.75212690579e-007, 9.78762273007e-007, 1.76794998197e-007, 8.52013997132e-008, 4.97729573112e-008, 8.99917012021e-008, 7.43252286384e-008, 1.16888116963e-008, 2.32371739628e-008, 1.44600251772e-008, 2.71891060777e-008, 3.06971728037e-008, 5.16021998465e-008, 1.1597268923e-007, 3.46156554087e-007, 3.79541745588e-007, 2.81893733245e-007, 6.60209522607e-008, 1.6743216591e-008, 2.26144908355e-010, 2.33954799977e-011, 1.25776463897e-011, 1.19050209686e-014, 3.14101545843e-019, 2.53633189037e-020]
        max: [8.11720838101e-006, 0.000913478201255, 0.00257484545, 0.00313906464726, 0.00565464561805, 0.00574158411473, 0.0037862402387, 0.002727472689, 0.00338199944235, 0.00544094387442, 0.00159751903266, 0.00172172673047, 0.00229304982349, 0.00275213248096, 0.00428656674922, 0.00225059571676, 0.00360420602374, 0.00690186908469, 0.00625890912488, 0.00295220781118, 0.00162733008619, 0.000841905595735, 9.68776512309e-005, 5.81185922783e-005, 4.81344468426e-005, 1.75988429874e-006, 5.70698599489e-009, 1.61712732094e-009]
        mean: [3.36292174552e-007, 0.000137846494908, 0.000285578687908, 0.000216144951992, 0.000428346538683, 0.000223717070185, 0.00013151775056, 9.69821339822e-005, 0.000143123863381, 0.000146157239215, 5.43130045116e-005, 7.98187902546e-005, 6.63883402012e-005, 9.65585932136e-005, 0.000127518636873, 0.000243736663833, 0.000353693845682, 0.000672954309266, 0.000731864129193, 0.000445385172497, 0.000261789798969, 6.70471927151e-005, 1.04072232716e-005, 3.59818295692e-006, 1.91532581084e-006, 5.1110756516e-008, 1.59864704807e-010, 4.50044133904e-011]
        median: [1.33358796006e-007, 0.000113266534754, 0.000209914593142, 0.00012982908811, 0.000255727645708, 0.000131649532705, 6.443986058e-005, 3.67369066225e-005, 4.62606767542e-005, 3.58729012078e-005, 2.59798525803e-005, 3.04154491459e-005, 2.55864524661e-005, 4.00669014198e-005, 5.74620607949e-005, 0.000192706516827, 0.000269534648396, 0.000521277834196, 0.000600532628596, 0.000359438097803, 0.000220819201786, 4.26354672527e-005, 6.95665403327e-006, 2.55184909292e-006, 1.06100424091e-006, 2.70612314779e-008, 6.01964311731e-011, 1.6693283908e-011]
        min: [1.55335673698e-023, 1.25064729959e-023, 1.06620925337e-023, 7.6932926141e-024, 8.19418852334e-023, 7.58664887491e-023, 1.78518433991e-023, 1.44591246174e-023, 5.96016788746e-023, 4.47062274019e-023, 4.46067331091e-023, 7.19596582714e-023, 3.60679354325e-023, 8.24669258084e-023, 1.1062552408e-022, 1.35006147569e-022, 1.44271274724e-022, 9.14563366113e-023, 1.91001665567e-022, 3.1583372889e-022, 4.07716814008e-022, 4.47957075789e-022, 6.13948758325e-022, 6.88740900563e-022, 1.21737762103e-021, 1.66746919034e-021, 2.03271012339e-021, 8.01028447284e-022]
        var: [4.09626054864e-013, 1.46652565647e-008, 7.99534589646e-008, 7.6995874565e-008, 3.08340872834e-007, 9.10040682811e-008, 4.36960476691e-008, 3.6681317539e-008, 8.22662400424e-008, 1.37562039981e-007, 9.37024235981e-009, 1.88688744629e-008, 2.25527880815e-008, 3.83076681487e-008, 7.33067011538e-008, 4.24631565465e-008, 1.02658553658e-007, 3.42325762404e-007, 3.20793532183e-007, 1.20058984976e-007, 3.71161945623e-008, 5.25653742756e-009, 1.19718873703e-010, 1.62773492601e-011, 7.41170406299e-012, 8.29021723367e-015, 7.47649975466e-020, 6.01306061988e-021]
    mfcc:
        mean: [-699.002624512, 89.6841278076, -48.858127594, 72.3729095459, -9.22936820984, -5.21749639511, 1.1417645216, -1.50263738632, -0.173028856516, -7.61411380768, -4.23328399658, -4.04418754578, -5.7770447731]
        cov: [[3705.15771484, 378.682312012, -309.639556885, 69.520614624, -33.7821350098, 57.4385643005, -56.7557792664, 77.2113418579, 114.884895325, 111.379020691, 129.672576904, 52.9590873718, 34.9721107483], [378.682312012, 636.480407715, -207.050537109, 105.438156128, -13.7918796539, -27.4809131622, -6.04603004456, 5.59079885483, 55.302406311, 4.95916128159, 40.0505981445, 25.7260780334, -18.6143798828], [-309.639556885, -207.050537109, 474.045227051, 35.368309021, 132.43850708, 64.897819519, -2.11707234383, 10.0380449295, -44.7433815002, 16.7993774414, -22.7555942535, -18.1297874451, 10.3644828796], [69.520614624, 105.438156128, 35.368309021, 250.294448853, 105.267753601, 49.396987915, 4.4377155304, -26.0257301331, 34.003112793, -7.70001840591, -0.700592637062, -3.83325433731, 16.693479538], [-33.7821350098, -13.7918796539, 132.43850708, 105.267753601, 198.749816895, 72.8194961548, 8.43768978119, -15.0848236084, 8.57983112335, 19.3404388428, 5.84101867676, -0.218098178506, 12.04804039], [57.4385643005, -27.4809131622, 64.897819519, 49.396987915, 72.8194961548, 128.331863403, 41.0047645569, -3.37934374809, -8.68943023682, 9.46281051636, -1.12843644619, -2.88148927689, 14.7345018387], [-56.7557792664, -6.04603004456, -2.11707234383, 4.4377155304, 8.43768978119, 41.0047645569, 106.21987915, 45.7222328186, 19.2543735504, -11.086930275, -5.27826356888, 0.598234057426, 3.30379343033], [77.2113418579, 5.59079885483, 10.0380449295, -26.0257301331, -15.0848236084, -3.37934374809, 45.7222328186, 102.351272583, 32.8732948303, 16.1234874725, 3.83872580528, 6.59098529816, -2.28166294098], [114.884895325, 55.302406311, -44.7433815002, 34.003112793, 8.57983112335, -8.68943023682, 19.2543735504, 32.8732948303, 88.7207870483, 39.5704727173, 24.8961391449, 6.51398181915, 6.72438192368], [111.379020691, 4.95916128159, 16.7993774414, -7.70001840591, 19.3404388428, 9.46281051636, -11.086930275, 16.1234874725, 39.5704727173, 83.9364242554, 40.3667259216, 17.3698310852, 6.51501750946], [129.672576904, 40.0505981445, -22.7555942535, -0.700592637062, 5.84101867676, -1.12843644619, -5.27826356888, 3.83872580528, 24.8961391449, 40.3667259216, 67.1884765625, 32.9287796021, 12.3179731369], [52.9590873718, 25.7260780334, -18.1297874451, -3.83325433731, -0.218098178506, -2.88148927689, 0.598234057426, 6.59098529816, 6.51398181915, 17.3698310852, 32.9287796021, 58.572177887, 26.3504638672], [34.9721107483, -18.6143798828, 10.3644828796, 16.693479538, 12.04804039, 14.7345018387, 3.30379343033, -2.28166294098, 6.72438192368, 6.51501750946, 12.3179731369, 26.3504638672, 55.5337867737]]
        icov: [[0.000349669571733, -0.00011079635442, 0.000227397555136, -6.13534502918e-005, 8.59513675096e-005, -0.000500993803144, 0.000592641765252, -0.00053144514095, -7.67373421695e-005, -5.3949024732e-005, -0.000477577443235, 0.000212930623093, -0.000203632516786], [-0.00011079635442, 0.00228534312919, 0.000839732238092, -0.00120965926908, -6.11397035755e-006, 0.000241947491304, 0.000211091057281, -0.000351880094968, -0.000298080267385, 0.00039086752804, -0.000730410916731, -0.0010715292301, 0.00161350145936], [0.000227397555136, 0.000839732238092, 0.00372843025252, -0.000614788907114, -0.0020643658936, -0.000291261589155, 0.000809079501778, -0.00212083314545, 0.00274634920061, -0.00173985515721, 0.00028724592994, 0.00111318659037, -0.000703251978848], [-6.13534502918e-005, -0.00120965926908, -0.000614788907114, 0.00716582499444, -0.00280093657784, -0.00171420164406, 0.000890013936441, 0.00201527145691, -0.00469469325617, 0.00344817200676, 0.000652688264381, 0.000317679689033, -0.00144537817687], [8.59513675096e-005, -6.11397035755e-006, -0.0020643658936, -0.00280093657784, 0.00934433564544, -0.00339104211889, 0.000227866519708, 0.00123600417282, -0.00123278505635, -0.00100913166534, -0.000493814412039, -0.000842691282742, 0.000857816194184], [-0.000500993803144, 0.000241947491304, -0.000291261589155, -0.00171420164406, -0.00339104211889, 0.0145999835804, -0.00797571334988, 0.00218798569404, 0.00583145348355, -0.00519598647952, 0.000784280709922, 0.00251932721585, -0.0030733293388], [0.000592641765252, 0.000211091057281, 0.000809079501778, 0.000890013936441, 0.000227866519708, -0.00797571334988, 0.017763286829, -0.00771105336025, -0.00544848060235, 0.00707406876609, -0.00106197153218, -0.00119115121197, 0.000602723855991], [-0.00053144514095, -0.000351880094968, -0.00212083314545, 0.00201527145691, 0.00123600417282, 0.00218798569404, -0.00771105336025, 0.0167495012283, -0.0053088022396, -0.0019927509129, 0.00322681409307, -0.00308388727717, 0.00192914239597], [-7.67373421695e-005, -0.000298080267385, 0.00274634920061, -0.00469469325617, -0.00123278505635, 0.00583145348355, -0.00544848060235, -0.0053088022396, 0.0246317647398, -0.0121649764478, -0.00266507081687, 0.00588114978746, -0.0040815314278], [-5.3949024732e-005, 0.00039086752804, -0.00173985515721, 0.00344817200676, -0.00100913166534, -0.00519598647952, 0.00707406876609, -0.0019927509129, -0.0121649764478, 0.0257388912141, -0.0104085216299, -0.0019847387448, 0.00225190399215], [-0.000477577443235, -0.000730410916731, 0.00028724592994, 0.000652688264381, -0.000493814412039, 0.000784280709922, -0.00106197153218, 0.00322681409307, -0.00266507081687, -0.0104085216299, 0.0296488963068, -0.0132325813174, 0.00114705832675], [0.000212930623093, -0.0010715292301, 0.00111318659037, 0.000317679689033, -0.000842691282742, 0.00251932721585, -0.00119115121197, -0.00308388727717, 0.00588114978746, -0.0019847387448, -0.0132325813174, 0.0318705290556, -0.014004515484], [-0.000203632516786, 0.00161350145936, -0.000703251978848, -0.00144537817687, 0.000857816194184, -0.0030733293388, 0.000602723855991, 0.00192914239597, -0.0040815314278, 0.00225190399215, 0.00114705832675, -0.014004515484, 0.0265352521092]]
    sccoeffs:
        dmean: [0.0554063767195, 0.0502767264843, 0.0359349772334, 0.0290872361511, 0.0204070154577, 0.0187263060361]
        dmean2: [0.0920775905252, 0.0847339183092, 0.0598174445331, 0.0488843694329, 0.0345379114151, 0.0300314500928]
        dvar: [0.0018911404768, 0.0016284561716, 0.000820830580778, 0.000544912822079, 0.000269561627647, 0.000255685008597]
        dvar2: [0.00518933357671, 0.00453484989703, 0.00219502439722, 0.00152137549594, 0.000731677864678, 0.000608715461567]
        max: [-0.271994441748, -0.499830275774, -0.48703405261, -0.605854809284, -0.574695169926, -0.575947761536]
        mean: [-0.656915426254, -0.766623616219, -0.803916215897, -0.800045132637, -0.797440111637, -0.721549808979]
        median: [-0.663336396217, -0.771253526211, -0.818173646927, -0.806010842323, -0.801493287086, -0.724326789379]
        min: [-0.965181410313, -0.979220569134, -0.976846218109, -0.972591400146, -0.963500916958, -0.964082181454]
        var: [0.00501947710291, 0.00354326283559, 0.00385264214128, 0.00182486430276, 0.000924985564779, 0.0015421329299]
    scvalleys:
        dmean: [0.414245635271, 0.358014643192, 0.307413011789, 0.261866688728, 0.242623403668, 0.271724075079]
        dmean2: [0.688225269318, 0.585407614708, 0.495719045401, 0.42119717598, 0.382926940918, 0.431635767221]
        dvar: [0.152574881911, 0.118129722774, 0.0947857350111, 0.0896004885435, 0.0955314934254, 0.129302754998]
        dvar2: [0.339194148779, 0.251987338066, 0.18740080297, 0.17637462914, 0.188276618719, 0.261716037989]
        max: [-5.29556798935, -4.85886001587, -5.30994796753, -5.64955854416, -5.36681365967, -7.96477222443]
        mean: [-6.79306364059, -6.68717813492, -7.09097290039, -7.14790678024, -6.52821111679, -9.63896846771]
        median: [-6.52814483643, -6.56362533569, -6.98493719101, -7.02494335175, -6.38340091705, -9.4877948761]
        min: [-28.0629405975, -27.2636413574, -27.0613956451, -27.1545143127, -27.3437709808, -27.2431106567]
        var: [1.1010543108, 0.734531879425, 0.68658298254, 0.662553191185, 0.593331038952, 0.921792149544]

rhythm:
    beats_loudness:
        dmean: 0.00127761275508
        dmean2: 0.00217174435966
        dvar: 1.34062315738e-006
        dvar2: 3.41874715559e-006
        max: 0.0116504114121
        mean: 0.00536113698035
        median: 0.00517444685102
        min: 2.38901776584e-007
        var: 4.51481673736e-006
    bpm: 178.205856323
    bpm_confidence: 0
    first_peak_bpm: 178
    first_peak_spread: 0
    first_peak_weight: 0.290113449097
    onset_rate: 2.78965592384
    second_peak_bpm: 161
    second_peak_spread: 0.310757011175
    second_peak_weight: 0.280388981104
    beats_loudness_band_ratio:
        dmean: [0.106699645519, 0.0620974898338, 0.0539842657745, 0.0357946306467, 0.0996855422854, 0.0828677713871]
        dmean2: [0.190963119268, 0.107110269368, 0.0910255536437, 0.0604478791356, 0.16875860095, 0.143359586596]
        dvar: [0.0107470098883, 0.00393582647666, 0.00423736171797, 0.00251872488298, 0.00785085838288, 0.00889488868415]
        dvar2: [0.0346935614944, 0.0110661275685, 0.0106900287792, 0.00686853099614, 0.0228928737342, 0.0271644368768]
        max: [0.841352403164, 0.474619448185, 0.639254510403, 0.420637637377, 0.828746140003, 0.907159984112]
        mean: [0.186385571957, 0.0965676084161, 0.0911437124014, 0.0606647543609, 0.316804170609, 0.290058463812]
        median: [0.158596247435, 0.0806456655264, 0.0608215630054, 0.039687808603, 0.311766386032, 0.281153976917]
        min: [0.000257327803411, 0.00500838039443, 0.00119922042359, 0.00209965277463, 0.0287440568209, 0.0127382827923]
        var: [0.0156157761812, 0.00454027950764, 0.00646893121302, 0.00304907164536, 0.0120837576687, 0.0104171568528]
    beats_position: [0.348299324512, 0.696598649025, 1.04489791393, 1.4164172411, 1.764716506, 2.11301589012, 2.47292518616, 2.83283448219, 3.19274377823, 3.55265307426, 3.92417216301, 4.27247142792, 4.60916090012, 4.94585037231, 5.27092981339, 5.60761880875, 5.94430828094, 6.28099775314, 6.60607719421, 6.94276618958, 7.26784563065, 7.60453510284, 7.94122457504, 8.27791404724, 8.6146030426, 8.95129203796, 9.287981987, 9.61306095123, 9.94974994659, 10.2864398956, 10.6115188599, 10.95981884, 11.3081178665, 11.656416893, 12.0163259506, 12.3762359619, 12.7361450195, 13.0960540771, 13.4327430725, 13.7694330215, 14.1061220169, 14.4428119659, 14.7795009613, 15.1161899567, 15.4412698746, 15.7779588699, 16.114648819, 16.4397277832, 16.7764167786, 17.1131057739, 17.4381847382, 17.7748756409, 18.1115646362, 18.4366436005, 18.7733325958, 19.1100215912, 19.4467124939, 19.7834014893, 20.1084804535, 20.4451694489, 20.7818584442, 21.1069393158, 21.4436283112, 21.7803173065, 22.1053962708, 22.4420852661, 22.7787742615, 23.1038551331, 23.4405441284, 23.7772331238, 24.1139221191, 24.4506111145, 24.7756919861, 25.1123809814, 25.4490699768, 25.774148941, 26.1108379364, 26.4475269318, 26.7842178345, 27.1092967987, 27.4459857941, 27.7710647583, 28.1077537537, 28.4444446564, 28.7695236206, 29.106212616, 29.4429016113, 29.7795906067, 30.1162815094, 30.4413604736, 30.778049469, 31.1147384644, 31.4398174286, 31.776506424, 32.1131973267, 32.4382743835, 32.7749671936, 33.111656189, 33.4483451843, 33.7850341797, 34.1101112366, 34.4351921082, 34.7718811035, 35.1085700989, 35.4452590942, 35.7819480896, 36.1070289612, 36.4437179565, 36.7804069519, 37.1054878235, 37.4421768188, 37.7788658142, 38.1155548096, 38.4522438049, 38.7773246765, 39.1140136719, 39.4507026672, 39.7873916626, 40.1124725342, 40.4491615295, 40.7742385864, 41.1109275818, 41.4476165771, 41.7726974487, 42.1093864441, 42.4460754395, 42.771156311, 43.1078453064, 43.432926178, 43.7696151733, 44.1063041687, 44.4429931641, 44.7796821594, 45.1163711548, 45.4530601501, 45.7897491455, 46.1728782654, 46.5560073853, 46.9391365051, 47.322265625, 47.6937866211, 48.0653038025, 48.4368247986, 48.8199539185, 49.1914749146, 49.5629920959, 49.9461212158, 50.3176422119, 50.6891593933, 51.0606803894, 51.4438095093, 51.8153266907, 52.1984558105, 52.5699768066, 52.941493988, 53.3130149841, 53.696144104, 54.0792732239, 54.45079422, 54.8223114014, 55.1938323975, 55.5653495789, 55.9484786987, 56.3199996948, 56.7031288147, 57.0746459961, 57.4461669922, 57.8176841736, 58.1892051697, 58.5723342896, 58.9438552856, 59.315372467, 59.6868934631, 60.070022583, 60.4415397644, 60.8130607605, 61.1845779419, 61.5677070618, 61.9508361816, 62.3223571777, 62.6938781738, 63.0653953552, 63.4369163513, 63.8084335327, 64.1799545288, 64.563079834, 64.9462127686, 65.3177337646, 65.6892471313, 66.0723800659, 66.4555053711, 66.8270263672, 67.1985473633, 67.5700683594, 67.9415893555, 68.3131027222, 68.6846237183, 69.0677566528, 69.450881958, 69.8224029541, 70.1939239502, 70.5654373169, 70.936958313, 71.3084793091, 71.6916122437, 72.0747375488, 72.4462585449, 72.817779541, 73.1892929077, 73.5724258423, 73.9555511475, 74.3270721436, 74.6985931396, 75.0701141357, 75.4416275024, 75.8131484985, 76.1846694946, 76.5678024292, 76.9509277344, 77.3224487305, 77.6939697266, 78.0654830933, 78.4486160278, 78.831741333, 79.2032623291, 79.5747833252, 79.9463043213, 80.3178253174, 80.6893386841, 81.0724716187, 81.4555969238, 81.8271179199, 82.198638916, 82.5701599121, 82.9416732788, 83.3131942749, 83.684715271, 84.0678405762, 84.4509735107, 84.8224945068, 85.1940155029, 85.5655288696, 85.9370498657, 86.3201828003, 86.691696167, 87.0632171631, 87.4463500977, 87.8178634644, 88.1893844604, 88.572517395, 88.9556427002, 89.3271636963, 89.6986846924, 90.0702056885, 90.4417190552, 90.8132400513, 91.1847610474, 91.5678863525, 91.9510192871, 92.3225402832, 92.6940536499, 93.065574646, 93.4487075806, 93.8318328857, 94.2033538818, 94.5748748779, 94.946395874, 95.3179092407, 95.6894302368, 96.0725631714, 96.4556884766, 96.8272094727, 97.1987304688, 97.5702438354, 97.9417648315, 98.3132858276, 98.6848068237, 99.0563278198, 99.439453125, 99.7761459351, 100.112831116, 100.449523926, 100.786209106, 101.111289978, 101.447982788, 101.77305603, 102.10974884, 102.44644165, 102.783126831, 103.119819641, 103.444892883, 103.781585693, 104.118278503, 104.443351746, 104.780044556, 105.116729736, 105.441810608, 105.778503418, 106.115188599, 106.44026947, 106.77696228, 107.113647461, 107.438728333, 107.775421143, 108.112106323, 108.448799133, 108.785484314, 109.110565186, 109.435646057, 109.772331238, 110.109024048, 110.445709229, 110.782402039, 111.10748291, 111.444168091, 111.769248962, 112.105941772, 112.442626953, 112.779319763, 113.104400635, 113.441085815, 113.777778625, 114.102851868, 114.439544678, 114.776237488, 115.10131073, 115.43800354, 115.774688721, 116.111381531, 116.448066711, 116.784759521, 117.109840393, 117.446525574, 117.771606445, 118.108299255, 118.444984436, 118.781677246, 119.118362427, 119.455055237, 119.780136108, 120.116821289, 120.453514099, 120.801811218, 121.150108337, 121.498413086, 121.89315033, 122.276275635, 122.659408569, 123.042533875, 123.414054871, 123.785575867, 124.168708801, 124.551834106, 124.923355103, 125.294876099, 125.666389465, 126.037910461, 126.409431458, 126.780952454, 127.15246582, 127.523986816, 127.895507813, 128.278640747, 128.661773682, 129.033279419, 129.404800415, 129.776321411, 130.147842407, 130.519363403, 130.902496338, 131.285614014, 131.65713501, 132.028656006, 132.400177002, 132.783309937, 133.154830933, 133.526351929, 133.909469604, 134.280990601, 134.652511597, 135.024032593, 135.407165527, 135.790298462, 136.161804199, 136.533325195, 136.904846191, 137.276367188, 137.647888184, 138.01940918, 138.402542114, 138.78565979, 139.157180786, 139.528701782, 139.900222778, 140.271743774, 140.654876709, 141.037994385, 141.409515381, 141.781036377, 142.152557373, 142.524078369, 142.895599365, 143.267120361, 143.638641357, 144.010162354, 144.393280029, 144.776412964, 145.159545898, 145.531066895, 145.914199829, 146.285705566, 146.657226563, 147.028747559, 147.400268555, 147.783401489, 148.166534424, 148.538040161, 148.909561157, 149.281082153, 149.652603149, 150.024124146, 150.395645142, 150.767166138, 151.150299072, 151.533416748, 151.904937744, 152.27645874, 152.647979736, 153.019500732, 153.402633667, 153.785751343, 154.157272339, 154.528793335, 154.900314331, 155.271835327, 155.643356323, 156.026489258, 156.409606934, 156.78112793, 157.152648926, 157.524169922, 157.907302856, 158.290420532, 158.661941528, 159.033462524, 159.404983521, 159.776504517, 160.148025513, 160.519546509, 160.902679443, 161.285797119, 161.680541992, 162.04045105, 162.400360107, 162.771881104, 163.108566284, 163.445251465, 163.770339966, 164.107025146, 164.443710327, 164.780410767, 165.117095947, 165.442169189, 165.778869629, 166.11555481, 166.440628052, 166.777328491, 167.114013672, 167.439086914, 167.775772095, 168.112472534, 168.449157715, 168.785842896, 169.110931396, 169.436004639, 169.772689819, 170.109390259, 170.434463501, 170.771148682, 171.107849121, 171.444534302, 171.781219482, 172.106307983, 172.442993164, 172.779678345, 173.116363525, 173.453063965, 173.778137207, 174.114822388, 174.451522827, 174.776596069, 175.101669312, 175.438369751, 175.775054932, 176.111740112, 176.448425293, 176.773513794, 177.098587036, 177.435287476, 177.771972656, 178.108657837, 178.445343018, 178.782043457, 179.118728638, 179.44380188, 179.768890381, 180.105575562, 180.442260742, 180.778961182, 181.115646362, 181.452331543, 181.777404785, 182.114105225, 182.439178467, 182.775863647, 183.112564087, 183.449249268, 183.785934448, 184.122619629, 184.575408936, 185.028198242, 185.480987549, 185.922180176, 186.374969482, 186.827758789, 187.268936157, 187.710113525, 188.151290894, 188.580856323, 189.022033691, 189.46321106, 189.904388428, 190.333969116, 190.775146484, 191.216323853, 191.669113159, 192.121902466, 192.563079834, 193.004257202, 193.44543457, 193.886611938, 194.327789307, 194.768981934, 195.210159302, 195.65133667, 196.092514038, 196.533691406, 196.986480713, 197.43927002, 197.880447388, 198.333236694, 198.786026001, 199.227203369, 199.668380737, 200.109558105, 200.550750732, 200.991928101, 201.444717407, 201.885894775, 202.327072144, 202.77986145, 203.221038818, 203.662216187, 204.103393555, 204.544570923, 204.985748291, 205.438537598, 205.891326904, 206.332519531, 206.785308838, 207.226486206, 207.667663574, 208.120452881, 208.561630249, 209.002807617, 209.443984985, 209.885162354, 210.33795166, 210.790740967, 211.231918335, 211.673095703, 212.11428833, 212.555465698, 213.008255005, 213.449432373, 213.90222168, 214.343399048, 214.784576416, 215.225753784, 215.666931152, 216.108108521, 216.549285889, 216.990478516, 217.443267822, 217.896057129, 218.337234497, 218.778411865, 219.219589233, 219.660766602, 220.113555908, 220.566345215, 221.007522583, 221.448699951, 221.889877319, 222.331054688, 222.772247314, 223.213424683, 223.666213989, 224.119003296, 224.560180664, 225.001358032, 225.4425354, 225.883712769, 226.336502075, 226.789291382, 227.242080688, 227.694869995, 228.15927124]
