
metadata:
    version:
        essentia: "2.1-beta2"
    audio_properties:
        analysis_sample_rate: 44100
        bitrate: 192
        channels: 2
        equal_loudness: 1
        length: 234.422851563
        replay_gain: -15.0742473602
        downmix: "mix"
    tags:
        album: "The Undying Darkness"
        artist: "Caliban"
        comment: "caliban.ru"
        date: "2006"
        genre: "Metalcore"
        title: "Nothing Is Forever"
        tracknumber: "05"

configuration:
    average_loudness:
        compute: 1
        frameSize: 88200
        hopSize: 44100
        silentFrames: "noise"
        windowType: "hann"
    general:
        analysisSampleRate: 44100
        endTime: 2000
        equalLoudness: 1
        nequalLoudness: 0
        shortSound: 0
        startTime: 0
    lowlevel:
        compute: 1
        frameSize: 2048
        hopSize: 1024
        zeroPadding: 0
        silentFrames: "noise"
        windowType: "blackmanharris62"
        mfccStats: ["mean", "cov", "icov"]
        stats: ["mean", "var", "median", "min", "max", "dmean", "dmean2", "dvar", "dvar2"]
    panning:
        compute: 0
        frameSize: 8192
        hopSize: 2048
        zeroPadding: 8192
        silentFrames: "noise"
        windowType: "hann"
        stats: ["copy"]
    rhythm:
        compute: 1
        maxTempo: 208
        minTempo: 40
        method: "degara"
        stats: ["mean", "var", "median", "min", "max", "dmean", "dmean2", "dvar", "dvar2"]
    segmentation:
        compute: 0
        cpw: 5
        inc1: 300
        inc2: 50
        minimumSegmentsLength: 10
        size1: 1000
        size2: 600
    sfx:
        compute: 1
        stats: ["mean", "var", "median", "min", "max", "dmean", "dmean2", "dvar", "dvar2"]
    svm:
        compute: 0
    tonal:
        compute: 1
        frameSize: 4096
        hopSize: 2048
        zeroPadding: 0
        silentFrames: "noise"
        windowType: "blackmanharris62"
        stats: ["mean", "var", "median", "min", "max", "dmean", "dmean2", "dvar", "dvar2"]

lowlevel:
    average_loudness: 0.944880604744
    barkbands_kurtosis:
        dmean: 0.687883794308
        dmean2: 1.13882386684
        dvar: 0.942583501339
        dvar2: 2.3123319149
        max: 28.912229538
        mean: -0.655253589153
        median: -1.10718655586
        min: -1.89732921124
        var: 2.61068868637
    barkbands_skewness:
        dmean: 0.415547758341
        dmean2: 0.645303964615
        dvar: 0.135700419545
        dvar2: 0.33128157258
        max: 5.1594748497
        mean: -0.317665427923
        median: -0.418899208307
        min: -4.89381361008
        var: 0.689455866814
    barkbands_spread:
        dmean: 5.59834718704
        dmean2: 9.14503574371
        dvar: 25.9266796112
        dvar2: 67.968208313
        max: 66.1363143921
        mean: 36.2825431824
        median: 36.6576957703
        min: 2.91747355461
        var: 98.8689727783
    dissonance:
        dmean: 0.009336640127
        dmean2: 0.0158965736628
        dvar: 0.000106753621367
        dvar2: 0.000289757736027
        max: 0.5
        mean: 0.482879936695
        median: 0.488308906555
        min: 0.290842831135
        var: 0.000350442162016
    hfc:
        dmean: 3.31293678284
        dmean2: 5.43031406403
        dvar: 17.7060508728
        dvar2: 47.4275665283
        max: 41.6763076782
        mean: 11.2079048157
        median: 10.8273191452
        min: 1.18649291522e-016
        var: 38.6786231995
    pitch:
        dmean: 837.220458984
        dmean2: 1588.71447754
        dvar: 1546954.75
        dvar2: 3774666.75
        max: 4354.49560547
        mean: 2177.37890625
        median: 3183.58374023
        min: 65.5622406006
        var: 2382298
    pitch_instantaneous_confidence:
        dmean: 0.0748465359211
        dmean2: 0.124325051904
        dvar: 0.00363387842663
        dvar2: 0.0100597832352
        max: 0.894176781178
        mean: 0.38661673665
        median: 0.367250084877
        min: 0.123922646046
        var: 0.015243046917
    pitch_salience:
        dmean: 0.0533738657832
        dmean2: 0.08734036237
        dvar: 0.00207895273343
        dvar2: 0.0056959791109
        max: 0.916520416737
        mean: 0.66140204668
        median: 0.675362825394
        min: 0.190864890814
        var: 0.00746843079105
    silence_rate_20dB:
        dmean: 0
        dmean2: 0
        dvar: 0
        dvar2: 0
        max: 1
        mean: 1
        median: 1
        min: 1
        var: 0
    silence_rate_30dB:
        dmean: 0
        dmean2: 0
        dvar: 0
        dvar2: 0
        max: 1
        mean: 1
        median: 1
        min: 1
        var: 0
    silence_rate_60dB:
        dmean: 0.0332805067301
        dmean2: 0.066567607224
        dvar: 0.0321747474372
        dvar2: 0.0774012953043
        max: 1
        mean: 0.149747446179
        median: 0
        min: 0
        var: 0.127322733402
    spectral_centroid:
        dmean: 289.46987915
        dmean2: 453.344573975
        dvar: 77853.3984375
        dvar2: 173707.65625
        max: 10908.0029297
        mean: 1973.82861328
        median: 2046.93994141
        min: 375.754577637
        var: 308892.1875
    spectral_complexity:
        dmean: 4.33458805084
        dmean2: 6.70470523834
        dvar: 15.4789848328
        dvar2: 36.4740829468
        max: 45
        mean: 20.5400619507
        median: 22
        min: 0
        var: 83.539642334
    spectral_crest:
        dmean: 1.66853225231
        dmean2: 2.77268600464
        dvar: 2.23561167717
        dvar2: 5.87317419052
        max: 22.5970745087
        mean: 6.53238725662
        median: 5.79934310913
        min: 2.68993616104
        var: 7.13321113586
    spectral_decrease:
        dmean: 2.91625168458e-010
        dmean2: 4.89938867254e-010
        dvar: 1.49323070693e-019
        dvar2: 4.09265728486e-019
        max: 1.90361238856e-028
        mean: -1.17478438089e-009
        median: -1.17109144604e-009
        min: -4.08094846804e-009
        var: 3.35679327603e-019
    spectral_energy:
        dmean: 0.00135389319621
        dmean2: 0.00227262824774
        dvar: 3.08851963382e-006
        dvar2: 8.38151754579e-006
        max: 0.0186159517616
        mean: 0.00545049132779
        median: 0.00540894642472
        min: 1.06637321527e-020
        var: 7.19021318218e-006
    spectral_energyband_high:
        dmean: 0.000297552236589
        dmean2: 0.000520401110407
        dvar: 2.03409570076e-007
        dvar2: 5.65848097267e-007
        max: 0.00388683914207
        mean: 0.000617341604084
        median: 0.000535114551894
        min: 7.68193749149e-021
        var: 2.15259234437e-007
    spectral_energyband_low:
        dmean: 0.000276847335044
        dmean2: 0.00046929315431
        dvar: 1.01112462403e-007
        dvar2: 2.82231894744e-007
        max: 0.00345192616805
        mean: 0.00057624472538
        median: 0.000522618123796
        min: 9.28168818591e-023
        var: 1.76995712309e-007
    spectral_energyband_middle_high:
        dmean: 0.000786382181104
        dmean2: 0.00124441797379
        dvar: 6.96312270065e-007
        dvar2: 1.75948025571e-006
        max: 0.0108793247491
        mean: 0.00293519254774
        median: 0.00281998165883
        min: 1.27591115068e-021
        var: 2.81310281025e-006
    spectral_energyband_middle_low:
        dmean: 0.000697435229085
        dmean2: 0.00116597046144
        dvar: 1.27338967104e-006
        dvar2: 3.52984625351e-006
        max: 0.0111266402528
        mean: 0.00152921245899
        median: 0.00120503304061
        min: 3.57076235296e-022
        var: 1.64314803897e-006
    spectral_flatness_db:
        dmean: 0.0126646542922
        dmean2: 0.0209766644984
        dvar: 0.00011188906501
        dvar2: 0.000295072648441
        max: 0.351629555225
        mean: 0.153289929032
        median: 0.144896686077
        min: 0.06687156111
        var: 0.00111365877092
    spectral_flux:
        dmean: 0.00730461860076
        dmean2: 0.0111175850034
        dvar: 6.41850565444e-005
        dvar2: 0.000115863491374
        max: 0.110405169427
        mean: 0.0445095337927
        median: 0.044778842479
        min: 1.03599545609e-010
        var: 0.000277234619716
    spectral_kurtosis:
        dmean: 1.1791421175
        dmean2: 2.06840896606
        dvar: 3.87102651596
        dvar2: 12.7285795212
        max: 43.9513626099
        mean: 3.38919234276
        median: 2.81336927414
        min: -1.22016716003
        var: 8.12904453278
    spectral_rms:
        dmean: 0.000265798618784
        dmean2: 0.000436924834503
        dvar: 9.11604587372e-008
        dvar2: 2.42862057576e-007
        max: 0.00426167855039
        mean: 0.0022088594269
        median: 0.00229717674665
        min: 3.22546763604e-012
        var: 4.38498517497e-007
    spectral_rolloff:
        dmean: 303.392089844
        dmean2: 493.218536377
        dvar: 134598.5
        dvar2: 261304.359375
        max: 19056.8847656
        mean: 3510.9675293
        median: 3617.578125
        min: 215.33203125
        var: 557071.8125
    spectral_skewness:
        dmean: 0.155655711889
        dmean2: 0.263881444931
        dvar: 0.033100169152
        dvar2: 0.102970726788
        max: 4.77768087387
        mean: 1.16816937923
        median: 1.12336885929
        min: 0.0133804157376
        var: 0.117421559989
    spectral_spread:
        dmean: 387486.34375
        dmean2: 576556.5
        dvar: 419927228416
        dvar2: 556648890368
        max: 41973488
        mean: 4274802
        median: 4199530
        min: 1419280.625
        var: 1.36663361126e+012
    spectral_strongpeak:
        dmean: 0.492623209953
        dmean2: 0.875741779804
        dvar: 0.554200291634
        dvar2: 1.47733461857
        max: 9.45537948608
        mean: 0.63892441988
        median: 0.242311686277
        min: 5.27253618543e-009
        var: 0.711543023586
    zerocrossingrate:
        dmean: 0.0075230426155
        dmean2: 0.00910157244653
        dvar: 5.80841078772e-005
        dvar2: 6.78036376485e-005
        max: 0.5166015625
        mean: 0.108772397041
        median: 0.11328125
        min: 0.013671875
        var: 0.000546288792975
    barkbands:
        dmean: [2.16810249754e-007, 7.12255205144e-005, 0.000187962767086, 0.00020802153449, 0.000343316292856, 0.000146466787555, 0.000110523695184, 8.05724339443e-005, 0.000138521878398, 9.0313522378e-005, 4.61205854663e-005, 5.61959459446e-005, 4.85395430587e-005, 5.41359368071e-005, 7.20726457075e-005, 0.000128576022689, 0.000173830398126, 0.000318496808177, 0.00032331541297, 0.000243331553065, 0.000132780725835, 4.82360301248e-005, 6.22261040917e-006, 1.96398559638e-006, 1.3533854144e-006, 3.69610475559e-008, 2.19004162028e-010]
        dmean2: [3.90755218405e-007, 0.000117203184345, 0.000316962745273, 0.000356757751433, 0.000584289664403, 0.000244575552642, 0.000183495445526, 0.00013271709031, 0.000219162509893, 0.000141853524838, 7.50827020966e-005, 9.17867946555e-005, 7.95571395429e-005, 8.75896585057e-005, 0.000115537077363, 0.000214772953768, 0.000289556541247, 0.000525351206306, 0.000537850835826, 0.000418982672272, 0.000227102616918, 8.56244223542e-005, 1.05457702375e-005, 3.20125832332e-006, 2.2783251552e-006, 5.78656447203e-008, 4.06184391677e-010]
        dvar: [2.38165227557e-013, 1.05234994052e-008, 5.20625320632e-008, 1.04676736612e-007, 4.93313848438e-007, 6.87515679942e-008, 7.18811534739e-008, 3.1289335567e-008, 7.93022678636e-008, 3.78531979095e-008, 8.72755911985e-009, 1.00262056435e-008, 1.04886845875e-008, 1.16617053791e-008, 2.41037891868e-008, 2.72980695826e-008, 4.7478707188e-008, 1.51808919213e-007, 1.31979746243e-007, 1.07744845934e-007, 2.55521346304e-008, 8.27964097283e-009, 8.73886032982e-011, 8.91073412973e-012, 4.83689173783e-012, 9.49100502102e-015, 9.51070748693e-020]
        dvar2: [6.87304380076e-013, 2.84534795725e-008, 1.43071360981e-007, 2.82649381234e-007, 1.3898833231e-006, 1.73487464394e-007, 1.76471104396e-007, 7.99018522457e-008, 1.8982834149e-007, 8.63812914531e-008, 2.16483986293e-008, 2.60341135316e-008, 2.61885517716e-008, 2.70386983914e-008, 5.29772741231e-008, 7.31163609657e-008, 1.26101809883e-007, 4.01350717993e-007, 3.56273972102e-007, 3.00896942917e-007, 7.07717688897e-008, 2.30980763405e-008, 2.32711669379e-010, 2.00396938627e-011, 1.18702391666e-011, 1.96379997902e-014, 3.03813254329e-019]
        max: [3.53071982317e-006, 0.000891425530426, 0.00253134197555, 0.00362652703188, 0.00678664399311, 0.00445869658142, 0.00489344727248, 0.00308036245406, 0.00466207368299, 0.00402009906247, 0.00243136938661, 0.00170967460144, 0.00269546895288, 0.00331270089373, 0.00600079679862, 0.00357266771607, 0.00375230470672, 0.00636650202796, 0.00515616126359, 0.00297140539624, 0.00148415553849, 0.000691909983288, 9.74602298811e-005, 4.99162706546e-005, 4.54637338407e-005, 2.94207529805e-006, 3.98423249948e-009]
        mean: [2.29901345961e-007, 0.000127581748529, 0.000317207799526, 0.000264034548309, 0.000414128997363, 0.000214796455111, 0.000136897608172, 0.000119729229482, 0.000247437914368, 0.000223570561502, 7.66428565839e-005, 9.75219518295e-005, 7.93330036686e-005, 9.42894985201e-005, 0.000133236579131, 0.00025133244344, 0.000369381770724, 0.0007126974524, 0.000735873298254, 0.000461131188786, 0.000283600733383, 7.0381029218e-005, 1.24413054436e-005, 4.49791650681e-006, 2.4514542929e-006, 7.04052212086e-008, 1.73083936073e-010]
        median: [1.83533348519e-008, 0.000103274680441, 0.000254538143054, 0.000156505440827, 0.000205086122151, 0.000115891329187, 6.15296448814e-005, 4.00867611461e-005, 7.63335920055e-005, 4.99255220348e-005, 3.52084862243e-005, 4.09484709962e-005, 2.91969045065e-005, 4.44509714725e-005, 6.80053344695e-005, 0.000203710093047, 0.000305704015773, 0.000569923664443, 0.000665073108394, 0.000398013013182, 0.000252721714787, 4.70197446703e-005, 8.8561555458e-006, 3.27990369442e-006, 1.59174840064e-006, 3.86013319087e-008, 6.72648048372e-011]
        min: [2.0626991377e-023, 4.20109074144e-023, 8.46394108761e-024, 3.22931129387e-023, 2.49384254575e-023, 1.93240455971e-023, 3.28499477636e-023, 5.72388890022e-023, 8.24640417329e-023, 5.17417433386e-023, 3.33009363877e-023, 5.37590847097e-023, 5.64561749011e-023, 9.51818237441e-023, 1.67126607254e-022, 1.2080064331e-022, 5.28382095097e-023, 1.32440254412e-022, 2.5319044849e-022, 3.44084516602e-022, 3.61183537418e-022, 3.98200955302e-022, 4.94966420469e-022, 7.87983035562e-022, 1.02621297049e-021, 1.71324069236e-021, 2.2081348153e-021]
        var: [2.04724705613e-013, 1.54643675643e-008, 8.52735269063e-008, 1.1862319127e-007, 4.05718310503e-007, 1.06580905879e-007, 7.56494458187e-008, 5.81130841226e-008, 2.101985217e-007, 2.64068034994e-007, 1.54300270339e-008, 2.04727435005e-008, 2.35447714658e-008, 2.5054125885e-008, 6.29431440302e-008, 4.97265091326e-008, 9.81381944598e-008, 3.82988901038e-007, 2.53697834296e-007, 1.25841822296e-007, 3.78163527159e-008, 6.35343377908e-009, 1.444500769e-010, 2.23581448494e-011, 9.14659927659e-012, 2.09705571051e-014, 7.52835751672e-020]
    frequency_bands:
        dmean: [2.16810249754e-007, 7.12255205144e-005, 0.000187962767086, 0.00020802153449, 0.000343316292856, 0.000146466787555, 0.000110523695184, 8.05724339443e-005, 0.000138521878398, 9.0313522378e-005, 4.61205854663e-005, 5.61959459446e-005, 4.85395430587e-005, 5.41359368071e-005, 7.20726457075e-005, 0.000128576022689, 0.000173830398126, 0.000318496808177, 0.00032331541297, 0.000243331553065, 0.000132780725835, 4.82360301248e-005, 6.22261040917e-006, 1.96398559638e-006, 1.3533854144e-006, 3.69610475559e-008, 2.19004162028e-010, 6.22241494441e-011]
        dmean2: [3.90755218405e-007, 0.000117203184345, 0.000316962745273, 0.000356757751433, 0.000584289664403, 0.000244575552642, 0.000183495445526, 0.00013271709031, 0.000219162509893, 0.000141853524838, 7.50827020966e-005, 9.17867946555e-005, 7.95571395429e-005, 8.75896585057e-005, 0.000115537077363, 0.000214772953768, 0.000289556541247, 0.000525351206306, 0.000537850835826, 0.000418982672272, 0.000227102616918, 8.56244223542e-005, 1.05457702375e-005, 3.20125832332e-006, 2.2783251552e-006, 5.78656447203e-008, 4.06184391677e-010, 1.15448921256e-010]
        dvar: [2.38165227557e-013, 1.05234994052e-008, 5.20625320632e-008, 1.04676736612e-007, 4.93313848438e-007, 6.87515679942e-008, 7.18811534739e-008, 3.1289335567e-008, 7.93022678636e-008, 3.78531979095e-008, 8.72755911985e-009, 1.00262056435e-008, 1.04886845875e-008, 1.16617053791e-008, 2.41037891868e-008, 2.72980695826e-008, 4.7478707188e-008, 1.51808919213e-007, 1.31979746243e-007, 1.07744845934e-007, 2.55521346304e-008, 8.27964097283e-009, 8.73886032982e-011, 8.91073412973e-012, 4.83689173783e-012, 9.49100502102e-015, 9.51070748693e-020, 7.67052013721e-021]
        dvar2: [6.87304380076e-013, 2.84534795725e-008, 1.43071360981e-007, 2.82649381234e-007, 1.3898833231e-006, 1.73487464394e-007, 1.76471104396e-007, 7.99018522457e-008, 1.8982834149e-007, 8.63812914531e-008, 2.16483986293e-008, 2.60341135316e-008, 2.61885517716e-008, 2.70386983914e-008, 5.29772741231e-008, 7.31163609657e-008, 1.26101809883e-007, 4.01350717993e-007, 3.56273972102e-007, 3.00896942917e-007, 7.07717688897e-008, 2.30980763405e-008, 2.32711669379e-010, 2.00396938627e-011, 1.18702391666e-011, 1.96379997902e-014, 3.03813254329e-019, 2.45043354584e-020]
        max: [3.53071982317e-006, 0.000891425530426, 0.00253134197555, 0.00362652703188, 0.00678664399311, 0.00445869658142, 0.00489344727248, 0.00308036245406, 0.00466207368299, 0.00402009906247, 0.00243136938661, 0.00170967460144, 0.00269546895288, 0.00331270089373, 0.00600079679862, 0.00357266771607, 0.00375230470672, 0.00636650202796, 0.00515616126359, 0.00297140539624, 0.00148415553849, 0.000691909983288, 9.74602298811e-005, 4.99162706546e-005, 4.54637338407e-005, 2.94207529805e-006, 3.98423249948e-009, 1.12842568623e-009]
        mean: [2.29901345961e-007, 0.000127581748529, 0.000317207799526, 0.000264034548309, 0.000414128997363, 0.000214796455111, 0.000136897608172, 0.000119729229482, 0.000247437914368, 0.000223570561502, 7.66428565839e-005, 9.75219518295e-005, 7.93330036686e-005, 9.42894985201e-005, 0.000133236579131, 0.00025133244344, 0.000369381770724, 0.0007126974524, 0.000735873298254, 0.000461131188786, 0.000283600733383, 7.0381029218e-005, 1.24413054436e-005, 4.49791650681e-006, 2.4514542929e-006, 7.04052212086e-008, 1.73083936073e-010, 4.87352519452e-011]
        median: [1.83533348519e-008, 0.000103274680441, 0.000254538143054, 0.000156505440827, 0.000205086122151, 0.000115891329187, 6.15296448814e-005, 4.00867611461e-005, 7.63335920055e-005, 4.99255220348e-005, 3.52084862243e-005, 4.09484709962e-005, 2.91969045065e-005, 4.44509714725e-005, 6.80053344695e-005, 0.000203710093047, 0.000305704015773, 0.000569923664443, 0.000665073108394, 0.000398013013182, 0.000252721714787, 4.70197446703e-005, 8.8561555458e-006, 3.27990369442e-006, 1.59174840064e-006, 3.86013319087e-008, 6.72648048372e-011, 1.86425649223e-011]
        min: [2.0626991377e-023, 4.20109074144e-023, 8.46394108761e-024, 3.22931129387e-023, 2.49384254575e-023, 1.93240455971e-023, 3.28499477636e-023, 5.72388890022e-023, 8.24640417329e-023, 5.17417433386e-023, 3.33009363877e-023, 5.37590847097e-023, 5.64561749011e-023, 9.51818237441e-023, 1.67126607254e-022, 1.2080064331e-022, 5.28382095097e-023, 1.32440254412e-022, 2.5319044849e-022, 3.44084516602e-022, 3.61183537418e-022, 3.98200955302e-022, 4.94966420469e-022, 7.87983035562e-022, 1.02621297049e-021, 1.71324069236e-021, 2.2081348153e-021, 9.24872642185e-022]
        var: [2.04724705613e-013, 1.54643675643e-008, 8.52735269063e-008, 1.1862319127e-007, 4.05718310503e-007, 1.06580905879e-007, 7.56494458187e-008, 5.81130841226e-008, 2.101985217e-007, 2.64068034994e-007, 1.54300270339e-008, 2.04727435005e-008, 2.35447714658e-008, 2.5054125885e-008, 6.29431440302e-008, 4.97265091326e-008, 9.81381944598e-008, 3.82988901038e-007, 2.53697834296e-007, 1.25841822296e-007, 3.78163527159e-008, 6.35343377908e-009, 1.444500769e-010, 2.23581448494e-011, 9.14659927659e-012, 2.09705571051e-014, 7.52835751672e-020, 6.05954308121e-021]
    mfcc:
        mean: [-694.26361084, 91.7994537354, -48.4627380371, 64.4705657959, -9.61158847809, -7.04000902176, 1.73518145084, -0.19577306509, 0.739560902119, -6.48863506317, -4.74101161957, -4.97468900681, -7.00239992142]
        cov: [[4820.68994141, -482.678283691, -242.596862793, 542.679443359, -219.203445435, 280.651947021, 156.295913696, 431.882781982, 352.331054688, 230.130996704, 201.318267822, 88.0324630737, 13.1087694168], [-482.678283691, 460.033325195, -102.848434448, -81.2739334106, -8.18074417114, -75.0640258789, -34.3059539795, -81.3738327026, -62.2396736145, -47.5353546143, -25.6978111267, 0.890149414539, -21.5865154266], [-242.596862793, -102.848434448, 359.90612793, 8.30933475494, 67.1461181641, 1.70911920071, -9.67151069641, 13.5188598633, -33.3511123657, -8.60389900208, -24.4895038605, -9.29350376129, 17.7119350433], [542.679443359, -81.2739334106, 8.30933475494, 314.538299561, 30.6135883331, 44.3755111694, 15.8914470673, 30.1324596405, 79.0646820068, 30.3329658508, 42.5662727356, 26.7860546112, 29.9446372986], [-219.203445435, -8.18074417114, 67.1461181641, 30.6135883331, 151.482131958, 32.2746772766, -5.37818098068, -43.9237518311, -25.3424434662, -2.35228919983, -2.20557355881, 2.82906961441, 11.1060419083], [280.651947021, -75.0640258789, 1.70911920071, 44.3755111694, 32.2746772766, 122.185531616, 49.8744239807, 22.4562320709, 13.3260774612, 17.4002056122, 13.197936058, -0.529740571976, 3.37782478333], [156.295913696, -34.3059539795, -9.67151069641, 15.8914470673, -5.37818098068, 49.8744239807, 105.679649353, 63.0738792419, 41.1060295105, 13.2189283371, 11.9191083908, 4.92008256912, -0.861286699772], [431.882781982, -81.3738327026, 13.5188598633, 30.1324596405, -43.9237518311, 22.4562320709, 63.0738792419, 155.405319214, 83.8935928345, 45.8422813416, 27.0381641388, 14.1510696411, -4.25832605362], [352.331054688, -62.2396736145, -33.3511123657, 79.0646820068, -25.3424434662, 13.3260774612, 41.1060295105, 83.8935928345, 124.729896545, 62.5247001648, 36.6262130737, 11.7409172058, 3.95156145096], [230.130996704, -47.5353546143, -8.60389900208, 30.3329658508, -2.35228919983, 17.4002056122, 13.2189283371, 45.8422813416, 62.5247001648, 84.8001174927, 44.9747200012, 15.6264638901, 0.699037075043], [201.318267822, -25.6978111267, -24.4895038605, 42.5662727356, -2.20557355881, 13.197936058, 11.9191083908, 27.0381641388, 36.6262130737, 44.9747200012, 83.2245788574, 46.7262420654, 14.0553007126], [88.0324630737, 0.890149414539, -9.29350376129, 26.7860546112, 2.82906961441, -0.529740571976, 4.92008256912, 14.1510696411, 11.7409172058, 15.6264638901, 46.7262420654, 76.2489852905, 36.1274032593], [13.1087694168, -21.5865154266, 17.7119350433, 29.9446372986, 11.1060419083, 3.37782478333, -0.861286699772, -4.25832605362, 3.95156145096, 0.699037075043, 14.0553007126, 36.1274032593, 64.7593536377]]
        icov: [[0.000479120120872, 0.000167946709553, 0.000311570329359, -0.000642715429422, 0.000629242043942, -0.000939258548897, 0.000553479534574, -0.00100710429251, 0.000131555047119, -0.000279117084574, -0.000139706229675, -0.000115098475362, 0.000142706048791], [0.000167946709553, 0.00307944556698, 0.00098002247978, -3.43031279044e-005, -8.55149482959e-005, 0.00140659965109, -0.000507570104674, 0.000646596599836, 0.000716724200174, 0.000224452189286, 0.000545293907635, -0.00125753006432, 0.00125440896954], [0.000311570329359, 0.00098002247978, 0.00402922928333, -0.000716326350812, -0.00150083831977, 0.000523348920979, 0.000574121484533, -0.00264533655718, 0.00252285483293, -0.000931621179916, 0.000992266810499, 0.000624573382083, -0.00115107360762], [-0.000642715429422, -3.43031279044e-005, -0.000716326350812, 0.00550799258053, -0.00170405546669, -0.000374238967197, 0.000535800005309, 0.002040973166, -0.00464586634189, 0.00271251401864, -0.00140192743856, -4.83348921989e-005, -0.00119376659859], [0.000629242043942, -8.55149482959e-005, -0.00150083831977, -0.00170405546669, 0.0101037090644, -0.00383007503115, 9.61259502219e-005, 0.00226388080046, 0.000776145898271, -0.0020360883791, 0.000392741174437, -0.00117837358266, 0.000206480515772], [-0.000939258548897, 0.00140659965109, 0.000523348920979, -0.000374238967197, -0.00383007503115, 0.0151770347729, -0.00768949417397, 0.00168497499544, 0.00391162885353, -0.00248728948645, -0.000392424466554, 0.00222325278446, -0.000804302049801], [0.000553479534574, -0.000507570104674, 0.000574121484533, 0.000535800005309, 9.61259502219e-005, -0.00768949417397, 0.0172540806234, -0.00658005429432, -0.00422700867057, 0.00420470396057, -0.000912955438253, -0.000417764065787, 0.000139134601341], [-0.00100710429251, 0.000646596599836, -0.00264533655718, 0.002040973166, 0.00226388080046, 0.00168497499544, -0.00658005429432, 0.0169458407909, -0.00749290827662, -0.000853749981616, 0.00128079310525, -0.00350372120738, 0.00289287464693], [0.000131555047119, 0.000716724200174, 0.00252285483293, -0.00464586634189, 0.000776145898271, 0.00391162885353, -0.00422700867057, -0.00749290827662, 0.0236318409443, -0.0122427660972, 0.000219299516175, 0.00332800555043, -0.00242958660237], [-0.000279117084574, 0.000224452189286, -0.000931621179916, 0.00271251401864, -0.0020360883791, -0.00248728948645, 0.00420470396057, -0.000853749981616, -0.0122427660972, 0.0263988748193, -0.0109813418239, 0.00168465648312, 0.00151619897224], [-0.000139706229675, 0.000545293907635, 0.000992266810499, -0.00140192743856, 0.000392741174437, -0.000392424466554, -0.000912955438253, 0.00128079310525, 0.000219299516175, -0.0109813418239, 0.0273349396884, -0.0156196458265, 0.00349826388992], [-0.000115098475362, -0.00125753006432, 0.000624573382083, -4.83348921989e-005, -0.00117837358266, 0.00222325278446, -0.000417764065787, -0.00350372120738, 0.00332800555043, 0.00168465648312, -0.0156196458265, 0.0294065251946, -0.0139304269105], [0.000142706048791, 0.00125440896954, -0.00115107360762, -0.00119376659859, 0.000206480515772, -0.000804302049801, 0.000139134601341, 0.00289287464693, -0.00242958660237, 0.00151619897224, 0.00349826388992, -0.0139304269105, 0.0240404848009]]
    sccoeffs:
        dmean: [0.0542749799788, 0.0493468344212, 0.038302693516, 0.0302091408521, 0.0206793919206, 0.0182835608721]
        dmean2: [0.089444488287, 0.0815341100097, 0.0628580451012, 0.0504379458725, 0.034807767719, 0.0292641390115]
        dvar: [0.00190768076573, 0.00158796575852, 0.000953396491241, 0.000576650490984, 0.00026644897298, 0.000224127303227]
        dvar2: [0.00521434471011, 0.00428541423753, 0.00246961507946, 0.00158591021318, 0.000749642262235, 0.000561863475014]
        max: [-0.317500889301, -0.480184644461, -0.542183816433, -0.522312700748, -0.611503005028, -0.551049590111]
        mean: [-0.627318501472, -0.750624418259, -0.776573359966, -0.785842418671, -0.792280316353, -0.723730325699]
        median: [-0.631405293941, -0.76045769453, -0.788442194462, -0.791880488396, -0.797023773193, -0.725767195225]
        min: [-0.983855545521, -0.948453426361, -0.97035753727, -0.964411854744, -0.96531021595, -0.96251231432]
        var: [0.00527824833989, 0.00496911397204, 0.00446642655879, 0.00204160949215, 0.000992188812234, 0.00147464056499]
    scvalleys:
        dmean: [0.4031919837, 0.354939073324, 0.296696871519, 0.256193727255, 0.212505206466, 0.24441832304]
        dmean2: [0.671356081963, 0.575322329998, 0.473973482847, 0.407156467438, 0.329604536295, 0.389064520597]
        dvar: [0.131132289767, 0.112505011261, 0.0833309367299, 0.0731012150645, 0.0654015243053, 0.0892729386687]
        dvar2: [0.304020792246, 0.241892963648, 0.162779182196, 0.139012902975, 0.110158123076, 0.182808071375]
        max: [-5.32154989243, -4.8160533905, -5.35023927689, -5.54459619522, -5.37328004837, -8.02051448822]
        mean: [-7.00239419937, -6.71581268311, -7.06466627121, -7.18272447586, -6.6294260025, -9.71746826172]
        median: [-6.75183153152, -6.5869011879, -6.90377140045, -7.00917387009, -6.34274673462, -9.3207321167]
        min: [-27.479133606, -27.6289081573, -27.1022529602, -27.3103981018, -27.282951355, -27.3065948486]
        var: [1.17335820198, 0.793143808842, 0.891204893589, 0.919358968735, 1.256488204, 2.3249874115]

rhythm:
    beats_loudness:
        dmean: 0.00134190672543
        dmean2: 0.00225265533663
        dvar: 1.34037202315e-006
        dvar2: 4.00045291826e-006
        max: 0.0113813653588
        mean: 0.00555090233684
        median: 0.00592454429716
        min: 1.20639413126e-007
        var: 5.08414586875e-006
    bpm: 164.966888428
    bpm_confidence: 0
    first_peak_bpm: 167
    first_peak_spread: 0
    first_peak_weight: 0.419999986887
    onset_rate: 3.57473707199
    second_peak_bpm: 110
    second_peak_spread: 0.132183879614
    second_peak_weight: 0.274545460939
    beats_loudness_band_ratio:
        dmean: [0.0896362960339, 0.0686252042651, 0.0811390206218, 0.0532174147666, 0.100872144103, 0.0760564878583]
        dmean2: [0.155835613608, 0.121087998152, 0.142262980342, 0.0943868160248, 0.170678064227, 0.13011738658]
        dvar: [0.00471544638276, 0.00685862917453, 0.00682693906128, 0.00345953996293, 0.00743630155921, 0.00488841580227]
        dvar2: [0.0148946847767, 0.0173607990146, 0.0202647931874, 0.00949754100293, 0.0226323176175, 0.012792465277]
        max: [0.461652517319, 0.848765254021, 0.604409575462, 0.452983170748, 0.631998121738, 0.805417656898]
        mean: [0.153413280845, 0.11757953465, 0.118245646358, 0.0819761455059, 0.31377607584, 0.259466916323]
        median: [0.142520278692, 0.0691563859582, 0.0901928842068, 0.0580853819847, 0.302068859339, 0.254227846861]
        min: [0.000989114749245, 0.00215799198486, 0.00427447864786, 0.00962388981134, 0.0258061997592, 0.00206661876291]
        var: [0.00753430416808, 0.0220520049334, 0.009073167108, 0.00486981403083, 0.0127492621541, 0.01060004998]
    beats_position: [0.49922901392, 0.99845802784, 1.50929701328, 2.04335594177, 2.58902478218, 3.13469386101, 3.68036270142, 4.22603178024, 4.77170038223, 5.31736946106, 5.86303853989, 6.40870714188, 6.9543762207, 7.50004529953, 8.04571437836, 8.59138298035, 9.13705158234, 9.682721138, 10.22838974, 10.774058342, 11.3081178665, 11.8537864685, 12.3994560242, 12.9451246262, 13.4907932281, 14.0364627838, 14.5821313858, 15.1277999878, 15.6734695435, 16.2191371918, 16.7648067474, 17.3104763031, 17.8561439514, 18.4018135071, 18.9358730316, 19.4815406799, 20.0388202667, 20.5844898224, 21.1185474396, 21.6642169952, 22.2098865509, 22.7555541992, 23.3012237549, 23.8468933105, 24.3925609589, 24.9382305145, 25.4839000702, 26.0295696259, 26.5868473053, 27.132516861, 27.6781845093, 28.2238540649, 28.7695236206, 29.3151912689, 29.8608608246, 30.4065303802, 30.9521980286, 31.4978675842, 32.0435371399, 32.5892066956, 33.1348762512, 33.6805419922, 34.2262115479, 34.7602729797, 35.3059387207, 35.8516082764, 36.4088897705, 36.96616745, 37.5002250671, 38.034286499, 38.57995224, 39.1256217957, 39.6712913513, 40.216960907, 40.7510185242, 41.2734680176, 41.795917511, 42.3183670044, 42.8408164978, 43.3632659912, 43.8857116699, 44.4197731018, 44.953830719, 45.4995002747, 46.0451698303, 46.590839386, 47.1365089417, 47.6821746826, 48.2278442383, 48.7735137939, 49.3191833496, 49.8648529053, 50.4105224609, 50.9445800781, 51.4902496338, 52.0359191895, 52.5815849304, 53.1272544861, 53.6845359802, 54.2302017212, 54.7758712769, 55.3099327087, 55.8555984497, 56.4012680054, 56.946937561, 57.4926071167, 58.0382766724, 58.583946228, 59.129611969, 59.6752815247, 60.2209510803, 60.766620636, 61.3122901917, 61.8579597473, 62.4036254883, 62.9492950439, 63.4949645996, 64.0406341553, 64.5863037109, 65.1319732666, 65.6776428223, 66.2233123779, 66.7689819336, 67.3146438599, 67.8603134155, 68.4059829712, 68.9516525269, 69.4973220825, 70.0429916382, 70.5886611938, 71.1343307495, 71.6800003052, 72.2256698608, 72.7713394165, 73.3170089722, 73.8626708984, 74.396736145, 74.9424057007, 75.488067627, 76.0337371826, 76.5794067383, 77.1250762939, 77.6707458496, 78.2164154053, 78.7620849609, 79.3077545166, 79.8534240723, 80.3990936279, 80.9447631836, 81.4904327393, 82.0360946655, 82.5817642212, 83.1274337769, 83.6731033325, 84.2187728882, 84.7644424438, 85.3101119995, 85.8557815552, 86.4014511108, 86.9471206665, 87.4927902222, 88.0384597778, 88.5841217041, 89.1297912598, 89.6754608154, 90.2211303711, 90.7667999268, 91.3008575439, 91.8465270996, 92.3921966553, 92.9494781494, 93.4951477051, 94.0408172607, 94.5980911255, 95.1437606812, 95.6778182983, 96.223487854, 96.7691574097, 97.3148269653, 97.860496521, 98.4061660767, 98.9402236938, 99.4858932495, 99.8458023071, 100.217323303, 100.577232361, 100.937141418, 101.308662415, 101.680175781, 102.040092468, 102.400001526, 102.771514893, 103.13142395, 103.502944946, 103.874465942, 104.234375, 104.594284058, 104.954193115, 105.314102173, 105.67401123, 106.045532227, 106.405441284, 106.765350342, 107.136871338, 107.496780396, 107.868293762, 108.22820282, 108.588119507, 108.948028564, 109.319541931, 109.679450989, 110.039360046, 110.410881042, 110.782402039, 111.142311096, 111.502220154, 111.862129211, 112.222038269, 112.581947327, 112.941856384, 113.31337738, 113.673286438, 114.044807434, 114.404716492, 114.764625549, 115.124534607, 115.496055603, 115.855964661, 116.227478027, 116.610610962, 116.993736267, 117.376869202, 117.759994507, 118.143127441, 118.526252747, 118.909385681, 119.304122925, 119.687255859, 120.070381165, 120.453514099, 120.836639404, 121.231384277, 121.626121521, 122.009246826, 122.392379761, 122.763900757, 123.135414124, 123.495323181, 123.855232239, 124.215148926, 124.575057983, 124.934967041, 125.294876099, 125.654785156, 126.014694214, 126.374603271, 126.734512329, 127.094421387, 127.465942383, 127.83745575, 128.220581055, 128.592102051, 128.952011108, 129.311920166, 129.671829224, 130.031738281, 130.403259277, 130.763168335, 131.123077393, 131.48298645, 131.842895508, 132.202804565, 132.562713623, 132.934234619, 133.305755615, 133.677276611, 134.048797607, 134.408706665, 134.768615723, 135.12852478, 135.488433838, 135.848342896, 136.208251953, 136.568161011, 136.939682007, 137.299591064, 137.671112061, 138.042633057, 138.414154053, 138.77406311, 139.133972168, 139.505477905, 139.865386963, 140.236907959, 140.596817017, 140.956726074, 141.316635132, 141.676544189, 142.036453247, 142.407974243, 142.779495239, 143.139404297, 143.499313354, 143.859222412, 144.21913147, 144.579040527, 144.938949585, 145.310470581, 145.681991577, 146.041900635, 146.401809692, 146.773330688, 147.133239746, 147.493148804, 147.853057861, 148.224578857, 148.584487915, 148.944396973, 149.315917969, 149.687438965, 150.047348022, 150.40725708, 150.767166138, 151.138687134, 151.498596191, 151.858505249, 152.230026245, 152.601531982, 152.96144104, 153.321365356, 153.681274414, 154.052780151, 154.412689209, 154.772598267, 155.132507324, 155.492416382, 155.863937378, 156.223846436, 156.595367432, 156.955276489, 157.315185547, 157.675094604, 158.035003662, 158.406524658, 158.766433716, 159.126342773, 159.49786377, 159.857772827, 160.217681885, 160.589202881, 160.949111938, 161.309020996, 161.680541992, 162.04045105, 162.400360107, 162.771881104, 163.131790161, 163.491699219, 163.863220215, 164.223129272, 164.58303833, 164.954559326, 165.314468384, 165.674377441, 166.045898438, 166.417419434, 166.777328491, 167.137237549, 167.497146606, 167.857055664, 168.228561401, 168.588470459, 168.948379517, 169.319900513, 169.67980957, 170.039718628, 170.411239624, 170.771148682, 171.131057739, 171.502578735, 171.862487793, 172.222396851, 172.582305908, 172.942214966, 173.313735962, 173.685256958, 174.045166016, 174.405075073, 174.776596069, 175.136505127, 175.508026123, 175.867935181, 176.227844238, 176.587753296, 176.947662354, 177.307571411, 177.679092407, 178.050613403, 178.410522461, 178.770431519, 179.130340576, 179.490249634, 179.86177063, 180.233291626, 180.593200684, 180.953109741, 181.313018799, 181.672927856, 182.044433594, 182.40435791, 182.764266968, 183.135772705, 183.495681763, 183.85559082, 184.215499878, 184.587020874, 184.95854187, 185.318450928, 185.666748047, 186.038269043, 186.409790039, 186.769699097, 187.129608154, 187.489517212, 187.84942627, 188.209335327, 188.580856323, 188.940765381, 189.312286377, 189.672195435, 190.032104492, 190.403625488, 190.775146484, 191.135055542, 191.4949646, 191.854873657, 192.214782715, 192.586303711, 192.957824707, 193.317733765, 193.677642822, 194.049163818, 194.409072876, 194.768981934, 195.128890991, 195.488800049, 195.848709106, 196.208618164, 196.58013916, 196.940048218, 197.299957275, 197.671463013, 198.03137207, 198.391296387, 198.762802124, 199.13432312, 199.494232178, 199.854141235, 200.225662231, 200.597183228, 200.957092285, 201.317001343, 201.6769104, 202.036819458, 202.396728516, 202.756637573, 203.128158569, 203.488067627, 203.847976685, 204.219497681, 204.591018677, 204.962539673, 205.32244873, 205.682357788, 206.042266846, 206.402175903, 206.762084961, 207.121994019, 207.493515015, 207.853424072, 208.224945068, 208.584854126, 208.944763184, 209.31628418, 209.676193237, 210.036102295, 210.396011353, 210.76751709, 211.127426147, 211.498947144, 211.858856201, 212.218765259, 212.590286255, 212.950195313, 213.31010437, 213.670013428, 214.041534424, 214.401443481, 214.761352539, 215.132873535, 215.504394531, 215.864303589, 216.224212646, 216.595733643, 216.9556427, 217.315551758, 217.675460815, 218.035369873, 218.395278931, 218.766799927, 219.126708984, 219.49822998, 219.869750977, 220.229660034, 220.589569092, 220.949478149, 221.309387207, 221.680908203, 222.040817261, 222.400726318, 222.760635376, 223.120544434, 223.49206543, 223.851974487, 224.223495483, 224.583404541, 224.943313599, 225.303222656, 225.674728394, 226.034637451, 226.394546509, 226.766067505, 227.125976563, 227.48588562, 227.857406616, 228.228927612, 228.600448608, 228.960357666, 229.320266724, 229.680175781, 230.040084839, 230.399993896, 230.771514893, 231.13142395, 231.514556885, 231.897689819, 232.269195557, 232.640716553, 233.012237549, 233.383758545, 233.766891479]
