
metadata:
    version:
        essentia: "2.1-beta2"
    audio_properties:
        analysis_sample_rate: 44100
        bitrate: 192
        channels: 2
        equal_loudness: 1
        length: 280.424499512
        replay_gain: -14.7675437927
        downmix: "mix"
    tags:
        album: "The Undying Darkness"
        artist: "Caliban"
        comment: "caliban.ru"
        date: "2006"
        genre: "Metalcore"
        title: "My Fiction Beauty"
        tracknumber: "07"

configuration:
    average_loudness:
        compute: 1
        frameSize: 88200
        hopSize: 44100
        silentFrames: "noise"
        windowType: "hann"
    general:
        analysisSampleRate: 44100
        endTime: 2000
        equalLoudness: 1
        nequalLoudness: 0
        shortSound: 0
        startTime: 0
    lowlevel:
        compute: 1
        frameSize: 2048
        hopSize: 1024
        zeroPadding: 0
        silentFrames: "noise"
        windowType: "blackmanharris62"
        mfccStats: ["mean", "cov", "icov"]
        stats: ["mean", "var", "median", "min", "max", "dmean", "dmean2", "dvar", "dvar2"]
    panning:
        compute: 0
        frameSize: 8192
        hopSize: 2048
        zeroPadding: 8192
        silentFrames: "noise"
        windowType: "hann"
        stats: ["copy"]
    rhythm:
        compute: 1
        maxTempo: 208
        minTempo: 40
        method: "degara"
        stats: ["mean", "var", "median", "min", "max", "dmean", "dmean2", "dvar", "dvar2"]
    segmentation:
        compute: 0
        cpw: 5
        inc1: 300
        inc2: 50
        minimumSegmentsLength: 10
        size1: 1000
        size2: 600
    sfx:
        compute: 1
        stats: ["mean", "var", "median", "min", "max", "dmean", "dmean2", "dvar", "dvar2"]
    svm:
        compute: 0
    tonal:
        compute: 1
        frameSize: 4096
        hopSize: 2048
        zeroPadding: 0
        silentFrames: "noise"
        windowType: "blackmanharris62"
        stats: ["mean", "var", "median", "min", "max", "dmean", "dmean2", "dvar", "dvar2"]

lowlevel:
    average_loudness: 0.9720479846
    barkbands_kurtosis:
        dmean: 0.546010971069
        dmean2: 0.915752470493
        dvar: 1.77963519096
        dvar2: 4.88047838211
        max: 72.0838088989
        mean: -1.00686657429
        median: -1.39146232605
        min: -1.90060508251
        var: 2.82523202896
    barkbands_skewness:
        dmean: 0.385921865702
        dmean2: 0.61008310318
        dvar: 0.131647869945
        dvar2: 0.321256548166
        max: 4.93461513519
        mean: -0.229798749089
        median: -0.24685883522
        min: -6.78130531311
        var: 0.498109281063
    barkbands_spread:
        dmean: 4.7263007164
        dmean2: 7.69557523727
        dvar: 20.6236095428
        dvar2: 53.9173355103
        max: 69.8643875122
        mean: 39.6423568726
        median: 40.4044418335
        min: 1.15554738045
        var: 70.1909179688
    dissonance:
        dmean: 0.00795572530478
        dmean2: 0.0135718779638
        dvar: 6.37254051981e-005
        dvar2: 0.000178631089511
        max: 0.500000178814
        mean: 0.486854046583
        median: 0.489168733358
        min: 0.288779109716
        var: 9.98330433504e-005
    hfc:
        dmean: 3.40583205223
        dmean2: 5.70919513702
        dvar: 22.7579154968
        dvar2: 61.0668182373
        max: 43.6225624084
        mean: 11.2129554749
        median: 10.6378307343
        min: 1.24012280628e-016
        var: 32.6986846924
    pitch:
        dmean: 768.156005859
        dmean2: 1458.76782227
        dvar: 1433680.5
        dvar2: 3667564.25
        max: 4701.59570313
        mean: 2679.30517578
        median: 3362.53808594
        min: 52.0386199951
        var: 1877249.75
    pitch_instantaneous_confidence:
        dmean: 0.0714804679155
        dmean2: 0.120466001332
        dvar: 0.00332468468696
        dvar2: 0.0093518095091
        max: 0.894686996937
        mean: 0.353729248047
        median: 0.345991164446
        min: 0.108477711678
        var: 0.00902879610658
    pitch_salience:
        dmean: 0.048768222332
        dmean2: 0.0823090150952
        dvar: 0.00190418190323
        dvar2: 0.0052617508918
        max: 0.939597964287
        mean: 0.694243013859
        median: 0.703653872013
        min: 0.272791981697
        var: 0.00388321490027
    silence_rate_20dB:
        dmean: 0
        dmean2: 0
        dvar: 0
        dvar2: 0
        max: 1
        mean: 1
        median: 1
        min: 1
        var: 0
    silence_rate_30dB:
        dmean: 0
        dmean2: 0
        dvar: 0
        dvar2: 0
        max: 1
        mean: 1
        median: 1
        min: 1
        var: 0
    silence_rate_60dB:
        dmean: 0.0317959748209
        dmean2: 0.0635972172022
        dvar: 0.0307832472026
        dvar2: 0.0699846744537
        max: 1
        mean: 0.0985262468457
        median: 0
        min: 0
        var: 0.0888199359179
    spectral_centroid:
        dmean: 284.163024902
        dmean2: 451.591796875
        dvar: 77574.90625
        dvar2: 174223.78125
        max: 11333.2978516
        mean: 1940.45812988
        median: 1941.98193359
        min: 216.072052002
        var: 256714.0625
    spectral_complexity:
        dmean: 4.35273647308
        dmean2: 6.85193777084
        dvar: 16.5621032715
        dvar2: 38.8822860718
        max: 48
        mean: 21.8012924194
        median: 23
        min: 0
        var: 73.5291290283
    spectral_crest:
        dmean: 1.53697049618
        dmean2: 2.58068490028
        dvar: 2.1681573391
        dvar2: 5.78160381317
        max: 20.6855640411
        mean: 5.99192047119
        median: 5.33548069
        min: 2.60784578323
        var: 5.31433200836
    spectral_decrease:
        dmean: 3.13553405462e-010
        dmean2: 5.26972965265e-010
        dvar: 1.73141335766e-019
        dvar2: 4.72884266946e-019
        max: 6.62456345181e-029
        mean: -1.26331622941e-009
        median: -1.2283813966e-009
        min: -4.32476188195e-009
        var: 2.86017859318e-019
    spectral_energy:
        dmean: 0.00144731451292
        dmean2: 0.00243716011755
        dvar: 3.70517068404e-006
        dvar2: 1.00552515505e-005
        max: 0.0194707233459
        mean: 0.00578509736806
        median: 0.00562713108957
        min: 1.10401389133e-020
        var: 6.00808380113e-006
    spectral_energyband_high:
        dmean: 0.000322470557876
        dmean2: 0.000567408802453
        dvar: 2.73000750894e-007
        dvar2: 7.548661074e-007
        max: 0.00442509213462
        mean: 0.000629991642199
        median: 0.000511557795107
        min: 7.42142406615e-021
        var: 2.47087939442e-007
    spectral_energyband_low:
        dmean: 0.000289681483991
        dmean2: 0.000473801221233
        dvar: 1.02424635884e-007
        dvar2: 2.78006382359e-007
        max: 0.00500107370317
        mean: 0.000628048204817
        median: 0.000552278826945
        min: 5.14853351454e-023
        var: 1.87239166394e-007
    spectral_energyband_middle_high:
        dmean: 0.000765529402997
        dmean2: 0.00124753511045
        dvar: 7.46506884752e-007
        dvar2: 1.93946107174e-006
        max: 0.0109454942867
        mean: 0.00279318424873
        median: 0.00271607935429
        min: 1.34038357864e-021
        var: 1.87757609638e-006
    spectral_energyband_middle_low:
        dmean: 0.000747661630157
        dmean2: 0.00125409208704
        dvar: 1.27317230181e-006
        dvar2: 3.53942959919e-006
        max: 0.0111669870093
        mean: 0.0019083089428
        median: 0.00165384588763
        min: 2.87319928642e-022
        var: 1.70256930687e-006
    spectral_flatness_db:
        dmean: 0.0121049145237
        dmean2: 0.0199461057782
        dvar: 0.000117401083116
        dvar2: 0.000290146592306
        max: 0.373089879751
        mean: 0.147497802973
        median: 0.143109858036
        min: 0.0813691616058
        var: 0.000677333155181
    spectral_flux:
        dmean: 0.00726919341832
        dmean2: 0.0112887034193
        dvar: 7.29952953407e-005
        dvar2: 0.000125882870634
        max: 0.113922700286
        mean: 0.0450866483152
        median: 0.043725669384
        min: 1.05072062162e-010
        var: 0.000195051135961
    spectral_kurtosis:
        dmean: 0.849913835526
        dmean2: 1.46819138527
        dvar: 0.696158468723
        dvar2: 2.03644347191
        max: 18.2581672668
        mean: 2.71931886673
        median: 2.57984089851
        min: -1.30648028851
        var: 1.34405577183
    spectral_rms:
        dmean: 0.000282675027847
        dmean2: 0.000463233038317
        dvar: 1.1043933057e-007
        dvar2: 2.89728006919e-007
        max: 0.00435842014849
        mean: 0.00231192773208
        median: 0.00234305020422
        min: 3.28189992543e-012
        var: 2.99003289683e-007
    spectral_rolloff:
        dmean: 290.818817139
        dmean2: 476.261932373
        dvar: 125514.65625
        dvar2: 278961.34375
        max: 19186.0839844
        mean: 3600.42749023
        median: 3596.04492188
        min: 150.732421875
        var: 334261.65625
    spectral_skewness:
        dmean: 0.130158722401
        dmean2: 0.219134733081
        dvar: 0.0134229231626
        dvar2: 0.037647318095
        max: 3.32005786896
        mean: 1.0762346983
        median: 1.0641824007
        min: -0.0312688872218
        var: 0.0569685511291
    spectral_spread:
        dmean: 389670.40625
        dmean2: 579985.625
        dvar: 454312820736
        dvar2: 572000501760
        max: 52270364
        mean: 4443793
        median: 4207792.5
        min: 2260004.5
        var: 1.47373870285e+012
    spectral_strongpeak:
        dmean: 0.38056537509
        dmean2: 0.682538509369
        dvar: 0.394527643919
        dvar2: 1.09184098244
        max: 6.53335809708
        mean: 0.449677079916
        median: 0.208663791418
        min: 0
        var: 0.383732825518
    zerocrossingrate:
        dmean: 0.00742230378091
        dmean2: 0.00906009133905
        dvar: 5.98664264544e-005
        dvar2: 6.97976502124e-005
        max: 0.51611328125
        mean: 0.109106726944
        median: 0.10986328125
        min: 0.0087890625
        var: 0.000416747963754
    barkbands:
        dmean: [2.43848688797e-007, 7.75049775257e-005, 0.000202261377126, 0.000205910051591, 0.000402827863581, 0.000188804711797, 0.000124158730614, 0.000105184823042, 0.000125342616229, 4.75736560475e-005, 4.09419735661e-005, 5.20755856996e-005, 4.10395732615e-005, 4.65307566628e-005, 4.87128381792e-005, 0.000124796308228, 0.000171286330442, 0.000297060236335, 0.000315045705065, 0.000257924111793, 0.000137733135489, 5.51419543626e-005, 6.52200287732e-006, 2.17621482079e-006, 1.60325146226e-006, 4.42097523035e-008, 2.29273156016e-010]
        dmean2: [4.37550056631e-007, 0.000129065127112, 0.000328082212945, 0.000344136293279, 0.000696538656484, 0.000315476558171, 0.00020705004863, 0.000170017257915, 0.000203367511858, 7.4445415521e-005, 6.73809699947e-005, 8.57398481457e-005, 6.8665103754e-005, 7.79077890911e-005, 8.0741578131e-005, 0.000210975587834, 0.000287826813292, 0.000496409775224, 0.000527333409991, 0.000449306884548, 0.000237182670389, 9.80046534096e-005, 1.0993889191e-005, 3.53043219548e-006, 2.6590505513e-006, 6.96327617788e-008, 4.23607288136e-010]
        dvar: [2.70939656344e-013, 1.21390701935e-008, 5.05996844424e-008, 9.59105719289e-008, 5.4328376109e-007, 7.76244064582e-008, 5.59763577712e-008, 5.078777221e-008, 6.53917879845e-008, 1.09539897153e-008, 8.4416154067e-009, 1.07455786491e-008, 6.49968079358e-009, 5.88169823956e-009, 5.34907051986e-009, 2.00424299379e-008, 3.93170651591e-008, 1.37682150125e-007, 1.15715742766e-007, 1.43183655155e-007, 3.2231397995e-008, 1.10585336444e-008, 1.00595878849e-010, 1.31038140408e-011, 8.07643448647e-012, 1.73954800624e-014, 9.80125273838e-020]
        dvar2: [7.73704451201e-013, 3.36224523778e-008, 1.34682025532e-007, 2.46667838155e-007, 1.54098097482e-006, 2.09179887634e-007, 1.42152387639e-007, 1.29015774064e-007, 1.7514770434e-007, 2.41857893712e-008, 2.2591445159e-008, 2.94369719711e-008, 1.67088227698e-008, 1.48473020545e-008, 1.35532856049e-008, 5.49652767745e-008, 1.05000800943e-007, 3.69828029534e-007, 3.10932648517e-007, 3.95779466089e-007, 8.83977619992e-008, 3.07100584962e-008, 2.67471905735e-010, 2.95133154027e-011, 1.96071197472e-011, 3.74418513771e-014, 3.05991660322e-019]
        max: [3.91098001273e-006, 0.00112923316192, 0.00322226039134, 0.00327172246762, 0.00705868983641, 0.00516429170966, 0.00599730014801, 0.00584653764963, 0.00427856249735, 0.00227435282432, 0.00175244163256, 0.00172509253025, 0.00148241862189, 0.00226078717969, 0.00211085472256, 0.00237483507954, 0.00372462789528, 0.00730132730678, 0.0040896832943, 0.00333089265041, 0.00158101308625, 0.000794051622506, 0.000128397994558, 7.22898621461e-005, 4.83992807858e-005, 3.99887358071e-006, 4.20074197649e-009]
        mean: [2.54369552977e-007, 0.00015138577146, 0.000344223022694, 0.000271016790066, 0.000622007180937, 0.000353758980054, 0.000191282073501, 0.000180918330443, 0.000235519124544, 9.82293931884e-005, 6.86117055011e-005, 9.30921742111e-005, 7.71852064645e-005, 8.87382775545e-005, 9.96107701212e-005, 0.000257391046034, 0.000381721794838, 0.000678187527228, 0.000740934105124, 0.000470564846182, 0.000284931156784, 7.55951550673e-005, 1.24751932162e-005, 4.74232729175e-006, 2.64180584963e-006, 8.22846715209e-008, 1.81511625175e-010]
        median: [3.22170023992e-008, 0.000125249120174, 0.000269952812232, 0.000160152907483, 0.000408255145885, 0.000232994236285, 0.00010400863539, 6.87513092998e-005, 6.70348817948e-005, 4.54475230072e-005, 2.96723846986e-005, 3.84352933906e-005, 3.23928870785e-005, 5.23605995113e-005, 7.22932454664e-005, 0.000225481024245, 0.000323114567436, 0.00055693439208, 0.000676064402796, 0.000385984370951, 0.000243154165219, 4.4062602683e-005, 8.42498138809e-006, 2.9143775464e-006, 1.18621790079e-006, 3.13053085677e-008, 7.52556073014e-011]
        min: [7.57032044025e-025, 3.35538420384e-023, 1.69845492095e-023, 4.59248826053e-024, 2.53596819141e-023, 4.69554938792e-023, 5.84703387405e-023, 5.51712908805e-023, 7.41038579425e-023, 1.26638605284e-022, 6.9900775485e-023, 7.97876260081e-023, 6.36189309463e-023, 7.3690501139e-023, 1.11260841098e-022, 1.21006176286e-022, 1.33697799669e-022, 1.31168509659e-022, 2.31162018893e-022, 2.40847337543e-022, 3.52811716351e-022, 4.54963776214e-022, 5.90061393783e-022, 8.08532142702e-022, 1.01775062605e-021, 1.58892701793e-021, 2.37559143147e-021]
        var: [2.30130530517e-013, 1.58611328516e-008, 8.92646454531e-008, 1.15247729582e-007, 5.25844257027e-007, 1.4455991959e-007, 8.07297340089e-008, 1.09427666928e-007, 1.56875799462e-007, 3.78593405514e-008, 1.49952334993e-008, 2.35110153568e-008, 1.89155393571e-008, 1.47884859913e-008, 1.25168515552e-008, 3.428284856e-008, 8.83000197405e-008, 2.93242834459e-007, 1.95778014245e-007, 1.38280000783e-007, 3.83894693812e-008, 8.5059683741e-009, 1.51325396658e-010, 3.29125268705e-011, 1.445046513e-011, 3.69881839187e-014, 7.97819772087e-020]
    frequency_bands:
        dmean: [2.43848688797e-007, 7.75049775257e-005, 0.000202261377126, 0.000205910051591, 0.000402827863581, 0.000188804711797, 0.000124158730614, 0.000105184823042, 0.000125342616229, 4.75736560475e-005, 4.09419735661e-005, 5.20755856996e-005, 4.10395732615e-005, 4.65307566628e-005, 4.87128381792e-005, 0.000124796308228, 0.000171286330442, 0.000297060236335, 0.000315045705065, 0.000257924111793, 0.000137733135489, 5.51419543626e-005, 6.52200287732e-006, 2.17621482079e-006, 1.60325146226e-006, 4.42097523035e-008, 2.29273156016e-010, 6.51304288279e-011]
        dmean2: [4.37550056631e-007, 0.000129065127112, 0.000328082212945, 0.000344136293279, 0.000696538656484, 0.000315476558171, 0.00020705004863, 0.000170017257915, 0.000203367511858, 7.4445415521e-005, 6.73809699947e-005, 8.57398481457e-005, 6.8665103754e-005, 7.79077890911e-005, 8.0741578131e-005, 0.000210975587834, 0.000287826813292, 0.000496409775224, 0.000527333409991, 0.000449306884548, 0.000237182670389, 9.80046534096e-005, 1.0993889191e-005, 3.53043219548e-006, 2.6590505513e-006, 6.96327617788e-008, 4.23607288136e-010, 1.20371046464e-010]
        dvar: [2.70939656344e-013, 1.21390701935e-008, 5.05996844424e-008, 9.59105719289e-008, 5.4328376109e-007, 7.76244064582e-008, 5.59763577712e-008, 5.078777221e-008, 6.53917879845e-008, 1.09539897153e-008, 8.4416154067e-009, 1.07455786491e-008, 6.49968079358e-009, 5.88169823956e-009, 5.34907051986e-009, 2.00424299379e-008, 3.93170651591e-008, 1.37682150125e-007, 1.15715742766e-007, 1.43183655155e-007, 3.2231397995e-008, 1.10585336444e-008, 1.00595878849e-010, 1.31038140408e-011, 8.07643448647e-012, 1.73954800624e-014, 9.80125273838e-020, 7.91560389763e-021]
        dvar2: [7.73704451201e-013, 3.36224523778e-008, 1.34682025532e-007, 2.46667838155e-007, 1.54098097482e-006, 2.09179887634e-007, 1.42152387639e-007, 1.29015774064e-007, 1.7514770434e-007, 2.41857893712e-008, 2.2591445159e-008, 2.94369719711e-008, 1.67088227698e-008, 1.48473020545e-008, 1.35532856049e-008, 5.49652767745e-008, 1.05000800943e-007, 3.69828029534e-007, 3.10932648517e-007, 3.95779466089e-007, 8.83977619992e-008, 3.07100584962e-008, 2.67471905735e-010, 2.95133154027e-011, 1.96071197472e-011, 3.74418513771e-014, 3.05991660322e-019, 2.47144926483e-020]
        max: [3.91098001273e-006, 0.00112923316192, 0.00322226039134, 0.00327172246762, 0.00705868983641, 0.00516429170966, 0.00599730014801, 0.00584653764963, 0.00427856249735, 0.00227435282432, 0.00175244163256, 0.00172509253025, 0.00148241862189, 0.00226078717969, 0.00211085472256, 0.00237483507954, 0.00372462789528, 0.00730132730678, 0.0040896832943, 0.00333089265041, 0.00158101308625, 0.000794051622506, 0.000128397994558, 7.22898621461e-005, 4.83992807858e-005, 3.99887358071e-006, 4.20074197649e-009, 1.18709897468e-009]
        mean: [2.54369552977e-007, 0.00015138577146, 0.000344223022694, 0.000271016790066, 0.000622007180937, 0.000353758980054, 0.000191282073501, 0.000180918330443, 0.000235519124544, 9.82293931884e-005, 6.86117055011e-005, 9.30921742111e-005, 7.71852064645e-005, 8.87382775545e-005, 9.96107701212e-005, 0.000257391046034, 0.000381721794838, 0.000678187527228, 0.000740934105124, 0.000470564846182, 0.000284931156784, 7.55951550673e-005, 1.24751932162e-005, 4.74232729175e-006, 2.64180584963e-006, 8.22846715209e-008, 1.81511625175e-010, 5.11587057439e-011]
        median: [3.22170023992e-008, 0.000125249120174, 0.000269952812232, 0.000160152907483, 0.000408255145885, 0.000232994236285, 0.00010400863539, 6.87513092998e-005, 6.70348817948e-005, 4.54475230072e-005, 2.96723846986e-005, 3.84352933906e-005, 3.23928870785e-005, 5.23605995113e-005, 7.22932454664e-005, 0.000225481024245, 0.000323114567436, 0.00055693439208, 0.000676064402796, 0.000385984370951, 0.000243154165219, 4.4062602683e-005, 8.42498138809e-006, 2.9143775464e-006, 1.18621790079e-006, 3.13053085677e-008, 7.52556073014e-011, 2.09762190256e-011]
        min: [7.57032044025e-025, 3.35538420384e-023, 1.69845492095e-023, 4.59248826053e-024, 2.53596819141e-023, 4.69554938792e-023, 5.84703387405e-023, 5.51712908805e-023, 7.41038579425e-023, 1.26638605284e-022, 6.9900775485e-023, 7.97876260081e-023, 6.36189309463e-023, 7.3690501139e-023, 1.11260841098e-022, 1.21006176286e-022, 1.33697799669e-022, 1.31168509659e-022, 2.31162018893e-022, 2.40847337543e-022, 3.52811716351e-022, 4.54963776214e-022, 5.90061393783e-022, 8.08532142702e-022, 1.01775062605e-021, 1.58892701793e-021, 2.37559143147e-021, 9.13495374665e-022]
        var: [2.30130530517e-013, 1.58611328516e-008, 8.92646454531e-008, 1.15247729582e-007, 5.25844257027e-007, 1.4455991959e-007, 8.07297340089e-008, 1.09427666928e-007, 1.56875799462e-007, 3.78593405514e-008, 1.49952334993e-008, 2.35110153568e-008, 1.89155393571e-008, 1.47884859913e-008, 1.25168515552e-008, 3.428284856e-008, 8.83000197405e-008, 2.93242834459e-007, 1.95778014245e-007, 1.38280000783e-007, 3.83894693812e-008, 8.5059683741e-009, 1.51325396658e-010, 3.29125268705e-011, 1.445046513e-011, 3.69881839187e-014, 7.97819772087e-020, 6.4309649477e-021]
    mfcc:
        mean: [-683.396972656, 94.5001754761, -44.8056793213, 71.7095718384, -9.78439903259, -7.43451356888, -2.18442106247, -3.42632842064, -1.57335972786, -7.13981819153, -3.18945884705, -2.89295125008, -5.64279317856]
        cov: [[2452.98242188, 209.441879272, -132.533172607, -27.8734760284, -72.6762542725, 38.6842308044, -5.11875963211, 92.1000747681, 68.5175628662, 71.1613540649, 61.2323150635, 37.4672088623, 33.8819503784], [209.441879272, 558.396972656, -176.601287842, 160.345275879, -1.15098166466, 12.0245132446, 16.3921375275, -7.27103185654, 21.5414524078, -12.3685646057, -15.2912349701, 7.62491798401, -1.53145134449], [-132.533172607, -176.601287842, 273.975708008, -17.5108528137, 47.3366355896, 14.9275388718, 3.55128192902, 1.73131394386, -15.4758253098, -4.01882648468, -15.1745271683, -17.810956955, 5.46559333801], [-27.8734760284, 160.345275879, -17.5108528137, 293.762207031, 94.9811401367, 45.2584648132, -14.4065008163, -47.3524208069, 26.3501415253, -8.09384250641, -25.7346534729, -15.6508731842, 31.8867607117], [-72.6762542725, -1.15098166466, 47.3366355896, 94.9811401367, 144.306640625, 43.1108703613, 6.97372674942, -25.4899311066, 1.74078214169, 2.64257502556, -10.4080753326, 0.71505934, 15.0859365463], [38.6842308044, 12.0245132446, 14.9275388718, 45.2584648132, 43.1108703613, 109.012077332, 37.4046859741, -11.4855470657, -11.84192276, -6.40109348297, -15.3015155792, -13.9696216583, 11.4554033279], [-5.11875963211, 16.3921375275, 3.55128192902, -14.4065008163, 6.97372674942, 37.4046859741, 119.770835876, 46.1165008545, 23.5088005066, -11.1778850555, -2.1118042469, 1.68233394623, 1.92865121365], [92.1000747681, -7.27103185654, 1.73131394386, -47.3524208069, -25.4899311066, -11.4855470657, 46.1165008545, 90.0072937012, 31.2937889099, 12.6927566528, 7.73235464096, 4.40216588974, -5.16163635254], [68.5175628662, 21.5414524078, -15.4758253098, 26.3501415253, 1.74078214169, -11.84192276, 23.5088005066, 31.2937889099, 77.3777160645, 30.1649551392, 17.0077857971, 0.69193816185, 2.75375652313], [71.1613540649, -12.3685646057, -4.01882648468, -8.09384250641, 2.64257502556, -6.40109348297, -11.1778850555, 12.6927566528, 30.1649551392, 64.0051574707, 25.8868255615, 8.47915172577, -1.92503225803], [61.2323150635, -15.2912349701, -15.1745271683, -25.7346534729, -10.4080753326, -15.3015155792, -2.1118042469, 7.73235464096, 17.0077857971, 25.8868255615, 63.0973091125, 29.0868415833, 1.27470076084], [37.4672088623, 7.62491798401, -17.810956955, -15.6508731842, 0.71505934, -13.9696216583, 1.68233394623, 4.40216588974, 0.69193816185, 8.47915172577, 29.0868415833, 51.035736084, 16.8646240234], [33.8819503784, -1.53145134449, 5.46559333801, 31.8867607117, 15.0859365463, 11.4554033279, 1.92865121365, -5.16163635254, 2.75375652313, -1.92503225803, 1.27470076084, 16.8646240234, 50.3124809265]]
        icov: [[0.00049836729886, -0.000224434377742, 7.60115071898e-005, 0.000172217492945, 0.000187366211321, -0.000588216353208, 0.000512911530677, -0.000599211314693, -0.000276061327895, -0.0001885748934, -0.000293828983558, -3.52101160388e-005, -0.000436098693172], [-0.000224434377742, 0.00302024115808, 0.00155260309111, -0.00204420811497, 0.000611208437476, 0.000265210110229, -0.000838802254293, -5.93524018768e-005, 0.000306932372041, 0.000183131851372, 0.00112764630467, -0.00148454401642, 0.00161164288875], [7.60115071898e-005, 0.00155260309111, 0.00519324932247, -4.48385762866e-005, -0.00176155054942, 0.000243069123826, -0.000195453772903, -0.000957993441261, 0.00105255842209, -0.000120859127492, 0.000391206180211, 0.00174299906939, -0.000814005208667], [0.000172217492945, -0.00204420811497, -4.48385762866e-005, 0.00746354553849, -0.00360967451707, -0.00157037482131, 0.00212043919601, 0.00220978143625, -0.00452034873888, 0.00170294463169, 0.000638919475023, 0.00250230566598, -0.00386060285382], [0.000187366211321, 0.000611208437476, -0.00176155054942, -0.00360967451707, 0.011256291531, -0.00284493574873, -0.00099073338788, 0.00177442363929, -0.000165741395904, -0.00195976905525, 0.001647487632, -0.00397877255455, 0.00109015859198], [-0.000588216353208, 0.000265210110229, 0.000243069123826, -0.00157037482131, -0.00284493574873, 0.0154822003096, -0.00750267226249, 0.00272196973674, 0.00603007618338, -0.00331316702068, -0.000165021163411, 0.00589261529967, -0.0031599404756], [0.000512911530677, -0.000838802254293, -0.000195453772903, 0.00212043919601, -0.00099073338788, -0.00750267226249, 0.0158823709935, -0.0073540979065, -0.00645787082613, 0.00651589687914, -0.000151508691488, -0.00265370309353, 0.000444549776148], [-0.000599211314693, -5.93524018768e-005, -0.000957993441261, 0.00220978143625, 0.00177442363929, 0.00272196973674, -0.0073540979065, 0.0195973161608, -0.0053312596865, -0.0024135003332, 0.00247227819636, -0.0011222086614, 0.000758887850679], [-0.000276061327895, 0.000306932372041, 0.00105255842209, -0.00452034873888, -0.000165741395904, 0.00603007618338, -0.00645787082613, -0.0053312596865, 0.0249956548214, -0.0103806164116, -0.00473702745512, 0.00635997625068, -0.00245396257378], [-0.0001885748934, 0.000183131851372, -0.000120859127492, 0.00170294463169, -0.00195976905525, -0.00331316702068, 0.00651589687914, -0.0024135003332, -0.0103806164116, 0.0253042895347, -0.0068228058517, -0.00113032734953, 0.00199910392985], [-0.000293828983558, 0.00112764630467, 0.000391206180211, 0.000638919475023, 0.001647487632, -0.000165021163411, -0.000151508691488, 0.00247227819636, -0.00473702745512, -0.0068228058517, 0.0281138643622, -0.0161372702569, 0.00428290572017], [-3.52101160388e-005, -0.00148454401642, 0.00174299906939, 0.00250230566598, -0.00397877255455, 0.00589261529967, -0.00265370309353, -0.0011222086614, 0.00635997625068, -0.00113032734953, -0.0161372702569, 0.0371224321425, -0.0143846226856], [-0.000436098693172, 0.00161164288875, -0.000814005208667, -0.00386060285382, 0.00109015859198, -0.0031599404756, 0.000444549776148, 0.000758887850679, -0.00245396257378, 0.00199910392985, 0.00428290572017, -0.0143846226856, 0.0281310919672]]
    sccoeffs:
        dmean: [0.0523899644613, 0.0468728728592, 0.0347180590034, 0.0279844850302, 0.0191448293626, 0.0174012687057]
        dmean2: [0.0867294594646, 0.0778992027044, 0.0583043545485, 0.0474506244063, 0.0326867103577, 0.0283112190664]
        dvar: [0.00173221016303, 0.00141891778912, 0.000770443934016, 0.000472277781228, 0.000233839688008, 0.000217136432184]
        dvar2: [0.00465258443728, 0.0038630743511, 0.00215446134098, 0.00134051672649, 0.00064603111241, 0.00052711321041]
        max: [-0.361302435398, -0.503069698811, -0.583891689777, -0.637461960316, -0.578660428524, -0.572100222111]
        mean: [-0.644001066685, -0.743187010288, -0.800057828426, -0.801385641098, -0.799688994884, -0.72443151474]
        median: [-0.646415710449, -0.747718274593, -0.807731628418, -0.803660035133, -0.802421092987, -0.723635554314]
        min: [-0.950156211853, -0.964501738548, -0.964323222637, -0.958009719849, -0.961011588573, -0.963722467422]
        var: [0.00427660671994, 0.00408625835553, 0.00290342047811, 0.00124881486408, 0.000741334690247, 0.00138761522248]
    scvalleys:
        dmean: [0.395659863949, 0.324883520603, 0.281418263912, 0.23600140214, 0.205191135406, 0.257916003466]
        dmean2: [0.661583960056, 0.53480643034, 0.46231046319, 0.383414447308, 0.324009418488, 0.400409340858]
        dvar: [0.126088514924, 0.0961444750428, 0.0754264220595, 0.0662005767226, 0.0666766837239, 0.114462986588]
        dvar2: [0.290599286556, 0.211069017649, 0.150826588273, 0.123185813427, 0.114679470658, 0.233612805605]
        max: [-5.09964036942, -4.6228222847, -5.45177078247, -5.63969421387, -5.33123445511, -7.84290838242]
        mean: [-6.62432909012, -6.42050027847, -6.97573280334, -7.00847434998, -6.41800451279, -9.47704792023]
        median: [-6.46966171265, -6.34626102448, -6.93293046951, -6.92990732193, -6.31984853745, -9.41897773743]
        min: [-27.3744297028, -27.223690033, -27.3297767639, -27.3982219696, -27.2717571259, -27.2108802795]
        var: [0.712659478188, 0.486208289862, 0.468659937382, 0.408939212561, 0.376029163599, 0.761670410633]

rhythm:
    beats_loudness:
        dmean: 0.00132858997677
        dmean2: 0.00222250190563
        dvar: 1.36780920457e-006
        dvar2: 3.87303271054e-006
        max: 0.011581890285
        mean: 0.00597183965147
        median: 0.0059078913182
        min: 7.99585336608e-007
        var: 2.8539284358e-006
    bpm: 154.915054321
    bpm_confidence: 0
    first_peak_bpm: 157
    first_peak_spread: 0.0308641940355
    first_peak_weight: 0.244929790497
    onset_rate: 3.18089199066
    second_peak_bpm: 172
    second_peak_spread: 0
    second_peak_weight: 0.166926681995
    beats_loudness_band_ratio:
        dmean: [0.101263538003, 0.0713770538568, 0.0716502591968, 0.0331141874194, 0.0903234630823, 0.0810131877661]
        dmean2: [0.179299503565, 0.118622519076, 0.124687992036, 0.0575248710811, 0.157702490687, 0.142262592912]
        dvar: [0.00816402491182, 0.00476837484166, 0.0054149874486, 0.00236615817994, 0.00652587274089, 0.00549201061949]
        dvar2: [0.0261518061161, 0.0133262472227, 0.0155294938013, 0.00674076285213, 0.0194027014077, 0.0166951548308]
        max: [0.820177733898, 0.493072122335, 0.469130963087, 0.591534495354, 0.7537946105, 0.789207279682]
        mean: [0.19392003119, 0.133926540613, 0.114717938006, 0.0563379973173, 0.279941916466, 0.267676770687]
        median: [0.179533347487, 0.108894005418, 0.0879278928041, 0.039927650243, 0.27488809824, 0.264312237501]
        min: [0.000205901276786, 0.000601601903327, 0.00851768814027, 0.0031487676315, 0.039977286011, 0.0192499868572]
        var: [0.0105926552787, 0.00811831559986, 0.00726653356105, 0.00273701478727, 0.00855330750346, 0.00730933342129]
    beats_position: [0.394739210606, 0.789478421211, 1.18421769142, 1.55573689938, 1.91564619541, 2.27555561066, 2.62385487556, 2.9837641716, 3.34367346764, 3.69197273254, 4.04027223587, 4.38857126236, 4.74848079681, 5.10838985443, 5.45668935776, 5.80498838425, 6.15328788757, 6.51319694519, 6.87310647964, 7.22140598297, 7.56970500946, 7.91800451279, 8.27791404724, 8.63782310486, 8.98612213135, 9.33442115784, 9.682721138, 10.0426301956, 10.4025392532, 10.7508392334, 11.0991382599, 11.4474372864, 11.807346344, 12.1672563553, 12.5155553818, 12.8638544083, 13.2121543884, 13.572063446, 13.9319725037, 14.2802715302, 14.6285715103, 14.9768705368, 15.3367795944, 15.696688652, 16.0449886322, 16.3932876587, 16.7415866852, 17.1014957428, 17.4614048004, 17.8097057343, 18.1580047607, 18.5063037872, 18.8662128448, 19.2261219025, 19.574420929, 19.9227199554, 20.2710208893, 20.6309299469, 20.9908390045, 21.339138031, 21.6874370575, 22.035736084, 22.3956451416, 22.7555541992, 23.1038551331, 23.4521541595, 23.800453186, 24.1603622437, 24.5202713013, 24.8801803589, 25.2516994476, 25.6232185364, 26.0063495636, 26.3778686523, 26.7609977722, 27.1441268921, 27.5040359497, 27.8639450073, 28.2122440338, 28.5721530914, 28.932062149, 29.2803630829, 29.6286621094, 29.9769611359, 30.3252601624, 30.6735591888, 31.0334682465, 31.3933773041, 31.7416782379, 32.0899772644, 32.449886322, 32.8097953796, 33.1580963135, 33.5063934326, 33.8546943665, 34.2146034241, 34.5745124817, 34.9344215393, 35.2827186584, 35.6310195923, 35.9909286499, 36.3392295837, 36.6875267029, 37.0358276367, 37.3841247559, 37.7324256897, 38.0923347473, 38.4522438049, 38.8005447388, 39.1604537964, 39.5087509155, 39.8570518494, 40.216960907, 40.5768699646, 40.9367790222, 41.2850799561, 41.6333770752, 41.9932861328, 42.3415870667, 42.6898841858, 43.0497932434, 43.3980941772, 43.7463951111, 44.0946922302, 44.4429931641, 44.7912902832, 45.139591217, 45.4995002747, 45.8594093323, 46.2077102661, 46.5676193237, 46.9159164429, 47.2758255005, 47.6241264343, 47.9840354919, 48.3439445496, 48.6922454834, 49.0405426025, 49.3888435364, 49.7371406555, 50.0970497131, 50.4569587708, 50.8052597046, 51.1535606384, 51.5018577576, 51.8501586914, 52.210067749, 52.5699768066, 52.9182739258, 53.2665748596, 53.6264839172, 53.9863929749, 54.3346939087, 54.6946029663, 55.0429000854, 55.4028091431, 55.7511100769, 56.0994110107, 56.4477081299, 56.7960090637, 57.1443061829, 57.4926071167, 57.8525161743, 58.2124252319, 58.5607261658, 58.9206352234, 59.280544281, 59.6288414001, 59.977142334, 60.3370513916, 60.6969604492, 61.0452613831, 61.3935585022, 61.741859436, 62.0901565552, 62.4500656128, 62.8099746704, 63.1582756042, 63.5065765381, 63.8548736572, 64.2031707764, 64.5514755249, 64.9113845825, 65.2712936401, 65.6195907593, 65.9678878784, 66.316192627, 66.6761016846, 67.0360107422, 67.3843078613, 67.7326049805, 68.0925140381, 68.4524230957, 68.8007278442, 69.1606369019, 69.5205459595, 69.9268951416, 70.3332443237, 70.7279815674, 71.122718811, 71.5174560547, 71.9005889893, 72.2953262329, 72.6784591675, 73.0731964111, 73.4563217163, 73.8394546509, 74.2341918945, 74.6173248291, 75.0004501343, 75.3951950073, 75.789932251, 76.1730575562, 76.5561904907, 76.9393157959, 77.3224487305, 77.7055740356, 78.1003189087, 78.4834442139, 78.8781814575, 79.2613143921, 79.6444396973, 80.0391845703, 80.4223098755, 80.8054428101, 81.2001800537, 81.5949172974, 81.9780502319, 82.3611755371, 82.7559204102, 83.1390457153, 83.5221786499, 83.9053039551, 84.2884368896, 84.6831741333, 85.0662994385, 85.449432373, 85.8441696167, 86.2273025513, 86.6104278564, 87.0051651001, 87.3882980347, 87.7714233398, 88.1661682129, 88.5609054565, 88.9440383911, 89.3271636963, 89.7219009399, 90.1050338745, 90.4881591797, 90.8712921143, 91.2544174194, 91.6491622925, 92.0438995361, 92.4270248413, 92.8101577759, 93.2048950195, 93.5880279541, 93.9711532593, 94.3658905029, 94.7490234375, 95.1321487427, 95.5268936157, 95.9100189209, 96.2931518555, 96.6878890991, 97.0710220337, 97.4541473389, 97.8488845825, 98.2320175171, 98.6151428223, 99.0098876953, 99.3930130005, 99.7761459351, 100.15927124, 100.554008484, 100.937141418, 101.331878662, 101.726615906, 102.10974884, 102.492874146, 102.87600708, 103.259140015, 103.653877258, 104.048614502, 104.431747437, 104.814872742, 105.198005676, 105.581130981, 105.964263916, 106.347389221, 106.742126465, 107.125259399, 107.508384705, 107.891517639, 108.274642944, 108.669387817, 109.064125061, 109.458862305, 109.841995239, 110.225120544, 110.619865417, 111.014602661, 111.397727966, 111.780860901, 112.163986206, 112.547119141, 112.930244446, 113.31337738, 113.708114624, 114.091247559, 114.485984802, 114.869110107, 115.26385498, 115.646980286, 116.03011322, 116.424850464, 116.819587708, 117.202720642, 117.585845947, 117.968978882, 118.352104187, 118.74684906, 119.129974365, 119.5131073, 119.907844543, 120.302581787, 120.685714722, 121.068840027, 121.463577271, 121.846710205, 122.22983551, 122.612968445, 122.99609375, 123.390838623, 123.773963928, 124.157096863, 124.551834106, 124.934967041, 125.318092346, 125.71282959, 126.107574463, 126.490699768, 126.873832703, 127.268569946, 127.651695251, 128.034820557, 128.42956543, 128.812698364, 129.195831299, 129.590560913, 129.973693848, 130.356826782, 130.751556396, 131.134689331, 131.517822266, 131.9009552, 132.295684814, 132.678817749, 133.073562622, 133.456680298, 133.839813232, 134.234558105, 134.61769104, 135.000808716, 135.395553589, 135.778686523, 136.161804199, 136.544937134, 136.928070068, 137.322814941, 137.717544556, 138.10067749, 138.483810425, 138.878540039, 139.261672974, 139.644805908, 140.039550781, 140.422668457, 140.805801392, 141.200546265, 141.58366394, 141.966796875, 142.361541748, 142.744674683, 143.127792358, 143.510925293, 143.894058228, 144.288803101, 144.671920776, 145.055053711, 145.449798584, 145.844528198, 146.227661133, 146.610794067, 147.005523682, 147.400268555, 147.783401489, 148.166534424, 148.5496521, 148.932785034, 149.327529907, 149.710647583, 150.105392456, 150.488525391, 150.883255005, 151.277999878, 151.661132813, 152.044265747, 152.427383423, 152.810516357, 153.193649292, 153.576782227, 153.971511841, 154.366256714, 154.749389648, 155.132507324, 155.527252197, 155.910385132, 156.305114746, 156.688247681, 157.071380615, 157.45451355, 157.826034546, 158.22076416, 158.615509033, 159.010253906, 159.393371582, 159.776504517, 160.159637451, 160.542770386, 160.925888062, 161.309020996, 161.703765869, 162.098495483, 162.481628418, 162.864761353, 163.259490967, 163.65423584, 164.048980713, 164.443710327, 164.8384552, 165.279632568, 165.720809937, 166.150375366, 166.603164673, 167.055953979, 167.508743286, 167.961532593, 168.414321899, 168.878723145, 169.34312439, 169.807525635, 170.27192688, 170.736328125, 171.189117432, 171.641906738, 172.094696045, 172.547485352, 172.98866272, 173.429840088, 173.871017456, 174.312194824, 174.753372192, 175.194549561, 175.647338867, 176.100128174, 176.541305542, 176.982498169, 177.423675537, 177.876464844, 178.32925415, 178.770431519, 179.211608887, 179.652786255, 180.093963623, 180.535140991, 180.976318359, 181.417495728, 181.858688354, 182.311477661, 182.764266968, 183.205444336, 183.646621704, 184.087799072, 184.540588379, 184.993377686, 185.434555054, 185.875732422, 186.31690979, 186.758087158, 187.199264526, 187.640457153, 188.081634521, 188.534423828, 188.987213135, 189.428390503, 189.869567871, 190.310745239, 190.763534546, 191.216323853, 191.657501221, 192.098678589, 192.539855957, 192.981033325, 193.422225952, 193.86340332, 194.316192627, 194.768981934, 195.210159302, 195.65133667, 196.092514038, 196.533691406, 196.974868774, 197.427658081, 197.868835449, 198.321624756, 198.762802124, 199.203994751, 199.645172119, 200.086349487, 200.539138794, 200.991928101, 201.433105469, 201.874282837, 202.315460205, 202.756637573, 203.20942688, 203.662216187, 204.149841309, 204.637451172, 205.252792358, 205.868118286, 206.495056152, 207.098770142, 207.679275513, 208.259765625, 208.840270996, 209.420761108, 210.001266479, 210.581771851, 211.162261963, 211.742767334, 212.323257446, 212.903762817, 213.48425293, 214.064758301, 214.645263672, 215.225753784, 215.806259155, 216.386749268, 216.967254639, 217.547744751, 218.128250122, 218.708755493, 219.289245605, 219.869750977, 220.450241089, 221.03074646, 221.611236572, 222.191741943, 222.772247314, 223.352737427, 223.933242798, 224.51373291, 225.094238281, 225.674728394, 226.255233765, 226.835739136, 227.416229248, 227.996734619, 228.565612793, 229.146118164, 229.738220215, 230.318725586, 231.084991455, 231.851242065, 232.629104614, 233.406982422, 234.184844971, 234.962722778, 235.740585327, 236.518447876, 237.284713745, 238.050964355, 238.828842163, 239.606704712, 240.38458252, 241.162445068, 241.928695679, 242.694961548, 243.472824097, 244.250701904, 245.028564453, 245.806442261, 246.572692871, 247.33895874, 248.116821289, 248.894683838, 249.672561646, 250.438812256, 251.216690063, 251.982940674, 252.760818481, 253.53868103, 254.316543579, 255.094421387, 255.82585144, 256.557281494, 257.277099609, 257.985290527, 258.693511963, 259.390106201, 260.109924316, 260.818145752, 261.52633667, 262.234558105, 262.942749023, 263.662567139, 264.359191895, 265.055786133, 265.752380371, 266.460571289, 267.168792725, 267.87701416, 268.573608398, 269.281799316, 269.990020752, 270.69821167, 271.394836426, 272.103027344, 272.811248779, 273.519439697, 274.227661133, 274.935882568, 275.644073486, 276.340667725, 277.037261963, 277.745483398, 278.442077637, 279.138671875, 279.846893311]
