
metadata:
    version:
        essentia: "2.1-beta2"
    audio_properties:
        analysis_sample_rate: 44100
        bitrate: 192
        channels: 2
        equal_loudness: 1
        length: 244.871841431
        replay_gain: -14.7417087555
        downmix: "mix"
    tags:
        album: "The Undying Darkness"
        artist: "Caliban"
        comment: "caliban.ru"
        date: "2006"
        genre: "Metalcore"
        title: "No More 2Nd Chances"
        tracknumber: "08"

configuration:
    average_loudness:
        compute: 1
        frameSize: 88200
        hopSize: 44100
        silentFrames: "noise"
        windowType: "hann"
    general:
        analysisSampleRate: 44100
        endTime: 2000
        equalLoudness: 1
        nequalLoudness: 0
        shortSound: 0
        startTime: 0
    lowlevel:
        compute: 1
        frameSize: 2048
        hopSize: 1024
        zeroPadding: 0
        silentFrames: "noise"
        windowType: "blackmanharris62"
        mfccStats: ["mean", "cov", "icov"]
        stats: ["mean", "var", "median", "min", "max", "dmean", "dmean2", "dvar", "dvar2"]
    panning:
        compute: 0
        frameSize: 8192
        hopSize: 2048
        zeroPadding: 8192
        silentFrames: "noise"
        windowType: "hann"
        stats: ["copy"]
    rhythm:
        compute: 1
        maxTempo: 208
        minTempo: 40
        method: "degara"
        stats: ["mean", "var", "median", "min", "max", "dmean", "dmean2", "dvar", "dvar2"]
    segmentation:
        compute: 0
        cpw: 5
        inc1: 300
        inc2: 50
        minimumSegmentsLength: 10
        size1: 1000
        size2: 600
    sfx:
        compute: 1
        stats: ["mean", "var", "median", "min", "max", "dmean", "dmean2", "dvar", "dvar2"]
    svm:
        compute: 0
    tonal:
        compute: 1
        frameSize: 4096
        hopSize: 2048
        zeroPadding: 0
        silentFrames: "noise"
        windowType: "blackmanharris62"
        stats: ["mean", "var", "median", "min", "max", "dmean", "dmean2", "dvar", "dvar2"]

lowlevel:
    average_loudness: 0.94478392601
    barkbands_kurtosis:
        dmean: 0.709067702293
        dmean2: 1.20013451576
        dvar: 1.34599041939
        dvar2: 3.57596278191
        max: 24.6422195435
        mean: -0.787583529949
        median: -1.1848025322
        min: -1.8999055624
        var: 1.79356896877
    barkbands_skewness:
        dmean: 0.430316716433
        dmean2: 0.676890492439
        dvar: 0.173592850566
        dvar2: 0.417249768972
        max: 5.04654359818
        mean: -0.401565521955
        median: -0.479994356632
        min: -3.80219745636
        var: 0.580495893955
    barkbands_spread:
        dmean: 6.09490680695
        dmean2: 10.1752300262
        dvar: 29.8731365204
        dvar2: 80.4603500366
        max: 71.1878356934
        mean: 39.0243225098
        median: 39.1208114624
        min: 3.27619791031
        var: 70.3047637939
    dissonance:
        dmean: 0.00768746575341
        dmean2: 0.0132167534903
        dvar: 5.64097135793e-005
        dvar2: 0.000161237359862
        max: 0.500000119209
        mean: 0.487541824579
        median: 0.48962533474
        min: 0.383206188679
        var: 7.70443366491e-005
    hfc:
        dmean: 3.76732468605
        dmean2: 6.34805583954
        dvar: 24.4961795807
        dvar2: 66.3776397705
        max: 47.347530365
        mean: 11.7797374725
        median: 11.1007013321
        min: 1.2268603879e-016
        var: 37.5395011902
    pitch:
        dmean: 863.057678223
        dmean2: 1638.9543457
        dvar: 1624499.375
        dvar2: 3953342.75
        max: 4638.77490234
        mean: 2614.87109375
        median: 3362.9465332
        min: 64.3918533325
        var: 2007092.25
    pitch_instantaneous_confidence:
        dmean: 0.0760160163045
        dmean2: 0.128721669316
        dvar: 0.0037015946582
        dvar2: 0.0104152094573
        max: 0.792824864388
        mean: 0.370871424675
        median: 0.366625845432
        min: 0.101706326008
        var: 0.00939344521612
    pitch_salience:
        dmean: 0.0549453049898
        dmean2: 0.0918778926134
        dvar: 0.00253630033694
        dvar2: 0.00701914262027
        max: 0.94781601429
        mean: 0.693003118038
        median: 0.703869700432
        min: 0.177563756704
        var: 0.00466568814591
    silence_rate_20dB:
        dmean: 0
        dmean2: 0
        dvar: 0
        dvar2: 0
        max: 1
        mean: 1
        median: 1
        min: 1
        var: 0
    silence_rate_30dB:
        dmean: 0
        dmean2: 0
        dvar: 0
        dvar2: 0
        max: 1
        mean: 1
        median: 1
        min: 1
        var: 0
    silence_rate_60dB:
        dmean: 0.0305329039693
        dmean2: 0.0610715970397
        dvar: 0.0296028461307
        dvar2: 0.0704227462411
        max: 1
        mean: 0.110078692436
        median: 0
        min: 0
        var: 0.0979761555791
    spectral_centroid:
        dmean: 309.234832764
        dmean2: 490.58416748
        dvar: 96690.90625
        dvar2: 217200.03125
        max: 11069.8798828
        mean: 2047.34326172
        median: 2103.50463867
        min: 184.195236206
        var: 275025.90625
    spectral_complexity:
        dmean: 4.62867450714
        dmean2: 7.28477954865
        dvar: 18.0767173767
        dvar2: 42.9324607849
        max: 47
        mean: 21.7814540863
        median: 23
        min: 0
        var: 71.4115066528
    spectral_crest:
        dmean: 1.65656471252
        dmean2: 2.79635334015
        dvar: 2.61429429054
        dvar2: 6.83980178833
        max: 23.8288784027
        mean: 6.07829666138
        median: 5.53010511398
        min: 2.55563735962
        var: 5.10129976273
    spectral_decrease:
        dmean: 3.24103716087e-010
        dmean2: 5.46907130694e-010
        dvar: 1.78319835367e-019
        dvar2: 4.84099491883e-019
        max: 4.65774089895e-029
        mean: -1.21461640745e-009
        median: -1.14861320455e-009
        min: -4.38548841686e-009
        var: 2.9133774218e-019
    spectral_energy:
        dmean: 0.00151687127072
        dmean2: 0.00256372056901
        dvar: 3.84515260521e-006
        dvar2: 1.04120072137e-005
        max: 0.0197309851646
        mean: 0.00565270008519
        median: 0.00535831134766
        min: 1.11890467716e-020
        var: 6.28171164863e-006
    spectral_energyband_high:
        dmean: 0.00034931578557
        dmean2: 0.000615384429693
        dvar: 2.90872435471e-007
        dvar2: 8.04579315172e-007
        max: 0.00426052324474
        mean: 0.000672847323585
        median: 0.000546306662727
        min: 7.85354031009e-021
        var: 2.73313872867e-007
    spectral_energyband_low:
        dmean: 0.000331509450916
        dmean2: 0.000552334764507
        dvar: 1.32557715915e-007
        dvar2: 3.57505513193e-007
        max: 0.00510317413136
        mean: 0.000641348364297
        median: 0.000538392807357
        min: 8.01998720954e-023
        var: 2.14301564938e-007
    spectral_energyband_middle_high:
        dmean: 0.000846828159411
        dmean2: 0.00138646061532
        dvar: 8.45526699322e-007
        dvar2: 2.19847106564e-006
        max: 0.0123430760577
        mean: 0.00300568225794
        median: 0.00286637269892
        min: 1.44351347262e-021
        var: 2.37247877521e-006
    spectral_energyband_middle_low:
        dmean: 0.000714716268703
        dmean2: 0.00121223274618
        dvar: 1.27474424971e-006
        dvar2: 3.50293203155e-006
        max: 0.0106355054304
        mean: 0.00150603917427
        median: 0.00118666607887
        min: 3.50092582231e-022
        var: 1.49937341121e-006
    spectral_flatness_db:
        dmean: 0.0131446644664
        dmean2: 0.021866697818
        dvar: 0.000140841933899
        dvar2: 0.000372062699171
        max: 0.281073898077
        mean: 0.146208584309
        median: 0.141918376088
        min: 0.0515534542501
        var: 0.000500454974826
    spectral_flux:
        dmean: 0.00780254416168
        dmean2: 0.0121541107073
        dvar: 8.56079132063e-005
        dvar2: 0.000155086745508
        max: 0.115336067975
        mean: 0.0465531460941
        median: 0.045150000602
        min: 1.05778288906e-010
        var: 0.000225369803957
    spectral_kurtosis:
        dmean: 0.893920838833
        dmean2: 1.54291701317
        dvar: 0.769282341003
        dvar2: 2.3031232357
        max: 12.1457910538
        mean: 2.89555072784
        median: 2.76081776619
        min: -1.24833261967
        var: 1.36701011658
    spectral_rms:
        dmean: 0.000296219950542
        dmean2: 0.000491047976539
        dvar: 1.21077036397e-007
        dvar2: 3.20229219142e-007
        max: 0.00438745273277
        mean: 0.00227875565179
        median: 0.00228639901616
        min: 3.30395866915e-012
        var: 3.22130858876e-007
    spectral_rolloff:
        dmean: 326.899993896
        dmean2: 538.875793457
        dvar: 212781.8125
        dvar2: 468646.9375
        max: 18970.7519531
        mean: 3639.38476563
        median: 3703.7109375
        min: 86.1328125
        var: 390834.21875
    spectral_skewness:
        dmean: 0.140992879868
        dmean2: 0.236423194408
        dvar: 0.0166241824627
        dvar2: 0.0453599281609
        max: 2.54940652847
        mean: 1.08387339115
        median: 1.09862685204
        min: -0.0354804471135
        var: 0.0544973872602
    spectral_spread:
        dmean: 412641.59375
        dmean2: 615260.75
        dvar: 462143291392
        dvar2: 644905631744
        max: 43753488
        mean: 4390800
        median: 4305153
        min: 2116773.25
        var: 1.25189737677e+012
    spectral_strongpeak:
        dmean: 0.548245549202
        dmean2: 0.982176184654
        dvar: 0.647572278976
        dvar2: 1.709649086
        max: 6.45132541656
        mean: 0.612272202969
        median: 0.197821766138
        min: 1.84236501055e-010
        var: 0.79889857769
    zerocrossingrate:
        dmean: 0.00782185234129
        dmean2: 0.00949752144516
        dvar: 6.72136884532e-005
        dvar2: 8.2582111645e-005
        max: 0.51611328125
        mean: 0.112746953964
        median: 0.11572265625
        min: 0.02001953125
        var: 0.000397766416427
    barkbands:
        dmean: [2.54013485801e-007, 9.55646173679e-005, 0.000224354211241, 0.000223497903789, 0.000391729787225, 0.000131064618472, 0.000101104989881, 0.000105236518721, 0.000111987137643, 7.50014078221e-005, 6.4360210672e-005, 5.41961526324e-005, 4.03357335017e-005, 4.81477582071e-005, 5.95665696892e-005, 0.000130813583382, 0.000173808861291, 0.000336279306794, 0.000354530464392, 0.000283560482785, 0.00014889537124, 5.94669982092e-005, 6.97889527146e-006, 2.35223842537e-006, 1.65443248079e-006, 4.00661406275e-008, 2.31239416504e-010]
        dmean2: [4.59040364831e-007, 0.000163187432918, 0.000371952657588, 0.000377922871849, 0.000673332542647, 0.000226286385441, 0.000170064900885, 0.000176118905074, 0.000188022560906, 0.000125194725115, 0.000107278749056, 9.00357626961e-005, 6.67969216011e-005, 7.98039909569e-005, 9.86698651104e-005, 0.000220640125917, 0.000289090647129, 0.000564221933018, 0.000598835234996, 0.000493202300277, 0.000257151201367, 0.000106495550426, 1.18043781185e-005, 3.81074801226e-006, 2.78899756267e-006, 6.41104307419e-008, 4.29731167317e-010]
        dvar: [2.74816600683e-013, 1.49329011379e-008, 6.62967707399e-008, 1.18736465993e-007, 5.27439738107e-007, 5.1810463475e-008, 5.02429315929e-008, 6.22890112822e-008, 5.92187383575e-008, 2.90844983653e-008, 2.0641909515e-008, 9.85970594058e-009, 5.19829246315e-009, 6.12594153182e-009, 1.27352022261e-008, 2.54674006328e-008, 5.23229850558e-008, 1.48785105125e-007, 1.48780046061e-007, 1.49609320488e-007, 3.50762974222e-008, 1.18416894068e-008, 1.24933410839e-010, 1.48016945922e-011, 7.52224931649e-012, 8.19705800903e-015, 1.06759109332e-019]
        dvar2: [7.94393359687e-013, 4.21888231017e-008, 1.69726888544e-007, 3.18009938383e-007, 1.49598258758e-006, 1.38844498565e-007, 1.28765236695e-007, 1.63500885719e-007, 1.58683903351e-007, 7.92526861915e-008, 5.51545049632e-008, 2.66396593673e-008, 1.33596431695e-008, 1.67241438476e-008, 3.38854171389e-008, 6.73939126727e-008, 1.41486864891e-007, 3.97756963366e-007, 4.03562154361e-007, 4.14450170183e-007, 9.73713412122e-008, 3.30147607031e-008, 3.33911870376e-010, 3.27712128267e-011, 1.84887175014e-011, 1.83437249765e-014, 3.42144002584e-019]
        max: [4.31112812294e-006, 0.00115114194341, 0.00271449401043, 0.00503438757733, 0.00718696974218, 0.00451444042847, 0.00556971598417, 0.00577922398224, 0.00436233868822, 0.00354018574581, 0.00469509745017, 0.00168425380252, 0.00143575540278, 0.00175463373307, 0.00284969853237, 0.00330458604731, 0.00784088671207, 0.00570724997669, 0.00851441267878, 0.00346803991124, 0.00194140709937, 0.000824180664495, 0.000132708388264, 6.64760664222e-005, 4.07441875723e-005, 2.06069876185e-006, 4.18603551822e-009]
        mean: [2.69785687124e-007, 0.0001659370173, 0.000343387189787, 0.000285150337731, 0.000531236815732, 0.000180854622158, 0.000137457594974, 0.000152418520884, 0.000174398592208, 0.00011836377962, 0.000105273276858, 9.64376813499e-005, 7.23398552509e-005, 8.95256671356e-005, 0.000112571520731, 0.000257241859799, 0.000369129236788, 0.000742475909647, 0.000791318831034, 0.000528262753505, 0.000299216015264, 7.94140432845e-005, 1.24840616991e-005, 4.78776473756e-006, 2.6815775982e-006, 7.45700319271e-008, 1.8112866762e-010]
        median: [2.94997022365e-008, 0.000136752947583, 0.000249937846093, 0.000164914366906, 0.0003220406943, 0.000115950300824, 6.78137730574e-005, 5.87955219089e-005, 5.90572599322e-005, 5.05421994603e-005, 4.11173059547e-005, 4.3149368139e-005, 3.24330176227e-005, 5.13781669724e-005, 6.92405374139e-005, 0.000211056423723, 0.000290312629659, 0.000619167869445, 0.000695731316227, 0.000429822772276, 0.000255889084656, 4.78348920296e-005, 7.94876177679e-006, 3.23649055645e-006, 1.56423868702e-006, 4.23997583709e-008, 7.41220626543e-011]
        min: [1.09069312928e-023, 4.17222600537e-023, 2.23218937418e-023, 1.66165219314e-023, 2.98986234797e-023, 1.6824419912e-023, 7.58444763744e-023, 3.31424857863e-023, 7.39571676794e-023, 3.7729128193e-023, 4.62024725026e-023, 8.38805140635e-023, 1.50490048256e-022, 1.53811468211e-022, 1.2794913675e-022, 1.19989113698e-022, 1.10059740417e-022, 1.69604917918e-022, 1.99470737405e-022, 2.0382537582e-022, 5.59866625608e-022, 3.91917103901e-022, 5.15617562034e-022, 6.79039552259e-022, 1.11704885222e-021, 1.81779603905e-021, 2.33708350824e-021]
        var: [2.48452219085e-013, 1.91997315824e-008, 1.07250926362e-007, 1.38400594096e-007, 4.5199939791e-007, 5.88087658571e-008, 5.92110929176e-008, 7.86218024018e-008, 1.0420517782e-007, 4.80966271255e-008, 3.98132868895e-008, 2.09021173703e-008, 1.21696945854e-008, 1.32711646117e-008, 2.15922177915e-008, 4.22665777933e-008, 1.02647526035e-007, 3.05015305457e-007, 2.78623048189e-007, 1.61453996839e-007, 4.13920133724e-008, 8.85040130072e-009, 1.82085735378e-010, 3.61088034473e-011, 1.3020895126e-011, 1.58869381002e-014, 8.28157331911e-020]
    frequency_bands:
        dmean: [2.54013485801e-007, 9.55646173679e-005, 0.000224354211241, 0.000223497903789, 0.000391729787225, 0.000131064618472, 0.000101104989881, 0.000105236518721, 0.000111987137643, 7.50014078221e-005, 6.4360210672e-005, 5.41961526324e-005, 4.03357335017e-005, 4.81477582071e-005, 5.95665696892e-005, 0.000130813583382, 0.000173808861291, 0.000336279306794, 0.000354530464392, 0.000283560482785, 0.00014889537124, 5.94669982092e-005, 6.97889527146e-006, 2.35223842537e-006, 1.65443248079e-006, 4.00661406275e-008, 2.31239416504e-010, 6.56197804427e-011]
        dmean2: [4.59040364831e-007, 0.000163187432918, 0.000371952657588, 0.000377922871849, 0.000673332542647, 0.000226286385441, 0.000170064900885, 0.000176118905074, 0.000188022560906, 0.000125194725115, 0.000107278749056, 9.00357626961e-005, 6.67969216011e-005, 7.98039909569e-005, 9.86698651104e-005, 0.000220640125917, 0.000289090647129, 0.000564221933018, 0.000598835234996, 0.000493202300277, 0.000257151201367, 0.000106495550426, 1.18043781185e-005, 3.81074801226e-006, 2.78899756267e-006, 6.41104307419e-008, 4.29731167317e-010, 1.21967783095e-010]
        dvar: [2.74816600683e-013, 1.49329011379e-008, 6.62967707399e-008, 1.18736465993e-007, 5.27439738107e-007, 5.1810463475e-008, 5.02429315929e-008, 6.22890112822e-008, 5.92187383575e-008, 2.90844983653e-008, 2.0641909515e-008, 9.85970594058e-009, 5.19829246315e-009, 6.12594153182e-009, 1.27352022261e-008, 2.54674006328e-008, 5.23229850558e-008, 1.48785105125e-007, 1.48780046061e-007, 1.49609320488e-007, 3.50762974222e-008, 1.18416894068e-008, 1.24933410839e-010, 1.48016945922e-011, 7.52224931649e-012, 8.19705800903e-015, 1.06759109332e-019, 8.59174003786e-021]
        dvar2: [7.94393359687e-013, 4.21888231017e-008, 1.69726888544e-007, 3.18009938383e-007, 1.49598258758e-006, 1.38844498565e-007, 1.28765236695e-007, 1.63500885719e-007, 1.58683903351e-007, 7.92526861915e-008, 5.51545049632e-008, 2.66396593673e-008, 1.33596431695e-008, 1.67241438476e-008, 3.38854171389e-008, 6.73939126727e-008, 1.41486864891e-007, 3.97756963366e-007, 4.03562154361e-007, 4.14450170183e-007, 9.73713412122e-008, 3.30147607031e-008, 3.33911870376e-010, 3.27712128267e-011, 1.84887175014e-011, 1.83437249765e-014, 3.42144002584e-019, 2.75339442286e-020]
        max: [4.31112812294e-006, 0.00115114194341, 0.00271449401043, 0.00503438757733, 0.00718696974218, 0.00451444042847, 0.00556971598417, 0.00577922398224, 0.00436233868822, 0.00354018574581, 0.00469509745017, 0.00168425380252, 0.00143575540278, 0.00175463373307, 0.00284969853237, 0.00330458604731, 0.00784088671207, 0.00570724997669, 0.00851441267878, 0.00346803991124, 0.00194140709937, 0.000824180664495, 0.000132708388264, 6.64760664222e-005, 4.07441875723e-005, 2.06069876185e-006, 4.18603551822e-009, 1.18779397429e-009]
        mean: [2.69785687124e-007, 0.0001659370173, 0.000343387189787, 0.000285150337731, 0.000531236815732, 0.000180854622158, 0.000137457594974, 0.000152418520884, 0.000174398592208, 0.00011836377962, 0.000105273276858, 9.64376813499e-005, 7.23398552509e-005, 8.95256671356e-005, 0.000112571520731, 0.000257241859799, 0.000369129236788, 0.000742475909647, 0.000791318831034, 0.000528262753505, 0.000299216015264, 7.94140432845e-005, 1.24840616991e-005, 4.78776473756e-006, 2.6815775982e-006, 7.45700319271e-008, 1.8112866762e-010, 5.09780516411e-011]
        median: [2.94997022365e-008, 0.000136752947583, 0.000249937846093, 0.000164914366906, 0.0003220406943, 0.000115950300824, 6.78137730574e-005, 5.87955219089e-005, 5.90572599322e-005, 5.05421994603e-005, 4.11173059547e-005, 4.3149368139e-005, 3.24330176227e-005, 5.13781669724e-005, 6.92405374139e-005, 0.000211056423723, 0.000290312629659, 0.000619167869445, 0.000695731316227, 0.000429822772276, 0.000255889084656, 4.78348920296e-005, 7.94876177679e-006, 3.23649055645e-006, 1.56423868702e-006, 4.23997583709e-008, 7.41220626543e-011, 2.06209667397e-011]
        min: [1.09069312928e-023, 4.17222600537e-023, 2.23218937418e-023, 1.66165219314e-023, 2.98986234797e-023, 1.6824419912e-023, 7.58444763744e-023, 3.31424857863e-023, 7.39571676794e-023, 3.7729128193e-023, 4.62024725026e-023, 8.38805140635e-023, 1.50490048256e-022, 1.53811468211e-022, 1.2794913675e-022, 1.19989113698e-022, 1.10059740417e-022, 1.69604917918e-022, 1.99470737405e-022, 2.0382537582e-022, 5.59866625608e-022, 3.91917103901e-022, 5.15617562034e-022, 6.79039552259e-022, 1.11704885222e-021, 1.81779603905e-021, 2.33708350824e-021, 4.95084156381e-022]
        var: [2.48452219085e-013, 1.91997315824e-008, 1.07250926362e-007, 1.38400594096e-007, 4.5199939791e-007, 5.88087658571e-008, 5.92110929176e-008, 7.86218024018e-008, 1.0420517782e-007, 4.80966271255e-008, 3.98132868895e-008, 2.09021173703e-008, 1.21696945854e-008, 1.32711646117e-008, 2.15922177915e-008, 4.22665777933e-008, 1.02647526035e-007, 3.05015305457e-007, 2.78623048189e-007, 1.61453996839e-007, 4.13920133724e-008, 8.85040130072e-009, 1.82085735378e-010, 3.61088034473e-011, 1.3020895126e-011, 1.58869381002e-014, 8.28157331911e-020, 6.65756033286e-021]
    mfcc:
        mean: [-685.985107422, 92.504989624, -48.1491355896, 71.362953186, -9.3106508255, -3.90155410767, 4.24456548691, -0.0673931315541, 1.97857415676, -7.04978895187, -2.93166828156, -3.92638301849, -5.556016922]
        cov: [[3426.51611328, 110.796981812, -217.240188599, 7.90883255005, -171.587814331, -121.069458008, -70.1108169556, 57.5475997925, -22.3214931488, 12.8285150528, -10.9711179733, 28.0299663544, 10.0367736816], [110.796981812, 446.98046875, -222.230331421, 105.464912415, -84.1618728638, -23.7188968658, 13.4040174484, -10.6663036346, 15.6209259033, -24.9690971375, 5.85975646973, 10.2757635117, -19.8696708679], [-217.240188599, -222.230331421, 417.956604004, -77.5223388672, 74.6297149658, -9.82789516449, -30.9767112732, 48.919708252, -24.7435913086, 23.4410114288, -25.8179588318, -14.4542417526, 4.54791927338], [7.90883255005, 105.464912415, -77.5223388672, 214.312179565, 41.4075660706, 34.4526062012, 0.0957131236792, -46.9906311035, 17.3435211182, -22.2034225464, 9.84000301361, -8.12364768982, 2.09777092934], [-171.587814331, -84.1618728638, 74.6297149658, 41.4075660706, 147.511383057, 64.8854904175, 11.4129180908, -30.0034942627, -7.14934206009, 2.87120199203, 2.02700257301, -4.9110994339, -0.0441897176206], [-121.069458008, -23.7188968658, -9.82789516449, 34.4526062012, 64.8854904175, 146.65977478, 55.0265159607, -18.7497501373, -20.7336521149, -9.261302948, 9.04624843597, -4.31817054749, 7.29762077332], [-70.1108169556, 13.4040174484, -30.9767112732, 0.0957131236792, 11.4129180908, 55.0265159607, 100.058319092, 24.4767055511, 11.7819023132, -8.05633926392, 5.8802113533, 5.75765705109, 9.81243896484], [57.5475997925, -10.6663036346, 48.919708252, -46.9906311035, -30.0034942627, -18.7497501373, 24.4767055511, 103.478912354, 32.7343139648, 25.9695835114, -0.96622979641, 3.81718850136, 1.02193903923], [-22.3214931488, 15.6209259033, -24.7435913086, 17.3435211182, -7.14934206009, -20.7336521149, 11.7819023132, 32.7343139648, 77.0821762085, 31.589056015, 14.2238168716, 0.360198736191, 1.09996831417], [12.8285150528, -24.9690971375, 23.4410114288, -22.2034225464, 2.87120199203, -9.261302948, -8.05633926392, 25.9695835114, 31.589056015, 64.5616531372, 26.2099399567, 12.8400211334, 0.24702206254], [-10.9711179733, 5.85975646973, -25.8179588318, 9.84000301361, 2.02700257301, 9.04624843597, 5.8802113533, -0.96622979641, 14.2238168716, 26.2099399567, 55.4631614685, 27.16248703, 9.44501972198], [28.0299663544, 10.2757635117, -14.4542417526, -8.12364768982, -4.9110994339, -4.31817054749, 5.75765705109, 3.81718850136, 0.360198736191, 12.8400211334, 27.16248703, 53.3799858093, 26.0649738312], [10.0367736816, -19.8696708679, 4.54791927338, 2.09777092934, -0.0441897176206, 7.29762077332, 9.81243896484, 1.02193903923, 1.09996831417, 0.24702206254, 9.44501972198, 26.0649738312, 54.587928772]]
        icov: [[0.000343165738741, 0.000100519551779, 0.000290831172606, -0.000218471730477, 0.000206664932193, 0.000179270282388, 0.000218781162403, -0.000457590969745, 0.000537513406016, -0.000323651300278, 0.000253592501394, -0.000121154218505, -9.22955587157e-005], [0.000100519551779, 0.00395805714652, 0.00147237232886, -0.00220773438923, 0.00187099375762, 0.00047396402806, -0.000508174067363, -0.000775236811023, 0.0006463638274, 0.000140853822813, 0.000964680220932, -0.00204697111621, 0.00222523696721], [0.000290831172606, 0.00147237232886, 0.00472694309428, 1.27515004351e-005, -0.00239791953936, 0.0011614888208, 0.00147666118573, -0.00368055002764, 0.00310882972553, -0.00154425099026, 0.00141869741492, 0.000949745939579, -0.00102021195926], [-0.000218471730477, -0.00220773438923, 1.27515004351e-005, 0.00810830574483, -0.00294146616943, -0.00161430286244, 0.00184289878234, 0.002346416004, -0.00457122083753, 0.00398256350309, -0.00253083719872, 0.00224880152382, -0.00179964571726], [0.000206664932193, 0.00187099375762, -0.00239791953936, -0.00294146616943, 0.0128373308107, -0.00442544650286, -0.0010651468765, 0.00412428984419, -0.00160860770848, -0.00189737568144, 0.00186933553778, -0.00271911127493, 0.00268801255152], [0.000179270282388, 0.00047396402806, 0.0011614888208, -0.00161430286244, -0.00442544650286, 0.0133232753724, -0.0072462875396, -7.78564935899e-005, 0.00655682105571, -0.00257424777374, -0.00263548921794, 0.00427333265543, -0.00208080071025], [0.000218781162403, -0.000508174067363, 0.00147666118573, 0.00184289878234, -0.0010651468765, -0.0072462875396, 0.0175689831376, -0.00596807571128, -0.00436190795153, 0.0063892249018, -0.00109067221638, -0.00175135687459, -0.00141362065915], [-0.000457590969745, -0.000775236811023, -0.00368055002764, 0.002346416004, 0.00412428984419, -7.78564935899e-005, -0.00596807571128, 0.0185744985938, -0.00731229363009, -0.00376641331241, 0.00296593853272, -0.00171447300818, 0.00122707441915], [0.000537513406016, 0.0006463638274, 0.00310882972553, -0.00457122083753, -0.00160860770848, 0.00655682105571, -0.00436190795153, -0.00731229363009, 0.0257848147303, -0.012297953479, -0.00173310702667, 0.0062782196328, -0.00306560099125], [-0.000323651300278, 0.000140853822813, -0.00154425099026, 0.00398256350309, -0.00189737568144, -0.00257424777374, 0.0063892249018, -0.00376641331241, -0.012297953479, 0.0312039963901, -0.0123490812257, -0.00311575876549, 0.00308203184977], [0.000253592501394, 0.000964680220932, 0.00141869741492, -0.00253083719872, 0.00186933553778, -0.00263548921794, -0.00109067221638, 0.00296593853272, -0.00173310702667, -0.0123490812257, 0.0330805294216, -0.0155647890642, 0.00257699075155], [-0.000121154218505, -0.00204697111621, 0.000949745939579, 0.00224880152382, -0.00271911127493, 0.00427333265543, -0.00175135687459, -0.00171447300818, 0.0062782196328, -0.00311575876549, -0.0155647890642, 0.0366556085646, -0.0160367973149], [-9.22955587157e-005, 0.00222523696721, -0.00102021195926, -0.00179964571726, 0.00268801255152, -0.00208080071025, -0.00141362065915, 0.00122707441915, -0.00306560099125, 0.00308203184977, 0.00257699075155, -0.0160367973149, 0.0270709414035]]
    sccoeffs:
        dmean: [0.0557851083577, 0.0485059432685, 0.0372836217284, 0.0288119912148, 0.019924774766, 0.0192515980452]
        dmean2: [0.0926490426064, 0.0812874138355, 0.0625392794609, 0.0486107543111, 0.0336639620364, 0.0308290887624]
        dvar: [0.00196341658011, 0.00150337559171, 0.000907260691747, 0.000510701444, 0.000246330542723, 0.000273668149021]
        dvar2: [0.0053923339583, 0.00413218699396, 0.00246451376006, 0.00139817874879, 0.000690787914209, 0.000641455117147]
        max: [-0.336220681667, -0.50130623579, -0.573129892349, -0.605809748173, -0.67663526535, -0.564238131046]
        mean: [-0.646612226963, -0.770308196545, -0.798267304897, -0.800583541393, -0.79742628336, -0.722293317318]
        median: [-0.65055000782, -0.774809420109, -0.803707480431, -0.804009020329, -0.798130869865, -0.72670930624]
        min: [-0.954970836639, -0.968816757202, -0.969848036766, -0.964425504208, -0.962512075901, -0.959231853485]
        var: [0.00466390652582, 0.00328717054799, 0.00263233552687, 0.00143736926839, 0.000639037229121, 0.00157555926125]
    scvalleys:
        dmean: [0.401225358248, 0.349173247814, 0.292051404715, 0.252628386021, 0.225438058376, 0.291213780642]
        dmean2: [0.678126871586, 0.580274403095, 0.47938349843, 0.410936772823, 0.356862574816, 0.449813991785]
        dvar: [0.129274874926, 0.113128446043, 0.0889648273587, 0.0854813307524, 0.0913787931204, 0.157906889915]
        dvar2: [0.308836907148, 0.252386301756, 0.18023212254, 0.169344812632, 0.169566959143, 0.329229742289]
        max: [-5.07683944702, -4.66524171829, -5.10588312149, -5.41961479187, -5.31063747406, -7.95249176025]
        mean: [-6.62294054031, -6.57180643082, -6.91573429108, -7.03391456604, -6.43749856949, -9.49266719818]
        median: [-6.49697303772, -6.48418474197, -6.85826635361, -6.9639544487, -6.3352804184, -9.30476856232]
        min: [-27.1717300415, -27.1615085602, -27.1748638153, -27.0651264191, -27.4149036407, -27.33527565]
        var: [0.689188301563, 0.706973254681, 0.660875439644, 0.604892015457, 0.559938311577, 0.95481055975]

rhythm:
    beats_loudness:
        dmean: 0.0013737444533
        dmean2: 0.00238522537984
        dvar: 1.62270032433e-006
        dvar2: 4.27112854595e-006
        max: 0.0150406192988
        mean: 0.00601972918957
        median: 0.00600789720193
        min: 2.99766718115e-008
        var: 3.86771716876e-006
    bpm: 172.265319824
    bpm_confidence: 0
    first_peak_bpm: 172
    first_peak_spread: 0
    first_peak_weight: 0.482334882021
    onset_rate: 3.25476384163
    second_peak_bpm: 167
    second_peak_spread: 0
    second_peak_weight: 0.348694324493
    beats_loudness_band_ratio:
        dmean: [0.0981018394232, 0.063294492662, 0.0540467314422, 0.0374656766653, 0.0966370031238, 0.0744975358248]
        dmean2: [0.170188754797, 0.10630697757, 0.0919613987207, 0.0620553940535, 0.163418114185, 0.128326401114]
        dvar: [0.0064018224366, 0.00510618882254, 0.00388565380126, 0.00170279282611, 0.00709668546915, 0.00350631726906]
        dvar2: [0.0186435896903, 0.01459454, 0.0110800061375, 0.00454510515556, 0.0194768514484, 0.0100310835987]
        max: [0.856994688511, 0.584716916084, 0.48108959198, 0.308970808983, 0.738235831261, 0.703921079636]
        mean: [0.188553228974, 0.0961331278086, 0.0930354222655, 0.0657793954015, 0.310910880566, 0.284493893385]
        median: [0.175972610712, 0.0749379396439, 0.0626933574677, 0.0478957220912, 0.303395330906, 0.278173834085]
        min: [0.0151064358652, 0.00780199188739, 0.00222456408665, 0.00459753163159, 0.0263140853494, 0.0550672821701]
        var: [0.0116194570437, 0.00635260902345, 0.00630554044619, 0.00248465128243, 0.0103672007099, 0.00663190986961]
    beats_position: [0.545668900013, 1.11455774307, 1.62539684772, 2.13623571396, 2.63546490669, 3.13469386101, 3.63392281532, 4.13315200806, 4.63238096237, 5.13160991669, 5.630838871, 6.13006782532, 6.62929677963, 7.12852573395, 7.63936471939, 8.15020370483, 8.66104316711, 9.14866161346, 9.64789104462, 10.1471195221, 10.6463489532, 11.1455783844, 11.6448068619, 12.144036293, 12.6432647705, 13.1424942017, 13.6417226791, 14.1409521103, 14.6401815414, 15.1394100189, 15.6386394501, 16.1378688812, 16.637096405, 17.1363258362, 17.6355552673, 18.1347846985, 18.6340141296, 19.1332416534, 19.6324710846, 20.1317005157, 20.6309299469, 21.1301574707, 21.6293869019, 22.128616333, 22.6278457642, 23.1270751953, 23.6379127502, 24.1487522125, 24.6479816437, 25.1472110748, 25.6348285675, 26.1340579987, 26.6332874298, 27.132516861, 27.6317462921, 28.1309738159, 28.6302032471, 29.1410427094, 29.6402721405, 30.1394996643, 30.6387290955, 31.1379585266, 31.6371879578, 32.1364173889, 32.6356468201, 33.1348762512, 33.6341018677, 34.1333312988, 34.63256073, 35.1317901611, 35.6310195923, 36.1302490234, 36.6294784546, 37.1287078857, 37.6279373169, 38.1271629333, 38.6263923645, 39.1256217957, 39.6364631653, 40.1356925964, 40.6349182129, 41.1457595825, 41.6333770752, 42.1326065063, 42.6318359375, 43.1426734924, 43.6535148621, 44.1875724792, 44.6984100342, 45.2092514038, 45.7200889587, 46.0916099548, 46.4631271362, 46.8346481323, 47.2061653137, 47.5776863098, 47.9608154297, 48.3439445496, 48.7038536072, 49.0637626648, 49.4236717224, 49.78358078, 50.1318817139, 50.4917907715, 50.8516998291, 51.2000007629, 51.5482978821, 51.8965988159, 52.2565078735, 52.6164169312, 52.9647140503, 53.3246231079, 53.6845359802, 54.0444450378, 54.392742157, 54.7410430908, 55.1009521484, 55.4492492676, 55.7975502014, 56.1458511353, 56.5057601929, 56.8656692505, 57.2139663696, 57.5622673035, 57.9105644226, 58.2588653564, 58.6071662903, 58.9554634094, 59.315372467, 59.6636734009, 60.0235824585, 60.3718795776, 60.7201805115, 61.0684814453, 61.4167785645, 61.7766876221, 62.1365966797, 62.4848976135, 62.8448066711, 63.2047157288, 63.5530128479, 63.9013137817, 64.2496109009, 64.6095199585, 64.9694290161, 65.3177337646, 65.6660308838, 66.0143280029, 66.3742370605, 66.7341461182, 67.0824508667, 67.4307479858, 67.7906570435, 68.1389541626, 68.4872512817, 68.8355560303, 69.1838531494, 69.543762207, 69.9036712646, 70.2519683838, 70.6118774414, 70.9601821899, 71.3084793091, 71.6683883667, 72.0282974243, 72.3765945435, 72.724899292, 73.0731964111, 73.4331054688, 73.7930145264, 74.1413116455, 74.489616394, 74.8379135132, 75.1978225708, 75.5577316284, 75.9060287476, 76.2543258667, 76.6026306152, 76.9509277344, 77.310836792, 77.6707458496, 78.0190429688, 78.3673477173, 78.7272567749, 79.0871658325, 79.4354629517, 79.7837600708, 80.1320648193, 80.4803619385, 80.8402709961, 81.1885681152, 81.5484771729, 81.8967819214, 82.2450790405, 82.6049880981, 82.9648971558, 83.3131942749, 83.661491394, 84.0097961426, 84.3697052002, 84.7296142578, 85.077911377, 85.4262084961, 85.7745132446, 86.1228103638, 86.4827194214, 86.842628479, 87.1909255981, 87.5508346558, 87.9107437134, 88.2590484619, 88.6073455811, 88.9556427002, 89.3155517578, 89.6638565063, 90.023765564, 90.3720626831, 90.7203598022, 91.0686569214, 91.4169616699, 91.7768707275, 92.1367797852, 92.4850769043, 92.8333740234, 93.1932830811, 93.5531921387, 93.9014968872, 94.2614059448, 94.6213150024, 94.9696121216, 95.3179092407, 95.6662139893, 96.0145111084, 96.3628082275, 96.7227172852, 97.0826263428, 97.4309310913, 97.7792282104, 98.1391372681, 98.4874343872, 98.8473434448, 99.1956481934, 99.5439453125, 99.9038543701, 100.263763428, 100.612060547, 100.960357666, 101.308662415, 101.656959534, 102.016868591, 102.376777649, 102.725074768, 103.073379517, 103.421676636, 103.769973755, 104.129882813, 104.478187561, 104.838096619, 105.198005676, 105.557914734, 105.906211853, 106.254508972, 106.602806091, 106.95111084, 107.311019897, 107.659317017, 108.007614136, 108.367523193, 108.727432251, 109.087341309, 109.435646057, 109.783943176, 110.132240295, 110.480545044, 110.840454102, 111.200363159, 111.548660278, 111.896957397, 112.256866455, 112.616775513, 112.965080261, 113.31337738, 113.6616745, 114.021583557, 114.381492615, 114.729797363, 115.078094482, 115.426391602, 115.786300659, 116.146209717, 116.494506836, 116.842811584, 117.191108704, 117.551017761, 117.89931488, 118.247619629, 118.607528687, 118.967437744, 119.327346802, 119.675643921, 120.02394104, 120.372245789, 120.732154846, 121.080451965, 121.440361023, 121.788658142, 122.136962891, 122.48526001, 122.833557129, 123.193466187, 123.553375244, 123.901672363, 124.249977112, 124.598274231, 124.958183289, 125.318092346, 125.666389465, 126.014694214, 126.362991333, 126.722900391, 127.082809448, 127.431106567, 127.779411316, 128.139312744, 128.499221802, 128.847518921, 129.195831299, 129.544128418, 129.904037476, 130.263946533, 130.612243652, 130.960540771, 131.308837891, 131.668746948, 132.028656006, 132.376953125, 132.725265503, 133.073562622, 133.43347168, 133.793380737, 134.141677856, 134.489974976, 134.838272095, 135.198181152, 135.55809021, 135.906387329, 136.254684448, 136.602996826, 136.951293945, 137.311203003, 137.671112061, 138.01940918, 138.367706299, 138.716003418, 139.075912476, 139.435821533, 139.795730591, 140.155639648, 140.503936768, 140.852249146, 141.200546265, 141.548843384, 141.897140503, 142.257049561, 142.616958618, 142.965255737, 143.313552856, 143.661849976, 144.010162354, 144.370071411, 144.729980469, 145.078277588, 145.426574707, 145.786483765, 146.146392822, 146.494689941, 146.842987061, 147.19128418, 147.551193237, 147.911102295, 148.259414673, 148.607711792, 148.956008911, 149.30430603, 149.664215088, 150.024124146, 150.372421265, 150.720718384, 151.080627441, 151.440536499, 151.788833618, 152.137145996, 152.485443115, 152.833740234, 153.193649292, 153.55355835, 153.901855469, 154.250152588, 154.598449707, 154.946762085, 155.306671143, 155.6665802, 156.014877319, 156.363174438, 156.723083496, 157.082992554, 157.431289673, 157.779586792, 158.13949585, 158.499404907, 158.847702026, 159.195999146, 159.544311523, 159.892608643, 160.2525177, 160.612426758, 160.960723877, 161.309020996, 161.668930054, 162.028839111, 162.388748169, 162.72543335, 163.073745728, 163.422042847, 163.781951904, 164.141860962, 164.490158081, 164.8384552, 165.198364258, 165.558273315, 165.906570435, 166.254867554, 166.614776611, 166.974685669, 167.322982788, 167.671295166, 168.019592285, 168.367889404, 168.727798462, 169.08770752, 169.436004639, 169.784301758, 170.144210815, 170.504119873, 170.852416992, 171.20072937, 171.549026489, 171.897323608, 172.257232666, 172.617141724, 172.965438843, 173.313735962, 173.67364502, 174.033554077, 174.381851196, 174.730148315, 175.078460693, 175.426757813, 175.775054932, 176.134963989, 176.494873047, 176.843170166, 177.191467285, 177.551376343, 177.9112854, 178.25958252, 178.607894897, 178.956192017, 179.316101074, 179.676010132, 180.024307251, 180.37260437, 180.720901489, 181.080810547, 181.440719604, 181.789016724, 182.137313843, 182.485626221, 182.83392334, 183.193832397, 183.542129517, 183.890426636, 184.250335693, 184.598632813, 184.95854187, 185.318450928, 185.678359985, 186.038269043, 186.386566162, 186.73487854, 187.083175659, 187.443084717, 187.802993774, 188.151290894, 188.499588013, 188.847885132, 189.207794189, 189.567703247, 189.916000366, 190.264297485, 190.624221802, 190.972518921, 191.32081604, 191.680725098, 192.029022217, 192.388931274, 192.748840332, 193.10874939, 193.468658447, 193.840179443, 194.211700439, 194.583221436, 194.954742432, 195.326248169, 195.686157227, 196.057678223, 196.41758728, 196.777496338, 197.137405396, 197.485717773, 197.834014893, 198.19392395, 198.553833008, 198.902130127, 199.250427246, 199.598724365, 199.958633423, 200.31854248, 200.6668396, 201.015136719, 201.375045776, 201.723358154, 202.083267212, 202.431564331, 202.77986145, 203.128158569, 203.488067627, 203.847976685, 204.196273804, 204.544570923, 204.892883301, 205.252792358, 205.612701416, 205.960998535, 206.309295654, 206.692428589, 207.075546265, 207.470291138, 207.865036011, 208.236557007, 208.608062744, 208.956375122, 209.31628418, 209.676193237, 210.024490356, 210.372787476, 210.721084595, 211.069381714, 211.429290771, 211.789199829, 212.137496948, 212.485794067, 212.834106445, 213.194015503, 213.553924561, 213.90222168, 214.250518799, 214.598815918, 214.958724976, 215.318634033, 215.666931152, 216.015228271, 216.375137329, 216.735046387, 217.083358765, 217.431655884, 217.779953003, 218.128250122, 218.476547241, 218.836456299, 219.196365356, 219.544662476, 219.892959595, 220.252868652, 220.60118103, 220.949478149, 221.309387207, 221.669296265, 222.029205322, 222.377502441, 222.725799561, 223.07409668, 223.434005737, 223.793914795, 224.142211914, 224.490524292, 224.838821411, 225.198730469, 225.558639526, 225.906936646, 226.255233765, 226.603530884, 226.951828003, 227.311737061, 227.671646118, 228.019943237, 228.368255615, 228.728164673, 229.08807373, 229.43637085, 229.784667969, 230.132965088, 230.492874146, 230.852783203, 231.201080322, 231.549377441, 231.897689819, 232.245986938, 232.605895996, 232.965805054, 233.314102173, 233.662399292, 234.02230835, 234.382217407, 234.730514526, 235.078811646, 235.427108765, 235.787017822, 236.14692688, 236.495239258, 236.843536377, 237.191833496, 237.551742554, 237.900039673, 238.25994873, 238.60824585, 238.956542969, 239.304855347, 239.664764404, 240.024673462, 240.372970581, 240.7212677, 241.081176758, 241.441085815, 241.789382935, 242.137680054, 242.485977173, 242.834274292, 243.19418335, 243.554092407, 243.914016724, 244.273925781]
