
metadata:
    version:
        essentia: "2.1-beta2"
    audio_properties:
        analysis_sample_rate: 44100
        bitrate: 192
        channels: 2
        equal_loudness: 1
        length: 301.035095215
        replay_gain: -14.7780895233
        downmix: "mix"
    tags:
        album: "The Undying Darkness"
        artist: "Caliban"
        comment: "caliban.ru"
        date: "2006"
        genre: "Metalcore"
        title: "I Refuse To Keep On Living"
        tracknumber: "09"

configuration:
    average_loudness:
        compute: 1
        frameSize: 88200
        hopSize: 44100
        silentFrames: "noise"
        windowType: "hann"
    general:
        analysisSampleRate: 44100
        endTime: 2000
        equalLoudness: 1
        nequalLoudness: 0
        shortSound: 0
        startTime: 0
    lowlevel:
        compute: 1
        frameSize: 2048
        hopSize: 1024
        zeroPadding: 0
        silentFrames: "noise"
        windowType: "blackmanharris62"
        mfccStats: ["mean", "cov", "icov"]
        stats: ["mean", "var", "median", "min", "max", "dmean", "dmean2", "dvar", "dvar2"]
    panning:
        compute: 0
        frameSize: 8192
        hopSize: 2048
        zeroPadding: 8192
        silentFrames: "noise"
        windowType: "hann"
        stats: ["copy"]
    rhythm:
        compute: 1
        maxTempo: 208
        minTempo: 40
        method: "degara"
        stats: ["mean", "var", "median", "min", "max", "dmean", "dmean2", "dvar", "dvar2"]
    segmentation:
        compute: 0
        cpw: 5
        inc1: 300
        inc2: 50
        minimumSegmentsLength: 10
        size1: 1000
        size2: 600
    sfx:
        compute: 1
        stats: ["mean", "var", "median", "min", "max", "dmean", "dmean2", "dvar", "dvar2"]
    svm:
        compute: 0
    tonal:
        compute: 1
        frameSize: 4096
        hopSize: 2048
        zeroPadding: 0
        silentFrames: "noise"
        windowType: "blackmanharris62"
        stats: ["mean", "var", "median", "min", "max", "dmean", "dmean2", "dvar", "dvar2"]

lowlevel:
    average_loudness: 0.963906824589
    barkbands_kurtosis:
        dmean: 0.679646909237
        dmean2: 1.12098991871
        dvar: 1.50041520596
        dvar2: 3.56743550301
        max: 36.1532249451
        mean: -0.766361832619
        median: -1.26343631744
        min: -1.91494321823
        var: 4.58045768738
    barkbands_skewness:
        dmean: 0.409948766232
        dmean2: 0.620466768742
        dvar: 0.145778045058
        dvar2: 0.323078334332
        max: 5.51156997681
        mean: -0.204094648361
        median: -0.299858033657
        min: -4.39549589157
        var: 0.708841323853
    barkbands_spread:
        dmean: 5.62388038635
        dmean2: 9.20136642456
        dvar: 26.9497318268
        dvar2: 70.3321228027
        max: 70.454246521
        mean: 39.7307167053
        median: 40.4546051025
        min: 2.42795562744
        var: 86.2195968628
    dissonance:
        dmean: 0.00804410967976
        dmean2: 0.0137172574177
        dvar: 6.7614542786e-005
        dvar2: 0.000186535064131
        max: 0.500000059605
        mean: 0.486680716276
        median: 0.48955014348
        min: 0.391104370356
        var: 0.000112134293886
    hfc:
        dmean: 3.27905631065
        dmean2: 5.38276481628
        dvar: 22.4957618713
        dvar2: 60.7287864685
        max: 48.3054428101
        mean: 10.4859142303
        median: 9.61626815796
        min: 1.13412060339e-016
        var: 35.6006507874
    pitch:
        dmean: 670.914001465
        dmean2: 1269.1920166
        dvar: 1242122.375
        dvar2: 3169640.5
        max: 4550.36132813
        mean: 2585.03881836
        median: 3348.71679688
        min: 63.374130249
        var: 1990648.25
    pitch_instantaneous_confidence:
        dmean: 0.0737956166267
        dmean2: 0.123583205044
        dvar: 0.00331939151511
        dvar2: 0.00901434477419
        max: 0.836076915264
        mean: 0.374694138765
        median: 0.368941664696
        min: 0.112234175205
        var: 0.00786642823368
    pitch_salience:
        dmean: 0.0526756718755
        dmean2: 0.0852365642786
        dvar: 0.00202366244048
        dvar2: 0.00526445871219
        max: 0.856406629086
        mean: 0.665108144283
        median: 0.680240631104
        min: 0.170469135046
        var: 0.00682099768892
    silence_rate_20dB:
        dmean: 0
        dmean2: 0
        dvar: 0
        dvar2: 0
        max: 1
        mean: 1
        median: 1
        min: 1
        var: 0
    silence_rate_30dB:
        dmean: 0
        dmean2: 0
        dvar: 0
        dvar2: 0
        max: 1
        mean: 1
        median: 1
        min: 1
        var: 0
    silence_rate_60dB:
        dmean: 0.0559969134629
        dmean2: 0.112002469599
        dvar: 0.05285891518
        dvar2: 0.121380656958
        max: 1
        mean: 0.141446858644
        median: 0
        min: 0
        var: 0.121445000172
    spectral_centroid:
        dmean: 293.93862915
        dmean2: 448.654876709
        dvar: 84660.0625
        dvar2: 188070.125
        max: 11309.46875
        mean: 1895.51794434
        median: 1943.87634277
        min: 191.417724609
        var: 322803.34375
    spectral_complexity:
        dmean: 4.32348632813
        dmean2: 6.68188810349
        dvar: 16.368806839
        dvar2: 37.6467514038
        max: 48
        mean: 19.6060466766
        median: 20
        min: 0
        var: 68.4085617065
    spectral_crest:
        dmean: 1.6030100584
        dmean2: 2.60241913795
        dvar: 2.10195851326
        dvar2: 5.19002342224
        max: 20.1350593567
        mean: 6.41509485245
        median: 5.73634719849
        min: 2.50851988792
        var: 5.86215829849
    spectral_decrease:
        dmean: 2.85287238277e-010
        dmean2: 4.73812211688e-010
        dvar: 1.44043590433e-019
        dvar2: 3.9314343551e-019
        max: 1.0178314663e-028
        mean: -1.18054721554e-009
        median: -1.10605347103e-009
        min: -4.67915883817e-009
        var: 2.68105986936e-019
    spectral_energy:
        dmean: 0.00132544653025
        dmean2: 0.00220545637421
        dvar: 3.20755952998e-006
        dvar2: 8.71136126079e-006
        max: 0.0216091517359
        mean: 0.00540677364916
        median: 0.00506597431377
        min: 1.02827193532e-020
        var: 5.77476521357e-006
    spectral_energyband_high:
        dmean: 0.000294481695164
        dmean2: 0.000515067134984
        dvar: 2.60310770273e-007
        dvar2: 7.26395455786e-007
        max: 0.00439246790484
        mean: 0.000574782781769
        median: 0.000457098416518
        min: 7.41946920572e-021
        var: 2.37162339545e-007
    spectral_energyband_low:
        dmean: 0.000354559073457
        dmean2: 0.000579486135393
        dvar: 1.4913800328e-007
        dvar2: 3.88171031318e-007
        max: 0.00580762512982
        mean: 0.000745543453377
        median: 0.000625854299869
        min: 5.34565660189e-023
        var: 2.80391418528e-007
    spectral_energyband_middle_high:
        dmean: 0.000762007432058
        dmean2: 0.00120264280122
        dvar: 7.81327287314e-007
        dvar2: 2.01741431738e-006
        max: 0.011476714164
        mean: 0.00271887145936
        median: 0.00245596421883
        min: 1.42230828564e-021
        var: 2.46083232014e-006
    spectral_energyband_middle_low:
        dmean: 0.00062807026552
        dmean2: 0.00102087366395
        dvar: 9.47941146023e-007
        dvar2: 2.59474131781e-006
        max: 0.0109990397468
        mean: 0.00160541723017
        median: 0.00122583797202
        min: 2.42962620729e-022
        var: 1.55314126005e-006
    spectral_flatness_db:
        dmean: 0.0130639364943
        dmean2: 0.0210036616772
        dvar: 0.000126394297695
        dvar2: 0.000303050444927
        max: 0.362984478474
        mean: 0.158625528216
        median: 0.153263539076
        min: 0.0666281059384
        var: 0.000893378921319
    spectral_flux:
        dmean: 0.00698847649619
        dmean2: 0.0107512725517
        dvar: 6.60887817503e-005
        dvar2: 0.000119494354294
        max: 0.107261367142
        mean: 0.0432514436543
        median: 0.0414073094726
        min: 6.81089767918e-011
        var: 0.000196772220079
    spectral_kurtosis:
        dmean: 1.05753481388
        dmean2: 1.84790790081
        dvar: 1.33136749268
        dvar2: 4.16260004044
        max: 29.0896759033
        mean: 2.85431194305
        median: 2.61379265785
        min: -1.21143996716
        var: 2.09580349922
    spectral_rms:
        dmean: 0.000263130030362
        dmean2: 0.000428979692515
        dvar: 9.41100353202e-008
        dvar2: 2.50084355002e-007
        max: 0.00459152460098
        mean: 0.00223976094276
        median: 0.00222315406427
        min: 3.16732078932e-012
        var: 2.58341231074e-007
    spectral_rolloff:
        dmean: 305.301513672
        dmean2: 491.147491455
        dvar: 173836.59375
        dvar2: 352593.1875
        max: 19681.3476563
        mean: 3502.66748047
        median: 3552.97851563
        min: 150.732421875
        var: 524050.78125
    spectral_skewness:
        dmean: 0.151794105768
        dmean2: 0.253223627806
        dvar: 0.0204752068967
        dvar2: 0.056616961956
        max: 3.70345950127
        mean: 1.01412415504
        median: 1.01917457581
        min: -0.0344720706344
        var: 0.0834392309189
    spectral_spread:
        dmean: 372989.1875
        dmean2: 561314.0625
        dvar: 320523665408
        dvar2: 488983429120
        max: 40879384
        mean: 4084699.25
        median: 3994090.75
        min: 1696017.375
        var: 1.27379439616e+012
    spectral_strongpeak:
        dmean: 0.419517844915
        dmean2: 0.744102656841
        dvar: 0.471947491169
        dvar2: 1.28156292439
        max: 5.89060544968
        mean: 0.535659492016
        median: 0.17798307538
        min: 0
        var: 0.590290367603
    zerocrossingrate:
        dmean: 0.00790962856263
        dmean2: 0.00917730666697
        dvar: 6.27758345217e-005
        dvar2: 7.1100621426e-005
        max: 0.5029296875
        mean: 0.10642991215
        median: 0.10986328125
        min: 0.0087890625
        var: 0.000532241829205
    barkbands:
        dmean: [2.05284877097e-007, 7.88558536442e-005, 0.000253887294093, 0.000212839746382, 0.000340856815455, 0.000137309718411, 8.65726469783e-005, 5.15362480655e-005, 0.000103642043541, 9.81178527582e-005, 4.0340310079e-005, 4.15636095568e-005, 4.51759296993e-005, 5.76089332753e-005, 6.30488575553e-005, 0.000112791662104, 0.00015224229719, 0.000305639696307, 0.000314115313813, 0.000235238476307, 0.000125316961203, 4.91764294566e-005, 5.36148490937e-006, 1.78032792064e-006, 1.33824221393e-006, 3.21447046758e-008, 2.15369166945e-010]
        dmean2: [3.69573569969e-007, 0.000130557411467, 0.000411210843595, 0.000358081742888, 0.000565015827306, 0.000231131154578, 0.000142396107549, 8.60509899212e-005, 0.000163866498042, 0.000134370900923, 6.54034884064e-005, 6.7095279519e-005, 7.21604083083e-005, 9.26901702769e-005, 0.00010338449647, 0.000189251135453, 0.000252470024861, 0.000505782314576, 0.000519719498698, 0.000407888786867, 0.000214323779801, 8.81171727087e-005, 9.19100693864e-006, 2.9133091175e-006, 2.24866926146e-006, 5.16479623514e-008, 4.00248029164e-010]
        dvar: [2.12072750311e-013, 1.21387877527e-008, 8.15683307565e-008, 9.25913923311e-008, 3.80668780053e-007, 5.20695131456e-008, 3.64905154981e-008, 1.86844957284e-008, 5.52115793084e-008, 6.61022880877e-008, 7.73178232549e-009, 7.30612370603e-009, 1.34455113709e-008, 1.45664502682e-008, 2.10464161654e-008, 1.85333846048e-008, 3.24603952606e-008, 1.40200910437e-007, 1.27939784988e-007, 1.29624694978e-007, 2.9724178674e-008, 1.08284048395e-008, 1.04220458652e-010, 1.15201017128e-011, 7.66597115648e-012, 7.96283815253e-015, 9.70534114636e-020]
        dvar2: [6.13741587933e-013, 3.36930483513e-008, 2.03311643077e-007, 2.47937578024e-007, 1.06815434719e-006, 1.42419409599e-007, 9.15139395374e-008, 4.82234874255e-008, 1.32927226559e-007, 1.06832672486e-007, 1.93881390942e-008, 1.83877411075e-008, 3.12889731902e-008, 3.59998537647e-008, 5.3323958582e-008, 5.07196986632e-008, 8.68806182552e-008, 3.71917280972e-007, 3.42881804727e-007, 3.59120292615e-007, 8.16902741008e-008, 3.03767571097e-008, 2.8083460557e-010, 2.59473397629e-011, 1.90605430744e-011, 1.857457703e-014, 3.10920545249e-019]
        max: [4.11752171203e-006, 0.00110625277739, 0.00450332276523, 0.00409550732002, 0.00670342799276, 0.00479628099129, 0.00425393274054, 0.00300570041873, 0.00529066752642, 0.00589684443548, 0.00205248850398, 0.00181792268995, 0.00306046847254, 0.0023602778092, 0.00395103916526, 0.00246449094266, 0.00275176111609, 0.00636622356251, 0.0051963054575, 0.00311865657568, 0.00190292031039, 0.000858568004332, 0.000117623341794, 7.8143668361e-005, 9.35705465963e-005, 2.63793390332e-006, 4.9605843877e-009]
        mean: [2.27545726261e-007, 0.000149320840137, 0.000445330631919, 0.000288586976239, 0.000540727516636, 0.000233661441598, 0.000127608058392, 7.2723676567e-005, 0.0001835693256, 0.000211611069972, 7.08945008228e-005, 7.09522064426e-005, 8.31296492834e-005, 9.82756464509e-005, 0.000118092626508, 0.000225244715693, 0.000330646202201, 0.000674719514791, 0.000706723425537, 0.000435293477494, 0.000259406486293, 6.51341542834e-005, 9.29446650844e-006, 3.5352861687e-006, 2.00166959985e-006, 5.15955456137e-008, 1.68139488443e-010]
        median: [2.70568705218e-008, 0.000115452610771, 0.000342416693456, 0.000183471129276, 0.00032607303001, 0.000145591970067, 7.2334863944e-005, 3.2866228139e-005, 6.23115993221e-005, 3.64403058484e-005, 2.77456983895e-005, 2.93311622954e-005, 2.46931194852e-005, 3.97836338379e-005, 6.05143650318e-005, 0.000185960743693, 0.000269418116659, 0.00052555493312, 0.000609712791629, 0.00035222916631, 0.000220055895625, 3.61314741895e-005, 4.70609120384e-006, 1.95937695935e-006, 8.9867035058e-007, 1.96868903402e-008, 6.88685497519e-011]
        min: [4.43329652429e-024, 2.48290988024e-023, 7.58940199947e-024, 1.22528337045e-023, 1.42440148703e-023, 4.17010933379e-023, 3.17792110797e-023, 4.04055786277e-023, 2.90639613103e-023, 4.33554450967e-023, 3.19443859315e-023, 5.96003346556e-023, 7.61735197243e-023, 1.00564631908e-022, 8.7596105725e-023, 1.01414310834e-022, 9.37049562226e-023, 1.57370821237e-022, 1.98059963806e-022, 3.60170008927e-022, 3.6994903163e-022, 5.31497672844e-022, 4.88256584179e-022, 6.33371700258e-022, 1.26505632365e-021, 1.63116573575e-021, 2.16453981208e-021]
        var: [1.94487289229e-013, 1.78886239155e-008, 1.54391599949e-007, 1.17187013871e-007, 4.22155494562e-007, 9.08429527158e-008, 4.31221209851e-008, 2.35000712223e-008, 1.35972797466e-007, 3.34314307793e-007, 1.84417707771e-008, 1.50697108126e-008, 4.51056614281e-008, 3.17774109249e-008, 4.89387410596e-008, 3.11313783641e-008, 6.71182931455e-008, 3.25348281649e-007, 2.25895902872e-007, 1.26598649786e-007, 3.49604647454e-008, 7.98994026496e-009, 1.48668924393e-010, 2.51093312809e-011, 1.06175511091e-011, 1.24003472014e-014, 7.41481534542e-020]
    frequency_bands:
        dmean: [2.05284877097e-007, 7.88558536442e-005, 0.000253887294093, 0.000212839746382, 0.000340856815455, 0.000137309718411, 8.65726469783e-005, 5.15362480655e-005, 0.000103642043541, 9.81178527582e-005, 4.0340310079e-005, 4.15636095568e-005, 4.51759296993e-005, 5.76089332753e-005, 6.30488575553e-005, 0.000112791662104, 0.00015224229719, 0.000305639696307, 0.000314115313813, 0.000235238476307, 0.000125316961203, 4.91764294566e-005, 5.36148490937e-006, 1.78032792064e-006, 1.33824221393e-006, 3.21447046758e-008, 2.15369166945e-010, 6.11577385956e-011]
        dmean2: [3.69573569969e-007, 0.000130557411467, 0.000411210843595, 0.000358081742888, 0.000565015827306, 0.000231131154578, 0.000142396107549, 8.60509899212e-005, 0.000163866498042, 0.000134370900923, 6.54034884064e-005, 6.7095279519e-005, 7.21604083083e-005, 9.26901702769e-005, 0.00010338449647, 0.000189251135453, 0.000252470024861, 0.000505782314576, 0.000519719498698, 0.000407888786867, 0.000214323779801, 8.81171727087e-005, 9.19100693864e-006, 2.9133091175e-006, 2.24866926146e-006, 5.16479623514e-008, 4.00248029164e-010, 1.13689696546e-010]
        dvar: [2.12072750311e-013, 1.21387877527e-008, 8.15683307565e-008, 9.25913923311e-008, 3.80668780053e-007, 5.20695131456e-008, 3.64905154981e-008, 1.86844957284e-008, 5.52115793084e-008, 6.61022880877e-008, 7.73178232549e-009, 7.30612370603e-009, 1.34455113709e-008, 1.45664502682e-008, 2.10464161654e-008, 1.85333846048e-008, 3.24603952606e-008, 1.40200910437e-007, 1.27939784988e-007, 1.29624694978e-007, 2.9724178674e-008, 1.08284048395e-008, 1.04220458652e-010, 1.15201017128e-011, 7.66597115648e-012, 7.96283815253e-015, 9.70534114636e-020, 7.82102177226e-021]
        dvar2: [6.13741587933e-013, 3.36930483513e-008, 2.03311643077e-007, 2.47937578024e-007, 1.06815434719e-006, 1.42419409599e-007, 9.15139395374e-008, 4.82234874255e-008, 1.32927226559e-007, 1.06832672486e-007, 1.93881390942e-008, 1.83877411075e-008, 3.12889731902e-008, 3.59998537647e-008, 5.3323958582e-008, 5.07196986632e-008, 8.68806182552e-008, 3.71917280972e-007, 3.42881804727e-007, 3.59120292615e-007, 8.16902741008e-008, 3.03767571097e-008, 2.8083460557e-010, 2.59473397629e-011, 1.90605430744e-011, 1.857457703e-014, 3.10920545249e-019, 2.50544606489e-020]
        max: [4.11752171203e-006, 0.00110625277739, 0.00450332276523, 0.00409550732002, 0.00670342799276, 0.00479628099129, 0.00425393274054, 0.00300570041873, 0.00529066752642, 0.00589684443548, 0.00205248850398, 0.00181792268995, 0.00306046847254, 0.0023602778092, 0.00395103916526, 0.00246449094266, 0.00275176111609, 0.00636622356251, 0.0051963054575, 0.00311865657568, 0.00190292031039, 0.000858568004332, 0.000117623341794, 7.8143668361e-005, 9.35705465963e-005, 2.63793390332e-006, 4.9605843877e-009, 1.395057736e-009]
        mean: [2.27545726261e-007, 0.000149320840137, 0.000445330631919, 0.000288586976239, 0.000540727516636, 0.000233661441598, 0.000127608058392, 7.2723676567e-005, 0.0001835693256, 0.000211611069972, 7.08945008228e-005, 7.09522064426e-005, 8.31296492834e-005, 9.82756464509e-005, 0.000118092626508, 0.000225244715693, 0.000330646202201, 0.000674719514791, 0.000706723425537, 0.000435293477494, 0.000259406486293, 6.51341542834e-005, 9.29446650844e-006, 3.5352861687e-006, 2.00166959985e-006, 5.15955456137e-008, 1.68139488443e-010, 4.7410284032e-011]
        median: [2.70568705218e-008, 0.000115452610771, 0.000342416693456, 0.000183471129276, 0.00032607303001, 0.000145591970067, 7.2334863944e-005, 3.2866228139e-005, 6.23115993221e-005, 3.64403058484e-005, 2.77456983895e-005, 2.93311622954e-005, 2.46931194852e-005, 3.97836338379e-005, 6.05143650318e-005, 0.000185960743693, 0.000269418116659, 0.00052555493312, 0.000609712791629, 0.00035222916631, 0.000220055895625, 3.61314741895e-005, 4.70609120384e-006, 1.95937695935e-006, 8.9867035058e-007, 1.96868903402e-008, 6.88685497519e-011, 1.9172963564e-011]
        min: [4.43329652429e-024, 2.48290988024e-023, 7.58940199947e-024, 1.22528337045e-023, 1.42440148703e-023, 4.17010933379e-023, 3.17792110797e-023, 4.04055786277e-023, 2.90639613103e-023, 4.33554450967e-023, 3.19443859315e-023, 5.96003346556e-023, 7.61735197243e-023, 1.00564631908e-022, 8.7596105725e-023, 1.01414310834e-022, 9.37049562226e-023, 1.57370821237e-022, 1.98059963806e-022, 3.60170008927e-022, 3.6994903163e-022, 5.31497672844e-022, 4.88256584179e-022, 6.33371700258e-022, 1.26505632365e-021, 1.63116573575e-021, 2.16453981208e-021, 8.49629195778e-022]
        var: [1.94487289229e-013, 1.78886239155e-008, 1.54391599949e-007, 1.17187013871e-007, 4.22155494562e-007, 9.08429527158e-008, 4.31221209851e-008, 2.35000712223e-008, 1.35972797466e-007, 3.34314307793e-007, 1.84417707771e-008, 1.50697108126e-008, 4.51056614281e-008, 3.17774109249e-008, 4.89387410596e-008, 3.11313783641e-008, 6.71182931455e-008, 3.25348281649e-007, 2.25895902872e-007, 1.26598649786e-007, 3.49604647454e-008, 7.98994026496e-009, 1.48668924393e-010, 2.51093312809e-011, 1.06175511091e-011, 1.24003472014e-014, 7.41481534542e-020, 5.96642427388e-021]
    mfcc:
        mean: [-694.288574219, 100.903633118, -50.531047821, 77.5922012329, -8.04396247864, -4.22775793076, 3.13753843307, -1.73662757874, 2.72485923767, -7.81696224213, -3.70610356331, -5.48886632919, -7.71251153946]
        cov: [[2224.94604492, -289.273162842, -80.2418136597, -212.597381592, -160.900619507, 9.09290981293, -29.0893650055, 99.0201797485, -21.6347732544, 60.7531204224, 47.7373390198, -14.4298038483, -28.3203601837], [-289.273162842, 649.866394043, -266.803039551, 170.132202148, -46.1797714233, -6.69786930084, 25.4982242584, -58.4748878479, 23.0983142853, -63.4978256226, -8.37583255768, -5.99536180496, -37.2015914917], [-80.2418136597, -266.803039551, 401.993865967, -57.3181304932, 114.060249329, -9.45151042938, -27.9196300507, 23.2315292358, -49.4666633606, 16.4964294434, -30.9998912811, 2.34913659096, 24.6711826324], [-212.597381592, 170.132202148, -57.3181304932, 257.127716064, 38.238445282, 0.941942155361, -19.5141372681, -56.5203704834, 24.4766712189, -29.5852050781, -1.72998785973, 6.19722080231, 28.3831882477], [-160.900619507, -46.1797714233, 114.060249329, 38.238445282, 138.259963989, 9.89307308197, -7.90986204147, -21.6511650085, -17.7253513336, -3.96765232086, -14.1729536057, 5.88550853729, 18.0271167755], [9.09290981293, -6.69786930084, -9.45151042938, 0.941942155361, 9.89307308197, 86.9064025879, 22.1894855499, 2.83692955971, -14.8294897079, -4.60742282867, -5.80734109879, -9.1249370575, 2.08366584778], [-29.0893650055, 25.4982242584, -27.9196300507, -19.5141372681, -7.90986204147, 22.1894855499, 81.9564666748, 25.7501678467, 13.8774824142, -11.1202421188, -1.24737870693, -0.368007957935, -4.47420740128], [99.0201797485, -58.4748878479, 23.2315292358, -56.5203704834, -21.6511650085, 2.83692955971, 25.7501678467, 89.796661377, 26.4249801636, 27.7705497742, -0.0601184219122, -6.05289173126, -16.2050819397], [-21.6347732544, 23.0983142853, -49.4666633606, 24.4766712189, -17.7253513336, -14.8294897079, 13.8774824142, 26.4249801636, 77.5957794189, 29.4581642151, 15.3144798279, -4.81818342209, -6.40749502182], [60.7531204224, -63.4978256226, 16.4964294434, -29.5852050781, -3.96765232086, -4.60742282867, -11.1202421188, 27.7705497742, 29.4581642151, 68.4898986816, 25.7907829285, 4.84283924103, -9.1552438736], [47.7373390198, -8.37583255768, -30.9998912811, -1.72998785973, -14.1729536057, -5.80734109879, -1.24737870693, -0.0601184219122, 15.3144798279, 25.7907829285, 59.0027427673, 27.9827919006, 6.92466259003], [-14.4298038483, -5.99536180496, 2.34913659096, 6.19722080231, 5.88550853729, -9.1249370575, -0.368007957935, -6.05289173126, -4.81818342209, 4.84283924103, 27.9827919006, 58.2185783386, 30.5496692657], [-28.3203601837, -37.2015914917, 24.6711826324, 28.3831882477, 18.0271167755, 2.08366584778, -4.47420740128, -16.2050819397, -6.40749502182, -9.1552438736, 6.92466259003, 30.5496692657, 62.5865936279]]
        icov: [[0.000592746422626, 0.000279795815004, 0.000300450687064, 0.000130391475977, 0.000451843312476, -3.06068104692e-005, 0.000379051343771, -0.00060952862259, 0.00060112180654, -7.50593317207e-005, -0.000443774624728, 0.000345208420185, -7.17315924703e-005], [0.000279795815004, 0.00313872797415, 0.00162520201411, -0.00163035409059, 0.000322642445099, 0.000482483126689, -0.000648368441034, 0.000444687320851, 0.000293292687275, 0.00139834382571, 0.000769129605033, -0.00138549075928, 0.00287655810826], [0.000300450687064, 0.00162520201411, 0.00553351221606, 3.09223833028e-005, -0.00344131304882, 0.00171174097341, 0.000676638504956, -0.00250970711932, 0.00349947414361, -0.00141602708027, 0.00188483798411, 0.000410642125644, -0.00101838714909], [0.000130391475977, -0.00163035409059, 3.09223833028e-005, 0.00713774329051, -0.00200890004635, -0.00131691654678, 0.00273729278706, 0.00211993069388, -0.00473965192214, 0.00258626183495, -0.000486127362819, 0.000614489370491, -0.00314527261071], [0.000451843312476, 0.000322642445099, -0.00344131304882, -0.00200890004635, 0.011981989257, -0.00162948027719, -0.00115489086602, 0.00298150954768, 0.000261356966803, -0.00161053659394, 0.00184947042726, -0.00155879464, 0.000303673412418], [-3.06068104692e-005, 0.000482483126689, 0.00171174097341, -0.00131691654678, -0.00162948027719, 0.0148549964651, -0.00537348631769, -0.00131677999161, 0.00665573589504, -0.00338679924607, -0.000312568736263, 0.0048310062848, -0.00269243400544], [0.000379051343771, -0.000648368441034, 0.000676638504956, 0.00273729278706, -0.00115489086602, -0.00537348631769, 0.0186262205243, -0.00565306888893, -0.00575283356011, 0.00823557563126, -0.00150906201452, -0.00218994985335, 0.000509093690198], [-0.00060952862259, 0.000444687320851, -0.00250970711932, 0.00211993069388, 0.00298150954768, -0.00131677999161, -0.00565306888893, 0.0204573012888, -0.00714198872447, -0.00464370613918, 0.00466816639528, -0.00300066638738, 0.00363193405792], [0.00060112180654, 0.000293292687275, 0.00349947414361, -0.00473965192214, 0.000261356966803, 0.00665573589504, -0.00575283356011, -0.00714198872447, 0.0268253795803, -0.0122058726847, -0.00280180480331, 0.00725845713168, -0.00361318071373], [-7.50593317207e-005, 0.00139834382571, -0.00141602708027, 0.00258626183495, -0.00161053659394, -0.00338679924607, 0.00823557563126, -0.00464370613918, -0.0122058726847, 0.0305254179984, -0.010732928291, -0.00224372697994, 0.00564394891262], [-0.000443774624728, 0.000769129605033, 0.00188483798411, -0.000486127362819, 0.00184947042726, -0.000312568736263, -0.00150906201452, 0.00466816639528, -0.00280180480331, -0.010732928291, 0.0312620773911, -0.0155337043107, 0.00257888366468], [0.000345208420185, -0.00138549075928, 0.000410642125644, 0.000614489370491, -0.00155879464, 0.0048310062848, -0.00218994985335, -0.00300066638738, 0.00725845713168, -0.00224372697994, -0.0155337043107, 0.0345231853426, -0.0164710637182], [-7.17315924703e-005, 0.00287655810826, -0.00101838714909, -0.00314527261071, 0.000303673412418, -0.00269243400544, 0.000509093690198, 0.00363193405792, -0.00361318071373, 0.00564394891262, 0.00257888366468, -0.0164710637182, 0.0286722108722]]
    sccoeffs:
        dmean: [0.0531319752336, 0.0465724654496, 0.0362046249211, 0.0286712497473, 0.0193911101669, 0.0187861248851]
        dmean2: [0.0878542661667, 0.0778073444963, 0.0597725734115, 0.0482697747648, 0.0329057946801, 0.0293288808316]
        dvar: [0.00177853973582, 0.00138177152257, 0.000833246740513, 0.000512843078468, 0.000229114768445, 0.0002753828594]
        dvar2: [0.00477622682229, 0.00378869893029, 0.0022175074555, 0.00143749837298, 0.000650320725981, 0.000604289409239]
        max: [-0.380900233984, -0.48353689909, -0.473296016455, -0.609871506691, -0.660826802254, -0.54903703928]
        mean: [-0.632092237473, -0.757035553455, -0.789463043213, -0.795396983624, -0.800094902515, -0.707557320595]
        median: [-0.633144140244, -0.762857854366, -0.80556178093, -0.801471948624, -0.802459001541, -0.716626763344]
        min: [-0.968552649021, -0.962121725082, -0.971049010754, -0.962438762188, -0.963589131832, -0.964054405689]
        var: [0.00473493989557, 0.0038259527646, 0.00479113170877, 0.00166852097027, 0.000585038098507, 0.00244385912083]
    scvalleys:
        dmean: [0.389063954353, 0.330163002014, 0.287323206663, 0.237295389175, 0.206970348954, 0.281788617373]
        dmean2: [0.654349923134, 0.550020158291, 0.467355012894, 0.382667303085, 0.32031467557, 0.430081874132]
        dvar: [0.115180380642, 0.0923837572336, 0.0717984363437, 0.0608315952122, 0.061776895076, 0.155873924494]
        dvar2: [0.285030931234, 0.21143682301, 0.155098840594, 0.124553546309, 0.113974407315, 0.327420562506]
        max: [-5.09718847275, -4.93318319321, -5.39849233627, -5.58275556564, -5.34321451187, -7.65965986252]
        mean: [-6.62663030624, -6.63702344894, -7.06361055374, -7.10311222076, -6.46808195114, -9.85405158997]
        median: [-6.58069515228, -6.5850982666, -7.02870082855, -7.0521774292, -6.38174724579, -9.62564945221]
        min: [-27.0610771179, -27.6550445557, -27.413225174, -27.4198627472, -27.5197982788, -27.3078746796]
        var: [0.474716097116, 0.494124799967, 0.51917797327, 0.470564007759, 0.480021297932, 1.33236563206]

rhythm:
    beats_loudness:
        dmean: 0.00137855508365
        dmean2: 0.0023437240161
        dvar: 1.16155558771e-006
        dvar2: 3.33715888701e-006
        max: 0.0133194848895
        mean: 0.00586488470435
        median: 0.00580275058746
        min: 6.7734276854e-008
        var: 3.64217703464e-006
    bpm: 135.003952026
    bpm_confidence: 0
    first_peak_bpm: 136
    first_peak_spread: 0.2854578197
    first_peak_weight: 0.5949177742
    onset_rate: 3.42484998703
    second_peak_bpm: 108
    second_peak_spread: 0.15000000596
    second_peak_weight: 0.0508221238852
    beats_loudness_band_ratio:
        dmean: [0.0980012118816, 0.0610055401921, 0.0599348060787, 0.0403530262411, 0.0931318849325, 0.0796457529068]
        dmean2: [0.168574750423, 0.105447441339, 0.09946937114, 0.0674068704247, 0.156482949853, 0.134574517608]
        dvar: [0.00597982248291, 0.00446450896561, 0.00464453594759, 0.00245078094304, 0.00575065799057, 0.00392898358405]
        dvar2: [0.0159998089075, 0.0122562507167, 0.0116170626134, 0.00653688423336, 0.0163516234607, 0.0111656961963]
        max: [0.612033963203, 0.666286587715, 0.589900255203, 0.4555798769, 0.676644682884, 0.795355498791]
        mean: [0.196934536099, 0.113629437983, 0.0956576764584, 0.0641195103526, 0.297502011061, 0.278729557991]
        median: [0.182443916798, 0.0871356129646, 0.0598415397108, 0.040722027421, 0.288052022457, 0.270720154047]
        min: [0.00424377247691, 0.00220882263966, 0.00157270301133, 0.00113280885853, 0.0182310957462, 0.0129099171609]
        var: [0.0104721859097, 0.00931424833834, 0.0080503327772, 0.00359006668441, 0.00985338632017, 0.00804330129176]
