
metadata:
    version:
        essentia: "2.1-beta2"
    audio_properties:
        analysis_sample_rate: 44100
        bitrate: 192
        channels: 2
        equal_loudness: 1
        length: 227.657150269
        replay_gain: -14.978187561
        downmix: "mix"
    tags:
        album: "The Undying Darkness"
        artist: "Caliban"
        comment: "caliban.ru"
        date: "2006"
        genre: "Metalcore"
        title: "Sick Of Running Away"
        tracknumber: "10"

configuration:
    average_loudness:
        compute: 1
        frameSize: 88200
        hopSize: 44100
        silentFrames: "noise"
        windowType: "hann"
    general:
        analysisSampleRate: 44100
        endTime: 2000
        equalLoudness: 1
        nequalLoudness: 0
        shortSound: 0
        startTime: 0
    lowlevel:
        compute: 1
        frameSize: 2048
        hopSize: 1024
        zeroPadding: 0
        silentFrames: "noise"
        windowType: "blackmanharris62"
        mfccStats: ["mean", "cov", "icov"]
        stats: ["mean", "var", "median", "min", "max", "dmean", "dmean2", "dvar", "dvar2"]
    panning:
        compute: 0
        frameSize: 8192
        hopSize: 2048
        zeroPadding: 8192
        silentFrames: "noise"
        windowType: "hann"
        stats: ["copy"]
    rhythm:
        compute: 1
        maxTempo: 208
        minTempo: 40
        method: "degara"
        stats: ["mean", "var", "median", "min", "max", "dmean", "dmean2", "dvar", "dvar2"]
    segmentation:
        compute: 0
        cpw: 5
        inc1: 300
        inc2: 50
        minimumSegmentsLength: 10
        size1: 1000
        size2: 600
    sfx:
        compute: 1
        stats: ["mean", "var", "median", "min", "max", "dmean", "dmean2", "dvar", "dvar2"]
    svm:
        compute: 0
    tonal:
        compute: 1
        frameSize: 4096
        hopSize: 2048
        zeroPadding: 0
        silentFrames: "noise"
        windowType: "blackmanharris62"
        stats: ["mean", "var", "median", "min", "max", "dmean", "dmean2", "dvar", "dvar2"]

lowlevel:
    average_loudness: 0.958112061024
    barkbands_kurtosis:
        dmean: 0.736411929131
        dmean2: 1.24380064011
        dvar: 3.23067998886
        dvar2: 8.93516159058
        max: 72.9246292114
        mean: -0.345110684633
        median: -1.23155379295
        min: -1.89625799656
        var: 19.3582077026
    barkbands_skewness:
        dmean: 0.398307740688
        dmean2: 0.625677168369
        dvar: 0.154084935784
        dvar2: 0.355774343014
        max: 6.76705980301
        mean: -0.246990293264
        median: -0.329008162022
        min: -4.24891090393
        var: 0.842941939831
    barkbands_spread:
        dmean: 5.17946052551
        dmean2: 8.43932437897
        dvar: 24.8041286469
        dvar2: 63.4586982727
        max: 66.0628433228
        mean: 36.9269714355
        median: 37.297203064
        min: 1.13809907436
        var: 102.976806641
    dissonance:
        dmean: 0.00957811437547
        dmean2: 0.0162537246943
        dvar: 0.000108060477942
        dvar2: 0.000284581328742
        max: 0.500000178814
        mean: 0.483104139566
        median: 0.487622439861
        min: 0.306832194328
        var: 0.000276486913208
    hfc:
        dmean: 3.30924367905
        dmean2: 5.54737663269
        dvar: 22.9283370972
        dvar2: 62.7689666748
        max: 53.114906311
        mean: 10.5711355209
        median: 9.79456043243
        min: 1.11288760499e-016
        var: 36.7000579834
    pitch:
        dmean: 737.965393066
        dmean2: 1396.72399902
        dvar: 1356000.75
        dvar2: 3362928.5
        max: 4680.70263672
        mean: 2440.86743164
        median: 3297.11621094
        min: 51.8256378174
        var: 2164997.75
    pitch_instantaneous_confidence:
        dmean: 0.0726507082582
        dmean2: 0.120708279312
        dvar: 0.00344755291007
        dvar2: 0.00917848851532
        max: 0.914241790771
        mean: 0.371039956808
        median: 0.360502153635
        min: 0.114484190941
        var: 0.00981402210891
    pitch_salience:
        dmean: 0.0523764975369
        dmean2: 0.08718547225
        dvar: 0.00225112074986
        dvar2: 0.00589727703482
        max: 0.909774780273
        mean: 0.67613774538
        median: 0.689223051071
        min: 0.139142647386
        var: 0.00606262590736
    silence_rate_20dB:
        dmean: 0
        dmean2: 0
        dvar: 0
        dvar2: 0
        max: 1
        mean: 1
        median: 1
        min: 1
        var: 0
    silence_rate_30dB:
        dmean: 0
        dmean2: 0
        dvar: 0
        dvar2: 0
        max: 1
        mean: 1
        median: 1
        min: 1
        var: 0
    silence_rate_60dB:
        dmean: 0.0467108599842
        dmean2: 0.0934312492609
        dvar: 0.0445230044425
        dvar2: 0.103875480592
        max: 1
        mean: 0.141647964716
        median: 0
        min: 0
        var: 0.121584020555
    spectral_centroid:
        dmean: 282.541748047
        dmean2: 443.967834473
        dvar: 93979.2578125
        dvar2: 200767.5625
        max: 11343.9746094
        mean: 1949.14038086
        median: 1979.84277344
        min: 164.505569458
        var: 349552.875
    spectral_complexity:
        dmean: 4.2655787468
        dmean2: 6.75459003448
        dvar: 16.7409229279
        dvar2: 40.0128326416
        max: 51
        mean: 19.8673267365
        median: 21
        min: 0
        var: 70.0922241211
    spectral_crest:
        dmean: 1.65103471279
        dmean2: 2.75305318832
        dvar: 2.60827422142
        dvar2: 6.71069192886
        max: 25.5426063538
        mean: 6.32621860504
        median: 5.65147209167
        min: 2.44483828545
        var: 6.19895124435
    spectral_decrease:
        dmean: 2.88587542752e-010
        dmean2: 4.85591955535e-010
        dvar: 1.62001461812e-019
        dvar2: 4.41862460734e-019
        max: 1.46688791252e-028
        mean: -1.15581733073e-009
        median: -1.12433840016e-009
        min: -4.39333858182e-009
        var: 3.20212161672e-019
    spectral_energy:
        dmean: 0.00134693959262
        dmean2: 0.00227014743723
        dvar: 3.55135898644e-006
        dvar2: 9.68863150774e-006
        max: 0.0207590460777
        mean: 0.00532116321847
        median: 0.00513366656378
        min: 9.89216408823e-021
        var: 6.81099754729e-006
    spectral_energyband_high:
        dmean: 0.00028961233329
        dmean2: 0.000508131051902
        dvar: 2.48967495509e-007
        dvar2: 6.99012275618e-007
        max: 0.00415269797668
        mean: 0.000572356861085
        median: 0.000473095220514
        min: 7.00698396104e-021
        var: 2.26440263873e-007
    spectral_energyband_low:
        dmean: 0.000284966547042
        dmean2: 0.000469497579616
        dvar: 1.02632142784e-007
        dvar2: 2.73586692856e-007
        max: 0.00421983981505
        mean: 0.000567518291064
        median: 0.000489460304379
        min: 3.35558268125e-023
        var: 1.84186689012e-007
    spectral_energyband_middle_high:
        dmean: 0.000793638755567
        dmean2: 0.00129002844915
        dvar: 8.62711715399e-007
        dvar2: 2.27667146646e-006
        max: 0.013419249095
        mean: 0.00274872360751
        median: 0.00250163394958
        min: 1.49078807651e-021
        var: 2.54965448221e-006
    spectral_energyband_middle_low:
        dmean: 0.000652094604447
        dmean2: 0.00108139973599
        dvar: 1.09095924472e-006
        dvar2: 2.97058772958e-006
        max: 0.0106779318303
        mean: 0.00161510508042
        median: 0.00133582693525
        min: 2.63678259561e-022
        var: 1.59620276463e-006
    spectral_flatness_db:
        dmean: 0.0131378015503
        dmean2: 0.021778319031
        dvar: 0.000150480074808
        dvar2: 0.0003801312414
        max: 0.441632449627
        mean: 0.15430560708
        median: 0.146528661251
        min: 0.0636363998055
        var: 0.00142959959339
    spectral_flux:
        dmean: 0.00719529623166
        dmean2: 0.0110752200708
        dvar: 7.24683850422e-005
        dvar2: 0.000133221692522
        max: 0.125968113542
        mean: 0.0435076095164
        median: 0.0429868102074
        min: 7.0443678668e-011
        var: 0.000256330764387
    spectral_kurtosis:
        dmean: 1.14747774601
        dmean2: 2.01226329803
        dvar: 5.82161426544
        dvar2: 19.418094635
        max: 65.357208252
        mean: 3.28190493584
        median: 2.71720266342
        min: -1.22140049934
        var: 14.2253656387
    spectral_rms:
        dmean: 0.000268706033239
        dmean2: 0.000441392650828
        dvar: 1.06048219095e-007
        dvar2: 2.77101349866e-007
        max: 0.00450030295178
        mean: 0.0021897314582
        median: 0.00223795790225
        min: 3.10658855411e-012
        var: 3.96467157771e-007
    spectral_rolloff:
        dmean: 291.569824219
        dmean2: 473.644592285
        dvar: 170901.46875
        dvar2: 346363.65625
        max: 19229.1503906
        mean: 3508.85742188
        median: 3552.97851563
        min: 150.732421875
        var: 600558.5
    spectral_skewness:
        dmean: 0.153399601579
        dmean2: 0.258174628019
        dvar: 0.0384536534548
        dvar2: 0.119007013738
        max: 6.3583407402
        mean: 1.12736046314
        median: 1.0849378109
        min: -0.0248789805919
        var: 0.160896807909
    spectral_spread:
        dmean: 379558
        dmean2: 577182.375
        dvar: 405852815360
        dvar2: 622243414016
        max: 42149140
        mean: 4208867
        median: 4098903
        min: 1088191.375
        var: 1.39008566886e+012
    spectral_strongpeak:
        dmean: 0.447558939457
        dmean2: 0.785753011703
        dvar: 0.467098772526
        dvar2: 1.26157450676
        max: 6.98889923096
        mean: 0.577786505222
        median: 0.239778995514
        min: 0
        var: 0.589244186878
    zerocrossingrate:
        dmean: 0.00761529523879
        dmean2: 0.00918684899807
        dvar: 7.93754516053e-005
        dvar2: 9.0857502073e-005
        max: 0.51171875
        mean: 0.107949644327
        median: 0.1103515625
        min: 0.005859375
        var: 0.000633692776319
    barkbands:
        dmean: [2.11912933423e-007, 6.87850697432e-005, 0.000200815120479, 0.000180602830369, 0.000301839900203, 0.000141933109262, 0.000126650775201, 0.000106613515527, 0.00014275877038, 9.01297607925e-005, 4.95388267154e-005, 5.43938731425e-005, 4.54153087048e-005, 4.5561533625e-005, 5.81885360589e-005, 0.000111028843094, 0.000173525302671, 0.000334180018399, 0.00029691652162, 0.000229877143283, 0.000121165765449, 4.7452544095e-005, 5.81522181164e-006, 1.84898453881e-006, 1.32108687012e-006, 3.60172407454e-008, 2.19192552997e-010]
        dmean2: [3.78905923526e-007, 0.00011271522817, 0.000329585629515, 0.00030887676985, 0.000509606325068, 0.000239884277107, 0.000208217476029, 0.000173683583853, 0.000232383070397, 0.00013396369468, 8.07436081232e-005, 8.83068787516e-005, 7.22795593902e-005, 7.36619331292e-005, 9.38714947551e-005, 0.000185050841537, 0.000288494717097, 0.000559203443117, 0.000495853659231, 0.000400952994823, 0.000207273114938, 8.49744246807e-005, 1.0063670743e-005, 3.08222206513e-006, 2.24309906116e-006, 5.79486361119e-008, 4.07501671296e-010]
        dvar: [2.3057367105e-013, 1.08299120782e-008, 5.28820010004e-008, 8.29767046184e-008, 4.01133632977e-007, 6.47661266839e-008, 1.00187193652e-007, 5.70658542642e-008, 7.86518441487e-008, 4.25880131161e-008, 1.11289653049e-008, 1.26324675165e-008, 9.77567271576e-009, 7.548185188e-009, 1.98577474464e-008, 2.21743938766e-008, 5.69915279414e-008, 2.0027654557e-007, 1.2805685401e-007, 1.26524795974e-007, 2.7387377699e-008, 9.59343449125e-009, 1.07912102865e-010, 9.56128232144e-012, 6.60656338664e-012, 8.33888774682e-015, 1.02595172601e-019]
        dvar2: [6.53103385175e-013, 2.91044219836e-008, 1.38115979098e-007, 2.20854772692e-007, 1.12331065338e-006, 1.72460005388e-007, 2.4352968353e-007, 1.47776404447e-007, 2.03767783091e-007, 8.63848939048e-008, 2.97036475416e-008, 3.20369437645e-008, 2.18887699077e-008, 1.75343171094e-008, 4.59029791955e-008, 5.96520948193e-008, 1.50211619143e-007, 5.44043416539e-007, 3.4221497458e-007, 3.53819160637e-007, 7.5819855283e-008, 2.67719713065e-008, 2.96763391638e-010, 2.32348203177e-011, 1.64850667839e-011, 1.87083540256e-014, 3.28694692059e-019]
        max: [3.56031841875e-006, 0.00100074894726, 0.00333443842828, 0.0035736891441, 0.00777504965663, 0.00643410999328, 0.00999926868826, 0.00396877527237, 0.00455921702087, 0.0043971654959, 0.00259943981655, 0.00214631902054, 0.00232779444195, 0.00236554909497, 0.00363794784062, 0.00554731395096, 0.00456706667319, 0.00946979410946, 0.00826531928033, 0.00311723840423, 0.0019291145727, 0.000758080394007, 0.000105039165646, 5.25873947481e-005, 4.64625882159e-005, 2.58125123764e-006, 4.22034140968e-009]
        mean: [2.24558746709e-007, 0.000120211567264, 0.000332048453856, 0.000230196950724, 0.000443962722784, 0.000227611351875, 0.00017223910254, 0.000171144987689, 0.00025528029073, 0.000187260229723, 8.13580190879e-005, 9.09829759621e-005, 7.98747205408e-005, 7.91569109424e-005, 0.000106161125586, 0.000218748071347, 0.000360006990377, 0.000741285970435, 0.000661157886498, 0.00042474665679, 0.000255453458522, 6.52876333334e-005, 1.08034100776e-005, 3.84570648748e-006, 2.0450302145e-006, 6.02746226264e-008, 1.71258798809e-010]
        median: [2.62081343294e-008, 8.65893234732e-005, 0.000258150190348, 0.000138052651891, 0.000268157280516, 0.000137545604957, 8.12785001472e-005, 5.67168463022e-005, 8.05475283414e-005, 4.53467582702e-005, 3.15428806061e-005, 3.17631856888e-005, 2.65166381723e-005, 4.13924135501e-005, 5.70806369069e-005, 0.000183758529602, 0.000269180658506, 0.000537450192496, 0.000582316308282, 0.000353244366124, 0.000222005386604, 3.94854214392e-005, 6.87388273946e-006, 2.49119466389e-006, 9.68499534792e-007, 2.56267735921e-008, 6.67404326249e-011]
        min: [2.0798432151e-024, 1.3820477028e-023, 4.89816910029e-024, 7.34410175669e-024, 2.89583012806e-023, 3.30648997385e-023, 3.03739721285e-023, 1.49088131987e-023, 4.11090437622e-023, 6.41835660279e-023, 4.34992702169e-023, 5.12199528705e-023, 5.20855920299e-023, 6.50514644849e-023, 9.85047835559e-023, 1.2598568089e-022, 1.67048377496e-022, 9.11475827639e-023, 2.84261495979e-022, 2.56956053933e-022, 2.95242288319e-022, 3.95239154945e-022, 5.64289648797e-022, 7.89816171601e-022, 9.97415836645e-022, 1.27841510879e-021, 2.11236886845e-021]
        var: [2.00535714336e-013, 1.51759333988e-008, 9.09617270395e-008, 9.45058999946e-008, 3.59297985142e-007, 9.71299130015e-008, 1.16632371316e-007, 9.55808587833e-008, 1.75356788645e-007, 1.64867913099e-007, 2.03155678946e-008, 2.41148754299e-008, 2.79179843687e-008, 1.71859166898e-008, 5.09657276382e-008, 3.24736078028e-008, 1.17272243472e-007, 4.93953564273e-007, 2.16200106706e-007, 1.20333282894e-007, 3.35412302377e-008, 7.14677028668e-009, 1.44025860682e-010, 1.99972920167e-011, 1.03318655714e-011, 1.66759154093e-014, 7.98249001277e-020]
    frequency_bands:
        dmean: [2.11912933423e-007, 6.87850697432e-005, 0.000200815120479, 0.000180602830369, 0.000301839900203, 0.000141933109262, 0.000126650775201, 0.000106613515527, 0.00014275877038, 9.01297607925e-005, 4.95388267154e-005, 5.43938731425e-005, 4.54153087048e-005, 4.5561533625e-005, 5.81885360589e-005, 0.000111028843094, 0.000173525302671, 0.000334180018399, 0.00029691652162, 0.000229877143283, 0.000121165765449, 4.7452544095e-005, 5.81522181164e-006, 1.84898453881e-006, 1.32108687012e-006, 3.60172407454e-008, 2.19192552997e-010, 6.22555201835e-011]
        dmean2: [3.78905923526e-007, 0.00011271522817, 0.000329585629515, 0.00030887676985, 0.000509606325068, 0.000239884277107, 0.000208217476029, 0.000173683583853, 0.000232383070397, 0.00013396369468, 8.07436081232e-005, 8.83068787516e-005, 7.22795593902e-005, 7.36619331292e-005, 9.38714947551e-005, 0.000185050841537, 0.000288494717097, 0.000559203443117, 0.000495853659231, 0.000400952994823, 0.000207273114938, 8.49744246807e-005, 1.0063670743e-005, 3.08222206513e-006, 2.24309906116e-006, 5.79486361119e-008, 4.07501671296e-010, 1.15757840813e-010]
        dvar: [2.3057367105e-013, 1.08299120782e-008, 5.28820010004e-008, 8.29767046184e-008, 4.01133632977e-007, 6.47661266839e-008, 1.00187193652e-007, 5.70658542642e-008, 7.86518441487e-008, 4.25880131161e-008, 1.11289653049e-008, 1.26324675165e-008, 9.77567271576e-009, 7.548185188e-009, 1.98577474464e-008, 2.21743938766e-008, 5.69915279414e-008, 2.0027654557e-007, 1.2805685401e-007, 1.26524795974e-007, 2.7387377699e-008, 9.59343449125e-009, 1.07912102865e-010, 9.56128232144e-012, 6.60656338664e-012, 8.33888774682e-015, 1.02595172601e-019, 8.27874911124e-021]
        dvar2: [6.53103385175e-013, 2.91044219836e-008, 1.38115979098e-007, 2.20854772692e-007, 1.12331065338e-006, 1.72460005388e-007, 2.4352968353e-007, 1.47776404447e-007, 2.03767783091e-007, 8.63848939048e-008, 2.97036475416e-008, 3.20369437645e-008, 2.18887699077e-008, 1.75343171094e-008, 4.59029791955e-008, 5.96520948193e-008, 1.50211619143e-007, 5.44043416539e-007, 3.4221497458e-007, 3.53819160637e-007, 7.5819855283e-008, 2.67719713065e-008, 2.96763391638e-010, 2.32348203177e-011, 1.64850667839e-011, 1.87083540256e-014, 3.28694692059e-019, 2.65299489133e-020]
        max: [3.56031841875e-006, 0.00100074894726, 0.00333443842828, 0.0035736891441, 0.00777504965663, 0.00643410999328, 0.00999926868826, 0.00396877527237, 0.00455921702087, 0.0043971654959, 0.00259943981655, 0.00214631902054, 0.00232779444195, 0.00236554909497, 0.00363794784062, 0.00554731395096, 0.00456706667319, 0.00946979410946, 0.00826531928033, 0.00311723840423, 0.0019291145727, 0.000758080394007, 0.000105039165646, 5.25873947481e-005, 4.64625882159e-005, 2.58125123764e-006, 4.22034140968e-009, 1.19457677084e-009]
        mean: [2.24558746709e-007, 0.000120211567264, 0.000332048453856, 0.000230196950724, 0.000443962722784, 0.000227611351875, 0.00017223910254, 0.000171144987689, 0.00025528029073, 0.000187260229723, 8.13580190879e-005, 9.09829759621e-005, 7.98747205408e-005, 7.91569109424e-005, 0.000106161125586, 0.000218748071347, 0.000360006990377, 0.000741285970435, 0.000661157886498, 0.00042474665679, 0.000255453458522, 6.52876333334e-005, 1.08034100776e-005, 3.84570648748e-006, 2.0450302145e-006, 6.02746226264e-008, 1.71258798809e-010, 4.8316985829e-011]
        median: [2.62081343294e-008, 8.65893234732e-005, 0.000258150190348, 0.000138052651891, 0.000268157280516, 0.000137545604957, 8.12785001472e-005, 5.67168463022e-005, 8.05475283414e-005, 4.53467582702e-005, 3.15428806061e-005, 3.17631856888e-005, 2.65166381723e-005, 4.13924135501e-005, 5.70806369069e-005, 0.000183758529602, 0.000269180658506, 0.000537450192496, 0.000582316308282, 0.000353244366124, 0.000222005386604, 3.94854214392e-005, 6.87388273946e-006, 2.49119466389e-006, 9.68499534792e-007, 2.56267735921e-008, 6.67404326249e-011, 1.84770167916e-011]
        min: [2.0798432151e-024, 1.3820477028e-023, 4.89816910029e-024, 7.34410175669e-024, 2.89583012806e-023, 3.30648997385e-023, 3.03739721285e-023, 1.49088131987e-023, 4.11090437622e-023, 6.41835660279e-023, 4.34992702169e-023, 5.12199528705e-023, 5.20855920299e-023, 6.50514644849e-023, 9.85047835559e-023, 1.2598568089e-022, 1.67048377496e-022, 9.11475827639e-023, 2.84261495979e-022, 2.56956053933e-022, 2.95242288319e-022, 3.95239154945e-022, 5.64289648797e-022, 7.89816171601e-022, 9.97415836645e-022, 1.27841510879e-021, 2.11236886845e-021, 6.80981639455e-022]
        var: [2.00535714336e-013, 1.51759333988e-008, 9.09617270395e-008, 9.45058999946e-008, 3.59297985142e-007, 9.71299130015e-008, 1.16632371316e-007, 9.55808587833e-008, 1.75356788645e-007, 1.64867913099e-007, 2.03155678946e-008, 2.41148754299e-008, 2.79179843687e-008, 1.71859166898e-008, 5.09657276382e-008, 3.24736078028e-008, 1.17272243472e-007, 4.93953564273e-007, 2.16200106706e-007, 1.20333282894e-007, 3.35412302377e-008, 7.14677028668e-009, 1.44025860682e-010, 1.99972920167e-011, 1.03318655714e-011, 1.66759154093e-014, 7.98249001277e-020, 6.42646432584e-021]
    mfcc:
        mean: [-696.466369629, 95.0936508179, -46.838470459, 69.2569351196, -12.0123195648, -8.82083511353, -0.545654594898, -0.509614169598, 0.638433039188, -6.22018718719, -3.25094032288, -3.16569471359, -7.16587734222]
        cov: [[4516.84423828, 40.2658615112, -698.146972656, 120.501998901, -333.807769775, 23.4011383057, 81.7412719727, 216.575469971, 182.895339966, 101.561424255, 129.90914917, 48.2284317017, -1.23092496395], [40.2658615112, 575.270080566, -152.444030762, 54.184879303, -41.1608390808, -25.57172966, 1.55133116245, -10.0600414276, 3.75564312935, -24.1367359161, 4.20203018188, 17.7602901459, -40.3989677429], [-698.146972656, -152.444030762, 445.575836182, -13.8378772736, 145.881011963, 31.3460578918, 1.70444250107, -20.396818161, -46.4616966248, -17.9912109375, -35.3677368164, -21.5951404572, 30.3956851959], [120.501998901, 54.184879303, -13.8378772736, 257.045410156, 88.7277145386, 41.5333709717, -6.93862819672, -45.0066757202, 16.1052150726, -4.94866466522, -2.94980072975, -4.08838605881, 23.263338089], [-333.807769775, -41.1608390808, 145.881011963, 88.7277145386, 194.997711182, 45.3150596619, -9.62708568573, -51.0715789795, -21.0128059387, -7.07817268372, -15.1036348343, -8.68123435974, 14.5274162292], [23.4011383057, -25.57172966, 31.3460578918, 41.5333709717, 45.3150596619, 107.202880859, 32.7991409302, 0.937038958073, -1.26529765129, 6.19627809525, 0.517118215561, -12.5408945084, 8.49228858948], [81.7412719727, 1.55133116245, 1.70444250107, -6.93862819672, -9.62708568573, 32.7991409302, 104.962783813, 57.5615501404, 35.4532203674, -2.25890755653, 3.98219060898, 1.19041156769, 0.0756777077913], [216.575469971, -10.0600414276, -20.396818161, -45.0066757202, -51.0715789795, 0.937038958073, 57.5615501404, 128.040908813, 45.8436431885, 18.9022579193, 13.8202400208, 15.1919488907, -5.55013751984], [182.895339966, 3.75564312935, -46.4616966248, 16.1052150726, -21.0128059387, -1.26529765129, 35.4532203674, 45.8436431885, 85.0417098999, 36.2945518494, 20.6882667542, 4.01404666901, 1.90110778809], [101.561424255, -24.1367359161, -17.9912109375, -4.94866466522, -7.07817268372, 6.19627809525, -2.25890755653, 18.9022579193, 36.2945518494, 69.8335113525, 30.3254203796, 9.38676738739, -3.6565515995], [129.90914917, 4.20203018188, -35.3677368164, -2.94980072975, -15.1036348343, 0.517118215561, 3.98219060898, 13.8202400208, 20.6882667542, 30.3254203796, 64.4209671021, 34.3281326294, 6.55435466766], [48.2284317017, 17.7602901459, -21.5951404572, -4.08838605881, -8.68123435974, -12.5408945084, 1.19041156769, 15.1919488907, 4.01404666901, 9.38676738739, 34.3281326294, 64.4514083862, 22.3907489777], [-1.23092496395, -40.3989677429, 30.3956851959, 23.263338089, 14.5274162292, 8.49228858948, 0.0756777077913, -5.55013751984, 1.90110778809, -3.6565515995, 6.55435466766, 22.3907489777, 60.7614364624]]
        icov: [[0.000360778532922, 0.000116542796604, 0.000455041386886, -0.000334729324095, 0.000352533563273, -0.000177407244337, 7.87096141721e-005, -0.00051439931849, -3.03940978483e-005, -5.60099942959e-005, -0.00038269822835, 0.000234431950958, -0.000168784914422], [0.000116542796604, 0.0022296209354, 0.000620527367573, -0.000775999214966, 0.000386325642467, 0.000141668555443, -0.000197402987396, 0.000218237822992, -0.000248062162427, 0.00103618775029, 0.000109279666503, -0.00138108571991, 0.00194675044622], [0.000455041386886, 0.000620527367573, 0.00442348467186, 0.000616616453044, -0.00273864995688, 0.000295399833703, -0.000549490214325, -0.00155383942183, 0.00185154902283, -0.000570842181332, 0.000206063137739, 0.00173487979919, -0.00230869045481], [-0.000334729324095, -0.000775999214966, 0.000616616453044, 0.00638937577605, -0.00327261723578, -0.00157940818463, 0.000879206869286, 0.00184253137559, -0.00297547294758, 0.00133406498935, 0.0005225398927, 0.000322941021295, -0.00210903654806], [0.000352533563273, 0.000386325642467, -0.00273864995688, -0.00327261723578, 0.0104125421494, -0.00277021643706, 0.000190471590031, 0.00239898241125, -0.000462886324385, -0.000417876261054, 0.000874875462614, -0.00216677645221, 0.00169693434145], [-0.000177407244337, 0.000141668555443, 0.000295399833703, -0.00157940818463, -0.00277021643706, 0.0141244297847, -0.00626795226708, -0.000348412810126, 0.0051909298636, -0.00401502707973, -0.00200101896189, 0.00496805692092, -0.00280718388967], [7.87096141721e-005, -0.000197402987396, -0.000549490214325, 0.000879206869286, 0.000190471590031, -0.00626795226708, 0.0173661205918, -0.00567347416654, -0.00759911164641, 0.00677977129817, -0.000537181913387, -0.000937199569307, 0.00114831153769], [-0.00051439931849, 0.000218237822992, -0.00155383942183, 0.00184253137559, 0.00239898241125, -0.000348412810126, -0.00567347416654, 0.0151112601161, -0.00533007783815, -0.00093920546351, 0.00253293290734, -0.00513298716396, 0.00279758358374], [-3.03940978483e-005, -0.000248062162427, 0.00185154902283, -0.00297547294758, -0.000462886324385, 0.0051909298636, -0.00759911164641, -0.00533007783815, 0.024991363287, -0.0119203710929, -0.00278046354651, 0.00608654413372, -0.00448707817122], [-5.60099942959e-005, 0.00103618775029, -0.000570842181332, 0.00133406498935, -0.000417876261054, -0.00401502707973, 0.00677977129817, -0.00093920546351, -0.0119203710929, 0.02584393695, -0.00877223908901, -0.000914162723348, 0.004240793176], [-0.00038269822835, 0.000109279666503, 0.000206063137739, 0.0005225398927, 0.000874875462614, -0.00200101896189, -0.000537181913387, 0.00253293290734, -0.00278046354651, -0.00877223908901, 0.029081588611, -0.0152735197917, 0.00211467850022], [0.000234431950958, -0.00138108571991, 0.00173487979919, 0.000322941021295, -0.00216677645221, 0.00496805692092, -0.000937199569307, -0.00513298716396, 0.00608654413372, -0.000914162723348, -0.0152735197917, 0.0304043907672, -0.0123510025442], [-0.000168784914422, 0.00194675044622, -0.00230869045481, -0.00210903654806, 0.00169693434145, -0.00280718388967, 0.00114831153769, 0.00279758358374, -0.00448707817122, 0.004240793176, 0.00211467850022, -0.0123510025442, 0.0246707256883]]
    sccoeffs:
        dmean: [0.0534558296204, 0.0482238270342, 0.0367328040302, 0.0286986939609, 0.0191223695874, 0.0180806480348]
        dmean2: [0.0889172181487, 0.0800156667829, 0.0605626180768, 0.0476618781686, 0.0321932546794, 0.0289169121534]
        dvar: [0.00184093241114, 0.00155159900896, 0.000940323574468, 0.000543449423276, 0.000249868957326, 0.000257553911069]
        dvar2: [0.0051038544625, 0.00424787495285, 0.00247973948717, 0.00150811066851, 0.000676686118823, 0.000633074727375]
        max: [-0.380725055933, -0.39177274704, -0.510359287262, -0.608050048351, -0.606256425381, -0.567939937115]
        mean: [-0.638353586197, -0.750169098377, -0.789842069149, -0.798336446285, -0.798462688923, -0.722440063953]
        median: [-0.639885425568, -0.753560304642, -0.801077306271, -0.802287220955, -0.800839006901, -0.72321331501]
        min: [-0.96843701601, -0.969155907631, -0.990120708942, -0.981787085533, -0.960587203503, -0.959818482399]
        var: [0.00463159941137, 0.00382840191014, 0.00417171046138, 0.00170432217419, 0.000861265230924, 0.00131332618184]
    scvalleys:
        dmean: [0.412000775337, 0.338812977076, 0.289326250553, 0.246609792113, 0.207159712911, 0.266490399837]
        dmean2: [0.681383371353, 0.548386573792, 0.465721458197, 0.397282660007, 0.324802070856, 0.417325496674]
        dvar: [0.149273008108, 0.113190151751, 0.0900943800807, 0.0807608067989, 0.0764684900641, 0.135594204068]
        dvar2: [0.326098978519, 0.237057030201, 0.177608579397, 0.152654901147, 0.136492371559, 0.295637339354]
        max: [-5.12254428864, -4.62897920609, -5.38938903809, -5.70523548126, -5.35240840912, -7.90228700638]
        mean: [-6.8629822731, -6.5747628212, -7.05776357651, -7.1754117012, -6.55937576294, -9.73167514801]
        median: [-6.69704818726, -6.45569705963, -6.98907852173, -7.04111862183, -6.38683176041, -9.49892616272]
        min: [-27.7099266052, -27.4669628143, -27.3651638031, -27.2902393341, -27.3061828613, -27.3120326996]
        var: [0.850347340107, 0.716127336025, 0.821712255478, 0.716848671436, 0.856567680836, 1.67908358574]

rhythm:
    beats_loudness:
        dmean: 0.00156358652748
        dmean2: 0.00256893434562
        dvar: 1.77900881226e-006
        dvar2: 4.50030711363e-006
        max: 0.0139719676226
        mean: 0.00551302591339
        median: 0.00560876261443
        min: 6.25255779596e-007
        var: 3.91289131585e-006
    bpm: 154.885528564
    bpm_confidence: 0
    first_peak_bpm: 157
    first_peak_spread: 0.00890204310417
    first_peak_weight: 0.574870884418
    onset_rate: 2.97376990318
    second_peak_bpm: 152
    second_peak_spread: 0.0913242101669
    second_peak_weight: 0.342512905598
    beats_loudness_band_ratio:
        dmean: [0.109275065362, 0.074774093926, 0.094045303762, 0.0518926754594, 0.0992240384221, 0.0950428247452]
        dmean2: [0.191273465753, 0.128153607249, 0.165230855346, 0.0902641192079, 0.166632726789, 0.16979393363]
        dvar: [0.00882578361779, 0.00656537385657, 0.00794851221144, 0.00417696824297, 0.00696023041382, 0.0107456762344]
        dvar2: [0.0264437738806, 0.0180953387171, 0.0227113701403, 0.0121152186766, 0.0201432686299, 0.0320560224354]
        max: [0.894985675812, 0.674149394035, 0.510753333569, 0.480902582407, 0.716700971127, 0.94664555788]
        mean: [0.187717378139, 0.116103105247, 0.126840367913, 0.0689677894115, 0.288057863712, 0.257300496101]
        median: [0.165682762861, 0.0886286869645, 0.0914279967546, 0.0438205897808, 0.279836833477, 0.250315487385]
        min: [0.000208156532608, 0.000949896406382, 0.00202437094413, 0.00172494351864, 0.00240232050419, 0.000589745002799]
        var: [0.0139277298003, 0.0101913837716, 0.0101215196773, 0.0043871938251, 0.0124275526032, 0.0116018531844]
    beats_position: [0.406349211931, 0.835918366909, 1.25387752056, 1.67183673382, 2.08979582787, 2.50775504112, 2.90249419212, 3.29723358154, 3.68036270142, 4.06349182129, 4.45823097229, 4.841360569, 5.22448968887, 5.61922883987, 6.01396799088, 6.40870714188, 6.79183673859, 7.17496585846, 7.56970500946, 7.95283412933, 8.33596324921, 8.71909236908, 9.10222244263, 9.49696159363, 9.8800907135, 10.2632198334, 10.6579589844, 11.0410881042, 11.4242172241, 11.8189563751, 12.202085495, 12.5968255997, 12.9799547195, 13.3746938705, 13.7578229904, 14.1409521103, 14.5240812302, 14.90721035, 15.301949501, 15.6850786209, 16.0682086945, 16.4629478455, 16.8460769653, 17.2292060852, 17.6123352051, 17.995464325, 18.390203476, 18.784942627, 19.179681778, 19.5628108978, 19.9459400177, 20.3290691376, 20.7121982574, 21.0953292847, 21.4784584045, 21.8731975555, 22.2679367065, 22.6510658264, 23.0341949463, 23.4173240662, 23.800453186, 24.195192337, 24.589931488, 24.9730606079, 25.3561897278, 25.7509288788, 26.1456680298, 26.5287971497, 26.9119262695, 27.2950553894, 27.6781845093, 28.0729255676, 28.4676647186, 28.8507938385, 29.2339229584, 29.6286621094, 30.0117912292, 30.3949203491, 30.7896595001, 31.17278862, 31.5559177399, 31.9506568909, 32.3337860107, 32.7169151306, 33.1000442505, 33.4831733704, 33.8779144287, 34.2610435486, 34.6441726685, 35.0389099121, 35.4336509705, 35.8167800903, 36.1999092102, 36.5946464539, 36.9777755737, 37.3609046936, 37.755645752, 38.1387748718, 38.5219039917, 38.91664505, 39.2997741699, 39.6829032898, 40.0776405334, 40.4607696533, 40.8438987732, 41.2386398315, 41.6333770752, 42.0165061951, 42.3996353149, 42.7827644348, 43.1658935547, 43.560634613, 43.9437637329, 44.3268928528, 44.7216300964, 45.1047592163, 45.4878921509, 45.8710212708, 46.2657585144, 46.6604995728, 47.0436286926, 47.4267578125, 47.8098869324, 48.1930160522, 48.5877532959, 48.9708824158, 49.3656234741, 49.748752594, 50.1318817139, 50.5266189575, 50.9213600159, 51.3044891357, 51.6876182556, 52.0823554993, 52.4654884338, 52.8486175537, 53.2317466736, 53.6148757935, 54.0096130371, 54.392742157, 54.7758712769, 55.1590003967, 55.5537414551, 55.9484786987, 56.3316078186, 56.726348877, 57.1210861206, 57.5042152405, 57.8757362366, 58.2588653564, 58.6536026001, 59.0483436584, 59.4314727783, 59.8146018982, 60.2093429565, 60.6040802002, 60.9872093201, 61.3703384399, 61.7534675598, 62.1365966797, 62.531337738, 62.9144668579, 63.2975959778, 63.6923332214, 64.0754623413, 64.4585952759, 64.8533325195, 65.2480697632, 65.6312026978, 66.0143280029, 66.409072876, 66.8038101196, 67.1869354248, 67.5700683594, 67.9531936646, 68.3363265991, 68.7194519043, 69.1025848389, 69.4973220825, 69.8804550171, 70.2635803223, 70.6583175659, 71.0414505005, 71.4245758057, 71.8077087402, 72.1908340454, 72.5855789185, 72.9803161621, 73.3634490967, 73.7465744019, 74.1413116455, 74.5360565186, 74.9191818237, 75.3023147583, 75.6854400635, 76.068572998, 76.4633102417, 76.8464355469, 77.2411804199, 77.6243057251, 78.0074386597, 78.3905639648, 78.7736968994, 79.1684341431, 79.5515594482, 79.9463043213, 80.3410415649, 80.7241744995, 81.1189117432, 81.5020370483, 81.8851699829, 82.2682952881, 82.6514282227, 83.0345535278, 83.4292984009, 83.8240356445, 84.2071609497, 84.5902938843, 84.9734191895, 85.356552124, 85.7512893677, 86.1344223022, 86.5175476074, 86.9122848511, 87.2954177856, 87.6785507202, 88.0732879639, 88.4680252075, 88.8511581421, 89.2342834473, 89.6290206909, 90.023765564, 90.4068908691, 90.7900238037, 91.1731491089, 91.5562820435, 91.9510192871, 92.3341445923, 92.7172775269, 93.1120147705, 93.5067520142, 93.8898849487, 94.2730178833, 94.6561431885, 95.039276123, 95.4340133667, 95.8171386719, 96.2002716064, 96.5950088501, 96.9781417847, 97.3612670898, 97.7560043335, 98.1391372681, 98.5222625732, 98.9170074463, 99.3001327515, 99.683265686, 100.066390991, 100.449523926, 100.844261169, 101.227394104, 101.610519409, 102.005256653, 102.388389587, 102.771514893, 103.166259766, 103.560997009, 103.944122314, 104.327255249, 104.710380554, 105.093513489, 105.488250732, 105.882987976, 106.266120911, 106.649246216, 107.03237915, 107.427116394, 107.821853638, 108.204986572, 108.588119507, 108.971244812, 109.354377747, 109.737503052, 110.120635986, 110.51537323, 110.898498535, 111.293243408, 111.687980652, 112.082717896, 112.46585083, 112.848976135, 113.23210907, 113.615234375, 114.009971619, 114.393104553, 114.776237488, 115.159362793, 115.554100037, 115.937232971, 116.320358276, 116.715103149, 117.098228455, 117.481361389, 117.864486694, 118.259223938, 118.653968811, 119.048706055, 119.43183136, 119.814964294, 120.209701538, 120.592834473, 120.987571716, 121.370697021, 121.753829956, 122.136962891, 122.531700134, 122.914825439, 123.297958374, 123.681083679, 124.064216614, 124.458953857, 124.853691101, 125.236824036, 125.631561279, 126.014694214, 126.409431458, 126.81578064, 127.222129822, 127.628479004, 128.034820557, 128.452789307, 128.859130859, 129.265487671, 129.671829224, 130.066574097, 130.46131897, 130.844436646, 131.239181519, 131.633926392, 132.017044067, 132.41178894, 132.806533813, 133.201263428, 133.596008301, 133.990753174, 134.385482788, 134.7918396, 135.198181152, 135.604537964, 136.010879517, 136.417236328, 136.835189819, 137.229934692, 137.624664307, 138.007797241, 138.390930176, 138.78565979, 139.180404663, 139.563537598, 139.946670532, 140.329788208, 140.712921143, 141.107666016, 141.50239563, 141.885528564, 142.268661499, 142.663391113, 143.046524048, 143.429656982, 143.812789917, 144.195922852, 144.590652466, 144.9737854, 145.356918335, 145.740036011, 146.134780884, 146.517913818, 146.912643433, 147.307388306, 147.69052124, 148.073654175, 148.468383789, 148.851516724, 149.234649658, 149.629379272, 150.012512207, 150.395645142, 150.790390015, 151.161895752, 151.545028687, 151.928161621, 152.322906494, 152.717636108, 153.112380981, 153.495513916, 153.878631592, 154.273376465, 154.668121338, 155.051239014, 155.434371948, 155.817504883, 156.200637817, 156.583755493, 156.966888428, 157.361633301, 157.756362915, 158.13949585, 158.522628784, 158.905761719, 159.288879395, 159.683624268, 160.078369141, 160.461486816, 160.844619751, 161.239364624, 161.622497559, 162.005615234, 162.400360107, 162.79510498, 163.166610718, 163.561355591, 163.944488525, 164.32762146, 164.722351074, 165.105484009, 165.488616943, 165.883346558, 166.278091431, 166.649612427, 167.0443573, 167.427474976, 167.81060791, 168.205352783, 168.588470459, 168.983215332, 169.366348267, 169.761077881, 170.144210815, 170.52734375, 170.910476685, 171.293609619, 171.688339233, 172.083084106, 172.466217041, 172.849334717, 173.232467651, 173.615600586, 174.0103302, 174.405075073, 174.788208008, 175.171340942, 175.554458618, 175.937591553, 176.332336426, 176.72706604, 177.110198975, 177.493331909, 177.876464844, 178.25958252, 178.642715454, 179.025848389, 179.420593262, 179.815322876, 180.198455811, 180.581588745, 180.976318359, 181.371063232, 181.754196167, 182.137313843, 182.532058716, 182.926803589, 183.309921265, 183.693054199, 184.076187134, 184.459320068, 184.842453003, 185.225570679, 185.620315552, 186.015060425, 186.398178101, 186.781311035, 187.16444397, 187.547576904, 187.942306519, 188.337051392, 188.731781006, 189.126525879, 189.509658813, 189.892791748, 190.275909424, 190.659042358, 191.042175293, 191.425308228, 191.820037842, 192.203170776, 192.586303711, 192.981033325, 193.36416626, 193.747299194, 194.142044067, 194.525161743, 194.919906616, 195.303039551, 195.686157227, 196.069290161, 196.464035034, 196.847167969, 197.230285645, 197.625030518, 198.019775391, 198.402893066, 198.786026001, 199.180770874, 199.563903809, 199.947021484, 200.330154419, 200.713287354, 201.096420288, 201.479537964, 201.874282837, 202.26902771, 202.652145386, 203.03527832, 203.430023193, 203.813140869, 204.196273804, 204.591018677, 204.974151611, 205.357269287, 205.75201416, 206.146759033, 206.529876709, 206.913009644, 207.296142578, 207.679275513, 208.074005127, 208.46875, 208.863494873, 209.246612549, 209.629745483, 210.001266479, 210.396011353, 210.790740967, 211.173873901, 211.557006836, 211.95173645, 212.346481323, 212.729614258, 213.112747192, 213.495864868, 213.878997803, 214.262130737, 214.645263672, 215.039993286, 215.423126221, 215.806259155, 216.20098877, 216.595733643, 217.002075195, 217.408432007, 217.81477356, 218.221130371, 218.673919678, 219.126708984, 219.579498291, 219.985839844, 220.392196655, 220.798538208, 221.20489502, 221.657684326, 222.110473633, 222.563262939, 223.004440308, 223.445617676, 223.886795044, 224.327972412, 224.792373657, 225.256774902, 225.721176147, 226.185577393, 226.649978638, 227.114364624]
