
metadata:
    version:
        essentia: "2.1-beta2"
    audio_properties:
        analysis_sample_rate: 44100
        bitrate: 192
        channels: 2
        equal_loudness: 1
        length: 222.667755127
        replay_gain: -14.695432663
        downmix: "mix"
    tags:
        album: "The Undying Darkness"
        artist: "Caliban"
        comment: "caliban.ru"
        date: "2006"
        genre: "Metalcore"
        title: "Room Of Nowhere"
        tracknumber: "12"

configuration:
    average_loudness:
        compute: 1
        frameSize: 88200
        hopSize: 44100
        silentFrames: "noise"
        windowType: "hann"
    general:
        analysisSampleRate: 44100
        endTime: 2000
        equalLoudness: 1
        nequalLoudness: 0
        shortSound: 0
        startTime: 0
    lowlevel:
        compute: 1
        frameSize: 2048
        hopSize: 1024
        zeroPadding: 0
        silentFrames: "noise"
        windowType: "blackmanharris62"
        mfccStats: ["mean", "cov", "icov"]
        stats: ["mean", "var", "median", "min", "max", "dmean", "dmean2", "dvar", "dvar2"]
    panning:
        compute: 0
        frameSize: 8192
        hopSize: 2048
        zeroPadding: 8192
        silentFrames: "noise"
        windowType: "hann"
        stats: ["copy"]
    rhythm:
        compute: 1
        maxTempo: 208
        minTempo: 40
        method: "degara"
        stats: ["mean", "var", "median", "min", "max", "dmean", "dmean2", "dvar", "dvar2"]
    segmentation:
        compute: 0
        cpw: 5
        inc1: 300
        inc2: 50
        minimumSegmentsLength: 10
        size1: 1000
        size2: 600
    sfx:
        compute: 1
        stats: ["mean", "var", "median", "min", "max", "dmean", "dmean2", "dvar", "dvar2"]
    svm:
        compute: 0
    tonal:
        compute: 1
        frameSize: 4096
        hopSize: 2048
        zeroPadding: 0
        silentFrames: "noise"
        windowType: "blackmanharris62"
        stats: ["mean", "var", "median", "min", "max", "dmean", "dmean2", "dvar", "dvar2"]

lowlevel:
    average_loudness: 0.941157400608
    barkbands_kurtosis:
        dmean: 1.08646178246
        dmean2: 1.81741940975
        dvar: 4.59181785583
        dvar2: 11.7453451157
        max: 51.9721336365
        mean: 0.335020244122
        median: -0.942072689533
        min: -1.91881513596
        var: 21.0166149139
    barkbands_skewness:
        dmean: 0.436094373465
        dmean2: 0.690907001495
        dvar: 0.180787160993
        dvar2: 0.434504061937
        max: 5.93364810944
        mean: -0.57215988636
        median: -0.654187500477
        min: -4.7554397583
        var: 0.965332508087
    barkbands_spread:
        dmean: 5.9379863739
        dmean2: 9.76550674438
        dvar: 32.3136062622
        dvar2: 81.0306396484
        max: 69.0404281616
        mean: 36.5175590515
        median: 38.077167511
        min: 1.21015095711
        var: 139.009246826
    dissonance:
        dmean: 0.0065271104686
        dmean2: 0.0111760050058
        dvar: 6.13263764535e-005
        dvar2: 0.00016597143258
        max: 0.500000059605
        mean: 0.489832222462
        median: 0.492251962423
        min: 0.300791233778
        var: 9.67151136138e-005
    hfc:
        dmean: 4.02846813202
        dmean2: 6.9721660614
        dvar: 31.1369228363
        dvar2: 85.1394729614
        max: 47.5129737854
        mean: 11.1466445923
        median: 10.7469978333
        min: 1.15311319965e-016
        var: 53.7406921387
    pitch:
        dmean: 616.454345703
        dmean2: 1157.39477539
        dvar: 1129659.75
        dvar2: 3056269.75
        max: 4543.25537109
        mean: 3042.84106445
        median: 3476.63085938
        min: 64.8692398071
        var: 1401040.5
    pitch_instantaneous_confidence:
        dmean: 0.0752381086349
        dmean2: 0.126460254192
        dvar: 0.00354580604471
        dvar2: 0.0097352610901
        max: 0.911506831646
        mean: 0.395316898823
        median: 0.387450158596
        min: 0.105164349079
        var: 0.0116369249299
    pitch_salience:
        dmean: 0.0497446730733
        dmean2: 0.0832738354802
        dvar: 0.00237382412888
        dvar2: 0.00648987991735
        max: 0.917084157467
        mean: 0.6972001791
        median: 0.716632306576
        min: 0.157570615411
        var: 0.00624861521646
    silence_rate_20dB:
        dmean: 0
        dmean2: 0
        dvar: 0
        dvar2: 0
        max: 1
        mean: 1
        median: 1
        min: 1
        var: 0
    silence_rate_30dB:
        dmean: 0
        dmean2: 0
        dvar: 0
        dvar2: 0
        max: 1
        mean: 1
        median: 1
        min: 1
        var: 0
    silence_rate_60dB:
        dmean: 0.0444212704897
        dmean2: 0.0888518095016
        dvar: 0.0424494631588
        dvar2: 0.0993027985096
        max: 1
        mean: 0.227400690317
        median: 0
        min: 0
        var: 0.17569732666
    spectral_centroid:
        dmean: 296.150390625
        dmean2: 469.5546875
        dvar: 98733.4296875
        dvar2: 206136.953125
        max: 11179.1875
        mean: 2260.65527344
        median: 2271.60107422
        min: 191.371917725
        var: 566163.0625
    spectral_complexity:
        dmean: 4.31949949265
        dmean2: 7.05537605286
        dvar: 19.2645969391
        dvar2: 48.3617134094
        max: 49
        mean: 20.3207168579
        median: 22
        min: 0
        var: 124.409286499
    spectral_crest:
        dmean: 1.59396624565
        dmean2: 2.67849397659
        dvar: 2.30904006958
        dvar2: 6.11610460281
        max: 23.3301811218
        mean: 6.48107099533
        median: 5.76118040085
        min: 2.60081291199
        var: 6.55336380005
    spectral_decrease:
        dmean: 3.06372704983e-010
        dmean2: 5.24820908954e-010
        dvar: 1.96114842638e-019
        dvar2: 5.39765128193e-019
        max: 1.8742760895e-030
        mean: -1.05572028897e-009
        median: -1.01609143321e-009
        min: -4.46548220623e-009
        var: 3.79918265081e-019
    spectral_energy:
        dmean: 0.00149219622836
        dmean2: 0.00256415945478
        dvar: 4.49703111371e-006
        dvar2: 1.23649260786e-005
        max: 0.0208303891122
        mean: 0.00499556167051
        median: 0.00482585420832
        min: 1.05516015198e-020
        var: 8.6161580839e-006
    spectral_energyband_high:
        dmean: 0.000397566473112
        dmean2: 0.00071438687155
        dvar: 3.48087439761e-007
        dvar2: 9.63845195656e-007
        max: 0.00482148304582
        mean: 0.000708321982529
        median: 0.000604702509008
        min: 7.74089672835e-021
        var: 3.53074199211e-007
    spectral_energyband_low:
        dmean: 0.000270279299002
        dmean2: 0.000447824480943
        dvar: 9.96631470684e-008
        dvar2: 2.62055067424e-007
        max: 0.00413357932121
        mean: 0.000520714384038
        median: 0.000447576661827
        min: 3.52299253374e-023
        var: 1.72343177951e-007
    spectral_energyband_middle_high:
        dmean: 0.000832155696116
        dmean2: 0.00139795045834
        dvar: 1.03174181731e-006
        dvar2: 2.75450702247e-006
        max: 0.012010473758
        mean: 0.0027028976474
        median: 0.00258296751417
        min: 1.32531600718e-021
        var: 3.29562703882e-006
    spectral_energyband_middle_low:
        dmean: 0.000537332962267
        dmean2: 0.000902597617824
        dvar: 9.9143164789e-007
        dvar2: 2.74118360721e-006
        max: 0.0109725566581
        mean: 0.00120877707377
        median: 0.000948655360844
        min: 2.62648549955e-022
        var: 1.22935125546e-006
    spectral_flatness_db:
        dmean: 0.013192598708
        dmean2: 0.021765306592
        dvar: 0.000159102142788
        dvar2: 0.000391377194319
        max: 0.354834854603
        mean: 0.153320267797
        median: 0.141750723124
        min: 0.0694591626525
        var: 0.00145947409328
    spectral_flux:
        dmean: 0.00736122345552
        dmean2: 0.0116983717307
        dvar: 9.22076287679e-005
        dvar2: 0.000166845857166
        max: 0.125616759062
        mean: 0.0425462685525
        median: 0.0435437597334
        min: 1.03648506444e-010
        var: 0.000335213291692
    spectral_kurtosis:
        dmean: 0.8707934618
        dmean2: 1.50746309757
        dvar: 0.887836575508
        dvar2: 2.59232187271
        max: 18.1006908417
        mean: 2.61441111565
        median: 2.43381285667
        min: -1.19032764435
        var: 1.68829751015
    spectral_rms:
        dmean: 0.000299908046145
        dmean2: 0.00050089758588
        dvar: 1.40659878411e-007
        dvar2: 3.74038961581e-007
        max: 0.00450802966952
        mean: 0.00207474082708
        median: 0.00216982723214
        min: 3.20846452705e-012
        var: 5.69172414089e-007
    spectral_rolloff:
        dmean: 316.894134521
        dmean2: 525.672607422
        dvar: 195036.296875
        dvar2: 381686.1875
        max: 18712.3535156
        mean: 3799.23632813
        median: 3875.9765625
        min: 150.732421875
        var: 662012.5625
    spectral_skewness:
        dmean: 0.134770080447
        dmean2: 0.227375686169
        dvar: 0.0161595121026
        dvar2: 0.0432408191264
        max: 2.79171037674
        mean: 1.01135134697
        median: 0.993649721146
        min: -0.0358912460506
        var: 0.0726843476295
    spectral_spread:
        dmean: 386128.1875
        dmean2: 592759.0625
        dvar: 412198305792
        dvar2: 588384370688
        max: 40565504
        mean: 4400004.5
        median: 4224094.5
        min: 1664697.25
        var: 1.48988533146e+012
    spectral_strongpeak:
        dmean: 0.522490024567
        dmean2: 0.939382016659
        dvar: 0.570566177368
        dvar2: 1.52053999901
        max: 6.99826622009
        mean: 0.553362190723
        median: 0.193935036659
        min: 3.78150799563e-009
        var: 0.586006164551
    zerocrossingrate:
        dmean: 0.00743928831071
        dmean2: 0.009208294563
        dvar: 7.73887659307e-005
        dvar2: 8.45753820613e-005
        max: 0.5107421875
        mean: 0.120848566294
        median: 0.1220703125
        min: 0.0126953125
        var: 0.000955162860919
    barkbands:
        dmean: [3.7041354517e-007, 9.00646336959e-005, 0.000180960181751, 0.000157140151714, 0.000285720336251, 0.000123949997942, 9.06138011487e-005, 5.85718989896e-005, 7.86218151916e-005, 6.48676650599e-005, 4.49217950518e-005, 4.74941334687e-005, 3.87575673813e-005, 4.60105075035e-005, 4.65000557597e-005, 0.000113151516416, 0.000154337394633, 0.000308254064294, 0.000361425976735, 0.000310124189127, 0.00015889412316, 6.86945641064e-005, 7.40116183806e-006, 2.3152247195e-006, 1.66416486991e-006, 3.97917787609e-008, 1.96783825346e-010]
        dmean2: [6.72522276091e-007, 0.000151840693434, 0.000299518636893, 0.000263320718659, 0.000490658276249, 0.000207044955459, 0.000152731212438, 9.78811876848e-005, 0.000129123000079, 0.000105260078271, 7.47349258745e-005, 8.03148068371e-005, 6.5742598963e-005, 7.7103926742e-005, 7.90276753833e-005, 0.000191907325643, 0.000261031178525, 0.000521179114003, 0.000614355842117, 0.000547966104932, 0.000278361723758, 0.000124946571304, 1.29524050863e-005, 3.77818787456e-006, 2.85861369775e-006, 6.20632647497e-008, 3.67292335435e-010]
        dvar: [3.57020023354e-013, 1.47862264654e-008, 4.70164351896e-008, 6.25775911089e-008, 3.835864959e-007, 4.38614904397e-008, 4.5363144352e-008, 2.19080789066e-008, 4.12636893543e-008, 3.53829889832e-008, 1.00903658762e-008, 8.368738591e-009, 6.26789065095e-009, 1.05003756801e-008, 7.20566450951e-009, 1.94741414106e-008, 4.25721395914e-008, 1.49036225139e-007, 1.84445724472e-007, 1.81942283461e-007, 4.13776852781e-008, 1.30914052932e-008, 1.65329180901e-010, 1.7329674154e-011, 8.34810779532e-012, 1.62558463598e-014, 8.72503389278e-020]
        dvar2: [1.0126260724e-012, 3.91453696125e-008, 1.23013762732e-007, 1.60182693776e-007, 1.0870899132e-006, 1.18968991103e-007, 1.21228211469e-007, 5.92231224061e-008, 1.08275500565e-007, 8.79218831074e-008, 2.73145595031e-008, 2.37169750505e-008, 1.66235007981e-008, 2.48307507889e-008, 1.97834175708e-008, 5.38972955155e-008, 1.20096615319e-007, 4.06233908734e-007, 5.0712628763e-007, 5.05166383391e-007, 1.16101723791e-007, 3.58092187014e-008, 4.56761961587e-010, 3.68980158927e-011, 1.93279316163e-011, 3.17169826915e-014, 2.84005716628e-019]
        max: [1.1105476915e-005, 0.000947832828388, 0.003178675659, 0.00381278269924, 0.00668294867501, 0.00329470029101, 0.00401609577239, 0.00313734449446, 0.00444388808683, 0.00579779734835, 0.00174472772051, 0.00150869297795, 0.00225233333185, 0.00384414684959, 0.00141738378443, 0.00195423164405, 0.00378684978932, 0.00960391107947, 0.00614920351654, 0.00329687562771, 0.00235782610252, 0.0008216612041, 0.000139352574479, 0.000104478283902, 6.20250211796e-005, 4.94041751153e-006, 3.81785314474e-009]
        mean: [4.15461727243e-007, 0.000137058901601, 0.000281489250483, 0.000200171722099, 0.000403261074098, 0.000209289879422, 0.000123553705635, 8.97483332665e-005, 0.000134425776196, 0.000103821570519, 7.0434245572e-005, 8.06904499768e-005, 6.37292250758e-005, 8.45385584398e-005, 8.95568155102e-005, 0.000223582334002, 0.000323280430166, 0.000657051394228, 0.000777879438829, 0.000524296774529, 0.000311591516947, 8.4860897914e-005, 1.33277862915e-005, 4.83798203277e-006, 2.59192370322e-006, 7.24474062963e-008, 1.5077653015e-010]
        median: [2.51364866699e-007, 0.00010232492059, 0.000213947612792, 0.000118631724035, 0.000239469256485, 0.000145759986481, 6.4376014052e-005, 3.32430063281e-005, 4.86046592414e-005, 2.98696395475e-005, 2.68201583822e-005, 3.32399758918e-005, 2.87981692964e-005, 4.44855140813e-005, 5.70471675019e-005, 0.000188213161891, 0.000267494469881, 0.000548387353774, 0.000707846484147, 0.000447773840278, 0.000276651786407, 5.25714967807e-005, 8.95833636605e-006, 3.11751296067e-006, 1.36895846481e-006, 3.0716872601e-008, 5.1184174954e-011]
        min: [1.58789227855e-023, 7.41805509997e-024, 1.51445406144e-023, 3.82555926619e-024, 3.64308272261e-023, 3.4230804602e-023, 5.19531359731e-023, 3.85581926054e-023, 5.20973365911e-023, 3.6364988895e-023, 5.67948107996e-023, 6.40822131788e-023, 5.19657230377e-023, 8.71632924562e-023, 1.46416711329e-022, 9.06597953563e-023, 8.95331189679e-023, 9.74692048249e-023, 1.92080196196e-022, 3.18069979163e-022, 3.35845855256e-022, 5.26684838772e-022, 5.39409152551e-022, 7.34419051931e-022, 1.15076322745e-021, 1.68287896335e-021, 2.37261006736e-021]
        var: [4.55215726225e-013, 1.85863715529e-008, 7.63459553355e-008, 7.1059361062e-008, 3.30286439976e-007, 6.04478245236e-008, 5.1850008731e-008, 3.54301725736e-008, 1.01713766298e-007, 8.91283633564e-008, 1.75265952862e-008, 1.72416214639e-008, 1.22817622739e-008, 2.83269603329e-008, 1.39278348854e-008, 3.74953863513e-008, 8.25695636308e-008, 3.38026637792e-007, 3.40220680073e-007, 1.97325249474e-007, 5.6922381475e-008, 1.03391126771e-008, 2.1462505384e-010, 5.00057079078e-011, 1.80307158093e-011, 4.16007695956e-014, 6.67515044167e-020]
    frequency_bands:
        dmean: [3.7041354517e-007, 9.00646336959e-005, 0.000180960181751, 0.000157140151714, 0.000285720336251, 0.000123949997942, 9.06138011487e-005, 5.85718989896e-005, 7.86218151916e-005, 6.48676650599e-005, 4.49217950518e-005, 4.74941334687e-005, 3.87575673813e-005, 4.60105075035e-005, 4.65000557597e-005, 0.000113151516416, 0.000154337394633, 0.000308254064294, 0.000361425976735, 0.000310124189127, 0.00015889412316, 6.86945641064e-005, 7.40116183806e-006, 2.3152247195e-006, 1.66416486991e-006, 3.97917787609e-008, 1.96783825346e-010, 5.58200534406e-011]
        dmean2: [6.72522276091e-007, 0.000151840693434, 0.000299518636893, 0.000263320718659, 0.000490658276249, 0.000207044955459, 0.000152731212438, 9.78811876848e-005, 0.000129123000079, 0.000105260078271, 7.47349258745e-005, 8.03148068371e-005, 6.5742598963e-005, 7.7103926742e-005, 7.90276753833e-005, 0.000191907325643, 0.000261031178525, 0.000521179114003, 0.000614355842117, 0.000547966104932, 0.000278361723758, 0.000124946571304, 1.29524050863e-005, 3.77818787456e-006, 2.85861369775e-006, 6.20632647497e-008, 3.67292335435e-010, 1.04196151707e-010]
        dvar: [3.57020023354e-013, 1.47862264654e-008, 4.70164351896e-008, 6.25775911089e-008, 3.835864959e-007, 4.38614904397e-008, 4.5363144352e-008, 2.19080789066e-008, 4.12636893543e-008, 3.53829889832e-008, 1.00903658762e-008, 8.368738591e-009, 6.26789065095e-009, 1.05003756801e-008, 7.20566450951e-009, 1.94741414106e-008, 4.25721395914e-008, 1.49036225139e-007, 1.84445724472e-007, 1.81942283461e-007, 4.13776852781e-008, 1.30914052932e-008, 1.65329180901e-010, 1.7329674154e-011, 8.34810779532e-012, 1.62558463598e-014, 8.72503389278e-020, 7.03586904341e-021]
        dvar2: [1.0126260724e-012, 3.91453696125e-008, 1.23013762732e-007, 1.60182693776e-007, 1.0870899132e-006, 1.18968991103e-007, 1.21228211469e-007, 5.92231224061e-008, 1.08275500565e-007, 8.79218831074e-008, 2.73145595031e-008, 2.37169750505e-008, 1.66235007981e-008, 2.48307507889e-008, 1.97834175708e-008, 5.38972955155e-008, 1.20096615319e-007, 4.06233908734e-007, 5.0712628763e-007, 5.05166383391e-007, 1.16101723791e-007, 3.58092187014e-008, 4.56761961587e-010, 3.68980158927e-011, 1.93279316163e-011, 3.17169826915e-014, 2.84005716628e-019, 2.29074681326e-020]
        max: [1.1105476915e-005, 0.000947832828388, 0.003178675659, 0.00381278269924, 0.00668294867501, 0.00329470029101, 0.00401609577239, 0.00313734449446, 0.00444388808683, 0.00579779734835, 0.00174472772051, 0.00150869297795, 0.00225233333185, 0.00384414684959, 0.00141738378443, 0.00195423164405, 0.00378684978932, 0.00960391107947, 0.00614920351654, 0.00329687562771, 0.00235782610252, 0.0008216612041, 0.000139352574479, 0.000104478283902, 6.20250211796e-005, 4.94041751153e-006, 3.81785314474e-009, 1.08173403568e-009]
        mean: [4.15461727243e-007, 0.000137058901601, 0.000281489250483, 0.000200171722099, 0.000403261074098, 0.000209289879422, 0.000123553705635, 8.97483332665e-005, 0.000134425776196, 0.000103821570519, 7.0434245572e-005, 8.06904499768e-005, 6.37292250758e-005, 8.45385584398e-005, 8.95568155102e-005, 0.000223582334002, 0.000323280430166, 0.000657051394228, 0.000777879438829, 0.000524296774529, 0.000311591516947, 8.4860897914e-005, 1.33277862915e-005, 4.83798203277e-006, 2.59192370322e-006, 7.24474062963e-008, 1.5077653015e-010, 4.23015962536e-011]
        median: [2.51364866699e-007, 0.00010232492059, 0.000213947612792, 0.000118631724035, 0.000239469256485, 0.000145759986481, 6.4376014052e-005, 3.32430063281e-005, 4.86046592414e-005, 2.98696395475e-005, 2.68201583822e-005, 3.32399758918e-005, 2.87981692964e-005, 4.44855140813e-005, 5.70471675019e-005, 0.000188213161891, 0.000267494469881, 0.000548387353774, 0.000707846484147, 0.000447773840278, 0.000276651786407, 5.25714967807e-005, 8.95833636605e-006, 3.11751296067e-006, 1.36895846481e-006, 3.0716872601e-008, 5.1184174954e-011, 1.38717492354e-011]
        min: [1.58789227855e-023, 7.41805509997e-024, 1.51445406144e-023, 3.82555926619e-024, 3.64308272261e-023, 3.4230804602e-023, 5.19531359731e-023, 3.85581926054e-023, 5.20973365911e-023, 3.6364988895e-023, 5.67948107996e-023, 6.40822131788e-023, 5.19657230377e-023, 8.71632924562e-023, 1.46416711329e-022, 9.06597953563e-023, 8.95331189679e-023, 9.74692048249e-023, 1.92080196196e-022, 3.18069979163e-022, 3.35845855256e-022, 5.26684838772e-022, 5.39409152551e-022, 7.34419051931e-022, 1.15076322745e-021, 1.68287896335e-021, 2.37261006736e-021, 5.86148290283e-022]
        var: [4.55215726225e-013, 1.85863715529e-008, 7.63459553355e-008, 7.1059361062e-008, 3.30286439976e-007, 6.04478245236e-008, 5.1850008731e-008, 3.54301725736e-008, 1.01713766298e-007, 8.91283633564e-008, 1.75265952862e-008, 1.72416214639e-008, 1.22817622739e-008, 2.83269603329e-008, 1.39278348854e-008, 3.74953863513e-008, 8.25695636308e-008, 3.38026637792e-007, 3.40220680073e-007, 1.97325249474e-007, 5.6922381475e-008, 1.03391126771e-008, 2.1462505384e-010, 5.00057079078e-011, 1.80307158093e-011, 4.16007695956e-014, 6.67515044167e-020, 5.36037876587e-021]
    mfcc:
        mean: [-708.201721191, 80.1921463013, -45.1315803528, 71.4351730347, -10.2575244904, -4.42434453964, 2.41090369225, -2.54757285118, -1.81933987141, -7.77998638153, -3.92089295387, -3.7471139431, -4.56145620346]
        cov: [[7502.5625, 1567.40100098, -696.555297852, 375.485534668, 65.6134567261, 164.43901062, 133.10760498, 231.264862061, 220.592071533, 61.5497779846, 159.309310913, 108.271774292, 37.3220787048], [1567.40100098, 1584.97802734, -288.87612915, 272.269714355, 201.763778687, 25.6229839325, 68.9529876709, 17.7905426025, 73.6451034546, -81.2325439453, 23.074886322, 37.5796318054, -27.7286758423], [-696.555297852, -288.87612915, 400.115631104, -24.6199607849, 44.6950263977, -3.9990003109, -31.1639499664, -21.6006183624, -63.4742393494, -3.93815588951, -41.8296813965, -32.8991088867, -3.59223031998], [375.485534668, 272.269714355, -24.6199607849, 327.058746338, 86.5505828857, 47.0011787415, 12.1128530502, -34.4036178589, 21.1408367157, -24.5777835846, -4.0866932869, -6.50625085831, 16.9430408478], [65.6134567261, 201.763778687, 44.6950263977, 86.5505828857, 161.995834351, 42.7816200256, 23.2033996582, -17.3051605225, -3.30418729782, -9.74871063232, -3.40908169746, 5.53473472595, 2.04807758331], [164.43901062, 25.6229839325, -3.9990003109, 47.0011787415, 42.7816200256, 113.323944092, 45.8797073364, -2.9179918766, -10.769288063, 2.94561934471, -2.92074346542, -9.91011333466, 7.60819196701], [133.10760498, 68.9529876709, -31.1639499664, 12.1128530502, 23.2033996582, 45.8797073364, 91.545425415, 31.4948539734, 22.143995285, 1.49543225765, 3.30843639374, 3.59500288963, 4.4635848999], [231.264862061, 17.7905426025, -21.6006183624, -34.4036178589, -17.3051605225, -2.9179918766, 31.4948539734, 104.257881165, 53.1856575012, 28.0958843231, 16.0367946625, 12.4282302856, 0.628084778786], [220.592071533, 73.6451034546, -63.4742393494, 21.1408367157, -3.30418729782, -10.769288063, 22.143995285, 53.1856575012, 100.468154907, 37.8553466797, 28.0341339111, 10.6398334503, 3.29453969002], [61.5497779846, -81.2325439453, -3.93815588951, -24.5777835846, -9.74871063232, 2.94561934471, 1.49543225765, 28.0958843231, 37.8553466797, 73.1842803955, 27.2521076202, 8.55468940735, 1.33169877529], [159.309310913, 23.074886322, -41.8296813965, -4.0866932869, -3.40908169746, -2.92074346542, 3.30843639374, 16.0367946625, 28.0341339111, 27.2521076202, 59.9112892151, 32.8082122803, 10.7084655762], [108.271774292, 37.5796318054, -32.8991088867, -6.50625085831, 5.53473472595, -9.91011333466, 3.59500288963, 12.4282302856, 10.6398334503, 8.55468940735, 32.8082122803, 58.6781463623, 24.9719810486], [37.3220787048, -27.7286758423, -3.59223031998, 16.9430408478, 2.04807758331, 7.60819196701, 4.4635848999, 0.628084778786, 3.29453969002, 1.33169877529, 10.7084655762, 24.9719810486, 51.8473625183]]
        icov: [[0.000219256413402, -0.000189912403584, 0.000198000314413, -0.000155548739713, 0.000172571861185, -0.000332354858983, 0.000183687690878, -0.000485078286147, 0.000146765261889, -0.000208198078326, -0.000228739198064, 1.5625189917e-005, -0.000127093488118], [-0.000189912403584, 0.00139217660762, 0.000698023592122, -0.000467134639621, -0.00165336043574, 0.000677428848576, -0.000293197255814, -0.000111508241389, -0.0005441471003, 0.00172719475813, -3.50337031705e-005, -0.000603170425165, 0.00136273785029], [0.000198000314413, 0.000698023592122, 0.00417509442195, -0.00031189728179, -0.00249245599844, 0.000832150864881, 0.000844551366754, -0.00180122244637, 0.00240898970515, -0.000697485113051, 0.00082473049406, 0.00163526239339, -0.000545677961782], [-0.000155548739713, -0.000467134639621, -0.00031189728179, 0.0047989054583, -0.00129852897953, -0.00148719642311, 0.000816337938886, 0.00229390407912, -0.00279034674168, 0.00145670806523, 0.000161865435075, 0.00138225685805, -0.00211552297696], [0.000172571861185, -0.00165336043574, -0.00249245599844, -0.00129852897953, 0.0108330789953, -0.00333383749239, -0.00119383609854, 0.00197302503511, -0.000686927000061, -0.0013213166967, 0.000909997732379, -0.00328645016998, 0.000855888589285], [-0.000332354858983, 0.000677428848576, 0.000832150864881, -0.00148719642311, -0.00333383749239, 0.0154291428626, -0.00778861483559, 0.000292523793178, 0.00532062677667, -0.00324117555283, -0.00140350987203, 0.00532114459202, -0.0028480917681], [0.000183687690878, -0.000293197255814, 0.000844551366754, 0.000816337938886, -0.00119383609854, -0.00778861483559, 0.0176906269044, -0.00479056127369, -0.00333040812984, 0.00295482063666, 0.00101036555134, -0.00112106255256, -0.00030517403502], [-0.000485078286147, -0.000111508241389, -0.00180122244637, 0.00229390407912, 0.00197302503511, 0.000292523793178, -0.00479056127369, 0.0175820328295, -0.00832075439394, -0.00156387791503, 0.00212571304291, -0.00333042535931, 0.00122763204854], [0.000146765261889, -0.0005441471003, 0.00240898970515, -0.00279034674168, -0.000686927000061, 0.00532062677667, -0.00333040812984, -0.00832075439394, 0.0219709910452, -0.00874764006585, -0.00463471654803, 0.00489067006856, -0.00225375662558], [-0.000208198078326, 0.00172719475813, -0.000697485113051, 0.00145670806523, -0.0013213166967, -0.00324117555283, 0.00295482063666, -0.00156387791503, -0.00874764006585, 0.0240997280926, -0.00792341120541, 0.000315680226777, 0.00226290593855], [-0.000228739198064, -3.50337031705e-005, 0.00082473049406, 0.000161865435075, 0.000909997732379, -0.00140350987203, 0.00101036555134, 0.00212571304291, -0.00463471654803, -0.00792341120541, 0.0317157283425, -0.0165530107915, 0.00212760502473], [1.5625189917e-005, -0.000603170425165, 0.00163526239339, 0.00138225685805, -0.00328645016998, 0.00532114459202, -0.00112106255256, -0.00333042535931, 0.00489067006856, 0.000315680226777, -0.0165530107915, 0.0351692475379, -0.0150255011395], [-0.000127093488118, 0.00136273785029, -0.000545677961782, -0.00211552297696, 0.000855888589285, -0.0028480917681, -0.00030517403502, 0.00122763204854, -0.00225375662558, 0.00226290593855, 0.00212760502473, -0.0150255011395, 0.0280393287539]]
    sccoeffs:
        dmean: [0.0523700676858, 0.0465918332338, 0.0347050912678, 0.0275687407702, 0.0200780369341, 0.0171407386661]
        dmean2: [0.0871856212616, 0.0781353935599, 0.0583641715348, 0.0469347350299, 0.0339546501637, 0.0279840845615]
        dvar: [0.00173595431261, 0.00146614841651, 0.000808095792308, 0.000475217355415, 0.000279716303339, 0.000221132460865]
        dvar2: [0.00461159832776, 0.0039409394376, 0.0022528518457, 0.00135824899189, 0.000775549677201, 0.000553852063604]
        max: [-0.316010028124, -0.475363254547, -0.512021303177, -0.613337337971, -0.569550156593, -0.556638300419]
        mean: [-0.671847820282, -0.762613713741, -0.814593970776, -0.811711192131, -0.796982526779, -0.723014175892]
        median: [-0.675634562969, -0.766720712185, -0.82162129879, -0.813028395176, -0.801117241383, -0.722024023533]
        min: [-0.96200543642, -0.975049436092, -0.980568230152, -0.957347035408, -0.959706604481, -0.962403833866]
        var: [0.00463166832924, 0.00423295982182, 0.00288647576235, 0.00128712505102, 0.00111069146078, 0.0019539676141]
    scvalleys:
        dmean: [0.422735601664, 0.345433861017, 0.296377062798, 0.255805850029, 0.236598849297, 0.298233926296]
        dmean2: [0.699760973454, 0.564335584641, 0.481334805489, 0.416844010353, 0.37541860342, 0.468959271908]
        dvar: [0.164399445057, 0.110983975232, 0.0946260839701, 0.0941403359175, 0.0890886932611, 0.144464731216]
        dvar2: [0.359960824251, 0.228861585259, 0.182427272201, 0.180018171668, 0.162777006626, 0.300144940615]
        max: [-5.03243732452, -4.8245382309, -5.32518959045, -5.60275602341, -5.35652685165, -7.77829313278]
        mean: [-6.93398046494, -6.8739695549, -7.21963310242, -7.26654863358, -6.63948774338, -9.63463592529]
        median: [-6.51356554031, -6.61400175095, -7.0076212883, -6.99856424332, -6.29914808273, -9.36121273041]
        min: [-27.749382019, -27.1236953735, -27.1413230896, -27.234375, -27.3892383575, -27.2408103943]
        var: [2.1296942234, 1.28736150265, 1.2916996479, 1.29860806465, 1.27627396584, 1.51659464836]

rhythm:
    beats_loudness:
        dmean: 0.00134693575092
        dmean2: 0.00230741500854
        dvar: 1.76228468263e-006
        dvar2: 3.89263323086e-006
        max: 0.0116828074679
        mean: 0.00514240050688
        median: 0.00532839912921
        min: 5.36145794428e-009
        var: 4.39930545326e-006
    bpm: 79.8028182983
    bpm_confidence: 0
    first_peak_bpm: 80
    first_peak_spread: 0.129251718521
    first_peak_weight: 0.870748281479
    onset_rate: 3.16166138649
    second_peak_bpm: 0
    second_peak_spread: 0
    second_peak_weight: 0
    beats_loudness_band_ratio:
        dmean: [0.107277594507, 0.0742458850145, 0.0470373891294, 0.0388880744576, 0.097285091877, 0.106467202306]
        dmean2: [0.187960073352, 0.129973545671, 0.0779887363315, 0.0684031397104, 0.166898310184, 0.188575863838]
        dvar: [0.0123122176155, 0.00599073059857, 0.0030478767585, 0.00230482034385, 0.00823799148202, 0.0164557378739]
        dvar2: [0.0377649702132, 0.0162974987179, 0.00906748883426, 0.00634434772655, 0.0228725001216, 0.0429023094475]
        max: [0.746919035912, 0.588891506195, 0.468072146177, 0.276767462492, 0.634751141071, 0.973023176193]
        mean: [0.203138127923, 0.113847613335, 0.0691882222891, 0.0529250130057, 0.27078217268, 0.333524376154]
        median: [0.189115583897, 0.0916488096118, 0.049882106483, 0.0373773425817, 0.27525344491, 0.319167226553]
        min: [1.66809295479e-005, 0.000422689889092, 0.00247645960189, 0.00241251150146, 0.0225973762572, 0.0286207348108]
        var: [0.0137988850474, 0.00875531416386, 0.00362281640992, 0.00237066322006, 0.0109427366406, 0.0208588968962]
    beats_position: [0.743038535118, 1.48607707024, 2.22911548615, 2.97215414047, 3.73841261864, 4.48145103455, 5.22448968887, 5.97913837433, 6.73378658295, 7.47682523727, 8.23147392273, 8.98612213135, 9.72916126251, 10.47219944, 11.2152376175, 11.9698867798, 12.7245349884, 13.479183197, 14.2338323593, 14.9768705368, 15.7315187454, 16.4861679077, 17.2292060852, 17.9722442627, 18.7268924713, 19.4815406799, 20.2245807648, 20.9792289734, 21.733877182, 22.4769153595, 23.2315635681, 23.9862117767, 24.7292518616, 25.4839000702, 26.2385482788, 26.9815864563, 27.7246246338, 28.4792747498, 29.2339229584, 29.9769611359, 30.7316093445, 31.4862575531, 32.2292976379, 32.9839439392, 33.7385940552, 34.4816322327, 35.2246704102, 35.9677085876, 36.6991386414, 37.4189567566, 38.1503829956, 38.8934249878, 39.6364631653, 40.3911094666, 41.1457595825, 41.88879776, 42.6318359375, 43.3864860535, 44.129524231, 44.8841705322, 45.6388206482, 46.3818588257, 47.1248970032, 47.8679351807, 48.6225852966, 49.3772315979, 50.1318817139, 50.8749198914, 51.6295700073, 52.3842163086, 53.1388664246, 53.8819046021, 54.6365509033, 55.3912010193, 56.1342391968, 56.8888893127, 57.643535614, 58.39818573, 59.1412239075, 59.9074821472, 60.6621322632, 61.4167785645, 62.1714286804, 62.9376869202, 63.7039451599, 64.470199585, 65.2248535156, 65.9794998169, 66.7341461182, 67.4771881104, 68.2318344116, 68.9864807129, 69.7295227051, 70.4725646973, 71.2272109985, 71.9702453613, 72.724899292, 73.4795455933, 74.2225799561, 74.9772338867, 75.731880188, 76.4865264893, 77.2295684814, 77.9726028442, 78.7272567749, 79.4819030762, 80.2365493774, 80.9912033081, 81.7342376709, 82.4772796631, 83.2319259644, 83.9865722656, 84.7296142578, 85.4842605591, 86.2389068604, 86.9819488525, 87.7249908447, 88.479637146, 89.2342834473, 89.9773254395, 90.7203598022, 91.4634017944, 92.2180480957, 92.972694397, 93.7273483276, 94.4819946289, 95.2250289917, 95.9796829224, 96.7343292236, 97.4773712158, 98.2320175171, 98.9866638184, 99.7297058105, 100.472740173, 101.227394104, 101.982040405, 102.736686707, 103.491333008, 104.245986938, 105.00063324, 105.743675232, 106.486709595, 107.229751587, 107.984397888, 108.739044189, 109.482086182, 110.225120544, 110.968162537, 111.722808838, 112.477455139, 113.220497131, 113.963539124, 114.718185425, 115.472831726, 116.215873718, 116.97052002, 117.725166321, 118.479812622, 119.234466553, 119.977500916, 120.732154846, 121.486801147, 122.22983551, 122.984489441, 123.739135742, 124.482177734, 125.225212097, 125.979858398, 126.734512329, 127.477546692, 128.232192993, 128.986846924, 129.729888916, 130.472915649, 131.215957642, 131.982223511, 132.748474121, 133.51473999, 134.292602539, 135.058868408, 135.825119019, 136.591384888, 137.369247437, 138.147125244, 138.924987793, 139.691238403, 140.457504272, 141.223754883, 141.990020752, 142.756271362, 143.522537231, 144.288803101, 145.055053711, 145.82131958, 146.58757019, 147.35383606, 148.108474731, 148.863128662, 149.606170654, 150.360809326, 151.115463257, 151.858505249, 152.601531982, 153.356185913, 154.110839844, 154.853881836, 155.596908569, 156.3515625, 157.106216431, 157.860855103, 158.615509033, 159.358551025, 160.101577759, 160.867843628, 161.61088562, 162.353912354, 163.096954346, 163.851608276, 164.606262207, 165.360900879, 166.11555481, 166.870193481, 167.613235474, 168.367889404, 169.110931396, 169.85395813, 170.608612061, 171.363265991, 172.106307983, 172.849334717, 173.603988647, 174.358642578, 175.11328125, 175.867935181, 176.610977173, 177.354003906, 178.108657837, 178.851699829, 179.594741821, 180.349380493, 181.115646362, 181.858688354, 182.601715088, 183.34475708, 184.099411011, 184.854049683, 185.608703613, 186.351745605, 187.106384277, 187.84942627, 188.6040802, 189.347122192, 190.101760864, 190.856414795, 191.611068726, 192.354095459, 193.097137451, 193.851791382, 194.606430054, 195.349472046, 196.104125977, 196.858764648, 197.613418579, 198.356460571, 199.099502563, 199.854141235, 200.597183228, 201.351837158, 202.10647583, 202.861129761, 203.604171753, 204.347213745, 205.101852417, 205.844894409, 206.59954834, 207.354187012, 208.108840942, 208.863494873, 209.618133545, 210.372787476, 211.115829468, 211.858856201, 212.613510132, 213.356552124, 214.111190796, 214.854232788, 215.608886719, 216.363540649, 217.141403198, 217.919265747, 218.697143555, 219.475006104, 220.252868652, 221.03074646, 221.820220947]
    bpm_estimates: [80.7495117188, 80.7495269775, 80.74949646, 78.3025588989, 80.7495269775, 80.74949646, 79.507194519, 79.5072479248, 80.74949646, 79.507194519, 79.5072479248, 80.7494506836, 80.7495498657, 80.7495498657, 79.5071411133, 79.5072479248, 79.5072479248, 79.5071411133, 80.7495498657, 79.5072479248, 79.5071411133, 80.7495498657, 80.7495498657, 79.5072479248, 79.5072479248, 80.7493438721, 79.5072479248, 79.5072479248, 80.7495498657, 79.5072479248, 79.5072479248, 80.7493438721, 79.5072479248, 79.5072479248, 80.7495498657, 80.7495498657, 79.5070419312, 79.5072479248, 80.7495498657, 79.5072479248, 79.5072479248, 80.7493438721, 79.5074462891, 79.5070419312, 80.7495498657, 80.7495498657, 80.7495498657, 82.0310821533, 83.3543930054, 82.0315093994, 80.7491378784, 80.7495498657, 79.5074462891, 79.5070419312, 80.7495498657, 80.7495498657, 79.5070419312, 80.7495498657, 79.5074462891, 79.5070419312, 80.7495498657, 80.7495498657, 80.7495498657, 79.5070419312, 79.5074462891, 79.5070419312, 80.7495498657, 79.5070419312, 79.5074462891, 79.5070419312, 80.7495498657, 79.5074462891, 79.5070419312, 80.7495498657, 79.5070419312, 79.5074462891, 79.5070419312, 80.7495498657, 78.3025817871, 79.5070419312, 79.5074462891, 79.5070419312, 78.3025817871, 78.3025817871, 78.3029708862, 79.5066452026, 79.5074462891, 79.5074462891, 80.7491378784, 79.5074462891, 79.5074462891, 80.7491378784, 80.7491378784, 79.5074462891, 80.7499694824, 79.5066452026, 79.5074462891, 80.7499694824, 79.5066452026, 79.5074462891, 79.5074462891, 80.7491378784, 80.7499694824, 79.5066452026, 79.5074462891, 79.5074462891, 79.5066452026, 80.7499694824, 80.7491378784, 79.5074462891, 79.5074462891, 80.7491378784, 79.5074462891, 79.5074462891, 80.7491378784, 80.7491378784, 79.5074462891, 79.5074462891, 80.7491378784, 80.7499694824, 80.7491378784, 79.5074462891, 79.5074462891, 79.5066452026, 79.5074462891, 80.7499694824, 79.5066452026, 79.5074462891, 80.7491378784, 79.5074462891, 79.5074462891, 80.7491378784, 80.7499694824, 79.5066452026, 79.5074462891, 79.5074462891, 79.5074462891, 79.5066452026, 79.5074462891, 80.7491378784, 80.7499694824, 80.7491378784, 79.5074462891, 79.5074462891, 80.7491378784, 80.7499694824, 80.7491378784, 79.5074462891, 79.5074462891, 80.7491378784, 80.7491378784, 79.5074462891, 79.5074462891, 80.7491378784, 79.5074462891, 79.5074462891, 79.5074462891, 79.5066452026, 80.7499694824, 79.5066452026, 79.5074462891, 80.7499694824, 79.5066452026, 79.5074462891, 80.7491378784, 80.7499694824, 79.5074462891, 79.5066452026, 80.7499694824, 79.5074462891, 79.5066452026, 80.7491378784, 80.750793457, 80.7491378784, 78.3018035889, 78.3033599854, 78.3018035889, 77.1344528198, 78.3018035889, 78.3033599854, 78.3018035889, 77.1344528198, 77.1329345703, 77.1344528198, 78.3033599854, 78.3018035889, 78.3033599854, 78.3018035889, 78.3033599854, 78.3018035889, 78.3018035889, 78.3033599854, 78.3018035889, 78.3033599854, 78.3018035889, 79.5082473755, 79.5066452026, 80.7491378784, 79.5082473755, 79.5066452026, 80.7491378784, 80.750793457, 79.5066452026, 79.5066452026, 80.7491378784, 80.750793457, 79.5066452026, 79.5066452026, 79.5082473755, 79.5066452026, 80.7491378784, 80.750793457, 78.3018035889, 80.7491378784, 80.750793457, 80.7491378784, 79.5066452026, 79.5066452026, 79.5082473755, 79.5066452026, 79.5082473755, 80.7491378784, 79.5066452026, 80.7491378784, 80.750793457, 79.5066452026, 79.5066452026, 80.7491378784, 80.750793457, 79.5066452026, 79.5066452026, 79.5082473755, 79.5066452026, 80.7491378784, 80.750793457, 79.5066452026, 80.7491378784, 80.7491378784, 79.5082473755, 78.3018035889, 80.7491378784, 80.750793457, 80.7491378784, 79.5066452026, 79.5082473755, 79.5066452026, 80.7491378784, 79.5082473755, 80.7491378784, 79.5066452026, 80.7491378784, 79.5082473755, 79.5066452026, 79.5066452026, 80.750793457, 80.7491378784, 79.5066452026, 79.5082473755, 80.7491378784, 79.5066452026, 79.5082473755, 79.5066452026, 80.7491378784, 80.7491378784, 79.5082473755, 80.7491378784, 79.5066452026, 79.5082473755, 79.5066452026, 80.7491378784, 80.7491378784, 79.5082473755, 80.7491378784, 79.5066452026, 79.5082473755, 79.5066452026, 79.5066452026, 79.5082473755, 79.5066452026, 80.7491378784, 80.750793457, 79.5066452026, 80.7491378784, 79.5082473755, 80.7491378784, 79.5066452026, 79.5066452026, 77.1344528198, 77.1344528198, 77.1329345703, 77.1344528198, 77.1344528198, 77.1329345703, 75.9999237061]
