
metadata:
    version:
        essentia: "2.1-beta2"
    audio_properties:
        analysis_sample_rate: 44100
        bitrate: 320
        channels: 2
        equal_loudness: 1
        length: 357.537963867
        replay_gain: -16.663312912
        downmix: "mix"
    tags:
        album: "Greatest Hits - Hymns To The Rising Sun"
        artist: "Amon Amarth"
        comment: ""
        date: "2010"
        genre: "Melodic Death Metal"
        title: "Fate Of Norns"
        tracknumber: "10"

configuration:
    average_loudness:
        compute: 1
        frameSize: 88200
        hopSize: 44100
        silentFrames: "noise"
        windowType: "hann"
    general:
        analysisSampleRate: 44100
        endTime: 2000
        equalLoudness: 1
        nequalLoudness: 0
        shortSound: 0
        startTime: 0
    lowlevel:
        compute: 1
        frameSize: 2048
        hopSize: 1024
        zeroPadding: 0
        silentFrames: "noise"
        windowType: "blackmanharris62"
        mfccStats: ["mean", "cov", "icov"]
        stats: ["mean", "var", "median", "min", "max", "dmean", "dmean2", "dvar", "dvar2"]
    panning:
        compute: 0
        frameSize: 8192
        hopSize: 2048
        zeroPadding: 8192
        silentFrames: "noise"
        windowType: "hann"
        stats: ["copy"]
    rhythm:
        compute: 1
        maxTempo: 208
        minTempo: 40
        method: "degara"
        stats: ["mean", "var", "median", "min", "max", "dmean", "dmean2", "dvar", "dvar2"]
    segmentation:
        compute: 0
        cpw: 5
        inc1: 300
        inc2: 50
        minimumSegmentsLength: 10
        size1: 1000
        size2: 600
    sfx:
        compute: 1
        stats: ["mean", "var", "median", "min", "max", "dmean", "dmean2", "dvar", "dvar2"]
    svm:
        compute: 0
    tonal:
        compute: 1
        frameSize: 4096
        hopSize: 2048
        zeroPadding: 0
        silentFrames: "noise"
        windowType: "blackmanharris62"
        stats: ["mean", "var", "median", "min", "max", "dmean", "dmean2", "dvar", "dvar2"]

lowlevel:
    average_loudness: 0.884751498699
    barkbands_kurtosis:
        dmean: 0.858198225498
        dmean2: 1.43180239201
        dvar: 0.798002123833
        dvar2: 2.10957312584
        max: 11.9771280289
        mean: -0.301041990519
        median: -0.602793097496
        min: -1.88920247555
        var: 1.66196393967
    barkbands_skewness:
        dmean: 0.390992134809
        dmean2: 0.625005841255
        dvar: 0.108413740993
        dvar2: 0.269363343716
        max: 2.86682510376
        mean: -0.876033246517
        median: -0.920932948589
        min: -3.15949249268
        var: 0.374679297209
    barkbands_spread:
        dmean: 5.85559749603
        dmean2: 9.59383296967
        dvar: 23.4473686218
        dvar2: 61.1571311951
        max: 66.4820480347
        mean: 32.4687004089
        median: 31.8761081696
        min: 8.40655136108
        var: 73.068687439
    dissonance:
        dmean: 0.00630876375362
        dmean2: 0.0108340401202
        dvar: 3.63158032997e-005
        dvar2: 0.00010237164679
        max: 0.500000119209
        mean: 0.489851385355
        median: 0.49110558629
        min: 0.316945523024
        var: 4.72116553283e-005
    hfc:
        dmean: 3.05914354324
        dmean2: 4.86362361908
        dvar: 9.59341335297
        dvar2: 23.8074436188
        max: 45.6601219177
        mean: 12.1211719513
        median: 11.7382192612
        min: 1.13485646327e-016
        var: 35.5334625244
    pitch:
        dmean: 480.584533691
        dmean2: 902.57232666
        dvar: 827282.3125
        dvar2: 2213768.75
        max: 4229.97607422
        mean: 2967.82299805
        median: 3221.44555664
        min: 65.8757553101
        var: 747390.8125
    pitch_instantaneous_confidence:
        dmean: 0.0823837518692
        dmean2: 0.138088703156
        dvar: 0.004013474565
        dvar2: 0.0111269969493
        max: 0.824750542641
        mean: 0.445921182632
        median: 0.453234553337
        min: 0.0991481542587
        var: 0.0117658125237
    pitch_salience:
        dmean: 0.0473204366863
        dmean2: 0.0790743455291
        dvar: 0.00165673170704
        dvar2: 0.00444310996681
        max: 0.972359061241
        mean: 0.721709787846
        median: 0.731409132481
        min: 0.29793125391
        var: 0.00334724341519
    silence_rate_20dB:
        dmean: 0
        dmean2: 0
        dvar: 0
        dvar2: 0
        max: 1
        mean: 1
        median: 1
        min: 1
        var: 0
    silence_rate_30dB:
        dmean: 0
        dmean2: 0
        dvar: 0
        dvar2: 0
        max: 1
        mean: 1
        median: 1
        min: 1
        var: 0
    silence_rate_60dB:
        dmean: 0.0481880754232
        dmean2: 0.0963824093342
        dvar: 0.045863583684
        dvar2: 0.0982563346624
        max: 1
        mean: 0.131437107921
        median: 0
        min: 0
        var: 0.11417619884
    spectral_centroid:
        dmean: 248.477020264
        dmean2: 400.952178955
        dvar: 54268.3007813
        dvar2: 124680.765625
        max: 11415.0898438
        mean: 2236.4765625
        median: 2282.73120117
        min: 384.585968018
        var: 172071.359375
    spectral_complexity:
        dmean: 4.16716480255
        dmean2: 6.39955854416
        dvar: 13.254784584
        dvar2: 28.8300914764
        max: 54
        mean: 22.0497436523
        median: 23
        min: 0
        var: 74.9533157349
    spectral_crest:
        dmean: 1.72641170025
        dmean2: 2.94359230995
        dvar: 2.0644390583
        dvar2: 5.75141572952
        max: 19.5120849609
        mean: 6.7960767746
        median: 6.46733760834
        min: 2.65856099129
        var: 3.82931089401
    spectral_decrease:
        dmean: 2.4576951585e-010
        dmean2: 3.80993403493e-010
        dvar: 7.86781046812e-020
        dvar2: 1.86352482898e-019
        max: 7.91319114054e-029
        mean: -1.13468723306e-009
        median: -1.09963060879e-009
        min: -4.31664837208e-009
        var: 2.56021214229e-019
    spectral_energy:
        dmean: 0.00117289472837
        dmean2: 0.00182024622336
        dvar: 1.64033497185e-006
        dvar2: 3.87066438634e-006
        max: 0.0203683394939
        mean: 0.0053819892928
        median: 0.00522576179355
        min: 1.03046024809e-020
        var: 5.7863735492e-006
    spectral_energyband_high:
        dmean: 0.000177961221198
        dmean2: 0.000302598346025
        dvar: 5.48176366522e-008
        dvar2: 1.4505555157e-007
        max: 0.00351536483504
        mean: 0.000370399735402
        median: 0.000278696214082
        min: 7.12808352583e-021
        var: 9.25377321437e-008
    spectral_energyband_low:
        dmean: 0.000201589107746
        dmean2: 0.000335609220201
        dvar: 6.62901413762e-008
        dvar2: 1.69206344935e-007
        max: 0.0040589729324
        mean: 0.000396044400986
        median: 0.000311456737109
        min: 6.9008977698e-023
        var: 1.2681203998e-007
    spectral_energyband_middle_high:
        dmean: 0.000891053117812
        dmean2: 0.00140527344774
        dvar: 7.91805348399e-007
        dvar2: 1.9424430775e-006
        max: 0.0152481952682
        mean: 0.00363974273205
        median: 0.00353017100133
        min: 1.38385095048e-021
        var: 3.38188601745e-006
    spectral_energyband_middle_low:
        dmean: 0.000455139146652
        dmean2: 0.000747408252209
        dvar: 5.47408035345e-007
        dvar2: 1.43915815443e-006
        max: 0.00886594504118
        mean: 0.0011160899885
        median: 0.000946854590438
        min: 2.708480838e-022
        var: 6.79658853642e-007
    spectral_flatness_db:
        dmean: 0.0120568973944
        dmean2: 0.0199211258441
        dvar: 0.000103842612589
        dvar2: 0.000275071768556
        max: 0.270564496517
        mean: 0.139194652438
        median: 0.137060239911
        min: 0.0672596991062
        var: 0.000526019313838
    spectral_flux:
        dmean: 0.00612755632028
        dmean2: 0.00902520585805
        dvar: 3.84693448723e-005
        dvar2: 7.42552074371e-005
        max: 0.103391751647
        mean: 0.0447177141905
        median: 0.0451730787754
        min: 6.81287248838e-011
        var: 0.00018338279915
    spectral_kurtosis:
        dmean: 1.16532742977
        dmean2: 1.99265682697
        dvar: 1.26648128033
        dvar2: 3.66891956329
        max: 45.7399024963
        mean: 4.46751785278
        median: 4.36604833603
        min: -1.22966396809
        var: 2.21931767464
    spectral_rms:
        dmean: 0.000240287976339
        dmean2: 0.000366868451238
        dvar: 5.50467156302e-008
        dvar2: 1.2397573812e-007
        max: 0.00445775175467
        mean: 0.00221409113146
        median: 0.00225794245489
        min: 3.17068940547e-012
        var: 3.48537952277e-007
    spectral_rolloff:
        dmean: 191.522109985
        dmean2: 323.563903809
        dvar: 70852.65625
        dvar2: 140503.96875
        max: 19509.0820313
        mean: 3501.88647461
        median: 3488.37890625
        min: 193.798828125
        var: 148521.5625
    spectral_skewness:
        dmean: 0.15547208488
        dmean2: 0.260514348745
        dvar: 0.0204524844885
        dvar2: 0.0545170307159
        max: 4.7124786377
        mean: 1.33123481274
        median: 1.30989003181
        min: -0.0286536123604
        var: 0.081544034183
    spectral_spread:
        dmean: 459395.59375
        dmean2: 732335.25
        dvar: 321851523072
        dvar2: 619993169920
        max: 40737392
        mean: 4017988.25
        median: 3826349.25
        min: 1486999.125
        var: 1.34948519936e+012
    spectral_strongpeak:
        dmean: 0.803142249584
        dmean2: 1.40205311775
        dvar: 0.820422589779
        dvar2: 2.18736457825
        max: 10.0837974548
        mean: 1.02945125103
        median: 0.458562791348
        min: 0
        var: 1.32838308811
    zerocrossingrate:
        dmean: 0.00605667894706
        dmean2: 0.00789622124285
        dvar: 4.52112217317e-005
        dvar2: 7.08016304998e-005
        max: 0.51025390625
        mean: 0.117898024619
        median: 0.11962890625
        min: 0.0341796875
        var: 0.000246379029704
    barkbands:
        dmean: [2.24392465498e-007, 4.53720458609e-005, 0.000130428074044, 0.000137030219776, 0.00026077099028, 8.77441561897e-005, 6.61794183543e-005, 6.77426578477e-005, 9.06852365006e-005, 6.34216994513e-005, 5.57814819331e-005, 5.14771490998e-005, 4.19710559072e-005, 5.76703459956e-005, 6.92567700753e-005, 0.000145871381392, 0.000325257104123, 0.000287289032713, 0.000453468470369, 0.000191025697859, 7.95469386503e-005, 2.33673454204e-005, 5.72704630031e-006, 2.65450603365e-006, 1.22278959225e-006, 5.00465624498e-008, 7.88766052473e-010]
        dmean2: [3.57280953267e-007, 7.69042089814e-005, 0.000217615568545, 0.000232434729696, 0.000441844720626, 0.000144367309986, 0.000108804946649, 0.000113305992272, 0.0001500317303, 0.000105439547042, 9.3442708021e-005, 8.60212530824e-005, 6.97924697306e-005, 9.69423272181e-005, 0.000114889626275, 0.000242694033659, 0.000541482411791, 0.000481069466332, 0.000762438983656, 0.000327157409629, 0.000134927686304, 3.92385009036e-005, 1.00723518699e-005, 4.54691144114e-006, 1.96820019482e-006, 7.91008361034e-008, 1.24762933318e-009]
        dvar: [5.31513038877e-014, 3.13875614388e-009, 3.12166612559e-008, 4.3050874865e-008, 3.13628845561e-007, 1.21806458253e-008, 1.06595638982e-008, 1.82121482339e-008, 1.98590424105e-008, 1.6310680806e-008, 1.29793367165e-008, 1.08781934571e-008, 6.38137098719e-009, 9.34332167191e-009, 1.30150406008e-008, 3.09272145671e-008, 1.35462641992e-007, 9.51981888875e-008, 2.11140459783e-007, 5.63622641891e-008, 9.86840031914e-009, 1.04057340522e-009, 7.05789940381e-011, 2.69579809864e-011, 9.20325447795e-012, 1.50542386445e-014, 2.19423471396e-018]
        dvar2: [1.25393104103e-013, 8.68102567608e-009, 7.82930698051e-008, 1.16469436762e-007, 8.48441345624e-007, 3.14833599191e-008, 2.85808088307e-008, 4.86460933757e-008, 5.22793115465e-008, 4.41401333262e-008, 3.46396724638e-008, 2.90011161752e-008, 1.65626055093e-008, 2.42571118747e-008, 3.26534461692e-008, 8.20904517695e-008, 3.64286677268e-007, 2.57155306826e-007, 5.90202660078e-007, 1.52702526179e-007, 2.61865356066e-008, 2.61293275905e-009, 1.86046247852e-010, 6.42118302974e-011, 1.78741119128e-011, 3.12805709883e-014, 4.63763980307e-018]
        max: [3.56617442776e-006, 0.000785268493928, 0.00322929956019, 0.00345398206264, 0.00708962697536, 0.00194953370374, 0.00323196453974, 0.00276133418083, 0.00324752088636, 0.00337656657211, 0.0022356538102, 0.00223887478933, 0.00162365182769, 0.00205639144406, 0.00232216762379, 0.00328754913062, 0.0079297143966, 0.00620748056099, 0.00774744199589, 0.00399369001389, 0.00129950291011, 0.000929869478568, 0.000141506345244, 0.000131146371132, 0.000135035792482, 5.76802904106e-006, 3.73046518121e-008]
        mean: [3.53990174062e-007, 6.93460970069e-005, 0.000214745625271, 0.000212304876186, 0.000364318169886, 0.000155206420459, 0.000107346204459, 9.58891250775e-005, 0.000149102459545, 9.96426751954e-005, 8.96729907254e-005, 8.74141696841e-005, 7.08906445652e-005, 9.87530511338e-005, 0.000127466788399, 0.000285470247036, 0.000693567388225, 0.000690595654305, 0.00117892504204, 0.00036826840369, 0.000162110998644, 4.60750125058e-005, 8.24064045446e-006, 4.06419712817e-006, 2.14401870835e-006, 9.40502502544e-008, 1.6253254298e-009]
        median: [2.79622952348e-007, 5.25659197592e-005, 0.000140643067425, 0.000141971191624, 0.000239162007347, 0.000114000860776, 7.12308246875e-005, 5.07141157868e-005, 8.78370628925e-005, 4.91821119795e-005, 3.78056356567e-005, 3.9683371142e-005, 3.66229251085e-005, 5.91222269577e-005, 8.3285573055e-005, 0.000232803286053, 0.000611520314123, 0.000619305763394, 0.00107682868838, 0.00028623137041, 0.000126331520732, 3.49833062501e-005, 4.9544223657e-006, 2.2425520001e-006, 1.0263599961e-006, 3.18926147713e-008, 5.65637425787e-010]
        min: [1.4983200021e-024, 2.52338885764e-023, 4.82644034476e-024, 5.31161662274e-024, 2.55870852695e-023, 1.14146011507e-023, 5.70743263065e-023, 2.54461331807e-023, 4.84353022741e-023, 5.63996356623e-023, 3.99638575416e-023, 5.90777679485e-023, 8.97783411135e-023, 9.11771934468e-023, 5.37309444635e-023, 7.86762093451e-023, 8.21775968719e-023, 1.73888520985e-022, 1.96726612171e-022, 1.91237288853e-022, 3.96644539047e-022, 3.87489132977e-022, 5.34187877857e-022, 6.4759159334e-022, 9.4179803787e-022, 1.27905740565e-021, 2.07264703344e-021]
        var: [1.02625827487e-013, 4.05543509885e-009, 6.15001525262e-008, 6.5347670386e-008, 2.61853955408e-007, 2.1628679292e-008, 1.53180383933e-008, 2.32673667e-008, 3.282500316e-008, 2.42260416172e-008, 2.44454732012e-008, 2.13562447726e-008, 1.12309077593e-008, 1.58025095232e-008, 2.49702196697e-008, 5.29023722606e-008, 2.22343786049e-007, 1.99024682956e-007, 5.33266870661e-007, 8.98456349319e-008, 1.62019802019e-008, 1.93937910176e-009, 9.80942341244e-011, 4.59516938389e-011, 2.2225190438e-011, 3.95037464112e-014, 7.50552254967e-018]
    frequency_bands:
        dmean: [2.24392465498e-007, 4.53720458609e-005, 0.000130428074044, 0.000137030219776, 0.00026077099028, 8.77441561897e-005, 6.61794183543e-005, 6.77426578477e-005, 9.06852365006e-005, 6.34216994513e-005, 5.57814819331e-005, 5.14771490998e-005, 4.19710559072e-005, 5.76703459956e-005, 6.92567700753e-005, 0.000145871381392, 0.000325257104123, 0.000287289032713, 0.000453468470369, 0.000191025697859, 7.95469386503e-005, 2.33673454204e-005, 5.72704630031e-006, 2.65450603365e-006, 1.22278959225e-006, 5.00465624498e-008, 7.88766052473e-010, 6.37162128614e-011]
        dmean2: [3.57280953267e-007, 7.69042089814e-005, 0.000217615568545, 0.000232434729696, 0.000441844720626, 0.000144367309986, 0.000108804946649, 0.000113305992272, 0.0001500317303, 0.000105439547042, 9.3442708021e-005, 8.60212530824e-005, 6.97924697306e-005, 9.69423272181e-005, 0.000114889626275, 0.000242694033659, 0.000541482411791, 0.000481069466332, 0.000762438983656, 0.000327157409629, 0.000134927686304, 3.92385009036e-005, 1.00723518699e-005, 4.54691144114e-006, 1.96820019482e-006, 7.91008361034e-008, 1.24762933318e-009, 1.18168613783e-010]
        dvar: [5.31513038877e-014, 3.13875614388e-009, 3.12166612559e-008, 4.3050874865e-008, 3.13628845561e-007, 1.21806458253e-008, 1.06595638982e-008, 1.82121482339e-008, 1.98590424105e-008, 1.6310680806e-008, 1.29793367165e-008, 1.08781934571e-008, 6.38137098719e-009, 9.34332167191e-009, 1.30150406008e-008, 3.09272145671e-008, 1.35462641992e-007, 9.51981888875e-008, 2.11140459783e-007, 5.63622641891e-008, 9.86840031914e-009, 1.04057340522e-009, 7.05789940381e-011, 2.69579809864e-011, 9.20325447795e-012, 1.50542386445e-014, 2.19423471396e-018, 7.60613495096e-021]
        dvar2: [1.25393104103e-013, 8.68102567608e-009, 7.82930698051e-008, 1.16469436762e-007, 8.48441345624e-007, 3.14833599191e-008, 2.85808088307e-008, 4.86460933757e-008, 5.22793115465e-008, 4.41401333262e-008, 3.46396724638e-008, 2.90011161752e-008, 1.65626055093e-008, 2.42571118747e-008, 3.26534461692e-008, 8.20904517695e-008, 3.64286677268e-007, 2.57155306826e-007, 5.90202660078e-007, 1.52702526179e-007, 2.61865356066e-008, 2.61293275905e-009, 1.86046247852e-010, 6.42118302974e-011, 1.78741119128e-011, 3.12805709883e-014, 4.63763980307e-018, 2.42330783786e-020]
        max: [3.56617442776e-006, 0.000785268493928, 0.00322929956019, 0.00345398206264, 0.00708962697536, 0.00194953370374, 0.00323196453974, 0.00276133418083, 0.00324752088636, 0.00337656657211, 0.0022356538102, 0.00223887478933, 0.00162365182769, 0.00205639144406, 0.00232216762379, 0.00328754913062, 0.0079297143966, 0.00620748056099, 0.00774744199589, 0.00399369001389, 0.00129950291011, 0.000929869478568, 0.000141506345244, 0.000131146371132, 0.000135035792482, 5.76802904106e-006, 3.73046518121e-008, 1.50643242325e-009]
        mean: [3.53990174062e-007, 6.93460970069e-005, 0.000214745625271, 0.000212304876186, 0.000364318169886, 0.000155206420459, 0.000107346204459, 9.58891250775e-005, 0.000149102459545, 9.96426751954e-005, 8.96729907254e-005, 8.74141696841e-005, 7.08906445652e-005, 9.87530511338e-005, 0.000127466788399, 0.000285470247036, 0.000693567388225, 0.000690595654305, 0.00117892504204, 0.00036826840369, 0.000162110998644, 4.60750125058e-005, 8.24064045446e-006, 4.06419712817e-006, 2.14401870835e-006, 9.40502502544e-008, 1.6253254298e-009, 5.2459710187e-011]
        median: [2.79622952348e-007, 5.25659197592e-005, 0.000140643067425, 0.000141971191624, 0.000239162007347, 0.000114000860776, 7.12308246875e-005, 5.07141157868e-005, 8.78370628925e-005, 4.91821119795e-005, 3.78056356567e-005, 3.9683371142e-005, 3.66229251085e-005, 5.91222269577e-005, 8.3285573055e-005, 0.000232803286053, 0.000611520314123, 0.000619305763394, 0.00107682868838, 0.00028623137041, 0.000126331520732, 3.49833062501e-005, 4.9544223657e-006, 2.2425520001e-006, 1.0263599961e-006, 3.18926147713e-008, 5.65637425787e-010, 2.3164331564e-011]
        min: [1.4983200021e-024, 2.52338885764e-023, 4.82644034476e-024, 5.31161662274e-024, 2.55870852695e-023, 1.14146011507e-023, 5.70743263065e-023, 2.54461331807e-023, 4.84353022741e-023, 5.63996356623e-023, 3.99638575416e-023, 5.90777679485e-023, 8.97783411135e-023, 9.11771934468e-023, 5.37309444635e-023, 7.86762093451e-023, 8.21775968719e-023, 1.73888520985e-022, 1.96726612171e-022, 1.91237288853e-022, 3.96644539047e-022, 3.87489132977e-022, 5.34187877857e-022, 6.4759159334e-022, 9.4179803787e-022, 1.27905740565e-021, 2.07264703344e-021, 5.87551831606e-022]
        var: [1.02625827487e-013, 4.05543509885e-009, 6.15001525262e-008, 6.5347670386e-008, 2.61853955408e-007, 2.1628679292e-008, 1.53180383933e-008, 2.32673667e-008, 3.282500316e-008, 2.42260416172e-008, 2.44454732012e-008, 2.13562447726e-008, 1.12309077593e-008, 1.58025095232e-008, 2.49702196697e-008, 5.29023722606e-008, 2.22343786049e-007, 1.99024682956e-007, 5.33266870661e-007, 8.98456349319e-008, 1.62019802019e-008, 1.93937910176e-009, 9.80942341244e-011, 4.59516938389e-011, 2.2225190438e-011, 3.95037464112e-014, 7.50552254967e-018, 6.25483565785e-021]
    mfcc:
        mean: [-694.866577148, 94.6259765625, -59.4170608521, 66.5299224854, -5.88857316971, -11.9010381699, -0.109761692584, 2.7722837925, -0.243718236685, -8.32183837891, -1.57756388187, -6.81825017929, -8.16857337952]
        cov: [[4312.78466797, 388.341888428, -341.10345459, 165.004104614, -147.216217041, 28.2548027039, -5.93680715561, 11.2979373932, -15.3290271759, -15.4764719009, -52.8668289185, 0.101660996675, -35.2624664307], [388.341888428, 436.738525391, -208.028900146, 123.800666809, -29.6618652344, -16.1774864197, 18.9935455322, 7.69122982025, 17.7919540405, -30.0961284637, 16.2583446503, -17.6595478058, -25.9484710693], [-341.10345459, -208.028900146, 286.620635986, -52.0081863403, 44.0414199829, 19.3765449524, -14.6210584641, 5.87643957138, -1.93479597569, 21.7561187744, -10.5998039246, 5.16099691391, 15.2621917725], [165.004104614, 123.800666809, -52.0081863403, 219.620849609, 8.57225036621, -1.01066243649, -25.4591369629, -4.80645465851, 9.66438865662, -7.09793233871, 7.94221115112, -17.3607997894, -0.335251748562], [-147.216217041, -29.6618652344, 44.0414199829, 8.57225036621, 98.253326416, 19.270198822, -2.9770219326, -18.723285675, -1.65400540829, 9.13861179352, 13.4443264008, -1.09237372875, 1.32073485851], [28.2548027039, -16.1774864197, 19.3765449524, -1.01066243649, 19.270198822, 75.4816360474, 22.698135376, 8.47696208954, -11.4070930481, 8.07370567322, -7.84153795242, 8.04534626007, 3.96110391617], [-5.93680715561, 18.9935455322, -14.6210584641, -25.4591369629, -2.9770219326, 22.698135376, 79.1339950562, 34.8525619507, 0.324726879597, -14.6179895401, -11.6629171371, 8.27184104919, 2.91578674316], [11.2979373932, 7.69122982025, 5.87643957138, -4.80645465851, -18.723285675, 8.47696208954, 34.8525619507, 68.2690582275, 19.3445320129, 3.20902848244, -13.453168869, 4.06356334686, 3.87329316139], [-15.3290271759, 17.7919540405, -1.93479597569, 9.66438865662, -1.65400540829, -11.4070930481, 0.324726879597, 19.3445320129, 52.8330879211, 19.0594425201, 7.88757276535, -8.17696094513, -3.80148696899], [-15.4764719009, -30.0961284637, 21.7561187744, -7.09793233871, 9.13861179352, 8.07370567322, -14.6179895401, 3.20902848244, 19.0594425201, 55.2346496582, 14.5527925491, 2.3538954258, -4.93837690353], [-52.8668289185, 16.2583446503, -10.5998039246, 7.94221115112, 13.4443264008, -7.84153795242, -11.6629171371, -13.453168869, 7.88757276535, 14.5527925491, 53.2896080017, 12.5970306396, 3.32200050354], [0.101660996675, -17.6595478058, 5.16099691391, -17.3607997894, -1.09237372875, 8.04534626007, 8.27184104919, 4.06356334686, -8.17696094513, 2.3538954258, 12.5970306396, 44.619102478, 19.0008602142], [-35.2624664307, -25.9484710693, 15.2621917725, -0.335251748562, 1.32073485851, 3.96110391617, 2.91578674316, 3.87329316139, -3.80148696899, -4.93837690353, 3.32200050354, 19.0008602142, 41.0420722961]]
        icov: [[0.000284775538603, -0.00014762977662, 0.000212240774999, -0.000119661111967, 0.000314935634378, -0.000232869104366, 0.000161900534295, 5.34811915713e-005, 7.54628053983e-005, -0.000189989892533, 0.000418574054493, -0.000270454154816, 0.000142682591104], [-0.00014762977662, 0.00450877239928, 0.00237239571288, -0.00178395491093, 0.000111725486931, -2.32619840972e-005, -0.000974725408014, -0.000506866315845, -0.00124462682288, 0.0020678085275, -0.00174331385642, 0.000324901484419, 0.00206695008092], [0.000212240774999, 0.00237239571288, 0.00604971684515, 0.000133774534333, -0.0019322510343, -0.000798892520834, 0.00165408535395, -0.00178912864067, -0.000189224054338, -0.00031020064489, 0.00105738674756, 0.00018279919459, -0.000600768195], [-0.000119661111967, -0.00178395491093, 0.000133774534333, 0.00634558638558, -0.00119843706489, -0.00124812847935, 0.00329649006017, -0.00123235781211, -0.000576767721213, 0.0011511183111, -0.000619321479462, 0.00236790860072, -0.0021485122852], [0.000314935634378, 0.000111725486931, -0.0019322510343, -0.00119843706489, 0.0137255862355, -0.00358665944077, -0.00210791756399, 0.00489971367642, -0.000960787932854, -0.00073019816773, -0.00314877438359, 0.00146091857459, 4.3460411689e-005], [-0.000232869104366, -2.32619840972e-005, -0.000798892520834, -0.00124812847935, -0.00358665944077, 0.0185463726521, -0.00628007343039, -0.000594171520788, 0.00581668457016, -0.00654168147594, 0.00331420940347, -0.00180800165981, -0.000779797788709], [0.000161900534295, -0.000974725408014, 0.00165408535395, 0.00329649006017, -0.00210791756399, -0.00628007343039, 0.0225357282907, -0.0110258553177, -0.00080205645645, 0.00745402509347, 0.00067390978802, -0.00254094880074, 0.000992563087493], [5.34811915713e-005, -0.000506866315845, -0.00178912864067, -0.00123235781211, 0.00489971367642, -0.000594171520788, -0.0110258553177, 0.0261095482856, -0.00946474727243, -0.00321132596582, 0.0060109323822, -0.00311483233236, -0.00170787842944], [7.54628053983e-005, -0.00124462682288, -0.000189224054338, -0.000576767721213, -0.000960787932854, 0.00581668457016, -0.00080205645645, -0.00946474727243, 0.0295629240572, -0.0106121264398, -0.00400949129835, 0.00709082838148, -0.00173357815947], [-0.000189989892533, 0.0020678085275, -0.00031020064489, 0.0011511183111, -0.00073019816773, -0.00654168147594, 0.00745402509347, -0.00321132596582, -0.0106121264398, 0.0288560688496, -0.00706766592339, -0.00264464854263, 0.0059828273952], [0.000418574054493, -0.00174331385642, 0.00105738674756, -0.000619321479462, -0.00314877438359, 0.00331420940347, 0.00067390978802, 0.0060109323822, -0.00400949129835, -0.00706766592339, 0.0279813092202, -0.0103846974671, -0.000653449737001], [-0.000270454154816, 0.000324901484419, 0.00018279919459, 0.00236790860072, 0.00146091857459, -0.00180800165981, -0.00254094880074, -0.00311483233236, 0.00709082838148, -0.00264464854263, -0.0103846974671, 0.0351278334856, -0.01455731038], [0.000142682591104, 0.00206695008092, -0.000600768195, -0.0021485122852, 4.3460411689e-005, -0.000779797788709, 0.000992563087493, -0.00170787842944, -0.00173357815947, 0.0059828273952, -0.000653449737001, -0.01455731038, 0.0335166864097]]
    sccoeffs:
        dmean: [0.0519307218492, 0.0434744097292, 0.0362791493535, 0.0273619480431, 0.0243473574519, 0.0178925935179]
        dmean2: [0.0869182869792, 0.073262475431, 0.0612695403397, 0.0466973930597, 0.041183013469, 0.0293339453638]
        dvar: [0.00179539097007, 0.00114574749023, 0.000789448153228, 0.000456065230537, 0.000367821980035, 0.000227510434343]
        dvar2: [0.00494948495179, 0.00322777987458, 0.00223650410771, 0.0012928629294, 0.0010466381209, 0.000578953418881]
        max: [-0.313695341349, -0.565602242947, -0.592198908329, -0.641959011555, -0.647264659405, -0.616087734699]
        mean: [-0.671828627586, -0.785916864872, -0.80603659153, -0.808900475502, -0.765011012554, -0.735225975513]
        median: [-0.675431847572, -0.787947118282, -0.809029698372, -0.810610711575, -0.764396250248, -0.735337555408]
        min: [-0.975874722004, -0.96552246809, -0.965948343277, -0.961564838886, -0.964961826801, -0.961017131805]
        var: [0.00436228374019, 0.00240867282264, 0.00173826806713, 0.00103618507273, 0.000967517553363, 0.00102759944275]
    scvalleys:
        dmean: [0.343088746071, 0.338490784168, 0.297854244709, 0.243213996291, 0.225952416658, 0.34033292532]
        dmean2: [0.576325774193, 0.554551362991, 0.479810893536, 0.383395761251, 0.352498203516, 0.549974143505]
        dvar: [0.0845285207033, 0.0807418674231, 0.0631265640259, 0.045852214098, 0.046974144876, 0.14498873055]
        dvar2: [0.219299033284, 0.193283230066, 0.143553316593, 0.0957743152976, 0.0981254577637, 0.355226486921]
        max: [-5.54113960266, -4.89354896545, -4.95953464508, -5.5842833519, -5.48254394531, -7.659719944]
        mean: [-6.78847742081, -6.58580112457, -6.90936660767, -6.9647269249, -6.58862543106, -9.64639568329]
        median: [-6.62367343903, -6.47536706924, -6.8371424675, -6.85956287384, -6.46831274033, -9.49561595917]
        min: [-28.2881507874, -27.7336769104, -27.2531204224, -27.4025764465, -27.2706279755, -27.4138221741]
        var: [0.963499426842, 0.9317882061, 1.05462181568, 0.916544735432, 0.824048221111, 1.11401903629]

rhythm:
    beats_loudness:
        dmean: 0.00213645887561
        dmean2: 0.00398868136108
        dvar: 2.62499293058e-006
        dvar2: 8.78495575307e-006
        max: 0.0148847931996
        mean: 0.00673766434193
        median: 0.0068764151074
        min: 4.66170713143e-010
        var: 6.00492739977e-006
    bpm: 129.536376953
    bpm_confidence: 0
    first_peak_bpm: 129
    first_peak_spread: 0.260515600443
    first_peak_weight: 0.709635436535
    onset_rate: 3.18847250938
    second_peak_bpm: 123
    second_peak_spread: 0.199999988079
    second_peak_weight: 0.0260416660458
    beats_loudness_band_ratio:
        dmean: [0.0764302387834, 0.100140176713, 0.0453868918121, 0.0397364646196, 0.086606182158, 0.0808110311627]
        dmean2: [0.13950316608, 0.189992427826, 0.0830477103591, 0.0705627724528, 0.150986790657, 0.142230898142]
        dvar: [0.00628962740302, 0.00479520112276, 0.00169551244471, 0.00272422400303, 0.00449348287657, 0.0037298782263]
        dvar2: [0.0188798494637, 0.0156552307308, 0.00505590904504, 0.00778041640297, 0.0137281268835, 0.0109470169991]
        max: [0.657892823219, 0.383797973394, 0.347885638475, 0.330962061882, 0.704405426979, 0.560687661171]
        mean: [0.106737226248, 0.122905679047, 0.0795696675777, 0.0679176151752, 0.37093386054, 0.290898472071]
        median: [0.083816036582, 0.103313170373, 0.0692326202989, 0.0457814633846, 0.367219656706, 0.284531503916]
        min: [0.00490515585989, 0.0119175454602, 0.0104299169034, 0.0136643648148, 0.128847852349, 0.0695185959339]
        var: [0.00689112534747, 0.00638838391751, 0.00211153458804, 0.0030206926167, 0.00725389411673, 0.00634029041976]
