
metadata:
    version:
        essentia: "2.1-beta2"
    audio_properties:
        analysis_sample_rate: 44100
        bitrate: 320
        channels: 2
        equal_loudness: 1
        length: 310.935516357
        replay_gain: -12.3032417297
        downmix: "mix"
    tags:
        album: "La Gárgola"
        artist: "Chevelle"
        comment: "For Quality Need's Visit : http://www.bubaneemusic2.com"
        date: "2014"
        genre: "Alternative"
        title: "An Island"
        tracknumber: "2/10"

configuration:
    average_loudness:
        compute: 1
        frameSize: 88200
        hopSize: 44100
        silentFrames: "noise"
        windowType: "hann"
    general:
        analysisSampleRate: 44100
        endTime: 2000
        equalLoudness: 1
        nequalLoudness: 0
        shortSound: 0
        startTime: 0
    lowlevel:
        compute: 1
        frameSize: 2048
        hopSize: 1024
        zeroPadding: 0
        silentFrames: "noise"
        windowType: "blackmanharris62"
        mfccStats: ["mean", "cov", "icov"]
        stats: ["mean", "var", "median", "min", "max", "dmean", "dmean2", "dvar", "dvar2"]
    panning:
        compute: 0
        frameSize: 8192
        hopSize: 2048
        zeroPadding: 8192
        silentFrames: "noise"
        windowType: "hann"
        stats: ["copy"]
    rhythm:
        compute: 1
        maxTempo: 208
        minTempo: 40
        method: "degara"
        stats: ["mean", "var", "median", "min", "max", "dmean", "dmean2", "dvar", "dvar2"]
    segmentation:
        compute: 0
        cpw: 5
        inc1: 300
        inc2: 50
        minimumSegmentsLength: 10
        size1: 1000
        size2: 600
    sfx:
        compute: 1
        stats: ["mean", "var", "median", "min", "max", "dmean", "dmean2", "dvar", "dvar2"]
    svm:
        compute: 0
    tonal:
        compute: 1
        frameSize: 4096
        hopSize: 2048
        zeroPadding: 0
        silentFrames: "noise"
        windowType: "blackmanharris62"
        stats: ["mean", "var", "median", "min", "max", "dmean", "dmean2", "dvar", "dvar2"]

lowlevel:
    average_loudness: 0.881735682487
    barkbands_kurtosis:
        dmean: 0.581142902374
        dmean2: 0.983430624008
        dvar: 1.4781473875
        dvar2: 3.72440981865
        max: 27.7398414612
        mean: -0.941095292568
        median: -1.37939333916
        min: -1.89446282387
        var: 2.48949384689
    barkbands_skewness:
        dmean: 0.413455605507
        dmean2: 0.661746025085
        dvar: 0.193096742034
        dvar2: 0.486635416746
        max: 4.96760702133
        mean: -0.0943268463016
        median: -0.116268277168
        min: -3.61773371696
        var: 0.511544525623
    barkbands_spread:
        dmean: 5.35558748245
        dmean2: 8.67175960541
        dvar: 30.9037685394
        dvar2: 79.380355835
        max: 71.4169006348
        mean: 39.6354255676
        median: 41.5303459167
        min: 2.04153394699
        var: 119.417877197
    dissonance:
        dmean: 0.00869068782777
        dmean2: 0.0147606926039
        dvar: 9.12318137125e-005
        dvar2: 0.000251660036156
        max: 0.500000119209
        mean: 0.485537141562
        median: 0.488773524761
        min: 0.31421354413
        var: 0.000167027275893
    hfc:
        dmean: 2.59588122368
        dmean2: 4.35041713715
        dvar: 18.7591209412
        dvar2: 51.8087463379
        max: 64.8579101563
        mean: 8.15159988403
        median: 7.35812187195
        min: 1.2299299559e-016
        var: 30.1008625031
    pitch:
        dmean: 754.63873291
        dmean2: 1446.67724609
        dvar: 1631784.5
        dvar2: 4151885.75
        max: 5110.37109375
        mean: 2283.81787109
        median: 3449.43383789
        min: 65.0790100098
        var: 2726022.25
    pitch_instantaneous_confidence:
        dmean: 0.078020952642
        dmean2: 0.129956319928
        dvar: 0.00441024033353
        dvar2: 0.0114831058308
        max: 0.93523979187
        mean: 0.363219618797
        median: 0.345666795969
        min: 0.122729301453
        var: 0.0158366635442
    pitch_salience:
        dmean: 0.0615357197821
        dmean2: 0.10208017379
        dvar: 0.00390369188972
        dvar2: 0.0106548639014
        max: 0.884316921234
        mean: 0.674117267132
        median: 0.690649271011
        min: 0.116109274328
        var: 0.00715913623571
    silence_rate_20dB:
        dmean: 0
        dmean2: 0
        dvar: 0
        dvar2: 0
        max: 1
        mean: 1
        median: 1
        min: 1
        var: 0
    silence_rate_30dB:
        dmean: 0
        dmean2: 0
        dvar: 0
        dvar2: 0
        max: 1
        mean: 1
        median: 1
        min: 1
        var: 0
    silence_rate_60dB:
        dmean: 0.0984243154526
        dmean2: 0.19686332345
        dvar: 0.088734023273
        dvar2: 0.20023290813
        max: 1
        mean: 0.286588996649
        median: 0
        min: 0
        var: 0.204441040754
    spectral_centroid:
        dmean: 308.055664063
        dmean2: 497.756988525
        dvar: 105912.5
        dvar2: 263471.28125
        max: 10759.2763672
        mean: 1839.37109375
        median: 1841.88696289
        min: 206.052642822
        var: 290720.75
    spectral_complexity:
        dmean: 4.39489221573
        dmean2: 7.19133663177
        dvar: 22.8391132355
        dvar2: 58.1428146362
        max: 47
        mean: 16.280166626
        median: 16
        min: 0
        var: 78.2161254883
    spectral_crest:
        dmean: 1.96748399734
        dmean2: 3.26136779785
        dvar: 5.59954547882
        dvar2: 14.2069129944
        max: 24.5381507874
        mean: 6.22280740738
        median: 5.29849386215
        min: 2.28462862968
        var: 8.82499599457
    spectral_decrease:
        dmean: 2.84403806061e-010
        dmean2: 4.5800424564e-010
        dvar: 2.57960849367e-019
        dvar2: 6.41711468076e-019
        max: 1.52987478931e-029
        mean: -9.78247816086e-010
        median: -8.90493345729e-010
        min: -6.4499912078e-009
        var: 4.00512580792e-019
    spectral_energy:
        dmean: 0.00126606889535
        dmean2: 0.00204911315814
        dvar: 4.79478148918e-006
        dvar2: 1.2046593838e-005
        max: 0.0267373770475
        mean: 0.00443150056526
        median: 0.00404294021428
        min: 1.10980900238e-020
        var: 7.78924641054e-006
    spectral_energyband_high:
        dmean: 0.000238561726292
        dmean2: 0.000414592097513
        dvar: 2.15931635239e-007
        dvar2: 6.06998753483e-007
        max: 0.00970199052244
        mean: 0.000492166727781
        median: 0.000385215331335
        min: 8.07903830768e-021
        var: 2.27837233524e-007
    spectral_energyband_low:
        dmean: 0.000266212329734
        dmean2: 0.000423856370617
        dvar: 1.03979139965e-007
        dvar2: 2.66407340632e-007
        max: 0.00393195869401
        mean: 0.000608036178164
        median: 0.000525881769136
        min: 4.77493845616e-023
        var: 2.49574867439e-007
    spectral_energyband_middle_high:
        dmean: 0.000591439486016
        dmean2: 0.00097220094176
        dvar: 6.69298685807e-007
        dvar2: 1.77466245077e-006
        max: 0.0168723817915
        mean: 0.00200929259881
        median: 0.00180606590584
        min: 1.70935318581e-021
        var: 1.75690092874e-006
    spectral_energyband_middle_low:
        dmean: 0.000751308398321
        dmean2: 0.00120756530669
        dvar: 2.86338763544e-006
        dvar2: 7.13711187927e-006
        max: 0.021567363292
        mean: 0.00151024037041
        median: 0.00114534934983
        min: 1.98642572294e-022
        var: 3.13928057949e-006
    spectral_flatness_db:
        dmean: 0.0131166195497
        dmean2: 0.0209275744855
        dvar: 0.000183090553037
        dvar2: 0.00045427097939
        max: 0.328771024942
        mean: 0.133324980736
        median: 0.127153038979
        min: 0.06830599159
        var: 0.000779580557719
    spectral_flux:
        dmean: 0.00768714910373
        dmean2: 0.011628869921
        dvar: 0.000112823610834
        dvar2: 0.000236937528825
        max: 0.139594689012
        mean: 0.0393116734922
        median: 0.0370392799377
        min: 1.053474738e-010
        var: 0.000265300244791
    spectral_kurtosis:
        dmean: 0.757895946503
        dmean2: 1.31363451481
        dvar: 0.903943121433
        dvar2: 2.63228106499
        max: 32.2692909241
        mean: 2.87406468391
        median: 2.55696749687
        min: -1.21552562714
        var: 3.43056583405
    spectral_rms:
        dmean: 0.000268052361207
        dmean2: 0.000424433266744
        dvar: 1.38413597028e-007
        dvar2: 3.36520116662e-007
        max: 0.00510737160221
        mean: 0.00198050262406
        median: 0.0019860342145
        min: 3.29050220231e-012
        var: 4.01018041885e-007
    spectral_rolloff:
        dmean: 321.776489258
        dmean2: 537.629333496
        dvar: 189369.59375
        dvar2: 462983.59375
        max: 18540.0878906
        mean: 3584.54223633
        median: 3682.17773438
        min: 86.1328125
        var: 407711.9375
    spectral_skewness:
        dmean: 0.13364610076
        dmean2: 0.226085990667
        dvar: 0.0209819115698
        dvar2: 0.0577485524118
        max: 4.34263086319
        mean: 1.16366696358
        median: 1.12426054478
        min: 0.0089368224144
        var: 0.085514716804
    spectral_spread:
        dmean: 364493.125
        dmean2: 548586.875
        dvar: 251212742656
        dvar2: 419819487232
        max: 41302408
        mean: 4621249.5
        median: 4537576
        min: 1482924.375
        var: 894992842752
    spectral_strongpeak:
        dmean: 0.317325651646
        dmean2: 0.553835332394
        dvar: 0.379296809435
        dvar2: 1.00299263
        max: 9.57426452637
        mean: 0.428153395653
        median: 0.152430012822
        min: 3.06223535418e-009
        var: 0.56519639492
    zerocrossingrate:
        dmean: 0.00872995518148
        dmean2: 0.0111216539517
        dvar: 7.93532090029e-005
        dvar2: 0.000107427353214
        max: 0.50146484375
        mean: 0.102785393596
        median: 0.10498046875
        min: 0.0146484375
        var: 0.000581677944865
    barkbands:
        dmean: [5.88190744111e-007, 9.60115794442e-005, 0.00016560498625, 0.000172806103365, 0.000530144898221, 0.000124686295749, 7.49859027565e-005, 6.85140112182e-005, 7.66971133999e-005, 4.94741289003e-005, 4.46103185823e-005, 4.38872593804e-005, 5.03870105604e-005, 5.01010326843e-005, 5.16360159963e-005, 7.24615165382e-005, 0.000125262595247, 0.000190719219972, 0.00021424696024, 0.000218252956984, 0.000124082740513, 2.75366328424e-005, 6.63650007482e-006, 2.39981977757e-006, 8.26208520266e-007, 2.50990961348e-008, 3.44131140251e-010]
        dmean2: [9.7872191418e-007, 0.000155456873472, 0.000261151086306, 0.000280034582829, 0.000870323681738, 0.000203539486392, 0.000122940793517, 0.000113053742098, 0.000126537444885, 8.11099016573e-005, 7.34488567105e-005, 7.31803447707e-005, 8.30635108287e-005, 8.33890371723e-005, 8.66842674441e-005, 0.000121914963529, 0.00020878095529, 0.000322135252645, 0.000360763457138, 0.000379398552468, 0.000217323453398, 4.66409510409e-005, 1.07981013571e-005, 3.70558109353e-006, 1.26842894588e-006, 3.8252547796e-008, 5.61641011476e-010]
        dvar: [1.47233050404e-012, 3.18732880089e-008, 4.33093525487e-008, 4.99910122187e-008, 2.43687804868e-006, 4.77895127915e-008, 1.74568643985e-008, 9.11189079744e-009, 1.11794919988e-008, 5.19465181981e-009, 6.82421674725e-009, 8.69878125087e-009, 1.10826414712e-008, 9.9047596791e-009, 7.77815856168e-009, 1.6430282912e-008, 3.34798286872e-008, 8.1351764436e-008, 8.10590634615e-008, 1.35787573186e-007, 5.81774166619e-008, 3.16936032974e-009, 3.34691219184e-010, 3.37350286594e-011, 5.23057942445e-012, 3.77948133944e-015, 4.25333608487e-019]
        dvar2: [3.76830164295e-012, 8.07113664791e-008, 1.08370329599e-007, 1.28408260025e-007, 6.22344032308e-006, 1.1932648647e-007, 4.43577441445e-008, 2.43252120669e-008, 2.86176877751e-008, 1.31600108588e-008, 1.77743331164e-008, 2.3220284362e-008, 2.74158153957e-008, 2.60435371047e-008, 2.01288923307e-008, 3.99217796598e-008, 8.1596887469e-008, 2.09696040088e-007, 2.11393683003e-007, 3.85706584893e-007, 1.62926710345e-007, 8.41424707687e-009, 8.01249233628e-010, 7.3538897194e-011, 1.13241213281e-011, 7.67848495697e-015, 1.00924368576e-018]
        max: [1.18859779832e-005, 0.00166695308872, 0.00263879308477, 0.00343741010875, 0.0186971854419, 0.00536997476593, 0.00265286397189, 0.00164407608099, 0.00248133344576, 0.00161990872584, 0.00308270379901, 0.00193471682724, 0.00307850562967, 0.00348511454649, 0.00231777271256, 0.00845299195498, 0.0060719284229, 0.0106249637902, 0.00993130728602, 0.00648286193609, 0.00497419619933, 0.00111010158435, 0.000690986111294, 0.000195484506548, 6.67194617563e-005, 2.40083295466e-006, 1.5248847518e-008]
        mean: [6.08818083947e-007, 0.000139612515341, 0.000311092153424, 0.000272923905868, 0.000615072378423, 0.000215504798689, 0.000120577773487, 0.000117358729767, 0.000131825101562, 8.63262466737e-005, 7.52346604713e-005, 7.43920900277e-005, 8.7381733465e-005, 9.42017650232e-005, 9.52932532527e-005, 0.000138347022585, 0.000248823838774, 0.000392561312765, 0.000487715617055, 0.000426670652814, 0.000224755247473, 5.38358654012e-005, 1.33049543365e-005, 6.11473296885e-006, 1.92419383893e-006, 4.87683387007e-008, 4.62058391548e-010]
        median: [1.66684117175e-007, 8.96709098015e-005, 0.000217213717406, 0.000184891949175, 0.000244593655225, 0.000127879568026, 7.54013817641e-005, 8.14307786641e-005, 8.93865944818e-005, 5.77178725507e-005, 4.47048805654e-005, 3.77476972062e-005, 4.28488165198e-005, 5.01501490362e-005, 6.64124745526e-005, 0.00010880982154, 0.000191229628399, 0.000304227345623, 0.000408986816183, 0.000348621339072, 0.000165040837601, 3.67288594134e-005, 7.98162727733e-006, 3.34429000759e-006, 1.02512285594e-006, 2.28103758104e-008, 2.09190706424e-010]
        min: [1.42583232294e-023, 1.25077809273e-023, 2.36212265388e-023, 2.02267470196e-023, 4.7097835941e-023, 1.89318018669e-023, 3.85188568453e-023, 1.99053145997e-023, 5.09522071684e-023, 4.62516311588e-023, 3.06601172224e-023, 1.37635326303e-022, 1.69614573575e-022, 6.33580199351e-023, 1.46593580255e-022, 8.2892197567e-023, 2.15118026963e-022, 3.40848041189e-022, 2.48010573216e-022, 4.6964113289e-022, 4.30720275683e-022, 4.23284990283e-022, 8.29428651563e-022, 8.92374501141e-022, 1.18693783897e-021, 1.84974811165e-021, 2.43819644265e-021]
        var: [1.58864349627e-012, 3.42609745019e-008, 1.04971640269e-007, 9.24365934907e-008, 2.16223384086e-006, 9.01769325878e-008, 2.47587497171e-008, 1.58906559022e-008, 2.16140669806e-008, 1.09331228515e-008, 1.40977141072e-008, 1.80305939068e-008, 2.75208034139e-008, 2.80980749778e-008, 1.38006184258e-008, 2.35783534919e-008, 7.73578889834e-008, 1.51300127982e-007, 1.64706520422e-007, 1.45735924661e-007, 6.05315761959e-008, 4.35768798823e-009, 5.22398124758e-010, 8.77771813568e-011, 1.41808049678e-011, 1.10785040064e-014, 6.5447052223e-019]
    frequency_bands:
        dmean: [5.88190744111e-007, 9.60115794442e-005, 0.00016560498625, 0.000172806103365, 0.000530144898221, 0.000124686295749, 7.49859027565e-005, 6.85140112182e-005, 7.66971133999e-005, 4.94741289003e-005, 4.46103185823e-005, 4.38872593804e-005, 5.03870105604e-005, 5.01010326843e-005, 5.16360159963e-005, 7.24615165382e-005, 0.000125262595247, 0.000190719219972, 0.00021424696024, 0.000218252956984, 0.000124082740513, 2.75366328424e-005, 6.63650007482e-006, 2.39981977757e-006, 8.26208520266e-007, 2.50990961348e-008, 3.44131140251e-010, 5.15217313257e-011]
        dmean2: [9.7872191418e-007, 0.000155456873472, 0.000261151086306, 0.000280034582829, 0.000870323681738, 0.000203539486392, 0.000122940793517, 0.000113053742098, 0.000126537444885, 8.11099016573e-005, 7.34488567105e-005, 7.31803447707e-005, 8.30635108287e-005, 8.33890371723e-005, 8.66842674441e-005, 0.000121914963529, 0.00020878095529, 0.000322135252645, 0.000360763457138, 0.000379398552468, 0.000217323453398, 4.66409510409e-005, 1.07981013571e-005, 3.70558109353e-006, 1.26842894588e-006, 3.8252547796e-008, 5.61641011476e-010, 9.60304058495e-011]
        dvar: [1.47233050404e-012, 3.18732880089e-008, 4.33093525487e-008, 4.99910122187e-008, 2.43687804868e-006, 4.77895127915e-008, 1.74568643985e-008, 9.11189079744e-009, 1.11794919988e-008, 5.19465181981e-009, 6.82421674725e-009, 8.69878125087e-009, 1.10826414712e-008, 9.9047596791e-009, 7.77815856168e-009, 1.6430282912e-008, 3.34798286872e-008, 8.1351764436e-008, 8.10590634615e-008, 1.35787573186e-007, 5.81774166619e-008, 3.16936032974e-009, 3.34691219184e-010, 3.37350286594e-011, 5.23057942445e-012, 3.77948133944e-015, 4.25333608487e-019, 6.34687000231e-021]
        dvar2: [3.76830164295e-012, 8.07113664791e-008, 1.08370329599e-007, 1.28408260025e-007, 6.22344032308e-006, 1.1932648647e-007, 4.43577441445e-008, 2.43252120669e-008, 2.86176877751e-008, 1.31600108588e-008, 1.77743331164e-008, 2.3220284362e-008, 2.74158153957e-008, 2.60435371047e-008, 2.01288923307e-008, 3.99217796598e-008, 8.1596887469e-008, 2.09696040088e-007, 2.11393683003e-007, 3.85706584893e-007, 1.62926710345e-007, 8.41424707687e-009, 8.01249233628e-010, 7.3538897194e-011, 1.13241213281e-011, 7.67848495697e-015, 1.00924368576e-018, 2.06204607573e-020]
        max: [1.18859779832e-005, 0.00166695308872, 0.00263879308477, 0.00343741010875, 0.0186971854419, 0.00536997476593, 0.00265286397189, 0.00164407608099, 0.00248133344576, 0.00161990872584, 0.00308270379901, 0.00193471682724, 0.00307850562967, 0.00348511454649, 0.00231777271256, 0.00845299195498, 0.0060719284229, 0.0106249637902, 0.00993130728602, 0.00648286193609, 0.00497419619933, 0.00111010158435, 0.000690986111294, 0.000195484506548, 6.67194617563e-005, 2.40083295466e-006, 1.5248847518e-008, 1.41594291847e-009]
        mean: [6.08818083947e-007, 0.000139612515341, 0.000311092153424, 0.000272923905868, 0.000615072378423, 0.000215504798689, 0.000120577773487, 0.000117358729767, 0.000131825101562, 8.63262466737e-005, 7.52346604713e-005, 7.43920900277e-005, 8.7381733465e-005, 9.42017650232e-005, 9.52932532527e-005, 0.000138347022585, 0.000248823838774, 0.000392561312765, 0.000487715617055, 0.000426670652814, 0.000224755247473, 5.38358654012e-005, 1.33049543365e-005, 6.11473296885e-006, 1.92419383893e-006, 4.87683387007e-008, 4.62058391548e-010, 3.90976209741e-011]
        median: [1.66684117175e-007, 8.96709098015e-005, 0.000217213717406, 0.000184891949175, 0.000244593655225, 0.000127879568026, 7.54013817641e-005, 8.14307786641e-005, 8.93865944818e-005, 5.77178725507e-005, 4.47048805654e-005, 3.77476972062e-005, 4.28488165198e-005, 5.01501490362e-005, 6.64124745526e-005, 0.00010880982154, 0.000191229628399, 0.000304227345623, 0.000408986816183, 0.000348621339072, 0.000165040837601, 3.67288594134e-005, 7.98162727733e-006, 3.34429000759e-006, 1.02512285594e-006, 2.28103758104e-008, 2.09190706424e-010, 1.39711003183e-011]
        min: [1.42583232294e-023, 1.25077809273e-023, 2.36212265388e-023, 2.02267470196e-023, 4.7097835941e-023, 1.89318018669e-023, 3.85188568453e-023, 1.99053145997e-023, 5.09522071684e-023, 4.62516311588e-023, 3.06601172224e-023, 1.37635326303e-022, 1.69614573575e-022, 6.33580199351e-023, 1.46593580255e-022, 8.2892197567e-023, 2.15118026963e-022, 3.40848041189e-022, 2.48010573216e-022, 4.6964113289e-022, 4.30720275683e-022, 4.23284990283e-022, 8.29428651563e-022, 8.92374501141e-022, 1.18693783897e-021, 1.84974811165e-021, 2.43819644265e-021, 8.50755865856e-022]
        var: [1.58864349627e-012, 3.42609745019e-008, 1.04971640269e-007, 9.24365934907e-008, 2.16223384086e-006, 9.01769325878e-008, 2.47587497171e-008, 1.58906559022e-008, 2.16140669806e-008, 1.09331228515e-008, 1.40977141072e-008, 1.80305939068e-008, 2.75208034139e-008, 2.80980749778e-008, 1.38006184258e-008, 2.35783534919e-008, 7.73578889834e-008, 1.51300127982e-007, 1.64706520422e-007, 1.45735924661e-007, 6.05315761959e-008, 4.35768798823e-009, 5.22398124758e-010, 8.77771813568e-011, 1.41808049678e-011, 1.10785040064e-014, 6.5447052223e-019, 4.74009670403e-021]
    mfcc:
        mean: [-697.616699219, 94.4598999023, -44.8771972656, 60.010925293, -13.644952774, -4.53322315216, 1.21489799023, -2.46761202812, -2.37200307846, -1.80804085732, -4.57931804657, -2.95781898499, -7.10590267181]
        cov: [[3205.14233398, -17.8453292847, 273.667053223, 374.893280029, -60.2971076965, 106.311698914, 85.3923721313, 142.410003662, -21.1012058258, -33.3193855286, -20.8602848053, 52.1225509644, -46.1920700073], [-17.8453292847, 577.226928711, -36.6928634644, 98.9728012085, 28.3933792114, 42.2771720886, 60.0161170959, 32.762386322, 33.3981819153, 1.36811196804, 23.4563369751, 8.57286167145, 13.6244745255], [273.667053223, -36.6928634644, 355.732696533, 123.706176758, 60.7621192932, 55.8809738159, 22.8001728058, 39.1132888794, 16.6881713867, 26.8440704346, 2.6969332695, 18.8147239685, -5.02711296082], [374.893280029, 98.9728012085, 123.706176758, 259.640869141, 55.3637924194, 51.4951896667, 40.1235466003, 51.0153121948, 41.3641281128, 25.867647171, 11.9414873123, 26.380109787, 9.65385150909], [-60.2971076965, 28.3933792114, 60.7621192932, 55.3637924194, 132.084884644, 47.4700088501, 35.7956542969, 22.9648952484, 23.3234672546, 33.6814422607, 9.869099617, 10.1465148926, -6.36481237411], [106.311698914, 42.2771720886, 55.8809738159, 51.4951896667, 47.4700088501, 100.539596558, 58.7161521912, 36.5069847107, 15.7521524429, 17.06590271, 19.1491279602, 15.1378393173, 0.671362102032], [85.3923721313, 60.0161170959, 22.8001728058, 40.1235466003, 35.7956542969, 58.7161521912, 102.03327179, 62.1185874939, 23.277179718, 18.2942028046, 21.7327842712, 23.374414444, 5.80803442001], [142.410003662, 32.762386322, 39.1132888794, 51.0153121948, 22.9648952484, 36.5069847107, 62.1185874939, 91.6048965454, 40.4104309082, 24.1296272278, 13.8263616562, 22.948135376, 9.55802631378], [-21.1012058258, 33.3981819153, 16.6881713867, 41.3641281128, 23.3234672546, 15.7521524429, 23.277179718, 40.4104309082, 75.8919677734, 38.2320747375, 17.6988391876, 11.0900583267, 11.8158721924], [-33.3193855286, 1.36811196804, 26.8440704346, 25.867647171, 33.6814422607, 17.06590271, 18.2942028046, 24.1296272278, 38.2320747375, 76.6705856323, 33.6871604919, 17.7197952271, 2.8156914711], [-20.8602848053, 23.4563369751, 2.6969332695, 11.9414873123, 9.869099617, 19.1491279602, 21.7327842712, 13.8263616562, 17.6988391876, 33.6871604919, 61.1972999573, 30.4102458954, 12.3286380768], [52.1225509644, 8.57286167145, 18.8147239685, 26.380109787, 10.1465148926, 15.1378393173, 23.374414444, 22.948135376, 11.0900583267, 17.7197952271, 30.4102458954, 57.9863090515, 24.9822292328], [-46.1920700073, 13.6244745255, -5.02711296082, 9.65385150909, -6.36481237411, 0.671362102032, 5.80803442001, 9.55802631378, 11.8158721924, 2.8156914711, 12.3286380768, 24.9822292328, 52.9348678589]]
        icov: [[0.000488201592816, 0.000106243576738, -0.000102984973637, -0.000744756544009, 0.000694483052939, -0.000335005694069, 9.83239588095e-005, -0.000723938224837, 0.000529063981958, 0.000193834945094, 0.000219148991164, -0.000480853370391, 0.000779881898779], [0.000106243576738, 0.00211973674595, 0.00051444984274, -0.00107269058935, -6.36378263152e-006, -0.000220298534259, -0.00103725248482, 0.000218749453779, -0.000506946176756, 0.000897100835573, -0.000828142976388, 0.000634002033621, -0.000172944113729], [-0.000102984973637, 0.00051444984274, 0.00391382770613, -0.00143393641338, -0.000895369797945, -0.00149117107503, 0.00117994192988, -0.000965097977314, 0.000609747075941, -0.000682640820742, 0.000699928379618, -0.000588382827118, 0.000381846097298], [-0.000744756544009, -0.00107269058935, -0.00143393641338, 0.00695633282885, -0.00190070678946, -0.000502447190229, 0.000549252901692, -5.53097561351e-005, -0.00241933437064, -0.000122804151033, 0.000603440974373, -0.000897048274055, -0.00122168485541], [0.000694483052939, -6.36378263152e-006, -0.000895369797945, -0.00190070678946, 0.0118396906182, -0.00373249244876, -0.00185450643767, 0.000980485230684, -0.000336007768055, -0.00374881643802, 0.00276177562773, -0.00163823668845, 0.00277096615173], [-0.000335005694069, -0.000220298534259, -0.00149117107503, -0.000502447190229, -0.00373249244876, 0.018146302551, -0.00850836280733, 0.000717164599337, 0.000355397089152, 0.000925304193515, -0.00348625285551, 0.00170736783184, -0.000282873224933], [9.83239588095e-005, -0.00103725248482, 0.00117994192988, 0.000549252901692, -0.00185450643767, -0.00850836280733, 0.0237988065928, -0.0133270574734, 0.00220341794193, 0.00122328859288, -0.00262997997925, -0.0022599408403, 0.0011669152882], [-0.000723938224837, 0.000218749453779, -0.000965097977314, -5.53097561351e-005, 0.000980485230684, 0.000717164599337, -0.0133270574734, 0.0260373689234, -0.00975436437875, -0.00150600110646, 0.00382517348044, -0.00366912269965, -0.000801750342362], [0.000529063981958, -0.000506946176756, 0.000609747075941, -0.00241933437064, -0.000336007768055, 0.000355397089152, 0.00220341794193, -0.00975436437875, 0.0239955652505, -0.00879549235106, -0.000983498175628, 0.00371109787375, -0.00384482182562], [0.000193834945094, 0.000897100835573, -0.000682640820742, -0.000122804151033, -0.00374881643802, 0.000925304193515, 0.00122328859288, -0.00150600110646, -0.00879549235106, 0.0243510287255, -0.0110948542133, -0.000839809945319, 0.00321940728463], [0.000219148991164, -0.000828142976388, 0.000699928379618, 0.000603440974373, 0.00276177562773, -0.00348625285551, -0.00262997997925, 0.00382517348044, -0.000983498175628, -0.0110948542133, 0.0300453491509, -0.0128782661632, 0.000224838586291], [-0.000480853370391, 0.000634002033621, -0.000588382827118, -0.000897048274055, -0.00163823668845, 0.00170736783184, -0.0022599408403, -0.00366912269965, 0.00371109787375, -0.000839809945319, -0.0128782661632, 0.0321834757924, -0.0127563197166], [0.000779881898779, -0.000172944113729, 0.000381846097298, -0.00122168485541, 0.00277096615173, -0.000282873224933, 0.0011669152882, -0.000801750342362, -0.00384482182562, 0.00321940728463, 0.000224838586291, -0.0127563197166, 0.0268836189061]]
    sccoeffs:
        dmean: [0.056953124702, 0.0456502586603, 0.0368762947619, 0.0273421052843, 0.018756467849, 0.0182448830456]
        dmean2: [0.091722227633, 0.0758587047458, 0.0614366792142, 0.0458658263087, 0.031477227807, 0.0308213029057]
        dvar: [0.00238261558115, 0.00131530757062, 0.000850701413583, 0.000493582105264, 0.000230441233725, 0.000320340826875]
        dvar2: [0.00587162468582, 0.0035891761072, 0.00234927167185, 0.00134562083986, 0.000623793748673, 0.00088838278316]
        max: [-0.265501052141, -0.424090474844, -0.485407739878, -0.531437039375, -0.604650855064, -0.610369682312]
        mean: [-0.661235034466, -0.774482011795, -0.803933739662, -0.809003949165, -0.806055009365, -0.744081795216]
        median: [-0.670368134975, -0.780554413795, -0.810781121254, -0.818632006645, -0.809864759445, -0.743311107159]
        min: [-0.970548212528, -0.961066007614, -0.957743167877, -0.964545845985, -0.957633376122, -0.958350777626]
        var: [0.00682636164129, 0.00340267643332, 0.00243836757727, 0.00188375660218, 0.000854625366628, 0.000829053402413]
    scvalleys:
        dmean: [0.375638008118, 0.369464755058, 0.316179007292, 0.261407107115, 0.226322978735, 0.2075586766]
        dmean2: [0.620594441891, 0.610320448875, 0.515544950962, 0.426568478346, 0.367845594883, 0.306283354759]
        dvar: [0.114983707666, 0.125361725688, 0.096684589982, 0.0769060924649, 0.0886124372482, 0.0884148478508]
        dvar2: [0.268794566393, 0.285643041134, 0.204864233732, 0.157149478793, 0.191577360034, 0.152311399579]
        max: [-5.21816253662, -4.6590089798, -5.20133972168, -5.68066835403, -5.3911242485, -7.41519021988]
        mean: [-6.74814271927, -6.50914764404, -6.93553733826, -7.05031681061, -6.6894774437, -9.47115039825]
        median: [-6.4271903038, -6.39365005493, -6.81423377991, -6.94848489761, -6.54896640778, -9.35070800781]
        min: [-27.1466121674, -27.0763301849, -27.1667003632, -26.9378509521, -27.2918434143, -27.3297653198]
        var: [1.03546059132, 0.500133693218, 0.44824424386, 0.351930767298, 0.458693176508, 0.626031696796]

rhythm:
    beats_loudness:
        dmean: 0.00584907317534
        dmean2: 0.0115241892636
        dvar: 9.70964629232e-006
        dvar2: 3.40079568559e-005
        max: 0.0162618923932
        mean: 0.0058404430747
        median: 0.00445406045765
        min: 5.03350065628e-006
        var: 1.43992165249e-005
    bpm: 95.9097747803
    bpm_confidence: 0
    first_peak_bpm: 96
    first_peak_spread: 0.364779859781
    first_peak_weight: 0.614604473114
    onset_rate: 2.90092325211
    second_peak_bpm: 83
    second_peak_spread: 0.428571403027
    second_peak_weight: 0.00811359006912
    beats_loudness_band_ratio:
        dmean: [0.13586166501, 0.332830190659, 0.0355381183326, 0.0440564602613, 0.0935776680708, 0.103904671967]
        dmean2: [0.24267449975, 0.659013211727, 0.0618681907654, 0.0803958177567, 0.169704437256, 0.186447903514]
        dvar: [0.0128294099122, 0.0301917344332, 0.001534787938, 0.00307791400701, 0.00828796438873, 0.00699108932167]
        dvar2: [0.0391959100962, 0.101723007858, 0.00426921993494, 0.00910995062441, 0.0264486502856, 0.0239219162613]
        max: [0.826455891132, 0.873052954674, 0.369211226702, 0.478534668684, 0.764578938484, 0.765552222729]
        mean: [0.333746731281, 0.26083791256, 0.0720217823982, 0.063436947763, 0.171090334654, 0.224515944719]
        median: [0.345831394196, 0.161208361387, 0.057179376483, 0.0444926694036, 0.154541641474, 0.206006795168]
        min: [0.000142173521454, 0.00167371646967, 0.00986334402114, 0.00895649474114, 0.0325344540179, 0.00767911272123]
        var: [0.0202449839562, 0.0442539453506, 0.00257366592996, 0.00353108090349, 0.00826347339898, 0.0101937400177]
    beats_position: [0.696598649025, 1.40480720997, 2.12462592125, 2.8444442749, 3.56426286697, 4.28408145905, 4.93424034119, 5.5727891922, 6.18811798096, 6.80344676971, 7.4303855896, 8.05732440948, 8.67265319824, 9.287981987, 9.91492080688, 10.5302495956, 11.1455783844, 11.7725172043, 12.3994560242, 13.0263938904, 13.6533327103, 14.2802715302, 14.90721035, 15.5341491699, 16.1610889435, 16.7764167786, 17.4033565521, 18.0186843872, 18.6224040985, 19.2493419647, 19.8878898621, 20.5264396667, 21.153377533, 21.7803173065, 22.4072551727, 23.0225849152, 23.6379127502, 24.2648525238, 24.89179039, 25.5187301636, 26.1456680298, 26.7609977722, 27.3879356384, 28.014875412, 28.6418132782, 29.2687530518, 29.9073009491, 30.5342407227, 31.1495685577, 31.776506424, 32.4150543213, 33.0419960022, 33.6689338684, 34.2842636108, 34.9112014771, 35.5265312195, 36.1534690857, 36.7687988281, 37.3957366943, 38.034286499, 38.6612243652, 39.2881622314, 39.9151000977, 40.5420417786, 41.1689796448, 41.7843093872, 42.3996353149, 43.0265769958, 43.6535148621, 44.2688446045, 44.8841705322, 45.4878921509, 46.1148300171, 46.718547821, 47.3454856873, 47.9724235535, 48.5993652344, 49.2263031006, 49.8532409668, 50.480178833, 51.1071205139, 51.7340583801, 52.3609962463, 52.9879341125, 53.6148757935, 54.2302017212, 54.8455314636, 55.4840812683, 56.122631073, 56.7495689392, 57.3765068054, 58.0034446716, 58.6303825378, 59.2341041565, 59.8610420227, 60.4879798889, 61.1265296936, 61.741859436, 62.3687973022, 62.9957351685, 63.6226730347, 64.2263946533, 64.8533325195, 65.4802703857, 66.107208252, 66.7341461182, 67.3726959229, 67.9996337891, 68.6265716553, 69.2419052124, 69.8688430786, 70.4957809448, 71.122718811, 71.7264404297, 72.3533782959, 72.9803161621, 73.6072540283, 74.2341918945, 74.8611297607, 75.4764633179, 76.1150131226, 76.7419509888, 77.368888855, 77.9958267212, 78.6227645874, 79.2497024536, 79.8766403198, 80.503578186, 81.1305236816, 81.7574615479, 82.3843994141, 83.0113372803, 83.626663208, 84.2419967651, 84.8573226929, 85.4726486206, 86.0995864868, 86.7265319824, 87.3766860962, 88.0036239624, 88.6305618286, 89.2575073242, 89.8844451904, 90.5113830566, 91.1383209229, 91.7652587891, 92.3921966553, 93.0075302124, 93.6228561401, 94.2381820679, 94.8767318726, 95.5152816772, 96.130607605, 96.7575454712, 97.3728790283, 97.9882049561, 98.6151428223, 99.2420806885, 99.8690261841, 100.49596405, 101.122901917, 101.749839783, 102.376777649, 103.003715515, 103.630653381, 104.245986938, 104.884536743, 105.511474609, 106.138412476, 106.765350342, 107.392288208, 108.019226074, 108.64616394, 109.273101807, 109.900039673, 110.526985168, 111.153923035, 111.757637024, 112.38457489, 112.999908447, 113.626846313, 114.242172241, 114.869110107, 115.496055603, 116.122993469, 116.749931335, 117.376869202, 118.003807068, 118.630744934, 119.2576828, 119.884620667, 120.511566162, 121.138504028, 121.753829956, 122.369155884, 122.99609375, 123.611427307, 124.226753235, 124.853691101, 125.492240906, 126.13079071, 126.757728577, 127.384666443, 128.011611938, 128.638549805, 129.265487671, 129.892425537, 130.519363403, 131.14630127, 131.761627197, 132.376953125, 133.003890991, 133.630844116, 134.234558105, 134.861495972, 135.488433838, 136.115371704, 136.74230957, 137.369247437, 137.996185303, 138.623123169, 139.250061035, 139.876998901, 140.503936768, 141.130874634, 141.734603882, 142.361541748, 142.988479614, 143.61541748, 144.242355347, 144.869293213, 145.496231079, 146.123168945, 146.750106812, 147.377044678, 148.003982544, 148.63092041, 149.257858276, 149.884811401, 150.511749268, 151.138687134, 151.754013062, 152.380950928, 153.007888794, 153.63482666, 154.250152588, 154.877090454, 155.50402832, 156.130966187, 156.757904053, 157.384857178, 158.011795044, 158.63873291, 159.254058838, 159.880996704, 160.50793457, 161.134872437, 161.750198364, 162.37713623, 163.004074097, 163.631011963, 164.246353149, 164.873291016, 165.500228882, 166.127166748, 166.765716553, 167.392654419, 168.019592285, 168.646530151, 169.273468018, 169.900405884, 170.52734375, 171.154281616, 171.781219482, 172.408157349, 173.035095215, 173.650421143, 174.265762329, 174.881088257, 175.496414185, 176.123352051, 176.738677979, 177.377227783, 178.015777588, 178.631103516, 179.258041382, 179.884979248, 180.511917114, 181.138870239, 181.765808105, 182.392745972, 183.019683838, 183.635009766, 184.261947632, 184.888885498, 185.515823364, 186.14276123, 186.758087158, 187.385025024, 188.011962891, 188.638900757, 189.265853882, 189.892791748, 190.519729614, 191.135055542, 191.75038147, 192.377319336, 193.004257202, 193.631195068, 194.258132935, 194.908294678, 195.535232544, 196.16217041, 196.777496338, 197.404434204, 198.03137207, 198.658325195, 199.273651123, 199.900588989, 200.527526855, 201.154464722, 201.781402588, 202.396728516, 203.012054443, 203.63899231, 204.265930176, 204.892883301, 205.508209229, 206.135147095, 206.773696899, 207.412246704, 208.03918457, 208.654510498, 209.281448364, 209.90838623, 210.535324097, 211.162261963, 211.789199829, 212.416137695, 213.043075562, 213.658401489, 214.296951294, 214.947113037, 215.550842285, 216.177780151, 216.793106079, 217.408432007, 218.023757935, 218.650695801, 219.266021729, 219.892959595, 220.51991272, 221.146850586, 221.762176514, 222.400726318, 223.027664185, 223.654602051, 224.269927979, 224.885253906, 225.500579834, 226.1275177, 226.754455566, 227.393005371, 228.019943237, 228.646896362, 229.273834229, 229.900772095, 230.516098022, 231.13142395, 231.758361816, 232.385299683, 233.012237549, 233.639175415, 234.266113281, 234.893051147, 235.508392334, 236.1353302, 236.762268066, 237.389205933, 238.00453186, 238.631469727, 239.258407593, 239.896957397, 240.512283325, 241.139221191, 241.766159058, 242.416320801, 243.031646729, 243.646972656, 244.285522461, 244.924072266, 245.539413452, 246.15473938, 246.781677246, 247.408615112, 248.02394104, 248.639266968, 249.277816772, 249.904754639, 250.520080566, 251.147018433, 251.773956299, 252.400909424, 253.016235352, 253.631561279, 254.258499146, 254.89704895, 255.535598755, 256.162536621, 256.789459229, 257.416412354, 258.043365479, 258.670288086, 259.285614014, 259.912567139, 260.527893066, 261.143218994, 261.758544922, 262.397094727, 263.024017334, 263.650970459, 264.266296387, 264.904846191, 265.531799316, 266.170349121, 266.785675049, 267.401000977, 268.016326904, 268.631652832, 269.258575439, 269.885528564, 270.512481689, 271.127807617, 271.743133545, 272.370056152, 272.997009277, 273.623931885, 274.239257813, 274.877807617, 275.504760742, 276.13168335, 276.758636475, 277.397186279, 278.035736084, 278.662658691, 279.289611816, 279.916534424, 280.531890869, 281.147216797, 281.774139404, 282.401092529, 283.028015137, 283.666564941, 284.328338623, 284.978485107, 285.628662109, 286.278808594, 286.917358398, 287.555908203, 288.194458008, 288.833007813, 289.459960938, 290.098510742, 290.737060547, 291.387207031, 292.025756836, 292.67590332, 293.314453125, 293.964630127, 294.591552734, 295.218505859, 295.845428467, 296.472381592, 297.099304199, 297.726257324, 298.353179932, 299.026580811, 299.699951172, 300.38494873, 301.069915771, 301.74331665, 302.416687012, 303.066833496, 303.670562744, 304.274291992, 304.9012146, 305.539764404, 306.178314209, 306.828460693, 307.467010498, 308.163635254, 308.860229492, 309.545196533, 310.230194092]
