
metadata:
    version:
        essentia: "2.1-beta2"
    audio_properties:
        analysis_sample_rate: 44100
        bitrate: 320
        channels: 2
        equal_loudness: 1
        length: 348.421234131
        replay_gain: -13.3621330261
        downmix: "mix"
    tags:
        album: "La Gárgola"
        artist: "Chevelle"
        comment: "For Quality Need's Visit : http://www.bubaneemusic2.com"
        date: "2014"
        genre: "Alternative"
        title: "One Ocean"
        tracknumber: "6/10"

configuration:
    average_loudness:
        compute: 1
        frameSize: 88200
        hopSize: 44100
        silentFrames: "noise"
        windowType: "hann"
    general:
        analysisSampleRate: 44100
        endTime: 2000
        equalLoudness: 1
        nequalLoudness: 0
        shortSound: 0
        startTime: 0
    lowlevel:
        compute: 1
        frameSize: 2048
        hopSize: 1024
        zeroPadding: 0
        silentFrames: "noise"
        windowType: "blackmanharris62"
        mfccStats: ["mean", "cov", "icov"]
        stats: ["mean", "var", "median", "min", "max", "dmean", "dmean2", "dvar", "dvar2"]
    panning:
        compute: 0
        frameSize: 8192
        hopSize: 2048
        zeroPadding: 8192
        silentFrames: "noise"
        windowType: "hann"
        stats: ["copy"]
    rhythm:
        compute: 1
        maxTempo: 208
        minTempo: 40
        method: "degara"
        stats: ["mean", "var", "median", "min", "max", "dmean", "dmean2", "dvar", "dvar2"]
    segmentation:
        compute: 0
        cpw: 5
        inc1: 300
        inc2: 50
        minimumSegmentsLength: 10
        size1: 1000
        size2: 600
    sfx:
        compute: 1
        stats: ["mean", "var", "median", "min", "max", "dmean", "dmean2", "dvar", "dvar2"]
    svm:
        compute: 0
    tonal:
        compute: 1
        frameSize: 4096
        hopSize: 2048
        zeroPadding: 0
        silentFrames: "noise"
        windowType: "blackmanharris62"
        stats: ["mean", "var", "median", "min", "max", "dmean", "dmean2", "dvar", "dvar2"]

lowlevel:
    average_loudness: 0.939283668995
    barkbands_kurtosis:
        dmean: 0.953588247299
        dmean2: 1.49750256538
        dvar: 3.48052668571
        dvar2: 8.22276973724
        max: 53.4615211487
        mean: 0.674489617348
        median: -0.190390586853
        min: -1.90979719162
        var: 11.993221283
    barkbands_skewness:
        dmean: 0.299821704626
        dmean2: 0.463661760092
        dvar: 0.109162762761
        dvar2: 0.248942881823
        max: 6.59826278687
        mean: 0.914732396603
        median: 0.886751413345
        min: -2.21767044067
        var: 0.639303326607
    barkbands_spread:
        dmean: 4.16787338257
        dmean2: 6.43969583511
        dvar: 22.5627498627
        dvar2: 51.7496757507
        max: 91.3464889526
        mean: 24.8777332306
        median: 23.707567215
        min: 1.47931468487
        var: 101.165504456
    dissonance:
        dmean: 0.0184853300452
        dmean2: 0.0302090551704
        dvar: 0.000312209449476
        dvar2: 0.000830943346955
        max: 0.499972462654
        mean: 0.450288265944
        median: 0.454279869795
        min: 0.222185984254
        var: 0.000829874479678
    hfc:
        dmean: 1.29545712471
        dmean2: 1.99952709675
        dvar: 3.41334795952
        dvar2: 7.97730827332
        max: 42.2607269287
        mean: 5.32751941681
        median: 4.42707681656
        min: 1.08530781518e-016
        var: 14.8038339615
    pitch:
        dmean: 227.344223022
        dmean2: 437.954040527
        dvar: 503891.53125
        dvar2: 1331325.75
        max: 5329.74658203
        mean: 458.166534424
        median: 220.946014404
        min: 58.2131958008
        var: 762477
    pitch_instantaneous_confidence:
        dmean: 0.0719819813967
        dmean2: 0.112120740116
        dvar: 0.00510488590226
        dvar2: 0.0117700826377
        max: 0.941635668278
        mean: 0.469526529312
        median: 0.446772873402
        min: 0.0997534990311
        var: 0.0273790601641
    pitch_salience:
        dmean: 0.0485779009759
        dmean2: 0.0784667506814
        dvar: 0.00209405831993
        dvar2: 0.00549921905622
        max: 0.842346966267
        mean: 0.568448543549
        median: 0.572346687317
        min: 0.194266915321
        var: 0.0077499859035
    silence_rate_20dB:
        dmean: 0
        dmean2: 0
        dvar: 0
        dvar2: 0
        max: 1
        mean: 1
        median: 1
        min: 1
        var: 0
    silence_rate_30dB:
        dmean: 0
        dmean2: 0
        dvar: 0
        dvar2: 0
        max: 1
        mean: 1
        median: 1
        min: 1
        var: 0
    silence_rate_60dB:
        dmean: 0.0611755289137
        dmean2: 0.122359216213
        dvar: 0.0574236549437
        dvar2: 0.126205801964
        max: 1
        mean: 0.173585653305
        median: 0
        min: 0
        var: 0.143469914794
    spectral_centroid:
        dmean: 142.018539429
        dmean2: 218.309295654
        dvar: 36800.4921875
        dvar2: 71200.109375
        max: 11479.7587891
        mean: 941.1171875
        median: 853.263427734
        min: 110.715232849
        var: 205518.140625
    spectral_complexity:
        dmean: 2.49766755104
        dmean2: 4.05997991562
        dvar: 7.95363473892
        dvar2: 18.729845047
        max: 43
        mean: 12.5371494293
        median: 12
        min: 0
        var: 33.601474762
    spectral_crest:
        dmean: 1.8086476326
        dmean2: 2.91156935692
        dvar: 3.37723207474
        dvar2: 8.66597175598
        max: 23.9273395538
        mean: 8.23584842682
        median: 7.53994417191
        min: 2.55910658836
        var: 11.376994133
    spectral_decrease:
        dmean: 2.64304605979e-010
        dmean2: 4.2048170501e-010
        dvar: 1.09083822895e-019
        dvar2: 2.75947633293e-019
        max: -6.69313618748e-029
        mean: -1.30141697419e-009
        median: -1.26938581868e-009
        min: -4.47968417916e-009
        var: 3.43565331521e-019
    spectral_energy:
        dmean: 0.0010932078585
        dmean2: 0.00173331645783
        dvar: 1.85857800261e-006
        dvar2: 4.6863569878e-006
        max: 0.0180520024151
        mean: 0.00539508322254
        median: 0.00524219265208
        min: 1.00966788401e-020
        var: 6.0533557189e-006
    spectral_energyband_high:
        dmean: 5.64888796362e-005
        dmean2: 8.80219740793e-005
        dvar: 1.89126350136e-008
        dvar2: 4.27130295577e-008
        max: 0.00628256378695
        mean: 0.000123113321024
        median: 5.22393711435e-005
        min: 7.37262283339e-021
        var: 9.37433242143e-008
    spectral_energyband_low:
        dmean: 0.000352065078914
        dmean2: 0.000587786722463
        dvar: 4.85577345444e-007
        dvar2: 1.29480270061e-006
        max: 0.00912160053849
        mean: 0.00100135512184
        median: 0.000875202997122
        min: 5.40080681441e-023
        var: 6.13396252902e-007
    spectral_energyband_middle_high:
        dmean: 0.000425353558967
        dmean2: 0.000656939344481
        dvar: 3.14884204045e-007
        dvar2: 7.14462885298e-007
        max: 0.0130930310115
        mean: 0.00167510122992
        median: 0.00132006674539
        min: 1.62509365249e-021
        var: 1.71787417003e-006
    spectral_energyband_middle_low:
        dmean: 0.000721639022231
        dmean2: 0.00112578633707
        dvar: 7.41445887797e-007
        dvar2: 1.80592962806e-006
        max: 0.0119516775012
        mean: 0.00285806623287
        median: 0.00265217199922
        min: 2.05730708409e-022
        var: 3.01772956846e-006
    spectral_flatness_db:
        dmean: 0.0142350560054
        dmean2: 0.0217630043626
        dvar: 0.000212893995922
        dvar2: 0.000463042146293
        max: 0.440534472466
        mean: 0.178755789995
        median: 0.17219504714
        min: 0.0689202398062
        var: 0.00184533733409
    spectral_flux:
        dmean: 0.00780401192605
        dmean2: 0.012188305147
        dvar: 7.98893815954e-005
        dvar2: 0.000163260672707
        max: 0.107808515429
        mean: 0.031844355166
        median: 0.0286667607725
        min: 1.00482233645e-010
        var: 0.000217911787331
    spectral_kurtosis:
        dmean: 2.78877854347
        dmean2: 4.77569961548
        dvar: 12.525809288
        dvar2: 37.1615028381
        max: 84.4064178467
        mean: 7.51730918884
        median: 6.4440073967
        min: -1.13614392281
        var: 31.0076198578
    spectral_rms:
        dmean: 0.000229010402109
        dmean2: 0.000358466204489
        dvar: 7.30685485451e-008
        dvar2: 1.80228198587e-007
        max: 0.00419663079083
        mean: 0.00222187396139
        median: 0.00226148939691
        min: 3.13853760689e-012
        var: 3.26749471924e-007
    spectral_rolloff:
        dmean: 382.323638916
        dmean2: 629.165039063
        dvar: 242638.40625
        dvar2: 526858.5625
        max: 18152.4902344
        mean: 1893.53125
        median: 1873.38867188
        min: 86.1328125
        var: 918363.5625
    spectral_skewness:
        dmean: 0.296509563923
        dmean2: 0.491551190615
        dvar: 0.102324679494
        dvar2: 0.283126056194
        max: 7.17646455765
        mean: 1.89057660103
        median: 1.85111737251
        min: -0.0393045283854
        var: 0.336437731981
    spectral_spread:
        dmean: 335258.84375
        dmean2: 478520.28125
        dvar: 296572059648
        dvar2: 418974957568
        max: 38452312
        mean: 3505089.5
        median: 3306291.5
        min: 1034510.375
        var: 1.96941525811e+012
    spectral_strongpeak:
        dmean: 0.253622233868
        dmean2: 0.429827332497
        dvar: 0.221220359206
        dvar2: 0.550319135189
        max: 9.82493591309
        mean: 0.617541253567
        median: 0.374575287104
        min: 1.82598058895e-009
        var: 0.600391089916
    zerocrossingrate:
        dmean: 0.00613820226863
        dmean2: 0.00730944518
        dvar: 5.91801872361e-005
        dvar2: 6.60520017846e-005
        max: 0.50439453125
        mean: 0.0596075989306
        median: 0.056640625
        min: 0.00341796875
        var: 0.000567332550418
    barkbands:
        dmean: [1.90624973584e-006, 0.000139114825288, 0.000209965452086, 0.000173095366335, 0.000267667142907, 0.000174334898475, 0.000317819823977, 0.000116973460536, 0.000133352106786, 5.29783028469e-005, 6.14683813183e-005, 5.69309158891e-005, 6.15693934378e-005, 5.37590203749e-005, 8.91785966814e-005, 7.64803044149e-005, 0.000114699541882, 0.000102775105915, 9.17127399589e-005, 6.3139203121e-005, 2.87597049464e-005, 7.52547248339e-006, 2.0317270355e-006, 1.02012165826e-006, 5.81819506351e-007, 1.60098458934e-008, 2.56524940179e-010]
        dmean2: [2.37305266637e-006, 0.000229708835832, 0.000362400722224, 0.000289103336399, 0.000421434961027, 0.000258408021182, 0.000507917953655, 0.00017166158068, 0.000195647895453, 8.0198784417e-005, 8.94043550943e-005, 8.68663119036e-005, 9.52846021391e-005, 8.42407825985e-005, 0.000143490164191, 0.000122124038171, 0.000189318161574, 0.000166535173776, 0.000151458574692, 0.000100284225482, 4.64871081931e-005, 1.13932828754e-005, 2.88205910692e-006, 1.41779730711e-006, 8.05611136911e-007, 2.28241585631e-008, 4.59085630622e-010]
        dvar: [1.519796268e-011, 7.03214411146e-008, 2.29976834021e-007, 9.4899171188e-008, 2.31097743608e-007, 1.26318326465e-007, 2.57115743807e-007, 6.0044257566e-008, 5.65080391368e-008, 1.47737289069e-008, 1.48066225947e-008, 1.07618358669e-008, 1.82122352754e-008, 2.15454889485e-008, 3.02173326361e-008, 1.77313292937e-008, 3.90034422537e-008, 3.61970364793e-008, 2.39165593996e-008, 1.2441065067e-008, 8.52227177717e-009, 6.59295840144e-010, 6.39718625295e-011, 2.02948352568e-011, 9.46709724503e-012, 5.70629664126e-015, 1.07704563847e-019]
        dvar2: [2.51845939936e-011, 1.75445521222e-007, 6.39146151116e-007, 2.58143586507e-007, 5.58865110634e-007, 2.65125976284e-007, 6.34780974451e-007, 1.35629392162e-007, 1.2393449822e-007, 3.15069712542e-008, 3.19393578252e-008, 2.332938287e-008, 4.14407566041e-008, 4.87052780329e-008, 7.30059852572e-008, 3.94628365541e-008, 9.48632958853e-008, 8.39827976051e-008, 5.93059219511e-008, 2.90091790589e-008, 2.23242935249e-008, 1.41632106043e-009, 1.24301791082e-010, 3.7705904371e-011, 1.75040711092e-011, 1.02959429719e-014, 3.05428453722e-019]
        max: [5.15105384693e-005, 0.00340494909324, 0.00670236907899, 0.00542300846428, 0.00985969509929, 0.0105021055788, 0.0115056699142, 0.00736850406975, 0.00500458898023, 0.00362692819908, 0.00469724135473, 0.00360905844718, 0.00514962431043, 0.00964238774031, 0.00666201906279, 0.00645299069583, 0.00616464437917, 0.00754637410864, 0.00617387332022, 0.00621391367167, 0.00491618737578, 0.00115495675709, 0.000383693259209, 0.000186448698514, 0.000137946815812, 2.55148574979e-006, 7.07115699328e-009]
        mean: [2.44310695052e-006, 0.000336065742886, 0.000428541650763, 0.000406376086175, 0.00062669289764, 0.000442604621639, 0.000701250915881, 0.000273798825219, 0.000357218523277, 0.000121284065244, 0.000146836740896, 0.00011968970648, 0.000146932012285, 0.000115682058095, 0.000191309460206, 0.000159091403475, 0.000220981746679, 0.000204024021514, 0.000176802306669, 0.000143226163345, 5.13208033226e-005, 1.48042508954e-005, 4.37532116848e-006, 2.39443852479e-006, 1.3020219285e-006, 2.97899820367e-008, 2.60399785068e-010]
        median: [2.76524303899e-007, 0.000265100534307, 0.000203426519874, 0.000221367445192, 0.000338615180226, 0.000232422942645, 0.000428164523328, 0.000122152181575, 0.000133440451464, 5.1020670071e-005, 5.69016083318e-005, 5.89216033404e-005, 6.04884880886e-005, 6.4509382355e-005, 0.000109552689537, 0.000101399607956, 0.000123516991152, 9.97511378955e-005, 0.00010048947297, 8.118153346e-005, 1.51765143528e-005, 2.61582613348e-006, 7.72601595145e-007, 5.09030599005e-007, 1.78345729296e-007, 3.21854032315e-009, 1.22191923246e-010]
        min: [1.23950716366e-023, 3.61642364164e-023, 7.06422574043e-024, 7.30158294276e-024, 4.30307625699e-023, 1.845996996e-023, 6.39946937945e-023, 4.252763024e-023, 2.62335504705e-023, 5.05710800661e-023, 6.37546087111e-023, 1.01176119016e-022, 1.38970444986e-022, 8.03320031416e-023, 1.68431963793e-022, 2.00314629247e-022, 2.04049942432e-022, 2.84550332667e-022, 2.71449965738e-022, 2.96670442102e-022, 4.99035175691e-022, 4.210045638e-022, 6.98515758081e-022, 6.83442279634e-022, 1.30905572853e-021, 1.50092002927e-021, 2.17673446571e-021]
        var: [2.87531196769e-011, 1.02579328143e-007, 3.22822927501e-007, 2.53996802257e-007, 6.80893151639e-007, 4.19549650132e-007, 7.57718794375e-007, 2.29037951271e-007, 3.2427672636e-007, 5.21492111716e-008, 6.62856010081e-008, 4.02525266452e-008, 1.02374748678e-007, 4.94262053508e-008, 8.52432862075e-008, 4.71627181753e-008, 1.12544270792e-007, 1.39572350122e-007, 5.81236960784e-008, 4.97946892608e-008, 2.89257418018e-008, 2.27336949266e-009, 2.39113617795e-010, 8.09639508215e-011, 3.61140978233e-011, 2.06350371902e-014, 1.6354243467e-019]
    frequency_bands:
        dmean: [1.90624973584e-006, 0.000139114825288, 0.000209965452086, 0.000173095366335, 0.000267667142907, 0.000174334898475, 0.000317819823977, 0.000116973460536, 0.000133352106786, 5.29783028469e-005, 6.14683813183e-005, 5.69309158891e-005, 6.15693934378e-005, 5.37590203749e-005, 8.91785966814e-005, 7.64803044149e-005, 0.000114699541882, 0.000102775105915, 9.17127399589e-005, 6.3139203121e-005, 2.87597049464e-005, 7.52547248339e-006, 2.0317270355e-006, 1.02012165826e-006, 5.81819506351e-007, 1.60098458934e-008, 2.56524940179e-010, 6.36603963988e-011]
        dmean2: [2.37305266637e-006, 0.000229708835832, 0.000362400722224, 0.000289103336399, 0.000421434961027, 0.000258408021182, 0.000507917953655, 0.00017166158068, 0.000195647895453, 8.0198784417e-005, 8.94043550943e-005, 8.68663119036e-005, 9.52846021391e-005, 8.42407825985e-005, 0.000143490164191, 0.000122124038171, 0.000189318161574, 0.000166535173776, 0.000151458574692, 0.000100284225482, 4.64871081931e-005, 1.13932828754e-005, 2.88205910692e-006, 1.41779730711e-006, 8.05611136911e-007, 2.28241585631e-008, 4.59085630622e-010, 1.17920340159e-010]
        dvar: [1.519796268e-011, 7.03214411146e-008, 2.29976834021e-007, 9.4899171188e-008, 2.31097743608e-007, 1.26318326465e-007, 2.57115743807e-007, 6.0044257566e-008, 5.65080391368e-008, 1.47737289069e-008, 1.48066225947e-008, 1.07618358669e-008, 1.82122352754e-008, 2.15454889485e-008, 3.02173326361e-008, 1.77313292937e-008, 3.90034422537e-008, 3.61970364793e-008, 2.39165593996e-008, 1.2441065067e-008, 8.52227177717e-009, 6.59295840144e-010, 6.39718625295e-011, 2.02948352568e-011, 9.46709724503e-012, 5.70629664126e-015, 1.07704563847e-019, 6.71165301738e-021]
        dvar2: [2.51845939936e-011, 1.75445521222e-007, 6.39146151116e-007, 2.58143586507e-007, 5.58865110634e-007, 2.65125976284e-007, 6.34780974451e-007, 1.35629392162e-007, 1.2393449822e-007, 3.15069712542e-008, 3.19393578252e-008, 2.332938287e-008, 4.14407566041e-008, 4.87052780329e-008, 7.30059852572e-008, 3.94628365541e-008, 9.48632958853e-008, 8.39827976051e-008, 5.93059219511e-008, 2.90091790589e-008, 2.23242935249e-008, 1.41632106043e-009, 1.24301791082e-010, 3.7705904371e-011, 1.75040711092e-011, 1.02959429719e-014, 3.05428453722e-019, 2.09742824176e-020]
        max: [5.15105384693e-005, 0.00340494909324, 0.00670236907899, 0.00542300846428, 0.00985969509929, 0.0105021055788, 0.0115056699142, 0.00736850406975, 0.00500458898023, 0.00362692819908, 0.00469724135473, 0.00360905844718, 0.00514962431043, 0.00964238774031, 0.00666201906279, 0.00645299069583, 0.00616464437917, 0.00754637410864, 0.00617387332022, 0.00621391367167, 0.00491618737578, 0.00115495675709, 0.000383693259209, 0.000186448698514, 0.000137946815812, 2.55148574979e-006, 7.07115699328e-009, 7.99826649356e-010]
        mean: [2.44310695052e-006, 0.000336065742886, 0.000428541650763, 0.000406376086175, 0.00062669289764, 0.000442604621639, 0.000701250915881, 0.000273798825219, 0.000357218523277, 0.000121284065244, 0.000146836740896, 0.00011968970648, 0.000146932012285, 0.000115682058095, 0.000191309460206, 0.000159091403475, 0.000220981746679, 0.000204024021514, 0.000176802306669, 0.000143226163345, 5.13208033226e-005, 1.48042508954e-005, 4.37532116848e-006, 2.39443852479e-006, 1.3020219285e-006, 2.97899820367e-008, 2.60399785068e-010, 5.02715265249e-011]
        median: [2.76524303899e-007, 0.000265100534307, 0.000203426519874, 0.000221367445192, 0.000338615180226, 0.000232422942645, 0.000428164523328, 0.000122152181575, 0.000133440451464, 5.1020670071e-005, 5.69016083318e-005, 5.89216033404e-005, 6.04884880886e-005, 6.4509382355e-005, 0.000109552689537, 0.000101399607956, 0.000123516991152, 9.97511378955e-005, 0.00010048947297, 8.118153346e-005, 1.51765143528e-005, 2.61582613348e-006, 7.72601595145e-007, 5.09030599005e-007, 1.78345729296e-007, 3.21854032315e-009, 1.22191923246e-010, 2.14333811116e-011]
        min: [1.23950716366e-023, 3.61642364164e-023, 7.06422574043e-024, 7.30158294276e-024, 4.30307625699e-023, 1.845996996e-023, 6.39946937945e-023, 4.252763024e-023, 2.62335504705e-023, 5.05710800661e-023, 6.37546087111e-023, 1.01176119016e-022, 1.38970444986e-022, 8.03320031416e-023, 1.68431963793e-022, 2.00314629247e-022, 2.04049942432e-022, 2.84550332667e-022, 2.71449965738e-022, 2.96670442102e-022, 4.99035175691e-022, 4.210045638e-022, 6.98515758081e-022, 6.83442279634e-022, 1.30905572853e-021, 1.50092002927e-021, 2.17673446571e-021, 6.90523650478e-022]
        var: [2.87531196769e-011, 1.02579328143e-007, 3.22822927501e-007, 2.53996802257e-007, 6.80893151639e-007, 4.19549650132e-007, 7.57718794375e-007, 2.29037951271e-007, 3.2427672636e-007, 5.21492111716e-008, 6.62856010081e-008, 4.02525266452e-008, 1.02374748678e-007, 4.94262053508e-008, 8.52432862075e-008, 4.71627181753e-008, 1.12544270792e-007, 1.39572350122e-007, 5.81236960784e-008, 4.97946892608e-008, 2.89257418018e-008, 2.27336949266e-009, 2.39113617795e-010, 8.09639508215e-011, 3.61140978233e-011, 2.06350371902e-014, 1.6354243467e-019, 5.64995700764e-021]
    mfcc:
        mean: [-727.241271973, 154.412185669, -48.8008308411, 48.8274383545, -1.00897836685, -10.430393219, 0.799107015133, -8.28747367859, 0.275572836399, 3.50533509254, -0.63551992178, 0.488766342402, -1.14930045605]
        cov: [[3184.75488281, -540.356018066, -218.363449097, 91.1157531738, -306.330230713, 51.1582336426, -151.95072937, 70.44480896, -30.4203243256, -32.6778106689, -31.499584198, -77.9804077148, -7.24531459808], [-540.356018066, 987.698120117, -321.692108154, -62.6523857117, 77.9205093384, -137.053710938, 63.4509315491, -82.3419265747, 2.9669008255, 30.2701892853, 0.161102160811, 37.9958076477, 36.4853591919], [-218.363449097, -321.692108154, 720.830505371, 141.312667847, 92.2727432251, 197.090286255, 18.4898796082, 121.027740479, 40.539226532, 31.1837120056, 8.46519851685, -33.0381889343, -6.13054990768], [91.1157531738, -62.6523857117, 141.312667847, 336.510559082, 81.1741027832, 96.5260467529, 33.5479774475, 23.8374881744, 66.9285049438, 29.7686138153, -0.306654751301, 0.897067308426, 3.78438425064], [-306.330230713, 77.9205093384, 92.2727432251, 81.1741027832, 199.631942749, 11.7638216019, 10.5591840744, 6.57423782349, 28.1673717499, 35.8484725952, 4.49139165878, 6.00571489334, 15.1460208893], [51.1582336426, -137.053710938, 197.090286255, 96.5260467529, 11.7638216019, 200.416595459, 67.2744064331, 67.137840271, 45.00756073, 19.7923126221, 20.0650787354, -14.4402503967, -7.86758852005], [-151.95072937, 63.4509315491, 18.4898796082, 33.5479774475, 10.5591840744, 67.2744064331, 155.285995483, 44.8161201477, 33.8354568481, 25.1447849274, 15.5121440887, 5.81755065918, -4.20412778854], [70.44480896, -82.3419265747, 121.027740479, 23.8374881744, 6.57423782349, 67.137840271, 44.8161201477, 130.271026611, 25.3862380981, 4.52277421951, 13.1357831955, -12.0783262253, 7.37442874908], [-30.4203243256, 2.9669008255, 40.539226532, 66.9285049438, 28.1673717499, 45.00756073, 33.8354568481, 25.3862380981, 104.495674133, 34.1799583435, -5.41084623337, -3.45042443275, 7.65341377258], [-32.6778106689, 30.2701892853, 31.1837120056, 29.7686138153, 35.8484725952, 19.7923126221, 25.1447849274, 4.52277421951, 34.1799583435, 98.0947113037, 26.7809906006, -3.45878553391, 13.1023979187], [-31.499584198, 0.161102160811, 8.46519851685, -0.306654751301, 4.49139165878, 20.0650787354, 15.5121440887, 13.1357831955, -5.41084623337, 26.7809906006, 87.392250061, 31.2879581451, -4.88692474365], [-77.9804077148, 37.9958076477, -33.0381889343, 0.897067308426, 6.00571489334, -14.4402503967, 5.81755065918, -12.0783262253, -3.45042443275, -3.45878553391, 31.2879581451, 82.7212524414, 16.9883956909], [-7.24531459808, 36.4853591919, -6.13054990768, 3.78438425064, 15.1460208893, -7.86758852005, -4.20412778854, 7.37442874908, 7.65341377258, 13.1023979187, -4.88692474365, 16.9883956909, 69.258972168]]
        icov: [[0.000512905302458, 0.000200474140001, 0.000406495208154, -0.000402144825784, 0.000709571468178, -0.000290669471724, 0.00068400579039, -0.000596316647716, 0.000240362904151, -0.000352603150532, 0.000161930292961, 0.000273795216344, -9.27657602006e-005], [0.000200474140001, 0.00155938602984, 0.000631907139905, 2.00720187422e-005, -0.000506270676851, 0.000586601730902, -0.000808280310594, 0.000349351816112, -4.94694722875e-005, -0.000261099397903, 2.1679445581e-006, 8.5533640231e-005, -0.00062054611044], [0.000406495208154, 0.000631907139905, 0.00282336701639, -0.000499017129187, -0.000594420533162, -0.00211213435978, 0.00131564133335, -0.00185898609925, 0.000732723216061, -0.00087708706269, 0.000677530944813, 0.00022648225422, 0.000231889964198], [-0.000402144825784, 2.00720187422e-005, -0.000499017129187, 0.00445673847571, -0.00190920871682, -0.00128093687817, -0.000558030209504, 0.00107331119943, -0.00188730820082, 0.000233010345255, 0.00033965340117, -0.000754691252951, 0.000157075584866], [0.000709571468178, -0.000506270676851, -0.000594420533162, -0.00190920871682, 0.00769298849627, 0.000570413016248, 0.0011384281097, -0.000773304549512, -0.000122904850286, -0.00196012994274, 0.000256165658357, -1.40600150189e-005, -0.000667556247208], [-0.000290669471724, 0.000586601730902, -0.00211213435978, -0.00128093687817, 0.000570413016248, 0.0103273475543, -0.00387130561285, -0.000525582756381, -0.00207717926241, 0.000982259050943, -0.00251459074207, 0.00150790822227, -9.06035056687e-005], [0.00068400579039, -0.000808280310594, 0.00131564133335, -0.000558030209504, 0.0011384281097, -0.00387130561285, 0.0106075601652, -0.00388140534051, -0.000425936566899, -0.00236382870935, 0.000954010349233, -0.00139461806975, 0.00191640190315], [-0.000596316647716, 0.000349351816112, -0.00185898609925, 0.00107331119943, -0.000773304549512, -0.000525582756381, -0.00388140534051, 0.0124503979459, -0.00229432224296, 0.00290817674249, -0.00311757973395, 0.002405525418, -0.00302814668976], [0.000240362904151, -4.94694722875e-005, 0.000732723216061, -0.00188730820082, -0.000122904850286, -0.00207717926241, -0.000425936566899, -0.00229432224296, 0.0138945290819, -0.00477994559333, 0.0036471541971, -0.0011228119256, 0.000130160333356], [-0.000352603150532, -0.000261099397903, -0.00087708706269, 0.000233010345255, -0.00196012994274, 0.000982259050943, -0.00236382870935, 0.00290817674249, -0.00477994559333, 0.0155916968361, -0.0069853537716, 0.00422536116093, -0.00385336019099], [0.000161930292961, 2.1679445581e-006, 0.000677530944813, 0.00033965340117, 0.000256165658357, -0.00251459074207, 0.000954010349233, -0.00311757973395, 0.0036471541971, -0.0069853537716, 0.0179035495967, -0.00836399756372, 0.00433872733265], [0.000273795216344, 8.5533640231e-005, 0.00022648225422, -0.000754691252951, -1.40600150189e-005, 0.00150790822227, -0.00139461806975, 0.002405525418, -0.0011228119256, 0.00422536116093, -0.00836399756372, 0.0175838191062, -0.00570009322837], [-9.27657602006e-005, -0.00062054611044, 0.000231889964198, 0.000157075584866, -0.000667556247208, -9.06035056687e-005, 0.00191640190315, -0.00302814668976, 0.000130160333356, -0.00385336019099, 0.00433872733265, -0.00570009322837, 0.0177610497922]]
    sccoeffs:
        dmean: [0.0425585247576, 0.0443420112133, 0.0358256697655, 0.0293634403497, 0.0212123673409, 0.0176225379109]
        dmean2: [0.0693442225456, 0.0717910826206, 0.0573146268725, 0.0479889772832, 0.0341795794666, 0.02825002186]
        dvar: [0.00137295131572, 0.00142711109947, 0.000848330033477, 0.000578254461288, 0.000315761077218, 0.000287811591988]
        dvar2: [0.00369503512047, 0.00363110308535, 0.002079061931, 0.00146805169061, 0.000757536909077, 0.000727250357158]
        max: [-0.298824101686, -0.328620374203, -0.422481179237, -0.517952620983, -0.590850830078, -0.616988360882]
        mean: [-0.631690502167, -0.674475431442, -0.726075947285, -0.751400411129, -0.776288151741, -0.77011346817]
        median: [-0.63369345665, -0.678361177444, -0.733255684376, -0.756629407406, -0.781611680984, -0.771766662598]
        min: [-0.979635119438, -0.963109612465, -0.961332857609, -0.954632937908, -0.960064411163, -0.960733294487]
        var: [0.00447268038988, 0.00530233746395, 0.0051258909516, 0.00297562615015, 0.00185275217518, 0.00126673677005]
    scvalleys:
        dmean: [0.320806592703, 0.316650122404, 0.282040089369, 0.261427164078, 0.263830691576, 0.281534582376]
        dmean2: [0.520892977715, 0.518330395222, 0.456622391939, 0.41617706418, 0.39687949419, 0.372563481331]
        dvar: [0.0908855125308, 0.0903887450695, 0.0716752633452, 0.0711227282882, 0.109324589372, 0.125387132168]
        dvar2: [0.210862085223, 0.211767628789, 0.151353895664, 0.145367100835, 0.223099678755, 0.218249469995]
        max: [-4.82457017899, -4.83199310303, -5.12416696548, -5.63648223877, -5.52311897278, -7.28386831284]
        mean: [-6.55121898651, -6.55072021484, -7.2510137558, -7.33654117584, -7.58285474777, -10.6134223938]
        median: [-6.36453723907, -6.42270898819, -7.1432723999, -7.2393245697, -7.50923919678, -10.5220336914]
        min: [-26.9506416321, -27.4648323059, -27.4241771698, -27.5314846039, -27.4733524323, -27.1923789978]
        var: [0.760731041431, 0.51041328907, 0.472500830889, 0.46314099431, 0.592319309711, 1.32022750378]

rhythm:
    beats_loudness:
        dmean: 0.00264462293126
        dmean2: 0.00491832289845
        dvar: 3.98701013182e-006
        dvar2: 1.24890711959e-005
        max: 0.0133212385699
        mean: 0.00620056735352
        median: 0.00590053293854
        min: 3.51286587374e-007
        var: 6.05478817306e-006
    bpm: 93.9739379883
    bpm_confidence: 0
    first_peak_bpm: 94
    first_peak_spread: 0.329044103622
    first_peak_weight: 0.670955896378
    onset_rate: 3.16570854187
    second_peak_bpm: 0
    second_peak_spread: 0
    second_peak_weight: 0
    beats_loudness_band_ratio:
        dmean: [0.194210097194, 0.10579302907, 0.117112897336, 0.0576357096434, 0.0983221754432, 0.0691129341722]
        dmean2: [0.364497482777, 0.180873468518, 0.203914359212, 0.0993013978004, 0.178297877312, 0.130838438869]
        dvar: [0.0302143134177, 0.00947002321482, 0.0092490836978, 0.00358345755376, 0.00670919055119, 0.00338737852871]
        dvar2: [0.103136457503, 0.0262143611908, 0.0239298213273, 0.0100463116542, 0.0211983025074, 0.0113172028214]
        max: [0.897433519363, 0.727924227715, 0.794894099236, 0.444932252169, 0.63853597641, 0.552911639214]
        mean: [0.324097782373, 0.17463812232, 0.216867059469, 0.0881928876042, 0.162673294544, 0.0765210539103]
        median: [0.285485953093, 0.145672976971, 0.192728638649, 0.0639180466533, 0.140054434538, 0.0646552070975]
        min: [0.00025813706452, 0.00841062795371, 0.0135115031153, 0.00178294454236, 0.0085256556049, 0.000932279799599]
        var: [0.0412598438561, 0.0131728937849, 0.0187148842961, 0.00531723955646, 0.0102838119492, 0.00367306964472]
    beats_position: [0.638548731804, 1.27709746361, 1.92725622654, 2.57741498947, 3.22757363319, 3.87773227692, 4.52789115906, 5.16644001007, 5.81659841537, 6.45514726639, 7.10530614853, 7.73224496841, 8.38240337372, 9.0093421936, 9.64789104462, 10.2864398956, 10.9249887466, 11.5635375977, 12.2136955261, 12.840634346, 13.4907932281, 14.117732048, 14.756280899, 15.3948297501, 16.0333786011, 16.6719264984, 17.3220863342, 17.9490242004, 18.5991840363, 19.2261219025, 19.8762817383, 20.5032196045, 21.1417675018, 21.7803173065, 22.4188652039, 23.0574150085, 23.707572937, 24.3345127106, 24.9730606079, 25.6116104126, 26.2501583099, 26.8887062073, 27.5388660431, 28.1658039093, 28.804353714, 29.4429016113, 30.0930614471, 30.7199993134, 31.3701572418, 31.9970970154, 32.6356468201, 33.2741928101, 33.9243545532, 34.5512924194, 35.1898422241, 35.8283882141, 36.4669380188, 37.1054878235, 37.7440338135, 38.3825836182, 39.0211334229, 39.6596832275, 40.2866210938, 40.9251708984, 41.5637168884, 42.2022666931, 42.8408164978, 43.4793624878, 44.1179122925, 44.7564620972, 45.3950119019, 46.0335578918, 46.683719635, 47.3106575012, 47.9492073059, 48.5877532959, 49.2263031006, 49.8648529053, 50.5033988953, 51.1419487, 51.7804985046, 52.4190483093, 53.0575942993, 53.696144104, 54.3346939087, 54.9616317749, 55.6001815796, 56.2387275696, 56.8888893127, 57.515827179, 58.1659851074, 58.8045349121, 59.4430847168, 60.0816307068, 60.7201805115, 61.3471183777, 61.9972763062, 62.6358261108, 63.2743759155, 63.9129257202, 64.5514755249, 65.1784133911, 65.8285675049, 66.4555053711, 67.1056671143, 67.7326049805, 68.3827667236, 69.0097045898, 69.659866333, 70.2868041992, 70.936958313, 71.5755081177, 72.2140579224, 72.8409957886, 73.4795455933, 74.1180953979, 74.7682495117, 75.3951950073, 76.0337371826, 76.6722869873, 77.3224487305, 77.9609985352, 78.5995483398, 79.2264862061, 79.8650360107, 80.503578186, 81.1421279907, 81.7806777954, 82.4308395386, 83.0693893433, 83.7079315186, 84.3464813232, 84.9850311279, 85.6235809326, 86.2621307373, 86.900680542, 87.5392303467, 88.1661682129, 88.8047180176, 89.4432601929, 90.093421936, 90.7319717407, 91.3821334839, 92.0206756592, 92.6592254639, 93.2977752686, 93.9363250732, 94.5748748779, 95.2134246826, 95.8403625488, 96.4789123535, 97.1174621582, 97.7560043335, 98.3945541382, 99.0331039429, 99.6716537476, 100.310203552, 100.948753357, 101.587303162, 102.225845337, 102.864395142, 103.491333008, 104.141494751, 104.780044556, 105.41859436, 106.045532227, 106.684082031, 107.322631836, 107.961174011, 108.599723816, 109.238273621, 109.876823425, 110.526985168, 111.165527344, 111.804077148, 112.431015015, 113.081176758, 113.719726563, 114.358276367, 114.985214233, 115.623764038, 116.262313843, 116.912467957, 117.539405823, 118.177955627, 118.793289185, 119.443443298, 120.093605042, 120.732154846, 121.370697021, 122.009246826, 122.647796631, 123.286346436, 123.92489624, 124.575057983, 125.20199585, 125.852149963, 126.47908783, 127.129249573, 127.756187439, 128.406341553, 129.033279419, 129.671829224, 130.310379028, 130.948928833, 131.587478638, 132.237640381, 132.876190186, 133.51473999, 134.141677856, 134.7918396, 135.418777466, 136.057327271, 136.695877075, 137.334411621, 137.972961426, 138.623123169, 139.250061035, 139.900222778, 140.527160645, 141.165710449, 141.804260254, 142.442810059, 143.081359863, 143.719909668, 144.358459473, 144.997009277, 145.635559082, 146.262496948, 146.901046753, 147.539596558, 148.166534424, 148.816680908, 149.455230713, 150.093780518, 150.732330322, 151.382492065, 152.02104187, 152.659591675, 153.309753418, 153.948303223, 154.575241089, 155.213790894, 155.852325439, 156.490875244, 157.129425049, 157.779586792, 158.418136597, 159.056686401, 159.695236206, 160.333786011, 160.972335815, 161.61088562, 162.237823486, 162.887985229, 163.514923096, 164.1534729, 164.792022705, 165.430557251, 166.069107056, 166.70765686, 167.346206665, 167.98475647, 168.623306274, 169.273468018, 169.900405884, 170.52734375, 171.165893555, 171.804443359, 172.442993164, 173.093154907, 173.731704712, 174.370239258, 175.008789063, 175.647338867, 176.274276733, 176.924438477, 177.562988281, 178.201538086, 178.840087891, 179.490249634, 180.1171875, 180.744125366, 181.382675171, 182.021224976, 182.65977478, 183.298324585, 183.93687439, 184.575408936, 185.21395874, 185.864120483, 186.502670288, 187.141220093, 187.768157959, 188.406707764, 189.03364563, 189.660583496, 190.287521362, 190.926071167, 191.564620972, 192.214782715, 192.864944458, 193.503494263, 194.142044067, 194.780578613, 195.419128418, 196.057678223, 196.696228027, 197.334777832, 197.973327637, 198.600265503, 199.238815308, 199.877365112, 200.515914917, 201.154464722, 201.793014526, 202.431564331, 203.081726074, 203.720275879, 204.370422363, 205.008972168, 205.647521973, 206.286071777, 206.913009644, 207.53994751, 208.178497314, 208.817047119, 209.455596924, 210.094146729, 210.744308472, 211.394470215, 212.033004761, 212.659957886, 213.298492432, 213.948654175, 214.587203979, 215.225753784, 215.85269165, 216.502853394, 217.141403198, 217.779953003, 218.406890869, 219.057052612, 219.695602417, 220.334152222, 220.961090088, 221.611236572, 222.249786377, 222.888336182, 223.515274048, 224.165435791, 224.803985596, 225.4425354, 226.069473267, 226.71963501, 227.358184814, 227.996734619, 228.623672485, 229.26222229, 229.900772095, 230.539321899, 231.166259766, 231.81640625, 232.454956055, 233.093505859, 233.732055664, 234.382217407, 235.020767212, 235.659317017, 236.286254883, 236.924804688, 237.551742554, 238.201904297, 238.840454102, 239.490600586, 240.129150391, 240.767700195, 241.40625, 242.044799805, 242.671737671, 243.310287476, 243.937225342, 244.575775146, 245.22593689, 245.864486694, 246.503036499, 247.153198242, 247.791748047, 248.430297852, 249.057235718, 249.695770264, 250.334320068, 250.972869873, 251.611419678, 252.249969482, 252.888519287, 253.515457153, 254.154006958, 254.792556763, 255.431106567, 256.069641113, 256.719818115, 257.35836792, 257.996917725, 258.635467529, 259.262390137, 259.900939941, 260.539489746, 261.178039551, 261.816589355, 262.45513916, 263.093688965, 263.73223877, 264.370788574, 265.009338379, 265.647888184, 266.286437988, 266.913360596, 267.563537598, 268.202087402, 268.852233887, 269.490783691, 270.129333496, 270.767883301, 271.406433105, 272.03338623, 272.671936035, 273.31048584, 273.949005127, 274.575958252, 275.226104736, 275.864654541, 276.503204346, 277.14175415, 277.780303955, 278.41885376, 279.057403564, 279.695953369, 280.346130371, 280.984680176, 281.62322998, 282.261749268, 282.900299072, 283.538848877, 284.177398682, 284.804351807, 285.442901611, 286.081451416, 286.720001221, 287.346923828, 287.985473633, 288.624023438, 289.262573242, 289.901123047, 290.551300049, 291.189849854, 291.828399658, 292.455322266, 293.10546875, 293.744018555, 294.382568359, 295.009521484, 295.659667969, 296.298217773, 296.936767578, 297.563720703, 298.213867188, 298.852416992, 299.490966797, 300.117919922, 300.768066406, 301.406616211, 302.045166016, 302.672088623, 303.322265625, 303.96081543, 304.599365234, 305.226287842, 305.864837646, 306.503387451, 307.141937256, 307.780487061, 308.419036865, 309.05758667, 309.696136475, 310.334686279, 310.973236084, 311.611785889, 312.250335693, 312.888885498, 313.527435303, 314.165985107, 314.804534912, 315.443084717, 316.093231201, 316.731781006, 317.370330811, 317.997283936, 318.63583374, 319.274383545, 319.91293335, 320.551483154, 321.201629639, 321.840179443, 322.478729248, 323.105651855, 323.755828857, 324.394378662, 325.032928467, 325.659851074, 326.298400879, 326.936950684, 327.575500488, 328.214050293, 328.852600098, 329.491149902, 330.129699707, 330.768249512, 331.406799316, 332.045349121, 332.683898926, 333.32244873, 333.949371338, 334.587921143, 335.226470947, 335.876647949, 336.515197754, 337.153747559, 337.792297363, 338.430847168, 339.069366455, 339.70791626, 340.346466064, 340.985015869, 341.635192871, 342.273742676, 342.91229248, 343.539215088, 344.177764893, 344.816314697, 345.454864502, 346.093414307, 346.731964111, 347.370513916, 348.009063721]
