
metadata:
    version:
        essentia: "2.1-beta2"
    audio_properties:
        analysis_sample_rate: 44100
        bitrate: 320
        channels: 2
        equal_loudness: 1
        length: 252.6040802
        replay_gain: -12.715587616
        downmix: "mix"
    tags:
        album: "La Gárgola"
        artist: "Chevelle"
        comment: "For Quality Need's Visit : http://www.bubaneemusic2.com"
        date: "2014"
        genre: "Alternative"
        title: "The Damned"
        tracknumber: "8/10"

configuration:
    average_loudness:
        compute: 1
        frameSize: 88200
        hopSize: 44100
        silentFrames: "noise"
        windowType: "hann"
    general:
        analysisSampleRate: 44100
        endTime: 2000
        equalLoudness: 1
        nequalLoudness: 0
        shortSound: 0
        startTime: 0
    lowlevel:
        compute: 1
        frameSize: 2048
        hopSize: 1024
        zeroPadding: 0
        silentFrames: "noise"
        windowType: "blackmanharris62"
        mfccStats: ["mean", "cov", "icov"]
        stats: ["mean", "var", "median", "min", "max", "dmean", "dmean2", "dvar", "dvar2"]
    panning:
        compute: 0
        frameSize: 8192
        hopSize: 2048
        zeroPadding: 8192
        silentFrames: "noise"
        windowType: "hann"
        stats: ["copy"]
    rhythm:
        compute: 1
        maxTempo: 208
        minTempo: 40
        method: "degara"
        stats: ["mean", "var", "median", "min", "max", "dmean", "dmean2", "dvar", "dvar2"]
    segmentation:
        compute: 0
        cpw: 5
        inc1: 300
        inc2: 50
        minimumSegmentsLength: 10
        size1: 1000
        size2: 600
    sfx:
        compute: 1
        stats: ["mean", "var", "median", "min", "max", "dmean", "dmean2", "dvar", "dvar2"]
    svm:
        compute: 0
    tonal:
        compute: 1
        frameSize: 4096
        hopSize: 2048
        zeroPadding: 0
        silentFrames: "noise"
        windowType: "blackmanharris62"
        stats: ["mean", "var", "median", "min", "max", "dmean", "dmean2", "dvar", "dvar2"]

lowlevel:
    average_loudness: 0.777210772038
    barkbands_kurtosis:
        dmean: 0.420642435551
        dmean2: 0.683552384377
        dvar: 0.615114629269
        dvar2: 1.36102342606
        max: 15.8787584305
        mean: -1.02796030045
        median: -1.40250217915
        min: -1.89227604866
        var: 1.69986307621
    barkbands_skewness:
        dmean: 0.321049422026
        dmean2: 0.515655100346
        dvar: 0.111988544464
        dvar2: 0.285353094339
        max: 3.9831867218
        mean: -0.000214983243495
        median: -0.0222492665052
        min: -3.05162239075
        var: 0.468770563602
    barkbands_spread:
        dmean: 4.3289308548
        dmean2: 7.01554393768
        dvar: 20.3496704102
        dvar2: 51.7899894714
        max: 67.6592483521
        mean: 37.1779212952
        median: 38.2258987427
        min: 5.95816421509
        var: 86.1015472412
    dissonance:
        dmean: 0.00922436546534
        dmean2: 0.0157096814364
        dvar: 8.35991086205e-005
        dvar2: 0.000234704639297
        max: 0.500000178814
        mean: 0.483457267284
        median: 0.486694037914
        min: 0.360930114985
        var: 0.000166602883837
    hfc:
        dmean: 2.39208078384
        dmean2: 4.04163789749
        dvar: 12.3532247543
        dvar2: 33.8755531311
        max: 48.5323410034
        mean: 8.76321792603
        median: 7.42591953278
        min: 1.14199642162e-016
        var: 33.6192054749
    pitch:
        dmean: 809.679077148
        dmean2: 1555.74902344
        dvar: 1681436.25
        dvar2: 4161034.75
        max: 4533.06396484
        mean: 1771.78186035
        median: 817.391174316
        min: 61.5915107727
        var: 2704862
    pitch_instantaneous_confidence:
        dmean: 0.0732078328729
        dmean2: 0.120434649289
        dvar: 0.00385940656997
        dvar2: 0.0096647106111
        max: 0.899159252644
        mean: 0.359582751989
        median: 0.335223048925
        min: 0.1118054986
        var: 0.0173486340791
    pitch_salience:
        dmean: 0.0489118136466
        dmean2: 0.0801361203194
        dvar: 0.00185389339458
        dvar2: 0.00491528771818
        max: 0.855101108551
        mean: 0.666079819202
        median: 0.679687857628
        min: 0.234726428986
        var: 0.00652189459652
    silence_rate_20dB:
        dmean: 0
        dmean2: 0
        dvar: 0
        dvar2: 0
        max: 1
        mean: 1
        median: 1
        min: 1
        var: 0
    silence_rate_30dB:
        dmean: 0
        dmean2: 0
        dvar: 0
        dvar2: 0
        max: 1
        mean: 1
        median: 1
        min: 1
        var: 0
    silence_rate_60dB:
        dmean: 0.0788675397635
        dmean2: 0.157749593258
        dvar: 0.0726521834731
        dvar2: 0.155304729939
        max: 1
        mean: 0.216084554791
        median: 0
        min: 0
        var: 0.169414192438
    spectral_centroid:
        dmean: 243.959259033
        dmean2: 400.231018066
        dvar: 77502.34375
        dvar2: 200825.59375
        max: 10981.6923828
        mean: 1702.13781738
        median: 1709.69958496
        min: 282.6690979
        var: 234850.125
    spectral_complexity:
        dmean: 4.22281455994
        dmean2: 6.94355583191
        dvar: 20.3370285034
        dvar2: 52.0853729248
        max: 50
        mean: 17.9224262238
        median: 17
        min: 0
        var: 85.429977417
    spectral_crest:
        dmean: 1.46520829201
        dmean2: 2.42161345482
        dvar: 1.96463942528
        dvar2: 4.93216180801
        max: 21.7219219208
        mean: 6.23358154297
        median: 5.61792945862
        min: 2.36144852638
        var: 5.8365149498
    spectral_decrease:
        dmean: 2.17300386018e-010
        dmean2: 3.57280122154e-010
        dvar: 7.58681204416e-020
        dvar2: 2.01240079563e-019
        max: -8.53465743723e-029
        mean: -1.09598841114e-009
        median: -1.01460972957e-009
        min: -4.15578682578e-009
        var: 2.74951164999e-019
    spectral_energy:
        dmean: 0.00100752420258
        dmean2: 0.00166651012842
        dvar: 1.72370505425e-006
        dvar2: 4.5936094466e-006
        max: 0.0186941064894
        mean: 0.00493135908619
        median: 0.00450721569359
        min: 1.06803581599e-020
        var: 6.02835189056e-006
    spectral_energyband_high:
        dmean: 0.000195477347006
        dmean2: 0.000346845627064
        dvar: 1.29253052705e-007
        dvar2: 3.68230246295e-007
        max: 0.00552930263802
        mean: 0.000415993999923
        median: 0.000332453812007
        min: 7.90945254962e-021
        var: 1.35846221383e-007
    spectral_energyband_low:
        dmean: 0.000210473415791
        dmean2: 0.000344262341969
        dvar: 7.32285840854e-008
        dvar2: 1.96463432189e-007
        max: 0.00353654357605
        mean: 0.00046657200437
        median: 0.000381451915018
        min: 9.06247888648e-023
        var: 1.45443948441e-007
    spectral_energyband_middle_high:
        dmean: 0.000636140117422
        dmean2: 0.00104276044294
        dvar: 6.18981516709e-007
        dvar2: 1.58474540513e-006
        max: 0.012643202208
        mean: 0.00250170752406
        median: 0.00203656638041
        min: 1.52660836957e-021
        var: 3.22099253935e-006
    spectral_energyband_middle_low:
        dmean: 0.000506317883264
        dmean2: 0.000820186804049
        dvar: 4.3057607968e-007
        dvar2: 1.1557264088e-006
        max: 0.0116871334612
        mean: 0.00176152819768
        median: 0.0016298686387
        min: 4.09421283678e-022
        var: 9.62036665442e-007
    spectral_flatness_db:
        dmean: 0.012032693252
        dmean2: 0.0185075160116
        dvar: 0.000125698745251
        dvar2: 0.000265186390607
        max: 0.365968197584
        mean: 0.143209710717
        median: 0.135233566165
        min: 0.0602224543691
        var: 0.00125565007329
    spectral_flux:
        dmean: 0.00656531378627
        dmean2: 0.0099017098546
        dvar: 5.42738489457e-005
        dvar2: 0.000100541372376
        max: 0.112095765769
        mean: 0.0389100424945
        median: 0.0373908281326
        min: 1.03345818014e-010
        var: 0.000218010973185
    spectral_kurtosis:
        dmean: 1.08563756943
        dmean2: 1.87459635735
        dvar: 1.63099551201
        dvar2: 4.73207044601
        max: 19.8094558716
        mean: 3.62944197655
        median: 3.33125352859
        min: -1.18243563175
        var: 3.25951933861
    spectral_rms:
        dmean: 0.000215390406083
        dmean2: 0.000350715592504
        dvar: 6.42877395762e-008
        dvar2: 1.67236919424e-007
        max: 0.00427061505616
        mean: 0.00211360980757
        median: 0.00209697009996
        min: 3.22798103351e-012
        var: 3.43775042211e-007
    spectral_rolloff:
        dmean: 289.275848389
        dmean2: 482.118041992
        dvar: 143587.53125
        dvar2: 331614.5
        max: 18109.4238281
        mean: 3362.07348633
        median: 3509.91210938
        min: 172.265625
        var: 479469.96875
    spectral_skewness:
        dmean: 0.16929744184
        dmean2: 0.286449313164
        dvar: 0.0287750866264
        dvar2: 0.0814540237188
        max: 3.12446284294
        mean: 1.24711406231
        median: 1.23601150513
        min: 0.00846398435533
        var: 0.10975715518
    spectral_spread:
        dmean: 396838.40625
        dmean2: 599662.0625
        dvar: 373682077696
        dvar2: 652289900544
        max: 40060716
        mean: 4242067
        median: 4092953.75
        min: 1439613.25
        var: 1.52981929984e+012
    spectral_strongpeak:
        dmean: 0.306173533201
        dmean2: 0.537984132767
        dvar: 0.397537499666
        dvar2: 1.06099021435
        max: 8.1890039444
        mean: 0.457869589329
        median: 0.21438279748
        min: 3.59480201162e-009
        var: 0.580687701702
    zerocrossingrate:
        dmean: 0.00677081244066
        dmean2: 0.00863963365555
        dvar: 5.11188081873e-005
        dvar2: 6.91972454661e-005
        max: 0.49560546875
        mean: 0.0976005122066
        median: 0.099609375
        min: 0.013671875
        var: 0.000439130730228
    barkbands:
        dmean: [5.39578650205e-007, 8.04771043477e-005, 0.000105652216007, 0.000213010964217, 0.000274400226772, 0.000105335282569, 7.92336577433e-005, 5.14635394211e-005, 0.000113114459964, 7.60961265769e-005, 5.73932957195e-005, 6.68127831887e-005, 4.49499239039e-005, 5.90345698583e-005, 9.17984216358e-005, 0.000124871730804, 0.000164839308127, 0.000159114206326, 0.000240889334236, 0.00018639244081, 9.83655118034e-005, 1.8798336896e-005, 3.81057725463e-006, 1.53336270614e-006, 7.15597138878e-007, 4.02779889441e-008, 3.24704374499e-010]
        dmean2: [8.82533356616e-007, 0.000131822293042, 0.000178080881597, 0.000350839138264, 0.000449769839179, 0.000169140752405, 0.000131562177557, 8.58949642861e-005, 0.000180772025487, 0.000125280246721, 9.40345707932e-005, 0.000108794476546, 7.33780834707e-005, 9.54398783506e-005, 0.000150716863573, 0.000202683513635, 0.000271356955636, 0.000266600720352, 0.000404725171393, 0.000326351291733, 0.000174793618498, 3.25382534356e-005, 6.39620839138e-006, 2.39051723838e-006, 1.11017732252e-006, 6.67838904178e-008, 5.61865443061e-010]
        dvar: [9.68493622973e-013, 2.32441497161e-008, 2.1968643793e-008, 1.00885664267e-007, 1.64627536492e-007, 2.72057114614e-008, 1.84071797804e-008, 8.79917916308e-009, 2.30705037296e-008, 2.36891910532e-008, 1.13171756411e-008, 2.51275231733e-008, 8.2883344632e-009, 1.33191235818e-008, 3.25806190915e-008, 5.52321672842e-008, 7.77686395281e-008, 4.5317246844e-008, 8.77076828942e-008, 8.99560745893e-008, 2.84373431469e-008, 1.83519865971e-009, 6.36138711152e-011, 1.27803930633e-011, 3.95162418412e-012, 7.97637289199e-015, 2.13222088004e-019]
        dvar2: [2.41980437424e-012, 5.68302667148e-008, 6.11332779954e-008, 2.72763287512e-007, 4.43873886979e-007, 6.73370408322e-008, 4.80358437471e-008, 2.2177268022e-008, 5.73535992032e-008, 6.41070130314e-008, 2.95241928683e-008, 6.75581617315e-008, 2.06777226452e-008, 3.29528120346e-008, 7.98797756829e-008, 1.42365848887e-007, 1.9147002206e-007, 1.15794762223e-007, 2.39672601765e-007, 2.54981245007e-007, 8.10724003486e-008, 5.13505060695e-009, 1.61749044714e-010, 2.44694819962e-011, 7.35843330713e-012, 2.12291020537e-014, 5.82181812631e-019]
        max: [1.14415497592e-005, 0.00144813582301, 0.00214930530638, 0.0054477751255, 0.00848435796797, 0.00475926650688, 0.00289135263301, 0.00255691469647, 0.00320198666304, 0.00521565275267, 0.00230892910622, 0.00379407452419, 0.00273726577871, 0.00230926088989, 0.00518739083782, 0.00564768677577, 0.00924458447844, 0.00441017560661, 0.00669862469658, 0.00534463953227, 0.00210683746263, 0.000841309200041, 0.000223529146751, 0.000102915451862, 7.40750110708e-005, 1.38640814384e-006, 6.25545570898e-009]
        mean: [5.84624388011e-007, 8.92971511348e-005, 0.0001997074869, 0.000421498029027, 0.000620578881353, 0.000230795543757, 0.000136281931191, 8.19338602014e-005, 0.000219681896851, 0.000145881669596, 0.000105429033283, 0.000134183632326, 7.83236464486e-005, 0.000106135899841, 0.000182085917913, 0.000270576012554, 0.000351929687895, 0.000341877370374, 0.00060590042267, 0.000377570133423, 0.000183368712896, 3.51820308424e-005, 7.59874774303e-006, 3.46607544088e-006, 1.44269483826e-006, 5.78612500135e-008, 4.28947793951e-010]
        median: [2.18337049773e-007, 4.0928433009e-005, 0.000154067776748, 0.000297149177641, 0.000454778433777, 0.000141326250741, 8.21114808787e-005, 4.71824896522e-005, 0.000147727114381, 6.3816733018e-005, 5.10287136422e-005, 5.39204302186e-005, 4.33027962572e-005, 5.59182735742e-005, 9.32774710236e-005, 0.00015607518435, 0.000213878287468, 0.000263590278337, 0.000502115231939, 0.000300452258671, 0.000141192373121, 2.35094339587e-005, 4.66862638859e-006, 1.8083374016e-006, 7.14652685474e-007, 2.38642847705e-008, 2.46597603448e-010]
        min: [5.5439352127e-023, 2.54055873079e-023, 1.92627179726e-023, 4.58192501858e-023, 4.42971525355e-023, 5.59719405231e-023, 5.12990282877e-023, 5.81220598063e-023, 1.52442245494e-022, 9.61187569967e-023, 1.21837181296e-022, 7.75778183533e-023, 1.33428198566e-022, 1.16130978026e-022, 9.47099397724e-023, 2.0486684892e-022, 1.876436046e-022, 1.8332036916e-022, 1.90788420687e-022, 3.23142493623e-022, 4.16822742722e-022, 6.7607510133e-022, 5.10975273378e-022, 9.20514292968e-022, 1.12187703437e-021, 1.72628958769e-021, 2.56245649978e-021]
        var: [1.03045859606e-012, 2.23315232972e-008, 3.642279367e-008, 2.02642056024e-007, 3.43814775761e-007, 8.47759835665e-008, 3.29662235288e-008, 1.40280409511e-008, 5.31728119313e-008, 5.81383190479e-008, 2.62365542625e-008, 6.66647963499e-008, 1.36271660622e-008, 2.64009347717e-008, 7.58961462566e-008, 2.00911358661e-007, 2.60324668488e-007, 9.92923858689e-008, 2.94594258321e-007, 1.069717257e-007, 2.91932256147e-008, 1.95749505494e-009, 1.09121184311e-010, 3.87084739262e-011, 1.03992882014e-011, 8.9358367575e-015, 2.86862565819e-019]
    frequency_bands:
        dmean: [5.39578650205e-007, 8.04771043477e-005, 0.000105652216007, 0.000213010964217, 0.000274400226772, 0.000105335282569, 7.92336577433e-005, 5.14635394211e-005, 0.000113114459964, 7.60961265769e-005, 5.73932957195e-005, 6.68127831887e-005, 4.49499239039e-005, 5.90345698583e-005, 9.17984216358e-005, 0.000124871730804, 0.000164839308127, 0.000159114206326, 0.000240889334236, 0.00018639244081, 9.83655118034e-005, 1.8798336896e-005, 3.81057725463e-006, 1.53336270614e-006, 7.15597138878e-007, 4.02779889441e-008, 3.24704374499e-010, 5.79464705386e-011]
        dmean2: [8.82533356616e-007, 0.000131822293042, 0.000178080881597, 0.000350839138264, 0.000449769839179, 0.000169140752405, 0.000131562177557, 8.58949642861e-005, 0.000180772025487, 0.000125280246721, 9.40345707932e-005, 0.000108794476546, 7.33780834707e-005, 9.54398783506e-005, 0.000150716863573, 0.000202683513635, 0.000271356955636, 0.000266600720352, 0.000404725171393, 0.000326351291733, 0.000174793618498, 3.25382534356e-005, 6.39620839138e-006, 2.39051723838e-006, 1.11017732252e-006, 6.67838904178e-008, 5.61865443061e-010, 1.0808000328e-010]
        dvar: [9.68493622973e-013, 2.32441497161e-008, 2.1968643793e-008, 1.00885664267e-007, 1.64627536492e-007, 2.72057114614e-008, 1.84071797804e-008, 8.79917916308e-009, 2.30705037296e-008, 2.36891910532e-008, 1.13171756411e-008, 2.51275231733e-008, 8.2883344632e-009, 1.33191235818e-008, 3.25806190915e-008, 5.52321672842e-008, 7.77686395281e-008, 4.5317246844e-008, 8.77076828942e-008, 8.99560745893e-008, 2.84373431469e-008, 1.83519865971e-009, 6.36138711152e-011, 1.27803930633e-011, 3.95162418412e-012, 7.97637289199e-015, 2.13222088004e-019, 7.19875657721e-021]
        dvar2: [2.41980437424e-012, 5.68302667148e-008, 6.11332779954e-008, 2.72763287512e-007, 4.43873886979e-007, 6.73370408322e-008, 4.80358437471e-008, 2.2177268022e-008, 5.73535992032e-008, 6.41070130314e-008, 2.95241928683e-008, 6.75581617315e-008, 2.06777226452e-008, 3.29528120346e-008, 7.98797756829e-008, 1.42365848887e-007, 1.9147002206e-007, 1.15794762223e-007, 2.39672601765e-007, 2.54981245007e-007, 8.10724003486e-008, 5.13505060695e-009, 1.61749044714e-010, 2.44694819962e-011, 7.35843330713e-012, 2.12291020537e-014, 5.82181812631e-019, 2.28105749098e-020]
        max: [1.14415497592e-005, 0.00144813582301, 0.00214930530638, 0.0054477751255, 0.00848435796797, 0.00475926650688, 0.00289135263301, 0.00255691469647, 0.00320198666304, 0.00521565275267, 0.00230892910622, 0.00379407452419, 0.00273726577871, 0.00230926088989, 0.00518739083782, 0.00564768677577, 0.00924458447844, 0.00441017560661, 0.00669862469658, 0.00534463953227, 0.00210683746263, 0.000841309200041, 0.000223529146751, 0.000102915451862, 7.40750110708e-005, 1.38640814384e-006, 6.25545570898e-009, 1.18239307234e-009]
        mean: [5.84624388011e-007, 8.92971511348e-005, 0.0001997074869, 0.000421498029027, 0.000620578881353, 0.000230795543757, 0.000136281931191, 8.19338602014e-005, 0.000219681896851, 0.000145881669596, 0.000105429033283, 0.000134183632326, 7.83236464486e-005, 0.000106135899841, 0.000182085917913, 0.000270576012554, 0.000351929687895, 0.000341877370374, 0.00060590042267, 0.000377570133423, 0.000183368712896, 3.51820308424e-005, 7.59874774303e-006, 3.46607544088e-006, 1.44269483826e-006, 5.78612500135e-008, 4.28947793951e-010, 4.51381362843e-011]
        median: [2.18337049773e-007, 4.0928433009e-005, 0.000154067776748, 0.000297149177641, 0.000454778433777, 0.000141326250741, 8.21114808787e-005, 4.71824896522e-005, 0.000147727114381, 6.3816733018e-005, 5.10287136422e-005, 5.39204302186e-005, 4.33027962572e-005, 5.59182735742e-005, 9.32774710236e-005, 0.00015607518435, 0.000213878287468, 0.000263590278337, 0.000502115231939, 0.000300452258671, 0.000141192373121, 2.35094339587e-005, 4.66862638859e-006, 1.8083374016e-006, 7.14652685474e-007, 2.38642847705e-008, 2.46597603448e-010, 1.71948948136e-011]
        min: [5.5439352127e-023, 2.54055873079e-023, 1.92627179726e-023, 4.58192501858e-023, 4.42971525355e-023, 5.59719405231e-023, 5.12990282877e-023, 5.81220598063e-023, 1.52442245494e-022, 9.61187569967e-023, 1.21837181296e-022, 7.75778183533e-023, 1.33428198566e-022, 1.16130978026e-022, 9.47099397724e-023, 2.0486684892e-022, 1.876436046e-022, 1.8332036916e-022, 1.90788420687e-022, 3.23142493623e-022, 4.16822742722e-022, 6.7607510133e-022, 5.10975273378e-022, 9.20514292968e-022, 1.12187703437e-021, 1.72628958769e-021, 2.56245649978e-021, 5.07728145188e-022]
        var: [1.03045859606e-012, 2.23315232972e-008, 3.642279367e-008, 2.02642056024e-007, 3.43814775761e-007, 8.47759835665e-008, 3.29662235288e-008, 1.40280409511e-008, 5.31728119313e-008, 5.81383190479e-008, 2.62365542625e-008, 6.66647963499e-008, 1.36271660622e-008, 2.64009347717e-008, 7.58961462566e-008, 2.00911358661e-007, 2.60324668488e-007, 9.92923858689e-008, 2.94594258321e-007, 1.069717257e-007, 2.91932256147e-008, 1.95749505494e-009, 1.09121184311e-010, 3.87084739262e-011, 1.03992882014e-011, 8.9358367575e-015, 2.86862565819e-019, 5.60427103077e-021]
    mfcc:
        mean: [-700.965698242, 106.847503662, -53.8533554077, 60.0588569641, -12.3835783005, -5.8648276329, 1.40673696995, -4.14208602905, -1.44182300568, -4.77058696747, -9.64060878754, -8.35832309723, -7.75016784668]
        cov: [[4171.84716797, 359.907867432, -279.33807373, 296.52230835, -188.217453003, 83.9620513916, -43.8818740845, 40.7726173401, 6.64011573792, -33.3642234802, -99.3190307617, -105.382858276, -104.61945343], [359.907867432, 731.189819336, -221.171722412, 68.9304046631, -15.1244115829, -48.0526008606, 26.4287071228, -4.00330400467, 17.0210323334, -12.5609922409, -5.6615729332, -18.3572254181, -8.47670173645], [-279.33807373, -221.171722412, 623.612304688, -17.8680362701, 156.757049561, 80.6003570557, 10.8171215057, 112.00717926, 34.6396141052, 86.7903823853, 47.4069519043, 30.8522319794, -24.958782196], [296.52230835, 68.9304046631, -17.8680362701, 217.749588013, -4.01377439499, 11.9490709305, -5.25346803665, -4.3282699585, 23.0796089172, 4.22099924088, -4.15070104599, -10.4714097977, -5.18120718002], [-188.217453003, -15.1244115829, 156.757049561, -4.01377439499, 182.393203735, 40.6621360779, 2.73241353035, 41.8726654053, 27.9808254242, 46.990070343, 7.50849199295, 14.1534309387, -6.33387088776], [83.9620513916, -48.0526008606, 80.6003570557, 11.9490709305, 40.6621360779, 113.970680237, 35.8219909668, 49.8987426758, 13.8372764587, 24.0995330811, 14.26537323, 3.02871751785, -3.54372096062], [-43.8818740845, 26.4287071228, 10.8171215057, -5.25346803665, 2.73241353035, 35.8219909668, 90.8966903687, 49.2307815552, 9.96446895599, 2.51997423172, 5.79016923904, 8.53687763214, 9.36823272705], [40.7726173401, -4.00330400467, 112.00717926, -4.3282699585, 41.8726654053, 49.8987426758, 49.2307815552, 124.396339417, 48.8744010925, 38.1536331177, 6.67495918274, 6.66167259216, -2.0678563118], [6.64011573792, 17.0210323334, 34.6396141052, 23.0796089172, 27.9808254242, 13.8372764587, 9.96446895599, 48.8744010925, 77.9717559814, 44.204460144, 7.43666028976, 0.655191957951, 2.47786045074], [-33.3642234802, -12.5609922409, 86.7903823853, 4.22099924088, 46.990070343, 24.0995330811, 2.51997423172, 38.1536331177, 44.204460144, 87.969329834, 35.2987937927, 9.13180160522, -9.32256126404], [-99.3190307617, -5.6615729332, 47.4069519043, -4.15070104599, 7.50849199295, 14.26537323, 5.79016923904, 6.67495918274, 7.43666028976, 35.2987937927, 63.2448768616, 23.5548381805, 1.97454476357], [-105.382858276, -18.3572254181, 30.8522319794, -10.4714097977, 14.1534309387, 3.02871751785, 8.53687763214, 6.66167259216, 0.655191957951, 9.13180160522, 23.5548381805, 50.6542816162, 22.9573631287], [-104.61945343, -8.47670173645, -24.958782196, -5.18120718002, -6.33387088776, -3.54372096062, 9.36823272705, -2.0678563118, 2.47786045074, -9.32256126404, 1.97454476357, 22.9573631287, 54.3907241821]]
        icov: [[0.000353106268449, -0.000152386375703, 0.000105455423181, -0.000381670863135, 0.000481964729261, -0.000546499737538, 0.000499066081829, -0.000415359478211, 0.000232149628573, -0.000206607044674, 0.00060763140209, -9.6925701655e-005, 0.000559109786991], [-0.000152386375703, 0.00182181631681, 0.000740712333936, -0.000392579648178, -0.000861464999616, 0.00126382533927, -0.000983264995739, -0.000360920705134, -0.000262332672719, 0.000329591712216, -0.00104952987749, 0.000466941302875, 0.000340430851793], [0.000105455423181, 0.000740712333936, 0.00299593643285, -0.000314249802614, -0.00164059130475, -0.000214715808397, 0.000861295557115, -0.00254348758608, 0.00116316555068, -0.000691655208357, -0.00111876137089, -0.000744208227843, 0.00139622320421], [-0.000381670863135, -0.000392579648178, -0.000314249802614, 0.0055681578815, -6.64087128825e-005, -0.000792135135271, -8.43904199428e-005, 0.00179833115544, -0.00271120271645, 0.000703028170392, -0.000246308394708, 0.000411460263422, -0.000306258676574], [0.000481964729261, -0.000861464999616, -0.00164059130475, -6.64087128825e-005, 0.00898240413517, -0.00288975518197, 0.00157589302398, -1.82733820111e-005, -0.000462530908408, -0.00347082898952, 0.004348969087, -0.0027993391268, 0.00106908543967], [-0.000546499737538, 0.00126382533927, -0.000214715808397, -0.000792135135271, -0.00288975518197, 0.0139207970351, -0.00457028206438, -0.00289679435082, 0.00163904181682, -0.000393638212699, -0.00359546625987, 0.00252493983135, -0.000858030165546], [0.000499066081829, -0.000983264995739, 0.000861295557115, -8.43904199428e-005, 0.00157589302398, -0.00457028206438, 0.0174262505025, -0.00772954896092, 0.00176712917164, 0.00179276883136, -0.000524163187947, -0.00143071496859, -0.0013660293771], [-0.000415359478211, -0.000360920705134, -0.00254348758608, 0.00179833115544, -1.82733820111e-005, -0.00289679435082, -0.00772954896092, 0.0186023581773, -0.00899628642946, -0.00130838074256, 0.00302652642131, -0.00139407266397, 0.000660800607875], [0.000232149628573, -0.000262332672719, 0.00116316555068, -0.00271120271645, -0.000462530908408, 0.00163904181682, 0.00176712917164, -0.00899628642946, 0.0248190611601, -0.0114706270397, 0.00243147835135, 0.00254170014523, -0.00417014583945], [-0.000206607044674, 0.000329591712216, -0.000691655208357, 0.000703028170392, -0.00347082898952, -0.000393638212699, 0.00179276883136, -0.00130838074256, -0.0114706270397, 0.0255846828222, -0.0126329120249, 0.00089704815764, 0.00360294571146], [0.00060763140209, -0.00104952987749, -0.00111876137089, -0.000246308394708, 0.004348969087, -0.00359546625987, -0.000524163187947, 0.00302652642131, 0.00243147835135, -0.0126329120249, 0.0287238508463, -0.012156589888, 0.00275816442445], [-9.6925701655e-005, 0.000466941302875, -0.000744208227843, 0.000411460263422, -0.0027993391268, 0.00252493983135, -0.00143071496859, -0.00139407266397, 0.00254170014523, 0.00089704815764, -0.012156589888, 0.0330385230482, -0.0138497166336], [0.000559109786991, 0.000340430851793, 0.00139622320421, -0.000306258676574, 0.00106908543967, -0.000858030165546, -0.0013660293771, 0.000660800607875, -0.00417014583945, 0.00360294571146, 0.00275816442445, -0.0138497166336, 0.0270076170564]]
    sccoeffs:
        dmean: [0.0513645522296, 0.0439821742475, 0.0371435880661, 0.0280831735581, 0.0189166869968, 0.0202511250973]
        dmean2: [0.0844097658992, 0.0739796981215, 0.0615998730063, 0.0470962822437, 0.0315568558872, 0.0337092280388]
        dvar: [0.00168338406365, 0.00121004786342, 0.000851686636452, 0.000497552624438, 0.000232007441809, 0.000464438868221]
        dvar2: [0.00460446951911, 0.00337891257368, 0.00232397974469, 0.0013642400736, 0.000622946536168, 0.0012708294671]
        max: [-0.340081214905, -0.428124338388, -0.493597239256, -0.585091352463, -0.618511021137, -0.52631598711]
        mean: [-0.637911975384, -0.767291605473, -0.777479708195, -0.795226216316, -0.799230575562, -0.735054135323]
        median: [-0.641826629639, -0.775882124901, -0.78333735466, -0.802682042122, -0.802887201309, -0.737709641457]
        min: [-0.969104647636, -0.979790985584, -0.957603752613, -0.95030361414, -0.960184335709, -0.958900749683]
        var: [0.00477949390188, 0.00446775043383, 0.0031929994002, 0.00199474720284, 0.000944373430684, 0.00229643518105]
    scvalleys:
        dmean: [0.381334155798, 0.331731587648, 0.283325940371, 0.240838706493, 0.208587571979, 0.234751001]
        dmean2: [0.631383419037, 0.555168151855, 0.460548102856, 0.391921639442, 0.335339337587, 0.344655096531]
        dvar: [0.11253926903, 0.093856997788, 0.0734194219112, 0.0606234893203, 0.0712571069598, 0.112948924303]
        dvar2: [0.267908662558, 0.216771990061, 0.153444781899, 0.117331415415, 0.140443429351, 0.204460114241]
        max: [-5.11214733124, -4.81873035431, -4.9905629158, -5.55433988571, -5.42040061951, -7.65926456451]
        mean: [-6.78240728378, -6.58105897903, -6.89797735214, -7.00684738159, -6.73455524445, -9.85978507996]
        median: [-6.53215169907, -6.44480514526, -6.80207824707, -6.90183258057, -6.58306121826, -9.61492538452]
        min: [-27.1097373962, -27.4717559814, -27.3238506317, -27.351644516, -27.2718219757, -27.2380485535]
        var: [1.26841425896, 0.818630158901, 0.756163835526, 0.680076956749, 0.645977258682, 1.1441192627]

rhythm:
    beats_loudness:
        dmean: 0.0017052248586
        dmean2: 0.00274324812926
        dvar: 2.21743175643e-006
        dvar2: 5.58214196644e-006
        max: 0.01408755593
        mean: 0.00507146725431
        median: 0.00463462341577
        min: 2.64918984527e-008
        var: 5.35686649528e-006
    bpm: 123.876869202
    bpm_confidence: 0
    first_peak_bpm: 123
    first_peak_spread: 0.347474753857
    first_peak_weight: 0.617590844631
    onset_rate: 3.05616617203
    second_peak_bpm: 129
    second_peak_spread: 0.399999976158
    second_peak_weight: 0.0114722754806
    beats_loudness_band_ratio:
        dmean: [0.134311854839, 0.0878783836961, 0.0627912729979, 0.0496594794095, 0.0947943478823, 0.0787596553564]
        dmean2: [0.232071593404, 0.153254583478, 0.108429796994, 0.0868269503117, 0.164706677198, 0.135701447725]
        dvar: [0.0124079314992, 0.00762488460168, 0.00361814396456, 0.00325542292558, 0.00905500072986, 0.00394168403]
        dvar2: [0.0338810496032, 0.0225158929825, 0.0102441515774, 0.0095385517925, 0.0234203953296, 0.0106458030641]
        max: [0.767870903015, 0.729933023453, 0.506063640118, 0.442286014557, 0.750023186207, 0.634587943554]
        mean: [0.246121793985, 0.140286013484, 0.104779317975, 0.0900234952569, 0.236225292087, 0.235501781106]
        median: [0.226741850376, 0.119492426515, 0.0855739712715, 0.0670831650496, 0.207894355059, 0.239232763648]
        min: [9.01224921108e-005, 0.00115741591435, 0.00520562939346, 0.0105292648077, 0.0435074828565, 0.0209406968206]
        var: [0.0211360845715, 0.00927264522761, 0.00481702340767, 0.00480997562408, 0.0117383897305, 0.00865272339433]
    beats_position: [0.49922901392, 1.01006805897, 1.50929701328, 2.02013611794, 2.53097510338, 2.9837641716, 3.43655323982, 3.88934230804, 4.34213161469, 4.69043064117, 5.0387301445, 5.38702917099, 5.73532867432, 6.09523820877, 6.45514726639, 6.81505680084, 7.17496585846, 7.53487491608, 7.8831744194, 8.2198638916, 8.55655288696, 8.90485286713, 9.4040813446, 9.91492080688, 10.4025392532, 10.8901586533, 11.3777770996, 11.8653964996, 12.3530158997, 12.840634346, 13.328253746, 13.7926530838, 14.268661499, 14.7446708679, 15.2322902679, 15.7199087143, 16.2191371918, 16.7183666229, 17.2059860229, 17.693605423, 18.1696147919, 18.6572322845, 19.1332416534, 19.6208610535, 20.1084804535, 20.5960998535, 21.0837192535, 21.5713367462, 22.0473461151, 22.5349655151, 23.010974884, 23.4985942841, 23.9862117767, 24.4738311768, 24.9614505768, 25.4374599457, 25.9134693146, 26.4010887146, 26.8887062073, 27.3763256073, 27.8523349762, 28.3399543762, 28.8159637451, 29.3035831451, 29.7795906067, 30.2672100067, 30.7432193756, 31.2308387756, 31.7184581757, 32.2060775757, 32.6936950684, 33.1813163757, 33.6573219299, 34.1449432373, 34.6209526062, 35.1085700989, 35.5961914063, 36.0838088989, 36.5714263916, 37.0474357605, 37.5234451294, 38.0110664368, 38.4986839294, 38.9863014221, 39.4739227295, 39.9499320984, 40.4259414673, 40.91355896, 41.4011802673, 41.88879776, 42.3764152527, 42.8524246216, 43.3284339905, 43.8160552979, 44.3036727905, 44.7796821594, 45.2556915283, 45.743309021, 46.2193183899, 46.6953277588, 47.1713371277, 47.6705665588, 48.1581840515, 48.6458053589, 49.1334228516, 49.6210403442, 50.1086616516, 50.5962791443, 51.0839004517, 51.5715179443, 52.0475273132, 52.5351448059, 53.0111541748, 53.4987754822, 53.9863929749, 54.4624023438, 54.9384117126, 55.4260292053, 55.9136505127, 56.4012680054, 56.8888893127, 57.3765068054, 57.8641242981, 58.340133667, 58.8161430359, 59.3037643433, 59.7913818359, 60.2789993286, 60.7550086975, 61.2426300049, 61.7186393738, 62.2062568665, 62.6938781738, 63.1814956665, 63.6575050354, 64.1451263428, 64.621131897, 65.1087493896, 65.5963668823, 66.0839920044, 66.5716094971, 67.0592269897, 67.5352401733, 68.022857666, 68.4988632202, 68.9864807129, 69.474105835, 69.9617233276, 70.4377288818, 70.9253463745, 71.4013595581, 71.8889770508, 72.3649902344, 72.8526077271, 73.3402252197, 73.8278427124, 74.303855896, 74.7914733887, 75.2790908813, 75.766708374, 76.2427215576, 76.7303390503, 77.2063446045, 77.6939697266, 78.1815872192, 78.6692047119, 79.1568222046, 79.6328353882, 80.1088409424, 80.5964584351, 81.0724716187, 81.5600891113, 82.0360946655, 82.5353240967, 83.0229492188, 83.5221786499, 83.9981842041, 84.4858016968, 84.9618148804, 85.4262084961, 85.9138336182, 86.4014511108, 86.8890686035, 87.3766860962, 87.8526992798, 88.3403167725, 88.8279342651, 89.3039474487, 89.7915649414, 90.2675704956, 90.7435836792, 91.2312011719, 91.7188186646, 92.2064361572, 92.6940536499, 93.181678772, 93.6692962646, 94.1569137573, 94.6329269409, 95.1089324951, 95.5965499878, 96.0841674805, 96.5717926025, 97.0594100952, 97.5354156494, 98.0230331421, 98.4990463257, 98.9866638184, 99.462677002, 99.9502944946, 100.426300049, 100.913917542, 101.401542664, 101.889160156, 102.376777649, 102.864395142, 103.352012634, 103.828025818, 104.304031372, 104.791656494, 105.279273987, 105.766891479, 106.254508972, 106.730522156, 107.20652771, 107.694145203, 108.181770325, 108.657775879, 109.133781433, 109.621406555, 110.109024048, 110.596641541, 111.084259033, 111.571876526, 112.059501648, 112.547119141, 113.023124695, 113.499137878, 113.986755371, 114.474372864, 114.961990356, 115.449615479, 115.925621033, 116.413238525, 116.900856018, 117.38848114, 117.864486694, 118.340499878, 118.828117371, 119.315734863, 119.791740417, 120.27936554, 120.766983032, 121.254600525, 121.730613708, 122.206619263, 122.694236755, 123.181854248, 123.66947937, 124.157096863, 124.621498108, 125.109115601, 125.596733093, 126.084350586, 126.571968079, 127.059593201, 127.535598755, 128.023223877, 128.499221802, 128.986846924, 129.474472046, 129.962081909, 130.438095093, 130.925704956, 131.413330078, 131.9009552, 132.376953125, 132.887802124, 133.352203369, 133.839813232, 134.315826416, 134.7918396, 135.279449463, 135.767074585, 136.254684448, 136.74230957, 137.229934692, 137.705932617, 138.181945801, 138.669570923, 139.145568848, 139.621582031, 140.109207153, 140.596817017, 141.084442139, 141.572067261, 142.059677124, 142.547302246, 143.034912109, 143.510925293, 143.986938477, 144.47454834, 144.962173462, 145.449798584, 145.937408447, 146.425033569, 146.901046753, 147.377044678, 147.8646698, 148.352294922, 148.839904785, 149.327529907, 149.803527832, 150.291152954, 150.767166138, 151.254776001, 151.730789185, 152.218414307, 152.70602417, 153.193649292, 153.669662476, 154.157272339, 154.621673584, 155.109298706, 155.596908569, 156.09614563, 156.572158813, 157.059768677, 157.547393799, 158.035003662, 158.511016846, 158.987030029, 159.474639893, 159.962265015, 160.449890137, 160.9375, 161.425125122, 161.912734985, 162.400360107, 162.876373291, 163.352371216, 163.839996338, 164.32762146, 164.803619385, 165.291244507, 165.76725769, 166.254867554, 166.742492676, 167.230117798, 167.717727661, 168.205352783, 168.692962646, 169.180587769, 169.656600952, 170.132598877, 170.608612061, 171.084625244, 171.572235107, 172.059860229, 172.547485352, 173.023483276, 173.511108398, 173.998733521, 174.486343384, 174.962356567, 175.449981689, 175.937591553, 176.413604736, 176.9012146, 177.388839722, 177.864852905, 178.352462769, 178.840087891, 179.327713013, 179.815322876, 180.29133606, 180.767349243, 181.254959106, 181.742584229, 182.230194092, 182.717819214, 183.205444336, 183.681442261, 184.157455444, 184.645080566, 185.13269043, 185.608703613, 186.084716797, 186.57232666, 187.059951782, 187.547576904, 188.035186768, 188.511199951, 188.998809814, 189.486434937, 189.96244812, 190.450057983, 190.937683105, 191.425308228, 191.901306152, 192.377319336, 192.864944458, 193.352554321, 193.840179443, 194.327789307, 194.815414429, 195.291427612, 195.779037476, 196.255050659, 196.742675781, 197.218673706, 197.706298828, 198.182312012, 198.669921875, 199.157546997, 199.656768799, 200.132781982, 200.608795166, 201.08480835, 201.572418213, 202.060043335, 202.547653198, 203.03527832, 203.522903442, 203.998901367, 204.486526489, 204.962539673, 205.450149536, 205.937774658, 206.42539978, 206.913009644, 207.389022827, 207.865036011, 208.352645874, 208.828659058, 209.304672241, 209.792282104, 210.279907227, 210.76751709, 211.255142212, 211.742767334, 212.230377197, 212.718002319, 213.194015503, 213.670013428, 214.146026611, 214.622039795, 215.109649658, 215.59727478, 216.084899902, 216.572509766, 217.060134888, 217.547744751, 218.035369873, 218.522994995, 219.010604858, 219.486618042, 219.962631226, 220.450241089, 220.937866211, 221.425476074, 221.913101196, 222.400726318, 222.888336182, 223.352737427, 223.82875061, 224.316360474, 224.792373657, 225.279998779, 225.779220581, 226.266845703, 226.754455566, 227.23046875, 227.718093872, 228.194107056, 228.67010498, 229.157730103, 229.645339966, 230.132965088, 230.62059021, 231.108200073, 231.595825195, 232.071838379, 232.547836304, 233.035461426, 233.523086548, 234.010696411, 234.486709595, 234.974319458, 235.46194458, 235.937957764, 236.425567627, 236.913192749, 237.400817871, 237.876815796, 238.352828979, 238.840454102, 239.328063965, 239.815689087, 240.291702271, 240.767700195, 241.255325317, 241.742950439, 242.230560303, 242.718185425, 243.205795288, 243.681808472, 244.157821655, 244.645431519, 245.133056641, 245.620681763, 246.096679688, 246.572692871, 247.060317993, 247.536315918, 248.012329102, 248.511566162, 249.010787964, 249.510025024, 250.009246826, 250.508468628, 251.007705688, 251.50692749, 252.006164551]
