
metadata:
    version:
        essentia: "2.1-beta2"
    audio_properties:
        analysis_sample_rate: 44100
        bitrate: 320
        channels: 2
        equal_loudness: 1
        length: 278.41305542
        replay_gain: -14.1007556915
        downmix: "mix"
    tags:
        album: "La Gárgola"
        artist: "Chevelle"
        comment: "For Quality Need's Visit : http://www.bubaneemusic2.com"
        date: "2014"
        genre: "Alternative"
        title: "Twinge"
        tracknumber: "10/10"

configuration:
    average_loudness:
        compute: 1
        frameSize: 88200
        hopSize: 44100
        silentFrames: "noise"
        windowType: "hann"
    general:
        analysisSampleRate: 44100
        endTime: 2000
        equalLoudness: 1
        nequalLoudness: 0
        shortSound: 0
        startTime: 0
    lowlevel:
        compute: 1
        frameSize: 2048
        hopSize: 1024
        zeroPadding: 0
        silentFrames: "noise"
        windowType: "blackmanharris62"
        mfccStats: ["mean", "cov", "icov"]
        stats: ["mean", "var", "median", "min", "max", "dmean", "dmean2", "dvar", "dvar2"]
    panning:
        compute: 0
        frameSize: 8192
        hopSize: 2048
        zeroPadding: 8192
        silentFrames: "noise"
        windowType: "hann"
        stats: ["copy"]
    rhythm:
        compute: 1
        maxTempo: 208
        minTempo: 40
        method: "degara"
        stats: ["mean", "var", "median", "min", "max", "dmean", "dmean2", "dvar", "dvar2"]
    segmentation:
        compute: 0
        cpw: 5
        inc1: 300
        inc2: 50
        minimumSegmentsLength: 10
        size1: 1000
        size2: 600
    sfx:
        compute: 1
        stats: ["mean", "var", "median", "min", "max", "dmean", "dmean2", "dvar", "dvar2"]
    svm:
        compute: 0
    tonal:
        compute: 1
        frameSize: 4096
        hopSize: 2048
        zeroPadding: 0
        silentFrames: "noise"
        windowType: "blackmanharris62"
        stats: ["mean", "var", "median", "min", "max", "dmean", "dmean2", "dvar", "dvar2"]

lowlevel:
    average_loudness: 0.194187775254
    barkbands_kurtosis:
        dmean: 1.57554292679
        dmean2: 2.39770770073
        dvar: 33.5058364868
        dvar2: 60.3240356445
        max: 284.760253906
        mean: 1.23041427135
        median: -0.874333500862
        min: -1.9520534277
        var: 156.04675293
    barkbands_skewness:
        dmean: 0.473134875298
        dmean2: 0.738420128822
        dvar: 0.259628206491
        dvar2: 0.610058188438
        max: 14.1106100082
        mean: 0.788797199726
        median: 0.681107878685
        min: -5.09569835663
        var: 1.64802122116
    barkbands_spread:
        dmean: 5.80911684036
        dmean2: 9.28597640991
        dvar: 40.3338813782
        dvar2: 104.459671021
        max: 69.6153182983
        mean: 32.041633606
        median: 32.1692352295
        min: 0.262074202299
        var: 139.664779663
    dissonance:
        dmean: 0.0149534568191
        dmean2: 0.0252160672098
        dvar: 0.000221650087042
        dvar2: 0.000614615448285
        max: 0.499999970198
        mean: 0.468283414841
        median: 0.472468972206
        min: 0.205922976136
        var: 0.000467561971163
    hfc:
        dmean: 1.57996559143
        dmean2: 2.52876901627
        dvar: 11.8498678207
        dvar2: 28.2820396423
        max: 106.693359375
        mean: 4.1581659317
        median: 2.59108805656
        min: 1.72448708959e-012
        var: 33.4224815369
    pitch:
        dmean: 604.58001709
        dmean2: 1176.03015137
        dvar: 1406154
        dvar2: 3555465
        max: 5095.1328125
        mean: 983.504150391
        median: 263.929077148
        min: 60.9665870667
        var: 1734320.375
    pitch_instantaneous_confidence:
        dmean: 0.0788558423519
        dmean2: 0.124554716051
        dvar: 0.00526025146246
        dvar2: 0.0119015844539
        max: 0.982506036758
        mean: 0.505575478077
        median: 0.475912839174
        min: 0.140563309193
        var: 0.0316735059023
    pitch_salience:
        dmean: 0.0607641860843
        dmean2: 0.0992437377572
        dvar: 0.00349772279151
        dvar2: 0.00942320283502
        max: 0.91075450182
        mean: 0.522868275642
        median: 0.525149405003
        min: 0.0802275761962
        var: 0.0106145869941
    silence_rate_20dB:
        dmean: 0
        dmean2: 0
        dvar: 0
        dvar2: 0
        max: 1
        mean: 1
        median: 1
        min: 1
        var: 0
    silence_rate_30dB:
        dmean: 0
        dmean2: 0
        dvar: 0
        dvar2: 0
        max: 1
        mean: 1
        median: 1
        min: 1
        var: 0
    silence_rate_60dB:
        dmean: 0.106579937041
        dmean2: 0.213177651167
        dvar: 0.0952166840434
        dvar2: 0.207258537412
        max: 1
        mean: 0.640510320663
        median: 1
        min: 0
        var: 0.230251029134
    spectral_centroid:
        dmean: 265.401367188
        dmean2: 423.34777832
        dvar: 102142.953125
        dvar2: 258621.015625
        max: 4120.50585938
        mean: 1171.65673828
        median: 1071.51708984
        min: 170.884216309
        var: 360804.8125
    spectral_complexity:
        dmean: 2.14744400978
        dmean2: 3.56405329704
        dvar: 8.4248342514
        dvar2: 20.6481208801
        max: 38
        mean: 8.21656131744
        median: 7
        min: 0
        var: 26.3084888458
    spectral_crest:
        dmean: 2.16504621506
        dmean2: 3.55001926422
        dvar: 4.96686029434
        dvar2: 13.0919532776
        max: 25.7504520416
        mean: 8.82786655426
        median: 7.87196540833
        min: 2.32670378685
        var: 15.3025445938
    spectral_decrease:
        dmean: 2.09184919386e-010
        dmean2: 3.27149612955e-010
        dvar: 1.33384722006e-019
        dvar2: 3.2526217686e-019
        max: -8.34384301013e-023
        mean: -7.8416340088e-010
        median: -6.0771437882e-010
        min: -7.87738585473e-009
        var: 4.82570551919e-019
    spectral_energy:
        dmean: 0.000905949797016
        dmean2: 0.00141354289372
        dvar: 2.59967691818e-006
        dvar2: 6.28634052191e-006
        max: 0.0394084081054
        mean: 0.00333676370792
        median: 0.00255368673243
        min: 4.7133143056e-016
        var: 9.31730664888e-006
    spectral_energyband_high:
        dmean: 0.000106522304122
        dmean2: 0.000179485461558
        dvar: 1.25045787058e-007
        dvar2: 3.35955405717e-007
        max: 0.00806922279298
        mean: 0.000129211417516
        median: 2.61034510913e-005
        min: 1.43327569971e-016
        var: 1.24739273133e-007
    spectral_energyband_low:
        dmean: 0.000221691167098
        dmean2: 0.000352985691279
        dvar: 1.77897817366e-007
        dvar2: 4.42614464191e-007
        max: 0.00830134563148
        mean: 0.000694341957569
        median: 0.000612931093201
        min: 8.46112657124e-019
        var: 4.74886803659e-007
    spectral_energyband_middle_high:
        dmean: 0.00039264766383
        dmean2: 0.000622386171017
        dvar: 6.50319407214e-007
        dvar2: 1.44292584991e-006
        max: 0.0342189930379
        mean: 0.00119538058061
        median: 0.00073157728184
        min: 3.16848926365e-016
        var: 3.15048373523e-006
    spectral_energyband_middle_low:
        dmean: 0.000542221940123
        dmean2: 0.000856153259519
        dvar: 1.17461127047e-006
        dvar2: 2.96683447232e-006
        max: 0.0178478378803
        mean: 0.0014206469059
        median: 0.000930311332922
        min: 1.32499833655e-017
        var: 2.92828485726e-006
    spectral_flatness_db:
        dmean: 0.0209588687867
        dmean2: 0.0308581199497
        dvar: 0.000510893762112
        dvar2: 0.000988501822576
        max: 0.506186544895
        mean: 0.198847442865
        median: 0.183655679226
        min: 0.0711414813995
        var: 0.0039781392552
    spectral_flux:
        dmean: 0.0068334788084
        dmean2: 0.010436842218
        dvar: 8.92259413376e-005
        dvar2: 0.000180245027877
        max: 0.133225038648
        mean: 0.0254487395287
        median: 0.0222781635821
        min: 2.98822033074e-005
        var: 0.000216496715439
    spectral_kurtosis:
        dmean: 3.04198718071
        dmean2: 5.21513032913
        dvar: 15.7582540512
        dvar2: 47.0507049561
        max: 44.0424499512
        mean: 6.32058668137
        median: 4.51171064377
        min: -0.505649328232
        var: 27.6852378845
    spectral_rms:
        dmean: 0.000220944813918
        dmean2: 0.000337210251018
        dvar: 8.70780993978e-008
        dvar2: 2.023428749e-007
        max: 0.00620058272034
        mean: 0.0016728277551
        median: 0.00157841737382
        min: 6.78111733432e-010
        var: 4.57043796587e-007
    spectral_rolloff:
        dmean: 489.410095215
        dmean2: 836.019165039
        dvar: 480002
        dvar2: 1196599.125
        max: 5878.56445313
        mean: 2453.30859375
        median: 2670.1171875
        min: 86.1328125
        var: 1249285
    spectral_skewness:
        dmean: 0.318725913763
        dmean2: 0.53420317173
        dvar: 0.116596952081
        dvar2: 0.344753265381
        max: 4.68532800674
        mean: 1.51657092571
        median: 1.45876789093
        min: -0.148558944464
        var: 0.284772217274
    spectral_spread:
        dmean: 564770.25
        dmean2: 755525.875
        dvar: 652627148800
        dvar2: 1.13138453709e+012
        max: 9752460
        mean: 3845960.25
        median: 3686119.25
        min: 1310973.625
        var: 2.74294295757e+012
    spectral_strongpeak:
        dmean: 0.316464960575
        dmean2: 0.553879737854
        dvar: 0.57961499691
        dvar2: 1.44185173512
        max: 18.1916217804
        mean: 0.501893043518
        median: 0.179158896208
        min: 7.96298209593e-008
        var: 1.06372630596
    zerocrossingrate:
        dmean: 0.00869178120047
        dmean2: 0.0105698024854
        dvar: 7.5698546425e-005
        dvar2: 0.000104962477053
        max: 0.43994140625
        mean: 0.072436593473
        median: 0.07080078125
        min: 0.00732421875
        var: 0.000754409993533
    barkbands:
        dmean: [8.02640442998e-007, 9.43237828324e-005, 0.000138329385663, 0.000101316494693, 0.000347344466718, 0.000107667590783, 7.90699123172e-005, 6.54818213661e-005, 4.38718452642e-005, 2.93031498586e-005, 1.54513509187e-005, 2.25311141548e-005, 1.9019429601e-005, 2.579246393e-005, 3.09622919303e-005, 5.74655423407e-005, 0.000107718115032, 0.000152333072037, 0.000127090577735, 8.54587779031e-005, 5.26230760443e-005, 1.28749770738e-005, 2.40171084442e-006, 1.14920464966e-006, 7.16042450222e-007, 3.79478919399e-008, 3.89959869951e-010]
        dmean2: [1.28822580336e-006, 0.0001491967123, 0.000223634546273, 0.000164653058164, 0.000554214697331, 0.000163914257428, 0.000129238353111, 9.78891039267e-005, 6.72488604323e-005, 4.52789281553e-005, 2.42545847868e-005, 3.3301563235e-005, 3.04088498524e-005, 4.09458698414e-005, 4.98541048728e-005, 9.12157192943e-005, 0.000178840156877, 0.000245793664362, 0.000208244644455, 0.000145770842209, 9.05291744857e-005, 2.09129957511e-005, 3.80920437237e-006, 1.82391625003e-006, 1.14020053843e-006, 6.1646296956e-008, 6.40466846225e-010]
        dvar: [3.42139489483e-012, 5.06004909084e-008, 7.62765566265e-008, 5.55166081995e-008, 7.26535006379e-007, 6.04660144177e-008, 2.71909339489e-008, 4.3870382882e-008, 1.63957665222e-008, 5.2862345612e-009, 1.25252752614e-009, 3.76734554663e-009, 2.89399859632e-009, 1.01778852013e-008, 4.87113194225e-009, 1.9946817531e-008, 5.18011731288e-008, 1.77521926048e-007, 1.55052717332e-007, 7.4069042455e-008, 3.60393954679e-008, 1.85227000404e-009, 4.41504124926e-011, 1.28244307535e-011, 4.87329490997e-012, 1.36669452136e-014, 9.72669067797e-019]
        dvar2: [8.26180009822e-012, 1.21798393593e-007, 2.02707795438e-007, 1.35335795903e-007, 1.8641284214e-006, 1.35628567932e-007, 7.1282570957e-008, 7.53526165909e-008, 3.3186577042e-008, 1.23660246487e-008, 2.91508972516e-009, 7.66087548953e-009, 7.57291473974e-009, 2.09930153261e-008, 1.07891633405e-008, 4.77367620988e-008, 1.37671321454e-007, 4.03593134024e-007, 3.61682566563e-007, 1.97257293166e-007, 9.98058453661e-008, 4.56072912769e-009, 9.95656612712e-011, 2.85871534778e-011, 1.21796956201e-011, 3.43295406208e-014, 2.34598740798e-018]
        max: [2.64939862973e-005, 0.00279391556978, 0.00630138674751, 0.0105573944747, 0.0140257561579, 0.010018424131, 0.00483036926016, 0.0110176466405, 0.00986109208316, 0.00329653173685, 0.00127295183484, 0.0025236371439, 0.00240214215592, 0.00932033080608, 0.00222703488544, 0.00836595986038, 0.00579931726679, 0.0175272095948, 0.0236324034631, 0.0101283919066, 0.00493288040161, 0.00148698943667, 0.000183047130122, 0.000120880868053, 9.1468966275e-005, 2.2782612632e-006, 3.24552793529e-008]
        mean: [8.99278404631e-007, 0.000191599552636, 0.000409220083384, 0.000197739645955, 0.000622343854047, 0.000237548723817, 0.000141574433655, 0.000126523591462, 8.09750054032e-005, 5.99523082201e-005, 3.25151268044e-005, 4.75236738566e-005, 3.5415388993e-005, 5.01953982166e-005, 5.09994024469e-005, 0.000118225849292, 0.000209201447433, 0.000287732138531, 0.00024208650575, 0.000112233268737, 5.97185789957e-005, 1.65470282809e-005, 3.35229333359e-006, 1.70185421666e-006, 9.18686680507e-007, 3.89028436132e-008, 3.70276587169e-010]
        median: [2.00684425522e-007, 0.000113167719974, 0.000282506691292, 9.52411792241e-005, 0.000243825939833, 7.33361739549e-005, 5.96582576691e-005, 4.16260118072e-005, 2.23434981308e-005, 1.88039630302e-005, 8.4770272224e-006, 1.57667782332e-005, 1.09820903162e-005, 1.60186555149e-005, 1.8837643438e-005, 4.6160290367e-005, 9.86953673419e-005, 0.000119372234622, 9.47326625464e-005, 4.20552132709e-005, 1.02577605503e-005, 2.79288360616e-006, 6.04153683526e-007, 2.61020687731e-007, 8.58466222553e-008, 1.36425803987e-009, 8.15612577476e-011]
        min: [2.75536033391e-019, 3.69231556856e-019, 1.93150291946e-019, 3.78418896823e-019, 2.9836311637e-018, 1.72875247273e-018, 1.87032133264e-018, 1.18719960043e-018, 3.52494828951e-018, 5.19339267814e-018, 2.00816808659e-018, 3.15438109446e-018, 1.01435131925e-017, 1.42999396402e-018, 7.95788032972e-018, 5.21634404501e-018, 2.85946940988e-017, 1.07991373732e-016, 1.23351502285e-016, 5.63828871003e-017, 4.68403131782e-017, 4.07001150953e-017, 6.54177896748e-018, 8.4342660522e-018, 4.20303786846e-018, 6.26065553585e-019, 4.40099506204e-020]
        var: [4.02713843176e-012, 6.7293775885e-008, 2.47125427677e-007, 1.71271011595e-007, 1.39357098305e-006, 2.54050974036e-007, 6.04884391464e-008, 1.41557620736e-007, 4.57983411195e-008, 1.87195610124e-008, 4.62762450582e-009, 1.23245147421e-008, 7.60701635016e-009, 3.69324659744e-008, 1.24823316128e-008, 7.65470034025e-008, 1.31696651806e-007, 4.56361703982e-007, 4.40619174924e-007, 6.87162113877e-008, 3.16332027239e-008, 2.44422837525e-009, 7.36518485089e-011, 2.16711128209e-011, 5.73775402191e-012, 1.51805786908e-014, 1.01196883229e-018]
    frequency_bands:
        dmean: [8.02640442998e-007, 9.43237828324e-005, 0.000138329385663, 0.000101316494693, 0.000347344466718, 0.000107667590783, 7.90699123172e-005, 6.54818213661e-005, 4.38718452642e-005, 2.93031498586e-005, 1.54513509187e-005, 2.25311141548e-005, 1.9019429601e-005, 2.579246393e-005, 3.09622919303e-005, 5.74655423407e-005, 0.000107718115032, 0.000152333072037, 0.000127090577735, 8.54587779031e-005, 5.26230760443e-005, 1.28749770738e-005, 2.40171084442e-006, 1.14920464966e-006, 7.16042450222e-007, 3.79478919399e-008, 3.89959869951e-010, 3.69210981233e-011]
        dmean2: [1.28822580336e-006, 0.0001491967123, 0.000223634546273, 0.000164653058164, 0.000554214697331, 0.000163914257428, 0.000129238353111, 9.78891039267e-005, 6.72488604323e-005, 4.52789281553e-005, 2.42545847868e-005, 3.3301563235e-005, 3.04088498524e-005, 4.09458698414e-005, 4.98541048728e-005, 9.12157192943e-005, 0.000178840156877, 0.000245793664362, 0.000208244644455, 0.000145770842209, 9.05291744857e-005, 2.09129957511e-005, 3.80920437237e-006, 1.82391625003e-006, 1.14020053843e-006, 6.1646296956e-008, 6.40466846225e-010, 6.85234854969e-011]
        dvar: [3.42139489483e-012, 5.06004909084e-008, 7.62765566265e-008, 5.55166081995e-008, 7.26535006379e-007, 6.04660144177e-008, 2.71909339489e-008, 4.3870382882e-008, 1.63957665222e-008, 5.2862345612e-009, 1.25252752614e-009, 3.76734554663e-009, 2.89399859632e-009, 1.01778852013e-008, 4.87113194225e-009, 1.9946817531e-008, 5.18011731288e-008, 1.77521926048e-007, 1.55052717332e-007, 7.4069042455e-008, 3.60393954679e-008, 1.85227000404e-009, 4.41504124926e-011, 1.28244307535e-011, 4.87329490997e-012, 1.36669452136e-014, 9.72669067797e-019, 3.39207503331e-021]
        dvar2: [8.26180009822e-012, 1.21798393593e-007, 2.02707795438e-007, 1.35335795903e-007, 1.8641284214e-006, 1.35628567932e-007, 7.1282570957e-008, 7.53526165909e-008, 3.3186577042e-008, 1.23660246487e-008, 2.91508972516e-009, 7.66087548953e-009, 7.57291473974e-009, 2.09930153261e-008, 1.07891633405e-008, 4.77367620988e-008, 1.37671321454e-007, 4.03593134024e-007, 3.61682566563e-007, 1.97257293166e-007, 9.98058453661e-008, 4.56072912769e-009, 9.95656612712e-011, 2.85871534778e-011, 1.21796956201e-011, 3.43295406208e-014, 2.34598740798e-018, 1.0896697394e-020]
        max: [2.64939862973e-005, 0.00279391556978, 0.00630138674751, 0.0105573944747, 0.0140257561579, 0.010018424131, 0.00483036926016, 0.0110176466405, 0.00986109208316, 0.00329653173685, 0.00127295183484, 0.0025236371439, 0.00240214215592, 0.00932033080608, 0.00222703488544, 0.00836595986038, 0.00579931726679, 0.0175272095948, 0.0236324034631, 0.0101283919066, 0.00493288040161, 0.00148698943667, 0.000183047130122, 0.000120880868053, 9.1468966275e-005, 2.2782612632e-006, 3.24552793529e-008, 7.64656615804e-010]
        mean: [8.99278404631e-007, 0.000191599552636, 0.000409220083384, 0.000197739645955, 0.000622343854047, 0.000237548723817, 0.000141574433655, 0.000126523591462, 8.09750054032e-005, 5.99523082201e-005, 3.25151268044e-005, 4.75236738566e-005, 3.5415388993e-005, 5.01953982166e-005, 5.09994024469e-005, 0.000118225849292, 0.000209201447433, 0.000287732138531, 0.00024208650575, 0.000112233268737, 5.97185789957e-005, 1.65470282809e-005, 3.35229333359e-006, 1.70185421666e-006, 9.18686680507e-007, 3.89028436132e-008, 3.70276587169e-010, 2.86747361966e-011]
        median: [2.00684425522e-007, 0.000113167719974, 0.000282506691292, 9.52411792241e-005, 0.000243825939833, 7.33361739549e-005, 5.96582576691e-005, 4.16260118072e-005, 2.23434981308e-005, 1.88039630302e-005, 8.4770272224e-006, 1.57667782332e-005, 1.09820903162e-005, 1.60186555149e-005, 1.8837643438e-005, 4.6160290367e-005, 9.86953673419e-005, 0.000119372234622, 9.47326625464e-005, 4.20552132709e-005, 1.02577605503e-005, 2.79288360616e-006, 6.04153683526e-007, 2.61020687731e-007, 8.58466222553e-008, 1.36425803987e-009, 8.15612577476e-011, 1.05097874847e-011]
        min: [2.75536033391e-019, 3.69231556856e-019, 1.93150291946e-019, 3.78418896823e-019, 2.9836311637e-018, 1.72875247273e-018, 1.87032133264e-018, 1.18719960043e-018, 3.52494828951e-018, 5.19339267814e-018, 2.00816808659e-018, 3.15438109446e-018, 1.01435131925e-017, 1.42999396402e-018, 7.95788032972e-018, 5.21634404501e-018, 2.85946940988e-017, 1.07991373732e-016, 1.23351502285e-016, 5.63828871003e-017, 4.68403131782e-017, 4.07001150953e-017, 6.54177896748e-018, 8.4342660522e-018, 4.20303786846e-018, 6.26065553585e-019, 4.40099506204e-020, 6.95409690842e-021]
        var: [4.02713843176e-012, 6.7293775885e-008, 2.47125427677e-007, 1.71271011595e-007, 1.39357098305e-006, 2.54050974036e-007, 6.04884391464e-008, 1.41557620736e-007, 4.57983411195e-008, 1.87195610124e-008, 4.62762450582e-009, 1.23245147421e-008, 7.60701635016e-009, 3.69324659744e-008, 1.24823316128e-008, 7.65470034025e-008, 1.31696651806e-007, 4.56361703982e-007, 4.40619174924e-007, 6.87162113877e-008, 3.16332027239e-008, 2.44422837525e-009, 7.36518485089e-011, 2.16711128209e-011, 5.73775402191e-012, 1.51805786908e-014, 1.01196883229e-018, 2.65431797642e-021]
    mfcc:
        mean: [-770.358886719, 131.241744995, -44.7682571411, 60.9099121094, 8.00037193298, -17.5193443298, 1.87119078636, -1.17521727085, -5.03904342651, -5.41133737564, -2.71494221687, -1.16364145279, -3.70124006271]
        cov: [[4230.64453125, -620.254333496, 33.1019706726, 254.662811279, -532.605224609, 400.492828369, -38.0324020386, 97.5670166016, 127.144172668, -126.794677734, 21.8953018188, -49.8216514587, -161.846633911], [-620.254333496, 1565.78552246, -478.174102783, -49.1803627014, 444.891540527, -342.25390625, 152.69178772, 85.8770446777, -76.9330825806, -21.6407012939, -84.1577453613, 66.7584762573, 33.1046447754], [33.1019706726, -478.174102783, 819.36126709, 123.547683716, -84.6787719727, 281.510009766, -17.4756984711, 134.700027466, 234.008148193, 89.6976394653, 97.0140228271, 86.9064407349, 81.6409454346], [254.662811279, -49.1803627014, 123.547683716, 332.853942871, 95.9357223511, 61.7374954224, -28.2570133209, 13.3602962494, 58.5559883118, 22.5484142303, 37.4981040955, 49.0658187866, 36.4339942932], [-532.605224609, 444.891540527, -84.6787719727, 95.9357223511, 490.560302734, -7.97629070282, 100.614547729, 46.3307723999, -29.8368911743, 8.2129907608, -23.7735042572, 51.9958305359, 74.7101974487], [400.492828369, -342.25390625, 281.510009766, 61.7374954224, -7.97629070282, 495.991485596, 150.410644531, 93.2615432739, 123.076164246, 46.6471214294, 56.3869972229, 2.36502599716, 27.0978450775], [-38.0324020386, 152.69178772, -17.4756984711, -28.2570133209, 100.614547729, 150.410644531, 279.665435791, 128.450180054, 32.7144851685, 87.3711242676, 36.7156562805, 4.4259519577, 27.3984546661], [97.5670166016, 85.8770446777, 134.700027466, 13.3602962494, 46.3307723999, 93.2615432739, 128.450180054, 220.293487549, 123.572509766, 46.414768219, 42.0495491028, 43.0117721558, 43.8472976685], [127.144172668, -76.9330825806, 234.008148193, 58.5559883118, -29.8368911743, 123.076164246, 32.7144851685, 123.572509766, 208.584671021, 78.7672805786, 37.4678153992, 35.9613609314, 34.3267326355], [-126.794677734, -21.6407012939, 89.6976394653, 22.5484142303, 8.2129907608, 46.6471214294, 87.3711242676, 46.414768219, 78.7672805786, 195.220230103, 96.111579895, 6.62592506409, 22.3348369598], [21.8953018188, -84.1577453613, 97.0140228271, 37.4981040955, -23.7735042572, 56.3869972229, 36.7156562805, 42.0495491028, 37.4678153992, 96.111579895, 147.068725586, 51.9599266052, 9.53800678253], [-49.8216514587, 66.7584762573, 86.9064407349, 49.0658187866, 51.9958305359, 2.36502599716, 4.4259519577, 43.0117721558, 35.9613609314, 6.62592506409, 51.9599266052, 123.86681366, 58.6357650757], [-161.846633911, 33.1046447754, 81.6409454346, 36.4339942932, 74.7101974487, 27.0978450775, 27.3984546661, 43.8472976685, 34.3267326355, 22.3348369598, 9.53800678253, 58.6357650757, 102.807014465]]
        icov: [[0.000412995781517, 1.04585865301e-006, 0.000272549048532, -0.000530653749593, 0.000555819657166, -0.000449485611171, 0.000161337040481, -0.00051405816339, 6.97126306477e-005, 0.000156176814926, 0.000195459768292, -0.000253262696788, 0.000581372412853], [1.04585865301e-006, 0.00147381483112, 0.000556295854039, 0.000181732277269, -0.00103668728843, 0.00101135438308, -0.000810124736745, -0.000396009796532, -0.000552703859285, -1.88739352325e-006, 0.000680143130012, -0.0011032752227, 0.000643593841232], [0.000272549048532, 0.000556295854039, 0.00284953252412, -0.000427510211011, 0.000318747886922, -0.00116999645252, 0.00130310596433, -0.00125170638785, -0.00133443146478, -0.000500175403431, 0.000163793069078, -0.0012283247197, -0.000358501129085], [-0.000530653749593, 0.000181732277269, -0.000427510211011, 0.0045965751633, -0.00193912326358, 0.000265884853434, 0.000665306812152, 0.00121436861809, -0.00127961672843, -2.65303660854e-005, -0.00117019354366, -0.000181567607797, -0.000894418219104], [0.000555819657166, -0.00103668728843, 0.000318747886922, -0.00193912326358, 0.00453390227631, -0.00128996162675, -9.95954906102e-005, -0.00106652115937, 0.00176609284244, -0.000519839348271, 0.00139440619387, -0.000777686189394, -0.000993027351797], [-0.000449485611171, 0.00101135438308, -0.00116999645252, 0.000265884853434, -0.00128996162675, 0.00532327033579, -0.0043284795247, 0.00238737487234, -0.00300339912064, 0.00280452985317, -0.00215962878428, 0.00185234448873, -0.000991323264316], [0.000161337040481, -0.000810124736745, 0.00130310596433, 0.000665306812152, -9.95954906102e-005, -0.0043284795247, 0.0105023272336, -0.00657284911722, 0.00456726970151, -0.00570853520185, 0.00220259744674, -0.000789625744801, 0.000423154328018], [-0.00051405816339, -0.000396009796532, -0.00125170638785, 0.00121436861809, -0.00106652115937, 0.00238737487234, -0.00657284911722, 0.0132033349946, -0.00806964188814, 0.00512576848269, -0.00460643041879, 0.00182154262438, -0.00288258655928], [6.97126306477e-005, -0.000552703859285, -0.00133443146478, -0.00127961672843, 0.00176609284244, -0.00300339912064, 0.00456726970151, -0.00806964188814, 0.0146055258811, -0.00753640336916, 0.00574847124517, -0.0033032449428, 0.00164488435257], [0.000156176814926, -1.88739352325e-006, -0.000500175403431, -2.65303660854e-005, -0.000519839348271, 0.00280452985317, -0.00570853520185, 0.00512576848269, -0.00753640336916, 0.014657468535, -0.0106746936217, 0.00673942221329, -0.00389460613951], [0.000195459768292, 0.000680143130012, 0.000163793069078, -0.00117019354366, 0.00139440619387, -0.00215962878428, 0.00220259744674, -0.00460643041879, 0.00574847124517, -0.0106746936217, 0.0179821867496, -0.0104406923056, 0.00599310267717], [-0.000253262696788, -0.0011032752227, -0.0012283247197, -0.000181567607797, -0.000777686189394, 0.00185234448873, -0.000789625744801, 0.00182154262438, -0.0033032449428, 0.00673942221329, -0.0104406923056, 0.0186808053404, -0.00954032409936], [0.000581372412853, 0.000643593841232, -0.000358501129085, -0.000894418219104, -0.000993027351797, -0.000991323264316, 0.000423154328018, -0.00288258655928, 0.00164488435257, -0.00389460613951, 0.00599310267717, -0.00954032409936, 0.0183183848858]]
    sccoeffs:
        dmean: [0.0460636653006, 0.0439783073962, 0.034718491137, 0.0292965006083, 0.023385412991, 0.017350602895]
        dmean2: [0.0745201706886, 0.07128508389, 0.0556434616446, 0.0472640618682, 0.0370397754014, 0.0280742812902]
        dvar: [0.00156434846576, 0.00122023141012, 0.000791161146481, 0.000553847115953, 0.000410063774325, 0.000296633428661]
        dvar2: [0.0039408984594, 0.00321334879845, 0.00197078566998, 0.00138152029831, 0.000905143213458, 0.000743496930227]
        max: [-0.207804590464, -0.367440342903, -0.478800833225, -0.523387551308, -0.550115287304, -0.57820391655]
        mean: [-0.59684330225, -0.709303617477, -0.758438229561, -0.763758003712, -0.75628978014, -0.771786034107]
        median: [-0.60315489769, -0.715037941933, -0.76285725832, -0.770364284515, -0.762391924858, -0.77676486969]
        min: [-0.961905300617, -0.976574718952, -0.957942187786, -0.937717795372, -0.95161986351, -0.932070910931]
        var: [0.00757751334459, 0.0057040671818, 0.0039447802119, 0.00302552385256, 0.00286839809269, 0.00114639557432]
    scvalleys:
        dmean: [0.36947619915, 0.337046474218, 0.3092636168, 0.279181867838, 0.292985767126, 0.428191512823]
        dmean2: [0.602300405502, 0.557740569115, 0.497415453196, 0.439218908548, 0.440009117126, 0.53993833065]
        dvar: [0.114065051079, 0.0867838785052, 0.0850551873446, 0.0850213691592, 0.143983140588, 0.418401092291]
        dvar2: [0.268348455429, 0.209270298481, 0.189449995756, 0.172776177526, 0.298132658005, 0.792531430721]
        max: [-5.28838825226, -5.03689193726, -5.88458490372, -6.15134572983, -5.23823213577, -7.46671533585]
        mean: [-7.22534704208, -7.14951753616, -7.93460464478, -8.08511638641, -7.81889629364, -10.9826927185]
        median: [-6.92290496826, -7.06344890594, -7.81071996689, -7.96642017365, -7.77197027206, -10.7210636139]
        min: [-21.8203525543, -21.605255127, -21.79637146, -22.0007286072, -20.8956165314, -22.4879283905]
        var: [1.09580516815, 0.635891795158, 0.77505004406, 0.575971245766, 0.637368321419, 2.15706634521]

rhythm:
    beats_loudness:
        dmean: 0.0028886012733
        dmean2: 0.00511818239465
        dvar: 7.31567160983e-006
        dvar2: 1.91489143617e-005
        max: 0.0340196527541
        mean: 0.00446233246475
        median: 0.00317424000241
        min: 6.44269675831e-007
        var: 1.17326735563e-005
    bpm: 122.03868866
    bpm_confidence: 0
    first_peak_bpm: 123
    first_peak_spread: 0.367458879948
    first_peak_weight: 0.615658342838
    onset_rate: 3.1212618351
    second_peak_bpm: 108
    second_peak_spread: 0.357142835855
    second_peak_weight: 0.0160142350942
    beats_loudness_band_ratio:
        dmean: [0.245373442769, 0.202164664865, 0.0641297996044, 0.0395426005125, 0.118385136127, 0.100547745824]
        dmean2: [0.3964176476, 0.336046755314, 0.114135228097, 0.0706488490105, 0.212682440877, 0.166177108884]
        dvar: [0.0404582358897, 0.0252034366131, 0.00559703214094, 0.00267810467631, 0.0112903025001, 0.00895171519369]
        dvar2: [0.0976952090859, 0.0625279471278, 0.0146879665554, 0.00749113876373, 0.0314074121416, 0.0233141444623]
        max: [0.944908380508, 0.958800315857, 0.994035363197, 0.385796457529, 0.779917240143, 0.757505059242]
        mean: [0.360341131687, 0.245170474052, 0.107630036771, 0.0473123937845, 0.177093356848, 0.135848239064]
        median: [0.308180451393, 0.183921664953, 0.0813175812364, 0.0280357524753, 0.145656317472, 0.110116250813]
        min: [0.000206258308026, 0.00343222497031, 0.000611204013694, 4.07504776376e-005, 0.000909587659407, 0.00119231280405]
        var: [0.056290499866, 0.0363770090044, 0.0143510401249, 0.00287482258864, 0.0148775223643, 0.0118143809959]
    beats_position: [0.476009070873, 0.96362811327, 1.43963718414, 1.91564619541, 2.39165520668, 2.87927436829, 3.36689329147, 3.85451245308, 4.35374164581, 4.85297060013, 5.34058952332, 5.8282084465, 6.31582736969, 6.80344676971, 7.2910656929, 7.77868461609, 8.26630401611, 8.75392246246, 9.24154186249, 9.74077033997, 10.22838974, 10.7276191711, 11.2152376175, 11.7028570175, 12.1904764175, 12.6780948639, 13.1657142639, 13.6533327103, 14.1409521103, 14.6401815414, 15.1394100189, 15.6270294189, 16.1262588501, 16.6254863739, 17.1131057739, 17.600725174, 18.088344574, 18.575963974, 19.0635814667, 19.5512008667, 20.0504302979, 20.5380496979, 21.037279129, 21.5248966217, 22.0125160217, 22.5117454529, 23.010974884, 23.4985942841, 23.9862117767, 24.4738311768, 24.9730606079, 25.4722900391, 25.9599094391, 26.4475269318, 26.9351463318, 27.4227657318, 27.921995163, 28.4212245941, 28.9088420868, 29.3964614868, 29.8840808868, 30.383310318, 30.8825397491, 31.3701572418, 31.8577766418, 32.3453979492, 32.8330154419, 33.3206329346, 33.8198623657, 34.3190917969, 34.8067131042, 35.2943305969, 35.7935600281, 36.2927894592, 36.7804069519, 37.2680282593, 37.755645752, 38.2432632446, 38.7424926758, 39.2417221069, 39.7293434143, 40.216960907, 40.7045783997, 41.192199707, 41.6798171997, 42.1790466309, 42.678276062, 43.1658935547, 43.6535148621, 44.1527442932, 44.6519737244, 45.139591217, 45.6272087097, 46.1148300171, 46.6140594482, 47.1132888794, 47.6009063721, 48.0885238647, 48.5761451721, 49.0637626648, 49.5629920959, 50.0622215271, 50.5498390198, 51.0374603271, 51.5250778198, 52.0126991272, 52.5119247437, 53.0111541748, 53.4987754822, 53.9863929749, 54.485622406, 54.9848518372, 55.4724693298, 55.9600906372, 56.4477081299, 56.9353294373, 57.4345550537, 57.9337844849, 58.4214057922, 58.9090232849, 59.3966445923, 59.884262085, 60.3718795776, 60.8711090088, 61.3703384399, 61.8579597473, 62.34557724, 62.8331947327, 63.3324241638, 63.831653595, 64.3192749023, 64.806892395, 65.2945098877, 65.7937393188, 66.29296875, 66.7805862427, 67.2682037354, 67.7558288574, 68.2550582886, 68.7426757813, 69.2302932739, 69.7295227051, 70.2171401978, 70.7047576904, 71.2039871216, 71.7032165527, 72.1908340454, 72.6784591675, 73.1660766602, 73.6653060913, 74.1645355225, 74.6521530151, 75.1397705078, 75.6273880005, 76.1266174316, 76.6142425537, 77.1018600464, 77.6010894775, 78.0887069702, 78.5763244629, 79.075553894, 79.5747833252, 80.0624008179, 80.5500183105, 81.0376434326, 81.5252609253, 82.0244903564, 82.5237197876, 83.0113372803, 83.4989547729, 83.9865722656, 84.4858016968, 84.9850311279, 85.4726486206, 85.9602737427, 86.4478912354, 86.935508728, 87.4347381592, 87.9339675903, 88.421585083, 88.9092025757, 89.3968200684, 89.8960494995, 90.3952789307, 90.8829040527, 91.3705215454, 91.8581390381, 92.3457565308, 92.8333740234, 93.3209991455, 93.8202285767, 94.3194503784, 94.8070755005, 95.3063049316, 95.8055343628, 96.2931518555, 96.7807693481, 97.2683868408, 97.767616272, 98.2668457031, 98.7544631958, 99.2420806885, 99.7297058105, 100.217323303, 100.704940796, 101.192558289, 101.69178772, 102.179405212, 102.678634644, 103.166259766, 103.665489197, 104.164710999, 104.652336121, 105.139953613, 105.627571106, 106.126800537, 106.626029968, 107.113647461, 107.601264954, 108.088890076, 108.576507568, 109.064125061, 109.563354492, 110.062583923, 110.550201416, 111.037818909, 111.53704834, 112.024665833, 112.523895264, 113.011520386, 113.499137878, 113.986755371, 114.485984802, 114.985214233, 115.472831726, 115.960449219, 116.448066711, 116.935691833, 117.434921265, 117.922538757, 118.421768188, 118.909385681, 119.408615112, 119.907844543, 120.395462036, 120.883079529, 121.370697021, 121.858322144, 122.357551575, 122.856781006, 123.344398499, 123.832015991, 124.319633484, 124.818862915, 125.318092346, 125.805709839, 126.293327332, 126.780952454, 127.280181885, 127.767799377, 128.25541687, 128.754638672, 129.242263794, 129.729888916, 130.229110718, 130.728347778, 131.215957642, 131.703582764, 132.191192627, 132.678817749, 133.17805481, 133.677276611, 134.164901733, 134.652511597, 135.140136719, 135.627746582, 136.126983643, 136.626205444, 137.113830566, 137.601455688, 138.089065552, 138.588302612, 139.087524414, 139.575149536, 140.062759399, 140.550384521, 141.049606323, 141.537231445, 142.036453247, 142.524078369, 143.011703491, 143.499313354, 143.998550415, 144.497772217, 144.985397339, 145.473007202, 145.960632324, 146.459854126, 146.959091187, 147.446716309, 147.934326172, 148.421951294, 148.909561157, 149.397186279, 149.896408081, 150.395645142, 150.883255005, 151.370880127, 151.870117188, 152.369338989, 152.856964111, 153.344573975, 153.832199097, 154.31980896, 154.807434082, 155.295059204, 155.794281006, 156.281906128, 156.78112793, 157.28036499, 157.767974854, 158.267211914, 158.754821777, 159.242446899, 159.730072021, 160.229293823, 160.728515625, 161.216140747, 161.703765869, 162.191375732, 162.679000854, 163.178222656, 163.665847778, 164.16506958, 164.652694702, 165.140319824, 165.639541626, 166.138778687, 166.62638855, 167.114013672, 167.613235474, 168.100860596, 168.600082397, 169.08770752, 169.575332642, 170.062942505, 170.562179565, 171.061401367, 171.549026489, 172.036636353, 172.524261475, 173.011871338, 173.511108398, 174.0103302, 174.497955322, 174.985580444, 175.473190308, 175.972427368, 176.47164917, 176.959274292, 177.446884155, 177.934509277, 178.422134399, 178.909744263, 179.397369385, 179.896591187, 180.395828247, 180.88343811, 181.382675171, 181.881896973, 182.369522095, 182.857131958, 183.34475708, 183.832382202, 184.331604004, 184.819229126, 185.306838989, 185.80607605, 186.305297852, 186.792922974, 187.280548096, 187.779769897, 188.26739502, 188.755004883, 189.242630005, 189.730239868, 190.229476929, 190.72869873, 191.216323853, 191.703948975, 192.203170776, 192.702392578, 193.1900177, 193.677642822, 194.165252686, 194.664489746, 195.152099609, 195.65133667, 196.138946533, 196.626571655, 197.114196777, 197.601806641, 198.089431763, 198.588653564, 199.076278687, 199.575500488, 200.06312561, 200.550750732, 201.049972534, 201.549209595, 202.036819458, 202.52444458, 203.023666382, 203.522903442, 204.010513306, 204.498138428, 204.985748291, 205.484985352, 205.972610474, 206.471832275, 206.959457397, 207.447067261, 207.934692383, 208.433914185, 208.933151245, 209.420761108, 209.90838623, 210.396011353, 210.883621216, 211.382858276, 211.882080078, 212.3697052, 212.857315063, 213.344940186, 213.844161987, 214.343399048, 214.831008911, 215.318634033, 215.806259155, 216.293869019, 216.793106079, 217.292327881, 217.779953003, 218.267562866, 218.755187988, 219.24281311, 219.742034912, 220.229660034, 220.728881836, 221.216506958, 221.704116821, 222.203353882, 222.702575684, 223.190200806, 223.677825928, 224.165435791, 224.664672852, 225.163894653, 225.651519775, 226.139129639, 226.626754761, 227.114364624, 227.613601685, 228.112823486, 228.600448608, 229.08807373, 229.575683594, 230.074920654, 230.574142456, 231.061767578, 231.549377441, 232.037002563, 232.536224365, 233.035461426, 233.523086548, 234.010696411, 234.498321533, 234.985931396, 235.485168457, 235.97277832, 236.472015381, 236.959625244, 237.447250366, 237.934875488, 238.43409729, 238.933334351, 239.420944214, 239.908569336, 240.407791138, 240.89541626, 241.383041382, 241.870651245, 242.358276367, 242.857498169, 243.345123291, 243.844345093, 244.343582153, 244.831192017, 245.318817139, 245.81803894, 246.317276001, 246.804885864, 247.304122925, 247.803344727, 248.290969849, 248.778594971, 249.266204834, 249.765441895, 250.253051758, 250.752288818, 251.239898682, 251.727523804, 252.215148926, 252.702758789, 253.190383911, 253.677993774, 254.165618896, 254.653244019, 255.117630005, 255.616867065, 256.116088867, 256.615325928, 257.114562988, 257.613769531, 258.113006592, 258.600616455, 259.088256836, 259.587463379, 260.086700439, 260.57434082, 261.061950684, 261.549560547, 262.048797607, 262.548034668, 263.035644531, 263.534881592, 264.022491455, 264.521728516, 265.009338379, 265.496948242, 265.984588623, 266.472198486, 266.971435547, 267.47064209, 267.958282471, 268.445892334, 268.945129395, 269.421142578, 269.908752441, 270.466033936, 271.02331543, 271.580596924, 272.149475098, 272.718353271, 273.287261963, 273.844543457, 274.401794434, 274.970703125, 275.527984619, 276.085266113, 276.654144287, 277.211425781, 277.768707275]
