
metadata:
    version:
        essentia: "2.1-beta2"
    audio_properties:
        analysis_sample_rate: 44100
        bitrate: 128
        channels: 2
        equal_loudness: 1
        length: 21.6032657623
        replay_gain: -9.24207687378
        downmix: "mix"
    tags:
        album: ""
        artist: "Corobizar"
        comment: ""
        date: ""
        genre: ""
        title: "Jean Michel Crapaud"
        tracknumber: ""

configuration:
    average_loudness:
        compute: 1
        frameSize: 88200
        hopSize: 44100
        silentFrames: "noise"
        windowType: "hann"
    general:
        analysisSampleRate: 44100
        endTime: 2000
        equalLoudness: 1
        nequalLoudness: 0
        shortSound: 0
        startTime: 0
    lowlevel:
        compute: 1
        frameSize: 2048
        hopSize: 1024
        zeroPadding: 0
        silentFrames: "noise"
        windowType: "blackmanharris62"
        mfccStats: ["mean", "cov", "icov"]
        stats: ["mean", "var", "median", "min", "max", "dmean", "dmean2", "dvar", "dvar2"]
    panning:
        compute: 0
        frameSize: 8192
        hopSize: 2048
        zeroPadding: 8192
        silentFrames: "noise"
        windowType: "hann"
        stats: ["copy"]
    rhythm:
        compute: 1
        maxTempo: 208
        minTempo: 40
        method: "degara"
        stats: ["mean", "var", "median", "min", "max", "dmean", "dmean2", "dvar", "dvar2"]
    segmentation:
        compute: 0
        cpw: 5
        inc1: 300
        inc2: 50
        minimumSegmentsLength: 10
        size1: 1000
        size2: 600
    sfx:
        compute: 1
        stats: ["mean", "var", "median", "min", "max", "dmean", "dmean2", "dvar", "dvar2"]
    svm:
        compute: 0
    tonal:
        compute: 1
        frameSize: 4096
        hopSize: 2048
        zeroPadding: 0
        silentFrames: "noise"
        windowType: "blackmanharris62"
        stats: ["mean", "var", "median", "min", "max", "dmean", "dmean2", "dvar", "dvar2"]

lowlevel:
    average_loudness: 0.957946777344
    barkbands_kurtosis:
        dmean: 0.627209722996
        dmean2: 0.988703131676
        dvar: 1.14094018936
        dvar2: 2.2279920578
        max: 20.8282375336
        mean: -0.591273069382
        median: -1.02681040764
        min: -1.86774086952
        var: 2.06255245209
    barkbands_skewness:
        dmean: 0.372214794159
        dmean2: 0.58924227953
        dvar: 0.13869741559
        dvar2: 0.291755646467
        max: 3.90067815781
        mean: -0.5185957551
        median: -0.461566567421
        min: -3.01858735085
        var: 0.355799555779
    barkbands_spread:
        dmean: 5.65613937378
        dmean2: 8.91965293884
        dvar: 28.1595973969
        dvar2: 63.0273284912
        max: 67.4340057373
        mean: 34.4834709167
        median: 34.5135192871
        min: 5.0235042572
        var: 89.2515792847
    dissonance:
        dmean: 0.0117477998137
        dmean2: 0.0202560052276
        dvar: 0.000133902780362
        dvar2: 0.000378648459446
        max: 0.499954938889
        mean: 0.482796281576
        median: 0.485636770725
        min: 0.387850940228
        var: 0.000163391930982
    hfc:
        dmean: 2.51225662231
        dmean2: 3.70464491844
        dvar: 8.18717288971
        dvar2: 17.4696216583
        max: 47.4520606995
        mean: 10.7302026749
        median: 8.91166591644
        min: 1.18365350196e-016
        var: 42.5344009399
    pitch:
        dmean: 928.55480957
        dmean2: 1751.84985352
        dvar: 1733155
        dvar2: 4282798
        max: 4706.5390625
        mean: 1134.20910645
        median: 372.484344482
        min: 55.1479759216
        var: 1918418
    pitch_instantaneous_confidence:
        dmean: 0.0838453024626
        dmean2: 0.133188158274
        dvar: 0.0051255505532
        dvar2: 0.0117551991716
        max: 0.861574470997
        mean: 0.367102265358
        median: 0.335315406322
        min: 0.1236718297
        var: 0.0200029890984
    pitch_salience:
        dmean: 0.05176814273
        dmean2: 0.08341807127
        dvar: 0.00179845280945
        dvar2: 0.00465235020965
        max: 0.900927007198
        mean: 0.649741888046
        median: 0.652704298496
        min: 0.375062465668
        var: 0.00442034145817
    silence_rate_20dB:
        dmean: 0
        dmean2: 0
        dvar: 0
        dvar2: 0
        max: 1
        mean: 1
        median: 1
        min: 1
        var: 0
    silence_rate_30dB:
        dmean: 0
        dmean2: 0
        dvar: 0
        dvar2: 0
        max: 1
        mean: 1
        median: 1
        min: 1
        var: 0
    silence_rate_60dB:
        dmean: 0.068743288517
        dmean2: 0.137634411454
        dvar: 0.0640182197094
        dvar2: 0.142347365618
        max: 1
        mean: 0.169527903199
        median: 0
        min: 0
        var: 0.140788316727
    spectral_centroid:
        dmean: 282.872283936
        dmean2: 441.730957031
        dvar: 126958.34375
        dvar2: 205220.796875
        max: 11274.9619141
        mean: 2096.81616211
        median: 2061.01123047
        min: 358.033935547
        var: 278110.4375
    spectral_complexity:
        dmean: 3.47798061371
        dmean2: 5.46666669846
        dvar: 8.94985675812
        dvar2: 20.4768352509
        max: 35
        mean: 17.4538631439
        median: 17
        min: 0
        var: 38.0117301941
    spectral_crest:
        dmean: 1.77807331085
        dmean2: 3.01757884026
        dvar: 3.28689742088
        dvar2: 8.62991142273
        max: 17.5538654327
        mean: 5.92286729813
        median: 5.23777914047
        min: 2.44260430336
        var: 5.73711585999
    spectral_decrease:
        dmean: 2.38575381672e-010
        dmean2: 3.80619924467e-010
        dvar: 5.88291821e-020
        dvar2: 1.43919280697e-019
        max: 4.22951037582e-029
        mean: -1.06408248879e-009
        median: -9.5254637511e-010
        min: -3.08481240552e-009
        var: 2.20905200027e-019
    spectral_energy:
        dmean: 0.00109509530012
        dmean2: 0.00170928414445
        dvar: 1.18142270367e-006
        dvar2: 2.80302060673e-006
        max: 0.0156390611082
        mean: 0.00498935068026
        median: 0.00440182397142
        min: 1.05764613669e-020
        var: 5.3541421039e-006
    spectral_energyband_high:
        dmean: 0.000211108024814
        dmean2: 0.000330050970661
        dvar: 9.63943804777e-008
        dvar2: 2.11320227095e-007
        max: 0.00471113901585
        mean: 0.000586541427765
        median: 0.000466698664241
        min: 7.67184411087e-021
        var: 2.21083567453e-007
    spectral_energyband_low:
        dmean: 0.000173804553924
        dmean2: 0.000295022589853
        dvar: 5.79270995615e-008
        dvar2: 1.60127299864e-007
        max: 0.00218725414015
        mean: 0.000428282277426
        median: 0.000405030674301
        min: 5.87107583009e-023
        var: 5.67037368171e-008
    spectral_energyband_middle_high:
        dmean: 0.000777559471317
        dmean2: 0.00117960374337
        dvar: 8.34328716337e-007
        dvar2: 1.85003978004e-006
        max: 0.0138520197943
        mean: 0.00301609141752
        median: 0.00244945776649
        min: 1.44195130083e-021
        var: 4.06378421758e-006
    spectral_energyband_middle_low:
        dmean: 0.000499215791933
        dmean2: 0.000843179586809
        dvar: 5.16014665664e-007
        dvar2: 1.40212080169e-006
        max: 0.00601505720988
        mean: 0.00102590979077
        median: 0.000833491445519
        min: 3.58154664951e-022
        var: 5.81836729907e-007
    spectral_flatness_db:
        dmean: 0.0133936163038
        dmean2: 0.0209345705807
        dvar: 0.000152138774865
        dvar2: 0.000325987348333
        max: 0.230235829949
        mean: 0.13539083302
        median: 0.13364470005
        min: 0.0536104775965
        var: 0.000432592933066
    spectral_flux:
        dmean: 0.00808055792004
        dmean2: 0.0123764360324
        dvar: 6.0103906435e-005
        dvar2: 0.000136594564538
        max: 0.0918252542615
        mean: 0.0443238057196
        median: 0.0418145284057
        min: 1.02841922478e-010
        var: 0.000210028127185
    spectral_kurtosis:
        dmean: 0.792636394501
        dmean2: 1.31518948078
        dvar: 0.612579643726
        dvar2: 1.59425389767
        max: 11.977730751
        mean: 2.70036864281
        median: 2.55833673477
        min: -1.17651224136
        var: 1.27688848972
    spectral_rms:
        dmean: 0.00023584466544
        dmean2: 0.0003664821852
        dvar: 4.85285553964e-008
        dvar2: 1.06786288256e-007
        max: 0.0039061002899
        mean: 0.00214289058931
        median: 0.00207230844535
        min: 3.21224210426e-012
        var: 2.75672164207e-007
    spectral_rolloff:
        dmean: 301.811706543
        dmean2: 478.453338623
        dvar: 294082.375
        dvar2: 385051.65625
        max: 19035.3515625
        mean: 3729.61108398
        median: 3660.64453125
        min: 409.130859375
        var: 470251.625
    spectral_skewness:
        dmean: 0.128597617149
        dmean2: 0.206288397312
        dvar: 0.0153651218861
        dvar2: 0.0347815752029
        max: 2.8011739254
        mean: 1.123036623
        median: 1.12793517113
        min: -0.0116310650483
        var: 0.0417372100055
    spectral_spread:
        dmean: 437182.46875
        dmean2: 610057.9375
        dvar: 1.23600227533e+012
        dvar2: 1.25257501901e+012
        max: 39711392
        mean: 4411317
        median: 4261223.5
        min: 2814152.75
        var: 2.30285010534e+012
    spectral_strongpeak:
        dmean: 0.76454782486
        dmean2: 1.27639198303
        dvar: 1.03296542168
        dvar2: 2.40828466415
        max: 9.98594856262
        mean: 1.09046590328
        median: 0.433653175831
        min: 3.94414234606e-009
        var: 2.0375483036
    zerocrossingrate:
        dmean: 0.00860969349742
        dmean2: 0.0107978414744
        dvar: 0.000294098077575
        dvar2: 0.000356307718903
        max: 0.50048828125
        mean: 0.115703269839
        median: 0.1142578125
        min: 0.060546875
        var: 0.000530790013727
    barkbands:
        dmean: [2.9244162647e-007, 7.56451045163e-005, 0.000104055849079, 5.92208598391e-005, 0.000245306669967, 0.000122524375911, 7.52873020247e-005, 6.13945667283e-005, 0.000164125536685, 0.000113460970169, 5.14732309966e-005, 8.57673003338e-005, 0.000100672732515, 0.000113974820124, 0.000100952231151, 0.000228162840358, 0.000160640556714, 0.000233965445659, 0.000315453304211, 0.00021121413738, 0.000107366009615, 2.85355545202e-005, 6.88272120897e-006, 1.76679202468e-006, 6.71159284593e-007, 1.96237213146e-008, 1.98351932101e-010]
        dmean2: [4.66461301585e-007, 0.000126251834445, 0.000176332250703, 0.000100784331153, 0.000441542011686, 0.000192914565559, 0.000119738157082, 0.00010146277782, 0.000264689297182, 0.000181776689715, 8.21004941827e-005, 0.000137890892802, 0.000159731920576, 0.000188842881471, 0.000166055047885, 0.000368142675143, 0.000267001625616, 0.000370729860151, 0.00052245578263, 0.000338059384376, 0.000171830310137, 4.35236433987e-005, 1.05462431748e-005, 2.57064948528e-006, 1.0024717767e-006, 2.97794358062e-008, 3.6924932556e-010]
        dvar: [3.65255894107e-013, 1.22606023112e-008, 1.92031688329e-008, 8.71585648099e-009, 3.77026907472e-007, 3.51092488415e-008, 1.51979726581e-008, 1.46162264514e-008, 8.39159142174e-008, 4.1436848619e-008, 9.70571711889e-009, 1.97464125051e-008, 3.64750505355e-008, 4.74904737757e-008, 3.85629697064e-008, 1.38097618674e-007, 7.17183752386e-008, 1.76763180093e-007, 1.87472352309e-007, 1.27142016026e-007, 1.53150434556e-008, 1.70411185163e-009, 1.27426943997e-010, 7.02474276665e-012, 9.53677241344e-013, 7.33508562405e-016, 7.04969071445e-020]
        dvar2: [8.99742520072e-013, 3.33232321736e-008, 5.45007416974e-008, 2.24090452861e-008, 1.05367575998e-006, 7.72074102429e-008, 3.55945175556e-008, 3.56746099328e-008, 2.11008782003e-007, 1.0228598768e-007, 2.22167244601e-008, 4.88327742687e-008, 7.90164094155e-008, 1.12314985756e-007, 9.44094438182e-008, 3.19979108099e-007, 1.71077473965e-007, 4.7158781058e-007, 4.30668222862e-007, 2.93108712413e-007, 3.77768039073e-008, 3.69031827319e-009, 2.8510868666e-010, 1.22259398785e-011, 1.91873513605e-012, 1.6262015089e-015, 2.15114173182e-019]
        max: [3.4971644709e-006, 0.00096862774808, 0.00114339683205, 0.000839455518872, 0.00390353798866, 0.00224430672824, 0.00181291811168, 0.00172825343907, 0.00291676307097, 0.00298968469724, 0.00145714078099, 0.00177066773176, 0.00237205019221, 0.00279622455128, 0.00290190475062, 0.00637876801193, 0.00313743436709, 0.00722393160686, 0.00704372907057, 0.00445097731426, 0.0014969476033, 0.000673179863952, 0.000170023646206, 4.66679775855e-005, 1.92621246242e-005, 5.30635759333e-007, 1.74343073311e-009]
        mean: [2.70154686177e-007, 0.000176113942871, 0.000225246330956, 6.78389478708e-005, 0.000224124014494, 0.000199231188162, 0.000124188969494, 8.89868679224e-005, 0.00027809132007, 0.000195742337382, 7.80744740041e-005, 0.00014881597599, 0.000156823443831, 0.000170405663084, 0.000159339848324, 0.000410923385061, 0.000298690283671, 0.000450583378552, 0.000712155364454, 0.000467049598228, 0.000264039757894, 7.10297172191e-005, 1.56438854901e-005, 4.34855746789e-006, 1.55165014348e-006, 4.30458726441e-008, 1.60406923855e-010]
        median: [3.70771928715e-008, 0.00014855308109, 0.000179696420673, 3.48226021742e-005, 8.87894420885e-005, 0.00010220126569, 6.67882195557e-005, 5.06763972226e-005, 0.000160796364071, 8.97839054232e-005, 3.87326945201e-005, 9.10193339223e-005, 7.36041693017e-005, 8.74156539794e-005, 9.44713319768e-005, 0.000253601669101, 0.000194681022549, 0.000240800625761, 0.000531102006789, 0.000313252967317, 0.000214849686017, 5.15608553542e-005, 1.04544715214e-005, 3.19791729453e-006, 1.20719266761e-006, 3.16783541621e-008, 6.82994008572e-011]
        min: [1.10945934136e-023, 3.09192895842e-023, 1.80647711569e-023, 4.95299808864e-024, 7.98246014965e-023, 5.43680663959e-023, 2.49108389917e-023, 5.54520370103e-023, 1.29478113268e-022, 3.20458649984e-023, 8.91386317173e-023, 1.63409355829e-022, 9.04023237786e-023, 7.6704505155e-023, 2.34197076029e-022, 1.46450020192e-022, 8.55932005085e-023, 1.57831844172e-022, 1.97892005853e-022, 3.11312003425e-022, 3.85918529847e-022, 3.6915295107e-022, 7.4673351145e-022, 7.93631027208e-022, 1.28734001602e-021, 1.96696582446e-021, 2.12949025505e-021]
        var: [3.57300533561e-013, 1.64071778386e-008, 2.5424919059e-008, 9.00089069944e-009, 2.45645907171e-007, 7.93902970031e-008, 2.8267537644e-008, 1.7294553345e-008, 1.24414768266e-007, 9.63950270716e-008, 1.701953245e-008, 3.30836087414e-008, 7.16276673529e-008, 6.65066011152e-008, 5.10475537396e-008, 3.61202069143e-007, 1.19492142403e-007, 3.47786226484e-007, 4.72557417197e-007, 3.03045197825e-007, 4.02090805096e-008, 5.01732611013e-009, 3.68530400641e-010, 2.31718342431e-011, 2.65792748054e-012, 1.90214758481e-015, 6.04898958137e-020]
    frequency_bands:
        dmean: [2.9244162647e-007, 7.56451045163e-005, 0.000104055849079, 5.92208598391e-005, 0.000245306669967, 0.000122524375911, 7.52873020247e-005, 6.13945667283e-005, 0.000164125536685, 0.000113460970169, 5.14732309966e-005, 8.57673003338e-005, 0.000100672732515, 0.000113974820124, 0.000100952231151, 0.000228162840358, 0.000160640556714, 0.000233965445659, 0.000315453304211, 0.00021121413738, 0.000107366009615, 2.85355545202e-005, 6.88272120897e-006, 1.76679202468e-006, 6.71159284593e-007, 1.96237213146e-008, 1.98351932101e-010, 5.6259597675e-011]
        dmean2: [4.66461301585e-007, 0.000126251834445, 0.000176332250703, 0.000100784331153, 0.000441542011686, 0.000192914565559, 0.000119738157082, 0.00010146277782, 0.000264689297182, 0.000181776689715, 8.21004941827e-005, 0.000137890892802, 0.000159731920576, 0.000188842881471, 0.000166055047885, 0.000368142675143, 0.000267001625616, 0.000370729860151, 0.00052245578263, 0.000338059384376, 0.000171830310137, 4.35236433987e-005, 1.05462431748e-005, 2.57064948528e-006, 1.0024717767e-006, 2.97794358062e-008, 3.6924932556e-010, 1.04679445667e-010]
        dvar: [3.65255894107e-013, 1.22606023112e-008, 1.92031688329e-008, 8.71585648099e-009, 3.77026907472e-007, 3.51092488415e-008, 1.51979726581e-008, 1.46162264514e-008, 8.39159142174e-008, 4.1436848619e-008, 9.70571711889e-009, 1.97464125051e-008, 3.64750505355e-008, 4.74904737757e-008, 3.85629697064e-008, 1.38097618674e-007, 7.17183752386e-008, 1.76763180093e-007, 1.87472352309e-007, 1.27142016026e-007, 1.53150434556e-008, 1.70411185163e-009, 1.27426943997e-010, 7.02474276665e-012, 9.53677241344e-013, 7.33508562405e-016, 7.04969071445e-020, 5.65754824769e-021]
        dvar2: [8.99742520072e-013, 3.33232321736e-008, 5.45007416974e-008, 2.24090452861e-008, 1.05367575998e-006, 7.72074102429e-008, 3.55945175556e-008, 3.56746099328e-008, 2.11008782003e-007, 1.0228598768e-007, 2.22167244601e-008, 4.88327742687e-008, 7.90164094155e-008, 1.12314985756e-007, 9.44094438182e-008, 3.19979108099e-007, 1.71077473965e-007, 4.7158781058e-007, 4.30668222862e-007, 2.93108712413e-007, 3.77768039073e-008, 3.69031827319e-009, 2.8510868666e-010, 1.22259398785e-011, 1.91873513605e-012, 1.6262015089e-015, 2.15114173182e-019, 1.72646439422e-020]
        max: [3.4971644709e-006, 0.00096862774808, 0.00114339683205, 0.000839455518872, 0.00390353798866, 0.00224430672824, 0.00181291811168, 0.00172825343907, 0.00291676307097, 0.00298968469724, 0.00145714078099, 0.00177066773176, 0.00237205019221, 0.00279622455128, 0.00290190475062, 0.00637876801193, 0.00313743436709, 0.00722393160686, 0.00704372907057, 0.00445097731426, 0.0014969476033, 0.000673179863952, 0.000170023646206, 4.66679775855e-005, 1.92621246242e-005, 5.30635759333e-007, 1.74343073311e-009, 4.93579455085e-010]
        mean: [2.70154686177e-007, 0.000176113942871, 0.000225246330956, 6.78389478708e-005, 0.000224124014494, 0.000199231188162, 0.000124188969494, 8.89868679224e-005, 0.00027809132007, 0.000195742337382, 7.80744740041e-005, 0.00014881597599, 0.000156823443831, 0.000170405663084, 0.000159339848324, 0.000410923385061, 0.000298690283671, 0.000450583378552, 0.000712155364454, 0.000467049598228, 0.000264039757894, 7.10297172191e-005, 1.56438854901e-005, 4.34855746789e-006, 1.55165014348e-006, 4.30458726441e-008, 1.60406923855e-010, 4.53451338978e-011]
        median: [3.70771928715e-008, 0.00014855308109, 0.000179696420673, 3.48226021742e-005, 8.87894420885e-005, 0.00010220126569, 6.67882195557e-005, 5.06763972226e-005, 0.000160796364071, 8.97839054232e-005, 3.87326945201e-005, 9.10193339223e-005, 7.36041693017e-005, 8.74156539794e-005, 9.44713319768e-005, 0.000253601669101, 0.000194681022549, 0.000240800625761, 0.000531102006789, 0.000313252967317, 0.000214849686017, 5.15608553542e-005, 1.04544715214e-005, 3.19791729453e-006, 1.20719266761e-006, 3.16783541621e-008, 6.82994008572e-011, 1.91789396864e-011]
        min: [1.10945934136e-023, 3.09192895842e-023, 1.80647711569e-023, 4.95299808864e-024, 7.98246014965e-023, 5.43680663959e-023, 2.49108389917e-023, 5.54520370103e-023, 1.29478113268e-022, 3.20458649984e-023, 8.91386317173e-023, 1.63409355829e-022, 9.04023237786e-023, 7.6704505155e-023, 2.34197076029e-022, 1.46450020192e-022, 8.55932005085e-023, 1.57831844172e-022, 1.97892005853e-022, 3.11312003425e-022, 3.85918529847e-022, 3.6915295107e-022, 7.4673351145e-022, 7.93631027208e-022, 1.28734001602e-021, 1.96696582446e-021, 2.12949025505e-021, 9.03184899525e-022]
        var: [3.57300533561e-013, 1.64071778386e-008, 2.5424919059e-008, 9.00089069944e-009, 2.45645907171e-007, 7.93902970031e-008, 2.8267537644e-008, 1.7294553345e-008, 1.24414768266e-007, 9.63950270716e-008, 1.701953245e-008, 3.30836087414e-008, 7.16276673529e-008, 6.65066011152e-008, 5.10475537396e-008, 3.61202069143e-007, 1.19492142403e-007, 3.47786226484e-007, 4.72557417197e-007, 3.03045197825e-007, 4.02090805096e-008, 5.01732611013e-009, 3.68530400641e-010, 2.31718342431e-011, 2.65792748054e-012, 1.90214758481e-015, 6.04898958137e-020, 4.86089092285e-021]
    mfcc:
        mean: [-681.82598877, 91.3720474243, -53.9996986389, 54.2703018188, -15.7298440933, 2.86588168144, 3.07329106331, 3.65849947929, 4.19909095764, 2.34965372086, -0.627596139908, -1.75640261173, -0.931950628757]
        cov: [[2658.05761719, 249.030044556, -295.470428467, 209.253341675, -97.6344146729, 44.6657104492, 21.2291965485, 39.2573356628, 0.43952268362, 25.2296981812, -2.32934951782, -21.2808322906, -18.9923400879], [249.030044556, 336.316741943, -130.322479248, 34.9273605347, -31.2766475677, -27.9068088531, 6.97915458679, -17.5187549591, 29.7163257599, -1.83994555473, 6.61665582657, 5.44385957718, 1.84653520584], [-295.470428467, -130.322479248, 286.846160889, -3.85534381866, 31.8564605713, 20.5373210907, -55.7238426208, -12.3175964355, -29.4222660065, -40.8722114563, -31.2661876678, -19.522310257, 0.812643885612], [209.253341675, 34.9273605347, -3.85534381866, 109.091415405, 20.0243549347, -5.07288599014, -17.6584358215, -4.38980102539, 1.87556421757, -0.746329307556, -1.56552267075, -0.240429311991, -2.85545039177], [-97.6344146729, -31.2766475677, 31.8564605713, 20.0243549347, 100.268585205, 11.8295841217, -33.1890792847, -31.1762142181, -14.1177625656, 0.931437194347, -0.637609601021, -0.733521878719, 0.566442906857], [44.6657104492, -27.9068088531, 20.5373210907, -5.07288599014, 11.8295841217, 66.5642623901, 16.5133037567, -1.21202301979, -8.15956687927, 0.69873303175, 2.17062067986, -1.69313406944, -2.56106615067], [21.2291965485, 6.97915458679, -55.7238426208, -17.6584358215, -33.1890792847, 16.5133037567, 95.4023590088, 43.3919448853, 6.04005050659, 5.91542243958, 9.4789686203, 1.96804499626, -7.78085660934], [39.2573356628, -17.5187549591, -12.3175964355, -4.38980102539, -31.1762142181, -1.21202301979, 43.3919448853, 76.275932312, 23.4719829559, -3.70012545586, -5.22882604599, -3.86487770081, -10.4974317551], [0.43952268362, 29.7163257599, -29.4222660065, 1.87556421757, -14.1177625656, -8.15956687927, 6.04005050659, 23.4719829559, 61.6792831421, 23.2920722961, -1.99765992165, -2.17158436775, -1.51122879982], [25.2296981812, -1.83994555473, -40.8722114563, -0.746329307556, 0.931437194347, 0.69873303175, 5.91542243958, -3.70012545586, 23.2920722961, 67.3421630859, 24.8817405701, 4.30551147461, -1.46922063828], [-2.32934951782, 6.61665582657, -31.2661876678, -1.56552267075, -0.637609601021, 2.17062067986, 9.4789686203, -5.22882604599, -1.99765992165, 24.8817405701, 54.9590301514, 21.6220397949, -0.764536082745], [-21.2808322906, 5.44385957718, -19.522310257, -0.240429311991, -0.733521878719, -1.69313406944, 1.96804499626, -3.86487770081, -2.17158436775, 4.30551147461, 21.6220397949, 43.6527099609, 16.9510726929], [-18.9923400879, 1.84653520584, 0.812643885612, -2.85545039177, 0.566442906857, -2.56106615067, -7.78085660934, -10.4974317551, -1.51122879982, -1.46922063828, -0.764536082745, 16.9510726929, 49.5561561584]]
        icov: [[0.000644029991236, -0.000206269993214, 0.000775102875195, -0.00126558588818, 0.000893827702384, -0.0011183450697, 0.000841633125674, -0.000720943149645, 0.000914692762308, -0.000363672588719, 0.000292213546345, 0.000514647050295, -7.41275798646e-005], [-0.000206269993214, 0.0045805410482, 0.00165291759185, -0.00107905117329, 0.00109646073543, 0.0011331330752, -0.00077044556383, 0.00339886290021, -0.00327073549852, 0.00280950614251, -0.000741433468647, 0.000321671192069, 0.000168110127561], [0.000775102875195, 0.00165291759185, 0.00668252632022, -0.00145661714487, 0.00108073384035, -0.00315133901313, 0.00450928928331, -0.00145624333527, 0.00161621219013, 0.00227170460857, 0.000958316435572, 0.00224084383808, -0.000368804729078], [-0.00126558588818, -0.00107905117329, -0.00145661714487, 0.0128537714481, -0.00415118457749, 0.0022830797825, 0.000534944236279, -0.000662513833959, -0.00113869388588, 0.000255580234807, -0.000265986454906, -0.00142012629658, 0.000883305561729], [0.000893827702384, 0.00109646073543, 0.00108073384035, -0.00415118457749, 0.0146550629288, -0.00407171994448, 0.0039693955332, 0.00297160330229, 0.00180405599531, -0.000910218572244, 0.000624807085842, 0.000496177643072, 0.00078750558896], [-0.0011183450697, 0.0011331330752, -0.00315133901313, 0.0022830797825, -0.00407171994448, 0.0199776198715, -0.00764136062935, 0.00380367506295, -0.00116826524027, 8.97066202015e-005, -0.000949765846599, -0.000493430474307, 0.000518502609339], [0.000841633125674, -0.00077044556383, 0.00450928928331, 0.000534944236279, 0.0039693955332, -0.00764136062935, 0.021212477237, -0.0122017050162, 0.00558595731854, -0.00162580097094, -0.00130263913888, 0.00122827733867, 0.00029568435275], [-0.000720943149645, 0.00339886290021, -0.00145624333527, -0.000662513833959, 0.00297160330229, 0.00380367506295, -0.0122017050162, 0.0268121697009, -0.0124021954834, 0.00618453882635, 0.000553156947717, -0.00126856262796, 0.00375676504336], [0.000914692762308, -0.00327073549852, 0.00161621219013, -0.00113869388588, 0.00180405599531, -0.00116826524027, 0.00558595731854, -0.0124021954834, 0.0279005803168, -0.0124658318236, 0.00574133265764, 0.000370419875253, -0.00100764934905], [-0.000363672588719, 0.00280950614251, 0.00227170460857, 0.000255580234807, -0.000910218572244, 8.97066202015e-005, -0.00162580097094, 0.00618453882635, -0.0124658318236, 0.0252930577844, -0.0116323130205, 0.00387446838431, -0.000331775401719], [0.000292213546345, -0.000741433468647, 0.000958316435572, -0.000265986454906, 0.000624807085842, -0.000949765846599, -0.00130263913888, 0.000553156947717, 0.00574133265764, -0.0116323130205, 0.0306562781334, -0.0151209365577, 0.0054404004477], [0.000514647050295, 0.000321671192069, 0.00224084383808, -0.00142012629658, 0.000496177643072, -0.000493430474307, 0.00122827733867, -0.00126856262796, 0.000370419875253, 0.00387446838431, -0.0151209365577, 0.0358843430877, -0.0124219981954], [-7.41275798646e-005, 0.000168110127561, -0.000368804729078, 0.000883305561729, 0.00078750558896, 0.000518502609339, 0.00029568435275, 0.00375676504336, -0.00100764934905, -0.000331775401719, 0.0054404004477, -0.0124219981954, 0.0253538209945]]
    sccoeffs:
        dmean: [0.0510054305196, 0.0480298660696, 0.0393039733171, 0.0323680080473, 0.0218009594828, 0.0221837405115]
        dmean2: [0.0828217491508, 0.0787821784616, 0.0632188990712, 0.0535471141338, 0.0348772481084, 0.0346349440515]
        dvar: [0.00165105157066, 0.00144026486669, 0.000964713341091, 0.000747177517042, 0.000300039828289, 0.000318067439366]
        dvar2: [0.0045019434765, 0.00368247227743, 0.00241070147604, 0.00202513183467, 0.000774258573074, 0.00073828845052]
        max: [-0.46387809515, -0.543614923954, -0.564012765884, -0.638279974461, -0.663018226624, -0.588679909706]
        mean: [-0.659185171127, -0.763968706131, -0.769123792648, -0.786944448948, -0.788081467152, -0.709711790085]
        median: [-0.658639907837, -0.770916104317, -0.772680580616, -0.793776094913, -0.79191082716, -0.713609397411]
        min: [-0.960072577, -0.963912069798, -0.966257810593, -0.961084902287, -0.958397269249, -0.95471572876]
        var: [0.00396398641169, 0.00387743767351, 0.00351842842065, 0.00223654625006, 0.00125598651357, 0.00144613650627]
    scvalleys:
        dmean: [0.463243246078, 0.355002433062, 0.306711167097, 0.248775497079, 0.19383187592, 0.294164657593]
        dmean2: [0.742961883545, 0.565742373466, 0.483746021986, 0.38864210248, 0.295123517513, 0.391463726759]
        dvar: [0.363594293594, 0.339991688728, 0.302108466625, 0.275306105614, 0.2579895854, 0.233708038926]
        dvar2: [0.580313324928, 0.435703009367, 0.367021977901, 0.323672711849, 0.270106434822, 0.270440191031]
        max: [-5.49190711975, -4.97822904587, -5.57416629791, -5.79299736023, -5.90570402145, -8.03410434723]
        mean: [-7.03867292404, -6.63149118423, -6.79917478561, -6.91770982742, -6.68239355087, -9.62864112854]
        median: [-6.91706371307, -6.54164981842, -6.71451377869, -6.83572626114, -6.58491134644, -9.47496509552]
        min: [-27.2005443573, -27.1258983612, -27.2413024902, -27.4068584442, -27.3386154175, -27.3080615997]
        var: [1.50818157196, 1.27603089809, 1.2312515974, 1.22495877743, 1.16860318184, 1.09358990192]

rhythm:
    beats_loudness:
        dmean: 0.00192314735614
        dmean2: 0.00318462331779
        dvar: 2.72853367278e-006
        dvar2: 5.28702139491e-006
        max: 0.010511752218
        mean: 0.00555114448071
        median: 0.005295984447
        min: 0.00182424043305
        var: 4.41726933786e-006
    bpm: 112.507339478
    bpm_confidence: 0
    first_peak_bpm: 112
    first_peak_spread: 0.435897409916
    first_peak_weight: 0.564102590084
    onset_rate: 2.40704369545
    second_peak_bpm: 0
    second_peak_spread: 0
    second_peak_weight: 0
    beats_loudness_band_ratio:
        dmean: [0.0713840872049, 0.0802167952061, 0.0855383872986, 0.0766407772899, 0.112366370857, 0.1350261271]
        dmean2: [0.12028632313, 0.147411525249, 0.152184590697, 0.138327240944, 0.204600855708, 0.256654828787]
        dvar: [0.00528568448499, 0.00956455338746, 0.00590755837038, 0.007823061198, 0.007922812365, 0.0144329145551]
        dvar2: [0.0143551295623, 0.0262630693614, 0.0135891018435, 0.0250422693789, 0.0228935964406, 0.0500414893031]
        max: [0.44936940074, 0.438541978598, 0.324478834867, 0.470720529556, 0.643675088882, 0.67626786232]
        mean: [0.119093999267, 0.0903559699655, 0.107366129756, 0.126343145967, 0.281362950802, 0.30512458086]
        median: [0.0995873063803, 0.079713113606, 0.0715076774359, 0.108616188169, 0.262516736984, 0.299548685551]
        min: [0.0214363858104, 0.00670532975346, 0.0252246037126, 0.0136261284351, 0.108491770923, 0.15882140398]
        var: [0.0057056765072, 0.00784861855209, 0.00612696260214, 0.00621360959485, 0.0130769936368, 0.0115288030356]
    beats_position: [0.510838985443, 1.03328800201, 1.55573689938, 2.07818579674, 2.61224484444, 3.14630389214, 3.69197273254, 4.21442174911, 4.73687076569, 5.25931978226, 5.78176879883, 6.31582736969, 6.84988641739, 7.38394546509, 7.91800451279, 8.44045352936, 8.96290206909, 9.49696159363, 10.0310201645, 10.5534696579, 11.0759181976, 11.6099767685, 12.144036293, 12.6780948639, 13.2121543884, 13.7462129593, 14.2802715302, 14.8143310547, 15.3599996567, 15.9172782898, 16.4745578766, 17.031835556, 17.5775051117, 18.1115646362, 18.6456241608, 19.179681778, 19.7137413025, 20.247800827, 20.7818584442, 21.3159179688]
    bpm_estimates: [114.843742371, 114.843765259, 114.843765259, 112.347129822, 112.347129822, 109.956802368, 114.843742371, 114.843742371, 114.843742371, 114.843742371, 112.347229004, 112.347129822, 112.347129822, 112.347129822, 114.843742371, 114.843849182, 112.34703064, 112.347229004, 114.843635559, 114.843849182, 112.347229004, 112.34703064, 112.347229004, 112.34703064, 112.347229004, 112.347229004, 112.34703064, 109.956848145, 107.666069031, 107.665885925, 107.666252136, 109.95665741, 112.34703064, 112.34703064, 112.347427368, 112.34703064, 112.34703064, 112.347427368, 112.34703064]
    bpm_intervals: [0.522449016571, 0.522448897362, 0.522448897362, 0.534059047699, 0.534059047699, 0.545668840408, 0.522449016571, 0.522449016571, 0.522449016571, 0.522449016571, 0.534058570862, 0.534059047699, 0.534059047699, 0.534059047699, 0.522449016571, 0.522448539734, 0.534059524536, 0.534058570862, 0.522449493408, 0.522448539734, 0.534058570862, 0.534059524536, 0.534058570862, 0.534059524536, 0.534058570862, 0.534058570862, 0.534059524536, 0.54566860199, 0.557278633118, 0.557279586792, 0.557277679443, 0.545669555664, 0.534059524536, 0.534059524536, 0.534057617188, 0.534059524536, 0.534059524536, 0.534057617188, 0.534059524536]
    onset_times: [0.127709746361, 0.522448956966, 1.19582772255, 1.90403628349, 2.27555561066, 2.85605430603, 2.9837641716, 3.33206343651, 3.85451245308, 4.02866220474, 4.27247142792, 4.72526073456, 5.4334692955, 5.60761928558, 6.14167785645, 6.24616765976, 6.47836732864, 6.66412687302, 6.87310647964, 7.72063493729, 8.25469398499, 8.45206356049, 8.55655288696, 8.83519268036, 8.95129299164, 9.17188167572, 9.42730140686, 10.3677101135, 10.6695690155, 10.8553285599, 11.0759181976, 11.4242172241, 12.144036293, 12.4923353195, 13.2005443573, 13.572063446, 14.0945129395, 14.5705213547, 14.8143310547, 15.0697507858, 16.3816776276, 17.0898857117, 17.4381866455, 17.786485672, 18.1347846985, 18.4946937561, 19.9227218628, 20.2710208893, 20.7122001648, 20.9908390045, 21.1185493469, 21.3159179688]
    perceptual_tempo: "unknown"

sfx:
    inharmonicity:
        dmean: 0.0648837685585
        dmean2: 0.113558262587
        dvar: 0.00362005946226
        dvar2: 0.0107074314728
        max: 0.402746617794
        mean: 0.0771596953273
        median: 0.0601799637079
        min: 0.000175389184733
        var: 0.00409722188488
    oddtoevenharmonicenergyratio:
        dmean: 2.08730959892
        dmean2: 3.84670543671
        dvar: 39.0596580505
        dvar2: 116.278648376
        max: 92.7632369995
        mean: 1.59229028225
        median: 0.614962518215
        min: 0.00376829318702
        var: 22.0765399933
    pitch_after_max_to_before_max_energy_ratio: 0.0748220384121
    pitch_centroid: 440.181945801
    pitch_max_to_total: 0.942060112953
    pitch_min_to_total: 0.216738194227
    tristimulus:
        dmean: [0.152960434556, 0.252938896418, 0.160695910454]
        dmean2: [0.265803456306, 0.444255679846, 0.282285392284]
        dvar: [0.0178628917783, 0.0459699891508, 0.0195062030107]
        dvar2: [0.0486596189439, 0.136029228568, 0.0520557872951]
        max: [0.909064948559, 0.989039123058, 0.829869329929]
        mean: [0.264856517315, 0.505355715752, 0.179122194648]
        median: [0.228342905641, 0.520649671555, 0.164350420237]
        min: [0.0109608788043, 0, 0]
        var: [0.0247122105211, 0.0529125630856, 0.0253443568945]

tonal:
    chords_changes_rate: 0.0406852252781
    chords_number_rate: 0.0128479655832
    chords_strength:
        dmean: 0.0109487930313
        dmean2: 0.0101358611137
        dvar: 9.14003103389e-005
        dvar2: 8.93196556717e-005
        max: 0.708770155907
        mean: 0.53848940134
        median: 0.553175747395
        min: 0.306329399347
        var: 0.00812027323991
    key_strength: 0.721323728561
    tuning_diatonic_strength: 0.54051232338
    tuning_equal_tempered_deviation: 0.0617746151984
    tuning_frequency: 442.548919678
    tuning_nontempered_energy_ratio: 0.731518447399
    hpcp:
        dmean: [0.20981991291, 0.16742824018, 0.13387542963, 0.12715600431, 0.121181383729, 0.137891709805, 0.147686332464, 0.13075055182, 0.13040971756, 0.111626818776, 0.0934745296836, 0.135198935866, 0.176996678114, 0.156031504273, 0.128077253699, 0.113434322178, 0.106784917414, 0.113826595247, 0.109879851341, 0.11406545341, 0.15415661037, 0.174308001995, 0.14562240243, 0.147261962295, 0.143648937345, 0.152518928051, 0.205221652985, 0.212216675282, 0.210471838713, 0.182234376669, 0.155456528068, 0.133287787437, 0.15134267509, 0.192096412182, 0.184700116515, 0.193114086986]
        dmean2: [0.362273842096, 0.285249352455, 0.230583444238, 0.22104986012, 0.203895717859, 0.239030003548, 0.248729452491, 0.221615314484, 0.217418685555, 0.185592189431, 0.153692737222, 0.213562458754, 0.284822225571, 0.258997231722, 0.213329538703, 0.190721020103, 0.177357494831, 0.196885511279, 0.193716615438, 0.195462331176, 0.258460015059, 0.298095136881, 0.254013776779, 0.257283866405, 0.250522971153, 0.257756739855, 0.35505014658, 0.362825512886, 0.363525480032, 0.316947370768, 0.274531632662, 0.223113417625, 0.255891919136, 0.32909938693, 0.31101462245, 0.321627616882]
        dvar: [0.0475068427622, 0.026470374316, 0.0217962469906, 0.0239950735122, 0.0181185919791, 0.0227830018848, 0.0293506085873, 0.0232025422156, 0.0233088154346, 0.0170271880925, 0.0114823468029, 0.016462597996, 0.0326754264534, 0.0251702014357, 0.0191848855466, 0.0176854934543, 0.0150180784985, 0.0222584288567, 0.0238465387374, 0.0214690733701, 0.0338553190231, 0.039077848196, 0.0258713196963, 0.0421294346452, 0.0385076850653, 0.0375970005989, 0.0467536374927, 0.0482538454235, 0.0461657270789, 0.0418512970209, 0.0404394082725, 0.0221250336617, 0.0259766541421, 0.0395356118679, 0.0310287028551, 0.0382345505059]
        dvar2: [0.107607394457, 0.0699516907334, 0.0594015233219, 0.0591024942696, 0.0460593625903, 0.055418793112, 0.0725527852774, 0.0575479120016, 0.0624188929796, 0.042273323983, 0.0319217666984, 0.0425492376089, 0.0765667930245, 0.0640334784985, 0.0528648383915, 0.0500299707055, 0.041411396116, 0.0619615651667, 0.0682961344719, 0.0555047281086, 0.0932589769363, 0.10272398591, 0.0715294331312, 0.110979229212, 0.0995336994529, 0.106134243309, 0.125516831875, 0.119906142354, 0.115021057427, 0.106573246419, 0.104809992015, 0.0561933629215, 0.0714901015162, 0.103779420257, 0.0827871784568, 0.0932777971029]
        max: [1, 1, 1, 1, 1, 1, 1, 1, 1, 1, 0.930932343006, 0.926345765591, 1, 1, 0.868797361851, 1, 1, 1, 1, 1, 1, 1, 1, 1, 1, 1, 1, 1, 1, 1, 1, 1, 1, 1, 1, 1]
        mean: [0.420447468758, 0.28607288003, 0.204988464713, 0.186687380075, 0.169971600175, 0.22219581902, 0.262204676867, 0.231335908175, 0.204201862216, 0.176420137286, 0.156168550253, 0.272797524929, 0.385227888823, 0.302050441504, 0.207166209817, 0.18526725471, 0.175206542015, 0.182419896126, 0.164036422968, 0.153623506427, 0.243909746408, 0.287280470133, 0.20828127861, 0.170542672276, 0.169868469238, 0.186390295625, 0.361823648214, 0.497343569994, 0.356778770685, 0.219763740897, 0.195548176765, 0.189571082592, 0.277745366096, 0.369986087084, 0.3261975348, 0.37002441287]
        median: [0.302875727415, 0.227217569947, 0.155593335629, 0.132939845324, 0.116256140172, 0.150084018707, 0.177438601851, 0.159417212009, 0.147705629468, 0.129052430391, 0.12448618561, 0.233930677176, 0.307200461626, 0.264394253492, 0.161330074072, 0.138559728861, 0.136636897922, 0.130096375942, 0.103704325855, 0.101315565407, 0.167636811733, 0.187541216612, 0.142732068896, 0.100460059941, 0.0917580723763, 0.104421168566, 0.276661872864, 0.462995290756, 0.261733084917, 0.136401623487, 0.124055363238, 0.130011349916, 0.221873506904, 0.281010568142, 0.264314651489, 0.277261644602]
        min: [0, 0, 0, 0, 0, 0, 0, 0, 0, 0, 0, 0, 0, 0, 0, 0, 0, 0, 0, 0, 0, 0, 0, 0, 0, 0, 0, 0, 0, 0, 0, 0, 0, 0, 0, 0]
        var: [0.109841324389, 0.043699439615, 0.0264820922166, 0.0300065483898, 0.0237874221057, 0.03815824911, 0.0542628578842, 0.0412059798837, 0.0344023220241, 0.0248883403838, 0.0141392610967, 0.0320203639567, 0.077179402113, 0.0436094813049, 0.0273925662041, 0.0261123683304, 0.0202379524708, 0.0274961963296, 0.0293387807906, 0.0266232416034, 0.050168775022, 0.0689603388309, 0.0352417975664, 0.0420801974833, 0.0435263775289, 0.0457890592515, 0.0852903649211, 0.135789483786, 0.083074465394, 0.0499122850597, 0.0459641292691, 0.0296903382987, 0.0387264192104, 0.0771107301116, 0.0528782457113, 0.0754642188549]
    chords_histogram: [52.2483940125, 15.8458242416, 0, 11.5631694794, 0, 1.28479659557, 0, 0, 0, 0, 0, 0, 0, 0, 0, 0, 0, 0, 8.9935760498, 0, 0, 0, 10.064239502, 0]
    thpcp: [1, 0.717368841171, 0.441875100136, 0.393185287714, 0.381167262793, 0.558457732201, 0.743924558163, 0.655879676342, 0.744001626968, 0.845386385918, 0.575201749802, 0.412166714668, 0.375369042158, 0.341758906841, 0.446765244007, 0.527210354805, 0.465143054724, 0.410585105419, 0.354724884033, 0.314005374908, 0.548509180546, 0.774570941925, 0.607327520847, 0.41654548049, 0.372513622046, 0.352284729481, 0.366788476706, 0.329825162888, 0.308888077736, 0.490425050259, 0.577629804611, 0.418787509203, 0.342907160521, 0.341551542282, 0.374771714211, 0.727512478828]
    chords_key: "F#"
    chords_scale: "minor"
    key_key: "F#"
    key_scale: "minor"
