
metadata:
    version:
        essentia: "2.1-beta2"
    audio_properties:
        analysis_sample_rate: 44100
        bitrate: 320
        channels: 2
        equal_loudness: 1
        length: 294.948577881
        replay_gain: -14.893573761
        downmix: "mix"
    tags:
        album: "Greatest Hits - Hymns To The Rising Sun"
        artist: "Amon Amarth"
        comment: ""
        date: "2010"
        genre: "Melodic Death Metal"
        title: "Death In Fire"
        tracknumber: "11"

configuration:
    average_loudness:
        compute: 1
        frameSize: 88200
        hopSize: 44100
        silentFrames: "noise"
        windowType: "hann"
    general:
        analysisSampleRate: 44100
        endTime: 2000
        equalLoudness: 1
        nequalLoudness: 0
        shortSound: 0
        startTime: 0
    lowlevel:
        compute: 1
        frameSize: 2048
        hopSize: 1024
        zeroPadding: 0
        silentFrames: "noise"
        windowType: "blackmanharris62"
        mfccStats: ["mean", "cov", "icov"]
        stats: ["mean", "var", "median", "min", "max", "dmean", "dmean2", "dvar", "dvar2"]
    panning:
        compute: 0
        frameSize: 8192
        hopSize: 2048
        zeroPadding: 8192
        silentFrames: "noise"
        windowType: "hann"
        stats: ["copy"]
    rhythm:
        compute: 1
        maxTempo: 208
        minTempo: 40
        method: "degara"
        stats: ["mean", "var", "median", "min", "max", "dmean", "dmean2", "dvar", "dvar2"]
    segmentation:
        compute: 0
        cpw: 5
        inc1: 300
        inc2: 50
        minimumSegmentsLength: 10
        size1: 1000
        size2: 600
    sfx:
        compute: 1
        stats: ["mean", "var", "median", "min", "max", "dmean", "dmean2", "dvar", "dvar2"]
    svm:
        compute: 0
    tonal:
        compute: 1
        frameSize: 4096
        hopSize: 2048
        zeroPadding: 0
        silentFrames: "noise"
        windowType: "blackmanharris62"
        stats: ["mean", "var", "median", "min", "max", "dmean", "dmean2", "dvar", "dvar2"]

lowlevel:
    average_loudness: 0.946517050266
    barkbands_kurtosis:
        dmean: 0.830324947834
        dmean2: 1.35263717175
        dvar: 0.727517604828
        dvar2: 1.76750969887
        max: 14.8691158295
        mean: -0.320221990347
        median: -0.636155486107
        min: -1.87850868702
        var: 1.62976193428
    barkbands_skewness:
        dmean: 0.373817324638
        dmean2: 0.600085198879
        dvar: 0.0961662083864
        dvar2: 0.239417225122
        max: 2.32897639275
        mean: -0.884582459927
        median: -0.888835370541
        min: -3.41230130196
        var: 0.298422932625
    barkbands_spread:
        dmean: 6.95057868958
        dmean2: 11.2634763718
        dvar: 32.2102661133
        dvar2: 82.5451507568
        max: 63.5215072632
        mean: 34.4622192383
        median: 33.9349899292
        min: 5.29457426071
        var: 74.1424026489
    dissonance:
        dmean: 0.00619138870388
        dmean2: 0.0107578812167
        dvar: 3.37109158863e-005
        dvar2: 9.64544015005e-005
        max: 0.500000059605
        mean: 0.490543842316
        median: 0.492119312286
        min: 0.431549489498
        var: 4.37356975453e-005
    hfc:
        dmean: 3.20846819878
        dmean2: 5.45728778839
        dvar: 9.68129062653
        dvar2: 26.6581935883
        max: 44.2233428955
        mean: 14.145029068
        median: 13.9962129593
        min: 1.12855519988e-016
        var: 28.9815330505
    pitch:
        dmean: 952.356445313
        dmean2: 1826.81677246
        dvar: 1786190.875
        dvar2: 4353318.5
        max: 4904.21826172
        mean: 2532.51391602
        median: 3370.90820313
        min: 62.6420173645
        var: 2100271
    pitch_instantaneous_confidence:
        dmean: 0.0859767347574
        dmean2: 0.140946283937
        dvar: 0.0047603934072
        dvar2: 0.0121424784884
        max: 0.889001071453
        mean: 0.385820895433
        median: 0.38302269578
        min: 0.0963473320007
        var: 0.0151610253379
    pitch_salience:
        dmean: 0.0442307852209
        dmean2: 0.0753436237574
        dvar: 0.00135298701935
        dvar2: 0.00385323166847
        max: 0.932053148746
        mean: 0.724196016788
        median: 0.730113387108
        min: 0.338490903378
        var: 0.00249203247949
    silence_rate_20dB:
        dmean: 0
        dmean2: 0
        dvar: 0
        dvar2: 0
        max: 1
        mean: 1
        median: 1
        min: 1
        var: 0
    silence_rate_30dB:
        dmean: 0
        dmean2: 0
        dvar: 0
        dvar2: 0
        max: 1
        mean: 1
        median: 1
        min: 1
        var: 0
    silence_rate_60dB:
        dmean: 0.0366842485964
        dmean2: 0.0733742713928
        dvar: 0.0353365540504
        dvar2: 0.0807364881039
        max: 1
        mean: 0.0871379077435
        median: 0
        min: 0
        var: 0.0795325487852
    spectral_centroid:
        dmean: 231.519607544
        dmean2: 381.159973145
        dvar: 45556.3359375
        dvar2: 115000.007813
        max: 11440.9423828
        mean: 2349.46899414
        median: 2366.82421875
        min: 486.750701904
        var: 253023.4375
    spectral_complexity:
        dmean: 4.83869934082
        dmean2: 8.04015159607
        dvar: 18.8822822571
        dvar2: 49.7004318237
        max: 51
        mean: 25.7004871368
        median: 26
        min: 0
        var: 69.5996246338
    spectral_crest:
        dmean: 1.58288300037
        dmean2: 2.69495892525
        dvar: 1.76741802692
        dvar2: 4.96542072296
        max: 17.6560878754
        mean: 5.96742486954
        median: 5.64113330841
        min: 2.31521344185
        var: 3.24241995811
    spectral_decrease:
        dmean: 2.82961903908e-010
        dmean2: 4.73642902676e-010
        dvar: 8.41906753902e-020
        dvar2: 2.2546009592e-019
        max: 1.67360856607e-028
        mean: -1.26364885222e-009
        median: -1.24058319173e-009
        min: -3.3393852128e-009
        var: 2.13489409513e-019
    spectral_energy:
        dmean: 0.00132386432961
        dmean2: 0.00222622579895
        dvar: 1.79058542926e-006
        dvar2: 4.82087398268e-006
        max: 0.0151122482494
        mean: 0.00605228031054
        median: 0.00597124686465
        min: 1.0406980622e-020
        var: 4.79237769468e-006
    spectral_energyband_high:
        dmean: 0.000330828916049
        dmean2: 0.000577578030061
        dvar: 1.65913007777e-007
        dvar2: 4.35774524021e-007
        max: 0.00644102040678
        mean: 0.000656602380332
        median: 0.000535305589437
        min: 7.37089900192e-021
        var: 2.19276117264e-007
    spectral_energyband_low:
        dmean: 0.00032509790617
        dmean2: 0.000545123242773
        dvar: 1.09346601107e-007
        dvar2: 2.9240504773e-007
        max: 0.00339685380459
        mean: 0.000510115118232
        median: 0.000415451359004
        min: 1.23575849664e-023
        var: 1.33238259536e-007
    spectral_energyband_middle_high:
        dmean: 0.000784919480793
        dmean2: 0.00131490023341
        dvar: 4.80801816138e-007
        dvar2: 1.29546242533e-006
        max: 0.0134940100834
        mean: 0.00389720848761
        median: 0.0038213764783
        min: 1.28968978653e-021
        var: 2.3514357963e-006
    spectral_energyband_middle_low:
        dmean: 0.000506761018187
        dmean2: 0.0008459353121
        dvar: 4.18982779138e-007
        dvar2: 1.12901386728e-006
        max: 0.00730413431302
        mean: 0.00113684986718
        median: 0.000950983143412
        min: 2.03604886042e-022
        var: 5.73077215904e-007
    spectral_flatness_db:
        dmean: 0.0154356341809
        dmean2: 0.0250205378979
        dvar: 0.000196960245376
        dvar2: 0.000484050979139
        max: 0.293661564589
        mean: 0.133476033807
        median: 0.129088938236
        min: 0.0404935441911
        var: 0.000727227656171
    spectral_flux:
        dmean: 0.00653619458899
        dmean2: 0.0100635923445
        dvar: 3.92808760807e-005
        dvar2: 7.47757148929e-005
        max: 0.0960368961096
        mean: 0.0491991825402
        median: 0.0495707243681
        min: 6.559602167e-011
        var: 0.000128524217871
    spectral_kurtosis:
        dmean: 1.3911421299
        dmean2: 2.35836005211
        dvar: 1.55560386181
        dvar2: 4.48986053467
        max: 22.1794567108
        mean: 3.87300205231
        median: 3.76933789253
        min: -1.25428915024
        var: 2.6845395565
    spectral_rms:
        dmean: 0.000262951129116
        dmean2: 0.000437472190242
        dvar: 6.35164667528e-008
        dvar2: 1.69119843463e-007
        max: 0.00383974704891
        mean: 0.00237932964228
        median: 0.00241362932138
        min: 3.18640101284e-012
        var: 2.43458288196e-007
    spectral_rolloff:
        dmean: 229.269165039
        dmean2: 396.205322266
        dvar: 67993.953125
        dvar2: 168818.328125
        max: 19444.4824219
        mean: 3810.84667969
        median: 3746.77734375
        min: 387.59765625
        var: 481419.15625
    spectral_skewness:
        dmean: 0.181111693382
        dmean2: 0.301941424608
        dvar: 0.0254283361137
        dvar2: 0.0671268329024
        max: 3.66169047356
        mean: 1.17856681347
        median: 1.17276406288
        min: -0.0824572741985
        var: 0.0700799524784
    spectral_spread:
        dmean: 640102.4375
        dmean2: 1051677.875
        dvar: 570288898048
        dvar2: 1.44042898227e+012
        max: 41747784
        mean: 4185959.75
        median: 3941829.5
        min: 1735703
        var: 5.30359517184e+012
    spectral_strongpeak:
        dmean: 0.830249786377
        dmean2: 1.44342207909
        dvar: 0.922111332417
        dvar2: 2.28872251511
        max: 10.0954551697
        mean: 0.957839310169
        median: 0.297058284283
        min: 2.62631499881e-010
        var: 1.5404664278
    zerocrossingrate:
        dmean: 0.00571919046342
        dmean2: 0.00754448724911
        dvar: 3.00046413031e-005
        dvar2: 4.24522331741e-005
        max: 0.5244140625
        mean: 0.123838752508
        median: 0.12451171875
        min: 0.04443359375
        var: 0.000444037141278
    barkbands:
        dmean: [6.13223221535e-007, 0.000115476919746, 0.000214478190173, 0.000152056425577, 0.000258657819359, 9.17062789085e-005, 7.03397090547e-005, 8.22815200081e-005, 0.000112513196655, 8.97969439393e-005, 7.0289701398e-005, 8.0637713836e-005, 6.78084252286e-005, 7.22043114365e-005, 8.64960165927e-005, 0.000145248646731, 0.000238965454628, 0.000259656168055, 0.000408414722187, 0.000262148270849, 0.000162628886756, 6.31770890323e-005, 1.23593044918e-005, 4.85345617562e-006, 1.86856868822e-006, 6.49745715009e-008, 6.45152986589e-010]
        dmean2: [1.07737275812e-006, 0.000187755431398, 0.000372387177777, 0.0002578117128, 0.000448087055702, 0.00014997604012, 0.000119233700389, 0.000140246847877, 0.000188283796888, 0.000149946150486, 0.000116718292702, 0.000137258670293, 0.000113201742352, 0.000121006232803, 0.000144952588016, 0.000246614828939, 0.000404778169468, 0.000442791846581, 0.000682436861098, 0.000453752756584, 0.000281325192191, 0.000109504231659, 2.2204070774e-005, 8.86259385879e-006, 3.27313227899e-006, 1.0081546975e-007, 1.01667874119e-009]
        dvar: [3.10396050225e-013, 1.34629711823e-008, 5.85798005659e-008, 3.5039757762e-008, 2.28013860237e-007, 1.21621148708e-008, 1.25084271829e-008, 2.17092122057e-008, 3.76101176869e-008, 2.78786167485e-008, 2.28354224419e-008, 1.91231208646e-008, 1.36331195222e-008, 1.47157610542e-008, 1.54188057877e-008, 1.93851050767e-008, 5.73740805976e-008, 6.4192683169e-008, 1.60866065357e-007, 6.26424636607e-008, 3.74331072805e-008, 9.68217594988e-009, 3.63323593433e-010, 4.56904375445e-011, 9.26243803878e-012, 4.24972116688e-014, 1.10326258515e-018]
        dvar2: [9.1194369764e-013, 3.09677794519e-008, 1.57456071292e-007, 9.57635322152e-008, 6.32410831258e-007, 3.10181107466e-008, 3.31856107039e-008, 5.74591965119e-008, 1.00087163446e-007, 7.58170912718e-008, 6.03524981102e-008, 5.06085910956e-008, 3.51152564804e-008, 3.82073643834e-008, 3.9561903975e-008, 5.30472270555e-008, 1.55242190658e-007, 1.77412104563e-007, 4.31674891388e-007, 1.79670067268e-007, 9.61493569207e-008, 2.36470647508e-008, 9.3093077691e-010, 1.18199533494e-010, 2.00528274541e-011, 9.1213434104e-014, 2.45505510085e-018]
        max: [4.94793994221e-006, 0.000768551195506, 0.00218108901754, 0.00321344798431, 0.00538559770212, 0.00232000928372, 0.00289442902431, 0.00363325327635, 0.00352308526635, 0.00272860424593, 0.00311503140256, 0.00293690431863, 0.00216654827818, 0.00288520753384, 0.00271062878892, 0.00207677017897, 0.00643398612738, 0.00450537307188, 0.0096778627485, 0.00286407256499, 0.0037765649613, 0.00227053742856, 0.000367215194274, 0.000143151570228, 0.000121684504848, 9.30064470595e-006, 2.81180287942e-008]
        mean: [8.55553366819e-007, 0.000152986554895, 0.000253148726188, 0.000210976228118, 0.000333662173944, 0.000161699703312, 0.000100182995084, 0.000110187553219, 0.000171997991856, 0.000140398682561, 0.000105819337477, 0.000116095332487, 0.000112802707008, 0.000132571192808, 0.000165494391695, 0.000319042301271, 0.000570986943785, 0.000665164960083, 0.00117420509923, 0.0006428839406, 0.000305990775814, 8.39107451611e-005, 1.38617078846e-005, 4.92911976835e-006, 2.32667025557e-006, 1.11499083744e-007, 1.2381089487e-009]
        median: [7.26291432329e-007, 0.000108638843813, 0.000170044819242, 0.000139237410622, 0.000215623891563, 0.000115674316476, 6.31830480415e-005, 5.40684086445e-005, 7.80159098213e-005, 5.64625224797e-005, 3.67872125935e-005, 5.65207301406e-005, 6.30267022643e-005, 8.34161910461e-005, 0.000112127905595, 0.000286072172457, 0.000509126810357, 0.000603615364525, 0.00108330370858, 0.000609329959843, 0.000239226428675, 4.46400008514e-005, 7.07827803126e-006, 2.39062887886e-006, 1.19756282402e-006, 4.53804354095e-008, 6.9140704273e-010]
        min: [9.06104864221e-025, 3.76522402872e-024, 1.0151445712e-024, 1.45824054331e-024, 1.67544116622e-023, 1.30403464464e-023, 4.87233548336e-024, 9.33115796882e-024, 2.27133975204e-023, 1.90301160238e-023, 1.46476576406e-023, 3.64081585191e-023, 2.88212288098e-023, 5.16674925947e-023, 4.21587241708e-023, 6.34914825785e-023, 7.92853614252e-023, 1.11997195422e-022, 1.33464082271e-022, 1.8280012486e-022, 2.4099092285e-022, 3.19599132385e-022, 4.93577116508e-022, 6.28311883303e-022, 8.00967054973e-022, 1.38946289434e-021, 2.14266839736e-021]
        var: [4.72591583922e-013, 1.74363421479e-008, 6.30543013358e-008, 5.10566877665e-008, 1.88163610915e-007, 2.63113033583e-008, 1.59593405158e-008, 3.01312859108e-008, 6.34544790046e-008, 5.21838288137e-008, 4.36817231275e-008, 3.08462624332e-008, 2.49305376343e-008, 2.6010106069e-008, 3.25396314338e-008, 3.42730999137e-008, 1.2250961845e-007, 1.36638604431e-007, 4.19050195433e-007, 9.54875716275e-008, 5.83121000375e-008, 1.42468978837e-008, 3.73128444808e-010, 4.68684847876e-011, 2.00468600053e-011, 8.63379463409e-014, 2.70843003506e-018]
    frequency_bands:
        dmean: [6.13223221535e-007, 0.000115476919746, 0.000214478190173, 0.000152056425577, 0.000258657819359, 9.17062789085e-005, 7.03397090547e-005, 8.22815200081e-005, 0.000112513196655, 8.97969439393e-005, 7.0289701398e-005, 8.0637713836e-005, 6.78084252286e-005, 7.22043114365e-005, 8.64960165927e-005, 0.000145248646731, 0.000238965454628, 0.000259656168055, 0.000408414722187, 0.000262148270849, 0.000162628886756, 6.31770890323e-005, 1.23593044918e-005, 4.85345617562e-006, 1.86856868822e-006, 6.49745715009e-008, 6.45152986589e-010, 7.05835528914e-011]
        dmean2: [1.07737275812e-006, 0.000187755431398, 0.000372387177777, 0.0002578117128, 0.000448087055702, 0.00014997604012, 0.000119233700389, 0.000140246847877, 0.000188283796888, 0.000149946150486, 0.000116718292702, 0.000137258670293, 0.000113201742352, 0.000121006232803, 0.000144952588016, 0.000246614828939, 0.000404778169468, 0.000442791846581, 0.000682436861098, 0.000453752756584, 0.000281325192191, 0.000109504231659, 2.2204070774e-005, 8.86259385879e-006, 3.27313227899e-006, 1.0081546975e-007, 1.01667874119e-009, 1.30497404549e-010]
        dvar: [3.10396050225e-013, 1.34629711823e-008, 5.85798005659e-008, 3.5039757762e-008, 2.28013860237e-007, 1.21621148708e-008, 1.25084271829e-008, 2.17092122057e-008, 3.76101176869e-008, 2.78786167485e-008, 2.28354224419e-008, 1.91231208646e-008, 1.36331195222e-008, 1.47157610542e-008, 1.54188057877e-008, 1.93851050767e-008, 5.73740805976e-008, 6.4192683169e-008, 1.60866065357e-007, 6.26424636607e-008, 3.74331072805e-008, 9.68217594988e-009, 3.63323593433e-010, 4.56904375445e-011, 9.26243803878e-012, 4.24972116688e-014, 1.10326258515e-018, 9.17138362093e-021]
        dvar2: [9.1194369764e-013, 3.09677794519e-008, 1.57456071292e-007, 9.57635322152e-008, 6.32410831258e-007, 3.10181107466e-008, 3.31856107039e-008, 5.74591965119e-008, 1.00087163446e-007, 7.58170912718e-008, 6.03524981102e-008, 5.06085910956e-008, 3.51152564804e-008, 3.82073643834e-008, 3.9561903975e-008, 5.30472270555e-008, 1.55242190658e-007, 1.77412104563e-007, 4.31674891388e-007, 1.79670067268e-007, 9.61493569207e-008, 2.36470647508e-008, 9.3093077691e-010, 1.18199533494e-010, 2.00528274541e-011, 9.1213434104e-014, 2.45505510085e-018, 2.89565914846e-020]
        max: [4.94793994221e-006, 0.000768551195506, 0.00218108901754, 0.00321344798431, 0.00538559770212, 0.00232000928372, 0.00289442902431, 0.00363325327635, 0.00352308526635, 0.00272860424593, 0.00311503140256, 0.00293690431863, 0.00216654827818, 0.00288520753384, 0.00271062878892, 0.00207677017897, 0.00643398612738, 0.00450537307188, 0.0096778627485, 0.00286407256499, 0.0037765649613, 0.00227053742856, 0.000367215194274, 0.000143151570228, 0.000121684504848, 9.30064470595e-006, 2.81180287942e-008, 1.11095599387e-009]
        mean: [8.55553366819e-007, 0.000152986554895, 0.000253148726188, 0.000210976228118, 0.000333662173944, 0.000161699703312, 0.000100182995084, 0.000110187553219, 0.000171997991856, 0.000140398682561, 0.000105819337477, 0.000116095332487, 0.000112802707008, 0.000132571192808, 0.000165494391695, 0.000319042301271, 0.000570986943785, 0.000665164960083, 0.00117420509923, 0.0006428839406, 0.000305990775814, 8.39107451611e-005, 1.38617078846e-005, 4.92911976835e-006, 2.32667025557e-006, 1.11499083744e-007, 1.2381089487e-009, 5.71290272033e-011]
        median: [7.26291432329e-007, 0.000108638843813, 0.000170044819242, 0.000139237410622, 0.000215623891563, 0.000115674316476, 6.31830480415e-005, 5.40684086445e-005, 7.80159098213e-005, 5.64625224797e-005, 3.67872125935e-005, 5.65207301406e-005, 6.30267022643e-005, 8.34161910461e-005, 0.000112127905595, 0.000286072172457, 0.000509126810357, 0.000603615364525, 0.00108330370858, 0.000609329959843, 0.000239226428675, 4.46400008514e-005, 7.07827803126e-006, 2.39062887886e-006, 1.19756282402e-006, 4.53804354095e-008, 6.9140704273e-010, 2.48661993774e-011]
        min: [9.06104864221e-025, 3.76522402872e-024, 1.0151445712e-024, 1.45824054331e-024, 1.67544116622e-023, 1.30403464464e-023, 4.87233548336e-024, 9.33115796882e-024, 2.27133975204e-023, 1.90301160238e-023, 1.46476576406e-023, 3.64081585191e-023, 2.88212288098e-023, 5.16674925947e-023, 4.21587241708e-023, 6.34914825785e-023, 7.92853614252e-023, 1.11997195422e-022, 1.33464082271e-022, 1.8280012486e-022, 2.4099092285e-022, 3.19599132385e-022, 4.93577116508e-022, 6.28311883303e-022, 8.00967054973e-022, 1.38946289434e-021, 2.14266839736e-021, 5.8431626496e-022]
        var: [4.72591583922e-013, 1.74363421479e-008, 6.30543013358e-008, 5.10566877665e-008, 1.88163610915e-007, 2.63113033583e-008, 1.59593405158e-008, 3.01312859108e-008, 6.34544790046e-008, 5.21838288137e-008, 4.36817231275e-008, 3.08462624332e-008, 2.49305376343e-008, 2.6010106069e-008, 3.25396314338e-008, 3.42730999137e-008, 1.2250961845e-007, 1.36638604431e-007, 4.19050195433e-007, 9.54875716275e-008, 5.83121000375e-008, 1.42468978837e-008, 3.73128444808e-010, 4.68684847876e-011, 2.00468600053e-011, 8.63379463409e-014, 2.70843003506e-018, 7.38948956307e-021]
    mfcc:
        mean: [-678.198547363, 91.1761245728, -60.6908607483, 68.5938186646, -8.44486904144, -3.462195158, 4.38266801834, 0.368210673332, 1.02138316631, -2.98053956032, -2.32708120346, -4.19028997421, -4.08955955505]
        cov: [[2941.72021484, 75.5208816528, 25.7987194061, 4.21680498123, -146.506835938, 135.863861084, 24.3414649963, 75.3452148438, 45.4156188965, 9.3167142868, 31.9681720734, 38.5301055908, -22.7445487976], [75.5208816528, 360.483459473, -188.123764038, 128.768981934, -14.9968166351, -42.8860664368, 16.8480110168, -13.7735548019, -6.89377117157, -13.1986904144, -12.9994258881, -31.2434520721, -10.0704908371], [25.7987194061, -188.123764038, 309.907196045, -92.9287338257, 22.6832447052, 57.0310592651, -8.92530536652, 29.5876293182, 18.7226696014, 7.87679386139, 10.9026346207, 32.7496376038, 11.1332740784], [4.21680498123, 128.768981934, -92.9287338257, 220.40574646, 68.2987518311, -35.0266952515, -18.3653068542, -35.1233825684, -15.3889026642, -1.62496745586, 4.38568973541, -6.27085208893, 10.5218086243], [-146.506835938, -14.9968166351, 22.6832447052, 68.2987518311, 127.375740051, 10.8690757751, 8.73894023895, -22.0386543274, -17.4249954224, 14.7139520645, 8.62713813782, 9.23169994354, 14.1009378433], [135.863861084, -42.8860664368, 57.0310592651, -35.0266952515, 10.8690757751, 90.5041809082, 19.8854484558, 18.2608890533, -0.734467387199, 4.48990440369, 7.1083521843, 13.315984726, 2.63815116882], [24.3414649963, 16.8480110168, -8.92530536652, -18.3653068542, 8.73894023895, 19.8854484558, 80.2777481079, 35.2492828369, 10.9797086716, -9.24570083618, -10.141661644, 5.50701904297, 7.27823162079], [75.3452148438, -13.7735548019, 29.5876293182, -35.1233825684, -22.0386543274, 18.2608890533, 35.2492828369, 72.6632080078, 32.9471321106, 9.46938514709, -10.35044384, 1.12133216858, -0.804651141167], [45.4156188965, -6.89377117157, 18.7226696014, -15.3889026642, -17.4249954224, -0.734467387199, 10.9797086716, 32.9471321106, 64.9042434692, 23.337518692, 13.203245163, -0.404300838709, -2.71533751488], [9.3167142868, -13.1986904144, 7.87679386139, -1.62496745586, 14.7139520645, 4.48990440369, -9.24570083618, 9.46938514709, 23.337518692, 58.1557121277, 24.8001728058, 5.86541128159, -4.60235786438], [31.9681720734, -12.9994258881, 10.9026346207, 4.38568973541, 8.62713813782, 7.1083521843, -10.141661644, -10.35044384, 13.203245163, 24.8001728058, 59.1263427734, 25.6350593567, 8.00449943542], [38.5301055908, -31.2434520721, 32.7496376038, -6.27085208893, 9.23169994354, 13.315984726, 5.50701904297, 1.12133216858, -0.404300838709, 5.86541128159, 25.6350593567, 52.069683075, 26.4282722473], [-22.7445487976, -10.0704908371, 11.1332740784, 10.5218086243, 14.1009378433, 2.63815116882, 7.27823162079, -0.804651141167, -2.71533751488, -4.60235786438, 8.00449943542, 26.4282722473, 47.2048225403]]
        icov: [[0.000432557426393, -7.4994219176e-005, -6.2656661612e-005, -0.000415565009462, 0.000767359684687, -0.000793920946307, -5.57415733056e-005, -0.000141249911394, -5.67874958506e-005, -8.16815590952e-005, -6.89735970809e-005, -0.000445366837084, 0.000370967376512], [-7.4994219176e-005, 0.0050667016767, 0.00182314857375, -0.00276896264404, 0.00175933772698, 0.000276845385088, -0.00204691919498, 0.000294843543088, 0.000182947464054, -0.000108734377136, -0.000218800123548, 0.00144180108327, 0.000241400673985], [-6.2656661612e-005, 0.00182314857375, 0.00602555647492, 0.00169600674417, -0.0027758772485, -0.00190748856403, 0.00328600686044, -0.00240040244535, -0.00214682985097, 0.00234579574317, 0.000490516191348, -0.0024596338626, 0.000346933666151], [-0.000415565009462, -0.00276896264404, 0.00169600674417, 0.00965834595263, -0.00710702268407, 0.00199984479696, 0.00423827907071, -0.000611504190601, -0.0013830967946, 0.00252818665467, -0.000446067744633, -0.000181195457117, -0.00165241968352], [0.000767359684687, 0.00175933772698, -0.0027758772485, -0.00710702268407, 0.0165344197303, -0.00258093234152, -0.00753168947995, 0.0057500298135, 0.00416500167921, -0.00792349968106, 0.000693293404765, 0.0013590924209, -0.00196312880144], [-0.000793920946307, 0.000276845385088, -0.00190748856403, 0.00199984479696, -0.00258093234152, 0.0161159820855, -0.00302100577392, -0.00272107264027, 0.00370307825506, -0.000470236467663, -0.00254605873488, -6.32264127489e-005, 0.000604646746069], [-5.57415733056e-005, -0.00204691919498, 0.00328600686044, 0.00423827907071, -0.00753168947995, -0.00302100577392, 0.0227181240916, -0.0114463968202, -0.00339302001521, 0.00798990763724, 0.00121316185687, -0.00384135753848, -0.000933699833695], [-0.000141249911394, 0.000294843543088, -0.00240040244535, -0.000611504190601, 0.0057500298135, -0.00272107264027, -0.0114463968202, 0.0295859556645, -0.0102299125865, -0.00729878526181, 0.00947858020663, -0.00166481977794, -0.000574381148908], [-5.67874958506e-005, 0.000182947464054, -0.00214682985097, -0.0013830967946, 0.00416500167921, 0.00370307825506, -0.00339302001521, -0.0102299125865, 0.0272113233805, -0.00819067005068, -0.00790761224926, 0.00604415126145, -0.00155237980653], [-8.16815590952e-005, -0.000108734377136, 0.00234579574317, 0.00252818665467, -0.00792349968106, -0.000470236467663, 0.00798990763724, -0.00729878526181, -0.00819067005068, 0.0294387694448, -0.0099327955395, -0.00115717307199, 0.00458872830495], [-6.89735970809e-005, -0.000218800123548, 0.000490516191348, -0.000446067744633, 0.000693293404765, -0.00254605873488, 0.00121316185687, 0.00947858020663, -0.00790761224926, -0.0099327955395, 0.0313352607191, -0.0155095728114, 0.00175999570638], [-0.000445366837084, 0.00144180108327, -0.0024596338626, -0.000181195457117, 0.0013590924209, -6.32264127489e-005, -0.00384135753848, -0.00166481977794, 0.00604415126145, -0.00115717307199, -0.0155095728114, 0.0391947627068, -0.0182039886713], [0.000370967376512, 0.000241400673985, 0.000346933666151, -0.00165241968352, -0.00196312880144, 0.000604646746069, -0.000933699833695, -0.000574381148908, -0.00155237980653, 0.00458872830495, 0.00175999570638, -0.0182039886713, 0.0326392203569]]
    sccoeffs:
        dmean: [0.0548971742392, 0.0470427572727, 0.0379183292389, 0.0282861907035, 0.0214124377817, 0.0229950137436]
        dmean2: [0.0904167443514, 0.0795608684421, 0.0642857849598, 0.0479018948972, 0.0355711057782, 0.037719592452]
        dvar: [0.00181890022941, 0.00132509274408, 0.000915118260309, 0.000488862104248, 0.000283941073576, 0.00041701993905]
        dvar2: [0.00498398207128, 0.00370574602857, 0.00256830779836, 0.00135549309198, 0.000783028255682, 0.00102214340586]
        max: [-0.359766215086, -0.547783076763, -0.562484323978, -0.596856832504, -0.627248704433, -0.562458157539]
        mean: [-0.685727953911, -0.779927432537, -0.806636154652, -0.805443286896, -0.786629617214, -0.722435295582]
        median: [-0.689935207367, -0.783787369728, -0.812252163887, -0.807905852795, -0.788004040718, -0.723620772362]
        min: [-0.975827872753, -0.983314037323, -0.995206594467, -0.989896476269, -0.993185341358, -0.964946568012]
        var: [0.00429910700768, 0.00293179624714, 0.00230171857402, 0.00121057673823, 0.000864282657858, 0.00131607358344]
    scvalleys:
        dmean: [0.369200825691, 0.397023320198, 0.364924639463, 0.254135221243, 0.188896581531, 0.485025823116]
        dmean2: [0.631599128246, 0.657231509686, 0.593540787697, 0.416032731533, 0.310611605644, 0.804494857788]
        dvar: [0.0964996814728, 0.110884547234, 0.100478157401, 0.0539866276085, 0.0402723327279, 0.292268544436]
        dvar2: [0.255897462368, 0.27787193656, 0.245688408613, 0.120408050716, 0.0839465111494, 0.674880623817]
        max: [-5.31654644012, -4.79826784134, -5.03627586365, -5.59737300873, -5.5261631012, -7.51501750946]
        mean: [-6.58384895325, -6.61099338531, -6.80196809769, -6.78495693207, -6.35389757156, -9.50120067596]
        median: [-6.39613723755, -6.49959850311, -6.75177669525, -6.66626644135, -6.20476531982, -9.3809223175]
        min: [-28.4068470001, -27.804479599, -27.6628608704, -27.5508975983, -27.6121635437, -27.3689308167]
        var: [1.81947171688, 1.50656878948, 1.58152973652, 1.43850255013, 1.37875914574, 1.50134372711]

rhythm:
    beats_loudness:
        dmean: 0.00175536051393
        dmean2: 0.00315899937414
        dvar: 2.2371061732e-006
        dvar2: 7.11277562004e-006
        max: 0.0125667089596
        mean: 0.00540147069842
        median: 0.0052751689218
        min: 5.51278727529e-012
        var: 3.92561423723e-006
    bpm: 130.004669189
    bpm_confidence: 0
    first_peak_bpm: 129
    first_peak_spread: 0.314285755157
    first_peak_weight: 0.678178966045
    onset_rate: 3.66165542603
    second_peak_bpm: 136
    second_peak_spread: 0
    second_peak_weight: 0.00941915251315
    beats_loudness_band_ratio:
        dmean: [0.0621135644615, 0.108838379383, 0.0460650622845, 0.0555498860776, 0.0784824043512, 0.0798805952072]
        dmean2: [0.109557747841, 0.207440018654, 0.0819208845496, 0.0984938144684, 0.136866658926, 0.136771574616]
        dvar: [0.00376315880567, 0.00597488228232, 0.00226006982848, 0.00448275730014, 0.00400576787069, 0.00352431763895]
        dvar2: [0.011892573908, 0.019612479955, 0.00649744551629, 0.0138170346618, 0.0115578416735, 0.0110088149086]
        max: [0.570029437542, 0.435869514942, 0.3226775527, 0.443527132273, 0.611864089966, 0.656504392624]
        mean: [0.121463440359, 0.126056998968, 0.0749585330486, 0.0872696787119, 0.312051892281, 0.307045757771]
        median: [0.103871762753, 0.116076275706, 0.0585217773914, 0.0541399344802, 0.307652950287, 0.301831007004]
        min: [0, 0, 0, 0, 0, 0]
        var: [0.00612873258069, 0.00721602886915, 0.00279242428951, 0.00545318285003, 0.00673379050568, 0.00670375209302]
    beats_position: [0.522448956966, 1.01006805897, 1.48607707024, 1.95047616959, 2.42648530006, 2.87927436829, 3.34367346764, 3.80807256699, 4.27247142792, 4.73687076569, 5.20126962662, 5.66566896439, 6.13006782532, 6.59446716309, 7.04725599289, 7.50004529953, 7.95283412933, 8.40562343597, 8.87002277374, 9.33442115784, 9.79882049561, 10.2632198334, 10.7276191711, 11.1920175552, 11.656416893, 12.1208162308, 12.5852155685, 13.0380039215, 13.4907932281, 13.9435825348, 14.3963718414, 14.8607711792, 15.3251695633, 15.7895689011, 16.2539672852, 16.7183666229, 17.1827659607, 17.6471652985, 18.1115646362, 18.5643539429, 19.0171432495, 19.458322525, 19.9227199554, 20.3871192932, 20.851518631, 21.3159179688, 21.7803173065, 22.2447166443, 22.7091159821, 23.1735134125, 23.6263027191, 24.0907020569, 24.5551013947, 25.0078907013, 25.4722900391, 25.9366893768, 26.4010887146, 26.865486145, 27.3182754517, 27.7826747894, 28.2354640961, 28.6998634338, 29.1642627716, 29.6286621094, 30.0930614471, 30.5574588776, 31.0218582153, 31.4862575531, 31.9506568909, 32.4034461975, 32.8678436279, 33.3206329346, 33.7734222412, 34.2262115479, 34.690612793, 35.1550102234, 35.6194114685, 36.0838088989, 36.5598182678, 37.0126075745, 37.4770050049, 37.94140625, 38.4058036804, 38.8702049255, 39.334602356, 39.7873916626, 40.2401809692, 40.7045783997, 41.1689796448, 41.6333770752, 42.0977783203, 42.5621757507, 43.0149650574, 43.467754364, 43.9321517944, 44.3965530396, 44.8493423462, 45.3021316528, 45.7665290833, 46.2309303284, 46.6953277588, 47.1597251892, 47.6241264343, 48.0885238647, 48.5413131714, 48.994102478, 49.4585037231, 49.9229011536, 50.3756904602, 50.8284797668, 51.2928771973, 51.7572784424, 52.2216758728, 52.6860771179, 53.1620864868, 53.6264839172, 54.0908851624, 54.5668907166, 55.0312919617, 55.4956893921, 55.9600906372, 56.4128799438, 56.8656692505, 57.3300666809, 57.794467926, 58.2588653564, 58.7232627869, 59.187664032, 59.6404533386, 60.0932426453, 60.5576400757, 61.0104293823, 61.4748306274, 61.9276161194, 62.3920173645, 62.8564147949, 63.32081604, 63.7736053467, 64.2263946533, 64.6907958984, 65.1551895142, 65.6195907593, 66.0839920044, 66.536781311, 66.9895706177, 67.4539642334, 67.9183654785, 68.3827667236, 68.8587722778, 69.3347854614, 69.7991790771, 70.2635803223, 70.7279815674, 71.1923828125, 71.6567764282, 72.1095657349, 72.57396698, 73.0383682251, 73.4911575317, 73.9439468384, 74.396736145, 74.8611297607, 75.3255310059, 75.789932251, 76.2543258667, 76.7187271118, 77.1831283569, 77.6359176636, 78.0887069702, 78.5531082153, 79.0291137695, 79.4819030762, 79.9463043213, 80.410697937, 80.8750991821, 81.3278884888, 81.7806777954, 82.2334671021, 82.6862564087, 83.1506576538, 83.6150588989, 84.0794525146, 84.5438537598, 85.0082550049, 85.4726486206, 85.9370498657, 86.4014511108, 86.865852356, 87.3302459717, 87.7830352783, 88.235824585, 88.7002258301, 89.1530151367, 89.6174163818, 90.0702056885, 90.5345993042, 90.9990005493, 91.4634017944, 91.9277954102, 92.3805847168, 92.8333740234, 93.2977752686, 93.7621765137, 94.2265777588, 94.6909713745, 95.1553726196, 95.6197738647, 96.0841674805, 96.5369567871, 96.9897460938, 97.4541473389, 97.918548584, 98.3829498291, 98.8473434448, 99.3117446899, 99.7761459351, 100.240539551, 100.704940796, 101.169342041, 101.633743286, 102.086524963, 102.53931427, 103.003715515, 103.46811676, 103.920906067, 104.373695374, 104.838096619, 105.302490234, 105.766891479, 106.231292725, 106.69568634, 107.160087585, 107.612876892, 108.065666199, 108.530067444, 108.994468689, 109.447257996, 109.900039673, 110.364440918, 110.828842163, 111.28163147, 111.746032715, 112.222038269, 112.686439514, 113.15083313, 113.615234375, 114.07963562, 114.532424927, 114.985214233, 115.449615479, 115.914009094, 116.378410339, 116.842811584, 117.295600891, 117.759994507, 118.212783813, 118.66557312, 119.118362427, 119.582763672, 120.047164917, 120.511566162, 120.975959778, 121.440361023, 121.904762268, 122.369155884, 122.833557129, 123.297958374, 123.762359619, 124.226753235, 124.679542542, 125.143943787, 125.596733093, 126.061134338, 126.525527954, 126.989929199, 127.454330444, 127.91872406, 128.383132935, 128.835922241, 129.288711548, 129.753097534, 130.217498779, 130.681900024, 131.14630127, 131.599090576, 132.051879883, 132.516281128, 132.980682373, 133.445083618, 133.909469604, 134.37387085, 134.838272095, 135.30267334, 135.767074585, 136.23147583, 136.695877075, 137.148666382, 137.601455688, 138.065841675, 138.53024292, 138.994644165, 139.45904541, 139.923446655, 140.376235962, 140.829025269, 141.293426514, 141.757827759, 142.222213745, 142.68661499, 143.151016235, 143.603805542, 144.056594849, 144.520996094, 144.9737854, 145.426574707, 145.890975952, 146.355377197, 146.819763184, 147.284164429, 147.736953735, 148.189743042, 148.665756226, 149.141769409, 149.606170654, 150.070556641, 150.534957886, 150.999359131, 151.463760376, 151.916549683, 152.369338989, 152.833740234, 153.298141479, 153.762542725, 154.226928711, 154.691329956, 155.144119263, 155.596908569, 156.061309814, 156.52571106, 156.990112305, 157.442901611, 157.895690918, 158.360092163, 158.824493408, 159.265670776, 159.730072021, 160.182861328, 160.635650635, 161.100036621, 161.564437866, 162.04045105, 162.516464233, 162.980865479, 163.445251465, 163.90965271, 164.374053955, 164.8384552, 165.302856445, 165.76725769, 166.231658936, 166.696044922, 167.148834229, 167.601623535, 168.06602478, 168.530426025, 168.983215332, 169.447616577, 169.912017822, 170.364807129, 170.829208374, 171.293609619, 171.757995605, 172.222396851, 172.686798096, 173.139587402, 173.592376709, 174.056777954, 174.521179199, 174.985580444, 175.449981689, 175.914367676, 176.367156982, 176.819946289, 177.284347534, 177.748748779, 178.213150024, 178.689163208, 179.153549194, 179.606338501, 180.070739746, 180.535140991, 180.987930298, 181.452331543, 181.916732788, 182.369522095, 182.83392334, 183.298324585, 183.762710571, 184.215499878, 184.679901123, 185.144302368, 185.597091675, 186.06149292, 186.525894165, 186.99029541, 187.443084717, 187.895874023, 188.360275269, 188.813064575, 189.277450562, 189.730239868, 190.194641113, 190.659042358, 191.123443604, 191.57623291, 192.029022217, 192.493423462, 192.957824707, 193.422225952, 193.886611938, 194.351013184, 194.815414429, 195.279815674, 195.744216919, 196.208618164, 196.661407471, 197.114196777, 197.578598022, 198.042984009, 198.507385254, 198.971786499, 199.436187744, 199.900588989, 200.364990234, 200.829391479, 201.293777466, 201.746566772, 202.199356079, 202.663757324, 203.128158569, 203.580947876, 204.033737183, 204.498138428, 204.962539673, 205.426940918, 205.891326904, 206.355728149, 206.820129395, 207.28453064, 207.748931885, 208.21333313, 208.677734375, 209.130523682, 209.583312988, 210.047698975, 210.51210022, 210.976501465, 211.452514648, 211.905303955, 212.3697052, 212.822494507, 213.275283813, 213.739685059, 214.192474365, 214.645263672, 215.109649658, 215.574050903, 216.038452148, 216.502853394, 216.967254639, 217.431655884, 217.896057129, 218.360443115, 218.82484436, 219.289245605, 219.753646851, 220.206436157, 220.670837402, 221.123626709, 221.576416016, 222.029205322, 222.493606567, 222.958007813, 223.422393799, 223.886795044, 224.351196289, 224.815597534, 225.279998779, 225.744400024, 226.20880127, 226.673187256, 227.137588501, 227.601989746, 228.066390991, 228.530792236, 228.995193481, 229.447982788, 229.889160156, 230.341949463, 230.806350708, 231.270736694, 231.735137939, 232.199539185, 232.66394043, 233.128341675, 233.59274292, 234.045532227, 234.498321533, 234.962722778, 235.427108765, 235.89151001, 236.344299316, 236.797088623, 237.261489868, 237.725891113, 238.190292358, 238.654693604, 239.119094849, 239.583480835, 240.04788208, 240.512283325, 240.97668457, 241.429473877, 241.882263184, 242.346664429, 242.811065674, 243.26385498, 243.716644287, 244.181045532, 244.645431519, 245.109832764, 245.574234009, 246.038635254, 246.503036499, 246.967437744, 247.443435669, 247.907836914, 248.360626221, 248.825027466, 249.277816772, 249.730606079, 250.195007324, 250.659408569, 251.123809814, 251.576599121, 252.041000366, 252.493789673, 252.958175659, 253.422576904, 253.886978149, 254.351379395, 254.81578064, 255.280181885, 255.732971191, 256.185760498, 256.650146484, 257.114562988, 257.578948975, 258.043365479, 258.484527588, 258.925720215, 259.390106201, 259.866119385, 260.342132568, 260.794921875, 261.247711182, 261.712097168, 262.176513672, 262.640899658, 263.105316162, 263.569702148, 264.034088135, 264.486877441, 264.939666748, 265.404083252, 265.868469238, 266.332885742, 266.797271729, 267.250061035, 267.702850342, 268.167236328, 268.631652832, 269.096038818, 269.548828125, 270.001617432, 270.466033936, 270.930419922, 271.394836426, 271.859222412, 272.323608398, 272.788024902, 273.240814209, 273.693603516, 274.169616699, 274.645629883, 275.110015869, 275.574401855, 276.027191162, 276.479980469, 276.944396973, 277.408782959, 277.873199463, 278.337585449, 278.802001953, 279.266387939, 279.730773926, 280.183563232, 280.636352539, 281.089141846, 281.541931152, 282.006347656, 282.470733643, 282.935150146, 283.399536133, 283.863952637, 284.328338623, 284.76953125, 285.245513916, 285.7215271, 286.185943604, 286.65032959, 287.103118896, 287.555908203, 288.020324707, 288.496307373, 288.94909668, 289.413513184, 289.87789917, 290.330688477, 290.783477783, 291.247894287, 291.712280273, 292.16506958, 292.617858887, 293.070648193, 293.535064697, 293.999450684, 294.46383667]
