
metadata:
    version:
        essentia: "2.1-beta2"
    audio_properties:
        analysis_sample_rate: 44100
        bitrate: 232
        channels: 2
        equal_loudness: 1
        length: 236.120819092
        replay_gain: -14.174074173
        downmix: "mix"
    tags:
        album: "Crossfade"
        artist: "Crossfade"
        comment: "Ripped by [HHI]"
        date: "2004"
        genre: "Rock"
        title: "Starless"
        tracknumber: "1"

configuration:
    average_loudness:
        compute: 1
        frameSize: 88200
        hopSize: 44100
        silentFrames: "noise"
        windowType: "hann"
    general:
        analysisSampleRate: 44100
        endTime: 2000
        equalLoudness: 1
        nequalLoudness: 0
        shortSound: 0
        startTime: 0
    lowlevel:
        compute: 1
        frameSize: 2048
        hopSize: 1024
        zeroPadding: 0
        silentFrames: "noise"
        windowType: "blackmanharris62"
        mfccStats: ["mean", "cov", "icov"]
        stats: ["mean", "var", "median", "min", "max", "dmean", "dmean2", "dvar", "dvar2"]
    panning:
        compute: 0
        frameSize: 8192
        hopSize: 2048
        zeroPadding: 8192
        silentFrames: "noise"
        windowType: "hann"
        stats: ["copy"]
    rhythm:
        compute: 1
        maxTempo: 208
        minTempo: 40
        method: "degara"
        stats: ["mean", "var", "median", "min", "max", "dmean", "dmean2", "dvar", "dvar2"]
    segmentation:
        compute: 0
        cpw: 5
        inc1: 300
        inc2: 50
        minimumSegmentsLength: 10
        size1: 1000
        size2: 600
    sfx:
        compute: 1
        stats: ["mean", "var", "median", "min", "max", "dmean", "dmean2", "dvar", "dvar2"]
    svm:
        compute: 0
    tonal:
        compute: 1
        frameSize: 4096
        hopSize: 2048
        zeroPadding: 0
        silentFrames: "noise"
        windowType: "blackmanharris62"
        stats: ["mean", "var", "median", "min", "max", "dmean", "dmean2", "dvar", "dvar2"]

lowlevel:
    average_loudness: 0.852552592754
    barkbands_kurtosis:
        dmean: 0.972230315208
        dmean2: 1.58020246029
        dvar: 2.41169834137
        dvar2: 5.748670578
        max: 61.4375
        mean: 0.121479660273
        median: -0.775102972984
        min: -1.89120995998
        var: 9.55692195892
    barkbands_skewness:
        dmean: 0.410302072763
        dmean2: 0.648948967457
        dvar: 0.148421913385
        dvar2: 0.359389722347
        max: 3.27687048912
        mean: -0.696080803871
        median: -0.666604757309
        min: -5.70468235016
        var: 0.65184867382
    barkbands_spread:
        dmean: 5.97831344604
        dmean2: 9.41245555878
        dvar: 33.5423774719
        dvar2: 80.838180542
        max: 75.9575500488
        mean: 30.1010723114
        median: 29.9053726196
        min: 0.608981668949
        var: 112.389831543
    dissonance:
        dmean: 0.010696968995
        dmean2: 0.0182387158275
        dvar: 0.000140656557051
        dvar2: 0.000395550596295
        max: 0.500000059605
        mean: 0.483237892389
        median: 0.488336980343
        min: 0.362328052521
        var: 0.000248105585342
    hfc:
        dmean: 3.08674311638
        dmean2: 5.0019774437
        dvar: 19.54205513
        dvar2: 47.7168312073
        max: 70.5867004395
        mean: 9.94855690002
        median: 8.69607543945
        min: 1.08340265279e-016
        var: 50.0760421753
    pitch:
        dmean: 781.463989258
        dmean2: 1487.65161133
        dvar: 1482804.875
        dvar2: 3543676
        max: 5024.43652344
        mean: 1619.734375
        median: 390.241271973
        min: 73.9430465698
        var: 2446060.25
    pitch_instantaneous_confidence:
        dmean: 0.0853140503168
        dmean2: 0.138746783137
        dvar: 0.00545764993876
        dvar2: 0.0132954251021
        max: 0.934270977974
        mean: 0.442757606506
        median: 0.427215069532
        min: 0.101728379726
        var: 0.0207593366504
    pitch_salience:
        dmean: 0.0583386197686
        dmean2: 0.0981113538146
        dvar: 0.00282028131187
        dvar2: 0.00788053777069
        max: 0.993979036808
        mean: 0.635462403297
        median: 0.64172744751
        min: 0.274418771267
        var: 0.00744527392089
    silence_rate_20dB:
        dmean: 0
        dmean2: 0
        dvar: 0
        dvar2: 0
        max: 1
        mean: 1
        median: 1
        min: 1
        var: 0
    silence_rate_30dB:
        dmean: 0
        dmean2: 0
        dvar: 0
        dvar2: 0
        max: 1
        mean: 1
        median: 1
        min: 1
        var: 0
    silence_rate_60dB:
        dmean: 0.115448914468
        dmean2: 0.230920538306
        dvar: 0.10210917145
        dvar2: 0.2090703547
        max: 1
        mean: 0.317305803299
        median: 0
        min: 0
        var: 0.216629341245
    spectral_centroid:
        dmean: 278.2996521
        dmean2: 437.144958496
        dvar: 91753.1328125
        dvar2: 207885.3125
        max: 11904.0263672
        mean: 2162.33227539
        median: 2127.34423828
        min: 464.382720947
        var: 754640.3125
    spectral_complexity:
        dmean: 3.69534850121
        dmean2: 6.02242326736
        dvar: 14.6425275803
        dvar2: 34.898979187
        max: 46
        mean: 16.6020641327
        median: 16
        min: 0
        var: 78.622718811
    spectral_crest:
        dmean: 1.8950868845
        dmean2: 3.16095924377
        dvar: 3.30838322639
        dvar2: 8.84421157837
        max: 20.7875652313
        mean: 7.03406000137
        median: 6.38471508026
        min: 2.57996320724
        var: 7.41732645035
    spectral_decrease:
        dmean: 2.95777097259e-010
        dmean2: 4.79689177268e-010
        dvar: 1.6487852523e-019
        dvar2: 4.19011492915e-019
        max: 1.97629975319e-028
        mean: -9.79082814823e-010
        median: -8.81875072967e-010
        min: -4.80062922747e-009
        var: 3.56587635904e-019
    spectral_energy:
        dmean: 0.00136648595799
        dmean2: 0.00221417075954
        dvar: 3.48157368535e-006
        dvar2: 8.76132253325e-006
        max: 0.023077853024
        mean: 0.00459764292464
        median: 0.0041312421672
        min: 9.89880899811e-021
        var: 8.00812904345e-006
    spectral_energyband_high:
        dmean: 0.000169772538356
        dmean2: 0.000278467079625
        dvar: 1.20336267173e-007
        dvar2: 2.81339424646e-007
        max: 0.0070300353691
        mean: 0.000362654944183
        median: 0.000248909549555
        min: 6.8830264226e-021
        var: 2.00182640242e-007
    spectral_energyband_low:
        dmean: 0.000193313651835
        dmean2: 0.000322853447869
        dvar: 1.07386611603e-007
        dvar2: 2.93221091852e-007
        max: 0.00386043987237
        mean: 0.000302506057778
        median: 0.000227132914006
        min: 1.49386352963e-023
        var: 1.0509012327e-007
    spectral_energyband_middle_high:
        dmean: 0.000895424978808
        dmean2: 0.00144799705595
        dvar: 1.44788418766e-006
        dvar2: 3.55528572982e-006
        max: 0.0187095962465
        mean: 0.00295121991076
        median: 0.00256013777107
        min: 1.14478292973e-021
        var: 4.31203670814e-006
    spectral_energyband_middle_low:
        dmean: 0.000531605270226
        dmean2: 0.00087408197578
        dvar: 8.94538061402e-007
        dvar2: 2.37406356973e-006
        max: 0.0124411964789
        mean: 0.00107749202289
        median: 0.000760766677558
        min: 1.50166160901e-022
        var: 1.1921292753e-006
    spectral_flatness_db:
        dmean: 0.0144629068673
        dmean2: 0.023005457595
        dvar: 0.000175716311787
        dvar2: 0.000419604795752
        max: 0.443792939186
        mean: 0.155453771353
        median: 0.149420753121
        min: 0.0604558102787
        var: 0.00164076953661
    spectral_flux:
        dmean: 0.00872752442956
        dmean2: 0.0133640673012
        dvar: 9.98210016405e-005
        dvar2: 0.000193699583178
        max: 0.1178804636
        mean: 0.0408411696553
        median: 0.0396227091551
        min: 6.46213776934e-011
        var: 0.000299499253742
    spectral_kurtosis:
        dmean: 1.33840107918
        dmean2: 2.25764250755
        dvar: 5.77345657349
        dvar2: 17.5153408051
        max: 50.3908805847
        mean: 4.24338531494
        median: 3.65984630585
        min: -1.2548507452
        var: 11.7072286606
    spectral_rms:
        dmean: 0.00029792136047
        dmean2: 0.000471738370834
        dvar: 1.24106634303e-007
        dvar2: 2.95670503192e-007
        max: 0.00474499491975
        mean: 0.0020091899205
        median: 0.00200760550797
        min: 3.10763177344e-012
        var: 4.48658198593e-007
    spectral_rolloff:
        dmean: 266.193389893
        dmean2: 435.224731445
        dvar: 157454.78125
        dvar2: 338490.96875
        max: 19724.4140625
        mean: 3572.73779297
        median: 3574.51171875
        min: 301.46484375
        var: 1535052.875
    spectral_skewness:
        dmean: 0.176557317376
        dmean2: 0.28867739439
        dvar: 0.0457577034831
        dvar2: 0.127430573106
        max: 3.8899641037
        mean: 1.33441853523
        median: 1.32636094093
        min: -0.28088504076
        var: 0.112422980368
    spectral_spread:
        dmean: 423114.0625
        dmean2: 635534.1875
        dvar: 442981384192
        dvar2: 847514370048
        max: 42530620
        mean: 4401217
        median: 4070749.75
        min: 920852.1875
        var: 7.92671813632e+012
    spectral_strongpeak:
        dmean: 0.728848695755
        dmean2: 1.25009953976
        dvar: 0.866856098175
        dvar2: 2.19594812393
        max: 17.8120670319
        mean: 1.08657836914
        median: 0.705833613873
        min: 0
        var: 1.41648685932
    zerocrossingrate:
        dmean: 0.00792106520385
        dmean2: 0.00956187024713
        dvar: 7.01593380654e-005
        dvar2: 8.60739746713e-005
        max: 0.525390625
        mean: 0.114841543138
        median: 0.11279296875
        min: 0.03173828125
        var: 0.00136070651934
    barkbands:
        dmean: [1.35881620622e-007, 6.96805218467e-005, 0.000114020935143, 9.37660806812e-005, 0.000266459421255, 0.000117082650831, 4.79532864119e-005, 6.53991155559e-005, 0.000146144782775, 6.36393233435e-005, 7.08039515303e-005, 4.7727378842e-005, 6.7636348831e-005, 8.29489436001e-005, 0.000124336787849, 0.000152016349602, 0.000216087631998, 0.000214197090827, 0.000358945981134, 0.000216195810935, 7.71689956309e-005, 3.27008310705e-005, 8.02384965937e-006, 3.18466277349e-006, 1.18750097045e-006, 4.3992255172e-008, 3.12205150621e-010]
        dmean2: [2.31099548387e-007, 0.00011390614236, 0.000198445151909, 0.000155201967573, 0.000455104396679, 0.000203639414394, 8.20053755888e-005, 0.000109542401333, 0.000229564670008, 0.000102176163637, 0.000115759045002, 7.78457906563e-005, 0.000110279506771, 0.000136841015774, 0.000206360069569, 0.000252256839303, 0.000361404614523, 0.000358811346814, 0.000591016607359, 0.000364646402886, 0.000129238338559, 5.23905728187e-005, 1.24275593407e-005, 5.01151544086e-006, 1.77393724243e-006, 6.79957281591e-008, 5.2820331442e-010]
        dvar: [3.39559821504e-014, 1.89237550074e-008, 4.03821331929e-008, 2.24252811876e-008, 4.5443283625e-007, 1.2556672857e-007, 1.42481706433e-008, 4.75144474876e-008, 1.09085576128e-007, 3.64108849737e-008, 3.00615852211e-008, 1.53630921318e-008, 2.27272725084e-008, 3.48543913731e-008, 6.34420374013e-008, 7.75728707936e-008, 1.00304383466e-007, 9.64051807273e-008, 3.15761070624e-007, 1.31494005018e-007, 2.64072390621e-008, 4.89610485488e-009, 7.43080541543e-010, 2.96128011001e-010, 1.50624460821e-011, 9.94763285959e-015, 1.01581625611e-018]
        dvar2: [9.58999386521e-014, 4.75069086292e-008, 1.15717469384e-007, 6.04085954592e-008, 1.26308043491e-006, 3.43128562008e-007, 3.86078902181e-008, 1.26178420601e-007, 2.63196596961e-007, 9.13645692435e-008, 7.77258790663e-008, 3.82342690841e-008, 5.7981466739e-008, 8.87393625248e-008, 1.67999871792e-007, 1.96292560872e-007, 2.63047411408e-007, 2.56218186223e-007, 7.91282559476e-007, 3.30588932229e-007, 6.50378098044e-008, 1.08651017072e-008, 1.7073952252e-009, 8.00381205757e-010, 3.26088912816e-011, 2.05354955724e-014, 2.75700807769e-018]
        max: [1.51435779117e-006, 0.00125206098892, 0.00243622739799, 0.00258973101154, 0.0102285258472, 0.00727660348639, 0.00280448189005, 0.00634425971657, 0.00690459925681, 0.00483269337565, 0.00295672705397, 0.00244964077137, 0.00258771772496, 0.00415008002892, 0.00689619826153, 0.00623658671975, 0.00554652186111, 0.00578023632988, 0.0101249152794, 0.0103263985366, 0.00537106534466, 0.00186961703002, 0.00092361838324, 0.00101855769753, 0.000121393524751, 2.59794728663e-006, 6.43560085223e-008]
        mean: [1.56951188046e-007, 7.71697232267e-005, 0.000152113978402, 0.000162914730026, 0.000363317551091, 0.000127903345856, 6.20774881099e-005, 8.5327301349e-005, 0.000247661810135, 9.67002779362e-005, 0.000108508291305, 7.27055157768e-005, 0.000110827648314, 0.00011856808851, 0.000206070661079, 0.000311763345962, 0.000460763752926, 0.000458372727735, 0.000737203052267, 0.000408149528084, 0.000141031196108, 6.55362891848e-005, 1.4809989807e-005, 5.47410172658e-006, 2.44533248406e-006, 8.717540112e-008, 4.0374731336e-010]
        median: [7.93603334159e-008, 3.54124858859e-005, 0.000102974983747, 8.99161605048e-005, 0.000179158843821, 5.36785228178e-005, 2.97561982734e-005, 2.64379596047e-005, 5.6633965869e-005, 2.54772348853e-005, 4.46090125479e-005, 2.48415526585e-005, 5.24753850186e-005, 5.46308910998e-005, 0.000110249158752, 0.000167906779097, 0.000331284711137, 0.000358728051651, 0.000546829833183, 0.000268748961389, 8.93384421943e-005, 3.91545945604e-005, 6.81337905917e-006, 2.42564829023e-006, 1.19793344311e-006, 3.97693042942e-008, 1.8401671853e-010]
        min: [4.45040957973e-025, 5.078696763e-024, 6.46658669078e-025, 1.5803687346e-024, 6.56978586884e-024, 1.16203731512e-023, 1.07658719189e-023, 5.72879861272e-024, 1.3529693432e-023, 9.64392317394e-024, 4.69765682983e-024, 2.70871989441e-023, 1.98475684037e-023, 2.98570158001e-023, 3.48420802957e-023, 2.99931290161e-023, 8.86258973725e-023, 8.15772232359e-023, 1.43463746215e-022, 2.05804015675e-022, 2.4562998033e-022, 2.66253656914e-022, 3.5660539262e-022, 5.62684310544e-022, 8.31318232177e-022, 1.29384608638e-021, 2.12388073458e-021]
        var: [3.9848983488e-014, 1.73404348658e-008, 3.44630493032e-008, 4.4284988121e-008, 3.84961055033e-007, 9.24414607084e-008, 1.32210917769e-008, 4.84990181349e-008, 2.63107182263e-007, 7.0348349368e-008, 4.55851960623e-008, 2.19824602965e-008, 3.55192035784e-008, 4.21208952162e-008, 1.13571317684e-007, 1.9821935382e-007, 2.18900225946e-007, 1.7262847507e-007, 5.68655991628e-007, 2.17643773226e-007, 3.74867319408e-008, 1.00010923987e-008, 1.25112264993e-009, 2.72128625189e-010, 2.84816129015e-011, 2.72232763947e-014, 9.97802847312e-019]
    frequency_bands:
        dmean: [1.35881620622e-007, 6.96805218467e-005, 0.000114020935143, 9.37660806812e-005, 0.000266459421255, 0.000117082650831, 4.79532864119e-005, 6.53991155559e-005, 0.000146144782775, 6.36393233435e-005, 7.08039515303e-005, 4.7727378842e-005, 6.7636348831e-005, 8.29489436001e-005, 0.000124336787849, 0.000152016349602, 0.000216087631998, 0.000214197090827, 0.000358945981134, 0.000216195810935, 7.71689956309e-005, 3.27008310705e-005, 8.02384965937e-006, 3.18466277349e-006, 1.18750097045e-006, 4.3992255172e-008, 3.12205150621e-010, 5.32411476017e-011]
        dmean2: [2.31099548387e-007, 0.00011390614236, 0.000198445151909, 0.000155201967573, 0.000455104396679, 0.000203639414394, 8.20053755888e-005, 0.000109542401333, 0.000229564670008, 0.000102176163637, 0.000115759045002, 7.78457906563e-005, 0.000110279506771, 0.000136841015774, 0.000206360069569, 0.000252256839303, 0.000361404614523, 0.000358811346814, 0.000591016607359, 0.000364646402886, 0.000129238338559, 5.23905728187e-005, 1.24275593407e-005, 5.01151544086e-006, 1.77393724243e-006, 6.79957281591e-008, 5.2820331442e-010, 9.87872006419e-011]
        dvar: [3.39559821504e-014, 1.89237550074e-008, 4.03821331929e-008, 2.24252811876e-008, 4.5443283625e-007, 1.2556672857e-007, 1.42481706433e-008, 4.75144474876e-008, 1.09085576128e-007, 3.64108849737e-008, 3.00615852211e-008, 1.53630921318e-008, 2.27272725084e-008, 3.48543913731e-008, 6.34420374013e-008, 7.75728707936e-008, 1.00304383466e-007, 9.64051807273e-008, 3.15761070624e-007, 1.31494005018e-007, 2.64072390621e-008, 4.89610485488e-009, 7.43080541543e-010, 2.96128011001e-010, 1.50624460821e-011, 9.94763285959e-015, 1.01581625611e-018, 6.03663244006e-021]
        dvar2: [9.58999386521e-014, 4.75069086292e-008, 1.15717469384e-007, 6.04085954592e-008, 1.26308043491e-006, 3.43128562008e-007, 3.86078902181e-008, 1.26178420601e-007, 2.63196596961e-007, 9.13645692435e-008, 7.77258790663e-008, 3.82342690841e-008, 5.7981466739e-008, 8.87393625248e-008, 1.67999871792e-007, 1.96292560872e-007, 2.63047411408e-007, 2.56218186223e-007, 7.91282559476e-007, 3.30588932229e-007, 6.50378098044e-008, 1.08651017072e-008, 1.7073952252e-009, 8.00381205757e-010, 3.26088912816e-011, 2.05354955724e-014, 2.75700807769e-018, 1.8820110232e-020]
        max: [1.51435779117e-006, 0.00125206098892, 0.00243622739799, 0.00258973101154, 0.0102285258472, 0.00727660348639, 0.00280448189005, 0.00634425971657, 0.00690459925681, 0.00483269337565, 0.00295672705397, 0.00244964077137, 0.00258771772496, 0.00415008002892, 0.00689619826153, 0.00623658671975, 0.00554652186111, 0.00578023632988, 0.0101249152794, 0.0103263985366, 0.00537106534466, 0.00186961703002, 0.00092361838324, 0.00101855769753, 0.000121393524751, 2.59794728663e-006, 6.43560085223e-008, 9.78931047335e-010]
        mean: [1.56951188046e-007, 7.71697232267e-005, 0.000152113978402, 0.000162914730026, 0.000363317551091, 0.000127903345856, 6.20774881099e-005, 8.5327301349e-005, 0.000247661810135, 9.67002779362e-005, 0.000108508291305, 7.27055157768e-005, 0.000110827648314, 0.00011856808851, 0.000206070661079, 0.000311763345962, 0.000460763752926, 0.000458372727735, 0.000737203052267, 0.000408149528084, 0.000141031196108, 6.55362891848e-005, 1.4809989807e-005, 5.47410172658e-006, 2.44533248406e-006, 8.717540112e-008, 4.0374731336e-010, 4.13321217529e-011]
        median: [7.93603334159e-008, 3.54124858859e-005, 0.000102974983747, 8.99161605048e-005, 0.000179158843821, 5.36785228178e-005, 2.97561982734e-005, 2.64379596047e-005, 5.6633965869e-005, 2.54772348853e-005, 4.46090125479e-005, 2.48415526585e-005, 5.24753850186e-005, 5.46308910998e-005, 0.000110249158752, 0.000167906779097, 0.000331284711137, 0.000358728051651, 0.000546829833183, 0.000268748961389, 8.93384421943e-005, 3.91545945604e-005, 6.81337905917e-006, 2.42564829023e-006, 1.19793344311e-006, 3.97693042942e-008, 1.8401671853e-010, 1.5082018967e-011]
        min: [4.45040957973e-025, 5.078696763e-024, 6.46658669078e-025, 1.5803687346e-024, 6.56978586884e-024, 1.16203731512e-023, 1.07658719189e-023, 5.72879861272e-024, 1.3529693432e-023, 9.64392317394e-024, 4.69765682983e-024, 2.70871989441e-023, 1.98475684037e-023, 2.98570158001e-023, 3.48420802957e-023, 2.99931290161e-023, 8.86258973725e-023, 8.15772232359e-023, 1.43463746215e-022, 2.05804015675e-022, 2.4562998033e-022, 2.66253656914e-022, 3.5660539262e-022, 5.62684310544e-022, 8.31318232177e-022, 1.29384608638e-021, 2.12388073458e-021, 5.83378113706e-022]
        var: [3.9848983488e-014, 1.73404348658e-008, 3.44630493032e-008, 4.4284988121e-008, 3.84961055033e-007, 9.24414607084e-008, 1.32210917769e-008, 4.84990181349e-008, 2.63107182263e-007, 7.0348349368e-008, 4.55851960623e-008, 2.19824602965e-008, 3.55192035784e-008, 4.21208952162e-008, 1.13571317684e-007, 1.9821935382e-007, 2.18900225946e-007, 1.7262847507e-007, 5.68655991628e-007, 2.17643773226e-007, 3.74867319408e-008, 1.00010923987e-008, 1.25112264993e-009, 2.72128625189e-010, 2.84816129015e-011, 2.72232763947e-014, 9.97802847312e-019, 4.89062459236e-021]
    mfcc:
        mean: [-712.533996582, 86.6772613525, -58.5609283447, 55.4793014526, -3.66409349442, -4.69890356064, -0.627982199192, 3.16370725632, -2.52655625343, -2.91566753387, -4.16666221619, -9.83946609497, -5.32492685318]
        cov: [[5003.14013672, 271.756866455, 20.5482349396, 418.255523682, -147.566650391, 119.659667969, -153.610671997, -54.4920654297, 3.05688166618, -27.8113327026, -104.027046204, -158.573440552, -104.444725037], [271.756866455, 1339.2911377, -235.135238647, -58.7054519653, 229.588806152, 23.5298786163, 87.370765686, 167.615036011, 127.990486145, 67.1717529297, 88.5098876953, 3.52863287926, -48.254940033], [20.5482349396, -235.135238647, 457.529022217, 92.2378463745, -2.03119182587, 62.8439674377, -21.5561180115, -33.2330322266, 7.90216827393, 3.66135048866, -1.33431589603, 41.7914237976, 16.7893199921], [418.255523682, -58.7054519653, 92.2378463745, 474.600891113, 140.023803711, 15.418176651, -48.7593040466, -41.1285209656, 50.909828186, 57.0339508057, -15.0580301285, 19.3970146179, 51.6305007935], [-147.566650391, 229.588806152, -2.03119182587, 140.023803711, 295.624481201, 13.1313905716, -19.9169940948, 30.7217063904, 89.3512802124, 60.8754806519, -0.106230147183, 29.2744102478, 18.7945747375], [119.659667969, 23.5298786163, 62.8439674377, 15.418176651, 13.1313905716, 139.934631348, 65.1894607544, 26.5773582458, 8.97655105591, 5.51300811768, 8.70744991302, 5.16253042221, -9.44400882721], [-153.610671997, 87.370765686, -21.5561180115, -48.7593040466, -19.9169940948, 65.1894607544, 165.991241455, 66.4419708252, 4.94469308853, 1.63358438015, 22.8844490051, 23.0747470856, -6.70798444748], [-54.4920654297, 167.615036011, -33.2330322266, -41.1285209656, 30.7217063904, 26.5773582458, 66.4419708252, 131.02822876, 57.9239845276, 25.9373550415, 27.4226608276, 7.63794374466, -13.8978834152], [3.05688166618, 127.990486145, 7.90216827393, 50.909828186, 89.3512802124, 8.97655105591, 4.94469308853, 57.9239845276, 146.923141479, 69.1344680786, 13.7070150375, 14.6815948486, -19.1452274323], [-27.8113327026, 67.1717529297, 3.66135048866, 57.0339508057, 60.8754806519, 5.51300811768, 1.63358438015, 25.9373550415, 69.1344680786, 130.0284729, 42.703414917, 5.09179830551, -5.48976659775], [-104.027046204, 88.5098876953, -1.33431589603, -15.0580301285, -0.106230147183, 8.70744991302, 22.8844490051, 27.4226608276, 13.7070150375, 42.703414917, 91.8654556274, 30.2023086548, -1.95374917984], [-158.573440552, 3.52863287926, 41.7914237976, 19.3970146179, 29.2744102478, 5.16253042221, 23.0747470856, 7.63794374466, 14.6815948486, 5.09179830551, 30.2023086548, 85.2459411621, 34.7718963623], [-104.444725037, -48.254940033, 16.7893199921, 51.6305007935, 18.7945747375, -9.44400882721, -6.70798444748, -13.8978834152, -19.1452274323, -5.48976659775, -1.95374917984, 34.7718963623, 94.5770568848]]
        icov: [[0.000304647401208, -0.000194160136743, 3.40690276062e-005, -0.000427759048762, 0.000528913573362, -0.000465297489427, 0.000491007056553, -9.50398680288e-005, 2.61250970652e-005, 8.75979731063e-006, 0.000373699003831, 0.000115634305985, 0.000305131427012], [-0.000194160136743, 0.00133655720856, 0.000443065306172, 0.000439701980213, -0.00135749031324, 0.000293119199341, -0.00057647516951, -0.000629729998764, -0.000390397617593, 0.000484303105623, -0.00143922958523, 0.000447031721706, 6.94342452334e-005], [3.40690276062e-005, 0.000443065306172, 0.00293969875202, -0.000381216523238, 0.000248870288488, -0.00179143913556, 0.000992084969766, 0.000145540980157, -0.000346648448613, 2.19754874706e-005, 7.47173617128e-005, -0.00168514403049, 0.000365550717106], [-0.000427759048762, 0.000439701980213, -0.000381216523238, 0.00361807527952, -0.00194085971452, 0.000188954785699, -0.000499754096381, 0.0013186322758, -0.00079929002095, -0.000842223875225, -0.000227795550018, 0.000268315343419, -0.00190666923299], [0.000528913573362, -0.00135749031324, 0.000248870288488, -0.00194085971452, 0.00689614983276, -0.00170757633168, 0.00235819723457, -0.000625426939223, -0.00143724004738, -0.00154437264428, 0.00301012792625, -0.00218381825835, -7.42475895095e-005], [-0.000465297489427, 0.000293119199341, -0.00179143913556, 0.000188954785699, -0.00170757633168, 0.0109236193821, -0.00527537846938, -5.66658600292e-005, 0.00017926847795, 0.000390390574466, -0.00121897924691, 0.00154466286767, 0.000364061706932], [0.000491007056553, -0.00057647516951, 0.000992084969766, -0.000499754096381, 0.00235819723457, -0.00527537846938, 0.011377687566, -0.00480996165425, 0.0017394493334, -0.000685598992277, 0.00150211097207, -0.00385976349935, 0.00121199479327], [-9.50398680288e-005, -0.000629729998764, 0.000145540980157, 0.0013186322758, -0.000625426939223, -5.66658600292e-005, -0.00480996165425, 0.0139442468062, -0.00538847688586, 0.000861541891936, -0.00251996563748, 0.00199619308114, -0.00117214559577], [2.61250970652e-005, -0.000390397617593, -0.000346648448613, -0.00079929002095, -0.00143724004738, 0.00017926847795, 0.0017394493334, -0.00538847688586, 0.0136786717921, -0.00580256525427, 0.00345243373886, -0.00391408149153, 0.0039051186759], [8.75979731063e-006, 0.000484303105623, 2.19754874706e-005, -0.000842223875225, -0.00154437264428, 0.000390390574466, -0.000685598992277, 0.000861541891936, -0.00580256525427, 0.0137333273888, -0.00757484650239, 0.00401069130749, -0.000871983589604], [0.000373699003831, -0.00143922958523, 7.47173617128e-005, -0.000227795550018, 0.00301012792625, -0.00121897924691, 0.00150211097207, -0.00251996563748, 0.00345243373886, -0.00757484650239, 0.0189200788736, -0.00822823494673, 0.00248099747114], [0.000115634305985, 0.000447031721706, -0.00168514403049, 0.000268315343419, -0.00218381825835, 0.00154466286767, -0.00385976349935, 0.00199619308114, -0.00391408149153, 0.00401069130749, -0.00822823494673, 0.0204777941108, -0.00714205391705], [0.000305131427012, 6.94342452334e-005, 0.000365550717106, -0.00190666923299, -7.42475895095e-005, 0.000364061706932, 0.00121199479327, -0.00117214559577, 0.0039051186759, -0.000871983589604, 0.00248099747114, -0.00714205391705, 0.0153035596013]]
    sccoeffs:
        dmean: [0.0520092770457, 0.0491165854037, 0.0397920943797, 0.0332412347198, 0.0239313524216, 0.0172796212137]
        dmean2: [0.0863198190928, 0.0804472565651, 0.0647056177258, 0.0542326904833, 0.038385130465, 0.0279204174876]
        dvar: [0.00194531155284, 0.00174882914871, 0.0011029029265, 0.000727146281861, 0.000459533155663, 0.000265645154286]
        dvar2: [0.00526947062463, 0.00457057496533, 0.00282980850898, 0.00183651933912, 0.00105723843444, 0.000657926080748]
        max: [-0.318923890591, -0.456399083138, -0.486856043339, -0.55733269453, -0.531722843647, -0.555491387844]
        mean: [-0.662070274353, -0.763459920883, -0.762282252312, -0.76047873497, -0.763352572918, -0.748454213142]
        median: [-0.663803339005, -0.770537495613, -0.769278943539, -0.763279139996, -0.770881712437, -0.746003866196]
        min: [-0.981982946396, -0.989203870296, -0.990602970123, -0.983707904816, -0.983557939529, -0.963798880577]
        var: [0.00587479025126, 0.00467516621575, 0.00492571154609, 0.00243229861371, 0.0023731328547, 0.00124053668696]
    scvalleys:
        dmean: [0.381229668856, 0.38886988163, 0.314891219139, 0.275968194008, 0.252034068108, 0.266242474318]
        dmean2: [0.626189470291, 0.640468597412, 0.508715033531, 0.444647699594, 0.394554376602, 0.38046258688]
        dvar: [0.112028807402, 0.138526305556, 0.0837004110217, 0.0764583572745, 0.106016658247, 0.134458690882]
        dvar2: [0.27128225565, 0.343690216541, 0.192095667124, 0.168201848865, 0.225615739822, 0.265395641327]
        max: [-5.20249128342, -4.71428489685, -5.17777109146, -5.59231948853, -5.28932619095, -7.12650775909]
        mean: [-7.24533414841, -7.13452005386, -7.46021461487, -7.34674978256, -7.04165649414, -9.82308769226]
        median: [-6.88280487061, -6.91448783875, -7.26093578339, -7.13478899002, -6.79424667358, -9.51907730103]
        min: [-28.1803798676, -28.0471057892, -27.5695953369, -27.6473522186, -27.4954452515, -27.3430252075]
        var: [3.5174472332, 3.0304787159, 2.78921723366, 2.77000999451, 2.93781423569, 2.87226605415]

rhythm:
    beats_loudness:
        dmean: 0.00193576852325
        dmean2: 0.00331446272321
        dvar: 2.92079062092e-006
        dvar2: 8.29931377666e-006
        max: 0.0181784294546
        mean: 0.00496617332101
        median: 0.00464976532385
        min: 0
        var: 6.55348458167e-006
    bpm: 147.777313232
    bpm_confidence: 0
    first_peak_bpm: 148
    first_peak_spread: 0.271966487169
    first_peak_weight: 0.373390555382
    onset_rate: 3.07893204689
    second_peak_bpm: 99
    second_peak_spread: 0.0691244080663
    second_peak_weight: 0.433476388454
    beats_loudness_band_ratio:
        dmean: [0.0925801545382, 0.0972461774945, 0.0808925703168, 0.0787233412266, 0.127569973469, 0.113609045744]
        dmean2: [0.160039171576, 0.168541073799, 0.141815528274, 0.138296574354, 0.218948677182, 0.195230811834]
        dvar: [0.00803888589144, 0.00988219864666, 0.00962445884943, 0.00777496676892, 0.0126106766984, 0.011930317618]
        dvar2: [0.0219465065747, 0.0256732776761, 0.0257241465151, 0.0222636442631, 0.0341333635151, 0.0279874578118]
        max: [0.616116523743, 0.600759506226, 0.649031460285, 0.515735566616, 0.881637275219, 0.902706801891]
        mean: [0.138454347849, 0.109330773354, 0.0943544134498, 0.0926784649491, 0.335661709309, 0.252127856016]
        median: [0.114146843553, 0.0693249180913, 0.052243411541, 0.0521356612444, 0.30834120512, 0.228666558862]
        min: [0, 0, 0, 0, 0, 0]
        var: [0.0123888263479, 0.0110635524616, 0.0112485969439, 0.0094236722216, 0.0237237177789, 0.025162929669]
    beats_position: [0.603718817234, 1.21904754639, 1.83437633514, 2.4497051239, 3.06503391266, 3.66875267029, 4.27247142792, 4.87619018555, 5.47990942001, 6.08362817764, 6.6989569664, 7.31428575516, 7.92961454391, 8.54494285583, 9.14866161346, 9.76399040222, 10.3677091599, 10.9714279175, 11.5867567062, 12.1904764175, 12.7941951752, 13.4095239639, 14.0132427216, 14.6169614792, 15.2322902679, 15.8360090256, 16.4397277832, 17.0434455872, 17.6587753296, 18.2741031647, 18.877822876, 19.4815406799, 20.0852603912, 20.7005901337, 21.3043079376, 21.9080276489, 22.523355484, 23.1386852264, 23.7540130615, 24.3577327728, 24.9614505768, 25.5651702881, 26.168888092, 26.7726078033, 27.3995456696, 28.0032653809, 28.6069831848, 29.2107028961, 29.8260307312, 30.4413604736, 31.0450782776, 31.6487979889, 32.2525177002, 32.8562355042, 33.4715652466, 34.0752830505, 34.6790008545, 35.2827186584, 35.8980484009, 36.5017662048, 37.1170959473, 37.7324256897, 38.3361434937, 38.9398651123, 39.5319709778, 40.1356925964, 40.7510185242, 41.3663482666, 41.981678009, 42.585395813, 43.1891136169, 43.7928352356, 44.4081611633, 45.011882782, 45.6272087097, 46.2309303284, 46.8346481323, 47.4383659363, 48.0536956787, 48.6690254211, 49.2727432251, 49.8764610291, 50.480178833, 51.0839004517, 51.6992263794, 52.3145561218, 52.9298858643, 53.5336036682, 54.1373214722, 54.7294311523, 55.3447608948, 55.9600906372, 56.5754165649, 57.1907463074, 57.794467926, 58.39818573, 59.0019035339, 59.6056213379, 60.2209510803, 60.8362808228, 61.4516105652, 62.0553283691, 62.6590461731, 63.2511558533, 63.8664855957, 64.470199585, 65.0855331421, 65.6892471313, 66.3045806885, 66.9199066162, 67.5236282349, 68.1273422241, 68.7426757813, 69.358001709, 69.9617233276, 70.5654373169, 71.1691589355, 71.7844848633, 72.3998184204, 73.0035324097, 73.6072540283, 74.210975647, 74.8146896362, 75.4184112549, 76.0221328735, 76.6258468628, 77.2295684814, 77.8448944092, 78.4602279663, 79.075553894, 79.6792755127, 80.2946014404, 80.9215393066, 81.5484771729, 82.1754150391, 82.8023605347, 83.4292984009, 84.0678405762, 84.6947860718, 85.3333282471, 85.9602737427, 86.5755996704, 87.1909255981, 87.7946472168, 88.3983688354, 89.0136947632, 89.6290206909, 90.2327423096, 90.8364639282, 91.4634017944, 92.0671157837, 92.6708374023, 93.274559021, 93.8782730103, 94.4819946289, 95.0973205566, 95.7126541138, 96.316368103, 96.9200897217, 97.5238113403, 98.1275253296, 98.7428588867, 99.3581848145, 99.9619064331, 100.565620422, 101.180953979, 101.796279907, 102.400001526, 103.003715515, 103.619049072, 104.234375, 104.838096619, 105.441810608, 106.045532227, 106.672470093, 107.299407959, 107.937957764, 108.56489563, 109.203445435, 109.841995239, 110.480545044, 111.095870972, 111.711196899, 112.314918518, 112.930244446, 113.545578003, 114.149291992, 114.753013611, 115.356735229, 115.972061157, 116.587387085, 117.202720642, 117.81804657, 118.421768188, 119.025482178, 119.629203796, 120.232925415, 120.836639404, 121.440361023, 122.044082642, 122.659408569, 123.274734497, 123.878456116, 124.482177734, 125.085891724, 125.701225281, 126.316551208, 126.920272827, 127.523986816, 128.127700806, 128.731430054, 129.346755981, 129.950469971, 130.565795898, 131.169525146, 131.784851074, 132.400177002, 133.003890991, 133.607620239, 134.211334229, 134.815048218, 135.418777466, 136.022491455, 136.626205444, 137.044174194, 137.450515747, 137.856872559, 138.263214111, 138.669570923, 139.064300537, 139.482269287, 139.88861084, 140.294967651, 140.701309204, 141.107666016, 141.50239563, 141.908752441, 142.315093994, 142.721450806, 143.127792358, 143.53414917, 143.940490723, 144.346847534, 144.753189087, 145.159545898, 145.565887451, 145.983856201, 146.378585815, 146.773330688, 147.179672241, 147.586029053, 147.992385864, 148.398727417, 148.805084229, 149.211425781, 149.617782593, 150.024124146, 150.442077637, 150.848434448, 151.254776001, 151.661132813, 152.067474365, 152.485443115, 152.903396606, 153.321365356, 153.739318848, 154.168884277, 154.598449707, 155.028030396, 155.457595825, 155.875549316, 156.293518066, 156.699859619, 157.106216431, 157.524169922, 157.930511475, 158.336868286, 158.743209839, 159.14956665, 159.555908203, 159.962265015, 160.357009888, 160.774963379, 161.169708252, 161.564437866, 161.982406616, 162.388748169, 162.79510498, 163.201446533, 163.596191406, 164.002532959, 164.408889771, 164.815231323, 165.221588135, 165.627929688, 166.034286499, 166.440628052, 166.846984863, 167.253326416, 167.659683228, 168.06602478, 168.460769653, 168.867111206, 169.273468018, 169.691421509, 170.086166382, 170.492507935, 170.910476685, 171.316818237, 171.723175049, 172.129516602, 172.535873413, 172.942214966, 173.348571777, 173.75491333, 174.149658203, 174.544403076, 174.950744629, 175.35710144, 175.763442993, 176.169799805, 176.576141357, 176.982498169, 177.40045166, 177.818405151, 178.236373901, 178.631103516, 179.037460327, 179.432189941, 179.838546753, 180.233291626, 180.62802124, 181.034378052, 181.440719604, 181.847076416, 182.253417969, 182.671386719, 183.077728271, 183.484085083, 183.890426636, 184.285171509, 184.691513062, 185.097869873, 185.504211426, 185.898956299, 186.305297852, 186.700042725, 187.106384277, 187.524353027, 187.93069458, 188.337051392, 188.743392944, 189.149749756, 189.556091309, 189.96244812, 190.368789673, 190.775146484, 191.169876099, 191.587844849, 191.982574463, 192.400543213, 192.806884766, 193.201629639, 193.607971191, 194.014328003, 194.420669556, 194.838638306, 195.23336792, 195.639724731, 196.034469604, 196.440811157, 196.858764648, 197.26512146, 197.671463013, 198.077819824, 198.495773315, 198.902130127, 199.296859741, 199.703216553, 200.109558105, 200.504302979, 200.899047852, 201.305389404, 201.711746216, 202.118087769, 202.52444458, 202.930786133, 203.337142944, 203.743484497, 204.149841309, 204.544570923, 204.950927734, 205.357269287, 205.763626099, 206.169967651, 206.576324463, 206.982666016, 207.377410889, 207.7837677, 208.190109253, 208.596466064, 209.002807617, 209.409164429, 209.815505981, 210.233459473, 210.639816284, 211.034561157, 211.44090271, 211.847259521, 212.253601074, 212.659957886, 213.066299438, 213.47265625, 213.878997803, 214.285354614, 214.691696167, 215.098052979, 215.504394531, 215.910751343, 216.305480957, 216.711837769, 217.118179321, 217.524536133, 217.930877686, 218.337234497, 218.74357605, 219.149932861, 219.556274414, 219.962631226, 220.35736084, 220.763717651, 221.170059204, 221.576416016, 221.982757568, 222.38911438, 222.795455933, 223.201812744, 223.596542358, 224.00289917, 224.409240723, 224.815597534, 225.233551025, 225.639907837, 226.04624939, 226.440994263, 226.847335815, 227.253692627, 227.66003418, 228.066390991, 228.472732544, 228.879089355, 229.285430908, 229.69178772, 230.098129272, 230.492874146, 230.899230957, 231.30557251, 231.711929321, 232.118270874, 232.524627686, 232.930969238, 233.33732605, 233.743667603, 234.150024414, 234.567977905, 234.985931396, 235.403900146]
