
metadata:
    version:
        essentia: "2.1-beta2"
    audio_properties:
        analysis_sample_rate: 44100
        bitrate: 227
        channels: 2
        equal_loudness: 1
        length: 198.582855225
        replay_gain: -13.4463672638
        downmix: "mix"
    tags:
        album: "Crossfade"
        artist: "Crossfade"
        comment: "Ripped by [HHI]"
        date: "2004"
        genre: "Rock"
        title: "Colors"
        tracknumber: "4"

configuration:
    average_loudness:
        compute: 1
        frameSize: 88200
        hopSize: 44100
        silentFrames: "noise"
        windowType: "hann"
    general:
        analysisSampleRate: 44100
        endTime: 2000
        equalLoudness: 1
        nequalLoudness: 0
        shortSound: 0
        startTime: 0
    lowlevel:
        compute: 1
        frameSize: 2048
        hopSize: 1024
        zeroPadding: 0
        silentFrames: "noise"
        windowType: "blackmanharris62"
        mfccStats: ["mean", "cov", "icov"]
        stats: ["mean", "var", "median", "min", "max", "dmean", "dmean2", "dvar", "dvar2"]
    panning:
        compute: 0
        frameSize: 8192
        hopSize: 2048
        zeroPadding: 8192
        silentFrames: "noise"
        windowType: "hann"
        stats: ["copy"]
    rhythm:
        compute: 1
        maxTempo: 208
        minTempo: 40
        method: "degara"
        stats: ["mean", "var", "median", "min", "max", "dmean", "dmean2", "dvar", "dvar2"]
    segmentation:
        compute: 0
        cpw: 5
        inc1: 300
        inc2: 50
        minimumSegmentsLength: 10
        size1: 1000
        size2: 600
    sfx:
        compute: 1
        stats: ["mean", "var", "median", "min", "max", "dmean", "dmean2", "dvar", "dvar2"]
    svm:
        compute: 0
    tonal:
        compute: 1
        frameSize: 4096
        hopSize: 2048
        zeroPadding: 0
        silentFrames: "noise"
        windowType: "blackmanharris62"
        stats: ["mean", "var", "median", "min", "max", "dmean", "dmean2", "dvar", "dvar2"]

lowlevel:
    average_loudness: 0.900113105774
    barkbands_kurtosis:
        dmean: 0.960988759995
        dmean2: 1.51907205582
        dvar: 4.28864955902
        dvar2: 10.9543628693
        max: 82.9815216064
        mean: 0.410842001438
        median: -0.835877358913
        min: -1.87670457363
        var: 23.2813739777
    barkbands_skewness:
        dmean: 0.385780483484
        dmean2: 0.589594841003
        dvar: 0.144774541259
        dvar2: 0.315954864025
        max: 7.74099111557
        mean: 0.129737749696
        median: 0.00462786760181
        min: -3.80894637108
        var: 1.12132644653
    barkbands_spread:
        dmean: 5.09056615829
        dmean2: 7.90804243088
        dvar: 28.6626338959
        dvar2: 68.2696228027
        max: 93.3743591309
        mean: 27.7494106293
        median: 27.9166545868
        min: 0.323604464531
        var: 148.80619812
    dissonance:
        dmean: 0.0170983746648
        dmean2: 0.0286084022373
        dvar: 0.000389387394534
        dvar2: 0.00100412638858
        max: 0.500000178814
        mean: 0.464428782463
        median: 0.475534379482
        min: 0.0805323719978
        var: 0.00144211598672
    hfc:
        dmean: 2.18597102165
        dmean2: 3.45719695091
        dvar: 12.1628198624
        dvar2: 27.9064559937
        max: 89.3296127319
        mean: 8.33781051636
        median: 7.81074619293
        min: 1.1444540083e-016
        var: 48.1072120667
    pitch:
        dmean: 620.70324707
        dmean2: 1189.08251953
        dvar: 1309530.25
        dvar2: 3215465
        max: 5356.37304688
        mean: 1209.19689941
        median: 294.659240723
        min: 51.2100448608
        var: 2135704.75
    pitch_instantaneous_confidence:
        dmean: 0.0820071101189
        dmean2: 0.131068363786
        dvar: 0.00545037863776
        dvar2: 0.0133642042056
        max: 0.981578052044
        mean: 0.460465729237
        median: 0.430502057076
        min: 0.103150904179
        var: 0.0265158358961
    pitch_salience:
        dmean: 0.0582971125841
        dmean2: 0.0942854583263
        dvar: 0.0026358384639
        dvar2: 0.00693697901443
        max: 0.946278750896
        mean: 0.615597903728
        median: 0.626961350441
        min: 0.169254884124
        var: 0.0103451963514
    silence_rate_20dB:
        dmean: 0
        dmean2: 0
        dvar: 0
        dvar2: 0
        max: 1
        mean: 1
        median: 1
        min: 1
        var: 0
    silence_rate_30dB:
        dmean: 0
        dmean2: 0
        dvar: 0
        dvar2: 0
        max: 1
        mean: 1
        median: 1
        min: 1
        var: 0
    silence_rate_60dB:
        dmean: 0.0624342337251
        dmean2: 0.124883070588
        dvar: 0.0585401132703
        dvar2: 0.131518378854
        max: 1
        mean: 0.37198972702
        median: 0
        min: 0
        var: 0.233639940619
    spectral_centroid:
        dmean: 241.469085693
        dmean2: 367.221374512
        dvar: 83676.96875
        dvar2: 166896.796875
        max: 11296.2373047
        mean: 1604.74121094
        median: 1621.03137207
        min: 119.049537659
        var: 506851.4375
    spectral_complexity:
        dmean: 3.10043263435
        dmean2: 4.9543967247
        dvar: 11.3987903595
        dvar2: 26.5161762238
        max: 47
        mean: 15.5068969727
        median: 15
        min: 0
        var: 99.2882843018
    spectral_crest:
        dmean: 2.05898046494
        dmean2: 3.32019352913
        dvar: 3.76973962784
        dvar2: 9.69906711578
        max: 24.9800205231
        mean: 8.01765060425
        median: 6.9952788353
        min: 2.33502078056
        var: 13.6098937988
    spectral_decrease:
        dmean: 2.4810500876e-010
        dmean2: 3.93630988915e-010
        dvar: 1.05398474772e-019
        dvar2: 2.56693195079e-019
        max: 2.18288375599e-029
        mean: -1.01211916625e-009
        median: -9.64822666205e-010
        min: -6.05957017896e-009
        var: 4.39662677293e-019
    spectral_energy:
        dmean: 0.00110190315172
        dmean2: 0.00174738606438
        dvar: 2.14691272049e-006
        dvar2: 5.16930185768e-006
        max: 0.0304919462651
        mean: 0.00457622110844
        median: 0.00439084181562
        min: 1.06163445586e-020
        var: 9.35470416152e-006
    spectral_energyband_high:
        dmean: 0.000118295822176
        dmean2: 0.000181290291948
        dvar: 8.99665906218e-008
        dvar2: 1.67548890317e-007
        max: 0.0106656178832
        mean: 0.000292350072414
        median: 0.000216266664211
        min: 7.79714339442e-021
        var: 2.09285090591e-007
    spectral_energyband_low:
        dmean: 0.000223470779019
        dmean2: 0.000369010842405
        dvar: 1.58536224149e-007
        dvar2: 4.20221851982e-007
        max: 0.00488919299096
        mean: 0.000398294156184
        median: 0.000286496710032
        min: 6.26656272523e-023
        var: 2.1356804325e-007
    spectral_energyband_middle_high:
        dmean: 0.000702321645804
        dmean2: 0.00111116922926
        dvar: 8.82355720933e-007
        dvar2: 2.14001420318e-006
        max: 0.0203999876976
        mean: 0.0026290663518
        median: 0.00239932234399
        min: 1.34271931374e-021
        var: 4.47853744845e-006
    spectral_energyband_middle_low:
        dmean: 0.000594702723902
        dmean2: 0.000935874995776
        dvar: 7.29256953491e-007
        dvar2: 1.80594440735e-006
        max: 0.0108340503648
        mean: 0.00154192361515
        median: 0.00119735649787
        min: 2.0823880646e-022
        var: 1.73519197233e-006
    spectral_flatness_db:
        dmean: 0.0150429131463
        dmean2: 0.0239371955395
        dvar: 0.000224437317229
        dvar2: 0.000525812152773
        max: 0.665814101696
        mean: 0.185758903623
        median: 0.158221036196
        min: 0.0346265807748
        var: 0.00607262924314
    spectral_flux:
        dmean: 0.00703024072573
        dmean2: 0.0110795404762
        dvar: 6.137949822e-005
        dvar2: 0.000133505382109
        max: 0.124894276261
        mean: 0.036454744637
        median: 0.0381609499454
        min: 6.84778900251e-011
        var: 0.000341680744896
    spectral_kurtosis:
        dmean: 3.41510009766
        dmean2: 5.80661869049
        dvar: 81.5508728027
        dvar2: 228.940795898
        max: 253.654876709
        mean: 10.0992145538
        median: 4.1352596283
        min: -1.27588009834
        var: 601.198669434
    spectral_rms:
        dmean: 0.000239462591708
        dmean2: 0.000372832408175
        dvar: 7.03200626617e-008
        dvar2: 1.62204727872e-007
        max: 0.00545419473201
        mean: 0.00196265475824
        median: 0.0020697216969
        min: 3.21829281974e-012
        var: 6.12589929005e-007
    spectral_rolloff:
        dmean: 315.88961792
        dmean2: 503.608154297
        dvar: 255637.828125
        dvar2: 503415.75
        max: 18906.1523438
        mean: 2905.18725586
        median: 3316.11328125
        min: 129.19921875
        var: 1338979.375
    spectral_skewness:
        dmean: 0.284072309732
        dmean2: 0.469128370285
        dvar: 0.231039345264
        dvar2: 0.613341569901
        max: 13.5713195801
        mean: 1.73784863949
        median: 1.37237858772
        min: -0.0500226318836
        var: 2.25637626648
    spectral_spread:
        dmean: 355800.875
        dmean2: 514232.40625
        dvar: 505102893056
        dvar2: 705034649600
        max: 45604556
        mean: 3719097
        median: 3686128
        min: 367995.25
        var: 2.61601440563e+012
    spectral_strongpeak:
        dmean: 0.536306619644
        dmean2: 0.913082242012
        dvar: 0.751047670841
        dvar2: 2.00843977928
        max: 10.693655014
        mean: 0.848379611969
        median: 0.447790563107
        min: 3.0458715411e-011
        var: 1.18651127815
    zerocrossingrate:
        dmean: 0.00796766765416
        dmean2: 0.00918787531555
        dvar: 9.55533978413e-005
        dvar2: 9.91403212538e-005
        max: 0.517578125
        mean: 0.089022167027
        median: 0.09326171875
        min: 0.00341796875
        var: 0.00125002127606
    barkbands:
        dmean: [8.5319726395e-008, 7.41500261938e-005, 0.000137766852276, 0.000126781160361, 0.000230853416724, 8.89958391781e-005, 8.13730075606e-005, 0.000103591781226, 0.000137728173286, 0.000228920995141, 7.41710391594e-005, 4.12414847233e-005, 5.81486528972e-005, 8.05952658993e-005, 0.000102623453131, 9.14069241844e-005, 0.000143358847708, 0.000154845489305, 0.000276884005871, 0.000141587152029, 5.63023677387e-005, 1.63865679497e-005, 4.58453951069e-006, 2.6016780339e-006, 7.9877565895e-007, 2.01411385348e-008, 2.20785931204e-010]
        dmean2: [1.36722462685e-007, 0.000119428586913, 0.000231956335483, 0.000211921404116, 0.000385984341847, 0.000147401995491, 0.000132710934849, 0.000164796263562, 0.00020694109844, 0.000332911411533, 0.000119525611808, 6.62699967506e-005, 9.42053229664e-005, 0.000125361533719, 0.000163167962455, 0.000148267077748, 0.000236570776906, 0.00026032308233, 0.000459688570118, 0.000228994220379, 8.87745190994e-005, 2.62037428911e-005, 6.78643073115e-006, 3.72424347006e-006, 1.14178340027e-006, 2.97592617216e-008, 3.84756199123e-010]
        dvar: [2.81169401997e-014, 2.6462927849e-008, 6.73512090543e-008, 4.24113792974e-008, 3.32017293658e-007, 4.32734452716e-008, 5.1531987566e-008, 8.58286952621e-008, 7.71644153019e-008, 2.54508734088e-007, 2.57460701647e-008, 8.00758659381e-009, 1.41392719755e-008, 4.05754363442e-008, 4.31299014281e-008, 2.87876584792e-008, 6.91176893497e-008, 4.60603111208e-008, 2.10109632803e-007, 1.09350359878e-007, 2.0532960221e-008, 1.42548917115e-009, 1.79978712489e-010, 2.09110381788e-010, 1.6796210256e-011, 3.87243939375e-015, 1.13335414921e-019]
        dvar2: [6.38969739207e-014, 6.55119976045e-008, 1.8844235683e-007, 1.17447335413e-007, 9.0743264991e-007, 1.07780579128e-007, 1.26452377458e-007, 2.07192314861e-007, 1.82893884926e-007, 5.26321798588e-007, 6.27708658385e-008, 1.97811758085e-008, 3.67330876827e-008, 9.92915545339e-008, 9.69085860447e-008, 6.95435176112e-008, 1.78456616595e-007, 1.23574054101e-007, 5.60169326036e-007, 2.4691132694e-007, 4.00407245138e-008, 3.18396353727e-009, 3.63397867353e-010, 4.68751704119e-010, 3.37432408404e-011, 7.25632034792e-015, 3.11450974817e-019]
        max: [2.14410829358e-006, 0.00156989891548, 0.00313503481448, 0.00348893553019, 0.00885050557554, 0.00483613368124, 0.00573142245412, 0.00568647496402, 0.00813297554851, 0.00845092721283, 0.00400738511235, 0.00173000083305, 0.00202398374677, 0.00439612939954, 0.00540666887537, 0.00433076871559, 0.0092398552224, 0.00429836194962, 0.00835751928389, 0.0122311348096, 0.00603334791958, 0.00110463332385, 0.00049138313625, 0.000807795673609, 0.000248476397246, 1.97491044673e-006, 7.84216425131e-009]
        mean: [1.02871915431e-007, 9.6409690741e-005, 0.000203389688977, 0.000200494832825, 0.000361303042155, 0.000139176117955, 0.000108479158371, 0.000163955104654, 0.000275619677268, 0.000447152997367, 0.000117405055789, 6.66703854222e-005, 9.94970105239e-005, 0.000130037515191, 0.00017855920305, 0.0001781743631, 0.00030612925184, 0.000367526954506, 0.000660494610202, 0.000305022404063, 0.000123471560073, 3.22481428157e-005, 9.09223308554e-006, 4.31628086517e-006, 1.46101365317e-006, 4.0568167492e-008, 2.7848631734e-010]
        median: [2.4064831905e-008, 4.34886096627e-005, 0.000121764081996, 0.00012431567302, 0.000179511815077, 6.43172388664e-005, 4.51641681138e-005, 5.0409391406e-005, 0.000109992528451, 8.52264201967e-005, 3.37923229381e-005, 2.09054469451e-005, 2.57129577221e-005, 4.64670083602e-005, 8.98574726307e-005, 0.000122670884593, 0.000228591889027, 0.00027236121241, 0.000440130592324, 0.000228464603424, 8.34307211335e-005, 1.81868563232e-005, 3.96326095142e-006, 1.13282089842e-006, 5.30945271748e-007, 1.7210469494e-008, 1.31236410628e-010]
        min: [7.43865699137e-024, 2.92867766507e-023, 1.89556712202e-023, 1.01358883889e-023, 2.30144520854e-023, 1.6502869163e-023, 1.8333651241e-023, 1.10130796274e-023, 2.87456811786e-023, 3.77600925613e-023, 2.34599486599e-023, 3.43909622984e-023, 4.72641972395e-023, 4.31370284447e-023, 1.37038366857e-022, 1.21004081071e-022, 1.51617463018e-022, 9.94152994345e-023, 1.77552887175e-022, 2.86867210834e-022, 4.84538461852e-022, 4.04295883982e-022, 5.18216587348e-022, 7.61693949284e-022, 1.23995171518e-021, 1.23606935832e-021, 2.20566862154e-021]
        var: [4.01920589367e-014, 2.7256819024e-008, 7.57469607038e-008, 6.41452331251e-008, 3.4508235558e-007, 6.41499298126e-008, 6.20685796093e-008, 1.41966481237e-007, 1.91292329532e-007, 8.26838288503e-007, 5.84228523337e-008, 1.55557042802e-008, 2.95961282148e-008, 6.64274253381e-008, 7.89164715798e-008, 5.7199269321e-008, 1.20234830092e-007, 1.34403506991e-007, 6.87597150772e-007, 1.95299335815e-007, 4.41767191717e-008, 3.09364045492e-009, 4.29020707848e-010, 2.99525515501e-010, 2.58170585604e-011, 8.86558808002e-015, 1.86329632034e-019]
    frequency_bands:
        dmean: [8.5319726395e-008, 7.41500261938e-005, 0.000137766852276, 0.000126781160361, 0.000230853416724, 8.89958391781e-005, 8.13730075606e-005, 0.000103591781226, 0.000137728173286, 0.000228920995141, 7.41710391594e-005, 4.12414847233e-005, 5.81486528972e-005, 8.05952658993e-005, 0.000102623453131, 9.14069241844e-005, 0.000143358847708, 0.000154845489305, 0.000276884005871, 0.000141587152029, 5.63023677387e-005, 1.63865679497e-005, 4.58453951069e-006, 2.6016780339e-006, 7.9877565895e-007, 2.01411385348e-008, 2.20785931204e-010, 5.18215158285e-011]
        dmean2: [1.36722462685e-007, 0.000119428586913, 0.000231956335483, 0.000211921404116, 0.000385984341847, 0.000147401995491, 0.000132710934849, 0.000164796263562, 0.00020694109844, 0.000332911411533, 0.000119525611808, 6.62699967506e-005, 9.42053229664e-005, 0.000125361533719, 0.000163167962455, 0.000148267077748, 0.000236570776906, 0.00026032308233, 0.000459688570118, 0.000228994220379, 8.87745190994e-005, 2.62037428911e-005, 6.78643073115e-006, 3.72424347006e-006, 1.14178340027e-006, 2.97592617216e-008, 3.84756199123e-010, 9.5511147602e-011]
        dvar: [2.81169401997e-014, 2.6462927849e-008, 6.73512090543e-008, 4.24113792974e-008, 3.32017293658e-007, 4.32734452716e-008, 5.1531987566e-008, 8.58286952621e-008, 7.71644153019e-008, 2.54508734088e-007, 2.57460701647e-008, 8.00758659381e-009, 1.41392719755e-008, 4.05754363442e-008, 4.31299014281e-008, 2.87876584792e-008, 6.91176893497e-008, 4.60603111208e-008, 2.10109632803e-007, 1.09350359878e-007, 2.0532960221e-008, 1.42548917115e-009, 1.79978712489e-010, 2.09110381788e-010, 1.6796210256e-011, 3.87243939375e-015, 1.13335414921e-019, 6.41954395835e-021]
        dvar2: [6.38969739207e-014, 6.55119976045e-008, 1.8844235683e-007, 1.17447335413e-007, 9.0743264991e-007, 1.07780579128e-007, 1.26452377458e-007, 2.07192314861e-007, 1.82893884926e-007, 5.26321798588e-007, 6.27708658385e-008, 1.97811758085e-008, 3.67330876827e-008, 9.92915545339e-008, 9.69085860447e-008, 6.95435176112e-008, 1.78456616595e-007, 1.23574054101e-007, 5.60169326036e-007, 2.4691132694e-007, 4.00407245138e-008, 3.18396353727e-009, 3.63397867353e-010, 4.68751704119e-010, 3.37432408404e-011, 7.25632034792e-015, 3.11450974817e-019, 2.03066297254e-020]
        max: [2.14410829358e-006, 0.00156989891548, 0.00313503481448, 0.00348893553019, 0.00885050557554, 0.00483613368124, 0.00573142245412, 0.00568647496402, 0.00813297554851, 0.00845092721283, 0.00400738511235, 0.00173000083305, 0.00202398374677, 0.00439612939954, 0.00540666887537, 0.00433076871559, 0.0092398552224, 0.00429836194962, 0.00835751928389, 0.0122311348096, 0.00603334791958, 0.00110463332385, 0.00049138313625, 0.000807795673609, 0.000248476397246, 1.97491044673e-006, 7.84216425131e-009, 8.07163558214e-010]
        mean: [1.02871915431e-007, 9.6409690741e-005, 0.000203389688977, 0.000200494832825, 0.000361303042155, 0.000139176117955, 0.000108479158371, 0.000163955104654, 0.000275619677268, 0.000447152997367, 0.000117405055789, 6.66703854222e-005, 9.94970105239e-005, 0.000130037515191, 0.00017855920305, 0.0001781743631, 0.00030612925184, 0.000367526954506, 0.000660494610202, 0.000305022404063, 0.000123471560073, 3.22481428157e-005, 9.09223308554e-006, 4.31628086517e-006, 1.46101365317e-006, 4.0568167492e-008, 2.7848631734e-010, 4.11750425422e-011]
        median: [2.4064831905e-008, 4.34886096627e-005, 0.000121764081996, 0.00012431567302, 0.000179511815077, 6.43172388664e-005, 4.51641681138e-005, 5.0409391406e-005, 0.000109992528451, 8.52264201967e-005, 3.37923229381e-005, 2.09054469451e-005, 2.57129577221e-005, 4.64670083602e-005, 8.98574726307e-005, 0.000122670884593, 0.000228591889027, 0.00027236121241, 0.000440130592324, 0.000228464603424, 8.34307211335e-005, 1.81868563232e-005, 3.96326095142e-006, 1.13282089842e-006, 5.30945271748e-007, 1.7210469494e-008, 1.31236410628e-010, 1.27252861026e-011]
        min: [7.43865699137e-024, 2.92867766507e-023, 1.89556712202e-023, 1.01358883889e-023, 2.30144520854e-023, 1.6502869163e-023, 1.8333651241e-023, 1.10130796274e-023, 2.87456811786e-023, 3.77600925613e-023, 2.34599486599e-023, 3.43909622984e-023, 4.72641972395e-023, 4.31370284447e-023, 1.37038366857e-022, 1.21004081071e-022, 1.51617463018e-022, 9.94152994345e-023, 1.77552887175e-022, 2.86867210834e-022, 4.84538461852e-022, 4.04295883982e-022, 5.18216587348e-022, 7.61693949284e-022, 1.23995171518e-021, 1.23606935832e-021, 2.20566862154e-021, 7.05300113327e-022]
        var: [4.01920589367e-014, 2.7256819024e-008, 7.57469607038e-008, 6.41452331251e-008, 3.4508235558e-007, 6.41499298126e-008, 6.20685796093e-008, 1.41966481237e-007, 1.91292329532e-007, 8.26838288503e-007, 5.84228523337e-008, 1.55557042802e-008, 2.95961282148e-008, 6.64274253381e-008, 7.89164715798e-008, 5.7199269321e-008, 1.20234830092e-007, 1.34403506991e-007, 6.87597150772e-007, 1.95299335815e-007, 4.41767191717e-008, 3.09364045492e-009, 4.29020707848e-010, 2.99525515501e-010, 2.58170585604e-011, 8.86558808002e-015, 1.86329632034e-019, 5.30328593604e-021]
    mfcc:
        mean: [-733.932678223, 112.759498596, -51.5635643005, 48.6000099182, -9.66917419434, -12.7585954666, -4.54639101028, 3.59213137627, 0.778574764729, 0.81335401535, -3.76249337196, -12.4450807571, -9.46902751923]
        cov: [[8260.5625, -1203.52722168, -1601.25964355, 1217.75305176, -618.78314209, 701.731079102, 760.950134277, 200.914001465, 183.699310303, 282.745422363, 23.1902046204, -45.812625885, -116.627548218], [-1203.52722168, 1091.09851074, 2.86023879051, -266.056610107, 171.169219971, -161.157592773, -92.0463104248, 47.2971000671, -38.1737174988, -64.2733078003, 50.609210968, -70.9381027222, -17.6476764679], [-1601.25964355, 2.86023879051, 1061.47827148, 5.82390975952, 267.967285156, 39.5698509216, -103.369728088, -57.2992782593, -5.56140947342, -58.1393966675, -51.4480552673, 57.0262947083, 35.6583518982], [1217.75305176, -266.056610107, 5.82390975952, 697.770996094, 137.060531616, 227.362747192, 212.716278076, -11.2507333755, 91.0297088623, 66.2962493896, -31.2793464661, 36.7923622131, 13.1484546661], [-618.78314209, 171.169219971, 267.967285156, 137.060531616, 361.19317627, 1.12428987026, -36.8981056213, -37.4846382141, 23.2183094025, 0.0872936174273, -38.4358062744, 9.00071620941, 15.6969480515], [701.731079102, -161.157592773, 39.5698509216, 227.362747192, 1.12428987026, 286.732788086, 187.386474609, 33.8979873657, 26.8671264648, 23.074224472, 12.3150367737, 27.0390357971, -12.1309375763], [760.950134277, -92.0463104248, -103.369728088, 212.716278076, -36.8981056213, 187.386474609, 323.577514648, 77.8479766846, 25.3496608734, 30.7139205933, -5.02217531204, 25.5760250092, -21.5556869507], [200.914001465, 47.2971000671, -57.2992782593, -11.2507333755, -37.4846382141, 33.8979873657, 77.8479766846, 130.486495972, 43.9370384216, 27.5243740082, 19.1825790405, -24.7217254639, -10.61277771], [183.699310303, -38.1737174988, -5.56140947342, 91.0297088623, 23.2183094025, 26.8671264648, 25.3496608734, 43.9370384216, 150.932754517, 74.2568206787, -4.15692424774, -1.62263572216, -17.1385192871], [282.745422363, -64.2733078003, -58.1393966675, 66.2962493896, 0.0872936174273, 23.074224472, 30.7139205933, 27.5243740082, 74.2568206787, 128.400878906, 19.1908397675, -11.3661823273, -9.87782859802], [23.1902046204, 50.609210968, -51.4480552673, -31.2793464661, -38.4358062744, 12.3150367737, -5.02217531204, 19.1825790405, -4.15692424774, 19.1908397675, 107.142974854, 24.864358902, 10.1794862747], [-45.812625885, -70.9381027222, 57.0262947083, 36.7923622131, 9.00071620941, 27.0390357971, 25.5760250092, -24.7217254639, -1.62263572216, -11.3661823273, 24.864358902, 103.698936462, 38.4542541504], [-116.627548218, -17.6476764679, 35.6583518982, 13.1484546661, 15.6969480515, -12.1309375763, -21.5556869507, -10.61277771, -17.1385192871, -9.87782859802, 10.1794862747, 38.4542541504, 89.6468963623]]
        icov: [[0.000439081632067, 0.000177463793079, 0.000538985768799, -0.000655098701827, 0.000490431906655, -0.000566503440496, 0.000113512782264, -0.000347392429831, 0.000201944640139, -0.000268714182312, 0.000211699429201, 6.98650837876e-005, 0.000266486575129], [0.000177463793079, 0.00161698635202, 0.000369363406207, 0.000325095374137, -0.00114385737106, 0.000450974766864, -0.000515857653227, -0.000508328666911, -0.000158019422088, 0.000993493595161, -0.0014119760599, 0.00124845723622, 0.000135746333399], [0.000538985768799, 0.000369363406207, 0.00205516582355, -0.000467799312901, -0.000499289133586, -0.00145695288666, 0.000810261350125, -0.000665037892759, 0.000180684161023, 0.000113229682029, 0.000825983646791, -0.000696476781741, 0.000283406174276], [-0.000655098701827, 0.000325095374137, -0.000467799312901, 0.00404245685786, -0.00229851086624, -0.000410534994444, -0.00178899546154, 0.00217177998275, -0.00189056200907, 0.000452887354186, -0.000482957548229, 0.000750653387513, -0.0015999317402], [0.000490431906655, -0.00114385737106, -0.000499289133586, -0.00229851086624, 0.00574516039342, -0.000601010280661, 0.00102552445605, 0.000232227554079, 0.000190715640201, -0.00135557970498, 0.00206143222749, -0.000685742823407, 8.25361348689e-005], [-0.000566503440496, 0.000450974766864, -0.00145695288666, -0.000410534994444, -0.000601010280661, 0.00805322360247, -0.00369291915558, 0.000410943175666, -0.000392806221498, 0.00108565483242, -0.00267899851315, 0.000550984055735, 0.000459571456304], [0.000113512782264, -0.000515857653227, 0.000810261350125, -0.00178899546154, 0.00102552445605, -0.00369291915558, 0.00804538838565, -0.00492744753137, 0.0024982043542, -0.00154172629118, 0.00325721269473, -0.00419839890674, 0.0023969032336], [-0.000347392429831, -0.000508328666911, -0.000665037892759, 0.00217177998275, 0.000232227554079, 0.000410943175666, -0.00492744753137, 0.0140501270071, -0.00528216036037, 0.00100983271841, -0.0034580512438, 0.00549153238535, -0.00297407479957], [0.000201944640139, -0.000158019422088, 0.000180684161023, -0.00189056200907, 0.000190715640201, -0.000392806221498, 0.0024982043542, -0.00528216036037, 0.0122130895033, -0.00643505249172, 0.00290837930515, -0.00362676102668, 0.00317713804543], [-0.000268714182312, 0.000993493595161, 0.000113229682029, 0.000452887354186, -0.00135557970498, 0.00108565483242, -0.00154172629118, 0.00100983271841, -0.00643505249172, 0.0132845342159, -0.00445621600375, 0.00355825643055, -0.000919154612347], [0.000211699429201, -0.0014119760599, 0.000825983646791, -0.000482957548229, 0.00206143222749, -0.00267899851315, 0.00325721269473, -0.0034580512438, 0.00290837930515, -0.00445621600375, 0.014362632297, -0.0063539664261, 0.000549758959096], [6.98650837876e-005, 0.00124845723622, -0.000696476781741, 0.000750653387513, -0.000685742823407, 0.000550984055735, -0.00419839890674, 0.00549153238535, -0.00362676102668, 0.00355825643055, -0.0063539664261, 0.0172198005021, -0.0066274353303], [0.000266486575129, 0.000135746333399, 0.000283406174276, -0.0015999317402, 8.25361348689e-005, 0.000459571456304, 0.0023969032336, -0.00297407479957, 0.00317713804543, -0.000919154612347, 0.000549758959096, -0.0066274353303, 0.0152087621391]]
    sccoeffs:
        dmean: [0.0493146069348, 0.0445532687008, 0.0390377566218, 0.0310518406332, 0.0212656091899, 0.0174128226936]
        dmean2: [0.0821903347969, 0.0724970698357, 0.0622248575091, 0.0497666820884, 0.0342564955354, 0.0278383214027]
        dvar: [0.00172866939101, 0.00147167476825, 0.00106228562072, 0.000659285811707, 0.000369177927496, 0.000263244961388]
        dvar2: [0.00474477373064, 0.0037755863741, 0.00262442883104, 0.00164465873968, 0.00084415380843, 0.000616940378677]
        max: [-0.337412148714, -0.371631145477, -0.444337397814, -0.55625718832, -0.515424966812, -0.591817975044]
        mean: [-0.637207627296, -0.744843363762, -0.728342294693, -0.764132618904, -0.772106707096, -0.750905394554]
        median: [-0.641335725784, -0.753295660019, -0.734386324883, -0.767588675022, -0.781711518764, -0.742196917534]
        min: [-0.965927362442, -0.990740478039, -0.971938312054, -0.989584684372, -0.978250980377, -0.958885669708]
        var: [0.00488097500056, 0.00517362402752, 0.00623472081497, 0.00291733210906, 0.00226291711442, 0.00227684993297]
    scvalleys:
        dmean: [0.362173825502, 0.345374852419, 0.296540260315, 0.263203203678, 0.223169326782, 0.257030695677]
        dmean2: [0.59866052866, 0.56310069561, 0.472827404737, 0.413219243288, 0.335980534554, 0.373651772738]
        dvar: [0.114731729031, 0.136022895575, 0.0949380621314, 0.0901452079415, 0.0986902266741, 0.108851209283]
        dvar2: [0.258994966745, 0.300382882357, 0.176382213831, 0.157806321979, 0.161323875189, 0.19192288816]
        max: [-5.28293228149, -4.6110534668, -5.36897039413, -5.71094369888, -5.28185844421, -7.15909099579]
        mean: [-7.2995262146, -6.89001131058, -7.34012079239, -7.56770801544, -7.4129114151, -10.5146760941]
        median: [-6.87515068054, -6.75922393799, -7.15328073502, -7.2283411026, -6.66758489609, -9.86710357666]
        min: [-27.5648956299, -27.5920753479, -27.2928695679, -27.2099990845, -27.3311328888, -27.2938499451]
        var: [1.56792914867, 0.820420861244, 1.27542591095, 1.4785284996, 2.58493113518, 3.57500290871]

rhythm:
    beats_loudness:
        dmean: 0.00209162454121
        dmean2: 0.00378951104358
        dvar: 3.94430708184e-006
        dvar2: 1.19207425087e-005
        max: 0.0188424382359
        mean: 0.00481362175196
        median: 0.00472427532077
        min: 1.9467459424e-005
        var: 1.14717122415e-005
    bpm: 88.0530700684
    bpm_confidence: 0
    first_peak_bpm: 88
    first_peak_spread: 0.0585366562009
    first_peak_weight: 0.574404716492
    onset_rate: 2.69912576675
    second_peak_bpm: 117
    second_peak_spread: 0.378378421068
    second_peak_weight: 0.0684523805976
    beats_loudness_band_ratio:
        dmean: [0.134261697531, 0.140532836318, 0.133521482348, 0.101896464825, 0.117864094675, 0.114568904042]
        dmean2: [0.246197506785, 0.257461667061, 0.226684361696, 0.178080499172, 0.20637448132, 0.20290133357]
        dvar: [0.0159569848329, 0.0147335473448, 0.0176983568817, 0.0102475928143, 0.0113277379423, 0.0207682494074]
        dvar2: [0.043895740062, 0.0403333902359, 0.0494241788983, 0.0307193528861, 0.0345292501152, 0.0611528269947]
        max: [0.967785537243, 0.682437777519, 0.969846785069, 0.66680175066, 0.605496227741, 0.866518139839]
        mean: [0.166137635708, 0.144860461354, 0.210332557559, 0.128215298057, 0.224734902382, 0.175086826086]
        median: [0.102391116321, 0.0971243828535, 0.148587763309, 0.0991242676973, 0.217701360583, 0.161963671446]
        min: [1.95395546143e-006, 0.00054573995294, 0.000940185273066, 1.64814064192e-005, 5.60132830287e-005, 7.66977973399e-006]
        var: [0.0332661382854, 0.0177420824766, 0.0392662361264, 0.0125465961173, 0.0147651173174, 0.022798685357]
    beats_position: [0.383129239082, 0.766258478165, 1.13777780533, 1.49768710136, 1.84598636627, 2.18267560005, 2.53097510338, 2.86766433716, 3.21596360207, 3.56426286697, 3.90095233917, 4.23764181137, 4.57433080673, 4.91102027893, 5.24770975113, 5.59600877762, 5.94430828094, 6.29260778427, 6.62929677963, 6.96598625183, 7.31428575516, 7.66258478165, 7.99927425385, 8.34757328033, 8.68426322937, 9.02095222473, 9.35764122009, 9.69433116913, 10.0310201645, 10.379319191, 10.7276191711, 11.0759181976, 11.412607193, 11.749297142, 12.1092061996, 12.4691152573, 12.8290243149, 13.2005443573, 13.572063446, 13.9435825348, 14.3151016235, 14.6866207123, 15.0465307236, 15.4064397812, 15.7779588699, 16.1378688812, 16.4977779388, 16.8344669342, 17.1827659607, 17.5310649872, 17.8793640137, 18.2276649475, 18.575963974, 18.9242630005, 19.2609519958, 19.5976409912, 19.9459400177, 20.2942390442, 20.642539978, 21.0140590668, 21.3855781555, 21.7570972443, 22.2911567688, 22.8019943237, 23.3244438171, 23.8468933105, 24.3577327728, 24.8685703278, 25.3677997589, 25.8670291901, 26.3778686523, 26.8887062073, 27.3995456696, 27.9103851318, 28.4792747498, 29.0481624603, 29.6054420471, 30.1394996643, 30.68516922, 31.265668869, 31.8577766418, 32.449886322, 33.0187759399, 33.5992736816, 34.1913833618, 34.783493042, 35.3755989075, 35.9793205261, 36.5714263916, 37.1635360718, 37.755645752, 38.3477554321, 38.8585929871, 39.369430542, 39.8802719116, 40.3795013428, 40.8787307739, 41.3895683289, 41.9004058838, 42.4112472534, 42.9220848083, 43.432926178, 43.9321517944, 44.4546012878, 44.9654426575, 45.4762802124, 45.9987297058, 46.5095672607, 47.0204086304, 47.5312461853, 48.2162361145, 48.901222229, 49.5746040344, 50.2595901489, 50.9445800781, 51.6179580688, 52.302947998, 52.9763259888, 53.661315918, 54.3463020325, 55.0312919617, 55.7162818909, 56.4012680054, 57.0746459961, 57.7480278015, 58.433013916, 59.1180038452, 59.8029937744, 60.4879798889, 61.1613578796, 61.8463478088, 62.531337738, 63.2163238525, 63.889705658, 64.5746917725, 65.2596817017, 65.9446716309, 66.6296615601, 67.3146438599, 67.9996337891, 68.6846237183, 69.358001709, 70.0313796997, 70.7163696289, 71.4013595581, 72.0863494873, 72.7829437256, 73.4679336548, 74.1413116455, 74.8146896362, 75.488067627, 76.1730575562, 76.8580474854, 77.5314254761, 78.2164154053, 78.9014053345, 79.5747833252, 80.2481613159, 80.9331512451, 81.6181411743, 82.3031311035, 82.9881134033, 83.661491394, 84.3464813232, 85.0314712524, 85.7048492432, 86.3782272339, 87.0516052246, 87.7482070923, 88.4331970215, 89.1181869507, 89.7915649414, 90.4765548706, 91.1615371704, 91.8465270996, 92.5315170288, 93.2048950195, 93.8898849487, 94.5748748779, 95.2598648071, 95.9448471069, 96.6182327271, 97.2916107178, 97.976600647, 98.6615829468, 99.346572876, 100.031562805, 100.728164673, 101.401542664, 102.074920654, 102.759910583, 103.444892883, 104.118278503, 104.803260803, 105.488250732, 106.161628723, 106.846618652, 107.531608582, 108.216598511, 108.90158844, 109.574966431, 110.25995636, 110.94493866, 111.629928589, 112.30330658, 112.988296509, 113.6616745, 114.346664429, 115.031654358, 115.705032349, 116.390022278, 117.075012207, 117.759994507, 118.433380127, 119.118362427, 119.803352356, 120.488342285, 121.161720276, 121.846710205, 122.531700134, 123.216690063, 123.901672363, 124.575057983, 125.260040283, 125.945030212, 126.618408203, 127.303398132, 127.976776123, 128.661773682, 129.346755981, 130.031738281, 130.71673584, 131.40171814, 132.07510376, 132.76008606, 133.445083618, 134.118453979, 134.803451538, 135.488433838, 136.161804199, 136.846801758, 137.531784058, 138.228393555, 138.901763916, 139.575149536, 140.260131836, 140.945129395, 141.618499756, 142.303482056, 142.988479614, 143.685073853, 144.381668091, 145.078277588, 145.740036011, 146.413421631, 147.098403931, 147.760177612, 148.421951294, 149.106933594, 149.791931152, 150.476913452, 151.161895752, 151.835281372, 152.520263672, 153.20526123, 153.89024353, 154.575241089, 155.260223389, 155.945205688, 156.618591309, 157.303573608, 157.988571167, 158.661941528, 159.346939087, 160.031921387, 160.716918945, 161.401901245, 162.075286865, 162.748657227, 163.422042847, 164.107025146, 164.792022705, 165.477005005, 166.161987305, 166.846984863, 167.531967163, 168.216964722, 168.901947021, 169.575332642, 170.248703003, 170.933700562, 171.607070923, 172.292053223, 172.965438843, 173.650421143, 174.335418701, 175.020401001, 175.693786621, 176.378768921, 177.063766479, 177.748748779, 178.433731079, 179.118728638, 179.803710938, 180.488708496, 181.162078857, 181.847076416, 182.520446777, 183.205444336, 183.890426636, 184.575408936, 185.248794556, 185.922180176, 186.583938599, 187.234100342, 187.768157959, 188.302215576, 188.824661255, 189.335510254, 189.846343994, 190.357177734, 190.856414795, 191.355636597, 191.843261719, 192.342483521, 192.841720581, 193.294509888, 193.747299194, 194.211700439, 194.664489746, 195.117279053, 195.570068359, 196.022857666, 196.464035034, 196.905212402, 197.358001709, 197.810791016]
    bpm_estimates: [87.5925292969, 87.5930175781, 89.1024932861, 87.5930175781, 87.5925292969, 89.1030044556, 87.5925292969, 89.1030044556, 87.5925292969, 87.5930175781, 87.5925292969, 87.5925292969, 87.5930175781, 89.1030044556, 89.1024932861, 87.5930175781, 87.5925292969, 87.5925292969, 87.5930175781, 89.1030044556, 87.5925292969, 87.5925292969, 87.5930175781, 89.1024932861, 87.5930175781, 87.5925292969, 87.5925292969, 87.5925292969, 87.5935058594, 87.5925292969, 87.5925292969, 89.1030044556, 89.1030044556, 87.5925292969, 87.5925292969, 87.5925292969, 86.133354187, 87.5925292969, 89.1030044556, 89.1030044556, 89.1030044556, 87.5925292969, 87.5925292969, 89.1030044556, 87.5925292969, 87.5925292969, 89.1030044556, 89.1030044556, 87.5925292969, 87.5925292969, 87.5925292969, 87.5935058594, 89.1030044556, 87.5925292969, 87.5925292969, 89.1030044556, 89.1030044556, 89.1030044556, 86.1324157715, 87.5925292969, 87.5925292969, 89.1030044556, 87.5925292969, 87.5935058594, 87.5925292969, 87.5925292969, 89.1030044556, 87.5925292969, 87.5925292969, 87.5925292969, 87.5935058594, 89.1019897461, 89.1030044556, 87.5925292969, 87.5935058594, 87.5925292969, 87.5925292969, 86.1324157715, 89.1030044556, 89.1030044556, 87.5925292969, 87.5935058594, 89.1019897461, 87.5935058594, 87.5925292969, 89.1030044556, 87.5925292969, 87.5925292969, 87.5925292969, 87.5925292969, 89.1030044556, 87.5925292969, 87.5935058594, 87.5925292969, 89.1030044556, 87.5925292969, 89.1030044556, 87.5925292969, 87.5925292969, 89.1030044556, 87.5925292969, 87.5925292969, 87.5935058594, 89.1019897461, 87.5935058594, 87.5925292969, 87.5925292969, 89.1030044556, 87.5925292969, 87.5925292969, 87.5925292969, 87.5935058594, 89.1019897461, 87.5935058594, 87.5925292969, 89.1030044556, 87.5925292969, 89.1030044556, 87.5915527344, 87.5935058594, 87.5935058594, 87.5915527344, 87.5935058594, 89.1019897461, 87.5935058594, 87.5915527344, 89.1040115356, 87.5915527344, 87.5935058594, 89.1040115356, 87.5915527344, 87.5935058594, 86.1314697266, 89.1040115356, 89.1019897461, 87.5935058594, 87.5915527344, 89.1040115356, 87.5935058594, 87.5915527344, 86.133354187, 86.133354187, 86.1314697266, 90.6675262451, 89.1019897461, 87.5935058594, 90.665435791, 90.665435791, 87.5935058594, 87.5915527344, 87.5935058594, 87.5935058594, 89.1019897461, 87.5935058594, 87.5915527344, 87.5935058594, 87.5915527344, 87.5935058594, 87.5935058594, 89.1019897461, 87.5935058594, 87.5915527344, 89.1040115356, 87.5915527344, 87.5935058594, 87.5915527344, 87.5935058594, 89.1019897461, 89.1040115356, 89.1019897461, 87.5935058594, 87.5915527344, 87.5935058594, 87.5935058594, 87.5915527344, 87.5935058594, 87.5915527344, 87.5935058594, 89.1019897461, 89.1040115356, 87.5915527344, 89.1040115356, 87.5935058594, 89.1019897461, 87.5935058594, 87.5915527344, 87.5935058594, 89.1019897461, 87.5935058594, 87.5915527344, 87.5935058594, 87.5935058594, 87.5915527344, 87.5935058594, 87.5915527344, 89.1040115356, 87.5915527344, 89.1040115356, 87.5915527344, 87.5935058594, 87.5935058594, 89.1019897461, 89.1019897461, 90.6675262451, 92.2847290039]
