
metadata:
    version:
        essentia: "2.1-beta2"
    audio_properties:
        analysis_sample_rate: 44100
        bitrate: 237
        channels: 2
        equal_loudness: 1
        length: 203.650619507
        replay_gain: -15.0487422943
        downmix: "mix"
    tags:
        album: "Crossfade"
        artist: "Crossfade"
        comment: "Ripped by [HHI]"
        date: "2004"
        genre: "Rock"
        title: "The Deep End"
        tracknumber: "6"

configuration:
    average_loudness:
        compute: 1
        frameSize: 88200
        hopSize: 44100
        silentFrames: "noise"
        windowType: "hann"
    general:
        analysisSampleRate: 44100
        endTime: 2000
        equalLoudness: 1
        nequalLoudness: 0
        shortSound: 0
        startTime: 0
    lowlevel:
        compute: 1
        frameSize: 2048
        hopSize: 1024
        zeroPadding: 0
        silentFrames: "noise"
        windowType: "blackmanharris62"
        mfccStats: ["mean", "cov", "icov"]
        stats: ["mean", "var", "median", "min", "max", "dmean", "dmean2", "dvar", "dvar2"]
    panning:
        compute: 0
        frameSize: 8192
        hopSize: 2048
        zeroPadding: 8192
        silentFrames: "noise"
        windowType: "hann"
        stats: ["copy"]
    rhythm:
        compute: 1
        maxTempo: 208
        minTempo: 40
        method: "degara"
        stats: ["mean", "var", "median", "min", "max", "dmean", "dmean2", "dvar", "dvar2"]
    segmentation:
        compute: 0
        cpw: 5
        inc1: 300
        inc2: 50
        minimumSegmentsLength: 10
        size1: 1000
        size2: 600
    sfx:
        compute: 1
        stats: ["mean", "var", "median", "min", "max", "dmean", "dmean2", "dvar", "dvar2"]
    svm:
        compute: 0
    tonal:
        compute: 1
        frameSize: 4096
        hopSize: 2048
        zeroPadding: 0
        silentFrames: "noise"
        windowType: "blackmanharris62"
        stats: ["mean", "var", "median", "min", "max", "dmean", "dmean2", "dvar", "dvar2"]

lowlevel:
    average_loudness: 0.878811120987
    barkbands_kurtosis:
        dmean: 1.14347779751
        dmean2: 1.81488311291
        dvar: 2.83079409599
        dvar2: 6.60255527496
        max: 31.0510730743
        mean: 0.522436738014
        median: -0.509939968586
        min: -1.899497509
        var: 8.61327552795
    barkbands_skewness:
        dmean: 0.438577353954
        dmean2: 0.681956887245
        dvar: 0.18413631618
        dvar2: 0.433809787035
        max: 5.58485841751
        mean: -0.45596498251
        median: -0.449658960104
        min: -5.41813993454
        var: 1.35787415504
    barkbands_spread:
        dmean: 5.97510766983
        dmean2: 9.30205631256
        dvar: 42.3600883484
        dvar2: 101.017570496
        max: 72.2685394287
        mean: 27.7802333832
        median: 27.3706302643
        min: 1.11832070351
        var: 141.003829956
    dissonance:
        dmean: 0.0127425584942
        dmean2: 0.0213096477091
        dvar: 0.00027595506981
        dvar2: 0.0007256467361
        max: 0.500000178814
        mean: 0.477446675301
        median: 0.48560911417
        min: 0.192414924502
        var: 0.000666872248985
    hfc:
        dmean: 2.89215087891
        dmean2: 4.71544504166
        dvar: 17.2772331238
        dvar2: 43.9568862915
        max: 82.031578064
        mean: 9.69014358521
        median: 7.08552598953
        min: 1.10673556499e-016
        var: 75.2814254761
    pitch:
        dmean: 609.037414551
        dmean2: 1158.6451416
        dvar: 1238553.75
        dvar2: 3120152.25
        max: 5037.38476563
        mean: 1741.12316895
        median: 615.428344727
        min: 62.1147384644
        var: 2495457.5
    pitch_instantaneous_confidence:
        dmean: 0.0869574919343
        dmean2: 0.139364048839
        dvar: 0.00567145692185
        dvar2: 0.0135309910402
        max: 0.923842310905
        mean: 0.463419646025
        median: 0.457397311926
        min: 0.110755980015
        var: 0.0185084454715
    pitch_salience:
        dmean: 0.0599221549928
        dmean2: 0.0991846770048
        dvar: 0.00281054968946
        dvar2: 0.00783138629049
        max: 0.960741281509
        mean: 0.642912626266
        median: 0.651085078716
        min: 0.235832467675
        var: 0.00763427745551
    silence_rate_20dB:
        dmean: 0
        dmean2: 0
        dvar: 0
        dvar2: 0
        max: 1
        mean: 1
        median: 1
        min: 1
        var: 0
    silence_rate_30dB:
        dmean: 0
        dmean2: 0
        dvar: 0
        dvar2: 0
        max: 1
        mean: 1
        median: 1
        min: 1
        var: 0
    silence_rate_60dB:
        dmean: 0.0925778150558
        dmean2: 0.185176745057
        dvar: 0.0839975103736
        dvar2: 0.177348762751
        max: 1
        mean: 0.429776549339
        median: 0
        min: 0
        var: 0.245069488883
    spectral_centroid:
        dmean: 256.615264893
        dmean2: 401.437866211
        dvar: 83346.21875
        dvar2: 194846.3125
        max: 11072.4824219
        mean: 1928.95080566
        median: 1963.21105957
        min: 227.836624146
        var: 648808.75
    spectral_complexity:
        dmean: 3.38729906082
        dmean2: 5.56602048874
        dvar: 13.927734375
        dvar2: 35.4281845093
        max: 43
        mean: 15.1047649384
        median: 14
        min: 0
        var: 90.9832305908
    spectral_crest:
        dmean: 1.9929074049
        dmean2: 3.27877736092
        dvar: 3.33683252335
        dvar2: 8.84057426453
        max: 24.6209144592
        mean: 7.5751414299
        median: 7.03556060791
        min: 2.27298808098
        var: 7.61685800552
    spectral_decrease:
        dmean: 2.49277321007e-010
        dmean2: 4.08394207341e-010
        dvar: 1.20936093227e-019
        dvar2: 3.14832980299e-019
        max: -6.33395205841e-029
        mean: -8.87177442621e-010
        median: -7.87031717575e-010
        min: -4.03205335786e-009
        var: 3.37529627236e-019
    spectral_energy:
        dmean: 0.00118054554332
        dmean2: 0.00193231599405
        dvar: 2.6545617402e-006
        dvar2: 6.86976454745e-006
        max: 0.0226583834738
        mean: 0.00422731973231
        median: 0.00363196665421
        min: 1.03881210656e-020
        var: 8.56397036841e-006
    spectral_energyband_high:
        dmean: 0.000161668998771
        dmean2: 0.000266577204457
        dvar: 8.10755338421e-008
        dvar2: 2.06492401844e-007
        max: 0.00740960985422
        mean: 0.000378674565582
        median: 0.000205415926757
        min: 7.55700252284e-021
        var: 2.1408312989e-007
    spectral_energyband_low:
        dmean: 0.000147086786455
        dmean2: 0.000239782762947
        dvar: 6.62953851815e-008
        dvar2: 1.68785490473e-007
        max: 0.00316642154939
        mean: 0.000253109727055
        median: 0.000179826893145
        min: 2.43403647617e-023
        var: 8.1605151081e-008
    spectral_energyband_middle_high:
        dmean: 0.000840471009724
        dmean2: 0.00135956320446
        dvar: 1.31049739593e-006
        dvar2: 3.30145371663e-006
        max: 0.0171455405653
        mean: 0.00271714734845
        median: 0.00216078478843
        min: 1.5834218038e-021
        var: 5.50142522115e-006
    spectral_energyband_middle_low:
        dmean: 0.000421248172643
        dmean2: 0.000700565695297
        dvar: 6.50667573154e-007
        dvar2: 1.78408868123e-006
        max: 0.00867336336523
        mean: 0.000955610885285
        median: 0.000747944519389
        min: 2.24727715941e-022
        var: 7.05198488049e-007
    spectral_flatness_db:
        dmean: 0.0160388592631
        dmean2: 0.02485957928
        dvar: 0.000232682592468
        dvar2: 0.000527109019458
        max: 0.422019124031
        mean: 0.174880549312
        median: 0.162841975689
        min: 0.0643959417939
        var: 0.00268482184038
    spectral_flux:
        dmean: 0.00723752100021
        dmean2: 0.0112540582195
        dvar: 7.57892703405e-005
        dvar2: 0.000135331574711
        max: 0.109880402684
        mean: 0.0370160862803
        median: 0.0373960733414
        min: 6.63565938308e-011
        var: 0.000317963480484
    spectral_kurtosis:
        dmean: 2.97286105156
        dmean2: 4.97056531906
        dvar: 61.1606140137
        dvar2: 161.488174438
        max: 186.255813599
        mean: 7.53779602051
        median: 4.28190898895
        min: -1.2379117012
        var: 214.767089844
    spectral_rms:
        dmean: 0.000265977956587
        dmean2: 0.000423364399467
        dvar: 1.01228941674e-007
        dvar2: 2.49045200462e-007
        max: 0.00470167398453
        mean: 0.00189223373309
        median: 0.00188238732517
        min: 3.18351269825e-012
        var: 5.4367581015e-007
    spectral_rolloff:
        dmean: 296.770843506
        dmean2: 486.118408203
        dvar: 230015.9375
        dvar2: 511142.6875
        max: 18690.8203125
        mean: 3164.29882813
        median: 3488.37890625
        min: 172.265625
        var: 1081479.375
    spectral_skewness:
        dmean: 0.279947280884
        dmean2: 0.455876648426
        dvar: 0.213256731629
        dvar2: 0.572561979294
        max: 10.0823040009
        mean: 1.55506157875
        median: 1.31648671627
        min: -0.00394489988685
        var: 0.933423817158
    spectral_spread:
        dmean: 443992
        dmean2: 620969.625
        dvar: 480968933376
        dvar2: 776940421120
        max: 41366588
        mean: 3861364.5
        median: 3680503.25
        min: 508898.0625
        var: 2.91655306445e+012
    spectral_strongpeak:
        dmean: 0.778956890106
        dmean2: 1.30495381355
        dvar: 1.12433302402
        dvar2: 2.70943450928
        max: 11.4389457703
        mean: 1.27289092541
        median: 0.53767478466
        min: 7.30272065042e-010
        var: 2.52318334579
    zerocrossingrate:
        dmean: 0.00782062765211
        dmean2: 0.00931743066758
        dvar: 7.47482408769e-005
        dvar2: 8.80048100953e-005
        max: 0.4931640625
        mean: 0.102740339935
        median: 0.1064453125
        min: 0.01171875
        var: 0.0012853317894
    barkbands:
        dmean: [8.25213533062e-008, 6.90390079399e-005, 8.24426460895e-005, 7.55112196202e-005, 0.000212557017221, 0.000103171099909, 5.25519317307e-005, 4.55003355455e-005, 9.93881913018e-005, 3.75344825443e-005, 3.98059637519e-005, 5.49002943444e-005, 3.37496385328e-005, 4.59896873508e-005, 0.000108983360406, 0.000158545852173, 0.000206732293009, 0.000223825569265, 0.00031637927168, 0.000253275269642, 6.9457324571e-005, 1.96013152163e-005, 4.93669176649e-006, 2.21628306463e-006, 1.32896593641e-006, 4.04061033521e-008, 2.88775642288e-010]
        dmean2: [1.39967582413e-007, 0.000112304231152, 0.000140471354825, 0.000128629239043, 0.000373151677195, 0.000170962783159, 8.67661074153e-005, 7.37187292543e-005, 0.000153683737153, 6.08424306847e-005, 6.46087210043e-005, 8.55019243318e-005, 5.57863131689e-005, 7.63889402151e-005, 0.000177717258339, 0.00026079104282, 0.0003418365377, 0.00037329440238, 0.000522604736034, 0.000419212301495, 0.000117045594379, 3.29619033437e-005, 7.78140474722e-006, 3.3739945593e-006, 1.88890464869e-006, 6.24734823873e-008, 4.77604289451e-010]
        dvar: [1.43994364365e-014, 1.9654104122e-008, 2.40694681963e-008, 1.38940343675e-008, 3.37551824714e-007, 6.53389093941e-008, 1.62272772997e-008, 1.32607214098e-008, 4.41886349734e-008, 1.39622864381e-008, 1.83871105008e-008, 2.97212086053e-008, 7.1459669293e-009, 1.05921396099e-008, 7.70959971419e-008, 1.09914893187e-007, 1.02926676959e-007, 1.09850397223e-007, 2.45437803414e-007, 1.98935239837e-007, 1.33102808775e-008, 1.36168665232e-009, 1.35906133569e-010, 6.4995960003e-011, 3.49602569116e-011, 2.22712422641e-014, 3.55371783801e-019]
        dvar2: [3.93755632212e-014, 4.77441837177e-008, 6.69541080356e-008, 3.82185589842e-008, 9.73762439571e-007, 1.72232560658e-007, 4.1002365947e-008, 3.3875824812e-008, 1.06865286398e-007, 3.44634045746e-008, 4.92301879262e-008, 7.12415513249e-008, 1.77337167173e-008, 2.68277062787e-008, 1.94216312366e-007, 2.86232051394e-007, 2.71832732324e-007, 2.94274457247e-007, 6.23725156856e-007, 5.02634065924e-007, 3.46611592761e-008, 3.64564756161e-009, 2.96821067725e-010, 1.41169270718e-010, 6.89486454042e-011, 4.88016812833e-014, 7.46932099017e-019]
        max: [1.28481485717e-006, 0.00117673201021, 0.00213469960727, 0.00147297629155, 0.00621177162975, 0.00600212626159, 0.0036594113335, 0.00319787464105, 0.0031239183154, 0.00347947515547, 0.00581233808771, 0.00519737973809, 0.00275503564626, 0.00384431495331, 0.00474038813263, 0.0062865219079, 0.00557089271024, 0.0058297784999, 0.0099729038775, 0.00707127107307, 0.00330505217426, 0.000424224475864, 0.000336986297043, 0.00024626479717, 0.000184288699529, 5.78195567869e-006, 1.7173666933e-008]
        mean: [9.46638181176e-008, 8.51591903483e-005, 0.000111680390546, 0.000130875123432, 0.000314933568006, 0.000152698979946, 7.45200595702e-005, 7.11883549229e-005, 0.000180131188245, 5.81966123718e-005, 5.97308062424e-005, 8.00431080279e-005, 4.90237362101e-005, 6.94719274179e-005, 0.000176158282557, 0.000288059934974, 0.000398943870096, 0.000488364254124, 0.000680756464135, 0.000555420352612, 0.000147030659718, 3.81671270588e-005, 1.0125627341e-005, 3.94985181629e-006, 2.53667803918e-006, 7.17433010777e-008, 3.86269211061e-010]
        median: [3.82285847422e-008, 4.02997466153e-005, 6.15264580119e-005, 8.7028114649e-005, 0.000192364954273, 7.49846512917e-005, 3.332817505e-005, 3.80262645194e-005, 5.92135475017e-005, 2.20409565372e-005, 2.20617439481e-005, 2.17157794395e-005, 2.50589328061e-005, 3.51286289515e-005, 6.62477395963e-005, 0.000145806654473, 0.000264935399173, 0.00031080521876, 0.000410615146393, 0.000221199137741, 7.81001290306e-005, 2.33724695136e-005, 4.17066439695e-006, 1.42498129208e-006, 7.09258983989e-007, 2.2046908299e-008, 1.52379539542e-010]
        min: [9.92465904859e-024, 8.05755387025e-024, 3.84329601479e-024, 7.06338165926e-024, 3.39786215478e-023, 2.07491843535e-023, 2.41052289917e-023, 3.32446653616e-023, 8.14269957206e-024, 4.7072450397e-023, 4.24422975781e-023, 5.47402004839e-023, 3.14906678487e-023, 8.12525785745e-023, 5.77612726936e-023, 1.69737926177e-022, 1.08277886647e-022, 2.42093333877e-022, 2.72511987087e-022, 3.04863336893e-022, 3.12297284385e-022, 5.22306698613e-022, 7.14579641927e-022, 8.58041154088e-022, 1.00876836549e-021, 1.70039939997e-021, 2.0583373743e-021]
        var: [1.82193144713e-014, 1.96780600703e-008, 2.56717758162e-008, 2.03019236977e-008, 2.52304573678e-007, 7.14720158612e-008, 1.97416056835e-008, 1.6776091627e-008, 1.06622074725e-007, 2.91466530911e-008, 2.31765895364e-008, 4.46679386812e-008, 9.45647737893e-009, 1.71604011001e-008, 1.43149293308e-007, 2.44240879965e-007, 2.2163118274e-007, 3.02719229239e-007, 6.29353394288e-007, 6.28034001693e-007, 3.17287494056e-008, 2.25682184052e-009, 3.0222813141e-010, 1.27136870476e-010, 8.36442790031e-011, 5.28170172528e-014, 8.93699995873e-019]
    frequency_bands:
        dmean: [8.25213533062e-008, 6.90390079399e-005, 8.24426460895e-005, 7.55112196202e-005, 0.000212557017221, 0.000103171099909, 5.25519317307e-005, 4.55003355455e-005, 9.93881913018e-005, 3.75344825443e-005, 3.98059637519e-005, 5.49002943444e-005, 3.37496385328e-005, 4.59896873508e-005, 0.000108983360406, 0.000158545852173, 0.000206732293009, 0.000223825569265, 0.00031637927168, 0.000253275269642, 6.9457324571e-005, 1.96013152163e-005, 4.93669176649e-006, 2.21628306463e-006, 1.32896593641e-006, 4.04061033521e-008, 2.88775642288e-010, 5.09262701454e-011]
        dmean2: [1.39967582413e-007, 0.000112304231152, 0.000140471354825, 0.000128629239043, 0.000373151677195, 0.000170962783159, 8.67661074153e-005, 7.37187292543e-005, 0.000153683737153, 6.08424306847e-005, 6.46087210043e-005, 8.55019243318e-005, 5.57863131689e-005, 7.63889402151e-005, 0.000177717258339, 0.00026079104282, 0.0003418365377, 0.00037329440238, 0.000522604736034, 0.000419212301495, 0.000117045594379, 3.29619033437e-005, 7.78140474722e-006, 3.3739945593e-006, 1.88890464869e-006, 6.24734823873e-008, 4.77604289451e-010, 9.46521333534e-011]
        dvar: [1.43994364365e-014, 1.9654104122e-008, 2.40694681963e-008, 1.38940343675e-008, 3.37551824714e-007, 6.53389093941e-008, 1.62272772997e-008, 1.32607214098e-008, 4.41886349734e-008, 1.39622864381e-008, 1.83871105008e-008, 2.97212086053e-008, 7.1459669293e-009, 1.05921396099e-008, 7.70959971419e-008, 1.09914893187e-007, 1.02926676959e-007, 1.09850397223e-007, 2.45437803414e-007, 1.98935239837e-007, 1.33102808775e-008, 1.36168665232e-009, 1.35906133569e-010, 6.4995960003e-011, 3.49602569116e-011, 2.22712422641e-014, 3.55371783801e-019, 6.84153733721e-021]
        dvar2: [3.93755632212e-014, 4.77441837177e-008, 6.69541080356e-008, 3.82185589842e-008, 9.73762439571e-007, 1.72232560658e-007, 4.1002365947e-008, 3.3875824812e-008, 1.06865286398e-007, 3.44634045746e-008, 4.92301879262e-008, 7.12415513249e-008, 1.77337167173e-008, 2.68277062787e-008, 1.94216312366e-007, 2.86232051394e-007, 2.71832732324e-007, 2.94274457247e-007, 6.23725156856e-007, 5.02634065924e-007, 3.46611592761e-008, 3.64564756161e-009, 2.96821067725e-010, 1.41169270718e-010, 6.89486454042e-011, 4.88016812833e-014, 7.46932099017e-019, 2.22076684876e-020]
        max: [1.28481485717e-006, 0.00117673201021, 0.00213469960727, 0.00147297629155, 0.00621177162975, 0.00600212626159, 0.0036594113335, 0.00319787464105, 0.0031239183154, 0.00347947515547, 0.00581233808771, 0.00519737973809, 0.00275503564626, 0.00384431495331, 0.00474038813263, 0.0062865219079, 0.00557089271024, 0.0058297784999, 0.0099729038775, 0.00707127107307, 0.00330505217426, 0.000424224475864, 0.000336986297043, 0.00024626479717, 0.000184288699529, 5.78195567869e-006, 1.7173666933e-008, 1.54327528534e-009]
        mean: [9.46638181176e-008, 8.51591903483e-005, 0.000111680390546, 0.000130875123432, 0.000314933568006, 0.000152698979946, 7.45200595702e-005, 7.11883549229e-005, 0.000180131188245, 5.81966123718e-005, 5.97308062424e-005, 8.00431080279e-005, 4.90237362101e-005, 6.94719274179e-005, 0.000176158282557, 0.000288059934974, 0.000398943870096, 0.000488364254124, 0.000680756464135, 0.000555420352612, 0.000147030659718, 3.81671270588e-005, 1.0125627341e-005, 3.94985181629e-006, 2.53667803918e-006, 7.17433010777e-008, 3.86269211061e-010, 3.95754470861e-011]
        median: [3.82285847422e-008, 4.02997466153e-005, 6.15264580119e-005, 8.7028114649e-005, 0.000192364954273, 7.49846512917e-005, 3.332817505e-005, 3.80262645194e-005, 5.92135475017e-005, 2.20409565372e-005, 2.20617439481e-005, 2.17157794395e-005, 2.50589328061e-005, 3.51286289515e-005, 6.62477395963e-005, 0.000145806654473, 0.000264935399173, 0.00031080521876, 0.000410615146393, 0.000221199137741, 7.81001290306e-005, 2.33724695136e-005, 4.17066439695e-006, 1.42498129208e-006, 7.09258983989e-007, 2.2046908299e-008, 1.52379539542e-010, 1.28477506411e-011]
        min: [9.92465904859e-024, 8.05755387025e-024, 3.84329601479e-024, 7.06338165926e-024, 3.39786215478e-023, 2.07491843535e-023, 2.41052289917e-023, 3.32446653616e-023, 8.14269957206e-024, 4.7072450397e-023, 4.24422975781e-023, 5.47402004839e-023, 3.14906678487e-023, 8.12525785745e-023, 5.77612726936e-023, 1.69737926177e-022, 1.08277886647e-022, 2.42093333877e-022, 2.72511987087e-022, 3.04863336893e-022, 3.12297284385e-022, 5.22306698613e-022, 7.14579641927e-022, 8.58041154088e-022, 1.00876836549e-021, 1.70039939997e-021, 2.0583373743e-021, 6.38661082048e-022]
        var: [1.82193144713e-014, 1.96780600703e-008, 2.56717758162e-008, 2.03019236977e-008, 2.52304573678e-007, 7.14720158612e-008, 1.97416056835e-008, 1.6776091627e-008, 1.06622074725e-007, 2.91466530911e-008, 2.31765895364e-008, 4.46679386812e-008, 9.45647737893e-009, 1.71604011001e-008, 1.43149293308e-007, 2.44240879965e-007, 2.2163118274e-007, 3.02719229239e-007, 6.29353394288e-007, 6.28034001693e-007, 3.17287494056e-008, 2.25682184052e-009, 3.0222813141e-010, 1.27136870476e-010, 8.36442790031e-011, 5.28170172528e-014, 8.93699995873e-019, 5.21905730081e-021]
    mfcc:
        mean: [-733.45501709, 102.502510071, -53.3882827759, 55.9127998352, -5.24729824066, -11.0986890793, -1.45656406879, 0.184816509485, -1.52778565884, -2.89671325684, -5.41494655609, -7.76619672775, -5.65593004227]
        cov: [[5943.44677734, -1562.71533203, -508.527130127, 1551.13879395, -246.776855469, 152.714569092, -19.3480072021, 33.8460922241, 168.681610107, 214.279022217, -42.2502365112, -126.180862427, 111.00566864], [-1562.71533203, 1897.84753418, 187.399124146, -613.472412109, 152.420028687, -48.0134849548, 47.450302124, -22.4521808624, -112.202308655, -105.040206909, 63.982219696, 35.8027153015, -65.5423812866], [-508.527130127, 187.399124146, 668.501281738, -179.642959595, 39.5801086426, 132.836105347, 32.3948898315, -26.9514312744, -53.7711219788, -44.6088294983, 15.2329645157, 38.5552406311, 1.09819340706], [1551.13879395, -613.472412109, -179.642959595, 1012.13110352, 77.8359146118, -32.0203132629, -27.426908493, -39.1572418213, 89.8641891479, 102.73235321, -52.2232398987, -57.1752891541, 50.9270210266], [-246.776855469, 152.420028687, 39.5801086426, 77.8359146118, 258.57232666, -21.8477878571, -70.0873718262, -47.0270996094, 7.12358474731, 15.5839538574, -14.2412929535, -7.64068841934, 6.23694419861], [152.714569092, -48.0134849548, 132.836105347, -32.0203132629, -21.8477878571, 227.253494263, 85.3444290161, 44.8628768921, 13.7775678635, 18.3524436951, 57.1324768066, 32.2934761047, 18.8040218353], [-19.3480072021, 47.450302124, 32.3948898315, -27.426908493, -70.0873718262, 85.3444290161, 207.856842041, 86.3354949951, 12.3645505905, 27.6681098938, 50.2987937927, 33.8323554993, 6.06467485428], [33.8460922241, -22.4521808624, -26.9514312744, -39.1572418213, -47.0270996094, 44.8628768921, 86.3354949951, 152.400802612, 56.5326118469, 25.6688194275, 27.9069309235, 11.1199092865, 17.4054431915], [168.681610107, -112.202308655, -53.7711219788, 89.8641891479, 7.12358474731, 13.7775678635, 12.3645505905, 56.5326118469, 134.445297241, 55.1255836487, 1.82332658768, 1.79233038425, 9.65708255768], [214.279022217, -105.040206909, -44.6088294983, 102.73235321, 15.5839538574, 18.3524436951, 27.6681098938, 25.6688194275, 55.1255836487, 133.952041626, 40.0817184448, -3.93454909325, 19.5070781708], [-42.2502365112, 63.982219696, 15.2329645157, -52.2232398987, -14.2412929535, 57.1324768066, 50.2987937927, 27.9069309235, 1.82332658768, 40.0817184448, 110.144454956, 40.8548851013, -0.34732618928], [-126.180862427, 35.8027153015, 38.5552406311, -57.1752891541, -7.64068841934, 32.2934761047, 33.8323554993, 11.1199092865, 1.79233038425, -3.93454909325, 40.8548851013, 89.0826950073, 24.5947532654], [111.00566864, -65.5423812866, 1.09819340706, 50.9270210266, 6.23694419861, 18.8040218353, 6.06467485428, 17.4054431915, 9.65708255768, 19.5070781708, -0.34732618928, 24.5947532654, 89.5591659546]]
        icov: [[0.000387217325624, 4.47894817626e-005, 0.000162337397342, -0.000561390130315, 0.000535970903002, -0.000496772758197, 0.000324105320033, -7.74431537138e-005, 8.73636818142e-005, -0.000160349532962, 2.91985747936e-006, 0.000232195438002, -0.000108093001472], [4.47894817626e-005, 0.000840267224703, -5.8371169871e-005, 0.000402720121201, -0.000722552940715, 0.000420692260377, -0.000563632580452, 0.000131721826619, 0.000132399058202, 0.000511385849677, -0.000653076684102, 0.000284621288301, 9.93324501906e-005], [0.000162337397342, -5.8371169871e-005, 0.00202963710763, 1.0041945643e-005, -0.000180008210009, -0.00153207185213, -2.78214592981e-005, 0.000451606872957, 0.000475225650007, 0.000130851796712, 0.000581477419473, -0.000396317569539, 5.14845305588e-006], [-0.000561390130315, 0.000402720121201, 1.0041945643e-005, 0.00240527070127, -0.00147457094863, 0.000874846358784, -0.00118401937652, 0.00109535455704, -0.000834106293041, -0.000139578798553, 0.000163585791597, 0.000559488136787, -0.000623673549853], [0.000535970903002, -0.000722552940715, -0.000180008210009, -0.00147457094863, 0.00607566442341, -0.000991091947071, 0.00239739823155, 0.000508584431373, -0.00038200468407, -0.00148982857354, 0.000626757275313, -0.000141687953146, -0.000421569158789], [-0.000496772758197, 0.000420692260377, -0.00153207185213, 0.000874846358784, -0.000991091947071, 0.00752463657409, -0.00250937184319, -0.000102392354165, -0.00100111798383, 0.00110204133671, -0.00318187940866, 0.000340548896929, -0.00111406762153], [0.000324105320033, -0.000563632580452, -2.78214592981e-005, -0.00118401937652, 0.00239739823155, -0.00250937184319, 0.00896761193871, -0.00440941378474, 0.00184406025801, -0.00207355897874, 0.000136369562824, -0.00237292004749, 0.0013740118593], [-7.74431537138e-005, 0.000131721826619, 0.000451606872957, 0.00109535455704, 0.000508584431373, -0.000102392354165, -0.00440941378474, 0.0118680335581, -0.00529853301123, 0.00134133803658, -0.00182654848322, 0.00240846443921, -0.00284716440365], [8.73636818142e-005, 0.000132399058202, 0.000475225650007, -0.000834106293041, -0.00038200468407, -0.00100111798383, 0.00184406025801, -0.00529853301123, 0.0121455071494, -0.00471212388948, 0.00302335130982, -0.00279682129622, 0.00209527020343], [-0.000160349532962, 0.000511385849677, 0.000130851796712, -0.000139578798553, -0.00148982857354, 0.00110204133671, -0.00207355897874, 0.00134133803658, -0.00471212388948, 0.0130176888779, -0.0068128653802, 0.00416238233447, -0.00309394276701], [2.91985747936e-006, -0.000653076684102, 0.000581477419473, 0.000163585791597, 0.000626757275313, -0.00318187940866, 0.000136369562824, -0.00182654848322, 0.00302335130982, -0.0068128653802, 0.0168516896665, -0.00760871358216, 0.00370123935863], [0.000232195438002, 0.000284621288301, -0.000396317569539, 0.000559488136787, -0.000141687953146, 0.000340548896929, -0.00237292004749, 0.00240846443921, -0.00279682129622, 0.00416238233447, -0.00760871358216, 0.0179085433483, -0.00631440849975], [-0.000108093001472, 9.93324501906e-005, 5.14845305588e-006, -0.000623673549853, -0.000421569158789, -0.00111406762153, 0.0013740118593, -0.00284716440365, 0.00209527020343, -0.00309394276701, 0.00370123935863, -0.00631440849975, 0.0146470051259]]
    sccoeffs:
        dmean: [0.049983330071, 0.043709538877, 0.0379341170192, 0.032956097275, 0.0242565050721, 0.0179969519377]
        dmean2: [0.0835823789239, 0.0712361037731, 0.0612739734352, 0.0538232922554, 0.0384572558105, 0.0281480960548]
        dvar: [0.00193497445434, 0.00129828753415, 0.000909647671506, 0.000712426903192, 0.000474339118227, 0.000271499186056]
        dvar2: [0.00537569075823, 0.00346025894396, 0.00228008278646, 0.00177853228524, 0.0010718984995, 0.000624112377409]
        max: [-0.333687007427, -0.465634226799, -0.516575276852, -0.55506592989, -0.582502424717, -0.546407282352]
        mean: [-0.657508969307, -0.761155545712, -0.770671129227, -0.768071889877, -0.768058001995, -0.75034815073]
        median: [-0.66294336319, -0.768508911133, -0.780610561371, -0.776132106781, -0.77107656002, -0.74589574337]
        min: [-0.982295274734, -0.967924952507, -0.979938209057, -0.970036447048, -0.970990419388, -0.963110089302]
        var: [0.00515692681074, 0.00408111140132, 0.00430149398744, 0.00300218327902, 0.00194436882157, 0.00251161796041]
    scvalleys:
        dmean: [0.362869799137, 0.35449630022, 0.304295450449, 0.291972488165, 0.277570515871, 0.284006744623]
        dmean2: [0.602550506592, 0.586215436459, 0.492989063263, 0.459426820278, 0.420082241297, 0.391114115715]
        dvar: [0.106623671949, 0.115585774183, 0.076426692307, 0.0898106172681, 0.131402656436, 0.139568686485]
        dvar2: [0.252230942249, 0.280113458633, 0.166909083724, 0.188235923648, 0.274709880352, 0.258043140173]
        max: [-5.38908958435, -4.81450128555, -5.01394176483, -5.74208307266, -5.23181772232, -7.29247951508]
        mean: [-7.23183250427, -6.97220897675, -7.39437389374, -7.49600982666, -7.2211971283, -10.2705745697]
        median: [-6.93319606781, -6.86072444916, -7.31881999969, -7.32469367981, -6.84399938583, -9.72889709473]
        min: [-27.5513343811, -27.7179393768, -27.1741847992, -27.2752437592, -27.3839950562, -27.2123813629]
        var: [1.3922406435, 0.907798588276, 0.657910645008, 0.753620445728, 1.8490306139, 2.69288110733]

rhythm:
    beats_loudness:
        dmean: 0.00169315270614
        dmean2: 0.00296819326468
        dvar: 2.43102294917e-006
        dvar2: 6.63272567181e-006
        max: 0.0121334018186
        mean: 0.00414791703224
        median: 0.0037179121282
        min: 5.79597440264e-007
        var: 5.52113397134e-006
    bpm: 172.265777588
    bpm_confidence: 0
    first_peak_bpm: 172
    first_peak_spread: 0
    first_peak_weight: 0.434137284756
    onset_rate: 3.18683075905
    second_peak_bpm: 167
    second_peak_spread: 0
    second_peak_weight: 0.324675321579
    beats_loudness_band_ratio:
        dmean: [0.135107010603, 0.110810033977, 0.0839799195528, 0.0701007768512, 0.151261717081, 0.120751060545]
        dmean2: [0.237590193748, 0.197197750211, 0.144959971309, 0.120439298451, 0.261274456978, 0.207457751036]
        dvar: [0.013906060718, 0.0128659177572, 0.0100589236245, 0.0096245193854, 0.0193313732743, 0.0126469647512]
        dvar2: [0.0380889624357, 0.0370511636138, 0.0296100974083, 0.0274045336992, 0.0606951378286, 0.0339913666248]
        max: [0.679344415665, 0.913879692554, 0.654482185841, 0.781634449959, 0.856699585915, 0.8004155159]
        mean: [0.168680116534, 0.139727041125, 0.108070068061, 0.0844095274806, 0.304814517498, 0.225941851735]
        median: [0.122873336077, 0.098346106708, 0.0696796178818, 0.0458712652326, 0.287463486195, 0.192017734051]
        min: [1.41683904076e-006, 7.45631332393e-005, 0.000297002145089, 0.00154174410272, 0.00516592618078, 0.00011561937572]
        var: [0.0203739777207, 0.017762972042, 0.0117903286591, 0.0113899903372, 0.0277289766818, 0.0269821379334]
    beats_position: [0.359909296036, 0.731428563595, 1.11455774307, 1.49768710136, 1.88081634045, 2.26394557953, 2.63546490669, 2.99537420273, 3.35528349876, 3.7151927948, 4.06349182129, 4.41179132462, 4.76009082794, 5.11999988556, 5.46829938889, 5.8282084465, 6.18811798096, 6.54802703857, 6.90793657303, 7.26784563065, 7.61614513397, 7.96444416046, 8.31274318695, 8.66104316711, 9.02095222473, 9.38086128235, 9.74077033997, 10.1006803513, 10.47219944, 10.8553285599, 11.2384576797, 11.6099767685, 11.9698867798, 12.3297958374, 12.6780948639, 13.0496139526, 13.4327430725, 13.8042631149, 14.1873922348, 14.5589113235, 14.9304304123, 15.301949501, 15.6618595123, 16.0217685699, 16.3816776276, 16.7415866852, 17.0898857117, 17.4497947693, 17.8097057343, 18.1580047607, 18.5063037872, 18.8546028137, 19.2145118713, 19.5628108978, 19.9111099243, 20.2710208893, 20.6193199158, 20.9676189423, 21.3159179688, 21.6758270264, 22.035736084, 22.3840351105, 22.7323360443, 23.0806350708, 23.4289340973, 23.7888431549, 24.1371421814, 24.4854412079, 24.8453502655, 25.1936511993, 25.5419502258, 25.8902492523, 26.2501583099, 26.6100673676, 26.9699764252, 27.3182754517, 27.6781845093, 28.0380954742, 28.3863945007, 28.7463035583, 29.0946025848, 29.4429016113, 29.7912006378, 30.1394996643, 30.5110206604, 30.8593196869, 31.2076187134, 31.567527771, 31.9274368286, 32.2757377625, 32.6240348816, 32.9723358154, 33.3206329346, 33.6689338684, 34.028842926, 34.3771438599, 34.7370529175, 35.0853500366, 35.4336509705, 35.7819480896, 36.1302490234, 36.4901580811, 36.8500671387, 37.2099761963, 37.5698852539, 37.9181861877, 38.2664833069, 38.6147842407, 38.9746932983, 39.3229942322, 39.6829032898, 40.0312004089, 40.3911094666, 40.7510185242, 41.099319458, 41.4476165771, 41.8075294495, 42.1558265686, 42.5041275024, 42.8640365601, 43.2123336792, 43.560634613, 43.9089317322, 44.2688446045, 44.6287536621, 44.9770507813, 45.3253517151, 45.6736488342, 46.0219497681, 46.3818588257, 46.7417678833, 47.0900688171, 47.4383659363, 47.7866668701, 48.1349639893, 48.4948730469, 48.8547821045, 49.2030830383, 49.5629920959, 49.9229011536, 50.2712020874, 50.6194992065, 50.9678001404, 51.327709198, 51.6760063171, 52.0359191895, 52.3958282471, 52.7557373047, 53.1040344238, 53.4523353577, 53.8006324768, 54.1489334106, 54.4972343445, 54.8455314636, 55.2054405212, 55.5653495789, 55.9136505127, 56.2619476318, 56.6102485657, 56.9701576233, 57.3300666809, 57.6783676147, 58.0266647339, 58.3749656677, 58.7348747253, 59.094783783, 59.4430847168, 59.8029937744, 60.162902832, 60.5111999512, 60.8711090088, 61.2310180664, 61.5793190002, 61.9276161194, 62.2643089294, 62.6242179871, 62.9725151062, 63.32081604, 63.6807250977, 64.0290222168, 64.3889312744, 64.7372360229, 65.0855331421, 65.4454421997, 65.8053512573, 66.1536483765, 66.5135574341, 66.8618545532, 67.2217712402, 67.5700683594, 67.90675354, 68.2550582886, 68.6149673462, 68.9632644653, 69.3231735229, 69.6714706421, 70.0313796997, 70.3796844482, 70.7279815674, 71.087890625, 71.4361877441, 71.7728805542, 72.1444015503, 72.5043106079, 72.8642196655, 73.2125167847, 73.5608139038, 73.9207229614, 74.280632019, 74.8146896362, 75.3603591919, 75.9060287476, 76.4633102417, 77.0089797974, 77.554649353, 78.1119232178, 78.6575927734, 79.2032623291, 79.7373199463, 80.2597732544, 80.7938308716, 81.3162765503, 81.8387298584, 82.3727874756, 82.9068450928, 83.44090271, 83.9633560181, 84.4974136353, 85.0314712524, 85.5655288696, 86.0879821777, 86.6104278564, 87.1444854736, 87.6785507202, 88.2126083374, 88.7350540161, 89.2691116333, 89.8031692505, 90.3256225586, 90.8596801758, 91.393737793, 91.9161911011, 92.4386367798, 92.972694397, 93.5067520142, 94.0408172607, 94.5748748779, 95.0857162476, 95.6197738647, 96.1422195435, 96.6646728516, 97.1987304688, 97.7327880859, 98.2668457031, 98.8009033203, 99.3349609375, 99.8574142456, 100.379859924, 100.902313232, 101.43637085, 101.970428467, 102.492874146, 103.015327454, 103.537773132, 104.071838379, 104.605895996, 105.139953613, 105.67401123, 106.208068848, 106.742126465, 107.090431213, 107.438728333, 107.79863739, 108.158546448, 108.506843567, 108.866752625, 109.226661682, 109.574966431, 109.92326355, 110.271560669, 110.619865417, 110.968162537, 111.316459656, 111.676368713, 112.036277771, 112.396186829, 112.756095886, 113.116004944, 113.464309692, 113.800994873, 114.149291992, 114.497596741, 114.84589386, 115.217414856, 115.565711975, 115.914009094, 116.262313843, 116.610610962, 116.958908081, 117.318817139, 117.678726196, 118.027030945, 118.375328064, 118.723625183, 119.083534241, 119.443443298, 119.791740417, 120.151649475, 120.499954224, 120.859863281, 121.2081604, 121.55645752, 121.904762268, 122.253059387, 122.601356506, 122.972877502, 123.321174622, 123.66947937, 124.017776489, 124.366073608, 124.725982666, 125.085891724, 125.434196472, 125.79410553, 126.142402649, 126.502311707, 126.850608826, 127.198905945, 127.547210693, 127.895507813, 128.243804932, 128.615325928, 128.975234985, 129.335144043, 129.683441162, 130.031738281, 130.3800354, 130.728347778, 131.076644897, 131.436553955, 131.784851074, 132.144760132, 132.493057251, 132.852966309, 133.212875366, 133.561172485, 133.897872925, 134.234558105, 134.582855225, 134.931152344, 135.256240845, 135.581314087, 135.917999268, 136.254684448, 136.591384888, 136.962905884, 137.34602356, 137.729156494, 138.10067749, 138.483810425, 138.855331421, 139.215240479, 139.575149536, 139.946670532, 140.31817627, 140.689697266, 141.061218262, 141.444351196, 141.827484131, 142.199005127, 142.558914185, 142.930435181, 143.290344238, 143.661849976, 144.033370972, 144.404891968, 144.776412964, 145.159545898, 145.531066895, 145.890975952, 146.25088501, 146.610794067, 146.982315063, 147.342224121, 147.702133179, 148.050430298, 148.398727417, 148.747024536, 149.095321655, 149.443618774, 149.791931152, 150.140228271, 150.500137329, 150.860046387, 151.208343506, 151.568252563, 151.928161621, 152.27645874, 152.624755859, 152.984664917, 153.344573975, 153.692871094, 154.041183472, 154.389480591, 154.749389648, 155.086074829, 155.434371948, 155.782669067, 156.142578125, 156.490875244, 156.839187622, 157.19909668, 157.570602417, 157.930511475, 158.290420532, 158.650344849, 158.998641968, 159.358551025, 159.706848145, 160.055145264, 160.403442383, 160.76335144, 161.11164856, 161.459945679, 161.819854736, 162.156555176, 162.493240356, 162.853149414, 163.213058472, 163.572967529, 163.932876587, 164.281173706, 164.641082764, 165.000991821, 165.34928894, 165.69758606, 166.045898438, 166.394195557, 166.754104614, 167.114013672, 167.462310791, 167.81060791, 168.158905029, 168.507202148, 168.855514526, 169.203811646, 169.552108765, 169.900405884, 170.260314941, 170.620223999, 170.968521118, 171.328430176, 171.688339233, 172.036636353, 172.384933472, 172.73324585, 173.081542969, 173.429840088, 173.789749146, 174.138046265, 174.497955322, 174.846252441, 175.194549561, 175.554458618, 175.914367676, 176.262680054, 176.622589111, 176.97088623, 177.330795288, 177.679092407, 178.027389526, 178.375686646, 178.723983765, 179.072280884, 179.432189941, 179.780502319, 180.140411377, 180.488708496, 180.837005615, 181.196914673, 181.55682373, 181.90512085, 182.265029907, 182.624938965, 182.973236084, 183.321533203, 183.669830322, 184.029754639, 184.389663696, 184.749572754, 185.109481812, 185.457778931, 185.80607605, 186.154373169, 186.502670288, 186.850967407, 187.199264526, 187.547576904, 187.907485962, 188.26739502, 188.615692139, 188.963989258, 189.312286377, 189.660583496, 190.020492554, 190.368789673, 190.717086792, 191.07699585, 191.448516846, 191.796829224, 192.145126343, 192.5050354, 192.864944458, 193.224853516, 193.584762573, 193.933059692, 194.281356812, 194.618041992, 194.966339111, 195.326248169, 195.674560547, 196.022857666, 196.382766724, 196.731063843, 197.079360962, 197.427658081, 197.787567139, 198.147476196, 198.507385254, 198.855682373, 199.227203369, 199.598724365, 199.970245361, 200.330154419, 200.782943726, 201.224121094, 201.665298462, 202.118087769, 202.570877075, 203.023666382]
