
metadata:
    version:
        essentia: "2.1-beta2"
    audio_properties:
        analysis_sample_rate: 44100
        bitrate: 219
        channels: 2
        equal_loudness: 1
        length: 231.836730957
        replay_gain: -14.3412399292
        downmix: "mix"
    tags:
        album: "Crossfade"
        artist: "Crossfade"
        comment: "Ripped by [HHI]"
        date: "2004"
        genre: "Rock"
        title: "Dead Skin"
        tracknumber: "8"

configuration:
    average_loudness:
        compute: 1
        frameSize: 88200
        hopSize: 44100
        silentFrames: "noise"
        windowType: "hann"
    general:
        analysisSampleRate: 44100
        endTime: 2000
        equalLoudness: 1
        nequalLoudness: 0
        shortSound: 0
        startTime: 0
    lowlevel:
        compute: 1
        frameSize: 2048
        hopSize: 1024
        zeroPadding: 0
        silentFrames: "noise"
        windowType: "blackmanharris62"
        mfccStats: ["mean", "cov", "icov"]
        stats: ["mean", "var", "median", "min", "max", "dmean", "dmean2", "dvar", "dvar2"]
    panning:
        compute: 0
        frameSize: 8192
        hopSize: 2048
        zeroPadding: 8192
        silentFrames: "noise"
        windowType: "hann"
        stats: ["copy"]
    rhythm:
        compute: 1
        maxTempo: 208
        minTempo: 40
        method: "degara"
        stats: ["mean", "var", "median", "min", "max", "dmean", "dmean2", "dvar", "dvar2"]
    segmentation:
        compute: 0
        cpw: 5
        inc1: 300
        inc2: 50
        minimumSegmentsLength: 10
        size1: 1000
        size2: 600
    sfx:
        compute: 1
        stats: ["mean", "var", "median", "min", "max", "dmean", "dmean2", "dvar", "dvar2"]
    svm:
        compute: 0
    tonal:
        compute: 1
        frameSize: 4096
        hopSize: 2048
        zeroPadding: 0
        silentFrames: "noise"
        windowType: "blackmanharris62"
        stats: ["mean", "var", "median", "min", "max", "dmean", "dmean2", "dvar", "dvar2"]

lowlevel:
    average_loudness: 0.789892375469
    barkbands_kurtosis:
        dmean: 0.906474649906
        dmean2: 1.45996570587
        dvar: 2.37072944641
        dvar2: 5.53897428513
        max: 31.2550697327
        mean: -0.19355481863
        median: -0.975527763367
        min: -1.93375647068
        var: 5.43120241165
    barkbands_skewness:
        dmean: 0.418312966824
        dmean2: 0.652238726616
        dvar: 0.167952910066
        dvar2: 0.389949649572
        max: 5.42747688293
        mean: 0.079234033823
        median: -0.0222092028707
        min: -3.83864617348
        var: 1.14697766304
    barkbands_spread:
        dmean: 5.44336557388
        dmean2: 8.68634033203
        dvar: 29.8501319885
        dvar2: 71.0316467285
        max: 79.1945419312
        mean: 30.9286289215
        median: 30.9874267578
        min: 3.33064079285
        var: 96.5398712158
    dissonance:
        dmean: 0.0115790190175
        dmean2: 0.019296284765
        dvar: 0.000156418653205
        dvar2: 0.000416448136093
        max: 0.500000119209
        mean: 0.476623862982
        median: 0.482590675354
        min: 0.238445147872
        var: 0.000421365286456
    hfc:
        dmean: 2.01464223862
        dmean2: 3.19053220749
        dvar: 11.1553497314
        dvar2: 25.7342014313
        max: 76.3763275146
        mean: 7.70417976379
        median: 6.19470119476
        min: 1.06989386695e-016
        var: 48.5528526306
    pitch:
        dmean: 767.171203613
        dmean2: 1476.99157715
        dvar: 1530260.5
        dvar2: 3718721.25
        max: 5640.62158203
        mean: 1313.48046875
        median: 298.327148438
        min: 61.9343833923
        var: 2139305
    pitch_instantaneous_confidence:
        dmean: 0.0763327479362
        dmean2: 0.123938366771
        dvar: 0.00426938338205
        dvar2: 0.0107588777319
        max: 0.939655482769
        mean: 0.420100837946
        median: 0.391097098589
        min: 0.0976805686951
        var: 0.0205218531191
    pitch_salience:
        dmean: 0.0558856353164
        dmean2: 0.0923412814736
        dvar: 0.00254739448428
        dvar2: 0.00718577299267
        max: 0.889386832714
        mean: 0.63542419672
        median: 0.644184708595
        min: 0.151728644967
        var: 0.00707927811891
    silence_rate_20dB:
        dmean: 0
        dmean2: 0
        dvar: 0
        dvar2: 0
        max: 1
        mean: 1
        median: 1
        min: 1
        var: 0
    silence_rate_30dB:
        dmean: 0
        dmean2: 0
        dvar: 0
        dvar2: 0
        max: 1
        mean: 1
        median: 1
        min: 1
        var: 0
    silence_rate_60dB:
        dmean: 0.0622934401035
        dmean2: 0.12459935993
        dvar: 0.0584241487086
        dvar2: 0.127888962626
        max: 1
        mean: 0.396254748106
        median: 0
        min: 0
        var: 0.239221572876
    spectral_centroid:
        dmean: 254.867752075
        dmean2: 396.378448486
        dvar: 84438.59375
        dvar2: 178240.59375
        max: 11621.3476563
        mean: 1627.11682129
        median: 1572.54638672
        min: 193.678085327
        var: 1000071.375
    spectral_complexity:
        dmean: 2.806609869
        dmean2: 4.52764415741
        dvar: 9.59091567993
        dvar2: 22.6027698517
        max: 43
        mean: 14.924695015
        median: 15
        min: 0
        var: 105.003471375
    spectral_crest:
        dmean: 1.96747088432
        dmean2: 3.26963329315
        dvar: 4.09102725983
        dvar2: 10.8613452911
        max: 24.4539451599
        mean: 7.25810098648
        median: 6.42978382111
        min: 2.19443440437
        var: 9.57713127136
    spectral_decrease:
        dmean: 2.52176418636e-010
        dmean2: 4.08846512201e-010
        dvar: 1.39017421312e-019
        dvar2: 3.50843900526e-019
        max: 1.26582118744e-028
        mean: -9.60633350644e-010
        median: -9.4471319656e-010
        min: -5.09246467217e-009
        var: 4.54598405529e-019
    spectral_energy:
        dmean: 0.00110124738421
        dmean2: 0.00177529698703
        dvar: 2.59219996224e-006
        dvar2: 6.4411628955e-006
        max: 0.0239161495119
        mean: 0.00432444550097
        median: 0.00416915304959
        min: 9.97059195785e-021
        var: 9.61403111432e-006
    spectral_energyband_high:
        dmean: 0.000119812466437
        dmean2: 0.000185662924196
        dvar: 7.16542274404e-008
        dvar2: 1.55127850121e-007
        max: 0.00532636651769
        mean: 0.000258002051851
        median: 0.000149374842294
        min: 7.12838483283e-021
        var: 1.6404491987e-007
    spectral_energyband_low:
        dmean: 0.000221450740355
        dmean2: 0.000368138164049
        dvar: 1.5225845118e-007
        dvar2: 4.02220535989e-007
        max: 0.0055574355647
        mean: 0.000363406841643
        median: 0.000259985681623
        min: 1.31716160565e-023
        var: 1.73209102172e-007
    spectral_energyband_middle_high:
        dmean: 0.000599843449891
        dmean2: 0.000949926674366
        dvar: 8.72576606525e-007
        dvar2: 2.08848518923e-006
        max: 0.0190108679235
        mean: 0.00229707476683
        median: 0.00182493170723
        min: 1.18929639423e-021
        var: 4.2941146603e-006
    spectral_energyband_middle_low:
        dmean: 0.000629746296909
        dmean2: 0.00104219838977
        dvar: 1.2213605487e-006
        dvar2: 3.23561266669e-006
        max: 0.0157117769122
        mean: 0.00151661608834
        median: 0.00127870216966
        min: 1.47122508337e-022
        var: 1.79268704414e-006
    spectral_flatness_db:
        dmean: 0.0149636520073
        dmean2: 0.0243496764451
        dvar: 0.000200524489628
        dvar2: 0.00050353287952
        max: 0.370784193277
        mean: 0.172983005643
        median: 0.162868052721
        min: 0.0559758432209
        var: 0.0017640091246
    spectral_flux:
        dmean: 0.00655895937234
        dmean2: 0.0101060569286
        dvar: 6.70264271321e-005
        dvar2: 0.000135773298098
        max: 0.132731571794
        mean: 0.0347162000835
        median: 0.0363952741027
        min: 6.41973071924e-011
        var: 0.000349510897649
    spectral_kurtosis:
        dmean: 2.17775559425
        dmean2: 3.78509783745
        dvar: 11.1247987747
        dvar2: 33.8337135315
        max: 66.9018096924
        mean: 5.2356262207
        median: 4.27718734741
        min: -1.25188827515
        var: 19.9293956757
    spectral_rms:
        dmean: 0.000238523833104
        dmean2: 0.000376288429834
        dvar: 8.55082049611e-008
        dvar2: 2.0431892267e-007
        max: 0.00483040651307
        mean: 0.00187743303832
        median: 0.0020167962648
        min: 3.11887906994e-012
        var: 6.94202242357e-007
    spectral_rolloff:
        dmean: 370.929931641
        dmean2: 609.825073242
        dvar: 295298.28125
        dvar2: 647560.8125
        max: 19336.8164063
        mean: 2993.36181641
        median: 3186.9140625
        min: 129.19921875
        var: 2530773.5
    spectral_skewness:
        dmean: 0.240746811032
        dmean2: 0.40312820673
        dvar: 0.0779274851084
        dvar2: 0.223329082131
        max: 5.51722478867
        mean: 1.38876867294
        median: 1.3574514389
        min: -0.0777665749192
        var: 0.201573684812
    spectral_spread:
        dmean: 357632.40625
        dmean2: 525659.5625
        dvar: 372092502016
        dvar2: 612352196608
        max: 42855456
        mean: 3809720
        median: 3456725.5
        min: 962530.25
        var: 9.9937115177e+012
    spectral_strongpeak:
        dmean: 0.50919932127
        dmean2: 0.884925067425
        dvar: 0.657964408398
        dvar2: 1.73260033131
        max: 9.94598293304
        mean: 0.712242722511
        median: 0.249322205782
        min: 1.81719500558e-011
        var: 1.04730379581
    zerocrossingrate:
        dmean: 0.00782399158925
        dmean2: 0.00947047490627
        dvar: 7.77755194576e-005
        dvar2: 9.12854738999e-005
        max: 0.525390625
        mean: 0.0921223759651
        median: 0.09130859375
        min: 0.01220703125
        var: 0.0018728635041
    barkbands:
        dmean: [1.32285165932e-007, 8.52861485328e-005, 0.000115080481919, 0.000148104867549, 0.00040590178105, 0.000113097630674, 7.05723432475e-005, 8.99225342437e-005, 0.000103401624074, 5.04044764966e-005, 3.80201927328e-005, 2.81378397631e-005, 3.57598837581e-005, 4.97587461723e-005, 9.75840594037e-005, 0.000138283445267, 0.000175022272742, 0.000206119628274, 0.000212356186239, 0.000121336357552, 5.4212177929e-005, 1.74785582203e-005, 4.45449904873e-006, 1.87560544873e-006, 6.40182008738e-007, 1.80913541925e-008, 2.25743534976e-010]
        dmean2: [2.24140634941e-007, 0.00014507236483, 0.000196875596885, 0.000250392651651, 0.0006943710614, 0.000187813391676, 0.000112212946988, 0.000141645214171, 0.000153170418344, 7.83592549851e-005, 6.00933926762e-005, 4.47667844128e-005, 5.77859973419e-005, 7.97264874564e-005, 0.000159315575729, 0.000225579293328, 0.000291067844955, 0.000338713842211, 0.000346549990354, 0.000200391747057, 8.68377683219e-005, 2.68588537438e-005, 6.58715043755e-006, 2.67373593488e-006, 9.60289412433e-007, 2.75889497914e-008, 3.98744509633e-010]
        dvar: [3.90225639345e-014, 3.36262644396e-008, 4.11787866028e-008, 7.51462323478e-008, 9.18799742067e-007, 5.98337805968e-008, 2.98469196025e-008, 4.07515408085e-008, 4.06382412166e-008, 3.51887798899e-008, 1.28637287489e-008, 5.68435298831e-009, 7.46980965971e-009, 1.34653106443e-008, 3.04468805723e-008, 5.6414801719e-008, 8.37639646534e-008, 1.41831449696e-007, 1.18574668306e-007, 5.54728032398e-008, 2.30282832803e-008, 3.23157345328e-009, 3.36397354417e-010, 1.64807389957e-010, 1.35291396142e-011, 6.55629505086e-015, 1.2331242803e-019]
        dvar2: [1.05374835648e-013, 8.61238689254e-008, 1.13777694821e-007, 2.12966696722e-007, 2.51363530879e-006, 1.56787606898e-007, 7.60493534813e-008, 9.9724225322e-008, 8.70460752367e-008, 8.40925977741e-008, 3.22062980729e-008, 1.3896974238e-008, 1.89725017918e-008, 3.43590258467e-008, 7.90627936453e-008, 1.41187285863e-007, 2.26162043759e-007, 3.63502380196e-007, 2.93161690479e-007, 1.40923603453e-007, 5.46672254131e-008, 6.60926158247e-009, 6.73243238936e-010, 3.27308541381e-010, 3.21655757585e-011, 1.38412264777e-014, 3.43792754491e-019]
        max: [2.7585197131e-006, 0.00154425320216, 0.00268657738343, 0.00607274565846, 0.0142540708184, 0.00443425076082, 0.00468990998343, 0.00393864326179, 0.00421299412847, 0.00711112376302, 0.00324793043546, 0.00230585085228, 0.00177380407695, 0.00347627955489, 0.00313937617466, 0.00670664897189, 0.00600642617792, 0.00878205895424, 0.00738386856392, 0.00612982176244, 0.00375427841209, 0.00177028647158, 0.00061258871574, 0.000431040622061, 0.000152448119479, 3.23781546285e-006, 6.32837293679e-009]
        mean: [1.69048377074e-007, 0.00010603544797, 0.000159049566719, 0.000229920202401, 0.000583714980166, 0.000183986543561, 0.000122329278383, 0.000165995312273, 0.000216313987039, 7.92526334408e-005, 6.12024668953e-005, 4.68604339403e-005, 6.05378045293e-005, 8.83528919076e-005, 0.000192267834791, 0.000289330841042, 0.000376830983441, 0.000470254803076, 0.000490949954838, 0.000261984328972, 9.58810487646e-005, 3.12209522235e-005, 7.99934696261e-006, 2.95815880236e-006, 1.02002786662e-006, 2.89797412734e-008, 2.34504360375e-010]
        median: [8.88400464305e-008, 5.79980478506e-005, 0.000100061457488, 0.000153704895638, 0.000366044871043, 8.99288861547e-005, 3.68182591046e-005, 5.16682193847e-005, 6.73788235872e-005, 2.56980238191e-005, 2.22148373723e-005, 2.03325598704e-005, 2.63180190814e-005, 4.70040213258e-005, 8.89392613317e-005, 0.000153893488459, 0.000231760466704, 0.000223290946451, 0.000356681266567, 0.000170259620063, 4.93273182656e-005, 1.35704758577e-005, 2.36767300521e-006, 7.5228751939e-007, 3.38368010944e-007, 9.70205427109e-009, 9.46833861315e-011]
        min: [1.68069737108e-025, 1.11498872382e-024, 2.67983464796e-024, 2.00840298545e-024, 8.92831037035e-024, 9.17704531352e-024, 5.39864257451e-024, 8.33422868896e-024, 1.4881690583e-023, 1.61553790897e-023, 1.62736040959e-023, 2.24707170847e-023, 1.79881317422e-023, 3.43117953734e-023, 3.88491339736e-023, 4.09369647998e-023, 6.37837334558e-023, 8.13306379387e-023, 1.18308537047e-022, 1.62479181537e-022, 2.92667951195e-022, 2.54752872709e-022, 3.93558489942e-022, 5.94608211335e-022, 9.08592471611e-022, 1.36936711085e-021, 2.04531150108e-021]
        var: [5.52930029779e-014, 2.98952862465e-008, 4.32328093325e-008, 8.24611277039e-008, 7.82086999607e-007, 8.15772907004e-008, 5.51860743769e-008, 9.40121154258e-008, 1.35315488592e-007, 6.20520452799e-008, 2.13996429466e-008, 8.82088802001e-009, 1.3422667422e-008, 2.14997406545e-008, 7.71220882712e-008, 1.65335436009e-007, 2.0641569165e-007, 3.63649604651e-007, 2.9903299037e-007, 1.09985954566e-007, 3.75783244522e-008, 7.45307016103e-009, 7.68638763748e-010, 2.50048592942e-010, 1.68951068413e-011, 9.66873032104e-015, 1.58024002611e-019]
    frequency_bands:
        dmean: [1.32285165932e-007, 8.52861485328e-005, 0.000115080481919, 0.000148104867549, 0.00040590178105, 0.000113097630674, 7.05723432475e-005, 8.99225342437e-005, 0.000103401624074, 5.04044764966e-005, 3.80201927328e-005, 2.81378397631e-005, 3.57598837581e-005, 4.97587461723e-005, 9.75840594037e-005, 0.000138283445267, 0.000175022272742, 0.000206119628274, 0.000212356186239, 0.000121336357552, 5.4212177929e-005, 1.74785582203e-005, 4.45449904873e-006, 1.87560544873e-006, 6.40182008738e-007, 1.80913541925e-008, 2.25743534976e-010, 5.1500324838e-011]
        dmean2: [2.24140634941e-007, 0.00014507236483, 0.000196875596885, 0.000250392651651, 0.0006943710614, 0.000187813391676, 0.000112212946988, 0.000141645214171, 0.000153170418344, 7.83592549851e-005, 6.00933926762e-005, 4.47667844128e-005, 5.77859973419e-005, 7.97264874564e-005, 0.000159315575729, 0.000225579293328, 0.000291067844955, 0.000338713842211, 0.000346549990354, 0.000200391747057, 8.68377683219e-005, 2.68588537438e-005, 6.58715043755e-006, 2.67373593488e-006, 9.60289412433e-007, 2.75889497914e-008, 3.98744509633e-010, 9.56218923487e-011]
        dvar: [3.90225639345e-014, 3.36262644396e-008, 4.11787866028e-008, 7.51462323478e-008, 9.18799742067e-007, 5.98337805968e-008, 2.98469196025e-008, 4.07515408085e-008, 4.06382412166e-008, 3.51887798899e-008, 1.28637287489e-008, 5.68435298831e-009, 7.46980965971e-009, 1.34653106443e-008, 3.04468805723e-008, 5.6414801719e-008, 8.37639646534e-008, 1.41831449696e-007, 1.18574668306e-007, 5.54728032398e-008, 2.30282832803e-008, 3.23157345328e-009, 3.36397354417e-010, 1.64807389957e-010, 1.35291396142e-011, 6.55629505086e-015, 1.2331242803e-019, 6.4092918463e-021]
        dvar2: [1.05374835648e-013, 8.61238689254e-008, 1.13777694821e-007, 2.12966696722e-007, 2.51363530879e-006, 1.56787606898e-007, 7.60493534813e-008, 9.9724225322e-008, 8.70460752367e-008, 8.40925977741e-008, 3.22062980729e-008, 1.3896974238e-008, 1.89725017918e-008, 3.43590258467e-008, 7.90627936453e-008, 1.41187285863e-007, 2.26162043759e-007, 3.63502380196e-007, 2.93161690479e-007, 1.40923603453e-007, 5.46672254131e-008, 6.60926158247e-009, 6.73243238936e-010, 3.27308541381e-010, 3.21655757585e-011, 1.38412264777e-014, 3.43792754491e-019, 2.07104069554e-020]
        max: [2.7585197131e-006, 0.00154425320216, 0.00268657738343, 0.00607274565846, 0.0142540708184, 0.00443425076082, 0.00468990998343, 0.00393864326179, 0.00421299412847, 0.00711112376302, 0.00324793043546, 0.00230585085228, 0.00177380407695, 0.00347627955489, 0.00313937617466, 0.00670664897189, 0.00600642617792, 0.00878205895424, 0.00738386856392, 0.00612982176244, 0.00375427841209, 0.00177028647158, 0.00061258871574, 0.000431040622061, 0.000152448119479, 3.23781546285e-006, 6.32837293679e-009, 9.16803355455e-010]
        mean: [1.69048377074e-007, 0.00010603544797, 0.000159049566719, 0.000229920202401, 0.000583714980166, 0.000183986543561, 0.000122329278383, 0.000165995312273, 0.000216313987039, 7.92526334408e-005, 6.12024668953e-005, 4.68604339403e-005, 6.05378045293e-005, 8.83528919076e-005, 0.000192267834791, 0.000289330841042, 0.000376830983441, 0.000470254803076, 0.000490949954838, 0.000261984328972, 9.58810487646e-005, 3.12209522235e-005, 7.99934696261e-006, 2.95815880236e-006, 1.02002786662e-006, 2.89797412734e-008, 2.34504360375e-010, 3.98703361992e-011]
        median: [8.88400464305e-008, 5.79980478506e-005, 0.000100061457488, 0.000153704895638, 0.000366044871043, 8.99288861547e-005, 3.68182591046e-005, 5.16682193847e-005, 6.73788235872e-005, 2.56980238191e-005, 2.22148373723e-005, 2.03325598704e-005, 2.63180190814e-005, 4.70040213258e-005, 8.89392613317e-005, 0.000153893488459, 0.000231760466704, 0.000223290946451, 0.000356681266567, 0.000170259620063, 4.93273182656e-005, 1.35704758577e-005, 2.36767300521e-006, 7.5228751939e-007, 3.38368010944e-007, 9.70205427109e-009, 9.46833861315e-011, 1.17933111193e-011]
        min: [1.68069737108e-025, 1.11498872382e-024, 2.67983464796e-024, 2.00840298545e-024, 8.92831037035e-024, 9.17704531352e-024, 5.39864257451e-024, 8.33422868896e-024, 1.4881690583e-023, 1.61553790897e-023, 1.62736040959e-023, 2.24707170847e-023, 1.79881317422e-023, 3.43117953734e-023, 3.88491339736e-023, 4.09369647998e-023, 6.37837334558e-023, 8.13306379387e-023, 1.18308537047e-022, 1.62479181537e-022, 2.92667951195e-022, 2.54752872709e-022, 3.93558489942e-022, 5.94608211335e-022, 9.08592471611e-022, 1.36936711085e-021, 2.04531150108e-021, 5.22336889898e-022]
        var: [5.52930029779e-014, 2.98952862465e-008, 4.32328093325e-008, 8.24611277039e-008, 7.82086999607e-007, 8.15772907004e-008, 5.51860743769e-008, 9.40121154258e-008, 1.35315488592e-007, 6.20520452799e-008, 2.13996429466e-008, 8.82088802001e-009, 1.3422667422e-008, 2.14997406545e-008, 7.71220882712e-008, 1.65335436009e-007, 2.0641569165e-007, 3.63649604651e-007, 2.9903299037e-007, 1.09985954566e-007, 3.75783244522e-008, 7.45307016103e-009, 7.68638763748e-010, 2.50048592942e-010, 1.68951068413e-011, 9.66873032104e-015, 1.58024002611e-019, 5.04934552695e-021]
    mfcc:
        mean: [-740.622619629, 117.164527893, -52.8445320129, 60.70936203, -1.16474306583, -9.45111083984, -4.4208574295, -1.59497141838, -2.23053860664, -2.9351811409, -5.69936227798, -10.0509490967, -7.03675127029]
        cov: [[7953.40771484, -343.588470459, -847.292236328, 1064.95227051, -534.606750488, 197.295974731, -144.877258301, 234.30090332, 287.237091064, 281.207885742, 213.307785034, 28.3846855164, -57.9157600403], [-343.588470459, 960.288635254, -114.940727234, -60.4285545349, 64.6896362305, -32.7433166504, 81.9531860352, -8.71960639954, -26.3184680939, -56.1815986633, 27.3111476898, -9.49932575226, 29.6366825104], [-847.292236328, -114.940727234, 516.914306641, -95.3394622803, 30.8954963684, 52.8296051025, -11.7535142899, -30.7855415344, -77.2516937256, -55.32579422, -22.8271541595, 3.86633825302, 41.6443367004], [1064.95227051, -60.4285545349, -95.3394622803, 425.482177734, 2.8958966732, 53.3034667969, -30.7679958344, 19.1842269897, 61.9647331238, 44.2898521423, 24.1644363403, 6.70588541031, 21.334815979], [-534.606750488, 64.6896362305, 30.8954963684, 2.8958966732, 298.334716797, 5.02486753464, -16.8071060181, -22.2111225128, 14.6371669769, 21.3119659424, -53.3119316101, 16.9199752808, 1.24858605862], [197.295974731, -32.7433166504, 52.8296051025, 53.3034667969, 5.02486753464, 214.490814209, 54.6701164246, 13.7951192856, 21.0763339996, -14.2797842026, 42.6398735046, 25.3293800354, 9.33795642853], [-144.877258301, 81.9531860352, -11.7535142899, -30.7679958344, -16.8071060181, 54.6701164246, 158.324234009, 38.5528030396, 3.34810686111, -16.4266738892, 11.1580848694, 7.90576505661, -16.1202487946], [234.30090332, -8.71960639954, -30.7855415344, 19.1842269897, -22.2111225128, 13.7951192856, 38.5528030396, 108.415519714, 60.2696609497, 15.4536037445, 17.597026825, 5.601583004, -7.66288661957], [287.237091064, -26.3184680939, -77.2516937256, 61.9647331238, 14.6371669769, 21.0763339996, 3.34810686111, 60.2696609497, 146.753936768, 52.0898017883, 8.54901695251, 23.9717235565, -22.6458053589], [281.207885742, -56.1815986633, -55.32579422, 44.2898521423, 21.3119659424, -14.2797842026, -16.4266738892, 15.4536037445, 52.0898017883, 124.458335876, 28.5255203247, 6.92141866684, 2.78339672089], [213.307785034, 27.3111476898, -22.8271541595, 24.1644363403, -53.3119316101, 42.6398735046, 11.1580848694, 17.597026825, 8.54901695251, 28.5255203247, 103.070495605, 24.6287288666, 11.0412998199], [28.3846855164, -9.49932575226, 3.86633825302, 6.70588541031, 16.9199752808, 25.3293800354, 7.90576505661, 5.601583004, 23.9717235565, 6.92141866684, 24.6287288666, 77.1202087402, 15.4205226898], [-57.9157600403, 29.6366825104, 41.6443367004, 21.334815979, 1.24858605862, 9.33795642853, -16.1202487946, -7.66288661957, -22.6458053589, 2.78339672089, 11.0412998199, 15.4205226898, 89.1505813599]]
        icov: [[0.000358104996849, -5.21929723618e-005, 0.000401540281018, -0.000705863640178, 0.000721358868759, -0.000530176446773, 0.00064223393565, -0.00069980713306, 0.000428770814324, -0.000666763517074, 0.000357580400305, -0.00038053834578, 0.000484018528368], [-5.21929723618e-005, 0.00140516832471, 0.000348212692188, 0.000274423829978, -0.000824873044621, 0.000726032129023, -0.00109062565025, 0.000607076042797, -0.000525067385752, 0.0013263579458, -0.00137697148602, 0.000863563036546, -0.00109250564128], [0.000401540281018, 0.000348212692188, 0.00301425275393, -0.000193618820049, 0.000435178371845, -0.0014286772348, 0.00102182547562, -0.000972760433797, 0.0014383092057, -5.46645569557e-005, 0.000731185195036, -0.000451774307294, -0.000617241254076], [-0.000705863640178, 0.000274423829978, -0.000193618820049, 0.00428427103907, -0.0014921752736, 0.000117855452118, -0.000570784090087, 0.00137200183235, -0.0017498403322, 0.00104037614074, -0.000891219242476, 0.0013247836614, -0.00205708947033], [0.000721358868759, -0.000824873044621, 0.000435178371845, -0.0014921752736, 0.00601726816967, -0.00208973395638, 0.00204255059361, -0.00102505367249, 0.00106361275539, -0.00350343436003, 0.00447911676019, -0.0027987442445, 0.00162141490728], [-0.000530176446773, 0.000726032129023, -0.0014286772348, 0.000117855452118, -0.00208973395638, 0.00786164682359, -0.00392730487511, 0.00237734057009, -0.0027980778832, 0.00349017372355, -0.00449569011107, 0.000773066130932, -0.00164325674996], [0.00064223393565, -0.00109062565025, 0.00102182547562, -0.000570784090087, 0.00204255059361, -0.00392730487511, 0.0103210303932, -0.00525921210647, 0.00297893560492, -0.00177327857818, 0.0022407611832, -0.00232334225439, 0.00317243277095], [-0.00069980713306, 0.000607076042797, -0.000972760433797, 0.00137200183235, -0.00102505367249, 0.00237734057009, -0.00525921210647, 0.0158291682601, -0.00784475822002, 0.00268357340246, -0.0034087349195, 0.00288303522393, -0.0025084153749], [0.000428770814324, -0.000525067385752, 0.0014383092057, -0.0017498403322, 0.00106361275539, -0.0027980778832, 0.00297893560492, -0.00784475822002, 0.0141869336367, -0.00571583397686, 0.00387400505133, -0.00523629738018, 0.00455065257847], [-0.000666763517074, 0.0013263579458, -5.46645569557e-005, 0.00104037614074, -0.00350343436003, 0.00349017372355, -0.00177327857818, 0.00268357340246, -0.00571583397686, 0.0139690376818, -0.00656535895541, 0.00317541649565, -0.00312819913961], [0.000357580400305, -0.00137697148602, 0.000731185195036, -0.000891219242476, 0.00447911676019, -0.00449569011107, 0.0022407611832, -0.0034087349195, 0.00387400505133, -0.00656535895541, 0.0170237980783, -0.00604172935709, 0.00120781362057], [-0.00038053834578, 0.000863563036546, -0.000451774307294, 0.0013247836614, -0.0027987442445, 0.000773066130932, -0.00232334225439, 0.00288303522393, -0.00523629738018, 0.00317541649565, -0.00604172935709, 0.0177008546889, -0.00459709670395], [0.000484018528368, -0.00109250564128, -0.000617241254076, -0.00205708947033, 0.00162141490728, -0.00164325674996, 0.00317243277095, -0.0025084153749, 0.00455065257847, -0.00312819913961, 0.00120781362057, -0.00459709670395, 0.0150818498805]]
    sccoeffs:
        dmean: [0.0487718395889, 0.0435947887599, 0.0352597422898, 0.0298272967339, 0.0217120014131, 0.0178192649037]
        dmean2: [0.0812002718449, 0.0717170462012, 0.057164773345, 0.0490627475083, 0.0353204607964, 0.0279359295964]
        dvar: [0.00178183265962, 0.00129086186644, 0.000814264523797, 0.000580190971959, 0.000327726767864, 0.000279490748653]
        dvar2: [0.00484814262018, 0.00337358517572, 0.00207574246451, 0.00153394998051, 0.000806902651675, 0.000633730669506]
        max: [-0.33331528306, -0.494738996029, -0.533028781414, -0.572053134441, -0.588605582714, -0.575622439384]
        mean: [-0.651331961155, -0.737229704857, -0.762416005135, -0.763400614262, -0.767048954964, -0.740242660046]
        median: [-0.655444741249, -0.740008711815, -0.766211271286, -0.764026999474, -0.76840108633, -0.740674138069]
        min: [-0.97865408659, -0.976277410984, -0.97542065382, -0.96988683939, -0.965825557709, -0.964180707932]
        var: [0.00519343279302, 0.0045116385445, 0.00372554268688, 0.00238617416471, 0.00162020116113, 0.00177519069985]
    scvalleys:
        dmean: [0.347810506821, 0.34504571557, 0.300415426493, 0.258358836174, 0.231253966689, 0.285723507404]
        dmean2: [0.582683861256, 0.566184461117, 0.485071957111, 0.407268553972, 0.355247974396, 0.403962522745]
        dvar: [0.0980441942811, 0.107377693057, 0.0842880085111, 0.0719630867243, 0.0867697224021, 0.139535471797]
        dvar2: [0.243827551603, 0.250175565481, 0.18413002789, 0.146582230926, 0.168216869235, 0.268304884434]
        max: [-5.1326713562, -4.87802839279, -4.75425291061, -5.83921957016, -5.31599807739, -7.24475049973]
        mean: [-7.05638694763, -7.10210227966, -7.69163227081, -7.68361234665, -7.50126361847, -10.7887983322]
        median: [-6.58343076706, -6.77636051178, -7.3750295639, -7.26186275482, -6.96868038177, -10.1098556519]
        min: [-27.9536781311, -27.7275924683, -28.1639099121, -27.681602478, -27.5951900482, -27.3966732025]
        var: [3.93885183334, 3.51947760582, 3.39217281342, 3.52664971352, 4.14548397064, 4.61907529831]

rhythm:
    beats_loudness:
        dmean: 0.00199296697974
        dmean2: 0.00340993958525
        dvar: 4.77097455587e-006
        dvar2: 1.37548331622e-005
        max: 0.0205565243959
        mean: 0.00515069440007
        median: 0.00514645082876
        min: 0
        var: 9.98575069389e-006
    bpm: 139.845352173
    bpm_confidence: 0
    first_peak_bpm: 140
    first_peak_spread: 0.247252717614
    first_peak_weight: 0.559183657169
    onset_rate: 2.73899674416
    second_peak_bpm: 94
    second_peak_spread: 0.481927722692
    second_peak_weight: 0.0877550989389
    beats_loudness_band_ratio:
        dmean: [0.142806351185, 0.144828751683, 0.0816046819091, 0.0721638798714, 0.108606852591, 0.0930845066905]
        dmean2: [0.251688092947, 0.255254983902, 0.142916679382, 0.130513265729, 0.182567194104, 0.157775864005]
        dvar: [0.0152788106352, 0.0168253425509, 0.00697723217309, 0.0109253032133, 0.00836302991956, 0.00892977789044]
        dvar2: [0.045556537807, 0.049613866955, 0.0191197022796, 0.031638585031, 0.0229902286083, 0.02472990565]
        max: [0.886853516102, 0.7799680233, 0.542581915855, 0.634020507336, 0.698173284531, 0.874840319157]
        mean: [0.203794643283, 0.19797436893, 0.108585327864, 0.0760855525732, 0.27895912528, 0.167296022177]
        median: [0.170854583383, 0.158569857478, 0.0793132781982, 0.041846498847, 0.270008116961, 0.145899236202]
        min: [0, 0, 0, 0, 0, 0]
        var: [0.0210236050189, 0.0221929512918, 0.00869411975145, 0.0089153656736, 0.0226535201073, 0.0133485319093]
    beats_position: [0.650158703327, 1.30031740665, 1.93886613846, 2.57741498947, 3.21596360207, 3.85451245308, 4.49306106567, 5.13160991669, 5.78176879883, 6.43192720413, 7.07047605515, 7.70902490616, 8.34757328033, 8.98612213135, 9.62467098236, 10.2632198334, 10.9133787155, 11.5635375977, 12.202085495, 12.840634346, 13.4907932281, 14.1409521103, 14.7911109924, 15.4412698746, 16.0914287567, 16.7299766541, 17.3685264587, 17.995464325, 18.6340141296, 19.272562027, 19.9111099243, 20.5612697601, 21.1998176575, 21.8499774933, 22.5001354218, 23.1386852264, 23.7888431549, 24.4273910522, 25.0775508881, 25.7509288788, 26.4243087769, 27.0976867676, 27.7710647583, 28.4444446564, 29.106212616, 29.7563705444, 30.3949203491, 31.0334682465, 31.6836280823, 32.3337860107, 32.9723358154, 33.6224937439, 34.2610435486, 34.8995895386, 35.5497512817, 36.1882972717, 36.8268470764, 37.4770050049, 38.1155548096, 38.7541046143, 39.4042625427, 40.0428123474, 40.6813583374, 41.3315200806, 41.981678009, 42.6202278137, 43.2587738037, 43.9089317322, 44.5474815369, 45.1860313416, 45.8129692078, 46.4631271362, 47.1132888794, 47.7634468079, 48.4136047363, 49.052154541, 49.690700531, 50.3292503357, 50.9794082642, 51.6179580688, 52.2681159973, 52.906665802, 53.5452156067, 54.1953735352, 54.8455314636, 55.5073013306, 56.1690673828, 56.8308372498, 57.4926071167, 57.9570045471, 58.4097938538, 58.8509750366, 59.3037643433, 59.7449417114, 60.1861228943, 60.6156921387, 61.0452613831, 61.4748306274, 61.8927879333, 62.310749054, 62.7403144836, 63.1814956665, 63.6110649109, 64.0406341553, 64.470199585, 64.899772644, 65.3177337646, 65.7472991943, 66.1768722534, 66.6064376831, 67.0360107422, 67.4655761719, 67.895149231, 68.3247146606, 68.7542877197, 69.1838531494, 69.6134262085, 70.0429916382, 70.4725646973, 70.902130127, 71.3316955566, 71.7496566772, 72.1792297363, 72.608795166, 73.0383682251, 73.4679336548, 73.8975067139, 74.3270721436, 74.7450332642, 75.1629943848, 75.580947876, 76.0221328735, 76.4516983032, 76.8812713623, 77.310836792, 77.7404098511, 78.1815872192, 78.6111526489, 79.040725708, 79.4702911377, 79.8998641968, 80.3294296265, 80.7590026855, 81.1885681152, 81.6181411743, 82.047706604, 82.4772796631, 82.8952331543, 83.3248062134, 83.7543716431, 84.1839447021, 84.6135101318, 85.0430831909, 85.4726486206, 85.9022216797, 86.3317871094, 86.7613601685, 87.1909255981, 87.6204986572, 88.0500640869, 88.479637146, 88.9092025757, 89.3503875732, 89.7683410645, 90.1863021851, 90.6158676147, 91.0454406738, 91.4634017944, 91.9045791626, 92.3341445923, 92.7637176514, 93.1932830811, 93.6228561401, 94.0524215698, 94.4819946289, 94.8999557495, 95.3295211792, 95.7590942383, 96.188659668, 96.6182327271, 97.0361862183, 97.4541473389, 97.8721084595, 98.3132858276, 98.7544631958, 99.1840362549, 99.6136016846, 100.043174744, 100.472740173, 100.902313232, 101.331878662, 101.761451721, 102.191017151, 102.62059021, 103.05015564, 103.491333008, 103.909294128, 104.338867188, 104.768432617, 105.186393738, 105.615959167, 106.045532227, 106.475097656, 106.904670715, 107.334236145, 107.763809204, 108.181770325, 108.611335754, 109.040908813, 109.482086182, 109.911651611, 110.329612732, 110.759178162, 111.188751221, 111.61831665, 112.047889709, 112.477455139, 112.89541626, 113.324989319, 113.754554749, 114.195732117, 114.625305176, 115.054870605, 115.472831726, 115.902404785, 116.331970215, 116.761543274, 117.191108704, 117.620681763, 118.050247192, 118.479812622, 118.909385681, 119.338951111, 119.76852417, 120.1980896, 120.627662659, 121.045623779, 121.463577271, 121.89315033, 122.322715759, 122.752288818, 123.181854248, 123.611427307, 124.029388428, 124.458953857, 124.900131226, 125.329704285, 125.759269714, 126.188842773, 126.618408203, 127.036369324, 127.465942383, 127.895507813, 128.325073242, 128.754638672, 129.18421936, 129.61378479, 130.04335022, 130.472915649, 130.902496338, 131.332061768, 131.761627197, 132.191192627, 132.620773315, 133.038726807, 133.468292236, 133.897872925, 134.315826416, 134.745391846, 135.174957275, 135.604537964, 136.034103394, 136.463668823, 136.881637573, 137.299591064, 137.740768433, 138.170333862, 138.599899292, 139.02947998, 139.45904541, 139.88861084, 140.31817627, 140.747756958, 141.177322388, 141.606887817, 142.036453247, 142.466033936, 142.895599365, 143.325164795, 143.754730225, 144.184310913, 144.625488281, 145.066665649, 145.496231079, 145.937408447, 146.378585815, 146.819763184, 147.27255249, 147.725341797, 148.166534424, 148.61932373, 149.072113037, 149.524902344, 149.97769165, 150.430480957, 150.883255005, 151.324447632, 151.754013062, 152.183578491, 152.613143921, 153.042724609, 153.483901978, 153.925079346, 154.366256714, 154.819046021, 155.271835327, 155.736236572, 156.17741394, 156.618591309, 157.059768677, 157.477722168, 157.895690918, 158.325256348, 158.754821777, 159.184402466, 159.613967896, 160.043533325, 160.473098755, 160.902679443, 161.332244873, 161.761810303, 162.191375732, 162.620956421, 163.038909912, 163.456863403, 163.898040771, 164.32762146, 164.75718689, 165.186752319, 165.616317749, 166.045898438, 166.487075806, 166.916641235, 167.346206665, 167.775772095, 168.193740845, 168.623306274, 169.041259766, 169.470840454, 169.900405884, 170.329971313, 170.759536743, 171.189117432, 171.618682861, 172.048248291, 172.477813721, 172.907394409, 173.336959839, 173.766525269, 174.196090698, 174.625671387, 175.055236816, 175.484802246, 175.902755737, 176.332336426, 176.761901855, 177.191467285, 177.621032715, 178.039001465, 178.456954956, 178.886520386, 179.316101074, 179.757278442, 180.186843872, 180.616409302, 181.04598999, 181.47555542, 181.90512085, 182.323074341, 182.741043091, 183.170608521, 183.60017395, 184.029754639, 184.459320068, 184.888885498, 185.318450928, 185.736419678, 186.165985107, 186.595550537, 187.025115967, 187.454696655, 187.884262085, 188.313827515, 188.743392944, 189.172973633, 189.602539063, 190.043716431, 190.47328186, 190.90284729, 191.332427979, 191.761993408, 192.191558838, 192.609527588, 193.027481079, 193.44543457, 193.886611938, 194.316192627, 194.745758057, 195.175323486, 195.604888916, 196.034469604, 196.464035034, 196.893600464, 197.323165894, 197.752746582, 198.182312012, 198.600265503, 199.018234253, 199.459411621, 199.888977051, 200.31854248, 200.74810791, 201.177688599, 201.59564209, 202.036819458, 202.454788208, 202.884353638, 203.313919067, 203.743484497, 204.173049927, 204.602630615, 205.032196045, 205.461761475, 205.891326904, 206.309295654, 206.738861084, 207.168426514, 207.598007202, 208.027572632, 208.457138062, 208.886703491, 209.327880859, 209.757461548, 210.187026978, 210.616592407, 211.046157837, 211.464126587, 211.882080078, 212.311645508, 212.741226196, 213.170791626, 213.600357056, 214.018310547, 214.459503174, 214.889068604, 215.318634033, 215.748199463, 216.177780151, 216.607345581, 217.036911011, 217.46647644, 217.896057129, 218.325622559, 218.755187988, 219.184753418, 219.614334106, 220.067123413, 220.51991272, 220.972686768, 221.425476074, 221.878265381, 222.331054688, 222.795455933, 223.259857178, 223.724258423, 224.200271606, 224.664672852, 225.140670776, 225.61668396, 226.057861328, 226.510650635, 226.963439941, 227.416229248, 227.869018555, 228.321807861, 228.774597168, 229.227386475, 229.680175781, 230.144577026, 230.62059021, 231.084991455]
