
metadata:
    version:
        essentia: "2.1-beta2"
    audio_properties:
        analysis_sample_rate: 44100
        bitrate: 320
        channels: 2
        equal_loudness: 1
        length: 346.98449707
        replay_gain: -15.5520763397
        downmix: "mix"
    tags:
        album: "Greatest Hits - Hymns To The Rising Sun"
        artist: "Amon Amarth"
        comment: ""
        date: "2010"
        genre: "Melodic Death Metal"
        title: "Where Silent Gods Stand Guard"
        tracknumber: "12"

configuration:
    average_loudness:
        compute: 1
        frameSize: 88200
        hopSize: 44100
        silentFrames: "noise"
        windowType: "hann"
    general:
        analysisSampleRate: 44100
        endTime: 2000
        equalLoudness: 1
        nequalLoudness: 0
        shortSound: 0
        startTime: 0
    lowlevel:
        compute: 1
        frameSize: 2048
        hopSize: 1024
        zeroPadding: 0
        silentFrames: "noise"
        windowType: "blackmanharris62"
        mfccStats: ["mean", "cov", "icov"]
        stats: ["mean", "var", "median", "min", "max", "dmean", "dmean2", "dvar", "dvar2"]
    panning:
        compute: 0
        frameSize: 8192
        hopSize: 2048
        zeroPadding: 8192
        silentFrames: "noise"
        windowType: "hann"
        stats: ["copy"]
    rhythm:
        compute: 1
        maxTempo: 208
        minTempo: 40
        method: "degara"
        stats: ["mean", "var", "median", "min", "max", "dmean", "dmean2", "dvar", "dvar2"]
    segmentation:
        compute: 0
        cpw: 5
        inc1: 300
        inc2: 50
        minimumSegmentsLength: 10
        size1: 1000
        size2: 600
    sfx:
        compute: 1
        stats: ["mean", "var", "median", "min", "max", "dmean", "dmean2", "dvar", "dvar2"]
    svm:
        compute: 0
    tonal:
        compute: 1
        frameSize: 4096
        hopSize: 2048
        zeroPadding: 0
        silentFrames: "noise"
        windowType: "blackmanharris62"
        stats: ["mean", "var", "median", "min", "max", "dmean", "dmean2", "dvar", "dvar2"]

lowlevel:
    average_loudness: 0.923664450645
    barkbands_kurtosis:
        dmean: 0.97409003973
        dmean2: 1.56928181648
        dvar: 5.7565574646
        dvar2: 13.4770956039
        max: 146.797470093
        mean: -0.144981697202
        median: -0.621740221977
        min: -1.88470864296
        var: 8.51105213165
    barkbands_skewness:
        dmean: 0.38591709733
        dmean2: 0.603978991508
        dvar: 0.140071570873
        dvar2: 0.299973636866
        max: 11.0347261429
        mean: -0.85557615757
        median: -0.927961468697
        min: -3.69330811501
        var: 0.602993309498
    barkbands_spread:
        dmean: 6.20842695236
        dmean2: 10.1085824966
        dvar: 28.40508461
        dvar2: 72.8325271606
        max: 67.1001815796
        mean: 35.3292579651
        median: 35.1381149292
        min: 1.00259363651
        var: 89.8094863892
    dissonance:
        dmean: 0.00548775866628
        dmean2: 0.00948724802583
        dvar: 2.5509734769e-005
        dvar2: 7.26387588657e-005
        max: 0.500000178814
        mean: 0.491082012653
        median: 0.492225408554
        min: 0.4248932302
        var: 3.41329468938e-005
    hfc:
        dmean: 3.03673481941
        dmean2: 4.95025682449
        dvar: 8.97022914886
        dvar2: 23.7192268372
        max: 42.1727218628
        mean: 13.8307695389
        median: 14.0986061096
        min: 1.18172345798e-016
        var: 42.7435722351
    pitch:
        dmean: 554.159729004
        dmean2: 1045.58032227
        dvar: 1047318.5625
        dvar2: 2750513.5
        max: 4936.59326172
        mean: 2978.29077148
        median: 3370.36376953
        min: 62.2131347656
        var: 1160834.5
    pitch_instantaneous_confidence:
        dmean: 0.0781050473452
        dmean2: 0.129044875503
        dvar: 0.0039321067743
        dvar2: 0.0104934265837
        max: 0.834569334984
        mean: 0.418832987547
        median: 0.430254280567
        min: 0.0990638136864
        var: 0.012201690115
    pitch_salience:
        dmean: 0.0455888397992
        dmean2: 0.074923813343
        dvar: 0.00171442842111
        dvar2: 0.00415785657242
        max: 0.85771048069
        mean: 0.715763688087
        median: 0.732272267342
        min: 0.0522796735168
        var: 0.00597621686757
    silence_rate_20dB:
        dmean: 0
        dmean2: 0
        dvar: 0
        dvar2: 0
        max: 1
        mean: 1
        median: 1
        min: 1
        var: 0
    silence_rate_30dB:
        dmean: 0
        dmean2: 0
        dvar: 0
        dvar2: 0
        max: 1
        mean: 1
        median: 1
        min: 1
        var: 0
    silence_rate_60dB:
        dmean: 0.0546038560569
        dmean2: 0.109215013683
        dvar: 0.0516301542521
        dvar2: 0.112280413508
        max: 1
        mean: 0.123318836093
        median: 0
        min: 0
        var: 0.108121648431
    spectral_centroid:
        dmean: 228.724029541
        dmean2: 363.347320557
        dvar: 51050.8125
        dvar2: 110518.1875
        max: 11485.2919922
        mean: 2291.2409668
        median: 2380.78979492
        min: 167.640319824
        var: 211464.40625
    spectral_complexity:
        dmean: 4.36108160019
        dmean2: 7.00649118423
        dvar: 16.242193222
        dvar2: 39.910243988
        max: 50
        mean: 23.7353630066
        median: 25
        min: 0
        var: 77.7577667236
    spectral_crest:
        dmean: 1.59560334682
        dmean2: 2.66339468956
        dvar: 1.98358738422
        dvar2: 5.11077690125
        max: 23.2729549408
        mean: 6.59402322769
        median: 6.17350816727
        min: 2.67506170273
        var: 5.21186637878
    spectral_decrease:
        dmean: 2.36566155554e-010
        dmean2: 3.89142940094e-010
        dvar: 5.83078062825e-020
        dvar2: 1.57115060365e-019
        max: 6.37717474119e-029
        mean: -1.20991783259e-009
        median: -1.21310317347e-009
        min: -2.99233215983e-009
        var: 2.04101633344e-019
    spectral_energy:
        dmean: 0.00113626557868
        dmean2: 0.00186299881898
        dvar: 1.32093282446e-006
        dvar2: 3.55486963599e-006
        max: 0.0148450750858
        mean: 0.00582100218162
        median: 0.00587936397642
        min: 1.0641817521e-020
        var: 5.12406950293e-006
    spectral_energyband_high:
        dmean: 0.00026316093863
        dmean2: 0.00045352766756
        dvar: 1.24958120296e-007
        dvar2: 3.3324053561e-007
        max: 0.00452583516017
        mean: 0.000569423486013
        median: 0.000479364767671
        min: 7.49085876999e-021
        var: 1.84022098892e-007
    spectral_energyband_low:
        dmean: 0.000260126631474
        dmean2: 0.000426455226261
        dvar: 6.42292832254e-008
        dvar2: 1.7108803263e-007
        max: 0.00273829093203
        mean: 0.000533467682544
        median: 0.000450971041573
        min: 3.95791837206e-023
        var: 1.20956912042e-007
    spectral_energyband_middle_high:
        dmean: 0.000797555432655
        dmean2: 0.00127813941799
        dvar: 5.48835430436e-007
        dvar2: 1.41964369504e-006
        max: 0.0129537880421
        mean: 0.00382333202288
        median: 0.00384944374673
        min: 1.62936062005e-021
        var: 3.56685427505e-006
    spectral_energyband_middle_low:
        dmean: 0.000419392192271
        dmean2: 0.000692703877576
        dvar: 2.74334638561e-007
        dvar2: 7.45065619867e-007
        max: 0.00552958576009
        mean: 0.00108126667328
        median: 0.000954029965214
        min: 3.1837482026e-022
        var: 3.78853400207e-007
    spectral_flatness_db:
        dmean: 0.0139084411785
        dmean2: 0.0219751745462
        dvar: 0.000169524748344
        dvar2: 0.00040881667519
        max: 0.425868630409
        mean: 0.140182748437
        median: 0.137590661645
        min: 0.0487000532448
        var: 0.000752674415708
    spectral_flux:
        dmean: 0.00594088248909
        dmean2: 0.00908025726676
        dvar: 3.48905341525e-005
        dvar2: 6.92063840688e-005
        max: 0.0977331101894
        mean: 0.0459021739662
        median: 0.0476732850075
        min: 1.03159182585e-010
        var: 0.000154875087901
    spectral_kurtosis:
        dmean: 1.26468598843
        dmean2: 2.12039613724
        dvar: 1.61999893188
        dvar2: 4.60785579681
        max: 25.5913600922
        mean: 4.37525081635
        median: 4.3254699707
        min: -1.22773659229
        var: 3.25682759285
    spectral_rms:
        dmean: 0.00023170489294
        dmean2: 0.000374839117285
        dvar: 5.06073050133e-008
        dvar2: 1.31938435288e-007
        max: 0.00380565365776
        mean: 0.0023273548577
        median: 0.00239498750307
        min: 3.22215149527e-012
        var: 2.62404768137e-007
    spectral_rolloff:
        dmean: 219.201721191
        dmean2: 363.344909668
        dvar: 96296.1015625
        dvar2: 187760.828125
        max: 19336.8164063
        mean: 3694.94189453
        median: 3682.17773438
        min: 172.265625
        var: 224420.671875
    spectral_skewness:
        dmean: 0.16418428719
        dmean2: 0.27047753334
        dvar: 0.0248023923486
        dvar2: 0.0635677054524
        max: 3.62610769272
        mean: 1.25917601585
        median: 1.24617063999
        min: -0.031613919884
        var: 0.0931095480919
    spectral_spread:
        dmean: 509261.03125
        dmean2: 790027
        dvar: 384956858368
        dvar2: 861098606592
        max: 41528084
        mean: 4150269.25
        median: 3924849.5
        min: 1905964.5
        var: 2.68770947891e+012
    spectral_strongpeak:
        dmean: 0.735897898674
        dmean2: 1.27953529358
        dvar: 0.869821071625
        dvar2: 2.28690052032
        max: 11.2179317474
        mean: 1.0130058527
        median: 0.220923930407
        min: 4.55972010149e-010
        var: 1.96007466316
    zerocrossingrate:
        dmean: 0.00611893786117
        dmean2: 0.0075806947425
        dvar: 4.19378011429e-005
        dvar2: 5.0131136959e-005
        max: 0.48779296875
        mean: 0.118962660432
        median: 0.12255859375
        min: 0.0068359375
        var: 0.000368944020011
    barkbands:
        dmean: [3.83944410487e-007, 7.36419387977e-005, 0.000170235231053, 0.000158841095981, 0.000217532651732, 8.70327276061e-005, 5.50696422579e-005, 5.95395868004e-005, 7.09146042936e-005, 5.73614415771e-005, 3.88003390981e-005, 5.07939548697e-005, 4.21025142714e-005, 4.86883582198e-005, 6.20600549155e-005, 0.000129466352519, 0.000281964050373, 0.000286641065031, 0.000428122089943, 0.000244878174271, 0.000123142192024, 4.49830040452e-005, 9.16446515475e-006, 3.09633901452e-006, 1.45684634845e-006, 5.19491969442e-008, 6.51162013199e-010]
        dmean2: [6.49225626148e-007, 0.000119111784443, 0.000282715191133, 0.000259377935436, 0.000369725574274, 0.000141434400575, 9.16691496968e-005, 0.000102688434708, 0.000118756375741, 9.63637867244e-005, 6.52819362585e-005, 8.68755305419e-005, 7.14170600986e-005, 8.14470258774e-005, 0.000106364212115, 0.000219210764044, 0.000468221318442, 0.000479377253214, 0.000702172226738, 0.000415473419707, 0.000209814621485, 7.73853389546e-005, 1.64473167388e-005, 5.49587230125e-006, 2.36545361076e-006, 7.79932065598e-008, 9.86243309242e-010]
        dvar: [2.05090447663e-013, 7.55731566215e-009, 3.38480319328e-008, 3.42071331261e-008, 1.4383283542e-007, 1.15162892556e-008, 5.37612576679e-009, 1.24810934921e-008, 1.39652449604e-008, 1.00995078967e-008, 8.73540439983e-009, 7.8741191345e-009, 5.37919486732e-009, 5.75288661153e-009, 7.30833571438e-009, 1.88316384708e-008, 1.10729338587e-007, 9.76578391487e-008, 2.06828275395e-007, 6.34177936831e-008, 2.70349982401e-008, 5.89517190619e-009, 2.3929155879e-010, 2.63474797535e-011, 1.18631927198e-011, 1.30993653763e-014, 7.33739602222e-019]
        dvar2: [5.79486870815e-013, 1.8684488623e-008, 8.9392599989e-008, 8.4167382397e-008, 3.96491458332e-007, 2.89812014387e-008, 1.41062299619e-008, 3.4145415384e-008, 3.76305138161e-008, 2.71107207794e-008, 2.29901164772e-008, 2.0736173667e-008, 1.43407792308e-008, 1.50170684776e-008, 2.01034904279e-008, 5.31815231852e-008, 2.92229259458e-007, 2.5534890824e-007, 5.53958329874e-007, 1.80202022193e-007, 6.88689354433e-008, 1.45315661726e-008, 6.49198361735e-010, 6.94431387394e-011, 2.44797897231e-011, 2.78634791428e-014, 1.56431889312e-018]
        max: [4.05681748816e-006, 0.000728341401555, 0.00241365423426, 0.00312163168564, 0.00413168827072, 0.00304105575196, 0.00141181796789, 0.00221934635192, 0.00323333824053, 0.0022435951978, 0.00222247932106, 0.00240228278562, 0.00174424133729, 0.00210689636879, 0.00152105884627, 0.00223544309847, 0.00802626740187, 0.00920903682709, 0.00875681824982, 0.00298314914107, 0.00325118750334, 0.00194847711828, 0.000161862597452, 0.000106198509457, 0.000108568106953, 5.91494926994e-006, 1.69068830047e-008]
        mean: [5.22043308138e-007, 0.000111430723337, 0.000271253433311, 0.000262953486526, 0.000328076159349, 0.000173192282091, 9.39366655075e-005, 7.62566924095e-005, 0.000118188625493, 8.83040847839e-005, 5.72814169573e-005, 7.56645240472e-005, 7.15651985956e-005, 9.02366882656e-005, 0.000112061177788, 0.000290377443889, 0.000682199082803, 0.000743722659536, 0.00122835848015, 0.000620393373538, 0.000245828792686, 6.18251142441e-005, 1.08927406473e-005, 3.88950775232e-006, 2.47075331572e-006, 1.12119693085e-007, 1.4448648944e-009]
        median: [3.18160061852e-007, 8.28623742564e-005, 0.00019779408467, 0.000170640472788, 0.000222575166845, 0.000123994686874, 6.35659089312e-005, 3.97305993829e-005, 6.56460615573e-005, 4.64309341623e-005, 2.14941628656e-005, 3.89085180359e-005, 4.25158650614e-005, 5.96913087065e-005, 8.41374348965e-005, 0.000256153434748, 0.000569286174141, 0.000669647823088, 0.00114009948447, 0.000581640575547, 0.000190756458323, 3.2427644328e-005, 6.10705501458e-006, 2.15871341425e-006, 1.24682310343e-006, 5.47001519635e-008, 9.03893182524e-010]
        min: [1.8244604622e-023, 1.83859763848e-023, 1.18655282436e-023, 8.79300258131e-024, 4.18639173842e-023, 1.34869529482e-023, 4.6166071305e-023, 4.50362016077e-023, 6.73133937574e-023, 2.6185022903e-023, 4.92427140324e-023, 9.96174560855e-023, 1.4063347737e-022, 1.54998684941e-022, 1.90604117536e-022, 1.01790143102e-022, 9.25347410232e-023, 2.49097585678e-022, 1.36752269094e-022, 3.22359539708e-022, 2.58876507407e-022, 3.87921655945e-022, 4.501374116e-022, 7.65670817988e-022, 1.21852842394e-021, 1.81314557149e-021, 2.44901643358e-021]
        var: [3.04266242193e-013, 9.59757162633e-009, 6.11806427742e-008, 8.64539728695e-008, 1.37433886493e-007, 2.94201569773e-008, 1.02230899302e-008, 1.31832660344e-008, 2.63852442117e-008, 1.73265508607e-008, 1.56641384308e-008, 1.41240956708e-008, 9.59659551825e-009, 1.04179207483e-008, 1.19980807511e-008, 3.453444819e-008, 3.01673964032e-007, 2.52395949474e-007, 6.06440380579e-007, 1.29729116338e-007, 4.88853331149e-008, 8.6520586251e-009, 1.99238597842e-010, 2.91152171816e-011, 2.93325502776e-011, 3.41411469408e-014, 2.45687448461e-018]
    frequency_bands:
        dmean: [3.83944410487e-007, 7.36419387977e-005, 0.000170235231053, 0.000158841095981, 0.000217532651732, 8.70327276061e-005, 5.50696422579e-005, 5.95395868004e-005, 7.09146042936e-005, 5.73614415771e-005, 3.88003390981e-005, 5.07939548697e-005, 4.21025142714e-005, 4.86883582198e-005, 6.20600549155e-005, 0.000129466352519, 0.000281964050373, 0.000286641065031, 0.000428122089943, 0.000244878174271, 0.000123142192024, 4.49830040452e-005, 9.16446515475e-006, 3.09633901452e-006, 1.45684634845e-006, 5.19491969442e-008, 6.51162013199e-010, 6.98395022369e-011]
        dmean2: [6.49225626148e-007, 0.000119111784443, 0.000282715191133, 0.000259377935436, 0.000369725574274, 0.000141434400575, 9.16691496968e-005, 0.000102688434708, 0.000118756375741, 9.63637867244e-005, 6.52819362585e-005, 8.68755305419e-005, 7.14170600986e-005, 8.14470258774e-005, 0.000106364212115, 0.000219210764044, 0.000468221318442, 0.000479377253214, 0.000702172226738, 0.000415473419707, 0.000209814621485, 7.73853389546e-005, 1.64473167388e-005, 5.49587230125e-006, 2.36545361076e-006, 7.79932065598e-008, 9.86243309242e-010, 1.29645141844e-010]
        dvar: [2.05090447663e-013, 7.55731566215e-009, 3.38480319328e-008, 3.42071331261e-008, 1.4383283542e-007, 1.15162892556e-008, 5.37612576679e-009, 1.24810934921e-008, 1.39652449604e-008, 1.00995078967e-008, 8.73540439983e-009, 7.8741191345e-009, 5.37919486732e-009, 5.75288661153e-009, 7.30833571438e-009, 1.88316384708e-008, 1.10729338587e-007, 9.76578391487e-008, 2.06828275395e-007, 6.34177936831e-008, 2.70349982401e-008, 5.89517190619e-009, 2.3929155879e-010, 2.63474797535e-011, 1.18631927198e-011, 1.30993653763e-014, 7.33739602222e-019, 8.0768766521e-021]
        dvar2: [5.79486870815e-013, 1.8684488623e-008, 8.9392599989e-008, 8.4167382397e-008, 3.96491458332e-007, 2.89812014387e-008, 1.41062299619e-008, 3.4145415384e-008, 3.76305138161e-008, 2.71107207794e-008, 2.29901164772e-008, 2.0736173667e-008, 1.43407792308e-008, 1.50170684776e-008, 2.01034904279e-008, 5.31815231852e-008, 2.92229259458e-007, 2.5534890824e-007, 5.53958329874e-007, 1.80202022193e-007, 6.88689354433e-008, 1.45315661726e-008, 6.49198361735e-010, 6.94431387394e-011, 2.44797897231e-011, 2.78634791428e-014, 1.56431889312e-018, 2.53219921848e-020]
        max: [4.05681748816e-006, 0.000728341401555, 0.00241365423426, 0.00312163168564, 0.00413168827072, 0.00304105575196, 0.00141181796789, 0.00221934635192, 0.00323333824053, 0.0022435951978, 0.00222247932106, 0.00240228278562, 0.00174424133729, 0.00210689636879, 0.00152105884627, 0.00223544309847, 0.00802626740187, 0.00920903682709, 0.00875681824982, 0.00298314914107, 0.00325118750334, 0.00194847711828, 0.000161862597452, 0.000106198509457, 0.000108568106953, 5.91494926994e-006, 1.69068830047e-008, 1.06748132556e-009]
        mean: [5.22043308138e-007, 0.000111430723337, 0.000271253433311, 0.000262953486526, 0.000328076159349, 0.000173192282091, 9.39366655075e-005, 7.62566924095e-005, 0.000118188625493, 8.83040847839e-005, 5.72814169573e-005, 7.56645240472e-005, 7.15651985956e-005, 9.02366882656e-005, 0.000112061177788, 0.000290377443889, 0.000682199082803, 0.000743722659536, 0.00122835848015, 0.000620393373538, 0.000245828792686, 6.18251142441e-005, 1.08927406473e-005, 3.88950775232e-006, 2.47075331572e-006, 1.12119693085e-007, 1.4448648944e-009, 5.78863935952e-011]
        median: [3.18160061852e-007, 8.28623742564e-005, 0.00019779408467, 0.000170640472788, 0.000222575166845, 0.000123994686874, 6.35659089312e-005, 3.97305993829e-005, 6.56460615573e-005, 4.64309341623e-005, 2.14941628656e-005, 3.89085180359e-005, 4.25158650614e-005, 5.96913087065e-005, 8.41374348965e-005, 0.000256153434748, 0.000569286174141, 0.000669647823088, 0.00114009948447, 0.000581640575547, 0.000190756458323, 3.2427644328e-005, 6.10705501458e-006, 2.15871341425e-006, 1.24682310343e-006, 5.47001519635e-008, 9.03893182524e-010, 2.65496947344e-011]
        min: [1.8244604622e-023, 1.83859763848e-023, 1.18655282436e-023, 8.79300258131e-024, 4.18639173842e-023, 1.34869529482e-023, 4.6166071305e-023, 4.50362016077e-023, 6.73133937574e-023, 2.6185022903e-023, 4.92427140324e-023, 9.96174560855e-023, 1.4063347737e-022, 1.54998684941e-022, 1.90604117536e-022, 1.01790143102e-022, 9.25347410232e-023, 2.49097585678e-022, 1.36752269094e-022, 3.22359539708e-022, 2.58876507407e-022, 3.87921655945e-022, 4.501374116e-022, 7.65670817988e-022, 1.21852842394e-021, 1.81314557149e-021, 2.44901643358e-021, 6.12636901572e-022]
        var: [3.04266242193e-013, 9.59757162633e-009, 6.11806427742e-008, 8.64539728695e-008, 1.37433886493e-007, 2.94201569773e-008, 1.02230899302e-008, 1.31832660344e-008, 2.63852442117e-008, 1.73265508607e-008, 1.56641384308e-008, 1.41240956708e-008, 9.59659551825e-009, 1.04179207483e-008, 1.19980807511e-008, 3.453444819e-008, 3.01673964032e-007, 2.52395949474e-007, 6.06440380579e-007, 1.29729116338e-007, 4.88853331149e-008, 8.6520586251e-009, 1.99238597842e-010, 2.91152171816e-011, 2.93325502776e-011, 3.41411469408e-014, 2.45687448461e-018, 6.83116042105e-021]
    mfcc:
        mean: [-686.739013672, 91.8978271484, -57.6418113708, 74.0179748535, -4.15541982651, -7.93981170654, 3.09465837479, 0.158933922648, -0.140253260732, -4.5787191391, -3.13431096077, -5.02240276337, -4.61712884903]
        cov: [[2545.69604492, -53.1020965576, -173.107879639, 61.6722335815, -201.541717529, 35.1812133789, -24.5025024414, 21.5305995941, 25.9571990967, -19.8922405243, 39.5700263977, 29.2878246307, 12.0072898865], [-53.1020965576, 330.888549805, -159.340667725, 100.363380432, 2.91526603699, -41.6593170166, 12.6567792892, -1.16359376907, -23.6888790131, 2.90856385231, -26.6989345551, -17.4092826843, -14.2395944595], [-173.107879639, -159.340667725, 265.439361572, -90.2504577637, 35.6793060303, 40.9493408203, -4.14014291763, -0.539328157902, 19.2345104218, -14.2060184479, 0.613441169262, -1.38556993008, -3.12188959122], [61.6722335815, 100.363380432, -90.2504577637, 196.516265869, 39.602481842, -29.5115470886, -26.8290882111, -9.4049911499, -20.2757339478, 10.7909402847, -4.21259355545, -2.87919068336, 5.45081281662], [-201.541717529, 2.91526603699, 35.6793060303, 39.602481842, 123.622497559, -11.9775085449, 14.9374017715, -24.3763542175, -13.3571357727, 8.39622211456, -3.11055612564, -4.48113012314, 3.70979380608], [35.1812133789, -41.6593170166, 40.9493408203, -29.5115470886, -11.9775085449, 90.6104736328, 6.81200265884, 19.5350952148, 0.034822601825, -0.553692042828, 3.46977782249, 4.88687229156, -2.2281768322], [-24.5025024414, 12.6567792892, -4.14014291763, -26.8290882111, 14.9374017715, 6.81200265884, 73.4496154785, 18.9504699707, 17.1387443542, -10.4643554688, -6.15577888489, 2.05913496017, 0.103868186474], [21.5305995941, -1.16359376907, -0.539328157902, -9.4049911499, -24.3763542175, 19.5350952148, 18.9504699707, 62.3946151733, 16.4645404816, 11.7155590057, -6.45957374573, 3.69595932961, 0.92553126812], [25.9571990967, -23.6888790131, 19.2345104218, -20.2757339478, -13.3571357727, 0.034822601825, 17.1387443542, 16.4645404816, 62.1022605896, 7.98334598541, 15.6556339264, -1.71372401714, -5.74517536163], [-19.8922405243, 2.90856385231, -14.2060184479, 10.7909402847, 8.39622211456, -0.553692042828, -10.4643554688, 11.7155590057, 7.98334598541, 55.085193634, 14.1243953705, 7.8376584053, 1.06506025791], [39.5700263977, -26.6989345551, 0.613441169262, -4.21259355545, -3.11055612564, 3.46977782249, -6.15577888489, -6.45957374573, 15.6556339264, 14.1243953705, 50.0180892944, 18.2242183685, 5.44198322296], [29.2878246307, -17.4092826843, -1.38556993008, -2.87919068336, -4.48113012314, 4.88687229156, 2.05913496017, 3.69595932961, -1.71372401714, 7.8376584053, 18.2242183685, 42.7122459412, 18.0932025909], [12.0072898865, -14.2395944595, -3.12188959122, 5.45081281662, 3.70979380608, -2.2281768322, 0.103868186474, 0.92553126812, -5.74517536163, 1.06506025791, 5.44198322296, 18.0932025909, 40.1570243835]]
        icov: [[0.00050543283578, 0.000291678297799, 0.000292776530841, -0.000431356893387, 0.000884706329089, -0.000242293332121, -0.00019769523351, 0.000238075575908, -0.000132174187456, 0.000180102535523, -0.000180374307092, -8.81484957063e-005, -2.60651922872e-005], [0.000291678297799, 0.00524963345379, 0.00242977123708, -0.00180610676762, 0.000687307969201, 0.000737529830076, -0.00175117107574, 0.000230617835768, 0.000939872523304, -0.000331234943587, 0.00157822342589, 0.00059128185967, 0.00184795330279], [0.000292776530841, 0.00242977123708, 0.00763770192862, 0.00264494679868, -0.00408845953643, -0.00211702217348, 0.00373705592938, -0.0012367562158, -0.00303690717556, 0.00311928032897, 0.00166210054886, -0.000838735431898, 0.000923317740671], [-0.000431356893387, -0.00180610676762, 0.00264494679868, 0.00911553855985, -0.0057202745229, 0.000492339429911, 0.00590655952692, -0.00267735007219, -0.000851502758451, 0.00156060734298, 0.000199162721401, -0.00046468761866, -0.000921792990994], [0.000884706329089, 0.000687307969201, -0.00408845953643, -0.0057202745229, 0.0163333211094, 0.000954574323259, -0.00955627020448, 0.00772649887949, 0.00423085223883, -0.00647935271263, -0.000302733009448, 0.00270574702881, -0.0015724421246], [-0.000242293332121, 0.000737529830076, -0.00211702217348, 0.000492339429911, 0.000954574323259, 0.0139748342335, -0.00152707437519, -0.00464390683919, 0.00381257734261, -3.04313780362e-005, -0.00235256040469, -0.000219654626562, 0.00186482106801], [-0.00019769523351, -0.00175117107574, 0.00373705592938, 0.00590655952692, -0.00955627020448, -0.00152707437519, 0.0240114312619, -0.00853756628931, -0.00815947726369, 0.00875995121896, 0.00272633205168, -0.00444265082479, 9.22260805964e-005], [0.000238075575908, 0.000230617835768, -0.0012367562158, -0.00267735007219, 0.00772649887949, -0.00464390683919, -0.00853756628931, 0.026465902105, -0.00450034253299, -0.00924344733357, 0.0077850962989, -0.00182155228686, -0.00191449688282], [-0.000132174187456, 0.000939872523304, -0.00303690717556, -0.000851502758451, 0.00423085223883, 0.00381257734261, -0.00815947726369, -0.00450034253299, 0.0250140856951, -0.00382596487179, -0.0102720102295, 0.00613532355055, 0.00250568427145], [0.000180102535523, -0.000331234943587, 0.00311928032897, 0.00156060734298, -0.00647935271263, -3.04313780362e-005, 0.00875995121896, -0.00924344733357, -0.00382596487179, 0.0258510485291, -0.00574413500726, -0.00355749740265, 0.00179492868483], [-0.000180374307092, 0.00157822342589, 0.00166210054886, 0.000199162721401, -0.000302733009448, -0.00235256040469, 0.00272633205168, 0.0077850962989, -0.0102720102295, -0.00574413500726, 0.0319637358189, -0.0129982959479, 0.000634335330687], [-8.81484957063e-005, 0.00059128185967, -0.000838735431898, -0.00046468761866, 0.00270574702881, -0.000219654626562, -0.00444265082479, -0.00182155228686, 0.00613532355055, -0.00355749740265, -0.0129982959479, 0.0365975946188, -0.013730625622], [-2.60651922872e-005, 0.00184795330279, 0.000923317740671, -0.000921792990994, -0.0015724421246, 0.00186482106801, 9.22260805964e-005, -0.00191449688282, 0.00250568427145, 0.00179492868483, 0.000634335330687, -0.013730625622, 0.0324662476778]]
    sccoeffs:
        dmean: [0.0497264862061, 0.0440091975033, 0.0356557369232, 0.0266260169446, 0.0197921413928, 0.021233536303]
        dmean2: [0.0826214104891, 0.0740168988705, 0.0603835061193, 0.0454245582223, 0.0333727300167, 0.0342997387052]
        dvar: [0.00154752994422, 0.00115961197298, 0.000753657484893, 0.00042327248957, 0.000229731493164, 0.000375826552045]
        dvar2: [0.004309524782, 0.00327596953139, 0.00214878725819, 0.00121853989549, 0.000650863221381, 0.000942824059166]
        max: [-0.310670435429, -0.542039871216, -0.625110924244, -0.669491648674, -0.662312269211, -0.576866865158]
        mean: [-0.670413136482, -0.781893312931, -0.815201222897, -0.811163961887, -0.785787880421, -0.732942163944]
        median: [-0.674552559853, -0.784661769867, -0.819545507431, -0.812288403511, -0.786641955376, -0.733065366745]
        min: [-0.957382440567, -0.972991466522, -0.973046302795, -0.957862436771, -0.962701737881, -0.959023833275]
        var: [0.00429887045175, 0.00269141793251, 0.00174305110704, 0.000908818212338, 0.000769018079154, 0.00128861342091]
    scvalleys:
        dmean: [0.349317967892, 0.360289484262, 0.339882105589, 0.239146545529, 0.180516034365, 0.350475162268]
        dmean2: [0.593118965626, 0.597236156464, 0.555921792984, 0.39182010293, 0.287415921688, 0.55106151104]
        dvar: [0.0857949256897, 0.0948008596897, 0.0896333307028, 0.0509294010699, 0.0416234694421, 0.181507349014]
        dvar2: [0.22646856308, 0.231033906341, 0.212538123131, 0.107431925833, 0.0740286335349, 0.4400575459]
        max: [-5.4173822403, -5.00212097168, -5.24982500076, -5.62500286102, -5.49073791504, -7.64586448669]
        mean: [-6.5971827507, -6.5928196907, -6.95450878143, -6.88434267044, -6.33781528473, -9.53720283508]
        median: [-6.49461698532, -6.52536678314, -6.95902729034, -6.81277132034, -6.19895505905, -9.44169712067]
        min: [-27.3804244995, -27.2439498901, -27.2008228302, -27.4904632568, -27.1824645996, -27.3247661591]
        var: [0.756197988987, 0.704538881779, 0.766590833664, 0.663612484932, 0.684436738491, 0.913364827633]

rhythm:
    beats_loudness:
        dmean: 0.00177597568836
        dmean2: 0.00320968823507
        dvar: 1.73358353095e-006
        dvar2: 5.74792466068e-006
        max: 0.0121299652383
        mean: 0.00558479409665
        median: 0.0054010367021
        min: 5.33035117781e-012
        var: 3.32844797413e-006
    bpm: 125.980285645
    bpm_confidence: 0
    first_peak_bpm: 126
    first_peak_spread: 0.353760480881
    first_peak_weight: 0.639118432999
    onset_rate: 2.87044548988
    second_peak_bpm: 120
    second_peak_spread: 0.166666641831
    second_peak_weight: 0.00688705220819
    beats_loudness_band_ratio:
        dmean: [0.0690415352583, 0.11198875308, 0.0318135917187, 0.0357733592391, 0.0866407454014, 0.0965296775103]
        dmean2: [0.116697974503, 0.217310741544, 0.0549969747663, 0.0624919347465, 0.152400940657, 0.176897779107]
        dvar: [0.00385369150899, 0.00753621570766, 0.000822116679046, 0.00230444478802, 0.00458194036037, 0.00566346477717]
        dvar2: [0.0101691549644, 0.0256895795465, 0.00239080376923, 0.00666882237419, 0.0134858256206, 0.0181485489011]
        max: [0.6901897192, 0.520121693611, 0.258144497871, 0.389792412519, 0.71198284626, 0.586242377758]
        mean: [0.126295387745, 0.11139601469, 0.0586336925626, 0.0588011182845, 0.338118642569, 0.332816153765]
        median: [0.108464807272, 0.0878792479634, 0.0517980754375, 0.0426651313901, 0.334008723497, 0.330783605576]
        min: [0, 0, 0, 0, 0, 0]
        var: [0.00615040678531, 0.00715289963409, 0.00110024958849, 0.00261843577027, 0.00720575917512, 0.00740789622068]
