
metadata:
    version:
        essentia: "2.1-beta2"
    audio_properties:
        analysis_sample_rate: 44100
        bitrate: 320
        channels: 2
        equal_loudness: 1
        length: 186.462036133
        replay_gain: -14.809179306
        downmix: "mix"
    tags:
        album: "Incomparable"
        artist: "Dead By April"
        comment: "-=Titan=-"
        date: "2011"
        genre: "Modern Metal"
        title: "Real & True"
        tracknumber: "2"

configuration:
    average_loudness:
        compute: 1
        frameSize: 88200
        hopSize: 44100
        silentFrames: "noise"
        windowType: "hann"
    general:
        analysisSampleRate: 44100
        endTime: 2000
        equalLoudness: 1
        nequalLoudness: 0
        shortSound: 0
        startTime: 0
    lowlevel:
        compute: 1
        frameSize: 2048
        hopSize: 1024
        zeroPadding: 0
        silentFrames: "noise"
        windowType: "blackmanharris62"
        mfccStats: ["mean", "cov", "icov"]
        stats: ["mean", "var", "median", "min", "max", "dmean", "dmean2", "dvar", "dvar2"]
    panning:
        compute: 0
        frameSize: 8192
        hopSize: 2048
        zeroPadding: 8192
        silentFrames: "noise"
        windowType: "hann"
        stats: ["copy"]
    rhythm:
        compute: 1
        maxTempo: 208
        minTempo: 40
        method: "degara"
        stats: ["mean", "var", "median", "min", "max", "dmean", "dmean2", "dvar", "dvar2"]
    segmentation:
        compute: 0
        cpw: 5
        inc1: 300
        inc2: 50
        minimumSegmentsLength: 10
        size1: 1000
        size2: 600
    sfx:
        compute: 1
        stats: ["mean", "var", "median", "min", "max", "dmean", "dmean2", "dvar", "dvar2"]
    svm:
        compute: 0
    tonal:
        compute: 1
        frameSize: 4096
        hopSize: 2048
        zeroPadding: 0
        silentFrames: "noise"
        windowType: "blackmanharris62"
        stats: ["mean", "var", "median", "min", "max", "dmean", "dmean2", "dvar", "dvar2"]

lowlevel:
    average_loudness: 0.953073441982
    barkbands_kurtosis:
        dmean: 0.71373206377
        dmean2: 1.17511117458
        dvar: 1.5523430109
        dvar2: 3.76571750641
        max: 47.9211578369
        mean: -0.503994882107
        median: -0.896637201309
        min: -1.87599384785
        var: 3.27648854256
    barkbands_skewness:
        dmean: 0.418350100517
        dmean2: 0.668276131153
        dvar: 0.200955286622
        dvar2: 0.51310133934
        max: 6.37995433807
        mean: -0.186392441392
        median: -0.310909420252
        min: -2.93985128403
        var: 0.61637699604
    barkbands_spread:
        dmean: 5.66095018387
        dmean2: 9.01204586029
        dvar: 33.916179657
        dvar2: 88.6020736694
        max: 68.1640090942
        mean: 31.3416042328
        median: 30.8397331238
        min: 1.43729174137
        var: 115.33984375
    dissonance:
        dmean: 0.0104948794469
        dmean2: 0.0177518036216
        dvar: 0.000141852899105
        dvar2: 0.000366559223039
        max: 0.500000178814
        mean: 0.480381309986
        median: 0.485871434212
        min: 0.207838609815
        var: 0.000444748729933
    hfc:
        dmean: 3.16033244133
        dmean2: 5.39460229874
        dvar: 23.1396179199
        dvar2: 64.1025390625
        max: 56.3640708923
        mean: 10.2664337158
        median: 10.004822731
        min: 1.27205647778e-016
        var: 36.5915718079
    pitch:
        dmean: 691.262207031
        dmean2: 1323.21166992
        dvar: 1369340
        dvar2: 3497994.75
        max: 4891.16601563
        mean: 1124.94616699
        median: 349.159210205
        min: 65.3602676392
        var: 1937723.125
    pitch_instantaneous_confidence:
        dmean: 0.0780542492867
        dmean2: 0.126766443253
        dvar: 0.00438437610865
        dvar2: 0.0108932927251
        max: 0.931484818459
        mean: 0.366285383701
        median: 0.344635933638
        min: 0.105969130993
        var: 0.0161593426019
    pitch_salience:
        dmean: 0.0634080171585
        dmean2: 0.105493627489
        dvar: 0.00406869873405
        dvar2: 0.0108969602734
        max: 0.911625504494
        mean: 0.657924115658
        median: 0.677119731903
        min: 0.142374560237
        var: 0.00929600279778
    silence_rate_20dB:
        dmean: 0
        dmean2: 0
        dvar: 0
        dvar2: 0
        max: 1
        mean: 1
        median: 1
        min: 1
        var: 0
    silence_rate_30dB:
        dmean: 0
        dmean2: 0
        dvar: 0
        dvar2: 0
        max: 1
        mean: 1
        median: 1
        min: 1
        var: 0
    silence_rate_60dB:
        dmean: 0.0577761158347
        dmean2: 0.115566626191
        dvar: 0.0544354729354
        dvar2: 0.119154267013
        max: 1
        mean: 0.172186255455
        median: 0
        min: 0
        var: 0.142549276352
    spectral_centroid:
        dmean: 313.432861328
        dmean2: 512.643615723
        dvar: 132328.21875
        dvar2: 320501
        max: 11303.2392578
        mean: 1908.21069336
        median: 1935.25805664
        min: 131.518218994
        var: 402718.125
    spectral_complexity:
        dmean: 4.43307161331
        dmean2: 7.26650047302
        dvar: 21.3341388702
        dvar2: 53.8481941223
        max: 53
        mean: 19.6262454987
        median: 21
        min: 0
        var: 100.429626465
    spectral_crest:
        dmean: 1.94877886772
        dmean2: 3.2629597187
        dvar: 4.01811599731
        dvar2: 10.6372051239
        max: 24.347410202
        mean: 6.33717393875
        median: 5.50658035278
        min: 2.39586877823
        var: 7.85226345062
    spectral_decrease:
        dmean: 3.00624886096e-010
        dmean2: 4.91223672849e-010
        dvar: 1.83944056072e-019
        dvar2: 4.87188494483e-019
        max: 1.48930164447e-028
        mean: -1.17733589544e-009
        median: -1.16884180112e-009
        min: -4.97904206753e-009
        var: 3.59853086469e-019
    spectral_energy:
        dmean: 0.0013731198851
        dmean2: 0.00225807027891
        dvar: 3.74304522666e-006
        dvar2: 9.92753302853e-006
        max: 0.0222107004374
        mean: 0.00537473522127
        median: 0.00533552840352
        min: 1.10517477146e-020
        var: 7.40173345548e-006
    spectral_energyband_high:
        dmean: 0.000263456953689
        dmean2: 0.000460637849756
        dvar: 1.89593095001e-007
        dvar2: 5.26524615907e-007
        max: 0.00447000935674
        mean: 0.000546283787116
        median: 0.000475207576528
        min: 7.92854959733e-021
        var: 1.86254709433e-007
    spectral_energyband_low:
        dmean: 0.000247998978011
        dmean2: 0.000390021014027
        dvar: 1.34796835027e-007
        dvar2: 3.00458168567e-007
        max: 0.00590578000993
        mean: 0.00044696740224
        median: 0.00028956058668
        min: 4.29595221193e-023
        var: 2.83099012677e-007
    spectral_energyband_middle_high:
        dmean: 0.000817066291347
        dmean2: 0.0013561201049
        dvar: 1.05347919543e-006
        dvar2: 2.89736976811e-006
        max: 0.013720699586
        mean: 0.00290564517491
        median: 0.00276417005807
        min: 1.42738668185e-021
        var: 3.23323251905e-006
    spectral_energyband_middle_low:
        dmean: 0.000706281512976
        dmean2: 0.00114591571037
        dvar: 1.69168299635e-006
        dvar2: 4.57397072751e-006
        max: 0.0156922731549
        mean: 0.00164757529274
        median: 0.00120413443074
        min: 2.88460861324e-022
        var: 2.41549241764e-006
    spectral_flatness_db:
        dmean: 0.0131942471489
        dmean2: 0.0206259023398
        dvar: 0.000181599461939
        dvar2: 0.000425902864663
        max: 0.440985113382
        mean: 0.132537096739
        median: 0.124561145902
        min: 0.0358296260238
        var: 0.0014269038802
    spectral_flux:
        dmean: 0.00811131950468
        dmean2: 0.0124748982489
        dvar: 9.54897914198e-005
        dvar2: 0.000185606520972
        max: 0.122395284474
        mean: 0.0433055236936
        median: 0.0429375171661
        min: 1.05127295758e-010
        var: 0.000284796726191
    spectral_kurtosis:
        dmean: 1.12892222404
        dmean2: 1.90368831158
        dvar: 24.0782566071
        dvar2: 64.7228622437
        max: 196.567474365
        mean: 3.82882285118
        median: 2.71350431442
        min: -1.31250143051
        var: 75.0690689087
    spectral_rms:
        dmean: 0.000276943814242
        dmean2: 0.000444276520284
        dvar: 1.1123881194e-007
        dvar2: 2.84079732182e-007
        max: 0.0046549947001
        mean: 0.00218846718781
        median: 0.00228153308854
        min: 3.28362489109e-012
        var: 4.54231695812e-007
    spectral_rolloff:
        dmean: 396.728057861
        dmean2: 659.420166016
        dvar: 333290.21875
        dvar2: 751903.9375
        max: 19099.9511719
        mean: 3499.74560547
        median: 3574.51171875
        min: 150.732421875
        var: 972411.4375
    spectral_skewness:
        dmean: 0.1534460783
        dmean2: 0.252296328545
        dvar: 0.0756407603621
        dvar2: 0.205825820565
        max: 11.007897377
        mean: 1.31111049652
        median: 1.22807335854
        min: 0.0178387630731
        var: 0.386445403099
    spectral_spread:
        dmean: 358528.84375
        dmean2: 547180.375
        dvar: 522170990592
        dvar2: 1.00525401702e+012
        max: 52874956
        mean: 4899909.5
        median: 4666737
        min: 472860.125
        var: 3.27185360486e+012
    spectral_strongpeak:
        dmean: 0.49213758111
        dmean2: 0.84815466404
        dvar: 0.472718238831
        dvar2: 1.229190588
        max: 6.52960300446
        mean: 0.758647203445
        median: 0.429550766945
        min: 0
        var: 0.82071852684
    zerocrossingrate:
        dmean: 0.00852683372796
        dmean2: 0.0104141933843
        dvar: 8.8900407718e-005
        dvar2: 0.000112936781079
        max: 0.505859375
        mean: 0.105011165142
        median: 0.10595703125
        min: 0.013671875
        var: 0.000838802661747
    barkbands:
        dmean: [7.95103233031e-007, 6.85106278979e-005, 0.000142873905133, 0.00017620541621, 0.000271716417046, 0.000213009159779, 0.000122287587146, 0.000138859686558, 0.000159342002007, 7.24736892153e-005, 9.19408776099e-005, 8.19567285362e-005, 0.00010872339044, 0.00010200394172, 0.000120669094031, 0.000177384223207, 0.000210048310691, 0.000181686657015, 0.00028750259662, 0.000194830208784, 0.00012460569269, 5.34142054676e-005, 8.432721188e-006, 2.73044634014e-006, 1.01718785572e-006, 4.03529796245e-008, 4.39860703416e-010]
        dmean2: [1.10274015697e-006, 0.000117592040624, 0.000234221457504, 0.000278710911516, 0.000472390034702, 0.000346328393789, 0.000201066330192, 0.000220030080527, 0.000250893208431, 0.000116913608508, 0.000150630570715, 0.000133576977532, 0.000178692513146, 0.000169058621395, 0.000198779758648, 0.000296798360068, 0.000355220545316, 0.000308747636154, 0.000498286739457, 0.000337479577865, 0.000219795983867, 9.39475285122e-005, 1.4095538063e-005, 4.46522562925e-006, 1.63321283253e-006, 6.38084429738e-008, 7.47357675746e-010]
        dvar: [1.88011455363e-012, 1.19496217366e-008, 4.70375809414e-008, 1.17096021768e-007, 7.68549000441e-007, 1.65387049833e-007, 7.47121475797e-008, 9.95003546223e-008, 8.42892262654e-008, 1.96401721553e-008, 2.86207626488e-008, 2.23647536046e-008, 2.99409599336e-008, 3.00291169708e-008, 4.69059955321e-008, 1.19823667433e-007, 1.01181100831e-007, 6.6232445306e-008, 1.57541634849e-007, 8.06020210575e-008, 4.02924094089e-008, 9.29819599094e-009, 1.71140088212e-010, 2.47336821163e-011, 5.3751521463e-012, 1.26391334126e-014, 5.11675935747e-019]
        dvar2: [3.64620226373e-012, 3.40796724174e-008, 1.2149756401e-007, 2.75589343346e-007, 2.1721189114e-006, 4.20781617549e-007, 1.8682177938e-007, 2.43386210741e-007, 1.96098113747e-007, 4.9980251049e-008, 7.52719202524e-008, 5.82697659013e-008, 8.07231756994e-008, 7.90365746184e-008, 1.2304897723e-007, 3.31860462666e-007, 2.76047018133e-007, 1.82718437713e-007, 4.35856350123e-007, 2.24402256777e-007, 1.12711340705e-007, 2.52286191937e-008, 4.26827989619e-010, 5.74698517941e-011, 1.1080551407e-011, 2.6502720713e-014, 1.26831117354e-018]
        max: [1.60554664035e-005, 0.000990917673334, 0.00279688509181, 0.00431699166074, 0.0116757098585, 0.00693824514747, 0.0040528178215, 0.00702301599085, 0.00677674496546, 0.00246326625347, 0.00334232416935, 0.00309627433307, 0.00238409102894, 0.00289097125642, 0.00393409840763, 0.00871970038861, 0.00771421194077, 0.00434409407899, 0.00389017397538, 0.004419692792, 0.00230318820104, 0.00123003707267, 0.000249172037002, 8.49297066452e-005, 8.56222322909e-005, 4.34165394836e-006, 1.65036837529e-008]
        mean: [1.26790303057e-006, 9.45450883592e-005, 0.000207460499951, 0.00023093027994, 0.000324751075823, 0.000374128081603, 0.000176209316123, 0.000219667286729, 0.000282606779365, 0.000113863658044, 0.000154717505211, 0.000145451602293, 0.000209637786611, 0.000192355422769, 0.000220387693844, 0.000340196042089, 0.000399125943659, 0.000368545996025, 0.000560464221053, 0.000408358580898, 0.000237402302446, 8.5993699031e-005, 1.79627568286e-005, 6.42987697574e-006, 2.19713456318e-006, 7.29977571723e-008, 7.14993397821e-010]
        median: [2.35107108892e-007, 6.78695942042e-005, 0.000122425437439, 8.43995221658e-005, 0.000118423471577, 0.000128004103317, 6.21976796538e-005, 7.26233702153e-005, 0.000114256763482, 4.71057646791e-005, 7.42238189559e-005, 5.30991019332e-005, 9.38371522352e-005, 8.80017614691e-005, 0.000122255063616, 0.000218649132876, 0.0002958762052, 0.000302838510834, 0.000497457687743, 0.000364288629498, 0.000199713831535, 6.34997122688e-005, 1.42630215123e-005, 5.09160281581e-006, 1.52382085616e-006, 4.1104385673e-008, 5.09922493119e-010]
        min: [5.46516366478e-024, 1.19645397535e-023, 4.71333662361e-024, 1.91597069379e-023, 3.28160740763e-023, 1.57820601327e-023, 4.13086255713e-023, 2.26045220937e-023, 4.79412639327e-023, 3.68630630488e-023, 2.65028738944e-023, 6.73995626118e-023, 7.91561081436e-023, 7.00206570991e-023, 1.47313109753e-022, 8.95698167772e-023, 1.13217077304e-022, 8.79107791847e-023, 2.25513017505e-022, 2.32853791058e-022, 4.07208863315e-022, 5.15695160703e-022, 5.32813215154e-022, 8.36141214156e-022, 1.0167365422e-021, 1.7058017214e-021, 2.5066500812e-021]
        var: [4.09130238369e-012, 1.15259046751e-008, 6.65228157004e-008, 1.76250338768e-007, 5.67773042803e-007, 3.65956537962e-007, 1.10289626321e-007, 2.33185076581e-007, 2.48763598165e-007, 3.46756117153e-008, 5.43585265689e-008, 5.3701935343e-008, 7.42691881328e-008, 7.35139167318e-008, 9.99394416112e-008, 2.42222796487e-007, 1.74350248017e-007, 1.05296862785e-007, 1.85149360732e-007, 9.81075203299e-008, 3.87015752779e-008, 8.39953351317e-009, 2.62349114655e-010, 4.3272760375e-011, 9.65485070364e-012, 1.99001547933e-014, 7.43981907663e-019]
    frequency_bands:
        dmean: [7.95103233031e-007, 6.85106278979e-005, 0.000142873905133, 0.00017620541621, 0.000271716417046, 0.000213009159779, 0.000122287587146, 0.000138859686558, 0.000159342002007, 7.24736892153e-005, 9.19408776099e-005, 8.19567285362e-005, 0.00010872339044, 0.00010200394172, 0.000120669094031, 0.000177384223207, 0.000210048310691, 0.000181686657015, 0.00028750259662, 0.000194830208784, 0.00012460569269, 5.34142054676e-005, 8.432721188e-006, 2.73044634014e-006, 1.01718785572e-006, 4.03529796245e-008, 4.39860703416e-010, 6.39914995992e-011]
        dmean2: [1.10274015697e-006, 0.000117592040624, 0.000234221457504, 0.000278710911516, 0.000472390034702, 0.000346328393789, 0.000201066330192, 0.000220030080527, 0.000250893208431, 0.000116913608508, 0.000150630570715, 0.000133576977532, 0.000178692513146, 0.000169058621395, 0.000198779758648, 0.000296798360068, 0.000355220545316, 0.000308747636154, 0.000498286739457, 0.000337479577865, 0.000219795983867, 9.39475285122e-005, 1.4095538063e-005, 4.46522562925e-006, 1.63321283253e-006, 6.38084429738e-008, 7.47357675746e-010, 1.18706794394e-010]
        dvar: [1.88011455363e-012, 1.19496217366e-008, 4.70375809414e-008, 1.17096021768e-007, 7.68549000441e-007, 1.65387049833e-007, 7.47121475797e-008, 9.95003546223e-008, 8.42892262654e-008, 1.96401721553e-008, 2.86207626488e-008, 2.23647536046e-008, 2.99409599336e-008, 3.00291169708e-008, 4.69059955321e-008, 1.19823667433e-007, 1.01181100831e-007, 6.6232445306e-008, 1.57541634849e-007, 8.06020210575e-008, 4.02924094089e-008, 9.29819599094e-009, 1.71140088212e-010, 2.47336821163e-011, 5.3751521463e-012, 1.26391334126e-014, 5.11675935747e-019, 8.89539287085e-021]
        dvar2: [3.64620226373e-012, 3.40796724174e-008, 1.2149756401e-007, 2.75589343346e-007, 2.1721189114e-006, 4.20781617549e-007, 1.8682177938e-007, 2.43386210741e-007, 1.96098113747e-007, 4.9980251049e-008, 7.52719202524e-008, 5.82697659013e-008, 8.07231756994e-008, 7.90365746184e-008, 1.2304897723e-007, 3.31860462666e-007, 2.76047018133e-007, 1.82718437713e-007, 4.35856350123e-007, 2.24402256777e-007, 1.12711340705e-007, 2.52286191937e-008, 4.26827989619e-010, 5.74698517941e-011, 1.1080551407e-011, 2.6502720713e-014, 1.26831117354e-018, 2.8643174043e-020]
        max: [1.60554664035e-005, 0.000990917673334, 0.00279688509181, 0.00431699166074, 0.0116757098585, 0.00693824514747, 0.0040528178215, 0.00702301599085, 0.00677674496546, 0.00246326625347, 0.00334232416935, 0.00309627433307, 0.00238409102894, 0.00289097125642, 0.00393409840763, 0.00871970038861, 0.00771421194077, 0.00434409407899, 0.00389017397538, 0.004419692792, 0.00230318820104, 0.00123003707267, 0.000249172037002, 8.49297066452e-005, 8.56222322909e-005, 4.34165394836e-006, 1.65036837529e-008, 1.36723987687e-009]
        mean: [1.26790303057e-006, 9.45450883592e-005, 0.000207460499951, 0.00023093027994, 0.000324751075823, 0.000374128081603, 0.000176209316123, 0.000219667286729, 0.000282606779365, 0.000113863658044, 0.000154717505211, 0.000145451602293, 0.000209637786611, 0.000192355422769, 0.000220387693844, 0.000340196042089, 0.000399125943659, 0.000368545996025, 0.000560464221053, 0.000408358580898, 0.000237402302446, 8.5993699031e-005, 1.79627568286e-005, 6.42987697574e-006, 2.19713456318e-006, 7.29977571723e-008, 7.14993397821e-010, 4.97936275545e-011]
        median: [2.35107108892e-007, 6.78695942042e-005, 0.000122425437439, 8.43995221658e-005, 0.000118423471577, 0.000128004103317, 6.21976796538e-005, 7.26233702153e-005, 0.000114256763482, 4.71057646791e-005, 7.42238189559e-005, 5.30991019332e-005, 9.38371522352e-005, 8.80017614691e-005, 0.000122255063616, 0.000218649132876, 0.0002958762052, 0.000302838510834, 0.000497457687743, 0.000364288629498, 0.000199713831535, 6.34997122688e-005, 1.42630215123e-005, 5.09160281581e-006, 1.52382085616e-006, 4.1104385673e-008, 5.09922493119e-010, 1.92795987508e-011]
        min: [5.46516366478e-024, 1.19645397535e-023, 4.71333662361e-024, 1.91597069379e-023, 3.28160740763e-023, 1.57820601327e-023, 4.13086255713e-023, 2.26045220937e-023, 4.79412639327e-023, 3.68630630488e-023, 2.65028738944e-023, 6.73995626118e-023, 7.91561081436e-023, 7.00206570991e-023, 1.47313109753e-022, 8.95698167772e-023, 1.13217077304e-022, 8.79107791847e-023, 2.25513017505e-022, 2.32853791058e-022, 4.07208863315e-022, 5.15695160703e-022, 5.32813215154e-022, 8.36141214156e-022, 1.0167365422e-021, 1.7058017214e-021, 2.5066500812e-021, 7.53393819896e-022]
        var: [4.09130238369e-012, 1.15259046751e-008, 6.65228157004e-008, 1.76250338768e-007, 5.67773042803e-007, 3.65956537962e-007, 1.10289626321e-007, 2.33185076581e-007, 2.48763598165e-007, 3.46756117153e-008, 5.43585265689e-008, 5.3701935343e-008, 7.42691881328e-008, 7.35139167318e-008, 9.99394416112e-008, 2.42222796487e-007, 1.74350248017e-007, 1.05296862785e-007, 1.85149360732e-007, 9.81075203299e-008, 3.87015752779e-008, 8.39953351317e-009, 2.62349114655e-010, 4.3272760375e-011, 9.65485070364e-012, 1.99001547933e-014, 7.43981907663e-019, 6.89383066156e-021]
    mfcc:
        mean: [-691.390808105, 85.3733062744, -47.9608001709, 47.4655952454, -14.0949659348, 0.557915329933, -2.98917365074, -1.91176664829, -2.45978951454, -1.34328746796, -3.00642991066, -1.14791405201, -2.85181975365]
        cov: [[7797.74462891, 611.184875488, -938.756103516, 909.38848877, -176.721191406, 162.420135498, -24.1959075928, 28.9851207733, 35.0736732483, 84.3497772217, 35.8437271118, 45.3033218384, 28.2436466217], [611.184875488, 619.587890625, -87.0022354126, -24.332447052, -57.3215065002, -49.4768486023, -22.8863315582, -26.3616485596, -32.8476715088, -27.3640537262, -17.7356243134, -2.16324448586, -11.1317195892], [-938.756103516, -87.0022354126, 476.1121521, 66.4110794067, 25.8083114624, -56.0588378906, -13.9932775497, 22.5586948395, 9.57650756836, -4.94900178909, -2.6124997139, -18.0526123047, -3.34733915329], [909.38848877, -24.332447052, 66.4110794067, 437.179473877, 60.079120636, 36.236656189, -7.83393335342, 41.7506141663, 60.1141815186, 44.0404777527, 20.3339576721, 12.3779459, 20.3717079163], [-176.721191406, -57.3215065002, 25.8083114624, 60.079120636, 169.303741455, 92.5891113281, 39.9540061951, 20.4568157196, 31.356420517, 27.9585914612, 15.6009168625, 13.5691375732, 4.66419553757], [162.420135498, -49.4768486023, -56.0588378906, 36.236656189, 92.5891113281, 177.17666626, 117.408843994, 39.4765548706, 14.3726406097, 20.9063034058, 20.1155872345, 14.6846065521, 1.53221690655], [-24.1959075928, -22.8863315582, -13.9932775497, -7.83393335342, 39.9540061951, 117.408843994, 166.292816162, 71.7397232056, 21.534160614, 7.23116445541, 9.62510681152, 15.2089357376, 2.19805407524], [28.9851207733, -26.3616485596, 22.5586948395, 41.7506141663, 20.4568157196, 39.4765548706, 71.7397232056, 111.168037415, 66.8664855957, 28.9655208588, 6.56441831589, 16.8692016602, 12.5412626266], [35.0736732483, -32.8476715088, 9.57650756836, 60.1141815186, 31.356420517, 14.3726406097, 21.534160614, 66.8664855957, 106.647460938, 63.4563522339, 13.6820440292, 3.31100964546, 5.45255374908], [84.3497772217, -27.3640537262, -4.94900178909, 44.0404777527, 27.9585914612, 20.9063034058, 7.23116445541, 28.9655208588, 63.4563522339, 102.105453491, 45.4993095398, 10.5470428467, 0.573860824108], [35.8437271118, -17.7356243134, -2.6124997139, 20.3339576721, 15.6009168625, 20.1155872345, 9.62510681152, 6.56441831589, 13.6820440292, 45.4993095398, 67.2053604126, 33.7944259644, 6.67957305908], [45.3033218384, -2.16324448586, -18.0526123047, 12.3779459, 13.5691375732, 14.6846065521, 15.2089357376, 16.8692016602, 3.31100964546, 10.5470428467, 33.7944259644, 65.0093460083, 33.7962303162], [28.2436466217, -11.1317195892, -3.34733915329, 20.3717079163, 4.66419553757, 1.53221690655, 2.19805407524, 12.5412626266, 5.45255374908, 0.573860824108, 6.67957305908, 33.7962303162, 58.9088859558]]
        icov: [[0.000391998473788, -0.000276768492768, 0.000768845318817, -0.0010135655757, 0.000780622125603, -0.000553052639589, 0.000308233138639, -0.000259048771113, 0.000357669719961, -0.000240781824687, 0.000104702950921, -1.18107964227e-005, 0.000114324553579], [-0.000276768492768, 0.00196399795823, -0.000158282069606, 0.000569318479393, -0.000371419708245, 0.00112677237485, -0.00059052213328, 0.000266941991867, 0.000176650806679, 0.000107715226477, 0.000375165749574, -0.000469444639748, 0.000472635612823], [0.000768845318817, -0.000158282069606, 0.00418619671836, -0.00245265616104, 0.000125068632769, 0.00141304614954, -0.000269748386927, -0.00173549063038, 0.00171667872928, -4.61622003058e-005, -0.00094493094366, 0.00165876653045, 1.74521119334e-005], [-0.0010135655757, 0.000569318479393, -0.00245265616104, 0.00542167015374, -0.00226748664863, 2.54129827226e-005, 0.000799446890596, -5.87449248997e-005, -0.00204475712962, 0.000662688282318, -0.000680836557876, 0.00025314380764, -0.00114441895857], [0.000780622125603, -0.000371419708245, 0.000125068632769, -0.00226748664863, 0.0117844780907, -0.00846158713102, 0.00299652735703, 0.00149961235002, -0.00275555532426, -0.000677724019624, 0.0017720926553, -0.0028734668158, 0.000911995419301], [-0.000553052639589, 0.00112677237485, 0.00141304614954, 2.54129827226e-005, -0.00846158713102, 0.0191232264042, -0.0121143748984, 0.000953902897891, 0.00323028839193, -0.0014146855101, -0.00229475740343, 0.00229378347285, -0.000369874178432], [0.000308233138639, -0.00059052213328, -0.000269748386927, 0.000799446890596, 0.00299652735703, -0.0121143748984, 0.0177119672298, -0.00938976556063, 0.00134029111359, 0.00172378949355, -0.00039766394184, -0.000853242003359, 0.00125855859369], [-0.000259048771113, 0.000266941991867, -0.00173549063038, -5.87449248997e-005, 0.00149961235002, 0.000953902897891, -0.00938976556063, 0.0240440089256, -0.0145898396149, 0.00162936421111, 0.00339625100605, -0.00588401593268, -0.00049049849622], [0.000357669719961, 0.000176650806679, 0.00171667872928, -0.00204475712962, -0.00275555532426, 0.00323028839193, 0.00134029111359, -0.0145898396149, 0.0275628846139, -0.0144147882238, 0.00406854692847, 0.00320402253419, -0.000853489444125], [-0.000240781824687, 0.000107715226477, -4.61622003058e-005, 0.000662688282318, -0.000677724019624, -0.0014146855101, 0.00172378949355, 0.00162936421111, -0.0144147882238, 0.0255338009447, -0.0168004911393, 0.00520764803514, -0.000413924310124], [0.000104702950921, 0.000375165749574, -0.00094493094366, -0.000680836557876, 0.0017720926553, -0.00229475740343, -0.00039766394184, 0.00339625100605, 0.00406854692847, -0.0168004911393, 0.0350379049778, -0.0200181528926, 0.00671230442822], [-1.18107964227e-005, -0.000469444639748, 0.00165876653045, 0.00025314380764, -0.0028734668158, 0.00229378347285, -0.000853242003359, -0.00588401593268, 0.00320402253419, 0.00520764803514, -0.0200181528926, 0.0360226146877, -0.0173677485436], [0.000114324553579, 0.000472635612823, 1.74521119334e-005, -0.00114441895857, 0.000911995419301, -0.000369874178432, 0.00125855859369, -0.00049049849622, -0.000853489444125, -0.000413924310124, 0.00671230442822, -0.0173677485436, 0.0266873650253]]
    sccoeffs:
        dmean: [0.0555351600051, 0.0486491099, 0.039162017405, 0.0307041108608, 0.0193847659975, 0.0171589646488]
        dmean2: [0.0905313789845, 0.0807046890259, 0.0643972679973, 0.0505105294287, 0.0321614295244, 0.0284595265985]
        dvar: [0.00237695500255, 0.00165471830405, 0.00101803324651, 0.000625117507298, 0.000253722304478, 0.000262553046923]
        dvar2: [0.00616182992235, 0.0042858524248, 0.0026888474822, 0.00165413238574, 0.000663164304569, 0.000695748894941]
        max: [-0.289064615965, -0.410630077124, -0.531205534935, -0.569688379765, -0.589150011539, -0.628728330135]
        mean: [-0.678829431534, -0.741338133812, -0.771003484726, -0.784373283386, -0.800330400467, -0.744448781013]
        median: [-0.68651664257, -0.748848617077, -0.773975968361, -0.787261247635, -0.800353884697, -0.739805698395]
        min: [-0.964412689209, -0.96959322691, -0.968151688576, -0.962834179401, -0.965287089348, -0.962543189526]
        var: [0.00750890746713, 0.00674480665475, 0.00400432478637, 0.00257917260751, 0.0010266143363, 0.00139365647919]
    scvalleys:
        dmean: [0.363649040461, 0.363388121128, 0.311269521713, 0.261325508356, 0.239285990596, 0.212623298168]
        dmean2: [0.592803359032, 0.600177764893, 0.498364716768, 0.417200088501, 0.387887179852, 0.327840268612]
        dvar: [0.134247854352, 0.131563201547, 0.11233843863, 0.0992468073964, 0.110739164054, 0.0911564603448]
        dvar2: [0.27555629611, 0.285832881927, 0.217158079147, 0.189033448696, 0.224368304014, 0.17436465621]
        max: [-5.30364513397, -4.59339332581, -5.14469003677, -5.39890432358, -5.31084251404, -7.67873573303]
        mean: [-7.08953952789, -6.7787322998, -7.04618215561, -7.05360221863, -6.87998199463, -9.44317722321]
        median: [-6.63809967041, -6.53324794769, -6.84746360779, -6.78112125397, -6.50750732422, -9.13172626495]
        min: [-27.7768363953, -27.641960144, -27.3318252563, -27.3725891113, -27.2870063782, -27.2554092407]
        var: [3.32402348518, 2.39659643173, 2.21767354012, 2.39987802505, 2.5117161274, 2.30701851845]

rhythm:
    beats_loudness:
        dmean: 0.00217159837484
        dmean2: 0.00376292783767
        dvar: 2.29285001296e-006
        dvar2: 6.63910896037e-006
        max: 0.0126669164747
        mean: 0.00603614235297
        median: 0.0060370946303
        min: 1.89470054229e-012
        var: 5.88523107581e-006
    bpm: 108.293258667
    bpm_confidence: 0
    first_peak_bpm: 108
    first_peak_spread: 0.487684756517
    first_peak_weight: 0.278074860573
    onset_rate: 3.08373785019
    second_peak_bpm: 144
    second_peak_spread: 0.390410929918
    second_peak_weight: 0.237967908382
    beats_loudness_band_ratio:
        dmean: [0.165766015649, 0.161505490541, 0.0966534763575, 0.086777806282, 0.112992301583, 0.0872856378555]
        dmean2: [0.284090846777, 0.287942141294, 0.169198945165, 0.150277763605, 0.198722019792, 0.15289875865]
        dvar: [0.0148462979123, 0.0148536674678, 0.00893200468272, 0.00808603689075, 0.00974311400205, 0.00687493057922]
        dvar2: [0.042027387768, 0.0376851409674, 0.0237671546638, 0.0217127371579, 0.0270218625665, 0.0188644938171]
        max: [0.745508313179, 0.734152376652, 0.617630004883, 0.582137167454, 0.670734524727, 0.693147003651]
        mean: [0.20614208281, 0.159438028932, 0.131576165557, 0.123312793672, 0.230856180191, 0.196827471256]
        median: [0.185125529766, 0.0955967828631, 0.0934526696801, 0.0813430175185, 0.215593189001, 0.183406189084]
        min: [0, 0, 0, 0, 0, 0]
        var: [0.023353131488, 0.0230946298689, 0.0122975604609, 0.0109154107049, 0.0146081047133, 0.00923065841198]
    beats_position: [0.568888902664, 1.16099774837, 1.72988653183, 2.28716540337, 2.85605430603, 3.43655323982, 4.00544214249, 4.58594083786, 5.15482997894, 5.71210861206, 6.28099775314, 6.83827638626, 7.40716552734, 7.97605419159, 8.54494285583, 9.11383247375, 9.69433116913, 10.2632198334, 10.8204984665, 11.3777770996, 11.9350566864, 12.4923353195, 13.0496139526, 13.6068935394, 14.1641721725, 14.7098407745, 15.2555103302, 15.8011789322, 16.3468475342, 16.8925170898, 17.4381847382, 17.995464325, 18.5527439117, 19.1100215912, 19.667301178, 20.2245807648, 20.7702484131, 21.3275279999, 21.8731975555, 22.430475235, 22.9877548218, 23.5334243774, 24.0790920258, 24.6363716125, 25.1820411682, 25.7277088165, 26.2849884033, 26.8422679901, 27.3879356384, 27.9452152252, 28.4908847809, 29.0481624603, 29.593832016, 30.1511096954, 30.6967792511, 31.2540588379, 31.8113365173, 32.3686180115, 32.9258956909, 33.4715652466, 34.0172348022, 34.5629005432, 35.1085700989, 35.6658477783, 36.211517334, 36.7571868896, 37.3144645691, 37.8601341248, 38.4058036804, 38.9630813599, 39.520362854, 40.0776405334, 40.6349182129, 41.1805877686, 41.7262573242, 42.2835350037, 42.8408164978, 43.3864860535, 43.9321517944, 44.4662132263, 44.8493423462, 45.2324714661, 45.6156005859, 46.0219497681, 46.439907074, 46.8462562561, 47.2526054382, 47.6705665588, 48.0885238647, 48.5064849854, 48.9244422913, 49.3307914734, 49.7371406555, 50.1551017761, 50.573059082, 50.9910202026, 51.3973693848, 51.8037185669, 52.2216758728, 52.6396369934, 53.0459861755, 53.4523353577, 53.8702926636, 54.2882537842, 54.7062110901, 55.1241722107, 55.5421295166, 55.9484786987, 56.3548278809, 56.7727890015, 57.1907463074, 57.608707428, 58.0150566101, 58.4214057922, 58.8393630981, 59.2573242188, 59.6752815247, 60.0932426453, 60.4995918274, 60.9059410095, 61.3238983154, 61.741859436, 62.1598167419, 62.5661659241, 62.9725151062, 63.3904762268, 63.8084335327, 64.2263946533, 64.6675720215, 65.1087493896, 65.6892471313, 66.2697525024, 66.8270263672, 67.3843078613, 67.9415893555, 68.4988632202, 69.0561447144, 69.60181427, 70.1590881348, 70.7047576904, 71.2620391846, 71.8077087402, 72.3533782959, 72.91065979, 73.4679336548, 74.0136032104, 74.5592727661, 75.1049423218, 75.6622238159, 76.2078933716, 76.7767791748, 77.3340606689, 77.8797302246, 78.4370040894, 78.982673645, 79.5283432007, 80.0856246948, 80.6312942505, 81.1769561768, 81.7342376709, 82.2799072266, 82.8255767822, 83.3828582764, 83.9401321411, 84.4974136353, 85.0430831909, 85.5887527466, 86.1460266113, 86.7033081055, 87.2489776611, 87.7946472168, 88.3519287109, 88.9092025757, 89.4548721313, 90.0121536255, 90.5578231812, 91.1150970459, 91.6839904785, 92.2528762817, 92.8217697144, 93.4022674561, 93.8434448242, 94.2730178833, 94.702583313, 95.1321487427, 95.5617218018, 96.0028991699, 96.4556884766, 96.8968658447, 97.3148269653, 97.7327880859, 98.1507492065, 98.5570983887, 98.9750518799, 99.3930130005, 99.8109741211, 100.228935242, 100.635284424, 101.053237915, 101.471199036, 101.889160156, 102.295509338, 102.701858521, 103.119819641, 103.526168823, 103.932518005, 104.350471497, 104.768432617, 105.186393738, 105.604354858, 106.02230835, 106.428657532, 106.846618652, 107.252967834, 107.670928955, 108.088890076, 108.495239258, 108.90158844, 109.319541931, 109.737503052, 110.155464172, 110.561813354, 110.968162537, 111.386123657, 111.804077148, 112.222038269, 112.63999939, 113.046348572, 113.464309692, 113.870658875, 114.288612366, 114.706573486, 115.124534607, 115.530883789, 115.937232971, 116.355194092, 116.773147583, 117.191108704, 117.609069824, 118.015419006, 118.421768188, 118.839729309, 119.2576828, 119.675643921, 120.093605042, 120.499954224, 120.906303406, 121.324264526, 121.742218018, 122.1485672, 122.554916382, 122.972877502, 123.390838623, 123.808792114, 124.226753235, 124.644714355, 125.051063538, 125.469024658, 125.87537384, 126.293327332, 126.711288452, 127.129249573, 127.535598755, 127.941947937, 128.359909058, 128.777862549, 129.195831299, 129.602172852, 130.008529663, 130.426483154, 130.832824707, 131.262405396, 131.680358887, 132.086715698, 132.493057251, 132.911010742, 133.328979492, 133.735321045, 134.141677856, 134.559631348, 134.977600098, 135.395553589, 135.81350708, 136.23147583, 136.66104126, 137.090606689, 137.531784058, 137.972961426, 138.553466797, 139.110748291, 139.668029785, 140.225296021, 140.770965576, 141.316635132, 141.873916626, 142.43119812, 142.988479614, 143.53414917, 144.079818726, 144.63710022, 145.182769775, 145.740036011, 146.285705566, 146.842987061, 147.388656616, 147.934326172, 148.491607666, 149.04888916, 149.606170654, 150.15184021, 150.697509766, 151.254776001, 151.800445557, 152.346115112, 152.903396606, 153.460678101, 154.017959595, 154.56362915, 155.120910645, 155.6665802, 156.223846436, 156.769515991, 157.326797485, 157.872467041, 158.429748535, 158.987030029, 159.532699585, 160.078369141, 160.624038696, 161.169708252, 161.726974487, 162.284255981, 162.841537476, 163.387207031, 163.932876587, 164.490158081, 165.047439575, 165.593109131, 166.150375366, 166.696044922, 167.253326416, 167.81060791, 168.356277466, 168.901947021, 169.459228516, 170.01651001, 170.573776245, 171.119445801, 171.676727295, 172.222396851, 172.768066406, 173.313735962, 173.871017456, 174.416687012, 174.973968506, 175.53125, 176.076919556, 176.634185791, 177.191467285, 177.737136841, 178.282806396, 178.840087891, 179.397369385, 179.954650879, 180.511917114, 181.069198608, 181.626480103, 182.183761597, 182.752655029, 183.26348877, 183.77432251, 184.285171509, 184.796005249, 185.306838989, 185.817687988]
    bpm_estimates: [105.468772888, 107.666023254, 105.46875, 103.359359741, 105.46875, 103.359405518, 105.468704224, 107.666069031, 105.468704224, 107.666069031, 105.468704224, 105.468788147, 105.468788147, 105.468612671, 103.359405518, 105.468788147, 107.666069031, 107.666069031, 107.665885925, 107.666069031, 107.666069031, 107.665885925, 107.666069031, 109.956848145, 109.95665741, 109.956848145, 109.956848145, 109.95665741, 109.957038879, 107.665885925, 107.665885925, 107.666252136, 107.665885925, 107.665885925, 109.957038879, 107.665885925, 109.95665741, 107.666252136, 107.665885925, 109.95665741, 109.957038879, 107.665885925, 109.95665741, 109.957038879, 107.665885925, 107.665885925, 109.957038879, 107.665885925, 109.95665741, 107.666252136, 109.95665741, 107.666252136, 109.95665741, 107.665885925, 107.666252136, 107.665519714, 107.666252136, 109.95665741, 109.95665741, 109.957427979, 109.95665741, 107.666252136, 109.95665741, 109.95665741, 107.666252136, 109.95665741, 109.95665741, 107.666252136, 107.665519714, 107.666252136, 107.666252136, 109.95665741, 109.95665741, 107.666252136, 107.665519714, 109.95665741, 109.957427979, 112.346626282, 103.359573364, 103.358215332, 107.666992188, 107.665519714, 107.665519714, 107.666992188, 107.665519714, 109.95665741, 107.666992188, 109.95665741, 107.665519714, 109.95665741, 109.95665741, 107.665519714, 107.666992188, 109.95665741, 109.95665741, 109.95665741, 107.665519714, 109.95665741, 105.469322205, 107.665519714, 109.95665741, 107.666992188, 109.95665741, 109.95665741, 107.665519714, 109.95665741, 109.958190918, 107.665519714, 109.95665741, 109.95665741, 107.665519714, 107.666992188, 107.665519714, 109.95665741, 109.95665741, 107.666992188, 107.665519714, 109.95665741, 109.95665741, 107.665519714, 107.666992188, 109.95665741, 107.665519714, 109.95665741, 107.666992188, 105.467910767, 105.469322205, 105.467910767, 103.359573364, 103.358215332, 107.665519714, 107.665519714, 107.668464661, 109.95665741, 109.95665741, 107.665519714, 107.665519714, 107.665519714, 109.95665741, 109.95665741, 107.665519714, 109.95665741, 107.668464661, 109.95665741, 107.665519714, 109.95665741, 109.95665741, 107.665519714, 107.665519714, 107.665519714, 109.95665741, 109.95665741, 107.668464661, 109.95665741, 109.95665741, 107.665519714, 107.665519714, 107.665519714, 109.95665741, 107.665519714, 109.95665741, 107.668464661, 109.95665741, 107.665519714, 109.95665741, 107.665519714, 107.665519714, 109.95665741, 109.95665741, 109.95665741, 109.95665741, 107.668464661, 107.665519714, 107.665519714, 109.95665741, 109.95665741, 107.665519714, 107.665519714, 109.95665741, 107.668464661, 109.95665741, 107.665519714, 107.665519714, 109.95665741, 109.95665741, 107.665519714, 107.665519714, 107.668464661, 109.95665741, 107.665519714, 109.95665741, 109.95665741, 109.95665741, 107.665519714, 109.95665741, 107.665519714, 107.665519714, 109.95665741, 107.668464661, 107.665519714, 109.95665741, 109.95665741, 107.665519714, 107.665519714, 107.665519714, 107.668464661, 107.665519714, 107.665519714, 107.665519714, 105.467910767]
