
metadata:
    version:
        essentia: "2.1-beta2"
    audio_properties:
        analysis_sample_rate: 44100
        bitrate: 320
        channels: 2
        equal_loudness: 1
        length: 205.296325684
        replay_gain: -14.3909606934
        downmix: "mix"
    tags:
        album: "Incomparable"
        artist: "Dead By April"
        comment: "-=Titan=-"
        date: "2011"
        genre: "Modern Metal"
        title: "Within My Heart"
        tracknumber: "3"

configuration:
    average_loudness:
        compute: 1
        frameSize: 88200
        hopSize: 44100
        silentFrames: "noise"
        windowType: "hann"
    general:
        analysisSampleRate: 44100
        endTime: 2000
        equalLoudness: 1
        nequalLoudness: 0
        shortSound: 0
        startTime: 0
    lowlevel:
        compute: 1
        frameSize: 2048
        hopSize: 1024
        zeroPadding: 0
        silentFrames: "noise"
        windowType: "blackmanharris62"
        mfccStats: ["mean", "cov", "icov"]
        stats: ["mean", "var", "median", "min", "max", "dmean", "dmean2", "dvar", "dvar2"]
    panning:
        compute: 0
        frameSize: 8192
        hopSize: 2048
        zeroPadding: 8192
        silentFrames: "noise"
        windowType: "hann"
        stats: ["copy"]
    rhythm:
        compute: 1
        maxTempo: 208
        minTempo: 40
        method: "degara"
        stats: ["mean", "var", "median", "min", "max", "dmean", "dmean2", "dvar", "dvar2"]
    segmentation:
        compute: 0
        cpw: 5
        inc1: 300
        inc2: 50
        minimumSegmentsLength: 10
        size1: 1000
        size2: 600
    sfx:
        compute: 1
        stats: ["mean", "var", "median", "min", "max", "dmean", "dmean2", "dvar", "dvar2"]
    svm:
        compute: 0
    tonal:
        compute: 1
        frameSize: 4096
        hopSize: 2048
        zeroPadding: 0
        silentFrames: "noise"
        windowType: "blackmanharris62"
        stats: ["mean", "var", "median", "min", "max", "dmean", "dmean2", "dvar", "dvar2"]

lowlevel:
    average_loudness: 0.92675191164
    barkbands_kurtosis:
        dmean: 0.69211357832
        dmean2: 1.14764070511
        dvar: 0.961618423462
        dvar2: 2.40314078331
        max: 22.5443782806
        mean: -0.58060503006
        median: -0.869657874107
        min: -1.87246012688
        var: 1.39358687401
    barkbands_skewness:
        dmean: 0.408453434706
        dmean2: 0.65467184782
        dvar: 0.151522353292
        dvar2: 0.379876703024
        max: 3.93235254288
        mean: -0.328678131104
        median: -0.374895662069
        min: -4.51100683212
        var: 0.466476112604
    barkbands_spread:
        dmean: 5.98762798309
        dmean2: 9.58271312714
        dvar: 31.2382736206
        dvar2: 79.9970855713
        max: 76.2193603516
        mean: 31.423915863
        median: 31.0778198242
        min: 3.25057864189
        var: 116.494804382
    dissonance:
        dmean: 0.0127931041643
        dmean2: 0.021742189303
        dvar: 0.000212472048588
        dvar2: 0.00059680751292
        max: 0.500000059605
        mean: 0.478460252285
        median: 0.485234558582
        min: 0.274378657341
        var: 0.000538534193765
    hfc:
        dmean: 3.41004824638
        dmean2: 5.71622228622
        dvar: 22.6395111084
        dvar2: 60.6985855103
        max: 57.0758628845
        mean: 10.026515007
        median: 9.45487976074
        min: 1.21343147462e-016
        var: 43.6539878845
    pitch:
        dmean: 785.605041504
        dmean2: 1490.00683594
        dvar: 1533095.5
        dvar2: 3629676.75
        max: 5185.36865234
        mean: 1341.18261719
        median: 399.564575195
        min: 58.2173309326
        var: 2206798.5
    pitch_instantaneous_confidence:
        dmean: 0.0917163342237
        dmean2: 0.149415656924
        dvar: 0.0065505951643
        dvar2: 0.0157301519066
        max: 0.935076415539
        mean: 0.386394143105
        median: 0.359070897102
        min: 0.12640273571
        var: 0.0211374349892
    pitch_salience:
        dmean: 0.0641089901328
        dmean2: 0.105443805456
        dvar: 0.0033512043301
        dvar2: 0.00873580295593
        max: 0.889167070389
        mean: 0.658255815506
        median: 0.671414315701
        min: 0.197513103485
        var: 0.00796489790082
    silence_rate_20dB:
        dmean: 0
        dmean2: 0
        dvar: 0
        dvar2: 0
        max: 1
        mean: 1
        median: 1
        min: 1
        var: 0
    silence_rate_30dB:
        dmean: 0
        dmean2: 0
        dvar: 0
        dvar2: 0
        max: 1
        mean: 1
        median: 1
        min: 1
        var: 0
    silence_rate_60dB:
        dmean: 0.08527482301
        dmean2: 0.170568943024
        dvar: 0.0779993608594
        dvar2: 0.174714967608
        max: 1
        mean: 0.257944136858
        median: 0
        min: 0
        var: 0.191406428814
    spectral_centroid:
        dmean: 313.842376709
        dmean2: 506.676177979
        dvar: 103687.3125
        dvar2: 255492.921875
        max: 10643.1767578
        mean: 2015.95703125
        median: 2030.15185547
        min: 402.159088135
        var: 328255.40625
    spectral_complexity:
        dmean: 4.89866542816
        dmean2: 7.98529577255
        dvar: 26.0698127747
        dvar2: 64.158454895
        max: 57
        mean: 17.8204231262
        median: 18
        min: 0
        var: 95.4389648438
    spectral_crest:
        dmean: 1.88190066814
        dmean2: 3.1280105114
        dvar: 3.22891068459
        dvar2: 8.13358306885
        max: 23.0428771973
        mean: 6.20809459686
        median: 5.54024648666
        min: 2.43156433105
        var: 6.52591085434
    spectral_decrease:
        dmean: 3.25139470903e-010
        dmean2: 5.24405463498e-010
        dvar: 2.02801525141e-019
        dvar2: 5.29985165016e-019
        max: -9.38482249814e-029
        mean: -1.05233055603e-009
        median: -1.0127595429e-009
        min: -5.39169731084e-009
        var: 3.97405638713e-019
    spectral_energy:
        dmean: 0.00149657961447
        dmean2: 0.00242264033295
        dvar: 4.19825346398e-006
        dvar2: 1.09984694063e-005
        max: 0.023128785193
        mean: 0.00488117244095
        median: 0.00469535123557
        min: 1.13603717092e-020
        var: 8.47272531246e-006
    spectral_energyband_high:
        dmean: 0.000286795577267
        dmean2: 0.000493781932164
        dvar: 2.09916265703e-007
        dvar2: 5.74110856633e-007
        max: 0.00740422075614
        mean: 0.000589990348089
        median: 0.000507042685058
        min: 8.19890679508e-021
        var: 2.71578329603e-007
    spectral_energyband_low:
        dmean: 0.000228451463045
        dmean2: 0.000374996801838
        dvar: 1.21228822536e-007
        dvar2: 2.98520802744e-007
        max: 0.00449747638777
        mean: 0.000390598201193
        median: 0.00029597786488
        min: 5.66237542009e-023
        var: 1.94342874238e-007
    spectral_energyband_middle_high:
        dmean: 0.00088653160492
        dmean2: 0.00145058974158
        dvar: 1.0749224657e-006
        dvar2: 2.7500784654e-006
        max: 0.0134022133425
        mean: 0.00276849488728
        median: 0.0025827952195
        min: 1.74898172067e-021
        var: 3.23297786053e-006
    spectral_energyband_middle_low:
        dmean: 0.000669647706673
        dmean2: 0.00109605037142
        dvar: 1.44448529227e-006
        dvar2: 3.86564897781e-006
        max: 0.015322455205
        mean: 0.00124713859987
        median: 0.000860784610268
        min: 4.84105888397e-022
        var: 1.77320066541e-006
    spectral_flatness_db:
        dmean: 0.013217841275
        dmean2: 0.0205905213952
        dvar: 0.000161706906511
        dvar2: 0.000371006666683
        max: 0.320552557707
        mean: 0.131639078259
        median: 0.121103525162
        min: 0.0613448172808
        var: 0.00131995335687
    spectral_flux:
        dmean: 0.00914543028921
        dmean2: 0.0141752967611
        dvar: 0.000110400396807
        dvar2: 0.000214160885662
        max: 0.131048843265
        mean: 0.0439330339432
        median: 0.044065117836
        min: 1.06585046344e-010
        var: 0.000316289486364
    spectral_kurtosis:
        dmean: 0.833274900913
        dmean2: 1.38777136803
        dvar: 2.3878364563
        dvar2: 6.74176645279
        max: 47.8357696533
        mean: 3.21029305458
        median: 2.5980026722
        min: -1.17673623562
        var: 5.62461853027
    spectral_rms:
        dmean: 0.000318808713928
        dmean2: 0.000501812377479
        dvar: 1.37096492381e-007
        dvar2: 3.41326199305e-007
        max: 0.00475022848696
        mean: 0.00206047925167
        median: 0.00214028754272
        min: 3.32915747921e-012
        var: 5.16543877893e-007
    spectral_rolloff:
        dmean: 364.774414063
        dmean2: 609.229370117
        dvar: 196739.171875
        dvar2: 469179.9375
        max: 18367.8222656
        mean: 3580.49609375
        median: 3703.7109375
        min: 150.732421875
        var: 678022.375
    spectral_skewness:
        dmean: 0.142793685198
        dmean2: 0.231880903244
        dvar: 0.0260818339884
        dvar2: 0.067813873291
        max: 5.27113866806
        mean: 1.2935397625
        median: 1.22079646587
        min: 0.0492438301444
        var: 0.141811862588
    spectral_spread:
        dmean: 394294.5
        dmean2: 595472
        dvar: 247396876288
        dvar2: 444235776000
        max: 39213436
        mean: 4918919.5
        median: 4863850.5
        min: 1263346.625
        var: 1.62172397158e+012
    spectral_strongpeak:
        dmean: 0.574021399021
        dmean2: 0.995740532875
        dvar: 0.589530944824
        dvar2: 1.5508364439
        max: 7.06577444077
        mean: 0.760683476925
        median: 0.447507172823
        min: 1.74442571499e-009
        var: 0.790624499321
    zerocrossingrate:
        dmean: 0.00847964826971
        dmean2: 0.0104116406292
        dvar: 7.12832334102e-005
        dvar2: 9.33295450523e-005
        max: 0.49951171875
        mean: 0.110525660217
        median: 0.1123046875
        min: 0.013671875
        var: 0.000673222180922
    barkbands:
        dmean: [8.0045708728e-007, 7.2244904004e-005, 0.000155925998115, 0.000114991220471, 0.000235628307564, 0.000202913681278, 0.000104107966763, 0.000130354805151, 0.000145793208503, 0.000109083943244, 0.000130073429318, 0.000102537000203, 8.81059095263e-005, 9.98817267828e-005, 9.88626925391e-005, 0.000149382351083, 0.000177238180186, 0.00023745384533, 0.00029045084375, 0.00023311105906, 0.000129341919092, 5.00311361975e-005, 9.43532450037e-006, 2.8683216442e-006, 1.25766996462e-006, 4.78957495886e-008, 6.90576595908e-010]
        dmean2: [1.1138068885e-006, 0.00012406129099, 0.00025581967202, 0.000191499944776, 0.000406523933634, 0.000341473263688, 0.000177623500349, 0.000210524536669, 0.000233424405451, 0.000176517074578, 0.000208145182114, 0.000164651064551, 0.00014385979739, 0.000164540775586, 0.000163654942298, 0.000249369390076, 0.000295565841952, 0.000393485359382, 0.000501921924297, 0.000393161608372, 0.000224350529606, 8.84586770553e-005, 1.54367025971e-005, 4.60315550299e-006, 1.9804645035e-006, 7.43114298984e-008, 1.1198648675e-009]
        dvar: [1.81895850378e-012, 1.18493073131e-008, 6.53531984085e-008, 5.15042657412e-008, 3.52598533482e-007, 2.20730655087e-007, 7.7667465348e-008, 7.70768693314e-008, 1.09604329168e-007, 4.38331895225e-008, 6.35084518308e-008, 2.95495912184e-008, 2.5500311196e-008, 3.2073380396e-008, 3.2138039785e-008, 8.84522961542e-008, 6.68920918656e-008, 1.28931290533e-007, 1.59356801532e-007, 1.12625414772e-007, 4.48694450483e-008, 8.02431809888e-009, 1.82048875974e-010, 1.42227271627e-011, 4.76882812753e-012, 1.62226748555e-014, 4.18809526429e-018]
        dvar2: [3.45284109464e-012, 3.37019585572e-008, 1.5828851474e-007, 1.30878902382e-007, 9.91568867903e-007, 5.71805514937e-007, 1.97140124669e-007, 1.89756605096e-007, 2.78017978417e-007, 1.05884232937e-007, 1.54035930677e-007, 7.3740636708e-008, 6.18042790279e-008, 8.35210869354e-008, 8.29781896527e-008, 2.37175626694e-007, 1.73033683382e-007, 3.28346658307e-007, 4.33494534491e-007, 2.9820267855e-007, 1.2383907233e-007, 2.26244072365e-008, 4.3821782314e-010, 3.35354070902e-011, 1.06735714017e-011, 3.54760234318e-014, 9.70920532059e-018]
        max: [1.4196291886e-005, 0.00121297175065, 0.00348680047318, 0.00307587208226, 0.00888754520565, 0.00668961135671, 0.00772794242948, 0.00438187550753, 0.0111877629533, 0.00387168861926, 0.00382279744372, 0.00334946508519, 0.00447982596233, 0.005092645064, 0.00288347247988, 0.00556013174355, 0.00419896980748, 0.00743100978434, 0.00498146051541, 0.00775967678055, 0.00282442290336, 0.00104588409886, 0.000219510489842, 6.49592111586e-005, 5.19715904375e-005, 3.58688566848e-006, 8.36652560565e-008]
        mean: [1.28651890918e-006, 9.97762472252e-005, 0.000220694608288, 0.000142038945341, 0.000283398723695, 0.000238409309532, 0.00012116736616, 0.000180829621968, 0.000208644763916, 0.000160337018315, 0.000204555428354, 0.000160024166689, 0.000146006597788, 0.000158681184985, 0.000163783639437, 0.000255437364103, 0.000323018524796, 0.000434072397184, 0.000549887481611, 0.000472243496915, 0.000239194385358, 8.52157681948e-005, 2.16184398596e-005, 7.88536817709e-006, 2.87613784167e-006, 9.13194710961e-008, 8.9943752446e-010]
        median: [2.56722131553e-007, 7.02425313648e-005, 0.000121204968309, 6.2819555751e-005, 0.000115215450933, 6.95103299222e-005, 5.02426009916e-005, 6.89006628818e-005, 8.65323308972e-005, 6.39210920781e-005, 7.25945210434e-005, 7.59689501137e-005, 5.82201500947e-005, 7.69816033426e-005, 8.98939688341e-005, 0.000164179509738, 0.000229267840041, 0.000296149170026, 0.000456383539131, 0.000380147394026, 0.000204266340006, 6.91593886586e-005, 1.75229943125e-005, 7.00085911376e-006, 2.05054834623e-006, 5.65712419132e-008, 4.5487794087e-010]
        min: [1.78538549944e-023, 2.75034145795e-023, 1.26022485984e-023, 5.46223462424e-024, 7.83369423579e-023, 3.75109071786e-023, 1.66835650109e-022, 9.34101809905e-023, 1.0019647999e-022, 6.46762696166e-023, 1.05351622897e-022, 6.50231980209e-023, 1.12013414402e-022, 1.42297708823e-022, 7.48428186623e-023, 2.86274441818e-022, 1.43230104547e-022, 3.61507715073e-022, 2.6091964453e-022, 2.90470247822e-022, 4.8429667914e-022, 3.85455790351e-022, 9.00456071882e-022, 9.99563658765e-022, 1.29061985985e-021, 1.5280705769e-021, 2.72515561573e-021]
        var: [4.21834529113e-012, 1.30399921972e-008, 9.77429124305e-008, 5.84398129888e-008, 3.24187993783e-007, 2.34085234752e-007, 7.46309041233e-008, 1.13149887682e-007, 1.46238008369e-007, 7.90895597902e-008, 1.31642124757e-007, 5.36396065343e-008, 5.70310412229e-008, 5.83669539367e-008, 5.14018125841e-008, 1.28342634298e-007, 1.24094512444e-007, 2.47934622166e-007, 2.43318169169e-007, 1.94676545107e-007, 5.16202085521e-008, 7.75940378617e-009, 4.20572132676e-010, 4.3241563108e-011, 1.13130269042e-011, 2.95299503979e-014, 4.92642137621e-018]
    frequency_bands:
        dmean: [8.0045708728e-007, 7.2244904004e-005, 0.000155925998115, 0.000114991220471, 0.000235628307564, 0.000202913681278, 0.000104107966763, 0.000130354805151, 0.000145793208503, 0.000109083943244, 0.000130073429318, 0.000102537000203, 8.81059095263e-005, 9.98817267828e-005, 9.88626925391e-005, 0.000149382351083, 0.000177238180186, 0.00023745384533, 0.00029045084375, 0.00023311105906, 0.000129341919092, 5.00311361975e-005, 9.43532450037e-006, 2.8683216442e-006, 1.25766996462e-006, 4.78957495886e-008, 6.90576595908e-010, 5.60254828641e-011]
        dmean2: [1.1138068885e-006, 0.00012406129099, 0.00025581967202, 0.000191499944776, 0.000406523933634, 0.000341473263688, 0.000177623500349, 0.000210524536669, 0.000233424405451, 0.000176517074578, 0.000208145182114, 0.000164651064551, 0.00014385979739, 0.000164540775586, 0.000163654942298, 0.000249369390076, 0.000295565841952, 0.000393485359382, 0.000501921924297, 0.000393161608372, 0.000224350529606, 8.84586770553e-005, 1.54367025971e-005, 4.60315550299e-006, 1.9804645035e-006, 7.43114298984e-008, 1.1198648675e-009, 1.04157134306e-010]
        dvar: [1.81895850378e-012, 1.18493073131e-008, 6.53531984085e-008, 5.15042657412e-008, 3.52598533482e-007, 2.20730655087e-007, 7.7667465348e-008, 7.70768693314e-008, 1.09604329168e-007, 4.38331895225e-008, 6.35084518308e-008, 2.95495912184e-008, 2.5500311196e-008, 3.2073380396e-008, 3.2138039785e-008, 8.84522961542e-008, 6.68920918656e-008, 1.28931290533e-007, 1.59356801532e-007, 1.12625414772e-007, 4.48694450483e-008, 8.02431809888e-009, 1.82048875974e-010, 1.42227271627e-011, 4.76882812753e-012, 1.62226748555e-014, 4.18809526429e-018, 6.61927980351e-021]
        dvar2: [3.45284109464e-012, 3.37019585572e-008, 1.5828851474e-007, 1.30878902382e-007, 9.91568867903e-007, 5.71805514937e-007, 1.97140124669e-007, 1.89756605096e-007, 2.78017978417e-007, 1.05884232937e-007, 1.54035930677e-007, 7.3740636708e-008, 6.18042790279e-008, 8.35210869354e-008, 8.29781896527e-008, 2.37175626694e-007, 1.73033683382e-007, 3.28346658307e-007, 4.33494534491e-007, 2.9820267855e-007, 1.2383907233e-007, 2.26244072365e-008, 4.3821782314e-010, 3.35354070902e-011, 1.06735714017e-011, 3.54760234318e-014, 9.70920532059e-018, 2.1073422922e-020]
        max: [1.4196291886e-005, 0.00121297175065, 0.00348680047318, 0.00307587208226, 0.00888754520565, 0.00668961135671, 0.00772794242948, 0.00438187550753, 0.0111877629533, 0.00387168861926, 0.00382279744372, 0.00334946508519, 0.00447982596233, 0.005092645064, 0.00288347247988, 0.00556013174355, 0.00419896980748, 0.00743100978434, 0.00498146051541, 0.00775967678055, 0.00282442290336, 0.00104588409886, 0.000219510489842, 6.49592111586e-005, 5.19715904375e-005, 3.58688566848e-006, 8.36652560565e-008, 9.94572202373e-010]
        mean: [1.28651890918e-006, 9.97762472252e-005, 0.000220694608288, 0.000142038945341, 0.000283398723695, 0.000238409309532, 0.00012116736616, 0.000180829621968, 0.000208644763916, 0.000160337018315, 0.000204555428354, 0.000160024166689, 0.000146006597788, 0.000158681184985, 0.000163783639437, 0.000255437364103, 0.000323018524796, 0.000434072397184, 0.000549887481611, 0.000472243496915, 0.000239194385358, 8.52157681948e-005, 2.16184398596e-005, 7.88536817709e-006, 2.87613784167e-006, 9.13194710961e-008, 8.9943752446e-010, 4.3401827271e-011]
        median: [2.56722131553e-007, 7.02425313648e-005, 0.000121204968309, 6.2819555751e-005, 0.000115215450933, 6.95103299222e-005, 5.02426009916e-005, 6.89006628818e-005, 8.65323308972e-005, 6.39210920781e-005, 7.25945210434e-005, 7.59689501137e-005, 5.82201500947e-005, 7.69816033426e-005, 8.98939688341e-005, 0.000164179509738, 0.000229267840041, 0.000296149170026, 0.000456383539131, 0.000380147394026, 0.000204266340006, 6.91593886586e-005, 1.75229943125e-005, 7.00085911376e-006, 2.05054834623e-006, 5.65712419132e-008, 4.5487794087e-010, 1.58550169521e-011]
        min: [1.78538549944e-023, 2.75034145795e-023, 1.26022485984e-023, 5.46223462424e-024, 7.83369423579e-023, 3.75109071786e-023, 1.66835650109e-022, 9.34101809905e-023, 1.0019647999e-022, 6.46762696166e-023, 1.05351622897e-022, 6.50231980209e-023, 1.12013414402e-022, 1.42297708823e-022, 7.48428186623e-023, 2.86274441818e-022, 1.43230104547e-022, 3.61507715073e-022, 2.6091964453e-022, 2.90470247822e-022, 4.8429667914e-022, 3.85455790351e-022, 9.00456071882e-022, 9.99563658765e-022, 1.29061985985e-021, 1.5280705769e-021, 2.72515561573e-021, 6.00438461405e-022]
        var: [4.21834529113e-012, 1.30399921972e-008, 9.77429124305e-008, 5.84398129888e-008, 3.24187993783e-007, 2.34085234752e-007, 7.46309041233e-008, 1.13149887682e-007, 1.46238008369e-007, 7.90895597902e-008, 1.31642124757e-007, 5.36396065343e-008, 5.70310412229e-008, 5.83669539367e-008, 5.14018125841e-008, 1.28342634298e-007, 1.24094512444e-007, 2.47934622166e-007, 2.43318169169e-007, 1.94676545107e-007, 5.16202085521e-008, 7.75940378617e-009, 4.20572132676e-010, 4.3241563108e-011, 1.13130269042e-011, 2.95299503979e-014, 4.92642137621e-018, 5.2249477315e-021]
    mfcc:
        mean: [-696.455993652, 81.8552856445, -50.5225028992, 42.3930282593, -15.6909980774, -0.997457027435, 0.571520805359, 1.03920257092, -2.04933142662, -1.86150658131, -3.72477483749, -1.73686480522, -2.40966081619]
        cov: [[6877.21972656, 154.540756226, 10.5615262985, 1098.52697754, 107.674621582, 315.971710205, 126.064109802, 135.721801758, 64.7684326172, 146.807662964, 29.639333725, -73.4526138306, -0.0970802083611], [154.540756226, 591.398498535, -204.858169556, -34.7226486206, -34.6215591431, -54.6942176819, -4.75072908401, -28.9508934021, -54.0430221558, -27.0131511688, -14.304813385, -40.3518028259, -42.7844161987], [10.5615262985, -204.858169556, 401.335723877, 206.940917969, 72.2975845337, 81.4118881226, 35.847202301, 46.2331962585, 53.3627586365, 29.425113678, 20.6632118225, 34.7896499634, 41.4469451904], [1098.52697754, -34.7226486206, 206.940917969, 525.793029785, 119.922332764, 121.618240356, 44.046005249, 29.5974617004, 61.2340888977, 41.289730072, 21.0657043457, 7.41230678558, 31.2535972595], [107.674621582, -34.6215591431, 72.2975845337, 119.922332764, 200.131256104, 75.4723587036, 36.2290725708, 27.8565807343, 48.8401107788, 44.4302482605, 32.2975234985, 25.3176059723, 15.9674015045], [315.971710205, -54.6942176819, 81.4118881226, 121.618240356, 75.4723587036, 188.856369019, 106.623176575, 54.9497642517, 35.6582832336, 36.0266647339, 39.2157211304, 17.6283035278, 12.0774936676], [126.064109802, -4.75072908401, 35.847202301, 44.046005249, 36.2290725708, 106.623176575, 195.460632324, 92.4401016235, 35.2566604614, 15.1196880341, 21.0559654236, 24.5378761292, 17.2389431], [135.721801758, -28.9508934021, 46.2331962585, 29.5974617004, 27.8565807343, 54.9497642517, 92.4401016235, 132.789794922, 61.990322113, 39.0652160645, 19.376865387, 21.1843261719, 21.1431465149], [64.7684326172, -54.0430221558, 53.3627586365, 61.2340888977, 48.8401107788, 35.6582832336, 35.2566604614, 61.990322113, 119.20450592, 56.2649688721, 24.8013744354, 24.4210357666, 16.9306049347], [146.807662964, -27.0131511688, 29.425113678, 41.289730072, 44.4302482605, 36.0266647339, 15.1196880341, 39.0652160645, 56.2649688721, 116.197006226, 58.1759757996, 14.123208046, 2.34550309181], [29.639333725, -14.304813385, 20.6632118225, 21.0657043457, 32.2975234985, 39.2157211304, 21.0559654236, 19.376865387, 24.8013744354, 58.1759757996, 86.3246688843, 35.1791191101, 5.74053812027], [-73.4526138306, -40.3518028259, 34.7896499634, 7.41230678558, 25.3176059723, 17.6283035278, 24.5378761292, 21.1843261719, 24.4210357666, 14.123208046, 35.1791191101, 80.2799301147, 38.8695640564], [-0.0970802083611, -42.7844161987, 41.4469451904, 31.2535972595, 15.9674015045, 12.0774936676, 17.2389431, 21.1431465149, 16.9306049347, 2.34550309181, 5.74053812027, 38.8695640564, 69.5853118896]]
        icov: [[0.000280183856376, 1.64094017236e-005, 0.00038663027226, -0.000743971730117, 0.00024099755683, -0.000249412754783, 0.000122739686049, -0.000371746631572, 0.000292938872008, -0.000331622810336, 0.000183466268936, 5.5979595345e-005, 7.83739378676e-005], [1.64094017236e-005, 0.00224864948541, 0.00119895150419, -0.000564966583624, -9.90605258266e-005, 0.000707539496943, -0.000518790446222, -0.000205349831958, 0.000687680905685, 0.000162261392688, -0.000402050645789, 0.000386596337194, 0.000657500815578], [0.00038663027226, 0.00119895150419, 0.00457369396463, -0.00237339409068, 0.000135363137815, -0.000690772430971, 0.000434435351053, -0.00125104712788, 0.000405624916311, -0.000268693111138, 0.000289150892058, -0.000517175823916, -0.000383788341423], [-0.000743971730117, -0.000564966583624, -0.00237339409068, 0.00498881936073, -0.00150258559734, -0.000730769592337, -6.87529900461e-005, 0.00167763442732, -0.00166903890204, 0.000738000380807, -0.000272012548521, 0.00095517130103, -0.00132640555967], [0.00024099755683, -9.90605258266e-005, 0.000135363137815, -0.00150258559734, 0.00708921579644, -0.00201900838874, 0.000242155598244, 0.00029706658097, -0.0011088574538, -0.00143592362292, 0.000148853010614, -0.00121320062317, 9.07148423721e-005], [-0.000249412754783, 0.000707539496943, -0.000690772430971, -0.000730769592337, -0.00201900838874, 0.010665747337, -0.00506123108789, 0.000317486119457, 0.00036433339119, 0.000169112856383, -0.00315908296034, 0.0013137065107, 0.000376287294785], [0.000122739686049, -0.000518790446222, 0.000434435351053, -6.87529900461e-005, 0.000242155598244, -0.00506123108789, 0.0105559956282, -0.00623515853658, 0.000521023059264, 0.0017088491004, 0.000103637248685, -0.00147006160114, 0.000183831245522], [-0.000371746631572, -0.000205349831958, -0.00125104712788, 0.00167763442732, 0.00029706658097, 0.000317486119457, -0.00623515853658, 0.0154714109376, -0.00549412565306, -0.00222182483412, 0.000836363062263, 0.000414726790041, -0.00230361428112], [0.000292938872008, 0.000687680905685, 0.000405624916311, -0.00166903890204, -0.0011088574538, 0.00036433339119, 0.000521023059264, -0.00549412565306, 0.01494777482, -0.00568648753688, 0.00225212937221, -0.00262155523524, 0.000496105465572], [-0.000331622810336, 0.000162261392688, -0.000268693111138, 0.000738000380807, -0.00143592362292, 0.000169112856383, 0.0017088491004, -0.00222182483412, -0.00568648753688, 0.017903259024, -0.011451180093, 0.00388860050589, 3.24175234709e-005], [0.000183466268936, -0.000402050645789, 0.000289150892058, -0.000272012548521, 0.000148853010614, -0.00315908296034, 0.000103637248685, 0.000836363062263, 0.00225212937221, -0.011451180093, 0.0237795244902, -0.0106536773965, 0.00376466987655], [5.5979595345e-005, 0.000386596337194, -0.000517175823916, 0.00095517130103, -0.00121320062317, 0.0013137065107, -0.00147006160114, 0.000414726790041, -0.00262155523524, 0.00388860050589, -0.0106536773965, 0.0235579740256, -0.011368189007], [7.83739378676e-005, 0.000657500815578, -0.000383788341423, -0.00132640555967, 9.07148423721e-005, 0.000376287294785, 0.000183831245522, -0.00230361428112, 0.000496105465572, 3.24175234709e-005, 0.00376466987655, -0.011368189007, 0.0220856033266]]
    sccoeffs:
        dmean: [0.0599088557065, 0.0517993569374, 0.0431089177728, 0.0328111350536, 0.0218218434602, 0.0189722497016]
        dmean2: [0.097771383822, 0.0850806161761, 0.0699126571417, 0.053958542645, 0.0362829267979, 0.0310790408403]
        dvar: [0.0027795699425, 0.00186819513328, 0.00121248466894, 0.000700099801179, 0.000330518552801, 0.000306835136143]
        dvar2: [0.00719795096666, 0.00486068800092, 0.00306758307852, 0.00180808466394, 0.000861190084834, 0.000791442231275]
        max: [-0.304673612118, -0.388435214758, -0.52461129427, -0.560236275196, -0.604099988937, -0.592340528965]
        mean: [-0.672800958157, -0.750187516212, -0.769332706928, -0.782491087914, -0.793400526047, -0.748859882355]
        median: [-0.68134701252, -0.760458886623, -0.77918857336, -0.787225782871, -0.797532021999, -0.746357023716]
        min: [-0.970339953899, -0.958614230156, -0.966081380844, -0.957487821579, -0.961477041245, -0.95874196291]
        var: [0.00749434065074, 0.00550235807896, 0.00422390503809, 0.00204084790312, 0.0011457336368, 0.00114077178296]
    scvalleys:
        dmean: [0.414710402489, 0.419953227043, 0.383712977171, 0.304769456387, 0.277483642101, 0.252395957708]
        dmean2: [0.665926396847, 0.684888243675, 0.607257723808, 0.48450678587, 0.440769374371, 0.376866608858]
        dvar: [0.140792548656, 0.164488717914, 0.133596733212, 0.10617633909, 0.115488886833, 0.124329604208]
        dvar2: [0.311820864677, 0.387885272503, 0.298577278852, 0.233641773462, 0.250996679068, 0.252891182899]
        max: [-5.23428201675, -4.51546001434, -5.1492729187, -5.41141223907, -5.32783794403, -7.71867370605]
        mean: [-7.24286985397, -6.80607461929, -7.00596523285, -7.05444812775, -6.89670562744, -9.37361526489]
        median: [-6.71546459198, -6.62549066544, -6.83293104172, -6.82217073441, -6.51337766647, -8.97035312653]
        min: [-27.2947158813, -27.411901474, -27.4283599854, -27.3111553192, -27.2876853943, -27.197769165]
        var: [2.71441316605, 1.39893388748, 1.42461657524, 1.48885715008, 1.65051078796, 1.687546134]

rhythm:
    beats_loudness:
        dmean: 0.00168260745704
        dmean2: 0.00301077240147
        dvar: 1.9163021534e-006
        dvar2: 5.77141918257e-006
        max: 0.0112181846052
        mean: 0.00559716112912
        median: 0.0056140483357
        min: 1.39927069931e-009
        var: 6.32388037047e-006
    bpm: 89.9099349976
    bpm_confidence: 0
    first_peak_bpm: 91
    first_peak_spread: 0.441605865955
    first_peak_weight: 0.46932515502
    onset_rate: 3.56070709229
    second_peak_bpm: 178
    second_peak_spread: 0
    second_peak_weight: 0.0490797534585
    beats_loudness_band_ratio:
        dmean: [0.122777283192, 0.097528770566, 0.104732714593, 0.10910731554, 0.110182121396, 0.0852140113711]
        dmean2: [0.209201008081, 0.179276302457, 0.17789465189, 0.192907378078, 0.194797292352, 0.150805681944]
        dvar: [0.0104000838473, 0.00600242614746, 0.011263272725, 0.00895712617785, 0.00863153673708, 0.00610347883776]
        dvar2: [0.0277294460684, 0.0178672801703, 0.0319263003767, 0.0260596759617, 0.0236211661249, 0.0174714848399]
        max: [0.863167643547, 0.573387026787, 0.82047855854, 0.5611140728, 0.694651424885, 0.650523662567]
        mean: [0.1774995327, 0.106605328619, 0.14119617641, 0.157735869288, 0.235005602241, 0.215333834291]
        median: [0.171942785382, 0.0890631005168, 0.0972086042166, 0.121960408986, 0.219370752573, 0.209259986877]
        min: [4.8819215408e-006, 0.00141076964792, 0.0116226188838, 0.011603823863, 0.0228108409792, 0.0138405198231]
        var: [0.0165983401239, 0.00848335586488, 0.0149154141545, 0.0131301032379, 0.0109757557511, 0.00988430436701]
    beats_position: [0.66176867485, 1.33514738083, 2.02013611794, 2.70512461662, 3.40172338486, 4.12154197693, 4.81814050674, 5.50312900543, 6.17650794983, 6.84988641739, 7.52326536179, 8.2198638916, 8.92807197571, 9.63628101349, 10.3328800201, 11.0062580109, 11.6680269241, 12.3414058685, 13.0031747818, 13.6765527725, 14.3499317169, 15.0117006302, 15.6734695435, 16.3468475342, 17.0086174011, 17.6703853607, 18.3437633514, 19.0055332184, 19.667301178, 20.3406791687, 21.0024490356, 21.6642169952, 22.3375968933, 22.9993648529, 23.6727428436, 24.3345127106, 25.0078907013, 25.681268692, 26.343038559, 27.0048065186, 27.6781845093, 28.3399543762, 29.0017223358, 29.6751022339, 30.3484802246, 31.0102481842, 31.6720180511, 32.3337860107, 32.9955558777, 33.6689338684, 34.3423118591, 35.0156898499, 35.6774597168, 36.3392295837, 37.0126075745, 37.6743774414, 38.3361434937, 39.0095214844, 39.6829032898, 40.344669342, 41.006439209, 41.6682090759, 42.3299751282, 43.0033569336, 43.6767349243, 44.350112915, 45.011882782, 45.6736488342, 46.3354187012, 46.9971885681, 47.6705665588, 48.3323364258, 48.994102478, 49.6674804688, 50.3408622742, 51.0026283264, 51.6643981934, 52.3377761841, 53.0111541748, 53.6729240417, 54.3346939087, 55.0080718994, 55.6814498901, 56.3432197571, 57.0049858093, 57.6667556763, 58.3285255432, 59.0019035339, 59.6752815247, 60.3486595154, 61.0104293823, 61.6721992493, 62.34557724, 63.0073471069, 63.6691131592, 64.3424911499, 65.0158691406, 65.6776428223, 66.3394088745, 67.0011749268, 67.6745529175, 68.3479385376, 69.0097045898, 69.6830825806, 70.3448486328, 71.0066223145, 71.6800003052, 72.3417663574, 73.0035324097, 73.6769180298, 74.338684082, 75.0004501343, 75.673828125, 76.3356018066, 76.9973678589, 77.6707458496, 78.3441238403, 79.005897522, 79.6676635742, 80.3410415649, 81.0144195557, 81.6645812988, 82.3379592896, 83.0113372803, 83.6731033325, 84.3348770142, 85.0082550049, 85.6700210571, 86.3317871094, 87.0051651001, 87.6785507202, 88.3403167725, 89.0020828247, 89.6754608154, 90.3372344971, 90.9990005493, 91.67237854, 92.3457565308, 93.0075302124, 93.6692962646, 94.3426742554, 95.0160522461, 95.6778182983, 96.33959198, 97.0129699707, 97.6747360229, 98.3365097046, 99.0098876953, 99.6716537476, 100.3334198, 101.006797791, 101.680175781, 102.341949463, 103.003715515, 103.677093506, 104.338867188, 105.00063324, 105.67401123, 106.347389221, 107.009155273, 107.670928955, 108.344306946, 109.017684937, 109.679450989, 110.34122467, 111.002990723, 111.664756775, 112.338134766, 112.999908447, 113.6616745, 114.33505249, 115.008430481, 115.681808472, 116.343582153, 117.005348206, 117.678726196, 118.340499878, 119.00226593, 119.675643921, 120.337409973, 120.999183655, 121.672561646, 122.345939636, 123.007705688, 123.66947937, 124.331245422, 124.993011475, 125.666389465, 126.339767456, 127.013153076, 127.674919128, 128.336685181, 129.010070801, 129.671829224, 130.333602905, 131.006988525, 131.668746948, 132.33052063, 133.003890991, 133.665664673, 134.327438354, 135.000808716, 135.674194336, 136.335968018, 136.99772644, 137.671112061, 138.344482422, 139.006256104, 139.668029785, 140.341400146, 141.003173828, 141.66494751, 142.338317871, 143.011703491, 143.673461914, 144.335235596, 145.008621216, 145.681991577, 146.343765259, 147.005523682, 147.667297363, 148.329071045, 149.002441406, 149.664215088, 150.32598877, 150.999359131, 151.672744751, 152.346115112, 153.007888794, 153.669662476, 154.331420898, 155.004806519, 155.6665802, 156.339950562, 157.001724243, 157.675094604, 158.336868286, 159.010253906, 159.683624268, 160.345397949, 161.007156372, 161.668930054, 162.330703735, 163.004074097, 163.677459717, 164.339233398, 165.000991821, 165.674377441, 166.347747803, 167.009521484, 167.671295166, 168.344665527, 169.006439209, 169.668212891, 170.341583252, 171.014968872, 171.676727295, 172.350112915, 173.011871338, 173.67364502, 174.335418701, 174.997192383, 175.658950806, 176.332336426, 177.005706787, 177.679092407, 178.352462769, 179.01423645, 179.676010132, 180.349380493, 181.011154175, 181.672927856, 182.334686279, 182.996459961, 183.669830322, 184.343215942, 185.004989624, 185.666748047, 186.340133667, 187.001907349, 187.663665771, 188.337051392, 188.847885132, 189.358734131, 189.846343994, 190.333969116, 190.844802856, 191.355636597, 191.703948975, 192.017410278, 192.342483521, 192.67918396, 193.004257202, 193.340942383, 193.677642822, 194.002716064, 194.327789307, 194.676101685, 195.012786865, 195.349472046, 195.674560547, 195.999633789, 196.33631897, 196.673019409, 196.998092651, 197.334777832, 197.671463013, 198.008163452, 198.344848633, 198.669921875, 199.006622314, 199.343307495, 199.691604614, 200.039901733, 200.388198853, 200.724899292, 201.073196411, 201.409881592, 201.758178711, 202.10647583, 202.454788208, 202.803085327, 203.139770508, 203.488067627, 203.836364746, 204.184661865, 204.532974243]
    bpm_estimates: [89.1029052734, 87.5926818848, 87.5927124023, 86.1327972412, 86.1328277588, 87.5927124023, 89.1028747559, 89.102935791, 89.1028747559, 86.1328277588, 86.1327667236, 89.1030044556, 90.6660919189, 89.1028747559, 90.6660919189, 89.1030044556, 89.1028747559, 90.6660919189, 90.6660919189, 89.1030044556, 90.6659622192, 90.6662216187, 89.1030044556, 90.6659622192, 90.6662216187, 89.1030044556, 90.6659622192, 90.6662216187, 89.1027526855, 90.6662216187, 89.1030044556, 90.6659622192, 89.1030044556, 89.1030044556, 90.6659622192, 90.6662216187, 89.1030044556, 90.6659622192, 90.6662216187, 89.1027526855, 89.1030044556, 90.6662216187, 90.6659622192, 90.6662216187, 90.6659622192, 89.1030044556, 89.1030044556, 89.1030044556, 90.6659622192, 90.6659622192, 89.1030044556, 90.6659622192, 90.6664810181, 89.1030044556, 89.1024932861, 90.6664810181, 90.6659622192, 90.6659622192, 90.6664810181, 89.1024932861, 89.1030044556, 89.1030044556, 90.6659622192, 90.6664810181, 90.6659622192, 90.6659622192, 89.1030044556, 90.6659622192, 90.6664810181, 89.1030044556, 89.1024932861, 90.6664810181, 90.6659622192, 89.1030044556, 89.1030044556, 90.6659622192, 90.6659622192, 89.1030044556, 89.1030044556, 90.6659622192, 90.6664810181, 90.6659622192, 90.6659622192, 89.1030044556, 89.1030044556, 89.1030044556, 90.6659622192, 90.6659622192, 89.1030044556, 90.6659622192, 90.6664810181, 89.1030044556, 89.1030044556, 90.665435791, 90.6664810181, 90.6664810181, 89.1030044556, 89.1019897461, 90.6664810181, 89.1030044556, 90.6664810181, 90.665435791, 89.1030044556, 90.6664810181, 90.6664810181, 89.1019897461, 90.6664810181, 90.6664810181, 89.1030044556, 90.665435791, 90.6664810181, 89.1030044556, 89.1030044556, 90.665435791, 90.6664810181, 89.1030044556, 89.1030044556, 92.2847290039, 89.1030044556, 89.1030044556, 90.6664810181, 90.665435791, 89.1030044556, 90.6664810181, 90.6664810181, 89.1030044556, 89.1019897461, 90.6664810181, 90.6664810181, 89.1030044556, 90.665435791, 90.6664810181, 89.1030044556, 89.1030044556, 90.665435791, 90.6664810181, 89.1030044556, 89.1030044556, 90.6664810181, 90.665435791, 89.1030044556, 90.6664810181, 90.665435791, 89.1030044556, 90.6664810181, 90.6664810181, 89.1030044556, 89.1030044556, 90.665435791, 90.6664810181, 89.1030044556, 90.665435791, 90.6664810181, 89.1030044556, 89.1030044556, 90.6664810181, 90.665435791, 89.1030044556, 89.1030044556, 90.6664810181, 90.665435791, 90.6664810181, 90.6664810181, 89.1030044556, 90.665435791, 90.6664810181, 89.1030044556, 89.1030044556, 89.1030044556, 90.665435791, 90.6664810181, 89.1030044556, 90.665435791, 90.6664810181, 89.1030044556, 90.6664810181, 90.665435791, 89.1030044556, 89.1030044556, 90.6664810181, 90.665435791, 90.6664810181, 90.6664810181, 89.1030044556, 89.1030044556, 89.1019897461, 90.6664810181, 90.6664810181, 89.1019897461, 90.6675262451, 90.665435791, 89.1019897461, 90.6675262451, 90.665435791, 89.1040115356, 90.665435791, 90.665435791, 89.1040115356, 89.1019897461, 90.665435791, 90.6675262451, 89.1019897461, 89.1040115356, 90.665435791, 90.665435791, 89.1040115356, 90.665435791, 90.665435791, 89.1040115356, 89.1019897461, 90.6675262451, 90.665435791, 89.1019897461, 89.1040115356, 90.665435791, 90.6675262451, 90.665435791, 90.665435791, 89.1040115356, 90.665435791, 90.665435791, 89.1040115356, 89.1019897461, 89.1040115356, 90.665435791, 90.665435791, 90.6675262451, 89.1019897461, 90.665435791, 89.1040115356, 90.665435791, 89.1040115356, 90.665435791, 89.1019897461, 89.1040115356, 90.665435791, 90.6675262451, 90.665435791, 90.665435791, 89.1040115356, 89.1019897461, 90.665435791, 90.6675262451, 89.1019897461, 89.1040115356, 90.665435791, 90.665435791, 89.1040115356, 90.665435791, 90.665435791, 89.1040115356, 89.1019897461, 90.6675262451, 89.1019897461, 90.6675262451, 90.665435791, 90.665435791, 90.665435791, 90.6675262451, 89.1019897461, 89.1040115356, 89.1019897461, 89.1040115356, 90.665435791, 90.665435791, 89.1040115356, 90.665435791, 90.665435791, 90.6675262451, 90.665435791, 89.1040115356, 89.1019897461, 90.665435791, 90.6675262451, 89.1019897461, 90.665435791, 90.6675262451, 89.1019897461]
