
metadata:
    version:
        essentia: "2.1-beta2"
    audio_properties:
        analysis_sample_rate: 44100
        bitrate: 320
        channels: 2
        equal_loudness: 1
        length: 210.207351685
        replay_gain: -14.9659461975
        downmix: "mix"
    tags:
        album: "Incomparable"
        artist: "Dead By April"
        comment: "-=Titan=-"
        date: "2011"
        genre: "Modern Metal"
        title: "More Than Yesterday"
        tracknumber: "4"

configuration:
    average_loudness:
        compute: 1
        frameSize: 88200
        hopSize: 44100
        silentFrames: "noise"
        windowType: "hann"
    general:
        analysisSampleRate: 44100
        endTime: 2000
        equalLoudness: 1
        nequalLoudness: 0
        shortSound: 0
        startTime: 0
    lowlevel:
        compute: 1
        frameSize: 2048
        hopSize: 1024
        zeroPadding: 0
        silentFrames: "noise"
        windowType: "blackmanharris62"
        mfccStats: ["mean", "cov", "icov"]
        stats: ["mean", "var", "median", "min", "max", "dmean", "dmean2", "dvar", "dvar2"]
    panning:
        compute: 0
        frameSize: 8192
        hopSize: 2048
        zeroPadding: 8192
        silentFrames: "noise"
        windowType: "hann"
        stats: ["copy"]
    rhythm:
        compute: 1
        maxTempo: 208
        minTempo: 40
        method: "degara"
        stats: ["mean", "var", "median", "min", "max", "dmean", "dmean2", "dvar", "dvar2"]
    segmentation:
        compute: 0
        cpw: 5
        inc1: 300
        inc2: 50
        minimumSegmentsLength: 10
        size1: 1000
        size2: 600
    sfx:
        compute: 1
        stats: ["mean", "var", "median", "min", "max", "dmean", "dmean2", "dvar", "dvar2"]
    svm:
        compute: 0
    tonal:
        compute: 1
        frameSize: 4096
        hopSize: 2048
        zeroPadding: 0
        silentFrames: "noise"
        windowType: "blackmanharris62"
        stats: ["mean", "var", "median", "min", "max", "dmean", "dmean2", "dvar", "dvar2"]

lowlevel:
    average_loudness: 0.938867628574
    barkbands_kurtosis:
        dmean: 0.730403721333
        dmean2: 1.20099246502
        dvar: 3.34317755699
        dvar2: 7.30654907227
        max: 146.870178223
        mean: -0.414145112038
        median: -0.904872953892
        min: -1.87868237495
        var: 8.13315105438
    barkbands_skewness:
        dmean: 0.397576600313
        dmean2: 0.633172869682
        dvar: 0.147782817483
        dvar2: 0.354857236147
        max: 7.39812517166
        mean: -0.295172095299
        median: -0.356743901968
        min: -3.80447006226
        var: 0.552398383617
    barkbands_spread:
        dmean: 5.83584928513
        dmean2: 9.46479415894
        dvar: 29.9812450409
        dvar2: 76.3135681152
        max: 72.8129959106
        mean: 30.9348316193
        median: 30.6535263062
        min: 0.230918630958
        var: 119.459503174
    dissonance:
        dmean: 0.0128628145903
        dmean2: 0.0217321440578
        dvar: 0.000246394716669
        dvar2: 0.00066493434133
        max: 0.500000119209
        mean: 0.477639168501
        median: 0.484819471836
        min: 0.150758713484
        var: 0.000752089836169
    hfc:
        dmean: 3.59884381294
        dmean2: 6.0764966011
        dvar: 26.5994377136
        dvar2: 71.0004577637
        max: 54.5974311829
        mean: 9.97214794159
        median: 9.23716545105
        min: 1.23690156645e-016
        var: 39.878616333
    pitch:
        dmean: 754.325439453
        dmean2: 1430.75500488
        dvar: 1521933.375
        dvar2: 3693156.75
        max: 5017.61328125
        mean: 1250.92236328
        median: 387.83392334
        min: 51.8823661804
        var: 2182254.5
    pitch_instantaneous_confidence:
        dmean: 0.087181776762
        dmean2: 0.142435580492
        dvar: 0.00653349142522
        dvar2: 0.0152160972357
        max: 0.944619119167
        mean: 0.379022032022
        median: 0.346848100424
        min: 0.119482576847
        var: 0.0221488401294
    pitch_salience:
        dmean: 0.0616030283272
        dmean2: 0.101210616529
        dvar: 0.00302691594698
        dvar2: 0.00787946581841
        max: 0.989351451397
        mean: 0.655803442001
        median: 0.668412208557
        min: 0.182935833931
        var: 0.00865993369371
    silence_rate_20dB:
        dmean: 0
        dmean2: 0
        dvar: 0
        dvar2: 0
        max: 1
        mean: 1
        median: 1
        min: 1
        var: 0
    silence_rate_30dB:
        dmean: 0
        dmean2: 0
        dvar: 0
        dvar2: 0
        max: 1
        mean: 1
        median: 1
        min: 1
        var: 0
    silence_rate_60dB:
        dmean: 0.075113222003
        dmean2: 0.1502430439
        dvar: 0.0694652423263
        dvar2: 0.157283484936
        max: 1
        mean: 0.217362493277
        median: 0
        min: 0
        var: 0.170115634799
    spectral_centroid:
        dmean: 309.60546875
        dmean2: 502.041473389
        dvar: 103906.695313
        dvar2: 245748.859375
        max: 11295.9248047
        mean: 2016.44750977
        median: 1998.11010742
        min: 343.485992432
        var: 416375.59375
    spectral_complexity:
        dmean: 4.96365833282
        dmean2: 7.98387098312
        dvar: 25.7812805176
        dvar2: 61.4922180176
        max: 50
        mean: 17.7847366333
        median: 18
        min: 0
        var: 87.4656677246
    spectral_crest:
        dmean: 1.82224702835
        dmean2: 2.99841070175
        dvar: 3.2604162693
        dvar2: 8.25224399567
        max: 25.8912963867
        mean: 6.33385276794
        median: 5.53907394409
        min: 2.31162452698
        var: 7.72903728485
    spectral_decrease:
        dmean: 3.27790988797e-010
        dmean2: 5.26020282887e-010
        dvar: 1.86794998677e-019
        dvar2: 4.88367640446e-019
        max: 1.17144159237e-028
        mean: -1.07207887012e-009
        median: -1.03106090332e-009
        min: -4.55358462048e-009
        var: 3.68243773958e-019
    spectral_energy:
        dmean: 0.00152385607362
        dmean2: 0.00246512284502
        dvar: 4.10288885178e-006
        dvar2: 1.07587520688e-005
        max: 0.0207147505134
        mean: 0.00495079578832
        median: 0.00474122306332
        min: 1.11349682235e-020
        var: 7.81418293627e-006
    spectral_energyband_high:
        dmean: 0.000303276407067
        dmean2: 0.000525618437678
        dvar: 2.27499100447e-007
        dvar2: 6.00201929046e-007
        max: 0.00689803157002
        mean: 0.000577266269829
        median: 0.000462057534605
        min: 8.12703255467e-021
        var: 2.57863177922e-007
    spectral_energyband_low:
        dmean: 0.000248698692303
        dmean2: 0.000420719065005
        dvar: 1.14099080406e-007
        dvar2: 3.01205318465e-007
        max: 0.00416584778577
        mean: 0.0003840457357
        median: 0.00027550404775
        min: 3.88720014735e-023
        var: 1.87796715068e-007
    spectral_energyband_middle_high:
        dmean: 0.000932812108658
        dmean2: 0.0015187630197
        dvar: 1.3841256532e-006
        dvar2: 3.58589682037e-006
        max: 0.0157804451883
        mean: 0.00278772343881
        median: 0.00261586415581
        min: 1.51805908636e-021
        var: 3.13773148264e-006
    spectral_energyband_middle_low:
        dmean: 0.000648536253721
        dmean2: 0.0010448085377
        dvar: 1.04103514786e-006
        dvar2: 2.77218941847e-006
        max: 0.0123754208907
        mean: 0.00136908574495
        median: 0.000998463016003
        min: 1.9963145046e-022
        var: 1.65401809227e-006
    spectral_flatness_db:
        dmean: 0.0132403625175
        dmean2: 0.0205310489982
        dvar: 0.000166809899383
        dvar2: 0.000377171381842
        max: 0.53205627203
        mean: 0.133061036468
        median: 0.121419221163
        min: 0.059342443943
        var: 0.00221271230839
    spectral_flux:
        dmean: 0.00897863693535
        dmean2: 0.0140002192929
        dvar: 9.77785239229e-005
        dvar2: 0.000194495165488
        max: 0.125233992934
        mean: 0.0432945489883
        median: 0.0430276021361
        min: 1.05522361682e-010
        var: 0.000318208418321
    spectral_kurtosis:
        dmean: 1.14862859249
        dmean2: 1.92876183987
        dvar: 17.5517902374
        dvar2: 49.4555168152
        max: 149.718032837
        mean: 3.90861868858
        median: 2.71914196014
        min: -1.17929172516
        var: 72.149810791
    spectral_rms:
        dmean: 0.000316154502798
        dmean2: 0.000496762921102
        dvar: 1.26060484718e-007
        dvar2: 3.1470756312e-007
        max: 0.00449549918994
        mean: 0.00207987753674
        median: 0.00215071695857
        min: 3.29596484654e-012
        var: 5.04149909375e-007
    spectral_rolloff:
        dmean: 367.875030518
        dmean2: 601.67175293
        dvar: 193580.0625
        dvar2: 435946.375
        max: 19336.8164063
        mean: 3609.23193359
        median: 3682.17773438
        min: 150.732421875
        var: 945192.625
    spectral_skewness:
        dmean: 0.161958098412
        dmean2: 0.265492856503
        dvar: 0.0617082603276
        dvar2: 0.173592716455
        max: 9.82946300507
        mean: 1.32886922359
        median: 1.22987854481
        min: -0.0538399517536
        var: 0.428675383329
    spectral_spread:
        dmean: 382175.71875
        dmean2: 578008.25
        dvar: 346936082432
        dvar2: 595425492992
        max: 40511044
        mean: 5076983.5
        median: 4860256
        min: 482874.40625
        var: 2.8113871831e+012
    spectral_strongpeak:
        dmean: 0.527036845684
        dmean2: 0.90330773592
        dvar: 0.444668620825
        dvar2: 1.15662419796
        max: 5.94986057281
        mean: 0.791707217693
        median: 0.498098254204
        min: 4.71505812172e-009
        var: 0.736313939095
    zerocrossingrate:
        dmean: 0.0084384791553
        dmean2: 0.0100936451927
        dvar: 6.81535893818e-005
        dvar2: 8.75087207532e-005
        max: 0.515625
        mean: 0.110312841833
        median: 0.1103515625
        min: 0.0166015625
        var: 0.000894134456757
    barkbands:
        dmean: [1.00639067568e-006, 7.31840191293e-005, 0.000164789758855, 0.000143782206578, 0.000204056879738, 0.000194194522919, 9.24519990804e-005, 0.000101870573417, 0.000178444184712, 0.000104822873254, 0.000122693221783, 0.000121228367789, 6.84521000949e-005, 6.64142644382e-005, 0.000139297873829, 0.00018617369642, 0.000193939529709, 0.00023636854894, 0.000283628265606, 0.000224781600991, 0.000145709869685, 5.54086109332e-005, 8.75505338627e-006, 2.89072636406e-006, 1.23393806462e-006, 6.32171150983e-008, 5.84830461836e-010]
        dmean2: [1.48787955823e-006, 0.000127451930894, 0.000283042580122, 0.000233923623455, 0.000346378859831, 0.000327599962475, 0.000155817630002, 0.000164905271959, 0.000279834173853, 0.000163236938533, 0.00019365370099, 0.000193600179045, 0.000112541209091, 0.000109385662654, 0.000227661934332, 0.000303289736621, 0.000321590749081, 0.000399160053348, 0.000492471619509, 0.000382695609005, 0.000253568054177, 9.78351745289e-005, 1.45223903019e-005, 4.65957373308e-006, 1.9579738364e-006, 9.77857084195e-008, 9.64313628948e-010]
        dvar: [2.25438027621e-012, 1.21241763296e-008, 5.75835166217e-008, 6.33659382743e-008, 2.68751620069e-007, 2.0179886917e-007, 4.96719074761e-008, 5.01375865269e-008, 1.05841991171e-007, 4.98607271027e-008, 5.94244973229e-008, 5.94554947497e-008, 1.84096435873e-008, 1.77639858379e-008, 5.17558049751e-008, 1.04749283025e-007, 8.85438566911e-008, 1.35300425086e-007, 1.57616597107e-007, 9.83243424457e-008, 5.58659287719e-008, 8.29561841442e-009, 1.51839332774e-010, 1.98725948891e-011, 5.16319278998e-012, 2.53393531472e-014, 1.37446832803e-018]
        dvar2: [4.65924347715e-012, 3.39688916995e-008, 1.54572248334e-007, 1.50348938632e-007, 7.35319019896e-007, 5.40982739494e-007, 1.29396241277e-007, 1.28662478005e-007, 2.50688174219e-007, 1.14285327868e-007, 1.50591006332e-007, 1.43466792224e-007, 4.69523335767e-008, 4.3488523005e-008, 1.31515903945e-007, 2.55474247979e-007, 2.25857505143e-007, 3.59913542525e-007, 4.33317183024e-007, 2.57159285866e-007, 1.48228622265e-007, 2.28774048594e-008, 3.79959674834e-010, 4.67544197802e-011, 1.15316818594e-011, 5.56454838804e-014, 3.26082765877e-018]
        max: [1.37701663334e-005, 0.000994298490696, 0.00318240490742, 0.00396634638309, 0.0101396301761, 0.0065240082331, 0.00408781273291, 0.0038670937065, 0.0062261223793, 0.00625434331596, 0.00467240670696, 0.00626468705013, 0.00299727637321, 0.00254073808901, 0.0031799369026, 0.00693385116756, 0.00472404621542, 0.00549130840227, 0.00593741983175, 0.00455516530201, 0.00330332783051, 0.000916045159101, 0.000185930490261, 7.26230355212e-005, 4.6128363465e-005, 3.85721341445e-006, 3.72745034838e-008]
        mean: [1.55262239332e-006, 8.98801154108e-005, 0.000201344693778, 0.000177013134817, 0.000252990517765, 0.000246296724072, 0.000112962596177, 0.000142324017361, 0.000292898708722, 0.000211326841963, 0.000196274573682, 0.000183905038284, 0.000106427665742, 0.000111414236017, 0.000243338625296, 0.000328389694914, 0.000350079557393, 0.000411262240959, 0.000491610902827, 0.000430359272286, 0.00025171219022, 8.8163811597e-005, 1.90265927813e-005, 7.20110119801e-006, 2.90861430585e-006, 1.25255667172e-007, 9.47186107325e-010]
        median: [3.91360543972e-007, 5.79263505642e-005, 0.000113199799671, 6.96264687576e-005, 0.000109251246613, 9.21071477933e-005, 4.86219723825e-005, 5.49108772248e-005, 0.000115161892609, 5.5066706409e-005, 7.78578396421e-005, 8.52111697895e-005, 5.0728842325e-005, 5.74081168452e-005, 0.000119608586829, 0.000188169884495, 0.000249849224929, 0.000297601451166, 0.000402134144679, 0.000355009979103, 0.00019357468409, 6.30449067103e-005, 1.43662882692e-005, 5.70125394006e-006, 2.03895797313e-006, 6.16194739678e-008, 5.42344835708e-010]
        min: [2.51362855776e-024, 2.39719903848e-023, 7.64203322134e-024, 3.11062172754e-024, 5.22690053459e-023, 4.64076378691e-024, 2.78306435493e-023, 3.30630885139e-023, 6.96348788729e-023, 4.01064646606e-023, 7.33170670083e-023, 6.79161150435e-023, 7.90098722645e-023, 6.89845419426e-023, 1.10833328975e-022, 1.24567233251e-022, 2.07082639296e-022, 2.63222032901e-022, 2.38316924195e-022, 2.62168771064e-022, 3.54625667293e-022, 4.95574386102e-022, 6.09443441167e-022, 8.87069013968e-022, 1.08918017611e-021, 1.78982275368e-021, 2.7104553884e-021]
        var: [4.61303825e-012, 1.22622800802e-008, 7.6495652479e-008, 9.91526718508e-008, 2.46017236805e-007, 2.15652434576e-007, 4.90694453958e-008, 7.04247256067e-008, 2.33844176023e-007, 2.8802165275e-007, 1.11614312459e-007, 9.45952791653e-008, 2.77778706703e-008, 3.16214290308e-008, 1.07405689675e-007, 1.96667755858e-007, 1.47081095747e-007, 1.8674164437e-007, 1.80608196843e-007, 1.36009404628e-007, 6.02662879601e-008, 8.58147153338e-009, 3.19927639936e-010, 4.47919791535e-011, 1.15992276548e-011, 5.12626813015e-014, 2.21470433219e-018]
    frequency_bands:
        dmean: [1.00639067568e-006, 7.31840191293e-005, 0.000164789758855, 0.000143782206578, 0.000204056879738, 0.000194194522919, 9.24519990804e-005, 0.000101870573417, 0.000178444184712, 0.000104822873254, 0.000122693221783, 0.000121228367789, 6.84521000949e-005, 6.64142644382e-005, 0.000139297873829, 0.00018617369642, 0.000193939529709, 0.00023636854894, 0.000283628265606, 0.000224781600991, 0.000145709869685, 5.54086109332e-005, 8.75505338627e-006, 2.89072636406e-006, 1.23393806462e-006, 6.32171150983e-008, 5.84830461836e-010, 6.01730679173e-011]
        dmean2: [1.48787955823e-006, 0.000127451930894, 0.000283042580122, 0.000233923623455, 0.000346378859831, 0.000327599962475, 0.000155817630002, 0.000164905271959, 0.000279834173853, 0.000163236938533, 0.00019365370099, 0.000193600179045, 0.000112541209091, 0.000109385662654, 0.000227661934332, 0.000303289736621, 0.000321590749081, 0.000399160053348, 0.000492471619509, 0.000382695609005, 0.000253568054177, 9.78351745289e-005, 1.45223903019e-005, 4.65957373308e-006, 1.9579738364e-006, 9.77857084195e-008, 9.64313628948e-010, 1.12331741131e-010]
        dvar: [2.25438027621e-012, 1.21241763296e-008, 5.75835166217e-008, 6.33659382743e-008, 2.68751620069e-007, 2.0179886917e-007, 4.96719074761e-008, 5.01375865269e-008, 1.05841991171e-007, 4.98607271027e-008, 5.94244973229e-008, 5.94554947497e-008, 1.84096435873e-008, 1.77639858379e-008, 5.17558049751e-008, 1.04749283025e-007, 8.85438566911e-008, 1.35300425086e-007, 1.57616597107e-007, 9.83243424457e-008, 5.58659287719e-008, 8.29561841442e-009, 1.51839332774e-010, 1.98725948891e-011, 5.16319278998e-012, 2.53393531472e-014, 1.37446832803e-018, 7.66784391713e-021]
        dvar2: [4.65924347715e-012, 3.39688916995e-008, 1.54572248334e-007, 1.50348938632e-007, 7.35319019896e-007, 5.40982739494e-007, 1.29396241277e-007, 1.28662478005e-007, 2.50688174219e-007, 1.14285327868e-007, 1.50591006332e-007, 1.43466792224e-007, 4.69523335767e-008, 4.3488523005e-008, 1.31515903945e-007, 2.55474247979e-007, 2.25857505143e-007, 3.59913542525e-007, 4.33317183024e-007, 2.57159285866e-007, 1.48228622265e-007, 2.28774048594e-008, 3.79959674834e-010, 4.67544197802e-011, 1.15316818594e-011, 5.56454838804e-014, 3.26082765877e-018, 2.47428138908e-020]
        max: [1.37701663334e-005, 0.000994298490696, 0.00318240490742, 0.00396634638309, 0.0101396301761, 0.0065240082331, 0.00408781273291, 0.0038670937065, 0.0062261223793, 0.00625434331596, 0.00467240670696, 0.00626468705013, 0.00299727637321, 0.00254073808901, 0.0031799369026, 0.00693385116756, 0.00472404621542, 0.00549130840227, 0.00593741983175, 0.00455516530201, 0.00330332783051, 0.000916045159101, 0.000185930490261, 7.26230355212e-005, 4.6128363465e-005, 3.85721341445e-006, 3.72745034838e-008, 1.11500741973e-009]
        mean: [1.55262239332e-006, 8.98801154108e-005, 0.000201344693778, 0.000177013134817, 0.000252990517765, 0.000246296724072, 0.000112962596177, 0.000142324017361, 0.000292898708722, 0.000211326841963, 0.000196274573682, 0.000183905038284, 0.000106427665742, 0.000111414236017, 0.000243338625296, 0.000328389694914, 0.000350079557393, 0.000411262240959, 0.000491610902827, 0.000430359272286, 0.00025171219022, 8.8163811597e-005, 1.90265927813e-005, 7.20110119801e-006, 2.90861430585e-006, 1.25255667172e-007, 9.47186107325e-010, 4.55964467572e-011]
        median: [3.91360543972e-007, 5.79263505642e-005, 0.000113199799671, 6.96264687576e-005, 0.000109251246613, 9.21071477933e-005, 4.86219723825e-005, 5.49108772248e-005, 0.000115161892609, 5.5066706409e-005, 7.78578396421e-005, 8.52111697895e-005, 5.0728842325e-005, 5.74081168452e-005, 0.000119608586829, 0.000188169884495, 0.000249849224929, 0.000297601451166, 0.000402134144679, 0.000355009979103, 0.00019357468409, 6.30449067103e-005, 1.43662882692e-005, 5.70125394006e-006, 2.03895797313e-006, 6.16194739678e-008, 5.42344835708e-010, 1.66672023405e-011]
        min: [2.51362855776e-024, 2.39719903848e-023, 7.64203322134e-024, 3.11062172754e-024, 5.22690053459e-023, 4.64076378691e-024, 2.78306435493e-023, 3.30630885139e-023, 6.96348788729e-023, 4.01064646606e-023, 7.33170670083e-023, 6.79161150435e-023, 7.90098722645e-023, 6.89845419426e-023, 1.10833328975e-022, 1.24567233251e-022, 2.07082639296e-022, 2.63222032901e-022, 2.38316924195e-022, 2.62168771064e-022, 3.54625667293e-022, 4.95574386102e-022, 6.09443441167e-022, 8.87069013968e-022, 1.08918017611e-021, 1.78982275368e-021, 2.7104553884e-021, 7.16127424889e-022]
        var: [4.61303825e-012, 1.22622800802e-008, 7.6495652479e-008, 9.91526718508e-008, 2.46017236805e-007, 2.15652434576e-007, 4.90694453958e-008, 7.04247256067e-008, 2.33844176023e-007, 2.8802165275e-007, 1.11614312459e-007, 9.45952791653e-008, 2.77778706703e-008, 3.16214290308e-008, 1.07405689675e-007, 1.96667755858e-007, 1.47081095747e-007, 1.8674164437e-007, 1.80608196843e-007, 1.36009404628e-007, 6.02662879601e-008, 8.58147153338e-009, 3.19927639936e-010, 4.47919791535e-011, 1.15992276548e-011, 5.12626813015e-014, 2.21470433219e-018, 5.79885072959e-021]
    mfcc:
        mean: [-698.543212891, 78.8393707275, -49.4800415039, 42.9410743713, -16.7965736389, -2.93669891357, -2.50275588036, -0.505405604839, 0.294287204742, -4.08264017105, -6.8001203537, -4.16100597382, -2.58746027946]
        cov: [[8560.50878906, 659.041442871, -775.274536133, 1144.70043945, 102.727119446, 445.135375977, 338.726593018, 339.67388916, 282.810058594, 195.022827148, 69.0470123291, -8.22036647797, 35.497631073], [659.041442871, 612.697875977, -36.8259086609, 69.3976135254, 36.3342094421, 14.051651001, 42.0591812134, 37.370300293, 32.7285614014, 27.6913146973, -10.3299846649, 1.62988233566, 5.71552324295], [-775.274536133, -36.8259086609, 433.528045654, 25.0934467316, 61.4044303894, 43.1101531982, 42.524433136, 12.7773084641, -3.11015558243, 2.09995532036, 29.6770648956, 25.834148407, 10.0497817993], [1144.70043945, 69.3976135254, 25.0934467316, 472.407318115, 119.696937561, 139.874313354, 95.4801101685, 78.722694397, 75.6973495483, 53.110874176, 46.3126907349, 23.9642467499, 22.5161952972], [102.727119446, 36.3342094421, 61.4044303894, 119.696937561, 231.242950439, 125.562973022, 84.6419296265, 58.7923736572, 65.2110748291, 69.2555541992, 39.5018730164, 30.73828125, 17.9523258209], [445.135375977, 14.051651001, 43.1101531982, 139.874313354, 125.562973022, 223.922363281, 160.774459839, 81.704750061, 50.6236381531, 55.902179718, 44.9251174927, 21.1430644989, 12.338763237], [338.726593018, 42.0591812134, 42.524433136, 95.4801101685, 84.6419296265, 160.774459839, 227.347564697, 103.826660156, 53.8427200317, 48.4840126038, 39.1834411621, 28.4242229462, 12.3755254745], [339.67388916, 37.370300293, 12.7773084641, 78.722694397, 58.7923736572, 81.704750061, 103.826660156, 151.717315674, 91.8510665894, 59.0017814636, 20.0373268127, 13.3512887955, 17.0733604431], [282.810058594, 32.7285614014, -3.11015558243, 75.6973495483, 65.2110748291, 50.6236381531, 53.8427200317, 91.8510665894, 138.223922729, 87.0365524292, 24.2012577057, 6.23099184036, 9.38330078125], [195.022827148, 27.6913146973, 2.09995532036, 53.110874176, 69.2555541992, 55.902179718, 48.4840126038, 59.0017814636, 87.0365524292, 121.116867065, 52.25050354, 15.6487522125, 7.61217021942], [69.0470123291, -10.3299846649, 29.6770648956, 46.3126907349, 39.5018730164, 44.9251174927, 39.1834411621, 20.0373268127, 24.2012577057, 52.25050354, 84.08228302, 42.491771698, 12.9357013702], [-8.22036647797, 1.62988233566, 25.834148407, 23.9642467499, 30.73828125, 21.1430644989, 28.4242229462, 13.3512887955, 6.23099184036, 15.6487522125, 42.491771698, 76.9398269653, 37.6909446716], [35.497631073, 5.71552324295, 10.0497817993, 22.5161952972, 17.9523258209, 12.338763237, 12.3755254745, 17.0733604431, 9.38330078125, 7.61217021942, 12.9357013702, 37.6909446716, 66.0078735352]]
        icov: [[0.000294890429359, -0.000209450197872, 0.000532678852323, -0.000646091066301, 0.000387100997614, -0.000415260583395, 4.06956351071e-005, -0.000223849594477, -5.0049933634e-005, -5.97654652665e-005, -4.23461688115e-006, 5.88167276874e-005, 2.70551254289e-006], [-0.000209450197872, 0.00189580267761, -0.000220618938329, 0.000187997342437, -0.000508992408868, 0.000820939836558, -0.000530527962837, 4.62257848994e-005, 0.000186993958778, -0.000525158888195, 0.000807647651527, -0.000236136766034, 9.68437007032e-007], [0.000532678852323, -0.000220618938329, 0.00347104435787, -0.00110930018127, -4.08781452279e-005, -0.000635543838143, -0.000232655991567, -0.000520867819432, 0.000137303984957, 0.000556139624678, -0.000848958909046, -4.64842996735e-005, 9.2487425718e-008], [-0.000646091066301, 0.000187997342437, -0.00110930018127, 0.00428470503539, -0.00140826357529, -0.000549335731193, 0.000325947301462, 0.000244512950303, -0.00104745302815, 0.00119998340961, -0.00115932791959, 0.000241888003075, -0.000500572263263], [0.000387100997614, -0.000508992408868, -4.08781452279e-005, -0.00140826357529, 0.00801459699869, -0.00424525840208, 0.00083044951316, 0.000322243722621, -0.00132212776225, -0.00236595631577, 0.00134216924198, -0.00208975235, 8.82911626832e-005], [-0.000415260583395, 0.000820939836558, -0.000635543838143, -0.000549335731193, -0.00424525840208, 0.013188732788, -0.00700768781826, -0.000252054334851, 0.00169314153027, -0.000634105526842, -0.00198178552091, 0.00244081788696, -0.000668249966111], [4.06956351071e-005, -0.000530527962837, -0.000232655991567, 0.000325947301462, 0.00083044951316, -0.00700768781826, 0.0112233813852, -0.00481236772612, 0.000654967385344, 0.00045816556667, -0.000440027390141, -0.00233764806762, 0.0014479982201], [-0.000223849594477, 4.62257848994e-005, -0.000520867819432, 0.000244512950303, 0.000322243722621, -0.000252054334851, -0.00481236772612, 0.0152793861926, -0.0081759467721, 4.0101367631e-005, 0.00146566634066, 2.47822026722e-005, -0.00212187157013], [-5.0049933634e-005, 0.000186993958778, 0.000137303984957, -0.00104745302815, -0.00132212776225, 0.00169314153027, 0.000654967385344, -0.0081759467721, 0.019591903314, -0.0112730069086, 0.00304828910157, 0.000536448264029, -6.57050532027e-006], [-5.97654652665e-005, -0.000525158888195, 0.000556139624678, 0.00119998340961, -0.00236595631577, -0.000634105526842, 0.00045816556667, 4.0101367631e-005, -0.0112730069086, 0.0221945587546, -0.0119400257245, 0.00358315859921, -0.000413769215811], [-4.23461688115e-006, 0.000807647651527, -0.000848958909046, -0.00115932791959, 0.00134216924198, -0.00198178552091, -0.000440027390141, 0.00146566634066, 0.00304828910157, -0.0119400257245, 0.025978198275, -0.0134251061827, 0.00368432351388], [5.88167276874e-005, -0.000236136766034, -4.64842996735e-005, 0.000241888003075, -0.00208975235, 0.00244081788696, -0.00233764806762, 2.47822026722e-005, 0.000536448264029, 0.00358315859921, -0.0134251061827, 0.0268523897976, -0.0127340825275], [2.70551254289e-006, 9.68437007032e-007, 9.2487425718e-008, -0.000500572263263, 8.82911626832e-005, -0.000668249966111, 0.0014479982201, -0.00212187157013, -6.57050532027e-006, -0.000413769215811, 0.00368432351388, -0.0127340825275, 0.0222950410098]]
    sccoeffs:
        dmean: [0.0613071061671, 0.0512615628541, 0.042427636683, 0.0328760966659, 0.0205170642585, 0.0196651555598]
        dmean2: [0.100051417947, 0.0839466303587, 0.0690496340394, 0.0532778203487, 0.033721011132, 0.0323068313301]
        dvar: [0.00253597437404, 0.00178381591104, 0.00125767989084, 0.000770294805989, 0.000352577364538, 0.000335116637871]
        dvar2: [0.00657681934536, 0.00454982602969, 0.00302950362675, 0.00187890336383, 0.000840632477775, 0.00085929495981]
        max: [-0.265106469393, -0.420346707106, -0.430722922087, -0.543954849243, -0.524572968483, -0.576725900173]
        mean: [-0.673754811287, -0.75758844614, -0.761295318604, -0.775189101696, -0.799907326698, -0.747872889042]
        median: [-0.685373067856, -0.76870572567, -0.770135402679, -0.783967256546, -0.802965521812, -0.745229125023]
        min: [-0.975465714931, -0.981221795082, -0.996082186699, -0.960671305656, -0.966981709003, -0.960770070553]
        var: [0.00903148204088, 0.00606302544475, 0.00511721940711, 0.00332310725935, 0.00119388115127, 0.00160168565344]
    scvalleys:
        dmean: [0.427873730659, 0.402320414782, 0.343995630741, 0.286552846432, 0.264296978712, 0.222238361835]
        dmean2: [0.683415353298, 0.654690146446, 0.541867494583, 0.452164173126, 0.419434577227, 0.345235526562]
        dvar: [0.155801564455, 0.148089200258, 0.124875947833, 0.106832422316, 0.107768803835, 0.0856933072209]
        dvar2: [0.334797680378, 0.332922101021, 0.259104251862, 0.209029361606, 0.218082502484, 0.164673566818]
        max: [-5.45748233795, -4.71883440018, -5.04134130478, -5.42085361481, -5.31425094604, -7.66054821014]
        mean: [-7.37410497665, -6.84094953537, -7.13387393951, -7.21753501892, -6.94107961655, -9.4343957901]
        median: [-6.66817808151, -6.58218288422, -6.8237323761, -6.84795236588, -6.54880332947, -9.04075813293]
        min: [-26.9302272797, -27.452457428, -27.4487514496, -27.5856113434, -27.3069458008, -27.3169155121]
        var: [4.16180324554, 2.2782535553, 2.38694453239, 2.61222696304, 2.69614744186, 2.52558922768]

rhythm:
    beats_loudness:
        dmean: 0.00155311985873
        dmean2: 0.00273624248803
        dvar: 2.20450579036e-006
        dvar2: 6.26304563411e-006
        max: 0.0156571082771
        mean: 0.0053797448054
        median: 0.00559949874878
        min: 1.73608447496e-012
        var: 5.11593088959e-006
    bpm: 106.446578979
    bpm_confidence: 0
    first_peak_bpm: 108
    first_peak_spread: 0.473354250193
    first_peak_weight: 0.450402140617
    onset_rate: 3.52984809875
    second_peak_bpm: 103
    second_peak_spread: 0.444444447756
    second_peak_weight: 0.0536193028092
    beats_loudness_band_ratio:
        dmean: [0.0989664494991, 0.0858646556735, 0.123711675406, 0.0921161025763, 0.105321981013, 0.0888366103172]
        dmean2: [0.169827848673, 0.144565671682, 0.224815160036, 0.161159455776, 0.178859323263, 0.157109007239]
        dvar: [0.00796182826161, 0.0085240341723, 0.0141262877733, 0.00788792874664, 0.00767786568031, 0.00771721638739]
        dvar2: [0.0225640702993, 0.0218774247915, 0.0408933311701, 0.0221105013043, 0.021361336112, 0.0226880628616]
        max: [0.487807899714, 0.601482987404, 0.795232117176, 0.573099315166, 0.714644432068, 0.622568428516]
        mean: [0.143906980753, 0.101798325777, 0.158843070269, 0.147615969181, 0.255577176809, 0.217051208019]
        median: [0.128274202347, 0.06399063766, 0.105838552117, 0.132011264563, 0.247128278017, 0.203522086143]
        min: [0, 0, 0, 0, 0, 0]
        var: [0.0118744410574, 0.0102862687781, 0.0204670857638, 0.00991134904325, 0.0127595104277, 0.0112668024376]
    beats_position: [0.46439909935, 0.9287981987, 1.39319729805, 1.8575963974, 2.32199549675, 2.7863945961, 3.25079369545, 3.72680258751, 4.19120168686, 4.65560102463, 5.11999988556, 5.58439922333, 6.04879808426, 6.52480697632, 6.98920631409, 7.45360517502, 7.91800451279, 8.39401340485, 8.87002277374, 9.43891143799, 10.0078001022, 10.5650787354, 11.1223583221, 11.6912469864, 12.2601356506, 12.8174142838, 13.3746938705, 13.9435825348, 14.512471199, 15.0697498322, 15.6270294189, 16.1959171295, 16.7648067474, 17.3220863342, 17.8793640137, 18.4482536316, 19.0171432495, 19.574420929, 20.1317005157, 20.6889801025, 21.246257782, 21.8035373688, 22.3724250793, 22.9413146973, 23.4985942841, 24.0558719635, 24.6247615814, 25.1936511993, 25.7509288788, 26.3082084656, 26.8770961761, 27.4343757629, 28.0032653809, 28.5605430603, 29.1178226471, 29.686712265, 30.2555999756, 30.8244895935, 31.4165973663, 32.0203170776, 32.6240348816, 33.2277526855, 33.8082542419, 34.3771438599, 34.9460296631, 35.5033111572, 36.0605888367, 36.6294784546, 37.1983680725, 37.755645752, 38.3129234314, 38.8702049255, 39.4390907288, 40.0079803467, 40.5652618408, 41.1225395203, 41.6914291382, 42.2603149414, 42.8175964355, 43.374874115, 43.9321517944, 44.5010414124, 45.0699310303, 45.6388206482, 46.2077102661, 46.7649879456, 47.322265625, 47.8795471191, 48.4368247986, 49.0057144165, 49.5629920959, 50.1318817139, 50.6891593933, 51.2464370728, 51.8037185669, 52.3726081848, 52.941493988, 53.4987754822, 54.0676651001, 54.6365509033, 55.1938323975, 55.7511100769, 56.3199996948, 56.8772773743, 57.4345550537, 58.0034446716, 58.583946228, 59.1760520935, 59.7681617737, 60.3718795776, 60.9756011963, 61.556098938, 62.1249885559, 62.6822662354, 63.2511558533, 63.8200454712, 64.3773193359, 64.9346008301, 65.5034942627, 66.0723800659, 66.6528778076, 67.2333755493, 67.8254852295, 68.4059829712, 68.9864807129, 69.5553741455, 70.1358718872, 70.7279815674, 71.3084793091, 71.8773651123, 72.4462585449, 73.0035324097, 73.5608139038, 74.1180953979, 74.6869812012, 75.2558746338, 75.8131484985, 76.3704299927, 76.9393157959, 77.5082092285, 78.0654830933, 78.6227645874, 79.1800460815, 79.7489318848, 80.3062133789, 80.8750991821, 81.4323806763, 82.0012664795, 82.5701599121, 83.1274337769, 83.684715271, 84.2536010742, 84.8224945068, 85.3797683716, 85.9370498657, 86.4943313599, 87.0632171631, 87.6437149048, 88.2126083374, 88.7698822021, 89.3271636963, 89.8844451904, 90.4417190552, 91.0106124878, 91.5562820435, 92.1251678467, 92.6824493408, 93.2397232056, 93.8086166382, 94.3775024414, 94.946395874, 95.5152816772, 96.0957794189, 96.6878890991, 97.2683868408, 97.8721084595, 98.4758224487, 99.0563278198, 99.6368255615, 100.194099426, 100.75138092, 101.308662415, 101.865936279, 102.434829712, 103.003715515, 103.560997009, 104.118278503, 104.675552368, 105.244445801, 105.813331604, 106.370613098, 106.939498901, 107.508384705, 108.065666199, 108.634559631, 109.203445435, 109.760726929, 110.318000793, 110.875282288, 111.432563782, 111.989837646, 112.547119141, 113.116004944, 113.684898376, 114.242172241, 114.799453735, 115.356735229, 115.925621033, 116.494506836, 117.063400269, 117.632286072, 118.189567566, 118.74684906, 119.315734863, 119.884620667, 120.441902161, 120.999183655, 121.55645752, 122.113739014, 122.682624817, 123.25151825, 123.808792114, 124.366073608, 124.94657135, 125.503852844, 126.061134338, 126.618408203, 127.175689697, 127.7445755, 128.313461304, 128.870742798, 129.428024292, 129.996917725, 130.565795898, 131.123077393, 131.691970825, 132.260864258, 132.818145752, 133.375411987, 133.932693481, 134.501586914, 135.058868408, 135.627746582, 136.185028076, 136.74230957, 137.299591064, 137.868484497, 138.437362671, 138.994644165, 139.551925659, 140.120819092, 140.678085327, 141.24697876, 141.804260254, 142.384765625, 142.94203186, 143.499313354, 144.056594849, 144.625488281, 145.194366455, 145.751647949, 146.308929443, 146.877822876, 147.446716309, 148.003982544, 148.561264038, 149.118545532, 149.675827026, 150.233108521, 150.801986694, 151.370880127, 151.928161621, 152.497055054, 153.065933228, 153.63482666, 154.203720093, 154.761001587, 155.318267822, 155.875549316, 156.432830811, 157.001724243, 157.570602417, 158.127883911, 158.685165405, 159.242446899, 159.811340332, 160.380218506, 160.9375, 161.506393433, 162.063674927, 162.632553101, 163.189834595, 163.747116089, 164.316009521, 164.873291016, 165.430557251, 165.999450684, 166.556732178, 167.114013672, 167.682891846, 168.251785278, 168.820678711, 169.389572144, 169.946838379, 170.504119873, 171.061401367, 171.6302948, 172.199172974, 172.756454468, 173.313735962, 173.871017456, 174.439910889, 175.008789063, 175.566070557, 176.123352051, 176.692245483, 177.261123657, 177.83001709, 178.410522461, 179.002624512, 179.594741821, 180.186843872, 180.767349243, 181.347839355, 181.928344727, 182.4972229, 183.066116333, 183.635009766, 184.203903198, 184.761169434, 185.318450928, 185.875732422, 186.433013916, 187.001907349, 187.570785522, 188.128067017, 188.685348511, 189.242630005, 189.799911499, 190.357177734, 190.926071167, 191.4949646, 192.052246094, 192.609527588, 193.178405762, 193.747299194, 194.304580688, 194.873458862, 195.442352295, 195.999633789, 196.556915283, 197.114196777, 197.671463013, 198.240356445, 198.809249878, 199.378143311, 199.947021484, 200.504302979, 201.061584473, 201.630477905, 202.199356079, 202.756637573, 203.313919067, 203.871200562, 204.440093994, 205.008972168, 205.577865601, 206.146759033, 206.715637207, 207.272918701, 207.830200195, 208.399093628, 208.967971802, 209.536865234]
