
metadata:
    version:
        essentia: "2.1-beta2"
    audio_properties:
        analysis_sample_rate: 44100
        bitrate: 320
        channels: 2
        equal_loudness: 1
        length: 216.999191284
        replay_gain: -15.1309967041
        downmix: "mix"
    tags:
        album: "Incomparable"
        artist: "Dead By April"
        comment: "-=Titan=-"
        date: "2011"
        genre: "Modern Metal"
        title: "Calling"
        tracknumber: "5"

configuration:
    average_loudness:
        compute: 1
        frameSize: 88200
        hopSize: 44100
        silentFrames: "noise"
        windowType: "hann"
    general:
        analysisSampleRate: 44100
        endTime: 2000
        equalLoudness: 1
        nequalLoudness: 0
        shortSound: 0
        startTime: 0
    lowlevel:
        compute: 1
        frameSize: 2048
        hopSize: 1024
        zeroPadding: 0
        silentFrames: "noise"
        windowType: "blackmanharris62"
        mfccStats: ["mean", "cov", "icov"]
        stats: ["mean", "var", "median", "min", "max", "dmean", "dmean2", "dvar", "dvar2"]
    panning:
        compute: 0
        frameSize: 8192
        hopSize: 2048
        zeroPadding: 8192
        silentFrames: "noise"
        windowType: "hann"
        stats: ["copy"]
    rhythm:
        compute: 1
        maxTempo: 208
        minTempo: 40
        method: "degara"
        stats: ["mean", "var", "median", "min", "max", "dmean", "dmean2", "dvar", "dvar2"]
    segmentation:
        compute: 0
        cpw: 5
        inc1: 300
        inc2: 50
        minimumSegmentsLength: 10
        size1: 1000
        size2: 600
    sfx:
        compute: 1
        stats: ["mean", "var", "median", "min", "max", "dmean", "dmean2", "dvar", "dvar2"]
    svm:
        compute: 0
    tonal:
        compute: 1
        frameSize: 4096
        hopSize: 2048
        zeroPadding: 0
        silentFrames: "noise"
        windowType: "blackmanharris62"
        stats: ["mean", "var", "median", "min", "max", "dmean", "dmean2", "dvar", "dvar2"]

lowlevel:
    average_loudness: 0.870510399342
    barkbands_kurtosis:
        dmean: 0.831737160683
        dmean2: 1.34102451801
        dvar: 1.94950294495
        dvar2: 4.25290155411
        max: 38.3209953308
        mean: -0.149741962552
        median: -0.814119577408
        min: -1.86624634266
        var: 4.56642770767
    barkbands_skewness:
        dmean: 0.422096401453
        dmean2: 0.662575721741
        dvar: 0.206692308187
        dvar2: 0.507553756237
        max: 6.10512113571
        mean: 0.0279276166111
        median: -0.0576064176857
        min: -3.28506565094
        var: 0.864427983761
    barkbands_spread:
        dmean: 5.21898889542
        dmean2: 8.32359695435
        dvar: 28.099571228
        dvar2: 69.3531265259
        max: 69.1771774292
        mean: 29.6025829315
        median: 30.1859951019
        min: 1.67460417747
        var: 135.779144287
    dissonance:
        dmean: 0.0155414585024
        dmean2: 0.0258833859116
        dvar: 0.000342318147887
        dvar2: 0.000932862283662
        max: 0.5
        mean: 0.46960619092
        median: 0.479508459568
        min: 0.236055478454
        var: 0.000970787892584
    hfc:
        dmean: 2.62004113197
        dmean2: 4.39271688461
        dvar: 17.8765735626
        dvar2: 48.1311569214
        max: 53.1720123291
        mean: 8.05774211884
        median: 7.39444160461
        min: 1.14639689013e-016
        var: 42.6400909424
    pitch:
        dmean: 584.607116699
        dmean2: 1120.31628418
        dvar: 1266839.5
        dvar2: 3208234.25
        max: 4871.43945313
        mean: 919.197692871
        median: 311.062103271
        min: 65.0348892212
        var: 1643622.625
    pitch_instantaneous_confidence:
        dmean: 0.0815296322107
        dmean2: 0.131119981408
        dvar: 0.00562321580946
        dvar2: 0.0131187159568
        max: 0.936950683594
        mean: 0.440783619881
        median: 0.402912735939
        min: 0.121816694736
        var: 0.0320248790085
    pitch_salience:
        dmean: 0.0636927783489
        dmean2: 0.1049252823
        dvar: 0.0036139562726
        dvar2: 0.00961316470057
        max: 0.903274536133
        mean: 0.617774188519
        median: 0.626460850239
        min: 0.10483057797
        var: 0.00960932765156
    silence_rate_20dB:
        dmean: 0
        dmean2: 0
        dvar: 0
        dvar2: 0
        max: 1
        mean: 1
        median: 1
        min: 1
        var: 0
    silence_rate_30dB:
        dmean: 0
        dmean2: 0
        dvar: 0
        dvar2: 0
        max: 1
        mean: 1
        median: 1
        min: 1
        var: 0
    silence_rate_60dB:
        dmean: 0.0740423724055
        dmean2: 0.148100584745
        dvar: 0.0685660243034
        dvar2: 0.147147193551
        max: 1
        mean: 0.330159395933
        median: 0
        min: 0
        var: 0.221162781119
    spectral_centroid:
        dmean: 284.322875977
        dmean2: 459.519622803
        dvar: 125594.15625
        dvar2: 317208.375
        max: 11033.9980469
        mean: 1696.70837402
        median: 1737.58703613
        min: 213.272186279
        var: 464597.96875
    spectral_complexity:
        dmean: 3.71367430687
        dmean2: 6.07961463928
        dvar: 20.7094554901
        dvar2: 52.3638954163
        max: 46
        mean: 14.3340110779
        median: 14
        min: 0
        var: 87.697052002
    spectral_crest:
        dmean: 1.98868775368
        dmean2: 3.27452468872
        dvar: 3.64874768257
        dvar2: 9.27192401886
        max: 25.088104248
        mean: 7.13910055161
        median: 6.37522125244
        min: 2.31479787827
        var: 9.77252101898
    spectral_decrease:
        dmean: 2.64494259827e-010
        dmean2: 4.29683899572e-010
        dvar: 1.77008922117e-019
        dvar2: 4.64904403877e-019
        max: 4.69406423863e-029
        mean: -9.50043932413e-010
        median: -9.41111633068e-010
        min: -4.48557102573e-009
        var: 4.18566754089e-019
    spectral_energy:
        dmean: 0.00120000052266
        dmean2: 0.00195154116955
        dvar: 3.49598167304e-006
        dvar2: 9.17509260034e-006
        max: 0.019913636148
        mean: 0.00431655626744
        median: 0.00424311542884
        min: 1.03471368511e-020
        var: 8.8041761046e-006
    spectral_energyband_high:
        dmean: 0.000214137253352
        dmean2: 0.000374176452169
        dvar: 1.63909447792e-007
        dvar2: 4.52548533758e-007
        max: 0.00784494075924
        mean: 0.000412471883465
        median: 0.000340792204952
        min: 7.34508272731e-021
        var: 1.88317514471e-007
    spectral_energyband_low:
        dmean: 0.000194402295165
        dmean2: 0.000324486551108
        dvar: 9.30630079665e-008
        dvar2: 2.35871027598e-007
        max: 0.00473075406626
        mean: 0.000372229784261
        median: 0.000294551777188
        min: 9.88180938639e-023
        var: 1.62696238704e-007
    spectral_energyband_middle_high:
        dmean: 0.000673624919727
        dmean2: 0.0010874113068
        dvar: 8.11111931398e-007
        dvar2: 2.09103814086e-006
        max: 0.0148830767721
        mean: 0.00230125035159
        median: 0.00208751740865
        min: 1.35798469365e-021
        var: 3.47775926457e-006
    spectral_energyband_middle_low:
        dmean: 0.000632249226328
        dmean2: 0.0010401296895
        dvar: 1.64454286278e-006
        dvar2: 4.39520772488e-006
        max: 0.0135471737012
        mean: 0.00134321313817
        median: 0.000955038995016
        min: 3.44894556845e-022
        var: 2.03194940696e-006
    spectral_flatness_db:
        dmean: 0.0135527802631
        dmean2: 0.0212234668434
        dvar: 0.00016802312166
        dvar2: 0.000382644619094
        max: 0.406631529331
        mean: 0.14534214139
        median: 0.128592997789
        min: 0.0639766007662
        var: 0.0030274214223
    spectral_flux:
        dmean: 0.00823444034904
        dmean2: 0.0125729283318
        dvar: 0.000104916471173
        dvar2: 0.000200258058612
        max: 0.111889526248
        mean: 0.036663223058
        median: 0.0381073281169
        min: 1.05121564231e-010
        var: 0.000416810216848
    spectral_kurtosis:
        dmean: 1.92372739315
        dmean2: 3.24941301346
        dvar: 30.5383110046
        dvar2: 93.1152114868
        max: 114.557243347
        mean: 6.72831392288
        median: 3.14607691765
        min: -1.17500126362
        var: 176.433853149
    spectral_rms:
        dmean: 0.000255460472545
        dmean2: 0.000403476151405
        dvar: 1.13417073067e-007
        dvar2: 2.81065553054e-007
        max: 0.00440771365538
        mean: 0.00187771441415
        median: 0.00203460687771
        min: 3.17722627721e-012
        var: 6.8544630949e-007
    spectral_rolloff:
        dmean: 415.083648682
        dmean2: 687.519592285
        dvar: 320965.65625
        dvar2: 719080.4375
        max: 18992.2851563
        mean: 3100.51147461
        median: 3402.24609375
        min: 150.732421875
        var: 1337028.625
    spectral_skewness:
        dmean: 0.206551000476
        dmean2: 0.338891625404
        dvar: 0.11150559783
        dvar2: 0.329032659531
        max: 7.89656496048
        mean: 1.62127172947
        median: 1.34175956249
        min: 0.0220548231155
        var: 1.01729142666
    spectral_spread:
        dmean: 391042.90625
        dmean2: 578541.125
        dvar: 424653619200
        dvar2: 695287021568
        max: 40906596
        mean: 4819498.5
        median: 4729069
        min: 665763.25
        var: 3.51593221325e+012
    spectral_strongpeak:
        dmean: 0.481326341629
        dmean2: 0.814538419247
        dvar: 0.550634324551
        dvar2: 1.3756840229
        max: 9.03814792633
        mean: 0.844836354256
        median: 0.368700772524
        min: 4.5165426954e-010
        var: 1.3127644062
    zerocrossingrate:
        dmean: 0.00822706334293
        dmean2: 0.0100345062092
        dvar: 7.35728317522e-005
        dvar2: 9.80240947683e-005
        max: 0.49169921875
        mean: 0.0953555256128
        median: 0.10009765625
        min: 0.013671875
        var: 0.00103032554034
    barkbands:
        dmean: [6.19284833192e-007, 6.51627415209e-005, 0.000129543055664, 0.000130176209495, 0.000264784612227, 0.000191825034562, 8.71573938639e-005, 9.99957919703e-005, 0.000127657287521, 7.0800393587e-005, 8.51745426189e-005, 4.75094275316e-005, 4.71686944366e-005, 5.38578169653e-005, 9.42281258176e-005, 0.000138110015541, 0.00018633097352, 0.000216163127334, 0.000205467425985, 0.000175849665538, 9.29920424824e-005, 4.17333649239e-005, 5.93462254983e-006, 1.88620686004e-006, 9.26516179334e-007, 4.4529155474e-008, 4.91683804782e-010]
        dmean2: [9.07717208065e-007, 0.000111031607958, 0.000218851084355, 0.000219831927097, 0.000466349039925, 0.00031650334131, 0.000142039221828, 0.000157953400048, 0.000194452033611, 0.000108175918285, 0.000131369466544, 7.4927098467e-005, 7.57804446039e-005, 8.85974586708e-005, 0.000151958622155, 0.000224436196731, 0.000305540219415, 0.00035539601231, 0.000352926610503, 0.000296084268484, 0.00016295396199, 7.423171337e-005, 9.96084236249e-006, 3.0508697364e-006, 1.45991839418e-006, 6.86812526851e-008, 7.94737387011e-010]
        dvar: [1.41994174665e-012, 1.05618660484e-008, 4.52324897537e-008, 9.43101454709e-008, 5.51053062736e-007, 1.6357105892e-007, 6.30501943988e-008, 5.52429249012e-008, 6.8411935672e-008, 2.03237782159e-008, 2.66670063809e-008, 9.20568865581e-009, 1.13623217501e-008, 1.10688249677e-008, 3.03492662113e-008, 7.75285542431e-008, 1.15653101318e-007, 1.25941767237e-007, 1.32801517339e-007, 8.11935905176e-008, 3.12771852862e-008, 7.48659534366e-009, 1.00295223515e-010, 1.18258744811e-011, 3.63615387799e-012, 1.48812016719e-014, 1.49260450536e-018]
        dvar2: [2.79582303489e-012, 2.94580289051e-008, 1.13683590541e-007, 2.5487238986e-007, 1.56189275913e-006, 4.1937320816e-007, 1.53523629365e-007, 1.36602636758e-007, 1.53224178234e-007, 4.46877663762e-008, 6.15836910356e-008, 2.26174847739e-008, 2.73796931793e-008, 2.85545258549e-008, 7.62271739063e-008, 1.85100731187e-007, 2.97104634228e-007, 3.23180358919e-007, 3.58117063115e-007, 2.15646764445e-007, 8.67180816044e-008, 2.11419539653e-008, 2.61040883354e-010, 2.77487338662e-011, 8.26978416302e-012, 3.26994968646e-014, 3.58115066264e-018]
        max: [1.26024460769e-005, 0.00103068130556, 0.00351485982537, 0.00416843639687, 0.0100027741864, 0.00551776587963, 0.00548375258222, 0.00466495146975, 0.00519420485944, 0.00301599362865, 0.00457589514554, 0.00239728065208, 0.00288955285214, 0.00180621747859, 0.00314566330053, 0.00616446789354, 0.0076839174144, 0.00608648592606, 0.00821749214083, 0.0062612676993, 0.00234274240211, 0.000958450022154, 0.000153158893227, 7.74969812483e-005, 6.0184578615e-005, 3.06453375742e-006, 4.92144884845e-008]
        mean: [9.38390826377e-007, 0.000103147438494, 0.000192485182197, 0.000158762384672, 0.000320242281305, 0.000292161450488, 0.000115577968245, 0.000165627847309, 0.000232223188505, 0.000139270763611, 0.000160907773534, 8.53847741382e-005, 8.27561452752e-005, 9.26945940591e-005, 0.000178681031684, 0.000249777716817, 0.000366217951523, 0.000420826574555, 0.00036218680907, 0.000352757080691, 0.000160987503477, 6.35877586319e-005, 1.25236283566e-005, 4.55410190625e-006, 2.1787247988e-006, 8.63557048092e-008, 8.21627321734e-010]
        median: [2.06022733096e-007, 7.69745092839e-005, 0.000110942375613, 6.07085894444e-005, 0.000140025367728, 0.000103372825834, 5.04260970047e-005, 6.13311640336e-005, 7.94194056652e-005, 5.32798294444e-005, 6.92853354849e-005, 4.0673163312e-005, 3.60481790267e-005, 4.56103734905e-005, 9.06522836885e-005, 0.000129591222503, 0.000188850201084, 0.000243560658419, 0.000285859860014, 0.000274005986284, 0.000127592124045, 4.45661389676e-005, 1.01188661574e-005, 3.59021373697e-006, 1.4076183561e-006, 4.61928308937e-008, 4.9899950838e-010]
        min: [1.5500184354e-023, 5.6777493725e-023, 7.737632119e-024, 9.37085344957e-024, 3.14625339134e-023, 4.05396944479e-023, 5.66545576416e-023, 3.81174875721e-023, 4.96448469229e-023, 2.29057959621e-023, 6.92965900732e-023, 8.71532518346e-023, 2.49114117047e-023, 7.48217781642e-023, 6.00804480243e-023, 1.22547408546e-022, 1.05587044234e-022, 9.26210802715e-023, 2.54353166355e-022, 1.97698690755e-022, 3.38403430664e-022, 4.81769547453e-022, 5.43012315756e-022, 8.36227345145e-022, 1.37824304559e-021, 1.50755373102e-021, 2.20910012861e-021]
        var: [2.95072213191e-012, 1.27815766859e-008, 7.07315663817e-008, 9.44575546669e-008, 4.23645815317e-007, 2.56873391891e-007, 6.90398280767e-008, 8.96510670145e-008, 1.78943039941e-007, 6.69615332072e-008, 7.57844205168e-008, 2.06246824064e-008, 2.53431675645e-008, 2.16481819137e-008, 6.91521364615e-008, 1.67571798215e-007, 3.05668891087e-007, 3.32474826337e-007, 1.71344680666e-007, 1.50716616076e-007, 3.38079821915e-008, 6.65678268064e-009, 1.65511021555e-010, 2.43789936155e-011, 8.1431328694e-012, 2.69181124466e-014, 2.16572614094e-018]
    frequency_bands:
        dmean: [6.19284833192e-007, 6.51627415209e-005, 0.000129543055664, 0.000130176209495, 0.000264784612227, 0.000191825034562, 8.71573938639e-005, 9.99957919703e-005, 0.000127657287521, 7.0800393587e-005, 8.51745426189e-005, 4.75094275316e-005, 4.71686944366e-005, 5.38578169653e-005, 9.42281258176e-005, 0.000138110015541, 0.00018633097352, 0.000216163127334, 0.000205467425985, 0.000175849665538, 9.29920424824e-005, 4.17333649239e-005, 5.93462254983e-006, 1.88620686004e-006, 9.26516179334e-007, 4.4529155474e-008, 4.91683804782e-010, 4.90438037404e-011]
        dmean2: [9.07717208065e-007, 0.000111031607958, 0.000218851084355, 0.000219831927097, 0.000466349039925, 0.00031650334131, 0.000142039221828, 0.000157953400048, 0.000194452033611, 0.000108175918285, 0.000131369466544, 7.4927098467e-005, 7.57804446039e-005, 8.85974586708e-005, 0.000151958622155, 0.000224436196731, 0.000305540219415, 0.00035539601231, 0.000352926610503, 0.000296084268484, 0.00016295396199, 7.423171337e-005, 9.96084236249e-006, 3.0508697364e-006, 1.45991839418e-006, 6.86812526851e-008, 7.94737387011e-010, 9.07457858856e-011]
        dvar: [1.41994174665e-012, 1.05618660484e-008, 4.52324897537e-008, 9.43101454709e-008, 5.51053062736e-007, 1.6357105892e-007, 6.30501943988e-008, 5.52429249012e-008, 6.8411935672e-008, 2.03237782159e-008, 2.66670063809e-008, 9.20568865581e-009, 1.13623217501e-008, 1.10688249677e-008, 3.03492662113e-008, 7.75285542431e-008, 1.15653101318e-007, 1.25941767237e-007, 1.32801517339e-007, 8.11935905176e-008, 3.12771852862e-008, 7.48659534366e-009, 1.00295223515e-010, 1.18258744811e-011, 3.63615387799e-012, 1.48812016719e-014, 1.49260450536e-018, 5.5621009754e-021]
        dvar2: [2.79582303489e-012, 2.94580289051e-008, 1.13683590541e-007, 2.5487238986e-007, 1.56189275913e-006, 4.1937320816e-007, 1.53523629365e-007, 1.36602636758e-007, 1.53224178234e-007, 4.46877663762e-008, 6.15836910356e-008, 2.26174847739e-008, 2.73796931793e-008, 2.85545258549e-008, 7.62271739063e-008, 1.85100731187e-007, 2.97104634228e-007, 3.23180358919e-007, 3.58117063115e-007, 2.15646764445e-007, 8.67180816044e-008, 2.11419539653e-008, 2.61040883354e-010, 2.77487338662e-011, 8.26978416302e-012, 3.26994968646e-014, 3.58115066264e-018, 1.77842135332e-020]
        max: [1.26024460769e-005, 0.00103068130556, 0.00351485982537, 0.00416843639687, 0.0100027741864, 0.00551776587963, 0.00548375258222, 0.00466495146975, 0.00519420485944, 0.00301599362865, 0.00457589514554, 0.00239728065208, 0.00288955285214, 0.00180621747859, 0.00314566330053, 0.00616446789354, 0.0076839174144, 0.00608648592606, 0.00821749214083, 0.0062612676993, 0.00234274240211, 0.000958450022154, 0.000153158893227, 7.74969812483e-005, 6.0184578615e-005, 3.06453375742e-006, 4.92144884845e-008, 8.63976501453e-010]
        mean: [9.38390826377e-007, 0.000103147438494, 0.000192485182197, 0.000158762384672, 0.000320242281305, 0.000292161450488, 0.000115577968245, 0.000165627847309, 0.000232223188505, 0.000139270763611, 0.000160907773534, 8.53847741382e-005, 8.27561452752e-005, 9.26945940591e-005, 0.000178681031684, 0.000249777716817, 0.000366217951523, 0.000420826574555, 0.00036218680907, 0.000352757080691, 0.000160987503477, 6.35877586319e-005, 1.25236283566e-005, 4.55410190625e-006, 2.1787247988e-006, 8.63557048092e-008, 8.21627321734e-010, 3.85847846729e-011]
        median: [2.06022733096e-007, 7.69745092839e-005, 0.000110942375613, 6.07085894444e-005, 0.000140025367728, 0.000103372825834, 5.04260970047e-005, 6.13311640336e-005, 7.94194056652e-005, 5.32798294444e-005, 6.92853354849e-005, 4.0673163312e-005, 3.60481790267e-005, 4.56103734905e-005, 9.06522836885e-005, 0.000129591222503, 0.000188850201084, 0.000243560658419, 0.000285859860014, 0.000274005986284, 0.000127592124045, 4.45661389676e-005, 1.01188661574e-005, 3.59021373697e-006, 1.4076183561e-006, 4.61928308937e-008, 4.9899950838e-010, 1.21233596079e-011]
        min: [1.5500184354e-023, 5.6777493725e-023, 7.737632119e-024, 9.37085344957e-024, 3.14625339134e-023, 4.05396944479e-023, 5.66545576416e-023, 3.81174875721e-023, 4.96448469229e-023, 2.29057959621e-023, 6.92965900732e-023, 8.71532518346e-023, 2.49114117047e-023, 7.48217781642e-023, 6.00804480243e-023, 1.22547408546e-022, 1.05587044234e-022, 9.26210802715e-023, 2.54353166355e-022, 1.97698690755e-022, 3.38403430664e-022, 4.81769547453e-022, 5.43012315756e-022, 8.36227345145e-022, 1.37824304559e-021, 1.50755373102e-021, 2.20910012861e-021, 7.89988231631e-022]
        var: [2.95072213191e-012, 1.27815766859e-008, 7.07315663817e-008, 9.44575546669e-008, 4.23645815317e-007, 2.56873391891e-007, 6.90398280767e-008, 8.96510670145e-008, 1.78943039941e-007, 6.69615332072e-008, 7.57844205168e-008, 2.06246824064e-008, 2.53431675645e-008, 2.16481819137e-008, 6.91521364615e-008, 1.67571798215e-007, 3.05668891087e-007, 3.32474826337e-007, 1.71344680666e-007, 1.50716616076e-007, 3.38079821915e-008, 6.65678268064e-009, 1.65511021555e-010, 2.43789936155e-011, 8.1431328694e-012, 2.69181124466e-014, 2.16572614094e-018, 4.49162707687e-021]
    mfcc:
        mean: [-727.646850586, 93.8228607178, -42.9832801819, 41.6837654114, -13.4396390915, -4.3153591156, -3.1185760498, -0.261698067188, 0.870370149612, -3.25118899345, -4.87478590012, -4.16263532639, -2.15141797066]
        cov: [[12854.0351563, 163.911361694, -1063.77954102, 2688.82104492, 267.672973633, 473.398925781, 153.619094849, 221.959655762, 192.369110107, 49.2688789368, -138.859466553, -145.371154785, 1.22525262833], [163.911361694, 773.738220215, -126.555450439, -78.8583602905, -20.8863105774, -39.6426811218, 13.8682756424, -31.6103343964, -18.6292266846, -19.066116333, -15.3573970795, -25.2109298706, -10.4939804077], [-1063.77954102, -126.555450439, 407.012451172, -117.718292236, 26.1711330414, 16.8999862671, 22.7267971039, -1.74283266068, -7.54323291779, -3.58541345596, 22.0787773132, 31.3105373383, 7.29484701157], [2688.82104492, -78.8583602905, -117.718292236, 951.288452148, 159.372665405, 150.714416504, 71.8303527832, 44.0441970825, 46.085647583, -3.37300658226, -43.9188346863, -37.6745109558, 15.8039369583], [267.672973633, -20.8863105774, 26.1711330414, 159.372665405, 172.673278809, 56.3669815063, 22.6408023834, 26.4135684967, 49.7549438477, 22.7065906525, 6.55902957916, 15.8978757858, 17.0695209503], [473.398925781, -39.6426811218, 16.8999862671, 150.714416504, 56.3669815063, 187.23789978, 99.6791305542, 43.3082618713, 27.8401679993, 33.872959137, 11.1521291733, -7.43909168243, 0.0581651441753], [153.619094849, 13.8682756424, 22.7267971039, 71.8303527832, 22.6408023834, 99.6791305542, 171.514129639, 58.0394821167, 27.7045230865, 27.2027797699, 8.57896232605, -1.24513375759, 2.46793675423], [221.959655762, -31.6103343964, -1.74283266068, 44.0441970825, 26.4135684967, 43.3082618713, 58.0394821167, 116.573402405, 67.9962081909, 30.8168964386, 10.3882322311, 16.2942714691, 6.31697654724], [192.369110107, -18.6292266846, -7.54323291779, 46.085647583, 49.7549438477, 27.8401679993, 27.7045230865, 67.9962081909, 117.64125061, 56.5144233704, 18.2352199554, 18.3822021484, 9.88558292389], [49.2688789368, -19.066116333, -3.58541345596, -3.37300658226, 22.7065906525, 33.872959137, 27.2027797699, 30.8168964386, 56.5144233704, 119.624504089, 55.7800827026, 21.5791702271, 0.54342263937], [-138.859466553, -15.3573970795, 22.0787773132, -43.9188346863, 6.55902957916, 11.1521291733, 8.57896232605, 10.3882322311, 18.2352199554, 55.7800827026, 91.7065887451, 42.8002510071, 0.725140213966], [-145.371154785, -25.2109298706, 31.3105373383, -37.6745109558, 15.8978757858, -7.43909168243, -1.24513375759, 16.2942714691, 18.3822021484, 21.5791702271, 42.8002510071, 88.9735031128, 34.3224830627], [1.22525262833, -10.4939804077, 7.29484701157, 15.8039369583, 17.0695209503, 0.0581651441753, 2.46793675423, 6.31697654724, 9.88558292389, 0.54342263937, 0.725140213966, 34.3224830627, 64.4228515625]]
        icov: [[0.000288187089609, -9.13055919227e-005, 0.000478964007925, -0.00077272602357, 0.000327691901475, -0.000332305964548, 0.000276105798548, -0.000295776320854, -7.23146731616e-005, -7.62199051678e-005, 8.35477403598e-005, -0.000136037429911, 0.000130148211611], [-9.13055919227e-005, 0.00148745893966, 0.000382311001886, 0.000449094222859, -0.000343431398505, 0.00048973102821, -0.000750242965296, 0.000627217174042, -8.0223668192e-005, 0.000256244675256, -8.09693228803e-005, 0.00029798259493, 6.68406244131e-007], [0.000478964007925, 0.000382311001886, 0.00377685995772, -0.0007040106575, -0.000371400703443, -0.000785418029409, -0.00023934658384, -8.05993113318e-005, 0.00013181338727, 0.00053341180319, -0.000228961260291, -0.000917718803976, 0.00038117353688], [-0.00077272602357, 0.000449094222859, -0.0007040106575, 0.00361710949801, -0.00212753424421, 2.57782576227e-005, -0.000870379502885, 0.000791022437625, 0.000138510891702, 0.000559606938623, 0.000166687590536, 0.000897220161278, -0.000706158578396], [0.000327691901475, -0.000343431398505, -0.000371400703443, -0.00212753424421, 0.00887034740299, -0.00207621767186, 0.00108976033516, 0.000438953167759, -0.00330595881678, -4.60305709566e-005, 0.000281468994217, -0.00131727533881, -0.000725091609638], [-0.000332305964548, 0.00048973102821, -0.000785418029409, 2.57782576227e-005, -0.00207621767186, 0.00985334813595, -0.00484986929223, -0.000424092955654, 0.00102907617111, -0.00134192500263, -0.000946460990235, 0.00169514724985, -0.000101758327219], [0.000276105798548, -0.000750242965296, -0.00023934658384, -0.000870379502885, 0.00108976033516, -0.00484986929223, 0.0101435240358, -0.0042175562121, 0.00085920386482, -0.000860343279783, 0.000129210573505, 0.000430929707363, -0.000501861562952], [-0.000295776320854, 0.000627217174042, -8.05993113318e-005, 0.000791022437625, 0.000438953167759, -0.000424092955654, -0.0042175562121, 0.0160030759871, -0.00848637986928, 0.0012277563801, 0.000632510636933, -0.00223132502288, 0.000872861477546], [-7.23146731616e-005, -8.0223668192e-005, 0.00013181338727, 0.000138510891702, -0.00330595881678, 0.00102907617111, 0.00085920386482, -0.00848637986928, 0.0174514167011, -0.00657204631716, 0.00159584218636, -0.000338369514793, -0.000846505863592], [-7.62199051678e-005, 0.000256244675256, 0.00053341180319, 0.000559606938623, -4.60305709566e-005, -0.00134192500263, -0.000860343279783, 0.0012277563801, -0.00657204631716, 0.015630653128, -0.00867747981101, 0.00139695440885, 1.52901952788e-006], [8.35477403598e-005, -8.09693228803e-005, -0.000228961260291, 0.000166687590536, 0.000281468994217, -0.000946460990235, 0.000129210573505, 0.000632510636933, 0.00159584218636, -0.00867747981101, 0.0207701548934, -0.010035593994, 0.00477074319497], [-0.000136037429911, 0.00029798259493, -0.000917718803976, 0.000897220161278, -0.00131727533881, 0.00169514724985, 0.000430929707363, -0.00223132502288, -0.000338369514793, 0.00139695440885, -0.010035593994, 0.0212827976793, -0.0107009904459], [0.000130148211611, 6.68406244131e-007, 0.00038117353688, -0.000706158578396, -0.000725091609638, -0.000101758327219, -0.000501861562952, 0.000872861477546, -0.000846505863592, 1.52901952788e-006, 0.00477074319497, -0.0107009904459, 0.0215533319861]]
    sccoeffs:
        dmean: [0.0533294714987, 0.0464215651155, 0.0380404666066, 0.0297767277807, 0.0205869693309, 0.0179629102349]
        dmean2: [0.0881256014109, 0.0754030495882, 0.0614932253957, 0.0482322946191, 0.0332055799663, 0.0294621866196]
        dvar: [0.00208853231743, 0.00149790255819, 0.000946066051256, 0.00059197639348, 0.00032453154563, 0.000326661363943]
        dvar2: [0.00555085390806, 0.00380885461345, 0.00232685985975, 0.00147646514233, 0.000774279353209, 0.000825160124805]
        max: [-0.315376967192, -0.44896236062, -0.472775876522, -0.540858864784, -0.576085448265, -0.611370444298]
        mean: [-0.676775991917, -0.729553461075, -0.750001311302, -0.766639530659, -0.785249888897, -0.759235858917]
        median: [-0.684330284595, -0.736535310745, -0.758908927441, -0.772980451584, -0.79364413023, -0.748288571835]
        min: [-0.95483481884, -0.970896542072, -0.964505851269, -0.957624971867, -0.962653696537, -0.959690034389]
        var: [0.00722248991951, 0.00605987524614, 0.00533148180693, 0.00341292307712, 0.00233157514594, 0.00253122625872]
    scvalleys:
        dmean: [0.36642357707, 0.359988629818, 0.301026344299, 0.25866985321, 0.265374302864, 0.232831731439]
        dmean2: [0.607233047485, 0.591195046902, 0.486762732267, 0.408886104822, 0.412001669407, 0.343912512064]
        dvar: [0.101647391915, 0.114219948649, 0.0833542346954, 0.0733327865601, 0.120966039598, 0.100514128804]
        dvar2: [0.252370685339, 0.263331115246, 0.17064280808, 0.138956099749, 0.237047716975, 0.177736073732]
        max: [-5.41747903824, -4.57387924194, -5.23005008698, -5.40825128555, -5.42110013962, -7.87390947342]
        mean: [-7.34666013718, -7.01931667328, -7.49127817154, -7.6184720993, -7.54019832611, -10.0220003128]
        median: [-6.67595624924, -6.7023768425, -7.11763238907, -7.0495057106, -6.71160745621, -9.3024559021]
        min: [-27.730474472, -27.8554191589, -27.2616863251, -27.377779007, -27.3512744904, -27.2260837555]
        var: [3.61192798615, 2.17877364159, 2.11049127579, 2.66571378708, 3.81158304214, 3.54850816727]

rhythm:
    beats_loudness:
        dmean: 0.00165039498825
        dmean2: 0.00290679186583
        dvar: 2.17714750761e-006
        dvar2: 6.23911273578e-006
        max: 0.0110457921401
        mean: 0.0048683877103
        median: 0.00515979900956
        min: 2.00831625635e-012
        var: 6.9033926593e-006
    bpm: 149.953811646
    bpm_confidence: 0
    first_peak_bpm: 152
    first_peak_spread: 0.474120080471
    first_peak_weight: 0.472998142242
    onset_rate: 3.34563446045
    second_peak_bpm: 144
    second_peak_spread: 0.081632681191
    second_peak_weight: 0.0837988853455
    beats_loudness_band_ratio:
        dmean: [0.133297145367, 0.115541383624, 0.110892124474, 0.0916639715433, 0.125950485468, 0.084176890552]
        dmean2: [0.217940807343, 0.193353936076, 0.187068134546, 0.161203250289, 0.212608963251, 0.144402325153]
        dvar: [0.015154639259, 0.0101076168939, 0.0127469385043, 0.0101867979392, 0.0133855715394, 0.0083125391975]
        dvar2: [0.0370090007782, 0.0232136454433, 0.0350531600416, 0.027619432658, 0.0377462394536, 0.0221493486315]
        max: [0.802444577217, 0.632140874863, 0.930857181549, 0.831778585911, 0.687829852104, 0.755970835686]
        mean: [0.201303750277, 0.142803892493, 0.173203155398, 0.126869320869, 0.228813648224, 0.170607477427]
        median: [0.159156754613, 0.106273546815, 0.105860024691, 0.0876266732812, 0.206665486097, 0.15653604269]
        min: [0, 0, 0, 0, 0, 0]
        var: [0.0294087100774, 0.0151630155742, 0.0331140011549, 0.0126224281266, 0.02223315835, 0.0109231881797]
    beats_position: [0.429569154978, 0.847528338432, 1.25387752056, 1.66022670269, 2.06657600403, 2.47292518616, 2.87927436829, 3.28562355042, 3.69197273254, 4.09832191467, 4.49306106567, 4.88780021667, 5.28253936768, 5.6888885498, 6.08362817764, 6.47836732864, 6.87310647964, 7.27945566177, 7.6858048439, 8.08054447174, 8.48689365387, 8.90485286713, 9.32281208038, 9.74077033997, 10.1703395844, 10.5999088287, 11.0294780731, 11.4474372864, 11.8653964996, 12.2717456818, 12.6780948639, 13.0728340149, 13.4675731659, 13.8623123169, 14.2570514679, 14.6750106812, 15.0697498322, 15.4644899368, 15.8592290878, 16.2539672852, 16.6487064362, 17.0550556183, 17.4614048004, 17.8561439514, 18.2508831024, 18.6572322845, 19.0635814667, 19.458322525, 19.853061676, 20.247800827, 20.6541500092, 21.0604991913, 21.4552383423, 21.8499774933, 22.2563266754, 22.6626758575, 23.0574150085, 23.4521541595, 23.8468933105, 24.2532424927, 24.6595916748, 25.0543308258, 25.4490699768, 25.8554191589, 26.2617683411, 26.6565074921, 27.0512466431, 27.4575958252, 27.8523349762, 28.2586841583, 28.6534233093, 29.0597724915, 29.4661216736, 29.8608608246, 30.2555999756, 30.6503391266, 31.0450782776, 31.4514274597, 31.8577766418, 32.2525177002, 32.6472549438, 33.053604126, 33.4599533081, 33.8546943665, 34.2494316101, 34.6557807922, 35.0621299744, 35.4568710327, 35.8516082764, 36.2463493347, 36.6526985168, 37.059047699, 37.4537849426, 37.848526001, 38.2432632446, 38.6496124268, 39.0327415466, 39.427482605, 39.8454399109, 40.251789093, 40.6465301514, 41.041267395, 41.4476165771, 41.8423576355, 42.2370948792, 42.6434440613, 43.0497932434, 43.4445343018, 43.8392753601, 44.2340126038, 44.6403617859, 45.046710968, 45.4414520264, 45.83618927, 46.2425384521, 46.6488876343, 47.0552368164, 47.4499778748, 47.8563270569, 48.2510643005, 48.6574134827, 49.052154541, 49.4585037231, 49.8532409668, 50.2479820251, 50.6427192688, 51.0374603271, 51.4438095093, 51.8501586914, 52.2448959351, 52.6396369934, 53.0459861755, 53.4523353577, 53.8586845398, 54.2650337219, 54.6597709656, 55.0545120239, 55.4492492676, 55.8439903259, 56.2387275696, 56.6450767517, 57.0514259338, 57.457775116, 57.8641242981, 58.2588653564, 58.6536026001, 59.0483436584, 59.4430847168, 59.8494338989, 60.2441711426, 60.6505203247, 61.0452613831, 61.4516105652, 61.8463478088, 62.2410888672, 62.6358261108, 63.042175293, 63.4485244751, 63.8548736572, 64.2496109009, 64.6443557739, 65.0390930176, 65.4454421997, 65.8517913818, 66.258140564, 66.6644897461, 67.0592269897, 67.4655761719, 67.871925354, 68.2782745361, 68.6846237183, 69.0793609619, 69.474105835, 69.8688430786, 70.2635803223, 70.6583175659, 71.053062439, 71.4594116211, 71.8657608032, 72.2604980469, 72.6552352905, 73.0499725342, 73.4563217163, 73.8626708984, 74.2574157715, 74.6521530151, 75.0468902588, 75.4532394409, 75.859588623, 76.2543258667, 76.6490707397, 77.0554199219, 77.461769104, 77.8565063477, 78.2512435913, 78.6459884644, 79.0523376465, 79.4586868286, 79.8534240723, 80.2481613159, 80.654510498, 81.0608596802, 81.4555969238, 81.861946106, 82.2682952881, 82.6630401611, 83.0577774048, 83.4525146484, 83.8472518921, 84.2536010742, 84.6599502563, 85.0546951294, 85.449432373, 85.8441696167, 86.2505187988, 86.656867981, 87.0516052246, 87.4463500977, 87.8526992798, 88.2474365234, 88.6537857056, 89.0485229492, 89.4548721313, 89.8612213135, 90.2559585571, 90.6507034302, 91.0454406738, 91.451789856, 91.8465270996, 92.2528762817, 92.6592254639, 93.065574646, 93.460319519, 93.8550567627, 94.2497940063, 94.667755127, 95.0624923706, 95.4572296143, 95.8519744873, 96.246711731, 96.6530609131, 97.0594100952, 97.4541473389, 97.8488845825, 98.2552337646, 98.6615829468, 99.0563278198, 99.4510650635, 99.8574142456, 100.263763428, 100.658500671, 101.053237915, 101.447982788, 101.85433197, 102.260681152, 102.655418396, 103.05015564, 103.456504822, 103.862854004, 104.257591248, 104.652336121, 105.058685303, 105.465034485, 105.859771729, 106.254508972, 106.660858154, 107.067207336, 107.46194458, 107.856689453, 108.251426697, 108.64616394, 109.040908813, 109.435646057, 109.807167053, 110.225120544, 110.631469727, 111.037818909, 111.444168091, 111.850517273, 112.245262146, 112.651611328, 113.05796051, 113.452697754, 113.847434998, 114.242172241, 114.648521423, 115.043266296, 115.449615479, 115.844352722, 116.239089966, 116.645439148, 117.05178833, 117.446525574, 117.852874756, 118.259223938, 118.653968811, 119.048706055, 119.443443298, 119.84979248, 120.244529724, 120.639274597, 121.045623779, 121.451972961, 121.858322144, 122.253059387, 122.647796631, 123.042533875, 123.448883057, 123.855232239, 124.249977112, 124.656326294, 125.062675476, 125.45741272, 125.852149963, 126.246894836, 126.64163208, 127.036369324, 127.442718506, 127.849067688, 128.25541687, 128.650161743, 129.044891357, 129.451248169, 129.857589722, 130.263946533, 130.658676147, 131.053421021, 131.448165894, 131.842895508, 132.237640381, 132.643981934, 133.038726807, 133.445083618, 133.851425171, 134.246170044, 134.640899658, 135.04725647, 135.441986084, 135.848342896, 136.254684448, 136.649429321, 137.055786133, 137.462127686, 137.856872559, 138.251602173, 138.646347046, 139.052688599, 139.45904541, 139.853790283, 140.248519897, 140.643264771, 141.049606323, 141.455963135, 141.850692749, 142.245437622, 142.651794434, 143.058135986, 143.452880859, 143.847610474, 144.253967285, 144.660308838, 145.055053711, 145.449798584, 145.856140137, 146.262496948, 146.657226563, 147.051971436, 147.458312988, 147.853057861, 148.259414673, 148.654144287, 149.04888916, 149.455230713, 149.861587524, 150.256317139, 150.651062012, 151.057418823, 151.463760376, 151.858505249, 152.253234863, 152.659591675, 153.054321289, 153.449066162, 153.855422974, 154.250152588, 154.644897461, 155.051239014, 155.457595825, 155.852325439, 156.247070313, 156.653427124, 157.059768677, 157.45451355, 157.849243164, 158.243988037, 158.650344849, 159.056686401, 159.451431274, 159.857772827, 160.2525177, 160.658859253, 161.065216064, 161.471557617, 161.877914429, 162.284255981, 162.690612793, 163.096954346, 163.491699219, 163.886444092, 164.281173706, 164.675918579, 165.070648193, 165.465393066, 165.860137939, 166.254867554, 166.649612427, 167.0443573, 167.439086914, 167.857055664, 168.251785278, 168.646530151, 169.041259766, 169.447616577, 169.85395813, 170.248703003, 170.655059814, 171.061401367, 171.45614624, 171.850875854, 172.245620728, 172.640365601, 173.046707153, 173.441452026, 173.836181641, 174.242538452, 174.637283325, 175.043624878, 175.449981689, 175.844711304, 176.251068115, 176.657409668, 177.052154541, 177.446884155, 177.841629028, 178.24798584, 178.642715454, 179.049072266, 179.455413818, 179.850158691, 180.256500244, 180.651245117, 181.04598999, 181.440719604, 181.847076416, 182.253417969, 182.648162842, 183.054504395, 183.449249268, 183.85559082, 184.250335693, 184.656692505, 185.063034058, 185.457778931, 185.852508545, 186.247253418, 186.641998291, 187.048339844, 187.454696655, 187.84942627, 188.244171143, 188.650512695, 189.056869507, 189.451599121, 189.846343994, 190.241088867, 190.635818481, 191.042175293, 191.448516846, 191.854873657, 192.26121521, 192.667572021, 193.073913574, 193.491882324, 193.909835815, 194.327789307, 194.792190552, 195.268203735, 195.744216919, 196.16217041, 196.58013916, 196.986480713, 197.404434204, 197.822402954, 198.240356445, 198.646713257, 199.05305481, 199.459411621, 199.865753174, 200.272109985, 200.678451538, 201.08480835, 201.502761841, 201.909118652, 202.327072144, 202.733413696, 203.151382446, 203.569335938, 203.987304688, 204.405258179, 204.82321167, 205.24118042, 205.647521973, 206.053878784, 206.460220337, 206.866577148, 207.272918701, 207.679275513, 208.097229004, 208.515182495, 208.933151245, 209.351104736, 209.769073486, 210.187026978, 210.604980469, 211.022949219, 211.44090271, 211.847259521, 212.253601074, 212.671554565, 213.089523315, 213.507476807, 213.925445557, 214.343399048, 214.761352539, 215.179321289, 215.59727478, 216.015228271, 216.44480896]
