
metadata:
    version:
        essentia: "2.1-beta2"
    audio_properties:
        analysis_sample_rate: 44100
        bitrate: 320
        channels: 2
        equal_loudness: 1
        length: 184.633468628
        replay_gain: -14.5294647217
        downmix: "mix"
    tags:
        album: "Incomparable"
        artist: "Dead By April"
        comment: "-=Titan=-"
        date: "2011"
        genre: "Modern Metal"
        title: "Two Faced"
        tracknumber: "6"

configuration:
    average_loudness:
        compute: 1
        frameSize: 88200
        hopSize: 44100
        silentFrames: "noise"
        windowType: "hann"
    general:
        analysisSampleRate: 44100
        endTime: 2000
        equalLoudness: 1
        nequalLoudness: 0
        shortSound: 0
        startTime: 0
    lowlevel:
        compute: 1
        frameSize: 2048
        hopSize: 1024
        zeroPadding: 0
        silentFrames: "noise"
        windowType: "blackmanharris62"
        mfccStats: ["mean", "cov", "icov"]
        stats: ["mean", "var", "median", "min", "max", "dmean", "dmean2", "dvar", "dvar2"]
    panning:
        compute: 0
        frameSize: 8192
        hopSize: 2048
        zeroPadding: 8192
        silentFrames: "noise"
        windowType: "hann"
        stats: ["copy"]
    rhythm:
        compute: 1
        maxTempo: 208
        minTempo: 40
        method: "degara"
        stats: ["mean", "var", "median", "min", "max", "dmean", "dmean2", "dvar", "dvar2"]
    segmentation:
        compute: 0
        cpw: 5
        inc1: 300
        inc2: 50
        minimumSegmentsLength: 10
        size1: 1000
        size2: 600
    sfx:
        compute: 1
        stats: ["mean", "var", "median", "min", "max", "dmean", "dmean2", "dvar", "dvar2"]
    svm:
        compute: 0
    tonal:
        compute: 1
        frameSize: 4096
        hopSize: 2048
        zeroPadding: 0
        silentFrames: "noise"
        windowType: "blackmanharris62"
        stats: ["mean", "var", "median", "min", "max", "dmean", "dmean2", "dvar", "dvar2"]

lowlevel:
    average_loudness: 0.952890217304
    barkbands_kurtosis:
        dmean: 1.39226675034
        dmean2: 2.14943146706
        dvar: 634.723999023
        dvar2: 1289.14770508
        max: 2097.85888672
        mean: 0.0438149645925
        median: -0.964063405991
        min: -1.94720470905
        var: 755.731384277
    barkbands_skewness:
        dmean: 0.449271380901
        dmean2: 0.729192852974
        dvar: 0.242459595203
        dvar2: 0.641835510731
        max: 6.99423837662
        mean: -0.287165939808
        median: -0.36667945981
        min: -8.05726528168
        var: 0.53286755085
    barkbands_spread:
        dmean: 6.25745820999
        dmean2: 10.2653903961
        dvar: 33.2423667908
        dvar2: 87.123046875
        max: 71.7072601318
        mean: 33.2233200073
        median: 32.709854126
        min: 0.00717021664605
        var: 125.219223022
    dissonance:
        dmean: 0.0106364991516
        dmean2: 0.0181658156216
        dvar: 0.000242318448727
        dvar2: 0.000640415993985
        max: 0.500000059605
        mean: 0.482363581657
        median: 0.487578451633
        min: 0.036959823221
        var: 0.000817546446342
    hfc:
        dmean: 3.42508983612
        dmean2: 5.93570232391
        dvar: 24.9124412537
        dvar2: 69.0911407471
        max: 60.0322418213
        mean: 9.53201675415
        median: 8.75815868378
        min: 1.10992762188e-016
        var: 34.3369789124
    pitch:
        dmean: 877.821838379
        dmean2: 1664.2980957
        dvar: 1560300.375
        dvar2: 3882326.75
        max: 4457.07861328
        mean: 1587.82983398
        median: 660.854614258
        min: 69.1894607544
        var: 2372378.25
    pitch_instantaneous_confidence:
        dmean: 0.0749304145575
        dmean2: 0.125080123544
        dvar: 0.00394465634599
        dvar2: 0.0103048523888
        max: 0.968065857887
        mean: 0.319524526596
        median: 0.293845593929
        min: 0.124919593334
        var: 0.0138428062201
    pitch_salience:
        dmean: 0.0635599195957
        dmean2: 0.106956616044
        dvar: 0.00353574985638
        dvar2: 0.00996605772525
        max: 0.870772480965
        mean: 0.680628359318
        median: 0.700555503368
        min: 0.043409742415
        var: 0.00838646199554
    silence_rate_20dB:
        dmean: 0
        dmean2: 0
        dvar: 0
        dvar2: 0
        max: 1
        mean: 1
        median: 1
        min: 1
        var: 0
    silence_rate_30dB:
        dmean: 0
        dmean2: 0
        dvar: 0
        dvar2: 0
        max: 1
        mean: 1
        median: 1
        min: 1
        var: 0
    silence_rate_60dB:
        dmean: 0.102615691721
        dmean2: 0.205257207155
        dvar: 0.0920949727297
        dvar2: 0.193805426359
        max: 1
        mean: 0.217150762677
        median: 0
        min: 0
        var: 0.169992163777
    spectral_centroid:
        dmean: 338.763183594
        dmean2: 560.817382813
        dvar: 124696.117188
        dvar2: 334564.78125
        max: 11238.9130859
        mean: 1971.9765625
        median: 1980.30664063
        min: 126.175361633
        var: 392986.4375
    spectral_complexity:
        dmean: 5.23415470123
        dmean2: 8.60445213318
        dvar: 27.5452690125
        dvar2: 70.0068130493
        max: 49
        mean: 18.8757705688
        median: 19
        min: 0
        var: 87.2374038696
    spectral_crest:
        dmean: 1.75533998013
        dmean2: 2.9605858326
        dvar: 2.97920227051
        dvar2: 7.75286960602
        max: 26.9022598267
        mean: 5.8941078186
        median: 5.13395118713
        min: 2.36901974678
        var: 7.45890140533
    spectral_decrease:
        dmean: 3.26027121966e-010
        dmean2: 5.28131816058e-010
        dvar: 1.96077619511e-019
        dvar2: 5.05220359753e-019
        max: -6.8169235291e-029
        mean: -1.05901265535e-009
        median: -9.86599468789e-010
        min: -4.58111681922e-009
        var: 3.45849745879e-019
    spectral_energy:
        dmean: 0.00149673060514
        dmean2: 0.00244451244362
        dvar: 4.10848952015e-006
        dvar2: 1.06922634586e-005
        max: 0.0210252422839
        mean: 0.00486153969541
        median: 0.00452701095492
        min: 1.08559232059e-020
        var: 7.19325726095e-006
    spectral_energyband_high:
        dmean: 0.000281139247818
        dmean2: 0.000501226342749
        dvar: 2.09773872939e-007
        dvar2: 5.88305567817e-007
        max: 0.00687955925241
        mean: 0.000529975281097
        median: 0.000440872448962
        min: 7.49423211592e-021
        var: 1.96253850504e-007
    spectral_energyband_low:
        dmean: 0.000291821110295
        dmean2: 0.000486501696287
        dvar: 1.5281293031e-007
        dvar2: 3.7055886537e-007
        max: 0.00612138817087
        mean: 0.000461784220533
        median: 0.000311006122502
        min: 3.8596136815e-023
        var: 2.7434575145e-007
    spectral_energyband_middle_high:
        dmean: 0.000883954577148
        dmean2: 0.00148029532284
        dvar: 1.17195145322e-006
        dvar2: 3.16980208481e-006
        max: 0.0164976716042
        mean: 0.0026900540106
        median: 0.00243213260546
        min: 1.72344150952e-021
        var: 2.94150095215e-006
    spectral_energyband_middle_low:
        dmean: 0.000685814477038
        dmean2: 0.00112002051901
        dvar: 1.50150208356e-006
        dvar2: 3.94490234612e-006
        max: 0.0147710079327
        mean: 0.00130667211488
        median: 0.000953596259933
        min: 2.35999667374e-022
        var: 1.74861224878e-006
    spectral_flatness_db:
        dmean: 0.0133411064744
        dmean2: 0.0208123344928
        dvar: 0.00019440385222
        dvar2: 0.000454414141132
        max: 0.71642690897
        mean: 0.125125989318
        median: 0.115477785468
        min: 0.0501549132168
        var: 0.00255252816714
    spectral_flux:
        dmean: 0.00857925228775
        dmean2: 0.0129646388814
        dvar: 0.000100042598206
        dvar2: 0.000182822739589
        max: 0.120319075882
        mean: 0.0444906316698
        median: 0.0438506193459
        min: 1.05120676053e-010
        var: 0.000284269917756
    spectral_kurtosis:
        dmean: 1.34209406376
        dmean2: 2.22009825706
        dvar: 67.8323516846
        dvar2: 188.46975708
        max: 484.544433594
        mean: 4.55417966843
        median: 2.82743406296
        min: -1.18881082535
        var: 396.616729736
    spectral_rms:
        dmean: 0.000312874413794
        dmean2: 0.000498905545101
        dvar: 1.32120291596e-007
        dvar2: 3.29382174868e-007
        max: 0.00452906498685
        mean: 0.00207681860775
        median: 0.00210156990215
        min: 3.25440390782e-012
        var: 4.29799598578e-007
    spectral_rolloff:
        dmean: 399.958282471
        dmean2: 670.890686035
        dvar: 243125.65625
        dvar2: 604031.5625
        max: 18798.4863281
        mean: 3594.62890625
        median: 3596.04492188
        min: 107.666015625
        var: 915273.375
    spectral_skewness:
        dmean: 0.166636809707
        dmean2: 0.270311623812
        dvar: 0.077691718936
        dvar2: 0.200546354055
        max: 19.3191776276
        mean: 1.38849496841
        median: 1.2943161726
        min: -0.0393939726055
        var: 1.03999400139
    spectral_spread:
        dmean: 500049.15625
        dmean2: 738070.25
        dvar: 475261337600
        dvar2: 757022654464
        max: 40568788
        mean: 5235049.5
        median: 4967824.5
        min: 208558.359375
        var: 3.48161415578e+012
    spectral_strongpeak:
        dmean: 0.418362826109
        dmean2: 0.721612513065
        dvar: 0.371818900108
        dvar2: 0.977991163731
        max: 9.68319702148
        mean: 0.576450943947
        median: 0.311028271914
        min: 1.45283637551e-011
        var: 0.634613215923
    zerocrossingrate:
        dmean: 0.00863708835095
        dmean2: 0.0107749812305
        dvar: 6.80733355694e-005
        dvar2: 9.52062400756e-005
        max: 0.47705078125
        mean: 0.109112165868
        median: 0.10888671875
        min: 0.00732421875
        var: 0.000814043625724
    barkbands:
        dmean: [9.58425403041e-007, 9.99924232019e-005, 0.000192551829969, 0.000161221891176, 0.000238789391005, 0.000175117966137, 0.000128870990011, 0.000139049472637, 0.000147794533405, 0.000106599269202, 9.67571104411e-005, 8.38827982079e-005, 6.72245150781e-005, 7.72761195549e-005, 0.000125910300994, 0.000192782186787, 0.000217278779019, 0.000214765008423, 0.000276695587672, 0.000202874827664, 0.00013254089572, 5.31856712769e-005, 7.60049124438e-006, 3.99473356083e-006, 1.89141837836e-006, 1.0551841001e-007, 7.83774545265e-010]
        dmean2: [1.41472526138e-006, 0.00017459935043, 0.00031944696093, 0.00027653152938, 0.000401757424697, 0.000303146080114, 0.000216855813051, 0.000223464259761, 0.000240701177972, 0.000171229839907, 0.000156024470925, 0.000136143426062, 0.000112325848022, 0.000131435532239, 0.000210690748645, 0.000318447069731, 0.000366680294974, 0.000360128644388, 0.000484937831061, 0.000357624550816, 0.000235523039009, 9.56836520345e-005, 1.27228022393e-005, 6.43016937829e-006, 2.95735958389e-006, 1.58860103738e-007, 1.24316923422e-009]
        dvar: [2.22818313279e-012, 1.56428239251e-008, 8.01525459337e-008, 1.17498942132e-007, 3.78319384708e-007, 2.05009456522e-007, 7.84413742849e-008, 8.59138751252e-008, 6.01233338671e-008, 3.79793121397e-008, 3.17130286476e-008, 1.80733454869e-008, 1.27540289441e-008, 1.46765852804e-008, 4.69601246778e-008, 7.85793190516e-008, 1.39626649798e-007, 9.92888189444e-008, 1.56018742814e-007, 7.73058559389e-008, 4.56263649085e-008, 9.29022903051e-009, 1.297070229e-010, 4.38050221097e-011, 1.31588299285e-011, 9.35008567424e-014, 4.49441968386e-018]
        dvar2: [4.41509502569e-012, 4.51234889454e-008, 1.89814883811e-007, 3.19902710544e-007, 1.0400640349e-006, 5.54124483187e-007, 1.94897097572e-007, 2.21218627416e-007, 1.50978237912e-007, 8.75476047213e-008, 7.64434062717e-008, 4.71104861788e-008, 3.43517427837e-008, 4.1120937766e-008, 1.1811742695e-007, 2.05081960303e-007, 3.53516156792e-007, 2.53210657775e-007, 4.2775823772e-007, 2.18211312131e-007, 1.2771801039e-007, 2.64357513657e-008, 3.42702977107e-010, 9.82434966712e-011, 2.73937487277e-011, 1.9006725447e-013, 9.30259972741e-018]
        max: [1.74372617039e-005, 0.00115104019642, 0.00426843948662, 0.00430464465171, 0.0109845995903, 0.00586852151901, 0.0043618157506, 0.00384727306664, 0.00440257927403, 0.0038218696136, 0.00380928162485, 0.00291590020061, 0.00234922533855, 0.00199489854276, 0.00552943674847, 0.00508954189718, 0.00912832655013, 0.00583122251555, 0.00574602931738, 0.00351060042158, 0.00308047886938, 0.0010957873892, 0.000201533199288, 9.87755702226e-005, 5.52010969841e-005, 6.27795134278e-006, 6.15289437178e-008]
        mean: [1.45105980209e-006, 0.000125030230265, 0.000253347185208, 0.000166836864082, 0.000270154123427, 0.000208352750633, 0.000163732125657, 0.000198050547624, 0.000225244177273, 0.000165603632922, 0.000151346015627, 0.000140835050843, 0.00012038595014, 0.000131342589157, 0.00022301482386, 0.000351557973772, 0.000373399263481, 0.000381489779102, 0.000493534142151, 0.000385286402889, 0.000226045653108, 7.77379609644e-005, 1.49356801558e-005, 8.78014998307e-006, 3.86667306884e-006, 1.83294588396e-007, 1.18878773492e-009]
        median: [3.42947345189e-007, 9.04937114683e-005, 0.000132761968416, 6.567787932e-005, 0.000113047215564, 8.0123762018e-005, 7.16304348316e-005, 8.83589091245e-005, 0.000112360627099, 5.82629436394e-005, 6.53883180348e-005, 7.54459397285e-005, 5.78972503718e-005, 7.54608263378e-005, 0.000109189830255, 0.000242995491135, 0.000249918550253, 0.000273967423709, 0.000412887573475, 0.000329446251271, 0.000181667535799, 5.60733969905e-005, 1.16922692541e-005, 6.53771439829e-006, 2.46125637204e-006, 7.49433866076e-008, 5.27093979574e-010]
        min: [1.08444834858e-023, 3.07366536907e-024, 1.32894048226e-023, 1.45583254539e-023, 1.8706970198e-023, 4.17233581481e-023, 3.22667839171e-023, 6.35492019532e-023, 4.86549432382e-023, 8.71744564158e-023, 6.0931856133e-023, 6.14736458027e-023, 1.49511911221e-022, 7.37127975036e-023, 6.279442615e-023, 6.24007782474e-023, 1.60416480664e-022, 2.79193474871e-022, 2.99797183807e-022, 3.54960270534e-022, 5.53666507059e-022, 4.48699337103e-022, 5.13575257948e-022, 7.8480517567e-022, 1.01916396187e-021, 1.49444475604e-021, 2.24797075116e-021]
        var: [4.67328085951e-012, 1.72779284213e-008, 1.35155303838e-007, 1.01078470038e-007, 3.12712131745e-007, 1.91695775698e-007, 9.33064683295e-008, 1.0542197515e-007, 9.50586738213e-008, 1.00043578755e-007, 6.94736428386e-008, 3.4977940544e-008, 3.11323944402e-008, 2.62766111092e-008, 9.17503300002e-008, 1.54326997404e-007, 2.43545997591e-007, 1.6083451726e-007, 1.61453996839e-007, 8.73956977898e-008, 4.21159995767e-008, 7.4096058178e-009, 1.96503410765e-010, 8.54085482893e-011, 2.61198025014e-011, 1.76075815169e-013, 8.76271052212e-018]
    frequency_bands:
        dmean: [9.58425403041e-007, 9.99924232019e-005, 0.000192551829969, 0.000161221891176, 0.000238789391005, 0.000175117966137, 0.000128870990011, 0.000139049472637, 0.000147794533405, 0.000106599269202, 9.67571104411e-005, 8.38827982079e-005, 6.72245150781e-005, 7.72761195549e-005, 0.000125910300994, 0.000192782186787, 0.000217278779019, 0.000214765008423, 0.000276695587672, 0.000202874827664, 0.00013254089572, 5.31856712769e-005, 7.60049124438e-006, 3.99473356083e-006, 1.89141837836e-006, 1.0551841001e-007, 7.83774545265e-010, 5.50728906923e-011]
        dmean2: [1.41472526138e-006, 0.00017459935043, 0.00031944696093, 0.00027653152938, 0.000401757424697, 0.000303146080114, 0.000216855813051, 0.000223464259761, 0.000240701177972, 0.000171229839907, 0.000156024470925, 0.000136143426062, 0.000112325848022, 0.000131435532239, 0.000210690748645, 0.000318447069731, 0.000366680294974, 0.000360128644388, 0.000484937831061, 0.000357624550816, 0.000235523039009, 9.56836520345e-005, 1.27228022393e-005, 6.43016937829e-006, 2.95735958389e-006, 1.58860103738e-007, 1.24316923422e-009, 1.02129311952e-010]
        dvar: [2.22818313279e-012, 1.56428239251e-008, 8.01525459337e-008, 1.17498942132e-007, 3.78319384708e-007, 2.05009456522e-007, 7.84413742849e-008, 8.59138751252e-008, 6.01233338671e-008, 3.79793121397e-008, 3.17130286476e-008, 1.80733454869e-008, 1.27540289441e-008, 1.46765852804e-008, 4.69601246778e-008, 7.85793190516e-008, 1.39626649798e-007, 9.92888189444e-008, 1.56018742814e-007, 7.73058559389e-008, 4.56263649085e-008, 9.29022903051e-009, 1.297070229e-010, 4.38050221097e-011, 1.31588299285e-011, 9.35008567424e-014, 4.49441968386e-018, 6.06005481843e-021]
        dvar2: [4.41509502569e-012, 4.51234889454e-008, 1.89814883811e-007, 3.19902710544e-007, 1.0400640349e-006, 5.54124483187e-007, 1.94897097572e-007, 2.21218627416e-007, 1.50978237912e-007, 8.75476047213e-008, 7.64434062717e-008, 4.71104861788e-008, 3.43517427837e-008, 4.1120937766e-008, 1.1811742695e-007, 2.05081960303e-007, 3.53516156792e-007, 2.53210657775e-007, 4.2775823772e-007, 2.18211312131e-007, 1.2771801039e-007, 2.64357513657e-008, 3.42702977107e-010, 9.82434966712e-011, 2.73937487277e-011, 1.9006725447e-013, 9.30259972741e-018, 1.92325292376e-020]
        max: [1.74372617039e-005, 0.00115104019642, 0.00426843948662, 0.00430464465171, 0.0109845995903, 0.00586852151901, 0.0043618157506, 0.00384727306664, 0.00440257927403, 0.0038218696136, 0.00380928162485, 0.00291590020061, 0.00234922533855, 0.00199489854276, 0.00552943674847, 0.00508954189718, 0.00912832655013, 0.00583122251555, 0.00574602931738, 0.00351060042158, 0.00308047886938, 0.0010957873892, 0.000201533199288, 9.87755702226e-005, 5.52010969841e-005, 6.27795134278e-006, 6.15289437178e-008, 9.28805032885e-010]
        mean: [1.45105980209e-006, 0.000125030230265, 0.000253347185208, 0.000166836864082, 0.000270154123427, 0.000208352750633, 0.000163732125657, 0.000198050547624, 0.000225244177273, 0.000165603632922, 0.000151346015627, 0.000140835050843, 0.00012038595014, 0.000131342589157, 0.00022301482386, 0.000351557973772, 0.000373399263481, 0.000381489779102, 0.000493534142151, 0.000385286402889, 0.000226045653108, 7.77379609644e-005, 1.49356801558e-005, 8.78014998307e-006, 3.86667306884e-006, 1.83294588396e-007, 1.18878773492e-009, 4.30412754049e-011]
        median: [3.42947345189e-007, 9.04937114683e-005, 0.000132761968416, 6.567787932e-005, 0.000113047215564, 8.0123762018e-005, 7.16304348316e-005, 8.83589091245e-005, 0.000112360627099, 5.82629436394e-005, 6.53883180348e-005, 7.54459397285e-005, 5.78972503718e-005, 7.54608263378e-005, 0.000109189830255, 0.000242995491135, 0.000249918550253, 0.000273967423709, 0.000412887573475, 0.000329446251271, 0.000181667535799, 5.60733969905e-005, 1.16922692541e-005, 6.53771439829e-006, 2.46125637204e-006, 7.49433866076e-008, 5.27093979574e-010, 1.71170959351e-011]
        min: [1.08444834858e-023, 3.07366536907e-024, 1.32894048226e-023, 1.45583254539e-023, 1.8706970198e-023, 4.17233581481e-023, 3.22667839171e-023, 6.35492019532e-023, 4.86549432382e-023, 8.71744564158e-023, 6.0931856133e-023, 6.14736458027e-023, 1.49511911221e-022, 7.37127975036e-023, 6.279442615e-023, 6.24007782474e-023, 1.60416480664e-022, 2.79193474871e-022, 2.99797183807e-022, 3.54960270534e-022, 5.53666507059e-022, 4.48699337103e-022, 5.13575257948e-022, 7.8480517567e-022, 1.01916396187e-021, 1.49444475604e-021, 2.24797075116e-021, 5.65597971453e-022]
        var: [4.67328085951e-012, 1.72779284213e-008, 1.35155303838e-007, 1.01078470038e-007, 3.12712131745e-007, 1.91695775698e-007, 9.33064683295e-008, 1.0542197515e-007, 9.50586738213e-008, 1.00043578755e-007, 6.94736428386e-008, 3.4977940544e-008, 3.11323944402e-008, 2.62766111092e-008, 9.17503300002e-008, 1.54326997404e-007, 2.43545997591e-007, 1.6083451726e-007, 1.61453996839e-007, 8.73956977898e-008, 4.21159995767e-008, 7.4096058178e-009, 1.96503410765e-010, 8.54085482893e-011, 2.61198025014e-011, 1.76075815169e-013, 8.76271052212e-018, 4.82647285845e-021]
    mfcc:
        mean: [-692.708435059, 83.8972854614, -46.2736740112, 46.9287147522, -9.94809627533, -2.56596231461, 0.671249568462, -0.565014600754, 4.07388067245, 0.928780198097, -2.30250835419, 0.129462957382, -1.12249362469]
        cov: [[7312.80175781, 600.766113281, -862.215148926, 324.620666504, -300.651580811, 70.1554489136, -13.3103265762, 39.969959259, 122.526794434, 44.0035095215, -44.3585891724, -15.5760889053, 7.55260848999], [600.766113281, 541.914245605, -101.178077698, 117.522087097, -14.8177442551, -2.14833283424, 1.10972058773, 0.752758800983, 32.1889038086, 4.94831609726, -7.03416633606, 3.2797164917, 3.13079500198], [-862.215148926, -101.178077698, 503.434692383, 127.00428772, 50.4159049988, 32.7625236511, 16.1712799072, -10.2516717911, -20.7144927979, -13.5478572845, -5.32990932465, -14.8191728592, -6.33534908295], [324.620666504, 117.522087097, 127.00428772, 402.361907959, 41.0710945129, 47.1444206238, 4.77802705765, 1.76967346668, 20.3844966888, 8.25546741486, 20.17461586, 10.7997341156, 2.21732449532], [-300.651580811, -14.8177442551, 50.4159049988, 41.0710945129, 180.357635498, 63.7480506897, 44.9665527344, 4.51390171051, 6.93619680405, 25.6047649384, 18.1522197723, 4.42160844803, -7.43513822556], [70.1554489136, -2.14833283424, 32.7625236511, 47.1444206238, 63.7480506897, 140.805999756, 85.8873596191, 22.9728851318, 14.6142511368, 15.5155677795, 8.30612850189, -7.22062349319, -6.46364164352], [-13.3103265762, 1.10972058773, 16.1712799072, 4.77802705765, 44.9665527344, 85.8873596191, 161.443237305, 55.1446151733, 26.1301021576, 10.2627544403, 3.94764637947, 5.99846506119, -2.76732707024], [39.969959259, 0.752758800983, -10.2516717911, 1.76967346668, 4.51390171051, 22.9728851318, 55.1446151733, 120.690467834, 70.5286636353, 28.051820755, 5.14404630661, 9.29648685455, -2.04839515686], [122.526794434, 32.1889038086, -20.7144927979, 20.3844966888, 6.93619680405, 14.6142511368, 26.1301021576, 70.5286636353, 105.162612915, 61.7592887878, 19.0038528442, 8.56423854828, -2.91202545166], [44.0035095215, 4.94831609726, -13.5478572845, 8.25546741486, 25.6047649384, 15.5155677795, 10.2627544403, 28.051820755, 61.7592887878, 108.971252441, 47.6552772522, 20.3910827637, -2.26505160332], [-44.3585891724, -7.03416633606, -5.32990932465, 20.17461586, 18.1522197723, 8.30612850189, 3.94764637947, 5.14404630661, 19.0038528442, 47.6552772522, 72.4887313843, 36.5383796692, 5.74275875092], [-15.5760889053, 3.2797164917, -14.8191728592, 10.7997341156, 4.42160844803, -7.22062349319, 5.99846506119, 9.29648685455, 8.56423854828, 20.3910827637, 36.5383796692, 69.8930435181, 31.132686615], [7.55260848999, 3.13079500198, -6.33534908295, 2.21732449532, -7.43513822556, -6.46364164352, -2.76732707024, -2.04839515686, -2.91202545166, -2.26505160332, 5.74275875092, 31.132686615, 60.5698928833]]
        icov: [[0.000235212763073, -8.86420239112e-005, 0.000438350689365, -0.000316156510962, 0.000439490104327, -0.000332985189743, 3.14555909426e-005, 8.00195120974e-005, -9.84664366115e-005, -0.000173350272235, 0.000302516942611, 2.65685903287e-005, 1.67890584635e-006], [-8.86420239112e-005, 0.00225538597442, 0.000460392067907, -0.000749693368562, -2.71939734375e-005, 0.000359340308933, -0.000315323966788, 0.00064236385515, -0.000954348419327, 0.000200413604034, 0.00054237729637, -0.000158559036208, 4.08683263231e-006], [0.000438350689365, 0.000460392067907, 0.00325519707985, -0.00155237875879, 0.000386663130485, -0.000550332362764, -0.000183006122825, 0.00015540185268, 0.000284150301013, -0.000335347023793, 0.000799199042376, 0.000600100553129, -7.86197997513e-005], [-0.000316156510962, -0.000749693368562, -0.00155237875879, 0.00373300211504, -0.000886451569386, -0.00082558876602, 0.000800814479589, 0.000114585447591, -0.000898598693311, 0.00112477503717, -0.00137128983624, -0.000577038270421, 4.8160993174e-005], [0.000439490104327, -2.71939734375e-005, 0.000386663130485, -0.000886451569386, 0.00789871718735, -0.00314002647065, -0.000678938871715, 0.000729071791284, 0.000430761603639, -0.00179849390406, 0.000191717539565, -0.000561018299777, 0.000871280906722], [-0.000332985189743, 0.000359340308933, -0.000550332362764, -0.00082558876602, -0.00314002647065, 0.0131577989087, -0.00628589745611, 0.000187390920473, 0.000570146657992, -0.00071400438901, -0.00169682840351, 0.00339690106921, -0.000850979529787], [3.14555909426e-005, -0.000315323966788, -0.000183006122825, 0.000800814479589, -0.000678938871715, -0.00628589745611, 0.0111060822383, -0.00416399585083, 0.000347567140125, 0.000929033849388, 0.000623349449597, -0.00206716940738, 0.000631248520222], [8.00195120974e-005, 0.00064236385515, 0.00015540185268, 0.000114585447591, 0.000729071791284, 0.000187390920473, -0.00416399585083, 0.0166970994323, -0.0120017733425, 0.00241014477797, 0.00164433929604, -0.00245752674527, 0.00107317476068], [-9.84664366115e-005, -0.000954348419327, 0.000284150301013, -0.000898598693311, 0.000430761603639, 0.000570146657992, 0.000347567140125, -0.0120017733425, 0.0244850963354, -0.0116679668427, 0.00114227808081, 0.00183229357935, -0.000461313262349], [-0.000173350272235, 0.000200413604034, -0.000335347023793, 0.00112477503717, -0.00179849390406, -0.00071400438901, 0.000929033849388, 0.00241014477797, -0.0116679668427, 0.0200732834637, -0.0102425599471, -0.000176797591848, 0.00101367780007], [0.000302516942611, 0.00054237729637, 0.000799199042376, -0.00137128983624, 0.000191717539565, -0.00169682840351, 0.000623349449597, 0.00164433929604, 0.00114227808081, -0.0102425599471, 0.0272135287523, -0.0131207928061, 0.0038303383626], [2.65685903287e-005, -0.000158559036208, 0.000600100553129, -0.000577038270421, -0.000561018299777, 0.00339690106921, -0.00206716940738, -0.00245752674527, 0.00183229357935, -0.000176797591848, -0.0131207928061, 0.0277967769653, -0.0127570955083], [1.67890584635e-006, 4.08683263231e-006, -7.86197997513e-005, 4.8160993174e-005, 0.000871280906722, -0.000850979529787, 0.000631248520222, 0.00107317476068, -0.000461313262349, 0.00101367780007, 0.0038303383626, -0.0127570955083, 0.0227903835475]]
    sccoeffs:
        dmean: [0.059976182878, 0.0498406998813, 0.0408457890153, 0.0299367737025, 0.0195732582361, 0.0207322537899]
        dmean2: [0.098071962595, 0.0827043652534, 0.0671593695879, 0.0496917143464, 0.0328395776451, 0.0341219827533]
        dvar: [0.00244413595647, 0.00163483386859, 0.00107567384839, 0.000600423081778, 0.000266590883257, 0.000389657972846]
        dvar2: [0.00642592832446, 0.00434317765757, 0.00279647042044, 0.0015371046029, 0.000703847268596, 0.00104933837429]
        max: [-0.28814303875, -0.367345362902, -0.521717071533, -0.574614882469, -0.590053379536, -0.549010634422]
        mean: [-0.693624436855, -0.758822739124, -0.790870189667, -0.79571300745, -0.806128323078, -0.76139575243]
        median: [-0.700537383556, -0.763328790665, -0.796913921833, -0.800095319748, -0.807624995708, -0.756722569466]
        min: [-0.957912504673, -0.97707515955, -0.971120297909, -0.964305579662, -0.960998296738, -0.961353600025]
        var: [0.00585714681074, 0.00473091145977, 0.00329662347212, 0.00206301803701, 0.00109464861453, 0.00164936017245]
    scvalleys:
        dmean: [0.383108466864, 0.384810984135, 0.348796755075, 0.280436933041, 0.255431205034, 0.236679255962]
        dmean2: [0.637864768505, 0.632119894028, 0.554427981377, 0.449237287045, 0.421328276396, 0.366887867451]
        dvar: [0.108562216163, 0.12364166975, 0.113239474595, 0.0916588231921, 0.101967222989, 0.0977158471942]
        dvar2: [0.263617932796, 0.289360195398, 0.242287918925, 0.191877260804, 0.217407345772, 0.190462872386]
        max: [-5.29308843613, -4.53300094604, -5.13311195374, -5.33638763428, -5.32528066635, -7.67276477814]
        mean: [-6.96686983109, -6.73480319977, -6.99020814896, -7.02370166779, -6.83267211914, -9.29913139343]
        median: [-6.58523988724, -6.48433017731, -6.72890090942, -6.73237895966, -6.51299285889, -8.97174263]
        min: [-27.2794284821, -27.4817123413, -27.3377990723, -27.039396286, -27.3675518036, -27.2751789093]
        var: [3.03622579575, 2.50598216057, 2.58750724792, 2.62267947197, 2.3943400383, 2.15974187851]

rhythm:
    beats_loudness:
        dmean: 0.00215567578562
        dmean2: 0.00391014805064
        dvar: 2.37979679696e-006
        dvar2: 7.24621122572e-006
        max: 0.0130420215428
        mean: 0.00587247870862
        median: 0.00605658069253
        min: 2.09064536516e-012
        var: 5.75958256377e-006
    bpm: 110.038383484
    bpm_confidence: 0
    first_peak_bpm: 110
    first_peak_spread: 0.189602479339
    first_peak_weight: 0.78402364254
    onset_rate: 3.3471724987
    second_peak_bpm: 129
    second_peak_spread: 0.125000044703
    second_peak_weight: 0.0207100585103
    beats_loudness_band_ratio:
        dmean: [0.203610569239, 0.13476960361, 0.104052998126, 0.0843644812703, 0.110687866807, 0.0932856425643]
        dmean2: [0.367266863585, 0.253884315491, 0.189228370786, 0.153942644596, 0.193734049797, 0.168433248997]
        dvar: [0.0191724486649, 0.00708808051422, 0.0105764111504, 0.00668315635994, 0.0113651212305, 0.00818210560828]
        dvar2: [0.0518862381577, 0.0225278176367, 0.0302609074861, 0.0199499297887, 0.0321598947048, 0.0224566198885]
        max: [0.859641432762, 0.656935155392, 0.737616419792, 0.490278124809, 0.730412244797, 0.757192194462]
        mean: [0.253539264202, 0.115754559636, 0.139467462897, 0.107863515615, 0.234472498298, 0.209625869989]
        median: [0.226662367582, 0.0796728506684, 0.110235080123, 0.0885222405195, 0.213440656662, 0.192933872342]
        min: [0, 0, 0, 0, 0, 0]
        var: [0.0302856713533, 0.011102068238, 0.0107267675921, 0.00688489153981, 0.0136504275724, 0.00928665231913]
    beats_position: [0.510838985443, 1.03328800201, 1.5673469305, 2.11301589012, 2.65868473053, 3.20435357094, 3.75002264977, 4.29569149017, 4.82975053787, 5.3754196167, 5.92108821869, 6.46675729752, 7.00081634521, 7.5464849472, 8.09215450287, 8.63782310486, 9.18349170685, 9.72916126251, 10.2748298645, 10.8204984665, 11.3661680222, 11.9118366241, 12.4575052261, 13.0031747818, 13.5488433838, 14.0945119858, 14.6401815414, 15.1974601746, 15.7431287766, 16.2771873474, 16.8228569031, 17.3685264587, 17.9141941071, 18.4598636627, 19.0055332184, 19.5512008667, 20.0968704224, 20.642539978, 21.1882076263, 21.733877182, 22.2795467377, 22.825214386, 23.3708839417, 23.9165534973, 24.4622211456, 25.0078907013, 25.553560257, 26.0992279053, 26.6448974609, 27.1905670166, 27.7362346649, 28.2819042206, 28.8159637451, 29.3732414246, 29.9189109802, 30.4645805359, 31.0102481842, 31.5559177399, 32.0899772644, 32.6356468201, 33.1813163757, 33.7269821167, 34.2726516724, 34.818321228, 35.3639907837, 35.9212684631, 36.4669380188, 37.0126075745, 37.5582771301, 38.1039466858, 38.6612243652, 39.1952819824, 39.7293434143, 40.2634010315, 40.7974586487, 41.3547401428, 41.9120178223, 42.4576873779, 43.0033569336, 43.5490226746, 44.0946922302, 44.6403617859, 45.1860313416, 45.7317008972, 46.2773704529, 46.8346481323, 47.3919258118, 47.9259872437, 48.4600448608, 49.0057144165, 49.5513839722, 50.0970497131, 50.6427192688, 51.1883888245, 51.7340583801, 52.2797279358, 52.8253974915, 53.3710632324, 53.9167327881, 54.45079422, 55.0080718994, 55.5653495789, 56.1110191345, 56.6566886902, 57.1907463074, 57.736415863, 58.2820854187, 58.8277549744, 59.37342453, 59.919090271, 60.4647598267, 61.0104293823, 61.556098938, 62.1017684937, 62.6474380493, 63.1931037903, 63.7387733459, 64.2844467163, 64.8301086426, 65.3757781982, 65.9214477539, 66.4671173096, 67.0127868652, 67.5584564209, 68.1041259766, 68.6381835938, 69.1838531494, 69.7411346436, 70.2868041992, 70.8324737549, 71.3781356812, 71.9238052368, 72.4694747925, 73.0151443481, 73.5608139038, 74.1064834595, 74.6521530151, 75.1862106323, 75.731880188, 76.2775497437, 76.8232192993, 77.368888855, 77.9145584106, 78.4602279663, 79.005897522, 79.5515594482, 80.0972290039, 80.6428985596, 81.1885681152, 81.7342376709, 82.2799072266, 82.8255767822, 83.3712463379, 83.9169158936, 84.4509735107, 84.9966430664, 85.5423126221, 86.0879821777, 86.6336517334, 87.1793212891, 87.7249908447, 88.270652771, 88.8163223267, 89.3619918823, 89.907661438, 90.4649429321, 91.0106124878, 91.5562820435, 92.1019515991, 92.6476211548, 93.2048950195, 93.7389526367, 94.2730178833, 94.8186798096, 95.3643493652, 95.9100189209, 96.4556884766, 97.0129699707, 97.5586395264, 98.104309082, 98.6383666992, 99.1840362549, 99.7297058105, 100.275375366, 100.821044922, 101.378318787, 101.923988342, 102.469657898, 103.003715515, 103.560997009, 104.106666565, 104.652336121, 105.186393738, 105.732063293, 106.277732849, 106.823402405, 107.36907196, 107.914733887, 108.460403442, 109.006072998, 109.551742554, 110.097412109, 110.643081665, 111.188751221, 111.734420776, 112.280090332, 112.825759888, 113.371429443, 113.917098999, 114.451156616, 115.008430481, 115.554100037, 116.099769592, 116.645439148, 117.191108704, 117.736778259, 118.282447815, 118.828117371, 119.373786926, 119.919456482, 120.465126038, 120.999183655, 121.54485321, 122.090522766, 122.636184692, 123.181854248, 123.727523804, 124.273193359, 124.830474854, 125.364532471, 125.910202026, 126.455871582, 127.001541138, 127.547210693, 128.092880249, 128.638549805, 129.18421936, 129.729888916, 130.275558472, 130.821228027, 131.366897583, 131.912567139, 132.458221436, 133.003890991, 133.549560547, 134.095230103, 134.640899658, 135.186569214, 135.720626831, 136.277908325, 136.823577881, 137.369247437, 137.914916992, 138.460586548, 139.006256104, 139.551925659, 140.097595215, 140.643264771, 141.188934326, 141.734603882, 142.280273438, 142.825942993, 143.371612549, 143.917282104, 144.46295166, 145.008621216, 145.554275513, 146.099945068, 146.634017944, 147.179672241, 147.725341797, 148.271011353, 148.816680908, 149.373962402, 149.919631958, 150.465301514, 150.999359131, 151.545028687, 152.090698242, 152.636367798, 153.182037354, 153.739318848, 154.284988403, 154.830657959, 155.364715576, 155.92199707, 156.467666626, 157.013336182, 157.547393799, 158.104675293, 158.650344849, 159.195999146, 159.730072021, 160.275741577, 160.821395874, 161.36706543, 161.912734985, 162.458404541, 163.004074097, 163.549743652, 164.095413208, 164.641082764, 165.186752319, 165.732421875, 166.278091431, 166.823760986, 167.369430542, 167.903488159, 168.437545776, 168.994827271, 169.552108765, 170.09777832, 170.643447876, 171.189117432, 171.734786987, 172.268844604, 172.826126099, 173.371795654, 173.917449951, 174.451522827, 174.997192383, 175.54284668, 176.100128174, 176.645797729, 177.191467285, 177.737136841, 178.282806396, 178.828475952, 179.374145508, 179.838546753, 180.302947998, 180.744125366, 181.185302734, 181.649703979, 182.114105225, 182.57850647, 183.042892456, 183.507293701, 183.983306885]
    bpm_estimates: [114.843742371, 112.34715271, 109.95677948, 109.956802368, 109.956802368, 109.956756592, 109.956802368, 112.347129822, 109.956756592, 109.956848145, 109.956756592, 112.347129822, 109.956848145, 109.95665741, 109.956848145, 109.956848145, 109.95665741, 109.956848145, 109.956848145, 109.95665741, 109.956848145, 109.956848145, 109.95665741, 109.956848145, 109.956848145, 109.95665741, 107.666069031, 109.956848145, 112.347229004, 109.95665741, 109.95665741, 109.957038879, 109.95665741, 109.95665741, 109.957038879, 109.95665741, 109.95665741, 109.957038879, 109.95665741, 109.95665741, 109.957038879, 109.95665741, 109.95665741, 109.957038879, 109.95665741, 109.95665741, 109.957038879, 109.95665741, 109.95665741, 109.957038879, 109.95665741, 112.34703064, 107.666252136, 109.95665741, 109.95665741, 109.957038879, 109.95665741, 112.34703064, 109.95665741, 109.95665741, 109.957427979, 109.95665741, 109.95665741, 109.95665741, 107.666252136, 109.95665741, 109.95665741, 109.95665741, 109.95665741, 107.666252136, 112.347427368, 112.346626282, 112.347427368, 112.347427368, 107.665519714, 107.666252136, 109.95665741, 109.95665741, 109.957427979, 109.95665741, 109.95665741, 109.95665741, 109.95665741, 109.95665741, 107.666252136, 107.666252136, 112.346626282, 112.347427368, 109.95665741, 109.95665741, 109.957427979, 109.95665741, 109.95665741, 109.95665741, 109.95665741, 109.95665741, 109.957427979, 109.95665741, 112.346626282, 107.666252136, 107.666252136, 109.95665741, 109.95665741, 112.347427368, 109.95665741, 109.95665741, 109.95665741, 109.95665741, 109.957427979, 109.95665741, 109.95665741, 109.95665741, 109.95665741, 109.95665741, 109.957427979, 109.95665741, 109.955886841, 109.958190918, 109.95665741, 109.95665741, 109.95665741, 109.95665741, 109.95665741, 109.95665741, 112.347427368, 109.95665741, 107.665519714, 109.95665741, 109.95665741, 109.958190918, 109.95665741, 109.95665741, 109.95665741, 109.95665741, 109.95665741, 109.95665741, 112.347427368, 109.95665741, 109.95665741, 109.95665741, 109.95665741, 109.95665741, 109.95665741, 109.95665741, 109.958190918, 109.95665741, 109.95665741, 109.95665741, 109.95665741, 109.95665741, 109.95665741, 109.95665741, 109.95665741, 112.347427368, 109.95665741, 109.95665741, 109.95665741, 109.95665741, 109.95665741, 109.95665741, 109.958190918, 109.95665741, 109.95665741, 109.95665741, 107.665519714, 109.95665741, 109.95665741, 109.95665741, 109.95665741, 107.666992188, 112.347427368, 112.345825195, 109.958190918, 109.95665741, 109.95665741, 109.95665741, 107.665519714, 109.95665741, 109.95665741, 112.347427368, 109.95665741, 109.95665741, 109.95665741, 109.95665741, 107.666992188, 109.95665741, 109.95665741, 112.347427368, 107.665519714, 109.95665741, 109.95665741, 112.347427368, 109.95665741, 109.95665741, 109.95665741, 109.95665741, 109.958190918, 109.95665741, 109.95665741, 109.95665741, 109.95665741, 109.95665741, 109.95665741, 109.95665741, 109.95665741, 109.95665741, 109.95665741, 109.95665741, 112.347427368, 107.666992188, 109.95665741, 109.95665741, 109.95665741, 109.95665741, 109.95665741, 109.95665741, 109.95665741, 109.95665741, 109.95665741, 109.95665741, 112.347427368, 109.95665741, 109.95665741, 109.958190918, 109.95665741, 109.95665741, 109.95665741, 107.665519714, 112.347427368, 109.95665741, 109.95665741, 109.95665741, 109.95665741, 109.95665741, 109.95665741, 109.95665741, 109.95665741, 109.95665741, 109.95665741, 109.95665741, 109.95665741, 109.959732056, 109.95665741, 109.95665741, 109.95665741, 109.95665741, 109.95665741, 112.347427368, 107.665519714, 109.95665741, 109.95665741, 109.95665741, 109.95665741, 109.95665741, 109.95665741, 109.95665741, 109.95665741, 109.95665741, 109.95665741, 109.95665741, 109.95665741, 109.95665741, 109.95665741, 109.95665741, 109.95665741, 109.959732056, 109.95665741, 112.344215393, 109.959732056, 109.95665741, 109.95665741, 109.95665741, 107.665519714, 109.95665741, 109.95665741, 112.347427368, 109.95665741, 109.95665741, 109.95665741, 109.95665741, 107.665519714, 109.95665741, 109.95665741, 112.347427368, 107.665519714, 109.95665741, 109.95665741, 112.347427368, 107.665519714, 109.95665741, 109.959732056, 112.344215393, 109.95665741, 109.959732056, 109.95665741, 109.95665741, 109.95665741, 109.95665741, 109.95665741, 109.95665741, 109.95665741, 109.95665741, 109.95665741, 109.95665741, 109.95665741, 109.95665741, 112.347427368, 112.347427368, 107.665519714, 107.665519714, 109.95665741, 109.95665741, 109.95665741, 109.95665741, 112.347427368, 107.665519714, 109.95665741, 109.959732056, 112.344215393, 109.95665741, 109.959732056, 107.665519714, 109.95665741, 109.95665741, 109.95665741, 109.95665741, 109.95665741, 109.95665741]
