
metadata:
    version:
        essentia: "2.1-beta2"
    audio_properties:
        analysis_sample_rate: 44100
        bitrate: 320
        channels: 2
        equal_loudness: 1
        length: 176.143676758
        replay_gain: -14.3200283051
        downmix: "mix"
    tags:
        album: "Incomparable"
        artist: "Dead By April"
        comment: "-=Titan=-"
        date: "2011"
        genre: "Modern Metal"
        title: "Crossroads"
        tracknumber: "7"

configuration:
    average_loudness:
        compute: 1
        frameSize: 88200
        hopSize: 44100
        silentFrames: "noise"
        windowType: "hann"
    general:
        analysisSampleRate: 44100
        endTime: 2000
        equalLoudness: 1
        nequalLoudness: 0
        shortSound: 0
        startTime: 0
    lowlevel:
        compute: 1
        frameSize: 2048
        hopSize: 1024
        zeroPadding: 0
        silentFrames: "noise"
        windowType: "blackmanharris62"
        mfccStats: ["mean", "cov", "icov"]
        stats: ["mean", "var", "median", "min", "max", "dmean", "dmean2", "dvar", "dvar2"]
    panning:
        compute: 0
        frameSize: 8192
        hopSize: 2048
        zeroPadding: 8192
        silentFrames: "noise"
        windowType: "hann"
        stats: ["copy"]
    rhythm:
        compute: 1
        maxTempo: 208
        minTempo: 40
        method: "degara"
        stats: ["mean", "var", "median", "min", "max", "dmean", "dmean2", "dvar", "dvar2"]
    segmentation:
        compute: 0
        cpw: 5
        inc1: 300
        inc2: 50
        minimumSegmentsLength: 10
        size1: 1000
        size2: 600
    sfx:
        compute: 1
        stats: ["mean", "var", "median", "min", "max", "dmean", "dmean2", "dvar", "dvar2"]
    svm:
        compute: 0
    tonal:
        compute: 1
        frameSize: 4096
        hopSize: 2048
        zeroPadding: 0
        silentFrames: "noise"
        windowType: "blackmanharris62"
        stats: ["mean", "var", "median", "min", "max", "dmean", "dmean2", "dvar", "dvar2"]

lowlevel:
    average_loudness: 0.901810288429
    barkbands_kurtosis:
        dmean: 1.38053178787
        dmean2: 2.22245359421
        dvar: 15.6350917816
        dvar2: 38.7751197815
        max: 198.743988037
        mean: 1.86881709099
        median: -0.657416522503
        min: -1.91284310818
        var: 137.938919067
    barkbands_skewness:
        dmean: 0.411172926426
        dmean2: 0.640083611012
        dvar: 0.214049428701
        dvar2: 0.511094033718
        max: 11.8274345398
        mean: 0.549420177937
        median: 0.314414858818
        min: -4.43538856506
        var: 1.85179650784
    barkbands_spread:
        dmean: 4.65786743164
        dmean2: 7.22079801559
        dvar: 28.4324913025
        dvar2: 65.9988479614
        max: 74.9337539673
        mean: 26.4972438812
        median: 26.551700592
        min: 0.499235719442
        var: 164.628067017
    dissonance:
        dmean: 0.0187170673162
        dmean2: 0.0310975406319
        dvar: 0.000456898618722
        dvar2: 0.00123496667948
        max: 0.499991238117
        mean: 0.457715928555
        median: 0.469919681549
        min: 0.18974250555
        var: 0.00158425804693
    hfc:
        dmean: 2.13346719742
        dmean2: 3.56760263443
        dvar: 15.1510267258
        dvar2: 41.3935623169
        max: 45.9581336975
        mean: 7.12752389908
        median: 6.75955724716
        min: 1.12941546772e-016
        var: 37.4570999146
    pitch:
        dmean: 528.47265625
        dmean2: 1018.17785645
        dvar: 1248509.125
        dvar2: 3151348.5
        max: 5660.1640625
        mean: 845.675048828
        median: 294.043609619
        min: 72.9463653564
        var: 1588566.5
    pitch_instantaneous_confidence:
        dmean: 0.0814263597131
        dmean2: 0.128496080637
        dvar: 0.00592386582866
        dvar2: 0.0133272726089
        max: 0.966605186462
        mean: 0.466757297516
        median: 0.421903252602
        min: 0.131041765213
        var: 0.0363546274602
    pitch_salience:
        dmean: 0.0577747970819
        dmean2: 0.0928925573826
        dvar: 0.00288559868932
        dvar2: 0.00725855212659
        max: 0.90629196167
        mean: 0.600633084774
        median: 0.618674814701
        min: 0.0931433588266
        var: 0.0129511654377
    silence_rate_20dB:
        dmean: 0
        dmean2: 0
        dvar: 0
        dvar2: 0
        max: 1
        mean: 1
        median: 1
        min: 1
        var: 0
    silence_rate_30dB:
        dmean: 0
        dmean2: 0
        dvar: 0
        dvar2: 0
        max: 1
        mean: 1
        median: 1
        min: 1
        var: 0
    silence_rate_60dB:
        dmean: 0.0590561553836
        dmean2: 0.118127882481
        dvar: 0.055565353483
        dvar2: 0.124488689005
        max: 1
        mean: 0.329774618149
        median: 0
        min: 0
        var: 0.221034541726
    spectral_centroid:
        dmean: 237.817825317
        dmean2: 374.370788574
        dvar: 101950.898438
        dvar2: 229729.484375
        max: 11503.3818359
        mean: 1466.07275391
        median: 1451.58044434
        min: 224.638778687
        var: 550958.75
    spectral_complexity:
        dmean: 3.15027689934
        dmean2: 5.12564277649
        dvar: 16.4217185974
        dvar2: 41.9834938049
        max: 46
        mean: 13.4150524139
        median: 13
        min: 0
        var: 90.512046814
    spectral_crest:
        dmean: 2.09748911858
        dmean2: 3.35031986237
        dvar: 4.32290887833
        dvar2: 10.5448360443
        max: 26.1388950348
        mean: 8.55830574036
        median: 7.38862323761
        min: 2.5290324688
        var: 18.6703491211
    spectral_decrease:
        dmean: 2.65542476896e-010
        dmean2: 4.2495301722e-010
        dvar: 1.62005714037e-019
        dvar2: 4.26782130987e-019
        max: 5.73822822284e-029
        mean: -1.00907893152e-009
        median: -9.8216679234e-010
        min: -5.44185629892e-009
        var: 4.56012160594e-019
    spectral_energy:
        dmean: 0.00116518035065
        dmean2: 0.00187428900972
        dvar: 3.20478807225e-006
        dvar2: 8.48362651595e-006
        max: 0.0235883723944
        mean: 0.00445498013869
        median: 0.00431664101779
        min: 1.00275615992e-020
        var: 9.19133526622e-006
    spectral_energyband_high:
        dmean: 0.000168583457707
        dmean2: 0.000293529505143
        dvar: 1.29982922203e-007
        dvar2: 3.60648812148e-007
        max: 0.00352582987398
        mean: 0.000347363733454
        median: 0.000286830618279
        min: 7.19807722282e-021
        var: 1.62752314736e-007
    spectral_energyband_low:
        dmean: 0.000136731134262
        dmean2: 0.000224541770876
        dvar: 5.66180879957e-008
        dvar2: 1.49156520024e-007
        max: 0.00341006345116
        mean: 0.000320974941133
        median: 0.000288511015242
        min: 3.705437444e-023
        var: 1.05156715335e-007
    spectral_energyband_middle_high:
        dmean: 0.000586823094636
        dmean2: 0.000945844396483
        dvar: 7.51295999635e-007
        dvar2: 1.95831762539e-006
        max: 0.013991843909
        mean: 0.00203091464937
        median: 0.00180729583371
        min: 1.49905372321e-021
        var: 3.24874963553e-006
    spectral_energyband_middle_low:
        dmean: 0.00073287502164
        dmean2: 0.00115750648547
        dvar: 1.39258304444e-006
        dvar2: 3.66743711311e-006
        max: 0.0147879440337
        mean: 0.00190520542674
        median: 0.00154139706865
        min: 3.03909080255e-022
        var: 2.64003347183e-006
    spectral_flatness_db:
        dmean: 0.014582994394
        dmean2: 0.0223028920591
        dvar: 0.00022151232406
        dvar2: 0.000481758383103
        max: 0.442732840776
        mean: 0.158653438091
        median: 0.139981180429
        min: 0.0565723925829
        var: 0.00297704641707
    spectral_flux:
        dmean: 0.00793551001698
        dmean2: 0.0123714506626
        dvar: 9.41683101701e-005
        dvar2: 0.000195509637706
        max: 0.127936437726
        mean: 0.0346535593271
        median: 0.0357147157192
        min: 1.04255021283e-010
        var: 0.000387503765523
    spectral_kurtosis:
        dmean: 1.37115621567
        dmean2: 2.21990394592
        dvar: 6.62635850906
        dvar2: 16.1276416779
        max: 63.7186317444
        mean: 4.72789955139
        median: 3.24870181084
        min: -1.20209741592
        var: 23.6431980133
    spectral_rms:
        dmean: 0.000247094983933
        dmean2: 0.00038499373477
        dvar: 9.91765602976e-008
        dvar2: 2.47974014655e-007
        max: 0.0047971913591
        mean: 0.00191385881044
        median: 0.00205215904862
        min: 3.12777668349e-012
        var: 6.8346611215e-007
    spectral_rolloff:
        dmean: 404.784484863
        dmean2: 660.578613281
        dvar: 332763.4375
        dvar2: 744679.375
        max: 19099.9511719
        mean: 2733.25219727
        median: 3122.31445313
        min: 193.798828125
        var: 1936994.875
    spectral_skewness:
        dmean: 0.195767313242
        dmean2: 0.306815266609
        dvar: 0.0657467767596
        dvar2: 0.144409507513
        max: 5.79799127579
        mean: 1.57550239563
        median: 1.37688684464
        min: -0.0757025256753
        var: 0.401735454798
    spectral_spread:
        dmean: 409941
        dmean2: 589254.3125
        dvar: 456522891264
        dvar2: 726645014528
        max: 40863272
        mean: 4814390
        median: 4647789
        min: 979409.1875
        var: 3.37676782797e+012
    spectral_strongpeak:
        dmean: 0.350908070803
        dmean2: 0.582994282246
        dvar: 0.348788678646
        dvar2: 0.899252057076
        max: 10.1407117844
        mean: 0.710756897926
        median: 0.408138275146
        min: 5.60536683736e-009
        var: 0.668473541737
    zerocrossingrate:
        dmean: 0.00796208716929
        dmean2: 0.00951218232512
        dvar: 8.28952979646e-005
        dvar2: 9.80884651653e-005
        max: 0.50634765625
        mean: 0.0840644389391
        median: 0.08740234375
        min: 0.0087890625
        var: 0.00139376230072
    barkbands:
        dmean: [4.06382895335e-007, 4.64983313577e-005, 8.64544635988e-005, 0.00011708673992, 0.0002679938043, 0.000190974242287, 0.000111638844828, 0.000166889221873, 0.000180480594281, 0.000129106178065, 8.2406331785e-005, 4.42755299446e-005, 4.06048166042e-005, 6.0000562371e-005, 9.87656676443e-005, 0.000129982130602, 0.000140615578857, 0.000127424820676, 0.000181845389307, 0.0001297606359, 7.89036494098e-005, 3.38288009516e-005, 5.87605381952e-006, 1.7862249706e-006, 7.72517580572e-007, 3.05942755574e-008, 3.93338778215e-010]
        dmean2: [5.37016148883e-007, 7.49072132749e-005, 0.000144671823364, 0.000193080617464, 0.000448212493211, 0.00030691709253, 0.000177893118234, 0.000249507953413, 0.000274728605291, 0.000185982091352, 0.000131165754283, 6.97180221323e-005, 6.53138704365e-005, 9.5116229204e-005, 0.000162249576533, 0.00021426382591, 0.000234709703363, 0.000212584694964, 0.000312716001645, 0.000221997237531, 0.000137545517646, 5.92608666921e-005, 9.67458709056e-006, 2.79385290014e-006, 1.1586985238e-006, 4.53316353344e-008, 6.40765940307e-010]
        dvar: [8.29556475596e-013, 6.79410705473e-009, 2.58028780564e-008, 8.76864447719e-008, 3.31164869749e-007, 2.19899618514e-007, 6.62339161295e-008, 1.52226945715e-007, 2.27781541184e-007, 1.18349866796e-007, 4.58212916499e-008, 1.29304593699e-008, 8.29993584972e-009, 2.03072012539e-008, 4.72424765974e-008, 1.31302641648e-007, 8.89140281402e-008, 4.43609877721e-008, 1.10632356609e-007, 4.95107350673e-008, 2.74598104255e-008, 6.28089225074e-009, 1.42715020357e-010, 1.2771650057e-011, 2.64194915944e-012, 5.92003905275e-015, 5.72813992194e-019]
        dvar2: [1.37845843681e-012, 1.8243664357e-008, 6.96419277801e-008, 2.32565867009e-007, 9.06022364688e-007, 5.4245310821e-007, 1.64114894119e-007, 3.15249650384e-007, 5.51819653083e-007, 2.47684482702e-007, 1.10962446342e-007, 3.01036564565e-008, 2.08292085802e-008, 4.81113104911e-008, 1.22108616551e-007, 3.37394396865e-007, 2.38747333015e-007, 1.14784704408e-007, 3.03322678974e-007, 1.3399980503e-007, 7.69677939161e-008, 1.74582961421e-008, 3.40205696947e-010, 2.84383870619e-011, 5.67450687133e-012, 1.25118701004e-014, 1.31117867141e-018]
        max: [1.06035176941e-005, 0.000926309847273, 0.0017747131642, 0.00525066349655, 0.00855048373342, 0.00717738037929, 0.00665767583996, 0.00701642595232, 0.00935419276357, 0.00963490922004, 0.0053474502638, 0.00294312136248, 0.00239546247758, 0.00348098925315, 0.00487054651603, 0.0099757257849, 0.00656060269102, 0.00380592164584, 0.00434142211452, 0.00285679125227, 0.00194135378115, 0.00093907979317, 0.00025377277052, 6.63469181745e-005, 2.76503997156e-005, 1.8447436787e-006, 2.07371879668e-008]
        mean: [7.08674974703e-007, 0.000107555126306, 0.000154378663865, 0.000161260308232, 0.000458758731838, 0.000286967610009, 0.000194761756575, 0.00030425094883, 0.000313483236823, 0.000308067043079, 0.000150057647261, 7.75597727625e-005, 6.54981777188e-005, 0.000104945152998, 0.000163568533026, 0.000242453286774, 0.000272360950476, 0.000251072749961, 0.00034898595186, 0.000272458506515, 0.000144591947901, 5.28130512976e-005, 1.24671405501e-005, 4.20735568696e-006, 1.69694328633e-006, 5.74343239634e-008, 5.85348658433e-010]
        median: [1.90220319496e-007, 6.858305278e-005, 9.72913767328e-005, 7.13661647751e-005, 0.00021392198687, 0.000108444772195, 8.4076935309e-005, 8.58513376443e-005, 7.78339090175e-005, 5.83133733016e-005, 5.28812706762e-005, 3.11382646032e-005, 3.28601345245e-005, 5.06082869833e-005, 7.76828310336e-005, 0.000122277109767, 0.000154592897161, 0.000175763809239, 0.000267158844508, 0.000230988196563, 0.000110373861389, 3.34870201186e-005, 8.45574322739e-006, 2.83450731331e-006, 9.86319946605e-007, 2.75391567328e-008, 2.78816914001e-010]
        min: [6.18192386655e-024, 1.47064372443e-023, 1.4382846501e-023, 2.08715556126e-023, 3.45001595803e-023, 2.96922574669e-023, 4.45972794e-023, 5.22275333503e-023, 3.21464479192e-023, 8.53669930662e-023, 4.91097531045e-023, 3.85118328278e-023, 5.75820876722e-023, 4.91506003222e-023, 1.32324348657e-022, 1.21234011937e-022, 2.16065796009e-022, 2.20428461872e-022, 1.98271429016e-022, 2.10335144362e-022, 4.14262491498e-022, 2.83746325632e-022, 5.01634907825e-022, 7.61789268925e-022, 1.32380331276e-021, 1.51173224519e-021, 2.23313683399e-021]
        var: [2.08066680205e-012, 1.52421275601e-008, 3.79682703056e-008, 8.86345929985e-008, 4.70750421755e-007, 3.10317091134e-007, 1.11190068708e-007, 4.3265006866e-007, 4.0688161107e-007, 5.52888423044e-007, 1.22095315191e-007, 2.90762827149e-008, 1.48585295179e-008, 4.16272705195e-008, 8.53814370316e-008, 2.63125855327e-007, 1.81881603112e-007, 9.2865178658e-008, 1.64577031114e-007, 8.60571987005e-008, 3.17696979835e-008, 6.62038734944e-009, 2.89956558763e-010, 3.11290958288e-011, 6.19985356456e-012, 1.17407389285e-014, 9.832159308e-019]
    frequency_bands:
        dmean: [4.06382895335e-007, 4.64983313577e-005, 8.64544635988e-005, 0.00011708673992, 0.0002679938043, 0.000190974242287, 0.000111638844828, 0.000166889221873, 0.000180480594281, 0.000129106178065, 8.2406331785e-005, 4.42755299446e-005, 4.06048166042e-005, 6.0000562371e-005, 9.87656676443e-005, 0.000129982130602, 0.000140615578857, 0.000127424820676, 0.000181845389307, 0.0001297606359, 7.89036494098e-005, 3.38288009516e-005, 5.87605381952e-006, 1.7862249706e-006, 7.72517580572e-007, 3.05942755574e-008, 3.93338778215e-010, 5.11457751151e-011]
        dmean2: [5.37016148883e-007, 7.49072132749e-005, 0.000144671823364, 0.000193080617464, 0.000448212493211, 0.00030691709253, 0.000177893118234, 0.000249507953413, 0.000274728605291, 0.000185982091352, 0.000131165754283, 6.97180221323e-005, 6.53138704365e-005, 9.5116229204e-005, 0.000162249576533, 0.00021426382591, 0.000234709703363, 0.000212584694964, 0.000312716001645, 0.000221997237531, 0.000137545517646, 5.92608666921e-005, 9.67458709056e-006, 2.79385290014e-006, 1.1586985238e-006, 4.53316353344e-008, 6.40765940307e-010, 9.46070791152e-011]
        dvar: [8.29556475596e-013, 6.79410705473e-009, 2.58028780564e-008, 8.76864447719e-008, 3.31164869749e-007, 2.19899618514e-007, 6.62339161295e-008, 1.52226945715e-007, 2.27781541184e-007, 1.18349866796e-007, 4.58212916499e-008, 1.29304593699e-008, 8.29993584972e-009, 2.03072012539e-008, 4.72424765974e-008, 1.31302641648e-007, 8.89140281402e-008, 4.43609877721e-008, 1.10632356609e-007, 4.95107350673e-008, 2.74598104255e-008, 6.28089225074e-009, 1.42715020357e-010, 1.2771650057e-011, 2.64194915944e-012, 5.92003905275e-015, 5.72813992194e-019, 5.58718781242e-021]
        dvar2: [1.37845843681e-012, 1.8243664357e-008, 6.96419277801e-008, 2.32565867009e-007, 9.06022364688e-007, 5.4245310821e-007, 1.64114894119e-007, 3.15249650384e-007, 5.51819653083e-007, 2.47684482702e-007, 1.10962446342e-007, 3.01036564565e-008, 2.08292085802e-008, 4.81113104911e-008, 1.22108616551e-007, 3.37394396865e-007, 2.38747333015e-007, 1.14784704408e-007, 3.03322678974e-007, 1.3399980503e-007, 7.69677939161e-008, 1.74582961421e-008, 3.40205696947e-010, 2.84383870619e-011, 5.67450687133e-012, 1.25118701004e-014, 1.31117867141e-018, 1.75402808787e-020]
        max: [1.06035176941e-005, 0.000926309847273, 0.0017747131642, 0.00525066349655, 0.00855048373342, 0.00717738037929, 0.00665767583996, 0.00701642595232, 0.00935419276357, 0.00963490922004, 0.0053474502638, 0.00294312136248, 0.00239546247758, 0.00348098925315, 0.00487054651603, 0.0099757257849, 0.00656060269102, 0.00380592164584, 0.00434142211452, 0.00285679125227, 0.00194135378115, 0.00093907979317, 0.00025377277052, 6.63469181745e-005, 2.76503997156e-005, 1.8447436787e-006, 2.07371879668e-008, 7.39052430365e-010]
        mean: [7.08674974703e-007, 0.000107555126306, 0.000154378663865, 0.000161260308232, 0.000458758731838, 0.000286967610009, 0.000194761756575, 0.00030425094883, 0.000313483236823, 0.000308067043079, 0.000150057647261, 7.75597727625e-005, 6.54981777188e-005, 0.000104945152998, 0.000163568533026, 0.000242453286774, 0.000272360950476, 0.000251072749961, 0.00034898595186, 0.000272458506515, 0.000144591947901, 5.28130512976e-005, 1.24671405501e-005, 4.20735568696e-006, 1.69694328633e-006, 5.74343239634e-008, 5.85348658433e-010, 4.03571447094e-011]
        median: [1.90220319496e-007, 6.858305278e-005, 9.72913767328e-005, 7.13661647751e-005, 0.00021392198687, 0.000108444772195, 8.4076935309e-005, 8.58513376443e-005, 7.78339090175e-005, 5.83133733016e-005, 5.28812706762e-005, 3.11382646032e-005, 3.28601345245e-005, 5.06082869833e-005, 7.76828310336e-005, 0.000122277109767, 0.000154592897161, 0.000175763809239, 0.000267158844508, 0.000230988196563, 0.000110373861389, 3.34870201186e-005, 8.45574322739e-006, 2.83450731331e-006, 9.86319946605e-007, 2.75391567328e-008, 2.78816914001e-010, 1.23998641216e-011]
        min: [6.18192386655e-024, 1.47064372443e-023, 1.4382846501e-023, 2.08715556126e-023, 3.45001595803e-023, 2.96922574669e-023, 4.45972794e-023, 5.22275333503e-023, 3.21464479192e-023, 8.53669930662e-023, 4.91097531045e-023, 3.85118328278e-023, 5.75820876722e-023, 4.91506003222e-023, 1.32324348657e-022, 1.21234011937e-022, 2.16065796009e-022, 2.20428461872e-022, 1.98271429016e-022, 2.10335144362e-022, 4.14262491498e-022, 2.83746325632e-022, 5.01634907825e-022, 7.61789268925e-022, 1.32380331276e-021, 1.51173224519e-021, 2.23313683399e-021, 6.01544229824e-022]
        var: [2.08066680205e-012, 1.52421275601e-008, 3.79682703056e-008, 8.86345929985e-008, 4.70750421755e-007, 3.10317091134e-007, 1.11190068708e-007, 4.3265006866e-007, 4.0688161107e-007, 5.52888423044e-007, 1.22095315191e-007, 2.90762827149e-008, 1.48585295179e-008, 4.16272705195e-008, 8.53814370316e-008, 2.63125855327e-007, 1.81881603112e-007, 9.2865178658e-008, 1.64577031114e-007, 8.60571987005e-008, 3.17696979835e-008, 6.62038734944e-009, 2.89956558763e-010, 3.11290958288e-011, 6.19985356456e-012, 1.17407389285e-014, 9.832159308e-019, 4.69401248493e-021]
    mfcc:
        mean: [-732.953125, 104.900550842, -41.9671897888, 39.1030693054, -16.5458316803, -9.12319755554, -7.98850822449, -3.87075185776, -1.66235530376, -3.48236918449, -7.59761333466, -5.76456832886, -3.26811361313]
        cov: [[11246.2041016, -169.071380615, -800.46295166, 1816.41320801, -27.2717952728, 726.190673828, 295.713684082, 445.515930176, 385.520294189, 364.762695313, 188.311325073, 49.7144889832, -16.9789428711], [-169.071380615, 1103.77966309, -48.6100311279, -190.096298218, 2.70368719101, -92.2071685791, -6.44495344162, -24.457698822, -48.0458641052, -89.6487884521, -67.8852310181, -38.3489074707, -31.2511940002], [-800.46295166, -48.6100311279, 475.026580811, -24.3913021088, 51.4591407776, 37.8257637024, -2.47783493996, -1.90293824673, -44.6445579529, -13.0504837036, 51.1205177307, 62.4266700745, 43.0486297607], [1816.41320801, -190.096298218, -24.3913021088, 638.729736328, 104.285087585, 197.466873169, 110.070373535, 85.9638137817, 92.3084411621, 78.9588928223, 83.9406738281, 74.8737335205, 54.0939750671], [-27.2717952728, 2.70368719101, 51.4591407776, 104.285087585, 208.395584106, 64.7698974609, 28.9854125977, 15.0309076309, 32.2017326355, 19.8378677368, 22.1345024109, 43.6371421814, 37.3330802917], [726.190673828, -92.2071685791, 37.8257637024, 197.466873169, 64.7698974609, 231.37336731, 115.266548157, 94.1287765503, 53.3413658142, 72.5606002808, 85.7527694702, 46.1494102478, 36.5423965454], [295.713684082, -6.44495344162, -2.47783493996, 110.070373535, 28.9854125977, 115.266548157, 200.128860474, 93.2125930786, 49.3352928162, 51.4075546265, 56.3313446045, 31.2802257538, 21.0052947998], [445.515930176, -24.457698822, -1.90293824673, 85.9638137817, 15.0309076309, 94.1287765503, 93.2125930786, 147.1927948, 69.5066299438, 64.6488342285, 49.0969429016, 26.9025268555, 18.4392375946], [385.520294189, -48.0458641052, -44.6445579529, 92.3084411621, 32.2017326355, 53.3413658142, 49.3352928162, 69.5066299438, 128.931762695, 74.1539077759, 36.4264793396, 23.927778244, 8.39474868774], [364.762695313, -89.6487884521, -13.0504837036, 78.9588928223, 19.8378677368, 72.5606002808, 51.4075546265, 64.6488342285, 74.1539077759, 136.307373047, 75.6640319824, 32.553237915, 12.8410024643], [188.311325073, -67.8852310181, 51.1205177307, 83.9406738281, 22.1345024109, 85.7527694702, 56.3313446045, 49.0969429016, 36.4264793396, 75.6640319824, 128.329071045, 66.4096374512, 30.6421470642], [49.7144889832, -38.3489074707, 62.4266700745, 74.8737335205, 43.6371421814, 46.1494102478, 31.2802257538, 26.9025268555, 23.927778244, 32.553237915, 66.4096374512, 105.43611908, 55.8602981567], [-16.9789428711, -31.2511940002, 43.0486297607, 54.0939750671, 37.3330802917, 36.5423965454, 21.0052947998, 18.4392375946, 8.39474868774, 12.8410024643, 30.6421470642, 55.8602981567, 80.2261962891]]
        icov: [[0.000284931913484, -0.000125004560687, 0.000374895695131, -0.000771255407017, 0.00042516621761, -0.000578075880185, 0.000415239861468, -0.000379307050025, 3.56042764906e-005, -0.000264190573944, 0.000246281648288, -8.55972975842e-005, 0.000378488737624], [-0.000125004560687, 0.00108704180457, -2.10230627999e-005, 0.000602546846494, -0.000492315448355, 0.000508528668433, -0.00047141086543, -0.000110354638309, 0.000104445985926, 0.000722789089195, -8.18339394755e-005, -5.58986430406e-005, 9.18090809137e-005], [0.000374895695131, -2.10230627999e-005, 0.00313009344973, -0.000629035523161, -4.43593125965e-005, -0.00118549366016, 0.000862363609485, -0.000830950564705, 0.00124474428594, 0.000279273983324, -0.000605431967415, -0.00121357524768, 0.00024282358936], [-0.000771255407017, 0.000602546846494, -0.000629035523161, 0.00451317895204, -0.00165748526342, -8.29373602755e-005, -0.00128669163678, 0.00125254818704, -0.000892391835805, 0.00102650513873, -0.000596908910666, -0.000548273790628, -0.00123716506641], [0.00042516621761, -0.000492315448355, -4.43593125965e-005, -0.00165748526342, 0.00685226218775, -0.00234802765772, 0.000609026174061, 0.00075754406862, -0.0014979444677, -0.00058723607799, 0.00181798601989, -0.0015821835259, -0.000755139917601], [-0.000578075880185, 0.000508528668433, -0.00118549366016, -8.29373602755e-005, -0.00234802765772, 0.0108400192112, -0.00333979283459, -0.0019516448956, 0.00086315034423, -0.000106646344648, -0.00384998647496, 0.00219500833191, -0.0018851965433], [0.000415239861468, -0.00047141086543, 0.000862363609485, -0.00128669163678, 0.000609026174061, -0.00333979283459, 0.00893011689186, -0.00392930628732, -6.60635487293e-005, -2.20218062168e-005, -0.000597532838583, -0.000298978033243, 0.000558742904104], [-0.000379307050025, -0.000110354638309, -0.000830950564705, 0.00125254818704, 0.00075754406862, -0.0019516448956, -0.00392930628732, 0.0137433912605, -0.00449201045558, -0.00145710678771, 4.97765140608e-005, 0.000217382039409, -0.00158260460012], [3.56042764906e-005, 0.000104445985926, 0.00124474428594, -0.000892391835805, -0.0014979444677, 0.00086315034423, -6.60635487293e-005, -0.00449201045558, 0.0144064994529, -0.00582833727822, 0.00147574511357, -0.00186686555389, 0.0014972880017], [-0.000264190573944, 0.000722789089195, 0.000279273983324, 0.00102650513873, -0.00058723607799, -0.000106646344648, -2.20218062168e-005, -0.00145710678771, -0.00582833727822, 0.0159248821437, -0.00775648513809, 0.00140366982669, 9.23029074329e-005], [0.000246281648288, -8.18339394755e-005, -0.000605431967415, -0.000596908910666, 0.00181798601989, -0.00384998647496, -0.000597532838583, 4.97765140608e-005, 0.00147574511357, -0.00775648513809, 0.0189702734351, -0.00926286634058, 0.00209128344432], [-8.55972975842e-005, -5.58986430406e-005, -0.00121357524768, -0.000548273790628, -0.0015821835259, 0.00219500833191, -0.000298978033243, 0.000217382039409, -0.00186686555389, 0.00140366982669, -0.00926286634058, 0.0220410041511, -0.0110924635082], [0.000378488737624, 9.18090809137e-005, 0.00024282358936, -0.00123716506641, -0.000755139917601, -0.0018851965433, 0.000558742904104, -0.00158260460012, 0.0014972880017, 9.23029074329e-005, 0.00209128344432, -0.0110924635082, 0.021465362981]]
    sccoeffs:
        dmean: [0.0472823679447, 0.0457640737295, 0.0380312465131, 0.0298501905054, 0.0196852087975, 0.0174177046865]
        dmean2: [0.0774275362492, 0.0734444707632, 0.0600054711103, 0.0490451008081, 0.0319614894688, 0.0281697716564]
        dvar: [0.0017105594743, 0.00150858587585, 0.00101241818629, 0.000596796628088, 0.000267196068307, 0.000307169335429]
        dvar2: [0.00443349126726, 0.00373587640934, 0.00240552658215, 0.00154084339738, 0.000673818867654, 0.000749632250518]
        max: [-0.232288241386, -0.398384213448, -0.461966276169, -0.568123042583, -0.594771981239, -0.630711913109]
        mean: [-0.644160449505, -0.702524185181, -0.743614971638, -0.784521818161, -0.80280393362, -0.764816522598]
        median: [-0.661085188389, -0.705721795559, -0.756989955902, -0.791523218155, -0.804599881172, -0.758437812328]
        min: [-0.959710240364, -0.978013932705, -0.967947542667, -0.965304136276, -0.962341547012, -0.96173620224]
        var: [0.011120156385, 0.00586080737412, 0.00626540742815, 0.0027939719148, 0.00141885282937, 0.00201290426776]
    scvalleys:
        dmean: [0.366702049971, 0.340645968914, 0.289621829987, 0.268639743328, 0.244291871786, 0.231363475323]
        dmean2: [0.601543784142, 0.556213796139, 0.470868736506, 0.422075927258, 0.372093111277, 0.331554561853]
        dvar: [0.113000333309, 0.106145694852, 0.0830209329724, 0.087426058948, 0.116305820644, 0.106380932033]
        dvar2: [0.267297416925, 0.238534167409, 0.165725171566, 0.16240465641, 0.206717446446, 0.180399283767]
        max: [-5.33219146729, -4.57212018967, -5.47804021835, -5.82126426697, -5.26653909683, -7.85178852081]
        mean: [-7.50353860855, -7.01859092712, -7.36885595322, -7.5813574791, -7.50162220001, -9.99816799164]
        median: [-6.71728467941, -6.70048713684, -7.0344119072, -7.05900478363, -6.7304854393, -9.39824485779]
        min: [-27.4360542297, -27.6483249664, -27.1060962677, -27.1961650848, -27.2601909637, -27.355140686]
        var: [3.76933217049, 2.2927274704, 2.10113048553, 2.43576645851, 2.8866276741, 2.41628956795]

rhythm:
    beats_loudness:
        dmean: 0.00142755999696
        dmean2: 0.00245270319283
        dvar: 1.82985957053e-006
        dvar2: 5.06417700308e-006
        max: 0.0126744415611
        mean: 0.00524210417643
        median: 0.00573970936239
        min: 2.08324503481e-012
        var: 8.24679864309e-006
    bpm: 166.374389648
    bpm_confidence: 0
    first_peak_bpm: 167
    first_peak_spread: 0
    first_peak_weight: 0.685714304447
    onset_rate: 3.29844355583
    second_peak_bpm: 172
    second_peak_spread: 0
    second_peak_weight: 0.257142871618
    beats_loudness_band_ratio:
        dmean: [0.123479068279, 0.129687801003, 0.17244464159, 0.0806957632303, 0.0873505398631, 0.0633334219456]
        dmean2: [0.206873476505, 0.218655988574, 0.297404527664, 0.129959136248, 0.144460245967, 0.110069550574]
        dvar: [0.0134440911934, 0.0150425732136, 0.0247337725013, 0.0106084123254, 0.0069766677916, 0.00664214510471]
        dvar2: [0.0364000126719, 0.0411054417491, 0.0663172826171, 0.0251795873046, 0.0190407112241, 0.0173399168998]
        max: [0.780290484428, 0.753529369831, 0.987321972847, 0.968579888344, 0.687311530113, 0.805047750473]
        mean: [0.165570899844, 0.19803032279, 0.260868757963, 0.111933849752, 0.178223147988, 0.12786065042]
        median: [0.130988299847, 0.145906284451, 0.205406084657, 0.068929001689, 0.165535137057, 0.12132357806]
        min: [0, 0, 0, 0, 0, 0]
        var: [0.0213394537568, 0.0266214068979, 0.040696464479, 0.0150020904839, 0.0146989971399, 0.00973002612591]
    beats_position: [0.371519267559, 0.754648506641, 1.13777780533, 1.53251695633, 1.93886613846, 2.32199549675, 2.69351458549, 3.05342388153, 3.41333317757, 3.7732424736, 4.13315200806, 4.49306106567, 4.85297060013, 5.20126962662, 5.56117916107, 5.92108821869, 6.26938772202, 6.6176867485, 6.97759628296, 7.33750534058, 7.6858048439, 8.04571437836, 8.40562343597, 8.76553249359, 9.12544155121, 9.4853515625, 9.84526062012, 10.1935596466, 10.5534696579, 10.9133787155, 11.2732877731, 11.6331968307, 11.9931058884, 12.3414058685, 12.7013149261, 13.0612239838, 13.4211339951, 13.7810430527, 14.1409521103, 14.4892511368, 14.8375511169, 15.1858501434, 15.545759201, 15.9056682587, 16.2655773163, 16.6254863739, 16.9737873077, 17.3336963654, 17.693605423, 18.0419044495, 18.4018135071, 18.7501125336, 19.1100215912, 19.4699325562, 19.8298416138, 20.1897506714, 20.549659729, 20.9095687866, 21.2694778442, 21.6177768707, 21.9776859283, 22.3375968933, 22.6975059509, 23.0574150085, 23.405714035, 23.7540130615, 24.1139221191, 24.4738311768, 24.8337402344, 25.1936511993, 25.5419502258, 25.8902492523, 26.2501583099, 26.6100673676, 26.958366394, 27.3298854828, 27.6897945404, 28.0497055054, 28.409614563, 28.7695236206, 29.1178226471, 29.4661216736, 29.8260307312, 30.1859397888, 30.5458488464, 30.8941497803, 31.2540588379, 31.6023578644, 31.962266922, 32.322177887, 32.6820869446, 33.0419960022, 33.4019050598, 33.7618141174, 34.121723175, 34.4816322327, 34.8299331665, 35.1782302856, 35.5381393433, 35.8980484009, 36.2579574585, 36.6178665161, 36.96616745, 37.3260765076, 37.6859855652, 38.034286499, 38.3941955566, 38.7541046143, 39.1140136719, 39.462310791, 39.8222198486, 40.1821289063, 40.5420417786, 40.9019508362, 41.2618598938, 41.6101570129, 41.9584579468, 42.3183670044, 42.678276062, 43.0381851196, 43.3980941772, 43.7580032349, 44.1179122925, 44.4662132263, 44.8261222839, 45.1860313416, 45.5575485229, 45.9058494568, 46.2541503906, 46.6140594482, 46.9739685059, 47.3338775635, 47.6937866211, 48.0420837402, 48.4019927979, 48.7619056702, 49.1102027893, 49.4701118469, 49.8300209045, 50.1899299622, 50.5498390198, 50.9097480774, 51.269657135, 51.6179580688, 51.9662590027, 52.3261680603, 52.6860771179, 53.0459861755, 53.4058952332, 53.7658042908, 54.1257133484, 54.4740142822, 54.8339233398, 55.1938323975, 55.5421295166, 55.8904304504, 56.2503395081, 56.6102485657, 56.9817695618, 57.3300666809, 57.6783676147, 58.0382766724, 58.39818573, 58.7580947876, 59.1180038452, 59.4779129028, 59.8378219604, 60.1977310181, 60.5576400757, 60.9175491333, 61.2774581909, 61.6257591248, 61.9856681824, 62.34557724, 62.6938781738, 63.0537872314, 63.4020843506, 63.7619934082, 64.1102905273, 64.4585952759, 64.8301086426, 65.1900177002, 65.5499343872, 65.8982315063, 66.258140564, 66.6180496216, 66.9779586792, 67.3378677368, 67.6977767944, 68.0576858521, 68.4059829712, 68.7542877197, 69.1258010864, 69.474105835, 69.8340148926, 70.1939239502, 70.5538330078, 70.902130127, 71.2620391846, 71.6103363037, 71.9702453613, 72.3301544189, 72.6900634766, 73.0499725342, 73.3982772827, 73.7465744019, 74.1064834595, 74.4663925171, 74.8263015747, 75.1862106323, 75.5461196899, 75.9060287476, 76.2659378052, 76.6142425537, 76.9741516113, 77.345664978, 77.6939697266, 78.0422668457, 78.4021759033, 78.7620849609, 79.1103820801, 79.4702911377, 79.8302001953, 80.1901092529, 80.5384140015, 80.8983230591, 81.2582321167, 81.6181411743, 81.9780502319, 82.3379592896, 82.6862564087, 83.0461654663, 83.4060745239, 83.7543716431, 84.1142807007, 84.4741897583, 84.8341064453, 85.1940155029, 85.5423126221, 85.9022216797, 86.2621307373, 86.6104278564, 86.9703369141, 87.3302459717, 87.6785507202, 88.0384597778, 88.3983688354, 88.7582778931, 89.1181869507, 89.4664840698, 89.8263931274, 90.1863021851, 90.5462112427, 90.8945083618, 91.2544174194, 91.6143264771, 91.9742355347, 92.3225402832, 92.6708374023, 93.03074646, 93.3906555176, 93.7621765137, 94.1104736328, 94.4703826904, 94.830291748, 95.1902008057, 95.5384979248, 95.8984146118, 96.2583236694, 96.6182327271, 96.9665298462, 97.3264389038, 97.6863479614, 98.0346450806, 98.3945541382, 98.7544631958, 99.1143722534, 99.462677002, 99.8225860596, 100.182495117, 100.542404175, 100.902313232, 101.26222229, 101.610519409, 101.982040405, 102.341949463, 102.701858521, 103.05015564, 103.398452759, 103.758361816, 104.118278503, 104.466575623, 104.82648468, 105.186393738, 105.546302795, 105.906211853, 106.266120911, 106.626029968, 106.974327087, 107.334236145, 107.694145203, 108.05405426, 108.413963318, 108.762268066, 109.122177124, 109.482086182, 109.830383301, 110.17868042, 110.538589478, 110.898498535, 111.258407593, 111.61831665, 111.978225708, 112.338134766, 112.698051453, 113.05796051, 113.406257629, 113.754554749, 114.102851868, 114.451156616, 114.811065674, 115.170974731, 115.530883789, 115.890792847, 116.250701904, 116.610610962, 116.97052002, 117.330429077, 117.690338135, 118.038635254, 118.398544312, 118.758453369, 119.118362427, 119.466667175, 119.826576233, 120.186485291, 120.53478241, 120.894691467, 121.254600525, 121.614509583, 121.97441864, 122.345939636, 122.694236755, 123.054145813, 123.414054871, 123.762359619, 124.122268677, 124.482177734, 124.830474854, 125.190383911, 125.550292969, 125.910202026, 126.270111084, 126.618408203, 126.978317261, 127.338226318, 127.686531067, 128.046432495, 128.406341553, 128.754638672, 129.114562988, 129.474472046, 129.834381104, 130.194290161, 130.554199219, 130.914108276, 131.262405396, 131.622314453, 131.970611572, 132.33052063, 132.690429688, 133.050338745, 133.398635864, 133.758544922, 134.118453979, 134.466751099, 134.826660156, 135.186569214, 135.546478271, 135.906387329, 136.254684448, 136.614593506, 136.974502563, 137.334411621, 137.694335938, 138.054244995, 138.414154053, 138.77406311, 139.133972168, 139.505477905, 139.865386963, 140.213699341, 140.56199646, 140.910293579, 141.258590698, 141.618499756, 141.966796875, 142.338317871, 142.698226929, 143.058135986, 143.406433105, 143.754730225, 144.103042603, 144.47454834, 144.834457397, 145.182769775, 145.542678833, 145.902587891, 146.262496948, 146.610794067, 146.970703125, 147.330612183, 147.69052124, 148.050430298, 148.398727417, 148.758636475, 149.118545532, 149.47845459, 149.838363647, 150.186660767, 150.546569824, 150.906478882, 151.266387939, 151.626296997, 151.974594116, 152.334503174, 152.694412231, 153.042724609, 153.402633667, 153.762542725, 154.122451782, 154.48236084, 154.830657959, 155.178955078, 155.538864136, 155.898773193, 156.258682251, 156.60697937, 156.966888428, 157.315185547, 157.686706543, 158.046615601, 158.406524658, 158.754821777, 159.114730835, 159.474639893, 159.83454895, 160.194458008, 160.542770386, 160.891067505, 161.250976563, 161.61088562, 161.970794678, 162.330703735, 162.690612793, 163.050521851, 163.410430908, 163.770339966, 164.118637085, 164.466934204, 164.826843262, 165.186752319, 165.558273315, 165.906570435, 166.254867554, 166.603164673, 166.96307373, 167.322982788, 167.682891846, 168.042816162, 168.40272522, 168.751022339, 169.110931396, 169.470840454, 169.830749512, 170.190658569, 170.550567627, 170.910476685, 171.270385742, 171.6302948, 171.990203857, 172.361724854, 172.73324585, 173.104751587, 173.476272583, 173.847793579, 174.219314575, 174.579223633, 174.950744629, 175.310653687, 175.682174683]
