
metadata:
    version:
        essentia: "2.1-beta2"
    audio_properties:
        analysis_sample_rate: 44100
        bitrate: 320
        channels: 2
        equal_loudness: 1
        length: 475.898773193
        replay_gain: -14.5820579529
        downmix: "mix"
    tags:
        album: "Greatest Hits - Hymns To The Rising Sun"
        artist: "Amon Amarth"
        comment: ""
        date: "2010"
        genre: "Melodic Death Metal"
        title: "Victorious March"
        tracknumber: "13"

configuration:
    average_loudness:
        compute: 1
        frameSize: 88200
        hopSize: 44100
        silentFrames: "noise"
        windowType: "hann"
    general:
        analysisSampleRate: 44100
        endTime: 2000
        equalLoudness: 1
        nequalLoudness: 0
        shortSound: 0
        startTime: 0
    lowlevel:
        compute: 1
        frameSize: 2048
        hopSize: 1024
        zeroPadding: 0
        silentFrames: "noise"
        windowType: "blackmanharris62"
        mfccStats: ["mean", "cov", "icov"]
        stats: ["mean", "var", "median", "min", "max", "dmean", "dmean2", "dvar", "dvar2"]
    panning:
        compute: 0
        frameSize: 8192
        hopSize: 2048
        zeroPadding: 8192
        silentFrames: "noise"
        windowType: "hann"
        stats: ["copy"]
    rhythm:
        compute: 1
        maxTempo: 208
        minTempo: 40
        method: "degara"
        stats: ["mean", "var", "median", "min", "max", "dmean", "dmean2", "dvar", "dvar2"]
    segmentation:
        compute: 0
        cpw: 5
        inc1: 300
        inc2: 50
        minimumSegmentsLength: 10
        size1: 1000
        size2: 600
    sfx:
        compute: 1
        stats: ["mean", "var", "median", "min", "max", "dmean", "dmean2", "dvar", "dvar2"]
    svm:
        compute: 0
    tonal:
        compute: 1
        frameSize: 4096
        hopSize: 2048
        zeroPadding: 0
        silentFrames: "noise"
        windowType: "blackmanharris62"
        stats: ["mean", "var", "median", "min", "max", "dmean", "dmean2", "dvar", "dvar2"]

lowlevel:
    average_loudness: 0.94607001543
    barkbands_kurtosis:
        dmean: 0.575017273426
        dmean2: 0.957513809204
        dvar: 0.575508534908
        dvar2: 1.35664057732
        max: 90.6122970581
        mean: -0.749737262726
        median: -0.972439825535
        min: -1.84588551521
        var: 2.04480862617
    barkbands_skewness:
        dmean: 0.312108546495
        dmean2: 0.507929801941
        dvar: 0.0693327113986
        dvar2: 0.178935557604
        max: 9.34045696259
        mean: -0.575085282326
        median: -0.603198707104
        min: -2.22709679604
        var: 0.285512208939
    barkbands_spread:
        dmean: 6.96998977661
        dmean2: 11.6415615082
        dvar: 35.1444358826
        dvar2: 96.316619873
        max: 63.3311309814
        mean: 35.7107582092
        median: 35.0714263916
        min: 2.74226379395
        var: 81.9012298584
    dissonance:
        dmean: 0.00765719311312
        dmean2: 0.0131888408214
        dvar: 4.75656270282e-005
        dvar2: 0.000135444570333
        max: 0.500000059605
        mean: 0.487866520882
        median: 0.489520043135
        min: 0.417984545231
        var: 6.83534162818e-005
    hfc:
        dmean: 2.46483373642
        dmean2: 4.00253295898
        dvar: 6.86782026291
        dvar2: 17.2618865967
        max: 40.4597396851
        mean: 12.4064292908
        median: 12.4387207031
        min: 1.09293296459e-016
        var: 29.9594841003
    pitch:
        dmean: 1063.75476074
        dmean2: 2028.75976563
        dvar: 1857748.625
        dvar2: 4441013.5
        max: 4276.65283203
        mean: 1695.17456055
        median: 770.680053711
        min: 65.072303772
        var: 2509911.5
    pitch_instantaneous_confidence:
        dmean: 0.0656776055694
        dmean2: 0.109548300505
        dvar: 0.00273488089442
        dvar2: 0.00742556760088
        max: 0.810790896416
        mean: 0.30771625042
        median: 0.292570769787
        min: 0.0884208679199
        var: 0.00827234517783
    pitch_salience:
        dmean: 0.0483466386795
        dmean2: 0.0814774036407
        dvar: 0.00167733465787
        dvar2: 0.00447054160759
        max: 0.917171120644
        mean: 0.699963986874
        median: 0.710353851318
        min: 0.101598657668
        var: 0.00409972015768
    silence_rate_20dB:
        dmean: 0
        dmean2: 0
        dvar: 0
        dvar2: 0
        max: 1
        mean: 1
        median: 1
        min: 1
        var: 0
    silence_rate_30dB:
        dmean: 0
        dmean2: 0
        dvar: 0
        dvar2: 0
        max: 1
        mean: 1
        median: 1
        min: 1
        var: 0
    silence_rate_60dB:
        dmean: 0.0227361433208
        dmean2: 0.0454745069146
        dvar: 0.0222210753709
        dvar2: 0.0526843853295
        max: 1
        mean: 0.0993803963065
        median: 0
        min: 0
        var: 0.0895150974393
    spectral_centroid:
        dmean: 230.077453613
        dmean2: 374.952056885
        dvar: 43282.5078125
        dvar2: 103385.234375
        max: 11671.0527344
        mean: 2202.23730469
        median: 2211.24755859
        min: 91.2054672241
        var: 371154.71875
    spectral_complexity:
        dmean: 4.05932855606
        dmean2: 6.52363967896
        dvar: 12.8414201736
        dvar2: 31.0595264435
        max: 51
        mean: 24.6146755219
        median: 26
        min: 0
        var: 89.1417694092
    spectral_crest:
        dmean: 1.28027808666
        dmean2: 2.17511677742
        dvar: 1.45206701756
        dvar2: 3.90975952148
        max: 25.4693527222
        mean: 5.1191277504
        median: 4.74660634995
        min: 2.12519645691
        var: 2.93351721764
    spectral_decrease:
        dmean: 2.32184910187e-010
        dmean2: 3.86389253926e-010
        dvar: 7.02917340409e-020
        dvar2: 1.83812870397e-019
        max: 1.17974812822e-028
        mean: -1.22033194661e-009
        median: -1.19988852187e-009
        min: -3.76703113147e-009
        var: 2.68462605177e-019
    spectral_energy:
        dmean: 0.00105718162376
        dmean2: 0.0017526462907
        dvar: 1.44269631619e-006
        dvar2: 3.73465559278e-006
        max: 0.0171806048602
        mean: 0.00573111651465
        median: 0.00567532749847
        min: 9.86536230547e-021
        var: 5.77371883992e-006
    spectral_energyband_high:
        dmean: 0.000236279229284
        dmean2: 0.000390847882954
        dvar: 5.97913825118e-008
        dvar2: 1.5274210341e-007
        max: 0.00368803087622
        mean: 0.000766235112678
        median: 0.000727911072318
        min: 6.83437705503e-021
        var: 1.59151454682e-007
    spectral_energyband_low:
        dmean: 0.00039691539132
        dmean2: 0.000678070646245
        dvar: 2.06150289728e-007
        dvar2: 5.51598191123e-007
        max: 0.00750056514516
        mean: 0.000571462674998
        median: 0.000402141769882
        min: 1.64653856483e-023
        var: 3.07845397174e-007
    spectral_energyband_middle_high:
        dmean: 0.000669689557981
        dmean2: 0.00109277036972
        dvar: 4.57035412182e-007
        dvar2: 1.19183005154e-006
        max: 0.012676727958
        mean: 0.0032967843581
        median: 0.00318870041519
        min: 1.24119046661e-021
        var: 2.55586724052e-006
    spectral_energyband_middle_low:
        dmean: 0.000450000923593
        dmean2: 0.00075157842366
        dvar: 3.75285452492e-007
        dvar2: 1.0060441582e-006
        max: 0.0073845279403
        mean: 0.00123946799431
        median: 0.00101904745679
        min: 1.56377815752e-022
        var: 7.49090986574e-007
    spectral_flatness_db:
        dmean: 0.0101817119867
        dmean2: 0.0161512102932
        dvar: 7.09807427484e-005
        dvar2: 0.000172630258021
        max: 0.336194396019
        mean: 0.128527998924
        median: 0.126711666584
        min: 0.0545874722302
        var: 0.000334537908202
    spectral_flux:
        dmean: 0.00545535748824
        dmean2: 0.00846716016531
        dvar: 3.04337863781e-005
        dvar2: 6.29772766843e-005
        max: 0.095165990293
        mean: 0.0456790328026
        median: 0.0467455126345
        min: 6.42381495219e-011
        var: 0.000196294204216
    spectral_kurtosis:
        dmean: 0.763589560986
        dmean2: 1.33371448517
        dvar: 0.477662235498
        dvar2: 1.44473850727
        max: 11.4300889969
        mean: 2.83344960213
        median: 2.78297662735
        min: -1.28101229668
        var: 0.91961055994
    spectral_rms:
        dmean: 0.000208682351513
        dmean2: 0.000343092688126
        dvar: 4.54798687599e-008
        dvar2: 1.1619273721e-007
        max: 0.00409408891574
        mean: 0.00228020176291
        median: 0.00235306285322
        min: 3.10237707919e-012
        var: 3.92037549091e-007
    spectral_rolloff:
        dmean: 251.32925415
        dmean2: 419.433959961
        dvar: 68328.9375
        dvar2: 157048.28125
        max: 19336.8164063
        mean: 3873.04003906
        median: 3854.44335938
        min: 64.599609375
        var: 786712
    spectral_skewness:
        dmean: 0.123527511954
        dmean2: 0.207016289234
        dvar: 0.0110252676532
        dvar2: 0.0302374381572
        max: 2.35809612274
        mean: 1.06369876862
        median: 1.07585585117
        min: -0.0793967545033
        var: 0.0510816052556
    spectral_spread:
        dmean: 328186.8125
        dmean2: 506773.875
        dvar: 201200107520
        dvar2: 344206344192
        max: 43231876
        mean: 4225301.5
        median: 4047670.5
        min: 2031624.375
        var: 4.36519724646e+012
    spectral_strongpeak:
        dmean: 0.638060331345
        dmean2: 1.13105988503
        dvar: 0.683980345726
        dvar2: 1.80176544189
        max: 9.1411113739
        mean: 0.740049302578
        median: 0.263528972864
        min: 0
        var: 0.973415672779
    zerocrossingrate:
        dmean: 0.00607418920845
        dmean2: 0.00773159228265
        dvar: 3.72989125026e-005
        dvar2: 5.13035483891e-005
        max: 0.5205078125
        mean: 0.120132885873
        median: 0.12060546875
        min: 0.00732421875
        var: 0.000637838908006
    barkbands:
        dmean: [5.79590846428e-007, 0.000120631273603, 0.000266968971118, 0.000160371520906, 0.000172431973624, 0.000117274837976, 9.58328528213e-005, 8.31246361486e-005, 0.000129995431053, 9.40158497542e-005, 8.78716091393e-005, 8.65365800564e-005, 5.80353771511e-005, 4.83042385895e-005, 7.94647858129e-005, 0.000155410030857, 0.000251927296631, 0.00025241082767, 0.000272011966445, 0.00022279987752, 0.000129835956614, 4.90080819873e-005, 4.73185991723e-006, 1.93118057723e-006, 8.34027787278e-007, 2.82925363138e-008, 4.20599416406e-010]
        dmean2: [9.72144903244e-007, 0.00021249029669, 0.00045690726256, 0.000280879758066, 0.00029468149296, 0.000195594897377, 0.000164483790286, 0.000135777008836, 0.000213673934923, 0.000157986243721, 0.000146930964547, 0.000143765646499, 9.74237191258e-005, 8.10978381196e-005, 0.000134665780934, 0.000261211185716, 0.000424361904152, 0.000427280756412, 0.000459580711322, 0.000372521404643, 0.000219628986088, 8.10809651739e-005, 7.81958715379e-006, 3.09877327709e-006, 1.28448948544e-006, 4.29177120509e-008, 6.80491940575e-010]
        dvar: [6.36306383018e-013, 2.77027343287e-008, 1.04512004384e-007, 4.90655658325e-008, 8.0699393834e-008, 2.78138170273e-008, 2.76274416677e-008, 3.29260032572e-008, 4.49895409815e-008, 2.94906374876e-008, 2.33930403937e-008, 1.93121447722e-008, 9.63677404542e-009, 7.2744219537e-009, 8.93890028664e-009, 3.59813157047e-008, 8.14766849544e-008, 8.08969957689e-008, 7.70736861e-008, 5.98072986691e-008, 1.80755161949e-008, 2.18322870893e-009, 6.22520646143e-011, 1.84590606689e-011, 1.66778635173e-012, 8.11488310766e-015, 4.38456906454e-019]
        dvar2: [1.61055316219e-012, 7.64226228966e-008, 2.76653707942e-007, 1.37411703349e-007, 2.25121780772e-007, 7.10707652729e-008, 7.44393915397e-008, 8.43666470018e-008, 1.15120322164e-007, 8.02642503572e-008, 6.41782733624e-008, 5.25255252626e-008, 2.56788599273e-008, 1.89997404476e-008, 2.40028601439e-008, 9.60293320418e-008, 2.20585604893e-007, 2.18638703586e-007, 2.13417308714e-007, 1.57650362098e-007, 4.81544084607e-008, 5.82541304084e-009, 1.43703229871e-010, 3.9662013257e-011, 3.49386014911e-012, 1.75520507145e-014, 9.61701066465e-019]
        max: [8.33262220112e-006, 0.00165105541237, 0.00604073982686, 0.00315614650026, 0.00355971464887, 0.00392020819709, 0.00313381291926, 0.00406535761431, 0.00445468677208, 0.00376322166994, 0.00326574733481, 0.00249266484752, 0.00246596592478, 0.00236875377595, 0.00202638516203, 0.0050276494585, 0.00586103415117, 0.0070608346723, 0.00537741463631, 0.00427056336775, 0.00247838906944, 0.000700364995282, 0.000168815531651, 0.00016740441788, 3.71794340026e-005, 3.8559778659e-006, 2.36818031851e-008]
        mean: [6.23082087259e-007, 0.00013088916603, 0.000340586790117, 0.000193342464627, 0.000276019360172, 0.000203970630537, 0.000137212715345, 0.000132762346766, 0.000239523884375, 0.000169031322002, 0.000164076176588, 0.000179309543455, 0.000112819085189, 9.13444091566e-005, 0.000163441553013, 0.000334608717822, 0.000548895157408, 0.000564742833376, 0.000716779031791, 0.000567791343201, 0.000302332016872, 0.000145288562635, 9.49652257987e-006, 4.45405294158e-006, 1.71227736701e-006, 5.31055661668e-008, 7.20148107813e-010]
        median: [2.90551980697e-007, 7.0410198532e-005, 0.000207244578633, 0.00011765974341, 0.000185286568012, 0.000141317897942, 8.48312192829e-005, 6.31524017081e-005, 0.000130997796077, 8.11900899862e-005, 7.49307801016e-005, 8.72646342032e-005, 5.92394644627e-005, 5.09820820298e-005, 0.000130318221636, 0.000270890421234, 0.000469291291665, 0.000489555881359, 0.000671900226735, 0.000498595298268, 0.000270191783784, 0.000140724965604, 4.7297439778e-006, 2.82258883999e-006, 1.10547091481e-006, 2.70946767245e-008, 3.83739595655e-010]
        min: [4.79921823403e-025, 3.67827617418e-024, 9.8107090769e-025, 1.77111579452e-024, 7.24545706707e-024, 9.0955480934e-024, 1.62578789426e-023, 1.41117402514e-023, 9.26488734189e-024, 1.78599513114e-023, 1.26813200712e-023, 2.84830125852e-023, 3.27479701367e-023, 2.71444323805e-023, 5.34047410129e-023, 2.4474224991e-023, 7.14778094087e-023, 1.01880205773e-022, 1.10604382607e-022, 2.00617829514e-022, 2.09220048452e-022, 2.94291010419e-022, 4.1722724535e-022, 5.9446861451e-022, 8.20514296142e-022, 1.31326716029e-021, 2.01729075783e-021]
        var: [7.25695274272e-013, 2.6536383757e-008, 1.58460423449e-007, 5.5030277224e-008, 9.64932880265e-008, 5.41794236142e-008, 3.58796192756e-008, 5.48857386207e-008, 1.10192210911e-007, 7.64485932336e-008, 6.4110082576e-008, 6.62487664727e-008, 2.36758950223e-008, 1.70213425577e-008, 1.89747453305e-008, 7.30301010776e-008, 1.6142392667e-007, 1.52807729137e-007, 1.55240542199e-007, 1.37338204809e-007, 3.60328833438e-008, 5.64383606516e-009, 1.47157730446e-010, 4.48802557618e-011, 4.18383426862e-012, 1.27908217668e-014, 1.07652417864e-018]
    frequency_bands:
        dmean: [5.79590846428e-007, 0.000120631273603, 0.000266968971118, 0.000160371520906, 0.000172431973624, 0.000117274837976, 9.58328528213e-005, 8.31246361486e-005, 0.000129995431053, 9.40158497542e-005, 8.78716091393e-005, 8.65365800564e-005, 5.80353771511e-005, 4.83042385895e-005, 7.94647858129e-005, 0.000155410030857, 0.000251927296631, 0.00025241082767, 0.000272011966445, 0.00022279987752, 0.000129835956614, 4.90080819873e-005, 4.73185991723e-006, 1.93118057723e-006, 8.34027787278e-007, 2.82925363138e-008, 4.20599416406e-010, 6.56611709449e-011]
        dmean2: [9.72144903244e-007, 0.00021249029669, 0.00045690726256, 0.000280879758066, 0.00029468149296, 0.000195594897377, 0.000164483790286, 0.000135777008836, 0.000213673934923, 0.000157986243721, 0.000146930964547, 0.000143765646499, 9.74237191258e-005, 8.10978381196e-005, 0.000134665780934, 0.000261211185716, 0.000424361904152, 0.000427280756412, 0.000459580711322, 0.000372521404643, 0.000219628986088, 8.10809651739e-005, 7.81958715379e-006, 3.09877327709e-006, 1.28448948544e-006, 4.29177120509e-008, 6.80491940575e-010, 1.21970447631e-010]
        dvar: [6.36306383018e-013, 2.77027343287e-008, 1.04512004384e-007, 4.90655658325e-008, 8.0699393834e-008, 2.78138170273e-008, 2.76274416677e-008, 3.29260032572e-008, 4.49895409815e-008, 2.94906374876e-008, 2.33930403937e-008, 1.93121447722e-008, 9.63677404542e-009, 7.2744219537e-009, 8.93890028664e-009, 3.59813157047e-008, 8.14766849544e-008, 8.08969957689e-008, 7.70736861e-008, 5.98072986691e-008, 1.80755161949e-008, 2.18322870893e-009, 6.22520646143e-011, 1.84590606689e-011, 1.66778635173e-012, 8.11488310766e-015, 4.38456906454e-019, 8.05990975602e-021]
        dvar2: [1.61055316219e-012, 7.64226228966e-008, 2.76653707942e-007, 1.37411703349e-007, 2.25121780772e-007, 7.10707652729e-008, 7.44393915397e-008, 8.43666470018e-008, 1.15120322164e-007, 8.02642503572e-008, 6.41782733624e-008, 5.25255252626e-008, 2.56788599273e-008, 1.89997404476e-008, 2.40028601439e-008, 9.60293320418e-008, 2.20585604893e-007, 2.18638703586e-007, 2.13417308714e-007, 1.57650362098e-007, 4.81544084607e-008, 5.82541304084e-009, 1.43703229871e-010, 3.9662013257e-011, 3.49386014911e-012, 1.75520507145e-014, 9.61701066465e-019, 2.54925642588e-020]
        max: [8.33262220112e-006, 0.00165105541237, 0.00604073982686, 0.00315614650026, 0.00355971464887, 0.00392020819709, 0.00313381291926, 0.00406535761431, 0.00445468677208, 0.00376322166994, 0.00326574733481, 0.00249266484752, 0.00246596592478, 0.00236875377595, 0.00202638516203, 0.0050276494585, 0.00586103415117, 0.0070608346723, 0.00537741463631, 0.00427056336775, 0.00247838906944, 0.000700364995282, 0.000168815531651, 0.00016740441788, 3.71794340026e-005, 3.8559778659e-006, 2.36818031851e-008, 1.34887701009e-009]
        mean: [6.23082087259e-007, 0.00013088916603, 0.000340586790117, 0.000193342464627, 0.000276019360172, 0.000203970630537, 0.000137212715345, 0.000132762346766, 0.000239523884375, 0.000169031322002, 0.000164076176588, 0.000179309543455, 0.000112819085189, 9.13444091566e-005, 0.000163441553013, 0.000334608717822, 0.000548895157408, 0.000564742833376, 0.000716779031791, 0.000567791343201, 0.000302332016872, 0.000145288562635, 9.49652257987e-006, 4.45405294158e-006, 1.71227736701e-006, 5.31055661668e-008, 7.20148107813e-010, 5.19793409703e-011]
        median: [2.90551980697e-007, 7.0410198532e-005, 0.000207244578633, 0.00011765974341, 0.000185286568012, 0.000141317897942, 8.48312192829e-005, 6.31524017081e-005, 0.000130997796077, 8.11900899862e-005, 7.49307801016e-005, 8.72646342032e-005, 5.92394644627e-005, 5.09820820298e-005, 0.000130318221636, 0.000270890421234, 0.000469291291665, 0.000489555881359, 0.000671900226735, 0.000498595298268, 0.000270191783784, 0.000140724965604, 4.7297439778e-006, 2.82258883999e-006, 1.10547091481e-006, 2.70946767245e-008, 3.83739595655e-010, 2.11777314435e-011]
        min: [4.79921823403e-025, 3.67827617418e-024, 9.8107090769e-025, 1.77111579452e-024, 7.24545706707e-024, 9.0955480934e-024, 1.62578789426e-023, 1.41117402514e-023, 9.26488734189e-024, 1.78599513114e-023, 1.26813200712e-023, 2.84830125852e-023, 3.27479701367e-023, 2.71444323805e-023, 5.34047410129e-023, 2.4474224991e-023, 7.14778094087e-023, 1.01880205773e-022, 1.10604382607e-022, 2.00617829514e-022, 2.09220048452e-022, 2.94291010419e-022, 4.1722724535e-022, 5.9446861451e-022, 8.20514296142e-022, 1.31326716029e-021, 2.01729075783e-021, 4.9758498429e-022]
        var: [7.25695274272e-013, 2.6536383757e-008, 1.58460423449e-007, 5.5030277224e-008, 9.64932880265e-008, 5.41794236142e-008, 3.58796192756e-008, 5.48857386207e-008, 1.10192210911e-007, 7.64485932336e-008, 6.4110082576e-008, 6.62487664727e-008, 2.36758950223e-008, 1.70213425577e-008, 1.89747453305e-008, 7.30301010776e-008, 1.6142392667e-007, 1.52807729137e-007, 1.55240542199e-007, 1.37338204809e-007, 3.60328833438e-008, 5.64383606516e-009, 1.47157730446e-010, 4.48802557618e-011, 4.18383426862e-012, 1.27908217668e-014, 1.07652417864e-018, 6.43764701609e-021]
    mfcc:
        mean: [-683.124450684, 92.7508010864, -57.399520874, 62.6242256165, -17.1988239288, -0.49106413126, 0.419249475002, 1.42683696747, 5.84457063675, -7.6954202652, -4.40114688873, -2.33993291855, -1.33985352516]
        cov: [[6130.09960938, 708.604675293, -551.932983398, 358.46472168, -298.954376221, 79.9737701416, 17.1470832825, 22.0540752411, -3.99848604202, -61.4672851563, -30.3143882751, -26.3287773132, -37.9367790222], [708.604675293, 381.391204834, -176.255859375, 156.782394409, -77.7968292236, 7.28335094452, -8.36042976379, 0.808223426342, 27.6547107697, -29.102394104, 6.48006153107, 1.21822249889, -10.2282934189], [-551.932983398, -176.255859375, 265.535583496, -53.7114601135, 88.3263244629, -11.2296895981, 4.0281047821, 0.296305626631, -15.858124733, 35.6101608276, 2.36908245087, -0.940477252007, 9.19752979279], [358.46472168, 156.782394409, -53.7114601135, 239.786209106, 12.5809421539, 10.5251369476, -36.9620399475, -11.2075138092, 26.5365123749, -12.1284618378, 2.32237887383, -13.6012983322, 0.509081423283], [-298.954376221, -77.7968292236, 88.3263244629, 12.5809421539, 108.781333923, 22.1436767578, 7.64790821075, -7.91324615479, -0.560756444931, 9.34558010101, 2.35093402863, -2.45387935638, 8.28267288208], [79.9737701416, 7.28335094452, -11.2296895981, 10.5251369476, 22.1436767578, 73.1583938599, 39.3023147583, 12.8154582977, -4.59403419495, -1.03149807453, 2.10530972481, -0.154486343265, 2.23790407181], [17.1470832825, -8.36042976379, 4.0281047821, -36.9620399475, 7.64790821075, 39.3023147583, 81.7944946289, 38.1699028015, 5.56916475296, -5.59975337982, -2.28727793694, 3.09210419655, 4.76506376266], [22.0540752411, 0.808223426342, 0.296305626631, -11.2075138092, -7.91324615479, 12.8154582977, 38.1699028015, 57.317237854, 21.8452606201, 3.43957352638, -5.16522693634, 0.510249912739, 1.00425517559], [-3.99848604202, 27.6547107697, -15.858124733, 26.5365123749, -0.560756444931, -4.59403419495, 5.56916475296, 21.8452606201, 62.078338623, 18.8431301117, 7.35199451447, -2.71737408638, -0.748728752136], [-61.4672851563, -29.102394104, 35.6101608276, -12.1284618378, 9.34558010101, -1.03149807453, -5.59975337982, 3.43957352638, 18.8431301117, 60.4277191162, 22.9813117981, 6.10779333115, -4.23760604858], [-30.3143882751, 6.48006153107, 2.36908245087, 2.32237887383, 2.35093402863, 2.10530972481, -2.28727793694, -5.16522693634, 7.35199451447, 22.9813117981, 43.4380187988, 17.4983158112, 2.23713636398], [-26.3287773132, 1.21822249889, -0.940477252007, -13.6012983322, -2.45387935638, -0.154486343265, 3.09210419655, 0.510249912739, -2.71737408638, 6.10779333115, 17.4983158112, 42.8553466797, 20.0639152527], [-37.9367790222, -10.2282934189, 9.19752979279, 0.509081423283, 8.28267288208, 2.23790407181, 4.76506376266, 1.00425517559, -0.748728752136, -4.23760604858, 2.23713636398, 20.0639152527, 43.1687660217]]
        icov: [[0.000248855940299, -0.000196648237761, 0.000236405219766, -0.000301026157103, 0.000470126338769, -0.000184488584637, -0.000221851965762, 4.24534306376e-007, 0.00038672646042, -0.000373196176952, 0.000278354418697, 8.03176299087e-005, -1.25579508676e-005], [-0.000196648237761, 0.00593823567033, 0.0016755615361, -0.00344974151812, 0.00263843638822, 0.000229935336392, -0.00172254198696, 0.00108421442565, -0.00130910496227, 0.00140745250974, -0.000970178574789, -0.00167923653498, 0.00151083420496], [0.000236405219766, 0.0016755615361, 0.00792354438454, -0.000492387625854, -0.00479366024956, 0.00360692851245, -0.00142790970858, -0.00189974915702, 0.00387362181209, -0.00459500867873, 0.000677529897075, 0.00110734149348, -0.00107671343721], [-0.000301026157103, -0.00344974151812, -0.000492387625854, 0.00861346814781, -0.00385237857699, -0.00262070191093, 0.0061890068464, -0.00131686357781, -0.00303451018408, 0.00229741330259, -0.00141818297561, 0.0029649795033, -0.00198777369224], [0.000470126338769, 0.00263843638822, -0.00479366024956, -0.00385237857699, 0.0185798387975, -0.00654744263738, -0.00227942620404, 0.00582579011098, -0.00327136041597, 0.00110917398706, 0.000311923853587, -2.32369420701e-005, -0.0009575226577], [-0.000184488584637, 0.000229935336392, 0.00360692851245, -0.00262070191093, -0.00654744263738, 0.0241423752159, -0.0128242978826, -0.00055806041928, 0.00647326698527, -0.00418135011569, -0.00121582194697, 0.00141772860661, -0.000306103698676], [-0.000221851965762, -0.00172254198696, -0.00142790970858, 0.0061890068464, -0.00227942620404, -0.0128242978826, 0.0290380530059, -0.0153078781441, -0.00198964960873, 0.00623943191022, -0.00286133121699, 0.000716792652383, -0.00172574492171], [4.24534306376e-007, 0.00108421442565, -0.00189974915702, -0.00131686357781, 0.00582579011098, -0.00055806041928, -0.0153078781441, 0.0333029925823, -0.0112252151594, -0.00152350822464, 0.00688447570428, -0.00340477167629, 0.00138512451667], [0.00038672646042, -0.00130910496227, 0.00387362181209, -0.00303451018408, -0.00327136041597, 0.00647326698527, -0.00198964960873, -0.0112252151594, 0.0271653011441, -0.0104256104678, -0.00203739129938, 0.00479709170759, -0.00266325776465], [-0.000373196176952, 0.00140745250974, -0.00459500867873, 0.00229741330259, 0.00110917398706, -0.00418135011569, 0.00623943191022, -0.00152350822464, -0.0104256104678, 0.0292370375246, -0.0134110851213, -0.00141271564644, 0.00434889644384], [0.000278354418697, -0.000970178574789, 0.000677529897075, -0.00141818297561, 0.000311923853587, -0.00121582194697, -0.00286133121699, 0.00688447570428, -0.00203739129938, -0.0134110851213, 0.0375982560217, -0.0155223505571, 0.00396016193554], [8.03176299087e-005, -0.00167923653498, 0.00110734149348, 0.0029649795033, -2.32369420701e-005, 0.00141772860661, 0.000716792652383, -0.00340477167629, 0.00479709170759, -0.00141271564644, -0.0155223505571, 0.0398701839149, -0.0184490028769], [-1.25579508676e-005, 0.00151083420496, -0.00107671343721, -0.00198777369224, -0.0009575226577, -0.000306103698676, -0.00172574492171, 0.00138512451667, -0.00266325776465, 0.00434889644384, 0.00396016193554, -0.0184490028769, 0.0328727178276]]
    sccoeffs:
        dmean: [0.0573089271784, 0.0448212064803, 0.0352255441248, 0.0282521564513, 0.0183210670948, 0.0157747287303]
        dmean2: [0.0967049002647, 0.075645275414, 0.059881284833, 0.0480032749474, 0.0312627963722, 0.0253831315786]
        dvar: [0.00199934118427, 0.00121250434313, 0.000738826347515, 0.000471972714877, 0.000198780879145, 0.000174061220605]
        dvar2: [0.00571709498763, 0.00339992321096, 0.00212740129791, 0.00136269396171, 0.000571420416236, 0.000423841847805]
        max: [-0.410144805908, -0.516532421112, -0.612182021141, -0.648509383202, -0.695530176163, -0.604316353798]
        mean: [-0.685586392879, -0.77544760704, -0.804251909256, -0.798702180386, -0.801081418991, -0.707262992859]
        median: [-0.686251223087, -0.778770327568, -0.806952178478, -0.799605190754, -0.800344645977, -0.707216560841]
        min: [-0.977437674999, -0.98599511385, -0.977801263332, -0.972818791866, -0.966836214066, -0.965823292732]
        var: [0.00467930687591, 0.00308779324405, 0.00189410918392, 0.00121841300279, 0.000686540326569, 0.0013123487588]
    scvalleys:
        dmean: [0.385715782642, 0.338314056396, 0.268614530563, 0.216064602137, 0.16125433147, 0.25198879838]
        dmean2: [0.637801349163, 0.569359660149, 0.446576863527, 0.359255611897, 0.264260709286, 0.398475438356]
        dvar: [0.104508601129, 0.090215459466, 0.0586344413459, 0.0449478067458, 0.034926854074, 0.0916679948568]
        dvar2: [0.260004013777, 0.216592624784, 0.129767000675, 0.0902739688754, 0.0583900026977, 0.194034770131]
        max: [-5.17542505264, -4.82274484634, -4.86892938614, -5.5733089447, -5.51890277863, -7.81644773483]
        mean: [-6.73464107513, -6.5723528862, -6.67981052399, -6.91285181046, -6.49883890152, -9.68863487244]
        median: [-6.51347064972, -6.37920856476, -6.52850103378, -6.71858596802, -6.26638412476, -9.47065734863]
        min: [-28.3331775665, -27.9002151489, -27.6543731689, -27.6170253754, -27.5670852661, -27.4064350128]
        var: [2.23031044006, 2.26809811592, 2.26154398918, 2.13928723335, 2.09074640274, 1.97209000587]

rhythm:
    beats_loudness:
        dmean: 0.00168585579377
        dmean2: 0.00304326042533
        dvar: 2.15392446989e-006
        dvar2: 6.72196074447e-006
        max: 0.0143829490989
        mean: 0.00669318530709
        median: 0.0070865303278
        min: 0
        var: 6.23880760031e-006
    bpm: 130.255889893
    bpm_confidence: 0
    first_peak_bpm: 129
    first_peak_spread: 0.38255700469
    first_peak_weight: 0.604267716408
    onset_rate: 2.01303315163
    second_peak_bpm: 136
    second_peak_spread: 0.142857119441
    second_peak_weight: 0.0116391852498
    beats_loudness_band_ratio:
        dmean: [0.0879801139235, 0.0447927601635, 0.0462185144424, 0.0500857979059, 0.079501979053, 0.0766195505857]
        dmean2: [0.158406019211, 0.0797401443124, 0.0793593451381, 0.0861665606499, 0.140679478645, 0.132544010878]
        dvar: [0.00592799577862, 0.00205574324355, 0.00261472957209, 0.00354871316813, 0.00388508150354, 0.0037848460488]
        dvar2: [0.0175097621977, 0.00599140813574, 0.00762702617794, 0.00925111491233, 0.012302108109, 0.0107148932293]
        max: [0.831308603287, 0.487665116787, 0.450151205063, 0.420540779829, 0.575015604496, 0.60118585825]
        mean: [0.138531759381, 0.0800721421838, 0.0873860195279, 0.101411908865, 0.287454754114, 0.33041331172]
        median: [0.124814771116, 0.0697299540043, 0.0696616619825, 0.0711321085691, 0.279250502586, 0.329354077578]
        min: [0, 0, 0, 0, 0, 0]
        var: [0.00746071245521, 0.00273909140378, 0.00348490430042, 0.00595297571272, 0.00652906158939, 0.00698883458972]
