
metadata:
    version:
        essentia: "2.1-beta2"
    audio_properties:
        analysis_sample_rate: 44100
        bitrate: 320
        channels: 2
        equal_loudness: 1
        length: 194.063674927
        replay_gain: -14.4676036835
        downmix: "mix"
    tags:
        album: "Incomparable"
        artist: "Dead By April"
        comment: "-=Titan=-"
        date: "2011"
        genre: "Modern Metal"
        title: "Too Late"
        tracknumber: "9"

configuration:
    average_loudness:
        compute: 1
        frameSize: 88200
        hopSize: 44100
        silentFrames: "noise"
        windowType: "hann"
    general:
        analysisSampleRate: 44100
        endTime: 2000
        equalLoudness: 1
        nequalLoudness: 0
        shortSound: 0
        startTime: 0
    lowlevel:
        compute: 1
        frameSize: 2048
        hopSize: 1024
        zeroPadding: 0
        silentFrames: "noise"
        windowType: "blackmanharris62"
        mfccStats: ["mean", "cov", "icov"]
        stats: ["mean", "var", "median", "min", "max", "dmean", "dmean2", "dvar", "dvar2"]
    panning:
        compute: 0
        frameSize: 8192
        hopSize: 2048
        zeroPadding: 8192
        silentFrames: "noise"
        windowType: "hann"
        stats: ["copy"]
    rhythm:
        compute: 1
        maxTempo: 208
        minTempo: 40
        method: "degara"
        stats: ["mean", "var", "median", "min", "max", "dmean", "dmean2", "dvar", "dvar2"]
    segmentation:
        compute: 0
        cpw: 5
        inc1: 300
        inc2: 50
        minimumSegmentsLength: 10
        size1: 1000
        size2: 600
    sfx:
        compute: 1
        stats: ["mean", "var", "median", "min", "max", "dmean", "dmean2", "dvar", "dvar2"]
    svm:
        compute: 0
    tonal:
        compute: 1
        frameSize: 4096
        hopSize: 2048
        zeroPadding: 0
        silentFrames: "noise"
        windowType: "blackmanharris62"
        stats: ["mean", "var", "median", "min", "max", "dmean", "dmean2", "dvar", "dvar2"]

lowlevel:
    average_loudness: 0.908669054508
    barkbands_kurtosis:
        dmean: 0.90586078167
        dmean2: 1.56981301308
        dvar: 9.11707496643
        dvar2: 24.7481212616
        max: 139.344116211
        mean: -0.579271376133
        median: -1.1474789381
        min: -1.86882972717
        var: 10.701253891
    barkbands_skewness:
        dmean: 0.512122869492
        dmean2: 0.848935306072
        dvar: 0.294591367245
        dvar2: 0.817550003529
        max: 7.01258087158
        mean: -0.108444862068
        median: -0.150285229087
        min: -3.43554997444
        var: 0.590633332729
    barkbands_spread:
        dmean: 6.59897232056
        dmean2: 11.0137643814
        dvar: 41.3342018127
        dvar2: 112.323478699
        max: 106.305229187
        mean: 36.5223045349
        median: 36.9133071899
        min: 0.129859745502
        var: 165.561904907
    dissonance:
        dmean: 0.0132553940639
        dmean2: 0.0227176751941
        dvar: 0.000399131356971
        dvar2: 0.00120785448235
        max: 0.5
        mean: 0.475482881069
        median: 0.485100567341
        min: 0.0622033290565
        var: 0.00136943731923
    hfc:
        dmean: 3.53720450401
        dmean2: 6.15468025208
        dvar: 30.1500968933
        dvar2: 82.4531707764
        max: 54.7789039612
        mean: 8.43051242828
        median: 7.54385852814
        min: 1.23266957808e-016
        var: 39.2914085388
    pitch:
        dmean: 847.980529785
        dmean2: 1623.66442871
        dvar: 1777555.75
        dvar2: 4492811.5
        max: 4953.83642578
        mean: 1692.81103516
        median: 508.402557373
        min: 69.7054977417
        var: 2796734.5
    pitch_instantaneous_confidence:
        dmean: 0.0871583744884
        dmean2: 0.144512802362
        dvar: 0.005154971499
        dvar2: 0.0135519662872
        max: 0.933628559113
        mean: 0.367452204227
        median: 0.343484342098
        min: 0.0827749967575
        var: 0.0173846948892
    pitch_salience:
        dmean: 0.073485545814
        dmean2: 0.124659888446
        dvar: 0.00475949933752
        dvar2: 0.0136396791786
        max: 0.925308525562
        mean: 0.645618379116
        median: 0.660201251507
        min: 0.186693549156
        var: 0.00889341626316
    silence_rate_20dB:
        dmean: 0
        dmean2: 0
        dvar: 0
        dvar2: 0
        max: 1
        mean: 1
        median: 1
        min: 1
        var: 0
    silence_rate_30dB:
        dmean: 0
        dmean2: 0
        dvar: 0
        dvar2: 0
        max: 1
        mean: 1
        median: 1
        min: 1
        var: 0
    silence_rate_60dB:
        dmean: 0.127542480826
        dmean2: 0.255115479231
        dvar: 0.111283011734
        dvar2: 0.230941429734
        max: 1
        mean: 0.328986734152
        median: 0
        min: 0
        var: 0.220770686865
    spectral_centroid:
        dmean: 378.522338867
        dmean2: 631.366577148
        dvar: 147514.046875
        dvar2: 402049.9375
        max: 11104.78125
        mean: 1892.96777344
        median: 1900.08886719
        min: 176.932052612
        var: 407001.625
    spectral_complexity:
        dmean: 5.12156009674
        dmean2: 8.46619606018
        dvar: 32.087562561
        dvar2: 79.8511657715
        max: 49
        mean: 14.5680103302
        median: 14
        min: 0
        var: 86.0000076294
    spectral_crest:
        dmean: 2.11049318314
        dmean2: 3.5452132225
        dvar: 4.28279924393
        dvar2: 11.2657880783
        max: 25.6827068329
        mean: 6.54469108582
        median: 5.68348884583
        min: 2.39028096199
        var: 9.34101295471
    spectral_decrease:
        dmean: 3.71424835333e-010
        dmean2: 6.09540307117e-010
        dvar: 3.32227451208e-019
        dvar2: 8.77432661946e-019
        max: 2.54307824596e-029
        mean: -9.60224011415e-010
        median: -8.85169493259e-010
        min: -5.87444670685e-009
        var: 4.69158335274e-019
    spectral_energy:
        dmean: 0.00167452672031
        dmean2: 0.00276783457957
        dvar: 6.43472276352e-006
        dvar2: 1.69562244992e-005
        max: 0.023835754022
        mean: 0.00438877893612
        median: 0.00405587116256
        min: 1.1084702461e-020
        var: 9.39356596064e-006
    spectral_energyband_high:
        dmean: 0.000312315212796
        dmean2: 0.000554639729671
        dvar: 2.48049559559e-007
        dvar2: 6.87230567564e-007
        max: 0.00418837089092
        mean: 0.000574855774175
        median: 0.000478347821627
        min: 8.15414776133e-021
        var: 2.56845737567e-007
    spectral_energyband_low:
        dmean: 0.000307793117827
        dmean2: 0.000526603660546
        dvar: 1.75265100211e-007
        dvar2: 4.74799321637e-007
        max: 0.00454691005871
        mean: 0.000492553925142
        median: 0.000387166801374
        min: 6.94407054942e-023
        var: 2.61797680423e-007
    spectral_energyband_middle_high:
        dmean: 0.000823600043077
        dmean2: 0.00138714630157
        dvar: 1.27772432279e-006
        dvar2: 3.43247756973e-006
        max: 0.0131801171228
        mean: 0.00202992744744
        median: 0.00171714520548
        min: 1.41108540767e-021
        var: 2.47767798101e-006
    spectral_energyband_middle_low:
        dmean: 0.000856349535752
        dmean2: 0.00141962093767
        dvar: 2.99063071907e-006
        dvar2: 8.11090012576e-006
        max: 0.0192726179957
        mean: 0.00142847374082
        median: 0.000925600354094
        min: 3.8593526632e-022
        var: 2.9399259347e-006
    spectral_flatness_db:
        dmean: 0.0150344204158
        dmean2: 0.0245719198138
        dvar: 0.000273460638709
        dvar2: 0.000717174320016
        max: 0.7145870924
        mean: 0.133872002363
        median: 0.116664402187
        min: 0.0349953174591
        var: 0.00426713936031
    spectral_flux:
        dmean: 0.00980460643768
        dmean2: 0.0152750983834
        dvar: 0.000152983571752
        dvar2: 0.000291969248792
        max: 0.134921610355
        mean: 0.0409566238523
        median: 0.0396452620625
        min: 1.05283913532e-010
        var: 0.000368347857147
    spectral_kurtosis:
        dmean: 3.23205399513
        dmean2: 5.56896543503
        dvar: 536.038818359
        dvar2: 1563.37451172
        max: 926.265930176
        mean: 7.87819337845
        median: 2.08993840218
        min: -1.24906229973
        var: 1846.23669434
    spectral_rms:
        dmean: 0.000361263315426
        dmean2: 0.000577487808187
        dvar: 1.95322826357e-007
        dvar2: 4.93181516958e-007
        max: 0.0048222807236
        mean: 0.00192273152061
        median: 0.00198920769617
        min: 3.28851681129e-012
        var: 5.84833912853e-007
    spectral_rolloff:
        dmean: 431.365539551
        dmean2: 724.290222168
        dvar: 297520.65625
        dvar2: 771911.8125
        max: 18626.2207031
        mean: 3592.33081055
        median: 3746.77734375
        min: 107.666015625
        var: 1029581.6875
    spectral_skewness:
        dmean: 0.208115130663
        dmean2: 0.346822351217
        dvar: 0.298031449318
        dvar2: 0.828512370586
        max: 25.9027099609
        mean: 1.40077590942
        median: 1.11081540585
        min: 0.00689763808623
        var: 2.85989761353
    spectral_spread:
        dmean: 416328.4375
        dmean2: 656290.6875
        dvar: 409658327040
        dvar2: 732732588032
        max: 47000156
        mean: 5302529
        median: 5320601.5
        min: 148223.84375
        var: 3.20675695821e+012
    spectral_strongpeak:
        dmean: 0.422157347202
        dmean2: 0.733495116234
        dvar: 0.459786772728
        dvar2: 1.22444808483
        max: 8.00840473175
        mean: 0.562924444675
        median: 0.235300838947
        min: 5.5320914516e-011
        var: 0.704901218414
    zerocrossingrate:
        dmean: 0.00923504680395
        dmean2: 0.0116717740893
        dvar: 7.59131871746e-005
        dvar2: 0.000108648237074
        max: 0.4990234375
        mean: 0.10761475563
        median: 0.109375
        min: 0.009765625
        var: 0.000845621281769
    barkbands:
        dmean: [1.00223894606e-006, 9.50153262238e-005, 0.000195793400053, 0.000237797794398, 0.000348455068888, 0.000207837918424, 8.97305872058e-005, 0.000105900377093, 0.00015961274039, 5.84767767577e-005, 8.15782768768e-005, 6.98447984178e-005, 4.42901618953e-005, 4.62796851934e-005, 7.22257900634e-005, 0.000141000069561, 0.000157855465659, 0.00019786239136, 0.000278605060885, 0.000206315176911, 0.000148248043843, 6.3804378442e-005, 9.48041906668e-006, 3.27687871504e-006, 1.37592303417e-006, 6.59439365336e-008, 5.64048030505e-010]
        dmean2: [1.48298795466e-006, 0.0001664829324, 0.000336630066158, 0.00040866388008, 0.000605571141932, 0.000356589560397, 0.000154336506967, 0.000168388258317, 0.000248653552262, 9.47185471887e-005, 0.000130899265059, 0.000113151079859, 7.33891283744e-005, 7.77598252171e-005, 0.00012058889115, 0.000237111817114, 0.000268672622042, 0.000337050092639, 0.00048794990289, 0.000358614284778, 0.000261649343884, 0.000115452625323, 1.6075806343e-005, 5.39804022992e-006, 2.22574726649e-006, 1.039414812e-007, 9.37526056788e-010]
        dvar: [2.92399633152e-012, 1.75825753956e-008, 8.71747971587e-008, 2.26250719493e-007, 1.01669093056e-006, 2.5630458822e-007, 3.92996852838e-008, 4.82143391878e-008, 9.87258772511e-008, 1.27606112343e-008, 2.72227218545e-008, 3.06271203954e-008, 7.02423097465e-009, 7.39940597683e-009, 2.05674890452e-008, 6.22757809765e-008, 7.5564472013e-008, 1.08161984258e-007, 1.85148081755e-007, 9.12179771717e-008, 5.36695701214e-008, 1.22767644939e-008, 1.64926683421e-010, 2.38186744633e-011, 5.51454888698e-012, 3.83502501674e-014, 2.60020854795e-018]
        dvar2: [6.38264094355e-012, 5.11696605088e-008, 2.35615061683e-007, 6.16959994204e-007, 2.84384645965e-006, 7.00680288901e-007, 1.08075909111e-007, 1.13793625189e-007, 2.24632628942e-007, 3.24202567015e-008, 6.27673131248e-008, 6.6880410543e-008, 1.82200761145e-008, 1.9311670485e-008, 5.40699716112e-008, 1.64755064702e-007, 2.03122041853e-007, 2.87399274157e-007, 5.05326511302e-007, 2.47304853929e-007, 1.49572372266e-007, 3.46148496533e-008, 4.27351515286e-010, 5.99913729804e-011, 1.32734882113e-011, 8.79678884532e-014, 6.5632261064e-018]
        max: [1.64367811522e-005, 0.00120287085883, 0.00363180367276, 0.00476976623759, 0.0137421190739, 0.00624319259077, 0.00331421918236, 0.00487519986928, 0.00522970175371, 0.00230993051082, 0.00394434528425, 0.00523789040744, 0.00196700240485, 0.00193089840468, 0.00308307399973, 0.00643104221672, 0.00440349429846, 0.00572094460949, 0.00488186813891, 0.00352028477937, 0.00243223458529, 0.00128410127945, 0.000235195824644, 0.000103964790469, 4.5223019697e-005, 5.05794832861e-006, 6.31461105627e-008]
        mean: [1.57282170221e-006, 0.000121731965919, 0.000251841236604, 0.000254210841376, 0.000367348227883, 0.000251418881817, 0.000112406916742, 0.000164545795997, 0.00025795129477, 8.42307126732e-005, 0.000124776997836, 0.000111494227895, 6.81941382936e-005, 7.55134606152e-005, 0.000119989279483, 0.000244717608439, 0.000258522777585, 0.000330339302309, 0.000437334441813, 0.000367830769392, 0.000252943020314, 9.7368923889e-005, 2.14384290302e-005, 7.88814941188e-006, 3.05068306261e-006, 1.19732902704e-007, 8.60243876133e-010]
        median: [3.27319213511e-007, 8.85623740032e-005, 0.000155414571054, 0.000101796533272, 0.00013671873603, 7.63692514738e-005, 5.42931920791e-005, 6.43297898932e-005, 9.42889746511e-005, 3.79230295948e-005, 4.78407746414e-005, 4.43938042736e-005, 3.27902307617e-005, 3.77267679141e-005, 5.63140019949e-005, 0.000136570000905, 0.000146525155287, 0.0002135837276, 0.00033815196366, 0.00029726701905, 0.000205662538065, 7.40207615308e-005, 1.83846786967e-005, 6.67180302116e-006, 2.23086476581e-006, 6.50957403536e-008, 5.07050679222e-010]
        min: [2.46068056879e-023, 1.53131959205e-023, 3.47134076157e-023, 1.23604374874e-023, 1.13653727592e-022, 1.2305472815e-022, 8.16007312909e-023, 2.54495505261e-023, 1.71084051048e-023, 4.95544308413e-023, 7.34312751347e-023, 8.28182402794e-023, 4.6141616617e-023, 1.37640892505e-022, 1.00679357527e-022, 6.51784963342e-023, 1.20529022723e-022, 2.21117736977e-022, 2.59644769577e-022, 3.02922814797e-022, 4.40856166438e-022, 6.18058811994e-022, 6.14720251668e-022, 9.98489798192e-022, 9.97315266346e-022, 1.82679344575e-021, 2.23358677501e-021]
        var: [5.9553039583e-012, 1.82228347967e-008, 1.06489835616e-007, 2.05246834639e-007, 7.3889327723e-007, 2.62340961399e-007, 4.04539193255e-008, 1.03334912183e-007, 2.14875058191e-007, 2.29017906861e-008, 5.64537927517e-008, 6.64843256004e-008, 1.32187336632e-008, 1.63847015955e-008, 3.67782284627e-008, 1.39486061812e-007, 1.38680434247e-007, 1.72616225314e-007, 1.8479468622e-007, 1.10970930223e-007, 5.57095454212e-008, 1.06556594659e-008, 3.37601363531e-010, 4.9535126001e-011, 1.17394193325e-011, 6.33619879112e-014, 3.26313301114e-018]
    frequency_bands:
        dmean: [1.00223894606e-006, 9.50153262238e-005, 0.000195793400053, 0.000237797794398, 0.000348455068888, 0.000207837918424, 8.97305872058e-005, 0.000105900377093, 0.00015961274039, 5.84767767577e-005, 8.15782768768e-005, 6.98447984178e-005, 4.42901618953e-005, 4.62796851934e-005, 7.22257900634e-005, 0.000141000069561, 0.000157855465659, 0.00019786239136, 0.000278605060885, 0.000206315176911, 0.000148248043843, 6.3804378442e-005, 9.48041906668e-006, 3.27687871504e-006, 1.37592303417e-006, 6.59439365336e-008, 5.64048030505e-010, 4.92737899094e-011]
        dmean2: [1.48298795466e-006, 0.0001664829324, 0.000336630066158, 0.00040866388008, 0.000605571141932, 0.000356589560397, 0.000154336506967, 0.000168388258317, 0.000248653552262, 9.47185471887e-005, 0.000130899265059, 0.000113151079859, 7.33891283744e-005, 7.77598252171e-005, 0.00012058889115, 0.000237111817114, 0.000268672622042, 0.000337050092639, 0.00048794990289, 0.000358614284778, 0.000261649343884, 0.000115452625323, 1.6075806343e-005, 5.39804022992e-006, 2.22574726649e-006, 1.039414812e-007, 9.37526056788e-010, 9.19785775322e-011]
        dvar: [2.92399633152e-012, 1.75825753956e-008, 8.71747971587e-008, 2.26250719493e-007, 1.01669093056e-006, 2.5630458822e-007, 3.92996852838e-008, 4.82143391878e-008, 9.87258772511e-008, 1.27606112343e-008, 2.72227218545e-008, 3.06271203954e-008, 7.02423097465e-009, 7.39940597683e-009, 2.05674890452e-008, 6.22757809765e-008, 7.5564472013e-008, 1.08161984258e-007, 1.85148081755e-007, 9.12179771717e-008, 5.36695701214e-008, 1.22767644939e-008, 1.64926683421e-010, 2.38186744633e-011, 5.51454888698e-012, 3.83502501674e-014, 2.60020854795e-018, 5.05426297029e-021]
        dvar2: [6.38264094355e-012, 5.11696605088e-008, 2.35615061683e-007, 6.16959994204e-007, 2.84384645965e-006, 7.00680288901e-007, 1.08075909111e-007, 1.13793625189e-007, 2.24632628942e-007, 3.24202567015e-008, 6.27673131248e-008, 6.6880410543e-008, 1.82200761145e-008, 1.9311670485e-008, 5.40699716112e-008, 1.64755064702e-007, 2.03122041853e-007, 2.87399274157e-007, 5.05326511302e-007, 2.47304853929e-007, 1.49572372266e-007, 3.46148496533e-008, 4.27351515286e-010, 5.99913729804e-011, 1.32734882113e-011, 8.79678884532e-014, 6.5632261064e-018, 1.61423456434e-020]
        max: [1.64367811522e-005, 0.00120287085883, 0.00363180367276, 0.00476976623759, 0.0137421190739, 0.00624319259077, 0.00331421918236, 0.00487519986928, 0.00522970175371, 0.00230993051082, 0.00394434528425, 0.00523789040744, 0.00196700240485, 0.00193089840468, 0.00308307399973, 0.00643104221672, 0.00440349429846, 0.00572094460949, 0.00488186813891, 0.00352028477937, 0.00243223458529, 0.00128410127945, 0.000235195824644, 0.000103964790469, 4.5223019697e-005, 5.05794832861e-006, 6.31461105627e-008, 6.632929761e-010]
        mean: [1.57282170221e-006, 0.000121731965919, 0.000251841236604, 0.000254210841376, 0.000367348227883, 0.000251418881817, 0.000112406916742, 0.000164545795997, 0.00025795129477, 8.42307126732e-005, 0.000124776997836, 0.000111494227895, 6.81941382936e-005, 7.55134606152e-005, 0.000119989279483, 0.000244717608439, 0.000258522777585, 0.000330339302309, 0.000437334441813, 0.000367830769392, 0.000252943020314, 9.7368923889e-005, 2.14384290302e-005, 7.88814941188e-006, 3.05068306261e-006, 1.19732902704e-007, 8.60243876133e-010, 3.75040380696e-011]
        median: [3.27319213511e-007, 8.85623740032e-005, 0.000155414571054, 0.000101796533272, 0.00013671873603, 7.63692514738e-005, 5.42931920791e-005, 6.43297898932e-005, 9.42889746511e-005, 3.79230295948e-005, 4.78407746414e-005, 4.43938042736e-005, 3.27902307617e-005, 3.77267679141e-005, 5.63140019949e-005, 0.000136570000905, 0.000146525155287, 0.0002135837276, 0.00033815196366, 0.00029726701905, 0.000205662538065, 7.40207615308e-005, 1.83846786967e-005, 6.67180302116e-006, 2.23086476581e-006, 6.50957403536e-008, 5.07050679222e-010, 1.34090403711e-011]
        min: [2.46068056879e-023, 1.53131959205e-023, 3.47134076157e-023, 1.23604374874e-023, 1.13653727592e-022, 1.2305472815e-022, 8.16007312909e-023, 2.54495505261e-023, 1.71084051048e-023, 4.95544308413e-023, 7.34312751347e-023, 8.28182402794e-023, 4.6141616617e-023, 1.37640892505e-022, 1.00679357527e-022, 6.51784963342e-023, 1.20529022723e-022, 2.21117736977e-022, 2.59644769577e-022, 3.02922814797e-022, 4.40856166438e-022, 6.18058811994e-022, 6.14720251668e-022, 9.98489798192e-022, 9.97315266346e-022, 1.82679344575e-021, 2.23358677501e-021, 6.84863642903e-022]
        var: [5.9553039583e-012, 1.82228347967e-008, 1.06489835616e-007, 2.05246834639e-007, 7.3889327723e-007, 2.62340961399e-007, 4.04539193255e-008, 1.03334912183e-007, 2.14875058191e-007, 2.29017906861e-008, 5.64537927517e-008, 6.64843256004e-008, 1.32187336632e-008, 1.63847015955e-008, 3.67782284627e-008, 1.39486061812e-007, 1.38680434247e-007, 1.72616225314e-007, 1.8479468622e-007, 1.10970930223e-007, 5.57095454212e-008, 1.06556594659e-008, 3.37601363531e-010, 4.9535126001e-011, 1.17394193325e-011, 6.33619879112e-014, 3.26313301114e-018, 3.90227825799e-021]
    mfcc:
        mean: [-709.232421875, 82.2833404541, -35.3600540161, 47.331905365, -16.2658653259, -3.53875136375, -2.57153701782, 0.430199861526, 1.16119706631, -2.70130252838, -6.16701507568, -3.84593462944, -2.68372821808]
        cov: [[10011.0146484, -187.564315796, -607.150512695, 1683.04528809, 148.969238281, 625.571228027, 166.074554443, 350.282592773, 248.735443115, 154.06880188, 193.269470215, 97.5992050171, 2.79919719696], [-187.564315796, 721.181335449, -40.4050102234, -230.144332886, -86.076423645, -138.181945801, -47.9479675293, -69.6533889771, -57.7171630859, -47.7796554565, -78.6364822388, -58.7435150146, -35.1068267822], [-607.150512695, -40.4050102234, 479.152923584, 36.042552948, 17.9439125061, 30.1065979004, 23.7987098694, 44.6312637329, 24.4680423737, 34.7246742249, 37.6753425598, 21.6566047668, 22.7931575775], [1683.04528809, -230.144332886, 36.042552948, 687.901977539, 156.315719604, 199.816421509, 76.9122772217, 102.710525513, 87.3806762695, 68.7930374146, 86.0162582397, 62.9624252319, 22.4319000244], [148.969238281, -86.076423645, 17.9439125061, 156.315719604, 198.838104248, 105.910751343, 44.6621742249, 51.4039306641, 51.4325065613, 50.2169570923, 37.7563476563, 44.5246238708, 25.5165424347], [625.571228027, -138.181945801, 30.1065979004, 199.816421509, 105.910751343, 222.50340271, 112.753417969, 94.2875900269, 64.8901596069, 70.4542236328, 62.4125518799, 39.1706123352, 22.6159210205], [166.074554443, -47.9479675293, 23.7987098694, 76.9122772217, 44.6621742249, 112.753417969, 159.974090576, 91.5240097046, 47.1601104736, 37.9260520935, 30.3347225189, 32.4817466736, 19.3365917206], [350.282592773, -69.6533889771, 44.6312637329, 102.710525513, 51.4039306641, 94.2875900269, 91.5240097046, 140.819229126, 87.3298492432, 57.2242050171, 38.9482574463, 38.0618629456, 27.8884830475], [248.735443115, -57.7171630859, 24.4680423737, 87.3806762695, 51.4325065613, 64.8901596069, 47.1601104736, 87.3298492432, 106.462905884, 71.385307312, 39.3622512817, 32.1249732971, 21.7968482971], [154.06880188, -47.7796554565, 34.7246742249, 68.7930374146, 50.2169570923, 70.4542236328, 37.9260520935, 57.2242050171, 71.385307312, 108.784255981, 62.9249305725, 32.7083511353, 17.1566200256], [193.269470215, -78.6364822388, 37.6753425598, 86.0162582397, 37.7563476563, 62.4125518799, 30.3347225189, 38.9482574463, 39.3622512817, 62.9249305725, 85.2428741455, 46.7634048462, 16.2685146332], [97.5992050171, -58.7435150146, 21.6566047668, 62.9624252319, 44.5246238708, 39.1706123352, 32.4817466736, 38.0618629456, 32.1249732971, 32.7083511353, 46.7634048462, 76.1709289551, 37.691280365], [2.79919719696, -35.1068267822, 22.7931575775, 22.4319000244, 25.5165424347, 22.6159210205, 19.3365917206, 27.8884830475, 21.7968482971, 17.1566200256, 16.2685146332, 37.691280365, 64.69480896]]
        icov: [[0.000287686329102, -0.000211290505831, 0.000445546058472, -0.000700414006133, 0.000582799257245, -0.000699681870174, 0.00056403997587, -0.000601505569648, -4.84080555907e-006, 0.000188565594726, -0.000146911479533, -2.10162615986e-005, 6.50301008136e-005], [-0.000211290505831, 0.00188513332978, -0.000310980365612, 0.000759152346291, -0.000405485247029, 0.0012970828684, -0.000828766322229, 0.000525739626028, 0.000371721020201, -0.000971426488832, 0.00126408517826, 0.000171965410118, 0.000320341729093], [0.000445546058472, -0.000310980365612, 0.00291686854325, -0.0010794774862, 0.000879524159245, -0.000877555808984, 0.000963843776844, -0.00180553412065, 0.000574986217543, 1.61885982379e-005, -0.00116198742762, 0.000409657630371, -0.000535769213457], [-0.000700414006133, 0.000759152346291, -0.0010794774862, 0.00397440232337, -0.00222792569548, 0.000204089825274, -0.000753432803322, 0.00114381907042, -0.00081253045937, 0.00067992095137, -0.000728314800654, -0.000252079655183, 0.000407471874496], [0.000582799257245, -0.000405485247029, 0.000879524159245, -0.00222792569548, 0.00907262507826, -0.00444958684966, 0.00193039339501, -0.000349876325345, -0.00122424936853, -0.00104256602935, 0.00210151216015, -0.00341805024073, -7.98137916718e-005], [-0.000699681870174, 0.0012970828684, -0.000877555808984, 0.000204089825274, -0.00444958684966, 0.0136656165123, -0.00689274584875, -0.00035899784416, 0.00163161382079, -0.00281225843355, -0.00279559008777, 0.00334246107377, -0.000883005850483], [0.00056403997587, -0.000828766322229, 0.000963843776844, -0.000753432803322, 0.00193039339501, -0.00689274584875, 0.0140747800469, -0.00812479294837, 0.00222136406228, 0.000535525381565, 0.00116239290219, -0.00284920842387, 0.00086853565881], [-0.000601505569648, 0.000525739626028, -0.00180553412065, 0.00114381907042, -0.000349876325345, -0.00035899784416, -0.00812479294837, 0.0229053460062, -0.0143922716379, 0.00185044703539, 0.00049889163347, -0.000972166249994, -0.00183201069012], [-4.84080555907e-006, 0.000371721020201, 0.000574986217543, -0.00081253045937, -0.00122424936853, 0.00163161382079, 0.00222136406228, -0.0143922716379, 0.0290307514369, -0.0139514366165, 0.00383223849349, -0.00145395472646, -0.000463951670099], [0.000188565594726, -0.000971426488832, 1.61885982379e-005, 0.00067992095137, -0.00104256602935, -0.00281225843355, 0.000535525381565, 0.00185044703539, -0.0139514366165, 0.0262755956501, -0.0154504086822, 0.00393357221037, -0.00101427908521], [-0.000146911479533, 0.00126408517826, -0.00116198742762, -0.000728314800654, 0.00210151216015, -0.00279559008777, 0.00116239290219, 0.00049889163347, 0.00383223849349, -0.0154504086822, 0.0322041660547, -0.0155112408102, 0.00468498561531], [-2.10162615986e-005, 0.000171965410118, 0.000409657630371, -0.000252079655183, -0.00341805024073, 0.00334246107377, -0.00284920842387, -0.000972166249994, -0.00145395472646, 0.00393357221037, -0.0155112408102, 0.0300881322473, -0.0126944826916], [6.50301008136e-005, 0.000320341729093, -0.000535769213457, 0.000407471874496, -7.98137916718e-005, -0.000883005850483, 0.00086853565881, -0.00183201069012, -0.000463951670099, -0.00101427908521, 0.00468498561531, -0.0126944826916, 0.0231889933348]]
    sccoeffs:
        dmean: [0.0624969676137, 0.0490417182446, 0.0388213433325, 0.0295893419534, 0.0194165576249, 0.0195676740259]
        dmean2: [0.103450164199, 0.0813991725445, 0.0639832764864, 0.0498084947467, 0.0328204035759, 0.032788913697]
        dvar: [0.00278186425567, 0.00154833693523, 0.000958203861956, 0.000553327670787, 0.000236526349909, 0.000328508409439]
        dvar2: [0.0073283361271, 0.00416115531698, 0.00256591569632, 0.00150028383359, 0.000648026063573, 0.000902372470591]
        max: [-0.237058252096, -0.474644184113, -0.537082195282, -0.625406980515, -0.644178271294, -0.623308420181]
        mean: [-0.660256564617, -0.760787665844, -0.784503340721, -0.798692047596, -0.80746948719, -0.752710103989]
        median: [-0.674882888794, -0.772360503674, -0.790651857853, -0.803867280483, -0.80924230814, -0.748177111149]
        min: [-0.967054247856, -0.978923082352, -0.970853209496, -0.964749693871, -0.960042774677, -0.964422166348]
        var: [0.00943765696138, 0.00541569013149, 0.00337008340284, 0.00194600829855, 0.00103355548345, 0.00167795992456]
    scvalleys:
        dmean: [0.406963795424, 0.397824496031, 0.350127756596, 0.294167965651, 0.272656947374, 0.240791842341]
        dmean2: [0.671613752842, 0.661519229412, 0.569465041161, 0.478714436293, 0.446045726538, 0.38500392437]
        dvar: [0.136287540197, 0.125757202506, 0.106523856521, 0.0924528762698, 0.103765532374, 0.0840839222074]
        dvar2: [0.335482418537, 0.30384901166, 0.240622669458, 0.203495979309, 0.227973341942, 0.187758028507]
        max: [-5.32346487045, -4.60119104385, -5.05748510361, -5.47790241241, -5.26118564606, -7.68538379669]
        mean: [-7.2192773819, -6.79959058762, -7.16202640533, -7.40873813629, -7.09955596924, -9.53236484528]
        median: [-6.56910181046, -6.57916927338, -6.93137407303, -7.06753444672, -6.6309671402, -8.95446395874]
        min: [-27.0139255524, -27.2142295837, -27.2497062683, -27.2375564575, -27.4885196686, -27.1804981232]
        var: [3.60299015045, 1.98945868015, 1.96479070187, 2.41131949425, 2.89121222496, 3.35566806793]

rhythm:
    beats_loudness:
        dmean: 0.00194171443582
        dmean2: 0.00333162466995
        dvar: 2.98288591694e-006
        dvar2: 8.45711292641e-006
        max: 0.0149859851226
        mean: 0.00539102917537
        median: 0.00552120944485
        min: 2.08093394946e-012
        var: 7.24734081814e-006
    bpm: 163.860412598
    bpm_confidence: 0
    first_peak_bpm: 161
    first_peak_spread: 0.0640570148826
    first_peak_weight: 0.5
    onset_rate: 4.08113479614
    second_peak_bpm: 167
    second_peak_spread: 0
    second_peak_weight: 0.414448678493
    beats_loudness_band_ratio:
        dmean: [0.170113041997, 0.12687382102, 0.0856619030237, 0.0663439705968, 0.0970341190696, 0.0878203362226]
        dmean2: [0.275913476944, 0.221688792109, 0.144261419773, 0.111994832754, 0.16045409441, 0.14677451551]
        dvar: [0.0168212093413, 0.0098119424656, 0.0101247113198, 0.00769337126985, 0.00959135219455, 0.00590166030452]
        dvar2: [0.0422024168074, 0.0242726132274, 0.0253082998097, 0.0207722894847, 0.0243566669524, 0.0160457696766]
        max: [0.775677859783, 0.6678378582, 0.969760239124, 0.746671795845, 0.835128247738, 0.617373585701]
        mean: [0.277040451765, 0.155598312616, 0.12699662149, 0.097900763154, 0.198294773698, 0.203852519393]
        median: [0.288333982229, 0.123511344194, 0.0840910971165, 0.0651021972299, 0.170358151197, 0.191086113453]
        min: [0, 0, 0, 0, 0, 0]
        var: [0.0322360880673, 0.0150186289102, 0.0157203134149, 0.010329590179, 0.0147071061656, 0.0103531861678]
    beats_position: [0.371519267559, 0.743038535118, 1.1261677742, 1.52090704441, 1.91564619541, 2.29877543449, 2.68190479279, 3.07664394379, 3.47138309479, 3.85451245308, 4.22603178024, 4.59755086899, 4.96907043457, 5.32897949219, 5.6888885498, 6.06040811539, 6.420317173, 6.78022670746, 7.14013576508, 7.50004529953, 7.87156438828, 8.23147392273, 8.59138298035, 8.96290206909, 9.33442115784, 9.70594120026, 10.077460289, 10.4373693466, 10.7972784042, 11.1455783844, 11.4938774109, 11.8770065308, 12.2601356506, 12.6316547394, 13.0031747818, 13.3630838394, 13.722992897, 14.0945119858, 14.4660310745, 14.8375511169, 15.1974601746, 15.5573692322, 15.9288883209, 16.2887973785, 16.6487064362, 17.0202255249, 17.391746521, 17.7516555786, 18.1115646362, 18.483083725, 18.8429927826, 19.2029018402, 19.574420929, 19.9459400177, 20.3174591064, 20.6773700714, 21.037279129, 21.4087982178, 21.7687072754, 22.1402263641, 22.5001354218, 22.8716545105, 23.2431735992, 23.614692688, 23.974603653, 24.3345127106, 24.7060317993, 25.0775508881, 25.4374599457, 25.7973690033, 26.168888092, 26.5287971497, 26.9003162384, 27.2718353271, 27.6433563232, 28.0032653809, 28.3631744385, 28.7230834961, 29.0946025848, 29.4661216736, 29.8260307312, 30.1859397888, 30.5574588776, 30.9289798737, 31.3004989624, 31.6487979889, 32.0203170776, 32.391834259, 32.7517471313, 33.111656189, 33.4831733704, 33.8546943665, 34.2262115479, 34.5861206055, 34.9460296631, 35.3059387207, 35.6658477783, 36.0373687744, 36.4088897705, 36.7804069519, 37.1403160095, 37.5002250671, 37.8601341248, 38.2200431824, 38.5915641785, 38.9630813599, 39.334602356, 39.6945114136, 40.0544204712, 40.4259414673, 40.7974586487, 41.1689796448, 41.5404968262, 41.9004058838, 42.2603149414, 42.6318359375, 42.9917449951, 43.3516540527, 43.7231750488, 44.071472168, 44.4429931641, 44.8145103455, 45.1860313416, 45.5575485229, 45.9174575806, 46.2773704529, 46.6488876343, 47.0087966919, 47.3687057495, 47.7402267456, 48.111743927, 48.4832649231, 48.8547821045, 49.2146911621, 49.5746040344, 49.9229011536, 50.2944221497, 50.6659393311, 51.0374603271, 51.4089775085, 51.7804985046, 52.1404075623, 52.5003166199, 52.871837616, 53.2433547974, 53.603263855, 53.9631729126, 54.3230819702, 54.6829910278, 55.0545120239, 55.4260292053, 55.7859382629, 56.157459259, 56.5173683167, 56.8888893127, 57.2604064941, 57.6319274902, 57.9918365479, 58.3517456055, 58.7232627869, 59.094783783, 59.4663009644, 59.8378219604, 60.1977310181, 60.5576400757, 60.9291610718, 61.3006782532, 61.6605873108, 62.0204963684, 62.3920173645, 62.7519264221, 63.1118354797, 63.4601364136, 63.831653595, 64.2031707764, 64.5746917725, 64.9462127686, 65.3177337646, 65.6776428223, 66.0375518799, 66.409072876, 66.7689819336, 67.1288909912, 67.5004043579, 67.871925354, 68.2434463501, 68.6033554077, 68.9632644653, 69.3347854614, 69.694694519, 70.0546035767, 70.4261245728, 70.7976379395, 71.1691589355, 71.5290679932, 71.8889770508, 72.2488861084, 72.608795166, 72.9803161621, 73.3518371582, 73.7233581543, 74.094871521, 74.4547805786, 74.8146896362, 75.1862106323, 75.5461196899, 75.9060287476, 76.2775497437, 76.6490707397, 77.0205917358, 77.3805007935, 77.7404098511, 78.1119232178, 78.4718322754, 78.831741333, 79.2032623291, 79.5747833252, 79.9463043213, 80.3062133789, 80.6661224365, 81.0376434326, 81.4091567993, 81.7690658569, 82.1289749146, 82.5004959106, 82.8720169067, 83.2435379028, 83.6150588989, 83.9749679565, 84.3348770142, 84.6947860718, 85.0546951294, 85.4262084961, 85.7977294922, 86.1576385498, 86.5175476074, 86.8890686035, 87.2489776611, 87.6204986572, 87.9920196533, 88.36353302, 88.7234420776, 89.0949630737, 89.4548721313, 89.814781189, 90.1863021851, 90.5578231812, 90.9177322388, 91.2776412964, 91.6491622925, 92.0206756592, 92.3921966553, 92.7521057129, 93.1120147705, 93.4835357666, 93.8434448242, 94.2033538818, 94.5748748779, 94.946395874, 95.3179092407, 95.6778182983, 96.037727356, 96.4092483521, 96.7807693481, 97.1406784058, 97.5005874634, 97.8721084595, 98.2436294556, 98.6035385132, 98.9634475708, 99.3349609375, 99.7064819336, 100.07800293, 100.426300049, 100.797821045, 101.157730103, 101.529251099, 101.889160156, 102.260681152, 102.632194519, 102.992103577, 103.363624573, 103.72353363, 104.095054626, 104.466575623, 104.82648468, 105.186393738, 105.557914734, 105.929428101, 106.289337158, 106.649246216, 107.020767212, 107.38067627, 107.740585327, 108.112106323, 108.483627319, 108.855148315, 109.215057373, 109.574966431, 109.946479797, 110.318000793, 110.677909851, 111.037818909, 111.409339905, 111.780860901, 112.140769958, 112.500679016, 112.872200012, 113.243713379, 113.615234375, 113.986755371, 114.346664429, 114.706573486, 115.078094482, 115.449615479, 115.821128845, 116.181037903, 116.54094696, 116.912467957, 117.283988953, 117.64389801, 118.003807068, 118.375328064, 118.735237122, 119.095146179, 119.455055237, 119.826576233, 120.186485291, 120.557998657, 120.929519653, 121.301040649, 121.660949707, 122.020858765, 122.392379761, 122.763900757, 123.135414124, 123.483718872, 123.84362793, 124.203536987, 124.575057983, 124.94657135, 125.306480408, 125.666389465, 126.037910461, 126.409431458, 126.769340515, 127.129249573, 127.500770569, 127.872291565, 128.232192993, 128.592102051, 128.963623047, 129.335144043, 129.706665039, 130.066574097, 130.426483154, 130.79800415, 131.157913208, 131.517822266, 131.889343262, 132.260864258, 132.620773315, 132.992294312, 133.352203369, 133.723709106, 134.083618164, 134.44354248, 134.815048218, 135.186569214, 135.55809021, 135.929611206, 136.289520264, 136.649429321, 137.020950317, 137.392471313, 137.76399231, 138.123901367, 138.483810425, 138.855331421, 139.226852417, 139.586761475, 139.946670532, 140.31817627, 140.678085327, 141.049606323, 141.409515381, 141.781036377, 142.152557373, 142.512466431, 142.872375488, 143.243896484, 143.603805542, 143.975326538, 144.335235596, 144.706756592, 145.078277588, 145.438186646, 145.798095703, 146.169616699, 146.529525757, 146.901046753, 147.260955811, 147.620864868, 147.980773926, 148.352294922, 148.723800659, 149.083709717, 149.455230713, 149.826751709, 150.186660767, 150.546569824, 150.91809082, 151.289611816, 151.649520874, 152.02104187, 152.380950928, 152.740859985, 153.100769043, 153.472290039, 153.843811035, 154.215332031, 154.575241089, 154.935150146, 155.295059204, 155.6665802, 156.038085938, 156.409606934, 156.78112793, 157.141036987, 157.500946045, 157.860855103, 158.232376099, 158.592285156, 158.963806152, 159.335327148, 159.706848145, 160.066757202, 160.42666626, 160.798187256, 161.158096313, 161.52961731, 161.889526367, 162.261047363, 162.609344482, 162.980865479, 163.352371216, 163.723892212, 164.095413208, 164.455322266, 164.815231323, 165.186752319, 165.558273315, 165.929794312, 166.289703369, 166.649612427, 167.021133423, 167.38104248, 167.740951538, 168.112472534, 168.460769653, 168.832290649, 169.203811646, 169.575332642, 169.946838379, 170.318359375, 170.678268433, 171.03817749, 171.409698486, 171.757995605, 172.129516602, 172.501037598, 172.872558594, 173.24407959, 173.603988647, 173.963897705, 174.335418701, 174.706939697, 175.066848755, 175.426757813, 175.798278809, 176.169799805, 176.529708862, 176.88961792, 177.261123657, 177.621032715, 177.992553711, 178.352462769, 178.723983765, 179.095504761, 179.467025757, 179.850158691, 180.244888306, 180.62802124, 181.011154175, 181.405899048, 181.800628662, 182.183761597, 182.555282593, 182.926803589, 183.298324585, 183.669830322, 184.029754639, 184.389663696, 184.761169434, 185.121078491, 185.492599487, 185.852508545, 186.224029541, 186.595550537, 186.967071533, 187.350204468, 187.733337402, 188.128067017, 188.52281189, 188.905944824, 189.300674438, 189.695419312, 190.090148926, 190.47328186, 190.856414795, 191.239547729, 191.634277344, 192.017410278, 192.400543213, 192.795272827, 193.1900177, 193.584762573]
