
metadata:
    version:
        essentia: "2.1-beta2"
    audio_properties:
        analysis_sample_rate: 44100
        bitrate: 320
        channels: 2
        equal_loudness: 1
        length: 225.697952271
        replay_gain: -14.4426345825
        downmix: "mix"
    tags:
        album: "Incomparable"
        artist: "Dead By April"
        comment: "-=Titan=-"
        date: "2011"
        genre: "Modern Metal"
        title: "You Should Know"
        tracknumber: "10"

configuration:
    average_loudness:
        compute: 1
        frameSize: 88200
        hopSize: 44100
        silentFrames: "noise"
        windowType: "hann"
    general:
        analysisSampleRate: 44100
        endTime: 2000
        equalLoudness: 1
        nequalLoudness: 0
        shortSound: 0
        startTime: 0
    lowlevel:
        compute: 1
        frameSize: 2048
        hopSize: 1024
        zeroPadding: 0
        silentFrames: "noise"
        windowType: "blackmanharris62"
        mfccStats: ["mean", "cov", "icov"]
        stats: ["mean", "var", "median", "min", "max", "dmean", "dmean2", "dvar", "dvar2"]
    panning:
        compute: 0
        frameSize: 8192
        hopSize: 2048
        zeroPadding: 8192
        silentFrames: "noise"
        windowType: "hann"
        stats: ["copy"]
    rhythm:
        compute: 1
        maxTempo: 208
        minTempo: 40
        method: "degara"
        stats: ["mean", "var", "median", "min", "max", "dmean", "dmean2", "dvar", "dvar2"]
    segmentation:
        compute: 0
        cpw: 5
        inc1: 300
        inc2: 50
        minimumSegmentsLength: 10
        size1: 1000
        size2: 600
    sfx:
        compute: 1
        stats: ["mean", "var", "median", "min", "max", "dmean", "dmean2", "dvar", "dvar2"]
    svm:
        compute: 0
    tonal:
        compute: 1
        frameSize: 4096
        hopSize: 2048
        zeroPadding: 0
        silentFrames: "noise"
        windowType: "blackmanharris62"
        stats: ["mean", "var", "median", "min", "max", "dmean", "dmean2", "dvar", "dvar2"]

lowlevel:
    average_loudness: 0.920541405678
    barkbands_kurtosis:
        dmean: 1.32645571232
        dmean2: 1.98131859303
        dvar: 122.391227722
        dvar2: 220.340927124
        max: 920.40234375
        mean: 0.816951751709
        median: -1.01926112175
        min: -1.88008952141
        var: 487.742004395
    barkbands_skewness:
        dmean: 0.447656959295
        dmean2: 0.706510663033
        dvar: 0.280377775431
        dvar2: 0.667226552963
        max: 24.2045059204
        mean: 0.0240519419312
        median: -0.166666045785
        min: -5.21653223038
        var: 1.24483919144
    barkbands_spread:
        dmean: 5.68462753296
        dmean2: 8.95463657379
        dvar: 32.9047203064
        dvar2: 79.8692245483
        max: 72.4446792603
        mean: 31.9579582214
        median: 32.8021736145
        min: 0.0533023886383
        var: 141.203811646
    dissonance:
        dmean: 0.0160097125918
        dmean2: 0.0269679185003
        dvar: 0.000405967060942
        dvar2: 0.00111178413499
        max: 0.500000119209
        mean: 0.471286505461
        median: 0.480398207903
        min: 0.112425737083
        var: 0.00106929952744
    hfc:
        dmean: 3.32825350761
        dmean2: 5.75559329987
        dvar: 28.6538581848
        dvar2: 79.2496871948
        max: 59.7358589172
        mean: 8.88736820221
        median: 8.14574146271
        min: 1.15672023652e-016
        var: 41.2373085022
    pitch:
        dmean: 793.826049805
        dmean2: 1521.34509277
        dvar: 1641373.75
        dvar2: 3986045.25
        max: 5548.61865234
        mean: 1154.93823242
        median: 350.394012451
        min: 65.8654937744
        var: 2033099
    pitch_instantaneous_confidence:
        dmean: 0.0830012112856
        dmean2: 0.134654790163
        dvar: 0.00502606621012
        dvar2: 0.0120756132528
        max: 0.987529695034
        mean: 0.39452752471
        median: 0.356609225273
        min: 0.0813932418823
        var: 0.0243785139173
    pitch_salience:
        dmean: 0.0652252659202
        dmean2: 0.106938265264
        dvar: 0.00378387863748
        dvar2: 0.00980279967189
        max: 0.902291715145
        mean: 0.623341143131
        median: 0.638557434082
        min: 0.0547244809568
        var: 0.0107958819717
    silence_rate_20dB:
        dmean: 0
        dmean2: 0
        dvar: 0
        dvar2: 0
        max: 1
        mean: 1
        median: 1
        min: 1
        var: 0
    silence_rate_30dB:
        dmean: 0
        dmean2: 0
        dvar: 0
        dvar2: 0
        max: 1
        mean: 1
        median: 1
        min: 1
        var: 0
    silence_rate_60dB:
        dmean: 0.0923868343234
        dmean2: 0.184792667627
        dvar: 0.0838588327169
        dvar2: 0.176578387618
        max: 1
        mean: 0.252134561539
        median: 0
        min: 0
        var: 0.188581645489
    spectral_centroid:
        dmean: 312.903625488
        dmean2: 504.534973145
        dvar: 122572.210938
        dvar2: 305257.625
        max: 11315.2041016
        mean: 1777.66320801
        median: 1827.08300781
        min: 209.49055481
        var: 381862.3125
    spectral_complexity:
        dmean: 4.57633733749
        dmean2: 7.51805734634
        dvar: 26.9117393494
        dvar2: 67.0901412964
        max: 48
        mean: 16.2515182495
        median: 17
        min: 0
        var: 88.1887130737
    spectral_crest:
        dmean: 2.00402927399
        dmean2: 3.26863718033
        dvar: 3.79757595062
        dvar2: 9.44226741791
        max: 26.9031009674
        mean: 6.92286205292
        median: 5.79664564133
        min: 2.47159385681
        var: 13.5638484955
    spectral_decrease:
        dmean: 3.10014458549e-010
        dmean2: 5.02363761701e-010
        dvar: 2.01702227956e-019
        dvar2: 5.42670703492e-019
        max: 4.46656526858e-029
        mean: -1.05895447966e-009
        median: -1.00579733431e-009
        min: -5.37087174735e-009
        var: 3.68862970345e-019
    spectral_energy:
        dmean: 0.00143652711995
        dmean2: 0.00235510617495
        dvar: 4.4787607294e-006
        dvar2: 1.21377643154e-005
        max: 0.0230100005865
        mean: 0.00480283983052
        median: 0.00453861383721
        min: 1.03232148525e-020
        var: 7.91217371443e-006
    spectral_energyband_high:
        dmean: 0.000264034752036
        dmean2: 0.000467698642751
        dvar: 2.25744784643e-007
        dvar2: 6.34625507701e-007
        max: 0.00482379179448
        mean: 0.000465054006781
        median: 0.000388210493838
        min: 7.41060932587e-021
        var: 1.99450198579e-007
    spectral_energyband_low:
        dmean: 0.00025745734456
        dmean2: 0.000411020329921
        dvar: 1.54621318416e-007
        dvar2: 3.69940636347e-007
        max: 0.00614000484347
        mean: 0.000474489032058
        median: 0.00036622150219
        min: 2.92223708909e-023
        var: 2.61006192659e-007
    spectral_energyband_middle_high:
        dmean: 0.000838636187837
        dmean2: 0.00139643275179
        dvar: 1.2409119563e-006
        dvar2: 3.35816935149e-006
        max: 0.0131812402979
        mean: 0.00248607061803
        median: 0.00228855572641
        min: 1.50544427909e-021
        var: 3.19972286889e-006
    spectral_energyband_middle_low:
        dmean: 0.000656518153846
        dmean2: 0.00103776704054
        dvar: 1.09457141662e-006
        dvar2: 2.89884724225e-006
        max: 0.0155092207715
        mean: 0.00153621344361
        median: 0.0012209356064
        min: 2.91381060312e-022
        var: 1.67816494923e-006
    spectral_flatness_db:
        dmean: 0.0144627625123
        dmean2: 0.0222178027034
        dvar: 0.000232768376009
        dvar2: 0.000502148701344
        max: 0.616307258606
        mean: 0.140771642327
        median: 0.125507846475
        min: 0.0468145683408
        var: 0.00338401878253
    spectral_flux:
        dmean: 0.00896738003939
        dmean2: 0.0140440268442
        dvar: 0.000123469493701
        dvar2: 0.000240445078816
        max: 0.135808870196
        mean: 0.0407213158906
        median: 0.0399452261627
        min: 1.01603225833e-010
        var: 0.000303194741718
    spectral_kurtosis:
        dmean: 1.41289401054
        dmean2: 2.38476920128
        dvar: 45.3768844604
        dvar2: 142.993530273
        max: 414.855987549
        mean: 4.68673276901
        median: 2.77053523064
        min: -1.26570534706
        var: 241.862594604
    spectral_rms:
        dmean: 0.000304275163217
        dmean2: 0.000482258357806
        dvar: 1.41251547348e-007
        dvar2: 3.63535463066e-007
        max: 0.00473801465705
        mean: 0.00205409992486
        median: 0.00210426142439
        min: 3.17355148237e-012
        var: 4.66371488983e-007
    spectral_rolloff:
        dmean: 427.74041748
        dmean2: 704.938659668
        dvar: 357236.78125
        dvar2: 811041.875
        max: 18970.7519531
        mean: 3280.38671875
        median: 3531.4453125
        min: 172.265625
        var: 1204346.25
    spectral_skewness:
        dmean: 0.178797364235
        dmean2: 0.290470659733
        dvar: 0.0818618386984
        dvar2: 0.21638906002
        max: 17.0974960327
        mean: 1.40358459949
        median: 1.2428290844
        min: -0.0257491599768
        var: 0.867027997971
    spectral_spread:
        dmean: 432590.40625
        dmean2: 639011.4375
        dvar: 543537790976
        dvar2: 914720161792
        max: 52062044
        mean: 4962853
        median: 4661328
        min: 168022.671875
        var: 3.08482251162e+012
    spectral_strongpeak:
        dmean: 0.487601011992
        dmean2: 0.845768749714
        dvar: 0.504694998264
        dvar2: 1.33217251301
        max: 7.29688978195
        mean: 0.730854392052
        median: 0.438737809658
        min: 1.40201517063e-010
        var: 0.751064002514
    zerocrossingrate:
        dmean: 0.00884351693094
        dmean2: 0.0104239182547
        dvar: 8.00991183496e-005
        dvar2: 9.90542393993e-005
        max: 0.5009765625
        mean: 0.0999691188335
        median: 0.10400390625
        min: 0.0146484375
        var: 0.000863085093442
    barkbands:
        dmean: [9.78802745522e-007, 8.10504789115e-005, 0.000157897127792, 0.000153116619913, 0.000208292229217, 0.000203424351639, 9.32278708206e-005, 0.000120788041386, 0.000196413791855, 0.00010005117656, 8.13831429696e-005, 6.83405596646e-005, 9.92177374428e-005, 5.67637653148e-005, 8.77855709405e-005, 0.000158333146828, 0.000190372287761, 0.00020155691891, 0.000302503467537, 0.000194171938347, 0.000120753211377, 4.99440648127e-005, 6.6415764195e-006, 2.62696198661e-006, 1.12634597826e-006, 4.89269567083e-008, 4.81795991991e-010]
        dmean2: [1.39590667914e-006, 0.000136294984259, 0.000261628942098, 0.000235604980844, 0.000351824885001, 0.000331011455273, 0.000156698035426, 0.00018871150678, 0.000298961647786, 0.000153910805238, 0.000125892445794, 0.000106894643977, 0.000154114255565, 9.16493227123e-005, 0.000143558791024, 0.000263679947238, 0.000317038880894, 0.00034320220584, 0.000529562064912, 0.000336103199515, 0.00021437338728, 8.93833494047e-005, 1.08268468466e-005, 4.09195354223e-006, 1.73368050582e-006, 7.45718438111e-008, 7.91597953853e-010]
        dvar: [2.54889707431e-012, 1.43651135431e-008, 5.67562068454e-008, 8.80280808246e-008, 2.88316414299e-007, 1.87759084724e-007, 4.57855335867e-008, 5.54418200238e-008, 9.44473441677e-008, 3.48875381917e-008, 2.26784884205e-008, 1.91362801161e-008, 3.31212426374e-008, 1.40304372565e-008, 2.47863702896e-008, 8.61822400111e-008, 9.47527567519e-008, 9.58442214483e-008, 2.17716177531e-007, 1.00334240472e-007, 4.69477612342e-008, 1.00595842767e-008, 1.21061924374e-010, 2.49706626904e-011, 6.62057604919e-012, 2.81572183104e-014, 9.036996789e-019]
        dvar2: [5.26695050421e-012, 4.0417383218e-008, 1.48481163365e-007, 1.88651711142e-007, 7.94930770098e-007, 4.84655004129e-007, 1.19012959487e-007, 1.23098502058e-007, 2.14111835817e-007, 7.28687226115e-008, 4.9525901602e-008, 4.81229065485e-008, 7.75384876306e-008, 3.44137767172e-008, 6.19664390911e-008, 2.29915343652e-007, 2.50270488777e-007, 2.5974409823e-007, 6.01445435677e-007, 2.77928450032e-007, 1.32544428766e-007, 2.82047043498e-008, 2.85278745071e-010, 5.11666854719e-011, 1.38929284743e-011, 6.28602326983e-014, 2.11031062337e-018]
        max: [1.61999560078e-005, 0.00126418052241, 0.0029285994824, 0.00453883968294, 0.0102901384234, 0.0064505469054, 0.00350508233532, 0.00507318787277, 0.00710501661524, 0.00525851175189, 0.00477125449106, 0.00386312208138, 0.00477118603885, 0.00283411215059, 0.00252780830488, 0.00645562820137, 0.00685911718756, 0.0049244640395, 0.00690580019727, 0.00534692406654, 0.0029380931519, 0.0013577734353, 0.000196455890546, 8.90380251803e-005, 6.73589820508e-005, 6.13036081631e-006, 2.65712998271e-008]
        mean: [1.54481119807e-006, 0.000127980354591, 0.000227629658184, 0.000204853495234, 0.000290292286081, 0.000305818452034, 0.000116000803246, 0.000192892475752, 0.000358128745575, 0.000172115527675, 0.000140252072015, 0.000112205249025, 0.000168100421433, 9.22111285035e-005, 0.000148483930388, 0.000285182119114, 0.000358490244253, 0.000354059156962, 0.000501472037286, 0.000356790813385, 0.000197544606635, 6.93660113029e-005, 1.30367543534e-005, 5.97482312514e-006, 2.34601816373e-006, 8.39612113168e-008, 7.01910363166e-010]
        median: [3.97815824726e-007, 9.980014147e-005, 0.000144413497765, 8.74903344084e-005, 0.000128090454382, 9.15027630981e-005, 5.00709793414e-005, 7.44165372453e-005, 0.000172591113369, 6.52091621305e-005, 5.72702374484e-005, 4.88279438287e-005, 6.89355729264e-005, 4.86473181809e-005, 8.53958772495e-005, 0.000175657507498, 0.000231162252021, 0.000234429549892, 0.000416918803239, 0.000309499679133, 0.000157500384375, 4.58615249954e-005, 9.34291074373e-006, 4.21325557909e-006, 1.37392521538e-006, 3.81042539743e-008, 3.53344881132e-010]
        min: [9.30989974515e-024, 2.01197459264e-023, 2.15070205426e-024, 6.36545235615e-024, 9.56256242676e-023, 1.45370340981e-023, 4.13331717672e-023, 6.51482734952e-023, 2.98437881804e-023, 6.75784068454e-023, 9.66429329801e-023, 1.17637071266e-022, 1.23381556378e-022, 1.07239228203e-022, 7.85937260489e-023, 1.25315982157e-022, 1.41646879643e-022, 2.47015144349e-022, 2.02563110019e-022, 3.63895098473e-022, 4.9194628227e-022, 4.23953540434e-022, 6.88573485346e-022, 7.89876301735e-022, 9.66477847902e-022, 1.69846109931e-021, 2.31747330966e-021]
        var: [5.39242739003e-012, 1.68019163027e-008, 7.46402832874e-008, 1.28934246391e-007, 2.87485477202e-007, 2.90293428407e-007, 4.69371812528e-008, 1.15475998541e-007, 2.55121364034e-007, 1.06030242364e-007, 5.7806722964e-008, 3.77471494062e-008, 8.42026750547e-008, 2.3480730249e-008, 4.53399238154e-008, 1.67570021858e-007, 2.18460073143e-007, 1.72349444938e-007, 2.42768749104e-007, 1.13226860776e-007, 4.06920364071e-008, 8.03007349504e-009, 2.12143386191e-010, 5.40161353146e-011, 1.34490517681e-011, 4.14114102981e-014, 1.52369181393e-018]
    frequency_bands:
        dmean: [9.78802745522e-007, 8.10504789115e-005, 0.000157897127792, 0.000153116619913, 0.000208292229217, 0.000203424351639, 9.32278708206e-005, 0.000120788041386, 0.000196413791855, 0.00010005117656, 8.13831429696e-005, 6.83405596646e-005, 9.92177374428e-005, 5.67637653148e-005, 8.77855709405e-005, 0.000158333146828, 0.000190372287761, 0.00020155691891, 0.000302503467537, 0.000194171938347, 0.000120753211377, 4.99440648127e-005, 6.6415764195e-006, 2.62696198661e-006, 1.12634597826e-006, 4.89269567083e-008, 4.81795991991e-010, 5.77461412021e-011]
        dmean2: [1.39590667914e-006, 0.000136294984259, 0.000261628942098, 0.000235604980844, 0.000351824885001, 0.000331011455273, 0.000156698035426, 0.00018871150678, 0.000298961647786, 0.000153910805238, 0.000125892445794, 0.000106894643977, 0.000154114255565, 9.16493227123e-005, 0.000143558791024, 0.000263679947238, 0.000317038880894, 0.00034320220584, 0.000529562064912, 0.000336103199515, 0.00021437338728, 8.93833494047e-005, 1.08268468466e-005, 4.09195354223e-006, 1.73368050582e-006, 7.45718438111e-008, 7.91597953853e-010, 1.07161009233e-010]
        dvar: [2.54889707431e-012, 1.43651135431e-008, 5.67562068454e-008, 8.80280808246e-008, 2.88316414299e-007, 1.87759084724e-007, 4.57855335867e-008, 5.54418200238e-008, 9.44473441677e-008, 3.48875381917e-008, 2.26784884205e-008, 1.91362801161e-008, 3.31212426374e-008, 1.40304372565e-008, 2.47863702896e-008, 8.61822400111e-008, 9.47527567519e-008, 9.58442214483e-008, 2.17716177531e-007, 1.00334240472e-007, 4.69477612342e-008, 1.00595842767e-008, 1.21061924374e-010, 2.49706626904e-011, 6.62057604919e-012, 2.81572183104e-014, 9.036996789e-019, 6.8246116386e-021]
        dvar2: [5.26695050421e-012, 4.0417383218e-008, 1.48481163365e-007, 1.88651711142e-007, 7.94930770098e-007, 4.84655004129e-007, 1.19012959487e-007, 1.23098502058e-007, 2.14111835817e-007, 7.28687226115e-008, 4.9525901602e-008, 4.81229065485e-008, 7.75384876306e-008, 3.44137767172e-008, 6.19664390911e-008, 2.29915343652e-007, 2.50270488777e-007, 2.5974409823e-007, 6.01445435677e-007, 2.77928450032e-007, 1.32544428766e-007, 2.82047043498e-008, 2.85278745071e-010, 5.11666854719e-011, 1.38929284743e-011, 6.28602326983e-014, 2.11031062337e-018, 2.17388008676e-020]
        max: [1.61999560078e-005, 0.00126418052241, 0.0029285994824, 0.00453883968294, 0.0102901384234, 0.0064505469054, 0.00350508233532, 0.00507318787277, 0.00710501661524, 0.00525851175189, 0.00477125449106, 0.00386312208138, 0.00477118603885, 0.00283411215059, 0.00252780830488, 0.00645562820137, 0.00685911718756, 0.0049244640395, 0.00690580019727, 0.00534692406654, 0.0029380931519, 0.0013577734353, 0.000196455890546, 8.90380251803e-005, 6.73589820508e-005, 6.13036081631e-006, 2.65712998271e-008, 1.29757893319e-009]
        mean: [1.54481119807e-006, 0.000127980354591, 0.000227629658184, 0.000204853495234, 0.000290292286081, 0.000305818452034, 0.000116000803246, 0.000192892475752, 0.000358128745575, 0.000172115527675, 0.000140252072015, 0.000112205249025, 0.000168100421433, 9.22111285035e-005, 0.000148483930388, 0.000285182119114, 0.000358490244253, 0.000354059156962, 0.000501472037286, 0.000356790813385, 0.000197544606635, 6.93660113029e-005, 1.30367543534e-005, 5.97482312514e-006, 2.34601816373e-006, 8.39612113168e-008, 7.01910363166e-010, 4.46694591039e-011]
        median: [3.97815824726e-007, 9.980014147e-005, 0.000144413497765, 8.74903344084e-005, 0.000128090454382, 9.15027630981e-005, 5.00709793414e-005, 7.44165372453e-005, 0.000172591113369, 6.52091621305e-005, 5.72702374484e-005, 4.88279438287e-005, 6.89355729264e-005, 4.86473181809e-005, 8.53958772495e-005, 0.000175657507498, 0.000231162252021, 0.000234429549892, 0.000416918803239, 0.000309499679133, 0.000157500384375, 4.58615249954e-005, 9.34291074373e-006, 4.21325557909e-006, 1.37392521538e-006, 3.81042539743e-008, 3.53344881132e-010, 1.70220070678e-011]
        min: [9.30989974515e-024, 2.01197459264e-023, 2.15070205426e-024, 6.36545235615e-024, 9.56256242676e-023, 1.45370340981e-023, 4.13331717672e-023, 6.51482734952e-023, 2.98437881804e-023, 6.75784068454e-023, 9.66429329801e-023, 1.17637071266e-022, 1.23381556378e-022, 1.07239228203e-022, 7.85937260489e-023, 1.25315982157e-022, 1.41646879643e-022, 2.47015144349e-022, 2.02563110019e-022, 3.63895098473e-022, 4.9194628227e-022, 4.23953540434e-022, 6.88573485346e-022, 7.89876301735e-022, 9.66477847902e-022, 1.69846109931e-021, 2.31747330966e-021, 7.84071951546e-022]
        var: [5.39242739003e-012, 1.68019163027e-008, 7.46402832874e-008, 1.28934246391e-007, 2.87485477202e-007, 2.90293428407e-007, 4.69371812528e-008, 1.15475998541e-007, 2.55121364034e-007, 1.06030242364e-007, 5.7806722964e-008, 3.77471494062e-008, 8.42026750547e-008, 2.3480730249e-008, 4.53399238154e-008, 1.67570021858e-007, 2.18460073143e-007, 1.72349444938e-007, 2.42768749104e-007, 1.13226860776e-007, 4.06920364071e-008, 8.03007349504e-009, 2.12143386191e-010, 5.40161353146e-011, 1.34490517681e-011, 4.14114102981e-014, 1.52369181393e-018, 5.35991953522e-021]
    mfcc:
        mean: [-703.851989746, 91.1937637329, -46.1333084106, 44.4733657837, -17.5117092133, -3.55496001244, 0.849375784397, 1.12861788273, 2.77290081978, -0.751723468304, -2.98617744446, -1.60047483444, -3.92361783981]
        cov: [[7546.15234375, 418.394561768, -525.676330566, 1389.36962891, 289.603729248, 275.884033203, -42.7742233276, 26.8776817322, -18.1872444153, 25.1635971069, -48.182144165, 7.73145103455, 42.1221313477], [418.394561768, 708.798034668, -120.102813721, 28.9535102844, -16.7103824615, -0.0705179944634, 31.5863265991, 4.26413822174, 40.4600067139, 20.4905719757, 9.80525493622, 2.04066991806, -5.92950487137], [-525.676330566, -120.102813721, 390.152130127, 48.3925666809, 3.55647420883, 12.8724946976, 14.5539674759, 3.12833952904, 14.7369661331, 3.68449115753, 7.72392225266, -10.238483429, -3.98536634445], [1389.36962891, 28.9535102844, 48.3925666809, 627.434631348, 218.088424683, 164.510787964, 44.2237281799, 54.0852355957, 44.178565979, 38.4218711853, -2.13054943085, 15.9307117462, 40.0176887512], [289.603729248, -16.7103824615, 3.55647420883, 218.088424683, 259.614624023, 135.465957642, 43.0329704285, 47.6725845337, 32.3874435425, 44.4340057373, 9.40113830566, 22.6593532562, 29.6159534454], [275.884033203, -0.0705179944634, 12.8724946976, 164.510787964, 135.465957642, 223.809158325, 143.87979126, 70.009223938, 39.0929679871, 42.9145088196, 25.7904891968, 24.6199302673, 27.06108284], [-42.7742233276, 31.5863265991, 14.5539674759, 44.2237281799, 43.0329704285, 143.87979126, 217.353210449, 102.443855286, 63.2668418884, 45.7796859741, 26.855556488, 32.452091217, 28.7846450806], [26.8776817322, 4.26413822174, 3.12833952904, 54.0852355957, 47.6725845337, 70.009223938, 102.443855286, 131.422241211, 72.8387832642, 42.4290618896, 6.04255819321, 21.6364784241, 27.5698051453], [-18.1872444153, 40.4600067139, 14.7369661331, 44.178565979, 32.3874435425, 39.0929679871, 63.2668418884, 72.8387832642, 113.488449097, 67.3426971436, 18.3669776917, 10.3131332397, 11.4917707443], [25.1635971069, 20.4905719757, 3.68449115753, 38.4218711853, 44.4340057373, 42.9145088196, 45.7796859741, 42.4290618896, 67.3426971436, 113.048408508, 49.0872573853, 17.2944736481, 6.41147232056], [-48.182144165, 9.80525493622, 7.72392225266, -2.13054943085, 9.40113830566, 25.7904891968, 26.855556488, 6.04255819321, 18.3669776917, 49.0872573853, 78.0381698608, 36.9397201538, 3.74334001541], [7.73145103455, 2.04066991806, -10.238483429, 15.9307117462, 22.6593532562, 24.6199302673, 32.452091217, 21.6364784241, 10.3131332397, 17.2944736481, 36.9397201538, 79.2702484131, 41.5363121033], [42.1221313477, -5.92950487137, -3.98536634445, 40.0176887512, 29.6159534454, 27.06108284, 28.7846450806, 27.5698051453, 11.4917707443, 6.41147232056, 3.74334001541, 41.5363121033, 77.3814315796]]
        icov: [[0.000331380346324, -8.54745521792e-005, 0.000512854021508, -0.00088823743863, 0.000430700427387, -0.00022770751093, 0.000246709183557, -7.63398857089e-005, 0.000294042896712, -0.000161760763149, 0.000139715717523, -6.21911749477e-005, 0.000145406200318], [-8.54745521792e-005, 0.00161181052681, 0.000428157538408, -1.59792409704e-006, 6.06509493082e-005, 0.00035581519478, -0.000596878409851, 0.000656263553537, -0.000979603733867, 0.000204112846404, -0.000203769261134, 6.62870806991e-005, 0.000136324539199], [0.000512854021508, 0.000428157538408, 0.00364260794595, -0.00173302437179, 0.000817914842628, -0.000124792844872, -9.47639564401e-005, 0.000346758868545, -0.000385630351957, 0.000301299674902, -0.000634192605503, 0.000698984833434, 0.000167571692145], [-0.00088823743863, -1.59792409704e-006, -0.00173302437179, 0.00490527693182, -0.00251606898382, -0.00094685802469, 0.0004042275541, 2.9772356811e-006, -0.00121997541282, 0.000436615606304, 0.000194648368051, 0.000208297526115, -0.000976185896434], [0.000430700427387, 6.06509493082e-005, 0.000817914842628, -0.00251606898382, 0.00820650346577, -0.0050198067911, 0.00313553144224, -0.00117209972814, 0.000539074593689, -0.00230536563322, 0.00183582899626, -0.00150573917199, -0.000190245365957], [-0.00022770751093, 0.00035581519478, -0.000124792844872, -0.00094685802469, -0.0050198067911, 0.0136709837243, -0.00869093462825, 0.000743240467273, 0.00137290533166, 0.000389678723877, -0.00262319855392, 0.00188944628462, -0.000380612735171], [0.000246709183557, -0.000596878409851, -9.47639564401e-005, 0.0004042275541, 0.00313553144224, -0.00869093462825, 0.013323741965, -0.00617367727682, -0.000954584276769, -0.000147876751726, -0.000246757088462, -0.00166552374139, -0.000251370482147], [-7.63398857089e-005, 0.000656263553537, 0.000346758868545, 2.9772356811e-006, -0.00117209972814, 0.000743240467273, -0.00617367727682, 0.017466628924, -0.00798481609672, -0.000419289019192, 0.00356837315485, -0.00178200437222, -0.00162528071087], [0.000294042896712, -0.000979603733867, -0.000385630351957, -0.00121997541282, 0.000539074593689, 0.00137290533166, -0.000954584276769, -0.00798481609672, 0.0201393868774, -0.00968057662249, 0.00171403598506, 0.00076671509305, 0.000206198325031], [-0.000161760763149, 0.000204112846404, 0.000301299674902, 0.000436615606304, -0.00230536563322, 0.000389678723877, -0.000147876751726, -0.000419289019192, -0.00968057662249, 0.0200901646167, -0.011853129603, 0.00340987346135, -0.000640006619506], [0.000139715717523, -0.000203769261134, -0.000634192605503, 0.000194648368051, 0.00183582899626, -0.00262319855392, -0.000246757088462, 0.00356837315485, 0.00171403598506, -0.011853129603, 0.0267461445183, -0.0137641765177, 0.00563212484121], [-6.21911749477e-005, 6.62870806991e-005, 0.000698984833434, 0.000208297526115, -0.00150573917199, 0.00188944628462, -0.00166552374139, -0.00178200437222, 0.00076671509305, 0.00340987346135, -0.0137641765177, 0.0257575903088, -0.0124193523079], [0.000145406200318, 0.000136324539199, 0.000167571692145, -0.000976185896434, -0.000190245365957, -0.000380612735171, -0.000251370482147, -0.00162528071087, 0.000206198325031, -0.000640006619506, 0.00563212484121, -0.0124193523079, 0.0206625722349]]
    sccoeffs:
        dmean: [0.0557984262705, 0.0501546524465, 0.0417960546911, 0.0319165848196, 0.020219091326, 0.0187758971006]
        dmean2: [0.0902595818043, 0.0827671661973, 0.0672043561935, 0.0522106103599, 0.0336903966963, 0.0310063771904]
        dvar: [0.00239991443232, 0.00173386570532, 0.00112745910883, 0.000645733845886, 0.000273580750218, 0.000333018397214]
        dvar2: [0.00614194991067, 0.00454020267352, 0.00281334412284, 0.00169147027191, 0.000720529700629, 0.000868451897986]
        max: [-0.263896256685, -0.422127306461, -0.389453291893, -0.530795753002, -0.585012674332, -0.640591800213]
        mean: [-0.678124964237, -0.739525854588, -0.738288104534, -0.778172314167, -0.802425086498, -0.752743184566]
        median: [-0.689520597458, -0.744998514652, -0.742502808571, -0.784052014351, -0.805300891399, -0.748416364193]
        min: [-0.966184020042, -0.977238297462, -0.97807431221, -0.966397583485, -0.963894069195, -0.961642682552]
        var: [0.00807599816471, 0.00579683529213, 0.00519569264725, 0.00268310634419, 0.00116843450814, 0.00144574185833]
    scvalleys:
        dmean: [0.378101527691, 0.412521094084, 0.347967326641, 0.281219393015, 0.275546699762, 0.244250014424]
        dmean2: [0.617109954357, 0.678642988205, 0.560091912746, 0.448836117983, 0.439636647701, 0.360933959484]
        dvar: [0.1236532107, 0.168739914894, 0.114447310567, 0.101045683026, 0.136271134019, 0.116286061704]
        dvar2: [0.283043473959, 0.404609501362, 0.238712534308, 0.202236413956, 0.275711715221, 0.212990000844]
        max: [-5.29774093628, -4.39561080933, -4.97417926788, -5.50714826584, -5.24188518524, -7.76697587967]
        mean: [-7.12207317352, -6.87276983261, -7.12392854691, -7.29775190353, -7.02759027481, -9.55640220642]
        median: [-6.5552854538, -6.62946081161, -6.8967666626, -6.90618038177, -6.57025194168, -9.22924041748]
        min: [-26.8178634644, -27.7599334717, -27.4765605927, -27.2778396606, -27.3553390503, -27.2958126068]
        var: [3.38934469223, 2.08835577965, 1.80761504173, 2.06387424469, 2.35373473167, 2.145809412]

rhythm:
    beats_loudness:
        dmean: 0.0018187914975
        dmean2: 0.00328819523565
        dvar: 1.85990461432e-006
        dvar2: 5.29149792783e-006
        max: 0.0134720848873
        mean: 0.00535208266228
        median: 0.00536570837721
        min: 2.18507503758e-012
        var: 4.46791818831e-006
    bpm: 107.434417725
    bpm_confidence: 0
    first_peak_bpm: 108
    first_peak_spread: 0.10843372345
    first_peak_weight: 0.501128673553
    onset_rate: 3.6508975029
    second_peak_bpm: 144
    second_peak_spread: 0.154362440109
    second_peak_weight: 0.284424364567
    beats_loudness_band_ratio:
        dmean: [0.115364529192, 0.0968675538898, 0.0982805714011, 0.0819932147861, 0.0972611606121, 0.071250602603]
        dmean2: [0.19552603364, 0.165122225881, 0.167942047119, 0.14320372045, 0.17364820838, 0.122152596712]
        dvar: [0.00892439857125, 0.00765320612118, 0.00914195831865, 0.0104236416519, 0.0073015508242, 0.00581004424021]
        dvar2: [0.0249888058752, 0.0207119118422, 0.0249599236995, 0.0276938732713, 0.0211802329868, 0.016632065177]
        max: [0.779746234417, 0.799251019955, 0.992291927338, 0.97727137804, 0.671083271503, 0.832764089108]
        mean: [0.197956010699, 0.130149140954, 0.155942603946, 0.13846629858, 0.207781925797, 0.193622156978]
        median: [0.185322135687, 0.10691935569, 0.122000202537, 0.0957048982382, 0.196993082762, 0.189771324396]
        min: [0, 0, 0, 0, 0, 0]
        var: [0.0181705076247, 0.0133175561205, 0.0178295914084, 0.0231143757701, 0.0130179487169, 0.00880310498178]
    beats_position: [0.510838985443, 1.03328800201, 1.55573689938, 2.07818579674, 2.58902478218, 3.11147379875, 3.66875267029, 4.22603178024, 4.78331041336, 5.34058952332, 5.89786815643, 6.45514726639, 7.01242637634, 7.56970500946, 8.12698364258, 8.68426322937, 9.24154186249, 9.79882049561, 10.3560991287, 10.9133787155, 11.4706573486, 12.0279359818, 12.5852155685, 13.1424942017, 13.6997728348, 14.268661499, 14.8375511169, 15.3948297501, 15.9521083832, 16.50938797, 17.0666656494, 17.6239452362, 18.181224823, 18.7385025024, 19.2957820892, 19.853061676, 20.4103393555, 20.9676189423, 21.5248966217, 22.0821762085, 22.6394557953, 23.1967334747, 23.7656230927, 24.2300224304, 24.6828117371, 25.1356010437, 25.5651702881, 25.9947395325, 26.4243087769, 26.8422679901, 27.2602272034, 27.6781845093, 28.1077537537, 28.5605430603, 29.0133323669, 29.4545116425, 29.8840808868, 30.3136501312, 30.7316093445, 31.1611785889, 31.5791378021, 31.9970970154, 32.4150543213, 32.8330154419, 33.2509727478, 33.6689338684, 34.0868911743, 34.5048522949, 34.9228096008, 35.3407707214, 35.7587280273, 36.1766891479, 36.5946464539, 37.0126075745, 37.4305648804, 37.848526001, 38.2664833069, 38.6844444275, 39.1024017334, 39.520362854, 39.9383201599, 40.3678894043, 40.7974586487, 41.2154197693, 41.6333770752, 42.0513381958, 42.4692955017, 42.8872566223, 43.3052139282, 43.7231750488, 44.1411323547, 44.5590934753, 44.9770507813, 45.3950119019, 45.8129692078, 46.2309303284, 46.6488876343, 47.0784568787, 47.5196380615, 47.9840354919, 48.4368247986, 48.8780021667, 49.4352836609, 49.9925613403, 50.5498390198, 51.1071205139, 51.6643981934, 52.2216758728, 52.7673454285, 53.3362350464, 53.8935127258, 54.45079422, 55.0080718994, 55.5653495789, 56.122631073, 56.6799087524, 57.2371864319, 57.794467926, 58.3517456055, 58.9090232849, 59.4663009644, 60.0235824585, 60.5924720764, 61.1497497559, 61.7186393738, 62.2759170532, 62.8331947327, 63.3904762268, 63.9477539063, 64.5050354004, 65.0623092651, 65.6195907593, 66.1768722534, 66.7341461182, 67.2914276123, 67.8487091064, 68.4059829712, 68.9632644653, 69.5205459595, 70.0778198242, 70.6351013184, 71.1923828125, 71.7496566772, 72.3069381714, 72.8642196655, 73.4214935303, 73.9787750244, 74.5360565186, 75.0933303833, 75.6506118774, 76.2078933716, 76.7651672363, 77.3224487305, 77.8797302246, 78.4370040894, 78.9942855835, 79.5515594482, 80.1088409424, 80.677734375, 81.2350082397, 81.8039016724, 82.3611755371, 82.9184570313, 83.4757385254, 84.0330123901, 84.6019058228, 85.1591796875, 85.7280731201, 86.1924667358, 86.6452560425, 87.0980453491, 87.5392303467, 87.9687957764, 88.421585083, 88.8743743896, 89.3155517578, 89.7451248169, 90.1746902466, 90.6042633057, 91.0222167969, 91.4401779175, 91.8581390381, 92.2761001587, 92.6940536499, 93.1120147705, 93.5299758911, 93.9479370117, 94.3658905029, 94.7838516235, 95.2018127441, 95.6197738647, 96.037727356, 96.4556884766, 96.8736495972, 97.2916107178, 97.709564209, 98.1275253296, 98.5454864502, 98.9634475708, 99.381401062, 99.7993621826, 100.217323303, 100.635284424, 101.053237915, 101.471199036, 101.889160156, 102.307121277, 102.725074768, 103.143035889, 103.560997009, 104.002174377, 104.420135498, 104.838096619, 105.25605011, 105.67401123, 106.091972351, 106.509933472, 106.927886963, 107.345848083, 107.763809204, 108.181770325, 108.599723816, 109.017684937, 109.435646057, 109.853607178, 110.271560669, 110.666305542, 111.049430847, 111.432563782, 111.95500946, 112.500679016, 113.05796051, 113.615234375, 114.172515869, 114.729797363, 115.287071228, 115.844352722, 116.401634216, 116.958908081, 117.516189575, 118.07346344, 118.630744934, 119.188026428, 119.745300293, 120.302581787, 120.859863281, 121.428749084, 121.997642517, 122.554916382, 123.112197876, 123.66947937, 124.226753235, 124.784034729, 125.341316223, 125.898590088, 126.455871582, 127.013153076, 127.570426941, 128.127700806, 128.6849823, 129.242263794, 129.799545288, 130.356826782, 130.914108276, 131.471374512, 132.028656006, 132.5859375, 133.143218994, 133.700500488, 134.257781982, 134.815048218, 135.372329712, 135.941223145, 136.510116577, 137.067382813, 137.624664307, 138.181945801, 138.739227295, 139.296508789, 139.853790283, 140.411056519, 140.968338013, 141.525619507, 142.082901001, 142.640182495, 143.197463989, 143.754730225, 144.346847534, 144.950561523, 145.542678833, 146.123168945, 146.703674316, 147.307388306, 147.911102295, 148.491607666, 149.04888916, 149.606170654, 150.16343689, 150.720718384, 151.277999878, 151.835281372, 152.392562866, 152.94984436, 153.37940979, 153.80897522, 154.226928711, 154.644897461, 155.062850952, 155.480819702, 155.898773193, 156.316726685, 156.734695435, 157.152648926, 157.570602417, 157.988571167, 158.406524658, 158.824493408, 159.242446899, 159.648788452, 160.078369141, 160.496322632, 160.914276123, 161.332244873, 161.750198364, 162.168167114, 162.586120605, 163.015686035, 163.445251465, 163.863220215, 164.281173706, 164.699142456, 165.117095947, 165.535049438, 165.953018188, 166.37097168, 166.788925171, 167.206893921, 167.624847412, 168.042816162, 168.460769653, 168.878723145, 169.296691895, 169.714645386, 170.132598877, 170.550567627, 170.968521118, 171.386474609, 171.804443359, 172.222396851, 172.640365601, 173.046707153, 173.453063965, 173.859405518, 174.439910889, 175.008789063, 175.566070557, 176.123352051, 176.680633545, 177.237915039, 177.795196533, 178.352462769, 178.909744263, 179.467025757, 180.024307251, 180.581588745, 181.138870239, 181.707748413, 182.276641846, 182.83392334, 183.391204834, 183.948471069, 184.505752563, 185.063034058, 185.620315552, 186.177597046, 186.73487854, 187.292144775, 187.84942627, 188.406707764, 188.963989258, 189.521270752, 190.078552246, 190.635818481, 191.193099976, 191.75038147, 192.307662964, 192.864944458, 193.422225952, 193.979492188, 194.536773682, 195.094055176, 195.65133667, 196.208618164, 196.765899658, 197.323165894, 197.880447388, 198.437728882, 198.995010376, 199.55229187, 200.109558105, 200.678451538, 201.247344971, 201.804626465, 202.361907959, 202.907577515, 203.453231812, 204.022125244, 204.591018677, 205.148300171, 205.705581665, 206.2628479, 206.820129395, 207.377410889, 207.934692383, 208.503585815, 209.072463989, 209.629745483, 210.187026978, 210.744308472, 211.301589966, 211.858856201, 212.416137695, 212.973419189, 213.530700684, 214.087982178, 214.645263672, 215.202529907, 215.759811401, 216.317092896, 216.87437439, 217.431655884, 217.988937378, 218.546203613, 219.103485107, 219.660766602, 220.252868652, 220.844985962, 221.437088013, 222.029205322, 222.621307373, 223.225036621, 223.817138672, 224.420852661, 225.024581909]
