
metadata:
    version:
        essentia: "2.1-beta2"
    audio_properties:
        analysis_sample_rate: 44100
        bitrate: 320
        channels: 2
        equal_loudness: 1
        length: 223.947753906
        replay_gain: -14.5572757721
        downmix: "mix"
    tags:
        album: "Incomparable"
        artist: "Dead By April"
        comment: "-=Titan=-"
        date: "2011"
        genre: "Modern Metal"
        title: "When You Wake Up"
        tracknumber: "11"

configuration:
    average_loudness:
        compute: 1
        frameSize: 88200
        hopSize: 44100
        silentFrames: "noise"
        windowType: "hann"
    general:
        analysisSampleRate: 44100
        endTime: 2000
        equalLoudness: 1
        nequalLoudness: 0
        shortSound: 0
        startTime: 0
    lowlevel:
        compute: 1
        frameSize: 2048
        hopSize: 1024
        zeroPadding: 0
        silentFrames: "noise"
        windowType: "blackmanharris62"
        mfccStats: ["mean", "cov", "icov"]
        stats: ["mean", "var", "median", "min", "max", "dmean", "dmean2", "dvar", "dvar2"]
    panning:
        compute: 0
        frameSize: 8192
        hopSize: 2048
        zeroPadding: 8192
        silentFrames: "noise"
        windowType: "hann"
        stats: ["copy"]
    rhythm:
        compute: 1
        maxTempo: 208
        minTempo: 40
        method: "degara"
        stats: ["mean", "var", "median", "min", "max", "dmean", "dmean2", "dvar", "dvar2"]
    segmentation:
        compute: 0
        cpw: 5
        inc1: 300
        inc2: 50
        minimumSegmentsLength: 10
        size1: 1000
        size2: 600
    sfx:
        compute: 1
        stats: ["mean", "var", "median", "min", "max", "dmean", "dmean2", "dvar", "dvar2"]
    svm:
        compute: 0
    tonal:
        compute: 1
        frameSize: 4096
        hopSize: 2048
        zeroPadding: 0
        silentFrames: "noise"
        windowType: "blackmanharris62"
        stats: ["mean", "var", "median", "min", "max", "dmean", "dmean2", "dvar", "dvar2"]

lowlevel:
    average_loudness: 0.952182531357
    barkbands_kurtosis:
        dmean: 0.885122418404
        dmean2: 1.38665640354
        dvar: 4.01534080505
        dvar2: 9.69467926025
        max: 104.158531189
        mean: 0.239867299795
        median: -0.829820632935
        min: -1.93616437912
        var: 12.0589017868
    barkbands_skewness:
        dmean: 0.377720177174
        dmean2: 0.58264875412
        dvar: 0.14814183116
        dvar2: 0.342291116714
        max: 8.17114162445
        mean: 0.19558313489
        median: 0.0557579696178
        min: -3.70984458923
        var: 0.972988307476
    barkbands_spread:
        dmean: 4.7439661026
        dmean2: 7.43949604034
        dvar: 21.6416091919
        dvar2: 52.5282859802
        max: 74.7150268555
        mean: 28.6030826569
        median: 29.6825008392
        min: 0.393949359655
        var: 138.682159424
    dissonance:
        dmean: 0.0172882564366
        dmean2: 0.0290809329599
        dvar: 0.00036853729398
        dvar2: 0.00100805214606
        max: 0.5
        mean: 0.466653525829
        median: 0.475652962923
        min: 0.0585918538272
        var: 0.00106138526462
    hfc:
        dmean: 2.85960245132
        dmean2: 4.79296207428
        dvar: 20.8949184418
        dvar2: 56.7143173218
        max: 48.7286453247
        mean: 8.84707546234
        median: 8.17660713196
        min: 1.20932733529e-016
        var: 32.80311203
    pitch:
        dmean: 550.810974121
        dmean2: 1060.51379395
        dvar: 1262839.75
        dvar2: 3212410.5
        max: 5268.38867188
        mean: 818.457946777
        median: 311.080505371
        min: 69.4430541992
        var: 1502149.375
    pitch_instantaneous_confidence:
        dmean: 0.0840003266931
        dmean2: 0.135099381208
        dvar: 0.00561160547659
        dvar2: 0.013390596956
        max: 0.977896213531
        mean: 0.435633897781
        median: 0.408976972103
        min: 0.127486824989
        var: 0.0266255401075
    pitch_salience:
        dmean: 0.0600483939052
        dmean2: 0.0975775569677
        dvar: 0.00288425548933
        dvar2: 0.00769957574084
        max: 0.88727247715
        mean: 0.616623461246
        median: 0.62473988533
        min: 0.159849733114
        var: 0.00804823078215
    silence_rate_20dB:
        dmean: 0
        dmean2: 0
        dvar: 0
        dvar2: 0
        max: 1
        mean: 1
        median: 1
        min: 1
        var: 0
    silence_rate_30dB:
        dmean: 0
        dmean2: 0
        dvar: 0
        dvar2: 0
        max: 1
        mean: 1
        median: 1
        min: 1
        var: 0
    silence_rate_60dB:
        dmean: 0.0624157600105
        dmean2: 0.124844461679
        dvar: 0.0585263743997
        dvar2: 0.129370689392
        max: 1
        mean: 0.164731487632
        median: 0
        min: 0
        var: 0.137595742941
    spectral_centroid:
        dmean: 254.828720093
        dmean2: 405.48425293
        dvar: 86862.5546875
        dvar2: 205592.234375
        max: 11184.0810547
        mean: 1649.01550293
        median: 1649.1262207
        min: 361.473510742
        var: 429038.0625
    spectral_complexity:
        dmean: 3.98424053192
        dmean2: 6.49066781998
        dvar: 21.6222858429
        dvar2: 53.6790809631
        max: 44
        mean: 15.7374038696
        median: 15
        min: 0
        var: 62.7265701294
    spectral_crest:
        dmean: 1.92773067951
        dmean2: 3.12964487076
        dvar: 3.37891626358
        dvar2: 8.39056301117
        max: 25.2887172699
        mean: 7.31438779831
        median: 6.44161367416
        min: 2.20216798782
        var: 11.7218494415
    spectral_decrease:
        dmean: 2.99397867609e-010
        dmean2: 4.77653361308e-010
        dvar: 1.60672544459e-019
        dvar2: 4.1554382254e-019
        max: 4.26567934017e-029
        mean: -1.20720999863e-009
        median: -1.18846332775e-009
        min: -5.11692288541e-009
        var: 3.28152966306e-019
    spectral_energy:
        dmean: 0.00134883867577
        dmean2: 0.0021683210507
        dvar: 3.38781842402e-006
        dvar2: 8.83185202838e-006
        max: 0.0216692425311
        mean: 0.00535874720663
        median: 0.00524805067107
        min: 1.08079596551e-020
        var: 6.6056122705e-006
    spectral_energyband_high:
        dmean: 0.000227094948059
        dmean2: 0.000393668393372
        dvar: 1.83671275522e-007
        dvar2: 4.98394626902e-007
        max: 0.00552811846137
        mean: 0.000444364588475
        median: 0.000357964891009
        min: 8.33932070406e-021
        var: 2.06856995533e-007
    spectral_energyband_low:
        dmean: 0.000183496595128
        dmean2: 0.000298321421724
        dvar: 9.62780433156e-008
        dvar2: 2.50551778436e-007
        max: 0.00454982696101
        mean: 0.000419348187279
        median: 0.000365213083569
        min: 9.82259938011e-023
        var: 1.96043444589e-007
    spectral_energyband_middle_high:
        dmean: 0.000782910210546
        dmean2: 0.00126036407892
        dvar: 1.06871527805e-006
        dvar2: 2.76884361483e-006
        max: 0.0144005594775
        mean: 0.00261227460578
        median: 0.00235588056967
        min: 1.29413234822e-021
        var: 3.02368948724e-006
    spectral_energyband_middle_low:
        dmean: 0.000740532239433
        dmean2: 0.00116165925283
        dvar: 1.23517816064e-006
        dvar2: 3.14278599944e-006
        max: 0.0148360915482
        mean: 0.00204802723601
        median: 0.00158709730022
        min: 3.36961392929e-022
        var: 2.70045734396e-006
    spectral_flatness_db:
        dmean: 0.0131190763786
        dmean2: 0.0203430708498
        dvar: 0.000182849835255
        dvar2: 0.000400712742703
        max: 0.636915564537
        mean: 0.150724843144
        median: 0.130641579628
        min: 0.0512441396713
        var: 0.00323262624443
    spectral_flux:
        dmean: 0.0092304488644
        dmean2: 0.0141163375229
        dvar: 0.000104394457594
        dvar2: 0.000214569532545
        max: 0.127084344625
        mean: 0.040020454675
        median: 0.0383696481586
        min: 1.03961339537e-010
        var: 0.000279331201455
    spectral_kurtosis:
        dmean: 1.33786666393
        dmean2: 2.2413649559
        dvar: 26.5732822418
        dvar2: 64.9627304077
        max: 368.715026855
        mean: 4.67679023743
        median: 2.99197745323
        min: -1.19922459126
        var: 185.282119751
    spectral_rms:
        dmean: 0.000270242366241
        dmean2: 0.000425019941758
        dvar: 1.02160306881e-007
        dvar2: 2.53954340224e-007
        max: 0.00459790416062
        mean: 0.0021994644776
        median: 0.00226275250316
        min: 3.24720675696e-012
        var: 3.90410065165e-007
    spectral_rolloff:
        dmean: 380.988677979
        dmean2: 629.039855957
        dvar: 230838.5
        dvar2: 523538.25
        max: 18453.9550781
        mean: 3064.56591797
        median: 3402.24609375
        min: 236.865234375
        var: 1360277.375
    spectral_skewness:
        dmean: 0.171228215098
        dmean2: 0.276035428047
        dvar: 0.0703878030181
        dvar2: 0.169189170003
        max: 15.7148618698
        mean: 1.47885036469
        median: 1.32274651527
        min: -0.0422946251929
        var: 0.654063105583
    spectral_spread:
        dmean: 388533.6875
        dmean2: 566647.75
        dvar: 291102162944
        dvar2: 489798959104
        max: 40597820
        mean: 4874267.5
        median: 4761275
        min: 248198.546875
        var: 2.41911647437e+012
    spectral_strongpeak:
        dmean: 0.497336030006
        dmean2: 0.846615314484
        dvar: 0.517952024937
        dvar2: 1.2858222723
        max: 7.50458526611
        mean: 0.945722401142
        median: 0.630852997303
        min: 4.76130956883e-009
        var: 1.02055382729
    zerocrossingrate:
        dmean: 0.00768365850672
        dmean2: 0.00930853188038
        dvar: 6.50768852211e-005
        dvar2: 8.13036967884e-005
        max: 0.50634765625
        mean: 0.0933238267899
        median: 0.0966796875
        min: 0.01806640625
        var: 0.00101205799729
    barkbands:
        dmean: [4.99476414006e-007, 6.98435251252e-005, 0.000110444569145, 0.000132059794851, 0.000244606751949, 0.000207175471587, 0.000149289699038, 0.000163873846759, 0.000208017721889, 0.000190798236872, 0.000100156103144, 8.61560693011e-005, 5.20917201356e-005, 7.67372039263e-005, 0.000103280537587, 0.000160690571647, 0.000173582855496, 0.000164796525496, 0.000235131490626, 0.00017665931955, 0.00010332706006, 4.76720597362e-005, 7.33468596081e-006, 2.04359434974e-006, 9.96758785732e-007, 4.5683609784e-008, 6.00265115391e-010]
        dmean2: [6.47424712952e-007, 0.000113625850645, 0.000183594544069, 0.000218200642848, 0.000391276087612, 0.000339992984664, 0.000234497798374, 0.000261431239778, 0.000318247301038, 0.000285088521196, 0.000152725770022, 0.000136587681482, 8.45220711199e-005, 0.00012198062177, 0.000164781726198, 0.000253310485277, 0.00028741688584, 0.000275337544736, 0.000404065940529, 0.000300989253446, 0.00017886691785, 8.3981831267e-005, 1.22230549096e-005, 3.26622944158e-006, 1.57415547619e-006, 7.07239209419e-008, 9.81203895911e-010]
        dvar: [1.03445908523e-012, 1.22903669464e-008, 4.12659169058e-008, 9.87229356042e-008, 3.01268016756e-007, 2.35276843341e-007, 8.28291462085e-008, 1.07696735085e-007, 1.13564212256e-007, 9.97830298388e-008, 4.30945732433e-008, 3.00971088052e-008, 1.18646923397e-008, 2.68360587086e-008, 5.02301098493e-008, 1.08843508428e-007, 8.43352836455e-008, 7.99968873366e-008, 1.46585492189e-007, 8.50863983715e-008, 3.86069594072e-008, 1.10579509993e-008, 2.29121679962e-010, 1.1038005579e-011, 4.685164149e-012, 1.40358848134e-014, 2.25071212464e-018]
        dvar2: [1.81929059491e-012, 3.41919665914e-008, 1.1054741833e-007, 2.57935340642e-007, 7.72035150476e-007, 5.97967925842e-007, 1.85643656891e-007, 2.65340446504e-007, 2.62479886715e-007, 2.3004631089e-007, 9.55221182153e-008, 6.96979185477e-008, 2.89063564196e-008, 5.98749352321e-008, 1.1485798268e-007, 2.43036623715e-007, 2.18983132072e-007, 2.11038866382e-007, 3.96483898157e-007, 2.26057039754e-007, 1.04207671825e-007, 3.0130824058e-008, 5.69063796085e-010, 2.38589634161e-011, 1.03980365984e-011, 3.01053940891e-014, 5.19449985939e-018]
        max: [1.15217117127e-005, 0.00110533088446, 0.00258913543075, 0.00531148351729, 0.00877856090665, 0.00718671828508, 0.00650334823877, 0.0057924836874, 0.00545601826161, 0.00941589474678, 0.00404325360432, 0.0038044732064, 0.00233796657994, 0.00566094135866, 0.00510897254571, 0.008041809313, 0.00587865523994, 0.00626432197168, 0.00670045660809, 0.00651666941121, 0.00382414995693, 0.00211327685975, 0.00038771648542, 6.78706273902e-005, 7.17253351468e-005, 3.15071724799e-006, 7.15737442647e-008]
        mean: [8.30547605801e-007, 0.000148409832036, 0.000193614003365, 0.000163308519404, 0.000419592630351, 0.000298828352243, 0.000269457115792, 0.000297888036584, 0.000440821720986, 0.000414175534388, 0.000185224649613, 0.000136992704938, 9.24477499211e-005, 0.00012877638801, 0.000184006406926, 0.00030803293339, 0.000318815698847, 0.000300250569126, 0.00043041142635, 0.000350994581822, 0.000179179245606, 7.41515177651e-005, 1.48769722728e-005, 5.37353753316e-006, 2.19981052396e-006, 8.55107984421e-008, 8.30266244645e-010]
        median: [1.2885692513e-007, 0.000105476348836, 0.00010649660544, 4.35200126958e-005, 0.000150940293679, 0.000114108654088, 0.000107372339698, 0.000106984232843, 0.000210277386941, 0.000221567490371, 6.54295799905e-005, 7.57453672122e-005, 4.22766170232e-005, 6.48003479e-005, 7.79775291448e-005, 0.000155327332322, 0.000201371440198, 0.000206324009923, 0.000341538281646, 0.000292387994705, 0.00013249379117, 4.99982998008e-005, 1.07861151264e-005, 4.39613540948e-006, 1.53933501679e-006, 4.60421070159e-008, 3.68850561205e-010]
        min: [4.75984391828e-024, 3.73277178991e-023, 2.33374590717e-023, 6.21515234449e-023, 4.29086311245e-023, 4.9385816556e-023, 5.41732114414e-023, 2.43155140655e-023, 9.48666391026e-023, 8.96800742882e-023, 5.64061106326e-023, 4.2166634868e-023, 7.15048578715e-023, 5.85630141197e-023, 1.67115840881e-022, 1.95846533702e-022, 1.86166503576e-022, 2.28079074745e-022, 1.36235950166e-022, 3.47047705354e-022, 4.50222684308e-022, 5.30642067995e-022, 5.28071769839e-022, 1.04784214811e-021, 1.42423265186e-021, 1.43476648193e-021, 2.78431033864e-021]
        var: [2.4958925985e-012, 2.48031568617e-008, 6.6453509362e-008, 1.17745109662e-007, 5.03966361975e-007, 3.27981695136e-007, 2.16104425022e-007, 2.54637029684e-007, 3.60925724863e-007, 3.62998065384e-007, 1.21878770187e-007, 5.01204056036e-008, 2.85572667735e-008, 6.12326687133e-008, 1.14772433335e-007, 3.01894999666e-007, 1.76943004249e-007, 1.26994919469e-007, 1.89459839817e-007, 1.14737062518e-007, 4.42699388259e-008, 1.1111567666e-008, 3.33920946449e-010, 2.96606871009e-011, 8.91446031576e-012, 2.53997838658e-014, 3.47978505525e-018]
    frequency_bands:
        dmean: [4.99476414006e-007, 6.98435251252e-005, 0.000110444569145, 0.000132059794851, 0.000244606751949, 0.000207175471587, 0.000149289699038, 0.000163873846759, 0.000208017721889, 0.000190798236872, 0.000100156103144, 8.61560693011e-005, 5.20917201356e-005, 7.67372039263e-005, 0.000103280537587, 0.000160690571647, 0.000173582855496, 0.000164796525496, 0.000235131490626, 0.00017665931955, 0.00010332706006, 4.76720597362e-005, 7.33468596081e-006, 2.04359434974e-006, 9.96758785732e-007, 4.5683609784e-008, 6.00265115391e-010, 6.21319176664e-011]
        dmean2: [6.47424712952e-007, 0.000113625850645, 0.000183594544069, 0.000218200642848, 0.000391276087612, 0.000339992984664, 0.000234497798374, 0.000261431239778, 0.000318247301038, 0.000285088521196, 0.000152725770022, 0.000136587681482, 8.45220711199e-005, 0.00012198062177, 0.000164781726198, 0.000253310485277, 0.00028741688584, 0.000275337544736, 0.000404065940529, 0.000300989253446, 0.00017886691785, 8.3981831267e-005, 1.22230549096e-005, 3.26622944158e-006, 1.57415547619e-006, 7.07239209419e-008, 9.81203895911e-010, 1.15634488096e-010]
        dvar: [1.03445908523e-012, 1.22903669464e-008, 4.12659169058e-008, 9.87229356042e-008, 3.01268016756e-007, 2.35276843341e-007, 8.28291462085e-008, 1.07696735085e-007, 1.13564212256e-007, 9.97830298388e-008, 4.30945732433e-008, 3.00971088052e-008, 1.18646923397e-008, 2.68360587086e-008, 5.02301098493e-008, 1.08843508428e-007, 8.43352836455e-008, 7.99968873366e-008, 1.46585492189e-007, 8.50863983715e-008, 3.86069594072e-008, 1.10579509993e-008, 2.29121679962e-010, 1.1038005579e-011, 4.685164149e-012, 1.40358848134e-014, 2.25071212464e-018, 6.53566589919e-021]
        dvar2: [1.81929059491e-012, 3.41919665914e-008, 1.1054741833e-007, 2.57935340642e-007, 7.72035150476e-007, 5.97967925842e-007, 1.85643656891e-007, 2.65340446504e-007, 2.62479886715e-007, 2.3004631089e-007, 9.55221182153e-008, 6.96979185477e-008, 2.89063564196e-008, 5.98749352321e-008, 1.1485798268e-007, 2.43036623715e-007, 2.18983132072e-007, 2.11038866382e-007, 3.96483898157e-007, 2.26057039754e-007, 1.04207671825e-007, 3.0130824058e-008, 5.69063796085e-010, 2.38589634161e-011, 1.03980365984e-011, 3.01053940891e-014, 5.19449985939e-018, 2.04162392345e-020]
        max: [1.15217117127e-005, 0.00110533088446, 0.00258913543075, 0.00531148351729, 0.00877856090665, 0.00718671828508, 0.00650334823877, 0.0057924836874, 0.00545601826161, 0.00941589474678, 0.00404325360432, 0.0038044732064, 0.00233796657994, 0.00566094135866, 0.00510897254571, 0.008041809313, 0.00587865523994, 0.00626432197168, 0.00670045660809, 0.00651666941121, 0.00382414995693, 0.00211327685975, 0.00038771648542, 6.78706273902e-005, 7.17253351468e-005, 3.15071724799e-006, 7.15737442647e-008, 1.0374565651e-009]
        mean: [8.30547605801e-007, 0.000148409832036, 0.000193614003365, 0.000163308519404, 0.000419592630351, 0.000298828352243, 0.000269457115792, 0.000297888036584, 0.000440821720986, 0.000414175534388, 0.000185224649613, 0.000136992704938, 9.24477499211e-005, 0.00012877638801, 0.000184006406926, 0.00030803293339, 0.000318815698847, 0.000300250569126, 0.00043041142635, 0.000350994581822, 0.000179179245606, 7.41515177651e-005, 1.48769722728e-005, 5.37353753316e-006, 2.19981052396e-006, 8.55107984421e-008, 8.30266244645e-010, 4.88696340339e-011]
        median: [1.2885692513e-007, 0.000105476348836, 0.00010649660544, 4.35200126958e-005, 0.000150940293679, 0.000114108654088, 0.000107372339698, 0.000106984232843, 0.000210277386941, 0.000221567490371, 6.54295799905e-005, 7.57453672122e-005, 4.22766170232e-005, 6.48003479e-005, 7.79775291448e-005, 0.000155327332322, 0.000201371440198, 0.000206324009923, 0.000341538281646, 0.000292387994705, 0.00013249379117, 4.99982998008e-005, 1.07861151264e-005, 4.39613540948e-006, 1.53933501679e-006, 4.60421070159e-008, 3.68850561205e-010, 2.07781639117e-011]
        min: [4.75984391828e-024, 3.73277178991e-023, 2.33374590717e-023, 6.21515234449e-023, 4.29086311245e-023, 4.9385816556e-023, 5.41732114414e-023, 2.43155140655e-023, 9.48666391026e-023, 8.96800742882e-023, 5.64061106326e-023, 4.2166634868e-023, 7.15048578715e-023, 5.85630141197e-023, 1.67115840881e-022, 1.95846533702e-022, 1.86166503576e-022, 2.28079074745e-022, 1.36235950166e-022, 3.47047705354e-022, 4.50222684308e-022, 5.30642067995e-022, 5.28071769839e-022, 1.04784214811e-021, 1.42423265186e-021, 1.43476648193e-021, 2.78431033864e-021, 6.35834511383e-022]
        var: [2.4958925985e-012, 2.48031568617e-008, 6.6453509362e-008, 1.17745109662e-007, 5.03966361975e-007, 3.27981695136e-007, 2.16104425022e-007, 2.54637029684e-007, 3.60925724863e-007, 3.62998065384e-007, 1.21878770187e-007, 5.01204056036e-008, 2.85572667735e-008, 6.12326687133e-008, 1.14772433335e-007, 3.01894999666e-007, 1.76943004249e-007, 1.26994919469e-007, 1.89459839817e-007, 1.14737062518e-007, 4.42699388259e-008, 1.1111567666e-008, 3.33920946449e-010, 2.96606871009e-011, 8.91446031576e-012, 2.53997838658e-014, 3.47978505525e-018, 5.44846421148e-021]
    mfcc:
        mean: [-702.558288574, 96.2074737549, -47.0086021423, 37.8339881897, -24.2140026093, -10.7642087936, -5.91839838028, 0.180167615414, 1.8783479929, -1.55828392506, -6.5360918045, -7.14167451859, -3.72314214706]
        cov: [[7474.65917969, 427.779815674, -419.023895264, 1095.18969727, 200.596862793, 609.84185791, 316.450500488, 273.111175537, 286.879577637, 219.097793579, 53.2973442078, 46.7928276062, 121.468193054], [427.779815674, 968.009033203, -136.55796814, -83.8409576416, -125.568817139, -211.833236694, -72.7754440308, -89.3009185791, -78.56300354, -78.6597671509, -64.8600540161, -75.8472366333, -72.9223937988], [-419.023895264, -136.55796814, 346.40612793, 88.2715759277, 63.1835021973, 50.9298400879, 63.0803260803, 1.07205426693, 6.64533233643, 13.5906381607, 17.9618339539, 12.8638925552, 3.64503502846], [1095.18969727, -83.8409576416, 88.2715759277, 544.552124023, 276.486602783, 277.026763916, 205.690338135, 117.545227051, 145.631332397, 121.088417053, 59.9697265625, 74.8002929688, 76.4544448853], [200.596862793, -125.568817139, 63.1835021973, 276.486602783, 370.869262695, 258.150665283, 196.833221436, 122.407920837, 133.056442261, 131.131057739, 69.6308059692, 77.2295074463, 75.3012924194], [609.84185791, -211.833236694, 50.9298400879, 277.026763916, 258.150665283, 405.105285645, 271.761230469, 157.261413574, 130.113800049, 149.265060425, 97.0696258545, 71.4118347168, 82.0670776367], [316.450500488, -72.7754440308, 63.0803260803, 205.690338135, 196.833221436, 271.761230469, 342.625549316, 120.545402527, 101.2394104, 128.415649414, 80.4834289551, 54.5881996155, 44.4791069031], [273.111175537, -89.3009185791, 1.07205426693, 117.545227051, 122.407920837, 157.261413574, 120.545402527, 154.446685791, 98.0073394775, 85.8520202637, 39.9463195801, 38.6982002258, 47.1053962708], [286.879577637, -78.56300354, 6.64533233643, 145.631332397, 133.056442261, 130.113800049, 101.2394104, 98.0073394775, 163.476470947, 99.0525283813, 40.1136932373, 40.0283660889, 39.9511909485], [219.097793579, -78.6597671509, 13.5906381607, 121.088417053, 131.131057739, 149.265060425, 128.415649414, 85.8520202637, 99.0525283813, 168.128921509, 78.4684066772, 48.1335716248, 43.5949859619], [53.2973442078, -64.8600540161, 17.9618339539, 59.9697265625, 69.6308059692, 97.0696258545, 80.4834289551, 39.9463195801, 40.1136932373, 78.4684066772, 102.383018494, 49.9037895203, 32.5466346741], [46.7928276062, -75.8472366333, 12.8638925552, 74.8002929688, 77.2295074463, 71.4118347168, 54.5881996155, 38.6982002258, 40.0283660889, 48.1335716248, 49.9037895203, 94.2723007202, 56.4852981567], [121.468193054, -72.9223937988, 3.64503502846, 76.4544448853, 75.3012924194, 82.0670776367, 44.4791069031, 47.1053962708, 39.9511909485, 43.5949859619, 32.5466346741, 56.4852981567, 95.2044830322]]
        icov: [[0.000315558863804, -0.000176632471266, 0.00044475813047, -0.000812192913145, 0.00061947159702, -0.000558602041565, 0.00019935760065, -9.23472543946e-005, -6.30314316368e-005, -0.000106853607576, 0.000156947833602, 0.000129629203002, -1.37745564643e-005], [-0.000176632471266, 0.00146221881732, 0.000328205671394, 9.06275599846e-005, -0.000445166166173, 0.00143295724411, -0.000797098444309, 0.000192452818737, 0.000325219036313, 5.11634352733e-005, -0.000110942106403, 0.000597179925535, 0.000177782581886], [0.00044475813047, 0.000328205671394, 0.00402038032189, -0.001735314494, 0.000427836843301, -0.000196516586584, -0.000542959547602, 0.00049437728012, 0.000369192799553, 0.000146738922922, -0.000157808361109, 0.000428991683293, 0.000340936530847], [-0.000812192913145, 9.06275599846e-005, -0.001735314494, 0.00571285327896, -0.00285040144809, -0.000145649639308, -0.000543048023246, 0.000831848243251, -0.00129004125483, 0.00042792034219, 0.000440083676949, -0.00109699903987, -0.000347641907865], [0.00061947159702, -0.000445166166173, 0.000427836843301, -0.00285040144809, 0.00757026858628, -0.00295695406385, -1.42571593642e-006, -0.00036585557973, -0.00143019098323, -0.00125256634783, 0.00111061544158, -0.00127592287026, -0.000564679095987], [-0.000558602041565, 0.00143295724411, -0.000196516586584, -0.000145649639308, -0.00295695406385, 0.0105218403041, -0.00439649680629, -0.00273386226036, 0.000915756914765, -6.31070288364e-005, -0.00277545885183, 0.00198953738436, -0.00197664648294], [0.00019935760065, -0.000797098444309, -0.000542959547602, -0.000543048023246, -1.42571593642e-006, -0.00439649680629, 0.00741297192872, -0.00122689828277, 0.000168900194694, -0.00140659988392, -0.000520478293765, -0.000832005229313, 0.00177145621274], [-9.23472543946e-005, 0.000192452818737, 0.00049437728012, 0.000831848243251, -0.00036585557973, -0.00273386226036, -0.00122689828277, 0.0142101552337, -0.00483232922852, -0.00130648352206, 0.00145194330253, -0.000105715102109, -0.00204102136195], [-6.30314316368e-005, 0.000325219036313, 0.000369192799553, -0.00129004125483, -0.00143019098323, 0.000915756914765, 0.000168900194694, -0.00483232922852, 0.0132288811728, -0.00454254075885, 0.00122795288917, -0.0005992273218, 0.00046970450785], [-0.000106853607576, 5.11634352733e-005, 0.000146738922922, 0.00042792034219, -0.00125256634783, -6.31070288364e-005, -0.00140659988392, -0.00130648352206, -0.00454254075885, 0.0145354475826, -0.00725229782984, 0.00087338546291, -0.000613665033597], [0.000156947833602, -0.000110942106403, -0.000157808361109, 0.000440083676949, 0.00111061544158, -0.00277545885183, -0.000520478293765, 0.00145194330253, 0.00122795288917, -0.00725229782984, 0.0194237474352, -0.00720438174903, 0.000846002832986], [0.000129629203002, 0.000597179925535, 0.000428991683293, -0.00109699903987, -0.00127592287026, 0.00198953738436, -0.000832005229313, -0.000105715102109, -0.0005992273218, 0.00087338546291, -0.00720438174903, 0.021101443097, -0.00931342598051], [-1.37745564643e-005, 0.000177782581886, 0.000340936530847, -0.000347641907865, -0.000564679095987, -0.00197664648294, 0.00177145621274, -0.00204102136195, 0.00046970450785, -0.000613665033597, 0.000846002832986, -0.00931342598051, 0.0185767207295]]
    sccoeffs:
        dmean: [0.0511483997107, 0.0482762716711, 0.0402346923947, 0.0312567576766, 0.0201616585255, 0.0178339872509]
        dmean2: [0.0834579467773, 0.0792842283845, 0.0638226568699, 0.0507029481232, 0.033356718719, 0.0291237048805]
        dvar: [0.00197906093672, 0.00154990307055, 0.00104108441155, 0.000657514669001, 0.000300379440887, 0.00027851795312]
        dvar2: [0.00499481661245, 0.00413181725889, 0.00254299258813, 0.00161426805425, 0.000752965162974, 0.00068227929296]
        max: [-0.235208153725, -0.430423378944, -0.460916340351, -0.424136042595, -0.566956579685, -0.593106210232]
        mean: [-0.62387573719, -0.72604995966, -0.723676323891, -0.764335930347, -0.792404830456, -0.751215517521]
        median: [-0.644487917423, -0.731715798378, -0.726132929325, -0.769504547119, -0.798763871193, -0.748069405556]
        min: [-0.950185835361, -0.984591364861, -0.962462186813, -0.956983029842, -0.957278013229, -0.958002030849]
        var: [0.0141023658216, 0.0065810084343, 0.00531601905823, 0.00323948124424, 0.00161572161596, 0.00142744835466]
    scvalleys:
        dmean: [0.378446221352, 0.346289455891, 0.302807301283, 0.253262460232, 0.233061730862, 0.229195266962]
        dmean2: [0.625275909901, 0.577788054943, 0.498049348593, 0.405387580395, 0.371003359556, 0.34305331111]
        dvar: [0.108158372343, 0.0951718315482, 0.0763415172696, 0.0633029714227, 0.0773953199387, 0.0900713279843]
        dvar2: [0.27168533206, 0.235130742192, 0.178881764412, 0.136848285794, 0.164976373315, 0.172549054027]
        max: [-5.46697235107, -4.58416032791, -5.04912376404, -5.69476461411, -5.25494527817, -7.66024255753]
        mean: [-7.60585355759, -6.62764501572, -7.09895849228, -7.35150909424, -7.13805341721, -9.64309597015]
        median: [-6.85988426208, -6.42597484589, -6.88544654846, -6.9698972702, -6.67501449585, -9.20406341553]
        min: [-27.5757141113, -27.465133667, -26.9489498138, -27.3467197418, -27.4272193909, -27.335521698]
        var: [3.62169146538, 1.87496113777, 1.77199625969, 1.89389753342, 2.10587501526, 2.1639521122]

rhythm:
    beats_loudness:
        dmean: 0.00165661878418
        dmean2: 0.00280912197195
        dvar: 2.44028592533e-006
        dvar2: 6.25771508567e-006
        max: 0.0168670788407
        mean: 0.00597560871392
        median: 0.00615147408098
        min: 2.25806374467e-012
        var: 4.79279106003e-006
    bpm: 161.634231567
    bpm_confidence: 0
    first_peak_bpm: 161
    first_peak_spread: 0.377593398094
    first_peak_weight: 0.311203330755
    onset_rate: 3.4829556942
    second_peak_bpm: 108
    second_peak_spread: 0.453201979399
    second_peak_weight: 0.230290457606
    beats_loudness_band_ratio:
        dmean: [0.118569128215, 0.102917529643, 0.131777852774, 0.095582999289, 0.10685903579, 0.086210899055]
        dmean2: [0.209348425269, 0.182758271694, 0.223208770156, 0.164699941874, 0.183862522244, 0.15226611495]
        dvar: [0.0121473483741, 0.0114641599357, 0.0182429850101, 0.00875634141266, 0.0103482371196, 0.013336783275]
        dvar2: [0.0343585982919, 0.0316643342376, 0.051349490881, 0.0226908400655, 0.0270550400019, 0.0386901907623]
        max: [0.764082789421, 0.780343174934, 0.923985540867, 0.743745326996, 0.766322493553, 0.803003847599]
        mean: [0.164759337902, 0.139143332839, 0.232166275382, 0.142862454057, 0.200050145388, 0.174681529403]
        median: [0.124969981611, 0.111217983067, 0.15079832077, 0.11420558393, 0.171618595719, 0.163686677814]
        min: [0, 0, 0, 0, 0, 0]
        var: [0.0184364356101, 0.014581605792, 0.0403755754232, 0.0119244819507, 0.0185836963356, 0.0137629685923]
    beats_position: [0.522448956966, 1.05650794506, 1.60217678547, 2.15945577621, 2.71673464775, 3.28562355042, 3.85451245308, 4.41179132462, 4.96907043457, 5.53795909882, 6.10684776306, 6.66412687302, 7.22140598297, 7.77868461609, 8.34757328033, 8.91646194458, 9.47374153137, 10.0310201645, 10.5882987976, 11.1571884155, 11.7260770798, 12.2833557129, 12.840634346, 13.4095239639, 13.9784126282, 14.5356912613, 15.0929698944, 15.6618595123, 16.2307472229, 16.7880268097, 17.3453063965, 17.9141941071, 18.483083725, 19.0403633118, 19.5976409912, 20.154920578, 20.7238082886, 21.2926979065, 21.8499774933, 22.4072551727, 22.9761447906, 23.5450344086, 24.102312088, 24.6595916748, 25.2168693542, 25.774148941, 26.343038559, 26.9119262695, 27.4808158875, 28.0497055054, 28.6069831848, 29.1642627716, 29.7099323273, 30.1046714783, 30.4994106293, 30.8941497803, 31.3004989624, 31.7068481445, 32.1248054504, 32.5311546326, 32.9258956909, 33.3090248108, 33.6921539307, 34.0752830505, 34.4584121704, 34.8415412903, 35.2130622864, 35.5961914063, 35.9677085876, 36.3508377075, 36.7339668274, 37.1170959473, 37.5002250671, 37.883354187, 38.2664833069, 38.6612243652, 39.0443534851, 39.427482605, 39.8222198486, 40.2053489685, 40.5884780884, 40.9599990845, 41.3431282043, 41.7262573242, 42.0977783203, 42.4692955017, 42.8524246216, 43.2355537415, 43.6186828613, 44.0018119812, 44.3849411011, 44.7680702209, 45.1628112793, 45.5459403992, 45.929069519, 46.3238105774, 46.718547821, 47.1248970032, 47.5196380615, 47.9027671814, 48.2858963013, 48.6690254211, 49.0405426025, 49.4120635986, 49.78358078, 50.1667098999, 50.5498390198, 50.9213600159, 51.3044891357, 51.6876182556, 52.0591392517, 52.4306564331, 52.8021774292, 53.1736946106, 53.5452156067, 53.9167327881, 54.2882537842, 54.6597709656, 55.0312919617, 55.4028091431, 55.7859382629, 56.1690673828, 56.5405883789, 56.912109375, 57.2952384949, 57.6783676147, 58.0498847961, 58.4214057922, 58.7929229736, 59.1644439697, 59.5359611511, 59.9074821472, 60.2906112671, 60.673740387, 61.0452613831, 61.4167785645, 61.7882995605, 62.1598167419, 62.531337738, 62.9144668579, 63.2859840393, 63.6691131592, 64.0406341553, 64.4121551514, 64.7836685181, 65.1551895142, 65.5383224487, 65.9214477539, 66.29296875, 66.6644897461, 67.0360107422, 67.4075241089, 67.779045105, 68.1621780396, 68.5453033447, 68.9168243408, 69.299949646, 69.6714706421, 70.0429916382, 70.4261245728, 70.7976379395, 71.1691589355, 71.5406799316, 71.9122009277, 72.2837142944, 72.6552352905, 73.0267562866, 73.3982772827, 73.7814025879, 74.1645355225, 74.5360565186, 74.9075698853, 75.2907028198, 75.673828125, 76.0453491211, 76.4168701172, 76.7883911133, 77.15990448, 77.5314254761, 77.9145584106, 78.2976837158, 78.6692047119, 79.040725708, 79.4122467041, 79.7837600708, 80.1552810669, 80.526802063, 80.9099273682, 81.2814483643, 81.6645812988, 82.0360946655, 82.4076156616, 82.7791366577, 83.1622695923, 83.5453948975, 83.9169158936, 84.2884368896, 84.6599502563, 85.0314712524, 85.4029922485, 85.7861175537, 86.1576385498, 86.5291595459, 86.900680542, 87.2838058472, 87.6553268433, 88.0268478394, 88.3983688354, 88.7814941406, 89.1646270752, 89.5477523804, 89.9308853149, 90.3023986816, 90.6739196777, 91.0454406738, 91.4053497314, 91.7652587891, 92.1251678467, 92.4966888428, 92.8798141479, 93.274559021, 93.6692962646, 94.0408172607, 94.4123306274, 94.7838516235, 95.1553726196, 95.5384979248, 95.9100189209, 96.2931518555, 96.6646728516, 97.0361862183, 97.4077072144, 97.7908401489, 98.1739654541, 98.5570983887, 98.9286117554, 99.3001327515, 99.6716537476, 100.031562805, 100.403083801, 100.774604797, 101.146118164, 101.529251099, 101.912376404, 102.2838974, 102.667030334, 103.05015564, 103.421676636, 103.793197632, 104.164710999, 104.536231995, 104.907752991, 105.290885925, 105.67401123, 106.045532227, 106.417053223, 106.788566589, 107.160087585, 107.531608582, 107.903129578, 108.274642944, 108.669387817, 109.040908813, 109.41242218, 109.783943176, 110.155464172, 110.538589478, 110.921722412, 111.293243408, 111.664756775, 112.036277771, 112.407798767, 112.790924072, 113.162445068, 113.545578003, 113.917098999, 114.288612366, 114.660133362, 115.031654358, 115.414779663, 115.797912598, 116.169433594, 116.54094696, 116.912467957, 117.283988953, 117.655509949, 118.038635254, 118.421768188, 118.793289185, 119.164802551, 119.536323547, 119.907844543, 120.290969849, 120.674102783, 121.045623779, 121.417137146, 121.788658142, 122.160179138, 122.531700134, 122.914825439, 123.286346436, 123.66947937, 124.040992737, 124.412513733, 124.784034729, 125.155555725, 125.53868103, 125.921813965, 126.293327332, 126.664848328, 127.036369324, 127.40789032, 127.791015625, 128.17414856, 128.545669556, 128.917190552, 129.474472046, 130.031738281, 130.589019775, 131.14630127, 131.703582764, 132.260864258, 132.829742432, 133.398635864, 133.955917358, 134.524810791, 135.093688965, 135.662582397, 136.23147583, 136.800354004, 137.357635498, 137.926528931, 138.483810425, 139.041091919, 139.598358154, 140.155639648, 140.712921143, 141.270202637, 141.850692749, 142.407974243, 142.965255737, 143.53414917, 144.103042603, 144.671920776, 145.229202271, 145.786483765, 146.343765259, 146.912643433, 147.481536865, 148.050430298, 148.607711792, 149.164993286, 149.722259521, 150.279541016, 150.83682251, 151.405715942, 151.974594116, 152.543487549, 153.112380981, 153.681274414, 154.250152588, 154.807434082, 155.364715576, 155.92199707, 156.479278564, 157.0365448, 157.593826294, 158.151107788, 158.708389282, 159.277282715, 159.846160889, 160.403442383, 160.960723877, 161.52961731, 162.098495483, 162.655776978, 163.22467041, 163.793563843, 164.350830078, 164.919723511, 165.488616943, 166.045898438, 166.603164673, 167.160446167, 167.717727661, 168.286621094, 168.855514526, 169.412780762, 169.970062256, 170.52734375, 171.084625244, 171.653518677, 172.222396851, 172.779678345, 173.348571777, 173.917449951, 174.474731445, 175.032012939, 175.589294434, 176.158187866, 176.72706604, 177.284347534, 177.853240967, 178.422134399, 179.002624512, 179.594741821, 180.198455811, 180.8021698, 181.394287109, 181.974777222, 182.543670654, 183.112564087, 183.669830322, 184.227111816, 184.784393311, 185.341674805, 185.910568237, 186.479446411, 187.036727905, 187.605621338, 188.174514771, 188.731781006, 189.2890625, 189.846343994, 190.403625488, 190.972518921, 191.541397095, 192.098678589, 192.655960083, 193.213241577, 193.770523071, 194.339401245, 194.908294678, 195.47718811, 196.046066284, 196.603347778, 197.160629272, 197.717910767, 198.286804199, 198.855682373, 199.412963867, 199.970245361, 200.539138794, 201.108016968, 201.665298462, 202.222579956, 202.791473389, 203.360351563, 203.917633057, 204.474914551, 205.032196045, 205.589477539, 206.158370972, 206.727249146, 207.28453064, 207.853424072, 208.422302246, 208.97958374, 209.536865234, 210.094146729, 210.663040161, 211.231918335, 211.789199829, 212.346481323, 212.915374756, 213.48425293, 214.041534424, 214.598815918, 215.156097412, 215.724990845, 216.293869019, 216.851150513, 217.408432007, 217.988937378, 218.592651367, 219.196365356, 219.800079346, 220.368972778, 220.949478149, 221.529968262, 222.110473633, 222.690963745, 223.271469116]
    bpm_estimates: [161.498275757, 161.499938965, 161.498275757, 161.498275757, 161.499938965, 161.499938965, 161.498275757, 161.499938965, 161.498275757, 161.498275757, 161.499938965, 161.498275757, 161.499938965, 161.498275757, 161.499938965, 161.498275757, 161.499938965, 161.498275757, 161.499938965, 161.498275757, 161.498275757, 161.499938965, 161.498275757, 161.499938965, 161.498275757, 161.499938965, 161.498275757, 161.498275757, 161.499938965, 161.498275757, 161.499938965, 161.498275757, 161.499938965, 161.498275757, 161.498275757, 161.501586914, 161.498275757, 161.498275757, 161.498275757, 161.498275757, 161.501586914, 161.498275757, 161.498275757, 161.498275757, 161.498275757, 161.501586914, 161.498275757, 161.498275757, 161.498275757, 161.501586914, 161.498275757, 161.498275757, 161.498275757, 161.498275757, 161.501586914, 161.498275757, 161.498275757, 161.498275757, 161.501586914, 161.498275757, 161.498275757, 161.498275757, 161.498275757, 161.501586914, 161.498275757, 161.498275757, 161.498275757, 161.501586914, 161.498275757, 161.498275757, 161.498275757, 161.498275757, 161.501586914, 161.498275757, 161.498275757, 161.498275757, 161.498275757, 161.498275757, 161.498275757, 161.498275757, 161.498275757, 161.501586914, 161.498275757, 161.498275757, 166.708786011, 166.708786011, 166.708786011, 161.498275757, 161.498275757, 161.501586914, 161.498275757, 161.498275757, 161.498275757, 161.498275757, 161.501586914, 161.498275757, 161.501586914, 161.498275757, 161.498275757, 166.708786011, 161.498275757, 161.498275757, 161.501586914, 161.498275757, 161.498275757, 161.498275757, 161.501586914, 161.498275757, 161.498275757, 161.498275757, 161.498275757, 161.501586914, 161.498275757, 161.498275757, 161.498275757, 161.501586914, 161.498275757, 161.501586914, 161.498275757, 161.498275757, 161.498275757, 161.501586914, 161.498275757, 161.498275757, 161.498275757, 161.498275757, 161.501586914, 161.498275757, 161.498275757, 161.498275757, 161.501586914, 161.498275757, 161.498275757, 161.498275757, 161.498275757, 161.501586914, 161.498275757, 161.498275757, 161.498275757, 161.501586914, 161.498275757, 161.498275757, 161.498275757, 161.498275757, 161.501586914, 161.498275757, 161.498275757, 161.498275757, 161.501586914, 161.498275757, 161.498275757, 161.498275757, 161.498275757, 161.498275757]
