
metadata:
    version:
        essentia: "2.1-beta2"
    audio_properties:
        analysis_sample_rate: 44100
        bitrate: 320
        channels: 2
        equal_loudness: 1
        length: 216.52897644
        replay_gain: -14.7757396698
        downmix: "mix"
    tags:
        album: "Incomparable"
        artist: "Dead By April"
        comment: "-=Titan=-"
        date: "2011"
        genre: "Modern Metal"
        title: "Lost"
        tracknumber: "12"

configuration:
    average_loudness:
        compute: 1
        frameSize: 88200
        hopSize: 44100
        silentFrames: "noise"
        windowType: "hann"
    general:
        analysisSampleRate: 44100
        endTime: 2000
        equalLoudness: 1
        nequalLoudness: 0
        shortSound: 0
        startTime: 0
    lowlevel:
        compute: 1
        frameSize: 2048
        hopSize: 1024
        zeroPadding: 0
        silentFrames: "noise"
        windowType: "blackmanharris62"
        mfccStats: ["mean", "cov", "icov"]
        stats: ["mean", "var", "median", "min", "max", "dmean", "dmean2", "dvar", "dvar2"]
    panning:
        compute: 0
        frameSize: 8192
        hopSize: 2048
        zeroPadding: 8192
        silentFrames: "noise"
        windowType: "hann"
        stats: ["copy"]
    rhythm:
        compute: 1
        maxTempo: 208
        minTempo: 40
        method: "degara"
        stats: ["mean", "var", "median", "min", "max", "dmean", "dmean2", "dvar", "dvar2"]
    segmentation:
        compute: 0
        cpw: 5
        inc1: 300
        inc2: 50
        minimumSegmentsLength: 10
        size1: 1000
        size2: 600
    sfx:
        compute: 1
        stats: ["mean", "var", "median", "min", "max", "dmean", "dmean2", "dvar", "dvar2"]
    svm:
        compute: 0
    tonal:
        compute: 1
        frameSize: 4096
        hopSize: 2048
        zeroPadding: 0
        silentFrames: "noise"
        windowType: "blackmanharris62"
        stats: ["mean", "var", "median", "min", "max", "dmean", "dmean2", "dvar", "dvar2"]

lowlevel:
    average_loudness: 0.949030816555
    barkbands_kurtosis:
        dmean: 0.637325227261
        dmean2: 1.06115818024
        dvar: 1.35940647125
        dvar2: 3.48497319221
        max: 22.6075191498
        mean: -0.581897377968
        median: -0.960136711597
        min: -1.8779810667
        var: 2.68718099594
    barkbands_skewness:
        dmean: 0.397075325251
        dmean2: 0.635058522224
        dvar: 0.167831644416
        dvar2: 0.426304876804
        max: 4.66712427139
        mean: -0.158775165677
        median: -0.146717965603
        min: -3.74778699875
        var: 0.54888856411
    barkbands_spread:
        dmean: 5.24317836761
        dmean2: 8.40197181702
        dvar: 25.5660915375
        dvar2: 65.5149459839
        max: 89.4462585449
        mean: 30.9349136353
        median: 30.2179431915
        min: 3.37088012695
        var: 96.1258468628
    dissonance:
        dmean: 0.0123918410391
        dmean2: 0.0210935194045
        dvar: 0.000153557310114
        dvar2: 0.000426292535849
        max: 0.500000059605
        mean: 0.47798243165
        median: 0.483439654112
        min: 0.305827528238
        var: 0.000345051230397
    hfc:
        dmean: 3.2743575573
        dmean2: 5.56890392303
        dvar: 18.112739563
        dvar2: 49.0803489685
        max: 50.5082778931
        mean: 10.2199544907
        median: 9.63976573944
        min: 1.17986395597e-016
        var: 29.4096775055
    pitch:
        dmean: 774.840454102
        dmean2: 1479.00390625
        dvar: 1503735.875
        dvar2: 3665091.25
        max: 4509.10400391
        mean: 1120.99047852
        median: 350.291992188
        min: 72.9085693359
        var: 1926468.875
    pitch_instantaneous_confidence:
        dmean: 0.0771479010582
        dmean2: 0.125610262156
        dvar: 0.00433784304187
        dvar2: 0.0107411611825
        max: 0.949915707111
        mean: 0.369625777006
        median: 0.346734881401
        min: 0.0867611169815
        var: 0.0170877724886
    pitch_salience:
        dmean: 0.0616226196289
        dmean2: 0.102294966578
        dvar: 0.00321227312088
        dvar2: 0.00883840769529
        max: 0.85087954998
        mean: 0.641772866249
        median: 0.657933413982
        min: 0.115549519658
        var: 0.00923854205757
    silence_rate_20dB:
        dmean: 0
        dmean2: 0
        dvar: 0
        dvar2: 0
        max: 1
        mean: 1
        median: 1
        min: 1
        var: 0
    silence_rate_30dB:
        dmean: 0
        dmean2: 0
        dvar: 0
        dvar2: 0
        max: 1
        mean: 1
        median: 1
        min: 1
        var: 0
    silence_rate_60dB:
        dmean: 0.0510401017964
        dmean2: 0.102091155946
        dvar: 0.048431172967
        dvar2: 0.113124080002
        max: 1
        mean: 0.116328939795
        median: 0
        min: 0
        var: 0.102797247469
    spectral_centroid:
        dmean: 304.487884521
        dmean2: 500.231567383
        dvar: 95914.9140625
        dvar2: 247475.546875
        max: 11108.3164063
        mean: 1876.0501709
        median: 1806.4864502
        min: 334.783325195
        var: 368667
    spectral_complexity:
        dmean: 4.8415184021
        dmean2: 7.99292230606
        dvar: 22.1671333313
        dvar2: 57.1328468323
        max: 48
        mean: 19.4378681183
        median: 20
        min: 0
        var: 67.4327392578
    spectral_crest:
        dmean: 1.89577293396
        dmean2: 3.10482382774
        dvar: 3.49121332169
        dvar2: 8.56032466888
        max: 25.4907054901
        mean: 6.9115858078
        median: 5.75239276886
        min: 2.21920776367
        var: 11.7783193588
    spectral_decrease:
        dmean: 3.12925213519e-010
        dmean2: 5.03688923903e-010
        dvar: 1.53198915926e-019
        dvar2: 3.99746146256e-019
        max: 1.06136338121e-028
        mean: -1.24047727645e-009
        median: -1.20218668354e-009
        min: -4.48401582531e-009
        var: 3.11137499214e-019
    spectral_energy:
        dmean: 0.0014289887622
        dmean2: 0.00231788516976
        dvar: 3.16088812724e-006
        dvar2: 8.27644726087e-006
        max: 0.0192859973758
        mean: 0.00560881337151
        median: 0.00543635105714
        min: 1.08098805882e-020
        var: 6.22387915428e-006
    spectral_energyband_high:
        dmean: 0.000267001334578
        dmean2: 0.000468520709546
        dvar: 1.4120520575e-007
        dvar2: 3.88719797684e-007
        max: 0.00542150484398
        mean: 0.000518068205565
        median: 0.000412659457652
        min: 7.70966581347e-021
        var: 1.6761993038e-007
    spectral_energyband_low:
        dmean: 0.000268319796305
        dmean2: 0.000432787492173
        dvar: 1.32658968255e-007
        dvar2: 3.08773650204e-007
        max: 0.00545877497643
        mean: 0.000480967079056
        median: 0.000341489329003
        min: 4.11894476211e-023
        var: 2.65305402536e-007
    spectral_energyband_middle_high:
        dmean: 0.000836778315715
        dmean2: 0.00138074264396
        dvar: 9.00917996205e-007
        dvar2: 2.40582494371e-006
        max: 0.0118422368541
        mean: 0.00297179678455
        median: 0.0028002273757
        min: 1.60290618853e-021
        var: 2.48574087891e-006
    spectral_energyband_middle_low:
        dmean: 0.000751485931687
        dmean2: 0.00120958033949
        dvar: 1.26665702282e-006
        dvar2: 3.32270383296e-006
        max: 0.0121174221858
        mean: 0.00183351989836
        median: 0.0013389387168
        min: 3.94159134946e-022
        var: 2.37972949435e-006
    spectral_flatness_db:
        dmean: 0.0128061641008
        dmean2: 0.0201403219253
        dvar: 0.000146001708345
        dvar2: 0.000355179538019
        max: 0.327544540167
        mean: 0.133168265224
        median: 0.126608222723
        min: 0.0362455286086
        var: 0.00101074390113
    spectral_flux:
        dmean: 0.00826306454837
        dmean2: 0.012703128159
        dvar: 8.14858576632e-005
        dvar2: 0.000161884294357
        max: 0.107574678957
        mean: 0.0446553081274
        median: 0.0433321297169
        min: 8.21725257283e-011
        var: 0.000227997952607
    spectral_kurtosis:
        dmean: 0.846967637539
        dmean2: 1.41992747784
        dvar: 0.732055723667
        dvar2: 2.03344225883
        max: 17.7638931274
        mean: 3.6153857708
        median: 3.47181272507
        min: -1.2529822588
        var: 1.96234977245
    spectral_rms:
        dmean: 0.000286280555883
        dmean2: 0.000453791435575
        dvar: 9.92056925497e-008
        dvar2: 2.51443765364e-007
        max: 0.0043376958929
        mean: 0.00226222560741
        median: 0.00230298866518
        min: 3.24749515473e-012
        var: 3.54351328724e-007
    spectral_rolloff:
        dmean: 384.98626709
        dmean2: 650.159179688
        dvar: 220654.296875
        dvar2: 544444
        max: 18927.6855469
        mean: 3494.19360352
        median: 3531.4453125
        min: 193.798828125
        var: 755806.375
    spectral_skewness:
        dmean: 0.156876891851
        dmean2: 0.258879750967
        dvar: 0.0226921420544
        dvar2: 0.0592971369624
        max: 3.11388921738
        mean: 1.34645235538
        median: 1.34802937508
        min: 0.0194298494607
        var: 0.0682165771723
    spectral_spread:
        dmean: 370116.78125
        dmean2: 549071.625
        dvar: 352878886912
        dvar2: 660063911936
        max: 45343512
        mean: 4661227
        median: 4379593
        min: 1564189.5
        var: 2.6897505321e+012
    spectral_strongpeak:
        dmean: 0.472259223461
        dmean2: 0.809511065483
        dvar: 0.497895777225
        dvar2: 1.32675170898
        max: 9.13636207581
        mean: 0.872936248779
        median: 0.536708891392
        min: 2.10714935084e-011
        var: 0.899344027042
    zerocrossingrate:
        dmean: 0.00820779521018
        dmean2: 0.010137242265
        dvar: 6.13566517131e-005
        dvar2: 8.33663580124e-005
        max: 0.50830078125
        mean: 0.103822141886
        median: 0.10205078125
        min: 0.02197265625
        var: 0.000741871772334
    barkbands:
        dmean: [1.0348763908e-006, 7.57121451898e-005, 0.000162430573255, 0.000194074877072, 0.000252922211075, 0.000172423300683, 0.00010464063962, 0.000197961824597, 0.000192584455363, 0.000132626912091, 0.000130726635689, 9.22056715353e-005, 9.05300839804e-005, 5.74210789637e-005, 9.87137827906e-005, 0.000163273696671, 0.000198435547645, 0.000209683072171, 0.000304655957734, 0.000225529322051, 0.000124260201119, 4.63624091935e-005, 4.59099419459e-006, 2.13892622014e-006, 1.10847872747e-006, 6.33024299646e-008, 5.87508097727e-010]
        dmean2: [1.44975319927e-006, 0.000128554689582, 0.000269777345238, 0.000312633143039, 0.000431992259109, 0.000296382902889, 0.000175287481397, 0.000307490758132, 0.00030324771069, 0.000207907054573, 0.000209197140066, 0.000151206564624, 0.000148329592776, 9.69895118033e-005, 0.000162858035765, 0.000271128898021, 0.000333524454618, 0.000353978044586, 0.000522294722032, 0.000381554127671, 0.000215913678403, 8.39838103275e-005, 7.75858916313e-006, 3.40770975527e-006, 1.73938838088e-006, 9.4797002248e-008, 9.44931577429e-010]
        dvar: [2.15777482687e-012, 1.00899404387e-008, 4.89874487641e-008, 1.21055364843e-007, 3.8496665411e-007, 1.44926175949e-007, 4.48075674342e-008, 1.38448186249e-007, 1.25869789258e-007, 4.99998122905e-008, 5.48272467427e-008, 1.81975732261e-008, 1.86193975793e-008, 1.03216297731e-008, 2.45119480269e-008, 6.99742557231e-008, 7.63691616612e-008, 9.55927390578e-008, 1.59235369779e-007, 9.60420507568e-008, 2.9772341037e-008, 6.13837025654e-009, 4.97011078127e-011, 1.73529992459e-011, 7.56161105953e-012, 4.09974924018e-014, 1.70058273357e-018]
        dvar2: [4.60327175683e-012, 2.83573271531e-008, 1.24906804899e-007, 2.93089783554e-007, 1.05715923837e-006, 3.92518842318e-007, 1.09312516372e-007, 3.10629388878e-007, 3.01325457031e-007, 1.17375158482e-007, 1.37261181976e-007, 4.64713068027e-008, 4.85715254683e-008, 2.72637201704e-008, 6.35502530599e-008, 1.80692865115e-007, 1.96608297642e-007, 2.60211038494e-007, 4.21646177529e-007, 2.44343738132e-007, 8.21091390435e-008, 1.72191558789e-008, 1.23658472351e-010, 3.60741644889e-011, 1.63089455135e-011, 8.62202426425e-014, 3.4844677247e-018]
        max: [1.37851566251e-005, 0.00101353775244, 0.00286232540384, 0.00475830212235, 0.00961580406874, 0.00574685866013, 0.00513247773051, 0.00692432839423, 0.00813072919846, 0.0055161989294, 0.00621106382459, 0.00301372539252, 0.00298444507644, 0.00217079604045, 0.00327028869651, 0.00770858535543, 0.00526012806222, 0.00704846670851, 0.0095321116969, 0.00727028679103, 0.00239159073681, 0.000798442750238, 0.000159453833476, 7.85024531069e-005, 5.35695944563e-005, 4.77836283608e-006, 3.25917035582e-008]
        mean: [1.52861832703e-006, 0.000110811866762, 0.000228068136494, 0.000239244822296, 0.000299398583593, 0.000210727201193, 0.000137315641041, 0.000500836351421, 0.00035350289545, 0.000245611299761, 0.000268936302746, 0.0001689006167, 0.0001708966156, 0.000100474513602, 0.000181393857929, 0.000311475654598, 0.000373014860088, 0.000383806967875, 0.000567310140468, 0.000449897837825, 0.000224314411753, 6.53375318507e-005, 8.74124452821e-006, 4.87699162477e-006, 2.28094950216e-006, 1.16464576649e-007, 9.44675004888e-010]
        median: [4.73451279959e-007, 8.91852250788e-005, 0.000139199197292, 8.97578938748e-005, 0.000128359097289, 9.51290858211e-005, 6.26086184639e-005, 9.85070728348e-005, 0.000156539361342, 9.72782290773e-005, 8.87467031134e-005, 9.48895030888e-005, 9.4767063274e-005, 6.13708616584e-005, 0.000111085828394, 0.000214760410017, 0.000291143544018, 0.000292597716907, 0.00046410606592, 0.000348051107721, 0.000172963016666, 4.39718751295e-005, 6.26529390502e-006, 3.45015314451e-006, 1.29349905365e-006, 4.7983842677e-008, 4.87043017028e-010]
        min: [1.93535919879e-024, 3.50728347322e-024, 1.66662233238e-023, 2.43696457008e-023, 6.12544182017e-023, 3.99507908495e-023, 2.77184201969e-023, 5.31898426805e-023, 9.23102185878e-023, 4.66138571538e-023, 5.32613071676e-023, 9.44737926827e-023, 8.3370670105e-023, 9.74237159496e-023, 5.93680624507e-023, 1.18176904561e-022, 1.58145735082e-022, 2.26146176201e-022, 2.31165224824e-022, 2.17599922211e-022, 3.13619465749e-022, 4.33444710949e-022, 5.91657997768e-022, 6.43442715093e-022, 1.047658678e-021, 1.62902286137e-021, 2.42079394389e-021]
        var: [4.23867581659e-012, 1.06578497139e-008, 7.79279574203e-008, 1.66600329976e-007, 3.27571285652e-007, 1.46064351725e-007, 6.04203123089e-008, 1.13553392111e-006, 3.59263736982e-007, 1.85541523479e-007, 2.46004418614e-007, 4.06098550343e-008, 4.51128236989e-008, 1.93171203478e-008, 4.77894772644e-008, 1.32521336127e-007, 1.21911355677e-007, 1.35277417712e-007, 2.22215390977e-007, 1.78533440476e-007, 3.69906487663e-008, 5.32367838701e-009, 8.5933551941e-011, 4.04043812297e-011, 1.52036664508e-011, 8.18981045632e-014, 3.55612803552e-018]
    frequency_bands:
        dmean: [1.0348763908e-006, 7.57121451898e-005, 0.000162430573255, 0.000194074877072, 0.000252922211075, 0.000172423300683, 0.00010464063962, 0.000197961824597, 0.000192584455363, 0.000132626912091, 0.000130726635689, 9.22056715353e-005, 9.05300839804e-005, 5.74210789637e-005, 9.87137827906e-005, 0.000163273696671, 0.000198435547645, 0.000209683072171, 0.000304655957734, 0.000225529322051, 0.000124260201119, 4.63624091935e-005, 4.59099419459e-006, 2.13892622014e-006, 1.10847872747e-006, 6.33024299646e-008, 5.87508097727e-010, 6.41293892989e-011]
        dmean2: [1.44975319927e-006, 0.000128554689582, 0.000269777345238, 0.000312633143039, 0.000431992259109, 0.000296382902889, 0.000175287481397, 0.000307490758132, 0.00030324771069, 0.000207907054573, 0.000209197140066, 0.000151206564624, 0.000148329592776, 9.69895118033e-005, 0.000162858035765, 0.000271128898021, 0.000333524454618, 0.000353978044586, 0.000522294722032, 0.000381554127671, 0.000215913678403, 8.39838103275e-005, 7.75858916313e-006, 3.40770975527e-006, 1.73938838088e-006, 9.4797002248e-008, 9.44931577429e-010, 1.18510187774e-010]
        dvar: [2.15777482687e-012, 1.00899404387e-008, 4.89874487641e-008, 1.21055364843e-007, 3.8496665411e-007, 1.44926175949e-007, 4.48075674342e-008, 1.38448186249e-007, 1.25869789258e-007, 4.99998122905e-008, 5.48272467427e-008, 1.81975732261e-008, 1.86193975793e-008, 1.03216297731e-008, 2.45119480269e-008, 6.99742557231e-008, 7.63691616612e-008, 9.55927390578e-008, 1.59235369779e-007, 9.60420507568e-008, 2.9772341037e-008, 6.13837025654e-009, 4.97011078127e-011, 1.73529992459e-011, 7.56161105953e-012, 4.09974924018e-014, 1.70058273357e-018, 7.34417799851e-021]
        dvar2: [4.60327175683e-012, 2.83573271531e-008, 1.24906804899e-007, 2.93089783554e-007, 1.05715923837e-006, 3.92518842318e-007, 1.09312516372e-007, 3.10629388878e-007, 3.01325457031e-007, 1.17375158482e-007, 1.37261181976e-007, 4.64713068027e-008, 4.85715254683e-008, 2.72637201704e-008, 6.35502530599e-008, 1.80692865115e-007, 1.96608297642e-007, 2.60211038494e-007, 4.21646177529e-007, 2.44343738132e-007, 8.21091390435e-008, 1.72191558789e-008, 1.23658472351e-010, 3.60741644889e-011, 1.63089455135e-011, 8.62202426425e-014, 3.4844677247e-018, 2.31357990622e-020]
        max: [1.37851566251e-005, 0.00101353775244, 0.00286232540384, 0.00475830212235, 0.00961580406874, 0.00574685866013, 0.00513247773051, 0.00692432839423, 0.00813072919846, 0.0055161989294, 0.00621106382459, 0.00301372539252, 0.00298444507644, 0.00217079604045, 0.00327028869651, 0.00770858535543, 0.00526012806222, 0.00704846670851, 0.0095321116969, 0.00727028679103, 0.00239159073681, 0.000798442750238, 0.000159453833476, 7.85024531069e-005, 5.35695944563e-005, 4.77836283608e-006, 3.25917035582e-008, 1.02748054509e-009]
        mean: [1.52861832703e-006, 0.000110811866762, 0.000228068136494, 0.000239244822296, 0.000299398583593, 0.000210727201193, 0.000137315641041, 0.000500836351421, 0.00035350289545, 0.000245611299761, 0.000268936302746, 0.0001689006167, 0.0001708966156, 0.000100474513602, 0.000181393857929, 0.000311475654598, 0.000373014860088, 0.000383806967875, 0.000567310140468, 0.000449897837825, 0.000224314411753, 6.53375318507e-005, 8.74124452821e-006, 4.87699162477e-006, 2.28094950216e-006, 1.16464576649e-007, 9.44675004888e-010, 5.05746521051e-011]
        median: [4.73451279959e-007, 8.91852250788e-005, 0.000139199197292, 8.97578938748e-005, 0.000128359097289, 9.51290858211e-005, 6.26086184639e-005, 9.85070728348e-005, 0.000156539361342, 9.72782290773e-005, 8.87467031134e-005, 9.48895030888e-005, 9.4767063274e-005, 6.13708616584e-005, 0.000111085828394, 0.000214760410017, 0.000291143544018, 0.000292597716907, 0.00046410606592, 0.000348051107721, 0.000172963016666, 4.39718751295e-005, 6.26529390502e-006, 3.45015314451e-006, 1.29349905365e-006, 4.7983842677e-008, 4.87043017028e-010, 2.06638438999e-011]
        min: [1.93535919879e-024, 3.50728347322e-024, 1.66662233238e-023, 2.43696457008e-023, 6.12544182017e-023, 3.99507908495e-023, 2.77184201969e-023, 5.31898426805e-023, 9.23102185878e-023, 4.66138571538e-023, 5.32613071676e-023, 9.44737926827e-023, 8.3370670105e-023, 9.74237159496e-023, 5.93680624507e-023, 1.18176904561e-022, 1.58145735082e-022, 2.26146176201e-022, 2.31165224824e-022, 2.17599922211e-022, 3.13619465749e-022, 4.33444710949e-022, 5.91657997768e-022, 6.43442715093e-022, 1.047658678e-021, 1.62902286137e-021, 2.42079394389e-021, 8.03869255311e-022]
        var: [4.23867581659e-012, 1.06578497139e-008, 7.79279574203e-008, 1.66600329976e-007, 3.27571285652e-007, 1.46064351725e-007, 6.04203123089e-008, 1.13553392111e-006, 3.59263736982e-007, 1.85541523479e-007, 2.46004418614e-007, 4.06098550343e-008, 4.51128236989e-008, 1.93171203478e-008, 4.77894772644e-008, 1.32521336127e-007, 1.21911355677e-007, 1.35277417712e-007, 2.22215390977e-007, 1.78533440476e-007, 3.69906487663e-008, 5.32367838701e-009, 8.5933551941e-011, 4.04043812297e-011, 1.52036664508e-011, 8.18981045632e-014, 3.55612803552e-018, 6.00391397332e-021]
    mfcc:
        mean: [-688.250244141, 93.9218521118, -55.4944877625, 48.6954727173, -17.706943512, -4.30238676071, 4.11200380325, -0.319807469845, 4.66609859467, -1.57285928726, -2.72944736481, -0.949117422104, -2.37846064568]
        cov: [[5001.83007813, 875.692016602, -262.427062988, 370.919525146, -61.8396072388, 134.347061157, 99.3335037231, 88.9310150146, 81.5517120361, -14.8166265488, 9.10991096497, 23.1664428711, 21.3000411987], [875.692016602, 564.395446777, -89.9579696655, 53.8291854858, -30.3564434052, 39.8104476929, 70.00025177, 57.2449150085, 46.9835891724, 10.8911037445, 10.1434488297, 32.1808395386, 14.3555498123], [-262.427062988, -89.9579696655, 338.865600586, 65.3673171997, 83.2095794678, 42.3393325806, 16.0332508087, -3.69982481003, -15.3852033615, -15.4311180115, -5.13575839996, -6.24655580521, -1.99389731884], [370.919525146, 53.8291854858, 65.3673171997, 310.86920166, 98.4378585815, 41.3986206055, -20.246099472, -43.4582672119, 0.576284825802, -1.97765088081, -14.2421474457, -25.8423156738, 3.50701904297], [-61.8396072388, -30.3564434052, 83.2095794678, 98.4378585815, 189.78175354, 83.3391723633, 31.4397258759, 2.68213105202, 19.8497085571, 19.5279636383, 8.48188972473, -2.07910490036, 5.94918775558], [134.347061157, 39.8104476929, 42.3393325806, 41.3986206055, 83.3391723633, 159.998382568, 109.906356812, 60.631313324, 14.8633108139, -7.19740152359, -2.91028952599, 0.263960331678, 4.80687427521], [99.3335037231, 70.00025177, 16.0332508087, -20.246099472, 31.4397258759, 109.906356812, 181.707473755, 105.398277283, 16.6276073456, -16.0409145355, -9.54263401031, 16.8505878448, 4.75499677658], [88.9310150146, 57.2449150085, -3.69982481003, -43.4582672119, 2.68213105202, 60.631313324, 105.398277283, 134.279159546, 52.643989563, 8.29564380646, -2.5773229599, 15.1658420563, 4.22513389587], [81.5517120361, 46.9835891724, -15.3852033615, 0.576284825802, 19.8497085571, 14.8633108139, 16.6276073456, 52.643989563, 96.3570404053, 58.3604164124, 18.6675834656, 8.34599971771, 2.53501868248], [-14.8166265488, 10.8911037445, -15.4311180115, -1.97765088081, 19.5279636383, -7.19740152359, -16.0409145355, 8.29564380646, 58.3604164124, 109.423576355, 53.6298141479, 22.1507453918, 0.853223562241], [9.10991096497, 10.1434488297, -5.13575839996, -14.2421474457, 8.48188972473, -2.91028952599, -9.54263401031, -2.5773229599, 18.6675834656, 53.6298141479, 77.0079040527, 41.073841095, 5.71262979507], [23.1664428711, 32.1808395386, -6.24655580521, -25.8423156738, -2.07910490036, 0.263960331678, 16.8505878448, 15.1658420563, 8.34599971771, 22.1507453918, 41.073841095, 76.8056182861, 28.8216152191], [21.3000411987, 14.3555498123, -1.99389731884, 3.50701904297, 5.94918775558, 4.80687427521, 4.75499677658, 4.22513389587, 2.53501868248, 0.853223562241, 5.71262979507, 28.8216152191, 56.7836685181]]
        icov: [[0.000323868065607, -0.000389447057387, 0.000190555714653, -0.000431594060501, 0.000285299523966, -0.000282580003841, 0.000127093386254, -0.00013624971325, -0.000109182947199, 0.000225569587201, -0.000214562023757, -6.25357051831e-006, 3.00882711599e-005], [-0.000389447057387, 0.00272424938157, 0.000339258753229, -0.000362931168638, 0.000564771762583, 3.99998862122e-005, -0.000953103299253, 0.000219247827772, -0.00105889781844, 0.000161289455718, 0.000110130626126, -0.000926652282942, -3.25749397234e-006], [0.000190555714653, 0.000339258753229, 0.00367861101404, -0.00078637158731, -0.00106094579678, -0.000334926880896, 4.59372276964e-005, -0.000494895153679, 0.000469298276585, 0.000673203787301, -0.000315353769111, -0.000313910131808, 0.000352964329068], [-0.000431594060501, -0.000362931168638, -0.00078637158731, 0.00528070749715, -0.00241797394119, -0.000557528401259, 0.000574196048547, 0.00204995647073, -0.000367554108379, -0.000306408968754, 0.00112973456271, 0.00118556700181, -0.000694594928063], [0.000285299523966, 0.000564771762583, -0.00106094579678, -0.00241797394119, 0.00972273480147, -0.00494748586789, -0.000240561988903, 0.00196335627697, -0.00220928480849, -0.00101593707222, -0.000386415194953, -0.000334550946718, -0.000540910754353], [-0.000282580003841, 3.99998862122e-005, -0.000334926880896, -0.000557528401259, -0.00494748586789, 0.0150717264041, -0.007759839762, -0.00122421933338, 0.000481592636788, 0.00100551568903, -0.00228094961494, 0.00293867732398, -0.00119678163901], [0.000127093386254, -0.000953103299253, 4.59372276964e-005, 0.000574196048547, -0.000240561988903, -0.007759839762, 0.0165368597955, -0.0101571138948, 0.00389359844849, 0.000422634708229, 0.00203777244315, -0.0032294082921, 0.00146647891961], [-0.00013624971325, 0.000219247827772, -0.000494895153679, 0.00204995647073, 0.00196335627697, -0.00122421933338, -0.0101571138948, 0.0212025269866, -0.0115639204159, 0.00202762917615, 0.00177630630787, -0.00164129363839, 0.000162698168424], [-0.000109182947199, -0.00105889781844, 0.000469298276585, -0.000367554108379, -0.00220928480849, 0.000481592636788, 0.00389359844849, -0.0115639204159, 0.0239098072052, -0.012205388397, 0.00227358704433, 0.00182794057764, -0.000967624597251], [0.000225569587201, 0.000161289455718, 0.000673203787301, -0.000306408968754, -0.00101593707222, 0.00100551568903, 0.000422634708229, 0.00202762917615, -0.012205388397, 0.0218901578337, -0.0124869076535, 0.000646526692435, 0.000896272598766], [-0.000214562023757, 0.000110130626126, -0.000315353769111, 0.00112973456271, -0.000386415194953, -0.00228094961494, 0.00203777244315, 0.00177630630787, 0.00227358704433, -0.0124869076535, 0.0287769380957, -0.0140473991632, 0.00422364519909], [-6.25357051831e-006, -0.000926652282942, -0.000313910131808, 0.00118556700181, -0.000334550946718, 0.00293867732398, -0.0032294082921, -0.00164129363839, 0.00182794057764, 0.000646526692435, -0.0140473991632, 0.0263159591705, -0.0117040565237], [3.00882711599e-005, -3.25749397234e-006, 0.000352964329068, -0.000694594928063, -0.000540910754353, -0.00119678163901, 0.00146647891961, 0.000162698168424, -0.000967624597251, 0.000896272598766, 0.00422364519909, -0.0117040565237, 0.0232240334153]]
    sccoeffs:
        dmean: [0.0585383102298, 0.0494057461619, 0.039151981473, 0.0302130859345, 0.0199986882508, 0.0193095002323]
        dmean2: [0.0952865704894, 0.081642486155, 0.0641207769513, 0.0503227002919, 0.0334509089589, 0.0320101194084]
        dvar: [0.0024049913045, 0.00163707218599, 0.000989174470305, 0.000581630505621, 0.000272391014732, 0.000302929227473]
        dvar2: [0.00632947590202, 0.00438825646415, 0.00261625880376, 0.00156374799553, 0.000729384308215, 0.000794437422883]
        max: [-0.290916264057, -0.411680191755, -0.481010824442, -0.49917241931, -0.582537770271, -0.604763448238]
        mean: [-0.68633055687, -0.737974703312, -0.761944830418, -0.785254478455, -0.79889267683, -0.744384050369]
        median: [-0.693915247917, -0.749524176121, -0.773708999157, -0.787792861462, -0.800722122192, -0.74309450388]
        min: [-0.967149436474, -0.973109781742, -0.961952865124, -0.969773650169, -0.964585006237, -0.961784958839]
        var: [0.00619852170348, 0.00663243280724, 0.00514308735728, 0.00203076563776, 0.000945055740885, 0.00114520383067]
    scvalleys:
        dmean: [0.364714205265, 0.389237105846, 0.304047167301, 0.245703950524, 0.254777997732, 0.229797825217]
        dmean2: [0.603193998337, 0.647252619267, 0.497438251972, 0.399551331997, 0.41418799758, 0.362687885761]
        dvar: [0.103464573622, 0.130309253931, 0.0825117453933, 0.0662048980594, 0.0925786867738, 0.0831256732345]
        dvar2: [0.251276940107, 0.32640093565, 0.186910569668, 0.144855633378, 0.200334712863, 0.172361180186]
        max: [-5.28281068802, -4.64205551147, -5.13951063156, -5.64177131653, -5.30883979797, -7.78619194031]
        mean: [-6.93655109406, -6.691010952, -6.8171339035, -6.98731660843, -6.72064685822, -9.4741563797]
        median: [-6.54399442673, -6.51076984406, -6.68088436127, -6.78993988037, -6.52891874313, -9.29579162598]
        min: [-27.4263763428, -27.6874065399, -27.7190055847, -27.2190074921, -27.2214126587, -27.3575668335]
        var: [2.77370929718, 1.9512540102, 1.85780489445, 1.62287938595, 1.55196237564, 1.37833034992]

rhythm:
    beats_loudness:
        dmean: 0.00171915849205
        dmean2: 0.00292474147864
        dvar: 1.63609001902e-006
        dvar2: 4.90566480948e-006
        max: 0.0126619059592
        mean: 0.00639664428309
        median: 0.00658678542823
        min: 2.24980754512e-012
        var: 4.51185496786e-006
    bpm: 115.694198608
    bpm_confidence: 0
    first_peak_bpm: 115
    first_peak_spread: 0.491139233112
    first_peak_weight: 0.484337359667
    onset_rate: 3.46835827827
    second_peak_bpm: 110
    second_peak_spread: 0.352941185236
    second_peak_weight: 0.0265060234815
    beats_loudness_band_ratio:
        dmean: [0.143008038402, 0.0999317914248, 0.109844587743, 0.0946817621589, 0.0919740870595, 0.0870673730969]
        dmean2: [0.264733284712, 0.184091076255, 0.189838334918, 0.173719286919, 0.152447938919, 0.150673404336]
        dvar: [0.0115428678691, 0.00586044415832, 0.013584241271, 0.0110704489052, 0.00761808268726, 0.00714582204819]
        dvar2: [0.0339245386422, 0.0164955500513, 0.037050973624, 0.0325667411089, 0.0203313156962, 0.0204151012003]
        max: [0.797003984451, 0.503181934357, 0.877751469612, 0.664762496948, 0.768804132938, 0.742831707001]
        mean: [0.214779287577, 0.115110479295, 0.173754602671, 0.1282530725, 0.220435276628, 0.201539173722]
        median: [0.216711059213, 0.103476777673, 0.118582896888, 0.0838905274868, 0.196008846164, 0.175293818116]
        min: [0, 0, 0, 0, 0, 0]
        var: [0.0194074623287, 0.00812696292996, 0.023267833516, 0.0134035758674, 0.011344040744, 0.00999874435365]
    beats_position: [0.53405892849, 1.06811785698, 1.59056687355, 2.11301589012, 2.62385487556, 3.13469386101, 3.65714287758, 4.17959165573, 4.69043064117, 5.20126962662, 5.72371864319, 6.24616765976, 6.7570066452, 7.26784563065, 7.79029464722, 8.31274318695, 8.83519268036, 9.35764122009, 9.8800907135, 10.4025392532, 10.9249887466, 11.4590473175, 11.9931058884, 12.538775444, 13.0728340149, 13.5952835083, 14.117732048, 14.6401815414, 15.1626300812, 15.6850786209, 16.2075271606, 16.7415866852, 17.298866272, 17.8561439514, 18.3785934448, 18.9010429382, 19.4118824005, 19.9343299866, 20.4451694489, 20.9676189423, 21.4900684357, 22.0125160217, 22.523355484, 23.0458049774, 23.5682544708, 24.0790920258, 24.589931488, 25.1123809814, 25.6348285675, 26.1456680298, 26.6565074921, 27.1789569855, 27.7014045715, 28.2122440338, 28.7230834961, 29.2455329895, 29.7795906067, 30.3020401001, 30.8477096558, 31.3933773041, 31.9506568909, 32.4731063843, 32.9955558777, 33.5063934326, 34.0172348022, 34.5512924194, 35.0737419128, 35.5961914063, 36.1070289612, 36.6294784546, 37.151927948, 37.6627655029, 38.1736030579, 38.6960525513, 39.2185020447, 39.7293434143, 40.251789093, 40.7742385864, 41.2850799561, 41.795917511, 42.3183670044, 42.8408164978, 43.3516540527, 43.8624954224, 44.3733329773, 44.9073905945, 45.4182319641, 45.929069519, 46.4515190125, 46.9739685059, 47.4848060608, 48.0072555542, 48.5297050476, 49.0405426025, 49.5629920959, 50.0854415894, 50.5962791443, 51.1071205139, 51.6179580688, 52.1287956238, 52.6512451172, 53.1736946106, 53.696144104, 54.2185935974, 54.7294311523, 55.240272522, 55.7627182007, 56.2851676941, 56.7960090637, 57.3068466187, 57.8292961121, 58.3517456055, 58.8625831604, 59.37342453, 59.884262085, 60.4067115784, 60.9175491333, 61.4399986267, 61.9624481201, 62.4848976135, 63.0073471069, 63.5297966003, 64.0406341553, 64.5514755249, 65.0739212036, 65.5963668823, 66.107208252, 66.6180496216, 67.1288909912, 67.6513366699, 68.1737823486, 68.6846237183, 69.2186813354, 69.7295227051, 70.2519683838, 70.7744216919, 71.2852630615, 71.8077087402, 72.3301544189, 72.8409957886, 73.3518371582, 73.8742828369, 74.396736145, 74.9075698853, 75.4184112549, 75.9292526245, 76.4400863647, 76.9625396729, 77.4849853516, 77.9958267212, 78.5066680908, 78.982673645, 79.4586868286, 79.9463043213, 80.4571380615, 80.9679794312, 81.4788208008, 81.9896621704, 82.5121078491, 83.0345535278, 83.5570068359, 84.0794525146, 84.5902938843, 85.112739563, 85.6351928711, 86.1576385498, 86.6800918579, 87.1909255981, 87.7017669678, 88.2242126465, 88.7466659546, 89.2575073242, 89.7683410645, 90.3023986816, 90.8132400513, 91.3240814209, 91.8349151611, 92.3689804077, 92.9030380249, 93.460319519, 94.0175933838, 94.5400466919, 95.0624923706, 95.5965499878, 96.1073913574, 96.6298370361, 97.1522903442, 97.6631240845, 98.1739654541, 98.6848068237, 99.2188644409, 99.7297058105, 100.252151489, 100.774604797, 101.285438538, 101.796279907, 102.318725586, 102.841178894, 103.352012634, 103.862854004, 104.373695374, 104.896141052, 105.41859436, 105.929428101, 106.44026947, 106.974327087, 107.485168457, 107.996009827, 108.518455505, 109.040908813, 109.551742554, 110.062583923, 110.585029602, 111.10748291, 111.61831665, 112.12915802, 112.651611328, 113.174057007, 113.684898376, 114.207344055, 114.729797363, 115.240631104, 115.751472473, 116.262313843, 116.784759521, 117.3072052, 117.829658508, 118.352104187, 118.862945557, 119.385391235, 119.896232605, 120.418685913, 120.929519653, 121.463577271, 121.97441864, 122.48526001, 123.007705688, 123.530158997, 124.040992737, 124.551834106, 125.074279785, 125.596733093, 126.119178772, 126.64163208, 127.15246582, 127.66330719, 128.17414856, 128.6849823, 129.195831299, 129.729888916, 130.240722656, 130.763168335, 131.285614014, 131.796463013, 132.307296753, 132.829742432, 133.352203369, 133.874649048, 134.397094727, 134.907928467, 135.418777466, 135.941223145, 136.463668823, 136.974502563, 137.485351563, 138.007797241, 138.53024292, 139.041091919, 139.551925659, 140.074371338, 140.596817017, 141.119277954, 141.641723633, 142.152557373, 142.663391113, 143.185852051, 143.696685791, 144.21913147, 144.729980469, 145.240814209, 145.763259888, 146.285705566, 146.796554565, 147.319000244, 147.841445923, 148.352294922, 148.863128662, 149.373962402, 149.896408081, 150.418869019, 150.929702759, 151.440536499, 151.962997437, 152.485443115, 153.007888794, 153.518722534, 154.041183472, 154.552017212, 155.074462891, 155.596908569, 156.107757568, 156.618591309, 157.141036987, 157.663482666, 158.174331665, 158.685165405, 159.207611084, 159.730072021, 160.240905762, 160.76335144, 161.285797119, 161.796646118, 162.319091797, 162.841537476, 163.352371216, 163.863220215, 164.385665894, 164.908111572, 165.418960571, 165.94140625, 166.45223999, 166.974685669, 167.485534668, 168.007980347, 168.530426025, 169.041259766, 169.563720703, 170.086166382, 170.597000122, 171.107849121, 171.618682861, 172.14112854, 172.663574219, 173.174423218, 173.685256958, 174.207702637, 174.730148315, 175.252609253, 175.775054932, 176.285888672, 176.796737671, 177.307571411, 177.818405151, 178.352462769, 178.863311768, 179.385757446, 179.908203125, 180.419036865, 180.941497803, 181.463943481, 181.974777222, 182.485626221, 182.996459961, 183.507293701, 184.029754639, 184.552200317, 185.063034058, 185.585479736, 186.096328735, 186.618774414, 187.141220093, 187.663665771, 188.174514771, 188.696960449, 189.207794189, 189.718643188, 190.241088867, 190.763534546, 191.274368286, 191.796829224, 192.319274902, 192.841720581, 193.352554321, 193.86340332, 194.374237061, 194.896682739, 195.419128418, 195.941589355, 196.464035034, 196.974868774, 197.485717773, 198.008163452, 198.530609131, 199.05305481, 199.563903809, 200.074737549, 200.597183228, 201.119628906, 201.630477905, 202.152923584, 202.663757324, 203.174606323, 203.697052002, 204.219497681, 204.730331421, 205.24118042, 205.763626099, 206.286071777, 206.796905518, 207.307754517, 207.830200195, 208.352645874, 208.875091553, 209.39755249, 209.943222046, 210.488891602, 211.046157837, 211.580215454, 212.11428833, 212.648345947, 213.194015503, 213.739685059, 214.285354614, 214.831008911, 215.376678467, 215.922348022]
