
metadata:
    version:
        essentia: "2.1-beta2"
    audio_properties:
        analysis_sample_rate: 44100
        bitrate: 320
        channels: 2
        equal_loudness: 1
        length: 198.556732178
        replay_gain: -14.0933380127
        downmix: "mix"
    tags:
        album: "Incomparable"
        artist: "Dead By April"
        comment: "-=Titan=-"
        date: "2011"
        genre: "Modern Metal"
        title: "Last Goodbye"
        tracknumber: "13"

configuration:
    average_loudness:
        compute: 1
        frameSize: 88200
        hopSize: 44100
        silentFrames: "noise"
        windowType: "hann"
    general:
        analysisSampleRate: 44100
        endTime: 2000
        equalLoudness: 1
        nequalLoudness: 0
        shortSound: 0
        startTime: 0
    lowlevel:
        compute: 1
        frameSize: 2048
        hopSize: 1024
        zeroPadding: 0
        silentFrames: "noise"
        windowType: "blackmanharris62"
        mfccStats: ["mean", "cov", "icov"]
        stats: ["mean", "var", "median", "min", "max", "dmean", "dmean2", "dvar", "dvar2"]
    panning:
        compute: 0
        frameSize: 8192
        hopSize: 2048
        zeroPadding: 8192
        silentFrames: "noise"
        windowType: "hann"
        stats: ["copy"]
    rhythm:
        compute: 1
        maxTempo: 208
        minTempo: 40
        method: "degara"
        stats: ["mean", "var", "median", "min", "max", "dmean", "dmean2", "dvar", "dvar2"]
    segmentation:
        compute: 0
        cpw: 5
        inc1: 300
        inc2: 50
        minimumSegmentsLength: 10
        size1: 1000
        size2: 600
    sfx:
        compute: 1
        stats: ["mean", "var", "median", "min", "max", "dmean", "dmean2", "dvar", "dvar2"]
    svm:
        compute: 0
    tonal:
        compute: 1
        frameSize: 4096
        hopSize: 2048
        zeroPadding: 0
        silentFrames: "noise"
        windowType: "blackmanharris62"
        stats: ["mean", "var", "median", "min", "max", "dmean", "dmean2", "dvar", "dvar2"]

lowlevel:
    average_loudness: 0.925511419773
    barkbands_kurtosis:
        dmean: 1.26932656765
        dmean2: 2.04997587204
        dvar: 40.2096862793
        dvar2: 93.7238235474
        max: 436.145324707
        mean: 1.25095903873
        median: -0.846786916256
        min: -1.92370343208
        var: 236.497711182
    barkbands_skewness:
        dmean: 0.423323273659
        dmean2: 0.66171336174
        dvar: 0.21439999342
        dvar2: 0.514356374741
        max: 17.0482559204
        mean: 0.0852776765823
        median: -0.171505331993
        min: -3.21451163292
        var: 1.82664310932
    barkbands_spread:
        dmean: 5.02452230453
        dmean2: 7.93230867386
        dvar: 26.6267223358
        dvar2: 66.9319992065
        max: 85.1432266235
        mean: 29.2265319824
        median: 29.5484333038
        min: 0.475667387247
        var: 193.899642944
    dissonance:
        dmean: 0.0177173558623
        dmean2: 0.0299658067524
        dvar: 0.000588520430028
        dvar2: 0.00161268003285
        max: 0.500000059605
        mean: 0.469429284334
        median: 0.480906695127
        min: 0.0743072330952
        var: 0.00127619085833
    hfc:
        dmean: 2.83406281471
        dmean2: 4.73830842972
        dvar: 24.8861942291
        dvar2: 67.4996261597
        max: 64.0399856567
        mean: 8.51491069794
        median: 8.09841156006
        min: 1.15294088139e-016
        var: 44.1845245361
    pitch:
        dmean: 649.940795898
        dmean2: 1248.68103027
        dvar: 1465252.625
        dvar2: 3702952.25
        max: 5479.23632813
        mean: 1183.91027832
        median: 369.007019043
        min: 61.5667076111
        var: 2242277.75
    pitch_instantaneous_confidence:
        dmean: 0.0893547907472
        dmean2: 0.143010720611
        dvar: 0.00625199312344
        dvar2: 0.0148751931265
        max: 0.948380768299
        mean: 0.442920058966
        median: 0.412777423859
        min: 0.132971167564
        var: 0.0273649897426
    pitch_salience:
        dmean: 0.0632787644863
        dmean2: 0.102998800576
        dvar: 0.00360942725092
        dvar2: 0.00953132472932
        max: 0.898049294949
        mean: 0.616319715977
        median: 0.637693583965
        min: 0.0483824647963
        var: 0.0124626634642
    silence_rate_20dB:
        dmean: 0
        dmean2: 0
        dvar: 0
        dvar2: 0
        max: 1
        mean: 1
        median: 1
        min: 1
        var: 0
    silence_rate_30dB:
        dmean: 0
        dmean2: 0
        dvar: 0
        dvar2: 0
        max: 1
        mean: 1
        median: 1
        min: 1
        var: 0
    silence_rate_60dB:
        dmean: 0.073199249804
        dmean2: 0.146415621042
        dvar: 0.0678479894996
        dvar2: 0.14299377799
        max: 1
        mean: 0.319069325924
        median: 0
        min: 0
        var: 0.217259436846
    spectral_centroid:
        dmean: 273.031433105
        dmean2: 430.897277832
        dvar: 107642.632813
        dvar2: 258107.359375
        max: 10797.8398438
        mean: 1764.21362305
        median: 1839.79296875
        min: 86.737991333
        var: 593326.125
    spectral_complexity:
        dmean: 3.85056138039
        dmean2: 6.24885988235
        dvar: 19.9124393463
        dvar2: 50.534538269
        max: 51
        mean: 14.5435523987
        median: 14
        min: 0
        var: 74.7185821533
    spectral_crest:
        dmean: 2.0381231308
        dmean2: 3.29350042343
        dvar: 4.00666570663
        dvar2: 9.69223022461
        max: 25.6450176239
        mean: 7.62368249893
        median: 6.45981931686
        min: 2.31447649002
        var: 15.1264677048
    spectral_decrease:
        dmean: 2.77915968017e-010
        dmean2: 4.40233322019e-010
        dvar: 1.99487167523e-019
        dvar2: 5.08425891421e-019
        max: -1.8069321498e-029
        mean: -9.82919301507e-010
        median: -9.15918840771e-010
        min: -5.62236879276e-009
        var: 4.04024634577e-019
    spectral_energy:
        dmean: 0.00126995379105
        dmean2: 0.00202296394855
        dvar: 4.14806345361e-006
        dvar2: 1.0642333109e-005
        max: 0.0270287264138
        mean: 0.00448210211471
        median: 0.00421279575676
        min: 1.06931035268e-020
        var: 8.55084454088e-006
    spectral_energyband_high:
        dmean: 0.000246017647441
        dmean2: 0.000425218197051
        dvar: 2.17974658767e-007
        dvar2: 6.05063860348e-007
        max: 0.0050124716945
        mean: 0.000504611234646
        median: 0.000426393846283
        min: 7.47760206976e-021
        var: 2.86647889425e-007
    spectral_energyband_low:
        dmean: 0.000195192274987
        dmean2: 0.000314257282298
        dvar: 1.17303791569e-007
        dvar2: 2.89398087716e-007
        max: 0.00569206662476
        mean: 0.000379955221433
        median: 0.000280310719972
        min: 4.03051661008e-023
        var: 2.30401582257e-007
    spectral_energyband_middle_high:
        dmean: 0.000744616263546
        dmean2: 0.00120031565893
        dvar: 1.16831461128e-006
        dvar2: 3.00113970297e-006
        max: 0.0160981342196
        mean: 0.00240252539515
        median: 0.00207486259751
        min: 1.52615257205e-021
        var: 3.37028859576e-006
    spectral_energyband_middle_low:
        dmean: 0.000606541871093
        dmean2: 0.000967533676885
        dvar: 1.57307624704e-006
        dvar2: 4.16020975536e-006
        max: 0.0160156823695
        mean: 0.00131296052132
        median: 0.000895077013411
        min: 4.12546838936e-022
        var: 2.010977596e-006
    spectral_flatness_db:
        dmean: 0.0152641003951
        dmean2: 0.0235249437392
        dvar: 0.000256087485468
        dvar2: 0.000598370970692
        max: 0.520175933838
        mean: 0.162058889866
        median: 0.131226152182
        min: 0.0516251772642
        var: 0.00636281492189
    spectral_flux:
        dmean: 0.00843810010701
        dmean2: 0.0131178963929
        dvar: 0.000108599073428
        dvar2: 0.000216237793211
        max: 0.142830148339
        mean: 0.0378887243569
        median: 0.0370416417718
        min: 1.04790003064e-010
        var: 0.000353872484993
    spectral_kurtosis:
        dmean: 3.47449398041
        dmean2: 5.86451244354
        dvar: 167.436248779
        dvar2: 467.897918701
        max: 361.582305908
        mean: 10.8420991898
        median: 2.81390142441
        min: -1.25556206703
        var: 1012.24298096
    spectral_rms:
        dmean: 0.000267690367764
        dmean2: 0.000413779343944
        dvar: 1.16413154672e-007
        dvar2: 2.7841323913e-007
        max: 0.00513512315229
        mean: 0.00196035369299
        median: 0.00202732463367
        min: 3.22990635973e-012
        var: 5.29794647264e-007
    spectral_rolloff:
        dmean: 352.862243652
        dmean2: 580.439208984
        dvar: 258060.84375
        dvar2: 554792.125
        max: 19056.8847656
        mean: 3170.32250977
        median: 3574.51171875
        min: 64.599609375
        var: 1840843.5
    spectral_skewness:
        dmean: 0.282584369183
        dmean2: 0.472166031599
        dvar: 0.393646776676
        dvar2: 1.13178658485
        max: 15.4864997864
        mean: 1.74851191044
        median: 1.24163269997
        min: 0.0128996679559
        var: 2.85822033882
    spectral_spread:
        dmean: 413334.96875
        dmean2: 609198.5625
        dvar: 493289734144
        dvar2: 781430423552
        max: 42205760
        mean: 4748514
        median: 4818359.5
        min: 258761.234375
        var: 4.68788759757e+012
    spectral_strongpeak:
        dmean: 0.50178861618
        dmean2: 0.849521577358
        dvar: 0.59541785717
        dvar2: 1.45801007748
        max: 9.97045898438
        mean: 0.900632739067
        median: 0.493657201529
        min: 9.46851264061e-010
        var: 1.21292614937
    zerocrossingrate:
        dmean: 0.00814913585782
        dmean2: 0.0098429415375
        dvar: 8.49002608447e-005
        dvar2: 0.000105449515104
        max: 0.521484375
        mean: 0.0977240130305
        median: 0.10400390625
        min: 0.00390625
        var: 0.00150094088167
    barkbands:
        dmean: [5.08858363446e-007, 6.33489908068e-005, 0.000124835336464, 0.000134262561915, 0.0002160185104, 0.000183909462066, 0.000103252190456, 6.74549664836e-005, 0.000169623657712, 0.000103799422504, 9.51698748395e-005, 8.54703903315e-005, 5.54668076802e-005, 8.82078675204e-005, 9.93987632683e-005, 0.000133578665555, 0.000135251975735, 0.000179445400136, 0.000242968962993, 0.000198897352675, 0.000111356392154, 4.58816284663e-005, 7.67794335843e-006, 2.20622541747e-006, 1.02186402273e-006, 5.16877705081e-008, 5.39673472577e-010]
        dmean2: [6.90716944973e-007, 0.000102885780507, 0.000206738463021, 0.000217634078581, 0.000360277568689, 0.000311937241349, 0.000169519014889, 0.000107430838398, 0.000260989880189, 0.000157431466505, 0.000142422039062, 0.000132227723952, 8.97857971722e-005, 0.000141460463055, 0.00016066749231, 0.000216569169424, 0.000220095098484, 0.000298184197163, 0.000416461145505, 0.000338369776728, 0.000192502251593, 8.10482888483e-005, 1.27702796817e-005, 3.50814866579e-006, 1.5915760514e-006, 8.05584292607e-008, 8.7914941993e-010]
        dvar: [1.20824899565e-012, 1.13897540288e-008, 5.46090568321e-008, 9.94432127754e-008, 4.2603690531e-007, 2.41215246888e-007, 6.45589040005e-008, 3.10877616982e-008, 1.49624256096e-007, 6.12201702666e-008, 7.14837753435e-008, 2.51989611399e-008, 1.24151586789e-008, 3.32863336894e-008, 3.86860214974e-008, 7.14828161108e-008, 6.33148786733e-008, 9.5339721895e-008, 2.01968703095e-007, 1.14829461495e-007, 4.39857181789e-008, 9.4014396268e-009, 1.71742675636e-010, 1.7614583403e-011, 5.48588821939e-012, 2.77006641637e-014, 1.51338369594e-018]
        dvar2: [2.36774033539e-012, 3.12895380716e-008, 1.41165031664e-007, 2.63146347379e-007, 1.18878961075e-006, 6.48781110613e-007, 1.58710591336e-007, 7.62113501196e-008, 3.58141733159e-007, 1.33574630468e-007, 1.49833098817e-007, 5.49450192011e-008, 3.04213010338e-008, 7.89536755974e-008, 9.65711279832e-008, 1.7232720495e-007, 1.48631855268e-007, 2.43301371938e-007, 5.35687377123e-007, 3.0656991612e-007, 1.21811709164e-007, 2.65922057707e-008, 4.33579422365e-010, 3.92396531934e-011, 1.17571586147e-011, 5.78826266431e-014, 3.53483764733e-018]
        max: [1.15811799333e-005, 0.00103209051304, 0.00290365843102, 0.00503324437886, 0.0105957202613, 0.00623998325318, 0.00474022049457, 0.00767658185214, 0.00924584642053, 0.00541812228039, 0.00742674898356, 0.00316234235652, 0.00233182054944, 0.00366242835298, 0.00314412591979, 0.00608567241579, 0.00705685373396, 0.00674888351932, 0.00663665123284, 0.00497945118695, 0.00343467877246, 0.00116396241356, 0.00020747887902, 0.000115566093882, 6.32252995274e-005, 5.08700213686e-006, 3.08402867688e-008]
        mean: [8.26980567581e-007, 0.000103947349999, 0.000177667039679, 0.000191146813449, 0.000303729699226, 0.000234162725974, 0.000140612246469, 0.00010395157733, 0.000314371776767, 0.000197445755475, 0.000174229135155, 0.000171213061549, 9.21649407246e-005, 0.000159416740644, 0.000173869993887, 0.000246821378823, 0.000241297195316, 0.000325342931319, 0.000423914170824, 0.000396136834752, 0.00020703318296, 7.75924781919e-005, 1.68473161466e-005, 5.82878374189e-006, 2.42914438786e-006, 1.0321116406e-007, 8.83261963569e-010]
        median: [1.2349407541e-007, 5.49937976757e-005, 8.52551893331e-005, 6.80519005982e-005, 0.000132790373755, 9.58097152761e-005, 5.73021061427e-005, 5.38629719813e-005, 0.00012610774138, 4.73920408695e-005, 4.41023767053e-005, 6.14470918663e-005, 5.05487951159e-005, 6.6333617724e-005, 7.6482858276e-005, 0.000135121270432, 0.000147489728988, 0.000236074236454, 0.000319263141137, 0.000305680907331, 0.00017174880486, 5.77650171181e-005, 1.22115880004e-005, 4.47105594503e-006, 1.68393944477e-006, 5.02188406415e-008, 4.37052560809e-010]
        min: [5.61198606203e-024, 1.36379030601e-023, 7.73230099701e-024, 3.21513120356e-024, 5.42129510984e-023, 2.49475289124e-023, 1.32271097391e-022, 7.11274163273e-023, 4.3385705801e-023, 2.43852509473e-023, 5.79339827448e-023, 4.87974115177e-023, 6.8885845977e-023, 9.81853895526e-023, 9.46594716071e-023, 1.58574307434e-022, 1.16478960349e-022, 1.59009771276e-022, 2.51788093614e-022, 1.91278574677e-022, 3.87031593652e-022, 4.49723467884e-022, 6.76062580529e-022, 6.96048504092e-022, 1.08780773484e-021, 1.2841559967e-021, 2.41262331391e-021]
        var: [2.74551713829e-012, 1.8167012783e-008, 7.63771410561e-008, 1.26616143348e-007, 3.8942386027e-007, 2.39288311832e-007, 8.00754307306e-008, 4.12016589735e-008, 3.1501630815e-007, 2.00979641818e-007, 2.33001060224e-007, 1.02356558784e-007, 1.85457231794e-008, 8.07254778579e-008, 8.48431085387e-008, 1.72096790152e-007, 1.30299113721e-007, 1.46490876318e-007, 2.82349816416e-007, 1.98355664338e-007, 5.49367946689e-008, 9.56080370429e-009, 3.55175611144e-010, 4.49176078277e-011, 1.23933398266e-011, 5.96640724565e-014, 2.83695818582e-018]
    frequency_bands:
        dmean: [5.08858363446e-007, 6.33489908068e-005, 0.000124835336464, 0.000134262561915, 0.0002160185104, 0.000183909462066, 0.000103252190456, 6.74549664836e-005, 0.000169623657712, 0.000103799422504, 9.51698748395e-005, 8.54703903315e-005, 5.54668076802e-005, 8.82078675204e-005, 9.93987632683e-005, 0.000133578665555, 0.000135251975735, 0.000179445400136, 0.000242968962993, 0.000198897352675, 0.000111356392154, 4.58816284663e-005, 7.67794335843e-006, 2.20622541747e-006, 1.02186402273e-006, 5.16877705081e-008, 5.39673472577e-010, 5.27629502589e-011]
        dmean2: [6.90716944973e-007, 0.000102885780507, 0.000206738463021, 0.000217634078581, 0.000360277568689, 0.000311937241349, 0.000169519014889, 0.000107430838398, 0.000260989880189, 0.000157431466505, 0.000142422039062, 0.000132227723952, 8.97857971722e-005, 0.000141460463055, 0.00016066749231, 0.000216569169424, 0.000220095098484, 0.000298184197163, 0.000416461145505, 0.000338369776728, 0.000192502251593, 8.10482888483e-005, 1.27702796817e-005, 3.50814866579e-006, 1.5915760514e-006, 8.05584292607e-008, 8.7914941993e-010, 9.79411274304e-011]
        dvar: [1.20824899565e-012, 1.13897540288e-008, 5.46090568321e-008, 9.94432127754e-008, 4.2603690531e-007, 2.41215246888e-007, 6.45589040005e-008, 3.10877616982e-008, 1.49624256096e-007, 6.12201702666e-008, 7.14837753435e-008, 2.51989611399e-008, 1.24151586789e-008, 3.32863336894e-008, 3.86860214974e-008, 7.14828161108e-008, 6.33148786733e-008, 9.5339721895e-008, 2.01968703095e-007, 1.14829461495e-007, 4.39857181789e-008, 9.4014396268e-009, 1.71742675636e-010, 1.7614583403e-011, 5.48588821939e-012, 2.77006641637e-014, 1.51338369594e-018, 6.37645180663e-021]
        dvar2: [2.36774033539e-012, 3.12895380716e-008, 1.41165031664e-007, 2.63146347379e-007, 1.18878961075e-006, 6.48781110613e-007, 1.58710591336e-007, 7.62113501196e-008, 3.58141733159e-007, 1.33574630468e-007, 1.49833098817e-007, 5.49450192011e-008, 3.04213010338e-008, 7.89536755974e-008, 9.65711279832e-008, 1.7232720495e-007, 1.48631855268e-007, 2.43301371938e-007, 5.35687377123e-007, 3.0656991612e-007, 1.21811709164e-007, 2.65922057707e-008, 4.33579422365e-010, 3.92396531934e-011, 1.17571586147e-011, 5.78826266431e-014, 3.53483764733e-018, 2.02505090751e-020]
        max: [1.15811799333e-005, 0.00103209051304, 0.00290365843102, 0.00503324437886, 0.0105957202613, 0.00623998325318, 0.00474022049457, 0.00767658185214, 0.00924584642053, 0.00541812228039, 0.00742674898356, 0.00316234235652, 0.00233182054944, 0.00366242835298, 0.00314412591979, 0.00608567241579, 0.00705685373396, 0.00674888351932, 0.00663665123284, 0.00497945118695, 0.00343467877246, 0.00116396241356, 0.00020747887902, 0.000115566093882, 6.32252995274e-005, 5.08700213686e-006, 3.08402867688e-008, 1.36772604353e-009]
        mean: [8.26980567581e-007, 0.000103947349999, 0.000177667039679, 0.000191146813449, 0.000303729699226, 0.000234162725974, 0.000140612246469, 0.00010395157733, 0.000314371776767, 0.000197445755475, 0.000174229135155, 0.000171213061549, 9.21649407246e-005, 0.000159416740644, 0.000173869993887, 0.000246821378823, 0.000241297195316, 0.000325342931319, 0.000423914170824, 0.000396136834752, 0.00020703318296, 7.75924781919e-005, 1.68473161466e-005, 5.82878374189e-006, 2.42914438786e-006, 1.0321116406e-007, 8.83261963569e-010, 4.15447953817e-011]
        median: [1.2349407541e-007, 5.49937976757e-005, 8.52551893331e-005, 6.80519005982e-005, 0.000132790373755, 9.58097152761e-005, 5.73021061427e-005, 5.38629719813e-005, 0.00012610774138, 4.73920408695e-005, 4.41023767053e-005, 6.14470918663e-005, 5.05487951159e-005, 6.6333617724e-005, 7.6482858276e-005, 0.000135121270432, 0.000147489728988, 0.000236074236454, 0.000319263141137, 0.000305680907331, 0.00017174880486, 5.77650171181e-005, 1.22115880004e-005, 4.47105594503e-006, 1.68393944477e-006, 5.02188406415e-008, 4.37052560809e-010, 1.41421050218e-011]
        min: [5.61198606203e-024, 1.36379030601e-023, 7.73230099701e-024, 3.21513120356e-024, 5.42129510984e-023, 2.49475289124e-023, 1.32271097391e-022, 7.11274163273e-023, 4.3385705801e-023, 2.43852509473e-023, 5.79339827448e-023, 4.87974115177e-023, 6.8885845977e-023, 9.81853895526e-023, 9.46594716071e-023, 1.58574307434e-022, 1.16478960349e-022, 1.59009771276e-022, 2.51788093614e-022, 1.91278574677e-022, 3.87031593652e-022, 4.49723467884e-022, 6.76062580529e-022, 6.96048504092e-022, 1.08780773484e-021, 1.2841559967e-021, 2.41262331391e-021, 7.41473664613e-022]
        var: [2.74551713829e-012, 1.8167012783e-008, 7.63771410561e-008, 1.26616143348e-007, 3.8942386027e-007, 2.39288311832e-007, 8.00754307306e-008, 4.12016589735e-008, 3.1501630815e-007, 2.00979641818e-007, 2.33001060224e-007, 1.02356558784e-007, 1.85457231794e-008, 8.07254778579e-008, 8.48431085387e-008, 1.72096790152e-007, 1.30299113721e-007, 1.46490876318e-007, 2.82349816416e-007, 1.98355664338e-007, 5.49367946689e-008, 9.56080370429e-009, 3.55175611144e-010, 4.49176078277e-011, 1.23933398266e-011, 5.96640724565e-014, 2.83695818582e-018, 5.08480645285e-021]
    mfcc:
        mean: [-721.702270508, 96.1221923828, -44.7131080627, 37.245929718, -17.6625652313, -4.80473566055, -1.95115172863, -1.5444226265, -3.48081898689, -3.98590636253, -5.39223241806, -7.21927690506, -6.07587528229]
        cov: [[10529.8945313, -1204.58288574, -1367.11999512, 1793.63476563, -300.884216309, 240.083755493, -139.546035767, 163.697265625, 581.75958252, 502.182769775, 116.767189026, 21.199760437, 252.573196411], [-1204.58288574, 1555.92614746, 60.4648399353, -376.743988037, 88.2887878418, -167.316802979, 35.6117935181, -107.915344238, -215.064758301, -220.586303711, -85.5149841309, -77.0613555908, -129.8984375], [-1367.11999512, 60.4648399353, 730.222473145, -39.2821922302, 159.364868164, 126.148345947, 93.8803634644, 38.5035820007, -1.01628732681, -24.0177268982, -3.0073196888, 22.0703334808, -19.0522155762], [1793.63476563, -376.743988037, -39.2821922302, 913.449279785, 201.079040527, 230.202865601, 98.6638336182, 62.4682312012, 254.409500122, 199.258682251, 68.7721405029, 78.0855636597, 141.699066162], [-300.884216309, 88.2887878418, 159.364868164, 201.079040527, 318.475341797, 140.866882324, 101.219444275, 24.5229511261, 80.1291656494, 52.3468399048, 9.29092884064, 34.3461380005, 45.7338104248], [240.083755493, -167.316802979, 126.148345947, 230.202865601, 140.866882324, 246.298583984, 119.308189392, 52.0268135071, 83.9011993408, 80.6044769287, 36.1094055176, 32.5190963745, 52.3925819397], [-139.546035767, 35.6117935181, 93.8803634644, 98.6638336182, 101.219444275, 119.308189392, 176.23979187, 50.4402198792, 38.9949188232, 43.4772796631, 21.9516105652, 29.830783844, 27.6399402618], [163.697265625, -107.915344238, 38.5035820007, 62.4682312012, 24.5229511261, 52.0268135071, 50.4402198792, 126.120498657, 85.5669631958, 58.9499130249, 17.2872257233, 14.5764245987, 29.7173919678], [581.75958252, -215.064758301, -1.01628732681, 254.409500122, 80.1291656494, 83.9011993408, 38.9949188232, 85.5669631958, 221.059753418, 135.587188721, 38.8266372681, 31.2210445404, 59.3149757385], [502.182769775, -220.586303711, -24.0177268982, 199.258682251, 52.3468399048, 80.6044769287, 43.4772796631, 58.9499130249, 135.587188721, 181.771820068, 64.4544525146, 29.889547348, 46.8690757751], [116.767189026, -85.5149841309, -3.0073196888, 68.7721405029, 9.29092884064, 36.1094055176, 21.9516105652, 17.2872257233, 38.8266372681, 64.4544525146, 101.688545227, 46.198223114, 7.62516784668], [21.199760437, -77.0613555908, 22.0703334808, 78.0855636597, 34.3461380005, 32.5190963745, 29.830783844, 14.5764245987, 31.2210445404, 29.889547348, 46.198223114, 96.2897872925, 46.928981781], [252.573196411, -129.8984375, -19.0522155762, 141.699066162, 45.7338104248, 52.3925819397, 27.6399402618, 29.7173919678, 59.3149757385, 46.8690757751, 7.62516784668, 46.928981781, 107.570320129]]
        icov: [[0.000282683380647, -4.96442044096e-005, 0.000415930029703, -0.00056887336541, 0.000533304410055, -0.000392537011066, 0.000375090632588, -0.000247728574323, -0.000122675060993, -0.000179745169589, 0.000208310433663, 5.31817531737e-005, 0.000143844590639], [-4.96442044096e-005, 0.00108110415749, -3.63541090564e-007, 0.000224495888688, -0.000968409876805, 0.0010587440338, -0.00103358377237, 0.000341541541275, 0.000252698664553, 0.000808838580269, -0.000155227360665, 0.000437665905338, 0.000521873123944], [0.000415930029703, -3.63541090564e-007, 0.00244023115374, -0.000512200407684, -4.66463025077e-005, -0.00144744140562, 0.000386844680179, -0.000895333650988, -0.000168954240507, 0.000295605888823, 0.000597126199864, -0.000620774517301, 0.00119548884686], [-0.00056887336541, 0.000224495888688, -0.000512200407684, 0.00336514762603, -0.00159710890148, -0.000329147267621, -0.000782025628723, 0.0015730317682, -0.00145231140777, 4.65723423986e-005, -0.000556031416636, -0.00021808258316, -0.00139594508801], [0.000533304410055, -0.000968409876805, -4.66463025077e-005, -0.00159710890148, 0.0068446835503, -0.00286683486775, -4.1115363274e-005, 0.000672856054734, -0.00164436700288, -0.00087339815218, 0.00154671026394, -0.00086187251145, -0.000461475370685], [-0.000392537011066, 0.0010587440338, -0.00144744140562, -0.000329147267621, -0.00286683486775, 0.0102434679866, -0.00496278470382, 0.00011629598157, 0.000777908309828, 0.000101609301055, -0.001927790232, 0.00189701816998, -0.00131400837563], [0.000375090632588, -0.00103358377237, 0.000386844680179, -0.000782025628723, -4.1115363274e-005, -0.00496278470382, 0.0111290328205, -0.00355322915129, 0.00129848183133, -0.00162531028036, 0.000603091262747, -0.00194809702225, 0.000325787375914], [-0.000247728574323, 0.000341541541275, -0.000895333650988, 0.0015730317682, 0.000672856054734, 0.00011629598157, -0.00355322915129, 0.0131643097848, -0.00503636291251, -0.000252073805314, -0.000217457680264, 0.00074222125113, -0.00172455061693], [-0.000122675060993, 0.000252698664553, -0.000168954240507, -0.00145231140777, -0.00164436700288, 0.000777908309828, 0.00129848183133, -0.00503636291251, 0.0122083462775, -0.00558952009305, 0.000832910649478, -0.000316352612572, -0.00036312211887], [-0.000179745169589, 0.000808838580269, 0.000295605888823, 4.65723423986e-005, -0.00087339815218, 0.000101609301055, -0.00162531028036, -0.000252073805314, -0.00558952009305, 0.0141460001469, -0.00669588567689, 0.00283587002195, -0.00164508097805], [0.000208310433663, -0.000155227360665, 0.000597126199864, -0.000556031416636, 0.00154671026394, -0.001927790232, 0.000603091262747, -0.000217457680264, 0.000832910649478, -0.00669588567689, 0.0181674435735, -0.00959983095527, 0.00570652261376], [5.31817531737e-005, 0.000437665905338, -0.000620774517301, -0.00021808258316, -0.00086187251145, 0.00189701816998, -0.00194809702225, 0.00074222125113, -0.000316352612572, 0.00283587002195, -0.00959983095527, 0.0191257074475, -0.00840556714684], [0.000143844590639, 0.000521873123944, 0.00119548884686, -0.00139594508801, -0.000461475370685, -0.00131400837563, 0.000325787375914, -0.00172455061693, -0.00036312211887, -0.00164508097805, 0.00570652261376, -0.00840556714684, 0.0170477069914]]
    sccoeffs:
        dmean: [0.0555461868644, 0.0481120236218, 0.0414010547101, 0.0324932858348, 0.0209219437093, 0.0192333031446]
        dmean2: [0.0905488282442, 0.0797904059291, 0.0662490725517, 0.0524411052465, 0.0343521498144, 0.0314755514264]
        dvar: [0.0023659740109, 0.00157950655557, 0.0012005843455, 0.000769920181483, 0.00033147452632, 0.000360052014003]
        dvar2: [0.00602382654324, 0.00412550428882, 0.00288251764141, 0.0018457082333, 0.000808611745015, 0.000918740814086]
        max: [-0.252886265516, -0.443857640028, -0.447677791119, -0.513791680336, -0.568345665932, -0.597371280193]
        mean: [-0.649163424969, -0.761817753315, -0.746809720993, -0.767551600933, -0.793044567108, -0.756096422672]
        median: [-0.66419672966, -0.768749594688, -0.756760835648, -0.776853144169, -0.797263145447, -0.746284484863]
        min: [-0.960455358028, -0.972013175488, -0.968438982964, -0.957904219627, -0.961185634136, -0.962068080902]
        var: [0.00986775569618, 0.00469502061605, 0.00653404090554, 0.00419466756284, 0.0018960229354, 0.00253818137571]
    scvalleys:
        dmean: [0.422378867865, 0.367882668972, 0.322452187538, 0.283673584461, 0.258524090052, 0.249864086509]
        dmean2: [0.677775681019, 0.605253279209, 0.527416110039, 0.453525513411, 0.40571770072, 0.381791293621]
        dvar: [0.167679712176, 0.110129609704, 0.102109640837, 0.102104924619, 0.118478983641, 0.114345356822]
        dvar2: [0.36846986413, 0.259175091982, 0.21734367311, 0.204094156623, 0.241182506084, 0.231851607561]
        max: [-5.39040994644, -4.69810438156, -5.23760890961, -5.67526531219, -5.20454645157, -7.85607433319]
        mean: [-7.48994445801, -6.87321043015, -7.24303627014, -7.52065372467, -7.42801332474, -10.0276851654]
        median: [-6.798183918, -6.56789731979, -6.92247009277, -6.99196052551, -6.66347503662, -9.16591835022]
        min: [-27.4858531952, -27.288816452, -27.236907959, -27.2955474854, -27.2831916809, -27.2038650513]
        var: [3.37081432343, 2.65056443214, 2.43971538544, 2.82666349411, 3.84507846832, 4.14660787582]

rhythm:
    beats_loudness:
        dmean: 0.00193520984612
        dmean2: 0.00348114641383
        dvar: 3.22890059579e-006
        dvar2: 9.1624651759e-006
        max: 0.0160428322852
        mean: 0.00520269945264
        median: 0.0051057562232
        min: 2.00986731598e-012
        var: 7.50371236791e-006
    bpm: 178.205505371
    bpm_confidence: 0
    first_peak_bpm: 178
    first_peak_spread: 0
    first_peak_weight: 0.674576282501
    onset_rate: 3.36427807808
    second_peak_bpm: 185
    second_peak_spread: 0
    second_peak_weight: 0.293220341206
    beats_loudness_band_ratio:
        dmean: [0.167654886842, 0.116401582956, 0.0938445404172, 0.115779414773, 0.100851818919, 0.0836631208658]
        dmean2: [0.298029214144, 0.205691888928, 0.168261110783, 0.203690111637, 0.169697165489, 0.145785421133]
        dvar: [0.0226268935949, 0.0121559975669, 0.011658414267, 0.0175994932652, 0.010478281416, 0.008051879704]
        dvar2: [0.0654791072011, 0.0307301711291, 0.0359077341855, 0.0541579648852, 0.0287386365235, 0.0215199459344]
        max: [0.995317697525, 0.712483167648, 0.75355553627, 0.881969690323, 0.738777339458, 0.598142027855]
        mean: [0.230600118637, 0.143948093057, 0.130823999643, 0.154438689351, 0.196602731943, 0.188130006194]
        median: [0.212693542242, 0.0882968232036, 0.0876588970423, 0.0933692529798, 0.178411528468, 0.177058011293]
        min: [0, 0, 0, 0, 0, 0]
        var: [0.033632054925, 0.0201144106686, 0.015160176903, 0.024107510224, 0.0170303825289, 0.0163772832602]
    beats_position: [0.31346938014, 0.615328788757, 0.952018141747, 1.27709746361, 1.60217678547, 1.92725622654, 2.26394557953, 2.60063481331, 2.93732428551, 3.27401351929, 3.59909296036, 3.93578219414, 4.27247142792, 4.59755086899, 4.93424034119, 5.27092981339, 5.59600877762, 5.93269824982, 6.26938772202, 6.59446716309, 6.93115615845, 7.26784563065, 7.59292507172, 7.92961454391, 8.26630401611, 8.60299301147, 8.93968200684, 9.26476192474, 9.6014509201, 9.93814086914, 10.2632198334, 10.5882987976, 10.9249887466, 11.261677742, 11.5983667374, 11.9350566864, 12.2601356506, 12.5852155685, 12.9219045639, 13.2585935593, 13.5952835083, 13.9319725037, 14.268661499, 14.5937414169, 14.9304304123, 15.2671203613, 15.6038093567, 15.9288883209, 16.2655773163, 16.602268219, 16.9273471832, 17.2640361786, 17.600725174, 17.9374141693, 18.2741031647, 18.5991840363, 18.9358730316, 19.272562027, 19.5976409912, 19.9343299866, 20.2710208893, 20.6077098846, 20.94439888, 21.2694778442, 21.6061668396, 21.942855835, 22.2679367065, 22.6046257019, 22.9413146973, 23.2663936615, 23.6030826569, 23.9281635284, 24.2648525238, 24.6015415192, 24.9382305145, 25.2633094788, 25.6000003815, 25.9366893768, 26.2617683411, 26.5984573364, 26.9351463318, 27.2718353271, 27.6085262299, 27.9336051941, 28.2586841583, 28.5953731537, 28.932062149, 29.2687530518, 29.6054420471, 29.9305210114, 30.2672100067, 30.6038990021, 30.9405899048, 31.2772789001, 31.6023578644, 31.9274368286, 32.2525177002, 32.5892066956, 32.9258956909, 33.2625846863, 33.5992736816, 33.935962677, 34.2726516724, 34.5977325439, 34.9344215393, 35.2594985962, 35.5961914063, 35.9212684631, 36.2579574585, 36.5830383301, 36.9197273254, 37.244808197, 37.5814971924, 37.9181861877, 38.2548751831, 38.5915641785, 38.9282531738, 39.2649421692, 39.6016311646, 39.9267120361, 40.251789093, 40.5884780884, 40.9251708984, 41.2618598938, 41.5985488892, 41.923625946, 42.2603149414, 42.585395813, 42.9220848083, 43.2471656799, 43.5838546753, 43.9205436707, 44.257232666, 44.5939216614, 44.9306106567, 45.2556915283, 45.5923805237, 45.929069519, 46.2541503906, 46.590839386, 46.9275283813, 47.2642173767, 47.6009063721, 47.9259872437, 48.262676239, 48.5993652344, 48.9244422913, 49.2495231628, 49.5862121582, 49.9229011536, 50.2595901489, 50.5962791443, 50.9329681396, 51.269657135, 51.5947380066, 51.9198188782, 52.2565078735, 52.5931968689, 52.9182739258, 53.2549667358, 53.5916557312, 53.9283447266, 54.2650337219, 54.6017227173, 54.9268035889, 55.2634925842, 55.5885696411, 55.9252586365, 56.2619476318, 56.5870285034, 56.9237174988, 57.2604064941, 57.5970954895, 57.9337844849, 58.2704734802, 58.6071662903, 58.9322433472, 59.2689323425, 59.6056213379, 59.9307022095, 60.2673912048, 60.6040802002, 60.9407691956, 61.2774581909, 61.6141471863, 61.9508361816, 62.2875289917, 62.6126060486, 62.9376869202, 63.2743759155, 63.5994529724, 63.924533844, 64.2496109009, 64.5863037109, 64.9229888916, 65.2596817017, 65.5963668823, 65.9214477539, 66.258140564, 66.5948257446, 66.9199066162, 67.2565994263, 67.5932846069, 67.929977417, 68.2666625977, 68.5917434692, 68.9284362793, 69.26512146, 69.60181427, 69.9384994507, 70.2635803223, 70.6002731323, 70.936958313, 71.2620391846, 71.5871200562, 71.9238052368, 72.2604980469, 72.5971832275, 72.9338760376, 73.2705688477, 73.6072540283, 73.9323348999, 74.2574157715, 74.5941009521, 74.9191818237, 75.2558746338, 75.5925598145, 75.9292526245, 76.2659378052, 76.6026306152, 76.9393157959, 77.276008606, 77.6010894775, 77.9261627197, 78.2628555298, 78.5995483398, 78.9362335205, 79.2613143921, 79.5979995728, 79.9230804443, 80.2597732544, 80.5964584351, 80.9331512451, 81.2698364258, 81.5949172974, 81.9316101074, 82.2682952881, 82.5933761597, 82.9300689697, 83.2667541504, 83.591835022, 83.928527832, 84.2652130127, 84.6019058228, 84.9385910034, 85.263671875, 85.5887527466, 85.9254379272, 86.2621307373, 86.5872116089, 86.9238967896, 87.2605895996, 87.5856704712, 87.9107437134, 88.2590484619, 88.5957336426, 88.9324264526, 89.2575073242, 89.5941925049, 89.9308853149, 90.2559585571, 90.5926513672, 90.9293441772, 91.2544174194, 91.5911102295, 91.9277954102, 92.2644882202, 92.6011810303, 92.9262542725, 93.251335144, 93.5996322632, 93.9247131348, 94.2614059448, 94.5980911255, 94.9347839355, 95.2714691162, 95.5965499878, 95.9332427979, 96.2699279785, 96.6066207886, 96.9317016602, 97.2683868408, 97.5934677124, 97.918548584, 98.2552337646, 98.5919265747, 98.9286117554, 99.253692627, 99.590385437, 99.9270706177, 100.263763428, 100.588844299, 100.92552948, 101.26222229, 101.587303162, 101.912376404, 102.237457275, 102.585754395, 102.922447205, 103.259140015, 103.595825195, 103.932518005, 104.257591248, 104.594284058, 104.930976868, 105.25605011, 105.581130981, 105.917823792, 106.254508972, 106.591201782, 106.927886963, 107.252967834, 107.589660645, 107.926345825, 108.251426697, 108.588119507, 108.924804688, 109.249885559, 109.58657074, 109.92326355, 110.25995636, 110.596641541, 110.921722412, 111.258407593, 111.595100403, 111.920181274, 112.256866455, 112.593559265, 112.930244446, 113.266937256, 113.603622437, 113.940315247, 114.265396118, 114.59047699, 114.915550232, 115.252243042, 115.588935852, 115.925621033, 116.262313843, 116.598999023, 116.935691833, 117.260765076, 117.597457886, 117.934150696, 118.259223938, 118.595916748, 118.932601929, 119.269294739, 119.59437561, 119.931060791, 120.256141663, 120.592834473, 120.929519653, 121.266212463, 121.602897644, 121.939590454, 122.276275635, 122.601356506, 122.926437378, 123.263130188, 123.599815369, 123.92489624, 124.261581421, 124.598274231, 124.934967041, 125.271652222, 125.596733093, 125.933418274, 126.270111084, 126.595191956, 126.931877136, 127.268569946, 127.605255127, 127.941947937, 128.267028809, 128.592102051, 128.92880249, 129.253875732, 129.590560913, 129.927261353, 130.263946533, 130.589019775, 130.925704956, 131.262405396, 131.599090576, 131.924163818, 132.260864258, 132.5859375, 132.922622681, 133.25932312, 133.596008301, 133.932693481, 134.257781982, 134.594467163, 134.931152344, 135.267837524, 135.592926025, 135.929611206, 136.277908325, 136.602996826, 136.928070068, 137.264755249, 137.601455688, 137.926528931, 138.251602173, 138.588302612, 138.924987793, 139.261672974, 139.598358154, 139.923446655, 140.260131836, 140.596817017, 140.933517456, 141.270202637, 141.606887817, 141.931976318, 142.268661499, 142.593734741, 142.930435181, 143.255508423, 143.592193604, 143.928878784, 144.253967285, 144.590652466, 144.927337646, 145.264038086, 145.600723267, 145.937408447, 146.262496948, 146.58757019, 146.924255371, 147.260955811, 147.586029053, 147.934326172, 148.271011353, 148.607711792, 148.932785034, 149.257858276, 149.594558716, 149.931243896, 150.256317139, 150.58140564, 150.929702759, 151.266387939, 151.603088379, 151.928161621, 152.264846802, 152.601531982, 152.938232422, 153.274917603, 153.599990845, 153.936691284, 154.261764526, 154.598449707, 154.935150146, 155.260223389, 155.596908569, 155.92199707, 156.258682251, 156.595367432, 156.920455933, 157.257141113, 157.593826294, 157.930511475, 158.267211914, 158.592285156, 158.928970337, 159.265670776, 159.590744019, 159.927429199, 160.264129639, 160.600814819, 160.925888062, 161.262588501, 161.599273682, 161.935958862, 162.261047363, 162.597732544, 162.934417725, 163.259490967, 163.596191406, 163.932876587, 164.269561768, 164.606262207, 164.931335449, 165.26802063, 165.604721069, 165.929794312, 166.266479492, 166.603164673, 166.939865112, 167.264938354, 167.590026855, 167.926712036, 168.263397217, 168.600082397, 168.925170898, 169.261856079, 169.59854126, 169.923629761, 170.260314941, 170.585388184, 170.922088623, 171.247161865, 171.572235107, 171.908935547, 172.245620728, 172.582305908, 172.919006348, 173.255691528, 173.592376709, 173.92906189, 174.265762329, 174.60244751, 174.927520752, 175.264221191, 175.589294434, 175.925979614, 176.262680054, 176.587753296, 176.924438477, 177.261123657, 177.586212158, 177.922897339, 178.25958252, 178.584671021, 178.921356201, 179.246429443, 179.583129883, 179.919815063, 180.256500244, 180.593200684, 180.929885864, 181.266571045, 181.603256226, 181.928344727, 182.253417969, 182.57850647, 182.91519165, 183.251876831, 183.576965332, 183.913650513, 184.238723755, 184.575408936, 184.912109375, 185.248794556, 185.585479736, 185.922180176, 186.258865356, 186.595550537, 186.932235718, 187.268936157, 187.605621338, 187.93069458, 188.26739502, 188.6040802, 188.940765381, 189.265853882, 189.602539063, 189.939224243, 190.275909424, 190.600997925, 190.937683105, 191.262756348, 191.599456787, 191.936141968, 192.272827148, 192.609527588, 192.946212769, 193.306121826, 193.654418945, 194.014328003, 194.362625122, 194.815414429, 195.268203735, 195.720993042, 196.173782349, 196.638183594, 197.0909729, 197.555374146, 198.019775391]
