
metadata:
    version:
        essentia: "2.1-beta2"
    audio_properties:
        analysis_sample_rate: 44100
        bitrate: 320
        channels: 2
        equal_loudness: 1
        length: 214.334686279
        replay_gain: -14.1338882446
        downmix: "mix"
    tags:
        album: "Incomparable"
        artist: "Dead By April"
        comment: "-=Titan=-"
        date: "2011"
        genre: "Modern Metal"
        title: "Painting Shadows"
        tracknumber: "14"

configuration:
    average_loudness:
        compute: 1
        frameSize: 88200
        hopSize: 44100
        silentFrames: "noise"
        windowType: "hann"
    general:
        analysisSampleRate: 44100
        endTime: 2000
        equalLoudness: 1
        nequalLoudness: 0
        shortSound: 0
        startTime: 0
    lowlevel:
        compute: 1
        frameSize: 2048
        hopSize: 1024
        zeroPadding: 0
        silentFrames: "noise"
        windowType: "blackmanharris62"
        mfccStats: ["mean", "cov", "icov"]
        stats: ["mean", "var", "median", "min", "max", "dmean", "dmean2", "dvar", "dvar2"]
    panning:
        compute: 0
        frameSize: 8192
        hopSize: 2048
        zeroPadding: 8192
        silentFrames: "noise"
        windowType: "hann"
        stats: ["copy"]
    rhythm:
        compute: 1
        maxTempo: 208
        minTempo: 40
        method: "degara"
        stats: ["mean", "var", "median", "min", "max", "dmean", "dmean2", "dvar", "dvar2"]
    segmentation:
        compute: 0
        cpw: 5
        inc1: 300
        inc2: 50
        minimumSegmentsLength: 10
        size1: 1000
        size2: 600
    sfx:
        compute: 1
        stats: ["mean", "var", "median", "min", "max", "dmean", "dmean2", "dvar", "dvar2"]
    svm:
        compute: 0
    tonal:
        compute: 1
        frameSize: 4096
        hopSize: 2048
        zeroPadding: 0
        silentFrames: "noise"
        windowType: "blackmanharris62"
        stats: ["mean", "var", "median", "min", "max", "dmean", "dmean2", "dvar", "dvar2"]

lowlevel:
    average_loudness: 0.944965898991
    barkbands_kurtosis:
        dmean: 0.856637537479
        dmean2: 1.39250004292
        dvar: 2.12167000771
        dvar2: 4.88480758667
        max: 39.289024353
        mean: -0.229604765773
        median: -0.91092813015
        min: -1.91868364811
        var: 5.28589057922
    barkbands_skewness:
        dmean: 0.438936889172
        dmean2: 0.711588799953
        dvar: 0.199879273772
        dvar2: 0.527717292309
        max: 5.77344989777
        mean: -0.0569175258279
        median: -0.171617746353
        min: -4.37460756302
        var: 0.788858413696
    barkbands_spread:
        dmean: 6.37060689926
        dmean2: 10.2323942184
        dvar: 34.7801399231
        dvar2: 88.6222000122
        max: 75.0066299438
        mean: 34.0739479065
        median: 35.0222320557
        min: 0.651353478432
        var: 172.732650757
    dissonance:
        dmean: 0.0147148547694
        dmean2: 0.0246853455901
        dvar: 0.000333775533363
        dvar2: 0.000882588617969
        max: 0.500000119209
        mean: 0.473642498255
        median: 0.484339773655
        min: 0.154634028673
        var: 0.00103478936944
    hfc:
        dmean: 3.54685378075
        dmean2: 6.05697727203
        dvar: 30.2577323914
        dvar2: 82.2193603516
        max: 54.1717262268
        mean: 9.13685703278
        median: 8.36674499512
        min: 1.18966148019e-016
        var: 47.6995925903
    pitch:
        dmean: 785.743041992
        dmean2: 1491.32800293
        dvar: 1572840
        dvar2: 3708073.5
        max: 4666.55322266
        mean: 1387.79321289
        median: 437.074432373
        min: 63.5204162598
        var: 2327062.5
    pitch_instantaneous_confidence:
        dmean: 0.0882092863321
        dmean2: 0.143819823861
        dvar: 0.00543492753059
        dvar2: 0.0132451560348
        max: 0.901571571827
        mean: 0.392775297165
        median: 0.363888293505
        min: 0.120789885521
        var: 0.0205059740692
    pitch_salience:
        dmean: 0.0650378093123
        dmean2: 0.109485656023
        dvar: 0.00345179182477
        dvar2: 0.00953771732748
        max: 0.894868552685
        mean: 0.62280356884
        median: 0.636926531792
        min: 0.167844414711
        var: 0.00998710095882
    silence_rate_20dB:
        dmean: 0
        dmean2: 0
        dvar: 0
        dvar2: 0
        max: 1
        mean: 1
        median: 1
        min: 1
        var: 0
    silence_rate_30dB:
        dmean: 0
        dmean2: 0
        dvar: 0
        dvar2: 0
        max: 1
        mean: 1
        median: 1
        min: 1
        var: 0
    silence_rate_60dB:
        dmean: 0.0727981775999
        dmean2: 0.14561213553
        dvar: 0.0675045475364
        dvar2: 0.142403006554
        max: 1
        mean: 0.240684568882
        median: 0
        min: 0
        var: 0.18275681138
    spectral_centroid:
        dmean: 321.3800354
        dmean2: 538.935241699
        dvar: 132513.953125
        dvar2: 359423.1875
        max: 11090.3154297
        mean: 1729.01171875
        median: 1763.35180664
        min: 154.867950439
        var: 465650.59375
    spectral_complexity:
        dmean: 4.58975172043
        dmean2: 7.55536317825
        dvar: 25.7821292877
        dvar2: 64.4298019409
        max: 46
        mean: 16.2620239258
        median: 17
        min: 0
        var: 87.2311019897
    spectral_crest:
        dmean: 2.03983259201
        dmean2: 3.37690377235
        dvar: 3.55073714256
        dvar2: 8.97929859161
        max: 23.4636764526
        mean: 6.87975883484
        median: 5.99628829956
        min: 2.2788336277
        var: 9.27438831329
    spectral_decrease:
        dmean: 3.32173566431e-010
        dmean2: 5.30211319294e-010
        dvar: 2.16179168221e-019
        dvar2: 5.55677084649e-019
        max: 3.93429149595e-029
        mean: -1.0778139492e-009
        median: -1.05020969698e-009
        min: -5.52524470621e-009
        var: 3.99370632107e-019
    spectral_energy:
        dmean: 0.00153106497601
        dmean2: 0.00246501900256
        dvar: 4.66052006232e-006
        dvar2: 1.20579679788e-005
        max: 0.0240475106984
        mean: 0.00489665940404
        median: 0.00474179442972
        min: 1.06420881318e-020
        var: 8.59406372911e-006
    spectral_energyband_high:
        dmean: 0.000305850844597
        dmean2: 0.000539550557733
        dvar: 2.72768346576e-007
        dvar2: 7.49529931454e-007
        max: 0.00536745740101
        mean: 0.000523161841556
        median: 0.000410412496421
        min: 7.66783826257e-021
        var: 2.91157533638e-007
    spectral_energyband_low:
        dmean: 0.000342218205333
        dmean2: 0.000583061133511
        dvar: 1.95325569052e-007
        dvar2: 5.31327771114e-007
        max: 0.00495420396328
        mean: 0.000708560633939
        median: 0.000623944331892
        min: 7.48236840522e-023
        var: 3.03845098415e-007
    spectral_energyband_middle_high:
        dmean: 0.000859084713738
        dmean2: 0.00141995132435
        dvar: 1.27940177208e-006
        dvar2: 3.37165806741e-006
        max: 0.0153963984922
        mean: 0.00248900521547
        median: 0.00231124693528
        min: 1.49779992662e-021
        var: 3.24368215843e-006
    spectral_energyband_middle_low:
        dmean: 0.000670183333568
        dmean2: 0.00106861162931
        dvar: 1.49731795318e-006
        dvar2: 3.87949330616e-006
        max: 0.0146397668868
        mean: 0.00129865587223
        median: 0.000860339438077
        min: 3.36395609266e-022
        var: 2.00168528863e-006
    spectral_flatness_db:
        dmean: 0.0144544532523
        dmean2: 0.0226631239057
        dvar: 0.000216137384996
        dvar2: 0.000492163584568
        max: 0.5218770504
        mean: 0.140410751104
        median: 0.126306191087
        min: 0.0520911328495
        var: 0.00239249295555
    spectral_flux:
        dmean: 0.00923311430961
        dmean2: 0.0141532113776
        dvar: 0.000110790773761
        dvar2: 0.000207599412533
        max: 0.125709146261
        mean: 0.0422644950449
        median: 0.0424611121416
        min: 1.03160494036e-010
        var: 0.00035937310895
    spectral_kurtosis:
        dmean: 1.65614044666
        dmean2: 2.74148821831
        dvar: 20.015001297
        dvar2: 55.039691925
        max: 165.263397217
        mean: 4.59729719162
        median: 2.90833330154
        min: -1.1965265274
        var: 43.0151748657
    spectral_rms:
        dmean: 0.000314354139846
        dmean2: 0.000491375336424
        dvar: 1.36487201985e-007
        dvar2: 3.36052977445e-007
        max: 0.00484365411103
        mean: 0.00205983966589
        median: 0.00215084641241
        min: 3.22219247811e-012
        var: 5.34290734322e-007
    spectral_rolloff:
        dmean: 410.662322998
        dmean2: 696.048828125
        dvar: 277636.46875
        dvar2: 682702.9375
        max: 18647.7539063
        mean: 3207.32983398
        median: 3552.97851563
        min: 107.666015625
        var: 1289745
    spectral_skewness:
        dmean: 0.217598721385
        dmean2: 0.354233652353
        dvar: 0.111298792064
        dvar2: 0.291734278202
        max: 10.0213794708
        mean: 1.44044876099
        median: 1.2260389328
        min: -0.0188905633986
        var: 0.455897510052
    spectral_spread:
        dmean: 436683.25
        dmean2: 641071.875
        dvar: 366482620416
        dvar2: 647583694848
        max: 40055000
        mean: 4788726
        median: 4641506
        min: 519750.625
        var: 2.79667304038e+012
    spectral_strongpeak:
        dmean: 0.470992743969
        dmean2: 0.808693945408
        dvar: 0.565932750702
        dvar2: 1.45701301098
        max: 8.19507026672
        mean: 0.639831781387
        median: 0.231061577797
        min: 2.00146699214e-009
        var: 0.840949892998
    zerocrossingrate:
        dmean: 0.00819736998528
        dmean2: 0.0104063684121
        dvar: 6.70182998874e-005
        dvar2: 9.20034726732e-005
        max: 0.48974609375
        mean: 0.0974758937955
        median: 0.10205078125
        min: 0.01171875
        var: 0.00102225283626
    barkbands:
        dmean: [1.21379389384e-006, 0.000137752780574, 0.000239477754803, 0.000163013130077, 0.000202113384148, 0.000188255362445, 0.00012362858979, 0.000115404574899, 0.000153167929966, 8.87269779923e-005, 0.000102126992715, 9.10074231797e-005, 8.14813829493e-005, 8.25177266961e-005, 0.000100854718767, 0.00013573616161, 0.000163071570569, 0.000188267469639, 0.000318657635944, 0.000228471355513, 0.00014192701201, 5.86800924793e-005, 7.76105662226e-006, 2.49167874244e-006, 1.16418937068e-006, 6.22596658673e-008, 5.5119120379e-010]
        dmean2: [1.86608349395e-006, 0.000235167142819, 0.000408917665482, 0.000277931190794, 0.000329308619257, 0.000323544227285, 0.000200891226996, 0.000183381474926, 0.00024180058972, 0.000141269265441, 0.000159422837896, 0.000144248799188, 0.000128288811538, 0.000130995205836, 0.000164933735505, 0.000225901836529, 0.000267840165179, 0.000318410224281, 0.000552120560315, 0.0003937301517, 0.00024978176225, 0.000105089144199, 1.28656683955e-005, 3.97383473683e-006, 1.79592973382e-006, 9.44155473803e-008, 8.90426343769e-010]
        dvar: [3.08898870024e-012, 2.50433593862e-008, 1.0856237509e-007, 1.12744665159e-007, 2.4459660608e-007, 2.55814484262e-007, 1.00352892218e-007, 8.70854250934e-008, 1.11718279072e-007, 4.17909085115e-008, 5.50137428945e-008, 3.30513110214e-008, 3.19310977659e-008, 2.98813276345e-008, 4.63234073322e-008, 5.85775268291e-008, 8.37234850337e-008, 9.96602906866e-008, 2.30862994499e-007, 1.24389998746e-007, 5.6788771019e-008, 1.25840449172e-008, 1.92860977188e-010, 2.17085741744e-011, 6.81359309251e-012, 3.7379323405e-014, 1.19477523068e-018]
        dvar2: [6.89282094943e-012, 7.29899483076e-008, 2.89966465061e-007, 3.07432742375e-007, 6.33059016764e-007, 7.0487146786e-007, 2.45882432637e-007, 2.13731269127e-007, 2.69729127922e-007, 9.98982798706e-008, 1.30468393422e-007, 7.91681884493e-008, 7.20745987337e-008, 6.65233059749e-008, 1.17325519966e-007, 1.49662611193e-007, 2.0677930479e-007, 2.60213937509e-007, 6.18427179688e-007, 3.36749735652e-007, 1.57547205504e-007, 3.51478206539e-008, 4.65157912188e-010, 4.88207044236e-011, 1.45656507688e-011, 8.66621160142e-014, 2.74813491125e-018]
        max: [1.49857132783e-005, 0.00152779370546, 0.00398020166904, 0.00562703702599, 0.00732213724405, 0.0060178800486, 0.00666804751381, 0.00568275339901, 0.00889342278242, 0.00383166177198, 0.00506036868319, 0.00310303783044, 0.00354273244739, 0.00384681392461, 0.00470510963351, 0.00515152513981, 0.00638193823397, 0.00655003869906, 0.00578187033534, 0.00671416986734, 0.00301315449178, 0.00162137055304, 0.000248775264481, 8.74654797371e-005, 5.50424338144e-005, 4.40100211563e-006, 3.03384446454e-008]
        mean: [1.76252092388e-006, 0.000234142207773, 0.000378611963242, 0.000203265270102, 0.000272452656645, 0.000207703924389, 0.000167560297996, 0.000154871973791, 0.000254657352343, 0.00013847379887, 0.000147011349327, 0.000143999277498, 0.000129656182253, 0.000136818460305, 0.000177105466719, 0.000245450617513, 0.000297335267533, 0.000318062258884, 0.000542658672202, 0.000418110750616, 0.000227280936087, 7.7575125033e-005, 1.42824319482e-005, 5.28158670932e-006, 2.42759051616e-006, 1.10751109617e-007, 8.572006438e-010]
        median: [6.14880946159e-007, 0.000205121890758, 0.000276091159321, 0.000101602439827, 0.000111254150397, 6.37102639303e-005, 5.63372159377e-005, 4.42761956947e-005, 7.85593729233e-005, 4.11161745433e-005, 3.99153541366e-005, 5.94616358285e-005, 4.67266108899e-005, 6.8478853791e-005, 8.80076695466e-005, 0.000166303885635, 0.000196406472242, 0.000228580393014, 0.000409162603319, 0.000327487447066, 0.0001722919842, 4.96180873597e-005, 1.01817458926e-005, 3.56786472366e-006, 1.364956006e-006, 4.53450610394e-008, 4.38040548278e-010]
        min: [1.80172391319e-023, 2.01427601544e-023, 1.93691558191e-023, 5.46153963778e-023, 9.03421336916e-024, 4.00335612912e-023, 7.94966941063e-023, 6.31843127638e-023, 8.58541115197e-023, 2.46361024042e-023, 8.20960538979e-023, 1.26537845658e-022, 8.59396555963e-023, 1.04847275721e-022, 1.42935815253e-022, 1.75549445533e-022, 1.99382763637e-022, 2.12352268008e-022, 2.22813800545e-022, 2.0969802243e-022, 4.04234542158e-022, 4.53494399716e-022, 8.11475136615e-022, 8.89903056723e-022, 1.16553645913e-021, 1.64680785038e-021, 2.47539513446e-021]
        var: [5.80595077224e-012, 3.37919345839e-008, 1.6193136787e-007, 1.09024661299e-007, 2.66752010702e-007, 2.17783892253e-007, 1.49532922933e-007, 1.1929407151e-007, 2.42963693609e-007, 7.53487796601e-008, 1.00682555626e-007, 6.00162621822e-008, 6.64743637913e-008, 5.74358089978e-008, 8.61640927496e-008, 1.02812684588e-007, 1.74490921268e-007, 1.49222415757e-007, 3.211596038e-007, 1.80036835218e-007, 6.00372942472e-008, 1.05104414061e-008, 2.89579416002e-010, 4.58098385614e-011, 1.57185636035e-011, 6.79483054024e-014, 2.13821370018e-018]
    frequency_bands:
        dmean: [1.21379389384e-006, 0.000137752780574, 0.000239477754803, 0.000163013130077, 0.000202113384148, 0.000188255362445, 0.00012362858979, 0.000115404574899, 0.000153167929966, 8.87269779923e-005, 0.000102126992715, 9.10074231797e-005, 8.14813829493e-005, 8.25177266961e-005, 0.000100854718767, 0.00013573616161, 0.000163071570569, 0.000188267469639, 0.000318657635944, 0.000228471355513, 0.00014192701201, 5.86800924793e-005, 7.76105662226e-006, 2.49167874244e-006, 1.16418937068e-006, 6.22596658673e-008, 5.5119120379e-010, 5.69968169883e-011]
        dmean2: [1.86608349395e-006, 0.000235167142819, 0.000408917665482, 0.000277931190794, 0.000329308619257, 0.000323544227285, 0.000200891226996, 0.000183381474926, 0.00024180058972, 0.000141269265441, 0.000159422837896, 0.000144248799188, 0.000128288811538, 0.000130995205836, 0.000164933735505, 0.000225901836529, 0.000267840165179, 0.000318410224281, 0.000552120560315, 0.0003937301517, 0.00024978176225, 0.000105089144199, 1.28656683955e-005, 3.97383473683e-006, 1.79592973382e-006, 9.44155473803e-008, 8.90426343769e-010, 1.0594726485e-010]
        dvar: [3.08898870024e-012, 2.50433593862e-008, 1.0856237509e-007, 1.12744665159e-007, 2.4459660608e-007, 2.55814484262e-007, 1.00352892218e-007, 8.70854250934e-008, 1.11718279072e-007, 4.17909085115e-008, 5.50137428945e-008, 3.30513110214e-008, 3.19310977659e-008, 2.98813276345e-008, 4.63234073322e-008, 5.85775268291e-008, 8.37234850337e-008, 9.96602906866e-008, 2.30862994499e-007, 1.24389998746e-007, 5.6788771019e-008, 1.25840449172e-008, 1.92860977188e-010, 2.17085741744e-011, 6.81359309251e-012, 3.7379323405e-014, 1.19477523068e-018, 7.46848611936e-021]
        dvar2: [6.89282094943e-012, 7.29899483076e-008, 2.89966465061e-007, 3.07432742375e-007, 6.33059016764e-007, 7.0487146786e-007, 2.45882432637e-007, 2.13731269127e-007, 2.69729127922e-007, 9.98982798706e-008, 1.30468393422e-007, 7.91681884493e-008, 7.20745987337e-008, 6.65233059749e-008, 1.17325519966e-007, 1.49662611193e-007, 2.0677930479e-007, 2.60213937509e-007, 6.18427179688e-007, 3.36749735652e-007, 1.57547205504e-007, 3.51478206539e-008, 4.65157912188e-010, 4.88207044236e-011, 1.45656507688e-011, 8.66621160142e-014, 2.74813491125e-018, 2.40608438654e-020]
        max: [1.49857132783e-005, 0.00152779370546, 0.00398020166904, 0.00562703702599, 0.00732213724405, 0.0060178800486, 0.00666804751381, 0.00568275339901, 0.00889342278242, 0.00383166177198, 0.00506036868319, 0.00310303783044, 0.00354273244739, 0.00384681392461, 0.00470510963351, 0.00515152513981, 0.00638193823397, 0.00655003869906, 0.00578187033534, 0.00671416986734, 0.00301315449178, 0.00162137055304, 0.000248775264481, 8.74654797371e-005, 5.50424338144e-005, 4.40100211563e-006, 3.03384446454e-008, 1.32519173413e-009]
        mean: [1.76252092388e-006, 0.000234142207773, 0.000378611963242, 0.000203265270102, 0.000272452656645, 0.000207703924389, 0.000167560297996, 0.000154871973791, 0.000254657352343, 0.00013847379887, 0.000147011349327, 0.000143999277498, 0.000129656182253, 0.000136818460305, 0.000177105466719, 0.000245450617513, 0.000297335267533, 0.000318062258884, 0.000542658672202, 0.000418110750616, 0.000227280936087, 7.7575125033e-005, 1.42824319482e-005, 5.28158670932e-006, 2.42759051616e-006, 1.10751109617e-007, 8.572006438e-010, 4.40339327501e-011]
        median: [6.14880946159e-007, 0.000205121890758, 0.000276091159321, 0.000101602439827, 0.000111254150397, 6.37102639303e-005, 5.63372159377e-005, 4.42761956947e-005, 7.85593729233e-005, 4.11161745433e-005, 3.99153541366e-005, 5.94616358285e-005, 4.67266108899e-005, 6.8478853791e-005, 8.80076695466e-005, 0.000166303885635, 0.000196406472242, 0.000228580393014, 0.000409162603319, 0.000327487447066, 0.0001722919842, 4.96180873597e-005, 1.01817458926e-005, 3.56786472366e-006, 1.364956006e-006, 4.53450610394e-008, 4.38040548278e-010, 1.63170466722e-011]
        min: [1.80172391319e-023, 2.01427601544e-023, 1.93691558191e-023, 5.46153963778e-023, 9.03421336916e-024, 4.00335612912e-023, 7.94966941063e-023, 6.31843127638e-023, 8.58541115197e-023, 2.46361024042e-023, 8.20960538979e-023, 1.26537845658e-022, 8.59396555963e-023, 1.04847275721e-022, 1.42935815253e-022, 1.75549445533e-022, 1.99382763637e-022, 2.12352268008e-022, 2.22813800545e-022, 2.0969802243e-022, 4.04234542158e-022, 4.53494399716e-022, 8.11475136615e-022, 8.89903056723e-022, 1.16553645913e-021, 1.64680785038e-021, 2.47539513446e-021, 8.18705848294e-022]
        var: [5.80595077224e-012, 3.37919345839e-008, 1.6193136787e-007, 1.09024661299e-007, 2.66752010702e-007, 2.17783892253e-007, 1.49532922933e-007, 1.1929407151e-007, 2.42963693609e-007, 7.53487796601e-008, 1.00682555626e-007, 6.00162621822e-008, 6.64743637913e-008, 5.74358089978e-008, 8.61640927496e-008, 1.02812684588e-007, 1.74490921268e-007, 1.49222415757e-007, 3.211596038e-007, 1.80036835218e-007, 6.00372942472e-008, 1.05104414061e-008, 2.89579416002e-010, 4.58098385614e-011, 1.57185636035e-011, 6.79483054024e-014, 2.13821370018e-018, 5.76486685423e-021]
    mfcc:
        mean: [-711.289245605, 95.5409088135, -42.8429222107, 49.831829071, -10.0884017944, 2.44826698303, 5.36680984497, 2.61458396912, 3.41386914253, 1.37224948406, -1.91598856449, -0.714014291763, 0.575954437256]
        cov: [[9804.6953125, 37.1563568115, -835.247558594, 1567.56066895, -68.7393417358, 485.158874512, 171.150482178, 209.876602173, 122.030265808, 111.966064453, 47.4024353027, -191.865112305, -122.509643555], [37.1563568115, 1161.02770996, -73.3869171143, -154.64163208, -87.0975570679, -210.361938477, -28.23087883, -20.7035732269, 2.33813405037, -14.9355554581, -38.3334732056, 63.096157074, 38.2168197632], [-835.247558594, -73.3869171143, 410.903900146, -50.1203956604, 25.255815506, -32.4688491821, -4.47803401947, 8.22386932373, 20.0599746704, -12.7714290619, 23.5424766541, 30.0238571167, 31.2917537689], [1567.56066895, -154.64163208, -50.1203956604, 566.538085938, 104.493927002, 159.1015625, 31.6819782257, 43.5338745117, 52.4575157166, 42.1510047913, 45.2338905334, -21.1963043213, 10.2078065872], [-68.7393417358, -87.0975570679, 25.255815506, 104.493927002, 249.716339111, 122.973648071, 47.8807983398, 31.3225078583, 72.4427871704, 59.7699050903, 26.2322406769, 16.2662944794, 22.5109729767], [485.158874512, -210.361938477, -32.4688491821, 159.1015625, 122.973648071, 254.340911865, 137.627105713, 76.0989303589, 55.831199646, 52.9451255798, 47.1366844177, 2.65459275246, 8.33088302612], [171.150482178, -28.23087883, -4.47803401947, 31.6819782257, 47.8807983398, 137.627105713, 194.823379517, 95.1096801758, 49.9547119141, 31.6457614899, 23.4537181854, 19.2935714722, 14.1092472076], [209.876602173, -20.7035732269, 8.22386932373, 43.5338745117, 31.3225078583, 76.0989303589, 95.1096801758, 135.044403076, 83.5356369019, 47.4951324463, 21.4075965881, 10.3855485916, 12.9215688705], [122.030265808, 2.33813405037, 20.0599746704, 52.4575157166, 72.4427871704, 55.831199646, 49.9547119141, 83.5356369019, 141.422943115, 80.9327850342, 29.0798397064, 10.5125074387, 13.5721416473], [111.966064453, -14.9355554581, -12.7714290619, 42.1510047913, 59.7699050903, 52.9451255798, 31.6457614899, 47.4951324463, 80.9327850342, 118.999145508, 56.4944190979, 14.5436859131, 0.350599199533], [47.4024353027, -38.3334732056, 23.5424766541, 45.2338905334, 26.2322406769, 47.1366844177, 23.4537181854, 21.4075965881, 29.0798397064, 56.4944190979, 89.9798126221, 37.6713638306, 10.7338504791], [-191.865112305, 63.096157074, 30.0238571167, -21.1963043213, 16.2662944794, 2.65459275246, 19.2935714722, 10.3855485916, 10.5125074387, 14.5436859131, 37.6713638306, 79.4433517456, 45.1324119568], [-122.509643555, 38.2168197632, 31.2917537689, 10.2078065872, 22.5109729767, 8.33088302612, 14.1092472076, 12.9215688705, 13.5721416473, 0.350599199533, 10.7338504791, 45.1324119568, 76.5090026855]]
        icov: [[0.000294687575661, -0.000135180234793, 0.00039088333142, -0.000796230975538, 0.000482252391521, -0.000327187997755, 4.75261258543e-005, -0.000212120823562, -8.07544129202e-005, 8.36634262669e-006, 5.4426069255e-005, 0.000204372801818, 0.000292642478598], [-0.000135180234793, 0.00127577711828, 0.000215883759665, 0.0003137543099, -0.000244831520831, 0.00164799299091, -0.000796497741248, 0.000307024951326, -0.000370056222891, -0.000157704373123, 0.000486927747261, -0.00116596533917, -0.000310398609145], [0.00039088333142, 0.000215883759665, 0.00347166322172, -0.000776794855483, -5.33718266524e-005, 0.000883816566784, -0.000282888067886, -0.000444257253548, -0.00111459335312, 0.00171148777008, -0.00166480522603, 0.000257850275375, -0.000480184244225], [-0.000796230975538, 0.0003137543099, -0.000776794855483, 0.00459518702701, -0.00165100616869, -0.000722900847904, 0.000952960748691, 0.000196893452085, -0.00019210735627, 0.000652032555081, -0.0015956183197, 0.00112728984095, -0.00178161018994], [0.000482252391521, -0.000244831520831, -5.33718266524e-005, -0.00165100616869, 0.00748567376286, -0.00417881086469, 0.00088422378758, 0.00177133956458, -0.00257299374789, -0.00202934583649, 0.00249368743971, -0.00124426023103, -0.00022321830329], [-0.000327187997755, 0.00164799299091, 0.000883816566784, -0.000722900847904, -0.00417881086469, 0.0129792587832, -0.00720808329061, -0.000322931591654, 0.000726425321773, 0.000248476717388, -0.00362672144547, 0.00178343779407, -0.00108531373553], [4.75261258543e-005, -0.000796497741248, -0.000282888067886, 0.000952960748691, 0.00088422378758, -0.00720808329061, 0.0124266501516, -0.00619212398306, 0.000868018250912, 0.000513363745995, 0.00123660231475, -0.00225757365115, 0.000743286043871], [-0.000212120823562, 0.000307024951326, -0.000444257253548, 0.000196893452085, 0.00177133956458, -0.000322931591654, -0.00619212398306, 0.0172199662775, -0.00835343077779, -0.000424903468229, 0.000560834596399, -6.70573135721e-005, -0.0011453058105], [-8.07544129202e-005, -0.000370056222891, -0.00111459335312, -0.00019210735627, -0.00257299374789, 0.000726425321773, 0.000868018250912, -0.00835343077779, 0.0180301573128, -0.00939368177205, 0.00222785980441, 0.0010519309435, -0.00162275275216], [8.36634262669e-006, -0.000157704373123, 0.00171148777008, 0.000652032555081, -0.00202934583649, 0.000248476717388, 0.000513363745995, -0.000424903468229, -0.00939368177205, 0.0208796616644, -0.0114505821839, 0.00171460944694, 0.00201802072115], [5.4426069255e-005, 0.000486927747261, -0.00166480522603, -0.0015956183197, 0.00249368743971, -0.00362672144547, 0.00123660231475, 0.000560834596399, 0.00222785980441, -0.0114505821839, 0.0246612448245, -0.0129205603153, 0.00389534630813], [0.000204372801818, -0.00116596533917, 0.000257850275375, 0.00112728984095, -0.00124426023103, 0.00178343779407, -0.00225757365115, -6.70573135721e-005, 0.0010519309435, 0.00171460944694, -0.0129205603153, 0.0285844895989, -0.0139903184026], [0.000292642478598, -0.000310398609145, -0.000480184244225, -0.00178161018994, -0.00022321830329, -0.00108531373553, 0.000743286043871, -0.0011453058105, -0.00162275275216, 0.00201802072115, 0.00389534630813, -0.0139903184026, 0.0223532654345]]
    sccoeffs:
        dmean: [0.0540957711637, 0.0502579212189, 0.0412435978651, 0.0320791006088, 0.0204587411135, 0.0204276572913]
        dmean2: [0.0906043127179, 0.0822095572948, 0.0662633925676, 0.0524787567556, 0.03416358307, 0.033847104758]
        dvar: [0.00197316682898, 0.0017945356667, 0.00111780443694, 0.000666413980071, 0.000290755182505, 0.000430288346251]
        dvar2: [0.0054194717668, 0.00461112102494, 0.00279701920226, 0.00173367268872, 0.000783575174864, 0.00113684043754]
        max: [-0.219098299742, -0.431510269642, -0.455772072077, -0.557046771049, -0.657367646694, -0.627008318901]
        mean: [-0.659092187881, -0.757369995117, -0.762646257877, -0.784927546978, -0.801760315895, -0.750363945961]
        median: [-0.664593935013, -0.765964627266, -0.771877765656, -0.789368391037, -0.803494811058, -0.743872642517]
        min: [-0.967556297779, -0.973826110363, -0.976062953472, -0.961302757263, -0.964391171932, -0.961839675903]
        var: [0.007857311517, 0.00577847659588, 0.00496283406392, 0.00228792242706, 0.000995117938146, 0.0019092700677]
    scvalleys:
        dmean: [0.360501408577, 0.364402800798, 0.314961731434, 0.285382717848, 0.278131127357, 0.25584384799]
        dmean2: [0.611716389656, 0.606553316116, 0.509351849556, 0.462175607681, 0.452459186316, 0.386180818081]
        dvar: [0.0942537039518, 0.112612515688, 0.0852739587426, 0.0929639711976, 0.120860598981, 0.115634270012]
        dvar2: [0.243295475841, 0.273594349623, 0.195993348956, 0.213957965374, 0.272747993469, 0.225781723857]
        max: [-5.13213729858, -4.50999450684, -5.27391147614, -5.24550867081, -5.19119024277, -7.74409818649]
        mean: [-7.03289365768, -6.90789699554, -7.17302656174, -7.35907125473, -7.12384986877, -9.78778171539]
        median: [-6.51134300232, -6.68164920807, -6.911632061, -6.89062690735, -6.55699825287, -9.26546573639]
        min: [-27.1951007843, -27.1099910736, -26.7493724823, -27.2840709686, -27.2187728882, -27.2488002777]
        var: [3.87861680984, 2.03422498703, 2.0033249855, 2.40612626076, 2.90204811096, 2.93139457703]

rhythm:
    beats_loudness:
        dmean: 0.00237154983915
        dmean2: 0.0044726007618
        dvar: 3.63025196748e-006
        dvar2: 1.17047502499e-005
        max: 0.0149346487597
        mean: 0.00625848490745
        median: 0.00647296244279
        min: 4.86487759799e-012
        var: 8.12293728814e-006
    bpm: 114.890304565
    bpm_confidence: 0
    first_peak_bpm: 115
    first_peak_spread: 0.19430051744
    first_peak_weight: 0.754854381084
    onset_rate: 3.95176386833
    second_peak_bpm: 144
    second_peak_spread: 0.200000032783
    second_peak_weight: 0.019417475909
    beats_loudness_band_ratio:
        dmean: [0.182239204645, 0.135502681136, 0.121623814106, 0.105770461261, 0.0849285274744, 0.0927076861262]
        dmean2: [0.333400577307, 0.263562679291, 0.221295744181, 0.190914690495, 0.147076249123, 0.159109592438]
        dvar: [0.0171078611165, 0.0085190134123, 0.0146793611348, 0.0108605287969, 0.00792067684233, 0.00658091716468]
        dvar2: [0.0522606484592, 0.025960650295, 0.0439001061022, 0.0328995957971, 0.0237862523645, 0.0206379685551]
        max: [0.867593646049, 0.635473906994, 0.843403100967, 0.648482263088, 0.66394329071, 0.588127017021]
        mean: [0.311969906092, 0.120571583509, 0.139007285237, 0.123678639531, 0.172093734145, 0.188932642341]
        median: [0.316506505013, 0.104764252901, 0.0801564007998, 0.0756815746427, 0.157030135393, 0.179252699018]
        min: [0, 0, 0, 0, 0, 0]
        var: [0.031543109566, 0.0119091868401, 0.0205104313791, 0.0152880260721, 0.0119840288535, 0.0125971240923]
    beats_position: [0.53405892849, 1.06811785698, 1.59056687355, 2.11301589012, 2.6470746994, 3.1811337471, 3.72680258751, 4.27247142792, 4.81814050674, 5.36380958557, 5.90947818756, 6.46675729752, 7.02403593063, 7.56970500946, 8.10376358032, 8.63782310486, 9.16027164459, 9.682721138, 10.2051696777, 10.7276191711, 11.2500677109, 11.7725172043, 12.2833557129, 12.8058052063, 13.328253746, 13.8507022858, 14.3731517792, 14.90721035, 15.4180498123, 15.9404983521, 16.4629478455, 16.9853973389, 17.5078449249, 18.0302944183, 18.5527439117, 19.0635814667, 19.5860309601, 20.1084804535, 20.642539978, 21.1649875641, 21.6874370575, 22.1982765198, 22.7207260132, 23.2431735992, 23.7772331238, 24.2880725861, 24.8105201721, 25.3329696655, 25.8554191589, 26.3778686523, 26.8887062073, 27.4111557007, 27.9336051941, 28.4560546875, 28.9785022736, 29.500951767, 30.0234012604, 30.5458488464, 31.0682983398, 31.5907478333, 32.1131973267, 32.6356468201, 33.1580963135, 33.6921539307, 34.2029914856, 34.725440979, 35.2478904724, 35.7587280273, 36.2811775208, 36.8036270142, 37.3376846313, 37.8601341248, 38.3825836182, 38.9050331116, 39.427482605, 39.9383201599, 40.4607696533, 40.9832191467, 41.5056686401, 42.0281181335, 42.550567627, 43.0730133057, 43.5954627991, 44.1179122925, 44.6403617859, 45.1628112793, 45.6852607727, 46.2077102661, 46.718547821, 47.2409973145, 47.7634468079, 48.297504425, 48.80834198, 49.3307914734, 49.8532409668, 50.3873023987, 50.8981399536, 51.420589447, 51.9430389404, 52.4654884338, 52.9879341125, 53.510383606, 54.0328330994, 54.5552825928, 55.0777320862, 55.6001815796, 56.122631073, 56.6450767517, 57.1675262451, 57.6899757385, 58.2124252319, 58.7232627869, 59.2457122803, 59.7681617737, 60.2906112671, 60.8130607605, 61.3355102539, 61.8579597473, 62.3687973022, 62.8912467957, 63.4136962891, 63.9361457825, 64.4585952759, 64.9810409546, 65.5034942627, 66.0259399414, 66.5599975586, 67.0824508667, 67.5932846069, 68.115737915, 68.6381835938, 69.1606369019, 69.6830825806, 70.2055282593, 70.7279815674, 71.2504272461, 71.7728805542, 72.2953262329, 72.817779541, 73.3402252197, 73.8626708984, 74.3735122681, 74.8959655762, 75.4184112549, 75.9292526245, 76.4516983032, 76.9741516113, 77.49659729, 78.0190429688, 78.5531082153, 79.075553894, 79.5979995728, 80.1088409424, 80.6312942505, 81.1537399292, 81.6761856079, 82.198638916, 82.7210845947, 83.2435379028, 83.7659835815, 84.2884368896, 84.8108825684, 85.3333282471, 85.8557815552, 86.3782272339, 86.900680542, 87.4231262207, 87.9455795288, 88.4680252075, 88.9904708862, 89.5129241943, 90.035369873, 90.5578231812, 91.0686569214, 91.5911102295, 92.1135559082, 92.6476211548, 93.158454895, 93.6809082031, 94.2033538818, 94.7257995605, 95.2482528687, 95.7706985474, 96.2931518555, 96.8039855957, 97.3264389038, 97.8488845825, 98.3713378906, 98.8937835693, 99.4162368774, 99.9386825562, 100.461128235, 100.983581543, 101.506027222, 102.02848053, 102.550926208, 103.073379517, 103.595825195, 104.118278503, 104.640724182, 105.163169861, 105.685623169, 106.208068848, 106.730522156, 107.252967834, 107.775421143, 108.297866821, 108.808708191, 109.33115387, 109.853607178, 110.376052856, 110.886894226, 111.409339905, 111.931785583, 112.454238892, 112.988296509, 113.499137878, 114.021583557, 114.544036865, 115.066482544, 115.588935852, 116.122993469, 116.633827209, 117.144668579, 117.678726196, 118.201179504, 118.723625183, 119.246078491, 119.76852417, 120.290969849, 120.813423157, 121.335868835, 121.858322144, 122.380767822, 122.90322113, 123.425666809, 123.948112488, 124.470565796, 124.993011475, 125.503852844, 126.026298523, 126.548751831, 127.082809448, 127.593650818, 128.104492188, 128.638549805, 129.160995483, 129.683441162, 130.194290161, 130.71673584, 131.239181519, 131.761627197, 132.284072876, 132.806533813, 133.328979492, 133.851425171, 134.37387085, 134.896316528, 135.418777466, 135.941223145, 136.463668823, 136.986114502, 137.508575439, 138.042633057, 138.565078735, 139.087524414, 139.609970093, 140.120819092, 140.643264771, 141.154098511, 141.676544189, 142.199005127, 142.721450806, 143.243896484, 143.777954102, 144.288803101, 144.811248779, 145.333694458, 145.856140137, 146.378585815, 146.901046753, 147.423492432, 147.94593811, 148.468383789, 148.990829468, 149.513290405, 150.035736084, 150.558181763, 151.080627441, 151.603088379, 152.125534058, 152.636367798, 153.158813477, 153.669662476, 154.192108154, 154.714553833, 155.236999512, 155.759460449, 156.281906128, 156.804351807, 157.326797485, 157.849243164, 158.371704102, 158.89414978, 159.416595459, 159.939041138, 160.461486816, 160.983947754, 161.506393433, 162.028839111, 162.55128479, 163.073745728, 163.596191406, 164.118637085, 164.629470825, 165.163528442, 165.68598938, 166.208435059, 166.730880737, 167.253326416, 167.764175415, 168.286621094, 168.809066772, 169.34312439, 169.85395813, 170.376419067, 170.898864746, 171.432922363, 171.943756104, 172.466217041, 172.98866272, 173.511108398, 174.033554077, 174.555999756, 175.078460693, 175.589294434, 176.111740112, 176.634185791, 177.156646729, 177.679092407, 178.201538086, 178.723983765, 179.246429443, 179.768890381, 180.279724121, 180.8021698, 181.324615479, 181.847076416, 182.369522095, 182.891967773, 183.414413452, 183.93687439, 184.459320068, 184.981765747, 185.504211426, 186.026657104, 186.549118042, 187.071563721, 187.594009399, 188.116455078, 188.638900757, 189.161361694, 189.683807373, 190.206253052, 190.72869873, 191.251159668, 191.773605347, 192.284439087, 192.818496704, 193.329345703, 193.851791382, 194.374237061, 194.896682739, 195.419128418, 195.941589355, 196.464035034, 196.974868774, 197.508926392, 198.042984009, 198.553833008, 199.064666748, 199.587112427, 200.109558105, 200.632019043, 201.154464722, 201.6769104, 202.199356079, 202.721817017, 203.244262695, 203.766708374, 204.289154053, 204.811599731, 205.334060669, 205.856506348, 206.390563965, 206.808517456, 207.226486206, 207.644439697, 208.050796509, 208.445526123, 208.840270996, 209.23500061, 209.629745483, 210.024490356, 210.419219971, 210.813964844, 211.208709717, 211.61505127, 212.033004761, 212.450973511, 212.868927002, 213.286895752, 213.704849243]
