
metadata:
    version:
        essentia: "2.1-beta2"
    audio_properties:
        analysis_sample_rate: 44100
        bitrate: 320
        channels: 2
        equal_loudness: 1
        length: 180.506118774
        replay_gain: -14.7771606445
        downmix: "mix"
    tags:
        album: "Incomparable"
        artist: "Dead By April"
        comment: "-=Titan=-"
        date: "2011"
        genre: "Modern Metal"
        title: "Unhateable"
        tracknumber: "15"

configuration:
    average_loudness:
        compute: 1
        frameSize: 88200
        hopSize: 44100
        silentFrames: "noise"
        windowType: "hann"
    general:
        analysisSampleRate: 44100
        endTime: 2000
        equalLoudness: 1
        nequalLoudness: 0
        shortSound: 0
        startTime: 0
    lowlevel:
        compute: 1
        frameSize: 2048
        hopSize: 1024
        zeroPadding: 0
        silentFrames: "noise"
        windowType: "blackmanharris62"
        mfccStats: ["mean", "cov", "icov"]
        stats: ["mean", "var", "median", "min", "max", "dmean", "dmean2", "dvar", "dvar2"]
    panning:
        compute: 0
        frameSize: 8192
        hopSize: 2048
        zeroPadding: 8192
        silentFrames: "noise"
        windowType: "hann"
        stats: ["copy"]
    rhythm:
        compute: 1
        maxTempo: 208
        minTempo: 40
        method: "degara"
        stats: ["mean", "var", "median", "min", "max", "dmean", "dmean2", "dvar", "dvar2"]
    segmentation:
        compute: 0
        cpw: 5
        inc1: 300
        inc2: 50
        minimumSegmentsLength: 10
        size1: 1000
        size2: 600
    sfx:
        compute: 1
        stats: ["mean", "var", "median", "min", "max", "dmean", "dmean2", "dvar", "dvar2"]
    svm:
        compute: 0
    tonal:
        compute: 1
        frameSize: 4096
        hopSize: 2048
        zeroPadding: 0
        silentFrames: "noise"
        windowType: "blackmanharris62"
        stats: ["mean", "var", "median", "min", "max", "dmean", "dmean2", "dvar", "dvar2"]

lowlevel:
    average_loudness: 0.967647612095
    barkbands_kurtosis:
        dmean: 0.553329825401
        dmean2: 0.906492054462
        dvar: 1.1922711134
        dvar2: 3.03851628304
        max: 26.9033317566
        mean: -0.798999905586
        median: -1.07628655434
        min: -1.86704576015
        var: 1.45222437382
    barkbands_skewness:
        dmean: 0.395298629999
        dmean2: 0.633068680763
        dvar: 0.149310067296
        dvar2: 0.398536503315
        max: 5.00497102737
        mean: -0.116815790534
        median: -0.120814405382
        min: -2.78878808022
        var: 0.437901228666
    barkbands_spread:
        dmean: 5.17129325867
        dmean2: 8.18674564362
        dvar: 22.292093277
        dvar2: 57.6489067078
        max: 64.4455032349
        mean: 32.5126228333
        median: 32.7935142517
        min: 4.26103115082
        var: 83.5504684448
    dissonance:
        dmean: 0.0142064196989
        dmean2: 0.0240186471492
        dvar: 0.000243161077378
        dvar2: 0.000678223615978
        max: 0.500000059605
        mean: 0.473162084818
        median: 0.479627668858
        min: 0.18574732542
        var: 0.000786224089097
    hfc:
        dmean: 3.42212677002
        dmean2: 5.7945356369
        dvar: 18.7412700653
        dvar2: 50.4947891235
        max: 44.597984314
        mean: 10.4742832184
        median: 9.47990131378
        min: 1.2076451808e-016
        var: 32.9817199707
    pitch:
        dmean: 721.22845459
        dmean2: 1389.6192627
        dvar: 1510460.375
        dvar2: 3856417.5
        max: 4925.32324219
        mean: 890.506103516
        median: 324.246917725
        min: 69.3711166382
        var: 1548791.375
    pitch_instantaneous_confidence:
        dmean: 0.0830847918987
        dmean2: 0.135606974363
        dvar: 0.00470090843737
        dvar2: 0.0117885805666
        max: 0.915687143803
        mean: 0.391048520803
        median: 0.366118609905
        min: 0.106993794441
        var: 0.0178644638509
    pitch_salience:
        dmean: 0.0635499507189
        dmean2: 0.106047414243
        dvar: 0.00318754999898
        dvar2: 0.00874878838658
        max: 0.984631299973
        mean: 0.624661445618
        median: 0.630583524704
        min: 0.15844707191
        var: 0.00745397992432
    silence_rate_20dB:
        dmean: 0
        dmean2: 0
        dvar: 0
        dvar2: 0
        max: 1
        mean: 1
        median: 1
        min: 1
        var: 0
    silence_rate_30dB:
        dmean: 0
        dmean2: 0
        dvar: 0
        dvar2: 0
        max: 1
        mean: 1
        median: 1
        min: 1
        var: 0
    silence_rate_60dB:
        dmean: 0.0524826347828
        dmean2: 0.104978770018
        dvar: 0.0497283264995
        dvar2: 0.113779172301
        max: 1
        mean: 0.0990353673697
        median: 0
        min: 0
        var: 0.0892250388861
    spectral_centroid:
        dmean: 302.902099609
        dmean2: 500.633148193
        dvar: 96770.953125
        dvar2: 258257.265625
        max: 10815.7900391
        mean: 1807.43078613
        median: 1790.25854492
        min: 227.534729004
        var: 267430.46875
    spectral_complexity:
        dmean: 4.67995882034
        dmean2: 7.7056479454
        dvar: 22.4828510284
        dvar2: 57.0590133667
        max: 46
        mean: 18.0420570374
        median: 18
        min: 0
        var: 56.2068824768
    spectral_crest:
        dmean: 1.91120839119
        dmean2: 3.16648602486
        dvar: 3.25645661354
        dvar2: 8.61423110962
        max: 19.2190685272
        mean: 6.44287729263
        median: 5.79927873611
        min: 2.24651789665
        var: 6.67708015442
    spectral_decrease:
        dmean: 3.39846428776e-010
        dmean2: 5.43006362097e-010
        dvar: 1.66056637217e-019
        dvar2: 4.25134904194e-019
        max: 9.83967670819e-031
        mean: -1.25924481953e-009
        median: -1.22196408547e-009
        min: -4.10940836915e-009
        var: 3.05919747307e-019
    spectral_energy:
        dmean: 0.00154474633746
        dmean2: 0.002485193545
        dvar: 3.35426375386e-006
        dvar2: 8.60211275722e-006
        max: 0.019253000617
        mean: 0.00570272840559
        median: 0.00549106532708
        min: 1.09499867278e-020
        var: 6.39035715722e-006
    spectral_energyband_high:
        dmean: 0.000280218751868
        dmean2: 0.000492987921461
        dvar: 1.68024129721e-007
        dvar2: 4.59848678247e-007
        max: 0.00359257869422
        mean: 0.000540393870324
        median: 0.000423820863944
        min: 7.7773056e-021
        var: 1.90152931623e-007
    spectral_energyband_low:
        dmean: 0.000259740249021
        dmean2: 0.000425567530328
        dvar: 1.18675345107e-007
        dvar2: 2.91594915325e-007
        max: 0.00514889229089
        mean: 0.000485002470668
        median: 0.000386348605389
        min: 3.43261368647e-023
        var: 1.93595894871e-007
    spectral_energyband_middle_high:
        dmean: 0.000882126216311
        dmean2: 0.00143771630246
        dvar: 9.13101359856e-007
        dvar2: 2.34714343605e-006
        max: 0.0140443304554
        mean: 0.00299033056945
        median: 0.00277694407851
        min: 1.72605997237e-021
        var: 2.78607080872e-006
    spectral_energyband_middle_low:
        dmean: 0.000811836100183
        dmean2: 0.00130249443464
        dvar: 1.45215778957e-006
        dvar2: 3.80814321943e-006
        max: 0.0147238867357
        mean: 0.0018174117431
        median: 0.00150148442481
        min: 3.12308391546e-022
        var: 1.85741828318e-006
    spectral_flatness_db:
        dmean: 0.0123203359544
        dmean2: 0.0196461491287
        dvar: 0.000134476591484
        dvar2: 0.000333064905135
        max: 0.394622117281
        mean: 0.133242145181
        median: 0.126122057438
        min: 0.066228300333
        var: 0.00130701391026
    spectral_flux:
        dmean: 0.00911095365882
        dmean2: 0.0138589385897
        dvar: 8.684151544e-005
        dvar2: 0.000170207829797
        max: 0.115207761526
        mean: 0.044921875
        median: 0.0434103347361
        min: 1.04642183807e-010
        var: 0.000244993920205
    spectral_kurtosis:
        dmean: 0.859630465508
        dmean2: 1.46898508072
        dvar: 3.2899518013
        dvar2: 10.0213270187
        max: 53.29895401
        mean: 3.16894674301
        median: 2.6855700016
        min: -1.18905448914
        var: 10.2172327042
    spectral_rms:
        dmean: 0.000303803826682
        dmean2: 0.000478388916235
        dvar: 1.03343147373e-007
        dvar2: 2.56656619513e-007
        max: 0.00433398364112
        mean: 0.00228124950081
        median: 0.00231454893947
        min: 3.26847273205e-012
        var: 3.59562221774e-007
    spectral_rolloff:
        dmean: 410.396697998
        dmean2: 690.016601563
        dvar: 235568.90625
        dvar2: 585640.4375
        max: 18884.6191406
        mean: 3391.86401367
        median: 3466.84570313
        min: 150.732421875
        var: 566898.25
    spectral_skewness:
        dmean: 0.152352958918
        dmean2: 0.25377202034
        dvar: 0.0286752544343
        dvar2: 0.0829982832074
        max: 5.21503639221
        mean: 1.26994264126
        median: 1.21806108952
        min: 0.0192547570914
        var: 0.133913382888
    spectral_spread:
        dmean: 327828.5625
        dmean2: 497792.1875
        dvar: 237899202560
        dvar2: 379683078144
        max: 39745892
        mean: 4842870.5
        median: 4698983.5
        min: 1007796.0625
        var: 1.55248492544e+012
    spectral_strongpeak:
        dmean: 0.624110162258
        dmean2: 1.0577892065
        dvar: 0.78191447258
        dvar2: 1.89873635769
        max: 9.785779953
        mean: 1.08973073959
        median: 0.543914914131
        min: 6.5287983908e-009
        var: 1.79303228855
    zerocrossingrate:
        dmean: 0.00782970990986
        dmean2: 0.0100429644808
        dvar: 5.67127244722e-005
        dvar2: 7.98733672127e-005
        max: 0.4912109375
        mean: 0.101983077824
        median: 0.1025390625
        min: 0.01904296875
        var: 0.000490161473863
    barkbands:
        dmean: [8.23333891731e-007, 7.84544754424e-005, 0.000177175970748, 0.000196370587219, 0.00028716752422, 0.000237743646721, 0.000154752226081, 0.000139212614158, 0.000210595913813, 0.000108026579255, 0.000108591542812, 8.30368735478e-005, 6.65820625727e-005, 7.02750257915e-005, 0.000106726307422, 0.000210028549191, 0.00024311139714, 0.000206149663427, 0.000281020445982, 0.000206818120205, 0.000127951556351, 5.72603385081e-005, 8.05700346973e-006, 2.30676005231e-006, 9.82966867014e-007, 4.16214263055e-008, 3.98353683373e-010]
        dmean2: [1.19680419175e-006, 0.000133012741571, 0.000289562973194, 0.00033645084477, 0.000483803800307, 0.000395492563257, 0.000248822587309, 0.000222180242417, 0.000331752584316, 0.000172571904841, 0.000174693166628, 0.00013251992641, 0.000106095321826, 0.000112812616862, 0.000172417450813, 0.000335038319463, 0.000398876523832, 0.000342643033946, 0.000484254676849, 0.000355286581907, 0.000224362418521, 0.000102958270872, 1.3429406863e-005, 3.70420957552e-006, 1.52156519562e-006, 6.47014744004e-008, 6.68233302026e-010]
        dvar: [1.31346973228e-012, 1.07164144225e-008, 6.14742816651e-008, 1.33880419639e-007, 4.28948055742e-007, 2.13233491309e-007, 1.13039476446e-007, 7.70682504481e-008, 1.01724324963e-007, 5.10943358734e-008, 3.91077890072e-008, 2.17631566102e-008, 1.40902738366e-008, 1.31993287411e-008, 3.23951319103e-008, 1.26022641211e-007, 1.92131025756e-007, 8.82115358536e-008, 1.25152482155e-007, 7.47525987776e-008, 3.53750060356e-008, 9.2686880393e-009, 1.36841468712e-010, 2.07728990259e-011, 5.14419323111e-012, 2.07824310875e-014, 4.42839412736e-019]
        dvar2: [2.68818409373e-012, 3.00749576354e-008, 1.53232036837e-007, 3.65497385246e-007, 1.17365641472e-006, 5.55380609057e-007, 2.89690660793e-007, 1.91240886238e-007, 2.48279860671e-007, 1.25714009869e-007, 9.52972101231e-008, 5.54955903453e-008, 3.41680532756e-008, 3.01538136682e-008, 7.66152865594e-008, 3.06246249693e-007, 4.72165794463e-007, 2.17781263245e-007, 3.39467504773e-007, 1.99770738618e-007, 9.78064988999e-008, 2.56568988277e-008, 3.3534511279e-010, 4.51111058231e-011, 9.35321178147e-012, 4.19928848638e-014, 9.20234915948e-019]
        max: [8.96580422705e-006, 0.000884081760887, 0.00360075291246, 0.00374039472081, 0.0109899397939, 0.0070964358747, 0.00699729705229, 0.00600072927773, 0.00485807145014, 0.00529596908018, 0.00363757717423, 0.00279041239992, 0.00264016981237, 0.00218227412552, 0.00350518058985, 0.00565499532968, 0.0104010272771, 0.00487092602998, 0.00509831635281, 0.00353546766564, 0.00236244406551, 0.00105869024992, 0.000258386804489, 0.000101067897049, 6.58074204694e-005, 5.35158824277e-006, 2.28823431314e-008]
        mean: [1.25873998513e-006, 0.000112004323455, 0.000270505959634, 0.000232224687352, 0.000373402814148, 0.000340640544891, 0.000244819384534, 0.000217863809667, 0.000375469913706, 0.000190883263713, 0.000180380258826, 0.000145669124322, 0.000120584794786, 0.000135562586365, 0.000205402990105, 0.000406291102991, 0.000477560621221, 0.000401533703553, 0.000518701097462, 0.000411369692301, 0.00023003424576, 8.5376406787e-005, 1.73816370079e-005, 5.46780120203e-006, 2.26931479119e-006, 7.9766934391e-008, 6.26038831886e-010]
        median: [4.20681885771e-007, 8.30234857858e-005, 0.000183561744052, 0.000116080540465, 0.000171015228261, 0.000155359972268, 0.000105839011667, 9.36025899136e-005, 0.000204387688427, 5.08949342475e-005, 6.65806583129e-005, 6.256053166e-005, 5.83424116485e-005, 6.55717012705e-005, 9.98423565761e-005, 0.00021134740382, 0.000244022594416, 0.000279347004835, 0.000406748789828, 0.000319663289702, 0.000183030861081, 6.13584852545e-005, 1.41283517223e-005, 3.98817883251e-006, 1.4150982679e-006, 4.04424582712e-008, 3.89478754803e-010]
        min: [3.57416814948e-023, 1.62190401648e-023, 4.59408885931e-024, 1.20904490537e-023, 2.68075445978e-023, 2.59796887203e-023, 4.32424833705e-023, 6.32480148596e-023, 8.9400022356e-023, 1.10543936929e-022, 6.39589678618e-023, 1.61894932218e-022, 4.74379328099e-023, 1.10533599696e-022, 2.66062108864e-022, 1.24255349204e-022, 2.33655198007e-022, 2.41236946478e-022, 1.85564609016e-022, 3.00754065774e-022, 3.89686962568e-022, 4.73120552218e-022, 6.51450473696e-022, 1.16069797761e-021, 1.22150544615e-021, 1.60382071182e-021, 2.40761883081e-021]
        var: [2.61742168738e-012, 1.17095924068e-008, 9.41388691444e-008, 1.20870723208e-007, 3.89404988255e-007, 2.65246825393e-007, 1.45329806855e-007, 1.24553352521e-007, 2.2441660974e-007, 1.54553845277e-007, 9.09063118115e-008, 4.68699354883e-008, 3.16536521439e-008, 4.14336867038e-008, 8.97376111197e-008, 3.36265941314e-007, 5.03850685618e-007, 1.76165343646e-007, 1.87111552918e-007, 1.22212995279e-007, 3.70344785949e-008, 8.00870747497e-009, 2.38791542095e-010, 4.39429916066e-011, 1.45468567747e-011, 4.40056452107e-014, 9.85298254594e-019]
    frequency_bands:
        dmean: [8.23333891731e-007, 7.84544754424e-005, 0.000177175970748, 0.000196370587219, 0.00028716752422, 0.000237743646721, 0.000154752226081, 0.000139212614158, 0.000210595913813, 0.000108026579255, 0.000108591542812, 8.30368735478e-005, 6.65820625727e-005, 7.02750257915e-005, 0.000106726307422, 0.000210028549191, 0.00024311139714, 0.000206149663427, 0.000281020445982, 0.000206818120205, 0.000127951556351, 5.72603385081e-005, 8.05700346973e-006, 2.30676005231e-006, 9.82966867014e-007, 4.16214263055e-008, 3.98353683373e-010, 6.44895178925e-011]
        dmean2: [1.19680419175e-006, 0.000133012741571, 0.000289562973194, 0.00033645084477, 0.000483803800307, 0.000395492563257, 0.000248822587309, 0.000222180242417, 0.000331752584316, 0.000172571904841, 0.000174693166628, 0.00013251992641, 0.000106095321826, 0.000112812616862, 0.000172417450813, 0.000335038319463, 0.000398876523832, 0.000342643033946, 0.000484254676849, 0.000355286581907, 0.000224362418521, 0.000102958270872, 1.3429406863e-005, 3.70420957552e-006, 1.52156519562e-006, 6.47014744004e-008, 6.68233302026e-010, 1.19498633211e-010]
        dvar: [1.31346973228e-012, 1.07164144225e-008, 6.14742816651e-008, 1.33880419639e-007, 4.28948055742e-007, 2.13233491309e-007, 1.13039476446e-007, 7.70682504481e-008, 1.01724324963e-007, 5.10943358734e-008, 3.91077890072e-008, 2.17631566102e-008, 1.40902738366e-008, 1.31993287411e-008, 3.23951319103e-008, 1.26022641211e-007, 1.92131025756e-007, 8.82115358536e-008, 1.25152482155e-007, 7.47525987776e-008, 3.53750060356e-008, 9.2686880393e-009, 1.36841468712e-010, 2.07728990259e-011, 5.14419323111e-012, 2.07824310875e-014, 4.42839412736e-019, 7.31805960911e-021]
        dvar2: [2.68818409373e-012, 3.00749576354e-008, 1.53232036837e-007, 3.65497385246e-007, 1.17365641472e-006, 5.55380609057e-007, 2.89690660793e-007, 1.91240886238e-007, 2.48279860671e-007, 1.25714009869e-007, 9.52972101231e-008, 5.54955903453e-008, 3.41680532756e-008, 3.01538136682e-008, 7.66152865594e-008, 3.06246249693e-007, 4.72165794463e-007, 2.17781263245e-007, 3.39467504773e-007, 1.99770738618e-007, 9.78064988999e-008, 2.56568988277e-008, 3.3534511279e-010, 4.51111058231e-011, 9.35321178147e-012, 4.19928848638e-014, 9.20234915948e-019, 2.28987471933e-020]
        max: [8.96580422705e-006, 0.000884081760887, 0.00360075291246, 0.00374039472081, 0.0109899397939, 0.0070964358747, 0.00699729705229, 0.00600072927773, 0.00485807145014, 0.00529596908018, 0.00363757717423, 0.00279041239992, 0.00264016981237, 0.00218227412552, 0.00350518058985, 0.00565499532968, 0.0104010272771, 0.00487092602998, 0.00509831635281, 0.00353546766564, 0.00236244406551, 0.00105869024992, 0.000258386804489, 0.000101067897049, 6.58074204694e-005, 5.35158824277e-006, 2.28823431314e-008, 1.12396936203e-009]
        mean: [1.25873998513e-006, 0.000112004323455, 0.000270505959634, 0.000232224687352, 0.000373402814148, 0.000340640544891, 0.000244819384534, 0.000217863809667, 0.000375469913706, 0.000190883263713, 0.000180380258826, 0.000145669124322, 0.000120584794786, 0.000135562586365, 0.000205402990105, 0.000406291102991, 0.000477560621221, 0.000401533703553, 0.000518701097462, 0.000411369692301, 0.00023003424576, 8.5376406787e-005, 1.73816370079e-005, 5.46780120203e-006, 2.26931479119e-006, 7.9766934391e-008, 6.26038831886e-010, 5.08729343374e-011]
        median: [4.20681885771e-007, 8.30234857858e-005, 0.000183561744052, 0.000116080540465, 0.000171015228261, 0.000155359972268, 0.000105839011667, 9.36025899136e-005, 0.000204387688427, 5.08949342475e-005, 6.65806583129e-005, 6.256053166e-005, 5.83424116485e-005, 6.55717012705e-005, 9.98423565761e-005, 0.00021134740382, 0.000244022594416, 0.000279347004835, 0.000406748789828, 0.000319663289702, 0.000183030861081, 6.13584852545e-005, 1.41283517223e-005, 3.98817883251e-006, 1.4150982679e-006, 4.04424582712e-008, 3.89478754803e-010, 2.16021523586e-011]
        min: [3.57416814948e-023, 1.62190401648e-023, 4.59408885931e-024, 1.20904490537e-023, 2.68075445978e-023, 2.59796887203e-023, 4.32424833705e-023, 6.32480148596e-023, 8.9400022356e-023, 1.10543936929e-022, 6.39589678618e-023, 1.61894932218e-022, 4.74379328099e-023, 1.10533599696e-022, 2.66062108864e-022, 1.24255349204e-022, 2.33655198007e-022, 2.41236946478e-022, 1.85564609016e-022, 3.00754065774e-022, 3.89686962568e-022, 4.73120552218e-022, 6.51450473696e-022, 1.16069797761e-021, 1.22150544615e-021, 1.60382071182e-021, 2.40761883081e-021, 8.78863244966e-022]
        var: [2.61742168738e-012, 1.17095924068e-008, 9.41388691444e-008, 1.20870723208e-007, 3.89404988255e-007, 2.65246825393e-007, 1.45329806855e-007, 1.24553352521e-007, 2.2441660974e-007, 1.54553845277e-007, 9.09063118115e-008, 4.68699354883e-008, 3.16536521439e-008, 4.14336867038e-008, 8.97376111197e-008, 3.36265941314e-007, 5.03850685618e-007, 1.76165343646e-007, 1.87111552918e-007, 1.22212995279e-007, 3.70344785949e-008, 8.00870747497e-009, 2.38791542095e-010, 4.39429916066e-011, 1.45468567747e-011, 4.40056452107e-014, 9.85298254594e-019, 6.08034295776e-021]
    mfcc:
        mean: [-683.540283203, 91.830078125, -46.0842285156, 49.9951705933, -17.0609130859, -3.4834663868, -4.98155975342, 1.3022134304, 1.2177118063, -1.90383982658, -3.72283315659, -2.85531544685, -1.10950577259]
        cov: [[5524.32177734, 606.169921875, -356.859924316, 841.310058594, -45.5705451965, 123.475090027, -40.9684257507, 5.92161035538, 55.0976867676, 40.4799537659, -37.9183120728, -109.861122131, -27.6155319214], [606.169921875, 447.125274658, -72.5892715454, 93.9964752197, -0.670793294907, 32.1110191345, 44.9397544861, 30.3587112427, 21.5285892487, 22.2792739868, 3.08388996124, -2.2637565136, 6.65249729156], [-356.859924316, -72.5892715454, 267.562408447, 70.7842712402, 46.2480659485, 32.0502319336, 40.0280456543, 5.07200622559, 9.17429256439, 6.10268592834, 16.0120620728, 15.2185220718, 3.18952965736], [841.310058594, 93.9964752197, 70.7842712402, 449.343536377, 126.428916931, 71.9557418823, -19.0660514832, 13.5205392838, 45.622505188, 21.3110675812, -1.67906236649, 8.69393634796, 20.1044158936], [-45.5705451965, -0.670793294907, 46.2480659485, 126.428916931, 164.317977905, 60.965763092, 4.18158626556, 8.66679000854, 31.4654598236, 25.7249794006, 10.3586997986, 25.9776802063, 19.0129699707], [123.475090027, 32.1110191345, 32.0502319336, 71.9557418823, 60.965763092, 143.52331543, 80.7956314087, 21.4767742157, 15.030090332, 35.3272857666, 24.8714008331, -9.5591135025, -6.30453062057], [-40.9684257507, 44.9397544861, 40.0280456543, -19.0660514832, 4.18158626556, 80.7956314087, 162.903549194, 64.2508850098, 14.5390644073, 24.6628646851, 26.0002784729, -1.86257398129, -8.76814460754], [5.92161035538, 30.3587112427, 5.07200622559, 13.5205392838, 8.66679000854, 21.4767742157, 64.2508850098, 104.569519043, 54.5787582397, 19.3660392761, 1.922103405, 7.83482933044, 7.30210638046], [55.0976867676, 21.5285892487, 9.17429256439, 45.622505188, 31.4654598236, 15.030090332, 14.5390644073, 54.5787582397, 93.8922958374, 49.2643203735, 3.34138011932, 4.07285833359, 10.1783790588], [40.4799537659, 22.2792739868, 6.10268592834, 21.3110675812, 25.7249794006, 35.3272857666, 24.6628646851, 19.3660392761, 49.2643203735, 101.528526306, 47.6033973694, 2.86666321754, 1.1578296423], [-37.9183120728, 3.08388996124, 16.0120620728, -1.67906236649, 10.3586997986, 24.8714008331, 26.0002784729, 1.922103405, 3.34138011932, 47.6033973694, 76.6413345337, 34.1194839478, 3.31306123734], [-109.861122131, -2.2637565136, 15.2185220718, 8.69393634796, 25.9776802063, -9.5591135025, -1.86257398129, 7.83482933044, 4.07285833359, 2.86666321754, 34.1194839478, 85.7756881714, 36.5126457214], [-27.6155319214, 6.65249729156, 3.18952965736, 20.1044158936, 19.0129699707, -6.30453062057, -8.76814460754, 7.30210638046, 10.1783790588, 1.1578296423, 3.31306123734, 36.5126457214, 64.866645813]]
        icov: [[0.00042594349361, -0.0002301735949, 0.000675593328197, -0.00105070474092, 0.000781975802965, -0.000208918921999, -9.15939090191e-005, 0.000212192695471, -9.69206448644e-005, -2.48591659329e-005, -3.96690229536e-005, 0.000221253125346, 0.000104732571344], [-0.0002301735949, 0.00286524626426, 0.000705405080225, -0.000347615248756, 0.000122631405247, 0.000195755317691, -0.00117751839571, 1.13253181553e-005, -2.70351756626e-005, -0.000492748746183, 0.000422561482992, -0.000376823008992, -0.000292584649287], [0.000675593328197, 0.000705405080225, 0.00577916298062, -0.00261453702115, 0.000577876693569, 0.000210655765841, -0.00236927089281, 0.00155257817823, -0.000934369338211, 0.000594662269577, -0.000652493967209, -6.67833301122e-005, 0.000304422399495], [-0.00105070474092, -0.000347615248756, -0.00261453702115, 0.00608449196443, -0.0037440713495, -0.00108624843415, 0.00215740595013, -0.00106987636536, -0.000564973568544, 0.000667578889988, -4.8855094974e-006, -6.7043263698e-005, -0.000650275032967], [0.000781975802965, 0.000122631405247, 0.000577876693569, -0.0037440713495, 0.0117979217321, -0.00493094092235, 0.0012330042664, 0.00115126522724, -0.00188417348545, -0.00146558450069, 0.00235558464192, -0.00363171799108, -0.000202169278054], [-0.000208918921999, 0.000195755317691, 0.000210655765841, -0.00108624843415, -0.00493094092235, 0.0146064637229, -0.00752360979095, 0.00180235970765, 0.000629164336715, -0.00125844136346, -0.00265345117077, 0.00375219387934, -0.000190450125956], [-9.15939090191e-005, -0.00117751839571, -0.00236927089281, 0.00215740595013, 0.0012330042664, -0.00752360979095, 0.0147399324924, -0.00925163179636, 0.00348284235224, -0.000227290933253, -0.00214976188727, 0.000344493339071, 0.000844305322971], [0.000212192695471, 1.13253181553e-005, 0.00155257817823, -0.00106987636536, 0.00115126522724, 0.00180235970765, -0.00925163179636, 0.0210838187486, -0.0127721438184, 0.00306591507979, 0.0011565022869, -0.00192671397235, -0.000466994766612], [-9.69206448644e-005, -2.70351756626e-005, -0.000934369338211, -0.000564973568544, -0.00188417348545, 0.000629164336715, 0.00348284235224, -0.0127721438184, 0.0256086066365, -0.0138153098524, 0.00747824832797, -0.00148721481673, -0.000611996045336], [-2.48591659329e-005, -0.000492748746183, 0.000594662269577, 0.000667578889988, -0.00146558450069, -0.00125844136346, -0.000227290933253, 0.00306591507979, -0.0138153098524, 0.0247806217521, -0.0174733251333, 0.00733466399834, -0.00177545589395], [-3.96690229536e-005, 0.000422561482992, -0.000652493967209, -4.8855094974e-006, 0.00235558464192, -0.00265345117077, -0.00214976188727, 0.0011565022869, 0.00747824832797, -0.0174733251333, 0.0316041782498, -0.0154911214486, 0.00484830047935], [0.000221253125346, -0.000376823008992, -6.67833301122e-005, -6.7043263698e-005, -0.00363171799108, 0.00375219387934, 0.000344493339071, -0.00192671397235, -0.00148721481673, 0.00733466399834, -0.0154911214486, 0.0242923051119, -0.0109306601807], [0.000104732571344, -0.000292584649287, 0.000304422399495, -0.000650275032967, -0.000202169278054, -0.000190450125956, 0.000844305322971, -0.000466994766612, -0.000611996045336, -0.00177545589395, 0.00484830047935, -0.0109306601807, 0.0219176840037]]
    sccoeffs:
        dmean: [0.0573186501861, 0.0493680089712, 0.041162636131, 0.0303055364639, 0.0200341232121, 0.0186598040164]
        dmean2: [0.0944266393781, 0.0817944705486, 0.0675522759557, 0.049615599215, 0.0331754088402, 0.0310961529613]
        dvar: [0.00230421661399, 0.00165760761593, 0.00110061001033, 0.000587905698922, 0.000271034019534, 0.000297964579659]
        dvar2: [0.00606063520536, 0.00433226022869, 0.00287384679541, 0.00155821221415, 0.000720846583135, 0.000797872722615]
        max: [-0.261810570955, -0.440328836441, -0.417900145054, -0.481445014477, -0.58832526207, -0.62219196558]
        mean: [-0.673039257526, -0.717748999596, -0.746429979801, -0.775651395321, -0.793565630913, -0.741863548756]
        median: [-0.681021690369, -0.718590676785, -0.753516554832, -0.781432628632, -0.797882676125, -0.73843896389]
        min: [-0.979840815067, -0.96908980608, -0.991079509258, -0.958981335163, -0.96230328083, -0.959744691849]
        var: [0.00577642861754, 0.00468896329403, 0.00481169205159, 0.00263393716887, 0.00118090293836, 0.0011945948936]
    scvalleys:
        dmean: [0.363681912422, 0.372919142246, 0.320582509041, 0.25358736515, 0.250136196613, 0.204262003303]
        dmean2: [0.600265085697, 0.615304589272, 0.515203535557, 0.409667402506, 0.409758329391, 0.324791669846]
        dvar: [0.100484319031, 0.118678607047, 0.0916922241449, 0.0705798193812, 0.0842054709792, 0.0669811591506]
        dvar2: [0.239831343293, 0.278787136078, 0.199915826321, 0.146113455296, 0.189330607653, 0.135847344995]
        max: [-5.41370344162, -4.6892490387, -4.91979455948, -5.49864673615, -5.41080522537, -7.66235542297]
        mean: [-6.90794801712, -6.64305257797, -7.06163644791, -7.12175035477, -6.80919885635, -9.41192150116]
        median: [-6.49508714676, -6.44236135483, -6.92682504654, -6.91224098206, -6.57457304001, -9.20107746124]
        min: [-27.5742835999, -26.9370098114, -27.3853969574, -27.2790317535, -27.1394615173, -27.2097148895]
        var: [3.38942074776, 1.86142575741, 1.70718991756, 1.92089664936, 1.84786915779, 1.82913649082]

rhythm:
    beats_loudness:
        dmean: 0.00220897351392
        dmean2: 0.00408140569925
        dvar: 3.22332675751e-006
        dvar2: 9.74844897428e-006
        max: 0.0150952627882
        mean: 0.00667403452098
        median: 0.00679405219853
        min: 4.35267186877e-012
        var: 5.44533759239e-006
    bpm: 99.7319717407
    bpm_confidence: 0
    first_peak_bpm: 99
    first_peak_spread: 0.32746475935
    first_peak_weight: 0.643097639084
    onset_rate: 3.44032716751
    second_peak_bpm: 94
    second_peak_spread: 0.153846144676
    second_peak_weight: 0.037037037313
    beats_loudness_band_ratio:
        dmean: [0.149076879025, 0.0964236110449, 0.0997829809785, 0.0805050209165, 0.1050106287, 0.0646646991372]
        dmean2: [0.265925675631, 0.165095373988, 0.175405472517, 0.136985585093, 0.182664573193, 0.110859535635]
        dvar: [0.0128901833668, 0.00583327421919, 0.0076627265662, 0.00772715499625, 0.0102691799402, 0.00310129253194]
        dvar2: [0.0398391410708, 0.018158858642, 0.0225342735648, 0.0196944959462, 0.0284363254905, 0.0090472465381]
        max: [0.637338638306, 0.453919112682, 0.617047846317, 0.582688868046, 0.762042403221, 0.445814609528]
        mean: [0.250952422619, 0.15406319499, 0.152979880571, 0.113585621119, 0.222168967128, 0.16779589653]
        median: [0.23821914196, 0.154266804457, 0.11942628026, 0.081980869174, 0.193708658218, 0.153570234776]
        min: [0, 0, 0, 0, 0, 0]
        var: [0.0210396256298, 0.00891223084182, 0.0108265122399, 0.0104173384607, 0.0155857941136, 0.00510467356071]
    beats_position: [0.580498874187, 1.18421769142, 1.78793644905, 2.39165520668, 2.99537420273, 3.59909296036, 4.19120168686, 4.78331041336, 5.38702917099, 5.99074840546, 6.59446716309, 7.19818592072, 7.79029464722, 8.38240337372, 8.98612213135, 9.58984088898, 10.1935596466, 10.7972784042, 11.4009971619, 11.9931058884, 12.5968255997, 13.1889343262, 13.7926530838, 14.3847618103, 14.9884805679, 15.5921993256, 16.1843090057, 16.7880268097, 17.391746521, 17.995464325, 18.5991840363, 19.2029018402, 19.7950115204, 20.3871192932, 20.9908390045, 21.5945568085, 22.1982765198, 22.8019943237, 23.405714035, 23.9978218079, 24.589931488, 25.1936511993, 25.7973690033, 26.3894786835, 26.9815864563, 27.5853061676, 28.1890239716, 28.7927436829, 29.3964614868, 30.0001811981, 30.5922889709, 31.1960086823, 31.7881164551, 32.391834259, 32.9955558777, 33.5876655579, 34.1797714233, 34.783493042, 35.3872108459, 35.9909286499, 36.5946464539, 37.186756134, 37.790473938, 38.3825836182, 38.9863014221, 39.5900230408, 40.1937408447, 40.7974586487, 41.4011802673, 41.9932861328, 42.585395813, 43.1891136169, 43.7928352356, 44.3965530396, 45.0002708435, 45.5923805237, 46.1844902039, 46.7882080078, 47.3919258118, 47.9840354919, 48.5761451721, 49.1798629761, 49.78358078, 50.3873023987, 50.9910202026, 51.5947380066, 52.1984558105, 52.7905654907, 53.3826751709, 53.9863929749, 54.5901107788, 55.1938323975, 55.7975502014, 56.4012680054, 57.0049858093, 57.5970954895, 58.1892051697, 58.7929229736, 59.3966445923, 60.0003623962, 60.5924720764, 61.1845779419, 61.7882995605, 62.3920173645, 62.9957351685, 63.5994529724, 64.2031707764, 64.7952804565, 65.3873901367, 65.9911117554, 66.5948257446, 67.1985473633, 67.8022689819, 68.4059829712, 68.9980926514, 69.5902023315, 70.1939239502, 70.7976379395, 71.4129714966, 72.0515213013, 72.6900634766, 73.3286132813, 73.9555511475, 74.5941009521, 75.2326507568, 75.859588623, 76.4865264893, 77.0902481079, 77.6939697266, 78.2976837158, 78.9014053345, 79.4935150146, 80.0856246948, 80.6893386841, 81.2930603027, 81.8967819214, 82.4888839722, 83.0809936523, 83.684715271, 84.2884368896, 84.8921508789, 85.4958724976, 86.0995864868, 86.691696167, 87.2954177856, 87.8875274658, 88.4912490845, 89.0949630737, 89.6986846924, 90.3023986816, 90.9061203003, 91.5098419189, 92.1019515991, 92.6940536499, 93.2977752686, 93.8898849487, 94.4936065674, 95.0973205566, 95.6894302368, 96.2931518555, 96.8968658447, 97.5005874634, 98.0926971436, 98.6848068237, 99.288520813, 99.8922424316, 100.49596405, 101.08807373, 101.680175781, 102.2838974, 102.887619019, 103.491333008, 104.095054626, 104.698776245, 105.290885925, 105.882987976, 106.486709595, 107.090431213, 107.694145203, 108.297866821, 108.90158844, 109.505302429, 110.109024048, 110.701133728, 111.293243408, 111.896957397, 112.489067078, 113.092788696, 113.696502686, 114.288612366, 114.892333984, 115.496055603, 116.099769592, 116.703491211, 117.3072052, 117.910926819, 118.503036499, 119.095146179, 119.687255859, 120.27936554, 120.883079529, 121.486801147, 122.090522766, 122.694236755, 123.297958374, 123.901672363, 124.493782043, 125.085891724, 125.689613342, 126.293327332, 126.89704895, 127.48915863, 128.081268311, 128.6849823, 129.288711548, 129.892425537, 130.496139526, 131.099868774, 131.703582764, 132.307296753, 132.911010742, 133.51473999, 134.106842041, 134.698959351, 135.30267334, 135.894775391, 136.4868927, 137.090606689, 137.694335938, 138.298049927, 138.901763916, 139.493881226, 140.097595215, 140.701309204, 141.293426514, 141.897140503, 142.500854492, 143.10458374, 143.743133545, 144.381668091, 145.031829834, 145.6587677, 146.297317505, 146.93586731, 147.586029053, 148.189743042, 148.79347229, 149.397186279, 150.000900269, 150.604629517, 151.208343506, 151.800445557, 152.392562866, 152.996276855, 153.599990845, 154.203720093, 154.807434082, 155.387939453, 155.991653442, 156.595367432, 157.19909668, 157.802810669, 158.39491272, 158.987030029, 159.590744019, 160.194458008, 160.798187256, 161.401901245, 161.994003296, 162.586120605, 163.189834595, 163.793563843, 164.397277832, 164.989379883, 165.581497192, 166.185211182, 166.788925171, 167.392654419, 167.996368408, 168.600082397, 169.203811646, 169.807525635, 170.422851563, 171.03817749, 171.665115356, 172.292053223, 172.919006348, 173.545944214, 174.149658203, 174.753372192, 175.391921997, 176.018859863, 176.645797729, 177.272735596, 177.899673462, 178.526611328, 179.153549194, 179.792098999]
    bpm_estimates: [99.3840179443, 99.3840255737, 99.3840255737, 99.3839874268, 99.3840255737, 101.332740784, 101.332740784, 99.3840255737, 99.3839492798, 99.3840255737, 99.3840255737, 101.332740784, 101.332740784, 99.3840255737, 99.3840255737, 99.3840255737, 99.3840255737, 99.3840255737, 101.332740784, 99.3838653564, 101.332740784, 99.3840255737, 101.332740784, 99.3840255737, 99.3840255737, 101.332580566, 99.3841781616, 99.3838653564, 99.3841781616, 99.3838653564, 99.3841781616, 101.332580566, 101.332901001, 99.3838653564, 99.3841781616, 99.3838653564, 99.3841781616, 99.3838653564, 101.332901001, 101.332580566, 99.3838653564, 99.3841781616, 101.332580566, 101.332901001, 99.3838653564, 99.3841781616, 99.3838653564, 99.3841781616, 99.3838653564, 101.332901001, 99.3838653564, 101.332901001, 99.3841781616, 99.3835525513, 101.332580566, 101.333229065, 99.3835525513, 99.3841781616, 99.3841781616, 99.3841781616, 101.332580566, 99.3841781616, 101.332580566, 99.3841781616, 99.3835525513, 99.3841781616, 99.3841781616, 99.3835525513, 101.333229065, 101.332580566, 99.3841781616, 99.3835525513, 99.3841781616, 99.3841781616, 101.332580566, 101.332580566, 99.3841781616, 99.3841781616, 101.332580566, 101.332580566, 99.3841781616, 99.3841781616, 99.3835525513, 99.3841781616, 99.3841781616, 99.3841781616, 101.332580566, 101.332580566, 99.3841781616, 99.3841781616, 99.3835525513, 99.3841781616, 99.3841781616, 99.3841781616, 101.332580566, 101.332580566, 99.3841781616, 99.3835525513, 99.3841781616, 101.332580566, 101.333229065, 99.3835525513, 99.3841781616, 99.3841781616, 99.3841781616, 99.3841781616, 101.332580566, 101.332580566, 99.3835525513, 99.3848114014, 99.3835525513, 99.3835525513, 99.3848114014, 101.332580566, 101.332580566, 99.3835525513, 99.3848114014, 97.5080871582, 95.7032623291, 95.7032623291, 95.7032623291, 99.3835525513, 99.3835525513, 99.3848114014, 99.3835525513, 101.332580566, 101.332580566, 99.3848114014, 99.3835525513, 99.3835525513, 101.333885193, 101.332580566, 99.3835525513, 99.3835525513, 99.3848114014, 99.3835525513, 99.3848114014, 101.332580566, 99.3835525513, 101.332580566, 99.3835525513, 99.3848114014, 99.3835525513, 99.3848114014, 99.3835525513, 99.3835525513, 101.332580566, 101.333885193, 99.3835525513, 101.332580566, 99.3835525513, 99.3848114014, 101.332580566, 99.3835525513, 99.3848114014, 99.3835525513, 101.332580566, 101.332580566, 99.3848114014, 99.3835525513, 99.3835525513, 101.332580566, 101.333885193, 99.3835525513, 99.3835525513, 99.3848114014, 99.3835525513, 99.3835525513, 101.332580566, 101.333885193, 99.3835525513, 99.3835525513, 99.3848114014, 99.3835525513, 99.3835525513, 99.3848114014, 99.3835525513, 101.332580566, 101.332580566, 99.3848114014, 101.332580566, 99.3835525513, 99.3848114014, 101.332580566, 99.3835525513, 99.3835525513, 99.3848114014, 99.3835525513, 99.3848114014, 99.3835525513, 101.332580566, 101.332580566, 101.332580566, 101.332580566, 99.3848114014, 99.3835525513, 99.3835525513, 99.3848114014, 99.3835525513, 99.3848114014, 101.332580566, 101.332580566, 99.3835525513, 99.3848114014, 99.3835525513, 101.332580566, 101.332580566, 99.3848114014, 99.3823013306, 99.3848114014, 99.3848114014, 99.3823013306, 99.3848114014, 99.3848114014, 99.3848114014, 99.3823013306, 101.333885193, 101.331268311, 99.3848114014, 101.333885193, 101.331268311, 99.3848114014, 99.3823013306, 99.3848114014, 99.3848114014, 101.331268311, 99.3848114014, 99.3848114014, 101.331268311, 99.3848114014, 99.3848114014, 99.3823013306, 95.7032623291, 99.3848114014, 99.3823013306, 99.3848114014, 99.3848114014, 99.3823013306, 99.3848114014, 101.333885193, 101.331268311, 99.3848114014, 99.3848114014, 99.3823013306, 99.3848114014, 103.358215332, 99.3848114014, 99.3848114014, 99.3823013306, 99.3848114014, 101.333885193, 101.331268311, 99.3848114014, 99.3848114014, 99.3823013306, 99.3848114014, 101.333885193, 101.331268311, 99.3848114014, 99.3823013306, 99.3848114014, 101.333885193, 101.331268311, 99.3848114014, 99.3848114014, 99.3823013306, 99.3848114014, 99.3848114014, 99.3823013306, 99.3848114014, 97.5093002319, 97.5093002319, 95.7032623291, 95.7032623291, 95.7009353638, 95.7032623291, 99.3848114014, 99.3848114014, 95.7032623291, 95.7032623291, 95.7032623291, 95.7032623291, 95.7032623291, 95.7032623291]
