
metadata:
    version:
        essentia: "2.1-beta2"
    audio_properties:
        analysis_sample_rate: 44100
        bitrate: 320
        channels: 2
        equal_loudness: 1
        length: 269.531433105
        replay_gain: -14.7931747437
        downmix: "mix"
    tags:
        album: "Extremist"
        artist: "Demon Hunter"
        comment: ""
        date: "2014"
        genre: "Christian Metal"
        title: "Artificial Light"
        tracknumber: "2"

configuration:
    average_loudness:
        compute: 1
        frameSize: 88200
        hopSize: 44100
        silentFrames: "noise"
        windowType: "hann"
    general:
        analysisSampleRate: 44100
        endTime: 2000
        equalLoudness: 1
        nequalLoudness: 0
        shortSound: 0
        startTime: 0
    lowlevel:
        compute: 1
        frameSize: 2048
        hopSize: 1024
        zeroPadding: 0
        silentFrames: "noise"
        windowType: "blackmanharris62"
        mfccStats: ["mean", "cov", "icov"]
        stats: ["mean", "var", "median", "min", "max", "dmean", "dmean2", "dvar", "dvar2"]
    panning:
        compute: 0
        frameSize: 8192
        hopSize: 2048
        zeroPadding: 8192
        silentFrames: "noise"
        windowType: "hann"
        stats: ["copy"]
    rhythm:
        compute: 1
        maxTempo: 208
        minTempo: 40
        method: "degara"
        stats: ["mean", "var", "median", "min", "max", "dmean", "dmean2", "dvar", "dvar2"]
    segmentation:
        compute: 0
        cpw: 5
        inc1: 300
        inc2: 50
        minimumSegmentsLength: 10
        size1: 1000
        size2: 600
    sfx:
        compute: 1
        stats: ["mean", "var", "median", "min", "max", "dmean", "dmean2", "dvar", "dvar2"]
    svm:
        compute: 0
    tonal:
        compute: 1
        frameSize: 4096
        hopSize: 2048
        zeroPadding: 0
        silentFrames: "noise"
        windowType: "blackmanharris62"
        stats: ["mean", "var", "median", "min", "max", "dmean", "dmean2", "dvar", "dvar2"]

lowlevel:
    average_loudness: 0.968937277794
    barkbands_kurtosis:
        dmean: 0.676422655582
        dmean2: 1.12415862083
        dvar: 0.665907680988
        dvar2: 1.73905265331
        max: 16.3918972015
        mean: -0.618768215179
        median: -1.06031143665
        min: -1.87783586979
        var: 1.9409044981
    barkbands_skewness:
        dmean: 0.387781381607
        dmean2: 0.64512014389
        dvar: 0.136748209596
        dvar2: 0.373134404421
        max: 3.87206172943
        mean: -0.500982642174
        median: -0.564511060715
        min: -2.74939393997
        var: 0.586206555367
    barkbands_spread:
        dmean: 6.24573373795
        dmean2: 10.2351999283
        dvar: 34.5697860718
        dvar2: 92.5063934326
        max: 69.7712173462
        mean: 35.9371490479
        median: 36.2007141113
        min: 5.55404758453
        var: 89.9443283081
    dissonance:
        dmean: 0.0079531185329
        dmean2: 0.0136195346713
        dvar: 6.14958044025e-005
        dvar2: 0.000174882545252
        max: 0.5
        mean: 0.485683977604
        median: 0.488744854927
        min: 0.411813944578
        var: 0.000129233289044
    hfc:
        dmean: 3.05582380295
        dmean2: 5.03357076645
        dvar: 11.2969474792
        dvar2: 29.6367168427
        max: 53.6013526917
        mean: 13.2060470581
        median: 13.4415845871
        min: 1.11401932042e-016
        var: 36.105682373
    pitch:
        dmean: 980.470031738
        dmean2: 1874.71081543
        dvar: 1894046.625
        dvar2: 4498027.5
        max: 4388.46484375
        mean: 2317.27905273
        median: 3463.14990234
        min: 61.1062469482
        var: 2599944
    pitch_instantaneous_confidence:
        dmean: 0.0726379677653
        dmean2: 0.120114691556
        dvar: 0.00328533467837
        dvar2: 0.00868584867567
        max: 0.797408103943
        mean: 0.363914340734
        median: 0.356622636318
        min: 0.119298696518
        var: 0.00926457718015
    pitch_salience:
        dmean: 0.0587826184928
        dmean2: 0.101060368121
        dvar: 0.00282835680991
        dvar2: 0.00819922331721
        max: 0.852892458439
        mean: 0.665249526501
        median: 0.674894928932
        min: 0.285029649734
        var: 0.00527707999572
    silence_rate_20dB:
        dmean: 0
        dmean2: 0
        dvar: 0
        dvar2: 0
        max: 1
        mean: 1
        median: 1
        min: 1
        var: 0
    silence_rate_30dB:
        dmean: 0
        dmean2: 0
        dvar: 0
        dvar2: 0
        max: 1
        mean: 1
        median: 1
        min: 1
        var: 0
    silence_rate_60dB:
        dmean: 0.0341144055128
        dmean2: 0.0682346895337
        dvar: 0.0329477675259
        dvar2: 0.0747787281871
        max: 1
        mean: 0.104143336415
        median: 0
        min: 0
        var: 0.0933099016547
    spectral_centroid:
        dmean: 276.488250732
        dmean2: 466.082794189
        dvar: 83751.6796875
        dvar2: 225154.859375
        max: 11258.4169922
        mean: 2173.10766602
        median: 2240.92993164
        min: 258.950775146
        var: 380493.84375
    spectral_complexity:
        dmean: 4.06702280045
        dmean2: 6.54708385468
        dvar: 13.2308864594
        dvar2: 32.093837738
        max: 48
        mean: 23.5854072571
        median: 25
        min: 0
        var: 78.2457885742
    spectral_crest:
        dmean: 1.82237076759
        dmean2: 3.13051629066
        dvar: 4.0450387001
        dvar2: 11.449836731
        max: 19.8407554626
        mean: 6.36176013947
        median: 5.83070325851
        min: 2.59800291061
        var: 5.18367242813
    spectral_decrease:
        dmean: 3.10969916484e-010
        dmean2: 5.22076326614e-010
        dvar: 2.00754421146e-019
        dvar2: 5.39869094456e-019
        max: 7.99595196137e-029
        mean: -1.26794619248e-009
        median: -1.27327137722e-009
        min: -4.88835860679e-009
        var: 3.10090986492e-019
    spectral_energy:
        dmean: 0.00140451791231
        dmean2: 0.0023382990621
        dvar: 3.59730961463e-006
        dvar2: 9.57248175837e-006
        max: 0.0215622466058
        mean: 0.00598337547854
        median: 0.00610302574933
        min: 1.06129324386e-020
        var: 6.49366120342e-006
    spectral_energyband_high:
        dmean: 0.000293811463052
        dmean2: 0.000496961525641
        dvar: 1.20354883393e-007
        dvar2: 3.25546238855e-007
        max: 0.00534408260137
        mean: 0.000807785254437
        median: 0.000770217739046
        min: 7.55997358758e-021
        var: 2.24562654694e-007
    spectral_energyband_low:
        dmean: 0.000252232712228
        dmean2: 0.000435403344454
        dvar: 1.01534602948e-007
        dvar2: 2.77839717455e-007
        max: 0.00332155590877
        mean: 0.000398434814997
        median: 0.000305897527141
        min: 2.37202396264e-023
        var: 1.24334846419e-007
    spectral_energyband_middle_high:
        dmean: 0.000728152925149
        dmean2: 0.00117315468378
        dvar: 5.03521960127e-007
        dvar2: 1.29833904339e-006
        max: 0.012482858263
        mean: 0.00325693096966
        median: 0.0033205668442
        min: 1.45257661352e-021
        var: 2.2319393338e-006
    spectral_energyband_middle_low:
        dmean: 0.000818666361738
        dmean2: 0.00141843338497
        dvar: 2.25922121899e-006
        dvar2: 6.29534088148e-006
        max: 0.0147870089859
        mean: 0.00165474310052
        median: 0.00128019228578
        min: 2.09181791854e-022
        var: 2.17537854041e-006
    spectral_flatness_db:
        dmean: 0.0125173991546
        dmean2: 0.0204263813794
        dvar: 0.000129717387608
        dvar2: 0.000341530510923
        max: 0.344122469425
        mean: 0.147233337164
        median: 0.14080747962
        min: 0.0619916841388
        var: 0.00103172124363
    spectral_flux:
        dmean: 0.00736724957824
        dmean2: 0.0114209465683
        dvar: 7.81226335675e-005
        dvar2: 0.000148842926137
        max: 0.124036259949
        mean: 0.0473055094481
        median: 0.047850318253
        min: 6.53398030126e-011
        var: 0.000242004636675
    spectral_kurtosis:
        dmean: 1.0303299427
        dmean2: 1.76119172573
        dvar: 2.02642393112
        dvar2: 6.45397043228
        max: 26.6776485443
        mean: 3.18745279312
        median: 2.93657755852
        min: -1.27111780643
        var: 3.68372297287
    spectral_rms:
        dmean: 0.000267428637017
        dmean2: 0.00043621257646
        dvar: 1.02680587588e-007
        dvar2: 2.63819515567e-007
        max: 0.00458653876558
        mean: 0.00233649834991
        median: 0.00244011706673
        min: 3.2177756553e-012
        var: 3.78175371907e-007
    spectral_rolloff:
        dmean: 233.442779541
        dmean2: 392.671539307
        dvar: 87886
        dvar2: 210149.09375
        max: 19056.8847656
        mean: 3788.93212891
        median: 3897.50976563
        min: 193.798828125
        var: 589240
    spectral_skewness:
        dmean: 0.149453893304
        dmean2: 0.244506344199
        dvar: 0.0223478171974
        dvar2: 0.0655933022499
        max: 3.46733140945
        mean: 1.07035255432
        median: 1.05745756626
        min: -0.0355634614825
        var: 0.0690246373415
    spectral_spread:
        dmean: 343567.78125
        dmean2: 526890.0625
        dvar: 284380397568
        dvar2: 553443065856
        max: 42466192
        mean: 4273184.5
        median: 4219831
        min: 1710530.125
        var: 2.34274763571e+012
    spectral_strongpeak:
        dmean: 0.62407708168
        dmean2: 1.08880662918
        dvar: 0.789663851261
        dvar2: 2.09248685837
        max: 10.0410900116
        mean: 0.796807289124
        median: 0.343531340361
        min: 9.92967597035e-010
        var: 1.09458172321
    zerocrossingrate:
        dmean: 0.00683761993423
        dmean2: 0.00911269057542
        dvar: 4.71155399282e-005
        dvar2: 7.09627274773e-005
        max: 0.51318359375
        mean: 0.118163302541
        median: 0.12060546875
        min: 0.0146484375
        var: 0.000640027923509
    barkbands:
        dmean: [2.33809316796e-007, 9.68350068433e-005, 0.000150154271978, 0.000127465697005, 0.000617730314843, 0.000154828609084, 8.06249008747e-005, 6.74052571412e-005, 8.85083572939e-005, 7.04941776348e-005, 4.46556259703e-005, 7.42836709833e-005, 4.88177392981e-005, 5.76219063078e-005, 6.73450194881e-005, 0.000154982626555, 0.00023052355391, 0.000213514067582, 0.000363387254765, 0.000285318616079, 0.000139000403578, 6.02176514803e-005, 8.16928604763e-006, 2.18760715143e-006, 5.39054212823e-007, 2.63692179203e-008, 4.01332217459e-010]
        dmean2: [3.95948063669e-007, 0.000171455918462, 0.000259517866652, 0.000224573770538, 0.00109443895053, 0.000263104244368, 0.000131349690491, 0.000111472720164, 0.000143250421388, 0.000112128145702, 7.26043508621e-005, 0.000116689654533, 7.81526177889e-005, 9.27066430449e-005, 0.000110396758828, 0.000259487773292, 0.000376376730856, 0.000353680807166, 0.000601714360528, 0.000474012485938, 0.000237121857936, 0.000105716513644, 1.35203372338e-005, 3.42899693351e-006, 8.72012890341e-007, 4.16570777872e-008, 6.75544786777e-010]
        dvar: [7.71603646862e-014, 2.38576838285e-008, 3.72830477602e-008, 3.17393009652e-008, 1.82493818102e-006, 4.26992592395e-008, 2.45891165207e-008, 1.69374896331e-008, 1.9259580597e-008, 2.62885340163e-008, 1.05521547056e-008, 2.20664215789e-008, 1.02290771409e-008, 1.07373967495e-008, 1.05441451126e-008, 3.16512647203e-008, 7.12618586363e-008, 6.34095087548e-008, 1.46980354998e-007, 8.50485548654e-008, 3.15682839869e-008, 7.38355554475e-009, 1.88803667145e-010, 1.84211170623e-011, 7.01845591193e-013, 2.85194786319e-015, 2.57623773268e-019]
        dvar2: [1.90303380151e-013, 6.47636611006e-008, 1.04107691357e-007, 9.23175136336e-008, 5.1317897487e-006, 1.16945514606e-007, 5.85115706997e-008, 4.25700434903e-008, 4.62578526594e-008, 5.92016178302e-008, 2.63172221793e-008, 4.98946661764e-008, 2.49746801018e-008, 2.5864563824e-008, 2.54122021204e-008, 8.34365891933e-008, 1.82451401542e-007, 1.66485449427e-007, 3.91638224073e-007, 2.27839350941e-007, 8.76646879533e-008, 1.95195504205e-008, 4.36772812362e-010, 3.68671759787e-011, 1.62586632525e-012, 6.56587838163e-015, 6.80604931792e-019]
        max: [1.98813700081e-006, 0.000971882021986, 0.00277552613989, 0.00200018286705, 0.0130217662081, 0.00364649458788, 0.00286191445775, 0.00309654371813, 0.00328803132288, 0.00379897234961, 0.00249799853191, 0.00341436010785, 0.00243464484811, 0.0017557766987, 0.00225888821296, 0.00265814526938, 0.00460258405656, 0.00382664916106, 0.00512394122779, 0.00430637877434, 0.00313906907104, 0.00144406466279, 0.000257500360021, 9.14491247386e-005, 1.75099921762e-005, 1.58408704465e-006, 9.91221948965e-009]
        mean: [2.50253947343e-007, 9.37600707402e-005, 0.000227982876822, 0.000162632888532, 0.000756883062422, 0.000273201469099, 0.000133630761411, 0.000103317230241, 0.000156221853103, 0.000127731109387, 6.86136336299e-005, 0.000130433254526, 8.09054035926e-005, 9.86904633464e-005, 0.000130730157252, 0.000329106958816, 0.000509886245709, 0.00046142496285, 0.00092138844775, 0.00076811859617, 0.000324380380334, 0.000101126126538, 1.65217261383e-005, 5.0493931667e-006, 1.32255422614e-006, 6.15181861008e-008, 8.10550682129e-010]
        median: [1.37238544085e-007, 4.57428832306e-005, 0.00015505796182, 9.86064769677e-005, 0.000393207214074, 0.000163713018992, 6.40890284558e-005, 4.44396573585e-005, 9.67551532085e-005, 3.46088017977e-005, 2.77061899396e-005, 4.35248985013e-005, 3.40189035342e-005, 4.92138315167e-005, 9.02970496099e-005, 0.00027366616996, 0.000422777695348, 0.000393162103137, 0.000838971929625, 0.000726443016902, 0.000294262776151, 7.76053784648e-005, 1.11642511911e-005, 3.51425819645e-006, 1.06255049559e-006, 4.33755324991e-008, 6.00977545506e-010]
        min: [5.90688001777e-024, 4.60880624278e-024, 2.5624978992e-024, 1.44296770314e-024, 1.40526987458e-023, 1.34246897346e-023, 1.82612685198e-023, 5.70952595194e-024, 3.44874052772e-023, 2.20621975763e-023, 3.60821759496e-023, 7.37275965342e-023, 4.21737724815e-023, 3.1224632397e-023, 5.86729813299e-023, 6.99562292512e-023, 8.70515077105e-023, 9.82043095926e-023, 1.52392629298e-022, 2.19208794561e-022, 2.85233372615e-022, 3.85266135568e-022, 4.16546578296e-022, 6.08149810256e-022, 1.09178773374e-021, 1.65827235961e-021, 1.90919525583e-021]
        var: [9.02118820183e-014, 1.839659447e-008, 5.89948996321e-008, 3.83835434548e-008, 1.39046960612e-006, 9.80708989573e-008, 5.76136969244e-008, 3.57268241657e-008, 4.39598899504e-008, 8.8298648393e-008, 1.87641528981e-008, 5.47104974657e-008, 1.84990511798e-008, 2.03414298738e-008, 2.35913155677e-008, 6.66220998369e-008, 1.54562457055e-007, 1.17119881793e-007, 3.58574794745e-007, 2.07398841212e-007, 4.58859723551e-008, 1.00853432272e-008, 4.32747560009e-010, 5.31497866552e-011, 1.67982728422e-012, 5.92629227349e-015, 6.45966847039e-019]
    frequency_bands:
        dmean: [2.33809316796e-007, 9.68350068433e-005, 0.000150154271978, 0.000127465697005, 0.000617730314843, 0.000154828609084, 8.06249008747e-005, 6.74052571412e-005, 8.85083572939e-005, 7.04941776348e-005, 4.46556259703e-005, 7.42836709833e-005, 4.88177392981e-005, 5.76219063078e-005, 6.73450194881e-005, 0.000154982626555, 0.00023052355391, 0.000213514067582, 0.000363387254765, 0.000285318616079, 0.000139000403578, 6.02176514803e-005, 8.16928604763e-006, 2.18760715143e-006, 5.39054212823e-007, 2.63692179203e-008, 4.01332217459e-010, 7.41985084485e-011]
        dmean2: [3.95948063669e-007, 0.000171455918462, 0.000259517866652, 0.000224573770538, 0.00109443895053, 0.000263104244368, 0.000131349690491, 0.000111472720164, 0.000143250421388, 0.000112128145702, 7.26043508621e-005, 0.000116689654533, 7.81526177889e-005, 9.27066430449e-005, 0.000110396758828, 0.000259487773292, 0.000376376730856, 0.000353680807166, 0.000601714360528, 0.000474012485938, 0.000237121857936, 0.000105716513644, 1.35203372338e-005, 3.42899693351e-006, 8.72012890341e-007, 4.16570777872e-008, 6.75544786777e-010, 1.38335967681e-010]
        dvar: [7.71603646862e-014, 2.38576838285e-008, 3.72830477602e-008, 3.17393009652e-008, 1.82493818102e-006, 4.26992592395e-008, 2.45891165207e-008, 1.69374896331e-008, 1.9259580597e-008, 2.62885340163e-008, 1.05521547056e-008, 2.20664215789e-008, 1.02290771409e-008, 1.07373967495e-008, 1.05441451126e-008, 3.16512647203e-008, 7.12618586363e-008, 6.34095087548e-008, 1.46980354998e-007, 8.50485548654e-008, 3.15682839869e-008, 7.38355554475e-009, 1.88803667145e-010, 1.84211170623e-011, 7.01845591193e-013, 2.85194786319e-015, 2.57623773268e-019, 1.0248488293e-020]
        dvar2: [1.90303380151e-013, 6.47636611006e-008, 1.04107691357e-007, 9.23175136336e-008, 5.1317897487e-006, 1.16945514606e-007, 5.85115706997e-008, 4.25700434903e-008, 4.62578526594e-008, 5.92016178302e-008, 2.63172221793e-008, 4.98946661764e-008, 2.49746801018e-008, 2.5864563824e-008, 2.54122021204e-008, 8.34365891933e-008, 1.82451401542e-007, 1.66485449427e-007, 3.91638224073e-007, 2.27839350941e-007, 8.76646879533e-008, 1.95195504205e-008, 4.36772812362e-010, 3.68671759787e-011, 1.62586632525e-012, 6.56587838163e-015, 6.80604931792e-019, 3.26034433972e-020]
        max: [1.98813700081e-006, 0.000971882021986, 0.00277552613989, 0.00200018286705, 0.0130217662081, 0.00364649458788, 0.00286191445775, 0.00309654371813, 0.00328803132288, 0.00379897234961, 0.00249799853191, 0.00341436010785, 0.00243464484811, 0.0017557766987, 0.00225888821296, 0.00265814526938, 0.00460258405656, 0.00382664916106, 0.00512394122779, 0.00430637877434, 0.00313906907104, 0.00144406466279, 0.000257500360021, 9.14491247386e-005, 1.75099921762e-005, 1.58408704465e-006, 9.91221948965e-009, 2.07950612285e-009]
        mean: [2.50253947343e-007, 9.37600707402e-005, 0.000227982876822, 0.000162632888532, 0.000756883062422, 0.000273201469099, 0.000133630761411, 0.000103317230241, 0.000156221853103, 0.000127731109387, 6.86136336299e-005, 0.000130433254526, 8.09054035926e-005, 9.86904633464e-005, 0.000130730157252, 0.000329106958816, 0.000509886245709, 0.00046142496285, 0.00092138844775, 0.00076811859617, 0.000324380380334, 0.000101126126538, 1.65217261383e-005, 5.0493931667e-006, 1.32255422614e-006, 6.15181861008e-008, 8.10550682129e-010, 5.75107877987e-011]
        median: [1.37238544085e-007, 4.57428832306e-005, 0.00015505796182, 9.86064769677e-005, 0.000393207214074, 0.000163713018992, 6.40890284558e-005, 4.44396573585e-005, 9.67551532085e-005, 3.46088017977e-005, 2.77061899396e-005, 4.35248985013e-005, 3.40189035342e-005, 4.92138315167e-005, 9.02970496099e-005, 0.00027366616996, 0.000422777695348, 0.000393162103137, 0.000838971929625, 0.000726443016902, 0.000294262776151, 7.76053784648e-005, 1.11642511911e-005, 3.51425819645e-006, 1.06255049559e-006, 4.33755324991e-008, 6.00977545506e-010, 2.31130843631e-011]
        min: [5.90688001777e-024, 4.60880624278e-024, 2.5624978992e-024, 1.44296770314e-024, 1.40526987458e-023, 1.34246897346e-023, 1.82612685198e-023, 5.70952595194e-024, 3.44874052772e-023, 2.20621975763e-023, 3.60821759496e-023, 7.37275965342e-023, 4.21737724815e-023, 3.1224632397e-023, 5.86729813299e-023, 6.99562292512e-023, 8.70515077105e-023, 9.82043095926e-023, 1.52392629298e-022, 2.19208794561e-022, 2.85233372615e-022, 3.85266135568e-022, 4.16546578296e-022, 6.08149810256e-022, 1.09178773374e-021, 1.65827235961e-021, 1.90919525583e-021, 6.0993624573e-022]
        var: [9.02118820183e-014, 1.839659447e-008, 5.89948996321e-008, 3.83835434548e-008, 1.39046960612e-006, 9.80708989573e-008, 5.76136969244e-008, 3.57268241657e-008, 4.39598899504e-008, 8.8298648393e-008, 1.87641528981e-008, 5.47104974657e-008, 1.84990511798e-008, 2.03414298738e-008, 2.35913155677e-008, 6.66220998369e-008, 1.54562457055e-007, 1.17119881793e-007, 3.58574794745e-007, 2.07398841212e-007, 4.58859723551e-008, 1.00853432272e-008, 4.32747560009e-010, 5.31497866552e-011, 1.67982728422e-012, 5.92629227349e-015, 6.45966847039e-019, 8.14510128117e-021]
    mfcc:
        mean: [-686.765991211, 86.5467453003, -51.6152572632, 68.9480361938, -14.0170679092, -4.13073825836, -4.32230901718, -3.28993964195, -2.68250966072, -5.6073679924, -9.75687217712, -5.91059017181, -4.34872198105]
        cov: [[4879.94091797, 62.6814842224, -345.946655273, 504.778717041, -392.518035889, 183.897766113, -24.2496356964, 86.5605697632, -23.1309871674, 19.9069194794, 75.2815856934, 14.9311008453, 36.6338882446], [62.6814842224, 543.299804688, -140.197036743, 47.4368476868, 14.9590301514, -58.6787185669, 43.3317604065, -42.635684967, -21.5532054901, -47.6062355042, -34.7718811035, 10.1245174408, -6.25864171982], [-345.946655273, -140.197036743, 319.184570313, 8.18163013458, 58.0675888062, 25.525478363, 1.41267776489, 42.6398773193, 7.79418849945, 10.3701648712, 22.4038181305, 16.2414207458, 15.0931606293], [504.778717041, 47.4368476868, 8.18163013458, 315.153533936, 46.3407707214, 4.0102057457, -33.2778892517, -13.0242204666, 39.9671516418, 16.6104164124, 27.9469795227, 4.5687456131, 22.4521903992], [-392.518035889, 14.9590301514, 58.0675888062, 46.3407707214, 161.579452515, -5.60297489166, -13.7735061646, -30.693063736, 11.0523490906, 15.1764030457, -0.429638534784, 0.18447445333, -4.17121315002], [183.897766113, -58.6787185669, 25.525478363, 4.0102057457, -5.60297489166, 111.470191956, 34.8393974304, 35.3272514343, 0.683912575245, 11.9662666321, 27.0515060425, 9.29769515991, 2.01011443138], [-24.2496356964, 43.3317604065, 1.41267776489, -33.2778892517, -13.7735061646, 34.8393974304, 118.972305298, 66.1144104004, 25.0786762238, -2.85935211182, 11.35597229, 17.2575283051, 10.8510723114], [86.5605697632, -42.635684967, 42.6398773193, -13.0242204666, -30.693063736, 35.3272514343, 66.1144104004, 108.98261261, 43.2921409607, 15.6492033005, 19.4453697205, 16.2746257782, 13.7285938263], [-23.1309871674, -21.5532054901, 7.79418849945, 39.9671516418, 11.0523490906, 0.683912575245, 25.0786762238, 43.2921409607, 85.9565124512, 43.8650131226, 23.536989212, 5.7743768692, 10.1830530167], [19.9069194794, -47.6062355042, 10.3701648712, 16.6104164124, 15.1764030457, 11.9662666321, -2.85935211182, 15.6492033005, 43.8650131226, 80.2910003662, 38.2064971924, 9.69358253479, 2.90167379379], [75.2815856934, -34.7718811035, 22.4038181305, 27.9469795227, -0.429638534784, 27.0515060425, 11.35597229, 19.4453697205, 23.536989212, 38.2064971924, 74.9460525513, 33.9075813293, 16.3393936157], [14.9311008453, 10.1245174408, 16.2414207458, 4.5687456131, 0.18447445333, 9.29769515991, 17.2575283051, 16.2746257782, 5.7743768692, 9.69358253479, 33.9075813293, 57.6106414795, 30.97224617], [36.6338882446, -6.25864171982, 15.0931606293, 22.4521903992, -4.17121315002, 2.01011443138, 10.8510723114, 13.7285938263, 10.1830530167, 2.90167379379, 16.3393936157, 30.97224617, 61.6745986938]]
        icov: [[0.000480020040413, -2.66560527962e-005, 0.000438081187895, -0.00103104673326, 0.00118775770534, -0.000694431189913, 0.000282663910184, -0.000578243052587, 0.00083533936413, -0.000490104255732, 0.000138407063787, -8.63009117893e-005, 5.40610308235e-005], [-2.66560527962e-005, 0.00281645706855, 0.000994347617961, -0.000797200773377, -0.000466422148747, 0.00153004936874, -0.00241661909968, 0.00113728374708, 0.000553290650714, 0.000711544649675, 0.000905945838895, -0.00177570153028, 0.000966025749221], [0.000438081187895, 0.000994347617961, 0.00480678025633, -0.00101550330874, -0.00122750189621, -0.000382949219784, 0.000991487293504, -0.00342284725048, 0.00210789008997, 0.000308418180794, -0.000686419545673, -0.000476474844618, -0.000390425178921], [-0.00103104673326, -0.000797200773377, -0.00101550330874, 0.00654064537957, -0.00347668468021, 0.000291302159894, 0.00187196291517, 0.0014345718082, -0.00478280615062, 0.00258259801194, -0.00240317406133, 0.0017421040684, -0.00206435984001], [0.00118775770534, -0.000466422148747, -0.00122750189621, -0.00347668468021, 0.0114279631525, -0.00226642889902, -0.00061072583776, 0.00343394954689, -0.000211109960219, -0.0031055486761, 0.00246108369902, -0.00171620061155, 0.00139385927469], [-0.000694431189913, 0.00153004936874, -0.000382949219784, 0.000291302159894, -0.00226642889902, 0.0138737345114, -0.00449229730293, -0.00213137152605, 0.00393260968849, -0.000736507761758, -0.00402681715786, 0.00125415890943, 0.00103711220436], [0.000282663910184, -0.00241661909968, 0.000991487293504, 0.00187196291517, -0.00061072583776, -0.00449229730293, 0.0174180101603, -0.00944736693054, -0.00301542086527, 0.00360097852536, -0.00121243437752, -0.000901841383893, -0.00109115929808], [-0.000578243052587, 0.00113728374708, -0.00342284725048, 0.0014345718082, 0.00343394954689, -0.00213137152605, -0.00944736693054, 0.0230009108782, -0.010270357132, 0.000863642024342, 0.00188944151159, -0.00287886126898, 0.000218492656131], [0.00083533936413, 0.000553290650714, 0.00210789008997, -0.00478280615062, -0.000211109960219, 0.00393260968849, -0.00301542086527, -0.010270357132, 0.0265808440745, -0.0121752452105, -0.00113730086014, 0.00373318884522, -0.00192988023628], [-0.000490104255732, 0.000711544649675, 0.000308418180794, 0.00258259801194, -0.0031055486761, -0.000736507761758, 0.00360097852536, 0.000863642024342, -0.0121752452105, 0.0243467260152, -0.00999359879643, 0.000723777047824, 0.00148473575246], [0.000138407063787, 0.000905945838895, -0.000686419545673, -0.00240317406133, 0.00246108369902, -0.00402681715786, -0.00121243437752, 0.00188944151159, -0.00113730086014, -0.00999359879643, 0.0276347193867, -0.0148504283279, 0.00193741323892], [-8.63009117893e-005, -0.00177570153028, -0.000476474844618, 0.0017421040684, -0.00171620061155, 0.00125415890943, -0.000901841383893, -0.00287886126898, 0.00373318884522, 0.000723777047824, -0.0148504283279, 0.0343227051198, -0.0139565588906], [5.40610308235e-005, 0.000966025749221, -0.000390425178921, -0.00206435984001, 0.00139385927469, 0.00103711220436, -0.00109115929808, 0.000218492656131, -0.00192988023628, 0.00148473575246, 0.00193741323892, -0.0139565588906, 0.0240752510726]]
    sccoeffs:
        dmean: [0.0611937977374, 0.0462193191051, 0.0372025370598, 0.0368632301688, 0.038084808737, 0.0242318436503]
        dmean2: [0.101536385715, 0.0775114223361, 0.0615588948131, 0.0638616457582, 0.0694372281432, 0.0410092435777]
        dvar: [0.0026400545612, 0.00131964311004, 0.000842452049255, 0.000874844263308, 0.00124287360813, 0.000420893164119]
        dvar2: [0.00721661187708, 0.00370134972036, 0.0022913783323, 0.00248255697079, 0.0036590420641, 0.00112883804832]
        max: [-0.295496344566, -0.504416584969, -0.540076613426, -0.561889410019, -0.51712089777, -0.530432283878]
        mean: [-0.641130924225, -0.761190116405, -0.788882672787, -0.779162347317, -0.772414922714, -0.702297508717]
        median: [-0.649507403374, -0.765934586525, -0.795899093151, -0.783565580845, -0.782381772995, -0.703214883804]
        min: [-0.964649200439, -0.968516767025, -0.970569252968, -0.967634439468, -0.968359410763, -0.962446451187]
        var: [0.00644321413711, 0.00406439229846, 0.00302659580484, 0.00222442368977, 0.00240900786594, 0.00169976160396]
    scvalleys:
        dmean: [0.404583215714, 0.355059087276, 0.285092741251, 0.29590561986, 0.310973286629, 0.28097641468]
        dmean2: [0.665635943413, 0.595705449581, 0.466622918844, 0.498233526945, 0.547779142857, 0.471813976765]
        dvar: [0.112423159182, 0.0966664776206, 0.0587733648717, 0.0677742063999, 0.0957645624876, 0.0808108225465]
        dvar2: [0.288074105978, 0.254085153341, 0.144318521023, 0.172027900815, 0.25160908699, 0.181353032589]
        max: [-5.2444896698, -4.86366558075, -5.16050004959, -5.73119211197, -5.2869758606, -7.97155761719]
        mean: [-6.88841676712, -6.65078163147, -7.06302022934, -7.18668842316, -6.64096689224, -9.74893093109]
        median: [-6.59641504288, -6.50172948837, -6.96127939224, -7.0265750885, -6.36771059036, -9.34420585632]
        min: [-27.8364105225, -27.5779132843, -27.5250988007, -27.7502231598, -27.4389915466, -27.3837928772]
        var: [1.89141225815, 1.41894459724, 1.3819861412, 1.36015558243, 1.57005596161, 2.43083500862]

rhythm:
    beats_loudness:
        dmean: 0.00122015364468
        dmean2: 0.00208624196239
        dvar: 1.33098706101e-006
        dvar2: 3.81496647606e-006
        max: 0.0149409482256
        mean: 0.00618557212874
        median: 0.00648532947525
        min: 2.0757114777e-011
        var: 4.42334385298e-006
    bpm: 123.984359741
    bpm_confidence: 0
    first_peak_bpm: 123
    first_peak_spread: 0.340579718351
    first_peak_weight: 0.655855834484
    onset_rate: 2.5896794796
    second_peak_bpm: 129
    second_peak_spread: 0
    second_peak_weight: 0.00360360369086
    beats_loudness_band_ratio:
        dmean: [0.060063496232, 0.161474332213, 0.0458006933331, 0.0537410527468, 0.0984115377069, 0.0944027006626]
        dmean2: [0.0977049395442, 0.296309620142, 0.0784693062305, 0.0946538150311, 0.171723172069, 0.161011666059]
        dvar: [0.00335305836052, 0.0163604915142, 0.00243719480932, 0.00504718488082, 0.00609663780779, 0.00582564296201]
        dvar2: [0.00696168793365, 0.04754627496, 0.00630885316059, 0.014826993458, 0.0173743907362, 0.0166191495955]
        max: [0.83872449398, 0.774109005928, 0.369394898415, 0.597320497036, 0.60293674469, 0.702565729618]
        mean: [0.116285569966, 0.216450676322, 0.0725568234921, 0.0729370042682, 0.25115275383, 0.31219291687]
        median: [0.0935075879097, 0.191128447652, 0.049552295357, 0.0394653603435, 0.242844253778, 0.312225282192]
        min: [0, 0, 0, 0, 0, 0]
        var: [0.00860419590026, 0.0236787870526, 0.00339413131587, 0.00590534042567, 0.00879609305412, 0.0129754683003]
    beats_position: [0.487619042397, 0.986848056316, 1.48607707024, 1.97369611263, 2.46131515503, 2.94893407822, 3.43655323982, 3.92417216301, 4.41179132462, 4.8994102478, 5.38702917099, 5.87464857101, 6.3622674942, 6.84988641739, 7.33750534058, 7.83673477173, 8.33596324921, 8.84680271149, 9.33442115784, 9.82204055786, 10.2980499268, 10.774058342, 11.2500677109, 11.7260770798, 12.2136955261, 12.7013149261, 13.177324295, 13.6533327103, 14.1409521103, 14.6169614792, 15.1045799255, 15.5805892944, 16.0682086945, 16.5558280945, 17.0434455872, 17.5310649872, 18.0186843872, 18.4946937561, 18.970703125, 19.458322525, 19.9459400177, 20.4335594177, 20.9211788177, 21.4087982178, 21.8964176178, 22.3724250793, 22.8484344482, 23.3360538483, 23.8236732483, 24.3112926483, 24.7989120483, 25.2749195099, 25.7509288788, 26.2385482788, 26.7261676788, 27.2021770477, 27.7014045715, 28.1890239716, 28.6650333405, 29.1410427094, 29.6286621094, 30.1162815094, 30.6038990021, 31.0915184021, 31.567527771, 32.0435371399, 32.5311546326, 33.0071640015, 33.4947853088, 33.9707946777, 34.4584121704, 34.9460296631, 35.4336509705, 35.9212684631, 36.4088897705, 36.8965072632, 37.3725166321, 37.848526001, 38.3361434937, 38.823764801, 39.3113822937, 39.7989997864, 40.2866210938, 40.7626304626, 41.2386398315, 41.7146492004, 42.1906585693, 42.678276062, 43.1658935547, 43.6535148621, 44.1411323547, 44.6287536621, 45.1163711548, 45.5923805237, 46.0799980164, 46.5560073853, 47.0436286926, 47.5312461853, 48.018863678, 48.5064849854, 48.9824943542, 49.4701118469, 49.9461212158, 50.4337387085, 50.9213600159, 51.4089775085, 51.8965988159, 52.3726081848, 52.8486175537, 53.3362350464, 53.8122444153, 54.2882537842, 54.7758712769, 55.2634925842, 55.7511100769, 56.2387275696, 56.726348877, 57.2139663696, 57.701587677, 58.1775970459, 58.6652145386, 59.1528320313, 59.6404533386, 60.1164627075, 60.5924720764, 61.0800895691, 61.556098938, 62.0321083069, 62.5197257996, 63.0073471069, 63.4949645996, 63.9709739685, 64.4585952759, 64.9462127686, 65.4338302612, 65.9214477539, 66.409072876, 66.8966903687, 67.3726959229, 67.8487091064, 68.3363265991, 68.8239440918, 69.299949646, 69.7759628296, 70.2635803223, 70.7511978149, 71.238822937, 71.7264404297, 72.2024459839, 72.6900634766, 73.1660766602, 73.6536941528, 74.1413116455, 74.6289291382, 75.1165542603, 75.5925598145, 76.068572998, 76.5561904907, 77.0321960449, 77.5198135376, 77.9958267212, 78.4834442139, 78.9710617065, 79.4586868286, 79.9463043213, 80.4223098755, 80.9099273682, 81.3859405518, 81.8735580444, 82.3611755371, 82.8487930298, 83.3364181519, 83.8240356445, 84.3000411987, 84.7876663208, 85.263671875, 85.7512893677, 86.2273025513, 86.7149200439, 87.1909255981, 87.6785507202, 88.1661682129, 88.6537857056, 89.1414031982, 89.6290206909, 90.1050338745, 90.5810394287, 91.0686569214, 91.5562820435, 92.0438995361, 92.5315170288, 93.0191345215, 93.4951477051, 93.9711532593, 94.458770752, 94.946395874, 95.4340133667, 95.9216308594, 96.3976364136, 96.8852615356, 97.3612670898, 97.8488845825, 98.3365097046, 98.8241271973, 99.3117446899, 99.7877502441, 100.263763428, 100.75138092, 101.238998413, 101.726615906, 102.202629089, 102.690246582, 103.166259766, 103.653877258, 104.141494751, 104.629112244, 105.116729736, 105.604354858, 106.091972351, 106.567977905, 107.043991089, 107.531608582, 108.019226074, 108.506843567, 108.994468689, 109.482086182, 109.958091736, 110.434104919, 110.921722412, 111.409339905, 111.885353088, 112.361358643, 112.848976135, 113.336593628, 113.812606812, 114.300224304, 114.776237488, 115.26385498, 115.751472473, 116.239089966, 116.715103149, 117.191108704, 117.678726196, 118.166343689, 118.653968811, 119.141586304, 119.629203796, 120.116821289, 120.604438782, 121.080451965, 121.55645752, 122.044082642, 122.531700134, 123.019317627, 123.50693512, 123.982948303, 124.470565796, 124.94657135, 125.434196472, 125.921813965, 126.397819519, 126.885437012, 127.373062134, 127.860679626, 128.336685181, 128.824310303, 129.311920166, 129.78793335, 130.275558472, 130.751556396, 131.239181519, 131.726806641, 132.214416504, 132.702041626, 133.17805481, 133.665664673, 134.141677856, 134.62928772, 135.105300903, 135.581314087, 136.068939209, 136.556549072, 137.032562256, 137.520172119, 137.996185303, 138.483810425, 138.971420288, 139.45904541, 139.946670532, 140.434280396, 140.921905518, 141.409515381, 141.897140503, 142.373153687, 142.849151611, 143.336776733, 143.824401855, 144.30039978, 144.776412964, 145.264038086, 145.751647949, 146.239273071, 146.726898193, 147.214508057, 147.702133179, 148.189743042, 148.677368164, 149.141769409, 149.617782593, 150.105392456, 150.593017578, 151.069015503, 151.556640625, 152.044265747, 152.53187561, 153.007888794, 153.495513916, 153.971511841, 154.459136963, 154.946762085, 155.434371948, 155.910385132, 156.386398315, 156.874008179, 157.361633301, 157.849243164, 158.336868286, 158.81288147, 159.300491333, 159.776504517, 160.264129639, 160.751739502, 161.239364624, 161.726974487, 162.214599609, 162.702224731, 163.178222656, 163.65423584, 164.130249023, 164.606262207, 165.09387207, 165.581497192, 166.069107056, 166.556732178, 167.0443573, 167.531967163, 168.019592285, 168.49559021, 168.971603394, 169.459228516, 169.946838379, 170.434463501, 170.910476685, 171.386474609, 171.874099731, 172.361724854, 172.849334717, 173.336959839, 173.824569702, 174.312194824, 174.799819946, 175.275817871, 175.751831055, 176.239456177, 176.72706604, 177.203079224, 177.690704346, 178.178314209, 178.654327393, 179.141952515, 179.629562378, 180.1171875, 180.604797363, 181.092422485, 181.580047607, 182.067657471, 182.555282593, 183.031295776, 183.507293701, 183.994918823, 184.482528687, 184.95854187, 185.446166992, 185.922180176, 186.409790039, 186.897415161, 187.373413086, 187.84942627, 188.337051392, 188.824661255, 189.312286377, 189.799911499, 190.287521362, 190.763534546, 191.239547729, 191.727157593, 192.214782715, 192.702392578, 193.178405762, 193.666030884, 194.153640747, 194.629653931, 195.117279053, 195.593276978, 196.069290161, 196.556915283, 197.032928467, 197.52053833, 197.996551514, 198.484161377, 198.971786499, 199.459411621, 199.947021484, 200.434646606, 200.92225647, 201.409881592, 201.885894775, 202.361907959, 202.849517822, 203.337142944, 203.824752808, 204.31237793, 204.800003052, 205.276000977, 205.75201416, 206.239639282, 206.727249146, 207.203262329, 207.690887451, 208.166885376, 208.64289856, 209.130523682, 209.618133545, 210.105758667, 210.59336853, 211.080993652, 211.568618774, 212.056228638, 212.532241821, 213.019866943, 213.507476807, 213.995101929, 214.471099854, 214.947113037, 215.434738159, 215.922348022, 216.409973145, 216.897598267, 217.373596191, 217.861221313, 218.337234497, 218.813232422, 219.300857544, 219.788482666, 220.287704468, 220.786941528, 221.28616333, 221.762176514, 222.238174438, 222.725799561, 223.201812744, 223.689422607, 224.165435791, 224.641448975, 225.129058838, 225.605072021, 226.081085205, 226.557098389, 227.044708252, 227.520721436, 228.008346558, 228.484344482, 228.971969604, 229.459594727, 229.94720459, 230.434829712, 230.922439575, 231.398452759, 231.886077881, 232.362075806, 232.849700928, 233.325714111, 233.801712036, 234.289337158, 234.77696228, 235.264572144, 235.752197266, 236.239807129, 236.727432251, 237.203445435, 237.679458618, 238.167068481, 238.654693604, 239.142303467, 239.629928589, 240.117553711, 240.593551636, 241.081176758, 241.557189941, 242.044799805, 242.532424927, 243.02003479, 243.507659912, 243.983673096, 244.459671021, 244.947296143, 245.434921265, 245.922531128, 246.41015625, 246.897766113, 247.373779297, 247.84979248, 248.337417603, 248.801803589, 249.289428711, 249.777053833, 250.264663696, 250.752288818, 251.239898682, 251.727523804, 252.203536987, 252.691146851, 253.178771973, 253.666397095, 254.14239502, 254.630020142, 255.117630005, 255.605255127, 256.09286499, 256.568878174, 257.056488037, 257.532501221, 258.020141602, 258.507751465, 258.983764648, 259.459777832, 259.947387695, 260.434997559, 260.922637939, 261.398620605, 261.874633789, 262.36227417, 262.849884033, 263.337493896, 263.81350708, 264.289520264, 264.777130127, 265.264770508, 265.752380371, 266.228393555, 266.716003418, 267.192016602, 267.668029785, 268.144042969, 268.620025635, 269.096038818]
