
metadata:
    version:
        essentia: "2.1-beta2"
    audio_properties:
        analysis_sample_rate: 44100
        bitrate: 320
        channels: 2
        equal_loudness: 1
        length: 240.352645874
        replay_gain: -14.8656272888
        downmix: "mix"
    tags:
        album: "Extremist"
        artist: "Demon Hunter"
        comment: ""
        date: "2014"
        genre: "Christian Metal"
        title: "What I'm Not"
        tracknumber: "3"

configuration:
    average_loudness:
        compute: 1
        frameSize: 88200
        hopSize: 44100
        silentFrames: "noise"
        windowType: "hann"
    general:
        analysisSampleRate: 44100
        endTime: 2000
        equalLoudness: 1
        nequalLoudness: 0
        shortSound: 0
        startTime: 0
    lowlevel:
        compute: 1
        frameSize: 2048
        hopSize: 1024
        zeroPadding: 0
        silentFrames: "noise"
        windowType: "blackmanharris62"
        mfccStats: ["mean", "cov", "icov"]
        stats: ["mean", "var", "median", "min", "max", "dmean", "dmean2", "dvar", "dvar2"]
    panning:
        compute: 0
        frameSize: 8192
        hopSize: 2048
        zeroPadding: 8192
        silentFrames: "noise"
        windowType: "hann"
        stats: ["copy"]
    rhythm:
        compute: 1
        maxTempo: 208
        minTempo: 40
        method: "degara"
        stats: ["mean", "var", "median", "min", "max", "dmean", "dmean2", "dvar", "dvar2"]
    segmentation:
        compute: 0
        cpw: 5
        inc1: 300
        inc2: 50
        minimumSegmentsLength: 10
        size1: 1000
        size2: 600
    sfx:
        compute: 1
        stats: ["mean", "var", "median", "min", "max", "dmean", "dmean2", "dvar", "dvar2"]
    svm:
        compute: 0
    tonal:
        compute: 1
        frameSize: 4096
        hopSize: 2048
        zeroPadding: 0
        silentFrames: "noise"
        windowType: "blackmanharris62"
        stats: ["mean", "var", "median", "min", "max", "dmean", "dmean2", "dvar", "dvar2"]

lowlevel:
    average_loudness: 0.959968090057
    barkbands_kurtosis:
        dmean: 0.598259866238
        dmean2: 0.97504979372
        dvar: 0.515995919704
        dvar2: 1.22462630272
        max: 34.3443107605
        mean: -0.306795954704
        median: -0.856356561184
        min: -1.8870279789
        var: 6.65658187866
    barkbands_skewness:
        dmean: 0.32949846983
        dmean2: 0.542891740799
        dvar: 0.104794323444
        dvar2: 0.28618735075
        max: 3.57834148407
        mean: -0.599678099155
        median: -0.671184182167
        min: -2.63253283501
        var: 0.471362948418
    barkbands_spread:
        dmean: 5.23310136795
        dmean2: 8.63473129272
        dvar: 27.5423736572
        dvar2: 71.6193389893
        max: 63.8111991882
        mean: 32.637638092
        median: 32.5103187561
        min: 1.81404423714
        var: 78.4223403931
    dissonance:
        dmean: 0.00824427977204
        dmean2: 0.0139899579808
        dvar: 8.88030699571e-005
        dvar2: 0.000201357863261
        max: 0.500000059605
        mean: 0.484912604094
        median: 0.488286674023
        min: 0.190015122294
        var: 0.000280125415884
    hfc:
        dmean: 2.60496854782
        dmean2: 4.31115102768
        dvar: 8.20007133484
        dvar2: 22.0311374664
        max: 41.8598442078
        mean: 13.119597435
        median: 13.0283927917
        min: 1.17882210544e-016
        var: 26.9592952728
    pitch:
        dmean: 1053.60119629
        dmean2: 2026.21191406
        dvar: 2061490.875
        dvar2: 4853461
        max: 4508.09960938
        mean: 2166.74804688
        median: 3455.23754883
        min: 61.6987724304
        var: 2755920.5
    pitch_instantaneous_confidence:
        dmean: 0.071113742888
        dmean2: 0.116934277117
        dvar: 0.00330959213898
        dvar2: 0.00868796370924
        max: 0.872556746006
        mean: 0.36828571558
        median: 0.356417059898
        min: 0.129363358021
        var: 0.0116883926094
    pitch_salience:
        dmean: 0.054006177932
        dmean2: 0.0921467021108
        dvar: 0.00238955207169
        dvar2: 0.00709307612851
        max: 0.969975471497
        mean: 0.671702086926
        median: 0.681112706661
        min: 0.322814792395
        var: 0.00504466006532
    silence_rate_20dB:
        dmean: 0
        dmean2: 0
        dvar: 0
        dvar2: 0
        max: 1
        mean: 1
        median: 1
        min: 1
        var: 0
    silence_rate_30dB:
        dmean: 0
        dmean2: 0
        dvar: 0
        dvar2: 0
        max: 1
        mean: 1
        median: 1
        min: 1
        var: 0
    silence_rate_60dB:
        dmean: 0.00946677010506
        dmean2: 0.0189353693277
        dvar: 0.00937713868916
        dvar2: 0.0220527164638
        max: 1
        mean: 0.0895392671227
        median: 0
        min: 0
        var: 0.0815279409289
    spectral_centroid:
        dmean: 234.358917236
        dmean2: 393.063812256
        dvar: 61821.7539063
        dvar2: 169895.09375
        max: 11003.9101563
        mean: 2257.53344727
        median: 2317.18701172
        min: 192.016662598
        var: 267691.78125
    spectral_complexity:
        dmean: 3.7262365818
        dmean2: 6.10955476761
        dvar: 9.97211742401
        dvar2: 25.8167152405
        max: 45
        mean: 24.415145874
        median: 26
        min: 0
        var: 60.9057388306
    spectral_crest:
        dmean: 1.66814231873
        dmean2: 2.83058857918
        dvar: 3.4288418293
        dvar2: 9.73803901672
        max: 20.1269397736
        mean: 6.27194547653
        median: 5.68948507309
        min: 2.57536005974
        var: 5.77057552338
    spectral_decrease:
        dmean: 2.6044061352e-010
        dmean2: 4.43896114311e-010
        dvar: 1.82918352112e-019
        dvar2: 5.09349903864e-019
        max: 1.07983353086e-028
        mean: -1.20686505234e-009
        median: -1.19852838765e-009
        min: -4.80907313971e-009
        var: 2.54133820715e-019
    spectral_energy:
        dmean: 0.00118200248107
        dmean2: 0.00199904316105
        dvar: 3.2087409636e-006
        dvar2: 8.85842655407e-006
        max: 0.0199450403452
        mean: 0.00574496854097
        median: 0.00572289712727
        min: 1.07250081415e-020
        var: 5.23473181602e-006
    spectral_energyband_high:
        dmean: 0.000255785445916
        dmean2: 0.000426215585321
        dvar: 9.47473637325e-008
        dvar2: 2.56022985923e-007
        max: 0.00476186629385
        mean: 0.000790686928667
        median: 0.000729145132937
        min: 7.23659685906e-021
        var: 2.01990147275e-007
    spectral_energyband_low:
        dmean: 0.000170866944245
        dmean2: 0.000293903023703
        dvar: 6.62203589741e-008
        dvar2: 1.83902415074e-007
        max: 0.00272028124891
        mean: 0.000296357175102
        median: 0.000235563929891
        min: 6.70689541619e-023
        var: 6.77215368228e-008
    spectral_energyband_middle_high:
        dmean: 0.000650220317766
        dmean2: 0.00105191580951
        dvar: 3.76182725859e-007
        dvar2: 9.78334128376e-007
        max: 0.00916892290115
        mean: 0.00329344370402
        median: 0.00328304897994
        min: 1.61765781173e-021
        var: 1.74922479346e-006
    spectral_energyband_middle_low:
        dmean: 0.000693524896633
        dmean2: 0.00120646716096
        dvar: 2.14043279811e-006
        dvar2: 6.08737400398e-006
        max: 0.015381520614
        mean: 0.00146823527757
        median: 0.00112645316403
        min: 2.09153544322e-022
        var: 1.85544081432e-006
    spectral_flatness_db:
        dmean: 0.011005602777
        dmean2: 0.0181030873209
        dvar: 0.000101496232674
        dvar2: 0.000277471583104
        max: 0.446049392223
        mean: 0.144604369998
        median: 0.135763376951
        min: 0.0711763575673
        var: 0.00153127755038
    spectral_flux:
        dmean: 0.00655334768817
        dmean2: 0.0102392006665
        dvar: 6.71987509122e-005
        dvar2: 0.000131789522129
        max: 0.116672061384
        mean: 0.0453279167414
        median: 0.0450310073793
        min: 6.80643388873e-011
        var: 0.000209740872378
    spectral_kurtosis:
        dmean: 0.982660830021
        dmean2: 1.71591079235
        dvar: 4.72189855576
        dvar2: 15.5371007919
        max: 57.6951789856
        mean: 3.42893147469
        median: 2.93952202797
        min: -1.19901442528
        var: 16.3835220337
    spectral_rms:
        dmean: 0.000223934068345
        dmean2: 0.000372422829969
        dvar: 8.37992075731e-008
        dvar2: 2.26622248078e-007
        max: 0.00441118748859
        mean: 0.0023069542367
        median: 0.0023629036732
        min: 3.23472151842e-012
        var: 2.82843672039e-007
    spectral_rolloff:
        dmean: 183.595855713
        dmean2: 311.486541748
        dvar: 53429.6210938
        dvar2: 131561.078125
        max: 19487.5488281
        mean: 3823.67114258
        median: 3919.04296875
        min: 301.46484375
        var: 407915.5
    spectral_skewness:
        dmean: 0.132946908474
        dmean2: 0.221809223294
        dvar: 0.0287719909102
        dvar2: 0.0897683128715
        max: 6.01619291306
        mean: 1.13250041008
        median: 1.09509801865
        min: -0.0153866428882
        var: 0.210986509919
    spectral_spread:
        dmean: 296984.03125
        dmean2: 459760.3125
        dvar: 186334298112
        dvar2: 388027416576
        max: 41714684
        mean: 4267590.5
        median: 4277452
        min: 1180710.625
        var: 1.02872252416e+012
    spectral_strongpeak:
        dmean: 0.783236861229
        dmean2: 1.35630261898
        dvar: 0.916867494583
        dvar2: 2.31865930557
        max: 10.7118701935
        mean: 1.04451954365
        median: 0.558387577534
        min: 4.7447001883e-010
        var: 1.4077103138
    zerocrossingrate:
        dmean: 0.00609870441258
        dmean2: 0.00800029281527
        dvar: 3.87023610529e-005
        dvar2: 5.46672017663e-005
        max: 0.49853515625
        mean: 0.120936460793
        median: 0.12353515625
        min: 0.00830078125
        var: 0.000531528901774
    barkbands:
        dmean: [1.23548971942e-007, 5.94790035393e-005, 0.000100123732409, 0.000107679981738, 0.000477435969515, 0.000108498301415, 0.000108352112875, 6.09896123933e-005, 0.000135748094181, 5.81270214752e-005, 5.93207514612e-005, 8.40735156089e-005, 6.29399582976e-005, 5.64386318729e-005, 6.43597595626e-005, 0.0001639486145, 0.000191477301996, 0.000171537220012, 0.000347216206137, 0.000279793632217, 0.000122281111544, 4.77039757243e-005, 7.00874124959e-006, 1.91702702068e-006, 5.8537005998e-007, 2.53220466817e-008, 3.9286837672e-010]
        dmean2: [2.01304658276e-007, 0.000103586346086, 0.000172265878064, 0.000189514248632, 0.000849265838042, 0.000177989466465, 0.000170430663275, 9.89958571154e-005, 0.000219706620555, 9.37485747272e-005, 9.44790663198e-005, 0.00013397661678, 0.000101152792922, 9.22781910049e-005, 0.000107259053038, 0.000270665099379, 0.000317214260576, 0.000284026871668, 0.000579430954531, 0.000464570097392, 0.000206381650059, 8.30881981528e-005, 1.14129861686e-005, 2.96152165902e-006, 9.48658509969e-007, 3.9751910208e-008, 6.5181737785e-010]
        dvar: [3.07017594941e-014, 1.53198449482e-008, 2.28984333717e-008, 2.95275306428e-008, 1.63295237599e-006, 3.02577660705e-008, 4.30482884894e-008, 1.20847287732e-008, 4.33766800256e-008, 1.13894387255e-008, 1.27103696457e-008, 2.41692017511e-008, 1.35409283786e-008, 9.22226206512e-009, 8.54355075575e-009, 3.4764781276e-008, 4.50278498931e-008, 3.440401386e-008, 1.32460257873e-007, 8.33863964544e-008, 2.52904364118e-008, 5.55382539957e-009, 1.40169487128e-010, 1.28868799312e-011, 1.02829951585e-012, 2.0612047022e-015, 4.13766314801e-019]
        dvar2: [7.38227296133e-014, 4.23872350552e-008, 6.57022809492e-008, 8.71517968903e-008, 4.63209789814e-006, 7.81339721811e-008, 9.57757677611e-008, 2.95525310889e-008, 1.12494554116e-007, 2.84078964796e-008, 3.11060830427e-008, 5.85107180484e-008, 3.35442216226e-008, 2.26213963117e-008, 2.2683085632e-008, 8.92644038686e-008, 1.18584686959e-007, 9.11241215817e-008, 3.57501448889e-007, 2.24523731163e-007, 6.81306246975e-008, 1.5344186366e-008, 3.24001936391e-010, 2.41009365243e-011, 2.294762904e-012, 4.50261030717e-015, 8.99490363558e-019]
        max: [1.48015783452e-006, 0.00108975416515, 0.00192147109192, 0.00208370829932, 0.0133783193305, 0.00309068290517, 0.00546867772937, 0.00255155423656, 0.00535234762356, 0.00220393552445, 0.00184021284804, 0.00314563489519, 0.00229710526764, 0.0018390173791, 0.00223885453306, 0.00270445551723, 0.00421808520332, 0.00356550398283, 0.00544544914737, 0.00472327927127, 0.00224103941582, 0.000874485471286, 0.000261004897766, 0.000113808571768, 2.75924594462e-005, 1.10255609798e-006, 2.81624519261e-008]
        mean: [1.64056913832e-007, 7.27616279619e-005, 0.000159274466569, 0.000132119923364, 0.000527254072949, 0.000196293156478, 0.000217142704059, 0.000102554047771, 0.000263414083747, 0.000101441910374, 0.000101952173281, 0.000157302201842, 0.000109449938464, 0.000102440433693, 0.000124297730508, 0.000356184405973, 0.000445306999609, 0.000414088339312, 0.000934265903197, 0.000793715531472, 0.000315519369906, 9.50203611865e-005, 1.62417527463e-005, 5.15134888701e-006, 1.54630163252e-006, 6.77582576714e-008, 8.74341377077e-010]
        median: [7.65924639268e-008, 4.18273339164e-005, 0.000113043977763, 7.15369096724e-005, 0.000236902298639, 0.00012697011698, 9.35071511776e-005, 5.10686477355e-005, 0.000175413457328, 4.43645621999e-005, 4.04264428653e-005, 5.55624828849e-005, 4.94238556712e-005, 5.5852902733e-005, 9.2499780294e-005, 0.000296357844491, 0.000381522258976, 0.000356858130544, 0.000839025597088, 0.00073347100988, 0.000277399958577, 7.54935899749e-005, 1.1676847862e-005, 3.85433258998e-006, 1.26834788716e-006, 5.02590822293e-008, 5.93498583612e-010]
        min: [1.12865623204e-024, 8.56432600438e-024, 3.60106010219e-023, 1.24917481183e-023, 1.10967911801e-023, 4.4082594991e-023, 9.09184360259e-024, 3.02375339018e-023, 3.87715100605e-023, 4.19730578682e-023, 6.81837408387e-023, 6.42744617368e-023, 8.04988756221e-023, 8.9074904378e-023, 1.86541774175e-022, 8.95053510641e-023, 1.28061142377e-022, 2.37241372304e-022, 2.16989836119e-022, 3.46208963196e-022, 4.56563914296e-022, 3.36365190789e-022, 4.16711570132e-022, 8.25673168783e-022, 1.11016079647e-021, 1.62496925228e-021, 2.3583036394e-021]
        var: [4.72816603307e-014, 1.15509859455e-008, 2.64789790094e-008, 3.15202548506e-008, 1.13433134175e-006, 5.4164498664e-008, 1.53184416263e-007, 2.85276513523e-008, 9.56354639925e-008, 2.63398014511e-008, 2.67364939077e-008, 6.15724644604e-008, 2.6704073619e-008, 1.82451120878e-008, 1.40650469049e-008, 6.89472443582e-008, 9.39263955502e-008, 7.93603760485e-008, 3.17440225217e-007, 1.95453011997e-007, 4.48941079867e-008, 6.18373174888e-009, 3.36498190423e-010, 3.93530659448e-011, 2.57873778754e-012, 6.67048949171e-015, 1.5392191314e-018]
    frequency_bands:
        dmean: [1.23548971942e-007, 5.94790035393e-005, 0.000100123732409, 0.000107679981738, 0.000477435969515, 0.000108498301415, 0.000108352112875, 6.09896123933e-005, 0.000135748094181, 5.81270214752e-005, 5.93207514612e-005, 8.40735156089e-005, 6.29399582976e-005, 5.64386318729e-005, 6.43597595626e-005, 0.0001639486145, 0.000191477301996, 0.000171537220012, 0.000347216206137, 0.000279793632217, 0.000122281111544, 4.77039757243e-005, 7.00874124959e-006, 1.91702702068e-006, 5.8537005998e-007, 2.53220466817e-008, 3.9286837672e-010, 6.6838527768e-011]
        dmean2: [2.01304658276e-007, 0.000103586346086, 0.000172265878064, 0.000189514248632, 0.000849265838042, 0.000177989466465, 0.000170430663275, 9.89958571154e-005, 0.000219706620555, 9.37485747272e-005, 9.44790663198e-005, 0.00013397661678, 0.000101152792922, 9.22781910049e-005, 0.000107259053038, 0.000270665099379, 0.000317214260576, 0.000284026871668, 0.000579430954531, 0.000464570097392, 0.000206381650059, 8.30881981528e-005, 1.14129861686e-005, 2.96152165902e-006, 9.48658509969e-007, 3.9751910208e-008, 6.5181737785e-010, 1.24550217362e-010]
        dvar: [3.07017594941e-014, 1.53198449482e-008, 2.28984333717e-008, 2.95275306428e-008, 1.63295237599e-006, 3.02577660705e-008, 4.30482884894e-008, 1.20847287732e-008, 4.33766800256e-008, 1.13894387255e-008, 1.27103696457e-008, 2.41692017511e-008, 1.35409283786e-008, 9.22226206512e-009, 8.54355075575e-009, 3.4764781276e-008, 4.50278498931e-008, 3.440401386e-008, 1.32460257873e-007, 8.33863964544e-008, 2.52904364118e-008, 5.55382539957e-009, 1.40169487128e-010, 1.28868799312e-011, 1.02829951585e-012, 2.0612047022e-015, 4.13766314801e-019, 7.73322430505e-021]
        dvar2: [7.38227296133e-014, 4.23872350552e-008, 6.57022809492e-008, 8.71517968903e-008, 4.63209789814e-006, 7.81339721811e-008, 9.57757677611e-008, 2.95525310889e-008, 1.12494554116e-007, 2.84078964796e-008, 3.11060830427e-008, 5.85107180484e-008, 3.35442216226e-008, 2.26213963117e-008, 2.2683085632e-008, 8.92644038686e-008, 1.18584686959e-007, 9.11241215817e-008, 3.57501448889e-007, 2.24523731163e-007, 6.81306246975e-008, 1.5344186366e-008, 3.24001936391e-010, 2.41009365243e-011, 2.294762904e-012, 4.50261030717e-015, 8.99490363558e-019, 2.43412887892e-020]
        max: [1.48015783452e-006, 0.00108975416515, 0.00192147109192, 0.00208370829932, 0.0133783193305, 0.00309068290517, 0.00546867772937, 0.00255155423656, 0.00535234762356, 0.00220393552445, 0.00184021284804, 0.00314563489519, 0.00229710526764, 0.0018390173791, 0.00223885453306, 0.00270445551723, 0.00421808520332, 0.00356550398283, 0.00544544914737, 0.00472327927127, 0.00224103941582, 0.000874485471286, 0.000261004897766, 0.000113808571768, 2.75924594462e-005, 1.10255609798e-006, 2.81624519261e-008, 9.82568248986e-010]
        mean: [1.64056913832e-007, 7.27616279619e-005, 0.000159274466569, 0.000132119923364, 0.000527254072949, 0.000196293156478, 0.000217142704059, 0.000102554047771, 0.000263414083747, 0.000101441910374, 0.000101952173281, 0.000157302201842, 0.000109449938464, 0.000102440433693, 0.000124297730508, 0.000356184405973, 0.000445306999609, 0.000414088339312, 0.000934265903197, 0.000793715531472, 0.000315519369906, 9.50203611865e-005, 1.62417527463e-005, 5.15134888701e-006, 1.54630163252e-006, 6.77582576714e-008, 8.74341377077e-010, 5.23545234943e-011]
        median: [7.65924639268e-008, 4.18273339164e-005, 0.000113043977763, 7.15369096724e-005, 0.000236902298639, 0.00012697011698, 9.35071511776e-005, 5.10686477355e-005, 0.000175413457328, 4.43645621999e-005, 4.04264428653e-005, 5.55624828849e-005, 4.94238556712e-005, 5.5852902733e-005, 9.2499780294e-005, 0.000296357844491, 0.000381522258976, 0.000356858130544, 0.000839025597088, 0.00073347100988, 0.000277399958577, 7.54935899749e-005, 1.1676847862e-005, 3.85433258998e-006, 1.26834788716e-006, 5.02590822293e-008, 5.93498583612e-010, 2.1790430571e-011]
        min: [1.12865623204e-024, 8.56432600438e-024, 3.60106010219e-023, 1.24917481183e-023, 1.10967911801e-023, 4.4082594991e-023, 9.09184360259e-024, 3.02375339018e-023, 3.87715100605e-023, 4.19730578682e-023, 6.81837408387e-023, 6.42744617368e-023, 8.04988756221e-023, 8.9074904378e-023, 1.86541774175e-022, 8.95053510641e-023, 1.28061142377e-022, 2.37241372304e-022, 2.16989836119e-022, 3.46208963196e-022, 4.56563914296e-022, 3.36365190789e-022, 4.16711570132e-022, 8.25673168783e-022, 1.11016079647e-021, 1.62496925228e-021, 2.3583036394e-021, 5.51359802042e-022]
        var: [4.72816603307e-014, 1.15509859455e-008, 2.64789790094e-008, 3.15202548506e-008, 1.13433134175e-006, 5.4164498664e-008, 1.53184416263e-007, 2.85276513523e-008, 9.56354639925e-008, 2.63398014511e-008, 2.67364939077e-008, 6.15724644604e-008, 2.6704073619e-008, 1.82451120878e-008, 1.40650469049e-008, 6.89472443582e-008, 9.39263955502e-008, 7.93603760485e-008, 3.17440225217e-007, 1.95453011997e-007, 4.48941079867e-008, 6.18373174888e-009, 3.36498190423e-010, 3.93530659448e-011, 2.57873778754e-012, 6.67048949171e-015, 1.5392191314e-018, 6.3135073202e-021]
    mfcc:
        mean: [-681.086608887, 86.113861084, -53.7829246521, 63.5254096985, -18.8664493561, -5.20721101761, -3.87053108215, -2.79787254333, -1.304666996, -2.58511972427, -7.74261474609, -5.10400295258, -2.46107029915]
        cov: [[3805.63867188, -71.6223831177, -620.11895752, 175.346740723, -327.971405029, 17.1888446808, 11.5796089172, 109.429954529, 50.5831413269, 47.7429847717, 62.9991073608, 29.133190155, -50.0725059509], [-71.6223831177, 418.797241211, -94.3584289551, 78.2672576904, -8.0972328186, 12.6144113541, 45.5428581238, -1.01095080376, -2.14096355438, -12.3780069351, -7.52144670486, 6.9495306015, 51.0769119263], [-620.11895752, -94.3584289551, 404.102600098, 6.8123216629, 125.458518982, -10.2378473282, -37.6961250305, -10.3028831482, -7.77099704742, 3.28917002678, -14.9942932129, -1.36177122593, 4.52790260315], [175.346740723, 78.2672576904, 6.8123216629, 285.270294189, 56.6675109863, -21.88215065, -56.0373535156, -32.532169342, 46.5004348755, 32.6089515686, 8.69578838348, -6.34344530106, 19.9199562073], [-327.971405029, -8.0972328186, 125.458518982, 56.6675109863, 141.126434326, 13.7920627594, -7.73594093323, -22.0311775208, 19.8082580566, 27.558965683, 6.0218372345, -6.77568292618, -3.92169117928], [17.1888446808, 12.6144113541, -10.2378473282, -21.88215065, 13.7920627594, 86.175201416, 46.0054473877, 25.8962135315, -4.15745830536, -2.13549470901, 10.9736413956, 2.73890018463, -8.01306629181], [11.5796089172, 45.5428581238, -37.6961250305, -56.0373535156, -7.73594093323, 46.0054473877, 115.590995789, 61.9324302673, 11.6286802292, -6.56024932861, 12.424533844, 14.2018585205, 12.0276174545], [109.429954529, -1.01095080376, -10.3028831482, -32.532169342, -22.0311775208, 25.8962135315, 61.9324302673, 92.896194458, 29.9487991333, 6.65531873703, 8.75480556488, 13.0430612564, 7.62376213074], [50.5831413269, -2.14096355438, -7.77099704742, 46.5004348755, 19.8082580566, -4.15745830536, 11.6286802292, 29.9487991333, 89.1319046021, 54.6528320313, 24.6439304352, 4.55186414719, 6.3595457077], [47.7429847717, -12.3780069351, 3.28917002678, 32.6089515686, 27.558965683, -2.13549470901, -6.56024932861, 6.65531873703, 54.6528320313, 86.7415924072, 43.1652145386, 8.84885406494, -2.57404732704], [62.9991073608, -7.52144670486, -14.9942932129, 8.69578838348, 6.0218372345, 10.9736413956, 12.424533844, 8.75480556488, 24.6439304352, 43.1652145386, 69.6246795654, 27.9092769623, 7.32683849335], [29.133190155, 6.9495306015, -1.36177122593, -6.34344530106, -6.77568292618, 2.73890018463, 14.2018585205, 13.0430612564, 4.55186414719, 8.84885406494, 27.9092769623, 55.5019302368, 31.657125473], [-50.0725059509, 51.0769119263, 4.52790260315, 19.9199562073, -3.92169117928, -8.01306629181, 12.0276174545, 7.62376213074, 6.3595457077, -2.57404732704, 7.32683849335, 31.657125473, 74.7171173096]]
        icov: [[0.000497029337566, 0.000292793469271, 0.000549214950297, -0.000705215672497, 0.000919529411476, -0.000199874819373, 7.88151664892e-005, -0.000624490261544, 0.000363065890269, -0.000427002785727, 3.77792312065e-005, -0.000365306739695, 0.000470987084555], [0.000292793469271, 0.00343506759964, 0.00100943061989, -0.00160831410903, 0.00053400505567, -0.000249564676778, -0.00209349533543, 0.000540613837074, 0.00111499521881, -0.00074315542588, 0.000940375670325, 0.000362766353646, -0.00186771154404], [0.000549214950297, 0.00100943061989, 0.00491061527282, -0.00015465382603, -0.00370985129848, 0.000631826289464, 0.00212695449591, -0.00310541735962, 0.00180983764585, -0.000141240321682, 0.000730099913199, -0.000732044805773, -0.000651170325], [-0.000705215672497, -0.00160831410903, -0.00015465382603, 0.00656930869445, -0.00365697126836, 0.00011272685515, 0.00369292753749, 0.000879412575159, -0.00373093178496, 0.00167554593645, -0.000928596185986, 0.00142903486267, -0.00211838399991], [0.000919529411476, 0.00053400505567, -0.00370985129848, -0.00365697126836, 0.016114057973, -0.00392007362098, -0.00390538130887, 0.0053909108974, -0.00188152620103, -0.00419602915645, 0.0012002143776, -3.2784648738e-006, 0.00185423647054], [-0.000199874819373, -0.000249564676778, 0.000631826289464, 0.00011272685515, -0.00392007362098, 0.0169610325247, -0.00540134357288, -0.00295083178207, 0.00366164254956, 0.000645738095045, -0.0029035389889, 0.000546284660231, 0.0025159753859], [7.88151664892e-005, -0.00209349533543, 0.00212695449591, 0.00369292753749, -0.00390538130887, -0.00540134357288, 0.0208110027015, -0.0111131425947, -0.00191546720453, 0.0045458576642, -0.00337351998314, 3.82674843422e-005, -0.00199564918876], [-0.000624490261544, 0.000540613837074, -0.00310541735962, 0.000879412575159, 0.0053909108974, -0.00295083178207, -0.0111131425947, 0.0239957813174, -0.00920659862459, 0.000401152559789, 0.00279350904748, -0.00243734754622, 2.88750215987e-005], [0.000363065890269, 0.00111499521881, 0.00180983764585, -0.00373093178496, -0.00188152620103, 0.00366164254956, -0.00191546720453, -0.00920659862459, 0.0256362222135, -0.0142825590447, 0.00075339502655, 0.00238166074269, -0.00184925843496], [-0.000427002785727, -0.00074315542588, -0.000141240321682, 0.00167554593645, -0.00419602915645, 0.000645738095045, 0.0045458576642, 0.000401152559789, -0.0142825590447, 0.0285146087408, -0.0138386646286, 0.00120015349239, 0.00190656690393], [3.77792312065e-005, 0.000940375670325, 0.000730099913199, -0.000928596185986, 0.0012002143776, -0.0029035389889, -0.00337351998314, 0.00279350904748, 0.00075339502655, -0.0138386646286, 0.0286414530128, -0.0129835586995, 0.00174697814509], [-0.000365306739695, 0.000362766353646, -0.000732044805773, 0.00142903486267, -3.2784648738e-006, 0.000546284660231, 3.82674843422e-005, -0.00243734754622, 0.00238166074269, 0.00120015349239, -0.0129835586995, 0.0325109064579, -0.0131913125515], [0.000470987084555, -0.00186771154404, -0.000651170325, -0.00211838399991, 0.00185423647054, 0.0025159753859, -0.00199564918876, 2.88750215987e-005, -0.00184925843496, 0.00190656690393, 0.00174697814509, -0.0131913125515, 0.0219067521393]]
    sccoeffs:
        dmean: [0.0553986504674, 0.0442232973874, 0.0379863604903, 0.0371151603758, 0.0409984216094, 0.0217233262956]
        dmean2: [0.0929090082645, 0.0728326141834, 0.0627096071839, 0.0638772696257, 0.0747968181968, 0.0369356498122]
        dvar: [0.00263677141629, 0.00126413744874, 0.000930507201701, 0.000921457307413, 0.00142838759348, 0.000322753359796]
        dvar2: [0.00731346430257, 0.00340971909463, 0.00251075532287, 0.00264640292153, 0.00410103797913, 0.000907064066269]
        max: [-0.273139983416, -0.504447698593, -0.544321238995, -0.519791662693, -0.485535591841, -0.492858409882]
        mean: [-0.662318408489, -0.755173802376, -0.779892742634, -0.774361491203, -0.767014145851, -0.705989480019]
        median: [-0.672707974911, -0.760776102543, -0.784786820412, -0.778199374676, -0.777579188347, -0.712094664574]
        min: [-0.959057152271, -0.995455920696, -0.970225632191, -0.968722879887, -0.961441576481, -0.959453642368]
        var: [0.00594662642106, 0.00391033058986, 0.00300243543461, 0.00238687498495, 0.00291276886128, 0.00192303815857]
    scvalleys:
        dmean: [0.358069509268, 0.33063596487, 0.277291595936, 0.289965540171, 0.324034124613, 0.256686329842]
        dmean2: [0.595324456692, 0.550508379936, 0.45047557354, 0.490686714649, 0.582410395145, 0.435558140278]
        dvar: [0.0875974446535, 0.0898058265448, 0.0567184239626, 0.0707273855805, 0.103673778474, 0.071592874825]
        dvar2: [0.227605640888, 0.23174585402, 0.134254664183, 0.179885149002, 0.272645056248, 0.165891095996]
        max: [-5.43017196655, -4.76663303375, -5.24509954453, -5.73904371262, -5.50747060776, -7.85155391693]
        mean: [-6.91107416153, -6.54050683975, -6.95269393921, -7.10190153122, -6.63572597504, -9.62847900391]
        median: [-6.7254152298, -6.43967866898, -6.87709856033, -6.9679274559, -6.42402553558, -9.28752422333]
        min: [-27.7025642395, -27.0619773865, -27.5977706909, -27.342300415, -27.2755393982, -27.2550029755]
        var: [0.993218302727, 0.859446525574, 1.09061861038, 1.08791768551, 1.11179411411, 1.87726211548]

rhythm:
    beats_loudness:
        dmean: 0.00115131249186
        dmean2: 0.00201179948635
        dvar: 1.54881172421e-006
        dvar2: 4.53515167465e-006
        max: 0.0171816274524
        mean: 0.00588842760772
        median: 0.00607200711966
        min: 1.35764928189e-008
        var: 3.65510686606e-006
    bpm: 96.7310028076
    bpm_confidence: 0
    first_peak_bpm: 98
    first_peak_spread: 0.422018378973
    first_peak_weight: 0.488372087479
    onset_rate: 1.99290525913
    second_peak_bpm: 92
    second_peak_spread: 0.0975610166788
    second_peak_weight: 0.0956072360277
    beats_loudness_band_ratio:
        dmean: [0.0480902902782, 0.140377089381, 0.0535599514842, 0.0534706935287, 0.0724476575851, 0.0919916927814]
        dmean2: [0.0840917006135, 0.253130167723, 0.0941177308559, 0.0944286435843, 0.121884852648, 0.15858052671]
        dvar: [0.00271870032884, 0.00988358724862, 0.00378638296388, 0.00453792698681, 0.00330942077562, 0.00561606977135]
        dvar2: [0.00762710859999, 0.0305908750743, 0.0107861021534, 0.0132955983281, 0.0100334156305, 0.0169146489352]
        max: [0.735069394112, 0.777217447758, 0.519414722919, 0.525170087814, 0.580291032791, 0.692469656467]
        mean: [0.0970811769366, 0.215245887637, 0.0848870202899, 0.076812133193, 0.224767610431, 0.333358734846]
        median: [0.07930585742, 0.212122946978, 0.0652040466666, 0.0453648306429, 0.221696287394, 0.335856318474]
        min: [0.00457438686863, 0.0171636641026, 0.00346105522476, 0.000230508783716, 0.000533547543455, 0.00078708678484]
        var: [0.00601228745654, 0.0196091625839, 0.00436757318676, 0.00545119307935, 0.00652712211013, 0.011773805134]
    beats_position: [0.626938760281, 1.25387752056, 1.88081634045, 2.50775504112, 3.13469386101, 3.76163268089, 4.40018129349, 5.0387301445, 5.67727899551, 6.31582736969, 6.9543762207, 7.59292507172, 8.2198638916, 8.84680271149, 9.47374153137, 10.0890703201, 10.7043991089, 11.3313379288, 11.9582767487, 12.5736055374, 13.1889343262, 13.8042631149, 14.4195919037, 15.0349206924, 15.6502494812, 16.2771873474, 16.904127121, 17.5194549561, 18.1347846985, 18.7617225647, 19.3770523071, 19.9923801422, 20.5960998535, 21.2114276886, 21.826757431, 22.4536952972, 23.0690250397, 23.6843528748, 24.3112926483, 24.9266204834, 25.5419502258, 26.168888092, 26.7842178345, 27.4111557007, 28.0264854431, 28.6418132782, 29.2687530518, 29.8840808868, 30.5110206604, 31.1263484955, 31.7416782379, 32.357006073, 32.9723358154, 33.5992736816, 34.2146034241, 34.8415412903, 35.4568710327, 36.0722007751, 36.6875267029, 37.3028564453, 37.9181861877, 38.545124054, 39.1720619202, 39.7873916626, 40.402721405, 41.0296592712, 41.6449890137, 42.2603149414, 42.8872566223, 43.50258255, 44.1179122925, 44.7448501587, 45.3601799011, 45.9755096436, 46.590839386, 47.2061653137, 47.8331069946, 48.4484329224, 49.0637626648, 49.6790924072, 50.3060302734, 50.9213600159, 51.5366897583, 52.152015686, 52.7789573669, 53.3942832947, 54.0096130371, 54.6365509033, 55.275100708, 55.936870575, 56.5870285034, 57.2371864319, 57.8873443604, 58.5723342896, 59.2573242188, 59.884262085, 60.5111999512, 61.1265296936, 61.741859436, 62.3571853638, 62.9725151062, 63.5994529724, 64.2147827148, 64.8301086426, 65.4454421997, 66.0607681274, 66.6877059937, 67.3146438599, 67.929977417, 68.5453033447, 69.1606369019, 69.7759628296, 70.4029006958, 71.0182266235, 71.6335601807, 72.2488861084, 72.8642196655, 73.4911575317, 74.094871521, 74.7218093872, 75.3487548828, 75.975692749, 76.6026306152, 77.2411804199, 77.8913345337, 78.5298843384, 79.2032623291, 79.8534240723, 80.503578186, 81.1537399292, 81.8039016724, 82.4540557861, 83.0809936523, 83.7079315186, 84.3116531372, 84.9269790649, 85.5539245605, 86.1692504883, 86.784576416, 87.4115142822, 88.0268478394, 88.6421737671, 89.2575073242, 89.8844451904, 90.4997711182, 91.1150970459, 91.7420425415, 92.3689804077, 92.9843063354, 93.5996322632, 94.2149658203, 94.8419036865, 95.4572296143, 96.0725631714, 96.6995010376, 97.3148269653, 97.9301605225, 98.5454864502, 99.1608123779, 99.7761459351, 100.391471863, 101.006797791, 101.633743286, 102.260681152, 102.887619019, 103.502944946, 104.129882813, 104.74521637, 105.360542297, 105.975868225, 106.591201782, 107.20652771, 107.810249329, 108.425575256, 109.040908813, 109.66784668, 110.294784546, 110.910110474, 111.53704834, 112.163986206, 112.779319763, 113.394645691, 114.009971619, 114.636917114, 115.252243042, 115.86756897, 116.482902527, 117.098228455, 117.725166321, 118.340499878, 118.955825806, 119.582763672, 120.1980896, 120.813423157, 121.440361023, 122.067298889, 122.682624817, 123.297958374, 123.92489624, 124.575057983, 125.225212097, 125.87537384, 126.525527954, 127.175689697, 127.83745575, 128.51083374, 129.149383545, 129.776321411, 130.403259277, 131.030197144, 131.645523071, 132.260864258, 132.876190186, 133.491516113, 134.095230103, 134.722167969, 135.349105835, 135.97605896, 136.591384888, 137.206710815, 137.822036743, 138.437362671, 139.064300537, 139.668029785, 140.294967651, 140.921905518, 141.537231445, 142.152557373, 142.779495239, 143.406433105, 144.068206787, 144.729980469, 145.380126953, 146.030288696, 146.680450439, 147.330612183, 147.980773926, 148.63092041, 149.257858276, 149.884811401, 150.511749268, 151.138687134, 151.742401123, 152.357727051, 152.973052979, 153.599990845, 154.226928711, 154.842269897, 155.457595825, 156.084533691, 156.699859619, 157.315185547, 157.942123413, 158.569061279, 159.172790527, 159.788116455, 160.403442383, 161.018768311, 161.634094238, 162.261047363, 162.887985229, 163.503311157, 164.118637085, 164.745574951, 165.34928894, 165.964630127, 166.579956055, 167.206893921, 167.833831787, 168.49559021, 169.145751953, 169.795913696, 170.446075439, 171.096237183, 171.746398926, 172.39654541, 173.046707153, 173.685256958, 174.312194824, 174.93913269, 175.566070557, 176.181396484, 176.796737671, 177.423675537, 178.039001465, 178.654327393, 179.26965332, 179.884979248, 180.511917114, 181.127258301, 181.742584229, 182.369522095, 182.996459961, 183.60017395, 184.215499878, 184.830841064, 185.457778931, 186.073104858, 186.700042725, 187.315368652, 187.93069458, 188.546035767, 189.172973633, 189.788299561, 190.403625488, 191.018951416, 191.634277344, 192.26121521, 192.876556396, 193.491882324, 194.107208252, 194.72253418, 195.349472046, 195.976409912, 196.59173584, 197.207077026, 197.810791016, 198.437728882, 199.064666748, 199.668380737, 200.295318604, 200.92225647, 201.537597656, 202.152923584, 202.77986145, 203.395187378, 204.010513306, 204.637451172, 205.252792358, 205.868118286, 206.483444214, 207.098770142, 207.714096069, 208.341033936, 208.956375122, 209.583312988, 210.198638916, 210.813964844, 211.417678833, 212.044616699, 212.671554565, 213.298492432, 213.925445557, 214.563980103, 215.202529907, 215.841079712, 216.479629517, 217.12979126, 217.779953003, 218.430114746, 219.08026123, 219.718811035, 220.35736084, 221.007522583, 221.634460449, 222.261398315, 222.876724243, 223.49206543, 224.119003296, 224.745941162, 225.36126709, 225.976593018, 226.591918945, 227.207244873, 227.834197998, 228.461135864, 229.076461792, 229.69178772, 230.318725586, 230.806350708, 231.293960571, 231.781585693, 232.269195557, 232.756820679, 233.244445801, 233.743667603, 234.242904663, 234.800170898, 235.345840454, 235.89151001, 236.355911255, 236.8203125, 237.284713745, 237.74911499, 238.213516235, 238.68951416, 239.165527344, 239.641540527]
