
metadata:
    version:
        essentia: "2.1-beta2"
    audio_properties:
        analysis_sample_rate: 44100
        bitrate: 320
        channels: 2
        equal_loudness: 1
        length: 284.34286499
        replay_gain: -13.2415847778
        downmix: "mix"
    tags:
        album: "Extremist"
        artist: "Demon Hunter"
        comment: ""
        date: "2014"
        genre: "Christian Metal"
        title: "I Will Fail You"
        tracknumber: "5"

configuration:
    average_loudness:
        compute: 1
        frameSize: 88200
        hopSize: 44100
        silentFrames: "noise"
        windowType: "hann"
    general:
        analysisSampleRate: 44100
        endTime: 2000
        equalLoudness: 1
        nequalLoudness: 0
        shortSound: 0
        startTime: 0
    lowlevel:
        compute: 1
        frameSize: 2048
        hopSize: 1024
        zeroPadding: 0
        silentFrames: "noise"
        windowType: "blackmanharris62"
        mfccStats: ["mean", "cov", "icov"]
        stats: ["mean", "var", "median", "min", "max", "dmean", "dmean2", "dvar", "dvar2"]
    panning:
        compute: 0
        frameSize: 8192
        hopSize: 2048
        zeroPadding: 8192
        silentFrames: "noise"
        windowType: "hann"
        stats: ["copy"]
    rhythm:
        compute: 1
        maxTempo: 208
        minTempo: 40
        method: "degara"
        stats: ["mean", "var", "median", "min", "max", "dmean", "dmean2", "dvar", "dvar2"]
    segmentation:
        compute: 0
        cpw: 5
        inc1: 300
        inc2: 50
        minimumSegmentsLength: 10
        size1: 1000
        size2: 600
    sfx:
        compute: 1
        stats: ["mean", "var", "median", "min", "max", "dmean", "dmean2", "dvar", "dvar2"]
    svm:
        compute: 0
    tonal:
        compute: 1
        frameSize: 4096
        hopSize: 2048
        zeroPadding: 0
        silentFrames: "noise"
        windowType: "blackmanharris62"
        stats: ["mean", "var", "median", "min", "max", "dmean", "dmean2", "dvar", "dvar2"]

lowlevel:
    average_loudness: 0.953359186649
    barkbands_kurtosis:
        dmean: 0.738883078098
        dmean2: 1.09711205959
        dvar: 2.87321305275
        dvar2: 5.15824270248
        max: 147.822601318
        mean: 0.240202724934
        median: -1.23061394691
        min: -1.91449427605
        var: 27.1395130157
    barkbands_skewness:
        dmean: 0.332243591547
        dmean2: 0.500376284122
        dvar: 0.122166194022
        dvar2: 0.25553381443
        max: 8.99032878876
        mean: 0.524250984192
        median: 0.36141949892
        min: -4.05112409592
        var: 1.10427212715
    barkbands_spread:
        dmean: 4.10751962662
        dmean2: 6.38934659958
        dvar: 21.1143627167
        dvar2: 48.6094589233
        max: 69.0307693481
        mean: 33.0209922791
        median: 35.0783157349
        min: 0.506694018841
        var: 120.021514893
    dissonance:
        dmean: 0.0112419584766
        dmean2: 0.0185424946249
        dvar: 0.000147330225445
        dvar2: 0.000379384029657
        max: 0.5
        mean: 0.470865041018
        median: 0.477356225252
        min: 0.227011591196
        var: 0.000612125033513
    hfc:
        dmean: 1.9358561039
        dmean2: 3.11821436882
        dvar: 8.58386993408
        dvar2: 21.7086105347
        max: 43.2636833191
        mean: 9.01038742065
        median: 8.58327102661
        min: 1.17260157489e-016
        var: 35.8306312561
    pitch:
        dmean: 737.707092285
        dmean2: 1434.69104004
        dvar: 1741294.5
        dvar2: 4284058
        max: 4766.81884766
        mean: 1231.90380859
        median: 246.241714478
        min: 69.2701187134
        var: 2442937.5
    pitch_instantaneous_confidence:
        dmean: 0.0695836246014
        dmean2: 0.111586853862
        dvar: 0.00375238875858
        dvar2: 0.00922135449946
        max: 0.884572505951
        mean: 0.408999681473
        median: 0.381153285503
        min: 0.100378394127
        var: 0.0189147330821
    pitch_salience:
        dmean: 0.0501525066793
        dmean2: 0.0810543373227
        dvar: 0.00208903150633
        dvar2: 0.00562712503597
        max: 0.955402314663
        mean: 0.619709908962
        median: 0.629741251469
        min: 0.138427242637
        var: 0.00819551385939
    silence_rate_20dB:
        dmean: 0
        dmean2: 0
        dvar: 0
        dvar2: 0
        max: 1
        mean: 1
        median: 1
        min: 1
        var: 0
    silence_rate_30dB:
        dmean: 0
        dmean2: 0
        dvar: 0
        dvar2: 0
        max: 1
        mean: 1
        median: 1
        min: 1
        var: 0
    silence_rate_60dB:
        dmean: 0.028417441994
        dmean2: 0.0568395256996
        dvar: 0.0276053640991
        dvar2: 0.0635754913092
        max: 1
        mean: 0.164203479886
        median: 0
        min: 0
        var: 0.137255802751
    spectral_centroid:
        dmean: 214.253997803
        dmean2: 330.685028076
        dvar: 62721.75
        dvar2: 136468.453125
        max: 11209.5722656
        mean: 1480.96655273
        median: 1467.13916016
        min: 156.293167114
        var: 429372.34375
    spectral_complexity:
        dmean: 3.0924384594
        dmean2: 5.07423448563
        dvar: 9.94797801971
        dvar2: 25.3622932434
        max: 43
        mean: 17.5216789246
        median: 18
        min: 0
        var: 82.6268997192
    spectral_crest:
        dmean: 1.78491377831
        dmean2: 2.84800434113
        dvar: 3.38670086861
        dvar2: 8.91196632385
        max: 23.7295703888
        mean: 7.77211761475
        median: 6.80855321884
        min: 2.60683441162
        var: 12.1926784515
    spectral_decrease:
        dmean: 2.35838959473e-010
        dmean2: 3.87219867282e-010
        dvar: 1.5543335048e-019
        dvar2: 4.24747034035e-019
        max: 9.86679128155e-029
        mean: -1.30098620765e-009
        median: -1.31894861699e-009
        min: -6.89365631246e-009
        var: 3.39773096153e-019
    spectral_energy:
        dmean: 0.00101862254087
        dmean2: 0.00166853039991
        dvar: 2.76393734566e-006
        dvar2: 7.49596483729e-006
        max: 0.0280254501849
        mean: 0.00572748482227
        median: 0.00580231240019
        min: 1.06252827945e-020
        var: 6.78318838254e-006
    spectral_energyband_high:
        dmean: 0.000174750210135
        dmean2: 0.000284857756924
        dvar: 9.94216975414e-008
        dvar2: 2.41941791046e-007
        max: 0.0064286859706
        mean: 0.00047648861073
        median: 0.000351277529262
        min: 7.57171729045e-021
        var: 2.79802577552e-007
    spectral_energyband_low:
        dmean: 0.000190804130398
        dmean2: 0.000307143869577
        dvar: 8.87949624939e-008
        dvar2: 2.45060846282e-007
        max: 0.00396804325283
        mean: 0.000512152386364
        median: 0.000380618497729
        min: 5.07492648119e-023
        var: 2.43800570843e-007
    spectral_energyband_middle_high:
        dmean: 0.000489548023324
        dmean2: 0.000781683658715
        dvar: 3.42226371686e-007
        dvar2: 8.65409731432e-007
        max: 0.00975565891713
        mean: 0.00223293993622
        median: 0.00219697225839
        min: 1.44130324844e-021
        var: 2.00614204005e-006
    spectral_energyband_middle_low:
        dmean: 0.000740748015232
        dmean2: 0.0012101259781
        dvar: 1.74232138761e-006
        dvar2: 4.7995768e-006
        max: 0.0229008216411
        mean: 0.00269694323651
        median: 0.00248851627111
        min: 3.20345533641e-022
        var: 2.62138883045e-006
    spectral_flatness_db:
        dmean: 0.0126156136394
        dmean2: 0.0193165782839
        dvar: 0.000158004491823
        dvar2: 0.000351150200004
        max: 0.497588545084
        mean: 0.165261626244
        median: 0.152026176453
        min: 0.0619820579886
        var: 0.00259891431779
    spectral_flux:
        dmean: 0.00620664469898
        dmean2: 0.00960086192936
        dvar: 6.36649419903e-005
        dvar2: 0.000132880595629
        max: 0.142206028104
        mean: 0.0373700521886
        median: 0.0380661226809
        min: 6.97911381464e-011
        var: 0.000253172707744
    spectral_kurtosis:
        dmean: 1.45262849331
        dmean2: 2.4860432148
        dvar: 8.04523277283
        dvar2: 24.6395778656
        max: 121.600570679
        mean: 4.45496940613
        median: 3.23632287979
        min: -1.18035519123
        var: 43.0328788757
    spectral_rms:
        dmean: 0.000195917978999
        dmean2: 0.000314918317599
        dvar: 6.56251799569e-008
        dvar2: 1.7183356249e-007
        max: 0.00522894831374
        mean: 0.00229186052456
        median: 0.00237924209796
        min: 3.21964742193e-012
        var: 3.35194073386e-007
    spectral_rolloff:
        dmean: 341.895324707
        dmean2: 559.032836914
        dvar: 247697.9375
        dvar2: 534469.0625
        max: 19078.4179688
        mean: 2977.4753418
        median: 3359.1796875
        min: 129.19921875
        var: 1358227.5
    spectral_skewness:
        dmean: 0.185499832034
        dmean2: 0.300407677889
        dvar: 0.0630191862583
        dvar2: 0.174720615149
        max: 9.14583587646
        mean: 1.36308336258
        median: 1.24171996117
        min: -0.166588038206
        var: 0.405974954367
    spectral_spread:
        dmean: 334509.9375
        dmean2: 485014.28125
        dvar: 224234471424
        dvar2: 398890696704
        max: 39667468
        mean: 4322839
        median: 4330040
        min: 805944.625
        var: 1.66223373926e+012
    spectral_strongpeak:
        dmean: 0.367572784424
        dmean2: 0.644481599331
        dvar: 0.539117991924
        dvar2: 1.42299187183
        max: 8.3919801712
        mean: 0.6295825243
        median: 0.406361937523
        min: 1.59172541814e-009
        var: 0.647508502007
    zerocrossingrate:
        dmean: 0.00740045541897
        dmean2: 0.00848608464003
        dvar: 6.30473368801e-005
        dvar2: 6.35783799225e-005
        max: 0.49951171875
        mean: 0.0882590562105
        median: 0.09033203125
        min: 0.005859375
        var: 0.000998027157038
    barkbands:
        dmean: [1.13092497145e-007, 5.03972987644e-005, 0.00010844389908, 0.000148103470565, 0.000487832556246, 0.00027536629932, 0.000159703296958, 9.03967447812e-005, 8.22668880573e-005, 5.05514071847e-005, 4.78889451188e-005, 5.98391015956e-005, 4.59928050986e-005, 4.11792898376e-005, 5.33372840437e-005, 0.000119931755762, 0.000126112267026, 0.000121407145343, 0.000245684001129, 0.000172508589458, 8.49620846566e-005, 3.5387925891e-005, 7.24645178707e-006, 1.91256526705e-006, 5.96273594056e-007, 2.41177264826e-008, 4.92417384645e-010]
        dmean2: [1.70709867575e-007, 8.47114351927e-005, 0.000171123494511, 0.000240771027165, 0.000804305658676, 0.000417176779592, 0.000257775798673, 0.000136473536259, 0.000124726298964, 7.7630582382e-005, 7.24023848306e-005, 9.16938006412e-005, 7.38838134566e-005, 6.68399152346e-005, 8.7059182988e-005, 0.000198192152311, 0.000208342200494, 0.000201703747734, 0.000402185018174, 0.000281247601379, 0.00014150608331, 6.03772168688e-005, 1.08267968244e-005, 2.7839375889e-006, 9.03506020222e-007, 3.45835502458e-008, 7.4152289864e-010]
        dvar: [6.49603526352e-014, 1.79500716513e-008, 2.88325683329e-008, 4.99729679859e-008, 1.39452697567e-006, 1.43682512999e-007, 6.31911163396e-008, 2.59237786793e-008, 1.9945577634e-008, 8.48744630133e-009, 1.50170897939e-008, 1.78574914855e-008, 7.14360259835e-009, 4.15998835379e-009, 7.0757244508e-009, 3.0215435487e-008, 2.85238499487e-008, 3.19878203925e-008, 9.71563522967e-008, 7.59674350093e-008, 2.28460788065e-008, 7.60407470324e-009, 3.5782937724e-010, 2.54376762709e-011, 1.44470915266e-012, 2.64908940155e-015, 8.30622459383e-019]
        dvar2: [1.39447223842e-013, 5.05860064948e-008, 7.70712986764e-008, 1.4241493318e-007, 3.84550730814e-006, 3.36122184308e-007, 1.52584050284e-007, 5.38746682821e-008, 4.36877911625e-008, 1.89174862442e-008, 2.60452424072e-008, 4.06437266065e-008, 1.80997403731e-008, 9.97101068378e-009, 1.84397599412e-008, 7.77590187795e-008, 7.49016138002e-008, 8.59613678017e-008, 2.54790080589e-007, 1.815706554e-007, 5.97530700475e-008, 1.95016447435e-008, 6.59548859971e-010, 4.42079983731e-011, 2.98991907621e-012, 5.13653569413e-015, 1.42834839159e-018]
        max: [2.5279282454e-006, 0.00152741849888, 0.00231378851458, 0.00367081724107, 0.0194113627076, 0.00749860983342, 0.00469213211909, 0.00376597745344, 0.00297471042722, 0.00333114527166, 0.00859027169645, 0.00333507941104, 0.00156456336845, 0.00109538529068, 0.00196201400831, 0.00380183733068, 0.00388008425944, 0.0039753858, 0.00559030333534, 0.00829294417053, 0.00298142083921, 0.00184819998685, 0.000524649687577, 0.000124779980979, 3.45843145624e-005, 1.56736746248e-006, 2.26788099411e-008]
        mean: [1.64076283227e-007, 9.69974062173e-005, 0.000244157301495, 0.0003046412603, 0.000885469838977, 0.00075754604768, 0.000359119236236, 0.000200553695322, 0.000176707311766, 0.000103582875454, 8.86293200892e-005, 0.000106022045657, 8.41282089823e-005, 7.97894244897e-005, 0.000107440326246, 0.000253912847256, 0.000275582249742, 0.000275871483609, 0.000612406001892, 0.000428666680818, 0.000200914146262, 6.38226629235e-005, 1.51734693645e-005, 4.7131889005e-006, 1.43015131471e-006, 5.77796406276e-008, 9.28913723719e-010]
        median: [2.23975789027e-008, 6.9307294325e-005, 0.000155868299771, 0.000189081853023, 0.000541415472981, 0.000524897768628, 0.0001683189912, 8.32040022942e-005, 8.10761048342e-005, 4.55122390122e-005, 3.49714173353e-005, 4.20723481511e-005, 4.20775686507e-005, 4.96484499308e-005, 7.28474697098e-005, 0.00017084137653, 0.000197835470317, 0.000209876612644, 0.000509857432917, 0.000334897020366, 0.000144590929267, 3.05550674966e-005, 5.27757629243e-006, 2.13491762224e-006, 7.38488381558e-007, 2.2916092135e-008, 3.97791743989e-010]
        min: [3.03208076366e-024, 6.16431175798e-024, 1.47700273219e-023, 1.19149448573e-023, 2.84559199463e-023, 1.39323422375e-023, 5.70032846488e-023, 1.1588376164e-023, 6.00601017238e-023, 2.99340212462e-023, 6.87808959222e-023, 4.6330813861e-023, 2.87510075674e-023, 6.46864364559e-023, 7.81949032187e-023, 1.16299907856e-022, 1.10357336615e-022, 1.64353237369e-022, 1.91181374392e-022, 2.57667391899e-022, 4.72886342571e-022, 4.54289823944e-022, 4.38899437984e-022, 5.99813229184e-022, 1.1503955804e-021, 1.59576549535e-021, 2.22682978377e-021]
        var: [1.09981427719e-013, 1.58267603467e-008, 8.02901354291e-008, 1.24005325119e-007, 1.47330501932e-006, 5.75635851874e-007, 2.51663578865e-007, 1.25757665614e-007, 6.5417950168e-008, 2.58353285432e-008, 4.85692481789e-008, 4.19346832814e-008, 1.66592695194e-008, 9.4921084326e-009, 1.62937396908e-008, 8.09092739473e-008, 7.0628637161e-008, 7.33540801434e-008, 2.741354308e-007, 2.20559542186e-007, 4.98800822868e-008, 1.22235235267e-008, 1.23037002808e-009, 9.22430604122e-011, 4.74472284379e-012, 1.00845049135e-014, 2.67248179961e-018]
    frequency_bands:
        dmean: [1.13092497145e-007, 5.03972987644e-005, 0.00010844389908, 0.000148103470565, 0.000487832556246, 0.00027536629932, 0.000159703296958, 9.03967447812e-005, 8.22668880573e-005, 5.05514071847e-005, 4.78889451188e-005, 5.98391015956e-005, 4.59928050986e-005, 4.11792898376e-005, 5.33372840437e-005, 0.000119931755762, 0.000126112267026, 0.000121407145343, 0.000245684001129, 0.000172508589458, 8.49620846566e-005, 3.5387925891e-005, 7.24645178707e-006, 1.91256526705e-006, 5.96273594056e-007, 2.41177264826e-008, 4.92417384645e-010, 6.85385706523e-011]
        dmean2: [1.70709867575e-007, 8.47114351927e-005, 0.000171123494511, 0.000240771027165, 0.000804305658676, 0.000417176779592, 0.000257775798673, 0.000136473536259, 0.000124726298964, 7.7630582382e-005, 7.24023848306e-005, 9.16938006412e-005, 7.38838134566e-005, 6.68399152346e-005, 8.7059182988e-005, 0.000198192152311, 0.000208342200494, 0.000201703747734, 0.000402185018174, 0.000281247601379, 0.00014150608331, 6.03772168688e-005, 1.08267968244e-005, 2.7839375889e-006, 9.03506020222e-007, 3.45835502458e-008, 7.4152289864e-010, 1.26724256089e-010]
        dvar: [6.49603526352e-014, 1.79500716513e-008, 2.88325683329e-008, 4.99729679859e-008, 1.39452697567e-006, 1.43682512999e-007, 6.31911163396e-008, 2.59237786793e-008, 1.9945577634e-008, 8.48744630133e-009, 1.50170897939e-008, 1.78574914855e-008, 7.14360259835e-009, 4.15998835379e-009, 7.0757244508e-009, 3.0215435487e-008, 2.85238499487e-008, 3.19878203925e-008, 9.71563522967e-008, 7.59674350093e-008, 2.28460788065e-008, 7.60407470324e-009, 3.5782937724e-010, 2.54376762709e-011, 1.44470915266e-012, 2.64908940155e-015, 8.30622459383e-019, 8.49760219895e-021]
        dvar2: [1.39447223842e-013, 5.05860064948e-008, 7.70712986764e-008, 1.4241493318e-007, 3.84550730814e-006, 3.36122184308e-007, 1.52584050284e-007, 5.38746682821e-008, 4.36877911625e-008, 1.89174862442e-008, 2.60452424072e-008, 4.06437266065e-008, 1.80997403731e-008, 9.97101068378e-009, 1.84397599412e-008, 7.77590187795e-008, 7.49016138002e-008, 8.59613678017e-008, 2.54790080589e-007, 1.815706554e-007, 5.97530700475e-008, 1.95016447435e-008, 6.59548859971e-010, 4.42079983731e-011, 2.98991907621e-012, 5.13653569413e-015, 1.42834839159e-018, 2.6942304911e-020]
        max: [2.5279282454e-006, 0.00152741849888, 0.00231378851458, 0.00367081724107, 0.0194113627076, 0.00749860983342, 0.00469213211909, 0.00376597745344, 0.00297471042722, 0.00333114527166, 0.00859027169645, 0.00333507941104, 0.00156456336845, 0.00109538529068, 0.00196201400831, 0.00380183733068, 0.00388008425944, 0.0039753858, 0.00559030333534, 0.00829294417053, 0.00298142083921, 0.00184819998685, 0.000524649687577, 0.000124779980979, 3.45843145624e-005, 1.56736746248e-006, 2.26788099411e-008, 9.59191948091e-010]
        mean: [1.64076283227e-007, 9.69974062173e-005, 0.000244157301495, 0.0003046412603, 0.000885469838977, 0.00075754604768, 0.000359119236236, 0.000200553695322, 0.000176707311766, 0.000103582875454, 8.86293200892e-005, 0.000106022045657, 8.41282089823e-005, 7.97894244897e-005, 0.000107440326246, 0.000253912847256, 0.000275582249742, 0.000275871483609, 0.000612406001892, 0.000428666680818, 0.000200914146262, 6.38226629235e-005, 1.51734693645e-005, 4.7131889005e-006, 1.43015131471e-006, 5.77796406276e-008, 9.28913723719e-010, 5.36336287882e-011]
        median: [2.23975789027e-008, 6.9307294325e-005, 0.000155868299771, 0.000189081853023, 0.000541415472981, 0.000524897768628, 0.0001683189912, 8.32040022942e-005, 8.10761048342e-005, 4.55122390122e-005, 3.49714173353e-005, 4.20723481511e-005, 4.20775686507e-005, 4.96484499308e-005, 7.28474697098e-005, 0.00017084137653, 0.000197835470317, 0.000209876612644, 0.000509857432917, 0.000334897020366, 0.000144590929267, 3.05550674966e-005, 5.27757629243e-006, 2.13491762224e-006, 7.38488381558e-007, 2.2916092135e-008, 3.97791743989e-010, 2.12507407504e-011]
        min: [3.03208076366e-024, 6.16431175798e-024, 1.47700273219e-023, 1.19149448573e-023, 2.84559199463e-023, 1.39323422375e-023, 5.70032846488e-023, 1.1588376164e-023, 6.00601017238e-023, 2.99340212462e-023, 6.87808959222e-023, 4.6330813861e-023, 2.87510075674e-023, 6.46864364559e-023, 7.81949032187e-023, 1.16299907856e-022, 1.10357336615e-022, 1.64353237369e-022, 1.91181374392e-022, 2.57667391899e-022, 4.72886342571e-022, 4.54289823944e-022, 4.38899437984e-022, 5.99813229184e-022, 1.1503955804e-021, 1.59576549535e-021, 2.22682978377e-021, 7.55797005758e-022]
        var: [1.09981427719e-013, 1.58267603467e-008, 8.02901354291e-008, 1.24005325119e-007, 1.47330501932e-006, 5.75635851874e-007, 2.51663578865e-007, 1.25757665614e-007, 6.5417950168e-008, 2.58353285432e-008, 4.85692481789e-008, 4.19346832814e-008, 1.66592695194e-008, 9.4921084326e-009, 1.62937396908e-008, 8.09092739473e-008, 7.0628637161e-008, 7.33540801434e-008, 2.741354308e-007, 2.20559542186e-007, 4.98800822868e-008, 1.22235235267e-008, 1.23037002808e-009, 9.22430604122e-011, 4.74472284379e-012, 1.00845049135e-014, 2.67248179961e-018, 7.05999379828e-021]
    mfcc:
        mean: [-700.520629883, 113.062156677, -44.080821991, 61.5434455872, -14.8566017151, -11.6043815613, -6.42910146713, -11.501288414, -9.08905029297, -7.87819099426, -10.0505666733, -5.25173807144, -1.478728652]
        cov: [[4257.20996094, -793.34173584, -169.834533691, 352.195953369, -279.662902832, 352.448852539, 9.84781932831, 347.028717041, 189.161361694, 232.979232788, 164.847518921, 57.7984275818, 48.5494613647], [-793.34173584, 982.020629883, -214.173934937, -74.2489242554, 42.7814559937, -158.17918396, 59.6821327209, -90.6598892212, -31.69572258, -68.2838592529, -35.1724624634, 22.8628025055, 15.4808473587], [-169.834533691, -214.173934937, 431.197601318, 9.85127449036, 83.9303665161, 97.8432846069, 13.2871456146, 95.2636871338, -3.10053515434, 28.3966159821, 15.1581268311, 11.9858942032, 14.2286958694], [352.195953369, -74.2489242554, 9.85127449036, 252.786270142, 61.4701652527, 81.9640960693, -2.27721953392, 21.546049118, 49.2616004944, 37.7746009827, 18.9523735046, 4.25868797302, 9.77273845673], [-279.662902832, 42.7814559937, 83.9303665161, 61.4701652527, 199.503341675, 35.1650123596, -2.70322775841, -23.2239017487, 6.33921861649, 14.0955877304, -7.33476352692, -3.61415457726, 5.47354221344], [352.448852539, -158.17918396, 97.8432846069, 81.9640960693, 35.1650123596, 177.550643921, 33.7391090393, 96.0650100708, 30.4027175903, 42.2141113281, 38.4720230103, 13.8129692078, 3.74255466461], [9.84781932831, 59.6821327209, 13.2871456146, -2.27721953392, -2.70322775841, 33.7391090393, 108.854598999, 49.6286506653, 13.1465463638, 9.21406936646, 18.525094986, 19.0742034912, 11.2922468185], [347.028717041, -90.6598892212, 95.2636871338, 21.546049118, -23.2239017487, 96.0650100708, 49.6286506653, 189.346115112, 47.4457130432, 44.6758842468, 34.5066604614, 18.9998207092, 13.6617546082], [189.161361694, -31.69572258, -3.10053515434, 49.2616004944, 6.33921861649, 30.4027175903, 13.1465463638, 47.4457130432, 94.2307510376, 41.4066238403, 22.0759754181, 9.37976646423, 6.96388816833], [232.979232788, -68.2838592529, 28.3966159821, 37.7746009827, 14.0955877304, 42.2141113281, 9.21406936646, 44.6758842468, 41.4066238403, 103.954483032, 51.9276351929, 19.5381755829, 10.5075645447], [164.847518921, -35.1724624634, 15.1581268311, 18.9523735046, -7.33476352692, 38.4720230103, 18.525094986, 34.5066604614, 22.0759754181, 51.9276351929, 90.9272384644, 39.2813301086, 11.9164686203], [57.7984275818, 22.8628025055, 11.9858942032, 4.25868797302, -3.61415457726, 13.8129692078, 19.0742034912, 18.9998207092, 9.37976646423, 19.5381755829, 39.2813301086, 72.6344223022, 29.0249500275], [48.5494613647, 15.4808473587, 14.2286958694, 9.77273845673, 5.47354221344, 3.74255466461, 11.2922468185, 13.6617546082, 6.96388816833, 10.5075645447, 11.9164686203, 29.0249500275, 67.6711044312]]
        icov: [[0.00052091688849, 0.000267597555649, 0.000507450837176, -0.00049442081945, 0.000707668717951, -0.000605023524258, 0.000276575854514, -0.000542168214452, -3.41430823028e-005, -0.000551255128812, 3.70067646145e-005, -7.51216575736e-005, -0.000315898098052], [0.000267597555649, 0.00172034860589, 0.00101402471773, -0.000125722697703, -0.000685734907165, 0.00107780983672, -0.00109634909313, -0.000555751379579, 0.000197913774173, 0.000338255718816, 9.22702165553e-005, -0.000790963764302, -0.000239477230934], [0.000507450837176, 0.00101402471773, 0.00410444429144, 0.000151325541083, -0.00135856575798, -0.00102508440614, 0.000300616025925, -0.0023785084486, 0.00121997937094, -0.000478931615362, 0.000262417364866, -0.00062385405181, -0.000714112189598], [-0.00049442081945, -0.000125722697703, 0.000151325541083, 0.00607827305794, -0.00199257628992, -0.00209814962, 0.000478156580357, 0.00128297042102, -0.0021930206567, 0.000124708181829, 0.00010068321717, 0.000295739242574, -0.000525994284544], [0.000707668717951, -0.000685734907165, -0.00135856575798, -0.00199257628992, 0.00838055089116, -0.00293323723599, 0.000626172695775, 0.00210810708813, -0.000743276264984, -0.00229161442257, 0.00146019272506, 0.000524166272953, -0.000872770324349], [-0.000605023524258, 0.00107780983672, -0.00102508440614, -0.00209814962, -0.00293323723599, 0.0125692607835, -0.0026292221155, -0.00383353047073, 0.00114390288945, 0.000864103727508, -0.00235089403577, -0.00020029420557, 0.00170881371014], [0.000276575854514, -0.00109634909313, 0.000300616025925, 0.000478156580357, 0.000626172695775, -0.0026292221155, 0.0122519331053, -0.00266353832558, -0.000514866551384, 0.000397404364776, -0.000885018671397, -0.00116652564611, -0.000844403577503], [-0.000542168214452, -0.000555751379579, -0.0023785084486, 0.00128297042102, 0.00210810708813, -0.00383353047073, -0.00266353832558, 0.0110261868685, -0.00358881056309, -0.000976930488832, 0.000421052420279, 0.000308963411953, -0.000594770885073], [-3.41430823028e-005, 0.000197913774173, 0.00121997937094, -0.0021930206567, -0.000743276264984, 0.00114390288945, -0.000514866551384, -0.00358881056309, 0.015350246802, -0.00422415556386, 7.55617656978e-005, -0.000167966660229, -1.83162101166e-005], [-0.000551255128812, 0.000338255718816, -0.000478931615362, 0.000124708181829, -0.00229161442257, 0.000864103727508, 0.000397404364776, -0.000976930488832, -0.00422415556386, 0.0171460993588, -0.00812287162989, 0.000789406592958, -0.000466564990347], [3.70067646145e-005, 9.22702165553e-005, 0.000262417364866, 0.00010068321717, 0.00146019272506, -0.00235089403577, -0.000885018671397, 0.000421052420279, 7.55617656978e-005, -0.00812287162989, 0.0202826764435, -0.00882937014103, 0.00142607581802], [-7.51216575736e-005, -0.000790963764302, -0.00062385405181, 0.000295739242574, 0.000524166272953, -0.00020029420557, -0.00116652564611, 0.000308963411953, -0.000167966660229, 0.000789406592958, -0.00882937014103, 0.0220698509365, -0.0075922482647], [-0.000315898098052, -0.000239477230934, -0.000714112189598, -0.000525994284544, -0.000872770324349, 0.00170881371014, -0.000844403577503, -0.000594770885073, -1.83162101166e-005, -0.000466564990347, 0.00142607581802, -0.0075922482647, 0.0186015702784]]
    sccoeffs:
        dmean: [0.0463554151356, 0.0424760021269, 0.0344339497387, 0.0350375026464, 0.0352960377932, 0.0256685111672]
        dmean2: [0.0759719461203, 0.0696711912751, 0.0555725730956, 0.0589194335043, 0.0629086121917, 0.0440955385566]
        dvar: [0.00157318986021, 0.00120237353258, 0.000731696898583, 0.000873837328982, 0.00106976961251, 0.000449005689006]
        dvar2: [0.00427465746179, 0.00322323595174, 0.00189231883269, 0.0024367517326, 0.0031216791831, 0.00119384634309]
        max: [-0.225767984986, -0.359978437424, -0.374509602785, -0.512728750706, -0.477966696024, -0.456927061081]
        mean: [-0.602893412113, -0.689033925533, -0.775598287582, -0.773461520672, -0.769145548344, -0.720529556274]
        median: [-0.612044692039, -0.69278973341, -0.781730055809, -0.780077457428, -0.780063092709, -0.722816884518]
        min: [-0.977720975876, -0.986605763435, -0.969613313675, -0.965931415558, -0.963467180729, -0.958918273449]
        var: [0.00734125869349, 0.00479300320148, 0.00352613325231, 0.00279057072476, 0.00248916819692, 0.00239703827538]
    scvalleys:
        dmean: [0.341524660587, 0.303461194038, 0.266849279404, 0.287254422903, 0.310214042664, 0.344036638737]
        dmean2: [0.564205467701, 0.503904998302, 0.436417281628, 0.478654742241, 0.527117908001, 0.577688574791]
        dvar: [0.0898806229234, 0.0729890167713, 0.05685063079, 0.0704104080796, 0.0918212682009, 0.118877194822]
        dvar2: [0.230423331261, 0.185662001371, 0.132953763008, 0.175486892462, 0.231085970998, 0.24129280448]
        max: [-5.2763004303, -4.60061120987, -5.38180303574, -5.80865430832, -5.54664802551, -7.66089200974]
        mean: [-6.97865533829, -6.45182704926, -7.1096777916, -7.35283565521, -7.05598926544, -10.1223049164]
        median: [-6.61990118027, -6.34250402451, -7.00301933289, -7.20715045929, -6.82304239273, -9.74247932434]
        min: [-27.41223526, -27.6721534729, -27.4477767944, -27.4164276123, -27.3439426422, -27.3409824371]
        var: [1.3458429575, 0.717970788479, 0.764541327953, 0.768917500973, 1.06204104424, 2.27068948746]

rhythm:
    beats_loudness:
        dmean: 0.00200687348843
        dmean2: 0.00340485130437
        dvar: 2.77342223853e-006
        dvar2: 7.35556523068e-006
        max: 0.0129689946771
        mean: 0.00611888198182
        median: 0.00609470671043
        min: 2.53972871178e-007
        var: 6.07495758231e-006
    bpm: 146.066543579
    bpm_confidence: 0
    first_peak_bpm: 148
    first_peak_spread: 0.409365564585
    first_peak_weight: 0.569970846176
    onset_rate: 2.28245592117
    second_peak_bpm: 126
    second_peak_spread: 0.333333343267
    second_peak_weight: 0.00874635577202
    beats_loudness_band_ratio:
        dmean: [0.0873341262341, 0.193546548486, 0.0879123210907, 0.0498416908085, 0.0731935948133, 0.107475236058]
        dmean2: [0.14690412581, 0.322833508253, 0.151327595115, 0.0883273556828, 0.125391319394, 0.179854661226]
        dvar: [0.00769443064928, 0.0187285020947, 0.0073096905835, 0.00410738401115, 0.00467097572982, 0.0118587901816]
        dvar2: [0.021127069369, 0.0497546941042, 0.0201333351433, 0.0110095655546, 0.0131442509592, 0.030004883185]
        max: [0.888516485691, 0.891956746578, 0.710153758526, 0.620494604111, 0.549523711205, 0.730216741562]
        mean: [0.157837375998, 0.316508919001, 0.130465790629, 0.070180721581, 0.163190916181, 0.209538221359]
        median: [0.132025286555, 0.292969912291, 0.0993381291628, 0.0517398826778, 0.147776991129, 0.193287789822]
        min: [0.00204740464687, 0.0163431297988, 0.00729665346444, 0.000365878280718, 0.000621874583885, 6.69176224619e-005]
        var: [0.0133978109807, 0.0314401723444, 0.0109510840848, 0.00428449409083, 0.00763861322775, 0.0145063390955]
