
metadata:
    version:
        essentia: "2.1-beta2"
    audio_properties:
        analysis_sample_rate: 44100
        bitrate: 320
        channels: 2
        equal_loudness: 1
        length: 246.439178467
        replay_gain: -14.453540802
        downmix: "mix"
    tags:
        album: "Extremist"
        artist: "Demon Hunter"
        comment: ""
        date: "2014"
        genre: "Christian Metal"
        title: "Hell Don't Need Me"
        tracknumber: "8"

configuration:
    average_loudness:
        compute: 1
        frameSize: 88200
        hopSize: 44100
        silentFrames: "noise"
        windowType: "hann"
    general:
        analysisSampleRate: 44100
        endTime: 2000
        equalLoudness: 1
        nequalLoudness: 0
        shortSound: 0
        startTime: 0
    lowlevel:
        compute: 1
        frameSize: 2048
        hopSize: 1024
        zeroPadding: 0
        silentFrames: "noise"
        windowType: "blackmanharris62"
        mfccStats: ["mean", "cov", "icov"]
        stats: ["mean", "var", "median", "min", "max", "dmean", "dmean2", "dvar", "dvar2"]
    panning:
        compute: 0
        frameSize: 8192
        hopSize: 2048
        zeroPadding: 8192
        silentFrames: "noise"
        windowType: "hann"
        stats: ["copy"]
    rhythm:
        compute: 1
        maxTempo: 208
        minTempo: 40
        method: "degara"
        stats: ["mean", "var", "median", "min", "max", "dmean", "dmean2", "dvar", "dvar2"]
    segmentation:
        compute: 0
        cpw: 5
        inc1: 300
        inc2: 50
        minimumSegmentsLength: 10
        size1: 1000
        size2: 600
    sfx:
        compute: 1
        stats: ["mean", "var", "median", "min", "max", "dmean", "dmean2", "dvar", "dvar2"]
    svm:
        compute: 0
    tonal:
        compute: 1
        frameSize: 4096
        hopSize: 2048
        zeroPadding: 0
        silentFrames: "noise"
        windowType: "blackmanharris62"
        stats: ["mean", "var", "median", "min", "max", "dmean", "dmean2", "dvar", "dvar2"]

lowlevel:
    average_loudness: 0.959168791771
    barkbands_kurtosis:
        dmean: 0.511454463005
        dmean2: 0.841243982315
        dvar: 0.603406250477
        dvar2: 1.46063005924
        max: 36.6623802185
        mean: -0.744990050793
        median: -1.25181925297
        min: -1.8773099184
        var: 4.30587863922
    barkbands_skewness:
        dmean: 0.320533812046
        dmean2: 0.514479100704
        dvar: 0.0995296016335
        dvar2: 0.251118600368
        max: 5.21339654922
        mean: -0.370584607124
        median: -0.436166495085
        min: -2.6335246563
        var: 0.55454313755
    barkbands_spread:
        dmean: 4.59093618393
        dmean2: 7.48064804077
        dvar: 20.0620002747
        dvar2: 52.4383430481
        max: 64.6186676025
        mean: 36.2285957336
        median: 36.5399513245
        min: 2.48750853539
        var: 73.1502914429
    dissonance:
        dmean: 0.00856269802898
        dmean2: 0.0143454410136
        dvar: 9.82403507805e-005
        dvar2: 0.000256550556514
        max: 0.500000059605
        mean: 0.481238692999
        median: 0.485347926617
        min: 0.264308005571
        var: 0.000250515295193
    hfc:
        dmean: 2.63310408592
        dmean2: 4.33657073975
        dvar: 10.373711586
        dvar2: 27.7232379913
        max: 43.9990196228
        mean: 12.6951732635
        median: 12.6949825287
        min: 1.15322291689e-016
        var: 33.0291595459
    pitch:
        dmean: 973.76776123
        dmean2: 1881.41650391
        dvar: 2029276.25
        dvar2: 4838795
        max: 4667.85302734
        mean: 1881.68237305
        median: 817.55291748
        min: 54.9676094055
        var: 2799269.75
    pitch_instantaneous_confidence:
        dmean: 0.0735550150275
        dmean2: 0.120166957378
        dvar: 0.00361958099529
        dvar2: 0.00910013914108
        max: 0.958388149738
        mean: 0.40451541543
        median: 0.384172081947
        min: 0.126300096512
        var: 0.0153166949749
    pitch_salience:
        dmean: 0.0519465431571
        dmean2: 0.0865941867232
        dvar: 0.00218780594878
        dvar2: 0.00607127184048
        max: 0.900878727436
        mean: 0.642296612263
        median: 0.65227162838
        min: 0.267478644848
        var: 0.0062848450616
    silence_rate_20dB:
        dmean: 0
        dmean2: 0
        dvar: 0
        dvar2: 0
        max: 1
        mean: 1
        median: 1
        min: 1
        var: 0
    silence_rate_30dB:
        dmean: 0
        dmean2: 0
        dvar: 0
        dvar2: 0
        max: 1
        mean: 1
        median: 1
        min: 1
        var: 0
    silence_rate_60dB:
        dmean: 0.0241190884262
        dmean2: 0.0482427217066
        dvar: 0.0235356967896
        dvar2: 0.0540150031447
        max: 1
        mean: 0.0768723487854
        median: 0
        min: 0
        var: 0.0709692910314
    spectral_centroid:
        dmean: 231.952560425
        dmean2: 376.108154297
        dvar: 64649.9492188
        dvar2: 162978.015625
        max: 11438.0722656
        mean: 2028.52636719
        median: 2090.59033203
        min: 142.634246826
        var: 315333.90625
    spectral_complexity:
        dmean: 3.49557185173
        dmean2: 5.74747943878
        dvar: 10.1155147552
        dvar2: 25.1699295044
        max: 45
        mean: 22.8650970459
        median: 25
        min: 0
        var: 65.7166748047
    spectral_crest:
        dmean: 1.61169135571
        dmean2: 2.70782136917
        dvar: 3.11833024025
        dvar2: 8.52721309662
        max: 21.4384384155
        mean: 6.39668941498
        median: 5.82582092285
        min: 2.6899228096
        var: 5.24126720428
    spectral_decrease:
        dmean: 2.52357912345e-010
        dmean2: 4.23325513532e-010
        dvar: 1.63365986705e-019
        dvar2: 4.45897809654e-019
        max: 9.38942065588e-029
        mean: -1.30946331556e-009
        median: -1.30627919592e-009
        min: -5.45793765738e-009
        var: 2.83647185531e-019
    spectral_energy:
        dmean: 0.00114760152064
        dmean2: 0.00191716372501
        dvar: 2.94212259178e-006
        dvar2: 7.94349853095e-006
        max: 0.0237144194543
        mean: 0.00609371066093
        median: 0.00612808205187
        min: 1.07673179451e-020
        var: 5.92817832512e-006
    spectral_energyband_high:
        dmean: 0.000250732759014
        dmean2: 0.00042253153515
        dvar: 1.42495821365e-007
        dvar2: 3.88299241649e-007
        max: 0.00481790024787
        mean: 0.000678466341924
        median: 0.000604705070145
        min: 7.44025373419e-021
        var: 2.41813467028e-007
    spectral_energyband_low:
        dmean: 0.000198631110834
        dmean2: 0.000328926282236
        dvar: 7.37213383672e-008
        dvar2: 2.04497510481e-007
        max: 0.00451305042952
        mean: 0.000455104804132
        median: 0.000340501952451
        min: 4.46984965651e-023
        var: 1.50696180867e-007
    spectral_energyband_middle_high:
        dmean: 0.000659095938317
        dmean2: 0.0010735684773
        dvar: 4.13828843193e-007
        dvar2: 1.09639540824e-006
        max: 0.0110526783392
        mean: 0.00329366885126
        median: 0.00328190717846
        min: 1.3673794338e-021
        var: 2.09741870094e-006
    spectral_energyband_middle_low:
        dmean: 0.000663793471176
        dmean2: 0.00111912260763
        dvar: 1.90917398868e-006
        dvar2: 5.35924482392e-006
        max: 0.0164592582732
        mean: 0.00181831151713
        median: 0.00156463950407
        min: 1.66428219229e-022
        var: 2.00035287889e-006
    spectral_flatness_db:
        dmean: 0.0124898934737
        dmean2: 0.0199357885867
        dvar: 0.000130926739075
        dvar2: 0.000327602756443
        max: 0.393941760063
        mean: 0.165305793285
        median: 0.16141577065
        min: 0.0642357319593
        var: 0.0011756347958
    spectral_flux:
        dmean: 0.00637352839112
        dmean2: 0.00995923951268
        dvar: 6.45084946882e-005
        dvar2: 0.000129965657834
        max: 0.136728778481
        mean: 0.0435946509242
        median: 0.0437458530068
        min: 6.85215356677e-011
        var: 0.000194386724615
    spectral_kurtosis:
        dmean: 1.3887386322
        dmean2: 2.41450309753
        dvar: 5.519739151
        dvar2: 16.5541324615
        max: 75.2127380371
        mean: 3.54793524742
        median: 2.88246512413
        min: -1.20854699612
        var: 18.2859344482
    spectral_rms:
        dmean: 0.00021505728364
        dmean2: 0.000353015551809
        dvar: 7.27168085746e-008
        dvar2: 1.89849487242e-007
        max: 0.00480999145657
        mean: 0.00237749400549
        median: 0.00244512106292
        min: 3.24109554299e-012
        var: 2.9265078183e-007
    spectral_rolloff:
        dmean: 228.129852295
        dmean2: 380.589874268
        dvar: 113975.898438
        dvar2: 268154.75
        max: 18863.0859375
        mean: 3648.20019531
        median: 3746.77734375
        min: 129.19921875
        var: 508359.90625
    spectral_skewness:
        dmean: 0.171293020248
        dmean2: 0.285715192556
        dvar: 0.0371053032577
        dvar2: 0.10497469455
        max: 6.76011228561
        mean: 1.01400089264
        median: 0.957863330841
        min: -0.0482624992728
        var: 0.220782130957
    spectral_spread:
        dmean: 320624.5
        dmean2: 486243.125
        dvar: 279586635776
        dvar2: 516743397376
        max: 40909004
        mean: 3739965.25
        median: 3557344.75
        min: 951127.3125
        var: 1.51486464e+012
    spectral_strongpeak:
        dmean: 0.677579045296
        dmean2: 1.19438898563
        dvar: 0.942416489124
        dvar2: 2.49142599106
        max: 10.5553255081
        mean: 0.935579538345
        median: 0.425371438265
        min: 2.44090331281e-010
        var: 1.32181930542
    zerocrossingrate:
        dmean: 0.00650595454499
        dmean2: 0.00826075486839
        dvar: 4.35514739365e-005
        dvar2: 5.72158751311e-005
        max: 0.51953125
        mean: 0.110958702862
        median: 0.1142578125
        min: 0.0068359375
        var: 0.000604669447057
    barkbands:
        dmean: [8.83340902647e-008, 5.90064591961e-005, 0.000127946899738, 0.000128391315229, 0.000482546398416, 0.000149170416989, 0.000105106955743, 6.68306020088e-005, 8.37646075524e-005, 5.39123175258e-005, 2.67232881015e-005, 5.01995891682e-005, 4.82600735268e-005, 5.2998882893e-005, 6.67451677145e-005, 0.000204457697691, 0.000185266515473, 0.000190802558791, 0.00036183182965, 0.000274693971733, 0.00011257231381, 3.99495402235e-005, 6.0983916228e-006, 1.48448850723e-006, 4.55710591041e-007, 1.57576351967e-008, 3.58494733899e-010]
        dmean2: [1.3837620827e-007, 9.97114912025e-005, 0.000209892576095, 0.000219930327148, 0.000827923999168, 0.000236507112277, 0.00017266436771, 0.000103970101918, 0.000127420469653, 7.82190836617e-005, 4.10424509028e-005, 7.83829018474e-005, 7.60420225561e-005, 8.58146595419e-005, 0.000109518099634, 0.000337795965606, 0.000306915433612, 0.000318791280733, 0.000610124145169, 0.000459149217932, 0.000191163722775, 7.04873746145e-005, 9.96808103082e-006, 2.2733768219e-006, 7.09637674845e-007, 2.43723121685e-008, 6.01700966829e-010]
        dvar: [2.97673940618e-014, 1.13763158893e-008, 3.01846689865e-008, 3.49364093211e-008, 1.54395729624e-006, 5.71171980823e-008, 2.84106747017e-008, 1.32435893363e-008, 1.71077516598e-008, 1.61058117953e-008, 3.35819683173e-009, 1.04107762411e-008, 9.17271858469e-009, 5.83986858871e-009, 1.00351957855e-008, 6.57899974499e-008, 5.26220027552e-008, 4.18730543572e-008, 1.45487220493e-007, 1.02863019436e-007, 3.17490105317e-008, 7.6061752452e-009, 1.96365146365e-010, 1.17173935485e-011, 1.04499687983e-012, 1.32034394675e-015, 4.98957620239e-019]
        dvar2: [6.59065629762e-014, 3.24618483205e-008, 8.37203231185e-008, 1.01755105675e-007, 4.32946535511e-006, 1.43758285276e-007, 7.56631450827e-008, 3.17408499484e-008, 3.66312917777e-008, 2.98946396526e-008, 6.72832589643e-009, 2.42006148454e-008, 2.11664570315e-008, 1.50630885543e-008, 2.58836596601e-008, 1.70006330791e-007, 1.34620265158e-007, 1.12940170993e-007, 4.03473734423e-007, 2.78934720654e-007, 8.72083845138e-008, 2.13533457583e-008, 4.50261244955e-010, 2.1917365492e-011, 2.21328749599e-012, 2.89725692608e-015, 9.70628413226e-019]
        max: [1.77720994543e-006, 0.00114699092228, 0.00259491009638, 0.00222155754454, 0.0149495024234, 0.00402517011389, 0.00335054285824, 0.00219474779442, 0.00359010300599, 0.00454983441159, 0.0016126515111, 0.00208688573912, 0.00229786150157, 0.00155074079521, 0.00159667734988, 0.00587949622422, 0.00423575006425, 0.0034004333429, 0.00582792190835, 0.00417666882277, 0.00255366833881, 0.00132618797943, 0.000404158578021, 8.39981294121e-005, 2.98304094031e-005, 9.54594838731e-007, 2.53340814993e-008]
        mean: [1.184432179e-007, 8.91082017915e-005, 0.000252015568549, 0.00019686066662, 0.000721025746316, 0.000335464021191, 0.000218237153604, 0.000134931731736, 0.000196971857804, 0.000123939753394, 4.92940744152e-005, 9.05153501662e-005, 9.5167721156e-005, 0.000102788260847, 0.000134369023726, 0.000452364154626, 0.000409904168919, 0.000455724628409, 0.000952856731601, 0.000732770306058, 0.00026854549651, 6.46427142783e-005, 1.16913643069e-005, 3.48165917785e-006, 9.01711416645e-007, 3.15286108332e-008, 5.48878387185e-010]
        median: [2.98160216516e-008, 6.36489785393e-005, 0.000181446783245, 0.000114780108561, 0.000401140190661, 0.000177829686436, 0.000108355998236, 5.80685482419e-005, 9.61004043347e-005, 3.81296486012e-005, 2.23903025471e-005, 3.4372387745e-005, 3.88621047023e-005, 6.54087489238e-005, 8.6020125309e-005, 0.000324031949276, 0.00034530373523, 0.00040837583947, 0.000862887245603, 0.000674239359796, 0.000232506223256, 3.73502662114e-005, 4.8237197916e-006, 1.40804434068e-006, 3.03064211948e-007, 7.34655003498e-009, 2.21503704267e-010]
        min: [1.45230022348e-024, 2.0181946031e-023, 8.54709392955e-025, 5.99778282646e-024, 1.05147585601e-023, 1.12655679707e-023, 2.45561339965e-023, 2.644636621e-023, 3.03435126312e-023, 4.50590059987e-023, 3.07638334987e-023, 5.66816250369e-023, 4.32431901899e-023, 1.26055125893e-022, 1.24240367158e-022, 9.7787658506e-023, 1.18085762728e-022, 1.78728857904e-022, 1.45078815856e-022, 1.67634810382e-022, 3.25321441039e-022, 4.3950543462e-022, 5.1519766084e-022, 7.43985650171e-022, 9.71976801635e-022, 1.48137273762e-021, 2.19556675909e-021]
        var: [4.52236785888e-014, 9.61062873728e-009, 5.77725920436e-008, 5.16019724728e-008, 1.32269485675e-006, 1.87334961765e-007, 8.73016929859e-008, 4.58718787399e-008, 7.9627305638e-008, 9.12594089186e-008, 1.05165893771e-008, 2.50148453063e-008, 2.70769611177e-008, 1.32589645929e-008, 2.34716566183e-008, 1.93990345565e-007, 1.05919681914e-007, 9.2100862048e-008, 3.45869722196e-007, 2.0872626294e-007, 4.71005030533e-008, 7.20128356946e-009, 5.30311072833e-010, 4.76583529585e-011, 2.75869539886e-012, 3.74556105803e-015, 1.48646341309e-018]
    frequency_bands:
        dmean: [8.83340902647e-008, 5.90064591961e-005, 0.000127946899738, 0.000128391315229, 0.000482546398416, 0.000149170416989, 0.000105106955743, 6.68306020088e-005, 8.37646075524e-005, 5.39123175258e-005, 2.67232881015e-005, 5.01995891682e-005, 4.82600735268e-005, 5.2998882893e-005, 6.67451677145e-005, 0.000204457697691, 0.000185266515473, 0.000190802558791, 0.00036183182965, 0.000274693971733, 0.00011257231381, 3.99495402235e-005, 6.0983916228e-006, 1.48448850723e-006, 4.55710591041e-007, 1.57576351967e-008, 3.58494733899e-010, 7.13123032847e-011]
        dmean2: [1.3837620827e-007, 9.97114912025e-005, 0.000209892576095, 0.000219930327148, 0.000827923999168, 0.000236507112277, 0.00017266436771, 0.000103970101918, 0.000127420469653, 7.82190836617e-005, 4.10424509028e-005, 7.83829018474e-005, 7.60420225561e-005, 8.58146595419e-005, 0.000109518099634, 0.000337795965606, 0.000306915433612, 0.000318791280733, 0.000610124145169, 0.000459149217932, 0.000191163722775, 7.04873746145e-005, 9.96808103082e-006, 2.2733768219e-006, 7.09637674845e-007, 2.43723121685e-008, 6.01700966829e-010, 1.32840585754e-010]
        dvar: [2.97673940618e-014, 1.13763158893e-008, 3.01846689865e-008, 3.49364093211e-008, 1.54395729624e-006, 5.71171980823e-008, 2.84106747017e-008, 1.32435893363e-008, 1.71077516598e-008, 1.61058117953e-008, 3.35819683173e-009, 1.04107762411e-008, 9.17271858469e-009, 5.83986858871e-009, 1.00351957855e-008, 6.57899974499e-008, 5.26220027552e-008, 4.18730543572e-008, 1.45487220493e-007, 1.02863019436e-007, 3.17490105317e-008, 7.6061752452e-009, 1.96365146365e-010, 1.17173935485e-011, 1.04499687983e-012, 1.32034394675e-015, 4.98957620239e-019, 8.63269517171e-021]
        dvar2: [6.59065629762e-014, 3.24618483205e-008, 8.37203231185e-008, 1.01755105675e-007, 4.32946535511e-006, 1.43758285276e-007, 7.56631450827e-008, 3.17408499484e-008, 3.66312917777e-008, 2.98946396526e-008, 6.72832589643e-009, 2.42006148454e-008, 2.11664570315e-008, 1.50630885543e-008, 2.58836596601e-008, 1.70006330791e-007, 1.34620265158e-007, 1.12940170993e-007, 4.03473734423e-007, 2.78934720654e-007, 8.72083845138e-008, 2.13533457583e-008, 4.50261244955e-010, 2.1917365492e-011, 2.21328749599e-012, 2.89725692608e-015, 9.70628413226e-019, 2.7438110831e-020]
        max: [1.77720994543e-006, 0.00114699092228, 0.00259491009638, 0.00222155754454, 0.0149495024234, 0.00402517011389, 0.00335054285824, 0.00219474779442, 0.00359010300599, 0.00454983441159, 0.0016126515111, 0.00208688573912, 0.00229786150157, 0.00155074079521, 0.00159667734988, 0.00587949622422, 0.00423575006425, 0.0034004333429, 0.00582792190835, 0.00417666882277, 0.00255366833881, 0.00132618797943, 0.000404158578021, 8.39981294121e-005, 2.98304094031e-005, 9.54594838731e-007, 2.53340814993e-008, 9.88288673121e-010]
        mean: [1.184432179e-007, 8.91082017915e-005, 0.000252015568549, 0.00019686066662, 0.000721025746316, 0.000335464021191, 0.000218237153604, 0.000134931731736, 0.000196971857804, 0.000123939753394, 4.92940744152e-005, 9.05153501662e-005, 9.5167721156e-005, 0.000102788260847, 0.000134369023726, 0.000452364154626, 0.000409904168919, 0.000455724628409, 0.000952856731601, 0.000732770306058, 0.00026854549651, 6.46427142783e-005, 1.16913643069e-005, 3.48165917785e-006, 9.01711416645e-007, 3.15286108332e-008, 5.48878387185e-010, 5.49557031826e-011]
        median: [2.98160216516e-008, 6.36489785393e-005, 0.000181446783245, 0.000114780108561, 0.000401140190661, 0.000177829686436, 0.000108355998236, 5.80685482419e-005, 9.61004043347e-005, 3.81296486012e-005, 2.23903025471e-005, 3.4372387745e-005, 3.88621047023e-005, 6.54087489238e-005, 8.6020125309e-005, 0.000324031949276, 0.00034530373523, 0.00040837583947, 0.000862887245603, 0.000674239359796, 0.000232506223256, 3.73502662114e-005, 4.8237197916e-006, 1.40804434068e-006, 3.03064211948e-007, 7.34655003498e-009, 2.21503704267e-010, 2.28302533128e-011]
        min: [1.45230022348e-024, 2.0181946031e-023, 8.54709392955e-025, 5.99778282646e-024, 1.05147585601e-023, 1.12655679707e-023, 2.45561339965e-023, 2.644636621e-023, 3.03435126312e-023, 4.50590059987e-023, 3.07638334987e-023, 5.66816250369e-023, 4.32431901899e-023, 1.26055125893e-022, 1.24240367158e-022, 9.7787658506e-023, 1.18085762728e-022, 1.78728857904e-022, 1.45078815856e-022, 1.67634810382e-022, 3.25321441039e-022, 4.3950543462e-022, 5.1519766084e-022, 7.43985650171e-022, 9.71976801635e-022, 1.48137273762e-021, 2.19556675909e-021, 6.1593835388e-022]
        var: [4.52236785888e-014, 9.61062873728e-009, 5.77725920436e-008, 5.16019724728e-008, 1.32269485675e-006, 1.87334961765e-007, 8.73016929859e-008, 4.58718787399e-008, 7.9627305638e-008, 9.12594089186e-008, 1.05165893771e-008, 2.50148453063e-008, 2.70769611177e-008, 1.32589645929e-008, 2.34716566183e-008, 1.93990345565e-007, 1.05919681914e-007, 9.2100862048e-008, 3.45869722196e-007, 2.0872626294e-007, 4.71005030533e-008, 7.20128356946e-009, 5.30311072833e-010, 4.76583529585e-011, 2.75869539886e-012, 3.74556105803e-015, 1.48646341309e-018, 6.89239602019e-021]
    mfcc:
        mean: [-692.819702148, 104.071891785, -58.4640350342, 76.9206771851, -13.36673069, -6.06621265411, -4.55433225632, -6.89266300201, -1.86335408688, -1.39820289612, -7.07869958878, -4.65233373642, -3.40338921547]
        cov: [[3400.87573242, -347.384857178, -428.502105713, 178.344680786, -315.311553955, 38.7169380188, -96.4934463501, 23.8206882477, -67.1882858276, -43.7236099243, -63.4904670715, -10.9893655777, -47.6812515259], [-347.384857178, 701.469604492, -270.501953125, 53.296459198, -30.7880573273, -56.6222724915, 94.6959228516, -3.00595760345, 1.03536868095, -5.5916466713, 17.8486862183, 17.4279689789, 31.6343364716], [-428.502105713, -270.501953125, 480.501312256, -116.843460083, 102.446235657, 32.660118103, -34.0711174011, 29.0184631348, -13.1835813522, 8.23539733887, -9.45098686218, -12.705039978, -10.7631082535], [178.344680786, 53.296459198, -116.843460083, 262.039489746, 53.1783027649, 4.1892375946, -59.7819862366, -72.3542404175, 26.9073600769, 16.3948020935, -4.6427063942, -19.3629550934, 11.6656322479], [-315.311553955, -30.7880573273, 102.446235657, 53.1783027649, 177.22517395, 13.306271553, -25.955871582, -47.3193740845, 8.06490802765, 21.079656601, -4.2944021225, -17.5584049225, 10.4853572845], [38.7169380188, -56.6222724915, 32.660118103, 4.1892375946, 13.306271553, 95.2098846436, 31.106092453, 28.0167369843, -5.14601898193, -6.17238378525, 6.15589761734, 1.50003933907, -9.23761177063], [-96.4934463501, 94.6959228516, -34.0711174011, -59.7819862366, -25.955871582, 31.106092453, 141.606048584, 80.6872634888, 11.8713521957, -19.3907585144, 11.6274108887, 11.1296339035, -7.03514528275], [23.8206882477, -3.00595760345, 29.0184631348, -72.3542404175, -47.3193740845, 28.0167369843, 80.6872634888, 127.879608154, 24.1769809723, -7.15697431564, 0.261691272259, 1.39803266525, -10.8483028412], [-67.1882858276, 1.03536868095, -13.1835813522, 26.9073600769, 8.06490802765, -5.14601898193, 11.8713521957, 24.1769809723, 86.1856231689, 32.9777259827, 13.4146127701, -6.1924366951, -1.3034542799], [-43.7236099243, -5.5916466713, 8.23539733887, 16.3948020935, 21.079656601, -6.17238378525, -19.3907585144, -7.15697431564, 32.9777259827, 81.7771682739, 35.6571540833, 9.53400993347, 0.0379129089415], [-63.4904670715, 17.8486862183, -9.45098686218, -4.6427063942, -4.2944021225, 6.15589761734, 11.6274108887, 0.261691272259, 13.4146127701, 35.6571540833, 84.4037475586, 42.5125350952, 7.41609382629], [-10.9893655777, 17.4279689789, -12.705039978, -19.3629550934, -17.5584049225, 1.50003933907, 11.1296339035, 1.39803266525, -6.1924366951, 9.53400993347, 42.5125350952, 74.9211273193, 26.8495235443], [-47.6812515259, 31.6343364716, -10.7631082535, 11.6656322479, 10.4853572845, -9.23761177063, -7.03514528275, -10.8483028412, -1.3034542799, 0.0379129089415, 7.41609382629, 26.8495235443, 67.6258392334]]
        icov: [[0.00055306381546, 0.000490208854899, 0.000574537087232, -0.000515862077009, 0.000797457934823, -0.000158667869982, 0.000346785207512, -0.000540994224139, 0.000727683596779, -0.000257387408055, 0.000385109102353, -0.000102246805909, 0.000157573042088], [0.000490208854899, 0.00272782798856, 0.00150052073877, -0.000886667694431, 0.000348434055923, 0.00156265648548, -0.00189829466399, -0.000260081375018, 0.00148320675362, -0.000615533208475, 5.33217098564e-005, 0.000214396510273, -0.000680437602568], [0.000574537087232, 0.00150052073877, 0.00470039062202, 0.00152163859457, -0.00227363756858, -0.000580383930355, 0.00224777171388, -0.0026466101408, 0.00132175115868, -0.000124001351651, 0.000129172782181, 8.18970875116e-005, 0.000250170764048], [-0.000515862077009, -0.000886667694431, 0.00152163859457, 0.00733357202262, -0.00268802116625, -0.00259137968533, 0.00272235460579, 0.00237300782464, -0.0035697799176, 0.000823173788376, -0.000341865874361, 0.00134147773497, -0.000809542776551], [0.000797457934823, 0.000348434055923, -0.00227363756858, -0.00268802116625, 0.0108741037548, -0.00177371362224, -0.00217786291614, 0.00429874891415, 1.65936344274e-005, -0.00270171603188, 0.00137480930425, 0.00203667604364, -0.00192173966207], [-0.000158667869982, 0.00156265648548, -0.000580383930355, -0.00259137968533, -0.00177371362224, 0.0147561728954, -0.00422290619463, -0.00293199322186, 0.00311080715619, 0.00051357812481, -0.0018513960531, -0.000414854846895, 0.00132023915648], [0.000346785207512, -0.00189829466399, 0.00224777171388, 0.00272235460579, -0.00217786291614, -0.00422290619463, 0.0170323848724, -0.0089878924191, -0.00153550738469, 0.00451918924227, -0.00222385418601, -0.00131217297167, 0.00184426875785], [-0.000540994224139, -0.000260081375018, -0.0026466101408, 0.00237300782464, 0.00429874891415, -0.00293199322186, -0.0089878924191, 0.018786014989, -0.00610341131687, -0.000864705478307, 0.00202932930551, 0.000933230039664, -0.000789027719293], [0.000727683596779, 0.00148320675362, 0.00132175115868, -0.0035697799176, 1.65936344274e-005, 0.00311080715619, -0.00153550738469, -0.00610341131687, 0.0185691900551, -0.00690551940352, -0.00110439234413, 0.00261099101044, -0.000624804524705], [-0.000257387408055, -0.000615533208475, -0.000124001351651, 0.000823173788376, -0.00270171603188, 0.00051357812481, 0.00451918924227, -0.000864705478307, -0.00690551940352, 0.0200543925166, -0.00837993901223, 9.20362217585e-005, 0.00150328851305], [0.000385109102353, 5.33217098564e-005, 0.000129172782181, -0.000341865874361, 0.00137480930425, -0.0018513960531, -0.00222385418601, 0.00202932930551, -0.00110439234413, -0.00837993901223, 0.0220304615796, -0.0116683421656, 0.00215440592729], [-0.000102246805909, 0.000214396510273, 8.18970875116e-005, 0.00134147773497, 0.00203667604364, -0.000414854846895, -0.00131217297167, 0.000933230039664, 0.00261099101044, 9.20362217585e-005, -0.0116683421656, 0.024394415319, -0.00910547282547], [0.000157573042088, -0.000680437602568, 0.000250170764048, -0.000809542776551, -0.00192173966207, 0.00132023915648, 0.00184426875785, -0.000789027719293, -0.000624804524705, 0.00150328851305, 0.00215440592729, -0.00910547282547, 0.0193057116121]]
    sccoeffs:
        dmean: [0.0512817278504, 0.0433120466769, 0.0354251824319, 0.0374985486269, 0.0390571653843, 0.0243445076048]
        dmean2: [0.0852555856109, 0.0716182515025, 0.057500846684, 0.0635972172022, 0.0705997496843, 0.041317190975]
        dvar: [0.00188723253086, 0.0011896166252, 0.000776609871536, 0.000942551007029, 0.00131590932142, 0.000401321449317]
        dvar2: [0.0052244332619, 0.00324525288306, 0.00199612998404, 0.00260587735102, 0.00388410617597, 0.00100404943805]
        max: [-0.299277722836, -0.426359146833, -0.42364358902, -0.493126928806, -0.493584364653, -0.508112490177]
        mean: [-0.638034939766, -0.730233490467, -0.774955570698, -0.753150880337, -0.759882807732, -0.689936101437]
        median: [-0.643381893635, -0.732195615768, -0.787915289402, -0.760300517082, -0.77280664444, -0.693453073502]
        min: [-0.959551334381, -0.980843901634, -0.964404761791, -0.967929899693, -0.965711474419, -0.965478718281]
        var: [0.00556741096079, 0.00455797184259, 0.0045651323162, 0.0036267740652, 0.00307174865156, 0.00229541328736]
    scvalleys:
        dmean: [0.359546273947, 0.321597635746, 0.285634368658, 0.297826707363, 0.328964442015, 0.351628422737]
        dmean2: [0.601590454578, 0.533356249332, 0.463364243507, 0.493657499552, 0.572952747345, 0.58358258009]
        dvar: [0.0974168926477, 0.0833378210664, 0.0663293376565, 0.0759101510048, 0.110098049045, 0.1359269768]
        dvar2: [0.242111772299, 0.207798331976, 0.153010994196, 0.176831260324, 0.280921548605, 0.269283682108]
        max: [-5.24309587479, -4.7185883522, -5.71545648575, -5.98925828934, -5.47003316879, -7.8891711235]
        mean: [-6.77084970474, -6.59516382217, -7.24976587296, -7.25690555573, -6.71005487442, -10.1846408844]
        median: [-6.64498615265, -6.49053525925, -7.10172557831, -7.04062795639, -6.42441034317, -10.0135908127]
        min: [-27.6352043152, -27.4623317719, -27.6287841797, -27.5585708618, -27.4925308228, -27.3043060303]
        var: [0.801053762436, 0.777341842651, 0.871767640114, 0.967837452888, 1.13160800934, 1.82463932037]

rhythm:
    beats_loudness:
        dmean: 0.00231846375391
        dmean2: 0.0041298433207
        dvar: 2.91292417387e-006
        dvar2: 8.65084530233e-006
        max: 0.0124359019101
        mean: 0.00670425686985
        median: 0.00668264459819
        min: 2.02056796184e-007
        var: 6.44900273983e-006
    bpm: 97.9904785156
    bpm_confidence: 0
    first_peak_bpm: 98
    first_peak_spread: 0.0364582613111
    first_peak_weight: 0.913580298424
    onset_rate: 2.33729076385
    second_peak_bpm: 148
    second_peak_spread: 0.15384618938
    second_peak_weight: 0.027160493657
    beats_loudness_band_ratio:
        dmean: [0.0728802233934, 0.233334198594, 0.0524436235428, 0.0439173467457, 0.110315695405, 0.098145134747]
        dmean2: [0.120572395623, 0.438048839569, 0.0896464437246, 0.0747192427516, 0.203591942787, 0.168656304479]
        dvar: [0.00517102982849, 0.0274364501238, 0.00273475819267, 0.00361364940181, 0.0068866875954, 0.00567982858047]
        dvar2: [0.0135092707351, 0.0842542871833, 0.00718807568774, 0.00857102219015, 0.0227626748383, 0.0170310456306]
        max: [0.859538674355, 0.695096611977, 0.432508289814, 0.40294495225, 0.569028556347, 0.603065490723]
        mean: [0.154841288924, 0.216301262379, 0.0808457806706, 0.0604728981853, 0.24522022903, 0.290619641542]
        median: [0.12534815073, 0.138076007366, 0.0609312728047, 0.0347575619817, 0.233099043369, 0.287463992834]
        min: [0.0124105922878, 0.00252935430035, 0.00804579630494, 0.00130461365916, 0.00130007741973, 0.000652680173516]
        var: [0.0144935678691, 0.0312383659184, 0.00347742368467, 0.00466948607937, 0.0107004744932, 0.0104337129742]
    beats_position: [0.626938760281, 1.27709746361, 1.92725622654, 2.57741498947, 3.22757363319, 3.88934230804, 4.52789115906, 5.15482997894, 5.78176879883, 6.38548755646, 6.98920631409, 7.60453510284, 8.2198638916, 8.83519268036, 9.45052146912, 10.0542402267, 10.6695690155, 11.2848978043, 11.900226593, 12.5155553818, 13.1308841705, 13.7462129593, 14.3499317169, 14.9652605057, 15.5689792633, 16.1843090057, 16.7996368408, 17.4149665833, 18.0302944183, 18.6456241608, 19.2493419647, 19.8646717072, 20.4799995422, 21.0837192535, 21.6874370575, 22.3027667999, 22.918094635, 23.5334243774, 24.1487522125, 24.764081955, 25.37940979, 25.9831295013, 26.5984573364, 27.2137870789, 27.8291149139, 28.4444446564, 29.0481624603, 29.6518821716, 30.2555999756, 30.870929718, 31.4862575531, 32.1015853882, 32.7169151306, 33.332244873, 33.9475746155, 34.5512924194, 35.1666221619, 35.7819480896, 36.397277832, 37.0126075745, 37.6163253784, 38.2316551208, 38.8469848633, 39.4507026672, 40.0660324097, 40.6813583374, 41.2966880798, 41.9120178223, 42.5157356262, 43.1426734924, 43.7463951111, 44.3617210388, 44.9770507813, 45.5807685852, 46.1960983276, 46.7998161316, 47.415145874, 48.0304756165, 48.6458053589, 49.2495231628, 49.8648529053, 50.480178833, 51.0839004517, 51.6992263794, 52.3145561218, 52.9298858643, 53.5452156067, 54.1489334106, 54.7642631531, 55.3795890808, 55.9833106995, 56.5986366272, 57.2139663696, 57.8292961121, 58.4446258545, 59.0483436584, 59.6520614624, 60.2673912048, 60.8827209473, 61.498046875, 62.1133766174, 62.7170982361, 63.3324241638, 63.9477539063, 64.563079834, 65.1784133911, 65.7937393188, 66.409072876, 67.0127868652, 67.6165084839, 68.2318344116, 68.8355560303, 69.450881958, 70.0546035767, 70.6815414429, 71.2968673706, 71.9005889893, 72.515914917, 73.1312484741, 73.7349624634, 74.3502960205, 74.9656219482, 75.580947876, 76.1846694946, 76.7999954224, 77.4153289795, 78.0190429688, 78.6343765259, 79.2497024536, 79.8650360107, 80.4803619385, 81.0956878662, 81.7110214233, 82.3147354126, 82.9184570313, 83.533782959, 84.1491165161, 84.7644424438, 85.3797683716, 85.9834899902, 86.5872116089, 87.2025375366, 87.8178634644, 88.4331970215, 89.0485229492, 89.6638565063, 90.2791824341, 90.8829040527, 91.4982299805, 92.1135559082, 92.7172775269, 93.3326034546, 93.9479370117, 94.551651001, 95.1669845581, 95.7823104858, 96.3976364136, 97.0129699707, 97.61668396, 98.2320175171, 98.8473434448, 99.4510650635, 100.066390991, 100.681724548, 101.297050476, 101.912376404, 102.516098022, 103.119819641, 103.735145569, 104.350471497, 104.965805054, 105.581130981, 106.196456909, 106.811790466, 107.415504456, 108.030838013, 108.64616394, 109.249885559, 109.865211487, 110.468933105, 111.084259033, 111.69959259, 112.314918518, 112.918640137, 113.533966064, 114.149291992, 114.764625549, 115.379951477, 115.983673096, 116.598999023, 117.214332581, 117.829658508, 118.444984436, 119.048706055, 119.652427673, 120.267753601, 120.883079529, 121.510017395, 122.125350952, 122.74067688, 123.344398499, 123.948112488, 124.563446045, 125.178771973, 125.782493591, 126.397819519, 127.001541138, 127.616867065, 128.232192993, 128.847518921, 129.451248169, 130.054962158, 130.670288086, 131.285614014, 131.9009552, 132.516281128, 133.131607056, 133.746932983, 134.37387085, 134.977600098, 135.581314087, 136.196640015, 136.811965942, 137.42729187, 138.042633057, 138.646347046, 139.250061035, 139.865386963, 140.480728149, 141.096054077, 141.711380005, 142.326705933, 142.930435181, 143.545761108, 144.161087036, 144.776412964, 145.380126953, 145.983856201, 146.599182129, 147.214508057, 147.829833984, 148.445159912, 149.04888916, 149.664215088, 150.279541016, 150.883255005, 151.51020813, 152.113922119, 152.717636108, 153.332962036, 153.948303223, 154.552017212, 155.16734314, 155.782669067, 156.386398315, 156.990112305, 157.605438232, 158.22076416, 158.836090088, 159.451431274, 160.066757202, 160.68208313, 161.297409058, 161.912734985, 162.516464233, 163.131790161, 163.73550415, 164.339233398, 164.954559326, 165.569885254, 166.185211182, 166.812149048, 167.415863037, 168.019592285, 168.634918213, 169.250244141, 169.85395813, 170.469299316, 171.084625244, 171.699951172, 172.3152771, 172.919006348, 173.522720337, 174.138046265, 174.764984131, 175.380310059, 175.984039307, 176.587753296, 177.203079224, 177.818405151, 178.422134399, 179.037460327, 179.652786255, 180.279724121, 180.895050049, 181.498779297, 182.102493286, 182.717819214, 183.333145142, 183.948471069, 184.563812256, 185.179138184, 185.794464111, 186.409790039, 187.013504028, 187.617233276, 188.232559204, 188.847885132, 189.46321106, 190.078552246, 190.682266235, 191.285980225, 191.901306152, 192.516647339, 193.120361328, 193.724075317, 194.339401245, 194.954742432, 195.570068359, 196.185394287, 196.800720215, 197.404434204, 198.019775391, 198.635101318, 199.250427246, 199.865753174, 200.481079102, 201.096420288, 201.711746216, 202.315460205, 202.930786133, 203.534515381, 204.149841309, 204.753555298, 205.368881226, 205.984207153, 206.59954834, 207.203262329, 207.818588257, 208.433914185, 209.049255371, 209.65296936, 210.268295288, 210.872009277, 211.487350464, 212.102676392, 212.718002319, 213.333328247, 213.948654175, 214.563980103, 215.179321289, 215.783035278, 216.386749268, 217.002075195, 217.617416382, 218.23274231, 218.836456299, 219.451782227, 220.055511475, 220.670837402, 221.28616333, 221.901489258, 222.516815186, 223.120544434, 223.724258423, 224.339584351, 224.966522217, 225.581848145, 226.197189331, 226.812515259, 227.416229248, 228.031555176, 228.646896362, 229.250610352, 229.854324341, 230.469650269, 231.084991455, 231.688705444, 232.292419434, 232.9193573, 233.546295166, 234.150024414, 234.765350342, 235.38067627, 235.984390259, 236.599716187, 237.215057373, 237.818771362, 238.43409729, 239.037811279, 239.513824463, 239.989837646, 240.46585083, 240.872192383, 241.266937256, 241.673278809, 242.068023682, 242.474365234, 242.880722046, 243.287063599, 243.69342041, 244.099761963, 244.506118774, 244.912460327, 245.318817139, 245.725158691]
