
metadata:
    version:
        essentia: "2.1-beta2"
    audio_properties:
        analysis_sample_rate: 44100
        bitrate: 320
        channels: 2
        equal_loudness: 1
        length: 299.154296875
        replay_gain: -15.0079784393
        downmix: "mix"
    tags:
        album: "Extremist"
        artist: "Demon Hunter"
        comment: ""
        date: "2014"
        genre: "Christian Metal"
        title: "In Time"
        tracknumber: "9"

configuration:
    average_loudness:
        compute: 1
        frameSize: 88200
        hopSize: 44100
        silentFrames: "noise"
        windowType: "hann"
    general:
        analysisSampleRate: 44100
        endTime: 2000
        equalLoudness: 1
        nequalLoudness: 0
        shortSound: 0
        startTime: 0
    lowlevel:
        compute: 1
        frameSize: 2048
        hopSize: 1024
        zeroPadding: 0
        silentFrames: "noise"
        windowType: "blackmanharris62"
        mfccStats: ["mean", "cov", "icov"]
        stats: ["mean", "var", "median", "min", "max", "dmean", "dmean2", "dvar", "dvar2"]
    panning:
        compute: 0
        frameSize: 8192
        hopSize: 2048
        zeroPadding: 8192
        silentFrames: "noise"
        windowType: "hann"
        stats: ["copy"]
    rhythm:
        compute: 1
        maxTempo: 208
        minTempo: 40
        method: "degara"
        stats: ["mean", "var", "median", "min", "max", "dmean", "dmean2", "dvar", "dvar2"]
    segmentation:
        compute: 0
        cpw: 5
        inc1: 300
        inc2: 50
        minimumSegmentsLength: 10
        size1: 1000
        size2: 600
    sfx:
        compute: 1
        stats: ["mean", "var", "median", "min", "max", "dmean", "dmean2", "dvar", "dvar2"]
    svm:
        compute: 0
    tonal:
        compute: 1
        frameSize: 4096
        hopSize: 2048
        zeroPadding: 0
        silentFrames: "noise"
        windowType: "blackmanharris62"
        stats: ["mean", "var", "median", "min", "max", "dmean", "dmean2", "dvar", "dvar2"]

lowlevel:
    average_loudness: 0.882474124432
    barkbands_kurtosis:
        dmean: 0.981082320213
        dmean2: 1.63766729832
        dvar: 3.12913990021
        dvar2: 8.19077301025
        max: 68.6714324951
        mean: 0.180862158537
        median: -0.747642397881
        min: -1.8844139576
        var: 11.3704948425
    barkbands_skewness:
        dmean: 0.392509222031
        dmean2: 0.656245827675
        dvar: 0.157437115908
        dvar2: 0.426384538412
        max: 7.42550706863
        mean: -0.266935527325
        median: -0.569350123405
        min: -3.22222328186
        var: 1.37657690048
    barkbands_spread:
        dmean: 5.74969148636
        dmean2: 9.55539512634
        dvar: 34.4618186951
        dvar2: 93.0278091431
        max: 64.3262176514
        mean: 31.7807865143
        median: 32.1578330994
        min: 1.62150239944
        var: 118.861358643
    dissonance:
        dmean: 0.00968892592937
        dmean2: 0.0163119360805
        dvar: 0.000122487705084
        dvar2: 0.000330013892381
        max: 0.500000119209
        mean: 0.479042470455
        median: 0.486491888762
        min: 0.264772862196
        var: 0.000479842943605
    hfc:
        dmean: 2.49868392944
        dmean2: 4.13632249832
        dvar: 9.04272460938
        dvar2: 24.3624973297
        max: 43.7893943787
        mean: 11.6983976364
        median: 12.4646654129
        min: 1.11223962478e-016
        var: 60.1723136902
    pitch:
        dmean: 801.963439941
        dmean2: 1536.359375
        dvar: 1702919.25
        dvar2: 4270585.5
        max: 4404.47119141
        mean: 2213.0546875
        median: 3454.8046875
        min: 66.8080596924
        var: 2748302.5
    pitch_instantaneous_confidence:
        dmean: 0.0740873292089
        dmean2: 0.122868783772
        dvar: 0.00358186103404
        dvar2: 0.00959783047438
        max: 0.887649595737
        mean: 0.400116175413
        median: 0.38869780302
        min: 0.104769229889
        var: 0.0127639165148
    pitch_salience:
        dmean: 0.0554227232933
        dmean2: 0.0945648550987
        dvar: 0.00262746680528
        dvar2: 0.00763064110652
        max: 0.914418637753
        mean: 0.64141446352
        median: 0.665653407574
        min: 0.222603395581
        var: 0.0106718782336
    silence_rate_20dB:
        dmean: 0
        dmean2: 0
        dvar: 0
        dvar2: 0
        max: 1
        mean: 1
        median: 1
        min: 1
        var: 0
    silence_rate_30dB:
        dmean: 0
        dmean2: 0
        dvar: 0
        dvar2: 0
        max: 1
        mean: 1
        median: 1
        min: 1
        var: 0
    silence_rate_60dB:
        dmean: 0.0343061164021
        dmean2: 0.0686175599694
        dvar: 0.0331390239298
        dvar2: 0.07399263978
        max: 1
        mean: 0.264415979385
        median: 0
        min: 0
        var: 0.194515541196
    spectral_centroid:
        dmean: 242.164382935
        dmean2: 408.036224365
        dvar: 76033.4609375
        dvar2: 209159.453125
        max: 11414.3574219
        mean: 2050.00878906
        median: 2274.51367188
        min: 236.291152954
        var: 606364.3125
    spectral_complexity:
        dmean: 3.40235948563
        dmean2: 5.57742738724
        dvar: 12.3431596756
        dvar2: 31.0738506317
        max: 46
        mean: 20.3514938354
        median: 24
        min: 0
        var: 147.89692688
    spectral_crest:
        dmean: 1.87050759792
        dmean2: 3.19326066971
        dvar: 3.73339152336
        dvar2: 10.5410747528
        max: 24.4005432129
        mean: 7.31730413437
        median: 6.31363248825
        min: 2.93209671974
        var: 10.7897224426
    spectral_decrease:
        dmean: 2.38731368007e-010
        dmean2: 4.03995281673e-010
        dvar: 1.46988779929e-019
        dvar2: 4.05527750997e-019
        max: 1.01483243227e-028
        mean: -1.04991237926e-009
        median: -1.10618458837e-009
        min: -4.19653334305e-009
        var: 4.73695524331e-019
    spectral_energy:
        dmean: 0.00109579076525
        dmean2: 0.00184019643348
        dvar: 2.66162010121e-006
        dvar2: 7.27562473912e-006
        max: 0.0187902711332
        mean: 0.00502369133756
        median: 0.00534980744123
        min: 1.03763208171e-020
        var: 1.05326735138e-005
    spectral_energyband_high:
        dmean: 0.000244425697019
        dmean2: 0.000412967638113
        dvar: 1.01790760709e-007
        dvar2: 2.74863737104e-007
        max: 0.00430729007348
        mean: 0.000718251045328
        median: 0.00070223963121
        min: 7.42336842526e-021
        var: 2.90417432325e-007
    spectral_energyband_low:
        dmean: 0.000149306913954
        dmean2: 0.00025687753805
        dvar: 6.06113417234e-008
        dvar2: 1.67585611166e-007
        max: 0.00259060878307
        mean: 0.0002344748209
        median: 0.00017608977214
        min: 4.56169578507e-023
        var: 6.57348238065e-008
    spectral_energyband_middle_high:
        dmean: 0.000589917006437
        dmean2: 0.00096315232804
        dvar: 4.28970054145e-007
        dvar2: 1.13790690648e-006
        max: 0.0108200553805
        mean: 0.00284746475518
        median: 0.00303373509087
        min: 1.29166655836e-021
        var: 3.66360814041e-006
    spectral_energyband_middle_low:
        dmean: 0.000610976945609
        dmean2: 0.00106856704224
        dvar: 1.62865921993e-006
        dvar2: 4.63483638669e-006
        max: 0.0119716143236
        mean: 0.00130876584444
        median: 0.00098065205384
        min: 2.1021854441e-022
        var: 1.82499286439e-006
    spectral_flatness_db:
        dmean: 0.0134177589789
        dmean2: 0.0218547116965
        dvar: 0.000174997214344
        dvar2: 0.000432364497101
        max: 0.36318308115
        mean: 0.159307286143
        median: 0.151810348034
        min: 0.0601161681116
        var: 0.00122320500668
    spectral_flux:
        dmean: 0.00621020561084
        dmean2: 0.00962333660573
        dvar: 6.15780299995e-005
        dvar2: 0.000120010787214
        max: 0.111086837947
        mean: 0.0399060174823
        median: 0.0451697260141
        min: 6.54363369046e-011
        var: 0.000428675382864
    spectral_kurtosis:
        dmean: 1.35194981098
        dmean2: 2.28827047348
        dvar: 4.56492233276
        dvar2: 13.2310724258
        max: 60.9071960449
        mean: 3.92692065239
        median: 2.93610954285
        min: -1.27469789982
        var: 15.2185726166
    spectral_rms:
        dmean: 0.000220167101361
        dmean2: 0.000362570601283
        dvar: 8.17817635834e-008
        dvar2: 2.17372516431e-007
        max: 0.00428158510476
        mean: 0.00200440338813
        median: 0.00228458410129
        min: 3.18170381534e-012
        var: 8.83517259354e-007
    spectral_rolloff:
        dmean: 233.835876465
        dmean2: 398.670562744
        dvar: 112523.015625
        dvar2: 269568.8125
        max: 18841.5527344
        mean: 3466.34082031
        median: 3897.50976563
        min: 215.33203125
        var: 1316279.125
    spectral_skewness:
        dmean: 0.165114656091
        dmean2: 0.272929638624
        dvar: 0.033462703228
        dvar2: 0.0920601934195
        max: 5.74563121796
        mean: 1.16965830326
        median: 0.995477259159
        min: -0.0605242848396
        var: 0.305312365294
    spectral_spread:
        dmean: 369314.46875
        dmean2: 535927.9375
        dvar: 306927992832
        dvar2: 561305550848
        max: 42718200
        mean: 3979231.5
        median: 3881420.5
        min: 1123291.125
        var: 1.58002865766e+012
    spectral_strongpeak:
        dmean: 0.602993965149
        dmean2: 1.05095732212
        dvar: 0.858787894249
        dvar2: 2.28743386269
        max: 11.118314743
        mean: 0.808728337288
        median: 0.302726477385
        min: 4.4711734315e-010
        var: 1.32499289513
    zerocrossingrate:
        dmean: 0.00651372643188
        dmean2: 0.00853800494224
        dvar: 4.29642313975e-005
        dvar2: 6.09025155427e-005
        max: 0.5205078125
        mean: 0.111159794033
        median: 0.1220703125
        min: 0.0107421875
        var: 0.00122925115284
    barkbands:
        dmean: [9.60575405884e-008, 5.85142224736e-005, 8.41403307277e-005, 0.000100903918792, 0.000443329510745, 9.69092288869e-005, 7.56867229939e-005, 6.68804568704e-005, 7.76752422098e-005, 5.10626377945e-005, 3.53200666723e-005, 5.5961740145e-005, 3.47766654158e-005, 3.8305635826e-005, 5.20349931321e-005, 0.000132781919092, 0.000181378243724, 0.000191707076738, 0.000318357342621, 0.000250767800026, 0.000118947806186, 4.68942816951e-005, 6.24280164629e-006, 1.64092512023e-006, 4.07191748764e-007, 1.61739421856e-008, 2.80694051336e-010]
        dmean2: [1.51424345063e-007, 0.000101882018498, 0.000145470839925, 0.000179047812708, 0.000788335164543, 0.000159763731062, 0.000120788587083, 0.000106381128717, 0.000126026236103, 8.00335619715e-005, 5.61706583539e-005, 8.70189905982e-005, 5.65505106351e-005, 6.20607534074e-005, 8.50520591484e-005, 0.000220126516069, 0.000303003151203, 0.000318127480568, 0.000529619806912, 0.000418563984567, 0.000202367606107, 8.22209985927e-005, 1.02580552266e-005, 2.49927529694e-006, 6.32808905721e-007, 2.55794905257e-008, 4.83138862251e-010]
        dvar: [2.2266021153e-014, 1.4547229199e-008, 2.05640446893e-008, 2.97844842123e-008, 1.15901195841e-006, 2.77019225337e-008, 2.46879139354e-008, 1.75707910444e-008, 1.76992056566e-008, 1.03883373015e-008, 6.28659924118e-009, 1.27594192989e-008, 4.70858951829e-009, 5.52201040449e-009, 7.39188665833e-009, 3.36994538941e-008, 5.94872950899e-008, 5.95308549123e-008, 1.45951617014e-007, 9.06906265641e-008, 2.5119566871e-008, 5.99339911034e-009, 1.24523322209e-010, 1.10557049626e-011, 7.16392223321e-013, 1.49457364768e-015, 1.68709495914e-019]
        dvar2: [5.11972768054e-014, 3.99030106735e-008, 5.80365764336e-008, 9.01029082456e-008, 3.2882492178e-006, 6.96629030017e-008, 5.8057267438e-008, 3.96853216955e-008, 4.41864003164e-008, 2.3798298443e-008, 1.51867123321e-008, 2.99930391634e-008, 1.15732872175e-008, 1.34668161067e-008, 1.87250712713e-008, 8.63173355015e-008, 1.57140021884e-007, 1.62442972851e-007, 3.9517294681e-007, 2.4191027137e-007, 6.84885606006e-008, 1.65755480452e-008, 2.90420465454e-010, 1.93287087724e-011, 1.51432002788e-012, 3.32784654834e-015, 4.4907314923e-019]
        max: [1.758786766e-006, 0.00110798573587, 0.00161502161063, 0.00193074438721, 0.00945903453976, 0.00308972224593, 0.00335406279191, 0.00461486540735, 0.00302702188492, 0.00272437045351, 0.00172243197449, 0.00269052479416, 0.00135383475572, 0.00137584772892, 0.00177995301783, 0.00384163833223, 0.00453318236396, 0.00512031139806, 0.00660213874653, 0.00580890476704, 0.00229901704006, 0.00103112671059, 0.000244084832957, 8.47369083203e-005, 2.55922313954e-005, 1.41921236718e-006, 1.22648691203e-008]
        mean: [1.34019074949e-007, 6.53090028209e-005, 0.000120350210636, 0.000122928016935, 0.000578767154366, 0.000175950190169, 0.000138076633448, 0.000128782339743, 0.000138150746352, 9.07611974981e-005, 5.71067830606e-005, 0.000104469829239, 5.92027718085e-005, 6.66705018375e-005, 0.000101870580693, 0.000279114610748, 0.000411199172959, 0.000436880392954, 0.000852737517562, 0.000696129107382, 0.000296909507597, 8.47316114232e-005, 1.27245048134e-005, 3.77231481252e-006, 9.15826888104e-007, 3.52544837767e-008, 4.76080508349e-010]
        median: [4.9233094046e-008, 3.13421223836e-005, 7.70342448959e-005, 5.91976895521e-005, 0.00024480218417, 8.795731992e-005, 4.54642649856e-005, 3.79012853955e-005, 7.75950757088e-005, 3.12451520585e-005, 1.91482886294e-005, 3.0474660889e-005, 2.69972169917e-005, 3.60992926289e-005, 6.95035487297e-005, 0.00022471146076, 0.00033885720768, 0.000376051932108, 0.000762433570344, 0.000671434099786, 0.000275853846688, 6.88932996127e-005, 8.65784022608e-006, 2.33785044657e-006, 5.24162203419e-007, 1.64583155993e-008, 2.67032035373e-010]
        min: [7.25028331809e-024, 1.71518098095e-023, 1.2250897051e-023, 6.81405901472e-024, 8.20909168357e-024, 1.5725457785e-023, 1.25092624081e-023, 2.05748176945e-023, 8.74244764133e-024, 2.93975642762e-023, 4.35039749834e-023, 4.40133550917e-023, 5.69054595856e-023, 5.82442196507e-023, 5.57479923784e-023, 7.39369917729e-023, 1.80881160754e-022, 9.88255470217e-023, 1.91982781341e-022, 2.19985336614e-022, 2.3684643698e-022, 4.7524555417e-022, 4.23400984391e-022, 6.98097472474e-022, 1.1495992979e-021, 1.52460494055e-021, 2.0950845095e-021]
        var: [3.80327720543e-014, 1.1414112322e-008, 2.21837339609e-008, 3.05486942409e-008, 9.70917540144e-007, 6.94512323207e-008, 7.76003048486e-008, 9.24568226424e-008, 4.19898533721e-008, 3.19847686114e-008, 1.32974919964e-008, 3.30840244089e-008, 9.46745881691e-009, 1.0819138474e-008, 1.656787596e-008, 7.98320058948e-008, 1.46798143419e-007, 1.4872749432e-007, 4.98247004543e-007, 2.88586051056e-007, 5.87996176193e-008, 7.09565828316e-009, 2.96083046969e-010, 3.79999781641e-011, 1.89875827734e-012, 3.61189798841e-015, 4.10268736677e-019]
    frequency_bands:
        dmean: [9.60575405884e-008, 5.85142224736e-005, 8.41403307277e-005, 0.000100903918792, 0.000443329510745, 9.69092288869e-005, 7.56867229939e-005, 6.68804568704e-005, 7.76752422098e-005, 5.10626377945e-005, 3.53200666723e-005, 5.5961740145e-005, 3.47766654158e-005, 3.8305635826e-005, 5.20349931321e-005, 0.000132781919092, 0.000181378243724, 0.000191707076738, 0.000318357342621, 0.000250767800026, 0.000118947806186, 4.68942816951e-005, 6.24280164629e-006, 1.64092512023e-006, 4.07191748764e-007, 1.61739421856e-008, 2.80694051336e-010, 5.9204349756e-011]
        dmean2: [1.51424345063e-007, 0.000101882018498, 0.000145470839925, 0.000179047812708, 0.000788335164543, 0.000159763731062, 0.000120788587083, 0.000106381128717, 0.000126026236103, 8.00335619715e-005, 5.61706583539e-005, 8.70189905982e-005, 5.65505106351e-005, 6.20607534074e-005, 8.50520591484e-005, 0.000220126516069, 0.000303003151203, 0.000318127480568, 0.000529619806912, 0.000418563984567, 0.000202367606107, 8.22209985927e-005, 1.02580552266e-005, 2.49927529694e-006, 6.32808905721e-007, 2.55794905257e-008, 4.83138862251e-010, 1.09599641862e-010]
        dvar: [2.2266021153e-014, 1.4547229199e-008, 2.05640446893e-008, 2.97844842123e-008, 1.15901195841e-006, 2.77019225337e-008, 2.46879139354e-008, 1.75707910444e-008, 1.76992056566e-008, 1.03883373015e-008, 6.28659924118e-009, 1.27594192989e-008, 4.70858951829e-009, 5.52201040449e-009, 7.39188665833e-009, 3.36994538941e-008, 5.94872950899e-008, 5.95308549123e-008, 1.45951617014e-007, 9.06906265641e-008, 2.5119566871e-008, 5.99339911034e-009, 1.24523322209e-010, 1.10557049626e-011, 7.16392223321e-013, 1.49457364768e-015, 1.68709495914e-019, 7.59047344928e-021]
        dvar2: [5.11972768054e-014, 3.99030106735e-008, 5.80365764336e-008, 9.01029082456e-008, 3.2882492178e-006, 6.96629030017e-008, 5.8057267438e-008, 3.96853216955e-008, 4.41864003164e-008, 2.3798298443e-008, 1.51867123321e-008, 2.99930391634e-008, 1.15732872175e-008, 1.34668161067e-008, 1.87250712713e-008, 8.63173355015e-008, 1.57140021884e-007, 1.62442972851e-007, 3.9517294681e-007, 2.4191027137e-007, 6.84885606006e-008, 1.65755480452e-008, 2.90420465454e-010, 1.93287087724e-011, 1.51432002788e-012, 3.32784654834e-015, 4.4907314923e-019, 2.39453390789e-020]
        max: [1.758786766e-006, 0.00110798573587, 0.00161502161063, 0.00193074438721, 0.00945903453976, 0.00308972224593, 0.00335406279191, 0.00461486540735, 0.00302702188492, 0.00272437045351, 0.00172243197449, 0.00269052479416, 0.00135383475572, 0.00137584772892, 0.00177995301783, 0.00384163833223, 0.00453318236396, 0.00512031139806, 0.00660213874653, 0.00580890476704, 0.00229901704006, 0.00103112671059, 0.000244084832957, 8.47369083203e-005, 2.55922313954e-005, 1.41921236718e-006, 1.22648691203e-008, 1.14019782504e-009]
        mean: [1.34019074949e-007, 6.53090028209e-005, 0.000120350210636, 0.000122928016935, 0.000578767154366, 0.000175950190169, 0.000138076633448, 0.000128782339743, 0.000138150746352, 9.07611974981e-005, 5.71067830606e-005, 0.000104469829239, 5.92027718085e-005, 6.66705018375e-005, 0.000101870580693, 0.000279114610748, 0.000411199172959, 0.000436880392954, 0.000852737517562, 0.000696129107382, 0.000296909507597, 8.47316114232e-005, 1.27245048134e-005, 3.77231481252e-006, 9.15826888104e-007, 3.52544837767e-008, 4.76080508349e-010, 4.71511892031e-011]
        median: [4.9233094046e-008, 3.13421223836e-005, 7.70342448959e-005, 5.91976895521e-005, 0.00024480218417, 8.795731992e-005, 4.54642649856e-005, 3.79012853955e-005, 7.75950757088e-005, 3.12451520585e-005, 1.91482886294e-005, 3.0474660889e-005, 2.69972169917e-005, 3.60992926289e-005, 6.95035487297e-005, 0.00022471146076, 0.00033885720768, 0.000376051932108, 0.000762433570344, 0.000671434099786, 0.000275853846688, 6.88932996127e-005, 8.65784022608e-006, 2.33785044657e-006, 5.24162203419e-007, 1.64583155993e-008, 2.67032035373e-010, 1.36005139442e-011]
        min: [7.25028331809e-024, 1.71518098095e-023, 1.2250897051e-023, 6.81405901472e-024, 8.20909168357e-024, 1.5725457785e-023, 1.25092624081e-023, 2.05748176945e-023, 8.74244764133e-024, 2.93975642762e-023, 4.35039749834e-023, 4.40133550917e-023, 5.69054595856e-023, 5.82442196507e-023, 5.57479923784e-023, 7.39369917729e-023, 1.80881160754e-022, 9.88255470217e-023, 1.91982781341e-022, 2.19985336614e-022, 2.3684643698e-022, 4.7524555417e-022, 4.23400984391e-022, 6.98097472474e-022, 1.1495992979e-021, 1.52460494055e-021, 2.0950845095e-021, 6.91551113408e-022]
        var: [3.80327720543e-014, 1.1414112322e-008, 2.21837339609e-008, 3.05486942409e-008, 9.70917540144e-007, 6.94512323207e-008, 7.76003048486e-008, 9.24568226424e-008, 4.19898533721e-008, 3.19847686114e-008, 1.32974919964e-008, 3.30840244089e-008, 9.46745881691e-009, 1.0819138474e-008, 1.656787596e-008, 7.98320058948e-008, 1.46798143419e-007, 1.4872749432e-007, 4.98247004543e-007, 2.88586051056e-007, 5.87996176193e-008, 7.09565828316e-009, 2.96083046969e-010, 3.79999781641e-011, 1.89875827734e-012, 3.61189798841e-015, 4.10268736677e-019, 6.29071986758e-021]
    mfcc:
        mean: [-725.80859375, 90.3652038574, -48.7923660278, 63.2080993652, -16.1652774811, -6.4066734314, -4.324696064, -2.2291996479, -3.21470618248, -6.97837495804, -9.85000896454, -6.01766490936, -5.23157262802]
        cov: [[11971.1044922, -950.100036621, -1737.04504395, 1960.43273926, -883.454040527, 388.261627197, -173.350311279, 90.2191467285, 235.075332642, 444.746734619, 290.108459473, 184.209869385, 202.00630188], [-950.100036621, 620.090393066, 67.222869873, -162.55015564, 52.2787208557, -81.0774612427, 57.0456047058, -6.47371053696, -30.1548099518, -92.9513931274, -51.337890625, -12.0352668762, -12.0620164871], [-1737.04504395, 67.222869873, 491.131011963, -256.526550293, 184.589767456, -39.561542511, 13.9009819031, 5.63662576675, -38.225025177, -53.7026824951, -47.7102279663, -33.7853469849, -32.290473938], [1960.43273926, -162.55015564, -256.526550293, 554.996704102, -93.26171875, 91.0163879395, -49.4000167847, 4.6276807785, 76.7738494873, 113.082832336, 67.4725723267, 31.6403121948, 52.7705154419], [-883.454040527, 52.2787208557, 184.589767456, -93.26171875, 181.768936157, 9.83446311951, 11.5980091095, -21.4655475616, -14.4276294708, -10.2535429001, -15.1056232452, -11.4156599045, -17.6713752747], [388.261627197, -81.0774612427, -39.561542511, 91.0163879395, 9.83446311951, 114.810211182, 27.9855480194, 14.564909935, 8.04593276978, 25.6703300476, 22.626121521, 11.6473340988, 4.77209854126], [-173.350311279, 57.0456047058, 13.9009819031, -49.4000167847, 11.5980091095, 27.9855480194, 98.9744262695, 47.2788085938, 5.20797920227, -20.9237251282, -10.3860054016, 2.17174577713, -1.58049535751], [90.2191467285, -6.47371053696, 5.63662576675, 4.6276807785, -21.4655475616, 14.564909935, 47.2788085938, 89.7549209595, 38.2346534729, 5.25495052338, -0.187465980649, 3.78247189522, 8.18204593658], [235.075332642, -30.1548099518, -38.225025177, 76.7738494873, -14.4276294708, 8.04593276978, 5.20797920227, 38.2346534729, 83.2690353394, 51.5204963684, 19.6145992279, 5.15328264236, 16.045841217], [444.746734619, -92.9513931274, -53.7026824951, 113.082832336, -10.2535429001, 25.6703300476, -20.9237251282, 5.25495052338, 51.5204963684, 106.098571777, 52.4393730164, 17.2412872314, 18.3611965179], [290.108459473, -51.337890625, -47.7102279663, 67.4725723267, -15.1056232452, 22.626121521, -10.3860054016, -0.187465980649, 19.6145992279, 52.4393730164, 76.9084243774, 37.5889320374, 16.8845233917], [184.209869385, -12.0352668762, -33.7853469849, 31.6403121948, -11.4156599045, 11.6473340988, 2.17174577713, 3.78247189522, 5.15328264236, 17.2412872314, 37.5889320374, 64.1818313599, 35.1400032043], [202.00630188, -12.0620164871, -32.290473938, 52.7705154419, -17.6713752747, 4.77209854126, -1.58049535751, 8.18204593658, 16.045841217, 18.3611965179, 16.8845233917, 35.1400032043, 65.1062774658]]
        icov: [[0.000449139712146, 0.000168248312548, 0.000677848642226, -0.00100155640393, 0.000929725996684, -0.000417825416662, 0.000264806527412, -0.000547521747649, 0.000698688381817, -0.000581174390391, 0.000432272034232, -0.000437811249867, 0.000259711930994], [0.000168248312548, 0.00231779715978, 0.000540981651284, -0.000415412447182, -0.000493591884151, 0.00170210842043, -0.00167785387021, 0.000497912871651, -0.000199460715521, 0.00133807724342, 8.24213711894e-005, -0.000298915372696, -3.78862496291e-005], [0.000677848642226, 0.000540981651284, 0.00552052631974, -0.000369334738934, -0.00298730004579, 0.000373318966012, 0.00170154019725, -0.00361172249541, 0.00234591704793, -0.000566622475162, 0.000679531600326, 0.000444405013695, -0.000143042037962], [-0.00100155640393, -0.000415412447182, -0.000369334738934, 0.00583221204579, -0.00168383168057, -0.0017137825489, 0.00154817022849, 0.00121709040832, -0.00313061545603, 7.35148714739e-005, -0.00103943841532, 0.00166080822237, -0.00220255833119], [0.000929725996684, -0.000493591884151, -0.00298730004579, -0.00168383168057, 0.0131187355146, -0.00416374253109, -0.00109841593076, 0.00408609490842, -0.00067223951919, -0.0029451821465, 0.00224666274153, -0.0020478067454, 0.00175172288436], [-0.000417825416662, 0.00170210842043, 0.000373318966012, -0.0017137825489, -0.00416374253109, 0.0151715818793, -0.00661156466231, -0.000563845911529, 0.002647948917, -0.000346224085661, -0.00243443832733, 0.000169720588019, 0.00083892775001], [0.000264806527412, -0.00167785387021, 0.00170154019725, 0.00154817022849, -0.00109841593076, -0.00661156466231, 0.0195226427168, -0.0104020014405, 0.000685516919475, 0.00179291807581, 0.00109705247451, -0.00123724725563, 0.000132926958031], [-0.000547521747649, 0.000497912871651, -0.00361172249541, 0.00121709040832, 0.00408609490842, -0.000563845911529, -0.0104020014405, 0.0235274601728, -0.012145543471, 0.00287070125341, 0.000327118759742, -0.000725514313672, -0.000555095553864], [0.000698688381817, -0.000199460715521, 0.00234591704793, -0.00313061545603, -0.00067223951919, 0.002647948917, 0.000685516919475, -0.012145543471, 0.0265216678381, -0.0121704367921, 0.00148609618191, 0.00220054294914, -0.00201462907717], [-0.000581174390391, 0.00133807724342, -0.000566622475162, 7.35148714739e-005, -0.0029451821465, -0.000346224085661, 0.00179291807581, 0.00287070125341, -0.0121704367921, 0.0245588943362, -0.0125948116183, 0.00379315647297, -0.00208832020871], [0.000432272034232, 8.24213711894e-005, 0.000679531600326, -0.00103943841532, 0.00224666274153, -0.00243443832733, 0.00109705247451, 0.000327118759742, 0.00148609618191, -0.0125948116183, 0.0290104728192, -0.0159901119769, 0.00491992011666], [-0.000437811249867, -0.000298915372696, 0.000444405013695, 0.00166080822237, -0.0020478067454, 0.000169720588019, -0.00123724725563, -0.000725514313672, 0.00220054294914, 0.00379315647297, -0.0159901119769, 0.0324318371713, -0.0152995884418], [0.000259711930994, -3.78862496291e-005, -0.000143042037962, -0.00220255833119, 0.00175172288436, 0.00083892775001, 0.000132926958031, -0.000555095553864, -0.00201462907717, -0.00208832020871, 0.00491992011666, -0.0152995884418, 0.0248151514679]]
    sccoeffs:
        dmean: [0.0570733323693, 0.0428152270615, 0.0353701114655, 0.0360340178013, 0.0340370461345, 0.0240307599306]
        dmean2: [0.0956623628736, 0.0709984749556, 0.0576135627925, 0.0607650950551, 0.0597143433988, 0.0392113961279]
        dvar: [0.00249809678644, 0.00121139141265, 0.000811568752397, 0.00087753549451, 0.000970070774201, 0.00039639606257]
        dvar2: [0.00707045290619, 0.00329596269876, 0.00216724188067, 0.0024380623363, 0.00273776031099, 0.00094842602266]
        max: [-0.238262534142, -0.479639083147, -0.54563754797, -0.52605175972, -0.500761508942, -0.525684297085]
        mean: [-0.648537635803, -0.758981108665, -0.780171096325, -0.77203899622, -0.774297058582, -0.702693581581]
        median: [-0.655880987644, -0.763197004795, -0.785109639168, -0.777025222778, -0.782154560089, -0.697476565838]
        min: [-0.97369736433, -0.979037344456, -0.975049138069, -0.967172563076, -0.967221200466, -0.964278757572]
        var: [0.00600378029048, 0.00406611710787, 0.00285756587982, 0.00249335030094, 0.00213284767233, 0.00229938793927]
    scvalleys:
        dmean: [0.39474594593, 0.349611580372, 0.281673252583, 0.309416383505, 0.300860315561, 0.330795496702]
        dmean2: [0.641943991184, 0.578797161579, 0.453074812889, 0.510696232319, 0.509704589844, 0.508288323879]
        dvar: [0.111837297678, 0.096677146852, 0.0607591159642, 0.0754100382328, 0.0910797566175, 0.111206434667]
        dvar2: [0.274730533361, 0.254581302404, 0.142997309566, 0.181267112494, 0.216462820768, 0.184625521302]
        max: [-5.19741344452, -4.86320638657, -5.24405860901, -5.76825380325, -5.39778518677, -7.89416265488]
        mean: [-7.26226186752, -7.00231075287, -7.43914318085, -7.71647262573, -7.18165063858, -10.3329296112]
        median: [-6.81395721436, -6.63744735718, -7.11972141266, -7.21621465683, -6.39563941956, -9.63450336456]
        min: [-27.9823665619, -27.6415100098, -27.6805400848, -27.5876483917, -27.3127765656, -27.3826389313]
        var: [1.77945184708, 1.67972779274, 1.69458281994, 2.14710593224, 3.36043810844, 3.58574557304]

rhythm:
    beats_loudness:
        dmean: 0.000947531778365
        dmean2: 0.00162455823738
        dvar: 9.28133715661e-007
        dvar2: 2.77028789242e-006
        max: 0.0128425583243
        mean: 0.00496340775862
        median: 0.00533105246723
        min: 1.2118264725e-010
        var: 8.76152171259e-006
    bpm: 139.97833252
    bpm_confidence: 0
    first_peak_bpm: 140
    first_peak_spread: 0.160349816084
    first_peak_weight: 0.828776955605
    onset_rate: 2.53046679497
    second_peak_bpm: 133
    second_peak_spread: 0.333333343267
    second_peak_weight: 0.00863309390843
    beats_loudness_band_ratio:
        dmean: [0.070137642324, 0.129149004817, 0.0472709387541, 0.0529031641781, 0.0744669884443, 0.0764024779201]
        dmean2: [0.116036824882, 0.222443461418, 0.0816485956311, 0.0925029665232, 0.129484593868, 0.128566935658]
        dvar: [0.00658981967717, 0.0129596721381, 0.00257653766312, 0.00383969186805, 0.00344663695432, 0.00428815418854]
        dvar2: [0.0166014675051, 0.0407833941281, 0.0072930897586, 0.0112093379721, 0.0104228006676, 0.011918252334]
        max: [0.751107752323, 0.856140375137, 0.42319393158, 0.469674050808, 0.567646861076, 0.704656004906]
        mean: [0.126440927386, 0.224256053567, 0.0785096734762, 0.0815428495407, 0.222599580884, 0.308202564716]
        median: [0.0891113877296, 0.182237461209, 0.0617852285504, 0.0586261227727, 0.22004660964, 0.336490869522]
        min: [0.0106119792908, 0.00844495091587, 0.0120632750914, 0.00606012158096, 0.00961154792458, 0.00368431117386]
        var: [0.0131268100813, 0.0271987970918, 0.00315797817893, 0.00549622159451, 0.00779549079016, 0.0221221651882]
