
metadata:
    version:
        essentia: "2.1-beta2"
    audio_properties:
        analysis_sample_rate: 44100
        bitrate: 256
        channels: 2
        equal_loudness: 1
        length: 276.088165283
        replay_gain: -14.7607078552
        downmix: "mix"
    tags:
        album: "Indestructible"
        artist: "Disturbed"
        comment: ""
        date: "2008"
        genre: "Rock"
        title: "Indestructible"
        tracknumber: "1"

configuration:
    average_loudness:
        compute: 1
        frameSize: 88200
        hopSize: 44100
        silentFrames: "noise"
        windowType: "hann"
    general:
        analysisSampleRate: 44100
        endTime: 2000
        equalLoudness: 1
        nequalLoudness: 0
        shortSound: 0
        startTime: 0
    lowlevel:
        compute: 1
        frameSize: 2048
        hopSize: 1024
        zeroPadding: 0
        silentFrames: "noise"
        windowType: "blackmanharris62"
        mfccStats: ["mean", "cov", "icov"]
        stats: ["mean", "var", "median", "min", "max", "dmean", "dmean2", "dvar", "dvar2"]
    panning:
        compute: 0
        frameSize: 8192
        hopSize: 2048
        zeroPadding: 8192
        silentFrames: "noise"
        windowType: "hann"
        stats: ["copy"]
    rhythm:
        compute: 1
        maxTempo: 208
        minTempo: 40
        method: "degara"
        stats: ["mean", "var", "median", "min", "max", "dmean", "dmean2", "dvar", "dvar2"]
    segmentation:
        compute: 0
        cpw: 5
        inc1: 300
        inc2: 50
        minimumSegmentsLength: 10
        size1: 1000
        size2: 600
    sfx:
        compute: 1
        stats: ["mean", "var", "median", "min", "max", "dmean", "dmean2", "dvar", "dvar2"]
    svm:
        compute: 0
    tonal:
        compute: 1
        frameSize: 4096
        hopSize: 2048
        zeroPadding: 0
        silentFrames: "noise"
        windowType: "blackmanharris62"
        stats: ["mean", "var", "median", "min", "max", "dmean", "dmean2", "dvar", "dvar2"]

lowlevel:
    average_loudness: 0.834521651268
    barkbands_kurtosis:
        dmean: 0.885485112667
        dmean2: 1.43534290791
        dvar: 2.12223601341
        dvar2: 5.15473794937
        max: 147.169296265
        mean: 0.488253116608
        median: -1.0095294714
        min: -1.89619839191
        var: 55.6113510132
    barkbands_skewness:
        dmean: 0.447622716427
        dmean2: 0.700487613678
        dvar: 0.17933832109
        dvar2: 0.427831858397
        max: 9.81053066254
        mean: 0.10155274719
        median: -0.118034563959
        min: -2.85345721245
        var: 1.52746379375
    barkbands_spread:
        dmean: 6.21311426163
        dmean2: 9.90731811523
        dvar: 37.6409797668
        dvar2: 94.3022003174
        max: 74.6494903564
        mean: 34.6319007874
        median: 36.4919090271
        min: 0.659736037254
        var: 180.263687134
    dissonance:
        dmean: 0.0115562211722
        dmean2: 0.0197406671941
        dvar: 0.000197656117962
        dvar2: 0.000579781131819
        max: 0.500000059605
        mean: 0.478967905045
        median: 0.485652863979
        min: 0.268151760101
        var: 0.000526657910086
    hfc:
        dmean: 2.98297286034
        dmean2: 4.82542324066
        dvar: 18.9582424164
        dvar2: 47.8125114441
        max: 48.6527862549
        mean: 9.35717773438
        median: 8.73811340332
        min: 1.13354051817e-016
        var: 50.7639312744
    pitch:
        dmean: 874.516174316
        dmean2: 1663.27270508
        dvar: 1772752.875
        dvar2: 4187544
        max: 4896.24023438
        mean: 1812.68432617
        median: 570.070678711
        min: 56.7922325134
        var: 2793874.25
    pitch_instantaneous_confidence:
        dmean: 0.078444391489
        dmean2: 0.128800094128
        dvar: 0.00438911747187
        dvar2: 0.0114162284881
        max: 0.981439471245
        mean: 0.367996454239
        median: 0.335459291935
        min: 0.0877096652985
        var: 0.0228467956185
    pitch_salience:
        dmean: 0.0640274509788
        dmean2: 0.104797497392
        dvar: 0.00350618246011
        dvar2: 0.00922759063542
        max: 0.923064172268
        mean: 0.652580618858
        median: 0.67491787672
        min: 0.164884716272
        var: 0.0100500658154
    silence_rate_20dB:
        dmean: 0
        dmean2: 0
        dvar: 0
        dvar2: 0
        max: 1
        mean: 1
        median: 1
        min: 1
        var: 0
    silence_rate_30dB:
        dmean: 0
        dmean2: 0
        dvar: 0
        dvar2: 0
        max: 1
        mean: 1
        median: 1
        min: 1
        var: 0
    silence_rate_60dB:
        dmean: 0.0735009685159
        dmean2: 0.147014304996
        dvar: 0.0681094825268
        dvar2: 0.148270830512
        max: 1
        mean: 0.288008749485
        median: 0
        min: 0
        var: 0.205093607306
    spectral_centroid:
        dmean: 304.912841797
        dmean2: 477.869720459
        dvar: 115325.523438
        dvar2: 260172.578125
        max: 11319.4257813
        mean: 1769.10595703
        median: 1861.68994141
        min: 201.825561523
        var: 659769.9375
    spectral_complexity:
        dmean: 4.48170900345
        dmean2: 6.91976451874
        dvar: 25.7472324371
        dvar2: 55.6922950745
        max: 54
        mean: 17.1194915771
        median: 18
        min: 0
        var: 121.573165894
    spectral_crest:
        dmean: 1.93405222893
        dmean2: 3.20698022842
        dvar: 3.44956541061
        dvar2: 8.55650424957
        max: 24.9747467041
        mean: 7.21382236481
        median: 6.09878253937
        min: 2.33749079704
        var: 12.6334552765
    spectral_decrease:
        dmean: 3.34975491789e-010
        dmean2: 5.43304234935e-010
        dvar: 2.35258618962e-019
        dvar2: 6.08016731113e-019
        max: 4.51189503909e-029
        mean: -1.0243976778e-009
        median: -9.95681870286e-010
        min: -5.14923881312e-009
        var: 4.76660398141e-019
    spectral_energy:
        dmean: 0.00148666638415
        dmean2: 0.0024025500752
        dvar: 4.55843246527e-006
        dvar2: 1.17333311209e-005
        max: 0.0216120760888
        mean: 0.00471503473818
        median: 0.00461347214878
        min: 1.03469082456e-020
        var: 1.0000844668e-005
    spectral_energyband_high:
        dmean: 0.000277626240859
        dmean2: 0.00045559371938
        dvar: 1.96229109406e-007
        dvar2: 4.82062773699e-007
        max: 0.00707163242623
        mean: 0.000629049900454
        median: 0.000495160173159
        min: 7.16177659551e-021
        var: 3.97721720446e-007
    spectral_energyband_low:
        dmean: 0.000521217589267
        dmean2: 0.000881357176695
        dvar: 8.10617677871e-007
        dvar2: 2.17526053348e-006
        max: 0.00820110365748
        mean: 0.000705969578121
        median: 0.000391535577364
        min: 2.11887550049e-023
        var: 8.85393944827e-007
    spectral_energyband_middle_high:
        dmean: 0.000711005006451
        dmean2: 0.00113663962111
        dvar: 8.41519010919e-007
        dvar2: 2.10216262531e-006
        max: 0.0139817809686
        mean: 0.00226056063548
        median: 0.00211598211899
        min: 1.34660550762e-021
        var: 2.91247783935e-006
    spectral_energyband_middle_low:
        dmean: 0.000628850073554
        dmean2: 0.0010257686954
        dvar: 1.298877919e-006
        dvar2: 3.44910313288e-006
        max: 0.0156245883554
        mean: 0.00130819715559
        median: 0.000974011956714
        min: 1.17264123074e-022
        var: 1.6924046804e-006
    spectral_flatness_db:
        dmean: 0.0151307284832
        dmean2: 0.0241962298751
        dvar: 0.000189000929822
        dvar2: 0.000451435538707
        max: 0.439582705498
        mean: 0.162193208933
        median: 0.143319636583
        min: 0.0578142479062
        var: 0.0032170789782
    spectral_flux:
        dmean: 0.0083178030327
        dmean2: 0.0126693611965
        dvar: 0.000108989137516
        dvar2: 0.000214790794416
        max: 0.117358751595
        mean: 0.0404206998646
        median: 0.041541442275
        min: 6.4824472179e-011
        var: 0.000414577749325
    spectral_kurtosis:
        dmean: 1.87701761723
        dmean2: 3.25208711624
        dvar: 14.2050514221
        dvar2: 44.0780181885
        max: 73.0026550293
        mean: 4.62550210953
        median: 2.81408023834
        min: -1.24370241165
        var: 43.3865280151
    spectral_rms:
        dmean: 0.000302177504636
        dmean2: 0.000475955632282
        dvar: 1.41997531955e-007
        dvar2: 3.49028027813e-007
        max: 0.00459183519706
        mean: 0.00197192328051
        median: 0.00212154397741
        min: 3.1771913659e-012
        var: 7.11561824573e-007
    spectral_rolloff:
        dmean: 361.492736816
        dmean2: 584.703430176
        dvar: 250315.1875
        dvar2: 536042.0625
        max: 19552.1484375
        mean: 3284.8137207
        median: 3682.17773438
        min: 150.732421875
        var: 1739413
    spectral_skewness:
        dmean: 0.213511109352
        dmean2: 0.356515496969
        dvar: 0.0814692825079
        dvar2: 0.24405528605
        max: 6.51092147827
        mean: 1.27120256424
        median: 1.1090965271
        min: -0.0698678717017
        var: 0.41651904583
    spectral_spread:
        dmean: 395524.84375
        dmean2: 580846.875
        dvar: 401645076480
        dvar2: 669736960000
        max: 41454784
        mean: 4174738.25
        median: 4205680
        min: 912833.125
        var: 3.35224661606e+012
    spectral_strongpeak:
        dmean: 0.36777433753
        dmean2: 0.642253518105
        dvar: 0.429346591234
        dvar2: 1.15040814877
        max: 8.64033412933
        mean: 0.494420439005
        median: 0.185450047255
        min: 5.17138276646e-010
        var: 0.65189230442
    zerocrossingrate:
        dmean: 0.00888859946281
        dmean2: 0.0105731990188
        dvar: 9.19819212868e-005
        dvar2: 0.000112898727821
        max: 0.5146484375
        mean: 0.0998091697693
        median: 0.10693359375
        min: 0.0087890625
        var: 0.0014243874466
    barkbands:
        dmean: [2.93508264804e-007, 0.00012390842312, 0.000347845401848, 0.000171698295162, 0.000329114845954, 0.000161165371537, 9.57207957981e-005, 7.77315945015e-005, 6.18308185949e-005, 6.81072269799e-005, 4.99343514093e-005, 7.63735370128e-005, 6.34797179373e-005, 6.80864613969e-005, 6.11877185293e-005, 0.000115688002552, 0.000163978431374, 0.000200966387638, 0.000263180816546, 0.000197193279746, 0.000159179486218, 4.52215099358e-005, 6.5513950176e-006, 2.3405139018e-006, 1.5767025161e-006, 5.68088864839e-008, 2.73077005453e-010]
        dmean2: [5.09672361204e-007, 0.000213095423533, 0.000592201889958, 0.000289322721073, 0.000544781796634, 0.000265094800852, 0.000159669943969, 0.000128785570269, 9.98100294964e-005, 0.000108204571006, 8.13474543975e-005, 0.000124679179862, 0.000103628335637, 0.00011297709716, 0.000100416895293, 0.000188125530258, 0.000269389885943, 0.000332070107106, 0.000442620221293, 0.000323536223732, 0.000272062578006, 7.25155477994e-005, 1.05723347588e-005, 3.67147163161e-006, 2.46974332185e-006, 8.96347174262e-008, 4.83262985185e-010]
        dvar: [2.35818038274e-013, 5.7526261088e-008, 3.64887625892e-007, 1.08142337751e-007, 4.69644959367e-007, 1.44657562373e-007, 4.0234375831e-008, 2.14677946531e-008, 1.51418753092e-008, 3.14749044605e-008, 1.36366526959e-008, 2.70109765665e-008, 1.95221101507e-008, 1.78044956556e-008, 1.25399122197e-008, 3.78378040011e-008, 5.56103678662e-008, 9.58958850106e-008, 1.1863899374e-007, 7.23319431017e-008, 7.07374496756e-008, 1.11827791471e-008, 1.59490767815e-010, 6.29144791819e-011, 3.76775485811e-011, 3.64743296872e-014, 3.01374312293e-019]
        dvar2: [6.49754718345e-013, 1.55191784756e-007, 9.98991254164e-007, 2.76339534366e-007, 1.24378971122e-006, 3.61009114158e-007, 1.00453554808e-007, 5.4973472885e-008, 3.70078154788e-008, 7.41193915132e-008, 3.37148691187e-008, 6.84365559778e-008, 4.87978901731e-008, 4.64552307733e-008, 3.05294918235e-008, 9.39751103601e-008, 1.41213689631e-007, 2.50155778758e-007, 3.19976550145e-007, 1.84488641253e-007, 1.86445674899e-007, 2.44118361081e-008, 3.78467091e-010, 1.44650277867e-010, 9.0213260473e-011, 9.41056382668e-014, 8.30701972119e-019]
        max: [4.49817525805e-006, 0.00205755815841, 0.00562947243452, 0.00490430602804, 0.00850431341678, 0.00635099411011, 0.00500371679664, 0.00259049143642, 0.00347988773137, 0.0048611885868, 0.00264747883193, 0.00331900897436, 0.0035968022421, 0.00358258816414, 0.00243187369779, 0.00651361979544, 0.00486283609644, 0.00435326900333, 0.00786186382174, 0.00368529371917, 0.0033830886241, 0.00309308082797, 0.000240175446379, 0.000177774301847, 0.000153419445269, 5.29424642082e-006, 1.51718886343e-008]
        mean: [3.15519685046e-007, 0.000128476734972, 0.000432269327575, 0.000221670168685, 0.000461303105112, 0.000222438946366, 0.000133693625685, 0.000118690833915, 8.96011115401e-005, 0.000105882318167, 7.12950713933e-005, 0.000116339004308, 8.99678780115e-005, 9.63895799941e-005, 9.53755734372e-005, 0.000208705474506, 0.000328838650603, 0.00036524614552, 0.000573004945181, 0.000451829720987, 0.000300797459204, 8.34828533698e-005, 1.27879657157e-005, 4.18295348936e-006, 2.36990467783e-006, 8.91289957394e-008, 2.56224264028e-010]
        median: [1.253286257e-007, 6.03434018558e-005, 0.000199799105758, 0.000124784681248, 0.000214407438762, 8.20745481178e-005, 5.59925028938e-005, 5.5120595789e-005, 4.16770817537e-005, 3.92286310671e-005, 2.65419439529e-005, 4.7200897825e-005, 3.86150932172e-005, 4.93867628393e-005, 5.10190366185e-005, 0.000154764711624, 0.000251404300798, 0.000276750186458, 0.000503599992953, 0.00038590078475, 0.000224838935537, 4.36603113485e-005, 6.27031931799e-006, 1.87238856597e-006, 8.98940299976e-007, 3.28609175426e-008, 7.86602588621e-011]
        min: [1.62606932039e-024, 4.50554435029e-024, 3.75676388994e-024, 3.69183708757e-024, 1.38500561565e-023, 1.27283890349e-023, 1.8167155836e-023, 1.82198075683e-023, 2.75638697238e-023, 3.10418564807e-023, 2.25050830212e-023, 4.11642198494e-023, 5.7979806097e-023, 2.70367276234e-023, 6.35069190087e-023, 7.09470511699e-023, 8.09499778421e-023, 1.30072725063e-022, 1.42084476564e-022, 2.60601702031e-022, 3.02546130559e-022, 3.10263436888e-022, 4.57961094244e-022, 6.15137426559e-022, 9.9005683725e-022, 1.32487747625e-021, 2.12693702154e-021]
        var: [2.4249336263e-013, 4.72328451906e-008, 3.90866802036e-007, 1.19400723975e-007, 5.40298287888e-007, 2.10400287415e-007, 6.00095191317e-008, 3.16180184257e-008, 2.54902570163e-008, 7.02698770283e-008, 2.2199589722e-008, 4.86084097417e-008, 2.95233633096e-008, 2.35490738021e-008, 2.1917056614e-008, 6.51508642591e-008, 1.23804028362e-007, 1.49975392105e-007, 2.6331895242e-007, 1.64997302932e-007, 1.07177847042e-007, 2.04475476551e-008, 3.10750702948e-010, 8.97851862303e-011, 4.45611568478e-011, 4.1033850444e-014, 3.07259909147e-019]
    frequency_bands:
        dmean: [2.93508264804e-007, 0.00012390842312, 0.000347845401848, 0.000171698295162, 0.000329114845954, 0.000161165371537, 9.57207957981e-005, 7.77315945015e-005, 6.18308185949e-005, 6.81072269799e-005, 4.99343514093e-005, 7.63735370128e-005, 6.34797179373e-005, 6.80864613969e-005, 6.11877185293e-005, 0.000115688002552, 0.000163978431374, 0.000200966387638, 0.000263180816546, 0.000197193279746, 0.000159179486218, 4.52215099358e-005, 6.5513950176e-006, 2.3405139018e-006, 1.5767025161e-006, 5.68088864839e-008, 2.73077005453e-010, 5.54264863173e-011]
        dmean2: [5.09672361204e-007, 0.000213095423533, 0.000592201889958, 0.000289322721073, 0.000544781796634, 0.000265094800852, 0.000159669943969, 0.000128785570269, 9.98100294964e-005, 0.000108204571006, 8.13474543975e-005, 0.000124679179862, 0.000103628335637, 0.00011297709716, 0.000100416895293, 0.000188125530258, 0.000269389885943, 0.000332070107106, 0.000442620221293, 0.000323536223732, 0.000272062578006, 7.25155477994e-005, 1.05723347588e-005, 3.67147163161e-006, 2.46974332185e-006, 8.96347174262e-008, 4.83262985185e-010, 1.03197575485e-010]
        dvar: [2.35818038274e-013, 5.7526261088e-008, 3.64887625892e-007, 1.08142337751e-007, 4.69644959367e-007, 1.44657562373e-007, 4.0234375831e-008, 2.14677946531e-008, 1.51418753092e-008, 3.14749044605e-008, 1.36366526959e-008, 2.70109765665e-008, 1.95221101507e-008, 1.78044956556e-008, 1.25399122197e-008, 3.78378040011e-008, 5.56103678662e-008, 9.58958850106e-008, 1.1863899374e-007, 7.23319431017e-008, 7.07374496756e-008, 1.11827791471e-008, 1.59490767815e-010, 6.29144791819e-011, 3.76775485811e-011, 3.64743296872e-014, 3.01374312293e-019, 8.44430074823e-021]
        dvar2: [6.49754718345e-013, 1.55191784756e-007, 9.98991254164e-007, 2.76339534366e-007, 1.24378971122e-006, 3.61009114158e-007, 1.00453554808e-007, 5.4973472885e-008, 3.70078154788e-008, 7.41193915132e-008, 3.37148691187e-008, 6.84365559778e-008, 4.87978901731e-008, 4.64552307733e-008, 3.05294918235e-008, 9.39751103601e-008, 1.41213689631e-007, 2.50155778758e-007, 3.19976550145e-007, 1.84488641253e-007, 1.86445674899e-007, 2.44118361081e-008, 3.78467091e-010, 1.44650277867e-010, 9.0213260473e-011, 9.41056382668e-014, 8.30701972119e-019, 2.70464585824e-020]
        max: [4.49817525805e-006, 0.00205755815841, 0.00562947243452, 0.00490430602804, 0.00850431341678, 0.00635099411011, 0.00500371679664, 0.00259049143642, 0.00347988773137, 0.0048611885868, 0.00264747883193, 0.00331900897436, 0.0035968022421, 0.00358258816414, 0.00243187369779, 0.00651361979544, 0.00486283609644, 0.00435326900333, 0.00786186382174, 0.00368529371917, 0.0033830886241, 0.00309308082797, 0.000240175446379, 0.000177774301847, 0.000153419445269, 5.29424642082e-006, 1.51718886343e-008, 1.80861092769e-009]
        mean: [3.15519685046e-007, 0.000128476734972, 0.000432269327575, 0.000221670168685, 0.000461303105112, 0.000222438946366, 0.000133693625685, 0.000118690833915, 8.96011115401e-005, 0.000105882318167, 7.12950713933e-005, 0.000116339004308, 8.99678780115e-005, 9.63895799941e-005, 9.53755734372e-005, 0.000208705474506, 0.000328838650603, 0.00036524614552, 0.000573004945181, 0.000451829720987, 0.000300797459204, 8.34828533698e-005, 1.27879657157e-005, 4.18295348936e-006, 2.36990467783e-006, 8.91289957394e-008, 2.56224264028e-010, 4.26710472512e-011]
        median: [1.253286257e-007, 6.03434018558e-005, 0.000199799105758, 0.000124784681248, 0.000214407438762, 8.20745481178e-005, 5.59925028938e-005, 5.5120595789e-005, 4.16770817537e-005, 3.92286310671e-005, 2.65419439529e-005, 4.7200897825e-005, 3.86150932172e-005, 4.93867628393e-005, 5.10190366185e-005, 0.000154764711624, 0.000251404300798, 0.000276750186458, 0.000503599992953, 0.00038590078475, 0.000224838935537, 4.36603113485e-005, 6.27031931799e-006, 1.87238856597e-006, 8.98940299976e-007, 3.28609175426e-008, 7.86602588621e-011, 1.23891105708e-011]
        min: [1.62606932039e-024, 4.50554435029e-024, 3.75676388994e-024, 3.69183708757e-024, 1.38500561565e-023, 1.27283890349e-023, 1.8167155836e-023, 1.82198075683e-023, 2.75638697238e-023, 3.10418564807e-023, 2.25050830212e-023, 4.11642198494e-023, 5.7979806097e-023, 2.70367276234e-023, 6.35069190087e-023, 7.09470511699e-023, 8.09499778421e-023, 1.30072725063e-022, 1.42084476564e-022, 2.60601702031e-022, 3.02546130559e-022, 3.10263436888e-022, 4.57961094244e-022, 6.15137426559e-022, 9.9005683725e-022, 1.32487747625e-021, 2.12693702154e-021, 5.0157376795e-022]
        var: [2.4249336263e-013, 4.72328451906e-008, 3.90866802036e-007, 1.19400723975e-007, 5.40298287888e-007, 2.10400287415e-007, 6.00095191317e-008, 3.16180184257e-008, 2.54902570163e-008, 7.02698770283e-008, 2.2199589722e-008, 4.86084097417e-008, 2.95233633096e-008, 2.35490738021e-008, 2.1917056614e-008, 6.51508642591e-008, 1.23804028362e-007, 1.49975392105e-007, 2.6331895242e-007, 1.64997302932e-007, 1.07177847042e-007, 2.04475476551e-008, 3.10750702948e-010, 8.97851862303e-011, 4.45611568478e-011, 4.1033850444e-014, 3.07259909147e-019, 6.44211330672e-021]
    mfcc:
        mean: [-723.63470459, 99.3743591309, -44.7902526855, 60.0238304138, -10.562625885, -2.6664545536, 0.838083744049, -3.96706318855, -2.69149684906, -6.75238656998, -4.17132329941, -2.15759730339, -3.9904961586]
        cov: [[10306.4228516, -1257.98010254, -1212.7109375, 1527.36560059, -811.464904785, 750.705993652, 115.874717712, 75.6736373901, 324.653930664, -92.2490234375, -27.989358902, 55.2623634338, -38.9815254211], [-1257.98010254, 998.229431152, 40.7290496826, -147.861129761, 130.773223877, -149.453842163, 57.7106437683, -6.8721036911, -46.2681770325, 30.8297119141, 6.37369823456, -2.94150686264, 4.4157910347], [-1212.7109375, 40.7290496826, 525.497558594, -185.138778687, 180.54095459, -34.339225769, -16.8841514587, 43.4414978027, -28.7035751343, 14.5977878571, 12.0247220993, -16.106180191, 5.79197645187], [1527.36560059, -147.861129761, -185.138778687, 573.629699707, -30.7074184418, 196.733322144, 52.7529220581, 16.373708725, 111.061538696, -20.8764152527, -19.9676895142, -16.5063056946, -26.4515476227], [-811.464904785, 130.773223877, 180.54095459, -30.7074184418, 262.337921143, 3.80260372162, 29.4571495056, 27.8288288116, -2.50086927414, 42.6985168457, 6.00104141235, -10.2690649033, -2.7499871254], [750.705993652, -149.453842163, -34.339225769, 196.733322144, 3.80260372162, 219.756973267, 78.9840087891, 61.2896194458, 56.9247169495, 9.60978603363, 13.1186571121, 6.30856561661, -9.13918685913], [115.874717712, 57.7106437683, -16.8841514587, 52.7529220581, 29.4571495056, 78.9840087891, 150.319641113, 75.3393249512, 40.8919219971, 27.1953926086, 12.0710802078, 11.3203687668, 3.63876819611], [75.6736373901, -6.8721036911, 43.4414978027, 16.373708725, 27.8288288116, 61.2896194458, 75.3393249512, 128.26852417, 42.0198783875, 28.9005393982, 17.6421146393, 16.5724544525, 15.9430618286], [324.653930664, -46.2681770325, -28.7035751343, 111.061538696, -2.50086927414, 56.9247169495, 40.8919219971, 42.0198783875, 98.3600921631, 31.9925937653, 15.0583276749, 3.20835280418, -5.50896787643], [-92.2490234375, 30.8297119141, 14.5977878571, -20.8764152527, 42.6985168457, 9.60978603363, 27.1953926086, 28.9005393982, 31.9925937653, 90.8831253052, 37.9581756592, 7.31191062927, 4.86906671524], [-27.989358902, 6.37369823456, 12.0247220993, -19.9676895142, 6.00104141235, 13.1186571121, 12.0710802078, 17.6421146393, 15.0583276749, 37.9581756592, 72.4785308838, 27.3390750885, 13.4048376083], [55.2623634338, -2.94150686264, -16.106180191, -16.5063056946, -10.2690649033, 6.30856561661, 11.3203687668, 16.5724544525, 3.20835280418, 7.31191062927, 27.3390750885, 59.3401641846, 30.065826416], [-38.9815254211, 4.4157910347, 5.79197645187, -26.4515476227, -2.7499871254, -9.13918685913, 3.63876819611, 15.9430618286, -5.50896787643, 4.86906671524, 13.4048376083, 30.065826416, 59.8262290955]]
        icov: [[0.000309460185235, 0.000140894349897, 0.000273159181233, -0.000540681823622, 0.000672137713991, -0.000465788849397, 0.000154558074428, -0.000187771947822, 0.000101514415292, -0.000233617029153, 0.000142569304444, -0.000230505538639, 3.83731676266e-005], [0.000140894349897, 0.00143675517756, 0.00030117292772, -0.000334426818881, -0.000373065529857, 0.00113566906657, -0.00114802934695, 1.16101509775e-005, 0.00059040938504, -0.000185633500223, -0.000249261473073, -1.96179698833e-005, 0.000166990284924], [0.000273159181233, 0.00030117292772, 0.00344572984613, 0.000620393198915, -0.00167263147887, -0.000688211177476, 0.00115257187281, -0.00157532747835, -0.000197307803319, 0.00111043918878, -0.000836361723486, 0.00128462014254, -0.000302583386656], [-0.000540681823622, -0.000334426818881, 0.000620393198915, 0.00473789358512, -0.00188936828636, -0.00213652523234, 0.00030683199293, 0.00132204289548, -0.00391499791294, 0.00229754927568, 0.00034177757334, 0.00142928876448, -0.000419431627961], [0.000672137713991, -0.000373065529857, -0.00167263147887, -0.00188936828636, 0.00767615903169, -0.00132948567625, -0.000407240324421, -0.000238110820646, 0.0015206678072, -0.00380171602592, 0.00159268430434, -0.000563115696423, 0.000405598548241], [-0.000465788849397, 0.00113566906657, -0.000688211177476, -0.00213652523234, -0.00132948567625, 0.0106826117262, -0.0039588152431, -0.00191186729353, 0.000768818135839, 0.000592057942413, -0.00209400011227, -0.000404464488383, 0.00175078946631], [0.000154558074428, -0.00114802934695, 0.00115257187281, 0.00030683199293, -0.000407240324421, -0.0039588152431, 0.0123052103445, -0.00522954994813, -0.0015033922391, -0.000823432230391, 0.0010075046448, -0.000787878583651, 0.000330019829562], [-0.000187771947822, 1.16101509775e-005, -0.00157532747835, 0.00132204289548, -0.000238110820646, -0.00191186729353, -0.00522954994813, 0.0142886005342, -0.00410606246442, -0.00085265719099, 0.000595871417318, -0.00111081870273, -0.00306283053942], [0.000101514415292, 0.00059040938504, -0.000197307803319, -0.00391499791294, 0.0015206678072, 0.000768818135839, -0.0015033922391, -0.00410606246442, 0.0187996234745, -0.00634219730273, -0.000856741913594, -0.000682544428855, 0.0024659729097], [-0.000233617029153, -0.000185633500223, 0.00111043918878, 0.00229754927568, -0.00380171602592, 0.000592057942413, -0.000823432230391, -0.00085265719099, -0.00634219730273, 0.0191370733082, -0.00887578818947, 0.00333641003817, -0.000866685179062], [0.000142569304444, -0.000249261473073, -0.000836361723486, 0.00034177757334, 0.00159268430434, -0.00209400011227, 0.0010075046448, 0.000595871417318, -0.000856741913594, -0.00887578818947, 0.0223805047572, -0.0094332806766, 0.000246191280894], [-0.000230505538639, -1.96179698833e-005, 0.00128462014254, 0.00142928876448, -0.000563115696423, -0.000404464488383, -0.000787878583651, -0.00111081870273, -0.000682544428855, 0.00333641003817, -0.0094332806766, 0.0281426403672, -0.0117487963289], [3.83731676266e-005, 0.000166990284924, -0.000302583386656, -0.000419431627961, 0.000405598548241, 0.00175078946631, 0.000330019829562, -0.00306283053942, 0.0024659729097, -0.000866685179062, 0.000246191280894, -0.0117487963289, 0.0238006748259]]
    sccoeffs:
        dmean: [0.055536005646, 0.0472897849977, 0.0364606715739, 0.0288788937032, 0.0192046836019, 0.0202197153121]
        dmean2: [0.0924134254456, 0.0777029618621, 0.0603401400149, 0.0480686761439, 0.0320974476635, 0.0318738631904]
        dvar: [0.00207047723234, 0.00145938247442, 0.000837261381093, 0.000533251673914, 0.000247679417953, 0.000351853930624]
        dvar2: [0.00569805921987, 0.00387194147334, 0.0022567093838, 0.00144292542245, 0.000658267585095, 0.000835984712467]
        max: [-0.259524643421, -0.390551775694, -0.543718397617, -0.583213806152, -0.49817442894, -0.452949076891]
        mean: [-0.647692799568, -0.761242210865, -0.798330068588, -0.803483605385, -0.804167866707, -0.716695964336]
        median: [-0.654963970184, -0.769693493843, -0.805723309517, -0.80671697855, -0.8070499897, -0.715869188309]
        min: [-0.977079153061, -0.978813767433, -0.982197344303, -0.966942369938, -0.963645160198, -0.963807523251]
        var: [0.0066271298565, 0.00448109675199, 0.00305342138745, 0.00192530069035, 0.00108493119478, 0.00340111600235]
    scvalleys:
        dmean: [0.427414119244, 0.38650226593, 0.326309353113, 0.287497907877, 0.238669112325, 0.307449698448]
        dmean2: [0.702212393284, 0.629027545452, 0.521230876446, 0.453242003918, 0.361198365688, 0.454558461905]
        dvar: [0.161122247577, 0.149483799934, 0.107673756778, 0.0901890471578, 0.0946613848209, 0.163351416588]
        dvar2: [0.356068491936, 0.338959902525, 0.216441422701, 0.170390367508, 0.173342242837, 0.352020472288]
        max: [-4.9333691597, -4.29957008362, -5.33920860291, -5.49644136429, -5.31664657593, -7.39957618713]
        mean: [-7.02503013611, -6.83390808105, -7.26235866547, -7.3733048439, -7.06373786926, -10.367606163]
        median: [-6.65605640411, -6.67552947998, -7.02443408966, -7.00588035583, -6.45446586609, -9.55285739899]
        min: [-27.7589416504, -27.5913410187, -27.9471569061, -27.6341667175, -27.4588871002, -27.3606987]
        var: [1.95785224438, 1.51209127903, 1.68099939823, 1.93000626564, 2.84875297546, 5.03379058838]

rhythm:
    beats_loudness:
        dmean: 0.00225066929124
        dmean2: 0.00390363228507
        dvar: 3.87957743442e-006
        dvar2: 1.07358428068e-005
        max: 0.01532906387
        mean: 0.00567683996633
        median: 0.00570222130045
        min: 6.59294147054e-011
        var: 8.41846849653e-006
    bpm: 178.206008911
    bpm_confidence: 0
    first_peak_bpm: 178
    first_peak_spread: 0
    first_peak_weight: 0.578005135059
    onset_rate: 3.46990609169
    second_peak_bpm: 185
    second_peak_spread: 0
    second_peak_weight: 0.281329929829
    beats_loudness_band_ratio:
        dmean: [0.135794982314, 0.0989497825503, 0.0599393881857, 0.0626699998975, 0.0862463265657, 0.0953207015991]
        dmean2: [0.242647588253, 0.170079007745, 0.104104399681, 0.112347237766, 0.150683879852, 0.169051095843]
        dvar: [0.0156458299607, 0.00833486579359, 0.00406327843666, 0.00534942699596, 0.00572969159111, 0.00704095792025]
        dvar2: [0.0436389222741, 0.0230215582997, 0.0109798405319, 0.0152429956943, 0.017581935972, 0.0210331361741]
        max: [0.897428572178, 0.648390650749, 0.81993496418, 0.566780328751, 0.684436261654, 0.688868165016]
        mean: [0.210413679481, 0.146083697677, 0.112221494317, 0.0901659205556, 0.230684608221, 0.261835545301]
        median: [0.164884150028, 0.103761211038, 0.0770518034697, 0.0648280531168, 0.225810706615, 0.274280160666]
        min: [0, 0, 0, 0, 0, 0]
        var: [0.0275978855789, 0.016260702163, 0.0124653149396, 0.00582331372425, 0.0114601450041, 0.0159810110927]
