
metadata:
    version:
        essentia: "2.1-beta2"
    audio_properties:
        analysis_sample_rate: 44100
        bitrate: 320
        channels: 2
        equal_loudness: 1
        length: 259.21307373
        replay_gain: -14.3079929352
        downmix: "mix"
    tags:
        album: "Deceiver Of The Gods"
        artist: "Amon Amarth"
        comment: ""
        date: "2013"
        genre: "Death Metal"
        title: "Deceiver Of The Gods"
        tracknumber: "01"

configuration:
    average_loudness:
        compute: 1
        frameSize: 88200
        hopSize: 44100
        silentFrames: "noise"
        windowType: "hann"
    general:
        analysisSampleRate: 44100
        endTime: 2000
        equalLoudness: 1
        nequalLoudness: 0
        shortSound: 0
        startTime: 0
    lowlevel:
        compute: 1
        frameSize: 2048
        hopSize: 1024
        zeroPadding: 0
        silentFrames: "noise"
        windowType: "blackmanharris62"
        mfccStats: ["mean", "cov", "icov"]
        stats: ["mean", "var", "median", "min", "max", "dmean", "dmean2", "dvar", "dvar2"]
    panning:
        compute: 0
        frameSize: 8192
        hopSize: 2048
        zeroPadding: 8192
        silentFrames: "noise"
        windowType: "hann"
        stats: ["copy"]
    rhythm:
        compute: 1
        maxTempo: 208
        minTempo: 40
        method: "degara"
        stats: ["mean", "var", "median", "min", "max", "dmean", "dmean2", "dvar", "dvar2"]
    segmentation:
        compute: 0
        cpw: 5
        inc1: 300
        inc2: 50
        minimumSegmentsLength: 10
        size1: 1000
        size2: 600
    sfx:
        compute: 1
        stats: ["mean", "var", "median", "min", "max", "dmean", "dmean2", "dvar", "dvar2"]
    svm:
        compute: 0
    tonal:
        compute: 1
        frameSize: 4096
        hopSize: 2048
        zeroPadding: 0
        silentFrames: "noise"
        windowType: "blackmanharris62"
        stats: ["mean", "var", "median", "min", "max", "dmean", "dmean2", "dvar", "dvar2"]

lowlevel:
    average_loudness: 0.913480043411
    barkbands_kurtosis:
        dmean: 0.605919122696
        dmean2: 1.01673102379
        dvar: 0.792477667332
        dvar2: 1.93019843102
        max: 14.6181211472
        mean: -0.901427209377
        median: -1.23931884766
        min: -1.88345503807
        var: 1.22890508175
    barkbands_skewness:
        dmean: 0.431283891201
        dmean2: 0.676522910595
        dvar: 0.161521837115
        dvar2: 0.375563830137
        max: 3.98715662956
        mean: -0.3061439991
        median: -0.344302862883
        min: -2.58897542953
        var: 0.535059094429
    barkbands_spread:
        dmean: 5.71536636353
        dmean2: 9.38512802124
        dvar: 26.5048713684
        dvar2: 68.1128616333
        max: 63.5357170105
        mean: 38.0784835815
        median: 38.2914466858
        min: 5.70319366455
        var: 80.5675354004
    dissonance:
        dmean: 0.00836825184524
        dmean2: 0.0142861520872
        dvar: 6.94627960911e-005
        dvar2: 0.000195443673874
        max: 0.500000119209
        mean: 0.484515160322
        median: 0.487934499979
        min: 0.356089383364
        var: 0.000163936245372
    hfc:
        dmean: 2.90270376205
        dmean2: 4.98078966141
        dvar: 12.8249931335
        dvar2: 34.9767570496
        max: 38.248046875
        mean: 9.3782043457
        median: 9.06164550781
        min: 1.13902889463e-016
        var: 32.3088264465
    pitch:
        dmean: 968.591552734
        dmean2: 1870.23217773
        dvar: 2079157.875
        dvar2: 4907028.5
        max: 4334.94677734
        mean: 2115.95654297
        median: 3497.84448242
        min: 69.284866333
        var: 2999150.75
    pitch_instantaneous_confidence:
        dmean: 0.0745309591293
        dmean2: 0.125052154064
        dvar: 0.00362105551176
        dvar2: 0.00962371658534
        max: 0.900679767132
        mean: 0.393653869629
        median: 0.387884318829
        min: 0.121682882309
        var: 0.0159323550761
    pitch_salience:
        dmean: 0.0566224679351
        dmean2: 0.0932270288467
        dvar: 0.00287687079981
        dvar2: 0.00737448269501
        max: 0.886374115944
        mean: 0.671278059483
        median: 0.692602276802
        min: 0.160892948508
        var: 0.00852105859667
    silence_rate_20dB:
        dmean: 0
        dmean2: 0
        dvar: 0
        dvar2: 0
        max: 1
        mean: 1
        median: 1
        min: 1
        var: 0
    silence_rate_30dB:
        dmean: 0
        dmean2: 0
        dvar: 0
        dvar2: 0
        max: 1
        mean: 1
        median: 1
        min: 1
        var: 0
    silence_rate_60dB:
        dmean: 0.0652096047997
        dmean2: 0.13043089211
        dvar: 0.0609643906355
        dvar2: 0.14636336267
        max: 1
        mean: 0.268069863319
        median: 0
        min: 0
        var: 0.196218252182
    spectral_centroid:
        dmean: 317.198486328
        dmean2: 502.968017578
        dvar: 89530.0859375
        dvar2: 202453.734375
        max: 10965.7207031
        mean: 2061.73193359
        median: 2083.42944336
        min: 331.943206787
        var: 304303.71875
    spectral_complexity:
        dmean: 4.22070932388
        dmean2: 6.83561754227
        dvar: 16.5773429871
        dvar2: 40.7354049683
        max: 48
        mean: 17.8593826294
        median: 18
        min: 0
        var: 94.7682037354
    spectral_crest:
        dmean: 1.86641454697
        dmean2: 3.15240454674
        dvar: 3.75925993919
        dvar2: 9.79815101624
        max: 22.4850997925
        mean: 6.32498598099
        median: 5.75044631958
        min: 2.33037376404
        var: 5.96503353119
    spectral_decrease:
        dmean: 3.64467789282e-010
        dmean2: 6.31959540254e-010
        dvar: 3.3667613194e-019
        dvar2: 9.19853172095e-019
        max: -2.86792334505e-029
        mean: -1.0284587626e-009
        median: -9.64096580347e-010
        min: -5.66329516616e-009
        var: 4.89749497359e-019
    spectral_energy:
        dmean: 0.00159890612122
        dmean2: 0.00277638202533
        dvar: 5.82554321227e-006
        dvar2: 1.58913699124e-005
        max: 0.0240567922592
        mean: 0.00473226932809
        median: 0.00452040974051
        min: 1.04395742846e-020
        var: 9.31799513637e-006
    spectral_energyband_high:
        dmean: 0.000274802325293
        dmean2: 0.000483010255266
        dvar: 1.36541217444e-007
        dvar2: 3.78259130684e-007
        max: 0.00446853972971
        mean: 0.000617119250819
        median: 0.00054250494577
        min: 7.60891295304e-021
        var: 2.11334736377e-007
    spectral_energyband_low:
        dmean: 0.000270211981842
        dmean2: 0.000447862403234
        dvar: 1.93308480334e-007
        dvar2: 4.94152402553e-007
        max: 0.00867225974798
        mean: 0.000432922446635
        median: 0.000293284392683
        min: 6.0907679124e-023
        var: 3.01695905591e-007
    spectral_energyband_middle_high:
        dmean: 0.000611129333265
        dmean2: 0.00101023493335
        dvar: 4.50933612228e-007
        dvar2: 1.20287018035e-006
        max: 0.00805735588074
        mean: 0.0022120133508
        median: 0.00210369587876
        min: 1.62133276759e-021
        var: 1.86717693396e-006
    spectral_energyband_middle_low:
        dmean: 0.000996523420326
        dmean2: 0.00171136658173
        dvar: 3.66481708625e-006
        dvar2: 1.01095220089e-005
        max: 0.0167647171766
        mean: 0.00165080244187
        median: 0.00106891361065
        min: 2.98934106868e-022
        var: 3.64901666217e-006
    spectral_flatness_db:
        dmean: 0.0130649870262
        dmean2: 0.0210519190878
        dvar: 0.00014399716747
        dvar2: 0.000339286052622
        max: 0.345338970423
        mean: 0.150532305241
        median: 0.141388267279
        min: 0.0757506638765
        var: 0.00110989296809
    spectral_flux:
        dmean: 0.00813760980964
        dmean2: 0.0130350887775
        dvar: 0.000113423717266
        dvar2: 0.000227963129873
        max: 0.121367178857
        mean: 0.0416867695749
        median: 0.0426587350667
        min: 1.02174234351e-010
        var: 0.000374610157451
    spectral_kurtosis:
        dmean: 1.05213713646
        dmean2: 1.84620773792
        dvar: 1.20313179493
        dvar2: 3.79685759544
        max: 14.9851827621
        mean: 3.0283510685
        median: 2.81997799873
        min: -1.1966561079
        var: 2.27384829521
    spectral_rms:
        dmean: 0.000314811826684
        dmean2: 0.000535395753104
        dvar: 1.61310836688e-007
        dvar2: 4.32066713074e-007
        max: 0.00484458915889
        mean: 0.00201452756301
        median: 0.00210003717802
        min: 3.19138704179e-012
        var: 5.58529791306e-007
    spectral_rolloff:
        dmean: 293.862304688
        dmean2: 488.531188965
        dvar: 168882.484375
        dvar2: 354876.125
        max: 18174.0234375
        mean: 3783.72631836
        median: 3854.44335938
        min: 172.265625
        var: 311315.40625
    spectral_skewness:
        dmean: 0.159479796886
        dmean2: 0.267749279737
        dvar: 0.0209814496338
        dvar2: 0.0584120973945
        max: 2.67219829559
        mean: 0.98687261343
        median: 0.982175052166
        min: -0.0292868111283
        var: 0.104459375143
    spectral_spread:
        dmean: 343662.1875
        dmean2: 538739.25
        dvar: 204740050944
        dvar2: 343832461312
        max: 40071716
        mean: 4056980
        median: 4054451.25
        min: 1991884.625
        var: 922784694272
    spectral_strongpeak:
        dmean: 0.484542518854
        dmean2: 0.865622103214
        dvar: 0.592943370342
        dvar2: 1.59978473186
        max: 8.62509918213
        mean: 0.584069371223
        median: 0.220195531845
        min: 0
        var: 0.899328768253
    zerocrossingrate:
        dmean: 0.00820692162961
        dmean2: 0.0101524703205
        dvar: 6.72163587296e-005
        dvar2: 8.14498998807e-005
        max: 0.48681640625
        mean: 0.114917658269
        median: 0.11572265625
        min: 0.01806640625
        var: 0.000445853802375
    barkbands:
        dmean: [7.52008759264e-007, 7.96857129899e-005, 0.000142521952512, 0.000255600753007, 0.000604682951234, 0.000154019362526, 0.000142016957398, 0.000111543828098, 8.89255315997e-005, 6.95466223988e-005, 5.4172011005e-005, 4.30232576036e-005, 4.40254116256e-005, 4.13358357036e-005, 3.65651576431e-005, 0.000108971740701, 0.000120826975035, 0.000135896945721, 0.000281367189018, 0.000273001292953, 0.000119585980428, 4.51505220553e-005, 4.18437912231e-006, 1.28929116272e-006, 7.71795612309e-007, 2.80636935912e-008, 4.11829625957e-010]
        dmean2: [1.308083597e-006, 0.0001392851118, 0.000239342887653, 0.000423148361733, 0.00105876114685, 0.000264095084276, 0.000244371913141, 0.000188318212167, 0.000145604950376, 0.000115608279884, 8.99596998352e-005, 7.14496345608e-005, 7.24832207197e-005, 6.71788438922e-005, 6.07028596278e-005, 0.000181082388735, 0.000202499431907, 0.000232409569435, 0.00047795032151, 0.000470030819997, 0.000203552714083, 8.15543753561e-005, 7.3589872045e-006, 2.18839090849e-006, 1.3051840142e-006, 4.40482388342e-008, 6.81126877122e-010]
        dvar: [1.88461420948e-012, 1.76746155489e-008, 6.44615241185e-008, 2.13242145719e-007, 1.90933565136e-006, 7.81580382636e-008, 9.5224500285e-008, 5.86952708659e-008, 2.8416087261e-008, 2.17923012968e-008, 1.56719117683e-008, 7.45735562191e-009, 8.22988788229e-009, 7.76027953009e-009, 3.13672088303e-009, 1.68103326814e-008, 2.10505106679e-008, 2.62310919652e-008, 1.06019854229e-007, 1.13636829724e-007, 2.11717470222e-008, 4.5213126576e-009, 3.78544591506e-011, 5.4887509468e-012, 2.51137890865e-012, 6.06073291936e-015, 5.04038577151e-019]
        dvar2: [4.82859282072e-012, 4.81876902825e-008, 1.67025376641e-007, 5.09408891958e-007, 5.30062789039e-006, 2.21477947093e-007, 2.61987423755e-007, 1.57016387448e-007, 7.71740005234e-008, 6.00239289383e-008, 4.24817514499e-008, 2.05424690591e-008, 2.06440855521e-008, 1.94358769079e-008, 7.88858134371e-009, 4.5194752829e-008, 5.76078207359e-008, 7.16528063549e-008, 2.94414689961e-007, 3.16016269153e-007, 5.86121018387e-008, 1.25586741007e-008, 1.02421321424e-010, 1.26948417056e-011, 5.83885413977e-012, 1.30866336241e-014, 1.23393985454e-018]
        max: [9.20096317714e-006, 0.00114627939183, 0.00441542640328, 0.00786885619164, 0.0124027822167, 0.00813590362668, 0.00560247106478, 0.00345815555193, 0.00345488847233, 0.00323494384065, 0.00205587386154, 0.00167945143767, 0.0013146585552, 0.00249083898962, 0.00111275934614, 0.00229212921113, 0.002090358641, 0.00251081236638, 0.0040217936039, 0.00574277853593, 0.00264017260633, 0.00059494539164, 7.06015853211e-005, 4.8201160098e-005, 2.94441379083e-005, 2.92641425403e-006, 1.72025380607e-008]
        mean: [5.99285499447e-007, 9.12976902328e-005, 0.000199303758563, 0.000319049810059, 0.000608992180787, 0.000215558247874, 0.000175251974724, 0.000144615885802, 0.000152955355588, 0.000118250776723, 9.12960458663e-005, 7.41400144761e-005, 7.303901657e-005, 7.11164684617e-005, 6.6739943577e-005, 0.000227723416174, 0.000256697443547, 0.00026083222474, 0.000620999373496, 0.000584355264436, 0.000301585154375, 6.73024333082e-005, 7.0278028943e-006, 2.26680435844e-006, 1.22690971693e-006, 5.18661451565e-008, 6.80989209467e-010]
        median: [6.21187439265e-008, 5.03639821545e-005, 0.000118605261378, 0.000139632698847, 0.000244844093686, 0.000122097553685, 6.56607007841e-005, 4.67790669063e-005, 7.2094873758e-005, 3.85002167604e-005, 2.79215055343e-005, 3.31645678671e-005, 2.57625706581e-005, 3.76849202439e-005, 4.66872115794e-005, 0.000186815756024, 0.000214592320845, 0.000217877488467, 0.000554556841962, 0.000501358765177, 0.000273928046227, 4.85754317197e-005, 4.84238580611e-006, 1.4444729004e-006, 6.95822450325e-007, 2.36275852217e-008, 3.96786020707e-010]
        min: [2.27923116155e-024, 4.57786427818e-023, 4.92392540884e-024, 2.23404114627e-023, 4.41879804971e-023, 1.69111835676e-023, 6.0181712521e-023, 3.38505231586e-023, 1.0146051915e-022, 3.00033936742e-023, 4.97463890986e-023, 1.16286869563e-022, 1.27903584766e-022, 1.4970388841e-022, 1.45525740268e-022, 1.30677409035e-022, 1.619070365e-022, 1.87863841943e-022, 2.63894445315e-022, 5.00141045084e-022, 3.51046737894e-022, 4.7108420561e-022, 6.13723838304e-022, 8.40562823706e-022, 1.14035884631e-021, 1.86484476367e-021, 2.24205487497e-021]
        var: [1.55427211899e-012, 1.57679966861e-008, 9.51642036284e-008, 3.14330577567e-007, 1.40882559663e-006, 9.19534457466e-008, 1.12786104012e-007, 7.94446535224e-008, 5.40469109467e-008, 4.83459849931e-008, 3.32071437015e-008, 1.50221701745e-008, 1.63322670943e-008, 1.28821806555e-008, 5.90011595136e-009, 3.53434366218e-008, 4.38345928444e-008, 4.2203659234e-008, 2.1026104946e-007, 2.14384201058e-007, 4.99547745392e-008, 4.44569314695e-009, 5.73803782267e-011, 1.02244653716e-011, 4.54022713522e-012, 1.25707524427e-014, 9.28134904388e-019]
    frequency_bands:
        dmean: [7.52008759264e-007, 7.96857129899e-005, 0.000142521952512, 0.000255600753007, 0.000604682951234, 0.000154019362526, 0.000142016957398, 0.000111543828098, 8.89255315997e-005, 6.95466223988e-005, 5.4172011005e-005, 4.30232576036e-005, 4.40254116256e-005, 4.13358357036e-005, 3.65651576431e-005, 0.000108971740701, 0.000120826975035, 0.000135896945721, 0.000281367189018, 0.000273001292953, 0.000119585980428, 4.51505220553e-005, 4.18437912231e-006, 1.28929116272e-006, 7.71795612309e-007, 2.80636935912e-008, 4.11829625957e-010, 5.78622150194e-011]
        dmean2: [1.308083597e-006, 0.0001392851118, 0.000239342887653, 0.000423148361733, 0.00105876114685, 0.000264095084276, 0.000244371913141, 0.000188318212167, 0.000145604950376, 0.000115608279884, 8.99596998352e-005, 7.14496345608e-005, 7.24832207197e-005, 6.71788438922e-005, 6.07028596278e-005, 0.000181082388735, 0.000202499431907, 0.000232409569435, 0.00047795032151, 0.000470030819997, 0.000203552714083, 8.15543753561e-005, 7.3589872045e-006, 2.18839090849e-006, 1.3051840142e-006, 4.40482388342e-008, 6.81126877122e-010, 1.0803659356e-010]
        dvar: [1.88461420948e-012, 1.76746155489e-008, 6.44615241185e-008, 2.13242145719e-007, 1.90933565136e-006, 7.81580382636e-008, 9.5224500285e-008, 5.86952708659e-008, 2.8416087261e-008, 2.17923012968e-008, 1.56719117683e-008, 7.45735562191e-009, 8.22988788229e-009, 7.76027953009e-009, 3.13672088303e-009, 1.68103326814e-008, 2.10505106679e-008, 2.62310919652e-008, 1.06019854229e-007, 1.13636829724e-007, 2.11717470222e-008, 4.5213126576e-009, 3.78544591506e-011, 5.4887509468e-012, 2.51137890865e-012, 6.06073291936e-015, 5.04038577151e-019, 8.29287822852e-021]
        dvar2: [4.82859282072e-012, 4.81876902825e-008, 1.67025376641e-007, 5.09408891958e-007, 5.30062789039e-006, 2.21477947093e-007, 2.61987423755e-007, 1.57016387448e-007, 7.71740005234e-008, 6.00239289383e-008, 4.24817514499e-008, 2.05424690591e-008, 2.06440855521e-008, 1.94358769079e-008, 7.88858134371e-009, 4.5194752829e-008, 5.76078207359e-008, 7.16528063549e-008, 2.94414689961e-007, 3.16016269153e-007, 5.86121018387e-008, 1.25586741007e-008, 1.02421321424e-010, 1.26948417056e-011, 5.83885413977e-012, 1.30866336241e-014, 1.23393985454e-018, 2.68011106735e-020]
        max: [9.20096317714e-006, 0.00114627939183, 0.00441542640328, 0.00786885619164, 0.0124027822167, 0.00813590362668, 0.00560247106478, 0.00345815555193, 0.00345488847233, 0.00323494384065, 0.00205587386154, 0.00167945143767, 0.0013146585552, 0.00249083898962, 0.00111275934614, 0.00229212921113, 0.002090358641, 0.00251081236638, 0.0040217936039, 0.00574277853593, 0.00264017260633, 0.00059494539164, 7.06015853211e-005, 4.8201160098e-005, 2.94441379083e-005, 2.92641425403e-006, 1.72025380607e-008, 1.51235923784e-009]
        mean: [5.99285499447e-007, 9.12976902328e-005, 0.000199303758563, 0.000319049810059, 0.000608992180787, 0.000215558247874, 0.000175251974724, 0.000144615885802, 0.000152955355588, 0.000118250776723, 9.12960458663e-005, 7.41400144761e-005, 7.303901657e-005, 7.11164684617e-005, 6.6739943577e-005, 0.000227723416174, 0.000256697443547, 0.00026083222474, 0.000620999373496, 0.000584355264436, 0.000301585154375, 6.73024333082e-005, 7.0278028943e-006, 2.26680435844e-006, 1.22690971693e-006, 5.18661451565e-008, 6.80989209467e-010, 4.5443517005e-011]
        median: [6.21187439265e-008, 5.03639821545e-005, 0.000118605261378, 0.000139632698847, 0.000244844093686, 0.000122097553685, 6.56607007841e-005, 4.67790669063e-005, 7.2094873758e-005, 3.85002167604e-005, 2.79215055343e-005, 3.31645678671e-005, 2.57625706581e-005, 3.76849202439e-005, 4.66872115794e-005, 0.000186815756024, 0.000214592320845, 0.000217877488467, 0.000554556841962, 0.000501358765177, 0.000273928046227, 4.85754317197e-005, 4.84238580611e-006, 1.4444729004e-006, 6.95822450325e-007, 2.36275852217e-008, 3.96786020707e-010, 1.63953555593e-011]
        min: [2.27923116155e-024, 4.57786427818e-023, 4.92392540884e-024, 2.23404114627e-023, 4.41879804971e-023, 1.69111835676e-023, 6.0181712521e-023, 3.38505231586e-023, 1.0146051915e-022, 3.00033936742e-023, 4.97463890986e-023, 1.16286869563e-022, 1.27903584766e-022, 1.4970388841e-022, 1.45525740268e-022, 1.30677409035e-022, 1.619070365e-022, 1.87863841943e-022, 2.63894445315e-022, 5.00141045084e-022, 3.51046737894e-022, 4.7108420561e-022, 6.13723838304e-022, 8.40562823706e-022, 1.14035884631e-021, 1.86484476367e-021, 2.24205487497e-021, 7.2032875923e-022]
        var: [1.55427211899e-012, 1.57679966861e-008, 9.51642036284e-008, 3.14330577567e-007, 1.40882559663e-006, 9.19534457466e-008, 1.12786104012e-007, 7.94446535224e-008, 5.40469109467e-008, 4.83459849931e-008, 3.32071437015e-008, 1.50221701745e-008, 1.63322670943e-008, 1.28821806555e-008, 5.90011595136e-009, 3.53434366218e-008, 4.38345928444e-008, 4.2203659234e-008, 2.1026104946e-007, 2.14384201058e-007, 4.99547745392e-008, 4.44569314695e-009, 5.73803782267e-011, 1.02244653716e-011, 4.54022713522e-012, 1.25707524427e-014, 9.28134904388e-019, 6.16898537704e-021]
    mfcc:
        mean: [-712.905761719, 97.4844512939, -53.7622413635, 70.94581604, -20.6596870422, -5.54612588882, 1.12720155716, -8.05873584747, 3.53319811821, -7.63681030273, -7.21109962463, -5.50910663605, -3.96233057976]
        cov: [[6820.53515625, 644.043701172, -71.1975021362, 701.071105957, -188.815139771, 235.440994263, 80.8936157227, 185.013076782, -10.8523130417, 113.126678467, 13.9045314789, -82.5001831055, 64.1773071289], [644.043701172, 568.653686523, -240.803939819, 164.182601929, -82.2684707642, -41.4503555298, 17.4509429932, -68.1078338623, 31.1181812286, -34.7007331848, -17.8371143341, -27.5198860168, -42.7368469238], [-71.1975021362, -240.803939819, 416.839874268, -53.7068405151, 112.639152527, 58.8767700195, -20.2444725037, 95.0126724243, -29.7203350067, 49.3412322998, 11.2958698273, 25.1231880188, 38.80809021], [701.071105957, 164.182601929, -53.7068405151, 367.826477051, 28.1316623688, 53.5164985657, 10.4368257523, -16.1971130371, 23.9575233459, 9.65262889862, -3.72020196915, -49.921131134, -0.470676273108], [-188.815139771, -82.2684707642, 112.639152527, 28.1316623688, 138.98588562, 66.369682312, 13.9201688766, 1.60823202133, -13.644947052, 18.1493339539, 16.2636394501, 11.9913311005, 11.3558168411], [235.440994263, -41.4503555298, 58.8767700195, 53.5164985657, 66.369682312, 133.966415405, 50.2485847473, 48.0540313721, -9.56618022919, 28.472120285, 22.7544555664, 8.78207874298, 22.0503997803], [80.8936157227, 17.4509429932, -20.2444725037, 10.4368257523, 13.9201688766, 50.2485847473, 113.357261658, 63.692565918, 32.9548797607, 4.78267240524, 9.87963199615, 11.872262001, 14.2271738052], [185.013076782, -68.1078338623, 95.0126724243, -16.1971130371, 1.60823202133, 48.0540313721, 63.692565918, 151.766296387, 52.912940979, 39.2896575928, 9.43433666229, 23.104883194, 36.4718818665], [-10.8523130417, 31.1181812286, -29.7203350067, 23.9575233459, -13.644947052, -9.56618022919, 32.9548797607, 52.912940979, 92.1029129028, 34.1767158508, 11.0003614426, 9.53149700165, 12.8959445953], [113.126678467, -34.7007331848, 49.3412322998, 9.65262889862, 18.1493339539, 28.472120285, 4.78267240524, 39.2896575928, 34.1767158508, 76.1527404785, 38.53358078, 17.4072723389, 17.8748397827], [13.9045314789, -17.8371143341, 11.2958698273, -3.72020196915, 16.2636394501, 22.7544555664, 9.87963199615, 9.43433666229, 11.0003614426, 38.53358078, 64.9181060791, 33.9980583191, 16.3702068329], [-82.5001831055, -27.5198860168, 25.1231880188, -49.921131134, 11.9913311005, 8.78207874298, 11.872262001, 23.104883194, 9.53149700165, 17.4072723389, 33.9980583191, 66.7090148926, 34.7689094543], [64.1773071289, -42.7368469238, 38.80809021, -0.470676273108, 11.3558168411, 22.0503997803, 14.2271738052, 36.4718818665, 12.8959445953, 17.8748397827, 16.3702068329, 34.7689094543, 60.1612510681]]
        icov: [[0.000276686361758, -0.000284191657556, -5.86352689425e-005, -0.000448322010925, 0.000665354309604, -0.000326900888467, 6.84999940859e-006, -0.00045950274216, 0.000794086721726, -0.000610574847087, 8.50933938636e-005, 0.000145196114318, -0.000287422270048], [-0.000284191657556, 0.00325460941531, 0.000780942442361, -0.00101907795761, 0.000655459181871, 0.000429257808719, -0.000907006324269, 0.00150475546252, -0.00147287454456, 0.000748786318582, 0.000714161782525, -0.00212085992098, 0.00224923575297], [-5.86352689425e-005, 0.000780942442361, 0.00609295675531, 0.0002523981384, -0.00504956068471, 0.00185304298066, 0.0029398528859, -0.00590632995591, 0.0042965724133, -0.00248709344305, 0.00102215388324, 0.000233491213294, -0.00074685132131], [-0.000448322010925, -0.00101907795761, 0.0002523981384, 0.00536974472925, -0.00239776493981, -0.00167097093072, 0.001140522887, 0.00127478223294, -0.00321597838774, 0.00144010747317, -0.00143163721077, 0.00516367144883, -0.00267716124654], [0.000665354309604, 0.000655459181871, -0.00504956068471, -0.00239776493981, 0.0169256553054, -0.00762039143592, -0.00317797577009, 0.00695388764143, -0.00193960266188, -0.00086975377053, 0.000954974035267, -0.00347159337252, 0.00154912413564], [-0.000326900888467, 0.000429257808719, 0.00185304298066, -0.00167097093072, -0.00762039143592, 0.0181025210768, -0.00542421871796, -0.00563332624733, 0.0089443968609, -0.00493005197495, -0.0020662995521, 0.00183321768418, -0.00200317241251], [6.84999940859e-006, -0.000907006324269, 0.0029398528859, 0.001140522887, -0.00317797577009, -0.00542421871796, 0.0177766866982, -0.00810860935599, -0.00391708407551, 0.00654246238992, -0.00314524257556, 0.000714240595698, 9.95224763756e-005], [-0.00045950274216, 0.00150475546252, -0.00590632995591, 0.00127478223294, 0.00695388764143, -0.00563332624733, -0.00810860935599, 0.0216799471527, -0.0114224590361, -0.00128272885922, 0.00450902897865, -0.00265421066433, -0.0019577734638], [0.000794086721726, -0.00147287454456, 0.0042965724133, -0.00321597838774, -0.00193960266188, 0.0089443968609, -0.00391708407551, -0.0114224590361, 0.0274881348014, -0.0139903249219, 0.00240021920763, -0.000301451917039, -0.00196570949629], [-0.000610574847087, 0.000748786318582, -0.00248709344305, 0.00144010747317, -0.00086975377053, -0.00493005197495, 0.00654246238992, -0.00128272885922, -0.0139903249219, 0.0319424495101, -0.0165780596435, 0.00388315855525, -0.000224438670557], [8.50933938636e-005, 0.000714161782525, 0.00102215388324, -0.00143163721077, 0.000954974035267, -0.0020662995521, -0.00314524257556, 0.00450902897865, 0.00240021920763, -0.0165780596435, 0.032836638391, -0.0164337418973, 0.00330693577416], [0.000145196114318, -0.00212085992098, 0.000233491213294, 0.00516367144883, -0.00347159337252, 0.00183321768418, 0.000714240595698, -0.00265421066433, -0.000301451917039, 0.00388315855525, -0.0164337418973, 0.0358765609562, -0.0176996737719], [-0.000287422270048, 0.00224923575297, -0.00074685132131, -0.00267716124654, 0.00154912413564, -0.00200317241251, 9.95224763756e-005, -0.0019577734638, -0.00196570949629, -0.000224438670557, 0.00330693577416, -0.0176996737719, 0.0304097160697]]
    sccoeffs:
        dmean: [0.060651384294, 0.0467590466142, 0.0358351618052, 0.0285922568291, 0.0187786240131, 0.0181464720517]
        dmean2: [0.100138902664, 0.0784331336617, 0.0594731196761, 0.0472265966237, 0.0314119942486, 0.0299066528678]
        dvar: [0.00252547278069, 0.00143261719495, 0.000805187388323, 0.000498641515151, 0.000220798130613, 0.000263855035882]
        dvar2: [0.00655324105173, 0.00399443833157, 0.00221247295849, 0.00132872187532, 0.000606191169936, 0.000661179015879]
        max: [-0.302305281162, -0.489304423332, -0.507458567619, -0.566874265671, -0.64827722311, -0.539590895176]
        mean: [-0.64472001791, -0.761328399181, -0.794444859028, -0.78961545229, -0.794145286083, -0.692484796047]
        median: [-0.6571803689, -0.768706023693, -0.801330149174, -0.793349266052, -0.798441410065, -0.698374152184]
        min: [-0.971535801888, -0.947530090809, -0.970397531986, -0.971752464771, -0.963951289654, -0.962575912476]
        var: [0.00782903190702, 0.00416129548103, 0.00259461603127, 0.0015700890217, 0.000875078840181, 0.00233165710233]
    scvalleys:
        dmean: [0.446969926357, 0.37721440196, 0.301477819681, 0.25335419178, 0.213594436646, 0.295805990696]
        dmean2: [0.748532414436, 0.628759562969, 0.482228726149, 0.404503673315, 0.339924424887, 0.481914907694]
        dvar: [0.135905876756, 0.118362314999, 0.0750296488404, 0.056951072067, 0.0481333620846, 0.139125362039]
        dvar2: [0.341977626085, 0.288747310638, 0.161035612226, 0.119440220296, 0.0979183465242, 0.329480916262]
        max: [-4.8113861084, -4.54514455795, -5.1735959053, -5.76232433319, -5.54809474945, -8.07174777985]
        mean: [-7.11076307297, -6.72852754593, -7.16850852966, -7.3594288826, -6.79137992859, -10.1559705734]
        median: [-6.68023014069, -6.52468729019, -6.99294137955, -7.14442062378, -6.48571538925, -9.60817337036]
        min: [-27.1688404083, -27.5502605438, -27.098241806, -27.5108604431, -27.0988636017, -27.1399078369]
        var: [2.32689166069, 1.39172530174, 1.36904096603, 1.18823885918, 1.31909608841, 2.35354351997]

rhythm:
    beats_loudness:
        dmean: 0.00126918731257
        dmean2: 0.0022575201001
        dvar: 1.79137146006e-006
        dvar2: 5.13561053594e-006
        max: 0.0130915446207
        mean: 0.00478152139112
        median: 0.0051585752517
        min: 2.03078993621e-008
        var: 7.33921433493e-006
    bpm: 95.6459655762
    bpm_confidence: 0
    first_peak_bpm: 96
    first_peak_spread: 0.419463127851
    first_peak_weight: 0.373650103807
    onset_rate: 2.93195104599
    second_peak_bpm: 129
    second_peak_spread: 0.181818202138
    second_peak_weight: 0.136069118977
    beats_loudness_band_ratio:
        dmean: [0.100252628326, 0.0952149778605, 0.0726043507457, 0.0528592802584, 0.0676764249802, 0.0862180218101]
        dmean2: [0.174176573753, 0.162090852857, 0.125534266233, 0.0921407788992, 0.116737298667, 0.143298462033]
        dvar: [0.00856295228004, 0.00688043469563, 0.00587663194165, 0.00373768131249, 0.00371159077622, 0.00547643378377]
        dvar2: [0.0242801401764, 0.0185752287507, 0.016868961975, 0.0102554904297, 0.0102742454037, 0.015591558069]
        max: [0.774832546711, 0.584017693996, 0.475807100534, 0.526199221611, 0.606383144855, 0.720303058624]
        mean: [0.198660060763, 0.18055331707, 0.111973397434, 0.0822669565678, 0.21122340858, 0.308278977871]
        median: [0.198648333549, 0.166949808598, 0.0796021074057, 0.0545160882175, 0.19507458806, 0.301069378853]
        min: [0.000623789965175, 0.00369951780885, 0.0116685628891, 0.00795017834753, 0.0292329248041, 0.0559588819742]
        var: [0.0146992979571, 0.0122459204867, 0.00735955452546, 0.00521524623036, 0.00619232654572, 0.0121435578912]
    beats_position: [0.441179126501, 0.893968224525, 1.34675729275, 1.79954648018, 2.2523355484, 2.71673464775, 3.14630389214, 3.5758728981, 4.01705217361, 4.446621418, 4.78331041336, 5.11999988556, 5.45668935776, 5.79337835312, 6.13006782532, 6.45514726639, 6.78022670746, 7.10530614853, 7.4303855896, 7.75546455383, 8.08054447174, 8.40562343597, 8.73070240021, 9.05578231812, 9.38086128235, 9.70594120026, 10.0310201645, 10.3560991287, 10.6927890778, 11.0294780731, 11.3661680222, 11.7028570175, 12.051156044, 12.387845993, 12.7245349884, 13.0612239838, 13.3979139328, 13.7346029282, 14.0829019547, 14.4312019348, 14.7795009613, 15.1277999878, 15.4644899368, 15.7895689011, 16.114648819, 16.4513378143, 16.7764167786, 17.1014957428, 17.426574707, 17.7516555786, 18.0767345428, 18.4018135071, 18.7385025024, 19.0751914978, 19.4118824005, 19.7485713959, 20.0852603912, 20.4219493866, 20.758638382, 21.0953292847, 21.43201828, 21.7687072754, 22.1053962708, 22.4536952972, 22.8019943237, 23.1502952576, 23.4985942841, 23.8468933105, 24.1835823059, 24.5202713013, 24.8453502655, 25.1820411682, 25.5187301636, 25.8554191589, 26.2037181854, 26.5520172119, 27.0280265808, 27.4924259186, 27.9684352875, 28.4328346252, 28.9088420868, 29.3732414246, 29.8376407623, 30.3136501312, 30.7896595001, 31.265668869, 31.7648983002, 32.264125824, 32.7517471313, 33.239364624, 33.7153739929, 34.1797714233, 34.6441726685, 35.1085700989, 35.572971344, 36.0373687744, 36.5017662048, 36.96616745, 37.4305648804, 37.8949661255, 38.3593635559, 38.823764801, 39.2881622314, 39.7525634766, 40.216960907, 40.6813583374, 41.1457595825, 41.6101570129, 42.0745582581, 42.5389556885, 43.0033569336, 43.467754364, 43.9321517944, 44.3965530396, 44.86095047, 45.3253517151, 45.7781410217, 46.2425384521, 46.6953277588, 47.1597251892, 47.6241264343, 48.0885238647, 48.5529251099, 49.0173225403, 49.4817237854, 49.9461212158, 50.4105224609, 50.8749198914, 51.3393173218, 51.8037185669, 52.2681159973, 52.7325172424, 53.1969146729, 53.661315918, 54.1257133484, 54.5901107788, 55.0545120239, 55.5189094543, 55.9833106995, 56.4477081299, 56.912109375, 57.3765068054, 57.8409042358, 58.305305481, 58.7697029114, 59.2341041565, 59.6985015869, 60.162902832, 60.6273002625, 61.0916976929, 61.556098938, 62.0088882446, 62.6242179871, 63.2511558533, 63.8780937195, 64.5050354004, 65.1203613281, 65.7356872559, 66.3626327515, 66.9895706177, 67.6048965454, 68.2318344116, 68.8587722778, 69.485710144, 70.1010437012, 70.7279815674, 71.3549194336, 71.9818572998, 72.608795166, 73.2357330322, 73.8626708984, 74.489616394, 75.1165542603, 75.7434921265, 76.3704299927, 76.9857559204, 77.6010894775, 78.2280273438, 78.85496521, 79.4819030762, 80.1088409424, 80.7357788086, 81.3627166748, 81.9896621704, 82.6166000366, 83.2435379028, 83.870475769, 84.4974136353, 85.1243515015, 85.7745132446, 86.4246673584, 87.08644104, 87.7249908447, 88.3519287109, 88.9788665771, 89.5941925049, 90.2095184326, 90.8364639282, 91.451789856, 92.0671157837, 92.6940536499, 93.309387207, 93.9247131348, 94.5400466919, 95.1553726196, 95.7823104858, 96.3976364136, 97.0129699707, 97.6399078369, 98.2668457031, 98.8705673218, 99.4858932495, 100.101219177, 100.728164673, 101.355102539, 101.970428467, 102.585754395, 103.201087952, 103.816413879, 104.443351746, 105.058685303, 105.685623169, 106.300949097, 106.916282654, 107.531608582, 108.158546448, 108.773872375, 109.389205933, 110.016143799, 110.631469727, 111.246803284, 111.862129211, 112.477455139, 113.104400635, 113.74294281, 114.393104553, 115.066482544, 115.728248596, 116.378410339, 117.005348206, 117.632286072, 118.270835876, 118.909385681, 119.536323547, 120.163261414, 120.79019928, 121.428749084, 122.067298889, 122.694236755, 123.321174622, 123.948112488, 124.575057983, 125.213600159, 125.852149963, 126.47908783, 127.117637634, 127.756187439, 128.383132935, 129.010070801, 129.637008667, 130.263946533, 130.902496338, 131.541046143, 132.167984009, 132.794921875, 133.43347168, 134.072021484, 134.710571289, 135.372329712, 136.022491455, 136.684265137, 137.34602356, 137.996185303, 138.646347046, 139.308120728, 139.96987915, 140.631652832, 141.293426514, 141.943572998, 142.570526123, 143.209060669, 143.847610474, 144.47454834, 145.101501465, 145.728439331, 146.355377197, 146.982315063, 147.60925293, 148.236190796, 148.863128662, 149.490066528, 150.117004395, 150.743942261, 151.370880127, 151.997817993, 152.613143921, 153.228485107, 153.855422974, 154.48236084, 155.109298706, 155.736236572, 156.363174438, 156.990112305, 157.617050171, 158.243988037, 158.870925903, 159.49786377, 160.124801636, 160.751739502, 161.378677368, 161.994003296, 162.609344482, 163.236282349, 163.863220215, 164.490158081, 165.117095947, 165.744033813, 166.37097168, 166.997909546, 167.624847412, 168.24017334, 168.855514526, 169.482452393, 170.109390259, 170.736328125, 171.363265991, 171.990203857, 172.617141724, 173.24407959, 173.871017456, 174.486343384, 175.11328125, 175.728607178, 176.355545044, 176.982498169, 177.609436035, 178.236373901, 178.863311768, 179.490249634, 180.1171875, 180.744125366, 181.359451294, 181.98638916, 182.613327026, 183.240264893, 183.85559082, 184.482528687, 185.121078491, 185.759628296, 186.398178101, 187.036727905, 187.67527771, 188.313827515, 188.963989258, 189.614151001, 190.264297485, 190.914459229, 191.564620972, 192.203170776, 192.841720581, 193.491882324, 194.142044067, 194.780578613, 195.419128418, 196.057678223, 196.696228027, 197.334777832, 197.973327637, 198.611877441, 199.250427246, 199.888977051, 200.527526855, 201.247344971, 201.978775024, 202.628936768, 203.267486572, 203.894424438, 204.521362305, 205.136688232, 205.75201416, 206.378952026, 207.005889893, 207.632827759, 208.259765625, 208.886703491, 209.513641357, 210.140579224, 210.76751709, 211.394470215, 212.021408081, 212.636734009, 213.252059937, 213.878997803, 214.505935669, 215.132873535, 215.759811401, 216.386749268, 217.013687134, 217.640625, 218.267562866, 218.882904053, 219.49822998, 220.125167847, 220.752105713, 221.379043579, 222.005981445, 222.632919312, 223.259857178, 223.886795044, 224.51373291, 225.140670776, 225.767608643, 226.394546509, 227.009887695, 227.636825562, 228.263763428, 228.879089355, 229.506027222, 230.132965088, 230.759902954, 231.38684082, 232.013778687, 232.629104614, 233.244445801, 233.882995605, 234.509933472, 235.125259399, 235.752197266, 236.379135132, 237.006072998, 237.633010864, 238.25994873, 238.886886597, 239.513824463, 240.140762329, 240.767700195, 241.383041382, 242.009979248, 242.625305176, 243.252243042, 243.879180908, 244.506118774, 245.133056641, 245.771606445, 246.433380127, 247.083526611, 247.745300293, 248.383850098, 249.010787964, 249.626113892, 250.241439819, 250.856781006, 251.483718872, 252.0990448, 252.714370728, 253.329696655, 253.956634521, 254.571975708, 255.187301636, 255.814239502, 256.452789307, 257.091339111, 257.741485596, 258.391662598]
