
metadata:
    version:
        essentia: "2.1-beta2"
    audio_properties:
        analysis_sample_rate: 44100
        bitrate: 256
        channels: 2
        equal_loudness: 1
        length: 232.045715332
        replay_gain: -15.0226306915
        downmix: "mix"
    tags:
        album: "Indestructible"
        artist: "Disturbed"
        comment: ""
        date: "2008"
        genre: "Rock"
        title: "Inside The Fire"
        tracknumber: "2"

configuration:
    average_loudness:
        compute: 1
        frameSize: 88200
        hopSize: 44100
        silentFrames: "noise"
        windowType: "hann"
    general:
        analysisSampleRate: 44100
        endTime: 2000
        equalLoudness: 1
        nequalLoudness: 0
        shortSound: 0
        startTime: 0
    lowlevel:
        compute: 1
        frameSize: 2048
        hopSize: 1024
        zeroPadding: 0
        silentFrames: "noise"
        windowType: "blackmanharris62"
        mfccStats: ["mean", "cov", "icov"]
        stats: ["mean", "var", "median", "min", "max", "dmean", "dmean2", "dvar", "dvar2"]
    panning:
        compute: 0
        frameSize: 8192
        hopSize: 2048
        zeroPadding: 8192
        silentFrames: "noise"
        windowType: "hann"
        stats: ["copy"]
    rhythm:
        compute: 1
        maxTempo: 208
        minTempo: 40
        method: "degara"
        stats: ["mean", "var", "median", "min", "max", "dmean", "dmean2", "dvar", "dvar2"]
    segmentation:
        compute: 0
        cpw: 5
        inc1: 300
        inc2: 50
        minimumSegmentsLength: 10
        size1: 1000
        size2: 600
    sfx:
        compute: 1
        stats: ["mean", "var", "median", "min", "max", "dmean", "dmean2", "dvar", "dvar2"]
    svm:
        compute: 0
    tonal:
        compute: 1
        frameSize: 4096
        hopSize: 2048
        zeroPadding: 0
        silentFrames: "noise"
        windowType: "blackmanharris62"
        stats: ["mean", "var", "median", "min", "max", "dmean", "dmean2", "dvar", "dvar2"]

lowlevel:
    average_loudness: 0.944311976433
    barkbands_kurtosis:
        dmean: 0.842951476574
        dmean2: 1.35504877567
        dvar: 2.65508151054
        dvar2: 6.86925077438
        max: 111.909416199
        mean: 0.570783078671
        median: -1.09500312805
        min: -1.88522946835
        var: 64.3478775024
    barkbands_skewness:
        dmean: 0.435357838869
        dmean2: 0.697415709496
        dvar: 0.176192179322
        dvar2: 0.438463360071
        max: 8.18214416504
        mean: -0.318256407976
        median: -0.432368308306
        min: -4.07158899307
        var: 1.17006063461
    barkbands_spread:
        dmean: 6.75107622147
        dmean2: 10.838924408
        dvar: 46.0326919556
        dvar2: 115.182853699
        max: 82.2775268555
        mean: 36.4472236633
        median: 38.0293273926
        min: 0.55709195137
        var: 162.537780762
    dissonance:
        dmean: 0.00903755053878
        dmean2: 0.0151773765683
        dvar: 0.000115384260425
        dvar2: 0.000291109055979
        max: 0.500000059605
        mean: 0.482430964708
        median: 0.487466752529
        min: 0.200572028756
        var: 0.000486985809403
    hfc:
        dmean: 2.99862241745
        dmean2: 4.98727035522
        dvar: 14.4544143677
        dvar2: 38.499961853
        max: 88.2529525757
        mean: 11.3023843765
        median: 11.0443544388
        min: 1.11746396518e-016
        var: 39.6627311707
    pitch:
        dmean: 950.596252441
        dmean2: 1821.99365234
        dvar: 1957795
        dvar2: 4461944
        max: 4839.79101563
        mean: 2219.11547852
        median: 3454.71118164
        min: 48.7596855164
        var: 2822869
    pitch_instantaneous_confidence:
        dmean: 0.0763954371214
        dmean2: 0.123804070055
        dvar: 0.00435937661678
        dvar2: 0.0108022307977
        max: 0.948479950428
        mean: 0.379259556532
        median: 0.358897745609
        min: 0.0904742479324
        var: 0.0146943787113
    pitch_salience:
        dmean: 0.059512630105
        dmean2: 0.100536048412
        dvar: 0.00296493433416
        dvar2: 0.00831763353199
        max: 0.913575053215
        mean: 0.666707217693
        median: 0.686629235744
        min: 0.1851952672
        var: 0.0101400250569
    silence_rate_20dB:
        dmean: 0
        dmean2: 0
        dvar: 0
        dvar2: 0
        max: 1
        mean: 1
        median: 1
        min: 1
        var: 0
    silence_rate_30dB:
        dmean: 0
        dmean2: 0
        dvar: 0
        dvar2: 0
        max: 1
        mean: 1
        median: 1
        min: 1
        var: 0
    silence_rate_60dB:
        dmean: 0.0462277382612
        dmean2: 0.092464722693
        dvar: 0.0440898314118
        dvar2: 0.100121833384
        max: 1
        mean: 0.16358178854
        median: 0
        min: 0
        var: 0.136804014444
    spectral_centroid:
        dmean: 311.858581543
        dmean2: 505.316375732
        dvar: 109934.109375
        dvar2: 263418.59375
        max: 11658.9257813
        mean: 2074.90283203
        median: 2143.30371094
        min: 122.52923584
        var: 693150.4375
    spectral_complexity:
        dmean: 4.15809488297
        dmean2: 6.70909643173
        dvar: 16.9060630798
        dvar2: 39.4002571106
        max: 47
        mean: 20.4875431061
        median: 22
        min: 0
        var: 90.6719818115
    spectral_crest:
        dmean: 1.76638507843
        dmean2: 2.97280311584
        dvar: 2.82938623428
        dvar2: 7.7479429245
        max: 23.3355712891
        mean: 6.49267244339
        median: 5.82039880753
        min: 2.57956790924
        var: 6.35192012787
    spectral_decrease:
        dmean: 3.47338213746e-010
        dmean2: 5.74240099915e-010
        dvar: 2.13258664897e-019
        dvar2: 5.50377752054e-019
        max: 1.76086619257e-028
        mean: -1.13050413475e-009
        median: -1.09698250483e-009
        min: -5.25307219945e-009
        var: 3.86869994347e-019
    spectral_energy:
        dmean: 0.00152452802286
        dmean2: 0.00251722708344
        dvar: 3.94649259761e-006
        dvar2: 1.01892655948e-005
        max: 0.0260131657124
        mean: 0.00529194064438
        median: 0.00518216798082
        min: 1.01403053473e-020
        var: 7.98978362582e-006
    spectral_energyband_high:
        dmean: 0.000288642098894
        dmean2: 0.000487867248012
        dvar: 1.43444424339e-007
        dvar2: 3.91398685906e-007
        max: 0.00543729029596
        mean: 0.00075143534923
        median: 0.000668928667437
        min: 7.22495655376e-021
        var: 2.7775749345e-007
    spectral_energyband_low:
        dmean: 0.000553831167053
        dmean2: 0.000977461226285
        dvar: 9.18006151096e-007
        dvar2: 2.49993581747e-006
        max: 0.00771816307679
        mean: 0.000635691685602
        median: 0.000363397295587
        min: 2.80616377996e-023
        var: 7.35290313969e-007
    spectral_energyband_middle_high:
        dmean: 0.000714294146746
        dmean2: 0.00117489683907
        dvar: 6.91782361173e-007
        dvar2: 1.80590461696e-006
        max: 0.0231446325779
        mean: 0.00269330153242
        median: 0.00265012984164
        min: 1.20894516496e-021
        var: 2.32434877034e-006
    spectral_energyband_middle_low:
        dmean: 0.000668820925057
        dmean2: 0.00109376490582
        dvar: 1.35704033255e-006
        dvar2: 3.53360314875e-006
        max: 0.0154858948663
        mean: 0.00137131125666
        median: 0.0010571925668
        min: 2.068187811e-022
        var: 1.72669012954e-006
    spectral_flatness_db:
        dmean: 0.0132530555129
        dmean2: 0.0209136810154
        dvar: 0.00016461694031
        dvar2: 0.000361334736226
        max: 0.574116170406
        mean: 0.15146060288
        median: 0.136236235499
        min: 0.0583385378122
        var: 0.00457731867209
    spectral_flux:
        dmean: 0.00857026781887
        dmean2: 0.0131839253008
        dvar: 9.40514437389e-005
        dvar2: 0.000185423821677
        max: 0.13737782836
        mean: 0.0443237833679
        median: 0.0445252023637
        min: 6.55064058552e-011
        var: 0.000332798896125
    spectral_kurtosis:
        dmean: 1.44082045555
        dmean2: 2.47288823128
        dvar: 14.1477117538
        dvar2: 41.6378097534
        max: 206.932418823
        mean: 5.63375473022
        median: 3.15574002266
        min: -1.25721848011
        var: 245.689712524
    spectral_rms:
        dmean: 0.000301374209812
        dmean2: 0.000485983560793
        dvar: 1.22701536043e-007
        dvar2: 3.06531148908e-007
        max: 0.00503772730008
        mean: 0.00215465761721
        median: 0.00224850466475
        min: 3.1453108347e-012
        var: 5.20282014804e-007
    spectral_rolloff:
        dmean: 284.335266113
        dmean2: 472.162750244
        dvar: 167482.8125
        dvar2: 381197.0625
        max: 19638.28125
        mean: 3696.99414063
        median: 3875.9765625
        min: 129.19921875
        var: 1600415.375
    spectral_skewness:
        dmean: 0.179508939385
        dmean2: 0.294091016054
        dvar: 0.0559547170997
        dvar2: 0.144784778357
        max: 12.1607589722
        mean: 1.30220556259
        median: 1.11414587498
        min: -0.0912673398852
        var: 1.29608559608
    spectral_spread:
        dmean: 435373.9375
        dmean2: 639019
        dvar: 443413233664
        dvar2: 806345768960
        max: 42377940
        mean: 4477759
        median: 4299277.5
        min: 447725.78125
        var: 5.57207466803e+012
    spectral_strongpeak:
        dmean: 0.582237303257
        dmean2: 1.01407182217
        dvar: 0.756490528584
        dvar2: 1.94369614124
        max: 12.8813648224
        mean: 0.712063372135
        median: 0.252285450697
        min: 2.0830374925e-010
        var: 1.09399342537
    zerocrossingrate:
        dmean: 0.00877718999982
        dmean2: 0.0112572945654
        dvar: 7.63606803957e-005
        dvar2: 0.000101393663499
        max: 0.5263671875
        mean: 0.113652385771
        median: 0.11767578125
        min: 0.00634765625
        var: 0.00136988877784
    barkbands:
        dmean: [3.80926394428e-007, 0.000151992993779, 0.000360793143045, 0.000154597000801, 0.000386340834666, 0.000176791043486, 9.96917806333e-005, 6.96719071129e-005, 6.79004951962e-005, 5.77625360165e-005, 4.31072221545e-005, 6.53348470223e-005, 5.42891066289e-005, 6.35058167973e-005, 6.03640874033e-005, 0.00013566033158, 0.000167042482644, 0.000206684024306, 0.000329679663992, 0.000248229160206, 0.000164908677107, 3.76388707082e-005, 6.23891946816e-006, 3.42634302797e-006, 1.65696735621e-006, 6.20910185489e-008, 1.19689169686e-009]
        dmean2: [6.37673167603e-007, 0.000263935304247, 0.000644006300718, 0.000263619673206, 0.000644005020149, 0.000286450929707, 0.00016347921337, 0.000113740250526, 0.000108033571451, 9.26220527617e-005, 7.03725600033e-005, 0.000103737074824, 8.7069660367e-005, 0.000103285732621, 9.89367617876e-005, 0.000225126350415, 0.000278583087493, 0.000341706996551, 0.000558588537388, 0.000415337912273, 0.000285426503979, 6.33282179479e-005, 9.98432005872e-006, 5.12298356625e-006, 2.5136550903e-006, 9.41051325754e-008, 1.94355376237e-009]
        dvar: [3.70550486996e-013, 7.06848055643e-008, 4.09600829698e-007, 7.53200168901e-008, 6.9094267019e-007, 1.07226107104e-007, 3.48621576052e-008, 2.05010692866e-008, 2.30571135518e-008, 1.7057693924e-008, 1.16069642786e-008, 1.5888772964e-008, 1.22806067537e-008, 1.36401414608e-008, 1.39743709937e-008, 3.31865059877e-008, 4.40588223682e-008, 7.54940785441e-008, 1.78406509121e-007, 9.08441109004e-008, 4.92490279669e-008, 3.21934923164e-009, 1.22661811264e-010, 1.25619958879e-010, 3.51412822452e-011, 2.82292872617e-014, 1.1756094352e-017]
        dvar2: [9.49989978176e-013, 1.92510938746e-007, 1.12512339001e-006, 2.04715249197e-007, 1.8228153067e-006, 2.61642441046e-007, 8.27578645612e-008, 5.06430630764e-008, 5.27191268418e-008, 3.88422769504e-008, 2.84707226683e-008, 3.71266395405e-008, 2.96313071857e-008, 3.53904532346e-008, 3.61417953343e-008, 8.61816289444e-008, 1.12865905066e-007, 1.94500415773e-007, 4.88629041229e-007, 2.45845399149e-007, 1.37713584536e-007, 8.31092528131e-009, 2.83183504424e-010, 2.58338850312e-010, 8.05448971408e-011, 6.43322404354e-014, 2.88716904161e-017]
        max: [5.83268320042e-006, 0.00186975765973, 0.00492094364017, 0.00614824332297, 0.0101907616481, 0.0059711271897, 0.00359801156446, 0.00295246718451, 0.00331546878442, 0.00409643584862, 0.00262150913477, 0.0030557862483, 0.00209856405854, 0.0025060644839, 0.00358694233, 0.00317222089507, 0.00401833234355, 0.00399405276403, 0.0130170052871, 0.00643101334572, 0.00327924406156, 0.000823125184979, 0.000241544112214, 0.000230816556723, 0.000184361473657, 4.70887061965e-006, 8.12179195009e-008]
        mean: [4.06548167575e-007, 0.000164913682966, 0.000351065042196, 0.000208692232263, 0.000513449544087, 0.000270667631412, 0.000144570352859, 9.28873123485e-005, 9.64432110777e-005, 9.13832700462e-005, 6.13311567577e-005, 0.000104566228401, 8.61801017891e-005, 0.000110744906124, 0.000104320446553, 0.000272125122137, 0.00034301681444, 0.000407824438298, 0.000789817946497, 0.000629184534773, 0.000357825949322, 6.98147341609e-005, 1.15138063848e-005, 6.1327059484e-006, 2.95148038276e-006, 1.18017545958e-007, 1.67851899047e-009]
        median: [1.68604032069e-007, 8.78056380316e-005, 0.000158726834343, 0.000131169246743, 0.000254104554188, 0.000148899227497, 7.50267354306e-005, 3.82172438549e-005, 3.96478499169e-005, 4.14574715251e-005, 2.54854203376e-005, 5.05796124344e-005, 4.09223903262e-005, 5.80475716561e-005, 6.20118444203e-005, 0.000217897526454, 0.000282225635601, 0.000335270306095, 0.000718404364306, 0.000571358075831, 0.000310041854391, 4.6380693675e-005, 5.92045262238e-006, 2.4777298222e-006, 1.26337101847e-006, 5.46028608994e-008, 4.53250798005e-010]
        min: [1.09047151853e-024, 8.33542933526e-024, 3.86651337452e-024, 1.77210975926e-024, 1.32629779822e-023, 1.2879338358e-023, 1.07548168222e-023, 1.8201984045e-023, 1.62456026892e-023, 1.06297161044e-023, 1.04342947478e-023, 2.29783727431e-023, 4.43393439721e-023, 4.53285723918e-023, 5.80574615645e-023, 5.55680311178e-023, 7.26727317318e-023, 1.2531080723e-022, 1.36979019273e-022, 1.77037678963e-022, 2.6954513802e-022, 3.27979031387e-022, 2.89094322942e-022, 6.68288375241e-022, 1.01506673193e-021, 1.27704125388e-021, 2.14294021989e-021]
        var: [3.67903082131e-013, 5.70039127012e-008, 3.1194906569e-007, 8.52830837061e-008, 7.11940970177e-007, 1.59532277166e-007, 5.71218947698e-008, 2.86544761252e-008, 4.25664623549e-008, 3.47503359421e-008, 1.82030071016e-008, 3.02750216008e-008, 2.17936122482e-008, 3.12638022137e-008, 2.28025189841e-008, 7.18476016459e-008, 8.8119747943e-008, 1.19738871263e-007, 3.44273246355e-007, 2.00987045673e-007, 7.44313410905e-008, 5.27486632151e-009, 2.55804238902e-010, 2.3823074069e-010, 4.94734357648e-011, 4.7436179469e-014, 1.52643178767e-017]
    frequency_bands:
        dmean: [3.80926394428e-007, 0.000151992993779, 0.000360793143045, 0.000154597000801, 0.000386340834666, 0.000176791043486, 9.96917806333e-005, 6.96719071129e-005, 6.79004951962e-005, 5.77625360165e-005, 4.31072221545e-005, 6.53348470223e-005, 5.42891066289e-005, 6.35058167973e-005, 6.03640874033e-005, 0.00013566033158, 0.000167042482644, 0.000206684024306, 0.000329679663992, 0.000248229160206, 0.000164908677107, 3.76388707082e-005, 6.23891946816e-006, 3.42634302797e-006, 1.65696735621e-006, 6.20910185489e-008, 1.19689169686e-009, 6.00131541684e-011]
        dmean2: [6.37673167603e-007, 0.000263935304247, 0.000644006300718, 0.000263619673206, 0.000644005020149, 0.000286450929707, 0.00016347921337, 0.000113740250526, 0.000108033571451, 9.26220527617e-005, 7.03725600033e-005, 0.000103737074824, 8.7069660367e-005, 0.000103285732621, 9.89367617876e-005, 0.000225126350415, 0.000278583087493, 0.000341706996551, 0.000558588537388, 0.000415337912273, 0.000285426503979, 6.33282179479e-005, 9.98432005872e-006, 5.12298356625e-006, 2.5136550903e-006, 9.41051325754e-008, 1.94355376237e-009, 1.11780328049e-010]
        dvar: [3.70550486996e-013, 7.06848055643e-008, 4.09600829698e-007, 7.53200168901e-008, 6.9094267019e-007, 1.07226107104e-007, 3.48621576052e-008, 2.05010692866e-008, 2.30571135518e-008, 1.7057693924e-008, 1.16069642786e-008, 1.5888772964e-008, 1.22806067537e-008, 1.36401414608e-008, 1.39743709937e-008, 3.31865059877e-008, 4.40588223682e-008, 7.54940785441e-008, 1.78406509121e-007, 9.08441109004e-008, 4.92490279669e-008, 3.21934923164e-009, 1.22661811264e-010, 1.25619958879e-010, 3.51412822452e-011, 2.82292872617e-014, 1.1756094352e-017, 7.2312936943e-021]
        dvar2: [9.49989978176e-013, 1.92510938746e-007, 1.12512339001e-006, 2.04715249197e-007, 1.8228153067e-006, 2.61642441046e-007, 8.27578645612e-008, 5.06430630764e-008, 5.27191268418e-008, 3.88422769504e-008, 2.84707226683e-008, 3.71266395405e-008, 2.96313071857e-008, 3.53904532346e-008, 3.61417953343e-008, 8.61816289444e-008, 1.12865905066e-007, 1.94500415773e-007, 4.88629041229e-007, 2.45845399149e-007, 1.37713584536e-007, 8.31092528131e-009, 2.83183504424e-010, 2.58338850312e-010, 8.05448971408e-011, 6.43322404354e-014, 2.88716904161e-017, 2.29502650358e-020]
        max: [5.83268320042e-006, 0.00186975765973, 0.00492094364017, 0.00614824332297, 0.0101907616481, 0.0059711271897, 0.00359801156446, 0.00295246718451, 0.00331546878442, 0.00409643584862, 0.00262150913477, 0.0030557862483, 0.00209856405854, 0.0025060644839, 0.00358694233, 0.00317222089507, 0.00401833234355, 0.00399405276403, 0.0130170052871, 0.00643101334572, 0.00327924406156, 0.000823125184979, 0.000241544112214, 0.000230816556723, 0.000184361473657, 4.70887061965e-006, 8.12179195009e-008, 1.06772179986e-009]
        mean: [4.06548167575e-007, 0.000164913682966, 0.000351065042196, 0.000208692232263, 0.000513449544087, 0.000270667631412, 0.000144570352859, 9.28873123485e-005, 9.64432110777e-005, 9.13832700462e-005, 6.13311567577e-005, 0.000104566228401, 8.61801017891e-005, 0.000110744906124, 0.000104320446553, 0.000272125122137, 0.00034301681444, 0.000407824438298, 0.000789817946497, 0.000629184534773, 0.000357825949322, 6.98147341609e-005, 1.15138063848e-005, 6.1327059484e-006, 2.95148038276e-006, 1.18017545958e-007, 1.67851899047e-009, 4.63021981867e-011]
        median: [1.68604032069e-007, 8.78056380316e-005, 0.000158726834343, 0.000131169246743, 0.000254104554188, 0.000148899227497, 7.50267354306e-005, 3.82172438549e-005, 3.96478499169e-005, 4.14574715251e-005, 2.54854203376e-005, 5.05796124344e-005, 4.09223903262e-005, 5.80475716561e-005, 6.20118444203e-005, 0.000217897526454, 0.000282225635601, 0.000335270306095, 0.000718404364306, 0.000571358075831, 0.000310041854391, 4.6380693675e-005, 5.92045262238e-006, 2.4777298222e-006, 1.26337101847e-006, 5.46028608994e-008, 4.53250798005e-010, 1.69881921031e-011]
        min: [1.09047151853e-024, 8.33542933526e-024, 3.86651337452e-024, 1.77210975926e-024, 1.32629779822e-023, 1.2879338358e-023, 1.07548168222e-023, 1.8201984045e-023, 1.62456026892e-023, 1.06297161044e-023, 1.04342947478e-023, 2.29783727431e-023, 4.43393439721e-023, 4.53285723918e-023, 5.80574615645e-023, 5.55680311178e-023, 7.26727317318e-023, 1.2531080723e-022, 1.36979019273e-022, 1.77037678963e-022, 2.6954513802e-022, 3.27979031387e-022, 2.89094322942e-022, 6.68288375241e-022, 1.01506673193e-021, 1.27704125388e-021, 2.14294021989e-021, 5.50826557313e-022]
        var: [3.67903082131e-013, 5.70039127012e-008, 3.1194906569e-007, 8.52830837061e-008, 7.11940970177e-007, 1.59532277166e-007, 5.71218947698e-008, 2.86544761252e-008, 4.25664623549e-008, 3.47503359421e-008, 1.82030071016e-008, 3.02750216008e-008, 2.17936122482e-008, 3.12638022137e-008, 2.28025189841e-008, 7.18476016459e-008, 8.8119747943e-008, 1.19738871263e-007, 3.44273246355e-007, 2.00987045673e-007, 7.44313410905e-008, 5.27486632151e-009, 2.55804238902e-010, 2.3823074069e-010, 4.94734357648e-011, 4.7436179469e-014, 1.52643178767e-017, 5.79617854847e-021]
    mfcc:
        mean: [-706.37512207, 90.9878463745, -48.2869224548, 69.290687561, -9.74876022339, -0.774444878101, 5.01405096054, -7.66178417206, -0.0581752918661, -6.51515579224, -4.58808135986, -1.3271394968, -3.04532647133]
        cov: [[8402.86035156, 43.2312736511, -1161.27111816, 723.313354492, -470.656341553, -93.2484130859, -110.603660583, -124.132064819, -55.2034111023, -170.861846924, -94.8886642456, -12.7947206497, 1.5465067625], [43.2312736511, 743.340026855, -51.7880210876, 101.103187561, 8.37612724304, 0.709878861904, 58.7142791748, -24.4506855011, -0.387039810419, -0.970064461231, 15.3669652939, 34.6090011597, 15.3468437195], [-1161.27111816, -51.7880210876, 869.819274902, -158.558410645, 282.682128906, 55.7467422485, -18.9731616974, 79.8814544678, -52.0968742371, 39.8375167847, -14.050994873, 15.2831029892, 0.716325283051], [723.313354492, 101.103187561, -158.558410645, 369.201873779, 29.1838531494, 8.78121757507, -16.863571167, -18.4588222504, 24.0551433563, -44.9714164734, -10.8633794785, -5.06503009796, 21.4416046143], [-470.656341553, 8.37612724304, 282.682128906, 29.1838531494, 242.658172607, 43.0103492737, -3.22527265549, 8.33800601959, -10.5615720749, 9.73290348053, -11.5630531311, 4.67981863022, 5.52414274216], [-93.2484130859, 0.709878861904, 55.7467422485, 8.78121757507, 43.0103492737, 105.078521729, 31.3698120117, 24.6834201813, -2.75653791428, 8.66482162476, 10.5424470901, 0.517385542393, -0.545296669006], [-110.603660583, 58.7142791748, -18.9731616974, -16.863571167, -3.22527265549, 31.3698120117, 95.8087997437, 43.6494102478, 15.5753564835, -2.5982811451, 5.52988433838, 4.87748241425, -0.709844827652], [-124.132064819, -24.4506855011, 79.8814544678, -18.4588222504, 8.33800601959, 24.6834201813, 43.6494102478, 120.600410461, 32.4056091309, 9.84210014343, -1.0622638464, -3.21113181114, 1.83098042011], [-55.2034111023, -0.387039810419, -52.0968742371, 24.0551433563, -10.5615720749, -2.75653791428, 15.5753564835, 32.4056091309, 85.0924987793, 32.2782173157, 12.7516927719, -9.22983837128, -3.05689144135], [-170.861846924, -0.970064461231, 39.8375167847, -44.9714164734, 9.73290348053, 8.66482162476, -2.5982811451, 9.84210014343, 32.2782173157, 92.5667190552, 43.4202919006, 13.2712373734, -9.8633146286], [-94.8886642456, 15.3669652939, -14.050994873, -10.8633794785, -11.5630531311, 10.5424470901, 5.52988433838, -1.0622638464, 12.7516927719, 43.4202919006, 71.2388534546, 28.7113933563, 5.35958194733], [-12.7947206497, 34.6090011597, 15.2831029892, -5.06503009796, 4.67981863022, 0.517385542393, 4.87748241425, -3.21113181114, -9.22983837128, 13.2712373734, 28.7113933563, 61.1254081726, 24.2253704071], [1.5465067625, 15.3468437195, 0.716325283051, 21.4416046143, 5.52414274216, -0.545296669006, -0.709844827652, 1.83098042011, -3.05689144135, -9.8633146286, 5.35958194733, 24.2253704071, 58.5720443726]]
        icov: [[0.000192299034097, 3.16625264531e-005, 0.000143490935443, -0.000388635555282, 0.000303939101286, -3.40324404533e-005, 0.00016511893773, -0.000112057241495, 0.000354080955731, -0.000154701585416, 0.000373834453057, -0.00024024778395, 0.000161249394296], [3.16625264531e-005, 0.00160718837287, -0.000118360461784, -0.000685906270519, 0.000162520504091, 0.000393198948586, -0.00159446429461, 0.00077151262667, 0.000245775212534, -0.000465943972813, 0.000208080396987, -0.000736213056371, -4.69468204756e-006], [0.000143490935443, -0.000118360461784, 0.00293401465751, 0.0009707728168, -0.00295623042621, -0.000152649154188, 0.00173734419513, -0.00256345234811, 0.0020746786613, -0.000813989143353, 0.000607394846156, -0.000441818207037, 0.000112911438919], [-0.000388635555282, -0.000685906270519, 0.0009707728168, 0.0049398271367, -0.00254235370085, -0.000921906903386, 0.0019329355564, -0.000300680985674, -0.00257325009443, 0.00305591197684, -0.00139250257052, 0.000536193838343, -0.00108024966903], [0.000303939101286, 0.000162520504091, -0.00295623042621, -0.00254235370085, 0.00888566114008, -0.00200940435752, -0.000914046773687, 0.00229531968944, -0.000553313933779, -0.00127657491248, 0.00249196449295, -0.000897424528375, -0.000124043450342], [-3.40324404533e-005, 0.000393198948586, -0.000152649154188, -0.000921906903386, -0.00200940435752, 0.0125785535201, -0.00447225756943, -0.00141746597365, 0.00283458433114, -0.00147028733045, -0.00261109392159, 0.00211544334888, -0.000201719376491], [0.00016511893773, -0.00159446429461, 0.00173734419513, 0.0019329355564, -0.000914046773687, -0.00447225756943, 0.0170822776854, -0.00609239423648, -0.00190525990911, 0.00366542115808, -0.00080250861356, -0.00227637286298, 0.00165936583653], [-0.000112057241495, 0.00077151262667, -0.00256345234811, -0.000300680985674, 0.00229531968944, -0.00141746597365, -0.00609239423648, 0.0138969346881, -0.00581584172323, 0.000261570268776, 0.00131044036243, 0.000147607192048, -0.00123614631593], [0.000354080955731, 0.000245775212534, 0.0020746786613, -0.00257325009443, -0.000553313933779, 0.00283458433114, -0.00190525990911, -0.00581584172323, 0.0204586014152, -0.00912186689675, 0.000132877947181, 0.00458987895399, -0.00129871303216], [-0.000154701585416, -0.000465943972813, -0.000813989143353, 0.00305591197684, -0.00127657491248, -0.00147028733045, 0.00366542115808, 0.000261570268776, -0.00912186689675, 0.0219182986766, -0.0113186109811, -0.00197577779181, 0.00422816257924], [0.000373834453057, 0.000208080396987, 0.000607394846156, -0.00139250257052, 0.00249196449295, -0.00261109392159, -0.00080250861356, 0.00131044036243, 0.000132877947181, -0.0113186109811, 0.0262609757483, -0.010221411474, 5.34188802703e-005], [-0.00024024778395, -0.000736213056371, -0.000441818207037, 0.000536193838343, -0.000897424528375, 0.00211544334888, -0.00227637286298, 0.000147607192048, 0.00458987895399, -0.00197577779181, -0.010221411474, 0.0271253120154, -0.0102963894606], [0.000161249394296, -4.69468204756e-006, 0.000112911438919, -0.00108024966903, -0.000124043450342, -0.000201719376491, 0.00165936583653, -0.00123614631593, -0.00129871303216, 0.00422816257924, 5.34188802703e-005, -0.0102963894606, 0.0224305260926]]
    sccoeffs:
        dmean: [0.0550385117531, 0.0487635247409, 0.0381842181087, 0.0304084215313, 0.0198298692703, 0.0197465438396]
        dmean2: [0.0917320400476, 0.0791723281145, 0.0617296174169, 0.04916664958, 0.0325574651361, 0.0308372285217]
        dvar: [0.00212637917139, 0.00164305069484, 0.00100466934964, 0.000610431772657, 0.000313943484798, 0.000333075236995]
        dvar2: [0.005993232131, 0.004271724727, 0.00248747412115, 0.00152402289677, 0.000729141465854, 0.000724374433048]
        max: [-0.368184685707, -0.469842910767, -0.460591107607, -0.51703029871, -0.500557482243, -0.477780491114]
        mean: [-0.663648188114, -0.749672532082, -0.796275436878, -0.790853202343, -0.802525699139, -0.719608366489]
        median: [-0.663676202297, -0.753568470478, -0.804620265961, -0.792946100235, -0.803435027599, -0.718062162399]
        min: [-0.979909718037, -0.974103987217, -0.978101909161, -0.973394751549, -0.966097056866, -0.964293241501]
        var: [0.00503067951649, 0.00456939870492, 0.00372301437892, 0.00250811269507, 0.00150806165766, 0.00299409893341]
    scvalleys:
        dmean: [0.42258182168, 0.388732910156, 0.322726219893, 0.26552593708, 0.215940088034, 0.278521835804]
        dmean2: [0.684762179852, 0.625724196434, 0.518222987652, 0.412319421768, 0.339480996132, 0.403639286757]
        dvar: [0.154224961996, 0.14985910058, 0.102657102048, 0.0795350819826, 0.0737894326448, 0.123286888003]
        dvar2: [0.361742049456, 0.353201568127, 0.220976829529, 0.151226297021, 0.141867741942, 0.239301815629]
        max: [-4.97489881516, -4.55692672729, -5.1567773819, -5.82307863235, -5.3976764679, -7.41089010239]
        mean: [-6.86753606796, -6.93165969849, -7.3272228241, -7.35393476486, -6.79212331772, -9.854139328]
        median: [-6.56217384338, -6.65339899063, -7.01649856567, -6.97581195831, -6.33128833771, -9.42560386658]
        min: [-28.674331665, -28.1893348694, -27.5229930878, -27.6880741119, -27.5119876862, -27.3580951691]
        var: [2.58805727959, 2.78739714622, 2.90081715584, 3.0944955349, 3.46698975563, 3.29865908623]

rhythm:
    beats_loudness:
        dmean: 0.0023894708138
        dmean2: 0.00444801896811
        dvar: 4.36217442257e-006
        dvar2: 1.43357465276e-005
        max: 0.0141892274842
        mean: 0.0067596687004
        median: 0.0070639103651
        min: 1.17234083552e-010
        var: 8.8517444965e-006
    bpm: 94.0611419678
    bpm_confidence: 0
    first_peak_bpm: 94
    first_peak_spread: 0.225806459785
    first_peak_weight: 0.721311450005
    onset_rate: 3.23212170601
    second_peak_bpm: 123
    second_peak_spread: 0.399999976158
    second_peak_weight: 0.024590164423
    beats_loudness_band_ratio:
        dmean: [0.0841186419129, 0.123826533556, 0.0525939278305, 0.0523218736053, 0.0830595120788, 0.0882046073675]
        dmean2: [0.147983431816, 0.234264910221, 0.0898323282599, 0.0883461385965, 0.149974733591, 0.155836284161]
        dvar: [0.00654690200463, 0.00821374356747, 0.00380785111338, 0.00348968128674, 0.00594490487128, 0.00515559501946]
        dvar2: [0.0184973031282, 0.0273870266974, 0.0105489231646, 0.00886758323759, 0.0192479640245, 0.0154693573713]
        max: [0.99488902092, 0.504018127918, 0.679865002632, 0.483725458384, 0.725307762623, 0.676747560501]
        mean: [0.207258030772, 0.168034926057, 0.0803155377507, 0.0737399458885, 0.223903432488, 0.314032167196]
        median: [0.159909620881, 0.158659890294, 0.0593416839838, 0.0482822731137, 0.212598636746, 0.327319562435]
        min: [2.46452855208e-005, 6.40323014522e-006, 0.0013775388943, 1.16677028927e-005, 1.71954397956e-005, 1.51831154653e-005]
        var: [0.0360815748572, 0.0116199990734, 0.00503296032548, 0.00500517245382, 0.0106296194717, 0.0142940785736]
    beats_position: [0.603718817234, 1.23065757751, 1.8575963974, 2.48453521729, 3.09986400604, 3.70358276367, 4.3073015213, 4.92263031006, 5.54956912994, 6.18811798096, 6.82666635513, 7.46521520615, 8.10376358032, 8.74231243134, 9.38086128235, 10.0194101334, 10.6579589844, 11.2965078354, 11.9350566864, 12.5736055374, 13.2121543884, 13.8507022858, 14.4892511368, 15.1394100189, 15.7663488388, 16.4048976898, 17.0434455872, 17.6819953918, 18.3205432892, 18.970703125, 19.5976409912, 20.2361907959, 20.8747386932, 21.5132884979, 22.1518363953, 22.7903842926, 23.4289340973, 24.0674819946, 24.7060317993, 25.3445796967, 25.9715194702, 26.6100673676, 27.2486171722, 27.8871650696, 28.5257129669, 29.1642627716, 29.8028106689, 30.4413604736, 31.079908371, 31.7184581757, 32.357006073, 32.9955558777, 33.6341018677, 34.2726516724, 34.9112014771, 35.5497512817, 36.1882972717, 36.8268470764, 37.4653968811, 38.1039466858, 38.7424926758, 39.3810424805, 40.0195922852, 40.6581382751, 41.2966880798, 41.9352378845, 42.5737876892, 43.2123336792, 43.8508834839, 44.4894332886, 45.1279792786, 45.7665290833, 46.3934669495, 47.0436286926, 47.6821746826, 48.3207244873, 48.9476623535, 49.5862121582, 50.2247619629, 50.8633079529, 51.5018577576, 52.152015686, 52.7905654907, 53.4291152954, 54.0560531616, 54.6829910278, 55.333152771, 55.971698761, 56.6102485657, 57.2487983704, 57.8873443604, 58.525894165, 59.1644439697, 59.8029937744, 60.4415397644, 61.0800895691, 61.7186393738, 62.3571853638, 62.9957351685, 63.6342849731, 64.2728347778, 64.9113845825, 65.5499343872, 66.1884765625, 66.8270263672, 67.4655761719, 68.1041259766, 68.7426757813, 69.3812255859, 70.0197753906, 70.6583175659, 71.2968673706, 71.9354171753, 72.57396698, 73.2125167847, 73.8510665894, 74.489616394, 75.1281585693, 75.766708374, 76.4168701172, 77.0554199219, 77.6939697266, 78.3441238403, 78.9942855835, 79.6444396973, 80.2597732544, 80.8867111206, 81.5252609253, 82.1521987915, 82.8023605347, 83.4292984009, 84.0794525146, 84.7063903809, 85.3449401855, 85.9834899902, 86.6220397949, 87.2605895996, 87.8991394043, 88.537689209, 89.1762313843, 89.814781189, 90.4533309937, 91.0918807983, 91.7188186646, 92.3573684692, 92.9959182739, 93.6344680786, 94.2730178833, 94.9115600586, 95.5501098633, 96.188659668, 96.8272094727, 97.4657592773, 98.104309082, 98.7428588867, 99.381401062, 100.008346558, 100.658500671, 101.297050476, 101.935600281, 102.574150085, 103.21269989, 103.851242065, 104.48979187, 105.128341675, 105.766891479, 106.405441284, 107.043991089, 107.670928955, 108.321083069, 108.948028564, 109.58657074, 110.225120544, 110.863670349, 111.502220154, 112.140769958, 112.779319763, 113.429473877, 114.056411743, 114.694961548, 115.333511353, 115.983673096, 116.610610962, 117.249160767, 117.887710571, 118.526252747, 119.164802551, 119.803352356, 120.441902161, 121.080451965, 121.730613708, 122.369155884, 122.99609375, 123.634643555, 124.273193359, 124.911743164, 125.550292969, 126.188842773, 126.827392578, 127.465942383, 128.104492188, 128.731430054, 129.369979858, 130.008529663, 130.647079468, 131.285614014, 131.924163818, 132.562713623, 133.212875366, 133.851425171, 134.489974976, 135.140136719, 135.767074585, 136.40562439, 137.044174194, 137.671112061, 138.309661865, 138.94821167, 139.586761475, 140.225296021, 140.863845825, 141.50239563, 142.140945435, 142.779495239, 143.418045044, 144.056594849, 144.695144653, 145.333694458, 145.972244263, 146.610794067, 147.260955811, 147.911102295, 148.538040161, 149.164993286, 149.803527832, 150.442077637, 151.080627441, 151.719177246, 152.357727051, 152.996276855, 153.623214722, 154.261764526, 154.900314331, 155.550476074, 156.189025879, 156.827575684, 157.466125488, 158.104675293, 158.743209839, 159.381759644, 160.020309448, 160.658859253, 161.297409058, 161.935958862, 162.574508667, 163.213058472, 163.851608276, 164.490158081, 165.128707886, 165.76725769, 166.405807495, 167.0443573, 167.671295166, 168.309844971, 168.948379517, 169.586929321, 170.225479126, 170.875640869, 171.514190674, 172.152740479, 172.791290283, 173.429840088, 174.068389893, 174.706939697, 175.345489502, 175.972427368, 176.610977173, 177.249526978, 177.888076782, 178.526611328, 179.165161133, 179.803710938, 180.453872681, 181.092422485, 181.73097229, 182.357910156, 182.996459961, 183.635009766, 184.27355957, 184.912109375, 185.55065918, 186.189208984, 186.827758789, 187.466293335, 188.10484314, 188.743392944, 189.381942749, 190.020492554, 190.670654297, 191.309204102, 191.936141968, 192.574691772, 193.213241577, 193.851791382, 194.490341187, 195.128890991, 195.767440796, 196.405975342, 197.044525146, 197.683074951, 198.321624756, 198.960174561, 199.598724365, 200.23727417, 200.875823975, 201.514373779, 202.152923584, 202.791473389, 203.430023193, 204.05696106, 204.707122803, 205.345672607, 205.984207153, 206.634368896, 207.261306763, 207.888244629, 208.538406372, 209.165344238, 209.815505981, 210.442443848, 211.092605591, 211.731155396, 212.3697052, 212.996643066, 213.635192871, 214.273742676, 214.92388916, 215.550842285, 216.20098877, 216.827926636, 217.46647644, 218.093414307, 218.720352173, 219.347290039, 219.939407349, 220.531509399, 221.123626709, 221.71572876, 222.307846069, 222.89994812, 223.434005737, 223.956451416, 224.444076538, 224.93170166, 225.419311523, 225.906936646, 226.394546509, 226.893783569, 227.369796753, 227.857406616, 228.345031738, 228.832641602, 229.331878662, 229.819503784, 230.318725586, 230.817947388, 231.317184448]
