
metadata:
    version:
        essentia: "2.1-beta2"
    audio_properties:
        analysis_sample_rate: 44100
        bitrate: 128
        channels: 2
        equal_loudness: 1
        length: 236.669387817
        replay_gain: -14.5287246704
        downmix: "mix"
    tags:
        album: "Indestructible"
        artist: "Disturbed"
        comment: ""
        date: "2008"
        genre: "Rock"
        title: "Perfect Insanity"
        tracknumber: "5"

configuration:
    average_loudness:
        compute: 1
        frameSize: 88200
        hopSize: 44100
        silentFrames: "noise"
        windowType: "hann"
    general:
        analysisSampleRate: 44100
        endTime: 2000
        equalLoudness: 1
        nequalLoudness: 0
        shortSound: 0
        startTime: 0
    lowlevel:
        compute: 1
        frameSize: 2048
        hopSize: 1024
        zeroPadding: 0
        silentFrames: "noise"
        windowType: "blackmanharris62"
        mfccStats: ["mean", "cov", "icov"]
        stats: ["mean", "var", "median", "min", "max", "dmean", "dmean2", "dvar", "dvar2"]
    panning:
        compute: 0
        frameSize: 8192
        hopSize: 2048
        zeroPadding: 8192
        silentFrames: "noise"
        windowType: "hann"
        stats: ["copy"]
    rhythm:
        compute: 1
        maxTempo: 208
        minTempo: 40
        method: "degara"
        stats: ["mean", "var", "median", "min", "max", "dmean", "dmean2", "dvar", "dvar2"]
    segmentation:
        compute: 0
        cpw: 5
        inc1: 300
        inc2: 50
        minimumSegmentsLength: 10
        size1: 1000
        size2: 600
    sfx:
        compute: 1
        stats: ["mean", "var", "median", "min", "max", "dmean", "dmean2", "dvar", "dvar2"]
    svm:
        compute: 0
    tonal:
        compute: 1
        frameSize: 4096
        hopSize: 2048
        zeroPadding: 0
        silentFrames: "noise"
        windowType: "blackmanharris62"
        stats: ["mean", "var", "median", "min", "max", "dmean", "dmean2", "dvar", "dvar2"]

lowlevel:
    average_loudness: 0.926678955555
    barkbands_kurtosis:
        dmean: 1.01047730446
        dmean2: 1.6279053688
        dvar: 10.7868080139
        dvar2: 25.4019107819
        max: 124.807922363
        mean: -0.273570239544
        median: -1.12846195698
        min: -1.91336941719
        var: 21.2949581146
    barkbands_skewness:
        dmean: 0.472164958715
        dmean2: 0.717664480209
        dvar: 0.249795332551
        dvar2: 0.575070738792
        max: 10.5700006485
        mean: -0.267749100924
        median: -0.378446400166
        min: -3.56648445129
        var: 1.10744988918
    barkbands_spread:
        dmean: 7.09405422211
        dmean2: 11.3021860123
        dvar: 46.9468307495
        dvar2: 116.620353699
        max: 79.2977142334
        mean: 38.5974845886
        median: 38.9753341675
        min: 1.68147051334
        var: 122.766342163
    dissonance:
        dmean: 0.00745960976928
        dmean2: 0.0125482268631
        dvar: 5.87684480706e-005
        dvar2: 0.000158724637004
        max: 0.500000059605
        mean: 0.486592799425
        median: 0.489231109619
        min: 0.374920159578
        var: 0.00011637530406
    hfc:
        dmean: 3.18707203865
        dmean2: 5.07623434067
        dvar: 18.1711444855
        dvar2: 45.0475234985
        max: 52.5208206177
        mean: 10.7738847733
        median: 9.91198444366
        min: 1.10075207131e-016
        var: 43.0406341553
    pitch:
        dmean: 990.129211426
        dmean2: 1873.18896484
        dvar: 1854130.75
        dvar2: 4392912
        max: 4908.99804688
        mean: 2246.93457031
        median: 3408.10302734
        min: 68.7290344238
        var: 2807613.5
    pitch_instantaneous_confidence:
        dmean: 0.0807073712349
        dmean2: 0.132397845387
        dvar: 0.00474160350859
        dvar2: 0.0116216707975
        max: 0.905465662479
        mean: 0.365389436483
        median: 0.348461955786
        min: 0.0938387513161
        var: 0.0146255707368
    pitch_salience:
        dmean: 0.066250808537
        dmean2: 0.108062230051
        dvar: 0.00412437645718
        dvar2: 0.010219165124
        max: 0.895723938942
        mean: 0.656454324722
        median: 0.683136582375
        min: 0.072596333921
        var: 0.0114550916478
    silence_rate_20dB:
        dmean: 0
        dmean2: 0
        dvar: 0
        dvar2: 0
        max: 1
        mean: 1
        median: 1
        min: 1
        var: 0
    silence_rate_30dB:
        dmean: 0
        dmean2: 0
        dvar: 0
        dvar2: 0
        max: 1
        mean: 1
        median: 1
        min: 1
        var: 0
    silence_rate_60dB:
        dmean: 0.0729912668467
        dmean2: 0.145996853709
        dvar: 0.0676635950804
        dvar2: 0.149417281151
        max: 1
        mean: 0.20051009953
        median: 0
        min: 0
        var: 0.160292953253
    spectral_centroid:
        dmean: 334.030456543
        dmean2: 510.546813965
        dvar: 107072.15625
        dvar2: 239309.515625
        max: 11988.3466797
        mean: 2148.36328125
        median: 2129.07324219
        min: 143.410705566
        var: 1336715.125
    spectral_complexity:
        dmean: 4.71500062943
        dmean2: 7.22252750397
        dvar: 24.1423606873
        dvar2: 48.5298080444
        max: 49
        mean: 18.1053562164
        median: 18
        min: 0
        var: 93.9723968506
    spectral_crest:
        dmean: 1.9655071497
        dmean2: 3.19272613525
        dvar: 3.48286151886
        dvar2: 8.25879001617
        max: 23.8881015778
        mean: 7.00636482239
        median: 6.27236461639
        min: 2.60337209702
        var: 8.35124874115
    spectral_decrease:
        dmean: 3.40849543035e-010
        dmean2: 5.65950231124e-010
        dvar: 2.00157300141e-019
        dvar2: 5.36290711126e-019
        max: 1.97713765308e-028
        mean: -1.12778086869e-009
        median: -1.07631725754e-009
        min: -4.69266847603e-009
        var: 3.49186463223e-019
    spectral_energy:
        dmean: 0.00151884718798
        dmean2: 0.00250942190178
        dvar: 4.0632312448e-006
        dvar2: 1.07803498395e-005
        max: 0.0214951168746
        mean: 0.00523372879252
        median: 0.00501452293247
        min: 1.01938442893e-020
        var: 7.370831554e-006
    spectral_energyband_high:
        dmean: 0.000304845918436
        dmean2: 0.000498480803799
        dvar: 1.9439761445e-007
        dvar2: 4.93166169235e-007
        max: 0.00656137010083
        mean: 0.000750987208448
        median: 0.000627601402812
        min: 7.04124814077e-021
        var: 3.41473281651e-007
    spectral_energyband_low:
        dmean: 0.000521901121829
        dmean2: 0.000878112274222
        dvar: 6.50598053653e-007
        dvar2: 1.79595633654e-006
        max: 0.00785178039223
        mean: 0.000753295142204
        median: 0.000409552099882
        min: 1.61921636737e-023
        var: 7.87319152096e-007
    spectral_energyband_middle_high:
        dmean: 0.000752981519327
        dmean2: 0.00118850241415
        dvar: 7.64638059536e-007
        dvar2: 1.82531425708e-006
        max: 0.0120561132208
        mean: 0.00249669980258
        median: 0.00226789712906
        min: 1.1917277519e-021
        var: 2.54779297393e-006
    spectral_energyband_middle_low:
        dmean: 0.000721926393453
        dmean2: 0.00115883199032
        dvar: 1.05453705146e-006
        dvar2: 2.78225979855e-006
        max: 0.00931614544243
        mean: 0.00158192531671
        median: 0.00119303469546
        min: 1.37219893217e-022
        var: 1.7442363287e-006
    spectral_flatness_db:
        dmean: 0.0146585013717
        dmean2: 0.0228481721133
        dvar: 0.000207568897167
        dvar2: 0.000482980685774
        max: 0.360850632191
        mean: 0.143672823906
        median: 0.13899230957
        min: 0.0585401467979
        var: 0.00083960685879
    spectral_flux:
        dmean: 0.00910421740264
        dmean2: 0.0136616406962
        dvar: 0.000112701469334
        dvar2: 0.000226549367653
        max: 0.139188975096
        mean: 0.0445048846304
        median: 0.0437959134579
        min: 6.36170352508e-011
        var: 0.000287401635433
    spectral_kurtosis:
        dmean: 0.75439375639
        dmean2: 1.26109361649
        dvar: 0.615902245045
        dvar2: 1.73163986206
        max: 12.6015167236
        mean: 2.6070253849
        median: 2.4414908886
        min: -1.25511205196
        var: 1.72838687897
    spectral_rms:
        dmean: 0.00030935194809
        dmean2: 0.000500196125358
        dvar: 1.33832031679e-007
        dvar2: 3.43609031006e-007
        max: 0.00457939365879
        mean: 0.00216405303217
        median: 0.00221183570102
        min: 3.1536032466e-012
        var: 4.22954514079e-007
    spectral_rolloff:
        dmean: 366.043457031
        dmean2: 585.193847656
        dvar: 259844.375
        dvar2: 553621
        max: 19466.015625
        mean: 3905.14624023
        median: 3897.50976563
        min: 129.19921875
        var: 3164316.5
    spectral_skewness:
        dmean: 0.138489946723
        dmean2: 0.222111314535
        dvar: 0.0183182824403
        dvar2: 0.0440406128764
        max: 2.79721832275
        mean: 1.07449603081
        median: 1.06398367882
        min: -0.111877411604
        var: 0.0907516777515
    spectral_spread:
        dmean: 445311.875
        dmean2: 636292.75
        dvar: 402298732544
        dvar2: 743172734976
        max: 42427140
        mean: 5314254.5
        median: 4747806
        min: 2139292
        var: 1.54660587438e+013
    spectral_strongpeak:
        dmean: 0.5238032341
        dmean2: 0.922330975533
        dvar: 0.763396501541
        dvar2: 2.03414297104
        max: 9.07753944397
        mean: 0.637737452984
        median: 0.243954330683
        min: 3.26106502913e-011
        var: 0.929336607456
    zerocrossingrate:
        dmean: 0.00994856841862
        dmean2: 0.0113916797563
        dvar: 8.70795411174e-005
        dvar2: 9.9750533991e-005
        max: 0.52392578125
        mean: 0.118803083897
        median: 0.1181640625
        min: 0.00830078125
        var: 0.00242443312891
    barkbands:
        dmean: [2.58817664189e-007, 0.000118267460493, 0.000284782639937, 0.000320748338709, 0.000323786545778, 0.00023111194605, 0.000108127605927, 4.27927916462e-005, 4.61985291622e-005, 3.13644522976e-005, 3.92510737584e-005, 6.81075471221e-005, 6.5516680479e-005, 6.74136390444e-005, 8.24999297038e-005, 0.000144752746564, 0.000180081711733, 0.00018854708469, 0.000315225042868, 0.000253725389484, 0.000164969038451, 4.85384152853e-005, 7.8879756984e-006, 3.11526514452e-006, 1.96053974832e-006, 8.98239775893e-008, 4.1988015842e-010]
        dmean2: [4.32057561284e-007, 0.00020909793966, 0.000502399692778, 0.000476610061014, 0.000560602289625, 0.000364092149539, 0.00017706475046, 7.29738312657e-005, 7.40063042031e-005, 5.14541425218e-005, 6.36192562524e-005, 0.000110483430035, 0.000108487613034, 0.000109780070488, 0.000134699555929, 0.000235844985582, 0.000293881545076, 0.000309510796797, 0.000522498507053, 0.000415295449784, 0.000278049468761, 7.92449136497e-005, 1.22841502161e-005, 4.70776785733e-006, 2.86698946184e-006, 1.34298389298e-007, 7.34324101526e-010]
        dvar: [2.09357962281e-013, 5.99701621695e-008, 2.49829156473e-007, 2.36266586739e-007, 4.74452008348e-007, 1.58865191224e-007, 3.62332812642e-008, 6.92243995459e-009, 9.25418319753e-009, 4.79607242809e-009, 7.47068984452e-009, 1.87577882116e-008, 1.81132673305e-008, 1.353724155e-008, 2.23168239444e-008, 4.44581758074e-008, 6.56906635754e-008, 7.3778728904e-008, 1.31893585831e-007, 1.26813958445e-007, 5.35965938298e-008, 5.60705482044e-009, 1.52907297934e-010, 4.70895822335e-011, 2.54955830753e-011, 4.54499414178e-014, 7.23594387105e-019]
        dvar2: [5.23042817824e-013, 1.65905674976e-007, 7.05107254362e-007, 4.92277649755e-007, 1.32685568133e-006, 3.54854819307e-007, 8.60090594301e-008, 1.86516864176e-008, 2.06953867377e-008, 1.24337891094e-008, 1.88652720112e-008, 4.71148027259e-008, 4.67978154006e-008, 3.45016637482e-008, 5.5902358298e-008, 1.11869113084e-007, 1.62201118314e-007, 1.85209415804e-007, 3.42354809391e-007, 3.24489690229e-007, 1.42246975088e-007, 1.34143824937e-008, 3.34068744889e-010, 9.55965098748e-011, 5.17576849435e-011, 9.14985657228e-014, 1.95049291838e-018]
        max: [4.14624309997e-006, 0.00180229614489, 0.00348271103576, 0.00710062496364, 0.00633785221726, 0.00581848807633, 0.00592805584893, 0.00117891398259, 0.00225164252333, 0.00255727395415, 0.00155438645743, 0.00292677455582, 0.00328502245247, 0.00181973283179, 0.00315483962186, 0.00417029298842, 0.00634071743116, 0.00791915692389, 0.00516042532399, 0.00590585963801, 0.00496724946424, 0.00136691366788, 0.000218279412366, 0.000153831555508, 0.000139919386129, 4.58201247966e-006, 1.9966162057e-008]
        mean: [2.51661901984e-007, 0.00011086880113, 0.000315545534249, 0.000518956338055, 0.000408791267546, 0.000349623500369, 0.000166643469129, 5.52812016394e-005, 6.98258445482e-005, 4.59687726106e-005, 5.89375631534e-005, 0.000112493275083, 9.73403875832e-005, 0.000100646939245, 0.000125270176795, 0.00026280793827, 0.000346194778103, 0.000345470092725, 0.000709412503056, 0.000558352505323, 0.000351953436621, 9.52192931436e-005, 1.71869160113e-005, 6.75337332723e-006, 3.77857872991e-006, 1.57399682621e-007, 4.27634788691e-010]
        median: [6.43798330202e-008, 4.80944145238e-005, 0.000151373678818, 0.000222175483941, 0.00023350896663, 0.000138710267493, 7.5036441558e-005, 2.97302358376e-005, 3.30153343384e-005, 2.09265599551e-005, 2.48702581302e-005, 4.07465850003e-005, 3.75582385459e-005, 4.55546141893e-005, 6.02914369665e-005, 0.000185548051377, 0.00023390960996, 0.000262932269834, 0.000620112288743, 0.000457300542621, 0.000294178986223, 6.34852040093e-005, 1.13986607175e-005, 3.83125234293e-006, 1.74925492047e-006, 6.49244569217e-008, 1.81084647277e-010]
        min: [9.62125513257e-026, 6.81029881061e-025, 9.77172751527e-025, 9.95665228867e-025, 7.88498975838e-024, 4.77087140487e-024, 5.51301241741e-024, 5.86886914948e-024, 1.2784665583e-023, 1.98123252539e-023, 1.53751704109e-023, 2.77061171222e-023, 3.63153064352e-023, 4.03258752773e-023, 4.76756544659e-023, 5.07679734372e-023, 4.81297606683e-023, 9.4842045575e-023, 1.03850471081e-022, 1.5532523549e-022, 2.53393861007e-022, 3.53462343582e-022, 3.50756462325e-022, 5.17329579524e-022, 8.30893029838e-022, 1.26448026586e-021, 1.89915821881e-021]
        var: [2.13750932644e-013, 4.24212416306e-008, 2.09014956454e-007, 5.86890507748e-007, 3.8140294123e-007, 3.17705683983e-007, 9.32204926585e-008, 7.35201544089e-009, 1.63508069306e-008, 7.34417548998e-009, 1.25294761233e-008, 3.90142353979e-008, 2.87487349482e-008, 2.42438140674e-008, 3.83170508655e-008, 8.70328307201e-008, 1.59046493309e-007, 1.18040830444e-007, 2.86763253143e-007, 2.25461462833e-007, 8.22799037792e-008, 1.01720551982e-008, 3.72839564777e-010, 1.13313289307e-010, 5.35853618422e-011, 9.37053372722e-014, 6.75798857336e-019]
    frequency_bands:
        dmean: [2.58817664189e-007, 0.000118267460493, 0.000284782639937, 0.000320748338709, 0.000323786545778, 0.00023111194605, 0.000108127605927, 4.27927916462e-005, 4.61985291622e-005, 3.13644522976e-005, 3.92510737584e-005, 6.81075471221e-005, 6.5516680479e-005, 6.74136390444e-005, 8.24999297038e-005, 0.000144752746564, 0.000180081711733, 0.00018854708469, 0.000315225042868, 0.000253725389484, 0.000164969038451, 4.85384152853e-005, 7.8879756984e-006, 3.11526514452e-006, 1.96053974832e-006, 8.98239775893e-008, 4.1988015842e-010, 6.01510924403e-011]
        dmean2: [4.32057561284e-007, 0.00020909793966, 0.000502399692778, 0.000476610061014, 0.000560602289625, 0.000364092149539, 0.00017706475046, 7.29738312657e-005, 7.40063042031e-005, 5.14541425218e-005, 6.36192562524e-005, 0.000110483430035, 0.000108487613034, 0.000109780070488, 0.000134699555929, 0.000235844985582, 0.000293881545076, 0.000309510796797, 0.000522498507053, 0.000415295449784, 0.000278049468761, 7.92449136497e-005, 1.22841502161e-005, 4.70776785733e-006, 2.86698946184e-006, 1.34298389298e-007, 7.34324101526e-010, 1.11952856707e-010]
        dvar: [2.09357962281e-013, 5.99701621695e-008, 2.49829156473e-007, 2.36266586739e-007, 4.74452008348e-007, 1.58865191224e-007, 3.62332812642e-008, 6.92243995459e-009, 9.25418319753e-009, 4.79607242809e-009, 7.47068984452e-009, 1.87577882116e-008, 1.81132673305e-008, 1.353724155e-008, 2.23168239444e-008, 4.44581758074e-008, 6.56906635754e-008, 7.3778728904e-008, 1.31893585831e-007, 1.26813958445e-007, 5.35965938298e-008, 5.60705482044e-009, 1.52907297934e-010, 4.70895822335e-011, 2.54955830753e-011, 4.54499414178e-014, 7.23594387105e-019, 7.40940571346e-021]
        dvar2: [5.23042817824e-013, 1.65905674976e-007, 7.05107254362e-007, 4.92277649755e-007, 1.32685568133e-006, 3.54854819307e-007, 8.60090594301e-008, 1.86516864176e-008, 2.06953867377e-008, 1.24337891094e-008, 1.88652720112e-008, 4.71148027259e-008, 4.67978154006e-008, 3.45016637482e-008, 5.5902358298e-008, 1.11869113084e-007, 1.62201118314e-007, 1.85209415804e-007, 3.42354809391e-007, 3.24489690229e-007, 1.42246975088e-007, 1.34143824937e-008, 3.34068744889e-010, 9.55965098748e-011, 5.17576849435e-011, 9.14985657228e-014, 1.95049291838e-018, 2.35781242013e-020]
        max: [4.14624309997e-006, 0.00180229614489, 0.00348271103576, 0.00710062496364, 0.00633785221726, 0.00581848807633, 0.00592805584893, 0.00117891398259, 0.00225164252333, 0.00255727395415, 0.00155438645743, 0.00292677455582, 0.00328502245247, 0.00181973283179, 0.00315483962186, 0.00417029298842, 0.00634071743116, 0.00791915692389, 0.00516042532399, 0.00590585963801, 0.00496724946424, 0.00136691366788, 0.000218279412366, 0.000153831555508, 0.000139919386129, 4.58201247966e-006, 1.9966162057e-008, 1.32302058198e-009]
        mean: [2.51661901984e-007, 0.00011086880113, 0.000315545534249, 0.000518956338055, 0.000408791267546, 0.000349623500369, 0.000166643469129, 5.52812016394e-005, 6.98258445482e-005, 4.59687726106e-005, 5.89375631534e-005, 0.000112493275083, 9.73403875832e-005, 0.000100646939245, 0.000125270176795, 0.00026280793827, 0.000346194778103, 0.000345470092725, 0.000709412503056, 0.000558352505323, 0.000351953436621, 9.52192931436e-005, 1.71869160113e-005, 6.75337332723e-006, 3.77857872991e-006, 1.57399682621e-007, 4.27634788691e-010, 4.60474262887e-011]
        median: [6.43798330202e-008, 4.80944145238e-005, 0.000151373678818, 0.000222175483941, 0.00023350896663, 0.000138710267493, 7.5036441558e-005, 2.97302358376e-005, 3.30153343384e-005, 2.09265599551e-005, 2.48702581302e-005, 4.07465850003e-005, 3.75582385459e-005, 4.55546141893e-005, 6.02914369665e-005, 0.000185548051377, 0.00023390960996, 0.000262932269834, 0.000620112288743, 0.000457300542621, 0.000294178986223, 6.34852040093e-005, 1.13986607175e-005, 3.83125234293e-006, 1.74925492047e-006, 6.49244569217e-008, 1.81084647277e-010, 1.7421484394e-011]
        min: [9.62125513257e-026, 6.81029881061e-025, 9.77172751527e-025, 9.95665228867e-025, 7.88498975838e-024, 4.77087140487e-024, 5.51301241741e-024, 5.86886914948e-024, 1.2784665583e-023, 1.98123252539e-023, 1.53751704109e-023, 2.77061171222e-023, 3.63153064352e-023, 4.03258752773e-023, 4.76756544659e-023, 5.07679734372e-023, 4.81297606683e-023, 9.4842045575e-023, 1.03850471081e-022, 1.5532523549e-022, 2.53393861007e-022, 3.53462343582e-022, 3.50756462325e-022, 5.17329579524e-022, 8.30893029838e-022, 1.26448026586e-021, 1.89915821881e-021, 4.77636017283e-022]
        var: [2.13750932644e-013, 4.24212416306e-008, 2.09014956454e-007, 5.86890507748e-007, 3.8140294123e-007, 3.17705683983e-007, 9.32204926585e-008, 7.35201544089e-009, 1.63508069306e-008, 7.34417548998e-009, 1.25294761233e-008, 3.90142353979e-008, 2.87487349482e-008, 2.42438140674e-008, 3.83170508655e-008, 8.70328307201e-008, 1.59046493309e-007, 1.18040830444e-007, 2.86763253143e-007, 2.25461462833e-007, 8.22799037792e-008, 1.01720551982e-008, 3.72839564777e-010, 1.13313289307e-010, 5.35853618422e-011, 9.37053372722e-014, 6.75798857336e-019, 5.8409024432e-021]
    mfcc:
        mean: [-698.10925293, 79.9206390381, -40.9523658752, 67.8555221558, -8.12005233765, 2.29196715355, 0.0574308000505, -8.42407989502, -4.4287276268, -8.93297386169, -6.43349313736, -2.72799921036, -1.96851873398]
        cov: [[6238.57519531, 549.148620605, -535.811889648, 512.387268066, -237.342880249, -32.4906959534, -85.8626403809, -115.320404053, -128.670135498, -128.501846313, -101.934768677, -24.8206348419, -26.0954723358], [549.148620605, 650.078674316, -211.640563965, 136.883010864, -17.3768005371, 34.9398956299, 38.090763092, -33.3830108643, -4.83605718613, -34.14453125, -8.61400318146, -6.9337220192, 3.86444735527], [-535.811889648, -211.640563965, 423.99005127, -35.0819969177, 93.0637130737, 19.0325145721, -9.74840068817, 42.6020240784, -15.4889783859, 19.4759654999, -5.28125047684, 9.79173088074, 5.52830123901], [512.387268066, 136.883010864, -35.0819969177, 312.333709717, 35.6884536743, -3.18820738792, -27.5509777069, -15.3111419678, 42.140625, -5.75453042984, -6.37110376358, -5.05974817276, 5.26816892624], [-237.342880249, -17.3768005371, 93.0637130737, 35.6884536743, 147.941650391, 39.5885429382, 1.97298431396, 12.5824384689, 17.7491817474, 26.1368618011, 2.40054726601, 7.72131061554, 6.07840442657], [-32.4906959534, 34.9398956299, 19.0325145721, -3.18820738792, 39.5885429382, 115.936576843, 68.0714492798, 30.9066886902, -7.60694074631, 10.5021781921, 12.7391214371, 4.47414302826, 0.161043524742], [-85.8626403809, 38.090763092, -9.74840068817, -27.5509777069, 1.97298431396, 68.0714492798, 146.018936157, 66.6361312866, 6.73882055283, -5.88134145737, 16.1800174713, 10.4479494095, -4.36895036697], [-115.320404053, -33.3830108643, 42.6020240784, -15.3111419678, 12.5824384689, 30.9066886902, 66.6361312866, 108.544502258, 28.7766017914, 8.80276966095, 2.7372045517, 12.7227535248, -1.32556593418], [-128.670135498, -4.83605718613, -15.4889783859, 42.140625, 17.7491817474, -7.60694074631, 6.73882055283, 28.7766017914, 108.3123703, 45.2421112061, 21.716802597, -2.25555944443, 2.75100779533], [-128.501846313, -34.14453125, 19.4759654999, -5.75453042984, 26.1368618011, 10.5021781921, -5.88134145737, 8.80276966095, 45.2421112061, 87.88671875, 32.6621627808, 2.77508544922, 0.298170059919], [-101.934768677, -8.61400318146, -5.28125047684, -6.37110376358, 2.40054726601, 12.7391214371, 16.1800174713, 2.7372045517, 21.716802597, 32.6621627808, 64.9804458618, 17.7545223236, 0.935237526894], [-24.8206348419, -6.9337220192, 9.79173088074, -5.05974817276, 7.72131061554, 4.47414302826, 10.4479494095, 12.7227535248, -2.25555944443, 2.77508544922, 17.7545223236, 57.5402832031, 24.089389801], [-26.0954723358, 3.86444735527, 5.52830123901, 5.26816892624, 6.07840442657, 0.161043524742, -4.36895036697, -1.32556593418, 2.75100779533, 0.298170059919, 0.935237526894, 24.089389801, 57.2156829834]]
        icov: [[0.000244282564381, -3.73640941689e-005, 0.000214466752368, -0.000455811416032, 0.000375666539185, -0.000140747841215, 0.000132984569063, -7.57417219575e-005, 0.000428783736425, -0.000141898606671, 0.000302335596643, -0.000152218417497, 0.000143340890645], [-3.73640941689e-005, 0.00218158471398, 0.00094438472297, -0.000812103156932, -0.00017748454411, -0.000573358323891, -0.000773733365349, 0.000715079484507, 0.000161811403814, 0.000345451524481, 0.000263691821601, 7.83136565587e-005, -0.000249771546805], [0.000214466752368, 0.00094438472297, 0.00374259869568, -0.000402768084314, -0.00177725963295, -0.000107411506178, 0.00075519469101, -0.00170346524101, 0.00182039989159, -0.000461018382339, 0.000291253323667, 0.000117227427836, -0.00022243069543], [-0.000455811416032, -0.000812103156932, -0.000402768084314, 0.00501562748104, -0.00173541670665, -9.56002913881e-005, 0.000974782917183, 0.000428316619946, -0.00311420741491, 0.00174342549872, -0.000432431406807, 0.000215657288209, -0.000250029144809], [0.000375666539185, -0.00017748454411, -0.00177725963295, -0.00173541670665, 0.0104325693101, -0.0040429844521, 0.00112048443407, 0.000661433907226, -0.000998637755401, -0.00212153419852, 0.00227430951782, -0.00193152506836, 0.000353900977643], [-0.000140747841215, -0.000573358323891, -0.000107411506178, -9.56002913881e-005, -0.0040429844521, 0.0149533515796, -0.00668790517375, -0.000965973362327, 0.00376560213044, -0.00265839509666, -0.00184570020065, 0.00200807442889, -0.00113441317808], [0.000132984569063, -0.000773733365349, 0.00075519469101, 0.000974782917183, 0.00112048443407, -0.00668790517375, 0.0143674183637, -0.00729656405747, -0.000585144618526, 0.00344668328762, -0.00320295034908, -0.000312234391458, 0.000972004898358], [-7.57417219575e-005, 0.000715079484507, -0.00170346524101, 0.000428316619946, 0.000661433907226, -0.000965973362327, -0.00729656405747, 0.0166498739272, -0.00547875557095, -0.00030803316622, 0.0042843776755, -0.00426153419539, 0.00179256789852], [0.000428783736425, 0.000161811403814, 0.00182039989159, -0.00311420741491, -0.000998637755401, 0.00376560213044, -0.000585144618526, -0.00547875557095, 0.0168669261038, -0.00736796716228, -0.00262935063802, 0.00342481676489, -0.00195218471345], [-0.000141898606671, 0.000345451524481, -0.000461018382339, 0.00174342549872, -0.00212153419852, -0.00265839509666, 0.00344668328762, -0.00030803316622, -0.00736796716228, 0.0194417759776, -0.00796443317086, 0.00133198127151, 0.000107212334115], [0.000302335596643, 0.000263691821601, 0.000291253323667, -0.000432431406807, 0.00227430951782, -0.00184570020065, -0.00320295034908, 0.0042843776755, -0.00262935063802, -0.00796443317086, 0.0240628011525, -0.00898045767099, 0.00330564496107], [-0.000152218417497, 7.83136565587e-005, 0.000117227427836, 0.000215657288209, -0.00193152506836, 0.00200807442889, -0.000312234391458, -0.00426153419539, 0.00342481676489, 0.00133198127151, -0.00898045767099, 0.0258425604552, -0.0109341768548], [0.000143340890645, -0.000249771546805, -0.00022243069543, -0.000250029144809, 0.000353900977643, -0.00113441317808, 0.000972004898358, 0.00179256789852, -0.00195218471345, 0.000107212334115, 0.00330564496107, -0.0109341768548, 0.0223286952823]]
    sccoeffs:
        dmean: [0.0589944981039, 0.051451601088, 0.035239521414, 0.0307238530368, 0.0203191302717, 0.0219525750726]
        dmean2: [0.0988309830427, 0.0841505527496, 0.0589062795043, 0.0513195767999, 0.0336415842175, 0.0345290750265]
        dvar: [0.00235381582752, 0.00173992279451, 0.000798392691649, 0.00058755784994, 0.000264591421001, 0.000348365341779]
        dvar2: [0.00669243279845, 0.00446162139997, 0.0021568692755, 0.00159572786652, 0.000725006684661, 0.000795131083578]
        max: [-0.328392505646, -0.412034273148, -0.562819063663, -0.562830746174, -0.638552725315, -0.452980071306]
        mean: [-0.640738785267, -0.75527459383, -0.813940227032, -0.796049535275, -0.79855287075, -0.717835962772]
        median: [-0.642486691475, -0.764698147774, -0.819573283195, -0.798521518707, -0.798802614212, -0.716835737228]
        min: [-0.984912335873, -0.979786336422, -0.980001628399, -0.969601511955, -0.970420539379, -0.965432405472]
        var: [0.0069189472124, 0.00586249306798, 0.00261892913841, 0.00216634036042, 0.00111905077938, 0.0030283422675]
    scvalleys:
        dmean: [0.425751298666, 0.39333102107, 0.333133906126, 0.299590617418, 0.240554317832, 0.280999600887]
        dmean2: [0.701453745365, 0.650346696377, 0.53451281786, 0.475258916616, 0.361534714699, 0.41219240427]
        dvar: [0.145273074508, 0.137635841966, 0.0961278825998, 0.0867762118578, 0.0893166288733, 0.122325770557]
        dvar2: [0.344789385796, 0.335731238127, 0.209196686745, 0.181545317173, 0.175359398127, 0.223432764411]
        max: [-5.14834213257, -4.69281148911, -5.27897596359, -5.68254327774, -5.45525455475, -7.45534086227]
        mean: [-7.06380367279, -6.95631074905, -7.43586587906, -7.33535718918, -6.8628320694, -9.65650939941]
        median: [-6.67821121216, -6.62187957764, -7.14102268219, -7.00997018814, -6.4561290741, -9.33344268799]
        min: [-28.3002758026, -28.080953598, -27.7576580048, -27.7483234406, -27.6410312653, -27.3712158203]
        var: [5.69174909592, 5.60290622711, 5.2147397995, 5.20991230011, 5.52618360519, 4.70005607605]

rhythm:
    beats_loudness:
        dmean: 0.00235157483257
        dmean2: 0.00433087628335
        dvar: 3.37516462423e-006
        dvar2: 1.17114004752e-005
        max: 0.0139418849722
        mean: 0.00670771999285
        median: 0.00684525864199
        min: 0
        var: 6.12494568486e-006
    bpm: 85.9279785156
    bpm_confidence: 0
    first_peak_bpm: 86
    first_peak_spread: 0.0586206689477
    first_peak_weight: 0.77999997139
    onset_rate: 3.32531380653
    second_peak_bpm: 115
    second_peak_spread: 0.148936197162
    second_peak_weight: 0.114285714924
    beats_loudness_band_ratio:
        dmean: [0.105500005186, 0.0849663615227, 0.042660612613, 0.0513488948345, 0.0843421593308, 0.109828710556]
        dmean2: [0.183610275388, 0.146245837212, 0.0770134553313, 0.0909098759294, 0.146108955145, 0.186876684427]
        dvar: [0.0130815776065, 0.00437365984544, 0.00192701187916, 0.00360841280781, 0.00502486107871, 0.00779372407123]
        dvar2: [0.0353930667043, 0.0125111155212, 0.00532232038677, 0.00938451196998, 0.0143728023395, 0.0204319730401]
        max: [0.887270510197, 0.450633406639, 0.297853827477, 0.312298715115, 0.577472090721, 0.776741504669]
        mean: [0.147809937596, 0.140956223011, 0.0639266520739, 0.0720977336168, 0.239698380232, 0.359418600798]
        median: [0.0981520116329, 0.126022458076, 0.052231553942, 0.0464851148427, 0.227034553885, 0.366453111172]
        min: [0, 0, 0, 0, 0, 0]
        var: [0.0228977873921, 0.0074708214961, 0.00220134039409, 0.00410602428019, 0.00898154079914, 0.0148673718795]
    beats_position: [0.638548731804, 1.28870749474, 1.9620860815, 2.6470746994, 3.34367346764, 4.04027223587, 4.73687076569, 5.4334692955, 6.13006782532, 6.82666635513, 7.53487491608, 8.24308395386, 8.93968200684, 9.63628101349, 10.3328800201, 11.0294780731, 11.7260770798, 12.4226751328, 13.1192741394, 13.8158731461, 14.512471199, 15.2090702057, 15.9056682587, 16.602268219, 17.298866272, 17.995464325, 18.6920623779, 19.3886623383, 20.0852603912, 20.7818584442, 21.4900684357, 22.1982765198, 22.8948745728, 23.5914726257, 24.2880725861, 24.984670639, 25.681268692, 26.3778686523, 27.0744667053, 27.7710647583, 28.4676647186, 29.1642627716, 29.8608608246, 30.5574588776, 31.2540588379, 31.9506568909, 32.6472549438, 33.3438529968, 34.0404510498, 34.7370529175, 35.4336509705, 36.1418571472, 36.8500671387, 37.5466651917, 38.2432632446, 38.9398651123, 39.6364631653, 40.3330612183, 41.0296592712, 41.7262573242, 42.4228553772, 43.1194534302, 43.8160552979, 44.5126533508, 45.2092514038, 45.9058494568, 46.6024475098, 47.2990455627, 47.9956436157, 48.6922454834, 49.3888435364, 50.0854415894, 50.7820396423, 51.5018577576, 52.1984558105, 52.8950538635, 53.5916557312, 54.2882537842, 54.9848518372, 55.6814498901, 56.3780479431, 57.0746459961, 57.7712478638, 58.4678459167, 59.1644439697, 59.8610420227, 60.5576400757, 61.2542381287, 61.9508361816, 62.6474380493, 63.3440361023, 64.0406341553, 64.7372360229, 65.4338302612, 66.1304321289, 66.8270263672, 67.5236282349, 68.2202224731, 68.9168243408, 69.6134262085, 70.3216323853, 71.0182266235, 71.7264404297, 72.423034668, 73.1196365356, 73.8046264648, 74.489616394, 75.1862106323, 75.8944168091, 76.6026306152, 77.2992248535, 77.9958267212, 78.6924285889, 79.3890228271, 80.0856246948, 80.7822189331, 81.4788208008, 82.1754150391, 82.8720169067, 83.5686187744, 84.2768249512, 84.9850311279, 85.6816329956, 86.3782272339, 87.0748291016, 87.7714233398, 88.4680252075, 89.1646270752, 89.8612213135, 90.5578231812, 91.2544174194, 91.9510192871, 92.6476211548, 93.3442153931, 94.0408172607, 94.737411499, 95.4456253052, 96.1538314819, 96.8504257202, 97.5470275879, 98.2436294556, 98.9402236938, 99.6368255615, 100.3334198, 101.030021667, 101.726615906, 102.423217773, 103.119819641, 103.816413879, 104.513015747, 105.209609985, 105.906211853, 106.602806091, 107.299407959, 107.996009827, 108.692604065, 109.389205933, 110.097412109, 110.805618286, 111.502220154, 112.198822021, 112.918640137, 113.638458252, 114.369888306, 115.112922668, 115.844352722, 116.575782776, 117.318817139, 118.061859131, 118.793289185, 119.5131073, 120.209701538, 120.906303406, 121.614509583, 122.299499512, 122.99609375, 123.692695618, 124.389297485, 125.097503662, 125.79410553, 126.502311707, 127.198905945, 127.895507813, 128.592102051, 129.288711548, 129.985305786, 130.681900024, 131.378494263, 132.07510376, 132.771697998, 133.468292236, 134.164901733, 134.861495972, 135.55809021, 136.254684448, 136.962905884, 137.659500122, 138.35609436, 139.052688599, 139.749298096, 140.434280396, 141.130874634, 141.827484131, 142.535690308, 143.243896484, 143.940490723, 144.63710022, 145.345306396, 146.041900635, 146.726898193, 147.423492432, 148.12008667, 148.816680908, 149.513290405, 150.209884644, 150.906478882, 151.603088379, 152.299682617, 152.996276855, 153.692871094, 154.389480591, 155.086074829, 155.782669067, 156.479278564, 157.175872803, 157.884078979, 158.592285156, 159.288879395, 159.985488892, 160.68208313, 161.378677368, 162.075286865, 162.771881104, 163.468475342, 164.16506958, 164.861679077, 165.558273315, 166.254867554, 166.951477051, 167.648071289, 168.344665527, 169.041259766, 169.737869263, 170.434463501, 171.131057739, 171.827667236, 172.524261475, 173.232467651, 173.940673828, 174.637283325, 175.333877563, 176.030471802, 176.72706604, 177.423675537, 178.120269775, 178.816864014, 179.513473511, 180.210067749, 180.906661987, 181.603256226, 182.299865723, 182.996459961, 183.693054199, 184.389663696, 185.086257935, 185.782852173, 186.479446411, 187.187667847, 187.895874023, 188.592468262, 189.2890625, 189.985671997, 190.682266235, 191.378860474, 192.075454712, 192.772064209, 193.468658447, 194.165252686, 194.861862183, 195.558456421, 196.255050659, 196.928436279, 197.648254395, 198.344848633, 199.041442871, 199.738052368, 200.434646606, 201.142852783, 201.85105896, 202.547653198, 203.244262695, 203.940856934, 204.637451172, 205.334060669, 206.030654907, 206.564712524, 207.075546265, 207.609603882, 208.120452881, 208.64289856, 209.165344238, 209.687789917, 210.210250854, 210.732696533, 211.255142212, 211.777587891, 212.300048828, 212.822494507, 213.344940186, 213.867385864, 214.389831543, 214.91229248, 215.434738159, 215.968795776, 216.491241455, 217.013687134, 217.536148071, 218.05859375, 218.581039429, 219.103485107, 219.625930786, 220.148391724, 220.670837402, 221.193283081, 221.727340698, 222.249786377, 222.772247314, 223.294692993, 223.817138672, 224.339584351, 224.862030029, 225.384490967, 225.906936646, 226.429382324, 226.951828003, 227.47428894, 227.996734619, 228.519180298, 229.041625977, 229.564071655, 230.086532593, 230.62059021, 231.177871704, 231.735137939, 232.304031372, 232.872924805, 233.465026855, 234.057144165, 234.660858154, 235.264572144, 235.868301392]
    bpm_estimates: [89.1029205322, 87.5926971436, 86.1327972412, 86.1327972412, 86.1328277588, 86.1328277588, 86.1328277588, 86.1328277588, 84.7208023071, 84.7207489014, 86.1328887939, 86.1327667236, 86.1327667236, 86.1328887939, 86.1327667236, 86.1328887939, 86.1327667236, 86.1327667236, 86.1328887939, 86.1327667236, 86.1328887939, 86.1326522827, 86.1328887939, 86.1328887939, 86.1328887939, 86.1326522827, 86.1328887939, 86.1328887939, 84.7206344604, 84.7208633423, 86.1328887939, 86.1328887939, 86.1326522827, 86.1328887939, 86.1328887939, 86.1326522827, 86.1328887939, 86.1328887939, 86.1326522827, 86.1328887939, 86.1328887939, 86.1328887939, 86.1326522827, 86.1328887939, 86.1328887939, 86.1328887939, 86.1328887939, 86.1324157715, 86.1328887939, 84.7210922241, 84.7206344604, 86.1328887939, 86.1328887939, 86.1324157715, 86.1328887939, 86.1328887939, 86.1328887939, 86.1328887939, 86.1328887939, 86.1328887939, 86.1324157715, 86.1328887939, 86.1328887939, 86.1328887939, 86.1328887939, 86.1328887939, 86.1328887939, 86.1324157715, 86.1328887939, 86.1328887939, 86.1328887939, 83.3543930054, 86.1328887939, 86.1328887939, 86.1324157715, 86.1328887939, 86.1328887939, 86.1328887939, 86.1328887939, 86.1328887939, 86.1324157715, 86.1328887939, 86.1328887939, 86.1328887939, 86.1328887939, 86.1328887939, 86.1328887939, 86.1324157715, 86.1328887939, 86.1328887939, 86.1324157715, 86.133354187, 86.1324157715, 86.133354187, 86.1324157715, 86.133354187, 86.1324157715, 86.1324157715, 84.7210922241, 86.133354187, 84.7201766968, 86.133354187, 86.1324157715, 87.5925292969, 87.5925292969, 86.133354187, 84.7210922241, 84.7201766968, 86.133354187, 86.1324157715, 86.1324157715, 86.133354187, 86.1324157715, 86.133354187, 86.1324157715, 86.133354187, 86.1324157715, 86.1324157715, 84.7210922241, 84.7210922241, 86.1324157715, 86.133354187, 86.1324157715, 86.133354187, 86.1324157715, 86.1324157715, 86.133354187, 86.1324157715, 86.133354187, 86.1324157715, 86.1324157715, 86.133354187, 86.1324157715, 86.133354187, 84.7201766968, 84.7210922241, 86.133354187, 86.1324157715, 86.1324157715, 86.133354187, 86.1324157715, 86.133354187, 86.1324157715, 86.133354187, 86.1324157715, 86.1324157715, 86.133354187, 86.1324157715, 86.133354187, 86.1324157715, 86.133354187, 86.1324157715, 86.1324157715, 86.133354187, 86.1324157715, 84.7210922241, 84.7210922241, 86.1324157715, 86.1324157715, 83.3543930054, 83.3543930054, 82.0310821533, 82.0310821533, 82.0310821533, 82.0310821533, 83.3543930054, 86.133354187, 86.1324157715, 84.7210922241, 87.5925292969, 86.133354187, 86.1324157715, 86.1324157715, 84.7210922241, 86.1324157715, 84.7210922241, 86.133354187, 86.1324157715, 86.133354187, 86.1314697266, 86.133354187, 86.133354187, 86.133354187, 86.1314697266, 86.133354187, 86.133354187, 86.1314697266, 86.133354187, 86.133354187, 86.133354187, 84.7192687988, 86.133354187, 86.133354187, 86.133354187, 86.1314697266, 87.5935058594, 86.133354187, 86.1314697266, 84.7210922241, 84.7210922241, 86.133354187, 86.1314697266, 84.7210922241, 86.133354187, 87.5915527344, 86.133354187, 86.133354187, 86.133354187, 86.1314697266, 86.133354187, 86.133354187, 86.1314697266, 86.133354187, 86.133354187, 86.133354187, 86.1314697266, 86.133354187, 86.133354187, 86.1314697266, 86.133354187, 84.7210922241, 84.7210922241, 86.133354187, 86.1314697266, 86.133354187, 86.133354187, 86.1314697266, 86.133354187, 86.133354187, 86.133354187, 86.1314697266, 86.133354187, 86.133354187, 86.1314697266, 86.133354187, 86.133354187, 86.133354187, 86.1314697266, 86.133354187, 86.133354187, 86.1314697266, 86.133354187, 84.7210922241, 84.7210922241, 86.1314697266, 86.133354187, 86.133354187, 86.133354187, 86.1314697266, 86.133354187, 86.133354187, 86.1314697266, 86.133354187, 86.133354187, 86.133354187, 86.1314697266, 86.133354187, 86.133354187, 86.1314697266, 86.133354187, 86.133354187, 86.133354187, 84.7192687988, 84.7210922241, 86.133354187, 86.133354187, 86.1314697266, 86.133354187, 86.133354187, 86.133354187, 86.1314697266, 86.133354187, 86.133354187, 86.1314697266, 86.133354187, 86.133354187, 89.1019897461, 83.3543930054, 86.133354187, 86.133354187, 86.1314697266, 86.133354187, 84.7210922241, 84.7210922241, 86.133354187, 86.1314697266, 86.133354187, 86.133354187, 86.1314697266, 86.133354187]
