
metadata:
    version:
        essentia: "2.1-beta2"
    audio_properties:
        analysis_sample_rate: 44100
        bitrate: 256
        channels: 2
        equal_loudness: 1
        length: 260.022857666
        replay_gain: -15.2255001068
        downmix: "mix"
    tags:
        album: "Indestructible"
        artist: "Disturbed"
        comment: ""
        date: "2008"
        genre: "Rock"
        title: "Enough"
        tracknumber: "7"

configuration:
    average_loudness:
        compute: 1
        frameSize: 88200
        hopSize: 44100
        silentFrames: "noise"
        windowType: "hann"
    general:
        analysisSampleRate: 44100
        endTime: 2000
        equalLoudness: 1
        nequalLoudness: 0
        shortSound: 0
        startTime: 0
    lowlevel:
        compute: 1
        frameSize: 2048
        hopSize: 1024
        zeroPadding: 0
        silentFrames: "noise"
        windowType: "blackmanharris62"
        mfccStats: ["mean", "cov", "icov"]
        stats: ["mean", "var", "median", "min", "max", "dmean", "dmean2", "dvar", "dvar2"]
    panning:
        compute: 0
        frameSize: 8192
        hopSize: 2048
        zeroPadding: 8192
        silentFrames: "noise"
        windowType: "hann"
        stats: ["copy"]
    rhythm:
        compute: 1
        maxTempo: 208
        minTempo: 40
        method: "degara"
        stats: ["mean", "var", "median", "min", "max", "dmean", "dmean2", "dvar", "dvar2"]
    segmentation:
        compute: 0
        cpw: 5
        inc1: 300
        inc2: 50
        minimumSegmentsLength: 10
        size1: 1000
        size2: 600
    sfx:
        compute: 1
        stats: ["mean", "var", "median", "min", "max", "dmean", "dmean2", "dvar", "dvar2"]
    svm:
        compute: 0
    tonal:
        compute: 1
        frameSize: 4096
        hopSize: 2048
        zeroPadding: 0
        silentFrames: "noise"
        windowType: "blackmanharris62"
        stats: ["mean", "var", "median", "min", "max", "dmean", "dmean2", "dvar", "dvar2"]

lowlevel:
    average_loudness: 0.920652329922
    barkbands_kurtosis:
        dmean: 1.29529869556
        dmean2: 2.01767277718
        dvar: 30.1091918945
        dvar2: 60.6341362
        max: 272.798095703
        mean: 0.0784919857979
        median: -1.12001919746
        min: -1.92019498348
        var: 70.1199874878
    barkbands_skewness:
        dmean: 0.526505470276
        dmean2: 0.822152018547
        dvar: 0.330550372601
        dvar2: 0.801001787186
        max: 14.9354486465
        mean: 0.0264729615301
        median: -0.227060884237
        min: -3.8683590889
        var: 1.35168790817
    barkbands_spread:
        dmean: 7.459379673
        dmean2: 11.9761762619
        dvar: 55.9922943115
        dvar2: 138.781539917
        max: 75.8820419312
        mean: 37.5106887817
        median: 37.6070175171
        min: 0.507545828819
        var: 132.616455078
    dissonance:
        dmean: 0.0098947910592
        dmean2: 0.0167565364391
        dvar: 9.89158215816e-005
        dvar2: 0.000271422613878
        max: 0.500000059605
        mean: 0.482933908701
        median: 0.486179292202
        min: 0.343710869551
        var: 0.000181904775673
    hfc:
        dmean: 2.57399249077
        dmean2: 4.24340009689
        dvar: 9.22838973999
        dvar2: 23.2027931213
        max: 35.0673408508
        mean: 10.1926298141
        median: 10.3804016113
        min: 1.09341769243e-016
        var: 40.270866394
    pitch:
        dmean: 1057.26806641
        dmean2: 2030.16821289
        dvar: 2190158.75
        dvar2: 5061943.5
        max: 4654.41113281
        mean: 2068.9465332
        median: 3002.87133789
        min: 43.2304191589
        var: 3008973.5
    pitch_instantaneous_confidence:
        dmean: 0.076931886375
        dmean2: 0.127583235502
        dvar: 0.00423704972491
        dvar2: 0.0104020806029
        max: 0.963685154915
        mean: 0.340394467115
        median: 0.3251478374
        min: 0.123708665371
        var: 0.0113630788401
    pitch_salience:
        dmean: 0.0710042119026
        dmean2: 0.118678733706
        dvar: 0.00484457379207
        dvar2: 0.0130051113665
        max: 0.998866975307
        mean: 0.648379802704
        median: 0.67210483551
        min: 0.0815257430077
        var: 0.0109429843724
    silence_rate_20dB:
        dmean: 0
        dmean2: 0
        dvar: 0
        dvar2: 0
        max: 1
        mean: 1
        median: 1
        min: 1
        var: 0
    silence_rate_30dB:
        dmean: 0
        dmean2: 0
        dvar: 0
        dvar2: 0
        max: 1
        mean: 1
        median: 1
        min: 1
        var: 0
    silence_rate_60dB:
        dmean: 0.0800071433187
        dmean2: 0.160028576851
        dvar: 0.0736120194197
        dvar2: 0.158909127116
        max: 1
        mean: 0.237589284778
        median: 0
        min: 0
        var: 0.181133165956
    spectral_centroid:
        dmean: 359.530883789
        dmean2: 575.596069336
        dvar: 132167.8125
        dvar2: 323406.0625
        max: 11317.6435547
        mean: 1881.62451172
        median: 2003.97802734
        min: 87.6218566895
        var: 458248.3125
    spectral_complexity:
        dmean: 4.22341299057
        dmean2: 6.85926055908
        dvar: 19.1271286011
        dvar2: 43.6096000671
        max: 50
        mean: 19.3733043671
        median: 21
        min: 0
        var: 124.111907959
    spectral_crest:
        dmean: 2.0757920742
        dmean2: 3.4732632637
        dvar: 4.19044685364
        dvar2: 11.0846366882
        max: 25.249332428
        mean: 6.72232437134
        median: 5.76709032059
        min: 2.47679662704
        var: 9.29501438141
    spectral_decrease:
        dmean: 3.30238142388e-010
        dmean2: 5.45525513651e-010
        dvar: 1.69053202384e-019
        dvar2: 4.39695144132e-019
        max: 5.69886341848e-029
        mean: -1.10831865907e-009
        median: -1.11369202749e-009
        min: -5.74333158809e-009
        var: 4.0353253966e-019
    spectral_energy:
        dmean: 0.00142129941378
        dmean2: 0.00234537036158
        dvar: 3.03978868033e-006
        dvar2: 7.86799591879e-006
        max: 0.0236248299479
        mean: 0.00510755274445
        median: 0.00515652028844
        min: 1.01922117385e-020
        var: 8.36459275888e-006
    spectral_energyband_high:
        dmean: 0.000262976769591
        dmean2: 0.00043473317055
        dvar: 1.00801990754e-007
        dvar2: 2.56792361597e-007
        max: 0.0047414097935
        mean: 0.000727802456822
        median: 0.000671326299198
        min: 7.23321220402e-021
        var: 2.91176860401e-007
    spectral_energyband_low:
        dmean: 0.000568106828723
        dmean2: 0.000983228906989
        dvar: 7.6135938798e-007
        dvar2: 2.06659683499e-006
        max: 0.00654501561075
        mean: 0.000705726619344
        median: 0.000376314885216
        min: 2.57307194854e-023
        var: 7.93438459823e-007
    spectral_energyband_middle_high:
        dmean: 0.000630699913017
        dmean2: 0.00102259207051
        dvar: 4.61962400777e-007
        dvar2: 1.15698446734e-006
        max: 0.011784193106
        mean: 0.00248315767385
        median: 0.00238710502163
        min: 1.55618876025e-021
        var: 2.81893585452e-006
    spectral_energyband_middle_low:
        dmean: 0.000684405211359
        dmean2: 0.00111262814607
        dvar: 1.25771521198e-006
        dvar2: 3.29203180627e-006
        max: 0.0182178039104
        mean: 0.00139621121343
        median: 0.00104943686165
        min: 3.06262334377e-022
        var: 1.74357705873e-006
    spectral_flatness_db:
        dmean: 0.0162056051195
        dmean2: 0.026067584753
        dvar: 0.000267468014499
        dvar2: 0.000671749585308
        max: 0.436644941568
        mean: 0.145733624697
        median: 0.139058291912
        min: 0.0555990226567
        var: 0.000989539548755
    spectral_flux:
        dmean: 0.00843606796116
        dmean2: 0.0131155569106
        dvar: 9.22218459891e-005
        dvar2: 0.000184196702321
        max: 0.112878829241
        mean: 0.042838729918
        median: 0.0443659238517
        min: 6.87059020787e-011
        var: 0.000306257425109
    spectral_kurtosis:
        dmean: 0.963535487652
        dmean2: 1.6406416893
        dvar: 1.42821443081
        dvar2: 4.04353666306
        max: 44.2259788513
        mean: 2.6326789856
        median: 2.41738128662
        min: -1.22111642361
        var: 2.2914249897
    spectral_rms:
        dmean: 0.000303976994473
        dmean2: 0.000491890590638
        dvar: 1.1717320092e-007
        dvar2: 2.93784069072e-007
        max: 0.00480089709163
        mean: 0.0020936166402
        median: 0.00224293349311
        min: 3.15335084433e-012
        var: 5.99748432251e-007
    spectral_rolloff:
        dmean: 416.195922852
        dmean2: 688.75567627
        dvar: 447200.65625
        dvar2: 1028605.8125
        max: 19466.015625
        mean: 3574.87182617
        median: 3875.9765625
        min: 86.1328125
        var: 1114709.625
    spectral_skewness:
        dmean: 0.166027322412
        dmean2: 0.268210440874
        dvar: 0.0325330272317
        dvar2: 0.0824407041073
        max: 4.58623886108
        mean: 1.05438601971
        median: 1.02749121189
        min: -0.0301763620228
        var: 0.0930795148015
    spectral_spread:
        dmean: 458022.9375
        dmean2: 668172.0625
        dvar: 421993283584
        dvar2: 726586818560
        max: 41107200
        mean: 4563298
        median: 4368765
        min: 1530309.125
        var: 1.87084229837e+012
    spectral_strongpeak:
        dmean: 0.385033816099
        dmean2: 0.672322452068
        dvar: 0.376994848251
        dvar2: 1.02359879017
        max: 8.40301513672
        mean: 0.5274553895
        median: 0.220076620579
        min: 0
        var: 0.483968406916
    zerocrossingrate:
        dmean: 0.0098853521049
        dmean2: 0.0119349407032
        dvar: 8.20264394861e-005
        dvar2: 9.95063965092e-005
        max: 0.5009765625
        mean: 0.106024518609
        median: 0.1123046875
        min: 0.00390625
        var: 0.000888010021299
    barkbands:
        dmean: [3.17482545142e-007, 0.000136645365274, 0.000377428310458, 0.000175350272912, 0.000318585865898, 0.000204217547434, 0.0001032954533, 5.91565731156e-005, 9.0881192591e-005, 0.000103777107142, 6.00150924583e-005, 0.000103613034298, 7.09550295142e-005, 9.53573544393e-005, 6.54483446851e-005, 0.000110748529551, 0.000122205048683, 0.000130240849103, 0.000250045617577, 0.000226869611652, 0.000144237405038, 3.69672816305e-005, 6.37218818156e-006, 3.01908812617e-006, 1.49920685999e-006, 4.83353268521e-008, 2.75563460939e-010]
        dmean2: [5.43978785572e-007, 0.000238693944993, 0.000659641809762, 0.000295183184789, 0.00053322489839, 0.000321951345541, 0.000169820079464, 9.51627735049e-005, 0.000143947050674, 0.000159974413691, 9.70207693172e-005, 0.000167304227944, 0.00011755865853, 0.000158241076861, 0.00010684296285, 0.000186372009921, 0.00020445662085, 0.000222612987272, 0.000419713789597, 0.000377373653464, 0.00024524377659, 6.11501964158e-005, 1.04198861663e-005, 4.51814094049e-006, 2.19774688048e-006, 7.44196739788e-008, 4.90800122765e-010]
        dvar: [3.08952245297e-013, 5.46913199173e-008, 3.4390521364e-007, 9.8284061778e-008, 5.93896231749e-007, 1.71638177449e-007, 3.96904908939e-008, 1.27706627495e-008, 4.38671428071e-008, 4.70390411067e-008, 1.81915709163e-008, 4.20253201128e-008, 2.2036882541e-008, 3.3441626357e-008, 1.48057983651e-008, 1.68279061796e-008, 1.92124893772e-008, 2.37417641102e-008, 7.12831607075e-008, 6.55137242234e-008, 3.14409192015e-008, 2.65785748965e-009, 1.00839350758e-010, 8.30913948757e-011, 2.40433194187e-011, 1.48441388982e-014, 2.38563696648e-019]
        dvar2: [8.09767834384e-013, 1.49790011506e-007, 9.46914440192e-007, 2.52196173278e-007, 1.58006048423e-006, 3.93545661836e-007, 9.85029160461e-008, 2.98626652295e-008, 1.03182443922e-007, 1.05466355649e-007, 4.4856545145e-008, 1.04756416874e-007, 5.78369778736e-008, 8.88532909471e-008, 3.81662665916e-008, 4.45453522957e-008, 5.06063422279e-008, 6.44729354349e-008, 1.91294049046e-007, 1.72946101884e-007, 8.24316188641e-008, 6.53810916518e-009, 2.43807862788e-010, 1.71586550524e-010, 5.12543896214e-011, 3.22763835786e-014, 6.4500338842e-019]
        max: [4.17815590481e-006, 0.00154445692897, 0.00482115149498, 0.00439221598208, 0.0143216233701, 0.00838198140264, 0.005355511792, 0.00255209417082, 0.0038652503863, 0.00441579706967, 0.00317430496216, 0.00622679293156, 0.00326206232421, 0.00430090166628, 0.00254930043593, 0.00295709096827, 0.00249394541606, 0.00251286313869, 0.0044161612168, 0.00373035413213, 0.00203525228426, 0.00090584368445, 0.000177530557266, 0.000186786899576, 0.000132999906782, 4.33151399193e-006, 9.86577664008e-009]
        mean: [2.99143522398e-007, 0.000138665316626, 0.000421274860855, 0.000219788140384, 0.000399895187002, 0.000305542576825, 0.000153240660438, 8.99634178495e-005, 0.000148526829435, 0.000171356281498, 9.63007623795e-005, 0.000171526611666, 0.000108847809315, 0.000150947947986, 0.000115071707114, 0.000224736504606, 0.000264499423793, 0.000272617588053, 0.000626941269729, 0.000593824195676, 0.00033907382749, 7.46720979805e-005, 1.16722803796e-005, 5.71275541006e-006, 2.4839953312e-006, 7.63505880741e-008, 2.39336467311e-010]
        median: [9.90316664229e-008, 7.36614165362e-005, 0.000193849147763, 0.00011505796283, 0.000190987455426, 0.000117623159895, 7.7246229921e-005, 4.40328876721e-005, 5.11401995027e-005, 5.24565220985e-005, 3.57463286491e-005, 6.65837942506e-005, 4.70961131214e-005, 6.6304783104e-005, 6.82194076944e-005, 0.000191926301341, 0.000234330509556, 0.000255006481893, 0.000592479889747, 0.000532462494448, 0.000307067180984, 5.31139885425e-005, 6.55602343613e-006, 2.45597902904e-006, 9.75313014351e-007, 3.20833919432e-008, 8.22106202558e-011]
        min: [6.18753740075e-024, 1.09196816516e-023, 2.6168405548e-024, 6.76047484887e-024, 3.22183289249e-023, 2.73496024802e-023, 3.70719471056e-023, 3.41821318841e-023, 3.98273688277e-023, 5.21108671333e-023, 8.86784923068e-023, 7.21456906055e-023, 6.69360847419e-023, 5.87191580918e-023, 8.14498758423e-023, 8.57254388397e-023, 1.01650306462e-022, 1.54049464391e-022, 1.74510105513e-022, 3.50265096644e-022, 2.79384265614e-022, 3.64709682555e-022, 5.22008319864e-022, 5.89441664655e-022, 9.83153231478e-022, 1.49848574336e-021, 2.31398283365e-021]
        var: [2.72388313077e-013, 4.24183248526e-008, 3.51872017745e-007, 1.17655652332e-007, 5.65392895169e-007, 3.48518511828e-007, 6.31549497143e-008, 2.32369785635e-008, 1.0720283683e-007, 1.10013708365e-007, 3.90740417799e-008, 8.90778153462e-008, 3.81968412455e-008, 5.866449726e-008, 2.98933358067e-008, 3.9016008202e-008, 4.50222081838e-008, 4.09302316484e-008, 2.09413244079e-007, 2.11752748669e-007, 6.67133193133e-008, 5.54038503964e-009, 2.06988690077e-010, 1.80924580873e-010, 3.94727271702e-011, 2.60349975899e-014, 2.26215906355e-019]
    frequency_bands:
        dmean: [3.17482545142e-007, 0.000136645365274, 0.000377428310458, 0.000175350272912, 0.000318585865898, 0.000204217547434, 0.0001032954533, 5.91565731156e-005, 9.0881192591e-005, 0.000103777107142, 6.00150924583e-005, 0.000103613034298, 7.09550295142e-005, 9.53573544393e-005, 6.54483446851e-005, 0.000110748529551, 0.000122205048683, 0.000130240849103, 0.000250045617577, 0.000226869611652, 0.000144237405038, 3.69672816305e-005, 6.37218818156e-006, 3.01908812617e-006, 1.49920685999e-006, 4.83353268521e-008, 2.75563460939e-010, 5.9889829207e-011]
        dmean2: [5.43978785572e-007, 0.000238693944993, 0.000659641809762, 0.000295183184789, 0.00053322489839, 0.000321951345541, 0.000169820079464, 9.51627735049e-005, 0.000143947050674, 0.000159974413691, 9.70207693172e-005, 0.000167304227944, 0.00011755865853, 0.000158241076861, 0.00010684296285, 0.000186372009921, 0.00020445662085, 0.000222612987272, 0.000419713789597, 0.000377373653464, 0.00024524377659, 6.11501964158e-005, 1.04198861663e-005, 4.51814094049e-006, 2.19774688048e-006, 7.44196739788e-008, 4.90800122765e-010, 1.10851487711e-010]
        dvar: [3.08952245297e-013, 5.46913199173e-008, 3.4390521364e-007, 9.8284061778e-008, 5.93896231749e-007, 1.71638177449e-007, 3.96904908939e-008, 1.27706627495e-008, 4.38671428071e-008, 4.70390411067e-008, 1.81915709163e-008, 4.20253201128e-008, 2.2036882541e-008, 3.3441626357e-008, 1.48057983651e-008, 1.68279061796e-008, 1.92124893772e-008, 2.37417641102e-008, 7.12831607075e-008, 6.55137242234e-008, 3.14409192015e-008, 2.65785748965e-009, 1.00839350758e-010, 8.30913948757e-011, 2.40433194187e-011, 1.48441388982e-014, 2.38563696648e-019, 7.74405035444e-021]
        dvar2: [8.09767834384e-013, 1.49790011506e-007, 9.46914440192e-007, 2.52196173278e-007, 1.58006048423e-006, 3.93545661836e-007, 9.85029160461e-008, 2.98626652295e-008, 1.03182443922e-007, 1.05466355649e-007, 4.4856545145e-008, 1.04756416874e-007, 5.78369778736e-008, 8.88532909471e-008, 3.81662665916e-008, 4.45453522957e-008, 5.06063422279e-008, 6.44729354349e-008, 1.91294049046e-007, 1.72946101884e-007, 8.24316188641e-008, 6.53810916518e-009, 2.43807862788e-010, 1.71586550524e-010, 5.12543896214e-011, 3.22763835786e-014, 6.4500338842e-019, 2.47587290396e-020]
        max: [4.17815590481e-006, 0.00154445692897, 0.00482115149498, 0.00439221598208, 0.0143216233701, 0.00838198140264, 0.005355511792, 0.00255209417082, 0.0038652503863, 0.00441579706967, 0.00317430496216, 0.00622679293156, 0.00326206232421, 0.00430090166628, 0.00254930043593, 0.00295709096827, 0.00249394541606, 0.00251286313869, 0.0044161612168, 0.00373035413213, 0.00203525228426, 0.00090584368445, 0.000177530557266, 0.000186786899576, 0.000132999906782, 4.33151399193e-006, 9.86577664008e-009, 9.98667482044e-010]
        mean: [2.99143522398e-007, 0.000138665316626, 0.000421274860855, 0.000219788140384, 0.000399895187002, 0.000305542576825, 0.000153240660438, 8.99634178495e-005, 0.000148526829435, 0.000171356281498, 9.63007623795e-005, 0.000171526611666, 0.000108847809315, 0.000150947947986, 0.000115071707114, 0.000224736504606, 0.000264499423793, 0.000272617588053, 0.000626941269729, 0.000593824195676, 0.00033907382749, 7.46720979805e-005, 1.16722803796e-005, 5.71275541006e-006, 2.4839953312e-006, 7.63505880741e-008, 2.39336467311e-010, 4.67762252543e-011]
        median: [9.90316664229e-008, 7.36614165362e-005, 0.000193849147763, 0.00011505796283, 0.000190987455426, 0.000117623159895, 7.7246229921e-005, 4.40328876721e-005, 5.11401995027e-005, 5.24565220985e-005, 3.57463286491e-005, 6.65837942506e-005, 4.70961131214e-005, 6.6304783104e-005, 6.82194076944e-005, 0.000191926301341, 0.000234330509556, 0.000255006481893, 0.000592479889747, 0.000532462494448, 0.000307067180984, 5.31139885425e-005, 6.55602343613e-006, 2.45597902904e-006, 9.75313014351e-007, 3.20833919432e-008, 8.22106202558e-011, 1.58591525329e-011]
        min: [6.18753740075e-024, 1.09196816516e-023, 2.6168405548e-024, 6.76047484887e-024, 3.22183289249e-023, 2.73496024802e-023, 3.70719471056e-023, 3.41821318841e-023, 3.98273688277e-023, 5.21108671333e-023, 8.86784923068e-023, 7.21456906055e-023, 6.69360847419e-023, 5.87191580918e-023, 8.14498758423e-023, 8.57254388397e-023, 1.01650306462e-022, 1.54049464391e-022, 1.74510105513e-022, 3.50265096644e-022, 2.79384265614e-022, 3.64709682555e-022, 5.22008319864e-022, 5.89441664655e-022, 9.83153231478e-022, 1.49848574336e-021, 2.31398283365e-021, 5.81872537959e-022]
        var: [2.72388313077e-013, 4.24183248526e-008, 3.51872017745e-007, 1.17655652332e-007, 5.65392895169e-007, 3.48518511828e-007, 6.31549497143e-008, 2.32369785635e-008, 1.0720283683e-007, 1.10013708365e-007, 3.90740417799e-008, 8.90778153462e-008, 3.81968412455e-008, 5.866449726e-008, 2.98933358067e-008, 3.9016008202e-008, 4.50222081838e-008, 4.09302316484e-008, 2.09413244079e-007, 2.11752748669e-007, 6.67133193133e-008, 5.54038503964e-009, 2.06988690077e-010, 1.80924580873e-010, 3.94727271702e-011, 2.60349975899e-014, 2.26215906355e-019, 6.19943232827e-021]
    mfcc:
        mean: [-709.38482666, 92.8934631348, -45.9769020081, 64.3688583374, -13.8840055466, 3.60024905205, 5.58591461182, -6.12334728241, 0.350760102272, -4.97110509872, -4.83230257034, -1.68062400818, -2.36551523209]
        cov: [[10133.1191406, 567.943908691, -1415.2902832, 515.182312012, -726.090332031, -74.0289840698, -140.720046997, -159.921295166, -48.3104972839, -92.5058288574, -176.215637207, -69.9745254517, 4.60608005524], [567.943908691, 677.278747559, -258.854980469, 224.809783936, -91.5913619995, -21.3677444458, 36.739151001, -47.9957084656, 28.9730243683, -29.4896697998, -11.6407032013, -2.65538287163, -10.154715538], [-1415.2902832, -258.854980469, 560.312744141, -79.2060699463, 221.136352539, 38.6542701721, -24.3571434021, 55.6586990356, -31.223077774, 16.4583358765, 20.7742385864, 0.983357012272, 3.63511109352], [515.182312012, 224.809783936, -79.2060699463, 353.340362549, 32.3553085327, 19.3155479431, -33.7129974365, -18.8791065216, 33.999797821, -4.80813360214, 7.90973806381, -1.47966313362, -5.64948654175], [-726.090332031, -91.5913619995, 221.136352539, 32.3553085327, 215.939208984, 39.5004959106, -5.06303071976, 7.147397995, 0.203374743462, 19.6883964539, 15.2499418259, 5.6747303009, -5.16155481339], [-74.0289840698, -21.3677444458, 38.6542701721, 19.3155479431, 39.5004959106, 100.894020081, 32.7292938232, 31.6572914124, -3.96543669701, 12.7213830948, 13.633687973, -1.94864618778, 0.385527193546], [-140.720046997, 36.739151001, -24.3571434021, -33.7129974365, -5.06303071976, 32.7292938232, 114.733917236, 42.3995018005, 14.7297821045, -6.54680109024, 2.56561279297, 6.99864530563, -0.277372032404], [-159.921295166, -47.9957084656, 55.6586990356, -18.8791065216, 7.147397995, 31.6572914124, 42.3995018005, 91.4429779053, 21.0616397858, 10.8155765533, 6.06157779694, 1.79205298424, 5.1032910347], [-48.3104972839, 28.9730243683, -31.223077774, 33.999797821, 0.203374743462, -3.96543669701, 14.7297821045, 21.0616397858, 74.2666091919, 34.4133720398, 16.2973499298, 1.86278998852, -7.9734749794], [-92.5058288574, -29.4896697998, 16.4583358765, -4.80813360214, 19.6883964539, 12.7213830948, -6.54680109024, 10.8155765533, 34.4133720398, 72.8120040894, 32.6894989014, 9.97058391571, -8.98159790039], [-176.215637207, -11.6407032013, 20.7742385864, 7.90973806381, 15.2499418259, 13.633687973, 2.56561279297, 6.06157779694, 16.2973499298, 32.6894989014, 62.7149467468, 22.8790817261, 5.33544921875], [-69.9745254517, -2.65538287163, 0.983357012272, -1.47966313362, 5.6747303009, -1.94864618778, 6.99864530563, 1.79205298424, 1.86278998852, 9.97058391571, 22.8790817261, 52.826675415, 24.4611854553], [4.60608005524, -10.154715538, 3.63511109352, -5.64948654175, -5.16155481339, 0.385527193546, -0.277372032404, 5.1032910347, -7.9734749794, -8.98159790039, 5.33544921875, 24.4611854553, 50.3043136597]]
        icov: [[0.000201323622605, 0.000105897786852, 0.000393808004446, -0.000342280662153, 0.000387279869756, -0.000113288224384, 0.000186695848242, -6.7448556365e-005, 0.000410323322285, -0.000288078794256, 0.000452711392427, 6.94201808074e-005, -8.36465987959e-005], [0.000105897786852, 0.00256302347407, 0.000564170069993, -0.00187998183537, 0.000946026993915, 0.000498350476846, -0.0017214755062, 0.00129279959947, 8.36336330394e-005, 4.65009179607e-005, 0.000344646337908, 7.27539299987e-005, 0.000158019902301], [0.000393808004446, 0.000564170069993, 0.00505982898176, 0.00026344548678, -0.0035698574502, 0.000433379609603, 0.00205121305771, -0.00345777114853, 0.0027237192262, -3.9822931285e-005, -0.000484464282636, 0.000944891071413, -0.000249208329478], [-0.000342280662153, -0.00187998183537, 0.00026344548678, 0.00564718199894, -0.00274972710758, -0.00193727156147, 0.00329418363981, -0.000688951229677, -0.0035480207298, 0.00316347903572, -0.00164327991661, -0.000602059299126, 0.00055727455765], [0.000387279869756, 0.000946026993915, -0.0035698574502, -0.00274972710758, 0.0108184143901, -0.00266309874132, -0.00152449635789, 0.00379886943847, -0.00073712610174, -0.00194153306074, 0.00214667990804, -0.00160561874509, 0.000930900976527], [-0.000113288224384, 0.000498350476846, 0.000433379609603, -0.00193727156147, -0.00266309874132, 0.0153452111408, -0.00497871963307, -0.00409719347954, 0.00614258507267, -0.00432274583727, -0.00290258415043, 0.00406385911629, -0.00160699337721], [0.000186695848242, -0.0017214755062, 0.00205121305771, 0.00329418363981, -0.00152449635789, -0.00497871963307, 0.0156605094671, -0.00647714547813, -0.00351947476156, 0.00561562040821, -0.000337131350534, -0.00373716535978, 0.00278010498732], [-6.7448556365e-005, 0.00129279959947, -0.00345777114853, -0.000688951229677, 0.00379886943847, -0.00409719347954, -0.00647714547813, 0.019173104316, -0.00642022490501, -0.000723213772289, 0.00174333807081, 0.000532069534529, -0.00271035730839], [0.000410323322285, 8.36336330394e-005, 0.0027237192262, -0.0035480207298, -0.00073712610174, 0.00614258507267, -0.00351947476156, -0.00642022490501, 0.0252325478941, -0.0124469902366, -0.000908547313884, 0.0031263276469, 0.000246500916546], [-0.000288078794256, 4.65009179607e-005, -3.9822931285e-005, 0.00316347903572, -0.00194153306074, -0.00432274583727, 0.00561562040821, -0.000723213772289, -0.0124469902366, 0.0271676387638, -0.00981773249805, -0.0043434491381, 0.00636328104883], [0.000452711392427, 0.000344646337908, -0.000484464282636, -0.00164327991661, 0.00214667990804, -0.00290258415043, -0.000337131350534, 0.00174333807081, -0.000908547313884, -0.00981773249805, 0.026319321245, -0.00914810132235, -0.0002976738906], [6.94201808074e-005, 7.27539299987e-005, 0.000944891071413, -0.000602059299126, -0.00160561874509, 0.00406385911629, -0.00373716535978, 0.000532069534529, 0.0031263276469, -0.0043434491381, -0.00914810132235, 0.0313958339393, -0.0149743957445], [-8.36465987959e-005, 0.000158019902301, -0.000249208329478, 0.00055727455765, 0.000930900976527, -0.00160699337721, 0.00278010498732, -0.00271035730839, 0.000246500916546, 0.00636328104883, -0.0002976738906, -0.0149743957445, 0.0288855750114]]
    sccoeffs:
        dmean: [0.0586184822023, 0.0472249425948, 0.0371685698628, 0.0289139822125, 0.0184249375015, 0.0209985971451]
        dmean2: [0.0980501174927, 0.0773149877787, 0.0608695596457, 0.0479899309576, 0.0308186169714, 0.0326788797975]
        dvar: [0.0022356940899, 0.00144778692629, 0.000894850236364, 0.000503883988131, 0.000218876069994, 0.000416536786361]
        dvar2: [0.00623878836632, 0.00375293078832, 0.00237769563682, 0.0013767654309, 0.000573510362301, 0.000943915452808]
        max: [-0.330156743526, -0.403552770615, -0.547564089298, -0.535638988018, -0.56838965416, -0.393137812614]
        mean: [-0.665023863316, -0.760730922222, -0.792290210724, -0.799971461296, -0.811867058277, -0.714863479137]
        median: [-0.66951239109, -0.76648491621, -0.80041205883, -0.802784800529, -0.809824943542, -0.712492823601]
        min: [-0.966317355633, -0.996408820152, -0.998734414577, -0.988606512547, -0.989240288734, -0.962899684906]
        var: [0.00532542774454, 0.00521632656455, 0.00422101514414, 0.00208501867019, 0.00101461354643, 0.00283334124833]
    scvalleys:
        dmean: [0.420077174902, 0.375973641872, 0.318946570158, 0.293030083179, 0.261428445578, 0.355165749788]
        dmean2: [0.689157783985, 0.620091438293, 0.513856828213, 0.467042982578, 0.406676799059, 0.515361368656]
        dvar: [0.138338536024, 0.126620963216, 0.0915468409657, 0.0944194197655, 0.132803156972, 0.228911623359]
        dvar2: [0.314794480801, 0.306639790535, 0.192154765129, 0.199301928282, 0.274350255728, 0.491803914309]
        max: [-4.89914894104, -4.67222547531, -5.38421535492, -5.66117143631, -5.60006952286, -7.56431102753]
        mean: [-6.85515880585, -6.85972499847, -7.20257377625, -7.23347997665, -6.82917499542, -9.84737682343]
        median: [-6.62927293777, -6.58263969421, -6.89010238647, -6.86036300659, -6.36265850067, -9.43555641174]
        min: [-27.4977016449, -27.1983509064, -27.4463787079, -27.4449005127, -27.2213306427, -27.3985042572]
        var: [1.52342426777, 1.76496064663, 1.90156793594, 2.04163837433, 2.33690595627, 2.41147542]

rhythm:
    beats_loudness:
        dmean: 0.00210796366446
        dmean2: 0.00365343224257
        dvar: 2.73411615126e-006
        dvar2: 8.44817350298e-006
        max: 0.0139045389369
        mean: 0.00578871183097
        median: 0.00588686577976
        min: 3.12435938232e-010
        var: 7.96143831394e-006
    bpm: 166.446228027
    bpm_confidence: 0
    first_peak_bpm: 167
    first_peak_spread: 0
    first_peak_weight: 0.676795601845
    onset_rate: 3.02281117439
    second_peak_bpm: 172
    second_peak_spread: 0
    second_peak_weight: 0.263812154531
    beats_loudness_band_ratio:
        dmean: [0.114001788199, 0.104122139513, 0.058354973793, 0.065060608089, 0.0664694905281, 0.0975335687399]
        dmean2: [0.200508132577, 0.183467939496, 0.101753309369, 0.114056460559, 0.115991123021, 0.175079628825]
        dvar: [0.0144377546385, 0.00963379070163, 0.00344959599897, 0.00486054411158, 0.00294096488506, 0.006563836243]
        dvar2: [0.0456587038934, 0.028513809666, 0.00996258016676, 0.0141080906615, 0.00795677676797, 0.0207404252142]
        max: [0.985243320465, 0.718476653099, 0.451663732529, 0.655433833599, 0.460633486509, 0.57953697443]
        mean: [0.20561131835, 0.144387319684, 0.092270731926, 0.10257216543, 0.195646494627, 0.302257508039]
        median: [0.135915249586, 0.113046400249, 0.0713739916682, 0.0776214599609, 0.191303014755, 0.313550144434]
        min: [0.00583522720262, 0.00851855240762, 0.00272715440951, 0.00101499620359, 0.000977804535069, 0.000813519000076]
        var: [0.0349771231413, 0.0109383882955, 0.00488161435351, 0.00697565590963, 0.00605029519647, 0.0105213122442]
