
metadata:
    version:
        essentia: "2.1-beta2"
    audio_properties:
        analysis_sample_rate: 44100
        bitrate: 256
        channels: 2
        equal_loudness: 1
        length: 204.617141724
        replay_gain: -15.6440286636
        downmix: "mix"
    tags:
        album: "Indestructible"
        artist: "Disturbed"
        comment: ""
        date: "2008"
        genre: "Rock"
        title: "The Curse"
        tracknumber: "8"

configuration:
    average_loudness:
        compute: 1
        frameSize: 88200
        hopSize: 44100
        silentFrames: "noise"
        windowType: "hann"
    general:
        analysisSampleRate: 44100
        endTime: 2000
        equalLoudness: 1
        nequalLoudness: 0
        shortSound: 0
        startTime: 0
    lowlevel:
        compute: 1
        frameSize: 2048
        hopSize: 1024
        zeroPadding: 0
        silentFrames: "noise"
        windowType: "blackmanharris62"
        mfccStats: ["mean", "cov", "icov"]
        stats: ["mean", "var", "median", "min", "max", "dmean", "dmean2", "dvar", "dvar2"]
    panning:
        compute: 0
        frameSize: 8192
        hopSize: 2048
        zeroPadding: 8192
        silentFrames: "noise"
        windowType: "hann"
        stats: ["copy"]
    rhythm:
        compute: 1
        maxTempo: 208
        minTempo: 40
        method: "degara"
        stats: ["mean", "var", "median", "min", "max", "dmean", "dmean2", "dvar", "dvar2"]
    segmentation:
        compute: 0
        cpw: 5
        inc1: 300
        inc2: 50
        minimumSegmentsLength: 10
        size1: 1000
        size2: 600
    sfx:
        compute: 1
        stats: ["mean", "var", "median", "min", "max", "dmean", "dmean2", "dvar", "dvar2"]
    svm:
        compute: 0
    tonal:
        compute: 1
        frameSize: 4096
        hopSize: 2048
        zeroPadding: 0
        silentFrames: "noise"
        windowType: "blackmanharris62"
        stats: ["mean", "var", "median", "min", "max", "dmean", "dmean2", "dvar", "dvar2"]

lowlevel:
    average_loudness: 0.92127597332
    barkbands_kurtosis:
        dmean: 0.948875010014
        dmean2: 1.52868819237
        dvar: 2.34926486015
        dvar2: 5.12045621872
        max: 62.2010040283
        mean: -0.26468154788
        median: -0.822541534901
        min: -1.90438175201
        var: 4.80639028549
    barkbands_skewness:
        dmean: 0.471634864807
        dmean2: 0.751667797565
        dvar: 0.204777792096
        dvar2: 0.482543557882
        max: 7.11115598679
        mean: -0.58295917511
        median: -0.673116266727
        min: -3.03428459167
        var: 0.761260807514
    barkbands_spread:
        dmean: 7.90311098099
        dmean2: 12.8393068314
        dvar: 55.8552207947
        dvar2: 142.807037354
        max: 72.6592254639
        mean: 36.4174079895
        median: 35.9954071045
        min: 2.69621992111
        var: 123.410636902
    dissonance:
        dmean: 0.00788334477693
        dmean2: 0.0134415747598
        dvar: 6.82874815539e-005
        dvar2: 0.00019232466002
        max: 0.500000059605
        mean: 0.486772626638
        median: 0.489239215851
        min: 0.330893576145
        var: 0.000113488080387
    hfc:
        dmean: 3.18215489388
        dmean2: 5.229429245
        dvar: 13.1653499603
        dvar2: 33.7590255737
        max: 43.405418396
        mean: 12.5549373627
        median: 12.1696605682
        min: 1.06433336035e-016
        var: 41.9490203857
    pitch:
        dmean: 1003.65026855
        dmean2: 1913.78637695
        dvar: 1901607.375
        dvar2: 4389825
        max: 4850.61669922
        mean: 2268.60180664
        median: 3425.57568359
        min: 62.2967185974
        var: 2636124.5
    pitch_instantaneous_confidence:
        dmean: 0.0807526111603
        dmean2: 0.132982254028
        dvar: 0.00426595797762
        dvar2: 0.0111300870776
        max: 0.898969173431
        mean: 0.373284548521
        median: 0.355421513319
        min: 0.0968428254128
        var: 0.0141750667244
    pitch_salience:
        dmean: 0.0613149851561
        dmean2: 0.102385289967
        dvar: 0.00318734510802
        dvar2: 0.00842120498419
        max: 0.867660880089
        mean: 0.672700047493
        median: 0.686249375343
        min: 0.204261377454
        var: 0.00697807362303
    silence_rate_20dB:
        dmean: 0
        dmean2: 0
        dvar: 0
        dvar2: 0
        max: 1
        mean: 1
        median: 1
        min: 1
        var: 0
    silence_rate_30dB:
        dmean: 0
        dmean2: 0
        dvar: 0
        dvar2: 0
        max: 1
        mean: 1
        median: 1
        min: 1
        var: 0
    silence_rate_60dB:
        dmean: 0.0685351192951
        dmean2: 0.137085795403
        dvar: 0.0638400763273
        dvar2: 0.143265351653
        max: 1
        mean: 0.133537560701
        median: 0
        min: 0
        var: 0.115696974099
    spectral_centroid:
        dmean: 329.567840576
        dmean2: 536.684387207
        dvar: 119052.140625
        dvar2: 279222.1875
        max: 11718.125
        mean: 2347.91503906
        median: 2332.53588867
        min: 130.608123779
        var: 1374339.625
    spectral_complexity:
        dmean: 4.47679567337
        dmean2: 7.08011817932
        dvar: 18.8443202972
        dvar2: 41.6475563049
        max: 48
        mean: 20.9463348389
        median: 22
        min: 0
        var: 81.5066604614
    spectral_crest:
        dmean: 1.82149684429
        dmean2: 3.06228733063
        dvar: 2.84558033943
        dvar2: 7.35037231445
        max: 21.4244747162
        mean: 6.57151603699
        median: 6.03973770142
        min: 2.74220347404
        var: 5.70630073547
    spectral_decrease:
        dmean: 3.38995859162e-010
        dmean2: 5.66701519045e-010
        dvar: 1.90953481185e-019
        dvar2: 5.10779323662e-019
        max: 1.73524085207e-028
        mean: -1.16777443271e-009
        median: -1.12439302313e-009
        min: -4.85141793405e-009
        var: 3.06087561574e-019
    spectral_energy:
        dmean: 0.00151214457583
        dmean2: 0.00250986404717
        dvar: 3.61639331459e-006
        dvar2: 9.62642116065e-006
        max: 0.0206387173384
        mean: 0.00554622104391
        median: 0.00538127776235
        min: 1.00715249562e-020
        var: 6.67495987727e-006
    spectral_energyband_high:
        dmean: 0.000309939001454
        dmean2: 0.000519401393831
        dvar: 1.47716789911e-007
        dvar2: 3.85985742923e-007
        max: 0.00581235997379
        mean: 0.000836333609186
        median: 0.000745305558667
        min: 6.92098221893e-021
        var: 3.04056982259e-007
    spectral_energyband_low:
        dmean: 0.000546535942703
        dmean2: 0.000963428581599
        dvar: 7.16673923762e-007
        dvar2: 1.96645669348e-006
        max: 0.00736814411357
        mean: 0.000653316499665
        median: 0.000365907209925
        min: 1.32304619246e-023
        var: 6.42836653242e-007
    spectral_energyband_middle_high:
        dmean: 0.000789862358943
        dmean2: 0.00127001502551
        dvar: 6.44774672764e-007
        dvar2: 1.63132710895e-006
        max: 0.0121885547414
        mean: 0.00305039389059
        median: 0.00287850713357
        min: 1.16380454972e-021
        var: 2.71635462923e-006
    spectral_energyband_middle_low:
        dmean: 0.000609276874457
        dmean2: 0.00102666462772
        dvar: 1.1995470004e-006
        dvar2: 3.29637146024e-006
        max: 0.0140163293108
        mean: 0.00118025869597
        median: 0.000908907968551
        min: 1.5186251477e-022
        var: 1.18950197248e-006
    spectral_flatness_db:
        dmean: 0.0142587302253
        dmean2: 0.022675504908
        dvar: 0.000172299100086
        dvar2: 0.000410642300267
        max: 0.333162307739
        mean: 0.145705133677
        median: 0.141496777534
        min: 0.0596815124154
        var: 0.000841113738716
    spectral_flux:
        dmean: 0.0086275273934
        dmean2: 0.0135221295059
        dvar: 9.03126274352e-005
        dvar2: 0.000172527797986
        max: 0.116481371224
        mean: 0.0473837628961
        median: 0.0465999916196
        min: 6.37800853798e-011
        var: 0.000254083279287
    spectral_kurtosis:
        dmean: 0.908839464188
        dmean2: 1.57210385799
        dvar: 0.934287548065
        dvar2: 2.75489401817
        max: 18.3915615082
        mean: 2.73311567307
        median: 2.5744433403
        min: -1.25936329365
        var: 1.81788349152
    spectral_rms:
        dmean: 0.000302178261336
        dmean2: 0.00049197365297
        dvar: 1.17089399509e-007
        dvar2: 3.0117431038e-007
        max: 0.00448724115267
        mean: 0.00224317307584
        median: 0.00229129381478
        min: 3.13462558861e-012
        var: 3.79114567295e-007
    spectral_rolloff:
        dmean: 311.962585449
        dmean2: 509.826385498
        dvar: 214857.859375
        dvar2: 436563.84375
        max: 19487.5488281
        mean: 4036.07763672
        median: 3962.109375
        min: 107.666015625
        var: 3467272.5
    spectral_skewness:
        dmean: 0.150620028377
        dmean2: 0.246934086084
        dvar: 0.0209915619344
        dvar2: 0.0524968057871
        max: 3.08313035965
        mean: 1.00526273251
        median: 1.00257825851
        min: -0.0816595628858
        var: 0.107301712036
    spectral_spread:
        dmean: 469350.90625
        dmean2: 701132.5
        dvar: 538415366144
        dvar2: 946671517696
        max: 42501248
        mean: 4957849
        median: 4374621
        min: 2122210.25
        var: 1.88619276943e+013
    spectral_strongpeak:
        dmean: 0.70857578516
        dmean2: 1.23511135578
        dvar: 0.897782385349
        dvar2: 2.29550600052
        max: 15.9795093536
        mean: 0.89482486248
        median: 0.348288297653
        min: 0
        var: 1.41554892063
    zerocrossingrate:
        dmean: 0.00899971090257
        dmean2: 0.0114905675873
        dvar: 8.58271669131e-005
        dvar2: 0.00011247763905
        max: 0.53076171875
        mean: 0.125581353903
        median: 0.12451171875
        min: 0.0087890625
        var: 0.00248380890116
    barkbands:
        dmean: [3.94597293507e-007, 0.000132029977976, 0.000366836960893, 0.000157901929924, 0.000322955544107, 0.000171890176716, 0.000105219660327, 4.97129512951e-005, 5.17790576851e-005, 6.41823207843e-005, 5.21760121046e-005, 9.31570975808e-005, 6.80449884385e-005, 9.70082401182e-005, 7.43832642911e-005, 0.000140172662213, 0.0002098546247, 0.000217747394345, 0.000365282117855, 0.000279688450973, 0.000170979270479, 4.65824668936e-005, 7.79361016612e-006, 3.65556616089e-006, 1.9885249003e-006, 8.53510115917e-008, 4.06233574557e-010]
        dmean2: [6.41445865313e-007, 0.000234326827922, 0.000651200010907, 0.000266998773441, 0.000563147594221, 0.000284110981738, 0.000174983186298, 8.02893337095e-005, 8.41334331199e-005, 0.000101535217254, 8.26449904707e-005, 0.000149843210238, 0.000109319931653, 0.000159991133842, 0.000121546101582, 0.000231979924138, 0.000346522167092, 0.000355501688318, 0.000610944989603, 0.000462211377453, 0.000294047204079, 7.65034419601e-005, 1.27223638628e-005, 5.7522465795e-006, 3.09341317006e-006, 1.3283430178e-007, 7.04078628733e-010]
        dvar: [4.51650327381e-013, 5.05463368938e-008, 3.30881817945e-007, 5.00331829301e-008, 5.81930578392e-007, 1.08206897664e-007, 3.94833641337e-008, 1.02146495706e-008, 1.20895693456e-008, 2.04111998414e-008, 1.72708443102e-008, 4.02775590658e-008, 1.78364292225e-008, 4.0120443856e-008, 1.80664496696e-008, 3.30702221163e-008, 7.4408255557e-008, 9.12908575401e-008, 2.00814270102e-007, 1.18413836958e-007, 4.62293527903e-008, 4.3733496824e-009, 1.61118896003e-010, 1.30578103885e-010, 4.73013156421e-011, 7.42835290892e-014, 1.58473205627e-018]
        dvar2: [1.11024069712e-012, 1.39396988175e-007, 9.10056542125e-007, 1.29462080167e-007, 1.63605091075e-006, 2.73992810662e-007, 1.00288794158e-007, 2.27889440652e-008, 2.81008549763e-008, 4.64957672364e-008, 3.96212840315e-008, 1.0366897385e-007, 4.23562873664e-008, 1.0799509198e-007, 4.27175876894e-008, 8.43209946311e-008, 1.9501544557e-007, 2.26838267281e-007, 5.0301423471e-007, 3.01592422147e-007, 1.25978260712e-007, 1.05681046136e-008, 3.95965732425e-010, 3.13724629608e-010, 1.13952479397e-010, 1.70228875484e-013, 4.30758109018e-018]
        max: [4.4046455514e-006, 0.00134013756178, 0.0051484964788, 0.00360393244773, 0.0105913933367, 0.00647485069931, 0.0040500080213, 0.00299353594892, 0.00219105416909, 0.00313615123741, 0.002787115518, 0.0036328129936, 0.00347174331546, 0.00387803977355, 0.00375413615257, 0.0038637581747, 0.00563772255555, 0.00660164374858, 0.00855272915214, 0.00903861690313, 0.00260857166722, 0.00110757711809, 0.000353638693923, 0.000238204549532, 0.000145622572745, 6.93439642419e-006, 3.44220474346e-008]
        mean: [3.89184464211e-007, 0.000130562781123, 0.000390397326555, 0.000204565585591, 0.000405987259001, 0.000241735615418, 0.000140433301567, 7.3731316661e-005, 6.99399970472e-005, 9.42000115174e-005, 7.82493152656e-005, 0.000139029216371, 0.000103245693026, 0.000145175421494, 0.000119671451102, 0.00027235323796, 0.000424745958298, 0.000446963240393, 0.000883409986272, 0.000677131814882, 0.000383447506465, 9.55099676503e-005, 1.5502801034e-005, 6.41657516098e-006, 3.28962141793e-006, 1.36105256843e-007, 3.89138776757e-010]
        median: [8.56239950053e-008, 7.08276493242e-005, 0.000191323459148, 0.000122134646517, 0.000220571062528, 0.000115477334475, 6.4502863097e-005, 2.85226815322e-005, 3.02311127598e-005, 3.13524869853e-005, 2.54845635936e-005, 5.01655886183e-005, 4.2839856178e-005, 6.21935032541e-005, 7.02211982571e-005, 0.000208897894481, 0.000337417877745, 0.000360608682968, 0.000775234599132, 0.000585960806347, 0.000331563875079, 6.81846649968e-005, 8.95656739885e-006, 2.94506025966e-006, 1.24113671518e-006, 5.03974249e-008, 1.39801531462e-010]
        min: [8.49574697323e-025, 2.91276929884e-024, 7.78626568963e-025, 9.61640573341e-025, 6.0402227543e-024, 5.49131361492e-024, 6.48332355818e-024, 4.22484752426e-024, 1.20733007954e-023, 1.27537130477e-023, 8.88800194468e-024, 2.35690055246e-023, 3.44605682292e-023, 1.7086449528e-023, 4.64276544258e-023, 5.10888284109e-023, 4.64981123264e-023, 8.88710185438e-023, 1.12038052106e-022, 1.55885957822e-022, 2.67719524559e-022, 3.53815551319e-022, 4.1230957482e-022, 5.75101763742e-022, 8.47550843905e-022, 1.40375245961e-021, 1.91556248667e-021]
        var: [4.66253338022e-013, 3.68656678518e-008, 2.89888390625e-007, 7.43468291375e-008, 4.69824186666e-007, 1.50333690385e-007, 5.98247709149e-008, 2.19489688646e-008, 1.910864178e-008, 3.69673571754e-008, 3.21337871867e-008, 7.05378013777e-008, 3.49521975807e-008, 7.46921742234e-008, 3.02784997075e-008, 6.71796342999e-008, 1.44621168374e-007, 1.67406568607e-007, 4.74223043057e-007, 2.58602852909e-007, 7.22897368632e-008, 8.9834664152e-009, 3.22110949025e-010, 1.83960138789e-010, 7.09193329063e-011, 1.13355241263e-013, 1.19588840899e-018]
    frequency_bands:
        dmean: [3.94597293507e-007, 0.000132029977976, 0.000366836960893, 0.000157901929924, 0.000322955544107, 0.000171890176716, 0.000105219660327, 4.97129512951e-005, 5.17790576851e-005, 6.41823207843e-005, 5.21760121046e-005, 9.31570975808e-005, 6.80449884385e-005, 9.70082401182e-005, 7.43832642911e-005, 0.000140172662213, 0.0002098546247, 0.000217747394345, 0.000365282117855, 0.000279688450973, 0.000170979270479, 4.65824668936e-005, 7.79361016612e-006, 3.65556616089e-006, 1.9885249003e-006, 8.53510115917e-008, 4.06233574557e-010, 6.35928670834e-011]
        dmean2: [6.41445865313e-007, 0.000234326827922, 0.000651200010907, 0.000266998773441, 0.000563147594221, 0.000284110981738, 0.000174983186298, 8.02893337095e-005, 8.41334331199e-005, 0.000101535217254, 8.26449904707e-005, 0.000149843210238, 0.000109319931653, 0.000159991133842, 0.000121546101582, 0.000231979924138, 0.000346522167092, 0.000355501688318, 0.000610944989603, 0.000462211377453, 0.000294047204079, 7.65034419601e-005, 1.27223638628e-005, 5.7522465795e-006, 3.09341317006e-006, 1.3283430178e-007, 7.04078628733e-010, 1.17967968727e-010]
        dvar: [4.51650327381e-013, 5.05463368938e-008, 3.30881817945e-007, 5.00331829301e-008, 5.81930578392e-007, 1.08206897664e-007, 3.94833641337e-008, 1.02146495706e-008, 1.20895693456e-008, 2.04111998414e-008, 1.72708443102e-008, 4.02775590658e-008, 1.78364292225e-008, 4.0120443856e-008, 1.80664496696e-008, 3.30702221163e-008, 7.4408255557e-008, 9.12908575401e-008, 2.00814270102e-007, 1.18413836958e-007, 4.62293527903e-008, 4.3733496824e-009, 1.61118896003e-010, 1.30578103885e-010, 4.73013156421e-011, 7.42835290892e-014, 1.58473205627e-018, 7.91187269914e-021]
        dvar2: [1.11024069712e-012, 1.39396988175e-007, 9.10056542125e-007, 1.29462080167e-007, 1.63605091075e-006, 2.73992810662e-007, 1.00288794158e-007, 2.27889440652e-008, 2.81008549763e-008, 4.64957672364e-008, 3.96212840315e-008, 1.0366897385e-007, 4.23562873664e-008, 1.0799509198e-007, 4.27175876894e-008, 8.43209946311e-008, 1.9501544557e-007, 2.26838267281e-007, 5.0301423471e-007, 3.01592422147e-007, 1.25978260712e-007, 1.05681046136e-008, 3.95965732425e-010, 3.13724629608e-010, 1.13952479397e-010, 1.70228875484e-013, 4.30758109018e-018, 2.50423663636e-020]
        max: [4.4046455514e-006, 0.00134013756178, 0.0051484964788, 0.00360393244773, 0.0105913933367, 0.00647485069931, 0.0040500080213, 0.00299353594892, 0.00219105416909, 0.00313615123741, 0.002787115518, 0.0036328129936, 0.00347174331546, 0.00387803977355, 0.00375413615257, 0.0038637581747, 0.00563772255555, 0.00660164374858, 0.00855272915214, 0.00903861690313, 0.00260857166722, 0.00110757711809, 0.000353638693923, 0.000238204549532, 0.000145622572745, 6.93439642419e-006, 3.44220474346e-008, 1.19762799677e-009]
        mean: [3.89184464211e-007, 0.000130562781123, 0.000390397326555, 0.000204565585591, 0.000405987259001, 0.000241735615418, 0.000140433301567, 7.3731316661e-005, 6.99399970472e-005, 9.42000115174e-005, 7.82493152656e-005, 0.000139029216371, 0.000103245693026, 0.000145175421494, 0.000119671451102, 0.00027235323796, 0.000424745958298, 0.000446963240393, 0.000883409986272, 0.000677131814882, 0.000383447506465, 9.55099676503e-005, 1.5502801034e-005, 6.41657516098e-006, 3.28962141793e-006, 1.36105256843e-007, 3.89138776757e-010, 4.9226334814e-011]
        median: [8.56239950053e-008, 7.08276493242e-005, 0.000191323459148, 0.000122134646517, 0.000220571062528, 0.000115477334475, 6.4502863097e-005, 2.85226815322e-005, 3.02311127598e-005, 3.13524869853e-005, 2.54845635936e-005, 5.01655886183e-005, 4.2839856178e-005, 6.21935032541e-005, 7.02211982571e-005, 0.000208897894481, 0.000337417877745, 0.000360608682968, 0.000775234599132, 0.000585960806347, 0.000331563875079, 6.81846649968e-005, 8.95656739885e-006, 2.94506025966e-006, 1.24113671518e-006, 5.03974249e-008, 1.39801531462e-010, 1.92696622547e-011]
        min: [8.49574697323e-025, 2.91276929884e-024, 7.78626568963e-025, 9.61640573341e-025, 6.0402227543e-024, 5.49131361492e-024, 6.48332355818e-024, 4.22484752426e-024, 1.20733007954e-023, 1.27537130477e-023, 8.88800194468e-024, 2.35690055246e-023, 3.44605682292e-023, 1.7086449528e-023, 4.64276544258e-023, 5.10888284109e-023, 4.64981123264e-023, 8.88710185438e-023, 1.12038052106e-022, 1.55885957822e-022, 2.67719524559e-022, 3.53815551319e-022, 4.1230957482e-022, 5.75101763742e-022, 8.47550843905e-022, 1.40375245961e-021, 1.91556248667e-021, 4.81946807653e-022]
        var: [4.66253338022e-013, 3.68656678518e-008, 2.89888390625e-007, 7.43468291375e-008, 4.69824186666e-007, 1.50333690385e-007, 5.98247709149e-008, 2.19489688646e-008, 1.910864178e-008, 3.69673571754e-008, 3.21337871867e-008, 7.05378013777e-008, 3.49521975807e-008, 7.46921742234e-008, 3.02784997075e-008, 6.71796342999e-008, 1.44621168374e-007, 1.67406568607e-007, 4.74223043057e-007, 2.58602852909e-007, 7.22897368632e-008, 8.9834664152e-009, 3.22110949025e-010, 1.83960138789e-010, 7.09193329063e-011, 1.13355241263e-013, 1.19588840899e-018, 6.36655552764e-021]
    mfcc:
        mean: [-694.491088867, 82.8688049316, -50.711265564, 71.46900177, -9.61934375763, 3.63251590729, 2.39022469521, -5.65767717361, -2.59033036232, -7.54727745056, -5.5314745903, -1.23342216015, -2.13255834579]
        cov: [[6118.50146484, 499.614929199, -557.014099121, 527.819702148, -212.114074707, 60.9993400574, 14.9695777893, -25.5279331207, -70.6552886963, -49.7993469238, -33.4398002625, 7.19803667068, 0.938339829445], [499.614929199, 664.730712891, -266.870697021, 292.931518555, -61.0942802429, 5.56192159653, 24.9607315063, -20.7964553833, 21.2265472412, -46.9962501526, -16.1697006226, -7.9905424118, -12.9836301804], [-557.014099121, -266.870697021, 465.531890869, -138.523864746, 114.177558899, -5.53211259842, -31.5073013306, 35.228099823, -8.6955909729, 23.2124919891, 8.28322792053, 7.22534942627, 2.71646690369], [527.819702148, 292.931518555, -138.523864746, 437.496398926, 14.6695146561, -18.3763084412, -56.5913352966, -30.8827762604, 47.4340286255, -29.8399772644, -1.64166557789, -12.0848703384, -0.842677891254], [-212.114074707, -61.0942802429, 114.177558899, 14.6695146561, 141.026229858, 18.5499572754, -12.5139455795, -8.67627334595, 8.65818881989, 19.5087280273, -1.77667152882, 2.98695731163, -9.08139133453], [60.9993400574, 5.56192159653, -5.53211259842, -18.3763084412, 18.5499572754, 100.945114136, 52.9630889893, 19.5576019287, -10.8021402359, 12.9189710617, 7.65337181091, 4.37731218338, 4.74587678909], [14.9695777893, 24.9607315063, -31.5073013306, -56.5913352966, -12.5139455795, 52.9630889893, 119.556877136, 46.6177825928, -5.2358751297, 1.76176309586, 6.15712928772, 4.17910337448, 0.527941226959], [-25.5279331207, -20.7964553833, 35.228099823, -30.8827762604, -8.67627334595, 19.5576019287, 46.6177825928, 86.5293426514, 20.3570728302, 9.60558986664, 4.48939800262, 4.54155302048, 4.05094814301], [-70.6552886963, 21.2265472412, -8.6955909729, 47.4340286255, 8.65818881989, -10.8021402359, -5.2358751297, 20.3570728302, 79.4814453125, 25.4236488342, 9.09510993958, -5.25613594055, -6.01413297653], [-49.7993469238, -46.9962501526, 23.2124919891, -29.8399772644, 19.5087280273, 12.9189710617, 1.76176309586, 9.60558986664, 25.4236488342, 72.5580215454, 17.5696792603, 1.05598008633, -10.472577095], [-33.4398002625, -16.1697006226, 8.28322792053, -1.64166557789, -1.77667152882, 7.65337181091, 6.15712928772, 4.48939800262, 9.09510993958, 17.5696792603, 59.1278076172, 20.9395446777, 8.61221694946], [7.19803667068, -7.9905424118, 7.22534942627, -12.0848703384, 2.98695731163, 4.37731218338, 4.17910337448, 4.54155302048, -5.25613594055, 1.05598008633, 20.9395446777, 55.4751396179, 28.0327453613], [0.938339829445, -12.9836301804, 2.71646690369, -0.842677891254, -9.08139133453, 4.74587678909, 0.527941226959, 4.05094814301, -6.01413297653, -10.472577095, 8.61221694946, 28.0327453613, 59.7206459045]]
        icov: [[0.000217318403884, 3.99615637434e-005, 0.000132494591526, -0.00033530118526, 0.000307252223138, -0.000167340738699, 9.79253309197e-006, -0.00011583154992, 0.000413271016441, -0.000213204475585, 0.000198106121388, -0.000207240620512, 0.000135246868012], [3.99615637434e-005, 0.00279093743302, 0.000741816649679, -0.00180808978621, 0.000815318198875, -0.000207974357181, -0.00128496764228, 0.00047565845307, -0.000158497234224, 0.000680255703628, 0.00077567511471, -0.000939350109547, 0.00109888450243], [0.000132494591526, 0.000741816649679, 0.00406698230654, 0.000697767769452, -0.00308710662648, 0.00050412962446, 0.00190460961312, -0.00293726776727, 0.00122119858861, 0.000370062654838, -0.000840556574985, 0.000496171996929, -0.00026686405181], [-0.00033530118526, -0.00180808978621, 0.000697767769452, 0.00502846296877, -0.00238467752934, -0.000210108119063, 0.00281298230402, -0.000279050145764, -0.00277050770819, 0.00227010273375, -0.00161432567984, 0.00160368951038, -0.00110136147123], [0.000307252223138, 0.000815318198875, -0.00308710662648, -0.00238467752934, 0.0118740145117, -0.00329298898578, -0.000897067890037, 0.00352471787483, -0.00121516746003, -0.00215636217035, 0.00293405144475, -0.00317785865627, 0.0026834004093], [-0.000167340738699, -0.000207974357181, 0.00050412962446, -0.000210108119063, -0.00329298898578, 0.0150430044159, -0.00626113638282, -0.00109147815965, 0.00346883200109, -0.00326205790043, -0.00129270832986, 0.00151421991177, -0.00238233641721], [9.79253309197e-006, -0.00128496764228, 0.00190460961312, 0.00281298230402, -0.000897067890037, -0.00626113638282, 0.0163365341723, -0.0079602971673, 0.000917626079172, 0.00199639401399, -0.00186795170885, 0.000417666538851, 0.000946052372456], [-0.00011583154992, 0.00047565845307, -0.00293726776727, -0.000279050145764, 0.00352471787483, -0.00109147815965, -0.0079602971673, 0.0192342735827, -0.00666592642665, -0.000222816772293, 0.00186775508337, -0.0017307571834, -0.000543994072359], [0.000413271016441, -0.000158497234224, 0.00122119858861, -0.00277050770819, -0.00121516746003, 0.00346883200109, 0.000917626079172, -0.00666592642665, 0.0198381375521, -0.00737532507628, -0.00174745521508, 0.00223169894889, -0.000243089787546], [-0.000213204475585, 0.000680255703628, 0.000370062654838, 0.00227010273375, -0.00215636217035, -0.00326205790043, 0.00199639401399, -0.000222816772293, -0.00737532507628, 0.02041628398, -0.00515482854098, -0.000243781425525, 0.00379048869945], [0.000198106121388, 0.00077567511471, -0.000840556574985, -0.00161432567984, 0.00293405144475, -0.00129270832986, -0.00186795170885, 0.00186775508337, -0.00174745521508, -0.00515482854098, 0.0225550234318, -0.00908382516354, 0.000551074161194], [-0.000207240620512, -0.000939350109547, 0.000496171996929, 0.00160368951038, -0.00317785865627, 0.00151421991177, 0.000417666538851, -0.0017307571834, 0.00223169894889, -0.000243781425525, -0.00908382516354, 0.0283221807331, -0.0124931838363], [0.000135246868012, 0.00109888450243, -0.00026686405181, -0.00110136147123, 0.0026834004093, -0.00238233641721, 0.000946052372456, -0.000543994072359, -0.000243089787546, 0.00379048869945, 0.000551074161194, -0.0124931838363, 0.0240289326757]]
    sccoeffs:
        dmean: [0.059086933732, 0.0506547875702, 0.0392538383603, 0.0303316153586, 0.0196146890521, 0.0210635960102]
        dmean2: [0.100880138576, 0.0834275186062, 0.0640244185925, 0.0500107817352, 0.0328150354326, 0.0329690128565]
        dvar: [0.00242033787072, 0.00166979711503, 0.00104332331102, 0.000593183853198, 0.000242762049311, 0.000466129073175]
        dvar2: [0.00701060658321, 0.00439591659233, 0.00264248996973, 0.0015766947763, 0.000658098724671, 0.00100818951614]
        max: [-0.374655872583, -0.472624629736, -0.548635065556, -0.572672069073, -0.664833188057, -0.467673152685]
        mean: [-0.664563953876, -0.756192326546, -0.792192459106, -0.792735874653, -0.80010342598, -0.710158765316]
        median: [-0.666412949562, -0.760507941246, -0.799892544746, -0.794434845448, -0.800940334797, -0.711196660995]
        min: [-0.982398033142, -0.978351831436, -0.981006145477, -0.970239579678, -0.96719032526, -0.965528190136]
        var: [0.00579490372911, 0.00476859277114, 0.0040763891302, 0.00217338860966, 0.00116180197801, 0.00348352314904]
    scvalleys:
        dmean: [0.413043677807, 0.386614084244, 0.328344136477, 0.27850073576, 0.20229460299, 0.312830895185]
        dmean2: [0.678588569164, 0.635605275631, 0.528022110462, 0.445132791996, 0.317634671926, 0.452057480812]
        dvar: [0.130134403706, 0.137320160866, 0.0946713685989, 0.0753744989634, 0.0651883780956, 0.182479277253]
        dvar2: [0.304719030857, 0.329396605492, 0.201767116785, 0.151675790548, 0.118903979659, 0.372110277414]
        max: [-4.9943113327, -4.69468545914, -5.38231468201, -5.67996358871, -5.53646039963, -7.46738910675]
        mean: [-7.00479745865, -7.08212852478, -7.46107387543, -7.30254793167, -6.74706697464, -9.7547082901]
        median: [-6.61467170715, -6.7375087738, -7.12152385712, -6.91832494736, -6.30672645569, -9.33289337158]
        min: [-28.1530284882, -28.0293426514, -27.7287406921, -27.6656742096, -27.5080070496, -27.4335422516]
        var: [6.59606218338, 6.45409536362, 6.1908082962, 6.3013753891, 6.80052661896, 5.5223441124]

rhythm:
    beats_loudness:
        dmean: 0.00243729911745
        dmean2: 0.00453106733039
        dvar: 3.05479125018e-006
        dvar2: 9.86245322565e-006
        max: 0.0125293424353
        mean: 0.00662074517459
        median: 0.00676955841482
        min: 0
        var: 5.30046327185e-006
    bpm: 112.000244141
    bpm_confidence: 0
    first_peak_bpm: 112
    first_peak_spread: 0.201086983085
    first_peak_weight: 0.775725603104
    onset_rate: 3.12779283524
    second_peak_bpm: 105
    second_peak_spread: 0.181818187237
    second_peak_weight: 0.0237467009574
    beats_loudness_band_ratio:
        dmean: [0.102470688522, 0.0717751905322, 0.0465898178518, 0.056072909385, 0.0876447632909, 0.103942029178]
        dmean2: [0.182868257165, 0.129090115428, 0.0817485675216, 0.0970640853047, 0.15409180522, 0.185040131211]
        dvar: [0.0116401044652, 0.00539631024003, 0.00252946815453, 0.00383600150235, 0.00538901612163, 0.0060051116161]
        dvar2: [0.0346759036183, 0.0148722846061, 0.00707527808845, 0.0108244735748, 0.0153693519533, 0.0190939158201]
        max: [0.793980121613, 0.513699471951, 0.431801170111, 0.470253497362, 0.605316519737, 0.624185919762]
        mean: [0.142931222916, 0.103861600161, 0.0704757720232, 0.07869245857, 0.265396952629, 0.36083599925]
        median: [0.102222651243, 0.088309943676, 0.0551374852657, 0.0524356663227, 0.265175610781, 0.369799613953]
        min: [0, 0, 0, 0, 0, 0]
        var: [0.0157280527055, 0.00549196172506, 0.00292236241512, 0.00510712247342, 0.00915454979986, 0.0130675956607]
    beats_position: [0.545668900013, 1.11455774307, 1.68344664574, 2.26394557953, 2.83283448219, 3.39011335373, 3.92417216301, 4.46984100342, 5.01551008224, 5.54956912994, 6.08362817764, 6.6176867485, 7.1517457962, 7.6858048439, 8.2198638916, 8.75392246246, 9.287981987, 9.83365058899, 10.3677091599, 10.9017686844, 11.4474372864, 11.9814968109, 12.5155553818, 13.0496139526, 13.5836734772, 14.117732048, 14.6517915726, 15.1858501434, 15.7199087143, 16.2539672852, 16.7996368408, 17.3453063965, 17.8793640137, 18.4134235382, 18.9474830627, 19.4815406799, 20.0156002045, 20.549659729, 21.0837192535, 21.6177768707, 22.1518363953, 22.6858959198, 23.219953537, 23.7540130615, 24.2996826172, 24.8453502655, 25.37940979, 25.9134693146, 26.4475269318, 26.9815864563, 27.5156459808, 28.0380954742, 28.5837631226, 29.1178226471, 29.6518821716, 30.1859397888, 30.7199993134, 31.2540588379, 31.7997264862, 32.3453979492, 32.8794555664, 33.4135131836, 33.9475746155, 34.4816322327, 35.0156898499, 35.5497512817, 36.0838088989, 36.6178665161, 37.151927948, 37.6859855652, 38.2200431824, 38.7541046143, 39.2881622314, 39.8222198486, 40.3678894043, 40.91355896, 41.4476165771, 41.981678009, 42.5157356262, 43.0497932434, 43.5838546753, 44.1179122925, 44.6519737244, 45.1860313416, 45.7200889587, 46.2541503906, 46.7882080078, 47.3338775635, 47.8679351807, 48.4136047363, 48.9476623535, 49.4817237854, 50.0157814026, 50.5498390198, 51.0839004517, 51.6179580688, 52.152015686, 52.6860771179, 53.2201347351, 53.7541923523, 54.2882537842, 54.8339233398, 55.367980957, 55.9020385742, 56.4361000061, 56.9701576233, 57.515827179, 58.0498847961, 58.583946228, 59.1180038452, 59.6520614624, 60.1861228943, 60.7201805115, 61.2542381287, 61.7999076843, 62.34557724, 62.8796348572, 63.4136962891, 63.9477539063, 64.4818115234, 65.0158691406, 65.5499343872, 66.0839920044, 66.6180496216, 67.1521072388, 67.686164856, 68.2202224731, 68.7542877197, 69.2883453369, 69.8224029541, 70.3680725098, 70.902130127, 71.4477996826, 71.9818572998, 72.515914917, 73.0499725342, 73.5840377808, 74.1180953979, 74.6521530151, 75.1862106323, 75.7202682495, 76.2543258667, 76.7883911133, 77.3224487305, 77.8565063477, 78.4021759033, 78.947845459, 79.4819030762, 80.0159606934, 80.5500183105, 81.0840835571, 81.6181411743, 82.140586853, 82.6862564087, 83.2203140259, 83.7543716431, 84.2884368896, 84.8224945068, 85.3681640625, 85.9138336182, 86.4478912354, 86.9819488525, 87.5160064697, 88.0500640869, 88.5841217041, 89.1181869507, 89.6522445679, 90.1863021851, 90.7203598022, 91.2544174194, 91.788482666, 92.3341445923, 92.8798141479, 93.4138793945, 93.9479370117, 94.4819946289, 95.0160522461, 95.5501098633, 96.0841674805, 96.6182327271, 97.1522903442, 97.6863479614, 98.2204055786, 98.7660751343, 99.3117446899, 99.8458023071, 100.379859924, 100.913917542, 101.447982788, 101.982040405, 102.516098022, 103.05015564, 103.584213257, 104.118278503, 104.652336121, 105.186393738, 105.720451355, 106.254508972, 106.788566589, 107.322631836, 107.868293762, 108.413963318, 108.948028564, 109.482086182, 110.016143799, 110.550201416, 111.084259033, 111.61831665, 112.152381897, 112.686439514, 113.220497131, 113.766166687, 114.300224304, 114.84589386, 115.379951477, 115.914009094, 116.448066711, 116.982131958, 117.516189575, 118.050247192, 118.58430481, 119.118362427, 119.652427673, 120.186485291, 120.720542908, 121.254600525, 121.788658142, 122.322715759, 122.856781006, 123.390838623, 123.92489624, 124.470565796, 125.004623413, 125.550292969, 126.084350586, 126.618408203, 127.15246582, 127.686531067, 128.220581055, 128.76625061, 129.311920166, 129.845977783, 130.3800354, 130.914108276, 131.448165894, 131.982223511, 132.516281128, 133.050338745, 133.584396362, 134.118453979, 134.652511597, 135.174957275, 135.709014893, 136.254684448, 136.788757324, 137.322814941, 137.868484497, 138.414154053, 138.94821167, 139.482269287, 140.004714966, 140.550384521, 141.0728302, 141.618499756, 142.152557373, 142.68661499, 143.220672607, 143.754730225, 144.288803101, 144.822860718, 145.356918335, 145.890975952, 146.425033569, 146.959091187, 147.504760742, 148.050430298, 148.584487915, 149.118545532, 149.652603149, 150.186660767, 150.720718384, 151.254776001, 151.800445557, 152.322906494, 152.856964111, 153.391021729, 153.936691284, 154.48236084, 155.016418457, 155.550476074, 156.084533691, 156.618591309, 157.152648926, 157.686706543, 158.22076416, 158.766433716, 159.300491333, 159.846160889, 160.380218506, 160.902679443, 161.436737061, 161.982406616, 162.516464233, 163.050521851, 163.584579468, 164.118637085, 164.652694702, 165.186752319, 165.720809937, 166.254867554, 166.800537109, 167.346206665, 167.880264282, 168.414321899, 168.948379517, 169.482452393, 170.01651001, 170.550567627, 171.084625244, 171.618682861, 172.152740479, 172.686798096, 173.220855713, 173.75491333, 174.288970947, 174.823028564, 175.36869812, 175.914367676, 176.448425293, 176.982498169, 177.516555786, 178.050613403, 178.584671021, 179.118728638, 179.652786255, 180.186843872, 180.720901489, 181.254959106, 181.800628662, 182.334686279, 182.868743896, 183.414413452, 183.948471069, 184.482528687, 185.016601563, 185.562271118, 186.084716797, 186.618774414, 187.152832031, 187.721725464, 188.290603638, 188.85949707, 189.428390503, 189.997268677, 190.566162109, 191.14666748, 191.703948975, 192.238006592, 192.772064209, 193.306121826, 193.851791382, 194.397460938, 194.931518555, 195.465576172, 195.999633789, 196.533691406, 197.067749023, 197.601806641, 198.135864258, 198.669921875, 199.203994751, 199.738052368, 200.283721924, 200.806167603, 201.328613281, 201.85105896, 202.385116577, 202.919174194, 203.453231812, 203.987304688]
