
metadata:
    version:
        essentia: "2.1-beta2"
    audio_properties:
        analysis_sample_rate: 44100
        bitrate: 256
        channels: 2
        equal_loudness: 1
        length: 249.391021729
        replay_gain: -15.3280353546
        downmix: "mix"
    tags:
        album: "Indestructible"
        artist: "Disturbed"
        comment: ""
        date: "2008"
        genre: "Rock"
        title: "Torn"
        tracknumber: "9"

configuration:
    average_loudness:
        compute: 1
        frameSize: 88200
        hopSize: 44100
        silentFrames: "noise"
        windowType: "hann"
    general:
        analysisSampleRate: 44100
        endTime: 2000
        equalLoudness: 1
        nequalLoudness: 0
        shortSound: 0
        startTime: 0
    lowlevel:
        compute: 1
        frameSize: 2048
        hopSize: 1024
        zeroPadding: 0
        silentFrames: "noise"
        windowType: "blackmanharris62"
        mfccStats: ["mean", "cov", "icov"]
        stats: ["mean", "var", "median", "min", "max", "dmean", "dmean2", "dvar", "dvar2"]
    panning:
        compute: 0
        frameSize: 8192
        hopSize: 2048
        zeroPadding: 8192
        silentFrames: "noise"
        windowType: "hann"
        stats: ["copy"]
    rhythm:
        compute: 1
        maxTempo: 208
        minTempo: 40
        method: "degara"
        stats: ["mean", "var", "median", "min", "max", "dmean", "dmean2", "dvar", "dvar2"]
    segmentation:
        compute: 0
        cpw: 5
        inc1: 300
        inc2: 50
        minimumSegmentsLength: 10
        size1: 1000
        size2: 600
    sfx:
        compute: 1
        stats: ["mean", "var", "median", "min", "max", "dmean", "dmean2", "dvar", "dvar2"]
    svm:
        compute: 0
    tonal:
        compute: 1
        frameSize: 4096
        hopSize: 2048
        zeroPadding: 0
        silentFrames: "noise"
        windowType: "blackmanharris62"
        stats: ["mean", "var", "median", "min", "max", "dmean", "dmean2", "dvar", "dvar2"]

lowlevel:
    average_loudness: 0.956167697906
    barkbands_kurtosis:
        dmean: 0.668497800827
        dmean2: 1.083522439
        dvar: 0.731418371201
        dvar2: 1.76331174374
        max: 21.1246910095
        mean: -0.545634269714
        median: -0.964654505253
        min: -1.89348912239
        var: 1.83947646618
    barkbands_skewness:
        dmean: 0.37941595912
        dmean2: 0.607210695744
        dvar: 0.13094805181
        dvar2: 0.317673832178
        max: 4.69115686417
        mean: -0.563850700855
        median: -0.59721493721
        min: -3.14435720444
        var: 0.484495639801
    barkbands_spread:
        dmean: 6.55710029602
        dmean2: 10.5882968903
        dvar: 41.5128936768
        dvar2: 107.942657471
        max: 70.9447021484
        mean: 35.3868255615
        median: 35.0456695557
        min: 5.70571947098
        var: 110.753013611
    dissonance:
        dmean: 0.00802112743258
        dmean2: 0.013552387245
        dvar: 7.09626474418e-005
        dvar2: 0.000193182844669
        max: 0.500000119209
        mean: 0.485781252384
        median: 0.488485455513
        min: 0.376442611217
        var: 0.000120273369248
    hfc:
        dmean: 2.66710090637
        dmean2: 4.46974134445
        dvar: 8.33464717865
        dvar2: 22.3879470825
        max: 39.8048171997
        mean: 12.7987756729
        median: 12.8197593689
        min: 1.09285805511e-016
        var: 33.2918281555
    pitch:
        dmean: 1003.44586182
        dmean2: 1918.99609375
        dvar: 1871310.25
        dvar2: 4537345
        max: 5324.26074219
        mean: 2107.80883789
        median: 3313.22753906
        min: 76.727355957
        var: 2584446.25
    pitch_instantaneous_confidence:
        dmean: 0.0740153342485
        dmean2: 0.123709842563
        dvar: 0.00359103083611
        dvar2: 0.0094532482326
        max: 0.886594474316
        mean: 0.351359575987
        median: 0.337429583073
        min: 0.0994588136673
        var: 0.0106365457177
    pitch_salience:
        dmean: 0.0548995807767
        dmean2: 0.0907663777471
        dvar: 0.00248942454346
        dvar2: 0.00654786033556
        max: 0.848306417465
        mean: 0.676136732101
        median: 0.688851952553
        min: 0.133975312114
        var: 0.00637405039743
    silence_rate_20dB:
        dmean: 0
        dmean2: 0
        dvar: 0
        dvar2: 0
        max: 1
        mean: 1
        median: 1
        min: 1
        var: 0
    silence_rate_30dB:
        dmean: 0
        dmean2: 0
        dvar: 0
        dvar2: 0
        max: 1
        mean: 1
        median: 1
        min: 1
        var: 0
    silence_rate_60dB:
        dmean: 0.0465506017208
        dmean2: 0.0931098684669
        dvar: 0.044383354485
        dvar2: 0.101011902094
        max: 1
        mean: 0.113759078085
        median: 0
        min: 0
        var: 0.100815325975
    spectral_centroid:
        dmean: 273.920623779
        dmean2: 443.161560059
        dvar: 81350.171875
        dvar2: 189831.34375
        max: 11649.4550781
        mean: 2204.22021484
        median: 2210.24169922
        min: 269.775909424
        var: 711633.125
    spectral_complexity:
        dmean: 4.11693525314
        dmean2: 6.76815652847
        dvar: 14.093993187
        dvar2: 34.4398155212
        max: 49
        mean: 23.2331962585
        median: 25
        min: 0
        var: 81.1902618408
    spectral_crest:
        dmean: 1.6529494524
        dmean2: 2.77456760406
        dvar: 2.32970833778
        dvar2: 5.98776197433
        max: 23.8170890808
        mean: 6.21188020706
        median: 5.72196626663
        min: 2.38603425026
        var: 5.14757108688
    spectral_decrease:
        dmean: 2.89769985784e-010
        dmean2: 4.82094308918e-010
        dvar: 1.18569632892e-019
        dvar2: 3.07132368236e-019
        max: 1.95563512674e-028
        mean: -1.25357824121e-009
        median: -1.25874199952e-009
        min: -5.30362864737e-009
        var: 2.74713583217e-019
    spectral_energy:
        dmean: 0.00128438696265
        dmean2: 0.00213780999184
        dvar: 2.25469989346e-006
        dvar2: 5.86455053053e-006
        max: 0.022043120116
        mean: 0.00589219294488
        median: 0.00596617907286
        min: 1.00334067934e-020
        var: 5.87741305935e-006
    spectral_energyband_high:
        dmean: 0.000249364005867
        dmean2: 0.000422685989179
        dvar: 8.57678514876e-008
        dvar2: 2.31001948237e-007
        max: 0.00413952721283
        mean: 0.000749941274989
        median: 0.000700526637957
        min: 7.12627891501e-021
        var: 1.95775044176e-007
    spectral_energyband_low:
        dmean: 0.00043264645501
        dmean2: 0.000754272914492
        dvar: 5.02259354107e-007
        dvar2: 1.38901066293e-006
        max: 0.00565203558654
        mean: 0.000591307354625
        median: 0.000397036550567
        min: 1.12166822604e-023
        var: 4.42137064738e-007
    spectral_energyband_middle_high:
        dmean: 0.00074055470759
        dmean2: 0.00123414176051
        dvar: 5.15100055054e-007
        dvar2: 1.3621730659e-006
        max: 0.00991858169436
        mean: 0.00337971234694
        median: 0.00328901479952
        min: 1.15373550388e-021
        var: 2.57684132521e-006
    spectral_energyband_middle_low:
        dmean: 0.000547152943909
        dmean2: 0.000882258289494
        dvar: 7.06168975739e-007
        dvar2: 1.78578852683e-006
        max: 0.0161917004734
        mean: 0.00132226885762
        median: 0.00103164510801
        min: 1.90237278282e-022
        var: 1.1852936268e-006
    spectral_flatness_db:
        dmean: 0.0127198239788
        dmean2: 0.0204610228539
        dvar: 0.000127117251395
        dvar2: 0.000298204162391
        max: 0.372537016869
        mean: 0.147389367223
        median: 0.143492028117
        min: 0.0593914352357
        var: 0.000723964651115
    spectral_flux:
        dmean: 0.00746832787991
        dmean2: 0.0115702170879
        dvar: 5.95329111093e-005
        dvar2: 0.000125780803501
        max: 0.112276829779
        mean: 0.046438228339
        median: 0.0461867824197
        min: 6.45082043338e-011
        var: 0.000190446924535
    spectral_kurtosis:
        dmean: 0.938069403172
        dmean2: 1.63895952702
        dvar: 0.880212962627
        dvar2: 2.68455696106
        max: 17.1912593842
        mean: 2.89025616646
        median: 2.74964332581
        min: -1.27977001667
        var: 1.47079753876
    spectral_rms:
        dmean: 0.000254366314039
        dmean2: 0.000417482107878
        dvar: 7.34414129511e-008
        dvar2: 1.86153172876e-007
        max: 0.00463740061969
        mean: 0.00232947291806
        median: 0.00241260486655
        min: 3.12868806383e-012
        var: 3.22049316992e-007
    spectral_rolloff:
        dmean: 264.340301514
        dmean2: 432.919464111
        dvar: 135713.25
        dvar2: 263242.90625
        max: 19509.0820313
        mean: 3832.79418945
        median: 3811.37695313
        min: 172.265625
        var: 1646892.125
    spectral_skewness:
        dmean: 0.143633782864
        dmean2: 0.240516409278
        dvar: 0.0179079230875
        dvar2: 0.0471802651882
        max: 2.98068571091
        mean: 1.02672469616
        median: 1.04263556004
        min: -0.142250090837
        var: 0.0645557567477
    spectral_spread:
        dmean: 371910.3125
        dmean2: 562758.4375
        dvar: 363563483136
        dvar2: 646503006208
        max: 43737748
        mean: 4319905
        median: 3993586.75
        min: 2047897
        var: 9.01591544627e+012
    spectral_strongpeak:
        dmean: 0.597038209438
        dmean2: 1.02531218529
        dvar: 0.661845803261
        dvar2: 1.70811092854
        max: 10.4555330276
        mean: 0.869662344456
        median: 0.437017738819
        min: 9.95187682262e-011
        var: 1.21108698845
    zerocrossingrate:
        dmean: 0.00758792972192
        dmean2: 0.00970192998648
        dvar: 6.46387561574e-005
        dvar2: 8.39623244246e-005
        max: 0.5341796875
        mean: 0.119242578745
        median: 0.119140625
        min: 0.0185546875
        var: 0.00125762249809
    barkbands:
        dmean: [3.80516155474e-007, 0.000124938189401, 0.000275044818409, 0.000157688060426, 0.000289294082904, 0.000143398632645, 0.000103115155071, 5.54810540052e-005, 8.54437748785e-005, 2.88456285489e-005, 5.49739124835e-005, 8.79637809703e-005, 0.000169782069861, 0.000113008194603, 8.14787345007e-005, 0.000132054410642, 0.000195119311684, 0.000209104153328, 0.000345536769601, 0.00021662322979, 0.000136582821142, 3.62559658242e-005, 6.0372212829e-006, 1.93117830349e-006, 1.00507998013e-006, 4.03180244746e-008, 2.94586244287e-010]
        dmean2: [5.97874418418e-007, 0.000217296154005, 0.000483752635773, 0.000262354238657, 0.000481408671476, 0.000233818092966, 0.000161972740898, 9.11099705263e-005, 0.000131351946038, 4.61119416286e-005, 8.86981506483e-005, 0.000139255789691, 0.000277171755442, 0.000184089512913, 0.000133882800583, 0.000220478294068, 0.000330385402776, 0.000353043113137, 0.000583551474847, 0.000363729719538, 0.000236494175624, 6.14062664681e-005, 9.95106074697e-006, 3.02751595882e-006, 1.52574159529e-006, 6.27466008041e-008, 5.32144106558e-010]
        dvar: [3.89741136499e-013, 5.01292056754e-008, 2.14311214108e-007, 5.74016141286e-008, 3.9325774992e-007, 6.46425419859e-008, 3.89286256564e-008, 9.05141206431e-009, 2.41413786739e-008, 2.83730128281e-009, 1.01830828214e-008, 2.60293191445e-008, 9.00832546336e-008, 4.6935031861e-008, 2.27193464042e-008, 2.89830612843e-008, 5.53074706033e-008, 6.17403159708e-008, 1.2263015492e-007, 5.46318332795e-008, 2.88793753356e-008, 2.9118905065e-009, 9.75876324194e-011, 2.70419936443e-011, 1.08441138014e-011, 2.03611355342e-014, 3.57942506049e-019]
        dvar2: [9.20554864975e-013, 1.37340805395e-007, 6.02164107022e-007, 1.49183293274e-007, 1.04202865714e-006, 1.56194843726e-007, 8.60147721937e-008, 2.2707721925e-008, 5.37096518372e-008, 6.55443255226e-009, 2.41277291479e-008, 5.97086113885e-008, 2.31410808738e-007, 1.14836780085e-007, 5.29423509477e-008, 7.34883940368e-008, 1.48488723539e-007, 1.68586410609e-007, 3.39317807629e-007, 1.45279017261e-007, 8.01478989843e-008, 7.43458361541e-009, 2.26805893511e-010, 5.96989679913e-011, 2.42915462051e-011, 4.65132998036e-014, 9.72607546239e-019]
        max: [5.97301095695e-006, 0.0016556433402, 0.00431963568553, 0.00463275192305, 0.0135681377724, 0.00395293394104, 0.00630587432534, 0.00151053618174, 0.00298593519256, 0.00169747194741, 0.00213971687481, 0.00371604925022, 0.00448295706883, 0.00465957494453, 0.00490015884861, 0.00621571484953, 0.00666258577257, 0.00386791676283, 0.00620603188872, 0.00394895300269, 0.00258072954603, 0.00116601330228, 0.000229276891332, 0.000156005422468, 8.53185192682e-005, 4.32310889664e-006, 1.9453519684e-008]
        mean: [4.0813890223e-007, 0.000138255258207, 0.000328527938109, 0.000238340406213, 0.000414965790696, 0.000230677280342, 0.000183033465873, 8.56311817188e-005, 0.000152282766066, 5.13258128194e-005, 9.09174777917e-005, 0.000152374093886, 0.000278479012195, 0.000180000439286, 0.000152143562445, 0.000283727102214, 0.000442813121481, 0.000472532265121, 0.000948120839894, 0.000638693163637, 0.000332100637024, 7.61534538469e-005, 1.44485193232e-005, 4.24183645009e-006, 1.93064329324e-006, 6.93614907732e-008, 2.51871107304e-010]
        median: [1.39071545391e-007, 7.33915658202e-005, 0.000194281194126, 0.000147746206494, 0.000217930995859, 0.000111444722279, 6.38262572465e-005, 3.81812787964e-005, 4.98737645103e-005, 2.73716650554e-005, 4.20756732638e-005, 6.76250056131e-005, 9.13187977858e-005, 7.60648326832e-005, 8.95339035196e-005, 0.000238592343521, 0.000385460152756, 0.000419547402998, 0.000879464903846, 0.000582562410273, 0.000299716775771, 5.85380767006e-005, 1.03730690171e-005, 2.60965134657e-006, 9.32535670017e-007, 3.10661008029e-008, 1.00602789987e-010]
        min: [1.45996242945e-024, 1.31029490674e-024, 2.89848874709e-024, 1.85498610546e-024, 1.05372836944e-023, 7.06009842017e-024, 9.76988375012e-024, 7.05940816688e-024, 1.76367683619e-023, 1.32936630937e-023, 1.55507298276e-023, 2.20950268118e-023, 4.14830742718e-023, 3.65584649206e-023, 6.27212451015e-023, 5.30557805028e-023, 6.28197264969e-023, 9.66693124887e-023, 1.09634891487e-022, 2.01766713915e-022, 3.05670044987e-022, 3.26219152127e-022, 4.36757219931e-022, 5.56984771571e-022, 8.94364399619e-022, 1.19894457962e-021, 2.01170829844e-021]
        var: [4.39064989878e-013, 4.03466735577e-008, 1.79110230647e-007, 9.42097031498e-008, 4.33515225495e-007, 1.1795364685e-007, 1.19274830013e-007, 1.80637762526e-008, 6.2659211153e-008, 7.61482077394e-009, 2.07883807946e-008, 6.22655917937e-008, 2.01113749654e-007, 8.9666620795e-008, 5.41149383082e-008, 5.78790881889e-008, 1.13715088901e-007, 1.03844342902e-007, 3.46624716485e-007, 1.58730131261e-007, 4.5203240262e-008, 4.83577888843e-009, 2.71069944269e-010, 5.6555635175e-011, 1.92808494864e-011, 3.11604820451e-014, 3.420473e-019]
    frequency_bands:
        dmean: [3.80516155474e-007, 0.000124938189401, 0.000275044818409, 0.000157688060426, 0.000289294082904, 0.000143398632645, 0.000103115155071, 5.54810540052e-005, 8.54437748785e-005, 2.88456285489e-005, 5.49739124835e-005, 8.79637809703e-005, 0.000169782069861, 0.000113008194603, 8.14787345007e-005, 0.000132054410642, 0.000195119311684, 0.000209104153328, 0.000345536769601, 0.00021662322979, 0.000136582821142, 3.62559658242e-005, 6.0372212829e-006, 1.93117830349e-006, 1.00507998013e-006, 4.03180244746e-008, 2.94586244287e-010, 6.83773176968e-011]
        dmean2: [5.97874418418e-007, 0.000217296154005, 0.000483752635773, 0.000262354238657, 0.000481408671476, 0.000233818092966, 0.000161972740898, 9.11099705263e-005, 0.000131351946038, 4.61119416286e-005, 8.86981506483e-005, 0.000139255789691, 0.000277171755442, 0.000184089512913, 0.000133882800583, 0.000220478294068, 0.000330385402776, 0.000353043113137, 0.000583551474847, 0.000363729719538, 0.000236494175624, 6.14062664681e-005, 9.95106074697e-006, 3.02751595882e-006, 1.52574159529e-006, 6.27466008041e-008, 5.32144106558e-010, 1.26911647857e-010]
        dvar: [3.89741136499e-013, 5.01292056754e-008, 2.14311214108e-007, 5.74016141286e-008, 3.9325774992e-007, 6.46425419859e-008, 3.89286256564e-008, 9.05141206431e-009, 2.41413786739e-008, 2.83730128281e-009, 1.01830828214e-008, 2.60293191445e-008, 9.00832546336e-008, 4.6935031861e-008, 2.27193464042e-008, 2.89830612843e-008, 5.53074706033e-008, 6.17403159708e-008, 1.2263015492e-007, 5.46318332795e-008, 2.88793753356e-008, 2.9118905065e-009, 9.75876324194e-011, 2.70419936443e-011, 1.08441138014e-011, 2.03611355342e-014, 3.57942506049e-019, 8.63625834913e-021]
        dvar2: [9.20554864975e-013, 1.37340805395e-007, 6.02164107022e-007, 1.49183293274e-007, 1.04202865714e-006, 1.56194843726e-007, 8.60147721937e-008, 2.2707721925e-008, 5.37096518372e-008, 6.55443255226e-009, 2.41277291479e-008, 5.97086113885e-008, 2.31410808738e-007, 1.14836780085e-007, 5.29423509477e-008, 7.34883940368e-008, 1.48488723539e-007, 1.68586410609e-007, 3.39317807629e-007, 1.45279017261e-007, 8.01478989843e-008, 7.43458361541e-009, 2.26805893511e-010, 5.96989679913e-011, 2.42915462051e-011, 4.65132998036e-014, 9.72607546239e-019, 2.72670783146e-020]
        max: [5.97301095695e-006, 0.0016556433402, 0.00431963568553, 0.00463275192305, 0.0135681377724, 0.00395293394104, 0.00630587432534, 0.00151053618174, 0.00298593519256, 0.00169747194741, 0.00213971687481, 0.00371604925022, 0.00448295706883, 0.00465957494453, 0.00490015884861, 0.00621571484953, 0.00666258577257, 0.00386791676283, 0.00620603188872, 0.00394895300269, 0.00258072954603, 0.00116601330228, 0.000229276891332, 0.000156005422468, 8.53185192682e-005, 4.32310889664e-006, 1.9453519684e-008, 8.32987678834e-010]
        mean: [4.0813890223e-007, 0.000138255258207, 0.000328527938109, 0.000238340406213, 0.000414965790696, 0.000230677280342, 0.000183033465873, 8.56311817188e-005, 0.000152282766066, 5.13258128194e-005, 9.09174777917e-005, 0.000152374093886, 0.000278479012195, 0.000180000439286, 0.000152143562445, 0.000283727102214, 0.000442813121481, 0.000472532265121, 0.000948120839894, 0.000638693163637, 0.000332100637024, 7.61534538469e-005, 1.44485193232e-005, 4.24183645009e-006, 1.93064329324e-006, 6.93614907732e-008, 2.51871107304e-010, 5.29749542844e-011]
        median: [1.39071545391e-007, 7.33915658202e-005, 0.000194281194126, 0.000147746206494, 0.000217930995859, 0.000111444722279, 6.38262572465e-005, 3.81812787964e-005, 4.98737645103e-005, 2.73716650554e-005, 4.20756732638e-005, 6.76250056131e-005, 9.13187977858e-005, 7.60648326832e-005, 8.95339035196e-005, 0.000238592343521, 0.000385460152756, 0.000419547402998, 0.000879464903846, 0.000582562410273, 0.000299716775771, 5.85380767006e-005, 1.03730690171e-005, 2.60965134657e-006, 9.32535670017e-007, 3.10661008029e-008, 1.00602789987e-010, 2.12270374889e-011]
        min: [1.45996242945e-024, 1.31029490674e-024, 2.89848874709e-024, 1.85498610546e-024, 1.05372836944e-023, 7.06009842017e-024, 9.76988375012e-024, 7.05940816688e-024, 1.76367683619e-023, 1.32936630937e-023, 1.55507298276e-023, 2.20950268118e-023, 4.14830742718e-023, 3.65584649206e-023, 6.27212451015e-023, 5.30557805028e-023, 6.28197264969e-023, 9.66693124887e-023, 1.09634891487e-022, 2.01766713915e-022, 3.05670044987e-022, 3.26219152127e-022, 4.36757219931e-022, 5.56984771571e-022, 8.94364399619e-022, 1.19894457962e-021, 2.01170829844e-021, 5.13279050144e-022]
        var: [4.39064989878e-013, 4.03466735577e-008, 1.79110230647e-007, 9.42097031498e-008, 4.33515225495e-007, 1.1795364685e-007, 1.19274830013e-007, 1.80637762526e-008, 6.2659211153e-008, 7.61482077394e-009, 2.07883807946e-008, 6.22655917937e-008, 2.01113749654e-007, 8.9666620795e-008, 5.41149383082e-008, 5.78790881889e-008, 1.13715088901e-007, 1.03844342902e-007, 3.46624716485e-007, 1.58730131261e-007, 4.5203240262e-008, 4.83577888843e-009, 2.71069944269e-010, 5.6555635175e-011, 1.92808494864e-011, 3.11604820451e-014, 3.420473e-019, 6.89929053828e-021]
    mfcc:
        mean: [-686.82421875, 89.2875747681, -58.2342376709, 68.0451965332, -11.0147686005, 4.27509880066, 2.706792593, -5.8944029808, -5.79604244232, -6.24682235718, -3.56758117676, 0.148662120104, -3.40744829178]
        cov: [[4549.45068359, 308.501037598, -292.240142822, 267.37991333, -189.791854858, 54.26902771, 10.3399505615, 38.8511657715, -79.4078445435, 17.998342514, 20.0691013336, 53.7235298157, 20.4352588654], [308.501037598, 558.366149902, -154.464950562, 228.576431274, -15.3570623398, 17.447303772, 38.4670524597, -25.6039505005, 28.745595932, -27.1354904175, 20.4476490021, 9.65381526947, 2.87858724594], [-292.240142822, -154.464950562, 355.22467041, -47.6238059998, 51.4175415039, -9.23139095306, -26.9498615265, 25.0599040985, 4.66429948807, -12.661907196, 20.3899269104, 3.59782791138, 26.2477779388], [267.37991333, 228.576431274, -47.6238059998, 370.71472168, 76.0125579834, 12.4124946594, 20.9397335052, -6.57969903946, 61.4723358154, -36.612033844, -3.12745857239, -4.54617881775, 17.5292072296], [-189.791854858, -15.3570623398, 51.4175415039, 76.0125579834, 133.538009644, 35.9710845947, 8.25879859924, -9.86883163452, 13.7423877716, 1.31132745743, 3.29924297333, -7.19871807098, 1.74789190292], [54.26902771, 17.447303772, -9.23139095306, 12.4124946594, 35.9710845947, 107.193756104, 54.721446991, 20.6328525543, 1.0530898571, 18.3592834473, 21.5979003906, 6.64172124863, -1.22808218002], [10.3399505615, 38.4670524597, -26.9498615265, 20.9397335052, 8.25879859924, 54.721446991, 114.275138855, 46.1707344055, 21.5066051483, -4.27598237991, 15.5724716187, 13.6493473053, 5.86556243896], [38.8511657715, -25.6039505005, 25.0599040985, -6.57969903946, -9.86883163452, 20.6328525543, 46.1707344055, 102.132331848, 28.830953598, 10.8238201141, 2.49684929848, 13.8411216736, 11.0408172607], [-79.4078445435, 28.745595932, 4.66429948807, 61.4723358154, 13.7423877716, 1.0530898571, 21.5066051483, 28.830953598, 84.1329803467, 24.0245723724, 15.367931366, -4.3919634819, 3.88306570053], [17.998342514, -27.1354904175, -12.661907196, -36.612033844, 1.31132745743, 18.3592834473, -4.27598237991, 10.8238201141, 24.0245723724, 81.5456466675, 27.6231880188, 9.01033210754, -9.19872379303], [20.0691013336, 20.4476490021, 20.3899269104, -3.12745857239, 3.29924297333, 21.5979003906, 15.5724716187, 2.49684929848, 15.367931366, 27.6231880188, 66.2218551636, 26.9162559509, 10.6703090668], [53.7235298157, 9.65381526947, 3.59782791138, -4.54617881775, -7.19871807098, 6.64172124863, 13.6493473053, 13.8411216736, -4.3919634819, 9.01033210754, 26.9162559509, 56.4397735596, 27.7289772034], [20.4352588654, 2.87858724594, 26.2477779388, 17.5292072296, 1.74789190292, -1.22808218002, 5.86556243896, 11.0408172607, 3.88306570053, -9.19872379303, 10.6703090668, 27.7289772034, 57.4520988464]]
        icov: [[0.000302687869407, 2.80937729258e-005, 0.000114001471957, -0.000515383726452, 0.000651819165796, -0.000236615116592, 0.000132174187456, -0.00028229696909, 0.000744983786717, -0.000363789935363, -0.000159544899361, 4.14177629864e-005, -8.69955183589e-005], [2.80937729258e-005, 0.0030261494685, 0.000859085877892, -0.00197461224161, 0.0013793198159, -0.00040071568219, -0.000447296362836, 0.00075911876047, 4.5668642997e-005, 0.000739234266803, -0.00145163678098, -0.00022814431577, 0.000392619083868], [0.000114001471957, 0.000859085877892, 0.00427862536162, 0.000490788603202, -0.00185534346383, 0.000278680003248, 0.00194813136477, -0.00204754970036, -0.000250652607065, 0.00231533590704, -0.00308256736025, 0.00108911038842, -0.00149658170994], [-0.000515383726452, -0.00197461224161, 0.000490788603202, 0.00655350089073, -0.00441733561456, 1.29339005071e-005, 0.000917707686312, 0.000493376923259, -0.00557919964194, 0.00379637326114, 0.00103783106897, -0.000690806249622, -0.000869757204782], [0.000651819165796, 0.0013793198159, -0.00185534346383, -0.00441733561456, 0.013231488876, -0.00488584395498, -0.00025039492175, 0.00248371018097, 0.0010151200695, -0.00211713416502, 0.00107739144005, 0.000474698637845, 9.89314721664e-005], [-0.000236615116592, -0.00040071568219, 0.000278680003248, 1.29339005071e-005, -0.00488584395498, 0.0167365726084, -0.00773450965062, -0.00170420180075, 0.00517332414165, -0.00452284840867, -0.00370953627862, 0.0029771507252, -0.000225232113735], [0.000132174187456, -0.000447296362836, 0.00194813136477, 0.000917707686312, -0.00025039492175, -0.00773450965062, 0.0169127956033, -0.00588596891612, -0.00423443829641, 0.00645550899208, -0.00252468464896, -0.00255072722211, 0.00107186543755], [-0.00028229696909, 0.00075911876047, -0.00204754970036, 0.000493376923259, 0.00248371018097, -0.00170420180075, -0.00588596891612, 0.0162437297404, -0.00597868626937, -0.00163989514112, 0.00563698774204, -0.00433015776798, -0.000600879779086], [0.000744983786717, 4.5668642997e-005, -0.000250652607065, -0.00557919964194, 0.0010151200695, 0.00517332414165, -0.00423443829641, -0.00597868626937, 0.0238984487951, -0.0098058860749, -0.00527892354876, 0.00827028788626, -0.00298598781228], [-0.000363789935363, 0.000739234266803, 0.00231533590704, 0.00379637326114, -0.00211713416502, -0.00452284840867, 0.00645550899208, -0.00163989514112, -0.0098058860749, 0.0224554222077, -0.00675788475201, -0.00409546867013, 0.00498994905502], [-0.000159544899361, -0.00145163678098, -0.00308256736025, 0.00103783106897, 0.00107739144005, -0.00370953627862, -0.00252468464896, 0.00563698774204, -0.00527892354876, -0.00675788475201, 0.0269416961819, -0.0118272891268, 0.000262950372417], [4.14177629864e-005, -0.00022814431577, 0.00108911038842, -0.000690806249622, 0.000474698637845, 0.0029771507252, -0.00255072722211, -0.00433015776798, 0.00827028788626, -0.00409546867013, -0.0118272891268, 0.0327950268984, -0.0139947813004], [-8.69955183589e-005, 0.000392619083868, -0.00149658170994, -0.000869757204782, 9.89314721664e-005, -0.000225232113735, 0.00107186543755, -0.000600879779086, -0.00298598781228, 0.00498994905502, 0.000262950372417, -0.0139947813004, 0.0260708387941]]
    sccoeffs:
        dmean: [0.0539414696395, 0.0474623814225, 0.0371971577406, 0.0300005916506, 0.0181943085045, 0.0187102835625]
        dmean2: [0.0916131511331, 0.0787411630154, 0.0606694333255, 0.0500110946596, 0.0308919921517, 0.0298204813153]
        dvar: [0.00197458197363, 0.00143762014341, 0.00088119879365, 0.000558887317311, 0.000204191252124, 0.000337094941642]
        dvar2: [0.00562269706279, 0.00398160889745, 0.00226945127361, 0.001484241453, 0.000579506391659, 0.000781129405368]
        max: [-0.292870670557, -0.504345178604, -0.539128780365, -0.554005265236, -0.543267309666, -0.415231317282]
        mean: [-0.657614827156, -0.75806427002, -0.787409901619, -0.782919824123, -0.802837312222, -0.702654063702]
        median: [-0.660070419312, -0.762982428074, -0.79604101181, -0.787573099136, -0.803281188011, -0.703278899193]
        min: [-0.98098731041, -0.976700186729, -0.976089835167, -0.969207465649, -0.968520879745, -0.964142262936]
        var: [0.00505680358037, 0.00427679112181, 0.00385672063567, 0.00238569267094, 0.000726843543816, 0.00225321273319]
    scvalleys:
        dmean: [0.409979492426, 0.352911859751, 0.292598605156, 0.251601934433, 0.175621181726, 0.261638373137]
        dmean2: [0.675738036633, 0.582546114922, 0.48019951582, 0.414491325617, 0.282370328903, 0.380187511444]
        dvar: [0.134962871671, 0.105416923761, 0.0705448910594, 0.0578359290957, 0.0483739934862, 0.136766567826]
        dvar2: [0.312546342611, 0.254141062498, 0.157699868083, 0.123818077147, 0.0850238054991, 0.27308472991]
        max: [-5.04568624496, -4.77935314178, -5.50177812576, -5.6043419838, -5.52954006195, -7.47323799133]
        mean: [-6.89540338516, -6.8523311615, -7.21091938019, -7.00281476974, -6.51943540573, -9.75341796875]
        median: [-6.60167121887, -6.66908836365, -7.0017285347, -6.76771593094, -6.22065639496, -9.43453884125]
        min: [-27.9585037231, -28.0422458649, -27.8064365387, -27.622631073, -27.5370235443, -27.4055595398]
        var: [3.62253594398, 3.43509459496, 3.25239610672, 3.2724275589, 3.50501036644, 3.1053841114]

rhythm:
    beats_loudness:
        dmean: 0.00252748583443
        dmean2: 0.00450514955446
        dvar: 3.93408390664e-006
        dvar2: 1.07606028905e-005
        max: 0.0129283182323
        mean: 0.00656457990408
        median: 0.00624178303406
        min: 0
        var: 6.5447684392e-006
    bpm: 135.010467529
    bpm_confidence: 0
    first_peak_bpm: 136
    first_peak_spread: 0.294871777296
    first_peak_weight: 0.689964175224
    onset_rate: 2.26952838898
    second_peak_bpm: 126
    second_peak_spread: 0.5
    second_peak_weight: 0.010752688162
    beats_loudness_band_ratio:
        dmean: [0.0838960558176, 0.102805994451, 0.0532118082047, 0.0683972463012, 0.0912170633674, 0.087264560163]
        dmean2: [0.142656803131, 0.183897316456, 0.0931548401713, 0.121460303664, 0.161034852266, 0.149803489447]
        dvar: [0.00472276192158, 0.00661542313173, 0.00344583508559, 0.00500548677519, 0.00684260390699, 0.00454800669104]
        dvar2: [0.0137289734557, 0.0175245180726, 0.00944780278951, 0.0141641916707, 0.020476328209, 0.0132969738916]
        max: [0.487943083048, 0.446083962917, 0.615494787693, 0.499276101589, 0.889986753464, 0.624570608139]
        mean: [0.146625980735, 0.12728305161, 0.076670974493, 0.101607128978, 0.269689053297, 0.309440732002]
        median: [0.130466416478, 0.104234300554, 0.060435872525, 0.0769146978855, 0.255824655294, 0.307367533445]
        min: [0, 0, 0, 0, 0, 0]
        var: [0.008185476996, 0.00839547161013, 0.00402088696137, 0.00661012204364, 0.00938759744167, 0.00760996434838]
    beats_position: [0.452789098024, 0.9287981987, 1.40480720997, 1.88081634045, 2.36843538284, 2.83283448219, 3.28562355042, 3.73841261864, 4.17959165573, 4.62077093124, 5.06195020676, 5.51473903656, 5.95591831207, 6.40870714188, 6.84988641739, 7.2910656929, 7.73224496841, 8.17342376709, 8.62621307373, 9.06739234924, 9.50857162476, 9.94974994659, 10.4025392532, 10.8437185287, 11.2848978043, 11.7260770798, 12.1788663864, 12.6316547394, 13.0728340149, 13.5140132904, 13.9551925659, 14.3963718414, 14.8375511169, 15.2903394699, 15.7431287766, 16.1843090057, 16.6254863739, 17.0666656494, 17.5078449249, 17.9606342316, 18.4134235382, 18.8546028137, 19.2957820892, 19.7369613647, 20.1781406403, 20.6193199158, 21.0604991913, 21.5016784668, 21.9544658661, 22.4072551727, 22.8484344482, 23.2896137238, 23.7307929993, 24.1719722748, 24.6247615814, 25.0775508881, 25.5187301636, 25.9599094391, 26.4010887146, 26.8422679901, 27.2950553894, 27.747844696, 28.1890239716, 28.6302032471, 29.0713825226, 29.5125617981, 29.9537410736, 30.3949203491, 30.8360996246, 31.2888889313, 31.7416782379, 32.1828575134, 32.6356468201, 33.0768241882, 33.5180053711, 33.9707946777, 34.4119720459, 34.8531494141, 35.3059387207, 35.7355079651, 36.1766891479, 36.6178665161, 37.059047699, 37.5118370056, 37.9646263123, 38.4058036804, 38.8469848633, 39.2881622314, 39.7409515381, 40.1937408447, 40.6349182129, 41.0760993958, 41.5172767639, 41.9584579468, 42.4112472534, 42.8524246216, 43.3052139282, 43.7463951111, 44.1875724792, 44.6287536621, 45.0699310303, 45.5111083984, 45.9522895813, 46.3934669495, 46.8346481323, 47.287437439, 47.7402267456, 48.1814041138, 48.6225852966, 49.0637626648, 49.5049438477, 49.9577331543, 50.3989105225, 50.8400878906, 51.2928771973, 51.7340583801, 52.1752357483, 52.6280250549, 53.0808143616, 53.5219955444, 53.9631729126, 54.4043540955, 54.8455314636, 55.2867126465, 55.7278900146, 56.1690673828, 56.6218566895, 57.0630378723, 57.515827179, 57.9570045471, 58.4097938538, 58.8509750366, 59.3037643433, 59.7449417114, 60.1861228943, 60.6273002625, 61.0684814453, 61.5096588135, 61.9508361816, 62.3920173645, 62.8331947327, 63.2859840393, 63.7387733459, 64.1799545288, 64.621131897, 65.0623092651, 65.5034942627, 65.9446716309, 66.3974609375, 66.8386383057, 67.2914276123, 67.7326049805, 68.1737823486, 68.6265716553, 69.0793609619, 69.5205459595, 69.9617233276, 70.4029006958, 70.8556900024, 71.3084793091, 71.7496566772, 72.1908340454, 72.632019043, 73.0731964111, 73.5143737793, 73.9555511475, 74.396736145, 74.8495254517, 75.2907028198, 75.7434921265, 76.1846694946, 76.6258468628, 77.0670318604, 77.5082092285, 77.9493865967, 78.4021759033, 78.8433532715, 79.2961425781, 79.7373199463, 80.1785049438, 80.619682312, 81.0608596802, 81.5020370483, 81.9432220459, 82.3843994141, 82.8371887207, 83.2899780273, 83.7311553955, 84.1723327637, 84.6251220703, 85.077911377, 85.5190887451, 85.9602737427, 86.4014511108, 86.842628479, 87.2954177856, 87.7365951538, 88.177772522, 88.6305618286, 89.0717468262, 89.5129241943, 89.9541015625, 90.3952789307, 90.8364639282, 91.2892532349, 91.730430603, 92.1716079712, 92.6243972778, 93.0771865845, 93.5299758911, 93.9827651978, 94.4239425659, 94.8651199341, 95.2946929932, 95.7358703613, 96.1770477295, 96.6182327271, 97.0710220337, 97.5238113403, 97.9649887085, 98.4061660767, 98.8473434448, 99.288520813, 99.7297058105, 100.170883179, 100.612060547, 101.053237915, 101.494422913, 101.947212219, 102.400001526, 102.841178894, 103.282356262, 103.72353363, 104.164710999, 104.617500305, 105.058685303, 105.511474609, 105.952651978, 106.393829346, 106.846618652, 107.299407959, 107.740585327, 108.181770325, 108.622947693, 109.064125061, 109.505302429, 109.958091736, 110.410881042, 110.852058411, 111.293243408, 111.734420776, 112.175598145, 112.628387451, 113.069564819, 113.522354126, 113.963539124, 114.404716492, 114.84589386, 115.287071228, 115.728248596, 116.181037903, 116.633827209, 117.075012207, 117.516189575, 117.957366943, 118.398544312, 118.851333618, 119.292518616, 119.733695984, 120.186485291, 120.627662659, 121.068840027, 121.510017395, 121.951202393, 122.392379761, 122.833557129, 123.286346436, 123.739135742, 124.18031311, 124.621498108, 125.062675476, 125.515464783, 125.968254089, 126.409431458, 126.850608826, 127.291786194, 127.732971191, 128.162536621, 128.603713989, 129.044891357, 129.497680664, 129.950469971, 130.403259277, 130.856048584, 131.308837891, 131.750015259, 132.191192627, 132.632385254, 133.073562622, 133.51473999, 133.955917358, 134.397094727, 134.838272095, 135.291061401, 135.73223877, 136.173416138, 136.626205444, 137.067382813, 137.508575439, 137.949752808, 138.390930176, 138.832107544, 139.284896851, 139.737686157, 140.178863525, 140.620040894, 141.061218262, 141.50239563, 141.943572998, 142.396362305, 142.837554932, 143.290344238, 143.731521606, 144.172698975, 144.613876343, 145.066665649, 145.507843018, 145.949020386, 146.401809692, 146.842987061, 147.295776367, 147.736953735, 148.189743042, 148.63092041, 149.072113037, 149.513290405, 149.954467773, 150.395645142, 150.848434448, 151.289611816, 151.730789185, 152.183578491, 152.624755859, 153.065933228, 153.507110596, 153.948303223, 154.389480591, 154.830657959, 155.271835327, 155.724624634, 156.165802002, 156.618591309, 157.071380615, 157.524169922, 157.96534729, 158.406524658, 158.847702026, 159.288879395, 159.730072021, 160.17124939, 160.612426758, 161.065216064, 161.506393433, 161.947570801, 162.400360107, 162.841537476, 163.282714844, 163.73550415, 164.176681519, 164.629470825, 165.070648193, 165.51184082, 165.953018188, 166.394195557, 166.846984863, 167.29977417, 167.740951538, 168.182128906, 168.623306274, 169.064483643, 169.505661011, 169.958450317, 170.399627686, 170.852416992, 171.293609619, 171.734786987, 172.175964355, 172.617141724, 173.06993103, 173.522720337, 173.963897705, 174.405075073, 174.846252441, 175.28742981, 175.728607178, 176.169799805, 176.610977173, 177.052154541, 177.504943848, 177.957733154, 178.398910522, 178.840087891, 179.281265259, 179.734054565, 180.175231934, 180.62802124, 181.069198608, 181.510375977, 181.951568604, 182.392745972, 182.83392334, 183.275100708, 183.716278076, 184.169067383, 184.610244751, 185.063034058, 185.515823364, 185.968612671, 186.409790039, 186.850967407, 187.292144775, 187.733337402, 188.18611145, 188.627304077, 189.080093384, 189.521270752, 189.96244812, 190.403625488, 190.844802856, 191.285980225, 191.738769531, 192.191558838, 192.632736206, 193.073913574, 193.515090942, 193.956283569, 194.397460938, 194.838638306, 195.291427612, 195.744216919, 196.185394287, 196.626571655, 197.067749023, 197.508926392, 197.961715698, 198.414505005, 198.855682373, 199.296859741, 199.738052368, 200.179229736, 200.620407104, 201.073196411, 201.514373779, 201.967163086, 202.408340454, 202.849517822, 203.29069519, 203.731872559, 204.173049927, 204.614242554, 205.055419922, 205.49659729, 205.937774658, 206.378952026, 206.831741333, 207.28453064, 207.737319946, 208.190109253, 208.631286621, 209.072463989, 209.525253296, 209.978042603, 210.419219971, 210.860397339, 211.301589966, 211.742767334, 212.183944702, 212.62512207, 213.066299438, 213.507476807, 213.960266113, 214.401443481, 214.84262085, 215.295410156, 215.736587524, 216.177780151, 216.630569458, 217.083358765, 217.524536133, 217.965713501, 218.406890869, 218.848068237, 219.289245605, 219.742034912, 220.194824219, 220.636001587, 221.077178955, 221.518356323, 221.95954895, 222.400726318, 222.853515625, 223.294692993, 223.735870361, 224.177047729, 224.629837036, 225.071014404, 225.512191772, 225.953369141, 226.394546509, 226.847335815, 227.288528442, 227.741317749, 228.182495117, 228.623672485, 229.064849854, 229.506027222, 229.958816528, 230.411605835, 230.852783203, 231.293960571, 231.735137939, 232.176315308, 232.617507935, 233.058685303, 233.499862671, 233.941040039, 234.393829346, 234.846618652, 235.287796021, 235.740585327, 236.181762695, 236.634552002, 237.07572937, 237.516906738, 237.958084106, 238.399276733, 238.840454102, 239.293243408, 239.746032715, 240.187210083, 240.628387451, 241.069564819, 241.510742188, 241.951919556, 242.393096924, 242.84588623, 243.298675537, 243.739852905, 244.181045532, 244.6222229, 245.063400269, 245.516189575, 245.98059082, 246.444976807, 246.92098999, 247.397003174, 247.873016357, 248.360626221, 248.848251343]
