
metadata:
    version:
        essentia: "2.1-beta2"
    audio_properties:
        analysis_sample_rate: 44100
        bitrate: 256
        channels: 2
        equal_loudness: 1
        length: 216.424484253
        replay_gain: -15.044916153
        downmix: "mix"
    tags:
        album: "Indestructible"
        artist: "Disturbed"
        comment: ""
        date: "2008"
        genre: "Rock"
        title: "Divide"
        tracknumber: "11"

configuration:
    average_loudness:
        compute: 1
        frameSize: 88200
        hopSize: 44100
        silentFrames: "noise"
        windowType: "hann"
    general:
        analysisSampleRate: 44100
        endTime: 2000
        equalLoudness: 1
        nequalLoudness: 0
        shortSound: 0
        startTime: 0
    lowlevel:
        compute: 1
        frameSize: 2048
        hopSize: 1024
        zeroPadding: 0
        silentFrames: "noise"
        windowType: "blackmanharris62"
        mfccStats: ["mean", "cov", "icov"]
        stats: ["mean", "var", "median", "min", "max", "dmean", "dmean2", "dvar", "dvar2"]
    panning:
        compute: 0
        frameSize: 8192
        hopSize: 2048
        zeroPadding: 8192
        silentFrames: "noise"
        windowType: "hann"
        stats: ["copy"]
    rhythm:
        compute: 1
        maxTempo: 208
        minTempo: 40
        method: "degara"
        stats: ["mean", "var", "median", "min", "max", "dmean", "dmean2", "dvar", "dvar2"]
    segmentation:
        compute: 0
        cpw: 5
        inc1: 300
        inc2: 50
        minimumSegmentsLength: 10
        size1: 1000
        size2: 600
    sfx:
        compute: 1
        stats: ["mean", "var", "median", "min", "max", "dmean", "dmean2", "dvar", "dvar2"]
    svm:
        compute: 0
    tonal:
        compute: 1
        frameSize: 4096
        hopSize: 2048
        zeroPadding: 0
        silentFrames: "noise"
        windowType: "blackmanharris62"
        stats: ["mean", "var", "median", "min", "max", "dmean", "dmean2", "dvar", "dvar2"]

lowlevel:
    average_loudness: 0.941714763641
    barkbands_kurtosis:
        dmean: 0.76989787817
        dmean2: 1.24325025082
        dvar: 1.13240981102
        dvar2: 2.57547831535
        max: 20.580078125
        mean: -0.598437845707
        median: -1.06041646004
        min: -1.90149605274
        var: 2.53276252747
    barkbands_skewness:
        dmean: 0.451532185078
        dmean2: 0.717320799828
        dvar: 0.173930987716
        dvar2: 0.45018273592
        max: 4.44110822678
        mean: -0.421047836542
        median: -0.506561219692
        min: -3.787535429
        var: 0.649596810341
    barkbands_spread:
        dmean: 7.05063581467
        dmean2: 11.338599205
        dvar: 44.6275596619
        dvar2: 112.415588379
        max: 69.7506942749
        mean: 37.8054008484
        median: 38.2511672974
        min: 2.46218442917
        var: 123.087814331
    dissonance:
        dmean: 0.00756412744522
        dmean2: 0.0129013983533
        dvar: 6.12685980741e-005
        dvar2: 0.000167411053553
        max: 0.500000059605
        mean: 0.487178444862
        median: 0.489574015141
        min: 0.336628615856
        var: 0.000105607061414
    hfc:
        dmean: 3.17856192589
        dmean2: 5.14650392532
        dvar: 17.4741821289
        dvar2: 44.4071578979
        max: 46.3367042542
        mean: 10.4365797043
        median: 9.70818328857
        min: 1.05245378944e-016
        var: 37.7999038696
    pitch:
        dmean: 951.667175293
        dmean2: 1801.7310791
        dvar: 1718158.5
        dvar2: 4004845.5
        max: 5224.16650391
        mean: 2084.86816406
        median: 2522.9831543
        min: 68.101852417
        var: 2612940.5
    pitch_instantaneous_confidence:
        dmean: 0.0791942104697
        dmean2: 0.12909810245
        dvar: 0.00466058030725
        dvar2: 0.0109571171924
        max: 0.979253470898
        mean: 0.359801799059
        median: 0.334958583117
        min: 0.0845091938972
        var: 0.0187709499151
    pitch_salience:
        dmean: 0.0629357099533
        dmean2: 0.106201529503
        dvar: 0.00344565301202
        dvar2: 0.00955324433744
        max: 0.997925162315
        mean: 0.67829656601
        median: 0.697387576103
        min: 0.149769574404
        var: 0.00767990620807
    silence_rate_20dB:
        dmean: 0
        dmean2: 0
        dvar: 0
        dvar2: 0
        max: 1
        mean: 1
        median: 1
        min: 1
        var: 0
    silence_rate_30dB:
        dmean: 0
        dmean2: 0
        dvar: 0
        dvar2: 0
        max: 1
        mean: 1
        median: 1
        min: 1
        var: 0
    silence_rate_60dB:
        dmean: 0.0926939174533
        dmean2: 0.185407727957
        dvar: 0.0841117948294
        dvar2: 0.17444190383
        max: 1
        mean: 0.219695344567
        median: 0
        min: 0
        var: 0.171419039369
    spectral_centroid:
        dmean: 324.783782959
        dmean2: 520.332336426
        dvar: 109741.375
        dvar2: 269954
        max: 11747.2519531
        mean: 2130.37841797
        median: 2125.02026367
        min: 256.052764893
        var: 925195
    spectral_complexity:
        dmean: 4.82029819489
        dmean2: 7.46523618698
        dvar: 25.3090324402
        dvar2: 54.2798042297
        max: 56
        mean: 19.0726242065
        median: 19
        min: 0
        var: 98.5965957642
    spectral_crest:
        dmean: 1.77822506428
        dmean2: 2.97797989845
        dvar: 2.90862011909
        dvar2: 7.56588554382
        max: 24.9717979431
        mean: 6.38855266571
        median: 5.75558185577
        min: 2.66934370995
        var: 6.15445709229
    spectral_decrease:
        dmean: 3.64141938825e-010
        dmean2: 6.05003658283e-010
        dvar: 2.56691902609e-019
        dvar2: 6.72092467807e-019
        max: 1.54755765491e-028
        mean: -1.0767396974e-009
        median: -9.87394610519e-010
        min: -4.63836968834e-009
        var: 3.58825960792e-019
    spectral_energy:
        dmean: 0.00161439646035
        dmean2: 0.00266031641513
        dvar: 4.99100951856e-006
        dvar2: 1.30172793433e-005
        max: 0.0207285564393
        mean: 0.0050104977563
        median: 0.00463213399053
        min: 1.00205749926e-020
        var: 7.50924846216e-006
    spectral_energyband_high:
        dmean: 0.000292386423098
        dmean2: 0.000484745542053
        dvar: 1.56089896564e-007
        dvar2: 3.92150212747e-007
        max: 0.00626948336139
        mean: 0.000671013549436
        median: 0.000536404782906
        min: 7.12975485072e-021
        var: 2.87806017241e-007
    spectral_energyband_low:
        dmean: 0.000517584849149
        dmean2: 0.000908069661818
        dvar: 8.40399764002e-007
        dvar2: 2.3382785912e-006
        max: 0.00611738488078
        mean: 0.000656959891785
        median: 0.000388081360143
        min: 1.56645198578e-023
        var: 6.93955996667e-007
    spectral_energyband_middle_high:
        dmean: 0.000769881997257
        dmean2: 0.00123940722551
        dvar: 8.15290547962e-007
        dvar2: 2.03545960176e-006
        max: 0.0106615787372
        mean: 0.00259916600771
        median: 0.00248030992225
        min: 1.23027889209e-021
        var: 2.21009872803e-006
    spectral_energyband_middle_low:
        dmean: 0.00066003925167
        dmean2: 0.00110759364907
        dvar: 1.20107506518e-006
        dvar2: 3.24581446876e-006
        max: 0.0116619719192
        mean: 0.00125525193289
        median: 0.000922230479773
        min: 1.36514020479e-022
        var: 1.3597079942e-006
    spectral_flatness_db:
        dmean: 0.0145476944745
        dmean2: 0.0225237347186
        dvar: 0.000197243702132
        dvar2: 0.000418752169935
        max: 0.350681245327
        mean: 0.143573790789
        median: 0.137846112251
        min: 0.058495555073
        var: 0.000924662163015
    spectral_flux:
        dmean: 0.00929574109614
        dmean2: 0.0140692172572
        dvar: 0.000120203723782
        dvar2: 0.000236432650127
        max: 0.13099989295
        mean: 0.0444328077137
        median: 0.0428566783667
        min: 6.48619422061e-011
        var: 0.000283764413325
    spectral_kurtosis:
        dmean: 0.938199341297
        dmean2: 1.58933079243
        dvar: 1.00459468365
        dvar2: 2.93465256691
        max: 18.6957130432
        mean: 3.24378943443
        median: 3.06089878082
        min: -1.27125072479
        var: 2.22391748428
    spectral_rms:
        dmean: 0.000329922157107
        dmean2: 0.000528946635313
        dvar: 1.61963157552e-007
        dvar2: 4.06509087725e-007
        max: 0.0044969972223
        mean: 0.00211860262789
        median: 0.00212583038956
        min: 3.12668684346e-012
        var: 3.99806594942e-007
    spectral_rolloff:
        dmean: 318.430541992
        dmean2: 513.882446289
        dvar: 165124.25
        dvar2: 363103.65625
        max: 19595.2148438
        mean: 3799.38208008
        median: 3811.37695313
        min: 107.666015625
        var: 2125055
    spectral_skewness:
        dmean: 0.157694399357
        dmean2: 0.254425704479
        dvar: 0.0240190289915
        dvar2: 0.0581749007106
        max: 2.62270402908
        mean: 1.15731680393
        median: 1.14174056053
        min: -0.0871459320188
        var: 0.106758885086
    spectral_spread:
        dmean: 470846.6875
        dmean2: 684360.5
        dvar: 476246212608
        dvar2: 899705208832
        max: 42323024
        mean: 4797767.5
        median: 4404176.5
        min: 1715398.625
        var: 1.06396521595e+013
    spectral_strongpeak:
        dmean: 0.536546647549
        dmean2: 0.942795336246
        dvar: 0.6605027318
        dvar2: 1.70838153362
        max: 8.15913105011
        mean: 0.637915492058
        median: 0.213837280869
        min: 0
        var: 0.939587116241
    zerocrossingrate:
        dmean: 0.00904967822134
        dmean2: 0.0113026630133
        dvar: 7.9858902609e-005
        dvar2: 0.000104415266833
        max: 0.5224609375
        mean: 0.116507872939
        median: 0.1162109375
        min: 0.0126953125
        var: 0.00166862178594
    barkbands:
        dmean: [3.15064369261e-007, 0.000157595932251, 0.000322484498611, 0.000171719206264, 0.000352037546691, 0.000205851290957, 8.0556354078e-005, 4.93831103086e-005, 5.48596071894e-005, 3.02889402519e-005, 5.15403371537e-005, 6.27929330221e-005, 7.38870730856e-005, 8.04860974313e-005, 8.74690304045e-005, 0.000151946296683, 0.000199871778022, 0.000194957247004, 0.000305336521706, 0.000222415372264, 0.000161080679391, 3.97744151996e-005, 7.1089643825e-006, 2.24126938519e-006, 1.81131417776e-006, 8.04307305202e-008, 6.30207608321e-010]
        dmean2: [5.32933995601e-007, 0.00028205520357, 0.000572453544009, 0.00027423579013, 0.000611992494669, 0.000341344129993, 0.000136512011522, 8.48980562296e-005, 9.02202664292e-005, 4.99693014717e-005, 8.344676462e-005, 0.000102025333035, 0.000120317999972, 0.000132299741381, 0.000142769975355, 0.000247659074375, 0.000324205757352, 0.000325973931467, 0.000512710365001, 0.000367657135939, 0.000272863981081, 6.42988670734e-005, 1.16316359708e-005, 3.54190524376e-006, 2.83723829853e-006, 1.20494021871e-007, 1.02193897789e-009]
        dvar: [2.95159757096e-013, 7.96783865553e-008, 3.64853690371e-007, 7.21627557709e-008, 5.95443054863e-007, 1.33157485038e-007, 1.59628914531e-008, 1.03479020908e-008, 1.16485106005e-008, 2.81454659579e-009, 1.42883989085e-008, 1.44984726447e-008, 2.03330792203e-008, 2.17644107181e-008, 1.99899137243e-008, 4.23303383457e-008, 6.91332786573e-008, 6.40843964561e-008, 1.37923549914e-007, 8.53252828392e-008, 5.28865093941e-008, 3.93389143483e-009, 1.60643998104e-010, 2.77525537273e-011, 3.80029063773e-011, 3.42342155329e-014, 1.94682375197e-018]
        dvar2: [7.70324613559e-013, 2.22494065838e-007, 1.01992839063e-006, 1.67787376881e-007, 1.65323672263e-006, 3.39403385397e-007, 4.26981046076e-008, 2.85379755383e-008, 2.8799654217e-008, 7.06741953849e-009, 3.52266908976e-008, 3.66599337553e-008, 5.10439406298e-008, 5.55731283214e-008, 5.20582759123e-008, 1.05356541269e-007, 1.7283048237e-007, 1.65716429024e-007, 3.61002577165e-007, 2.21494389052e-007, 1.40261121828e-007, 8.92504470329e-009, 3.81963516372e-010, 6.46850628616e-011, 9.44939543279e-011, 8.53056300186e-014, 4.7101359799e-018]
        max: [4.88155637868e-006, 0.00198751711287, 0.00434477254748, 0.00535270385444, 0.00984466355294, 0.00522609101608, 0.00195633410476, 0.00277140690014, 0.0017534759827, 0.000813379767351, 0.00414329441264, 0.00222866493277, 0.00215891236439, 0.00252865604125, 0.00273272814229, 0.00361438561231, 0.00553078716621, 0.00391326053068, 0.00678797857836, 0.00624677399173, 0.00267885415815, 0.00110761949327, 0.000255138089415, 0.000113772846817, 0.000132072964334, 5.1208808145e-006, 2.79421357163e-008]
        mean: [3.2559236729e-007, 0.000169591934537, 0.000337374571245, 0.000286207912723, 0.000415979215177, 0.000285477930447, 0.000112759196782, 6.0117123212e-005, 8.08501426945e-005, 4.42410600954e-005, 7.96566018835e-005, 9.90864427877e-005, 0.000111723813461, 0.000120690761833, 0.000135314287036, 0.000277884333627, 0.000400436430937, 0.000380011770176, 0.000692657369655, 0.000509966455866, 0.000314199714921, 7.62138442951e-005, 1.26014419948e-005, 4.19079287894e-006, 2.81031702798e-006, 1.27892505475e-007, 6.99435565021e-010]
        median: [8.62192308659e-008, 0.000100395729532, 0.000162236596225, 0.000144896534039, 0.000211570935789, 0.000132675224449, 6.90203014528e-005, 3.26912340824e-005, 3.87023210351e-005, 2.33770915656e-005, 2.94050987577e-005, 4.59502916783e-005, 4.38266506535e-005, 6.04649576417e-005, 7.20149109839e-005, 0.00020403227245, 0.000307587062707, 0.000302709260723, 0.000613559503108, 0.000431474880315, 0.000245907169301, 4.62190400867e-005, 6.71869656799e-006, 2.17341721509e-006, 1.1850474948e-006, 5.80925600957e-008, 2.04130240489e-010]
        min: [2.73044899902e-025, 5.92024016606e-024, 9.21593260627e-025, 1.82790687717e-024, 8.37983431561e-024, 1.10567478116e-023, 8.68897076057e-024, 9.62834632651e-024, 1.51184813832e-023, 1.69008494897e-023, 1.91429625763e-023, 1.81748093645e-023, 2.77863095664e-023, 4.25321299026e-023, 3.83666224678e-023, 5.03464913664e-023, 7.85676305301e-023, 9.87471658022e-023, 1.0594251758e-022, 1.64989021393e-022, 2.33379891862e-022, 3.1211686874e-022, 4.28906324741e-022, 5.69438827915e-022, 8.10165955678e-022, 1.37312547139e-021, 1.9714113144e-021]
        var: [3.07455693934e-013, 5.81089096841e-008, 2.73139704632e-007, 1.81762246143e-007, 4.73870215956e-007, 1.97923128553e-007, 2.0161788683e-008, 9.01289975985e-009, 1.95993141716e-008, 4.07244238332e-009, 2.68601230147e-008, 2.58334438286e-008, 3.52144624571e-008, 3.52964732997e-008, 3.37973347087e-008, 7.79811628604e-008, 1.38958327511e-007, 1.09159572048e-007, 2.8045297995e-007, 1.64895467947e-007, 7.4047477483e-008, 7.64373631057e-009, 2.92192631202e-010, 4.93229762588e-011, 4.68435706891e-011, 4.33126333464e-014, 2.36513415762e-018]
    frequency_bands:
        dmean: [3.15064369261e-007, 0.000157595932251, 0.000322484498611, 0.000171719206264, 0.000352037546691, 0.000205851290957, 8.0556354078e-005, 4.93831103086e-005, 5.48596071894e-005, 3.02889402519e-005, 5.15403371537e-005, 6.27929330221e-005, 7.38870730856e-005, 8.04860974313e-005, 8.74690304045e-005, 0.000151946296683, 0.000199871778022, 0.000194957247004, 0.000305336521706, 0.000222415372264, 0.000161080679391, 3.97744151996e-005, 7.1089643825e-006, 2.24126938519e-006, 1.81131417776e-006, 8.04307305202e-008, 6.30207608321e-010, 5.66263529123e-011]
        dmean2: [5.32933995601e-007, 0.00028205520357, 0.000572453544009, 0.00027423579013, 0.000611992494669, 0.000341344129993, 0.000136512011522, 8.48980562296e-005, 9.02202664292e-005, 4.99693014717e-005, 8.344676462e-005, 0.000102025333035, 0.000120317999972, 0.000132299741381, 0.000142769975355, 0.000247659074375, 0.000324205757352, 0.000325973931467, 0.000512710365001, 0.000367657135939, 0.000272863981081, 6.42988670734e-005, 1.16316359708e-005, 3.54190524376e-006, 2.83723829853e-006, 1.20494021871e-007, 1.02193897789e-009, 1.04960186376e-010]
        dvar: [2.95159757096e-013, 7.96783865553e-008, 3.64853690371e-007, 7.21627557709e-008, 5.95443054863e-007, 1.33157485038e-007, 1.59628914531e-008, 1.03479020908e-008, 1.16485106005e-008, 2.81454659579e-009, 1.42883989085e-008, 1.44984726447e-008, 2.03330792203e-008, 2.17644107181e-008, 1.99899137243e-008, 4.23303383457e-008, 6.91332786573e-008, 6.40843964561e-008, 1.37923549914e-007, 8.53252828392e-008, 5.28865093941e-008, 3.93389143483e-009, 1.60643998104e-010, 2.77525537273e-011, 3.80029063773e-011, 3.42342155329e-014, 1.94682375197e-018, 7.33300217452e-021]
        dvar2: [7.70324613559e-013, 2.22494065838e-007, 1.01992839063e-006, 1.67787376881e-007, 1.65323672263e-006, 3.39403385397e-007, 4.26981046076e-008, 2.85379755383e-008, 2.8799654217e-008, 7.06741953849e-009, 3.52266908976e-008, 3.66599337553e-008, 5.10439406298e-008, 5.55731283214e-008, 5.20582759123e-008, 1.05356541269e-007, 1.7283048237e-007, 1.65716429024e-007, 3.61002577165e-007, 2.21494389052e-007, 1.40261121828e-007, 8.92504470329e-009, 3.81963516372e-010, 6.46850628616e-011, 9.44939543279e-011, 8.53056300186e-014, 4.7101359799e-018, 2.3263480529e-020]
        max: [4.88155637868e-006, 0.00198751711287, 0.00434477254748, 0.00535270385444, 0.00984466355294, 0.00522609101608, 0.00195633410476, 0.00277140690014, 0.0017534759827, 0.000813379767351, 0.00414329441264, 0.00222866493277, 0.00215891236439, 0.00252865604125, 0.00273272814229, 0.00361438561231, 0.00553078716621, 0.00391326053068, 0.00678797857836, 0.00624677399173, 0.00267885415815, 0.00110761949327, 0.000255138089415, 0.000113772846817, 0.000132072964334, 5.1208808145e-006, 2.79421357163e-008, 1.48976708747e-009]
        mean: [3.2559236729e-007, 0.000169591934537, 0.000337374571245, 0.000286207912723, 0.000415979215177, 0.000285477930447, 0.000112759196782, 6.0117123212e-005, 8.08501426945e-005, 4.42410600954e-005, 7.96566018835e-005, 9.90864427877e-005, 0.000111723813461, 0.000120690761833, 0.000135314287036, 0.000277884333627, 0.000400436430937, 0.000380011770176, 0.000692657369655, 0.000509966455866, 0.000314199714921, 7.62138442951e-005, 1.26014419948e-005, 4.19079287894e-006, 2.81031702798e-006, 1.27892505475e-007, 6.99435565021e-010, 4.41783415406e-011]
        median: [8.62192308659e-008, 0.000100395729532, 0.000162236596225, 0.000144896534039, 0.000211570935789, 0.000132675224449, 6.90203014528e-005, 3.26912340824e-005, 3.87023210351e-005, 2.33770915656e-005, 2.94050987577e-005, 4.59502916783e-005, 4.38266506535e-005, 6.04649576417e-005, 7.20149109839e-005, 0.00020403227245, 0.000307587062707, 0.000302709260723, 0.000613559503108, 0.000431474880315, 0.000245907169301, 4.62190400867e-005, 6.71869656799e-006, 2.17341721509e-006, 1.1850474948e-006, 5.80925600957e-008, 2.04130240489e-010, 1.69976029779e-011]
        min: [2.73044899902e-025, 5.92024016606e-024, 9.21593260627e-025, 1.82790687717e-024, 8.37983431561e-024, 1.10567478116e-023, 8.68897076057e-024, 9.62834632651e-024, 1.51184813832e-023, 1.69008494897e-023, 1.91429625763e-023, 1.81748093645e-023, 2.77863095664e-023, 4.25321299026e-023, 3.83666224678e-023, 5.03464913664e-023, 7.85676305301e-023, 9.87471658022e-023, 1.0594251758e-022, 1.64989021393e-022, 2.33379891862e-022, 3.1211686874e-022, 4.28906324741e-022, 5.69438827915e-022, 8.10165955678e-022, 1.37312547139e-021, 1.9714113144e-021, 4.44398290742e-022]
        var: [3.07455693934e-013, 5.81089096841e-008, 2.73139704632e-007, 1.81762246143e-007, 4.73870215956e-007, 1.97923128553e-007, 2.0161788683e-008, 9.01289975985e-009, 1.95993141716e-008, 4.07244238332e-009, 2.68601230147e-008, 2.58334438286e-008, 3.52144624571e-008, 3.52964732997e-008, 3.37973347087e-008, 7.79811628604e-008, 1.38958327511e-007, 1.09159572048e-007, 2.8045297995e-007, 1.64895467947e-007, 7.4047477483e-008, 7.64373631057e-009, 2.92192631202e-010, 4.93229762588e-011, 4.68435706891e-011, 4.33126333464e-014, 2.36513415762e-018, 5.66967120964e-021]
    mfcc:
        mean: [-700.944763184, 89.0022659302, -52.0692596436, 69.6985321045, -7.80034208298, 2.43902635574, 1.05197489262, -7.7884349823, -2.25770831108, -8.73071861267, -4.42744112015, -1.05894076824, -1.82994925976]
        cov: [[5401.25878906, 462.728668213, -272.404876709, 524.020141602, -61.7161865234, 143.67678833, 34.8174514771, 17.1249217987, -1.71067416668, 22.2705345154, -2.53618574142, -32.2405204773, -29.8572273254], [462.728668213, 744.994140625, -208.566070557, 255.805358887, 27.9293231964, 47.1351509094, 75.7476882935, -2.58512187004, 17.890460968, -26.1020278931, -3.18936228752, 18.2185764313, -6.65076494217], [-272.404876709, -208.566070557, 466.415679932, -46.6822357178, 98.9011077881, 36.0806617737, -17.0956134796, 64.7420501709, 21.2451248169, 36.5925521851, 13.4526844025, 7.1536359787, 12.6779909134], [524.020141602, 255.805358887, -46.6822357178, 434.520721436, 89.6035308838, 48.4363937378, 29.7309436798, -0.797087311745, 84.2147827148, 15.6403656006, 21.2642707825, -1.65711402893, 8.27177333832], [-61.7161865234, 27.9293231964, 98.9011077881, 89.6035308838, 155.246520996, 48.1516151428, -0.757814586163, 15.0549497604, 32.3464736938, 38.3004722595, 13.9225006104, 13.5785055161, 10.1445608139], [143.67678833, 47.1351509094, 36.0806617737, 48.4363937378, 48.1516151428, 130.279510498, 83.5295028687, 40.8861885071, 15.7380075455, 29.4173774719, 25.6753063202, 6.12170886993, -3.2990732193], [34.8174514771, 75.7476882935, -17.0956134796, 29.7309436798, -0.757814586163, 83.5295028687, 179.40852356, 73.45677948, 27.390619278, 9.81455230713, 28.0391960144, 4.00881719589, 1.75954639912], [17.1249217987, -2.58512187004, 64.7420501709, -0.797087311745, 15.0549497604, 40.8861885071, 73.45677948, 109.645606995, 34.0077972412, 21.8385772705, 8.12108802795, 8.91654205322, 10.262547493], [-1.71067416668, 17.890460968, 21.2451248169, 84.2147827148, 32.3464736938, 15.7380075455, 27.390619278, 34.0077972412, 105.84928894, 50.1967353821, 26.5065879822, -6.62227249146, 1.37164998055], [22.2705345154, -26.1020278931, 36.5925521851, 15.6403656006, 38.3004722595, 29.4173774719, 9.81455230713, 21.8385772705, 50.1967353821, 104.325942993, 40.5164833069, 2.04883790016, -10.7571802139], [-2.53618574142, -3.18936228752, 13.4526844025, 21.2642707825, 13.9225006104, 25.6753063202, 28.0391960144, 8.12108802795, 26.5065879822, 40.5164833069, 66.3569107056, 16.638885498, 0.286538898945], [-32.2405204773, 18.2185764313, 7.1536359787, -1.65711402893, 13.5785055161, 6.12170886993, 4.00881719589, 8.91654205322, -6.62227249146, 2.04883790016, 16.638885498, 60.6603889465, 29.013923645], [-29.8572273254, -6.65076494217, 12.6779909134, 8.27177333832, 10.1445608139, -3.2990732193, 1.75954639912, 10.262547493, 1.37164998055, -10.7571802139, 0.286538898945, 29.013923645, 61.2074356079]]
        icov: [[0.000245103845373, -3.57694443665e-005, 8.00632624305e-005, -0.00038568963646, 0.000387732929084, -0.000378969911253, 0.000267261784757, -0.000257329229498, 0.00035599138937, -0.000241088346229, 7.30570027372e-005, 0.000122961049783, -6.98860958437e-006], [-3.57694443665e-005, 0.00211029662751, 0.000828818883747, -0.00107643497176, -0.000431690568803, -9.74054564722e-005, -0.000697414798196, -6.9817804615e-005, 0.000223143069888, 0.000428097235272, 0.000664320017677, -0.00123794539832, 0.000937652832363], [8.00632624305e-005, 0.000828818883747, 0.00343794492073, 0.000177608701051, -0.00207201531157, -0.000721572898328, 0.00133313902188, -0.00250159739517, 0.000209690770134, 0.000498513283674, -0.000753420172259, 0.000443619472208, -4.52020685771e-005], [-0.00038568963646, -0.00107643497176, 0.000177608701051, 0.00468963198364, -0.00239925901406, -0.00032526924042, -1.38166942634e-005, 0.00131976674311, -0.00382188288495, 0.00184718845412, -0.000912993913516, 0.000731039908715, -0.000748396851122], [0.000387732929084, -0.000431690568803, -0.00207201531157, -0.00239925901406, 0.0114942137152, -0.00408138986677, 0.00198330101557, 0.000573930388782, -0.000277356099105, -0.00318165402859, 0.00195110426284, -0.00179724162444, -0.00109278887976], [-0.000378969911253, -9.74054564722e-005, -0.000721572898328, -0.00032526924042, -0.00408138986677, 0.0149348843843, -0.00677914731205, -0.000401461031288, 0.00274232239462, -0.0022300304845, -0.0015127727529, -1.60798335855e-005, 0.00130292866379], [0.000267261784757, -0.000697414798196, 0.00133313902188, -1.38166942634e-005, 0.00198330101557, -0.00677914731205, 0.0126725062728, -0.00717534683645, -0.000813027785625, 0.00282670464367, -0.00443239836022, 0.00189132487867, -0.000435783149442], [-0.000257329229498, -6.9817804615e-005, -0.00250159739517, 0.00131976674311, 0.000573930388782, -0.000401461031288, -0.00717534683645, 0.0174556542188, -0.0048621953465, -0.00203787721694, 0.00497316056862, -0.00310613727197, -0.00143064756412], [0.00035599138937, 0.000223143069888, 0.000209690770134, -0.00382188288495, -0.000277356099105, 0.00274232239462, -0.000813027785625, -0.0048621953465, 0.0182658620179, -0.00702511705458, -0.00301303388551, 0.00461609102786, -0.00211468175985], [-0.000241088346229, 0.000428097235272, 0.000498513283674, 0.00184718845412, -0.00318165402859, -0.0022300304845, 0.00282670464367, -0.00203787721694, -0.00702511705458, 0.0182988028973, -0.00847055856138, -3.30823349941e-005, 0.00367235345766], [7.30570027372e-005, 0.000664320017677, -0.000753420172259, -0.000912993913516, 0.00195110426284, -0.0015127727529, -0.00443239836022, 0.00497316056862, -0.00301303388551, -0.00847055856138, 0.0255592148751, -0.00877990573645, 0.00189700210467], [0.000122961049783, -0.00123794539832, 0.000443619472208, 0.000731039908715, -0.00179724162444, -1.60798335855e-005, 0.00189132487867, -0.00310613727197, 0.00461609102786, -3.30823349941e-005, -0.00877990573645, 0.0262949690223, -0.0120344366878], [-6.98860958437e-006, 0.000937652832363, -4.52020685771e-005, -0.000748396851122, -0.00109278887976, 0.00130292866379, -0.000435783149442, -0.00143064756412, -0.00211468175985, 0.00367235345766, 0.00189700210467, -0.0120344366878, 0.0234391726553]]
    sccoeffs:
        dmean: [0.0579937845469, 0.049232840538, 0.0357853211462, 0.0304690264165, 0.0196035224944, 0.0208931453526]
        dmean2: [0.0981743186712, 0.0818774327636, 0.0591999739408, 0.0500704795122, 0.03208142519, 0.0328902602196]
        dvar: [0.00232956348918, 0.00156894861721, 0.000827045470942, 0.000597507401835, 0.000255690712947, 0.000422382378019]
        dvar2: [0.00661258026958, 0.00416756607592, 0.0021786831785, 0.00154808338266, 0.000639167206828, 0.000917001860216]
        max: [-0.304116934538, -0.439081907272, -0.523957490921, -0.532515645027, -0.567825138569, -0.476600378752]
        mean: [-0.660314083099, -0.763692855835, -0.808901786804, -0.792347192764, -0.799062490463, -0.718665540218]
        median: [-0.662662029266, -0.770661175251, -0.814949512482, -0.795887589455, -0.802705526352, -0.717495918274]
        min: [-0.978285312653, -0.990227222443, -0.993779242039, -0.989643156528, -0.989543795586, -0.96578681469]
        var: [0.00559054967016, 0.00476273568347, 0.00276014301926, 0.00204713316634, 0.00126330519561, 0.00255351513624]
    scvalleys:
        dmean: [0.448468804359, 0.392559200525, 0.336020767689, 0.291270643473, 0.232351228595, 0.311749219894]
        dmean2: [0.717975139618, 0.642121016979, 0.536157011986, 0.459447145462, 0.352019280195, 0.429472595453]
        dvar: [0.199129402637, 0.135199531913, 0.0996536314487, 0.0771872848272, 0.0715861842036, 0.172126278281]
        dvar2: [0.405116200447, 0.326156705618, 0.213119447231, 0.15852470696, 0.13738656044, 0.315867960453]
        max: [-4.91406011581, -4.69078731537, -5.31764507294, -5.47282981873, -5.3772726059, -7.58667516708]
        mean: [-6.972676754, -6.87798833847, -7.33688306808, -7.18686199188, -6.77704000473, -9.74991893768]
        median: [-6.55442762375, -6.62532329559, -7.10302639008, -6.90823173523, -6.41714286804, -9.41023159027]
        min: [-27.9706134796, -27.8439826965, -27.9279136658, -27.6734008789, -27.546962738, -27.4156341553]
        var: [4.508497715, 4.01521539688, 3.89536762238, 3.92817783356, 4.22570228577, 3.55488824844]

rhythm:
    beats_loudness:
        dmean: 0.00276762386784
        dmean2: 0.00530893495306
        dvar: 3.56662371814e-006
        dvar2: 1.19050655485e-005
        max: 0.0135620525107
        mean: 0.00642041536048
        median: 0.00620072940364
        min: 0
        var: 6.23409960099e-006
    bpm: 126.992614746
    bpm_confidence: 0
    first_peak_bpm: 126
    first_peak_spread: 0.334831446409
    first_peak_weight: 0.650549471378
    onset_rate: 3.40534520149
    second_peak_bpm: 117
    second_peak_spread: 0.40000000596
    second_peak_weight: 0.0131868133321
    beats_loudness_band_ratio:
        dmean: [0.109722986817, 0.0875689014792, 0.0396636836231, 0.0760868936777, 0.0912068113685, 0.108608573675]
        dmean2: [0.188748851418, 0.158180609345, 0.0708699598908, 0.137981116772, 0.153076812625, 0.193655565381]
        dvar: [0.00781338009983, 0.00581791764125, 0.00278654135764, 0.00814725924283, 0.00596481421962, 0.00628937920555]
        dvar2: [0.0218254253268, 0.0178830549121, 0.00794688705355, 0.0242147222161, 0.0167982764542, 0.0216894708574]
        max: [0.784243285656, 0.544887304306, 0.393238693476, 0.695586264133, 0.722168505192, 0.660663187504]
        mean: [0.151914402843, 0.130034506321, 0.0606996640563, 0.0869065150619, 0.267042726278, 0.328633993864]
        median: [0.121755279601, 0.115015283227, 0.0479204654694, 0.0532767623663, 0.255289316177, 0.344381153584]
        min: [0, 0, 0, 0, 0, 0]
        var: [0.0128551200032, 0.00701914401725, 0.00244276993908, 0.00709564937279, 0.00937506742775, 0.0121781583875]
    beats_position: [0.510838985443, 1.02167797089, 1.53251695633, 2.04335594177, 2.53097510338, 3.00698399544, 3.48299312592, 3.95900225639, 4.43501138687, 4.8994102478, 5.3754196167, 5.85142850876, 6.31582736969, 6.79183673859, 7.26784563065, 7.74385452271, 8.2198638916, 8.68426322937, 9.16027164459, 9.63628101349, 10.1006803513, 10.5766887665, 11.0526981354, 11.5287075043, 12.0047159195, 12.4691152573, 12.933514595, 13.4095239639, 13.8855323792, 14.3499317169, 14.8259410858, 15.301949501, 15.7663488388, 16.242357254, 16.7183666229, 17.1943759918, 17.6703853607, 18.1347846985, 18.5991840363, 19.0751914978, 19.5512008667, 20.0272102356, 20.5032196045, 20.9676189423, 21.4436283112, 21.9080276489, 22.3840351105, 22.8600444794, 23.3360538483, 23.8120632172, 24.2880725861, 24.7524719238, 25.2168693542, 25.6928787231, 26.168888092, 26.6448974609, 27.1209068298, 27.5853061676, 28.0613155365, 28.537322998, 29.0017223358, 29.4777317047, 29.9537410736, 30.4181404114, 30.9057598114, 31.3701572418, 31.8345565796, 32.3105659485, 32.7865753174, 33.2509727478, 33.7153739929, 34.1913833618, 34.6673927307, 35.1434020996, 35.6194114685, 36.0838088989, 36.5598182678, 37.0358276367, 37.5118370056, 37.9878463745, 38.4522438049, 38.9282531738, 39.4042625427, 39.8686599731, 40.3330612183, 40.8090705872, 41.2850799561, 41.761089325, 42.2370948792, 42.713104248, 43.1891136169, 43.6535148621, 44.1179122925, 44.5939216614, 45.0699310303, 45.5343284607, 45.9987297058, 46.4747390747, 46.9507484436, 47.4267578125, 47.9027671814, 48.3787727356, 48.8547821045, 49.3307914734, 49.8068008423, 50.2712020874, 50.7355995178, 51.2000007629, 51.6760063171, 52.152015686, 52.6280250549, 53.1040344238, 53.5684356689, 54.0444450378, 54.5204544067, 54.9848518372, 55.4608612061, 55.936870575, 56.4128799438, 56.8888893127, 57.3532867432, 57.8292961121, 58.305305481, 58.7697029114, 59.2457122803, 59.7217216492, 60.1861228943, 60.6621322632, 61.1381378174, 61.6141471863, 62.0901565552, 62.5545578003, 63.0305671692, 63.5065765381, 63.9709739685, 64.4353713989, 64.9113845825, 65.3757781982, 65.8517913818, 66.327796936, 66.8038101196, 67.2682037354, 67.7326049805, 68.2086181641, 68.6846237183, 69.1606369019, 69.6366424561, 70.1010437012, 70.5770492554, 71.0414505005, 71.5174560547, 71.9934692383, 72.4694747925, 72.9454879761, 73.4214935303, 73.8858947754, 74.3502960205, 74.8263015747, 75.3023147583, 75.7783203125, 76.2543258667, 76.7187271118, 77.1947402954, 77.6707458496, 78.1351470947, 78.6111526489, 79.0871658325, 79.5515594482, 80.0275726318, 80.503578186, 80.9795913696, 81.4439926147, 81.9199981689, 82.3960113525, 82.8720169067, 83.3364181519, 83.8008117676, 84.2768249512, 84.7528305054, 85.2172317505, 85.6932373047, 86.1692504883, 86.6336517334, 87.1096572876, 87.5856704712, 88.0616760254, 88.537689209, 89.0020828247, 89.4780960083, 89.9541015625, 90.4185028076, 90.8945083618, 91.3705215454, 91.8465270996, 92.3225402832, 92.7869338989, 93.251335144, 93.7273483276, 94.2033538818, 94.6793670654, 95.1553726196, 95.6197738647, 96.0957794189, 96.5601806641, 97.0361862183, 97.5121994019, 97.9882049561, 98.4526062012, 98.9170074463, 99.3930130005, 99.8690261841, 100.345031738, 100.821044922, 101.285438538, 101.761451721, 102.237457275, 102.701858521, 103.177864075, 103.653877258, 104.118278503, 104.594284058, 105.070289612, 105.546302795, 106.02230835, 106.486709595, 106.962722778, 107.438728333, 107.903129578, 108.39074707, 108.855148315, 109.319541931, 109.795555115, 110.271560669, 110.735961914, 111.200363159, 111.676368713, 112.152381897, 112.628387451, 113.104400635, 113.580406189, 114.056411743, 114.520812988, 114.985214233, 115.449615479, 115.937232971, 116.401634216, 116.866027832, 117.342041016, 117.81804657, 118.294059753, 118.770065308, 119.234466553, 119.710472107, 120.174873352, 120.650878906, 121.115280151, 121.591293335, 122.067298889, 122.531700134, 123.007705688, 123.483718872, 123.959724426, 124.43573761, 124.911743164, 125.387756348, 125.852149963, 126.316551208, 126.792556763, 127.268569946, 127.7445755, 128.220581055, 128.6849823, 129.160995483, 129.637008667, 130.101409912, 130.577407837, 131.053421021, 131.517822266, 131.993835449, 132.469833374, 132.934234619, 133.410247803, 133.886260986, 134.362258911, 134.838272095, 135.30267334, 135.778686523, 136.254684448, 136.719085693, 137.195098877, 137.671112061, 138.135513306, 138.599899292, 139.075912476, 139.551925659, 140.027938843, 140.503936768, 140.979949951, 141.455963135, 141.92036438, 142.384765625, 142.86076355, 143.336776733, 143.801177979, 144.277191162, 144.753189087, 145.229202271, 145.705215454, 146.169616699, 146.645614624, 147.121627808, 147.586029053, 148.062042236, 148.538040161, 149.002441406, 149.47845459, 149.954467773, 150.418869019, 150.894866943, 151.370880127, 151.835281372, 152.311294556, 152.78729248, 153.251693726, 153.727706909, 154.192108154, 154.668121338, 155.144119263, 155.620132446, 156.09614563, 156.572158813, 157.0365448, 157.500946045, 157.976959229, 158.452972412, 158.917373657, 159.393371582, 159.857772827, 160.333786011, 160.809799194, 161.285797119, 161.761810303, 162.237823486, 162.702224731, 163.178222656, 163.642623901, 164.118637085, 164.594650269, 165.070648193, 165.535049438, 166.022674561, 166.487075806, 166.951477051, 167.427474976, 167.903488159, 168.367889404, 168.855514526, 169.331512451, 169.807525635, 170.27192688, 170.736328125, 171.21232605, 171.688339233, 172.152740479, 172.628753662, 173.104751587, 173.569152832, 174.045166016, 174.521179199, 174.997192383, 175.473190308, 175.937591553, 176.413604736, 176.88961792, 177.354003906, 177.83001709, 178.306030273, 178.770431519, 179.246429443, 179.722442627, 180.186843872, 180.651245117, 181.115646362, 181.580047607, 182.067657471, 182.543670654, 183.019683838, 183.495681763, 183.971694946, 184.436096191, 184.912109375, 185.3881073, 185.852508545, 186.328521729, 186.804534912, 187.268936157, 187.744934082, 188.220947266, 188.685348511, 189.161361694, 189.637359619, 190.113372803, 190.589385986, 191.053787231, 191.518188477, 191.994186401, 192.470199585, 192.946212769, 193.422225952, 193.886611938, 194.362625122, 194.838638306, 195.303039551, 195.779037476, 196.255050659, 196.731063843, 197.207077026, 197.671463013, 198.135864258, 198.611877441, 199.087890625, 199.55229187, 200.028289795, 200.504302979, 200.968704224, 201.444717407, 201.920715332, 202.385116577, 202.861129761, 203.337142944, 203.801544189, 204.277542114, 204.753555298, 205.229568481, 205.705581665, 206.169967651, 206.645980835, 207.11038208, 207.586395264, 208.062393188, 208.538406372, 209.002807617, 209.478820801, 209.954818726, 210.419219971, 210.895233154, 211.371246338, 211.835647583, 212.323257446, 212.822494507, 213.321716309, 213.820953369, 214.320175171, 214.831008911, 215.34185791, 215.85269165]
