
metadata:
    version:
        essentia: "2.1-beta2"
    audio_properties:
        analysis_sample_rate: 44100
        bitrate: 256
        channels: 2
        equal_loudness: 1
        length: 227.186935425
        replay_gain: -15.4003486633
        downmix: "mix"
    tags:
        album: "Indestructible"
        artist: "Disturbed"
        comment: ""
        date: "2008"
        genre: "Rock"
        title: "Facade"
        tracknumber: "12"

configuration:
    average_loudness:
        compute: 1
        frameSize: 88200
        hopSize: 44100
        silentFrames: "noise"
        windowType: "hann"
    general:
        analysisSampleRate: 44100
        endTime: 2000
        equalLoudness: 1
        nequalLoudness: 0
        shortSound: 0
        startTime: 0
    lowlevel:
        compute: 1
        frameSize: 2048
        hopSize: 1024
        zeroPadding: 0
        silentFrames: "noise"
        windowType: "blackmanharris62"
        mfccStats: ["mean", "cov", "icov"]
        stats: ["mean", "var", "median", "min", "max", "dmean", "dmean2", "dvar", "dvar2"]
    panning:
        compute: 0
        frameSize: 8192
        hopSize: 2048
        zeroPadding: 8192
        silentFrames: "noise"
        windowType: "hann"
        stats: ["copy"]
    rhythm:
        compute: 1
        maxTempo: 208
        minTempo: 40
        method: "degara"
        stats: ["mean", "var", "median", "min", "max", "dmean", "dmean2", "dvar", "dvar2"]
    segmentation:
        compute: 0
        cpw: 5
        inc1: 300
        inc2: 50
        minimumSegmentsLength: 10
        size1: 1000
        size2: 600
    sfx:
        compute: 1
        stats: ["mean", "var", "median", "min", "max", "dmean", "dmean2", "dvar", "dvar2"]
    svm:
        compute: 0
    tonal:
        compute: 1
        frameSize: 4096
        hopSize: 2048
        zeroPadding: 0
        silentFrames: "noise"
        windowType: "blackmanharris62"
        stats: ["mean", "var", "median", "min", "max", "dmean", "dmean2", "dvar", "dvar2"]

lowlevel:
    average_loudness: 0.937836527824
    barkbands_kurtosis:
        dmean: 0.725068092346
        dmean2: 1.16534376144
        dvar: 1.38287270069
        dvar2: 3.35377502441
        max: 34.9737281799
        mean: -0.608488023281
        median: -1.09367132187
        min: -1.89306199551
        var: 3.2045712471
    barkbands_skewness:
        dmean: 0.398217171431
        dmean2: 0.61935287714
        dvar: 0.133430272341
        dvar2: 0.306248873472
        max: 4.37620687485
        mean: -0.456616818905
        median: -0.476167857647
        min: -4.91897201538
        var: 0.585912585258
    barkbands_spread:
        dmean: 6.86429405212
        dmean2: 10.9616317749
        dvar: 38.1050834656
        dvar2: 94.6900482178
        max: 73.9824523926
        mean: 38.0526771545
        median: 38.514251709
        min: 2.74581289291
        var: 114.303749084
    dissonance:
        dmean: 0.00910075288266
        dmean2: 0.0154324658215
        dvar: 0.000115261813335
        dvar2: 0.000304940127535
        max: 0.500000119209
        mean: 0.484464526176
        median: 0.488640785217
        min: 0.282024741173
        var: 0.000236923602642
    hfc:
        dmean: 2.93427872658
        dmean2: 4.76109409332
        dvar: 13.897939682
        dvar2: 36.239074707
        max: 45.6805229187
        mean: 11.6726818085
        median: 11.0474891663
        min: 1.13151002138e-016
        var: 43.8076477051
    pitch:
        dmean: 937.982543945
        dmean2: 1787.92810059
        dvar: 1906914.5
        dvar2: 4493544.5
        max: 5046.53808594
        mean: 2039.60314941
        median: 1915.10693359
        min: 58.3838577271
        var: 2884059
    pitch_instantaneous_confidence:
        dmean: 0.079758875072
        dmean2: 0.128486230969
        dvar: 0.00487093394622
        dvar2: 0.011765409261
        max: 0.938496232033
        mean: 0.398011267185
        median: 0.364899128675
        min: 0.105688810349
        var: 0.0237571075559
    pitch_salience:
        dmean: 0.0607846714556
        dmean2: 0.100133761764
        dvar: 0.00287577579729
        dvar2: 0.00777788320556
        max: 0.964182078838
        mean: 0.668577194214
        median: 0.681485414505
        min: 0.226916730404
        var: 0.0072993542999
    silence_rate_20dB:
        dmean: 0
        dmean2: 0
        dvar: 0
        dvar2: 0
        max: 1
        mean: 1
        median: 1
        min: 1
        var: 0
    silence_rate_30dB:
        dmean: 0
        dmean2: 0
        dvar: 0
        dvar2: 0
        max: 1
        mean: 1
        median: 1
        min: 1
        var: 0
    silence_rate_60dB:
        dmean: 0.0727644339204
        dmean2: 0.1455437392
        dvar: 0.0674706175923
        dvar2: 0.149324700236
        max: 1
        mean: 0.178622528911
        median: 0
        min: 0
        var: 0.146695911884
    spectral_centroid:
        dmean: 299.468078613
        dmean2: 470.596130371
        dvar: 90307.15625
        dvar2: 201229.65625
        max: 11437.8867188
        mean: 2173.11303711
        median: 2187.31176758
        min: 182.760513306
        var: 502332.46875
    spectral_complexity:
        dmean: 4.60582542419
        dmean2: 7.21075201035
        dvar: 21.6277503967
        dvar2: 47.6952972412
        max: 48
        mean: 19.3150424957
        median: 20
        min: 0
        var: 88.3200378418
    spectral_crest:
        dmean: 1.82955980301
        dmean2: 3.08231067657
        dvar: 3.24880886078
        dvar2: 8.62330818176
        max: 21.0805187225
        mean: 6.5304479599
        median: 5.8453130722
        min: 2.31897759438
        var: 6.67146492004
    spectral_decrease:
        dmean: 2.98330610216e-010
        dmean2: 4.79572437317e-010
        dvar: 1.19970450334e-019
        dvar2: 3.05944252533e-019
        max: 1.07011986244e-028
        mean: -1.12895459647e-009
        median: -1.1277351275e-009
        min: -3.89619136953e-009
        var: 2.90414298424e-019
    spectral_energy:
        dmean: 0.00134606519714
        dmean2: 0.00216207257472
        dvar: 2.4932519409e-006
        dvar2: 6.38752726445e-006
        max: 0.0177958291024
        mean: 0.00531968707219
        median: 0.00528850499541
        min: 1.03659931764e-020
        var: 6.52857397654e-006
    spectral_energyband_high:
        dmean: 0.000308328628307
        dmean2: 0.000505945354234
        dvar: 1.75730392016e-007
        dvar2: 4.68994983294e-007
        max: 0.00515120709315
        mean: 0.000802247144748
        median: 0.000684026279487
        min: 7.39968553347e-021
        var: 3.37698253361e-007
    spectral_energyband_low:
        dmean: 0.000405834260164
        dmean2: 0.000680765486322
        dvar: 2.77062895293e-007
        dvar2: 7.50321703435e-007
        max: 0.00524916080758
        mean: 0.00062983634416
        median: 0.00045267958194
        min: 2.76564125743e-023
        var: 3.78180089911e-007
    spectral_energyband_middle_high:
        dmean: 0.000719730684068
        dmean2: 0.00116612121928
        dvar: 6.30563533832e-007
        dvar2: 1.55016186909e-006
        max: 0.0139728626236
        mean: 0.00278915581293
        median: 0.0025752580259
        min: 1.28403997735e-021
        var: 2.82786641037e-006
    spectral_energyband_middle_low:
        dmean: 0.000585954694543
        dmean2: 0.000929527392145
        dvar: 6.54709367609e-007
        dvar2: 1.6380741954e-006
        max: 0.00838747620583
        mean: 0.00127788819373
        median: 0.00101699016523
        min: 1.80341251729e-022
        var: 1.02734247776e-006
    spectral_flatness_db:
        dmean: 0.0141826337203
        dmean2: 0.02274636738
        dvar: 0.000166162833921
        dvar2: 0.00039067355101
        max: 0.335115283728
        mean: 0.14542709291
        median: 0.140947043896
        min: 0.0594020448625
        var: 0.000883512781002
    spectral_flux:
        dmean: 0.00846363604069
        dmean2: 0.0127897663042
        dvar: 8.17555992398e-005
        dvar2: 0.000169051345438
        max: 0.111592322588
        mean: 0.0449347123504
        median: 0.0439906194806
        min: 6.64752627944e-011
        var: 0.000250898010563
    spectral_kurtosis:
        dmean: 0.872462928295
        dmean2: 1.49718081951
        dvar: 0.939147949219
        dvar2: 2.70007872581
        max: 24.2624759674
        mean: 2.69574117661
        median: 2.52444076538
        min: -1.26581132412
        var: 1.67757356167
    spectral_rms:
        dmean: 0.000279600382783
        dmean2: 0.00043975940207
        dvar: 8.96741312317e-008
        dvar2: 2.21266517997e-007
        max: 0.00416674744338
        mean: 0.00219209585339
        median: 0.0022714571096
        min: 3.18012022965e-012
        var: 3.84640372886e-007
    spectral_rolloff:
        dmean: 297.922088623
        dmean2: 486.05279541
        dvar: 171265.078125
        dvar2: 361353.75
        max: 19401.4160156
        mean: 3876.59423828
        median: 3919.04296875
        min: 150.732421875
        var: 921028.4375
    spectral_skewness:
        dmean: 0.151052042842
        dmean2: 0.248299151659
        dvar: 0.0227937046438
        dvar2: 0.0551442727447
        max: 3.63024783134
        mean: 1.01075494289
        median: 1.007117033
        min: -0.465717405081
        var: 0.0757810622454
    spectral_spread:
        dmean: 404743.75
        dmean2: 602655.0625
        dvar: 398270070784
        dvar2: 790784442368
        max: 42398612
        mean: 4550865.5
        median: 4303109
        min: 1745517.25
        var: 4.16561915494e+012
    spectral_strongpeak:
        dmean: 0.641189515591
        dmean2: 1.09943079948
        dvar: 1.04191374779
        dvar2: 2.6824464798
        max: 13.7243204117
        mean: 0.887380361557
        median: 0.284955382347
        min: 0
        var: 1.95810878277
    zerocrossingrate:
        dmean: 0.0082428464666
        dmean2: 0.00995232351124
        dvar: 6.85527556925e-005
        dvar2: 8.04891678854e-005
        max: 0.52099609375
        mean: 0.119724705815
        median: 0.12060546875
        min: 0.01611328125
        var: 0.000898216676433
    barkbands:
        dmean: [5.35135427526e-007, 0.000110673710878, 0.000261113222223, 0.000172047584783, 0.000349460489815, 0.000123303252622, 9.70732726273e-005, 8.83161410457e-005, 6.17650221102e-005, 4.85583004775e-005, 4.64314762212e-005, 9.45798310568e-005, 7.56818481022e-005, 8.6034888227e-005, 7.76852466515e-005, 0.000127093255287, 0.000146780075738, 0.000176081433892, 0.000335570104653, 0.000251144840149, 0.00016848903033, 4.63997748739e-005, 6.35193737253e-006, 1.85242447515e-006, 1.02595299722e-006, 4.92973981636e-008, 3.30475785626e-010]
        dmean2: [8.26020993827e-007, 0.000193009982468, 0.000438570627011, 0.00028805094189, 0.000590942159761, 0.000204810014111, 0.000156802037964, 0.000141742639244, 9.72438720055e-005, 7.69045218476e-005, 7.41278854548e-005, 0.000152186039486, 0.000121223652968, 0.000141858356073, 0.000124894533656, 0.000210541809793, 0.000241878908128, 0.000295566191198, 0.000551278702915, 0.000410649139667, 0.000285966088995, 7.6497453847e-005, 1.01940859167e-005, 2.82818155029e-006, 1.54542124164e-006, 7.6922468395e-008, 5.78239178761e-010]
        dvar: [8.13580702374e-013, 2.99784446156e-008, 1.25380950067e-007, 4.55967104074e-008, 4.78745050714e-007, 4.94561120945e-008, 3.85031775352e-008, 3.00956628507e-008, 2.07799217833e-008, 1.02026875837e-008, 1.03709654198e-008, 4.92407572494e-008, 2.11016857321e-008, 3.09824841338e-008, 1.90095761354e-008, 3.12039531991e-008, 3.76718212181e-008, 5.84856998387e-008, 1.72761787098e-007, 1.00927529445e-007, 5.94433409162e-008, 5.64295854488e-009, 8.43206407475e-011, 1.4929175951e-011, 6.43818071772e-012, 1.51040695928e-014, 4.14606730304e-019]
        dvar2: [1.81555725315e-012, 8.33921021126e-008, 3.39144378358e-007, 1.23259795259e-007, 1.30141415866e-006, 1.20997754038e-007, 9.02114649648e-008, 7.2085178715e-008, 4.66735770033e-008, 2.2803797961e-008, 2.47771971829e-008, 1.30525450004e-007, 4.7860208241e-008, 8.39553138121e-008, 4.65563800844e-008, 8.21253038907e-008, 9.86771411249e-008, 1.46749414398e-007, 4.36846022467e-007, 2.46677927862e-007, 1.62558592365e-007, 1.40793172676e-008, 2.04249797631e-010, 3.10581595164e-011, 1.45974135557e-011, 3.53750842096e-014, 1.10878515311e-018]
        max: [8.53347228258e-006, 0.00130428094417, 0.00360267632641, 0.00399797316641, 0.00689478218555, 0.00435510184616, 0.0045672012493, 0.00309564149939, 0.00275273807347, 0.0025834122207, 0.00264296447858, 0.00465930392966, 0.00375704979524, 0.00434894114733, 0.00299851666205, 0.00531923724338, 0.00385581539012, 0.00697814952582, 0.00785692036152, 0.00646720407531, 0.00239589391276, 0.00157761177979, 0.000166235186043, 0.000107959916932, 6.69850414852e-005, 4.64574577563e-006, 1.47739696033e-008]
        mean: [5.70275290102e-007, 0.000118994248623, 0.000366634485545, 0.000244261842454, 0.00044603846618, 0.000189057507669, 0.000143728015246, 0.000126340790302, 9.56661533564e-005, 7.59133909014e-005, 7.16757349437e-005, 0.000152107139002, 0.000128869593027, 0.000132357366965, 0.000133644163725, 0.000247540825512, 0.000305065361317, 0.000349667679984, 0.000852137512993, 0.000670986541081, 0.000362445454812, 8.72049422469e-005, 1.25074311654e-005, 4.13206998928e-006, 2.04255456993e-006, 9.38885804658e-008, 3.12130182811e-010]
        median: [1.40711762242e-007, 6.79797522025e-005, 0.000225911528105, 0.000170528466697, 0.000260158936726, 9.42177284742e-005, 7.02898396412e-005, 5.2370436606e-005, 3.52788774762e-005, 2.93713492283e-005, 2.68864678219e-005, 4.63189608126e-005, 4.89413869218e-005, 5.65339214518e-005, 6.9204295869e-005, 0.000190232152818, 0.000245821080171, 0.000278568128124, 0.000703086261638, 0.000529821380042, 0.000307412032271, 5.84964072914e-005, 8.13642236608e-006, 2.41103020926e-006, 1.04577520688e-006, 4.45142482874e-008, 1.22967164229e-010]
        min: [6.64408926914e-025, 7.15212772223e-024, 1.19846884443e-024, 4.49824383704e-024, 1.04055447121e-023, 2.27606834208e-023, 1.58426272952e-023, 1.23246042697e-023, 2.72397362442e-023, 1.92071853203e-023, 2.56207128322e-023, 2.44793383874e-023, 3.43877405905e-023, 3.20852954218e-023, 8.04338229964e-023, 4.00915267905e-023, 1.09774576666e-022, 1.18142093707e-022, 9.74605904638e-023, 1.94498641783e-022, 2.99636104721e-022, 3.8200964202e-022, 4.75480369663e-022, 5.95466643462e-022, 8.98666910105e-022, 1.33876577007e-021, 2.1016965018e-021]
        var: [9.94436846237e-013, 2.55742254041e-008, 1.79750784923e-007, 6.36386090491e-008, 4.26271640208e-007, 9.94802888954e-008, 7.29486302475e-008, 5.33023793992e-008, 4.11729814687e-008, 2.15185771424e-008, 2.0961145708e-008, 1.08032239154e-007, 4.8793250329e-008, 5.17219156393e-008, 4.1230947545e-008, 6.70786022283e-008, 7.34139362635e-008, 1.06027535196e-007, 5.45757472992e-007, 3.49536122712e-007, 7.85969973549e-008, 8.93061979923e-009, 1.93033380946e-010, 4.0895235115e-011, 1.17511729514e-011, 2.61247017671e-014, 4.07762793012e-019]
    frequency_bands:
        dmean: [5.35135427526e-007, 0.000110673710878, 0.000261113222223, 0.000172047584783, 0.000349460489815, 0.000123303252622, 9.70732726273e-005, 8.83161410457e-005, 6.17650221102e-005, 4.85583004775e-005, 4.64314762212e-005, 9.45798310568e-005, 7.56818481022e-005, 8.6034888227e-005, 7.76852466515e-005, 0.000127093255287, 0.000146780075738, 0.000176081433892, 0.000335570104653, 0.000251144840149, 0.00016848903033, 4.63997748739e-005, 6.35193737253e-006, 1.85242447515e-006, 1.02595299722e-006, 4.92973981636e-008, 3.30475785626e-010, 6.04561747886e-011]
        dmean2: [8.26020993827e-007, 0.000193009982468, 0.000438570627011, 0.00028805094189, 0.000590942159761, 0.000204810014111, 0.000156802037964, 0.000141742639244, 9.72438720055e-005, 7.69045218476e-005, 7.41278854548e-005, 0.000152186039486, 0.000121223652968, 0.000141858356073, 0.000124894533656, 0.000210541809793, 0.000241878908128, 0.000295566191198, 0.000551278702915, 0.000410649139667, 0.000285966088995, 7.6497453847e-005, 1.01940859167e-005, 2.82818155029e-006, 1.54542124164e-006, 7.6922468395e-008, 5.78239178761e-010, 1.12261325236e-010]
        dvar: [8.13580702374e-013, 2.99784446156e-008, 1.25380950067e-007, 4.55967104074e-008, 4.78745050714e-007, 4.94561120945e-008, 3.85031775352e-008, 3.00956628507e-008, 2.07799217833e-008, 1.02026875837e-008, 1.03709654198e-008, 4.92407572494e-008, 2.11016857321e-008, 3.09824841338e-008, 1.90095761354e-008, 3.12039531991e-008, 3.76718212181e-008, 5.84856998387e-008, 1.72761787098e-007, 1.00927529445e-007, 5.94433409162e-008, 5.64295854488e-009, 8.43206407475e-011, 1.4929175951e-011, 6.43818071772e-012, 1.51040695928e-014, 4.14606730304e-019, 7.22852942471e-021]
        dvar2: [1.81555725315e-012, 8.33921021126e-008, 3.39144378358e-007, 1.23259795259e-007, 1.30141415866e-006, 1.20997754038e-007, 9.02114649648e-008, 7.2085178715e-008, 4.66735770033e-008, 2.2803797961e-008, 2.47771971829e-008, 1.30525450004e-007, 4.7860208241e-008, 8.39553138121e-008, 4.65563800844e-008, 8.21253038907e-008, 9.86771411249e-008, 1.46749414398e-007, 4.36846022467e-007, 2.46677927862e-007, 1.62558592365e-007, 1.40793172676e-008, 2.04249797631e-010, 3.10581595164e-011, 1.45974135557e-011, 3.53750842096e-014, 1.10878515311e-018, 2.27882571892e-020]
        max: [8.53347228258e-006, 0.00130428094417, 0.00360267632641, 0.00399797316641, 0.00689478218555, 0.00435510184616, 0.0045672012493, 0.00309564149939, 0.00275273807347, 0.0025834122207, 0.00264296447858, 0.00465930392966, 0.00375704979524, 0.00434894114733, 0.00299851666205, 0.00531923724338, 0.00385581539012, 0.00697814952582, 0.00785692036152, 0.00646720407531, 0.00239589391276, 0.00157761177979, 0.000166235186043, 0.000107959916932, 6.69850414852e-005, 4.64574577563e-006, 1.47739696033e-008, 9.41645872388e-010]
        mean: [5.70275290102e-007, 0.000118994248623, 0.000366634485545, 0.000244261842454, 0.00044603846618, 0.000189057507669, 0.000143728015246, 0.000126340790302, 9.56661533564e-005, 7.59133909014e-005, 7.16757349437e-005, 0.000152107139002, 0.000128869593027, 0.000132357366965, 0.000133644163725, 0.000247540825512, 0.000305065361317, 0.000349667679984, 0.000852137512993, 0.000670986541081, 0.000362445454812, 8.72049422469e-005, 1.25074311654e-005, 4.13206998928e-006, 2.04255456993e-006, 9.38885804658e-008, 3.12130182811e-010, 4.65404520478e-011]
        median: [1.40711762242e-007, 6.79797522025e-005, 0.000225911528105, 0.000170528466697, 0.000260158936726, 9.42177284742e-005, 7.02898396412e-005, 5.2370436606e-005, 3.52788774762e-005, 2.93713492283e-005, 2.68864678219e-005, 4.63189608126e-005, 4.89413869218e-005, 5.65339214518e-005, 6.9204295869e-005, 0.000190232152818, 0.000245821080171, 0.000278568128124, 0.000703086261638, 0.000529821380042, 0.000307412032271, 5.84964072914e-005, 8.13642236608e-006, 2.41103020926e-006, 1.04577520688e-006, 4.45142482874e-008, 1.22967164229e-010, 1.74142922305e-011]
        min: [6.64408926914e-025, 7.15212772223e-024, 1.19846884443e-024, 4.49824383704e-024, 1.04055447121e-023, 2.27606834208e-023, 1.58426272952e-023, 1.23246042697e-023, 2.72397362442e-023, 1.92071853203e-023, 2.56207128322e-023, 2.44793383874e-023, 3.43877405905e-023, 3.20852954218e-023, 8.04338229964e-023, 4.00915267905e-023, 1.09774576666e-022, 1.18142093707e-022, 9.74605904638e-023, 1.94498641783e-022, 2.99636104721e-022, 3.8200964202e-022, 4.75480369663e-022, 5.95466643462e-022, 8.98666910105e-022, 1.33876577007e-021, 2.1016965018e-021, 6.08120123843e-022]
        var: [9.94436846237e-013, 2.55742254041e-008, 1.79750784923e-007, 6.36386090491e-008, 4.26271640208e-007, 9.94802888954e-008, 7.29486302475e-008, 5.33023793992e-008, 4.11729814687e-008, 2.15185771424e-008, 2.0961145708e-008, 1.08032239154e-007, 4.8793250329e-008, 5.17219156393e-008, 4.1230947545e-008, 6.70786022283e-008, 7.34139362635e-008, 1.06027535196e-007, 5.45757472992e-007, 3.49536122712e-007, 7.85969973549e-008, 8.93061979923e-009, 1.93033380946e-010, 4.0895235115e-011, 1.17511729514e-011, 2.61247017671e-014, 4.07762793012e-019, 5.69482267014e-021]
    mfcc:
        mean: [-694.604003906, 87.6846542358, -50.2101249695, 70.0347747803, -12.983423233, 4.63511323929, 2.36944389343, -7.74598360062, -2.13330101967, -4.94908046722, -3.51244592667, -1.78625798225, -2.54949617386]
        cov: [[3785.05395508, 214.105529785, -201.443939209, 424.32824707, -79.6183242798, 10.9702825546, 8.99415493011, 2.84196043015, -61.9075813293, -48.2160987854, -39.7891616821, 8.15932273865, -38.8702812195], [214.105529785, 624.457092285, -177.610839844, 87.6939086914, -42.6858596802, 8.9752407074, 30.7972221375, -8.70550632477, 40.9683570862, -16.163312912, 10.1585798264, 5.80066823959, 24.5834274292], [-201.443939209, -177.610839844, 386.713684082, -28.3114776611, 77.2916870117, -12.9136896133, -54.4193229675, 24.818813324, 2.5915760994, -11.4530897141, -2.37004470825, 0.849216759205, 8.19664287567], [424.32824707, 87.6939086914, -28.3114776611, 384.465820313, 98.6855316162, 10.835067749, -1.33223581314, -10.653673172, 1.20167696476, -12.6274681091, -13.951540947, 14.0816297531, -4.03443145752], [-79.6183242798, -42.6858596802, 77.2916870117, 98.6855316162, 157.848114014, 25.4997234344, -14.536529541, -10.0054702759, -7.27814722061, 15.1636276245, -8.61073493958, 0.903338074684, 1.24171948433], [10.9702825546, 8.9752407074, -12.9136896133, 10.835067749, 25.4997234344, 103.698783875, 54.7720222473, 10.755022049, -4.69768285751, 11.8446846008, 14.9829473495, 3.20182681084, -2.26560616493], [8.99415493011, 30.7972221375, -54.4193229675, -1.33223581314, -14.536529541, 54.7720222473, 146.944091797, 51.1388282776, -16.5575485229, -6.80575037003, 3.83968257904, 14.5135908127, -0.0952233225107], [2.84196043015, -8.70550632477, 24.818813324, -10.653673172, -10.0054702759, 10.755022049, 51.1388282776, 104.549186707, 29.3972625732, -6.80101394653, -0.102281950414, 8.8202829361, 13.5147485733], [-61.9075813293, 40.9683570862, 2.5915760994, 1.20167696476, -7.27814722061, -4.69768285751, -16.5575485229, 29.3972625732, 102.743614197, 34.0676269531, 20.3988113403, -5.54003334045, -0.87696570158], [-48.2160987854, -16.163312912, -11.4530897141, -12.6274681091, 15.1636276245, 11.8446846008, -6.80575037003, -6.80101394653, 34.0676269531, 91.017250061, 32.1284980774, -1.5465708971, -15.7687644958], [-39.7891616821, 10.1585798264, -2.37004470825, -13.951540947, -8.61073493958, 14.9829473495, 3.83968257904, -0.102281950414, 20.3988113403, 32.1284980774, 67.4987640381, 19.3615016937, 1.86214625835], [8.15932273865, 5.80066823959, 0.849216759205, 14.0816297531, 0.903338074684, 3.20182681084, 14.5135908127, 8.8202829361, -5.54003334045, -1.5465708971, 19.3615016937, 55.4916648865, 23.5583171844], [-38.8702812195, 24.5834274292, 8.19664287567, -4.03443145752, 1.24171948433, -2.26560616493, -0.0952233225107, 13.5147485733, -0.87696570158, -15.7687644958, 1.86214625835, 23.5583171844, 66.6659088135]]
        icov: [[0.000345376203768, -5.06692558702e-005, 5.69454932702e-005, -0.000494315230753, 0.000515837455168, -0.000197903937078, 0.000268136907835, -0.000279031693935, 0.000389150052797, -0.000109852961032, 0.000148695064127, -5.19326131325e-005, 0.00021709309658], [-5.06692558702e-005, 0.00211301841773, 0.000787277938798, -0.00042334702448, 0.000273490004474, -4.42040691269e-005, -0.000517754233442, 0.00077344942838, -0.00136759877205, 0.000847708783112, -0.000395691546146, 0.000353525043465, -0.00102663307916], [5.69454932702e-005, 0.000787277938798, 0.00383765273727, 0.000570238742512, -0.0021518743597, 0.000120853350381, 0.00169618392829, -0.00172720418777, -7.16221475159e-005, 0.00141380273271, -0.00084190198686, -0.000158021619427, 0.000115139417176], [-0.000494315230753, -0.00042334702448, 0.000570238742512, 0.00432619312778, -0.0035935214255, 0.000501334376168, -0.000251690216828, 0.000440014118794, -0.00116494565737, 0.00136041617952, 0.000243045738898, -0.0015029652277, 0.000884790613782], [0.000515837455168, 0.000273490004474, -0.0021518743597, -0.0035935214255, 0.0112323472276, -0.00338780228049, 0.00126077933237, 0.000409372412832, 0.00163465656806, -0.00352455256507, 0.00277046533301, 1.73176329099e-006, -0.00104868761264], [-0.000197903937078, -4.42040691269e-005, 0.000120853350381, 0.000501334376168, -0.00338780228049, 0.0139991333708, -0.00597306434065, 0.00105005817022, -2.25723269978e-005, -0.000445991870947, -0.00353151024319, 0.00196314975619, -0.000467038742499], [0.000268136907835, -0.000517754233442, 0.00169618392829, -0.000251690216828, 0.00126077933237, -0.00597306434065, 0.013204834424, -0.00749563612044, 0.00426148390397, -0.000163433767739, 0.000445366982603, -0.00262538460083, 0.00236812978983], [-0.000279031693935, 0.00077344942838, -0.00172720418777, 0.000440014118794, 0.000409372412832, 0.00105005817022, -0.00749563612044, 0.0163005683571, -0.00725973956287, 0.00191673915833, 0.00161984818988, -0.000832772115245, -0.00288915843703], [0.000389150052797, -0.00136759877205, -7.16221475159e-005, -0.00116494565737, 0.00163465656806, -2.25723269978e-005, 0.00426148390397, -0.00725973956287, 0.0159791577607, -0.00563234090805, -0.00279315491207, 0.0027697419282, 9.33182236622e-005], [-0.000109852961032, 0.000847708783112, 0.00141380273271, 0.00136041617952, -0.00352455256507, -0.000445991870947, -0.000163433767739, 0.00191673915833, -0.00563234090805, 0.0173599589616, -0.00694478163496, 0.000323200132698, 0.0033054468222], [0.000148695064127, -0.000395691546146, -0.00084190198686, 0.000243045738898, 0.00277046533301, -0.00353151024319, 0.000445366982603, 0.00161984818988, -0.00279315491207, -0.00694478163496, 0.0228012762964, -0.0089721493423, 0.000705717888195], [-5.19326131325e-005, 0.000353525043465, -0.000158021619427, -0.0015029652277, 1.73176329099e-006, 0.00196314975619, -0.00262538460083, -0.000832772115245, 0.0027697419282, 0.000323200132698, -0.0089721493423, 0.0262863282114, -0.00892594642937], [0.00021709309658, -0.00102663307916, 0.000115139417176, 0.000884790613782, -0.00104868761264, -0.000467038742499, 0.00236812978983, -0.00288915843703, 9.33182236622e-005, 0.0033054468222, 0.000705717888195, -0.00892594642937, 0.0200550649315]]
    sccoeffs:
        dmean: [0.0574765279889, 0.0491704754531, 0.0383284278214, 0.0307943392545, 0.0198544282466, 0.0211203880608]
        dmean2: [0.0946993678808, 0.0809154883027, 0.0619030036032, 0.0499383918941, 0.0326619334519, 0.0338204652071]
        dvar: [0.00208816467784, 0.00151277962141, 0.000960272387601, 0.000606751651503, 0.000283126108116, 0.000450366816949]
        dvar2: [0.00561386626214, 0.00397916836664, 0.00238778116181, 0.00153245753609, 0.000697670620866, 0.00103972654324]
        max: [-0.351834923029, -0.409444510937, -0.474952995777, -0.568585157394, -0.610672056675, -0.483846783638]
        mean: [-0.658961594105, -0.76398229599, -0.793671607971, -0.782157242298, -0.795620024204, -0.704607605934]
        median: [-0.663167119026, -0.772199273109, -0.80482506752, -0.789255619049, -0.802284359932, -0.707156896591]
        min: [-0.977192163467, -0.97614812851, -0.970673382282, -0.96598136425, -0.966336488724, -0.962901473045]
        var: [0.00586709938943, 0.00463650468737, 0.00397301930934, 0.00272072758526, 0.00140551663935, 0.00195769406855]
    scvalleys:
        dmean: [0.435032099485, 0.397960752249, 0.330083429813, 0.288809269667, 0.221986100078, 0.274683713913]
        dmean2: [0.706243693829, 0.652954161167, 0.536871373653, 0.457796603441, 0.344395458698, 0.407904148102]
        dvar: [0.161800965667, 0.140473619103, 0.096193946898, 0.076718300581, 0.0671099126339, 0.126765295863]
        dvar2: [0.348022729158, 0.333634346724, 0.210620194674, 0.161303386092, 0.13262462616, 0.251986593008]
        max: [-5.05831480026, -4.77034187317, -5.53627967834, -5.6051030159, -5.40500354767, -7.76264715195]
        mean: [-6.77924537659, -6.75441455841, -7.27461338043, -7.13550376892, -6.64758300781, -9.64054298401]
        median: [-6.5496263504, -6.59851169586, -7.12972402573, -6.96954727173, -6.40784358978, -9.4499130249]
        min: [-28.1897888184, -27.7079372406, -27.5811710358, -27.5646381378, -27.428232193, -27.4094181061]
        var: [1.95784711838, 1.76888895035, 1.62391495705, 1.61414313316, 1.78822302818, 1.73573291302]

rhythm:
    beats_loudness:
        dmean: 0.00178089120891
        dmean2: 0.00311637902632
        dvar: 2.44113584813e-006
        dvar2: 6.44819238005e-006
        max: 0.0126885492355
        mean: 0.00594535516575
        median: 0.00585986860096
        min: 2.41746379859e-012
        var: 5.27363908986e-006
    bpm: 135.966827393
    bpm_confidence: 0
    first_peak_bpm: 136
    first_peak_spread: 0.107355862856
    first_peak_weight: 0.876953125
    onset_rate: 3.47731304169
    second_peak_bpm: 129
    second_peak_spread: 0.333333343267
    second_peak_weight: 0.0078125
    beats_loudness_band_ratio:
        dmean: [0.0826007574797, 0.0886416509748, 0.0621172972023, 0.0590551272035, 0.0763156414032, 0.0927734225988]
        dmean2: [0.140718847513, 0.154696837068, 0.109274707735, 0.100925378501, 0.127564504743, 0.159338802099]
        dvar: [0.00511256000027, 0.00732511887327, 0.00566899450496, 0.0041220379062, 0.00543723395094, 0.00597760034725]
        dvar2: [0.0143531979993, 0.0208266377449, 0.0163509882987, 0.0106341699138, 0.016067545861, 0.0169622059911]
        max: [0.524116814137, 0.662637293339, 0.584460496902, 0.62730795145, 0.6289935112, 0.863210976124]
        mean: [0.178008556366, 0.146793246269, 0.086790561676, 0.0918733105063, 0.214539855719, 0.340044528246]
        median: [0.163894146681, 0.128263145685, 0.0589504987001, 0.0625244900584, 0.202767521143, 0.334219187498]
        min: [0, 0, 0, 0, 0, 0]
        var: [0.00754843745381, 0.0099005959928, 0.00666526332498, 0.00648608943447, 0.00659360783175, 0.0114273037761]
    beats_position: [0.46439909935, 0.952018141747, 1.42802715302, 1.91564619541, 2.38004541397, 2.83283448219, 3.27401351929, 3.7151927948, 4.15637159348, 4.59755086899, 5.0387301445, 5.47990942001, 5.92108821869, 6.3622674942, 6.80344676971, 7.24462556839, 7.6858048439, 8.12698364258, 8.56816291809, 9.0093421936, 9.45052146912, 9.89170074463, 10.3328800201, 10.774058342, 11.2152376175, 11.656416893, 12.0975961685, 12.538775444, 12.9799547195, 13.4211339951, 13.8623123169, 14.3034915924, 14.7446708679, 15.1858501434, 15.6270294189, 16.0682086945, 16.50938797, 16.9505672455, 17.391746521, 17.8329238892, 18.2741031647, 18.7152824402, 19.1564617157, 19.5976409912, 20.0388202667, 20.4916095734, 20.94439888, 21.3855781555, 21.826757431, 22.2679367065, 22.7091159821, 23.1386852264, 23.5798625946, 24.0210418701, 24.4622211456, 24.9034004211, 25.3329696655, 25.774148941, 26.2153282166, 26.6565074921, 27.0976867676, 27.5388660431, 27.9800453186, 28.4212245941, 28.8624038696, 29.3035831451, 29.7447605133, 30.1859397888, 30.6271190643, 31.0682983398, 31.5094776154, 31.9506568909, 32.391834259, 32.8330154419, 33.2741928101, 33.7153739929, 34.1565513611, 34.5977325439, 35.0389099121, 35.480091095, 35.9212684631, 36.362449646, 36.8036270142, 37.244808197, 37.6859855652, 38.1271629333, 38.5683441162, 39.0095214844, 39.4507026672, 39.8918800354, 40.3330612183, 40.7742385864, 41.2154197693, 41.6565971375, 42.0977783203, 42.5389556885, 42.9801368713, 43.4213142395, 43.8741035461, 44.3152809143, 44.7564620972, 45.1860313416, 45.6272087097, 46.0683898926, 46.5095672607, 46.9507484436, 47.3919258118, 47.8331069946, 48.2742843628, 48.7154655457, 49.1566429138, 49.5978240967, 50.0390014648, 50.480178833, 50.9213600159, 51.362537384, 51.8037185669, 52.2448959351, 52.6860771179, 53.1272544861, 53.5684356689, 54.0096130371, 54.45079422, 54.8919715881, 55.333152771, 55.7743301392, 56.2155075073, 56.6566886902, 57.0978660583, 57.5390472412, 57.9802246094, 58.4214057922, 58.8625831604, 59.3037643433, 59.7449417114, 60.1861228943, 60.6273002625, 61.0684814453, 61.5212669373, 61.9624481201, 62.4036254883, 62.8448066711, 63.2975959778, 63.7387733459, 64.1799545288, 64.621131897, 65.0623092651, 65.5034942627, 65.9330596924, 66.3626327515, 66.8038101196, 67.2449874878, 67.686164856, 68.1273422241, 68.5801315308, 69.0213165283, 69.450881958, 69.8920593262, 70.3332443237, 70.7744216919, 71.2155990601, 71.6567764282, 72.0979614258, 72.5391387939, 72.9803161621, 73.4214935303, 73.8626708984, 74.303855896, 74.7450332642, 75.1862106323, 75.6273880005, 76.0569610596, 76.4981384277, 76.9509277344, 77.3921051025, 77.8332901001, 78.2744674683, 78.7156448364, 79.1568222046, 79.5979995728, 80.0391845703, 80.4803619385, 80.9215393066, 81.3627166748, 81.8039016724, 82.2450790405, 82.6862564087, 83.1274337769, 83.5686187744, 84.0097961426, 84.4509735107, 84.8921508789, 85.3333282471, 85.7745132446, 86.2156906128, 86.656867981, 87.0980453491, 87.5508346558, 88.0036239624, 88.44480896, 88.8627624512, 89.3039474487, 89.7451248169, 90.1863021851, 90.6274795532, 91.0686569214, 91.5098419189, 91.9510192871, 92.3921966553, 92.8333740234, 93.274559021, 93.7157363892, 94.1685256958, 94.6213150024, 95.0624923706, 95.5036697388, 95.9448471069, 96.3860321045, 96.8272094727, 97.2683868408, 97.709564209, 98.1507492065, 98.5919265747, 99.0214920044, 99.4510650635, 99.8922424316, 100.3334198, 100.774604797, 101.215782166, 101.656959534, 102.098136902, 102.53931427, 102.980499268, 103.421676636, 103.862854004, 104.304031372, 104.74521637, 105.186393738, 105.627571106, 106.068748474, 106.509933472, 106.95111084, 107.392288208, 107.833465576, 108.274642944, 108.715827942, 109.15700531, 109.598182678, 110.039360046, 110.480545044, 110.921722412, 111.36289978, 111.804077148, 112.245262146, 112.686439514, 113.127616882, 113.56879425, 114.009971619, 114.451156616, 114.892333984, 115.333511353, 115.774688721, 116.215873718, 116.657051086, 117.098228455, 117.539405823, 117.98059082, 118.421768188, 118.862945557, 119.304122925, 119.745300293, 120.186485291, 120.627662659, 121.068840027, 121.510017395, 121.951202393, 122.392379761, 122.833557129, 123.274734497, 123.715919495, 124.157096863, 124.598274231, 125.039451599, 125.480628967, 125.921813965, 126.362991333, 126.804168701, 127.245346069, 127.686531067, 128.127700806, 128.568893433, 129.010070801, 129.451248169, 129.892425537, 130.333602905, 130.774780273, 131.215957642, 131.65713501, 132.098312378, 132.539505005, 132.980682373, 133.421859741, 133.863037109, 134.304214478, 134.757003784, 135.209793091, 135.650970459, 136.092147827, 136.533325195, 136.974502563, 137.41569519, 137.856872559, 138.298049927, 138.739227295, 139.180404663, 139.621582031, 140.062759399, 140.503936768, 140.945129395, 141.374694824, 141.804260254, 142.245437622, 142.68661499, 143.127792358, 143.568969727, 144.010162354, 144.451339722, 144.89251709, 145.333694458, 145.786483765, 146.216049194, 146.657226563, 147.098403931, 147.539596558, 147.980773926, 148.421951294, 148.863128662, 149.30430603, 149.745483398, 150.186660767, 150.627838135, 151.069015503, 151.52180481, 151.951385498, 152.392562866, 152.833740234, 153.274917603, 153.716094971, 154.157272339, 154.598449707, 155.039627075, 155.480819702, 155.92199707, 156.363174438, 156.804351807, 157.245529175, 157.698318481, 158.13949585, 158.569061279, 159.010253906, 159.451431274, 159.892608643, 160.333786011, 160.774963379, 161.216140747, 161.657318115, 162.098495483, 162.539672852, 162.992462158, 163.445251465, 163.886444092, 164.32762146, 164.768798828, 165.209976196, 165.651153564, 166.080718994, 166.510284424, 166.951477051, 167.392654419, 167.833831787, 168.275009155, 168.716186523, 169.157363892, 169.59854126, 170.039718628, 170.480911255, 170.922088623, 171.363265991, 171.804443359, 172.245620728, 172.686798096, 173.127975464, 173.569152832, 174.0103302, 174.451522827, 174.904312134, 175.35710144, 175.798278809, 176.239456177, 176.680633545, 177.121810913, 177.551376343, 177.992553711, 178.422134399, 178.863311768, 179.304489136, 179.745666504, 180.186843872, 180.62802124, 181.069198608, 181.510375977, 181.951568604, 182.392745972, 182.83392334, 183.275100708, 183.716278076, 184.157455444, 184.598632813, 185.039810181, 185.480987549, 185.922180176, 186.363357544, 186.804534912, 187.24571228, 187.686889648, 188.128067017, 188.569244385, 189.010421753, 189.451599121, 189.892791748, 190.333969116, 190.775146484, 191.216323853, 191.657501221, 192.098678589, 192.539855957, 192.981033325, 193.422225952, 193.875015259, 194.316192627, 194.757369995, 195.198547363, 195.65133667, 196.092514038, 196.533691406, 196.963256836, 197.392837524, 197.834014893, 198.275192261, 198.716369629, 199.157546997, 199.598724365, 200.039901733, 200.481079102, 200.92225647, 201.363449097, 201.804626465, 202.245803833, 202.686981201, 203.128158569, 203.569335938, 204.022125244, 204.463302612, 204.90447998, 205.345672607, 205.775238037, 206.216415405, 206.657592773, 207.098770142, 207.53994751, 207.981124878, 208.422302246, 208.863494873, 209.304672241, 209.745849609, 210.187026978, 210.628204346, 211.069381714, 211.510559082, 211.95173645, 212.404525757, 212.845703125, 213.286895752, 213.72807312, 214.169250488, 214.610427856, 215.051605225, 215.492782593, 215.945571899, 216.386749268, 216.827926636, 217.269119263, 217.710296631, 218.151473999, 218.581039429, 219.010604858, 219.451782227, 219.892959595, 220.345748901, 220.77532959, 221.216506958, 221.657684326, 222.098861694, 222.540039063, 222.981216431, 223.422393799, 223.875183105, 224.327972412, 224.792373657, 225.245162964, 225.709564209, 226.173965454, 226.649978638]
