
metadata:
    version:
        essentia: "2.1-beta2"
    audio_properties:
        analysis_sample_rate: 44100
        bitrate: 320
        channels: 2
        equal_loudness: 1
        length: 80.222038269
        replay_gain: -8.30662727356
        downmix: "mix"
    tags:
        album: "Immortalized"
        artist: "Disturbed"
        comment: ""
        date: ""
        genre: "Alternative Metal"
        title: "The Eye Of The Storm"
        tracknumber: "1"

configuration:
    average_loudness:
        compute: 1
        frameSize: 88200
        hopSize: 44100
        silentFrames: "noise"
        windowType: "hann"
    general:
        analysisSampleRate: 44100
        endTime: 2000
        equalLoudness: 1
        nequalLoudness: 0
        shortSound: 0
        startTime: 0
    lowlevel:
        compute: 1
        frameSize: 2048
        hopSize: 1024
        zeroPadding: 0
        silentFrames: "noise"
        windowType: "blackmanharris62"
        mfccStats: ["mean", "cov", "icov"]
        stats: ["mean", "var", "median", "min", "max", "dmean", "dmean2", "dvar", "dvar2"]
    panning:
        compute: 0
        frameSize: 8192
        hopSize: 2048
        zeroPadding: 8192
        silentFrames: "noise"
        windowType: "hann"
        stats: ["copy"]
    rhythm:
        compute: 1
        maxTempo: 208
        minTempo: 40
        method: "degara"
        stats: ["mean", "var", "median", "min", "max", "dmean", "dmean2", "dvar", "dvar2"]
    segmentation:
        compute: 0
        cpw: 5
        inc1: 300
        inc2: 50
        minimumSegmentsLength: 10
        size1: 1000
        size2: 600
    sfx:
        compute: 1
        stats: ["mean", "var", "median", "min", "max", "dmean", "dmean2", "dvar", "dvar2"]
    svm:
        compute: 0
    tonal:
        compute: 1
        frameSize: 4096
        hopSize: 2048
        zeroPadding: 0
        silentFrames: "noise"
        windowType: "blackmanharris62"
        stats: ["mean", "var", "median", "min", "max", "dmean", "dmean2", "dvar", "dvar2"]

lowlevel:
    average_loudness: 0.95864623785
    barkbands_kurtosis:
        dmean: 0.614747941494
        dmean2: 0.984705507755
        dvar: 0.623308897018
        dvar2: 1.33973264694
        max: 10.5379095078
        mean: -0.314887404442
        median: -0.635939955711
        min: -1.72029614449
        var: 1.21609771252
    barkbands_skewness:
        dmean: 0.371995061636
        dmean2: 0.550078332424
        dvar: 0.110106192529
        dvar2: 0.223939701915
        max: 2.11194777489
        mean: 0.000229829194723
        median: 0.0348528400064
        min: -3.17272114754
        var: 0.36609596014
    barkbands_spread:
        dmean: 2.22917413712
        dmean2: 3.51193451881
        dvar: 4.71992826462
        dvar2: 11.6269979477
        max: 51.5909004211
        mean: 13.8996772766
        median: 13.5261497498
        min: 3.56023859978
        var: 19.2029647827
    dissonance:
        dmean: 0.0224375464022
        dmean2: 0.0377055704594
        dvar: 0.000474860687973
        dvar2: 0.00130164367147
        max: 0.5
        mean: 0.455583453178
        median: 0.461704194546
        min: 0.294579654932
        var: 0.000997386989184
    hfc:
        dmean: 1.74315273762
        dmean2: 2.64844822884
        dvar: 5.10760402679
        dvar2: 11.4684085846
        max: 58.1316490173
        mean: 7.92974281311
        median: 7.7203950882
        min: 1.13217917741e-016
        var: 25.2280406952
    pitch:
        dmean: 150.214813232
        dmean2: 285.607727051
        dvar: 181612.296875
        dvar2: 493473.375
        max: 4039.85620117
        mean: 351.712097168
        median: 248.718688965
        min: 71.2081985474
        var: 159855.703125
    pitch_instantaneous_confidence:
        dmean: 0.0830654874444
        dmean2: 0.131785571575
        dvar: 0.0067000691779
        dvar2: 0.0152069162577
        max: 0.948295295238
        mean: 0.598678231239
        median: 0.62129098177
        min: 0.0903406143188
        var: 0.0298734325916
    pitch_salience:
        dmean: 0.0599107854068
        dmean2: 0.0946803465486
        dvar: 0.00249478872865
        dvar2: 0.00593619421124
        max: 0.978280961514
        mean: 0.581484675407
        median: 0.572985291481
        min: 0.248588427901
        var: 0.013072677888
    silence_rate_20dB:
        dmean: 0
        dmean2: 0
        dvar: 0
        dvar2: 0
        max: 1
        mean: 1
        median: 1
        min: 1
        var: 0
    silence_rate_30dB:
        dmean: 0
        dmean2: 0
        dvar: 0
        dvar2: 0
        max: 1
        mean: 1
        median: 1
        min: 1
        var: 0
    silence_rate_60dB:
        dmean: 0.0457308255136
        dmean2: 0.0914881303906
        dvar: 0.0436387807131
        dvar2: 0.0987529829144
        max: 1
        mean: 0.223668977618
        median: 0
        min: 0
        var: 0.173634827137
    spectral_centroid:
        dmean: 135.594024658
        dmean2: 204.000717163
        dvar: 31657.8320313
        dvar2: 56836.5664063
        max: 10774.8701172
        mean: 1473.34509277
        median: 1495.59130859
        min: 671.064331055
        var: 122535.5
    spectral_complexity:
        dmean: 1.98610711098
        dmean2: 3.29125642776
        dvar: 4.31933546066
        dvar2: 10.3523035049
        max: 52
        mean: 12.4513893127
        median: 12
        min: 0
        var: 34.8831138611
    spectral_crest:
        dmean: 2.2459025383
        dmean2: 3.61354446411
        dvar: 4.46991252899
        dvar2: 10.2707614899
        max: 23.5656375885
        mean: 8.75402641296
        median: 8.04111289978
        min: 2.4140753746
        var: 11.9289245605
    spectral_decrease:
        dmean: 2.43279590917e-010
        dmean2: 3.72416486538e-010
        dvar: 8.06549564853e-020
        dvar2: 1.9087094407e-019
        max: -4.43667423399e-029
        mean: -1.22066667885e-009
        median: -1.23563803633e-009
        min: -8.12355160917e-009
        var: 4.1966406087e-019
    spectral_energy:
        dmean: 0.00106323428918
        dmean2: 0.00162519328296
        dvar: 1.58578006904e-006
        dvar2: 3.72478825739e-006
        max: 0.0359328649938
        mean: 0.00532632833347
        median: 0.00537415547296
        min: 1.04366484563e-020
        var: 8.26508221508e-006
    spectral_energyband_high:
        dmean: 1.94711410586e-005
        dmean2: 3.15358265652e-005
        dvar: 1.13609410768e-009
        dvar2: 2.39169484217e-009
        max: 0.00181203102693
        mean: 6.75373375998e-005
        median: 5.49830583623e-005
        min: 7.64281120228e-021
        var: 6.28986018825e-009
    spectral_energyband_low:
        dmean: 9.12980158319e-006
        dmean2: 1.29558029585e-005
        dvar: 6.35014818506e-010
        dvar2: 1.12921760831e-009
        max: 0.000755262153689
        mean: 2.39643122768e-005
        median: 2.44516741077e-006
        min: 2.90439116215e-023
        var: 5.39114042297e-009
    spectral_energyband_middle_high:
        dmean: 0.0010038272012
        dmean2: 0.00152371136937
        dvar: 1.5492661305e-006
        dvar2: 3.60106150765e-006
        max: 0.0316448770463
        mean: 0.00392243592069
        median: 0.00355721125379
        min: 1.64419635476e-021
        var: 6.75101773595e-006
    spectral_energyband_middle_low:
        dmean: 0.000353808281943
        dmean2: 0.000524033617694
        dvar: 1.85659672525e-007
        dvar2: 4.22213702223e-007
        max: 0.00681299343705
        mean: 0.00139338045847
        median: 0.00107390689664
        min: 2.96607106037e-022
        var: 1.11685972115e-006
    spectral_flatness_db:
        dmean: 0.0184813030064
        dmean2: 0.0302349925041
        dvar: 0.000241374553298
        dvar2: 0.000616643344983
        max: 0.45130738616
        mean: 0.272473722696
        median: 0.269269555807
        min: 0.0747445821762
        var: 0.00218023755588
    spectral_flux:
        dmean: 0.00942521169782
        dmean2: 0.0159452389926
        dvar: 9.44622515817e-005
        dvar2: 0.000256668106886
        max: 0.15071593225
        mean: 0.0362348556519
        median: 0.0350506305695
        min: 1.02159919413e-010
        var: 0.000282861525193
    spectral_kurtosis:
        dmean: 6.08807754517
        dmean2: 10.9181518555
        dvar: 27.0604019165
        dvar2: 83.3098754883
        max: 44.1676979065
        mean: 10.4958353043
        median: 9.3049697876
        min: -1.23071467876
        var: 44.7159729004
    spectral_rms:
        dmean: 0.000218941073399
        dmean2: 0.000333202711772
        dvar: 4.78919197633e-008
        dvar2: 1.06396122135e-007
        max: 0.00592084927484
        mean: 0.00216529914178
        median: 0.00228977692313
        min: 3.19093969997e-012
        var: 5.07898107571e-007
    spectral_rolloff:
        dmean: 183.178604126
        dmean2: 311.652832031
        dvar: 112610.257813
        dvar2: 204182.46875
        max: 18647.7539063
        mean: 2256.23974609
        median: 2217.91992188
        min: 775.1953125
        var: 302619.96875
    spectral_skewness:
        dmean: 0.491181969643
        dmean2: 0.877247333527
        dvar: 0.162819817662
        dvar2: 0.508336186409
        max: 4.45747995377
        mean: 1.78351271152
        median: 1.70321035385
        min: 0.0156539473683
        var: 0.282596170902
    spectral_spread:
        dmean: 180404.40625
        dmean2: 296334.96875
        dvar: 295835238400
        dvar2: 300419776512
        max: 41508324
        mean: 1951678.375
        median: 1904533
        min: 869568.3125
        var: 624127574016
    spectral_strongpeak:
        dmean: 0.73372066021
        dmean2: 1.18089473248
        dvar: 0.725844442844
        dvar2: 1.54533135891
        max: 10.1956319809
        mean: 1.58564138412
        median: 1.26709055901
        min: 1.79717818405e-009
        var: 1.74957716465
    zerocrossingrate:
        dmean: 0.00507332012057
        dmean2: 0.00627965899184
        dvar: 4.25328616984e-005
        dvar2: 4.30376458098e-005
        max: 0.4853515625
        mean: 0.0752615779638
        median: 0.07470703125
        min: 0.03515625
        var: 0.000287143484456
    barkbands:
        dmean: [1.39847178282e-009, 3.80826151058e-007, 3.58411398338e-006, 1.55014622578e-005, 3.54459152732e-005, 7.82388597145e-005, 6.94814298186e-005, 4.52761414635e-005, 0.000228997145314, 0.000188321821042, 0.000385409075534, 0.000157408067025, 0.000164340308402, 0.000179364476935, 0.000528411823325, 0.000271141878329, 0.000151691740029, 6.76758500049e-005, 6.23535670456e-005, 3.41731138178e-005, 1.5107807485e-005, 2.82488872472e-006, 1.67235398862e-007, 1.36589850541e-008, 6.48487263888e-009, 4.10814687823e-010, 2.28497221144e-010]
        dmean2: [2.44039810582e-009, 6.38358585547e-007, 5.84414783589e-006, 2.07832781598e-005, 5.32319827471e-005, 0.000118100440886, 8.97003046703e-005, 6.57366035739e-005, 0.000343172054272, 0.000280795473373, 0.000597812526394, 0.000242862530285, 0.00026785521186, 0.000288086739602, 0.000773825508077, 0.000428235100117, 0.000239663437242, 0.000107856722025, 0.000103365993709, 5.63908251934e-005, 2.47987973125e-005, 4.63434889753e-006, 2.78660820641e-007, 2.3715319486e-008, 1.12239977312e-008, 6.62555843522e-010, 4.25389279357e-010]
        dvar: [5.76834664862e-017, 2.47277220401e-012, 1.35318728445e-010, 2.43201614403e-009, 8.29881496855e-009, 2.07408170638e-008, 1.54256092344e-008, 1.11890470222e-008, 1.32038010747e-007, 1.42859136076e-007, 5.64905008105e-007, 1.13186302997e-007, 8.99375578456e-008, 6.99958775385e-008, 8.38465894049e-007, 1.4222989364e-007, 8.07648916634e-008, 2.63246988652e-008, 1.57764699082e-008, 4.40566383375e-009, 7.03656299894e-010, 3.48590843691e-011, 6.92336053938e-013, 3.49397058866e-014, 1.75071884615e-014, 1.01687546089e-017, 1.02741842063e-019]
        dvar2: [1.78103063485e-016, 7.08648461092e-012, 3.25156179759e-010, 3.41014527727e-009, 1.76656929085e-008, 4.86809810241e-008, 2.87453598702e-008, 2.66541224647e-008, 2.84092777747e-007, 2.8761746762e-007, 1.42527267144e-006, 2.49014021847e-007, 2.23853533043e-007, 1.76808029551e-007, 1.56988903655e-006, 3.50661849779e-007, 1.82850314445e-007, 6.24555553941e-008, 4.34962501572e-008, 1.0301622666e-008, 1.65631408588e-009, 8.25835858032e-011, 1.79832776274e-012, 9.72636278159e-014, 4.66562857413e-014, 1.35110167514e-017, 3.24413954841e-019]
        max: [2.38978174139e-007, 4.28423045378e-005, 0.000395270209992, 0.00171275227331, 0.0040425080806, 0.00306590041146, 0.00239210482687, 0.0023948114831, 0.00541879981756, 0.00727843260393, 0.0190883092582, 0.00662603229284, 0.00580185605213, 0.00440454296768, 0.0141345001757, 0.00502264965326, 0.00732725067064, 0.00731463963166, 0.00523849017918, 0.00294014881365, 0.00112185103353, 0.000254118116572, 3.6234894651e-005, 1.20465838336e-005, 6.57711916574e-006, 2.21385008103e-007, 3.78740150353e-009]
        mean: [1.50124901399e-009, 5.14342332281e-007, 6.02227601121e-006, 4.38813549408e-005, 9.12065443117e-005, 0.000283719709842, 0.000245998817263, 9.91022097878e-005, 0.000487098703161, 0.000345633307006, 0.000590550014749, 0.000350638496457, 0.00030442251591, 0.000332690455252, 0.000834081089124, 0.000542762572877, 0.000318518345011, 0.000164290802786, 0.000153074695845, 8.53306119097e-005, 3.95518691221e-005, 6.84698943587e-006, 3.36609815577e-007, 4.27987707496e-008, 1.72661120956e-008, 7.31636473628e-010, 1.78703524201e-010]
        median: [2.53668530625e-010, 3.33746257297e-008, 8.9946126991e-007, 1.79331573236e-006, 2.51311248576e-005, 0.000143005978316, 8.56416590977e-005, 2.00639697141e-005, 0.000172583400854, 0.000150545602082, 0.000252251047641, 9.28198496695e-005, 0.000143733428558, 0.000188505669939, 0.000404451042414, 0.000365808140486, 0.000172444153577, 7.82595743658e-005, 0.000100529716292, 5.58551982976e-005, 2.87066613964e-005, 4.6884438234e-006, 1.42989080132e-007, 9.79326664208e-009, 4.15881151739e-009, 2.37726893726e-010, 6.70135474889e-011]
        min: [1.42357336057e-024, 1.02101612208e-023, 7.67272464372e-024, 1.67673300483e-023, 3.0660947104e-023, 8.45169165547e-023, 4.93071734347e-023, 3.04930207054e-023, 5.95759620091e-023, 5.51685330228e-023, 4.13512114384e-023, 1.15433486146e-022, 4.72339333798e-023, 1.45047160445e-022, 2.36077619453e-022, 1.03346527802e-022, 2.81683018914e-022, 2.54894690968e-022, 2.28791876837e-022, 3.9966606564e-022, 4.74836305755e-022, 4.91987580716e-022, 7.27017441426e-022, 8.19738359934e-022, 1.07899642358e-021, 1.64249928145e-021, 2.44794610711e-021]
        var: [9.7291236643e-017, 4.7956257021e-012, 3.66193991796e-010, 2.6837504663e-008, 6.1159575182e-008, 1.5858546476e-007, 1.1855635762e-007, 4.29580069294e-008, 4.99405246046e-007, 3.68423457076e-007, 9.66044467532e-007, 4.6329239467e-007, 2.08620960507e-007, 1.67765662695e-007, 1.69036161424e-006, 3.68819002006e-007, 2.12339543282e-007, 1.49668167637e-007, 6.33709902331e-008, 1.75331287267e-008, 2.52700949055e-009, 1.00469063624e-010, 1.7514135758e-012, 1.64058857103e-013, 3.78584357331e-014, 5.07629128308e-017, 8.50483776749e-020]
    frequency_bands:
        dmean: [1.39847178282e-009, 3.80826151058e-007, 3.58411398338e-006, 1.55014622578e-005, 3.54459152732e-005, 7.82388597145e-005, 6.94814298186e-005, 4.52761414635e-005, 0.000228997145314, 0.000188321821042, 0.000385409075534, 0.000157408067025, 0.000164340308402, 0.000179364476935, 0.000528411823325, 0.000271141878329, 0.000151691740029, 6.76758500049e-005, 6.23535670456e-005, 3.41731138178e-005, 1.5107807485e-005, 2.82488872472e-006, 1.67235398862e-007, 1.36589850541e-008, 6.48487263888e-009, 4.10814687823e-010, 2.28497221144e-010, 6.52121689981e-011]
        dmean2: [2.44039810582e-009, 6.38358585547e-007, 5.84414783589e-006, 2.07832781598e-005, 5.32319827471e-005, 0.000118100440886, 8.97003046703e-005, 6.57366035739e-005, 0.000343172054272, 0.000280795473373, 0.000597812526394, 0.000242862530285, 0.00026785521186, 0.000288086739602, 0.000773825508077, 0.000428235100117, 0.000239663437242, 0.000107856722025, 0.000103365993709, 5.63908251934e-005, 2.47987973125e-005, 4.63434889753e-006, 2.78660820641e-007, 2.3715319486e-008, 1.12239977312e-008, 6.62555843522e-010, 4.25389279357e-010, 1.21414517329e-010]
        dvar: [5.76834664862e-017, 2.47277220401e-012, 1.35318728445e-010, 2.43201614403e-009, 8.29881496855e-009, 2.07408170638e-008, 1.54256092344e-008, 1.11890470222e-008, 1.32038010747e-007, 1.42859136076e-007, 5.64905008105e-007, 1.13186302997e-007, 8.99375578456e-008, 6.99958775385e-008, 8.38465894049e-007, 1.4222989364e-007, 8.07648916634e-008, 2.63246988652e-008, 1.57764699082e-008, 4.40566383375e-009, 7.03656299894e-010, 3.48590843691e-011, 6.92336053938e-013, 3.49397058866e-014, 1.75071884615e-014, 1.01687546089e-017, 1.02741842063e-019, 8.35579726945e-021]
        dvar2: [1.78103063485e-016, 7.08648461092e-012, 3.25156179759e-010, 3.41014527727e-009, 1.76656929085e-008, 4.86809810241e-008, 2.87453598702e-008, 2.66541224647e-008, 2.84092777747e-007, 2.8761746762e-007, 1.42527267144e-006, 2.49014021847e-007, 2.23853533043e-007, 1.76808029551e-007, 1.56988903655e-006, 3.50661849779e-007, 1.82850314445e-007, 6.24555553941e-008, 4.34962501572e-008, 1.0301622666e-008, 1.65631408588e-009, 8.25835858032e-011, 1.79832776274e-012, 9.72636278159e-014, 4.66562857413e-014, 1.35110167514e-017, 3.24413954841e-019, 2.63782291256e-020]
        max: [2.38978174139e-007, 4.28423045378e-005, 0.000395270209992, 0.00171275227331, 0.0040425080806, 0.00306590041146, 0.00239210482687, 0.0023948114831, 0.00541879981756, 0.00727843260393, 0.0190883092582, 0.00662603229284, 0.00580185605213, 0.00440454296768, 0.0141345001757, 0.00502264965326, 0.00732725067064, 0.00731463963166, 0.00523849017918, 0.00294014881365, 0.00112185103353, 0.000254118116572, 3.6234894651e-005, 1.20465838336e-005, 6.57711916574e-006, 2.21385008103e-007, 3.78740150353e-009, 1.07848374675e-009]
        mean: [1.50124901399e-009, 5.14342332281e-007, 6.02227601121e-006, 4.38813549408e-005, 9.12065443117e-005, 0.000283719709842, 0.000245998817263, 9.91022097878e-005, 0.000487098703161, 0.000345633307006, 0.000590550014749, 0.000350638496457, 0.00030442251591, 0.000332690455252, 0.000834081089124, 0.000542762572877, 0.000318518345011, 0.000164290802786, 0.000153074695845, 8.53306119097e-005, 3.95518691221e-005, 6.84698943587e-006, 3.36609815577e-007, 4.27987707496e-008, 1.72661120956e-008, 7.31636473628e-010, 1.78703524201e-010, 5.08974702662e-011]
        median: [2.53668530625e-010, 3.33746257297e-008, 8.9946126991e-007, 1.79331573236e-006, 2.51311248576e-005, 0.000143005978316, 8.56416590977e-005, 2.00639697141e-005, 0.000172583400854, 0.000150545602082, 0.000252251047641, 9.28198496695e-005, 0.000143733428558, 0.000188505669939, 0.000404451042414, 0.000365808140486, 0.000172444153577, 7.82595743658e-005, 0.000100529716292, 5.58551982976e-005, 2.87066613964e-005, 4.6884438234e-006, 1.42989080132e-007, 9.79326664208e-009, 4.15881151739e-009, 2.37726893726e-010, 6.70135474889e-011, 1.90342012985e-011]
        min: [1.42357336057e-024, 1.02101612208e-023, 7.67272464372e-024, 1.67673300483e-023, 3.0660947104e-023, 8.45169165547e-023, 4.93071734347e-023, 3.04930207054e-023, 5.95759620091e-023, 5.51685330228e-023, 4.13512114384e-023, 1.15433486146e-022, 4.72339333798e-023, 1.45047160445e-022, 2.36077619453e-022, 1.03346527802e-022, 2.81683018914e-022, 2.54894690968e-022, 2.28791876837e-022, 3.9966606564e-022, 4.74836305755e-022, 4.91987580716e-022, 7.27017441426e-022, 8.19738359934e-022, 1.07899642358e-021, 1.64249928145e-021, 2.44794610711e-021, 5.54306330051e-022]
        var: [9.7291236643e-017, 4.7956257021e-012, 3.66193991796e-010, 2.6837504663e-008, 6.1159575182e-008, 1.5858546476e-007, 1.1855635762e-007, 4.29580069294e-008, 4.99405246046e-007, 3.68423457076e-007, 9.66044467532e-007, 4.6329239467e-007, 2.08620960507e-007, 1.67765662695e-007, 1.69036161424e-006, 3.68819002006e-007, 2.12339543282e-007, 1.49668167637e-007, 6.33709902331e-008, 1.75331287267e-008, 2.52700949055e-009, 1.00469063624e-010, 1.7514135758e-012, 1.64058857103e-013, 3.78584357331e-014, 5.07629128308e-017, 8.50483776749e-020, 6.9104130479e-021]
    mfcc:
        mean: [-772.55871582, 130.46862793, -123.838562012, 7.44829702377, -36.5510292053, -23.1333179474, -14.3001937866, -29.5874347687, -2.45342254639, -15.837269783, -15.7913293839, -16.71717453, -6.754114151]
        cov: [[5115.19287109, 1337.40112305, -1401.86914063, 574.011901855, -396.235321045, 265.607879639, -112.118171692, -91.373664856, 204.134689331, -357.585174561, -65.9169845581, -276.429840088, -65.193145752], [1337.40112305, 752.79901123, -186.864212036, 137.679992676, -5.39829397202, -38.5503807068, -48.2947235107, -144.735488892, 16.5817508698, -66.6119155884, -120.430686951, -69.0416259766, -49.9530754089], [-1401.86914063, -186.864212036, 751.036560059, 7.35085201263, 214.110305786, -21.7420787811, 83.9947891235, 75.974647522, -68.3890380859, 114.129890442, 33.9326667786, 115.797988892, 27.2637348175], [574.011901855, 137.679992676, 7.35085201263, 256.941070557, 36.7253723145, 118.206611633, 11.3060703278, 79.8759765625, 63.5004119873, -59.2353210449, 46.0206451416, -25.3901863098, -3.67966413498], [-396.235321045, -5.39829397202, 214.110305786, 36.7253723145, 182.374435425, 42.3175048828, 13.9561357498, 14.5388755798, -15.2676534653, 18.8167591095, -16.9447383881, 9.44288444519, 4.34140253067], [265.607879639, -38.5503807068, -21.7420787811, 118.206611633, 42.3175048828, 244.06237793, 107.564300537, 87.6712799072, -7.30195760727, -62.055557251, 58.9819297791, 2.27405714989, 37.4390716553], [-112.118171692, -48.2947235107, 83.9947891235, 11.3060703278, 13.9561357498, 107.564300537, 173.709411621, 82.0268096924, -56.9679145813, -18.9757289886, 19.895154953, 44.6382026672, 27.8546791077], [-91.373664856, -144.735488892, 75.974647522, 79.8759765625, 14.5388755798, 87.6712799072, 82.0268096924, 246.273406982, 87.7008743286, -42.1270523071, 65.6331100464, 9.17785072327, 28.8251590729], [204.134689331, 16.5817508698, -68.3890380859, 63.5004119873, -15.2676534653, -7.30195760727, -56.9679145813, 87.7008743286, 176.206634521, 37.6087112427, 25.718132019, -32.1168861389, -17.3888130188], [-357.585174561, -66.6119155884, 114.129890442, -59.2353210449, 18.8167591095, -62.055557251, -18.9757289886, -42.1270523071, 37.6087112427, 173.79574585, 43.2510871887, 29.9394054413, -1.86120998859], [-65.9169845581, -120.430686951, 33.9326667786, 46.0206451416, -16.9447383881, 58.9819297791, 19.895154953, 65.6331100464, 25.718132019, 43.2510871887, 141.828598022, 58.2980957031, 16.3697547913], [-276.429840088, -69.0416259766, 115.797988892, -25.3901863098, 9.44288444519, 2.27405714989, 44.6382026672, 9.17785072327, -32.1168861389, 29.9394054413, 58.2980957031, 110.284568787, 42.2548179626], [-65.193145752, -49.9530754089, 27.2637348175, -3.67966413498, 4.34140253067, 37.4390716553, 27.8546791077, 28.8251590729, -17.3888130188, -1.86120998859, 16.3697547913, 42.2548179626, 100.24394989]]
        icov: [[0.00489712366834, -0.00665713241324, 0.00697544123977, -0.00796507485211, 0.00687691476196, -0.00592830684036, 0.00594225898385, -0.00620679184794, 0.00592399714515, -0.00535688828677, 0.00455904891714, -0.00310391676612, 0.00121984491125], [-0.00665713241324, 0.0118097374216, -0.0089360633865, 0.00824212003499, -0.00996465422213, 0.00975625310093, -0.0103560751304, 0.0114021804184, -0.00982920732349, 0.00833279639482, -0.0048788851127, 0.00401519844308, -0.00177089532372], [0.00697544123977, -0.0089360633865, 0.0142973819748, -0.0138348238543, 0.0066226311028, -0.00744216982275, 0.00991905853152, -0.013215621002, 0.0132264327258, -0.0124394046143, 0.010045918636, -0.00904275849462, 0.00345833017491], [-0.00796507485211, 0.00824212003499, -0.0138348238543, 0.0235914159566, -0.0118996305391, 0.00686021195725, -0.0102471094579, 0.0119214747101, -0.0148371532559, 0.0145683847368, -0.0148985460401, 0.00999448914081, -0.00315484777093], [0.00687691476196, -0.00996465422213, 0.0066226311028, -0.0118996305391, 0.0218339581043, -0.0151011180133, 0.0148822255433, -0.0123307434842, 0.011627680622, -0.0117692332715, 0.0135729815811, -0.00740585243329, 0.00407734606415], [-0.00592830684036, 0.00975625310093, -0.00744216982275, 0.00686021195725, -0.0151011180133, 0.0233038756996, -0.0217587929219, 0.0161325056106, -0.0139818405733, 0.015275478363, -0.0173481479287, 0.012991447933, -0.00814514886588], [0.00594225898385, -0.0103560751304, 0.00991905853152, -0.0102471094579, 0.0148822255433, -0.0217587929219, 0.0348903499544, -0.0277897417545, 0.0260287951678, -0.0218574143946, 0.0223678406328, -0.0191086251289, 0.00991927925497], [-0.00620679184794, 0.0114021804184, -0.013215621002, 0.0119214747101, -0.0123307434842, 0.0161325056106, -0.0277897417545, 0.0345713496208, -0.0299241747707, 0.0257532037795, -0.0226289909333, 0.0175560936332, -0.010450584814], [0.00592399714515, -0.00982920732349, 0.0132264327258, -0.0148371532559, 0.011627680622, -0.0139818405733, 0.0260287951678, -0.0299241747707, 0.0349371358752, -0.0259332749993, 0.0197747033089, -0.0141271846369, 0.00920775625855], [-0.00535688828677, 0.00833279639482, -0.0124394046143, 0.0145683847368, -0.0117692332715, 0.015275478363, -0.0218574143946, 0.0257532037795, -0.0259332749993, 0.0303849671036, -0.0237868018448, 0.0156673491001, -0.00859482120723], [0.00455904891714, -0.0048788851127, 0.010045918636, -0.0148985460401, 0.0135729815811, -0.0173481479287, 0.0223678406328, -0.0226289909333, 0.0197747033089, -0.0237868018448, 0.0361765027046, -0.0246700905263, 0.0109175322577], [-0.00310391676612, 0.00401519844308, -0.00904275849462, 0.00999448914081, -0.00740585243329, 0.012991447933, -0.0191086251289, 0.0175560936332, -0.0141271846369, 0.0156673491001, -0.0246700905263, 0.0319069214165, -0.0130418641493], [0.00121984491125, -0.00177089532372, 0.00345833017491, -0.00315484777093, 0.00407734606415, -0.00814514886588, 0.00991927925497, -0.010450584814, 0.00920775625855, -0.00859482120723, 0.0109175322577, -0.0130418641493, 0.0170966368169]]
    sccoeffs:
        dmean: [0.0481605865061, 0.0408471375704, 0.0447077006102, 0.0373545773327, 0.0218316372484, 0.0208281707019]
        dmean2: [0.0802838280797, 0.0663594231009, 0.0718064233661, 0.0601476244628, 0.0356294475496, 0.035244282335]
        dvar: [0.00149641325697, 0.00128328357823, 0.00129724747967, 0.000943556253333, 0.000317399360938, 0.000390344997868]
        dvar2: [0.00402449583635, 0.00328447553329, 0.00315486569889, 0.00228932825848, 0.000807887350675, 0.00112580694258]
        max: [-0.266848176718, -0.392002254725, -0.440207093954, -0.491479843855, -0.596754670143, -0.483773678541]
        mean: [-0.584877252579, -0.631982326508, -0.676992177963, -0.702118635178, -0.747486233711, -0.628130316734]
        median: [-0.587406635284, -0.621906757355, -0.668627798557, -0.696625947952, -0.744035601616, -0.625308513641]
        min: [-0.969654023647, -0.972114741802, -0.964479386806, -0.954827785492, -0.957179188728, -0.958573758602]
        var: [0.0114022903144, 0.0103446282446, 0.00672359159216, 0.00485159037635, 0.00236351462081, 0.00181063474156]
    scvalleys:
        dmean: [0.503357708454, 0.372963517904, 0.328278839588, 0.286940604448, 0.215225979686, 0.295319497585]
        dmean2: [0.830169141293, 0.612572133541, 0.533799290657, 0.465593844652, 0.342808187008, 0.496271789074]
        dvar: [0.199921309948, 0.145916104317, 0.127932459116, 0.110134236515, 0.0863315910101, 0.11074886471]
        dvar2: [0.458694666624, 0.294249713421, 0.244639277458, 0.194852799177, 0.137281253934, 0.258710294962]
        max: [-6.31408452988, -5.12132740021, -5.14332342148, -5.30360889435, -5.75602626801, -8.84849071503]
        mean: [-9.89285945892, -7.64226770401, -7.0420498848, -7.11870765686, -7.88863945007, -12.9049682617]
        median: [-9.92597198486, -7.59905910492, -6.94085979462, -7.02515125275, -7.80074262619, -12.7701358795]
        min: [-26.7755756378, -27.2239646912, -26.9938831329, -27.4773235321, -27.3544235229, -27.2433815002]
        var: [1.08505165577, 0.784112930298, 0.923542380333, 0.925853312016, 0.73484313488, 1.01476669312]

rhythm:
    beats_loudness:
        dmean: 0.00222885096446
        dmean2: 0.00402544159442
        dvar: 3.18836509905e-006
        dvar2: 8.03565853857e-006
        max: 0.016933331266
        mean: 0.00583999743685
        median: 0.00573478080332
        min: 1.0636370007e-006
        var: 7.54003167458e-006
    bpm: 131.936508179
    bpm_confidence: 0
    first_peak_bpm: 133
    first_peak_spread: 0.420000076294
    first_peak_weight: 0.345238089561
    onset_rate: 1.95706868172
    second_peak_bpm: 123
    second_peak_spread: 0.486486464739
    second_peak_weight: 0.113095238805
    beats_loudness_band_ratio:
        dmean: [0.00929836370051, 0.0662817806005, 0.111112721264, 0.170689925551, 0.167192310095, 0.0211019814014]
        dmean2: [0.0141281569377, 0.11462815851, 0.19417335093, 0.290015101433, 0.284647554159, 0.0348919816315]
        dvar: [0.000467979698442, 0.00686286669225, 0.00982625037432, 0.0167681183666, 0.0149136753753, 0.000532290840056]
        dvar2: [0.000987164676189, 0.0172755755484, 0.0268002878875, 0.0485773421824, 0.0453756973147, 0.00117783318274]
        max: [0.236664041877, 0.45506054163, 0.560383200645, 0.779850006104, 0.779052853584, 0.259550124407]
        mean: [0.0119822407141, 0.0820915475488, 0.187066823244, 0.301765948534, 0.392328083515, 0.0512518696487]
        median: [0.00181774911471, 0.0408751219511, 0.152624890208, 0.267209410667, 0.386910945177, 0.0409890860319]
        min: [8.71730298968e-006, 0.000814429484308, 0.0112726744264, 0.0290959235281, 0.0173522215337, 0.00909375678748]
        var: [0.00103152845986, 0.00922902207822, 0.017210541293, 0.0331561677158, 0.0302231069654, 0.00168928410858]
    beats_position: [0.46439909935, 0.952018141747, 1.42802715302, 1.91564619541, 2.40326523781, 2.89088439941, 3.3785033226, 3.86612248421, 4.33052158356, 4.78331041336, 5.23609972, 5.6888885498, 6.14167785645, 6.59446716309, 7.05886602402, 7.51165533066, 7.96444416046, 8.4172334671, 8.87002277374, 9.32281208038, 9.77560043335, 10.22838974, 10.6811790466, 11.1339683533, 11.5751476288, 12.0163259506, 12.4691152573, 12.933514595, 13.3979139328, 13.8623123169, 14.3267116547, 14.7795009613, 15.2322902679, 15.696688652, 16.1610889435, 16.6138763428, 17.0666656494, 17.5310649872, 17.9838542938, 18.4366436005, 18.8894329071, 19.3422222137, 19.7950115204, 20.2594108582, 20.7121982574, 21.1649875641, 21.6177768707, 22.0821762085, 22.523355484, 22.9761447906, 23.4289340973, 23.8817234039, 24.3345127106, 24.7989120483, 25.2400894165, 25.681268692, 26.1224479675, 26.5752372742, 27.0396366119, 27.5156459808, 27.9916553497, 28.409614563, 28.8159637451, 29.2339229584, 29.6402721405, 30.0466213226, 30.4529705048, 30.870929718, 31.2772789001, 31.6836280823, 32.0899772644, 32.5079345703, 32.9723358154, 33.4367332458, 33.8895225525, 34.3423118591, 34.7951011658, 35.2478904724, 35.7006797791, 36.1534690857, 36.6062583923, 37.059047699, 37.5118370056, 37.9646263123, 38.4174156189, 38.8818130493, 39.334602356, 39.7989997864, 40.2401809692, 40.6929702759, 41.1457595825, 41.6333770752, 42.1093864441, 42.585395813, 43.0730133057, 43.5258026123, 43.9902038574, 44.4429931641, 44.9073905945, 45.3717918396, 45.8478012085, 46.347026825, 46.8462562561, 47.3454856873, 47.8331069946, 48.3207244873, 48.80834198, 49.2959632874, 49.78358078, 50.2595901489, 50.723991394, 51.2000007629, 51.6643981934, 52.1055755615, 52.5467567444, 52.999546051, 53.4523353577, 53.8935127258, 54.3346939087, 54.7758712769, 55.2286605835, 55.6814498901, 56.1342391968, 56.5986366272, 57.0630378723, 57.515827179, 57.9686164856, 58.4214057922, 58.8741950989, 59.3269844055, 59.7913818359, 60.2557830811, 60.7201805115, 61.1845779419, 61.648979187, 62.1133766174, 62.6009979248, 63.0886154175, 63.5646247864, 64.0406341553, 64.5282516479, 65.0158691406, 65.5383224487, 66.0607681274, 66.5832214355, 67.0940551758, 67.5932846069, 68.1041259766, 68.6033554077, 69.1025848389, 69.60181427, 70.0894317627, 70.5770492554, 71.0762786865, 71.6103363037, 72.1444015503, 72.6784591675, 73.2705688477, 73.8626708984, 74.4663925171, 75.0701141357, 75.6622238159, 76.2891616821, 76.9160995483, 77.5430374146, 78.1699752808, 78.8085250854, 79.4470748901, 80.0856246948]
    bpm_estimates: [129.19921875, 132.51210022, 132.511962891, 132.51210022, 132.511962891, 132.511962891, 129.199279785, 132.511962891, 132.51210022, 132.511962891, 132.511962891, 132.511962891, 132.512237549, 132.511962891, 132.511962891, 132.511962891, 135.999130249, 135.999435425, 132.511962891, 129.199157715, 129.199157715, 129.199417114, 129.199157715, 132.511962891, 132.511962891, 129.199417114, 129.198883057, 132.512527466, 132.511962891, 129.199157715, 132.511962891, 132.511962891, 132.511962891, 132.511962891, 132.511962891, 129.199157715, 132.512527466, 132.511962891, 132.511962891, 129.199157715, 135.999130249, 132.511962891, 132.511962891, 132.511962891, 132.511962891, 129.199157715, 135.999725342, 135.999130249, 135.999130249, 132.511962891, 129.199157715, 129.198623657, 129.199676514, 132.511962891, 132.511962891, 132.511962891, 132.511962891, 132.511962891, 132.511962891, 132.511962891, 132.511962891, 132.511962891, 132.511962891, 132.511962891, 129.199676514, 132.511962891, 129.199676514, 135.998550415, 132.511962891, 132.511962891, 132.511962891, 129.198623657, 132.511962891, 129.199676514, 129.198623657, 129.198623657, 129.199676514, 135.999725342, 135.998550415, 132.511962891, 132.511962891, 135.999725342, 135.998550415, 135.999725342, 132.511962891, 132.511962891, 132.511962891, 129.199676514, 129.198623657, 132.511962891, 132.511962891, 132.511962891, 132.511962891, 132.511962891, 129.199676514, 129.198623657, 129.199676514, 129.199676514, 129.198623657, 129.199676514]
    bpm_intervals: [0.487619042397, 0.476009011269, 0.487619042397, 0.487619042397, 0.487619161606, 0.487618923187, 0.487619161606, 0.46439909935, 0.452788829803, 0.452789306641, 0.452788829803, 0.452789306641, 0.452789306641, 0.464398860931, 0.452789306641, 0.452788829803, 0.452789306641, 0.452789306641, 0.452789306641, 0.452788352966, 0.452789306641, 0.452789306641, 0.452789306641, 0.441179275513, 0.441178321838, 0.452789306641, 0.464399337769, 0.464399337769, 0.464398384094, 0.464399337769, 0.452789306641, 0.452789306641, 0.464398384094, 0.464400291443, 0.452787399292, 0.452789306641, 0.464399337769, 0.452789306641, 0.452789306641, 0.452789306641, 0.452789306641, 0.452789306641, 0.464399337769, 0.452787399292, 0.452789306641, 0.452789306641, 0.464399337769, 0.441179275513, 0.452789306641, 0.452789306641, 0.452789306641, 0.452789306641, 0.464399337769, 0.441177368164, 0.441179275513, 0.441179275513, 0.452789306641, 0.464399337769, 0.476009368896, 0.476009368896, 0.417959213257, 0.406349182129, 0.417959213257, 0.406349182129, 0.406349182129, 0.406349182129, 0.417959213257, 0.406349182129, 0.406349182129, 0.406349182129, 0.417957305908, 0.464401245117, 0.46439743042, 0.452789306641, 0.452789306641, 0.452789306641, 0.452789306641, 0.452789306641, 0.452789306641, 0.452789306641, 0.452789306641, 0.452789306641, 0.452789306641, 0.452789306641, 0.46439743042, 0.452789306641, 0.46439743042, 0.441181182861, 0.452789306641, 0.452789306641, 0.487617492676, 0.476009368896, 0.476009368896, 0.487617492676, 0.452789306641, 0.464401245117, 0.452789306641, 0.46439743042, 0.464401245117, 0.476009368896, 0.499225616455, 0.499229431152, 0.499229431152, 0.487621307373, 0.487617492676, 0.487617492676, 0.487621307373, 0.487617492676, 0.476009368896, 0.464401245117, 0.476009368896, 0.46439743042, 0.441177368164, 0.441181182861, 0.452789306641, 0.452789306641, 0.441177368164, 0.441181182861, 0.441177368164, 0.452789306641, 0.452789306641, 0.452789306641, 0.46439743042, 0.464401245117, 0.452789306641, 0.452789306641, 0.452789306641, 0.452789306641, 0.452789306641, 0.46439743042, 0.464401245117, 0.46439743042, 0.46439743042, 0.464401245117, 0.46439743042, 0.487621307373, 0.487617492676, 0.476009368896, 0.476009368896, 0.487617492676, 0.487617492676, 0.522453308105, 0.522445678711, 0.522453308105, 0.510833740234, 0.499229431152, 0.510841369629, 0.499229431152, 0.499229431152, 0.499229431152, 0.487617492676, 0.487617492676, 0.499229431152, 0.534057617188, 0.534065246582, 0.534057617188, 0.592109680176, 0.592102050781, 0.603721618652, 0.603721618652, 0.592109680176, 0.626937866211, 0.626937866211, 0.626937866211, 0.626937866211, 0.638549804688, 0.638549804688, 0.638549804688]
    onset_times: [0.150929704309, 0.243809521198, 0.325079351664, 0.49922901392, 0.592108845711, 0.917188227177, 0.975238084793, 1.13777780533, 1.54412698746, 3.88934230804, 4.28408145905, 4.34213161469, 5.24770975113, 5.53795909882, 5.71210861206, 6.17650794983, 7.05886602402, 7.52326536179, 7.98766422272, 8.88163280487, 9.31120204926, 9.78721046448, 10.2516098022, 10.7043991089, 11.0759181976, 11.5867576599, 12.4691152573, 12.933514595, 13.3979139328, 13.8971424103, 14.2454423904, 14.3383216858, 14.7446708679, 15.2439002991, 16.1610889435, 16.6487083435, 17.0782775879, 17.48462677, 17.9722442627, 18.4134235382, 19.3770523071, 19.7253513336, 20.247800827, 21.3623580933, 21.6177768707, 21.8035373688, 21.9660778046, 22.0705661774, 22.5349655151, 23.1735153198, 23.4289340973, 23.6146945953, 23.8585033417, 24.3461227417, 24.8105220795, 25.0195007324, 25.2284812927, 25.4258499146, 25.646440506, 27.0164165497, 27.7942848206, 27.9684352875, 28.3980045319, 28.6650333405, 28.8856239319, 29.2687530518, 29.7912025452, 30.7316093445, 31.0102500916, 31.6952381134, 31.9158267975, 32.0319290161, 32.4731063843, 32.5195465088, 32.6356468201, 32.9375038147, 33.4251251221, 33.6921539307, 34.2262115479, 35.0156898499, 35.2595024109, 35.8864402771, 36.1766891479, 36.3740577698, 36.5365982056, 37.6975975037, 37.94140625, 38.1619949341, 38.8818130493, 39.0907936096, 39.334602356, 39.5784111023, 39.7293434143, 39.7641716003, 39.7990036011, 39.9963722229, 40.2401809692, 40.3678894043, 40.6929702759, 41.3895683289, 41.5753288269, 41.6682090759, 41.8191375732, 42.5157356262, 43.4793663025, 44.257232666, 45.2324714661, 45.6504325867, 46.6024475098, 47.1016769409, 47.7634468079, 47.8679351807, 47.9724273682, 48.355556488, 48.5064849854, 48.5993652344, 48.7038536072, 48.8083457947, 48.9708862305, 49.3307952881, 49.4701118469, 49.6094322205, 49.7951927185, 50.0970535278, 50.2712020874, 50.4221305847, 50.5730628967, 50.7123794556, 50.8865318298, 51.0258522034, 51.2000007629, 52.0591392517, 54.3463020325, 55.2170524597, 56.1110191345, 56.5754203796, 57.4461669922, 57.9802284241, 58.3633575439, 59.8146018982, 60.0235824585, 61.614151001, 61.9624481201, 63.8664855957, 64.3076629639, 65.2480697632, 65.7008590698, 66.1768722534, 67.1172790527, 67.5816802979, 68.0576858521, 69.1025848389, 70.1126556396, 71.0762786865, 72.1560058594, 73.1544647217, 74.3502960205]
    perceptual_tempo: "unknown"

sfx:
    inharmonicity:
        dmean: 0.0709154233336
        dmean2: 0.126163527369
        dvar: 0.00604501273483
        dvar2: 0.0169853772968
        max: 0.487547785044
        mean: 0.0777521654963
        median: 0.0479870885611
        min: 0
        var: 0.00699306698516
    oddtoevenharmonicenergyratio:
        dmean: 1954.60424805
        dmean2: 3908.74462891
        dvar: 6440646144
        dvar2: 19323906048
        max: 3336467.25
        mean: 978.688171387
        median: 0.867958188057
        min: 0
        var: 3220271872
    pitch_after_max_to_before_max_energy_ratio: 30.9924621582
    pitch_centroid: 1511.77770996
    pitch_max_to_total: 0.000578703708015
    pitch_min_to_total: 0.0335648134351
    tristimulus:
        dmean: [0.159292712808, 0.220038607717, 0.107352145016]
        dmean2: [0.283613026142, 0.387594968081, 0.190470397472]
