
metadata:
    version:
        essentia: "2.1-beta2"
    audio_properties:
        analysis_sample_rate: 44100
        bitrate: 320
        channels: 2
        equal_loudness: 1
        length: 257.959197998
        replay_gain: -15.958688736
        downmix: "mix"
    tags:
        album: "Immortalized"
        artist: "Disturbed"
        comment: ""
        date: ""
        genre: "Alternative Metal"
        title: "Immortalized"
        tracknumber: "2"

configuration:
    average_loudness:
        compute: 1
        frameSize: 88200
        hopSize: 44100
        silentFrames: "noise"
        windowType: "hann"
    general:
        analysisSampleRate: 44100
        endTime: 2000
        equalLoudness: 1
        nequalLoudness: 0
        shortSound: 0
        startTime: 0
    lowlevel:
        compute: 1
        frameSize: 2048
        hopSize: 1024
        zeroPadding: 0
        silentFrames: "noise"
        windowType: "blackmanharris62"
        mfccStats: ["mean", "cov", "icov"]
        stats: ["mean", "var", "median", "min", "max", "dmean", "dmean2", "dvar", "dvar2"]
    panning:
        compute: 0
        frameSize: 8192
        hopSize: 2048
        zeroPadding: 8192
        silentFrames: "noise"
        windowType: "hann"
        stats: ["copy"]
    rhythm:
        compute: 1
        maxTempo: 208
        minTempo: 40
        method: "degara"
        stats: ["mean", "var", "median", "min", "max", "dmean", "dmean2", "dvar", "dvar2"]
    segmentation:
        compute: 0
        cpw: 5
        inc1: 300
        inc2: 50
        minimumSegmentsLength: 10
        size1: 1000
        size2: 600
    sfx:
        compute: 1
        stats: ["mean", "var", "median", "min", "max", "dmean", "dmean2", "dvar", "dvar2"]
    svm:
        compute: 0
    tonal:
        compute: 1
        frameSize: 4096
        hopSize: 2048
        zeroPadding: 0
        silentFrames: "noise"
        windowType: "blackmanharris62"
        stats: ["mean", "var", "median", "min", "max", "dmean", "dmean2", "dvar", "dvar2"]

lowlevel:
    average_loudness: 0.959378957748
    barkbands_kurtosis:
        dmean: 0.561557292938
        dmean2: 0.939704120159
        dvar: 0.652041971684
        dvar2: 1.64667356014
        max: 26.6104354858
        mean: -0.80893355608
        median: -1.00956428051
        min: -1.8345695734
        var: 0.846592843533
    barkbands_skewness:
        dmean: 0.405245780945
        dmean2: 0.638146936893
        dvar: 0.157759577036
        dvar2: 0.38399502635
        max: 4.85344552994
        mean: -0.109768249094
        median: -0.180622920394
        min: -2.31515789032
        var: 0.366772115231
    barkbands_spread:
        dmean: 6.18095541
        dmean2: 9.96288490295
        dvar: 27.908405304
        dvar2: 69.9477310181
        max: 73.2627258301
        mean: 34.1296157837
        median: 34.2416114807
        min: 5.75787353516
        var: 87.5962524414
    dissonance:
        dmean: 0.0116623044014
        dmean2: 0.0200534202158
        dvar: 0.000140290154377
        dvar2: 0.00039055099478
        max: 0.500000119209
        mean: 0.483345717192
        median: 0.486920922995
        min: 0.342729777098
        var: 0.00018723247922
    hfc:
        dmean: 2.49729466438
        dmean2: 3.98464751244
        dvar: 7.61639976501
        dvar2: 18.8797283173
        max: 32.8550376892
        mean: 9.1374130249
        median: 8.92287731171
        min: 1.14922690661e-016
        var: 20.3061218262
    pitch:
        dmean: 862.594421387
        dmean2: 1647.51623535
        dvar: 1611671.125
        dvar2: 3953728.75
        max: 4894.20996094
        mean: 1128.68615723
        median: 370.583557129
        min: 61.9348144531
        var: 1895852.25
    pitch_instantaneous_confidence:
        dmean: 0.0818258672953
        dmean2: 0.134533345699
        dvar: 0.00439723022282
        dvar2: 0.0114009995013
        max: 0.77014708519
        mean: 0.32793918252
        median: 0.311387121677
        min: 0.105977714062
        var: 0.0104810493067
    pitch_salience:
        dmean: 0.0698734149337
        dmean2: 0.11735252291
        dvar: 0.00434284983203
        dvar2: 0.0121509404853
        max: 0.976468861103
        mean: 0.659040570259
        median: 0.671459376812
        min: 0.177984774113
        var: 0.00678693735972
    silence_rate_20dB:
        dmean: 0
        dmean2: 0
        dvar: 0
        dvar2: 0
        max: 1
        mean: 1
        median: 1
        min: 1
        var: 0
    silence_rate_30dB:
        dmean: 0
        dmean2: 0
        dvar: 0
        dvar2: 0
        max: 1
        mean: 1
        median: 1
        min: 1
        var: 0
    silence_rate_60dB:
        dmean: 0.0955895558
        dmean2: 0.191196322441
        dvar: 0.0864565744996
        dvar2: 0.180902957916
        max: 1
        mean: 0.21780218184
        median: 0
        min: 0
        var: 0.170377805829
    spectral_centroid:
        dmean: 327.614074707
        dmean2: 523.045532227
        dvar: 94101.1328125
        dvar2: 231678.890625
        max: 10576.7939453
        mean: 1840.83520508
        median: 1858.25
        min: 264.138793945
        var: 234723.953125
    spectral_complexity:
        dmean: 4.71305131912
        dmean2: 7.54127264023
        dvar: 19.3322029114
        dvar2: 45.7700119019
        max: 43
        mean: 17.9545497894
        median: 18
        min: 0
        var: 64.8247451782
    spectral_crest:
        dmean: 2.0082886219
        dmean2: 3.34873795509
        dvar: 3.53621912003
        dvar2: 9.20674610138
        max: 20.6573219299
        mean: 6.05142068863
        median: 5.34494352341
        min: 2.30032515526
        var: 6.55777788162
    spectral_decrease:
        dmean: 3.24558269149e-010
        dmean2: 5.02184682727e-010
        dvar: 1.86126972784e-019
        dvar2: 4.3229826245e-019
        max: -1.20063014401e-028
        mean: -1.12794174001e-009
        median: -1.06734987515e-009
        min: -4.26598933956e-009
        var: 3.53360054702e-019
    spectral_energy:
        dmean: 0.00138983514626
        dmean2: 0.00214009010233
        dvar: 3.07726145365e-006
        dvar2: 7.02137231201e-006
        max: 0.0181489530951
        mean: 0.00508590461686
        median: 0.00489536859095
        min: 1.08769718829e-020
        var: 6.52244852972e-006
    spectral_energyband_high:
        dmean: 0.00022515465389
        dmean2: 0.0003700183006
        dvar: 8.33106312825e-008
        dvar2: 2.08294835602e-007
        max: 0.00408018147573
        mean: 0.000558072701097
        median: 0.000432965345681
        min: 7.57678700288e-021
        var: 1.93821804828e-007
    spectral_energyband_low:
        dmean: 0.000312059331918
        dmean2: 0.000541355926543
        dvar: 1.93494813061e-007
        dvar2: 5.34715638878e-007
        max: 0.00425856932998
        mean: 0.000473994849017
        median: 0.000354964460712
        min: 1.85064092549e-022
        var: 1.91098536106e-007
    spectral_energyband_middle_high:
        dmean: 0.000746911973692
        dmean2: 0.00117436586879
        dvar: 5.51701759832e-007
        dvar2: 1.31314300233e-006
        max: 0.00988099351525
        mean: 0.00270170997828
        median: 0.00256698811427
        min: 1.73544007127e-021
        var: 2.21140862777e-006
    spectral_energyband_middle_low:
        dmean: 0.000863923633005
        dmean2: 0.00138607854024
        dvar: 2.46364720624e-006
        dvar2: 6.11064433542e-006
        max: 0.0146099328995
        mean: 0.0015204527881
        median: 0.00102430430707
        min: 5.03861489818e-022
        var: 2.83450231109e-006
    spectral_flatness_db:
        dmean: 0.0134695498273
        dmean2: 0.021831523627
        dvar: 0.000166737081599
        dvar2: 0.000440122152213
        max: 0.272515028715
        mean: 0.122257061303
        median: 0.120061121881
        min: 0.0243618823588
        var: 0.000458102091216
    spectral_flux:
        dmean: 0.00872371625155
        dmean2: 0.0130698941648
        dvar: 8.82201420609e-005
        dvar2: 0.000195099928533
        max: 0.109342955053
        mean: 0.0450740084052
        median: 0.044402461499
        min: 1.04292720293e-010
        var: 0.000220003465074
    spectral_kurtosis:
        dmean: 0.676157653332
        dmean2: 1.12053954601
        dvar: 0.369549810886
        dvar2: 1.00380599499
        max: 10.8275032043
        mean: 2.90406370163
        median: 2.81442070007
        min: -1.14239430428
        var: 1.09115707874
    spectral_rms:
        dmean: 0.000289746181807
        dmean2: 0.000435978930909
        dvar: 1.03103289462e-007
        dvar2: 2.16873644376e-007
        max: 0.00420788489282
        mean: 0.00214932532981
        median: 0.00218539917842
        min: 3.25755720142e-012
        var: 3.42228986483e-007
    spectral_rolloff:
        dmean: 423.961791992
        dmean2: 703.720275879
        dvar: 271923.25
        dvar2: 664198.6875
        max: 18776.953125
        mean: 3581.91015625
        median: 3682.17773438
        min: 193.798828125
        var: 489080.625
    spectral_skewness:
        dmean: 0.130995303392
        dmean2: 0.209445208311
        dvar: 0.0129856690764
        dvar2: 0.0321304537356
        max: 2.52203083038
        mean: 1.29329442978
        median: 1.2937605381
        min: 0.0516118556261
        var: 0.0551432520151
    spectral_spread:
        dmean: 444731.125
        dmean2: 641019.125
        dvar: 392010465280
        dvar2: 612348461056
        max: 38616052
        mean: 5131463.5
        median: 4970269
        min: 2034086.875
        var: 1.34308783718e+012
    spectral_strongpeak:
        dmean: 0.458986938
        dmean2: 0.787172079086
        dvar: 0.332080990076
        dvar2: 0.871914386749
        max: 6.85874652863
        mean: 0.648209750652
        median: 0.373233407736
        min: 0
        var: 0.494426965714
    zerocrossingrate:
        dmean: 0.0094363540411
        dmean2: 0.0116632804275
        dvar: 7.81294656917e-005
        dvar2: 0.000108588596049
        max: 0.478515625
        mean: 0.104473337531
        median: 0.10498046875
        min: 0.0263671875
        var: 0.00039710351848
    barkbands:
        dmean: [2.67460706027e-007, 7.41552285035e-005, 0.000212000144529, 0.000318120699376, 0.000377813586965, 0.000115425878903, 9.54413626459e-005, 9.05416673049e-005, 0.000170177940163, 0.000136840113555, 0.000134775356855, 0.000203176474315, 0.000144571866258, 0.000112781795906, 8.26582763693e-005, 9.70842520474e-005, 0.000149763887748, 0.000128802435938, 0.000188727732166, 0.000169567807461, 0.000138088318636, 4.27070335718e-005, 5.80150026508e-006, 3.56515215572e-006, 1.49754794165e-006, 1.01812084097e-007, 3.74474451448e-010]
        dmean2: [3.46453560951e-007, 0.000127066188725, 0.00036654912401, 0.000530686869752, 0.000624886830337, 0.000190883598407, 0.000159198563779, 0.000149059080286, 0.000274869613349, 0.000218750123167, 0.000220671325224, 0.000327738031046, 0.000232190286624, 0.000181251642061, 0.000133967856527, 0.000157980059157, 0.00024425011361, 0.000220140980673, 0.000313861266477, 0.000276884587947, 0.000229114753893, 7.28311570128e-005, 9.83473273664e-006, 5.6627873164e-006, 2.39310543293e-006, 1.51632363554e-007, 6.30891505704e-010]
        dvar: [1.39740514082e-013, 9.13674647052e-009, 1.22890838838e-007, 4.36510106283e-007, 7.5180685144e-007, 4.5316316033e-008, 3.89604863926e-008, 5.2252776328e-008, 9.56750341174e-008, 7.65598926478e-008, 6.933974106e-008, 1.67214551539e-007, 6.60213075321e-008, 4.51110260258e-008, 2.06874641862e-008, 2.51459741918e-008, 4.0500207632e-008, 2.16100151107e-008, 3.85695173577e-008, 3.74393636093e-008, 3.38891688045e-008, 4.54041559905e-009, 7.15166745269e-011, 4.03601388421e-011, 6.41377749522e-012, 6.18156852203e-014, 2.96886909169e-019]
        dvar2: [2.52066325711e-013, 2.60365560223e-008, 3.42352706184e-007, 1.10554162802e-006, 1.9715344024e-006, 1.15671539902e-007, 9.88242234712e-008, 1.27748819523e-007, 2.17948013415e-007, 1.75586961859e-007, 1.82782301295e-007, 4.30390002748e-007, 1.59689179213e-007, 1.09788757641e-007, 5.10340463222e-008, 5.97499933974e-008, 9.58699644116e-008, 5.84880375243e-008, 1.05022238017e-007, 9.37985049632e-008, 8.4550769941e-008, 1.21172050171e-008, 1.81458195692e-010, 8.6494172935e-011, 1.48411699596e-011, 1.30144118681e-013, 7.00450028663e-019]
        max: [7.11541406417e-006, 0.00106702861376, 0.00354568380862, 0.00579932704568, 0.00813941005617, 0.00402989657596, 0.0051560155116, 0.00565992342308, 0.00655341567472, 0.00676989089698, 0.00640256935731, 0.00844492111355, 0.00423732865602, 0.00341747724451, 0.00347686186433, 0.00417455239221, 0.00417550327256, 0.00187708740123, 0.00251961359754, 0.00274039641954, 0.00327113782987, 0.0011576161487, 0.000170212690136, 0.000157486239914, 4.20448486693e-005, 6.77711386743e-006, 7.43852934804e-009]
        mean: [4.25561495376e-007, 0.000107223029772, 0.000252552708844, 0.000344126921846, 0.000424675177783, 0.000161056494107, 0.000121090524772, 0.000114588539873, 0.000263275840553, 0.000211209335248, 0.000217031789361, 0.000347305263858, 0.000241447807639, 0.000183774725883, 0.00014695939899, 0.000186296412721, 0.000301708263578, 0.000246397743467, 0.000432732282206, 0.000388449931052, 0.0002944432199, 7.731540245e-005, 1.14664981083e-005, 7.17705552233e-006, 2.97775795843e-006, 1.93724048358e-007, 6.04877481436e-010]
        median: [1.34523617135e-007, 8.08466429589e-005, 0.000158286595251, 0.000134518151754, 0.000186658784514, 8.72904784046e-005, 5.6595683418e-005, 4.39960931544e-005, 0.000133357447339, 0.000108063475636, 9.3352762633e-005, 0.000111927060061, 0.000102163750853, 8.5297433543e-005, 8.3433209511e-005, 0.000122891360661, 0.000231502199313, 0.000202740251552, 0.000395908660721, 0.000331697170623, 0.000203641058761, 5.68039140489e-005, 8.78398532222e-006, 5.04619629282e-006, 2.11711108022e-006, 1.01518807583e-007, 3.24291316023e-010]
        min: [5.10775879318e-024, 7.33807817259e-023, 4.80014098436e-023, 9.82980262681e-023, 1.04746074333e-022, 2.23745470518e-023, 1.38529765196e-023, 1.45033137654e-022, 4.24218092827e-023, 1.65684367571e-022, 1.34911370664e-022, 1.20198837103e-022, 8.49841998896e-023, 1.34171393891e-022, 2.04991425834e-022, 1.19649095715e-022, 1.27039914603e-022, 1.72703235387e-022, 2.03292598097e-022, 4.96139589163e-022, 3.02746261415e-022, 5.66592112898e-022, 7.54158648943e-022, 8.45545142965e-022, 1.23928609328e-021, 1.74193755882e-021, 2.21337598191e-021]
        var: [3.7392867123e-013, 1.06580957393e-008, 1.07550299333e-007, 4.39894336068e-007, 6.50102720101e-007, 6.10955765978e-008, 4.96188796717e-008, 6.27289793442e-008, 1.79475591722e-007, 1.3911342478e-007, 1.45224447579e-007, 4.07381094192e-007, 1.42102464906e-007, 7.98153010351e-008, 4.53290205371e-008, 5.92976086011e-008, 8.44868353056e-008, 3.29686997702e-008, 7.19573094443e-008, 7.73071278104e-008, 7.95316665858e-008, 6.21395512823e-009, 1.17758316986e-010, 7.7862029324e-011, 1.10733019976e-011, 1.08415331563e-013, 6.29755451201e-019]
    frequency_bands:
        dmean: [2.67460706027e-007, 7.41552285035e-005, 0.000212000144529, 0.000318120699376, 0.000377813586965, 0.000115425878903, 9.54413626459e-005, 9.05416673049e-005, 0.000170177940163, 0.000136840113555, 0.000134775356855, 0.000203176474315, 0.000144571866258, 0.000112781795906, 8.26582763693e-005, 9.70842520474e-005, 0.000149763887748, 0.000128802435938, 0.000188727732166, 0.000169567807461, 0.000138088318636, 4.27070335718e-005, 5.80150026508e-006, 3.56515215572e-006, 1.49754794165e-006, 1.01812084097e-007, 3.74474451448e-010, 5.94179011548e-011]
        dmean2: [3.46453560951e-007, 0.000127066188725, 0.00036654912401, 0.000530686869752, 0.000624886830337, 0.000190883598407, 0.000159198563779, 0.000149059080286, 0.000274869613349, 0.000218750123167, 0.000220671325224, 0.000327738031046, 0.000232190286624, 0.000181251642061, 0.000133967856527, 0.000157980059157, 0.00024425011361, 0.000220140980673, 0.000313861266477, 0.000276884587947, 0.000229114753893, 7.28311570128e-005, 9.83473273664e-006, 5.6627873164e-006, 2.39310543293e-006, 1.51632363554e-007, 6.30891505704e-010, 1.10250350516e-010]
        dvar: [1.39740514082e-013, 9.13674647052e-009, 1.22890838838e-007, 4.36510106283e-007, 7.5180685144e-007, 4.5316316033e-008, 3.89604863926e-008, 5.2252776328e-008, 9.56750341174e-008, 7.65598926478e-008, 6.933974106e-008, 1.67214551539e-007, 6.60213075321e-008, 4.51110260258e-008, 2.06874641862e-008, 2.51459741918e-008, 4.0500207632e-008, 2.16100151107e-008, 3.85695173577e-008, 3.74393636093e-008, 3.38891688045e-008, 4.54041559905e-009, 7.15166745269e-011, 4.03601388421e-011, 6.41377749522e-012, 6.18156852203e-014, 2.96886909169e-019, 6.3758403069e-021]
        dvar2: [2.52066325711e-013, 2.60365560223e-008, 3.42352706184e-007, 1.10554162802e-006, 1.9715344024e-006, 1.15671539902e-007, 9.88242234712e-008, 1.27748819523e-007, 2.17948013415e-007, 1.75586961859e-007, 1.82782301295e-007, 4.30390002748e-007, 1.59689179213e-007, 1.09788757641e-007, 5.10340463222e-008, 5.97499933974e-008, 9.58699644116e-008, 5.84880375243e-008, 1.05022238017e-007, 9.37985049632e-008, 8.4550769941e-008, 1.21172050171e-008, 1.81458195692e-010, 8.6494172935e-011, 1.48411699596e-011, 1.30144118681e-013, 7.00450028663e-019, 2.00584916975e-020]
        max: [7.11541406417e-006, 0.00106702861376, 0.00354568380862, 0.00579932704568, 0.00813941005617, 0.00402989657596, 0.0051560155116, 0.00565992342308, 0.00655341567472, 0.00676989089698, 0.00640256935731, 0.00844492111355, 0.00423732865602, 0.00341747724451, 0.00347686186433, 0.00417455239221, 0.00417550327256, 0.00187708740123, 0.00251961359754, 0.00274039641954, 0.00327113782987, 0.0011576161487, 0.000170212690136, 0.000157486239914, 4.20448486693e-005, 6.77711386743e-006, 7.43852934804e-009, 1.15742027074e-009]
        mean: [4.25561495376e-007, 0.000107223029772, 0.000252552708844, 0.000344126921846, 0.000424675177783, 0.000161056494107, 0.000121090524772, 0.000114588539873, 0.000263275840553, 0.000211209335248, 0.000217031789361, 0.000347305263858, 0.000241447807639, 0.000183774725883, 0.00014695939899, 0.000186296412721, 0.000301708263578, 0.000246397743467, 0.000432732282206, 0.000388449931052, 0.0002944432199, 7.731540245e-005, 1.14664981083e-005, 7.17705552233e-006, 2.97775795843e-006, 1.93724048358e-007, 6.04877481436e-010, 4.62480019559e-011]
        median: [1.34523617135e-007, 8.08466429589e-005, 0.000158286595251, 0.000134518151754, 0.000186658784514, 8.72904784046e-005, 5.6595683418e-005, 4.39960931544e-005, 0.000133357447339, 0.000108063475636, 9.3352762633e-005, 0.000111927060061, 0.000102163750853, 8.5297433543e-005, 8.3433209511e-005, 0.000122891360661, 0.000231502199313, 0.000202740251552, 0.000395908660721, 0.000331697170623, 0.000203641058761, 5.68039140489e-005, 8.78398532222e-006, 5.04619629282e-006, 2.11711108022e-006, 1.01518807583e-007, 3.24291316023e-010, 1.87913781757e-011]
        min: [5.10775879318e-024, 7.33807817259e-023, 4.80014098436e-023, 9.82980262681e-023, 1.04746074333e-022, 2.23745470518e-023, 1.38529765196e-023, 1.45033137654e-022, 4.24218092827e-023, 1.65684367571e-022, 1.34911370664e-022, 1.20198837103e-022, 8.49841998896e-023, 1.34171393891e-022, 2.04991425834e-022, 1.19649095715e-022, 1.27039914603e-022, 1.72703235387e-022, 2.03292598097e-022, 4.96139589163e-022, 3.02746261415e-022, 5.66592112898e-022, 7.54158648943e-022, 8.45545142965e-022, 1.23928609328e-021, 1.74193755882e-021, 2.21337598191e-021, 6.96344560434e-022]
        var: [3.7392867123e-013, 1.06580957393e-008, 1.07550299333e-007, 4.39894336068e-007, 6.50102720101e-007, 6.10955765978e-008, 4.96188796717e-008, 6.27289793442e-008, 1.79475591722e-007, 1.3911342478e-007, 1.45224447579e-007, 4.07381094192e-007, 1.42102464906e-007, 7.98153010351e-008, 4.53290205371e-008, 5.92976086011e-008, 8.44868353056e-008, 3.29686997702e-008, 7.19573094443e-008, 7.73071278104e-008, 7.95316665858e-008, 6.21395512823e-009, 1.17758316986e-010, 7.7862029324e-011, 1.10733019976e-011, 1.08415331563e-013, 6.29755451201e-019, 5.30929147731e-021]
    mfcc:
        mean: [-682.927246094, 93.0101394653, -47.995464325, 45.8586959839, -16.4379367828, 4.53515291214, 10.1458816528, -0.458286106586, 1.9684561491, -5.54485702515, -5.00551319122, -2.59414410591, -5.91673135757]
        cov: [[3240.06005859, 327.197601318, -239.669784546, 52.9364547729, -172.28314209, 75.3392868042, 71.3313827515, -7.03705072403, 5.94766616821, 11.6489725113, -19.273059845, 33.0282745361, -58.8410224915], [327.197601318, 361.445220947, -84.4746932983, 87.7888717651, -19.5304870605, 11.8866281509, 27.6005096436, 8.55535888672, -5.01786184311, -6.72332429886, -1.58292973042, -5.38843584061, 7.18307256699], [-239.669784546, -84.4746932983, 282.307342529, 10.4760093689, 85.7539520264, -17.3564720154, -41.4286384583, -9.84356975555, -16.7284049988, -4.14457988739, -17.437664032, -11.2679481506, -10.986123085], [52.9364547729, 87.7888717651, 10.4760093689, 217.302932739, 37.4060211182, 15.1652870178, -39.3453712463, -18.2332057953, 24.2635097504, -25.4988441467, 1.26172161102, -36.9905052185, 6.96782541275], [-172.28314209, -19.5304870605, 85.7539520264, 37.4060211182, 132.431564331, 6.02651691437, -33.2676429749, -17.1357593536, 3.54336500168, 4.96661233902, -6.48761177063, -8.02377891541, 4.03896903992], [75.3392868042, 11.8866281509, -17.3564720154, 15.1652870178, 6.02651691437, 103.229667664, 60.1032028198, 7.37765264511, -6.78519439697, 5.32464504242, 4.63097190857, 9.6625213623, -6.48712158203], [71.3313827515, 27.6005096436, -41.4286384583, -39.3453712463, -33.2676429749, 60.1032028198, 162.481658936, 75.5544204712, 0.0689195469022, -1.19355261326, 16.0149421692, 22.1250095367, 9.67002105713], [-7.03705072403, 8.55535888672, -9.84356975555, -18.2332057953, -17.1357593536, 7.37765264511, 75.5544204712, 118.817779541, 17.2166442871, -4.02313280106, 8.58190822601, 2.77771854401, 21.2145385742], [5.94766616821, -5.01786184311, -16.7284049988, 24.2635097504, 3.54336500168, -6.78519439697, 0.0689195469022, 17.2166442871, 89.6076202393, 37.165397644, 17.2913036346, 2.61271119118, -0.0161707978696], [11.6489725113, -6.72332429886, -4.14457988739, -25.4988441467, 4.96661233902, 5.32464504242, -1.19355261326, -4.02313280106, 37.165397644, 91.2485580444, 20.4433441162, 21.1854820251, -5.83942699432], [-19.273059845, -1.58292973042, -17.437664032, 1.26172161102, -6.48761177063, 4.63097190857, 16.0149421692, 8.58190822601, 17.2913036346, 20.4433441162, 61.6658363342, 17.7318325043, 5.68977975845], [33.0282745361, -5.38843584061, -11.2679481506, -36.9905052185, -8.02377891541, 9.6625213623, 22.1250095367, 2.77771854401, 2.61271119118, 21.1854820251, 17.7318325043, 80.409362793, 22.6799564362], [-58.8410224915, 7.18307256699, -10.986123085, 6.96782541275, 4.03896903992, -6.48712158203, 9.67002105713, 21.2145385742, -0.0161707978696, -5.83942699432, 5.68977975845, 22.6799564362, 66.5014038086]]
        icov: [[0.000387895299355, -0.000281040207483, 0.000135882015456, -0.000107095358544, 0.000408682477428, -0.000214343512198, 3.94806847908e-005, -9.31834506446e-007, -4.62904135929e-005, -4.43374919996e-005, 0.00028453435516, -0.000326068082359, 0.000439019378973], [-0.000281040207483, 0.00381775107235, 0.0010371186072, -0.00208936934359, -0.00023897291976, 0.00109922734555, -0.00119192502461, -0.000141846525366, 0.00140485959128, -0.000942306825891, 0.00053907954134, -0.000185045835678, 4.11034625358e-006], [0.000135882015456, 0.0010371186072, 0.00515835359693, -0.000705031852704, -0.00299646006897, 0.00110664020758, 0.000241787769482, -0.000993760069832, 0.00162539049052, -0.000470024271635, 0.000956682953984, -0.000644053332508, 0.00160296726972], [-0.000107095358544, -0.00208936934359, -0.000705031852704, 0.0079994359985, -0.00116466195323, -0.00334167224355, 0.00268025323749, 0.000829071272165, -0.00396103039384, 0.00351639417931, -0.00191768351942, 0.00330295460299, -0.0023877392523], [0.000408682477428, -0.00023897291976, -0.00299646006897, -0.00116466195323, 0.011088989675, -0.00243548350409, 0.00167572463397, 0.000603588356171, -0.000768261612393, -0.000975718488917, 0.000713234243449, 0.000353869254468, -0.00160043104552], [-0.000214343512198, 0.00109922734555, 0.00110664020758, -0.00334167224355, -0.00243548350409, 0.0156112331897, -0.00797780323774, 0.00224532117136, 0.00291500706226, -0.00240161502734, 0.000875207420904, -0.00161120400298, 0.00260355579667], [3.94806847908e-005, -0.00119192502461, 0.000241787769482, 0.00268025323749, 0.00167572463397, -0.00797780323774, 0.0142567874864, -0.00756248086691, -0.000303570501273, 0.0018160516629, -0.00199814559892, -0.00145144050475, 0.000207557619433], [-9.31834506446e-007, -0.000141846525366, -0.000993760069832, 0.000829071272165, 0.000603588356171, 0.00224532117136, -0.00756248086691, 0.0145200453699, -0.00356971588917, 0.00114749639761, -0.000215092426515, 0.00270192883909, -0.004389712587], [-4.62904135929e-005, 0.00140485959128, 0.00162539049052, -0.00396103039384, -0.000768261612393, 0.00291500706226, -0.000303570501273, -0.00356971588917, 0.0170081648976, -0.00762913608924, -0.00144075520802, -0.000374721799744, 0.00159006309696], [-4.43374919996e-005, -0.000942306825891, -0.000470024271635, 0.00351639417931, -0.000975718488917, -0.00240161502734, 0.0018160516629, 0.00114749639761, -0.00762913608924, 0.0167412329465, -0.00358752370812, -0.002631631447, 0.00148394226562], [0.00028453435516, 0.00053907954134, 0.000956682953984, -0.00191768351942, 0.000713234243449, 0.000875207420904, -0.00199814559892, -0.000215092426515, -0.00144075520802, -0.00358752370812, 0.0198385976255, -0.00375049631111, 0.000220083573367], [-0.000326068082359, -0.000185045835678, -0.000644053332508, 0.00330295460299, 0.000353869254468, -0.00161120400298, -0.00145144050475, 0.00270192883909, -0.000374721799744, -0.002631631447, -0.00375049631111, 0.0182192530483, -0.00767440581694], [0.000439019378973, 4.11034625358e-006, 0.00160296726972, -0.0023877392523, -0.00160043104552, 0.00260355579667, 0.000207557619433, -0.004389712587, 0.00159006309696, 0.00148394226562, 0.000220083573367, -0.00767440581694, 0.0203908011317]]
    sccoeffs:
        dmean: [0.0619804114103, 0.0485820509493, 0.0408795289695, 0.031341932714, 0.0194392558187, 0.0188997127116]
        dmean2: [0.101999595761, 0.0802967250347, 0.0671316161752, 0.0513759329915, 0.0322270877659, 0.0294681042433]
        dvar: [0.00266201235354, 0.00146919954568, 0.00101644254755, 0.000603725027759, 0.000229372773902, 0.000264182861429]
        dvar2: [0.00683976477012, 0.00394446449354, 0.0027019821573, 0.00155197945423, 0.000619996280875, 0.000607611436862]
        max: [-0.256600052118, -0.472954571247, -0.573715686798, -0.588643312454, -0.652292013168, -0.605573177338]
        mean: [-0.661598563194, -0.779307961464, -0.780701935291, -0.787201821804, -0.804556250572, -0.741038680077]
        median: [-0.670541465282, -0.786987543106, -0.785590410233, -0.791522502899, -0.805606245995, -0.741941988468]
        min: [-0.985201895237, -0.994929909706, -0.995319902897, -0.992340266705, -0.957598030567, -0.987128019333]
        var: [0.00620101206005, 0.00365474959835, 0.00308764539659, 0.00227552140132, 0.000629123242106, 0.00146139226854]
    scvalleys:
        dmean: [0.383130222559, 0.380090266466, 0.318065404892, 0.251259744167, 0.226348355412, 0.259857654572]
        dmean2: [0.640888750553, 0.62016415596, 0.50133138895, 0.392997562885, 0.353102296591, 0.39456602931]
        dvar: [0.103512756526, 0.111836075783, 0.0799910798669, 0.0582175180316, 0.0615061558783, 0.104163013399]
        dvar2: [0.254886776209, 0.262001752853, 0.160026878119, 0.107070423663, 0.115655057132, 0.215591624379]
        max: [-5.41260194778, -4.91210842133, -4.99119520187, -5.49723052979, -5.75685882568, -7.63013696671]
        mean: [-6.7862238884, -6.61621952057, -6.54619169235, -6.87977075577, -6.71119832993, -9.26523017883]
        median: [-6.62738466263, -6.52877950668, -6.42753696442, -6.77982378006, -6.59567737579, -9.11864185333]
        min: [-27.7075519562, -27.7920093536, -27.1415557861, -27.5971488953, -27.3944015503, -27.0838336945]
        var: [1.03618478775, 0.844076633453, 0.824623286724, 0.655109703541, 0.652764081955, 0.868243336678]

rhythm:
    beats_loudness:
        dmean: 0.00348140182905
        dmean2: 0.00654115341604
        dvar: 5.85840689382e-006
        dvar2: 1.68845745065e-005
        max: 0.0141233569011
        mean: 0.00680256774649
        median: 0.00653591006994
        min: 2.09880751667e-010
        var: 8.50180640555e-006
    bpm: 132.00239563
    bpm_confidence: 0
    first_peak_bpm: 133
    first_peak_spread: 0.24866785109
    first_peak_weight: 0.748672544956
    onset_rate: 3.70601272583
    second_peak_bpm: 120
    second_peak_spread: 0
    second_peak_weight: 0.00176991149783
    beats_loudness_band_ratio:
        dmean: [0.262227892876, 0.0904193744063, 0.0822544172406, 0.136944457889, 0.108340755105, 0.117314793169]
        dmean2: [0.492152750492, 0.164754241705, 0.145272120833, 0.252058416605, 0.19496242702, 0.211749896407]
        dvar: [0.0330792702734, 0.00541752716526, 0.00813518743962, 0.016536064446, 0.00790909398347, 0.00692474422976]
        dvar2: [0.0957487374544, 0.0156952515244, 0.022924574092, 0.0478250272572, 0.0245793871582, 0.0206316970289]
        max: [0.772724092007, 0.481441050768, 0.601219058037, 0.683762013912, 0.667135715485, 0.617962121964]
        mean: [0.283280402422, 0.09852091223, 0.108888819814, 0.174083545804, 0.18475240469, 0.211958348751]
        median: [0.232813477516, 0.0784910321236, 0.0793090239167, 0.126079976559, 0.159830033779, 0.199298426509]
        min: [0.000793832179625, 0.00117242441047, 0.0151555072516, 0.01526154764, 0.0406106710434, 0.0499796718359]
        var: [0.0432594269514, 0.00586071331054, 0.00797762349248, 0.0174583271146, 0.0105819040909, 0.00934446882457]
    beats_position: [0.487619042397, 0.986848056316, 1.46285712719, 1.92725622654, 2.38004541397, 2.83283448219, 3.28562355042, 3.73841261864, 4.19120168686, 4.6439909935, 5.10838985443, 5.56117916107, 6.025578022, 6.47836732864, 6.93115615845, 7.38394546509, 7.84834432602, 8.3011341095, 8.75392246246, 9.19510173798, 9.64789104462, 10.1006803513, 10.5650787354, 11.017868042, 11.4706573486, 11.9234466553, 12.3762359619, 12.8290243149, 13.2934236526, 13.7462129593, 14.1990022659, 14.6517915726, 15.1045799255, 15.5573692322, 16.0217685699, 16.4745578766, 16.9273471832, 17.391746521, 17.8445339203, 18.2973232269, 18.7501125336, 19.2029018402, 19.6556911469, 20.1084804535, 20.5612697601, 21.0140590668, 21.4668483734, 21.9196376801, 22.3724250793, 22.825214386, 23.2896137238, 23.7424030304, 24.195192337, 24.6595916748, 25.1123809814, 25.5651702881, 26.0179595947, 26.470746994, 26.9235363007, 27.3763256073, 27.8291149139, 28.2819042206, 28.7346935272, 29.1874828339, 29.6402721405, 30.0930614471, 30.5574588776, 31.0218582153, 31.474647522, 31.9274368286, 32.3802261353, 32.8330154419, 33.2858047485, 33.7385940552, 34.1913833618, 34.6441726685, 35.1085700989, 35.5613594055, 36.0141487122, 36.4785499573, 36.9313354492, 37.3841247559, 37.848526001, 38.3013153076, 38.7541046143, 39.1952819824, 39.6596832275, 40.1008605957, 40.5536499023, 41.006439209, 41.4592285156, 41.9120178223, 42.3764152527, 42.8408164978, 43.281993866, 43.7347831726, 44.1875724792, 44.6519737244, 45.1047592163, 45.5575485229, 46.0103378296, 46.4631271362, 46.9275283813, 47.3919258118, 47.8447151184, 48.297504425, 48.7502937317, 49.2030830383, 49.6442604065, 50.1086616516, 50.5614509583, 51.0142402649, 51.4670295715, 51.9198188782, 52.3726081848, 52.8253974915, 53.2897949219, 53.7425842285, 54.1953735352, 54.6597709656, 55.1125602722, 55.5653495789, 56.0181388855, 56.4709281921, 56.9237174988, 57.3765068054, 57.8292961121, 58.2820854187, 58.7348747253, 59.1992721558, 59.6520614624, 60.1164627075, 60.5576400757, 61.0104293823, 61.463218689, 61.9276161194, 62.380405426, 62.8331947327, 63.2859840393, 63.7387733459, 64.2031707764, 64.6443557739, 65.1087493896, 65.5615386963, 66.0143280029, 66.4671173096, 66.9199066162, 67.3843078613, 67.8254852295, 68.2782745361, 68.7310638428, 69.1954650879, 69.6482543945, 70.1010437012, 70.5538330078, 71.0066223145, 71.4594116211, 71.9122009277, 72.3765945435, 72.8293838501, 73.2821731567, 73.7349624634, 74.18775177, 74.6521530151, 75.1049423218, 75.5577316284, 76.0105209351, 76.4633102417, 76.9160995483, 77.368888855, 77.8216781616, 78.2744674683, 78.738861084, 79.1916503906, 79.6444396973, 80.0972290039, 80.5500183105, 81.0028076172, 81.4555969238, 81.9199981689, 82.3843994141, 82.8371887207, 83.2899780273, 83.742767334, 84.1955566406, 84.6483459473, 85.1011352539, 85.5655288696, 86.0183181763, 86.4711074829, 86.9238967896, 87.3766860962, 87.8294754028, 88.2822647095, 88.7350540161, 89.1878433228, 89.6522445679, 90.1050338745, 90.5694351196, 91.0222167969, 91.4750061035, 91.9277954102, 92.3805847168, 92.8333740234, 93.2861633301, 93.7389526367, 94.1917419434, 94.64453125, 95.1089324951, 95.5617218018, 96.0261230469, 96.4789123535, 96.9317016602, 97.3844909668, 97.8372802734, 98.2900695801, 98.7428588867, 99.1956481934, 99.6484298706, 100.101219177, 100.554008484, 101.006797791, 101.459587097, 101.912376404, 102.376777649, 102.841178894, 103.293968201, 103.746757507, 104.199546814, 104.652336121, 105.105125427, 105.557914734, 106.02230835, 106.475097656, 106.927886963, 107.392288208, 107.845077515, 108.297866821, 108.750656128, 109.203445435, 109.656234741, 110.109024048, 110.561813354, 111.014602661, 111.467391968, 111.920181274, 112.372970581, 112.825759888, 113.290153503, 113.74294281, 114.195732117, 114.660133362, 115.124534607, 115.565711975, 116.006889343, 116.471290588, 116.924079895, 117.376869202, 117.841270447, 118.294059753, 118.758453369, 119.211242676, 119.664031982, 120.116821289, 120.569610596, 121.022399902, 121.475189209, 121.927978516, 122.380767822, 122.833557129, 123.286346436, 123.739135742, 124.191925049, 124.644714355, 125.109115601, 125.573509216, 126.026298523, 126.47908783, 126.920272827, 127.373062134, 127.83745575, 128.290252686, 128.743041992, 129.195831299, 129.648620605, 130.101409912, 130.554199219, 131.006988525, 131.471374512, 131.924163818, 132.376953125, 132.829742432, 133.282531738, 133.746932983, 134.188110352, 134.652511597, 135.105300903, 135.55809021, 136.010879517, 136.463668823, 136.91645813, 137.369247437, 137.833648682, 138.286437988, 138.739227295, 139.192016602, 139.644805908, 140.097595215, 140.550384521, 141.014785767, 141.467575073, 141.92036438, 142.373153687, 142.825942993, 143.290344238, 143.743133545, 144.195922852, 144.660308838, 145.101501465, 145.554275513, 146.007064819, 146.471466064, 146.93586731, 147.388656616, 147.841445923, 148.294235229, 148.747024536, 149.199813843, 149.652603149, 150.105392456, 150.558181763, 151.010971069, 151.463760376, 151.928161621, 152.380950928, 152.833740234, 153.274917603, 153.739318848, 154.203720093, 154.656509399, 155.109298706, 155.562088013, 156.014877319, 156.467666626, 156.920455933, 157.373245239, 157.826034546, 158.278823853, 158.731613159, 159.195999146, 159.660400391, 160.101577759, 160.554367065, 161.007156372, 161.471557617, 161.924346924, 162.37713623, 162.829925537, 163.282714844, 163.73550415, 164.188293457, 164.641082764, 165.09387207, 165.558273315, 166.011062622, 166.463851929, 166.928253174, 167.38104248, 167.833831787, 168.286621094, 168.7394104, 169.192199707, 169.644989014, 170.09777832, 170.550567627, 171.014968872, 171.467758179, 171.932144165, 172.384933472, 172.837722778, 173.302124023, 173.75491333, 174.196090698, 174.648880005, 175.101669312, 175.566070557, 176.018859863, 176.47164917, 176.924438477, 177.377227783, 177.83001709, 178.282806396, 178.735595703, 179.18838501, 179.652786255, 180.105575562, 180.569976807, 181.022766113, 181.47555542, 181.928344727, 182.381134033, 182.83392334, 183.298324585, 183.751113892, 184.203903198, 184.645080566, 185.109481812, 185.562271118, 186.015060425, 186.467849731, 186.932235718, 187.385025024, 187.826202393, 188.278991699, 188.731781006, 189.196182251, 189.660583496, 190.101760864, 190.566162109, 191.018951416, 191.471740723, 191.912918091, 192.377319336, 192.830108643, 193.294509888, 193.747299194, 194.200088501, 194.652877808, 195.117279053, 195.558456421, 196.011245728, 196.464035034, 196.928436279, 197.381225586, 197.834014893, 198.286804199, 198.739593506, 199.192382813, 199.645172119, 200.097961426, 200.562347412, 201.015136719, 201.467926025, 201.920715332, 202.385116577, 202.837905884, 203.29069519, 203.743484497, 204.184661865, 204.637451172, 205.101852417, 205.554641724, 206.00743103, 206.460220337, 206.913009644, 207.377410889, 207.830200195, 208.282989502, 208.735778809, 209.188568115, 209.641357422, 210.094146729, 210.558547974, 211.01133728, 211.464126587, 211.928527832, 212.392913818, 212.845703125, 213.298492432, 213.751281738, 214.204071045, 214.656860352, 215.109649658, 215.550842285, 216.003631592, 216.45640564, 216.920806885, 217.373596191, 217.826385498, 218.279174805, 218.731964111, 219.196365356, 219.660766602, 220.113555908, 220.566345215, 221.019134521, 221.471923828, 221.924713135, 222.377502441, 222.830291748, 223.283081055, 223.735870361, 224.188659668, 224.653060913, 225.10585022, 225.558639526, 226.011428833, 226.46421814, 226.928619385, 227.381408691, 227.834197998, 228.286987305, 228.739776611, 229.192550659, 229.645339966, 230.098129272, 230.550918579, 231.015319824, 231.468109131, 231.920898438, 232.385299683, 232.838088989, 233.290878296, 233.743667603, 234.196456909, 234.637634277, 235.102035522, 235.554824829, 236.007614136, 236.472015381, 236.924804688, 237.377593994, 237.830383301, 238.283172607, 238.735961914, 239.188751221, 239.641540527, 240.094329834, 240.558731079, 241.011520386, 241.464309692, 241.917098999, 242.369888306, 242.811065674, 243.275466919, 243.739852905, 244.192642212, 244.645431519, 245.109832764, 245.56262207, 246.015411377, 246.468200684, 246.92098999, 247.373779297, 247.826568604, 248.290969849, 248.755371094, 249.2081604, 249.660949707, 250.102127075, 250.554916382, 251.007705688, 251.460494995, 251.913284302, 252.377685547, 252.830474854, 253.28326416, 253.736053467, 254.188842773, 254.64163208, 255.094421387, 255.558822632, 256.023223877, 256.476013184, 256.94039917, 257.404815674]
