
metadata:
    version:
        essentia: "2.1-beta2"
    audio_properties:
        analysis_sample_rate: 44100
        bitrate: 320
        channels: 2
        equal_loudness: 1
        length: 235.964080811
        replay_gain: -15.8692331314
        downmix: "mix"
    tags:
        album: "Immortalized"
        artist: "Disturbed"
        comment: ""
        date: ""
        genre: "Alternative Metal"
        title: "Open Your Eyes"
        tracknumber: "4"

configuration:
    average_loudness:
        compute: 1
        frameSize: 88200
        hopSize: 44100
        silentFrames: "noise"
        windowType: "hann"
    general:
        analysisSampleRate: 44100
        endTime: 2000
        equalLoudness: 1
        nequalLoudness: 0
        shortSound: 0
        startTime: 0
    lowlevel:
        compute: 1
        frameSize: 2048
        hopSize: 1024
        zeroPadding: 0
        silentFrames: "noise"
        windowType: "blackmanharris62"
        mfccStats: ["mean", "cov", "icov"]
        stats: ["mean", "var", "median", "min", "max", "dmean", "dmean2", "dvar", "dvar2"]
    panning:
        compute: 0
        frameSize: 8192
        hopSize: 2048
        zeroPadding: 8192
        silentFrames: "noise"
        windowType: "hann"
        stats: ["copy"]
    rhythm:
        compute: 1
        maxTempo: 208
        minTempo: 40
        method: "degara"
        stats: ["mean", "var", "median", "min", "max", "dmean", "dmean2", "dvar", "dvar2"]
    segmentation:
        compute: 0
        cpw: 5
        inc1: 300
        inc2: 50
        minimumSegmentsLength: 10
        size1: 1000
        size2: 600
    sfx:
        compute: 1
        stats: ["mean", "var", "median", "min", "max", "dmean", "dmean2", "dvar", "dvar2"]
    svm:
        compute: 0
    tonal:
        compute: 1
        frameSize: 4096
        hopSize: 2048
        zeroPadding: 0
        silentFrames: "noise"
        windowType: "blackmanharris62"
        stats: ["mean", "var", "median", "min", "max", "dmean", "dmean2", "dvar", "dvar2"]

lowlevel:
    average_loudness: 0.938269257545
    barkbands_kurtosis:
        dmean: 0.573152184486
        dmean2: 0.949484288692
        dvar: 0.637604594231
        dvar2: 1.55214989185
        max: 26.31092453
        mean: -0.723073899746
        median: -0.994527459145
        min: -1.87052583694
        var: 1.43093025684
    barkbands_skewness:
        dmean: 0.414494037628
        dmean2: 0.676441907883
        dvar: 0.156910985708
        dvar2: 0.416166543961
        max: 4.71328258514
        mean: -0.298318356276
        median: -0.37951874733
        min: -2.81248736382
        var: 0.435331225395
    barkbands_spread:
        dmean: 5.80492353439
        dmean2: 9.38115119934
        dvar: 30.5774002075
        dvar2: 76.7851715088
        max: 70.6484832764
        mean: 33.7828979492
        median: 34.0049209595
        min: 2.62923836708
        var: 115.851867676
    dissonance:
        dmean: 0.0103384330869
        dmean2: 0.0179074332118
        dvar: 0.000123177276691
        dvar2: 0.000330603565089
        max: 0.500000059605
        mean: 0.485421746969
        median: 0.4884108603
        min: 0.137143343687
        var: 0.000149866566062
    hfc:
        dmean: 3.32008600235
        dmean2: 5.56520748138
        dvar: 19.8865623474
        dvar2: 53.6101417542
        max: 47.6683387756
        mean: 10.6171379089
        median: 9.7483215332
        min: 1.17972128385e-016
        var: 39.3797950745
    pitch:
        dmean: 1152.94799805
        dmean2: 2206.37915039
        dvar: 2093953.375
        dvar2: 4800200
        max: 4890.30175781
        mean: 1854.20605469
        median: 1131.71386719
        min: 51.8579864502
        var: 2642187.25
    pitch_instantaneous_confidence:
        dmean: 0.077721260488
        dmean2: 0.128709316254
        dvar: 0.00391484936699
        dvar2: 0.0101714255288
        max: 0.915022432804
        mean: 0.34267103672
        median: 0.326011896133
        min: 0.116017878056
        var: 0.0131286764517
    pitch_salience:
        dmean: 0.0677624121308
        dmean2: 0.115128092468
        dvar: 0.00405281689018
        dvar2: 0.0115193212405
        max: 0.963649153709
        mean: 0.671717643738
        median: 0.68523645401
        min: 0.258848518133
        var: 0.00668640295044
    silence_rate_20dB:
        dmean: 0
        dmean2: 0
        dvar: 0
        dvar2: 0
        max: 1
        mean: 1
        median: 1
        min: 1
        var: 0
    silence_rate_30dB:
        dmean: 0
        dmean2: 0
        dvar: 0
        dvar2: 0
        max: 1
        mean: 1
        median: 1
        min: 1
        var: 0
    silence_rate_60dB:
        dmean: 0.081865593791
        dmean2: 0.163747295737
        dvar: 0.0751700475812
        dvar2: 0.153872057796
        max: 1
        mean: 0.207890599966
        median: 0
        min: 0
        var: 0.164668738842
    spectral_centroid:
        dmean: 331.599822998
        dmean2: 547.133972168
        dvar: 115236.765625
        dvar2: 308342.1875
        max: 11381.7988281
        mean: 1995.07226563
        median: 2046.09606934
        min: 174.296661377
        var: 279444.15625
    spectral_complexity:
        dmean: 5.12643909454
        dmean2: 8.30997848511
        dvar: 26.9784603119
        dvar2: 66.5703048706
        max: 47
        mean: 19.5489959717
        median: 20
        min: 0
        var: 85.6997146606
    spectral_crest:
        dmean: 1.89860415459
        dmean2: 3.20138597488
        dvar: 3.16009831429
        dvar2: 8.41196250916
        max: 21.3275413513
        mean: 6.36063432693
        median: 5.74315166473
        min: 2.25936532021
        var: 6.29850244522
    spectral_decrease:
        dmean: 3.11602826875e-010
        dmean2: 4.8814735587e-010
        dvar: 1.51151514663e-019
        dvar2: 3.54019550295e-019
        max: -9.12751645201e-029
        mean: -1.12408249375e-009
        median: -1.07994035936e-009
        min: -4.1275480811e-009
        var: 3.33294307403e-019
    spectral_energy:
        dmean: 0.00141751847696
        dmean2: 0.00223540095612
        dvar: 3.07805817101e-006
        dvar2: 7.31647696739e-006
        max: 0.019054826349
        mean: 0.00520554417744
        median: 0.00499864947051
        min: 1.10449016641e-020
        var: 7.08564584784e-006
    spectral_energyband_high:
        dmean: 0.000309941853629
        dmean2: 0.000526569085196
        dvar: 2.16848462742e-007
        dvar2: 5.76357251703e-007
        max: 0.00514570903033
        mean: 0.000635003903881
        median: 0.000497880741023
        min: 8.12016873273e-021
        var: 3.20070085991e-007
    spectral_energyband_low:
        dmean: 0.000338338548318
        dmean2: 0.000571591546759
        dvar: 2.78396129261e-007
        dvar2: 7.47896933717e-007
        max: 0.00627997843549
        mean: 0.000527967291418
        median: 0.000353449839167
        min: 1.11385178199e-022
        var: 3.25765398657e-007
    spectral_energyband_middle_high:
        dmean: 0.000840988534037
        dmean2: 0.00136943452526
        dvar: 8.61225771587e-007
        dvar2: 2.21981531467e-006
        max: 0.012716120109
        mean: 0.00298727164045
        median: 0.00264356238768
        min: 1.79830620172e-021
        var: 3.37333312928e-006
    spectral_energyband_middle_low:
        dmean: 0.000656761752907
        dmean2: 0.00105341977905
        dvar: 1.3683720681e-006
        dvar2: 3.34261221724e-006
        max: 0.0120741901919
        mean: 0.001228544279
        median: 0.000888948445208
        min: 3.73342925815e-022
        var: 1.71506144397e-006
    spectral_flatness_db:
        dmean: 0.013752611354
        dmean2: 0.022233042866
        dvar: 0.000153775414219
        dvar2: 0.00039653739077
        max: 0.304613381624
        mean: 0.137081906199
        median: 0.129954487085
        min: 0.0671132579446
        var: 0.0011905557476
    spectral_flux:
        dmean: 0.00836387462914
        dmean2: 0.0125446626917
        dvar: 8.30236167531e-005
        dvar2: 0.000165709891007
        max: 0.110818319023
        mean: 0.0455638468266
        median: 0.0450893938541
        min: 1.0509472459e-010
        var: 0.000244621071033
    spectral_kurtosis:
        dmean: 0.969382822514
        dmean2: 1.6633336544
        dvar: 2.23888921738
        dvar2: 6.29226875305
        max: 62.5913581848
        mean: 3.14756202698
        median: 2.86598157883
        min: -1.1713975668
        var: 3.16263961792
    spectral_rms:
        dmean: 0.000293553544907
        dmean2: 0.000451064639492
        dvar: 1.05260411942e-007
        dvar2: 2.31132915474e-007
        max: 0.00431162118912
        mean: 0.00216438807547
        median: 0.00220833206549
        min: 3.28260790945e-012
        var: 3.93990717384e-007
    spectral_rolloff:
        dmean: 334.370117188
        dmean2: 560.255065918
        dvar: 192967.984375
        dvar2: 476168.21875
        max: 18324.7558594
        mean: 3646.36474609
        median: 3703.7109375
        min: 150.732421875
        var: 419462.25
    spectral_skewness:
        dmean: 0.151470854878
        dmean2: 0.251879692078
        dvar: 0.0279518011957
        dvar2: 0.0755825787783
        max: 6.21431255341
        mean: 1.21768331528
        median: 1.21016597748
        min: -0.031345512718
        var: 0.0791446268559
    spectral_spread:
        dmean: 383743.65625
        dmean2: 548840.5625
        dvar: 298644668416
        dvar2: 457404678144
        max: 40278084
        mean: 4541446.5
        median: 4477618
        min: 1414420.625
        var: 1.46286261043e+012
    spectral_strongpeak:
        dmean: 0.509702205658
        dmean2: 0.883517026901
        dvar: 0.523833215237
        dvar2: 1.39482176304
        max: 6.79898405075
        mean: 0.7125415802
        median: 0.341111987829
        min: 4.86747442352e-009
        var: 0.785960197449
    zerocrossingrate:
        dmean: 0.00854446552694
        dmean2: 0.0109035866335
        dvar: 6.72577225487e-005
        dvar2: 8.78899372765e-005
        max: 0.49267578125
        mean: 0.109602183104
        median: 0.11083984375
        min: 0.0166015625
        var: 0.000451287487522
    barkbands:
        dmean: [5.21399954323e-007, 9.59877943387e-005, 0.000233355836826, 0.000239464920014, 0.000257571722614, 0.000104818464024, 9.55078867264e-005, 9.05245178728e-005, 0.000111269851914, 0.000138504154165, 0.000105382910988, 0.000187891899259, 0.000108155494672, 0.000107517807919, 8.2167214714e-005, 8.57721461216e-005, 0.00014626068878, 0.00016678670363, 0.000313477910822, 0.000250745099038, 0.000163298187545, 4.39105897385e-005, 7.29394696464e-006, 3.30566263074e-006, 1.57158467573e-006, 5.36722915001e-008, 2.69861938351e-010]
        dmean2: [7.09149219347e-007, 0.000166629382875, 0.000396702904254, 0.000400992081268, 0.000426270940807, 0.000176846122486, 0.000159032890224, 0.000152553693624, 0.000186437842785, 0.000229829180171, 0.000173926950083, 0.000309386814479, 0.00017576594837, 0.000176046552951, 0.00013306074834, 0.000141517972224, 0.000240009292611, 0.000286719296128, 0.000524666218553, 0.000413649802795, 0.000281799468212, 7.7957418398e-005, 1.25952919916e-005, 5.52899928152e-006, 2.55627492152e-006, 8.57955839706e-008, 4.83118378636e-010]
        dvar: [7.57103093326e-013, 2.02400602944e-008, 1.57268772227e-007, 2.63187558858e-007, 3.84193043601e-007, 5.03365527038e-008, 4.37172076317e-008, 4.34400817539e-008, 3.28815339401e-008, 6.81983465256e-008, 4.71055372486e-008, 1.31254964231e-007, 3.51050921665e-008, 4.04990281311e-008, 3.19341602051e-008, 2.37669137704e-008, 3.45486022013e-008, 4.80460506935e-008, 1.53057811758e-007, 1.09711962182e-007, 6.47586944069e-008, 6.81972300853e-009, 1.5257521635e-010, 3.85869808328e-011, 8.7613414787e-012, 8.32897322617e-015, 1.432674236e-019]
        dvar2: [1.43738298174e-012, 5.74181804325e-008, 4.30712077559e-007, 6.74217801588e-007, 9.96392714114e-007, 1.3229660567e-007, 1.07811182204e-007, 1.13131420676e-007, 8.58154223238e-008, 1.80468148869e-007, 1.18609619904e-007, 3.45046345274e-007, 8.47338341714e-008, 1.00112259815e-007, 7.32432354766e-008, 6.25658955755e-008, 8.75984298432e-008, 1.32650939122e-007, 4.05383303814e-007, 2.74019157587e-007, 1.76288267539e-007, 1.94529565789e-008, 4.17922835227e-010, 9.65036314748e-011, 2.01221660862e-011, 1.97610923122e-014, 4.19257501599e-019]
        max: [8.27108033263e-006, 0.00120840466116, 0.00423675496131, 0.00552358012646, 0.00624695699662, 0.00509998295456, 0.00655223149806, 0.00431098183617, 0.00444214884192, 0.00440765311942, 0.00628527346998, 0.00553797278553, 0.00337424268946, 0.0056842006743, 0.00765133276582, 0.005493322853, 0.00448083877563, 0.00272771250457, 0.00576917920262, 0.0049216710031, 0.00290597020648, 0.00134657765739, 0.000137334573083, 8.19363194751e-005, 5.27446718479e-005, 1.56128248818e-006, 7.79555708874e-009]
        mean: [6.28027407856e-007, 0.000130013242597, 0.000291910371743, 0.000258532818407, 0.000312698481139, 0.000139762400067, 0.000126682571135, 0.00012118658924, 0.000176018860657, 0.000207631062949, 0.000164558761753, 0.000326293928083, 0.000185199984116, 0.000171559731825, 0.000147170809214, 0.000168209153344, 0.00030551981763, 0.000298893573927, 0.000752558175009, 0.000551644538064, 0.000280049280263, 6.73988979543e-005, 1.24886710182e-005, 6.01912597631e-006, 2.82383894046e-006, 1.04516566068e-007, 3.14316433991e-010]
        median: [1.24019180703e-007, 8.57277045725e-005, 0.000152369146235, 9.19794983929e-005, 0.000140279298648, 7.34160421416e-005, 6.28073103144e-005, 5.84106601309e-005, 0.000116705632536, 0.000113436602987, 7.81997514423e-005, 0.000114635084174, 9.57824522629e-005, 9.00028462638e-005, 9.04048283701e-005, 0.00011482318223, 0.000232764257817, 0.000233077356825, 0.000518888467923, 0.000437135458924, 0.000196566048544, 4.51011583209e-005, 7.81696053309e-006, 3.68061046174e-006, 1.63869412972e-006, 6.4784799747e-008, 1.7117554596e-010]
        min: [5.98307254273e-024, 2.80892763302e-023, 6.4104364393e-023, 1.88318752783e-023, 7.72391761439e-023, 4.74321331045e-023, 5.05574327725e-023, 1.03390394779e-022, 4.87557281075e-023, 8.06475664364e-023, 4.47460333232e-023, 1.22489159057e-022, 8.28505772656e-023, 1.777557822e-022, 1.23331346959e-022, 1.5674810075e-022, 1.81399032161e-022, 2.55009549115e-022, 3.26599521923e-022, 4.58058786779e-022, 4.24219304517e-022, 4.9129615991e-022, 6.4604360843e-022, 8.00402508244e-022, 1.47365103891e-021, 1.49881471729e-021, 2.68475442633e-021]
        var: [1.33568872109e-012, 2.23234604135e-008, 1.57884713303e-007, 2.7712536621e-007, 3.65503382227e-007, 5.48910499276e-008, 5.87935105045e-008, 5.44027507487e-008, 4.74335699607e-008, 9.22905201151e-008, 8.14117342429e-008, 2.98138644439e-007, 7.07165668246e-008, 7.15049921496e-008, 8.63791811412e-008, 5.49606085087e-008, 8.99889585071e-008, 6.13612485267e-008, 5.12007204634e-007, 2.27401798725e-007, 7.92026639829e-008, 5.9628333382e-009, 1.98543459451e-010, 6.11338132894e-011, 1.63128469066e-011, 1.57604117067e-014, 1.71152677251e-019]
    frequency_bands:
        dmean: [5.21399954323e-007, 9.59877943387e-005, 0.000233355836826, 0.000239464920014, 0.000257571722614, 0.000104818464024, 9.55078867264e-005, 9.05245178728e-005, 0.000111269851914, 0.000138504154165, 0.000105382910988, 0.000187891899259, 0.000108155494672, 0.000107517807919, 8.2167214714e-005, 8.57721461216e-005, 0.00014626068878, 0.00016678670363, 0.000313477910822, 0.000250745099038, 0.000163298187545, 4.39105897385e-005, 7.29394696464e-006, 3.30566263074e-006, 1.57158467573e-006, 5.36722915001e-008, 2.69861938351e-010, 5.96228899585e-011]
        dmean2: [7.09149219347e-007, 0.000166629382875, 0.000396702904254, 0.000400992081268, 0.000426270940807, 0.000176846122486, 0.000159032890224, 0.000152553693624, 0.000186437842785, 0.000229829180171, 0.000173926950083, 0.000309386814479, 0.00017576594837, 0.000176046552951, 0.00013306074834, 0.000141517972224, 0.000240009292611, 0.000286719296128, 0.000524666218553, 0.000413649802795, 0.000281799468212, 7.7957418398e-005, 1.25952919916e-005, 5.52899928152e-006, 2.55627492152e-006, 8.57955839706e-008, 4.83118378636e-010, 1.10873810133e-010]
        dvar: [7.57103093326e-013, 2.02400602944e-008, 1.57268772227e-007, 2.63187558858e-007, 3.84193043601e-007, 5.03365527038e-008, 4.37172076317e-008, 4.34400817539e-008, 3.28815339401e-008, 6.81983465256e-008, 4.71055372486e-008, 1.31254964231e-007, 3.51050921665e-008, 4.04990281311e-008, 3.19341602051e-008, 2.37669137704e-008, 3.45486022013e-008, 4.80460506935e-008, 1.53057811758e-007, 1.09711962182e-007, 6.47586944069e-008, 6.81972300853e-009, 1.5257521635e-010, 3.85869808328e-011, 8.7613414787e-012, 8.32897322617e-015, 1.432674236e-019, 7.22366731523e-021]
        dvar2: [1.43738298174e-012, 5.74181804325e-008, 4.30712077559e-007, 6.74217801588e-007, 9.96392714114e-007, 1.3229660567e-007, 1.07811182204e-007, 1.13131420676e-007, 8.58154223238e-008, 1.80468148869e-007, 1.18609619904e-007, 3.45046345274e-007, 8.47338341714e-008, 1.00112259815e-007, 7.32432354766e-008, 6.25658955755e-008, 8.75984298432e-008, 1.32650939122e-007, 4.05383303814e-007, 2.74019157587e-007, 1.76288267539e-007, 1.94529565789e-008, 4.17922835227e-010, 9.65036314748e-011, 2.01221660862e-011, 1.97610923122e-014, 4.19257501599e-019, 2.30487706145e-020]
        max: [8.27108033263e-006, 0.00120840466116, 0.00423675496131, 0.00552358012646, 0.00624695699662, 0.00509998295456, 0.00655223149806, 0.00431098183617, 0.00444214884192, 0.00440765311942, 0.00628527346998, 0.00553797278553, 0.00337424268946, 0.0056842006743, 0.00765133276582, 0.005493322853, 0.00448083877563, 0.00272771250457, 0.00576917920262, 0.0049216710031, 0.00290597020648, 0.00134657765739, 0.000137334573083, 8.19363194751e-005, 5.27446718479e-005, 1.56128248818e-006, 7.79555708874e-009, 1.24110899336e-009]
        mean: [6.28027407856e-007, 0.000130013242597, 0.000291910371743, 0.000258532818407, 0.000312698481139, 0.000139762400067, 0.000126682571135, 0.00012118658924, 0.000176018860657, 0.000207631062949, 0.000164558761753, 0.000326293928083, 0.000185199984116, 0.000171559731825, 0.000147170809214, 0.000168209153344, 0.00030551981763, 0.000298893573927, 0.000752558175009, 0.000551644538064, 0.000280049280263, 6.73988979543e-005, 1.24886710182e-005, 6.01912597631e-006, 2.82383894046e-006, 1.04516566068e-007, 3.14316433991e-010, 4.63710701781e-011]
        median: [1.24019180703e-007, 8.57277045725e-005, 0.000152369146235, 9.19794983929e-005, 0.000140279298648, 7.34160421416e-005, 6.28073103144e-005, 5.84106601309e-005, 0.000116705632536, 0.000113436602987, 7.81997514423e-005, 0.000114635084174, 9.57824522629e-005, 9.00028462638e-005, 9.04048283701e-005, 0.00011482318223, 0.000232764257817, 0.000233077356825, 0.000518888467923, 0.000437135458924, 0.000196566048544, 4.51011583209e-005, 7.81696053309e-006, 3.68061046174e-006, 1.63869412972e-006, 6.4784799747e-008, 1.7117554596e-010, 1.76461623091e-011]
        min: [5.98307254273e-024, 2.80892763302e-023, 6.4104364393e-023, 1.88318752783e-023, 7.72391761439e-023, 4.74321331045e-023, 5.05574327725e-023, 1.03390394779e-022, 4.87557281075e-023, 8.06475664364e-023, 4.47460333232e-023, 1.22489159057e-022, 8.28505772656e-023, 1.777557822e-022, 1.23331346959e-022, 1.5674810075e-022, 1.81399032161e-022, 2.55009549115e-022, 3.26599521923e-022, 4.58058786779e-022, 4.24219304517e-022, 4.9129615991e-022, 6.4604360843e-022, 8.00402508244e-022, 1.47365103891e-021, 1.49881471729e-021, 2.68475442633e-021, 5.71707061764e-022]
        var: [1.33568872109e-012, 2.23234604135e-008, 1.57884713303e-007, 2.7712536621e-007, 3.65503382227e-007, 5.48910499276e-008, 5.87935105045e-008, 5.44027507487e-008, 4.74335699607e-008, 9.22905201151e-008, 8.14117342429e-008, 2.98138644439e-007, 7.07165668246e-008, 7.15049921496e-008, 8.63791811412e-008, 5.49606085087e-008, 8.99889585071e-008, 6.13612485267e-008, 5.12007204634e-007, 2.27401798725e-007, 7.92026639829e-008, 5.9628333382e-009, 1.98543459451e-010, 6.11338132894e-011, 1.63128469066e-011, 1.57604117067e-014, 1.71152677251e-019, 5.74347001823e-021]
    mfcc:
        mean: [-690.22265625, 93.2163238525, -55.7305374146, 48.522102356, -18.0635871887, 0.570698559284, 11.3907337189, -1.31986451149, 0.317271381617, -1.86026072502, -2.69431567192, -1.74404454231, -3.79209947586]
        cov: [[4442.82470703, 141.348632813, -63.2324790955, 236.969177246, -178.448013306, 179.690994263, 157.296478271, 49.5855522156, -47.2054290771, -0.910832941532, -41.1465492249, -71.6171569824, -39.7345352173], [141.348632813, 575.270935059, -154.725753784, 188.592514038, 25.3015556335, 6.97096157074, -4.08020067215, -7.16656684875, 49.194152832, -18.6021137238, 23.8694152832, -4.1349029541, -0.40017452836], [-63.2324790955, -154.725753784, 603.778503418, 64.9724121094, 147.054885864, 120.00605011, 26.7615394592, 71.2045440674, 26.2731571198, 19.6984195709, 11.7118644714, -14.7107658386, -4.10713434219], [236.969177246, 188.592514038, 64.9724121094, 270.312225342, 63.9808921814, 57.8331985474, -25.610206604, -5.80171728134, 72.2743377686, -8.29136371613, 20.3603858948, -12.5039901733, 7.43571901321], [-178.448013306, 25.3015556335, 147.054885864, 63.9808921814, 154.526794434, 56.1590690613, -4.9010386467, 25.5499458313, 35.3301544189, 20.4593601227, 12.1699810028, -6.47853136063, -1.43892216682], [179.690994263, 6.97096157074, 120.00605011, 57.8331985474, 56.1590690613, 153.210723877, 77.9290313721, 46.3764190674, 26.8860416412, 34.9501609802, 19.1780433655, -9.85852909088, -7.83867788315], [157.296478271, -4.08020067215, 26.7615394592, -25.610206604, -4.9010386467, 77.9290313721, 221.542190552, 86.9236068726, -29.7043628693, 19.3875427246, 17.7724475861, 8.74384593964, 21.8325538635], [49.5855522156, -7.16656684875, 71.2045440674, -5.80171728134, 25.5499458313, 46.3764190674, 86.9236068726, 122.541893005, 11.5682067871, 24.2713451385, 19.3993091583, -1.02324199677, 13.2429018021], [-47.2054290771, 49.194152832, 26.2731571198, 72.2743377686, 35.3301544189, 26.8860416412, -29.7043628693, 11.5682067871, 122.468673706, 40.0782470703, 18.9580249786, 3.72566199303, -4.80457639694], [-0.910832941532, -18.6021137238, 19.6984195709, -8.29136371613, 20.4593601227, 34.9501609802, 19.3875427246, 24.2713451385, 40.0782470703, 97.9305496216, 24.9779205322, 13.5932674408, -4.45196151733], [-41.1465492249, 23.8694152832, 11.7118644714, 20.3603858948, 12.1699810028, 19.1780433655, 17.7724475861, 19.3993091583, 18.9580249786, 24.9779205322, 69.8896942139, 16.3451309204, 12.3707990646], [-71.6171569824, -4.1349029541, -14.7107658386, -12.5039901733, -6.47853136063, -9.85852909088, 8.74384593964, -1.02324199677, 3.72566199303, 13.5932674408, 16.3451309204, 70.8303375244, 28.5073699951], [-39.7345352173, -0.40017452836, -4.10713434219, 7.43571901321, -1.43892216682, -7.83867788315, 21.8325538635, 13.2429018021, -4.80457639694, -4.45196151733, 12.3707990646, 28.5073699951, 71.2204589844]]
        icov: [[0.000302676897263, 1.38875948323e-005, 2.28359695029e-005, -0.000458991096821, 0.000621755607426, -0.000389482505852, -4.0266339056e-005, -0.000159824659931, 0.000308652204694, -0.00019351534138, 0.000286258145934, 0.000136710703373, 0.000134219953907], [1.38875948323e-005, 0.00280031166039, 0.00110877712723, -0.00213471450843, -0.000706148042809, 0.000359700788977, -0.000417860544985, -0.000379893812351, -0.000105965700641, 0.000566802045796, -0.000530566903763, -0.000216690721572, 0.000741526950151], [2.28359695029e-005, 0.00110877712723, 0.00287291686982, -0.000796396459918, -0.00201984890737, -0.00132504175417, 0.000436123285908, -0.00121682567988, 0.000339446472935, 0.000565331196412, 1.59346072905e-005, -0.000141797194374, 0.000285940652248], [-0.000458991096821, -0.00213471450843, -0.000796396459918, 0.00794100295752, -0.00164293940179, -0.00187404092867, 0.00086203898536, 0.00166797474958, -0.00360112986527, 0.00241286167875, -0.00134630512912, 0.00109896052163, -0.00225506792776], [0.000621755607426, -0.000706148042809, -0.00201984890737, -0.00164293940179, 0.0112944357097, -0.00267797335982, 0.00140200031456, -0.00130346615333, 8.70865987963e-005, -0.00151231593918, 0.000625089160167, 0.000606917426921, -0.000296166661428], [-0.000389482505852, 0.000359700788977, -0.00132504175417, -0.00187404092867, -0.00267797335982, 0.0130249569193, -0.00465493137017, 0.000310466537485, -0.00115371367428, -0.00237350724638, -0.00106634444091, 0.00104822264984, 0.00219210819341], [-4.0266339056e-005, -0.000417860544985, 0.000436123285908, 0.00086203898536, 0.00140200031456, -0.00465493137017, 0.00886509101838, -0.00502639682963, 0.00288451067172, -0.000339658232406, -0.000177463502041, -0.000820457469672, -0.00182404508814], [-0.000159824659931, -0.000379893812351, -0.00121682567988, 0.00166797474958, -0.00130346615333, 0.000310466537485, -0.00502639682963, 0.0136319771409, -0.00242259493098, -0.000856756116264, -0.00177832937334, 0.00214156671427, -0.00208700541407], [0.000308652204694, -0.000105965700641, 0.000339446472935, -0.00360112986527, 8.70865987963e-005, -0.00115371367428, 0.00288451067172, -0.00242259493098, 0.0133441099897, -0.00519574573264, -0.000289212563075, -0.000829826807603, 0.000965959392488], [-0.00019351534138, 0.000566802045796, 0.000565331196412, 0.00241286167875, -0.00151231593918, -0.00237350724638, -0.000339658232406, -0.000856756116264, -0.00519574573264, 0.0153753077611, -0.0036735991016, -0.0026805785019, 0.0019691940397], [0.000286258145934, -0.000530566903763, 1.59346072905e-005, -0.00134630512912, 0.000625089160167, -0.00106634444091, -0.000177463502041, -0.00177832937334, -0.000289212563075, -0.0036735991016, 0.0181265957654, -0.00285973842256, -0.00167448306456], [0.000136710703373, -0.000216690721572, -0.000141797194374, 0.00109896052163, 0.000606917426921, 0.00104822264984, -0.000820457469672, 0.00214156671427, -0.000829826807603, -0.0026805785019, -0.00285973842256, 0.0189259387553, -0.00736921234056], [0.000134219953907, 0.000741526950151, 0.000285940652248, -0.00225506792776, -0.000296166661428, 0.00219210819341, -0.00182404508814, -0.00208700541407, 0.000965959392488, 0.0019691940397, -0.00167448306456, -0.00736921234056, 0.0189831741154]]
    sccoeffs:
        dmean: [0.0603837445378, 0.0473590306938, 0.0388524271548, 0.0298648290336, 0.0194500368088, 0.0186517741531]
        dmean2: [0.0975556150079, 0.0788293331861, 0.0652698650956, 0.0494899600744, 0.0324482768774, 0.0297784376889]
        dvar: [0.00261201779358, 0.00140910083428, 0.00095445982879, 0.000565753958654, 0.000245772331255, 0.00027499551652]
        dvar2: [0.00658203382045, 0.00378919299692, 0.00263409502804, 0.00150623486843, 0.000644352287054, 0.000646646192763]
        max: [-0.344974517822, -0.449007451534, -0.508887708187, -0.59820151329, -0.622970402241, -0.46195524931]
        mean: [-0.66871368885, -0.781737923622, -0.786741316319, -0.791918158531, -0.798143267632, -0.739291548729]
        median: [-0.674726903439, -0.789596378803, -0.792989492416, -0.79739266634, -0.801896452904, -0.744765758514]
        min: [-0.971551716328, -0.993302941322, -0.978709161282, -0.973751366138, -0.959776759148, -0.959042489529]
        var: [0.00597906624898, 0.00353362644091, 0.00262886262499, 0.00189817068167, 0.000876604579389, 0.00209696288221]
    scvalleys:
        dmean: [0.383825033903, 0.370345652103, 0.296353161335, 0.244981944561, 0.225805908442, 0.27598002553]
        dmean2: [0.636515021324, 0.605652928352, 0.482829093933, 0.395604759455, 0.360023468733, 0.411496222019]
        dvar: [0.103736869991, 0.107045538723, 0.0745756924152, 0.0600944459438, 0.0718217417598, 0.151194542646]
        dvar2: [0.256011039019, 0.243650257587, 0.155239328742, 0.11584366858, 0.142486035824, 0.31133133173]
        max: [-5.40921878815, -4.84698200226, -5.30618476868, -5.61054039001, -5.43338632584, -7.64279079437]
        mean: [-6.95764064789, -6.63203239441, -6.60285902023, -6.86997938156, -6.64492416382, -9.49540233612]
        median: [-6.67831945419, -6.52374458313, -6.45838260651, -6.73941993713, -6.48163604736, -9.22064590454]
        min: [-27.1580162048, -27.2208423615, -27.2349281311, -27.4107723236, -27.3488235474, -27.235868454]
        var: [1.38075459003, 0.762430846691, 0.842982292175, 0.776614189148, 0.822634935379, 1.51687192917]

rhythm:
    beats_loudness:
        dmean: 0.00294704502448
        dmean2: 0.00562182627618
        dvar: 3.91540697819e-006
        dvar2: 1.29184654725e-005
        max: 0.013925219886
        mean: 0.00718616647646
        median: 0.007121686358
        min: 1.66204561225e-009
        var: 6.43972816761e-006
    bpm: 115.999588013
    bpm_confidence: 0
    first_peak_bpm: 115
    first_peak_spread: 0.464601784945
    first_peak_weight: 0.533039629459
    onset_rate: 3.2081155777
    second_peak_bpm: 105
    second_peak_spread: 0.5
    second_peak_weight: 0.00220264308155
    beats_loudness_band_ratio:
        dmean: [0.224662870169, 0.0970392078161, 0.0589344128966, 0.105066105723, 0.0895154923201, 0.103652216494]
        dmean2: [0.421158105135, 0.184036761522, 0.103550232947, 0.193015262485, 0.163519874215, 0.185894221067]
        dvar: [0.0250441301614, 0.00434799073264, 0.00428946968168, 0.011696097441, 0.010062915273, 0.00688697118312]
        dvar2: [0.0805543735623, 0.0144291194156, 0.0121521726251, 0.0368630886078, 0.0293436534703, 0.0205186847597]
        max: [0.767914354801, 0.435691177845, 0.667846441269, 0.705083608627, 0.867536425591, 0.566609799862]
        mean: [0.330378770828, 0.0956288278103, 0.099684804678, 0.141564622521, 0.175602406263, 0.21906426549]
        median: [0.347296863794, 0.0709308087826, 0.0835128054023, 0.104002393782, 0.140690207481, 0.199940025806]
        min: [9.93008288788e-005, 0.00146784062963, 0.00504245981574, 0.00395746342838, 0.0161972362548, 0.0497336126864]
        var: [0.0392901189625, 0.0056525869295, 0.00479206256568, 0.0120656862855, 0.0146326068789, 0.00922978576273]
    beats_position: [0.545668900013, 1.11455774307, 1.67183673382, 2.20589566231, 2.72834467888, 3.25079369545, 3.78485250473, 4.29569149017, 4.80653047562, 5.31736946106, 5.8282084465, 6.35065746307, 6.87310647964, 7.38394546509, 7.90639448166, 8.42884349823, 8.93968200684, 9.46213150024, 9.98458003998, 10.5070295334, 11.017868042, 11.5287075043, 12.051156044, 12.5736055374, 13.0960540771, 13.6068935394, 14.117732048, 14.6285715103, 15.15102005, 15.6734695435, 16.1959171295, 16.7183666229, 17.2408161163, 17.7632656097, 18.2741031647, 18.784942627, 19.3073921204, 19.8298416138, 20.3406791687, 20.851518631, 21.3739681244, 21.8964176178, 22.4072551727, 22.918094635, 23.4405441284, 23.9629936218, 24.4738311768, 24.984670639, 25.4955101013, 26.0179595947, 26.5404071808, 27.0512466431, 27.5620861053, 28.0845336914, 28.6069831848, 29.1294326782, 29.6518821716, 30.1627197266, 30.68516922, 31.2076187134, 31.7184581757, 32.2292976379, 32.7517471313, 33.2741928101, 33.7850341797, 34.3074836731, 34.8299331665, 35.3407707214, 35.8516082764, 36.362449646, 36.8848991394, 37.3957366943, 37.9181861877, 38.4406356812, 38.9630813599, 39.4739227295, 39.9847602844, 40.5072097778, 41.0296592712, 41.5404968262, 42.0629463196, 42.585395813, 43.0962333679, 43.6186828613, 44.1411323547, 44.6519737244, 45.1628112793, 45.6736488342, 46.1960983276, 46.718547821, 47.229385376, 47.7518348694, 48.2742843628, 48.7851219177, 49.2959632874, 49.8068008423, 50.3292503357, 50.8400878906, 51.362537384, 51.8849868774, 52.4074363708, 52.9182739258, 53.4407234192, 53.9631729126, 54.4740142822, 54.9964599609, 55.5189094543, 56.029750824, 56.5405883789, 57.0630378723, 57.5854873657, 58.0963249207, 58.6071662903, 59.129611969, 59.6520614624, 60.162902832, 60.673740387, 61.1961898804, 61.7186393738, 62.2294769287, 62.7403144836, 63.2627639771, 63.7852134705, 64.3076629639, 64.8185043335, 65.3409500122, 65.8517913818, 66.3626327515, 66.8850784302, 67.4075241089, 67.929977417, 68.4524230957, 68.9632644653, 69.474105835, 69.9849395752, 70.4957809448, 71.0182266235, 71.5406799316, 72.0515213013, 72.57396698, 73.0848083496, 73.6072540283, 74.1297073364, 74.6521530151, 75.1629943848, 75.6854400635, 76.2078933716, 76.7187271118, 77.2295684814, 77.7404098511, 78.2628555298, 78.7853012085, 79.3077545166, 79.8302001953, 80.3410415649, 80.8518829346, 81.3743286133, 81.8967819214, 82.4076156616, 82.9184570313, 83.44090271, 83.9633560181, 84.4858016968, 84.9966430664, 85.5190887451, 86.0415420532, 86.5639877319, 87.0748291016, 87.5856704712, 88.0965042114, 88.6073455811, 89.1297912598, 89.6522445679, 90.1630859375, 90.6739196777, 91.1963729858, 91.7188186646, 92.2296600342, 92.7521057129, 93.274559021, 93.7853927612, 94.2962341309, 94.830291748, 95.3411331177, 95.8519744873, 96.374420166, 96.8968658447, 97.4077072144, 97.918548584, 98.4409942627, 98.9634475708, 99.474281311, 99.9851226807, 100.507568359, 101.030021667, 101.540863037, 102.063308716, 102.585754395, 103.096595764, 103.607437134, 104.129882813, 104.652336121, 105.163169861, 105.685623169, 106.208068848, 106.718910217, 107.229751587, 107.740585327, 108.263038635, 108.785484314, 109.296325684, 109.818771362, 110.34122467, 110.852058411, 111.36289978, 111.885353088, 112.407798767, 112.918640137, 113.429473877, 113.951927185, 114.474372864, 114.985214233, 115.507659912, 116.03011322, 116.54094696, 117.063400269, 117.585845947, 118.096687317, 118.607528687, 119.129974365, 119.652427673, 120.163261414, 120.674102783, 121.196548462, 121.71900177, 122.22983551, 122.74067688, 123.263130188, 123.785575867, 124.296417236, 124.807250977, 125.329704285, 125.852149963, 126.374603271, 126.885437012, 127.40789032, 127.91872406, 128.42956543, 128.952011108, 129.474472046, 129.996917725, 130.519363403, 131.030197144, 131.541046143, 132.051879883, 132.562713623, 133.085174561, 133.607620239, 134.130065918, 134.652511597, 135.163360596, 135.674194336, 136.196640015, 136.719085693, 137.229934692, 137.752380371, 138.27482605, 138.78565979, 139.296508789, 139.818954468, 140.341400146, 140.852249146, 141.363082886, 141.885528564, 142.407974243, 142.918823242, 143.429656982, 143.952102661, 144.47454834, 144.985397339, 145.507843018, 146.030288696, 146.552734375, 147.075195313, 147.586029053, 148.096862793, 148.607711792, 149.118545532, 149.652603149, 150.175048828, 150.697509766, 151.219955444, 151.730789185, 152.253234863, 152.764083862, 153.274917603, 153.797363281, 154.30821228, 154.830657959, 155.341491699, 155.852325439, 156.374786377, 156.897232056, 157.408065796, 157.930511475, 158.441360474, 158.963806152, 159.486251831, 160.00869751, 160.519546509, 161.030380249, 161.541213989, 162.063674927, 162.586120605, 163.096954346, 163.619400024, 164.141860962, 164.652694702, 165.163528442, 165.674377441, 166.19682312, 166.719268799, 167.230117798, 167.752563477, 168.275009155, 168.785842896, 169.296691895, 169.830749512, 170.341583252, 170.852416992, 171.363265991, 171.88571167, 172.408157349, 172.919006348, 173.441452026, 173.963897705, 174.474731445, 174.997192383, 175.519638062, 176.030471802, 176.541305542, 177.063766479, 177.586212158, 178.097045898, 178.607894897, 179.130340576, 179.652786255, 180.163619995, 180.674468994, 181.185302734, 181.707748413, 182.230194092, 182.741043091, 183.26348877, 183.785934448, 184.308380127, 184.830841064, 185.353286743, 185.864120483, 186.386566162, 186.897415161, 187.408248901, 187.919082642, 188.441543579, 188.963989258, 189.486434937, 189.997268677, 190.508117676, 191.018951416, 191.541397095, 192.052246094, 192.574691772, 193.097137451, 193.61958313, 194.130432129, 194.652877808, 195.163711548, 195.674560547, 196.197006226, 196.719451904, 197.230285645, 197.752746582, 198.263580322, 198.786026001, 199.296859741, 199.819320679, 200.341766357, 200.852600098, 201.375045776, 201.897506714, 202.408340454, 202.919174194, 203.430023193, 203.952468872, 204.474914551, 204.985748291, 205.508209229, 206.030654907, 206.541488647, 207.052337646, 207.574783325, 208.097229004, 208.608062744, 209.118911743, 209.641357422, 210.163803101, 210.6746521, 211.197097778, 211.719543457, 212.230377197, 212.752838135, 213.275283813, 213.797729492, 214.308563232, 214.819412231, 215.34185791, 215.85269165, 216.375137329, 216.897598267, 217.408432007, 217.919265747, 218.441726685, 218.964172363, 219.475006104, 219.985839844, 220.508300781, 221.03074646, 221.5415802, 222.052429199, 222.574874878, 223.097320557, 223.608154297, 224.130615234, 224.653060913, 225.163894653, 225.686340332, 226.20880127, 226.71963501, 227.242080688, 227.764526367, 228.275375366, 228.786209106, 229.308654785, 229.831100464, 230.341949463, 230.852783203, 231.363616943, 231.886077881, 232.396911621, 232.907745361, 233.41859436, 233.929428101, 234.451873779, 234.974319458, 235.496780396]
