
metadata:
    version:
        essentia: "2.1-beta2"
    audio_properties:
        analysis_sample_rate: 44100
        bitrate: 320
        channels: 2
        equal_loudness: 1
        length: 285.231018066
        replay_gain: -15.828412056
        downmix: "mix"
    tags:
        album: "Immortalized"
        artist: "Disturbed"
        comment: ""
        date: ""
        genre: "Alternative Metal"
        title: "Who"
        tracknumber: "8"

configuration:
    average_loudness:
        compute: 1
        frameSize: 88200
        hopSize: 44100
        silentFrames: "noise"
        windowType: "hann"
    general:
        analysisSampleRate: 44100
        endTime: 2000
        equalLoudness: 1
        nequalLoudness: 0
        shortSound: 0
        startTime: 0
    lowlevel:
        compute: 1
        frameSize: 2048
        hopSize: 1024
        zeroPadding: 0
        silentFrames: "noise"
        windowType: "blackmanharris62"
        mfccStats: ["mean", "cov", "icov"]
        stats: ["mean", "var", "median", "min", "max", "dmean", "dmean2", "dvar", "dvar2"]
    panning:
        compute: 0
        frameSize: 8192
        hopSize: 2048
        zeroPadding: 8192
        silentFrames: "noise"
        windowType: "hann"
        stats: ["copy"]
    rhythm:
        compute: 1
        maxTempo: 208
        minTempo: 40
        method: "degara"
        stats: ["mean", "var", "median", "min", "max", "dmean", "dmean2", "dvar", "dvar2"]
    segmentation:
        compute: 0
        cpw: 5
        inc1: 300
        inc2: 50
        minimumSegmentsLength: 10
        size1: 1000
        size2: 600
    sfx:
        compute: 1
        stats: ["mean", "var", "median", "min", "max", "dmean", "dmean2", "dvar", "dvar2"]
    svm:
        compute: 0
    tonal:
        compute: 1
        frameSize: 4096
        hopSize: 2048
        zeroPadding: 0
        silentFrames: "noise"
        windowType: "blackmanharris62"
        stats: ["mean", "var", "median", "min", "max", "dmean", "dmean2", "dvar", "dvar2"]

lowlevel:
    average_loudness: 0.852002978325
    barkbands_kurtosis:
        dmean: 1.06791305542
        dmean2: 1.65524733067
        dvar: 16.8460845947
        dvar2: 32.6854629517
        max: 232.100311279
        mean: -0.157635688782
        median: -0.988466620445
        min: -1.90984880924
        var: 23.8363018036
    barkbands_skewness:
        dmean: 0.450511276722
        dmean2: 0.687648355961
        dvar: 0.251298069954
        dvar2: 0.521190643311
        max: 12.8559217453
        mean: 0.100219883025
        median: -0.111226029694
        min: -4.81038427353
        var: 0.833378911018
    barkbands_spread:
        dmean: 6.22132873535
        dmean2: 9.99331283569
        dvar: 33.0289535522
        dvar2: 81.2652130127
        max: 82.2314300537
        mean: 32.9262733459
        median: 34.0302734375
        min: 0.468339085579
        var: 158.844665527
    dissonance:
        dmean: 0.0139317279682
        dmean2: 0.0236942600459
        dvar: 0.000273825833574
        dvar2: 0.000726569094695
        max: 0.500000059605
        mean: 0.477208763361
        median: 0.484398335218
        min: 0.141128882766
        var: 0.00077818572754
    hfc:
        dmean: 2.58817911148
        dmean2: 4.24314975739
        dvar: 11.7863273621
        dvar2: 31.0449810028
        max: 34.0045814514
        mean: 7.87158250809
        median: 7.50528669357
        min: 1.21953289117e-016
        var: 24.7309017181
    pitch:
        dmean: 835.993347168
        dmean2: 1589.55810547
        dvar: 1634572.125
        dvar2: 3959047
        max: 4890.87109375
        mean: 1243.7545166
        median: 354.729736328
        min: 58.1278305054
        var: 2186410
    pitch_instantaneous_confidence:
        dmean: 0.0816717892885
        dmean2: 0.13193552196
        dvar: 0.0046993768774
        dvar2: 0.0115967877209
        max: 0.959388494492
        mean: 0.364802360535
        median: 0.335529923439
        min: 0.121634840965
        var: 0.0185117032379
    pitch_salience:
        dmean: 0.0757803991437
        dmean2: 0.12238663435
        dvar: 0.0049762930721
        dvar2: 0.0128557616845
        max: 0.841547906399
        mean: 0.620965659618
        median: 0.637467622757
        min: 0.111497551203
        var: 0.0106576578692
    silence_rate_20dB:
        dmean: 0
        dmean2: 0
        dvar: 0
        dvar2: 0
        max: 1
        mean: 1
        median: 1
        min: 1
        var: 0
    silence_rate_30dB:
        dmean: 0
        dmean2: 0
        dvar: 0
        dvar2: 0
        max: 1
        mean: 1
        median: 1
        min: 1
        var: 0
    silence_rate_60dB:
        dmean: 0.0874308049679
        dmean2: 0.174875840545
        dvar: 0.0797754377127
        dvar2: 0.175575494766
        max: 1
        mean: 0.251851856709
        median: 0
        min: 0
        var: 0.188437923789
    spectral_centroid:
        dmean: 310.750396729
        dmean2: 493.525482178
        dvar: 98538.0859375
        dvar2: 241418.28125
        max: 11264.421875
        mean: 1658.23242188
        median: 1741.03649902
        min: 123.350997925
        var: 314900.53125
    spectral_complexity:
        dmean: 4.68349075317
        dmean2: 7.51917266846
        dvar: 24.1581077576
        dvar2: 59.3583717346
        max: 46
        mean: 15.4769229889
        median: 16
        min: 0
        var: 72.3457107544
    spectral_crest:
        dmean: 2.20969963074
        dmean2: 3.62764239311
        dvar: 4.48065042496
        dvar2: 10.7968902588
        max: 25.8982696533
        mean: 7.08638763428
        median: 6.06053495407
        min: 2.3169836998
        var: 11.8902864456
    spectral_decrease:
        dmean: 3.00452301927e-010
        dmean2: 4.6653125807e-010
        dvar: 1.67455464256e-019
        dvar2: 4.00976965158e-019
        max: 1.22929929642e-028
        mean: -1.02122188483e-009
        median: -9.88672588242e-010
        min: -4.09630684928e-009
        var: 3.44413424293e-019
    spectral_energy:
        dmean: 0.00131620408501
        dmean2: 0.00203866232187
        dvar: 3.00145984511e-006
        dvar2: 7.22231834516e-006
        max: 0.0173972398043
        mean: 0.00456830719486
        median: 0.00443305959925
        min: 1.05975649738e-020
        var: 6.62308502797e-006
    spectral_energyband_high:
        dmean: 0.000237414613366
        dmean2: 0.000408018910093
        dvar: 1.30561573997e-007
        dvar2: 3.56822852154e-007
        max: 0.00379634671845
        mean: 0.000465492077637
        median: 0.000375115690986
        min: 7.72276984071e-021
        var: 1.7625619364e-007
    spectral_energyband_low:
        dmean: 0.000395737035433
        dmean2: 0.000647497363389
        dvar: 3.01339895259e-007
        dvar2: 7.30883584765e-007
        max: 0.00695546064526
        mean: 0.000670573499519
        median: 0.00045707722893
        min: 6.64932056079e-023
        var: 5.0963421927e-007
    spectral_energyband_middle_high:
        dmean: 0.000680609431583
        dmean2: 0.00107518106233
        dvar: 5.55401186375e-007
        dvar2: 1.3458968624e-006
        max: 0.0111318631098
        mean: 0.00229203258641
        median: 0.00219115102664
        min: 1.44930222229e-021
        var: 2.07941616281e-006
    spectral_energyband_middle_low:
        dmean: 0.000738192116842
        dmean2: 0.00117744680028
        dvar: 2.00752651836e-006
        dvar2: 4.89492094857e-006
        max: 0.0133582986891
        mean: 0.00130235927645
        median: 0.000874683726579
        min: 3.0256491176e-022
        var: 2.42542546403e-006
    spectral_flatness_db:
        dmean: 0.0175867397338
        dmean2: 0.0275752469897
        dvar: 0.000349680020008
        dvar2: 0.00075158913387
        max: 0.595255851746
        mean: 0.150938749313
        median: 0.127312257886
        min: 0.0566085390747
        var: 0.00537589332089
    spectral_flux:
        dmean: 0.00865953788161
        dmean2: 0.0126539720222
        dvar: 8.94248150871e-005
        dvar2: 0.000187291123439
        max: 0.11372576654
        mean: 0.0406591966748
        median: 0.0407018363476
        min: 1.02944472391e-010
        var: 0.000289545103442
    spectral_kurtosis:
        dmean: 2.88800787926
        dmean2: 4.67031908035
        dvar: 120.427658081
        dvar2: 297.420776367
        max: 308.76385498
        mean: 7.36239147186
        median: 2.79230070114
        min: -1.16903281212
        var: 519.263793945
    spectral_rms:
        dmean: 0.00028253509663
        dmean2: 0.000427273625974
        dvar: 9.88959030224e-008
        dvar2: 2.26783100743e-007
        max: 0.00411981996149
        mean: 0.00200821715407
        median: 0.00207964796573
        min: 3.21544527115e-012
        var: 4.23929918725e-007
    spectral_rolloff:
        dmean: 451.620239258
        dmean2: 752.680297852
        dvar: 357350.65625
        dvar2: 824096.5625
        max: 18906.1523438
        mean: 3229.71362305
        median: 3552.97851563
        min: 129.19921875
        var: 1016127.4375
    spectral_skewness:
        dmean: 0.257372230291
        dmean2: 0.423612892628
        dvar: 0.315722227097
        dvar2: 0.836347043514
        max: 14.5177125931
        mean: 1.53262901306
        median: 1.26341080666
        min: 0.008131952025
        var: 1.64570260048
    spectral_spread:
        dmean: 428646.8125
        dmean2: 615437.375
        dvar: 312086691840
        dvar2: 494291189760
        max: 40302272
        mean: 4696672.5
        median: 4843396
        min: 275747.34375
        var: 2.31926163046e+012
    spectral_strongpeak:
        dmean: 0.404369562864
        dmean2: 0.693860590458
        dvar: 0.335688233376
        dvar2: 0.878660798073
        max: 6.74888324738
        mean: 0.599650621414
        median: 0.261989414692
        min: 6.01949912138e-009
        var: 0.543753027916
    zerocrossingrate:
        dmean: 0.00903507135808
        dmean2: 0.0110384235159
        dvar: 7.52097694203e-005
        dvar2: 9.46759464568e-005
        max: 0.50927734375
        mean: 0.0948070064187
        median: 0.09912109375
        min: 0.00537109375
        var: 0.000704352627508
    barkbands:
        dmean: [5.04627109876e-007, 7.83754949225e-005, 0.0002909785253, 0.000288406270556, 0.000330253620632, 9.00498052943e-005, 8.4849569248e-005, 7.17753937352e-005, 0.000132905362989, 0.000100881916296, 8.87921341928e-005, 0.000118849537103, 0.000148524966789, 0.000101058969449, 7.24996134522e-005, 8.12661892269e-005, 0.000126903731143, 0.000115059556265, 0.000205647884286, 0.000174318949576, 0.000126748214825, 3.73443472199e-005, 6.38642541162e-006, 2.54184578807e-006, 1.47667094552e-006, 6.7639057022e-008, 2.82375206551e-010]
        dmean2: [6.70443171202e-007, 0.000132990811835, 0.000466602679808, 0.000475732551422, 0.000546928611584, 0.000151835178258, 0.000141418422572, 0.000116123948828, 0.000217264605453, 0.000166963989614, 0.000142528893775, 0.000187915793504, 0.000236503910855, 0.000161482923431, 0.000113665839308, 0.000130432337755, 0.000207682387554, 0.00019730857457, 0.00033961146255, 0.00028843965265, 0.00021994576673, 6.67195999995e-005, 1.11688241304e-005, 4.20409378421e-006, 2.33261880567e-006, 1.03821179209e-007, 4.98641461455e-010]
        dvar: [5.16015019342e-013, 1.10037330359e-008, 1.87622717363e-007, 3.73303691958e-007, 6.6139818955e-007, 2.88766948131e-008, 3.44648150019e-008, 2.64134847328e-008, 3.78626765496e-008, 2.02520009651e-008, 2.09465582657e-008, 4.64007605672e-008, 7.67189689554e-008, 5.06160588998e-008, 2.48978633266e-008, 2.26156355865e-008, 2.72133231505e-008, 2.41881430441e-008, 7.24464754853e-008, 5.25731209677e-008, 3.837028828e-008, 4.95885643659e-009, 1.1632640684e-010, 1.91719747716e-011, 7.53756345534e-012, 1.75610394282e-014, 2.43046421032e-019]
        dvar2: [9.52229072503e-013, 2.99090459066e-008, 4.31017753044e-007, 9.07206299416e-007, 1.71141391547e-006, 7.63180594276e-008, 8.70687060228e-008, 6.31760812553e-008, 9.62819726169e-008, 5.11722788588e-008, 5.324536545e-008, 1.10532212716e-007, 1.87982934108e-007, 1.23952943909e-007, 5.3305086567e-008, 5.18994696108e-008, 6.93601194257e-008, 6.62221637526e-008, 1.87108838645e-007, 1.34581654265e-007, 1.04864788852e-007, 1.40261384729e-008, 3.24229115778e-010, 4.8523490781e-011, 1.58457361815e-011, 3.66765300042e-014, 6.50148762023e-019]
        max: [6.69441988066e-006, 0.00136344518978, 0.00470170471817, 0.0057373396121, 0.00798977632076, 0.00286888773553, 0.00426657125354, 0.00383134442382, 0.00271133310162, 0.00299619371071, 0.00242758495733, 0.00444679474458, 0.00633255625144, 0.00534742418677, 0.00585205340758, 0.003690805519, 0.0031468635425, 0.00195361208171, 0.00584602355957, 0.00306637003087, 0.00266599352472, 0.000831540324725, 0.000186981749721, 9.38222146942e-005, 7.79301044531e-005, 1.95198049369e-006, 1.04887805108e-008]
        mean: [6.63955916025e-007, 0.000116064446047, 0.000425635196734, 0.00032173001091, 0.000361398502719, 0.000121076591313, 0.000114967362606, 0.000105794533738, 0.000223588634981, 0.000163130520377, 0.000152784821694, 0.000215760243009, 0.000260759465164, 0.000168956990819, 0.000118073199701, 0.000146368824062, 0.000247409829171, 0.00020443314861, 0.000447480881121, 0.00036221803748, 0.000214636907913, 5.66661292396e-005, 1.10307455543e-005, 4.87593433718e-006, 2.67909467766e-006, 1.2257279991e-007, 3.56116580669e-010]
        median: [1.92234566043e-007, 7.58903915994e-005, 0.00024006163585, 0.000100456178188, 0.000146178092109, 5.93126424064e-005, 4.60273440694e-005, 4.28219937021e-005, 0.000127924868139, 0.000104556369479, 7.35279390938e-005, 9.43202103372e-005, 9.76476585492e-005, 6.20000428171e-005, 6.07242363913e-005, 9.15768687264e-005, 0.000193868472707, 0.000162112643011, 0.000361086043995, 0.000304882181808, 0.000158440030646, 4.14702699345e-005, 7.75774424255e-006, 3.36593052452e-006, 1.68099359144e-006, 6.60134631403e-008, 1.41520989372e-010]
        min: [7.62765954456e-023, 3.94829174466e-023, 1.31056057537e-023, 5.60807370637e-024, 7.40823062625e-023, 5.55593788914e-023, 2.71919596723e-023, 7.49221654476e-023, 6.16073987469e-023, 5.29435855495e-023, 9.01366543584e-023, 1.33011894579e-022, 8.67094702438e-023, 8.37576663324e-023, 1.10598513482e-022, 2.18846372928e-022, 1.49889213925e-022, 1.71515059403e-022, 2.13195983145e-022, 2.51456241919e-022, 3.17721441482e-022, 4.67366032796e-022, 5.8457965615e-022, 9.57340389995e-022, 9.78660990478e-022, 1.6855721471e-021, 2.73464819989e-021]
        var: [1.0365567996e-012, 1.64022395666e-008, 3.13636007832e-007, 4.28374193007e-007, 5.87196666402e-007, 3.6409343096e-008, 5.88656092759e-008, 5.96556262167e-008, 7.63119487601e-008, 4.2209752138e-008, 4.90233560413e-008, 1.18159306339e-007, 1.83405106213e-007, 1.27724547383e-007, 4.99200503157e-008, 4.85610840428e-008, 5.21843546153e-008, 3.46321193945e-008, 1.99021641833e-007, 9.61635180374e-008, 5.0600757362e-008, 4.41785852345e-009, 1.39569522606e-010, 3.43654826818e-011, 1.56141332502e-011, 3.31728493687e-014, 5.00342734174e-019]
    frequency_bands:
        dmean: [5.04627109876e-007, 7.83754949225e-005, 0.0002909785253, 0.000288406270556, 0.000330253620632, 9.00498052943e-005, 8.4849569248e-005, 7.17753937352e-005, 0.000132905362989, 0.000100881916296, 8.87921341928e-005, 0.000118849537103, 0.000148524966789, 0.000101058969449, 7.24996134522e-005, 8.12661892269e-005, 0.000126903731143, 0.000115059556265, 0.000205647884286, 0.000174318949576, 0.000126748214825, 3.73443472199e-005, 6.38642541162e-006, 2.54184578807e-006, 1.47667094552e-006, 6.7639057022e-008, 2.82375206551e-010, 5.55825732662e-011]
        dmean2: [6.70443171202e-007, 0.000132990811835, 0.000466602679808, 0.000475732551422, 0.000546928611584, 0.000151835178258, 0.000141418422572, 0.000116123948828, 0.000217264605453, 0.000166963989614, 0.000142528893775, 0.000187915793504, 0.000236503910855, 0.000161482923431, 0.000113665839308, 0.000130432337755, 0.000207682387554, 0.00019730857457, 0.00033961146255, 0.00028843965265, 0.00021994576673, 6.67195999995e-005, 1.11688241304e-005, 4.20409378421e-006, 2.33261880567e-006, 1.03821179209e-007, 4.98641461455e-010, 1.03875998081e-010]
        dvar: [5.16015019342e-013, 1.10037330359e-008, 1.87622717363e-007, 3.73303691958e-007, 6.6139818955e-007, 2.88766948131e-008, 3.44648150019e-008, 2.64134847328e-008, 3.78626765496e-008, 2.02520009651e-008, 2.09465582657e-008, 4.64007605672e-008, 7.67189689554e-008, 5.06160588998e-008, 2.48978633266e-008, 2.26156355865e-008, 2.72133231505e-008, 2.41881430441e-008, 7.24464754853e-008, 5.25731209677e-008, 3.837028828e-008, 4.95885643659e-009, 1.1632640684e-010, 1.91719747716e-011, 7.53756345534e-012, 1.75610394282e-014, 2.43046421032e-019, 6.50892389316e-021]
        dvar2: [9.52229072503e-013, 2.99090459066e-008, 4.31017753044e-007, 9.07206299416e-007, 1.71141391547e-006, 7.63180594276e-008, 8.70687060228e-008, 6.31760812553e-008, 9.62819726169e-008, 5.11722788588e-008, 5.324536545e-008, 1.10532212716e-007, 1.87982934108e-007, 1.23952943909e-007, 5.3305086567e-008, 5.18994696108e-008, 6.93601194257e-008, 6.62221637526e-008, 1.87108838645e-007, 1.34581654265e-007, 1.04864788852e-007, 1.40261384729e-008, 3.24229115778e-010, 4.8523490781e-011, 1.58457361815e-011, 3.66765300042e-014, 6.50148762023e-019, 2.1008007799e-020]
        max: [6.69441988066e-006, 0.00136344518978, 0.00470170471817, 0.0057373396121, 0.00798977632076, 0.00286888773553, 0.00426657125354, 0.00383134442382, 0.00271133310162, 0.00299619371071, 0.00242758495733, 0.00444679474458, 0.00633255625144, 0.00534742418677, 0.00585205340758, 0.003690805519, 0.0031468635425, 0.00195361208171, 0.00584602355957, 0.00306637003087, 0.00266599352472, 0.000831540324725, 0.000186981749721, 9.38222146942e-005, 7.79301044531e-005, 1.95198049369e-006, 1.04887805108e-008, 1.29890453948e-009]
        mean: [6.63955916025e-007, 0.000116064446047, 0.000425635196734, 0.00032173001091, 0.000361398502719, 0.000121076591313, 0.000114967362606, 0.000105794533738, 0.000223588634981, 0.000163130520377, 0.000152784821694, 0.000215760243009, 0.000260759465164, 0.000168956990819, 0.000118073199701, 0.000146368824062, 0.000247409829171, 0.00020443314861, 0.000447480881121, 0.00036221803748, 0.000214636907913, 5.66661292396e-005, 1.10307455543e-005, 4.87593433718e-006, 2.67909467766e-006, 1.2257279991e-007, 3.56116580669e-010, 4.27118410085e-011]
        median: [1.92234566043e-007, 7.58903915994e-005, 0.00024006163585, 0.000100456178188, 0.000146178092109, 5.93126424064e-005, 4.60273440694e-005, 4.28219937021e-005, 0.000127924868139, 0.000104556369479, 7.35279390938e-005, 9.43202103372e-005, 9.76476585492e-005, 6.20000428171e-005, 6.07242363913e-005, 9.15768687264e-005, 0.000193868472707, 0.000162112643011, 0.000361086043995, 0.000304882181808, 0.000158440030646, 4.14702699345e-005, 7.75774424255e-006, 3.36593052452e-006, 1.68099359144e-006, 6.60134631403e-008, 1.41520989372e-010, 1.5965992417e-011]
        min: [7.62765954456e-023, 3.94829174466e-023, 1.31056057537e-023, 5.60807370637e-024, 7.40823062625e-023, 5.55593788914e-023, 2.71919596723e-023, 7.49221654476e-023, 6.16073987469e-023, 5.29435855495e-023, 9.01366543584e-023, 1.33011894579e-022, 8.67094702438e-023, 8.37576663324e-023, 1.10598513482e-022, 2.18846372928e-022, 1.49889213925e-022, 1.71515059403e-022, 2.13195983145e-022, 2.51456241919e-022, 3.17721441482e-022, 4.67366032796e-022, 5.8457965615e-022, 9.57340389995e-022, 9.78660990478e-022, 1.6855721471e-021, 2.73464819989e-021, 8.81774633956e-022]
        var: [1.0365567996e-012, 1.64022395666e-008, 3.13636007832e-007, 4.28374193007e-007, 5.87196666402e-007, 3.6409343096e-008, 5.88656092759e-008, 5.96556262167e-008, 7.63119487601e-008, 4.2209752138e-008, 4.90233560413e-008, 1.18159306339e-007, 1.83405106213e-007, 1.27724547383e-007, 4.99200503157e-008, 4.85610840428e-008, 5.21843546153e-008, 3.46321193945e-008, 1.99021641833e-007, 9.61635180374e-008, 5.0600757362e-008, 4.41785852345e-009, 1.39569522606e-010, 3.43654826818e-011, 1.56141332502e-011, 3.31728493687e-014, 5.00342734174e-019, 5.02857351927e-021]
    mfcc:
        mean: [-707.854614258, 98.9193344116, -47.8563842773, 42.0938835144, -16.1718425751, 2.07244491577, 11.0644397736, -0.590908050537, 1.27768075466, -3.12041974068, -3.67712569237, -2.60057234764, -5.44986581802]
        cov: [[6884.63037109, -499.690093994, -116.957870483, 1383.16430664, -70.5626220703, 467.21661377, 433.935760498, 361.231628418, 166.990905762, 81.348236084, 39.1888237, -84.3227539063, -94.5394897461], [-499.690093994, 516.292297363, -57.8849029541, -21.4792709351, 54.9822616577, -48.5457496643, 5.64810657501, -41.2562217712, -21.3416614532, -38.1696166992, -39.9971466064, 2.0278532505, -3.2256128788], [-116.957870483, -57.8849029541, 723.672851563, 212.805953979, 115.666748047, 54.2311706543, -18.3268089294, 45.1329421997, -1.08800125122, -1.18818724155, -19.8231887817, -10.8456506729, -6.15130519867], [1383.16430664, -21.4792709351, 212.805953979, 795.215942383, 117.390548706, 132.191864014, 131.356506348, 94.3430862427, 88.0118560791, -4.99459266663, -25.6394195557, -54.7748603821, -35.8640480042], [-70.5626220703, 54.9822616577, 115.666748047, 117.390548706, 196.976333618, 47.3124427795, 13.3449554443, -2.345089674, 8.19377231598, 13.6399469376, -15.6705169678, -4.75461816788, -5.98825454712], [467.21661377, -48.5457496643, 54.2311706543, 132.191864014, 47.3124427795, 182.368591309, 104.422767639, 59.6639060974, 22.1646633148, 35.901184082, 12.5233535767, -1.08298778534, -20.6076889038], [433.935760498, 5.64810657501, -18.3268089294, 131.356506348, 13.3449554443, 104.422767639, 232.800689697, 106.790985107, 2.97230386734, -6.50183677673, 9.37725543976, 3.15445756912, -16.5469703674], [361.231628418, -41.2562217712, 45.1329421997, 94.3430862427, -2.345089674, 59.6639060974, 106.790985107, 146.337173462, 30.0532302856, 7.91471195221, 14.8628959656, 7.8760304451, 6.17112016678], [166.990905762, -21.3416614532, -1.08800125122, 88.0118560791, 8.19377231598, 22.1646633148, 2.97230386734, 30.0532302856, 113.567932129, 40.1199836731, 4.90457057953, -0.56665211916, 3.8114233017], [81.348236084, -38.1696166992, -1.18818724155, -4.99459266663, 13.6399469376, 35.901184082, -6.50183677673, 7.91471195221, 40.1199836731, 90.1381149292, 27.0371665955, 12.5174245834, -1.32970905304], [39.1888237, -39.9971466064, -19.8231887817, -25.6394195557, -15.6705169678, 12.5233535767, 9.37725543976, 14.8628959656, 4.90457057953, 27.0371665955, 78.5827713013, 28.8711051941, 19.7901039124], [-84.3227539063, 2.0278532505, -10.8456506729, -54.7748603821, -4.75461816788, -1.08298778534, 3.15445756912, 7.8760304451, -0.56665211916, 12.5174245834, 28.8711051941, 76.2555618286, 32.7205467224], [-94.5394897461, -3.2256128788, -6.15130519867, -35.8640480042, -5.98825454712, -20.6076889038, -16.5469703674, 6.17112016678, 3.8114233017, -1.32970905304, 19.7901039124, 32.7205467224, 73.5941848755]]
        icov: [[0.000335385993822, 0.000213707447983, 0.000251617282629, -0.000625334971119, 0.000390150438761, -0.000430224230513, 7.53834392526e-005, -0.000364287639968, 0.000256417668425, -0.00021916469268, 4.92703584314e-005, -1.56187707034e-005, 9.17241195566e-005], [0.000213707447983, 0.00243339850567, 0.000380815647077, -0.00034645726555, -0.000659408804495, 0.000483001407702, -0.00059075903846, 0.000377044198103, 8.75756231835e-005, 0.000420488097006, 0.000919350073673, -0.000559501815587, 0.000165929348441], [0.000251617282629, 0.000380815647077, 0.00197168486193, -0.000878088350873, -0.000590090057813, -0.000645010150038, 0.00107969832607, -0.00129986088723, 0.000867219932843, -1.44916748468e-005, 0.000381056190236, -0.000242761278059, 0.000160228039022], [-0.000625334971119, -0.00034645726555, -0.000878088350873, 0.0031607709825, -0.00147015217226, 0.000165783043485, -0.000848146679346, 0.000524791656062, -0.00215740478598, 0.00148295448162, -0.000175973633304, 0.00115680706222, 1.20400281958e-005], [0.000390150438761, -0.000659408804495, -0.000590090057813, -0.00147015217226, 0.00727475062013, -0.00199451320805, 7.12906185072e-005, 0.000722544500604, 0.000686237472109, -0.00174216693267, 0.00127294543199, -0.000281550717773, -0.000588737719227], [-0.000430224230513, 0.000483001407702, -0.000645010150038, 0.000165783043485, -0.00199451320805, 0.0103642372414, -0.00387118966319, 3.88202461181e-005, -6.38469646219e-005, -0.00331317679957, -0.000392682704842, -0.000241599715082, 0.00151805998757], [7.53834392526e-005, -0.00059075903846, 0.00107969832607, -0.000848146679346, 7.12906185072e-005, -0.00387118966319, 0.00931722577661, -0.0057866089046, 0.0017636034172, 0.00191971193999, -0.000566951697692, -0.00106229633093, 0.00181789975613], [-0.000364287639968, 0.000377044198103, -0.00129986088723, 0.000524791656062, 0.000722544500604, 3.88202461181e-005, -0.0057866089046, 0.0129292821512, -0.00320120970719, 0.000463563803351, -0.000756407913286, -0.000151402855408, -0.0021750270389], [0.000256417668425, 8.75756231835e-005, 0.000867219932843, -0.00215740478598, 0.000686237472109, -6.38469646219e-005, 0.0017636034172, -0.00320120970719, 0.013098699972, -0.00632293242961, 0.00156111421529, 0.000240100634983, -0.00126187782735], [-0.00021916469268, 0.000420488097006, -1.44916748468e-005, 0.00148295448162, -0.00174216693267, -0.00331317679957, 0.00191971193999, 0.000463563803351, -0.00632293242961, 0.017842784524, -0.00512737361714, -0.00158761197235, 0.00251611392014], [4.92703584314e-005, 0.000919350073673, 0.000381056190236, -0.000175973633304, 0.00127294543199, -0.000392682704842, -0.000566951697692, -0.000756407913286, 0.00156111421529, -0.00512737361714, 0.0177963916212, -0.00446678325534, -0.00299387122504], [-1.56187707034e-005, -0.000559501815587, -0.000242761278059, 0.00115680706222, -0.000281550717773, -0.000241599715082, -0.00106229633093, -0.000151402855408, 0.000240100634983, -0.00158761197235, -0.00446678325534, 0.0189367551357, -0.00707724643871], [9.17241195566e-005, 0.000165929348441, 0.000160228039022, 1.20400281958e-005, -0.000588737719227, 0.00151805998757, 0.00181789975613, -0.0021750270389, -0.00126187782735, 0.00251611392014, -0.00299387122504, -0.00707724643871, 0.0187631826848]]
    sccoeffs:
        dmean: [0.0612587630749, 0.0463824942708, 0.0390705876052, 0.0313335247338, 0.0195024386048, 0.0208183843642]
        dmean2: [0.0996691808105, 0.0764409229159, 0.064269669354, 0.0509094521403, 0.032126031816, 0.033150665462]
        dvar: [0.00265536503866, 0.00135481753387, 0.000900908256881, 0.00062458042521, 0.000248744414421, 0.000479214562802]
        dvar2: [0.00680249603465, 0.00364581402391, 0.00247319485061, 0.00157706846949, 0.000643034116365, 0.00110260641668]
        max: [-0.35500395298, -0.403414785862, -0.449816554785, -0.452515780926, -0.626025021076, -0.495843499899]
        mean: [-0.646184027195, -0.771688580513, -0.777365744114, -0.776652991772, -0.804302752018, -0.745853841305]
        median: [-0.653898060322, -0.781621277332, -0.782616972923, -0.784403324127, -0.806656181812, -0.746691823006]
        min: [-0.965298175812, -0.961157619953, -0.956849038601, -0.962195754051, -0.959609150887, -0.963703930378]
        var: [0.00654302537441, 0.00450821127743, 0.00315983151086, 0.00321624008939, 0.00100614561234, 0.00256064184941]
    scvalleys:
        dmean: [0.394719302654, 0.410874098539, 0.332656443119, 0.290975302458, 0.270284473896, 0.299350500107]
        dmean2: [0.662061691284, 0.657623112202, 0.512830972672, 0.444291293621, 0.405524522066, 0.454631984234]
        dvar: [0.108489207923, 0.122163422406, 0.0864168480039, 0.0754008591175, 0.0928965508938, 0.129515364766]
        dvar2: [0.283422589302, 0.29355442524, 0.185128524899, 0.15354116261, 0.17996391654, 0.294513940811]
        max: [-5.3930888176, -4.93158102036, -5.2019534111, -5.74037456512, -5.60871696472, -7.73396873474]
        mean: [-7.1087179184, -6.83012104034, -6.77823352814, -7.15324211121, -7.03534650803, -9.81935882568]
        median: [-6.68212032318, -6.68684148788, -6.57045888901, -6.93052625656, -6.64304208755, -9.24719333649]
        min: [-26.9316387177, -27.9386367798, -27.6940670013, -27.1491470337, -27.289150238, -27.1745853424]
        var: [2.14741802216, 0.844734728336, 0.998706579208, 1.0942234993, 1.86554181576, 3.11889266968]

rhythm:
    beats_loudness:
        dmean: 0.00235240114853
        dmean2: 0.00418326212093
        dvar: 4.02802243116e-006
        dvar2: 1.22421179185e-005
        max: 0.0129412608221
        mean: 0.00567648373544
        median: 0.00556847918779
        min: 2.32069528039e-008
        var: 7.42997872294e-006
    bpm: 127.896492004
    bpm_confidence: 0
    first_peak_bpm: 129
    first_peak_spread: 0.423167824745
    first_peak_weight: 0.428822487593
    onset_rate: 4.38591909409
    second_peak_bpm: 96
    second_peak_spread: 0.303030312061
    second_peak_weight: 0.121265381575
    beats_loudness_band_ratio:
        dmean: [0.223774299026, 0.084635168314, 0.0638594552875, 0.129112616181, 0.0990754812956, 0.0969047769904]
        dmean2: [0.405005425215, 0.152134001255, 0.111151389778, 0.229405552149, 0.170639753342, 0.173092186451]
        dvar: [0.0328079238534, 0.00586305418983, 0.00538109289482, 0.0143856322393, 0.00928568281233, 0.00657695671543]
        dvar2: [0.0948466211557, 0.0167352687567, 0.014904354699, 0.0407858043909, 0.0253571867943, 0.0190964955837]
        max: [0.825732648373, 0.787589430809, 0.818170309067, 0.836979269981, 0.947906494141, 0.551915407181]
        mean: [0.294380784035, 0.113630928099, 0.107631921768, 0.176853969693, 0.164893314242, 0.190975487232]
        median: [0.251123487949, 0.078064724803, 0.0790491998196, 0.135122075677, 0.142084315419, 0.180425196886]
        min: [2.70838256711e-007, 9.88629617495e-005, 0.00444211950526, 0.0072707417421, 0.00519233103842, 1.60854688147e-005]
        var: [0.0480839498341, 0.0135054904968, 0.00937264133245, 0.0201550200582, 0.0130761694163, 0.0109625402838]
    beats_position: [0.638548731804, 1.28870749474, 1.93886613846, 2.57741498947, 3.22757363319, 3.87773227692, 4.5046710968, 5.14321994781, 5.78176879883, 6.43192720413, 7.08208608627, 7.73224496841, 8.38240337372, 9.02095222473, 9.65950107574, 10.2864398956, 10.9133787155, 11.5403175354, 12.1556463242, 12.7709751129, 13.3979139328, 14.0248527527, 14.6517915726, 15.2787294388, 15.9056682587, 16.5326080322, 17.1595458984, 17.786485672, 18.4134235382, 19.0403633118, 19.667301178, 20.2942390442, 20.9211788177, 21.548116684, 22.1634464264, 22.7787742615, 23.405714035, 24.0326519012, 24.6595916748, 25.286529541, 25.9134693146, 26.5404071808, 27.1673469543, 27.7942848206, 28.4212245941, 29.0365524292, 29.6518821716, 30.2788200378, 30.9057598114, 31.5326976776, 32.1596374512, 32.7865753174, 33.4135131836, 34.0404510498, 34.6673927307, 35.2943305969, 35.9212684631, 36.5482063293, 37.1635360718, 37.790473938, 38.4058036804, 39.0327415466, 39.6596832275, 40.2866210938, 40.91355896, 41.5404968262, 42.1674385071, 42.7943763733, 43.4213142395, 44.0482521057, 44.6635818481, 45.2789115906, 45.9058494568, 46.532787323, 47.1597251892, 47.7866668701, 48.4136047363, 49.0405426025, 49.6674804688, 50.2944221497, 50.9213600159, 51.5482978821, 52.1752357483, 52.8021774292, 53.4175033569, 54.0444450378, 54.6597709656, 55.1241722107, 55.6001815796, 56.06457901, 56.5405883789, 57.0049858093, 57.4693870544, 57.9453964233, 58.39818573, 58.8741950989, 59.3502044678, 59.8146018982, 60.2906112671, 60.766620636, 61.2310180664, 61.6954193115, 62.1598167419, 62.6242179871, 63.100227356, 63.5762329102, 64.0406341553, 64.5050354004, 64.9694290161, 65.4454421997, 65.9214477539, 66.3974609375, 66.8734664917, 67.3610839844, 67.8487091064, 68.3479385376, 68.8355560303, 69.3347854614, 69.8107910156, 70.2751922607, 70.7511978149, 71.2272109985, 71.7032165527, 72.1676177979, 72.632019043, 73.0964126587, 73.5608139038, 74.0368270874, 74.5128326416, 74.9772338867, 75.4416275024, 75.9060287476, 76.3820419312, 76.8580474854, 77.3224487305, 77.7984542847, 78.2860794067, 78.7736968994, 79.2613143921, 79.7489318848, 80.2365493774, 80.7241744995, 81.2117919922, 81.6877975464, 82.16381073, 82.6282043457, 83.1042175293, 83.5686187744, 84.0330123901, 84.4974136353, 84.9734191895, 85.449432373, 85.9138336182, 86.3782272339, 86.842628479, 87.3186416626, 87.7946472168, 88.2590484619, 88.7234420776, 89.1878433228, 89.6638565063, 90.1282501221, 90.6042633057, 91.0686569214, 91.544670105, 92.0090713501, 92.4734649658, 92.9378662109, 93.4138793945, 93.8782730103, 94.3542861938, 94.830291748, 95.2946929932, 95.7590942383, 96.223487854, 96.6878890991, 97.1522903442, 97.6282958984, 98.104309082, 98.5687026978, 99.0447158813, 99.5091171265, 99.9851226807, 100.449523926, 100.913917542, 101.378318787, 101.842720032, 102.318725586, 102.79473877, 103.259140015, 103.72353363, 104.187934875, 104.66394043, 105.139953613, 105.604354858, 106.080360413, 106.556373596, 107.020767212, 107.485168457, 107.949569702, 108.413963318, 108.878364563, 109.354377747, 109.818771362, 110.294784546, 110.759178162, 111.223579407, 111.69959259, 112.175598145, 112.663215637, 113.162445068, 113.6616745, 114.160903931, 114.648521423, 115.124534607, 115.6121521, 116.088157654, 116.564170837, 117.063400269, 117.5626297, 118.07346344, 118.561088562, 119.048706055, 119.5131073, 119.977500916, 120.441902161, 120.906303406, 121.38230896, 121.858322144, 122.322715759, 122.787117004, 123.25151825, 123.727523804, 124.203536987, 124.667930603, 125.132331848, 125.596733093, 126.061134338, 126.537139893, 127.013153076, 127.477546692, 127.941947937, 128.406341553, 128.882354736, 129.35836792, 129.822769165, 130.28717041, 130.751556396, 131.215957642, 131.680358887, 132.144760132, 132.620773315, 133.085174561, 133.561172485, 134.037185669, 134.501586914, 134.965988159, 135.441986084, 135.906387329, 136.370788574, 136.846801758, 137.322814941, 137.787200928, 138.251602173, 138.727615356, 139.20362854, 139.668029785, 140.14402771, 140.608428955, 141.084442139, 141.548843384, 142.024856567, 142.500854492, 142.965255737, 143.429656982, 143.905670166, 144.381668091, 144.857681274, 145.356918335, 145.856140137, 146.355377197, 146.842987061, 147.319000244, 147.795013428, 148.271011353, 148.747024536, 149.211425781, 149.687438965, 150.15184021, 150.627838135, 151.09223938, 151.556640625, 152.02104187, 152.497055054, 152.973052979, 153.437454224, 153.901855469, 154.366256714, 154.830657959, 155.295059204, 155.759460449, 156.223846436, 156.688247681, 157.164260864, 157.640274048, 158.104675293, 158.569061279, 159.033462524, 159.49786377, 159.962265015, 160.42666626, 160.902679443, 161.378677368, 161.843078613, 162.319091797, 162.783493042, 163.247894287, 163.723892212, 164.188293457, 164.652694702, 165.128707886, 165.604721069, 166.069107056, 166.533508301, 167.009521484, 167.485534668, 167.949935913, 168.414321899, 168.878723145, 169.34312439, 169.819137573, 170.295150757, 170.759536743, 171.223937988, 171.688339233, 172.164352417, 172.640365601, 173.104751587, 173.569152832, 174.045166016, 174.509567261, 174.973968506, 175.449981689, 175.914367676, 176.378768921, 176.854782104, 177.330795288, 177.795196533, 178.25958252, 178.723983765, 179.18838501, 179.652786255, 180.128799438, 180.593200684, 181.069198608, 181.533599854, 182.009613037, 182.485626221, 182.950012207, 183.414413452, 183.878814697, 184.354827881, 184.830841064, 185.29524231, 185.759628296, 186.224029541, 186.688430786, 187.152832031, 187.628845215, 188.10484314, 188.569244385, 189.045257568, 189.521270752, 189.985671997, 190.450057983, 190.914459229, 191.378860474, 191.843261719, 192.307662964, 192.783676147, 193.259674072, 193.724075317, 194.188476563, 194.652877808, 195.128890991, 195.604888916, 196.069290161, 196.533691406, 197.00970459, 197.485717773, 197.95010376, 198.414505005, 198.87890625, 199.343307495, 199.819320679, 200.295318604, 200.759719849, 201.224121094, 201.688522339, 202.152923584, 202.628936768, 203.104934692, 203.569335938, 204.033737183, 204.509750366, 204.974151611, 205.438537598, 205.902938843, 206.355728149, 206.820129395, 207.307754517, 207.7837677, 208.259765625, 208.72416687, 209.188568115, 209.664581299, 210.128982544, 210.604980469, 211.080993652, 211.557006836, 212.021408081, 212.485794067, 212.950195313, 213.414596558, 213.878997803, 214.343399048, 214.819412231, 215.295410156, 215.783035278, 216.2706604, 216.769882202, 217.269119263, 217.779953003, 218.255966187, 218.731964111, 219.196365356, 219.660766602, 220.136779785, 220.61277771, 221.088790894, 221.564804077, 222.064025879, 222.563262939, 223.07409668, 223.561721802, 224.049331665, 224.51373291, 224.978134155, 225.4425354, 225.906936646, 226.382949829, 226.858947754, 227.323348999, 227.787750244, 228.252151489, 228.728164673, 229.192550659, 229.668563843, 230.132965088, 230.597366333, 231.061767578, 231.537780762, 232.013778687, 232.478179932, 232.942581177, 233.406982422, 233.882995605, 234.347381592, 234.823394775, 235.322631836, 235.821853638, 236.332687378, 236.843536377, 237.33114624, 237.830383301, 238.329605103, 238.828842163, 239.328063965, 239.804077148, 240.280090332, 240.744491577, 241.220489502, 241.696502686, 242.160903931, 242.625305176, 243.089706421, 243.554092407, 244.030105591, 244.506118774, 244.97052002, 245.434921265, 245.910919189, 246.386932373, 246.851333618, 247.315734863, 247.780136108, 248.256134033, 248.732147217, 249.196548462, 249.660949707, 250.125350952, 250.601348877, 251.077362061, 251.541763306, 252.006164551, 252.470565796, 252.934967041, 253.410964966, 253.886978149, 254.351379395, 254.81578064, 255.291793823, 255.767791748, 256.232208252, 256.696594238, 257.160980225, 257.625396729, 258.089782715, 258.554199219, 259.030212402, 259.506195068, 259.970611572, 260.434997559, 260.911010742, 261.387023926, 261.851409912, 262.315826416, 262.7918396, 263.256225586, 263.73223877, 264.196624756, 264.66104126, 265.125427246, 265.58984375, 266.065856934, 266.5418396, 267.006256104, 267.47064209, 267.935058594, 268.411071777, 268.875457764, 269.351470947, 269.815856934, 270.291870117, 270.756286621, 271.232299805, 271.696685791, 272.161071777, 272.625488281, 273.089874268, 273.565887451, 274.030303955, 274.506286621, 274.982299805, 275.458312988, 275.922729492, 276.398712158, 277.014068604, 277.640991211, 278.267944336, 278.894866943, 279.521820068, 280.137145996, 280.775695801, 281.402618408, 282.029571533, 282.644897461, 283.260223389, 283.887145996, 284.514099121]
