
metadata:
    version:
        essentia: "2.1-beta2"
    audio_properties:
        analysis_sample_rate: 44100
        bitrate: 320
        channels: 2
        equal_loudness: 1
        length: 303.908569336
        replay_gain: -14.5620670319
        downmix: "mix"
    tags:
        album: "Immortalized"
        artist: "Disturbed"
        comment: ""
        date: ""
        genre: "Alternative Metal"
        title: "Save Our Last Goodbye"
        tracknumber: "9"

configuration:
    average_loudness:
        compute: 1
        frameSize: 88200
        hopSize: 44100
        silentFrames: "noise"
        windowType: "hann"
    general:
        analysisSampleRate: 44100
        endTime: 2000
        equalLoudness: 1
        nequalLoudness: 0
        shortSound: 0
        startTime: 0
    lowlevel:
        compute: 1
        frameSize: 2048
        hopSize: 1024
        zeroPadding: 0
        silentFrames: "noise"
        windowType: "blackmanharris62"
        mfccStats: ["mean", "cov", "icov"]
        stats: ["mean", "var", "median", "min", "max", "dmean", "dmean2", "dvar", "dvar2"]
    panning:
        compute: 0
        frameSize: 8192
        hopSize: 2048
        zeroPadding: 8192
        silentFrames: "noise"
        windowType: "hann"
        stats: ["copy"]
    rhythm:
        compute: 1
        maxTempo: 208
        minTempo: 40
        method: "degara"
        stats: ["mean", "var", "median", "min", "max", "dmean", "dmean2", "dvar", "dvar2"]
    segmentation:
        compute: 0
        cpw: 5
        inc1: 300
        inc2: 50
        minimumSegmentsLength: 10
        size1: 1000
        size2: 600
    sfx:
        compute: 1
        stats: ["mean", "var", "median", "min", "max", "dmean", "dmean2", "dvar", "dvar2"]
    svm:
        compute: 0
    tonal:
        compute: 1
        frameSize: 4096
        hopSize: 2048
        zeroPadding: 0
        silentFrames: "noise"
        windowType: "blackmanharris62"
        stats: ["mean", "var", "median", "min", "max", "dmean", "dmean2", "dvar", "dvar2"]

lowlevel:
    average_loudness: 0.912980079651
    barkbands_kurtosis:
        dmean: 1.7596514225
        dmean2: 2.94074463844
        dvar: 217.904144287
        dvar2: 641.409362793
        max: 707.353942871
        mean: 1.17837274075
        median: -0.935319662094
        min: -1.91432952881
        var: 371.851745605
    barkbands_skewness:
        dmean: 0.469899535179
        dmean2: 0.721276462078
        dvar: 0.376715123653
        dvar2: 0.896943032742
        max: 17.9942016602
        mean: 0.214243352413
        median: 0.0221778359264
        min: -9.00323867798
        var: 1.40646088123
    barkbands_spread:
        dmean: 5.89383125305
        dmean2: 9.40475082397
        dvar: 35.7717933655
        dvar2: 83.3146209717
        max: 77.2261123657
        mean: 31.6393470764
        median: 33.7509498596
        min: 0.0582648143172
        var: 183.547409058
    dissonance:
        dmean: 0.0147187216207
        dmean2: 0.0250130724162
        dvar: 0.000427836726885
        dvar2: 0.00103591848165
        max: 0.499999970198
        mean: 0.473331868649
        median: 0.484142124653
        min: 0.124771468341
        var: 0.00189005036373
    hfc:
        dmean: 2.51905107498
        dmean2: 4.08781814575
        dvar: 12.7389097214
        dvar2: 33.3522987366
        max: 54.4903450012
        mean: 8.26089477539
        median: 7.44365167618
        min: 1.18648603308e-016
        var: 43.5048828125
    pitch:
        dmean: 769.722290039
        dmean2: 1471.85681152
        dvar: 1617830.625
        dvar2: 4084594.25
        max: 5066.48535156
        mean: 1124.42431641
        median: 369.391967773
        min: 53.8828239441
        var: 2057757.75
    pitch_instantaneous_confidence:
        dmean: 0.0829552486539
        dmean2: 0.133770555258
        dvar: 0.00544414529577
        dvar2: 0.0129800923169
        max: 0.993786454201
        mean: 0.384335547686
        median: 0.347942918539
        min: 0.10454171896
        var: 0.0277947671711
    pitch_salience:
        dmean: 0.0704828351736
        dmean2: 0.115462072194
        dvar: 0.00434412714094
        dvar2: 0.0111453011632
        max: 0.950586378574
        mean: 0.633141934872
        median: 0.647438824177
        min: 0.0289132669568
        var: 0.010764545761
    silence_rate_20dB:
        dmean: 0
        dmean2: 0
        dvar: 0
        dvar2: 0
        max: 1
        mean: 1
        median: 1
        min: 1
        var: 0
    silence_rate_30dB:
        dmean: 0
        dmean2: 0
        dvar: 0
        dvar2: 0
        max: 1
        mean: 1
        median: 1
        min: 1
        var: 0
    silence_rate_60dB:
        dmean: 0.0606616251171
        dmean2: 0.121332518756
        dvar: 0.056979868561
        dvar2: 0.126489549875
        max: 1
        mean: 0.294652402401
        median: 0
        min: 0
        var: 0.20783662796
    spectral_centroid:
        dmean: 292.443969727
        dmean2: 462.957122803
        dvar: 96041.5234375
        dvar2: 226132.109375
        max: 10550.0175781
        mean: 1604.08691406
        median: 1606.17956543
        min: 55.7542877197
        var: 480323.75
    spectral_complexity:
        dmean: 4.19787597656
        dmean2: 6.7102689743
        dvar: 23.0561847687
        dvar2: 55.3532943726
        max: 47
        mean: 15.1277313232
        median: 15
        min: 0
        var: 104.285140991
    spectral_crest:
        dmean: 2.19105434418
        dmean2: 3.57487797737
        dvar: 4.73218631744
        dvar2: 11.2096071243
        max: 26.895734787
        mean: 7.21158409119
        median: 6.16922092438
        min: 2.39250707626
        var: 13.033613205
    spectral_decrease:
        dmean: 2.93535390439e-010
        dmean2: 4.62874710783e-010
        dvar: 1.66357136424e-019
        dvar2: 4.02910810032e-019
        max: -5.95207204865e-029
        mean: -1.06311015546e-009
        median: -1.07695652396e-009
        min: -4.97063279425e-009
        var: 4.60590656983e-019
    spectral_energy:
        dmean: 0.00127944431733
        dmean2: 0.00201496132649
        dvar: 3.03281171909e-006
        dvar2: 7.37407935958e-006
        max: 0.0203647129238
        mean: 0.00476172426715
        median: 0.00480030570179
        min: 1.09864222566e-020
        var: 9.32810235099e-006
    spectral_energyband_high:
        dmean: 0.000255055609159
        dmean2: 0.000428767933045
        dvar: 1.75010853809e-007
        dvar2: 4.56840865581e-007
        max: 0.0108185149729
        mean: 0.000595303892624
        median: 0.000393942696974
        min: 8.03433258831e-021
        var: 4.47753251365e-007
    spectral_energyband_low:
        dmean: 0.000439966592239
        dmean2: 0.000721751013771
        dvar: 4.12889676227e-007
        dvar2: 1.05427989183e-006
        max: 0.00812911335379
        mean: 0.000767884484958
        median: 0.000569661147892
        min: 3.10709843808e-023
        var: 7.08528887117e-007
    spectral_energyband_middle_high:
        dmean: 0.000666649371851
        dmean2: 0.0010476015741
        dvar: 6.36147490241e-007
        dvar2: 1.541551228e-006
        max: 0.0180652868003
        mean: 0.00219371216372
        median: 0.00197931751609
        min: 1.67775401804e-021
        var: 2.93315156341e-006
    spectral_energyband_middle_low:
        dmean: 0.000684108119458
        dmean2: 0.00111440848559
        dvar: 1.71689509898e-006
        dvar2: 4.27404802394e-006
        max: 0.0162510816008
        mean: 0.00140351615846
        median: 0.00111386843491
        min: 4.46664202185e-022
        var: 2.24899190471e-006
    spectral_flatness_db:
        dmean: 0.0181023124605
        dmean2: 0.0281206592917
        dvar: 0.000469614984468
        dvar2: 0.000938089448027
        max: 0.68187135458
        mean: 0.157671257854
        median: 0.132367894053
        min: 0.0560290068388
        var: 0.0065153427422
    spectral_flux:
        dmean: 0.00807905569673
        dmean2: 0.0122449463233
        dvar: 8.30534336274e-005
        dvar2: 0.000180150687811
        max: 0.119731217623
        mean: 0.0398104563355
        median: 0.0418828949332
        min: 1.04816134938e-010
        var: 0.000381455058232
    spectral_kurtosis:
        dmean: 3.5895524025
        dmean2: 6.04062271118
        dvar: 236.578857422
        dvar2: 600.098937988
        max: 462.68548584
        mean: 9.91583251953
        median: 2.79747867584
        min: -1.24383151531
        var: 1147.50073242
    spectral_rms:
        dmean: 0.000269254931482
        dmean2: 0.000412533001509
        dvar: 9.36555508702e-008
        dvar2: 2.13439733443e-007
        max: 0.00445735501125
        mean: 0.00198999256827
        median: 0.00216407608241
        min: 3.27390610282e-012
        var: 6.85520205934e-007
    spectral_rolloff:
        dmean: 459.466186523
        dmean2: 756.093688965
        dvar: 398854.65625
        dvar2: 875429.3125
        max: 18174.0234375
        mean: 3087.65795898
        median: 3466.84570313
        min: 64.599609375
        var: 1525645.75
    spectral_skewness:
        dmean: 0.283235043287
        dmean2: 0.465289413929
        dvar: 0.378037124872
        dvar2: 0.958963572979
        max: 16.5580787659
        mean: 1.69981455803
        median: 1.28360629082
        min: -0.111762553453
        var: 2.68610143661
    spectral_spread:
        dmean: 459145.34375
        dmean2: 668073.9375
        dvar: 463293022208
        dvar2: 833825079296
        max: 41845980
        mean: 4668802
        median: 4826037
        min: 225605.796875
        var: 3.47151663104e+012
    spectral_strongpeak:
        dmean: 0.426660269499
        dmean2: 0.736585021019
        dvar: 0.527208149433
        dvar2: 1.39914083481
        max: 10.7148675919
        mean: 0.602378129959
        median: 0.219232678413
        min: 8.37326596947e-011
        var: 0.768477857113
    zerocrossingrate:
        dmean: 0.00891280174255
        dmean2: 0.0107335690409
        dvar: 8.15093299025e-005
        dvar2: 0.000100141995063
        max: 0.48681640625
        mean: 0.0915624350309
        median: 0.09521484375
        min: 0.00244140625
        var: 0.00103410799056
    barkbands:
        dmean: [4.96366567404e-007, 8.41474611661e-005, 0.000335188349709, 0.00027448698529, 0.00029474022449, 0.000104566017399, 8.09527773526e-005, 5.59266700293e-005, 0.000135878522997, 0.000116993309348, 0.000100431745523, 0.000130672982777, 8.73536700965e-005, 0.000122735626064, 9.49503228185e-005, 9.54740753514e-005, 0.000104075887066, 0.000106807521661, 0.000177099762368, 0.000189716593013, 0.000140578849823, 3.97240437451e-005, 5.49867718291e-006, 2.82210430669e-006, 1.52987968249e-006, 6.43549213919e-008, 2.90299895234e-010]
        dmean2: [7.41154678963e-007, 0.000144132252899, 0.000545101123862, 0.000462925090687, 0.000489867059514, 0.00017374753952, 0.0001352209365, 9.25391141209e-005, 0.000219594920054, 0.000186642704648, 0.000164080396644, 0.000213514489587, 0.000140815667692, 0.000199481539312, 0.000151670057676, 0.000151529035065, 0.0001716925035, 0.00018379582616, 0.000292506301776, 0.000308583956212, 0.00023928504379, 6.87133142492e-005, 9.58714008448e-006, 4.6137033678e-006, 2.45250703301e-006, 9.8180528596e-008, 5.03866504076e-010]
        dvar: [6.72090963612e-013, 1.30995161385e-008, 2.74229648767e-007, 2.86929520144e-007, 5.42428779227e-007, 3.29530038812e-008, 2.40690702924e-008, 1.2188698939e-008, 5.55195214247e-008, 6.30416749914e-008, 7.2029280318e-008, 6.77916318637e-008, 2.75599578714e-008, 5.34311936917e-008, 4.09839664428e-008, 3.69771662179e-008, 2.96415514356e-008, 3.28914389058e-008, 6.5517625103e-008, 9.98276874498e-008, 5.74892453642e-008, 5.27252908e-009, 1.08658554376e-010, 2.91302572342e-011, 1.56153735775e-011, 2.8230938976e-014, 1.9388656024e-019]
        dvar2: [1.42689798779e-012, 3.7688970167e-008, 6.81854317008e-007, 7.25469874396e-007, 1.41532029829e-006, 8.74380674531e-008, 6.24567206842e-008, 3.11642764927e-008, 1.34819245545e-007, 1.43858159163e-007, 1.73836625095e-007, 1.73510684931e-007, 6.63732322437e-008, 1.35736428319e-007, 9.89081314628e-008, 8.78821140304e-008, 7.51749027472e-008, 9.0183270629e-008, 1.73004210069e-007, 2.46602866127e-007, 1.5366138939e-007, 1.45216327851e-008, 2.92079249675e-010, 6.51708131905e-011, 3.43173718609e-011, 5.94067709522e-014, 5.22798102866e-019]
        max: [1.23685231301e-005, 0.00117860303726, 0.00711495988071, 0.00613455101848, 0.00968252215534, 0.00318169337697, 0.00246378406882, 0.00249688862823, 0.0053520151414, 0.00966530758888, 0.0126506099477, 0.0103050516918, 0.00434860447422, 0.0033407593146, 0.00472944090143, 0.00515775615349, 0.00649679498747, 0.00481667276472, 0.00389791396447, 0.00731904944405, 0.0101635726169, 0.00116168416571, 0.0003242160019, 0.00013208539167, 0.000118392745208, 3.67035181625e-006, 6.64274768525e-009]
        mean: [6.11797872807e-007, 0.000117021874757, 0.000504064315464, 0.000343537976732, 0.000400051852921, 0.000159404546139, 0.000111440931505, 8.22270230856e-005, 0.000219078181544, 0.000189217258594, 0.000160929659614, 0.000213137303945, 0.000150522886543, 0.000199143760256, 0.0001673639199, 0.000175139532075, 0.000194654305233, 0.000175697961822, 0.000398658390623, 0.000427779188612, 0.000284573994577, 6.9107140007e-005, 8.94283766684e-006, 6.28998850516e-006, 2.99878047372e-006, 1.22417972648e-007, 3.99142718877e-010]
        median: [1.82882359923e-007, 8.41327928356e-005, 0.000309978378937, 0.000182770891115, 0.00020755751757, 8.71125303092e-005, 5.46840892639e-005, 4.36037589679e-005, 0.000120023127238, 8.63799359649e-005, 5.87368413107e-005, 8.20265995571e-005, 6.52319431538e-005, 6.6884313128e-005, 7.01668905094e-005, 8.99557198863e-005, 0.000138231582241, 0.000118430245493, 0.000265383394435, 0.000301697029499, 0.000157959118951, 3.84408267564e-005, 4.86649378217e-006, 3.95370807382e-006, 1.71557371687e-006, 5.33896802324e-008, 1.57341834006e-010]
        min: [1.38466261893e-023, 1.12792531297e-023, 9.24501514683e-024, 7.59872002448e-024, 6.87267989968e-023, 9.13958593789e-023, 6.2375724025e-023, 6.88391454114e-023, 1.43297227144e-022, 7.04566321224e-023, 9.29101441508e-023, 8.00138082069e-023, 1.45899672959e-022, 8.92763352769e-023, 1.84796296359e-022, 1.355668699e-022, 2.09696444708e-022, 2.24106118791e-022, 2.40126508002e-022, 4.41910538992e-022, 5.12244569508e-022, 4.11697317783e-022, 8.34447624455e-022, 7.22755270131e-022, 1.01627135408e-021, 2.00194570929e-021, 2.42744269079e-021]
        var: [1.05827987432e-012, 1.62294000461e-008, 4.49510338285e-007, 3.28499027091e-007, 5.21797460351e-007, 5.13452143025e-008, 3.07200416216e-008, 1.87431687948e-008, 1.07416418871e-007, 1.33922640089e-007, 1.57323270855e-007, 1.41675172927e-007, 6.21395273015e-008, 1.0848489751e-007, 1.02523230794e-007, 9.1449820161e-008, 5.42360680811e-008, 4.61717100109e-008, 1.99090010256e-007, 2.80925576135e-007, 1.24919225186e-007, 8.28136847986e-009, 1.58360560776e-010, 8.01974667231e-011, 2.97566693508e-011, 5.30287687134e-014, 3.90819704224e-019]
    frequency_bands:
        dmean: [4.96366567404e-007, 8.41474611661e-005, 0.000335188349709, 0.00027448698529, 0.00029474022449, 0.000104566017399, 8.09527773526e-005, 5.59266700293e-005, 0.000135878522997, 0.000116993309348, 0.000100431745523, 0.000130672982777, 8.73536700965e-005, 0.000122735626064, 9.49503228185e-005, 9.54740753514e-005, 0.000104075887066, 0.000106807521661, 0.000177099762368, 0.000189716593013, 0.000140578849823, 3.97240437451e-005, 5.49867718291e-006, 2.82210430669e-006, 1.52987968249e-006, 6.43549213919e-008, 2.90299895234e-010, 5.51658788095e-011]
        dmean2: [7.41154678963e-007, 0.000144132252899, 0.000545101123862, 0.000462925090687, 0.000489867059514, 0.00017374753952, 0.0001352209365, 9.25391141209e-005, 0.000219594920054, 0.000186642704648, 0.000164080396644, 0.000213514489587, 0.000140815667692, 0.000199481539312, 0.000151670057676, 0.000151529035065, 0.0001716925035, 0.00018379582616, 0.000292506301776, 0.000308583956212, 0.00023928504379, 6.87133142492e-005, 9.58714008448e-006, 4.6137033678e-006, 2.45250703301e-006, 9.8180528596e-008, 5.03866504076e-010, 1.02163291715e-010]
        dvar: [6.72090963612e-013, 1.30995161385e-008, 2.74229648767e-007, 2.86929520144e-007, 5.42428779227e-007, 3.29530038812e-008, 2.40690702924e-008, 1.2188698939e-008, 5.55195214247e-008, 6.30416749914e-008, 7.2029280318e-008, 6.77916318637e-008, 2.75599578714e-008, 5.34311936917e-008, 4.09839664428e-008, 3.69771662179e-008, 2.96415514356e-008, 3.28914389058e-008, 6.5517625103e-008, 9.98276874498e-008, 5.74892453642e-008, 5.27252908e-009, 1.08658554376e-010, 2.91302572342e-011, 1.56153735775e-011, 2.8230938976e-014, 1.9388656024e-019, 6.80446688263e-021]
        dvar2: [1.42689798779e-012, 3.7688970167e-008, 6.81854317008e-007, 7.25469874396e-007, 1.41532029829e-006, 8.74380674531e-008, 6.24567206842e-008, 3.11642764927e-008, 1.34819245545e-007, 1.43858159163e-007, 1.73836625095e-007, 1.73510684931e-007, 6.63732322437e-008, 1.35736428319e-007, 9.89081314628e-008, 8.78821140304e-008, 7.51749027472e-008, 9.0183270629e-008, 1.73004210069e-007, 2.46602866127e-007, 1.5366138939e-007, 1.45216327851e-008, 2.92079249675e-010, 6.51708131905e-011, 3.43173718609e-011, 5.94067709522e-014, 5.22798102866e-019, 2.14738575023e-020]
        max: [1.23685231301e-005, 0.00117860303726, 0.00711495988071, 0.00613455101848, 0.00968252215534, 0.00318169337697, 0.00246378406882, 0.00249688862823, 0.0053520151414, 0.00966530758888, 0.0126506099477, 0.0103050516918, 0.00434860447422, 0.0033407593146, 0.00472944090143, 0.00515775615349, 0.00649679498747, 0.00481667276472, 0.00389791396447, 0.00731904944405, 0.0101635726169, 0.00116168416571, 0.0003242160019, 0.00013208539167, 0.000118392745208, 3.67035181625e-006, 6.64274768525e-009, 1.10190778724e-009]
        mean: [6.11797872807e-007, 0.000117021874757, 0.000504064315464, 0.000343537976732, 0.000400051852921, 0.000159404546139, 0.000111440931505, 8.22270230856e-005, 0.000219078181544, 0.000189217258594, 0.000160929659614, 0.000213137303945, 0.000150522886543, 0.000199143760256, 0.0001673639199, 0.000175139532075, 0.000194654305233, 0.000175697961822, 0.000398658390623, 0.000427779188612, 0.000284573994577, 6.9107140007e-005, 8.94283766684e-006, 6.28998850516e-006, 2.99878047372e-006, 1.22417972648e-007, 3.99142718877e-010, 4.30844110388e-011]
        median: [1.82882359923e-007, 8.41327928356e-005, 0.000309978378937, 0.000182770891115, 0.00020755751757, 8.71125303092e-005, 5.46840892639e-005, 4.36037589679e-005, 0.000120023127238, 8.63799359649e-005, 5.87368413107e-005, 8.20265995571e-005, 6.52319431538e-005, 6.6884313128e-005, 7.01668905094e-005, 8.99557198863e-005, 0.000138231582241, 0.000118430245493, 0.000265383394435, 0.000301697029499, 0.000157959118951, 3.84408267564e-005, 4.86649378217e-006, 3.95370807382e-006, 1.71557371687e-006, 5.33896802324e-008, 1.57341834006e-010, 1.38488109869e-011]
        min: [1.38466261893e-023, 1.12792531297e-023, 9.24501514683e-024, 7.59872002448e-024, 6.87267989968e-023, 9.13958593789e-023, 6.2375724025e-023, 6.88391454114e-023, 1.43297227144e-022, 7.04566321224e-023, 9.29101441508e-023, 8.00138082069e-023, 1.45899672959e-022, 8.92763352769e-023, 1.84796296359e-022, 1.355668699e-022, 2.09696444708e-022, 2.24106118791e-022, 2.40126508002e-022, 4.41910538992e-022, 5.12244569508e-022, 4.11697317783e-022, 8.34447624455e-022, 7.22755270131e-022, 1.01627135408e-021, 2.00194570929e-021, 2.42744269079e-021, 6.6825863834e-022]
        var: [1.05827987432e-012, 1.62294000461e-008, 4.49510338285e-007, 3.28499027091e-007, 5.21797460351e-007, 5.13452143025e-008, 3.07200416216e-008, 1.87431687948e-008, 1.07416418871e-007, 1.33922640089e-007, 1.57323270855e-007, 1.41675172927e-007, 6.21395273015e-008, 1.0848489751e-007, 1.02523230794e-007, 9.1449820161e-008, 5.42360680811e-008, 4.61717100109e-008, 1.99090010256e-007, 2.80925576135e-007, 1.24919225186e-007, 8.28136847986e-009, 1.58360560776e-010, 8.01974667231e-011, 2.97566693508e-011, 5.30287687134e-014, 3.90819704224e-019, 5.43691841802e-021]
    mfcc:
        mean: [-726.049804688, 104.529785156, -42.5288581848, 38.2231445313, -13.1922168732, 2.53934788704, 9.71153450012, -4.75386142731, 4.23925542831, -2.18917703629, -5.34131908417, -2.99929952621, -5.57007837296]
        cov: [[13024.4755859, 105.011619568, -461.773193359, 2390.17163086, -341.350708008, 654.616149902, 596.21484375, -86.8903579712, 43.5052337646, -188.707580566, -226.204269409, -262.869567871, -259.071258545], [105.011619568, 1335.48327637, -224.097946167, -17.0476226807, 104.5519104, -118.190963745, -56.2181358337, -62.8378257751, -39.0180206299, -51.4990196228, -48.0620689392, 20.551815033, 38.3326301575], [-461.773193359, -224.097946167, 546.547546387, 108.097007751, 38.2678527832, 43.2329025269, -4.98528766632, 23.6394443512, 2.60524725914, 21.0316085815, 2.72114491463, 5.9662065506, 4.28285312653], [2390.17163086, -17.0476226807, 108.097007751, 971.042785645, 48.3799133301, 224.231338501, 148.088302612, 3.27169680595, 29.5176486969, -71.3651428223, -42.7658691406, -77.8575592041, -47.8451042175], [-341.350708008, 104.5519104, 38.2678527832, 48.3799133301, 262.499206543, 3.85720396042, -62.8491516113, -12.5056447983, 2.5959444046, -12.5649404526, -40.4814834595, -5.6827082634, 24.5830345154], [654.616149902, -118.190963745, 43.2329025269, 224.231338501, 3.85720396042, 173.247741699, 98.4976348877, -4.00366163254, 0.335426241159, -11.110751152, 0.471998780966, -18.7590961456, -23.1317749023], [596.21484375, -56.2181358337, -4.98528766632, 148.088302612, -62.8491516113, 98.4976348877, 257.161376953, 57.2265701294, -15.9392633438, -16.1674137115, 12.3257570267, -2.52071642876, -34.6273765564], [-86.8903579712, -62.8378257751, 23.6394443512, 3.27169680595, -12.5056447983, -4.00366163254, 57.2265701294, 148.07258606, 21.0690994263, -17.8274173737, 12.27821064, -7.18404483795, -3.39421439171], [43.5052337646, -39.0180206299, 2.60524725914, 29.5176486969, 2.5959444046, 0.335426241159, -15.9392633438, 21.0690994263, 98.8331680298, 34.9404144287, -2.55865383148, -6.9113407135, 3.18269252777], [-188.707580566, -51.4990196228, 21.0316085815, -71.3651428223, -12.5649404526, -11.110751152, -16.1674137115, -17.8274173737, 34.9404144287, 108.14944458, 27.9715595245, 3.27842521667, -2.55475139618], [-226.204269409, -48.0620689392, 2.72114491463, -42.7658691406, -40.4814834595, 0.471998780966, 12.3257570267, 12.27821064, -2.55865383148, 27.9715595245, 100.636833191, 32.3601799011, -4.06294059753], [-262.869567871, 20.551815033, 5.9662065506, -77.8575592041, -5.6827082634, -18.7590961456, -2.52071642876, -7.18404483795, -6.9113407135, 3.27842521667, 32.3601799011, 85.8471908569, 30.2588367462], [-259.071258545, 38.3326301575, 4.28285312653, -47.8451042175, 24.5830345154, -23.1317749023, -34.6273765564, -3.39421439171, 3.18269252777, -2.55475139618, -4.06294059753, 30.2588367462, 73.0476150513]]
        icov: [[0.000206429802347, -1.63403747138e-005, 0.000251592457062, -0.000489787373226, 0.000362308666809, -0.000186457444215, -4.18799281761e-005, 6.84446713421e-005, 5.03190203744e-005, -0.000117917981697, 0.000460738199763, -9.71956615103e-005, 0.000267071009148], [-1.63403747138e-005, 0.000961282115895, 0.000341957435012, -0.000156561334734, -0.000422183598857, 0.000934620213229, -0.000215154126636, 0.00038552537444, 0.000233667175053, 0.00022352191445, 0.000152206222992, -0.000206400160096, -0.000239426604821], [0.000251592457062, 0.000341957435012, 0.00246491306461, -0.00095640483778, 0.000122703509987, -0.000452314969152, 0.00038025554386, -0.000565416703466, 0.000746573554352, -0.00102100672666, 0.000896750891116, -0.000794221938122, 0.000221993235755], [-0.000489787373226, -0.000156561334734, -0.00095640483778, 0.00296867312863, -0.00106824422255, -0.00141444115434, -0.000374048395315, 0.000290346419206, -0.00129327259492, 0.00162710866425, -0.00125073792879, 0.00138994143344, -0.000438716815552], [0.000362308666809, -0.000422183598857, 0.000122703509987, -0.00106824422255, 0.00536198727787, -0.00139845279045, 0.00143601535819, -0.000441827753093, 0.000383035570849, -0.000429830164649, 0.00243378593586, -0.00039982481394, -0.00051823828835], [-0.000186457444215, 0.000934620213229, -0.000452314969152, -0.00141444115434, -0.00139845279045, 0.0113721378148, -0.00367981218733, 0.00229473644868, -0.000375027040718, 0.000584335881285, -0.00149036059156, 0.000961501267739, -6.20048231212e-005], [-4.18799281761e-005, -0.000215154126636, 0.00038025554386, -0.000374048395315, 0.00143601535819, -0.00367981218733, 0.00693248957396, -0.00335420295596, 0.00200782949105, -0.000983970589004, 0.000846312148497, -0.00203461316414, 0.00194693356752], [6.84446713421e-005, 0.00038552537444, -0.000565416703466, 0.000290346419206, -0.000441827753093, 0.00229473644868, -0.00335420295596, 0.00960281584412, -0.003667332232, 0.00357112684287, -0.00234307395294, 0.00233732606284, -0.000818542088382], [5.03190203744e-005, 0.000233667175053, 0.000746573554352, -0.00129327259492, 0.000383035570849, -0.000375027040718, 0.00200782949105, -0.003667332232, 0.013862811029, -0.00615928974003, 0.00226797792129, -0.000684169237502, -0.000711150525603], [-0.000117917981697, 0.00022352191445, -0.00102100672666, 0.00162710866425, -0.000429830164649, 0.000584335881285, -0.000983970589004, 0.00357112684287, -0.00615928974003, 0.014006767422, -0.00466078985482, 0.00214661331847, 0.000229072102229], [0.000460738199763, 0.000152206222992, 0.000896750891116, -0.00125073792879, 0.00243378593586, -0.00149036059156, 0.000846312148497, -0.00234307395294, 0.00226797792129, -0.00466078985482, 0.0152571806684, -0.00660900492221, 0.00300817145035], [-9.71956615103e-005, -0.000206400160096, -0.000794221938122, 0.00138994143344, -0.00039982481394, 0.000961501267739, -0.00203461316414, 0.00233732606284, -0.000684169237502, 0.00214661331847, -0.00660900492221, 0.0180041585118, -0.00741694867611], [0.000267071009148, -0.000239426604821, 0.000221993235755, -0.000438716815552, -0.00051823828835, -6.20048231212e-005, 0.00194693356752, -0.000818542088382, -0.000711150525603, 0.000229072102229, 0.00300817145035, -0.00741694867611, 0.0187804959714]]
    sccoeffs:
        dmean: [0.0559221915901, 0.0448944419622, 0.0382788814604, 0.0313526503742, 0.021350197494, 0.0193508677185]
        dmean2: [0.091936789453, 0.0738092437387, 0.063377790153, 0.0507131107152, 0.0347633548081, 0.030187735334]
        dvar: [0.00219714082778, 0.00131459161639, 0.000971786328591, 0.000674498442095, 0.000388891901821, 0.000347954570316]
        dvar2: [0.00577374408022, 0.00348900444806, 0.00250601884909, 0.00163445412181, 0.000886813504621, 0.000788899953477]
        max: [-0.362592101097, -0.442299544811, -0.415294855833, -0.520550012589, -0.338710278273, -0.581068098545]
        mean: [-0.662606358528, -0.776992380619, -0.78145134449, -0.779567360878, -0.795840382576, -0.752572119236]
        median: [-0.662376701832, -0.785152971745, -0.787640929222, -0.784460783005, -0.80116045475, -0.746306180954]
        min: [-0.976522028446, -0.975034296513, -0.964261233807, -0.956697165966, -0.963736951351, -0.957996189594]
        var: [0.0074700252153, 0.0048094028607, 0.00395160634071, 0.00372162018903, 0.0024081049487, 0.00294470926747]
    scvalleys:
        dmean: [0.384298145771, 0.371554791927, 0.333496779203, 0.287471950054, 0.259037464857, 0.287845164537]
        dmean2: [0.646450340748, 0.597784876823, 0.52145421505, 0.434837132692, 0.388638049364, 0.435145378113]
        dvar: [0.105500914156, 0.110479548573, 0.116040565073, 0.0819440484047, 0.0866335704923, 0.14096955955]
        dvar2: [0.269289880991, 0.258854150772, 0.232229679823, 0.157470211387, 0.168851599097, 0.297541737556]
        max: [-5.29832839966, -4.88238811493, -5.01221036911, -5.63297700882, -5.51246166229, -7.61818933487]
        mean: [-7.23017406464, -6.99069976807, -7.00599098206, -7.4444937706, -7.55369853973, -10.1685752869]
        median: [-6.50782966614, -6.5801692009, -6.57622623444, -6.93000030518, -6.7329826355, -9.27696228027]
        min: [-27.0464878082, -27.3919219971, -27.3698101044, -27.3279457092, -27.1212444305, -27.2485980988]
        var: [4.98345518112, 3.15570020676, 3.13547492027, 3.30411624908, 4.36793613434, 4.77186918259]

rhythm:
    beats_loudness:
        dmean: 0.0021226038225
        dmean2: 0.00374740432017
        dvar: 4.04260981668e-006
        dvar2: 1.16923019959e-005
        max: 0.0140207996592
        mean: 0.00565965985879
        median: 0.00581483589485
        min: 1.86485831118e-012
        var: 1.01658470157e-005
    bpm: 123.800224304
    bpm_confidence: 0
    first_peak_bpm: 123
    first_peak_spread: 0.314685314894
    first_peak_weight: 0.5
    onset_rate: 3.67873811722
    second_peak_bpm: 92
    second_peak_spread: 0.382022470236
    second_peak_weight: 0.0935374125838
    beats_loudness_band_ratio:
        dmean: [0.179743394256, 0.0797714814544, 0.0853725001216, 0.117937669158, 0.111254438758, 0.0966336354613]
        dmean2: [0.313998878002, 0.143387675285, 0.150054991245, 0.207191541791, 0.19492803514, 0.175550818443]
        dvar: [0.0255925506353, 0.00647334568202, 0.0126645164564, 0.0188840143383, 0.0162796266377, 0.0114883258939]
        dvar2: [0.0778623074293, 0.0202184934169, 0.0315764211118, 0.0535810478032, 0.0421932712197, 0.0344942957163]
        max: [0.997718513012, 0.663831114769, 0.928161859512, 0.982519567013, 0.854704022408, 0.800360441208]
        mean: [0.273963332176, 0.099021397531, 0.136868312955, 0.169029325247, 0.171027511358, 0.183187946677]
        median: [0.234602287412, 0.0702895075083, 0.0861231461167, 0.115388169885, 0.136690169573, 0.167333886027]
        min: [0, 0, 0, 0, 0, 0]
        var: [0.0455891564488, 0.00810133572668, 0.0257424674928, 0.0237176995724, 0.0192042086273, 0.0188179500401]
    beats_position: [0.638548731804, 1.30031740665, 1.9620860815, 2.62385487556, 3.27401351929, 3.92417216301, 4.57433080673, 5.22448968887, 5.87464857101, 6.53641700745, 7.19818592072, 7.77868461609, 8.34757328033, 8.92807197571, 9.50857162476, 10.0890703201, 10.6695690155, 11.2500677109, 11.8305664063, 12.3530158997, 12.8638544083, 13.3746938705, 13.8855323792, 14.3963718414, 14.90721035, 15.4296598434, 15.9521083832, 16.4629478455, 16.9737873077, 17.4846248627, 17.995464325, 18.5063037872, 19.0287532806, 19.5512008667, 20.062040329, 20.5728797913, 21.0837192535, 21.5945568085, 22.0937862396, 22.5930156708, 23.0806350708, 23.5682544708, 24.0558719635, 24.5434913635, 25.0311107635, 25.5187301636, 26.0063495636, 26.4939670563, 26.9815864563, 27.4692058563, 27.9452152252, 28.4212245941, 28.9088420868, 29.3964614868, 29.8840808868, 30.3717002869, 30.8593196869, 31.3469390869, 31.8229465485, 32.2989578247, 32.7865753174, 33.2741928101, 33.750202179, 34.2262115479, 34.7138328552, 35.1898422241, 35.6658477783, 36.1534690857, 36.6410865784, 37.1287078857, 37.6163253784, 38.1039466858, 38.5915641785, 39.0791816711, 39.5668029785, 40.0544204712, 40.5304298401, 41.0180473328, 41.5056686401, 41.981678009, 42.4692955017, 42.9569168091, 43.4445343018, 43.9205436707, 44.3965530396, 44.8841705322, 45.3601799011, 45.83618927, 46.3238105774, 46.8114280701, 47.2990455627, 47.7866668701, 48.2742843628, 48.7619056702, 49.2379112244, 49.7139205933, 50.2015419006, 50.6891593933, 51.1767807007, 51.6643981934, 52.152015686, 52.6396369934, 53.1156463623, 53.5916557312, 54.0676651001, 54.5552825928, 55.0312919617, 55.5189094543, 56.0065307617, 56.4941482544, 56.9817695618, 57.4693870544, 57.9570045471, 58.433013916, 58.9090232849, 59.3966445923, 59.884262085, 60.3718795776, 60.859500885, 61.3471183777, 61.8115196228, 62.2991371155, 62.7867546082, 63.2743759155, 63.7619934082, 64.2496109009, 64.7256240845, 65.2016296387, 65.6892471313, 66.1768722534, 66.6644897461, 67.1404953003, 67.6165084839, 68.1041259766, 68.5917434692, 69.0793609619, 69.5553741455, 70.0429916382, 70.5306091309, 71.0066223145, 71.4826278687, 71.9702453613, 72.4578704834, 72.9570999146, 73.4447174072, 73.9207229614, 74.396736145, 74.8843536377, 75.3719711304, 75.859588623, 76.3356018066, 76.8116073608, 77.2992248535, 77.7868499756, 78.2744674683, 78.7620849609, 79.2497024536, 79.7257156372, 80.2017211914, 80.677734375, 81.1537399292, 81.6413574219, 82.1289749146, 82.6166000366, 83.1042175293, 83.591835022, 84.0794525146, 84.6019058228, 85.1243515015, 85.6468048096, 86.1576385498, 86.656867981, 87.1444854736, 87.6321105957, 88.1081161499, 88.5841217041, 89.0717468262, 89.5593643188, 90.0469818115, 90.5345993042, 91.0222167969, 91.4982299805, 91.9742355347, 92.4618606567, 92.9262542725, 93.4138793945, 93.9014968872, 94.3891143799, 94.8767318726, 95.3643493652, 95.8519744873, 96.33959198, 96.8155975342, 97.3032150269, 97.7792282104, 98.2668457031, 98.7544631958, 99.2420806885, 99.7297058105, 100.217323303, 100.693328857, 101.169342041, 101.656959534, 102.144577026, 102.632194519, 103.119819641, 103.607437134, 104.083442688, 104.559455872, 105.047073364, 105.534690857, 106.02230835, 106.509933472, 106.985939026, 107.473556519, 107.949569702, 108.437187195, 108.924804688, 109.41242218, 109.888435364, 110.364440918, 110.852058411, 111.339683533, 111.827301025, 112.314918518, 112.790924072, 113.278549194, 113.766166687, 114.25378418, 114.741401672, 115.217414856, 115.681808472, 116.169433594, 116.657051086, 117.144668579, 117.632286072, 118.119903564, 118.595916748, 119.071922302, 119.559547424, 120.047164917, 120.53478241, 121.022399902, 121.510017395, 121.986030579, 122.462036133, 122.949661255, 123.437278748, 123.92489624, 124.400901794, 124.876914978, 125.364532471, 125.852149963, 126.339767456, 126.827392578, 127.315010071, 127.802627563, 128.267028809, 128.754638672, 129.242263794, 129.729888916, 130.217498779, 130.693511963, 131.169525146, 131.65713501, 132.144760132, 132.632385254, 133.108383179, 133.584396362, 134.072021484, 134.559631348, 135.04725647, 135.534866333, 136.010879517, 136.4868927, 136.974502563, 137.450515747, 137.926528931, 138.414154053, 138.901763916, 139.389389038, 139.876998901, 140.364624023, 140.852249146, 141.339859009, 141.827484131, 142.315093994, 142.791107178, 143.2787323, 143.766342163, 144.242355347, 144.71836853, 145.205978394, 145.693603516, 146.169616699, 146.657226563, 147.121627808, 147.574417114, 148.027206421, 148.491607666, 148.956008911, 149.420410156, 149.884811401, 150.372421265, 150.860046387, 151.336044312, 151.823669434, 152.311294556, 152.78729248, 153.274917603, 153.762542725, 154.250152588, 154.73777771, 155.213790894, 155.689788818, 156.17741394, 156.665023804, 157.152648926, 157.640274048, 158.116271973, 158.592285156, 159.079910278, 159.555908203, 160.031921387, 160.519546509, 161.007156372, 161.494781494, 161.982406616, 162.470016479, 162.946029663, 163.433654785, 163.90965271, 164.397277832, 164.884887695, 165.372512817, 165.860137939, 166.336135864, 166.812149048, 167.29977417, 167.775772095, 168.251785278, 168.7394104, 169.227020264, 169.714645386, 170.202270508, 170.689880371, 171.177505493, 171.665115356, 172.152740479, 172.628753662, 173.104751587, 173.592376709, 174.080001831, 174.555999756, 175.043624878, 175.53125, 176.007247925, 176.494873047, 176.97088623, 177.458496094, 177.934509277, 178.422134399, 178.898132324, 179.374145508, 179.86177063, 180.349380493, 180.837005615, 181.324615479, 181.812240601, 182.299865723, 182.787475586, 183.275100708, 183.762710571, 184.250335693, 184.726348877, 185.190750122, 185.666748047, 186.154373169, 186.641998291, 187.129608154, 187.617233276, 188.10484314, 188.592468262, 189.080093384, 189.556091309, 190.043716431, 190.519729614, 191.007339478, 191.4949646, 191.982574463, 192.458587646, 192.946212769, 193.422225952, 193.909835815, 194.397460938, 194.885070801, 195.361083984, 195.848709106, 196.324707031, 196.812332153, 197.299957275, 197.787567139, 198.275192261, 198.762802124, 199.238815308, 199.72644043, 200.202438354, 200.690063477, 201.177688599, 201.653686523, 202.129699707, 202.617324829, 203.104934692, 203.592559814, 204.080184937, 204.556182861, 205.032196045, 205.508209229, 205.984207153, 206.471832275, 206.959457397, 207.447067261, 207.934692383, 208.422302246, 208.909927368, 209.39755249, 209.885162354, 210.361175537, 210.848800659, 211.324798584, 211.812423706, 212.300048828, 212.787658691, 213.263671875, 213.751281738, 214.227294922, 214.714920044, 215.202529907, 215.690155029, 216.177780151, 216.653778076, 217.141403198, 217.617416382, 218.105026245, 218.592651367, 219.068664551, 219.544662476, 220.032287598, 220.51991272, 221.007522583, 221.495147705, 221.982757568, 222.458770752, 222.934783936, 223.422393799, 223.910018921, 224.397644043, 224.885253906, 225.349655151, 225.837280273, 226.313278198, 226.80090332, 227.288528442, 227.776138306, 228.263763428, 228.751373291, 229.227386475, 229.715011597, 230.20262146, 230.690246582, 231.189468384, 231.677093506, 232.164718628, 232.652328491, 233.139953613, 233.67401123, 234.219680786, 234.753738403, 235.287796021, 235.821853638, 236.367523193, 236.924804688, 237.470474243, 237.969696045, 238.468933105, 238.968154907, 239.490600586, 240.013061523, 240.523895264, 241.115997314, 241.696502686, 242.277008057, 242.857498169, 243.43800354, 244.018493652, 244.598999023, 245.249160767, 245.89932251, 246.549468994, 247.222854614, 247.896224976, 248.557998657, 249.219772339, 249.869934082, 250.520080566, 251.17024231, 251.820404053, 252.470565796, 253.109115601, 253.759277344, 254.39781189, 255.047973633, 255.698135376, 256.336669922, 256.975219727, 257.625396729, 258.275543213, 258.925720215, 259.575866699, 260.202819824, 260.852966309, 261.503112793, 262.153289795, 262.780212402, 263.418762207, 264.057312012, 264.707489014, 265.357635498, 266.007781982, 266.657958984, 267.296508789, 267.935058594, 268.585205078, 269.23538208, 269.885528564, 270.524078369, 271.162628174, 271.812774658, 272.46295166, 273.113098145, 273.751647949, 274.390197754, 275.040344238, 275.69052124, 276.340667725, 276.990844727, 277.629394531, 278.267944336, 278.91809082, 279.556640625, 280.19519043, 280.845336914, 281.495513916, 282.1456604, 282.795837402, 283.445983887, 284.107757568, 284.76953125, 285.442901611, 286.116271973, 286.801269531, 287.463043213, 288.113189697, 288.774963379, 289.44833374, 290.075286865, 290.690612793, 291.3175354, 291.944488525, 292.548217773, 293.175140381, 293.802093506, 294.312927246, 294.823760986, 295.334594727, 295.833831787, 296.333068848, 296.832275391, 297.331512451, 297.830749512, 298.329986572, 298.852416992, 299.421295166, 299.97857666, 300.617126465, 301.25567627, 301.894226074, 302.532775879, 303.171325684]
