
metadata:
    version:
        essentia: "2.1-beta2"
    audio_properties:
        analysis_sample_rate: 44100
        bitrate: 320
        channels: 2
        equal_loudness: 1
        length: 296.777130127
        replay_gain: -15.6855945587
        downmix: "mix"
    tags:
        album: "Immortalized"
        artist: "Disturbed"
        comment: ""
        date: ""
        genre: "Alternative Metal"
        title: "Who Taught You How To Hate"
        tracknumber: "13"

configuration:
    average_loudness:
        compute: 1
        frameSize: 88200
        hopSize: 44100
        silentFrames: "noise"
        windowType: "hann"
    general:
        analysisSampleRate: 44100
        endTime: 2000
        equalLoudness: 1
        nequalLoudness: 0
        shortSound: 0
        startTime: 0
    lowlevel:
        compute: 1
        frameSize: 2048
        hopSize: 1024
        zeroPadding: 0
        silentFrames: "noise"
        windowType: "blackmanharris62"
        mfccStats: ["mean", "cov", "icov"]
        stats: ["mean", "var", "median", "min", "max", "dmean", "dmean2", "dvar", "dvar2"]
    panning:
        compute: 0
        frameSize: 8192
        hopSize: 2048
        zeroPadding: 8192
        silentFrames: "noise"
        windowType: "hann"
        stats: ["copy"]
    rhythm:
        compute: 1
        maxTempo: 208
        minTempo: 40
        method: "degara"
        stats: ["mean", "var", "median", "min", "max", "dmean", "dmean2", "dvar", "dvar2"]
    segmentation:
        compute: 0
        cpw: 5
        inc1: 300
        inc2: 50
        minimumSegmentsLength: 10
        size1: 1000
        size2: 600
    sfx:
        compute: 1
        stats: ["mean", "var", "median", "min", "max", "dmean", "dmean2", "dvar", "dvar2"]
    svm:
        compute: 0
    tonal:
        compute: 1
        frameSize: 4096
        hopSize: 2048
        zeroPadding: 0
        silentFrames: "noise"
        windowType: "blackmanharris62"
        stats: ["mean", "var", "median", "min", "max", "dmean", "dmean2", "dvar", "dvar2"]

lowlevel:
    average_loudness: 0.930432081223
    barkbands_kurtosis:
        dmean: 1.05515158176
        dmean2: 1.663828969
        dvar: 8.57240772247
        dvar2: 18.1207237244
        max: 103.429367065
        mean: -0.181478515267
        median: -0.866460800171
        min: -1.91271388531
        var: 11.7137107849
    barkbands_skewness:
        dmean: 0.465621769428
        dmean2: 0.694578826427
        dvar: 0.273678153753
        dvar2: 0.578985929489
        max: 8.84925937653
        mean: -0.207017481327
        median: -0.409665316343
        min: -4.39650011063
        var: 0.98225736618
    barkbands_spread:
        dmean: 6.71760082245
        dmean2: 10.7087306976
        dvar: 41.2551383972
        dvar2: 101.145095825
        max: 75.3818740845
        mean: 33.8855895996
        median: 33.7801437378
        min: 1.09620702267
        var: 107.198493958
    dissonance:
        dmean: 0.00956843420863
        dmean2: 0.0163824614137
        dvar: 9.65719300439e-005
        dvar2: 0.000254069804214
        max: 0.500000119209
        mean: 0.48501804471
        median: 0.488191992044
        min: 0.130607634783
        var: 0.000176601242856
    hfc:
        dmean: 3.06793189049
        dmean2: 4.93008184433
        dvar: 15.7161073685
        dvar2: 39.2293624878
        max: 51.1823997498
        mean: 10.3905906677
        median: 9.50453853607
        min: 1.15504761115e-016
        var: 45.0781059265
    pitch:
        dmean: 1066.65075684
        dmean2: 2029.56811523
        dvar: 1986959.25
        dvar2: 4630276.5
        max: 4943.00976563
        mean: 1739.07727051
        median: 784.703063965
        min: 60.9679946899
        var: 2724741
    pitch_instantaneous_confidence:
        dmean: 0.0820205360651
        dmean2: 0.134692043066
        dvar: 0.00461782701313
        dvar2: 0.0118975536898
        max: 0.855657398701
        mean: 0.35033133626
        median: 0.327944278717
        min: 0.125055789948
        var: 0.0146777331829
    pitch_salience:
        dmean: 0.0684416741133
        dmean2: 0.11279900372
        dvar: 0.00486343959346
        dvar2: 0.0128327421844
        max: 0.987413287163
        mean: 0.660844564438
        median: 0.682733774185
        min: 0.156019538641
        var: 0.00935252569616
    silence_rate_20dB:
        dmean: 0
        dmean2: 0
        dvar: 0
        dvar2: 0
        max: 1
        mean: 1
        median: 1
        min: 1
        var: 0
    silence_rate_30dB:
        dmean: 0
        dmean2: 0
        dvar: 0
        dvar2: 0
        max: 1
        mean: 1
        median: 1
        min: 1
        var: 0
    silence_rate_60dB:
        dmean: 0.0921608507633
        dmean2: 0.184336125851
        dvar: 0.0836622193456
        dvar2: 0.177246823907
        max: 1
        mean: 0.239223971963
        median: 0
        min: 0
        var: 0.181995496154
    spectral_centroid:
        dmean: 325.042327881
        dmean2: 503.316131592
        dvar: 111930.351563
        dvar2: 256553.21875
        max: 11003.5283203
        mean: 1968.51721191
        median: 2066.83520508
        min: 139.729476929
        var: 462987.71875
    spectral_complexity:
        dmean: 4.7325925827
        dmean2: 7.54416704178
        dvar: 22.7745323181
        dvar2: 55.2547874451
        max: 48
        mean: 18.6181640625
        median: 20
        min: 0
        var: 85.9668121338
    spectral_crest:
        dmean: 1.99964857101
        dmean2: 3.28324604034
        dvar: 3.75159668922
        dvar2: 9.25656318665
        max: 22.7679519653
        mean: 6.59498405457
        median: 5.81570768356
        min: 2.34093546867
        var: 7.99386882782
    spectral_decrease:
        dmean: 3.09035574908e-010
        dmean2: 4.87403672977e-010
        dvar: 2.06019386971e-019
        dvar2: 4.92820198587e-019
        max: 2.17117967847e-031
        mean: -1.08162423462e-009
        median: -1.02860153728e-009
        min: -4.55834037183e-009
        var: 3.37388463694e-019
    spectral_energy:
        dmean: 0.00138648145366
        dmean2: 0.00218595634215
        dvar: 3.65007508663e-006
        dvar2: 8.64384492161e-006
        max: 0.0185179989785
        mean: 0.00502475397661
        median: 0.00476079899818
        min: 1.04757981715e-020
        var: 7.05256479705e-006
    spectral_energyband_high:
        dmean: 0.000300388637697
        dmean2: 0.000495307671372
        dvar: 1.90764509966e-007
        dvar2: 4.78376819046e-007
        max: 0.00761626614258
        mean: 0.000709962740075
        median: 0.000514086685143
        min: 7.45714712106e-021
        var: 4.5533798243e-007
    spectral_energyband_low:
        dmean: 0.000308539747493
        dmean2: 0.000511740450747
        dvar: 1.85290119248e-007
        dvar2: 4.78273364024e-007
        max: 0.00517551647499
        mean: 0.000495634332765
        median: 0.000331515184371
        min: 5.78465580238e-023
        var: 2.51586669719e-007
    spectral_energyband_middle_high:
        dmean: 0.00075937260408
        dmean2: 0.0011991529027
        dvar: 7.25703785065e-007
        dvar2: 1.72789304997e-006
        max: 0.0134169990197
        mean: 0.00262318830937
        median: 0.00247537484393
        min: 1.68565848004e-021
        var: 2.72959277936e-006
    spectral_energyband_middle_low:
        dmean: 0.000741161638871
        dmean2: 0.00120320334099
        dvar: 2.63724496108e-006
        dvar2: 6.54847053738e-006
        max: 0.0156931728125
        mean: 0.00134567019995
        median: 0.000949713750742
        min: 3.06268115149e-022
        var: 2.66535812443e-006
    spectral_flatness_db:
        dmean: 0.0158254299313
        dmean2: 0.0244930572808
        dvar: 0.000286132039037
        dvar2: 0.000642994360533
        max: 0.368997424841
        mean: 0.13302706182
        median: 0.126480534673
        min: 0.062999792397
        var: 0.000991645036265
    spectral_flux:
        dmean: 0.00839738640934
        dmean2: 0.0124432267621
        dvar: 9.74503491307e-005
        dvar2: 0.000207734963624
        max: 0.120527558029
        mean: 0.0444205068052
        median: 0.0440279096365
        min: 1.02351349618e-010
        var: 0.000256533530774
    spectral_kurtosis:
        dmean: 0.914205551147
        dmean2: 1.50918018818
        dvar: 1.85882914066
        dvar2: 4.96039819717
        max: 29.6209850311
        mean: 2.9664285183
        median: 2.68439984322
        min: -1.15134418011
        var: 3.50971961021
    spectral_rms:
        dmean: 0.000286920403596
        dmean2: 0.000441102514742
        dvar: 1.15540075285e-007
        dvar2: 2.54997218008e-007
        max: 0.00425045192242
        mean: 0.00213039759547
        median: 0.00215515238233
        min: 3.19691907495e-012
        var: 3.63584177876e-007
    spectral_rolloff:
        dmean: 407.773712158
        dmean2: 666.132873535
        dvar: 367219.59375
        dvar2: 856268.9375
        max: 18432.421875
        mean: 3547.18994141
        median: 3746.77734375
        min: 86.1328125
        var: 911263.8125
    spectral_skewness:
        dmean: 0.152818694711
        dmean2: 0.242447674274
        dvar: 0.0286232419312
        dvar2: 0.0667909830809
        max: 4.4857378006
        mean: 1.25812339783
        median: 1.24091315269
        min: 0.00710400706157
        var: 0.0953486189246
    spectral_spread:
        dmean: 509796.09375
        dmean2: 724992.5
        dvar: 466019876864
        dvar2: 791116447744
        max: 39841256
        mean: 5047038
        median: 4908109.5
        min: 1479590.75
        var: 1.80838386893e+012
    spectral_strongpeak:
        dmean: 0.586287021637
        dmean2: 1.01487863064
        dvar: 0.724564731121
        dvar2: 1.90693855286
        max: 13.2788295746
        mean: 0.774935305119
        median: 0.291770011187
        min: 2.2333548344e-009
        var: 1.13384914398
    zerocrossingrate:
        dmean: 0.00947827938944
        dmean2: 0.0113096646965
        dvar: 9.2400572612e-005
        dvar2: 0.000111182132969
        max: 0.509765625
        mean: 0.109736926854
        median: 0.1142578125
        min: 0.0068359375
        var: 0.00083867093781
    barkbands:
        dmean: [4.67325975251e-007, 6.70854497002e-005, 0.00021251628641, 0.000290568947094, 0.000354335963493, 8.68311180966e-005, 7.63255302445e-005, 8.34109232528e-005, 0.00012831670756, 6.94779300829e-005, 6.01618157816e-005, 9.39181991271e-005, 0.000111375455162, 0.000129205844132, 8.6894040578e-005, 0.000108506676042, 0.000158306953381, 0.000156377136591, 0.000282969063846, 0.000270583055681, 0.000157267029863, 3.73887014575e-005, 6.86447901899e-006, 4.65170296593e-006, 2.52253539657e-006, 1.057680592e-007, 2.5547045035e-010]
        dmean2: [6.23110338438e-007, 0.000113447997137, 0.000347523746314, 0.000486708362587, 0.000590534880757, 0.000145925485413, 0.000129229883896, 0.000136666887556, 0.000209617195651, 0.000113996364234, 9.84653597698e-005, 0.000152964974404, 0.00018004066078, 0.000211392631172, 0.00014014239423, 0.00017610656505, 0.000260700500803, 0.000264368456556, 0.000460286304587, 0.000437048031017, 0.000264144095127, 6.55004114378e-005, 1.17560866784e-005, 7.37804157325e-006, 3.95243932871e-006, 1.65887101389e-007, 4.60533833291e-010]
        dvar: [4.86577954577e-013, 7.99207722224e-009, 1.17545511102e-007, 4.37406328047e-007, 8.69382347446e-007, 2.49519356288e-008, 2.29669598895e-008, 3.15442321153e-008, 3.35256125084e-008, 1.04744808382e-008, 1.10981099866e-008, 3.00108276008e-008, 3.96085830801e-008, 5.54298225097e-008, 2.13972732865e-008, 2.91891879556e-008, 4.5548645744e-008, 4.72672816443e-008, 1.58750822266e-007, 1.69046927567e-007, 5.10729947223e-008, 4.69386840507e-009, 1.23608331903e-010, 8.30029794896e-011, 2.09585040295e-011, 4.26834233919e-014, 1.1184811833e-019]
        dvar2: [8.78006218077e-013, 2.12226183294e-008, 2.96916994103e-007, 1.10042253709e-006, 2.29204533753e-006, 6.78725768921e-008, 5.75090197685e-008, 7.57887335112e-008, 8.19748109393e-008, 2.63608725959e-008, 2.75137974626e-008, 7.57074118951e-008, 9.94111672981e-008, 1.4642606061e-007, 5.21566043687e-008, 7.19054042975e-008, 1.17110353415e-007, 1.21540438158e-007, 3.96503423872e-007, 4.16212913024e-007, 1.33095440447e-007, 1.33925324164e-008, 3.4192193521e-010, 1.80564799224e-010, 4.57066086368e-011, 9.83321497144e-014, 3.36563195937e-019]
        max: [6.85278109813e-006, 0.00102478032932, 0.0040579373017, 0.00606109807268, 0.00920546520501, 0.00243435753509, 0.00316376704723, 0.00505855306983, 0.00584640074521, 0.00218197470531, 0.00227165222168, 0.00358876958489, 0.00338960532099, 0.00378152052872, 0.00307291653007, 0.0034873529803, 0.00430901814252, 0.00498716486618, 0.00947010889649, 0.00735338265076, 0.00392469065264, 0.00120690790936, 0.000137122886372, 0.000219709967496, 8.67586786626e-005, 3.50338132193e-006, 5.17693221624e-009]
        mean: [5.83811413435e-007, 9.36288415687e-005, 0.000285749643808, 0.000337105710059, 0.000423962104833, 0.000124452504679, 9.52433256316e-005, 0.000113647744001, 0.000211222781218, 0.000113785768917, 9.46399522945e-005, 0.000158014256158, 0.000180422561243, 0.000205807591556, 0.000149246086949, 0.000205584830837, 0.000307095440803, 0.000284125562757, 0.000627215544228, 0.000599707360379, 0.000323214713717, 6.36617551208e-005, 1.24092812257e-005, 9.53759990807e-006, 4.51917094324e-006, 1.72182325286e-007, 2.69340022507e-010]
        median: [1.35516202704e-007, 6.18511985522e-005, 0.000142271237564, 0.000140724790981, 0.000207553923246, 7.34702407499e-005, 4.70026825496e-005, 4.82148680021e-005, 0.000130671236548, 7.44036005926e-005, 5.36193838343e-005, 7.08157967892e-005, 7.49353857827e-005, 7.86278760643e-005, 8.23129812488e-005, 0.000133634763188, 0.000229113094974, 0.000211977487197, 0.000464679818833, 0.000404890190111, 0.000214109692024, 4.5038148528e-005, 9.05693286768e-006, 6.53785173199e-006, 2.81468442154e-006, 1.03940429597e-007, 1.53366375155e-010]
        min: [1.02958449258e-023, 4.29713045457e-023, 9.6924767738e-024, 7.95968857521e-024, 2.81096668069e-023, 6.41832567944e-023, 5.9108634498e-023, 5.34418868952e-023, 8.78616489275e-023, 5.0753461552e-023, 2.65716341663e-023, 7.14180894828e-023, 8.19105706109e-023, 3.05306335934e-022, 7.79935101851e-023, 1.63712884262e-022, 3.04415314386e-022, 1.74488194113e-022, 2.47849191207e-022, 3.11591424269e-022, 4.55220351646e-022, 3.4759430392e-022, 6.20358145895e-022, 6.81646655509e-022, 1.33430321549e-021, 1.59086198645e-021, 2.56633007188e-021]
        var: [9.88642761407e-013, 1.07417905681e-008, 1.58258870897e-007, 4.50269283192e-007, 7.02916111095e-007, 2.77124900805e-008, 2.88382846492e-008, 4.89433453765e-008, 8.03012696338e-008, 1.93948679339e-008, 2.1033889297e-008, 6.57748273625e-008, 8.18875633968e-008, 1.09675788451e-007, 4.43774155201e-008, 6.68060877729e-008, 8.71062155738e-008, 7.84113538543e-008, 4.00787456556e-007, 4.152116162e-007, 1.19083985339e-007, 4.77663242293e-009, 1.65489524862e-010, 1.72659581077e-010, 3.71073519134e-011, 5.71723183661e-014, 1.15937040119e-019]
    frequency_bands:
        dmean: [4.67325975251e-007, 6.70854497002e-005, 0.00021251628641, 0.000290568947094, 0.000354335963493, 8.68311180966e-005, 7.63255302445e-005, 8.34109232528e-005, 0.00012831670756, 6.94779300829e-005, 6.01618157816e-005, 9.39181991271e-005, 0.000111375455162, 0.000129205844132, 8.6894040578e-005, 0.000108506676042, 0.000158306953381, 0.000156377136591, 0.000282969063846, 0.000270583055681, 0.000157267029863, 3.73887014575e-005, 6.86447901899e-006, 4.65170296593e-006, 2.52253539657e-006, 1.057680592e-007, 2.5547045035e-010, 6.0529789514e-011]
        dmean2: [6.23110338438e-007, 0.000113447997137, 0.000347523746314, 0.000486708362587, 0.000590534880757, 0.000145925485413, 0.000129229883896, 0.000136666887556, 0.000209617195651, 0.000113996364234, 9.84653597698e-005, 0.000152964974404, 0.00018004066078, 0.000211392631172, 0.00014014239423, 0.00017610656505, 0.000260700500803, 0.000264368456556, 0.000460286304587, 0.000437048031017, 0.000264144095127, 6.55004114378e-005, 1.17560866784e-005, 7.37804157325e-006, 3.95243932871e-006, 1.65887101389e-007, 4.60533833291e-010, 1.125272861e-010]
        dvar: [4.86577954577e-013, 7.99207722224e-009, 1.17545511102e-007, 4.37406328047e-007, 8.69382347446e-007, 2.49519356288e-008, 2.29669598895e-008, 3.15442321153e-008, 3.35256125084e-008, 1.04744808382e-008, 1.10981099866e-008, 3.00108276008e-008, 3.96085830801e-008, 5.54298225097e-008, 2.13972732865e-008, 2.91891879556e-008, 4.5548645744e-008, 4.72672816443e-008, 1.58750822266e-007, 1.69046927567e-007, 5.10729947223e-008, 4.69386840507e-009, 1.23608331903e-010, 8.30029794896e-011, 2.09585040295e-011, 4.26834233919e-014, 1.1184811833e-019, 7.05084392055e-021]
        dvar2: [8.78006218077e-013, 2.12226183294e-008, 2.96916994103e-007, 1.10042253709e-006, 2.29204533753e-006, 6.78725768921e-008, 5.75090197685e-008, 7.57887335112e-008, 8.19748109393e-008, 2.63608725959e-008, 2.75137974626e-008, 7.57074118951e-008, 9.94111672981e-008, 1.4642606061e-007, 5.21566043687e-008, 7.19054042975e-008, 1.17110353415e-007, 1.21540438158e-007, 3.96503423872e-007, 4.16212913024e-007, 1.33095440447e-007, 1.33925324164e-008, 3.4192193521e-010, 1.80564799224e-010, 4.57066086368e-011, 9.83321497144e-014, 3.36563195937e-019, 2.23751871019e-020]
        max: [6.85278109813e-006, 0.00102478032932, 0.0040579373017, 0.00606109807268, 0.00920546520501, 0.00243435753509, 0.00316376704723, 0.00505855306983, 0.00584640074521, 0.00218197470531, 0.00227165222168, 0.00358876958489, 0.00338960532099, 0.00378152052872, 0.00307291653007, 0.0034873529803, 0.00430901814252, 0.00498716486618, 0.00947010889649, 0.00735338265076, 0.00392469065264, 0.00120690790936, 0.000137122886372, 0.000219709967496, 8.67586786626e-005, 3.50338132193e-006, 5.17693221624e-009, 9.11390796166e-010]
        mean: [5.83811413435e-007, 9.36288415687e-005, 0.000285749643808, 0.000337105710059, 0.000423962104833, 0.000124452504679, 9.52433256316e-005, 0.000113647744001, 0.000211222781218, 0.000113785768917, 9.46399522945e-005, 0.000158014256158, 0.000180422561243, 0.000205807591556, 0.000149246086949, 0.000205584830837, 0.000307095440803, 0.000284125562757, 0.000627215544228, 0.000599707360379, 0.000323214713717, 6.36617551208e-005, 1.24092812257e-005, 9.53759990807e-006, 4.51917094324e-006, 1.72182325286e-007, 2.69340022507e-010, 4.66997933379e-011]
        median: [1.35516202704e-007, 6.18511985522e-005, 0.000142271237564, 0.000140724790981, 0.000207553923246, 7.34702407499e-005, 4.70026825496e-005, 4.82148680021e-005, 0.000130671236548, 7.44036005926e-005, 5.36193838343e-005, 7.08157967892e-005, 7.49353857827e-005, 7.86278760643e-005, 8.23129812488e-005, 0.000133634763188, 0.000229113094974, 0.000211977487197, 0.000464679818833, 0.000404890190111, 0.000214109692024, 4.5038148528e-005, 9.05693286768e-006, 6.53785173199e-006, 2.81468442154e-006, 1.03940429597e-007, 1.53366375155e-010, 1.85708705358e-011]
        min: [1.02958449258e-023, 4.29713045457e-023, 9.6924767738e-024, 7.95968857521e-024, 2.81096668069e-023, 6.41832567944e-023, 5.9108634498e-023, 5.34418868952e-023, 8.78616489275e-023, 5.0753461552e-023, 2.65716341663e-023, 7.14180894828e-023, 8.19105706109e-023, 3.05306335934e-022, 7.79935101851e-023, 1.63712884262e-022, 3.04415314386e-022, 1.74488194113e-022, 2.47849191207e-022, 3.11591424269e-022, 4.55220351646e-022, 3.4759430392e-022, 6.20358145895e-022, 6.81646655509e-022, 1.33430321549e-021, 1.59086198645e-021, 2.56633007188e-021, 6.99850788411e-022]
        var: [9.88642761407e-013, 1.07417905681e-008, 1.58258870897e-007, 4.50269283192e-007, 7.02916111095e-007, 2.77124900805e-008, 2.88382846492e-008, 4.89433453765e-008, 8.03012696338e-008, 1.93948679339e-008, 2.1033889297e-008, 6.57748273625e-008, 8.18875633968e-008, 1.09675788451e-007, 4.43774155201e-008, 6.68060877729e-008, 8.71062155738e-008, 7.84113538543e-008, 4.00787456556e-007, 4.152116162e-007, 1.19083985339e-007, 4.77663242293e-009, 1.65489524862e-010, 1.72659581077e-010, 3.71073519134e-011, 5.71723183661e-014, 1.15937040119e-019, 5.55067110033e-021]
    mfcc:
        mean: [-690.016845703, 90.851020813, -46.4896507263, 50.5996589661, -11.5660934448, -0.387690454721, 10.6491956711, -4.23009967804, 2.74659585953, -1.68635559082, -4.91791152954, -3.72292876244, -7.39113759995]
        cov: [[4144.8359375, -275.762756348, -399.03805542, 88.7035980225, -281.358459473, -46.0568962097, 3.1557738781, -69.9058227539, -38.6231918335, 25.1738586426, 10.1356344223, 14.6176605225, -50.5633468628], [-275.762756348, 797.539978027, -123.62739563, 172.651016235, 41.6942024231, 23.074054718, 36.6071472168, 19.6214065552, 19.1068058014, -44.3850440979, -8.09712791443, -45.1753425598, -5.92929649353], [-399.03805542, -123.62739563, 397.611694336, -17.8653297424, 95.243637085, -1.53126037121, -31.3442153931, 8.68417358398, -12.3676939011, -16.2135334015, -26.2534275055, -5.72445631027, -0.457123190165], [88.7035980225, 172.651016235, -17.8653297424, 212.115325928, -1.44673657417, 26.516336441, -22.0486698151, 7.12144041061, 32.7271270752, -20.5492191315, -15.4745159149, -30.210515976, 3.93129014969], [-281.358459473, 41.6942024231, 95.243637085, -1.44673657417, 181.2603302, 2.59573674202, -20.718132019, -3.46499538422, 9.47135162354, 24.5982589722, -7.43489551544, -3.77468681335, -2.48304271698], [-46.0568962097, 23.074054718, -1.53126037121, 26.516336441, 2.59573674202, 90.0175552368, 35.2940940857, 6.66677761078, 0.683052659035, 7.65870714188, 2.62130331993, -2.56386017799, -8.10374259949], [3.1557738781, 36.6071472168, -31.3442153931, -22.0486698151, -20.718132019, 35.2940940857, 174.830184937, 38.4082794189, -15.3548984528, -4.15659952164, 11.1203966141, 32.2856712341, -1.11516404152], [-69.9058227539, 19.6214065552, 8.68417358398, 7.12144041061, -3.46499538422, 6.66677761078, 38.4082794189, 104.934921265, 10.9761228561, -20.1133117676, 5.11305332184, 2.6198849678, 18.0031776428], [-38.6231918335, 19.1068058014, -12.3676939011, 32.7271270752, 9.47135162354, 0.683052659035, -15.3548984528, 10.9761228561, 84.9838562012, 22.6888790131, 7.29604578018, -5.56351089478, 5.7770113945], [25.1738586426, -44.3850440979, -16.2135334015, -20.5492191315, 24.5982589722, 7.65870714188, -4.15659952164, -20.1133117676, 22.6888790131, 109.06628418, 21.6877784729, 12.9072036743, -13.7629270554], [10.1356344223, -8.09712791443, -26.2534275055, -15.4745159149, -7.43489551544, 2.62130331993, 11.1203966141, 5.11305332184, 7.29604578018, 21.6877784729, 69.5308380127, 16.1498966217, 6.45034599304], [14.6176605225, -45.1753425598, -5.72445631027, -30.210515976, -3.77468681335, -2.56386017799, 32.2856712341, 2.6198849678, -5.56351089478, 12.9072036743, 16.1498966217, 77.6885299683, 19.1738491058], [-50.5633468628, -5.92929649353, -0.457123190165, 3.93129014969, -2.48304271698, -8.10374259949, -1.11516404152, 18.0031776428, 5.7770113945, -13.7629270554, 6.45034599304, 19.1738491058, 60.4879570007]]
        icov: [[0.00032267413917, 0.00020411387959, 0.00030052830698, -0.000373915157979, 0.000289120012894, 0.000263088120846, -4.85498458147e-005, 9.39529927564e-005, 0.000228637698456, -8.83712273207e-005, 2.09964837268e-005, -7.65069416957e-005, 0.000314637756674], [0.00020411387959, 0.00194787164219, 0.000902396044694, -0.0016256532399, -0.000799136061687, 0.000398890726501, -0.000704996462446, 4.57513415313e-005, 0.000214428262552, 0.000688639236614, -0.000240646273596, 0.00063993857475, 0.000427077990025], [0.00030052830698, 0.000902396044694, 0.00362906837836, -0.000499488669448, -0.00173724070191, 3.79557386623e-005, 0.000316211255267, -0.000439392955741, 0.000629040237982, 0.000858427432831, 0.000741123687476, -4.32639644714e-005, 0.000539866625331], [-0.000373915157979, -0.0016256532399, -0.000499488669448, 0.00738451862708, 0.000364679464838, -0.00264052441344, 0.00129807007033, -0.000112400106445, -0.00267966208048, 0.0009260593215, 0.00111473107245, 0.00108134816401, -0.00123204977717], [0.000289120012894, -0.000799136061687, -0.00173724070191, 0.000364679464838, 0.00750493304804, -0.000121614961245, 0.000719182076864, 1.57487520482e-005, -0.000243612288614, -0.00232859747484, 0.000791759695858, -0.000215587235289, -9.57823067438e-005], [0.000263088120846, 0.000398890726501, 3.79557386623e-005, -0.00264052441344, -0.000121614961245, 0.0134954545647, -0.00325450487435, 3.21503364376e-007, 0.000751729647163, -0.00139758712612, -0.000579060637392, 0.000977729447186, 0.00153589353431], [-4.85498458147e-005, -0.000704996462446, 0.000316211255267, 0.00129807007033, 0.000719182076864, -0.00325450487435, 0.00829146523029, -0.00306622567587, 0.00112071365584, 0.000238964610617, -6.44442625344e-005, -0.00362090812996, 0.001569298096], [9.39529927564e-005, 4.57513415313e-005, -0.000439392955741, -0.000112400106445, 1.57487520482e-005, 3.21503364376e-007, -0.00306622567587, 0.0119482120499, -0.00227188249119, 0.00212407996878, -0.00101568573155, 0.00127029768191, -0.00311908824369], [0.000228637698456, 0.000214428262552, 0.000629040237982, -0.00267966208048, -0.000243612288614, 0.000751729647163, 0.00112071365584, -0.00227188249119, 0.0147332884371, -0.0039231153205, -0.000846922397614, 0.000919087964576, -0.00132217153441], [-8.83712273207e-005, 0.000688639236614, 0.000858427432831, 0.0009260593215, -0.00232859747484, -0.00139758712612, 0.000238964610617, 0.00212407996878, -0.0039231153205, 0.0129180867225, -0.0032135406509, -0.00207406724803, 0.00334341055714], [2.09964837268e-005, -0.000240646273596, 0.000741123687476, 0.00111473107245, 0.000791759695858, -0.000579060637392, -6.44442625344e-005, -0.00101568573155, -0.000846922397614, -0.0032135406509, 0.016820544377, -0.00221402826719, -0.00155904702842], [-7.65069416957e-005, 0.00063993857475, -4.32639644714e-005, 0.00108134816401, -0.000215587235289, 0.000977729447186, -0.00362090812996, 0.00127029768191, 0.000919087964576, -0.00207406724803, -0.00221402826719, 0.0175829343498, -0.00629167165607], [0.000314637756674, 0.000427077990025, 0.000539866625331, -0.00123204977717, -9.57823067438e-005, 0.00153589353431, 0.001569298096, -0.00311908824369, -0.00132217153441, 0.00334341055714, -0.00155904702842, -0.00629167165607, 0.021127993241]]
    sccoeffs:
        dmean: [0.0602323077619, 0.0458412691951, 0.0368632674217, 0.0314195565879, 0.0203642956913, 0.019892545417]
        dmean2: [0.0978151187301, 0.0760697126389, 0.0614806190133, 0.0517574734986, 0.0334683433175, 0.0309790186584]
        dvar: [0.00265562208369, 0.00128848978784, 0.000834604783449, 0.000609440554399, 0.000273654703051, 0.000334443117026]
        dvar2: [0.00664642034099, 0.00347466650419, 0.00225772778504, 0.00160932005383, 0.000702275428921, 0.000744294142351]
        max: [-0.268979549408, -0.518113732338, -0.558916866779, -0.603904485703, -0.631738841534, -0.568199634552]
        mean: [-0.664033532143, -0.782341897488, -0.793647646904, -0.787897109985, -0.799278914928, -0.753175675869]
        median: [-0.671357572079, -0.78824865818, -0.798327863216, -0.791227400303, -0.802213847637, -0.75630903244]
        min: [-0.988103985786, -0.987751662731, -0.986440658569, -0.975527524948, -0.974954068661, -0.959507465363]
        var: [0.00637809699401, 0.00307396193966, 0.00234160711989, 0.00221431581303, 0.00105906964745, 0.00186396646313]
    scvalleys:
        dmean: [0.362980008125, 0.380194038153, 0.30412954092, 0.267230302095, 0.239426225424, 0.286841779947]
        dmean2: [0.611822545528, 0.621261775494, 0.477906316519, 0.412503600121, 0.356746524572, 0.412855923176]
        dvar: [0.0858958959579, 0.113508380949, 0.0706618204713, 0.0606010966003, 0.0724895372987, 0.142924308777]
        dvar2: [0.224089220166, 0.280864089727, 0.153440877795, 0.121961936355, 0.135384321213, 0.297035366297]
        max: [-5.39719104767, -4.6983332634, -5.27510690689, -5.66397047043, -5.4270529747, -7.59084415436]
        mean: [-6.75373458862, -6.70043420792, -6.75459003448, -6.99649333954, -6.71812915802, -9.32710075378]
        median: [-6.63121891022, -6.60603237152, -6.60760974884, -6.83800029755, -6.49214172363, -9.00262260437]
        min: [-26.979598999, -27.2002868652, -27.1199493408, -27.4405078888, -27.2785720825, -27.2067680359]
        var: [0.857786357403, 0.959767580032, 1.0387827158, 1.01854157448, 1.10998988152, 1.51156616211]

rhythm:
    beats_loudness:
        dmean: 0.00271657155827
        dmean2: 0.00474741496146
        dvar: 5.12726819579e-006
        dvar2: 1.47431383084e-005
        max: 0.0134945781901
        mean: 0.00635779323056
        median: 0.00592823885381
        min: 1.27346078127e-010
        var: 8.39400763653e-006
    bpm: 166.252578735
    bpm_confidence: 0
    first_peak_bpm: 167
    first_peak_spread: 0
    first_peak_weight: 0.369822472334
    onset_rate: 3.45377016068
    second_peak_bpm: 112
    second_peak_spread: 0.359589040279
    second_peak_weight: 0.276627212763
    beats_loudness_band_ratio:
        dmean: [0.257443845272, 0.0816721618176, 0.0600197203457, 0.0771922245622, 0.121011190116, 0.135142952204]
        dmean2: [0.458391189575, 0.147091776133, 0.108150206506, 0.135538682342, 0.208833396435, 0.228546276689]
        dvar: [0.042419962585, 0.00494710635394, 0.00413752859458, 0.00577279180288, 0.0108604012057, 0.0112612191588]
        dvar2: [0.118738405406, 0.0137273566797, 0.0116223916411, 0.0170794911683, 0.033160790801, 0.0344562493265]
        max: [0.825255036354, 0.491825163364, 0.490433335304, 0.571022629738, 0.625701546669, 0.756221711636]
        mean: [0.29994019866, 0.1004781425, 0.0886712372303, 0.10970299691, 0.193442180753, 0.259042531252]
        median: [0.227608829737, 0.0674264878035, 0.0678224042058, 0.0889435112476, 0.170380100608, 0.240237742662]
        min: [7.57550442358e-005, 0.000998047646135, 0.0123886717483, 0.00542371673509, 0.00554201705381, 0.00317126535811]
        var: [0.0562721192837, 0.00691838655621, 0.00442159827799, 0.00682270806283, 0.0149824796245, 0.0201433505863]
