
metadata:
    version:
        essentia: "2.1-beta2"
    audio_properties:
        analysis_sample_rate: 44100
        bitrate: 320
        channels: 2
        equal_loudness: 1
        length: 226.951843262
        replay_gain: -15.0243167877
        downmix: "mix"
    tags:
        album: "Immortalized"
        artist: "Disturbed"
        comment: ""
        date: ""
        genre: "Alternative Metal"
        title: "Tyrant (Bonus Track)"
        tracknumber: "14"

configuration:
    average_loudness:
        compute: 1
        frameSize: 88200
        hopSize: 44100
        silentFrames: "noise"
        windowType: "hann"
    general:
        analysisSampleRate: 44100
        endTime: 2000
        equalLoudness: 1
        nequalLoudness: 0
        shortSound: 0
        startTime: 0
    lowlevel:
        compute: 1
        frameSize: 2048
        hopSize: 1024
        zeroPadding: 0
        silentFrames: "noise"
        windowType: "blackmanharris62"
        mfccStats: ["mean", "cov", "icov"]
        stats: ["mean", "var", "median", "min", "max", "dmean", "dmean2", "dvar", "dvar2"]
    panning:
        compute: 0
        frameSize: 8192
        hopSize: 2048
        zeroPadding: 8192
        silentFrames: "noise"
        windowType: "hann"
        stats: ["copy"]
    rhythm:
        compute: 1
        maxTempo: 208
        minTempo: 40
        method: "degara"
        stats: ["mean", "var", "median", "min", "max", "dmean", "dmean2", "dvar", "dvar2"]
    segmentation:
        compute: 0
        cpw: 5
        inc1: 300
        inc2: 50
        minimumSegmentsLength: 10
        size1: 1000
        size2: 600
    sfx:
        compute: 1
        stats: ["mean", "var", "median", "min", "max", "dmean", "dmean2", "dvar", "dvar2"]
    svm:
        compute: 0
    tonal:
        compute: 1
        frameSize: 4096
        hopSize: 2048
        zeroPadding: 0
        silentFrames: "noise"
        windowType: "blackmanharris62"
        stats: ["mean", "var", "median", "min", "max", "dmean", "dmean2", "dvar", "dvar2"]

lowlevel:
    average_loudness: 0.824392974377
    barkbands_kurtosis:
        dmean: 0.98398065567
        dmean2: 1.59550821781
        dvar: 8.50465011597
        dvar2: 18.9858894348
        max: 117.865264893
        mean: -0.257272154093
        median: -1.02325868607
        min: -1.91076731682
        var: 11.823679924
    barkbands_skewness:
        dmean: 0.45485535264
        dmean2: 0.705937981606
        dvar: 0.264283806086
        dvar2: 0.590181052685
        max: 9.3216342926
        mean: 0.0318312607706
        median: -0.0885282382369
        min: -3.6401617527
        var: 0.850653648376
    barkbands_spread:
        dmean: 6.12972736359
        dmean2: 9.95206260681
        dvar: 37.4214363098
        dvar2: 91.3499984741
        max: 75.7249755859
        mean: 34.0947418213
        median: 35.9376411438
        min: 1.12982702255
        var: 171.084854126
    dissonance:
        dmean: 0.0130868861452
        dmean2: 0.0225017089397
        dvar: 0.000204980577109
        dvar2: 0.000583328597713
        max: 0.5
        mean: 0.477444589138
        median: 0.4847702384
        min: 0.255157023668
        var: 0.000635937671177
    hfc:
        dmean: 2.50101494789
        dmean2: 4.1431889534
        dvar: 13.7133350372
        dvar2: 36.4727058411
        max: 49.0024681091
        mean: 7.20882415771
        median: 6.10555696487
        min: 1.15739203953e-016
        var: 35.0815620422
    pitch:
        dmean: 918.439819336
        dmean2: 1761.1114502
        dvar: 1813907.125
        dvar2: 4369589.5
        max: 4927.27197266
        mean: 1201.71765137
        median: 368.154815674
        min: 55.1567573547
        var: 2104655.5
    pitch_instantaneous_confidence:
        dmean: 0.0818184912205
        dmean2: 0.132315739989
        dvar: 0.00474561797455
        dvar2: 0.0120627693832
        max: 0.951140403748
        mean: 0.369936168194
        median: 0.333985090256
        min: 0.102812707424
        var: 0.0239217374474
    pitch_salience:
        dmean: 0.0736421346664
        dmean2: 0.121129386127
        dvar: 0.00501067750156
        dvar2: 0.0133013920859
        max: 0.890385866165
        mean: 0.628965854645
        median: 0.646103918552
        min: 0.127875179052
        var: 0.0095524257049
    silence_rate_20dB:
        dmean: 0
        dmean2: 0
        dvar: 0
        dvar2: 0
        max: 1
        mean: 1
        median: 1
        min: 1
        var: 0
    silence_rate_30dB:
        dmean: 0
        dmean2: 0
        dvar: 0
        dvar2: 0
        max: 1
        mean: 1
        median: 1
        min: 1
        var: 0
    silence_rate_60dB:
        dmean: 0.121546961367
        dmean2: 0.243118792772
        dvar: 0.106769882143
        dvar2: 0.205692946911
        max: 1
        mean: 0.400306910276
        median: 0
        min: 0
        var: 0.240061119199
    spectral_centroid:
        dmean: 308.845367432
        dmean2: 494.322875977
        dvar: 114831.375
        dvar2: 278894.3125
        max: 11307.7832031
        mean: 1681.55554199
        median: 1723.17797852
        min: 142.582855225
        var: 428981.375
    spectral_complexity:
        dmean: 4.35174942017
        dmean2: 7.01217651367
        dvar: 27.164150238
        dvar2: 66.2106552124
        max: 50
        mean: 13.136879921
        median: 13
        min: 0
        var: 78.3822402954
    spectral_crest:
        dmean: 2.11116337776
        dmean2: 3.47232580185
        dvar: 3.96717047691
        dvar2: 10.0115509033
        max: 22.5535850525
        mean: 6.80691099167
        median: 5.94592761993
        min: 2.23214364052
        var: 9.46105957031
    spectral_decrease:
        dmean: 3.21426829597e-010
        dmean2: 5.03154962139e-010
        dvar: 2.57637163254e-019
        dvar2: 6.09758928579e-019
        max: 1.02133100138e-028
        mean: -9.06360264619e-010
        median: -8.26047230618e-010
        min: -4.95019936153e-009
        var: 4.51774979605e-019
    spectral_energy:
        dmean: 0.00139205914456
        dmean2: 0.0021777250804
        dvar: 4.44216902906e-006
        dvar2: 1.05172948679e-005
        max: 0.0198775473982
        mean: 0.00407467363402
        median: 0.0037189128343
        min: 1.02735856313e-020
        var: 8.74222587299e-006
    spectral_energyband_high:
        dmean: 0.000245590432314
        dmean2: 0.000424565456342
        dvar: 1.58344931833e-007
        dvar2: 4.34222130252e-007
        max: 0.00379486684687
        mean: 0.000489607511554
        median: 0.000333045754815
        min: 7.40898808418e-021
        var: 2.59732729546e-007
    spectral_energyband_low:
        dmean: 0.000337438104907
        dmean2: 0.000582015782129
        dvar: 2.50846738936e-007
        dvar2: 7.00658745245e-007
        max: 0.00599762564525
        mean: 0.000579408952035
        median: 0.000458898110082
        min: 1.8337122229e-023
        var: 3.16352924301e-007
    spectral_energyband_middle_high:
        dmean: 0.000614112766925
        dmean2: 0.000979383708909
        dvar: 5.84254337355e-007
        dvar2: 1.44987518524e-006
        max: 0.0117169376463
        mean: 0.0018572458066
        median: 0.00155901024118
        min: 1.26857466853e-021
        var: 2.24793279813e-006
    spectral_energyband_middle_low:
        dmean: 0.000808562675957
        dmean2: 0.00128324411344
        dvar: 3.11263875119e-006
        dvar2: 7.53847371016e-006
        max: 0.01746109128
        mean: 0.00127624929883
        median: 0.000811265432276
        min: 2.0505790472e-022
        var: 3.39699795404e-006
    spectral_flatness_db:
        dmean: 0.0170774795115
        dmean2: 0.027326207608
        dvar: 0.000292152981274
        dvar2: 0.000704578182194
        max: 0.514266192913
        mean: 0.14934246242
        median: 0.125217422843
        min: 0.0603761896491
        var: 0.00515716336668
    spectral_flux:
        dmean: 0.00875596422702
        dmean2: 0.0128374509513
        dvar: 0.000123939767946
        dvar2: 0.000253624195466
        max: 0.118268944323
        mean: 0.0380593501031
        median: 0.0379348173738
        min: 6.70002595071e-011
        var: 0.000389455963159
    spectral_kurtosis:
        dmean: 3.66007518768
        dmean2: 6.37284660339
        dvar: 140.789901733
        dvar2: 415.124298096
        max: 256.010192871
        mean: 8.767121315
        median: 2.59463787079
        min: -1.27234220505
        var: 530.687866211
    spectral_rms:
        dmean: 0.000300175364828
        dmean2: 0.000454888999229
        dvar: 1.44350309483e-007
        dvar2: 3.17162147212e-007
        max: 0.00440371781588
        mean: 0.00183688267134
        median: 0.00190478551667
        min: 3.16591371174e-012
        var: 6.01175543125e-007
    spectral_rolloff:
        dmean: 482.980804443
        dmean2: 804.021362305
        dvar: 476456.5
        dvar2: 1127112.375
        max: 19056.8847656
        mean: 3249.63696289
        median: 3574.51171875
        min: 107.666015625
        var: 1371061.875
    spectral_skewness:
        dmean: 0.302054554224
        dmean2: 0.511524856091
        dvar: 0.403088122606
        dvar2: 1.19217503071
        max: 12.0540685654
        mean: 1.55558800697
        median: 1.25591909885
        min: -0.0449104905128
        var: 1.48194932938
    spectral_spread:
        dmean: 463131.4375
        dmean2: 675154.4375
        dvar: 599253581824
        dvar2: 971964874752
        max: 42463612
        mean: 5009269.5
        median: 5237663.5
        min: 315153.28125
        var: 5.00142702592e+012
    spectral_strongpeak:
        dmean: 0.409458637238
        dmean2: 0.697718262672
        dvar: 0.499513179064
        dvar2: 1.27294802666
        max: 10.6617355347
        mean: 0.591888964176
        median: 0.207646235824
        min: 0
        var: 0.951748549938
    zerocrossingrate:
        dmean: 0.00908585824072
        dmean2: 0.0111973434687
        dvar: 9.66569423326e-005
        dvar2: 0.000131830995088
        max: 0.51513671875
        mean: 0.0967007651925
        median: 0.099609375
        min: 0.00830078125
        var: 0.000912744260859
    barkbands:
        dmean: [5.8605223785e-007, 9.81418488664e-005, 0.00022840067686, 0.000311889511067, 0.000375077099307, 9.85562583082e-005, 8.25418392196e-005, 8.22842703201e-005, 0.000105235005321, 6.2534600147e-005, 6.56135816826e-005, 0.00010414825374, 9.21504397411e-005, 7.50870167394e-005, 6.85532868374e-005, 9.48725210037e-005, 0.000130864995299, 0.000119568256196, 0.000167968712049, 0.000167326303199, 0.000139789495734, 4.45952355221e-005, 6.89252510711e-006, 3.53465225089e-006, 2.24119139602e-006, 1.04065222217e-007, 2.77285472361e-010]
        dmean2: [7.86783289186e-007, 0.000165639808984, 0.000391564535676, 0.000512700644322, 0.000630772963632, 0.000164705823408, 0.000139660245623, 0.000137187205837, 0.000172195708728, 0.000101731711766, 0.00010361065506, 0.000164770812262, 0.000151887477841, 0.000120357603009, 0.000109608910861, 0.000152067834279, 0.000213104096474, 0.000205192176509, 0.000276709499303, 0.00027493169182, 0.000243359274464, 7.94276566012e-005, 1.20751155919e-005, 5.8516648096e-006, 3.57075646207e-006, 1.61884273098e-007, 4.86815310285e-010]
        dvar: [7.00004290644e-013, 1.62113433788e-008, 1.40314199371e-007, 5.2379044746e-007, 1.02271906144e-006, 3.43475292652e-008, 2.69082693904e-008, 3.18862625193e-008, 2.82983236843e-008, 1.06578266212e-008, 2.30455743377e-008, 6.0128620305e-008, 4.31331592665e-008, 2.09392077011e-008, 2.02234442526e-008, 3.65857140139e-008, 5.09930444537e-008, 4.03707716146e-008, 6.96000981293e-008, 6.29203711355e-008, 5.51886927269e-008, 6.81296485894e-009, 1.64280658521e-010, 4.59909541006e-011, 2.32217856055e-011, 5.12301755651e-014, 2.58136625248e-019]
        dvar2: [1.27535221967e-012, 4.42104308718e-008, 3.87655461509e-007, 1.24252858313e-006, 2.65125117949e-006, 8.987179001e-008, 6.8392814967e-008, 8.03336064337e-008, 6.94687756209e-008, 2.60892658588e-008, 5.21434913026e-008, 1.44963792081e-007, 1.16387958826e-007, 5.0019572484e-008, 4.89263420889e-008, 8.7384528058e-008, 1.25038155829e-007, 1.06845106984e-007, 1.80672415695e-007, 1.65255826801e-007, 1.5036219736e-007, 1.92569284962e-008, 4.60365218169e-010, 1.10792659769e-010, 5.00450965391e-011, 1.14734881752e-013, 7.01139225209e-019]
        max: [7.61497040003e-006, 0.00129342975561, 0.00442727003247, 0.00666978862137, 0.00950416456908, 0.00338103808463, 0.00305241812021, 0.00413448130712, 0.00390272471122, 0.0021438493859, 0.0030746164266, 0.00527912285179, 0.00370536185801, 0.00261462456547, 0.00335246114992, 0.00448931567371, 0.00554755795747, 0.00460975756869, 0.00597555097193, 0.00631335983053, 0.00327095296234, 0.00121375289746, 0.000158339724294, 0.000110969333036, 9.22106773942e-005, 3.60042054126e-006, 1.06496704788e-008]
        mean: [7.17541013273e-007, 0.000164106662851, 0.000311641168082, 0.000336925208103, 0.000388046959415, 0.000136338858283, 9.86049126368e-005, 0.000102490899735, 0.000178904316272, 0.000103686004877, 0.000106197112473, 0.000167674807017, 0.00013771263184, 0.00011005383567, 0.00011101950804, 0.000161741845659, 0.000241022964474, 0.000189545331523, 0.000352466129698, 0.000346654182067, 0.00023887885618, 6.88199652359e-005, 1.05746030385e-005, 6.54665427646e-006, 4.12440931541e-006, 1.89258074101e-007, 3.55402068886e-010]
        median: [1.84287884508e-007, 0.000120079159387, 0.000203214163776, 9.45650099311e-005, 0.000153992790729, 7.34218265279e-005, 5.00929891132e-005, 4.63357828266e-005, 9.34889249038e-005, 6.08122354606e-005, 3.47746645275e-005, 6.12627045484e-005, 5.02737675561e-005, 4.64332006231e-005, 5.2137485909e-005, 8.1336896983e-005, 0.000150113090058, 0.000119597600133, 0.000257635052549, 0.000245694158366, 0.000135663503897, 4.15934518969e-005, 6.57994360154e-006, 4.20864944317e-006, 2.31871899814e-006, 8.07621560739e-008, 1.5093298833e-010]
        min: [2.67758363337e-024, 4.33643387146e-024, 4.02792220434e-024, 5.20649301851e-024, 1.21457600361e-023, 2.97945380164e-023, 1.42442294405e-023, 1.22170028533e-023, 1.81551746166e-023, 3.30522432541e-023, 5.34870602261e-023, 4.96044004465e-023, 3.62230160201e-023, 6.21161824763e-023, 6.64100091814e-023, 1.08421737011e-022, 1.17623540724e-022, 1.68218857753e-022, 1.76926064611e-022, 2.40367179998e-022, 3.66969939442e-022, 3.99844890941e-022, 4.76309923169e-022, 6.85459441145e-022, 1.0291179981e-021, 1.5011331858e-021, 2.14972790729e-021]
        var: [1.35352753311e-012, 3.00774907203e-008, 1.53603778585e-007, 5.97408302383e-007, 8.25291294859e-007, 4.1797342476e-008, 2.80656831109e-008, 3.7333414582e-008, 6.7796875669e-008, 2.16900470917e-008, 6.21704856485e-008, 1.18603807664e-007, 7.43563148831e-008, 3.48908493208e-008, 3.74538835501e-008, 7.31982225943e-008, 1.11467748809e-007, 6.4253185883e-008, 1.66717512684e-007, 1.42909016176e-007, 8.99557619505e-008, 7.62734941873e-009, 1.69191077815e-010, 8.37237640328e-011, 4.83190987222e-011, 9.48128836727e-014, 4.37904401503e-019]
    frequency_bands:
        dmean: [5.8605223785e-007, 9.81418488664e-005, 0.00022840067686, 0.000311889511067, 0.000375077099307, 9.85562583082e-005, 8.25418392196e-005, 8.22842703201e-005, 0.000105235005321, 6.2534600147e-005, 6.56135816826e-005, 0.00010414825374, 9.21504397411e-005, 7.50870167394e-005, 6.85532868374e-005, 9.48725210037e-005, 0.000130864995299, 0.000119568256196, 0.000167968712049, 0.000167326303199, 0.000139789495734, 4.45952355221e-005, 6.89252510711e-006, 3.53465225089e-006, 2.24119139602e-006, 1.04065222217e-007, 2.77285472361e-010, 4.96723773225e-011]
        dmean2: [7.86783289186e-007, 0.000165639808984, 0.000391564535676, 0.000512700644322, 0.000630772963632, 0.000164705823408, 0.000139660245623, 0.000137187205837, 0.000172195708728, 0.000101731711766, 0.00010361065506, 0.000164770812262, 0.000151887477841, 0.000120357603009, 0.000109608910861, 0.000152067834279, 0.000213104096474, 0.000205192176509, 0.000276709499303, 0.00027493169182, 0.000243359274464, 7.94276566012e-005, 1.20751155919e-005, 5.8516648096e-006, 3.57075646207e-006, 1.61884273098e-007, 4.86815310285e-010, 9.22402987324e-011]
        dvar: [7.00004290644e-013, 1.62113433788e-008, 1.40314199371e-007, 5.2379044746e-007, 1.02271906144e-006, 3.43475292652e-008, 2.69082693904e-008, 3.18862625193e-008, 2.82983236843e-008, 1.06578266212e-008, 2.30455743377e-008, 6.0128620305e-008, 4.31331592665e-008, 2.09392077011e-008, 2.02234442526e-008, 3.65857140139e-008, 5.09930444537e-008, 4.03707716146e-008, 6.96000981293e-008, 6.29203711355e-008, 5.51886927269e-008, 6.81296485894e-009, 1.64280658521e-010, 4.59909541006e-011, 2.32217856055e-011, 5.12301755651e-014, 2.58136625248e-019, 5.80007736412e-021]
        dvar2: [1.27535221967e-012, 4.42104308718e-008, 3.87655461509e-007, 1.24252858313e-006, 2.65125117949e-006, 8.987179001e-008, 6.8392814967e-008, 8.03336064337e-008, 6.94687756209e-008, 2.60892658588e-008, 5.21434913026e-008, 1.44963792081e-007, 1.16387958826e-007, 5.0019572484e-008, 4.89263420889e-008, 8.7384528058e-008, 1.25038155829e-007, 1.06845106984e-007, 1.80672415695e-007, 1.65255826801e-007, 1.5036219736e-007, 1.92569284962e-008, 4.60365218169e-010, 1.10792659769e-010, 5.00450965391e-011, 1.14734881752e-013, 7.01139225209e-019, 1.84432325278e-020]
        max: [7.61497040003e-006, 0.00129342975561, 0.00442727003247, 0.00666978862137, 0.00950416456908, 0.00338103808463, 0.00305241812021, 0.00413448130712, 0.00390272471122, 0.0021438493859, 0.0030746164266, 0.00527912285179, 0.00370536185801, 0.00261462456547, 0.00335246114992, 0.00448931567371, 0.00554755795747, 0.00460975756869, 0.00597555097193, 0.00631335983053, 0.00327095296234, 0.00121375289746, 0.000158339724294, 0.000110969333036, 9.22106773942e-005, 3.60042054126e-006, 1.06496704788e-008, 1.03853614597e-009]
        mean: [7.17541013273e-007, 0.000164106662851, 0.000311641168082, 0.000336925208103, 0.000388046959415, 0.000136338858283, 9.86049126368e-005, 0.000102490899735, 0.000178904316272, 0.000103686004877, 0.000106197112473, 0.000167674807017, 0.00013771263184, 0.00011005383567, 0.00011101950804, 0.000161741845659, 0.000241022964474, 0.000189545331523, 0.000352466129698, 0.000346654182067, 0.00023887885618, 6.88199652359e-005, 1.05746030385e-005, 6.54665427646e-006, 4.12440931541e-006, 1.89258074101e-007, 3.55402068886e-010, 3.80985347437e-011]
        median: [1.84287884508e-007, 0.000120079159387, 0.000203214163776, 9.45650099311e-005, 0.000153992790729, 7.34218265279e-005, 5.00929891132e-005, 4.63357828266e-005, 9.34889249038e-005, 6.08122354606e-005, 3.47746645275e-005, 6.12627045484e-005, 5.02737675561e-005, 4.64332006231e-005, 5.2137485909e-005, 8.1336896983e-005, 0.000150113090058, 0.000119597600133, 0.000257635052549, 0.000245694158366, 0.000135663503897, 4.15934518969e-005, 6.57994360154e-006, 4.20864944317e-006, 2.31871899814e-006, 8.07621560739e-008, 1.5093298833e-010, 1.20866008174e-011]
        min: [2.67758363337e-024, 4.33643387146e-024, 4.02792220434e-024, 5.20649301851e-024, 1.21457600361e-023, 2.97945380164e-023, 1.42442294405e-023, 1.22170028533e-023, 1.81551746166e-023, 3.30522432541e-023, 5.34870602261e-023, 4.96044004465e-023, 3.62230160201e-023, 6.21161824763e-023, 6.64100091814e-023, 1.08421737011e-022, 1.17623540724e-022, 1.68218857753e-022, 1.76926064611e-022, 2.40367179998e-022, 3.66969939442e-022, 3.99844890941e-022, 4.76309923169e-022, 6.85459441145e-022, 1.0291179981e-021, 1.5011331858e-021, 2.14972790729e-021, 5.42030442676e-022]
        var: [1.35352753311e-012, 3.00774907203e-008, 1.53603778585e-007, 5.97408302383e-007, 8.25291294859e-007, 4.1797342476e-008, 2.80656831109e-008, 3.7333414582e-008, 6.7796875669e-008, 2.16900470917e-008, 6.21704856485e-008, 1.18603807664e-007, 7.43563148831e-008, 3.48908493208e-008, 3.74538835501e-008, 7.31982225943e-008, 1.11467748809e-007, 6.4253185883e-008, 1.66717512684e-007, 1.42909016176e-007, 8.99557619505e-008, 7.62734941873e-009, 1.69191077815e-010, 8.37237640328e-011, 4.83190987222e-011, 9.48128836727e-014, 4.37904401503e-019, 4.5464601042e-021]
    mfcc:
        mean: [-723.513916016, 97.7321777344, -38.7511367798, 41.1663856506, -10.3884067535, 2.01034808159, 7.41415023804, -1.32042193413, 4.26375198364, -4.17242765427, -1.87602901459, -0.889027833939, -3.20933747292]
        cov: [[10183.1650391, -676.272644043, -227.52696228, 2262.79125977, -626.866760254, 255.002731323, 440.334259033, -144.040664673, 186.976898193, 114.912345886, -32.3595848083, -244.642028809, -114.758041382], [-676.272644043, 940.102844238, -53.1693954468, -245.885559082, 64.8950119019, -16.5404472351, -31.350435257, 93.7674407959, -3.22655081749, -50.4184646606, 36.7896270752, 81.2606735229, 37.9055328369], [-227.52696228, -53.1693954468, 528.15814209, 11.1675539017, 130.457885742, 48.2927284241, -4.21724700928, 37.4823684692, -8.90486526489, 17.7263317108, -10.4096097946, 6.93798828125, -10.0046386719], [2262.79125977, -245.885559082, 11.1675539017, 1137.05810547, -46.2994346619, 132.437332153, 111.893516541, -57.8641357422, 100.76398468, 73.9094696045, -20.5606231689, -133.434799194, -43.4323539734], [-626.866760254, 64.8950119019, 130.457885742, -46.2994346619, 294.774169922, 24.5902423859, -71.833732605, -17.9197750092, 3.85692381859, 32.761920929, -10.4169740677, 12.4881305695, 5.4981751442], [255.002731323, -16.5404472351, 48.2927284241, 132.437332153, 24.5902423859, 125.624038696, 70.4202194214, 3.42131543159, 7.98447418213, 22.3240318298, 7.6365404129, -9.87359046936, -9.05412197113], [440.334259033, -31.350435257, -4.21724700928, 111.893516541, -71.833732605, 70.4202194214, 223.8487854, 63.5294647217, -13.5931758881, 5.10649299622, 15.4128360748, -1.77154016495, -3.21856951714], [-144.040664673, 93.7674407959, 37.4823684692, -57.8641357422, -17.9197750092, 3.42131543159, 63.5294647217, 130.638870239, 9.07940673828, -19.3530483246, 13.4265413284, 16.1578731537, 16.1707820892], [186.976898193, -3.22655081749, -8.90486526489, 100.76398468, 3.85692381859, 7.98447418213, -13.5931758881, 9.07940673828, 106.896492004, 46.3177680969, 7.29743671417, 1.83583533764, 4.5761179924], [114.912345886, -50.4184646606, 17.7263317108, 73.9094696045, 32.761920929, 22.3240318298, 5.10649299622, -19.3530483246, 46.3177680969, 92.8578414917, 17.3607788086, -7.23557138443, -7.29624605179], [-32.3595848083, 36.7896270752, -10.4096097946, -20.5606231689, -10.4169740677, 7.6365404129, 15.4128360748, 13.4265413284, 7.29743671417, 17.3607788086, 63.3795471191, 30.6970844269, 6.67150068283], [-244.642028809, 81.2606735229, 6.93798828125, -133.434799194, 12.4881305695, -9.87359046936, -1.77154016495, 16.1578731537, 1.83583533764, -7.23557138443, 30.6970844269, 93.0594711304, 37.4184150696], [-114.758041382, 37.9055328369, -10.0046386719, -43.4323539734, 5.4981751442, -9.05412197113, -3.21856951714, 16.1707820892, 4.5761179924, -7.29624605179, 6.67150068283, 37.4184150696, 63.4809646606]]
        icov: [[0.000221464797505, 5.67876213609e-006, 2.77569006357e-006, -0.000403702259064, 0.000394246715587, -1.76983776328e-005, -0.000165142628248, 0.000185329758096, -4.83177318529e-005, -4.55693007098e-005, 0.000145395664731, -0.000193006228074, 0.000125674079754], [5.67876213609e-006, 0.00135925866198, 0.000325093133142, 8.01314163255e-005, -0.000420227617724, -0.000290808384307, 0.000407471816288, -0.00105197785888, -9.12896575755e-005, 0.000667789659929, -0.000456371548353, -0.000718682655133, 0.00014316108718], [2.77569006357e-006, 0.000325093133142, 0.00243807560764, -0.000143239230965, -0.000940348836593, -0.000870478223078, 0.000597225851379, -0.00159421947319, 0.000826547038741, -0.00056723767193, 0.00076553504914, -0.00100852013566, 0.000880046573002], [-0.000403702259064, 8.01314163255e-005, -0.000143239230965, 0.00223674043082, -0.000610210758168, -0.000894106109627, -0.000496021937579, 0.000747357378714, -0.00161562650464, 0.000469946593512, -0.000675421732012, 0.00255791051313, -0.000826366362162], [0.000394246715587, -0.000420227617724, -0.000940348836593, -0.000610210758168, 0.00561145786196, -0.00172855902929, 0.00169994460884, 0.000243267582846, 0.000935453223065, -0.00258784368634, 0.00192160950974, -0.00111220229883, -0.000221642258111], [-1.76983776328e-005, -0.000290808384307, -0.000870478223078, -0.000894106109627, -0.00172855902929, 0.0122271599248, -0.00434251967818, 0.00159045727924, -0.000490950536914, -0.000444309029263, -0.00136518513318, 0.000352560076863, 0.000581043306738], [-0.000165142628248, 0.000407471816288, 0.000597225851379, -0.000496021937579, 0.00169994460884, -0.00434251967818, 0.00876965094358, -0.00531342020258, 0.00367675861344, -0.00245088897645, 0.000486730539706, -0.00186974206008, 0.000748670659959], [0.000185329758096, -0.00105197785888, -0.00159421947319, 0.000747357378714, 0.000243267582846, 0.00159045727924, -0.00531342020258, 0.013224334456, -0.00475941877812, 0.00436137011275, -0.00265977904201, 0.00272846617736, -0.00269343541004], [-4.83177318529e-005, -9.12896575755e-005, 0.000826547038741, -0.00161562650464, 0.000935453223065, -0.000490950536914, 0.00367675861344, -0.00475941877812, 0.0156011246145, -0.00873575266451, 0.00220903428271, -0.00336781097576, -0.000135896203574], [-4.55693007098e-005, 0.000667789659929, -0.00056723767193, 0.000469946593512, -0.00258784368634, -0.000444309029263, -0.00245088897645, 0.00436137011275, -0.00873575266451, 0.0189023148268, -0.0068538649939, 0.00331337028183, 0.000246062147198], [0.000145395664731, -0.000456371548353, 0.00076553504914, -0.000675421732012, 0.00192160950974, -0.00136518513318, 0.000486730539706, -0.00265977904201, 0.00220903428271, -0.0068538649939, 0.0228266976774, -0.00937413517386, 0.00271451659501], [-0.000193006228074, -0.000718682655133, -0.00100852013566, 0.00255791051313, -0.00111220229883, 0.000352560076863, -0.00186974206008, 0.00272846617736, -0.00336781097576, 0.00331337028183, -0.00937413517386, 0.0218118019402, -0.0102199092507], [0.000125674079754, 0.00014316108718, 0.000880046573002, -0.000826366362162, -0.000221642258111, 0.000581043306738, 0.000748670659959, -0.00269343541004, -0.000135896203574, 0.000246062147198, 0.00271451659501, -0.0102199092507, 0.02207076177]]
    sccoeffs:
        dmean: [0.0574948973954, 0.0443956665695, 0.0372283235192, 0.0307007580996, 0.0201292224228, 0.0213117972016]
        dmean2: [0.0941935554147, 0.0740560144186, 0.0619808472693, 0.0498264469206, 0.0327159352601, 0.0345635861158]
        dvar: [0.0024597030133, 0.00125578930601, 0.000894678523764, 0.000614535063505, 0.000263139343588, 0.000412611028878]
        dvar2: [0.00614368822426, 0.00341688399203, 0.00238268636167, 0.00152872619219, 0.000665730272885, 0.00104393961374]
        max: [-0.326013684273, -0.47439956665, -0.567071557045, -0.570438146591, -0.51337647438, -0.543097198009]
        mean: [-0.663353025913, -0.780355989933, -0.783711850643, -0.785881340504, -0.79344111681, -0.754421412945]
        median: [-0.670830488205, -0.787307858467, -0.79260712862, -0.794027745724, -0.802776455879, -0.758781850338]
        min: [-0.975650429726, -0.97803145647, -0.976988554001, -0.969192147255, -0.965593338013, -0.96323376894]
        var: [0.00585354771465, 0.00368854380213, 0.00344370491803, 0.00276022683829, 0.0019029576797, 0.00281108287163]
    scvalleys:
        dmean: [0.372780680656, 0.39491713047, 0.327955365181, 0.291835218668, 0.257430016994, 0.336998105049]
        dmean2: [0.627163529396, 0.631666839123, 0.510429143906, 0.444969147444, 0.38688698411, 0.514090657234]
        dvar: [0.102002516389, 0.122734040022, 0.0936192050576, 0.0821542665362, 0.0881652757525, 0.176637485623]
        dvar2: [0.253647059202, 0.28105738759, 0.18656270206, 0.155513986945, 0.171099185944, 0.3949611485]
        max: [-5.32139205933, -4.76175117493, -5.3036904335, -5.59513378143, -5.54719781876, -7.58113336563]
        mean: [-7.07622098923, -6.88177442551, -7.02094078064, -7.37667417526, -7.39214992523, -10.0611963272]
        median: [-6.59808540344, -6.625893116, -6.74186706543, -7.06706476212, -6.79942369461, -9.19724845886]
        min: [-27.4582061768, -27.527803421, -27.4734725952, -27.455499649, -27.3059768677, -27.3781471252]
        var: [2.4545814991, 1.48899412155, 1.3966473341, 1.38508164883, 2.9632525444, 5.29864358902]

rhythm:
    beats_loudness:
        dmean: 0.0028001810424
        dmean2: 0.00528482999653
        dvar: 5.91154230278e-006
        dvar2: 1.91786330106e-005
        max: 0.0159609355032
        mean: 0.00653906073421
        median: 0.00672090286389
        min: 8.55029540503e-008
        var: 1.23227591757e-005
    bpm: 99.9023971558
    bpm_confidence: 0
    first_peak_bpm: 99
    first_peak_spread: 0.329457402229
    first_peak_weight: 0.401392102242
    onset_rate: 3.74088191986
    second_peak_bpm: 152
    second_peak_spread: 0.474452525377
    second_peak_weight: 0.167053371668
    beats_loudness_band_ratio:
        dmean: [0.250191390514, 0.0795887485147, 0.0655871853232, 0.0948076546192, 0.115121096373, 0.0890934318304]
        dmean2: [0.463455379009, 0.145544663072, 0.118268936872, 0.16815072298, 0.203478991985, 0.158639937639]
        dvar: [0.04244780913, 0.00426084268838, 0.00640581222251, 0.0107268746942, 0.012873689644, 0.00872339028865]
        dvar2: [0.142835944891, 0.0137402527034, 0.018642032519, 0.0306202843785, 0.0351361483335, 0.0285814423114]
        max: [0.853024363518, 0.399321317673, 0.65756291151, 0.929595410824, 0.884071946144, 0.528872787952]
        mean: [0.413077712059, 0.111613817513, 0.0953012853861, 0.142705053091, 0.157333374023, 0.148814409971]
        median: [0.4349848032, 0.108344085515, 0.0667985007167, 0.0846482217312, 0.106294482946, 0.114360913634]
        min: [1.16781529869e-005, 0.00180064118467, 0.00134611595422, 0.0169517919421, 0.00793204270303, 3.35569748131e-005]
        var: [0.0695437118411, 0.00563652394339, 0.00799084454775, 0.0264477878809, 0.0221257172525, 0.0123184798285]
    beats_position: [0.615328788757, 1.23065757751, 1.8575963974, 2.48453521729, 3.11147379875, 3.73841261864, 4.34213161469, 4.93424034119, 5.52634906769, 6.13006782532, 6.73378658295, 7.33750534058, 7.94122457504, 8.54494285583, 9.13705158234, 9.72916126251, 10.3328800201, 10.9365987778, 11.5287075043, 12.1324262619, 12.7361450195, 13.3398637772, 13.9319725037, 14.5356912613, 15.1394100189, 15.7431287766, 16.3468475342, 16.9505672455, 17.5542850494, 18.1580047607, 18.7501125336, 19.3422222137, 19.9459400177, 20.549659729, 21.153377533, 21.7570972443, 22.3492050171, 22.9413146973, 23.5450344086, 24.1487522125, 24.7524719238, 25.3445796967, 25.9366893768, 26.5404071808, 27.1441268921, 27.747844696, 28.3515644073, 28.9552822113, 29.5473918915, 30.1511096954, 30.7432193756, 31.3469390869, 31.9506568909, 32.5543746948, 33.146484375, 33.7385940552, 34.3423118591, 34.9460296631, 35.5497512817, 36.1534690857, 36.7455787659, 37.3492965698, 37.94140625, 38.545124054, 39.1372337341, 39.7409515381, 40.3330612183, 40.9367790222, 41.5404968262, 42.1442184448, 42.7479362488, 43.3516540527, 43.9437637329, 44.5474815369, 45.139591217, 45.743309021, 46.347026825, 46.9507484436, 47.5428581238, 48.1349639893, 48.7386856079, 49.3424034119, 49.9461212158, 50.5498390198, 51.1419487, 51.7340583801, 52.3377761841, 52.941493988, 53.5452156067, 54.1489334106, 54.7410430908, 55.333152771, 55.936870575, 56.5405883789, 57.1443061829, 57.7480278015, 58.340133667, 58.9322433472, 59.5359611511, 60.1396827698, 60.7434005737, 61.3471183777, 61.9508361816, 62.5545578003, 63.1466636658, 63.7387733459, 64.3424911499, 64.9462127686, 65.5499343872, 66.1536483765, 66.7457580566, 67.3378677368, 67.9415893555, 68.5453033447, 69.1374130249, 69.7411346436, 70.3332443237, 70.936958313, 71.5406799316, 72.1444015503, 72.7481155396, 73.3518371582, 73.9439468384, 74.5360565186, 75.1397705078, 75.7434921265, 76.3356018066, 76.9393157959, 77.5430374146, 78.1351470947, 78.738861084, 79.3425827026, 79.9463043213, 80.5500183105, 81.1537399292, 81.7574615479, 82.349571228, 82.9416732788, 83.5453948975, 84.1491165161, 84.7412261963, 85.3333282471, 85.9370498657, 86.5407714844, 87.1444854736, 87.7482070923, 88.3519287109, 88.9556427002, 89.5477523804, 90.151473999, 90.7435836792, 91.3472976685, 91.9510192871, 92.5547409058, 93.1468429565, 93.7389526367, 94.3426742554, 94.946395874, 95.5501098633, 96.1538314819, 96.7459411621, 97.3496551514, 97.9417648315, 98.5454864502, 99.1492080688, 99.7529220581, 100.345031738, 100.948753357, 101.540863037, 102.144577026, 102.748298645, 103.352012634, 103.944122314, 104.547843933, 105.139953613, 105.743675232, 106.335777283, 106.927886963, 107.531608582, 108.1353302, 108.739044189, 109.342765808, 109.946479797, 110.550201416, 111.142311096, 111.734420776, 112.338134766, 112.941856384, 113.545578003, 114.149291992, 114.753013611, 115.345123291, 115.937232971, 116.54094696, 117.144668579, 117.748390198, 118.340499878, 118.944213867, 119.536323547, 120.140045166, 120.743759155, 121.347480774, 121.951202393, 122.543312073, 123.135414124, 123.739135742, 124.342857361, 124.94657135, 125.550292969, 126.154014587, 126.746116638, 127.338226318, 127.941947937, 128.545669556, 129.149383545, 129.753097534, 130.345214844, 130.937316895, 131.541046143, 132.144760132, 132.748474121, 133.352203369, 133.94430542, 134.548019409, 135.151748657, 135.743850708, 136.347564697, 136.951293945, 137.555007935, 138.147125244, 138.739227295, 139.342941284, 139.946670532, 140.550384521, 141.154098511, 141.74621582, 142.338317871, 142.94203186, 143.545761108, 144.149475098, 144.753189087, 145.345306396, 145.937408447, 146.541137695, 147.144851685, 147.748565674, 148.340682983, 148.932785034, 149.536499023, 150.140228271, 150.743942261, 151.34765625, 151.951385498, 152.543487549, 153.135604858, 153.739318848, 154.343032837, 154.958358765, 155.585296631, 156.223846436, 156.86239624, 157.512557983, 157.942123413, 158.336868286, 158.731613159, 159.126342773, 159.521087646, 159.927429199, 160.333786011, 160.751739502, 161.146484375, 161.541213989, 161.935958862, 162.342315674, 162.748657227, 163.1434021, 163.561355591, 163.956100464, 164.350830078, 164.745574951, 165.140319824, 165.535049438, 165.94140625, 166.347747803, 166.742492676, 167.148834229, 167.55519104, 167.949935913, 168.344665527, 168.7394104, 169.145751953, 169.552108765, 169.946838379, 170.341583252, 170.736328125, 171.142669678, 171.549026489, 171.943756104, 172.338500977, 172.744842529, 173.151199341, 173.545944214, 173.940673828, 174.34703064, 174.753372192, 175.148117065, 175.54284668, 175.937591553, 176.343948364, 176.750289917, 177.14503479, 177.539764404, 177.934509277, 178.34085083, 178.747207642, 179.141952515, 179.536682129, 179.94303894, 180.349380493, 180.744125366, 181.138870239, 181.545211792, 181.951568604, 182.381134033, 182.810699463, 183.240264893, 183.669830322, 184.099411011, 184.517364502, 184.935317993, 185.341674805, 185.748016357, 186.154373169, 186.549118042, 186.943847656, 187.338592529, 187.733337402, 188.139678955, 188.546035767, 188.940765381, 189.347122192, 189.753463745, 190.148208618, 190.542938232, 190.949295044, 191.355636597, 191.75038147, 192.145126343, 192.539855957, 192.946212769, 193.352554321, 193.747299194, 194.142044067, 194.536773682, 194.931518555, 195.337860107, 195.744216919, 196.150558472, 196.556915283, 196.951644897, 197.346389771, 197.741134644, 198.135864258, 198.542221069, 198.948562622, 199.343307495, 199.738052368, 200.144393921, 200.550750732, 200.945480347, 201.34022522, 201.734954834, 202.129699707, 202.536056519, 202.942398071, 203.337142944, 203.743484497, 204.149841309, 204.544570923, 204.939315796, 205.334060669, 205.740402222, 206.146759033, 206.541488647, 206.936233521, 207.330978394, 207.737319946, 208.143676758, 208.550018311, 208.956375122, 209.351104736, 209.745849609, 210.140579224, 210.535324097, 210.941680908, 211.348022461, 211.742767334, 212.137496948, 212.54385376, 212.938583374, 213.344940186, 213.751281738, 214.15763855, 214.563980103, 214.981948853, 215.388290405, 215.806259155, 216.224212646, 216.642166138, 217.060134888, 217.478088379, 217.896057129, 218.31401062, 218.731964111, 219.138320923, 219.544662476, 219.962631226, 220.380584717, 220.786941528, 221.193283081, 221.611236572, 222.029205322, 222.447158813, 222.876724243, 223.294692993, 223.724258423, 224.142211914, 224.560180664, 224.978134155, 225.396102905, 225.814056396, 226.243621826]
