
metadata:
    version:
        essentia: "2.1-beta2"
    audio_properties:
        analysis_sample_rate: 44100
        bitrate: 320
        channels: 2
        equal_loudness: 1
        length: 188.395095825
        replay_gain: -13.8577671051
        downmix: "mix"
    tags:
        album: "This War Is Ours"
        artist: "Escape The Fate"
        comment: ""
        date: "2008"
        genre: "Alternative"
        title: "On To The Next One"
        tracknumber: "2"

configuration:
    average_loudness:
        compute: 1
        frameSize: 88200
        hopSize: 44100
        silentFrames: "noise"
        windowType: "hann"
    general:
        analysisSampleRate: 44100
        endTime: 2000
        equalLoudness: 1
        nequalLoudness: 0
        shortSound: 0
        startTime: 0
    lowlevel:
        compute: 1
        frameSize: 2048
        hopSize: 1024
        zeroPadding: 0
        silentFrames: "noise"
        windowType: "blackmanharris62"
        mfccStats: ["mean", "cov", "icov"]
        stats: ["mean", "var", "median", "min", "max", "dmean", "dmean2", "dvar", "dvar2"]
    panning:
        compute: 0
        frameSize: 8192
        hopSize: 2048
        zeroPadding: 8192
        silentFrames: "noise"
        windowType: "hann"
        stats: ["copy"]
    rhythm:
        compute: 1
        maxTempo: 208
        minTempo: 40
        method: "degara"
        stats: ["mean", "var", "median", "min", "max", "dmean", "dmean2", "dvar", "dvar2"]
    segmentation:
        compute: 0
        cpw: 5
        inc1: 300
        inc2: 50
        minimumSegmentsLength: 10
        size1: 1000
        size2: 600
    sfx:
        compute: 1
        stats: ["mean", "var", "median", "min", "max", "dmean", "dmean2", "dvar", "dvar2"]
    svm:
        compute: 0
    tonal:
        compute: 1
        frameSize: 4096
        hopSize: 2048
        zeroPadding: 0
        silentFrames: "noise"
        windowType: "blackmanharris62"
        stats: ["mean", "var", "median", "min", "max", "dmean", "dmean2", "dvar", "dvar2"]

lowlevel:
    average_loudness: 0.920311450958
    barkbands_kurtosis:
        dmean: 0.758299469948
        dmean2: 1.20985245705
        dvar: 2.86636686325
        dvar2: 6.04870128632
        max: 118.945045471
        mean: -0.278493851423
        median: -0.91404736042
        min: -1.92601323128
        var: 13.6431493759
    barkbands_skewness:
        dmean: 0.386016875505
        dmean2: 0.594299376011
        dvar: 0.154597654939
        dvar2: 0.346688002348
        max: 5.89273023605
        mean: -0.436453163624
        median: -0.431858122349
        min: -9.55512714386
        var: 0.702514886856
    barkbands_spread:
        dmean: 5.51543951035
        dmean2: 8.64427089691
        dvar: 31.8773555756
        dvar2: 75.1205062866
        max: 84.3170013428
        mean: 30.8288192749
        median: 29.6625919342
        min: 1.46876299381
        var: 118.574333191
    dissonance:
        dmean: 0.0124026443809
        dmean2: 0.020919945091
        dvar: 0.000177477428224
        dvar2: 0.000479740701849
        max: 0.5
        mean: 0.479171872139
        median: 0.484569221735
        min: 0.239871352911
        var: 0.000362291815691
    hfc:
        dmean: 2.7763736248
        dmean2: 4.58348369598
        dvar: 13.2051057816
        dvar2: 35.139755249
        max: 57.6809959412
        mean: 10.4100570679
        median: 9.88703918457
        min: 1.18992194282e-016
        var: 38.1436271667
    pitch:
        dmean: 720.161865234
        dmean2: 1383.296875
        dvar: 1596826.125
        dvar2: 3837370.75
        max: 5509.06445313
        mean: 1523.52978516
        median: 392.007781982
        min: 70.2281188965
        var: 2609974.75
    pitch_instantaneous_confidence:
        dmean: 0.0903339833021
        dmean2: 0.145315676928
        dvar: 0.0065236017108
        dvar2: 0.0152439065278
        max: 0.97197163105
        mean: 0.453017562628
        median: 0.423926949501
        min: 0.127151608467
        var: 0.0252980031073
    pitch_salience:
        dmean: 0.0584064610302
        dmean2: 0.094743385911
        dvar: 0.00277414219454
        dvar2: 0.00701885763556
        max: 0.875400781631
        mean: 0.648448109627
        median: 0.66247355938
        min: 0.139258697629
        var: 0.00922847725451
    silence_rate_20dB:
        dmean: 0
        dmean2: 0
        dvar: 0
        dvar2: 0
        max: 1
        mean: 1
        median: 1
        min: 1
        var: 0
    silence_rate_30dB:
        dmean: 0
        dmean2: 0
        dvar: 0
        dvar2: 0
        max: 1
        mean: 1
        median: 1
        min: 1
        var: 0
    silence_rate_60dB:
        dmean: 0.077150605619
        dmean2: 0.15432022512
        dvar: 0.0712016224861
        dvar2: 0.154655918479
        max: 1
        mean: 0.280961185694
        median: 0
        min: 0
        var: 0.202035114169
    spectral_centroid:
        dmean: 282.011901855
        dmean2: 439.390319824
        dvar: 102759.96875
        dvar2: 219651.765625
        max: 11147.4111328
        mean: 2147.56884766
        median: 2127.47143555
        min: 247.189743042
        var: 360270
    spectral_complexity:
        dmean: 4.00394392014
        dmean2: 6.61678791046
        dvar: 18.7597522736
        dvar2: 47.4978179932
        max: 48
        mean: 16.4173755646
        median: 16
        min: 0
        var: 83.2566680908
    spectral_crest:
        dmean: 2.00257301331
        dmean2: 3.32560563087
        dvar: 3.47119307518
        dvar2: 9.03583049774
        max: 25.9082355499
        mean: 7.27100467682
        median: 6.49303770065
        min: 2.59741640091
        var: 9.23529529572
    spectral_decrease:
        dmean: 2.51395376738e-010
        dmean2: 4.06441491574e-010
        dvar: 9.7943574125e-020
        dvar2: 2.43227883778e-019
        max: 8.83045800812e-029
        mean: -1.05263653349e-009
        median: -9.93774729174e-010
        min: -3.60840823888e-009
        var: 3.48842511184e-019
    spectral_energy:
        dmean: 0.00116402702406
        dmean2: 0.00188706908375
        dvar: 2.11247697735e-006
        dvar2: 5.32335661774e-006
        max: 0.017294742167
        mean: 0.00491712195799
        median: 0.00471814861521
        min: 1.07934726852e-020
        var: 7.3935502769e-006
    spectral_energyband_high:
        dmean: 0.000233583152294
        dmean2: 0.000393201451516
        dvar: 1.40317979458e-007
        dvar2: 3.71674445887e-007
        max: 0.00589549541473
        mean: 0.000575982092414
        median: 0.000464625889435
        min: 7.89311492473e-021
        var: 2.58552631749e-007
    spectral_energyband_low:
        dmean: 0.000121288852824
        dmean2: 0.000201978749828
        dvar: 3.95766193151e-008
        dvar2: 1.06785016385e-007
        max: 0.00299086770974
        mean: 0.000207930948818
        median: 0.000141757001984
        min: 4.4721670143e-023
        var: 5.23985157486e-008
    spectral_energyband_middle_high:
        dmean: 0.000762793701142
        dmean2: 0.00122104561888
        dvar: 7.29849489289e-007
        dvar2: 1.78010043328e-006
        max: 0.0115144532174
        mean: 0.00288262707181
        median: 0.00262647448108
        min: 1.49808275534e-021
        var: 3.59064551958e-006
    spectral_energyband_middle_low:
        dmean: 0.000559725915082
        dmean2: 0.000887622882146
        dvar: 6.5910307967e-007
        dvar2: 1.61249795383e-006
        max: 0.0100447935984
        mean: 0.00138046813663
        median: 0.000953461509198
        min: 2.87085794725e-022
        var: 1.67257530848e-006
    spectral_flatness_db:
        dmean: 0.0140852322802
        dmean2: 0.0216213986278
        dvar: 0.000191918690689
        dvar2: 0.000422658253228
        max: 0.414180487394
        mean: 0.14289394021
        median: 0.135832577944
        min: 0.0594818554819
        var: 0.00150962139014
    spectral_flux:
        dmean: 0.00861905328929
        dmean2: 0.0135408053175
        dvar: 8.06199386716e-005
        dvar2: 0.000181923227501
        max: 0.100326560438
        mean: 0.0425251871347
        median: 0.0415119975805
        min: 1.03891638348e-010
        var: 0.000267188501311
    spectral_kurtosis:
        dmean: 0.83847540617
        dmean2: 1.38946473598
        dvar: 2.09233164787
        dvar2: 5.69294166565
        max: 64.8560028076
        mean: 3.04271245003
        median: 2.80143213272
        min: -1.22724223137
        var: 3.36548542976
    spectral_rms:
        dmean: 0.000254824524745
        dmean2: 0.000404799968237
        dvar: 8.50591703738e-008
        dvar2: 2.03157000556e-007
        max: 0.00410766573623
        mean: 0.00208552880213
        median: 0.00214547710493
        min: 3.24502967899e-012
        var: 4.47752228183e-007
    spectral_rolloff:
        dmean: 319.623046875
        dmean2: 518.835021973
        dvar: 224648.5625
        dvar2: 445757.96875
        max: 18884.6191406
        mean: 3695.05322266
        median: 3746.77734375
        min: 150.732421875
        var: 529941.4375
    spectral_skewness:
        dmean: 0.145953699946
        dmean2: 0.233522698283
        dvar: 0.0274894442409
        dvar2: 0.0646397843957
        max: 5.98094272614
        mean: 1.21802902222
        median: 1.2147231102
        min: 0.00156239990611
        var: 0.0997809022665
    spectral_spread:
        dmean: 476125.625
        dmean2: 680342.375
        dvar: 624202088448
        dvar2: 922924089344
        max: 40861160
        mean: 4975815
        median: 4754445.5
        min: 1474375.625
        var: 2.10232737792e+012
    spectral_strongpeak:
        dmean: 0.687459647655
        dmean2: 1.17385351658
        dvar: 0.828505337238
        dvar2: 2.14405965805
        max: 10.1667337418
        mean: 1.14891648293
        median: 0.808347046375
        min: 5.17285325685e-010
        var: 1.54250466824
    zerocrossingrate:
        dmean: 0.00850063096732
        dmean2: 0.0100120222196
        dvar: 9.22355029616e-005
        dvar2: 0.000108602667751
        max: 0.5029296875
        mean: 0.11560767144
        median: 0.115234375
        min: 0.0185546875
        var: 0.000673980917782
    barkbands:
        dmean: [3.91194845406e-007, 4.67523896077e-005, 7.30491155991e-005, 7.68714162405e-005, 0.000244843628025, 0.000137548486236, 7.2239752626e-005, 7.68698664615e-005, 0.000186626028153, 0.000160422758199, 7.69389807829e-005, 8.61599182826e-005, 7.23494886188e-005, 9.90905682556e-005, 0.00012428368791, 0.000122719458886, 0.000130087893922, 0.000220767688006, 0.000298218976241, 0.000201250615646, 0.000114021495392, 5.00229652971e-005, 1.04022547021e-005, 3.32547278958e-006, 2.42443752541e-006, 1.24601697848e-007, 6.67866262294e-010]
        dmean2: [7.00232817508e-007, 7.94848892838e-005, 0.000123857607832, 0.000125837643282, 0.000418208335759, 0.000231392186834, 0.000121344193758, 0.000123525998788, 0.000282447901554, 0.00023712895927, 0.000119882097351, 0.000135660346132, 0.000117355819384, 0.000157328729983, 0.000197253393708, 0.000198594469111, 0.000213962077396, 0.000364745006664, 0.000497426779475, 0.000336894299835, 0.000193445303012, 8.28198171803e-005, 1.67763955687e-005, 5.33081538379e-006, 3.75265744879e-006, 1.95947819748e-007, 1.09365261292e-009]
        dvar: [1.18018225401e-012, 9.79017045211e-009, 1.6163191674e-008, 1.72279097654e-008, 2.43639533437e-007, 7.36664134138e-008, 3.50464688381e-008, 4.12230960478e-008, 1.49650944081e-007, 1.14001359464e-007, 3.58721692351e-008, 3.0511468907e-008, 2.92338295793e-008, 4.89660330061e-008, 7.117130707e-008, 5.17211340423e-008, 5.07420097051e-008, 9.89818360608e-008, 1.44812162262e-007, 7.03608549202e-008, 3.49251010334e-008, 8.79485728689e-009, 7.22863435776e-010, 8.04923835918e-011, 6.45814374201e-011, 1.18671416552e-013, 1.68316758314e-018]
        dvar2: [3.34829212967e-012, 2.65821391565e-008, 4.41611156532e-008, 4.13119138898e-008, 6.74915895615e-007, 1.9611046298e-007, 8.91746410048e-008, 9.91154536223e-008, 3.10016815774e-007, 2.32965859936e-007, 8.05120379255e-008, 7.0836932764e-008, 7.19442212471e-008, 1.13832200554e-007, 1.64249982504e-007, 1.2083566503e-007, 1.34361172854e-007, 2.45721793135e-007, 3.74822860749e-007, 1.81169724556e-007, 9.45720373124e-008, 2.04392591741e-008, 1.60929025661e-009, 1.88627280462e-010, 1.59503063535e-010, 2.87238277868e-013, 4.00273649672e-018]
        max: [8.36185336084e-006, 0.000793918443378, 0.00246479222551, 0.00163861887995, 0.00536292046309, 0.00422660680488, 0.00319186248817, 0.00374897872098, 0.00995773635805, 0.00675088865682, 0.00467766169459, 0.00337708881125, 0.00348837208003, 0.00534433871508, 0.00674970122054, 0.00607819203287, 0.00750900851563, 0.00579880410805, 0.0069621228613, 0.00429113395512, 0.00358911906369, 0.00270587974228, 0.000670540670399, 0.000170922794496, 0.000176462126547, 7.56609915697e-006, 2.89791106667e-008]
        mean: [3.57647564897e-007, 6.33640593151e-005, 0.000105545623228, 9.83879217529e-005, 0.000345024047419, 0.000199233836611, 8.57957129483e-005, 0.000119362957776, 0.000365990155842, 0.000329802191118, 0.000128036059323, 0.000147595303133, 0.000124037876958, 0.00016244132712, 0.00021525741613, 0.000221958893235, 0.000263335823547, 0.000429895240813, 0.00066929415334, 0.000482366245706, 0.000239968372625, 9.16271164897e-005, 1.7965610823e-005, 6.24046879238e-006, 4.04607681048e-006, 1.94241309259e-007, 9.41863254056e-010]
        median: [4.81655426654e-008, 2.91086798825e-005, 6.13092270214e-005, 4.65027878818e-005, 0.00016325818433, 9.89637192106e-005, 3.61412712664e-005, 3.50592599716e-005, 0.000104047176137, 6.83894540998e-005, 4.21423974331e-005, 6.52520175208e-005, 4.53384745924e-005, 6.08351110714e-005, 8.90263472684e-005, 0.000133047753479, 0.000178786562174, 0.000281202723272, 0.000531036348548, 0.000372952461476, 0.000186287332326, 6.53774404782e-005, 1.03888196463e-005, 4.03992316933e-006, 1.7960931018e-006, 7.877623176e-008, 3.68635011405e-010]
        min: [5.38509586062e-024, 2.70347799258e-024, 6.1199880303e-024, 1.48868812878e-023, 4.35238984544e-023, 4.1240019916e-023, 3.12067315654e-023, 3.77721179569e-023, 5.90269526844e-023, 2.4566657401e-023, 2.79364581957e-023, 7.7046252321e-023, 6.01243150015e-023, 1.04981445184e-022, 1.20110585656e-022, 1.0435619403e-022, 1.79503948453e-022, 2.47735645724e-022, 1.73876492434e-022, 3.17380704058e-022, 4.17403470566e-022, 3.99032679753e-022, 4.25817069706e-022, 6.4085515035e-022, 1.28853595439e-021, 1.69031924697e-021, 2.27432138121e-021]
        var: [8.96947121611e-013, 9.55944479131e-009, 2.17519797729e-008, 2.24595293474e-008, 2.68253700142e-007, 9.57106465194e-008, 3.30325846676e-008, 7.71976331748e-008, 5.50911579467e-007, 4.74017525676e-007, 6.86914702897e-008, 6.60128449681e-008, 6.17275262016e-008, 9.58660351102e-008, 1.57491854225e-007, 1.25534995732e-007, 1.11550185977e-007, 2.18914564698e-007, 3.31909546958e-007, 1.94426689859e-007, 6.22674107831e-008, 1.36074556067e-008, 9.82467995847e-010, 1.05820720242e-010, 7.69721994476e-011, 1.50357387673e-013, 2.86392634174e-018]
    frequency_bands:
        dmean: [3.91194845406e-007, 4.67523896077e-005, 7.30491155991e-005, 7.68714162405e-005, 0.000244843628025, 0.000137548486236, 7.2239752626e-005, 7.68698664615e-005, 0.000186626028153, 0.000160422758199, 7.69389807829e-005, 8.61599182826e-005, 7.23494886188e-005, 9.90905682556e-005, 0.00012428368791, 0.000122719458886, 0.000130087893922, 0.000220767688006, 0.000298218976241, 0.000201250615646, 0.000114021495392, 5.00229652971e-005, 1.04022547021e-005, 3.32547278958e-006, 2.42443752541e-006, 1.24601697848e-007, 6.67866262294e-010, 5.73741262833e-011]
        dmean2: [7.00232817508e-007, 7.94848892838e-005, 0.000123857607832, 0.000125837643282, 0.000418208335759, 0.000231392186834, 0.000121344193758, 0.000123525998788, 0.000282447901554, 0.00023712895927, 0.000119882097351, 0.000135660346132, 0.000117355819384, 0.000157328729983, 0.000197253393708, 0.000198594469111, 0.000213962077396, 0.000364745006664, 0.000497426779475, 0.000336894299835, 0.000193445303012, 8.28198171803e-005, 1.67763955687e-005, 5.33081538379e-006, 3.75265744879e-006, 1.95947819748e-007, 1.09365261292e-009, 1.0686944385e-010]
        dvar: [1.18018225401e-012, 9.79017045211e-009, 1.6163191674e-008, 1.72279097654e-008, 2.43639533437e-007, 7.36664134138e-008, 3.50464688381e-008, 4.12230960478e-008, 1.49650944081e-007, 1.14001359464e-007, 3.58721692351e-008, 3.0511468907e-008, 2.92338295793e-008, 4.89660330061e-008, 7.117130707e-008, 5.17211340423e-008, 5.07420097051e-008, 9.89818360608e-008, 1.44812162262e-007, 7.03608549202e-008, 3.49251010334e-008, 8.79485728689e-009, 7.22863435776e-010, 8.04923835918e-011, 6.45814374201e-011, 1.18671416552e-013, 1.68316758314e-018, 6.77787754958e-021]
        dvar2: [3.34829212967e-012, 2.65821391565e-008, 4.41611156532e-008, 4.13119138898e-008, 6.74915895615e-007, 1.9611046298e-007, 8.91746410048e-008, 9.91154536223e-008, 3.10016815774e-007, 2.32965859936e-007, 8.05120379255e-008, 7.0836932764e-008, 7.19442212471e-008, 1.13832200554e-007, 1.64249982504e-007, 1.2083566503e-007, 1.34361172854e-007, 2.45721793135e-007, 3.74822860749e-007, 1.81169724556e-007, 9.45720373124e-008, 2.04392591741e-008, 1.60929025661e-009, 1.88627280462e-010, 1.59503063535e-010, 2.87238277868e-013, 4.00273649672e-018, 2.16833910756e-020]
        max: [8.36185336084e-006, 0.000793918443378, 0.00246479222551, 0.00163861887995, 0.00536292046309, 0.00422660680488, 0.00319186248817, 0.00374897872098, 0.00995773635805, 0.00675088865682, 0.00467766169459, 0.00337708881125, 0.00348837208003, 0.00534433871508, 0.00674970122054, 0.00607819203287, 0.00750900851563, 0.00579880410805, 0.0069621228613, 0.00429113395512, 0.00358911906369, 0.00270587974228, 0.000670540670399, 0.000170922794496, 0.000176462126547, 7.56609915697e-006, 2.89791106667e-008, 9.32029120548e-010]
        mean: [3.57647564897e-007, 6.33640593151e-005, 0.000105545623228, 9.83879217529e-005, 0.000345024047419, 0.000199233836611, 8.57957129483e-005, 0.000119362957776, 0.000365990155842, 0.000329802191118, 0.000128036059323, 0.000147595303133, 0.000124037876958, 0.00016244132712, 0.00021525741613, 0.000221958893235, 0.000263335823547, 0.000429895240813, 0.00066929415334, 0.000482366245706, 0.000239968372625, 9.16271164897e-005, 1.7965610823e-005, 6.24046879238e-006, 4.04607681048e-006, 1.94241309259e-007, 9.41863254056e-010, 4.44864770022e-011]
        median: [4.81655426654e-008, 2.91086798825e-005, 6.13092270214e-005, 4.65027878818e-005, 0.00016325818433, 9.89637192106e-005, 3.61412712664e-005, 3.50592599716e-005, 0.000104047176137, 6.83894540998e-005, 4.21423974331e-005, 6.52520175208e-005, 4.53384745924e-005, 6.08351110714e-005, 8.90263472684e-005, 0.000133047753479, 0.000178786562174, 0.000281202723272, 0.000531036348548, 0.000372952461476, 0.000186287332326, 6.53774404782e-005, 1.03888196463e-005, 4.03992316933e-006, 1.7960931018e-006, 7.877623176e-008, 3.68635011405e-010, 1.57324604733e-011]
        min: [5.38509586062e-024, 2.70347799258e-024, 6.1199880303e-024, 1.48868812878e-023, 4.35238984544e-023, 4.1240019916e-023, 3.12067315654e-023, 3.77721179569e-023, 5.90269526844e-023, 2.4566657401e-023, 2.79364581957e-023, 7.7046252321e-023, 6.01243150015e-023, 1.04981445184e-022, 1.20110585656e-022, 1.0435619403e-022, 1.79503948453e-022, 2.47735645724e-022, 1.73876492434e-022, 3.17380704058e-022, 4.17403470566e-022, 3.99032679753e-022, 4.25817069706e-022, 6.4085515035e-022, 1.28853595439e-021, 1.69031924697e-021, 2.27432138121e-021, 7.1280249608e-022]
        var: [8.96947121611e-013, 9.55944479131e-009, 2.17519797729e-008, 2.24595293474e-008, 2.68253700142e-007, 9.57106465194e-008, 3.30325846676e-008, 7.71976331748e-008, 5.50911579467e-007, 4.74017525676e-007, 6.86914702897e-008, 6.60128449681e-008, 6.17275262016e-008, 9.58660351102e-008, 1.57491854225e-007, 1.25534995732e-007, 1.11550185977e-007, 2.18914564698e-007, 3.31909546958e-007, 1.94426689859e-007, 6.22674107831e-008, 1.36074556067e-008, 9.82467995847e-010, 1.05820720242e-010, 7.69721994476e-011, 1.50357387673e-013, 2.86392634174e-018, 5.45892594596e-021]
    mfcc:
        mean: [-697.596923828, 80.4321212769, -52.6346893311, 50.7134971619, -19.0369796753, -2.94266748428, 0.721497297287, -2.14485478401, -1.08127176762, -4.46397638321, -5.09871959686, -10.8053121567, -5.82294034958]
        cov: [[4469.59130859, 377.79876709, -154.843139648, 129.262634277, -90.7539672852, 73.3793334961, 7.9965929985, 9.91877746582, -66.6436157227, -29.188993454, -31.6144695282, -53.9063987732, -39.7789039612], [377.79876709, 626.371582031, -125.046432495, 86.2468719482, 20.8771686554, 43.3298149109, 42.6909790039, 26.2669849396, 31.1876316071, 29.9330501556, 33.6210365295, 0.352346539497, -5.99522256851], [-154.843139648, -125.046432495, 517.967346191, 115.442321777, 145.247543335, 40.7765960693, 25.7898445129, -35.5950126648, -43.6915550232, -7.00129795074, -10.3230571747, 39.6863555908, 29.4916133881], [129.262634277, 86.2468719482, 115.442321777, 313.485748291, 82.168762207, 46.3242874146, 20.7735080719, -16.773393631, 29.5163917542, -12.2952680588, -7.68916559219, 27.3514270782, 43.1079177856], [-90.7539672852, 20.8771686554, 145.247543335, 82.168762207, 219.306976318, 50.1250648499, -5.04518413544, -7.18657636642, 5.4212346077, 0.770326018333, 0.703318893909, 26.1929035187, 21.2811527252], [73.3793334961, 43.3298149109, 40.7765960693, 46.3242874146, 50.1250648499, 152.852371216, 84.7890930176, 20.486618042, -14.6903896332, 16.6980781555, 24.3362083435, 12.0673093796, 18.4034919739], [7.9965929985, 42.6909790039, 25.7898445129, 20.7735080719, -5.04518413544, 84.7890930176, 164.445236206, 46.4818267822, 0.124982759356, 10.2160253525, 15.3680648804, 13.4901762009, 16.0604305267], [9.91877746582, 26.2669849396, -35.5950126648, -16.773393631, -7.18657636642, 20.486618042, 46.4818267822, 126.093902588, 60.331401825, 36.3612480164, 11.4766731262, 3.76443457603, -3.36118626595], [-66.6436157227, 31.1876316071, -43.6915550232, 29.5163917542, 5.4212346077, -14.6903896332, 0.124982759356, 60.331401825, 126.406539917, 48.2208824158, 4.22656345367, 1.09571278095, -3.5492041111], [-29.188993454, 29.9330501556, -7.00129795074, -12.2952680588, 0.770326018333, 16.6980781555, 10.2160253525, 36.3612480164, 48.2208824158, 96.828086853, 42.5099372864, 15.0825939178, -6.8508682251], [-31.6144695282, 33.6210365295, -10.3230571747, -7.68916559219, 0.703318893909, 24.3362083435, 15.3680648804, 11.4766731262, 4.22656345367, 42.5099372864, 91.0218353271, 33.3850746155, 10.8904294968], [-53.9063987732, 0.352346539497, 39.6863555908, 27.3514270782, 26.1929035187, 12.0673093796, 13.4901762009, 3.76443457603, 1.09571278095, 15.0825939178, 33.3850746155, 87.7613983154, 47.495300293], [-39.7789039612, -5.99522256851, 29.4916133881, 43.1079177856, 21.2811527252, 18.4034919739, 16.0604305267, -3.36118626595, -3.5492041111, -6.8508682251, 10.8904294968, 47.495300293, 87.7604293823]]
        icov: [[0.000254140846664, -0.00013901523198, 4.44088473159e-005, -0.000159401708515, 0.000164898301591, -0.000171138861333, 0.000148083548993, -0.00015215210442, 0.000273776502581, -2.50631510426e-005, 0.000143955345266, 3.35714757966e-005, 0.000105129329313], [-0.00013901523198, 0.00202859053388, 0.000743160198908, -0.000701010983903, -0.000568685878534, 0.000113131725811, -0.000595283752773, 2.6538829843e-005, 6.66770793032e-005, -0.000433990557212, -0.000595417164732, 0.000137415045174, 0.000362638558727], [4.44088473159e-005, 0.000743160198908, 0.00304664904252, -0.00103883945849, -0.00179646653123, 0.000510964135174, -0.000898886180948, 0.000251758901868, 0.001587556093, -0.00115958915558, 0.000678118434735, -0.000689497799613, 0.000322661246173], [-0.000159401708515, -0.000701010983903, -0.00103883945849, 0.0048269382678, -0.000525722920429, -0.00122970459051, -3.17785343213e-005, 0.00156843091827, -0.00292568397708, 0.00159692205489, 0.000361446698662, -0.0004321950546, -0.00149540475104], [0.000164898301591, -0.000568685878534, -0.00179646653123, -0.000525722920429, 0.00698450719938, -0.00302792410366, 0.00229032104835, -0.000104525992356, -0.0012143549975, 0.000880736799445, 0.000518409826327, -0.00131401058752, 8.24081580504e-005], [-0.000171138861333, 0.000113131725811, 0.000510964135174, -0.00122970459051, -0.00302792410366, 0.0119676282629, -0.0056976499036, -0.000782167422585, 0.00323754921556, -0.0025898872409, -0.00178603257518, 0.00202708458528, -0.00134682503995], [0.000148083548993, -0.000595283752773, -0.000898886180948, -3.17785343213e-005, 0.00229032104835, -0.0056976499036, 0.010374840349, -0.00340722477995, 0.000315443321597, 0.00117844459601, 0.000149054263602, -0.000824477174319, -0.000513113045599], [-0.00015215210442, 2.6538829843e-005, 0.000251758901868, 0.00156843091827, -0.000104525992356, -0.000782167422585, -0.00340722477995, 0.0128635810688, -0.00616735685617, -0.00108578149229, 0.0002327238617, -0.000596009544097, 0.000342899002135], [0.000273776502581, 6.66770793032e-005, 0.001587556093, -0.00292568397708, -0.0012143549975, 0.00323754921556, 0.000315443321597, -0.00616735685617, 0.0153111759573, -0.00723976548761, 0.00226219696924, 0.000875079422258, -0.000346385641024], [-2.50631510426e-005, -0.000433990557212, -0.00115958915558, 0.00159692205489, 0.000880736799445, -0.0025898872409, 0.00117844459601, -0.00108578149229, -0.00723976548761, 0.0185323469341, -0.00718668289483, -0.00183761853259, 0.0026767749805], [0.000143955345266, -0.000595417164732, 0.000678118434735, 0.000361446698662, 0.000518409826327, -0.00178603257518, 0.000149054263602, 0.0002327238617, 0.00226219696924, -0.00718668289483, 0.0171080883592, -0.00578023539856, 0.000385315914173], [3.35714757966e-005, 0.000137415045174, -0.000689497799613, -0.0004321950546, -0.00131401058752, 0.00202708458528, -0.000824477174319, -0.000596009544097, 0.000875079422258, -0.00183761853259, -0.00578023539856, 0.0198490973562, -0.00964275095612], [0.000105129329313, 0.000362638558727, 0.000322661246173, -0.00149540475104, 8.24081580504e-005, -0.00134682503995, -0.000513113045599, 0.000342899002135, -0.000346385641024, 0.0026767749805, 0.000385315914173, -0.00964275095612, 0.0178283974528]]
    sccoeffs:
        dmean: [0.0526941455901, 0.0481285564601, 0.0414792411029, 0.0322484709322, 0.021871175617, 0.0194243546575]
        dmean2: [0.0872175097466, 0.0791547298431, 0.0657855644822, 0.0517901927233, 0.0356557890773, 0.0306930914521]
        dvar: [0.00202691415325, 0.00158201530576, 0.00115262612235, 0.000684292754158, 0.000346213346347, 0.000360242993338]
        dvar2: [0.00519483909011, 0.00402794219553, 0.00272885453887, 0.00162781937979, 0.000840828928631, 0.000848757626954]
        max: [-0.329258203506, -0.407369673252, -0.37039232254, -0.486301153898, -0.595774233341, -0.547091066837]
        mean: [-0.672363936901, -0.750153779984, -0.752962887287, -0.770895242691, -0.788071334362, -0.736069619656]
        median: [-0.682612478733, -0.75969940424, -0.763018786907, -0.775688946247, -0.792450845242, -0.739368021488]
        min: [-0.962454319, -0.964212536812, -0.972054362297, -0.958247065544, -0.963192284107, -0.959336221218]
        var: [0.00698780361563, 0.00562230404466, 0.00661384640262, 0.00320505234413, 0.00134853145573, 0.00187651265878]
    scvalleys:
        dmean: [0.389836668968, 0.393792927265, 0.320535928011, 0.26688477397, 0.239948749542, 0.253038913012]
        dmean2: [0.634050786495, 0.647665143013, 0.518807351589, 0.425616651773, 0.37902110815, 0.373896718025]
        dvar: [0.142988398671, 0.155781522393, 0.105533666909, 0.0923207178712, 0.105462118983, 0.128300592303]
        dvar2: [0.300540179014, 0.342956483364, 0.209151953459, 0.16127845645, 0.187497451901, 0.239643722773]
        max: [-5.17610788345, -4.83708620071, -5.14215564728, -5.52013397217, -5.4190325737, -7.2252073288]
        mean: [-7.24323892593, -6.92113447189, -7.11824607849, -7.18582582474, -6.8023018837, -9.41452407837]
        median: [-6.92949438095, -6.74643230438, -6.94388961792, -7.01097869873, -6.61596012115, -9.23006439209]
        min: [-27.5601348877, -27.1601715088, -27.3687839508, -27.6535892487, -27.2775440216, -27.3187866211]
        var: [1.85811591148, 1.26193618774, 1.20086050034, 1.10391306877, 0.992240309715, 1.35632026196]

rhythm:
    beats_loudness:
        dmean: 0.00311733433045
        dmean2: 0.00607277313247
        dvar: 3.44897898685e-006
        dvar2: 1.19339420053e-005
        max: 0.0118120070547
        mean: 0.00532800192013
        median: 0.00543954409659
        min: 2.41936210649e-011
        var: 7.23093171473e-006
    bpm: 106.05796814
    bpm_confidence: 0
    first_peak_bpm: 105
    first_peak_spread: 0.33027523756
    first_peak_weight: 0.661631405354
    onset_rate: 2.87693285942
    second_peak_bpm: 110
    second_peak_spread: 0
    second_peak_weight: 0.0120845921338
    beats_loudness_band_ratio:
        dmean: [0.134422168136, 0.170269966125, 0.0983381792903, 0.0848911181092, 0.120241738856, 0.119806222618]
        dmean2: [0.250459015369, 0.333693057299, 0.17400200665, 0.155077382922, 0.214645475149, 0.215128973126]
        dvar: [0.0104238940403, 0.0114993844181, 0.0125302392989, 0.00961406901479, 0.0139583833516, 0.0134100336581]
        dvar2: [0.0282635111362, 0.0392762944102, 0.0376666374505, 0.0285648871213, 0.0425580777228, 0.0343213677406]
        max: [0.698746085167, 0.454398155212, 0.894725203514, 0.52415651083, 0.764933288097, 0.97203117609]
        mean: [0.189485922456, 0.143065482378, 0.123189263046, 0.106272250414, 0.239039480686, 0.272466272116]
        median: [0.176650345325, 0.0992136895657, 0.0897122845054, 0.0709936618805, 0.213568657637, 0.23785752058]
        min: [0, 0, 0, 0, 0, 0]
        var: [0.0164470672607, 0.0142852049321, 0.0124674774706, 0.00935365725309, 0.0143657391891, 0.0178019627929]
    beats_position: [0.53405892849, 1.07972788811, 1.62539684772, 2.17106580734, 2.71673464775, 3.27401351929, 3.83129239082, 4.38857126236, 4.94585037231, 5.51473903656, 6.08362817764, 6.64090681076, 7.20979595184, 7.77868461609, 8.34757328033, 8.90485286713, 9.46213150024, 10.0310201645, 10.5999088287, 11.1687984467, 11.7376871109, 12.3065757751, 12.8638544083, 13.4327430725, 14.0016326904, 14.5705213547, 15.1394100189, 15.696688652, 16.2655773163, 16.8344669342, 17.4033565521, 17.9722442627, 18.5295238495, 19.0984115601, 19.667301178, 20.2245807648, 20.7934684753, 21.3623580933, 21.9312477112, 22.5001354218, 23.0574150085, 23.6263027191, 24.1835823059, 24.7524719238, 25.3213596344, 25.8902492523, 26.4475269318, 27.0164165497, 27.5853061676, 28.1541938782, 28.7230834961, 29.2803630829, 29.8492507935, 30.4181404114, 30.9870281219, 31.5559177399, 32.1131973267, 32.6820869446, 33.2509727478, 33.8082542419, 34.3771438599, 34.9460296631, 35.514919281, 36.0838088989, 36.6410865784, 37.2099761963, 37.7788658142, 38.3477554321, 38.91664505, 39.4739227295, 40.0428123474, 40.6000900269, 41.1689796448, 41.7378692627, 42.2951469421, 42.8640365601, 43.432926178, 44.0018119812, 44.5707015991, 45.139591217, 45.6968688965, 46.2541503906, 46.8114280701, 47.3919258118, 47.9608154297, 48.5297050476, 49.0869827271, 49.655872345, 50.2247619629, 50.7936515808, 51.3509292603, 51.9198188782, 52.4770965576, 53.0575942993, 53.6264839172, 54.1953735352, 54.7642631531, 55.333152771, 55.8904304504, 56.4593200684, 57.0282058716, 57.5854873657, 58.1659851074, 58.7232627869, 59.280544281, 59.8494338989, 60.4183197021, 60.9756011963, 61.5444869995, 62.1133766174, 62.6706581116, 63.227935791, 63.7852134705, 64.3657150269, 64.9346008301, 65.5034942627, 66.0723800659, 66.6412658691, 67.2101593018, 67.779045105, 68.3363265991, 68.9052124023, 69.474105835, 70.0313796997, 70.6002731323, 71.1691589355, 71.7380523682, 72.3069381714, 72.8642196655, 73.4331054688, 74.001991272, 74.5708847046, 75.1397705078, 75.697052002, 76.2659378052, 76.8348312378, 77.403717041, 77.9726028442, 78.5298843384, 79.098777771, 79.6560516357, 80.2133331299, 80.7706069946, 81.3395004272, 81.9083862305, 82.4772796631, 83.0345535278, 83.6034469604, 84.1839447021, 84.7528305054, 85.3333282471, 85.8906097412, 86.4595031738, 87.0283889771, 87.5856704712, 88.1545562744, 88.7118377686, 89.2807235718, 89.849609375, 90.4185028076, 90.9873886108, 91.5562820435, 92.1135559082, 92.6824493408, 93.2397232056, 93.8086166382, 94.3658905029, 94.9347839355, 95.5036697388, 96.0725631714, 96.6298370361, 97.1987304688, 97.7560043335, 98.3365097046, 98.9053955078, 99.474281311, 100.043174744, 100.612060547, 101.169342041, 101.738227844, 102.307121277, 102.864395142, 103.433288574, 104.002174377, 104.559455872, 105.128341675, 105.685623169, 106.242897034, 106.811790466, 107.392288208, 107.961174011, 108.530067444, 109.098953247, 109.66784668, 110.225120544, 110.794013977, 111.36289978, 111.931785583, 112.489067078, 113.05796051, 113.626846313, 114.195732117, 114.753013611, 115.321899414, 115.890792847, 116.448066711, 117.016960144, 117.585845947, 118.15473938, 118.723625183, 119.280906677, 119.84979248, 120.418685913, 120.975959778, 121.54485321, 122.113739014, 122.682624817, 123.25151825, 123.808792114, 124.377685547, 124.94657135, 125.515464783, 126.084350586, 126.64163208, 127.210517883, 127.779411316, 128.336685181, 128.893966675, 129.462860107, 130.031738281, 130.600631714, 131.169525146, 131.73840332, 132.307296753, 132.864578247, 133.421859741, 133.979141235, 134.559631348, 135.116912842, 135.685806274, 136.254684448, 136.823577881, 137.392471313, 137.949752808, 138.518630981, 139.075912476, 139.644805908, 140.213699341, 140.782577515, 141.339859009, 141.908752441, 142.477645874, 143.046524048, 143.61541748, 144.172698975, 144.753189087, 145.32208252, 145.890975952, 146.448257446, 147.005523682, 147.574417114, 148.143310547, 148.700592041, 149.269470215, 149.838363647, 150.418869019, 150.987747192, 151.556640625, 152.113922119, 152.682815552, 153.251693726, 153.820587158, 154.389480591, 154.946762085, 155.50402832, 156.072921753, 156.641815186, 157.210693359, 157.767974854, 158.336868286, 158.905761719, 159.474639893, 160.043533325, 160.612426758, 161.169708252, 161.738586426, 162.307479858, 162.864761353, 163.433654785, 164.002532959, 164.559814453, 165.128707886, 165.69758606, 166.254867554, 166.823760986, 167.392654419, 167.961532593, 168.530426025, 169.099319458, 169.668212891, 170.225479126, 170.794372559, 171.351654053, 171.920547485, 172.489425659, 173.058319092, 173.627212524, 174.196090698, 174.764984131, 175.333877563, 175.891159058, 176.460037231, 177.017318726, 177.586212158, 178.155105591, 178.723983765, 179.281265259, 179.86177063, 180.419036865, 180.976318359, 181.545211792, 182.114105225, 182.682983398, 183.251876831, 183.820770264, 184.389663696, 184.95854187, 185.539047241, 186.096328735, 186.665206909, 187.24571228, 187.814605713]
    bpm_estimates: [109.95677948, 109.95677948, 109.95677948, 109.956802368, 107.666023254, 107.666023254, 107.666023254, 107.665977478, 105.468788147, 105.468704224, 107.666069031, 105.468704224, 105.468788147, 105.468788147, 107.665885925, 107.666069031, 105.468788147, 105.468788147, 105.468612671, 105.468788147, 105.468788147, 107.666069031, 105.468788147, 105.468612671, 105.468788147, 105.468788147, 107.666069031, 105.468788147, 105.468612671, 105.468612671, 105.468971252, 107.665885925, 105.468971252, 105.468612671, 107.665885925, 105.468971252, 105.468612671, 105.468612671, 105.468971252, 107.665885925, 105.468971252, 107.665885925, 105.468612671, 105.468971252, 105.468612671, 107.666252136, 105.468612671, 105.468612671, 105.468971252, 105.468612671, 107.665885925, 105.468971252, 105.468612671, 105.468971252, 105.468612671, 107.665885925, 105.468612671, 105.469322205, 107.665519714, 105.468612671, 105.469322205, 105.468612671, 105.468612671, 107.666252136, 105.468612671, 105.468612671, 105.468612671, 105.468612671, 107.666252136, 105.468612671, 107.666252136, 105.468612671, 105.468612671, 107.666252136, 105.468612671, 105.468612671, 105.469322205, 105.468612671, 105.468612671, 107.666252136, 107.665519714, 107.666252136, 103.359573364, 105.468612671, 105.468612671, 107.666252136, 105.468612671, 105.468612671, 105.468612671, 107.666252136, 105.468612671, 107.666252136, 103.359573364, 105.468612671, 105.468612671, 105.468612671, 105.468612671, 107.666252136, 105.468612671, 105.469322205, 107.665519714, 103.359573364, 107.666252136, 107.665519714, 105.468612671, 105.469322205, 107.665519714, 105.469322205, 105.468612671, 107.665519714, 107.666252136, 107.666252136, 103.358894348, 105.469322205, 105.467910767, 105.469322205, 105.469322205, 105.467910767, 105.469322205, 107.665519714, 105.469322205, 105.467910767, 107.666992188, 105.467910767, 105.469322205, 105.467910767, 105.469322205, 107.665519714, 105.469322205, 105.469322205, 105.467910767, 105.469322205, 107.665519714, 105.469322205, 105.467910767, 105.469322205, 105.469322205, 107.665519714, 105.467910767, 107.666992188, 107.665519714, 107.666992188, 105.467910767, 105.469322205, 105.467910767, 107.666992188, 105.467910767, 103.359573364, 105.469322205, 103.359573364, 107.665519714, 105.467910767, 105.469322205, 107.665519714, 105.469322205, 107.665519714, 105.469322205, 105.469322205, 105.467910767, 105.469322205, 105.467910767, 107.666992188, 105.467910767, 107.666992188, 105.467910767, 107.666992188, 105.467910767, 105.469322205, 105.467910767, 107.666992188, 105.467910767, 107.666992188, 103.358215332, 105.469322205, 105.469322205, 105.467910767, 105.469322205, 107.665519714, 105.469322205, 105.467910767, 107.666992188, 105.467910767, 105.469322205, 107.665519714, 105.469322205, 107.665519714, 107.666992188, 105.467910767, 103.359573364, 105.469322205, 105.467910767, 105.469322205, 105.467910767, 107.666992188, 105.467910767, 105.469322205, 105.469322205, 107.665519714, 105.467910767, 105.469322205, 105.469322205, 107.665519714, 105.469322205, 105.467910767, 107.666992188, 105.467910767, 105.469322205, 105.467910767, 105.469322205, 107.665519714, 105.469322205, 105.467910767, 107.666992188, 105.467910767, 105.469322205, 105.469322205, 105.467910767, 107.666992188, 105.467910767, 105.469322205, 105.467910767, 105.469322205, 107.665519714, 105.469322205, 105.467910767, 107.666992188, 107.665519714, 105.467910767, 105.470733643, 105.467910767, 105.467910767, 105.470733643, 105.467910767, 107.665519714, 107.665519714, 107.665519714, 103.360931396, 107.665519714, 105.467910767, 105.470733643, 105.467910767, 105.467910767, 107.665519714, 105.470733643, 107.665519714, 105.467910767, 105.467910767, 105.470733643, 107.665519714, 105.467910767, 105.467910767, 105.470733643, 105.467910767, 107.665519714, 103.360931396, 105.467910767, 105.467910767, 107.665519714, 107.668464661, 105.467910767, 105.467910767, 107.665519714, 105.470733643, 105.467910767, 103.358215332, 105.470733643, 105.467910767, 107.665519714, 105.467910767, 105.470733643, 105.467910767, 105.467910767, 107.665519714, 107.668464661, 105.467910767, 105.467910767, 105.470733643, 107.665519714, 105.467910767, 105.467910767, 105.470733643, 105.467910767, 105.467910767, 107.665519714, 105.470733643, 105.467910767, 107.665519714, 105.467910767, 105.470733643, 107.665519714, 105.467910767, 105.470733643, 107.665519714, 105.467910767, 105.467910767, 105.470733643, 105.467910767, 105.467910767, 105.467910767, 107.668464661, 105.467910767, 107.665519714, 105.467910767, 105.470733643, 105.467910767, 105.467910767, 105.470733643, 105.467910767, 105.467910767, 107.665519714, 105.470733643, 107.665519714, 105.467910767, 105.467910767, 105.470733643, 107.665519714, 103.358215332, 107.668464661, 107.665519714, 105.467910767, 105.467910767, 105.470733643, 105.467910767, 105.467910767, 105.467910767, 105.470733643, 103.358215332, 107.665519714, 105.470733643, 103.358215332, 105.467910767]
