
metadata:
    version:
        essentia: "2.1-beta2"
    audio_properties:
        analysis_sample_rate: 44100
        bitrate: 320
        channels: 2
        equal_loudness: 1
        length: 218.409790039
        replay_gain: -13.1657543182
        downmix: "mix"
    tags:
        album: "This War Is Ours"
        artist: "Escape The Fate"
        comment: ""
        date: ""
        genre: ""
        title: "Something"
        tracknumber: "4"

configuration:
    average_loudness:
        compute: 1
        frameSize: 88200
        hopSize: 44100
        silentFrames: "noise"
        windowType: "hann"
    general:
        analysisSampleRate: 44100
        endTime: 2000
        equalLoudness: 1
        nequalLoudness: 0
        shortSound: 0
        startTime: 0
    lowlevel:
        compute: 1
        frameSize: 2048
        hopSize: 1024
        zeroPadding: 0
        silentFrames: "noise"
        windowType: "blackmanharris62"
        mfccStats: ["mean", "cov", "icov"]
        stats: ["mean", "var", "median", "min", "max", "dmean", "dmean2", "dvar", "dvar2"]
    panning:
        compute: 0
        frameSize: 8192
        hopSize: 2048
        zeroPadding: 8192
        silentFrames: "noise"
        windowType: "hann"
        stats: ["copy"]
    rhythm:
        compute: 1
        maxTempo: 208
        minTempo: 40
        method: "degara"
        stats: ["mean", "var", "median", "min", "max", "dmean", "dmean2", "dvar", "dvar2"]
    segmentation:
        compute: 0
        cpw: 5
        inc1: 300
        inc2: 50
        minimumSegmentsLength: 10
        size1: 1000
        size2: 600
    sfx:
        compute: 1
        stats: ["mean", "var", "median", "min", "max", "dmean", "dmean2", "dvar", "dvar2"]
    svm:
        compute: 0
    tonal:
        compute: 1
        frameSize: 4096
        hopSize: 2048
        zeroPadding: 0
        silentFrames: "noise"
        windowType: "blackmanharris62"
        stats: ["mean", "var", "median", "min", "max", "dmean", "dmean2", "dvar", "dvar2"]

lowlevel:
    average_loudness: 0.906461417675
    barkbands_kurtosis:
        dmean: 0.743431031704
        dmean2: 1.18670904636
        dvar: 1.71888327599
        dvar2: 3.96293377876
        max: 33.5288696289
        mean: -0.315514802933
        median: -0.882187962532
        min: -1.88045930862
        var: 4.36886739731
    barkbands_skewness:
        dmean: 0.37870785594
        dmean2: 0.582190394402
        dvar: 0.148671850562
        dvar2: 0.331935822964
        max: 5.6437959671
        mean: -0.136997669935
        median: -0.206443786621
        min: -4.16541671753
        var: 0.799277603626
    barkbands_spread:
        dmean: 5.14148569107
        dmean2: 7.95296812057
        dvar: 26.8280525208
        dvar2: 61.2089157104
        max: 83.6841125488
        mean: 28.9137268066
        median: 27.8693180084
        min: 1.37123048306
        var: 108.021713257
    dissonance:
        dmean: 0.0150157446042
        dmean2: 0.0251732859761
        dvar: 0.000268489733571
        dvar2: 0.000725475023501
        max: 0.500000238419
        mean: 0.471559077501
        median: 0.478498578072
        min: 0.192420572042
        var: 0.000617837882601
    hfc:
        dmean: 2.58266448975
        dmean2: 4.28370475769
        dvar: 12.0859680176
        dvar2: 32.3896446228
        max: 47.6347923279
        mean: 9.25424957275
        median: 8.68210792542
        min: 1.18263878296e-016
        var: 37.0073890686
    pitch:
        dmean: 550.298583984
        dmean2: 1060.45275879
        dvar: 1303442
        dvar2: 3148420
        max: 5582.64160156
        mean: 1071.7199707
        median: 346.303497314
        min: 59.1412200928
        var: 2055524.125
    pitch_instantaneous_confidence:
        dmean: 0.0897514224052
        dmean2: 0.142631113529
        dvar: 0.0069259442389
        dvar2: 0.0159561540931
        max: 0.966184794903
        mean: 0.490113437176
        median: 0.462689846754
        min: 0.122887790203
        var: 0.0303087942302
    pitch_salience:
        dmean: 0.0597350299358
        dmean2: 0.0960486158729
        dvar: 0.00284870364703
        dvar2: 0.00711935432628
        max: 0.915007889271
        mean: 0.628899037838
        median: 0.637773394585
        min: 0.133794426918
        var: 0.0097932992503
    silence_rate_20dB:
        dmean: 0
        dmean2: 0
        dvar: 0
        dvar2: 0
        max: 1
        mean: 1
        median: 1
        min: 1
        var: 0
    silence_rate_30dB:
        dmean: 0
        dmean2: 0
        dvar: 0
        dvar2: 0
        max: 1
        mean: 1
        median: 1
        min: 1
        var: 0
    silence_rate_60dB:
        dmean: 0.0780270025134
        dmean2: 0.156070590019
        dvar: 0.0719413906336
        dvar2: 0.157674103975
        max: 1
        mean: 0.269132643938
        median: 0
        min: 0
        var: 0.196686267853
    spectral_centroid:
        dmean: 270.963684082
        dmean2: 419.247955322
        dvar: 107825.546875
        dvar2: 212960.453125
        max: 11151.4863281
        mean: 1887.10009766
        median: 1877.28662109
        min: 260.88671875
        var: 470245.375
    spectral_complexity:
        dmean: 3.56372904778
        dmean2: 5.91601085663
        dvar: 15.9141750336
        dvar2: 41.2949676514
        max: 48
        mean: 15.2548894882
        median: 15
        min: 0
        var: 67.8111190796
    spectral_crest:
        dmean: 2.11212587357
        dmean2: 3.43882322311
        dvar: 3.87224817276
        dvar2: 9.76831912994
        max: 25.4009666443
        mean: 7.77640390396
        median: 6.90134239197
        min: 2.61350941658
        var: 11.086815834
    spectral_decrease:
        dmean: 2.61924454348e-010
        dmean2: 4.28210189529e-010
        dvar: 1.08503012858e-019
        dvar2: 2.82499705076e-019
        max: -1.18727675388e-030
        mean: -1.05305053566e-009
        median: -1.00742936215e-009
        min: -3.65865293617e-009
        var: 3.39788088802e-019
    spectral_energy:
        dmean: 0.00118867773563
        dmean2: 0.00194977223873
        dvar: 2.2500439627e-006
        dvar2: 5.90479612583e-006
        max: 0.0169990640134
        mean: 0.00481383921579
        median: 0.00460115587339
        min: 1.09142564028e-020
        var: 7.18610408512e-006
    spectral_energyband_high:
        dmean: 0.000175672670593
        dmean2: 0.000293720513582
        dvar: 7.92391361415e-008
        dvar2: 2.02598798182e-007
        max: 0.00456734187901
        mean: 0.000418154086219
        median: 0.00034470463288
        min: 7.79489288154e-021
        var: 1.63025006827e-007
    spectral_energyband_low:
        dmean: 0.000100808450952
        dmean2: 0.000172623607796
        dvar: 2.51764120662e-008
        dvar2: 6.9624583432e-008
        max: 0.00177092652302
        mean: 0.000171707797563
        median: 0.000129785010358
        min: 4.31060830091e-023
        var: 2.87604908777e-008
    spectral_energyband_middle_high:
        dmean: 0.000781658862252
        dmean2: 0.00125247228425
        dvar: 8.53263372846e-007
        dvar2: 2.14608098759e-006
        max: 0.0123299397528
        mean: 0.00282716983929
        median: 0.00253621954471
        min: 1.72381309456e-021
        var: 4.04592537961e-006
    spectral_energyband_middle_low:
        dmean: 0.000583118293434
        dmean2: 0.000949736509938
        dvar: 7.50070910271e-007
        dvar2: 1.94184394786e-006
        max: 0.00969610363245
        mean: 0.00146773306187
        median: 0.00116323051043
        min: 2.50350170578e-022
        var: 1.35693358061e-006
    spectral_flatness_db:
        dmean: 0.0150529975072
        dmean2: 0.0229154024273
        dvar: 0.000207855919143
        dvar2: 0.00044026481919
        max: 0.392817229033
        mean: 0.146994903684
        median: 0.139366552234
        min: 0.042337551713
        var: 0.0017279664753
    spectral_flux:
        dmean: 0.00888466648757
        dmean2: 0.0141246877611
        dvar: 8.68141869432e-005
        dvar2: 0.000186615623534
        max: 0.108727112412
        mean: 0.0395014882088
        median: 0.0386731028557
        min: 1.04471320483e-010
        var: 0.000275440426776
    spectral_kurtosis:
        dmean: 1.06220269203
        dmean2: 1.72833609581
        dvar: 1.76712918282
        dvar2: 4.96273469925
        max: 33.4717788696
        mean: 3.62049078941
        median: 3.26045751572
        min: -1.21064198017
        var: 4.91648054123
    spectral_rms:
        dmean: 0.000260317552602
        dmean2: 0.000418902462116
        dvar: 8.63430358322e-008
        dvar2: 2.14531510778e-007
        max: 0.00407240120694
        mean: 0.00206353561953
        median: 0.00211870996282
        min: 3.26313563843e-012
        var: 4.3824269369e-007
    spectral_rolloff:
        dmean: 386.178924561
        dmean2: 606.710571289
        dvar: 311952.5625
        dvar2: 579408.625
        max: 18733.8867188
        mean: 3340.17382813
        median: 3488.37890625
        min: 193.798828125
        var: 1073279.75
    spectral_skewness:
        dmean: 0.170584768057
        dmean2: 0.266481041908
        dvar: 0.0344254486263
        dvar2: 0.0802083909512
        max: 4.11459970474
        mean: 1.36615586281
        median: 1.31688451767
        min: -0.100362047553
        var: 0.157978802919
    spectral_spread:
        dmean: 540399.125
        dmean2: 761149.3125
        dvar: 685543456768
        dvar2: 1.09106908365e+012
        max: 40557216
        mean: 5078237
        median: 4625203
        min: 1775303.125
        var: 3.68034290074e+012
    spectral_strongpeak:
        dmean: 0.642264068127
        dmean2: 1.08129811287
        dvar: 0.756470382214
        dvar2: 1.90248310566
        max: 8.42286300659
        mean: 1.19889891148
        median: 0.807917356491
        min: 1.04135011725e-009
        var: 1.56479084492
    zerocrossingrate:
        dmean: 0.0090059787035
        dmean2: 0.0103468801826
        dvar: 0.00011055842333
        dvar2: 0.000119414718938
        max: 0.4921875
        mean: 0.103536956012
        median: 0.10400390625
        min: 0.01220703125
        var: 0.00101591448765
    barkbands:
        dmean: [5.21464016856e-007, 4.31685621152e-005, 5.37471241842e-005, 7.50075414544e-005, 0.000290973082883, 0.000158446011483, 6.91008681315e-005, 9.68240638031e-005, 0.000167870064615, 0.000136505768751, 8.68784409249e-005, 7.02811885276e-005, 7.27820515749e-005, 9.59287935984e-005, 0.000126567931147, 0.00014015531633, 0.000122385303257, 0.000215913081774, 0.000283069268335, 0.000170483166585, 7.93205981608e-005, 3.16225887218e-005, 1.05909593913e-005, 4.78250785818e-006, 2.37335871134e-006, 1.30962718004e-007, 8.8008872412e-010]
        dmean2: [9.28823055801e-007, 7.43242635508e-005, 9.46701038629e-005, 0.000127620718558, 0.00048823421821, 0.000265050388407, 0.000114424103231, 0.000152755761519, 0.000253554200754, 0.000200935304747, 0.000129158681375, 0.000109188978968, 0.000112359281047, 0.000152315304149, 0.000195806947886, 0.000221213107579, 0.000195593122044, 0.000348332570866, 0.000473699910799, 0.00029083006666, 0.000134414629429, 5.21808215126e-005, 1.6118032363e-005, 7.21510696167e-006, 3.5746040794e-006, 2.03537283028e-007, 1.42475531373e-009]
        dvar: [1.62582382453e-012, 8.31208346597e-009, 7.85002551851e-009, 1.86096276167e-008, 2.83366148324e-007, 7.30331777277e-008, 3.39807080252e-008, 6.41540083279e-008, 1.2533743643e-007, 1.36517201099e-007, 5.5989289649e-008, 2.33291324037e-008, 2.49156251186e-008, 4.25535837678e-008, 7.32301685957e-008, 5.85695190125e-008, 4.09377278743e-008, 1.23182132938e-007, 1.49764446178e-007, 6.76627180951e-008, 1.55438151239e-008, 4.08861966505e-009, 7.66987195977e-010, 2.18132983898e-010, 5.34443739264e-011, 1.08724566351e-013, 5.34925128993e-018]
        dvar2: [4.52631985712e-012, 2.23361933394e-008, 2.30104379995e-008, 5.26916039689e-008, 7.6205071764e-007, 1.92871482341e-007, 8.50900789828e-008, 1.5050768809e-007, 2.77066646959e-007, 2.90012508231e-007, 1.14682606522e-007, 5.39895914642e-008, 5.4086736867e-008, 1.00893977617e-007, 1.68284628899e-007, 1.2973130481e-007, 9.49675467155e-008, 2.90059830377e-007, 3.91321293591e-007, 1.80851330356e-007, 4.17316421419e-008, 9.51694367757e-009, 1.47398204753e-009, 4.23457297005e-010, 1.13264314594e-010, 2.54198382179e-013, 1.28948664567e-017]
        max: [1.0379599189e-005, 0.000776594155468, 0.00130159989931, 0.00203054933809, 0.00575093133375, 0.00413759192452, 0.00436946563423, 0.00581514416263, 0.00739646237344, 0.00915047060698, 0.0070080733858, 0.0034168176353, 0.00402385974303, 0.00399509537965, 0.00454559875652, 0.00545662175864, 0.00396423740312, 0.00781974289566, 0.00724448915571, 0.00529108941555, 0.00277798459865, 0.00164447259158, 0.000512710190378, 0.000334287266014, 0.000162644326338, 6.34893376628e-006, 5.32897352912e-008]
        mean: [5.02277544001e-007, 5.332452929e-005, 8.02228387329e-005, 0.000105075087049, 0.000476186425658, 0.000259980646661, 9.13907570066e-005, 0.000145610742038, 0.000346613844158, 0.00030558850267, 0.000170254003024, 0.000135598413181, 0.000133113120683, 0.000165337740327, 0.000198931054911, 0.00026180234272, 0.000238399807131, 0.000424839148764, 0.00060589244822, 0.000356211065082, 0.000168036320247, 5.85660927754e-005, 1.92934530787e-005, 8.77554612089e-006, 4.07579955208e-006, 2.09610490742e-007, 1.1374059472e-009]
        median: [6.41962287773e-008, 2.38738466578e-005, 5.52632409381e-005, 6.30758004263e-005, 0.000304058543406, 0.000159209943376, 3.80932287953e-005, 4.73734689876e-005, 0.000113132919068, 4.94825580972e-005, 4.10206994275e-005, 5.83536384511e-005, 5.45665534446e-005, 5.52348101337e-005, 7.73402425693e-005, 0.000158332521096, 0.000152162101585, 0.000236298728851, 0.000474161584862, 0.000283068045974, 0.000133767927764, 3.73117836716e-005, 7.99884037406e-006, 3.27554016621e-006, 1.28023293655e-006, 6.52113527622e-008, 3.8841055372e-010]
        min: [2.55345242563e-024, 1.14506449943e-023, 1.78879511404e-023, 1.63930155488e-023, 3.23922380446e-023, 5.99103412142e-024, 5.28151526832e-023, 1.92068397992e-023, 6.79390992948e-023, 2.0956238253e-023, 3.29733445418e-023, 7.47165756739e-023, 6.55121276991e-023, 7.01045603449e-023, 8.5827340736e-023, 1.27240234786e-022, 1.54483085453e-022, 3.26912794366e-022, 2.91150914876e-022, 2.16820148983e-022, 3.91610975383e-022, 4.29451383451e-022, 5.06942061073e-022, 8.21743303567e-022, 1.19378964498e-021, 1.5415946568e-021, 2.52567321581e-021]
        var: [1.37000805665e-012, 7.24116944184e-009, 8.55473292205e-009, 2.01189269688e-008, 3.31269603748e-007, 1.04815789825e-007, 4.16036769479e-008, 1.00126818836e-007, 4.27690537208e-007, 7.05706725057e-007, 2.24939000759e-007, 6.72323494655e-008, 6.53758363001e-008, 9.94258897435e-008, 1.29382073055e-007, 1.33060993335e-007, 1.02295828697e-007, 3.620216944e-007, 3.46508471694e-007, 1.26653446841e-007, 2.85926446963e-008, 7.15248127392e-009, 1.77220993436e-009, 5.30658350595e-010, 1.07755353251e-010, 1.83374284724e-013, 6.11587690497e-018]
    frequency_bands:
        dmean: [5.21464016856e-007, 4.31685621152e-005, 5.37471241842e-005, 7.50075414544e-005, 0.000290973082883, 0.000158446011483, 6.91008681315e-005, 9.68240638031e-005, 0.000167870064615, 0.000136505768751, 8.68784409249e-005, 7.02811885276e-005, 7.27820515749e-005, 9.59287935984e-005, 0.000126567931147, 0.00014015531633, 0.000122385303257, 0.000215913081774, 0.000283069268335, 0.000170483166585, 7.93205981608e-005, 3.16225887218e-005, 1.05909593913e-005, 4.78250785818e-006, 2.37335871134e-006, 1.30962718004e-007, 8.8008872412e-010, 5.6009988314e-011]
        dmean2: [9.28823055801e-007, 7.43242635508e-005, 9.46701038629e-005, 0.000127620718558, 0.00048823421821, 0.000265050388407, 0.000114424103231, 0.000152755761519, 0.000253554200754, 0.000200935304747, 0.000129158681375, 0.000109188978968, 0.000112359281047, 0.000152315304149, 0.000195806947886, 0.000221213107579, 0.000195593122044, 0.000348332570866, 0.000473699910799, 0.00029083006666, 0.000134414629429, 5.21808215126e-005, 1.6118032363e-005, 7.21510696167e-006, 3.5746040794e-006, 2.03537283028e-007, 1.42475531373e-009, 1.04356814856e-010]
        dvar: [1.62582382453e-012, 8.31208346597e-009, 7.85002551851e-009, 1.86096276167e-008, 2.83366148324e-007, 7.30331777277e-008, 3.39807080252e-008, 6.41540083279e-008, 1.2533743643e-007, 1.36517201099e-007, 5.5989289649e-008, 2.33291324037e-008, 2.49156251186e-008, 4.25535837678e-008, 7.32301685957e-008, 5.85695190125e-008, 4.09377278743e-008, 1.23182132938e-007, 1.49764446178e-007, 6.76627180951e-008, 1.55438151239e-008, 4.08861966505e-009, 7.66987195977e-010, 2.18132983898e-010, 5.34443739264e-011, 1.08724566351e-013, 5.34925128993e-018, 6.9924986068e-021]
        dvar2: [4.52631985712e-012, 2.23361933394e-008, 2.30104379995e-008, 5.26916039689e-008, 7.6205071764e-007, 1.92871482341e-007, 8.50900789828e-008, 1.5050768809e-007, 2.77066646959e-007, 2.90012508231e-007, 1.14682606522e-007, 5.39895914642e-008, 5.4086736867e-008, 1.00893977617e-007, 1.68284628899e-007, 1.2973130481e-007, 9.49675467155e-008, 2.90059830377e-007, 3.91321293591e-007, 1.80851330356e-007, 4.17316421419e-008, 9.51694367757e-009, 1.47398204753e-009, 4.23457297005e-010, 1.13264314594e-010, 2.54198382179e-013, 1.28948664567e-017, 2.25257759787e-020]
        max: [1.0379599189e-005, 0.000776594155468, 0.00130159989931, 0.00203054933809, 0.00575093133375, 0.00413759192452, 0.00436946563423, 0.00581514416263, 0.00739646237344, 0.00915047060698, 0.0070080733858, 0.0034168176353, 0.00402385974303, 0.00399509537965, 0.00454559875652, 0.00545662175864, 0.00396423740312, 0.00781974289566, 0.00724448915571, 0.00529108941555, 0.00277798459865, 0.00164447259158, 0.000512710190378, 0.000334287266014, 0.000162644326338, 6.34893376628e-006, 5.32897352912e-008, 1.0039499232e-009]
        mean: [5.02277544001e-007, 5.332452929e-005, 8.02228387329e-005, 0.000105075087049, 0.000476186425658, 0.000259980646661, 9.13907570066e-005, 0.000145610742038, 0.000346613844158, 0.00030558850267, 0.000170254003024, 0.000135598413181, 0.000133113120683, 0.000165337740327, 0.000198931054911, 0.00026180234272, 0.000238399807131, 0.000424839148764, 0.00060589244822, 0.000356211065082, 0.000168036320247, 5.85660927754e-005, 1.92934530787e-005, 8.77554612089e-006, 4.07579955208e-006, 2.09610490742e-007, 1.1374059472e-009, 4.30722471578e-011]
        median: [6.41962287773e-008, 2.38738466578e-005, 5.52632409381e-005, 6.30758004263e-005, 0.000304058543406, 0.000159209943376, 3.80932287953e-005, 4.73734689876e-005, 0.000113132919068, 4.94825580972e-005, 4.10206994275e-005, 5.83536384511e-005, 5.45665534446e-005, 5.52348101337e-005, 7.73402425693e-005, 0.000158332521096, 0.000152162101585, 0.000236298728851, 0.000474161584862, 0.000283068045974, 0.000133767927764, 3.73117836716e-005, 7.99884037406e-006, 3.27554016621e-006, 1.28023293655e-006, 6.52113527622e-008, 3.8841055372e-010, 1.53548423976e-011]
        min: [2.55345242563e-024, 1.14506449943e-023, 1.78879511404e-023, 1.63930155488e-023, 3.23922380446e-023, 5.99103412142e-024, 5.28151526832e-023, 1.92068397992e-023, 6.79390992948e-023, 2.0956238253e-023, 3.29733445418e-023, 7.47165756739e-023, 6.55121276991e-023, 7.01045603449e-023, 8.5827340736e-023, 1.27240234786e-022, 1.54483085453e-022, 3.26912794366e-022, 2.91150914876e-022, 2.16820148983e-022, 3.91610975383e-022, 4.29451383451e-022, 5.06942061073e-022, 8.21743303567e-022, 1.19378964498e-021, 1.5415946568e-021, 2.52567321581e-021, 6.71966006916e-022]
        var: [1.37000805665e-012, 7.24116944184e-009, 8.55473292205e-009, 2.01189269688e-008, 3.31269603748e-007, 1.04815789825e-007, 4.16036769479e-008, 1.00126818836e-007, 4.27690537208e-007, 7.05706725057e-007, 2.24939000759e-007, 6.72323494655e-008, 6.53758363001e-008, 9.94258897435e-008, 1.29382073055e-007, 1.33060993335e-007, 1.02295828697e-007, 3.620216944e-007, 3.46508471694e-007, 1.26653446841e-007, 2.85926446963e-008, 7.15248127392e-009, 1.77220993436e-009, 5.30658350595e-010, 1.07755353251e-010, 1.83374284724e-013, 6.11587690497e-018, 5.42816153186e-021]
    mfcc:
        mean: [-705.305114746, 92.9404525757, -50.6323242188, 46.0055465698, -15.4567375183, -6.91449165344, -3.16970396042, -3.5855820179, -6.13934516907, -5.25625038147, -8.81172180176, -12.2360448837, -6.63061332703]
        cov: [[4784.11962891, 37.1289024353, -155.653610229, 443.935119629, -70.9357299805, 169.977401733, 134.676223755, 115.850028992, 64.7927246094, 90.3364944458, -31.0669841766, -2.89717316628, -17.4136886597], [37.1289024353, 1009.65411377, -276.055786133, 15.3359537125, 14.7240133286, -7.58850479126, 10.24721241, 22.4422016144, -14.6845970154, 7.26227378845, 24.8292102814, -50.789730072, -19.2541275024], [-155.653610229, -276.055786133, 666.679016113, 7.11327171326, 118.742454529, 55.6919784546, -7.08852863312, 17.8552532196, 16.4902820587, 3.16461777687, -7.84450817108, 49.8588752747, 32.1686592102], [443.935119629, 15.3359537125, 7.11327171326, 298.159515381, 69.4143829346, 8.68112468719, -7.60164117813, 10.0927553177, 52.2825241089, 10.0453901291, -18.9013347626, 51.25963974, 23.9523277283], [-70.9357299805, 14.7240133286, 118.742454529, 69.4143829346, 218.125839233, 14.9719676971, -36.7632598877, 26.8325405121, 39.2882270813, 14.743970871, 3.89765763283, 34.9302101135, 12.3627691269], [169.977401733, -7.58850479126, 55.6919784546, 8.68112468719, 14.9719676971, 172.030166626, 109.92893219, 38.6971817017, 12.9466295242, 31.7667503357, 19.2505989075, 5.94871330261, 21.0684375763], [134.676223755, 10.24721241, -7.08852863312, -7.60164117813, -36.7632598877, 109.92893219, 207.222900391, 49.176815033, 11.2873363495, 18.638463974, 6.54959774017, 8.56596088409, 28.5940952301], [115.850028992, 22.4422016144, 17.8552532196, 10.0927553177, 26.8325405121, 38.6971817017, 49.176815033, 145.028762817, 53.9262466431, 31.2327289581, 21.9354572296, 9.19013214111, 5.14361572266], [64.7927246094, -14.6845970154, 16.4902820587, 52.2825241089, 39.2882270813, 12.9466295242, 11.2873363495, 53.9262466431, 119.018188477, 39.7933349609, 5.22888851166, 22.8566436768, 4.59217262268], [90.3364944458, 7.26227378845, 3.16461777687, 10.0453901291, 14.743970871, 31.7667503357, 18.638463974, 31.2327289581, 39.7933349609, 101.202110291, 40.8197135925, 4.00881290436, -0.592664480209], [-31.0669841766, 24.8292102814, -7.84450817108, -18.9013347626, 3.89765763283, 19.2505989075, 6.54959774017, 21.9354572296, 5.22888851166, 40.8197135925, 94.0077514648, 16.0231342316, 1.48024070263], [-2.89717316628, -50.789730072, 49.8588752747, 51.25963974, 34.9302101135, 5.94871330261, 8.56596088409, 9.19013214111, 22.8566436768, 4.00881290436, 16.0231342316, 99.158203125, 43.3655967712], [-17.4136886597, -19.2541275024, 32.1686592102, 23.9523277283, 12.3627691269, 21.0684375763, 28.5940952301, 5.14361572266, 4.59217262268, -0.592664480209, 1.48024070263, 43.3655967712, 87.1110992432]]
        icov: [[0.000276702718111, 1.71995634446e-005, 4.92144245072e-005, -0.000487800250994, 0.000225476323976, -0.000252217461821, 8.954310033e-006, -0.0002183765464, 0.000153954038979, -0.000214168481762, 0.00015446121688, 7.59695321904e-005, 0.000164007462445], [1.71995634446e-005, 0.00119395751972, 0.000524665578268, -0.000172496031155, -0.000450567575172, 5.07865006512e-005, -0.000131178530864, -0.000232534119277, 0.000271956057986, 6.66844498483e-005, -0.000385752558941, 0.000672100577503, -0.000112443805847], [4.92144245072e-005, 0.000524665578268, 0.00202746340074, 0.000210758385947, -0.00101368920878, -0.000786931661423, 0.000331212504534, -0.000205982738407, 0.000230204794207, 1.47788978211e-006, 0.000389706197893, -0.000482571282191, -0.000221738475375], [-0.000487800250994, -0.000172496031155, 0.000210758385947, 0.00513165909797, -0.00129887287039, -2.98892814499e-007, 0.000315547571518, 0.000718854658771, -0.00161478819791, 6.1265862314e-005, 0.00123042298947, -0.00212376005948, -0.000464217679109], [0.000225476323976, -0.000450567575172, -0.00101368920878, -0.00129887287039, 0.00658660940826, -0.00137758534402, 0.0020342010539, -0.0010103842942, -0.000891102652531, -0.000343289138982, 0.000362145365216, -0.0012601967901, 0.000133147579618], [-0.000252217461821, 5.07865006512e-005, -0.000786931661423, -2.98892814499e-007, -0.00137758534402, 0.0103421378881, -0.00534425489604, -9.27203363972e-005, 0.00045189174125, -0.00144088699017, -0.00144637748599, 0.00136803428177, -0.000984686310403], [8.954310033e-006, -0.000131178530864, 0.000331212504534, 0.000315547571518, 0.0020342010539, -0.00534425489604, 0.00874861795455, -0.00201557599939, -8.0686341164e-008, -0.000116201495985, 0.00122223037761, -0.000865036272444, -0.00157605810091], [-0.0002183765464, -0.000232534119277, -0.000205982738407, 0.000718854658771, -0.0010103842942, -9.27203363972e-005, -0.00201557599939, 0.00973626971245, -0.00408482737839, 7.07931030774e-006, -0.00180691899732, 0.000446982012363, 5.94641132921e-005], [0.000153954038979, 0.000271956057986, 0.000230204794207, -0.00161478819791, -0.000891102652531, 0.00045189174125, -8.0686341164e-008, -0.00408482737839, 0.01293659769, -0.00464307283983, 0.00220158649608, -0.0020493180491, 0.000977496849373], [-0.000214168481762, 6.66844498483e-005, 1.47788978211e-006, 6.1265862314e-005, -0.000343289138982, -0.00144088699017, -0.000116201495985, 7.07931030774e-006, -0.00464307283983, 0.0148595599458, -0.00624236091971, 0.00169054057915, -1.78929298045e-007], [0.00015446121688, -0.000385752558941, 0.000389706197893, 0.00123042298947, 0.000362145365216, -0.00144637748599, 0.00122223037761, -0.00180691899732, 0.00220158649608, -0.00624236091971, 0.0149694280699, -0.004173041787, 0.00113182258792], [7.59695321904e-005, 0.000672100577503, -0.000482571282191, -0.00212376005948, -0.0012601967901, 0.00136803428177, -0.000865036272444, 0.000446982012363, -0.0020493180491, 0.00169054057915, -0.004173041787, 0.0162486042827, -0.00686699245125], [0.000164007462445, -0.000112443805847, -0.000221738475375, -0.000464217679109, 0.000133147579618, -0.000984686310403, -0.00157605810091, 5.94641132921e-005, 0.000977496849373, -1.78929298045e-007, 0.00113182258792, -0.00686699245125, 0.0157778952271]]
    sccoeffs:
        dmean: [0.0518852584064, 0.0468447394669, 0.0405472777784, 0.0334186591208, 0.023021787405, 0.0178039018065]
        dmean2: [0.0849339962006, 0.0767135545611, 0.0635769739747, 0.0527947023511, 0.0364489853382, 0.0283572413027]
        dvar: [0.00195714458823, 0.00146746006794, 0.00112781429198, 0.000765852804761, 0.000427955586929, 0.000294336146908]
        dvar2: [0.00513620022684, 0.00385265774094, 0.00258123548701, 0.00176315626595, 0.000983482925221, 0.000686308194418]
        max: [-0.231758728623, -0.306278854609, -0.338479459286, -0.472972601652, -0.516568362713, -0.555546760559]
        mean: [-0.660884261131, -0.731934845448, -0.733702301979, -0.753147721291, -0.778002917767, -0.755092978477]
        median: [-0.674460113049, -0.737761199474, -0.743548154831, -0.757973134518, -0.785861909389, -0.752169013023]
        min: [-0.982495546341, -0.965850174427, -0.974318265915, -0.964840292931, -0.963647127151, -0.96322029829]
        var: [0.00910376571119, 0.00504669547081, 0.00669681746513, 0.0039234617725, 0.00243926537223, 0.0019377421122]
    scvalleys:
        dmean: [0.365138441324, 0.380249261856, 0.320588201284, 0.290755599737, 0.270900964737, 0.292484968901]
        dmean2: [0.59932923317, 0.615706145763, 0.508037030697, 0.453775882721, 0.423787295818, 0.425257652998]
        dvar: [0.122540839016, 0.12806122005, 0.100833810866, 0.0949985831976, 0.122694924474, 0.153248593211]
        dvar2: [0.270445436239, 0.288689643145, 0.209432706237, 0.189524590969, 0.251141250134, 0.311153888702]
        max: [-5.27486515045, -4.77811956406, -5.0011548996, -5.77195739746, -5.4886136055, -7.15496349335]
        mean: [-7.19137716293, -6.92641353607, -7.18106365204, -7.38007736206, -7.09733581543, -9.58282566071]
        median: [-6.81105232239, -6.75602006912, -6.98438739777, -7.15274524689, -6.74502563477, -9.37050437927]
        min: [-27.5072746277, -27.7285385132, -27.315820694, -27.5340995789, -27.4924163818, -27.2011585236]
        var: [2.34409928322, 1.39581882954, 1.28193557262, 1.25265741348, 1.38977336884, 1.5645045042]

rhythm:
    beats_loudness:
        dmean: 0.00198533944786
        dmean2: 0.00332947215065
        dvar: 2.40730332735e-006
        dvar2: 6.48159902994e-006
        max: 0.0132328681648
        mean: 0.00488291867077
        median: 0.00472465856001
        min: 8.31815432506e-012
        var: 5.64637048228e-006
    bpm: 172.265319824
    bpm_confidence: 0
    first_peak_bpm: 172
    first_peak_spread: 0
    first_peak_weight: 0.531545758247
    onset_rate: 3.03099989891
    second_peak_bpm: 178
    second_peak_spread: 0
    second_peak_weight: 0.436908513308
    beats_loudness_band_ratio:
        dmean: [0.100568816066, 0.132111370564, 0.120697163045, 0.115532547235, 0.137211531401, 0.102360591292]
        dmean2: [0.182073399425, 0.22788131237, 0.213447853923, 0.199885159731, 0.234508618712, 0.183551564813]
        dvar: [0.00867951661348, 0.0136481169611, 0.0158888921142, 0.0179209560156, 0.0150331137702, 0.0111206332222]
        dvar2: [0.0256235450506, 0.0353960320354, 0.0457966923714, 0.0477224960923, 0.0413088425994, 0.0316533222795]
        max: [0.682984888554, 0.811120986938, 0.681479752064, 0.731949090958, 0.83652895689, 0.971100568771]
        mean: [0.125016957521, 0.175658583641, 0.144757211208, 0.134067624807, 0.25679448247, 0.209351986647]
        median: [0.104600071907, 0.129451870918, 0.0930176377296, 0.0694130659103, 0.224222287536, 0.17892062664]
        min: [0, 0, 0, 0, 0, 0]
        var: [0.00991546642035, 0.0208347961307, 0.0175005607307, 0.0210671536624, 0.0221633594483, 0.0174924246967]
    beats_position: [0.359909296036, 0.719818592072, 1.06811785698, 1.4164172411, 1.764716506, 2.10140585899, 2.43809509277, 2.7863945961, 3.13469386101, 3.48299312592, 3.83129239082, 4.1679816246, 4.5046710968, 4.841360569, 5.17804956436, 5.51473903656, 5.86303853989, 6.19972801208, 6.54802703857, 6.88471651077, 7.22140598297, 7.56970500946, 7.91800451279, 8.25469398499, 8.59138298035, 8.93968200684, 9.287981987, 9.63628101349, 9.97297000885, 10.3096599579, 10.6579589844, 11.0062580109, 11.3429479599, 11.6796369553, 12.0279359818, 12.3762359619, 12.7129249573, 13.0496139526, 13.3979139328, 13.7462129593, 14.0829019547, 14.4195919037, 14.7678909302, 15.1161899567, 15.4644899368, 15.8011789322, 16.1494789124, 16.4861679077, 16.8228569031, 17.1711559296, 17.5194549561, 17.8677539825, 18.2044448853, 18.5527439117, 18.9010429382, 19.2377319336, 19.574420929, 19.9227199554, 20.2594108582, 20.5960998535, 20.9327888489, 21.2810878754, 21.6293869019, 21.9660758972, 22.3143768311, 22.6626758575, 23.010974884, 23.3476638794, 23.6843528748, 24.0326519012, 24.3809528351, 24.7176418304, 25.0659408569, 25.4026298523, 25.7509288788, 26.0992279053, 26.435918808, 26.7726078033, 27.1209068298, 27.4575958252, 27.7942848206, 28.142583847, 28.4908847809, 28.8391838074, 29.1758728027, 29.5125617981, 29.8608608246, 30.2091598511, 30.5458488464, 30.8825397491, 31.2308387756, 31.567527771, 31.9158267975, 32.264125824, 32.6008148193, 32.9491157532, 33.2974128723, 33.6457138062, 33.9824028015, 34.3190917969, 34.6673927307, 35.0156898499, 35.3523788452, 35.7006797791, 36.0373687744, 36.3856697083, 36.7339668274, 37.0706558228, 37.4073448181, 37.755645752, 38.1039466858, 38.4406356812, 38.7773246765, 39.1256217957, 39.4739227295, 39.8106117249, 40.1473007202, 40.4956016541, 40.8438987732, 41.1805877686, 41.5172767639, 41.8655776978, 42.2138786316, 42.5621757507, 42.8988647461, 43.2355537415, 43.5838546753, 43.9205436707, 44.257232666, 44.6055335999, 44.953830719, 45.2905197144, 45.6272087097, 45.9638977051, 46.3121986389, 46.6488876343, 46.9971885681, 47.3454856873, 47.6937866211, 48.0420837402, 48.3671646118, 48.7154655457, 49.0637626648, 49.4120635986, 49.7371406555, 50.0854415894, 50.4337387085, 50.7704315186, 51.1187286377, 51.4554176331, 51.8037185669, 52.152015686, 52.4887046814, 52.8370056152, 53.1736946106, 53.5219955444, 53.8586845398, 54.1953735352, 54.5436706543, 54.8803634644, 55.2170524597, 55.5653495789, 55.9136505127, 56.2619476318, 56.6102485657, 56.946937561, 57.2836265564, 57.6319274902, 57.9802246094, 58.3169136047, 58.6536026001, 59.0019035339, 59.3502044678, 59.6868934631, 60.0351905823, 60.3718795776, 60.708568573, 61.0568695068, 61.3935585022, 61.7302474976, 62.0669364929, 62.4152374268, 62.7635345459, 63.1118354797, 63.4601364136, 63.8084335327, 64.1451263428, 64.4934234619, 64.8301086426, 65.1784133911, 65.5267105103, 65.8634033203, 66.200088501, 66.5483856201, 66.8966903687, 67.2449874878, 67.5816802979, 67.9183654785, 68.2434463501, 68.5917434692, 68.9400405884, 69.2883453369, 69.6366424561, 69.9733352661, 70.3100204468, 70.6467132568, 70.995010376, 71.3316955566, 71.6800003052, 72.0282974243, 72.3765945435, 72.7132873535, 73.0615844727, 73.3982772827, 73.7233581543, 74.0716552734, 74.4199523926, 74.7682495117, 75.1165542603, 75.4648513794, 75.8131484985, 76.1498413086, 76.4865264893, 76.8348312378, 77.1831283569, 77.5314254761, 77.8681182861, 78.2164154053, 78.5531082153, 78.889793396, 79.2264862061, 79.5747833252, 79.9230804443, 80.2713851929, 80.619682312, 80.9563674927, 81.2930603027, 81.6413574219, 81.9896621704, 82.3263473511, 82.6630401611, 83.0113372803, 83.3596343994, 83.6963272095, 84.0330123901, 84.3697052002, 84.7063903809, 85.0546951294, 85.4029922485, 85.7512893677, 86.0995864868, 86.4478912354, 86.784576416, 87.1328811646, 87.4695663452, 87.8062591553, 88.1429443359, 88.4912490845, 88.8395462036, 89.1762313843, 89.5129241943, 89.8612213135, 90.2095184326, 90.5462112427, 90.8829040527, 91.2312011719, 91.579498291, 91.9161911011, 92.2528762817, 92.6011810303, 92.9494781494, 93.2861633301, 93.6344680786, 93.9711532593, 94.3194503784, 94.6561431885, 94.9928359985, 95.3411331177, 95.6894302368, 96.037727356, 96.3860321045, 96.7227172852, 97.0594100952, 97.4077072144, 97.7560043335, 98.0926971436, 98.4293823242, 98.7776870728, 99.1259841919, 99.474281311, 99.8109741211, 100.147659302, 100.484352112, 100.832649231, 101.169342041, 101.51763916, 101.85433197, 102.191017151, 102.53931427, 102.887619019, 103.235916138, 103.584213257, 103.920906067, 104.257591248, 104.594284058, 104.942581177, 105.279273987, 105.627571106, 105.975868225, 106.324172974, 106.660858154, 106.997550964, 107.334236145, 107.682540894, 108.030838013, 108.367523193, 108.704216003, 109.040908813, 109.389205933, 109.737503052, 110.085800171, 110.434104919, 110.782402039, 111.130699158, 111.467391968, 111.804077148, 112.152381897, 112.500679016, 112.837364197, 113.174057007, 113.522354126, 113.870658875, 114.207344055, 114.544036865, 114.892333984, 115.240631104, 115.577323914, 115.914009094, 116.262313843, 116.610610962, 116.947296143, 117.283988953, 117.632286072, 117.98059082, 118.328887939, 118.66557312, 119.00226593, 119.350563049, 119.687255859, 120.035552979, 120.372245789, 120.720542908, 121.057228088, 121.393920898, 121.742218018, 122.078910828, 122.427207947, 122.763900757, 123.112197876, 123.460494995, 123.808792114, 124.157096863, 124.493782043, 124.830474854, 125.178771973, 125.527069092, 125.87537384, 126.212059021, 126.548751831, 126.885437012, 127.245346069, 127.593650818, 127.91872406, 128.25541687, 128.592102051, 128.94039917, 129.277099609, 129.61378479, 129.962081909, 130.310379028, 130.647079468, 130.983764648, 131.332061768, 131.680358887, 132.028656006, 132.376953125, 132.725265503, 133.050338745, 133.398635864, 133.735321045, 134.072021484, 134.420318604, 134.768615723, 135.116912842, 135.465209961, 135.81350708, 136.15020752, 136.4868927, 136.835189819, 137.183486938, 137.531784058, 137.868484497, 138.205169678, 138.553466797, 138.890151978, 139.226852417, 139.575149536, 139.911834717, 140.248519897, 140.596817017, 140.945129395, 141.293426514, 141.630111694, 141.966796875, 142.315093994, 142.663391113, 143.000091553, 143.336776733, 143.685073853, 144.033370972, 144.381668091, 144.71836853, 145.055053711, 145.40335083, 145.740036011, 146.088348389, 146.436645508, 146.784942627, 147.121627808, 147.469924927, 147.818222046, 148.166534424, 148.503219604, 148.839904785, 149.188201904, 149.524902344, 149.861587524, 150.209884644, 150.558181763, 150.906478882, 151.243179321, 151.579864502, 151.916549683, 152.264846802, 152.601531982, 152.94984436, 153.298141479, 153.63482666, 153.971511841, 154.31980896, 154.668121338, 155.004806519, 155.341491699, 155.689788818, 156.038085938, 156.386398315, 156.723083496, 157.059768677, 157.408065796, 157.744766235, 158.081451416, 158.429748535, 158.778045654, 159.126342773, 159.463043213, 159.799728394, 160.148025513, 160.484710693, 160.821395874, 161.169708252, 161.518005371, 161.86630249, 162.214599609, 162.55128479, 162.887985229, 163.236282349, 163.572967529, 163.90965271, 164.257949829, 164.58303833, 164.931335449, 165.279632568, 165.627929688, 165.976226807, 166.312927246, 166.661224365, 166.997909546, 167.346206665, 167.694503784, 168.042816162, 168.391113281, 168.7394104, 169.076095581, 169.412780762, 169.749481201, 170.086166382, 170.422851563, 170.759536743, 171.107849121, 171.45614624, 171.804443359, 172.152740479, 172.501037598, 172.849334717, 173.197631836, 173.534332275, 173.871017456, 174.207702637, 174.544403076, 174.892700195, 175.240997314, 175.589294434, 175.925979614, 176.262680054, 176.610977173, 176.959274292, 177.307571411, 177.65586853, 177.980941772, 178.317642212, 178.654327393, 178.991012573, 179.339309692, 179.68762207, 180.024307251, 180.37260437, 180.720901489, 181.05758667, 181.394287109, 181.742584229, 182.090881348, 182.439178467, 182.787475586, 183.124176025, 183.460861206, 183.809158325, 184.157455444, 184.494140625, 184.830841064, 185.167526245, 185.504211426, 185.852508545, 186.200805664, 186.537506104, 186.874191284, 187.222488403, 187.570785522, 187.919082642, 188.26739502, 188.615692139, 188.952377319, 189.2890625, 189.637359619, 189.985671997, 190.333969116, 190.670654297, 191.007339478, 191.355636597, 191.703948975, 192.040634155, 192.377319336, 192.725616455, 193.062316895, 193.399002075, 193.747299194, 194.095596313, 194.443893433, 194.780578613, 195.117279053, 195.453964233, 195.790649414, 196.138946533, 196.487258911, 196.83555603, 197.172241211, 197.52053833, 197.857223511, 198.205535889, 198.553833008, 198.902130127, 199.238815308, 199.575500488, 199.923812866, 200.260498047, 200.597183228, 200.945480347, 201.293777466, 201.630477905, 201.967163086, 202.315460205, 202.663757324, 203.000442505, 203.337142944, 203.685440063, 204.022125244, 204.358810425, 204.707122803, 205.055419922, 205.403717041, 205.740402222, 206.077087402, 206.42539978, 206.773696899, 207.11038208, 207.447067261, 207.79536438, 208.143676758, 208.491973877, 208.828659058, 209.165344238, 209.513641357, 209.861953735, 210.198638916, 210.535324097, 210.883621216, 211.231918335, 211.568618774, 211.905303955, 212.253601074, 212.601898193, 212.950195313, 213.298492432, 213.635192871, 213.971878052, 214.320175171, 214.680084229, 215.039993286, 215.411514282, 215.77142334, 216.131332397, 216.491241455, 216.862762451, 217.234283447, 217.605804443, 217.977325439]
