
metadata:
    version:
        essentia: "2.1-beta2"
    audio_properties:
        analysis_sample_rate: 44100
        bitrate: 320
        channels: 2
        equal_loudness: 1
        length: 244.584487915
        replay_gain: -14.7266044617
        downmix: "mix"
    tags:
        album: "Deceiver Of The Gods"
        artist: "Amon Amarth"
        comment: ""
        date: "2013"
        genre: "Death Metal"
        title: "Shape Shifter"
        tracknumber: "04"

configuration:
    average_loudness:
        compute: 1
        frameSize: 88200
        hopSize: 44100
        silentFrames: "noise"
        windowType: "hann"
    general:
        analysisSampleRate: 44100
        endTime: 2000
        equalLoudness: 1
        nequalLoudness: 0
        shortSound: 0
        startTime: 0
    lowlevel:
        compute: 1
        frameSize: 2048
        hopSize: 1024
        zeroPadding: 0
        silentFrames: "noise"
        windowType: "blackmanharris62"
        mfccStats: ["mean", "cov", "icov"]
        stats: ["mean", "var", "median", "min", "max", "dmean", "dmean2", "dvar", "dvar2"]
    panning:
        compute: 0
        frameSize: 8192
        hopSize: 2048
        zeroPadding: 8192
        silentFrames: "noise"
        windowType: "hann"
        stats: ["copy"]
    rhythm:
        compute: 1
        maxTempo: 208
        minTempo: 40
        method: "degara"
        stats: ["mean", "var", "median", "min", "max", "dmean", "dmean2", "dvar", "dvar2"]
    segmentation:
        compute: 0
        cpw: 5
        inc1: 300
        inc2: 50
        minimumSegmentsLength: 10
        size1: 1000
        size2: 600
    sfx:
        compute: 1
        stats: ["mean", "var", "median", "min", "max", "dmean", "dmean2", "dvar", "dvar2"]
    svm:
        compute: 0
    tonal:
        compute: 1
        frameSize: 4096
        hopSize: 2048
        zeroPadding: 0
        silentFrames: "noise"
        windowType: "blackmanharris62"
        stats: ["mean", "var", "median", "min", "max", "dmean", "dmean2", "dvar", "dvar2"]

lowlevel:
    average_loudness: 0.957911908627
    barkbands_kurtosis:
        dmean: 0.538445174694
        dmean2: 0.909075021744
        dvar: 0.676176846027
        dvar2: 1.682269454
        max: 27.8620319366
        mean: -0.907174289227
        median: -1.29663693905
        min: -1.88080275059
        var: 2.72353672981
    barkbands_skewness:
        dmean: 0.40895909071
        dmean2: 0.651354372501
        dvar: 0.130438864231
        dvar2: 0.319931387901
        max: 4.49545478821
        mean: -0.193172052503
        median: -0.24000094831
        min: -4.58704471588
        var: 0.530612528324
    barkbands_spread:
        dmean: 5.69983720779
        dmean2: 9.52447891235
        dvar: 24.535161972
        dvar2: 65.7292480469
        max: 66.3840026855
        mean: 39.33385849
        median: 39.6387138367
        min: 2.61270999908
        var: 82.5079879761
    dissonance:
        dmean: 0.00815386418253
        dmean2: 0.0140544511378
        dvar: 7.01338431099e-005
        dvar2: 0.000180434450158
        max: 0.500000059605
        mean: 0.48691251874
        median: 0.488726496696
        min: 0.159712821245
        var: 0.000100972472865
    hfc:
        dmean: 3.03672456741
        dmean2: 5.21243858337
        dvar: 9.56214618683
        dvar2: 25.6402492523
        max: 32.6409111023
        mean: 10.1798028946
        median: 9.91941928864
        min: 1.20394589675e-016
        var: 21.4962806702
    pitch:
        dmean: 1109.87426758
        dmean2: 2147.21582031
        dvar: 2274108.5
        dvar2: 5155723
        max: 4443.20458984
        mean: 2228.70751953
        median: 3580.18286133
        min: 66.7841873169
        var: 2938772
    pitch_instantaneous_confidence:
        dmean: 0.076818831265
        dmean2: 0.129018187523
        dvar: 0.00368337729014
        dvar2: 0.00999932922423
        max: 0.77203053236
        mean: 0.353052437305
        median: 0.346719741821
        min: 0.107718527317
        var: 0.0114283123985
    pitch_salience:
        dmean: 0.0545867867768
        dmean2: 0.0907162725925
        dvar: 0.00226280349307
        dvar2: 0.00605920981616
        max: 0.904238343239
        mean: 0.697492718697
        median: 0.709406912327
        min: 0.213237956166
        var: 0.00482901325449
    silence_rate_20dB:
        dmean: 0
        dmean2: 0
        dvar: 0
        dvar2: 0
        max: 1
        mean: 1
        median: 1
        min: 1
        var: 0
    silence_rate_30dB:
        dmean: 0
        dmean2: 0
        dvar: 0
        dvar2: 0
        max: 1
        mean: 1
        median: 1
        min: 1
        var: 0
    silence_rate_60dB:
        dmean: 0.0710081607103
        dmean2: 0.142029806972
        dvar: 0.0659747868776
        dvar2: 0.152034699917
        max: 1
        mean: 0.106217369437
        median: 0
        min: 0
        var: 0.0949413850904
    spectral_centroid:
        dmean: 314.222839355
        dmean2: 502.868041992
        dvar: 89693.046875
        dvar2: 200028.03125
        max: 11516.9570313
        mean: 1970.77587891
        median: 1997.23547363
        min: 314.111175537
        var: 314057.09375
    spectral_complexity:
        dmean: 4.7892537117
        dmean2: 7.72923183441
        dvar: 16.2100868225
        dvar2: 40.0254249573
        max: 47
        mean: 20.6082572937
        median: 21
        min: 0
        var: 72.6273040771
    spectral_crest:
        dmean: 1.8251055479
        dmean2: 3.05508446693
        dvar: 3.27776527405
        dvar2: 8.59170913696
        max: 22.28008461
        mean: 6.01973342896
        median: 5.39333200455
        min: 2.25841617584
        var: 5.83762979507
    spectral_decrease:
        dmean: 3.7347258619e-010
        dmean2: 6.38968766786e-010
        dvar: 2.76182500889e-019
        dvar2: 7.50646760352e-019
        max: -1.10824907741e-029
        mean: -1.18304688268e-009
        median: -1.10897802053e-009
        min: -4.9052779616e-009
        var: 3.47014493729e-019
    spectral_energy:
        dmean: 0.00164027651772
        dmean2: 0.00281721819192
        dvar: 4.77094954476e-006
        dvar2: 1.29145882966e-005
        max: 0.0205123927444
        mean: 0.00538842147216
        median: 0.0051218830049
        min: 1.09619687298e-020
        var: 6.40623466097e-006
    spectral_energyband_high:
        dmean: 0.000284878740786
        dmean2: 0.000499252928421
        dvar: 9.41615283523e-008
        dvar2: 2.5675765869e-007
        max: 0.00279575888999
        mean: 0.000649608613458
        median: 0.000599627324846
        min: 7.87595981275e-021
        var: 1.33512060074e-007
    spectral_energyband_low:
        dmean: 0.00030660876655
        dmean2: 0.000513433420565
        dvar: 1.31508627987e-007
        dvar2: 3.32805115022e-007
        max: 0.00651575159281
        mean: 0.000526510062627
        median: 0.000401804980356
        min: 3.43765040557e-023
        var: 2.42798591898e-007
    spectral_energyband_middle_high:
        dmean: 0.00064661691431
        dmean2: 0.00107271235902
        dvar: 3.64374784567e-007
        dvar2: 9.59182443694e-007
        max: 0.00792986527085
        mean: 0.00247012684122
        median: 0.00234890636057
        min: 1.72385227255e-021
        var: 1.50736423166e-006
    spectral_energyband_middle_low:
        dmean: 0.00103015627246
        dmean2: 0.00174360966776
        dvar: 2.96851681014e-006
        dvar2: 8.17157615529e-006
        max: 0.0157481078058
        mean: 0.00195428286679
        median: 0.00150352588389
        min: 2.97784591379e-022
        var: 3.03040815197e-006
    spectral_flatness_db:
        dmean: 0.0127240903676
        dmean2: 0.020003143698
        dvar: 0.000122808793094
        dvar2: 0.000288531911792
        max: 0.309686511755
        mean: 0.133068799973
        median: 0.129791140556
        min: 0.0597545579076
        var: 0.000544475333299
    spectral_flux:
        dmean: 0.00825864542276
        dmean2: 0.0130674010143
        dvar: 9.30011592573e-005
        dvar2: 0.000177594629349
        max: 0.114727936685
        mean: 0.0456138215959
        median: 0.0448128953576
        min: 1.06966012436e-010
        var: 0.00021359960374
    spectral_kurtosis:
        dmean: 0.839384555817
        dmean2: 1.45370984077
        dvar: 0.632143557072
        dvar2: 1.92238199711
        max: 17.6238822937
        mean: 2.99779224396
        median: 2.78915286064
        min: -1.20162701607
        var: 1.86376845837
    spectral_rms:
        dmean: 0.000324305525282
        dmean2: 0.000546227267478
        dvar: 1.34634788651e-007
        dvar2: 3.57128499218e-007
        max: 0.00447348738089
        mean: 0.00221576238982
        median: 0.00223538791761
        min: 3.27026058143e-012
        var: 3.47414328417e-007
    spectral_rolloff:
        dmean: 300.021392822
        dmean2: 494.583770752
        dvar: 183918.546875
        dvar2: 372308.25
        max: 18970.7519531
        mean: 3752.72827148
        median: 3832.91015625
        min: 172.265625
        var: 351485.65625
    spectral_skewness:
        dmean: 0.150549918413
        dmean2: 0.251342594624
        dvar: 0.0194524545223
        dvar2: 0.0495335832238
        max: 2.5291762352
        mean: 1.08371722698
        median: 1.06620693207
        min: -0.0902573093772
        var: 0.0859449654818
    spectral_spread:
        dmean: 379269.34375
        dmean2: 588546.625
        dvar: 331600592896
        dvar2: 490254827520
        max: 40572168
        mean: 4493440
        median: 4315110.5
        min: 1536772.75
        var: 1.73554873139e+012
    spectral_strongpeak:
        dmean: 0.439683407545
        dmean2: 0.78650021553
        dvar: 0.538745582104
        dvar2: 1.44387543201
        max: 5.89968204498
        mean: 0.489890515804
        median: 0.203849926591
        min: 1.60073465594e-009
        var: 0.626661241055
    zerocrossingrate:
        dmean: 0.00816895347089
        dmean2: 0.0101383840665
        dvar: 7.05206039129e-005
        dvar2: 9.3635149824e-005
        max: 0.51416015625
        mean: 0.11197399348
        median: 0.11328125
        min: 0.02197265625
        var: 0.000474111060612
    barkbands:
        dmean: [1.09078655441e-006, 0.00011567967158, 0.000159376970259, 0.000287654285785, 0.000641922291834, 0.000169301623828, 0.000149405677803, 0.000124794329167, 0.000100850571471, 7.85212105257e-005, 6.34813695797e-005, 5.91819516558e-005, 6.1052829551e-005, 4.92389990541e-005, 4.38552815467e-005, 0.000118540418043, 0.000126664992422, 0.000142653472722, 0.000295198988169, 0.000279576313915, 0.00011664545309, 5.27809825144e-005, 4.82418499814e-006, 1.56052033162e-006, 8.6481247763e-007, 3.19642197155e-008, 5.24145393754e-010]
        dmean2: [1.85252235951e-006, 0.000202680719667, 0.0002706120722, 0.000467354024295, 0.00111076771282, 0.000290216848953, 0.00026003466337, 0.000213904495467, 0.000166741738212, 0.000129829044454, 0.000105378421722, 9.74467839114e-005, 9.9810611573e-005, 8.08374607004e-005, 7.28606173652e-005, 0.000197944988031, 0.000211835693335, 0.000243112226599, 0.000499812013004, 0.000481491122628, 0.000197053712327, 9.64108985499e-005, 8.38726100483e-006, 2.61284390035e-006, 1.45923979744e-006, 4.91012102088e-008, 8.64390503619e-010]
        dvar: [1.75041708558e-012, 1.89001951867e-008, 4.47163479578e-008, 1.69819514895e-007, 1.50353616846e-006, 6.86288998963e-008, 6.49543210329e-008, 4.36485549926e-008, 2.66794177861e-008, 2.00225223068e-008, 1.42649891899e-008, 1.14523484029e-008, 1.25616663738e-008, 7.53091278227e-009, 4.41636061055e-009, 1.77846626315e-008, 2.06060306596e-008, 2.19450289052e-008, 8.45566461294e-008, 7.86565763633e-008, 1.26905010944e-008, 3.97613986181e-009, 3.51388154685e-011, 6.48549053003e-012, 2.11952048794e-012, 5.22473172921e-015, 1.11718506883e-018]
        dvar2: [4.24766471996e-012, 5.12842319722e-008, 1.13407459423e-007, 3.80831892244e-007, 4.17342062065e-006, 1.86642125755e-007, 1.7629143656e-007, 1.17798570898e-007, 7.16104509024e-008, 5.30610613225e-008, 3.81929687876e-008, 3.10686623095e-008, 3.20102060414e-008, 1.90688993484e-008, 1.15511431531e-008, 4.72125591955e-008, 5.61374520203e-008, 5.93696256601e-008, 2.32749513884e-007, 2.17034241246e-007, 3.47816992985e-008, 1.06929336496e-008, 8.94617019354e-011, 1.41235001125e-011, 4.59984611165e-012, 1.20244526142e-014, 2.85065733074e-018]
        max: [8.46671537147e-006, 0.00145858491305, 0.00428930576891, 0.00754661392421, 0.0109100025147, 0.00507972948253, 0.00365681620315, 0.00302454037592, 0.00299251126125, 0.00235356972553, 0.00188363052439, 0.00197822717018, 0.00181242846884, 0.00215288856998, 0.00189300603233, 0.00232889619656, 0.00273420172743, 0.00190761592239, 0.00344393472187, 0.00319053395651, 0.00137052522041, 0.000537273474038, 0.000107949505036, 4.623015775e-005, 2.88570281555e-005, 1.68446979387e-006, 2.48877061182e-008]
        mean: [8.9987793217e-007, 0.000138706920552, 0.000219777823077, 0.000392925576307, 0.000733532942832, 0.000246161303949, 0.000191192375496, 0.000170920407982, 0.000177469832124, 0.000130877277115, 0.000103348662378, 0.000104188758996, 0.000109749154944, 9.07391440705e-005, 8.52282464621e-005, 0.000254868762568, 0.000289131508907, 0.000281180778984, 0.000664423743729, 0.000603151682299, 0.000310271250783, 7.64858486946e-005, 8.84101245902e-006, 2.87246643893e-006, 1.4333558056e-006, 5.91404756278e-008, 8.44441849779e-010]
        median: [3.07015994849e-007, 9.86379454844e-005, 0.000147669867147, 0.000204094205401, 0.000395920564188, 0.00015213273582, 9.84775979305e-005, 7.57769958e-005, 9.65117797023e-005, 5.83609762543e-005, 3.73598413717e-005, 4.6413828386e-005, 3.72177455574e-005, 4.83681324113e-005, 6.13489901298e-005, 0.000204244293855, 0.000243793314439, 0.000241490866756, 0.000598205660935, 0.000541247427464, 0.000289700139547, 6.14759483142e-005, 7.21458809494e-006, 1.99897181119e-006, 8.93974117844e-007, 2.79685465898e-008, 5.042992135e-010]
        min: [1.05035157145e-023, 2.88204060278e-024, 8.78972644197e-024, 6.02371781201e-024, 2.09324288532e-023, 8.5106274537e-024, 2.54644820854e-023, 4.8534455779e-023, 6.55384188554e-023, 7.19018820987e-023, 8.89315083981e-023, 3.93407710224e-023, 9.26303257213e-023, 1.62135957623e-022, 1.02169074015e-022, 7.67846975992e-023, 2.82359848949e-022, 1.69373851092e-022, 1.88770400895e-022, 1.98283747868e-022, 4.15244970424e-022, 5.28933433139e-022, 6.80119521771e-022, 9.02356709171e-022, 9.90396211522e-022, 1.51276470634e-021, 2.32225322614e-021]
        var: [1.60846585617e-012, 1.91072135891e-008, 7.3005068657e-008, 3.56457150019e-007, 1.22871904296e-006, 9.24085767906e-008, 7.33034468681e-008, 6.29741094826e-008, 5.3210399642e-008, 3.9576011801e-008, 2.99820612781e-008, 2.42169253539e-008, 2.90727619756e-008, 1.55641171062e-008, 8.40104164013e-009, 3.90300627373e-008, 4.2075793516e-008, 3.42181003532e-008, 1.62972227713e-007, 1.31305952777e-007, 2.71007412067e-008, 3.7256220331e-009, 5.99803401391e-011, 1.34987429221e-011, 4.04305408597e-012, 8.77301161405e-015, 1.37695038686e-018]
    frequency_bands:
        dmean: [1.09078655441e-006, 0.00011567967158, 0.000159376970259, 0.000287654285785, 0.000641922291834, 0.000169301623828, 0.000149405677803, 0.000124794329167, 0.000100850571471, 7.85212105257e-005, 6.34813695797e-005, 5.91819516558e-005, 6.1052829551e-005, 4.92389990541e-005, 4.38552815467e-005, 0.000118540418043, 0.000126664992422, 0.000142653472722, 0.000295198988169, 0.000279576313915, 0.00011664545309, 5.27809825144e-005, 4.82418499814e-006, 1.56052033162e-006, 8.6481247763e-007, 3.19642197155e-008, 5.24145393754e-010, 6.34323427118e-011]
        dmean2: [1.85252235951e-006, 0.000202680719667, 0.0002706120722, 0.000467354024295, 0.00111076771282, 0.000290216848953, 0.00026003466337, 0.000213904495467, 0.000166741738212, 0.000129829044454, 0.000105378421722, 9.74467839114e-005, 9.9810611573e-005, 8.08374607004e-005, 7.28606173652e-005, 0.000197944988031, 0.000211835693335, 0.000243112226599, 0.000499812013004, 0.000481491122628, 0.000197053712327, 9.64108985499e-005, 8.38726100483e-006, 2.61284390035e-006, 1.45923979744e-006, 4.91012102088e-008, 8.64390503619e-010, 1.18247245329e-010]
        dvar: [1.75041708558e-012, 1.89001951867e-008, 4.47163479578e-008, 1.69819514895e-007, 1.50353616846e-006, 6.86288998963e-008, 6.49543210329e-008, 4.36485549926e-008, 2.66794177861e-008, 2.00225223068e-008, 1.42649891899e-008, 1.14523484029e-008, 1.25616663738e-008, 7.53091278227e-009, 4.41636061055e-009, 1.77846626315e-008, 2.06060306596e-008, 2.19450289052e-008, 8.45566461294e-008, 7.86565763633e-008, 1.26905010944e-008, 3.97613986181e-009, 3.51388154685e-011, 6.48549053003e-012, 2.11952048794e-012, 5.22473172921e-015, 1.11718506883e-018, 8.87635317648e-021]
        dvar2: [4.24766471996e-012, 5.12842319722e-008, 1.13407459423e-007, 3.80831892244e-007, 4.17342062065e-006, 1.86642125755e-007, 1.7629143656e-007, 1.17798570898e-007, 7.16104509024e-008, 5.30610613225e-008, 3.81929687876e-008, 3.10686623095e-008, 3.20102060414e-008, 1.90688993484e-008, 1.15511431531e-008, 4.72125591955e-008, 5.61374520203e-008, 5.93696256601e-008, 2.32749513884e-007, 2.17034241246e-007, 3.47816992985e-008, 1.06929336496e-008, 8.94617019354e-011, 1.41235001125e-011, 4.59984611165e-012, 1.20244526142e-014, 2.85065733074e-018, 2.86676695751e-020]
        max: [8.46671537147e-006, 0.00145858491305, 0.00428930576891, 0.00754661392421, 0.0109100025147, 0.00507972948253, 0.00365681620315, 0.00302454037592, 0.00299251126125, 0.00235356972553, 0.00188363052439, 0.00197822717018, 0.00181242846884, 0.00215288856998, 0.00189300603233, 0.00232889619656, 0.00273420172743, 0.00190761592239, 0.00344393472187, 0.00319053395651, 0.00137052522041, 0.000537273474038, 0.000107949505036, 4.623015775e-005, 2.88570281555e-005, 1.68446979387e-006, 2.48877061182e-008, 2.05436045952e-009]
        mean: [8.9987793217e-007, 0.000138706920552, 0.000219777823077, 0.000392925576307, 0.000733532942832, 0.000246161303949, 0.000191192375496, 0.000170920407982, 0.000177469832124, 0.000130877277115, 0.000103348662378, 0.000104188758996, 0.000109749154944, 9.07391440705e-005, 8.52282464621e-005, 0.000254868762568, 0.000289131508907, 0.000281180778984, 0.000664423743729, 0.000603151682299, 0.000310271250783, 7.64858486946e-005, 8.84101245902e-006, 2.87246643893e-006, 1.4333558056e-006, 5.91404756278e-008, 8.44441849779e-010, 5.04783749522e-011]
        median: [3.07015994849e-007, 9.86379454844e-005, 0.000147669867147, 0.000204094205401, 0.000395920564188, 0.00015213273582, 9.84775979305e-005, 7.57769958e-005, 9.65117797023e-005, 5.83609762543e-005, 3.73598413717e-005, 4.6413828386e-005, 3.72177455574e-005, 4.83681324113e-005, 6.13489901298e-005, 0.000204244293855, 0.000243793314439, 0.000241490866756, 0.000598205660935, 0.000541247427464, 0.000289700139547, 6.14759483142e-005, 7.21458809494e-006, 1.99897181119e-006, 8.93974117844e-007, 2.79685465898e-008, 5.042992135e-010, 2.14170920582e-011]
        min: [1.05035157145e-023, 2.88204060278e-024, 8.78972644197e-024, 6.02371781201e-024, 2.09324288532e-023, 8.5106274537e-024, 2.54644820854e-023, 4.8534455779e-023, 6.55384188554e-023, 7.19018820987e-023, 8.89315083981e-023, 3.93407710224e-023, 9.26303257213e-023, 1.62135957623e-022, 1.02169074015e-022, 7.67846975992e-023, 2.82359848949e-022, 1.69373851092e-022, 1.88770400895e-022, 1.98283747868e-022, 4.15244970424e-022, 5.28933433139e-022, 6.80119521771e-022, 9.02356709171e-022, 9.90396211522e-022, 1.51276470634e-021, 2.32225322614e-021, 6.99909858316e-022]
        var: [1.60846585617e-012, 1.91072135891e-008, 7.3005068657e-008, 3.56457150019e-007, 1.22871904296e-006, 9.24085767906e-008, 7.33034468681e-008, 6.29741094826e-008, 5.3210399642e-008, 3.9576011801e-008, 2.99820612781e-008, 2.42169253539e-008, 2.90727619756e-008, 1.55641171062e-008, 8.40104164013e-009, 3.90300627373e-008, 4.2075793516e-008, 3.42181003532e-008, 1.62972227713e-007, 1.31305952777e-007, 2.71007412067e-008, 3.7256220331e-009, 5.99803401391e-011, 1.34987429221e-011, 4.04305408597e-012, 8.77301161405e-015, 1.37695038686e-018, 6.63769345787e-021]
    mfcc:
        mean: [-692.134338379, 97.6175460815, -47.0159492493, 69.5623397827, -18.3104076385, -1.5721578598, 1.41813850403, -5.36322069168, 2.18136453629, -5.24344301224, -5.41897344589, -4.11340713501, -2.50261807442]
        cov: [[5988.55908203, 1136.90576172, -478.807922363, 551.790588379, -266.789154053, 61.5198707581, 9.86169052124, -26.1062068939, -8.25219631195, -71.5441207886, -50.2581825256, -34.8391952515, -32.4088668823], [1136.90576172, 561.755249023, -194.541381836, 169.906616211, -92.7913970947, -1.1539273262, -2.1040391922, -26.3929443359, 24.6069908142, -27.5671806335, -17.3527984619, -7.07799577713, -20.2657165527], [-478.807922363, -194.541381836, 301.680999756, -49.4626731873, 73.5498809814, -20.6504650116, -29.71692276, 12.9332399368, -20.7667255402, 6.36692285538, -7.98084640503, -9.2392168045, -4.17737340927], [551.790588379, 169.906616211, -49.4626731873, 341.332275391, 15.1871242523, 2.28709030151, -41.6647148132, -35.8724784851, 37.9203491211, -2.6476764679, -7.82616043091, -27.9956130981, 2.36328577995], [-266.789154053, -92.7913970947, 73.5498809814, 15.1871242523, 116.562240601, 32.8944511414, 2.46060657501, -21.0951480865, -14.549823761, 7.6837220192, 5.59806585312, -2.40774106979, -7.88040590286], [61.5198707581, -1.1539273262, -20.6504650116, 2.28709030151, 32.8944511414, 80.6887435913, 35.5349311829, 4.08748292923, -17.8529930115, -5.99985218048, 5.94742155075, 1.27920818329, -2.07697534561], [9.86169052124, -2.1040391922, -29.71692276, -41.6647148132, 2.46060657501, 35.5349311829, 100.93396759, 52.8145103455, 6.98268318176, -14.7989664078, -3.09132170677, 8.30690860748, 0.836039543152], [-26.1062068939, -26.3929443359, 12.9332399368, -35.8724784851, -21.0951480865, 4.08748292923, 52.8145103455, 88.4253082275, 33.5355148315, -1.03137993813, -9.91846561432, 2.04275274277, 4.30588102341], [-8.25219631195, 24.6069908142, -20.7667255402, 37.9203491211, -14.549823761, -17.8529930115, 6.98268318176, 33.5355148315, 75.3466415405, 27.3981781006, 6.02804660797, -3.69003868103, 2.55442214012], [-71.5441207886, -27.5671806335, 6.36692285538, -2.6476764679, 7.6837220192, -5.99985218048, -14.7989664078, -1.03137993813, 27.3981781006, 56.5638656616, 28.1696109772, 7.1203751564, -0.399223923683], [-50.2581825256, -17.3527984619, -7.98084640503, -7.82616043091, 5.59806585312, 5.94742155075, -3.09132170677, -9.91846561432, 6.02804660797, 28.1696109772, 51.0200233459, 21.2560310364, 6.88006019592], [-34.8391952515, -7.07799577713, -9.2392168045, -27.9956130981, -2.40774106979, 1.27920818329, 8.30690860748, 2.04275274277, -3.69003868103, 7.1203751564, 21.2560310364, 44.0190010071, 20.1587562561], [-32.4088668823, -20.2657165527, -4.17737340927, 2.36328577995, -7.88040590286, -2.07697534561, 0.836039543152, 4.30588102341, 2.55442214012, -0.399223923683, 6.88006019592, 20.1587562561, 45.4478378296]]
        icov: [[0.000324742053635, -0.000488331832457, 7.14126290404e-005, -0.000416033784859, 0.000492200255394, -0.000262571440544, -2.94821657008e-005, -0.00036326108966, 0.000750677776523, -0.000383794918889, 0.00010859878239, 2.25775656872e-005, 7.83045325079e-005], [-0.000488331832457, 0.00403376342729, 0.000864412169904, -0.00091710081324, 0.00186151370872, -0.000312524323817, -0.000489047379233, 0.00220743473619, -0.00222174078226, 0.00171157170553, 0.000991449924186, -0.00219391123392, 0.00264891167171], [7.14126290404e-005, 0.000864412169904, 0.00597325107083, 0.000112329209514, -0.00419205892831, 0.00271977251396, 0.00310212280601, -0.00473306421191, 0.00309536163695, -0.000213359482586, 1.21790326375e-005, 0.0010845027864, 0.000109611326479], [-0.000416033784859, -0.00091710081324, 0.000112329209514, 0.00543092889711, -0.00286353216507, -0.000573885510676, 0.00212790840305, 0.00160049332771, -0.00459637586027, 0.00238355109468, -0.000811671256088, 0.00325835659169, -0.00273434771225], [0.000492200255394, 0.00186151370872, -0.00419205892831, -0.00286353216507, 0.0180197767913, -0.00771312229335, -0.00434227706864, 0.00805366225541, -0.00135639833752, -0.00260639679618, 0.00262505351566, -0.00319757405668, 0.00410779425874], [-0.000262571440544, -0.000312524323817, 0.00271977251396, -0.000573885510676, -0.00771312229335, 0.0211022105068, -0.00598199153319, -0.00350835965946, 0.00778523040935, -0.00128841621336, -0.00428119720891, 0.00380377680995, -0.00146535143722], [-2.94821657008e-005, -0.000489047379233, 0.00310212280601, 0.00212790840305, -0.00434227706864, -0.00598199153319, 0.022244034335, -0.0137176699936, -0.000731727574021, 0.0068750102073, -0.00245301867835, -0.00230400031433, 0.00129437190481], [-0.00036326108966, 0.00220743473619, -0.00473306421191, 0.00160049332771, 0.00805366225541, -0.00350835965946, -0.0137176699936, 0.030182113871, -0.0154152316973, 0.00112259190064, 0.00690440181643, -0.0029803563375, -1.10413393486e-005], [0.000750677776523, -0.00222174078226, 0.00309536163695, -0.00459637586027, -0.00135639833752, 0.00778523040935, -0.000731727574021, -0.0154152316973, 0.0319457426667, -0.015848884359, -0.000959723023698, 0.00537034170702, -0.00250884285197], [-0.000383794918889, 0.00171157170553, -0.000213359482586, 0.00238355109468, -0.00260639679618, -0.00128841621336, 0.0068750102073, 0.00112259190064, -0.015848884359, 0.036345012486, -0.0167388767004, -0.000839838874526, 0.00371889397502], [0.00010859878239, 0.000991449924186, 1.21790326375e-005, -0.000811671256088, 0.00262505351566, -0.00428119720891, -0.00245301867835, 0.00690440181643, -0.000959723023698, -0.0167388767004, 0.0370717123151, -0.0158330909908, 0.00153111154214], [2.25775656872e-005, -0.00219391123392, 0.0010845027864, 0.00325835659169, -0.00319757405668, 0.00380377680995, -0.00230400031433, -0.0029803563375, 0.00537034170702, -0.000839838874526, -0.0158330909908, 0.041090529412, -0.017226183787], [7.83045325079e-005, 0.00264891167171, 0.000109611326479, -0.00273434771225, 0.00410779425874, -0.00146535143722, 0.00129437190481, -1.10413393486e-005, -0.00250884285197, 0.00371889397502, 0.00153111154214, -0.017226183787, 0.0315977707505]]
    sccoeffs:
        dmean: [0.0623626634479, 0.0461399964988, 0.0357501506805, 0.0282508637756, 0.0186063777655, 0.0187322925776]
        dmean2: [0.103875160217, 0.0778976902366, 0.0601227246225, 0.0477043353021, 0.0317324474454, 0.0304030980915]
        dvar: [0.00243277451955, 0.00131634948775, 0.000797469983809, 0.000485048367409, 0.000209704390727, 0.000285115063889]
        dvar2: [0.0066749076359, 0.00380729674362, 0.00220084213652, 0.00136601377744, 0.000598700833507, 0.000674870854709]
        max: [-0.283958733082, -0.527021110058, -0.583403646946, -0.62415766716, -0.687108933926, -0.564162731171]
        mean: [-0.668091535568, -0.775996685028, -0.799378573895, -0.799554109573, -0.804466247559, -0.712149560452]
        median: [-0.669567525387, -0.77929097414, -0.803917348385, -0.800442516804, -0.80464887619, -0.708661735058]
        min: [-0.964339494705, -0.966233253479, -0.974807560444, -0.961942851543, -0.966530263424, -0.964720964432]
        var: [0.00598290236667, 0.00326601229608, 0.00239879311994, 0.00137291301508, 0.000722547527403, 0.00185087358113]
    scvalleys:
        dmean: [0.449632257223, 0.380327880383, 0.306308478117, 0.24324990809, 0.227528706193, 0.33118724823]
        dmean2: [0.752537250519, 0.63399964571, 0.487065345049, 0.394660830498, 0.367049127817, 0.538636803627]
        dvar: [0.171458944678, 0.164359137416, 0.107542917132, 0.0831162109971, 0.0867465138435, 0.170094355941]
        dvar2: [0.365916073322, 0.337726086378, 0.18522451818, 0.127972438931, 0.1324300915, 0.345591574907]
        max: [-5.08290052414, -4.54401397705, -5.0803694725, -5.67429304123, -5.58358860016, -8.00887012482]
        mean: [-6.61883020401, -6.50912284851, -6.96497631073, -7.13474941254, -6.64230537415, -9.68279647827]
        median: [-6.38184690475, -6.33778333664, -6.83211183548, -6.9760928154, -6.43379211426, -9.44724369049]
        min: [-27.5194568634, -27.5125427246, -27.3356876373, -27.3000030518, -27.3905086517, -27.3592529297]
        var: [2.40729093552, 2.11529326439, 2.02382898331, 1.8214558363, 1.74443221092, 1.68601238728]

rhythm:
    beats_loudness:
        dmean: 0.00142933102325
        dmean2: 0.00255823065527
        dvar: 1.29031275264e-006
        dvar2: 3.80869664696e-006
        max: 0.0112770451233
        mean: 0.00598842091858
        median: 0.00603311881423
        min: 3.61422025121e-012
        var: 3.4023862554e-006
    bpm: 162.173934937
    bpm_confidence: 0
    first_peak_bpm: 161
    first_peak_spread: 0.0186335146427
    first_peak_weight: 0.60886323452
    onset_rate: 2.91923689842
    second_peak_bpm: 81
    second_peak_spread: 0.0827067792416
    second_peak_weight: 0.235067427158
    beats_loudness_band_ratio:
        dmean: [0.113651677966, 0.102938085794, 0.0700053796172, 0.0547546930611, 0.0650180578232, 0.0775107964873]
        dmean2: [0.211439028382, 0.190150409937, 0.122248589993, 0.0948836579919, 0.114201970398, 0.138465449214]
        dvar: [0.00747863575816, 0.006218415685, 0.00485800812021, 0.00377126969397, 0.00285202404484, 0.00334313581698]
        dvar2: [0.0224325899035, 0.0213819071651, 0.0138398269191, 0.010658396408, 0.00868591479957, 0.00974951125681]
        max: [0.651650369167, 0.481406033039, 0.502081811428, 0.407822072506, 0.492959499359, 0.702372610569]
        mean: [0.221510052681, 0.189469471574, 0.108421564102, 0.0935840159655, 0.204209387302, 0.289189875126]
        median: [0.217401862144, 0.193096727133, 0.0867329835892, 0.0640491098166, 0.194879412651, 0.279526114464]
        min: [0, 0, 0, 0, 0, 0]
        var: [0.0119946142659, 0.00931775942445, 0.00574834179133, 0.00568354967982, 0.00455272104591, 0.00762684736401]
    beats_position: [0.696598649025, 1.40480720997, 2.11301589012, 2.82122445107, 3.52943301201, 4.23764181137, 4.94585037231, 5.66566896439, 6.37387752533, 7.0936961174, 7.8251247406, 8.56816291809, 9.31120204926, 10.0426301956, 10.774058342, 11.5170974731, 12.2601356506, 13.0031747818, 13.7462129593, 14.4892511368, 15.2322902679, 15.9753284454, 16.7067565918, 17.4381847382, 18.181224823, 18.9242630005, 19.667301178, 20.4103393555, 21.153377533, 21.8964176178, 22.6394557953, 23.3824939728, 24.1255321503, 24.8685703278, 25.6000003815, 26.3314285278, 27.0744667053, 27.8175048828, 28.5605430603, 29.3035831451, 30.0466213226, 30.7896595001, 31.5326976776, 32.264125824, 32.9955558777, 33.7385940552, 34.4816322327, 35.2246704102, 35.9677085876, 36.7107467651, 37.4537849426, 38.1968231201, 38.9398651123, 39.6829032898, 40.4259414673, 41.1573677063, 41.88879776, 42.6318359375, 43.374874115, 44.1179122925, 44.86095047, 45.5923805237, 46.3354187012, 47.0784568787, 47.8098869324, 48.5529251099, 49.2959632874, 50.0390014648, 50.7820396423, 51.5250778198, 52.2681159973, 53.0111541748, 53.7541923523, 54.4972343445, 55.240272522, 55.971698761, 56.7031288147, 57.4461669922, 58.1892051697, 58.9322433472, 59.6636734009, 60.4067115784, 61.1613578796, 61.9043960571, 62.6358261108, 63.3672561646, 64.1102905273, 64.8533325195, 65.5963668823, 66.3394088745, 67.0824508667, 67.8254852295, 68.5685272217, 69.299949646, 70.0313796997, 70.7744216919, 71.5174560547, 72.2604980469, 73.0035324097, 73.7465744019, 74.489616394, 75.2326507568, 75.975692749, 76.7187271118, 77.461769104, 78.1931991577, 78.924621582, 79.6676635742, 80.410697937, 81.1537399292, 81.8967819214, 82.6398162842, 83.3828582764, 84.1258926392, 84.8689346313, 85.6119689941, 86.3433990479, 87.0748291016, 87.8178634644, 88.5609054565, 89.3039474487, 90.0469818115, 90.7900238037, 91.5330581665, 92.2761001587, 93.0075302124, 93.7389526367, 94.4819946289, 95.2250289917, 95.9680709839, 96.7111129761, 97.4541473389, 98.2204055786, 98.9866638184, 99.5671615601, 100.124443054, 100.693328857, 101.08807373, 101.482810974, 101.877548218, 102.260681152, 102.632194519, 103.003715515, 103.375236511, 103.746757507, 104.118278503, 104.48979187, 104.861312866, 105.232833862, 105.604354858, 105.975868225, 106.347389221, 106.718910217, 107.090431213, 107.450340271, 107.810249329, 108.181770325, 108.553283691, 108.924804688, 109.296325684, 109.66784668, 110.039360046, 110.410881042, 110.782402039, 111.153923035, 111.525436401, 111.896957397, 112.268478394, 112.63999939, 112.999908447, 113.371429443, 113.731338501, 114.102851868, 114.474372864, 114.84589386, 115.217414856, 115.588935852, 115.960449219, 116.331970215, 116.703491211, 117.075012207, 117.446525574, 117.81804657, 118.189567566, 118.561088562, 118.932601929, 119.304122925, 119.675643921, 120.047164917, 120.418685913, 120.79019928, 121.161720276, 121.521629333, 121.881538391, 122.253059387, 122.624580383, 122.99609375, 123.367614746, 123.739135742, 124.110656738, 124.482177734, 124.853691101, 125.225212097, 125.596733093, 125.968254089, 126.339767456, 126.711288452, 127.082809448, 127.454330444, 127.82585144, 128.185760498, 128.557281494, 128.917190552, 129.288711548, 129.660217285, 130.031738281, 130.403259277, 130.774780273, 131.14630127, 131.517822266, 131.889343262, 132.260864258, 132.632385254, 133.003890991, 133.375411987, 133.746932983, 134.118453979, 134.489974976, 134.849884033, 135.221405029, 135.604537964, 135.97605896, 136.335968018, 136.707473755, 137.078994751, 137.438903809, 137.810424805, 138.181945801, 138.553466797, 138.924987793, 139.296508789, 139.668029785, 140.039550781, 140.411056519, 140.782577515, 141.154098511, 141.525619507, 141.897140503, 142.268661499, 142.640182495, 143.011703491, 143.383224487, 143.754730225, 144.114639282, 144.47454834, 144.846069336, 145.217590332, 145.589111328, 145.960632324, 146.33215332, 146.703674316, 147.075195313, 147.446716309, 147.818222046, 148.189743042, 148.561264038, 148.932785034, 149.30430603, 149.675827026, 150.047348022, 150.418869019, 150.790390015, 151.161895752, 151.533416748, 151.893325806, 152.253234863, 152.624755859, 152.996276855, 153.367797852, 153.739318848, 154.110839844, 154.48236084, 154.853881836, 155.225387573, 155.596908569, 155.968429565, 156.339950562, 156.711471558, 157.082992554, 157.45451355, 157.826034546, 158.197555542, 158.5574646, 158.917373657, 159.288879395, 159.660400391, 160.031921387, 160.403442383, 160.774963379, 161.146484375, 161.518005371, 161.889526367, 162.261047363, 162.632553101, 163.004074097, 163.375595093, 163.747116089, 164.118637085, 164.490158081, 164.861679077, 165.233200073, 165.604721069, 165.976226807, 166.347747803, 166.719268799, 167.079177856, 167.439086914, 167.81060791, 168.182128906, 168.553649902, 168.925170898, 169.296691895, 169.668212891, 170.039718628, 170.411239624, 170.78276062, 171.154281616, 171.525802612, 171.897323608, 172.268844604, 172.640365601, 173.011871338, 173.383392334, 173.75491333, 174.126434326, 174.497955322, 174.869476318, 175.229385376, 175.589294434, 175.96081543, 176.332336426, 176.703857422, 177.075378418, 177.446884155, 177.818405151, 178.189926147, 178.561447144, 178.93296814, 179.304489136, 179.676010132, 180.047531128, 180.419036865, 180.790557861, 181.162078857, 181.533599854, 181.90512085, 182.276641846, 182.636550903, 182.996459961, 183.367980957, 183.739501953, 184.111022949, 184.482528687, 184.854049683, 185.225570679, 185.585479736, 185.957000732, 186.340133667, 186.711654663, 187.083175659, 187.454696655, 187.826202393, 188.197723389, 188.569244385, 188.929153442, 189.300674438, 189.672195435, 190.032104492, 190.403625488, 190.775146484, 191.14666748, 191.518188477, 191.889694214, 192.26121521, 192.644348145, 193.004257202, 193.375778198, 193.747299194, 194.11882019, 194.490341187, 194.861862183, 195.23336792, 195.604888916, 195.964797974, 196.324707031, 196.696228027, 197.067749023, 197.43927002, 197.810791016, 198.182312012, 198.553833008, 198.925354004, 199.296859741, 199.668380737, 200.039901733, 200.411422729, 200.782943726, 201.154464722, 201.525985718, 201.897506714, 202.26902771, 202.640533447, 203.012054443, 203.371963501, 203.731872559, 204.103393555, 204.474914551, 204.846435547, 205.217956543, 205.589477539, 205.960998535, 206.332519531, 206.704025269, 207.075546265, 207.447067261, 207.818588257, 208.190109253, 208.561630249, 208.933151245, 209.304672241, 209.676193237, 210.047698975, 210.419219971, 210.779129028, 211.162261963, 211.533782959, 211.893692017, 212.253601074, 212.62512207, 212.996643066, 213.368164063, 213.739685059, 214.111190796, 214.482711792, 214.854232788, 215.225753784, 215.59727478, 215.968795776, 216.340316772, 216.711837769, 217.083358765, 217.454864502, 217.826385498, 218.197906494, 218.56942749, 218.940948486, 219.312469482, 219.67237854, 220.032287598, 220.403808594, 220.77532959, 221.146850586, 221.518356323, 221.889877319, 222.261398315, 222.621307373, 222.981216431, 223.375961304, 223.7474823, 224.119003296, 224.490524292, 224.862030029, 225.233551025, 225.605072021, 225.976593018, 226.336502075, 226.696411133, 227.067932129, 227.439453125, 227.810974121, 228.182495117, 228.554016113, 228.925521851, 229.297042847, 229.656951904, 230.040084839, 230.411605835, 230.783126831, 231.154647827, 231.526168823, 231.897689819, 232.269195557, 232.640716553, 233.012237549, 233.372146606, 233.732055664, 234.10357666, 234.475097656, 234.846618652, 235.218139648, 235.589660645, 235.961181641, 236.332687378, 236.704208374, 237.064117432, 237.424026489, 237.783935547, 238.143844604, 238.515365601, 238.886886597, 239.316452026, 239.746032715, 240.175598145, 240.605163574, 241.127609253, 241.65007019, 242.172515869, 242.694961548, 243.217407227, 243.739852905]
