
metadata:
    version:
        essentia: "2.1-beta2"
    audio_properties:
        analysis_sample_rate: 44100
        bitrate: 320
        channels: 2
        equal_loudness: 1
        length: 209.162445068
        replay_gain: -13.5605354309
        downmix: "mix"
    tags:
        album: "This War Is Ours"
        artist: "Escape The Fate"
        comment: ""
        date: ""
        genre: ""
        title: "Let It Go"
        tracknumber: "6"

configuration:
    average_loudness:
        compute: 1
        frameSize: 88200
        hopSize: 44100
        silentFrames: "noise"
        windowType: "hann"
    general:
        analysisSampleRate: 44100
        endTime: 2000
        equalLoudness: 1
        nequalLoudness: 0
        shortSound: 0
        startTime: 0
    lowlevel:
        compute: 1
        frameSize: 2048
        hopSize: 1024
        zeroPadding: 0
        silentFrames: "noise"
        windowType: "blackmanharris62"
        mfccStats: ["mean", "cov", "icov"]
        stats: ["mean", "var", "median", "min", "max", "dmean", "dmean2", "dvar", "dvar2"]
    panning:
        compute: 0
        frameSize: 8192
        hopSize: 2048
        zeroPadding: 8192
        silentFrames: "noise"
        windowType: "hann"
        stats: ["copy"]
    rhythm:
        compute: 1
        maxTempo: 208
        minTempo: 40
        method: "degara"
        stats: ["mean", "var", "median", "min", "max", "dmean", "dmean2", "dvar", "dvar2"]
    segmentation:
        compute: 0
        cpw: 5
        inc1: 300
        inc2: 50
        minimumSegmentsLength: 10
        size1: 1000
        size2: 600
    sfx:
        compute: 1
        stats: ["mean", "var", "median", "min", "max", "dmean", "dmean2", "dvar", "dvar2"]
    svm:
        compute: 0
    tonal:
        compute: 1
        frameSize: 4096
        hopSize: 2048
        zeroPadding: 0
        silentFrames: "noise"
        windowType: "blackmanharris62"
        stats: ["mean", "var", "median", "min", "max", "dmean", "dmean2", "dvar", "dvar2"]

lowlevel:
    average_loudness: 0.863068342209
    barkbands_kurtosis:
        dmean: 0.855007767677
        dmean2: 1.38738548756
        dvar: 3.03504395485
        dvar2: 7.44838047028
        max: 50.073513031
        mean: -0.0958550795913
        median: -0.823396921158
        min: -1.91673457623
        var: 6.10487222672
    barkbands_skewness:
        dmean: 0.403293639421
        dmean2: 0.634718477726
        dvar: 0.181122928858
        dvar2: 0.4472001791
        max: 6.36973381042
        mean: -0.179022505879
        median: -0.21546433866
        min: -4.79091405869
        var: 0.847627103329
    barkbands_spread:
        dmean: 5.58591842651
        dmean2: 8.81422710419
        dvar: 33.471496582
        dvar2: 81.970375061
        max: 79.2624053955
        mean: 30.3598384857
        median: 29.8156299591
        min: 1.82620370388
        var: 139.508743286
    dissonance:
        dmean: 0.0164795257151
        dmean2: 0.0275458153337
        dvar: 0.000348013214534
        dvar2: 0.000947971537244
        max: 0.500000119209
        mean: 0.471090644598
        median: 0.480721592903
        min: 0.223470985889
        var: 0.000855782534927
    hfc:
        dmean: 3.20440793037
        dmean2: 5.49246740341
        dvar: 26.9442405701
        dvar2: 76.1585922241
        max: 59.2127151489
        mean: 8.73845291138
        median: 7.05463457108
        min: 1.15236992824e-016
        var: 47.2535820007
    pitch:
        dmean: 707.172851563
        dmean2: 1347.31530762
        dvar: 1519223.625
        dvar2: 3810541.25
        max: 5594.88574219
        mean: 1366.27246094
        median: 385.549865723
        min: 60.7887191772
        var: 2429635.75
    pitch_instantaneous_confidence:
        dmean: 0.0910643413663
        dmean2: 0.145677819848
        dvar: 0.00697446241975
        dvar2: 0.016259053722
        max: 0.957568228245
        mean: 0.46634837985
        median: 0.443222761154
        min: 0.117905199528
        var: 0.0266008675098
    pitch_salience:
        dmean: 0.064925968647
        dmean2: 0.105192236602
        dvar: 0.00378674338572
        dvar2: 0.00994035322219
        max: 0.947135150433
        mean: 0.618881285191
        median: 0.634991705418
        min: 0.128931581974
        var: 0.0118585741147
    silence_rate_20dB:
        dmean: 0
        dmean2: 0
        dvar: 0
        dvar2: 0
        max: 1
        mean: 1
        median: 1
        min: 1
        var: 0
    silence_rate_30dB:
        dmean: 0
        dmean2: 0
        dvar: 0
        dvar2: 0
        max: 1
        mean: 1
        median: 1
        min: 1
        var: 0
    silence_rate_60dB:
        dmean: 0.11256660521
        dmean2: 0.225158214569
        dvar: 0.0999054536223
        dvar2: 0.211971789598
        max: 1
        mean: 0.377400368452
        median: 0
        min: 0
        var: 0.23497530818
    spectral_centroid:
        dmean: 295.032867432
        dmean2: 470.697998047
        dvar: 116235.4375
        dvar2: 277414
        max: 11112.8349609
        mean: 1927.77758789
        median: 1877.34094238
        min: 151.314727783
        var: 461284.3125
    spectral_complexity:
        dmean: 4.29085254669
        dmean2: 7.15443563461
        dvar: 25.7161617279
        dvar2: 65.1669387817
        max: 48
        mean: 13.8206233978
        median: 13
        min: 0
        var: 68.2441482544
    spectral_crest:
        dmean: 2.1101796627
        dmean2: 3.44889688492
        dvar: 4.1501326561
        dvar2: 10.4258041382
        max: 25.0067386627
        mean: 7.77145862579
        median: 6.78544521332
        min: 2.47233915329
        var: 12.7294502258
    spectral_decrease:
        dmean: 2.85142770506e-010
        dmean2: 4.67031413542e-010
        dvar: 1.76906196625e-019
        dvar2: 4.57957430901e-019
        max: -8.38129804317e-029
        mean: -9.50508893816e-010
        median: -8.56900883583e-010
        min: -4.41810854568e-009
        var: 3.78745478069e-019
    spectral_energy:
        dmean: 0.00133224157616
        dmean2: 0.00220236368477
        dvar: 3.9746796574e-006
        dvar2: 1.04973769339e-005
        max: 0.0205274280161
        mean: 0.00438003242016
        median: 0.00390689587221
        min: 1.07686677682e-020
        var: 8.14935992821e-006
    spectral_energyband_high:
        dmean: 0.000251449848292
        dmean2: 0.000440823612735
        dvar: 2.15597736997e-007
        dvar2: 6.09572396115e-007
        max: 0.00527412677184
        mean: 0.000498717592563
        median: 0.000349160516635
        min: 7.82457929513e-021
        var: 3.04104332827e-007
    spectral_energyband_low:
        dmean: 0.000128682237118
        dmean2: 0.000216256259591
        dvar: 3.43847332829e-008
        dvar2: 9.24577534533e-008
        max: 0.00259982049465
        mean: 0.000253997568507
        median: 0.000204272204428
        min: 8.93476735463e-023
        var: 5.65166295985e-008
    spectral_energyband_middle_high:
        dmean: 0.000821673194878
        dmean2: 0.00136462925002
        dvar: 1.23390179851e-006
        dvar2: 3.2721820844e-006
        max: 0.0154440486804
        mean: 0.00242210552096
        median: 0.00201010284945
        min: 1.64544035685e-021
        var: 3.3525843719e-006
    spectral_energyband_middle_low:
        dmean: 0.000591239135247
        dmean2: 0.000935152580496
        dvar: 1.07969776764e-006
        dvar2: 2.70276041192e-006
        max: 0.0117476414889
        mean: 0.00137481896672
        median: 0.00086802180158
        min: 2.80743580239e-022
        var: 2.18002696784e-006
    spectral_flatness_db:
        dmean: 0.0155908847228
        dmean2: 0.0237837545574
        dvar: 0.00023791375861
        dvar2: 0.000522879650816
        max: 0.413009017706
        mean: 0.145387247205
        median: 0.136624395847
        min: 0.0561939738691
        var: 0.00156409689225
    spectral_flux:
        dmean: 0.00953060667962
        dmean2: 0.0150219276547
        dvar: 0.000129516556626
        dvar2: 0.000261494249571
        max: 0.119519494474
        mean: 0.0384410731494
        median: 0.0356794930995
        min: 1.03772192228e-010
        var: 0.00032450738945
    spectral_kurtosis:
        dmean: 0.956826925278
        dmean2: 1.5617120266
        dvar: 1.87900531292
        dvar2: 5.13134670258
        max: 35.8219184875
        mean: 3.2060880661
        median: 2.72214078903
        min: -1.20421981812
        var: 5.5948805809
    spectral_rms:
        dmean: 0.000296459329547
        dmean2: 0.000477618945297
        dvar: 1.46276562418e-007
        dvar2: 3.67387769984e-007
        max: 0.00447512650862
        mean: 0.00195004302077
        median: 0.00195233337581
        min: 3.24129872248e-012
        var: 4.7052688501e-007
    spectral_rolloff:
        dmean: 400.144134521
        dmean2: 649.520629883
        dvar: 283603.25
        dvar2: 621705.6875
        max: 18518.5546875
        mean: 3416.90722656
        median: 3596.04492188
        min: 129.19921875
        var: 974573.375
    spectral_skewness:
        dmean: 0.163301676512
        dmean2: 0.260488599539
        dvar: 0.0322538763285
        dvar2: 0.0797309279442
        max: 4.67436122894
        mean: 1.26794552803
        median: 1.20318746567
        min: -0.0157770998776
        var: 0.168684065342
    spectral_spread:
        dmean: 500030.96875
        dmean2: 716947.3125
        dvar: 444854566912
        dvar2: 704536444928
        max: 39713860
        mean: 5094191.5
        median: 4835323
        min: 1486325.875
        var: 2.54602012262e+012
    spectral_strongpeak:
        dmean: 0.542223036289
        dmean2: 0.904073297977
        dvar: 0.629253327847
        dvar2: 1.51021015644
        max: 11.8846654892
        mean: 1.04997134209
        median: 0.721495449543
        min: 2.50236142918e-009
        var: 1.45133447647
    zerocrossingrate:
        dmean: 0.00886457040906
        dmean2: 0.0105312513188
        dvar: 9.23688930925e-005
        dvar2: 0.000115505499707
        max: 0.49462890625
        mean: 0.10536056757
        median: 0.10498046875
        min: 0.0087890625
        var: 0.000959292170592
    barkbands:
        dmean: [6.35656306258e-007, 5.23226226505e-005, 7.49072714825e-005, 0.000100188939541, 0.000253386329859, 0.000116574592539, 6.2746090407e-005, 6.84412079863e-005, 0.000159654126037, 0.000164819313795, 6.21135550318e-005, 7.53591593821e-005, 6.01735628152e-005, 8.49494681461e-005, 8.36364852148e-005, 0.000129978434416, 0.000116204057122, 0.000194262596779, 0.000295333302347, 0.000235149011132, 0.000114770489745, 4.9120390031e-005, 9.32426792133e-006, 2.90146522275e-006, 1.86843010397e-006, 1.22894917354e-007, 7.79845354959e-010]
        dmean2: [1.11383701551e-006, 8.98646030691e-005, 0.000125336213387, 0.000164523968124, 0.000438062823378, 0.000196382054128, 0.00010555938934, 0.000107843632577, 0.000242493828409, 0.000239683868131, 9.35176940402e-005, 0.000118281539471, 9.42152182688e-005, 0.000132897010189, 0.000131754364702, 0.000212214232306, 0.000192085688468, 0.000325453118421, 0.000504798605107, 0.000411919754697, 0.000202113122214, 8.49283969728e-005, 1.58088496391e-005, 4.60694400317e-006, 2.92349568554e-006, 1.96628008098e-007, 1.26355992336e-009]
        dvar: [2.22495199348e-012, 9.98014115794e-009, 1.36691289399e-008, 3.77964646248e-008, 4.85028579078e-007, 5.65082665105e-008, 2.78684257893e-008, 2.56978598401e-008, 1.18431550789e-007, 1.75406782432e-007, 2.27209309145e-008, 1.78368964043e-008, 1.91163813668e-008, 2.94032371784e-008, 3.09178069813e-008, 7.8206610965e-008, 3.70864441379e-008, 1.05211590551e-007, 2.30029385762e-007, 1.60354147738e-007, 4.59702782507e-008, 9.96771198913e-009, 5.12056397284e-010, 4.05553195193e-011, 2.47617100435e-011, 9.65364059849e-014, 3.51559577192e-018]
        dvar2: [6.05944287801e-012, 2.73467755108e-008, 3.60055096849e-008, 9.59439319104e-008, 1.36598828249e-006, 1.48187112359e-007, 7.26142062035e-008, 6.0767888499e-008, 2.59508425415e-007, 3.48998952404e-007, 4.64136462597e-008, 3.87466094764e-008, 4.37254037422e-008, 7.02419882259e-008, 6.83062708617e-008, 2.00858920607e-007, 9.03779096006e-008, 2.57797410086e-007, 6.15990643382e-007, 4.46289163847e-007, 1.30469089754e-007, 2.71764601933e-008, 1.30890687178e-009, 8.06855485203e-011, 5.25947237151e-011, 2.46774877009e-013, 8.60011411065e-018]
        max: [1.14305121315e-005, 0.000858437153511, 0.00207520392723, 0.00229611992836, 0.00656334822997, 0.00327751622535, 0.00362527626567, 0.00327176926658, 0.00814782362431, 0.00901527516544, 0.00438202451915, 0.00424523465335, 0.00336904358119, 0.0029188869521, 0.00376728223637, 0.00680048577487, 0.00465747993439, 0.0072491792962, 0.0121877919883, 0.00723797781393, 0.00278977677226, 0.00229617394507, 0.000662318430841, 0.000152989130584, 0.000130672706291, 4.97082874062e-006, 2.84603576262e-008]
        mean: [6.60702426103e-007, 6.73488684697e-005, 0.0001334342669, 0.000145017838804, 0.000317117723171, 0.000158445560373, 7.19972522347e-005, 0.000118486197607, 0.000334381416906, 0.000398364238208, 0.000116502422316, 0.000138377712574, 0.000101424957393, 0.000143578814459, 0.000133423149236, 0.000209086560062, 0.000199891001103, 0.000326582143316, 0.000539126922376, 0.000416267022956, 0.000204730516998, 8.18448606879e-005, 1.54590197781e-005, 5.290824447e-006, 3.02057560475e-006, 1.78223061198e-007, 9.81033032588e-010]
        median: [4.34122320314e-008, 3.04604909616e-005, 9.56823059823e-005, 7.21409815014e-005, 0.00014865459525, 7.34806235414e-005, 2.35062179854e-005, 3.01502714137e-005, 9.30590249482e-005, 5.71441451029e-005, 3.85576786357e-005, 6.61729282001e-005, 3.71440692106e-005, 4.85177661176e-005, 5.30831093783e-005, 0.000106855324702, 0.000116244351375, 0.000180746224942, 0.000361931626685, 0.000281113927485, 0.000139787109219, 4.75512279081e-005, 8.74860688782e-006, 2.94771666631e-006, 1.32971013045e-006, 5.38522755278e-008, 2.93720436861e-010]
        min: [4.34212550289e-023, 4.78753498709e-023, 8.55971511239e-024, 8.23910626329e-024, 5.31766339935e-023, 5.00473363785e-023, 1.12136632897e-023, 6.00634212505e-023, 7.99171632797e-023, 8.34971718397e-023, 1.23499481617e-022, 8.05821288466e-023, 2.02771937278e-022, 1.07450807009e-022, 1.86422738219e-022, 8.34003943839e-023, 1.34017433486e-022, 2.16714151321e-022, 2.91384392461e-022, 3.34955490041e-022, 5.57156831601e-022, 6.59269360066e-022, 4.93225271922e-022, 9.80771957017e-022, 1.1476587758e-021, 1.80520092176e-021, 2.14619926304e-021]
        var: [2.0116816199e-012, 9.54697210176e-009, 2.52183429694e-008, 5.2985726029e-008, 4.10304835441e-007, 7.15988974775e-008, 2.58863259717e-008, 5.385455637e-008, 4.17838691646e-007, 9.54113261287e-007, 5.9619402748e-008, 5.25375547511e-008, 4.56299460438e-008, 7.13149574949e-008, 6.77055993492e-008, 1.51956157879e-007, 8.16324643438e-008, 2.01925473675e-007, 4.3659866833e-007, 2.46080475108e-007, 5.72056855219e-008, 1.35435751503e-008, 5.81350745321e-010, 7.86314277579e-011, 4.00348261487e-011, 1.29167699757e-013, 4.31290317024e-018]
    frequency_bands:
        dmean: [6.35656306258e-007, 5.23226226505e-005, 7.49072714825e-005, 0.000100188939541, 0.000253386329859, 0.000116574592539, 6.2746090407e-005, 6.84412079863e-005, 0.000159654126037, 0.000164819313795, 6.21135550318e-005, 7.53591593821e-005, 6.01735628152e-005, 8.49494681461e-005, 8.36364852148e-005, 0.000129978434416, 0.000116204057122, 0.000194262596779, 0.000295333302347, 0.000235149011132, 0.000114770489745, 4.9120390031e-005, 9.32426792133e-006, 2.90146522275e-006, 1.86843010397e-006, 1.22894917354e-007, 7.79845354959e-010, 4.89936077819e-011]
        dmean2: [1.11383701551e-006, 8.98646030691e-005, 0.000125336213387, 0.000164523968124, 0.000438062823378, 0.000196382054128, 0.00010555938934, 0.000107843632577, 0.000242493828409, 0.000239683868131, 9.35176940402e-005, 0.000118281539471, 9.42152182688e-005, 0.000132897010189, 0.000131754364702, 0.000212214232306, 0.000192085688468, 0.000325453118421, 0.000504798605107, 0.000411919754697, 0.000202113122214, 8.49283969728e-005, 1.58088496391e-005, 4.60694400317e-006, 2.92349568554e-006, 1.96628008098e-007, 1.26355992336e-009, 9.10757025352e-011]
        dvar: [2.22495199348e-012, 9.98014115794e-009, 1.36691289399e-008, 3.77964646248e-008, 4.85028579078e-007, 5.65082665105e-008, 2.78684257893e-008, 2.56978598401e-008, 1.18431550789e-007, 1.75406782432e-007, 2.27209309145e-008, 1.78368964043e-008, 1.91163813668e-008, 2.94032371784e-008, 3.09178069813e-008, 7.8206610965e-008, 3.70864441379e-008, 1.05211590551e-007, 2.30029385762e-007, 1.60354147738e-007, 4.59702782507e-008, 9.96771198913e-009, 5.12056397284e-010, 4.05553195193e-011, 2.47617100435e-011, 9.65364059849e-014, 3.51559577192e-018, 5.44462113358e-021]
        dvar2: [6.05944287801e-012, 2.73467755108e-008, 3.60055096849e-008, 9.59439319104e-008, 1.36598828249e-006, 1.48187112359e-007, 7.26142062035e-008, 6.0767888499e-008, 2.59508425415e-007, 3.48998952404e-007, 4.64136462597e-008, 3.87466094764e-008, 4.37254037422e-008, 7.02419882259e-008, 6.83062708617e-008, 2.00858920607e-007, 9.03779096006e-008, 2.57797410086e-007, 6.15990643382e-007, 4.46289163847e-007, 1.30469089754e-007, 2.71764601933e-008, 1.30890687178e-009, 8.06855485203e-011, 5.25947237151e-011, 2.46774877009e-013, 8.60011411065e-018, 1.75741985149e-020]
        max: [1.14305121315e-005, 0.000858437153511, 0.00207520392723, 0.00229611992836, 0.00656334822997, 0.00327751622535, 0.00362527626567, 0.00327176926658, 0.00814782362431, 0.00901527516544, 0.00438202451915, 0.00424523465335, 0.00336904358119, 0.0029188869521, 0.00376728223637, 0.00680048577487, 0.00465747993439, 0.0072491792962, 0.0121877919883, 0.00723797781393, 0.00278977677226, 0.00229617394507, 0.000662318430841, 0.000152989130584, 0.000130672706291, 4.97082874062e-006, 2.84603576262e-008, 8.64460225625e-010]
        mean: [6.60702426103e-007, 6.73488684697e-005, 0.0001334342669, 0.000145017838804, 0.000317117723171, 0.000158445560373, 7.19972522347e-005, 0.000118486197607, 0.000334381416906, 0.000398364238208, 0.000116502422316, 0.000138377712574, 0.000101424957393, 0.000143578814459, 0.000133423149236, 0.000209086560062, 0.000199891001103, 0.000326582143316, 0.000539126922376, 0.000416267022956, 0.000204730516998, 8.18448606879e-005, 1.54590197781e-005, 5.290824447e-006, 3.02057560475e-006, 1.78223061198e-007, 9.81033032588e-010, 3.81209716571e-011]
        median: [4.34122320314e-008, 3.04604909616e-005, 9.56823059823e-005, 7.21409815014e-005, 0.00014865459525, 7.34806235414e-005, 2.35062179854e-005, 3.01502714137e-005, 9.30590249482e-005, 5.71441451029e-005, 3.85576786357e-005, 6.61729282001e-005, 3.71440692106e-005, 4.85177661176e-005, 5.30831093783e-005, 0.000106855324702, 0.000116244351375, 0.000180746224942, 0.000361931626685, 0.000281113927485, 0.000139787109219, 4.75512279081e-005, 8.74860688782e-006, 2.94771666631e-006, 1.32971013045e-006, 5.38522755278e-008, 2.93720436861e-010, 1.35993777003e-011]
        min: [4.34212550289e-023, 4.78753498709e-023, 8.55971511239e-024, 8.23910626329e-024, 5.31766339935e-023, 5.00473363785e-023, 1.12136632897e-023, 6.00634212505e-023, 7.99171632797e-023, 8.34971718397e-023, 1.23499481617e-022, 8.05821288466e-023, 2.02771937278e-022, 1.07450807009e-022, 1.86422738219e-022, 8.34003943839e-023, 1.34017433486e-022, 2.16714151321e-022, 2.91384392461e-022, 3.34955490041e-022, 5.57156831601e-022, 6.59269360066e-022, 4.93225271922e-022, 9.80771957017e-022, 1.1476587758e-021, 1.80520092176e-021, 2.14619926304e-021, 7.71972617552e-022]
        var: [2.0116816199e-012, 9.54697210176e-009, 2.52183429694e-008, 5.2985726029e-008, 4.10304835441e-007, 7.15988974775e-008, 2.58863259717e-008, 5.385455637e-008, 4.17838691646e-007, 9.54113261287e-007, 5.9619402748e-008, 5.25375547511e-008, 4.56299460438e-008, 7.13149574949e-008, 6.77055993492e-008, 1.51956157879e-007, 8.16324643438e-008, 2.01925473675e-007, 4.3659866833e-007, 2.46080475108e-007, 5.72056855219e-008, 1.35435751503e-008, 5.81350745321e-010, 7.86314277579e-011, 4.00348261487e-011, 1.29167699757e-013, 4.31290317024e-018, 4.29461147655e-021]
    mfcc:
        mean: [-711.150634766, 87.2555923462, -47.552154541, 48.6123695374, -18.4863986969, 0.397509545088, 3.69663834572, 0.733862996101, -1.01699304581, -4.00678730011, -5.0782623291, -10.8081197739, -6.88781166077]
        cov: [[4669.20556641, -181.237854004, -280.473724365, 533.185302734, -174.316436768, 118.222679138, 30.9586486816, 65.6608047485, 126.424369812, 8.21013069153, -86.8639297485, -25.1643714905, -0.235076203942], [-181.237854004, 815.466064453, -174.262008667, -83.8067169189, 10.4852657318, -22.8227729797, 38.4630203247, 26.2134418488, 4.64662027359, 23.1088428497, 38.5316619873, -9.67874240875, -12.7013292313], [-280.473724365, -174.262008667, 498.399932861, 24.9564323425, 64.59740448, -13.1069631577, -6.87028741837, -0.915297746658, -7.8079457283, -14.1936454773, -27.9659309387, 17.9904289246, -3.77955842018], [533.185302734, -83.8067169189, 24.9564323425, 430.545410156, 108.206855774, 66.5960693359, -0.352612823248, 15.2264204025, 70.5380630493, -14.1960544586, -29.8418140411, 36.7874641418, 62.4420928955], [-174.316436768, 10.4852657318, 64.59740448, 108.206855774, 270.345733643, 70.8417205811, -9.66254329681, 9.91940021515, 42.8287658691, 10.4333305359, -11.1510915756, 28.8621139526, 42.1945037842], [118.222679138, -22.8227729797, -13.1069631577, 66.5960693359, 70.8417205811, 219.040481567, 133.187042236, 48.9676094055, 31.942117691, 31.3181228638, 1.53025829792, 11.71692276, 32.2390098572], [30.9586486816, 38.4630203247, -6.87028741837, -0.352612823248, -9.66254329681, 133.187042236, 247.271530151, 92.4825134277, 36.8124198914, 38.3040542603, 8.69953155518, 8.87773704529, 18.7464199066], [65.6608047485, 26.2134418488, -0.915297746658, 15.2264204025, 9.91940021515, 48.9676094055, 92.4825134277, 133.394821167, 72.0527191162, 32.3160438538, 1.60566985607, -1.7405564785, -4.54348945618], [126.424369812, 4.64662027359, -7.8079457283, 70.5380630493, 42.8287658691, 31.942117691, 36.8124198914, 72.0527191162, 137.278366089, 57.0338249207, -0.6219368577, 0.735366821289, 5.73243951797], [8.21013069153, 23.1088428497, -14.1936454773, -14.1960544586, 10.4333305359, 31.3181228638, 38.3040542603, 32.3160438538, 57.0338249207, 106.44821167, 38.9423217773, 1.89781630039, -6.05401802063], [-86.8639297485, 38.5316619873, -27.9659309387, -29.8418140411, -11.1510915756, 1.53025829792, 8.69953155518, 1.60566985607, -0.6219368577, 38.9423217773, 104.407905579, 37.6361923218, 0.855696439743], [-25.1643714905, -9.67874240875, 17.9904289246, 36.7874641418, 28.8621139526, 11.71692276, 8.87773704529, -1.7405564785, 0.735366821289, 1.89781630039, 37.6361923218, 98.846824646, 59.0973587036], [-0.235076203942, -12.7013292313, -3.77955842018, 62.4420928955, 42.1945037842, 32.2390098572, 18.7464199066, -4.54348945618, 5.73243951797, -6.05401802063, 0.855696439743, 59.0973587036, 112.620185852]]
        icov: [[0.000301742984448, 3.64890292985e-005, 0.000165397927049, -0.000432631670265, 0.000395519688027, -0.000197810630198, 0.000119316631753, -7.40198956919e-005, -7.63781863498e-005, -0.000114455317089, 0.000273437268334, -0.000105901890493, 0.000186989622307], [3.64890292985e-005, 0.00144165789243, 0.000555339094717, 0.000164269440575, -0.000449884770205, 0.000559518462978, -0.000462156167487, -0.000215804466279, 0.000121630982903, -3.51638518623e-005, -0.000379915523808, 0.000202214883757, 5.55261904083e-005], [0.000165397927049, 0.000555339094717, 0.0024909269996, -0.000216917833313, -0.000620609789621, 0.00054332241416, -0.000363756989827, -0.000221130787395, 0.000437385548139, -0.000245343078859, 0.000953413138632, -0.00102441105992, 0.000890319759492], [-0.000432631670265, 0.000164269440575, -0.000216917833313, 0.00385327544063, -0.00114263733849, -0.000570071279071, 0.000253425270785, 0.000551395060029, -0.00204750220291, 0.00151527603157, 8.2989645307e-005, -0.000476537825307, -0.00111963856034], [0.000395519688027, -0.000449884770205, -0.000620609789621, -0.00114263733849, 0.00579899549484, -0.00262733106501, 0.00196170061827, -6.37124176137e-005, -0.00132426049095, -0.000304321496515, 0.000935086864047, -0.000905315799173, -0.000667865679134], [-0.000197810630198, 0.000559518462978, 0.00054332241416, -0.000570071279071, -0.00262733106501, 0.00883999280632, -0.00485851569101, 8.89947696123e-005, 0.00107597978786, -0.00129017361905, -0.000246324721957, 0.000961683283094, -0.000963773520198], [0.000119316631753, -0.000462156167487, -0.000363756989827, 0.000253425270785, 0.00196170061827, -0.00485851569101, 0.00861885678023, -0.00459180120379, 0.000865897978656, -0.00107223121449, 0.000442894321168, -0.000419322313974, -0.00105371081736], [-7.40198956919e-005, -0.000215804466279, -0.000221130787395, 0.000551395060029, -6.37124176137e-005, 8.89947696123e-005, -0.00459180120379, 0.0142163708806, -0.00708338571712, 0.00135684199631, -0.000122964192997, -0.000462595140561, 0.00167580379639], [-7.63781863498e-005, 0.000121630982903, 0.000437385548139, -0.00204750220291, -0.00132426049095, 0.00107597978786, 0.000865897978656, -0.00708338571712, 0.0152426762506, -0.00756435608491, 0.0021627144888, 0.000153899163706, -0.000357978075044], [-0.000114455317089, -3.51638518623e-005, -0.000245343078859, 0.00151527603157, -0.000304321496515, -0.00129017361905, -0.00107223121449, 0.00135684199631, -0.00756435608491, 0.0163726303726, -0.00650956248865, 0.00193208560813, 0.000164744342328], [0.000273437268334, -0.000379915523808, 0.000953413138632, 8.2989645307e-005, 0.000935086864047, -0.000246324721957, 0.000442894321168, -0.000122964192997, 0.0021627144888, -0.00650956248865, 0.0157213024795, -0.00836460851133, 0.00339505425654], [-0.000105901890493, 0.000202214883757, -0.00102441105992, -0.000476537825307, -0.000905315799173, 0.000961683283094, -0.000419322313974, -0.000462595140561, 0.000153899163706, 0.00193208560813, -0.00836460851133, 0.0196492467076, -0.00978389475495], [0.000186989622307, 5.55261904083e-005, 0.000890319759492, -0.00111963856034, -0.000667865679134, -0.000963773520198, -0.00105371081736, 0.00167580379639, -0.000357978075044, 0.000164744342328, 0.00339505425654, -0.00978389475495, 0.0154412118718]]
    sccoeffs:
        dmean: [0.0528081357479, 0.0486557520926, 0.0415933467448, 0.0339208468795, 0.0217007659376, 0.0186172686517]
        dmean2: [0.0864736586809, 0.0796372592449, 0.0651503652334, 0.0537445582449, 0.0350540913641, 0.0300118196756]
        dvar: [0.00208718795329, 0.00164436490741, 0.00126335944515, 0.000775604392402, 0.00035071579623, 0.000306470436044]
        dvar2: [0.0053401151672, 0.00425006076694, 0.00286509632133, 0.00184254033957, 0.000817202613689, 0.000744304968975]
        max: [-0.271700114012, -0.316597223282, -0.376065433025, -0.485456198454, -0.580289781094, -0.528324902058]
        mean: [-0.666767179966, -0.746452510357, -0.740585803986, -0.759094297886, -0.792443096638, -0.742816507816]
        median: [-0.678632438183, -0.758210599422, -0.753748357296, -0.765512824059, -0.798327386379, -0.741957902908]
        min: [-0.954705536366, -0.965771138668, -0.959629356861, -0.963465809822, -0.962667822838, -0.958539962769]
        var: [0.00815294962376, 0.00692537752911, 0.00791671965271, 0.003678888781, 0.00149333651643, 0.00182812474668]
    scvalleys:
        dmean: [0.400607734919, 0.425277262926, 0.351072311401, 0.317155003548, 0.304847836494, 0.305765032768]
        dmean2: [0.643835902214, 0.684829413891, 0.554259419441, 0.489443987608, 0.48151627183, 0.4720697999]
        dvar: [0.145180925727, 0.166312649846, 0.11901268363, 0.107965104282, 0.151812762022, 0.17290943861]
        dvar2: [0.318886339664, 0.378942638636, 0.257948756218, 0.221976831555, 0.334140986204, 0.367809325457]
        max: [-5.36579561234, -4.92765903473, -5.49437522888, -5.66464757919, -5.33929538727, -7.24839782715]
        mean: [-7.21871900558, -7.05936813354, -7.25153970718, -7.43215370178, -7.05004739761, -9.56262588501]
        median: [-6.89921426773, -6.92857646942, -7.06269693375, -7.25031042099, -6.78147745132, -9.35581684113]
        min: [-27.6514225006, -27.1075973511, -27.5364456177, -27.2043418884, -27.2113075256, -27.2767181396]
        var: [2.06519889832, 1.26498711109, 1.18208348751, 1.14302575588, 1.29122066498, 1.38636362553]

rhythm:
    beats_loudness:
        dmean: 0.00294903479517
        dmean2: 0.00535265635699
        dvar: 4.61606396129e-006
        dvar2: 1.31895430968e-005
        max: 0.014055499807
        mean: 0.00498450221494
        median: 0.00440148590133
        min: 8.82989688311e-012
        var: 8.15165640233e-006
    bpm: 172.26550293
    bpm_confidence: 0
    first_peak_bpm: 172
    first_peak_spread: 0
    first_peak_weight: 0.507438004017
    onset_rate: 3.3371193409
    second_peak_bpm: 178
    second_peak_spread: 0
    second_peak_weight: 0.433057844639
    beats_loudness_band_ratio:
        dmean: [0.159725427628, 0.131713956594, 0.122717738152, 0.12897759676, 0.140089660883, 0.103484272957]
        dmean2: [0.287349522114, 0.233224019408, 0.217317968607, 0.227923288941, 0.246436521411, 0.177695736289]
        dvar: [0.0175834018737, 0.0104930615053, 0.0185306798667, 0.0215600803494, 0.0184834264219, 0.0109025305137]
        dvar2: [0.0477717220783, 0.0282940398902, 0.0554876327515, 0.0597443059087, 0.0500111058354, 0.0314812324941]
        max: [0.902925729752, 0.547039866447, 0.86880081892, 0.872915863991, 0.8188341856, 0.942157924175]
        mean: [0.198882117867, 0.142196565866, 0.168916285038, 0.146500632167, 0.208025917411, 0.212899595499]
        median: [0.153577789664, 0.0924834161997, 0.112421199679, 0.0844682306051, 0.168582677841, 0.176425293088]
        min: [0, 0, 0, 0, 0, 0]
        var: [0.0237970519811, 0.0142460856587, 0.0267037656158, 0.0227503627539, 0.0203419681638, 0.018706317991]
    beats_position: [0.348299324512, 0.696598649025, 1.04489791393, 1.39319729805, 1.74149656296, 2.07818579674, 2.41487526894, 2.75156450272, 3.09986400604, 3.44816327095, 3.78485250473, 4.13315200806, 4.46984100342, 4.80653047562, 5.15482997894, 5.50312900543, 5.83981847763, 6.17650794983, 6.52480697632, 6.87310647964, 7.22140598297, 7.56970500946, 7.91800451279, 8.25469398499, 8.59138298035, 8.93968200684, 9.287981987, 9.62467098236, 9.96135997772, 10.3096599579, 10.6579589844, 11.0062580109, 11.3429479599, 11.6796369553, 12.0279359818, 12.3646259308, 12.7013149261, 13.0496139526, 13.3979139328, 13.7346029282, 14.0829019547, 14.4195919037, 14.7678909302, 15.1161899567, 15.4528799057, 15.7895689011, 16.1378688812, 16.4745578766, 16.8112468719, 17.1595458984, 17.5078449249, 17.8561439514, 18.1928348541, 18.5295238495, 18.877822876, 19.2145118713, 19.5512008667, 19.8994998932, 20.247800827, 20.5960998535, 20.9327888489, 21.2694778442, 21.6177768707, 21.9660758972, 22.3143768311, 22.6626758575, 22.9993648529, 23.3476638794, 23.6843528748, 24.0210418701, 24.3577327728, 24.6944217682, 25.0427207947, 25.3910198212, 25.7277088165, 26.076007843, 26.4243087769, 26.7726078033, 27.1092967987, 27.4459857941, 27.7942848206, 28.142583847, 28.4792747498, 28.8159637451, 29.1642627716, 29.5125617981, 29.8608608246, 30.1975498199, 30.5342407227, 30.8825397491, 31.2192287445, 31.5559177399, 31.9042167664, 32.2525177002, 32.5892066956, 32.9375038147, 33.2741928101, 33.6224937439, 33.9707946777, 34.3074836731, 34.6441726685, 34.9924697876, 35.3407707214, 35.6890678406, 36.0257606506, 36.3740577698, 36.7107467651, 37.059047699, 37.3957366943, 37.7324256897, 38.0807266235, 38.4290237427, 38.7773246765, 39.1140136719, 39.4507026672, 39.7989997864, 40.1356925964, 40.4839897156, 40.8206787109, 41.1689796448, 41.5172767639, 41.8539657593, 42.1906585693, 42.5389556885, 42.8872566223, 43.2239456177, 43.560634613, 43.9089317322, 44.2456245422, 44.5939216614, 44.9306106567, 45.2789115906, 45.6156005859, 45.9638977051, 46.3121986389, 46.6604995728, 47.0087966919, 47.3454856873, 47.6821746826, 48.018863678, 48.3671646118, 48.7154655457, 49.052154541, 49.3888435364, 49.7371406555, 50.0854415894, 50.4221305847, 50.7588195801, 51.0955085754, 51.4438095093, 51.7921066284, 52.1287956238, 52.4770965576, 52.8253974915, 53.1736946106, 53.510383606, 53.8470726013, 54.1953735352, 54.5436706543, 54.8803634644, 55.2286605835, 55.5653495789, 55.9136505127, 56.2503395081, 56.5870285034, 56.9353294373, 57.2836265564, 57.6319274902, 57.9686164856, 58.305305481, 58.6536026001, 59.0019035339, 59.3385925293, 59.6752815247, 60.0235824585, 60.3718795776, 60.7201805115, 61.0568695068, 61.3935585022, 61.7302474976, 62.0669364929, 62.4152374268, 62.7635345459, 63.1118354797, 63.4485244751, 63.7852134705, 64.1335144043, 64.4818115234, 64.8301086426, 65.1668014526, 65.5034942627, 65.8517913818, 66.1884765625, 66.5251693726, 66.8734664917, 67.2217712402, 67.5584564209, 67.895149231, 68.2434463501, 68.5917434692, 68.9400405884, 69.2767333984, 69.6134262085, 69.9617233276, 70.3100204468, 70.6467132568, 70.9833984375, 71.3316955566, 71.6800003052, 72.0282974243, 72.3649902344, 72.701675415, 73.0499725342, 73.3982772827, 73.7349624634, 74.0832672119, 74.4199523926, 74.7682495117, 75.1049423218, 75.4416275024, 75.789932251, 76.1382293701, 76.4749221802, 76.8116073608, 77.15990448, 77.49659729, 77.8332901001, 78.1815872192, 78.5298843384, 78.8781814575, 79.2264862061, 79.5747833252, 79.9114761353, 80.2481613159, 80.5964584351, 80.9447631836, 81.2814483643, 81.6181411743, 81.9664382935, 82.3147354126, 82.6514282227, 82.9881134033, 83.3364181519, 83.684715271, 84.0330123901, 84.3697052002, 84.7063903809, 85.0546951294, 85.4029922485, 85.7396774292, 86.0763702393, 86.4246673584, 86.7729721069, 87.1212692261, 87.4579544067, 87.8062591553, 88.1429443359, 88.4912490845, 88.8163223267, 89.1646270752, 89.5129241943, 89.8612213135, 90.1979141235, 90.5462112427, 90.8829040527, 91.2312011719, 91.5678863525, 91.9161911011, 92.2528762817, 92.6011810303, 92.9378662109, 93.274559021, 93.6228561401, 93.9711532593, 94.3078460693, 94.64453125, 94.9812240601, 95.3179092407, 95.6662139893, 96.0145111084, 96.3628082275, 96.7111129761, 97.0594100952, 97.3960952759, 97.7327880859, 98.0810852051, 98.4293823242, 98.7660751343, 99.1027679443, 99.4510650635, 99.7993621826, 100.136054993, 100.472740173, 100.821044922, 101.169342041, 101.506027222, 101.842720032, 102.191017151, 102.53931427, 102.87600708, 103.21269989, 103.560997009, 103.909294128, 104.245986938, 104.594284058, 104.930976868, 105.279273987, 105.627571106, 105.964263916, 106.300949097, 106.649246216, 106.997550964, 107.334236145, 107.670928955, 108.019226074, 108.367523193, 108.704216003, 109.040908813, 109.389205933, 109.725891113, 110.062583923, 110.410881042, 110.759178162, 111.095870972, 111.444168091, 111.792472839, 112.12915802, 112.477455139, 112.825759888, 113.162445068, 113.499137878, 113.847434998, 114.195732117, 114.544036865, 114.880722046, 115.229019165, 115.565711975, 115.902404785, 116.250701904, 116.598999023, 116.935691833, 117.272377014, 117.620681763, 117.957366943, 118.305664063, 118.653968811, 119.00226593, 119.338951111, 119.675643921, 120.02394104, 120.372245789, 120.708930969, 121.045623779, 121.38230896, 121.71900177, 122.067298889, 122.415596008, 122.763900757, 123.112197876, 123.460494995, 123.808792114, 124.145484924, 124.482177734, 124.818862915, 125.155555725, 125.503852844, 125.852149963, 126.188842773, 126.525527954, 126.873832703, 127.222129822, 127.570426941, 127.907119751, 128.243804932, 128.592102051, 128.92880249, 129.277099609, 129.61378479, 129.962081909, 130.29876709, 130.635467529, 130.983764648, 131.332061768, 131.668746948, 132.017044067, 132.353744507, 132.702041626, 133.050338745, 133.398635864, 133.735321045, 134.072021484, 134.408706665, 134.745391846, 135.093688965, 135.441986084, 135.778686523, 136.126983643, 136.463668823, 136.811965942, 137.148666382, 137.485351563, 137.833648682, 138.181945801, 138.53024292, 138.878540039, 139.226852417, 139.575149536, 139.911834717, 140.260131836, 140.596817017, 140.933517456, 141.281814575, 141.618499756, 141.955184937, 142.291885376, 142.640182495, 142.988479614, 143.325164795, 143.673461914, 144.010162354, 144.358459473, 144.706756592, 145.043441772, 145.380126953, 145.716827393, 146.053512573, 146.401809692, 146.738494873, 147.086807251, 147.446716309, 147.795013428, 148.143310547, 148.479995728, 148.816680908, 149.164993286, 149.513290405, 149.849975586, 150.186660767, 150.534957886, 150.883255005, 151.219955444, 151.556640625, 151.904937744, 152.253234863, 152.601531982, 152.938232422, 153.274917603, 153.623214722, 153.971511841, 154.30821228, 154.644897461, 154.99319458, 155.341491699, 155.689788818, 156.026489258, 156.374786377, 156.711471558, 157.059768677, 157.396453857, 157.744766235, 158.081451416, 158.429748535, 158.778045654, 159.114730835, 159.451431274, 159.799728394, 160.148025513, 160.484710693, 160.821395874, 161.169708252, 161.506393433, 161.854690552, 162.191375732, 162.539672852, 162.876373291, 163.213058472, 163.561355591, 163.90965271, 164.257949829, 164.594650269, 164.931335449, 165.279632568, 165.616317749, 165.964630127, 166.301315308, 166.649612427, 166.997909546, 167.346206665, 167.682891846, 168.019592285, 168.367889404, 168.716186523, 169.052871704, 169.389572144, 169.737869263, 170.09777832, 170.457687378, 170.805984497, 171.20072937, 171.595458984, 171.978591919, 172.361724854, 172.721633911, 173.081542969, 173.441452026, 173.801361084, 174.161270142, 174.532791138, 174.892700195, 175.252609253, 175.612518311, 175.972427368, 176.343948364, 176.715454102, 177.075378418, 177.435287476, 177.795196533, 178.166702271, 178.538223267, 178.909744263, 179.281265259, 179.652786255, 180.012695313, 180.360992432, 180.697677612, 181.04598999, 181.394287109, 181.742584229, 182.079269409, 182.41595459, 182.764266968, 183.112564087, 183.460861206, 183.809158325, 184.145843506, 184.482528687, 184.830841064, 185.167526245, 185.504211426, 185.852508545, 186.200805664, 186.537506104, 186.885803223, 187.222488403, 187.570785522, 187.907485962, 188.244171143, 188.592468262, 188.940765381, 189.277450562, 189.614151001, 189.96244812, 190.310745239, 190.64743042, 190.984130859, 191.32081604, 191.657501221, 192.00579834, 192.354095459, 192.702392578, 193.050704956, 193.387390137, 193.724075317, 194.072372437, 194.420669556, 194.768981934, 195.105667114, 195.442352295, 195.790649414, 196.138946533, 196.475646973, 196.812332153, 197.160629272, 197.508926392, 197.845626831, 198.182312012, 198.530609131, 198.87890625, 199.215591431, 199.55229187, 199.900588989, 200.248886108, 200.597183228, 200.945480347, 201.282180786, 201.618865967, 201.967163086, 202.303848267, 202.652145386, 202.988845825, 203.337142944, 203.685440063, 204.033737183, 204.358810425, 204.707122803, 205.055419922, 205.392105103, 205.728790283, 206.077087402, 206.42539978, 206.796905518, 207.168426514, 207.53994751, 207.911468506, 208.29460144, 208.677734375]
