
metadata:
    version:
        essentia: "2.1-beta2"
    audio_properties:
        analysis_sample_rate: 44100
        bitrate: 320
        channels: 2
        equal_loudness: 1
        length: 167.862854004
        replay_gain: -13.7752761841
        downmix: "mix"
    tags:
        album: "This War Is Ours"
        artist: "Escape The Fate"
        comment: ""
        date: "2008"
        genre: "Alternative"
        title: "You Are So Beautiful"
        tracknumber: "7"

configuration:
    average_loudness:
        compute: 1
        frameSize: 88200
        hopSize: 44100
        silentFrames: "noise"
        windowType: "hann"
    general:
        analysisSampleRate: 44100
        endTime: 2000
        equalLoudness: 1
        nequalLoudness: 0
        shortSound: 0
        startTime: 0
    lowlevel:
        compute: 1
        frameSize: 2048
        hopSize: 1024
        zeroPadding: 0
        silentFrames: "noise"
        windowType: "blackmanharris62"
        mfccStats: ["mean", "cov", "icov"]
        stats: ["mean", "var", "median", "min", "max", "dmean", "dmean2", "dvar", "dvar2"]
    panning:
        compute: 0
        frameSize: 8192
        hopSize: 2048
        zeroPadding: 8192
        silentFrames: "noise"
        windowType: "hann"
        stats: ["copy"]
    rhythm:
        compute: 1
        maxTempo: 208
        minTempo: 40
        method: "degara"
        stats: ["mean", "var", "median", "min", "max", "dmean", "dmean2", "dvar", "dvar2"]
    segmentation:
        compute: 0
        cpw: 5
        inc1: 300
        inc2: 50
        minimumSegmentsLength: 10
        size1: 1000
        size2: 600
    sfx:
        compute: 1
        stats: ["mean", "var", "median", "min", "max", "dmean", "dmean2", "dvar", "dvar2"]
    svm:
        compute: 0
    tonal:
        compute: 1
        frameSize: 4096
        hopSize: 2048
        zeroPadding: 0
        silentFrames: "noise"
        windowType: "blackmanharris62"
        stats: ["mean", "var", "median", "min", "max", "dmean", "dmean2", "dvar", "dvar2"]

lowlevel:
    average_loudness: 0.942902028561
    barkbands_kurtosis:
        dmean: 0.867806255817
        dmean2: 1.40676951408
        dvar: 3.66676092148
        dvar2: 8.78645420074
        max: 55.9013557434
        mean: -0.165309965611
        median: -0.823484361172
        min: -1.87239289284
        var: 6.71386051178
    barkbands_skewness:
        dmean: 0.400832563639
        dmean2: 0.626815199852
        dvar: 0.162155359983
        dvar2: 0.388196319342
        max: 7.11561536789
        mean: -0.310743272305
        median: -0.352073311806
        min: -4.23253250122
        var: 0.759282946587
    barkbands_spread:
        dmean: 5.25813674927
        dmean2: 8.2876329422
        dvar: 27.1906051636
        dvar2: 62.6440086365
        max: 73.5291137695
        mean: 29.2677993774
        median: 27.9415016174
        min: 1.25225961208
        var: 116.655387878
    dissonance:
        dmean: 0.012586792931
        dmean2: 0.0213224347681
        dvar: 0.000193430663785
        dvar2: 0.000531253346708
        max: 0.500000119209
        mean: 0.480107009411
        median: 0.486006915569
        min: 0.294779717922
        var: 0.000371747853933
    hfc:
        dmean: 3.13380980492
        dmean2: 5.20783615112
        dvar: 17.9854335785
        dvar2: 47.5778808594
        max: 53.2289962769
        mean: 10.6623601913
        median: 10.3226318359
        min: 1.18513607432e-016
        var: 43.1192817688
    pitch:
        dmean: 667.877258301
        dmean2: 1270.17480469
        dvar: 1405296.625
        dvar2: 3388315.25
        max: 4966.45800781
        mean: 1573.39855957
        median: 394.81262207
        min: 48.4935531616
        var: 2591554
    pitch_instantaneous_confidence:
        dmean: 0.0870569944382
        dmean2: 0.14212860167
        dvar: 0.00591087620705
        dvar2: 0.0142414811999
        max: 0.960901081562
        mean: 0.421685755253
        median: 0.399973750114
        min: 0.105954825878
        var: 0.0228454079479
    pitch_salience:
        dmean: 0.0615447871387
        dmean2: 0.101563446224
        dvar: 0.00315035227686
        dvar2: 0.00836743414402
        max: 0.95464605093
        mean: 0.661644458771
        median: 0.679261863232
        min: 0.125140607357
        var: 0.00945741590112
    silence_rate_20dB:
        dmean: 0
        dmean2: 0
        dvar: 0
        dvar2: 0
        max: 1
        mean: 1
        median: 1
        min: 1
        var: 0
    silence_rate_30dB:
        dmean: 0
        dmean2: 0
        dvar: 0
        dvar2: 0
        max: 1
        mean: 1
        median: 1
        min: 1
        var: 0
    silence_rate_60dB:
        dmean: 0.0727524235845
        dmean2: 0.145524963737
        dvar: 0.0674518942833
        dvar2: 0.146197363734
        max: 1
        mean: 0.218918547034
        median: 0
        min: 0
        var: 0.170995056629
    spectral_centroid:
        dmean: 283.077392578
        dmean2: 447.935913086
        dvar: 102648.21875
        dvar2: 217637.96875
        max: 11477.8896484
        mean: 2061.30151367
        median: 2074.73291016
        min: 135.542724609
        var: 428418.90625
    spectral_complexity:
        dmean: 4.3668050766
        dmean2: 7.23945236206
        dvar: 20.9924678802
        dvar2: 53.9749298096
        max: 47
        mean: 17.3630199432
        median: 18
        min: 0
        var: 92.3031463623
    spectral_crest:
        dmean: 2.04336833954
        dmean2: 3.40757083893
        dvar: 3.57122755051
        dvar2: 9.41068077087
        max: 21.9206676483
        mean: 7.24108171463
        median: 6.46602058411
        min: 2.31024479866
        var: 8.53982830048
    spectral_decrease:
        dmean: 2.86791229653e-010
        dmean2: 4.69163374817e-010
        dvar: 1.27042935045e-019
        dvar2: 3.18276326394e-019
        max: 1.13674740887e-028
        mean: -1.08726028181e-009
        median: -1.06556952151e-009
        min: -4.00107635912e-009
        var: 3.56643806638e-019
    spectral_energy:
        dmean: 0.00132409331854
        dmean2: 0.00217570504174
        dvar: 2.76313744507e-006
        dvar2: 6.99162183082e-006
        max: 0.0176995526999
        mean: 0.00507066072896
        median: 0.00497913174331
        min: 1.03932214741e-020
        var: 7.70540100348e-006
    spectral_energyband_high:
        dmean: 0.000245306902798
        dmean2: 0.000416278431658
        dvar: 1.37481762863e-007
        dvar2: 3.68817069329e-007
        max: 0.0050600413233
        mean: 0.000583768123761
        median: 0.000499475398101
        min: 7.26724858596e-021
        var: 2.30353620623e-007
    spectral_energyband_low:
        dmean: 0.000120063217764
        dmean2: 0.000203568648431
        dvar: 3.00531262099e-008
        dvar2: 8.27158217476e-008
        max: 0.00238689943217
        mean: 0.000220046495087
        median: 0.000160386814969
        min: 4.2148333295e-023
        var: 4.92507972183e-008
    spectral_energyband_middle_high:
        dmean: 0.000854716170579
        dmean2: 0.00137608556543
        dvar: 1.02657043044e-006
        dvar2: 2.57233023149e-006
        max: 0.0131622133777
        mean: 0.00299819256179
        median: 0.00286986865103
        min: 1.50750546535e-021
        var: 3.67228926734e-006
    spectral_energyband_middle_low:
        dmean: 0.000654879957438
        dmean2: 0.00105291372165
        dvar: 9.03748002656e-007
        dvar2: 2.26132419812e-006
        max: 0.00915303174406
        mean: 0.00144480238669
        median: 0.00104010431096
        min: 2.37944834283e-022
        var: 1.77349511432e-006
    spectral_flatness_db:
        dmean: 0.0146882440895
        dmean2: 0.0231640283018
        dvar: 0.000211007485632
        dvar2: 0.000481801835122
        max: 0.352797955275
        mean: 0.143176779151
        median: 0.13431468606
        min: 0.058119378984
        var: 0.00156991719268
    spectral_flux:
        dmean: 0.00837273895741
        dmean2: 0.0130872223526
        dvar: 8.87553906068e-005
        dvar2: 0.000186155943084
        max: 0.107252269983
        mean: 0.0432619489729
        median: 0.0431834571064
        min: 1.01947152109e-010
        var: 0.000307379494188
    spectral_kurtosis:
        dmean: 0.884256899357
        dmean2: 1.47453558445
        dvar: 1.91099607944
        dvar2: 5.19658184052
        max: 72.222618103
        mean: 3.52647995949
        median: 2.81542396545
        min: -1.19553458691
        var: 19.1349201202
    spectral_rms:
        dmean: 0.000282177963527
        dmean2: 0.000456124631455
        dvar: 1.07564346763e-007
        dvar2: 2.57542325244e-007
        max: 0.0041554607451
        mean: 0.00210065580904
        median: 0.00220401654951
        min: 3.18429397433e-012
        var: 5.34240314209e-007
    spectral_rolloff:
        dmean: 331.322845459
        dmean2: 540.276428223
        dvar: 242058.109375
        dvar2: 477237.125
        max: 19293.75
        mean: 3592.06811523
        median: 3682.17773438
        min: 107.666015625
        var: 777991.3125
    spectral_skewness:
        dmean: 0.143185034394
        dmean2: 0.232632815838
        dvar: 0.025964429602
        dvar2: 0.0592303834856
        max: 6.83080053329
        mean: 1.28325664997
        median: 1.20641934872
        min: -0.0516473427415
        var: 0.292269825935
    spectral_spread:
        dmean: 443975
        dmean2: 639487.875
        dvar: 581427986432
        dvar2: 834043248640
        max: 40922900
        mean: 4865451
        median: 4654178.5
        min: 1160276.5
        var: 2.20555902976e+012
    spectral_strongpeak:
        dmean: 0.581763982773
        dmean2: 0.988752007484
        dvar: 0.588286459446
        dvar2: 1.50101268291
        max: 7.7099442482
        mean: 0.992259681225
        median: 0.704412937164
        min: 2.30878116625e-009
        var: 1.03036725521
    zerocrossingrate:
        dmean: 0.00865351874381
        dmean2: 0.0102632278576
        dvar: 9.61815894698e-005
        dvar2: 0.000115655719128
        max: 0.5068359375
        mean: 0.111219070852
        median: 0.11279296875
        min: 0.0078125
        var: 0.000859926163685
    barkbands:
        dmean: [5.52355686523e-007, 5.25015384483e-005, 6.81398887536e-005, 9.38142620726e-005, 0.000262803776423, 0.000146666905493, 7.49617465772e-005, 7.67218371038e-005, 0.000194900465431, 0.000186116551049, 8.58851126395e-005, 9.529235831e-005, 7.71154082031e-005, 0.000110166147351, 0.000124972706544, 0.000118217009003, 0.000132736415253, 0.000252344238106, 0.000318228150718, 0.000221756505198, 0.000120136348414, 4.5863995183e-005, 1.00417391877e-005, 3.39718781106e-006, 2.24466566578e-006, 9.6138172978e-008, 6.36052710501e-010]
        dmean2: [9.68186554928e-007, 9.08418151084e-005, 0.000116641364002, 0.000155090456246, 0.000456902489532, 0.000240377426962, 0.000125860460685, 0.000124538011733, 0.000303036620608, 0.000276581064099, 0.000132048662635, 0.000152184002218, 0.000121963799756, 0.000172945001395, 0.000198649941012, 0.000192867737496, 0.000219671826926, 0.000412012828747, 0.000534792256076, 0.000380806362955, 0.000206371580134, 7.77389141149e-005, 1.63103049999e-005, 5.25504492543e-006, 3.52108827428e-006, 1.47925291571e-007, 1.06438735603e-009]
        dvar: [1.54161644388e-012, 8.00351607211e-009, 1.15484599661e-008, 2.84453189892e-008, 4.02768961294e-007, 6.28626253274e-008, 4.25473203336e-008, 3.54594575924e-008, 1.47955844909e-007, 1.61649921893e-007, 3.19130215587e-008, 3.24809832364e-008, 3.32128315961e-008, 4.64257468025e-008, 7.03969433857e-008, 5.19959080236e-008, 4.69235246214e-008, 1.67358194858e-007, 1.71862808429e-007, 1.03830267051e-007, 3.18461808035e-008, 5.8768194755e-009, 5.2992421562e-010, 9.57855461614e-011, 6.10308539817e-011, 6.91679108737e-014, 1.74285797012e-018]
        dvar2: [4.12850352863e-012, 2.232105345e-008, 3.23992424001e-008, 7.17165633546e-008, 1.11591793939e-006, 1.48176738435e-007, 1.1029626279e-007, 8.46229610829e-008, 3.08303299335e-007, 3.37217983315e-007, 6.75555327234e-008, 7.63458274378e-008, 7.28288469531e-008, 1.03461857748e-007, 1.60687491757e-007, 1.24636400756e-007, 1.14225045422e-007, 4.12744668665e-007, 4.45541331828e-007, 2.80386103668e-007, 8.56640411939e-008, 1.55364894283e-008, 1.14789222572e-009, 2.0009485735e-010, 1.44735501362e-010, 1.50815097173e-013, 4.33748077419e-018]
        max: [1.14316344479e-005, 0.000733298948035, 0.00145145459101, 0.00175199483056, 0.00553627731279, 0.00467871734872, 0.00444032438099, 0.00372981559485, 0.00699167745188, 0.00790507439524, 0.00481969164684, 0.00428312597796, 0.00417892402038, 0.00349951931275, 0.00410128198564, 0.00424271868542, 0.00546869123355, 0.00870434008539, 0.00674730492756, 0.00485397735611, 0.00293352664448, 0.00123672222253, 0.000628206413239, 0.000279334461084, 0.000254656362813, 7.73037027102e-006, 2.17346727283e-008]
        mean: [5.3123642374e-007, 7.10173408152e-005, 0.000101115874713, 0.000118548057799, 0.000300019339193, 0.000234534658375, 8.91267918632e-005, 0.000115246868518, 0.000332503666868, 0.000391883251723, 0.000170502404217, 0.000167785183294, 0.000129908759845, 0.000178831847734, 0.000198891182663, 0.000209973237361, 0.000251913326792, 0.000464748416562, 0.000702369317878, 0.000471126055345, 0.000252668920439, 8.98202342796e-005, 1.76269859367e-005, 6.37776975054e-006, 3.45001672031e-006, 1.5896969785e-007, 9.13860931373e-010]
        median: [6.2027190495e-008, 4.63062460767e-005, 6.09937269473e-005, 5.04232739331e-005, 0.000136758957524, 0.000123380552395, 3.77907308575e-005, 3.61893726222e-005, 0.000118899530207, 7.54200882511e-005, 4.55495901406e-005, 8.05966774351e-005, 5.43298265256e-005, 7.06035207259e-005, 8.6546089733e-005, 0.000121801407658, 0.000171851919731, 0.000279149360722, 0.000588876719121, 0.000396627845475, 0.000205285527045, 6.9427282142e-005, 1.14533067972e-005, 3.97364055971e-006, 1.580667913e-006, 6.38271657749e-008, 3.91091353746e-010]
        min: [7.2559773161e-024, 1.08774768043e-023, 1.15782653338e-023, 2.48422317588e-024, 2.46950823787e-023, 2.02485937335e-023, 2.34208574466e-023, 4.75313307856e-023, 5.25445229056e-023, 3.82841833477e-023, 7.62514150055e-023, 4.44605540279e-023, 5.59797975777e-023, 5.7242202218e-023, 1.56490591307e-022, 1.68445128304e-022, 9.87089470691e-023, 1.76972512741e-022, 2.58953954616e-022, 2.90009325861e-022, 2.28223392114e-022, 3.90954693597e-022, 5.72069660101e-022, 8.64941225763e-022, 1.12898733432e-021, 1.60540933885e-021, 2.5205075779e-021]
        var: [1.37741294065e-012, 7.83517606351e-009, 1.7005728381e-008, 3.58585054983e-008, 3.26384167693e-007, 1.21024243072e-007, 3.85801683933e-008, 6.34575343383e-008, 3.8210856701e-007, 6.99817348959e-007, 1.48345776552e-007, 6.7843728857e-008, 6.44532818228e-008, 9.27534671291e-008, 1.31182304131e-007, 9.45647116168e-008, 1.01181619527e-007, 3.2282125062e-007, 3.42992080959e-007, 1.59214621931e-007, 5.46324656625e-008, 8.00646127175e-009, 8.09030287208e-010, 1.51630347167e-010, 7.38104369291e-011, 1.19352200649e-013, 2.62079893455e-018]
    frequency_bands:
        dmean: [5.52355686523e-007, 5.25015384483e-005, 6.81398887536e-005, 9.38142620726e-005, 0.000262803776423, 0.000146666905493, 7.49617465772e-005, 7.67218371038e-005, 0.000194900465431, 0.000186116551049, 8.58851126395e-005, 9.529235831e-005, 7.71154082031e-005, 0.000110166147351, 0.000124972706544, 0.000118217009003, 0.000132736415253, 0.000252344238106, 0.000318228150718, 0.000221756505198, 0.000120136348414, 4.5863995183e-005, 1.00417391877e-005, 3.39718781106e-006, 2.24466566578e-006, 9.6138172978e-008, 6.36052710501e-010, 6.27410207121e-011]
        dmean2: [9.68186554928e-007, 9.08418151084e-005, 0.000116641364002, 0.000155090456246, 0.000456902489532, 0.000240377426962, 0.000125860460685, 0.000124538011733, 0.000303036620608, 0.000276581064099, 0.000132048662635, 0.000152184002218, 0.000121963799756, 0.000172945001395, 0.000198649941012, 0.000192867737496, 0.000219671826926, 0.000412012828747, 0.000534792256076, 0.000380806362955, 0.000206371580134, 7.77389141149e-005, 1.63103049999e-005, 5.25504492543e-006, 3.52108827428e-006, 1.47925291571e-007, 1.06438735603e-009, 1.16803983152e-010]
        dvar: [1.54161644388e-012, 8.00351607211e-009, 1.15484599661e-008, 2.84453189892e-008, 4.02768961294e-007, 6.28626253274e-008, 4.25473203336e-008, 3.54594575924e-008, 1.47955844909e-007, 1.61649921893e-007, 3.19130215587e-008, 3.24809832364e-008, 3.32128315961e-008, 4.64257468025e-008, 7.03969433857e-008, 5.19959080236e-008, 4.69235246214e-008, 1.67358194858e-007, 1.71862808429e-007, 1.03830267051e-007, 3.18461808035e-008, 5.8768194755e-009, 5.2992421562e-010, 9.57855461614e-011, 6.10308539817e-011, 6.91679108737e-014, 1.74285797012e-018, 8.48508382204e-021]
        dvar2: [4.12850352863e-012, 2.232105345e-008, 3.23992424001e-008, 7.17165633546e-008, 1.11591793939e-006, 1.48176738435e-007, 1.1029626279e-007, 8.46229610829e-008, 3.08303299335e-007, 3.37217983315e-007, 6.75555327234e-008, 7.63458274378e-008, 7.28288469531e-008, 1.03461857748e-007, 1.60687491757e-007, 1.24636400756e-007, 1.14225045422e-007, 4.12744668665e-007, 4.45541331828e-007, 2.80386103668e-007, 8.56640411939e-008, 1.55364894283e-008, 1.14789222572e-009, 2.0009485735e-010, 1.44735501362e-010, 1.50815097173e-013, 4.33748077419e-018, 2.7260632122e-020]
        max: [1.14316344479e-005, 0.000733298948035, 0.00145145459101, 0.00175199483056, 0.00553627731279, 0.00467871734872, 0.00444032438099, 0.00372981559485, 0.00699167745188, 0.00790507439524, 0.00481969164684, 0.00428312597796, 0.00417892402038, 0.00349951931275, 0.00410128198564, 0.00424271868542, 0.00546869123355, 0.00870434008539, 0.00674730492756, 0.00485397735611, 0.00293352664448, 0.00123672222253, 0.000628206413239, 0.000279334461084, 0.000254656362813, 7.73037027102e-006, 2.17346727283e-008, 8.84306017301e-010]
        mean: [5.3123642374e-007, 7.10173408152e-005, 0.000101115874713, 0.000118548057799, 0.000300019339193, 0.000234534658375, 8.91267918632e-005, 0.000115246868518, 0.000332503666868, 0.000391883251723, 0.000170502404217, 0.000167785183294, 0.000129908759845, 0.000178831847734, 0.000198891182663, 0.000209973237361, 0.000251913326792, 0.000464748416562, 0.000702369317878, 0.000471126055345, 0.000252668920439, 8.98202342796e-005, 1.76269859367e-005, 6.37776975054e-006, 3.45001672031e-006, 1.5896969785e-007, 9.13860931373e-010, 4.81915583828e-011]
        median: [6.2027190495e-008, 4.63062460767e-005, 6.09937269473e-005, 5.04232739331e-005, 0.000136758957524, 0.000123380552395, 3.77907308575e-005, 3.61893726222e-005, 0.000118899530207, 7.54200882511e-005, 4.55495901406e-005, 8.05966774351e-005, 5.43298265256e-005, 7.06035207259e-005, 8.6546089733e-005, 0.000121801407658, 0.000171851919731, 0.000279149360722, 0.000588876719121, 0.000396627845475, 0.000205285527045, 6.9427282142e-005, 1.14533067972e-005, 3.97364055971e-006, 1.580667913e-006, 6.38271657749e-008, 3.91091353746e-010, 1.72793029884e-011]
        min: [7.2559773161e-024, 1.08774768043e-023, 1.15782653338e-023, 2.48422317588e-024, 2.46950823787e-023, 2.02485937335e-023, 2.34208574466e-023, 4.75313307856e-023, 5.25445229056e-023, 3.82841833477e-023, 7.62514150055e-023, 4.44605540279e-023, 5.59797975777e-023, 5.7242202218e-023, 1.56490591307e-022, 1.68445128304e-022, 9.87089470691e-023, 1.76972512741e-022, 2.58953954616e-022, 2.90009325861e-022, 2.28223392114e-022, 3.90954693597e-022, 5.72069660101e-022, 8.64941225763e-022, 1.12898733432e-021, 1.60540933885e-021, 2.5205075779e-021, 6.37981525709e-022]
        var: [1.37741294065e-012, 7.83517606351e-009, 1.7005728381e-008, 3.58585054983e-008, 3.26384167693e-007, 1.21024243072e-007, 3.85801683933e-008, 6.34575343383e-008, 3.8210856701e-007, 6.99817348959e-007, 1.48345776552e-007, 6.7843728857e-008, 6.44532818228e-008, 9.27534671291e-008, 1.31182304131e-007, 9.45647116168e-008, 1.01181619527e-007, 3.2282125062e-007, 3.42992080959e-007, 1.59214621931e-007, 5.46324656625e-008, 8.00646127175e-009, 8.09030287208e-010, 1.51630347167e-010, 7.38104369291e-011, 1.19352200649e-013, 2.62079893455e-018, 6.58454306455e-021]
    mfcc:
        mean: [-704.058044434, 81.2034912109, -51.3655471802, 47.8285560608, -20.36677742, -0.834981262684, 2.68681311607, -0.724798738956, -2.40787625313, -3.84499335289, -3.66582918167, -8.40653800964, -5.62067651749]
        cov: [[8778.04199219, 772.379760742, -821.437683105, 872.949035645, -423.832366943, -64.86378479, -151.586502075, -110.694923401, -5.41893768311, 30.3678035736, -86.972038269, -126.81035614, -120.446029663], [772.379760742, 794.853515625, -92.7327575684, 235.152008057, -8.94157600403, 99.8598556519, 107.367538452, 18.1466693878, 37.6546783447, 5.59564256668, -0.0507681444287, 3.78276062012, 20.5788402557], [-821.437683105, -92.7327575684, 520.142333984, 43.3497200012, 160.423736572, 58.32056427, 45.0472450256, 0.0315580666065, 4.48156023026, 4.06838130951, -15.1708087921, 41.5872840881, 28.8945560455], [872.949035645, 235.152008057, 43.3497200012, 441.918029785, 94.0448150635, 33.7505111694, -22.5394954681, -28.987285614, 46.2854957581, 10.3649997711, -16.0953788757, 19.5014896393, 30.9227867126], [-423.832366943, -8.94157600403, 160.423736572, 94.0448150635, 220.230911255, 39.5865936279, -14.6630306244, -13.7121553421, 28.5399951935, 13.3090305328, -5.82480430603, 32.2735366821, 27.4676094055], [-64.86378479, 99.8598556519, 58.32056427, 33.7505111694, 39.5865936279, 169.000045776, 111.736160278, 21.3906879425, 3.2270014286, 19.1427249908, -1.60364282131, 7.42988729477, 24.9747714996], [-151.586502075, 107.367538452, 45.0472450256, -22.5394954681, -14.6630306244, 111.736160278, 197.907485962, 64.5479660034, 21.6011238098, 15.7884950638, 4.64393520355, 2.32948279381, 20.346075058], [-110.694923401, 18.1466693878, 0.0315580666065, -28.987285614, -13.7121553421, 21.3906879425, 64.5479660034, 107.734909058, 48.3820571899, 27.6744689941, 9.07346820831, 1.55960202217, -1.90840220451], [-5.41893768311, 37.6546783447, 4.48156023026, 46.2854957581, 28.5399951935, 3.2270014286, 21.6011238098, 48.3820571899, 116.326423645, 54.4428939819, 10.3167486191, 11.7838144302, 6.03040885925], [30.3678035736, 5.59564256668, 4.06838130951, 10.3649997711, 13.3090305328, 19.1427249908, 15.7884950638, 27.6744689941, 54.4428939819, 89.9296188354, 26.8903980255, 8.6557226181, -1.55205917358], [-86.972038269, -0.0507681444287, -15.1708087921, -16.0953788757, -5.82480430603, -1.60364282131, 4.64393520355, 9.07346820831, 10.3167486191, 26.8903980255, 71.9180145264, 24.1172637939, 4.03691101074], [-126.81035614, 3.78276062012, 41.5872840881, 19.5014896393, 32.2735366821, 7.42988729477, 2.32948279381, 1.55960202217, 11.7838144302, 8.6557226181, 24.1172637939, 80.2601623535, 45.6483192444], [-120.446029663, 20.5788402557, 28.8945560455, 30.9227867126, 27.4676094055, 24.9747714996, 20.346075058, -1.90840220451, 6.03040885925, -1.55205917358, 4.03691101074, 45.6483192444, 84.7084350586]]
        icov: [[0.000231955986237, -4.26349870395e-005, 0.000249750068178, -0.000570075935684, 0.000506518001202, -4.56860252598e-005, 7.66131197452e-005, 0.000101725592685, 0.000178277899977, -0.000325787113979, 0.00033913156949, -9.75483853836e-005, 0.000313949101837], [-4.26349870395e-005, 0.00184195383918, 0.000443921016995, -0.000956607167609, 0.000124997037346, -0.000525613257196, -0.0010015477892, 0.000155524816364, -0.000336327211699, 0.000500022666529, -0.000219115783693, -0.000170434243046, 0.000183576587006], [0.000249750068178, 0.000443921016995, 0.00309293391183, -0.000799071392976, -0.00142106867861, -2.67968734988e-005, -0.00113699538633, 0.000187889090739, 0.000754904001951, -0.000468770042062, 0.00116965547204, -0.00130773661658, 0.000816629384644], [-0.000570075935684, -0.000956607167609, -0.000799071392976, 0.00481435796246, -0.00209538894705, -0.000436396192526, 0.000953337352257, 0.000735314155463, -0.00192222034093, 0.000911276612896, -0.000201755872695, 0.000311481329845, -0.00147209956776], [0.000506518001202, 0.000124997037346, -0.00142106867861, -0.00209538894705, 0.0085871303454, -0.00253629940562, 0.00236386992037, 0.000950364570599, -0.00176154763903, -0.000431651395047, 0.00107716070488, -0.00137777940836, 0.000165081190062], [-4.56860252598e-005, -0.000525613257196, -2.67968734988e-005, -0.000436396192526, -0.00253629940562, 0.011853273958, -0.00685883127153, 0.000704737321939, 0.00308482302353, -0.00328579009511, 0.000910622999072, 0.000626538938377, -0.00143867451698], [7.66131197452e-005, -0.0010015477892, -0.00113699538633, 0.000953337352257, 0.00236386992037, -0.00685883127153, 0.0118205063045, -0.00469101127237, -0.00118543952703, 0.0012230060529, -0.00066801084904, 0.00124004739337, -0.00182669295464], [0.000101725592685, 0.000155524816364, 0.000187889090739, 0.000735314155463, 0.000950364570599, 0.000704737321939, -0.00469101127237, 0.0151244373992, -0.00568292243406, -0.000743249373045, 4.84378615511e-005, -0.000665711762849, 0.00147325510625], [0.000178277899977, -0.000336327211699, 0.000754904001951, -0.00192222034093, -0.00176154763903, 0.00308482302353, -0.00118543952703, -0.00568292243406, 0.0163917765021, -0.00869702920318, 0.00188725476619, -0.000907399458811, -0.00032944130362], [-0.000325787113979, 0.000500022666529, -0.000468770042062, 0.000911276612896, -0.000431651395047, -0.00328579009511, 0.0012230060529, -0.000743249373045, -0.00869702920318, 0.0190677437931, -0.00649747112766, 0.000522938964423, 0.00103710894473], [0.00033913156949, -0.000219115783693, 0.00116965547204, -0.000201755872695, 0.00107716070488, 0.000910622999072, -0.00066801084904, 4.84378615511e-005, 0.00188725476619, -0.00649747112766, 0.0191100165248, -0.00724797602743, 0.0024956157431], [-9.75483853836e-005, -0.000170434243046, -0.00130773661658, 0.000311481329845, -0.00137777940836, 0.000626538938377, 0.00124004739337, -0.000665711762849, -0.000907399458811, 0.000522938964423, -0.00724797602743, 0.0220612548292, -0.0112846782431], [0.000313949101837, 0.000183576587006, 0.000816629384644, -0.00147209956776, 0.000165081190062, -0.00143867451698, -0.00182669295464, 0.00147325510625, -0.00032944130362, 0.00103710894473, 0.0024956157431, -0.0112846782431, 0.0193131119013]]
    sccoeffs:
        dmean: [0.0544998385012, 0.049341712147, 0.0404163077474, 0.0314196236432, 0.0204766504467, 0.0176562014967]
        dmean2: [0.0893551334739, 0.0807027742267, 0.0652799084783, 0.0507225655019, 0.0336389690638, 0.0283038839698]
        dvar: [0.00225233007222, 0.00164465117268, 0.00114130915608, 0.000717133050784, 0.000314268691, 0.000280906853732]
        dvar2: [0.00568889267743, 0.00412320811301, 0.00277735362761, 0.00168359593954, 0.000778073619585, 0.000667960674036]
        max: [-0.274208188057, -0.381299614906, -0.395338982344, -0.529074251652, -0.557738542557, -0.566577017307]
        mean: [-0.689977884293, -0.75601875782, -0.762530386448, -0.778645813465, -0.796856641769, -0.736443340778]
        median: [-0.696953356266, -0.767690002918, -0.778347730637, -0.784180164337, -0.797232627869, -0.731702804565]
        min: [-0.969330430031, -0.969894528389, -0.971676290035, -0.971933186054, -0.960002362728, -0.959594190121]
        var: [0.00671193795279, 0.0064832395874, 0.00711769564077, 0.0033518448472, 0.00161359074991, 0.00216157431714]
    scvalleys:
        dmean: [0.380044490099, 0.383359849453, 0.31186658144, 0.26285213232, 0.228946372867, 0.26280477643]
        dmean2: [0.622908532619, 0.63081163168, 0.51090502739, 0.426335930824, 0.365342438221, 0.391597718]
        dvar: [0.111936308444, 0.129184409976, 0.0929843857884, 0.0788669586182, 0.0892803966999, 0.122631683946]
        dvar2: [0.256980031729, 0.292744964361, 0.194135755301, 0.150941550732, 0.165020674467, 0.240588143468]
        max: [-5.45488500595, -4.8496799469, -5.06226015091, -5.58322668076, -5.43164157867, -7.082447052]
        mean: [-7.31461715698, -6.96217012405, -7.05041027069, -7.22351026535, -6.9276676178, -9.55341815948]
        median: [-6.85295963287, -6.6565694809, -6.82817840576, -6.94666957855, -6.55392837524, -9.21854400635]
        min: [-27.2261619568, -27.485824585, -27.3685951233, -27.3175411224, -27.3622055054, -27.3113536835]
        var: [3.22886300087, 2.29526805878, 1.72490668297, 1.90154778957, 2.37982010841, 2.28871011734]

rhythm:
    beats_loudness:
        dmean: 0.00260385265574
        dmean2: 0.00470969639719
        dvar: 5.84163126405e-006
        dvar2: 1.99189435079e-005
        max: 0.0167073439807
        mean: 0.00596488174051
        median: 0.00605902913958
        min: 7.19929844906e-012
        var: 9.22700564843e-006
    bpm: 94.5615081787
    bpm_confidence: 0
    first_peak_bpm: 96
    first_peak_spread: 0.580246865749
    first_peak_weight: 0.257575750351
    onset_rate: 2.75820422173
    second_peak_bpm: 91
    second_peak_spread: 0.44927534461
    second_peak_weight: 0.143939390779
    beats_loudness_band_ratio:
        dmean: [0.124740935862, 0.0996609628201, 0.0934582799673, 0.107616238296, 0.118637487292, 0.107057206333]
        dmean2: [0.228605553508, 0.17986689508, 0.165446802974, 0.187902897596, 0.211644724011, 0.187997922301]
        dvar: [0.0135984262452, 0.00624759076163, 0.00949789397418, 0.0144933145493, 0.0107781197876, 0.0084763430059]
        dvar2: [0.0326758436859, 0.0183130260557, 0.0277844034135, 0.0315444394946, 0.0302746854722, 0.0233019981533]
        max: [0.683136880398, 0.518176436424, 0.50687623024, 0.909939587116, 0.649043917656, 0.711370646954]
        mean: [0.200732067227, 0.160478547215, 0.115396246314, 0.136208251119, 0.214833199978, 0.260745763779]
        median: [0.18457300961, 0.154031574726, 0.0758149772882, 0.081146761775, 0.180399864912, 0.238215044141]
        min: [0, 0, 0, 0, 0, 0]
        var: [0.0225146822631, 0.0117148794234, 0.0102346790954, 0.0208465438336, 0.0136251915246, 0.0142499739304]
    beats_position: [0.638548731804, 1.28870749474, 1.93886613846, 2.56580495834, 3.20435357094, 3.83129239082, 4.46984100342, 5.0967798233, 5.73532867432, 6.37387752533, 7.02403593063, 7.6858048439, 8.34757328033, 9.0093421936, 9.65950107574, 10.3096599579, 10.95981884, 11.6215867996, 12.294965744, 12.9799547195, 13.6301136017, 14.2570514679, 14.8956003189, 15.5341491699, 16.1610889435, 16.7880268097, 17.4149665833, 18.0419044495, 18.6804523468, 19.3190021515, 19.9459400177, 20.5728797913, 21.2114276886, 21.8499774933, 22.4769153595, 23.1038551331, 23.7307929993, 24.369342804, 25.0078907013, 25.6348285675, 26.2617683411, 26.9119262695, 27.5620861053, 28.2122440338, 28.8740139008, 29.5357818604, 30.2091598511, 30.8825397491, 31.5559177399, 32.2292976379, 32.8794555664, 33.5063934326, 34.1449432373, 34.7602729797, 35.4104309082, 36.0489807129, 36.6875267029, 37.3144645691, 37.94140625, 38.57995224, 39.2185020447, 39.8454399109, 40.4723815918, 41.099319458, 41.7262573242, 42.3531951904, 42.9917449951, 43.6302947998, 44.257232666, 44.8841705322, 45.5111083984, 46.1380500793, 46.7649879456, 47.3919258118, 48.0420837402, 48.6806335449, 49.3191833496, 49.9577331543, 50.6194992065, 51.269657135, 51.931427002, 52.5931968689, 53.2549667358, 53.9167327881, 54.578502655, 55.240272522, 55.9020385742, 56.5638084412, 57.1907463074, 57.8176841736, 58.4678459167, 59.1063919067, 59.7449417114, 60.3718795776, 60.9988212585, 61.6257591248, 62.2643089294, 62.9028549194, 63.5297966003, 64.1567306519, 64.7836685181, 65.4222183228, 66.0607681274, 66.6877059937, 67.3146438599, 67.9415893555, 68.5685272217, 69.2070770264, 69.8456192017, 70.4725646973, 71.1111068726, 71.7612686157, 72.423034668, 73.0731964111, 73.7349624634, 74.396736145, 75.0468902588, 75.7086639404, 76.3704299927, 77.0321960449, 77.6939697266, 78.3557357788, 78.9942855835, 79.6328353882, 80.2597732544, 80.8983230591, 81.5368728638, 82.1754150391, 82.8023605347, 83.4292984009, 84.0562362671, 84.6831741333, 85.3101119995, 85.9370498657, 86.5639877319, 87.2025375366, 87.8178634644, 88.4680252075, 89.0949630737, 89.7335128784, 90.3488388062, 90.9990005493, 91.637550354, 92.2761001587, 92.9030380249, 93.5299758911, 94.1569137573, 94.7838516235, 95.4107894897, 96.037727356, 96.6646728516, 97.2916107178, 97.918548584, 98.5919265747, 99.2653045654, 99.9386825562, 100.612060547, 101.273826599, 101.935600281, 102.597366333, 103.270744324, 103.932518005, 104.605895996, 105.25605011, 105.766891479, 106.277732849, 106.788566589, 107.299407959, 107.810249329, 108.332695007, 108.866752625, 109.389205933, 109.92326355, 110.422492981, 110.921722412, 111.420951843, 111.931785583, 112.431015015, 112.930244446, 113.452697754, 113.963539124, 114.474372864, 114.985214233, 115.507659912, 116.041717529, 116.575782776, 117.121452332, 117.667114258, 118.212783813, 118.758453369, 119.327346802, 119.884620667, 120.546394348, 121.2081604, 121.881538391, 122.554916382, 123.228294373, 123.913284302, 124.598274231, 125.28326416, 125.956642151, 126.630020142, 127.315010071, 127.91872406, 128.522445679, 129.126159668, 129.706665039, 130.29876709, 130.890884399, 131.48298645, 132.07510376, 132.702041626, 133.328979492, 133.990753174, 134.664123535, 135.349105835, 136.034103394, 136.707473755, 137.380859375, 138.054244995, 138.716003418, 139.366165161, 140.004714966, 140.643264771, 141.258590698, 141.885528564, 142.524078369, 143.174240112, 143.801177979, 144.428115845, 145.055053711, 145.693603516, 146.320541382, 146.93586731, 147.562805176, 148.20135498, 148.839904785, 149.490066528, 150.140228271, 150.778778076, 151.417327881, 152.055877686, 152.717636108, 153.367797852, 154.006347656, 154.668121338, 155.329879761, 155.991653442, 156.630203247, 157.268753052, 157.918914795, 158.569061279, 159.219223022, 159.869384766, 160.519546509, 161.169708252, 161.819854736, 162.481628418, 163.1434021, 163.781951904, 164.443710327, 165.117095947, 165.790466309, 166.463851929, 167.137237549]
    bpm_estimates: [92.2851486206, 92.2851715088, 95.7031173706, 93.9630889893, 95.7031173706, 93.9630889893, 95.7031173706, 93.9630508423, 93.9630508423, 92.2852020264, 92.2851333618, 92.2851333618, 92.2851333618, 92.2851333618, 95.7032623291, 93.9630508423, 93.9630508423, 95.7029724121, 95.7032623291, 95.7029724121, 95.7032623291, 93.9631958008, 93.9629135132, 95.7032623291, 95.7029724121, 93.9631958008, 93.9629135132, 95.7032623291, 95.7029724121, 95.7032623291, 93.9629135132, 93.9631958008, 95.7032623291, 95.7029724121, 92.2852706909, 92.2849960327, 92.2852706909, 92.2852706909, 95.7032623291, 93.9629135132, 97.5086975098, 92.2852706909, 93.9629135132, 93.9634780884, 95.7032623291, 95.7026824951, 93.9634780884, 93.9629135132, 95.7032623291, 95.7026824951, 95.7032623291, 95.7032623291, 95.7032623291, 93.9629135132, 93.9629135132, 95.7032623291, 95.7032623291, 95.7032623291, 95.7026824951, 95.7032623291, 95.7032623291, 92.2852706909, 93.9629135132, 93.9629135132, 93.9629135132, 92.2852706909, 95.7032623291, 95.7032623291, 92.2847290039, 93.9634780884, 93.9629135132, 95.7032623291, 95.7026824951, 95.7032623291, 93.9629135132, 93.9634780884, 95.7026824951, 95.7038497925, 95.7032623291, 93.9629135132, 93.9629135132, 95.7032623291, 95.7032623291, 95.7021026611, 95.7032623291, 93.9629135132, 93.9640350342, 95.7021026611, 93.9640350342, 92.2847290039, 92.2847290039, 92.2858123779, 93.9629135132, 93.9629135132, 95.7032623291, 93.9629135132, 93.9629135132, 93.9640350342, 95.7021026611, 95.7032623291, 95.7032623291, 95.7032623291, 95.7032623291, 95.7032623291, 95.7032623291, 93.9629135132, 97.5093002319, 92.2847290039, 95.7032623291, 93.9629135132, 97.5093002319, 92.2847290039, 93.9629135132, 93.9629135132, 95.7032623291, 95.7032623291, 95.7032623291, 95.7032623291, 95.7032623291, 95.7032623291, 95.7021026611, 95.7032623291, 95.7032623291, 92.2858123779, 99.3848114014, 99.3835525513, 99.3848114014, 95.7032623291, 95.7032623291, 92.2847290039, 93.9629135132, 93.9629135132, 97.5093002319, 95.7032623291, 93.9629135132, 92.2847290039, 95.7032623291, 95.7032623291, 95.7032623291, 93.9629135132, 95.7032623291, 97.5093002319, 95.7032623291, 93.9629135132, 93.9629135132, 92.2847290039, 92.2847290039, 93.9629135132, 93.9629135132, 93.9629135132, 92.2847290039, 93.9629135132, 93.9629135132, 93.9629135132, 92.2847290039, 92.286895752, 92.2847290039, 92.2847290039, 92.2847290039, 92.2847290039, 92.286895752, 93.9629135132]
