
metadata:
    version:
        essentia: "2.1-beta2"
    audio_properties:
        analysis_sample_rate: 44100
        bitrate: 320
        channels: 2
        equal_loudness: 1
        length: 266.266113281
        replay_gain: -15.8660240173
        downmix: "mix"
    tags:
        album: "Ungrateful"
        artist: "Escape The Fate"
        comment: "Forever Immortal Hosts www.p2pdl.com"
        date: "2013"
        genre: "Hardcore"
        title: "Until We Die"
        tracknumber: "2/13"

configuration:
    average_loudness:
        compute: 1
        frameSize: 88200
        hopSize: 44100
        silentFrames: "noise"
        windowType: "hann"
    general:
        analysisSampleRate: 44100
        endTime: 2000
        equalLoudness: 1
        nequalLoudness: 0
        shortSound: 0
        startTime: 0
    lowlevel:
        compute: 1
        frameSize: 2048
        hopSize: 1024
        zeroPadding: 0
        silentFrames: "noise"
        windowType: "blackmanharris62"
        mfccStats: ["mean", "cov", "icov"]
        stats: ["mean", "var", "median", "min", "max", "dmean", "dmean2", "dvar", "dvar2"]
    panning:
        compute: 0
        frameSize: 8192
        hopSize: 2048
        zeroPadding: 8192
        silentFrames: "noise"
        windowType: "hann"
        stats: ["copy"]
    rhythm:
        compute: 1
        maxTempo: 208
        minTempo: 40
        method: "degara"
        stats: ["mean", "var", "median", "min", "max", "dmean", "dmean2", "dvar", "dvar2"]
    segmentation:
        compute: 0
        cpw: 5
        inc1: 300
        inc2: 50
        minimumSegmentsLength: 10
        size1: 1000
        size2: 600
    sfx:
        compute: 1
        stats: ["mean", "var", "median", "min", "max", "dmean", "dmean2", "dvar", "dvar2"]
    svm:
        compute: 0
    tonal:
        compute: 1
        frameSize: 4096
        hopSize: 2048
        zeroPadding: 0
        silentFrames: "noise"
        windowType: "blackmanharris62"
        stats: ["mean", "var", "median", "min", "max", "dmean", "dmean2", "dvar", "dvar2"]

lowlevel:
    average_loudness: 0.877554118633
    barkbands_kurtosis:
        dmean: 0.96829366684
        dmean2: 1.53880310059
        dvar: 9.64004707336
        dvar2: 23.9645042419
        max: 172.619979858
        mean: 0.379895597696
        median: -0.695290744305
        min: -1.89526605606
        var: 24.1491546631
    barkbands_skewness:
        dmean: 0.382221192122
        dmean2: 0.587283968925
        dvar: 0.163709759712
        dvar2: 0.38652318716
        max: 12.4195947647
        mean: 0.0499343201518
        median: -0.0925689414144
        min: -2.57193017006
        var: 0.998258471489
    barkbands_spread:
        dmean: 4.66084909439
        dmean2: 7.34650373459
        dvar: 24.1604270935
        dvar2: 60.1236915588
        max: 69.3344955444
        mean: 27.5759410858
        median: 26.4690818787
        min: 0.234172075987
        var: 141.677200317
    dissonance:
        dmean: 0.0136339711025
        dmean2: 0.0228929873556
        dvar: 0.000310407223878
        dvar2: 0.000816477113403
        max: 0.5
        mean: 0.472445428371
        median: 0.484683662653
        min: 0.126239582896
        var: 0.00134490651544
    hfc:
        dmean: 2.82096338272
        dmean2: 4.83241844177
        dvar: 19.9665164948
        dvar2: 55.0004043579
        max: 47.7859420776
        mean: 8.72447681427
        median: 7.76365804672
        min: 1.16386945929e-016
        var: 43.0892372131
    pitch:
        dmean: 741.322814941
        dmean2: 1418.93347168
        dvar: 1498085.25
        dvar2: 3817772.75
        max: 4800.30078125
        mean: 1311.87475586
        median: 459.257324219
        min: 58.2547950745
        var: 2205012.25
    pitch_instantaneous_confidence:
        dmean: 0.0801053270698
        dmean2: 0.12984457612
        dvar: 0.00482408795506
        dvar2: 0.0116057805717
        max: 0.989574849606
        mean: 0.392755627632
        median: 0.352718472481
        min: 0.120847940445
        var: 0.0260738283396
    pitch_salience:
        dmean: 0.0579734034836
        dmean2: 0.0914359688759
        dvar: 0.00293554668315
        dvar2: 0.00684782955796
        max: 0.961761057377
        mean: 0.643074333668
        median: 0.6678647995
        min: 0.0773937031627
        var: 0.0124430479482
    silence_rate_20dB:
        dmean: 0
        dmean2: 0
        dvar: 0
        dvar2: 0
        max: 1
        mean: 1
        median: 1
        min: 1
        var: 0
    silence_rate_30dB:
        dmean: 0
        dmean2: 0
        dvar: 0
        dvar2: 0
        max: 1
        mean: 1
        median: 1
        min: 1
        var: 0
    silence_rate_60dB:
        dmean: 0.0817928165197
        dmean2: 0.163599893451
        dvar: 0.0751111283898
        dvar2: 0.162639930844
        max: 1
        mean: 0.34632486105
        median: 0
        min: 0
        var: 0.226388588548
    spectral_centroid:
        dmean: 245.804702759
        dmean2: 387.983551025
        dvar: 80651.03125
        dvar2: 184390.21875
        max: 11154.7265625
        mean: 1786.93908691
        median: 1814.53637695
        min: 187.461425781
        var: 424217.28125
    spectral_complexity:
        dmean: 4.26979398727
        dmean2: 6.90764808655
        dvar: 25.0858783722
        dvar2: 59.6621284485
        max: 49
        mean: 15.8750543594
        median: 16
        min: 0
        var: 105.693786621
    spectral_crest:
        dmean: 1.97994482517
        dmean2: 3.14779376984
        dvar: 3.8716070652
        dvar2: 8.82723903656
        max: 26.237159729
        mean: 7.84802865982
        median: 6.47421646118
        min: 2.32042551041
        var: 16.8275985718
    spectral_decrease:
        dmean: 2.59008398062e-010
        dmean2: 4.17418100085e-010
        dvar: 1.1938890359e-019
        dvar2: 3.07155193251e-019
        max: 4.7652159901e-030
        mean: -1.01303820887e-009
        median: -9.59414214741e-010
        min: -4.09559275383e-009
        var: 4.03314810213e-019
    spectral_energy:
        dmean: 0.00120844866615
        dmean2: 0.00197459105402
        dvar: 2.7315729767e-006
        dvar2: 7.18176534065e-006
        max: 0.0195574350655
        mean: 0.00461478997022
        median: 0.0043533728458
        min: 1.05386437032e-020
        var: 8.4668481577e-006
    spectral_energyband_high:
        dmean: 0.000230406876653
        dmean2: 0.000410179811297
        dvar: 1.78548461349e-007
        dvar2: 5.0274189789e-007
        max: 0.00491144927219
        mean: 0.000431353779277
        median: 0.000310984847602
        min: 7.37578857638e-021
        var: 1.96197959212e-007
    spectral_energyband_low:
        dmean: 0.00011339293269
        dmean2: 0.000177841982804
        dvar: 3.14402441859e-008
        dvar2: 7.10649956659e-008
        max: 0.00300551089458
        mean: 0.000233389800997
        median: 0.000156664842507
        min: 4.7894484481e-023
        var: 7.22643846984e-008
    spectral_energyband_middle_high:
        dmean: 0.000735586276278
        dmean2: 0.0011909782188
        dvar: 9.28485803797e-007
        dvar2: 2.39524706558e-006
        max: 0.0131562780589
        mean: 0.00257629039697
        median: 0.00221203011461
        min: 1.58448132604e-021
        var: 4.13185262005e-006
    spectral_energyband_middle_low:
        dmean: 0.000582716194913
        dmean2: 0.000887702102773
        dvar: 7.49701257519e-007
        dvar2: 1.74254103058e-006
        max: 0.0133411735296
        mean: 0.00151236250531
        median: 0.00100401497912
        min: 3.63448918745e-022
        var: 2.38511029238e-006
    spectral_flatness_db:
        dmean: 0.0133197270334
        dmean2: 0.0208322554827
        dvar: 0.000163214688655
        dvar2: 0.000365849438822
        max: 0.618074774742
        mean: 0.154747202992
        median: 0.139143496752
        min: 0.0703456178308
        var: 0.00341191794723
    spectral_flux:
        dmean: 0.00747596658766
        dmean2: 0.011714246124
        dvar: 7.7846350905e-005
        dvar2: 0.000158147682669
        max: 0.116972595453
        mean: 0.0379304736853
        median: 0.0380856059492
        min: 1.02657896073e-010
        var: 0.000325733039062
    spectral_kurtosis:
        dmean: 1.6561883688
        dmean2: 2.82671141624
        dvar: 31.3170280457
        dvar2: 86.1777038574
        max: 239.177459717
        mean: 5.19508552551
        median: 2.82385206223
        min: -1.21848964691
        var: 211.624862671
    spectral_rms:
        dmean: 0.000255405058851
        dmean2: 0.000407281506341
        dvar: 9.49194784994e-008
        dvar2: 2.40596989443e-007
        max: 0.00436811428517
        mean: 0.00198539835401
        median: 0.00206087180413
        min: 3.20649388118e-012
        var: 5.60435864827e-007
    spectral_rolloff:
        dmean: 324.358428955
        dmean2: 525.609069824
        dvar: 192766.640625
        dvar2: 402032.75
        max: 19078.4179688
        mean: 3193.29052734
        median: 3488.37890625
        min: 64.599609375
        var: 1130224.75
    spectral_skewness:
        dmean: 0.188514590263
        dmean2: 0.318283349276
        dvar: 0.101332582533
        dvar2: 0.28838005662
        max: 12.8066740036
        mean: 1.38407289982
        median: 1.21445572376
        min: 0.00701249856502
        var: 0.908517241478
    spectral_spread:
        dmean: 319435.25
        dmean2: 496531.1875
        dvar: 232201256960
        dvar2: 350791499776
        max: 40974284
        mean: 4288285
        median: 4290930.5
        min: 402486.6875
        var: 1.5124767703e+012
    spectral_strongpeak:
        dmean: 0.411165982485
        dmean2: 0.688157856464
        dvar: 0.406105011702
        dvar2: 1.0558822155
        max: 11.8355016708
        mean: 0.805612027645
        median: 0.529695689678
        min: 1.08782387542e-008
        var: 0.936529934406
    zerocrossingrate:
        dmean: 0.00754562299699
        dmean2: 0.00907141994685
        dvar: 6.85957129463e-005
        dvar2: 7.72506828071e-005
        max: 0.5048828125
        mean: 0.0974752232432
        median: 0.10107421875
        min: 0.0126953125
        var: 0.000966861844063
    barkbands:
        dmean: [6.08552852555e-007, 4.6774486691e-005, 7.2874223406e-005, 5.35085928277e-005, 0.000184341348358, 8.67905691848e-005, 8.1397833128e-005, 0.000113672555017, 0.000250990415225, 0.000190983948414, 9.95286245598e-005, 8.78482751432e-005, 7.11414977559e-005, 7.84576768638e-005, 7.514218305e-005, 9.35178613872e-005, 0.000140277043101, 0.000204365802347, 0.000221355105168, 0.000231909318245, 0.000107046602352, 3.11097574013e-005, 5.87469003221e-006, 2.16606326831e-006, 6.52361165976e-007, 2.37439063966e-008, 2.92293356186e-010]
        dmean2: [9.36273465868e-007, 7.72523417254e-005, 0.000112504618301, 9.19822050491e-005, 0.000307071895804, 0.000135491514811, 0.000131640161271, 0.00016976610641, 0.000372353562852, 0.00028499099426, 0.000156770067406, 0.000139535783092, 0.000116408642498, 0.000126825776533, 0.000123636389617, 0.000153467379278, 0.000233338520047, 0.000346691405866, 0.000371520232875, 0.000411850836826, 0.000190519538592, 5.39238899364e-005, 9.61556543189e-006, 3.44085879078e-006, 1.10638677597e-006, 4.00839716974e-008, 5.21109932983e-010]
        dvar: [1.51315505265e-012, 7.34791072432e-009, 1.61402446963e-008, 8.76149020002e-009, 1.90520964338e-007, 3.67188484063e-008, 6.40910045036e-008, 7.48821591401e-008, 3.34660512635e-007, 2.25395979214e-007, 4.8340986325e-008, 2.45323690251e-008, 1.26608084017e-008, 1.76855987633e-008, 1.42612970322e-008, 2.53796592631e-008, 4.77407837707e-008, 8.35445703729e-008, 1.09233283752e-007, 1.64790790791e-007, 3.5357231809e-008, 2.98271118915e-009, 1.1848311221e-010, 2.02470644417e-011, 1.77217171059e-012, 3.97196745912e-015, 2.50067685167e-019]
        dvar2: [3.41285246591e-012, 1.94587617131e-008, 3.43013404347e-008, 2.34147936595e-008, 5.1667234402e-007, 7.88727803069e-008, 1.65125413787e-007, 1.61402667231e-007, 6.63367472953e-007, 4.75066485706e-007, 1.15344256812e-007, 5.7875190862e-008, 3.19315702768e-008, 4.37264517927e-008, 3.71310662217e-008, 6.51645848393e-008, 1.25859585864e-007, 2.25034142431e-007, 2.90374856604e-007, 4.61285850406e-007, 9.95766242795e-008, 8.17619127957e-009, 2.73507771986e-010, 4.07323237639e-011, 4.70144366146e-012, 1.04754343356e-014, 7.05752721678e-019]
        max: [2.53087309829e-005, 0.000853145960718, 0.00235043116845, 0.00261747371405, 0.00529332552105, 0.00355221703649, 0.00698336679488, 0.0068481573835, 0.0130185959861, 0.0114732421935, 0.00491816690192, 0.00328839360736, 0.00335084716789, 0.00252017215826, 0.00230617518537, 0.00364097510464, 0.00501714367419, 0.00332726864144, 0.00657641096041, 0.00562858534977, 0.00222543138079, 0.000630029477179, 0.0002320069907, 0.00014331661805, 2.6196543331e-005, 1.39938811117e-006, 7.47759010267e-009]
        mean: [8.55807797961e-007, 6.53992174193e-005, 0.000132013083203, 7.47032390791e-005, 0.000250792625593, 0.000147697413922, 0.000119120471936, 0.000221052978304, 0.000514373474289, 0.000352599978214, 0.000180674440344, 0.00016491972201, 0.000133536595968, 0.000140170799568, 0.000139419222251, 0.000180895003723, 0.000280321342871, 0.000380875688279, 0.000479169742903, 0.000399949843995, 0.000180376096978, 5.73275501665e-005, 1.20563126984e-005, 5.11389634994e-006, 1.32418108478e-006, 4.1742982404e-008, 3.32326083319e-010]
        median: [1.5641222717e-007, 3.72414324374e-005, 7.35642679501e-005, 3.38584723067e-005, 0.000102506979601, 5.93525946897e-005, 4.01429715566e-005, 4.50042789453e-005, 0.000123859790619, 6.17387413513e-005, 5.8811987401e-005, 7.89848418208e-005, 8.13039951026e-005, 8.07031610748e-005, 8.81855376065e-005, 0.000113286805572, 0.00019598621293, 0.000273451063549, 0.00033944050665, 0.000275297556072, 0.000124652127852, 4.16590919485e-005, 7.85011798143e-006, 3.30788998326e-006, 8.72948135111e-007, 2.32057857374e-008, 1.62179575325e-010]
        min: [2.60843973837e-023, 1.08434485003e-023, 1.9623609215e-023, 3.29598108442e-023, 4.25526150426e-023, 1.59996611025e-023, 5.28678485917e-023, 2.15891823781e-023, 1.07982524503e-022, 1.33214373085e-022, 8.37571993268e-023, 1.13823566189e-022, 6.25450135753e-023, 1.5937647169e-022, 1.69091186453e-022, 1.02907586662e-022, 7.84612794583e-023, 1.65561002347e-022, 2.36388140349e-022, 5.59147487385e-022, 3.65187164284e-022, 6.50319057832e-022, 4.93466297328e-022, 8.56720108683e-022, 1.20475059589e-021, 1.60927624665e-021, 2.14973699496e-021]
        var: [3.88711675695e-012, 7.87425236126e-009, 3.69786334886e-008, 1.26658745714e-008, 1.86382976608e-007, 8.17131535769e-008, 8.46476098104e-008, 2.3961365514e-007, 1.22845415262e-006, 7.88170041233e-007, 1.35009258884e-007, 6.46480060595e-008, 3.66343790859e-008, 3.61562193518e-008, 2.93370447935e-008, 6.13972446217e-008, 1.02563738835e-007, 1.42442814877e-007, 3.0544563856e-007, 1.95999191988e-007, 3.92906613911e-008, 3.75584630063e-009, 2.50568510385e-010, 5.96056676239e-011, 2.92183768499e-012, 4.76549248806e-015, 2.58709241027e-019]
    frequency_bands:
        dmean: [6.08552852555e-007, 4.6774486691e-005, 7.2874223406e-005, 5.35085928277e-005, 0.000184341348358, 8.67905691848e-005, 8.1397833128e-005, 0.000113672555017, 0.000250990415225, 0.000190983948414, 9.95286245598e-005, 8.78482751432e-005, 7.11414977559e-005, 7.84576768638e-005, 7.514218305e-005, 9.35178613872e-005, 0.000140277043101, 0.000204365802347, 0.000221355105168, 0.000231909318245, 0.000107046602352, 3.11097574013e-005, 5.87469003221e-006, 2.16606326831e-006, 6.52361165976e-007, 2.37439063966e-008, 2.92293356186e-010, 5.55640013167e-011]
        dmean2: [9.36273465868e-007, 7.72523417254e-005, 0.000112504618301, 9.19822050491e-005, 0.000307071895804, 0.000135491514811, 0.000131640161271, 0.00016976610641, 0.000372353562852, 0.00028499099426, 0.000156770067406, 0.000139535783092, 0.000116408642498, 0.000126825776533, 0.000123636389617, 0.000153467379278, 0.000233338520047, 0.000346691405866, 0.000371520232875, 0.000411850836826, 0.000190519538592, 5.39238899364e-005, 9.61556543189e-006, 3.44085879078e-006, 1.10638677597e-006, 4.00839716974e-008, 5.21109932983e-010, 1.03260872075e-010]
        dvar: [1.51315505265e-012, 7.34791072432e-009, 1.61402446963e-008, 8.76149020002e-009, 1.90520964338e-007, 3.67188484063e-008, 6.40910045036e-008, 7.48821591401e-008, 3.34660512635e-007, 2.25395979214e-007, 4.8340986325e-008, 2.45323690251e-008, 1.26608084017e-008, 1.76855987633e-008, 1.42612970322e-008, 2.53796592631e-008, 4.77407837707e-008, 8.35445703729e-008, 1.09233283752e-007, 1.64790790791e-007, 3.5357231809e-008, 2.98271118915e-009, 1.1848311221e-010, 2.02470644417e-011, 1.77217171059e-012, 3.97196745912e-015, 2.50067685167e-019, 7.4637968777e-021]
        dvar2: [3.41285246591e-012, 1.94587617131e-008, 3.43013404347e-008, 2.34147936595e-008, 5.1667234402e-007, 7.88727803069e-008, 1.65125413787e-007, 1.61402667231e-007, 6.63367472953e-007, 4.75066485706e-007, 1.15344256812e-007, 5.7875190862e-008, 3.19315702768e-008, 4.37264517927e-008, 3.71310662217e-008, 6.51645848393e-008, 1.25859585864e-007, 2.25034142431e-007, 2.90374856604e-007, 4.61285850406e-007, 9.95766242795e-008, 8.17619127957e-009, 2.73507771986e-010, 4.07323237639e-011, 4.70144366146e-012, 1.04754343356e-014, 7.05752721678e-019, 2.41151760607e-020]
        max: [2.53087309829e-005, 0.000853145960718, 0.00235043116845, 0.00261747371405, 0.00529332552105, 0.00355221703649, 0.00698336679488, 0.0068481573835, 0.0130185959861, 0.0114732421935, 0.00491816690192, 0.00328839360736, 0.00335084716789, 0.00252017215826, 0.00230617518537, 0.00364097510464, 0.00501714367419, 0.00332726864144, 0.00657641096041, 0.00562858534977, 0.00222543138079, 0.000630029477179, 0.0002320069907, 0.00014331661805, 2.6196543331e-005, 1.39938811117e-006, 7.47759010267e-009, 1.24758647857e-009]
        mean: [8.55807797961e-007, 6.53992174193e-005, 0.000132013083203, 7.47032390791e-005, 0.000250792625593, 0.000147697413922, 0.000119120471936, 0.000221052978304, 0.000514373474289, 0.000352599978214, 0.000180674440344, 0.00016491972201, 0.000133536595968, 0.000140170799568, 0.000139419222251, 0.000180895003723, 0.000280321342871, 0.000380875688279, 0.000479169742903, 0.000399949843995, 0.000180376096978, 5.73275501665e-005, 1.20563126984e-005, 5.11389634994e-006, 1.32418108478e-006, 4.1742982404e-008, 3.32326083319e-010, 4.33563809854e-011]
        median: [1.5641222717e-007, 3.72414324374e-005, 7.35642679501e-005, 3.38584723067e-005, 0.000102506979601, 5.93525946897e-005, 4.01429715566e-005, 4.50042789453e-005, 0.000123859790619, 6.17387413513e-005, 5.8811987401e-005, 7.89848418208e-005, 8.13039951026e-005, 8.07031610748e-005, 8.81855376065e-005, 0.000113286805572, 0.00019598621293, 0.000273451063549, 0.00033944050665, 0.000275297556072, 0.000124652127852, 4.16590919485e-005, 7.85011798143e-006, 3.30788998326e-006, 8.72948135111e-007, 2.32057857374e-008, 1.62179575325e-010, 1.36153996064e-011]
        min: [2.60843973837e-023, 1.08434485003e-023, 1.9623609215e-023, 3.29598108442e-023, 4.25526150426e-023, 1.59996611025e-023, 5.28678485917e-023, 2.15891823781e-023, 1.07982524503e-022, 1.33214373085e-022, 8.37571993268e-023, 1.13823566189e-022, 6.25450135753e-023, 1.5937647169e-022, 1.69091186453e-022, 1.02907586662e-022, 7.84612794583e-023, 1.65561002347e-022, 2.36388140349e-022, 5.59147487385e-022, 3.65187164284e-022, 6.50319057832e-022, 4.93466297328e-022, 8.56720108683e-022, 1.20475059589e-021, 1.60927624665e-021, 2.14973699496e-021, 1.01441241914e-021]
        var: [3.88711675695e-012, 7.87425236126e-009, 3.69786334886e-008, 1.26658745714e-008, 1.86382976608e-007, 8.17131535769e-008, 8.46476098104e-008, 2.3961365514e-007, 1.22845415262e-006, 7.88170041233e-007, 1.35009258884e-007, 6.46480060595e-008, 3.66343790859e-008, 3.61562193518e-008, 2.93370447935e-008, 6.13972446217e-008, 1.02563738835e-007, 1.42442814877e-007, 3.0544563856e-007, 1.95999191988e-007, 3.92906613911e-008, 3.75584630063e-009, 2.50568510385e-010, 5.96056676239e-011, 2.92183768499e-012, 4.76549248806e-015, 2.58709241027e-019, 5.86574371097e-021]
    mfcc:
        mean: [-713.604370117, 93.1073455811, -53.5272521973, 43.0214309692, -18.8384284973, -2.84480166435, 3.36745762825, 1.1556879282, -0.0443682149053, 0.130816176534, -0.600664138794, -2.89371752739, -6.79637479782]
        cov: [[7888.06835938, -212.676574707, -1086.40356445, 801.923461914, 14.3610143661, 473.655395508, 108.565757751, 220.813827515, -64.0091705322, -147.662536621, -199.973342896, -130.879180908, 13.584446907], [-212.676574707, 913.185058594, -33.0324058533, 21.3889274597, 6.53717565536, -107.904853821, 43.6785736084, -15.6554403305, 57.6685295105, 30.8448486328, 53.2712669373, -7.68917512894, -20.5878219604], [-1086.40356445, -33.0324058533, 456.344787598, -58.9935417175, 53.3330154419, -67.6773910522, -56.5218048096, -25.6979866028, -4.48615789413, 40.8187599182, 19.9996185303, 32.7116737366, -4.54488515854], [801.923461914, 21.3889274597, -58.9935417175, 549.098693848, 189.622802734, 157.848632813, 38.7022323608, -86.5659408569, -32.1527252197, -101.827560425, -73.4700775146, -25.9927864075, -0.854728162289], [14.3610143661, 6.53717565536, 53.3330154419, 189.622802734, 219.066360474, 103.734619141, 15.741900444, -29.3610515594, -27.1475143433, -41.9362487793, -45.1563720703, -11.3303527832, -2.19232416153], [473.655395508, -107.904853821, -67.6773910522, 157.848632813, 103.734619141, 204.038101196, 87.5865097046, 16.4215202332, -22.715970993, -59.1538124084, -50.5709190369, -33.2424888611, -3.13939261436], [108.565757751, 43.6785736084, -56.5218048096, 38.7022323608, 15.741900444, 87.5865097046, 151.853683472, 41.2814178467, 9.38214111328, -23.9677696228, -22.2114601135, -24.1119632721, -11.8802852631], [220.813827515, -15.6554403305, -25.6979866028, -86.5659408569, -29.3610515594, 16.4215202332, 41.2814178467, 129.944320679, 48.3777046204, 36.1469154358, 6.87976789474, -13.7597293854, -4.18877363205], [-64.0091705322, 57.6685295105, -4.48615789413, -32.1527252197, -27.1475143433, -22.715970993, 9.38214111328, 48.3777046204, 91.5282745361, 56.7119903564, 32.4709472656, 5.52940511703, 0.326128691435], [-147.662536621, 30.8448486328, 40.8187599182, -101.827560425, -41.9362487793, -59.1538124084, -23.9677696228, 36.1469154358, 56.7119903564, 105.394775391, 61.8558921814, 27.2649745941, 5.66628313065], [-199.973342896, 53.2712669373, 19.9996185303, -73.4700775146, -45.1563720703, -50.5709190369, -22.2114601135, 6.87976789474, 32.4709472656, 61.8558921814, 90.1097946167, 47.4810409546, 19.6910266876], [-130.879180908, -7.68917512894, 32.7116737366, -25.9927864075, -11.3303527832, -33.2424888611, -24.1119632721, -13.7597293854, 5.52940511703, 27.2649745941, 47.4810409546, 83.3891601563, 47.5012054443], [13.584446907, -20.5878219604, -4.54488515854, -0.854728162289, -2.19232416153, -3.13939261436, -11.8802852631, -4.18877363205, 0.326128691435, 5.66628313065, 19.6910266876, 47.5012054443, 80.5671234131]]
        icov: [[0.00035321735777, -7.25751378923e-005, 0.000676458119415, -0.000728297512978, 0.000603775901254, -0.000581322703511, 0.000659221899696, -0.00114322663285, 0.000921851198655, -0.000816758722067, 0.000688182422891, -0.000307076872559, 5.04430026922e-005], [-7.25751378923e-005, 0.0015689675929, 0.000145296100527, -5.29116150574e-005, -0.00111210718751, 0.00211700983346, -0.00150137592573, 0.000617922400124, -0.000956588890404, 0.000753989908844, -0.00170644756872, 0.00110707210843, -1.03849822608e-006], [0.000676458119415, 0.000145296100527, 0.00413668807596, -0.000979153439403, -0.000620399776381, 0.000214058454731, 0.00122035562526, -0.0017827572301, 0.00204694550484, -0.00255463877693, 0.00154741783626, -0.00148290139623, 0.00089224340627], [-0.000728297512978, -5.29116150574e-005, -0.000979153439403, 0.00521999131888, -0.0032081885729, -0.000579622865189, -0.00106538296677, 0.00484721455723, -0.00417553726584, 0.00350041175261, -0.000703330442775, 0.000300808547763, -0.000140287200338], [0.000603775901254, -0.00111210718751, -0.000620399776381, -0.0032081885729, 0.010425616987, -0.00601655105129, 0.00304475054145, -0.00187801755965, 0.00271129631437, -0.0031474926509, 0.0045711887069, -0.00230194861069, 0.0003959259775], [-0.000581322703511, 0.00211700983346, 0.000214058454731, -0.000579622865189, -0.00601655105129, 0.0148302624002, -0.0072222603485, -0.000427869876148, -0.00036576500861, 0.00376972462982, -0.00354262418114, 0.00366722699255, -0.00158810173161], [0.000659221899696, -0.00150137592573, 0.00122035562526, -0.00106538296677, 0.00304475054145, -0.0072222603485, 0.0125657487661, -0.00466966209933, 0.000522191287018, 0.000111339249997, 0.00253295898438, -0.00184761104174, 0.00143461290281], [-0.00114322663285, 0.000617922400124, -0.0017827572301, 0.00484721455723, -0.00187801755965, -0.000427869876148, -0.00466966209933, 0.0173799153417, -0.00891257729381, -0.00024839505204, -0.000160736861289, 0.00304139056243, -0.00125156482682], [0.000921851198655, -0.000956588890404, 0.00204694550484, -0.00417553726584, 0.00271129631437, -0.00036576500861, 0.000522191287018, -0.00891257729381, 0.0236042737961, -0.0122772175819, 0.000417540722992, 0.000545759685338, -0.000311465177219], [-0.000816758722067, 0.000753989908844, -0.00255463877693, 0.00350041175261, -0.0031474926509, 0.00376972462982, 0.000111339249997, -0.00024839505204, -0.0122772175819, 0.0277702938765, -0.0135065214708, 0.000619794358499, 0.0013204155257], [0.000688182422891, -0.00170644756872, 0.00154741783626, -0.000703330442775, 0.0045711887069, -0.00354262418114, 0.00253295898438, -0.000160736861289, 0.000417540722992, -0.0135065214708, 0.0293887965381, -0.013120258227, 0.00138019036967], [-0.000307076872559, 0.00110707210843, -0.00148290139623, 0.000300808547763, -0.00230194861069, 0.00366722699255, -0.00184761104174, 0.00304139056243, 0.000545759685338, 0.000619794358499, -0.013120258227, 0.0281713809818, -0.0132284257561], [5.04430026922e-005, -1.03849822608e-006, 0.00089224340627, -0.000140287200338, 0.0003959259775, -0.00158810173161, 0.00143461290281, -0.00125156482682, -0.000311465177219, 0.0013204155257, 0.00138019036967, -0.0132284257561, 0.0199178084731]]
    sccoeffs:
        dmean: [0.050120703876, 0.0465624853969, 0.038077313453, 0.0274004470557, 0.0183912590146, 0.0168747249991]
        dmean2: [0.0827004909515, 0.0748202353716, 0.0611897371709, 0.0458676554263, 0.0307158529758, 0.0279865972698]
        dvar: [0.00180742936209, 0.00149539858103, 0.000967390893493, 0.000463181757368, 0.000221441601752, 0.000229639495956]
        dvar2: [0.0047384002246, 0.00373405823484, 0.00233891722746, 0.00125729385763, 0.000588888418861, 0.000600147293881]
        max: [-0.31950622797, -0.38448664546, -0.40841832757, -0.603939831257, -0.659604430199, -0.573813378811]
        mean: [-0.69289714098, -0.738432586193, -0.763219058514, -0.800904870033, -0.804030835629, -0.739117801189]
        median: [-0.700772166252, -0.752927541733, -0.77458524704, -0.805064380169, -0.805749893188, -0.740321934223]
        min: [-0.964182257652, -0.967201948166, -0.986318409443, -0.967522501945, -0.963790595531, -0.963057816029]
        var: [0.00601028604433, 0.00737395929173, 0.00599640468135, 0.00184092670679, 0.00113557744771, 0.00201551057398]
    scvalleys:
        dmean: [0.363440960646, 0.34616163373, 0.292865633965, 0.239705324173, 0.226085737348, 0.216056406498]
        dmean2: [0.603277444839, 0.565407395363, 0.470719337463, 0.384760558605, 0.365444928408, 0.347909390926]
        dvar: [0.116577588022, 0.11452691257, 0.0872126594186, 0.0664562210441, 0.0829035416245, 0.0934609472752]
        dvar2: [0.267546117306, 0.244831830263, 0.173403978348, 0.120427705348, 0.164835900068, 0.20406293869]
        max: [-5.43054056168, -4.90307283401, -5.06424236298, -5.55885219574, -5.30988645554, -7.86234092712]
        mean: [-7.27074193954, -6.95633602142, -7.04488945007, -7.11718463898, -7.0402636528, -9.92057991028]
        median: [-6.88443803787, -6.77797842026, -6.77768611908, -6.76419591904, -6.66477060318, -9.37589073181]
        min: [-26.9820613861, -27.1458053589, -27.409029007, -27.1558895111, -27.1077919006, -27.1388835907]
        var: [2.65320682526, 1.56961023808, 1.80827653408, 1.96643960476, 2.26433539391, 3.17861557007]

rhythm:
    beats_loudness:
        dmean: 0.00161891221069
        dmean2: 0.00286910007708
        dvar: 2.24089194489e-006
        dvar2: 6.34264461041e-006
        max: 0.0129972677678
        mean: 0.00477535184473
        median: 0.00487257540226
        min: 2.91662635883e-012
        var: 6.19029196969e-006
    bpm: 113.04813385
    bpm_confidence: 0
    first_peak_bpm: 112
    first_peak_spread: 0.423887580633
    first_peak_weight: 0.477669894695
    onset_rate: 2.92564463615
    second_peak_bpm: 172
    second_peak_spread: 0
    second_peak_weight: 0.0660194158554
    beats_loudness_band_ratio:
        dmean: [0.0713807567954, 0.0688513591886, 0.133320391178, 0.106854997575, 0.0900489762425, 0.0846941694617]
        dmean2: [0.123597703874, 0.12212689966, 0.232089191675, 0.184855028987, 0.156490847468, 0.142746478319]
        dvar: [0.00657155644149, 0.00514156324789, 0.0204675681889, 0.014107555151, 0.00615369109437, 0.00489147752523]
        dvar2: [0.019504642114, 0.0143292639405, 0.0538493692875, 0.038173109293, 0.0171449929476, 0.013671066612]
        max: [0.665397047997, 0.419034749269, 0.977482497692, 0.851122975349, 0.61771261692, 0.533515810966]
        mean: [0.10796263814, 0.0904706120491, 0.26645052433, 0.157065987587, 0.227119490504, 0.202842056751]
        median: [0.0790089517832, 0.0723112076521, 0.16882917285, 0.117383725941, 0.234008669853, 0.193394988775]
        min: [0, 0, 0, 0, 0, 0]
        var: [0.00982364173979, 0.0063688470982, 0.0632122904062, 0.0177976340055, 0.0142604326829, 0.0149841140956]
    beats_position: [0.66176867485, 1.34675729275, 2.03174591064, 2.71673464775, 3.41333317757, 4.1099319458, 4.80653047562, 5.50312900543, 6.21133756638, 6.91954612732, 7.6277551651, 8.33596324921, 9.03256225586, 9.74077033997, 10.4489793777, 11.1571884155, 11.8653964996, 12.5619955063, 13.2702035904, 13.8042631149, 14.3267116547, 14.8607711792, 15.3948297501, 15.9288883209, 16.4513378143, 16.9853973389, 17.5078449249, 18.0419044495, 18.575963974, 19.1100215912, 19.6324710846, 20.154920578, 20.6889801025, 21.2230377197, 21.7454872131, 22.2679367065, 22.8019943237, 23.3360538483, 23.8585033417, 24.3809528351, 24.9150104523, 25.4490699768, 25.9831295013, 26.5171871185, 27.0396366119, 27.5620861053, 28.0961437225, 28.6302032471, 29.1526527405, 29.6751022339, 30.2091598511, 30.7432193756, 31.2772789001, 31.8113365173, 32.3453979492, 32.8678436279, 33.3902931213, 33.9243545532, 34.4468002319, 34.9692497253, 35.5033111572, 36.0373687744, 36.5714263916, 37.1054878235, 37.6395454407, 38.1619949341, 38.6844444275, 39.2068939209, 39.7409515381, 40.2750091553, 40.7974586487, 41.3315200806, 41.8655776978, 42.3996353149, 42.9336967468, 43.4561424255, 43.9785919189, 44.5126533508, 45.0351028442, 45.5575485229, 46.0916099548, 46.625667572, 47.1597251892, 47.6937866211, 48.2162361145, 48.7386856079, 49.2727432251, 49.8068008423, 50.3292503357, 50.8633079529, 51.3857574463, 51.9082069397, 52.4306564331, 52.9647140503, 53.4987754822, 54.0328330994, 54.5668907166, 55.08934021, 55.6234016418, 56.157459259, 56.6799087524, 57.2139663696, 57.7480278015, 58.2820854187, 58.8045349121, 59.3269844055, 59.8610420227, 60.3950996399, 60.9291610718, 61.4516105652, 61.9740562439, 62.5081176758, 63.042175293, 63.5646247864, 64.0870742798, 64.621131897, 65.1435852051, 65.6776428223, 66.200088501, 66.7341461182, 67.2682037354, 67.8022689819, 68.3247146606, 68.8471679688, 69.3812255859, 69.9152832031, 70.4493408203, 70.971786499, 71.4942398071, 72.0282974243, 72.5623550415, 73.0964126587, 73.6188659668, 74.1413116455, 74.6753692627, 75.2094345093, 75.7434921265, 76.2775497437, 76.7999954224, 77.3224487305, 77.8565063477, 78.3905639648, 78.9130172729, 79.4354629517, 79.9695205688, 80.503578186, 81.0376434326, 81.5717010498, 82.105758667, 82.6282043457, 83.1506576538, 83.684715271, 84.2187728882, 84.7528305054, 85.2752838135, 85.7977294922, 86.3317871094, 86.8542404175, 87.3766860962, 87.9107437134, 88.44480896, 88.9788665771, 89.5129241943, 90.0469818115, 90.5694351196, 91.0918807983, 91.6259384155, 92.1599960327, 92.6824493408, 93.2048950195, 93.7273483276, 94.2614059448, 94.7838516235, 95.3179092407, 95.8519744873, 96.3860321045, 96.9200897217, 97.4541473389, 97.9882049561, 98.5222625732, 99.0447158813, 99.5671615601, 100.101219177, 100.635284424, 101.157730103, 101.69178772, 102.214241028, 102.748298645, 103.282356262, 103.816413879, 104.338867188, 104.861312866, 105.395370483, 105.929428101, 106.451881409, 106.974327087, 107.508384705, 108.042449951, 108.56489563, 109.087341309, 109.621406555, 110.155464172, 110.68952179, 111.211967468, 111.734420776, 112.268478394, 112.802536011, 113.336593628, 113.859046936, 114.381492615, 114.915550232, 115.449615479, 115.983673096, 116.517730713, 117.040176392, 117.5626297, 118.096687317, 118.630744934, 119.153198242, 119.687255859, 120.209701538, 120.743759155, 121.277824402, 121.811882019, 122.334327698, 122.856781006, 123.390838623, 123.92489624, 124.447341919, 124.969795227, 125.492240906, 126.026298523, 126.548751831, 127.082809448, 127.616867065, 128.150924683, 128.6849823, 129.219039917, 129.741500854, 130.263946533, 130.79800415, 131.320449829, 131.854507446, 132.400177002, 132.934234619, 133.468292236, 134.013961792, 134.548019409, 135.093688965, 135.639358521, 136.185028076, 136.730697632, 137.276367188, 137.822036743, 138.367706299, 138.901763916, 139.435821533, 139.96987915, 140.503936768, 141.037994385, 141.409515381, 141.781036377, 142.152557373, 142.524078369, 142.907211304, 143.2787323, 143.661849976, 144.021759033, 144.381668091, 144.741577148, 145.101501465, 145.461410522, 145.82131958, 146.169616699, 146.517913818, 146.866210938, 147.214508057, 147.562805176, 147.911102295, 148.271011353, 148.61932373, 148.979232788, 149.327529907, 149.687438965, 150.047348022, 150.395645142, 150.743942261, 151.103851318, 151.463760376, 151.812057495, 152.160354614, 152.508651733, 152.856964111, 153.216873169, 153.576782227, 153.925079346, 154.273376465, 154.621673584, 154.969970703, 155.329879761, 155.689788818, 156.038085938, 156.386398315, 156.734695435, 157.094604492, 157.45451355, 157.802810669, 158.162719727, 158.522628784, 158.870925903, 159.219223022, 159.57913208, 159.927429199, 160.275741577, 160.624038696, 160.972335815, 161.332244873, 161.680541992, 162.04045105, 162.388748169, 162.748657227, 163.096954346, 163.445251465, 163.805160522, 164.16506958, 164.513381958, 164.861679077, 165.395736694, 165.929794312, 166.45223999, 166.974685669, 167.497146606, 168.019592285, 168.553649902, 169.08770752, 169.610153198, 170.144210815, 170.666656494, 171.21232605, 171.757995605, 172.3152771, 172.872558594, 173.429840088, 173.975509644, 174.509567261, 175.055236816, 175.600906372, 176.146575928, 176.680633545, 177.214691162, 177.748748779, 178.271194458, 178.793640137, 179.327713013, 179.850158691, 180.37260437, 180.906661987, 181.440719604, 181.974777222, 182.508834839, 183.031295776, 183.565353394, 184.087799072, 184.621856689, 185.144302368, 185.666748047, 186.200805664, 186.723266602, 187.257324219, 187.779769897, 188.313827515, 188.847885132, 189.381942749, 189.916000366, 190.450057983, 190.984130859, 191.529785156, 192.08706665, 192.644348145, 193.201629639, 193.758911133, 194.304580688, 194.838638306, 195.372695923, 195.90675354, 196.440811157, 196.974868774, 197.508926392, 198.042984009, 198.565444946, 199.087890625, 199.621948242, 200.156005859, 200.690063477, 201.212509155, 201.734954834, 202.26902771, 202.803085327, 203.325531006, 203.847976685, 204.370422363, 204.90447998, 205.438537598, 205.972610474, 206.506668091, 207.040725708, 207.563171387, 208.097229004, 208.619674683, 209.142120361, 209.676193237, 210.210250854, 210.732696533, 211.255142212, 211.789199829, 212.323257446, 212.845703125, 213.379776001, 213.913833618, 214.436279297, 214.970336914, 215.504394531, 216.02684021, 216.549285889, 217.083358765, 217.617416382, 218.151473999, 218.673919678, 219.207977295, 219.730422974, 220.264480591, 220.798538208, 221.332611084, 221.855056763, 222.38911438, 222.911560059, 223.445617676, 223.968063354, 224.490524292, 225.012969971, 225.535415649, 226.069473267, 226.603530884, 227.137588501, 227.671646118, 228.205703735, 228.728164673, 229.250610352, 229.784667969, 230.318725586, 230.852783203, 231.38684082, 231.920898438, 232.443344116, 232.965805054, 233.488250732, 234.02230835, 234.556365967, 235.078811646, 235.601272583, 236.1353302, 236.657775879, 237.191833496, 237.725891113, 238.25994873, 238.794006348, 239.316452026, 239.838912964, 240.372970581, 240.907028198, 241.441085815, 241.975143433, 242.50920105, 243.043258667, 243.577316284, 244.111373901, 244.645431519, 245.167892456, 245.690338135, 246.212783813, 246.735229492, 247.269287109, 247.803344727, 248.337417603, 248.859863281, 249.38230896, 249.916366577, 250.450424194, 250.984481812, 251.50692749, 252.041000366, 252.563446045, 253.097503662, 253.631561279, 254.154006958, 254.676452637, 255.210510254, 255.74458313, 256.278625488, 256.801086426, 257.323547363, 257.85760498, 258.391662598, 258.925720215, 259.459777832, 259.982208252, 260.504669189, 261.038726807, 261.572784424, 262.106842041, 262.652526855, 263.209777832, 263.767059326, 264.335968018, 264.904846191, 265.473724365]
