
metadata:
    version:
        essentia: "2.1-beta2"
    audio_properties:
        analysis_sample_rate: 44100
        bitrate: 320
        channels: 2
        equal_loudness: 1
        length: 248.790206909
        replay_gain: -14.2551498413
        downmix: "mix"
    tags:
        album: "Twilight Of The Thunder God"
        artist: "Amon Amarth"
        comment: ""
        date: "2008"
        genre: "Melodic Death Metal"
        title: "Free Will Sacrifice"
        tracknumber: "2"

configuration:
    average_loudness:
        compute: 1
        frameSize: 88200
        hopSize: 44100
        silentFrames: "noise"
        windowType: "hann"
    general:
        analysisSampleRate: 44100
        endTime: 2000
        equalLoudness: 1
        nequalLoudness: 0
        shortSound: 0
        startTime: 0
    lowlevel:
        compute: 1
        frameSize: 2048
        hopSize: 1024
        zeroPadding: 0
        silentFrames: "noise"
        windowType: "blackmanharris62"
        mfccStats: ["mean", "cov", "icov"]
        stats: ["mean", "var", "median", "min", "max", "dmean", "dmean2", "dvar", "dvar2"]
    panning:
        compute: 0
        frameSize: 8192
        hopSize: 2048
        zeroPadding: 8192
        silentFrames: "noise"
        windowType: "hann"
        stats: ["copy"]
    rhythm:
        compute: 1
        maxTempo: 208
        minTempo: 40
        method: "degara"
        stats: ["mean", "var", "median", "min", "max", "dmean", "dmean2", "dvar", "dvar2"]
    segmentation:
        compute: 0
        cpw: 5
        inc1: 300
        inc2: 50
        minimumSegmentsLength: 10
        size1: 1000
        size2: 600
    sfx:
        compute: 1
        stats: ["mean", "var", "median", "min", "max", "dmean", "dmean2", "dvar", "dvar2"]
    svm:
        compute: 0
    tonal:
        compute: 1
        frameSize: 4096
        hopSize: 2048
        zeroPadding: 0
        silentFrames: "noise"
        windowType: "blackmanharris62"
        stats: ["mean", "var", "median", "min", "max", "dmean", "dmean2", "dvar", "dvar2"]

lowlevel:
    average_loudness: 0.92235147953
    barkbands_kurtosis:
        dmean: 0.821764528751
        dmean2: 1.3038161993
        dvar: 38.4230384827
        dvar2: 89.9136657715
        max: 372.900024414
        mean: 0.121524587274
        median: -1.36066794395
        min: -1.88911831379
        var: 248.986709595
    barkbands_skewness:
        dmean: 0.364650160074
        dmean2: 0.574018061161
        dvar: 0.169660672545
        dvar2: 0.368687570095
        max: 13.0619945526
        mean: 0.110718458891
        median: 0.0995299443603
        min: -9.46457672119
        var: 0.691106438637
    barkbands_spread:
        dmean: 4.88565731049
        dmean2: 7.99484968185
        dvar: 20.9042682648
        dvar2: 52.7092781067
        max: 67.1474380493
        mean: 37.1494483948
        median: 37.3146018982
        min: 0.114570215344
        var: 74.8861618042
    dissonance:
        dmean: 0.00915144383907
        dmean2: 0.0158045329154
        dvar: 7.61925330153e-005
        dvar2: 0.000216065862332
        max: 0.500000119209
        mean: 0.485191076994
        median: 0.487221628428
        min: 0.285316318274
        var: 0.000111040491902
    hfc:
        dmean: 1.92921233177
        dmean2: 3.16076803207
        dvar: 5.90255212784
        dvar2: 15.8530693054
        max: 32.9917755127
        mean: 7.96239948273
        median: 8.041223526
        min: 1.09597553341e-016
        var: 15.6561784744
    pitch:
        dmean: 931.137817383
        dmean2: 1793.04724121
        dvar: 1846424.25
        dvar2: 4519317
        max: 4468.61621094
        mean: 1412.06323242
        median: 361.869018555
        min: 60.9829750061
        var: 2419153
    pitch_instantaneous_confidence:
        dmean: 0.0601430237293
        dmean2: 0.10163731873
        dvar: 0.00235624378547
        dvar2: 0.00642549758777
        max: 0.997448503971
        mean: 0.266940772533
        median: 0.246282368898
        min: 0.087456882
        var: 0.0129577405751
    pitch_salience:
        dmean: 0.054432336241
        dmean2: 0.0907955616713
        dvar: 0.00246105249971
        dvar2: 0.00658086314797
        max: 0.954931139946
        mean: 0.702457785606
        median: 0.718935728073
        min: 0.074459888041
        var: 0.00653031235561
    silence_rate_20dB:
        dmean: 0
        dmean2: 0
        dvar: 0
        dvar2: 0
        max: 1
        mean: 1
        median: 1
        min: 1
        var: 0
    silence_rate_30dB:
        dmean: 0
        dmean2: 0
        dvar: 0
        dvar2: 0
        max: 1
        mean: 1
        median: 1
        min: 1
        var: 0
    silence_rate_60dB:
        dmean: 0.069248713553
        dmean2: 0.138510361314
        dvar: 0.0644586607814
        dvar2: 0.135556608438
        max: 1
        mean: 0.220977976918
        median: 0
        min: 0
        var: 0.172149881721
    spectral_centroid:
        dmean: 255.835769653
        dmean2: 413.980407715
        dvar: 62169.9335938
        dvar2: 142743.3125
        max: 11818.0107422
        mean: 1711.57409668
        median: 1601.60424805
        min: 241.067871094
        var: 1172530.875
    spectral_complexity:
        dmean: 4.08324766159
        dmean2: 6.45510530472
        dvar: 14.6336288452
        dvar2: 33.8732070923
        max: 46
        mean: 19.1686267853
        median: 20
        min: 0
        var: 93.7792282104
    spectral_crest:
        dmean: 1.65943384171
        dmean2: 2.76115846634
        dvar: 2.56237339973
        dvar2: 6.35959863663
        max: 26.846031189
        mean: 5.63433027267
        median: 4.7776722908
        min: 2.22084879875
        var: 9.00375461578
    spectral_decrease:
        dmean: 2.99923946789e-010
        dmean2: 5.08711295311e-010
        dvar: 2.09614391461e-019
        dvar2: 5.77786795242e-019
        max: 1.44598507261e-028
        mean: -1.15549247948e-009
        median: -1.10338438386e-009
        min: -4.90134643982e-009
        var: 3.86434354507e-019
    spectral_energy:
        dmean: 0.00126720056869
        dmean2: 0.00214054458775
        dvar: 3.65381765732e-006
        dvar2: 1.0025046322e-005
        max: 0.0201202221215
        mean: 0.00508329365402
        median: 0.00489682937041
        min: 1.00594565204e-020
        var: 7.11511256668e-006
    spectral_energyband_high:
        dmean: 0.000178349073394
        dmean2: 0.000308374641463
        dvar: 6.01527432309e-008
        dvar2: 1.65133258179e-007
        max: 0.00257377279922
        mean: 0.000400821911171
        median: 0.000360290985554
        min: 6.97311560016e-021
        var: 6.89533194986e-008
    spectral_energyband_low:
        dmean: 0.000348256144207
        dmean2: 0.000592470983975
        dvar: 1.57059105277e-007
        dvar2: 4.27791519542e-007
        max: 0.00513969920576
        mean: 0.000573192373849
        median: 0.000449984334409
        min: 9.00172255505e-024
        var: 2.15923648739e-007
    spectral_energyband_middle_high:
        dmean: 0.000490315433126
        dmean2: 0.00077861052705
        dvar: 2.53765676916e-007
        dvar2: 6.48417369575e-007
        max: 0.0083364052698
        mean: 0.00225121574476
        median: 0.00221349601634
        min: 1.21244896955e-021
        var: 1.51531298798e-006
    spectral_energyband_middle_low:
        dmean: 0.000868742237799
        dmean2: 0.00149975833483
        dvar: 2.03697527468e-006
        dvar2: 5.74499881623e-006
        max: 0.0145453745499
        mean: 0.00202343589626
        median: 0.00172732863575
        min: 1.54450054269e-022
        var: 2.48849914897e-006
    spectral_flatness_db:
        dmean: 0.0118887610734
        dmean2: 0.0194209180772
        dvar: 0.000124522412079
        dvar2: 0.000301370484522
        max: 0.61279040575
        mean: 0.129049837589
        median: 0.121305584908
        min: 0.0590082891285
        var: 0.00193842977751
    spectral_flux:
        dmean: 0.00689114397392
        dmean2: 0.0106916511431
        dvar: 7.73914362071e-005
        dvar2: 0.000145647776662
        max: 0.104607410729
        mean: 0.0428229644895
        median: 0.0429605804384
        min: 6.32848565219e-011
        var: 0.000238750202698
    spectral_kurtosis:
        dmean: 1.0587117672
        dmean2: 1.8167937994
        dvar: 2.54235935211
        dvar2: 7.06140041351
        max: 58.7619781494
        mean: 3.39144182205
        median: 3.08484983444
        min: -1.26562178135
        var: 8.53242778778
    spectral_rms:
        dmean: 0.000258778687567
        dmean2: 0.000426763377618
        dvar: 1.08640904273e-007
        dvar2: 2.8666127605e-007
        max: 0.00443051755428
        mean: 0.00213306350634
        median: 0.00218572514132
        min: 3.13274709993e-012
        var: 4.09339037333e-007
    spectral_rolloff:
        dmean: 342.427429199
        dmean2: 564.79699707
        dvar: 194729.515625
        dvar2: 442780.6875
        max: 19638.28125
        mean: 3511.33325195
        median: 3423.77929688
        min: 129.19921875
        var: 3051197.5
    spectral_skewness:
        dmean: 0.157311692834
        dmean2: 0.265157580376
        dvar: 0.0278890710324
        dvar2: 0.0750104486942
        max: 5.4479932785
        mean: 1.26111447811
        median: 1.26344037056
        min: -0.0943469107151
        var: 0.10883975029
    spectral_spread:
        dmean: 401288.8125
        dmean2: 633376.8125
        dvar: 366835433472
        dvar2: 790506962944
        max: 42645396
        mean: 4774421
        median: 4331281.5
        min: 909721.25
        var: 1.58694910198e+013
    spectral_strongpeak:
        dmean: 0.190159007907
        dmean2: 0.332586944103
        dvar: 0.0861081182957
        dvar2: 0.239052295685
        max: 3.46824812889
        mean: 0.270480960608
        median: 0.173811793327
        min: 0
        var: 0.0930433645844
    zerocrossingrate:
        dmean: 0.00743376882747
        dmean2: 0.00926198530942
        dvar: 5.37558407814e-005
        dvar2: 6.72855749144e-005
        max: 0.5322265625
        mean: 0.0997234284878
        median: 0.095703125
        min: 0.01171875
        var: 0.00213348912075
    barkbands:
        dmean: [4.95214010243e-007, 0.000107352774648, 0.000214206753299, 0.000296643382171, 0.000449785962701, 0.000221933922148, 0.000162993354024, 0.000111432906124, 0.000136118746013, 0.000113562651677, 7.59620743338e-005, 6.96198403602e-005, 7.00434902683e-005, 6.87219653628e-005, 7.00255841366e-005, 0.00010103610839, 0.000128889587359, 0.000121455428598, 0.000177980531589, 0.000127742809127, 8.94205659279e-005, 3.57143326255e-005, 6.37698440187e-006, 1.55366444687e-006, 5.93577397012e-007, 1.67433977794e-008, 2.78761624894e-010]
        dmean2: [7.82473534855e-007, 0.000189153943211, 0.000361946877092, 0.000526172516402, 0.000785981013905, 0.000377234013285, 0.000272128963843, 0.000184495744179, 0.000227413562243, 0.000190773309441, 0.000126708444441, 0.000115723159979, 0.000117736708489, 0.000115169183118, 0.000116382856504, 0.000169705133885, 0.00021816114895, 0.000204569281777, 0.000298637663946, 0.000214734202018, 0.000155618370627, 6.42131126369e-005, 1.14740141726e-005, 2.69262955044e-006, 9.84234247881e-007, 2.67162025835e-008, 4.8227571936e-010]
        dvar: [2.99022579701e-013, 2.16902211747e-008, 6.31390975059e-008, 2.96838010172e-007, 6.89577291269e-007, 1.13115461886e-007, 6.34142480749e-008, 3.02255749318e-008, 5.00226100542e-008, 3.59377914094e-008, 2.33112018577e-008, 1.30500152906e-008, 1.36643132365e-008, 9.01973784551e-009, 8.88093776297e-009, 1.17791598697e-008, 1.87852968736e-008, 1.59849378178e-008, 3.39878916122e-008, 2.24091287748e-008, 1.36520768024e-008, 3.363091583e-009, 1.12562383026e-010, 6.58074376242e-012, 1.10539680707e-012, 1.4193584984e-015, 1.17956498187e-019]
        dvar2: [6.99971330897e-013, 5.98280678332e-008, 1.66124593193e-007, 8.48837828471e-007, 1.97185067918e-006, 3.12089696308e-007, 1.72844693225e-007, 8.040537125e-008, 1.38438366548e-007, 1.00474949249e-007, 6.29417868936e-008, 3.48415731821e-008, 3.80431046665e-008, 2.47055034208e-008, 2.35629578071e-008, 3.26276747842e-008, 5.28201589134e-008, 4.43330598898e-008, 9.34939095032e-008, 6.07952443943e-008, 3.77340718671e-008, 9.34935417973e-009, 3.09889586214e-010, 1.72058357145e-011, 2.61955843302e-012, 3.14564849083e-015, 3.41742380547e-019]
        max: [5.43209489479e-006, 0.00127141363919, 0.003219188191, 0.00497619947419, 0.00880305562168, 0.00489546684548, 0.00455836812034, 0.00247386889532, 0.00528080994263, 0.00277625978924, 0.00306218117476, 0.00191715802066, 0.00270681711845, 0.00169890129473, 0.0027303500101, 0.00198421231471, 0.00178190949373, 0.00258715217933, 0.00249601644464, 0.00214946107008, 0.00108349288348, 0.000620741862804, 0.000110469103674, 3.57722419722e-005, 2.12133036257e-005, 1.51782126068e-006, 4.68914862495e-009]
        mean: [6.50309402772e-007, 0.000134152040118, 0.000310448056553, 0.000322078587487, 0.000621521030553, 0.000353382783942, 0.000253770238487, 0.000181989686098, 0.00023382047948, 0.000193784202565, 0.000121103112178, 0.00012228837295, 0.000125477963593, 0.000131881723064, 0.000145250698552, 0.000219234250835, 0.000296830781735, 0.000294767320156, 0.000456484849565, 0.000315481738653, 0.000183217751328, 5.31336700078e-005, 8.33872672956e-006, 2.91782839668e-006, 1.25758799641e-006, 3.68574433196e-008, 4.42800379696e-010]
        median: [4.13665247834e-007, 9.1623966e-005, 0.000211341306567, 0.000174441258423, 0.000394382339437, 0.000204091629712, 0.000141954078572, 9.62449339568e-005, 0.00012104860798, 9.87824751064e-005, 5.2930212405e-005, 6.78910000715e-005, 7.81951530371e-005, 9.32924449444e-005, 0.000106481718831, 0.000190641483641, 0.000268253847025, 0.000270940770861, 0.000441738549853, 0.000294463301543, 0.000161866075359, 3.95753377234e-005, 5.33112506673e-006, 2.15101545109e-006, 9.07696914965e-007, 2.49360425641e-008, 2.94960389446e-010]
        min: [3.13994028543e-025, 2.89585789597e-024, 1.38317618805e-024, 9.45406013127e-025, 6.97295058939e-024, 1.1869098628e-023, 7.33553236067e-024, 8.60138037882e-024, 7.50790241277e-024, 1.36334507292e-023, 1.7532379976e-023, 1.16155232344e-023, 2.44655475211e-023, 4.1606584646e-023, 3.55950795841e-023, 3.57605352704e-023, 5.6539409193e-023, 9.20466380712e-023, 1.13895586035e-022, 1.85657126623e-022, 2.19742645134e-022, 3.50519097234e-022, 3.80117133154e-022, 5.53274878641e-022, 8.08902011181e-022, 1.35016666556e-021, 1.9792656932e-021]
        var: [4.85185134257e-013, 2.03343457628e-008, 1.05313354481e-007, 2.32752185525e-007, 5.96778534145e-007, 1.89412858731e-007, 1.03666934592e-007, 6.00443286203e-008, 1.00197439679e-007, 7.12286194471e-008, 4.51704593729e-008, 2.78791958408e-008, 2.71629883031e-008, 2.0420237945e-008, 2.19263522894e-008, 2.58897472349e-008, 4.06738465131e-008, 3.24989564149e-008, 7.11846155355e-008, 3.68256145578e-008, 1.54611807801e-008, 2.65540989197e-009, 9.46595579698e-011, 9.11556941041e-012, 2.00849276447e-012, 2.61465793576e-015, 2.0160821371e-019]
    frequency_bands:
        dmean: [4.95214010243e-007, 0.000107352774648, 0.000214206753299, 0.000296643382171, 0.000449785962701, 0.000221933922148, 0.000162993354024, 0.000111432906124, 0.000136118746013, 0.000113562651677, 7.59620743338e-005, 6.96198403602e-005, 7.00434902683e-005, 6.87219653628e-005, 7.00255841366e-005, 0.00010103610839, 0.000128889587359, 0.000121455428598, 0.000177980531589, 0.000127742809127, 8.94205659279e-005, 3.57143326255e-005, 6.37698440187e-006, 1.55366444687e-006, 5.93577397012e-007, 1.67433977794e-008, 2.78761624894e-010, 6.02371208469e-011]
        dmean2: [7.82473534855e-007, 0.000189153943211, 0.000361946877092, 0.000526172516402, 0.000785981013905, 0.000377234013285, 0.000272128963843, 0.000184495744179, 0.000227413562243, 0.000190773309441, 0.000126708444441, 0.000115723159979, 0.000117736708489, 0.000115169183118, 0.000116382856504, 0.000169705133885, 0.00021816114895, 0.000204569281777, 0.000298637663946, 0.000214734202018, 0.000155618370627, 6.42131126369e-005, 1.14740141726e-005, 2.69262955044e-006, 9.84234247881e-007, 2.67162025835e-008, 4.8227571936e-010, 1.12251312412e-010]
        dvar: [2.99022579701e-013, 2.16902211747e-008, 6.31390975059e-008, 2.96838010172e-007, 6.89577291269e-007, 1.13115461886e-007, 6.34142480749e-008, 3.02255749318e-008, 5.00226100542e-008, 3.59377914094e-008, 2.33112018577e-008, 1.30500152906e-008, 1.36643132365e-008, 9.01973784551e-009, 8.88093776297e-009, 1.17791598697e-008, 1.87852968736e-008, 1.59849378178e-008, 3.39878916122e-008, 2.24091287748e-008, 1.36520768024e-008, 3.363091583e-009, 1.12562383026e-010, 6.58074376242e-012, 1.10539680707e-012, 1.4193584984e-015, 1.17956498187e-019, 7.66508530209e-021]
        dvar2: [6.99971330897e-013, 5.98280678332e-008, 1.66124593193e-007, 8.48837828471e-007, 1.97185067918e-006, 3.12089696308e-007, 1.72844693225e-007, 8.040537125e-008, 1.38438366548e-007, 1.00474949249e-007, 6.29417868936e-008, 3.48415731821e-008, 3.80431046665e-008, 2.47055034208e-008, 2.35629578071e-008, 3.26276747842e-008, 5.28201589134e-008, 4.43330598898e-008, 9.34939095032e-008, 6.07952443943e-008, 3.77340718671e-008, 9.34935417973e-009, 3.09889586214e-010, 1.72058357145e-011, 2.61955843302e-012, 3.14564849083e-015, 3.41742380547e-019, 2.45751143307e-020]
        max: [5.43209489479e-006, 0.00127141363919, 0.003219188191, 0.00497619947419, 0.00880305562168, 0.00489546684548, 0.00455836812034, 0.00247386889532, 0.00528080994263, 0.00277625978924, 0.00306218117476, 0.00191715802066, 0.00270681711845, 0.00169890129473, 0.0027303500101, 0.00198421231471, 0.00178190949373, 0.00258715217933, 0.00249601644464, 0.00214946107008, 0.00108349288348, 0.000620741862804, 0.000110469103674, 3.57722419722e-005, 2.12133036257e-005, 1.51782126068e-006, 4.68914862495e-009, 1.28162680468e-009]
        mean: [6.50309402772e-007, 0.000134152040118, 0.000310448056553, 0.000322078587487, 0.000621521030553, 0.000353382783942, 0.000253770238487, 0.000181989686098, 0.00023382047948, 0.000193784202565, 0.000121103112178, 0.00012228837295, 0.000125477963593, 0.000131881723064, 0.000145250698552, 0.000219234250835, 0.000296830781735, 0.000294767320156, 0.000456484849565, 0.000315481738653, 0.000183217751328, 5.31336700078e-005, 8.33872672956e-006, 2.91782839668e-006, 1.25758799641e-006, 3.68574433196e-008, 4.42800379696e-010, 4.61802401874e-011]
        median: [4.13665247834e-007, 9.1623966e-005, 0.000211341306567, 0.000174441258423, 0.000394382339437, 0.000204091629712, 0.000141954078572, 9.62449339568e-005, 0.00012104860798, 9.87824751064e-005, 5.2930212405e-005, 6.78910000715e-005, 7.81951530371e-005, 9.32924449444e-005, 0.000106481718831, 0.000190641483641, 0.000268253847025, 0.000270940770861, 0.000441738549853, 0.000294463301543, 0.000161866075359, 3.95753377234e-005, 5.33112506673e-006, 2.15101545109e-006, 9.07696914965e-007, 2.49360425641e-008, 2.94960389446e-010, 1.71617130229e-011]
        min: [3.13994028543e-025, 2.89585789597e-024, 1.38317618805e-024, 9.45406013127e-025, 6.97295058939e-024, 1.1869098628e-023, 7.33553236067e-024, 8.60138037882e-024, 7.50790241277e-024, 1.36334507292e-023, 1.7532379976e-023, 1.16155232344e-023, 2.44655475211e-023, 4.1606584646e-023, 3.55950795841e-023, 3.57605352704e-023, 5.6539409193e-023, 9.20466380712e-023, 1.13895586035e-022, 1.85657126623e-022, 2.19742645134e-022, 3.50519097234e-022, 3.80117133154e-022, 5.53274878641e-022, 8.08902011181e-022, 1.35016666556e-021, 1.9792656932e-021, 4.54863609812e-022]
        var: [4.85185134257e-013, 2.03343457628e-008, 1.05313354481e-007, 2.32752185525e-007, 5.96778534145e-007, 1.89412858731e-007, 1.03666934592e-007, 6.00443286203e-008, 1.00197439679e-007, 7.12286194471e-008, 4.51704593729e-008, 2.78791958408e-008, 2.71629883031e-008, 2.0420237945e-008, 2.19263522894e-008, 2.58897472349e-008, 4.06738465131e-008, 3.24989564149e-008, 7.11846155355e-008, 3.68256145578e-008, 1.54611807801e-008, 2.65540989197e-009, 9.46595579698e-011, 9.11556941041e-012, 2.00849276447e-012, 2.61465793576e-015, 2.0160821371e-019, 5.87094307427e-021]
    mfcc:
        mean: [-692.203369141, 107.060379028, -48.7764587402, 57.2321357727, -13.419011116, -1.48486936092, -0.338849931955, -4.90857696533, 1.03132092953, -4.43363714218, -3.35533237457, -4.10323524475, -5.17540884018]
        cov: [[6080.63623047, 1245.99987793, -257.929107666, 452.33895874, -378.620330811, 59.9902076721, 95.8337860107, 31.7961673737, -157.74407959, -149.377624512, -20.3631134033, -37.8385696411, -111.809951782], [1245.99987793, 592.328125, -158.445571899, 136.125610352, -109.260520935, -10.5765361786, 50.3970909119, -3.88738703728, -21.0323410034, -63.1337966919, -8.82525920868, -10.2169122696, -33.0260658264], [-257.929107666, -158.445571899, 314.20300293, 4.73509263992, 69.862953186, 54.8375740051, 25.6460094452, 44.3362693787, -29.0286808014, -2.75563001633, -28.3135643005, -6.37430429459, -5.62788677216], [452.33895874, 136.125610352, 4.73509263992, 196.031341553, 23.9403114319, 33.5965309143, 25.2111721039, -1.8986042738, -6.10552453995, -8.28835773468, 8.87490177155, -11.2835865021, -29.1336364746], [-378.620330811, -109.260520935, 69.862953186, 23.9403114319, 128.780029297, 45.1686782837, 1.20429801941, -16.0948925018, -2.58150935173, 14.5953731537, -7.87982749939, -7.10906934738, 0.213457167149], [59.9902076721, -10.5765361786, 54.8375740051, 33.5965309143, 45.1686782837, 86.2971725464, 33.2969589233, 15.1551856995, -15.0668325424, -3.49356508255, -6.84436893463, -4.38777399063, -4.91374444962], [95.8337860107, 50.3970909119, 25.6460094452, 25.2111721039, 1.20429801941, 33.2969589233, 80.1396179199, 37.0010719299, -1.23852336407, -9.21564483643, 0.546407878399, -2.36251139641, -16.5338459015], [31.7961673737, -3.88738703728, 44.3362693787, -1.8986042738, -16.0948925018, 15.1551856995, 37.0010719299, 73.3313064575, 23.0651016235, 7.39903974533, -5.62078475952, 1.80167937279, 0.362997770309], [-157.74407959, -21.0323410034, -29.0286808014, -6.10552453995, -2.58150935173, -15.0668325424, -1.23852336407, 23.0651016235, 61.1128425598, 29.1297779083, 8.4602766037, 3.75859642029, 8.29381752014], [-149.377624512, -63.1337966919, -2.75563001633, -8.28835773468, 14.5953731537, -3.49356508255, -9.21564483643, 7.39903974533, 29.1297779083, 57.9811477661, 26.6024475098, 9.76336479187, 4.89261674881], [-20.3631134033, -8.82525920868, -28.3135643005, 8.87490177155, -7.87982749939, -6.84436893463, 0.546407878399, -5.62078475952, 8.4602766037, 26.6024475098, 55.9654502869, 19.92004776, -2.42137074471], [-37.8385696411, -10.2169122696, -6.37430429459, -11.2835865021, -7.10906934738, -4.38777399063, -2.36251139641, 1.80167937279, 3.75859642029, 9.76336479187, 19.92004776, 40.9504394531, 22.2188396454], [-111.809951782, -33.0260658264, -5.62788677216, -29.1336364746, 0.213457167149, -4.91374444962, -16.5338459015, 0.362997770309, 8.29381752014, 4.89261674881, -2.42137074471, 22.2188396454, 52.2428016663]]
        icov: [[0.000423489953391, -0.000570726115257, 8.62568122102e-005, -0.000649606750812, 0.00111010088585, -0.000640618382022, 0.000450430932688, -0.000407455198001, 0.0011161143193, -0.000541967747267, 0.000323123298585, 4.31287007814e-005, 0.000143387791468], [-0.000570726115257, 0.00434446614236, 0.00142112968024, -0.00166293710936, 0.00115046696737, 0.000873040698934, -0.00259420787916, 0.00113583158236, -0.000962006568443, 0.00233211205341, 0.00121654814575, -0.000833064550534, 0.000344202882843], [8.62568122102e-005, 0.00142112968024, 0.00587277673185, -0.00100760220084, -0.00183279556222, -0.000373213755665, 0.000285040237941, -0.00533530581743, 0.00507293827832, -0.000518548651598, 0.00250144698657, -0.0012055527186, 0.00112527864985], [-0.000649606750812, -0.00166293710936, -0.00100760220084, 0.00901656784117, -0.00439518224448, -0.00112623965833, 0.000147378799738, 0.000767698104028, -0.00323297386058, 0.00167742045596, -0.00362759944983, 0.000836772960611, 0.00226356554776], [0.00111010088585, 0.00115046696737, -0.00183279556222, -0.00439518224448, 0.018718585372, -0.00837376527488, -0.00137679418549, 0.00821527186781, -0.000682847341523, -0.00516614736989, 0.00507043674588, 0.000775430060457, -0.000404783495469], [-0.000640618382022, 0.000873040698934, -0.000373213755665, -0.00112623965833, -0.00837376527488, 0.0212621595711, -0.00675878999755, -0.00387687166221, 0.00517527852207, -0.000617037469056, 1.84961936611e-005, 0.00102576555219, -0.00276466668583], [0.000450430932688, -0.00259420787916, 0.000285040237941, 0.000147378799738, -0.00137679418549, -0.00675878999755, 0.0240365155041, -0.0128240799531, 0.00163761130534, 0.00463371397927, -0.00418032845482, -0.00185468874406, 0.0064041740261], [-0.000407455198001, 0.00113583158236, -0.00533530581743, 0.000767698104028, 0.00821527186781, -0.00387687166221, -0.0128240799531, 0.0316658243537, -0.0150336911902, -0.00284449965693, 0.00533960480243, -0.00162083073519, -0.00138755631633], [0.0011161143193, -0.000962006568443, 0.00507293827832, -0.00323297386058, -0.000682847341523, 0.00517527852207, 0.00163761130534, -0.0150336911902, 0.0349027775228, -0.0147956693545, 0.00300856563263, 0.00264365877956, -0.00350382993929], [-0.000541967747267, 0.00233211205341, -0.000518548651598, 0.00167742045596, -0.00516614736989, -0.000617037469056, 0.00463371397927, -0.00284449965693, -0.0147956693545, 0.0357789620757, -0.0163072030991, 0.000223221257329, 0.000790633494034], [0.000323123298585, 0.00121654814575, 0.00250144698657, -0.00362759944983, 0.00507043674588, 1.84961936611e-005, -0.00418032845482, 0.00533960480243, 0.00300856563263, -0.0163072030991, 0.0353327691555, -0.0178466401994, 0.00860539730638], [4.31287007814e-005, -0.000833064550534, -0.0012055527186, 0.000836772960611, 0.000775430060457, 0.00102576555219, -0.00185468874406, -0.00162083073519, 0.00264365877956, 0.000223221257329, -0.0178466401994, 0.0440584123135, -0.020585751161], [0.000143387791468, 0.000344202882843, 0.00112527864985, 0.00226356554776, -0.000404783495469, -0.00276466668583, 0.0064041740261, -0.00138755631633, -0.00350382993929, 0.000790633494034, 0.00860539730638, -0.020585751161, 0.032463606447]]
    sccoeffs:
        dmean: [0.0576622970402, 0.0467861294746, 0.0361666418612, 0.0253488551825, 0.0174004975706, 0.0173695031554]
        dmean2: [0.0969342216849, 0.0791537687182, 0.0615059807897, 0.0429965443909, 0.0297687444836, 0.0279892869294]
        dvar: [0.00223394716159, 0.00135039864108, 0.000796550011728, 0.000398215808673, 0.000186176679563, 0.000219005349209]
        dvar2: [0.00641806423664, 0.00380543107167, 0.00225526932627, 0.00114155176561, 0.000537171494216, 0.000541632645763]
        max: [-0.420229136944, -0.414426326752, -0.627174913883, -0.477789670229, -0.546074926853, -0.586618721485]
        mean: [-0.672990202904, -0.773270368576, -0.806747674942, -0.814575612545, -0.813058257103, -0.734665930271]
        median: [-0.675668179989, -0.776703715324, -0.808612346649, -0.818609952927, -0.813379764557, -0.73373234272]
        min: [-0.981893718243, -0.988099992275, -0.980886638165, -0.972786784172, -0.968218386173, -0.964218497276]
        var: [0.00524580245838, 0.00386944506317, 0.00226422538981, 0.00182280340232, 0.000889724760782, 0.00160286715254]
    scvalleys:
        dmean: [0.367745667696, 0.33601167798, 0.285337895155, 0.227377489209, 0.193437725306, 0.266404151917]
        dmean2: [0.621838867664, 0.559580206871, 0.465710937977, 0.356153964996, 0.299329817295, 0.432833760977]
        dvar: [0.0946978479624, 0.0878044366837, 0.064426548779, 0.0490223318338, 0.0493925996125, 0.111684769392]
        dvar2: [0.247538566589, 0.207171916962, 0.138340339065, 0.0926717594266, 0.0923003554344, 0.257057070732]
        max: [-5.18263816833, -4.80692005157, -4.81704425812, -5.5480556488, -5.56569719315, -8.10768508911]
        mean: [-6.72336626053, -6.50656366348, -6.88753843307, -7.00966882706, -6.89205169678, -9.84105587006]
        median: [-6.30725955963, -6.13855409622, -6.54586076736, -6.63214206696, -6.4923658371, -9.47366333008]
        min: [-28.3777370453, -27.9968261719, -27.7730445862, -27.6387329102, -27.5425395966, -27.4008331299]
        var: [6.13358306885, 5.83760309219, 5.69362306595, 5.46538066864, 5.53790998459, 4.66920614243]

rhythm:
    beats_loudness:
        dmean: 0.00136534008197
        dmean2: 0.00237159454264
        dvar: 1.17515969578e-006
        dvar2: 3.21083780364e-006
        max: 0.0121213765815
        mean: 0.00611290289089
        median: 0.00632447889075
        min: 0
        var: 4.59175316792e-006
    bpm: 85.5594863892
    bpm_confidence: 0
    first_peak_bpm: 86
    first_peak_spread: 0.0145349074155
    first_peak_weight: 0.960339903831
    onset_rate: 2.91008257866
    second_peak_bpm: 91
    second_peak_spread: 0.285714298487
    second_peak_weight: 0.0141643062234
    beats_loudness_band_ratio:
        dmean: [0.0957847610116, 0.0677644759417, 0.0600578486919, 0.0490510351956, 0.0534813329577, 0.0507013425231]
        dmean2: [0.169395804405, 0.116085410118, 0.10400082916, 0.0855947211385, 0.0915505215526, 0.0861049219966]
        dvar: [0.00617302628234, 0.00354596134275, 0.00340293045156, 0.00229167053476, 0.00406174128875, 0.00160849443637]
        dvar2: [0.020268233493, 0.0106127066538, 0.010207850486, 0.00691096019, 0.00872507598251, 0.00478326575831]
        max: [0.564691960812, 0.370755344629, 0.432564139366, 0.446351110935, 0.994859516621, 0.369421064854]
        mean: [0.255492568016, 0.137546494603, 0.116842269897, 0.105433471501, 0.2233787328, 0.203385934234]
        median: [0.247587889433, 0.123064078391, 0.0978787243366, 0.0884229913354, 0.204251512885, 0.203206539154]
        min: [0, 0, 0, 0, 0, 0]
        var: [0.0125669762492, 0.00527987116948, 0.00514636095613, 0.00367681798525, 0.0122956344858, 0.00352006242611]
    beats_position: [0.696598649025, 1.39319729805, 2.08979582787, 2.7863945961, 3.48299312592, 4.17959165573, 4.87619018555, 5.5727891922, 6.26938772202, 6.97759628296, 7.6858048439, 8.38240337372, 9.07900238037, 9.77560043335, 10.4838094711, 11.1920175552, 11.8886165619, 12.5852155685, 13.2934236526, 14.0016326904, 14.6982307434, 15.3948297501, 16.0914287567, 16.7996368408, 17.5078449249, 18.2044448853, 18.9010429382, 19.5976409912, 20.3058490753, 21.0140590668, 21.7106571198, 22.4072551727, 23.1154651642, 23.8236732483, 24.5202713013, 25.2168693542, 25.9250793457, 26.6332874298, 27.3298854828, 28.0264854431, 28.7230834961, 29.4312915802, 30.1394996643, 30.8360996246, 31.5326976776, 32.2409057617, 32.9491157532, 33.6457138062, 34.3423118591, 35.0505218506, 35.7587280273, 36.455329895, 37.151927948, 37.848526001, 38.5567321777, 39.2649421692, 39.9615402222, 40.6581382751, 41.3663482666, 42.0745582581, 42.771156311, 43.467754364, 44.164352417, 44.8725624084, 45.5807685852, 46.2773704529, 46.9739685059, 47.6705665588, 48.3787727356, 49.0869827271, 49.78358078, 50.480178833, 51.1883888245, 51.8965988159, 52.5931968689, 53.2897949219, 53.9863929749, 54.6946029663, 55.4028091431, 56.0994110107, 56.7960090637, 57.5042152405, 58.2124252319, 58.9090232849, 59.6056213379, 60.3022193909, 61.0104293823, 61.7186393738, 62.4152374268, 63.1118354797, 63.8084335327, 64.5166397095, 65.2248535156, 65.9214477539, 66.6180496216, 67.3262557983, 68.0344696045, 68.7310638428, 69.4276657104, 70.1242599487, 70.8324737549, 71.5406799316, 72.2372741699, 72.9454879761, 73.6420822144, 74.3502960205, 75.0468902588, 75.7434921265, 76.4516983032, 77.15990448, 77.8565063477, 78.5531082153, 79.2497024536, 79.9579086304, 80.6661224365, 81.3627166748, 82.0593185425, 82.7675247192, 83.4641265869, 84.1723327637, 84.8689346313, 85.5655288696, 86.2621307373, 86.9703369141, 87.6785507202, 88.3751449585, 89.0833511353, 89.7915649414, 90.4881591797, 91.1847610474, 91.8929672241, 92.6011810303, 93.2977752686, 93.9943771362, 94.6909713745, 95.3875732422, 96.0957794189, 96.8039855957, 97.5005874634, 98.1971893311, 98.8937835693, 99.6019973755, 100.310203552, 101.006797791, 101.703399658, 102.400001526, 103.108207703, 103.816413879, 104.524627686, 105.232833862, 105.929428101, 106.626029968, 107.322631836, 108.019226074, 108.727432251, 109.435646057, 110.132240295, 110.828842163, 111.525436401, 112.245262146, 112.941856384, 113.638458252, 114.33505249, 115.043266296, 115.751472473, 116.448066711, 117.156280518, 117.864486694, 118.561088562, 119.2576828, 119.954284668, 120.662490845, 121.370697021, 122.067298889, 122.763900757, 123.460494995, 124.168708801, 124.876914978, 125.573509216, 126.270111084, 126.966712952, 127.674919128, 128.383132935, 129.079727173, 129.78793335, 130.496139526, 131.192733765, 131.889343262, 132.5859375, 133.294143677, 134.002349854, 134.698959351, 135.407165527, 136.115371704, 136.811965942, 137.508575439, 138.205169678, 138.901763916, 139.609970093, 140.31817627, 141.014785767, 141.722991943, 142.43119812, 143.127792358, 143.824401855, 144.520996094, 145.217590332, 145.914199829, 146.622406006, 147.330612183, 148.027206421, 148.735412598, 149.443618774, 150.140228271, 150.83682251, 151.533416748, 152.241622925, 152.94984436, 153.646438599, 154.343032837, 155.039627075, 155.747848511, 156.456054688, 157.152648926, 157.849243164, 158.5574646, 159.265670776, 159.962265015, 160.658859253, 161.35546875, 162.063674927, 162.771881104, 163.468475342, 164.16506958, 164.861679077, 165.569885254, 166.278091431, 166.974685669, 167.682891846, 168.391113281, 169.08770752, 169.784301758, 170.480911255, 171.189117432, 171.897323608, 172.593917847, 173.290512085, 173.987121582, 174.695327759, 175.403533936, 176.100128174, 176.796737671, 177.504943848, 178.201538086, 178.909744263, 179.606338501, 180.302947998, 181.011154175, 181.719360352, 182.41595459, 183.112564087, 183.809158325, 184.517364502, 185.225570679, 185.922180176, 186.618774414, 187.326980591, 188.035186768, 188.731781006, 189.428390503, 190.13659668, 190.844802856, 191.541397095, 192.238006592, 192.93460083, 193.642807007, 194.351013184, 195.047622681, 195.744216919, 196.440811157, 197.137405396, 197.845626831, 198.553833008, 199.250427246, 199.958633423, 200.6668396, 201.363449097, 202.071655273, 202.768249512, 203.46484375, 204.173049927, 204.869659424, 205.566253662, 206.274459839, 206.982666016, 207.679275513, 208.375869751, 209.084075928, 209.792282104, 210.488891602, 211.18548584, 211.882080078, 212.590286255, 213.298492432, 213.995101929, 214.691696167, 215.399902344, 216.096496582, 216.793106079, 217.501312256, 218.209518433, 218.917724609, 219.614334106, 220.310928345, 221.007522583, 221.71572876, 222.423934937, 223.120544434, 223.817138672, 224.51373291, 225.221939087, 225.930160522, 226.626754761, 227.323348999, 228.019943237, 228.728164673, 229.43637085, 230.132965088, 230.841171265, 231.549377441, 232.245986938, 232.942581177, 233.639175415, 234.335784912, 235.043991089, 235.752197266, 236.448791504, 237.156997681, 237.853607178, 238.561813354, 239.258407593, 239.978225708, 240.698043823, 241.429473877, 242.160903931, 242.799453735, 243.43800354, 244.064941406, 244.680267334, 245.342041016, 246.003799438, 246.66557312, 247.327346802, 247.989105225]
