
metadata:
    version:
        essentia: "2.1-beta2"
    audio_properties:
        analysis_sample_rate: 44100
        bitrate: 320
        channels: 2
        equal_loudness: 1
        length: 377.652252197
        replay_gain: -13.4472942352
        downmix: "mix"
    tags:
        album: "Deceiver Of The Gods"
        artist: "Amon Amarth"
        comment: ""
        date: "2013"
        genre: "Death Metal"
        title: "Under Siege"
        tracknumber: "05"

configuration:
    average_loudness:
        compute: 1
        frameSize: 88200
        hopSize: 44100
        silentFrames: "noise"
        windowType: "hann"
    general:
        analysisSampleRate: 44100
        endTime: 2000
        equalLoudness: 1
        nequalLoudness: 0
        shortSound: 0
        startTime: 0
    lowlevel:
        compute: 1
        frameSize: 2048
        hopSize: 1024
        zeroPadding: 0
        silentFrames: "noise"
        windowType: "blackmanharris62"
        mfccStats: ["mean", "cov", "icov"]
        stats: ["mean", "var", "median", "min", "max", "dmean", "dmean2", "dvar", "dvar2"]
    panning:
        compute: 0
        frameSize: 8192
        hopSize: 2048
        zeroPadding: 8192
        silentFrames: "noise"
        windowType: "hann"
        stats: ["copy"]
    rhythm:
        compute: 1
        maxTempo: 208
        minTempo: 40
        method: "degara"
        stats: ["mean", "var", "median", "min", "max", "dmean", "dmean2", "dvar", "dvar2"]
    segmentation:
        compute: 0
        cpw: 5
        inc1: 300
        inc2: 50
        minimumSegmentsLength: 10
        size1: 1000
        size2: 600
    sfx:
        compute: 1
        stats: ["mean", "var", "median", "min", "max", "dmean", "dmean2", "dvar", "dvar2"]
    svm:
        compute: 0
    tonal:
        compute: 1
        frameSize: 4096
        hopSize: 2048
        zeroPadding: 0
        silentFrames: "noise"
        windowType: "blackmanharris62"
        stats: ["mean", "var", "median", "min", "max", "dmean", "dmean2", "dvar", "dvar2"]

lowlevel:
    average_loudness: 0.863408029079
    barkbands_kurtosis:
        dmean: 0.678359568119
        dmean2: 1.08682000637
        dvar: 1.64204263687
        dvar2: 3.57523369789
        max: 57.5041046143
        mean: -0.667714893818
        median: -1.21584570408
        min: -1.88704311848
        var: 3.708142519
    barkbands_skewness:
        dmean: 0.392524331808
        dmean2: 0.615913748741
        dvar: 0.132498621941
        dvar2: 0.310860425234
        max: 5.4348154068
        mean: -0.0929755717516
        median: -0.289371669292
        min: -2.70808076859
        var: 0.860197305679
    barkbands_spread:
        dmean: 5.9498333931
        dmean2: 9.72747325897
        dvar: 29.273349762
        dvar2: 74.9097595215
        max: 68.8981323242
        mean: 39.3140983582
        median: 40.0876998901
        min: 2.15183186531
        var: 93.8060760498
    dissonance:
        dmean: 0.00816292501986
        dmean2: 0.0138968452811
        dvar: 6.41178485239e-005
        dvar2: 0.000176717730938
        max: 0.500000178814
        mean: 0.484576910734
        median: 0.488269329071
        min: 0.354077994823
        var: 0.000175725872396
    hfc:
        dmean: 2.79232621193
        dmean2: 4.81970453262
        dvar: 12.6178789139
        dvar2: 34.234954834
        max: 38.5148391724
        mean: 9.37088108063
        median: 9.66199874878
        min: 1.18569591016e-016
        var: 33.4659118652
    pitch:
        dmean: 898.89239502
        dmean2: 1734.08728027
        dvar: 1967417.125
        dvar2: 4730946
        max: 4418.01269531
        mean: 2300.16796875
        median: 3606.64892578
        min: 47.6493453979
        var: 2948328.25
    pitch_instantaneous_confidence:
        dmean: 0.0748010650277
        dmean2: 0.124099880457
        dvar: 0.00356617569923
        dvar2: 0.0094951428473
        max: 0.873846054077
        mean: 0.391238033772
        median: 0.392293602228
        min: 0.122261583805
        var: 0.0120991040021
    pitch_salience:
        dmean: 0.0522678680718
        dmean2: 0.0861218497157
        dvar: 0.00210274150595
        dvar2: 0.00554593047127
        max: 0.841891527176
        mean: 0.6667278409
        median: 0.687603414059
        min: 0.231671139598
        var: 0.00802687648684
    silence_rate_20dB:
        dmean: 0
        dmean2: 0
        dvar: 0
        dvar2: 0
        max: 1
        mean: 1
        median: 1
        min: 1
        var: 0
    silence_rate_30dB:
        dmean: 0
        dmean2: 0
        dvar: 0
        dvar2: 0
        max: 1
        mean: 1
        median: 1
        min: 1
        var: 0
    silence_rate_60dB:
        dmean: 0.0491853691638
        dmean2: 0.0983152985573
        dvar: 0.0467723757029
        dvar2: 0.111257970333
        max: 1
        mean: 0.259744256735
        median: 0
        min: 0
        var: 0.19228939712
    spectral_centroid:
        dmean: 279.331085205
        dmean2: 445.06817627
        dvar: 74446.625
        dvar2: 168188.703125
        max: 11223.8408203
        mean: 1936.0715332
        median: 2051.45507813
        min: 98.7000808716
        var: 432140.625
    spectral_complexity:
        dmean: 3.86523199081
        dmean2: 6.27287244797
        dvar: 14.8005638123
        dvar2: 36.5944747925
        max: 48
        mean: 18.1551094055
        median: 19
        min: 0
        var: 106.792198181
    spectral_crest:
        dmean: 1.64305961132
        dmean2: 2.76369833946
        dvar: 2.55610823631
        dvar2: 6.84782552719
        max: 22.1212368011
        mean: 6.39672994614
        median: 5.77115917206
        min: 2.30614519119
        var: 5.98503303528
    spectral_decrease:
        dmean: 3.19030690754e-010
        dmean2: 5.47543177465e-010
        dvar: 3.08422356401e-019
        dvar2: 8.3913270032e-019
        max: 1.27239378448e-028
        mean: -1.00826169636e-009
        median: -9.4425123276e-010
        min: -6.49632347915e-009
        var: 5.16310628719e-019
    spectral_energy:
        dmean: 0.00142390548717
        dmean2: 0.00245166290551
        dvar: 5.459179647e-006
        dvar2: 1.48228282342e-005
        max: 0.0269835852087
        mean: 0.00465537514538
        median: 0.00447891745716
        min: 1.05510869553e-020
        var: 9.93427147478e-006
    spectral_energyband_high:
        dmean: 0.000263692520093
        dmean2: 0.000462189433165
        dvar: 1.18454991593e-007
        dvar2: 3.29319590264e-007
        max: 0.00321396021172
        mean: 0.00061638612533
        median: 0.000566347094718
        min: 7.69763372829e-021
        var: 2.0899527442e-007
    spectral_energyband_low:
        dmean: 0.000280729174847
        dmean2: 0.00047960144002
        dvar: 1.65833640153e-007
        dvar2: 4.47806826287e-007
        max: 0.00776206888258
        mean: 0.00046898672008
        median: 0.000355113093974
        min: 8.96565094353e-023
        var: 2.16315697799e-007
    spectral_energyband_middle_high:
        dmean: 0.000606777553912
        dmean2: 0.00101367512252
        dvar: 4.81921915707e-007
        dvar2: 1.28055921778e-006
        max: 0.00895588193089
        mean: 0.00221275049262
        median: 0.00218249135651
        min: 1.24546409848e-021
        var: 2.0632576252e-006
    spectral_energyband_middle_low:
        dmean: 0.000778497196734
        dmean2: 0.00131562817842
        dvar: 3.10650511892e-006
        dvar2: 8.57763825479e-006
        max: 0.0209594350308
        mean: 0.00151038623881
        median: 0.000986036844552
        min: 2.80767157714e-022
        var: 3.46826504938e-006
    spectral_flatness_db:
        dmean: 0.013366419822
        dmean2: 0.0201923027635
        dvar: 0.000153623608639
        dvar2: 0.000333586329361
        max: 0.406987637281
        mean: 0.147963598371
        median: 0.139114111662
        min: 0.046485748142
        var: 0.0013109309366
    spectral_flux:
        dmean: 0.00720008509234
        dmean2: 0.0111863035709
        dvar: 9.40717873164e-005
        dvar2: 0.000177229347173
        max: 0.13226121664
        mean: 0.0395374894142
        median: 0.0408312268555
        min: 1.02718486494e-010
        var: 0.000382318656193
    spectral_kurtosis:
        dmean: 1.29729306698
        dmean2: 2.21502828598
        dvar: 8.37714672089
        dvar2: 21.7272090912
        max: 70.6287689209
        mean: 3.35751461983
        median: 2.76772737503
        min: -1.23709201813
        var: 13.4504384995
    spectral_rms:
        dmean: 0.000281428423477
        dmean2: 0.00047432660358
        dvar: 1.37260329325e-007
        dvar2: 3.63390455504e-007
        max: 0.00513083301485
        mean: 0.00197261129506
        median: 0.00209037680179
        min: 3.20838646449e-012
        var: 6.5065120225e-007
    spectral_rolloff:
        dmean: 299.456604004
        dmean2: 491.385528564
        dvar: 191147.203125
        dvar2: 375985.78125
        max: 18863.0859375
        mean: 3604.10009766
        median: 3854.44335938
        min: 129.19921875
        var: 856273.625
    spectral_skewness:
        dmean: 0.183775052428
        dmean2: 0.301695346832
        dvar: 0.0654794052243
        dvar2: 0.160819038749
        max: 6.25476694107
        mean: 1.04921865463
        median: 1.00496184826
        min: -0.135804951191
        var: 0.151858448982
    spectral_spread:
        dmean: 360603.0625
        dmean2: 551324.0625
        dvar: 285178101760
        dvar2: 422006226944
        max: 41868032
        mean: 4120111
        median: 4119613
        min: 791586.75
        var: 815452192768
    spectral_strongpeak:
        dmean: 0.460299760103
        dmean2: 0.830263733864
        dvar: 0.629164397717
        dvar2: 1.71252286434
        max: 8.72353458405
        mean: 0.484876722097
        median: 0.167874842882
        min: 0
        var: 0.63844203949
    zerocrossingrate:
        dmean: 0.00764222443104
        dmean2: 0.00944732967764
        dvar: 6.65272091283e-005
        dvar2: 8.78498831298e-005
        max: 0.51953125
        mean: 0.110061734915
        median: 0.11572265625
        min: 0.0029296875
        var: 0.000789950310718
    barkbands:
        dmean: [1.13461749152e-006, 0.000117382958706, 0.000149216706632, 0.00018699123757, 0.000451773987152, 0.000131147171487, 0.000135858688736, 0.00010442292114, 7.83629511716e-005, 6.92634275765e-005, 5.4101968999e-005, 4.44239558419e-005, 4.43983008154e-005, 3.94792223233e-005, 3.38252357324e-005, 0.000100713870779, 0.000117739458801, 0.000129550404381, 0.000284815614577, 0.000273174140602, 0.000114148060675, 4.40245530626e-005, 4.17853289036e-006, 1.26529391764e-006, 6.79051595398e-007, 3.04669285356e-008, 4.77301809187e-010]
        dmean2: [1.92200900528e-006, 0.000208208803087, 0.000252557976637, 0.000313285301672, 0.000775336229708, 0.000217825101572, 0.000233706334257, 0.000179127440788, 0.000127062623505, 0.000114672890049, 9.14886695682e-005, 7.33781125746e-005, 7.39591559977e-005, 6.48336063023e-005, 5.67840506847e-005, 0.000168761180248, 0.000197809567908, 0.000221626018174, 0.000485107826535, 0.000473206891911, 0.000195085420273, 7.9383396951e-005, 7.19238460078e-006, 2.0955153559e-006, 1.1336838952e-006, 4.87376787817e-008, 7.84069642545e-010]
        dvar: [3.5837055979e-012, 3.84625948868e-008, 5.01206258718e-008, 1.02315077299e-007, 1.42606882036e-006, 7.33829637056e-008, 1.06465229521e-007, 6.86728895971e-008, 2.40084041536e-008, 2.20913367599e-008, 1.63716542545e-008, 7.87385268097e-009, 1.08282423028e-008, 7.1941985702e-009, 3.07370129349e-009, 1.48940495492e-008, 2.05726280456e-008, 2.47456330982e-008, 1.06821751444e-007, 1.05564616604e-007, 1.77646146682e-008, 4.44462777693e-009, 4.47521499025e-011, 6.94777915755e-012, 2.26654220566e-012, 5.77826394859e-015, 8.60913451523e-019]
        dvar2: [9.00655851982e-012, 1.04055587258e-007, 1.34816801278e-007, 2.64865406052e-007, 3.97594976675e-006, 1.95977463591e-007, 2.91069000014e-007, 1.89318200228e-007, 6.29470733315e-008, 6.06949441817e-008, 4.70448107137e-008, 2.11144826068e-008, 2.94122397548e-008, 1.83302599766e-008, 8.3755828939e-009, 4.08218738812e-008, 5.64449855744e-008, 6.80278375853e-008, 2.95647453186e-007, 2.95830801633e-007, 4.98683547789e-008, 1.2299001817e-008, 1.16043209764e-010, 1.53090717186e-011, 5.25199285104e-012, 1.40508730614e-014, 2.15279668758e-018]
        max: [1.08067479232e-005, 0.00190519273747, 0.00445561949164, 0.00607727281749, 0.0140766846016, 0.00802273675799, 0.00552219571546, 0.00592639250681, 0.00262633874081, 0.00304024107754, 0.00235095620155, 0.00182511785533, 0.00205713277683, 0.00241518416442, 0.0014230493689, 0.0019803957548, 0.00271728797816, 0.00209398800507, 0.00367320491932, 0.00312941055745, 0.00197372189723, 0.000680741446558, 0.000125897771795, 6.33702002233e-005, 4.44355755462e-005, 2.27522423302e-006, 2.39740494123e-008]
        mean: [9.31819897687e-007, 0.000122020646813, 0.000232167920331, 0.000265138805844, 0.000547519011889, 0.000215538224438, 0.000174745029653, 0.000137391049066, 0.000134612637339, 0.000115142887807, 8.88035137905e-005, 7.81003982411e-005, 7.59463509894e-005, 7.02283141436e-005, 6.50575311738e-005, 0.000206475873711, 0.000263880414423, 0.000259564985754, 0.000640678510536, 0.000589878240135, 0.000292143464321, 6.79945223965e-005, 7.89355271991e-006, 2.38469442593e-006, 1.09432721729e-006, 4.84373821052e-008, 7.08495040413e-010]
        median: [1.41597070069e-007, 5.71271884837e-005, 0.000153461325681, 0.000140489530168, 0.000244696449954, 0.000107699655928, 5.97584221396e-005, 4.07524275943e-005, 6.34908865322e-005, 3.9061960706e-005, 2.87924631266e-005, 3.10258328682e-005, 2.33690934692e-005, 3.46619017364e-005, 4.84772281197e-005, 0.000177739173523, 0.00023157853866, 0.000230134275625, 0.000608411384746, 0.000541457440704, 0.000287297589239, 4.75761553389e-005, 5.14492876391e-006, 1.34924619033e-006, 5.73376382818e-007, 1.99812433266e-008, 3.67141123059e-010]
        min: [5.25545445945e-024, 1.46013451945e-023, 5.61205240523e-023, 1.81272599846e-023, 7.96187719091e-023, 1.1912791267e-023, 6.28461186274e-023, 1.82263014713e-023, 6.61308786387e-023, 3.87657829304e-023, 8.64308319503e-023, 5.29439642027e-023, 1.01559473862e-022, 6.97824400383e-023, 1.03670617106e-022, 5.37575890294e-023, 1.39485110462e-022, 2.20652397395e-022, 1.66685665563e-022, 1.88626272852e-022, 4.20045435157e-022, 4.89515681914e-022, 6.95444627913e-022, 7.61182111085e-022, 1.03736971036e-021, 1.33152480951e-021, 2.13664649826e-021]
        var: [3.09297010746e-012, 3.19291366679e-008, 7.6577471475e-008, 1.64438731076e-007, 1.16631258607e-006, 1.30094989004e-007, 1.31538897108e-007, 8.84345041641e-008, 4.77753978601e-008, 4.41031495768e-008, 2.96310727066e-008, 1.80831793983e-008, 2.22705605069e-008, 1.36616842283e-008, 5.27861843125e-009, 3.03123321999e-008, 4.74439865172e-008, 4.27694111238e-008, 2.11064502764e-007, 1.93679241534e-007, 4.01396924588e-008, 4.87539431049e-009, 8.78630571077e-011, 1.54206005604e-011, 3.64944055878e-012, 8.41200532489e-015, 1.24308712794e-018]
    frequency_bands:
        dmean: [1.13461749152e-006, 0.000117382958706, 0.000149216706632, 0.00018699123757, 0.000451773987152, 0.000131147171487, 0.000135858688736, 0.00010442292114, 7.83629511716e-005, 6.92634275765e-005, 5.4101968999e-005, 4.44239558419e-005, 4.43983008154e-005, 3.94792223233e-005, 3.38252357324e-005, 0.000100713870779, 0.000117739458801, 0.000129550404381, 0.000284815614577, 0.000273174140602, 0.000114148060675, 4.40245530626e-005, 4.17853289036e-006, 1.26529391764e-006, 6.79051595398e-007, 3.04669285356e-008, 4.77301809187e-010, 5.77337656849e-011]
        dmean2: [1.92200900528e-006, 0.000208208803087, 0.000252557976637, 0.000313285301672, 0.000775336229708, 0.000217825101572, 0.000233706334257, 0.000179127440788, 0.000127062623505, 0.000114672890049, 9.14886695682e-005, 7.33781125746e-005, 7.39591559977e-005, 6.48336063023e-005, 5.67840506847e-005, 0.000168761180248, 0.000197809567908, 0.000221626018174, 0.000485107826535, 0.000473206891911, 0.000195085420273, 7.9383396951e-005, 7.19238460078e-006, 2.0955153559e-006, 1.1336838952e-006, 4.87376787817e-008, 7.84069642545e-010, 1.07533031091e-010]
        dvar: [3.5837055979e-012, 3.84625948868e-008, 5.01206258718e-008, 1.02315077299e-007, 1.42606882036e-006, 7.33829637056e-008, 1.06465229521e-007, 6.86728895971e-008, 2.40084041536e-008, 2.20913367599e-008, 1.63716542545e-008, 7.87385268097e-009, 1.08282423028e-008, 7.1941985702e-009, 3.07370129349e-009, 1.48940495492e-008, 2.05726280456e-008, 2.47456330982e-008, 1.06821751444e-007, 1.05564616604e-007, 1.77646146682e-008, 4.44462777693e-009, 4.47521499025e-011, 6.94777915755e-012, 2.26654220566e-012, 5.77826394859e-015, 8.60913451523e-019, 8.04313511481e-021]
        dvar2: [9.00655851982e-012, 1.04055587258e-007, 1.34816801278e-007, 2.64865406052e-007, 3.97594976675e-006, 1.95977463591e-007, 2.91069000014e-007, 1.89318200228e-007, 6.29470733315e-008, 6.06949441817e-008, 4.70448107137e-008, 2.11144826068e-008, 2.94122397548e-008, 1.83302599766e-008, 8.3755828939e-009, 4.08218738812e-008, 5.64449855744e-008, 6.80278375853e-008, 2.95647453186e-007, 2.95830801633e-007, 4.98683547789e-008, 1.2299001817e-008, 1.16043209764e-010, 1.53090717186e-011, 5.25199285104e-012, 1.40508730614e-014, 2.15279668758e-018, 2.58719331984e-020]
        max: [1.08067479232e-005, 0.00190519273747, 0.00445561949164, 0.00607727281749, 0.0140766846016, 0.00802273675799, 0.00552219571546, 0.00592639250681, 0.00262633874081, 0.00304024107754, 0.00235095620155, 0.00182511785533, 0.00205713277683, 0.00241518416442, 0.0014230493689, 0.0019803957548, 0.00271728797816, 0.00209398800507, 0.00367320491932, 0.00312941055745, 0.00197372189723, 0.000680741446558, 0.000125897771795, 6.33702002233e-005, 4.44355755462e-005, 2.27522423302e-006, 2.39740494123e-008, 1.2676595329e-009]
        mean: [9.31819897687e-007, 0.000122020646813, 0.000232167920331, 0.000265138805844, 0.000547519011889, 0.000215538224438, 0.000174745029653, 0.000137391049066, 0.000134612637339, 0.000115142887807, 8.88035137905e-005, 7.81003982411e-005, 7.59463509894e-005, 7.02283141436e-005, 6.50575311738e-005, 0.000206475873711, 0.000263880414423, 0.000259564985754, 0.000640678510536, 0.000589878240135, 0.000292143464321, 6.79945223965e-005, 7.89355271991e-006, 2.38469442593e-006, 1.09432721729e-006, 4.84373821052e-008, 7.08495040413e-010, 4.576179366e-011]
        median: [1.41597070069e-007, 5.71271884837e-005, 0.000153461325681, 0.000140489530168, 0.000244696449954, 0.000107699655928, 5.97584221396e-005, 4.07524275943e-005, 6.34908865322e-005, 3.9061960706e-005, 2.87924631266e-005, 3.10258328682e-005, 2.33690934692e-005, 3.46619017364e-005, 4.84772281197e-005, 0.000177739173523, 0.00023157853866, 0.000230134275625, 0.000608411384746, 0.000541457440704, 0.000287297589239, 4.75761553389e-005, 5.14492876391e-006, 1.34924619033e-006, 5.73376382818e-007, 1.99812433266e-008, 3.67141123059e-010, 1.55663953949e-011]
        min: [5.25545445945e-024, 1.46013451945e-023, 5.61205240523e-023, 1.81272599846e-023, 7.96187719091e-023, 1.1912791267e-023, 6.28461186274e-023, 1.82263014713e-023, 6.61308786387e-023, 3.87657829304e-023, 8.64308319503e-023, 5.29439642027e-023, 1.01559473862e-022, 6.97824400383e-023, 1.03670617106e-022, 5.37575890294e-023, 1.39485110462e-022, 2.20652397395e-022, 1.66685665563e-022, 1.88626272852e-022, 4.20045435157e-022, 4.89515681914e-022, 6.95444627913e-022, 7.61182111085e-022, 1.03736971036e-021, 1.33152480951e-021, 2.13664649826e-021, 7.9536233077e-022]
        var: [3.09297010746e-012, 3.19291366679e-008, 7.6577471475e-008, 1.64438731076e-007, 1.16631258607e-006, 1.30094989004e-007, 1.31538897108e-007, 8.84345041641e-008, 4.77753978601e-008, 4.41031495768e-008, 2.96310727066e-008, 1.80831793983e-008, 2.22705605069e-008, 1.36616842283e-008, 5.27861843125e-009, 3.03123321999e-008, 4.74439865172e-008, 4.27694111238e-008, 2.11064502764e-007, 1.93679241534e-007, 4.01396924588e-008, 4.87539431049e-009, 8.78630571077e-011, 1.54206005604e-011, 3.64944055878e-012, 8.41200532489e-015, 1.24308712794e-018, 6.22367300152e-021]
    mfcc:
        mean: [-719.587585449, 99.9817504883, -46.6906204224, 72.1515274048, -16.4954376221, -2.70462012291, 2.93040370941, -4.61833286285, 2.43296647072, -5.77741670609, -6.89467334747, -5.39687824249, -2.35362172127]
        cov: [[8412.80566406, -92.7206268311, -1173.56152344, 666.460449219, -779.075378418, 132.16746521, 18.2778663635, 151.947814941, 199.774414063, 24.9734592438, 87.6064300537, 88.8099975586, 44.8437347412], [-92.7206268311, 594.107849121, -176.674789429, -17.9081459045, 14.0671567917, -62.9387130737, 44.9216842651, -9.01699638367, 17.2146930695, -14.2799110413, 12.8845748901, 2.52058243752, 2.89984583855], [-1173.56152344, -176.674789429, 451.584014893, -131.540512085, 160.802062988, -21.5900039673, -52.4532966614, -11.0854711533, -70.2763977051, 13.6296510696, -30.9135189056, -25.143075943, -9.77994537354], [666.460449219, -17.9081459045, -131.540512085, 359.983062744, -60.2936820984, 38.6943244934, -25.206445694, -37.1097488403, 54.1721611023, -15.0736656189, -2.16728043556, -21.6822242737, 4.94009208679], [-779.075378418, 14.0671567917, 160.802062988, -60.2936820984, 209.803161621, 11.0550203323, 27.0823059082, 6.21830940247, -29.0423126221, 24.1107635498, -1.63296031952, -13.8414487839, -2.46480321884], [132.16746521, -62.9387130737, -21.5900039673, 38.6943244934, 11.0550203323, 87.636100769, 32.5860290527, 11.8945598602, 0.917017400265, -2.59745502472, 8.22845935822, 1.90813219547, -1.37070119381], [18.2778663635, 44.9216842651, -52.4532966614, -25.206445694, 27.0823059082, 32.5860290527, 115.821350098, 66.0166244507, 19.7392711639, 6.52963256836, 9.1250629425, 9.0808172226, 11.4487762451], [151.947814941, -9.01699638367, -11.0854711533, -37.1097488403, 6.21830940247, 11.8945598602, 66.0166244507, 121.249847412, 39.1404342651, 30.3136787415, 7.75918722153, 9.36166286469, 18.7099494934], [199.774414063, 17.2146930695, -70.2763977051, 54.1721611023, -29.0423126221, 0.917017400265, 19.7392711639, 39.1404342651, 82.9282913208, 26.884519577, 13.7879638672, 3.97030591965, 7.60546016693], [24.9734592438, -14.2799110413, 13.6296510696, -15.0736656189, 24.1107635498, -2.59745502472, 6.52963256836, 30.3136787415, 26.884519577, 73.1868209839, 29.0254058838, 7.63426351547, 7.03357124329], [87.6064300537, 12.8845748901, -30.9135189056, -2.16728043556, -1.63296031952, 8.22845935822, 9.1250629425, 7.75918722153, 13.7879638672, 29.0254058838, 57.4358940125, 25.8103160858, 8.75772953033], [88.8099975586, 2.52058243752, -25.143075943, -21.6822242737, -13.8414487839, 1.90813219547, 9.0808172226, 9.36166286469, 3.97030591965, 7.63426351547, 25.8103160858, 51.3279075623, 23.1108474731], [44.8437347412, 2.89984583855, -9.77994537354, 4.94009208679, -2.46480321884, -1.37070119381, 11.4487762451, 18.7099494934, 7.60546016693, 7.03357124329, 8.75772953033, 23.1108474731, 51.2406997681]]
        icov: [[0.00029318840825, 0.000108927953988, 0.000584612425882, -0.000379495380912, 0.000646631408017, -0.000173585794983, 0.000305425259285, -0.000703286903445, 0.000640350219328, -0.000481433235109, 8.4029212303e-005, -0.000222610018682, 0.000157513903105], [0.000108927953988, 0.0026431537699, 0.0017565934686, 0.000122931814985, -0.00117227702867, 0.00264161336236, -0.000920257065445, 0.000351663882611, 5.18267406733e-005, 0.000843612011522, -0.000816432293504, 0.000597007805482, -8.32303630887e-005], [0.000584612425882, 0.0017565934686, 0.00647099968046, 0.000339937163517, -0.00263829645701, 0.00103193568066, 0.00342643051408, -0.00257812743075, 0.0030507533811, -0.00101164763328, 0.00129485526122, 0.000669515691698, -0.000169465245563], [-0.000379495380912, 0.000122931814985, 0.000339937163517, 0.00504972692579, -0.00097784108948, -0.00216313544661, 0.00114773050882, 0.00286733033136, -0.0045120450668, 0.00176087825093, -0.000328693684423, 0.00345456204377, -0.0025790296495], [0.000646631408017, -0.00117227702867, -0.00263829645701, -0.00097784108948, 0.0105757536367, -0.00238364329562, -0.00330436066724, 0.000204630065127, 0.00299249589443, -0.0047847116366, 0.000143972181831, 0.00119752972387, -0.000152418942889], [-0.000173585794983, 0.00264161336236, 0.00103193568066, -0.00216313544661, -0.00238364329562, 0.0176493227482, -0.00588321592659, 0.000109060791146, 0.002140522236, 0.00219732499681, -0.00335394125432, -0.000275135127595, 0.00211806199513], [0.000305425259285, -0.000920257065445, 0.00342643051408, 0.00114773050882, -0.00330436066724, -0.00588321592659, 0.0187206789851, -0.00974308047444, -0.000118484422273, 0.00288010179065, -0.000412682536989, -0.000407202518545, -0.000736987451091], [-0.000703286903445, 0.000351663882611, -0.00257812743075, 0.00286733033136, 0.000204630065127, 0.000109060791146, -0.00974308047444, 0.0188905987889, -0.0079310964793, -0.00339987874031, 0.00238172034733, 0.00130458315834, -0.00423253560439], [0.000640350219328, 5.18267406733e-005, 0.0030507533811, -0.0045120450668, 0.00299249589443, 0.002140522236, -0.000118484422273, -0.0079310964793, 0.0233193654567, -0.00786626990885, -0.000278365245322, -0.00047808943782, 0.00145933486056], [-0.000481433235109, 0.000843612011522, -0.00101164763328, 0.00176087825093, -0.0047847116366, 0.00219732499681, 0.00288010179065, -0.00339987874031, -0.00786626990885, 0.0249483156949, -0.0124950362369, 0.00353503972292, -0.00127851858269], [8.4029212303e-005, -0.000816432293504, 0.00129485526122, -0.000328693684423, 0.000143972181831, -0.00335394125432, -0.000412682536989, 0.00238172034733, -0.000278365245322, -0.0124950362369, 0.0309421177953, -0.0145844286308, 0.0024372190237], [-0.000222610018682, 0.000597007805482, 0.000669515691698, 0.00345456204377, 0.00119752972387, -0.000275135127595, -0.000407202518545, 0.00130458315834, -0.00047808943782, 0.00353503972292, -0.0145844286308, 0.0349757559597, -0.0140759097412], [0.000157513903105, -8.32303630887e-005, -0.000169465245563, -0.0025790296495, -0.000152418942889, 0.00211806199513, -0.000736987451091, -0.00423253560439, 0.00145933486056, -0.00127851858269, 0.0024372190237, -0.0140759097412, 0.0272492803633]]
    sccoeffs:
        dmean: [0.0557307489216, 0.0441868565977, 0.0346081741154, 0.0275422986597, 0.0190888606012, 0.0193925257772]
        dmean2: [0.0913402214646, 0.0739285945892, 0.0573748871684, 0.0462742261589, 0.0320086926222, 0.0309260766953]
        dvar: [0.00211398396641, 0.00123916973826, 0.000736094603781, 0.000457642541733, 0.000219628287596, 0.000379866251023]
        dvar2: [0.00561734940857, 0.00348356878385, 0.00204984983429, 0.00129600311629, 0.000600740662776, 0.000835387618281]
        max: [-0.278509289026, -0.490574985743, -0.598016858101, -0.66297596693, -0.650561571121, -0.531336545944]
        mean: [-0.655056416988, -0.765194833279, -0.800038218498, -0.800747096539, -0.7970469594, -0.704308569431]
        median: [-0.661180615425, -0.770749211311, -0.803578972816, -0.802331924438, -0.798501193523, -0.703569173813]
        min: [-0.969844818115, -0.952028810978, -0.961211979389, -0.959800958633, -0.96087372303, -0.962039172649]
        var: [0.00508166383952, 0.00336562492885, 0.00185785221402, 0.00103779498022, 0.000628547219094, 0.00169687462039]
    scvalleys:
        dmean: [0.433811098337, 0.357686758041, 0.289352446795, 0.242426604033, 0.22853140533, 0.330467909575]
        dmean2: [0.710765480995, 0.587803244591, 0.465690642595, 0.386423498392, 0.355149209499, 0.504223287106]
        dvar: [0.161161154509, 0.128985151649, 0.0912309363484, 0.0761151611805, 0.0860709398985, 0.167319744825]
        dvar2: [0.350302398205, 0.263284415007, 0.159945130348, 0.121617920697, 0.131909072399, 0.338792175055]
        max: [-4.7651348114, -4.41024112701, -4.97317457199, -5.46761131287, -5.46455526352, -7.85853385925]
        mean: [-6.85188865662, -6.79867076874, -7.18375778198, -7.41800451279, -6.89130020142, -10.1481590271]
        median: [-6.62921905518, -6.62722396851, -7.01574420929, -7.14961910248, -6.455534935, -9.66483879089]
        min: [-27.6461715698, -27.655714035, -27.3360767365, -27.3591270447, -27.4401550293, -27.2739105225]
        var: [1.11179375648, 1.15722858906, 1.3364470005, 1.28912937641, 1.62878632545, 2.23368620872]

rhythm:
    beats_loudness:
        dmean: 0.00180502643343
        dmean2: 0.00327538209967
        dvar: 2.70482041742e-006
        dvar2: 8.1614634837e-006
        max: 0.0130655402318
        mean: 0.00521173141897
        median: 0.00554019538686
        min: 5.59719524063e-008
        var: 8.78836453921e-006
    bpm: 122.99307251
    bpm_confidence: 0
    first_peak_bpm: 123
    first_peak_spread: 0.050583679229
    first_peak_weight: 0.948186516762
    onset_rate: 3.25166893005
    second_peak_bpm: 117
    second_peak_spread: 0
    second_peak_weight: 0.00129533675499
    beats_loudness_band_ratio:
        dmean: [0.123233407736, 0.114603586495, 0.0714263245463, 0.0512461774051, 0.0598326139152, 0.0948316678405]
        dmean2: [0.21756438911, 0.208835959435, 0.122426360846, 0.0860864669085, 0.105079911649, 0.161726504564]
        dvar: [0.00955996662378, 0.00673294486478, 0.00632229633629, 0.00402172654867, 0.00233056000434, 0.00549558410421]
        dvar2: [0.0295657608658, 0.0202943645418, 0.0170577261597, 0.0115550160408, 0.00686502084136, 0.0152237899601]
        max: [0.917412340641, 0.67713946104, 0.546279489994, 0.417762368917, 0.425661236048, 0.62784832716]
        mean: [0.231790021062, 0.174179792404, 0.108379893005, 0.0819159150124, 0.188764005899, 0.302674412727]
        median: [0.213365465403, 0.163468927145, 0.0788447186351, 0.0534944869578, 0.186629936099, 0.294534534216]
        min: [0.0280265118927, 0.00988818332553, 0.0128813320771, 0.0109535390511, 0.013835712336, 0.0143595049158]
        var: [0.0165632031858, 0.0138950757682, 0.0075241047889, 0.00502555537969, 0.00399007508531, 0.0137139474973]
