
metadata:
    version:
        essentia: "2.1-beta2"
    audio_properties:
        analysis_sample_rate: 44100
        bitrate: 320
        channels: 2
        equal_loudness: 1
        length: 214.465301514
        replay_gain: -15.6695871353
        downmix: "mix"
    tags:
        album: "Ungrateful"
        artist: "Escape The Fate"
        comment: "Forever Immortal Hosts www.p2pdl.com"
        date: "2013"
        genre: "Hardcore"
        title: "You're Insane"
        tracknumber: "5/13"

configuration:
    average_loudness:
        compute: 1
        frameSize: 88200
        hopSize: 44100
        silentFrames: "noise"
        windowType: "hann"
    general:
        analysisSampleRate: 44100
        endTime: 2000
        equalLoudness: 1
        nequalLoudness: 0
        shortSound: 0
        startTime: 0
    lowlevel:
        compute: 1
        frameSize: 2048
        hopSize: 1024
        zeroPadding: 0
        silentFrames: "noise"
        windowType: "blackmanharris62"
        mfccStats: ["mean", "cov", "icov"]
        stats: ["mean", "var", "median", "min", "max", "dmean", "dmean2", "dvar", "dvar2"]
    panning:
        compute: 0
        frameSize: 8192
        hopSize: 2048
        zeroPadding: 8192
        silentFrames: "noise"
        windowType: "hann"
        stats: ["copy"]
    rhythm:
        compute: 1
        maxTempo: 208
        minTempo: 40
        method: "degara"
        stats: ["mean", "var", "median", "min", "max", "dmean", "dmean2", "dvar", "dvar2"]
    segmentation:
        compute: 0
        cpw: 5
        inc1: 300
        inc2: 50
        minimumSegmentsLength: 10
        size1: 1000
        size2: 600
    sfx:
        compute: 1
        stats: ["mean", "var", "median", "min", "max", "dmean", "dmean2", "dvar", "dvar2"]
    svm:
        compute: 0
    tonal:
        compute: 1
        frameSize: 4096
        hopSize: 2048
        zeroPadding: 0
        silentFrames: "noise"
        windowType: "blackmanharris62"
        stats: ["mean", "var", "median", "min", "max", "dmean", "dmean2", "dvar", "dvar2"]

lowlevel:
    average_loudness: 0.943491756916
    barkbands_kurtosis:
        dmean: 0.800227761269
        dmean2: 1.34462046623
        dvar: 1.28274059296
        dvar2: 3.35288286209
        max: 22.8585224152
        mean: -0.345062345266
        median: -0.787577152252
        min: -1.89410007
        var: 2.61292934418
    barkbands_skewness:
        dmean: 0.415245354176
        dmean2: 0.663206934929
        dvar: 0.151766613126
        dvar2: 0.394786924124
        max: 3.90114140511
        mean: -0.485597074032
        median: -0.533108472824
        min: -3.46191620827
        var: 0.589413523674
    barkbands_spread:
        dmean: 5.59950017929
        dmean2: 8.9830083847
        dvar: 32.0993614197
        dvar2: 85.3504714966
        max: 69.2669296265
        mean: 30.1433067322
        median: 28.7439537048
        min: 1.97845828533
        var: 113.271736145
    dissonance:
        dmean: 0.0106893610209
        dmean2: 0.0180218219757
        dvar: 0.000151232132339
        dvar2: 0.000408087566029
        max: 0.499999910593
        mean: 0.482522875071
        median: 0.487503647804
        min: 0.278570950031
        var: 0.000275833706837
    hfc:
        dmean: 4.34361696243
        dmean2: 7.58429718018
        dvar: 58.3892631531
        dvar2: 163.718780518
        max: 81.3675689697
        mean: 9.81051635742
        median: 8.4074306488
        min: 1.23013774367e-016
        var: 61.4518241882
    pitch:
        dmean: 857.295776367
        dmean2: 1625.34350586
        dvar: 1606130.625
        dvar2: 3790882.5
        max: 4474.82177734
        mean: 1985.68005371
        median: 1771.38342285
        min: 59.1828536987
        var: 2595543.5
    pitch_instantaneous_confidence:
        dmean: 0.0834247246385
        dmean2: 0.138507306576
        dvar: 0.0046837492846
        dvar2: 0.0122252823785
        max: 0.904346108437
        mean: 0.375715851784
        median: 0.363447993994
        min: 0.145373463631
        var: 0.0133027201518
    pitch_salience:
        dmean: 0.0575545616448
        dmean2: 0.0951306447387
        dvar: 0.00274399877526
        dvar2: 0.00731269875541
        max: 0.92685264349
        mean: 0.686305105686
        median: 0.699646472931
        min: 0.314013421535
        var: 0.00643869210035
    silence_rate_20dB:
        dmean: 0
        dmean2: 0
        dvar: 0
        dvar2: 0
        max: 1
        mean: 1
        median: 1
        min: 1
        var: 0
    silence_rate_30dB:
        dmean: 0
        dmean2: 0
        dvar: 0
        dvar2: 0
        max: 1
        mean: 1
        median: 1
        min: 1
        var: 0
    silence_rate_60dB:
        dmean: 0.124282777309
        dmean2: 0.248592466116
        dvar: 0.108834348619
        dvar2: 0.218397080898
        max: 1
        mean: 0.35440570116
        median: 0
        min: 0
        var: 0.22879974544
    spectral_centroid:
        dmean: 294.847625732
        dmean2: 479.18081665
        dvar: 91674.7734375
        dvar2: 232663.5625
        max: 10782.8984375
        mean: 2127.65478516
        median: 2145.8996582
        min: 259.126037598
        var: 337727.8125
    spectral_complexity:
        dmean: 5.00703668594
        dmean2: 8.08878326416
        dvar: 31.3851089478
        dvar2: 74.9656143188
        max: 50
        mean: 16.8060188293
        median: 17
        min: 0
        var: 99.6092605591
    spectral_crest:
        dmean: 1.81953334808
        dmean2: 3.04584121704
        dvar: 2.94084358215
        dvar2: 7.68819952011
        max: 21.4866008759
        mean: 6.53963661194
        median: 5.96674728394
        min: 2.66325545311
        var: 5.64939260483
    spectral_decrease:
        dmean: 3.32020744231e-010
        dmean2: 5.49216727652e-010
        dvar: 2.42557634838e-019
        dvar2: 6.5374860035e-019
        max: 5.85020216596e-030
        mean: -9.43398914544e-010
        median: -8.37097946516e-010
        min: -4.84032502968e-009
        var: 4.17118515932e-019
    spectral_energy:
        dmean: 0.00162498280406
        dmean2: 0.00272049196064
        dvar: 6.30795921097e-006
        dvar2: 1.72145882971e-005
        max: 0.0249102823436
        mean: 0.0044504464604
        median: 0.00394707079977
        min: 1.1135623344e-020
        var: 9.57130032475e-006
    spectral_energyband_high:
        dmean: 0.000339067191817
        dmean2: 0.000616110221017
        dvar: 4.75858485061e-007
        dvar2: 1.34974891353e-006
        max: 0.00836650002748
        mean: 0.000502895971294
        median: 0.000337352452334
        min: 8.16848367376e-021
        var: 3.68589041955e-007
    spectral_energyband_low:
        dmean: 0.000108895023004
        dmean2: 0.000174563465407
        dvar: 2.72721738526e-008
        dvar2: 6.97926196835e-008
        max: 0.00269152107649
        mean: 0.000203213945497
        median: 0.000143772500451
        min: 1.04247924449e-022
        var: 4.5351580269e-008
    spectral_energyband_middle_high:
        dmean: 0.00104239594657
        dmean2: 0.00173739576712
        dvar: 2.28342310038e-006
        dvar2: 6.23798496235e-006
        max: 0.0172294806689
        mean: 0.0027658874169
        median: 0.0023936200887
        min: 1.4805580778e-021
        var: 4.09898348153e-006
    spectral_energyband_middle_low:
        dmean: 0.000540810404345
        dmean2: 0.000869263312779
        dvar: 6.98483631822e-007
        dvar2: 1.79364394626e-006
        max: 0.00944863632321
        mean: 0.00108393921982
        median: 0.00069438025821
        min: 2.03406560099e-022
        var: 1.27847681597e-006
    spectral_flatness_db:
        dmean: 0.0130103165284
        dmean2: 0.0205991528928
        dvar: 0.000134164904011
        dvar2: 0.00031215621857
        max: 0.409932672977
        mean: 0.138487577438
        median: 0.131555527449
        min: 0.0617169365287
        var: 0.00115244509652
    spectral_flux:
        dmean: 0.00911757629365
        dmean2: 0.0141252093017
        dvar: 0.00014441186795
        dvar2: 0.000276725739241
        max: 0.151101231575
        mean: 0.0415752232075
        median: 0.0408772677183
        min: 1.05525463368e-010
        var: 0.00037882104516
    spectral_kurtosis:
        dmean: 1.03564023972
        dmean2: 1.75259459019
        dvar: 7.09332561493
        dvar2: 19.6978683472
        max: 158.639465332
        mean: 3.58618855476
        median: 2.90955114365
        min: -1.18479788303
        var: 32.5360794067
    spectral_rms:
        dmean: 0.000338669633493
        dmean2: 0.000546826049685
        dvar: 1.95940117464e-007
        dvar2: 5.11577638918e-007
        max: 0.00492977863178
        mean: 0.0019345789915
        median: 0.00196234555915
        min: 3.29606177421e-012
        var: 5.99292320658e-007
    spectral_rolloff:
        dmean: 280.267547607
        dmean2: 456.784118652
        dvar: 112768.726563
        dvar2: 241223.765625
        max: 18798.4863281
        mean: 3604.38525391
        median: 3682.17773438
        min: 258.3984375
        var: 489293.3125
    spectral_skewness:
        dmean: 0.156678125262
        dmean2: 0.260082453489
        dvar: 0.0366750732064
        dvar2: 0.10273950547
        max: 9.74291038513
        mean: 1.24668359756
        median: 1.19625353813
        min: 0.00654909992591
        var: 0.214275404811
    spectral_spread:
        dmean: 369691.28125
        dmean2: 550657.6875
        dvar: 252378382336
        dvar2: 398500888576
        max: 40111820
        mean: 4399795
        median: 4327004
        min: 529811
        var: 1.36658537677e+012
    spectral_strongpeak:
        dmean: 0.529758989811
        dmean2: 0.912804067135
        dvar: 0.483640134335
        dvar2: 1.25137662888
        max: 9.04361438751
        mean: 0.778533875942
        median: 0.514367282391
        min: 3.68376151805e-009
        var: 0.777593314648
    zerocrossingrate:
        dmean: 0.00755707360804
        dmean2: 0.00910663604736
        dvar: 6.13085576333e-005
        dvar2: 7.68433092162e-005
        max: 0.50537109375
        mean: 0.112720504403
        median: 0.1142578125
        min: 0.01513671875
        var: 0.000653474591672
    barkbands:
        dmean: [8.59724764268e-007, 5.57526291232e-005, 6.0858517827e-005, 5.90086965531e-005, 0.000216980115511, 7.97823013272e-005, 5.84172703384e-005, 9.42903352552e-005, 0.000203367133508, 0.000131577384309, 9.87545936368e-005, 8.29813434393e-005, 7.03194600646e-005, 7.91614802438e-005, 9.66876541497e-005, 0.000124002894154, 0.000174713510205, 0.000282688968582, 0.00033608690137, 0.000364076055121, 0.000156498950673, 4.03298290621e-005, 7.92994160292e-006, 2.6437564884e-006, 9.49829257024e-007, 3.69607100481e-008, 3.94295845974e-010]
        dmean2: [1.31363810851e-006, 9.26465872908e-005, 9.79069372988e-005, 0.000100929406472, 0.00037538583274, 0.000130576867377, 9.40585159697e-005, 0.000147447106428, 0.000313256285153, 0.000198443667614, 0.000158699593158, 0.000132210421725, 0.000115099021059, 0.000130559172248, 0.000158730879775, 0.000203394287382, 0.000288361887215, 0.000484240619699, 0.000580237072427, 0.000655860523693, 0.000285335670924, 7.16831855243e-005, 1.35280397444e-005, 4.42795408162e-006, 1.6411620436e-006, 6.36159498413e-008, 6.93850643607e-010]
        dvar: [2.633864047e-012, 1.07075663891e-008, 1.08614992556e-008, 1.10945901355e-008, 3.04484245817e-007, 2.59470471775e-008, 1.84227744171e-008, 6.26914200552e-008, 2.29613334568e-007, 1.15726344063e-007, 5.31293160577e-008, 2.37765700462e-008, 1.589600096e-008, 2.8260185303e-008, 3.29602549698e-008, 4.37580531809e-008, 6.2530688183e-008, 1.80418567197e-007, 2.68984649665e-007, 5.56896964099e-007, 9.56917318717e-008, 5.4008233441e-009, 2.65561933555e-010, 2.35324537634e-011, 3.82590270229e-012, 8.82592322116e-015, 7.3450298653e-019]
        dvar2: [6.05382974653e-012, 2.84427486008e-008, 2.66822350881e-008, 3.04804785856e-008, 8.40055008666e-007, 6.49039648692e-008, 4.45561987306e-008, 1.45326239931e-007, 5.57902694709e-007, 2.4610196192e-007, 1.29041680452e-007, 5.80983616771e-008, 3.816191807e-008, 7.61112417536e-008, 8.46771115448e-008, 1.03740781299e-007, 1.55131445467e-007, 4.8535548558e-007, 7.49738433115e-007, 1.57554188718e-006, 2.72441383231e-007, 1.5114430596e-008, 6.99234503632e-010, 6.0776224331e-011, 1.04896881112e-011, 2.48991281017e-014, 2.01962557205e-018]
        max: [1.30689813886e-005, 0.00100349541754, 0.00235893484205, 0.00136385986116, 0.00521709490567, 0.00279619451612, 0.00392555911094, 0.0059792813845, 0.00865039881319, 0.00714064575732, 0.00510982610285, 0.00521256867796, 0.00237597175874, 0.00387084274553, 0.00290629430674, 0.00387251703069, 0.00632763234898, 0.00535942288116, 0.00631104595959, 0.00953282881528, 0.00456162309274, 0.000702442892361, 0.000426848593634, 9.60804027272e-005, 3.08605849568e-005, 1.65442429534e-006, 1.66605520491e-008]
        mean: [9.90318653749e-007, 7.41223120713e-005, 9.68746753642e-005, 7.116447523e-005, 0.000243174639763, 0.00011177554552, 8.03818911663e-005, 0.000138464616612, 0.000309837545501, 0.000216821907088, 0.000162626369274, 0.000139242911246, 0.000121718891023, 0.000125776918139, 0.000150047329953, 0.000213639184949, 0.000327300891513, 0.000447689642897, 0.000622744322754, 0.000492113467772, 0.000218903252971, 6.40645230305e-005, 1.39075436891e-005, 5.24659890289e-006, 1.76917501449e-006, 5.9106028516e-008, 4.66587102288e-010]
        median: [2.42711848841e-007, 4.18612726207e-005, 5.44564645679e-005, 3.72626018361e-005, 0.000100529068732, 4.86296739837e-005, 3.46565502696e-005, 3.74410665245e-005, 9.52526752371e-005, 5.70895826968e-005, 4.23421806772e-005, 6.51183363516e-005, 6.51048540021e-005, 5.97797770752e-005, 7.25563149899e-005, 0.000135321432026, 0.000243878079345, 0.000305362336803, 0.000517786247656, 0.000307715963572, 0.000142754433909, 4.28601488238e-005, 8.93646756595e-006, 3.1118820516e-006, 1.0913126971e-006, 3.35822036845e-008, 2.13050771469e-010]
        min: [8.24290794176e-023, 4.43100961652e-023, 2.18890694289e-023, 2.17720671572e-023, 2.63214753292e-023, 3.38346733653e-023, 3.52184679217e-023, 1.12110482158e-023, 5.27047184674e-023, 6.99065247033e-023, 1.22664425017e-022, 1.9940732561e-022, 5.92626643229e-023, 1.69873484035e-022, 9.77290303635e-023, 1.33571670277e-022, 6.76322955115e-023, 2.05882750304e-022, 2.37780246344e-022, 3.55315447268e-022, 7.94927737831e-022, 5.47909362308e-022, 5.63337512617e-022, 7.16951374327e-022, 1.15302151534e-021, 2.24884074483e-021, 2.26168688398e-021]
        var: [3.272802385e-012, 1.04323376604e-008, 1.86887163522e-008, 1.09059872244e-008, 2.417072551e-007, 3.60995322524e-008, 2.33573906883e-008, 1.05665655781e-007, 4.06831162536e-007, 2.72180756156e-007, 1.42639535738e-007, 4.40758292086e-008, 3.17572848019e-008, 4.58583180318e-008, 5.16235374448e-008, 7.97978714218e-008, 1.22467753272e-007, 2.3091804735e-007, 3.00632990502e-007, 4.39239727257e-007, 7.38085788043e-008, 5.31091881584e-009, 3.5276906396e-010, 4.46759955419e-011, 5.21288611235e-012, 8.5512414478e-015, 7.48889053249e-019]
    frequency_bands:
        dmean: [8.59724764268e-007, 5.57526291232e-005, 6.0858517827e-005, 5.90086965531e-005, 0.000216980115511, 7.97823013272e-005, 5.84172703384e-005, 9.42903352552e-005, 0.000203367133508, 0.000131577384309, 9.87545936368e-005, 8.29813434393e-005, 7.03194600646e-005, 7.91614802438e-005, 9.66876541497e-005, 0.000124002894154, 0.000174713510205, 0.000282688968582, 0.00033608690137, 0.000364076055121, 0.000156498950673, 4.03298290621e-005, 7.92994160292e-006, 2.6437564884e-006, 9.49829257024e-007, 3.69607100481e-008, 3.94295845974e-010, 5.18282014528e-011]
        dmean2: [1.31363810851e-006, 9.26465872908e-005, 9.79069372988e-005, 0.000100929406472, 0.00037538583274, 0.000130576867377, 9.40585159697e-005, 0.000147447106428, 0.000313256285153, 0.000198443667614, 0.000158699593158, 0.000132210421725, 0.000115099021059, 0.000130559172248, 0.000158730879775, 0.000203394287382, 0.000288361887215, 0.000484240619699, 0.000580237072427, 0.000655860523693, 0.000285335670924, 7.16831855243e-005, 1.35280397444e-005, 4.42795408162e-006, 1.6411620436e-006, 6.36159498413e-008, 6.93850643607e-010, 9.65629659566e-011]
        dvar: [2.633864047e-012, 1.07075663891e-008, 1.08614992556e-008, 1.10945901355e-008, 3.04484245817e-007, 2.59470471775e-008, 1.84227744171e-008, 6.26914200552e-008, 2.29613334568e-007, 1.15726344063e-007, 5.31293160577e-008, 2.37765700462e-008, 1.589600096e-008, 2.8260185303e-008, 3.29602549698e-008, 4.37580531809e-008, 6.2530688183e-008, 1.80418567197e-007, 2.68984649665e-007, 5.56896964099e-007, 9.56917318717e-008, 5.4008233441e-009, 2.65561933555e-010, 2.35324537634e-011, 3.82590270229e-012, 8.82592322116e-015, 7.3450298653e-019, 7.26528160862e-021]
        dvar2: [6.05382974653e-012, 2.84427486008e-008, 2.66822350881e-008, 3.04804785856e-008, 8.40055008666e-007, 6.49039648692e-008, 4.45561987306e-008, 1.45326239931e-007, 5.57902694709e-007, 2.4610196192e-007, 1.29041680452e-007, 5.80983616771e-008, 3.816191807e-008, 7.61112417536e-008, 8.46771115448e-008, 1.03740781299e-007, 1.55131445467e-007, 4.8535548558e-007, 7.49738433115e-007, 1.57554188718e-006, 2.72441383231e-007, 1.5114430596e-008, 6.99234503632e-010, 6.0776224331e-011, 1.04896881112e-011, 2.48991281017e-014, 2.01962557205e-018, 2.33897515882e-020]
        max: [1.30689813886e-005, 0.00100349541754, 0.00235893484205, 0.00136385986116, 0.00521709490567, 0.00279619451612, 0.00392555911094, 0.0059792813845, 0.00865039881319, 0.00714064575732, 0.00510982610285, 0.00521256867796, 0.00237597175874, 0.00387084274553, 0.00290629430674, 0.00387251703069, 0.00632763234898, 0.00535942288116, 0.00631104595959, 0.00953282881528, 0.00456162309274, 0.000702442892361, 0.000426848593634, 9.60804027272e-005, 3.08605849568e-005, 1.65442429534e-006, 1.66605520491e-008, 1.34004196628e-009]
        mean: [9.90318653749e-007, 7.41223120713e-005, 9.68746753642e-005, 7.116447523e-005, 0.000243174639763, 0.00011177554552, 8.03818911663e-005, 0.000138464616612, 0.000309837545501, 0.000216821907088, 0.000162626369274, 0.000139242911246, 0.000121718891023, 0.000125776918139, 0.000150047329953, 0.000213639184949, 0.000327300891513, 0.000447689642897, 0.000622744322754, 0.000492113467772, 0.000218903252971, 6.40645230305e-005, 1.39075436891e-005, 5.24659890289e-006, 1.76917501449e-006, 5.9106028516e-008, 4.66587102288e-010, 4.03395650217e-011]
        median: [2.42711848841e-007, 4.18612726207e-005, 5.44564645679e-005, 3.72626018361e-005, 0.000100529068732, 4.86296739837e-005, 3.46565502696e-005, 3.74410665245e-005, 9.52526752371e-005, 5.70895826968e-005, 4.23421806772e-005, 6.51183363516e-005, 6.51048540021e-005, 5.97797770752e-005, 7.25563149899e-005, 0.000135321432026, 0.000243878079345, 0.000305362336803, 0.000517786247656, 0.000307715963572, 0.000142754433909, 4.28601488238e-005, 8.93646756595e-006, 3.1118820516e-006, 1.0913126971e-006, 3.35822036845e-008, 2.13050771469e-010, 1.28860134369e-011]
        min: [8.24290794176e-023, 4.43100961652e-023, 2.18890694289e-023, 2.17720671572e-023, 2.63214753292e-023, 3.38346733653e-023, 3.52184679217e-023, 1.12110482158e-023, 5.27047184674e-023, 6.99065247033e-023, 1.22664425017e-022, 1.9940732561e-022, 5.92626643229e-023, 1.69873484035e-022, 9.77290303635e-023, 1.33571670277e-022, 6.76322955115e-023, 2.05882750304e-022, 2.37780246344e-022, 3.55315447268e-022, 7.94927737831e-022, 5.47909362308e-022, 5.63337512617e-022, 7.16951374327e-022, 1.15302151534e-021, 2.24884074483e-021, 2.26168688398e-021, 8.00237566895e-022]
        var: [3.272802385e-012, 1.04323376604e-008, 1.86887163522e-008, 1.09059872244e-008, 2.417072551e-007, 3.60995322524e-008, 2.33573906883e-008, 1.05665655781e-007, 4.06831162536e-007, 2.72180756156e-007, 1.42639535738e-007, 4.40758292086e-008, 3.17572848019e-008, 4.58583180318e-008, 5.16235374448e-008, 7.97978714218e-008, 1.22467753272e-007, 2.3091804735e-007, 3.00632990502e-007, 4.39239727257e-007, 7.38085788043e-008, 5.31091881584e-009, 3.5276906396e-010, 4.46759955419e-011, 5.21288611235e-012, 8.5512414478e-015, 7.48889053249e-019, 5.59253096297e-021]
    mfcc:
        mean: [-711.773498535, 82.1619262695, -55.5042228699, 49.2583770752, -14.749294281, -2.73242783546, 2.95476460457, 1.85111641884, -1.08265912533, -1.17863082886, -2.36805057526, -3.43093037605, -4.4531211853]
        cov: [[8686.90917969, 568.978149414, -1073.90917969, 558.658447266, -586.522460938, 96.9569854736, 108.637840271, 219.130477905, 69.7520599365, 94.5931625366, 29.1841506958, -19.7786579132, -2.47783565521], [568.978149414, 628.193359375, -207.687088013, 114.658668518, 5.54142808914, -8.3178319931, 43.4018211365, 33.1381111145, 42.1854667664, 16.7728843689, 34.5481567383, 10.1667499542, 22.8536434174], [-1073.90917969, -207.687088013, 468.12979126, 17.8644485474, 140.004516602, 49.1557579041, 8.0487203598, -28.0598602295, -30.2268123627, -10.3828039169, -18.8525371552, 17.8539047241, 9.12172889709], [558.658447266, 114.658668518, 17.8644485474, 429.672637939, 145.157608032, 67.1434173584, 37.9448699951, -15.3252763748, 38.5286598206, 6.89075708389, 3.02332544327, 16.0395507813, 28.3714618683], [-586.522460938, 5.54142808914, 140.004516602, 145.157608032, 253.061676025, 51.7966690063, 5.79221343994, -34.2939872742, -0.164098843932, -7.33036279678, -12.5221767426, 14.6556663513, 15.6554279327], [96.9569854736, -8.3178319931, 49.1557579041, 67.1434173584, 51.7966690063, 148.763290405, 99.9952392578, 28.9049263, 12.8471155167, 8.05762958527, 4.67198038101, 3.00501179695, 5.97781467438], [108.637840271, 43.4018211365, 8.0487203598, 37.9448699951, 5.79221343994, 99.9952392578, 162.321228027, 54.5908470154, 22.6800918579, 5.01444625854, 5.1241607666, 5.96499681473, 7.46125030518], [219.130477905, 33.1381111145, -28.0598602295, -15.3252763748, -34.2939872742, 28.9049263, 54.5908470154, 95.8014068604, 45.1254615784, 25.2926654816, 11.9444389343, 7.18724775314, 3.90578532219], [69.7520599365, 42.1854667664, -30.2268123627, 38.5286598206, -0.164098843932, 12.8471155167, 22.6800918579, 45.1254615784, 89.2525253296, 45.3365135193, 19.7951984406, 6.94808387756, 5.83685970306], [94.5931625366, 16.7728843689, -10.3828039169, 6.89075708389, -7.33036279678, 8.05762958527, 5.01444625854, 25.2926654816, 45.3365135193, 82.0646057129, 38.767993927, 12.0626707077, 8.51844501495], [29.1841506958, 34.5481567383, -18.8525371552, 3.02332544327, -12.5221767426, 4.67198038101, 5.1241607666, 11.9444389343, 19.7951984406, 38.767993927, 69.8693771362, 35.8484840393, 14.2122411728], [-19.7786579132, 10.1667499542, 17.8539047241, 16.0395507813, 14.6556663513, 3.00501179695, 5.96499681473, 7.18724775314, 6.94808387756, 12.0626707077, 35.8484840393, 67.7643890381, 36.5718765259], [-2.47783565521, 22.8536434174, 9.12172889709, 28.3714618683, 15.6554279327, 5.97781467438, 7.46125030518, 3.90578532219, 5.83685970306, 8.51844501495, 14.2122411728, 36.5718765259, 61.3329086304]]
        icov: [[0.000304433953715, -4.26154729212e-005, 0.000530082266778, -0.000738009577617, 0.000871400814503, -0.000511294580065, 0.000348361936631, -0.000638317433186, 0.000769555161241, -0.000591929187067, 0.000626330904197, -0.000431580818258, 0.000237593019847], [-4.26154729212e-005, 0.00219706445932, 0.000927143497393, -0.000369554676581, -0.000734936678782, 0.00101252808236, -0.000926451466512, -0.000379408244044, -0.00020086261793, 0.00045037138625, -0.0013081508223, 0.000784940260928, -0.000769904640038], [0.000530082266778, 0.000927143497393, 0.00418767053634, -0.0010251190979, -0.000305700959871, -0.00123898626771, 0.000305119727273, -0.00109774118755, 0.00219548400491, -0.00160003872588, 0.00175247318111, -0.0017100116238, 0.00038576888619], [-0.000738009577617, -0.000369554676581, -0.0010251190979, 0.0052368780598, -0.00371160847135, 0.000109747910756, -0.000976290786639, 0.00298440107144, -0.0037781256251, 0.00185708107892, -0.0012799667893, 0.000968284963164, -0.00147586665116], [0.000871400814503, -0.000734936678782, -0.000305700959871, -0.00371160847135, 0.00931190792471, -0.00369438389316, 0.00213792524301, 0.00043268565787, 0.00117052858695, -0.00171582086477, 0.00375797762536, -0.00300195533782, 0.000813104619738], [-0.000511294580065, 0.00101252808236, -0.00123898626771, 0.000109747910756, -0.00369438389316, 0.0147500559688, -0.00878658425063, -0.000166862751939, 0.000113364760182, 2.26339725486e-005, -0.00298042269424, 0.00288744433783, -0.000724561163224], [0.000348361936631, -0.000926451466512, 0.000305119727273, -0.000976290786639, 0.00213792524301, -0.00878658425063, 0.0134337618947, -0.00538625894114, 0.000526178511791, 0.00113192317076, 0.00116351037286, -0.00116505508777, 2.76538003163e-006], [-0.000638317433186, -0.000379408244044, -0.00109774118755, 0.00298440107144, 0.00043268565787, -0.000166862751939, -0.00538625894114, 0.0201050229371, -0.00972559209913, -0.00012176749442, 0.000748136953916, -0.00162231340073, -8.44711976242e-005], [0.000769555161241, -0.00020086261793, 0.00219548400491, -0.0037781256251, 0.00117052858695, 0.000113364760182, 0.000526178511791, -0.00972559209913, 0.0228549484164, -0.0107880365103, 0.00206284504384, -0.000811249308754, 0.00110163318459], [-0.000591929187067, 0.00045037138625, -0.00160003872588, 0.00185708107892, -0.00171582086477, 2.26339725486e-005, 0.00113192317076, -0.00012176749442, -0.0107880365103, 0.0239956490695, -0.0133528104052, 0.00556166050956, -0.00303523871116], [0.000626330904197, -0.0013081508223, 0.00175247318111, -0.0012799667893, 0.00375797762536, -0.00298042269424, 0.00116351037286, 0.000748136953916, 0.00206284504384, -0.0133528104052, 0.0305881556123, -0.0172819886357, 0.00486150709912], [-0.000431580818258, 0.000784940260928, -0.0017100116238, 0.000968284963164, -0.00300195533782, 0.00288744433783, -0.00116505508777, -0.00162231340073, -0.000811249308754, 0.00556166050956, -0.0172819886357, 0.0322296731174, -0.0156823061407], [0.000237593019847, -0.000769904640038, 0.00038576888619, -0.00147586665116, 0.000813104619738, -0.000724561163224, 2.76538003163e-006, -8.44711976242e-005, 0.00110163318459, -0.00303523871116, 0.00486150709912, -0.0156823061407, 0.0256357062608]]
    sccoeffs:
        dmean: [0.0526377260685, 0.047273453325, 0.0383464992046, 0.0292630139738, 0.0206478331238, 0.0181339979172]
        dmean2: [0.0863489955664, 0.0772651582956, 0.0629064366221, 0.0483994111419, 0.0344215333462, 0.0297000277787]
        dvar: [0.00204439577647, 0.00150045461487, 0.000970386492554, 0.000594270648435, 0.000300119136227, 0.000280317151919]
        dvar2: [0.00539990700781, 0.00385501421988, 0.00245777261443, 0.00152159971185, 0.000787265249528, 0.00070803030394]
        max: [-0.301526039839, -0.435837984085, -0.528614759445, -0.526695668697, -0.528944790363, -0.608775377274]
        mean: [-0.705519676208, -0.765041768551, -0.786655902863, -0.799915015697, -0.799622893333, -0.74733632803]
        median: [-0.714550971985, -0.774874985218, -0.800582826138, -0.804906070232, -0.801050961018, -0.74543350935]
        min: [-0.992571532726, -0.980720102787, -0.977667570114, -0.951221227646, -0.95770162344, -0.958536505699]
        var: [0.00559367472306, 0.00529978703707, 0.00483147986233, 0.00243700784631, 0.00115478353109, 0.00146303628571]
    scvalleys:
        dmean: [0.364922374487, 0.353726297617, 0.302517533302, 0.252567112446, 0.261961430311, 0.251580715179]
        dmean2: [0.59567117691, 0.576170921326, 0.491816997528, 0.401617050171, 0.421187102795, 0.396896094084]
        dvar: [0.109193533659, 0.0931077897549, 0.0749601349235, 0.0613752938807, 0.0974467545748, 0.111607313156]
        dvar2: [0.256463974714, 0.226877748966, 0.170065432787, 0.126168549061, 0.21721316874, 0.249233081937]
        max: [-5.34143543243, -4.99857759476, -5.21399593353, -5.58516979218, -5.12814855576, -7.70272541046]
        mean: [-7.22544527054, -7.04096317291, -7.13541793823, -7.15413045883, -6.88962602615, -9.69855690002]
        median: [-6.84185838699, -6.79229736328, -6.86617994308, -6.85049152374, -6.55117607117, -9.32468223572]
        min: [-27.1771335602, -27.0962562561, -27.2282180786, -27.7255096436, -27.2723064423, -27.2493495941]
        var: [2.70162057877, 1.97404408455, 2.21157932281, 2.10887670517, 2.38090991974, 2.78453373909]

rhythm:
    beats_loudness:
        dmean: 0.00202739681117
        dmean2: 0.00383607461117
        dvar: 2.39028190663e-006
        dvar2: 7.24970050214e-006
        max: 0.0113368071616
        mean: 0.00522132776678
        median: 0.00533530721441
        min: 2.42236460925e-012
        var: 5.81868698646e-006
    bpm: 139.937988281
    bpm_confidence: 0
    first_peak_bpm: 140
    first_peak_spread: 0.158227831125
    first_peak_weight: 0.806060612202
    onset_rate: 3.60431289673
    second_peak_bpm: 133
    second_peak_spread: 0
    second_peak_weight: 0.0141414143145
    beats_loudness_band_ratio:
        dmean: [0.0931555777788, 0.125107988715, 0.0851429700851, 0.0814393311739, 0.106127373874, 0.0963678136468]
        dmean2: [0.169595748186, 0.240306317806, 0.15127889812, 0.14766818285, 0.187642902136, 0.16422457993]
        dvar: [0.00514948647469, 0.00532677955925, 0.00751220993698, 0.0105767380446, 0.00754188606516, 0.00542981550097]
        dvar2: [0.0153076918796, 0.0187055822462, 0.0194566957653, 0.031183861196, 0.0224135834724, 0.0154921803623]
        max: [0.666924417019, 0.552503287792, 0.823675274849, 0.734980165958, 0.69835537672, 0.562904834747]
        mean: [0.153452306986, 0.126869767904, 0.129812628031, 0.112368233502, 0.283142060041, 0.267908036709]
        median: [0.142266511917, 0.122433505952, 0.0935213342309, 0.0809116214514, 0.270474404097, 0.269202649593]
        min: [0, 0, 0, 0, 0, 0]
        var: [0.010098987259, 0.0092910612002, 0.0129525735974, 0.0096323415637, 0.0128966774791, 0.0119555667043]
    beats_position: [0.476009070873, 0.952018141747, 1.42802715302, 1.88081634045, 2.32199549675, 2.75156450272, 3.1811337471, 3.61070299149, 4.04027223587, 4.46984100342, 4.8994102478, 5.32897949219, 5.75854873657, 6.18811798096, 6.6176867485, 7.04725599289, 7.47682523727, 7.89478445053, 8.32435321808, 8.75392246246, 9.18349170685, 9.61306095123, 10.0426301956, 10.47219944, 10.8901586533, 11.3197278976, 11.749297142, 12.1788663864, 12.6084346771, 13.0380039215, 13.4675731659, 13.8971424103, 14.3267116547, 14.756280899, 15.1858501434, 15.6154193878, 16.0449886322, 16.4745578766, 16.904127121, 17.3220863342, 17.7516555786, 18.181224823, 18.6107940674, 19.0403633118, 19.4699325562, 19.8994998932, 20.3290691376, 20.758638382, 21.1882076263, 21.6177768707, 22.0473461151, 22.4769153595, 22.8948745728, 23.3244438171, 23.7540130615, 24.1835823059, 24.6131515503, 25.0427207947, 25.4722900391, 25.9018592834, 26.3314285278, 26.7609977722, 27.1905670166, 27.6085262299, 28.0380954742, 28.4676647186, 28.897233963, 29.3268013, 29.7563705444, 30.1859397888, 30.6155090332, 31.0450782776, 31.474647522, 31.9042167664, 32.322177887, 32.7633552551, 33.1929244995, 33.6224937439, 34.0520629883, 34.4700202942, 34.8995895386, 35.329158783, 35.7587280273, 36.1882972717, 36.6178665161, 37.0358276367, 37.4653968811, 37.8949661255, 38.3129234314, 38.7541046143, 39.1836738586, 39.613243103, 40.0428123474, 40.4723815918, 40.9019508362, 41.3315200806, 41.761089325, 42.1906585693, 42.6086158752, 43.0381851196, 43.467754364, 43.8973236084, 44.3268928528, 44.7564620972, 45.1860313416, 45.6156005859, 46.0451698303, 46.4747390747, 46.9043083191, 47.322265625, 47.7518348694, 48.1814041138, 48.6109733582, 49.0405426025, 49.4701118469, 49.8996810913, 50.3292503357, 50.7588195801, 51.1883888245, 51.6179580688, 52.0359191895, 52.4654884338, 52.8950538635, 53.3362350464, 53.7541923523, 54.1837615967, 54.6017227173, 55.0312919617, 55.4608612061, 55.8904304504, 56.3199996948, 56.7495689392, 57.1791381836, 57.608707428, 58.0382766724, 58.4678459167, 58.8974151611, 59.3269844055, 59.7565536499, 60.1861228943, 60.6156921387, 61.0452613831, 61.463218689, 61.8927879333, 62.3223571777, 62.7635345459, 63.1814956665, 63.6110649109, 64.0406341553, 64.470199585, 64.899772644, 65.3177337646, 65.7472991943, 66.1768722534, 66.6064376831, 67.0360107422, 67.4655761719, 67.895149231, 68.3247146606, 68.7542877197, 69.1838531494, 69.6134262085, 70.0429916382, 70.4725646973, 70.902130127, 71.3316955566, 71.7612686157, 72.1908340454, 72.608795166, 73.0383682251, 73.4679336548, 73.9091110229, 74.338684082, 74.7682495117, 75.1978225708, 75.6157836914, 76.0453491211, 76.4633102417, 76.8928756714, 77.3224487305, 77.7520141602, 78.1815872192, 78.6111526489, 79.040725708, 79.4702911377, 79.8998641968, 80.3294296265, 80.7590026855, 81.1885681152, 81.6181411743, 82.047706604, 82.4772796631, 82.8952331543, 83.3248062134, 83.7543716431, 84.1839447021, 84.6135101318, 85.0430831909, 85.4726486206, 85.8906097412, 86.3201828003, 86.74974823, 87.1793212891, 87.6088867188, 88.0384597778, 88.4680252075, 88.8975982666, 89.3271636963, 89.7567367554, 90.1863021851, 90.6158676147, 91.0454406738, 91.4634017944, 91.8929672241, 92.3225402832, 92.7521057129, 93.181678772, 93.6112442017, 94.0408172607, 94.4703826904, 94.8999557495, 95.3179092407, 95.7474822998, 96.1770477295, 96.6066207886, 97.0361862183, 97.4657592773, 97.895324707, 98.3248977661, 98.7544631958, 99.1840362549, 99.6136016846, 100.043174744, 100.472740173, 100.902313232, 101.331878662, 101.761451721, 102.191017151, 102.608978271, 103.038543701, 103.46811676, 103.89768219, 104.327255249, 104.756820679, 105.186393738, 105.604354858, 106.033920288, 106.463493347, 106.893058777, 107.322631836, 107.752197266, 108.181770325, 108.611335754, 109.040908813, 109.470474243, 109.900039673, 110.329612732, 110.759178162, 111.188751221, 111.61831665, 112.036277771, 112.477455139, 112.907028198, 113.336593628, 113.754554749, 114.184127808, 114.613693237, 115.043266296, 115.472831726, 115.890792847, 116.320358276, 116.749931335, 117.179496765, 117.609069824, 118.038635254, 118.468208313, 118.897773743, 119.327346802, 119.756912231, 120.186485291, 120.604438782, 121.034011841, 121.463577271, 121.904762268, 122.322715759, 122.752288818, 123.181854248, 123.611427307, 124.040992737, 124.458953857, 124.888526917, 125.318092346, 125.747665405, 126.177230835, 126.606803894, 127.036369324, 127.465942383, 127.895507813, 128.325073242, 128.754638672, 129.172607422, 129.602172852, 130.031738281, 130.472915649, 130.902496338, 131.332061768, 131.750015259, 132.179595947, 132.609161377, 133.038726807, 133.468292236, 133.886260986, 134.315826416, 134.745391846, 135.174957275, 135.604537964, 136.034103394, 136.463668823, 136.893234253, 137.322814941, 137.752380371, 138.181945801, 138.61151123, 139.041091919, 139.470657349, 139.900222778, 140.329788208, 140.759368896, 141.177322388, 141.606887817, 142.036453247, 142.466033936, 142.895599365, 143.325164795, 143.754730225, 144.184310913, 144.613876343, 145.043441772, 145.473007202, 145.890975952, 146.320541382, 146.750106812, 147.19128418, 147.620864868, 148.050430298, 148.468383789, 148.897949219, 149.327529907, 149.757095337, 150.186660767, 150.604629517, 151.034194946, 151.463760376, 151.893325806, 152.322906494, 152.752471924, 153.182037354, 153.611602783, 154.041183472, 154.470748901, 154.900314331, 155.318267822, 155.747848511, 156.17741394, 156.60697937, 157.0365448, 157.477722168, 157.895690918, 158.325256348, 158.754821777, 159.184402466, 159.613967896, 160.043533325, 160.473098755, 160.902679443, 161.332244873, 161.750198364, 162.179763794, 162.609344482, 163.027297974, 163.456863403, 163.886444092, 164.316009521, 164.745574951, 165.175140381, 165.604721069, 166.034286499, 166.463851929, 166.893417358, 167.322982788, 167.752563477, 168.182128906, 168.611694336, 169.041259766, 169.459228516, 169.888793945, 170.318359375, 170.747940063, 171.177505493, 171.607070923, 172.036636353, 172.466217041, 172.895782471, 173.3253479, 173.75491333, 174.184494019, 174.614059448, 175.032012939, 175.461578369, 175.891159058, 176.320724487, 176.750289917, 177.179855347, 177.609436035, 178.039001465, 178.468566895, 178.898132324, 179.327713013, 179.757278442, 180.186843872, 180.604797363, 181.04598999, 181.463943481, 181.90512085, 182.323074341, 182.741043091, 183.170608521, 183.60017395, 184.029754639, 184.459320068, 184.900497437, 185.318450928, 185.748016357, 186.177597046, 186.607162476, 187.036727905, 187.466293335, 187.895874023, 188.325439453, 188.755004883, 189.172973633, 189.602539063, 190.032104492, 190.461669922, 190.89125061, 191.332427979, 191.75038147, 192.179946899, 192.609527588, 193.039093018, 193.468658447, 193.886611938, 194.316192627, 194.745758057, 195.175323486, 195.604888916, 196.034469604, 196.464035034, 196.893600464, 197.323165894, 197.752746582, 198.182312012, 198.62348938, 199.064666748, 199.505844116, 199.947021484, 200.399810791, 200.899047852, 201.398269653, 201.897506714, 202.385116577, 202.872741699, 203.360351563, 203.789932251, 204.219497681, 204.64906311, 205.07862854, 205.508209229, 205.937774658, 206.367340088, 206.796905518, 207.238098145, 207.667663574, 208.155273438, 208.64289856, 209.142120361, 209.676193237, 210.198638916, 210.721084595, 211.162261963, 211.603439331, 212.056228638, 212.509017944, 212.961807251, 213.414596558, 213.867385864]
