
metadata:
    version:
        essentia: "2.1-beta2"
    audio_properties:
        analysis_sample_rate: 44100
        bitrate: 320
        channels: 2
        equal_loudness: 1
        length: 209.005706787
        replay_gain: -15.1255779266
        downmix: "mix"
    tags:
        album: "Ungrateful"
        artist: "Escape The Fate"
        comment: "Forever Immortal Hosts www.p2pdl.com"
        date: "2013"
        genre: "Hardcore"
        title: "Chemical Love"
        tracknumber: "6/13"

configuration:
    average_loudness:
        compute: 1
        frameSize: 88200
        hopSize: 44100
        silentFrames: "noise"
        windowType: "hann"
    general:
        analysisSampleRate: 44100
        endTime: 2000
        equalLoudness: 1
        nequalLoudness: 0
        shortSound: 0
        startTime: 0
    lowlevel:
        compute: 1
        frameSize: 2048
        hopSize: 1024
        zeroPadding: 0
        silentFrames: "noise"
        windowType: "blackmanharris62"
        mfccStats: ["mean", "cov", "icov"]
        stats: ["mean", "var", "median", "min", "max", "dmean", "dmean2", "dvar", "dvar2"]
    panning:
        compute: 0
        frameSize: 8192
        hopSize: 2048
        zeroPadding: 8192
        silentFrames: "noise"
        windowType: "hann"
        stats: ["copy"]
    rhythm:
        compute: 1
        maxTempo: 208
        minTempo: 40
        method: "degara"
        stats: ["mean", "var", "median", "min", "max", "dmean", "dmean2", "dvar", "dvar2"]
    segmentation:
        compute: 0
        cpw: 5
        inc1: 300
        inc2: 50
        minimumSegmentsLength: 10
        size1: 1000
        size2: 600
    sfx:
        compute: 1
        stats: ["mean", "var", "median", "min", "max", "dmean", "dmean2", "dvar", "dvar2"]
    svm:
        compute: 0
    tonal:
        compute: 1
        frameSize: 4096
        hopSize: 2048
        zeroPadding: 0
        silentFrames: "noise"
        windowType: "blackmanharris62"
        stats: ["mean", "var", "median", "min", "max", "dmean", "dmean2", "dvar", "dvar2"]

lowlevel:
    average_loudness: 0.800036489964
    barkbands_kurtosis:
        dmean: 0.832634210587
        dmean2: 1.34025931358
        dvar: 1.34986627102
        dvar2: 3.23746919632
        max: 30.2749042511
        mean: 0.0182260237634
        median: -0.595301449299
        min: -1.81767189503
        var: 3.93439340591
    barkbands_skewness:
        dmean: 0.394889265299
        dmean2: 0.625257670879
        dvar: 0.138214886189
        dvar2: 0.349987626076
        max: 3.47503113747
        mean: 0.135303169489
        median: 0.130408629775
        min: -4.37525129318
        var: 0.798091292381
    barkbands_spread:
        dmean: 4.6403670311
        dmean2: 7.37903404236
        dvar: 23.3915309906
        dvar2: 56.6175880432
        max: 59.9357299805
        mean: 24.5898609161
        median: 24.7463188171
        min: 1.59732174873
        var: 89.4349975586
    dissonance:
        dmean: 0.0184513442218
        dmean2: 0.0310301389545
        dvar: 0.00040537424502
        dvar2: 0.0011233863188
        max: 0.500000059605
        mean: 0.467077970505
        median: 0.475571811199
        min: 0.204898133874
        var: 0.00092848262284
    hfc:
        dmean: 2.48293375969
        dmean2: 4.3071680069
        dvar: 25.5081481934
        dvar2: 72.045425415
        max: 54.9131851196
        mean: 7.36046600342
        median: 6.03650474548
        min: 1.16607439193e-016
        var: 42.2019004822
    pitch:
        dmean: 636.846618652
        dmean2: 1232.53710938
        dvar: 1449507.125
        dvar2: 3704391.75
        max: 5012.21142578
        mean: 795.411743164
        median: 267.503265381
        min: 55.5284843445
        var: 1423053.875
    pitch_instantaneous_confidence:
        dmean: 0.0869290009141
        dmean2: 0.139999493957
        dvar: 0.00585131952539
        dvar2: 0.0139955217019
        max: 0.942729592323
        mean: 0.428819417953
        median: 0.405593037605
        min: 0.108068108559
        var: 0.0254279449582
    pitch_salience:
        dmean: 0.0589063502848
        dmean2: 0.0958444103599
        dvar: 0.00265378062613
        dvar2: 0.00685745989904
        max: 0.929778635502
        mean: 0.644516587257
        median: 0.659374773502
        min: 0.234238803387
        var: 0.00919639784843
    silence_rate_20dB:
        dmean: 0
        dmean2: 0
        dvar: 0
        dvar2: 0
        max: 1
        mean: 1
        median: 1
        min: 1
        var: 0
    silence_rate_30dB:
        dmean: 0
        dmean2: 0
        dvar: 0
        dvar2: 0
        max: 1
        mean: 1
        median: 1
        min: 1
        var: 0
    silence_rate_60dB:
        dmean: 0.0842035114765
        dmean2: 0.16842572391
        dvar: 0.0771074071527
        dvar2: 0.16493216157
        max: 1
        mean: 0.420415431261
        median: 0
        min: 0
        var: 0.243676528335
    spectral_centroid:
        dmean: 252.660903931
        dmean2: 404.403747559
        dvar: 87631.828125
        dvar2: 210538.6875
        max: 10947.7080078
        mean: 1679.10119629
        median: 1650.15319824
        min: 301.891937256
        var: 468839.5
    spectral_complexity:
        dmean: 3.67940449715
        dmean2: 6.08310174942
        dvar: 21.6099948883
        dvar2: 53.4306983948
        max: 48
        mean: 13.9075860977
        median: 12
        min: 0
        var: 95.261390686
    spectral_crest:
        dmean: 2.11628699303
        dmean2: 3.40736269951
        dvar: 4.07559728622
        dvar2: 9.92401790619
        max: 23.4852981567
        mean: 7.6259059906
        median: 6.64115333557
        min: 2.16718959808
        var: 12.4129886627
    spectral_decrease:
        dmean: 2.47638104467e-010
        dmean2: 4.05601940923e-010
        dvar: 1.39059012987e-019
        dvar2: 3.77506258114e-019
        max: 3.64913800746e-029
        mean: -8.99822938383e-010
        median: -8.02152677615e-010
        min: -4.42252146016e-009
        var: 4.24005854357e-019
    spectral_energy:
        dmean: 0.00113580713514
        dmean2: 0.00188137812074
        dvar: 3.29382260134e-006
        dvar2: 9.06314471649e-006
        max: 0.0213473532349
        mean: 0.00406373571604
        median: 0.00363468052819
        min: 1.04389167406e-020
        var: 8.82367839949e-006
    spectral_energyband_high:
        dmean: 0.000207702687476
        dmean2: 0.000366814580048
        dvar: 2.08202976637e-007
        dvar2: 5.953991149e-007
        max: 0.0052539226599
        mean: 0.000389767752495
        median: 0.000278312450973
        min: 7.39686391054e-021
        var: 2.13528878135e-007
    spectral_energyband_low:
        dmean: 7.36654255888e-005
        dmean2: 0.000124519254314
        dvar: 1.37354412288e-008
        dvar2: 3.66331214252e-008
        max: 0.00152778951451
        mean: 0.000125409977045
        median: 8.73260069056e-005
        min: 1.22220075447e-022
        var: 1.85103399275e-008
    spectral_energyband_middle_high:
        dmean: 0.000624304986559
        dmean2: 0.00104665034451
        dvar: 1.02844603589e-006
        dvar2: 2.79709001916e-006
        max: 0.0130924414843
        mean: 0.00200916454196
        median: 0.00157575681806
        min: 1.66564408175e-021
        var: 2.89177501145e-006
    spectral_energyband_middle_low:
        dmean: 0.000594593991991
        dmean2: 0.000944686937146
        dvar: 7.92686876139e-007
        dvar2: 2.03148715627e-006
        max: 0.0119994897395
        mean: 0.00159981788602
        median: 0.00104909704532
        min: 2.86675183157e-022
        var: 2.61218406195e-006
    spectral_flatness_db:
        dmean: 0.015732480213
        dmean2: 0.0236401278526
        dvar: 0.000240361390752
        dvar2: 0.000501482281834
        max: 0.475840717554
        mean: 0.146250605583
        median: 0.135310187936
        min: 0.0600567087531
        var: 0.00227687344886
    spectral_flux:
        dmean: 0.00733429659158
        dmean2: 0.0116371139884
        dvar: 9.50895264396e-005
        dvar2: 0.000186788791325
        max: 0.112558417022
        mean: 0.0349560305476
        median: 0.0343821644783
        min: 1.02171014704e-010
        var: 0.000331304880092
    spectral_kurtosis:
        dmean: 1.65427875519
        dmean2: 2.72255301476
        dvar: 18.311712265
        dvar2: 43.1883392334
        max: 128.158950806
        mean: 4.92538833618
        median: 3.49387001991
        min: -1.21663784981
        var: 45.2278327942
    spectral_rms:
        dmean: 0.0002519346599
        dmean2: 0.000405763887102
        dvar: 1.11638001954e-007
        dvar2: 2.95422267982e-007
        max: 0.0045636263676
        mean: 0.00183516915422
        median: 0.00188309047371
        min: 3.19128642783e-012
        var: 5.96776544626e-007
    spectral_rolloff:
        dmean: 399.586090088
        dmean2: 662.495300293
        dvar: 318959.375
        dvar2: 742108.5
        max: 19078.4179688
        mean: 2970.94995117
        median: 3316.11328125
        min: 236.865234375
        var: 1328173.75
    spectral_skewness:
        dmean: 0.214765101671
        dmean2: 0.347303897142
        dvar: 0.100998356938
        dvar2: 0.246212393045
        max: 8.03297901154
        mean: 1.53313422203
        median: 1.39608550072
        min: -0.0185989346355
        var: 0.38397192955
    spectral_spread:
        dmean: 441533.0625
        dmean2: 629714.8125
        dvar: 321988231168
        dvar2: 521362145280
        max: 41213960
        mean: 4593243
        median: 4517598
        min: 628174.375
        var: 1.82747647181e+012
    spectral_strongpeak:
        dmean: 0.434173315763
        dmean2: 0.731318950653
        dvar: 0.439670473337
        dvar2: 1.16221141815
        max: 8.61282730103
        mean: 0.815944492817
        median: 0.572179436684
        min: 6.06814420934e-009
        var: 0.780102849007
    zerocrossingrate:
        dmean: 0.00777572439983
        dmean2: 0.00938648916781
        dvar: 7.2272727266e-005
        dvar2: 9.00379818631e-005
        max: 0.494140625
        mean: 0.0929251909256
        median: 0.09423828125
        min: 0.017578125
        var: 0.00102868664544
    barkbands:
        dmean: [5.53899724309e-007, 2.94980582112e-005, 3.93689660996e-005, 5.36112274858e-005, 0.000187177633052, 0.000111797337013, 0.00014161238505, 0.000201236762223, 0.000219510286115, 9.58340970101e-005, 8.07005853858e-005, 5.88779403188e-005, 9.27712535486e-005, 5.44957038073e-005, 5.75873309572e-005, 8.07125397841e-005, 0.000121928933368, 0.00017158301489, 0.000197583212866, 0.000202568000532, 9.94688889477e-005, 2.91425494652e-005, 5.75932199354e-006, 2.09596419154e-006, 7.68275867813e-007, 4.49066170916e-008, 1.15880571805e-009]
        dmean2: [8.82835934135e-007, 5.05504394823e-005, 6.67764543323e-005, 9.307415894e-005, 0.00032108425512, 0.000175602050149, 0.000218895074795, 0.000307213776978, 0.000332722003805, 0.000152659515152, 0.000126137063489, 9.59940880421e-005, 0.000152291671839, 9.01684761629e-005, 9.40838290262e-005, 0.00013531188597, 0.000204031253816, 0.000294225639664, 0.000338747835485, 0.000361284124665, 0.00017544045113, 5.02276525367e-005, 9.38873472478e-006, 3.33249317919e-006, 1.24574842175e-006, 6.49494538152e-008, 1.76457393142e-009]
        dvar: [1.10190198979e-012, 3.96077659559e-009, 4.22174650794e-009, 1.05431094966e-008, 1.88312895943e-007, 8.39069400627e-008, 7.25299074134e-008, 2.93250508321e-007, 2.3550062167e-007, 4.13082297257e-008, 4.33096403185e-008, 1.61789248665e-008, 2.02775183311e-008, 7.70413866036e-009, 8.62057536466e-009, 1.61652558006e-008, 3.79597118183e-008, 9.94170648028e-008, 1.17954662926e-007, 2.34034374103e-007, 4.33230482599e-008, 3.44032491384e-009, 1.34753708192e-010, 2.11033811953e-011, 2.39185754536e-012, 6.77968686169e-015, 1.30647685273e-017]
        dvar2: [2.6454298821e-012, 1.07438866692e-008, 1.16018350482e-008, 2.9345246233e-008, 5.18464446486e-007, 1.91510466152e-007, 1.62353330779e-007, 6.78136416354e-007, 5.5684694189e-007, 1.14542146434e-007, 9.4339824841e-008, 3.98587864936e-008, 5.34207629244e-008, 2.00960457164e-008, 2.09672421647e-008, 4.31324629346e-008, 1.00256322355e-007, 2.65119467713e-007, 3.2249752735e-007, 6.74682155477e-007, 1.23089392901e-007, 9.5836290015e-009, 3.34671845792e-010, 4.74241548809e-011, 6.20207834742e-012, 1.54755884079e-014, 3.06400702169e-017]
        max: [1.5428126062e-005, 0.00074498844333, 0.0012490937952, 0.00150155171286, 0.00497519690543, 0.00640419125557, 0.00649076653644, 0.0104215666652, 0.00932674761862, 0.00461049424484, 0.00538854300976, 0.00280946865678, 0.00270245643333, 0.00145509873983, 0.00174758117646, 0.00194267369807, 0.00348033336923, 0.00369283929467, 0.00588176446036, 0.00686313817278, 0.00271035451442, 0.000848136434797, 0.000190117105376, 0.000126514409203, 5.6217853853e-005, 1.32920149554e-006, 5.73174290253e-008]
        mean: [7.20361185813e-007, 3.77060860046e-005, 5.73381985305e-005, 7.2110495239e-005, 0.000260401080595, 0.000193921208847, 0.000266601971816, 0.000349139794707, 0.000415842077928, 0.000172178843059, 0.00012779480312, 9.69170723693e-005, 0.000161881165695, 9.81247867458e-005, 0.000102715755929, 0.000157468995894, 0.000242239737418, 0.000293718767352, 0.000393171154428, 0.000326009554556, 0.000172232292243, 4.90560305479e-005, 1.06910965769e-005, 4.30649924965e-006, 1.38860809784e-006, 7.2552147401e-008, 1.37921984944e-009]
        median: [2.2996434268e-007, 2.18152745219e-005, 3.37531491823e-005, 2.57691699517e-005, 0.00012491364032, 7.55965011194e-005, 0.000115841641673, 6.65621264488e-005, 0.000142377743032, 8.24426460895e-005, 4.48911232525e-005, 4.69708320452e-005, 9.36507422011e-005, 5.76787751925e-005, 6.34875759715e-005, 9.81964622042e-005, 0.000145781901665, 0.000162915632245, 0.000245580362389, 0.000198865309358, 0.000114252863568, 3.16848309012e-005, 6.15539147475e-006, 2.5743063361e-006, 8.65861522925e-007, 3.66259165219e-008, 4.34975722108e-010]
        min: [9.59680766751e-024, 4.45130038118e-023, 5.16315079157e-023, 3.25921543307e-023, 3.50277339765e-023, 5.1150107126e-023, 1.88404833285e-023, 2.11030578893e-023, 9.01525388616e-023, 5.88177341505e-023, 1.78564740126e-023, 9.72254468051e-023, 7.74283639217e-023, 1.50708707877e-022, 1.93399398822e-022, 1.19780235952e-022, 3.46711890422e-022, 1.46765135414e-022, 3.20275508036e-022, 2.25963741072e-022, 4.61234778649e-022, 4.47293422886e-022, 6.42979748405e-022, 8.70977564166e-022, 8.62695963543e-022, 1.72803139257e-021, 2.59940497753e-021]
        var: [1.54618787392e-012, 3.45941475466e-009, 5.64299051931e-009, 1.51314658581e-008, 1.84811597137e-007, 1.51711063268e-007, 1.98610294433e-007, 8.29270902614e-007, 6.51287564324e-007, 7.11873582304e-008, 8.98067540334e-008, 3.46788517902e-008, 4.0058242945e-008, 1.84070607645e-008, 1.84672686032e-008, 3.70821915396e-008, 8.66981153536e-008, 1.61749753147e-007, 2.09946463769e-007, 2.11143301954e-007, 4.56899051926e-008, 3.71809849575e-009, 2.56519305797e-010, 4.92189275447e-011, 3.89123845992e-012, 1.07342698166e-014, 1.42249654371e-017]
    frequency_bands:
        dmean: [5.53899724309e-007, 2.94980582112e-005, 3.93689660996e-005, 5.36112274858e-005, 0.000187177633052, 0.000111797337013, 0.00014161238505, 0.000201236762223, 0.000219510286115, 9.58340970101e-005, 8.07005853858e-005, 5.88779403188e-005, 9.27712535486e-005, 5.44957038073e-005, 5.75873309572e-005, 8.07125397841e-005, 0.000121928933368, 0.00017158301489, 0.000197583212866, 0.000202568000532, 9.94688889477e-005, 2.91425494652e-005, 5.75932199354e-006, 2.09596419154e-006, 7.68275867813e-007, 4.49066170916e-008, 1.15880571805e-009, 4.66782099084e-011]
        dmean2: [8.82835934135e-007, 5.05504394823e-005, 6.67764543323e-005, 9.307415894e-005, 0.00032108425512, 0.000175602050149, 0.000218895074795, 0.000307213776978, 0.000332722003805, 0.000152659515152, 0.000126137063489, 9.59940880421e-005, 0.000152291671839, 9.01684761629e-005, 9.40838290262e-005, 0.00013531188597, 0.000204031253816, 0.000294225639664, 0.000338747835485, 0.000361284124665, 0.00017544045113, 5.02276525367e-005, 9.38873472478e-006, 3.33249317919e-006, 1.24574842175e-006, 6.49494538152e-008, 1.76457393142e-009, 8.60532409219e-011]
        dvar: [1.10190198979e-012, 3.96077659559e-009, 4.22174650794e-009, 1.05431094966e-008, 1.88312895943e-007, 8.39069400627e-008, 7.25299074134e-008, 2.93250508321e-007, 2.3550062167e-007, 4.13082297257e-008, 4.33096403185e-008, 1.61789248665e-008, 2.02775183311e-008, 7.70413866036e-009, 8.62057536466e-009, 1.61652558006e-008, 3.79597118183e-008, 9.94170648028e-008, 1.17954662926e-007, 2.34034374103e-007, 4.33230482599e-008, 3.44032491384e-009, 1.34753708192e-010, 2.11033811953e-011, 2.39185754536e-012, 6.77968686169e-015, 1.30647685273e-017, 4.9118416943e-021]
        dvar2: [2.6454298821e-012, 1.07438866692e-008, 1.16018350482e-008, 2.9345246233e-008, 5.18464446486e-007, 1.91510466152e-007, 1.62353330779e-007, 6.78136416354e-007, 5.5684694189e-007, 1.14542146434e-007, 9.4339824841e-008, 3.98587864936e-008, 5.34207629244e-008, 2.00960457164e-008, 2.09672421647e-008, 4.31324629346e-008, 1.00256322355e-007, 2.65119467713e-007, 3.2249752735e-007, 6.74682155477e-007, 1.23089392901e-007, 9.5836290015e-009, 3.34671845792e-010, 4.74241548809e-011, 6.20207834742e-012, 1.54755884079e-014, 3.06400702169e-017, 1.52663872241e-020]
        max: [1.5428126062e-005, 0.00074498844333, 0.0012490937952, 0.00150155171286, 0.00497519690543, 0.00640419125557, 0.00649076653644, 0.0104215666652, 0.00932674761862, 0.00461049424484, 0.00538854300976, 0.00280946865678, 0.00270245643333, 0.00145509873983, 0.00174758117646, 0.00194267369807, 0.00348033336923, 0.00369283929467, 0.00588176446036, 0.00686313817278, 0.00271035451442, 0.000848136434797, 0.000190117105376, 0.000126514409203, 5.6217853853e-005, 1.32920149554e-006, 5.73174290253e-008, 6.83891221431e-010]
        mean: [7.20361185813e-007, 3.77060860046e-005, 5.73381985305e-005, 7.2110495239e-005, 0.000260401080595, 0.000193921208847, 0.000266601971816, 0.000349139794707, 0.000415842077928, 0.000172178843059, 0.00012779480312, 9.69170723693e-005, 0.000161881165695, 9.81247867458e-005, 0.000102715755929, 0.000157468995894, 0.000242239737418, 0.000293718767352, 0.000393171154428, 0.000326009554556, 0.000172232292243, 4.90560305479e-005, 1.06910965769e-005, 4.30649924965e-006, 1.38860809784e-006, 7.2552147401e-008, 1.37921984944e-009, 3.66849640943e-011]
        median: [2.2996434268e-007, 2.18152745219e-005, 3.37531491823e-005, 2.57691699517e-005, 0.00012491364032, 7.55965011194e-005, 0.000115841641673, 6.65621264488e-005, 0.000142377743032, 8.24426460895e-005, 4.48911232525e-005, 4.69708320452e-005, 9.36507422011e-005, 5.76787751925e-005, 6.34875759715e-005, 9.81964622042e-005, 0.000145781901665, 0.000162915632245, 0.000245580362389, 0.000198865309358, 0.000114252863568, 3.16848309012e-005, 6.15539147475e-006, 2.5743063361e-006, 8.65861522925e-007, 3.66259165219e-008, 4.34975722108e-010, 1.13497440613e-011]
        min: [9.59680766751e-024, 4.45130038118e-023, 5.16315079157e-023, 3.25921543307e-023, 3.50277339765e-023, 5.1150107126e-023, 1.88404833285e-023, 2.11030578893e-023, 9.01525388616e-023, 5.88177341505e-023, 1.78564740126e-023, 9.72254468051e-023, 7.74283639217e-023, 1.50708707877e-022, 1.93399398822e-022, 1.19780235952e-022, 3.46711890422e-022, 1.46765135414e-022, 3.20275508036e-022, 2.25963741072e-022, 4.61234778649e-022, 4.47293422886e-022, 6.42979748405e-022, 8.70977564166e-022, 8.62695963543e-022, 1.72803139257e-021, 2.59940497753e-021, 7.16758362152e-022]
        var: [1.54618787392e-012, 3.45941475466e-009, 5.64299051931e-009, 1.51314658581e-008, 1.84811597137e-007, 1.51711063268e-007, 1.98610294433e-007, 8.29270902614e-007, 6.51287564324e-007, 7.11873582304e-008, 8.98067540334e-008, 3.46788517902e-008, 4.0058242945e-008, 1.84070607645e-008, 1.84672686032e-008, 3.70821915396e-008, 8.66981153536e-008, 1.61749753147e-007, 2.09946463769e-007, 2.11143301954e-007, 4.56899051926e-008, 3.71809849575e-009, 2.56519305797e-010, 4.92189275447e-011, 3.89123845992e-012, 1.07342698166e-014, 1.42249654371e-017, 4.05477918211e-021]
    mfcc:
        mean: [-725.242553711, 101.305625916, -48.8681716919, 36.2858848572, -23.6972579956, -7.3004655838, -2.14210605621, -3.94032335281, -3.06495428085, -2.50552558899, -0.785373806953, 0.260568648577, -3.7071313858]
        cov: [[8724.11621094, -133.057632446, -906.291992188, 1049.41064453, -306.362030029, 91.537902832, -346.110961914, -171.001449585, -98.650680542, 11.9777441025, -10.2656297684, -37.1793174744, -68.9721603394], [-133.057632446, 1122.08081055, 125.908439636, -176.743026733, -95.150352478, -105.889160156, 41.1264648438, 7.18311023712, 7.41803741455, -21.9357738495, -4.75033426285, 40.6087226868, 20.5297622681], [-906.291992188, 125.908439636, 455.059875488, -138.259246826, 94.6692047119, -8.84926509857, -15.1416158676, 3.67553043365, -28.80534935, 5.73575210571, -11.2189388275, 10.5158348083, -16.7873687744], [1049.41064453, -176.743026733, -138.259246826, 404.92565918, 15.1082868576, 62.3696899414, -9.65732955933, -34.3816795349, 16.5080165863, -12.1170969009, -10.3026285172, -6.77592229843, 24.9887065887], [-306.362030029, -95.150352478, 94.6692047119, 15.1082868576, 232.225952148, 20.1962089539, -29.163608551, -2.50922584534, -30.9211044312, 10.6523590088, -19.8222827911, 1.36285710335, -4.97281837463], [91.537902832, -105.889160156, -8.84926509857, 62.3696899414, 20.1962089539, 114.577796936, 52.1809959412, 13.5532159805, 11.9313020706, 1.68612170219, 5.22916936874, -7.98900318146, 2.20168066025], [-346.110961914, 41.1264648438, -15.1416158676, -9.65732955933, -29.163608551, 52.1809959412, 185.186798096, 45.7740058899, 51.2008705139, -1.33830809593, -1.31980240345, -3.52453947067, 17.8755054474], [-171.001449585, 7.18311023712, 3.67553043365, -34.3816795349, -2.50922584534, 13.5532159805, 45.7740058899, 85.7588729858, 37.008480072, 11.9470119476, 3.70495700836, -1.51999557018, -2.37908220291], [-98.650680542, 7.41803741455, -28.80534935, 16.5080165863, -30.9211044312, 11.9313020706, 51.2008705139, 37.008480072, 94.1681747437, 29.462972641, 15.2279577255, 2.8951792717, 7.30179166794], [11.9777441025, -21.9357738495, 5.73575210571, -12.1170969009, 10.6523590088, 1.68612170219, -1.33830809593, 11.9470119476, 29.462972641, 79.2805480957, 36.1621932983, 8.80661773682, -8.13472747803], [-10.2656297684, -4.75033426285, -11.2189388275, -10.3026285172, -19.8222827911, 5.22916936874, -1.31980240345, 3.70495700836, 15.2279577255, 36.1621932983, 76.2213592529, 27.5076808929, -1.45296037197], [-37.1793174744, 40.6087226868, 10.5158348083, -6.77592229843, 1.36285710335, -7.98900318146, -3.52453947067, -1.51999557018, 2.8951792717, 8.80661773682, 27.5076808929, 66.1610412598, 25.9153556824], [-68.9721603394, 20.5297622681, -16.7873687744, 24.9887065887, -4.97281837463, 2.20168066025, 17.8755054474, -2.37908220291, 7.30179166794, -8.13472747803, -1.45296037197, 25.9153556824, 68.2692489624]]
        icov: [[0.000289903371595, -0.000153288623551, 0.000403697107686, -0.000703837024048, 0.000452717096778, -0.000377951248083, 0.000558024563361, -0.000108417327283, 0.000572543009184, -0.000561833381653, 0.00040437898133, -0.000246788404183, 0.000565260881558], [-0.000153288623551, 0.00122294132598, -0.000542348308954, 0.000598035519943, 0.000197218847461, 0.00119195133448, -0.000774963002186, 0.000152474836796, -0.000380814395612, 0.000568367249798, -2.27810560318e-005, -0.000479823211208, -0.00040062260814], [0.000403697107686, -0.000542348308954, 0.00344505300745, -3.26684203173e-005, -0.00056747009512, -0.00110678724013, 0.000946359068621, 1.4947661839e-005, 0.00101518875454, -0.000989438733086, 0.00110538944136, -0.000958830001764, 0.00133815209847], [-0.000703837024048, 0.000598035519943, -3.26684203173e-005, 0.00525713991374, -0.00154193525668, -0.00107844150625, -0.000541844579857, 0.00204422301613, -0.00297618517652, 0.001964479452, -0.000417905655922, 0.000684854458086, -0.00240412703715], [0.000452717096778, 0.000197218847461, -0.00056747009512, -0.00154193525668, 0.00645462051034, -0.00159769610036, 0.0014674073318, -0.00101641879883, 0.00292451493442, -0.00310525042005, 0.00311735342257, -0.00157053756993, 0.000904697284568], [-0.000377951248083, 0.00119195133448, -0.00110678724013, -0.00107844150625, -0.00159769610036, 0.0134965414181, -0.0049383835867, -0.000917721656151, 0.000228054239415, 0.00131157343276, -0.00297682406381, 0.00175056513399, -0.000504250114318], [0.000558024563361, -0.000774963002186, 0.000946359068621, -0.000541844579857, 0.0014674073318, -0.0049383835867, 0.00965359900147, -0.00250327400863, -0.0023184355814, 9.27502260311e-005, 0.00139863707591, 0.000290248950478, -0.00094230187824], [-0.000108417327283, 0.000152474836796, 1.4947661839e-005, 0.00204422301613, -0.00101641879883, -0.000917721656151, -0.00250327400863, 0.016235196963, -0.00590395508334, 0.000160896001034, 0.000401368568419, -0.000110819710244, 0.000978068681434], [0.000572543009184, -0.000380814395612, 0.00101518875454, -0.00297618517652, 0.00292451493442, 0.000228054239415, -0.0023184355814, -0.00590395508334, 0.0188773293048, -0.00759785203263, 0.000709645566531, -0.000242476497078, -0.000178275164217], [-0.000561833381653, 0.000568367249798, -0.000989438733086, 0.001964479452, -0.00310525042005, 0.00131157343276, 9.27502260311e-005, 0.000160896001034, -0.00759785203263, 0.0207064114511, -0.00956384278834, 0.00123477552552, 0.000619598897174], [0.00040437898133, -2.27810560318e-005, 0.00110538944136, -0.000417905655922, 0.00311735342257, -0.00297682406381, 0.00139863707591, 0.000401368568419, 0.000709645566531, -0.00956384278834, 0.0223206561059, -0.00984731502831, 0.00380866113119], [-0.000246788404183, -0.000479823211208, -0.000958830001764, 0.000684854458086, -0.00157053756993, 0.00175056513399, 0.000290248950478, -0.000110819710244, -0.000242476497078, 0.00123477552552, -0.00984731502831, 0.0235335454345, -0.00981217436492], [0.000565260881558, -0.00040062260814, 0.00133815209847, -0.00240412703715, 0.000904697284568, -0.000504250114318, -0.00094230187824, 0.000978068681434, -0.000178275164217, 0.000619598897174, 0.00380866113119, -0.00981217436492, 0.0208101589233]]
    sccoeffs:
        dmean: [0.0512584745884, 0.0471896268427, 0.0394975431263, 0.0292207039893, 0.0202206615359, 0.0194266233593]
        dmean2: [0.0859008431435, 0.0771130919456, 0.0645096302032, 0.0482399649918, 0.0336050465703, 0.0311789289117]
        dvar: [0.00199033133686, 0.0014292600099, 0.000985305057839, 0.000516207597684, 0.000267508759862, 0.000358638411853]
        dvar2: [0.00541167100891, 0.00374744576402, 0.00253809802234, 0.00136611843482, 0.000723293866031, 0.00083938636817]
        max: [-0.370005130768, -0.426640719175, -0.523182451725, -0.578341782093, -0.658291697502, -0.565264225006]
        mean: [-0.709532618523, -0.737483799458, -0.757853865623, -0.79124802351, -0.803026258945, -0.751214444637]
        median: [-0.717037141323, -0.742788016796, -0.761905968189, -0.795607805252, -0.804070055485, -0.745785474777]
        min: [-0.986587524414, -0.982751369476, -0.962759613991, -0.954789340496, -0.958196222782, -0.96250551939]
        var: [0.00649889977649, 0.00588745670393, 0.00415712967515, 0.00196455558762, 0.00133057765197, 0.00214793393388]
    scvalleys:
        dmean: [0.370826870203, 0.344297409058, 0.305487006903, 0.269551187754, 0.274331390858, 0.301666021347]
        dmean2: [0.613310039043, 0.572187244892, 0.500922977924, 0.429729253054, 0.431157916784, 0.428008466959]
        dvar: [0.0995247140527, 0.0902520641685, 0.0822558104992, 0.0758873894811, 0.131305709481, 0.161590576172]
        dvar2: [0.243920251727, 0.215800642967, 0.184744238853, 0.148859292269, 0.273505270481, 0.30300283432]
        max: [-5.49595022202, -4.77881717682, -5.30479288101, -5.66809844971, -5.25443458557, -7.58118247986]
        mean: [-7.28835535049, -6.75425243378, -7.07507944107, -7.31894826889, -7.31752681732, -9.99221134186]
        median: [-7.00126218796, -6.53821468353, -6.85004758835, -6.97189807892, -6.94103145599, -9.47884559631]
        min: [-26.8937721252, -27.1567687988, -27.1043643951, -27.4352931976, -27.3092498779, -27.2375621796]
        var: [2.25065875053, 1.87505424023, 1.61136758327, 1.78277623653, 2.13827466965, 2.9758002758]

rhythm:
    beats_loudness:
        dmean: 0.00147944048513
        dmean2: 0.00261756777763
        dvar: 1.37625852403e-006
        dvar2: 4.32749538959e-006
        max: 0.0114469164982
        mean: 0.00425464659929
        median: 0.00409491639584
        min: 1.24775485083e-011
        var: 5.83235214435e-006
    bpm: 114.904342651
    bpm_confidence: 0
    first_peak_bpm: 115
    first_peak_spread: 0.127226486802
    first_peak_weight: 0.861809074879
    onset_rate: 3.52143526077
    second_peak_bpm: 110
    second_peak_spread: 0.200000017881
    second_peak_weight: 0.0100502511486
    beats_loudness_band_ratio:
        dmean: [0.0582010187209, 0.0916448906064, 0.151248991489, 0.0850557684898, 0.0843040272593, 0.093169271946]
        dmean2: [0.0981419980526, 0.160418942571, 0.261906534433, 0.146922051907, 0.146275833249, 0.168773502111]
        dvar: [0.00302742631175, 0.00692276656628, 0.0156053295359, 0.00953513011336, 0.0065667424351, 0.00490627065301]
        dvar2: [0.00864545162767, 0.0184450093657, 0.042403511703, 0.0257475879043, 0.0173787232488, 0.0156458541751]
        max: [0.469808191061, 0.579087495804, 0.824126064777, 0.832797408104, 0.651481151581, 0.714494049549]
        mean: [0.113872662187, 0.122830912471, 0.237660005689, 0.162077262998, 0.198723107576, 0.204254671931]
        median: [0.101119421422, 0.0924912169576, 0.199031367898, 0.106785356998, 0.180931717157, 0.19018574059]
        min: [0, 0, 0, 0, 0, 0]
        var: [0.00543547980487, 0.011073242873, 0.0257116667926, 0.020606463775, 0.0127880601212, 0.012288662605]
    beats_position: [0.510838985443, 1.04489791393, 1.57895684242, 2.11301589012, 2.6470746994, 3.19274377823, 3.73841261864, 4.29569149017, 4.82975053787, 5.35219955444, 5.87464857101, 6.39709758759, 6.91954612732, 7.44199514389, 7.96444416046, 8.48689365387, 9.0093421936, 9.53179073334, 10.0542402267, 10.5766887665, 11.0991382599, 11.6099767685, 12.1324262619, 12.6548748016, 13.177324295, 13.6997728348, 14.2222223282, 14.7446708679, 15.2671203613, 15.7895689011, 16.3120174408, 16.8344669342, 17.3569164276, 17.8793640137, 18.4018135071, 18.9242630005, 19.4351024628, 19.9575500488, 20.4799995422, 21.0024490356, 21.5248966217, 22.0473461151, 22.5697956085, 23.0922451019, 23.614692688, 24.1371421814, 24.6595916748, 25.1704311371, 25.6928787231, 26.2153282166, 26.73777771, 27.2602272034, 27.7826747894, 28.3051242828, 28.8275737762, 29.3500213623, 29.8608608246, 30.383310318, 30.9057598114, 31.4282073975, 31.9506568909, 32.4731063843, 32.9955558777, 33.5180053711, 34.0404510498, 34.5629005432, 35.0853500366, 35.60779953, 36.1302490234, 36.6526985168, 37.1751480103, 37.6975975037, 38.2200431824, 38.7424926758, 39.2649421692, 39.7873916626, 40.309841156, 40.8322906494, 41.3547401428, 41.8771858215, 42.3996353149, 42.9104766846, 43.432926178, 43.9553718567, 44.4778213501, 45.0002708435, 45.5227203369, 46.0451698303, 46.5676193237, 47.0900688171, 47.6125144958, 48.1349639893, 48.6458053589, 49.1682548523, 49.690700531, 50.2131500244, 50.7355995178, 51.2580490112, 51.7804985046, 52.302947998, 52.8253974915, 53.3478431702, 53.8702926636, 54.392742157, 54.9151916504, 55.4376411438, 55.9600906372, 56.4825401306, 57.0049858093, 57.5274353027, 58.0498847961, 58.5723342896, 59.094783783, 59.6172332764, 60.1396827698, 60.6505203247, 61.1729698181, 61.6954193115, 62.2178688049, 62.7403144836, 63.2627639771, 63.7852134705, 64.3076629639, 64.8301086426, 65.3525619507, 65.8750076294, 66.385848999, 66.9082946777, 67.4307479858, 67.9531936646, 68.4756469727, 68.9980926514, 69.5205459595, 70.0429916382, 70.5654373169, 71.087890625, 71.6103363037, 72.1327896118, 72.6552352905, 73.1660766602, 73.6885223389, 74.210975647, 74.7450332642, 75.2674789429, 75.789932251, 76.3007659912, 76.8116073608, 77.3340606689, 77.8565063477, 78.3905639648, 78.9130172729, 79.4354629517, 79.9579086304, 80.46875, 80.9912033081, 81.5136489868, 82.0360946655, 82.5585479736, 83.0809936523, 83.6034469604, 84.1258926392, 84.6483459473, 85.170791626, 85.6932373047, 86.2156906128, 86.7381362915, 87.2605895996, 87.7830352783, 88.3054885864, 88.8279342651, 89.3503875732, 89.872833252, 90.3952789307, 90.9177322388, 91.4401779175, 91.9510192871, 92.4734649658, 92.9959182739, 93.5183639526, 94.0408172607, 94.5632629395, 95.0857162476, 95.6081619263, 96.130607605, 96.6530609131, 97.1755065918, 97.6979598999, 98.2204055786, 98.7312469482, 99.253692627, 99.7761459351, 100.298591614, 100.821044922, 101.343490601, 101.865936279, 102.388389587, 102.910835266, 103.433288574, 103.955734253, 104.478187561, 105.00063324, 105.523078918, 106.045532227, 106.567977905, 107.090431213, 107.612876892, 108.1353302, 108.657775879, 109.180221558, 109.702674866, 110.225120544, 110.735961914, 111.258407593, 111.780860901, 112.30330658, 112.825759888, 113.336593628, 113.859046936, 114.381492615, 114.903945923, 115.426391602, 115.94884491, 116.471290588, 116.993736267, 117.516189575, 118.038635254, 118.561088562, 119.083534241, 119.605987549, 120.128433228, 120.650878906, 121.173332214, 121.695777893, 122.206619263, 122.729064941, 123.25151825, 123.773963928, 124.296417236, 124.830474854, 125.352920532, 125.87537384, 126.386207581, 126.908660889, 127.431106567, 127.953559875, 128.476013184, 128.998458862, 129.520904541, 130.04335022, 130.554199219, 131.076644897, 131.599090576, 132.121536255, 132.655593872, 133.17805481, 133.700500488, 134.211334229, 134.733779907, 135.256240845, 135.790298462, 136.312744141, 136.835189819, 137.34602356, 137.868484497, 138.390930176, 138.913375854, 139.435821533, 139.958267212, 140.480728149, 141.003173828, 141.525619507, 142.036453247, 142.558914185, 143.081359863, 143.603805542, 144.126251221, 144.648712158, 145.171157837, 145.693603516, 146.216049194, 146.738494873, 147.260955811, 147.783401489, 148.305847168, 148.828292847, 149.350738525, 149.873199463, 150.395645142, 150.906478882, 151.428924561, 151.951385498, 152.473831177, 152.996276855, 153.518722534, 154.041183472, 154.56362915, 155.086074829, 155.620132446, 156.130966187, 156.653427124, 157.175872803, 157.698318481, 158.22076416, 158.743209839, 159.265670776, 159.788116455, 160.298950195, 160.821395874, 161.343856812, 161.86630249, 162.388748169, 162.911193848, 163.433654785, 163.956100464, 164.478546143, 165.000991821, 165.51184082, 166.034286499, 166.556732178, 167.079177856, 167.601623535, 168.124084473, 168.646530151, 169.16897583, 169.691421509, 170.213867188, 170.736328125, 171.258773804, 171.781219482, 172.303665161, 172.826126099, 173.348571777, 173.871017456, 174.393463135, 174.915908813, 175.426757813, 175.949203491, 176.460037231, 176.982498169, 177.504943848, 178.027389526, 178.549835205, 179.072280884, 179.594741821, 180.128799438, 180.651245117, 181.173690796, 181.684524536, 182.206985474, 182.729431152, 183.251876831, 183.77432251, 184.296783447, 184.819229126, 185.341674805, 185.864120483, 186.386566162, 186.9090271, 187.431472778, 187.953918457, 188.476364136, 188.998809814, 189.521270752, 190.043716431, 190.566162109, 191.07699585, 191.611068726, 192.133514404, 192.655960083, 193.166793823, 193.689254761, 194.211700439, 194.734146118, 195.256591797, 195.779037476, 196.301498413, 196.812332153, 197.334777832, 197.857223511, 198.379684448, 198.902130127, 199.424575806, 199.947021484, 200.469467163, 200.991928101, 201.514373779, 202.036819458, 202.559265137, 203.081726074, 203.604171753, 204.126617432, 204.637451172, 205.159912109, 205.693969727, 206.228027344, 206.762084961, 207.296142578, 207.841812134, 208.387481689]
