
metadata:
    version:
        essentia: "2.1-beta2"
    audio_properties:
        analysis_sample_rate: 44100
        bitrate: 320
        channels: 2
        equal_loudness: 1
        length: 231.993469238
        replay_gain: -15.2757492065
        downmix: "mix"
    tags:
        album: "Ungrateful"
        artist: "Escape The Fate"
        comment: "Forever Immortal Hosts www.p2pdl.com"
        date: "2013"
        genre: "Hardcore"
        title: "Picture Perfect"
        tracknumber: "7/13"

configuration:
    average_loudness:
        compute: 1
        frameSize: 88200
        hopSize: 44100
        silentFrames: "noise"
        windowType: "hann"
    general:
        analysisSampleRate: 44100
        endTime: 2000
        equalLoudness: 1
        nequalLoudness: 0
        shortSound: 0
        startTime: 0
    lowlevel:
        compute: 1
        frameSize: 2048
        hopSize: 1024
        zeroPadding: 0
        silentFrames: "noise"
        windowType: "blackmanharris62"
        mfccStats: ["mean", "cov", "icov"]
        stats: ["mean", "var", "median", "min", "max", "dmean", "dmean2", "dvar", "dvar2"]
    panning:
        compute: 0
        frameSize: 8192
        hopSize: 2048
        zeroPadding: 8192
        silentFrames: "noise"
        windowType: "hann"
        stats: ["copy"]
    rhythm:
        compute: 1
        maxTempo: 208
        minTempo: 40
        method: "degara"
        stats: ["mean", "var", "median", "min", "max", "dmean", "dmean2", "dvar", "dvar2"]
    segmentation:
        compute: 0
        cpw: 5
        inc1: 300
        inc2: 50
        minimumSegmentsLength: 10
        size1: 1000
        size2: 600
    sfx:
        compute: 1
        stats: ["mean", "var", "median", "min", "max", "dmean", "dmean2", "dvar", "dvar2"]
    svm:
        compute: 0
    tonal:
        compute: 1
        frameSize: 4096
        hopSize: 2048
        zeroPadding: 0
        silentFrames: "noise"
        windowType: "blackmanharris62"
        stats: ["mean", "var", "median", "min", "max", "dmean", "dmean2", "dvar", "dvar2"]

lowlevel:
    average_loudness: 0.674562335014
    barkbands_kurtosis:
        dmean: 66.5291137695
        dmean2: 111.439468384
        dvar: 1331968.625
        dvar2: 3500915.75
        max: 56514.7304688
        mean: 77.7307815552
        median: -0.552508115768
        min: -1.83600461483
        var: 1706990.625
    barkbands_skewness:
        dmean: 0.666553676128
        dmean2: 1.00237989426
        dvar: 14.8356246948
        dvar2: 30.4214096069
        max: 218.221740723
        mean: 0.597395658493
        median: 0.0329892374575
        min: -6.33237504959
        var: 53.1651954651
    barkbands_spread:
        dmean: 4.39559555054
        dmean2: 6.89876747131
        dvar: 23.2372570038
        dvar2: 56.3434638977
        max: 66.6065750122
        mean: 23.3433895111
        median: 23.2952518463
        min: 0.00139443192165
        var: 116.589515686
    dissonance:
        dmean: 0.0206518881023
        dmean2: 0.0350054427981
        dvar: 0.00065280077979
        dvar2: 0.00172517111059
        max: 0.500000119209
        mean: 0.460308104753
        median: 0.473963499069
        min: 0.0268194638193
        var: 0.00291910581291
    hfc:
        dmean: 2.39048600197
        dmean2: 4.03508329391
        dvar: 21.4188518524
        dvar2: 58.9030685425
        max: 76.425453186
        mean: 7.58185434341
        median: 5.40485906601
        min: 1.2223327321e-016
        var: 61.2275848389
    pitch:
        dmean: 471.601074219
        dmean2: 906.54107666
        dvar: 1067941.25
        dvar2: 2673378.5
        max: 5124.63867188
        mean: 719.100891113
        median: 325.009216309
        min: 73.1389389038
        var: 1191240.25
    pitch_instantaneous_confidence:
        dmean: 0.0863820239902
        dmean2: 0.136033758521
        dvar: 0.00624473253265
        dvar2: 0.0143704526126
        max: 0.985236287117
        mean: 0.500143826008
        median: 0.479388594627
        min: 0.125222861767
        var: 0.0328703634441
    pitch_salience:
        dmean: 0.0596798062325
        dmean2: 0.0956284031272
        dvar: 0.00268355035223
        dvar2: 0.00692341988906
        max: 0.952345013618
        mean: 0.608548998833
        median: 0.621597230434
        min: 0.00571905216202
        var: 0.0129754403606
    silence_rate_20dB:
        dmean: 0
        dmean2: 0
        dvar: 0
        dvar2: 0
        max: 1
        mean: 1
        median: 1
        min: 1
        var: 0
    silence_rate_30dB:
        dmean: 0
        dmean2: 0
        dvar: 0
        dvar2: 0
        max: 1
        mean: 1
        median: 1
        min: 1
        var: 0
    silence_rate_60dB:
        dmean: 0.0884707793593
        dmean2: 0.176959261298
        dvar: 0.0806337445974
        dvar2: 0.170488148928
        max: 1
        mean: 0.433603525162
        median: 0
        min: 0
        var: 0.245577648282
    spectral_centroid:
        dmean: 212.803070068
        dmean2: 336.969848633
        dvar: 74069.421875
        dvar2: 170679.59375
        max: 11016.4121094
        mean: 1591.7623291
        median: 1531.34985352
        min: 212.0756073
        var: 483617.21875
    spectral_complexity:
        dmean: 3.30064058304
        dmean2: 5.45591020584
        dvar: 18.7468357086
        dvar2: 46.2507858276
        max: 48
        mean: 12.8536977768
        median: 12
        min: 0
        var: 60.1421813965
    spectral_crest:
        dmean: 2.13885259628
        dmean2: 3.4285094738
        dvar: 4.09693050385
        dvar2: 10.0752267838
        max: 26.9954853058
        mean: 8.05158615112
        median: 7.10582780838
        min: 2.24133300781
        var: 15.831246376
    spectral_decrease:
        dmean: 2.40860054124e-010
        dmean2: 3.92991778009e-010
        dvar: 1.42527420069e-019
        dvar2: 3.73441776927e-019
        max: 7.79199959137e-029
        mean: -9.08457697957e-010
        median: -8.11233247244e-010
        min: -4.48010739618e-009
        var: 3.60960500363e-019
    spectral_energy:
        dmean: 0.00110549107194
        dmean2: 0.00181737483945
        dvar: 3.21301172335e-006
        dvar2: 8.53104484122e-006
        max: 0.0217762682587
        mean: 0.0041164252907
        median: 0.00358188292012
        min: 1.07928232192e-020
        var: 8.40889060783e-006
    spectral_energyband_high:
        dmean: 0.000175575522007
        dmean2: 0.000303154200083
        dvar: 1.71716393993e-007
        dvar2: 4.69432677619e-007
        max: 0.011508888565
        mean: 0.000349703477696
        median: 0.000165801102412
        min: 7.12346456222e-021
        var: 3.05127230149e-007
    spectral_energyband_low:
        dmean: 0.00010864516662
        dmean2: 0.000187735102372
        dvar: 5.02361636734e-008
        dvar2: 1.38204185873e-007
        max: 0.00312551832758
        mean: 0.000194236781681
        median: 0.000137740556966
        min: 4.96835484389e-023
        var: 5.11218907207e-008
    spectral_energyband_middle_high:
        dmean: 0.000719834584743
        dmean2: 0.00118575268425
        dvar: 1.13984594918e-006
        dvar2: 3.05518938148e-006
        max: 0.0183745659888
        mean: 0.00229237298481
        median: 0.00176323484629
        min: 1.76477933557e-021
        var: 4.24012296207e-006
    spectral_energyband_middle_low:
        dmean: 0.000496586028021
        dmean2: 0.000766961777117
        dvar: 7.06251512383e-007
        dvar2: 1.75891716481e-006
        max: 0.0104677900672
        mean: 0.00138858391438
        median: 0.00109237327706
        min: 4.37647862826e-022
        var: 1.32220270643e-006
    spectral_flatness_db:
        dmean: 0.0152815049514
        dmean2: 0.0231933575124
        dvar: 0.000251422752626
        dvar2: 0.000554486119654
        max: 0.811991393566
        mean: 0.161143764853
        median: 0.14426921308
        min: 0.0626469925046
        var: 0.00668007181957
    spectral_flux:
        dmean: 0.00831857975572
        dmean2: 0.0132150826976
        dvar: 0.000103704136563
        dvar2: 0.000216257583816
        max: 0.126764953136
        mean: 0.035244833678
        median: 0.0326246507466
        min: 1.03888515846e-010
        var: 0.000329678732669
    spectral_kurtosis:
        dmean: 4.12905073166
        dmean2: 7.16359090805
        dvar: 446.176300049
        dvar2: 1384.86193848
        max: 693.788146973
        mean: 11.4277591705
        median: 4.40821218491
        min: -1.20863902569
        var: 1361.39294434
    spectral_rms:
        dmean: 0.000247116695391
        dmean2: 0.000395328417653
        dvar: 1.06502987762e-007
        dvar2: 2.70585331918e-007
        max: 0.00460924487561
        mean: 0.00187179725617
        median: 0.00186936347745
        min: 3.24493188396e-012
        var: 5.12403005359e-007
    spectral_rolloff:
        dmean: 335.037261963
        dmean2: 549.464599609
        dvar: 226184.9375
        dvar2: 461557.375
        max: 19509.0820313
        mean: 2762.12475586
        median: 3057.71484375
        min: 236.865234375
        var: 1384467.625
    spectral_skewness:
        dmean: 0.282702744007
        dmean2: 0.458790898323
        dvar: 0.358982592821
        dvar2: 1.07449913025
        max: 23.707775116
        mean: 1.96770393848
        median: 1.52703142166
        min: 0.0243613962084
        var: 3.2514462471
    spectral_spread:
        dmean: 461255.59375
        dmean2: 684379.5625
        dvar: 446446731264
        dvar2: 804503027712
        max: 40639840
        mean: 4119759.5
        median: 4029342.25
        min: 140378.328125
        var: 2.41749563802e+012
    spectral_strongpeak:
        dmean: 0.555937349796
        dmean2: 0.919983148575
        dvar: 0.763475596905
        dvar2: 1.90281033516
        max: 17.279794693
        mean: 1.16019153595
        median: 0.683187842369
        min: 6.36570041124e-009
        var: 2.2859992981
    zerocrossingrate:
        dmean: 0.00718538695946
        dmean2: 0.00862431433052
        dvar: 7.0737907663e-005
        dvar2: 8.43715970404e-005
        max: 0.50537109375
        mean: 0.0869273021817
        median: 0.08740234375
        min: 0.01806640625
        var: 0.00113784754649
    barkbands:
        dmean: [4.30704687915e-007, 5.09559831698e-005, 5.60124790354e-005, 5.38994863746e-005, 0.000169504448422, 0.000107025458419, 8.50999495015e-005, 0.000116872957733, 0.000163399323355, 0.000137045062729, 0.000127648017951, 8.53819074109e-005, 5.37361411261e-005, 7.01278549968e-005, 9.69122629613e-005, 0.000107428284537, 0.000149738538312, 0.000178496644367, 0.000209468955291, 0.000193899482838, 8.12593134469e-005, 2.44997718255e-005, 4.06148319598e-006, 1.61593084158e-006, 9.07153093976e-007, 3.90483734236e-008, 5.20785081726e-010]
        dmean2: [7.00013913502e-007, 8.70487638167e-005, 9.88933315966e-005, 9.51201218413e-005, 0.000285163347144, 0.000167188438354, 0.000129866806674, 0.000177037189133, 0.000245452625677, 0.00020593793306, 0.000196868626517, 0.000138884977787, 8.37297775433e-005, 0.000108086635009, 0.000152110136696, 0.00017227511853, 0.000238819047809, 0.000306071393425, 0.000345653097611, 0.000325502478518, 0.000140388830914, 4.08795931435e-005, 6.47796559861e-006, 2.45037858804e-006, 1.40747829391e-006, 5.84406656401e-008, 8.36101743396e-010]
        dvar: [1.03742535396e-012, 1.52535939435e-008, 1.31543851367e-008, 1.47667975625e-008, 3.58807710654e-007, 5.98036109523e-008, 4.00225026453e-008, 5.43119007546e-008, 7.34246867751e-008, 8.29399908753e-008, 7.14685484127e-008, 3.28065965505e-008, 1.33028459359e-008, 2.53224623492e-008, 3.75032271904e-008, 5.07010469164e-008, 1.14742995549e-007, 1.33772005029e-007, 2.14766743056e-007, 2.14518422581e-007, 3.44848025691e-008, 3.46730733014e-009, 1.18085735634e-010, 2.41940738277e-011, 1.22307572056e-011, 1.15526188401e-014, 9.2127416499e-019]
        dvar2: [2.57683522957e-012, 4.15038101664e-008, 3.7498182337e-008, 4.28717790157e-008, 9.42223380207e-007, 1.38745932077e-007, 8.9737980602e-008, 1.24375873156e-007, 1.63602578596e-007, 1.82703672635e-007, 1.59007825573e-007, 8.5583238274e-008, 2.91933677232e-008, 5.66169617855e-008, 8.69813732152e-008, 1.19326074355e-007, 2.71179942501e-007, 3.65802975466e-007, 5.32972194378e-007, 5.43962926258e-007, 9.59552011182e-008, 9.22644805001e-009, 2.66532240722e-010, 4.96903664049e-011, 2.91482289694e-011, 2.62956838379e-014, 2.19534561752e-018]
        max: [1.23951031128e-005, 0.00129883736372, 0.00186338659842, 0.00233497424051, 0.00785739906132, 0.00645764591172, 0.00661856122315, 0.0046300208196, 0.0047341468744, 0.0059823654592, 0.00624159630388, 0.0046123014763, 0.00325197610073, 0.0032310502138, 0.00549302995205, 0.00601954665035, 0.0101004103199, 0.00799401570112, 0.0148842493072, 0.0133803579956, 0.00261807348579, 0.00110211363062, 0.000321063998854, 0.000113627160317, 0.000123026256915, 3.13846749123e-006, 1.13569509352e-008]
        mean: [7.26950077024e-007, 8.87842543307e-005, 7.5305448263e-005, 6.53188326396e-005, 0.000225365438382, 0.000201620641747, 0.000168380734976, 0.000240195964579, 0.000330607726937, 0.000243036527536, 0.000237169006141, 0.000140144969919, 9.08670190256e-005, 0.000127075167256, 0.000164572498761, 0.000176851259312, 0.000285061396426, 0.000282566907117, 0.000419790769229, 0.000355575903086, 0.000140638279845, 4.50268271379e-005, 7.28354370949e-006, 2.88242677016e-006, 1.51954998273e-006, 6.5863005716e-008, 7.21612214427e-010]
        median: [3.45463377016e-007, 5.02173425048e-005, 4.39728537458e-005, 3.2211868529e-005, 0.000101999205071, 8.85007975739e-005, 8.1539787061e-005, 0.000117122865049, 0.000163266464369, 9.17253273656e-005, 8.60553263919e-005, 6.87320862198e-005, 3.8056037738e-005, 3.5942379327e-005, 6.74361217534e-005, 8.14547602204e-005, 0.000117436538858, 0.000150515028508, 0.000199791742489, 0.000154080291395, 6.84885453666e-005, 2.10709913517e-005, 3.02883222503e-006, 8.88488045803e-007, 4.90585762236e-007, 2.06560493154e-008, 3.42496087047e-010]
        min: [1.92402109821e-024, 1.91081185901e-023, 1.54994633351e-023, 3.25238389763e-023, 4.6677568716e-023, 2.03077775496e-022, 3.00083887415e-023, 4.59669533462e-023, 7.08411923473e-023, 5.6039555369e-023, 8.68843133748e-023, 1.11701341028e-022, 1.85997523259e-022, 1.45994285781e-022, 2.77240053321e-022, 2.10701996238e-022, 1.84189416199e-022, 1.81197109013e-022, 1.94662510281e-022, 2.31744311837e-022, 4.40963199086e-022, 4.53572048873e-022, 3.91614686185e-022, 8.50372163912e-022, 1.13277406861e-021, 1.54793886553e-021, 2.46561861087e-021]
        var: [1.25554427965e-012, 1.49030157104e-008, 1.21561649635e-008, 1.38502862512e-008, 3.08111140157e-007, 1.4612845689e-007, 1.09601131726e-007, 1.37408406431e-007, 2.15501145817e-007, 1.90460795579e-007, 2.14957722733e-007, 5.4648751302e-008, 3.089035161e-008, 7.87144216474e-008, 9.1159989779e-008, 9.79570486948e-008, 3.05705867731e-007, 1.68445694726e-007, 6.04814374583e-007, 4.53635124131e-007, 4.81685837883e-008, 5.65230706684e-009, 2.34826158518e-010, 5.08300485036e-011, 1.59999617722e-011, 1.90742451537e-014, 1.2380417398e-018]
    frequency_bands:
        dmean: [4.30704687915e-007, 5.09559831698e-005, 5.60124790354e-005, 5.38994863746e-005, 0.000169504448422, 0.000107025458419, 8.50999495015e-005, 0.000116872957733, 0.000163399323355, 0.000137045062729, 0.000127648017951, 8.53819074109e-005, 5.37361411261e-005, 7.01278549968e-005, 9.69122629613e-005, 0.000107428284537, 0.000149738538312, 0.000178496644367, 0.000209468955291, 0.000193899482838, 8.12593134469e-005, 2.44997718255e-005, 4.06148319598e-006, 1.61593084158e-006, 9.07153093976e-007, 3.90483734236e-008, 5.20785081726e-010, 4.96051151544e-011]
        dmean2: [7.00013913502e-007, 8.70487638167e-005, 9.88933315966e-005, 9.51201218413e-005, 0.000285163347144, 0.000167188438354, 0.000129866806674, 0.000177037189133, 0.000245452625677, 0.00020593793306, 0.000196868626517, 0.000138884977787, 8.37297775433e-005, 0.000108086635009, 0.000152110136696, 0.00017227511853, 0.000238819047809, 0.000306071393425, 0.000345653097611, 0.000325502478518, 0.000140388830914, 4.08795931435e-005, 6.47796559861e-006, 2.45037858804e-006, 1.40747829391e-006, 5.84406656401e-008, 8.36101743396e-010, 9.20355597289e-011]
        dvar: [1.03742535396e-012, 1.52535939435e-008, 1.31543851367e-008, 1.47667975625e-008, 3.58807710654e-007, 5.98036109523e-008, 4.00225026453e-008, 5.43119007546e-008, 7.34246867751e-008, 8.29399908753e-008, 7.14685484127e-008, 3.28065965505e-008, 1.33028459359e-008, 2.53224623492e-008, 3.75032271904e-008, 5.07010469164e-008, 1.14742995549e-007, 1.33772005029e-007, 2.14766743056e-007, 2.14518422581e-007, 3.44848025691e-008, 3.46730733014e-009, 1.18085735634e-010, 2.41940738277e-011, 1.22307572056e-011, 1.15526188401e-014, 9.2127416499e-019, 6.03263265021e-021]
        dvar2: [2.57683522957e-012, 4.15038101664e-008, 3.7498182337e-008, 4.28717790157e-008, 9.42223380207e-007, 1.38745932077e-007, 8.9737980602e-008, 1.24375873156e-007, 1.63602578596e-007, 1.82703672635e-007, 1.59007825573e-007, 8.5583238274e-008, 2.91933677232e-008, 5.66169617855e-008, 8.69813732152e-008, 1.19326074355e-007, 2.71179942501e-007, 3.65802975466e-007, 5.32972194378e-007, 5.43962926258e-007, 9.59552011182e-008, 9.22644805001e-009, 2.66532240722e-010, 4.96903664049e-011, 2.91482289694e-011, 2.62956838379e-014, 2.19534561752e-018, 1.94959006366e-020]
        max: [1.23951031128e-005, 0.00129883736372, 0.00186338659842, 0.00233497424051, 0.00785739906132, 0.00645764591172, 0.00661856122315, 0.0046300208196, 0.0047341468744, 0.0059823654592, 0.00624159630388, 0.0046123014763, 0.00325197610073, 0.0032310502138, 0.00549302995205, 0.00601954665035, 0.0101004103199, 0.00799401570112, 0.0148842493072, 0.0133803579956, 0.00261807348579, 0.00110211363062, 0.000321063998854, 0.000113627160317, 0.000123026256915, 3.13846749123e-006, 1.13569509352e-008, 1.1526899435e-009]
        mean: [7.26950077024e-007, 8.87842543307e-005, 7.5305448263e-005, 6.53188326396e-005, 0.000225365438382, 0.000201620641747, 0.000168380734976, 0.000240195964579, 0.000330607726937, 0.000243036527536, 0.000237169006141, 0.000140144969919, 9.08670190256e-005, 0.000127075167256, 0.000164572498761, 0.000176851259312, 0.000285061396426, 0.000282566907117, 0.000419790769229, 0.000355575903086, 0.000140638279845, 4.50268271379e-005, 7.28354370949e-006, 2.88242677016e-006, 1.51954998273e-006, 6.5863005716e-008, 7.21612214427e-010, 3.87366597132e-011]
        median: [3.45463377016e-007, 5.02173425048e-005, 4.39728537458e-005, 3.2211868529e-005, 0.000101999205071, 8.85007975739e-005, 8.1539787061e-005, 0.000117122865049, 0.000163266464369, 9.17253273656e-005, 8.60553263919e-005, 6.87320862198e-005, 3.8056037738e-005, 3.5942379327e-005, 6.74361217534e-005, 8.14547602204e-005, 0.000117436538858, 0.000150515028508, 0.000199791742489, 0.000154080291395, 6.84885453666e-005, 2.10709913517e-005, 3.02883222503e-006, 8.88488045803e-007, 4.90585762236e-007, 2.06560493154e-008, 3.42496087047e-010, 1.33335833694e-011]
        min: [1.92402109821e-024, 1.91081185901e-023, 1.54994633351e-023, 3.25238389763e-023, 4.6677568716e-023, 2.03077775496e-022, 3.00083887415e-023, 4.59669533462e-023, 7.08411923473e-023, 5.6039555369e-023, 8.68843133748e-023, 1.11701341028e-022, 1.85997523259e-022, 1.45994285781e-022, 2.77240053321e-022, 2.10701996238e-022, 1.84189416199e-022, 1.81197109013e-022, 1.94662510281e-022, 2.31744311837e-022, 4.40963199086e-022, 4.53572048873e-022, 3.91614686185e-022, 8.50372163912e-022, 1.13277406861e-021, 1.54793886553e-021, 2.46561861087e-021, 8.47684230818e-022]
        var: [1.25554427965e-012, 1.49030157104e-008, 1.21561649635e-008, 1.38502862512e-008, 3.08111140157e-007, 1.4612845689e-007, 1.09601131726e-007, 1.37408406431e-007, 2.15501145817e-007, 1.90460795579e-007, 2.14957722733e-007, 5.4648751302e-008, 3.089035161e-008, 7.87144216474e-008, 9.1159989779e-008, 9.79570486948e-008, 3.05705867731e-007, 1.68445694726e-007, 6.04814374583e-007, 4.53635124131e-007, 4.81685837883e-008, 5.65230706684e-009, 2.34826158518e-010, 5.08300485036e-011, 1.59999617722e-011, 1.90742451537e-014, 1.2380417398e-018, 4.83460612798e-021]
    mfcc:
        mean: [-732.266357422, 117.969154358, -51.8803596497, 39.0462188721, -22.0210857391, -7.72824668884, 0.612478852272, 0.892069756985, 3.28094387054, -1.23995578289, 0.445031493902, -2.55453300476, 0.899834156036]
        cov: [[7385.18261719, -608.753051758, -978.072937012, 1255.70446777, -146.569046021, 380.883850098, 75.5636749268, -19.7277565002, 51.5580863953, -64.4300613403, -149.164703369, -269.331054688, -153.641769409], [-608.753051758, 1525.77441406, -60.2602767944, -295.050689697, 7.34478139877, -90.2821960449, 98.4494094849, 120.461669922, -7.27507925034, -20.0169048309, 50.5896987915, -10.9663896561, -3.69360756874], [-978.072937012, -60.2602767944, 669.872619629, -182.267028809, 31.7761859894, -23.939119339, 2.45893836021, 32.6264686584, -6.00815153122, 36.5126724243, 10.830994606, 70.2686386108, -1.41340136528], [1255.70446777, -295.050689697, -182.267028809, 501.72644043, 8.34191226959, 62.544960022, -16.7523765564, -38.4433174133, 38.0621299744, -30.8810119629, -30.8800888062, -6.11476993561, -1.20022654533], [-146.569046021, 7.34478139877, 31.7761859894, 8.34191226959, 178.254882813, -17.3164539337, -33.5056228638, 11.8315820694, 14.2541828156, -6.7470946312, -31.7485618591, 25.1261405945, 2.5929248333], [380.883850098, -90.2821960449, -23.939119339, 62.544960022, -17.3164539337, 172.899169922, 65.6635665894, -2.76371049881, -11.8644208908, 9.57457733154, 8.9095249176, -35.4447059631, -6.29099273682], [75.5636749268, 98.4494094849, 2.45893836021, -16.7523765564, -33.5056228638, 65.6635665894, 196.426223755, 32.7963066101, -11.3410463333, -8.32337856293, -2.84073257446, -8.0405664444, -4.00055074692], [-19.7277565002, 120.461669922, 32.6264686584, -38.4433174133, 11.8315820694, -2.76371049881, 32.7963066101, 116.680656433, 32.0674362183, -0.768682301044, 0.0540060177445, 2.30422019958, -3.08073353767], [51.5580863953, -7.27507925034, -6.00815153122, 38.0621299744, 14.2541828156, -11.8644208908, -11.3410463333, 32.0674362183, 98.3051147461, 24.3414020538, -4.03904008865, 7.4478559494, -4.30399179459], [-64.4300613403, -20.0169048309, 36.5126724243, -30.8810119629, -6.7470946312, 9.57457733154, -8.32337856293, -0.768682301044, 24.3414020538, 99.734916687, 39.7275428772, -13.0878257751, -6.82636880875], [-149.164703369, 50.5896987915, 10.830994606, -30.8800888062, -31.7485618591, 8.9095249176, -2.84073257446, 0.0540060177445, -4.03904008865, 39.7275428772, 98.2747116089, 17.2854919434, 9.18770122528], [-269.331054688, -10.9663896561, 70.2686386108, -6.11476993561, 25.1261405945, -35.4447059631, -8.0405664444, 2.30422019958, 7.4478559494, -13.0878257751, 17.2854919434, 102.926628113, 41.4834823608], [-153.641769409, -3.69360756874, -1.41340136528, -1.20022654533, 2.5929248333, -6.29099273682, -4.00055074692, -3.08073353767, -4.30399179459, -6.82636880875, 9.18770122528, 41.4834823608, 91.3864898682]]
        icov: [[0.000342362560332, -1.06664219857e-005, 0.000273191049928, -0.000748932769056, 0.000281744316453, -0.000394663802581, 7.57845045882e-005, -0.000376013544155, 0.000244136070251, -0.000226139221922, 0.000418893614551, 0.000200908223633, 0.000386320258258], [-1.06664219857e-005, 0.000912857882213, 0.000209293270018, 0.000489890109748, -0.000283715664409, 0.00061308266595, -0.000535421306267, -0.000645210559014, -3.00150404655e-005, 0.00049886101624, -0.000791107013356, 0.000424638186814, -4.36740265286e-005], [0.000273191049928, 0.000209293270018, 0.00221025710925, 0.000151930740685, 0.00013169569138, -0.000525191018824, 8.06261086836e-005, -0.000918418169022, 0.000679134507664, -0.00116541900206, 0.000907163950615, -0.00173260038719, 0.00107682868838], [-0.000748932769056, 0.000489890109748, 0.000151930740685, 0.00456091435626, -0.000749069440644, -0.000184459728189, -8.22707420411e-007, 0.00149071891792, -0.00210181460716, 0.00157681992278, -0.000700592179783, -0.000941702222917, -0.000601601903327], [0.000281744316453, -0.000283715664409, 0.00013169569138, -0.000749069440644, 0.00706064188853, -0.00098379899282, 0.00162151420955, -0.00113414786756, 0.000214884217712, -0.00119978236035, 0.00358576304279, -0.00247111148201, 0.000900823506527], [-0.000394663802581, 0.00061308266595, -0.000525191018824, -0.000184459728189, -0.00098379899282, 0.00893191248178, -0.00326857040636, 0.000354627060005, 0.000581508560572, 5.43159621884e-005, -0.00260235532187, 0.00339290359989, -0.00138471578248], [7.57845045882e-005, -0.000535421306267, 8.06261086836e-005, -8.22707420411e-007, 0.00162151420955, -0.00326857040636, 0.00704301707447, -0.00190462323371, 0.000978949829005, -0.000164359022165, 0.00171420548577, -0.00146687915549, 0.000607456895523], [-0.000376013544155, -0.000645210559014, -0.000918418169022, 0.00149071891792, -0.00113414786756, 0.000354627060005, -0.00190462323371, 0.0119439745322, -0.00501706125215, 0.00201021484099, -0.0012178706238, 0.00069261965109, -0.000555101956706], [0.000244136070251, -3.00150404655e-005, 0.000679134507664, -0.00210181460716, 0.000214884217712, 0.000581508560572, 0.000978949829005, -0.00501706125215, 0.0144412619993, -0.00563492579386, 0.00286609120667, -0.00240902882069, 0.00136440491769], [-0.000226139221922, 0.00049886101624, -0.00116541900206, 0.00157681992278, -0.00119978236035, 5.43159621884e-005, -0.000164359022165, 0.00201021484099, -0.00563492579386, 0.015832208097, -0.00775285018608, 0.00458720233291, -0.000644590705633], [0.000418893614551, -0.000791107013356, 0.000907163950615, -0.000700592179783, 0.00358576304279, -0.00260235532187, 0.00171420548577, -0.0012178706238, 0.00286609120667, -0.00775285018608, 0.0164942350239, -0.00556729966775, 0.00085498788394], [0.000200908223633, 0.000424638186814, -0.00173260038719, -0.000941702222917, -0.00247111148201, 0.00339290359989, -0.00146687915549, 0.00069261965109, -0.00240902882069, 0.00458720233291, -0.00556729966775, 0.0173754096031, -0.0065197981894], [0.000386320258258, -4.36740265286e-005, 0.00107682868838, -0.000601601903327, 0.000900823506527, -0.00138471578248, 0.000607456895523, -0.000555101956706, 0.00136440491769, -0.000644590705633, 0.00085498788394, -0.0065197981894, 0.0143757276237]]
    sccoeffs:
        dmean: [0.0444719903171, 0.0438149645925, 0.0399004779756, 0.0322451256216, 0.021363036707, 0.0191696882248]
        dmean2: [0.0749559178948, 0.0709213092923, 0.0638807415962, 0.0518419444561, 0.0346829555929, 0.0307566784322]
        dvar: [0.00156495091505, 0.0012869599741, 0.00102278066333, 0.000682412239257, 0.000311833427986, 0.000320063292747]
        dvar2: [0.00420875428244, 0.00331504223868, 0.00256281439215, 0.00167979090475, 0.000758098030929, 0.000759947521146]
        max: [-0.410062104464, -0.357496678829, -0.501194953918, -0.561856329441, -0.522197902203, -0.553675711155]
        mean: [-0.719242751598, -0.725334346294, -0.735995292664, -0.757461249828, -0.785686910152, -0.75313949585]
        median: [-0.723146557808, -0.731170535088, -0.740066766739, -0.761338293552, -0.793874263763, -0.751010894775]
        min: [-0.96608120203, -0.967787861824, -0.969854950905, -0.964820504189, -0.967225790024, -0.963891983032]
        var: [0.00433364696801, 0.00574064441025, 0.00443482864648, 0.00311014591716, 0.00240875734016, 0.00274449959397]
    scvalleys:
        dmean: [0.320939332247, 0.31701746583, 0.300734877586, 0.271278589964, 0.24671715498, 0.294773340225]
        dmean2: [0.533896744251, 0.522450745106, 0.489105284214, 0.434274196625, 0.383789747953, 0.41432094574]
        dvar: [0.0827526003122, 0.0825572833419, 0.0792394280434, 0.0741540044546, 0.0958700850606, 0.143500417471]
        dvar2: [0.199082225561, 0.189384967089, 0.174081414938, 0.154984518886, 0.193286135793, 0.262275159359]
        max: [-5.14945316315, -4.66309499741, -5.00796842575, -5.50456762314, -5.26147937775, -7.45625019073]
        mean: [-7.11187458038, -6.77134132385, -7.09009742737, -7.62952327728, -7.60732841492, -10.3330802917]
        median: [-6.79940509796, -6.57816934586, -6.90864992142, -7.3178486824, -7.09274148941, -9.9145154953]
        min: [-27.3989448547, -27.2052154541, -27.1573143005, -27.3287086487, -27.2052288055, -27.2620353699]
        var: [2.34485459328, 1.71347653866, 1.71074950695, 2.05810284615, 2.85918259621, 2.65928339958]

rhythm:
    beats_loudness:
        dmean: 0.00178707123268
        dmean2: 0.00312714744359
        dvar: 2.52603558692e-006
        dvar2: 7.47616695662e-006
        max: 0.0147035988048
        mean: 0.00470987940207
        median: 0.00451362226158
        min: 3.25505247756e-012
        var: 6.970776667e-006
    bpm: 154.837478638
    bpm_confidence: 0
    first_peak_bpm: 157
    first_peak_spread: 0.042016800493
    first_peak_weight: 0.575757563114
    onset_rate: 3.37940573692
    second_peak_bpm: 152
    second_peak_spread: 0.0318182110786
    second_peak_weight: 0.358585864305
    beats_loudness_band_ratio:
        dmean: [0.0822251290083, 0.132767230272, 0.141292139888, 0.127492204309, 0.113763071597, 0.0748177617788]
        dmean2: [0.143959462643, 0.238377943635, 0.246715083718, 0.224751025438, 0.198982074857, 0.127162575722]
        dvar: [0.00670336047187, 0.0152224823833, 0.016215423122, 0.0169898252934, 0.0141112925485, 0.00845116190612]
        dvar2: [0.0163937173784, 0.0426641143858, 0.0452803783119, 0.0458282530308, 0.0411057323217, 0.0234641432762]
        max: [0.800390183926, 0.630663216114, 0.999897837639, 0.751420199871, 0.767311215401, 0.785321772099]
        mean: [0.111091896892, 0.138232752681, 0.271136432886, 0.180322214961, 0.194133237004, 0.156181558967]
        median: [0.0806332528591, 0.0917747989297, 0.212976574898, 0.123848386109, 0.168466225266, 0.127939477563]
        min: [0, 0, 0, 0, 0, 0]
        var: [0.0107913957909, 0.0164944455028, 0.0426397249103, 0.0246516577899, 0.0193779319525, 0.0209055114537]
    beats_position: [0.383129239082, 0.789478421211, 1.19582760334, 1.60217678547, 2.02013611794, 2.43809509277, 2.85605430603, 3.26240348816, 3.65714287758, 4.04027223587, 4.43501138687, 4.82975053787, 5.22448968887, 5.61922883987, 6.00235795975, 6.38548755646, 6.78022670746, 7.16335582733, 7.5464849472, 7.92961454391, 8.31274318695, 8.6958732605, 9.07900238037, 9.47374153137, 9.86848068237, 10.2516098022, 10.6347389221, 11.0294780731, 11.4242172241, 11.807346344, 12.1788663864, 12.5619955063, 12.9451246262, 13.328253746, 13.6997728348, 14.0829019547, 14.4660310745, 14.8607711792, 15.2555103302, 15.6502494812, 16.0449886322, 16.4281177521, 16.8112468719, 17.1943759918, 17.5775051117, 17.9722442627, 18.3669834137, 18.7617225647, 19.1564617157, 19.5395908356, 19.9227199554, 20.3174591064, 20.7121982574, 21.0953292847, 21.4784584045, 21.8615875244, 22.2447166443, 22.6278457642, 23.010974884, 23.3824939728, 23.7656230927, 24.1603622437, 24.5667114258, 24.9614505768, 25.3445796967, 25.7277088165, 26.1224479675, 26.4939670563, 26.8887062073, 27.2834453583, 27.6781845093, 28.0613155365, 28.4444446564, 28.8275737762, 29.2107028961, 29.593832016, 29.9769611359, 30.3717002869, 30.7664394379, 31.1611785889, 31.5443077087, 31.9274368286, 32.322177887, 32.6936950684, 33.0652160645, 33.4483451843, 33.8314743042, 34.2146034241, 34.6093406677, 35.0040817261, 35.3872108459, 35.7587280273, 36.1534690857, 36.5482063293, 36.9429473877, 37.3376846313, 37.7208137512, 38.1039466858, 38.4986839294, 38.8934249878, 39.2765541077, 39.6596832275, 40.0428123474, 40.4259414673, 40.8206787109, 41.2038078308, 41.5869369507, 41.981678009, 42.3648071289, 42.7479362488, 43.1426734924, 43.5374145508, 43.9205436707, 44.3036727905, 44.6868019104, 45.0815429688, 45.4762802124, 45.8594093323, 46.2425384521, 46.625667572, 47.0204086304, 47.3919258118, 47.7866668701, 48.16979599, 48.5529251099, 48.9476623535, 49.3191833496, 49.7139205933, 50.1086616516, 50.5033988953, 50.8865280151, 51.269657135, 51.6527900696, 52.0359191895, 52.4306564331, 52.813785553, 53.2085266113, 53.5916557312, 53.9863929749, 54.3695220947, 54.7642631531, 55.1473922729, 55.5305213928, 55.9136505127, 56.2967796326, 56.6799087524, 57.0630378723, 57.4461669922, 57.8409042358, 58.2356452942, 58.6187744141, 59.0019035339, 59.3966445923, 59.7797737122, 60.162902832, 60.5576400757, 60.9407691956, 61.3355102539, 61.7302474976, 62.1133766174, 62.4965057373, 62.8796348572, 63.2743759155, 63.6575050354, 64.0522460938, 64.4353713989, 64.8185043335, 65.2016296387, 65.5847625732, 65.9678878784, 66.3626327515, 66.7573699951, 67.1404953003, 67.5236282349, 67.9183654785, 68.3014984131, 68.6962356567, 69.0793609619, 69.4624938965, 69.8456192017, 70.2403640747, 70.6234893799, 71.0182266235, 71.4013595581, 71.7844848633, 72.1676177979, 72.5623550415, 72.9454879761, 73.3286132813, 73.7233581543, 74.1064834595, 74.489616394, 74.8727416992, 75.2558746338, 75.6506118774, 76.0337371826, 76.4168701172, 76.8116073608, 77.1947402954, 77.5778656006, 77.9726028442, 78.3673477173, 78.7620849609, 79.1452102661, 79.5283432007, 79.9114761353, 80.3062133789, 80.6893386841, 81.0724716187, 81.4555969238, 81.8503417969, 82.2334671021, 82.6166000366, 83.0113372803, 83.3944625854, 83.77759552, 84.1723327637, 84.5670700073, 84.9502029419, 85.3333282471, 85.7164611816, 86.0995864868, 86.4943313599, 86.8890686035, 87.2722015381, 87.6553268433, 88.0384597778, 88.4331970215, 88.8163223267, 89.1994552612, 89.5941925049, 89.9773254395, 90.3604507446, 90.7435836792, 91.1267089844, 91.5098419189, 91.9045791626, 92.2993164063, 92.6824493408, 93.065574646, 93.460319519, 93.8550567627, 94.2497940063, 94.6329269409, 95.0160522461, 95.3991851807, 95.7823104858, 96.1654434204, 96.5485687256, 96.9433059692, 97.3264389038, 97.709564209, 98.104309082, 98.4990463257, 98.8821716309, 99.2653045654, 99.6484298706, 100.031562805, 100.426300049, 100.809432983, 101.192558289, 101.587303162, 101.982040405, 102.36516571, 102.759910583, 103.143035889, 103.537773132, 103.920906067, 104.304031372, 104.687164307, 105.08190155, 105.465034485, 105.84815979, 106.231292725, 106.61441803, 107.009155273, 107.392288208, 107.787025452, 108.170158386, 108.553283691, 108.948028564, 109.33115387, 109.714286804, 110.109024048, 110.492149353, 110.875282288, 111.246803284, 111.641540527, 112.036277771, 112.431015015, 112.825759888, 113.208885193, 113.592018127, 113.975143433, 114.369888306, 114.753013611, 115.136146545, 115.519271851, 115.914009094, 116.297142029, 116.691879272, 117.075012207, 117.458137512, 117.841270447, 118.224395752, 118.619132996, 119.00226593, 119.385391235, 119.76852417, 120.163261414, 120.557998657, 120.941131592, 121.324264526, 121.71900177, 122.102127075, 122.496871948, 122.879997253, 123.274734497, 123.657867432, 124.040992737, 124.424125671, 124.807250977, 125.20199585, 125.596733093, 125.979858398, 126.362991333, 126.746116638, 127.129249573, 127.535598755, 127.91872406, 128.301864624, 128.6849823, 129.068115234, 129.451248169, 129.845977783, 130.229110718, 130.623855591, 131.006988525, 131.390106201, 131.784851074, 132.167984009, 132.562713623, 132.945846558, 133.328979492, 133.723709106, 134.106842041, 134.501586914, 134.884719849, 135.256240845, 135.650970459, 136.034103394, 136.417236328, 136.800354004, 137.183486938, 137.578231812, 137.972961426, 138.35609436, 138.739227295, 139.133972168, 139.528701782, 139.900222778, 140.294967651, 140.689697266, 141.084442139, 141.467575073, 141.850692749, 142.233825684, 142.616958618, 143.011703491, 143.394821167, 143.777954102, 144.161087036, 144.544219971, 144.938949585, 145.333694458, 145.716827393, 146.099945068, 146.494689941, 146.889434814, 147.27255249, 147.667297363, 148.050430298, 148.433563232, 148.816680908, 149.188201904, 149.571334839, 149.954467773, 150.349197388, 150.743942261, 151.138687134, 151.533416748, 151.916549683, 152.299682617, 152.694412231, 153.077545166, 153.460678101, 153.855422974, 154.250152588, 154.633285522, 155.016418457, 155.399536133, 155.782669067, 156.165802002, 156.548934937, 156.943664551, 157.338409424, 157.721542358, 158.104675293, 158.499404907, 158.882537842, 159.265670776, 159.660400391, 160.043533325, 160.438278198, 160.821395874, 161.204528809, 161.587661743, 161.982406616, 162.365524292, 162.748657227, 163.1434021, 163.526535034, 163.90965271, 164.304397583, 164.687530518, 165.070648193, 165.453781128, 165.836914063, 166.220046997, 166.603164673, 166.997909546, 167.392654419, 167.787384033, 168.170516968, 168.565261841, 168.948379517, 169.34312439, 169.726257324, 170.109390259, 170.480911255, 170.852416992, 171.247161865, 171.641906738, 172.036636353, 172.419769287, 172.802902222, 173.186035156, 173.569152832, 173.963897705, 174.34703064, 174.730148315, 175.124893188, 175.519638062, 175.902755737, 176.285888672, 176.669021606, 177.063766479, 177.446884155, 177.841629028, 178.224761963, 178.619491577, 179.002624512, 179.397369385, 179.780502319, 180.163619995, 180.558364868, 180.941497803, 181.324615479, 181.719360352, 182.114105225, 182.4972229, 182.880355835, 183.26348877, 183.646621704, 184.041351318, 184.424484253, 184.819229126, 185.202362061, 185.597091675, 185.980224609, 186.363357544, 186.758087158, 187.129608154, 187.524353027, 187.907485962, 188.290603638, 188.673736572, 189.068481445, 189.451599121, 189.846343994, 190.229476929, 190.612609863, 191.007339478, 191.402084351, 191.785217285, 192.168334961, 192.551467896, 192.93460083, 193.317733765, 193.70085144, 194.095596313, 194.490341187, 194.873458862, 195.256591797, 195.639724731, 196.022857666, 196.41758728, 196.812332153, 197.195465088, 197.578598022, 197.961715698, 198.344848633, 198.739593506, 199.13432312, 199.529067993, 199.923812866, 200.306930542, 200.690063477, 201.073196411, 201.456329346, 201.85105896, 202.234191895, 202.617324829, 203.012054443, 203.395187378, 203.778320313, 204.173049927, 204.556182861, 204.939315796, 205.334060669, 205.717178345, 206.100311279, 206.483444214, 206.866577148, 207.261306763, 207.656051636, 208.03918457, 208.422302246, 208.817047119, 209.200180054, 209.583312988, 209.978042603, 210.372787476, 210.75592041, 211.150650024, 211.533782959, 211.916915894, 212.300048828, 212.694778442, 213.089523315, 213.47265625, 213.855773926, 214.23890686, 214.622039795, 215.005172729, 215.388290405, 215.783035278, 216.177780151, 216.560897827, 216.944030762, 217.338775635, 217.721893311, 218.105026245, 218.499771118, 218.882904053, 219.266021729, 219.649154663, 220.043899536, 220.427032471, 220.821762085, 221.20489502, 221.588027954, 221.982757568, 222.377502441, 222.760635376, 223.15536499, 223.550109863, 223.944854736, 224.339584351, 224.734329224, 225.140670776, 225.535415649, 225.988204956, 226.440994263, 226.893783569, 227.346572876, 227.787750244, 228.228927612, 228.67010498, 229.134506226, 229.598907471, 230.086532593, 230.562530518, 231.026931763, 231.502944946]
