
metadata:
    version:
        essentia: "2.1-beta2"
    audio_properties:
        analysis_sample_rate: 44100
        bitrate: 320
        channels: 2
        equal_loudness: 1
        length: 240.822860718
        replay_gain: -15.5666666031
        downmix: "mix"
    tags:
        album: "Ungrateful"
        artist: "Escape The Fate"
        comment: "Forever Immortal Hosts www.p2pdl.com"
        date: "2013"
        genre: "Hardcore"
        title: "Risk It All"
        tracknumber: "8/13"

configuration:
    average_loudness:
        compute: 1
        frameSize: 88200
        hopSize: 44100
        silentFrames: "noise"
        windowType: "hann"
    general:
        analysisSampleRate: 44100
        endTime: 2000
        equalLoudness: 1
        nequalLoudness: 0
        shortSound: 0
        startTime: 0
    lowlevel:
        compute: 1
        frameSize: 2048
        hopSize: 1024
        zeroPadding: 0
        silentFrames: "noise"
        windowType: "blackmanharris62"
        mfccStats: ["mean", "cov", "icov"]
        stats: ["mean", "var", "median", "min", "max", "dmean", "dmean2", "dvar", "dvar2"]
    panning:
        compute: 0
        frameSize: 8192
        hopSize: 2048
        zeroPadding: 8192
        silentFrames: "noise"
        windowType: "hann"
        stats: ["copy"]
    rhythm:
        compute: 1
        maxTempo: 208
        minTempo: 40
        method: "degara"
        stats: ["mean", "var", "median", "min", "max", "dmean", "dmean2", "dvar", "dvar2"]
    segmentation:
        compute: 0
        cpw: 5
        inc1: 300
        inc2: 50
        minimumSegmentsLength: 10
        size1: 1000
        size2: 600
    sfx:
        compute: 1
        stats: ["mean", "var", "median", "min", "max", "dmean", "dmean2", "dvar", "dvar2"]
    svm:
        compute: 0
    tonal:
        compute: 1
        frameSize: 4096
        hopSize: 2048
        zeroPadding: 0
        silentFrames: "noise"
        windowType: "blackmanharris62"
        stats: ["mean", "var", "median", "min", "max", "dmean", "dmean2", "dvar", "dvar2"]

lowlevel:
    average_loudness: 0.930911540985
    barkbands_kurtosis:
        dmean: 0.769865334034
        dmean2: 1.30367934704
        dvar: 3.79493355751
        dvar2: 9.31354141235
        max: 124.944732666
        mean: -0.38579133153
        median: -0.919001162052
        min: -1.91747558117
        var: 6.3983335495
    barkbands_skewness:
        dmean: 0.4422082901
        dmean2: 0.703008115292
        dvar: 0.214364275336
        dvar2: 0.520395874977
        max: 9.47585296631
        mean: -0.262666106224
        median: -0.316351741552
        min: -4.65036964417
        var: 0.72769421339
    barkbands_spread:
        dmean: 5.68865823746
        dmean2: 9.28456115723
        dvar: 30.4555988312
        dvar2: 79.6742782593
        max: 74.7520370483
        mean: 31.3550357819
        median: 31.1760482788
        min: 0.673343718052
        var: 114.817642212
    dissonance:
        dmean: 0.0133185721934
        dmean2: 0.0224169362336
        dvar: 0.000206762138987
        dvar2: 0.000557629042305
        max: 0.500000178814
        mean: 0.476345509291
        median: 0.483341753483
        min: 0.267439097166
        var: 0.000527507509105
    hfc:
        dmean: 2.60441708565
        dmean2: 4.45949983597
        dvar: 11.5252466202
        dvar2: 31.6402683258
        max: 35.1446647644
        mean: 8.76726341248
        median: 8.53791904449
        min: 1.19033288615e-016
        var: 21.3737201691
    pitch:
        dmean: 826.297363281
        dmean2: 1598.76708984
        dvar: 1757622.125
        dvar2: 4195435
        max: 4622.22363281
        mean: 1673.58410645
        median: 427.09262085
        min: 77.8790893555
        var: 2673289.25
    pitch_instantaneous_confidence:
        dmean: 0.0828367620707
        dmean2: 0.135520100594
        dvar: 0.00485533522442
        dvar2: 0.012386101298
        max: 0.942607045174
        mean: 0.436484932899
        median: 0.415064811707
        min: 0.117449343204
        var: 0.0176226366311
    pitch_salience:
        dmean: 0.0651971548796
        dmean2: 0.10792324692
        dvar: 0.00382448080927
        dvar2: 0.0106848618016
        max: 0.891939461231
        mean: 0.632074594498
        median: 0.644311070442
        min: 0.138284146786
        var: 0.00893454439938
    silence_rate_20dB:
        dmean: 0
        dmean2: 0
        dvar: 0
        dvar2: 0
        max: 1
        mean: 1
        median: 1
        min: 1
        var: 0
    silence_rate_30dB:
        dmean: 0
        dmean2: 0
        dvar: 0
        dvar2: 0
        max: 1
        mean: 1
        median: 1
        min: 1
        var: 0
    silence_rate_60dB:
        dmean: 0.102776706219
        dmean2: 0.205573230982
        dvar: 0.0922099947929
        dvar2: 0.195693328977
        max: 1
        mean: 0.226838901639
        median: 0
        min: 0
        var: 0.175398215652
    spectral_centroid:
        dmean: 297.214233398
        dmean2: 477.240997314
        dvar: 100184.21875
        dvar2: 234038.28125
        max: 11189.1923828
        mean: 1927.41906738
        median: 1973.63928223
        min: 100.651496887
        var: 395460.5
    spectral_complexity:
        dmean: 4.10759735107
        dmean2: 6.86414051056
        dvar: 17.6103134155
        dvar2: 46.2102546692
        max: 46
        mean: 16.368938446
        median: 17
        min: 0
        var: 49.3734092712
    spectral_crest:
        dmean: 2.31308603287
        dmean2: 3.84007811546
        dvar: 5.91197967529
        dvar2: 15.2755403519
        max: 23.174955368
        mean: 7.52742910385
        median: 6.7265625
        min: 2.62381243706
        var: 9.45475006104
    spectral_decrease:
        dmean: 3.48488848889e-010
        dmean2: 5.8432048089e-010
        dvar: 3.69019721071e-019
        dvar2: 9.71922123704e-019
        max: 1.3845547986e-029
        mean: -1.04055708494e-009
        median: -9.52893652872e-010
        min: -5.25666266071e-009
        var: 3.96509362669e-019
    spectral_energy:
        dmean: 0.00151717697736
        dmean2: 0.00254743662663
        dvar: 6.11813629803e-006
        dvar2: 1.61272000696e-005
        max: 0.021811561659
        mean: 0.00472251838073
        median: 0.00436285790056
        min: 1.07444137663e-020
        var: 7.09642426955e-006
    spectral_energyband_high:
        dmean: 0.000193839470739
        dmean2: 0.000341432052664
        dvar: 8.70858940516e-008
        dvar2: 2.42896305735e-007
        max: 0.00295630143955
        mean: 0.000413513625972
        median: 0.000362607388524
        min: 7.70201277721e-021
        var: 1.1001910849e-007
    spectral_energyband_low:
        dmean: 0.000212868922972
        dmean2: 0.000358710938599
        dvar: 9.04918877609e-008
        dvar2: 2.49280020626e-007
        max: 0.00492959329858
        mean: 0.000368190550944
        median: 0.000259470805759
        min: 6.92069060546e-023
        var: 1.55541727054e-007
    spectral_energyband_middle_high:
        dmean: 0.00067318091169
        dmean2: 0.00111551734153
        dvar: 5.45577563571e-007
        dvar2: 1.46399736423e-006
        max: 0.0102599645033
        mean: 0.00241381442174
        median: 0.00229555438273
        min: 1.5736871845e-021
        var: 1.52411848831e-006
    spectral_energyband_middle_low:
        dmean: 0.000984560349025
        dmean2: 0.00163819617592
        dvar: 4.78993615616e-006
        dvar2: 1.26736767925e-005
        max: 0.0169212650508
        mean: 0.00171033665538
        median: 0.00113555812277
        min: 3.61165286332e-022
        var: 4.33149534729e-006
    spectral_flatness_db:
        dmean: 0.0149428183213
        dmean2: 0.0241326298565
        dvar: 0.000213157269172
        dvar2: 0.000530621036887
        max: 0.439841359854
        mean: 0.149634152651
        median: 0.141765892506
        min: 0.0672344863415
        var: 0.00117294222582
    spectral_flux:
        dmean: 0.00949112698436
        dmean2: 0.0147177446634
        dvar: 0.000152252294356
        dvar2: 0.00031712159398
        max: 0.127415597439
        mean: 0.0418121106923
        median: 0.0389021635056
        min: 1.03655264927e-010
        var: 0.000306589208776
    spectral_kurtosis:
        dmean: 1.3565415144
        dmean2: 2.33903384209
        dvar: 5.27520895004
        dvar2: 15.1390714645
        max: 77.4627990723
        mean: 3.99573326111
        median: 3.18529939651
        min: -1.21099293232
        var: 12.6609268188
    spectral_rms:
        dmean: 0.000309660710627
        dmean2: 0.000505338888615
        dvar: 1.71342477984e-007
        dvar2: 4.34263711213e-007
        max: 0.00461297854781
        mean: 0.00206474633887
        median: 0.00206311582588
        min: 3.23764647904e-012
        var: 3.44180165257e-007
    spectral_rolloff:
        dmean: 313.973327637
        dmean2: 527.440917969
        dvar: 219612.796875
        dvar2: 538763.625
        max: 18604.6875
        mean: 3410.08691406
        median: 3617.578125
        min: 129.19921875
        var: 714134.375
    spectral_skewness:
        dmean: 0.17991553247
        dmean2: 0.298851698637
        dvar: 0.0457577481866
        dvar2: 0.12208738178
        max: 6.44800949097
        mean: 1.24967694283
        median: 1.16569542885
        min: -0.0574109964073
        var: 0.19799746573
    spectral_spread:
        dmean: 370862.5
        dmean2: 565026.125
        dvar: 283207794688
        dvar2: 479677218816
        max: 40707696
        mean: 4058360
        median: 3980593.75
        min: 881485.375
        var: 1.28299551949e+012
    spectral_strongpeak:
        dmean: 0.588239789009
        dmean2: 1.01638460159
        dvar: 0.596706688404
        dvar2: 1.59073364735
        max: 9.90084266663
        mean: 0.922340631485
        median: 0.663614451885
        min: 9.52660395015e-010
        var: 0.935853600502
    zerocrossingrate:
        dmean: 0.00857269763947
        dmean2: 0.0107874795794
        dvar: 8.22428337415e-005
        dvar2: 0.000113504414912
        max: 0.4951171875
        mean: 0.10508223623
        median: 0.10888671875
        min: 0.0078125
        var: 0.000777462380938
    barkbands:
        dmean: [8.04049307135e-007, 8.83076063474e-005, 0.000127658364363, 0.000107778389065, 0.000600229192059, 0.000153115513967, 0.000107260486402, 8.13757869764e-005, 0.000162584867212, 0.000166313388036, 6.46841872367e-005, 5.59207765036e-005, 3.5746346839e-005, 5.83616310905e-005, 7.31592808734e-005, 0.000101057557913, 0.000138674906339, 0.00016688798496, 0.000291005766485, 0.000206720083952, 9.28539593588e-005, 2.43272552325e-005, 3.51207881977e-006, 1.22049198126e-006, 6.18256478901e-007, 2.42615030288e-008, 3.45101863752e-010]
        dmean2: [1.29475688482e-006, 0.000149359009811, 0.000217063789023, 0.000186257850146, 0.00105233571958, 0.000257405336015, 0.000180183909833, 0.000128604486235, 0.000250496494118, 0.000253209931543, 0.000102619174868, 9.06484783627e-005, 5.83322180319e-005, 9.34057243285e-005, 0.000118656578707, 0.000165548015502, 0.000230388526688, 0.00028780370485, 0.000489052152261, 0.000358413439244, 0.000164067430887, 4.23571764259e-005, 5.97225744059e-006, 1.96410064746e-006, 9.78038428912e-007, 3.86810619091e-008, 6.05199501624e-010]
        dvar: [2.29175380929e-012, 2.40096014181e-008, 3.53213778226e-008, 3.99656521211e-008, 3.52291272065e-006, 9.49136662598e-008, 6.13435702235e-008, 3.7296079114e-008, 8.66697504875e-008, 9.96920093144e-008, 1.5183680091e-008, 7.78934161616e-009, 5.66682256675e-009, 1.24281251956e-008, 1.52100607664e-008, 2.3271374161e-008, 2.56944030497e-008, 5.34250368389e-008, 1.066850146e-007, 7.75523503194e-008, 1.91011757522e-008, 1.39575406788e-009, 3.62618060579e-011, 5.81681708009e-012, 2.31742923462e-012, 2.95506523067e-015, 3.95436897156e-019]
        dvar2: [5.57590085215e-012, 6.48044320428e-008, 1.00618173349e-007, 1.0590938615e-007, 9.41964026424e-006, 2.45140313382e-007, 1.60325853926e-007, 8.62568967364e-008, 1.92228483797e-007, 2.10669298895e-007, 3.7402106301e-008, 1.92002556076e-008, 1.41411273802e-008, 2.86540924321e-008, 3.73077710947e-008, 5.69389975169e-008, 6.66148878281e-008, 1.43537775443e-007, 2.91571694788e-007, 2.13470073618e-007, 5.35753628128e-008, 3.80872577921e-009, 9.13206385511e-011, 1.2543831425e-011, 5.22092785671e-012, 6.94254969811e-015, 1.06333095806e-018]
        max: [1.15700386232e-005, 0.00125126971398, 0.00321175856516, 0.0046180007048, 0.0148174744099, 0.00367178977467, 0.00388065981679, 0.00654787337407, 0.00475887767971, 0.00529891485348, 0.00222053308971, 0.00204358529299, 0.00171974557452, 0.00295615312643, 0.00221329601482, 0.00433296244591, 0.00492952158675, 0.00326135498472, 0.00584779353812, 0.0032499532681, 0.00178333790973, 0.000419107673224, 9.44695711951e-005, 4.54656656075e-005, 3.78416953026e-005, 9.18050261589e-007, 1.04011821378e-008]
        mean: [9.20132777082e-007, 0.000119810254546, 0.000186231642147, 0.000125895487145, 0.000526444520801, 0.000206874465221, 0.000139725772897, 0.000140332587762, 0.000321218307363, 0.000338505691616, 0.000117554642202, 9.73857968347e-005, 5.94896373514e-005, 0.00010122248932, 0.000129745487357, 0.00019495622837, 0.000277780607576, 0.000287177506834, 0.000696817412972, 0.000420712545747, 0.000178285656148, 4.52997373941e-005, 6.47608658255e-006, 2.43625822804e-006, 1.1906815871e-006, 3.90118124471e-008, 3.49169915204e-010]
        median: [3.73522652808e-007, 7.09528394509e-005, 0.000110760272946, 5.47498057131e-005, 0.000122406258015, 9.02736646822e-005, 5.12179467478e-005, 4.64255572297e-005, 0.00013050987036, 9.46959335124e-005, 5.64949332329e-005, 5.98129554419e-005, 3.09577553708e-005, 4.99496745761e-005, 7.78908797656e-005, 0.000139866213431, 0.00021955309785, 0.000213823252125, 0.000648788758554, 0.000372271751985, 0.000151282729348, 3.58526885975e-005, 4.41698193754e-006, 1.50360722273e-006, 7.27027611447e-007, 1.51219001765e-008, 1.51363185874e-010]
        min: [6.296378512e-023, 3.14763389792e-023, 1.22937258872e-023, 2.27018896175e-023, 4.39765247537e-023, 7.07518554276e-023, 5.54545361217e-023, 3.20000826669e-023, 8.13221687281e-023, 1.4655000989e-022, 4.28085278311e-023, 1.42781690765e-022, 8.82085331556e-023, 8.33605221983e-023, 1.38765934374e-022, 1.94304279078e-022, 2.67098179845e-022, 6.36293817756e-023, 2.21376104701e-022, 3.14980042551e-022, 3.43369770757e-022, 6.0830823877e-022, 5.30903439701e-022, 9.9261713896e-022, 1.14941905896e-021, 1.70383979277e-021, 2.55276176528e-021]
        var: [2.345263957e-012, 2.3280817274e-008, 5.92884106254e-008, 5.10159772205e-008, 2.5115552944e-006, 1.16864015354e-007, 7.2413499197e-008, 8.47962695616e-008, 2.68445120355e-007, 3.55486037051e-007, 3.90082455226e-008, 1.54632751048e-008, 1.05941113659e-008, 2.70608975228e-008, 2.84501986414e-008, 4.9865761298e-008, 6.01357754704e-008, 7.28609066414e-008, 2.57570377471e-007, 1.14523686534e-007, 2.38845867528e-008, 1.85308546286e-009, 5.9183033474e-011, 1.24783404096e-011, 3.59474451074e-012, 4.92719827747e-015, 3.65964219286e-019]
    frequency_bands:
        dmean: [8.04049307135e-007, 8.83076063474e-005, 0.000127658364363, 0.000107778389065, 0.000600229192059, 0.000153115513967, 0.000107260486402, 8.13757869764e-005, 0.000162584867212, 0.000166313388036, 6.46841872367e-005, 5.59207765036e-005, 3.5746346839e-005, 5.83616310905e-005, 7.31592808734e-005, 0.000101057557913, 0.000138674906339, 0.00016688798496, 0.000291005766485, 0.000206720083952, 9.28539593588e-005, 2.43272552325e-005, 3.51207881977e-006, 1.22049198126e-006, 6.18256478901e-007, 2.42615030288e-008, 3.45101863752e-010, 5.46745669572e-011]
        dmean2: [1.29475688482e-006, 0.000149359009811, 0.000217063789023, 0.000186257850146, 0.00105233571958, 0.000257405336015, 0.000180183909833, 0.000128604486235, 0.000250496494118, 0.000253209931543, 0.000102619174868, 9.06484783627e-005, 5.83322180319e-005, 9.34057243285e-005, 0.000118656578707, 0.000165548015502, 0.000230388526688, 0.00028780370485, 0.000489052152261, 0.000358413439244, 0.000164067430887, 4.23571764259e-005, 5.97225744059e-006, 1.96410064746e-006, 9.78038428912e-007, 3.86810619091e-008, 6.05199501624e-010, 1.01363674399e-010]
        dvar: [2.29175380929e-012, 2.40096014181e-008, 3.53213778226e-008, 3.99656521211e-008, 3.52291272065e-006, 9.49136662598e-008, 6.13435702235e-008, 3.7296079114e-008, 8.66697504875e-008, 9.96920093144e-008, 1.5183680091e-008, 7.78934161616e-009, 5.66682256675e-009, 1.24281251956e-008, 1.52100607664e-008, 2.3271374161e-008, 2.56944030497e-008, 5.34250368389e-008, 1.066850146e-007, 7.75523503194e-008, 1.91011757522e-008, 1.39575406788e-009, 3.62618060579e-011, 5.81681708009e-012, 2.31742923462e-012, 2.95506523067e-015, 3.95436897156e-019, 5.60221883122e-021]
        dvar2: [5.57590085215e-012, 6.48044320428e-008, 1.00618173349e-007, 1.0590938615e-007, 9.41964026424e-006, 2.45140313382e-007, 1.60325853926e-007, 8.62568967364e-008, 1.92228483797e-007, 2.10669298895e-007, 3.7402106301e-008, 1.92002556076e-008, 1.41411273802e-008, 2.86540924321e-008, 3.73077710947e-008, 5.69389975169e-008, 6.66148878281e-008, 1.43537775443e-007, 2.91571694788e-007, 2.13470073618e-007, 5.35753628128e-008, 3.80872577921e-009, 9.13206385511e-011, 1.2543831425e-011, 5.22092785671e-012, 6.94254969811e-015, 1.06333095806e-018, 1.78326649914e-020]
        max: [1.15700386232e-005, 0.00125126971398, 0.00321175856516, 0.0046180007048, 0.0148174744099, 0.00367178977467, 0.00388065981679, 0.00654787337407, 0.00475887767971, 0.00529891485348, 0.00222053308971, 0.00204358529299, 0.00171974557452, 0.00295615312643, 0.00221329601482, 0.00433296244591, 0.00492952158675, 0.00326135498472, 0.00584779353812, 0.0032499532681, 0.00178333790973, 0.000419107673224, 9.44695711951e-005, 4.54656656075e-005, 3.78416953026e-005, 9.18050261589e-007, 1.04011821378e-008, 9.86200565656e-010]
        mean: [9.20132777082e-007, 0.000119810254546, 0.000186231642147, 0.000125895487145, 0.000526444520801, 0.000206874465221, 0.000139725772897, 0.000140332587762, 0.000321218307363, 0.000338505691616, 0.000117554642202, 9.73857968347e-005, 5.94896373514e-005, 0.00010122248932, 0.000129745487357, 0.00019495622837, 0.000277780607576, 0.000287177506834, 0.000696817412972, 0.000420712545747, 0.000178285656148, 4.52997373941e-005, 6.47608658255e-006, 2.43625822804e-006, 1.1906815871e-006, 3.90118124471e-008, 3.49169915204e-010, 4.21400796202e-011]
        median: [3.73522652808e-007, 7.09528394509e-005, 0.000110760272946, 5.47498057131e-005, 0.000122406258015, 9.02736646822e-005, 5.12179467478e-005, 4.64255572297e-005, 0.00013050987036, 9.46959335124e-005, 5.64949332329e-005, 5.98129554419e-005, 3.09577553708e-005, 4.99496745761e-005, 7.78908797656e-005, 0.000139866213431, 0.00021955309785, 0.000213823252125, 0.000648788758554, 0.000372271751985, 0.000151282729348, 3.58526885975e-005, 4.41698193754e-006, 1.50360722273e-006, 7.27027611447e-007, 1.51219001765e-008, 1.51363185874e-010, 1.73098636119e-011]
        min: [6.296378512e-023, 3.14763389792e-023, 1.22937258872e-023, 2.27018896175e-023, 4.39765247537e-023, 7.07518554276e-023, 5.54545361217e-023, 3.20000826669e-023, 8.13221687281e-023, 1.4655000989e-022, 4.28085278311e-023, 1.42781690765e-022, 8.82085331556e-023, 8.33605221983e-023, 1.38765934374e-022, 1.94304279078e-022, 2.67098179845e-022, 6.36293817756e-023, 2.21376104701e-022, 3.14980042551e-022, 3.43369770757e-022, 6.0830823877e-022, 5.30903439701e-022, 9.9261713896e-022, 1.14941905896e-021, 1.70383979277e-021, 2.55276176528e-021, 7.46388230187e-022]
        var: [2.345263957e-012, 2.3280817274e-008, 5.92884106254e-008, 5.10159772205e-008, 2.5115552944e-006, 1.16864015354e-007, 7.2413499197e-008, 8.47962695616e-008, 2.68445120355e-007, 3.55486037051e-007, 3.90082455226e-008, 1.54632751048e-008, 1.05941113659e-008, 2.70608975228e-008, 2.84501986414e-008, 4.9865761298e-008, 6.01357754704e-008, 7.28609066414e-008, 2.57570377471e-007, 1.14523686534e-007, 2.38845867528e-008, 1.85308546286e-009, 5.9183033474e-011, 1.24783404096e-011, 3.59474451074e-012, 4.92719827747e-015, 3.65964219286e-019, 4.47333943831e-021]
    mfcc:
        mean: [-707.255737305, 103.275764465, -57.54139328, 57.7109489441, -19.1611728668, -6.1742310524, 4.57937717438, 1.26472640038, 5.71725845337, -0.194770172238, -3.88470435143, -7.68978261948, -1.90097904205]
        cov: [[4353.25244141, 142.562927246, -175.257843018, 587.413208008, -116.872299194, 174.021392822, 21.4704303741, -14.3200054169, -18.5535087585, -19.2930870056, -90.4679641724, -79.7375106812, -35.4591789246], [142.562927246, 848.764770508, -192.980239868, -114.332855225, -60.9823265076, -98.821472168, -35.3295783997, -15.199131012, 0.722918510437, -20.1738700867, 25.0040130615, -30.3785552979, -15.8993444443], [-175.257843018, -192.980239868, 396.074249268, 47.0107574463, 70.0216522217, 51.0182762146, -3.38190793991, 8.02174091339, -42.6670227051, -20.6562004089, -26.6808166504, -4.6475315094, -23.0956020355], [587.413208008, -114.332855225, 47.0107574463, 385.988616943, 55.1416358948, 80.7451705933, 54.8853645325, 15.3970422745, 31.2963848114, -3.97734165192, -26.407169342, -5.13020086288, 17.5788097382], [-116.872299194, -60.9823265076, 70.0216522217, 55.1416358948, 128.080703735, 28.6202697754, 4.1038312912, -8.09651374817, 0.274935871363, 0.685868084431, -10.0152368546, 5.72849750519, 7.7512178421], [174.021392822, -98.821472168, 51.0182762146, 80.7451705933, 28.6202697754, 136.90965271, 65.8656921387, 26.742609024, 0.427156656981, 10.274646759, 2.86345291138, -4.36939048767, -1.22727680206], [21.4704303741, -35.3295783997, -3.38190793991, 54.8853645325, 4.1038312912, 65.8656921387, 135.211837769, 54.3155059814, 24.8602676392, 12.5869035721, 12.1078929901, 10.0468521118, 8.10538005829], [-14.3200054169, -15.199131012, 8.02174091339, 15.3970422745, -8.09651374817, 26.742609024, 54.3155059814, 102.285926819, 48.7792129517, 24.1253871918, 10.3241205215, -1.08100867271, -7.90971803665], [-18.5535087585, 0.722918510437, -42.6670227051, 31.2963848114, 0.274935871363, 0.427156656981, 24.8602676392, 48.7792129517, 97.9033279419, 45.6414222717, 17.3952846527, -0.00502297235653, 1.60804569721], [-19.2930870056, -20.1738700867, -20.6562004089, -3.97734165192, 0.685868084431, 10.274646759, 12.5869035721, 24.1253871918, 45.6414222717, 79.5667877197, 35.5129585266, 10.1331939697, 0.379623383284], [-90.4679641724, 25.0040130615, -26.6808166504, -26.407169342, -10.0152368546, 2.86345291138, 12.1078929901, 10.3241205215, 17.3952846527, 35.5129585266, 69.5074996948, 28.3432197571, 10.181848526], [-79.7375106812, -30.3785552979, -4.6475315094, -5.13020086288, 5.72849750519, -4.36939048767, 10.0468521118, -1.08100867271, -0.00502297235653, 10.1331939697, 28.3432197571, 74.5058822632, 41.2581863403], [-35.4591789246, -15.8993444443, -23.0956020355, 17.5788097382, 7.7512178421, -1.22727680206, 8.10538005829, -7.90971803665, 1.60804569721, 0.379623383284, 10.181848526, 41.2581863403, 76.1126022339]]
        icov: [[0.000380717101507, -0.000131556531414, 0.000219881141675, -0.000676920404658, 0.000593044678681, -0.000536543026101, 0.000341540639056, -3.49542551703e-006, 0.000361081591109, -0.000323893531458, 0.000489931902848, -7.55585570005e-005, 0.000236571140704], [-0.000131556531414, 0.00156345486175, 0.000537802930921, 0.000383310572943, -0.000217375243665, 0.00102686730679, -0.000194823762286, -0.000140224772622, -6.13032216279e-006, 0.000910909206141, -0.00128092826344, 0.00102259125561, -2.53666189565e-006], [0.000219881141675, 0.000537802930921, 0.00368174375035, -0.000538628839422, -0.00127184996381, -0.00089216924971, 0.000977367628366, -0.0014764231164, 0.00212844042107, 0.00010073807789, 0.000617662037257, -0.000522702699527, 0.00146923668217], [-0.000676920404658, 0.000383310572943, -0.000538628839422, 0.00466891936958, -0.00181478972081, -0.000685391947627, -0.0012653504964, 0.000795699714217, -0.00261247111484, 0.0013631406473, 0.000410370121244, 0.000377880875021, -0.00129719113465], [0.000593044678681, -0.000217375243665, -0.00127184996381, -0.00181478972081, 0.0105899274349, -0.00232163770124, 0.000790303864051, 0.00186557916459, -0.000854934507515, -0.0011640987359, 0.00221724319272, -0.0011593591189, -0.000386388855986], [-0.000536543026101, 0.00102686730679, -0.00089216924971, -0.000685391947627, -0.00232163770124, 0.0130884498358, -0.00557691277936, -0.00113253458403, 0.00275810924359, -0.00142800668254, -0.00244085886516, 0.00280661717989, -0.000470205617603], [0.000341540639056, -0.000194823762286, 0.000977367628366, -0.0012653504964, 0.000790303864051, -0.00557691277936, 0.0127733265981, -0.00535270711407, -2.01851689781e-005, 0.000951497931965, -0.000418238312704, -0.0016616670182, -0.000427325052442], [-3.49542551703e-006, -0.000140224772622, -0.0014764231164, 0.000795699714217, 0.00186557916459, -0.00113253458403, -0.00535270711407, 0.0170036703348, -0.00809385813773, -9.009756468e-005, 0.000532619131263, -0.000568490067963, 0.00187447376084], [0.000361081591109, -6.13032216279e-006, 0.00212844042107, -0.00261247111484, -0.000854934507515, 0.00275810924359, -2.01851689781e-005, -0.00809385813773, 0.0204755384475, -0.00951182749122, 0.000261924229562, 0.00212225108407, -0.000861863023601], [-0.000323893531458, 0.000910909206141, 0.00010073807789, 0.0013631406473, -0.0011640987359, -0.00142800668254, 0.000951497931965, -9.009756468e-005, -0.00951182749122, 0.0227379649878, -0.00987197086215, 3.94550188503e-005, 0.00112673139665], [0.000489931902848, -0.00128092826344, 0.000617662037257, 0.000410370121244, 0.00221724319272, -0.00244085886516, -0.000418238312704, 0.000532619131263, 0.000261924229562, -0.00987197086215, 0.0247619282454, -0.00912472140044, 0.00156547955703], [-7.55585570005e-005, 0.00102259125561, -0.000522702699527, 0.000377880875021, -0.0011593591189, 0.00280661717989, -0.0016616670182, -0.000568490067963, 0.00212225108407, 3.94550188503e-005, -0.00912472140044, 0.0241737514734, -0.0117144724354], [0.000236571140704, -2.53666189565e-006, 0.00146923668217, -0.00129719113465, -0.000386388855986, -0.000470205617603, -0.000427325052442, 0.00187447376084, -0.000861863023601, 0.00112673139665, 0.00156547955703, -0.0117144724354, 0.0204188134521]]
    sccoeffs:
        dmean: [0.0595247671008, 0.0481902658939, 0.0400767289102, 0.0300524234772, 0.0205350890756, 0.0182153210044]
        dmean2: [0.0986152887344, 0.0783004164696, 0.0648467093706, 0.0491896644235, 0.0338933616877, 0.0292555317283]
        dvar: [0.00300161307678, 0.00155004567932, 0.00104822323192, 0.000572631019168, 0.000278984254692, 0.000267600931693]
        dvar2: [0.00768854515627, 0.00389384874143, 0.00262768613175, 0.00146467261948, 0.000717722461559, 0.000661325873807]
        max: [-0.305857270956, -0.438736379147, -0.509874522686, -0.515724122524, -0.586745917797, -0.534245848656]
        mean: [-0.689805090427, -0.747179150581, -0.759423732758, -0.783306121826, -0.78957504034, -0.730250656605]
        median: [-0.701116323471, -0.756239116192, -0.767601668835, -0.789656698704, -0.792116522789, -0.727692842484]
        min: [-0.946654498577, -0.975156664848, -0.975291252136, -0.974614024162, -0.95618134737, -0.95991653204]
        var: [0.00677223084494, 0.0056621208787, 0.00508814072236, 0.00266370596364, 0.001109027653, 0.00141059258021]
    scvalleys:
        dmean: [0.375339627266, 0.375896245241, 0.293874114752, 0.255772858858, 0.240203589201, 0.270304679871]
        dmean2: [0.611824154854, 0.62435990572, 0.479376465082, 0.412486255169, 0.381840020418, 0.416412621737]
        dvar: [0.105006240308, 0.120566524565, 0.0713006928563, 0.061466280371, 0.0815573185682, 0.125388860703]
        dvar2: [0.247615352273, 0.300355195999, 0.16332501173, 0.132354214787, 0.174798548222, 0.264796495438]
        max: [-5.20312070847, -4.56006193161, -5.33941459656, -5.85247182846, -5.58243131638, -7.90207099915]
        mean: [-6.91404438019, -6.79372215271, -6.95713090897, -7.24036407471, -6.86642694473, -9.93588829041]
        median: [-6.64140510559, -6.6678814888, -6.78762483597, -7.04769897461, -6.58283185959, -9.66822052002]
        min: [-27.6933193207, -26.8463478088, -27.5538845062, -27.3711452484, -27.2590026855, -27.2895183563]
        var: [1.93244707584, 1.43214976788, 1.34419298172, 1.25493299961, 1.33970606327, 1.44571638107]

rhythm:
    beats_loudness:
        dmean: 0.00317236920819
        dmean2: 0.00617001531646
        dvar: 3.58852412319e-006
        dvar2: 1.28550254885e-005
        max: 0.0127868773416
        mean: 0.00592033704743
        median: 0.00567115051672
        min: 2.88320235742e-012
        var: 6.36260483589e-006
    bpm: 135.008865356
    bpm_confidence: 0
    first_peak_bpm: 136
    first_peak_spread: 0.295801490545
    first_peak_weight: 0.68207025528
    onset_rate: 3.6126139164
    second_peak_bpm: 129
    second_peak_spread: 0.333333313465
    second_peak_weight: 0.0073937154375
    beats_loudness_band_ratio:
        dmean: [0.184703573585, 0.296821057796, 0.128491431475, 0.0830720886588, 0.10302541405, 0.109962306917]
        dmean2: [0.353303521872, 0.581728935242, 0.230939462781, 0.15108551085, 0.190697208047, 0.205116406083]
        dvar: [0.0130150699988, 0.0300826504827, 0.015859823674, 0.0101782577112, 0.00860316120088, 0.0082307998091]
        dvar2: [0.0436319410801, 0.0988916829228, 0.0472412593663, 0.0296368096024, 0.0254451744258, 0.0243328269571]
        max: [0.902862668037, 0.708617329597, 0.810924947262, 0.693234026432, 0.821858525276, 0.711064040661]
        mean: [0.221338927746, 0.236911028624, 0.178820014, 0.102514177561, 0.175615876913, 0.220435887575]
        median: [0.225008055568, 0.154108375311, 0.125099852681, 0.0682103037834, 0.153752103448, 0.202625274658]
        min: [0, 0, 0, 0, 0, 0]
        var: [0.0203589312732, 0.0426164604723, 0.0234277285635, 0.00966769922525, 0.01009428408, 0.0157943889499]
    beats_position: [0.46439909935, 0.9287981987, 1.39319729805, 1.86920630932, 2.34521532059, 2.80961441994, 3.26240348816, 3.7151927948, 4.15637159348, 4.59755086899, 5.0387301445, 5.4915189743, 5.93269824982, 6.37387752533, 6.81505680084, 7.25623559952, 7.70902490616, 8.15020370483, 8.6146030426, 9.05578231812, 9.49696159363, 9.93814086914, 10.379319191, 10.8204984665, 11.261677742, 11.7144670486, 12.1672563553, 12.6084346771, 13.0496139526, 13.4907932281, 13.9319725037, 14.3731517792, 14.8259410858, 15.2787294388, 15.7199087143, 16.1726989746, 16.6138763428, 17.0666656494, 17.5078449249, 17.9490242004, 18.390203476, 18.8313827515, 19.272562027, 19.7137413025, 20.1665306091, 20.6193199158, 21.0604991913, 21.5016784668, 21.942855835, 22.3840351105, 22.825214386, 23.2780036926, 23.7307929993, 24.1719722748, 24.6131515503, 25.0543308258, 25.4955101013, 25.9366893768, 26.3778686523, 26.830657959, 27.2834453583, 27.7246246338, 28.1658039093, 28.6069831848, 29.0481624603, 29.4893417358, 29.9421310425, 30.3949203491, 30.8360996246, 31.2772789001, 31.7184581757, 32.1596374512, 32.6008148193, 33.053604126, 33.5063934326, 33.9475746155, 34.3887519836, 34.8299331665, 35.2711105347, 35.7122879028, 36.1650772095, 36.6178665161, 37.059047699, 37.5002250671, 37.94140625, 38.3825836182, 38.823764801, 39.2649421692, 39.7061233521, 40.1589126587, 40.6116981506, 41.0528793335, 41.4940567017, 41.9352378845, 42.3764152527, 42.8292045593, 43.281993866, 43.7231750488, 44.164352417, 44.6055335999, 45.046710968, 45.4878921509, 45.929069519, 46.3702468872, 46.8230361938, 47.2642173767, 47.7053947449, 48.1581840515, 48.5993652344, 49.0405426025, 49.4933319092, 49.934513092, 50.3756904602, 50.8168716431, 51.2580490112, 51.7108383179, 52.1636276245, 52.6164169312, 53.0575942993, 53.4987754822, 53.9399528503, 54.3811340332, 54.8223114014, 55.275100708, 55.7278900146, 56.1690673828, 56.6102485657, 57.0514259338, 57.4926071167, 57.9337844849, 58.3749656677, 58.8277549744, 59.280544281, 59.7217216492, 60.162902832, 60.6040802002, 61.0452613831, 61.4864387512, 61.9392280579, 62.380405426, 62.8331947327, 63.2743759155, 63.7155532837, 64.1567306519, 64.5979156494, 65.0390930176, 65.4802703857, 65.9214477539, 66.3626327515, 66.8038101196, 67.2565994263, 67.6977767944, 68.1505661011, 68.6033554077, 69.0561447144, 69.4973220825, 69.9384994507, 70.3796844482, 70.8208618164, 71.273651123, 71.7148284912, 72.1676177979, 72.608795166, 73.0499725342, 73.4911575317, 73.9323348999, 74.3735122681, 74.8146896362, 75.2674789429, 75.7202682495, 76.1614532471, 76.6026306152, 77.0438079834, 77.4849853516, 77.9261627197, 78.3673477173, 78.8201370239, 79.2729263306, 79.7141036987, 80.1668930054, 80.619682312, 81.0608596802, 81.5020370483, 81.9432220459, 82.3843994141, 82.8255767822, 83.2667541504, 83.719543457, 84.1723327637, 84.6135101318, 85.0546951294, 85.4958724976, 85.9370498657, 86.3782272339, 86.8194122314, 87.2722015381, 87.7249908447, 88.1661682129, 88.6073455811, 89.0485229492, 89.4897003174, 89.9308853149, 90.3720626831, 90.8248519897, 91.2776412964, 91.7188186646, 92.1599960327, 92.6011810303, 93.0423583984, 93.4951477051, 93.9363250732, 94.3775024414, 94.830291748, 95.2714691162, 95.7126541138, 96.1538314819, 96.6066207886, 97.0594100952, 97.5005874634, 97.9417648315, 98.3829498291, 98.8241271973, 99.2653045654, 99.7064819336, 100.15927124, 100.600448608, 101.053237915, 101.494422913, 101.935600281, 102.376777649, 102.829566956, 103.270744324, 103.72353363, 104.164710999, 104.605895996, 105.047073364, 105.488250732, 105.929428101, 106.382217407, 106.835006714, 107.276191711, 107.71736908, 108.158546448, 108.599723816, 109.040908813, 109.482086182, 109.934875488, 110.376052856, 110.828842163, 111.270019531, 111.711196899, 112.152381897, 112.593559265, 113.034736633, 113.48752594, 113.928703308, 114.381492615, 114.822669983, 115.26385498, 115.705032349, 116.157821655, 116.610610962, 117.05178833, 117.492965698, 117.934150696, 118.375328064, 118.828117371, 119.280906677, 119.722084045, 120.163261414, 120.604438782, 121.045623779, 121.486801147, 121.939590454, 122.380767822, 122.833557129, 123.274734497, 123.715919495, 124.157096863, 124.598274231, 125.039451599, 125.480628967, 125.921813965, 126.374603271, 126.827392578, 127.280181885, 127.709747314, 128.150924683, 128.592102051, 129.033279419, 129.474472046, 129.915649414, 130.368438721, 130.809616089, 131.262405396, 131.715194702, 132.167984009, 132.609161377, 133.050338745, 133.491516113, 133.932693481, 134.385482788, 134.838272095, 135.279449463, 135.720626831, 136.161804199, 136.602996826, 137.044174194, 137.496963501, 137.938140869, 138.390930176, 138.832107544, 139.273284912, 139.71446228, 140.155639648, 140.596817017, 141.049606323, 141.490783691, 141.931976318, 142.373153687, 142.825942993, 143.267120361, 143.708297729, 144.149475098, 144.602264404, 145.043441772, 145.496231079, 145.937408447, 146.390197754, 146.819763184, 147.260955811, 147.702133179, 148.143310547, 148.596099854, 149.04888916, 149.490066528, 149.931243896, 150.372421265, 150.813598633, 151.266387939, 151.707565308, 152.148742676, 152.601531982, 153.042724609, 153.483901978, 153.936691284, 154.389480591, 154.830657959, 155.271835327, 155.713012695, 156.154190063, 156.60697937, 157.048156738, 157.489334106, 157.930511475, 158.371704102, 158.824493408, 159.265670776, 159.706848145, 160.148025513, 160.600814819, 161.041992188, 161.494781494, 161.935958862, 162.37713623, 162.818313599, 163.259490967, 163.712280273, 164.16506958, 164.606262207, 165.047439575, 165.500228882, 165.953018188, 166.394195557, 166.835372925, 167.276550293, 167.717727661, 168.170516968, 168.623306274, 169.064483643, 169.494049072, 169.935241699, 170.376419067, 170.817596436, 171.270385742, 171.71156311, 172.152740479, 172.605529785, 173.046707153, 173.49949646, 173.940673828, 174.381851196, 174.823028564, 175.275817871, 175.728607178, 176.169799805, 176.610977173, 177.063766479, 177.516555786, 177.957733154, 178.398910522, 178.840087891, 179.281265259, 179.722442627, 180.163619995, 180.604797363, 181.04598999, 181.487167358, 181.939956665, 182.392745972, 182.83392334, 183.275100708, 183.716278076, 184.157455444, 184.610244751, 185.051422119, 185.504211426, 185.945388794, 186.386566162, 186.827758789, 187.268936157, 187.710113525, 188.162902832, 188.6040802, 189.056869507, 189.498046875, 189.939224243, 190.380401611, 190.821578979, 191.262756348, 191.715545654, 192.156738281, 192.609527588, 193.050704956, 193.491882324, 193.933059692, 194.374237061, 194.815414429, 195.268203735, 195.709381104, 196.16217041, 196.603347778, 197.044525146, 197.485717773, 197.926895142, 198.36807251, 198.820861816, 199.262039185, 199.714828491, 200.156005859, 200.597183228, 201.038360596, 201.491149902, 201.943939209, 202.385116577, 202.826293945, 203.267486572, 203.70866394, 204.149841309, 204.602630615, 205.055419922, 205.49659729, 205.937774658, 206.378952026, 206.820129395, 207.261306763, 207.702484131, 208.155273438, 208.608062744, 209.049255371, 209.490432739, 209.931610107, 210.372787476, 210.813964844, 211.26675415, 211.707931519, 212.160720825, 212.601898193, 213.043075562, 213.48425293, 213.925445557, 214.366622925, 214.807800293, 215.248977661, 215.690155029, 216.142944336, 216.595733643, 217.036911011, 217.489700317, 217.930877686, 218.383666992, 218.82484436, 219.266021729, 219.707214355, 220.148391724, 220.60118103, 221.053970337, 221.495147705, 221.936325073, 222.377502441, 222.81867981, 223.259857178, 223.712646484, 224.165435791, 224.606613159, 225.047790527, 225.488967896, 225.930160522, 226.382949829, 226.835739136, 227.276916504, 227.718093872, 228.15927124, 228.600448608, 229.041625977, 229.482803345, 229.935592651, 230.388381958, 230.829559326, 231.270736694, 231.711929321, 232.153106689, 232.594284058, 233.035461426, 233.488250732, 233.941040039, 234.393829346, 234.835006714, 235.276184082, 235.728973389, 236.181762695, 236.530059814, 236.878356934, 237.226669312, 237.586578369, 237.958084106, 238.341217041, 238.724349976, 239.10748291, 239.502212524, 239.885345459, 240.280090332]
