
metadata:
    version:
        essentia: "2.1-beta2"
    audio_properties:
        analysis_sample_rate: 44100
        bitrate: 320
        channels: 2
        equal_loudness: 1
        length: 167.157546997
        replay_gain: -15.4456386566
        downmix: "mix"
    tags:
        album: "Ungrateful"
        artist: "Escape The Fate"
        comment: "Forever Immortal Hosts www.p2pdl.com"
        date: "2013"
        genre: "Hardcore"
        title: "Father Brother"
        tracknumber: "13/13"

configuration:
    average_loudness:
        compute: 1
        frameSize: 88200
        hopSize: 44100
        silentFrames: "noise"
        windowType: "hann"
    general:
        analysisSampleRate: 44100
        endTime: 2000
        equalLoudness: 1
        nequalLoudness: 0
        shortSound: 0
        startTime: 0
    lowlevel:
        compute: 1
        frameSize: 2048
        hopSize: 1024
        zeroPadding: 0
        silentFrames: "noise"
        windowType: "blackmanharris62"
        mfccStats: ["mean", "cov", "icov"]
        stats: ["mean", "var", "median", "min", "max", "dmean", "dmean2", "dvar", "dvar2"]
    panning:
        compute: 0
        frameSize: 8192
        hopSize: 2048
        zeroPadding: 8192
        silentFrames: "noise"
        windowType: "hann"
        stats: ["copy"]
    rhythm:
        compute: 1
        maxTempo: 208
        minTempo: 40
        method: "degara"
        stats: ["mean", "var", "median", "min", "max", "dmean", "dmean2", "dvar", "dvar2"]
    segmentation:
        compute: 0
        cpw: 5
        inc1: 300
        inc2: 50
        minimumSegmentsLength: 10
        size1: 1000
        size2: 600
    sfx:
        compute: 1
        stats: ["mean", "var", "median", "min", "max", "dmean", "dmean2", "dvar", "dvar2"]
    svm:
        compute: 0
    tonal:
        compute: 1
        frameSize: 4096
        hopSize: 2048
        zeroPadding: 0
        silentFrames: "noise"
        windowType: "blackmanharris62"
        stats: ["mean", "var", "median", "min", "max", "dmean", "dmean2", "dvar", "dvar2"]

lowlevel:
    average_loudness: 0.750845313072
    barkbands_kurtosis:
        dmean: 0.969910562038
        dmean2: 1.50459003448
        dvar: 12.5647039413
        dvar2: 35.8654632568
        max: 253.278076172
        mean: 0.610386788845
        median: -0.755365550518
        min: -1.87186086178
        var: 37.7261657715
    barkbands_skewness:
        dmean: 0.355131685734
        dmean2: 0.544699549675
        dvar: 0.126982837915
        dvar2: 0.31500929594
        max: 13.183265686
        mean: 0.274552851915
        median: 0.0889456123114
        min: -3.68987894058
        var: 0.998218297958
    barkbands_spread:
        dmean: 3.70490312576
        dmean2: 5.75860214233
        dvar: 17.7912750244
        dvar2: 43.1310653687
        max: 65.2407150269
        mean: 22.8396549225
        median: 24.2368850708
        min: 0.559184908867
        var: 162.003311157
    dissonance:
        dmean: 0.0215725209564
        dmean2: 0.0359248109162
        dvar: 0.000665735569783
        dvar2: 0.00176793662831
        max: 0.49999114871
        mean: 0.445941954851
        median: 0.469421386719
        min: 0.130650147796
        var: 0.00370450480841
    hfc:
        dmean: 2.23327565193
        dmean2: 3.85277438164
        dvar: 22.8179283142
        dvar2: 64.2308731079
        max: 65.7351989746
        mean: 7.3427977562
        median: 6.75468349457
        min: 1.26774799176e-016
        var: 48.4848480225
    pitch:
        dmean: 538.258300781
        dmean2: 1034.36914063
        dvar: 1232986.875
        dvar2: 3179973.75
        max: 4662.93945313
        mean: 763.152832031
        median: 307.508300781
        min: 64.9033737183
        var: 1396242.25
    pitch_instantaneous_confidence:
        dmean: 0.0822669640183
        dmean2: 0.130441173911
        dvar: 0.00565595040098
        dvar2: 0.0138137741014
        max: 0.977179586887
        mean: 0.467278659344
        median: 0.446317404509
        min: 0.134848177433
        var: 0.0279784202576
    pitch_salience:
        dmean: 0.0583940669894
        dmean2: 0.0932493805885
        dvar: 0.0026725162752
        dvar2: 0.00683535449207
        max: 0.890577197075
        mean: 0.613829731941
        median: 0.627800583839
        min: 0.0826449990273
        var: 0.0103445453569
    silence_rate_20dB:
        dmean: 0
        dmean2: 0
        dvar: 0
        dvar2: 0
        max: 1
        mean: 1
        median: 1
        min: 1
        var: 0
    silence_rate_30dB:
        dmean: 0
        dmean2: 0
        dvar: 0
        dvar2: 0
        max: 1
        mean: 1
        median: 1
        min: 1
        var: 0
    silence_rate_60dB:
        dmean: 0.0508403927088
        dmean2: 0.101694911718
        dvar: 0.048260178417
        dvar2: 0.103564426303
        max: 1
        mean: 0.419444441795
        median: 0
        min: 0
        var: 0.243493929505
    spectral_centroid:
        dmean: 201.739883423
        dmean2: 326.114349365
        dvar: 67011.40625
        dvar2: 164441.1875
        max: 11017.4667969
        mean: 1485.00842285
        median: 1590.35400391
        min: 251.749938965
        var: 490931.375
    spectral_complexity:
        dmean: 3.00930690765
        dmean2: 5.01583766937
        dvar: 16.233789444
        dvar2: 40.4109916687
        max: 49
        mean: 13.8225002289
        median: 13
        min: 0
        var: 112.389602661
    spectral_crest:
        dmean: 1.99507915974
        dmean2: 3.16924333572
        dvar: 3.6466114521
        dvar2: 9.15069389343
        max: 24.7288379669
        mean: 8.33027076721
        median: 7.38877677917
        min: 2.55891513824
        var: 15.0925703049
    spectral_decrease:
        dmean: 2.21241927556e-010
        dmean2: 3.58737511919e-010
        dvar: 1.31990987297e-019
        dvar2: 3.51823515016e-019
        max: 1.5424103363e-029
        mean: -8.96989649224e-010
        median: -8.6149792855e-010
        min: -4.51624737607e-009
        var: 4.99000013245e-019
    spectral_energy:
        dmean: 0.00101631309371
        dmean2: 0.00167036603671
        dvar: 3.10474820253e-006
        dvar2: 8.39390122565e-006
        max: 0.0228060595691
        mean: 0.00405145809054
        median: 0.00387933058664
        min: 1.14406284235e-020
        var: 1.05825101855e-005
    spectral_energyband_high:
        dmean: 0.000167421268998
        dmean2: 0.000298503378872
        dvar: 1.79894584562e-007
        dvar2: 5.14195562573e-007
        max: 0.00610775966197
        mean: 0.00031447224319
        median: 0.000197823072085
        min: 8.22576916236e-021
        var: 1.94389414787e-007
    spectral_energyband_low:
        dmean: 6.81220408296e-005
        dmean2: 0.000109317101305
        dvar: 1.62291868833e-008
        dvar2: 4.65540708205e-008
        max: 0.00254308315925
        mean: 0.000168335391209
        median: 0.000139608717291
        min: 4.72868817237e-023
        var: 2.91694579602e-008
    spectral_energyband_middle_high:
        dmean: 0.000608133850619
        dmean2: 0.00100117537659
        dvar: 9.94499032458e-007
        dvar2: 2.65354651674e-006
        max: 0.0129161402583
        mean: 0.00219319947064
        median: 0.00204774038866
        min: 1.78308959235e-021
        var: 4.12440112996e-006
    spectral_energyband_middle_low:
        dmean: 0.000525316980202
        dmean2: 0.000814080529381
        dvar: 6.20149819497e-007
        dvar2: 1.55244219968e-006
        max: 0.0115345828235
        mean: 0.00151920772623
        median: 0.00118243321776
        min: 3.22141082035e-022
        var: 2.0185482299e-006
    spectral_flatness_db:
        dmean: 0.0150761660188
        dmean2: 0.0232742261142
        dvar: 0.000247400574153
        dvar2: 0.00053357455181
        max: 0.641848623753
        mean: 0.196998134255
        median: 0.143727272749
        min: 0.0707660540938
        var: 0.0155149903148
    spectral_flux:
        dmean: 0.00677275517955
        dmean2: 0.0107777239755
        dvar: 8.50170690683e-005
        dvar2: 0.000176566696609
        max: 0.119039289653
        mean: 0.0319072976708
        median: 0.0341462567449
        min: 1.06960870716e-010
        var: 0.000433953740867
    spectral_kurtosis:
        dmean: 7.55796384811
        dmean2: 13.2255802155
        dvar: 615.061523438
        dvar2: 1852.12841797
        max: 743.289611816
        mean: 29.3991394043
        median: 3.68980503082
        min: -1.165361166
        var: 5553.69921875
    spectral_rms:
        dmean: 0.000216202141019
        dmean2: 0.000345060572727
        dvar: 9.47534104512e-008
        dvar2: 2.44083025791e-007
        max: 0.00471697095782
        mean: 0.00174402445555
        median: 0.00194543378893
        min: 3.34089635297e-012
        var: 9.11027825623e-007
    spectral_rolloff:
        dmean: 307.684570313
        dmean2: 510.657531738
        dvar: 219500.359375
        dvar2: 506140.15625
        max: 18776.953125
        mean: 2677.44604492
        median: 3208.44726563
        min: 279.931640625
        var: 1714626.125
    spectral_skewness:
        dmean: 0.366171330214
        dmean2: 0.628337085247
        dvar: 0.55266469717
        dvar2: 1.64800691605
        max: 21.1700191498
        mean: 2.72973012924
        median: 1.40533804893
        min: 0.0398824810982
        var: 11.5615339279
    spectral_spread:
        dmean: 378683.21875
        dmean2: 557996.75
        dvar: 306411438080
        dvar2: 463154151424
        max: 40608200
        mean: 3957552
        median: 4168689.25
        min: 141618.1875
        var: 3.02488931533e+012
    spectral_strongpeak:
        dmean: 0.393218308687
        dmean2: 0.661800324917
        dvar: 0.337820529938
        dvar2: 0.926477313042
        max: 5.32710266113
        mean: 0.786849141121
        median: 0.558235645294
        min: 8.43014369423e-009
        var: 0.635933041573
    zerocrossingrate:
        dmean: 0.00638692779467
        dmean2: 0.00761401280761
        dvar: 6.02738255111e-005
        dvar2: 7.69670878071e-005
        max: 0.52197265625
        mean: 0.0815344899893
        median: 0.08984375
        min: 0.0107421875
        var: 0.00132709741592
    barkbands:
        dmean: [2.47157743161e-007, 2.20744077524e-005, 4.0509396058e-005, 6.84079859639e-005, 0.000186334043974, 7.64944779803e-005, 8.59739739099e-005, 4.91084283567e-005, 0.00024216210295, 0.000182225718163, 5.65495720366e-005, 4.5720658818e-005, 5.4409760196e-005, 9.37105869525e-005, 8.69041905389e-005, 8.66841655807e-005, 0.000124237980344, 0.000153124550707, 0.000190744322026, 0.000195093627553, 7.71634076955e-005, 2.24943214562e-005, 4.32197930422e-006, 1.58857073984e-006, 7.04284786934e-007, 2.62413948349e-008, 3.22712689904e-010]
        dmean2: [3.73928344288e-007, 3.60628255294e-005, 6.46329572191e-005, 0.000116276984045, 0.0003241514205, 0.000123811900266, 0.000129539970658, 7.71744525991e-005, 0.000348409579601, 0.000268745789072, 8.97244244698e-005, 7.18335286365e-005, 8.75535115483e-005, 0.000150382518768, 0.000139320778544, 0.000142532866448, 0.000205855016247, 0.000257811974734, 0.000329250149662, 0.000347916793544, 0.000136965318234, 3.91389839933e-005, 7.11474831405e-006, 2.5643068966e-006, 1.13096609766e-006, 4.28974082922e-008, 5.60930801807e-010]
        dvar: [3.46945616767e-013, 1.96448945999e-009, 7.30287430528e-009, 1.50599177573e-008, 2.33077528833e-007, 1.60451243403e-008, 4.09077713925e-008, 1.31015989169e-008, 2.1447434051e-007, 1.84863708341e-007, 4.04572872981e-008, 1.44309248995e-008, 1.24756196485e-008, 5.49044791853e-008, 3.34969776361e-008, 2.56775312124e-008, 4.04185591663e-008, 7.63737375564e-008, 1.13869383256e-007, 2.37079348153e-007, 3.52127962344e-008, 2.80344036874e-009, 9.8657700065e-011, 1.42607280151e-011, 3.66228748716e-012, 5.77314194036e-015, 4.72952716141e-019]
        dvar2: [7.97569801002e-013, 5.41703570889e-009, 2.10328057193e-008, 4.2551683066e-008, 6.57678242533e-007, 4.16211705101e-008, 9.23148562038e-008, 2.80006968723e-008, 4.41690644948e-007, 3.89534420719e-007, 9.49750358359e-008, 3.1423553537e-008, 3.07055749715e-008, 1.33917822609e-007, 8.01260497951e-008, 6.45099547114e-008, 1.04388334421e-007, 2.04553714411e-007, 3.22624003957e-007, 6.80768152961e-007, 1.01216450332e-007, 7.85228149169e-009, 2.51141912821e-010, 3.58195972883e-011, 8.52977410926e-012, 1.52710824671e-014, 1.29938576422e-018]
        max: [7.66642097005e-006, 0.000526496791281, 0.00147465337068, 0.00154009636026, 0.00570618081838, 0.00223681842908, 0.00373984035105, 0.00338811427355, 0.00928939506412, 0.00979149248451, 0.00696734618396, 0.00419966364279, 0.00171290233266, 0.00461362535134, 0.00297730462626, 0.0028705233708, 0.00366561557166, 0.00421589938924, 0.00435235351324, 0.00814393628389, 0.00273913121782, 0.000849221018143, 0.000140774573083, 9.10333692445e-005, 5.05359530507e-005, 2.09695394915e-006, 1.16903597913e-008]
        mean: [3.55527788543e-007, 4.56955458503e-005, 7.59905960876e-005, 0.000107000931166, 0.000238124717725, 0.000155322544742, 0.000182184725418, 9.79346441454e-005, 0.000539997825399, 0.000353799201548, 9.8716292996e-005, 7.90600388427e-005, 0.000100824188848, 0.000174145883648, 0.000161313524586, 0.000178918722668, 0.000261614564806, 0.000292695098324, 0.000397025956772, 0.000321643805364, 0.000134419751703, 4.1594808863e-005, 8.33508693177e-006, 3.36201310347e-006, 1.33609046316e-006, 4.37369713779e-008, 3.71382313791e-010]
        median: [1.13361508625e-007, 3.47268942278e-005, 5.16430081916e-005, 5.31955483893e-005, 0.000129699910758, 0.000101484241895, 7.27922160877e-005, 3.58563338523e-005, 0.000157433241839, 7.7423042967e-005, 2.94917808787e-005, 3.835953612e-005, 4.76994173368e-005, 6.05574823567e-005, 7.14606867405e-005, 0.00011901302787, 0.000180550050572, 0.000186752382433, 0.000296539539704, 0.000185037089977, 7.94250954641e-005, 2.67118830379e-005, 4.50146262665e-006, 1.46999673234e-006, 6.0981471961e-007, 1.82815860228e-008, 1.4507715862e-010]
        min: [9.03796282504e-024, 2.08567597375e-023, 1.71748319261e-023, 1.68586339928e-024, 7.09570160609e-023, 1.05009995638e-022, 7.46705314406e-023, 2.04196424435e-023, 2.44125975994e-023, 7.51422323966e-023, 6.92706460157e-023, 2.85413819813e-023, 1.07418848676e-022, 9.53648647176e-023, 1.21235463441e-022, 1.32596663442e-022, 1.87230392947e-022, 3.4715721187e-022, 3.27828024477e-022, 4.81065605846e-022, 4.58142746823e-022, 6.1270339308e-022, 5.89660273789e-022, 8.66606593175e-022, 1.14772319734e-021, 2.19772760688e-021, 2.49808282458e-021]
        var: [4.68094801202e-013, 2.64671395911e-009, 1.0168355935e-008, 2.33432988495e-008, 1.78320902933e-007, 3.43719968043e-008, 1.19337741467e-007, 4.9639833577e-008, 9.3174645599e-007, 5.58357044156e-007, 1.06755038587e-007, 2.57769876555e-008, 2.90297705874e-008, 1.42633808764e-007, 8.02019854973e-008, 5.65001982977e-008, 1.00813331017e-007, 1.41489536531e-007, 2.02892280754e-007, 2.40179673483e-007, 3.71608912531e-008, 3.39855188436e-009, 1.70894465246e-010, 3.3953437284e-011, 6.73453610586e-012, 7.73182770385e-015, 4.89575686032e-019]
    frequency_bands:
        dmean: [2.47157743161e-007, 2.20744077524e-005, 4.0509396058e-005, 6.84079859639e-005, 0.000186334043974, 7.64944779803e-005, 8.59739739099e-005, 4.91084283567e-005, 0.00024216210295, 0.000182225718163, 5.65495720366e-005, 4.5720658818e-005, 5.4409760196e-005, 9.37105869525e-005, 8.69041905389e-005, 8.66841655807e-005, 0.000124237980344, 0.000153124550707, 0.000190744322026, 0.000195093627553, 7.71634076955e-005, 2.24943214562e-005, 4.32197930422e-006, 1.58857073984e-006, 7.04284786934e-007, 2.62413948349e-008, 3.22712689904e-010, 4.7495632427e-011]
        dmean2: [3.73928344288e-007, 3.60628255294e-005, 6.46329572191e-005, 0.000116276984045, 0.0003241514205, 0.000123811900266, 0.000129539970658, 7.71744525991e-005, 0.000348409579601, 0.000268745789072, 8.97244244698e-005, 7.18335286365e-005, 8.75535115483e-005, 0.000150382518768, 0.000139320778544, 0.000142532866448, 0.000205855016247, 0.000257811974734, 0.000329250149662, 0.000347916793544, 0.000136965318234, 3.91389839933e-005, 7.11474831405e-006, 2.5643068966e-006, 1.13096609766e-006, 4.28974082922e-008, 5.60930801807e-010, 8.82141651393e-011]
        dvar: [3.46945616767e-013, 1.96448945999e-009, 7.30287430528e-009, 1.50599177573e-008, 2.33077528833e-007, 1.60451243403e-008, 4.09077713925e-008, 1.31015989169e-008, 2.1447434051e-007, 1.84863708341e-007, 4.04572872981e-008, 1.44309248995e-008, 1.24756196485e-008, 5.49044791853e-008, 3.34969776361e-008, 2.56775312124e-008, 4.04185591663e-008, 7.63737375564e-008, 1.13869383256e-007, 2.37079348153e-007, 3.52127962344e-008, 2.80344036874e-009, 9.8657700065e-011, 1.42607280151e-011, 3.66228748716e-012, 5.77314194036e-015, 4.72952716141e-019, 5.89982775274e-021]
        dvar2: [7.97569801002e-013, 5.41703570889e-009, 2.10328057193e-008, 4.2551683066e-008, 6.57678242533e-007, 4.16211705101e-008, 9.23148562038e-008, 2.80006968723e-008, 4.41690644948e-007, 3.89534420719e-007, 9.49750358359e-008, 3.1423553537e-008, 3.07055749715e-008, 1.33917822609e-007, 8.01260497951e-008, 6.45099547114e-008, 1.04388334421e-007, 2.04553714411e-007, 3.22624003957e-007, 6.80768152961e-007, 1.01216450332e-007, 7.85228149169e-009, 2.51141912821e-010, 3.58195972883e-011, 8.52977410926e-012, 1.52710824671e-014, 1.29938576422e-018, 1.89238713157e-020]
        max: [7.66642097005e-006, 0.000526496791281, 0.00147465337068, 0.00154009636026, 0.00570618081838, 0.00223681842908, 0.00373984035105, 0.00338811427355, 0.00928939506412, 0.00979149248451, 0.00696734618396, 0.00419966364279, 0.00171290233266, 0.00461362535134, 0.00297730462626, 0.0028705233708, 0.00366561557166, 0.00421589938924, 0.00435235351324, 0.00814393628389, 0.00273913121782, 0.000849221018143, 0.000140774573083, 9.10333692445e-005, 5.05359530507e-005, 2.09695394915e-006, 1.16903597913e-008, 8.26046064883e-010]
        mean: [3.55527788543e-007, 4.56955458503e-005, 7.59905960876e-005, 0.000107000931166, 0.000238124717725, 0.000155322544742, 0.000182184725418, 9.79346441454e-005, 0.000539997825399, 0.000353799201548, 9.8716292996e-005, 7.90600388427e-005, 0.000100824188848, 0.000174145883648, 0.000161313524586, 0.000178918722668, 0.000261614564806, 0.000292695098324, 0.000397025956772, 0.000321643805364, 0.000134419751703, 4.1594808863e-005, 8.33508693177e-006, 3.36201310347e-006, 1.33609046316e-006, 4.37369713779e-008, 3.71382313791e-010, 3.70568888075e-011]
        median: [1.13361508625e-007, 3.47268942278e-005, 5.16430081916e-005, 5.31955483893e-005, 0.000129699910758, 0.000101484241895, 7.27922160877e-005, 3.58563338523e-005, 0.000157433241839, 7.7423042967e-005, 2.94917808787e-005, 3.835953612e-005, 4.76994173368e-005, 6.05574823567e-005, 7.14606867405e-005, 0.00011901302787, 0.000180550050572, 0.000186752382433, 0.000296539539704, 0.000185037089977, 7.94250954641e-005, 2.67118830379e-005, 4.50146262665e-006, 1.46999673234e-006, 6.0981471961e-007, 1.82815860228e-008, 1.4507715862e-010, 8.97726337712e-012]
        min: [9.03796282504e-024, 2.08567597375e-023, 1.71748319261e-023, 1.68586339928e-024, 7.09570160609e-023, 1.05009995638e-022, 7.46705314406e-023, 2.04196424435e-023, 2.44125975994e-023, 7.51422323966e-023, 6.92706460157e-023, 2.85413819813e-023, 1.07418848676e-022, 9.53648647176e-023, 1.21235463441e-022, 1.32596663442e-022, 1.87230392947e-022, 3.4715721187e-022, 3.27828024477e-022, 4.81065605846e-022, 4.58142746823e-022, 6.1270339308e-022, 5.89660273789e-022, 8.66606593175e-022, 1.14772319734e-021, 2.19772760688e-021, 2.49808282458e-021, 7.5290767963e-022]
        var: [4.68094801202e-013, 2.64671395911e-009, 1.0168355935e-008, 2.33432988495e-008, 1.78320902933e-007, 3.43719968043e-008, 1.19337741467e-007, 4.9639833577e-008, 9.3174645599e-007, 5.58357044156e-007, 1.06755038587e-007, 2.57769876555e-008, 2.90297705874e-008, 1.42633808764e-007, 8.02019854973e-008, 5.65001982977e-008, 1.00813331017e-007, 1.41489536531e-007, 2.02892280754e-007, 2.40179673483e-007, 3.71608912531e-008, 3.39855188436e-009, 1.70894465246e-010, 3.3953437284e-011, 6.73453610586e-012, 7.73182770385e-015, 4.89575686032e-019, 4.75600781392e-021]
    mfcc:
        mean: [-765.100891113, 100.89200592, -36.5625495911, 36.6485824585, -22.432767868, -13.5319976807, -7.30084705353, -3.31992077827, -0.472287625074, -0.873301923275, -3.2249212265, -8.72264289856, -6.35032749176]
        cov: [[22185.8457031, 1099.21520996, -4580.06494141, 2926.08789063, 484.0730896, 1610.54760742, 1246.35375977, 695.397277832, 540.551696777, 478.159423828, 372.614135742, 32.5613899231, -135.906600952], [1099.21520996, 1033.16040039, -130.530426025, 81.5583953857, -149.406692505, -107.911117554, -38.1185798645, 26.3825511932, -13.7987937927, -3.46334028244, 45.2443237305, -55.3765335083, -8.16674137115], [-4580.06494141, -130.530426025, 1501.15063477, -551.508300781, -160.054870605, -394.732910156, -313.028594971, -147.563476563, -147.087814331, -134.126922607, -108.202285767, 5.53919124603, 15.3693523407], [2926.08789063, 81.5583953857, -551.508300781, 627.866210938, 184.881622314, 270.486236572, 176.244506836, 87.7002029419, 85.6056671143, 73.9293670654, 70.1570510864, 45.0507736206, -0.53326946497], [484.0730896, -149.406692505, -160.054870605, 184.881622314, 242.926132202, 127.593338013, 50.4774932861, 13.4744300842, 25.3213844299, 32.4361152649, 17.1944999695, 29.8637313843, 0.88318246603], [1610.54760742, -107.911117554, -394.732910156, 270.486236572, 127.593338013, 363.072265625, 222.558929443, 108.634529114, 48.4988861084, 53.6666717529, 73.7072067261, 13.6973762512, 3.11082339287], [1246.35375977, -38.1185798645, -313.028594971, 176.244506836, 50.4774932861, 222.558929443, 224.310943604, 101.702041626, 43.9091186523, 38.4453353882, 49.186252594, 12.2928657532, 4.07150125504], [695.397277832, 26.3825511932, -147.563476563, 87.7002029419, 13.4744300842, 108.634529114, 101.702041626, 132.931289673, 44.9193229675, 23.6601028442, 36.5355682373, -1.99381303787, 3.44718718529], [540.551696777, -13.7987937927, -147.087814331, 85.6056671143, 25.3213844299, 48.4988861084, 43.9091186523, 44.9193229675, 90.4340515137, 39.8710021973, 2.35910725594, -2.31301569939, -7.46185159683], [478.159423828, -3.46334028244, -134.126922607, 73.9293670654, 32.4361152649, 53.6666717529, 38.4453353882, 23.6601028442, 39.8710021973, 83.6034088135, 39.8900032043, -5.17247533798, -10.8086433411], [372.614135742, 45.2443237305, -108.202285767, 70.1570510864, 17.1944999695, 73.7072067261, 49.186252594, 36.5355682373, 2.35910725594, 39.8900032043, 96.2695617676, 30.3508319855, 7.07586145401], [32.5613899231, -55.3765335083, 5.53919124603, 45.0507736206, 29.8637313843, 13.6973762512, 12.2928657532, -1.99381303787, -2.31301569939, -5.17247533798, 30.3508319855, 90.5605545044, 44.8151168823], [-135.906600952, -8.16674137115, 15.3693523407, -0.53326946497, 0.88318246603, 3.11082339287, 4.07150125504, 3.44718718529, -7.46185159683, -10.8086433411, 7.07586145401, 44.8151168823, 74.2271575928]]
        icov: [[0.000323733052937, -0.000184938471648, 0.00059865048388, -0.000988287618384, 0.000618754304014, -0.000338242476573, 1.86930756172e-005, -0.000457898713648, 0.000403739075409, -0.000475671578897, 0.000864107045345, -0.000603600346949, 0.00072176696267], [-0.000184938471648, 0.00157378346194, -0.000171477382537, -0.000241552144871, 0.000463067466626, 0.00130737188738, 7.81985072535e-005, -9.85986189335e-005, 4.30457221228e-005, 0.00102158286609, -0.00213917787187, 0.00212605902925, -0.00111831573304], [0.00059865048388, -0.000171477382537, 0.00240756734274, -0.00124340003822, 0.00123288144823, -0.000326432229485, 0.00102135131601, -0.00138285791036, 0.0017855707556, -0.000558007450309, 0.00205823453143, -0.00183710560668, 0.00158820778597], [-0.000988287618384, -0.000241552144871, -0.00124340003822, 0.00671521341428, -0.00350950984284, -0.000638892641291, -4.76216773677e-005, 0.00146552128717, -0.00233401102014, 0.000878928229213, -0.00179474614561, -0.000639196136035, -0.00107694067992], [0.000618754304014, 0.000463067466626, 0.00123288144823, -0.00350950984284, 0.00814925134182, -0.00298939342611, 0.00214957538992, -0.00068325229222, 0.00148335611448, -0.00260781566612, 0.00317299040034, -0.00305175734684, 0.00215493631549], [-0.000338242476573, 0.00130737188738, -0.000326432229485, -0.000638892641291, -0.00298939342611, 0.0110965175554, -0.00747382035479, -0.000241660163738, 5.49792275706e-005, 0.00212453026325, -0.00545327737927, 0.00473601697013, -0.00244543189183], [1.86930756172e-005, 7.81985072535e-005, 0.00102135131601, -4.76216773677e-005, 0.00214957538992, -0.00747382035479, 0.0148030528799, -0.00513518927619, 0.000928370107431, -0.00136240094434, 0.00221204431728, -0.00301274331287, 0.00104819855187], [-0.000457898713648, -9.85986189335e-005, -0.00138285791036, 0.00146552128717, -0.00068325229222, -0.000241660163738, -0.00513518927619, 0.0153470244259, -0.00747316563502, 0.00399686209857, -0.00636299420148, 0.00454612495378, -0.00327261537313], [0.000403739075409, 4.30457221228e-005, 0.0017855707556, -0.00233401102014, 0.00148335611448, 5.49792275706e-005, 0.000928370107431, -0.00747316563502, 0.0212184339762, -0.0107611231506, 0.00933594815433, -0.00457750540227, 0.00307343411259], [-0.000475671578897, 0.00102158286609, -0.000558007450309, 0.000878928229213, -0.00260781566612, 0.00212453026325, -0.00136240094434, 0.00399686209857, -0.0107611231506, 0.0242901537567, -0.0140519784763, 0.00791028048843, -0.00178668228909], [0.000864107045345, -0.00213917787187, 0.00205823453143, -0.00179474614561, 0.00317299040034, -0.00545327737927, 0.00221204431728, -0.00636299420148, 0.00933594815433, -0.0140519784763, 0.0260603707284, -0.0137818232179, 0.00600160332397], [-0.000603600346949, 0.00212605902925, -0.00183710560668, -0.000639196136035, -0.00305175734684, 0.00473601697013, -0.00301274331287, 0.00454612495378, -0.00457750540227, 0.00791028048843, -0.0137818232179, 0.0258096624166, -0.0142807662487], [0.00072176696267, -0.00111831573304, 0.00158820778597, -0.00107694067992, 0.00215493631549, -0.00244543189183, 0.00104819855187, -0.00327261537313, 0.00307343411259, -0.00178668228909, 0.00600160332397, -0.0142807662487, 0.0226041674614]]
    sccoeffs:
        dmean: [0.0449795611203, 0.0409470424056, 0.0390489548445, 0.0274480208755, 0.0193601790816, 0.0179472193122]
        dmean2: [0.0746088251472, 0.0665037482977, 0.0615642406046, 0.0449914224446, 0.0318044908345, 0.0298189073801]
        dvar: [0.00161474966444, 0.00115960941184, 0.0011393193854, 0.000544088077731, 0.0002827491262, 0.000301743071759]
        dvar2: [0.00431860703975, 0.0030411798507, 0.00282819569111, 0.00138231075834, 0.000720512471162, 0.000836582039483]
        max: [-0.321254968643, -0.505815565586, -0.440837174654, -0.579258799553, -0.587964117527, -0.571069896221]
        mean: [-0.67427957058, -0.742501556873, -0.712479829788, -0.797575056553, -0.807094037533, -0.772279500961]
        median: [-0.690562844276, -0.746534705162, -0.715785980225, -0.800225913525, -0.801767230034, -0.755843520164]
        min: [-0.960163354874, -0.971176207066, -0.967000901699, -0.96057087183, -0.958823382854, -0.960679829121]
        var: [0.00729662412778, 0.00465180538595, 0.00592993479222, 0.00358155393042, 0.00228753429838, 0.00368022499606]
    scvalleys:
        dmean: [0.346292227507, 0.318025708199, 0.300335288048, 0.245579138398, 0.236715734005, 0.294086158276]
        dmean2: [0.573407053947, 0.521012485027, 0.493995010853, 0.39748865366, 0.379824697971, 0.445243149996]
        dvar: [0.0939392372966, 0.0846525579691, 0.0827377215028, 0.0722381547093, 0.10306275636, 0.154041692615]
        dvar2: [0.235667541623, 0.20334482193, 0.188992217183, 0.146950274706, 0.214090898633, 0.342401593924]
        max: [-5.50726747513, -5.01867246628, -5.42452526093, -5.77093839645, -5.27403783798, -7.69784259796]
        mean: [-7.9747672081, -7.11649942398, -7.88969278336, -8.20127105713, -8.16752243042, -10.8390102386]
        median: [-6.87981557846, -6.69039440155, -7.00589561462, -7.01233386993, -6.86615180969, -9.66732978821]
        min: [-27.098279953, -27.9667873383, -27.117307663, -27.2660865784, -27.344127655, -27.2913913727]
        var: [6.95859479904, 2.38272404671, 4.96710443497, 6.67521953583, 7.93641614914, 7.7022819519]

rhythm:
    beats_loudness:
        dmean: 0.00141262705438
        dmean2: 0.00240903021768
        dvar: 1.855431492e-006
        dvar2: 5.24474307895e-006
        max: 0.0146496118978
        mean: 0.00442111399025
        median: 0.00475290277973
        min: 5.54296756064e-012
        var: 9.07851608645e-006
    bpm: 129.792037964
    bpm_confidence: 0
    first_peak_bpm: 129
    first_peak_spread: 0.276470571756
    first_peak_weight: 0.683333337307
    onset_rate: 2.56045889854
    second_peak_bpm: 123
    second_peak_spread: 0.249999985099
    second_peak_weight: 0.0166666675359
    beats_loudness_band_ratio:
        dmean: [0.0875376537442, 0.109727688134, 0.187593922019, 0.117377251387, 0.0906919166446, 0.0871739462018]
        dmean2: [0.157025143504, 0.191227585077, 0.328069984913, 0.216284498572, 0.156785592437, 0.156650409102]
        dvar: [0.00854991190135, 0.0108637455851, 0.019408447668, 0.0176980979741, 0.00893025565892, 0.00674677826464]
        dvar2: [0.0248924382031, 0.0280159339309, 0.0588390231133, 0.0523122400045, 0.0249599255621, 0.021307433024]
        max: [0.622532188892, 0.892557859421, 0.879235386848, 0.735442459583, 0.620567619801, 0.488116294146]
        mean: [0.117676690221, 0.188163742423, 0.297596186399, 0.130411148071, 0.188725590706, 0.156669542193]
        median: [0.0902183800936, 0.11789021641, 0.250246435404, 0.0816658139229, 0.199931234121, 0.152264147997]
        min: [0, 0, 0, 0, 0, 0]
        var: [0.0124652180821, 0.0338122546673, 0.0373163707554, 0.0165279433131, 0.019453054294, 0.0141874942929]
    beats_position: [0.49922901392, 1.01006805897, 1.53251695633, 2.0549659729, 2.53097510338, 3.00698399544, 3.47138309479, 3.93578219414, 4.40018129349, 4.86458063126, 5.32897949219, 5.78176879883, 6.24616765976, 6.71056699753, 7.16335582733, 7.6277551651, 8.08054447174, 8.54494285583, 9.0093421936, 9.47374153137, 9.93814086914, 10.4025392532, 10.866938591, 11.3197278976, 11.7725172043, 12.2369155884, 12.7013149261, 13.1657142639, 13.6301136017, 14.0945119858, 14.5473012924, 15.0000905991, 15.4644899368, 15.9288883209, 16.3932876587, 16.8576869965, 17.3220863342, 17.786485672, 18.2508831024, 18.7036724091, 19.1564617157, 19.6208610535, 20.0852603912, 20.549659729, 21.0140590668, 21.4668483734, 21.9196376801, 22.3840351105, 22.8484344482, 23.312833786, 23.7772331238, 24.2416324615, 24.7060317993, 25.1704311371, 25.6232185364, 26.0876178741, 26.5404071808, 27.0048065186, 27.4692058563, 27.921995163, 28.3863945007, 28.8507938385, 29.3151912689, 29.7679805756, 30.2323799133, 30.6967792511, 31.1611785889, 31.6255779266, 32.0899772644, 32.5543746948, 33.0071640015, 33.4599533081, 33.9243545532, 34.3887519836, 34.8531494141, 35.3175506592, 35.7819480896, 36.2347373962, 36.6875267029, 37.151927948, 37.6163253784, 38.0807266235, 38.545124054, 39.0095214844, 39.4739227295, 39.9383201599, 40.402721405, 40.8671188354, 41.3199081421, 41.7843093872, 42.2370948792, 42.7014961243, 43.1658935547, 43.6302947998, 44.0946922302, 44.5474815369, 45.0002708435, 45.4646720886, 45.929069519, 46.3934669495, 46.8578681946, 47.322265625, 47.7866668701, 48.2394561768, 48.6922454834, 49.1566429138, 49.6210403442, 50.0854415894, 50.5498390198, 51.0142402649, 51.4670295715, 51.9198188782, 52.3842163086, 52.8486175537, 53.3130149841, 53.7774124146, 54.2418136597, 54.7062110901, 55.1706123352, 55.6234016418, 56.0761909485, 56.5405883789, 57.0049858093, 57.4693870544, 57.9337844849, 58.39818573, 58.8625831604, 59.315372467, 59.7681617737, 60.2325630188, 60.6969604492, 61.1613578796, 61.6257591248, 62.0901565552, 62.5429458618, 63.0073471069, 63.4601364136, 63.924533844, 64.3889312744, 64.8533325195, 65.3177337646, 65.7821273804, 66.2465286255, 66.7109298706, 67.1637191772, 67.6165084839, 68.0809020996, 68.5453033447, 69.0097045898, 69.474105835, 69.9384994507, 70.3912887573, 70.844078064, 71.3084793091, 71.7728805542, 72.2372741699, 72.701675415, 73.1660766602, 73.6304779053, 74.094871521, 74.5476608276, 75.0120620728, 75.4648513794, 75.9292526245, 76.3936462402, 76.8580474854, 77.3224487305, 77.7868499756, 78.2512435913, 78.7040328979, 79.1568222046, 79.6212234497, 80.0856246948, 80.5500183105, 81.0144195557, 81.4788208008, 81.9316101074, 82.3960113525, 82.8487930298, 83.3131942749, 83.77759552, 84.2419967651, 84.7063903809, 85.170791626, 85.6235809326, 86.0879821777, 86.5407714844, 87.0051651001, 87.4695663452, 87.9339675903, 88.3983688354, 88.8627624512, 89.3271636963, 89.7799530029, 90.2327423096, 90.6971435547, 91.1615371704, 91.6143264771, 92.0787277222, 92.5431289673, 92.9959182739, 93.460319519, 93.9247131348, 94.3891143799, 94.853515625, 95.3179092407, 95.7706985474, 96.223487854, 96.6878890991, 97.1522903442, 97.61668396, 98.0810852051, 98.5454864502, 99.0098876953, 99.474281311, 99.9270706177, 100.391471863, 100.844261169, 101.308662415, 101.77305603, 102.237457275, 102.701858521, 103.166259766, 103.630653381, 104.083442688, 104.536231995, 105.00063324, 105.465034485, 105.929428101, 106.393829346, 106.858230591, 107.322631836, 107.775421143, 108.239814758, 108.692604065, 109.15700531, 109.621406555, 110.085800171, 110.550201416, 111.014602661, 111.479003906, 111.931785583, 112.38457489, 112.848976135, 113.31337738, 113.777778625, 114.242172241, 114.694961548, 115.159362793, 115.623764038, 116.076553345, 116.54094696, 117.005348206, 117.469749451, 117.934150696, 118.398544312, 118.862945557, 119.315734863, 119.76852417, 120.232925415, 120.697319031, 121.161720276, 121.626121521, 122.090522766, 122.554916382, 123.007705688, 123.460494995, 123.92489624, 124.389297485, 124.853691101, 125.318092346, 125.782493591, 126.246894836, 126.699676514, 127.15246582, 127.616867065, 128.081268311, 128.545669556, 129.010070801, 129.474472046, 129.938858032, 130.391647339, 130.844436646, 131.308837891, 131.773239136, 132.237640381, 132.702041626, 133.166442871, 133.630844116, 134.095230103, 134.548019409, 135.000808716, 135.465209961, 135.929611206, 136.394012451, 136.858413696, 137.334411621, 137.798812866, 138.251602173, 138.704391479, 139.157180786, 139.598358154, 139.981491089, 140.353012085, 140.73614502, 141.107666016, 141.467575073, 141.839096069, 142.199005127, 142.570526123, 143.046524048, 143.522537231, 143.986938477, 144.451339722, 144.915740967, 145.380126953, 145.844528198, 146.308929443, 146.773330688, 147.237731934, 147.713745117, 148.20135498, 148.677368164, 149.164993286, 149.640991211, 150.117004395, 150.593017578, 151.069015503, 151.545028687, 152.02104187, 152.497055054, 152.973052979, 153.449066162, 153.913467407, 154.377868652, 154.842269897, 155.306671143, 155.771057129, 156.235458374, 156.699859619, 157.152648926, 157.617050171, 158.081451416, 158.545852661, 159.010253906, 159.474639893, 159.939041138, 160.391830444, 160.844619751, 161.309020996, 161.773422241, 162.237823486, 162.702224731, 163.166610718, 163.642623901, 164.130249023, 164.617858887, 165.105484009, 165.604721069, 166.092330933, 166.591567993]
