
metadata:
    version:
        essentia: "2.1-beta2"
    audio_properties:
        analysis_sample_rate: 44100
        bitrate: 192
        channels: 2
        equal_loudness: 1
        length: 214.961639404
        replay_gain: -13.8999557495
        downmix: "mix"
    tags:
        album: "Fallen "
        artist: "Evanescence"
        comment: "                          "
        date: "2020"
        genre: "Autres"
        title: "going under"
        tracknumber: "1"

configuration:
    average_loudness:
        compute: 1
        frameSize: 88200
        hopSize: 44100
        silentFrames: "noise"
        windowType: "hann"
    general:
        analysisSampleRate: 44100
        endTime: 2000
        equalLoudness: 1
        nequalLoudness: 0
        shortSound: 0
        startTime: 0
    lowlevel:
        compute: 1
        frameSize: 2048
        hopSize: 1024
        zeroPadding: 0
        silentFrames: "noise"
        windowType: "blackmanharris62"
        mfccStats: ["mean", "cov", "icov"]
        stats: ["mean", "var", "median", "min", "max", "dmean", "dmean2", "dvar", "dvar2"]
    panning:
        compute: 0
        frameSize: 8192
        hopSize: 2048
        zeroPadding: 8192
        silentFrames: "noise"
        windowType: "hann"
        stats: ["copy"]
    rhythm:
        compute: 1
        maxTempo: 208
        minTempo: 40
        method: "degara"
        stats: ["mean", "var", "median", "min", "max", "dmean", "dmean2", "dvar", "dvar2"]
    segmentation:
        compute: 0
        cpw: 5
        inc1: 300
        inc2: 50
        minimumSegmentsLength: 10
        size1: 1000
        size2: 600
    sfx:
        compute: 1
        stats: ["mean", "var", "median", "min", "max", "dmean", "dmean2", "dvar", "dvar2"]
    svm:
        compute: 0
    tonal:
        compute: 1
        frameSize: 4096
        hopSize: 2048
        zeroPadding: 0
        silentFrames: "noise"
        windowType: "blackmanharris62"
        stats: ["mean", "var", "median", "min", "max", "dmean", "dmean2", "dvar", "dvar2"]

lowlevel:
    average_loudness: 0.922481060028
    barkbands_kurtosis:
        dmean: 0.635623216629
        dmean2: 1.00706315041
        dvar: 2.6378262043
        dvar2: 6.38022994995
        max: 86.0782699585
        mean: -0.478707849979
        median: -0.981960296631
        min: -1.92144191265
        var: 5.08608341217
    barkbands_skewness:
        dmean: 0.314959734678
        dmean2: 0.489922016859
        dvar: 0.111289218068
        dvar2: 0.256579995155
        max: 7.82627725601
        mean: -0.447419881821
        median: -0.433180779219
        min: -5.05305814743
        var: 0.471109777689
    barkbands_spread:
        dmean: 4.63688182831
        dmean2: 7.26429176331
        dvar: 22.6796073914
        dvar2: 51.8728179932
        max: 63.1942138672
        mean: 29.4799308777
        median: 29.513753891
        min: 0.832262814045
        var: 86.5092849731
    dissonance:
        dmean: 0.0123848533258
        dmean2: 0.0210608839989
        dvar: 0.000209649238968
        dvar2: 0.000573448836803
        max: 0.500000059605
        mean: 0.477453380823
        median: 0.48234140873
        min: 0.215589031577
        var: 0.000412219873397
    hfc:
        dmean: 2.07358789444
        dmean2: 3.20379281044
        dvar: 5.36381196976
        dvar2: 11.5324382782
        max: 81.008972168
        mean: 11.0887184143
        median: 10.957821846
        min: 1.13252434334e-016
        var: 34.2392959595
    pitch:
        dmean: 566.484313965
        dmean2: 1083.6237793
        dvar: 1148615
        dvar2: 2979967
        max: 4899.57666016
        mean: 1000.90667725
        median: 435.343902588
        min: 79.3012771606
        var: 1597104.375
    pitch_instantaneous_confidence:
        dmean: 0.0765410363674
        dmean2: 0.121240004897
        dvar: 0.0050429943949
        dvar2: 0.0112985000014
        max: 0.983653008938
        mean: 0.475036948919
        median: 0.44530403614
        min: 0.105449974537
        var: 0.0357687287033
    pitch_salience:
        dmean: 0.0492804683745
        dmean2: 0.0804510191083
        dvar: 0.00202964455821
        dvar2: 0.00512436544523
        max: 0.994254648685
        mean: 0.635950744152
        median: 0.635798752308
        min: 0.253146976233
        var: 0.00743035785854
    silence_rate_20dB:
        dmean: 0
        dmean2: 0
        dvar: 0
        dvar2: 0
        max: 1
        mean: 1
        median: 1
        min: 1
        var: 0
    silence_rate_30dB:
        dmean: 0
        dmean2: 0
        dvar: 0
        dvar2: 0
        max: 1
        mean: 1
        median: 1
        min: 1
        var: 0
    silence_rate_60dB:
        dmean: 0.0626485198736
        dmean2: 0.125310570002
        dvar: 0.0587247014046
        dvar2: 0.127113193274
        max: 1
        mean: 0.185549199581
        median: 0
        min: 0
        var: 0.151116922498
    spectral_centroid:
        dmean: 219.348693848
        dmean2: 341.250274658
        dvar: 62367.234375
        dvar2: 138759.765625
        max: 11807.8613281
        mean: 2060.35913086
        median: 2061.94213867
        min: 266.213226318
        var: 333216.8125
    spectral_complexity:
        dmean: 3.24994587898
        dmean2: 5.13254833221
        dvar: 10.3903427124
        dvar2: 23.4686203003
        max: 46
        mean: 18.1163196564
        median: 19
        min: 0
        var: 65.2221069336
    spectral_crest:
        dmean: 1.58079147339
        dmean2: 2.57220840454
        dvar: 2.361317873
        dvar2: 5.79531288147
        max: 25.1660804749
        mean: 6.6293091774
        median: 5.8456697464
        min: 2.46157956123
        var: 7.79720640182
    spectral_decrease:
        dmean: 2.29617103109e-010
        dmean2: 3.58568702508e-010
        dvar: 7.60279278586e-020
        dvar2: 1.82058032577e-019
        max: 8.59575696286e-029
        mean: -1.15600462536e-009
        median: -1.17556386847e-009
        min: -4.93527352319e-009
        var: 3.03048810196e-019
    spectral_energy:
        dmean: 0.00102184480056
        dmean2: 0.00158837717026
        dvar: 1.41925613661e-006
        dvar2: 3.32297031491e-006
        max: 0.0259746294469
        mean: 0.00536878453568
        median: 0.00547835277393
        min: 1.0595677968e-020
        var: 6.50071251584e-006
    spectral_energyband_high:
        dmean: 0.000193753017811
        dmean2: 0.000309856055537
        dvar: 6.19781133082e-008
        dvar2: 1.43610833447e-007
        max: 0.00719846365973
        mean: 0.000590799492784
        median: 0.000478850823129
        min: 7.34967745712e-021
        var: 2.35056731412e-007
    spectral_energyband_low:
        dmean: 0.000221216178034
        dmean2: 0.000374012539396
        dvar: 2.81475962538e-007
        dvar2: 7.68512734339e-007
        max: 0.00646851724014
        mean: 0.000308723771013
        median: 0.000197185232537
        min: 3.10386726381e-023
        var: 2.39900941779e-007
    spectral_energyband_middle_high:
        dmean: 0.000647395267151
        dmean2: 0.000998304109089
        dvar: 4.76969091778e-007
        dvar2: 1.05923049887e-006
        max: 0.023964010179
        mean: 0.00328975147568
        median: 0.00321668130346
        min: 1.45963339714e-021
        var: 3.15816123475e-006
    spectral_energyband_middle_low:
        dmean: 0.000461253948743
        dmean2: 0.000738889328204
        dvar: 4.51704011084e-007
        dvar2: 1.13262706236e-006
        max: 0.00904560554773
        mean: 0.00127838074695
        median: 0.00110031710938
        min: 2.03074885109e-022
        var: 9.2180619049e-007
    spectral_flatness_db:
        dmean: 0.013453557156
        dmean2: 0.0207102429122
        dvar: 0.000225854761084
        dvar2: 0.00045406044228
        max: 0.484144419432
        mean: 0.157381743193
        median: 0.147472128272
        min: 0.0504405908287
        var: 0.00205440353602
    spectral_flux:
        dmean: 0.00777255138382
        dmean2: 0.0120183257386
        dvar: 6.94564514561e-005
        dvar2: 0.000154052919243
        max: 0.124698899686
        mean: 0.0408478155732
        median: 0.0398624576628
        min: 6.60955526421e-011
        var: 0.000246400100878
    spectral_kurtosis:
        dmean: 1.31959056854
        dmean2: 2.26210784912
        dvar: 4.42965698242
        dvar2: 12.3377046585
        max: 56.2563171387
        mean: 4.2814617157
        median: 3.74590587616
        min: -1.22331547737
        var: 9.92367744446
    spectral_rms:
        dmean: 0.000217735912884
        dmean2: 0.000330274371663
        dvar: 5.70105882503e-008
        dvar2: 1.23716347389e-007
        max: 0.0050339945592
        mean: 0.00219622906297
        median: 0.00231186812744
        min: 3.21515882494e-012
        var: 4.14418508399e-007
    spectral_rolloff:
        dmean: 266.50680542
        dmean2: 447.810852051
        dvar: 156885.90625
        dvar2: 342722.40625
        max: 19487.5488281
        mean: 3647.05810547
        median: 3660.64453125
        min: 215.33203125
        var: 703557.8125
    spectral_skewness:
        dmean: 0.171029731631
        dmean2: 0.280565828085
        dvar: 0.0403283722699
        dvar2: 0.101240456104
        max: 5.94399833679
        mean: 1.32945394516
        median: 1.28557348251
        min: -0.113602988422
        var: 0.149466171861
    spectral_spread:
        dmean: 381455.0625
        dmean2: 570795.25
        dvar: 428200361984
        dvar2: 835054272512
        max: 42108156
        mean: 4021888
        median: 3785727
        min: 825082.25
        var: 3.4339839017e+012
    spectral_strongpeak:
        dmean: 0.731404781342
        dmean2: 1.23053085804
        dvar: 0.946338236332
        dvar2: 2.32400870323
        max: 11.3545007706
        mean: 1.54290246964
        median: 1.07121539116
        min: 9.56119072804e-011
        var: 2.58330249786
    zerocrossingrate:
        dmean: 0.0068764956668
        dmean2: 0.00834893994033
        dvar: 5.20397734363e-005
        dvar2: 6.44661631668e-005
        max: 0.51171875
        mean: 0.111113280058
        median: 0.111328125
        min: 0.00830078125
        var: 0.000655194337014
    barkbands:
        dmean: [2.96640024544e-007, 5.46802621102e-005, 0.000141264739796, 0.000102288577182, 0.000163686374435, 0.000190537422895, 0.000107838430267, 7.34830537112e-005, 7.81032867962e-005, 6.26184919383e-005, 0.000107743566332, 8.34227466839e-005, 4.39356481365e-005, 8.13312726677e-005, 0.000139712166856, 0.000165991543327, 0.000167630118085, 0.000226411255426, 0.000217752778553, 0.00020279068849, 9.82300916803e-005, 1.42683238664e-005, 3.03822662318e-006, 1.56644534854e-006, 9.36818366881e-007, 3.3638134056e-008, 3.78510167653e-010]
        dmean2: [4.83105793592e-007, 8.93968244782e-005, 0.000246003677603, 0.000175341338036, 0.000274247984635, 0.000314604403684, 0.000174086992047, 0.000117471099657, 0.000123707999592, 9.71935078269e-005, 0.000157004018547, 0.000127545223222, 7.1294089139e-005, 0.000130038621137, 0.000222044211114, 0.000269224576186, 0.000274536403595, 0.000364149833331, 0.000354006391717, 0.000323208834743, 0.00015822838759, 2.33852297242e-005, 4.72907913718e-006, 2.44130910687e-006, 1.40590202591e-006, 5.22130783054e-008, 6.36197428072e-010]
        dvar: [4.72484898428e-013, 1.74090715177e-008, 1.23959225107e-007, 4.18066257168e-008, 7.61951284289e-008, 1.01068863501e-007, 7.06926215344e-008, 2.62985935251e-008, 1.53439909667e-008, 1.94336298165e-008, 4.72925520967e-008, 3.48016762075e-008, 6.3755343227e-009, 2.25366036943e-008, 5.68256659506e-008, 8.47539141091e-008, 7.76541355663e-008, 9.51083762857e-008, 1.00055110863e-007, 6.42545359142e-008, 2.007062605e-008, 8.61065330149e-010, 8.50336467906e-011, 2.26161155775e-011, 6.81733749314e-012, 6.3332005486e-015, 5.04167100339e-019]
        dvar2: [1.20452129174e-012, 4.38531806424e-008, 3.53296940148e-007, 1.12211189673e-007, 2.04597355946e-007, 2.65896233032e-007, 1.86784745893e-007, 6.56385523712e-008, 3.52031719331e-008, 4.31239612908e-008, 9.95682682969e-008, 7.69904957565e-008, 1.49892187551e-008, 5.28597041694e-008, 1.34196724844e-007, 1.94429404132e-007, 1.87090506643e-007, 2.3219976697e-007, 2.1997885824e-007, 1.48401213096e-007, 4.89058926689e-008, 1.99477834251e-009, 1.84579657114e-010, 5.25568165377e-011, 1.32540697168e-011, 1.41583640835e-014, 1.06887203419e-018]
        max: [7.77632612881e-006, 0.00157537241466, 0.00429729185998, 0.00281136156991, 0.00359581597149, 0.0068346876651, 0.00575543334708, 0.00319239171222, 0.00307302968577, 0.00462003517896, 0.00386587693356, 0.00394315971062, 0.00203335890546, 0.00306740356609, 0.00397636229172, 0.00580897694454, 0.0076588797383, 0.0061107641086, 0.0163094382733, 0.0057890098542, 0.00425257906318, 0.0010933916783, 0.000423055724241, 0.000128046798636, 0.00011962215649, 1.45443459587e-006, 3.53559528321e-008]
        mean: [3.66176237776e-007, 7.34588757041e-005, 0.000171265375684, 0.000116959825391, 0.000267408788204, 0.000384636339732, 0.00018429926422, 0.000125134407426, 0.000160846786457, 0.000121870296425, 0.000303992797853, 0.000195192114916, 8.07156393421e-005, 0.000157263522851, 0.000296449696179, 0.000336392986355, 0.000390496570617, 0.000551455712412, 0.000583021959756, 0.000569515977986, 0.000255241960986, 3.14556782541e-005, 5.95128267378e-006, 3.41914369528e-006, 1.94005701815e-006, 4.8351743942e-008, 4.44384029574e-010]
        median: [1.45037816424e-007, 4.13303641835e-005, 8.45681206556e-005, 5.72240969632e-005, 0.000183441923582, 0.000244511233177, 9.64593928074e-005, 5.80075320613e-005, 9.16894423426e-005, 4.51703781437e-005, 4.89683843625e-005, 5.18171254953e-005, 5.12121405336e-005, 9.10567032406e-005, 0.000150946347276, 0.000233924656641, 0.000273467536317, 0.000377310672775, 0.0005054238718, 0.000431251712143, 0.000175532215508, 2.19287230721e-005, 2.9648463169e-006, 2.08481947084e-006, 1.02162834992e-006, 9.33697208438e-009, 1.6581273854e-010]
        min: [1.05108122834e-024, 9.17295506972e-024, 6.09709647012e-024, 2.61862436653e-024, 6.2965844047e-024, 9.76120706902e-024, 1.13169314931e-023, 2.90096119494e-023, 2.37198909499e-023, 1.61391995526e-023, 2.9966604357e-023, 4.44874636511e-023, 3.63229236761e-023, 6.44004081135e-023, 6.57364797406e-023, 7.13469531618e-023, 1.15288575554e-022, 1.27699579025e-022, 1.59556874713e-022, 2.32495307419e-022, 2.62452988182e-022, 3.86737253871e-022, 4.87183127503e-022, 6.75323146493e-022, 9.49567396397e-022, 1.44801581104e-021, 2.10653558916e-021]
        var: [5.48559732794e-013, 1.66622147191e-008, 9.48797733713e-008, 3.6549121063e-008, 9.94110749275e-008, 2.10847005633e-007, 9.49836902464e-008, 3.91552745782e-008, 4.93506107091e-008, 5.16800362504e-008, 2.80633742022e-007, 1.49654070469e-007, 1.27621415658e-008, 4.60927402912e-008, 1.4323495634e-007, 2.11568519148e-007, 2.79950256754e-007, 3.51610367488e-007, 2.4902837481e-007, 2.62176797605e-007, 6.25442950763e-008, 1.78661629935e-009, 2.3565246976e-010, 4.31792171462e-011, 1.84251832541e-011, 1.12302338652e-014, 1.30173350959e-018]
    frequency_bands:
        dmean: [2.96640024544e-007, 5.46802621102e-005, 0.000141264739796, 0.000102288577182, 0.000163686374435, 0.000190537422895, 0.000107838430267, 7.34830537112e-005, 7.81032867962e-005, 6.26184919383e-005, 0.000107743566332, 8.34227466839e-005, 4.39356481365e-005, 8.13312726677e-005, 0.000139712166856, 0.000165991543327, 0.000167630118085, 0.000226411255426, 0.000217752778553, 0.00020279068849, 9.82300916803e-005, 1.42683238664e-005, 3.03822662318e-006, 1.56644534854e-006, 9.36818366881e-007, 3.3638134056e-008, 3.78510167653e-010, 6.25729190684e-011]
        dmean2: [4.83105793592e-007, 8.93968244782e-005, 0.000246003677603, 0.000175341338036, 0.000274247984635, 0.000314604403684, 0.000174086992047, 0.000117471099657, 0.000123707999592, 9.71935078269e-005, 0.000157004018547, 0.000127545223222, 7.1294089139e-005, 0.000130038621137, 0.000222044211114, 0.000269224576186, 0.000274536403595, 0.000364149833331, 0.000354006391717, 0.000323208834743, 0.00015822838759, 2.33852297242e-005, 4.72907913718e-006, 2.44130910687e-006, 1.40590202591e-006, 5.22130783054e-008, 6.36197428072e-010, 1.16075267453e-010]
        dvar: [4.72484898428e-013, 1.74090715177e-008, 1.23959225107e-007, 4.18066257168e-008, 7.61951284289e-008, 1.01068863501e-007, 7.06926215344e-008, 2.62985935251e-008, 1.53439909667e-008, 1.94336298165e-008, 4.72925520967e-008, 3.48016762075e-008, 6.3755343227e-009, 2.25366036943e-008, 5.68256659506e-008, 8.47539141091e-008, 7.76541355663e-008, 9.51083762857e-008, 1.00055110863e-007, 6.42545359142e-008, 2.007062605e-008, 8.61065330149e-010, 8.50336467906e-011, 2.26161155775e-011, 6.81733749314e-012, 6.3332005486e-015, 5.04167100339e-019, 7.67341365377e-021]
        dvar2: [1.20452129174e-012, 4.38531806424e-008, 3.53296940148e-007, 1.12211189673e-007, 2.04597355946e-007, 2.65896233032e-007, 1.86784745893e-007, 6.56385523712e-008, 3.52031719331e-008, 4.31239612908e-008, 9.95682682969e-008, 7.69904957565e-008, 1.49892187551e-008, 5.28597041694e-008, 1.34196724844e-007, 1.94429404132e-007, 1.87090506643e-007, 2.3219976697e-007, 2.1997885824e-007, 1.48401213096e-007, 4.89058926689e-008, 1.99477834251e-009, 1.84579657114e-010, 5.25568165377e-011, 1.32540697168e-011, 1.41583640835e-014, 1.06887203419e-018, 2.42064260376e-020]
        max: [7.77632612881e-006, 0.00157537241466, 0.00429729185998, 0.00281136156991, 0.00359581597149, 0.0068346876651, 0.00575543334708, 0.00319239171222, 0.00307302968577, 0.00462003517896, 0.00386587693356, 0.00394315971062, 0.00203335890546, 0.00306740356609, 0.00397636229172, 0.00580897694454, 0.0076588797383, 0.0061107641086, 0.0163094382733, 0.0057890098542, 0.00425257906318, 0.0010933916783, 0.000423055724241, 0.000128046798636, 0.00011962215649, 1.45443459587e-006, 3.53559528321e-008, 1.1679784917e-009]
        mean: [3.66176237776e-007, 7.34588757041e-005, 0.000171265375684, 0.000116959825391, 0.000267408788204, 0.000384636339732, 0.00018429926422, 0.000125134407426, 0.000160846786457, 0.000121870296425, 0.000303992797853, 0.000195192114916, 8.07156393421e-005, 0.000157263522851, 0.000296449696179, 0.000336392986355, 0.000390496570617, 0.000551455712412, 0.000583021959756, 0.000569515977986, 0.000255241960986, 3.14556782541e-005, 5.95128267378e-006, 3.41914369528e-006, 1.94005701815e-006, 4.8351743942e-008, 4.44384029574e-010, 4.89024237771e-011]
        median: [1.45037816424e-007, 4.13303641835e-005, 8.45681206556e-005, 5.72240969632e-005, 0.000183441923582, 0.000244511233177, 9.64593928074e-005, 5.80075320613e-005, 9.16894423426e-005, 4.51703781437e-005, 4.89683843625e-005, 5.18171254953e-005, 5.12121405336e-005, 9.10567032406e-005, 0.000150946347276, 0.000233924656641, 0.000273467536317, 0.000377310672775, 0.0005054238718, 0.000431251712143, 0.000175532215508, 2.19287230721e-005, 2.9648463169e-006, 2.08481947084e-006, 1.02162834992e-006, 9.33697208438e-009, 1.6581273854e-010, 1.88538924056e-011]
        min: [1.05108122834e-024, 9.17295506972e-024, 6.09709647012e-024, 2.61862436653e-024, 6.2965844047e-024, 9.76120706902e-024, 1.13169314931e-023, 2.90096119494e-023, 2.37198909499e-023, 1.61391995526e-023, 2.9966604357e-023, 4.44874636511e-023, 3.63229236761e-023, 6.44004081135e-023, 6.57364797406e-023, 7.13469531618e-023, 1.15288575554e-022, 1.27699579025e-022, 1.59556874713e-022, 2.32495307419e-022, 2.62452988182e-022, 3.86737253871e-022, 4.87183127503e-022, 6.75323146493e-022, 9.49567396397e-022, 1.44801581104e-021, 2.10653558916e-021, 5.37316058445e-022]
        var: [5.48559732794e-013, 1.66622147191e-008, 9.48797733713e-008, 3.6549121063e-008, 9.94110749275e-008, 2.10847005633e-007, 9.49836902464e-008, 3.91552745782e-008, 4.93506107091e-008, 5.16800362504e-008, 2.80633742022e-007, 1.49654070469e-007, 1.27621415658e-008, 4.60927402912e-008, 1.4323495634e-007, 2.11568519148e-007, 2.79950256754e-007, 3.51610367488e-007, 2.4902837481e-007, 2.62176797605e-007, 6.25442950763e-008, 1.78661629935e-009, 2.3565246976e-010, 4.31792171462e-011, 1.84251832541e-011, 1.12302338652e-014, 1.30173350959e-018, 6.17201783409e-021]
    mfcc:
        mean: [-706.414611816, 102.098991394, -65.5513916016, 52.315826416, -13.4073886871, -13.9099445343, 4.11466598511, -13.3555803299, -0.196533665061, -4.99042320251, -9.15103149414, -3.9947488308, -0.71039545536]
        cov: [[6276.84472656, 669.401611328, -197.328842163, 873.764099121, -59.6823768616, 168.454833984, -62.7204437256, 31.5067405701, 67.9718322754, -26.4505615234, 31.7068843842, -74.4734420776, -37.7166023254], [669.401611328, 703.789916992, -215.520507813, 107.374610901, -51.3981742859, -79.0406494141, 65.0687561035, -90.16456604, 8.40572929382, -27.3874378204, -39.9098701477, -7.52693271637, -17.1530590057], [-197.328842163, -215.520507813, 540.854980469, 2.28115296364, 77.7609634399, 123.524719238, -60.6808433533, 111.004302979, 3.09289360046, 0.395409464836, 59.3987846375, 19.857711792, -7.7763338089], [873.764099121, 107.374610901, 2.28115296364, 401.071014404, 76.093711853, 92.5389633179, -66.5847625732, 61.1825447083, 49.4452095032, -8.4792766571, 49.3137359619, -2.33793878555, -2.17630910873], [-59.6823768616, -51.3981742859, 77.7609634399, 76.093711853, 175.212539673, 43.5610542297, 1.57679605484, 27.0923786163, 36.5240821838, 26.1798114777, 18.9825344086, 26.0780830383, 1.81484699249], [168.454833984, -79.0406494141, 123.524719238, 92.5389633179, 43.5610542297, 206.037826538, 4.82377576828, 81.5583343506, 25.4625358582, 20.5739841461, 56.7063941956, -13.4981374741, 5.86677408218], [-62.7204437256, 65.0687561035, -60.6808433533, -66.5847625732, 1.57679605484, 4.82377576828, 205.580810547, -18.6119880676, 19.4236164093, 34.6503601074, -17.583820343, 7.96169948578, 31.5680332184], [31.5067405701, -90.16456604, 111.004302979, 61.1825447083, 27.0923786163, 81.5583343506, -18.6119880676, 153.543914795, 28.2497787476, -0.967007756233, 43.7137756348, 0.676805496216, 9.40027332306], [67.9718322754, 8.40572929382, 3.09289360046, 49.4452095032, 36.5240821838, 25.4625358582, 19.4236164093, 28.2497787476, 97.7371292114, 31.0461864471, -1.5625616312, 2.28584480286, -3.27242326736], [-26.4505615234, -27.3874378204, 0.395409464836, -8.4792766571, 26.1798114777, 20.5739841461, 34.6503601074, -0.967007756233, 31.0461864471, 95.7110671997, 17.306060791, 5.30398988724, -2.85909104347], [31.7068843842, -39.9098701477, 59.3987846375, 49.3137359619, 18.9825344086, 56.7063941956, -17.583820343, 43.7137756348, -1.5625616312, 17.306060791, 96.7624511719, 20.3340396881, 4.37747526169], [-74.4734420776, -7.52693271637, 19.857711792, -2.33793878555, 26.0780830383, -13.4981374741, 7.96169948578, 0.676805496216, 2.28584480286, 5.30398988724, 20.3340396881, 82.0568237305, 27.5656700134], [-37.7166023254, -17.1530590057, -7.7763338089, -2.17630910873, 1.81484699249, 5.86677408218, 31.5680332184, 9.40027332306, -3.27242326736, -2.85909104347, 4.37747526169, 27.5656700134, 78.522605896]]
        icov: [[0.000263971451204, -0.000127420993522, -1.12608304335e-005, -0.000631329894532, 0.000325079221511, -0.000106824612885, -7.09836531314e-005, 5.14040002599e-005, 9.50974354055e-005, -0.000119175216241, 0.000164073775522, 3.52947863576e-005, 8.12832440715e-005], [-0.000127420993522, 0.00210258970037, 0.000343299907399, -0.00073912035441, 0.000471227627713, 0.000556908431463, -0.00099291629158, 0.000824069080409, -0.000298871542327, 0.000757118919864, -1.0032328646e-005, -0.000295337318676, 0.000778988702223], [-1.12608304335e-005, 0.000343299907399, 0.00278449850157, 0.000673316069879, -0.000933858333156, -0.00126399670262, 0.000657856697217, -0.00118635070976, 0.00034384263563, 0.000420495314756, -0.000260090077063, -0.000800201669335, 0.000682627549395], [-0.000631329894532, -0.00073912035441, 0.000673316069879, 0.00574953388423, -0.00246572121978, -0.00132137688342, 0.00201628054492, -0.000821977853775, -0.00176629400812, 0.00117719674017, -0.00173671287484, 0.00043748295866, -0.000882658001501], [0.000325079221511, 0.000471227627713, -0.000933858333156, -0.00246572121978, 0.00826345849782, -0.000492356775794, -0.000714390247595, 0.000517896784004, -0.00139750889502, -0.00143051566556, 0.000950873654801, -0.00255574169569, 0.00090312800603], [-0.000106824612885, 0.000556908431463, -0.00126399670262, -0.00132137688342, -0.000492356775794, 0.00859100185335, -0.00148159265518, -0.00185712659732, -0.000427804858191, -0.000663739396259, -0.00314952922054, 0.00307149556465, -0.000848664029036], [-7.09836531314e-005, -0.00099291629158, 0.000657856697217, 0.00201628054492, -0.000714390247595, -0.00148159265518, 0.00704120844603, 1.70132188941e-005, -0.00108369393274, -0.00207274151035, 0.000956147385295, -2.15979580389e-005, -0.00300188735127], [5.14040002599e-005, 0.000824069080409, -0.00118635070976, -0.000821977853775, 0.000517896784004, -0.00185712659732, 1.70132188941e-005, 0.0105490470305, -0.0031582894735, 0.0019890575204, -0.00284899701364, 0.000931238173507, -0.00130577629898], [9.50974354055e-005, -0.000298871542327, 0.00034384263563, -0.00176629400812, -0.00139750889502, -0.000427804858191, -0.00108369393274, -0.0031582894735, 0.0144227063283, -0.00459270831198, 0.00349384802394, -0.00102492514998, 0.00144238385838], [-0.000119175216241, 0.000757118919864, 0.000420495314756, 0.00117719674017, -0.00143051566556, -0.000663739396259, -0.00207274151035, 0.0019890575204, -0.00459270831198, 0.0142536815256, -0.00382265588269, 0.000120706376038, 0.00135856750421], [0.000164073775522, -1.0032328646e-005, -0.000260090077063, -0.00173671287484, 0.000950873654801, -0.00314952922054, 0.000956147385295, -0.00284899701364, 0.00349384802394, -0.00382265588269, 0.016170701012, -0.00492349080741, 0.00100608100183], [3.52947863576e-005, -0.000295337318676, -0.000800201669335, 0.00043748295866, -0.00255574169569, 0.00307149556465, -2.15979580389e-005, 0.000931238173507, -0.00102492514998, 0.000120706376038, -0.00492349080741, 0.0170070752501, -0.00612214393914], [8.12832440715e-005, 0.000778988702223, 0.000682627549395, -0.000882658001501, 0.00090312800603, -0.000848664029036, -0.00300188735127, -0.00130577629898, 0.00144238385838, 0.00135856750421, 0.00100608100183, -0.00612214393914, 0.0165959168226]]
    sccoeffs:
        dmean: [0.0497591868043, 0.0456764437258, 0.0366146713495, 0.0307741332799, 0.02119345963, 0.0173990074545]
        dmean2: [0.0816624164581, 0.0756867527962, 0.0590682439506, 0.0504349134862, 0.0339995250106, 0.0276293382049]
        dvar: [0.0017977465177, 0.00141527096275, 0.000892937881872, 0.000652289600112, 0.000341375998687, 0.00027599427267]
        dvar2: [0.0047447886318, 0.00381133262999, 0.00220885616727, 0.00162431737408, 0.000775358406827, 0.0006086693611]
        max: [-0.313949942589, -0.417477965355, -0.357747942209, -0.449125170708, -0.52663654089, -0.61057472229]
        mean: [-0.679104447365, -0.738636672497, -0.736261129379, -0.766899228096, -0.772983729839, -0.747423827648]
        median: [-0.684452712536, -0.74243581295, -0.736365795135, -0.77513718605, -0.779103457928, -0.746157467365]
        min: [-0.976637601852, -0.996181845665, -0.996138811111, -0.98638522625, -0.987951934338, -0.964327454567]
        var: [0.00558735709637, 0.00496529927477, 0.00631198240444, 0.0037398901768, 0.00234857876785, 0.00180704134982]
    scvalleys:
        dmean: [0.404854565859, 0.34677785635, 0.296832352877, 0.250767230988, 0.204337626696, 0.252987682819]
        dmean2: [0.654220759869, 0.564830124378, 0.482796430588, 0.39668661356, 0.302874535322, 0.360562682152]
        dvar: [0.1507255584, 0.115036867559, 0.0834531709552, 0.0712878629565, 0.0710442736745, 0.116841159761]
        dvar2: [0.320816516876, 0.257053017616, 0.183854594827, 0.136624932289, 0.116131737828, 0.215361714363]
        max: [-5.11221456528, -4.73310756683, -5.3895483017, -5.75509214401, -5.62549543381, -7.5645403862]
        mean: [-7.27375793457, -6.69084453583, -7.17803525925, -7.18571615219, -6.8967294693, -9.98577690125]
        median: [-6.85088682175, -6.42118692398, -6.96946430206, -6.86625576019, -6.51886796951, -9.67272758484]
        min: [-27.7393302917, -27.7546691895, -27.741027832, -27.475276947, -27.49259758, -27.3142986298]
        var: [2.54984140396, 1.97612452507, 1.62800610065, 1.68707001209, 1.89073717594, 1.82999992371]

rhythm:
    beats_loudness:
        dmean: 0.00190307048615
        dmean2: 0.00337568554096
        dvar: 2.66948904937e-006
        dvar2: 7.65287950344e-006
        max: 0.0143784908578
        mean: 0.0060643395409
        median: 0.00612100679427
        min: 6.19437444047e-012
        var: 5.39472421224e-006
    bpm: 172.265365601
    bpm_confidence: 0
    first_peak_bpm: 172
    first_peak_spread: 0
    first_peak_weight: 0.498397439718
    onset_rate: 2.42368841171
    second_peak_bpm: 178
    second_peak_spread: 0
    second_peak_weight: 0.471153855324
    beats_loudness_band_ratio:
        dmean: [0.0954328775406, 0.0748419761658, 0.0650970935822, 0.0925544947386, 0.119264625013, 0.0838326886296]
        dmean2: [0.166474699974, 0.130653142929, 0.112741142511, 0.161218523979, 0.202983319759, 0.141109243035]
        dvar: [0.00738629559055, 0.00503219058737, 0.00485750287771, 0.00986606162041, 0.00992047227919, 0.00635465467349]
        dvar2: [0.0206360220909, 0.0139082642272, 0.0140409069136, 0.0260222330689, 0.0281269382685, 0.0177984479815]
        max: [0.550521433353, 0.557796359062, 0.517838001251, 0.955708265305, 0.849055588245, 0.939167976379]
        mean: [0.108576454222, 0.116245724261, 0.105768993497, 0.14145886898, 0.305677890778, 0.250511944294]
        median: [0.0805247277021, 0.0996421873569, 0.0828074887395, 0.104935899377, 0.289706319571, 0.241674512625]
        min: [0, 0, 0, 0, 0, 0]
        var: [0.00898020900786, 0.00647158222273, 0.00596368312836, 0.0140645448118, 0.0171168632805, 0.00975130964071]
    beats_position: [0.348299324512, 0.708208620548, 1.05650794506, 1.40480720997, 1.75310659409, 2.10140585899, 2.43809509277, 2.7863945961, 3.13469386101, 3.48299312592, 3.83129239082, 4.17959165573, 4.52789115906, 4.87619018555, 5.22448968887, 5.59600877762, 5.9675283432, 6.33904743195, 6.68734693527, 7.03564596176, 7.38394546509, 7.72063493729, 8.06893444061, 8.40562343597, 8.75392246246, 9.10222244263, 9.43891143799, 9.77560043335, 10.1239004135, 10.47219944, 10.8204984665, 11.1571884155, 11.505487442, 11.8421764374, 12.1788663864, 12.5155553818, 12.8522443771, 13.2005443573, 13.5372333527, 13.8855323792, 14.2338323593, 14.5821313858, 14.9188203812, 15.2555103302, 15.6038093567, 15.9404983521, 16.2771873474, 16.6138763428, 16.9505672455, 17.298866272, 17.6471652985, 17.995464325, 18.3437633514, 18.6920623779, 19.0287532806, 19.365442276, 19.7137413025, 20.0504302979, 20.3987293243, 20.7354183197, 21.0837192535, 21.43201828, 21.7803173065, 22.1170063019, 22.4536952972, 22.8019943237, 23.1502952576, 23.4985942841, 23.8468933105, 24.195192337, 24.5318813324, 24.8685703278, 25.2052612305, 25.5419502258, 25.8786392212, 26.2153282166, 26.563627243, 26.9119262695, 27.2486171722, 27.5853061676, 27.9336051941, 28.2819042206, 28.6185932159, 28.9552822113, 29.3035831451, 29.6518821716, 29.988571167, 30.3252601624, 30.6735591888, 31.0218582153, 31.358549118, 31.6952381134, 32.0319252014, 32.3802261353, 32.7285270691, 33.0652160645, 33.4135131836, 33.7618141174, 34.0985031128, 34.4351921082, 34.783493042, 35.1317901611, 35.4684791565, 35.8051681519, 36.1534690857, 36.5017662048, 36.8384590149, 37.1751480103, 37.5234451294, 37.8717460632, 38.2084350586, 38.545124054, 38.8934249878, 39.2417221069, 39.5784111023, 39.9151000977, 40.2634010315, 40.6116981506, 40.9483909607, 41.2850799561, 41.6333770752, 41.981678009, 42.3183670044, 42.6550559998, 43.0033569336, 43.3516540527, 43.6883430481, 44.0250320435, 44.3733329773, 44.7216300964, 45.0583229065, 45.3950119019, 45.743309021, 46.0916099548, 46.4282989502, 46.7649879456, 47.1016769409, 47.4383659363, 47.7866668701, 48.1349639893, 48.4832649231, 48.8315620422, 49.1798629761, 49.5281639099, 49.8648529053, 50.2015419006, 50.5498390198, 50.8865280151, 51.2232208252, 51.5715179443, 51.9198188782, 52.2681159973, 52.6048049927, 52.9531059265, 53.2897949219, 53.6380958557, 53.9747848511, 54.3114738464, 54.6597709656, 55.0080718994, 55.3447608948, 55.6814498901, 56.029750824, 56.3664398193, 56.7031288147, 57.0514259338, 57.3997268677, 57.7480278015, 58.0847167969, 58.4214057922, 58.7580947876, 59.094783783, 59.4430847168, 59.7797737122, 60.1164627075, 60.4647598267, 60.8130607605, 61.1497497559, 61.498046875, 61.8347396851, 62.1830368042, 62.531337738, 62.8680267334, 63.2163238525, 63.5530128479, 63.889705658, 64.2263946533, 64.5746917725, 64.9229888916, 65.2596817017, 65.5963668823, 65.9446716309, 66.2813568115, 66.6180496216, 66.9663467407, 67.3146438599, 67.6513366699, 67.98802948, 68.3363265991, 68.6846237183, 69.0329208374, 69.3696136475, 69.7062988281, 70.0546035767, 70.3912887573, 70.7395935059, 71.0762786865, 71.4245758057, 71.7728805542, 72.1211776733, 72.4694747925, 72.8061676025, 73.1428527832, 73.4795455933, 73.8162307739, 74.1645355225, 74.5128326416, 74.8611297607, 75.1978225708, 75.5345077515, 75.8712005615, 76.2078933716, 76.5561904907, 76.9044876099, 77.252784729, 77.6010894775, 77.9377746582, 78.2744674683, 78.6227645874, 78.9710617065, 79.3077545166, 79.6444396973, 79.9927444458, 80.3410415649, 80.677734375, 81.0144195557, 81.3627166748, 81.6994094849, 82.0360946655, 82.3843994141, 82.7326965332, 83.0809936523, 83.4292984009, 83.7659835815, 84.1026763916, 84.4509735107, 84.7992706299, 85.1359634399, 85.4842605591, 85.8209533691, 86.1692504883, 86.5175476074, 86.8542404175, 87.1909255981, 87.5392303467, 87.8759155273, 88.2126083374, 88.5609054565, 88.9092025757, 89.2458953857, 89.5825805664, 89.9308853149, 90.2791824341, 90.6158676147, 90.9525604248, 91.3008575439, 91.6491622925, 91.9974594116, 92.3457565308, 92.6824493408, 93.0191345215, 93.3558273315, 93.6925125122, 94.0408172607, 94.3891143799, 94.7257995605, 95.0624923706, 95.4107894897, 95.7590942383, 96.0957794189, 96.4440765381, 96.7807693481, 97.1290664673, 97.4773712158, 97.8140563965, 98.1507492065, 98.4990463257, 98.8357315063, 99.1724243164, 99.5207214355, 99.8690261841, 100.205711365, 100.542404175, 100.890701294, 101.238998413, 101.575691223, 101.912376404, 102.260681152, 102.608978271, 102.957275391, 103.305580139, 103.64226532, 103.97895813, 104.315643311, 104.652336121, 105.00063324, 105.348930359, 105.697235107, 106.033920288, 106.370613098, 106.718910217, 107.055595398, 107.403900146, 107.740585327, 108.088890076, 108.437187195, 108.773872375, 109.110565186, 109.458862305, 109.795555115, 110.132240295, 110.480545044, 110.828842163, 111.177139282, 111.513832092, 111.850517273, 112.198822021, 112.547119141, 112.883804321, 113.220497131, 113.56879425, 113.905487061, 114.242172241, 114.59047699, 114.950386047, 115.298683167, 115.635368347, 115.972061157, 116.308753967, 116.657051086, 117.005348206, 117.342041016, 117.678726196, 118.027030945, 118.363716125, 118.700408936, 119.037094116, 119.385391235, 119.733695984, 120.070381165, 120.418685913, 120.766983032, 121.103668213, 121.440361023, 121.777046204, 122.125350952, 122.473648071, 122.810340881, 123.147026062, 123.483718872, 123.832015991, 124.18031311, 124.528617859, 124.876914978, 125.213600159, 125.561904907, 125.898590088, 126.246894836, 126.583580017, 126.920272827, 127.256958008, 127.605255127, 127.941947937, 128.290252686, 128.638549805, 128.986846924, 129.323532104, 129.671829224, 130.020126343, 130.356826782, 130.693511963, 131.041809082, 131.378494263, 131.726806641, 132.07510376, 132.41178894, 132.76008606, 133.09677124, 133.43347168, 133.77015686, 134.118453979, 134.466751099, 134.803451538, 135.140136719, 135.488433838, 135.836730957, 136.173416138, 136.510116577, 136.846801758, 137.195098877, 137.531784058, 137.880081177, 138.228393555, 138.576690674, 138.924987793, 139.261672974, 139.598358154, 139.946670532, 140.283355713, 140.620040894, 140.968338013, 141.316635132, 141.66494751, 142.00163269, 142.338317871, 142.68661499, 143.02331543, 143.36000061, 143.708297729, 144.056594849, 144.393280029, 144.729980469, 145.066665649, 145.40335083, 145.751647949, 146.099945068, 146.448257446, 146.796554565, 147.144851685, 147.481536865, 147.829833984, 148.166534424, 148.503219604, 148.839904785, 149.188201904, 149.536499023, 149.884811401, 150.221496582, 150.558181763, 150.906478882, 151.243179321, 151.59147644, 151.93977356, 152.288070679, 152.624755859, 152.973052979, 153.321365356, 153.681274414, 154.017959595, 154.354644775, 154.691329956, 155.016418457, 155.353103638, 155.689788818, 156.026489258, 156.363174438, 156.711471558, 157.059768677, 157.408065796, 157.756362915, 158.093063354, 158.441360474, 158.778045654, 159.126342773, 159.474639893, 159.822952271, 160.159637451, 160.496322632, 160.833007813, 161.169708252, 161.518005371, 161.86630249, 162.202987671, 162.539672852, 162.887985229, 163.22467041, 163.561355591, 163.898040771, 164.234741211, 164.58303833, 164.931335449, 165.26802063, 165.616317749, 165.953018188, 166.301315308, 166.62638855, 166.96307373, 167.29977417, 167.636459351, 167.996368408, 168.344665527, 168.692962646, 169.041259766, 169.389572144, 169.737869263, 170.086166382, 170.434463501, 170.78276062, 171.119445801, 171.45614624, 171.792831421, 172.129516602, 172.477813721, 172.826126099, 173.174423218, 173.511108398, 173.847793579, 174.184494019, 174.521179199, 174.869476318, 175.217773438, 175.566070557, 175.914367676, 176.262680054, 176.599365234, 176.936050415, 177.272735596, 177.621032715, 177.957733154, 178.306030273, 178.654327393, 178.991012573, 179.339309692, 179.676010132, 180.024307251, 180.360992432, 180.709289551, 181.04598999, 181.382675171, 181.719360352, 182.067657471, 182.41595459, 182.752655029, 183.08934021, 183.437637329, 183.785934448, 184.122619629, 184.459320068, 184.807617188, 185.155914307, 185.492599487, 185.829299927, 186.177597046, 186.525894165, 186.874191284, 187.222488403, 187.559173584, 187.895874023, 188.232559204, 188.580856323, 188.917541504, 189.265853882, 189.614151001, 189.96244812, 190.299133301, 190.635818481, 190.984130859, 191.32081604, 191.657501221, 192.00579834, 192.354095459, 192.702392578, 193.050704956, 193.387390137, 193.724075317, 194.060760498, 194.397460938, 194.745758057, 195.094055176, 195.442352295, 195.779037476, 196.115737915, 196.464035034, 196.812332153, 197.160629272, 197.508926392, 197.845626831, 198.182312012, 198.518997192, 198.855682373, 199.192382813, 199.540679932, 199.877365112, 200.225662231, 200.573959351, 200.92225647, 201.258956909, 201.59564209, 201.943939209, 202.292236328, 202.628936768, 202.965621948, 203.313919067, 203.662216187, 203.998901367, 204.335601807, 204.683898926, 205.020584106, 205.357269287, 205.705581665, 206.053878784, 206.402175903, 206.738861084, 207.075546265, 207.423858643, 207.772155762, 208.108840942, 208.445526123, 208.793823242, 209.142120361, 209.478820801, 209.815505981, 210.163803101, 210.51210022, 210.860397339, 211.220306396, 211.580215454, 211.95173645, 212.323257446, 212.694778442, 213.0546875, 213.426208496, 213.786117554, 214.146026611, 214.517547607]
