
metadata:
    version:
        essentia: "2.1-beta2"
    audio_properties:
        analysis_sample_rate: 44100
        bitrate: 192
        channels: 2
        equal_loudness: 1
        length: 220.395095825
        replay_gain: -10.8583011627
        downmix: "mix"
    tags:
        album: "Fallen"
        artist: "Evanescence"
        comment: "                          "
        date: "2020"
        genre: "Autres"
        title: "hello"
        tracknumber: "9"

configuration:
    average_loudness:
        compute: 1
        frameSize: 88200
        hopSize: 44100
        silentFrames: "noise"
        windowType: "hann"
    general:
        analysisSampleRate: 44100
        endTime: 2000
        equalLoudness: 1
        nequalLoudness: 0
        shortSound: 0
        startTime: 0
    lowlevel:
        compute: 1
        frameSize: 2048
        hopSize: 1024
        zeroPadding: 0
        silentFrames: "noise"
        windowType: "blackmanharris62"
        mfccStats: ["mean", "cov", "icov"]
        stats: ["mean", "var", "median", "min", "max", "dmean", "dmean2", "dvar", "dvar2"]
    panning:
        compute: 0
        frameSize: 8192
        hopSize: 2048
        zeroPadding: 8192
        silentFrames: "noise"
        windowType: "hann"
        stats: ["copy"]
    rhythm:
        compute: 1
        maxTempo: 208
        minTempo: 40
        method: "degara"
        stats: ["mean", "var", "median", "min", "max", "dmean", "dmean2", "dvar", "dvar2"]
    segmentation:
        compute: 0
        cpw: 5
        inc1: 300
        inc2: 50
        minimumSegmentsLength: 10
        size1: 1000
        size2: 600
    sfx:
        compute: 1
        stats: ["mean", "var", "median", "min", "max", "dmean", "dmean2", "dvar", "dvar2"]
    svm:
        compute: 0
    tonal:
        compute: 1
        frameSize: 4096
        hopSize: 2048
        zeroPadding: 0
        silentFrames: "noise"
        windowType: "blackmanharris62"
        stats: ["mean", "var", "median", "min", "max", "dmean", "dmean2", "dvar", "dvar2"]

lowlevel:
    average_loudness: 0.195698231459
    barkbands_kurtosis:
        dmean: 0.930722475052
        dmean2: 1.42706513405
        dvar: 2.61309742928
        dvar2: 6.07842063904
        max: 64.4008255005
        mean: 1.54909276962
        median: 0.501154184341
        min: -1.86144816875
        var: 12.1939182281
    barkbands_skewness:
        dmean: 0.280604302883
        dmean2: 0.411942332983
        dvar: 0.106799505651
        dvar2: 0.226224854589
        max: 7.43519020081
        mean: 0.881047964096
        median: 0.876758277416
        min: -4.13881254196
        var: 1.02925777435
    barkbands_spread:
        dmean: 2.12604188919
        dmean2: 3.19457983971
        dvar: 8.77658367157
        dvar2: 18.920583725
        max: 63.8670959473
        mean: 14.3281517029
        median: 12.3181247711
        min: 1.52549564838
        var: 61.4275398254
    dissonance:
        dmean: 0.0248657502234
        dmean2: 0.0422687008977
        dvar: 0.000648856803309
        dvar2: 0.00182811240666
        max: 0.500000059605
        mean: 0.431085646152
        median: 0.436494082212
        min: 0.163947254419
        var: 0.00173689681105
    hfc:
        dmean: 0.649390876293
        dmean2: 0.866301298141
        dvar: 3.36852955818
        dvar2: 5.75059604645
        max: 66.1367263794
        mean: 3.51666522026
        median: 1.01605057716
        min: 1.15741917105e-016
        var: 45.5077667236
    pitch:
        dmean: 55.9840316772
        dmean2: 105.606750488
        dvar: 120516.570313
        dvar2: 284562.90625
        max: 6118.06396484
        mean: 343.140686035
        median: 277.561523438
        min: 55.2296638489
        var: 260246.96875
    pitch_instantaneous_confidence:
        dmean: 0.0474477596581
        dmean2: 0.071686245501
        dvar: 0.00384131656028
        dvar2: 0.00811456516385
        max: 0.985394656658
        mean: 0.689524531364
        median: 0.718962013721
        min: 0.123618304729
        var: 0.0350647233427
    pitch_salience:
        dmean: 0.0424809828401
        dmean2: 0.0652076676488
        dvar: 0.00180623284541
        dvar2: 0.00420555379242
        max: 0.931831359863
        mean: 0.566456139088
        median: 0.578251242638
        min: 0.0834257155657
        var: 0.0127808349207
    silence_rate_20dB:
        dmean: 0
        dmean2: 0
        dvar: 0
        dvar2: 0
        max: 1
        mean: 1
        median: 1
        min: 1
        var: 0
    silence_rate_30dB:
        dmean: 0
        dmean2: 0
        dvar: 0
        dvar2: 0
        max: 1
        mean: 1
        median: 1
        min: 1
        var: 0
    silence_rate_60dB:
        dmean: 0.0278128944337
        dmean2: 0.0556316524744
        dvar: 0.0270394682884
        dvar2: 0.0569621175528
        max: 1
        mean: 0.77256923914
        median: 1
        min: 0
        var: 0.1757145226
    spectral_centroid:
        dmean: 109.560417175
        dmean2: 158.703643799
        dvar: 44624.5429688
        dvar2: 75187.21875
        max: 11197.0878906
        mean: 1014.92224121
        median: 826.008483887
        min: 277.900054932
        var: 393946.15625
    spectral_complexity:
        dmean: 0.870627880096
        dmean2: 1.41586768627
        dvar: 1.45031988621
        dvar2: 2.96762275696
        max: 35
        mean: 5.33614253998
        median: 5
        min: 0
        var: 17.5892372131
    spectral_crest:
        dmean: 1.66253876686
        dmean2: 2.57075548172
        dvar: 2.86853551865
        dvar2: 7.04274368286
        max: 25.421339035
        mean: 10.5604867935
        median: 9.87536334991
        min: 2.79572939873
        var: 15.7556028366
    spectral_decrease:
        dmean: 9.39312724824e-011
        dmean2: 1.2865875032e-010
        dvar: 2.89453566917e-020
        dvar2: 5.12116984572e-020
        max: -5.06527023306e-030
        mean: -5.63411040044e-010
        median: -3.20574095047e-010
        min: -4.93099872045e-009
        var: 4.39189323187e-019
    spectral_energy:
        dmean: 0.000407340296078
        dmean2: 0.000554411381017
        dvar: 6.08330026353e-007
        dvar2: 1.05912863546e-006
        max: 0.0234112758189
        mean: 0.00244541070424
        median: 0.00132081739139
        min: 1.05172436361e-020
        var: 9.37471031648e-006
    spectral_energyband_high:
        dmean: 4.98839726788e-005
        dmean2: 7.14507768862e-005
        dvar: 4.94945915364e-008
        dvar2: 1.01145452902e-007
        max: 0.0092863496393
        mean: 0.000129868625663
        median: 5.76807633479e-006
        min: 7.86471532629e-021
        var: 2.57572736473e-007
    spectral_energyband_low:
        dmean: 8.04450337455e-006
        dmean2: 1.18551843116e-005
        dvar: 4.29485974562e-010
        dvar2: 1.06116937459e-009
        max: 0.00124158977997
        mean: 4.38368879259e-005
        median: 9.09827213036e-006
        min: 2.66139770643e-023
        var: 1.21449224011e-008
    spectral_energyband_middle_high:
        dmean: 0.000237415370066
        dmean2: 0.000318303442327
        dvar: 3.88428475162e-007
        dvar2: 6.8819781518e-007
        max: 0.0185055304319
        mean: 0.00124250235967
        median: 0.000335937511409
        min: 1.45579425724e-021
        var: 5.34484343007e-006
    spectral_energyband_middle_low:
        dmean: 0.000228067394346
        dmean2: 0.000324715656461
        dvar: 1.22954304516e-007
        dvar2: 2.53907955994e-007
        max: 0.00862544123083
        mean: 0.00106535188388
        median: 0.000733514199965
        min: 3.74281430478e-022
        var: 1.18882667266e-006
    spectral_flatness_db:
        dmean: 0.0145418010652
        dmean2: 0.0232112035155
        dvar: 0.000195588014321
        dvar2: 0.000459386501461
        max: 0.404441773891
        mean: 0.255966633558
        median: 0.259030491114
        min: 0.0714476779103
        var: 0.00246607908048
    spectral_flux:
        dmean: 0.00467926077545
        dmean2: 0.00747916754335
        dvar: 5.73784636799e-005
        dvar2: 0.000134758302011
        max: 0.136426925659
        mean: 0.0144052840769
        median: 0.0106817958876
        min: 6.90112897384e-011
        var: 0.00021418412507
    spectral_kurtosis:
        dmean: 6.81773948669
        dmean2: 11.8804674149
        dvar: 110.501029968
        dvar2: 332.814727783
        max: 131.206314087
        mean: 18.4498920441
        median: 10.3948488235
        min: -1.22300612926
        var: 367.140838623
    spectral_rms:
        dmean: 0.000118392883451
        dmean2: 0.000161991250934
        dvar: 2.63730619565e-008
        dvar2: 4.37578648871e-008
        max: 0.00477914931253
        mean: 0.0012919974979
        median: 0.0011351662688
        min: 3.20323672101e-012
        var: 7.16511635801e-007
    spectral_rolloff:
        dmean: 224.548095703
        dmean2: 374.39654541
        dvar: 209705.40625
        dvar2: 429722.3125
        max: 18540.0878906
        mean: 1701.25305176
        median: 1248.92578125
        min: 215.33203125
        var: 1250498
    spectral_skewness:
        dmean: 0.487047731876
        dmean2: 0.832279860973
        dvar: 0.385440140963
        dvar2: 1.16047537327
        max: 8.82547855377
        mean: 2.76969981194
        median: 2.45611524582
        min: -0.385671585798
        var: 1.5141261816
    spectral_spread:
        dmean: 311827.5
        dmean2: 478070.28125
        dvar: 348539518976
        dvar2: 577252556800
        max: 40877888
        mean: 3275919.25
        median: 2883509
        min: 573151
        var: 4.51273346253e+012
    spectral_strongpeak:
        dmean: 0.253374695778
        dmean2: 0.418364346027
        dvar: 0.3843126297
        dvar2: 0.933025956154
        max: 15.5976858139
        mean: 0.819956541061
        median: 0.345445215702
        min: 2.11234363334e-009
        var: 2.13574719429
    zerocrossingrate:
        dmean: 0.00541548756883
        dmean2: 0.00618235766888
        dvar: 6.91281820764e-005
        dvar2: 5.81155509281e-005
        max: 0.50048828125
        mean: 0.0557606592774
        median: 0.046875
        min: 0.01220703125
        var: 0.000995215261355
    barkbands:
        dmean: [4.82954121139e-010, 2.15359293065e-007, 4.37778635387e-006, 8.14506893221e-006, 8.29990603961e-005, 5.04783201905e-005, 2.46431318374e-005, 0.000107413092337, 3.52384704456e-005, 3.48022585968e-005, 3.62147511623e-005, 6.28605776001e-005, 2.59887892753e-005, 3.56489581463e-005, 4.2116305849e-005, 4.56889829366e-005, 2.57902847807e-005, 4.74886073789e-005, 4.01830220653e-005, 5.54840189579e-005, 1.45590574903e-005, 1.35172842874e-006, 9.07277069473e-007, 8.10938558971e-007, 4.6984337132e-007, 1.18969829543e-008, 1.60424062923e-010]
        dmean2: [8.88507434293e-010, 3.42752883853e-007, 6.37213543087e-006, 1.20330614664e-005, 0.000129780644784, 6.97153736837e-005, 3.3229462133e-005, 0.000151961910888, 4.82338982692e-005, 4.58414324385e-005, 5.06368196511e-005, 8.32076184452e-005, 3.61890051863e-005, 4.99332927575e-005, 6.01687388553e-005, 6.50277288514e-005, 3.69555309589e-005, 6.60832738504e-005, 5.8283614635e-005, 7.96969470684e-005, 2.25003805099e-005, 1.96889413928e-006, 1.27371515646e-006, 1.18620505418e-006, 7.22316769952e-007, 1.79232007014e-008, 2.71886152481e-010]
        dvar: [6.31748180995e-019, 3.62898865689e-013, 1.82910048219e-010, 3.25068916229e-010, 2.35567299001e-008, 1.30499344664e-008, 4.43114167581e-009, 5.69821239083e-008, 1.86682118652e-008, 2.08699439952e-008, 4.94319465361e-008, 4.39019878229e-008, 1.56802304474e-008, 3.70399320104e-008, 5.56339401214e-008, 4.43102408099e-008, 1.75242291789e-008, 5.29274117866e-008, 3.24172155786e-008, 5.2319879984e-008, 6.62482069202e-009, 1.94439880863e-010, 6.32886798524e-011, 3.25940628654e-011, 1.49762424684e-011, 8.81305340256e-015, 2.5262793841e-019]
        dvar2: [2.02685885291e-018, 8.56670691416e-013, 4.93230400966e-010, 7.86303244737e-010, 5.95744964471e-008, 2.07276826814e-008, 9.22526677272e-009, 1.20449570318e-007, 3.32355973853e-008, 3.64421062216e-008, 9.05785313421e-008, 8.26306134627e-008, 2.8656222284e-008, 7.23120834323e-008, 9.86692683114e-008, 8.04113113873e-008, 3.35301173493e-008, 1.04009551194e-007, 6.45891518047e-008, 9.80074545964e-008, 1.62295741291e-008, 3.94566407325e-010, 1.1475801559e-010, 6.58882809423e-011, 3.43677170056e-011, 1.71752396376e-014, 5.34525611097e-019]
        max: [1.18356755507e-008, 1.66492627613e-005, 0.000693445850629, 0.000687018036842, 0.00356677221134, 0.00374670932069, 0.00246437592432, 0.00693457107991, 0.00823645945638, 0.00674376031384, 0.0129567626864, 0.00764725543559, 0.00725135905668, 0.00753485271707, 0.0114306584001, 0.0131286978722, 0.00790697988123, 0.010995009914, 0.00645844265819, 0.00975000858307, 0.0030125209596, 0.000579501851462, 0.000463980453787, 0.000202783092391, 0.000142634045915, 3.89651768273e-006, 1.57898565334e-008]
        mean: [4.27585383767e-010, 6.49917183182e-007, 2.41822999669e-005, 3.06591427943e-005, 0.000283031782601, 0.000173756183358, 8.82798849489e-005, 0.000359846075298, 0.000100695629953, 0.00011973635992, 9.25187123357e-005, 0.000229844154092, 6.87464635121e-005, 8.77482598298e-005, 9.3536618806e-005, 0.000153045766638, 7.77035893407e-005, 0.000129049367388, 0.000125046746689, 0.000169117323821, 3.16757977998e-005, 2.316039172e-006, 1.67225937275e-006, 1.63672359577e-006, 8.98951213912e-007, 2.36874821979e-008, 2.05738537318e-010]
        median: [1.33414918002e-010, 1.22296199834e-007, 3.56027067028e-006, 1.01332534541e-005, 8.77899292391e-005, 5.03531118738e-005, 1.77337969944e-005, 0.000132669112645, 1.69168906723e-005, 2.41902944254e-005, 1.33872154038e-005, 4.4866475946e-005, 1.82025160029e-005, 9.52983737079e-006, 8.41146811581e-006, 8.60370982991e-006, 7.70022870711e-006, 1.06232573671e-005, 5.6171415963e-006, 6.64685012453e-006, 1.42603676068e-006, 4.71759946663e-008, 5.36016990793e-008, 7.09081575678e-008, 3.66498902338e-008, 7.62761187545e-010, 3.08353481637e-011]
        min: [3.14123150282e-024, 4.44869272257e-024, 8.88169500174e-024, 9.93712383975e-024, 3.80585565071e-023, 6.63409933186e-023, 4.47134628342e-023, 1.27284587702e-022, 2.3223967231e-023, 4.83410302405e-023, 5.43580888832e-023, 1.09306965165e-022, 8.00011233235e-023, 9.20710422722e-023, 7.96875164038e-023, 9.3226073477e-023, 1.56267135411e-022, 1.55710830701e-022, 1.82516816509e-022, 2.6764826202e-022, 3.89392016942e-022, 4.4061206132e-022, 5.51203443499e-022, 9.86672283179e-022, 1.22729550849e-021, 1.47104206764e-021, 2.37941189114e-021]
        var: [5.73967960847e-019, 1.53334484866e-012, 3.76575792771e-009, 3.6758776023e-009, 1.76694697984e-007, 1.0907132264e-007, 3.63341570164e-008, 3.77733670121e-007, 1.32178612944e-007, 1.82662830639e-007, 1.4962100181e-007, 3.53641752326e-007, 6.92696531246e-008, 1.47107058979e-007, 2.32165035641e-007, 5.36168670351e-007, 1.39081421935e-007, 2.6344164894e-007, 1.88346135133e-007, 3.75859002588e-007, 1.53006318726e-008, 5.2600257483e-010, 1.99784466748e-010, 8.54322515509e-011, 4.08616231129e-011, 2.51743036952e-014, 6.43956022668e-019]
    frequency_bands:
        dmean: [4.82954121139e-010, 2.15359293065e-007, 4.37778635387e-006, 8.14506893221e-006, 8.29990603961e-005, 5.04783201905e-005, 2.46431318374e-005, 0.000107413092337, 3.52384704456e-005, 3.48022585968e-005, 3.62147511623e-005, 6.28605776001e-005, 2.59887892753e-005, 3.56489581463e-005, 4.2116305849e-005, 4.56889829366e-005, 2.57902847807e-005, 4.74886073789e-005, 4.01830220653e-005, 5.54840189579e-005, 1.45590574903e-005, 1.35172842874e-006, 9.07277069473e-007, 8.10938558971e-007, 4.6984337132e-007, 1.18969829543e-008, 1.60424062923e-010, 2.86065580946e-011]
        dmean2: [8.88507434293e-010, 3.42752883853e-007, 6.37213543087e-006, 1.20330614664e-005, 0.000129780644784, 6.97153736837e-005, 3.3229462133e-005, 0.000151961910888, 4.82338982692e-005, 4.58414324385e-005, 5.06368196511e-005, 8.32076184452e-005, 3.61890051863e-005, 4.99332927575e-005, 6.01687388553e-005, 6.50277288514e-005, 3.69555309589e-005, 6.60832738504e-005, 5.8283614635e-005, 7.96969470684e-005, 2.25003805099e-005, 1.96889413928e-006, 1.27371515646e-006, 1.18620505418e-006, 7.22316769952e-007, 1.79232007014e-008, 2.71886152481e-010, 5.34301561328e-011]
        dvar: [6.31748180995e-019, 3.62898865689e-013, 1.82910048219e-010, 3.25068916229e-010, 2.35567299001e-008, 1.30499344664e-008, 4.43114167581e-009, 5.69821239083e-008, 1.86682118652e-008, 2.08699439952e-008, 4.94319465361e-008, 4.39019878229e-008, 1.56802304474e-008, 3.70399320104e-008, 5.56339401214e-008, 4.43102408099e-008, 1.75242291789e-008, 5.29274117866e-008, 3.24172155786e-008, 5.2319879984e-008, 6.62482069202e-009, 1.94439880863e-010, 6.32886798524e-011, 3.25940628654e-011, 1.49762424684e-011, 8.81305340256e-015, 2.5262793841e-019, 4.58922550343e-021]
        dvar2: [2.02685885291e-018, 8.56670691416e-013, 4.93230400966e-010, 7.86303244737e-010, 5.95744964471e-008, 2.07276826814e-008, 9.22526677272e-009, 1.20449570318e-007, 3.32355973853e-008, 3.64421062216e-008, 9.05785313421e-008, 8.26306134627e-008, 2.8656222284e-008, 7.23120834323e-008, 9.86692683114e-008, 8.04113113873e-008, 3.35301173493e-008, 1.04009551194e-007, 6.45891518047e-008, 9.80074545964e-008, 1.62295741291e-008, 3.94566407325e-010, 1.1475801559e-010, 6.58882809423e-011, 3.43677170056e-011, 1.71752396376e-014, 5.34525611097e-019, 1.50513218805e-020]
        max: [1.18356755507e-008, 1.66492627613e-005, 0.000693445850629, 0.000687018036842, 0.00356677221134, 0.00374670932069, 0.00246437592432, 0.00693457107991, 0.00823645945638, 0.00674376031384, 0.0129567626864, 0.00764725543559, 0.00725135905668, 0.00753485271707, 0.0114306584001, 0.0131286978722, 0.00790697988123, 0.010995009914, 0.00645844265819, 0.00975000858307, 0.0030125209596, 0.000579501851462, 0.000463980453787, 0.000202783092391, 0.000142634045915, 3.89651768273e-006, 1.57898565334e-008, 1.57416091273e-009]
        mean: [4.27585383767e-010, 6.49917183182e-007, 2.41822999669e-005, 3.06591427943e-005, 0.000283031782601, 0.000173756183358, 8.82798849489e-005, 0.000359846075298, 0.000100695629953, 0.00011973635992, 9.25187123357e-005, 0.000229844154092, 6.87464635121e-005, 8.77482598298e-005, 9.3536618806e-005, 0.000153045766638, 7.77035893407e-005, 0.000129049367388, 0.000125046746689, 0.000169117323821, 3.16757977998e-005, 2.316039172e-006, 1.67225937275e-006, 1.63672359577e-006, 8.98951213912e-007, 2.36874821979e-008, 2.05738537318e-010, 2.20352954633e-011]
        median: [1.33414918002e-010, 1.22296199834e-007, 3.56027067028e-006, 1.01332534541e-005, 8.77899292391e-005, 5.03531118738e-005, 1.77337969944e-005, 0.000132669112645, 1.69168906723e-005, 2.41902944254e-005, 1.33872154038e-005, 4.4866475946e-005, 1.82025160029e-005, 9.52983737079e-006, 8.41146811581e-006, 8.60370982991e-006, 7.70022870711e-006, 1.06232573671e-005, 5.6171415963e-006, 6.64685012453e-006, 1.42603676068e-006, 4.71759946663e-008, 5.36016990793e-008, 7.09081575678e-008, 3.66498902338e-008, 7.62761187545e-010, 3.08353481637e-011, 4.16569426523e-012]
        min: [3.14123150282e-024, 4.44869272257e-024, 8.88169500174e-024, 9.93712383975e-024, 3.80585565071e-023, 6.63409933186e-023, 4.47134628342e-023, 1.27284587702e-022, 2.3223967231e-023, 4.83410302405e-023, 5.43580888832e-023, 1.09306965165e-022, 8.00011233235e-023, 9.20710422722e-023, 7.96875164038e-023, 9.3226073477e-023, 1.56267135411e-022, 1.55710830701e-022, 1.82516816509e-022, 2.6764826202e-022, 3.89392016942e-022, 4.4061206132e-022, 5.51203443499e-022, 9.86672283179e-022, 1.22729550849e-021, 1.47104206764e-021, 2.37941189114e-021, 5.86478223468e-022]
        var: [5.73967960847e-019, 1.53334484866e-012, 3.76575792771e-009, 3.6758776023e-009, 1.76694697984e-007, 1.0907132264e-007, 3.63341570164e-008, 3.77733670121e-007, 1.32178612944e-007, 1.82662830639e-007, 1.4962100181e-007, 3.53641752326e-007, 6.92696531246e-008, 1.47107058979e-007, 2.32165035641e-007, 5.36168670351e-007, 1.39081421935e-007, 2.6344164894e-007, 1.88346135133e-007, 3.75859002588e-007, 1.53006318726e-008, 5.2600257483e-010, 1.99784466748e-010, 8.54322515509e-011, 4.08616231129e-011, 2.51743036952e-014, 6.43956022668e-019, 3.30069580943e-021]
    mfcc:
        mean: [-842.807128906, 140.313552856, -50.7187080383, -0.0473908260465, -12.6957817078, -34.2437705994, 0.547544360161, -18.6664505005, -20.4709072113, -7.14833211899, -20.2468509674, -3.15234208107, -7.05564689636]
        cov: [[7836.16503906, 1093.66345215, -1866.89038086, 808.360900879, -236.191452026, -787.468200684, 600.167907715, -617.359680176, -269.705383301, 474.262054443, -514.843994141, 148.389694214, -109.206230164], [1093.66345215, 1788.57653809, -246.894180298, -322.713867188, 134.584091187, -84.5511856079, -47.9471321106, 30.2083129883, -140.402633667, -54.9404907227, 28.0979671478, -50.5043830872, -6.19124174118], [-1866.89038086, -246.894180298, 1271.49365234, -279.370941162, 1.56985557079, 353.17565918, -172.528793335, 126.32775116, -22.1162929535, -178.626083374, 67.1614074707, 10.0979137421, -18.4896125793], [808.360900879, -322.713867188, -279.370941162, 518.891845703, -8.17570018768, -111.010559082, 152.205673218, -86.1526641846, 55.3463821411, 118.799819946, -103.907234192, 57.2557296753, 22.9181690216], [-236.191452026, 134.584091187, 1.56985557079, -8.17570018768, 293.289611816, 59.4071464539, -92.4438247681, 70.1353607178, 72.8173294067, -38.4976959229, 41.8687324524, 11.5437479019, 17.4630775452], [-787.468200684, -84.5511856079, 353.17565918, -111.010559082, 59.4071464539, 315.484710693, -13.877281189, 85.6359710693, 47.7910079956, -63.0987625122, 89.7343292236, -35.3271255493, 12.5586013794], [600.167907715, -47.9471321106, -172.528793335, 152.205673218, -92.4438247681, -13.877281189, 314.8309021, -62.5984268188, -25.0261497498, 126.541007996, -37.6537628174, 25.7270565033, 6.78704452515], [-617.359680176, 30.2083129883, 126.32775116, -86.1526641846, 70.1353607178, 85.6359710693, -62.5984268188, 211.965072632, 64.944229126, -43.7881736755, 85.6867370605, -25.4248065948, 29.4950027466], [-269.705383301, -140.402633667, -22.1162929535, 55.3463821411, 72.8173294067, 47.7910079956, -25.0261497498, 64.944229126, 182.916976929, -9.08934783936, 31.9049434662, 21.7596206665, 14.7355747223], [474.262054443, -54.9404907227, -178.626083374, 118.799819946, -38.4976959229, -63.0987625122, 126.541007996, -43.7881736755, -9.08934783936, 199.691146851, -18.4221820831, -9.3985786438, 2.22729945183], [-514.843994141, 28.0979671478, 67.1614074707, -103.907234192, 41.8687324524, 89.7343292236, -37.6537628174, 85.6867370605, 31.9049434662, -18.4221820831, 207.966445923, -1.47074878216, 17.9810371399], [148.389694214, -50.5043830872, 10.0979137421, 57.2557296753, 11.5437479019, -35.3271255493, 25.7270565033, -25.4248065948, 21.7596206665, -9.3985786438, -1.47074878216, 152.295028687, 12.9830150604], [-109.206230164, -6.19124174118, -18.4896125793, 22.9181690216, 17.4630775452, 12.5586013794, 6.78704452515, 29.4950027466, 14.7355747223, 2.22729945183, 17.9810371399, 12.9830150604, 116.220146179]]
        icov: [[0.000390394008718, -0.000283311208477, 0.000342379527865, -0.000356921285857, 0.00015532427642, -1.23155550682e-005, -0.000100748853583, 0.000354497256922, 0.000238309934502, -0.000289394374704, 0.00043298190576, -0.000376363372197, 0.000320889084833], [-0.000283311208477, 0.00102168356534, -9.96037442746e-007, 0.000884838984348, -0.00071122252848, 0.000241949732299, -0.000191937826457, -0.000423833844252, 0.000485208671307, 0.000413806032157, -0.000231514102779, 0.00032988874591, -0.000257420906564], [0.000342379527865, -9.96037442746e-007, 0.00195367168635, 4.82651703351e-005, 0.00055214407621, -0.00194840633776, 0.000743147567846, -0.000361419748515, 0.0011783222435, -8.02702779765e-005, 0.00100004929118, -0.00138040934689, 0.000650482717901], [-0.000356921285857, 0.000884838984348, 4.82651703351e-005, 0.00397403677925, -0.000921277678572, 0.000617400626652, -0.00104320782702, 0.000174656059244, -0.0011109210318, -0.000487042125314, 0.000831157667562, -0.000221676164074, -0.000929561327212], [0.00015532427642, -0.00071122252848, 0.00055214407621, -0.000921277678572, 0.00510046910495, -0.00156145659275, 0.00184675492346, -0.000660743389744, -0.00103452545591, -0.000430400687037, 0.000201653834665, -0.00113168591633, 7.43942509871e-005], [-1.23155550682e-005, 0.000241949732299, -0.00194840633776, 0.000617400626652, -0.00156145659275, 0.00717489980161, -0.00258610839956, 0.000281679764157, -0.0017967086751, 0.00151769130025, -0.00200384133495, 0.00264472793788, -0.000678257085383], [-0.000100748853583, -0.000191937826457, 0.000743147567846, -0.00104320782702, 0.00184675492346, -0.00258610839956, 0.00607175240293, -0.000200441165362, 0.000923620711546, -0.00286997575313, 0.000536237028427, -0.00172247726005, -3.53476643795e-005], [0.000354497256922, -0.000423833844252, -0.000361419748515, 0.000174656059244, -0.000660743389744, 0.000281679764157, -0.000200441165362, 0.00792049430311, -0.00230716355145, 0.000262693327386, -0.00164792942815, 0.00138666934799, -0.0013234274229], [0.000238309934502, 0.000485208671307, 0.0011783222435, -0.0011109210318, -0.00103452545591, -0.0017967086751, 0.000923620711546, -0.00230716355145, 0.00861174054444, -0.000254880229477, 0.000279309519101, -0.00190766854212, 0.000620383187197], [-0.000289394374704, 0.000413806032157, -8.02702779765e-005, -0.000487042125314, -0.000430400687037, 0.00151769130025, -0.00286997575313, 0.000262693327386, -0.000254880229477, 0.00826279260218, -0.00137318635825, 0.0020805709064, -0.000311012088787], [0.00043298190576, -0.000231514102779, 0.00100004929118, 0.000831157667562, 0.000201653834665, -0.00200384133495, 0.000536237028427, -0.00164792942815, 0.000279309519101, -0.00137318635825, 0.00742673175409, -0.00177644274663, 3.17500075653e-006], [-0.000376363372197, 0.00032988874591, -0.00138040934689, -0.000221676164074, -0.00113168591633, 0.00264472793788, -0.00172247726005, 0.00138666934799, -0.00190766854212, 0.0020805709064, -0.00177644274663, 0.00894217099994, -0.0014011322055], [0.000320889084833, -0.000257420906564, 0.000650482717901, -0.000929561327212, 7.43942509871e-005, -0.000678257085383, -3.53476643795e-005, -0.0013234274229, 0.000620383187197, -0.000311012088787, 3.17500075653e-006, -0.0014011322055, 0.00966233853251]]
    sccoeffs:
        dmean: [0.0337747111917, 0.0312015544623, 0.0288128834218, 0.0245130434632, 0.0182654950768, 0.0148910125718]
        dmean2: [0.056742630899, 0.0499436743557, 0.0455930605531, 0.0393244512379, 0.0290856473148, 0.0242722891271]
        dvar: [0.000826446688734, 0.000859474588651, 0.00080101081403, 0.000526996562257, 0.000311539042741, 0.000203857736778]
        dvar2: [0.00229993392713, 0.00212279427797, 0.00189490593038, 0.00125445902813, 0.000700607139152, 0.000481454946566]
        max: [-0.284493982792, -0.375530332327, -0.39934772253, -0.442790478468, -0.474343240261, -0.603624343872]
        mean: [-0.537224769592, -0.665140748024, -0.686071872711, -0.718310773373, -0.739465534687, -0.802927494049]
        median: [-0.536025941372, -0.666587889194, -0.688955545425, -0.722753345966, -0.743551015854, -0.803980529308]
        min: [-0.964449048042, -0.970537483692, -0.961388349533, -0.963019907475, -0.965173065662, -0.961340725422]
        var: [0.00903684925288, 0.0071077151224, 0.00592927774414, 0.00522804539651, 0.00613120710477, 0.00207424815744]
    scvalleys:
        dmean: [0.325360894203, 0.259001672268, 0.251109540462, 0.226945146918, 0.189147979021, 0.205294907093]
        dmean2: [0.546143233776, 0.435443937778, 0.40856564045, 0.370144307613, 0.291850119829, 0.3077711761]
        dvar: [0.0888066068292, 0.0658032670617, 0.0659007504582, 0.0595045723021, 0.0562905222178, 0.0694464668632]
        dvar2: [0.22806251049, 0.159611463547, 0.15639308095, 0.138664826751, 0.110956065357, 0.121185488999]
        max: [-6.98363447189, -5.55799102783, -5.0852560997, -6.15768146515, -5.74579715729, -7.32573604584]
        mean: [-9.47605991364, -7.70719957352, -8.31461334229, -8.95765018463, -9.53037166595, -12.3618545532]
        median: [-9.38180160522, -7.46933174133, -8.10564041138, -8.69737052917, -9.25353717804, -12.0335245132]
        min: [-27.5724945068, -27.289691925, -27.3335456848, -27.4336509705, -27.3697090149, -27.2421703339]
        var: [1.22877860069, 1.55910146236, 1.80756235123, 1.9276471138, 2.45162558556, 2.9857006073]

rhythm:
    beats_loudness:
        dmean: 0.00172009225935
        dmean2: 0.00292602763511
        dvar: 6.05893637839e-006
        dvar2: 1.84764630831e-005
        max: 0.023639107123
        mean: 0.0030028920155
        median: 0.00167539238464
        min: 2.3058324139e-009
        var: 1.30990702019e-005
    bpm: 139.626525879
    bpm_confidence: 0
    first_peak_bpm: 140
    first_peak_spread: 0.443526178598
    first_peak_weight: 0.410569101572
    onset_rate: 1.91928052902
    second_peak_bpm: 133
    second_peak_spread: 0.20454543829
    second_peak_weight: 0.0711382105947
    beats_loudness_band_ratio:
        dmean: [0.0422928147018, 0.143568217754, 0.139130622149, 0.120826520026, 0.085864238441, 0.0743547454476]
        dmean2: [0.0737800225616, 0.244048669934, 0.236843779683, 0.204233318567, 0.146658360958, 0.134584948421]
        dvar: [0.00392445735633, 0.0222527142614, 0.0140744606033, 0.0128225889057, 0.0139285773039, 0.0210641790181]
        dvar2: [0.0101176993921, 0.0607444569468, 0.037051115185, 0.0325128138065, 0.038150485605, 0.0663272589445]
        max: [0.555866360664, 0.895323574543, 0.928578794003, 0.921254396439, 0.851734161377, 0.851446330547]
        mean: [0.0574789382517, 0.247636303306, 0.301348477602, 0.215885698795, 0.124454639852, 0.0742013528943]
        median: [0.0274642668664, 0.18633377552, 0.298373907804, 0.192321151495, 0.055941298604, 0.0186437852681]
        min: [8.65560796228e-005, 0.000469551654533, 0.00945472158492, 0.011182224378, 0.00133489514701, 0.000188985097338]
        var: [0.00688113458455, 0.0426570624113, 0.0316710360348, 0.0228931084275, 0.0264427568763, 0.0179565884173]
    beats_position: [0.441179126501, 0.893968224525, 1.34675729275, 1.79954648018, 2.24072551727, 2.68190479279, 3.13469386101, 3.58748292923, 4.04027223587, 4.48145103455, 4.8994102478, 5.32897949219, 5.75854873657, 6.18811798096, 6.60607719421, 7.03564596176, 7.45360517502, 7.8831744194, 8.31274318695, 8.75392246246, 9.18349170685, 9.61306095123, 10.0310201645, 10.4489793777, 10.866938591, 11.2848978043, 11.7028570175, 12.1324262619, 12.5619955063, 12.9799547195, 13.4211339951, 13.8507022858, 14.2802715302, 14.7098407745, 15.1394100189, 15.5805892944, 16.0101585388, 16.4397277832, 16.8692970276, 17.298866272, 17.7284355164, 18.1580047607, 18.5875740051, 19.0171432495, 19.4467124939, 19.8762817383, 20.3058490753, 20.7354183197, 21.153377533, 21.5829467773, 22.0241260529, 22.4536952972, 22.8832645416, 23.312833786, 23.7307929993, 24.1487522125, 24.5667114258, 24.9962806702, 25.4258499146, 25.8554191589, 26.2849884033, 26.7145576477, 27.132516861, 27.5620861053, 27.9916553497, 28.4212245941, 28.8507938385, 29.2803630829, 29.7215423584, 30.1743297577, 30.6387290955, 31.0915184021, 31.5443077087, 31.9970970154, 32.4614944458, 32.9142837524, 33.3670730591, 33.8314743042, 34.2842636108, 34.7370529175, 35.1898422241, 35.6426315308, 36.0954170227, 36.5365982056, 36.9777755737, 37.4073448181, 37.8369140625, 38.2664833069, 38.6844444275, 39.1140136719, 39.5435829163, 39.9731521606, 40.402721405, 40.8438987732, 41.2734680176, 41.6914291382, 42.1209983826, 42.550567627, 42.9801368713, 43.4213142395, 43.8508834839, 44.2804527283, 44.6984100342, 45.1163711548, 45.5459403992, 45.9755096436, 46.4166870117, 46.8578681946, 47.3106575012, 47.8331069946, 48.3671646118, 48.8896141052, 49.4004516602, 49.8996810913, 50.4105224609, 50.8284797668, 51.269657135, 51.7108383179, 52.152015686, 52.5815849304, 53.0111541748, 53.4523353577, 53.8935127258, 54.3346939087, 54.7642631531, 55.1938323975, 55.6234016418, 56.06457901, 56.4941482544, 56.9237174988, 57.3532867432, 57.794467926, 58.1659851074, 58.5491142273, 58.9206352234, 59.2921524048, 59.6752815247, 60.0468025208, 60.4299316406, 60.801448822, 61.2426300049, 61.683807373, 62.1249885559, 62.5777778625, 63.0305671692, 63.4717445374, 63.9129257202, 64.3424911499, 64.7836685181, 65.2248535156, 65.6660308838, 66.107208252, 66.5483856201, 66.9199066162, 67.3030395508, 67.686164856, 68.0809020996, 68.5336914063, 68.9864807129, 69.4392700195, 69.8920593262, 70.3332443237, 70.7744216919, 71.2155990601, 71.6567764282, 72.0979614258, 72.5391387939, 72.9687042236, 73.3982772827, 73.8394546509, 74.2690200806, 74.6985931396, 75.1165542603, 75.5345077515, 75.9640808105, 76.3936462402, 76.8348312378, 77.2643966675, 77.6939697266, 78.1119232178, 78.5298843384, 78.947845459, 79.3658065796, 79.7837600708, 80.2133331299, 80.6428985596, 81.0724716187, 81.4904327393, 81.9316101074, 82.3611755371, 82.7907485962, 83.2203140259, 83.649887085, 84.0794525146, 84.5206298828, 84.9502029419, 85.3797683716, 85.8093414307, 86.2389068604, 86.6684799194, 87.0980453491, 87.5276184082, 87.9571838379, 88.386756897, 88.8163223267, 89.2342834473, 89.6638565063, 90.093421936, 90.5229949951, 90.9641723633, 91.393737793, 91.8116989136, 92.2296600342, 92.6476211548, 93.065574646, 93.4835357666, 93.9247131348, 94.3658905029, 94.795463562, 95.2250289917, 95.6429901123, 96.0609512329, 96.4789123535, 96.9200897217, 97.3496551514, 97.7792282104, 98.2204055786, 98.6499786377, 99.0795440674, 99.5091171265, 99.9386825562, 100.379859924, 100.821044922, 101.273826599, 101.726615906, 102.179405212, 102.608978271, 103.038543701, 103.456504822, 103.874465942, 104.280815125, 104.698776245, 105.105125427, 105.523078918, 105.941040039, 106.35900116, 106.788566589, 107.20652771, 107.636100769, 108.065666199, 108.495239258, 108.924804688, 109.365982056, 109.807167053, 110.248344421, 110.68952179, 111.130699158, 111.687980652, 112.245262146, 112.802536011, 113.348205566, 113.893875122, 114.416320801, 114.892333984, 115.368339539, 115.844352722, 116.250701904, 116.657051086, 117.05178833, 117.492965698, 117.922538757, 118.352104187, 118.770065308, 119.199638367, 119.629203796, 120.058776855, 120.488342285, 120.906303406, 121.324264526, 121.753829956, 122.183395386, 122.612968445, 123.054145813, 123.541763306, 124.040992737, 124.528617859, 125.190383911, 125.828933716, 126.490699768, 127.15246582, 127.802627563, 128.452789307, 129.091339111, 129.741500854, 130.391647339, 130.995376587, 131.599090576, 132.214416504, 132.829742432, 133.43347168, 133.932693481, 134.431930542, 134.931152344, 135.441986084, 135.952835083, 136.463668823, 136.962905884, 137.462127686, 137.961364746, 138.402542114, 138.843719482, 139.284896851, 139.726074219, 140.167251587, 140.608428955, 141.037994385, 141.467575073, 141.897140503, 142.326705933, 142.756271362, 143.185852051, 143.61541748, 144.04498291, 144.47454834, 144.89251709, 145.32208252, 145.751647949, 146.181228638, 146.610794067, 147.028747559, 147.446716309, 147.8646698, 148.294235229, 148.723800659, 149.153381348, 149.582946777, 150.000900269, 150.430480957, 150.860046387, 151.289611816, 151.719177246, 152.160354614, 152.589935303, 153.019500732, 153.449066162, 153.878631592, 154.31980896, 154.749389648, 155.178955078, 155.620132446, 156.049697876, 156.479278564, 156.897232056, 157.326797485, 157.744766235, 158.174331665, 158.603897095, 159.033462524, 159.463043213, 159.880996704, 160.310562134, 160.728515625, 161.158096313, 161.587661743, 162.017227173, 162.446792603, 162.864761353, 163.294326782, 163.723892212, 164.141860962, 164.571426392, 165.000991821, 165.430557251, 165.860137939, 166.278091431, 166.70765686, 167.137237549, 167.55519104, 167.98475647, 168.425933838, 168.855514526, 169.296691895, 169.726257324, 170.155822754, 170.585388184, 171.014968872, 171.45614624, 171.874099731, 172.303665161, 172.744842529, 173.174423218, 173.603988647, 174.021942139, 174.439910889, 174.869476318, 175.28742981, 175.70539856, 176.123352051, 176.55291748, 176.982498169, 177.40045166, 177.83001709, 178.25958252, 178.689163208, 179.095504761, 179.536682129, 179.977859497, 180.395828247, 180.837005615, 181.278182983, 181.719360352, 182.148925781, 182.57850647, 183.008071899, 183.437637329, 183.867202759, 184.319992065, 184.761169434, 185.202362061, 185.666748047, 186.131149292, 186.583938599, 187.048339844, 187.50112915, 187.965530396, 188.429931641, 188.917541504, 189.405166626, 189.892791748, 190.426849365, 190.949295044, 191.460128784, 191.912918091, 192.365707397, 192.818496704, 193.259674072, 193.70085144, 194.11882019, 194.54838562, 194.97795105, 195.407531738, 195.848709106, 196.289886475, 196.731063843, 197.160629272, 197.601806641, 198.019775391, 198.437728882, 198.855682373, 199.273651123, 199.714828491, 200.144393921, 200.573959351, 200.991928101, 201.42149353, 201.85105896, 202.28062439, 202.710205078, 203.139770508, 203.569335938, 203.998901367, 204.428482056, 204.869659424, 205.287612915, 205.705581665, 206.123535156, 206.553100586, 206.982666016, 207.412246704, 207.853424072, 208.306213379, 208.759002686, 209.223403931, 209.711013794, 210.187026978, 210.6746521, 211.208709717, 211.742767334, 212.276824951, 212.810882568, 213.344940186, 213.878997803, 214.41305542, 214.947113037, 215.481170654, 216.02684021, 216.572509766, 217.083358765, 217.594192505, 218.105026245, 218.615875244, 219.126708984, 219.637542725]
