
metadata:
    version:
        essentia: "2.1-beta2"
    audio_properties:
        analysis_sample_rate: 44100
        bitrate: 192
        channels: 2
        equal_loudness: 1
        length: 247.353469849
        replay_gain: -14.1695461273
        downmix: "mix"
    tags:
        album: "Fallen"
        artist: "Evanescence"
        comment: "                          "
        date: "2020"
        genre: "Autres"
        title: "my last breath"
        tracknumber: "1"

configuration:
    average_loudness:
        compute: 1
        frameSize: 88200
        hopSize: 44100
        silentFrames: "noise"
        windowType: "hann"
    general:
        analysisSampleRate: 44100
        endTime: 2000
        equalLoudness: 1
        nequalLoudness: 0
        shortSound: 0
        startTime: 0
    lowlevel:
        compute: 1
        frameSize: 2048
        hopSize: 1024
        zeroPadding: 0
        silentFrames: "noise"
        windowType: "blackmanharris62"
        mfccStats: ["mean", "cov", "icov"]
        stats: ["mean", "var", "median", "min", "max", "dmean", "dmean2", "dvar", "dvar2"]
    panning:
        compute: 0
        frameSize: 8192
        hopSize: 2048
        zeroPadding: 8192
        silentFrames: "noise"
        windowType: "hann"
        stats: ["copy"]
    rhythm:
        compute: 1
        maxTempo: 208
        minTempo: 40
        method: "degara"
        stats: ["mean", "var", "median", "min", "max", "dmean", "dmean2", "dvar", "dvar2"]
    segmentation:
        compute: 0
        cpw: 5
        inc1: 300
        inc2: 50
        minimumSegmentsLength: 10
        size1: 1000
        size2: 600
    sfx:
        compute: 1
        stats: ["mean", "var", "median", "min", "max", "dmean", "dmean2", "dvar", "dvar2"]
    svm:
        compute: 0
    tonal:
        compute: 1
        frameSize: 4096
        hopSize: 2048
        zeroPadding: 0
        silentFrames: "noise"
        windowType: "blackmanharris62"
        stats: ["mean", "var", "median", "min", "max", "dmean", "dmean2", "dvar", "dvar2"]

lowlevel:
    average_loudness: 0.843472361565
    barkbands_kurtosis:
        dmean: 0.82780957222
        dmean2: 1.33319854736
        dvar: 213.912918091
        dvar2: 585.52532959
        max: 1337.19396973
        mean: -0.31508871913
        median: -1.16701602936
        min: -1.88105607033
        var: 198.737304688
    barkbands_skewness:
        dmean: 0.307006835938
        dmean2: 0.484463363886
        dvar: 0.134979426861
        dvar2: 0.332058280706
        max: 17.1185894012
        mean: -0.0208038371056
        median: -0.141859799623
        min: -2.41097187996
        var: 0.667604982853
    barkbands_spread:
        dmean: 4.05000829697
        dmean2: 6.37179946899
        dvar: 16.7056026459
        dvar2: 39.9612083435
        max: 83.8135604858
        mean: 31.9302482605
        median: 33.0098762512
        min: 0.0217159632593
        var: 108.209449768
    dissonance:
        dmean: 0.0134831434116
        dmean2: 0.0227762833238
        dvar: 0.000294475612463
        dvar2: 0.000786362856161
        max: 0.500000119209
        mean: 0.472969919443
        median: 0.48057231307
        min: 0.120048351586
        var: 0.000853900797665
    hfc:
        dmean: 1.53749442101
        dmean2: 2.39474987984
        dvar: 3.74439740181
        dvar2: 8.63238811493
        max: 36.874370575
        mean: 8.55170059204
        median: 7.81147766113
        min: 1.15563471086e-016
        var: 41.8864212036
    pitch:
        dmean: 578.235961914
        dmean2: 1117.02209473
        dvar: 1261326.5
        dvar2: 3361894.75
        max: 5745.26269531
        mean: 951.378845215
        median: 410.029846191
        min: 61.7330169678
        var: 1631937.5
    pitch_instantaneous_confidence:
        dmean: 0.0725287124515
        dmean2: 0.114540606737
        dvar: 0.00469476031139
        dvar2: 0.0103469556198
        max: 0.965949833393
        mean: 0.440431296825
        median: 0.402323871851
        min: 0.113410830498
        var: 0.0367506816983
    pitch_salience:
        dmean: 0.0502026155591
        dmean2: 0.0819894522429
        dvar: 0.00221939245239
        dvar2: 0.00552865071222
        max: 0.863919198513
        mean: 0.630487442017
        median: 0.639865994453
        min: 0.0174166653305
        var: 0.00930394977331
    silence_rate_20dB:
        dmean: 0
        dmean2: 0
        dvar: 0
        dvar2: 0
        max: 1
        mean: 1
        median: 1
        min: 1
        var: 0
    silence_rate_30dB:
        dmean: 0
        dmean2: 0
        dvar: 0
        dvar2: 0
        max: 1
        mean: 1
        median: 1
        min: 1
        var: 0
    silence_rate_60dB:
        dmean: 0.0473106168211
        dmean2: 0.0946301147342
        dvar: 0.0450671352446
        dvar2: 0.101635567844
        max: 1
        mean: 0.310869157314
        median: 0
        min: 0
        var: 0.214237615466
    spectral_centroid:
        dmean: 196.833343506
        dmean2: 312.173126221
        dvar: 47646.6640625
        dvar2: 99939.8671875
        max: 11034.0712891
        mean: 1695.97973633
        median: 1786.81494141
        min: 152.244750977
        var: 287349.6875
    spectral_complexity:
        dmean: 2.69388914108
        dmean2: 4.32425832748
        dvar: 8.8657283783
        dvar2: 20.8915977478
        max: 43
        mean: 14.6350669861
        median: 16
        min: 0
        var: 81.453453064
    spectral_crest:
        dmean: 1.50870764256
        dmean2: 2.43011212349
        dvar: 2.34161329269
        dvar2: 5.66875696182
        max: 26.7908325195
        mean: 6.56289291382
        median: 5.54891586304
        min: 2.20696878433
        var: 11.1917295456
    spectral_decrease:
        dmean: 1.9777768312e-010
        dmean2: 3.12098596966e-010
        dvar: 6.88500939425e-020
        dvar2: 1.65331018874e-019
        max: -2.038904694e-029
        mean: -1.04512631882e-009
        median: -1.07926845239e-009
        min: -3.5101102025e-009
        var: 4.28726393167e-019
    spectral_energy:
        dmean: 0.000858650018927
        dmean2: 0.0013510849094
        dvar: 1.26571455894e-006
        dvar2: 3.00949636767e-006
        max: 0.0151380766183
        mean: 0.00472020590678
        median: 0.00476705702022
        min: 1.05588967035e-020
        var: 9.04670741875e-006
    spectral_energyband_high:
        dmean: 0.000130420565256
        dmean2: 0.000211357415537
        dvar: 3.56120430922e-008
        dvar2: 8.76177708165e-008
        max: 0.00349228573032
        mean: 0.000425444595749
        median: 0.000331228715368
        min: 7.55505816372e-021
        var: 1.84677517723e-007
    spectral_energyband_low:
        dmean: 0.000178313144716
        dmean2: 0.000304617453367
        dvar: 1.20380036606e-007
        dvar2: 3.36604927043e-007
        max: 0.00415029330179
        mean: 0.00033770815935
        median: 0.000269958574791
        min: 1.27289661655e-022
        var: 1.28586989945e-007
    spectral_energyband_middle_high:
        dmean: 0.000512008613441
        dmean2: 0.000787902565207
        dvar: 4.30533248164e-007
        dvar2: 9.79921196631e-007
        max: 0.0113784754649
        mean: 0.00260737841018
        median: 0.00222424371168
        min: 1.50084116842e-021
        var: 4.17884575654e-006
    spectral_energyband_middle_low:
        dmean: 0.000468621903565
        dmean2: 0.000745582510717
        dvar: 4.66572373625e-007
        dvar2: 1.15276543511e-006
        max: 0.00884901545942
        mean: 0.00144660461228
        median: 0.00124174938537
        min: 3.74643877354e-022
        var: 1.34811955377e-006
    spectral_flatness_db:
        dmean: 0.0127004664391
        dmean2: 0.0195104926825
        dvar: 0.000238164560869
        dvar2: 0.000466023629997
        max: 0.619327962399
        mean: 0.146842285991
        median: 0.137040391564
        min: 0.0492896474898
        var: 0.00228474033065
    spectral_flux:
        dmean: 0.00666509242728
        dmean2: 0.0101949656382
        dvar: 6.35763208265e-005
        dvar2: 0.000136127011501
        max: 0.111276291311
        mean: 0.0340638756752
        median: 0.0348547175527
        min: 1.02756490816e-010
        var: 0.000316283112625
    spectral_kurtosis:
        dmean: 1.6627010107
        dmean2: 2.76337814331
        dvar: 37.7220840454
        dvar2: 81.4052352905
        max: 292.018310547
        mean: 5.64358377457
        median: 3.41251182556
        min: -1.20530986786
        var: 172.240203857
    spectral_rms:
        dmean: 0.000188037345652
        dmean2: 0.000291025586193
        dvar: 5.09154922668e-008
        dvar2: 1.14472982204e-007
        max: 0.00384302693419
        mean: 0.00196319213137
        median: 0.0021565684583
        min: 3.20957366587e-012
        var: 7.50983531361e-007
    spectral_rolloff:
        dmean: 279.110870361
        dmean2: 464.350341797
        dvar: 166618.59375
        dvar2: 342781.34375
        max: 19013.8183594
        mean: 3230.55517578
        median: 3509.91210938
        min: 86.1328125
        var: 927090.0625
    spectral_skewness:
        dmean: 0.178538396955
        dmean2: 0.287366479635
        dvar: 0.124295011163
        dvar2: 0.248160377145
        max: 14.7876548767
        mean: 1.54420292377
        median: 1.32691669464
        min: 0.00643423153087
        var: 0.872190594673
    spectral_spread:
        dmean: 405756.46875
        dmean2: 594072.0625
        dvar: 364466929664
        dvar2: 604232417280
        max: 41039160
        mean: 4346429.5
        median: 4216497
        min: 401557.5
        var: 1.88514356429e+012
    spectral_strongpeak:
        dmean: 0.493950277567
        dmean2: 0.838116705418
        dvar: 0.721023976803
        dvar2: 1.8370244503
        max: 10.9076538086
        mean: 1.09632182121
        median: 0.458460092545
        min: 5.40612887789e-009
        var: 2.10787272453
    zerocrossingrate:
        dmean: 0.00644368072972
        dmean2: 0.00789922848344
        dvar: 5.17545558978e-005
        dvar2: 5.4385549447e-005
        max: 0.5
        mean: 0.0960185751319
        median: 0.10205078125
        min: 0.00830078125
        var: 0.000707979488652
    barkbands:
        dmean: [2.43174497427e-007, 5.76248130528e-005, 0.000105377439468, 0.000137155526318, 0.000176947345608, 0.00016157720529, 0.000135467314976, 6.10023307672e-005, 7.1196074714e-005, 8.68677161634e-005, 5.47797462787e-005, 7.46778896428e-005, 5.40045148227e-005, 7.75074804551e-005, 7.85766751505e-005, 0.000167381556821, 0.00012140184117, 0.000141362383147, 0.000138120900374, 0.000148018007167, 6.20132195763e-005, 1.0597448636e-005, 2.37792255575e-006, 1.47299385844e-006, 9.38290725117e-007, 3.24327871226e-008, 3.32985500284e-010]
        dmean2: [3.95088278538e-007, 9.61586410995e-005, 0.000184655524208, 0.000233205399127, 0.000295614328934, 0.000236063919147, 0.000222873713938, 9.64065184235e-005, 0.000105798455479, 0.000127450039145, 8.50230935612e-005, 0.000117030409456, 8.60840882524e-005, 0.000125153805129, 0.000123425401398, 0.00026936235372, 0.000198692607228, 0.000228543183766, 0.000229513228987, 0.000235532017541, 0.000102548685391, 1.77079418791e-005, 3.78172262572e-006, 2.22877770284e-006, 1.38505129144e-006, 5.17438714098e-008, 5.61094559703e-010]
        dvar: [3.83999012058e-013, 1.2986278719e-008, 5.14556930398e-008, 6.81015848158e-008, 1.06222728391e-007, 8.29551183301e-008, 5.47493463898e-008, 1.73654282065e-008, 1.26665122835e-008, 2.75011693418e-008, 2.00634406866e-008, 3.29179314917e-008, 1.95750242682e-008, 2.17691074056e-008, 2.8990491785e-008, 8.58759179323e-008, 4.36423306382e-008, 5.11766415912e-008, 3.31581020419e-008, 4.51192576634e-008, 1.15435607739e-008, 3.79374032189e-010, 3.10181047514e-011, 1.27400477321e-011, 4.78664070186e-012, 6.30762904744e-015, 4.09553794134e-019]
        dvar2: [9.69890617472e-013, 3.52855593633e-008, 1.48928961607e-007, 1.81673698307e-007, 2.86197661126e-007, 1.79323393468e-007, 1.44387414025e-007, 4.27850146423e-008, 2.65286406176e-008, 5.49928564908e-008, 4.3559211349e-008, 7.53687743327e-008, 4.51419204239e-008, 5.11171442952e-008, 6.36422186062e-008, 2.00588871735e-007, 1.10560399946e-007, 1.20619915833e-007, 8.85439703779e-008, 1.06601831362e-007, 2.95508844061e-008, 1.00184305296e-009, 7.27281776469e-011, 2.31274235873e-011, 9.0783630613e-012, 1.55377199686e-014, 9.51928547913e-019]
        max: [6.64473463985e-006, 0.00183820561506, 0.00250591966324, 0.00383767974563, 0.00646855216473, 0.00784423481673, 0.00529164262116, 0.00391278928146, 0.00284400791861, 0.00395412323996, 0.00331580382772, 0.00442026043311, 0.00273993099108, 0.00329598435201, 0.00428429152817, 0.00698424456641, 0.00632217573002, 0.00552428327501, 0.00548092788085, 0.00445538666099, 0.00229632621631, 0.000306006259052, 0.000199190893909, 0.000133869893034, 7.81152120908e-005, 1.36457197186e-006, 2.53278695794e-008]
        mean: [2.75984376685e-007, 0.000103582387965, 0.000159494535183, 0.000176020897925, 0.000314336153679, 0.000396683841245, 0.000280184060102, 0.000101623292721, 0.00015728258586, 0.000238857232034, 0.000112090223411, 0.000167836828041, 9.13510521059e-005, 0.000160322902957, 0.000166870187968, 0.000377433607355, 0.000313279539114, 0.000358190969564, 0.00039564378676, 0.000449491431937, 0.000162058262504, 2.57721021626e-005, 5.2558743846e-006, 4.0945155888e-006, 2.13315388464e-006, 5.00733783326e-008, 3.94430960116e-010]
        median: [1.01120463114e-007, 7.86423915997e-005, 0.000105398081359, 8.42871522764e-005, 0.000188412639545, 0.000201730377739, 0.000138653616887, 4.78645633848e-005, 8.79859580891e-005, 6.88238433213e-005, 2.73056575679e-005, 4.86585850012e-005, 4.71954845125e-005, 7.05112179276e-005, 7.34516506782e-005, 0.000223973052925, 0.000202505616471, 0.000231791273109, 0.000345823878888, 0.000310461648041, 0.000103730359115, 2.01481998374e-005, 3.01180671158e-006, 2.5537115107e-006, 1.16480555334e-006, 1.29301129803e-008, 1.34346658798e-010]
        min: [1.41916487057e-023, 4.90426967721e-023, 2.35383614338e-023, 9.6179070146e-023, 4.74910199933e-023, 1.68200338454e-023, 1.94752071238e-023, 2.34156683195e-023, 1.55950265763e-022, 5.47458992151e-023, 6.36265734308e-023, 1.5363534397e-022, 4.92757609934e-023, 9.71075089444e-023, 1.0164552281e-022, 1.37371707921e-022, 1.61401218887e-022, 2.96516355479e-022, 2.79287077951e-022, 4.39337464045e-022, 2.56952797515e-022, 7.12977534849e-022, 6.15388902794e-022, 6.80351560473e-022, 1.47810541459e-021, 1.23564789203e-021, 2.53071445351e-021]
        var: [3.77017807165e-013, 1.4620679778e-008, 4.51223911568e-008, 7.52608997345e-008, 1.70718223558e-007, 3.88222815673e-007, 1.72843158452e-007, 2.81614358499e-008, 5.27158654506e-008, 1.80903555247e-007, 8.7387320491e-008, 1.46625438902e-007, 2.96528614996e-008, 7.32801055392e-008, 9.59137338441e-008, 3.21665396541e-007, 2.14273555343e-007, 2.13259710335e-007, 1.52488112803e-007, 2.43760553076e-007, 4.45989094544e-008, 8.77140027278e-010, 8.19817616571e-011, 5.09940353832e-011, 1.58273359696e-011, 1.10364793137e-014, 8.38625897099e-019]
    frequency_bands:
        dmean: [2.43174497427e-007, 5.76248130528e-005, 0.000105377439468, 0.000137155526318, 0.000176947345608, 0.00016157720529, 0.000135467314976, 6.10023307672e-005, 7.1196074714e-005, 8.68677161634e-005, 5.47797462787e-005, 7.46778896428e-005, 5.40045148227e-005, 7.75074804551e-005, 7.85766751505e-005, 0.000167381556821, 0.00012140184117, 0.000141362383147, 0.000138120900374, 0.000148018007167, 6.20132195763e-005, 1.0597448636e-005, 2.37792255575e-006, 1.47299385844e-006, 9.38290725117e-007, 3.24327871226e-008, 3.32985500284e-010, 5.47498053838e-011]
        dmean2: [3.95088278538e-007, 9.61586410995e-005, 0.000184655524208, 0.000233205399127, 0.000295614328934, 0.000236063919147, 0.000222873713938, 9.64065184235e-005, 0.000105798455479, 0.000127450039145, 8.50230935612e-005, 0.000117030409456, 8.60840882524e-005, 0.000125153805129, 0.000123425401398, 0.00026936235372, 0.000198692607228, 0.000228543183766, 0.000229513228987, 0.000235532017541, 0.000102548685391, 1.77079418791e-005, 3.78172262572e-006, 2.22877770284e-006, 1.38505129144e-006, 5.17438714098e-008, 5.61094559703e-010, 1.01440279787e-010]
        dvar: [3.83999012058e-013, 1.2986278719e-008, 5.14556930398e-008, 6.81015848158e-008, 1.06222728391e-007, 8.29551183301e-008, 5.47493463898e-008, 1.73654282065e-008, 1.26665122835e-008, 2.75011693418e-008, 2.00634406866e-008, 3.29179314917e-008, 1.95750242682e-008, 2.17691074056e-008, 2.8990491785e-008, 8.58759179323e-008, 4.36423306382e-008, 5.11766415912e-008, 3.31581020419e-008, 4.51192576634e-008, 1.15435607739e-008, 3.79374032189e-010, 3.10181047514e-011, 1.27400477321e-011, 4.78664070186e-012, 6.30762904744e-015, 4.09553794134e-019, 6.79658281742e-021]
        dvar2: [9.69890617472e-013, 3.52855593633e-008, 1.48928961607e-007, 1.81673698307e-007, 2.86197661126e-007, 1.79323393468e-007, 1.44387414025e-007, 4.27850146423e-008, 2.65286406176e-008, 5.49928564908e-008, 4.3559211349e-008, 7.53687743327e-008, 4.51419204239e-008, 5.11171442952e-008, 6.36422186062e-008, 2.00588871735e-007, 1.10560399946e-007, 1.20619915833e-007, 8.85439703779e-008, 1.06601831362e-007, 2.95508844061e-008, 1.00184305296e-009, 7.27281776469e-011, 2.31274235873e-011, 9.0783630613e-012, 1.55377199686e-014, 9.51928547913e-019, 2.15523346473e-020]
        max: [6.64473463985e-006, 0.00183820561506, 0.00250591966324, 0.00383767974563, 0.00646855216473, 0.00784423481673, 0.00529164262116, 0.00391278928146, 0.00284400791861, 0.00395412323996, 0.00331580382772, 0.00442026043311, 0.00273993099108, 0.00329598435201, 0.00428429152817, 0.00698424456641, 0.00632217573002, 0.00552428327501, 0.00548092788085, 0.00445538666099, 0.00229632621631, 0.000306006259052, 0.000199190893909, 0.000133869893034, 7.81152120908e-005, 1.36457197186e-006, 2.53278695794e-008, 1.09137798798e-009]
        mean: [2.75984376685e-007, 0.000103582387965, 0.000159494535183, 0.000176020897925, 0.000314336153679, 0.000396683841245, 0.000280184060102, 0.000101623292721, 0.00015728258586, 0.000238857232034, 0.000112090223411, 0.000167836828041, 9.13510521059e-005, 0.000160322902957, 0.000166870187968, 0.000377433607355, 0.000313279539114, 0.000358190969564, 0.00039564378676, 0.000449491431937, 0.000162058262504, 2.57721021626e-005, 5.2558743846e-006, 4.0945155888e-006, 2.13315388464e-006, 5.00733783326e-008, 3.94430960116e-010, 4.28505494976e-011]
        median: [1.01120463114e-007, 7.86423915997e-005, 0.000105398081359, 8.42871522764e-005, 0.000188412639545, 0.000201730377739, 0.000138653616887, 4.78645633848e-005, 8.79859580891e-005, 6.88238433213e-005, 2.73056575679e-005, 4.86585850012e-005, 4.71954845125e-005, 7.05112179276e-005, 7.34516506782e-005, 0.000223973052925, 0.000202505616471, 0.000231791273109, 0.000345823878888, 0.000310461648041, 0.000103730359115, 2.01481998374e-005, 3.01180671158e-006, 2.5537115107e-006, 1.16480555334e-006, 1.29301129803e-008, 1.34346658798e-010, 1.34685587336e-011]
        min: [1.41916487057e-023, 4.90426967721e-023, 2.35383614338e-023, 9.6179070146e-023, 4.74910199933e-023, 1.68200338454e-023, 1.94752071238e-023, 2.34156683195e-023, 1.55950265763e-022, 5.47458992151e-023, 6.36265734308e-023, 1.5363534397e-022, 4.92757609934e-023, 9.71075089444e-023, 1.0164552281e-022, 1.37371707921e-022, 1.61401218887e-022, 2.96516355479e-022, 2.79287077951e-022, 4.39337464045e-022, 2.56952797515e-022, 7.12977534849e-022, 6.15388902794e-022, 6.80351560473e-022, 1.47810541459e-021, 1.23564789203e-021, 2.53071445351e-021, 7.68704587703e-022]
        var: [3.77017807165e-013, 1.4620679778e-008, 4.51223911568e-008, 7.52608997345e-008, 1.70718223558e-007, 3.88222815673e-007, 1.72843158452e-007, 2.81614358499e-008, 5.27158654506e-008, 1.80903555247e-007, 8.7387320491e-008, 1.46625438902e-007, 2.96528614996e-008, 7.32801055392e-008, 9.59137338441e-008, 3.21665396541e-007, 2.14273555343e-007, 2.13259710335e-007, 1.52488112803e-007, 2.43760553076e-007, 4.45989094544e-008, 8.77140027278e-010, 8.19817616571e-011, 5.09940353832e-011, 1.58273359696e-011, 1.10364793137e-014, 8.38625897099e-019, 5.41699540139e-021]
    mfcc:
        mean: [-729.421569824, 108.080673218, -47.0559692383, 47.6318016052, -6.12737083435, -10.8397159576, 3.39110016823, -8.87556552887, -0.516683638096, -2.03337073326, -7.58585548401, -3.03518772125, -0.59231621027]
        cov: [[12506.515625, 1026.68371582, -1609.44970703, 1137.03796387, -375.008605957, -120.355674744, 86.1982116699, -96.4964294434, 179.549102783, 28.736415863, -135.085235596, -6.13464546204, 21.3327503204], [1026.68371582, 950.906799316, -313.662200928, -16.7062034607, -9.9810628891, -56.9712982178, 103.557640076, -52.965045929, -26.4553432465, 20.0200080872, -34.829826355, 18.1000461578, 22.9498195648], [-1609.44970703, -313.662200928, 618.520019531, -115.733070374, 37.6084861755, 54.0695457458, -100.248519897, 28.9882125854, -26.4114971161, -40.5626220703, 24.0517940521, -10.4799289703, -17.2023944855], [1137.03796387, -16.7062034607, -115.733070374, 362.204772949, -14.8662967682, -10.9609327316, -29.1467247009, 4.50972652435, 47.1305465698, 6.08179330826, -5.14725255966, 8.56337070465, -2.83315205574], [-375.008605957, -9.9810628891, 37.6084861755, -14.8662967682, 135.448242188, -6.35612392426, 17.6664581299, 4.73737621307, 12.4260873795, 15.8492593765, -4.90514802933, 20.873336792, 5.65540313721], [-120.355674744, -56.9712982178, 54.0695457458, -10.9609327316, -6.35612392426, 136.283325195, -6.57346391678, 15.3673887253, 0.725414514542, -18.2577667236, 39.5840644836, -24.8808078766, -9.14731311798], [86.1982116699, 103.557640076, -100.248519897, -29.1467247009, 17.6664581299, -6.57346391678, 163.715759277, 5.73926639557, -0.565348446369, 30.5595321655, -4.55297899246, 7.86978292465, 17.6701850891], [-96.4964294434, -52.965045929, 28.9882125854, 4.50972652435, 4.73737621307, 15.3673887253, 5.73926639557, 69.151222229, 23.1537075043, 7.68586540222, 6.67783212662, 2.11421895027, 8.51145648956], [179.549102783, -26.4553432465, -26.4114971161, 47.1305465698, 12.4260873795, 0.725414514542, -0.565348446369, 23.1537075043, 83.7254562378, 20.9227981567, 2.98710870743, 4.66286087036, 0.0512566678226], [28.736415863, 20.0200080872, -40.5626220703, 6.08179330826, 15.8492593765, -18.2577667236, 30.5595321655, 7.68586540222, 20.9227981567, 81.0038146973, 13.9856319427, 10.6431245804, 1.24601387978], [-135.085235596, -34.829826355, 24.0517940521, -5.14725255966, -4.90514802933, 39.5840644836, -4.55297899246, 6.67783212662, 2.98710870743, 13.9856319427, 77.1989135742, 6.81797456741, 3.62089896202], [-6.13464546204, 18.1000461578, -10.4799289703, 8.56337070465, 20.873336792, -24.8808078766, 7.86978292465, 2.11421895027, 4.66286087036, 10.6431245804, 6.81797456741, 77.4880523682, 29.8746776581], [21.3327503204, 22.9498195648, -17.2023944855, -2.83315205574, 5.65540313721, -9.14731311798, 17.6701850891, 8.51145648956, 0.0512566678226, 1.24601387978, 3.62089896202, 29.8746776581, 66.1980514526]]
        icov: [[0.000185914206668, -9.88135652733e-005, 0.000321621017065, -0.000445389130618, 0.000378414988518, -9.34512136155e-005, 3.53729556082e-005, 0.000109864457045, -0.00018183629436, 4.51887499366e-005, 0.000216709653614, -7.20992875358e-006, -3.92588008253e-005], [-9.88135652733e-005, 0.00143189635128, 0.000439496769104, 0.000418707961217, -0.000190825929167, 0.000152737236931, -0.000456359965028, 0.000634872470982, 0.000434962537838, -7.12909022695e-005, 0.000211124235648, -0.000160156967468, -0.000193114683498], [0.000321621017065, 0.000439496769104, 0.00305156107061, 5.48205298401e-006, -0.000206166354474, -0.000545624934603, 0.00130416825414, -0.000743846409023, 0.00049472018145, 0.000672724621836, 7.64545548009e-005, -0.000129129955894, 0.000267996278126], [-0.000445389130618, 0.000418707961217, 5.48205298401e-006, 0.00439049489796, -0.000655513606034, 0.000205860182177, 0.000811275909655, -0.000261673092609, -0.00118074263446, 3.78695949621e-005, -0.000309952156385, -0.000481833878439, 0.000323841930367], [0.000378414988518, -0.000190825929167, -0.000206166354474, -0.000655513606034, 0.00922388490289, -0.000545234070159, -0.000973112939391, 0.000678508775309, -0.00172691966873, -0.00132705667056, 0.00185748666991, -0.00240824953653, 0.000183280193596], [-9.34512136155e-005, 0.000152737236931, -0.000545624934603, 0.000205860182177, -0.000545234070159, 0.0106272548437, -0.000826721894555, -0.00188518560026, -0.000355713709723, 0.00340289482847, -0.00621294789016, 0.00344626605511, 0.000543102854863], [3.53729556082e-005, -0.000456359965028, 0.00130416825414, 0.000811275909655, -0.000973112939391, -0.000826721894555, 0.00812652893364, -0.00122649047989, 0.000897040881682, -0.00265817972831, 0.000952022557613, 0.000261741224676, -0.00164303008933], [0.000109864457045, 0.000634872470982, -0.000743846409023, -0.000261673092609, 0.000678508775309, -0.00188518560026, -0.00122649047989, 0.0179661400616, -0.00492180837318, -0.00115329399705, 0.000597033882514, 0.000126267987071, -0.00282520800829], [-0.00018183629436, 0.000434962537838, 0.00049472018145, -0.00118074263446, -0.00172691966873, -0.000355713709723, 0.000897040881682, -0.00492180837318, 0.0157766509801, -0.00340355490334, 0.000196507695364, -0.000270685355645, 0.000640845275484], [4.51887499366e-005, -7.12909022695e-005, 0.000672724621836, 3.78695949621e-005, -0.00132705667056, 0.00340289482847, -0.00265817972831, -0.00115329399705, -0.00340355490334, 0.0165901295841, -0.00496290531009, -0.000474043190479, 0.00180376891512], [0.000216709653614, 0.000211124235648, 7.64545548009e-005, -0.000309952156385, 0.00185748666991, -0.00621294789016, 0.000952022557613, 0.000597033882514, 0.000196507695364, -0.00496290531009, 0.0179047901183, -0.00313244550489, -0.000956957694143], [-7.20992875358e-006, -0.000160156967468, -0.000129129955894, -0.000481833878439, -0.00240824953653, 0.00344626605511, 0.000261741224676, 0.000126267987071, -0.000270685355645, -0.000474043190479, -0.00313244550489, 0.0178683269769, -0.00728385243565], [-3.92588008253e-005, -0.000193114683498, 0.000267996278126, 0.000323841930367, 0.000183280193596, 0.000543102854863, -0.00164303008933, -0.00282520800829, 0.000640845275484, 0.00180376891512, -0.000956957694143, -0.00728385243565, 0.0194355454296]]
    sccoeffs:
        dmean: [0.0488549396396, 0.0434565991163, 0.0359815657139, 0.0282782875001, 0.0190971661359, 0.0158901754767]
        dmean2: [0.0820570588112, 0.070285603404, 0.0583889782429, 0.0467704571784, 0.0313860364258, 0.0252732541412]
        dvar: [0.00169539940543, 0.00130110920873, 0.000874711840879, 0.00056507170666, 0.000280147360172, 0.000219428839046]
        dvar2: [0.00469767954201, 0.00334257772192, 0.00216536317021, 0.00142872636206, 0.000666626729071, 0.000506872078404]
        max: [-0.337056279182, -0.403382629156, -0.413262844086, -0.492346793413, -0.53493720293, -0.611711800098]
        mean: [-0.680525660515, -0.732378482819, -0.758686721325, -0.787524163723, -0.790796995163, -0.775313436985]
        median: [-0.682198643684, -0.740498423576, -0.763094305992, -0.792087197304, -0.794212341309, -0.76829636097]
        min: [-0.956656754017, -0.953151702881, -0.957583665848, -0.962510585785, -0.956257224083, -0.961555659771]
        var: [0.00525417039171, 0.00698572117835, 0.00537943840027, 0.00317868124694, 0.00280044204555, 0.00162718736101]
    scvalleys:
        dmean: [0.362308859825, 0.335961252451, 0.300327897072, 0.26442861557, 0.19784514606, 0.23289090395]
        dmean2: [0.595236599445, 0.547180116177, 0.484713017941, 0.423641204834, 0.314283758402, 0.337258607149]
        dvar: [0.11055945605, 0.109622679651, 0.0893154963851, 0.0937155410647, 0.0764929354191, 0.0970206335187]
        dvar2: [0.256728947163, 0.246404469013, 0.185968145728, 0.189547717571, 0.151110783219, 0.181503042579]
        max: [-5.12440633774, -4.80122947693, -5.1548576355, -5.39737224579, -5.84818172455, -7.61515474319]
        mean: [-7.10451555252, -6.85187721252, -7.32094955444, -7.35640287399, -7.30560922623, -10.0688381195]
        median: [-6.71715450287, -6.46883630753, -6.9584479332, -6.91934394836, -6.67701673508, -9.60380363464]
        min: [-27.4251117706, -27.2826862335, -27.4650783539, -27.225933075, -27.3267269135, -27.2059555054]
        var: [1.72496151924, 1.73142254353, 1.72022378445, 1.88788080215, 2.12292981148, 2.14227700233]

rhythm:
    beats_loudness:
        dmean: 0.00201161205769
        dmean2: 0.00376883451827
        dvar: 3.46143906427e-006
        dvar2: 1.15364928206e-005
        max: 0.0143999280408
        mean: 0.00565987545997
        median: 0.00625659758225
        min: 8.89904483437e-010
        var: 1.02627136584e-005
    bpm: 88.0579986572
    bpm_confidence: 0
    first_peak_bpm: 88
    first_peak_spread: 0.0196721293032
    first_peak_weight: 0.791005313396
    onset_rate: 2.35290813446
    second_peak_bpm: 117
    second_peak_spread: 0.06349208951
    second_peak_weight: 0.156084656715
    beats_loudness_band_ratio:
        dmean: [0.11693264544, 0.09644382447, 0.0748264193535, 0.0995020121336, 0.112750314176, 0.0688934624195]
        dmean2: [0.213663950562, 0.163644105196, 0.12916995585, 0.171823620796, 0.195431813598, 0.121026210487]
        dvar: [0.0122120464221, 0.00998574309051, 0.00762461684644, 0.0108280004933, 0.00792257208377, 0.00442411378026]
        dvar2: [0.0370123945177, 0.0255317669362, 0.020872425288, 0.031189372763, 0.023689314723, 0.0119033809751]
        max: [0.681708812714, 0.899993956089, 0.684970378876, 0.745704114437, 0.648295044899, 0.617936789989]
        mean: [0.161335751414, 0.153360366821, 0.126667127013, 0.143617659807, 0.258024185896, 0.197451546788]
        median: [0.127606749535, 0.125555709004, 0.100322730839, 0.0956486538053, 0.244942426682, 0.207381442189]
        min: [0.00044211250497, 0.00723594799638, 0.0177200678736, 0.000517099164426, 0.000204149459023, 2.67514260486e-005]
        var: [0.0138079915196, 0.0139436107129, 0.00825722888112, 0.0157275833189, 0.013170116581, 0.00895003508776]
    beats_position: [0.673378646374, 1.35836732388, 2.04335594177, 2.73995471001, 3.45977306366, 4.19120168686, 4.91102027893, 5.60761880875, 6.29260778427, 6.97759628296, 7.66258478165, 8.33596324921, 9.02095222473, 9.70594120026, 10.3909292221, 11.0759181976, 11.749297142, 12.4342851639, 13.1192741394, 13.7926530838, 14.4660310745, 15.15102005, 15.8360090256, 16.5209980011, 17.2059860229, 17.8793640137, 18.5527439117, 19.2377319336, 19.9227199554, 20.6077098846, 21.2926979065, 21.9660758972, 22.6394557953, 23.3244438171, 24.009431839, 24.6828117371, 25.3561897278, 26.0411777496, 26.7261676788, 27.4111557007, 28.0961437225, 28.7811336517, 29.4661216736, 30.1394996643, 30.8128795624, 31.4978675842, 32.1828575134, 32.8678436279, 33.5528335571, 34.2262115479, 34.8995895386, 35.5845794678, 36.269569397, 36.9429473877, 37.6279373169, 38.3129234314, 38.9979133606, 39.6829032898, 40.3562812805, 41.0296592712, 41.7146492004, 42.3880271912, 43.0730133057, 43.7580032349, 44.4429931641, 45.1163711548, 45.8129692078, 46.497959137, 47.1829452515, 47.8563270569, 48.5297050476, 49.2146911621, 49.8996810913, 50.573059082, 51.2464370728, 51.9198188782, 52.6048049927, 53.2781867981, 53.9631729126, 54.6481628418, 55.333152771, 56.0181388855, 56.7031288147, 57.3765068054, 58.0498847961, 58.7348747253, 59.4198646545, 60.104850769, 60.7898406982, 61.4748306274, 62.1482086182, 62.8331947327, 63.5065765381, 64.1799545288, 64.864944458, 65.5499343872, 66.2233123779, 66.9082946777, 67.5932846069, 68.2782745361, 68.9632644653, 69.6366424561, 70.3100204468, 70.995010376, 71.6800003052, 72.3533782959, 73.0267562866, 73.7117462158, 74.396736145, 75.0817184448, 75.766708374, 76.4400863647, 77.1250762939, 77.8100662231, 78.4834442139, 79.1684341431, 79.8534240723, 80.5384140015, 81.2233963013, 81.8967819214, 82.5701599121, 83.2551422119, 83.9401321411, 84.6135101318, 85.298500061, 85.9718780518, 86.656867981, 87.3418579102, 88.0268478394, 88.7118377686, 89.3968200684, 90.0702056885, 90.7435836792, 91.428565979, 92.1135559082, 92.7869338989, 93.4719238281, 94.1569137573, 94.830291748, 95.5152816772, 96.2002716064, 96.8736495972, 97.5586395264, 98.2436294556, 98.9170074463, 99.6019973755, 100.286979675, 100.960357666, 101.645347595, 102.330337524, 103.003715515, 103.688705444, 104.373695374, 105.047073364, 105.732063293, 106.405441284, 107.090431213, 107.763809204, 108.460403442, 109.145393372, 109.818771362, 110.503761292, 111.177139282, 111.850517273, 112.535507202, 113.208885193, 113.893875122, 114.578865051, 115.26385498, 115.94884491, 116.633827209, 117.3072052, 117.98059082, 118.66557312, 119.350563049, 120.02394104, 120.697319031, 121.38230896, 122.067298889, 122.752288818, 123.437278748, 124.110656738, 124.795646667, 125.480628967, 126.154014587, 126.838996887, 127.523986816, 128.208984375, 128.893966675, 129.567337036, 130.252334595, 130.937316895, 131.622314453, 132.295684814, 132.969070435, 133.654052734, 134.327438354, 135.000808716, 135.685806274, 136.370788574, 137.044174194, 137.729156494, 138.414154053, 139.099136353, 139.784118652, 140.457504272, 141.130874634, 141.815872192, 142.500854492, 143.174240112, 143.870834351, 144.544219971, 145.229202271, 145.914199829, 146.58757019, 147.27255249, 147.957550049, 148.63092041, 149.315917969, 150.000900269, 150.674285889, 151.34765625, 152.032653809, 152.717636108, 153.402633667, 154.087615967, 154.761001587, 155.445983887, 156.130966187, 156.804351807, 157.489334106, 158.174331665, 158.847702026, 159.521087646, 160.206069946, 160.891067505, 161.576049805, 162.249435425, 162.934417725, 163.607803345, 164.292785645, 164.966171265, 165.651153564, 166.336135864, 167.021133423, 167.706115723, 168.391113281, 169.064483643, 169.737869263, 170.422851563, 171.119445801, 171.804443359, 172.477813721, 173.151199341, 173.824569702, 174.509567261, 175.194549561, 175.879547119, 176.564529419, 177.237915039, 177.9112854, 178.596282959, 179.281265259, 179.966262817, 180.639633179, 181.313018799, 181.998001099, 182.682983398, 183.367980957, 184.052963257, 184.737960815, 185.411331177, 186.084716797, 186.769699097, 187.454696655, 188.128067017, 188.813064575, 189.498046875, 190.183029175, 190.868026733, 191.541397095, 192.214782715, 192.899765015, 193.584762573, 194.258132935, 194.931518555, 195.604888916, 196.289886475, 196.974868774, 197.659866333, 198.344848633, 199.029830933, 199.714828491, 200.388198853, 201.061584473, 201.746566772, 202.431564331, 203.116546631, 203.801544189, 204.486526489, 205.171508789, 205.844894409, 206.518280029, 207.203262329, 207.87663269, 208.561630249, 209.23500061, 209.919998169, 210.604980469, 211.115829468, 211.626663208, 212.137496948, 212.648345947, 213.159179688, 213.670013428, 214.180862427, 214.691696167, 215.202529907, 215.713378906, 216.224212646, 216.735046387, 217.245895386, 217.756729126, 218.267562866, 218.778411865, 219.289245605, 219.800079346, 220.310928345, 220.821762085, 221.332611084, 221.843444824, 222.354278564, 222.865127563, 223.375961304, 223.886795044, 224.397644043, 224.908477783, 225.419311523, 225.930160522, 226.440994263, 226.951828003, 227.462677002, 227.973510742, 228.484344482, 228.995193481, 229.506027222, 230.016860962, 230.527709961, 231.038543701, 231.549377441, 232.06022644, 232.571060181, 233.081893921, 233.604354858, 234.126800537, 234.660858154, 235.194915771, 235.728973389, 236.263031006, 236.797088623, 237.33114624, 237.841995239, 238.352828979, 238.86366272, 239.374511719, 239.885345459, 240.396179199, 240.907028198, 241.417861938, 241.928695679, 242.439544678, 242.950378418, 243.461227417, 243.972061157, 244.482894897, 244.993743896, 245.516189575, 246.038635254, 246.572692871]
