
metadata:
    version:
        essentia: "2.1-beta2"
    audio_properties:
        analysis_sample_rate: 44100
        bitrate: 192
        channels: 2
        equal_loudness: 1
        length: 230.008163452
        replay_gain: -13.8916168213
        downmix: "mix"
    tags:
        album: "Fallen"
        artist: "Evanescence"
        comment: "                          "
        date: "2020"
        genre: "Autres"
        title: "taking over me"
        tracknumber: "8"

configuration:
    average_loudness:
        compute: 1
        frameSize: 88200
        hopSize: 44100
        silentFrames: "noise"
        windowType: "hann"
    general:
        analysisSampleRate: 44100
        endTime: 2000
        equalLoudness: 1
        nequalLoudness: 0
        shortSound: 0
        startTime: 0
    lowlevel:
        compute: 1
        frameSize: 2048
        hopSize: 1024
        zeroPadding: 0
        silentFrames: "noise"
        windowType: "blackmanharris62"
        mfccStats: ["mean", "cov", "icov"]
        stats: ["mean", "var", "median", "min", "max", "dmean", "dmean2", "dvar", "dvar2"]
    panning:
        compute: 0
        frameSize: 8192
        hopSize: 2048
        zeroPadding: 8192
        silentFrames: "noise"
        windowType: "hann"
        stats: ["copy"]
    rhythm:
        compute: 1
        maxTempo: 208
        minTempo: 40
        method: "degara"
        stats: ["mean", "var", "median", "min", "max", "dmean", "dmean2", "dvar", "dvar2"]
    segmentation:
        compute: 0
        cpw: 5
        inc1: 300
        inc2: 50
        minimumSegmentsLength: 10
        size1: 1000
        size2: 600
    sfx:
        compute: 1
        stats: ["mean", "var", "median", "min", "max", "dmean", "dmean2", "dvar", "dvar2"]
    svm:
        compute: 0
    tonal:
        compute: 1
        frameSize: 4096
        hopSize: 2048
        zeroPadding: 0
        silentFrames: "noise"
        windowType: "blackmanharris62"
        stats: ["mean", "var", "median", "min", "max", "dmean", "dmean2", "dvar", "dvar2"]

lowlevel:
    average_loudness: 0.833911299706
    barkbands_kurtosis:
        dmean: 0.7867795825
        dmean2: 1.20324897766
        dvar: 2.13150048256
        dvar2: 4.14132833481
        max: 71.6097869873
        mean: 0.455387443304
        median: -0.682603895664
        min: -1.87182807922
        var: 16.9676990509
    barkbands_skewness:
        dmean: 0.302511811256
        dmean2: 0.468809634447
        dvar: 0.097521610558
        dvar2: 0.224013522267
        max: 5.59898042679
        mean: -0.359757900238
        median: -0.558490812778
        min: -3.30922532082
        var: 1.19540321827
    barkbands_spread:
        dmean: 4.08195924759
        dmean2: 6.42913484573
        dvar: 20.2342281342
        dvar2: 49.4315261841
        max: 61.5965499878
        mean: 27.1042232513
        median: 27.2927055359
        min: 0.368954837322
        var: 115.95375824
    dissonance:
        dmean: 0.0136526068673
        dmean2: 0.0232341960073
        dvar: 0.00040100509068
        dvar2: 0.00115785200614
        max: 0.499994039536
        mean: 0.46990942955
        median: 0.481677770615
        min: 0.137716472149
        var: 0.00128400698304
    hfc:
        dmean: 1.93184626102
        dmean2: 3.00605869293
        dvar: 5.61897611618
        dvar2: 13.3895425797
        max: 43.7291221619
        mean: 10.2821731567
        median: 9.50971698761
        min: 1.09622097444e-016
        var: 58.3105010986
    pitch:
        dmean: 558.229309082
        dmean2: 1077.68347168
        dvar: 1235840.75
        dvar2: 3251038.75
        max: 5033.67529297
        mean: 989.626953125
        median: 448.426330566
        min: 82.3051376343
        var: 1571942.5
    pitch_instantaneous_confidence:
        dmean: 0.0690570399165
        dmean2: 0.10885836184
        dvar: 0.00479527330026
        dvar2: 0.010832246393
        max: 0.981911480427
        mean: 0.543071627617
        median: 0.511690139771
        min: 0.0946809649467
        var: 0.0464586354792
    pitch_salience:
        dmean: 0.0471877865493
        dmean2: 0.0759295374155
        dvar: 0.00198389706202
        dvar2: 0.00509428558871
        max: 0.857535719872
        mean: 0.603734135628
        median: 0.621793448925
        min: 0.100414574146
        var: 0.0127435820177
    silence_rate_20dB:
        dmean: 0
        dmean2: 0
        dvar: 0
        dvar2: 0
        max: 1
        mean: 1
        median: 1
        min: 1
        var: 0
    silence_rate_30dB:
        dmean: 0
        dmean2: 0
        dvar: 0
        dvar2: 0
        max: 1
        mean: 1
        median: 1
        min: 1
        var: 0
    silence_rate_60dB:
        dmean: 0.0583484768867
        dmean2: 0.116708733141
        dvar: 0.0549518875778
        dvar2: 0.116421245039
        max: 1
        mean: 0.352578997612
        median: 0
        min: 0
        var: 0.22825486958
    spectral_centroid:
        dmean: 189.060058594
        dmean2: 294.338012695
        dvar: 53134.4179688
        dvar2: 110798.625
        max: 11694.8671875
        mean: 2109.05053711
        median: 2180.00463867
        min: 236.217315674
        var: 905991.4375
    spectral_complexity:
        dmean: 2.61881685257
        dmean2: 4.26491689682
        dvar: 9.56250858307
        dvar2: 22.8194179535
        max: 46
        mean: 14.6488342285
        median: 15
        min: 0
        var: 89.6484222412
    spectral_crest:
        dmean: 1.54982364178
        dmean2: 2.47401070595
        dvar: 2.42951512337
        dvar2: 6.08220815659
        max: 26.3318862915
        mean: 8.10536766052
        median: 6.85086536407
        min: 2.56108927727
        var: 16.7589244843
    spectral_decrease:
        dmean: 1.82330664455e-010
        dmean2: 2.84384515936e-010
        dvar: 5.42864806593e-020
        dvar2: 1.31618924043e-019
        max: 1.80407683829e-028
        mean: -9.55705625749e-010
        median: -9.57087964437e-010
        min: -3.52259421632e-009
        var: 3.53096184087e-019
    spectral_energy:
        dmean: 0.000843923713546
        dmean2: 0.00131192430854
        dvar: 1.11236670364e-006
        dvar2: 2.68396115644e-006
        max: 0.0161962918937
        mean: 0.00453967321664
        median: 0.00449900748208
        min: 1.01574709606e-020
        var: 8.39891981741e-006
    spectral_energyband_high:
        dmean: 0.000184977849131
        dmean2: 0.000291298987577
        dvar: 7.13894010573e-008
        dvar2: 1.64537922842e-007
        max: 0.00648114224896
        mean: 0.000554262194782
        median: 0.000413121888414
        min: 7.24719672625e-021
        var: 3.38890714602e-007
    spectral_energyband_low:
        dmean: 0.000133639085107
        dmean2: 0.000229871351621
        dvar: 1.2849729103e-007
        dvar2: 3.53041116341e-007
        max: 0.0045131649822
        mean: 0.000226593430853
        median: 0.000163394914125
        min: 2.5593060102e-023
        var: 1.17459208582e-007
    spectral_energyband_middle_high:
        dmean: 0.000568221264984
        dmean2: 0.000885173853021
        dvar: 4.55713887959e-007
        dvar2: 1.11339181785e-006
        max: 0.0117913139984
        mean: 0.00288421078585
        median: 0.00268053147011
        min: 1.24387506756e-021
        var: 4.54058272226e-006
    spectral_energyband_middle_low:
        dmean: 0.000319697690429
        dmean2: 0.000507681514136
        dvar: 2.47986179147e-007
        dvar2: 6.01846750214e-007
        max: 0.0089093670249
        mean: 0.000959891651291
        median: 0.000834076607134
        min: 1.70378443367e-022
        var: 5.98938981966e-007
    spectral_flatness_db:
        dmean: 0.0135112460703
        dmean2: 0.0207550227642
        dvar: 0.000217277090997
        dvar2: 0.000444506498752
        max: 0.539717435837
        mean: 0.177062794566
        median: 0.152970984578
        min: 0.0569898597896
        var: 0.00487114069983
    spectral_flux:
        dmean: 0.00703864777461
        dmean2: 0.0109383445233
        dvar: 6.25911343377e-005
        dvar2: 0.00014432700118
        max: 0.101680614054
        mean: 0.034583106637
        median: 0.0355389341712
        min: 6.44481690237e-011
        var: 0.000338643003488
    spectral_kurtosis:
        dmean: 1.5446845293
        dmean2: 2.6036336422
        dvar: 7.72313976288
        dvar2: 20.6141262054
        max: 82.43384552
        mean: 5.39832687378
        median: 3.77490091324
        min: -1.26369762421
        var: 44.0970306396
    spectral_rms:
        dmean: 0.000189491824131
        dmean2: 0.000287152710371
        dvar: 4.93837184479e-008
        dvar2: 1.08778955621e-007
        max: 0.00397507986054
        mean: 0.00194236519746
        median: 0.00209505972452
        min: 3.14797190051e-012
        var: 6.5617217615e-007
    spectral_rolloff:
        dmean: 224.129714966
        dmean2: 373.047729492
        dvar: 164601
        dvar2: 349545.28125
        max: 19810.546875
        mean: 3559.34643555
        median: 3746.77734375
        min: 279.931640625
        var: 2391850.5
    spectral_skewness:
        dmean: 0.177214592695
        dmean2: 0.292673140764
        dvar: 0.0463350228965
        dvar2: 0.121296741068
        max: 7.26495504379
        mean: 1.46791779995
        median: 1.30634534359
        min: -0.0866720527411
        var: 0.466244608164
    spectral_spread:
        dmean: 398530.3125
        dmean2: 587047.9375
        dvar: 479766118400
        dvar2: 902915555328
        max: 42801248
        mean: 4334755.5
        median: 3951347
        min: 1003238.125
        var: 1.02791412449e+013
    spectral_strongpeak:
        dmean: 0.79548406601
        dmean2: 1.33114051819
        dvar: 1.19452190399
        dvar2: 3.00562787056
        max: 12.7429761887
        mean: 1.76469445229
        median: 0.89561355114
        min: 0
        var: 3.97686290741
    zerocrossingrate:
        dmean: 0.00644687982276
        dmean2: 0.00784922577441
        dvar: 5.9745816543e-005
        dvar2: 7.32822372811e-005
        max: 0.52587890625
        mean: 0.111784271896
        median: 0.11669921875
        min: 0.0107421875
        var: 0.00190379284322
    barkbands:
        dmean: [2.16820893684e-007, 3.45235348505e-005, 8.46054099384e-005, 7.91140191723e-005, 0.000106352752482, 9.50801040744e-005, 0.000113286158012, 6.79947406752e-005, 3.40563892678e-005, 4.74570151709e-005, 7.36347792554e-005, 2.61903514911e-005, 3.32897288899e-005, 5.11811849719e-005, 8.8204847998e-005, 0.000177578331204, 0.000167908641743, 0.000193126848899, 0.000201530390768, 0.0002304235677, 7.29345047148e-005, 1.30708849611e-005, 2.73965065389e-006, 1.70544740286e-006, 1.03882359781e-006, 4.51112747157e-008, 3.96498833766e-010]
        dmean2: [3.37828879537e-007, 5.68153955101e-005, 0.000151888802066, 0.000135805094033, 0.000179466034751, 0.000150658175698, 0.000179756840225, 0.000106522689748, 5.41495101061e-005, 7.04940975993e-005, 0.000107348991151, 4.08503801737e-005, 5.31741861778e-005, 7.91313432273e-005, 0.000136603674036, 0.000285615649773, 0.000270599848591, 0.000315710814903, 0.000329332251567, 0.000368886685465, 0.000117597686767, 2.2214897399e-005, 4.33633840657e-006, 2.5777051178e-006, 1.58068712608e-006, 6.93493049653e-008, 6.37677188831e-010]
        dvar: [3.31103308833e-013, 9.1143990133e-009, 5.63605233594e-008, 2.67924971098e-008, 4.81045283607e-008, 3.4131680593e-008, 5.38388142957e-008, 2.157217871e-008, 3.09226066975e-009, 1.1809696332e-008, 2.05752304083e-008, 5.06613684337e-009, 5.59493873453e-009, 1.07440074615e-008, 3.61817633632e-008, 1.17885932127e-007, 7.30416473971e-008, 7.61979634945e-008, 6.99223576817e-008, 1.07636978441e-007, 1.58594612998e-008, 7.3898132058e-010, 5.13030347371e-011, 1.75727175866e-011, 6.39186576931e-012, 1.51191230623e-014, 8.68249302786e-019]
        dvar2: [7.79117710018e-013, 2.22382858794e-008, 1.62821137906e-007, 7.44185513213e-008, 1.23055443169e-007, 8.20067995733e-008, 1.26578015625e-007, 4.92850737999e-008, 7.21417992011e-009, 2.50802294488e-008, 4.17237551176e-008, 9.19593734494e-009, 1.31280062377e-008, 2.20565468112e-008, 7.92009089423e-008, 2.8817461839e-007, 1.81477233241e-007, 1.98521490802e-007, 1.81798029075e-007, 2.67975593715e-007, 3.8442887984e-008, 1.97081262421e-009, 1.08811022692e-010, 3.78523115629e-011, 1.38655571399e-011, 3.35414306735e-014, 1.80832704086e-018]
        max: [7.01121098245e-006, 0.00130604405422, 0.00294679217041, 0.00208312738687, 0.0056649139151, 0.0049506444484, 0.00517092552036, 0.00573502713814, 0.00174764776602, 0.00353224552236, 0.00411692960188, 0.00372234545648, 0.00166767660994, 0.00248849345371, 0.00359857990406, 0.00679629668593, 0.00787810329348, 0.00554558681324, 0.00559792388231, 0.00654402608052, 0.0029447034467, 0.000521914858837, 0.000233933591517, 0.000141231983434, 7.0465648605e-005, 2.69593328994e-006, 2.80552470144e-008]
        mean: [2.66246871661e-007, 5.51527846255e-005, 0.00012165417138, 0.000110817942186, 0.000174422413693, 0.000221260386752, 0.000226405842113, 0.000132353350637, 7.09398664185e-005, 0.000107637264591, 0.000199468282517, 4.88251243951e-005, 6.00979910814e-005, 0.000109599124698, 0.000179348906386, 0.000405163038522, 0.000415734422859, 0.000438562885392, 0.000573356519453, 0.000663600978442, 0.000184809250641, 2.8289430702e-005, 5.53657082492e-006, 4.20068045059e-006, 2.11499809666e-006, 6.60122836393e-008, 4.84451423421e-010]
        median: [7.32223384148e-008, 2.90741663775e-005, 6.12512376392e-005, 4.56169182144e-005, 0.000101070043456, 0.000101412137155, 0.000114784190373, 4.61349845864e-005, 4.33896057075e-005, 3.69878944184e-005, 5.62360764889e-005, 2.19174344238e-005, 3.15505712933e-005, 5.23840571987e-005, 7.16640424798e-005, 0.000201406379347, 0.000250507786404, 0.000309977360303, 0.000448834645795, 0.00045215402497, 0.0001194191791, 1.95581633307e-005, 3.021048542e-006, 2.52844279203e-006, 1.08898598228e-006, 1.6890332688e-008, 1.57526991451e-010]
        min: [1.05874718141e-024, 1.32706885059e-024, 1.13951864949e-024, 3.12230061603e-024, 1.03107717518e-023, 7.75948593266e-024, 8.7163639555e-024, 8.22764805864e-024, 1.567726785e-023, 1.2614296871e-023, 1.2890884915e-023, 2.42767447075e-023, 2.96249392327e-023, 2.86952982103e-023, 6.6958412661e-023, 5.58227259051e-023, 6.52661230035e-023, 8.02507883337e-023, 1.28803959049e-022, 1.97407291848e-022, 2.28388510168e-022, 3.14045804048e-022, 4.2559553232e-022, 5.77702455131e-022, 8.6864526219e-022, 1.31037081645e-021, 1.92053990868e-021]
        var: [3.73409988911e-013, 9.50408729494e-009, 4.36925411407e-008, 2.95542950113e-008, 7.58370148901e-008, 1.45675926433e-007, 1.15822871294e-007, 6.59459331587e-008, 9.65637703132e-009, 5.37633262354e-008, 1.25572782395e-007, 2.0138964274e-008, 1.19877974214e-008, 3.57231009218e-008, 1.02954139436e-007, 4.14153760175e-007, 2.98875761473e-007, 2.22266379524e-007, 3.32848912876e-007, 5.30169984359e-007, 5.85293733479e-008, 1.25208754476e-009, 1.12517072048e-010, 4.27657249891e-011, 1.3734111938e-011, 2.42421371605e-014, 1.67319695483e-018]
    frequency_bands:
        dmean: [2.16820893684e-007, 3.45235348505e-005, 8.46054099384e-005, 7.91140191723e-005, 0.000106352752482, 9.50801040744e-005, 0.000113286158012, 6.79947406752e-005, 3.40563892678e-005, 4.74570151709e-005, 7.36347792554e-005, 2.61903514911e-005, 3.32897288899e-005, 5.11811849719e-005, 8.8204847998e-005, 0.000177578331204, 0.000167908641743, 0.000193126848899, 0.000201530390768, 0.0002304235677, 7.29345047148e-005, 1.30708849611e-005, 2.73965065389e-006, 1.70544740286e-006, 1.03882359781e-006, 4.51112747157e-008, 3.96498833766e-010, 5.01267673203e-011]
        dmean2: [3.37828879537e-007, 5.68153955101e-005, 0.000151888802066, 0.000135805094033, 0.000179466034751, 0.000150658175698, 0.000179756840225, 0.000106522689748, 5.41495101061e-005, 7.04940975993e-005, 0.000107348991151, 4.08503801737e-005, 5.31741861778e-005, 7.91313432273e-005, 0.000136603674036, 0.000285615649773, 0.000270599848591, 0.000315710814903, 0.000329332251567, 0.000368886685465, 0.000117597686767, 2.2214897399e-005, 4.33633840657e-006, 2.5777051178e-006, 1.58068712608e-006, 6.93493049653e-008, 6.37677188831e-010, 9.29784721437e-011]
        dvar: [3.31103308833e-013, 9.1143990133e-009, 5.63605233594e-008, 2.67924971098e-008, 4.81045283607e-008, 3.4131680593e-008, 5.38388142957e-008, 2.157217871e-008, 3.09226066975e-009, 1.1809696332e-008, 2.05752304083e-008, 5.06613684337e-009, 5.59493873453e-009, 1.07440074615e-008, 3.61817633632e-008, 1.17885932127e-007, 7.30416473971e-008, 7.61979634945e-008, 6.99223576817e-008, 1.07636978441e-007, 1.58594612998e-008, 7.3898132058e-010, 5.13030347371e-011, 1.75727175866e-011, 6.39186576931e-012, 1.51191230623e-014, 8.68249302786e-019, 5.84775374434e-021]
        dvar2: [7.79117710018e-013, 2.22382858794e-008, 1.62821137906e-007, 7.44185513213e-008, 1.23055443169e-007, 8.20067995733e-008, 1.26578015625e-007, 4.92850737999e-008, 7.21417992011e-009, 2.50802294488e-008, 4.17237551176e-008, 9.19593734494e-009, 1.31280062377e-008, 2.20565468112e-008, 7.92009089423e-008, 2.8817461839e-007, 1.81477233241e-007, 1.98521490802e-007, 1.81798029075e-007, 2.67975593715e-007, 3.8442887984e-008, 1.97081262421e-009, 1.08811022692e-010, 3.78523115629e-011, 1.38655571399e-011, 3.35414306735e-014, 1.80832704086e-018, 1.84862879249e-020]
        max: [7.01121098245e-006, 0.00130604405422, 0.00294679217041, 0.00208312738687, 0.0056649139151, 0.0049506444484, 0.00517092552036, 0.00573502713814, 0.00174764776602, 0.00353224552236, 0.00411692960188, 0.00372234545648, 0.00166767660994, 0.00248849345371, 0.00359857990406, 0.00679629668593, 0.00787810329348, 0.00554558681324, 0.00559792388231, 0.00654402608052, 0.0029447034467, 0.000521914858837, 0.000233933591517, 0.000141231983434, 7.0465648605e-005, 2.69593328994e-006, 2.80552470144e-008, 7.05535019296e-010]
        mean: [2.66246871661e-007, 5.51527846255e-005, 0.00012165417138, 0.000110817942186, 0.000174422413693, 0.000221260386752, 0.000226405842113, 0.000132353350637, 7.09398664185e-005, 0.000107637264591, 0.000199468282517, 4.88251243951e-005, 6.00979910814e-005, 0.000109599124698, 0.000179348906386, 0.000405163038522, 0.000415734422859, 0.000438562885392, 0.000573356519453, 0.000663600978442, 0.000184809250641, 2.8289430702e-005, 5.53657082492e-006, 4.20068045059e-006, 2.11499809666e-006, 6.60122836393e-008, 4.84451423421e-010, 3.88619969538e-011]
        median: [7.32223384148e-008, 2.90741663775e-005, 6.12512376392e-005, 4.56169182144e-005, 0.000101070043456, 0.000101412137155, 0.000114784190373, 4.61349845864e-005, 4.33896057075e-005, 3.69878944184e-005, 5.62360764889e-005, 2.19174344238e-005, 3.15505712933e-005, 5.23840571987e-005, 7.16640424798e-005, 0.000201406379347, 0.000250507786404, 0.000309977360303, 0.000448834645795, 0.00045215402497, 0.0001194191791, 1.95581633307e-005, 3.021048542e-006, 2.52844279203e-006, 1.08898598228e-006, 1.6890332688e-008, 1.57526991451e-010, 1.17785165302e-011]
        min: [1.05874718141e-024, 1.32706885059e-024, 1.13951864949e-024, 3.12230061603e-024, 1.03107717518e-023, 7.75948593266e-024, 8.7163639555e-024, 8.22764805864e-024, 1.567726785e-023, 1.2614296871e-023, 1.2890884915e-023, 2.42767447075e-023, 2.96249392327e-023, 2.86952982103e-023, 6.6958412661e-023, 5.58227259051e-023, 6.52661230035e-023, 8.02507883337e-023, 1.28803959049e-022, 1.97407291848e-022, 2.28388510168e-022, 3.14045804048e-022, 4.2559553232e-022, 5.77702455131e-022, 8.6864526219e-022, 1.31037081645e-021, 1.92053990868e-021, 4.59403662094e-022]
        var: [3.73409988911e-013, 9.50408729494e-009, 4.36925411407e-008, 2.95542950113e-008, 7.58370148901e-008, 1.45675926433e-007, 1.15822871294e-007, 6.59459331587e-008, 9.65637703132e-009, 5.37633262354e-008, 1.25572782395e-007, 2.0138964274e-008, 1.19877974214e-008, 3.57231009218e-008, 1.02954139436e-007, 4.14153760175e-007, 2.98875761473e-007, 2.22266379524e-007, 3.32848912876e-007, 5.30169984359e-007, 5.85293733479e-008, 1.25208754476e-009, 1.12517072048e-010, 4.27657249891e-011, 1.3734111938e-011, 2.42421371605e-014, 1.67319695483e-018, 4.60499928841e-021]
    mfcc:
        mean: [-737.950866699, 91.1555938721, -61.0328674316, 46.5868530273, -12.0707950592, -21.3789234161, 3.22475743294, -12.6795005798, -3.48230147362, -3.28979992867, -10.3754682541, -1.50970995426, 3.00404214859]
        cov: [[10837.4355469, 599.353393555, -446.323577881, 2186.67700195, 425.012817383, 622.171813965, 4.41591835022, 43.6012039185, 435.424957275, 13.4413127899, 40.8079223633, -20.3556900024, -233.646072388], [599.353393555, 699.61315918, -120.006912231, 189.896224976, 31.0012340546, -46.3827934265, 49.3191795349, -53.6983718872, -15.4455652237, 10.063577652, 8.74623680115, -0.561350941658, -26.3981513977], [-446.323577881, -120.006912231, 645.088806152, 15.898191452, 131.224014282, 235.1378479, -92.8735275269, 105.276733398, 42.6426582336, -30.8743915558, 48.0846061707, -46.5907592773, -61.3109588623], [2186.67700195, 189.896224976, 15.898191452, 815.530151367, 225.415054321, 258.062255859, -14.1400938034, 62.222694397, 187.81098938, -40.8691329956, 15.5232057571, -30.4787654877, -82.7406921387], [425.012817383, 31.0012340546, 131.224014282, 225.415054321, 209.683456421, 115.236763, 8.1266336441, 46.3792762756, 79.0714187622, 4.88897609711, 2.83673238754, -6.81864547729, -31.4857826233], [622.171813965, -46.3827934265, 235.1378479, 258.062255859, 115.236763, 357.474914551, 1.9774286747, 124.46005249, 107.799133301, -39.1851577759, 70.4204940796, -58.5251998901, -49.187210083], [4.41591835022, 49.3191795349, -92.8735275269, -14.1400938034, 8.1266336441, 1.9774286747, 215.243041992, 28.4226570129, 19.0978832245, 33.2473258972, 10.8284368515, 1.84555244446, 27.8534126282], [43.6012039185, -53.6983718872, 105.276733398, 62.222694397, 46.3792762756, 124.46005249, 28.4226570129, 177.833282471, 83.5869750977, -15.2560110092, 34.4263877869, -12.3812408447, 3.93771409988], [435.424957275, -15.4455652237, 42.6426582336, 187.81098938, 79.0714187622, 107.799133301, 19.0978832245, 83.5869750977, 165.49269104, 7.75222110748, 19.3375148773, -20.5891780853, -16.6154823303], [13.4413127899, 10.063577652, -30.8743915558, -40.8691329956, 4.88897609711, -39.1851577759, 33.2473258972, -15.2560110092, 7.75222110748, 135.591522217, 24.973285675, 24.7617321014, 11.6292066574], [40.8079223633, 8.74623680115, 48.0846061707, 15.5232057571, 2.83673238754, 70.4204940796, 10.8284368515, 34.4263877869, 19.3375148773, 24.973285675, 129.884765625, 19.3041210175, -4.31178998947], [-20.3556900024, -0.561350941658, -46.5907592773, -30.4787654877, -6.81864547729, -58.5251998901, 1.84555244446, -12.3812408447, -20.5891780853, 24.7617321014, 19.3041210175, 109.024909973, 37.3428115845], [-233.646072388, -26.3981513977, -61.3109588623, -82.7406921387, -31.4857826233, -49.187210083, 27.8534126282, 3.93771409988, -16.6154823303, 11.6292066574, -4.31178998947, 37.3428115845, 97.7387619019]]
        icov: [[0.000235974323004, -6.28364159638e-006, 0.000201403832762, -0.000635874806903, 0.00019942385552, -0.000244784896495, 3.20794606523e-005, 6.39610807411e-005, 7.38744420232e-005, -0.000256252853433, 0.000106859246443, -0.000172968924744, 0.000193626998225], [-6.28364159638e-006, 0.00177636439912, 5.87520662521e-005, -0.000712975859642, -0.000120900847833, 0.000705382088199, -0.000529670098331, 0.000183673182619, 0.000687289109919, 1.78642778792e-006, -0.000584560155403, 0.00036123758764, 0.000310443254421], [0.000201403832762, 5.87520662521e-005, 0.00321451877244, 0.000624676176812, -0.0018919656286, -0.00204785354435, 0.00143780442886, -0.00070559931919, 0.000505408621393, -0.000167759717442, -0.000125563543406, 4.11520013586e-005, 0.00110582925845], [-0.000635874806903, -0.000712975859642, 0.000624676176812, 0.00491560949013, -0.00272420817055, -0.00142890727147, 0.000709239044227, 0.000606067827903, -0.00236521614715, 0.00143579544965, 0.000194783438928, -0.000373079237761, 0.000595524499658], [0.00019942385552, -0.000120900847833, -0.0018919656286, -0.00272420817055, 0.00934567302465, -0.000499258283526, -0.00115901732352, 6.77283460391e-005, -0.0012819962576, -0.00147840718273, 0.00186410709284, -0.00167160888668, 0.000716895447113], [-0.000244784896495, 0.000705382088199, -0.00204785354435, -0.00142890727147, -0.000499258283526, 0.00799771491438, -0.000937790202443, -0.00224635726772, -0.000185702985618, 0.0014864297118, -0.00340210483409, 0.00299386680126, -0.000169483013451], [3.20794606523e-005, -0.000529670098331, 0.00143780442886, 0.000709239044227, -0.00115901732352, -0.000937790202443, 0.00601207371801, -0.0011802285444, -0.000207661214517, -0.00124560738914, -0.000119248681585, 0.000690849090461, -0.00123142113443], [6.39610807411e-005, 0.000183673182619, -0.00070559931919, 0.000606067827903, 6.77283460391e-005, -0.00224635726772, -0.0011802285444, 0.00988436210901, -0.00429927557707, 0.00138412963133, -0.000733382476028, -0.000632247771136, -0.00158394395839], [7.38744420232e-005, 0.000687289109919, 0.000505408621393, -0.00236521614715, -0.0012819962576, -0.000185702985618, -0.000207661214517, -0.00429927557707, 0.0117260999978, -0.00201114709489, -0.000289759860607, 0.00163000472821, 1.03712913813e-007], [-0.000256252853433, 1.78642778792e-006, -0.000167759717442, 0.00143579544965, -0.00147840718273, 0.0014864297118, -0.00124560738914, 0.00138412963133, -0.00201114709489, 0.00948231015354, -0.00246601132676, -0.000870505755302, -0.000177178328158], [0.000106859246443, -0.000584560155403, -0.000125563543406, 0.000194783438928, 0.00186410709284, -0.00340210483409, -0.000119248681585, -0.000733382476028, -0.000289759860607, -0.00246601132676, 0.010831028223, -0.00360914273188, 0.00123652163893], [-0.000172968924744, 0.00036123758764, 4.11520013586e-005, -0.000373079237761, -0.00167160888668, 0.00299386680126, 0.000690849090461, -0.000632247771136, 0.00163000472821, -0.000870505755302, -0.00360914273188, 0.0132056633011, -0.0046331663616], [0.000193626998225, 0.000310443254421, 0.00110582925845, 0.000595524499658, 0.000716895447113, -0.000169483013451, -0.00123142113443, -0.00158394395839, 1.03712913813e-007, -0.000177178328158, 0.00123652163893, -0.0046331663616, 0.0143821155652]]
    sccoeffs:
        dmean: [0.044655688107, 0.0422139577568, 0.0343479700387, 0.029669161886, 0.0210868846625, 0.0163553077728]
        dmean2: [0.0742571651936, 0.0689958184958, 0.0547940433025, 0.0476259626448, 0.0340064950287, 0.0260733924806]
        dvar: [0.00156597909518, 0.00133721635211, 0.000927381275687, 0.000666074221954, 0.000342565122992, 0.00024047572515]
        dvar2: [0.00426100101322, 0.00344009324908, 0.00217760680243, 0.00158541987184, 0.000805598741863, 0.000534975610208]
        max: [-0.33732226491, -0.348613470793, -0.399409204721, -0.469852089882, -0.491013646126, -0.569199442863]
        mean: [-0.691085934639, -0.711587071419, -0.739090502262, -0.754856348038, -0.758520483971, -0.759649455547]
        median: [-0.692685604095, -0.725673437119, -0.749692976475, -0.763293504715, -0.766313135624, -0.755285084248]
        min: [-0.978518307209, -0.983128964901, -0.97559607029, -0.970390439034, -0.966907024384, -0.96422624588]
        var: [0.0057594878599, 0.00824515055865, 0.00673843873665, 0.00523264007643, 0.00389184290543, 0.00232233596034]
    scvalleys:
        dmean: [0.372947067022, 0.332846224308, 0.289166986942, 0.251622319221, 0.193111911416, 0.229957506061]
        dmean2: [0.609658360481, 0.542108654976, 0.465690463781, 0.401081085205, 0.300557136536, 0.332991153002]
        dvar: [0.132933825254, 0.1180883497, 0.101965367794, 0.0904931128025, 0.0690966397524, 0.0994738489389]
        dvar2: [0.308015912771, 0.269703924656, 0.216616421938, 0.178597733378, 0.131494671106, 0.189892843366]
        max: [-5.31446552277, -4.98756694794, -5.52515554428, -5.73286724091, -5.60203266144, -7.65765857697]
        mean: [-7.8580121994, -7.24130725861, -7.70543861389, -7.79558563232, -7.48017597198, -10.3714933395]
        median: [-7.02452039719, -6.74466896057, -7.22322130203, -7.08529663086, -6.65628004074, -9.64490318298]
        min: [-28.567949295, -27.7913742065, -27.7459106445, -27.7315196991, -27.6489219666, -27.4090042114]
        var: [5.28985404968, 4.0588927269, 3.74015188217, 4.45250940323, 5.04879522324, 4.81835746765]

rhythm:
    beats_loudness:
        dmean: 0.0016952365404
        dmean2: 0.00293247401714
        dvar: 2.25066423809e-006
        dvar2: 6.21479102847e-006
        max: 0.0122625706717
        mean: 0.00533842016011
        median: 0.00555392727256
        min: 0
        var: 8.69179257279e-006
    bpm: 90.0635528564
    bpm_confidence: 0
    first_peak_bpm: 91
    first_peak_spread: 0.42307689786
    first_peak_weight: 0.507042229176
    onset_rate: 2.33904743195
    second_peak_bpm: 120
    second_peak_spread: 0.466666668653
    second_peak_weight: 0.0225352104753
    beats_loudness_band_ratio:
        dmean: [0.0663495585322, 0.0859316512942, 0.0915311649442, 0.0849547386169, 0.107741378248, 0.102471128106]
        dmean2: [0.119163297117, 0.15127107501, 0.162788882852, 0.144392639399, 0.182688459754, 0.175702914596]
        dvar: [0.00616849726066, 0.0134340450168, 0.0155261205509, 0.0116935586557, 0.00849636644125, 0.00752611504868]
        dvar2: [0.0172775220126, 0.033297277987, 0.0398214794695, 0.032016415149, 0.021909493953, 0.0231879148632]
        max: [0.557063281536, 0.883390426636, 0.846190929413, 0.946991682053, 0.804917573929, 0.628093004227]
        mean: [0.0956120043993, 0.121624194086, 0.138445988297, 0.127794414759, 0.281605035067, 0.261203736067]
        median: [0.0731046721339, 0.07076523453, 0.0797696635127, 0.0749230086803, 0.280278146267, 0.278486251831]
        min: [0, 0, 0, 0, 0, 0]
        var: [0.00853225868195, 0.0254303794354, 0.0247060321271, 0.0207758322358, 0.0225591659546, 0.0190449990332]
    beats_position: [0.696598649025, 1.40480720997, 2.12462592125, 2.8444442749, 3.52943301201, 4.20281171799, 4.87619018555, 5.54956912994, 6.2229475975, 6.88471651077, 7.5464849472, 8.2198638916, 8.893242836, 9.55501079559, 10.2167797089, 10.8901586533, 11.5519275665, 12.2136955261, 12.8870744705, 13.5604534149, 14.2222223282, 14.8839902878, 15.5573692322, 16.2191371918, 16.8809070587, 17.5426750183, 18.2160549164, 18.877822876, 19.5512008667, 20.2129707336, 20.8747386932, 21.548116684, 22.221496582, 22.8948745728, 23.5682544708, 24.2300224304, 24.89179039, 25.553560257, 26.2153282166, 26.8887062073, 27.5620861053, 28.2238540649, 28.8740139008, 29.5357818604, 30.2091598511, 30.870929718, 31.5326976776, 32.2060775757, 32.8794555664, 33.5412254333, 34.2029914856, 34.8763694763, 35.5381393433, 36.1999092102, 36.8732872009, 37.5466651917, 38.2200431824, 38.8818130493, 39.5435829163, 40.1937408447, 40.8671188354, 41.5288887024, 42.1906585693, 42.8640365601, 43.5258026123, 44.1875724792, 44.86095047, 45.5227203369, 46.1844902039, 46.8462562561, 47.508026123, 48.1814041138, 48.8431739807, 49.5049438477, 50.1783218384, 50.8516998291, 51.513469696, 52.1752357483, 52.8370056152, 53.510383606, 54.1721534729, 54.8455314636, 55.5189094543, 56.1806793213, 56.8424491882, 57.515827179, 58.1775970459, 58.8393630981, 59.5127410889, 60.1745109558, 60.8362808228, 61.498046875, 62.1598167419, 62.8331947327, 63.5065765381, 64.1683425903, 64.8301086426, 65.5034942627, 66.1768722534, 66.8270263672, 67.5004043579, 68.1737823486, 68.8355560303, 69.4973220825, 70.1474838257, 70.8208618164, 71.4942398071, 72.1560058594, 72.817779541, 73.4911575317, 74.1645355225, 74.8263015747, 75.488067627, 76.1382293701, 76.8116073608, 77.4733810425, 78.1351470947, 78.8085250854, 79.4819030762, 80.1436691284, 80.8054428101, 81.4788208008, 82.140586853, 82.8023605347, 83.4757385254, 84.1491165161, 84.8108825684, 85.4726486206, 86.1460266113, 86.807800293, 87.4695663452, 88.1429443359, 88.8163223267, 89.4780960083, 90.1398620605, 90.8016281128, 91.4634017944, 92.1367797852, 92.7985458374, 93.460319519, 94.1336975098, 94.8070755005, 95.4688415527, 96.130607605, 96.8039855957, 97.4657592773, 98.1275253296, 98.7892990112, 99.4510650635, 100.112831116, 100.774604797, 101.43637085, 102.098136902, 102.771514893, 103.444892883, 104.118278503, 104.780044556, 105.453422546, 106.115188599, 106.788566589, 107.46194458, 108.123718262, 108.785484314, 109.447257996, 110.120635986, 110.782402039, 111.455780029, 112.117546082, 112.779319763, 113.441085815, 114.114463806, 114.787841797, 115.449615479, 116.111381531, 116.773147583, 117.446525574, 118.119903564, 118.770065308, 119.443443298, 120.116821289, 120.778594971, 121.451972961, 122.113739014, 122.775505066, 123.437278748, 124.0990448, 124.760810852, 125.434196472, 126.107574463, 126.769340515, 127.431106567, 128.104492188, 128.76625061, 129.428024292, 130.101409912, 130.763168335, 131.424942017, 132.098312378, 132.771697998, 133.43347168, 134.095230103, 134.757003784, 135.418777466, 136.092147827, 136.753921509, 137.41569519, 138.089065552, 138.762451172, 139.424209595, 140.085983276, 140.759368896, 141.421127319, 142.082901001, 142.756271362, 143.418045044, 144.091430664, 144.753189087, 145.414962769, 146.07673645, 146.738494873, 147.423492432, 148.096862793, 148.770248413, 149.455230713, 150.093780518, 150.732330322, 151.370880127, 152.055877686, 152.740859985, 153.414230347, 154.087615967, 154.761001587, 155.434371948, 156.09614563, 156.746307373, 157.408065796, 158.081451416, 158.743209839, 159.404983521, 160.066757202, 160.728515625, 161.390289307, 162.052062988, 162.72543335, 163.39881897, 164.072189331, 164.733963013, 165.395736694, 166.069107056, 166.742492676, 167.404266357, 168.077636719, 168.7394104, 169.412780762, 170.086166382, 170.747940063, 171.409698486, 172.071472168, 172.73324585, 173.406616211, 174.080001831, 174.741760254, 175.403533936, 176.076919556, 176.738677979, 177.40045166, 178.073822021, 178.735595703, 179.397369385, 180.070739746, 180.744125366, 181.405899048, 182.067657471, 182.729431152, 183.391204834, 184.064575195, 184.726348877, 185.3881073, 186.06149292, 186.73487854, 187.408248901, 188.070022583, 188.731781006, 189.393554688, 190.055328369, 190.717086792, 191.378860474, 192.052246094, 192.725616455, 193.387390137, 194.049163818, 194.72253418, 195.384307861, 196.046066284, 196.719451904, 197.381225586, 198.042984009, 198.716369629, 199.38973999, 200.051513672, 200.713287354, 201.375045776, 202.036819458, 202.710205078, 203.383575439, 204.045349121, 204.707122803, 205.380493164, 206.042266846, 206.704025269, 207.377410889, 208.03918457, 208.700942993, 209.374328613, 210.047698975, 210.721084595, 211.231918335, 211.731155396, 212.230377197, 212.718002319, 213.205612183, 213.693237305, 214.204071045, 214.703308105, 215.214141846, 215.713378906, 216.212600708, 216.711837769, 217.12979126, 217.547744751, 217.965713501, 218.383666992, 218.801635742, 219.219589233, 219.637542725, 220.159988403, 220.694061279, 221.216506958, 221.704116821, 222.203353882, 222.702575684, 223.143753052, 223.584945679, 224.026123047, 224.467300415, 224.908477783, 225.349655151, 225.79083252, 226.220397949, 226.649978638, 227.079544067, 227.509109497, 227.938674927, 228.368255615, 228.797821045, 229.227386475]
    bpm_estimates: [87.5926818848, 89.1029052734, 89.102935791, 89.1028747559, 89.102935791, 90.6660919189, 90.6661529541, 89.1028747559, 89.1028747559, 90.6662216187, 90.6660919189, 89.1028747559, 90.6660919189, 90.6662216187, 89.1028747559, 89.1028747559, 90.6660919189, 90.6662216187, 89.1028747559, 90.6662216187, 90.6659622192, 90.6662216187, 89.1027526855, 90.6662216187, 89.1030044556, 90.6659622192, 90.6662216187, 89.1030044556, 89.1027526855, 89.1030044556, 89.1027526855, 90.6662216187, 90.6662216187, 90.6659622192, 90.6662216187, 89.1030044556, 89.1027526855, 90.6662216187, 92.2849960327, 90.6662216187, 89.1030044556, 90.6659622192, 90.6662216187, 89.1027526855, 89.1030044556, 90.6659622192, 90.6664810181, 89.1030044556, 90.6659622192, 90.6659622192, 89.1030044556, 89.1030044556, 89.1030044556, 90.6659622192, 90.6659622192, 92.2852706909, 89.1030044556, 90.6659622192, 90.6659622192, 89.1030044556, 90.6664810181, 90.6659622192, 89.1030044556, 90.6659622192, 90.6659622192, 90.6664810181, 90.6659622192, 89.1030044556, 90.6659622192, 90.6659622192, 89.1030044556, 89.1030044556, 90.6659622192, 90.6664810181, 90.6659622192, 89.1030044556, 90.6659622192, 89.1030044556, 89.1030044556, 90.6659622192, 90.6659622192, 89.1030044556, 90.6659622192, 90.6664810181, 89.1030044556, 90.6659622192, 90.6659622192, 90.6664810181, 90.6659622192, 89.1030044556, 89.1024932861, 90.6664810181, 90.6664810181, 89.1019897461, 89.1030044556, 92.2858123779, 89.1030044556, 89.1030044556, 90.665435791, 90.6664810181, 92.2847290039, 89.1030044556, 89.1030044556, 90.6664810181, 90.665435791, 89.1030044556, 89.1030044556, 90.6664810181, 90.6664810181, 92.2847290039, 89.1030044556, 90.665435791, 90.6664810181, 89.1030044556, 89.1030044556, 90.6664810181, 90.665435791, 89.1030044556, 90.6664810181, 90.665435791, 89.1030044556, 89.1030044556, 90.6664810181, 90.6664810181, 89.1030044556, 90.665435791, 90.6664810181, 89.1030044556, 89.1030044556, 90.665435791, 90.6664810181, 90.6664810181, 90.665435791, 89.1030044556, 90.6664810181, 90.665435791, 89.1030044556, 89.1030044556, 90.6664810181, 90.6664810181, 89.1030044556, 90.665435791, 90.6664810181, 90.665435791, 90.6664810181, 90.6664810181, 90.665435791, 90.6664810181, 90.6664810181, 89.1030044556, 89.1030044556, 89.1019897461, 90.6664810181, 89.1030044556, 90.6664810181, 89.1030044556, 89.1030044556, 90.665435791, 90.6664810181, 90.665435791, 89.1030044556, 90.6664810181, 89.1030044556, 90.6664810181, 90.665435791, 90.6664810181, 89.1030044556, 89.1030044556, 90.665435791, 90.6664810181, 90.6664810181, 89.1030044556, 89.1030044556, 92.2847290039, 89.1030044556, 89.1030044556, 90.665435791, 89.1030044556, 90.6664810181, 90.6664810181, 90.665435791, 90.6664810181, 90.6664810181, 89.1019897461, 89.1030044556, 90.6664810181, 90.6664810181, 89.1019897461, 90.6675262451, 90.665435791, 89.1019897461, 90.6675262451, 90.665435791, 89.1040115356, 89.1019897461, 90.665435791, 90.6675262451, 90.665435791, 90.665435791, 89.1040115356, 90.665435791, 90.665435791, 89.1040115356, 89.1019897461, 90.6675262451, 90.665435791, 89.1019897461, 90.6675262451, 90.665435791, 89.1040115356, 90.665435791, 89.1019897461, 90.6675262451, 90.665435791, 90.665435791, 90.6675262451, 87.5915527344, 89.1040115356, 89.1019897461, 87.5935058594, 93.9629135132, 93.9629135132, 93.9629135132, 87.5915527344, 87.5935058594, 89.1040115356, 89.1019897461, 89.1019897461, 89.1040115356, 90.665435791, 92.2847290039, 90.6675262451, 89.1019897461, 90.6675262451, 90.665435791, 90.665435791, 90.6675262451, 90.665435791, 90.665435791, 89.1040115356, 89.1019897461, 89.1040115356, 90.665435791, 90.665435791, 89.1040115356, 89.1019897461, 90.665435791, 89.1040115356, 90.665435791, 89.1040115356, 89.1019897461, 90.665435791, 90.6675262451, 90.665435791, 90.665435791, 89.1040115356, 89.1019897461, 90.6675262451, 90.665435791, 89.1019897461, 90.6675262451, 90.665435791, 89.1040115356, 90.665435791, 90.665435791, 89.1040115356, 89.1019897461, 90.665435791, 90.6675262451, 90.665435791, 90.665435791, 89.1040115356, 90.665435791, 90.6675262451, 89.1019897461, 89.1019897461, 89.1040115356, 90.665435791, 90.6675262451, 90.665435791, 90.665435791, 90.6675262451, 90.665435791, 89.1019897461, 89.1040115356, 90.665435791, 90.665435791, 89.1040115356, 90.665435791, 90.6675262451, 89.1019897461, 90.665435791, 90.6675262451, 89.1019897461, 89.1040115356, 90.665435791, 90.665435791, 90.6675262451, 90.665435791, 89.1019897461, 89.1040115356, 90.665435791, 90.665435791, 89.1040115356, 90.665435791, 90.6675262451, 89.1019897461, 90.665435791, 90.6675262451, 89.1019897461, 89.1040115356, 89.1019897461]
