
metadata:
    version:
        essentia: "2.1-beta2"
    audio_properties:
        analysis_sample_rate: 44100
        bitrate: 192
        channels: 2
        equal_loudness: 1
        length: 278.099578857
        replay_gain: -13.9849262238
        downmix: "mix"
    tags:
        album: "Fallen"
        artist: "Evanescence"
        comment: "                          "
        date: "2020"
        genre: "Autres"
        title: "tourniquet"
        tracknumber: "6"

configuration:
    average_loudness:
        compute: 1
        frameSize: 88200
        hopSize: 44100
        silentFrames: "noise"
        windowType: "hann"
    general:
        analysisSampleRate: 44100
        endTime: 2000
        equalLoudness: 1
        nequalLoudness: 0
        shortSound: 0
        startTime: 0
    lowlevel:
        compute: 1
        frameSize: 2048
        hopSize: 1024
        zeroPadding: 0
        silentFrames: "noise"
        windowType: "blackmanharris62"
        mfccStats: ["mean", "cov", "icov"]
        stats: ["mean", "var", "median", "min", "max", "dmean", "dmean2", "dvar", "dvar2"]
    panning:
        compute: 0
        frameSize: 8192
        hopSize: 2048
        zeroPadding: 8192
        silentFrames: "noise"
        windowType: "hann"
        stats: ["copy"]
    rhythm:
        compute: 1
        maxTempo: 208
        minTempo: 40
        method: "degara"
        stats: ["mean", "var", "median", "min", "max", "dmean", "dmean2", "dvar", "dvar2"]
    segmentation:
        compute: 0
        cpw: 5
        inc1: 300
        inc2: 50
        minimumSegmentsLength: 10
        size1: 1000
        size2: 600
    sfx:
        compute: 1
        stats: ["mean", "var", "median", "min", "max", "dmean", "dmean2", "dvar", "dvar2"]
    svm:
        compute: 0
    tonal:
        compute: 1
        frameSize: 4096
        hopSize: 2048
        zeroPadding: 0
        silentFrames: "noise"
        windowType: "blackmanharris62"
        stats: ["mean", "var", "median", "min", "max", "dmean", "dmean2", "dvar", "dvar2"]

lowlevel:
    average_loudness: 0.775862574577
    barkbands_kurtosis:
        dmean: 0.961862683296
        dmean2: 1.56663179398
        dvar: 10.2397117615
        dvar2: 27.2063064575
        max: 108.591003418
        mean: 0.170297116041
        median: -0.862058758736
        min: -1.8355281353
        var: 20.7732124329
    barkbands_skewness:
        dmean: 0.344480067492
        dmean2: 0.536495268345
        dvar: 0.143013581634
        dvar2: 0.348625510931
        max: 8.31152057648
        mean: 0.0110613275319
        median: -0.161908060312
        min: -3.75197052956
        var: 1.07426846027
    barkbands_spread:
        dmean: 4.31531190872
        dmean2: 6.72011423111
        dvar: 20.1004238129
        dvar2: 49.5280342102
        max: 70.7051544189
        mean: 27.8319568634
        median: 28.2665100098
        min: 0.233514264226
        var: 115.869758606
    dissonance:
        dmean: 0.014895289205
        dmean2: 0.02513676323
        dvar: 0.000403146492317
        dvar2: 0.00115158350673
        max: 0.499999910593
        mean: 0.470617264509
        median: 0.479029119015
        min: 0.207794547081
        var: 0.000927781744394
    hfc:
        dmean: 1.5654001236
        dmean2: 2.38797807693
        dvar: 4.83645153046
        dvar2: 10.5891742706
        max: 53.863986969
        mean: 8.10083961487
        median: 7.37571239471
        min: 1.10132725962e-016
        var: 50.1196632385
    pitch:
        dmean: 425.603210449
        dmean2: 816.938964844
        dvar: 943368.25
        dvar2: 2508336.5
        max: 5085.375
        mean: 697.229003906
        median: 339.000549316
        min: 64.9250717163
        var: 1101660.25
    pitch_instantaneous_confidence:
        dmean: 0.076894454658
        dmean2: 0.121256969869
        dvar: 0.00507701560855
        dvar2: 0.0114737236872
        max: 0.960432767868
        mean: 0.490117758512
        median: 0.473147273064
        min: 0.129209458828
        var: 0.0312781669199
    pitch_salience:
        dmean: 0.0542930811644
        dmean2: 0.0871135443449
        dvar: 0.00262500531971
        dvar2: 0.00669444352388
        max: 0.857483923435
        mean: 0.611402630806
        median: 0.622360944748
        min: 0.137394890189
        var: 0.00878018606454
    silence_rate_20dB:
        dmean: 0
        dmean2: 0
        dvar: 0
        dvar2: 0
        max: 1
        mean: 1
        median: 1
        min: 1
        var: 0
    silence_rate_30dB:
        dmean: 0
        dmean2: 0
        dvar: 0
        dvar2: 0
        max: 1
        mean: 1
        median: 1
        min: 1
        var: 0
    silence_rate_60dB:
        dmean: 0.0509309507906
        dmean2: 0.101870410144
        dvar: 0.0483267270029
        dvar2: 0.105853877962
        max: 1
        mean: 0.429120063782
        median: 0
        min: 0
        var: 0.244996711612
    spectral_centroid:
        dmean: 200.153503418
        dmean2: 311.382110596
        dvar: 51539.515625
        dvar2: 110360.773438
        max: 11179.9746094
        mean: 1708.02990723
        median: 1826.55419922
        min: 203.254180908
        var: 417752.96875
    spectral_complexity:
        dmean: 2.73407363892
        dmean2: 4.36598205566
        dvar: 11.0023612976
        dvar2: 24.6123657227
        max: 52
        mean: 13.6835861206
        median: 14
        min: 0
        var: 97.7299499512
    spectral_crest:
        dmean: 1.72488737106
        dmean2: 2.76383566856
        dvar: 3.18538713455
        dvar2: 7.80141162872
        max: 26.0895462036
        mean: 7.47433853149
        median: 6.30032730103
        min: 2.38760137558
        var: 14.9332551956
    spectral_decrease:
        dmean: 1.96114929851e-010
        dmean2: 3.09132330845e-010
        dvar: 9.25728713534e-020
        dvar2: 2.24070716834e-019
        max: -1.0307922526e-028
        mean: -8.80412798221e-010
        median: -8.42632130738e-010
        min: -4.68880934079e-009
        var: 4.66959844302e-019
    spectral_energy:
        dmean: 0.000858875166159
        dmean2: 0.00134277564939
        dvar: 1.6905468101e-006
        dvar2: 4.02460136684e-006
        max: 0.019327679649
        mean: 0.00405764440075
        median: 0.00389103218913
        min: 1.03784162336e-020
        var: 1.01054229162e-005
    spectral_energyband_high:
        dmean: 0.000142400938785
        dmean2: 0.000221966882236
        dvar: 5.43173612755e-008
        dvar2: 1.20640862633e-007
        max: 0.00420464295894
        mean: 0.000414904818172
        median: 0.000289377465378
        min: 7.62545898867e-021
        var: 2.4330705628e-007
    spectral_energyband_low:
        dmean: 0.000197542656679
        dmean2: 0.000343046558555
        dvar: 2.46451236308e-007
        dvar2: 6.9308316597e-007
        max: 0.00602807104588
        mean: 0.00025723897852
        median: 0.000148631079355
        min: 7.88359694556e-023
        var: 1.90062166894e-007
    spectral_energyband_middle_high:
        dmean: 0.00046550881234
        dmean2: 0.000706388440449
        dvar: 3.89217291286e-007
        dvar2: 8.563783922e-007
        max: 0.0146197099239
        mean: 0.00238777301274
        median: 0.00203064572997
        min: 1.44633923549e-021
        var: 4.57143642052e-006
    spectral_energyband_middle_low:
        dmean: 0.000427715567639
        dmean2: 0.000684196129441
        dvar: 6.11373820902e-007
        dvar2: 1.51298604578e-006
        max: 0.0134893106297
        mean: 0.00112633884419
        median: 0.000828134361655
        min: 3.48581326685e-022
        var: 1.28070257688e-006
    spectral_flatness_db:
        dmean: 0.0131926434115
        dmean2: 0.0201216284186
        dvar: 0.000178663278348
        dvar2: 0.00041221617721
        max: 0.524284601212
        mean: 0.165712177753
        median: 0.149736076593
        min: 0.0506291203201
        var: 0.00362210976891
    spectral_flux:
        dmean: 0.00708069745451
        dmean2: 0.0107653746381
        dvar: 7.74104410084e-005
        dvar2: 0.000166769939824
        max: 0.117684036493
        mean: 0.0330124124885
        median: 0.0333077572286
        min: 1.01874508829e-010
        var: 0.000408210791647
    spectral_kurtosis:
        dmean: 2.50690031052
        dmean2: 4.19199562073
        dvar: 51.5476837158
        dvar2: 127.989707947
        max: 258.79598999
        mean: 8.48625564575
        median: 4.39793395996
        min: -1.21734786034
        var: 412.097229004
    spectral_rms:
        dmean: 0.000193016894627
        dmean2: 0.000293894700008
        dvar: 6.24663627491e-008
        dvar2: 1.40153261441e-007
        max: 0.00434238091111
        mean: 0.00178014766425
        median: 0.00194836570881
        min: 3.18202517287e-012
        var: 7.89754722064e-007
    spectral_rolloff:
        dmean: 282.208770752
        dmean2: 466.603668213
        dvar: 139682.078125
        dvar2: 283217.625
        max: 18497.0214844
        mean: 3128.14331055
        median: 3466.84570313
        min: 193.798828125
        var: 1134415.125
    spectral_skewness:
        dmean: 0.220928817987
        dmean2: 0.367242127657
        dvar: 0.12298642844
        dvar2: 0.310231149197
        max: 13.1610469818
        mean: 1.71478509903
        median: 1.44516134262
        min: -0.142721623182
        var: 1.67443108559
    spectral_spread:
        dmean: 359512.78125
        dmean2: 513339.8125
        dvar: 308891877376
        dvar2: 452013621248
        max: 41437028
        mean: 3906757.5
        median: 3824926
        min: 417889.21875
        var: 2.31420749414e+012
    spectral_strongpeak:
        dmean: 0.558876514435
        dmean2: 0.948682248592
        dvar: 0.810900568962
        dvar2: 2.05269861221
        max: 10.2755784988
        mean: 1.10378742218
        median: 0.419777929783
        min: 5.79115910782e-009
        var: 2.27532172203
    zerocrossingrate:
        dmean: 0.00648325122893
        dmean2: 0.0078580416739
        dvar: 4.53823668067e-005
        dvar2: 5.04053532495e-005
        max: 0.48486328125
        mean: 0.0948801264167
        median: 0.10302734375
        min: 0.0087890625
        var: 0.000977429095656
    barkbands:
        dmean: [2.61185391537e-007, 5.11308571731e-005, 0.000111460896733, 0.000124285390484, 0.000144664605614, 0.000146136109834, 0.000108806598291, 3.97238691221e-005, 7.68814352341e-005, 6.81051678839e-005, 5.68319956074e-005, 4.20623218815e-005, 5.0790997193e-005, 6.39457139187e-005, 8.8332220912e-005, 0.000136619681143, 0.000133164445288, 0.00013567370479, 0.000158947426826, 0.000166466386872, 6.04001761531e-005, 1.00221941466e-005, 2.27033069677e-006, 1.65556275533e-006, 1.10437565581e-006, 4.5230116541e-008, 3.709801355e-010]
        dmean2: [4.09334518281e-007, 8.23900991236e-005, 0.000200296417461, 0.000206666780286, 0.00024173525162, 0.000231605954468, 0.00017685838975, 6.57100172248e-005, 0.000115407565318, 0.000102834652353, 8.28019328765e-005, 6.32657829556e-005, 8.10301135061e-005, 9.91425622487e-005, 0.000136684728204, 0.000218279936234, 0.000214456973481, 0.000215343417949, 0.000256169209024, 0.000264594244072, 9.62339472608e-005, 1.63516542671e-005, 3.32217564392e-006, 2.38144480136e-006, 1.58200509759e-006, 6.64996306909e-008, 5.95510585288e-010]
        dvar: [3.02657963795e-013, 1.53909223144e-008, 9.9932769615e-008, 5.77485614883e-008, 1.22621443666e-007, 9.72676801325e-008, 7.81402036409e-008, 9.95521443059e-009, 1.91786639903e-008, 2.11334274525e-008, 1.84686452798e-008, 1.29578472396e-008, 1.83776425189e-008, 1.93579303698e-008, 3.36829231173e-008, 6.21141680313e-008, 5.55377965838e-008, 4.62232598863e-008, 5.44607381414e-008, 6.83462104689e-008, 1.4127526704e-008, 3.48680362361e-010, 4.18022907955e-011, 2.83556355479e-011, 1.13047488037e-011, 1.70093668696e-014, 7.87309938341e-019]
        dvar2: [7.50953823864e-013, 3.89765020259e-008, 2.86732984023e-007, 1.54535172214e-007, 3.24611903579e-007, 2.14675893062e-007, 1.914148271e-007, 2.54842866809e-008, 4.06400424424e-008, 4.43339196465e-008, 3.88235648074e-008, 2.30442740445e-008, 4.26076880444e-008, 4.14168646046e-008, 7.20819315347e-008, 1.46755368746e-007, 1.28259259213e-007, 1.04585325289e-007, 1.35344166097e-007, 1.5902290329e-007, 3.29950644584e-008, 8.76302030939e-010, 7.75373029671e-011, 5.14272374685e-011, 2.08496466619e-011, 3.4534417562e-014, 1.68386272505e-018]
        max: [5.65517211726e-006, 0.00155572453514, 0.00410438328981, 0.00262425793335, 0.0107363145798, 0.00812127441168, 0.00582300266251, 0.00451889587566, 0.00570709910244, 0.00451163807884, 0.00394564075395, 0.00470597017556, 0.00380391790532, 0.00410603219643, 0.00361327920109, 0.00632563792169, 0.0079937512055, 0.00589620415121, 0.00605881493539, 0.00470058061182, 0.00239985994995, 0.000287934701191, 0.000204369425774, 0.000122751836898, 7.72801067797e-005, 3.25628298015e-006, 2.91183361867e-008]
        mean: [3.66593610579e-007, 6.33359086351e-005, 0.000114899739856, 0.000166577272466, 0.000190066100913, 0.000296493351925, 0.000163919234183, 6.05513378105e-005, 0.000180609436939, 0.000157091693836, 0.000150702340761, 8.63000896061e-005, 8.96205165191e-005, 0.000131157081341, 0.000187097859452, 0.000306525995256, 0.000326787325321, 0.000328847090714, 0.000419918535044, 0.000465975521365, 0.000136899499921, 2.26464562729e-005, 4.99205589222e-006, 3.90027116737e-006, 2.29088368542e-006, 7.82276146083e-008, 5.15744114082e-010]
        median: [6.94769539678e-008, 2.22665767069e-005, 4.15150861954e-005, 7.60351831559e-005, 8.97500285646e-005, 0.000127704028273, 6.46197731839e-005, 2.79151354334e-005, 7.70031329012e-005, 4.47293059551e-005, 3.95463539462e-005, 2.9482802347e-005, 3.93115406041e-005, 5.8344732679e-005, 7.0264126407e-005, 0.000168919883436, 0.000201820061193, 0.000205200733035, 0.000338657468092, 0.000302035565255, 9.32718685362e-005, 1.31328051793e-005, 1.54900942562e-006, 1.63387448993e-006, 8.17526370156e-007, 1.82496506795e-008, 1.58129537242e-010]
        min: [1.23170280495e-022, 1.60263119793e-023, 2.00392190052e-023, 1.61449598149e-023, 4.0239927304e-023, 8.22528605132e-023, 8.30424282378e-023, 5.96742035908e-023, 5.64264316896e-023, 1.18882486998e-022, 3.29724578622e-023, 9.91992714533e-023, 1.51379580434e-022, 1.45548648789e-022, 6.04796810621e-023, 1.12943601316e-022, 2.43468148041e-022, 2.79655558035e-022, 1.21415121779e-022, 3.1160296057e-022, 5.40625538202e-022, 5.66760739805e-022, 7.75318851916e-022, 7.76927673779e-022, 1.02349131201e-021, 1.6120735348e-021, 2.22617385539e-021]
        var: [4.83139244757e-013, 1.51771857304e-008, 6.60703278754e-008, 6.29849807865e-008, 1.20486362221e-007, 2.92120574841e-007, 1.01024355104e-007, 1.47689709351e-008, 1.0175868681e-007, 1.00676579962e-007, 1.26372881937e-007, 4.3814260664e-008, 3.32446035145e-008, 6.38813659748e-008, 1.16938494443e-007, 2.51451524491e-007, 2.19630791776e-007, 1.98333069079e-007, 2.07668222174e-007, 3.40943955734e-007, 3.3415631151e-008, 9.09921860082e-010, 1.54674176245e-010, 9.16167558485e-011, 3.16178090654e-011, 4.27395274662e-014, 1.77342250055e-018]
    frequency_bands:
        dmean: [2.61185391537e-007, 5.11308571731e-005, 0.000111460896733, 0.000124285390484, 0.000144664605614, 0.000146136109834, 0.000108806598291, 3.97238691221e-005, 7.68814352341e-005, 6.81051678839e-005, 5.68319956074e-005, 4.20623218815e-005, 5.0790997193e-005, 6.39457139187e-005, 8.8332220912e-005, 0.000136619681143, 0.000133164445288, 0.00013567370479, 0.000158947426826, 0.000166466386872, 6.04001761531e-005, 1.00221941466e-005, 2.27033069677e-006, 1.65556275533e-006, 1.10437565581e-006, 4.5230116541e-008, 3.709801355e-010, 4.79108627771e-011]
        dmean2: [4.09334518281e-007, 8.23900991236e-005, 0.000200296417461, 0.000206666780286, 0.00024173525162, 0.000231605954468, 0.00017685838975, 6.57100172248e-005, 0.000115407565318, 0.000102834652353, 8.28019328765e-005, 6.32657829556e-005, 8.10301135061e-005, 9.91425622487e-005, 0.000136684728204, 0.000218279936234, 0.000214456973481, 0.000215343417949, 0.000256169209024, 0.000264594244072, 9.62339472608e-005, 1.63516542671e-005, 3.32217564392e-006, 2.38144480136e-006, 1.58200509759e-006, 6.64996306909e-008, 5.95510585288e-010, 8.91195658936e-011]
        dvar: [3.02657963795e-013, 1.53909223144e-008, 9.9932769615e-008, 5.77485614883e-008, 1.22621443666e-007, 9.72676801325e-008, 7.81402036409e-008, 9.95521443059e-009, 1.91786639903e-008, 2.11334274525e-008, 1.84686452798e-008, 1.29578472396e-008, 1.83776425189e-008, 1.93579303698e-008, 3.36829231173e-008, 6.21141680313e-008, 5.55377965838e-008, 4.62232598863e-008, 5.44607381414e-008, 6.83462104689e-008, 1.4127526704e-008, 3.48680362361e-010, 4.18022907955e-011, 2.83556355479e-011, 1.13047488037e-011, 1.70093668696e-014, 7.87309938341e-019, 6.63166449058e-021]
        dvar2: [7.50953823864e-013, 3.89765020259e-008, 2.86732984023e-007, 1.54535172214e-007, 3.24611903579e-007, 2.14675893062e-007, 1.914148271e-007, 2.54842866809e-008, 4.06400424424e-008, 4.43339196465e-008, 3.88235648074e-008, 2.30442740445e-008, 4.26076880444e-008, 4.14168646046e-008, 7.20819315347e-008, 1.46755368746e-007, 1.28259259213e-007, 1.04585325289e-007, 1.35344166097e-007, 1.5902290329e-007, 3.29950644584e-008, 8.76302030939e-010, 7.75373029671e-011, 5.14272374685e-011, 2.08496466619e-011, 3.4534417562e-014, 1.68386272505e-018, 2.13938617054e-020]
        max: [5.65517211726e-006, 0.00155572453514, 0.00410438328981, 0.00262425793335, 0.0107363145798, 0.00812127441168, 0.00582300266251, 0.00451889587566, 0.00570709910244, 0.00451163807884, 0.00394564075395, 0.00470597017556, 0.00380391790532, 0.00410603219643, 0.00361327920109, 0.00632563792169, 0.0079937512055, 0.00589620415121, 0.00605881493539, 0.00470058061182, 0.00239985994995, 0.000287934701191, 0.000204369425774, 0.000122751836898, 7.72801067797e-005, 3.25628298015e-006, 2.91183361867e-008, 1.50356516126e-009]
        mean: [3.66593610579e-007, 6.33359086351e-005, 0.000114899739856, 0.000166577272466, 0.000190066100913, 0.000296493351925, 0.000163919234183, 6.05513378105e-005, 0.000180609436939, 0.000157091693836, 0.000150702340761, 8.63000896061e-005, 8.96205165191e-005, 0.000131157081341, 0.000187097859452, 0.000306525995256, 0.000326787325321, 0.000328847090714, 0.000419918535044, 0.000465975521365, 0.000136899499921, 2.26464562729e-005, 4.99205589222e-006, 3.90027116737e-006, 2.29088368542e-006, 7.82276146083e-008, 5.15744114082e-010, 3.69236759223e-011]
        median: [6.94769539678e-008, 2.22665767069e-005, 4.15150861954e-005, 7.60351831559e-005, 8.97500285646e-005, 0.000127704028273, 6.46197731839e-005, 2.79151354334e-005, 7.70031329012e-005, 4.47293059551e-005, 3.95463539462e-005, 2.9482802347e-005, 3.93115406041e-005, 5.8344732679e-005, 7.0264126407e-005, 0.000168919883436, 0.000201820061193, 0.000205200733035, 0.000338657468092, 0.000302035565255, 9.32718685362e-005, 1.31328051793e-005, 1.54900942562e-006, 1.63387448993e-006, 8.17526370156e-007, 1.82496506795e-008, 1.58129537242e-010, 9.02102524625e-012]
        min: [1.23170280495e-022, 1.60263119793e-023, 2.00392190052e-023, 1.61449598149e-023, 4.0239927304e-023, 8.22528605132e-023, 8.30424282378e-023, 5.96742035908e-023, 5.64264316896e-023, 1.18882486998e-022, 3.29724578622e-023, 9.91992714533e-023, 1.51379580434e-022, 1.45548648789e-022, 6.04796810621e-023, 1.12943601316e-022, 2.43468148041e-022, 2.79655558035e-022, 1.21415121779e-022, 3.1160296057e-022, 5.40625538202e-022, 5.66760739805e-022, 7.75318851916e-022, 7.76927673779e-022, 1.02349131201e-021, 1.6120735348e-021, 2.22617385539e-021, 6.82475249761e-022]
        var: [4.83139244757e-013, 1.51771857304e-008, 6.60703278754e-008, 6.29849807865e-008, 1.20486362221e-007, 2.92120574841e-007, 1.01024355104e-007, 1.47689709351e-008, 1.0175868681e-007, 1.00676579962e-007, 1.26372881937e-007, 4.3814260664e-008, 3.32446035145e-008, 6.38813659748e-008, 1.16938494443e-007, 2.51451524491e-007, 2.19630791776e-007, 1.98333069079e-007, 2.07668222174e-007, 3.40943955734e-007, 3.3415631151e-008, 9.09921860082e-010, 1.54674176245e-010, 9.16167558485e-011, 3.16178090654e-011, 4.27395274662e-014, 1.77342250055e-018, 5.09974861435e-021]
    mfcc:
        mean: [-742.291381836, 111.53364563, -54.2345123291, 44.8532066345, -10.968580246, -16.2894897461, 2.8264465332, -11.5452680588, -0.33516278863, -4.23772573471, -8.77828979492, -4.78673219681, -3.01775884628]
        cov: [[9714.67480469, -1318.49084473, -1534.34765625, 1498.04077148, 248.164321899, 624.308654785, 503.205688477, 146.057723999, 433.208862305, 182.735610962, 53.4269523621, 118.412689209, 74.5759048462], [-1318.49084473, 764.237121582, 138.932052612, -109.600357056, 14.7827291489, -112.993133545, -22.3445739746, -56.8829956055, -67.8251495361, -42.9429283142, -26.11769104, -11.8302497864, -3.97840070724], [-1534.34765625, 138.932052612, 816.50378418, -342.503601074, -44.5322341919, -19.6568775177, -126.555587769, 36.0370826721, -115.499916077, -48.6131896973, -12.7418441772, -8.40969181061, -13.2457866669], [1498.04077148, -109.600357056, -342.503601074, 550.385314941, 127.593780518, 119.115867615, 88.4328689575, 20.3895225525, 102.192726135, 39.2455177307, 21.383890152, 28.5396308899, 14.3942451477], [248.164321899, 14.7827291489, -44.5322341919, 127.593780518, 183.74559021, 30.7967033386, 50.5140533447, 7.86404752731, 39.5813026428, 29.2791805267, -1.81587207317, 20.7292537689, 7.47436904907], [624.308654785, -112.993133545, -19.6568775177, 119.115867615, 30.7967033386, 177.080703735, 54.0905647278, 45.2132110596, 18.7267971039, 11.0339488983, 23.8160362244, -1.85289466381, 0.225425943732], [503.205688477, -22.3445739746, -126.555587769, 88.4328689575, 50.5140533447, 54.0905647278, 179.843658447, 26.4201602936, 42.956451416, 24.5570487976, 4.92659902573, 7.71916532516, 15.1810054779], [146.057723999, -56.8829956055, 36.0370826721, 20.3895225525, 7.86404752731, 45.2132110596, 26.4201602936, 94.436378479, 34.7160301208, 11.6390514374, 8.92080211639, -2.93413639069, 4.24515628815], [433.208862305, -67.8251495361, -115.499916077, 102.192726135, 39.5813026428, 18.7267971039, 42.956451416, 34.7160301208, 116.954711914, 44.3920707703, 5.88302564621, 9.93310070038, 6.90543270111], [182.735610962, -42.9429283142, -48.6131896973, 39.2455177307, 29.2791805267, 11.0339488983, 24.5570487976, 11.6390514374, 44.3920707703, 81.0784072876, 24.6111774445, 12.7038841248, 0.510134279728], [53.4269523621, -26.11769104, -12.7418441772, 21.383890152, -1.81587207317, 23.8160362244, 4.92659902573, 8.92080211639, 5.88302564621, 24.6111774445, 76.6692428589, 18.6161136627, -1.40082013607], [118.412689209, -11.8302497864, -8.40969181061, 28.5396308899, 20.7292537689, -1.85289466381, 7.71916532516, -2.93413639069, 9.93310070038, 12.7038841248, 18.6161136627, 82.2229919434, 26.5242557526], [74.5759048462, -3.97840070724, -13.2457866669, 14.3942451477, 7.47436904907, 0.225425943732, 15.1810054779, 4.24515628815, 6.90543270111, 0.510134279728, -1.40082013607, 26.5242557526, 63.379070282]]
        icov: [[0.000318562058965, 0.000333125411998, 0.00026946773869, -0.000478100439068, 0.000185296215932, -0.00055408582557, -0.000270343385637, 5.89797491557e-005, -0.000176043977262, -2.98964951071e-005, 0.000354073446942, -0.000305599329295, 7.03384921508e-006], [0.000333125411998, 0.0019652384799, -1.61435382324e-005, -0.000574199075345, -0.000260446453467, 0.000482627219753, -0.000718961004168, 0.000602006970439, 0.00029170291964, 0.000486125965836, 0.000234374514548, 7.3804526437e-006, -1.42988938023e-005], [0.00026946773869, -1.61435382324e-005, 0.0024542347528, 0.000886704481672, -0.000548470590729, -0.00128684472293, 0.00104833918158, -0.00171026820317, 0.00117384328041, 3.5154986108e-005, 0.000588406575844, -0.00082868989557, 0.000157791539095], [-0.000478100439068, -0.000574199075345, 0.000886704481672, 0.004355086945, -0.00199616560712, -0.00127699004952, 0.000903573003598, 4.77418871014e-005, -0.00116728292778, 0.000704988080543, -0.000732260989025, -0.000204509327887, -6.60303267068e-005], [0.000185296215932, -0.000260446453467, -0.000548470590729, -0.00199616560712, 0.00766056869179, -0.000589179981034, -0.00152774748858, 0.000653058756143, -0.000991382519715, -0.00197947048582, 0.00171891471837, -0.00151221919805, 0.000320026505506], [-0.00055408582557, 0.000482627219753, -0.00128684472293, -0.00127699004952, -0.000589179981034, 0.010139525868, -0.00170599215198, -0.00290930317715, 0.00198673456907, 0.000594065641053, -0.00280226767063, 0.00181973446161, 0.000295520905638], [-0.000270343385637, -0.000718961004168, 0.00104833918158, 0.000903573003598, -0.00152774748858, -0.00170599215198, 0.00802595261484, -0.00158770906273, -0.000489310419653, -0.000831479963381, 0.000264465023065, 0.00018006125174, -0.00135250121821], [5.89797491557e-005, 0.000602006970439, -0.00171026820317, 4.77418871014e-005, 0.000653058756143, -0.00290930317715, -0.00158770906273, 0.0154719725251, -0.00565676717088, 0.000766327430028, -0.00110168382525, 0.00146672781557, -0.00115059153177], [-0.000176043977262, 0.00029170291964, 0.00117384328041, -0.00116728292778, -0.000991382519715, 0.00198673456907, -0.000489310419653, -0.00565676717088, 0.0157311391085, -0.00619555776939, 0.00164456933271, -0.000304956774926, -0.000158305978402], [-2.98964951071e-005, 0.000486125965836, 3.5154986108e-005, 0.000704988080543, -0.00197947048582, 0.000594065641053, -0.000831479963381, 0.000766327430028, -0.00619555776939, 0.0182675328106, -0.00548273604363, -0.000657050579321, 0.000973884714767], [0.000354073446942, 0.000234374514548, 0.000588406575844, -0.000732260989025, 0.00171891471837, -0.00280226767063, 0.000264465023065, -0.00110168382525, 0.00164456933271, -0.00548273604363, 0.0169615708292, -0.00450470438227, 0.00183012662455], [-0.000305599329295, 7.3804526437e-006, -0.00082868989557, -0.000204509327887, -0.00151221919805, 0.00181973446161, 0.00018006125174, 0.00146672781557, -0.000304956774926, -0.000657050579321, -0.00450470438227, 0.0163468960673, -0.00663845380768], [7.03384921508e-006, -1.42988938023e-005, 0.000157791539095, -6.60303267068e-005, 0.000320026505506, 0.000295520905638, -0.00135250121821, -0.00115059153177, -0.000158305978402, 0.000973884714767, 0.00183012662455, -0.00663845380768, 0.0190071780235]]
    sccoeffs:
        dmean: [0.0484396666288, 0.0440636612475, 0.035531308502, 0.0287160594016, 0.0197268221527, 0.0158072244376]
        dmean2: [0.0794909745455, 0.0714068487287, 0.0565631091595, 0.0465769991279, 0.0322608500719, 0.025095326826]
        dvar: [0.00186092383228, 0.00135595246684, 0.000827397685498, 0.000530034478288, 0.000257352076005, 0.000210871628951]
        dvar2: [0.00500078452751, 0.00359522434883, 0.00205057649873, 0.00131139694713, 0.000646421103738, 0.000470968341688]
        max: [-0.356026083231, -0.369856268167, -0.524794280529, -0.517328023911, -0.561029195786, -0.496735364199]
        mean: [-0.679570317268, -0.726647138596, -0.748771250248, -0.773326933384, -0.778508007526, -0.764479577541]
        median: [-0.684113323689, -0.732552707195, -0.75425696373, -0.776314973831, -0.78033298254, -0.760806620121]
        min: [-0.951877295971, -0.966362833977, -0.973870158195, -0.962958276272, -0.96144336462, -0.960202038288]
        var: [0.00447116978467, 0.00451867328957, 0.00409107469022, 0.0027886859607, 0.00190788926557, 0.00192144419998]
    scvalleys:
        dmean: [0.37640812993, 0.348684638739, 0.293466866016, 0.252914756536, 0.192489460111, 0.207132965326]
        dmean2: [0.611157476902, 0.568013727665, 0.472246319056, 0.396091610193, 0.29286813736, 0.292231917381]
        dvar: [0.125521734357, 0.105759114027, 0.0760137662292, 0.0678204968572, 0.0544149503112, 0.0663941502571]
        dvar2: [0.293942660093, 0.253475636244, 0.168972298503, 0.13626241684, 0.100356727839, 0.10932534188]
        max: [-5.35088920593, -4.768034935, -5.15621995926, -5.41881847382, -5.71690893173, -7.58624410629]
        mean: [-7.39423465729, -6.92133378983, -7.3507733345, -7.5412364006, -7.47021436691, -10.4544029236]
        median: [-7.08628177643, -6.8212518692, -7.14633607864, -7.10438728333, -6.76263475418, -9.76322937012]
        min: [-27.4032001495, -26.824848175, -26.9175300598, -27.3163452148, -27.2225570679, -27.2282123566]
        var: [1.47785127163, 0.614333093166, 0.744666874409, 1.2843695879, 2.15781140327, 2.80314397812]

rhythm:
    beats_loudness:
        dmean: 0.00243367254734
        dmean2: 0.0046295938082
        dvar: 5.97812822889e-006
        dvar2: 2.01216371352e-005
        max: 0.0165653508157
        mean: 0.00500678643584
        median: 0.005266726017
        min: 1.5083545577e-006
        var: 1.34421043185e-005
    bpm: 101.981201172
    bpm_confidence: 0
    first_peak_bpm: 101
    first_peak_spread: 0.455813974142
    first_peak_weight: 0.492631584406
    onset_rate: 2.45595479012
    second_peak_bpm: 115
    second_peak_spread: 0.600000023842
    second_peak_weight: 0.0168421044946
    beats_loudness_band_ratio:
        dmean: [0.102873340249, 0.117832928896, 0.0967579260468, 0.0795314237475, 0.107941113412, 0.0697710216045]
        dmean2: [0.183165088296, 0.207218840718, 0.170740157366, 0.141646072268, 0.187723472714, 0.120629526675]
        dvar: [0.00808726251125, 0.0162672679871, 0.00886926241219, 0.00804849807173, 0.0103688584641, 0.00420492934063]
        dvar2: [0.0237528737634, 0.0447972640395, 0.0244418922812, 0.0223954208195, 0.0327016115189, 0.011507964693]
        max: [0.630219995975, 0.918713867664, 0.908229112625, 0.834615588188, 0.800842225552, 0.494770526886]
        mean: [0.13361954689, 0.187015041709, 0.157931372523, 0.112890608609, 0.25000411272, 0.200193822384]
        median: [0.107741847634, 0.11762739718, 0.129404202104, 0.0824466943741, 0.251929998398, 0.215742349625]
        min: [1.31852912091e-005, 0.000376695214072, 0.00783457607031, 0.00700315739959, 0.000134704227094, 1.72645250132e-005]
        var: [0.011794064194, 0.032761849463, 0.0134005043656, 0.00848807487637, 0.0187208671123, 0.0122805982828]
    beats_position: [0.603718817234, 1.21904754639, 1.82276642323, 2.43809509277, 3.06503391266, 3.68036270142, 4.29569149017, 4.91102027893, 5.52634906769, 6.10684776306, 6.6989569664, 7.2910656929, 7.8831744194, 8.47528362274, 9.06739234924, 9.65950107574, 10.2516098022, 10.8437185287, 11.4358272552, 12.0163259506, 12.6084346771, 13.1889343262, 13.7810430527, 14.3731517792, 14.9536504745, 15.545759201, 16.1262588501, 16.7183666229, 17.298866272, 17.8909740448, 18.483083725, 19.0635814667, 19.6556911469, 20.247800827, 20.8399085999, 21.43201828, 22.0125160217, 22.6046257019, 23.1967334747, 23.7772331238, 24.369342804, 24.9614505768, 25.5419502258, 26.1224479675, 26.7145576477, 27.3066654205, 27.8871650696, 28.4792747498, 29.0713825226, 29.6518821716, 30.2439899445, 30.8360996246, 31.4165973663, 31.9970970154, 32.5892066956, 33.1813163757, 33.7618141174, 34.3423118591, 34.9344215393, 35.5265312195, 36.118637085, 36.7107467651, 37.2912483215, 37.8717460632, 38.4522438049, 39.0327415466, 39.6016311646, 40.1937408447, 40.7858505249, 41.3779602051, 41.9700660706, 42.5621757507, 43.1542854309, 43.7580032349, 44.350112915, 44.9306106567, 45.5227203369, 46.1148300171, 46.7069396973, 47.287437439, 47.8679351807, 48.4600448608, 49.0405426025, 49.6210403442, 50.2131500244, 50.8052597046, 51.3973693848, 51.9894790649, 52.5699768066, 53.1504745483, 53.7425842285, 54.3346939087, 54.9151916504, 55.5073013306, 56.0994110107, 56.6799087524, 57.2720184326, 57.8641242981, 58.4446258545, 59.0251235962, 59.6172332764, 60.2093429565, 60.7898406982, 61.3703384399, 61.9624481201, 62.5545578003, 63.1466636658, 63.7387733459, 64.3192749023, 64.899772644, 65.4918823242, 66.0839920044, 66.6644897461, 67.2449874878, 67.837097168, 68.4292068481, 69.0213165283, 69.6134262085, 70.1939239502, 70.7744216919, 71.3665313721, 71.9586410522, 72.5391387939, 73.1312484741, 73.7117462158, 74.303855896, 74.8843536377, 75.4764633179, 76.068572998, 76.6490707397, 77.2411804199, 77.8332901001, 78.4137878418, 78.9942855835, 79.5863952637, 80.1785049438, 80.7590026855, 81.3395004272, 81.9316101074, 82.5237197876, 83.1158294678, 83.7079315186, 84.2884368896, 84.8689346313, 85.4610443115, 86.0531539917, 86.6336517334, 87.2141494751, 87.8062591553, 88.3983688354, 88.9904708862, 89.5825805664, 90.1630859375, 90.7435836792, 91.3356933594, 91.9277954102, 92.5083007813, 93.100402832, 93.6925125122, 94.2730178833, 94.853515625, 95.4456253052, 96.0261230469, 96.6182327271, 97.2103347778, 97.802444458, 98.3829498291, 98.9750518799, 99.5671615601, 100.147659302, 100.739768982, 101.331878662, 101.912376404, 102.492874146, 103.084983826, 103.677093506, 104.257591248, 104.849700928, 105.441810608, 106.02230835, 106.61441803, 107.20652771, 107.787025452, 108.379135132, 108.959632874, 109.551742554, 110.132240295, 110.724349976, 111.304847717, 111.896957397, 112.489067078, 113.081176758, 113.6616745, 114.242172241, 114.834281921, 115.426391602, 116.006889343, 116.598999023, 117.191108704, 117.771606445, 118.352104187, 118.944213867, 119.536323547, 120.116821289, 120.708930969, 121.301040649, 121.881538391, 122.462036133, 123.054145813, 123.646255493, 124.226753235, 124.818862915, 125.410972595, 126.003082275, 126.583580017, 127.175689697, 127.767799377, 128.359909058, 128.94039917, 129.520904541, 130.113006592, 130.705123901, 131.285614014, 131.866119385, 132.458221436, 133.050338745, 133.630844116, 134.211334229, 134.803451538, 135.395553589, 135.98765564, 136.579772949, 137.160263062, 137.740768433, 138.332870483, 138.924987793, 139.517089844, 140.109207153, 140.689697266, 141.270202637, 141.862304688, 142.454421997, 143.034912109, 143.61541748, 144.207519531, 144.799636841, 145.391738892, 145.983856201, 146.564346313, 147.144851685, 147.725341797, 148.317459106, 148.909561157, 149.490066528, 150.082168579, 150.674285889, 151.254776001, 151.846893311, 152.427383423, 153.019500732, 153.611602783, 154.203720093, 154.784210205, 155.364715576, 155.945205688, 156.548934937, 157.141036987, 157.733154297, 158.313644409, 158.89414978, 159.486251831, 160.078369141, 160.658859253, 161.239364624, 161.831466675, 162.423583984, 163.004074097, 163.596191406, 164.176681519, 164.768798828, 165.34928894, 165.94140625, 166.533508301, 167.12562561, 167.706115723, 168.298233032, 168.878723145, 169.470840454, 170.051330566, 170.643447876, 171.235549927, 171.827667236, 172.408157349, 173.000274658, 173.592376709, 174.17288208, 174.764984131, 175.35710144, 175.937591553, 176.518096924, 177.110198975, 177.702316284, 178.282806396, 178.863311768, 179.455413818, 180.047531128, 180.639633179, 181.231735229, 181.812240601, 182.392745972, 182.973236084, 183.565353394, 184.157455444, 184.749572754, 185.341674805, 185.922180176, 186.514282227, 187.106384277, 187.686889648, 188.26739502, 188.85949707, 189.451599121, 190.043716431, 190.624221802, 191.216323853, 191.796829224, 192.388931274, 192.981033325, 193.561538696, 194.142044067, 194.734146118, 195.326248169, 195.90675354, 196.498855591, 197.0909729, 197.671463013, 198.263580322, 198.855682373, 199.436187744, 200.016693115, 200.608795166, 201.200897217, 201.781402588, 202.361907959, 202.95401001, 203.546112061, 204.13822937, 204.730331421, 205.310836792, 205.891326904, 206.483444214, 207.075546265, 207.656051636, 208.236557007, 208.828659058, 209.420761108, 210.012878418, 210.604980469, 211.18548584, 211.765975952, 212.358093262, 212.950195313, 213.542312622, 214.134414673, 214.714920044, 215.295410156, 215.875915527, 216.468017578, 217.060134888, 217.640625, 218.23274231, 218.82484436, 219.405349731, 219.985839844, 220.577957153, 221.170059204, 221.750564575, 222.331054688, 222.923171997, 223.515274048, 224.107391357, 224.699493408, 225.279998779, 225.860488892, 226.452606201, 227.044708252, 227.625213623, 228.217315674, 228.855865479, 229.494415283, 230.121353149, 230.678634644, 231.247528076, 231.81640625, 232.338867188, 232.861312866, 233.372146606, 233.894592285, 234.405441284, 234.916275024, 235.438720703, 235.961181641, 236.495239258, 237.029296875, 237.563354492, 238.097412109, 238.631469727, 239.165527344, 239.653152466, 240.140762329, 240.628387451, 241.092788696, 241.557189941, 242.033187866, 242.485977173, 242.950378418, 243.403167725, 243.925613403, 244.448074341, 244.97052002, 245.539413452, 246.119903564, 246.700408936, 247.280899048, 247.84979248, 248.418685913, 248.987564087, 249.568069458, 250.14855957, 250.717453003, 251.332778931, 251.948120117, 252.563446045, 253.167160034, 253.770874023, 254.374603271, 254.978317261, 255.593643188, 256.208984375, 256.824310303, 257.474456787, 258.124633789, 258.71673584, 259.308837891, 259.900939941, 260.481445313, 261.061950684, 261.642456055, 262.222930908, 262.803436279, 263.38394165, 263.964447021, 264.556549072, 265.148651123, 265.740753174, 266.344482422, 266.94821167, 267.575134277, 268.202087402, 268.82901001, 269.444335938, 270.059692383, 270.675018311, 271.290344238, 271.905670166, 272.486175537, 273.066650391, 273.577514648, 274.088348389, 274.599182129, 275.051971436, 275.504760742, 275.969146729, 276.433563232, 276.897949219, 277.362365723]
