
metadata:
    version:
        essentia: "2.1-beta2"
    audio_properties:
        analysis_sample_rate: 44100
        bitrate: 320
        channels: 2
        equal_loudness: 1
        length: 265.639190674
        replay_gain: -13.881652832
        downmix: "mix"
    tags:
        album: "Deceiver Of The Gods"
        artist: "Amon Amarth"
        comment: ""
        date: "2013"
        genre: "Death Metal"
        title: "We Shall Destroy"
        tracknumber: "07"

configuration:
    average_loudness:
        compute: 1
        frameSize: 88200
        hopSize: 44100
        silentFrames: "noise"
        windowType: "hann"
    general:
        analysisSampleRate: 44100
        endTime: 2000
        equalLoudness: 1
        nequalLoudness: 0
        shortSound: 0
        startTime: 0
    lowlevel:
        compute: 1
        frameSize: 2048
        hopSize: 1024
        zeroPadding: 0
        silentFrames: "noise"
        windowType: "blackmanharris62"
        mfccStats: ["mean", "cov", "icov"]
        stats: ["mean", "var", "median", "min", "max", "dmean", "dmean2", "dvar", "dvar2"]
    panning:
        compute: 0
        frameSize: 8192
        hopSize: 2048
        zeroPadding: 8192
        silentFrames: "noise"
        windowType: "hann"
        stats: ["copy"]
    rhythm:
        compute: 1
        maxTempo: 208
        minTempo: 40
        method: "degara"
        stats: ["mean", "var", "median", "min", "max", "dmean", "dmean2", "dvar", "dvar2"]
    segmentation:
        compute: 0
        cpw: 5
        inc1: 300
        inc2: 50
        minimumSegmentsLength: 10
        size1: 1000
        size2: 600
    sfx:
        compute: 1
        stats: ["mean", "var", "median", "min", "max", "dmean", "dmean2", "dvar", "dvar2"]
    svm:
        compute: 0
    tonal:
        compute: 1
        frameSize: 4096
        hopSize: 2048
        zeroPadding: 0
        silentFrames: "noise"
        windowType: "blackmanharris62"
        stats: ["mean", "var", "median", "min", "max", "dmean", "dmean2", "dvar", "dvar2"]

lowlevel:
    average_loudness: 0.953094065189
    barkbands_kurtosis:
        dmean: 0.531325757504
        dmean2: 0.885257899761
        dvar: 0.761121928692
        dvar2: 1.72962224483
        max: 31.5772342682
        mean: -1.04715335369
        median: -1.31973385811
        min: -1.90156269073
        var: 1.44553649426
    barkbands_skewness:
        dmean: 0.415358901024
        dmean2: 0.654639720917
        dvar: 0.133500650525
        dvar2: 0.323171198368
        max: 5.24128484726
        mean: -0.117849946022
        median: -0.188968151808
        min: -2.63957262039
        var: 0.485225409269
    barkbands_spread:
        dmean: 5.98159837723
        dmean2: 9.76184177399
        dvar: 26.3746566772
        dvar2: 70.1267242432
        max: 65.900062561
        mean: 41.1150550842
        median: 41.6421356201
        min: 4.75404453278
        var: 85.2311477661
    dissonance:
        dmean: 0.00783041492105
        dmean2: 0.0135575458407
        dvar: 5.74848418182e-005
        dvar2: 0.00016546009283
        max: 0.500000119209
        mean: 0.487958461046
        median: 0.489809453487
        min: 0.346790522337
        var: 7.36290894565e-005
    hfc:
        dmean: 3.5868139267
        dmean2: 6.12475633621
        dvar: 18.1028652191
        dvar2: 48.026714325
        max: 43.706111908
        mean: 9.97012615204
        median: 9.13582801819
        min: 1.17436313872e-016
        var: 25.513759613
    pitch:
        dmean: 877.212402344
        dmean2: 1673.83532715
        dvar: 1792871.875
        dvar2: 4384524
        max: 4349.04394531
        mean: 2637.98193359
        median: 3663.65356445
        min: 61.7815589905
        var: 2479979
    pitch_instantaneous_confidence:
        dmean: 0.0774589329958
        dmean2: 0.131767481565
        dvar: 0.0036870748736
        dvar2: 0.0102660972625
        max: 0.72554731369
        mean: 0.353569537401
        median: 0.352533966303
        min: 0.0746626257896
        var: 0.0101450625807
    pitch_salience:
        dmean: 0.0531920231879
        dmean2: 0.0889240652323
        dvar: 0.00213996041566
        dvar2: 0.00586279900745
        max: 0.8918197155
        mean: 0.700475335121
        median: 0.711160898209
        min: 0.241573527455
        var: 0.0043366313912
    silence_rate_20dB:
        dmean: 0
        dmean2: 0
        dvar: 0
        dvar2: 0
        max: 1
        mean: 1
        median: 1
        min: 1
        var: 0
    silence_rate_30dB:
        dmean: 0
        dmean2: 0
        dvar: 0
        dvar2: 0
        max: 1
        mean: 1
        median: 1
        min: 1
        var: 0
    silence_rate_60dB:
        dmean: 0.0856568515301
        dmean2: 0.171241253614
        dvar: 0.0783090740442
        dvar2: 0.18053650856
        max: 1
        mean: 0.12690089643
        median: 0
        min: 0
        var: 0.110806465149
    spectral_centroid:
        dmean: 322.026245117
        dmean2: 513.185913086
        dvar: 92182.4140625
        dvar2: 208459.609375
        max: 11257.8105469
        mean: 1913.29394531
        median: 1946.29174805
        min: 239.029052734
        var: 295594.34375
    spectral_complexity:
        dmean: 5.13696336746
        dmean2: 8.10148620605
        dvar: 20.0494308472
        dvar2: 48.1229629517
        max: 48
        mean: 20.0350456238
        median: 20
        min: 0
        var: 72.6397094727
    spectral_crest:
        dmean: 1.65275120735
        dmean2: 2.82223534584
        dvar: 2.35144162178
        dvar2: 6.58888149261
        max: 18.9969291687
        mean: 5.81489515305
        median: 5.36567497253
        min: 2.2631187439
        var: 4.03142595291
    spectral_decrease:
        dmean: 3.87901821775e-010
        dmean2: 6.63053001393e-010
        dvar: 2.84517482933e-019
        dvar2: 7.64534295656e-019
        max: 1.60457372758e-028
        mean: -1.16890330748e-009
        median: -1.08350528549e-009
        min: -5.3406274958e-009
        var: 3.43187542625e-019
    spectral_energy:
        dmean: 0.00174490711652
        dmean2: 0.00298591004685
        dvar: 5.40048586117e-006
        dvar2: 1.44577707033e-005
        max: 0.0240518543869
        mean: 0.00531602790579
        median: 0.00492621352896
        min: 1.07347945605e-020
        var: 6.60140085529e-006
    spectral_energyband_high:
        dmean: 0.000339261197951
        dmean2: 0.000600351253524
        dvar: 1.81579551395e-007
        dvar2: 4.91471041641e-007
        max: 0.00463810795918
        mean: 0.000645406777039
        median: 0.000550489989109
        min: 7.83963010487e-021
        var: 1.91461126064e-007
    spectral_energyband_low:
        dmean: 0.00039619387826
        dmean2: 0.000671506859362
        dvar: 2.48165179073e-007
        dvar2: 6.34954233192e-007
        max: 0.00882853474468
        mean: 0.000662934908178
        median: 0.00051128375344
        min: 7.73037806966e-023
        var: 3.36661457823e-007
    spectral_energyband_middle_high:
        dmean: 0.000755226064939
        dmean2: 0.00123394979164
        dvar: 6.03632543061e-007
        dvar2: 1.56233215876e-006
        max: 0.0088436473161
        mean: 0.00242440472357
        median: 0.00215949909762
        min: 1.13398424435e-021
        var: 1.66982636074e-006
    spectral_energyband_middle_low:
        dmean: 0.000922190723941
        dmean2: 0.00156998028979
        dvar: 2.27116515816e-006
        dvar2: 6.31709281151e-006
        max: 0.0174197591841
        mean: 0.00176979601383
        median: 0.00133473146707
        min: 3.2481735261e-022
        var: 2.38560619437e-006
    spectral_flatness_db:
        dmean: 0.0123031521216
        dmean2: 0.0194613561034
        dvar: 0.000118759133329
        dvar2: 0.000279328087345
        max: 0.276738733053
        mean: 0.13513545692
        median: 0.131676465273
        min: 0.0584104210138
        var: 0.000513154431246
    spectral_flux:
        dmean: 0.00851012859493
        dmean2: 0.0132880602032
        dvar: 9.63252023212e-005
        dvar2: 0.000167397898622
        max: 0.11976698786
        mean: 0.0460237525403
        median: 0.0448296889663
        min: 1.03608850666e-010
        var: 0.000209510020795
    spectral_kurtosis:
        dmean: 0.851065397263
        dmean2: 1.48146390915
        dvar: 0.670559227467
        dvar2: 2.02083396912
        max: 17.9210071564
        mean: 2.8342461586
        median: 2.58192014694
        min: -1.19539821148
        var: 2.06017446518
    spectral_rms:
        dmean: 0.000344753701938
        dmean2: 0.000577431754209
        dvar: 1.505509033e-007
        dvar2: 3.94449841679e-007
        max: 0.00484409136698
        mean: 0.00221010274254
        median: 0.00219227327034
        min: 3.23619690074e-012
        var: 3.0181774946e-007
    spectral_rolloff:
        dmean: 313.599609375
        dmean2: 507.777099609
        dvar: 195929.03125
        dvar2: 397931.0625
        max: 19186.0839844
        mean: 3697.67285156
        median: 3811.37695313
        min: 193.798828125
        var: 441667.96875
    spectral_skewness:
        dmean: 0.147946879268
        dmean2: 0.246894523501
        dvar: 0.0178006775677
        dvar2: 0.0463282726705
        max: 3.0567343235
        mean: 1.04225158691
        median: 0.998720645905
        min: 0.00314109795727
        var: 0.0931138619781
    spectral_spread:
        dmean: 377341
        dmean2: 589626
        dvar: 325852594176
        dvar2: 507402485760
        max: 41666380
        mean: 4368511
        median: 4281810
        min: 2014710.875
        var: 901591793664
    spectral_strongpeak:
        dmean: 0.360192149878
        dmean2: 0.649013340473
        dvar: 0.399410992861
        dvar2: 1.09821641445
        max: 6.09641838074
        mean: 0.368179172277
        median: 0.165913432837
        min: 1.87413390362e-010
        var: 0.36048284173
    zerocrossingrate:
        dmean: 0.00833057053387
        dmean2: 0.0103802876547
        dvar: 8.00732741482e-005
        dvar2: 0.000106373547169
        max: 0.4990234375
        mean: 0.109669797122
        median: 0.111328125
        min: 0.00439453125
        var: 0.0004790185194
    barkbands:
        dmean: [1.16253477245e-006, 0.000141436321428, 0.000248707452556, 0.000246368232183, 0.000519666995388, 0.000192896579392, 0.000151074113091, 0.000113754264021, 0.000101030615042, 9.41742619034e-005, 7.66913872212e-005, 6.12932708464e-005, 5.64961446798e-005, 4.26589613198e-005, 4.43964054284e-005, 0.000108339969302, 0.000132278131787, 0.000154007779201, 0.000325385190081, 0.000320509658195, 0.000133423847728, 5.97555699642e-005, 5.5201721807e-006, 1.75189893525e-006, 9.83767336038e-007, 3.11623189475e-008, 4.42101660836e-010]
        dmean2: [1.97680969904e-006, 0.000246476352913, 0.000423077319283, 0.000418609968619, 0.000898087513633, 0.000327311921865, 0.000260355562204, 0.000193442203454, 0.00016838805459, 0.000157062866492, 0.000126396655105, 0.000100398377981, 9.40096724662e-005, 7.04915510141e-005, 7.46125006117e-005, 0.00018163092318, 0.000222728194785, 0.000261132139713, 0.000549004063942, 0.000557073857635, 0.000228939854424, 0.000108906700916, 9.59611043072e-006, 2.93346874969e-006, 1.6694898477e-006, 4.8926178664e-008, 7.3430211911e-010]
        dvar: [2.25021368726e-012, 3.23132063329e-008, 9.92196760308e-008, 1.26307995174e-007, 1.01687680854e-006, 9.51318810394e-008, 8.22886931928e-008, 5.14196010215e-008, 3.3350488593e-008, 3.32168461625e-008, 2.26505765255e-008, 1.35478810392e-008, 1.20493419686e-008, 6.59973853345e-009, 5.56484014425e-009, 1.51809249616e-008, 2.37840467321e-008, 3.00656672891e-008, 1.24293109138e-007, 1.35369930376e-007, 2.14051123493e-008, 7.0414447606e-009, 5.68664559886e-011, 8.84496035441e-012, 3.2538273291e-012, 6.45976759971e-015, 4.86018395808e-019]
        dvar2: [5.51127980059e-012, 8.57394084619e-008, 2.58665011188e-007, 3.3072677752e-007, 2.8597896744e-006, 2.61440959548e-007, 2.24019629513e-007, 1.40285436601e-007, 9.03896619775e-008, 9.08342059347e-008, 6.04138605809e-008, 3.52195996811e-008, 3.15413331009e-008, 1.68410121404e-008, 1.44652867462e-008, 4.08978806377e-008, 6.56615739558e-008, 8.14054743614e-008, 3.37140676265e-007, 3.69672989109e-007, 5.87233159877e-008, 1.91508942038e-008, 1.49716794517e-010, 1.89963045294e-011, 7.40674188648e-012, 1.4301294117e-014, 1.14769707329e-018]
        max: [9.17099532671e-006, 0.00225459435023, 0.00439115799963, 0.00629694201052, 0.0119262523949, 0.0077566485852, 0.00497834617272, 0.003837878583, 0.00272454554215, 0.00251914211549, 0.0026284782216, 0.00254763080738, 0.00158068479504, 0.00165647058748, 0.00218888907693, 0.00218377495185, 0.00263336254284, 0.00209138495848, 0.00379246147349, 0.00394724542275, 0.00155327224638, 0.000985873863101, 0.000107905878394, 6.74145412631e-005, 3.57827848347e-005, 2.65459129878e-006, 1.41228255757e-008]
        mean: [9.55025825533e-007, 0.000175252745976, 0.000345530250343, 0.000314926262945, 0.000620734586846, 0.000276043982012, 0.000194062202354, 0.00015330829774, 0.000165095887496, 0.000153789456817, 0.000132361776195, 0.000109185893962, 9.67162122834e-005, 7.52723644837e-005, 8.04447408882e-005, 0.000222926581046, 0.000273518002359, 0.000275431229966, 0.000662932056002, 0.000592991069425, 0.00030163791962, 7.84130606917e-005, 9.76844148681e-006, 3.18612569572e-006, 1.4874262888e-006, 5.45351745984e-008, 7.02638003336e-010]
        median: [3.23115074252e-007, 0.000123075355077, 0.000239975386648, 0.0001932886953, 0.000340887811035, 0.000168391357874, 8.62500019139e-005, 6.05323366472e-005, 8.33406156744e-005, 5.10692407261e-005, 3.95598908653e-005, 3.56652963092e-005, 3.114088031e-005, 3.75265590264e-005, 5.18558190379e-005, 0.000182908202987, 0.000218087283429, 0.000222314352868, 0.000581154075917, 0.000506205833517, 0.000275389407761, 5.44226131751e-005, 7.49590799387e-006, 2.10076723306e-006, 7.50577100916e-007, 2.55978811481e-008, 4.1894807068e-010]
        min: [3.95112422863e-024, 2.9499860603e-023, 2.43254395134e-023, 7.84160793062e-024, 4.80866888629e-023, 6.45641125285e-023, 5.7808711633e-023, 8.16544243196e-023, 4.04610229276e-023, 4.51853720494e-023, 6.58419220446e-023, 5.48902039627e-023, 1.15210926397e-022, 8.32252041541e-023, 8.84072125078e-023, 9.62029316107e-023, 1.1670466292e-022, 1.63571280574e-022, 1.30140112717e-022, 2.90310784323e-022, 3.06223206876e-022, 5.53612182942e-022, 6.28495454391e-022, 7.86628062828e-022, 1.10440112737e-021, 1.44552558542e-021, 2.57373228823e-021]
        var: [2.02319042596e-012, 3.29010987343e-008, 1.34170747401e-007, 1.62325065389e-007, 8.31158502024e-007, 1.238906151e-007, 1.04586760585e-007, 7.29280671408e-008, 5.69533185057e-008, 6.79053755448e-008, 5.44039160388e-008, 3.41598322962e-008, 2.62822439367e-008, 1.30629755901e-008, 1.00073442866e-008, 2.76843863389e-008, 4.2677687162e-008, 4.01625932511e-008, 1.70294569557e-007, 1.59616533324e-007, 3.15728385658e-008, 5.90524829036e-009, 8.56496887303e-011, 1.93829431672e-011, 6.23559320498e-012, 1.18274437621e-014, 9.02430887238e-019]
    frequency_bands:
        dmean: [1.16253477245e-006, 0.000141436321428, 0.000248707452556, 0.000246368232183, 0.000519666995388, 0.000192896579392, 0.000151074113091, 0.000113754264021, 0.000101030615042, 9.41742619034e-005, 7.66913872212e-005, 6.12932708464e-005, 5.64961446798e-005, 4.26589613198e-005, 4.43964054284e-005, 0.000108339969302, 0.000132278131787, 0.000154007779201, 0.000325385190081, 0.000320509658195, 0.000133423847728, 5.97555699642e-005, 5.5201721807e-006, 1.75189893525e-006, 9.83767336038e-007, 3.11623189475e-008, 4.42101660836e-010, 6.62330884582e-011]
        dmean2: [1.97680969904e-006, 0.000246476352913, 0.000423077319283, 0.000418609968619, 0.000898087513633, 0.000327311921865, 0.000260355562204, 0.000193442203454, 0.00016838805459, 0.000157062866492, 0.000126396655105, 0.000100398377981, 9.40096724662e-005, 7.04915510141e-005, 7.46125006117e-005, 0.00018163092318, 0.000222728194785, 0.000261132139713, 0.000549004063942, 0.000557073857635, 0.000228939854424, 0.000108906700916, 9.59611043072e-006, 2.93346874969e-006, 1.6694898477e-006, 4.8926178664e-008, 7.3430211911e-010, 1.23543758557e-010]
        dvar: [2.25021368726e-012, 3.23132063329e-008, 9.92196760308e-008, 1.26307995174e-007, 1.01687680854e-006, 9.51318810394e-008, 8.22886931928e-008, 5.14196010215e-008, 3.3350488593e-008, 3.32168461625e-008, 2.26505765255e-008, 1.35478810392e-008, 1.20493419686e-008, 6.59973853345e-009, 5.56484014425e-009, 1.51809249616e-008, 2.37840467321e-008, 3.00656672891e-008, 1.24293109138e-007, 1.35369930376e-007, 2.14051123493e-008, 7.0414447606e-009, 5.68664559886e-011, 8.84496035441e-012, 3.2538273291e-012, 6.45976759971e-015, 4.86018395808e-019, 8.51003333415e-021]
        dvar2: [5.51127980059e-012, 8.57394084619e-008, 2.58665011188e-007, 3.3072677752e-007, 2.8597896744e-006, 2.61440959548e-007, 2.24019629513e-007, 1.40285436601e-007, 9.03896619775e-008, 9.08342059347e-008, 6.04138605809e-008, 3.52195996811e-008, 3.15413331009e-008, 1.68410121404e-008, 1.44652867462e-008, 4.08978806377e-008, 6.56615739558e-008, 8.14054743614e-008, 3.37140676265e-007, 3.69672989109e-007, 5.87233159877e-008, 1.91508942038e-008, 1.49716794517e-010, 1.89963045294e-011, 7.40674188648e-012, 1.4301294117e-014, 1.14769707329e-018, 2.73194718054e-020]
        max: [9.17099532671e-006, 0.00225459435023, 0.00439115799963, 0.00629694201052, 0.0119262523949, 0.0077566485852, 0.00497834617272, 0.003837878583, 0.00272454554215, 0.00251914211549, 0.0026284782216, 0.00254763080738, 0.00158068479504, 0.00165647058748, 0.00218888907693, 0.00218377495185, 0.00263336254284, 0.00209138495848, 0.00379246147349, 0.00394724542275, 0.00155327224638, 0.000985873863101, 0.000107905878394, 6.74145412631e-005, 3.57827848347e-005, 2.65459129878e-006, 1.41228255757e-008, 1.74713243872e-009]
        mean: [9.55025825533e-007, 0.000175252745976, 0.000345530250343, 0.000314926262945, 0.000620734586846, 0.000276043982012, 0.000194062202354, 0.00015330829774, 0.000165095887496, 0.000153789456817, 0.000132361776195, 0.000109185893962, 9.67162122834e-005, 7.52723644837e-005, 8.04447408882e-005, 0.000222926581046, 0.000273518002359, 0.000275431229966, 0.000662932056002, 0.000592991069425, 0.00030163791962, 7.84130606917e-005, 9.76844148681e-006, 3.18612569572e-006, 1.4874262888e-006, 5.45351745984e-008, 7.02638003336e-010, 5.16513637416e-011]
        median: [3.23115074252e-007, 0.000123075355077, 0.000239975386648, 0.0001932886953, 0.000340887811035, 0.000168391357874, 8.62500019139e-005, 6.05323366472e-005, 8.33406156744e-005, 5.10692407261e-005, 3.95598908653e-005, 3.56652963092e-005, 3.114088031e-005, 3.75265590264e-005, 5.18558190379e-005, 0.000182908202987, 0.000218087283429, 0.000222314352868, 0.000581154075917, 0.000506205833517, 0.000275389407761, 5.44226131751e-005, 7.49590799387e-006, 2.10076723306e-006, 7.50577100916e-007, 2.55978811481e-008, 4.1894807068e-010, 2.18454490608e-011]
        min: [3.95112422863e-024, 2.9499860603e-023, 2.43254395134e-023, 7.84160793062e-024, 4.80866888629e-023, 6.45641125285e-023, 5.7808711633e-023, 8.16544243196e-023, 4.04610229276e-023, 4.51853720494e-023, 6.58419220446e-023, 5.48902039627e-023, 1.15210926397e-022, 8.32252041541e-023, 8.84072125078e-023, 9.62029316107e-023, 1.1670466292e-022, 1.63571280574e-022, 1.30140112717e-022, 2.90310784323e-022, 3.06223206876e-022, 5.53612182942e-022, 6.28495454391e-022, 7.86628062828e-022, 1.10440112737e-021, 1.44552558542e-021, 2.57373228823e-021, 6.28128817086e-022]
        var: [2.02319042596e-012, 3.29010987343e-008, 1.34170747401e-007, 1.62325065389e-007, 8.31158502024e-007, 1.238906151e-007, 1.04586760585e-007, 7.29280671408e-008, 5.69533185057e-008, 6.79053755448e-008, 5.44039160388e-008, 3.41598322962e-008, 2.62822439367e-008, 1.30629755901e-008, 1.00073442866e-008, 2.76843863389e-008, 4.2677687162e-008, 4.01625932511e-008, 1.70294569557e-007, 1.59616533324e-007, 3.15728385658e-008, 5.90524829036e-009, 8.56496887303e-011, 1.93829431672e-011, 6.23559320498e-012, 1.18274437621e-014, 9.02430887238e-019, 6.57547356227e-021]
    mfcc:
        mean: [-689.655944824, 99.5155792236, -44.460647583, 72.2847366333, -17.4701576233, -0.818727850914, 2.93432545662, -2.26713585854, 2.97475719452, -4.31215381622, -6.32669782639, -4.02751207352, -1.66653203964]
        cov: [[3607.45605469, 388.425354004, -313.48550415, 95.8052215576, -252.10697937, 12.8794441223, -3.70344161987, -3.71635699272, -21.1331501007, -48.055683136, -26.0152988434, -5.13723659515, 16.8371696472], [388.425354004, 507.439300537, -177.425109863, 58.4150352478, -79.0190811157, -18.2379341125, 14.8829536438, -15.4377441406, 30.6660041809, -37.7649650574, -34.2332572937, -12.7604131699, -13.6386556625], [-313.48550415, -177.425109863, 282.587371826, 21.2610912323, 73.6864624023, -26.4941329956, -43.8869438171, 8.21929073334, -18.0627498627, 12.219499588, -14.389544487, -15.6140871048, -4.28585243225], [95.8052215576, 58.4150352478, 21.2610912323, 325.184631348, 45.6359176636, 7.03084182739, -58.5618896484, -54.2873420715, 17.4871807098, 11.5239830017, -2.06115245819, -25.0975170135, 0.194260671735], [-252.10697937, -79.0190811157, 73.6864624023, 45.6359176636, 126.797843933, 37.0203475952, -1.57196974754, -33.9975852966, -20.416601181, 7.5010972023, 7.01503658295, -5.60370635986, -8.93650150299], [12.8794441223, -18.2379341125, -26.4941329956, 7.03084182739, 37.0203475952, 87.2170562744, 39.3733596802, -3.7521314621, -25.9592208862, -7.95631122589, 6.02010726929, 0.886205017567, 0.673546254635], [-3.70344161987, 14.8829536438, -43.8869438171, -58.5618896484, -1.57196974754, 39.3733596802, 118.372146606, 54.892791748, 9.19975090027, -21.8061828613, -4.65191507339, 2.8457159996, 1.05019330978], [-3.71635699272, -15.4377441406, 8.21929073334, -54.2873420715, -33.9975852966, -3.7521314621, 54.892791748, 98.7494430542, 36.7945709229, -1.19764149189, -14.0096673965, 0.378624588251, 3.57232689857], [-21.1331501007, 30.6660041809, -18.0627498627, 17.4871807098, -20.416601181, -25.9592208862, 9.19975090027, 36.7945709229, 77.9588241577, 27.1120586395, 3.18978357315, -6.82197237015, -2.45305371284], [-48.055683136, -37.7649650574, 12.219499588, 11.5239830017, 7.5010972023, -7.95631122589, -21.8061828613, -1.19764149189, 27.1120586395, 63.0750579834, 27.7883377075, 5.55062294006, -4.77065658569], [-26.0152988434, -34.2332572937, -14.389544487, -2.06115245819, 7.01503658295, 6.02010726929, -4.65191507339, -14.0096673965, 3.18978357315, 27.7883377075, 55.9663391113, 22.5366249084, 7.41515350342], [-5.13723659515, -12.7604131699, -15.6140871048, -25.0975170135, -5.60370635986, 0.886205017567, 2.8457159996, 0.378624588251, -6.82197237015, 5.55062294006, 22.5366249084, 46.8015098572, 22.400642395], [16.8371696472, -13.6386556625, -4.28585243225, 0.194260671735, -8.93650150299, 0.673546254635, 1.05019330978, 3.57232689857, -2.45305371284, -4.77065658569, 7.41515350342, 22.400642395, 45.0635604858]]
        icov: [[0.000366255262634, -0.000117420619063, 0.000179496782948, -0.000207603094168, 0.000752631574869, -0.000246245181188, 6.11515715718e-005, -6.70208391966e-005, 0.000415994232753, -0.0001004019432, 3.9038961404e-005, 0.000128942163428, -5.60980806767e-005], [-0.000117420619063, 0.00328725227155, 0.00155489332974, -0.000682849029545, 0.000973900954705, 0.000683137681335, -0.000636758573819, 0.00158293277491, -0.00163601990789, 0.00149255839642, 0.00200505834073, -0.00091135763796, 0.00145392317791], [0.000179496782948, 0.00155489332974, 0.00729613937438, -0.000581423926633, -0.00447891838849, 0.00402158033103, 0.00253087817691, -0.00463428813964, 0.00374052370898, -0.00095995439915, 0.00159054272808, 0.00208199885674, -0.000734648492653], [-0.000207603094168, -0.000682849029545, -0.000581423926633, 0.00457690283656, -0.00170004565734, -0.00168638734613, 0.00212523201481, 0.00181617843919, -0.00311616668478, 0.000564680434763, -0.000217155276914, 0.00222335616127, -0.00188888283446], [0.000752631574869, 0.000973900954705, -0.00447891838849, -0.00170004565734, 0.0172531194985, -0.00712214456871, -0.0037266400177, 0.00804395787418, -0.0017916103825, -0.00100723025389, 0.000945085485, -0.0017731715925, 0.00309373252094], [-0.000246245181188, 0.000683137681335, 0.00402158033103, -0.00168638734613, -0.00712214456871, 0.0217680409551, -0.00691923452541, -0.0028179299552, 0.00985901989043, -0.00308123487048, -0.00152372405864, 0.00316077284515, -0.00177457334939], [6.11515715718e-005, -0.000636758573819, 0.00253087817691, 0.00212523201481, -0.0037266400177, -0.00691923452541, 0.0191975403577, -0.0108866477385, -0.00236417981796, 0.00728040141985, -0.00330995069817, 0.000443763798103, 0.000762097828556], [-6.70208391966e-005, 0.00158293277491, -0.00463428813964, 0.00181617843919, 0.00804395787418, -0.0028179299552, -0.0108866477385, 0.0261582117528, -0.0124171478674, -0.000708135368768, 0.00739865656942, -0.00389317260124, -0.000160167590366], [0.000415994232753, -0.00163601990789, 0.00374052370898, -0.00311616668478, -0.0017916103825, 0.00985901989043, -0.00236417981796, -0.0124171478674, 0.0292280912399, -0.0130269275978, -0.001742593362, 0.00695868302137, -0.00270500523038], [-0.0001004019432, 0.00149255839642, -0.00095995439915, 0.000564680434763, -0.00100723025389, -0.00308123487048, 0.00728040141985, -0.000708135368768, -0.0130269275978, 0.0309545565397, -0.0129631925374, -0.00230941153131, 0.00597723154351], [3.9038961404e-005, 0.00200505834073, 0.00159054272808, -0.000217155276914, 0.000945085485, -0.00152372405864, -0.00330995069817, 0.00739865656942, -0.001742593362, -0.0129631925374, 0.0330822169781, -0.0135205164552, 0.000255342776654], [0.000128942163428, -0.00091135763796, 0.00208199885674, 0.00222335616127, -0.0017731715925, 0.00316077284515, 0.000443763798103, -0.00389317260124, 0.00695868302137, -0.00230941153131, -0.0135205164552, 0.0387552306056, -0.0171419102699], [-5.60980806767e-005, 0.00145392317791, -0.000734648492653, -0.00188888283446, 0.00309373252094, -0.00177457334939, 0.000762097828556, -0.000160167590366, -0.00270500523038, 0.00597723154351, 0.000255342776654, -0.0171419102699, 0.0321897082031]]
    sccoeffs:
        dmean: [0.0587419643998, 0.0489570647478, 0.0368696339428, 0.0279372893274, 0.0187041275203, 0.0185898281634]
        dmean2: [0.0979083105922, 0.0823622643948, 0.0623570419848, 0.0475055389106, 0.0319465026259, 0.0303179789335]
        dvar: [0.00209133001044, 0.00140974100213, 0.000829653465189, 0.000468856218504, 0.000208470577491, 0.000284070207272]
        dvar2: [0.00572614884004, 0.00397046143189, 0.00232465798035, 0.00133321504109, 0.000605450710282, 0.000679182005115]
        max: [-0.401205331087, -0.499546647072, -0.582889258862, -0.637658238411, -0.713867783546, -0.545984864235]
        mean: [-0.663633584976, -0.773257911205, -0.803847432137, -0.804629027843, -0.805838406086, -0.708846509457]
        median: [-0.666142880917, -0.77711802721, -0.809021353722, -0.806204676628, -0.806238174438, -0.705601871014]
        min: [-0.958142578602, -0.957969129086, -0.972727239132, -0.970847606659, -0.970163047314, -0.972690701485]
        var: [0.00415362836793, 0.00313950330019, 0.00225613894872, 0.00108103710227, 0.000462064112071, 0.00123031670228]
    scvalleys:
        dmean: [0.449631035328, 0.371558725834, 0.298114538193, 0.2503066957, 0.234746173024, 0.340725928545]
        dmean2: [0.741587758064, 0.61707508564, 0.48133328557, 0.400935024023, 0.369986146688, 0.550900518894]
        dvar: [0.195316255093, 0.158331885934, 0.112118899822, 0.0997522324324, 0.102300301194, 0.210397154093]
        dvar2: [0.400910198689, 0.310230404139, 0.187336266041, 0.148119300604, 0.15360596776, 0.439754962921]
        max: [-4.7878370285, -4.5129404068, -5.00960874557, -5.68028259277, -5.47105646133, -7.97688388824]
        mean: [-6.47463655472, -6.40402412415, -6.81700229645, -7.06229019165, -6.53578424454, -9.63081932068]
        median: [-6.37199258804, -6.3532333374, -6.81095838547, -7.02434301376, -6.44750595093, -9.48372459412]
        min: [-27.8914928436, -27.7420272827, -27.067029953, -27.443939209, -27.3779239655, -27.1999778748]
        var: [0.95079857111, 0.754976809025, 0.841057658195, 0.643143057823, 0.607178807259, 1.05751776695]

rhythm:
    beats_loudness:
        dmean: 0.0015502772294
        dmean2: 0.00271309283562
        dvar: 1.47222385749e-006
        dvar2: 4.49889785159e-006
        max: 0.0115015227348
        mean: 0.0058294297196
        median: 0.00576381199062
        min: 4.19343404445e-009
        var: 3.24581401401e-006
    bpm: 121.351982117
    bpm_confidence: 0
    first_peak_bpm: 120
    first_peak_spread: 0.458801478148
    first_peak_weight: 0.540186941624
    onset_rate: 4.26894855499
    second_peak_bpm: 126
    second_peak_spread: 0
    second_peak_weight: 0.00186915893573
    beats_loudness_band_ratio:
        dmean: [0.105563223362, 0.108727887273, 0.0746463835239, 0.0743262991309, 0.0565215423703, 0.0848422944546]
        dmean2: [0.184233263135, 0.200002714992, 0.131757631898, 0.131277039647, 0.0992354750633, 0.147582218051]
        dvar: [0.00750733865425, 0.00650322530419, 0.00675457995385, 0.007506235037, 0.0023848596029, 0.00378685980104]
        dvar2: [0.0219841301441, 0.0220910646021, 0.0207215752453, 0.0224218796939, 0.00696326699108, 0.0108486982062]
        max: [0.731141805649, 0.60813575983, 0.537959873676, 0.48840534687, 0.520468115807, 0.64348846674]
        mean: [0.228743970394, 0.159427344799, 0.108168274164, 0.100049987435, 0.193645223975, 0.29796525836]
        median: [0.212630003691, 0.148733988404, 0.0765763744712, 0.0580286644399, 0.184059351683, 0.294609606266]
        min: [0.00655262032524, 0.00612140633166, 0.00741427345201, 0.00483928155154, 0.021765973419, 0.0942174121737]
        var: [0.0122719760984, 0.00776412850246, 0.00713818753138, 0.00851993635297, 0.00409091962501, 0.00758408522233]
    beats_position: [0.510838985443, 1.01006805897, 1.50929701328, 2.00852608681, 2.51936507225, 3.01859402657, 3.51782298088, 4.01705217361, 4.51628112793, 5.01551008224, 5.51473903656, 6.01396799088, 6.51319694519, 7.01242637634, 7.52326536179, 8.0224943161, 8.52172279358, 9.02095222473, 9.52018165588, 10.0194101334, 10.5186395645, 11.017868042, 11.5170974731, 12.0163259506, 12.5155553818, 13.0147848129, 13.5140132904, 14.0132427216, 14.512471199, 15.0233106613, 15.5225391388, 16.0217685699, 16.5326080322, 17.0434455872, 17.5542850494, 18.0535144806, 18.5527439117, 19.0519733429, 19.5512008667, 20.0504302979, 20.549659729, 21.0488891602, 21.548116684, 22.0473461151, 22.5465755463, 23.0458049774, 23.5450344086, 24.0442619324, 24.5434913635, 25.0427207947, 25.5419502258, 26.0411777496, 26.5404071808, 27.0396366119, 27.5388660431, 28.0380954742, 28.537322998, 29.0481624603, 29.5590019226, 30.0466213226, 30.5458488464, 31.0450782776, 31.5443077087, 32.0435371399, 32.542766571, 33.0419960022, 33.5296134949, 34.028842926, 34.5280723572, 35.0156898499, 35.514919281, 36.0141487122, 36.5017662048, 37.000995636, 37.5002250671, 37.9994544983, 38.4986839294, 38.9863014221, 39.4739227295, 39.9731521606, 40.4723815918, 40.9599990845, 41.4476165771, 41.9468460083, 42.4344673157, 42.9336967468, 43.4213142395, 43.9089317322, 44.3965530396, 44.8957824707, 45.3950119019, 45.8826293945, 46.3702468872, 46.8578681946, 47.3570976257, 47.8563270569, 48.3439445496, 48.8315620422, 49.3191833496, 49.8068008423, 50.2944221497, 50.7820396423, 51.2812690735, 51.7804985046, 52.2797279358, 52.7789573669, 53.2665748596, 53.7541923523, 54.2418136597, 54.7294311523, 55.2286605835, 55.7278900146, 56.2155075073, 56.7031288147, 57.1907463074, 57.6899757385, 58.1892051697, 58.6768226624, 59.1644439697, 59.6520614624, 60.1396827698, 60.6273002625, 61.1149177551, 61.6141471863, 62.1133766174, 62.6009979248, 63.0886154175, 63.5878448486, 64.0870742798, 64.5746917725, 65.0623092651, 65.5499343872, 66.0375518799, 66.536781311, 67.0360107422, 67.5236282349, 68.0112457275, 68.4988632202, 68.9980926514, 69.485710144, 69.9849395752, 70.4725646973, 70.9601821899, 71.4594116211, 71.9586410522, 72.4578704834, 72.9570999146, 73.4563217163, 73.9555511475, 74.4547805786, 74.9540100098, 75.4532394409, 75.9524688721, 76.4633102417, 76.9625396729, 77.461769104, 77.9609985352, 78.4602279663, 78.9594573975, 79.4586868286, 79.9579086304, 80.4571380615, 80.9563674927, 81.4555969238, 81.954826355, 82.4540557861, 82.9648971558, 83.4641265869, 83.9633560181, 84.4509735107, 84.9502029419, 85.449432373, 85.9486618042, 86.4478912354, 86.9587249756, 87.4579544067, 87.9571838379, 88.44480896, 88.9324264526, 89.4200439453, 89.907661438, 90.4068908691, 90.9061203003, 91.393737793, 91.8813552856, 92.3689804077, 92.8565979004, 93.3558273315, 93.8550567627, 94.3426742554, 94.830291748, 95.3179092407, 95.8171386719, 96.316368103, 96.8039855957, 97.2916107178, 97.7792282104, 98.2668457031, 98.7660751343, 99.253692627, 99.7413101196, 100.240539551, 100.728164673, 101.215782166, 101.703399658, 102.202629089, 102.690246582, 103.189476013, 103.677093506, 104.164710999, 104.66394043, 105.163169861, 105.650794983, 106.138412476, 106.637641907, 107.136871338, 107.624488831, 108.112106323, 108.599723816, 109.098953247, 109.598182678, 110.085800171, 110.573425293, 111.061042786, 111.548660278, 112.036277771, 112.535507202, 113.034736633, 113.522354126, 114.009971619, 114.497596741, 114.996826172, 115.496055603, 115.983673096, 116.471290588, 116.958908081, 117.446525574, 117.945755005, 118.444984436, 118.932601929, 119.420227051, 119.907844543, 120.395462036, 120.894691467, 121.393920898, 121.881538391, 122.369155884, 122.856781006, 123.344398499, 123.84362793, 124.342857361, 124.830474854, 125.318092346, 125.805709839, 126.30493927, 126.804168701, 127.291786194, 127.779411316, 128.267028809, 128.754638672, 129.253875732, 129.753097534, 130.240722656, 130.728347778, 131.215957642, 131.715194702, 132.214416504, 132.702041626, 133.189651489, 133.677276611, 134.164901733, 134.664123535, 135.163360596, 135.650970459, 136.138595581, 136.637817383, 137.137054443, 137.624664307, 138.112289429, 138.599899292, 139.087524414, 139.575149536, 140.062759399, 140.56199646, 141.061218262, 141.548843384, 142.036453247, 142.535690308, 143.034912109, 143.522537231, 144.010162354, 144.509384155, 145.008621216, 145.496231079, 145.983856201, 146.471466064, 146.959091187, 147.446716309, 147.934326172, 148.433563232, 148.921173096, 149.420410156, 149.90802002, 150.40725708, 150.906478882, 151.394104004, 151.881713867, 152.369338989, 152.86857605, 153.367797852, 153.855422974, 154.343032837, 154.830657959, 155.318267822, 155.817504883, 156.316726685, 156.804351807, 157.28036499, 157.779586792, 158.278823853, 158.778045654, 159.265670776, 159.75328064, 160.240905762, 160.728515625, 161.216140747, 161.715377808, 162.214599609, 162.702224731, 163.189834595, 163.677459717, 164.188293457, 164.675918579, 165.163528442, 165.651153564, 166.138778687, 166.638000488, 167.137237549, 167.624847412, 168.124084473, 168.623306274, 169.110931396, 169.610153198, 170.109390259, 170.597000122, 171.084625244, 171.583847046, 172.083084106, 172.582305908, 173.081542969, 173.580764771, 174.080001831, 174.567611694, 175.055236816, 175.554458618, 176.053695679, 176.55291748, 177.052154541, 177.551376343, 178.050613403, 178.538223267, 179.037460327, 179.536682129, 180.024307251, 180.523529053, 181.022766113, 181.521987915, 182.021224976, 182.508834839, 183.008071899, 183.507293701, 183.994918823, 184.494140625, 184.993377686, 185.480987549, 185.980224609, 186.479446411, 186.967071533, 187.466293335, 187.965530396, 188.464752197, 188.963989258, 189.451599121, 189.939224243, 190.438461304, 190.937683105, 191.425308228, 191.924530029, 192.42376709, 192.922988892, 193.422225952, 193.909835815, 194.397460938, 194.896682739, 195.3959198, 195.895141602, 196.394378662, 196.881988525, 197.381225586, 197.880447388, 198.36807251, 198.867294312, 199.366531372, 199.865753174, 200.364990234, 200.852600098, 201.34022522, 201.839447021, 202.338684082, 202.837905884, 203.337142944, 203.836364746, 204.335601807, 204.82321167, 205.310836792, 205.821670532, 206.309295654, 206.796905518, 207.307754517, 207.79536438, 208.282989502, 208.782211304, 209.281448364, 209.780670166, 210.279907227, 210.779129028, 211.278366089, 211.765975952, 212.253601074, 212.752838135, 213.252059937, 213.739685059, 214.23890686, 214.738143921, 215.237365723, 215.736587524, 216.224212646, 216.723449707, 217.222671509, 217.710296631, 218.209518433, 218.708755493, 219.207977295, 219.707214355, 220.194824219, 220.694061279, 221.193283081, 221.680908203, 222.168518066, 222.667755127, 223.166976929, 223.666213989, 224.165435791, 224.653060913, 225.152282715, 225.651519775, 226.139129639, 226.638366699, 227.137588501, 227.625213623, 228.124435425, 228.612060547, 229.111282349, 229.610519409, 230.109741211, 230.597366333, 231.084991455, 231.572601318, 232.071838379, 232.571060181, 233.058685303, 233.546295166, 234.033920288, 234.53314209, 235.03237915, 235.519989014, 236.007614136, 236.495239258, 236.982849121, 237.482086182, 237.981307983, 238.468933105, 238.956542969, 239.444168091, 239.931793213, 240.431015015, 240.930252075, 241.417861938, 241.905487061, 242.393096924, 242.892333984, 243.391555786, 243.879180908, 244.366790771, 244.854415894, 245.353652954, 245.852874756, 246.340499878, 246.828109741, 247.315734863, 247.814956665, 248.314193726, 248.801803589, 249.289428711, 249.777053833, 250.264663696, 250.763900757, 251.263122559, 251.750747681, 252.238357544, 252.725982666, 253.213607788, 253.71282959, 254.212051392, 254.699676514, 255.187301636, 255.674911499, 256.162536621, 256.661773682, 257.160980225, 257.648620605, 258.136230469, 258.623840332, 259.123077393, 259.610687256, 260.098327637, 260.59753418, 261.085174561, 261.572784424, 262.060394287, 262.559631348, 263.058868408, 263.558105469, 264.057312012, 264.556549072, 265.055786133]
