
metadata:
    version:
        essentia: "2.1-beta2"
    audio_properties:
        analysis_sample_rate: 44100
        bitrate: 320
        channels: 2
        equal_loudness: 1
        length: 205.531433105
        replay_gain: -14.5407371521
        downmix: "mix"
    tags:
        album: "Evans Blue"
        artist: "Evans Blue"
        comment: ""
        date: "2009"
        genre: "Hard Rock"
        title: "A Step Back"
        tracknumber: "4"

configuration:
    average_loudness:
        compute: 1
        frameSize: 88200
        hopSize: 44100
        silentFrames: "noise"
        windowType: "hann"
    general:
        analysisSampleRate: 44100
        endTime: 2000
        equalLoudness: 1
        nequalLoudness: 0
        shortSound: 0
        startTime: 0
    lowlevel:
        compute: 1
        frameSize: 2048
        hopSize: 1024
        zeroPadding: 0
        silentFrames: "noise"
        windowType: "blackmanharris62"
        mfccStats: ["mean", "cov", "icov"]
        stats: ["mean", "var", "median", "min", "max", "dmean", "dmean2", "dvar", "dvar2"]
    panning:
        compute: 0
        frameSize: 8192
        hopSize: 2048
        zeroPadding: 8192
        silentFrames: "noise"
        windowType: "hann"
        stats: ["copy"]
    rhythm:
        compute: 1
        maxTempo: 208
        minTempo: 40
        method: "degara"
        stats: ["mean", "var", "median", "min", "max", "dmean", "dmean2", "dvar", "dvar2"]
    segmentation:
        compute: 0
        cpw: 5
        inc1: 300
        inc2: 50
        minimumSegmentsLength: 10
        size1: 1000
        size2: 600
    sfx:
        compute: 1
        stats: ["mean", "var", "median", "min", "max", "dmean", "dmean2", "dvar", "dvar2"]
    svm:
        compute: 0
    tonal:
        compute: 1
        frameSize: 4096
        hopSize: 2048
        zeroPadding: 0
        silentFrames: "noise"
        windowType: "blackmanharris62"
        stats: ["mean", "var", "median", "min", "max", "dmean", "dmean2", "dvar", "dvar2"]

lowlevel:
    average_loudness: 0.958366215229
    barkbands_kurtosis:
        dmean: 0.559098601341
        dmean2: 0.863831341267
        dvar: 1.71660041809
        dvar2: 3.09905314445
        max: 50.3449058533
        mean: -0.739254415035
        median: -1.2542116642
        min: -1.87954056263
        var: 5.17348480225
    barkbands_skewness:
        dmean: 0.348786473274
        dmean2: 0.535940051079
        dvar: 0.104833774269
        dvar2: 0.240976706147
        max: 6.31342840195
        mean: 0.0225372668356
        median: -0.0714199021459
        min: -4.12516021729
        var: 0.616635501385
    barkbands_spread:
        dmean: 4.83800601959
        dmean2: 7.63522291183
        dvar: 22.4095840454
        dvar2: 55.4547386169
        max: 92.3744735718
        mean: 34.8166732788
        median: 35.5904808044
        min: 2.40201640129
        var: 99.0619659424
    dissonance:
        dmean: 0.0120923453942
        dmean2: 0.0203111842275
        dvar: 0.000148160965182
        dvar2: 0.00038544650306
        max: 0.500000238419
        mean: 0.475725740194
        median: 0.482183605433
        min: 0.319798856974
        var: 0.000483076932142
    hfc:
        dmean: 2.17979931831
        dmean2: 3.32430911064
        dvar: 8.07715988159
        dvar2: 19.2695770264
        max: 43.7620544434
        mean: 9.37668418884
        median: 9.21988582611
        min: 1.11738111477e-016
        var: 29.8557910919
    pitch:
        dmean: 671.392578125
        dmean2: 1290.48779297
        dvar: 1473183.25
        dvar2: 3593051
        max: 4609.81201172
        mean: 1493.77783203
        median: 382.340698242
        min: 58.2369651794
        var: 2533173.75
    pitch_instantaneous_confidence:
        dmean: 0.0769565030932
        dmean2: 0.123237892985
        dvar: 0.00447744037956
        dvar2: 0.0106231290847
        max: 0.920553922653
        mean: 0.389224141836
        median: 0.368556976318
        min: 0.0999094843864
        var: 0.0165391582996
    pitch_salience:
        dmean: 0.0544661618769
        dmean2: 0.0881960913539
        dvar: 0.00244364747778
        dvar2: 0.00602099765092
        max: 0.998552381992
        mean: 0.639633953571
        median: 0.649666845798
        min: 0.191012769938
        var: 0.0075377356261
    silence_rate_20dB:
        dmean: 0
        dmean2: 0
        dvar: 0
        dvar2: 0
        max: 1
        mean: 1
        median: 1
        min: 1
        var: 0
    silence_rate_30dB:
        dmean: 0
        dmean2: 0
        dvar: 0
        dvar2: 0
        max: 1
        mean: 1
        median: 1
        min: 1
        var: 0
    silence_rate_60dB:
        dmean: 0.0454134643078
        dmean2: 0.0908371955156
        dvar: 0.0433540306985
        dvar2: 0.0936526805162
        max: 1
        mean: 0.188071846962
        median: 0
        min: 0
        var: 0.152716621757
    spectral_centroid:
        dmean: 235.093704224
        dmean2: 367.298675537
        dvar: 53930.0664063
        dvar2: 126962.546875
        max: 11529.8554688
        mean: 1735.20202637
        median: 1761.61120605
        min: 272.633972168
        var: 453078.3125
    spectral_complexity:
        dmean: 3.86014461517
        dmean2: 5.91481208801
        dvar: 15.9100027084
        dvar2: 34.8181190491
        max: 48
        mean: 18.4923763275
        median: 19
        min: 0
        var: 84.3893356323
    spectral_crest:
        dmean: 1.72275388241
        dmean2: 2.8025906086
        dvar: 2.9092438221
        dvar2: 7.12508964539
        max: 24.7419376373
        mean: 6.36211585999
        median: 5.58594751358
        min: 2.42462921143
        var: 7.53000497818
    spectral_decrease:
        dmean: 3.02682462427e-010
        dmean2: 4.82236472976e-010
        dvar: 1.91656158191e-019
        dvar2: 4.96079652092e-019
        max: 1.02864640553e-028
        mean: -1.18822895967e-009
        median: -1.17196763405e-009
        min: -5.73697001016e-009
        var: 4.03354101293e-019
    spectral_energy:
        dmean: 0.00130155018996
        dmean2: 0.00205750926398
        dvar: 3.50719551534e-006
        dvar2: 8.98521921044e-006
        max: 0.0251767132431
        mean: 0.00533513678238
        median: 0.00526544358581
        min: 1.03082787494e-020
        var: 8.0251829786e-006
    spectral_energyband_high:
        dmean: 0.000151622443809
        dmean2: 0.000246777839493
        dvar: 4.40493295173e-008
        dvar2: 1.09676570048e-007
        max: 0.00351312733255
        mean: 0.000463843898615
        median: 0.000411540677305
        min: 7.19234592746e-021
        var: 1.23331986401e-007
    spectral_energyband_low:
        dmean: 0.000328744936269
        dmean2: 0.000565355876461
        dvar: 3.97303239197e-007
        dvar2: 1.13559337933e-006
        max: 0.00642476975918
        mean: 0.000523541355506
        median: 0.00035123366979
        min: 1.79586330775e-023
        var: 3.77421457642e-007
    spectral_energyband_middle_high:
        dmean: 0.000673051632475
        dmean2: 0.00100795284379
        dvar: 6.03201328886e-007
        dvar2: 1.34351512315e-006
        max: 0.0113744894043
        mean: 0.00265294592828
        median: 0.00248324405402
        min: 1.32947200411e-021
        var: 2.86090244117e-006
    spectral_energyband_middle_low:
        dmean: 0.000773491337895
        dmean2: 0.00125337915961
        dvar: 1.4080769688e-006
        dvar2: 3.75896979676e-006
        max: 0.0144736412913
        mean: 0.0019273085054
        median: 0.00163086189423
        min: 1.95318186222e-022
        var: 2.04638763535e-006
    spectral_flatness_db:
        dmean: 0.0119788022712
        dmean2: 0.0185917969793
        dvar: 0.000131528009661
        dvar2: 0.000290175841656
        max: 0.343780696392
        mean: 0.138471782207
        median: 0.131540447474
        min: 0.0337143540382
        var: 0.00121199665591
    spectral_flux:
        dmean: 0.00810334831476
        dmean2: 0.0122591862455
        dvar: 8.33844023873e-005
        dvar2: 0.000155882764375
        max: 0.118060462177
        mean: 0.0418375432491
        median: 0.0411732532084
        min: 6.48970460704e-011
        var: 0.000325102912029
    spectral_kurtosis:
        dmean: 0.979344666004
        dmean2: 1.64979767799
        dvar: 3.32777881622
        dvar2: 9.94515132904
        max: 38.1928749084
        mean: 3.27476501465
        median: 2.68956017494
        min: -1.23191523552
        var: 8.43118286133
    spectral_rms:
        dmean: 0.000257991690887
        dmean2: 0.000397164112655
        dvar: 1.00472497877e-007
        dvar2: 2.46757167588e-007
        max: 0.0049560717307
        mean: 0.00217323307879
        median: 0.00226649898104
        min: 3.17125492533e-012
        var: 4.82061523144e-007
    spectral_rolloff:
        dmean: 303.746398926
        dmean2: 487.566833496
        dvar: 154546.953125
        dvar2: 333361.53125
        max: 19552.1484375
        mean: 3322.20874023
        median: 3466.84570313
        min: 258.3984375
        var: 1167706.125
    spectral_skewness:
        dmean: 0.137410357594
        dmean2: 0.225813597441
        dvar: 0.0269772764295
        dvar2: 0.0755312144756
        max: 4.22103071213
        mean: 1.2882758379
        median: 1.23636686802
        min: -0.0678376853466
        var: 0.109963349998
    spectral_spread:
        dmean: 417414.9375
        dmean2: 581205.5625
        dvar: 509383081984
        dvar2: 944222175232
        max: 44673788
        mean: 4943344
        median: 4715030
        min: 1363421.75
        var: 4.68743146701e+012
    spectral_strongpeak:
        dmean: 0.461815237999
        dmean2: 0.778713941574
        dvar: 0.521226584911
        dvar2: 1.2698789835
        max: 7.61437320709
        mean: 0.713291049004
        median: 0.284075140953
        min: 5.13528074231e-011
        var: 0.896220803261
    zerocrossingrate:
        dmean: 0.00734220119193
        dmean2: 0.00897359568626
        dvar: 5.42527704965e-005
        dvar2: 6.99086886016e-005
        max: 0.51611328125
        mean: 0.0999714657664
        median: 0.1015625
        min: 0.013671875
        var: 0.000928731285967
    barkbands:
        dmean: [2.5841580964e-007, 6.30945432931e-005, 0.000193074985873, 0.000215215812204, 0.000282653461909, 0.000272005796432, 0.000140733158332, 0.000144917197758, 0.000107054976979, 0.000103104386653, 6.15411772742e-005, 7.31113468646e-005, 7.32916596462e-005, 0.000136521790409, 0.000110943961772, 0.000108045111119, 0.000176867935807, 0.000202578856261, 0.000218052897253, 0.000155099507538, 7.82264469308e-005, 2.26143147302e-005, 4.70796294394e-006, 2.39233236243e-006, 1.33304206429e-006, 5.85898582983e-008, 4.77125228215e-010]
        dmean2: [3.53249305363e-007, 0.000108066400571, 0.00033131375676, 0.00036184876808, 0.000465319957584, 0.0004414152354, 0.000226555188419, 0.00023762442288, 0.000170465020346, 0.00015555495338, 9.55197610892e-005, 0.000112507099402, 0.000112405832624, 0.000212138140341, 0.000169542443473, 0.00017321165069, 0.000283392611891, 0.000330933748046, 0.000360227772035, 0.000257071602391, 0.000129371721414, 3.64542356692e-005, 7.28315262677e-006, 3.63173808182e-006, 1.96604833036e-006, 8.69313154794e-008, 7.72150343664e-010]
        dvar: [3.79351769181e-013, 2.41929392075e-008, 1.38675247285e-007, 9.79940253387e-008, 2.02370387115e-007, 2.74390998811e-007, 9.42555899996e-008, 1.18793828108e-007, 3.84702794065e-008, 6.20891640324e-008, 1.94710789714e-008, 3.21728350627e-008, 4.18279633152e-008, 9.35094206511e-008, 5.73636107504e-008, 3.50189459652e-008, 8.44482599405e-008, 7.19198567367e-008, 7.62157057466e-008, 3.53923255147e-008, 1.40004452476e-008, 1.10277464938e-009, 4.6873595283e-011, 1.38781902637e-011, 9.8953744504e-012, 3.69290373021e-014, 1.04793237058e-018]
        dvar2: [6.98900898093e-013, 6.82619969439e-008, 3.97764466697e-007, 2.74473478612e-007, 5.4076252809e-007, 6.89793807851e-007, 2.35313706298e-007, 2.9793781664e-007, 9.51295575646e-008, 1.39255845966e-007, 4.44052190574e-008, 7.51873869831e-008, 8.81538255726e-008, 2.11908826486e-007, 1.20760745403e-007, 8.1009858377e-008, 1.87160580367e-007, 1.84548213156e-007, 2.0161846237e-007, 9.10297615064e-008, 3.52888740451e-008, 2.63149435575e-009, 1.05466531342e-010, 2.85050056475e-011, 1.94843117335e-011, 7.66632241088e-014, 2.2188127315e-018]
        max: [8.51858749229e-006, 0.00166361255106, 0.0037208632566, 0.00386257888749, 0.00852604955435, 0.0100235361606, 0.00610237568617, 0.00513338670135, 0.00284319906496, 0.00558109302074, 0.00337697402574, 0.00360801955685, 0.00435637542978, 0.00440453737974, 0.00421956600621, 0.0038864929229, 0.00742646073923, 0.00432548858225, 0.00566659169272, 0.00404771324247, 0.00242888671346, 0.000714002468158, 0.000137788854772, 6.61499143462e-005, 5.53601676074e-005, 3.95406277676e-006, 2.61221444475e-008]
        mean: [3.63124087244e-007, 7.59025715524e-005, 0.000271785655059, 0.000329385220539, 0.000502194510773, 0.000427844322985, 0.00020805344684, 0.000196779932594, 0.00017911469331, 0.000188360281754, 0.000101552483102, 0.000122096171253, 0.000110287852294, 0.000223390263272, 0.000184703007108, 0.000207150689675, 0.000365430489182, 0.000434781133663, 0.000527471769601, 0.000412555615185, 0.000182957592187, 5.99772865826e-005, 1.29364598251e-005, 7.02119405105e-006, 2.94595929518e-006, 1.02933981339e-007, 6.82288392451e-010]
        median: [5.07177588815e-008, 3.96039795305e-005, 0.00016304285964, 0.000198676978471, 0.000349977170117, 0.000234050981817, 0.000108752516098, 7.79584734119e-005, 0.000101871475636, 7.27017395548e-005, 5.05851348862e-005, 4.61381569039e-005, 3.75632553187e-005, 8.43841553433e-005, 8.39488857309e-005, 0.000139193856739, 0.000281058572, 0.000359552475857, 0.000488556514028, 0.000369837216567, 0.000149205254274, 4.71890889457e-005, 9.63946695265e-006, 5.37811501999e-006, 1.59219007401e-006, 3.31813687637e-008, 3.02802311003e-010]
        min: [4.68012587533e-025, 1.24586538256e-023, 2.78725344299e-024, 4.31515987056e-024, 1.11159344676e-023, 1.43246332994e-023, 1.05060629464e-023, 2.3649463026e-023, 9.22608248511e-024, 3.62477199882e-023, 2.42080585884e-023, 5.46459158285e-023, 4.14958411967e-023, 4.79994976447e-023, 5.23111462954e-023, 6.80381360483e-023, 8.85308175453e-023, 1.12177030464e-022, 1.58909655361e-022, 1.96954245874e-022, 2.55279604602e-022, 3.81758645413e-022, 3.87247123073e-022, 7.01308249955e-022, 9.30277386993e-022, 1.23757629722e-021, 2.15471280139e-021]
        var: [6.82359388177e-013, 1.78215540103e-008, 1.32777998374e-007, 1.6698197669e-007, 2.81440833305e-007, 4.24592627724e-007, 1.17932692945e-007, 1.54472047598e-007, 6.27320630997e-008, 1.5522027752e-007, 4.04261797371e-008, 6.00183582833e-008, 7.33342346848e-008, 1.72286078737e-007, 1.2249616077e-007, 8.4954393742e-008, 1.78557925778e-007, 1.52420298605e-007, 1.56188420419e-007, 1.01050950718e-007, 2.57282426475e-008, 2.82507550686e-009, 1.40220168809e-010, 4.69533439906e-011, 2.34505314473e-011, 7.61478418298e-014, 2.22338621311e-018]
    frequency_bands:
        dmean: [2.5841580964e-007, 6.30945432931e-005, 0.000193074985873, 0.000215215812204, 0.000282653461909, 0.000272005796432, 0.000140733158332, 0.000144917197758, 0.000107054976979, 0.000103104386653, 6.15411772742e-005, 7.31113468646e-005, 7.32916596462e-005, 0.000136521790409, 0.000110943961772, 0.000108045111119, 0.000176867935807, 0.000202578856261, 0.000218052897253, 0.000155099507538, 7.82264469308e-005, 2.26143147302e-005, 4.70796294394e-006, 2.39233236243e-006, 1.33304206429e-006, 5.85898582983e-008, 4.77125228215e-010, 6.11323977551e-011]
        dmean2: [3.53249305363e-007, 0.000108066400571, 0.00033131375676, 0.00036184876808, 0.000465319957584, 0.0004414152354, 0.000226555188419, 0.00023762442288, 0.000170465020346, 0.00015555495338, 9.55197610892e-005, 0.000112507099402, 0.000112405832624, 0.000212138140341, 0.000169542443473, 0.00017321165069, 0.000283392611891, 0.000330933748046, 0.000360227772035, 0.000257071602391, 0.000129371721414, 3.64542356692e-005, 7.28315262677e-006, 3.63173808182e-006, 1.96604833036e-006, 8.69313154794e-008, 7.72150343664e-010, 1.13995146656e-010]
        dvar: [3.79351769181e-013, 2.41929392075e-008, 1.38675247285e-007, 9.79940253387e-008, 2.02370387115e-007, 2.74390998811e-007, 9.42555899996e-008, 1.18793828108e-007, 3.84702794065e-008, 6.20891640324e-008, 1.94710789714e-008, 3.21728350627e-008, 4.18279633152e-008, 9.35094206511e-008, 5.73636107504e-008, 3.50189459652e-008, 8.44482599405e-008, 7.19198567367e-008, 7.62157057466e-008, 3.53923255147e-008, 1.40004452476e-008, 1.10277464938e-009, 4.6873595283e-011, 1.38781902637e-011, 9.8953744504e-012, 3.69290373021e-014, 1.04793237058e-018, 8.55565266805e-021]
        dvar2: [6.98900898093e-013, 6.82619969439e-008, 3.97764466697e-007, 2.74473478612e-007, 5.4076252809e-007, 6.89793807851e-007, 2.35313706298e-007, 2.9793781664e-007, 9.51295575646e-008, 1.39255845966e-007, 4.44052190574e-008, 7.51873869831e-008, 8.81538255726e-008, 2.11908826486e-007, 1.20760745403e-007, 8.1009858377e-008, 1.87160580367e-007, 1.84548213156e-007, 2.0161846237e-007, 9.10297615064e-008, 3.52888740451e-008, 2.63149435575e-009, 1.05466531342e-010, 2.85050056475e-011, 1.94843117335e-011, 7.66632241088e-014, 2.2188127315e-018, 2.75242248564e-020]
        max: [8.51858749229e-006, 0.00166361255106, 0.0037208632566, 0.00386257888749, 0.00852604955435, 0.0100235361606, 0.00610237568617, 0.00513338670135, 0.00284319906496, 0.00558109302074, 0.00337697402574, 0.00360801955685, 0.00435637542978, 0.00440453737974, 0.00421956600621, 0.0038864929229, 0.00742646073923, 0.00432548858225, 0.00566659169272, 0.00404771324247, 0.00242888671346, 0.000714002468158, 0.000137788854772, 6.61499143462e-005, 5.53601676074e-005, 3.95406277676e-006, 2.61221444475e-008, 1.6675968384e-009]
        mean: [3.63124087244e-007, 7.59025715524e-005, 0.000271785655059, 0.000329385220539, 0.000502194510773, 0.000427844322985, 0.00020805344684, 0.000196779932594, 0.00017911469331, 0.000188360281754, 0.000101552483102, 0.000122096171253, 0.000110287852294, 0.000223390263272, 0.000184703007108, 0.000207150689675, 0.000365430489182, 0.000434781133663, 0.000527471769601, 0.000412555615185, 0.000182957592187, 5.99772865826e-005, 1.29364598251e-005, 7.02119405105e-006, 2.94595929518e-006, 1.02933981339e-007, 6.82288392451e-010, 4.63810136131e-011]
        median: [5.07177588815e-008, 3.96039795305e-005, 0.00016304285964, 0.000198676978471, 0.000349977170117, 0.000234050981817, 0.000108752516098, 7.79584734119e-005, 0.000101871475636, 7.27017395548e-005, 5.05851348862e-005, 4.61381569039e-005, 3.75632553187e-005, 8.43841553433e-005, 8.39488857309e-005, 0.000139193856739, 0.000281058572, 0.000359552475857, 0.000488556514028, 0.000369837216567, 0.000149205254274, 4.71890889457e-005, 9.63946695265e-006, 5.37811501999e-006, 1.59219007401e-006, 3.31813687637e-008, 3.02802311003e-010, 1.6199071598e-011]
        min: [4.68012587533e-025, 1.24586538256e-023, 2.78725344299e-024, 4.31515987056e-024, 1.11159344676e-023, 1.43246332994e-023, 1.05060629464e-023, 2.3649463026e-023, 9.22608248511e-024, 3.62477199882e-023, 2.42080585884e-023, 5.46459158285e-023, 4.14958411967e-023, 4.79994976447e-023, 5.23111462954e-023, 6.80381360483e-023, 8.85308175453e-023, 1.12177030464e-022, 1.58909655361e-022, 1.96954245874e-022, 2.55279604602e-022, 3.81758645413e-022, 3.87247123073e-022, 7.01308249955e-022, 9.30277386993e-022, 1.23757629722e-021, 2.15471280139e-021, 4.50330019879e-022]
        var: [6.82359388177e-013, 1.78215540103e-008, 1.32777998374e-007, 1.6698197669e-007, 2.81440833305e-007, 4.24592627724e-007, 1.17932692945e-007, 1.54472047598e-007, 6.27320630997e-008, 1.5522027752e-007, 4.04261797371e-008, 6.00183582833e-008, 7.33342346848e-008, 1.72286078737e-007, 1.2249616077e-007, 8.4954393742e-008, 1.78557925778e-007, 1.52420298605e-007, 1.56188420419e-007, 1.01050950718e-007, 2.57282426475e-008, 2.82507550686e-009, 1.40220168809e-010, 4.69533439906e-011, 2.34505314473e-011, 7.61478418298e-014, 2.22338621311e-018, 6.36234934654e-021]
    mfcc:
        mean: [-694.136962891, 95.5419311523, -42.2294044495, 51.1293792725, -10.6020355225, -7.8401222229, -3.31480169296, -6.40243196487, -5.58626031876, -4.81383466721, -6.60372257233, -6.5072760582, -9.97605895996]
        cov: [[6718.32128906, 218.165985107, -394.216308594, 794.468811035, -189.689697266, 93.3960723877, -33.1580848694, 163.24420166, 113.825508118, -23.8731307983, -39.8861045837, 9.70791530609, -70.8862533569], [218.165985107, 779.774902344, -224.511001587, -50.1895561218, -25.9029197693, -67.8659896851, 6.90947246552, -77.2189941406, -51.0366744995, -7.74717760086, 5.19446182251, -14.3690004349, -24.6312541962], [-394.216308594, -224.511001587, 321.869750977, 16.0821380615, 42.4882621765, 29.4710884094, 4.07887887955, 24.9833106995, -0.70130777359, -14.9448728561, -18.6870994568, 8.33394527435, 24.8572864532], [794.468811035, -50.1895561218, 16.0821380615, 278.220794678, 28.7133083344, 27.602481842, 4.00790977478, 43.0065116882, 48.6285705566, 12.3276729584, -14.4586114883, 13.5290899277, 6.87890434265], [-189.689697266, -25.9029197693, 42.4882621765, 28.7133083344, 135.053695679, 35.6408424377, 4.93902158737, -2.0975651741, 19.4082298279, 26.5426883698, -3.10481524467, 3.4973347187, 6.6442232132], [93.3960723877, -67.8659896851, 29.4710884094, 27.602481842, 35.6408424377, 116.848045349, 45.9613037109, 37.4944801331, 14.6691961288, 14.6225910187, 15.5198402405, 8.58187294006, -5.72288751602], [-33.1580848694, 6.90947246552, 4.07887887955, 4.00790977478, 4.93902158737, 45.9613037109, 122.339767456, 64.3527603149, 7.68037748337, 15.0138969421, 25.8551311493, 21.529006958, -1.60747528076], [163.24420166, -77.2189941406, 24.9833106995, 43.0065116882, -2.0975651741, 37.4944801331, 64.3527603149, 107.383682251, 41.0528182983, 17.6022529602, 8.82578754425, 19.4783477783, 4.3733625412], [113.825508118, -51.0366744995, -0.70130777359, 48.6285705566, 19.4082298279, 14.6691961288, 7.68037748337, 41.0528182983, 81.6521377563, 36.6631660461, 4.2864780426, 5.43799257278, 3.49174308777], [-23.8731307983, -7.74717760086, -14.9448728561, 12.3276729584, 26.5426883698, 14.6225910187, 15.0138969421, 17.6022529602, 36.6631660461, 80.5614318848, 37.9424095154, 9.98495483398, -3.20904135704], [-39.8861045837, 5.19446182251, -18.6870994568, -14.4586114883, -3.10481524467, 15.5198402405, 25.8551311493, 8.82578754425, 4.2864780426, 37.9424095154, 76.3407363892, 30.8609275818, -2.60371541977], [9.70791530609, -14.3690004349, 8.33394527435, 13.5290899277, 3.4973347187, 8.58187294006, 21.529006958, 19.4783477783, 5.43799257278, 9.98495483398, 30.8609275818, 68.2952041626, 29.4122200012], [-70.8862533569, -24.6312541962, 24.8572864532, 6.87890434265, 6.6442232132, -5.72288751602, -1.60747528076, 4.3733625412, 3.49174308777, -3.20904135704, -2.60371541977, 29.4122200012, 64.1943740845]]
        icov: [[0.000318386795698, -9.819787374e-005, 0.000353993062163, -0.00092376297107, 0.000540650915354, -0.000401641620556, 0.000463366654003, -0.000456436653621, 0.000100046192529, 0.000154276538524, 4.65075936518e-005, -8.74643883435e-005, 0.000270978518529], [-9.819787374e-005, 0.00188998202793, 0.001054182183, 0.000224785981118, -0.000390775065171, 0.000971110945102, -0.00132375140674, 0.00140566576738, 0.000594051671214, -0.000183582043974, 0.000290096562821, -8.04471128504e-005, 0.000189704922377], [0.000353993062163, 0.001054182183, 0.00470618903637, -0.000976237235591, -0.000748994003516, -0.00058175221784, 0.000479057489429, -0.00120590196457, 0.00125172734261, 0.000854214071296, 0.00066858768696, -0.000108202410047, -0.000751213636249], [-0.00092376297107, 0.000224785981118, -0.000976237235591, 0.00701767066494, -0.0020919861272, 0.000471911916975, -0.000495310756378, 6.273870531e-005, -0.00216320762411, -0.0003249940346, 0.00127960764803, -0.00108615413774, -0.000414903712226], [0.000540650915354, -0.000390775065171, -0.000748994003516, -0.0020919861272, 0.0108616081998, -0.00379600701854, 3.21841871482e-005, 0.00249823369086, -0.00125002721325, -0.00389424827881, 0.00309423636645, -0.00111512443982, -0.000160984287504], [-0.000401641620556, 0.000971110945102, -0.00058175221784, 0.000471911916975, -0.00379600701854, 0.0127354292199, -0.00398971373215, -0.00102950760629, 0.000117276096717, 0.000633028219454, -0.00218951096758, 0.00075886817649, 0.00119104515761], [0.000463366654003, -0.00132375140674, 0.000479057489429, -0.000495310756378, 3.21841871482e-005, -0.00398971373215, 0.016147390008, -0.0108293732628, 0.00360697810538, 9.5382652944e-005, -0.00275667593814, -0.00126243499108, 0.000929605448619], [-0.000456436653621, 0.00140566576738, -0.00120590196457, 6.273870531e-005, 0.00249823369086, -0.00102950760629, -0.0108293732628, 0.0218458250165, -0.00855601299554, -0.000705359329004, 0.00287169986404, -0.00295694544911, 0.000287145900074], [0.000100046192529, 0.000594051671214, 0.00125172734261, -0.00216320762411, -0.00125002721325, 0.000117276096717, 0.00360697810538, -0.00855601299554, 0.0219738967717, -0.00911553483456, 0.00267085782252, 0.000489018857479, -0.000868065573741], [0.000154276538524, -0.000183582043974, 0.000854214071296, -0.0003249940346, -0.00389424827881, 0.000633028219454, 9.5382652944e-005, -0.000705359329004, -0.00911553483456, 0.0235854182392, -0.0124383373186, 0.00305164582096, 8.6076601292e-005], [4.65075936518e-005, 0.000290096562821, 0.00066858768696, 0.00127960764803, 0.00309423636645, -0.00218951096758, -0.00275667593814, 0.00287169986404, 0.00267085782252, -0.0124383373186, 0.0258558504283, -0.0123045211658, 0.00490579893813], [-8.74643883435e-005, -8.04471128504e-005, -0.000108202410047, -0.00108615413774, -0.00111512443982, 0.00075886817649, -0.00126243499108, -0.00295694544911, 0.000489018857479, 0.00305164582096, -0.0123045211658, 0.026336338371, -0.0120560126379], [0.000270978518529, 0.000189704922377, -0.000751213636249, -0.000414903712226, -0.000160984287504, 0.00119104515761, 0.000929605448619, 0.000287145900074, -0.000868065573741, 8.6076601292e-005, 0.00490579893813, -0.0120560126379, 0.0221858620644]]
    sccoeffs:
        dmean: [0.0516631864011, 0.0475080013275, 0.0372700467706, 0.0311430264264, 0.0194953959435, 0.0160108637065]
        dmean2: [0.086140088737, 0.077347651124, 0.0597909167409, 0.0491343252361, 0.0320833101869, 0.0255176909268]
        dvar: [0.00179090327583, 0.00154143082909, 0.000897294958122, 0.000674573529977, 0.000246759911533, 0.000203059622436]
        dvar2: [0.00486150430515, 0.00406331568956, 0.0022518420592, 0.0015431685606, 0.000625950109679, 0.000464807730168]
        max: [-0.255109727383, -0.398521870375, -0.497734427452, -0.527701020241, -0.611408352852, -0.644304037094]
        mean: [-0.628355741501, -0.738352537155, -0.774513661861, -0.769333422184, -0.792264997959, -0.749055147171]
        median: [-0.6340072155, -0.743124902248, -0.782999932766, -0.777970254421, -0.794817566872, -0.744538605213]
        min: [-0.980008542538, -0.996731042862, -0.998288273811, -0.988895356655, -0.989515185356, -0.963634490967]
        var: [0.00806523021311, 0.00480225961655, 0.00397789524868, 0.00356603530236, 0.00114707404282, 0.00115157302935]
    scvalleys:
        dmean: [0.388536661863, 0.359444320202, 0.296003550291, 0.260596513748, 0.201555773616, 0.169015213847]
        dmean2: [0.637303411961, 0.581583380699, 0.462512344122, 0.389347404242, 0.30108076334, 0.246275022626]
        dvar: [0.113661363721, 0.111249677837, 0.0736595764756, 0.0650643706322, 0.0553381517529, 0.0472308807075]
        dvar2: [0.280427217484, 0.262806177139, 0.152401715517, 0.125940918922, 0.102064915001, 0.0798086225986]
        max: [-4.98603773117, -4.18595170975, -5.43574571609, -5.68298625946, -5.56053066254, -7.76245927811]
        mean: [-7.08039808273, -6.58100318909, -7.12744188309, -7.29679632187, -6.95047807693, -9.59111404419]
        median: [-6.68014764786, -6.37654733658, -6.85868453979, -7.00894975662, -6.51498746872, -9.24749183655]
        min: [-28.1259403229, -28.0780296326, -27.5853309631, -27.5708560944, -27.4522323608, -27.3834114075]
        var: [2.68164205551, 2.20224308968, 2.15137386322, 2.10068798065, 2.40103530884, 2.57072782516]

rhythm:
    beats_loudness:
        dmean: 0.00297616841272
        dmean2: 0.00560661498457
        dvar: 4.39493260274e-006
        dvar2: 1.50882015078e-005
        max: 0.0153162013739
        mean: 0.00644006440416
        median: 0.00675244210288
        min: 2.40704012278e-010
        var: 8.47096271173e-006
    bpm: 90.9991073608
    bpm_confidence: 0
    first_peak_bpm: 91
    first_peak_spread: 0.0297029837966
    first_peak_weight: 0.951456308365
    onset_rate: 2.37919831276
    second_peak_bpm: 80
    second_peak_spread: 0
    second_peak_weight: 0.0129449842498
    beats_loudness_band_ratio:
        dmean: [0.0878645405173, 0.0980295687914, 0.0711020156741, 0.0712301358581, 0.108436606824, 0.0786924213171]
        dmean2: [0.150763466954, 0.179748058319, 0.124062784016, 0.128101333976, 0.191964313388, 0.140807837248]
        dvar: [0.00626228610054, 0.00764288892969, 0.00600737100467, 0.00488780904561, 0.00783304125071, 0.00433119386435]
        dvar2: [0.0159242320806, 0.0217697750777, 0.0160561203957, 0.0149742690846, 0.023549053818, 0.0126833068207]
        max: [0.624815762043, 0.661664247513, 0.805430650711, 0.406369507313, 0.623168289661, 0.641295015812]
        mean: [0.156376555562, 0.163333937526, 0.13807964325, 0.0998775884509, 0.276363700628, 0.235026970506]
        median: [0.142024576664, 0.143872827291, 0.108283132315, 0.0715262889862, 0.268612891436, 0.235267519951]
        min: [0.00632335105911, 0.0123861627653, 0.0157507434487, 0.0127909258008, 0.0150976916775, 0.00552329514176]
        var: [0.00882082339376, 0.00894569698721, 0.0100125847384, 0.00509512331337, 0.0121367555112, 0.00922650936991]
    beats_position: [0.615328788757, 1.25387752056, 1.90403628349, 2.55419492722, 3.20435357094, 3.86612248421, 4.52789115906, 5.18965959549, 5.85142850876, 6.51319694519, 7.17496585846, 7.8251247406, 8.48689365387, 9.14866161346, 9.79882049561, 10.4605894089, 11.1223583221, 11.7725172043, 12.4342851639, 13.0960540771, 13.7578229904, 14.4195919037, 15.0697498322, 15.7315187454, 16.3932876587, 17.0434455872, 17.7052154541, 18.3669834137, 19.0287532806, 19.6905212402, 20.3406791687, 21.0024490356, 21.6642169952, 22.3259868622, 22.9877548218, 23.6379127502, 24.2996826172, 24.9614505768, 25.6232185364, 26.2849884033, 26.9467563629, 27.6085262299, 28.2586841583, 28.9088420868, 29.5706119537, 30.2323799133, 30.8941497803, 31.5559177399, 32.2176856995, 32.8794555664, 33.5296134949, 34.1913833618, 34.8531494141, 35.5033111572, 36.1650772095, 36.8268470764, 37.4886169434, 38.1503829956, 38.8121528625, 39.4739227295, 40.124080658, 40.7858505249, 41.4476165771, 42.0977783203, 42.7595443726, 43.4213142395, 44.0830841064, 44.7448501587, 45.3950119019, 46.0451698303, 46.7069396973, 47.3687057495, 48.0304756165, 48.6922454834, 49.3540115356, 50.0157814026, 50.6659393311, 51.3393173218, 52.0010871887, 52.6628570557, 53.3130149841, 53.9631729126, 54.6133308411, 55.275100708, 55.936870575, 56.5986366272, 57.2604064941, 57.9221763611, 58.583946228, 59.2457122803, 59.9074821472, 60.5692520142, 61.2194099426, 61.8811798096, 62.5429458618, 63.1931037903, 63.8548736572, 64.5166397095, 65.1784133911, 65.8401794434, 66.5019454956, 67.1637191772, 67.8254852295, 68.4756469727, 69.1374130249, 69.7991790771, 70.4493408203, 71.1111068726, 71.7728805542, 72.423034668, 73.0848083496, 73.7465744019, 74.4083404541, 75.0701141357, 75.731880188, 76.3820419312, 77.0438079834, 77.7171859741, 78.3673477173, 79.0291137695, 79.6908798218, 80.3410415649, 81.0028076172, 81.6645812988, 82.3263473511, 82.9881134033, 83.6382751465, 84.3000411987, 84.9618148804, 85.6119689941, 86.2737426758, 86.935508728, 87.5972747803, 88.2590484619, 88.9208145142, 89.5825805664, 90.244354248, 90.9061203003, 91.5562820435, 92.2064361572, 92.8682098389, 93.5299758911, 94.1917419434, 94.853515625, 95.5036697388, 96.1654434204, 96.8272094727, 97.4773712158, 98.1391372681, 98.8009033203, 99.462677002, 100.124443054, 100.774604797, 101.43637085, 102.086524963, 102.748298645, 103.410064697, 104.071838379, 104.721992493, 105.395370483, 106.057144165, 106.718910217, 107.38067627, 108.042449951, 108.692604065, 109.354377747, 110.016143799, 110.666305542, 111.328071594, 111.989837646, 112.651611328, 113.31337738, 113.963539124, 114.625305176, 115.287071228, 115.94884491, 116.610610962, 117.260765076, 117.922538757, 118.58430481, 119.234466553, 119.896232605, 120.557998657, 121.2081604, 121.881538391, 122.543312073, 123.205078125, 123.866844177, 124.528617859, 125.190383911, 125.852149963, 126.502311707, 127.164077759, 127.82585144, 128.476013184, 129.137771606, 129.799545288, 130.449707031, 131.111465454, 131.773239136, 132.435012817, 133.09677124, 133.758544922, 134.420318604, 135.070480347, 135.73223877, 136.394012451, 137.044174194, 137.694335938, 138.35609436, 139.017868042, 139.679641724, 140.329788208, 140.99156189, 141.66494751, 142.315093994, 142.976867676, 143.638641357, 144.288803101, 144.950561523, 145.612335205, 146.274108887, 146.93586731, 147.597640991, 148.259414673, 148.921173096, 149.582946777, 150.233108521, 150.883255005, 151.545028687, 152.206802368, 152.86857605, 153.530334473, 154.180496216, 154.842269897, 155.50402832, 156.165802002, 156.827575684, 157.477722168, 158.151107788, 158.801269531, 159.463043213, 160.113189697, 160.774963379, 161.425125122, 162.086883545, 162.748657227, 163.410430908, 164.072189331, 164.733963013, 165.395736694, 166.057495117, 166.70765686, 167.369430542, 168.042816162, 168.692962646, 169.354736328, 170.01651001, 170.678268433, 171.328430176, 171.990203857, 172.65196228, 173.302124023, 173.963897705, 174.625671387, 175.28742981, 175.949203491, 176.610977173, 177.261123657, 177.922897339, 178.584671021, 179.234832764, 179.896591187, 180.558364868, 181.22013855, 181.881896973, 182.532058716, 183.193832397, 183.85559082, 184.517364502, 185.179138184, 185.840896606, 186.502670288, 187.152832031, 187.814605713, 188.476364136, 189.138137817, 189.799911499, 190.461669922, 191.123443604, 191.773605347, 192.42376709, 193.085525513, 193.747299194, 194.409072876, 195.070831299, 195.73260498, 196.394378662, 197.056137085, 197.717910767, 198.36807251, 199.018234253, 199.691604614, 200.341766357, 201.038360596, 201.734954834, 202.477996826, 203.221038818, 203.975692749, 204.730331421]
    bpm_estimates: [93.9630737305, 92.2851486206, 92.2851715088, 92.2851715088, 90.6660919189, 90.6661224365, 90.6661529541, 90.6660919189, 90.6661529541, 90.6660919189, 92.2851333618, 90.6660919189, 90.6662216187, 92.2851333618, 90.6660919189, 90.6660919189, 92.2851333618, 90.6662216187, 90.6660919189, 90.6660919189, 90.6660919189, 92.2852706909, 90.6660919189, 90.6660919189, 92.2852706909, 90.6659622192, 90.6662216187, 90.6659622192, 90.6662216187, 92.2852706909, 90.6659622192, 90.6662216187, 90.6659622192, 90.6662216187, 92.2852706909, 90.6659622192, 90.6662216187, 90.6662216187, 90.6659622192, 90.6662216187, 90.6659622192, 92.2852706909, 92.2852706909, 90.6659622192, 90.6662216187, 90.6659622192, 90.6662216187, 90.6662216187, 90.6659622192, 92.2852706909, 90.6659622192, 90.6664810181, 92.2847290039, 90.6664810181, 90.6659622192, 90.6659622192, 90.6664810181, 90.6659622192, 90.6659622192, 92.2852706909, 90.6659622192, 90.6664810181, 92.2847290039, 90.6664810181, 90.6659622192, 90.6659622192, 90.6664810181, 92.2847290039, 92.2852706909, 90.6659622192, 90.6664810181, 90.6659622192, 90.6659622192, 90.6664810181, 90.6659622192, 92.2852706909, 89.1030044556, 90.6659622192, 90.6659622192, 92.2852706909, 92.2852706909, 92.2852706909, 90.6659622192, 90.6659622192, 90.6664810181, 90.6659622192, 90.6659622192, 90.6659622192, 90.6664810181, 90.6659622192, 90.6659622192, 92.2852706909, 90.6659622192, 90.6664810181, 92.2852706909, 90.6659622192, 90.6664810181, 90.665435791, 90.6664810181, 90.6664810181, 90.665435791, 90.6664810181, 92.2847290039, 90.6664810181, 90.6664810181, 92.2847290039, 90.6664810181, 90.665435791, 92.2858123779, 90.665435791, 90.6664810181, 90.6664810181, 90.665435791, 90.6664810181, 92.2847290039, 90.6664810181, 89.1030044556, 92.2847290039, 90.6664810181, 90.6664810181, 92.2847290039, 90.6664810181, 90.665435791, 90.6664810181, 90.6664810181, 92.2847290039, 90.6664810181, 90.665435791, 92.2858123779, 90.665435791, 90.6664810181, 90.6664810181, 90.665435791, 90.6664810181, 90.6664810181, 90.665435791, 90.6664810181, 92.2847290039, 92.2858123779, 90.665435791, 90.6664810181, 90.6664810181, 90.665435791, 92.2858123779, 90.665435791, 90.6664810181, 92.2847290039, 90.6664810181, 90.6664810181, 90.665435791, 90.6664810181, 92.2847290039, 90.6664810181, 92.2858123779, 90.665435791, 90.6664810181, 90.665435791, 92.2858123779, 89.1030044556, 90.665435791, 90.6664810181, 90.6664810181, 90.665435791, 92.2858123779, 90.665435791, 90.6664810181, 92.2847290039, 90.6664810181, 90.6664810181, 90.665435791, 90.6664810181, 92.2847290039, 90.6664810181, 90.6664810181, 90.665435791, 90.6664810181, 92.2858123779, 90.665435791, 90.6664810181, 92.2847290039, 90.6664810181, 90.6664810181, 92.2847290039, 89.1030044556, 90.665435791, 90.6664810181, 90.6664810181, 90.665435791, 90.6664810181, 90.6664810181, 92.2847290039, 90.6664810181, 90.665435791, 92.2847290039, 90.6675262451, 90.665435791, 92.2847290039, 90.6675262451, 90.665435791, 90.665435791, 90.6675262451, 90.665435791, 90.665435791, 92.2847290039, 90.6675262451, 90.665435791, 92.2847290039, 92.2847290039, 90.6675262451, 90.665435791, 90.665435791, 92.286895752, 90.665435791, 89.1019897461, 92.286895752, 90.665435791, 90.665435791, 92.2847290039, 90.6675262451, 90.665435791, 90.665435791, 90.6675262451, 90.665435791, 90.665435791, 90.6675262451, 90.665435791, 92.2847290039, 92.286895752, 90.665435791, 90.665435791, 90.665435791, 90.6675262451, 92.2847290039, 90.665435791, 90.6675262451, 90.665435791, 90.665435791, 92.286895752, 89.1019897461, 92.2847290039, 90.665435791, 92.286895752, 90.665435791, 92.2847290039, 90.6675262451, 90.665435791, 90.665435791, 90.6675262451, 90.665435791, 90.665435791, 90.6675262451, 92.2847290039, 90.665435791, 89.1019897461, 92.286895752, 90.665435791, 90.665435791, 90.6675262451, 92.2847290039, 90.665435791, 90.6675262451, 92.2847290039, 90.665435791, 90.665435791, 90.6675262451, 90.665435791, 90.665435791, 92.286895752, 90.665435791, 90.665435791, 92.2847290039, 90.6675262451, 90.665435791, 90.665435791, 90.6675262451, 92.2847290039, 90.665435791, 90.6675262451, 90.665435791, 90.665435791, 90.6675262451, 90.665435791, 92.2847290039, 90.665435791, 90.6675262451, 90.665435791, 90.665435791, 90.6675262451, 90.665435791, 92.2847290039, 92.2847290039, 90.6675262451, 90.665435791, 90.665435791, 90.6675262451, 90.665435791, 90.665435791, 90.6675262451, 90.665435791, 92.2847290039, 92.2847290039, 89.1040115356, 92.2847290039, 86.133354187, 86.133354187]
