
metadata:
    version:
        essentia: "2.1-beta2"
    audio_properties:
        analysis_sample_rate: 44100
        bitrate: 320
        channels: 2
        equal_loudness: 1
        length: 209.136322021
        replay_gain: -14.9646835327
        downmix: "mix"
    tags:
        album: "Evans Blue"
        artist: "Evans Blue"
        comment: ""
        date: "2009"
        genre: "Hard Rock"
        title: "Bulletproof"
        tracknumber: "7"

configuration:
    average_loudness:
        compute: 1
        frameSize: 88200
        hopSize: 44100
        silentFrames: "noise"
        windowType: "hann"
    general:
        analysisSampleRate: 44100
        endTime: 2000
        equalLoudness: 1
        nequalLoudness: 0
        shortSound: 0
        startTime: 0
    lowlevel:
        compute: 1
        frameSize: 2048
        hopSize: 1024
        zeroPadding: 0
        silentFrames: "noise"
        windowType: "blackmanharris62"
        mfccStats: ["mean", "cov", "icov"]
        stats: ["mean", "var", "median", "min", "max", "dmean", "dmean2", "dvar", "dvar2"]
    panning:
        compute: 0
        frameSize: 8192
        hopSize: 2048
        zeroPadding: 8192
        silentFrames: "noise"
        windowType: "hann"
        stats: ["copy"]
    rhythm:
        compute: 1
        maxTempo: 208
        minTempo: 40
        method: "degara"
        stats: ["mean", "var", "median", "min", "max", "dmean", "dmean2", "dvar", "dvar2"]
    segmentation:
        compute: 0
        cpw: 5
        inc1: 300
        inc2: 50
        minimumSegmentsLength: 10
        size1: 1000
        size2: 600
    sfx:
        compute: 1
        stats: ["mean", "var", "median", "min", "max", "dmean", "dmean2", "dvar", "dvar2"]
    svm:
        compute: 0
    tonal:
        compute: 1
        frameSize: 4096
        hopSize: 2048
        zeroPadding: 0
        silentFrames: "noise"
        windowType: "blackmanharris62"
        stats: ["mean", "var", "median", "min", "max", "dmean", "dmean2", "dvar", "dvar2"]

lowlevel:
    average_loudness: 0.936704993248
    barkbands_kurtosis:
        dmean: 0.748355329037
        dmean2: 1.2085545063
        dvar: 1.35020327568
        dvar2: 3.26836371422
        max: 34.873008728
        mean: -0.423975974321
        median: -0.987771391869
        min: -1.87279057503
        var: 3.64532184601
    barkbands_skewness:
        dmean: 0.370074510574
        dmean2: 0.582905113697
        dvar: 0.118048623204
        dvar2: 0.287896841764
        max: 4.6852388382
        mean: -0.379892021418
        median: -0.47521853447
        min: -4.99669551849
        var: 0.794533371925
    barkbands_spread:
        dmean: 5.06597137451
        dmean2: 8.08012580872
        dvar: 27.546295166
        dvar2: 69.1212539673
        max: 71.2176589966
        mean: 32.0613250732
        median: 32.3547363281
        min: 2.28621482849
        var: 91.9016036987
    dissonance:
        dmean: 0.0106280231848
        dmean2: 0.0178721807897
        dvar: 0.000129390202346
        dvar2: 0.000347635301296
        max: 0.500000059605
        mean: 0.480755507946
        median: 0.485244810581
        min: 0.292571365833
        var: 0.000301728257909
    hfc:
        dmean: 2.42539930344
        dmean2: 3.90198159218
        dvar: 8.44165706635
        dvar2: 21.7577552795
        max: 41.0864257813
        mean: 11.2488117218
        median: 11.3923816681
        min: 1.23115524199e-016
        var: 47.7579040527
    pitch:
        dmean: 926.316833496
        dmean2: 1790.36401367
        dvar: 1933553
        dvar2: 4598905.5
        max: 4682.65820313
        mean: 1403.24353027
        median: 394.36138916
        min: 65.9208755493
        var: 2435582.75
    pitch_instantaneous_confidence:
        dmean: 0.0805605873466
        dmean2: 0.130753204226
        dvar: 0.00441417982802
        dvar2: 0.0112196635455
        max: 0.95271897316
        mean: 0.420727372169
        median: 0.396578907967
        min: 0.0985826849937
        var: 0.0195547826588
    pitch_salience:
        dmean: 0.0539561100304
        dmean2: 0.0884735435247
        dvar: 0.00213732430711
        dvar2: 0.00556348962709
        max: 0.883207798004
        mean: 0.654728889465
        median: 0.664797663689
        min: 0.181054025888
        var: 0.00584497861564
    silence_rate_20dB:
        dmean: 0
        dmean2: 0
        dvar: 0
        dvar2: 0
        max: 1
        mean: 1
        median: 1
        min: 1
        var: 0
    silence_rate_30dB:
        dmean: 0
        dmean2: 0
        dvar: 0
        dvar2: 0
        max: 1
        mean: 1
        median: 1
        min: 1
        var: 0
    silence_rate_60dB:
        dmean: 0.0579549223185
        dmean2: 0.11592271924
        dvar: 0.0545946322381
        dvar2: 0.117134988308
        max: 1
        mean: 0.232349023223
        median: 0
        min: 0
        var: 0.178349629045
    spectral_centroid:
        dmean: 241.114074707
        dmean2: 378.29006958
        dvar: 59870.453125
        dvar2: 132772.296875
        max: 11019.2578125
        mean: 2075.32495117
        median: 2195.61230469
        min: 365.965087891
        var: 377655.375
    spectral_complexity:
        dmean: 3.52170538902
        dmean2: 5.7057518959
        dvar: 12.6396102905
        dvar2: 30.5305461884
        max: 49
        mean: 18.9932289124
        median: 20
        min: 0
        var: 94.014755249
    spectral_crest:
        dmean: 1.7298169136
        dmean2: 2.8646800518
        dvar: 2.64566302299
        dvar2: 6.81808805466
        max: 24.6026382446
        mean: 6.75989103317
        median: 6.06260299683
        min: 2.40358734131
        var: 6.79368162155
    spectral_decrease:
        dmean: 2.58166793499e-010
        dmean2: 4.22793494659e-010
        dvar: 1.31180918984e-019
        dvar2: 3.44409779529e-019
        max: 7.42042451053e-029
        mean: -1.10466435999e-009
        median: -1.08000053345e-009
        min: -4.1605807688e-009
        var: 3.1827779981e-019
    spectral_energy:
        dmean: 0.0011586828623
        dmean2: 0.00189341581427
        dvar: 2.50704374594e-006
        dvar2: 6.55798112348e-006
        max: 0.0186843145639
        mean: 0.00518957804888
        median: 0.00511712487787
        min: 1.0886879471e-020
        var: 7.21868536857e-006
    spectral_energyband_high:
        dmean: 0.000199741654797
        dmean2: 0.000329996080836
        dvar: 5.55263142132e-008
        dvar2: 1.48191602989e-007
        max: 0.00339129008353
        mean: 0.000686912622768
        median: 0.000683019694407
        min: 7.78367343669e-021
        var: 2.56033473534e-007
    spectral_energyband_low:
        dmean: 0.000192038118257
        dmean2: 0.000340700411471
        dvar: 2.85695961111e-007
        dvar2: 8.21299181553e-007
        max: 0.0047392337583
        mean: 0.000248419150012
        median: 0.000141787939356
        min: 5.23928249535e-023
        var: 1.94946167653e-007
    spectral_energyband_middle_high:
        dmean: 0.000714224821422
        dmean2: 0.00114104570821
        dvar: 6.89033925028e-007
        dvar2: 1.70160228663e-006
        max: 0.0137297874317
        mean: 0.00282825459726
        median: 0.00261953426525
        min: 1.55548093114e-021
        var: 3.64746074411e-006
    spectral_energyband_middle_low:
        dmean: 0.0005871609319
        dmean2: 0.000953670591116
        dvar: 7.94288837369e-007
        dvar2: 2.09306722354e-006
        max: 0.0107696400955
        mean: 0.00153962580953
        median: 0.00126837287098
        min: 3.06928233955e-022
        var: 1.26049224036e-006
    spectral_flatness_db:
        dmean: 0.0130392415449
        dmean2: 0.0200771111995
        dvar: 0.000141106458614
        dvar2: 0.00030569525552
        max: 0.45998442173
        mean: 0.150499105453
        median: 0.142450541258
        min: 0.0460466705263
        var: 0.00190222682431
    spectral_flux:
        dmean: 0.00770365307108
        dmean2: 0.0121554583311
        dvar: 7.71929917391e-005
        dvar2: 0.000154018431203
        max: 0.100876346231
        mean: 0.0418238304555
        median: 0.0422523245215
        min: 1.04340210083e-010
        var: 0.000275318394415
    spectral_kurtosis:
        dmean: 1.07324659824
        dmean2: 1.79966032505
        dvar: 2.64224123955
        dvar2: 8.05125713348
        max: 39.2604103088
        mean: 3.50314378738
        median: 3.1424164772
        min: -1.17781591415
        var: 4.44640827179
    spectral_rms:
        dmean: 0.000241726578679
        dmean2: 0.00038686094922
        dvar: 8.67627960588e-008
        dvar2: 2.16697031874e-007
        max: 0.00426949653774
        mean: 0.00215251278132
        median: 0.00223434926011
        min: 3.25904060683e-012
        var: 4.29700321547e-007
    spectral_rolloff:
        dmean: 289.49420166
        dmean2: 472.59072876
        dvar: 150365.5
        dvar2: 297042.25
        max: 18970.7519531
        mean: 3648.94384766
        median: 3832.91015625
        min: 301.46484375
        var: 569748.9375
    spectral_skewness:
        dmean: 0.15835775435
        dmean2: 0.255140125751
        dvar: 0.034902241081
        dvar2: 0.096996538341
        max: 4.16314506531
        mean: 1.1962441206
        median: 1.16222643852
        min: -0.0829673409462
        var: 0.111776657403
    spectral_spread:
        dmean: 457629.0625
        dmean2: 636259.625
        dvar: 563311804416
        dvar2: 792320278528
        max: 40865608
        mean: 4559584
        median: 4182540.75
        min: 1486216.5
        var: 2.85563866317e+012
    spectral_strongpeak:
        dmean: 0.749434232712
        dmean2: 1.25708544254
        dvar: 0.931518673897
        dvar2: 2.26849961281
        max: 12.3328208923
        mean: 1.23615562916
        median: 0.560660719872
        min: 2.96462454585e-009
        var: 1.98183012009
    zerocrossingrate:
        dmean: 0.00745459692553
        dmean2: 0.00908639002591
        dvar: 5.85628440604e-005
        dvar2: 6.38693018118e-005
        max: 0.50390625
        mean: 0.113748393953
        median: 0.11962890625
        min: 0.0185546875
        var: 0.000662084086798
    barkbands:
        dmean: [2.89828733457e-007, 5.45227958355e-005, 0.000104870334326, 0.000104903600004, 0.000233696817304, 0.000212521132198, 0.000143987548654, 0.000110932887765, 9.26698776311e-005, 7.57426023483e-005, 3.44071449945e-005, 4.38763963757e-005, 4.09388558182e-005, 5.77484315727e-005, 9.81359989964e-005, 0.000125657825265, 0.000304229848552, 0.000216585453018, 0.000292368378723, 0.000207939185202, 0.000114325681352, 2.2351019652e-005, 3.17423905472e-006, 1.94675249077e-006, 1.41568443723e-006, 6.80362433059e-008, 5.98550764508e-010]
        dmean2: [4.22607996597e-007, 9.29233501665e-005, 0.000188544596313, 0.000185225973837, 0.000380513985874, 0.000345687672962, 0.000238254622673, 0.000173749533133, 0.000147821527207, 0.000117037685413, 5.53340832994e-005, 6.95359267411e-005, 6.65712432237e-005, 9.33672490646e-005, 0.000154454726726, 0.000205585543881, 0.000495128682815, 0.000359524565283, 0.0004830393882, 0.000347229390172, 0.000192813196918, 3.63130202459e-005, 4.91011815029e-006, 2.82279120256e-006, 2.03863987736e-006, 1.00937768366e-007, 9.45365563609e-010]
        dvar: [5.04870613632e-013, 1.78430727971e-008, 9.06310049231e-008, 4.86871165606e-008, 1.45821388742e-007, 1.57640187126e-007, 9.43743927451e-008, 5.51233654278e-008, 3.08479890521e-008, 2.75573466268e-008, 6.6337690896e-009, 1.03289217179e-008, 1.38840876573e-008, 1.2343794431e-008, 3.51165461154e-008, 4.60292319815e-008, 2.5636211376e-007, 8.24555996815e-008, 1.21495517647e-007, 6.19910807131e-008, 2.25777636587e-008, 1.06746755879e-009, 2.7275645284e-011, 1.31478335164e-011, 1.1132136879e-011, 3.50688038721e-014, 2.00003814194e-018]
        dvar2: [9.84488532363e-013, 5.07479107625e-008, 2.63444036364e-007, 1.38061338362e-007, 3.76162233806e-007, 4.03262191639e-007, 2.40038474431e-007, 1.26095798691e-007, 7.23995015051e-008, 5.46859162398e-008, 1.59745088268e-008, 2.34640307184e-008, 3.45740787111e-008, 2.95196898037e-008, 7.97727324198e-008, 1.15199647155e-007, 6.50132562896e-007, 2.16034777623e-007, 3.25110420363e-007, 1.68946897361e-007, 6.04033516538e-008, 2.68503552725e-009, 6.4223952545e-011, 2.26894232569e-011, 2.08039488414e-011, 7.27256660926e-014, 3.9870109661e-018]
        max: [8.32001751405e-006, 0.00116848410107, 0.00283555290662, 0.00285224546678, 0.00503666931763, 0.00575212202966, 0.00451965024695, 0.00456538936123, 0.00306536350399, 0.00541315646842, 0.00222954619676, 0.00261056725867, 0.00350793078542, 0.00239720055833, 0.00387353496626, 0.00327667430975, 0.0114691667259, 0.00507472408935, 0.00516059901565, 0.00386324594729, 0.00271274195984, 0.000629021145869, 0.000148960622028, 7.26537109585e-005, 5.14480816491e-005, 3.40547717315e-006, 3.24622426717e-008]
        mean: [4.40011348246e-007, 7.71681516198e-005, 0.000107200234197, 0.000125492573716, 0.00042879168177, 0.000363079539966, 0.000207969860639, 0.000182355666766, 0.000164797878824, 0.000148038918269, 5.64632646274e-005, 7.62513736845e-005, 6.45335021545e-005, 9.85500373645e-005, 0.000166142359376, 0.000237701868173, 0.000588103546761, 0.000462505733594, 0.000675375806168, 0.000566048605833, 0.000320973224007, 5.60711960134e-005, 7.95108917373e-006, 4.62498428533e-006, 2.82703285848e-006, 1.13086187525e-007, 8.11947509227e-010]
        median: [1.28091585339e-007, 5.06266515004e-005, 4.78251786262e-005, 5.58002284379e-005, 0.000293838704238, 0.000205731397728, 9.8703923868e-005, 7.59058821131e-005, 7.46474397602e-005, 5.82525208301e-005, 2.65171875071e-005, 2.94519340969e-005, 2.48807227763e-005, 5.20871144545e-005, 8.58282219269e-005, 0.000141356795211, 0.000350221263943, 0.000380371580832, 0.00059671071358, 0.000528708915226, 0.000292596494546, 4.42412128905e-005, 5.35226490683e-006, 2.93513448923e-006, 1.36895368996e-006, 3.97117787543e-008, 3.13859382928e-010]
        min: [1.25462236969e-023, 1.82724735001e-023, 1.13199173316e-023, 3.09103281243e-023, 2.0959022932e-023, 3.14194557971e-023, 4.1494762035e-023, 3.38454239617e-023, 1.31441518641e-022, 9.63123813281e-023, 6.60470258799e-023, 1.30897747353e-022, 1.00694080827e-022, 9.00370874904e-023, 9.94223550064e-023, 1.45218008785e-022, 2.26348377028e-022, 1.92898579432e-022, 3.16827289734e-022, 2.3014043771e-022, 4.12598260046e-022, 6.44060273275e-022, 5.32369685999e-022, 9.06965474393e-022, 1.2060677033e-021, 1.69714520359e-021, 2.71667479302e-021]
        var: [8.3306224332e-013, 1.36680817775e-008, 5.72456180237e-008, 4.39319514101e-008, 2.12479093875e-007, 2.29260692208e-007, 1.16343827017e-007, 1.09091779166e-007, 7.29872269289e-008, 1.1120515353e-007, 1.19997123349e-008, 2.49216860482e-008, 2.79948793036e-008, 2.3915760039e-008, 6.75658355931e-008, 1.03085241676e-007, 5.83131793519e-007, 1.729039667e-007, 2.70156021998e-007, 2.02927353143e-007, 7.24017183984e-008, 3.06593905819e-009, 7.5739407801e-011, 3.77830683407e-011, 2.54341096795e-011, 7.09530294219e-014, 4.00559068342e-018]
    frequency_bands:
        dmean: [2.89828733457e-007, 5.45227958355e-005, 0.000104870334326, 0.000104903600004, 0.000233696817304, 0.000212521132198, 0.000143987548654, 0.000110932887765, 9.26698776311e-005, 7.57426023483e-005, 3.44071449945e-005, 4.38763963757e-005, 4.09388558182e-005, 5.77484315727e-005, 9.81359989964e-005, 0.000125657825265, 0.000304229848552, 0.000216585453018, 0.000292368378723, 0.000207939185202, 0.000114325681352, 2.2351019652e-005, 3.17423905472e-006, 1.94675249077e-006, 1.41568443723e-006, 6.80362433059e-008, 5.98550764508e-010, 6.07484618165e-011]
        dmean2: [4.22607996597e-007, 9.29233501665e-005, 0.000188544596313, 0.000185225973837, 0.000380513985874, 0.000345687672962, 0.000238254622673, 0.000173749533133, 0.000147821527207, 0.000117037685413, 5.53340832994e-005, 6.95359267411e-005, 6.65712432237e-005, 9.33672490646e-005, 0.000154454726726, 0.000205585543881, 0.000495128682815, 0.000359524565283, 0.0004830393882, 0.000347229390172, 0.000192813196918, 3.63130202459e-005, 4.91011815029e-006, 2.82279120256e-006, 2.03863987736e-006, 1.00937768366e-007, 9.45365563609e-010, 1.12303381872e-010]
        dvar: [5.04870613632e-013, 1.78430727971e-008, 9.06310049231e-008, 4.86871165606e-008, 1.45821388742e-007, 1.57640187126e-007, 9.43743927451e-008, 5.51233654278e-008, 3.08479890521e-008, 2.75573466268e-008, 6.6337690896e-009, 1.03289217179e-008, 1.38840876573e-008, 1.2343794431e-008, 3.51165461154e-008, 4.60292319815e-008, 2.5636211376e-007, 8.24555996815e-008, 1.21495517647e-007, 6.19910807131e-008, 2.25777636587e-008, 1.06746755879e-009, 2.7275645284e-011, 1.31478335164e-011, 1.1132136879e-011, 3.50688038721e-014, 2.00003814194e-018, 7.28732791065e-021]
        dvar2: [9.84488532363e-013, 5.07479107625e-008, 2.63444036364e-007, 1.38061338362e-007, 3.76162233806e-007, 4.03262191639e-007, 2.40038474431e-007, 1.26095798691e-007, 7.23995015051e-008, 5.46859162398e-008, 1.59745088268e-008, 2.34640307184e-008, 3.45740787111e-008, 2.95196898037e-008, 7.97727324198e-008, 1.15199647155e-007, 6.50132562896e-007, 2.16034777623e-007, 3.25110420363e-007, 1.68946897361e-007, 6.04033516538e-008, 2.68503552725e-009, 6.4223952545e-011, 2.26894232569e-011, 2.08039488414e-011, 7.27256660926e-014, 3.9870109661e-018, 2.30300459596e-020]
        max: [8.32001751405e-006, 0.00116848410107, 0.00283555290662, 0.00285224546678, 0.00503666931763, 0.00575212202966, 0.00451965024695, 0.00456538936123, 0.00306536350399, 0.00541315646842, 0.00222954619676, 0.00261056725867, 0.00350793078542, 0.00239720055833, 0.00387353496626, 0.00327667430975, 0.0114691667259, 0.00507472408935, 0.00516059901565, 0.00386324594729, 0.00271274195984, 0.000629021145869, 0.000148960622028, 7.26537109585e-005, 5.14480816491e-005, 3.40547717315e-006, 3.24622426717e-008, 1.11251263757e-009]
        mean: [4.40011348246e-007, 7.71681516198e-005, 0.000107200234197, 0.000125492573716, 0.00042879168177, 0.000363079539966, 0.000207969860639, 0.000182355666766, 0.000164797878824, 0.000148038918269, 5.64632646274e-005, 7.62513736845e-005, 6.45335021545e-005, 9.85500373645e-005, 0.000166142359376, 0.000237701868173, 0.000588103546761, 0.000462505733594, 0.000675375806168, 0.000566048605833, 0.000320973224007, 5.60711960134e-005, 7.95108917373e-006, 4.62498428533e-006, 2.82703285848e-006, 1.13086187525e-007, 8.11947509227e-010, 4.78831488349e-011]
        median: [1.28091585339e-007, 5.06266515004e-005, 4.78251786262e-005, 5.58002284379e-005, 0.000293838704238, 0.000205731397728, 9.8703923868e-005, 7.59058821131e-005, 7.46474397602e-005, 5.82525208301e-005, 2.65171875071e-005, 2.94519340969e-005, 2.48807227763e-005, 5.20871144545e-005, 8.58282219269e-005, 0.000141356795211, 0.000350221263943, 0.000380371580832, 0.00059671071358, 0.000528708915226, 0.000292596494546, 4.42412128905e-005, 5.35226490683e-006, 2.93513448923e-006, 1.36895368996e-006, 3.97117787543e-008, 3.13859382928e-010, 1.82685862965e-011]
        min: [1.25462236969e-023, 1.82724735001e-023, 1.13199173316e-023, 3.09103281243e-023, 2.0959022932e-023, 3.14194557971e-023, 4.1494762035e-023, 3.38454239617e-023, 1.31441518641e-022, 9.63123813281e-023, 6.60470258799e-023, 1.30897747353e-022, 1.00694080827e-022, 9.00370874904e-023, 9.94223550064e-023, 1.45218008785e-022, 2.26348377028e-022, 1.92898579432e-022, 3.16827289734e-022, 2.3014043771e-022, 4.12598260046e-022, 6.44060273275e-022, 5.32369685999e-022, 9.06965474393e-022, 1.2060677033e-021, 1.69714520359e-021, 2.71667479302e-021, 7.43945664389e-022]
        var: [8.3306224332e-013, 1.36680817775e-008, 5.72456180237e-008, 4.39319514101e-008, 2.12479093875e-007, 2.29260692208e-007, 1.16343827017e-007, 1.09091779166e-007, 7.29872269289e-008, 1.1120515353e-007, 1.19997123349e-008, 2.49216860482e-008, 2.79948793036e-008, 2.3915760039e-008, 6.75658355931e-008, 1.03085241676e-007, 5.83131793519e-007, 1.729039667e-007, 2.70156021998e-007, 2.02927353143e-007, 7.24017183984e-008, 3.06593905819e-009, 7.5739407801e-011, 3.77830683407e-011, 2.54341096795e-011, 7.09530294219e-014, 4.00559068342e-018, 6.03509116993e-021]
    mfcc:
        mean: [-701.932983398, 92.4999237061, -51.5182914734, 63.088218689, -13.7848014832, -14.8369607925, -4.20315408707, -10.3510131836, 0.333826929331, -5.93945455551, -6.10169029236, -3.01456880569, -6.36452198029]
        cov: [[5684.68554688, 249.106994629, -253.689376831, 520.453735352, -283.653808594, 241.304016113, -67.7096252441, 63.2813835144, 130.241592407, -19.8578987122, -14.739733696, -32.2645492554, -58.8894538879], [249.106994629, 729.734680176, -100.545928955, 158.501983643, 11.6861286163, -96.354598999, -12.4284009933, -34.1625556946, -26.6545715332, -31.7736797333, -19.873916626, 6.78676128387, 17.785949707], [-253.689376831, -100.545928955, 505.497009277, -36.1437683105, 177.716964722, 77.1036148071, -16.8578662872, 23.1002044678, -17.0283985138, 20.6636276245, 18.4630584717, -21.3647327423, 19.2915382385], [520.453735352, 158.501983643, -36.1437683105, 262.09677124, 41.8643493652, 38.9800491333, -7.11378622055, -3.14391064644, 50.498210907, 4.96620702744, -7.24658966064, -2.46808862686, -7.45204877853], [-283.653808594, 11.6861286163, 177.716964722, 41.8643493652, 247.251159668, 29.4283828735, -26.093038559, -13.3238554001, 5.6137804985, 32.2346038818, -1.74014163017, -2.86446547508, 11.9075622559], [241.304016113, -96.354598999, 77.1036148071, 38.9800491333, 29.4283828735, 200.277481079, 53.5777359009, 41.2361106873, 20.4733657837, 24.3316287994, 35.8026199341, 2.32486486435, 4.55836868286], [-67.7096252441, -12.4284009933, -16.8578662872, -7.11378622055, -26.093038559, 53.5777359009, 129.813476563, 32.3475761414, 11.3832492828, 6.6736240387, 30.4393520355, 15.829205513, -5.6540851593], [63.2813835144, -34.1625556946, 23.1002044678, -3.14391064644, -13.3238554001, 41.2361106873, 32.3475761414, 93.127494812, 28.3250102997, 16.5614509583, 0.957334399223, -0.7718526721, 5.75785017014], [130.241592407, -26.6545715332, -17.0283985138, 50.498210907, 5.6137804985, 20.4733657837, 11.3832492828, 28.3250102997, 89.0561752319, 30.2737731934, 7.28417205811, -3.27861976624, -9.25744342804], [-19.8578987122, -31.7736797333, 20.6636276245, 4.96620702744, 32.2346038818, 24.3316287994, 6.6736240387, 16.5614509583, 30.2737731934, 77.2981567383, 28.9420261383, 3.68574738503, -4.52717208862], [-14.739733696, -19.873916626, 18.4630584717, -7.24658966064, -1.74014163017, 35.8026199341, 30.4393520355, 0.957334399223, 7.28417205811, 28.9420261383, 80.7948989868, 19.3234634399, 1.51654410362], [-32.2645492554, 6.78676128387, -21.3647327423, -2.46808862686, -2.86446547508, 2.32486486435, 15.829205513, -0.7718526721, -3.27861976624, 3.68574738503, 19.3234634399, 69.1826324463, 29.1159229279], [-58.8894538879, 17.785949707, 19.2915382385, -7.45204877853, 11.9075622559, 4.55836868286, -5.6540851593, 5.75785017014, -9.25744342804, -4.52717208862, 1.51654410362, 29.1159229279, 70.2526550293]]
        icov: [[0.00027615900035, -5.4336287576e-005, -1.19637334137e-005, -0.000498718698509, 0.000490784354042, -0.000427387334639, 0.000420117168687, -9.85943042906e-005, -9.08076690394e-005, 3.16588048008e-005, 4.26747610618e-005, -4.829934187e-005, 0.000191239043488], [-5.4336287576e-005, 0.0019848276861, 0.000246901909122, -0.00151716545224, -0.000327815389028, 0.00138950510882, -0.000605232431553, -0.0001739342988, 0.00131365621928, 0.00017867225688, -0.000363255443517, 0.000372485810658, -0.00080774637172], [-1.19637334137e-005, 0.000246901909122, 0.00323749682866, 0.000600990606472, -0.00243828631938, -0.000724671932403, 0.000549479853362, -0.00121364742517, 0.00086092937272, 0.000650684291031, -0.00118516362272, 0.00140534841921, -0.000695295108017], [-0.000498718698509, -0.00151716545224, 0.000600990606472, 0.00715029193088, -0.00192644819617, -0.0016397658037, 0.000261176173808, 0.00120303838048, -0.00393048068509, 0.00100265780929, 0.000693064474035, -0.00040609613643, 0.000614849501289], [0.000490784354042, -0.000327815389028, -0.00243828631938, -0.00192644819617, 0.00748782977462, -0.00115179235581, 0.001112843398, 0.00191690633073, -0.000315263750963, -0.00308254291303, 0.00193184462842, -0.000714142865036, -0.000288278824883], [-0.000427387334639, 0.00138950510882, -0.000724671932403, -0.0016397658037, -0.00115179235581, 0.00864370912313, -0.00323876529001, -0.00212507043034, 0.00125393201597, -0.000424523837864, -0.00253667845391, 0.00114986207336, -0.00142102024984], [0.000420117168687, -0.000605232431553, 0.000549479853362, 0.000261176173808, 0.001112843398, -0.00323876529001, 0.0114060100168, -0.00323016569018, -0.000715443165973, 0.00161712057889, -0.00294474838302, -0.00248638889752, 0.00269042979926], [-9.85943042906e-005, -0.0001739342988, -0.00121364742517, 0.00120303838048, 0.00191690633073, -0.00212507043034, -0.00323016569018, 0.0154037578031, -0.00452617323026, -0.00275983591564, 0.00363319506869, 0.000628953159321, -0.00240057590418], [-9.08076690394e-005, 0.00131365621928, 0.00086092937272, -0.00393048068509, -0.000315263750963, 0.00125393201597, -0.000715443165973, -0.00452617323026, 0.0173789095134, -0.00536103267223, -0.000353845010977, 0.000879018043634, 0.000811358855572], [3.16588048008e-005, 0.00017867225688, 0.000650684291031, 0.00100265780929, -0.00308254291303, -0.000424523837864, 0.00161712057889, -0.00275983591564, -0.00536103267223, 0.0194455068558, -0.00689611630514, -0.000339084595907, 0.00165139883757], [4.26747610618e-005, -0.000363255443517, -0.00118516362272, 0.000693064474035, 0.00193184462842, -0.00253667845391, -0.00294474838302, 0.00363319506869, -0.000353845010977, -0.00689611630514, 0.0184361282736, -0.00455306982622, 0.00082708109403], [-4.829934187e-005, 0.000372485810658, 0.00140534841921, -0.00040609613643, -0.000714142865036, 0.00114986207336, -0.00248638889752, 0.000628953159321, 0.000879018043634, -0.000339084595907, -0.00455306982622, 0.0204666350037, -0.00905904639512], [0.000191239043488, -0.00080774637172, -0.000695295108017, 0.000614849501289, -0.000288278824883, -0.00142102024984, 0.00269042979926, -0.00240057590418, 0.000811358855572, 0.00165139883757, 0.00082708109403, -0.00905904639512, 0.0193596016616]]
    sccoeffs:
        dmean: [0.0484863631427, 0.0468031130731, 0.0367477498949, 0.0316518321633, 0.0213278923184, 0.0179184824228]
        dmean2: [0.0807088688016, 0.0769304931164, 0.0596940033138, 0.0511796586215, 0.0345377251506, 0.0288521107286]
        dvar: [0.00173168967012, 0.00144820648711, 0.000877550803125, 0.000637635355815, 0.000351613591192, 0.000274023099337]
        dvar2: [0.00464280275628, 0.00375109864399, 0.00225839903578, 0.0015882498119, 0.000802036665846, 0.000653204682749]
        max: [-0.328605502844, -0.372789353132, -0.515438258648, -0.459706157446, -0.480086952448, -0.48575180769]
        mean: [-0.68433791399, -0.736989796162, -0.773069083691, -0.774351000786, -0.782713472843, -0.727242648602]
        median: [-0.693158209324, -0.74393171072, -0.778716564178, -0.78073579073, -0.787615776062, -0.719917595387]
        min: [-0.96746212244, -0.976921856403, -0.962027549744, -0.966506242752, -0.959440052509, -0.961737811565]
        var: [0.00617073802277, 0.00561850098893, 0.00336274597794, 0.00267736241221, 0.00199360540137, 0.00315801170655]
    scvalleys:
        dmean: [0.337380021811, 0.332667171955, 0.289343804121, 0.249502047896, 0.197333082557, 0.221965029836]
        dmean2: [0.56136572361, 0.548739135265, 0.469624519348, 0.392769098282, 0.312334537506, 0.31036272645]
        dvar: [0.0898515284061, 0.0980843603611, 0.0681147873402, 0.0637432038784, 0.0673786625266, 0.0753502249718]
        dvar2: [0.225330173969, 0.235018074512, 0.147805690765, 0.129053533077, 0.133513227105, 0.136005505919]
        max: [-5.10857152939, -4.43023586273, -5.4701461792, -5.51850748062, -5.53287696838, -7.84132099152]
        mean: [-6.94586420059, -6.61385345459, -7.21225309372, -7.38019323349, -6.77626514435, -9.79450321198]
        median: [-6.65610408783, -6.4356842041, -7.01022338867, -7.12472963333, -6.40869569778, -9.4481716156]
        min: [-27.295665741, -27.5411262512, -27.0719623566, -27.2200660706, -27.2744655609, -27.2034416199]
        var: [1.68775427341, 1.34815585613, 1.20227575302, 1.23202872276, 1.3119713068, 2.06828951836]

rhythm:
    beats_loudness:
        dmean: 0.00235004792921
        dmean2: 0.00415785145015
        dvar: 3.1285494515e-006
        dvar2: 9.42765200307e-006
        max: 0.0126700475812
        mean: 0.00578165752813
        median: 0.0055678607896
        min: 9.62543239558e-011
        var: 7.41816620575e-006
    bpm: 117.287826538
    bpm_confidence: 0
    first_peak_bpm: 117
    first_peak_spread: 0.0917431414127
    first_peak_weight: 0.495000004768
    onset_rate: 2.20430397987
    second_peak_bpm: 88
    second_peak_spread: 0.0408162884414
    second_peak_weight: 0.235000014305
    beats_loudness_band_ratio:
        dmean: [0.0784631073475, 0.10306917876, 0.0806543603539, 0.0480339415371, 0.110674269497, 0.0928088650107]
        dmean2: [0.141401126981, 0.180975064635, 0.13894662261, 0.0816777423024, 0.183367088437, 0.160495519638]
        dvar: [0.00542279705405, 0.00855854526162, 0.00630589947104, 0.00322593213059, 0.00792915187776, 0.00536351045594]
        dvar2: [0.0153291746974, 0.0243683457375, 0.0181411895901, 0.00887055881321, 0.0221535842866, 0.0157166887075]
        max: [0.5352678895, 0.695298731327, 0.532404661179, 0.473138004541, 0.672688603401, 0.828883290291]
        mean: [0.112955622375, 0.183281421661, 0.126074939966, 0.0716910585761, 0.285871267319, 0.276014834642]
        median: [0.101083256304, 0.161041378975, 0.0969914495945, 0.0568135790527, 0.269849836826, 0.273239344358]
        min: [0, 0, 0, 0, 0, 0]
        var: [0.00819998886436, 0.0175829641521, 0.00830314960331, 0.00344736641273, 0.0135421855375, 0.0152568593621]
    beats_position: [0.301859408617, 0.615328788757, 0.952018141747, 1.28870749474, 1.62539684772, 1.9620860815, 2.29877543449, 2.63546490669, 2.97215414047, 3.30884337425, 3.64553284645, 3.98222208023, 4.31891155243, 4.66721057892, 5.01551008224, 5.35219955444, 5.6888885498, 6.03718805313, 6.38548755646, 6.72217655182, 7.05886602402, 7.39555549622, 7.73224496841, 8.06893444061, 8.40562343597, 8.74231243134, 9.07900238037, 9.42730140686, 9.77560043335, 10.1239004135, 10.47219944, 10.8204984665, 11.1571884155, 11.505487442, 11.8421764374, 12.1788663864, 12.5155553818, 12.840634346, 13.1889343262, 13.5256233215, 13.8623123169, 14.2106122971, 14.5473012924, 14.8839902878, 15.2322902679, 15.5689792633, 15.9056682587, 16.2539672852, 16.5906581879, 16.9273471832, 17.2756462097, 17.6123352051, 17.9490242004, 18.2973232269, 18.6456241608, 18.9823131561, 19.3190021515, 19.667301178, 20.0039901733, 20.3406791687, 20.6889801025, 21.0256690979, 21.3623580933, 21.733877182, 22.1053962708, 22.4769153595, 22.8484344482, 23.2083435059, 23.5682544708, 24.0790920258, 24.589931488, 25.1007709503, 25.6116104126, 26.1340579987, 26.6448974609, 27.1557369232, 27.6665763855, 28.1890239716, 28.6998634338, 29.2107028961, 29.7215423584, 30.2323799133, 30.7432193756, 31.2540588379, 31.7648983002, 32.2757377625, 32.7865753174, 33.2974128723, 33.8198623657, 34.3190917969, 34.8299331665, 35.3407707214, 35.8516082764, 36.362449646, 36.8732872009, 37.3841247559, 37.8949661255, 38.4058036804, 38.91664505, 39.427482605, 39.9383201599, 40.4491615295, 40.9599990845, 41.4708366394, 41.981678009, 42.492515564, 43.0033569336, 43.5141944885, 44.0250320435, 44.5358734131, 45.046710968, 45.5575485229, 46.0683898926, 46.5792274475, 47.0900688171, 47.6125144958, 48.1349639893, 48.6458053589, 49.1566429138, 49.6674804688, 50.1783218384, 50.6891593933, 51.2000007629, 51.7108383179, 52.2216758728, 52.7325172424, 53.2433547974, 53.7541923523, 54.2650337219, 54.7758712769, 55.2867126465, 55.7975502014, 56.3083877563, 56.819229126, 57.3300666809, 57.8409042358, 58.3517456055, 58.8625831604, 59.37342453, 59.884262085, 60.3950996399, 60.9059410095, 61.4167785645, 61.9276161194, 62.438457489, 62.9492950439, 63.4601364136, 63.9709739685, 64.4818115234, 64.9926528931, 65.5034942627, 66.0143280029, 66.5251693726, 67.0360107422, 67.5584564209, 68.0809020996, 68.5917434692, 69.1025848389, 69.6134262085, 70.1242599487, 70.6351013184, 71.145942688, 71.6567764282, 72.1676177979, 72.6784591675, 73.1892929077, 73.7001342773, 74.210975647, 74.7218093872, 75.2326507568, 75.7434921265, 76.2543258667, 76.7651672363, 77.276008606, 77.7868499756, 78.2976837158, 78.8085250854, 79.3193664551, 79.8302001953, 80.3410415649, 80.8518829346, 81.3627166748, 81.8735580444, 82.3843994141, 82.8952331543, 83.4060745239, 83.9169158936, 84.4277572632, 84.9385910034, 85.449432373, 85.9602737427, 86.4711074829, 86.9819488525, 87.4927902222, 88.0036239624, 88.514465332, 89.0253067017, 89.5361404419, 90.0469818115, 90.5578231812, 91.0686569214, 91.579498291, 92.1019515991, 92.6243972778, 93.1352386475, 93.6460723877, 94.1569137573, 94.667755127, 95.1785888672, 95.6894302368, 96.2002716064, 96.7111129761, 97.2219467163, 97.7327880859, 98.2436294556, 98.7544631958, 99.2653045654, 99.7761459351, 100.286979675, 100.797821045, 101.308662415, 101.819496155, 102.330337524, 102.841178894, 103.352012634, 103.862854004, 104.373695374, 104.884536743, 105.395370483, 105.917823792, 106.417053223, 106.927886963, 107.438728333, 107.949569702, 108.460403442, 108.971244812, 109.482086182, 109.992919922, 110.503761292, 111.014602661, 111.525436401, 112.036277771, 112.547119141, 113.05796051, 113.56879425, 114.091247559, 114.776237488, 115.461219788, 116.146209717, 116.819587708, 117.492965698, 118.177955627, 118.862945557, 119.547935486, 120.232925415, 120.917915344, 121.602897644, 122.276275635, 122.949661255, 123.634643555, 124.319633484, 124.993011475, 125.678001404, 126.362991333, 127.047981262, 127.732971191, 128.406341553, 129.079727173, 129.764709473, 130.449707031, 131.134689331, 131.81968689, 132.493057251, 133.17805481, 133.863037109, 134.536407471, 135.221405029, 135.906387329, 136.579772949, 137.253143311, 137.938140869, 138.623123169, 139.319732666, 140.004714966, 140.689697266, 141.363082886, 142.048065186, 142.733062744, 143.406433105, 144.091430664, 144.776412964, 145.449798584, 146.134780884, 146.819763184, 147.504760742, 148.189743042, 148.863128662, 149.536499023, 150.221496582, 150.906478882, 151.59147644, 152.27645874, 152.94984436, 153.623214722, 154.296600342, 154.99319458, 155.6665802, 156.3515625, 157.0365448, 157.70993042, 158.39491272, 159.079910278, 159.764892578, 160.449890137, 161.134872437, 161.819854736, 162.504852295, 163.189834595, 163.863220215, 164.548202515, 165.233200073, 165.918182373, 166.603164673, 167.276550293, 167.949935913, 168.634918213, 169.319900513, 170.004898071, 170.678268433, 171.363265991, 172.036636353, 172.721633911, 173.406616211, 174.09161377, 174.776596069, 175.449981689, 176.123352051, 176.808334351, 177.493331909, 178.178314209, 178.863311768, 179.548294067, 180.244888306, 180.953109741, 181.487167358, 182.032836914, 182.57850647, 183.100952148, 183.623397827, 184.134231567, 184.645080566, 185.155914307, 185.666748047, 186.177597046, 186.688430786, 187.187667847, 187.710113525, 188.220947266, 188.731781006, 189.242630005, 189.753463745, 190.264297485, 190.786758423, 191.297592163, 191.808425903, 192.319274902, 192.830108643, 193.340942383, 193.86340332, 194.374237061, 194.885070801, 195.3959198, 195.90675354, 196.41758728, 196.928436279, 197.43927002, 197.95010376, 198.460952759, 198.971786499, 199.482620239, 199.993469238, 200.504302979, 201.015136719, 201.525985718, 202.036819458, 202.547653198, 203.058502197, 203.580947876, 203.940856934, 204.31237793, 204.683898926, 205.043807983, 205.403717041, 205.763626099, 206.123535156, 206.483444214, 206.85496521, 207.226486206, 207.598007202, 207.969512939, 208.341033936]
    bpm_estimates: [117.454170227, 117.453727722, 117.453727722, 117.453727722, 114.844055176, 117.453727722, 117.453727722, 117.453727722, 114.844055176, 117.453727722, 117.453727722, 117.453727722, 117.454170227, 117.453727722, 117.453727722, 117.453727722, 117.453727722, 117.454170227, 117.454170227, 114.843635559, 120.185218811, 117.453292847, 117.454170227, 117.454170227, 117.453292847, 117.454170227, 117.454170227, 117.453292847, 117.454170227, 117.453292847, 117.454170227, 117.454170227, 117.453292847, 117.454170227, 117.454170227, 117.453292847, 117.454170227, 117.453292847, 117.454170227, 117.454170227, 117.453292847, 117.454170227, 117.454170227, 117.453292847, 117.454170227, 117.453292847, 114.844474792, 114.843635559, 117.453292847, 117.454170227, 117.454170227, 117.453292847, 117.454170227, 117.453292847, 117.454170227, 117.454170227, 117.453292847, 117.454170227, 117.454170227, 117.453292847, 117.454170227, 117.453292847, 117.454170227, 117.454170227, 117.453292847, 117.454170227, 117.454170227, 117.453292847, 117.454170227, 117.453292847, 117.454170227, 117.454170227, 117.453292847, 117.454170227, 117.454170227, 117.453292847, 117.454170227, 117.453292847, 117.454170227, 117.454170227, 117.453292847, 117.453292847, 117.455047607, 117.453292847, 117.453292847, 114.844474792, 114.844474792, 117.453292847, 117.453292847, 117.453292847, 117.455047607, 117.453292847, 117.453292847, 117.455047607, 117.453292847, 117.453292847, 117.455047607, 117.453292847, 117.453292847, 117.455047607, 117.453292847, 117.453292847, 117.455047607, 117.453292847, 117.453292847, 117.453292847, 117.455047607, 117.453292847, 117.453292847, 117.455047607, 117.453292847, 117.453292847, 117.455047607, 117.453292847, 117.453292847, 117.455047607, 117.453292847, 117.453292847, 117.453292847, 117.455047607, 117.453292847, 117.453292847, 117.455047607, 117.453292847, 117.453292847, 117.455047607, 117.453292847, 117.453292847, 117.455047607, 117.453292847, 117.453292847, 117.455047607, 117.453292847, 114.842796326, 114.844474792, 117.453292847, 117.455047607, 117.453292847, 117.453292847, 117.455047607, 117.453292847, 117.453292847, 117.453292847, 117.455047607, 117.453292847, 117.453292847, 117.455047607, 117.453292847, 117.453292847, 117.455047607, 117.453292847, 117.453292847, 117.455047607, 117.453292847, 117.453292847, 117.455047607, 117.453292847, 117.453292847, 117.453292847, 117.455047607, 114.842796326, 120.185218811, 117.455047607, 117.453292847, 117.453292847, 117.455047607, 117.453292847, 117.453292847, 117.455047607, 117.453292847, 117.453292847, 117.455047607, 117.453292847, 117.453292847, 117.453292847, 117.455047607, 114.842796326, 114.844474792, 114.844474792, 117.455047607, 117.451538086, 117.455047607, 117.455047607, 117.451538086, 117.455047607, 120.183387756, 114.844474792, 117.455047607, 117.455047607, 117.451538086, 117.455047607, 117.455047607, 114.841117859, 117.455047607, 117.455047607, 117.451538086, 117.455047607, 117.455047607, 114.841117859, 117.455047607, 117.455047607, 117.451538086, 117.455047607, 117.455047607, 117.451538086, 117.455047607, 117.455047607, 117.451538086, 117.455047607, 117.455047607, 117.451538086, 117.455047607, 117.455047607, 117.451538086, 117.455047607, 117.455047607, 117.451538086, 114.844474792]
