
metadata:
    version:
        essentia: "2.1-beta2"
    audio_properties:
        analysis_sample_rate: 44100
        bitrate: 320
        channels: 2
        equal_loudness: 1
        length: 231.235916138
        replay_gain: -14.8213863373
        downmix: "mix"
    tags:
        album: "Evans Blue"
        artist: "Evans Blue"
        comment: ""
        date: "2009"
        genre: "Hard Rock"
        title: "Through Your Eyes"
        tracknumber: "9"

configuration:
    average_loudness:
        compute: 1
        frameSize: 88200
        hopSize: 44100
        silentFrames: "noise"
        windowType: "hann"
    general:
        analysisSampleRate: 44100
        endTime: 2000
        equalLoudness: 1
        nequalLoudness: 0
        shortSound: 0
        startTime: 0
    lowlevel:
        compute: 1
        frameSize: 2048
        hopSize: 1024
        zeroPadding: 0
        silentFrames: "noise"
        windowType: "blackmanharris62"
        mfccStats: ["mean", "cov", "icov"]
        stats: ["mean", "var", "median", "min", "max", "dmean", "dmean2", "dvar", "dvar2"]
    panning:
        compute: 0
        frameSize: 8192
        hopSize: 2048
        zeroPadding: 8192
        silentFrames: "noise"
        windowType: "hann"
        stats: ["copy"]
    rhythm:
        compute: 1
        maxTempo: 208
        minTempo: 40
        method: "degara"
        stats: ["mean", "var", "median", "min", "max", "dmean", "dmean2", "dvar", "dvar2"]
    segmentation:
        compute: 0
        cpw: 5
        inc1: 300
        inc2: 50
        minimumSegmentsLength: 10
        size1: 1000
        size2: 600
    sfx:
        compute: 1
        stats: ["mean", "var", "median", "min", "max", "dmean", "dmean2", "dvar", "dvar2"]
    svm:
        compute: 0
    tonal:
        compute: 1
        frameSize: 4096
        hopSize: 2048
        zeroPadding: 0
        silentFrames: "noise"
        windowType: "blackmanharris62"
        stats: ["mean", "var", "median", "min", "max", "dmean", "dmean2", "dvar", "dvar2"]

lowlevel:
    average_loudness: 0.92392295599
    barkbands_kurtosis:
        dmean: 0.77655172348
        dmean2: 1.20979356766
        dvar: 4.14091444016
        dvar2: 7.92355632782
        max: 80.7725372314
        mean: -0.337194740772
        median: -1.17087864876
        min: -1.85334026814
        var: 11.7147827148
    barkbands_skewness:
        dmean: 0.365733027458
        dmean2: 0.568235337734
        dvar: 0.131523996592
        dvar2: 0.2860493958
        max: 7.58086109161
        mean: 0.16474750638
        median: 0.0861696451902
        min: -2.50313878059
        var: 0.879207074642
    barkbands_spread:
        dmean: 4.68990564346
        dmean2: 7.39832353592
        dvar: 23.3729019165
        dvar2: 55.8031845093
        max: 69.1879959106
        mean: 32.2506484985
        median: 33.1054039001
        min: 1.20957458019
        var: 106.150047302
    dissonance:
        dmean: 0.0124663831666
        dmean2: 0.0211094673723
        dvar: 0.000149163344759
        dvar2: 0.000417210307205
        max: 0.500000059605
        mean: 0.478061914444
        median: 0.482594668865
        min: 0.300737768412
        var: 0.000309723865939
    hfc:
        dmean: 1.97729170322
        dmean2: 3.24842381477
        dvar: 6.807076931
        dvar2: 17.948469162
        max: 33.1406021118
        mean: 8.62617778778
        median: 8.25894165039
        min: 1.14928791945e-016
        var: 28.3553142548
    pitch:
        dmean: 757.272155762
        dmean2: 1467.47644043
        dvar: 1686484.25
        dvar2: 4218273.5
        max: 4682.53662109
        mean: 1391.61340332
        median: 332.447540283
        min: 64.0490646362
        var: 2507904.5
    pitch_instantaneous_confidence:
        dmean: 0.0769919976592
        dmean2: 0.126264259219
        dvar: 0.00428924476728
        dvar2: 0.0107488110662
        max: 0.871250391006
        mean: 0.386343508959
        median: 0.365211576223
        min: 0.105093002319
        var: 0.0155108328909
    pitch_salience:
        dmean: 0.0570225119591
        dmean2: 0.0932842344046
        dvar: 0.00258096074685
        dvar2: 0.00651599699631
        max: 0.864794671535
        mean: 0.650613903999
        median: 0.658442497253
        min: 0.197350606322
        var: 0.00722295837477
    silence_rate_20dB:
        dmean: 0
        dmean2: 0
        dvar: 0
        dvar2: 0
        max: 1
        mean: 1
        median: 1
        min: 1
        var: 0
    silence_rate_30dB:
        dmean: 0
        dmean2: 0
        dvar: 0
        dvar2: 0
        max: 1
        mean: 1
        median: 1
        min: 1
        var: 0
    silence_rate_60dB:
        dmean: 0.0640626549721
        dmean2: 0.128138184547
        dvar: 0.0599501766264
        dvar2: 0.129608258605
        max: 1
        mean: 0.21887549758
        median: 0
        min: 0
        var: 0.170955777168
    spectral_centroid:
        dmean: 230.337814331
        dmean2: 366.764770508
        dvar: 52251.9882813
        dvar2: 117452.742188
        max: 11029.7128906
        mean: 1691.91723633
        median: 1713.76489258
        min: 170.279067993
        var: 331554.25
    spectral_complexity:
        dmean: 3.54633998871
        dmean2: 5.80618619919
        dvar: 14.4387454987
        dvar2: 35.9990997314
        max: 44
        mean: 16.6339359283
        median: 17
        min: 0
        var: 73.9839324951
    spectral_crest:
        dmean: 1.93891382217
        dmean2: 3.13509917259
        dvar: 3.39633321762
        dvar2: 8.2820482254
        max: 25.1812610626
        mean: 7.10840559006
        median: 6.30549764633
        min: 2.64918661118
        var: 9.18931865692
    spectral_decrease:
        dmean: 2.96044466719e-010
        dmean2: 4.91288953963e-010
        dvar: 1.73645799617e-019
        dvar2: 4.58892920475e-019
        max: -3.7689353639e-029
        mean: -1.15059251016e-009
        median: -1.11713871487e-009
        min: -4.5598560483e-009
        var: 3.75110407018e-019
    spectral_energy:
        dmean: 0.00125812029
        dmean2: 0.00208627968095
        dvar: 3.14064573104e-006
        dvar2: 8.31689794722e-006
        max: 0.0196352880448
        mean: 0.00512502482161
        median: 0.00498309358954
        min: 1.05666305192e-020
        var: 7.38759854357e-006
    spectral_energyband_high:
        dmean: 0.000156235473696
        dmean2: 0.000266476796241
        dvar: 4.98763306211e-008
        dvar2: 1.37864503813e-007
        max: 0.00309010688215
        mean: 0.000432260072557
        median: 0.000385087856557
        min: 7.47881779908e-021
        var: 1.07142476224e-007
    spectral_energyband_low:
        dmean: 0.000257795472862
        dmean2: 0.000457669200841
        dvar: 3.62344394489e-007
        dvar2: 1.0357125575e-006
        max: 0.005313788075
        mean: 0.000319241866237
        median: 0.000171548264916
        min: 7.60335505562e-023
        var: 2.72909289833e-007
    spectral_energyband_middle_high:
        dmean: 0.000565913273022
        dmean2: 0.000899905280676
        dvar: 4.39838487409e-007
        dvar2: 1.07434027541e-006
        max: 0.012322624214
        mean: 0.00238619931042
        median: 0.00208123587072
        min: 1.42976775436e-021
        var: 2.91878018288e-006
    spectral_energyband_middle_low:
        dmean: 0.000820011482574
        dmean2: 0.00134407030419
        dvar: 1.40454278608e-006
        dvar2: 3.65049118045e-006
        max: 0.0147772245109
        mean: 0.00216244184412
        median: 0.00182417908218
        min: 5.38676736221e-022
        var: 2.39283781411e-006
    spectral_flatness_db:
        dmean: 0.0130099970847
        dmean2: 0.0202000718564
        dvar: 0.000164199780556
        dvar2: 0.000354721356416
        max: 0.373436242342
        mean: 0.146263495088
        median: 0.140191882849
        min: 0.0387246198952
        var: 0.00126502546482
    spectral_flux:
        dmean: 0.00806611590087
        dmean2: 0.0125149292871
        dvar: 8.76431586221e-005
        dvar2: 0.000171153820702
        max: 0.1115687415
        mean: 0.0403485111892
        median: 0.0388748645782
        min: 1.02794120438e-010
        var: 0.00028881142498
    spectral_kurtosis:
        dmean: 0.997098624706
        dmean2: 1.69086015224
        dvar: 1.99838423729
        dvar2: 5.54797554016
        max: 41.472946167
        mean: 3.4816198349
        median: 3.12380075455
        min: -1.20987451077
        var: 4.29057359695
    spectral_rms:
        dmean: 0.000256367056863
        dmean2: 0.00041683827294
        dvar: 1.00249430091e-007
        dvar2: 2.5694487249e-007
        max: 0.0043767997995
        mean: 0.00212618359365
        median: 0.00220489338972
        min: 3.21074872418e-012
        var: 4.79347306737e-007
    spectral_rolloff:
        dmean: 341.65713501
        dmean2: 564.43170166
        dvar: 196590.453125
        dvar2: 413618.71875
        max: 18755.4199219
        mean: 3291.65893555
        median: 3488.37890625
        min: 150.732421875
        var: 793818.9375
    spectral_skewness:
        dmean: 0.147512361407
        dmean2: 0.242103278637
        dvar: 0.0273084156215
        dvar2: 0.0694433897734
        max: 4.75399446487
        mean: 1.28909301758
        median: 1.24344539642
        min: -0.00270541850477
        var: 0.0984554886818
    spectral_spread:
        dmean: 379842.84375
        dmean2: 559862.875
        dvar: 325204705280
        dvar2: 499848118272
        max: 40212548
        mean: 4642213.5
        median: 4414285
        min: 1468553.625
        var: 2.17817848218e+012
    spectral_strongpeak:
        dmean: 0.44658151269
        dmean2: 0.7561840415
        dvar: 0.523703157902
        dvar2: 1.33113408089
        max: 7.9037027359
        mean: 0.788375496864
        median: 0.351879626513
        min: 6.64256294414e-009
        var: 1.02593934536
    zerocrossingrate:
        dmean: 0.00741222593933
        dmean2: 0.00928651355207
        dvar: 5.50426557311e-005
        dvar2: 6.53099923511e-005
        max: 0.51171875
        mean: 0.0976008996367
        median: 0.10009765625
        min: 0.00830078125
        var: 0.000674810493365
    barkbands:
        dmean: [3.0057410072e-007, 6.27386107226e-005, 0.000142416203744, 0.000167757869349, 0.000387063686503, 0.000230219433433, 0.000187456651474, 0.000165099379956, 0.000102787205833, 9.58127056947e-005, 6.74585244269e-005, 7.69844264141e-005, 6.3897758082e-005, 6.62199381622e-005, 5.87284448557e-005, 9.97298338916e-005, 0.000196607390535, 0.000144944628119, 0.000180013070349, 0.00017020481755, 8.27738404041e-005, 1.9812499886e-005, 3.6934882246e-006, 1.71167550889e-006, 1.18502237001e-006, 4.15762855255e-008, 4.11388395571e-010]
        dmean2: [4.32142428508e-007, 0.000110544286144, 0.000254523503827, 0.000294084398774, 0.000635655364022, 0.000381348159863, 0.000308710208628, 0.000259801803622, 0.000165569377714, 0.000143760320498, 0.000100551646028, 0.000121018150821, 9.93977882899e-005, 0.000106642262836, 9.41771577345e-005, 0.000163775941473, 0.000322295702063, 0.000242342648562, 0.000299306149827, 0.000287054164801, 0.000143944809679, 3.4179603972e-005, 6.21470326223e-006, 2.66952224592e-006, 1.77099320808e-006, 6.5325025389e-008, 6.95985769017e-010]
        dvar: [3.83594523333e-013, 2.82078129743e-008, 1.12017680465e-007, 8.74548291563e-008, 3.60426184898e-007, 1.44339907138e-007, 2.24522622716e-007, 1.26272553302e-007, 4.14599945486e-008, 4.4654626663e-008, 3.42014843113e-008, 3.63328354069e-008, 3.05864560346e-008, 2.11774633385e-008, 1.59194719629e-008, 3.41011769933e-008, 1.15339773288e-007, 3.49642128583e-008, 4.55770745589e-008, 4.17135090913e-008, 1.74103949035e-008, 1.36017341834e-009, 6.49786127682e-011, 1.90039772113e-011, 1.37326799238e-011, 1.55186617273e-014, 6.67227766925e-019]
        dvar2: [7.82392976361e-013, 7.92060319554e-008, 3.2312169651e-007, 2.44992747866e-007, 9.27928567762e-007, 3.85530029234e-007, 5.48236926079e-007, 2.81754410025e-007, 9.71447491338e-008, 9.32656831765e-008, 7.15737726864e-008, 8.32187510014e-008, 6.99257398651e-008, 5.13432958371e-008, 3.73430069089e-008, 7.93659609144e-008, 2.85125310029e-007, 9.28513870235e-008, 1.19615691574e-007, 1.0904795289e-007, 4.94662231176e-008, 3.80564602054e-009, 1.75503736544e-010, 4.07751228615e-011, 2.70551237663e-011, 3.58832328272e-014, 1.67880244765e-018]
        max: [8.034383427e-006, 0.00141661148518, 0.00294279772788, 0.00535008031875, 0.00789400935173, 0.00765006616712, 0.010663267225, 0.00634169951081, 0.00513486610726, 0.00579684507102, 0.0086605316028, 0.00446074921638, 0.00401229225099, 0.00382328429259, 0.00316626229323, 0.00441451510414, 0.00760946748778, 0.00326052471064, 0.00540741626173, 0.00347718526609, 0.00161150004715, 0.000669811852276, 0.0001101667076, 0.000195634900592, 0.000127422317746, 3.02547118736e-006, 3.41038450813e-008]
        mean: [4.50128624152e-007, 6.31334914942e-005, 0.000155821820954, 0.000209108009585, 0.000689283886459, 0.000403966958402, 0.000264069269178, 0.000287030328764, 0.000176281508175, 0.000226764459512, 0.000124137091916, 0.000134082307341, 0.000104094266135, 0.000111984358227, 0.000103991682408, 0.00020278665761, 0.000418945215642, 0.000321026833262, 0.000442718941486, 0.000446119986009, 0.000181527371751, 4.36284572061e-005, 7.54155644245e-006, 3.90906780012e-006, 2.54757219409e-006, 7.48145723151e-008, 5.71260427851e-010]
        median: [1.44097811017e-007, 2.73157365882e-005, 6.96066854289e-005, 0.000118402342196, 0.000462557509309, 0.000252318219282, 0.000124795624288, 0.000105047263787, 0.000105618091766, 5.9992147726e-005, 3.42560379067e-005, 4.48505597888e-005, 2.76947212114e-005, 4.86842254759e-005, 4.45702389698e-005, 0.000116975235869, 0.000261509791017, 0.000255305378232, 0.000375009549316, 0.000394205533667, 0.000146936887177, 3.15131001116e-005, 4.2928863877e-006, 2.14836427403e-006, 1.18814932648e-006, 3.25720819205e-008, 2.95160645924e-010]
        min: [3.35864393488e-024, 5.5150887782e-023, 8.6032854779e-024, 1.77481492108e-023, 1.34829253399e-022, 9.09422706693e-023, 9.28074975698e-023, 9.57042957879e-023, 9.86629596337e-023, 5.44345642148e-023, 6.9244102424e-023, 6.94694200312e-023, 1.21507929687e-022, 1.03253783003e-022, 1.42483577074e-022, 1.41712740062e-022, 1.35377076277e-022, 1.936355396e-022, 2.58113293948e-022, 2.82111553401e-022, 4.68681777055e-022, 3.82529229989e-022, 6.87924322241e-022, 8.90412976412e-022, 1.16196621351e-021, 1.73174340595e-021, 2.32862792907e-021]
        var: [6.54585489545e-013, 1.90481976858e-008, 8.62331503981e-008, 8.96712890608e-008, 5.57470343665e-007, 2.40426800246e-007, 2.73738038459e-007, 3.01944936609e-007, 6.64379271598e-008, 2.76965096191e-007, 1.11162819394e-007, 8.86119622123e-008, 6.71396875873e-008, 4.28434745459e-008, 3.748646904e-008, 1.06250020337e-007, 3.24313532474e-007, 8.25895938306e-008, 1.23915839367e-007, 1.18675778538e-007, 2.60008476971e-008, 1.88947568702e-009, 9.04262151269e-011, 4.88101781215e-011, 3.68722968824e-011, 3.09806772792e-014, 1.10400425596e-018]
    frequency_bands:
        dmean: [3.0057410072e-007, 6.27386107226e-005, 0.000142416203744, 0.000167757869349, 0.000387063686503, 0.000230219433433, 0.000187456651474, 0.000165099379956, 0.000102787205833, 9.58127056947e-005, 6.74585244269e-005, 7.69844264141e-005, 6.3897758082e-005, 6.62199381622e-005, 5.87284448557e-005, 9.97298338916e-005, 0.000196607390535, 0.000144944628119, 0.000180013070349, 0.00017020481755, 8.27738404041e-005, 1.9812499886e-005, 3.6934882246e-006, 1.71167550889e-006, 1.18502237001e-006, 4.15762855255e-008, 4.11388395571e-010, 6.00466412704e-011]
        dmean2: [4.32142428508e-007, 0.000110544286144, 0.000254523503827, 0.000294084398774, 0.000635655364022, 0.000381348159863, 0.000308710208628, 0.000259801803622, 0.000165569377714, 0.000143760320498, 0.000100551646028, 0.000121018150821, 9.93977882899e-005, 0.000106642262836, 9.41771577345e-005, 0.000163775941473, 0.000322295702063, 0.000242342648562, 0.000299306149827, 0.000287054164801, 0.000143944809679, 3.4179603972e-005, 6.21470326223e-006, 2.66952224592e-006, 1.77099320808e-006, 6.5325025389e-008, 6.95985769017e-010, 1.11498352218e-010]
        dvar: [3.83594523333e-013, 2.82078129743e-008, 1.12017680465e-007, 8.74548291563e-008, 3.60426184898e-007, 1.44339907138e-007, 2.24522622716e-007, 1.26272553302e-007, 4.14599945486e-008, 4.4654626663e-008, 3.42014843113e-008, 3.63328354069e-008, 3.05864560346e-008, 2.11774633385e-008, 1.59194719629e-008, 3.41011769933e-008, 1.15339773288e-007, 3.49642128583e-008, 4.55770745589e-008, 4.17135090913e-008, 1.74103949035e-008, 1.36017341834e-009, 6.49786127682e-011, 1.90039772113e-011, 1.37326799238e-011, 1.55186617273e-014, 6.67227766925e-019, 7.75577467027e-021]
        dvar2: [7.82392976361e-013, 7.92060319554e-008, 3.2312169651e-007, 2.44992747866e-007, 9.27928567762e-007, 3.85530029234e-007, 5.48236926079e-007, 2.81754410025e-007, 9.71447491338e-008, 9.32656831765e-008, 7.15737726864e-008, 8.32187510014e-008, 6.99257398651e-008, 5.13432958371e-008, 3.73430069089e-008, 7.93659609144e-008, 2.85125310029e-007, 9.28513870235e-008, 1.19615691574e-007, 1.0904795289e-007, 4.94662231176e-008, 3.80564602054e-009, 1.75503736544e-010, 4.07751228615e-011, 2.70551237663e-011, 3.58832328272e-014, 1.67880244765e-018, 2.50571344456e-020]
        max: [8.034383427e-006, 0.00141661148518, 0.00294279772788, 0.00535008031875, 0.00789400935173, 0.00765006616712, 0.010663267225, 0.00634169951081, 0.00513486610726, 0.00579684507102, 0.0086605316028, 0.00446074921638, 0.00401229225099, 0.00382328429259, 0.00316626229323, 0.00441451510414, 0.00760946748778, 0.00326052471064, 0.00540741626173, 0.00347718526609, 0.00161150004715, 0.000669811852276, 0.0001101667076, 0.000195634900592, 0.000127422317746, 3.02547118736e-006, 3.41038450813e-008, 1.02806885227e-009]
        mean: [4.50128624152e-007, 6.31334914942e-005, 0.000155821820954, 0.000209108009585, 0.000689283886459, 0.000403966958402, 0.000264069269178, 0.000287030328764, 0.000176281508175, 0.000226764459512, 0.000124137091916, 0.000134082307341, 0.000104094266135, 0.000111984358227, 0.000103991682408, 0.00020278665761, 0.000418945215642, 0.000321026833262, 0.000442718941486, 0.000446119986009, 0.000181527371751, 4.36284572061e-005, 7.54155644245e-006, 3.90906780012e-006, 2.54757219409e-006, 7.48145723151e-008, 5.71260427851e-010, 4.63974830778e-011]
        median: [1.44097811017e-007, 2.73157365882e-005, 6.96066854289e-005, 0.000118402342196, 0.000462557509309, 0.000252318219282, 0.000124795624288, 0.000105047263787, 0.000105618091766, 5.9992147726e-005, 3.42560379067e-005, 4.48505597888e-005, 2.76947212114e-005, 4.86842254759e-005, 4.45702389698e-005, 0.000116975235869, 0.000261509791017, 0.000255305378232, 0.000375009549316, 0.000394205533667, 0.000146936887177, 3.15131001116e-005, 4.2928863877e-006, 2.14836427403e-006, 1.18814932648e-006, 3.25720819205e-008, 2.95160645924e-010, 1.7308094194e-011]
        min: [3.35864393488e-024, 5.5150887782e-023, 8.6032854779e-024, 1.77481492108e-023, 1.34829253399e-022, 9.09422706693e-023, 9.28074975698e-023, 9.57042957879e-023, 9.86629596337e-023, 5.44345642148e-023, 6.9244102424e-023, 6.94694200312e-023, 1.21507929687e-022, 1.03253783003e-022, 1.42483577074e-022, 1.41712740062e-022, 1.35377076277e-022, 1.936355396e-022, 2.58113293948e-022, 2.82111553401e-022, 4.68681777055e-022, 3.82529229989e-022, 6.87924322241e-022, 8.90412976412e-022, 1.16196621351e-021, 1.73174340595e-021, 2.32862792907e-021, 7.45591998166e-022]
        var: [6.54585489545e-013, 1.90481976858e-008, 8.62331503981e-008, 8.96712890608e-008, 5.57470343665e-007, 2.40426800246e-007, 2.73738038459e-007, 3.01944936609e-007, 6.64379271598e-008, 2.76965096191e-007, 1.11162819394e-007, 8.86119622123e-008, 6.71396875873e-008, 4.28434745459e-008, 3.748646904e-008, 1.06250020337e-007, 3.24313532474e-007, 8.25895938306e-008, 1.23915839367e-007, 1.18675778538e-007, 2.60008476971e-008, 1.88947568702e-009, 9.04262151269e-011, 4.88101781215e-011, 3.68722968824e-011, 3.09806772792e-014, 1.10400425596e-018, 5.944635658e-021]
    mfcc:
        mean: [-708.142578125, 101.071426392, -45.9866981506, 57.0702438354, -17.1876811981, -13.6203813553, -3.20040130615, -9.4464635849, -1.85963153839, -8.80558109283, -6.68142652512, -4.43791770935, -5.97558546066]
        cov: [[7729.75683594, 1151.10351563, -454.6902771, 745.962280273, -476.525817871, -154.095932007, -71.6772766113, -75.7997207642, -134.788818359, -147.604873657, -70.6185073853, -41.9685401917, -116.125114441], [1151.10351563, 981.830505371, -86.2111816406, 349.597320557, -13.9408512115, -2.18600964546, 108.402610779, -4.66188812256, 0.210716053843, -57.4625205994, -11.0360050201, -22.3907985687, -33.1363372803], [-454.6902771, -86.2111816406, 477.9609375, -3.23541617393, 80.8390808105, -3.82046556473, -9.32470798492, 6.36943006516, -30.9079418182, -7.40264225006, -2.98208665848, -0.625910162926, 10.4827461243], [745.962280273, 349.597320557, -3.23541617393, 374.744598389, 29.1962852478, -10.5493535995, -3.37015867233, -20.1034832001, 41.4433097839, -11.7753801346, -7.43317842484, -10.9414710999, -0.47231477499], [-476.525817871, -13.9408512115, 80.8390808105, 29.1962852478, 194.829086304, 23.6430435181, -5.2161450386, -9.98784637451, 31.0592517853, 19.7946567535, -19.7422447205, -3.90832424164, 4.56348800659], [-154.095932007, -2.18600964546, -3.82046556473, -10.5493535995, 23.6430435181, 93.693321228, 41.3530960083, 24.027009964, -1.82365787029, 6.73392391205, 6.71592664719, -3.25598621368, -10.8956251144], [-71.6772766113, 108.402610779, -9.32470798492, -3.37015867233, -5.2161450386, 41.3530960083, 123.680274963, 46.1511192322, 1.37453615665, -9.19792747498, 12.4558153152, 3.46957874298, -12.0126342773], [-75.7997207642, -4.66188812256, 6.36943006516, -20.1034832001, -9.98784637451, 24.027009964, 46.1511192322, 76.2753295898, 26.474855423, 8.54102134705, -4.90227651596, -0.994777798653, -3.66874217987], [-134.788818359, 0.210716053843, -30.9079418182, 41.4433097839, 31.0592517853, -1.82365787029, 1.37453615665, 26.474855423, 89.543838501, 35.8341560364, 0.0616405121982, -5.83989953995, 2.34574151039], [-147.604873657, -57.4625205994, -7.40264225006, -11.7753801346, 19.7946567535, 6.73392391205, -9.19792747498, 8.54102134705, 35.8341560364, 70.8078842163, 28.0883865356, 9.55055236816, -3.53550219536], [-70.6185073853, -11.0360050201, -2.98208665848, -7.43317842484, -19.7422447205, 6.71592664719, 12.4558153152, -4.90227651596, 0.0616405121982, 28.0883865356, 71.6276779175, 28.0531711578, 8.37449073792], [-41.9685401917, -22.3907985687, -0.625910162926, -10.9414710999, -3.90832424164, -3.25598621368, 3.46957874298, -0.994777798653, -5.83989953995, 9.55055236816, 28.0531711578, 58.6074333191, 27.1933937073], [-116.125114441, -33.1363372803, 10.4827461243, -0.47231477499, 4.56348800659, -10.8956251144, -12.0126342773, -3.66874217987, 2.34574151039, -3.53550219536, 8.37449073792, 27.1933937073, 61.3355865479]]
        icov: [[0.000264467438683, -0.000129219013616, 0.000169768900378, -0.000518421875313, 0.000552135286853, 0.000203992516617, 0.000308653980028, -0.000225171854254, 0.000584688910749, -0.000102059697383, 0.000333260715706, -0.000230996083701, 0.000468698446639], [-0.000129219013616, 0.00209515192546, 0.000279445870547, -0.00166873843409, -0.000303956447169, 0.000644513114821, -0.00223307963461, 0.000434228917584, 0.000434952875366, 0.000676420982927, -0.000148355495185, 0.000355694501195, 0.000437282811617], [0.000169768900378, 0.000279445870547, 0.00272387824953, -0.000824653019663, -0.0012800557306, 0.00106400006916, 0.000394204631448, -0.00195628125221, 0.00258887303062, 0.000164872399182, -0.000717640155926, 0.000601413543336, -1.32172699523e-005], [-0.000518421875313, -0.00166873843409, -0.000824653019663, 0.0059491051361, -0.00114579102956, -0.00115404138342, 0.000990230124444, 0.00193441484589, -0.00451238173991, 0.00134058936965, -0.000917431374546, 0.000280388165265, -0.00125560723245], [0.000552135286853, -0.000303956447169, -0.0012800557306, -0.00114579102956, 0.00881090667099, -0.00260146218352, -0.000426803453593, 0.0040116533637, -0.00238555809483, -0.00274669495411, 0.00507144955918, -0.0016837065341, 0.000116728384455], [0.000203992516617, 0.000644513114821, 0.00106400006916, -0.00115404138342, -0.00260146218352, 0.0149280605838, -0.00375648355111, -0.00430687330663, 0.00440139090642, -0.00144527212251, -0.00187107070815, 0.00182515569031, 0.00159036158584], [0.000308653980028, -0.00223307963461, 0.000394204631448, 0.000990230124444, -0.000426803453593, -0.00375648355111, 0.0160146411508, -0.00908368360251, 0.000677734788042, 0.00451696291566, -0.00457943882793, -0.00157354923431, 0.002833153354], [-0.000225171854254, 0.000434228917584, -0.00195628125221, 0.00193441484589, 0.0040116533637, -0.00430687330663, -0.00908368360251, 0.0249793156981, -0.00980901904404, -0.00233042007312, 0.00656326813623, -0.00194853474386, -0.000982375000603], [0.000584688910749, 0.000434952875366, 0.00258887303062, -0.00451238173991, -0.00238555809483, 0.00440139090642, 0.000677734788042, -0.00980901904404, 0.0232477076352, -0.0102260187268, 0.00105538149364, 0.00408394774422, -0.00206315563992], [-0.000102059697383, 0.000676420982927, 0.000164872399182, 0.00134058936965, -0.00274669495411, -0.00144527212251, 0.00451696291566, -0.00233042007312, -0.0102260187268, 0.0268614441156, -0.0115938363597, -0.00252710143104, 0.00549003947526], [0.000333260715706, -0.000148355495185, -0.000717640155926, -0.000917431374546, 0.00507144955918, -0.00187107070815, -0.00457943882793, 0.00656326813623, 0.00105538149364, -0.0115938363597, 0.0251565128565, -0.00912846066058, -0.000643892446533], [-0.000230996083701, 0.000355694501195, 0.000601413543336, 0.000280388165265, -0.0016837065341, 0.00182515569031, -0.00157354923431, -0.00194853474386, 0.00408394774422, -0.00252710143104, -0.00912846066058, 0.0277482159436, -0.0116788288578], [0.000468698446639, 0.000437282811617, -1.32172699523e-005, -0.00125560723245, 0.000116728384455, 0.00159036158584, 0.002833153354, -0.000982375000603, -0.00206315563992, 0.00549003947526, -0.000643892446533, -0.0116788288578, 0.0238510295749]]
    sccoeffs:
        dmean: [0.0522372312844, 0.0460404828191, 0.0368515215814, 0.0293753463775, 0.0187498852611, 0.0161964874715]
        dmean2: [0.0857343673706, 0.0765893533826, 0.0608427785337, 0.0483279712498, 0.0312667563558, 0.0260760933161]
        dvar: [0.00196624407545, 0.00137431570329, 0.000868845847435, 0.000573090510443, 0.000217868859181, 0.000206981771044]
        dvar2: [0.00524477567524, 0.00366207072511, 0.00227370997891, 0.00146766053513, 0.000600298459176, 0.000508020690177]
        max: [-0.356150001287, -0.465522050858, -0.500423252583, -0.593406558037, -0.647091507912, -0.547032594681]
        mean: [-0.661135971546, -0.751872420311, -0.776995182037, -0.788916110992, -0.800861060619, -0.740186989307]
        median: [-0.662141144276, -0.754562795162, -0.790329456329, -0.797612786293, -0.801537871361, -0.738022208214]
        min: [-0.980270862579, -0.962035834789, -0.968723535538, -0.954888761044, -0.961209893227, -0.960031986237]
        var: [0.00667257793248, 0.00456599146128, 0.004730372224, 0.0028718598187, 0.000978234689683, 0.00190430169459]
    scvalleys:
        dmean: [0.356103420258, 0.346928834915, 0.288981884718, 0.257044225931, 0.196056216955, 0.215174987912]
        dmean2: [0.588997662067, 0.571121513844, 0.471610933542, 0.409345060587, 0.307418376207, 0.315245062113]
        dvar: [0.102965824306, 0.0971995592117, 0.0657265558839, 0.0583313032985, 0.0536336190999, 0.10139965266]
        dvar2: [0.252782791853, 0.236003488302, 0.149720996618, 0.124208837748, 0.103952877223, 0.204732894897]
        max: [-4.98027038574, -4.45167636871, -5.24824380875, -5.85855960846, -5.48982620239, -7.64531087875]
        mean: [-6.96196269989, -6.46734714508, -7.12692737579, -7.39691638947, -6.89971446991, -9.84660625458]
        median: [-6.65814495087, -6.20500278473, -6.90103721619, -7.16882944107, -6.57115745544, -9.52579402924]
        min: [-27.1466712952, -27.7887096405, -27.0150585175, -27.3034515381, -27.2301273346, -27.2449035645]
        var: [2.31397604942, 1.97565412521, 1.61278557777, 1.5099824667, 1.69070935249, 2.17048096657]

rhythm:
    beats_loudness:
        dmean: 0.00196938798763
        dmean2: 0.00356233259663
        dvar: 2.53923303717e-006
        dvar2: 7.74315594754e-006
        max: 0.0128325531259
        mean: 0.0057881870307
        median: 0.00603008735925
        min: 3.86069197444e-011
        var: 6.75301498632e-006
    bpm: 92.0722961426
    bpm_confidence: 0
    first_peak_bpm: 92
    first_peak_spread: 0.0626959875226
    first_peak_weight: 0.821428537369
    onset_rate: 2.53420853615
    second_peak_bpm: 123
    second_peak_spread: 0.529411792755
    second_peak_weight: 0.0439560450613
    beats_loudness_band_ratio:
        dmean: [0.0935337245464, 0.130049645901, 0.110471569002, 0.0795577093959, 0.0953733921051, 0.0771031975746]
        dmean2: [0.162139087915, 0.231837779284, 0.197152659297, 0.143361851573, 0.163938432932, 0.135033234954]
        dvar: [0.00927109085023, 0.0107152229175, 0.0140530001372, 0.00852187816054, 0.00800213869661, 0.00377200264484]
        dvar2: [0.0251468475908, 0.0287851430476, 0.0434897243977, 0.0233532674611, 0.0216005519032, 0.0106432316825]
        max: [0.921069264412, 0.745370805264, 0.677259385586, 0.509438455105, 0.842138469219, 0.644783854485]
        mean: [0.158940151334, 0.215801998973, 0.170923501253, 0.105342164636, 0.230835005641, 0.201134264469]
        median: [0.123425222933, 0.191757053137, 0.143217355013, 0.0669950917363, 0.19983407855, 0.195380613208]
        min: [0, 0, 0, 0, 0, 0]
        var: [0.0173666588962, 0.0204920880497, 0.0143749397248, 0.00960530247539, 0.0205530803651, 0.00917230919003]
    beats_position: [0.615328788757, 1.24226760864, 1.86920630932, 2.48453521729, 3.11147379875, 3.73841261864, 4.38857126236, 5.0387301445, 5.6888885498, 6.33904743195, 6.98920631409, 7.63936471939, 8.28952407837, 8.93968200684, 9.58984088898, 10.2516098022, 10.9133787155, 11.5635375977, 12.2136955261, 12.8638544083, 13.5140132904, 14.1641721725, 14.8143310547, 15.4644899368, 16.114648819, 16.7648067474, 17.4149665833, 18.0651245117, 18.7268924713, 19.3770523071, 20.0272102356, 20.6889801025, 21.339138031, 21.9892959595, 22.6394557953, 23.2896137238, 23.9397735596, 24.589931488, 25.2400894165, 25.8902492523, 26.5404071808, 27.2021770477, 27.8639450073, 28.5141029358, 29.1642627716, 29.8144207001, 30.4529705048, 31.1031284332, 31.7648983002, 32.4150543213, 33.0652160645, 33.7153739929, 34.3771438599, 35.0389099121, 35.6890678406, 36.3392295837, 36.9893875122, 37.6395454407, 38.2897033691, 38.9398651123, 39.5900230408, 40.251789093, 40.8903388977, 41.5404968262, 42.1906585693, 42.8408164978, 43.50258255, 44.164352417, 44.8145103455, 45.4646720886, 46.1148300171, 46.7649879456, 47.415145874, 48.0653038025, 48.7154655457, 49.3656234741, 50.0157814026, 50.6775512695, 51.327709198, 51.9894790649, 52.6396369934, 53.2897949219, 53.9399528503, 54.5901107788, 55.240272522, 55.8904304504, 56.5405883789, 57.1907463074, 57.8409042358, 58.5026741028, 59.1644439697, 59.8146018982, 60.4647598267, 61.1149177551, 61.7650794983, 62.4152374268, 63.0653953552, 63.7155532837, 64.3657150269, 65.0158691406, 65.6660308838, 66.316192627, 66.9663467407, 67.6165084839, 68.2782745361, 68.9400405884, 69.5902023315, 70.2403640747, 70.8789138794, 71.5406799316, 72.1908340454, 72.8409957886, 73.4911575317, 74.1413116455, 74.8030853271, 75.4648513794, 76.1150131226, 76.7651672363, 77.4153289795, 78.0654830933, 78.7156448364, 79.3658065796, 80.0159606934, 80.6661224365, 81.3162765503, 81.9780502319, 82.6398162842, 83.2899780273, 83.9401321411, 84.5902938843, 85.2404556274, 85.8906097412, 86.5407714844, 87.1909255981, 87.8410873413, 88.4912490845, 89.1414031982, 89.8031692505, 90.4533309937, 91.1034927368, 91.7652587891, 92.4154205322, 93.065574646, 93.7157363892, 94.3658905029, 95.0160522461, 95.6662139893, 96.316368103, 96.9665298462, 97.61668396, 98.2668457031, 98.9170074463, 99.5671615601, 100.228935242, 100.879089355, 101.529251099, 102.179405212, 102.841178894, 103.491333008, 104.141494751, 104.791656494, 105.453422546, 106.10358429, 106.765350342, 107.415504456, 108.065666199, 108.715827942, 109.365982056, 110.016143799, 110.666305542, 111.316459656, 111.966621399, 112.616775513, 113.266937256, 113.917098999, 114.567253113, 115.217414856, 115.879180908, 116.529342651, 117.191108704, 117.841270447, 118.491424561, 119.141586304, 119.791740417, 120.441902161, 121.092063904, 121.742218018, 122.403991699, 123.065757751, 123.715919495, 124.366073608, 125.016235352, 125.666389465, 126.316551208, 126.966712952, 127.616867065, 128.267028809, 128.917190552, 129.567337036, 130.217498779, 130.867660522, 131.529434204, 132.191192627, 132.84135437, 133.491516113, 134.141677856, 134.780227661, 135.430389404, 136.092147827, 136.74230957, 137.404083252, 138.077453613, 138.739227295, 139.3777771, 140.016326904, 140.666488647, 141.316635132, 141.966796875, 142.616958618, 143.267120361, 143.917282104, 144.567428589, 145.229202271, 145.890975952, 146.541137695, 147.19128418, 147.829833984, 148.468383789, 149.118545532, 149.768707275, 150.418869019, 151.080627441, 151.742401123, 152.392562866, 153.042724609, 153.692871094, 154.354644775, 155.016418457, 155.6665802, 156.316726685, 156.966888428, 157.617050171, 158.267211914, 158.917373657, 159.567520142, 160.229293823, 160.867843628, 161.518005371, 162.168167114, 162.829925537, 163.491699219, 164.141860962, 164.792022705, 165.442169189, 166.103942871, 166.765716553, 167.415863037, 168.06602478, 168.716186523, 169.366348267, 170.01651001, 170.666656494, 171.316818237, 171.96697998, 172.617141724, 173.267303467, 173.917449951, 174.567611694, 175.217773438, 175.867935181, 176.518096924, 177.179855347, 177.83001709, 178.491790771, 179.141952515, 179.792098999, 180.442260742, 181.104034424, 181.754196167, 182.392745972, 183.042892456, 183.716278076, 184.366439819, 185.016601563, 185.666748047, 186.328521729, 186.99029541, 187.628845215, 188.26739502, 188.917541504, 189.567703247, 190.206253052, 190.856414795, 191.506576538, 192.156738281, 192.818496704, 193.468658447, 194.11882019, 194.768981934, 195.419128418, 196.069290161, 196.731063843, 197.381225586, 198.03137207, 198.693145752, 199.343307495, 199.993469238, 200.643630981, 201.305389404, 201.967163086, 202.605712891, 203.255874634, 203.906021118, 204.556182861, 205.206344604, 205.856506348, 206.518280029, 207.168426514, 207.818588257, 208.46875, 209.130523682, 209.65296936, 210.175415039, 210.697860718, 211.208709717, 211.707931519, 212.207168579, 212.706390381, 213.194015503, 213.681625366, 214.15763855, 214.645263672, 215.132873535, 215.620498657, 216.108108521, 216.607345581, 217.094955444, 217.582580566, 218.070205688, 218.56942749, 219.057052612, 219.556274414, 220.032287598, 220.51991272, 221.007522583, 221.495147705, 221.982757568, 222.47038269, 222.946395874, 223.422393799, 223.910018921, 224.386032104, 224.838821411, 225.291610718, 225.756011963, 226.220397949, 226.684799194, 227.160812378, 227.636825562, 228.101226807, 228.577224731, 229.053237915, 229.529251099, 230.005249023, 230.481262207]
