
metadata:
    version:
        essentia: "2.1-beta2"
    audio_properties:
        analysis_sample_rate: 44100
        bitrate: 320
        channels: 2
        equal_loudness: 1
        length: 210.703674316
        replay_gain: -14.4953708649
        downmix: "mix"
    tags:
        album: "Evans Blue"
        artist: "Evans Blue"
        comment: ""
        date: "2009"
        genre: "Hard Rock"
        title: "Show Me"
        tracknumber: "10"

configuration:
    average_loudness:
        compute: 1
        frameSize: 88200
        hopSize: 44100
        silentFrames: "noise"
        windowType: "hann"
    general:
        analysisSampleRate: 44100
        endTime: 2000
        equalLoudness: 1
        nequalLoudness: 0
        shortSound: 0
        startTime: 0
    lowlevel:
        compute: 1
        frameSize: 2048
        hopSize: 1024
        zeroPadding: 0
        silentFrames: "noise"
        windowType: "blackmanharris62"
        mfccStats: ["mean", "cov", "icov"]
        stats: ["mean", "var", "median", "min", "max", "dmean", "dmean2", "dvar", "dvar2"]
    panning:
        compute: 0
        frameSize: 8192
        hopSize: 2048
        zeroPadding: 8192
        silentFrames: "noise"
        windowType: "hann"
        stats: ["copy"]
    rhythm:
        compute: 1
        maxTempo: 208
        minTempo: 40
        method: "degara"
        stats: ["mean", "var", "median", "min", "max", "dmean", "dmean2", "dvar", "dvar2"]
    segmentation:
        compute: 0
        cpw: 5
        inc1: 300
        inc2: 50
        minimumSegmentsLength: 10
        size1: 1000
        size2: 600
    sfx:
        compute: 1
        stats: ["mean", "var", "median", "min", "max", "dmean", "dmean2", "dvar", "dvar2"]
    svm:
        compute: 0
    tonal:
        compute: 1
        frameSize: 4096
        hopSize: 2048
        zeroPadding: 0
        silentFrames: "noise"
        windowType: "blackmanharris62"
        stats: ["mean", "var", "median", "min", "max", "dmean", "dmean2", "dvar", "dvar2"]

lowlevel:
    average_loudness: 0.892982602119
    barkbands_kurtosis:
        dmean: 1.63007688522
        dmean2: 2.35078382492
        dvar: 13.0905399323
        dvar2: 22.9097213745
        max: 230.343673706
        mean: 3.03734135628
        median: -0.762357592583
        min: -1.93735849857
        var: 121.708229065
    barkbands_skewness:
        dmean: 0.391826421022
        dmean2: 0.591676712036
        dvar: 0.175330102444
        dvar2: 0.365049868822
        max: 12.6469516754
        mean: 0.856278061867
        median: 0.513049423695
        min: -3.61484503746
        var: 2.29882931709
    barkbands_spread:
        dmean: 4.4803314209
        dmean2: 6.949426651
        dvar: 28.7814598083
        dvar2: 62.7019996643
        max: 81.5516891479
        mean: 27.3261947632
        median: 29.3240318298
        min: 0.474038392305
        var: 192.505111694
    dissonance:
        dmean: 0.0161986388266
        dmean2: 0.0265932567418
        dvar: 0.000323975516949
        dvar2: 0.000811569218058
        max: 0.500000059605
        mean: 0.457751661539
        median: 0.472482353449
        min: 0.149797797203
        var: 0.00186740024947
    hfc:
        dmean: 1.63449895382
        dmean2: 2.68872642517
        dvar: 7.89615106583
        dvar2: 21.666721344
        max: 45.5571594238
        mean: 6.95091867447
        median: 6.54250621796
        min: 1.1581582073e-016
        var: 35.8569869995
    pitch:
        dmean: 613.013916016
        dmean2: 1185.78845215
        dvar: 1398392.5
        dvar2: 3558186.75
        max: 5040.42919922
        mean: 934.472351074
        median: 258.617431641
        min: 51.5679168701
        var: 1792104.875
    pitch_instantaneous_confidence:
        dmean: 0.075412735343
        dmean2: 0.118191435933
        dvar: 0.00511818053201
        dvar2: 0.0117200734094
        max: 0.918150603771
        mean: 0.455293595791
        median: 0.421203970909
        min: 0.125645697117
        var: 0.0266344528645
    pitch_salience:
        dmean: 0.0532384030521
        dmean2: 0.0853706374764
        dvar: 0.00238960632123
        dvar2: 0.005983334966
        max: 0.933192849159
        mean: 0.600066959858
        median: 0.614539325237
        min: 0.139682739973
        var: 0.0107760382816
    silence_rate_20dB:
        dmean: 0
        dmean2: 0
        dvar: 0
        dvar2: 0
        max: 1
        mean: 1
        median: 1
        min: 1
        var: 0
    silence_rate_30dB:
        dmean: 0
        dmean2: 0
        dvar: 0
        dvar2: 0
        max: 1
        mean: 1
        median: 1
        min: 1
        var: 0
    silence_rate_60dB:
        dmean: 0.0465013757348
        dmean2: 0.0930130034685
        dvar: 0.044341687113
        dvar2: 0.0973718985915
        max: 1
        mean: 0.365138828754
        median: 0
        min: 0
        var: 0.23180270195
    spectral_centroid:
        dmean: 183.99911499
        dmean2: 286.682250977
        dvar: 51153.7539063
        dvar2: 105464.953125
        max: 11672.2529297
        mean: 1319.14550781
        median: 1376.02490234
        min: 125.408981323
        var: 512827.96875
    spectral_complexity:
        dmean: 2.76539945602
        dmean2: 4.54793930054
        dvar: 12.7254533768
        dvar2: 32.6693763733
        max: 46
        mean: 13.6453285217
        median: 13
        min: 0
        var: 91.8191146851
    spectral_crest:
        dmean: 1.81919956207
        dmean2: 2.91474461555
        dvar: 3.16704964638
        dvar2: 8.05662441254
        max: 24.0747241974
        mean: 8.7777223587
        median: 7.7583770752
        min: 2.52474498749
        var: 18.0021038055
    spectral_decrease:
        dmean: 2.42283443308e-010
        dmean2: 3.96638027977e-010
        dvar: 1.65434687869e-019
        dvar2: 4.49162226242e-019
        max: -1.22750023711e-028
        mean: -1.00781749612e-009
        median: -9.71412728035e-010
        min: -5.27855403831e-009
        var: 4.62765314813e-019
    spectral_energy:
        dmean: 0.00103585748002
        dmean2: 0.00169687124435
        dvar: 3.10059226649e-006
        dvar2: 8.44846545078e-006
        max: 0.0234985779971
        mean: 0.0044342125766
        median: 0.00428869808093
        min: 1.09681265401e-020
        var: 9.29791167437e-006
    spectral_energyband_high:
        dmean: 0.000109431799501
        dmean2: 0.000186510675121
        dvar: 4.9919698597e-008
        dvar2: 1.41037020285e-007
        max: 0.00344839110039
        mean: 0.000283965840936
        median: 0.000236417516135
        min: 8.33042770468e-021
        var: 9.61714619052e-008
    spectral_energyband_low:
        dmean: 0.000212705883314
        dmean2: 0.000369755056454
        dvar: 2.73701203923e-007
        dvar2: 7.86709563272e-007
        max: 0.00565921189263
        mean: 0.000391151523218
        median: 0.000258728163317
        min: 4.10043619201e-023
        var: 2.57950205196e-007
    spectral_energyband_middle_high:
        dmean: 0.000459043541923
        dmean2: 0.000737740891054
        dvar: 4.50931196383e-007
        dvar2: 1.16879073175e-006
        max: 0.0100718522444
        mean: 0.00187873991672
        median: 0.00169002742041
        min: 1.67571757045e-021
        var: 3.14284307024e-006
    spectral_energyband_middle_low:
        dmean: 0.000668852007948
        dmean2: 0.00108355504926
        dvar: 1.20956701721e-006
        dvar2: 3.23220092469e-006
        max: 0.0140750957653
        mean: 0.00203179963864
        median: 0.00162945326883
        min: 1.88558645385e-022
        var: 2.78254810837e-006
    spectral_flatness_db:
        dmean: 0.0147239565849
        dmean2: 0.0216854158789
        dvar: 0.000234659659327
        dvar2: 0.000438628427219
        max: 0.54899430275
        mean: 0.18460573256
        median: 0.158770948648
        min: 0.0598792470992
        var: 0.0057779867202
    spectral_flux:
        dmean: 0.00715827196836
        dmean2: 0.0110068339854
        dvar: 8.38734267745e-005
        dvar2: 0.000156268972205
        max: 0.132197543979
        mean: 0.0330380648375
        median: 0.0340110100806
        min: 1.04728822836e-010
        var: 0.000395430688513
    spectral_kurtosis:
        dmean: 2.92037415504
        dmean2: 4.74024868011
        dvar: 60.4414596558
        dvar2: 145.451965332
        max: 213.175460815
        mean: 8.51795578003
        median: 3.34558081627
        min: -1.1886485815
        var: 394.169158936
    spectral_rms:
        dmean: 0.000218951085117
        dmean2: 0.000348561123246
        dvar: 9.13416045023e-008
        dvar2: 2.37527487457e-007
        max: 0.00478805182502
        mean: 0.00191524554975
        median: 0.00204550614581
        min: 3.27117890067e-012
        var: 6.5791095949e-007
    spectral_rolloff:
        dmean: 318.785522461
        dmean2: 533.887634277
        dvar: 287743.25
        dvar2: 593956.1875
        max: 18109.4238281
        mean: 2494.65063477
        median: 3143.84765625
        min: 150.732421875
        var: 1966239.5
    spectral_skewness:
        dmean: 0.264953792095
        dmean2: 0.419952720404
        dvar: 0.199267089367
        dvar2: 0.467615991831
        max: 12.2504425049
        mean: 1.73937249184
        median: 1.29809212685
        min: -0.0444158688188
        var: 1.83194386959
    spectral_spread:
        dmean: 438903.75
        dmean2: 600800.4375
        dvar: 521932636160
        dvar2: 715611701248
        max: 40365548
        mean: 4429097.5
        median: 4206359
        min: 443159.46875
        var: 4.03764726989e+012
    spectral_strongpeak:
        dmean: 0.385355204344
        dmean2: 0.658852159977
        dvar: 0.458120167255
        dvar2: 1.19275641441
        max: 8.07500267029
        mean: 0.720221459866
        median: 0.319207668304
        min: 2.1282606788e-009
        var: 0.94597607851
    zerocrossingrate:
        dmean: 0.00699433963746
        dmean2: 0.00820472836494
        dvar: 6.10846036579e-005
        dvar2: 6.21080616838e-005
        max: 0.494140625
        mean: 0.0778164044023
        median: 0.08447265625
        min: 0.0048828125
        var: 0.00136059580836
    barkbands:
        dmean: [2.05283953392e-007, 5.6359309383e-005, 0.000123267323943, 0.000135508962558, 0.000284165143967, 0.00016711265198, 0.000182305913768, 0.000172021449544, 9.72991474555e-005, 5.32607009518e-005, 3.32710878865e-005, 2.53027810686e-005, 3.78113836632e-005, 5.20076355315e-005, 6.30993527011e-005, 9.8505486676e-005, 0.000187942336197, 0.000114791022497, 0.000157344766194, 0.00011951012857, 5.59437830816e-005, 1.65904129972e-005, 2.81278516923e-006, 1.38825760132e-006, 9.19370449992e-007, 3.94939263515e-008, 3.52886858623e-010]
        dmean2: [2.52123328437e-007, 9.69927714323e-005, 0.000214133469854, 0.000228485034313, 0.000475277542137, 0.00028211879544, 0.000291747273877, 0.000264984701062, 0.000150259846123, 7.79819965828e-005, 5.06814394612e-005, 3.94667149521e-005, 5.9790105297e-005, 8.29618002172e-005, 0.000100725585071, 0.000159389339387, 0.000308461778332, 0.000191409766558, 0.000261427019723, 0.000199875663384, 9.81775156106e-005, 2.806008888e-005, 4.47660340797e-006, 2.06223990062e-006, 1.31537990455e-006, 5.44924425583e-008, 5.58737833778e-010]
        dvar: [3.08883181619e-013, 2.46219471478e-008, 8.90185276603e-008, 5.47066889567e-008, 2.09567346587e-007, 1.2824391149e-007, 1.72252953234e-007, 1.54053140022e-007, 5.18371372493e-008, 2.03763477202e-008, 5.93562221596e-009, 3.87422049997e-009, 9.48280476365e-009, 1.21801733144e-008, 2.38314541434e-008, 5.37138546974e-008, 9.47827132336e-008, 3.11675698583e-008, 5.83823016598e-008, 3.09474366134e-008, 1.69989249343e-008, 1.56950064056e-009, 3.44949173392e-011, 9.8763618811e-012, 8.95242387167e-012, 1.98762837108e-014, 1.35386026044e-018]
        dvar2: [4.8151868777e-013, 7.01211604337e-008, 2.58177522028e-007, 1.51430754158e-007, 5.72493831896e-007, 3.53977924306e-007, 4.21786751303e-007, 3.62820145483e-007, 1.17005662048e-007, 3.66431898158e-008, 1.16739622413e-008, 8.33679880685e-009, 2.23747083083e-008, 3.03299962923e-008, 5.29181569675e-008, 1.38965589258e-007, 2.47040105705e-007, 8.45884926548e-008, 1.57100672027e-007, 8.29040445183e-008, 4.91032530192e-008, 4.45339365385e-009, 8.26791066166e-011, 1.7992312501e-011, 1.53904389233e-011, 3.53187463542e-014, 2.44472878488e-018]
        max: [1.03508764369e-005, 0.0016531876754, 0.00344659248367, 0.00397966010496, 0.00596747687086, 0.00393897434697, 0.0107741067186, 0.00665247999132, 0.00514837726951, 0.0068617304787, 0.00281325168908, 0.00252914219163, 0.00233724527061, 0.00229850038886, 0.00519679766148, 0.00700130593032, 0.00604739040136, 0.00321181258187, 0.00429419334978, 0.00259479787201, 0.00204038666561, 0.00105723610613, 9.47924490902e-005, 6.37939301669e-005, 8.22012370918e-005, 4.5266451707e-006, 4.80428070659e-008]
        mean: [3.23112487877e-007, 8.57249833643e-005, 0.000194495398318, 0.000231374753639, 0.000533180893399, 0.000273554032901, 0.000340895814588, 0.00040171018918, 0.000185765471542, 0.000116401497507, 6.04725973972e-005, 4.13727611885e-005, 6.69317741995e-005, 9.66748702922e-005, 0.000106849431177, 0.000200935741304, 0.000408060703194, 0.000255200488027, 0.000370726396795, 0.000299494538922, 0.000114946626127, 3.70058551198e-005, 6.88367754265e-006, 3.44665363627e-006, 1.71947795025e-006, 6.45307736136e-008, 4.60086829746e-010]
        median: [4.59987070656e-008, 4.11463734054e-005, 0.000111537439807, 0.000136348447995, 0.000372261158191, 0.000146403501276, 0.000117782547022, 6.20767677901e-005, 6.53531242278e-005, 3.52054885298e-005, 2.00238901016e-005, 1.60324852914e-005, 1.7984668375e-005, 3.76336756744e-005, 3.91119538108e-005, 7.83339710324e-005, 0.000242173176957, 0.000192254403373, 0.000293387332931, 0.000248809927143, 8.95202538231e-005, 2.20152942347e-005, 2.4580065201e-006, 1.19728122172e-006, 4.96458369525e-007, 1.50620493855e-008, 1.43562828292e-010]
        min: [2.00441730516e-023, 1.49049178035e-023, 7.92034729301e-024, 3.08914735598e-024, 4.36032326179e-023, 3.31474240555e-023, 2.69879949521e-023, 2.17074894258e-023, 5.3650436475e-023, 7.63483691662e-023, 3.3750789052e-023, 1.41523766855e-022, 1.66933645566e-022, 9.96131457495e-023, 1.53252273115e-022, 2.09464469115e-022, 1.21991103836e-022, 3.47931153837e-022, 2.41247876935e-022, 2.92388530352e-022, 4.8207004666e-022, 6.85803258282e-022, 8.00791713282e-022, 9.52346105293e-022, 1.30754323605e-021, 1.86639976629e-021, 2.17229200499e-021]
        var: [6.67865394065e-013, 2.18618509962e-008, 8.66042739744e-008, 8.99813983324e-008, 3.06301814135e-007, 1.57064448558e-007, 4.39729205937e-007, 7.31450711555e-007, 1.24972004301e-007, 1.30345583216e-007, 1.71115797087e-008, 8.21054069178e-009, 2.34133725741e-008, 2.64397161942e-008, 5.44467440022e-008, 1.90769569031e-007, 3.15553762675e-007, 7.91168517367e-008, 1.55279835212e-007, 9.84193206932e-008, 2.08205772623e-008, 2.40240050076e-009, 9.87680770503e-011, 3.30297178497e-011, 2.11008138046e-011, 4.65292341874e-014, 3.35738072936e-018]
    frequency_bands:
        dmean: [2.05283953392e-007, 5.6359309383e-005, 0.000123267323943, 0.000135508962558, 0.000284165143967, 0.00016711265198, 0.000182305913768, 0.000172021449544, 9.72991474555e-005, 5.32607009518e-005, 3.32710878865e-005, 2.53027810686e-005, 3.78113836632e-005, 5.20076355315e-005, 6.30993527011e-005, 9.8505486676e-005, 0.000187942336197, 0.000114791022497, 0.000157344766194, 0.00011951012857, 5.59437830816e-005, 1.65904129972e-005, 2.81278516923e-006, 1.38825760132e-006, 9.19370449992e-007, 3.94939263515e-008, 3.52886858623e-010, 4.888264446e-011]
        dmean2: [2.52123328437e-007, 9.69927714323e-005, 0.000214133469854, 0.000228485034313, 0.000475277542137, 0.00028211879544, 0.000291747273877, 0.000264984701062, 0.000150259846123, 7.79819965828e-005, 5.06814394612e-005, 3.94667149521e-005, 5.9790105297e-005, 8.29618002172e-005, 0.000100725585071, 0.000159389339387, 0.000308461778332, 0.000191409766558, 0.000261427019723, 0.000199875663384, 9.81775156106e-005, 2.806008888e-005, 4.47660340797e-006, 2.06223990062e-006, 1.31537990455e-006, 5.44924425583e-008, 5.58737833778e-010, 9.02908858791e-011]
        dvar: [3.08883181619e-013, 2.46219471478e-008, 8.90185276603e-008, 5.47066889567e-008, 2.09567346587e-007, 1.2824391149e-007, 1.72252953234e-007, 1.54053140022e-007, 5.18371372493e-008, 2.03763477202e-008, 5.93562221596e-009, 3.87422049997e-009, 9.48280476365e-009, 1.21801733144e-008, 2.38314541434e-008, 5.37138546974e-008, 9.47827132336e-008, 3.11675698583e-008, 5.83823016598e-008, 3.09474366134e-008, 1.69989249343e-008, 1.56950064056e-009, 3.44949173392e-011, 9.8763618811e-012, 8.95242387167e-012, 1.98762837108e-014, 1.35386026044e-018, 5.58779204201e-021]
        dvar2: [4.8151868777e-013, 7.01211604337e-008, 2.58177522028e-007, 1.51430754158e-007, 5.72493831896e-007, 3.53977924306e-007, 4.21786751303e-007, 3.62820145483e-007, 1.17005662048e-007, 3.66431898158e-008, 1.16739622413e-008, 8.33679880685e-009, 2.23747083083e-008, 3.03299962923e-008, 5.29181569675e-008, 1.38965589258e-007, 2.47040105705e-007, 8.45884926548e-008, 1.57100672027e-007, 8.29040445183e-008, 4.91032530192e-008, 4.45339365385e-009, 8.26791066166e-011, 1.7992312501e-011, 1.53904389233e-011, 3.53187463542e-014, 2.44472878488e-018, 1.77657716061e-020]
        max: [1.03508764369e-005, 0.0016531876754, 0.00344659248367, 0.00397966010496, 0.00596747687086, 0.00393897434697, 0.0107741067186, 0.00665247999132, 0.00514837726951, 0.0068617304787, 0.00281325168908, 0.00252914219163, 0.00233724527061, 0.00229850038886, 0.00519679766148, 0.00700130593032, 0.00604739040136, 0.00321181258187, 0.00429419334978, 0.00259479787201, 0.00204038666561, 0.00105723610613, 9.47924490902e-005, 6.37939301669e-005, 8.22012370918e-005, 4.5266451707e-006, 4.80428070659e-008, 8.44666003808e-010]
        mean: [3.23112487877e-007, 8.57249833643e-005, 0.000194495398318, 0.000231374753639, 0.000533180893399, 0.000273554032901, 0.000340895814588, 0.00040171018918, 0.000185765471542, 0.000116401497507, 6.04725973972e-005, 4.13727611885e-005, 6.69317741995e-005, 9.66748702922e-005, 0.000106849431177, 0.000200935741304, 0.000408060703194, 0.000255200488027, 0.000370726396795, 0.000299494538922, 0.000114946626127, 3.70058551198e-005, 6.88367754265e-006, 3.44665363627e-006, 1.71947795025e-006, 6.45307736136e-008, 4.60086829746e-010, 3.88604912138e-011]
        median: [4.59987070656e-008, 4.11463734054e-005, 0.000111537439807, 0.000136348447995, 0.000372261158191, 0.000146403501276, 0.000117782547022, 6.20767677901e-005, 6.53531242278e-005, 3.52054885298e-005, 2.00238901016e-005, 1.60324852914e-005, 1.7984668375e-005, 3.76336756744e-005, 3.91119538108e-005, 7.83339710324e-005, 0.000242173176957, 0.000192254403373, 0.000293387332931, 0.000248809927143, 8.95202538231e-005, 2.20152942347e-005, 2.4580065201e-006, 1.19728122172e-006, 4.96458369525e-007, 1.50620493855e-008, 1.43562828292e-010, 1.17248693393e-011]
        min: [2.00441730516e-023, 1.49049178035e-023, 7.92034729301e-024, 3.08914735598e-024, 4.36032326179e-023, 3.31474240555e-023, 2.69879949521e-023, 2.17074894258e-023, 5.3650436475e-023, 7.63483691662e-023, 3.3750789052e-023, 1.41523766855e-022, 1.66933645566e-022, 9.96131457495e-023, 1.53252273115e-022, 2.09464469115e-022, 1.21991103836e-022, 3.47931153837e-022, 2.41247876935e-022, 2.92388530352e-022, 4.8207004666e-022, 6.85803258282e-022, 8.00791713282e-022, 9.52346105293e-022, 1.30754323605e-021, 1.86639976629e-021, 2.17229200499e-021, 5.91386427668e-022]
        var: [6.67865394065e-013, 2.18618509962e-008, 8.66042739744e-008, 8.99813983324e-008, 3.06301814135e-007, 1.57064448558e-007, 4.39729205937e-007, 7.31450711555e-007, 1.24972004301e-007, 1.30345583216e-007, 1.71115797087e-008, 8.21054069178e-009, 2.34133725741e-008, 2.64397161942e-008, 5.44467440022e-008, 1.90769569031e-007, 3.15553762675e-007, 7.91168517367e-008, 1.55279835212e-007, 9.84193206932e-008, 2.08205772623e-008, 2.40240050076e-009, 9.87680770503e-011, 3.30297178497e-011, 2.11008138046e-011, 4.65292341874e-014, 3.35738072936e-018, 4.5764708469e-021]
    mfcc:
        mean: [-749.933654785, 115.144470215, -31.2676048279, 56.7348213196, -7.00333118439, -12.1674404144, -7.55949401855, -6.03072547913, -4.16017770767, -5.92317056656, -3.02208971977, -3.69349741936, -7.90532875061]
        cov: [[12942.3886719, -444.752960205, -2682.30566406, 1377.90930176, -1134.64123535, -112.501152039, -130.791000366, -11.9160022736, 403.520507813, 372.48840332, 65.4965896606, 83.7098236084, 59.7994003296], [-444.752960205, 1447.84313965, 102.052482605, -6.61677646637, 157.457763672, -96.8915557861, -6.21477031708, -11.3443346024, -115.85345459, -116.853385925, 53.0881118774, 15.3168182373, -37.0229911804], [-2682.30566406, 102.052482605, 1221.86572266, -309.683807373, 308.674682617, 49.4510154724, 7.81663751602, 6.14454984665, -128.387161255, -109.859024048, -45.6355628967, -43.9706573486, -24.8036727905], [1377.90930176, -6.61677646637, -309.683807373, 435.5625, -55.0244102478, 24.3634395599, 9.82035827637, -17.5732822418, 88.0890808105, 41.2504425049, -29.28632164, 7.048787117, 10.4198846817], [-1134.64123535, 157.457763672, 308.674682617, -55.0244102478, 371.337615967, 38.0721702576, 4.15163803101, -3.76133608818, -49.7150039673, -40.2690963745, -26.1700763702, -3.28889679909, -18.0684967041], [-112.501152039, -96.8915557861, 49.4510154724, 24.3634395599, 38.0721702576, 151.988983154, 65.789680481, 26.3540325165, 19.0465011597, 19.3392677307, 5.10202789307, 3.63717412949, -2.87577867508], [-130.791000366, -6.21477031708, 7.81663751602, 9.82035827637, 4.15163803101, 65.789680481, 146.535964966, 47.5555992126, -7.14837884903, 1.15054929256, 1.03895962238, 4.29859018326, 3.94205760956], [-11.9160022736, -11.3443346024, 6.14454984665, -17.5732822418, -3.76133608818, 26.3540325165, 47.5555992126, 102.610153198, 28.525472641, 9.67946052551, -8.47697162628, 5.10961532593, 6.49206209183], [403.520507813, -115.85345459, -128.387161255, 88.0890808105, -49.7150039673, 19.0465011597, -7.14837884903, 28.525472641, 136.521316528, 65.0456390381, -5.78262281418, 3.90019416809, 9.91353130341], [372.48840332, -116.853385925, -109.859024048, 41.2504425049, -40.2690963745, 19.3392677307, 1.15054929256, 9.67946052551, 65.0456390381, 127.724655151, 46.7076911926, 9.10542201996, -2.96135234833], [65.4965896606, 53.0881118774, -45.6355628967, -29.28632164, -26.1700763702, 5.10202789307, 1.03895962238, -8.47697162628, -5.78262281418, 46.7076911926, 123.944534302, 27.9633617401, -14.339099884], [83.7098236084, 15.3168182373, -43.9706573486, 7.048787117, -3.28889679909, 3.63717412949, 4.29859018326, 5.10961532593, 3.90019416809, 9.10542201996, 27.9633617401, 72.9523468018, 27.0980434418], [59.7994003296, -37.0229911804, -24.8036727905, 10.4198846817, -18.0684967041, -2.87577867508, 3.94205760956, 6.49206209183, 9.91353130341, -2.96135234833, -14.339099884, 27.0980434418, 77.2453613281]]
        icov: [[0.000222793940338, 2.07508946914e-006, 0.000267466471996, -0.000504862749949, 0.00039293570444, -3.10213872581e-005, 0.000314404285746, -0.000243783913902, 0.000255984719843, -0.000254970131209, 5.31828081876e-005, -5.43013666174e-005, 6.40004509478e-005], [2.07508946914e-006, 0.000920119346119, 1.61262014444e-005, -0.000298883649521, -0.000428484927397, 0.000744156364817, -0.000141219803481, -0.000347752444213, 0.000298299069982, 0.00090777722653, -0.000874594436027, -9.17878569453e-005, 0.000315171113471], [0.000267466471996, 1.61262014444e-005, 0.00167459994555, 0.000164687036886, -0.000381745689083, -0.000557183404453, 0.000530016724952, -0.000356381176971, 0.000670652952977, 0.000124464102555, 0.000285405374598, 0.000528360949829, -4.63133801532e-006], [-0.000504862749949, -0.000298883649521, 0.000164687036886, 0.00459856912494, -0.000964218867011, -0.000719408912119, -0.00126157910563, 0.00218905811198, -0.00239452626556, 0.000238973108935, 0.00136415264569, -0.000194261112483, -5.39217871847e-005], [0.00039293570444, -0.000428484927397, -0.000381745689083, -0.000964218867011, 0.00454808259383, -0.00125834089704, 0.000986710889265, -0.000232047925238, 0.00110390875489, -0.000870372634381, 0.00132590928115, -0.0010771388188, 0.000933025963604], [-3.10213872581e-005, 0.000744156364817, -0.000557183404453, -0.000719408912119, -0.00125834089704, 0.00977637525648, -0.00422072317451, -0.000351928087184, -0.00133126298897, -0.00013537160703, -0.00118118827231, -0.000373554503312, 0.000690855842549], [0.000314404285746, -0.000141219803481, 0.000530016724952, -0.00126157910563, 0.000986710889265, -0.00422072317451, 0.0107706580311, -0.00488112168387, 0.00309709878638, -0.000564335263334, 1.0691686839e-005, 0.000162856696988, -0.000510727870278], [-0.000243783913902, -0.000347752444213, -0.000356381176971, 0.00218905811198, -0.000232047925238, -0.000351928087184, -0.00488112168387, 0.0138399694115, -0.0044504320249, 0.000110777553346, 0.00160189461894, -0.00109667796642, -0.000111644236313], [0.000255984719843, 0.000298299069982, 0.000670652952977, -0.00239452626556, 0.00110390875489, -0.00133126298897, 0.00309709878638, -0.0044504320249, 0.0137198455632, -0.00608423585072, 0.00225079827942, -7.35708381399e-005, -0.000642614846583], [-0.000254970131209, 0.00090777722653, 0.000124464102555, 0.000238973108935, -0.000870372634381, -0.00013537160703, -0.000564335263334, 0.000110777553346, -0.00608423585072, 0.0144973257557, -0.00624380027875, 0.000945763371419, 0.000296869198792], [5.31828081876e-005, -0.000874594436027, 0.000285405374598, 0.00136415264569, 0.00132590928115, -0.00118118827231, 1.0691686839e-005, 0.00160189461894, 0.00225079827942, -0.00624380027875, 0.0134113384411, -0.00561685441062, 0.00351000786759], [-5.43013666174e-005, -9.17878569453e-005, 0.000528360949829, -0.000194261112483, -0.0010771388188, -0.000373554503312, 0.000162856696988, -0.00109667796642, -7.35708381399e-005, 0.000945763371419, -0.00561685441062, 0.0190508961678, -0.00766820134595], [6.40004509478e-005, 0.000315171113471, -4.63133801532e-006, -5.39217871847e-005, 0.000933025963604, 0.000690855842549, -0.000510727870278, -0.000111644236313, -0.000642614846583, 0.000296869198792, 0.00351000786759, -0.00766820134595, 0.0167679321021]]
    sccoeffs:
        dmean: [0.045914888382, 0.0437137000263, 0.0342429764569, 0.0287288371474, 0.0206643715501, 0.0171368028969]
        dmean2: [0.0754702165723, 0.0710199251771, 0.0545368343592, 0.0454955324531, 0.0327988266945, 0.0267234556377]
        dvar: [0.00151615275536, 0.0013875750592, 0.000835589074995, 0.000573696393985, 0.000321491970681, 0.000281799293589]
        dvar2: [0.00401877285913, 0.00357109983452, 0.00199408060871, 0.00135261262767, 0.000732248940039, 0.000637960911263]
        max: [-0.308250844479, -0.339014410973, -0.451867491007, -0.550775945187, -0.556694149971, -0.568442881107]
        mean: [-0.635290265083, -0.7103728652, -0.772502243519, -0.777617156506, -0.787622094154, -0.756572782993]
        median: [-0.637795090675, -0.717928528786, -0.781467914581, -0.782233119011, -0.789131462574, -0.747307062149]
        min: [-0.984577000141, -0.992618620396, -0.966381430626, -0.969479978085, -0.965247094631, -0.962746739388]
        var: [0.00633656512946, 0.00690338248387, 0.00459585059434, 0.00372372404672, 0.00228358618915, 0.00316821876913]
    scvalleys:
        dmean: [0.34410277009, 0.345268338919, 0.300326108932, 0.28755825758, 0.233759656549, 0.241944894195]
        dmean2: [0.572634994984, 0.56377696991, 0.47326952219, 0.431814610958, 0.340303957462, 0.326119273901]
        dvar: [0.0927923321724, 0.104024268687, 0.0820720717311, 0.0836339518428, 0.0858982354403, 0.103657014668]
        dvar2: [0.228356122971, 0.246197089553, 0.168919757009, 0.165146574378, 0.153211444616, 0.176004573703]
        max: [-5.08165645599, -4.23545980453, -5.2909450531, -5.68061494827, -5.55590057373, -7.8362402916]
        mean: [-7.13454437256, -6.97400140762, -7.75021886826, -8.0597076416, -7.73270320892, -10.5331411362]
        median: [-6.74407291412, -6.57105350494, -7.24737882614, -7.43148708344, -6.81785726547, -9.9031496048]
        min: [-27.3896694183, -27.3372840881, -27.2314338684, -27.340959549, -27.2111206055, -27.1882019043]
        var: [2.34165811539, 2.63865113258, 2.62929677963, 3.02548241615, 3.75527191162, 3.77729415894]

rhythm:
    beats_loudness:
        dmean: 0.00188921426889
        dmean2: 0.00334013183601
        dvar: 2.48673086389e-006
        dvar2: 7.05142383595e-006
        max: 0.0127860149369
        mean: 0.00485559925437
        median: 0.00488027418032
        min: 9.69995542222e-011
        var: 8.0541585703e-006
    bpm: 101.909568787
    bpm_confidence: 0
    first_peak_bpm: 101
    first_peak_spread: 0.379204899073
    first_peak_weight: 0.563888907433
    onset_rate: 2.615046978
    second_peak_bpm: 152
    second_peak_spread: 0
    second_peak_weight: 0.0194444451481
    beats_loudness_band_ratio:
        dmean: [0.128321766853, 0.141467794776, 0.149968519807, 0.043814830482, 0.122661456466, 0.05977858603]
        dmean2: [0.218505203724, 0.246028423309, 0.254341065884, 0.0756361559033, 0.221780404449, 0.103687956929]
        dvar: [0.0145238703117, 0.0161395464092, 0.0196049958467, 0.00254811998457, 0.0164649877697, 0.00330161652528]
        dvar2: [0.0398842021823, 0.0468472279608, 0.0452944934368, 0.00711196567863, 0.0488021336496, 0.00963307730854]
        max: [0.919355511665, 0.864988088608, 0.816590547562, 0.391607940197, 0.813893079758, 0.373427718878]
        mean: [0.232436969876, 0.226971268654, 0.207567468286, 0.0607525408268, 0.20148897171, 0.142498031259]
        median: [0.174546435475, 0.186842650175, 0.149995177984, 0.0518090985715, 0.175094723701, 0.146202340722]
        min: [0, 0, 0, 0, 0, 0]
        var: [0.034528914839, 0.0295257754624, 0.032178260386, 0.00277521181852, 0.025758061558, 0.00911719352007]
    beats_position: [0.615328788757, 1.24226760864, 1.86920630932, 2.49614500999, 3.11147379875, 3.72680258751, 4.31891155243, 4.91102027893, 5.50312900543, 6.09523820877, 6.68734693527, 7.26784563065, 7.85995435715, 8.45206356049, 9.04417228699, 9.63628101349, 10.2167797089, 10.7972784042, 11.3893871307, 11.9814968109, 12.5619955063, 13.1541042328, 13.7462129593, 14.3267116547, 14.9188203812, 15.5109291077, 16.1030387878, 16.6951465607, 17.2872562408, 17.8677539825, 18.4482536316, 19.0403633118, 19.6208610535, 20.2013607025, 20.7818584442, 21.3739681244, 21.9660758972, 22.5581855774, 23.1502952576, 23.7307929993, 24.3229026794, 24.9150104523, 25.4955101013, 26.0876178741, 26.6797275543, 27.2718353271, 27.8639450073, 28.4560546875, 29.0481624603, 29.6286621094, 30.2091598511, 30.8012695313, 31.3933773041, 31.9738769531, 32.5543746948, 33.146484375, 33.7385940552, 34.3190917969, 34.9112014771, 35.5033111572, 36.0838088989, 36.6759185791, 37.2680282593, 37.8717460632, 38.4754638672, 39.0559616089, 39.6480712891, 40.216960907, 40.7974586487, 41.3895683289, 41.9700660706, 42.5621757507, 43.1542854309, 43.7463951111, 44.3268928528, 44.919002533, 45.4995002747, 46.0916099548, 46.6721076965, 47.2642173767, 47.8447151184, 48.4368247986, 49.0289344788, 49.6210403442, 50.2015419006, 50.8052597046, 51.3857574463, 51.9662590027, 52.5583648682, 53.1504745483, 53.7425842285, 54.3346939087, 54.9151916504, 55.5073013306, 56.0877990723, 56.6799087524, 57.2720184326, 57.8641242981, 58.4446258545, 59.03673172, 59.6172332764, 60.2093429565, 60.801448822, 61.3819503784, 61.9624481201, 62.5545578003, 63.1466636658, 63.7387733459, 64.3308868408, 64.9229888916, 65.5034942627, 66.0955963135, 66.6877059937, 67.2682037354, 67.8603134155, 68.4524230957, 69.0329208374, 69.6250305176, 70.2171401978, 70.7976379395, 71.3897476196, 71.9818572998, 72.57396698, 73.1544647217, 73.7465744019, 74.3270721436, 74.9075698853, 75.4996795654, 76.0917892456, 76.6838989258, 77.276008606, 77.8565063477, 78.4486160278, 79.040725708, 79.6212234497, 80.2017211914, 80.7938308716, 81.3859405518, 81.9780502319, 82.5701599121, 83.1506576538, 83.742767334, 84.3348770142, 84.9153747559, 85.4958724976, 86.0879821777, 86.6684799194, 87.2605895996, 87.8526992798, 88.44480896, 89.0253067017, 89.6174163818, 90.2095184326, 90.7900238037, 91.3821334839, 91.9742355347, 92.5547409058, 93.1352386475, 93.7273483276, 94.3194503784, 94.8999557495, 95.4920654297, 96.0841674805, 96.6878890991, 97.2916107178, 97.8721084595, 98.4642181396, 99.0331039429, 99.6136016846, 100.205711365, 100.786209106, 101.378318787, 101.970428467, 102.562538147, 103.154647827, 103.746757507, 104.327255249, 104.907752991, 105.499862671, 106.091972351, 106.672470093, 107.264579773, 107.856689453, 108.437187195, 109.029296875, 109.621406555, 110.201904297, 110.782402039, 111.374511719, 111.966621399, 112.558731079, 113.15083313, 113.74294281, 114.33505249, 114.915550232, 115.496055603, 116.088157654, 116.680267334, 117.260765076, 117.852874756, 118.444984436, 119.037094116, 119.629203796, 120.209701538, 120.79019928, 121.38230896, 121.97441864, 122.56652832, 123.158638, 123.739135742, 124.319633484, 124.911743164, 125.503852844, 126.084350586, 126.676460266, 127.268569946, 127.849067688, 128.441177368, 129.033279419, 129.61378479, 130.205886841, 130.79800415, 131.390106201, 131.982223511, 132.562713623, 133.143218994, 133.735321045, 134.327438354, 134.919540405, 135.511657715, 136.092147827, 136.672653198, 137.264755249, 137.856872559, 138.437362671, 139.02947998, 139.609970093, 140.202087402, 140.794189453, 141.386306763, 141.966796875, 142.558914185, 143.139404297, 143.731521606, 144.323623657, 144.915740967, 145.496231079, 146.088348389, 146.668838501, 147.260955811, 147.853057861, 148.445159912, 149.037277222, 149.617782593, 150.209884644, 150.790390015, 151.370880127, 151.962997437, 152.555099487, 153.135604858, 153.727706909, 154.31980896, 154.923538208, 155.50402832, 156.084533691, 156.676635742, 157.268753052, 157.860855103, 158.452972412, 159.033462524, 159.613967896, 160.206069946, 160.798187256, 161.378677368, 161.970794678, 162.562896729, 163.155014038, 163.747116089, 164.32762146, 164.908111572, 165.500228882, 166.092330933, 166.672836304, 167.264938354, 167.845443726, 168.437545776, 169.029663086, 169.621765137, 170.202270508, 170.794372559, 171.386474609, 171.96697998, 172.55909729, 173.151199341, 173.731704712, 174.335418701, 174.915908813, 175.496414185, 176.088516235, 176.680633545, 177.272735596, 177.864852905, 178.445343018, 179.025848389, 179.617950439, 180.210067749, 180.790557861, 181.382675171, 181.974777222, 182.555282593, 183.147384644, 183.739501953, 184.331604004, 184.923721313, 185.504211426, 186.084716797, 186.676818848, 187.268936157, 187.84942627, 188.441543579, 189.022033691, 189.614151001, 190.206253052, 190.821578979, 191.436920166, 192.063858032, 192.702392578, 193.329345703, 193.944671631, 194.571609497, 195.186935425, 195.790649414, 196.382766724, 196.974868774, 197.566986084, 198.101043701, 198.635101318, 199.180770874, 199.72644043, 200.272109985, 200.817779541, 201.363449097, 201.897506714, 202.385116577, 202.872741699, 203.360351563, 203.917633057, 204.474914551, 205.032196045, 205.508209229, 205.984207153, 206.471832275, 206.866577148, 207.261306763, 207.656051636, 208.050796509, 208.433914185, 208.817047119, 209.211791992, 209.606521606, 210.001266479]
