
metadata:
    version:
        essentia: "2.1-beta2"
    audio_properties:
        analysis_sample_rate: 44100
        bitrate: 320
        channels: 2
        equal_loudness: 1
        length: 217.678359985
        replay_gain: -15.0185394287
        downmix: "mix"
    tags:
        album: "Evans Blue"
        artist: "Evans Blue"
        comment: ""
        date: "2009"
        genre: "Hard Rock"
        title: "Can't Go On"
        tracknumber: "11"

configuration:
    average_loudness:
        compute: 1
        frameSize: 88200
        hopSize: 44100
        silentFrames: "noise"
        windowType: "hann"
    general:
        analysisSampleRate: 44100
        endTime: 2000
        equalLoudness: 1
        nequalLoudness: 0
        shortSound: 0
        startTime: 0
    lowlevel:
        compute: 1
        frameSize: 2048
        hopSize: 1024
        zeroPadding: 0
        silentFrames: "noise"
        windowType: "blackmanharris62"
        mfccStats: ["mean", "cov", "icov"]
        stats: ["mean", "var", "median", "min", "max", "dmean", "dmean2", "dvar", "dvar2"]
    panning:
        compute: 0
        frameSize: 8192
        hopSize: 2048
        zeroPadding: 8192
        silentFrames: "noise"
        windowType: "hann"
        stats: ["copy"]
    rhythm:
        compute: 1
        maxTempo: 208
        minTempo: 40
        method: "degara"
        stats: ["mean", "var", "median", "min", "max", "dmean", "dmean2", "dvar", "dvar2"]
    segmentation:
        compute: 0
        cpw: 5
        inc1: 300
        inc2: 50
        minimumSegmentsLength: 10
        size1: 1000
        size2: 600
    sfx:
        compute: 1
        stats: ["mean", "var", "median", "min", "max", "dmean", "dmean2", "dvar", "dvar2"]
    svm:
        compute: 0
    tonal:
        compute: 1
        frameSize: 4096
        hopSize: 2048
        zeroPadding: 0
        silentFrames: "noise"
        windowType: "blackmanharris62"
        stats: ["mean", "var", "median", "min", "max", "dmean", "dmean2", "dvar", "dvar2"]

lowlevel:
    average_loudness: 0.918178260326
    barkbands_kurtosis:
        dmean: 0.796709597111
        dmean2: 1.23086619377
        dvar: 4.31991624832
        dvar2: 9.49059009552
        max: 118.161392212
        mean: 0.776502430439
        median: -1.09210753441
        min: -1.86991941929
        var: 100.45690918
    barkbands_skewness:
        dmean: 0.378988355398
        dmean2: 0.576074540615
        dvar: 0.1350787431
        dvar2: 0.304999023676
        max: 10.3274469376
        mean: 0.0591387115419
        median: -0.159900844097
        min: -3.43338394165
        var: 1.58762574196
    barkbands_spread:
        dmean: 4.79350137711
        dmean2: 7.4794421196
        dvar: 21.8531150818
        dvar2: 52.6262550354
        max: 64.6573944092
        mean: 31.7934417725
        median: 31.5511207581
        min: 0.72449105978
        var: 120.309738159
    dissonance:
        dmean: 0.011312703602
        dmean2: 0.0189840700477
        dvar: 0.000157888483955
        dvar2: 0.000433046836406
        max: 0.500000119209
        mean: 0.476363033056
        median: 0.481136828661
        min: 0.0612435489893
        var: 0.000374802213628
    hfc:
        dmean: 2.0343310833
        dmean2: 3.2305521965
        dvar: 6.28523111343
        dvar2: 15.5420875549
        max: 38.0259552002
        mean: 9.29003620148
        median: 8.99656867981
        min: 1.14111444856e-016
        var: 37.3785247803
    pitch:
        dmean: 674.454711914
        dmean2: 1302.06286621
        dvar: 1535374.375
        dvar2: 3880351
        max: 4434.95263672
        mean: 1416.04772949
        median: 311.94708252
        min: 59.1200218201
        var: 2595784.75
    pitch_instantaneous_confidence:
        dmean: 0.0808820724487
        dmean2: 0.129371479154
        dvar: 0.00532548036426
        dvar2: 0.0120688155293
        max: 0.911212146282
        mean: 0.422184109688
        median: 0.396669536829
        min: 0.0985036492348
        var: 0.0212670210749
    pitch_salience:
        dmean: 0.0557246468961
        dmean2: 0.0911606326699
        dvar: 0.00242376420647
        dvar2: 0.00641988404095
        max: 0.921189248562
        mean: 0.650528132915
        median: 0.662911891937
        min: 0.0865525379777
        var: 0.00776167027652
    silence_rate_20dB:
        dmean: 0
        dmean2: 0
        dvar: 0
        dvar2: 0
        max: 1
        mean: 1
        median: 1
        min: 1
        var: 0
    silence_rate_30dB:
        dmean: 0
        dmean2: 0
        dvar: 0
        dvar2: 0
        max: 1
        mean: 1
        median: 1
        min: 1
        var: 0
    silence_rate_60dB:
        dmean: 0.0774400010705
        dmean2: 0.154896527529
        dvar: 0.0714424476027
        dvar2: 0.151614978909
        max: 1
        mean: 0.301194548607
        median: 0
        min: 0
        var: 0.21046051383
    spectral_centroid:
        dmean: 239.787994385
        dmean2: 374.928375244
        dvar: 61184.5859375
        dvar2: 138177.625
        max: 11686.7685547
        mean: 1833.67175293
        median: 1876.27380371
        min: 181.382202148
        var: 617605.8125
    spectral_complexity:
        dmean: 3.31263995171
        dmean2: 5.38148069382
        dvar: 12.7261581421
        dvar2: 30.5117912292
        max: 47
        mean: 16.2963943481
        median: 16
        min: 0
        var: 87.4854507446
    spectral_crest:
        dmean: 1.8316681385
        dmean2: 2.99076581001
        dvar: 2.98076105118
        dvar2: 7.52689552307
        max: 23.5769462585
        mean: 7.25770664215
        median: 6.35957622528
        min: 2.38330149651
        var: 10.1291656494
    spectral_decrease:
        dmean: 2.47976306156e-010
        dmean2: 4.080462912e-010
        dvar: 1.15899855766e-019
        dvar2: 3.01663618713e-019
        max: 1.59087109714e-028
        mean: -1.07617836864e-009
        median: -1.081043699e-009
        min: -4.37547686971e-009
        var: 3.73205358368e-019
    spectral_energy:
        dmean: 0.00108425074723
        dmean2: 0.00177638861351
        dvar: 2.16352668758e-006
        dvar2: 5.58928923056e-006
        max: 0.0189150795341
        mean: 0.00490437215194
        median: 0.00494611356407
        min: 1.03722802337e-020
        var: 7.82902316132e-006
    spectral_energyband_high:
        dmean: 0.000149700485053
        dmean2: 0.000245408475166
        dvar: 3.60883127826e-008
        dvar2: 9.51485858991e-008
        max: 0.00238914834335
        mean: 0.000483872339828
        median: 0.000407842337154
        min: 7.29363112386e-021
        var: 1.56420753683e-007
    spectral_energyband_low:
        dmean: 0.000192267645616
        dmean2: 0.00034775910899
        dvar: 2.93298796805e-007
        dvar2: 8.44269322897e-007
        max: 0.00546451238915
        mean: 0.000226737218327
        median: 0.000117059447803
        min: 1.78935425865e-023
        var: 2.01351696205e-007
    spectral_energyband_middle_high:
        dmean: 0.000637784251012
        dmean2: 0.000992066110484
        dvar: 5.52896437966e-007
        dvar2: 1.24104678889e-006
        max: 0.0110515626147
        mean: 0.00261051463895
        median: 0.00230084359646
        min: 1.24460218274e-021
        var: 3.92638457924e-006
    spectral_energyband_middle_low:
        dmean: 0.000626444118097
        dmean2: 0.00101802661084
        dvar: 7.7370418694e-007
        dvar2: 2.03784816222e-006
        max: 0.0119687234983
        mean: 0.00168464763556
        median: 0.00143533677328
        min: 1.47753912605e-022
        var: 1.45934518514e-006
    spectral_flatness_db:
        dmean: 0.0139089943841
        dmean2: 0.0210730805993
        dvar: 0.000168133818079
        dvar2: 0.000364593288396
        max: 0.425961047411
        mean: 0.154219225049
        median: 0.144268095493
        min: 0.048592235893
        var: 0.00230493117124
    spectral_flux:
        dmean: 0.00763077288866
        dmean2: 0.0116170346737
        dvar: 7.39257448004e-005
        dvar2: 0.000141758151585
        max: 0.110804699361
        mean: 0.0397856980562
        median: 0.039956599474
        min: 6.478588499e-011
        var: 0.000325130182318
    spectral_kurtosis:
        dmean: 1.11064505577
        dmean2: 1.87820219994
        dvar: 2.14726495743
        dvar2: 6.27917861938
        max: 37.5773162842
        mean: 3.67133998871
        median: 3.14778351784
        min: -1.22687518597
        var: 7.103474617
    spectral_rms:
        dmean: 0.000231185302255
        dmean2: 0.000371789006749
        dvar: 7.94669290372e-008
        dvar2: 1.96663677343e-007
        max: 0.00429578125477
        mean: 0.00205756234936
        median: 0.00219669658691
        min: 3.18108430222e-012
        var: 5.51176015051e-007
    spectral_rolloff:
        dmean: 321.997711182
        dmean2: 523.536987305
        dvar: 195552.28125
        dvar2: 418389.96875
        max: 19616.7480469
        mean: 3397.59545898
        median: 3574.51171875
        min: 172.265625
        var: 1510277.875
    spectral_skewness:
        dmean: 0.15824252367
        dmean2: 0.257347613573
        dvar: 0.0258253198117
        dvar2: 0.0685554295778
        max: 4.69842195511
        mean: 1.24913239479
        median: 1.19837903976
        min: -0.0726645439863
        var: 0.199011087418
    spectral_spread:
        dmean: 452204.53125
        dmean2: 639155.375
        dvar: 583291437056
        dvar2: 909046054912
        max: 41470188
        mean: 4567359.5
        median: 4147021.5
        min: 1669805.375
        var: 5.82831256371e+012
    spectral_strongpeak:
        dmean: 0.540102481842
        dmean2: 0.916085839272
        dvar: 0.639375925064
        dvar2: 1.61019420624
        max: 8.2187128067
        mean: 0.949657678604
        median: 0.39173078537
        min: 4.79005779486e-010
        var: 1.41391277313
    zerocrossingrate:
        dmean: 0.00757010420784
        dmean2: 0.00933672487736
        dvar: 5.54732068849e-005
        dvar2: 7.00176315149e-005
        max: 0.52392578125
        mean: 0.103070825338
        median: 0.10498046875
        min: 0.00830078125
        var: 0.00122881110292
    barkbands:
        dmean: [2.98115423902e-007, 5.41211447853e-005, 0.000100995050161, 0.000130169297336, 0.000275762664387, 0.000184028191143, 0.000115246963105, 0.000163713426446, 0.00011590597569, 8.18305488792e-005, 5.91212155996e-005, 5.49790493096e-005, 8.22613656055e-005, 6.93409165251e-005, 0.000134526242618, 0.000115451650345, 0.000217407767195, 0.000165471210494, 0.000210825906834, 0.000176205139724, 7.98366163508e-005, 1.67083289853e-005, 2.58429463429e-006, 1.50516723352e-006, 9.32515149543e-007, 5.07955633111e-008, 6.66086741319e-010]
        dmean2: [4.18055492446e-007, 9.34925337788e-005, 0.000187542944332, 0.000231559271924, 0.000448584643891, 0.000304263608996, 0.000187841593288, 0.000253692182014, 0.000186087258044, 0.000120885648357, 9.06201457838e-005, 8.49311472848e-005, 0.000121939796372, 0.000109002437966, 0.000206673212233, 0.000183871699846, 0.000350646994775, 0.000274263758911, 0.000350701680873, 0.000293243909255, 0.000132077184389, 2.78552306554e-005, 4.14518581238e-006, 2.28852559303e-006, 1.3636345102e-006, 7.54287867721e-008, 1.04933972622e-009]
        dvar: [4.11135887704e-013, 1.98856344724e-008, 9.59732417982e-008, 6.01909206921e-008, 1.5750856619e-007, 1.09249256752e-007, 7.48350501567e-008, 1.31987661689e-007, 8.92674592023e-008, 3.60251313225e-008, 2.51840575061e-008, 1.78407830731e-008, 4.78507722335e-008, 2.54149821188e-008, 9.14049067546e-008, 6.3916949955e-008, 1.05296400932e-007, 5.4133888483e-008, 8.2058420503e-008, 4.96441856512e-008, 1.10039461987e-008, 6.98726632109e-010, 2.0710403878e-011, 8.55653482096e-012, 5.81139737027e-012, 1.84694975107e-014, 2.73537978621e-018]
        dvar2: [8.29128107317e-013, 5.56022072828e-008, 2.80405060948e-007, 1.72876440274e-007, 4.00283425961e-007, 2.90499457378e-007, 1.88653260125e-007, 3.00291844724e-007, 2.22494023205e-007, 7.25786648559e-008, 5.65384148388e-008, 4.11229130748e-008, 1.02048296924e-007, 5.70789957521e-008, 2.05862733083e-007, 1.44612442909e-007, 2.54031988334e-007, 1.3840447366e-007, 2.07208785241e-007, 1.29330487653e-007, 2.9393508072e-008, 1.91778148917e-009, 5.31156507666e-011, 1.71772145119e-011, 1.16066193115e-011, 3.98811097536e-014, 5.5835816313e-018]
        max: [1.06381421574e-005, 0.00136474729516, 0.00348402443342, 0.00594950979576, 0.00633961847052, 0.00560427410528, 0.00580832641572, 0.00687789451331, 0.00830715801567, 0.00514266360551, 0.00342690409161, 0.00351718463935, 0.0050002373755, 0.00638685934246, 0.00718720583245, 0.00686919316649, 0.00565045839176, 0.00414295261726, 0.00479139434174, 0.00401386385784, 0.00150446628686, 0.000450986233773, 8.5879197286e-005, 7.64629294281e-005, 4.8779646022e-005, 3.11654389407e-006, 4.17661141228e-008]
        mean: [4.99648763252e-007, 6.76072959322e-005, 8.95917401067e-005, 0.000160693962243, 0.000535389001016, 0.000332894618623, 0.000175655193743, 0.000267211144092, 0.000173708423972, 0.000158833980095, 9.97989845928e-005, 9.41761099966e-005, 0.000139810828841, 0.00011397992057, 0.000253469042946, 0.00021312230092, 0.000446886115242, 0.000368595239706, 0.000470017519547, 0.000473979889648, 0.000215419189772, 4.1468305426e-005, 6.26443488727e-006, 3.43189594787e-006, 1.80891413493e-006, 7.44198445091e-008, 8.04650623909e-010]
        median: [1.95555728055e-007, 3.6274723243e-005, 3.38486061082e-005, 8.0722355051e-005, 0.000367384520359, 0.000209450285183, 9.22481995076e-005, 7.81913258834e-005, 6.65919069434e-005, 4.37753697042e-005, 2.27190394071e-005, 2.81222637568e-005, 3.00038136629e-005, 4.63829019282e-005, 6.39153877273e-005, 0.000110018649139, 0.000275289814454, 0.000290458556265, 0.000390421773773, 0.000404818187235, 0.000159706280101, 3.12618503813e-005, 3.94127710024e-006, 2.13872999666e-006, 8.40894244902e-007, 1.96398506347e-008, 2.28335322872e-010]
        min: [3.32597316188e-025, 6.08273486291e-024, 1.60150340294e-024, 7.62882187194e-025, 1.77050900271e-023, 8.14970229032e-024, 2.02131975446e-023, 1.05809376792e-023, 1.59185709346e-023, 1.66579276626e-023, 1.37951293494e-023, 4.39989788905e-023, 3.63471574831e-023, 3.41089382139e-023, 6.3176802808e-023, 5.4030402374e-023, 8.77555124259e-023, 9.123219914e-023, 1.5702266221e-022, 1.90575592325e-022, 2.85723829527e-022, 3.71854364219e-022, 4.22618156694e-022, 6.46821816558e-022, 9.57971882616e-022, 1.41503864841e-021, 2.13710047825e-021]
        var: [7.42394969284e-013, 1.48908645414e-008, 5.66934161839e-008, 6.96540922718e-008, 3.06259863692e-007, 1.56415296715e-007, 8.74435386322e-008, 2.76451373793e-007, 1.23182715583e-007, 1.1384642562e-007, 5.63777931006e-008, 4.82355275722e-008, 1.27246408965e-007, 6.00698086828e-008, 3.16262969591e-007, 1.59347550266e-007, 3.17518356496e-007, 1.24136818158e-007, 1.68966195702e-007, 1.5958121935e-007, 4.08987936851e-008, 1.58311552756e-009, 4.96454787002e-011, 2.44709426334e-011, 1.30227391371e-011, 3.46128528129e-014, 4.85521973703e-018]
    frequency_bands:
        dmean: [2.98115423902e-007, 5.41211447853e-005, 0.000100995050161, 0.000130169297336, 0.000275762664387, 0.000184028191143, 0.000115246963105, 0.000163713426446, 0.00011590597569, 8.18305488792e-005, 5.91212155996e-005, 5.49790493096e-005, 8.22613656055e-005, 6.93409165251e-005, 0.000134526242618, 0.000115451650345, 0.000217407767195, 0.000165471210494, 0.000210825906834, 0.000176205139724, 7.98366163508e-005, 1.67083289853e-005, 2.58429463429e-006, 1.50516723352e-006, 9.32515149543e-007, 5.07955633111e-008, 6.66086741319e-010, 5.6858316666e-011]
        dmean2: [4.18055492446e-007, 9.34925337788e-005, 0.000187542944332, 0.000231559271924, 0.000448584643891, 0.000304263608996, 0.000187841593288, 0.000253692182014, 0.000186087258044, 0.000120885648357, 9.06201457838e-005, 8.49311472848e-005, 0.000121939796372, 0.000109002437966, 0.000206673212233, 0.000183871699846, 0.000350646994775, 0.000274263758911, 0.000350701680873, 0.000293243909255, 0.000132077184389, 2.78552306554e-005, 4.14518581238e-006, 2.28852559303e-006, 1.3636345102e-006, 7.54287867721e-008, 1.04933972622e-009, 1.05071097656e-010]
        dvar: [4.11135887704e-013, 1.98856344724e-008, 9.59732417982e-008, 6.01909206921e-008, 1.5750856619e-007, 1.09249256752e-007, 7.48350501567e-008, 1.31987661689e-007, 8.92674592023e-008, 3.60251313225e-008, 2.51840575061e-008, 1.78407830731e-008, 4.78507722335e-008, 2.54149821188e-008, 9.14049067546e-008, 6.3916949955e-008, 1.05296400932e-007, 5.4133888483e-008, 8.2058420503e-008, 4.96441856512e-008, 1.10039461987e-008, 6.98726632109e-010, 2.0710403878e-011, 8.55653482096e-012, 5.81139737027e-012, 1.84694975107e-014, 2.73537978621e-018, 7.65025905897e-021]
        dvar2: [8.29128107317e-013, 5.56022072828e-008, 2.80405060948e-007, 1.72876440274e-007, 4.00283425961e-007, 2.90499457378e-007, 1.88653260125e-007, 3.00291844724e-007, 2.22494023205e-007, 7.25786648559e-008, 5.65384148388e-008, 4.11229130748e-008, 1.02048296924e-007, 5.70789957521e-008, 2.05862733083e-007, 1.44612442909e-007, 2.54031988334e-007, 1.3840447366e-007, 2.07208785241e-007, 1.29330487653e-007, 2.9393508072e-008, 1.91778148917e-009, 5.31156507666e-011, 1.71772145119e-011, 1.16066193115e-011, 3.98811097536e-014, 5.5835816313e-018, 2.42063420271e-020]
        max: [1.06381421574e-005, 0.00136474729516, 0.00348402443342, 0.00594950979576, 0.00633961847052, 0.00560427410528, 0.00580832641572, 0.00687789451331, 0.00830715801567, 0.00514266360551, 0.00342690409161, 0.00351718463935, 0.0050002373755, 0.00638685934246, 0.00718720583245, 0.00686919316649, 0.00565045839176, 0.00414295261726, 0.00479139434174, 0.00401386385784, 0.00150446628686, 0.000450986233773, 8.5879197286e-005, 7.64629294281e-005, 4.8779646022e-005, 3.11654389407e-006, 4.17661141228e-008, 2.08288986059e-009]
        mean: [4.99648763252e-007, 6.76072959322e-005, 8.95917401067e-005, 0.000160693962243, 0.000535389001016, 0.000332894618623, 0.000175655193743, 0.000267211144092, 0.000173708423972, 0.000158833980095, 9.97989845928e-005, 9.41761099966e-005, 0.000139810828841, 0.00011397992057, 0.000253469042946, 0.00021312230092, 0.000446886115242, 0.000368595239706, 0.000470017519547, 0.000473979889648, 0.000215419189772, 4.1468305426e-005, 6.26443488727e-006, 3.43189594787e-006, 1.80891413493e-006, 7.44198445091e-008, 8.04650623909e-010, 4.47390006986e-011]
        median: [1.95555728055e-007, 3.6274723243e-005, 3.38486061082e-005, 8.0722355051e-005, 0.000367384520359, 0.000209450285183, 9.22481995076e-005, 7.81913258834e-005, 6.65919069434e-005, 4.37753697042e-005, 2.27190394071e-005, 2.81222637568e-005, 3.00038136629e-005, 4.63829019282e-005, 6.39153877273e-005, 0.000110018649139, 0.000275289814454, 0.000290458556265, 0.000390421773773, 0.000404818187235, 0.000159706280101, 3.12618503813e-005, 3.94127710024e-006, 2.13872999666e-006, 8.40894244902e-007, 1.96398506347e-008, 2.28335322872e-010, 1.55342370911e-011]
        min: [3.32597316188e-025, 6.08273486291e-024, 1.60150340294e-024, 7.62882187194e-025, 1.77050900271e-023, 8.14970229032e-024, 2.02131975446e-023, 1.05809376792e-023, 1.59185709346e-023, 1.66579276626e-023, 1.37951293494e-023, 4.39989788905e-023, 3.63471574831e-023, 3.41089382139e-023, 6.3176802808e-023, 5.4030402374e-023, 8.77555124259e-023, 9.123219914e-023, 1.5702266221e-022, 1.90575592325e-022, 2.85723829527e-022, 3.71854364219e-022, 4.22618156694e-022, 6.46821816558e-022, 9.57971882616e-022, 1.41503864841e-021, 2.13710047825e-021, 5.51081264722e-022]
        var: [7.42394969284e-013, 1.48908645414e-008, 5.66934161839e-008, 6.96540922718e-008, 3.06259863692e-007, 1.56415296715e-007, 8.74435386322e-008, 2.76451373793e-007, 1.23182715583e-007, 1.1384642562e-007, 5.63777931006e-008, 4.82355275722e-008, 1.27246408965e-007, 6.00698086828e-008, 3.16262969591e-007, 1.59347550266e-007, 3.17518356496e-007, 1.24136818158e-007, 1.68966195702e-007, 1.5958121935e-007, 4.08987936851e-008, 1.58311552756e-009, 4.96454787002e-011, 2.44709426334e-011, 1.30227391371e-011, 3.46128528129e-014, 4.85521973703e-018, 6.06539231442e-021]
    mfcc:
        mean: [-719.059265137, 98.6851196289, -49.9831504822, 60.2773170471, -14.7277736664, -11.3937921524, -4.86680459976, -10.7399234772, -2.53238034248, -7.10581541061, -6.2883105278, -3.99111843109, -7.91321277618]
        cov: [[10111.8945313, 1091.37304688, -1438.68603516, 687.645385742, -645.058227539, -45.8261833191, -39.3229217529, -7.43377685547, 92.2296524048, 110.207427979, 17.6341209412, 8.88981056213, -88.3742141724], [1091.37304688, 853.963623047, -261.840118408, 250.005493164, -12.3663625717, -66.1758575439, 16.6964073181, -52.0710334778, -26.4950370789, -36.7786941528, -19.5204734802, -4.43565940857, -20.8260498047], [-1438.68603516, -261.840118408, 782.635864258, -70.9582901001, 231.981277466, 46.359577179, 10.8978233337, 44.4868927002, -35.3854370117, 8.90957164764, -5.17814064026, 11.2480545044, 41.3503303528], [687.645385742, 250.005493164, -70.9582901001, 367.07723999, 14.0966100693, -21.1629962921, -11.6222229004, -35.9057617188, 22.6684074402, -31.1215839386, -18.317276001, 8.76673126221, -0.326917797327], [-645.058227539, -12.3663625717, 231.981277466, 14.0966100693, 238.960586548, 20.4420394897, -27.3436183929, -14.1735334396, 3.11940741539, 13.367857933, -15.7456798553, -7.64233732224, 4.5727148056], [-45.8261833191, -66.1758575439, 46.359577179, -21.1629962921, 20.4420394897, 117.646636963, 42.4449005127, 45.0226974487, 6.1627073288, 29.8307361603, 17.687330246, 6.14351463318, -2.02411770821], [-39.3229217529, 16.6964073181, 10.8978233337, -11.6222229004, -27.3436183929, 42.4449005127, 118.570053101, 41.4153900146, -5.13362550735, -3.40407919884, 23.519367218, 19.4175949097, -2.34028244019], [-7.43377685547, -52.0710334778, 44.4868927002, -35.9057617188, -14.1735334396, 45.0226974487, 41.4153900146, 96.7699432373, 19.8936634064, 25.5787162781, 8.3310508728, 10.0085411072, 11.0245637894], [92.2296524048, -26.4950370789, -35.3854370117, 22.6684074402, 3.11940741539, 6.1627073288, -5.13362550735, 19.8936634064, 79.1288146973, 33.0059928894, 2.35531759262, -2.53108549118, 1.01075875759], [110.207427979, -36.7786941528, 8.90957164764, -31.1215839386, 13.367857933, 29.8307361603, -3.40407919884, 25.5787162781, 33.0059928894, 101.520599365, 35.9141349792, 6.53329229355, -3.95757174492], [17.6341209412, -19.5204734802, -5.17814064026, -18.317276001, -15.7456798553, 17.687330246, 23.519367218, 8.3310508728, 2.35531759262, 35.9141349792, 78.2126159668, 32.6388549805, 4.04255151749], [8.88981056213, -4.43565940857, 11.2480545044, 8.76673126221, -7.64233732224, 6.14351463318, 19.4175949097, 10.0085411072, -2.53108549118, 6.53329229355, 32.6388549805, 67.1329269409, 27.9194126129], [-88.3742141724, -20.8260498047, 41.3503303528, -0.326917797327, 4.5727148056, -2.02411770821, -2.34028244019, 11.0245637894, 1.01075875759, -3.95757174492, 4.04255151749, 27.9194126129, 62.4049949646]]
        icov: [[0.00018671300495, -0.000123631412862, 0.000177582114702, -0.000293329620035, 0.000393211026676, -0.000123647056171, 0.000199043686735, -0.00014491721231, 0.000107326130092, -0.00040033395635, 0.000137122216984, -6.91035456839e-005, 9.90980333881e-005], [-0.000123631412862, 0.00196096370928, 0.000660853052977, -0.00102755054832, -0.00103347864933, 0.00120391137898, -0.00113946315832, -0.000116595729196, 0.00142320001032, -0.000296645594062, 0.000157321686856, 0.000322747946484, -6.77370044286e-005], [0.000177582114702, 0.000660853052977, 0.00263402238488, -0.000500109221321, -0.00215402478352, 0.000422361365054, -0.000445294077508, -0.00152834015898, 0.00198676949367, -0.000543579284567, 9.97971728793e-005, 0.000221844995394, -0.00102346530184], [-0.000293329620035, -0.00102755054832, -0.000500109221321, 0.0044059753418, -0.00056247622706, -0.000612281146459, 0.000186691104318, 0.00151538173668, -0.00270944670774, 0.00209135119803, 0.000267515366431, -0.0012814104557, 8.92674433999e-005], [0.000393211026676, -0.00103347864933, -0.00215402478352, -0.00056247622706, 0.00808273162693, -0.00238212314434, 0.00196418189444, 0.00230396050029, -0.00155367073603, -0.00170233123936, 0.00168705591932, -0.000437556183897, 0.000637074466795], [-0.000123647056171, 0.00120391137898, 0.000422361365054, -0.000612281146459, -0.00238212314434, 0.0129768010229, -0.00397281441838, -0.00427584024146, 0.00193376000971, -0.00257724919356, -0.000839613785502, 0.000917626020964, 0.000594536657445], [0.000199043686735, -0.00113946315832, -0.000445294077508, 0.000186691104318, 0.00196418189444, -0.00397281441838, 0.0134111018851, -0.00459414580837, -5.49870201212e-005, 0.00340472022071, -0.00317662442103, -0.00262742885388, 0.00283748074435], [-0.00014491721231, -0.000116595729196, -0.00152834015898, 0.00151538173668, 0.00230396050029, -0.00427584024146, -0.00459414580837, 0.0175514090806, -0.00446347566321, -0.00257109338418, 0.00299055478536, -0.00080128753325, -0.00272995093837], [0.000107326130092, 0.00142320001032, 0.00198676949367, -0.00270944670774, -0.00155367073603, 0.00193376000971, -5.49870201212e-005, -0.00446347566321, 0.0184093154967, -0.00647381646559, 0.00138487375807, 0.00160120648798, -0.00125547870994], [-0.00040033395635, -0.000296645594062, -0.000543579284567, 0.00209135119803, -0.00170233123936, -0.00257724919356, 0.00340472022071, -0.00257109338418, -0.00647381646559, 0.0176879931241, -0.00831702165306, 0.000613577896729, 0.00181909732055], [0.000137122216984, 0.000157321686856, 9.97971728793e-005, 0.000267515366431, 0.00168705591932, -0.000839613785502, -0.00317662442103, 0.00299055478536, 0.00138487375807, -0.00831702165306, 0.021807666868, -0.00981148611754, 0.00181067141239], [-6.91035456839e-005, 0.000322747946484, 0.000221844995394, -0.0012814104557, -0.000437556183897, 0.000917626020964, -0.00262742885388, -0.00080128753325, 0.00160120648798, 0.000613577896729, -0.00981148611754, 0.0249643418938, -0.0105592682958], [9.90980333881e-005, -6.77370044286e-005, -0.00102346530184, 8.92674433999e-005, 0.000637074466795, 0.000594536657445, 0.00283748074435, -0.00272995093837, -0.00125547870994, 0.00181909732055, 0.00181067141239, -0.0105592682958, 0.0221245288849]]
    sccoeffs:
        dmean: [0.0502615831792, 0.0462836436927, 0.0374405570328, 0.0306152272969, 0.020237935707, 0.0175755284727]
        dmean2: [0.0828506201506, 0.0751339569688, 0.0600574724376, 0.0484221316874, 0.0328533761203, 0.0275446530432]
        dvar: [0.00176919682417, 0.00147443229798, 0.000964665552601, 0.000693349109497, 0.000321240979247, 0.000249916105531]
        dvar2: [0.00469859130681, 0.00388582679443, 0.00242778519168, 0.00154781958554, 0.000743464275729, 0.000561655499041]
        max: [-0.325848549604, -0.482758373022, -0.494929492474, -0.570374369621, -0.584065794945, -0.54683727026]
        mean: [-0.665900707245, -0.736188113689, -0.771775722504, -0.780857026577, -0.796759068966, -0.731762468815]
        median: [-0.669884443283, -0.73869395256, -0.781103014946, -0.791472911835, -0.796929061413, -0.72470074892]
        min: [-0.973701000214, -0.972452580929, -0.971959292889, -0.975252628326, -0.966503083706, -0.9637773633]
        var: [0.00670985225588, 0.00513631757349, 0.00561126414686, 0.00463900761679, 0.00181473069824, 0.00343571021222]
    scvalleys:
        dmean: [0.351638197899, 0.344117790461, 0.297104984522, 0.256925791502, 0.193031966686, 0.240596801043]
        dmean2: [0.577173829079, 0.561990201473, 0.474772006273, 0.403108626604, 0.297794878483, 0.33717879653]
        dvar: [0.0991457179189, 0.0994169935584, 0.0745151042938, 0.0604567825794, 0.0500130243599, 0.0976755023003]
        dvar2: [0.241841062903, 0.234086245298, 0.159200504422, 0.118563607335, 0.0875106751919, 0.183102667332]
        max: [-5.10886049271, -4.3859539032, -5.49134159088, -5.65531587601, -5.58589696884, -8.08213233948]
        mean: [-7.17270421982, -6.84108829498, -7.51299190521, -7.61207151413, -7.08040142059, -10.1453590393]
        median: [-6.74741363525, -6.44161128998, -7.11782360077, -7.18037796021, -6.59277057648, -9.62672996521]
        min: [-27.9308624268, -27.8334445953, -27.4744968414, -27.7354774475, -27.6395587921, -27.3286705017]
        var: [3.62464618683, 3.86423826218, 3.64875912666, 3.70081782341, 3.75741410255, 3.50514435768]

rhythm:
    beats_loudness:
        dmean: 0.00206900620833
        dmean2: 0.00349397677928
        dvar: 3.06258289129e-006
        dvar2: 8.44190162752e-006
        max: 0.014178307727
        mean: 0.00543484278023
        median: 0.00562954973429
        min: 6.2876651585e-013
        var: 8.26559607958e-006
    bpm: 99.91847229
    bpm_confidence: 0
    first_peak_bpm: 99
    first_peak_spread: 0.338461577892
    first_peak_weight: 0.309352517128
    onset_rate: 2.46234869957
    second_peak_bpm: 133
    second_peak_spread: 0.338541656733
    second_peak_weight: 0.304556369781
    beats_loudness_band_ratio:
        dmean: [0.0883853361011, 0.121163412929, 0.100319184363, 0.0727693513036, 0.118740789592, 0.0877241119742]
        dmean2: [0.151921004057, 0.212831482291, 0.180369377136, 0.132779940963, 0.206897094846, 0.15314604342]
        dvar: [0.0104597453028, 0.0109210833907, 0.00983748026192, 0.00717136822641, 0.0109410872683, 0.00548400823027]
        dvar2: [0.0274538993835, 0.0304358694702, 0.028684226796, 0.0213407874107, 0.0314875543118, 0.0165663771331]
        max: [0.926405906677, 0.699865937233, 0.711333692074, 0.448075145483, 0.703391849995, 0.538636624813]
        mean: [0.150352999568, 0.208699166775, 0.141830682755, 0.0877257734537, 0.259021162987, 0.215827912092]
        median: [0.0913190692663, 0.169920057058, 0.115021526814, 0.0592078268528, 0.229544788599, 0.208407521248]
        min: [0, 0, 0, 0, 0, 0]
        var: [0.0281268563122, 0.0231489147991, 0.011685712263, 0.00720721296966, 0.0199963413179, 0.0109109729528]
    beats_position: [0.522448956966, 0.99845802784, 1.46285712719, 1.92725622654, 2.38004541397, 2.83283448219, 3.28562355042, 3.73841261864, 4.17959165573, 4.62077093124, 5.06195020676, 5.51473903656, 5.9675283432, 6.420317173, 6.87310647964, 7.32589578629, 7.77868461609, 8.23147392273, 8.68426322937, 9.13705158234, 9.58984088898, 10.0426301956, 10.4954195023, 10.9365987778, 11.3777770996, 11.8189563751, 12.2601356506, 12.7129249573, 13.1657142639, 13.6068935394, 14.0596818924, 14.512471199, 14.9652605057, 15.4180498123, 15.870839119, 16.3236274719, 16.7648067474, 17.2175960541, 17.6703853607, 18.1231746674, 18.575963974, 19.0171432495, 19.4699325562, 19.9227199554, 20.363899231, 20.8166885376, 21.2694778442, 21.7222671509, 22.1750564575, 22.616235733, 23.0690250397, 23.5218143463, 23.9629936218, 24.4157810211, 24.8685703278, 25.3213596344, 25.774148941, 26.2153282166, 26.6797275543, 27.132516861, 27.5736961365, 28.0264854431, 28.4676647186, 28.9088420868, 29.3616313934, 29.8144207001, 30.2788200378, 30.7316093445, 31.1843986511, 31.6255779266, 32.0667572021, 32.5195465088, 32.9723358154, 33.4251251221, 33.8779144287, 34.3190917969, 34.7602729797, 35.2130622864, 35.6658477783, 36.1070289612, 36.5482063293, 37.000995636, 37.4653968811, 37.9181861877, 38.3593635559, 38.8121528625, 39.2649421692, 39.7177314758, 40.1705207825, 40.6116981506, 41.0760993958, 41.5172767639, 41.9700660706, 42.4228553772, 42.8640365601, 43.467754364, 44.071472168, 44.6751937866, 45.2672996521, 45.8594093323, 46.4631271362, 47.0668487549, 47.6705665588, 48.2742843628, 48.866394043, 49.4585037231, 50.0622215271, 50.6659393311, 51.269657135, 51.8733787537, 52.4654884338, 53.0692062378, 53.661315918, 54.2534217834, 54.8571434021, 55.4608612061, 56.0529708862, 56.4825401306, 56.9004974365, 57.3300666809, 57.7712478638, 58.2008171082, 58.6303825378, 59.0715637207, 59.5127410889, 59.9655303955, 60.4183197021, 60.859500885, 61.3122901917, 61.7650794983, 62.2178688049, 62.6706581116, 63.1118354797, 63.5530128479, 64.0058059692, 64.4585952759, 64.9113845825, 65.3641738892, 65.8169631958, 66.2697525024, 66.7341461182, 67.1753311157, 67.6165084839, 68.0692977905, 68.5220870972, 68.9632644653, 69.416053772, 69.8688430786, 70.3216323853, 70.7744216919, 71.2155990601, 71.6683883667, 72.1211776733, 72.5623550415, 73.0151443481, 73.4679336548, 73.9207229614, 74.3735122681, 74.8146896362, 75.2558746338, 75.7086639404, 76.1614532471, 76.6142425537, 77.0670318604, 77.5082092285, 77.9609985352, 78.4137878418, 78.8665771484, 79.3193664551, 79.7605438232, 80.2133331299, 80.6661224365, 81.1072998047, 81.5600891113, 82.012878418, 82.4540557861, 82.9068450928, 83.3596343994, 83.8124237061, 84.2652130127, 84.7180023193, 85.170791626, 85.6119689941, 86.0647583008, 86.5175476074, 86.9587249756, 87.4115142822, 87.8643035889, 88.3170928955, 88.7698822021, 89.2110671997, 89.6522445679, 90.1050338745, 90.5578231812, 91.0106124878, 91.4634017944, 91.9161911011, 92.3689804077, 92.8101577759, 93.2629470825, 93.7157363892, 94.1569137573, 94.5980911255, 95.0508804321, 95.6429901123, 96.246711731, 96.8504257202, 97.4541473389, 98.0578689575, 98.6615829468, 99.2653045654, 99.8690261841, 100.472740173, 101.064849854, 101.668571472, 102.260681152, 102.864395142, 103.46811676, 104.071838379, 104.66394043, 105.25605011, 105.859771729, 106.463493347, 107.067207336, 107.670928955, 108.274642944, 108.878364563, 109.470474243, 110.062583923, 110.666305542, 111.270019531, 111.862129211, 112.454238892, 113.05796051, 113.6616745, 114.265396118, 114.869110107, 115.461219788, 116.064941406, 116.657051086, 117.260765076, 117.864486694, 118.468208313, 119.071922302, 119.664031982, 120.256141663, 120.848251343, 121.451972961, 122.067298889, 122.671020508, 123.274734497, 123.866844177, 124.458953857, 125.062675476, 125.654785156, 126.258499146, 126.862220764, 127.465942383, 128.058044434, 128.661773682, 129.265487671, 129.86920166, 130.472915649, 131.065032959, 131.65713501, 132.260864258, 132.864578247, 133.456680298, 134.060409546, 134.652511597, 135.256240845, 135.859954834, 136.463668823, 137.067382813, 137.671112061, 138.27482605, 138.866943359, 139.45904541, 140.062759399, 140.654876709, 141.258590698, 141.862304688, 142.466033936, 143.058135986, 143.661849976, 144.253967285, 144.857681274, 145.461410522, 146.053512573, 146.657226563, 147.260955811, 147.853057861, 148.456771851, 149.060501099, 149.652603149, 150.256317139, 150.860046387, 151.463760376, 152.067474365, 152.671203613, 153.274917603, 153.867019653, 154.459136963, 155.062850952, 155.6665802, 156.270294189, 156.86239624, 157.45451355, 158.058227539, 158.661941528, 159.265670776, 159.869384766, 160.473098755, 161.076828003, 161.680541992, 162.284255981, 162.876373291, 163.468475342, 164.060592651, 164.652694702, 165.256408691, 165.860137939, 166.463851929, 167.067565918, 167.659683228, 168.263397217, 168.867111206, 169.459228516, 170.062942505, 170.666656494, 171.270385742, 171.862487793, 172.466217041, 173.058319092, 173.662033081, 174.265762329, 174.869476318, 175.461578369, 176.053695679, 176.657409668, 177.249526978, 177.841629028, 178.445343018, 179.049072266, 179.652786255, 180.256500244, 180.860229492, 181.463943481, 182.056045532, 182.65977478, 183.251876831, 183.85559082, 184.459320068, 185.063034058, 185.655151367, 186.247253418, 186.850967407, 187.454696655, 188.058410645, 188.662124634, 189.254241943, 189.846343994, 190.450057983, 191.053787231, 191.657501221, 192.26121521, 192.864944458, 193.468658447, 194.072372437, 194.664489746, 195.268203735, 195.860321045, 196.464035034, 197.0909729, 197.717910767, 198.344848633, 198.971786499, 199.436187744, 199.900588989, 200.364990234, 200.806167603, 201.258956909, 201.700134277, 202.152923584, 202.605712891, 203.058502197, 203.511291504, 203.964080811, 204.416870117, 204.881271362, 205.217956543, 205.554641724, 205.891326904, 206.228027344, 206.669204712, 207.121994019, 207.574783325, 208.027572632, 208.410705566, 208.793823242, 209.176956177, 209.548477173, 209.931610107, 210.303131104, 210.686248779, 211.18548584, 211.684707642, 212.183944702, 212.671554565, 213.159179688, 213.64680481, 214.122802734, 214.598815918, 215.074829102, 215.550842285, 216.02684021, 216.502853394, 216.978866577]
    bpm_estimates: [99.3841781616, 99.3841781616, 99.3835525513, 101.333229065, 101.332580566, 99.3841781616, 99.3835525513, 99.3841781616, 99.3841781616, 101.332580566, 101.332580566, 99.3841781616, 99.3841781616, 99.3841781616, 99.3835525513, 101.332580566, 99.3841781616, 101.332580566, 101.333229065, 99.3835525513, 99.3841781616, 101.332580566, 101.332580566, 99.3835525513, 99.3848114014, 99.3835525513, 99.3835525513, 99.3848114014, 99.3835525513, 99.3835525513, 99.3848114014, 101.332580566, 99.3835525513, 101.332580566, 99.3848114014, 99.3835525513, 99.3835525513, 101.333885193, 101.332580566, 99.3835525513, 99.3835525513, 99.3848114014, 99.3835525513, 99.3848114014, 99.3835525513, 101.332580566, 101.332580566, 99.3835525513, 99.3848114014, 101.332580566, 101.332580566, 99.3835525513, 99.3848114014, 99.3835525513, 99.3848114014, 101.332580566, 99.3835525513, 101.332580566, 99.3848114014, 99.3835525513, 99.3835525513, 99.3848114014, 101.332580566, 101.332580566, 101.332580566, 99.3835525513, 97.5093002319, 99.3835525513, 99.3848114014, 101.332580566, 101.332580566, 99.3835525513, 101.332580566, 99.3848114014, 99.3835525513, 99.3835525513, 101.333885193, 99.3823013306, 99.3848114014, 99.3848114014, 99.3848114014, 101.331268311, 101.333885193, 99.3823013306, 99.3848114014, 101.333885193, 99.3823013306, 101.333885193, 99.3823013306, 99.3848114014, 99.3848114014, 99.3848114014, 99.3823013306, 99.3848114014, 101.331268311, 101.333885193, 99.3848114014, 101.331268311, 99.3848114014, 99.3848114014, 99.3823013306, 101.333885193, 99.3848114014, 101.331268311, 99.3848114014, 99.3823013306, 101.333885193, 99.3848114014, 99.3823013306, 101.333885193, 99.3848114014, 99.3823013306, 101.333885193, 99.3848114014, 99.3823013306, 99.3848114014, 99.3848114014, 99.3823013306, 99.3848114014, 101.333885193, 101.331268311, 99.3848114014, 99.3823013306, 99.3848114014, 101.333885193, 101.331268311, 99.3848114014, 99.3848114014, 99.3823013306, 99.3848114014, 99.3848114014, 99.3823013306, 99.3848114014, 99.3848114014, 101.331268311, 101.333885193, 101.331268311, 101.333885193, 99.3848114014, 99.3823013306, 99.3848114014, 99.3848114014, 101.331268311, 99.3848114014, 99.3848114014, 101.331268311, 99.3848114014, 99.3848114014, 99.3823013306, 101.333885193, 99.3823013306, 101.333885193, 99.3848114014, 99.3823013306, 99.3848114014, 101.333885193, 101.331268311, 99.3848114014, 101.331268311, 101.333885193, 99.3848114014, 99.3823013306, 99.3848114014, 99.3848114014, 99.3823013306, 99.3848114014, 101.333885193, 99.3823013306, 101.333885193, 99.3848114014, 99.3823013306, 99.3848114014, 101.331268311, 101.333885193, 99.3848114014, 99.3823013306, 99.3848114014, 99.3848114014, 101.331268311, 101.333885193, 99.3848114014, 99.3823013306, 99.3848114014, 99.3848114014, 99.3823013306, 99.3848114014, 99.3848114014, 101.331268311, 99.3848114014, 101.331268311, 99.3848114014, 95.7032623291, 95.7032623291, 95.7032623291, 95.7032623291]
