
metadata:
    version:
        essentia: "2.1-beta2"
    audio_properties:
        analysis_sample_rate: 44100
        bitrate: 272
        channels: 2
        equal_loudness: 1
        length: 201.012237549
        replay_gain: -14.1588020325
        downmix: "mix"
    tags:
        album: "American Capitalist"
        artist: "Five Finger Death Punch"
        comment: ""
        date: "2011"
        genre: "Metal"
        title: "100 Ways To Hate"
        tracknumber: "11"

configuration:
    average_loudness:
        compute: 1
        frameSize: 88200
        hopSize: 44100
        silentFrames: "noise"
        windowType: "hann"
    general:
        analysisSampleRate: 44100
        endTime: 2000
        equalLoudness: 1
        nequalLoudness: 0
        shortSound: 0
        startTime: 0
    lowlevel:
        compute: 1
        frameSize: 2048
        hopSize: 1024
        zeroPadding: 0
        silentFrames: "noise"
        windowType: "blackmanharris62"
        mfccStats: ["mean", "cov", "icov"]
        stats: ["mean", "var", "median", "min", "max", "dmean", "dmean2", "dvar", "dvar2"]
    panning:
        compute: 0
        frameSize: 8192
        hopSize: 2048
        zeroPadding: 8192
        silentFrames: "noise"
        windowType: "hann"
        stats: ["copy"]
    rhythm:
        compute: 1
        maxTempo: 208
        minTempo: 40
        method: "degara"
        stats: ["mean", "var", "median", "min", "max", "dmean", "dmean2", "dvar", "dvar2"]
    segmentation:
        compute: 0
        cpw: 5
        inc1: 300
        inc2: 50
        minimumSegmentsLength: 10
        size1: 1000
        size2: 600
    sfx:
        compute: 1
        stats: ["mean", "var", "median", "min", "max", "dmean", "dmean2", "dvar", "dvar2"]
    svm:
        compute: 0
    tonal:
        compute: 1
        frameSize: 4096
        hopSize: 2048
        zeroPadding: 0
        silentFrames: "noise"
        windowType: "blackmanharris62"
        stats: ["mean", "var", "median", "min", "max", "dmean", "dmean2", "dvar", "dvar2"]

lowlevel:
    average_loudness: 0.935976147652
    barkbands_kurtosis:
        dmean: 1.25553274155
        dmean2: 2.03148365021
        dvar: 16.5397415161
        dvar2: 38.9653930664
        max: 101.527816772
        mean: -0.0373199656606
        median: -1.20290994644
        min: -1.88602566719
        var: 29.9249820709
    barkbands_skewness:
        dmean: 0.55448782444
        dmean2: 0.878488063812
        dvar: 0.336047321558
        dvar2: 0.794069647789
        max: 7.18351078033
        mean: 0.257313489914
        median: 0.0853205919266
        min: -2.71424746513
        var: 1.01136136055
    barkbands_spread:
        dmean: 6.8481464386
        dmean2: 10.9928922653
        dvar: 40.6008377075
        dvar2: 97.9658203125
        max: 77.3739318848
        mean: 36.4679794312
        median: 37.5423240662
        min: 0.65706628561
        var: 133.791976929
    dissonance:
        dmean: 0.0112260468304
        dmean2: 0.0191613808274
        dvar: 0.000142042510561
        dvar2: 0.000390642991988
        max: 0.5
        mean: 0.482592582703
        median: 0.486408948898
        min: 0.301249653101
        var: 0.000222782124183
    hfc:
        dmean: 3.56496453285
        dmean2: 6.13801670074
        dvar: 23.4399833679
        dvar2: 64.3950958252
        max: 43.2679023743
        mean: 8.63224697113
        median: 7.87088775635
        min: 1.18771701018e-016
        var: 34.1358642578
    pitch:
        dmean: 991.631286621
        dmean2: 1888.69348145
        dvar: 1703232.75
        dvar2: 3924359.75
        max: 4822.13085938
        mean: 1610.73510742
        median: 671.278991699
        min: 43.0243911743
        var: 2268497.75
    pitch_instantaneous_confidence:
        dmean: 0.0820932090282
        dmean2: 0.136609986424
        dvar: 0.00490834796801
        dvar2: 0.012867837213
        max: 0.9605935812
        mean: 0.313949048519
        median: 0.291351675987
        min: 0.116040766239
        var: 0.0133150462061
    pitch_salience:
        dmean: 0.0811433270574
        dmean2: 0.134476587176
        dvar: 0.00548158073798
        dvar2: 0.0148132415488
        max: 0.901715695858
        mean: 0.652032852173
        median: 0.673960506916
        min: 0.102391891181
        var: 0.0105095487088
    silence_rate_20dB:
        dmean: 0
        dmean2: 0
        dvar: 0
        dvar2: 0
        max: 1
        mean: 1
        median: 1
        min: 1
        var: 0
    silence_rate_30dB:
        dmean: 0
        dmean2: 0
        dvar: 0
        dvar2: 0
        max: 1
        mean: 1
        median: 1
        min: 1
        var: 0
    silence_rate_60dB:
        dmean: 0.0736975893378
        dmean2: 0.147412195802
        dvar: 0.0682667791843
        dvar2: 0.147631987929
        max: 1
        mean: 0.214021712542
        median: 0
        min: 0
        var: 0.168198570609
    spectral_centroid:
        dmean: 365.811309814
        dmean2: 600.733642578
        dvar: 131388.921875
        dvar2: 346160.75
        max: 10894.0527344
        mean: 1555.29467773
        median: 1586.82250977
        min: 95.9198226929
        var: 336458.03125
    spectral_complexity:
        dmean: 5.14520025253
        dmean2: 8.22111797333
        dvar: 25.6589794159
        dvar2: 59.996219635
        max: 48
        mean: 17.4765529633
        median: 18
        min: 0
        var: 89.092086792
    spectral_crest:
        dmean: 2.19837880135
        dmean2: 3.69000339508
        dvar: 4.4666686058
        dvar2: 11.4161062241
        max: 23.3546543121
        mean: 6.41531658173
        median: 5.54904079437
        min: 2.1987786293
        var: 9.03580379486
    spectral_decrease:
        dmean: 3.94891092048e-010
        dmean2: 6.52065124118e-010
        dvar: 1.98894363367e-019
        dvar2: 5.23544633369e-019
        max: 9.75041094613e-029
        mean: -1.20586018948e-009
        median: -1.17042486814e-009
        min: -4.68016336796e-009
        var: 3.96595492851e-019
    spectral_energy:
        dmean: 0.00175446411595
        dmean2: 0.00289725908078
        dvar: 4.13071347793e-006
        dvar2: 1.09697430162e-005
        max: 0.0198675841093
        mean: 0.00533414585516
        median: 0.00518798781559
        min: 1.08359400086e-020
        var: 7.99998088041e-006
    spectral_energyband_high:
        dmean: 0.000258127343841
        dmean2: 0.000464727840154
        dvar: 1.78625967351e-007
        dvar2: 4.92436811328e-007
        max: 0.00473138131201
        mean: 0.000406924897106
        median: 0.000278154097032
        min: 7.87480789912e-021
        var: 1.77696122705e-007
    spectral_energyband_low:
        dmean: 0.000655972748064
        dmean2: 0.00110956828576
        dvar: 5.74613068238e-007
        dvar2: 1.56865155532e-006
        max: 0.00696873106062
        mean: 0.000982428900898
        median: 0.000747079378925
        min: 7.03328819345e-023
        var: 7.06644016191e-007
    spectral_energyband_middle_high:
        dmean: 0.00087092758622
        dmean2: 0.00143044081051
        dvar: 9.69925281424e-007
        dvar2: 2.55794770965e-006
        max: 0.0128542510793
        mean: 0.00237264716998
        median: 0.002243981231
        min: 1.53236349484e-021
        var: 2.4055996164e-006
    spectral_energyband_middle_low:
        dmean: 0.000893985736184
        dmean2: 0.00151588954031
        dvar: 1.38693303597e-006
        dvar2: 3.72780232283e-006
        max: 0.0146936392412
        mean: 0.00180898979306
        median: 0.00142361933831
        min: 2.9285818658e-022
        var: 2.14976148527e-006
    spectral_flatness_db:
        dmean: 0.0169249270111
        dmean2: 0.0268438067287
        dvar: 0.000317912170431
        dvar2: 0.000714604218956
        max: 0.516438007355
        mean: 0.134208679199
        median: 0.12030685693
        min: 0.0524994619191
        var: 0.00236069876701
    spectral_flux:
        dmean: 0.00970614142716
        dmean2: 0.0150492647663
        dvar: 0.00010651096818
        dvar2: 0.000220286441618
        max: 0.112112410367
        mean: 0.0465213954449
        median: 0.0464247353375
        min: 7.0020857168e-011
        var: 0.000294234341709
    spectral_kurtosis:
        dmean: 1.49353837967
        dmean2: 2.49528384209
        dvar: 26.2228927612
        dvar2: 71.5879211426
        max: 158.349533081
        mean: 3.72810077667
        median: 2.68945980072
        min: -1.21153843403
        var: 48.6570892334
    spectral_rms:
        dmean: 0.000362587685231
        dmean2: 0.000583161658142
        dvar: 1.42521713542e-007
        dvar2: 3.61966186802e-007
        max: 0.00440261373296
        mean: 0.00218438613228
        median: 0.0022497670725
        min: 3.25140717301e-012
        var: 4.32506482184e-007
    spectral_rolloff:
        dmean: 491.410827637
        dmean2: 814.90032959
        dvar: 370753.53125
        dvar2: 870620.0625
        max: 19250.6835938
        mean: 3052.59716797
        median: 3251.51367188
        min: 107.666015625
        var: 937984.1875
    spectral_skewness:
        dmean: 0.214407816529
        dmean2: 0.347360193729
        dvar: 0.128834441304
        dvar2: 0.331068903208
        max: 10.861743927
        mean: 1.40182542801
        median: 1.3433611393
        min: -0.11725410074
        var: 0.313735097647
    spectral_spread:
        dmean: 566131.625
        dmean2: 834858.5625
        dvar: 479759106048
        dvar2: 961268088832
        max: 41238960
        mean: 5478263
        median: 5534764
        min: 476578.1875
        var: 3.06830350746e+012
    spectral_strongpeak:
        dmean: 0.298959821463
        dmean2: 0.521834015846
        dvar: 0.343902587891
        dvar2: 0.901825547218
        max: 9.94478607178
        mean: 0.392941206694
        median: 0.159543290734
        min: 1.20056686814e-009
        var: 0.555531263351
    zerocrossingrate:
        dmean: 0.00958609394729
        dmean2: 0.0118341641501
        dvar: 7.87735552876e-005
        dvar2: 0.000106218227302
        max: 0.5009765625
        mean: 0.0914209336042
        median: 0.0947265625
        min: 0.00390625
        var: 0.000680129800458
    barkbands:
        dmean: [4.88858063363e-007, 0.000167027988937, 0.000457618240034, 0.000288720009848, 0.000297248276183, 0.000212432016269, 0.000256333587458, 0.000140316813486, 0.000171172068804, 8.64528192324e-005, 6.47004999337e-005, 7.60699986131e-005, 6.39263889752e-005, 7.08453007974e-005, 7.89496261859e-005, 0.00013733911328, 0.000191249360796, 0.000264167931164, 0.000242692316533, 0.000212291721255, 0.000114132431918, 5.66483031434e-005, 1.0376938917e-005, 4.45096111434e-006, 2.75705383501e-006, 9.63569206647e-008, 3.7260605712e-010]
        dmean2: [7.44033457067e-007, 0.000277542625554, 0.000783542171121, 0.000508228084072, 0.000527488009539, 0.000357992743375, 0.00042290755664, 0.000236673513427, 0.000283207860775, 0.000140422853292, 0.000106986735773, 0.000123215751955, 0.000104584010842, 0.000114484588266, 0.000127019942738, 0.000224120900384, 0.000318815233186, 0.000455702131148, 0.000416953873355, 0.000376695301384, 0.000205687218113, 0.000102018027974, 1.80350143637e-005, 7.29428620616e-006, 4.59011425846e-006, 1.58006585593e-007, 6.17194850783e-010]
        dvar: [6.68749344096e-013, 4.24880681749e-008, 3.40734317206e-007, 1.64397320646e-007, 3.00661838537e-007, 1.52208656345e-007, 4.17060704194e-007, 6.89985952818e-008, 1.08973715385e-007, 2.96115896248e-008, 1.9997145273e-008, 2.07064569935e-008, 1.26524613009e-008, 1.46272700619e-008, 1.51259413883e-008, 3.21794999536e-008, 6.65498447461e-008, 1.25920934124e-007, 1.00201170028e-007, 9.64027577766e-008, 3.19826511941e-008, 9.77934888624e-009, 2.44286757489e-010, 5.06883215956e-011, 1.74205250919e-011, 2.05138894559e-014, 2.2823802691e-019]
        dvar2: [1.36115663012e-012, 1.15858703964e-007, 9.32548061883e-007, 4.68499166573e-007, 8.62423291892e-007, 3.9495381543e-007, 1.02812543901e-006, 1.80931607474e-007, 2.90666378078e-007, 7.43683088444e-008, 5.37490265629e-008, 5.02854895501e-008, 3.30757714551e-008, 3.74170028294e-008, 3.80771503217e-008, 8.17751768523e-008, 1.62217716593e-007, 3.46104769733e-007, 2.71474903002e-007, 2.63781714693e-007, 8.79641675056e-008, 2.75602722866e-008, 6.68103350421e-010, 1.20840656925e-010, 4.36794836411e-011, 5.17173347062e-014, 5.53234058408e-019]
        max: [6.77416983308e-006, 0.00179169350304, 0.00414495170116, 0.00461605051532, 0.00448145717382, 0.00708127534017, 0.0120008094236, 0.00586452614516, 0.00480540841818, 0.00376872089691, 0.00251178303733, 0.00210137479007, 0.00182876584586, 0.0020586210303, 0.002598030027, 0.00308900815435, 0.0101119270548, 0.00573779968545, 0.0047696698457, 0.00485637038946, 0.00150217977352, 0.000895193894394, 0.000241248475504, 0.000152542168507, 5.28127602593e-005, 2.45699129664e-006, 5.0905786253e-009]
        mean: [5.59065426842e-007, 0.000237404543441, 0.000547757546883, 0.0003415880783, 0.000372687878553, 0.000290949159535, 0.000298807950458, 0.0001755363337, 0.000264346308541, 0.000141417549457, 9.8463940958e-005, 0.000124468497233, 9.94767033262e-005, 0.000123537975014, 0.000143250043038, 0.000254156708252, 0.000362514634617, 0.000416964408942, 0.000449273415143, 0.000319369544741, 0.0001604136487, 7.91567290435e-005, 1.74400593096e-005, 8.88645445229e-006, 5.54891175852e-006, 1.86658027701e-007, 5.77307812666e-010]
        median: [1.15479664942e-007, 0.00016478219186, 0.000341705250321, 0.000178601461812, 0.000235187006183, 0.000155930407345, 0.000100016266515, 7.24395213183e-005, 0.000104324950371, 5.6131848396e-005, 3.76648094971e-005, 5.43597416254e-005, 4.93562765769e-005, 6.3975690864e-005, 9.10775561351e-005, 0.000201015573111, 0.000295145146083, 0.000345029286109, 0.000328312336933, 0.00022042618366, 0.000104426115286, 5.02713592141e-005, 1.21639586723e-005, 6.05210516369e-006, 4.12316330767e-006, 1.32665832098e-007, 3.73049757751e-010]
        min: [2.35318844914e-024, 2.85646257679e-024, 9.13376288223e-024, 2.36559648176e-023, 2.36800045648e-023, 2.06405787173e-023, 3.99126446916e-023, 2.20171299528e-023, 8.64739605537e-023, 7.49484313603e-023, 1.14753626886e-022, 5.85853925258e-023, 6.32933459626e-023, 1.00203131665e-022, 9.52281077911e-023, 1.1257532318e-022, 1.21192940683e-022, 2.57341649143e-022, 2.72083048703e-022, 2.18709704354e-022, 3.44488413386e-022, 5.92704191411e-022, 5.16109003445e-022, 7.90318972609e-022, 1.06478289188e-021, 1.59409770455e-021, 2.57322337828e-021]
        var: [9.78885375535e-013, 5.80101655601e-008, 3.62010524668e-007, 1.85337270864e-007, 2.32964268321e-007, 2.04339471566e-007, 4.99885118188e-007, 9.35865074325e-008, 1.99154712277e-007, 7.31680245281e-008, 3.54000491143e-008, 4.19060235402e-008, 2.20272085016e-008, 3.40068133653e-008, 3.15431130105e-008, 5.97638347699e-008, 1.45617008229e-007, 1.46184092387e-007, 1.8651186906e-007, 1.17022864288e-007, 3.10242853629e-008, 8.93336693508e-009, 3.28379795578e-010, 1.00569594319e-010, 3.23034238248e-011, 4.06303476649e-014, 4.01677819781e-019]
    frequency_bands:
        dmean: [4.88858063363e-007, 0.000167027988937, 0.000457618240034, 0.000288720009848, 0.000297248276183, 0.000212432016269, 0.000256333587458, 0.000140316813486, 0.000171172068804, 8.64528192324e-005, 6.47004999337e-005, 7.60699986131e-005, 6.39263889752e-005, 7.08453007974e-005, 7.89496261859e-005, 0.00013733911328, 0.000191249360796, 0.000264167931164, 0.000242692316533, 0.000212291721255, 0.000114132431918, 5.66483031434e-005, 1.0376938917e-005, 4.45096111434e-006, 2.75705383501e-006, 9.63569206647e-008, 3.7260605712e-010, 6.42836825437e-011]
        dmean2: [7.44033457067e-007, 0.000277542625554, 0.000783542171121, 0.000508228084072, 0.000527488009539, 0.000357992743375, 0.00042290755664, 0.000236673513427, 0.000283207860775, 0.000140422853292, 0.000106986735773, 0.000123215751955, 0.000104584010842, 0.000114484588266, 0.000127019942738, 0.000224120900384, 0.000318815233186, 0.000455702131148, 0.000416953873355, 0.000376695301384, 0.000205687218113, 0.000102018027974, 1.80350143637e-005, 7.29428620616e-006, 4.59011425846e-006, 1.58006585593e-007, 6.17194850783e-010, 1.19605256255e-010]
        dvar: [6.68749344096e-013, 4.24880681749e-008, 3.40734317206e-007, 1.64397320646e-007, 3.00661838537e-007, 1.52208656345e-007, 4.17060704194e-007, 6.89985952818e-008, 1.08973715385e-007, 2.96115896248e-008, 1.9997145273e-008, 2.07064569935e-008, 1.26524613009e-008, 1.46272700619e-008, 1.51259413883e-008, 3.21794999536e-008, 6.65498447461e-008, 1.25920934124e-007, 1.00201170028e-007, 9.64027577766e-008, 3.19826511941e-008, 9.77934888624e-009, 2.44286757489e-010, 5.06883215956e-011, 1.74205250919e-011, 2.05138894559e-014, 2.2823802691e-019, 8.21813793653e-021]
        dvar2: [1.36115663012e-012, 1.15858703964e-007, 9.32548061883e-007, 4.68499166573e-007, 8.62423291892e-007, 3.9495381543e-007, 1.02812543901e-006, 1.80931607474e-007, 2.90666378078e-007, 7.43683088444e-008, 5.37490265629e-008, 5.02854895501e-008, 3.30757714551e-008, 3.74170028294e-008, 3.80771503217e-008, 8.17751768523e-008, 1.62217716593e-007, 3.46104769733e-007, 2.71474903002e-007, 2.63781714693e-007, 8.79641675056e-008, 2.75602722866e-008, 6.68103350421e-010, 1.20840656925e-010, 4.36794836411e-011, 5.17173347062e-014, 5.53234058408e-019, 2.6161774377e-020]
        max: [6.77416983308e-006, 0.00179169350304, 0.00414495170116, 0.00461605051532, 0.00448145717382, 0.00708127534017, 0.0120008094236, 0.00586452614516, 0.00480540841818, 0.00376872089691, 0.00251178303733, 0.00210137479007, 0.00182876584586, 0.0020586210303, 0.002598030027, 0.00308900815435, 0.0101119270548, 0.00573779968545, 0.0047696698457, 0.00485637038946, 0.00150217977352, 0.000895193894394, 0.000241248475504, 0.000152542168507, 5.28127602593e-005, 2.45699129664e-006, 5.0905786253e-009, 1.18349274825e-009]
        mean: [5.59065426842e-007, 0.000237404543441, 0.000547757546883, 0.0003415880783, 0.000372687878553, 0.000290949159535, 0.000298807950458, 0.0001755363337, 0.000264346308541, 0.000141417549457, 9.8463940958e-005, 0.000124468497233, 9.94767033262e-005, 0.000123537975014, 0.000143250043038, 0.000254156708252, 0.000362514634617, 0.000416964408942, 0.000449273415143, 0.000319369544741, 0.0001604136487, 7.91567290435e-005, 1.74400593096e-005, 8.88645445229e-006, 5.54891175852e-006, 1.86658027701e-007, 5.77307812666e-010, 4.96469011735e-011]
        median: [1.15479664942e-007, 0.00016478219186, 0.000341705250321, 0.000178601461812, 0.000235187006183, 0.000155930407345, 0.000100016266515, 7.24395213183e-005, 0.000104324950371, 5.6131848396e-005, 3.76648094971e-005, 5.43597416254e-005, 4.93562765769e-005, 6.3975690864e-005, 9.10775561351e-005, 0.000201015573111, 0.000295145146083, 0.000345029286109, 0.000328312336933, 0.00022042618366, 0.000104426115286, 5.02713592141e-005, 1.21639586723e-005, 6.05210516369e-006, 4.12316330767e-006, 1.32665832098e-007, 3.73049757751e-010, 1.91960735502e-011]
        min: [2.35318844914e-024, 2.85646257679e-024, 9.13376288223e-024, 2.36559648176e-023, 2.36800045648e-023, 2.06405787173e-023, 3.99126446916e-023, 2.20171299528e-023, 8.64739605537e-023, 7.49484313603e-023, 1.14753626886e-022, 5.85853925258e-023, 6.32933459626e-023, 1.00203131665e-022, 9.52281077911e-023, 1.1257532318e-022, 1.21192940683e-022, 2.57341649143e-022, 2.72083048703e-022, 2.18709704354e-022, 3.44488413386e-022, 5.92704191411e-022, 5.16109003445e-022, 7.90318972609e-022, 1.06478289188e-021, 1.59409770455e-021, 2.57322337828e-021, 6.2896119787e-022]
        var: [9.78885375535e-013, 5.80101655601e-008, 3.62010524668e-007, 1.85337270864e-007, 2.32964268321e-007, 2.04339471566e-007, 4.99885118188e-007, 9.35865074325e-008, 1.99154712277e-007, 7.31680245281e-008, 3.54000491143e-008, 4.19060235402e-008, 2.20272085016e-008, 3.40068133653e-008, 3.15431130105e-008, 5.97638347699e-008, 1.45617008229e-007, 1.46184092387e-007, 1.8651186906e-007, 1.17022864288e-007, 3.10242853629e-008, 8.93336693508e-009, 3.28379795578e-010, 1.00569594319e-010, 3.23034238248e-011, 4.06303476649e-014, 4.01677819781e-019, 6.47028833854e-021]
    mfcc:
        mean: [-691.184204102, 98.4454879761, -33.8446426392, 51.8869247437, -1.47961902618, -4.73747682571, 0.130045607686, 0.94104963541, 2.70882487297, -3.21404504776, -0.451709210873, -3.09278321266, -2.04360532761]
        cov: [[5875.85253906, -412.679016113, -555.705627441, 126.649475098, -397.916137695, 19.9686565399, -171.297561646, 2.45923852921, -49.3560676575, -42.3290672302, 117.646820068, -55.0447273254, -42.3612174988], [-412.679016113, 867.125854492, -170.848098755, 64.705116272, 97.4664154053, -77.5222167969, 70.5223922729, 15.3711824417, 34.782371521, -6.1153922081, -39.840221405, 23.2237281799, 1.34084248543], [-555.705627441, -170.848098755, 644.625244141, -35.9379348755, 41.1873130798, 49.0232696533, -27.7454891205, 42.3012275696, 3.54449939728, 8.41177177429, -7.46910667419, 27.6287841797, 50.7625160217], [126.649475098, 64.705116272, -35.9379348755, 320.020690918, 65.9376220703, 4.5099067688, 43.7232208252, -29.6995105743, -12.5163202286, -9.60042858124, -16.3044929504, -30.8210983276, -22.6195240021], [-397.916137695, 97.4664154053, 41.1873130798, 65.9376220703, 206.414031982, 15.0766820908, -9.45526695251, -44.5731506348, -17.720293045, 26.1577529907, -4.45489645004, 3.00771427155, 1.52358078957], [19.9686565399, -77.5222167969, 49.0232696533, 4.5099067688, 15.0766820908, 101.094482422, 16.8148593903, 12.9619016647, 12.5298137665, 13.4756965637, 15.3774852753, 0.0184999275953, 6.46358251572], [-171.297561646, 70.5223922729, -27.7454891205, 43.7232208252, -9.45526695251, 16.8148593903, 130.56942749, 60.2982635498, 24.1632652283, -0.102225929499, -16.1101398468, -9.06859588623, -9.84518814087], [2.45923852921, 15.3711824417, 42.3012275696, -29.6995105743, -44.5731506348, 12.9619016647, 60.2982635498, 116.870063782, 47.967300415, -0.588843762875, -5.76378965378, -0.331271320581, 9.46167564392], [-49.3560676575, 34.782371521, 3.54449939728, -12.5163202286, -17.720293045, 12.5298137665, 24.1632652283, 47.967300415, 75.2438735962, 23.0609512329, 0.0320483446121, 5.55960559845, 1.28292870522], [-42.3290672302, -6.1153922081, 8.41177177429, -9.60042858124, 26.1577529907, 13.4756965637, -0.102225929499, -0.588843762875, 23.0609512329, 65.87915802, 25.4786872864, 3.16496729851, -2.73733234406], [117.646820068, -39.840221405, -7.46910667419, -16.3044929504, -4.45489645004, 15.3774852753, -16.1101398468, -5.76378965378, 0.0320483446121, 25.4786872864, 60.7047462463, 19.2203540802, 8.59958171844], [-55.0447273254, 23.2237281799, 27.6287841797, -30.8210983276, 3.00771427155, 0.0184999275953, -9.06859588623, -0.331271320581, 5.55960559845, 3.16496729851, 19.2203540802, 56.2526931763, 31.2411060333], [-42.3612174988, 1.34084248543, 50.7625160217, -22.6195240021, 1.52358078957, 6.46358251572, -9.84518814087, 9.46167564392, 1.28292870522, -2.73733234406, 8.59958171844, 31.2411060333, 63.2334442139]]
        icov: [[0.000272904726444, 4.35879956058e-005, 0.000265137554379, -0.000328899361193, 0.000536252337042, -0.000259567721514, 0.000701284734532, -0.000488130113808, 0.000364593724953, -7.55775981816e-005, -0.000307715148665, 6.89362932462e-005, 4.43595054094e-005], [4.35879956058e-005, 0.00167022249661, 0.000486684206408, -0.00014050664322, -0.00101975502912, 0.00131327181589, -0.000685630599037, -0.000185237789992, -0.00093863310758, 0.000360530219041, 0.000640069018118, -0.00108103256207, -0.000154181354446], [0.000265137554379, 0.000486684206408, 0.00229710107669, -0.000393247901229, -0.000136407194077, -0.000905722146854, 0.00158362078946, -0.00205791043118, 0.00100031681359, -0.000699588679709, 0.00116193084978, -0.00100177945569, -0.000880738545675], [-0.000328899361193, -0.00014050664322, -0.000393247901229, 0.00446040928364, -0.00188619480468, 0.000413828936871, -0.00300402217545, 0.00261518731713, -0.00129139435012, 0.00169474806171, -0.000512514263391, 0.00227808696218, -0.000118237294373], [0.000536252337042, -0.00101975502912, -0.000136407194077, -0.00188619480468, 0.00835949089378, -0.00246701738797, 0.00191502436064, 0.000955406867433, 0.00312435044907, -0.00455702794716, 0.00176891498268, -0.000748264836147, -0.00010992782336], [-0.000259567721514, 0.00131327181589, -0.000905722146854, 0.000413828936871, -0.00246701738797, 0.0131700709462, -0.0035676995758, 0.00103060493711, -0.00332901300862, 0.000869771873113, -0.00373481097631, 0.00190786842722, -0.00165255239699], [0.000701284734532, -0.000685630599037, 0.00158362078946, -0.00300402217545, 0.00191502436064, -0.0035676995758, 0.0149975745007, -0.0092309275642, 0.00313236447982, -0.00238543702289, 0.00292720948346, -0.00173785642255, 0.00246699084528], [-0.000488130113808, -0.000185237789992, -0.00205791043118, 0.00261518731713, 0.000955406867433, 0.00103060493711, -0.0092309275642, 0.0196216050535, -0.0106754014269, 0.00404221564531, -0.00199201423675, 0.00413613254204, -0.00361813465133], [0.000364593724953, -0.00093863310758, 0.00100031681359, -0.00129139435012, 0.00312435044907, -0.00332901300862, 0.00313236447982, -0.0106754014269, 0.024524377659, -0.0111147826537, 0.00526283076033, -0.00493840966374, 0.00209465553053], [-7.55775981816e-005, 0.000360530219041, -0.000699588679709, 0.00169474806171, -0.00455702794716, 0.000869771873113, -0.00238543702289, 0.00404221564531, -0.0111147826537, 0.0256537478417, -0.0122912637889, 0.00417686067522, 0.00109822489321], [-0.000307715148665, 0.000640069018118, 0.00116193084978, -0.000512514263391, 0.00176891498268, -0.00373481097631, 0.00292720948346, -0.00199201423675, 0.00526283076033, -0.0122912637889, 0.0276001896709, -0.0106595782563, 0.000631199742202], [6.89362932462e-005, -0.00108103256207, -0.00100177945569, 0.00227808696218, -0.000748264836147, 0.00190786842722, -0.00173785642255, 0.00413613254204, -0.00493840966374, 0.00417686067522, -0.0106595782563, 0.0308748483658, -0.0129015827551], [4.43595054094e-005, -0.000154181354446, -0.000880738545675, -0.000118237294373, -0.00010992782336, -0.00165255239699, 0.00246699084528, -0.00361813465133, 0.00209465553053, 0.00109822489321, 0.000631199742202, -0.0129015827551, 0.0239025559276]]
    sccoeffs:
        dmean: [0.0644072890282, 0.052637398243, 0.0371062345803, 0.0278848353773, 0.0208837483078, 0.0221008174121]
        dmean2: [0.108466751873, 0.0883668810129, 0.061966471374, 0.0467998571694, 0.0345466025174, 0.0362573340535]
        dvar: [0.00278172455728, 0.00185663788579, 0.000841651461087, 0.000504114374053, 0.000282833963865, 0.00049228547141]
        dvar2: [0.00750181125477, 0.00499834585935, 0.00232281954959, 0.00136828806717, 0.000756905588787, 0.00118355255108]
        max: [-0.345803797245, -0.492572784424, -0.608175039291, -0.614726662636, -0.575665175915, -0.531933128834]
        mean: [-0.645304381847, -0.77436041832, -0.803447902203, -0.808903694153, -0.797542691231, -0.771220624447]
        median: [-0.647131919861, -0.784093677998, -0.811213850975, -0.811857223511, -0.798393130302, -0.779349088669]
        min: [-0.966507434845, -0.969556808472, -0.960508048534, -0.964419722557, -0.964349508286, -0.963197588921]
        var: [0.00519578903913, 0.00432904530317, 0.00258584483527, 0.00138312997296, 0.000971813278738, 0.00238832645118]
    scvalleys:
        dmean: [0.410180032253, 0.399659365416, 0.327629387379, 0.292069375515, 0.331242471933, 0.315527826548]
        dmean2: [0.682469427586, 0.665392696857, 0.513334095478, 0.436802744865, 0.517217040062, 0.497727304697]
        dvar: [0.110729575157, 0.133876383305, 0.0913548693061, 0.0874327272177, 0.152077719569, 0.182359501719]
        dvar2: [0.282769799232, 0.337165772915, 0.193489223719, 0.16460852325, 0.327997475863, 0.424628078938]
        max: [-5.12518167496, -4.66179990768, -5.09429216385, -5.49944829941, -5.51320457458, -7.53950357437]
        mean: [-6.64368057251, -6.39574861526, -6.84988451004, -6.98888015747, -6.89807844162, -9.34491825104]
        median: [-6.45881748199, -6.26335048676, -6.69187402725, -6.78016853333, -6.65035009384, -8.88260269165]
        min: [-27.0583610535, -27.052028656, -27.7900981903, -27.2177886963, -27.2936115265, -27.2423934937]
        var: [1.52119493484, 1.26233518124, 1.28865408897, 1.15416383743, 1.3604477644, 2.62139129639]

rhythm:
    beats_loudness:
        dmean: 0.00165135599673
        dmean2: 0.00284022674896
        dvar: 2.64077789325e-006
        dvar2: 7.09158848622e-006
        max: 0.0158738903701
        mean: 0.0065004536882
        median: 0.00643385155126
        min: 8.57533627441e-011
        var: 5.26655003341e-006
    bpm: 94.8262481689
    bpm_confidence: 0
    first_peak_bpm: 96
    first_peak_spread: 0.471428573132
    first_peak_weight: 0.471337586641
    onset_rate: 3.82066321373
    second_peak_bpm: 91
    second_peak_spread: 0.382352948189
    second_peak_weight: 0.0668789818883
    beats_loudness_band_ratio:
        dmean: [0.15840485692, 0.0835206732154, 0.0917516648769, 0.0538438744843, 0.0975903347135, 0.083990894258]
        dmean2: [0.282547265291, 0.148653164506, 0.161359414458, 0.090365357697, 0.167057037354, 0.150404974818]
        dvar: [0.0199612025172, 0.00500241341069, 0.0107383634895, 0.00240544928238, 0.00780156627297, 0.0041817468591]
        dvar2: [0.0567654557526, 0.0143662774935, 0.0323899015784, 0.00582922203466, 0.0209666844457, 0.0136248264462]
        max: [0.738000810146, 0.470971703529, 0.801517188549, 0.385247766972, 0.629938066006, 0.508926391602]
        mean: [0.28300127387, 0.124521188438, 0.13973133266, 0.0887852162123, 0.233005687594, 0.171693578362]
        median: [0.256535708904, 0.106774315238, 0.116035267711, 0.0746112912893, 0.215387284756, 0.164133921266]
        min: [0, 0, 0, 0, 0, 0]
        var: [0.0283790733665, 0.0070846779272, 0.0118274837732, 0.0035597702954, 0.0115827741101, 0.00640618987381]
    beats_position: [0.603718817234, 1.24226760864, 1.88081634045, 2.50775504112, 3.13469386101, 3.76163268089, 4.40018129349, 5.0387301445, 5.66566896439, 6.29260778427, 6.93115615845, 7.56970500946, 8.19664382935, 8.82358264923, 9.45052146912, 10.077460289, 10.71600914, 11.354557991, 11.9814968109, 12.6084346771, 13.235373497, 13.873922348, 14.512471199, 15.1394100189, 15.7663488388, 16.3932876587, 17.031835556, 17.6703853607, 18.2973232269, 18.9242630005, 19.5512008667, 20.1897506714, 20.8282985687, 21.4552383423, 22.0821762085, 22.7091159821, 23.3476638794, 23.9862117767, 24.6131515503, 25.2400894165, 25.8670291901, 26.5055770874, 27.1441268921, 27.7710647583, 28.3980045319, 29.0365524292, 29.6751022339, 30.3020401001, 30.9289798737, 31.5559177399, 32.1828575134, 32.8214035034, 33.4599533081, 34.0868911743, 34.7138328552, 35.3523788452, 35.9909286499, 36.6178665161, 37.2564163208, 37.9065742493, 38.5683441162, 39.2301139832, 39.8918800354, 40.5420417786, 41.192199707, 41.8423576355, 42.4809074402, 43.1310653687, 43.7812232971, 44.4546012878, 45.1163711548, 45.7549209595, 46.3934669495, 47.0204086304, 47.6589546204, 48.297504425, 48.9244422913, 49.5513839722, 50.1783218384, 50.8168716431, 51.4438095093, 52.0707473755, 52.7092971802, 53.3362350464, 53.9747848511, 54.6017227173, 55.2286605835, 55.8672103882, 56.4941482544, 57.1326980591, 57.7712478638, 58.39818573, 59.0251235962, 59.6520614624, 60.2906112671, 60.9291610718, 61.556098938, 62.1830368042, 62.8215866089, 63.4485244751, 64.0870742798, 64.714012146, 65.3409500122, 65.9678878784, 66.6064376831, 67.2449874878, 67.871925354, 68.4988632202, 69.1258010864, 69.7527389526, 70.3912887573, 71.029838562, 71.6567764282, 72.2953262329, 72.9338760376, 73.5608139038, 74.18775177, 74.8146896362, 75.4532394409, 76.0917892456, 76.7187271118, 77.345664978, 77.9726028442, 78.6111526489, 79.2497024536, 79.8766403198, 80.503578186, 81.1537399292, 81.8155059814, 82.4772796631, 83.1506576538, 83.8240356445, 84.4974136353, 85.170791626, 85.8441696167, 86.4943313599, 87.1444854736, 87.7714233398, 88.3983688354, 89.0253067017, 89.6638565063, 90.3023986816, 90.9293441772, 91.5562820435, 92.1832199097, 92.8217697144, 93.460319519, 94.0872573853, 94.7141952515, 95.3411331177, 95.9796829224, 96.6182327271, 97.2451705933, 97.8721084595, 98.4990463257, 99.1375961304, 99.7761459351, 100.403083801, 101.030021667, 101.656959534, 102.295509338, 102.934059143, 103.560997009, 104.187934875, 104.849700928, 105.511474609, 106.173240662, 106.858230591, 107.508384705, 108.158546448, 108.797096252, 109.447257996, 110.120635986, 110.794013977, 111.432563782, 112.059501648, 112.698051453, 113.336593628, 113.975143433, 114.613693237, 115.240631104, 115.86756897, 116.494506836, 117.121452332, 117.759994507, 118.398544312, 119.025482178, 119.652427673, 120.27936554, 120.917915344, 121.55645752, 122.183395386, 122.82194519, 123.460494995, 124.087432861, 124.714370728, 125.341316223, 125.979858398, 126.606803894, 127.245346069, 127.872291565, 128.499221802, 129.126159668, 129.764709473, 130.403259277, 131.065032959, 131.73840332, 132.41178894, 133.073562622, 133.735321045, 134.397094727, 135.070480347, 135.743850708, 136.394012451, 137.020950317, 137.659500122, 138.298049927, 138.924987793, 139.551925659, 140.178863525, 140.805801392, 141.432739258, 142.071289063, 142.709838867, 143.348388672, 143.986938477, 144.613876343, 145.240814209, 145.879364014, 146.517913818, 147.144851685, 147.771789551, 148.410339355, 149.04888916, 149.675827026, 150.302764893, 150.929702759, 151.556640625, 152.183578491, 152.822128296, 153.460678101, 154.087615967, 154.714553833, 155.341491699, 155.968429565, 156.60697937, 157.245529175, 157.872467041, 158.534240723, 159.195999146, 159.846160889, 160.50793457, 161.169708252, 161.819854736, 162.481628418, 163.1434021, 163.793563843, 164.455322266, 165.117095947, 165.76725769, 166.417419434, 167.0443573, 167.671295166, 168.298233032, 168.925170898, 169.552108765, 170.179046631, 170.817596436, 171.45614624, 172.083084106, 172.710021973, 173.348571777, 173.987121582, 174.614059448, 175.240997314, 175.867935181, 176.506484985, 177.14503479, 177.771972656, 178.422134399, 179.060684204, 179.710830688, 180.349380493, 180.987930298, 181.626480103, 182.253417969, 182.880355835, 183.51890564, 184.157455444, 184.784393311, 185.422943115, 186.049880981, 186.676818848, 187.303756714, 187.919082642, 188.534423828, 189.149749756, 189.776687622, 190.403625488, 191.030563354, 191.657501221, 192.296051025, 192.93460083, 193.561538696, 194.188476563, 194.815414429, 195.453964233, 196.092514038, 196.719451904, 197.346389771, 197.961715698, 198.577041626, 199.203994751, 199.830932617, 200.457870483]
    bpm_estimates: [93.9630661011, 93.9630737305, 95.7031326294, 95.7031173706, 95.7031173706, 93.9630889893, 93.9630508423, 95.7031173706, 95.7031173706, 93.9631271362, 93.9630508423, 95.7031173706, 95.7031173706, 95.7031173706, 95.7031173706, 93.9630508423, 93.9630508423, 95.7031173706, 95.7032623291, 95.7031173706, 93.9630508423, 93.9630508423, 95.7031173706, 95.7031173706, 95.7031173706, 93.9631958008, 93.9629135132, 95.7032623291, 95.7029724121, 95.7032623291, 93.9629135132, 93.9631958008, 95.7029724121, 95.7032623291, 95.7029724121, 93.9631958008, 93.9631958008, 95.7029724121, 95.7032623291, 95.7029724121, 93.9631958008, 93.9629135132, 95.7032623291, 95.7029724121, 93.9631958008, 93.9629135132, 95.7032623291, 95.7029724121, 95.7032623291, 95.7029724121, 93.9634780884, 93.9629135132, 95.7032623291, 95.7026824951, 93.9634780884, 93.9629135132, 95.7032623291, 93.9629135132, 92.2852706909, 92.2847290039, 92.2852706909, 92.2852706909, 93.9629135132, 92.2852706909, 92.2852706909, 93.9629135132, 93.9634780884, 95.7026824951, 93.9634780884, 93.9629135132, 95.7032623291, 95.7026824951, 95.7032623291, 93.9629135132, 95.7032623291, 95.7032623291, 93.9629135132, 95.7032623291, 93.9629135132, 95.7032623291, 95.7032623291, 93.9629135132, 95.7032623291, 93.9629135132, 93.9629135132, 95.7032623291, 95.7032623291, 95.7032623291, 93.9629135132, 93.9629135132, 95.7032623291, 95.7032623291, 93.9629135132, 95.7032623291, 93.9629135132, 95.7032623291, 95.7032623291, 95.7032623291, 93.9629135132, 93.9629135132, 95.7032623291, 95.7032623291, 95.7032623291, 95.7032623291, 93.9629135132, 93.9629135132, 95.7032623291, 93.9629135132, 93.9629135132, 95.7032623291, 95.7032623291, 95.7032623291, 93.9629135132, 93.9629135132, 95.7032623291, 95.7032623291, 95.7032623291, 93.9629135132, 93.9629135132, 95.7032623291, 95.7032623291, 92.2847290039, 92.2847290039, 92.2858123779, 95.7032623291, 95.7021026611, 95.7032623291, 93.9629135132, 93.9640350342, 95.7021026611, 95.7032623291, 95.7032623291, 93.9629135132, 93.9629135132, 95.7032623291, 95.7032623291, 95.7032623291, 93.9629135132, 93.9629135132, 95.7032623291, 95.7032623291, 95.7032623291, 93.9629135132, 93.9629135132, 95.7032623291, 95.7032623291, 95.7032623291, 93.9629135132, 93.9629135132, 95.7032623291, 95.7032623291, 92.2858123779, 92.2847290039, 93.9629135132, 92.2847290039, 93.9629135132, 95.7032623291, 93.9629135132, 93.9640350342, 93.9629135132, 93.9629135132, 95.7032623291, 95.7032623291, 95.7032623291, 95.7021026611, 93.9640350342, 93.9629135132, 95.7032623291, 95.7021026611, 95.7032623291, 93.9629135132, 93.9640350342, 95.7032623291, 93.9629135132, 93.9629135132, 95.7032623291, 95.7032623291, 95.7021026611, 93.9640350342, 95.7021026611, 93.9640350342, 95.7021026611, 95.7044296265, 95.7032623291, 93.9629135132, 93.9629135132, 92.2847290039, 95.7032623291, 93.9629135132, 93.9629135132, 95.7032623291, 95.7032623291, 95.7032623291, 95.7032623291, 95.7032623291, 93.9629135132, 93.9629135132, 93.9629135132, 93.9629135132, 95.7032623291, 95.7032623291, 93.9629135132, 93.9629135132, 95.7032623291, 95.7032623291, 93.9629135132, 93.9629135132, 95.7032623291, 95.7032623291, 95.7032623291, 95.7032623291, 95.7032623291, 93.9629135132, 93.9629135132, 95.7032623291, 95.7032623291, 95.7032623291, 95.7032623291, 93.9629135132, 93.9629135132, 95.7032623291, 92.2847290039, 92.286895752, 92.2847290039, 92.2847290039, 92.2847290039, 95.7032623291, 95.7032623291, 95.7032623291, 95.7032623291, 95.7032623291, 95.7032623291, 93.9629135132, 93.9629135132, 95.7032623291, 95.7032623291, 93.9629135132, 93.9629135132, 95.7032623291, 95.7032623291, 95.7032623291, 93.9629135132, 93.9629135132, 95.7032623291, 92.2847290039, 93.9629135132, 92.286895752, 93.9629135132, 93.9629135132, 93.9629135132, 95.7032623291, 95.7032623291, 93.9629135132, 93.9629135132, 95.7032623291, 93.9629135132, 95.7032623291, 95.7032623291, 95.7032623291, 97.5093002319, 97.5068817139, 97.5093002319, 95.7032623291, 95.7032623291, 95.7032623291, 95.7032623291, 93.9629135132, 93.9629135132, 95.7032623291, 95.7032623291, 95.7032623291, 93.9629135132, 93.9629135132, 95.7032623291, 95.7032623291, 97.5093002319, 97.5093002319, 95.7009353638, 95.7032623291, 95.7032623291]
