
metadata:
    version:
        essentia: "2.1-beta2"
    audio_properties:
        analysis_sample_rate: 44100
        bitrate: 285
        channels: 2
        equal_loudness: 1
        length: 202.605712891
        replay_gain: -16.5281562805
        downmix: "mix"
    tags:
        album: "American Capitalist"
        artist: "Five Finger Death Punch"
        comment: ""
        date: "2011"
        genre: "Metal"
        title: "Back For More"
        tracknumber: "7"

configuration:
    average_loudness:
        compute: 1
        frameSize: 88200
        hopSize: 44100
        silentFrames: "noise"
        windowType: "hann"
    general:
        analysisSampleRate: 44100
        endTime: 2000
        equalLoudness: 1
        nequalLoudness: 0
        shortSound: 0
        startTime: 0
    lowlevel:
        compute: 1
        frameSize: 2048
        hopSize: 1024
        zeroPadding: 0
        silentFrames: "noise"
        windowType: "blackmanharris62"
        mfccStats: ["mean", "cov", "icov"]
        stats: ["mean", "var", "median", "min", "max", "dmean", "dmean2", "dvar", "dvar2"]
    panning:
        compute: 0
        frameSize: 8192
        hopSize: 2048
        zeroPadding: 8192
        silentFrames: "noise"
        windowType: "hann"
        stats: ["copy"]
    rhythm:
        compute: 1
        maxTempo: 208
        minTempo: 40
        method: "degara"
        stats: ["mean", "var", "median", "min", "max", "dmean", "dmean2", "dvar", "dvar2"]
    segmentation:
        compute: 0
        cpw: 5
        inc1: 300
        inc2: 50
        minimumSegmentsLength: 10
        size1: 1000
        size2: 600
    sfx:
        compute: 1
        stats: ["mean", "var", "median", "min", "max", "dmean", "dmean2", "dvar", "dvar2"]
    svm:
        compute: 0
    tonal:
        compute: 1
        frameSize: 4096
        hopSize: 2048
        zeroPadding: 0
        silentFrames: "noise"
        windowType: "blackmanharris62"
        stats: ["mean", "var", "median", "min", "max", "dmean", "dmean2", "dvar", "dvar2"]

lowlevel:
    average_loudness: 0.957683622837
    barkbands_kurtosis:
        dmean: 0.817445516586
        dmean2: 1.37610661983
        dvar: 2.9955329895
        dvar2: 7.92305612564
        max: 50.25756073
        mean: -0.517744481564
        median: -1.05194997787
        min: -1.9170217514
        var: 4.57794380188
    barkbands_skewness:
        dmean: 0.495846927166
        dmean2: 0.806705951691
        dvar: 0.235930025578
        dvar2: 0.621323347092
        max: 6.63621473312
        mean: -0.312977969646
        median: -0.363577276468
        min: -3.48320245743
        var: 0.666405856609
    barkbands_spread:
        dmean: 6.9014172554
        dmean2: 11.3730297089
        dvar: 39.088634491
        dvar2: 102.720252991
        max: 71.2872314453
        mean: 34.5877952576
        median: 34.6147193909
        min: 3.05870747566
        var: 100.608093262
    dissonance:
        dmean: 0.00977276265621
        dmean2: 0.0166888255626
        dvar: 9.09122245503e-005
        dvar2: 0.000248572294367
        max: 0.499999970198
        mean: 0.484862565994
        median: 0.487740218639
        min: 0.373613893986
        var: 0.000139612413477
    hfc:
        dmean: 3.143253088
        dmean2: 5.35988092422
        dvar: 10.7893981934
        dvar2: 28.2285671234
        max: 44.9086265564
        mean: 10.7760543823
        median: 10.2890338898
        min: 1.09159815978e-016
        var: 30.6341552734
    pitch:
        dmean: 1034.20129395
        dmean2: 1984.52172852
        dvar: 1762128.125
        dvar2: 4259509.5
        max: 4433.87646484
        mean: 1399.26989746
        median: 451.000488281
        min: 56.7596092224
        var: 2102271.5
    pitch_instantaneous_confidence:
        dmean: 0.0819994881749
        dmean2: 0.137826219201
        dvar: 0.00540645886213
        dvar2: 0.0137922102585
        max: 0.980846405029
        mean: 0.352544695139
        median: 0.322080552578
        min: 0.095920920372
        var: 0.0187976211309
    pitch_salience:
        dmean: 0.0724573805928
        dmean2: 0.123125053942
        dvar: 0.00425994861871
        dvar2: 0.0122350370511
        max: 0.984887003899
        mean: 0.663223326206
        median: 0.679952085018
        min: 0.145985513926
        var: 0.00754071865231
    silence_rate_20dB:
        dmean: 0
        dmean2: 0
        dvar: 0
        dvar2: 0
        max: 1
        mean: 1
        median: 1
        min: 1
        var: 0
    silence_rate_30dB:
        dmean: 0
        dmean2: 0
        dvar: 0
        dvar2: 0
        max: 1
        mean: 1
        median: 1
        min: 1
        var: 0
    silence_rate_60dB:
        dmean: 0.0838872343302
        dmean2: 0.167793691158
        dvar: 0.0768449380994
        dvar2: 0.175418391824
        max: 1
        mean: 0.131774947047
        median: 0
        min: 0
        var: 0.11442925036
    spectral_centroid:
        dmean: 355.123779297
        dmean2: 592.765563965
        dvar: 122828.96875
        dvar2: 319575.90625
        max: 11581.2333984
        mean: 1953.90466309
        median: 1967.2701416
        min: 165.780426025
        var: 435623.21875
    spectral_complexity:
        dmean: 4.83291292191
        dmean2: 7.89272212982
        dvar: 17.7411994934
        dvar2: 44.7850875854
        max: 44
        mean: 19.8717765808
        median: 20
        min: 0
        var: 68.350440979
    spectral_crest:
        dmean: 1.9842966795
        dmean2: 3.35440564156
        dvar: 3.61498761177
        dvar2: 9.62009048462
        max: 19.9743900299
        mean: 6.18870067596
        median: 5.5368065834
        min: 2.2078962326
        var: 6.15187120438
    spectral_decrease:
        dmean: 3.22161491928e-010
        dmean2: 5.01200358993e-010
        dvar: 1.16095716625e-019
        dvar2: 2.74731858739e-019
        max: 1.08387882633e-028
        mean: -1.22073029463e-009
        median: -1.19066279058e-009
        min: -3.91444299197e-009
        var: 2.81627417271e-019
    spectral_energy:
        dmean: 0.00141122215427
        dmean2: 0.00221619359218
        dvar: 2.09227619052e-006
        dvar2: 4.86382077725e-006
        max: 0.0167595539242
        mean: 0.00558474101126
        median: 0.00542713049799
        min: 1.0265157921e-020
        var: 5.71856435272e-006
    spectral_energyband_high:
        dmean: 0.000213404593524
        dmean2: 0.000368637498468
        dvar: 5.99759175657e-008
        dvar2: 1.58869383426e-007
        max: 0.00369869009592
        mean: 0.000516771397088
        median: 0.000426350918133
        min: 7.32147172914e-021
        var: 1.22101425859e-007
    spectral_energyband_low:
        dmean: 0.000459954200778
        dmean2: 0.000790555670392
        dvar: 2.95553206797e-007
        dvar2: 7.88551005826e-007
        max: 0.00505169527605
        mean: 0.000607599329669
        median: 0.00041792014963
        min: 2.47036856957e-023
        var: 3.24232559024e-007
    spectral_energyband_middle_high:
        dmean: 0.000864260015078
        dmean2: 0.0014406722039
        dvar: 7.28369855096e-007
        dvar2: 1.87728676337e-006
        max: 0.0123960766941
        mean: 0.00299749616534
        median: 0.00283995782956
        min: 1.21940033612e-021
        var: 2.56480552707e-006
    spectral_energyband_middle_low:
        dmean: 0.000807453587186
        dmean2: 0.00129929115064
        dvar: 1.47998491684e-006
        dvar2: 3.74230398847e-006
        max: 0.0110002337024
        mean: 0.00162962428294
        median: 0.00119846570306
        min: 2.69207000682e-022
        var: 2.04207844945e-006
    spectral_flatness_db:
        dmean: 0.0138187864795
        dmean2: 0.0226391144097
        dvar: 0.000172308253241
        dvar2: 0.000435089634266
        max: 0.451249748468
        mean: 0.128226101398
        median: 0.124063245952
        min: 0.0634798705578
        var: 0.000750815030187
    spectral_flux:
        dmean: 0.00866015348583
        dmean2: 0.0129896979779
        dvar: 6.61866361042e-005
        dvar2: 0.000136961127282
        max: 0.110396936536
        mean: 0.0471359677613
        median: 0.0467473305762
        min: 6.32656566024e-011
        var: 0.00021131093672
    spectral_kurtosis:
        dmean: 0.715120792389
        dmean2: 1.20754253864
        dvar: 0.444791704416
        dvar2: 1.27570235729
        max: 12.7486419678
        mean: 3.12979507446
        median: 3.02817511559
        min: -1.23256397247
        var: 1.15489387512
    spectral_rms:
        dmean: 0.000286839262117
        dmean2: 0.000445391604444
        dvar: 7.34665590585e-008
        dvar2: 1.63304918033e-007
        max: 0.00404361030087
        mean: 0.00226446497254
        median: 0.00230103498325
        min: 3.16461505438e-012
        var: 3.2071551459e-007
    spectral_rolloff:
        dmean: 375.743774414
        dmean2: 643.569824219
        dvar: 237447.84375
        dvar2: 565189.1875
        max: 19143.0175781
        mean: 3498.66699219
        median: 3574.51171875
        min: 129.19921875
        var: 733651
    spectral_skewness:
        dmean: 0.130993127823
        dmean2: 0.220389291644
        dvar: 0.0138124059886
        dvar2: 0.0386650748551
        max: 2.24527621269
        mean: 1.30635929108
        median: 1.30528700352
        min: -0.0731512159109
        var: 0.0452605672181
    spectral_spread:
        dmean: 418425.53125
        dmean2: 624796.125
        dvar: 389650513920
        dvar2: 672294764544
        max: 42127760
        mean: 4976715.5
        median: 4788931
        min: 2119051
        var: 2.92967075021e+012
    spectral_strongpeak:
        dmean: 0.624386072159
        dmean2: 1.08921408653
        dvar: 0.820022881031
        dvar2: 2.14494562149
        max: 12.5330429077
        mean: 0.825466573238
        median: 0.337203741074
        min: 1.25485732916e-010
        var: 1.34715151787
    zerocrossingrate:
        dmean: 0.00888251047581
        dmean2: 0.011214687489
        dvar: 7.13914414519e-005
        dvar2: 9.81596167549e-005
        max: 0.5166015625
        mean: 0.10808673501
        median: 0.10791015625
        min: 0.01318359375
        var: 0.000711227592546
    barkbands:
        dmean: [9.30442467961e-007, 0.000126530634589, 0.00032552468474, 0.000294933706755, 0.000288225157419, 0.000182547737495, 0.000124112819321, 0.000101986661321, 0.000161882271641, 0.00011404012912, 7.33008128009e-005, 6.85081322445e-005, 5.42486450286e-005, 6.38676647213e-005, 9.29136222112e-005, 0.000146161182784, 0.000243862144998, 0.000290402473183, 0.000288081675535, 0.000227149692364, 0.000105227642052, 3.96747636842e-005, 5.99759459874e-006, 2.82491146208e-006, 1.66454742612e-006, 5.63455948566e-008, 2.76742573302e-010]
        dmean2: [1.40836857554e-006, 0.000218438493903, 0.000565823342185, 0.000507134245709, 0.000481026916532, 0.000300316285575, 0.000204369527637, 0.000165653007571, 0.00026305753272, 0.000174334127223, 0.000119528442156, 0.000111513414595, 8.82688545971e-005, 0.000105224287836, 0.000150804859004, 0.000239808781771, 0.000407403073041, 0.000499030342326, 0.000482009898406, 0.00039102541632, 0.000180780669325, 6.92136745784e-005, 1.02606027212e-005, 4.73936734124e-006, 2.73538535112e-006, 9.30091061946e-008, 4.86379048148e-010]
        dvar: [1.07024751474e-012, 2.08570192228e-008, 1.86576841088e-007, 3.41952244298e-007, 3.52131706904e-007, 2.07522944606e-007, 1.19416654343e-007, 4.6246380947e-008, 1.00375075363e-007, 5.73324783204e-008, 2.70599045393e-008, 2.12910151731e-008, 8.31302937598e-009, 1.20204965981e-008, 1.77767045528e-008, 3.57977967269e-008, 1.01267502828e-007, 1.09071621068e-007, 1.33255454671e-007, 7.11217182925e-008, 1.52407597653e-008, 2.25773910678e-009, 6.34918714826e-011, 2.14355894146e-011, 9.33694527944e-012, 9.93834599035e-015, 1.00332478196e-019]
        dvar2: [2.32781220515e-012, 5.66336453289e-008, 4.92530375595e-007, 9.06677485091e-007, 9.42195526932e-007, 5.1776055443e-007, 3.15063971357e-007, 1.09857424491e-007, 2.46671874038e-007, 1.19964127521e-007, 6.97207624967e-008, 5.32435997513e-008, 2.08309156591e-008, 3.15533377204e-008, 4.38993410512e-008, 8.94210714364e-008, 2.73372762649e-007, 2.93557235409e-007, 3.43417838167e-007, 1.89461417222e-007, 4.0004564994e-008, 5.99382987687e-009, 1.51978735152e-010, 4.89755735966e-011, 2.23935574944e-011, 2.31302522573e-014, 2.95712958934e-019]
        max: [7.77632885729e-006, 0.00122144096531, 0.00430325418711, 0.00455907778814, 0.00628669792786, 0.00889921374619, 0.0100901667029, 0.00469584809616, 0.00590043701231, 0.00554655119777, 0.00383306993172, 0.00366953434423, 0.00214018044062, 0.00222637620755, 0.0032273910474, 0.00501786032692, 0.00753443548456, 0.00621585920453, 0.00642812578008, 0.00569749809802, 0.00188276660629, 0.000764586322475, 0.000194450738491, 9.90087210084e-005, 6.08256814303e-005, 2.24546170102e-006, 3.69214747664e-009]
        mean: [1.0315570762e-006, 0.000168202052009, 0.000334282667609, 0.00028669796302, 0.000355218944605, 0.000271148717729, 0.000178327201866, 0.000154076362378, 0.000275120546576, 0.0002020165266, 0.000119745134725, 0.000111889632535, 9.22356412048e-005, 0.000115499511594, 0.00018047328922, 0.00029719658778, 0.000501318310853, 0.000539484375622, 0.000617866462562, 0.00045673258137, 0.000224823510507, 7.88499673945e-005, 1.25232627397e-005, 6.07943547948e-006, 3.78982576876e-006, 1.17642315445e-007, 4.07449018969e-010]
        median: [3.92744368582e-007, 0.000122677040054, 0.00016723589215, 0.000111050758278, 0.000171043648152, 0.000106525076262, 9.24900377868e-005, 7.42858464946e-005, 0.000138138973853, 7.3802206316e-005, 4.73784566566e-005, 4.76783534396e-005, 4.76978348161e-005, 6.92641187925e-005, 0.000120558899653, 0.000232880862313, 0.00041198625695, 0.000449721585028, 0.00043854105752, 0.000361792481272, 0.000173413514858, 5.82038410357e-005, 9.70161727309e-006, 4.24525478593e-006, 2.71685917141e-006, 8.7480728439e-008, 2.94529733935e-010]
        min: [1.38814749086e-024, 3.30447187044e-024, 3.38797614992e-024, 3.5445196801e-024, 3.57564174165e-023, 1.61499296386e-023, 2.97243767275e-023, 2.55099693829e-023, 1.99648877975e-023, 1.46190566996e-023, 1.50624485931e-023, 3.68543066927e-023, 4.70343736588e-023, 4.30423272708e-023, 5.14853603889e-023, 8.69639883262e-023, 9.21524211632e-023, 1.20581011812e-022, 2.13270603076e-022, 2.37371729991e-022, 3.16901833934e-022, 4.00910648335e-022, 4.43062755541e-022, 6.6883691756e-022, 1.01048805702e-021, 1.55657326999e-021, 2.05299260816e-021]
        var: [1.56372321775e-012, 2.56989771685e-008, 1.88028309367e-007, 2.97458512932e-007, 3.14175025551e-007, 2.81081184994e-007, 1.17308069036e-007, 8.39589446855e-008, 2.13521829551e-007, 1.77172282179e-007, 5.65969955346e-008, 3.60701513102e-008, 1.73240941592e-008, 2.33025261309e-008, 4.7300861894e-008, 7.02996700852e-008, 1.63341439929e-007, 1.66544907643e-007, 3.28898664748e-007, 1.36286061547e-007, 3.22417292864e-008, 5.33286659277e-009, 1.52410140064e-010, 5.25952024988e-011, 1.96991537665e-011, 1.74680114937e-014, 1.36959525195e-019]
    frequency_bands:
        dmean: [9.30442467961e-007, 0.000126530634589, 0.00032552468474, 0.000294933706755, 0.000288225157419, 0.000182547737495, 0.000124112819321, 0.000101986661321, 0.000161882271641, 0.00011404012912, 7.33008128009e-005, 6.85081322445e-005, 5.42486450286e-005, 6.38676647213e-005, 9.29136222112e-005, 0.000146161182784, 0.000243862144998, 0.000290402473183, 0.000288081675535, 0.000227149692364, 0.000105227642052, 3.96747636842e-005, 5.99759459874e-006, 2.82491146208e-006, 1.66454742612e-006, 5.63455948566e-008, 2.76742573302e-010, 6.46744879873e-011]
        dmean2: [1.40836857554e-006, 0.000218438493903, 0.000565823342185, 0.000507134245709, 0.000481026916532, 0.000300316285575, 0.000204369527637, 0.000165653007571, 0.00026305753272, 0.000174334127223, 0.000119528442156, 0.000111513414595, 8.82688545971e-005, 0.000105224287836, 0.000150804859004, 0.000239808781771, 0.000407403073041, 0.000499030342326, 0.000482009898406, 0.00039102541632, 0.000180780669325, 6.92136745784e-005, 1.02606027212e-005, 4.73936734124e-006, 2.73538535112e-006, 9.30091061946e-008, 4.86379048148e-010, 1.2010940853e-010]
        dvar: [1.07024751474e-012, 2.08570192228e-008, 1.86576841088e-007, 3.41952244298e-007, 3.52131706904e-007, 2.07522944606e-007, 1.19416654343e-007, 4.6246380947e-008, 1.00375075363e-007, 5.73324783204e-008, 2.70599045393e-008, 2.12910151731e-008, 8.31302937598e-009, 1.20204965981e-008, 1.77767045528e-008, 3.57977967269e-008, 1.01267502828e-007, 1.09071621068e-007, 1.33255454671e-007, 7.11217182925e-008, 1.52407597653e-008, 2.25773910678e-009, 6.34918714826e-011, 2.14355894146e-011, 9.33694527944e-012, 9.93834599035e-015, 1.00332478196e-019, 7.08334064795e-021]
        dvar2: [2.32781220515e-012, 5.66336453289e-008, 4.92530375595e-007, 9.06677485091e-007, 9.42195526932e-007, 5.1776055443e-007, 3.15063971357e-007, 1.09857424491e-007, 2.46671874038e-007, 1.19964127521e-007, 6.97207624967e-008, 5.32435997513e-008, 2.08309156591e-008, 3.15533377204e-008, 4.38993410512e-008, 8.94210714364e-008, 2.73372762649e-007, 2.93557235409e-007, 3.43417838167e-007, 1.89461417222e-007, 4.0004564994e-008, 5.99382987687e-009, 1.51978735152e-010, 4.89755735966e-011, 2.23935574944e-011, 2.31302522573e-014, 2.95712958934e-019, 2.2095360948e-020]
        max: [7.77632885729e-006, 0.00122144096531, 0.00430325418711, 0.00455907778814, 0.00628669792786, 0.00889921374619, 0.0100901667029, 0.00469584809616, 0.00590043701231, 0.00554655119777, 0.00383306993172, 0.00366953434423, 0.00214018044062, 0.00222637620755, 0.0032273910474, 0.00501786032692, 0.00753443548456, 0.00621585920453, 0.00642812578008, 0.00569749809802, 0.00188276660629, 0.000764586322475, 0.000194450738491, 9.90087210084e-005, 6.08256814303e-005, 2.24546170102e-006, 3.69214747664e-009, 1.02009678482e-009]
        mean: [1.0315570762e-006, 0.000168202052009, 0.000334282667609, 0.00028669796302, 0.000355218944605, 0.000271148717729, 0.000178327201866, 0.000154076362378, 0.000275120546576, 0.0002020165266, 0.000119745134725, 0.000111889632535, 9.22356412048e-005, 0.000115499511594, 0.00018047328922, 0.00029719658778, 0.000501318310853, 0.000539484375622, 0.000617866462562, 0.00045673258137, 0.000224823510507, 7.88499673945e-005, 1.25232627397e-005, 6.07943547948e-006, 3.78982576876e-006, 1.17642315445e-007, 4.07449018969e-010, 5.11966684325e-011]
        median: [3.92744368582e-007, 0.000122677040054, 0.00016723589215, 0.000111050758278, 0.000171043648152, 0.000106525076262, 9.24900377868e-005, 7.42858464946e-005, 0.000138138973853, 7.3802206316e-005, 4.73784566566e-005, 4.76783534396e-005, 4.76978348161e-005, 6.92641187925e-005, 0.000120558899653, 0.000232880862313, 0.00041198625695, 0.000449721585028, 0.00043854105752, 0.000361792481272, 0.000173413514858, 5.82038410357e-005, 9.70161727309e-006, 4.24525478593e-006, 2.71685917141e-006, 8.7480728439e-008, 2.94529733935e-010, 2.12759202617e-011]
        min: [1.38814749086e-024, 3.30447187044e-024, 3.38797614992e-024, 3.5445196801e-024, 3.57564174165e-023, 1.61499296386e-023, 2.97243767275e-023, 2.55099693829e-023, 1.99648877975e-023, 1.46190566996e-023, 1.50624485931e-023, 3.68543066927e-023, 4.70343736588e-023, 4.30423272708e-023, 5.14853603889e-023, 8.69639883262e-023, 9.21524211632e-023, 1.20581011812e-022, 2.13270603076e-022, 2.37371729991e-022, 3.16901833934e-022, 4.00910648335e-022, 4.43062755541e-022, 6.6883691756e-022, 1.01048805702e-021, 1.55657326999e-021, 2.05299260816e-021, 5.15426468368e-022]
        var: [1.56372321775e-012, 2.56989771685e-008, 1.88028309367e-007, 2.97458512932e-007, 3.14175025551e-007, 2.81081184994e-007, 1.17308069036e-007, 8.39589446855e-008, 2.13521829551e-007, 1.77172282179e-007, 5.65969955346e-008, 3.60701513102e-008, 1.73240941592e-008, 2.33025261309e-008, 4.7300861894e-008, 7.02996700852e-008, 1.63341439929e-007, 1.66544907643e-007, 3.28898664748e-007, 1.36286061547e-007, 3.22417292864e-008, 5.33286659277e-009, 1.52410140064e-010, 5.25952024988e-011, 1.96991537665e-011, 1.74680114937e-014, 1.36959525195e-019, 6.06727770461e-021]
    mfcc:
        mean: [-682.199829102, 89.0325241089, -46.4240074158, 55.6878814697, -8.07244586945, -5.73695611954, 0.496883660555, 1.36885845661, 6.96480321884, -2.55346465111, -0.667878210545, -3.03331542015, -2.81291723251]
        cov: [[4815.65332031, 739.503295898, -458.571411133, 340.208648682, -132.771118164, -50.6390647888, -56.6881561279, 1.55398857594, 12.5943899155, -42.5033416748, 1.42210888863, -27.5465373993, -16.5307426453], [739.503295898, 436.678131104, -60.2133293152, 83.4378204346, 2.49704194069, -19.2962284088, 10.2681779861, 19.1960296631, 25.7048339844, -13.9916534424, -11.966427803, 12.2351341248, 1.09190571308], [-458.571411133, -60.2133293152, 350.393188477, -18.8455715179, 98.3082351685, 8.06662368774, -8.34410667419, -13.8450393677, -32.9763336182, -1.44863343239, -26.7932853699, 2.50574636459, -12.9550228119], [340.208648682, 83.4378204346, -18.8455715179, 252.791168213, 55.0878295898, 24.1307735443, 0.685708105564, -28.6997756958, -2.81433439255, -9.49087238312, -2.41917586327, -23.4712810516, -8.3643989563], [-132.771118164, 2.49704194069, 98.3082351685, 55.0878295898, 144.940597534, 21.2924423218, -17.0685386658, -32.9744796753, -10.9165649414, 23.9588336945, -6.45042943954, 4.51650619507, -4.80137825012], [-50.6390647888, -19.2962284088, 8.06662368774, 24.1307735443, 21.2924423218, 91.102394104, 35.1986961365, 8.8788394928, -1.91348099709, -1.75586974621, 6.38577127457, -12.3966341019, -2.35876846313], [-56.6881561279, 10.2681779861, -8.34410667419, 0.685708105564, -17.0685386658, 35.1986961365, 101.503288269, 55.6192779541, 21.3374080658, -8.75906276703, -1.55097067356, 0.963527619839, -3.62922286987], [1.55398857594, 19.1960296631, -13.8450393677, -28.6997756958, -32.9744796753, 8.8788394928, 55.6192779541, 91.4791870117, 43.3842773438, -2.76690459251, -1.48437392712, 2.71264576912, -0.56766462326], [12.5943899155, 25.7048339844, -32.9763336182, -2.81433439255, -10.9165649414, -1.91348099709, 21.3374080658, 43.3842773438, 79.0467681885, 30.7929782867, 7.34154415131, 1.98580598831, -5.10100841522], [-42.5033416748, -13.9916534424, -1.44863343239, -9.49087238312, 23.9588336945, -1.75586974621, -8.75906276703, -2.76690459251, 30.7929782867, 70.591217041, 30.4386348724, 9.98909282684, 1.13072288036], [1.42210888863, -11.966427803, -26.7932853699, -2.41917586327, -6.45042943954, 6.38577127457, -1.55097067356, -1.48437392712, 7.34154415131, 30.4386348724, 63.8625602722, 26.2162799835, 11.1816968918], [-27.5465373993, 12.2351341248, 2.50574636459, -23.4712810516, 4.51650619507, -12.3966341019, 0.963527619839, 2.71264576912, 1.98580598831, 9.98909282684, 26.2162799835, 60.9292182922, 27.414806366], [-16.5307426453, 1.09190571308, -12.9550228119, -8.3643989563, -4.80137825012, -2.35876846313, -3.62922286987, -0.56766462326, -5.10100841522, 1.13072288036, 11.1816968918, 27.414806366, 56.7289085388]]
        icov: [[0.000355280149961, -0.000513488834258, 0.000314393895678, -0.000390991015593, 0.000341968756402, -5.21597721672e-005, 0.000422567070927, -0.000307131092995, 0.000426873681135, -0.000237141313846, 0.000100169963844, -4.81131355627e-005, 0.000224911811529], [-0.000513488834258, 0.00347494031303, 2.30910136452e-005, -0.000470553757623, -0.000767889025155, 0.000740018498618, -0.000533017038833, -0.000189625818166, -0.00130648829509, 0.000971490691882, 0.000710610940587, -0.00131339125801, 6.95847302268e-006], [0.000314393895678, 2.30910136452e-005, 0.00438469275832, 0.000303429493215, -0.0027871131897, 0.000195343935047, 0.000421984033892, -0.00150737224612, 0.00216521276161, -0.000229035300435, 0.0015205150703, -0.000863549415953, 0.00123824307229], [-0.000390991015593, -0.000470553757623, 0.000303429493215, 0.00606749532744, -0.00327577162534, -0.000223665920203, -0.00160041276831, 0.00281204748899, -0.00210146396421, 0.00301012513228, -0.00241959490813, 0.00335992104374, -0.000897514924873], [0.000341968756402, -0.000767889025155, -0.0027871131897, -0.00327577162534, 0.0133183598518, -0.00389662897214, 0.00174130708911, 0.00213842652738, 0.00148408219684, -0.00700979400426, 0.00515045784414, -0.00455489708111, 0.00155212625396], [-5.21597721672e-005, 0.000740018498618, 0.000195343935047, -0.000223665920203, -0.00389662897214, 0.0157361142337, -0.00654327915981, 0.000338355777785, 0.000636608863715, 0.00210834876634, -0.00511513324454, 0.00605114735663, -0.00200935429893], [0.000422567070927, -0.000533017038833, 0.000421984033892, -0.00160041276831, 0.00174130708911, -0.00654327915981, 0.0185659062117, -0.0107672763988, 0.00119230523705, 0.000224836432608, 0.00183276215103, -0.00355937518179, 0.00241068960167], [-0.000307131092995, -0.000189625818166, -0.00150737224612, 0.00281204748899, 0.00213842652738, 0.000338355777785, -0.0107672763988, 0.0252233669162, -0.013082344085, 0.00511603197083, -0.00100842025131, 0.000798568595201, -0.00172230810858], [0.000426873681135, -0.00130648829509, 0.00216521276161, -0.00210146396421, 0.00148408219684, 0.000636608863715, 0.00119230523705, -0.013082344085, 0.0262935906649, -0.0142265511677, 0.0042622811161, -0.00156694685575, 0.0029965697322], [-0.000237141313846, 0.000971490691882, -0.000229035300435, 0.00301012513228, -0.00700979400426, 0.00210834876634, 0.000224836432608, 0.00511603197083, -0.0142265511677, 0.0290816761553, -0.0142202014104, 0.00387825304642, -0.00106651464012], [0.000100169963844, 0.000710610940587, 0.0015205150703, -0.00241959490813, 0.00515045784414, -0.00511513324454, 0.00183276215103, -0.00100842025131, 0.0042622811161, -0.0142202014104, 0.0289300009608, -0.0135959386826, 0.00187113299035], [-4.81131355627e-005, -0.00131339125801, -0.000863549415953, 0.00335992104374, -0.00455489708111, 0.00605114735663, -0.00355937518179, 0.000798568595201, -0.00156694685575, 0.00387825304642, -0.0135959386826, 0.0303508359939, -0.012249850668], [0.000224911811529, 6.95847302268e-006, 0.00123824307229, -0.000897514924873, 0.00155212625396, -0.00200935429893, 0.00241068960167, -0.00172230810858, 0.0029965697322, -0.00106651464012, 0.00187113299035, -0.012249850668, 0.0238701030612]]
    sccoeffs:
        dmean: [0.0681745558977, 0.048676662147, 0.0387435741723, 0.0291491243988, 0.0205188747495, 0.0173788294196]
        dmean2: [0.111169144511, 0.0810406729579, 0.0641434341669, 0.0486117005348, 0.0341298095882, 0.0285865906626]
        dvar: [0.00294463080354, 0.00155854166951, 0.000958849792369, 0.000537959567737, 0.000299997162074, 0.00020863401005]
        dvar2: [0.00750716403127, 0.00417270557955, 0.00263214227743, 0.00145169266034, 0.000811847741716, 0.000535878643859]
        max: [-0.402322858572, -0.485659241676, -0.445986837149, -0.542616069317, -0.557844817638, -0.545310556889]
        mean: [-0.676034808159, -0.771809279919, -0.781819760799, -0.794112622738, -0.792411208153, -0.755801677704]
        median: [-0.684038877487, -0.780881106853, -0.788024008274, -0.797276616096, -0.795759320259, -0.756968021393]
        min: [-0.972589373589, -0.991134822369, -0.987627804279, -0.975913167, -0.977736830711, -0.963005661964]
        var: [0.00564296031371, 0.00453756097704, 0.00333501724526, 0.00183478393592, 0.00107988878153, 0.00137329637073]
    scvalleys:
        dmean: [0.374327152967, 0.344621598721, 0.302127361298, 0.259120076895, 0.255116999149, 0.236509755254]
        dmean2: [0.625895142555, 0.570192158222, 0.491441011429, 0.41859087348, 0.421730041504, 0.393569141626]
        dvar: [0.102725453675, 0.0953155532479, 0.0766405537724, 0.0673252418637, 0.0783412605524, 0.0814992040396]
        dvar2: [0.256228268147, 0.224160656333, 0.168086051941, 0.139474585652, 0.168773159385, 0.176384136081]
        max: [-5.3338971138, -5.04463577271, -5.0272436142, -5.6644320488, -5.49552106857, -7.66332864761]
        mean: [-6.74985027313, -6.53839206696, -6.88220357895, -7.0143122673, -6.65559101105, -9.22660923004]
        median: [-6.49989271164, -6.3467912674, -6.73634243011, -6.83427095413, -6.47148895264, -9.05005264282]
        min: [-28.1202049255, -27.6350822449, -27.5156707764, -27.549955368, -27.3627185822, -27.3540267944]
        var: [2.68223333359, 1.94697082043, 1.93137967587, 1.68291044235, 1.63950693607, 1.52992725372]

rhythm:
    beats_loudness:
        dmean: 0.00197029742412
        dmean2: 0.00364100001752
        dvar: 2.26188035413e-006
        dvar2: 6.91757622917e-006
        max: 0.0122589459643
        mean: 0.00660328613594
        median: 0.00659839436412
        min: 8.98867352078e-012
        var: 3.93990012526e-006
    bpm: 151.909301758
    bpm_confidence: 0
    first_peak_bpm: 152
    first_peak_spread: 0.0549682602286
    first_peak_weight: 0.878192543983
    onset_rate: 2.92686748505
    second_peak_bpm: 157
    second_peak_spread: 0.0625000447035
    second_peak_weight: 0.0294695477933
    beats_loudness_band_ratio:
        dmean: [0.149224296212, 0.0810306444764, 0.0813301205635, 0.0514182858169, 0.0975977405906, 0.0744781941175]
        dmean2: [0.259105414152, 0.143575906754, 0.141123339534, 0.0917597413063, 0.168804511428, 0.130506247282]
        dvar: [0.0116372574121, 0.00934708025306, 0.00772250955924, 0.00329439877532, 0.00727804843336, 0.00480376183987]
        dvar2: [0.0357931405306, 0.0277397930622, 0.0208483338356, 0.00992468278855, 0.0196274034679, 0.013246493414]
        max: [0.694503724575, 0.556190907955, 0.61683434248, 0.360146909952, 0.648358464241, 0.829569160938]
        mean: [0.299988329411, 0.101063266397, 0.123847797513, 0.0759145915508, 0.249331116676, 0.183582827449]
        median: [0.293263554573, 0.0659116357565, 0.0937624871731, 0.060002554208, 0.228828623891, 0.155846759677]
        min: [0, 0, 0, 0, 0, 0]
        var: [0.0274559240788, 0.00994316022843, 0.00959857739508, 0.0034384294413, 0.0107465460896, 0.01102375146]
    beats_position: [0.359909296036, 0.731428563595, 1.11455774307, 1.50929701328, 1.90403628349, 2.29877543449, 2.69351458549, 3.08825397491, 3.48299312592, 3.87773227692, 4.27247142792, 4.66721057892, 5.06195020676, 5.45668935776, 5.85142850876, 6.24616765976, 6.64090681076, 7.03564596176, 7.4303855896, 7.8251247406, 8.2198638916, 8.6146030426, 9.0093421936, 9.4040813446, 9.79882049561, 10.1935596466, 10.5882987976, 10.9830379486, 11.3777770996, 11.7725172043, 12.1672563553, 12.5619955063, 12.9567346573, 13.3514738083, 13.7462129593, 14.1409521103, 14.5356912613, 14.9304304123, 15.3251695633, 15.7199087143, 16.114648819, 16.50938797, 16.904127121, 17.298866272, 17.693605423, 18.088344574, 18.483083725, 18.877822876, 19.272562027, 19.667301178, 20.062040329, 20.45677948, 20.851518631, 21.246257782, 21.640996933, 22.0241260529, 22.430475235, 22.825214386, 23.219953537, 23.614692688, 24.009431839, 24.40417099, 24.7989120483, 25.1936511993, 25.5883903503, 25.9831295013, 26.3778686523, 26.7726078033, 27.1673469543, 27.5620861053, 27.9568252563, 28.3515644073, 28.7463035583, 29.1410427094, 29.5357818604, 29.9305210114, 30.3252601624, 30.7199993134, 31.1147384644, 31.5094776154, 31.9042167664, 32.2989578247, 32.6936950684, 33.0884361267, 33.4831733704, 33.8779144287, 34.2726516724, 34.6673927307, 35.0621299744, 35.4568710327, 35.8516082764, 36.2463493347, 36.6410865784, 37.0358276367, 37.4305648804, 37.8369140625, 38.2316551208, 38.6263923645, 39.0095214844, 39.4042625427, 39.7989997864, 40.1937408447, 40.5884780884, 40.9832191467, 41.3779602051, 41.7726974487, 42.1674385071, 42.5621757507, 42.9569168091, 43.3516540527, 43.7463951111, 44.1411323547, 44.5358734131, 44.9422225952, 45.3369598389, 45.7317008972, 46.1148300171, 46.5095672607, 46.9043083191, 47.2990455627, 47.6937866211, 48.0885238647, 48.4832649231, 48.8780021667, 49.2727432251, 49.6674804688, 50.0622215271, 50.4569587708, 50.8516998291, 51.2464370728, 51.6411781311, 52.0359191895, 52.4306564331, 52.8253974915, 53.2201347351, 53.6148757935, 54.0096130371, 54.4043540955, 54.7990913391, 55.1938323975, 55.5885696411, 55.9833106995, 56.3780479431, 56.7727890015, 57.1675262451, 57.5622673035, 57.9570045471, 58.3517456055, 58.7464828491, 59.1412239075, 59.5359611511, 59.9307022095, 60.3254394531, 60.7201805115, 61.1149177551, 61.5096588135, 61.9043960571, 62.2991371155, 62.6938781738, 63.0886154175, 63.4833564758, 63.8780937195, 64.2728347778, 64.6675720215, 65.0623092651, 65.4570541382, 65.8517913818, 66.2465286255, 66.6412658691, 67.0360107422, 67.4307479858, 67.8254852295, 68.2202224731, 68.6149673462, 69.0097045898, 69.4044418335, 69.7991790771, 70.1939239502, 70.5886611938, 70.9833984375, 71.3781356812, 71.7728805542, 72.1676177979, 72.5623550415, 72.9570999146, 73.3518371582, 73.7465744019, 74.1413116455, 74.5360565186, 74.9307937622, 75.3255310059, 75.7202682495, 76.1150131226, 76.5097503662, 76.9044876099, 77.2992248535, 77.6939697266, 78.0887069702, 78.4834442139, 78.8665771484, 79.2497024536, 79.6560516357, 80.0624008179, 80.4571380615, 80.8518829346, 81.2466201782, 81.6413574219, 82.0360946655, 82.4308395386, 82.8255767822, 83.2203140259, 83.6150588989, 84.0097961426, 84.4045333862, 84.7992706299, 85.1940155029, 85.5887527466, 85.9834899902, 86.3782272339, 86.7729721069, 87.1677093506, 87.5624465942, 87.9571838379, 88.3519287109, 88.7466659546, 89.1414031982, 89.5361404419, 89.9308853149, 90.3256225586, 90.7203598022, 91.1150970459, 91.5098419189, 91.9045791626, 92.2993164063, 92.6940536499, 93.0887985229, 93.4835357666, 93.8782730103, 94.2730178833, 94.6793670654, 95.0741043091, 95.4688415527, 95.8519744873, 96.246711731, 96.6414489746, 97.0361862183, 97.4309310913, 97.825668335, 98.2204055786, 98.6151428223, 99.0098876953, 99.404624939, 99.7993621826, 100.194099426, 100.588844299, 100.983581543, 101.378318787, 101.77305603, 102.167800903, 102.562538147, 102.957275391, 103.352012634, 103.746757507, 104.141494751, 104.536231995, 104.930976868, 105.325714111, 105.720451355, 106.115188599, 106.509933472, 106.904670715, 107.299407959, 107.694145203, 108.088890076, 108.483627319, 108.878364563, 109.273101807, 109.66784668, 110.062583923, 110.457321167, 110.852058411, 111.246803284, 111.641540527, 112.036277771, 112.431015015, 112.825759888, 113.220497131, 113.615234375, 114.009971619, 114.404716492, 114.799453735, 115.194190979, 115.588935852, 115.983673096, 116.378410339, 116.773147583, 117.167892456, 117.585845947, 118.003807068, 118.421768188, 118.828117371, 119.234466553, 119.640815735, 120.047164917, 120.465126038, 120.883079529, 121.301040649, 121.707389832, 122.102127075, 122.496871948, 122.90322113, 123.297958374, 123.692695618, 124.087432861, 124.482177734, 124.876914978, 125.271652222, 125.666389465, 126.0495224, 126.432647705, 126.827392578, 127.222129822, 127.616867065, 128.023223877, 128.42956543, 128.824310303, 129.219039917, 129.61378479, 130.008529663, 130.403259277, 130.79800415, 131.192733765, 131.587478638, 131.982223511, 132.376953125, 132.771697998, 133.166442871, 133.561172485, 133.955917358, 134.350662231, 134.733779907, 135.116912842, 135.511657715, 135.906387329, 136.301132202, 136.695877075, 137.090606689, 137.485351563, 137.880081177, 138.27482605, 138.681182861, 139.075912476, 139.470657349, 139.865386963, 140.271743774, 140.666488647, 141.061218262, 141.455963135, 141.850692749, 142.245437622, 142.640182495, 143.034912109, 143.429656982, 143.824401855, 144.242355347, 144.683532715, 145.113098145, 145.542678833, 145.960632324, 146.366973877, 146.773330688, 147.168075562, 147.562805176, 147.957550049, 148.352294922, 148.747024536, 149.141769409, 149.536499023, 149.931243896, 150.32598877, 150.720718384, 151.115463257, 151.51020813, 151.904937744, 152.299682617, 152.694412231, 153.089157104, 153.483901978, 153.878631592, 154.273376465, 154.668121338, 155.062850952, 155.457595825, 155.852325439, 156.247070313, 156.641815186, 157.0365448, 157.431289673, 157.826034546, 158.22076416, 158.615509033, 159.010253906, 159.404983521, 159.799728394, 160.194458008, 160.589202881, 160.983947754, 161.378677368, 161.773422241, 162.168167114, 162.562896729, 162.957641602, 163.352371216, 163.747116089, 164.141860962, 164.536590576, 164.931335449, 165.326080322, 165.720809937, 166.11555481, 166.510284424, 166.905029297, 167.29977417, 167.694503784, 168.089248657, 168.48399353, 168.878723145, 169.285079956, 169.67980957, 170.062942505, 170.457687378, 170.852416992, 171.247161865, 171.641906738, 172.036636353, 172.431381226, 172.826126099, 173.220855713, 173.615600586, 174.0103302, 174.405075073, 174.811431885, 175.206161499, 175.589294434, 175.984039307, 176.378768921, 176.773513794, 177.168243408, 177.562988281, 177.957733154, 178.352462769, 178.747207642, 179.141952515, 179.52507019, 179.931427002, 180.326171875, 180.720901489, 181.115646362, 181.510375977, 181.90512085, 182.299865723, 182.694595337, 183.08934021, 183.484085083, 183.878814697, 184.27355957, 184.668289185, 185.063034058, 185.457778931, 185.852508545, 186.247253418, 186.641998291, 187.036727905, 187.431472778, 187.826202393, 188.220947266, 188.615692139, 189.010421753, 189.405166626, 189.799911499, 190.194641113, 190.589385986, 190.984130859, 191.378860474, 191.773605347, 192.168334961, 192.563079834, 192.957824707, 193.352554321, 193.747299194, 194.142044067, 194.536773682, 194.931518555, 195.326248169, 195.720993042, 196.104125977, 196.510467529, 196.916824341, 197.323165894, 197.729522705, 198.135864258, 198.553833008, 198.971786499, 199.412963867, 199.854141235, 200.295318604, 200.73651123, 201.177688599, 201.630477905, 202.083267212]
