
metadata:
    version:
        essentia: "2.1-beta2"
    audio_properties:
        analysis_sample_rate: 44100
        bitrate: 272
        channels: 2
        equal_loudness: 1
        length: 236.56489563
        replay_gain: -15.655257225
        downmix: "mix"
    tags:
        album: "American Capitalist"
        artist: "Five Finger Death Punch"
        comment: ""
        date: "2011"
        genre: "Metal"
        title: "If I Fall"
        tracknumber: "10"

configuration:
    average_loudness:
        compute: 1
        frameSize: 88200
        hopSize: 44100
        silentFrames: "noise"
        windowType: "hann"
    general:
        analysisSampleRate: 44100
        endTime: 2000
        equalLoudness: 1
        nequalLoudness: 0
        shortSound: 0
        startTime: 0
    lowlevel:
        compute: 1
        frameSize: 2048
        hopSize: 1024
        zeroPadding: 0
        silentFrames: "noise"
        windowType: "blackmanharris62"
        mfccStats: ["mean", "cov", "icov"]
        stats: ["mean", "var", "median", "min", "max", "dmean", "dmean2", "dvar", "dvar2"]
    panning:
        compute: 0
        frameSize: 8192
        hopSize: 2048
        zeroPadding: 8192
        silentFrames: "noise"
        windowType: "hann"
        stats: ["copy"]
    rhythm:
        compute: 1
        maxTempo: 208
        minTempo: 40
        method: "degara"
        stats: ["mean", "var", "median", "min", "max", "dmean", "dmean2", "dvar", "dvar2"]
    segmentation:
        compute: 0
        cpw: 5
        inc1: 300
        inc2: 50
        minimumSegmentsLength: 10
        size1: 1000
        size2: 600
    sfx:
        compute: 1
        stats: ["mean", "var", "median", "min", "max", "dmean", "dmean2", "dvar", "dvar2"]
    svm:
        compute: 0
    tonal:
        compute: 1
        frameSize: 4096
        hopSize: 2048
        zeroPadding: 0
        silentFrames: "noise"
        windowType: "blackmanharris62"
        stats: ["mean", "var", "median", "min", "max", "dmean", "dmean2", "dvar", "dvar2"]

lowlevel:
    average_loudness: 0.874952435493
    barkbands_kurtosis:
        dmean: 0.558283388615
        dmean2: 0.938683927059
        dvar: 0.512759804726
        dvar2: 1.32184433937
        max: 12.8673353195
        mean: -0.691769480705
        median: -1.01913464069
        min: -1.80767679214
        var: 1.20610702038
    barkbands_skewness:
        dmean: 0.428219825029
        dmean2: 0.709027469158
        dvar: 0.163182169199
        dvar2: 0.452415019274
        max: 3.57563233376
        mean: 0.246849939227
        median: 0.186480566859
        min: -2.02664446831
        var: 0.444834321737
    barkbands_spread:
        dmean: 5.54498434067
        dmean2: 9.12452220917
        dvar: 24.557100296
        dvar2: 65.8396148682
        max: 75.0758209229
        mean: 31.6805744171
        median: 31.8332271576
        min: 1.89559078217
        var: 108.66217041
    dissonance:
        dmean: 0.0138772707433
        dmean2: 0.0236325021833
        dvar: 0.000172803673195
        dvar2: 0.000472910964163
        max: 0.500000119209
        mean: 0.476482331753
        median: 0.481927067041
        min: 0.330024242401
        var: 0.000364560517482
    hfc:
        dmean: 2.53578925133
        dmean2: 4.2802028656
        dvar: 10.0104055405
        dvar2: 26.2760066986
        max: 33.2931137085
        mean: 7.51295185089
        median: 7.3101644516
        min: 1.16546002835e-016
        var: 28.2994365692
    pitch:
        dmean: 665.720581055
        dmean2: 1270.80236816
        dvar: 1289452.75
        dvar2: 3374373
        max: 4622.03710938
        mean: 718.313903809
        median: 293.146209717
        min: 54.9989242554
        var: 1136535.125
    pitch_instantaneous_confidence:
        dmean: 0.0780684575438
        dmean2: 0.127747133374
        dvar: 0.00458259135485
        dvar2: 0.0113100083545
        max: 0.843296527863
        mean: 0.349852979183
        median: 0.318670868874
        min: 0.0931247472763
        var: 0.019216503948
    pitch_salience:
        dmean: 0.0734420642257
        dmean2: 0.124825373292
        dvar: 0.00418116897345
        dvar2: 0.0118833845481
        max: 0.993403494358
        mean: 0.632006347179
        median: 0.640595376492
        min: 0.227713420987
        var: 0.00803097523749
    silence_rate_20dB:
        dmean: 0
        dmean2: 0
        dvar: 0
        dvar2: 0
        max: 1
        mean: 1
        median: 1
        min: 1
        var: 0
    silence_rate_30dB:
        dmean: 0
        dmean2: 0
        dvar: 0
        dvar2: 0
        max: 1
        mean: 1
        median: 1
        min: 1
        var: 0
    silence_rate_60dB:
        dmean: 0.0832351818681
        dmean2: 0.166486695409
        dvar: 0.0763231739402
        dvar2: 0.172333702445
        max: 1
        mean: 0.312591999769
        median: 0
        min: 0
        var: 0.214855089784
    spectral_centroid:
        dmean: 332.252990723
        dmean2: 557.044799805
        dvar: 121320.054688
        dvar2: 326563.5625
        max: 11161.0429688
        mean: 1491.85351563
        median: 1497.09350586
        min: 335.609344482
        var: 282006.40625
    spectral_complexity:
        dmean: 4.38829994202
        dmean2: 7.26023340225
        dvar: 21.2292633057
        dvar2: 53.846660614
        max: 49
        mean: 15.2893314362
        median: 16
        min: 0
        var: 85.9232177734
    spectral_crest:
        dmean: 2.14105558395
        dmean2: 3.55585861206
        dvar: 3.93043255806
        dvar2: 10.3638877869
        max: 22.5253562927
        mean: 6.81415176392
        median: 5.99736070633
        min: 2.21323537827
        var: 9.60820007324
    spectral_decrease:
        dmean: 2.92099955335e-010
        dmean2: 4.59133397968e-010
        dvar: 1.25753063202e-019
        dvar2: 3.06769597839e-019
        max: 6.63297314528e-029
        mean: -1.06100528363e-009
        median: -1.05514952331e-009
        min: -3.76748099384e-009
        var: 4.66695301602e-019
    spectral_energy:
        dmean: 0.00127395102754
        dmean2: 0.00199495069683
        dvar: 2.2366932626e-006
        dvar2: 5.41694089407e-006
        max: 0.0152433272451
        mean: 0.00468591786921
        median: 0.00471037672833
        min: 1.04145536867e-020
        var: 8.99997849046e-006
    spectral_energyband_high:
        dmean: 0.000188150006579
        dmean2: 0.00033443942084
        dvar: 7.47348352093e-008
        dvar2: 2.03874733984e-007
        max: 0.00284816673957
        mean: 0.000335001008352
        median: 0.000258675601799
        min: 7.50631832327e-021
        var: 1.02128055346e-007
    spectral_energyband_low:
        dmean: 0.000431990047218
        dmean2: 0.000753141473979
        dvar: 2.80053370716e-007
        dvar2: 7.78233243182e-007
        max: 0.00428554136306
        mean: 0.000596451514866
        median: 0.000420929194661
        min: 2.932713793e-023
        var: 3.3692461443e-007
    spectral_energyband_middle_high:
        dmean: 0.00064399256371
        dmean2: 0.0010458251927
        dvar: 5.40174653452e-007
        dvar2: 1.35660900469e-006
        max: 0.00928551517427
        mean: 0.00211052992381
        median: 0.00204249634407
        min: 1.43789122939e-021
        var: 2.25277676691e-006
    spectral_energyband_middle_low:
        dmean: 0.000810555298813
        dmean2: 0.00131334806792
        dvar: 1.52297047862e-006
        dvar2: 3.96181803808e-006
        max: 0.0129114957526
        mean: 0.00180561630987
        median: 0.00124127231538
        min: 2.20050136804e-022
        var: 3.16079899676e-006
    spectral_flatness_db:
        dmean: 0.0151554597542
        dmean2: 0.0244298838079
        dvar: 0.000193554893485
        dvar2: 0.000486204138724
        max: 0.444013267756
        mean: 0.140281885862
        median: 0.123469948769
        min: 0.0601211041212
        var: 0.00263953977264
    spectral_flux:
        dmean: 0.00778339244425
        dmean2: 0.0120172463357
        dvar: 7.01749086147e-005
        dvar2: 0.000162357682711
        max: 0.103121414781
        mean: 0.0396973863244
        median: 0.0425738841295
        min: 1.0205172124e-010
        var: 0.000370241556084
    spectral_kurtosis:
        dmean: 2.02907919884
        dmean2: 3.45568466187
        dvar: 21.4599094391
        dvar2: 62.4877166748
        max: 96.1957015991
        mean: 5.15991735458
        median: 3.08814406395
        min: -1.17195868492
        var: 52.1643333435
    spectral_rms:
        dmean: 0.000269784824923
        dmean2: 0.000414752605138
        dvar: 8.13800582478e-008
        dvar2: 1.87891984638e-007
        max: 0.00385636347346
        mean: 0.00196911324747
        median: 0.00214370922185
        min: 3.1875602418e-012
        var: 6.94229868259e-007
    spectral_rolloff:
        dmean: 469.474517822
        dmean2: 790.243652344
        dvar: 287644.5625
        dvar2: 702022.625
        max: 19315.2832031
        mean: 2954.27050781
        median: 3186.9140625
        min: 193.798828125
        var: 840918.4375
    spectral_skewness:
        dmean: 0.239039391279
        dmean2: 0.400987058878
        dvar: 0.101681634784
        dvar2: 0.292174845934
        max: 6.46576309204
        mean: 1.55337166786
        median: 1.42542040348
        min: 0.00167649739888
        var: 0.305456250906
    spectral_spread:
        dmean: 447360.96875
        dmean2: 677404.5625
        dvar: 569166331904
        dvar2: 1.12595330662e+012
        max: 50601184
        mean: 4849220
        median: 5040320.5
        min: 603751.875
        var: 3.30176842957e+012
    spectral_strongpeak:
        dmean: 0.317384392023
        dmean2: 0.542401313782
        dvar: 0.22592894733
        dvar2: 0.628661632538
        max: 6.38895273209
        mean: 0.520953536034
        median: 0.224005267024
        min: 0
        var: 0.399843811989
    zerocrossingrate:
        dmean: 0.00863090343773
        dmean2: 0.0112009430304
        dvar: 6.1575199652e-005
        dvar2: 9.6583928098e-005
        max: 0.51318359375
        mean: 0.0866474732757
        median: 0.08984375
        min: 0.01806640625
        var: 0.000607170455623
    barkbands:
        dmean: [5.19968409662e-007, 0.000115389186249, 0.000308120244881, 0.00030954007525, 0.000249393197009, 0.000116647039249, 8.49390271469e-005, 0.00010280173592, 0.00030193751445, 0.000116202587378, 5.23449343746e-005, 8.50315773278e-005, 6.71061789035e-005, 7.78212051955e-005, 7.31340769562e-005, 0.000103771788417, 0.000145604135469, 0.000168890444911, 0.000184936186997, 0.00017561254208, 8.79891085788e-005, 3.82439575333e-005, 7.08570041752e-006, 3.17315266329e-006, 2.09295376408e-006, 6.52692619951e-008, 2.86424245433e-010]
        dmean2: [8.29048417472e-007, 0.000203278163099, 0.000543119385839, 0.000518578279298, 0.00044045355753, 0.00019513440202, 0.000139927258715, 0.000166747980984, 0.000456491514342, 0.000184442906175, 8.56549086166e-005, 0.000139164709253, 0.000111191686301, 0.000125061153085, 0.000117718009278, 0.000170364030055, 0.00024287609267, 0.000293359509669, 0.000308649294311, 0.000306458183331, 0.000154983397806, 6.70880763209e-005, 1.23026138681e-005, 5.30515308128e-006, 3.34307264893e-006, 1.06367728847e-007, 4.9373205524e-010]
        dvar: [5.63390317471e-013, 2.02353405143e-008, 1.83949168786e-007, 4.44560669166e-007, 3.08390411874e-007, 5.74964111877e-008, 3.78055524664e-008, 5.39058717663e-008, 3.17890282986e-007, 6.46581099772e-008, 1.17105747321e-008, 3.05219742813e-008, 1.12438396371e-008, 1.86281461367e-008, 1.71373990554e-008, 1.827305951e-008, 3.0908566373e-008, 5.5499565832e-008, 5.79820422786e-008, 5.73290783734e-008, 1.62529136816e-008, 3.0758757763e-009, 1.18531476301e-010, 5.49843365283e-011, 3.38324993021e-011, 1.74517399907e-014, 1.45618089955e-019]
        dvar2: [1.25405187536e-012, 6.00614384894e-008, 5.03992509948e-007, 1.11414533421e-006, 8.65017454998e-007, 1.41307040735e-007, 9.36060615686e-008, 1.36724622735e-007, 7.32690693894e-007, 1.5053811353e-007, 2.8583070133e-008, 7.68431078768e-008, 2.9740526486e-008, 4.44477592509e-008, 4.11929192978e-008, 4.58291502525e-008, 8.2397832557e-008, 1.50093285356e-007, 1.48030423475e-007, 1.57210280349e-007, 4.42660237354e-008, 8.32308355569e-009, 3.11094178196e-010, 1.18854676101e-010, 7.94655452552e-011, 3.85465551351e-014, 3.99654510153e-019]
        max: [5.4995289247e-006, 0.00109704199713, 0.00328947976232, 0.00677147228271, 0.00588934589177, 0.00710781663656, 0.00503597175702, 0.00768244452775, 0.0108592063189, 0.00553995370865, 0.00210349890403, 0.00346163776703, 0.00266536325216, 0.00303047616035, 0.00305047864094, 0.00291336863302, 0.0026620849967, 0.00255929515697, 0.00400136690587, 0.00325219938532, 0.00179289362859, 0.000657236087136, 0.000183980766451, 0.000194716762053, 0.00016760964354, 3.29944396071e-006, 5.45345280045e-009]
        mean: [5.98961264586e-007, 0.000158484457643, 0.000320178485708, 0.000307967013214, 0.000288041599561, 0.000174626416992, 0.000124947240693, 0.000165746430866, 0.000652832677588, 0.000203507777769, 8.27496405691e-005, 0.000143067532917, 0.000118244941405, 0.000137629060191, 0.000140072195791, 0.000217189386603, 0.000305231893435, 0.000256427389104, 0.000369276822312, 0.000291600415949, 0.000142566728755, 6.1401828134e-005, 1.27735620481e-005, 6.38597884972e-006, 4.24582276537e-006, 1.28663856458e-007, 4.5993059361e-010]
        median: [1.75713481099e-007, 0.000110184053483, 0.000161375297466, 9.38839657465e-005, 0.000148536128108, 0.000102713842352, 6.09700218774e-005, 6.35328906355e-005, 0.00017216730339, 7.28252343833e-005, 3.76903008146e-005, 6.25079919701e-005, 6.84473125148e-005, 7.26669168216e-005, 8.58838902786e-005, 0.000178709349711, 0.00026589987101, 0.000195763408556, 0.000280085048871, 0.000222600923735, 0.000102288606286, 3.96913528675e-005, 9.04263197299e-006, 4.36103528045e-006, 2.9161542443e-006, 7.73664865505e-008, 2.8091076687e-010]
        min: [3.81981438665e-024, 2.13185462896e-023, 1.87241815653e-024, 1.2997461601e-023, 1.98565440631e-023, 3.82495460431e-023, 1.95806320729e-023, 3.18878971798e-023, 2.83738153033e-023, 4.305199555e-023, 4.20216548554e-023, 7.35301351833e-023, 8.49502851816e-023, 6.37037682035e-023, 1.35723644961e-022, 5.53741795944e-023, 1.28489449672e-022, 1.29510475497e-022, 3.284012045e-022, 3.06313881704e-022, 4.65485943756e-022, 4.64287481025e-022, 4.70847925992e-022, 9.37464023435e-022, 8.59647451596e-022, 1.50989885672e-021, 2.41336042554e-021]
        var: [7.9204443568e-013, 2.69606079684e-008, 1.76054328449e-007, 4.30472027801e-007, 2.35347329181e-007, 7.41037666785e-008, 5.63615998317e-008, 1.05305538511e-007, 1.34677657115e-006, 1.76611507641e-007, 2.30589787265e-008, 5.32639852224e-008, 2.25071410398e-008, 3.87878777985e-008, 4.03874373944e-008, 4.44284076195e-008, 6.94527031442e-008, 6.86543586426e-008, 1.35318458661e-007, 8.1216974479e-008, 2.26188827668e-008, 4.86924323084e-009, 1.89553150953e-010, 1.10080992932e-010, 4.97144096723e-011, 3.61555810248e-014, 3.00323973861e-019]
    frequency_bands:
        dmean: [5.19968409662e-007, 0.000115389186249, 0.000308120244881, 0.00030954007525, 0.000249393197009, 0.000116647039249, 8.49390271469e-005, 0.00010280173592, 0.00030193751445, 0.000116202587378, 5.23449343746e-005, 8.50315773278e-005, 6.71061789035e-005, 7.78212051955e-005, 7.31340769562e-005, 0.000103771788417, 0.000145604135469, 0.000168890444911, 0.000184936186997, 0.00017561254208, 8.79891085788e-005, 3.82439575333e-005, 7.08570041752e-006, 3.17315266329e-006, 2.09295376408e-006, 6.52692619951e-008, 2.86424245433e-010, 5.49580624065e-011]
        dmean2: [8.29048417472e-007, 0.000203278163099, 0.000543119385839, 0.000518578279298, 0.00044045355753, 0.00019513440202, 0.000139927258715, 0.000166747980984, 0.000456491514342, 0.000184442906175, 8.56549086166e-005, 0.000139164709253, 0.000111191686301, 0.000125061153085, 0.000117718009278, 0.000170364030055, 0.00024287609267, 0.000293359509669, 0.000308649294311, 0.000306458183331, 0.000154983397806, 6.70880763209e-005, 1.23026138681e-005, 5.30515308128e-006, 3.34307264893e-006, 1.06367728847e-007, 4.9373205524e-010, 1.02114171285e-010]
        dvar: [5.63390317471e-013, 2.02353405143e-008, 1.83949168786e-007, 4.44560669166e-007, 3.08390411874e-007, 5.74964111877e-008, 3.78055524664e-008, 5.39058717663e-008, 3.17890282986e-007, 6.46581099772e-008, 1.17105747321e-008, 3.05219742813e-008, 1.12438396371e-008, 1.86281461367e-008, 1.71373990554e-008, 1.827305951e-008, 3.0908566373e-008, 5.5499565832e-008, 5.79820422786e-008, 5.73290783734e-008, 1.62529136816e-008, 3.0758757763e-009, 1.18531476301e-010, 5.49843365283e-011, 3.38324993021e-011, 1.74517399907e-014, 1.45618089955e-019, 6.09611270378e-021]
        dvar2: [1.25405187536e-012, 6.00614384894e-008, 5.03992509948e-007, 1.11414533421e-006, 8.65017454998e-007, 1.41307040735e-007, 9.36060615686e-008, 1.36724622735e-007, 7.32690693894e-007, 1.5053811353e-007, 2.8583070133e-008, 7.68431078768e-008, 2.9740526486e-008, 4.44477592509e-008, 4.11929192978e-008, 4.58291502525e-008, 8.2397832557e-008, 1.50093285356e-007, 1.48030423475e-007, 1.57210280349e-007, 4.42660237354e-008, 8.32308355569e-009, 3.11094178196e-010, 1.18854676101e-010, 7.94655452552e-011, 3.85465551351e-014, 3.99654510153e-019, 1.92895820817e-020]
        max: [5.4995289247e-006, 0.00109704199713, 0.00328947976232, 0.00677147228271, 0.00588934589177, 0.00710781663656, 0.00503597175702, 0.00768244452775, 0.0108592063189, 0.00553995370865, 0.00210349890403, 0.00346163776703, 0.00266536325216, 0.00303047616035, 0.00305047864094, 0.00291336863302, 0.0026620849967, 0.00255929515697, 0.00400136690587, 0.00325219938532, 0.00179289362859, 0.000657236087136, 0.000183980766451, 0.000194716762053, 0.00016760964354, 3.29944396071e-006, 5.45345280045e-009, 7.28691829099e-010]
        mean: [5.98961264586e-007, 0.000158484457643, 0.000320178485708, 0.000307967013214, 0.000288041599561, 0.000174626416992, 0.000124947240693, 0.000165746430866, 0.000652832677588, 0.000203507777769, 8.27496405691e-005, 0.000143067532917, 0.000118244941405, 0.000137629060191, 0.000140072195791, 0.000217189386603, 0.000305231893435, 0.000256427389104, 0.000369276822312, 0.000291600415949, 0.000142566728755, 6.1401828134e-005, 1.27735620481e-005, 6.38597884972e-006, 4.24582276537e-006, 1.28663856458e-007, 4.5993059361e-010, 4.33254612742e-011]
        median: [1.75713481099e-007, 0.000110184053483, 0.000161375297466, 9.38839657465e-005, 0.000148536128108, 0.000102713842352, 6.09700218774e-005, 6.35328906355e-005, 0.00017216730339, 7.28252343833e-005, 3.76903008146e-005, 6.25079919701e-005, 6.84473125148e-005, 7.26669168216e-005, 8.58838902786e-005, 0.000178709349711, 0.00026589987101, 0.000195763408556, 0.000280085048871, 0.000222600923735, 0.000102288606286, 3.96913528675e-005, 9.04263197299e-006, 4.36103528045e-006, 2.9161542443e-006, 7.73664865505e-008, 2.8091076687e-010, 1.41200523496e-011]
        min: [3.81981438665e-024, 2.13185462896e-023, 1.87241815653e-024, 1.2997461601e-023, 1.98565440631e-023, 3.82495460431e-023, 1.95806320729e-023, 3.18878971798e-023, 2.83738153033e-023, 4.305199555e-023, 4.20216548554e-023, 7.35301351833e-023, 8.49502851816e-023, 6.37037682035e-023, 1.35723644961e-022, 5.53741795944e-023, 1.28489449672e-022, 1.29510475497e-022, 3.284012045e-022, 3.06313881704e-022, 4.65485943756e-022, 4.64287481025e-022, 4.70847925992e-022, 9.37464023435e-022, 8.59647451596e-022, 1.50989885672e-021, 2.41336042554e-021, 5.98079047857e-022]
        var: [7.9204443568e-013, 2.69606079684e-008, 1.76054328449e-007, 4.30472027801e-007, 2.35347329181e-007, 7.41037666785e-008, 5.63615998317e-008, 1.05305538511e-007, 1.34677657115e-006, 1.76611507641e-007, 2.30589787265e-008, 5.32639852224e-008, 2.25071410398e-008, 3.87878777985e-008, 4.03874373944e-008, 4.44284076195e-008, 6.94527031442e-008, 6.86543586426e-008, 1.35318458661e-007, 8.1216974479e-008, 2.26188827668e-008, 4.86924323084e-009, 1.89553150953e-010, 1.10080992932e-010, 4.97144096723e-011, 3.61555810248e-014, 3.00323973861e-019, 5.14556141481e-021]
    mfcc:
        mean: [-715.253234863, 102.700134277, -41.9709854126, 38.2725906372, -7.5437207222, -5.05825996399, 2.12107253075, 1.44240665436, 4.48003005981, -1.06083762646, -1.41324472427, -4.39567375183, -4.04194450378]
        cov: [[11448.9394531, -332.003173828, -638.12487793, 1507.32373047, -325.433776855, 499.296905518, 214.764480591, 243.138427734, 443.15725708, 293.588928223, 257.275878906, -134.593994141, -130.072738647], [-332.003173828, 999.487426758, -198.99168396, -16.1159172058, 61.5275154114, -131.661499023, 28.6376228333, -77.1352310181, -77.1655502319, -60.6657905579, -84.9817428589, 4.90176153183, 8.62012672424], [-638.12487793, -198.99168396, 302.031951904, -44.1405029297, 71.7112808228, 38.1192817688, -38.5464859009, -12.0077266693, -20.2762870789, -16.117898941, -12.4138860703, 2.62453174591, 8.22404766083], [1507.32373047, -16.1159172058, -44.1405029297, 458.923278809, 32.0774383545, 109.373954773, 54.4435424805, 6.57072210312, 86.6742172241, 44.4620857239, 11.5008535385, -14.5658712387, -2.42327594757], [-325.433776855, 61.5275154114, 71.7112808228, 32.0774383545, 208.380004883, 34.8237953186, -21.8377723694, -34.0222663879, -19.5227127075, 2.60125565529, -26.5418262482, 2.97697496414, 18.8211078644], [499.296905518, -131.661499023, 38.1192817688, 109.373954773, 34.8237953186, 138.371078491, 42.0094947815, 30.1512718201, 38.7027664185, 19.7837944031, 19.3771953583, -7.52412462234, -12.5110826492], [214.764480591, 28.6376228333, -38.5464859009, 54.4435424805, -21.8377723694, 42.0094947815, 118.27192688, 54.9830665588, 32.3374595642, 1.27501833439, 3.46738886833, 10.4305610657, -4.68943929672], [243.138427734, -77.1352310181, -12.0077266693, 6.57072210312, -34.0222663879, 30.1512718201, 54.9830665588, 102.648620605, 49.4993743896, 18.156042099, 25.3009662628, 2.74802446365, -5.89596986771], [443.15725708, -77.1655502319, -20.2762870789, 86.6742172241, -19.5227127075, 38.7027664185, 32.3374595642, 49.4993743896, 100.737998962, 52.4164962769, 28.4262332916, -0.743415594101, -12.298579216], [293.588928223, -60.6657905579, -16.117898941, 44.4620857239, 2.60125565529, 19.7837944031, 1.27501833439, 18.156042099, 52.4164962769, 101.037826538, 47.817905426, -1.59918344021, -6.63731145859], [257.275878906, -84.9817428589, -12.4138860703, 11.5008535385, -26.5418262482, 19.3771953583, 3.46738886833, 25.3009662628, 28.4262332916, 47.817905426, 76.2250976563, 15.8551435471, -1.17592084408], [-134.593994141, 4.90176153183, 2.62453174591, -14.5658712387, 2.97697496414, -7.52412462234, 10.4305610657, 2.74802446365, -0.743415594101, -1.59918344021, 15.8551435471, 60.042263031, 34.1061553955], [-130.072738647, 8.62012672424, 8.22404766083, -2.42327594757, 18.8211078644, -12.5110826492, -4.68943929672, -5.89596986771, -12.298579216, -6.63731145859, -1.17592084408, 34.1061553955, 71.2398452759]]
        icov: [[0.000249279750278, -1.54545559781e-005, 0.000413074099924, -0.000707457598764, 0.000388431799365, -0.000552514626179, 0.000429669133155, -0.000383601989597, 5.30047327629e-005, -4.89557605761e-005, -0.00035066230339, 0.000293884251732, 4.0251059545e-005], [-1.54545559781e-005, 0.00171953905374, 0.00105308671482, -0.000134043541038, -0.00102741352748, 0.00169293023646, -0.00130037358031, 0.000813843915239, 0.000597328296863, 0.000154503126396, 0.00091008952586, -0.000292251526844, 0.000460543524241], [0.000413074099924, 0.00105308671482, 0.00555752357468, -0.000630505965091, -0.000964064674918, -0.00199350528419, 0.00181115372106, -0.000698628718965, 0.00056296447292, 0.000537136569619, 0.000624242529739, -0.000321018073009, 0.000240993307671], [-0.000707457598764, -0.000134043541038, -0.000630505965091, 0.00553025538102, -0.00128676299937, -0.000881613232195, -0.00213222648017, 0.00332887168042, -0.0033190115355, 0.00021120555175, 0.00105176598299, 0.000482425180962, -0.00146121368743], [0.000388431799365, -0.00102741352748, -0.000964064674918, -0.00128676299937, 0.00784382782876, -0.00430464558303, 0.00237976270728, -1.11797407953e-005, 0.00134666415397, -0.00277131004259, 0.00263305776753, -0.000567140756175, -0.0014822188532], [-0.000552514626179, 0.00169293023646, -0.00199350528419, -0.000881613232195, -0.00430464558303, 0.0154861006886, -0.00591078866273, 0.000472687737783, -0.000898676749784, 0.00165821949486, -0.00273207505234, 0.00140080589335, 0.00177706091199], [0.000429669133155, -0.00130037358031, 0.00181115372106, -0.00213222648017, 0.00237976270728, -0.00591078866273, 0.0163843613118, -0.00855080224574, 0.000253864185652, 0.00014354713494, 0.00292574684136, -0.00453977799043, 0.00164323009085], [-0.000383601989597, 0.000813843915239, -0.000698628718965, 0.00332887168042, -1.11797407953e-005, 0.000472687737783, -0.00855080224574, 0.0196862332523, -0.00825743097812, 0.00246410747059, -0.00372470263392, 0.00261833122931, -0.00196357583627], [5.30047327629e-005, 0.000597328296863, 0.00056296447292, -0.0033190115355, 0.00134666415397, -0.000898676749784, 0.000253864185652, -0.00825743097812, 0.0220878049731, -0.00922399945557, 0.00274648866616, -0.00308872386813, 0.00314414897002], [-4.89557605761e-005, 0.000154503126396, 0.000537136569619, 0.00021120555175, -0.00277131004259, 0.00165821949486, 0.00014354713494, 0.00246410747059, -0.00922399945557, 0.0197122003883, -0.0115982601419, 0.00404707575217, -0.000810971308965], [-0.00035066230339, 0.00091008952586, 0.000624242529739, 0.00105176598299, 0.00263305776753, -0.00273207505234, 0.00292574684136, -0.00372470263392, 0.00274648866616, -0.0115982601419, 0.0263832733035, -0.0101746590808, 0.00262239645235], [0.000293884251732, -0.000292251526844, -0.000321018073009, 0.000482425180962, -0.000567140756175, 0.00140080589335, -0.00453977799043, 0.00261833122931, -0.00308872386813, 0.00404707575217, -0.0101746590808, 0.0284981019795, -0.0130284875631], [4.0251059545e-005, 0.000460543524241, 0.000240993307671, -0.00146121368743, -0.0014822188532, 0.00177706091199, 0.00164323009085, -0.00196357583627, 0.00314414897002, -0.000810971308965, 0.00262239645235, -0.0130284875631, 0.0213745925575]]
    sccoeffs:
        dmean: [0.0655056834221, 0.0458136796951, 0.0375224836171, 0.0276792030782, 0.0200185570866, 0.0205190312117]
        dmean2: [0.110129505396, 0.0773976072669, 0.0611364543438, 0.0460893213749, 0.0330858044326, 0.0331753976643]
        dvar: [0.00301054120064, 0.00141247431748, 0.000909185793716, 0.000476544722915, 0.000255796592683, 0.000331479299348]
        dvar2: [0.00822861678898, 0.00385197927244, 0.00236311927438, 0.00130710389931, 0.000677035190165, 0.000822025060188]
        max: [-0.374460399151, -0.458418726921, -0.519315183163, -0.632152974606, -0.647028505802, -0.568690299988]
        mean: [-0.659885704517, -0.76742708683, -0.766862094402, -0.797362327576, -0.794681549072, -0.768239378929]
        median: [-0.665869653225, -0.773822426796, -0.777574539185, -0.800844669342, -0.797925889492, -0.770276725292]
        min: [-0.959016919136, -0.991134107113, -0.975843608379, -0.970052599907, -0.983418762684, -0.961830258369]
        var: [0.0054441918619, 0.00395019724965, 0.00467635225505, 0.00145753566176, 0.000971424684394, 0.00176469306462]
    scvalleys:
        dmean: [0.377334415913, 0.326495826244, 0.279230296612, 0.233550623059, 0.280956596136, 0.297783344984]
        dmean2: [0.640389025211, 0.547115027905, 0.454422622919, 0.375196039677, 0.448098838329, 0.466451466084]
        dvar: [0.0907431766391, 0.0741322338581, 0.0593868643045, 0.0453095883131, 0.0816615745425, 0.133213594556]
        dvar2: [0.2490568012, 0.188955843449, 0.137410148978, 0.0969900041819, 0.181489080191, 0.292427420616]
        max: [-5.40524244308, -5.09320259094, -5.13002157211, -5.57553672791, -5.62696743011, -7.40464115143]
        mean: [-7.10991334915, -6.75477457047, -6.93286132813, -7.19900226593, -7.30522727966, -9.96241474152]
        median: [-6.59784793854, -6.46129512787, -6.69028186798, -6.79520654678, -6.72583723068, -9.04643821716]
        min: [-27.5776538849, -27.5251922607, -27.476436615, -27.7520008087, -27.4482517242, -27.2097930908]
        var: [2.91368246078, 1.63185214996, 1.54759705067, 1.8189394474, 2.71215367317, 5.14396953583]

rhythm:
    beats_loudness:
        dmean: 0.00184482522309
        dmean2: 0.00327047938481
        dvar: 2.58319028035e-006
        dvar2: 7.81552171247e-006
        max: 0.0147545607761
        mean: 0.00551810022444
        median: 0.00607395824045
        min: 3.63332197661e-010
        var: 9.195750863e-006
    bpm: 161.551544189
    bpm_confidence: 0
    first_peak_bpm: 161
    first_peak_spread: 0.316151201725
    first_peak_weight: 0.637820541859
    onset_rate: 3.08583426476
    second_peak_bpm: 152
    second_peak_spread: 0.444444447756
    second_peak_weight: 0.0240384619683
    beats_loudness_band_ratio:
        dmean: [0.157055020332, 0.0704847723246, 0.120518319309, 0.0777415856719, 0.100005038083, 0.0652183592319]
        dmean2: [0.269667416811, 0.121083214879, 0.202055469155, 0.135435238481, 0.176944836974, 0.113238930702]
        dvar: [0.0154686905444, 0.00468357186764, 0.0127509040758, 0.00664912909269, 0.00820845551789, 0.00389276747592]
        dvar2: [0.0448461137712, 0.0124458428472, 0.0355015732348, 0.0208653416485, 0.022423427552, 0.0110496571288]
        max: [0.79676091671, 0.626734972, 0.746939122677, 0.760137796402, 0.687885046005, 0.700732886791]
        mean: [0.256354749203, 0.113820835948, 0.200009509921, 0.131827682257, 0.195855721831, 0.134567633271]
        median: [0.225606799126, 0.0780865773559, 0.152132242918, 0.110048517585, 0.17597644031, 0.126941591501]
        min: [2.89409126708e-005, 0.00115459680092, 0.0181083343923, 0.0175326336175, 0.0352057702839, 0.00124703242909]
        var: [0.0298894960433, 0.0106807909906, 0.0216555502266, 0.00830558128655, 0.009676175192, 0.00586401578039]
    beats_position: [0.371519267559, 0.743038535118, 1.11455774307, 1.48607707024, 1.86920630932, 2.2523355484, 2.62385487556, 2.99537420273, 3.36689329147, 3.73841261864, 4.09832191467, 4.446621418, 4.82975053787, 5.20126962662, 5.5727891922, 5.94430828094, 6.31582736969, 6.68734693527, 7.05886602402, 7.44199514389, 7.8251247406, 8.19664382935, 8.56816291809, 8.95129203796, 9.33442115784, 9.70594120026, 10.077460289, 10.4489793777, 10.8204984665, 11.1920175552, 11.5751476288, 11.9582767487, 12.3297958374, 12.7013149261, 13.0728340149, 13.4443531036, 13.8274831772, 14.2106122971, 14.5821313858, 14.9536504745, 15.3251695633, 15.6850786209, 16.0449886322, 16.4165077209, 16.7880268097, 17.1711559296, 17.5542850494, 17.9374141693, 18.3205432892, 18.6920623779, 19.0635814667, 19.4351024628, 19.8182315826, 20.2013607025, 20.5728797913, 20.94439888, 21.3159179688, 21.6874370575, 22.0705661774, 22.4536952972, 22.825214386, 23.1967334747, 23.5682544708, 23.9397735596, 24.3112926483, 24.6944217682, 25.0775508881, 25.4490699768, 25.8205890656, 26.1921081543, 26.563627243, 26.9467563629, 27.3298854828, 27.7014045715, 28.0729255676, 28.4444446564, 28.8159637451, 29.1874828339, 29.5590019226, 29.9421310425, 30.3252601624, 30.6967792511, 31.0682983398, 31.4398174286, 31.8229465485, 32.2060775757, 32.5775947571, 32.9491157532, 33.3206329346, 33.6921539307, 34.0636711121, 34.4468002319, 34.8299331665, 35.2014503479, 35.572971344, 35.9444885254, 36.3276176453, 36.7107467651, 37.0822677612, 37.4537849426, 37.8253059387, 38.1968231201, 38.5683441162, 38.9398651123, 39.3229942322, 39.7061233521, 40.0776405334, 40.4491615295, 40.8206787109, 41.192199707, 41.5753288269, 41.9468460083, 42.3299751282, 42.7014961243, 43.0730133057, 43.4445343018, 43.8276634216, 44.1991844177, 44.5707015991, 44.953830719, 45.3253517151, 45.6968688965, 46.0683898926, 46.439907074, 46.8114280701, 47.1945571899, 47.5776863098, 47.9492073059, 48.3207244873, 48.6922454834, 49.0637626648, 49.4468917847, 49.8300209045, 50.2015419006, 50.573059082, 50.9445800781, 51.3160972595, 51.6992263794, 52.0707473755, 52.4538764954, 52.8253974915, 53.1969146729, 53.5684356689, 53.9399528503, 54.3230819702, 54.6946029663, 55.0777320862, 55.4492492676, 55.8207702637, 56.1922874451, 56.5754165649, 56.9585494995, 57.3300666809, 57.701587677, 58.0731048584, 58.4446258545, 58.8161430359, 59.1992721558, 59.5824012756, 59.9539222717, 60.3254394531, 60.708568573, 61.0916976929, 61.463218689, 61.8347396851, 62.2062568665, 62.5777778625, 62.9492950439, 63.32081604, 63.6923332214, 64.0638504028, 64.4353713989, 64.8185043335, 65.2016296387, 65.5731506348, 65.9446716309, 66.316192627, 66.6993179321, 67.0824508667, 67.4539642334, 67.8254852295, 68.1970062256, 68.5685272217, 68.9400405884, 69.3115615845, 69.694694519, 70.0778198242, 70.4493408203, 70.8208618164, 71.1923828125, 71.5638961792, 71.9470291138, 72.3185501099, 72.701675415, 73.0731964111, 73.4447174072, 73.8162307739, 74.1993637085, 74.5824966431, 74.9540100098, 75.3255310059, 75.697052002, 76.068572998, 76.4400863647, 76.8116073608, 77.1831283569, 77.554649353, 77.9377746582, 78.3209075928, 78.6924285889, 79.0639419556, 79.4354629517, 79.8185958862, 80.2017211914, 80.5732421875, 80.9447631836, 81.3162765503, 81.6877975464, 82.070930481, 82.4540557861, 82.8255767822, 83.1970977783, 83.5686187744, 83.9401321411, 84.3116531372, 84.6947860718, 85.077911377, 85.449432373, 85.8209533691, 86.1924667358, 86.5639877319, 86.9471206665, 87.3302459717, 87.7017669678, 88.0732879639, 88.44480896, 88.8163223267, 89.1878433228, 89.5709762573, 89.9541015625, 90.3256225586, 90.6971435547, 91.0686569214, 91.4401779175, 91.8233108521, 92.2064361572, 92.5779571533, 92.9494781494, 93.3209991455, 93.6925125122, 94.0640335083, 94.4471664429, 94.8186798096, 95.1902008057, 95.5733337402, 95.9448471069, 96.316368103, 96.6995010376, 97.0826263428, 97.4541473389, 97.825668335, 98.1971893311, 98.5687026978, 98.9402236938, 99.3233566284, 99.7064819336, 100.07800293, 100.449523926, 100.821044922, 101.192558289, 101.564079285, 101.935600281, 102.330337524, 102.701858521, 103.073379517, 103.444892883, 103.816413879, 104.187934875, 104.571060181, 104.954193115, 105.325714111, 105.697235107, 106.068748474, 106.44026947, 106.835006714, 107.20652771, 107.578048706, 107.949569702, 108.321083069, 108.692604065, 109.064125061, 109.447257996, 109.830383301, 110.201904297, 110.573425293, 110.94493866, 111.316459656, 111.687980652, 112.071105957, 112.454238892, 112.825759888, 113.197273254, 113.56879425, 113.940315247, 114.323448181, 114.706573486, 115.078094482, 115.449615479, 115.821128845, 116.192649841, 116.575782776, 116.958908081, 117.330429077, 117.701950073, 118.07346344, 118.444984436, 118.816505432, 119.199638367, 119.582763672, 119.954284668, 120.337409973, 120.708930969, 121.092063904, 121.463577271, 121.823486328, 122.206619263, 122.578140259, 122.949661255, 123.321174622, 123.692695618, 124.064216614, 124.447341919, 124.818862915, 125.20199585, 125.573509216, 125.945030212, 126.316551208, 126.699676514, 127.082809448, 127.454330444, 127.82585144, 128.197372437, 128.568893433, 128.94039917, 129.311920166, 129.695053101, 130.078186035, 130.449707031, 130.821228027, 131.192733765, 131.575866699, 131.958999634, 132.33052063, 132.702041626, 133.073562622, 133.445083618, 133.816589355, 134.19972229, 134.582855225, 134.954376221, 135.325897217, 135.697418213, 136.068939209, 136.440444946, 136.811965942, 137.183486938, 137.566619873, 137.949752808, 138.332870483, 138.716003418, 139.099136353, 139.482269287, 139.876998901, 140.271743774, 140.666488647, 141.0728302, 141.479187012, 141.873916626, 142.257049561, 142.640182495, 143.011703491, 143.383224487, 143.766342163, 144.149475098, 144.520996094, 144.89251709, 145.264038086, 145.635559082, 146.007064819, 146.390197754, 146.773330688, 147.144851685, 147.516372681, 147.887893677, 148.259414673, 148.63092041, 149.002441406, 149.373962402, 149.745483398, 150.128616333, 150.511749268, 150.883255005, 151.254776001, 151.637908936, 152.02104187, 152.392562866, 152.764083862, 153.135604858, 153.507110596, 153.878631592, 154.250152588, 154.633285522, 155.016418457, 155.387939453, 155.759460449, 156.130966187, 156.502487183, 156.885620117, 157.257141113, 157.640274048, 158.011795044, 158.383300781, 158.754821777, 159.126342773, 159.49786377, 159.880996704, 160.2525177, 160.624038696, 161.007156372, 161.378677368, 161.750198364, 162.133331299, 162.516464233, 162.887985229, 163.259490967, 163.631011963, 164.002532959, 164.374053955, 164.75718689, 165.140319824, 165.51184082, 165.883346558, 166.254867554, 166.62638855, 167.009521484, 167.38104248, 167.764175415, 168.135681152, 168.507202148, 168.878723145, 169.250244141, 169.621765137, 169.993286133, 170.364807129, 170.759536743, 171.131057739, 171.502578735, 171.874099731, 172.245620728, 172.628753662, 173.000274658, 173.383392334, 173.75491333, 174.219314575, 174.695327759, 175.171340942, 175.647338867, 176.134963989, 176.610977173, 177.075378418, 177.539764404, 178.015777588, 178.422134399, 178.816864014, 179.199996948, 179.583129883, 179.954650879, 180.326171875, 180.697677612, 181.069198608, 181.440719604, 181.823852539, 182.206985474, 182.57850647, 182.950012207, 183.321533203, 183.693054199, 184.064575195, 184.44770813, 184.819229126, 185.202362061, 185.573867798, 185.945388794, 186.328521729, 186.700042725, 187.083175659, 187.454696655, 187.826202393, 188.197723389, 188.569244385, 188.940765381, 189.323898315, 189.695419312, 190.078552246, 190.450057983, 190.821578979, 191.193099976, 191.564620972, 191.947753906, 192.330886841, 192.702392578, 193.073913574, 193.44543457, 193.816955566, 194.200088501, 194.583221436, 194.954742432, 195.326248169, 195.697769165, 196.069290161, 196.440811157, 196.823944092, 197.207077026, 197.578598022, 197.95010376, 198.321624756, 198.693145752, 199.076278687, 199.459411621, 199.830932617, 200.202438354, 200.573959351, 200.945480347, 201.317001343, 201.688522339, 202.060043335, 202.44317627, 202.826293945, 203.197814941, 203.569335938, 203.940856934, 204.323989868, 204.707122803, 205.07862854, 205.450149536, 205.821670532, 206.193191528, 206.564712524, 206.936233521, 207.307754517, 207.679275513, 208.050796509, 208.433914185, 208.805435181, 209.188568115, 209.560089111, 209.943222046, 210.326339722, 210.697860718, 211.069381714, 211.452514648, 211.835647583, 212.218765259, 212.601898193, 212.996643066, 213.391372681, 213.774505615, 214.15763855, 214.552383423, 214.958724976, 215.365081787, 215.759811401, 216.131332397, 216.502853394, 216.87437439, 217.257507324, 217.62902832, 218.012145996, 218.406890869, 218.801635742, 219.207977295, 219.614334106, 220.020675659, 220.427032471, 220.810150146, 221.193283081, 221.576416016, 221.95954895, 222.331054688, 222.702575684, 223.07409668, 223.445617676, 223.817138672, 224.188659668, 224.571792603, 224.943313599, 225.326431274, 225.697952271, 226.069473267, 226.440994263, 226.824127197, 227.207244873, 227.578765869, 227.950286865, 228.321807861, 228.693328857, 229.064849854, 229.447982788, 229.831100464, 230.20262146, 230.574142456, 230.945663452, 231.317184448, 231.688705444, 232.06022644, 232.443344116, 232.826477051, 233.197998047, 233.581130981, 233.964263916, 234.35899353, 234.765350342, 235.171691895, 235.578048706, 235.996002197]
