
metadata:
    version:
        essentia: "2.1-beta2"
    audio_properties:
        analysis_sample_rate: 44100
        bitrate: 255
        channels: 2
        equal_loudness: 1
        length: 278.857147217
        replay_gain: -15.0529003143
        downmix: "mix"
    tags:
        album: "American Capitalist"
        artist: "Five Finger Death Punch"
        comment: ""
        date: "2011"
        genre: "Metal"
        title: "Remember Everything"
        tracknumber: "8"

configuration:
    average_loudness:
        compute: 1
        frameSize: 88200
        hopSize: 44100
        silentFrames: "noise"
        windowType: "hann"
    general:
        analysisSampleRate: 44100
        endTime: 2000
        equalLoudness: 1
        nequalLoudness: 0
        shortSound: 0
        startTime: 0
    lowlevel:
        compute: 1
        frameSize: 2048
        hopSize: 1024
        zeroPadding: 0
        silentFrames: "noise"
        windowType: "blackmanharris62"
        mfccStats: ["mean", "cov", "icov"]
        stats: ["mean", "var", "median", "min", "max", "dmean", "dmean2", "dvar", "dvar2"]
    panning:
        compute: 0
        frameSize: 8192
        hopSize: 2048
        zeroPadding: 8192
        silentFrames: "noise"
        windowType: "hann"
        stats: ["copy"]
    rhythm:
        compute: 1
        maxTempo: 208
        minTempo: 40
        method: "degara"
        stats: ["mean", "var", "median", "min", "max", "dmean", "dmean2", "dvar", "dvar2"]
    segmentation:
        compute: 0
        cpw: 5
        inc1: 300
        inc2: 50
        minimumSegmentsLength: 10
        size1: 1000
        size2: 600
    sfx:
        compute: 1
        stats: ["mean", "var", "median", "min", "max", "dmean", "dmean2", "dvar", "dvar2"]
    svm:
        compute: 0
    tonal:
        compute: 1
        frameSize: 4096
        hopSize: 2048
        zeroPadding: 0
        silentFrames: "noise"
        windowType: "blackmanharris62"
        stats: ["mean", "var", "median", "min", "max", "dmean", "dmean2", "dvar", "dvar2"]

lowlevel:
    average_loudness: 0.898260951042
    barkbands_kurtosis:
        dmean: 0.960151672363
        dmean2: 1.48076331615
        dvar: 2.73180150986
        dvar2: 5.58010482788
        max: 50.6197242737
        mean: 0.748405337334
        median: -0.653752088547
        min: -1.81217575073
        var: 15.3504667282
    barkbands_skewness:
        dmean: 0.357591181993
        dmean2: 0.561535358429
        dvar: 0.126964882016
        dvar2: 0.314910441637
        max: 6.17213439941
        mean: 0.610289573669
        median: 0.470491290092
        min: -2.49684762955
        var: 1.03732955456
    barkbands_spread:
        dmean: 4.46076822281
        dmean2: 7.02155017853
        dvar: 23.0405826569
        dvar2: 54.1737289429
        max: 73.9358520508
        mean: 27.6089916229
        median: 28.0540447235
        min: 0.862293422222
        var: 150.99319458
    dissonance:
        dmean: 0.0170838572085
        dmean2: 0.0287548713386
        dvar: 0.000288302253466
        dvar2: 0.000791063939687
        max: 0.5
        mean: 0.465101599693
        median: 0.474163979292
        min: 0.265442937613
        var: 0.000897506484762
    hfc:
        dmean: 1.67397999763
        dmean2: 2.73588657379
        dvar: 7.3737859726
        dvar2: 20.3154239655
        max: 34.1353111267
        mean: 6.98752975464
        median: 5.81805610657
        min: 1.11395380771e-016
        var: 32.9580993652
    pitch:
        dmean: 321.552978516
        dmean2: 619.576416016
        dvar: 713839.5625
        dvar2: 1957744.625
        max: 4741.62402344
        mean: 480.040618896
        median: 245.146514893
        min: 51.2034950256
        var: 682242.9375
    pitch_instantaneous_confidence:
        dmean: 0.0800741389394
        dmean2: 0.125370800495
        dvar: 0.00604925863445
        dvar2: 0.0136376330629
        max: 0.918159127235
        mean: 0.439422607422
        median: 0.413031160831
        min: 0.0980575084686
        var: 0.0338866263628
    pitch_salience:
        dmean: 0.0608515813947
        dmean2: 0.0995270311832
        dvar: 0.00303938565776
        dvar2: 0.00822115968913
        max: 0.977181017399
        mean: 0.607261121273
        median: 0.620636582375
        min: 0.170443683863
        var: 0.0107234362513
    silence_rate_20dB:
        dmean: 0
        dmean2: 0
        dvar: 0
        dvar2: 0
        max: 1
        mean: 1
        median: 1
        min: 1
        var: 0
    silence_rate_30dB:
        dmean: 0
        dmean2: 0
        dvar: 0
        dvar2: 0
        max: 1
        mean: 1
        median: 1
        min: 1
        var: 0
    silence_rate_60dB:
        dmean: 0.0662781000137
        dmean2: 0.132567241788
        dvar: 0.0618862994015
        dvar2: 0.136313512921
        max: 1
        mean: 0.346432447433
        median: 0
        min: 0
        var: 0.226427942514
    spectral_centroid:
        dmean: 210.953765869
        dmean2: 337.936523438
        dvar: 73308.7109375
        dvar2: 177639.875
        max: 11341.9638672
        mean: 1332.30334473
        median: 1345.88464355
        min: 126.129219055
        var: 500554.5625
    spectral_complexity:
        dmean: 3.02248120308
        dmean2: 5.05304336548
        dvar: 13.609131813
        dvar2: 35.9154319763
        max: 46
        mean: 12.9694442749
        median: 12
        min: 0
        var: 62.5576286316
    spectral_crest:
        dmean: 2.09687590599
        dmean2: 3.36475324631
        dvar: 4.08310413361
        dvar2: 10.134059906
        max: 24.6012878418
        mean: 8.04837608337
        median: 7.05483007431
        min: 1.99393630028
        var: 15.4834127426
    spectral_decrease:
        dmean: 2.60514804173e-010
        dmean2: 4.18985374173e-010
        dvar: 1.40509693911e-019
        dvar2: 3.60061535983e-019
        max: 5.66501700527e-029
        mean: -1.06596909077e-009
        median: -1.04039232784e-009
        min: -4.53240822651e-009
        var: 4.37368026575e-019
    spectral_energy:
        dmean: 0.00109752709977
        dmean2: 0.00176624662708
        dvar: 2.44545071837e-006
        dvar2: 6.25769598628e-006
        max: 0.0188784580678
        mean: 0.00465699052438
        median: 0.00453985156491
        min: 1.01964389223e-020
        var: 8.47288720252e-006
    spectral_energyband_high:
        dmean: 0.00012328181765
        dmean2: 0.000208890152862
        dvar: 5.026674188e-008
        dvar2: 1.41970531331e-007
        max: 0.00299558998086
        mean: 0.00034514485742
        median: 0.000239497909206
        min: 7.31444715628e-021
        var: 1.34121435735e-007
    spectral_energyband_low:
        dmean: 0.000263022928266
        dmean2: 0.00044709831127
        dvar: 1.60345678069e-007
        dvar2: 4.49234534017e-007
        max: 0.00432299962267
        mean: 0.000475054694107
        median: 0.000344580475939
        min: 4.83622032672e-023
        var: 2.12006909805e-007
    spectral_energyband_middle_high:
        dmean: 0.00051030726172
        dmean2: 0.000811868929304
        dvar: 5.2740836054e-007
        dvar2: 1.3471061493e-006
        max: 0.0112080713734
        mean: 0.00198174221441
        median: 0.00147864304017
        min: 1.32357359646e-021
        var: 3.25020573655e-006
    spectral_energyband_middle_low:
        dmean: 0.000758404436056
        dmean2: 0.0012232841691
        dvar: 1.61482341809e-006
        dvar2: 4.20922060584e-006
        max: 0.0157450567931
        mean: 0.00199862592854
        median: 0.00139625137672
        min: 2.65036009086e-022
        var: 3.36188986694e-006
    spectral_flatness_db:
        dmean: 0.0137746473774
        dmean2: 0.0214522369206
        dvar: 0.000169900537003
        dvar2: 0.0003903566394
        max: 0.504821181297
        mean: 0.149669378996
        median: 0.130724355578
        min: 0.0569741129875
        var: 0.00329368351959
    spectral_flux:
        dmean: 0.00762041285634
        dmean2: 0.0120095154271
        dvar: 8.53117671795e-005
        dvar2: 0.000183953248779
        max: 0.121780924499
        mean: 0.0357725471258
        median: 0.0347293503582
        min: 6.52708095905e-011
        var: 0.000335392600391
    spectral_kurtosis:
        dmean: 1.80063068867
        dmean2: 3.01122403145
        dvar: 17.8114585876
        dvar2: 50.3330116272
        max: 196.355667114
        mean: 5.71993255615
        median: 2.92395281792
        min: -1.23784804344
        var: 118.601875305
    spectral_rms:
        dmean: 0.000233753933571
        dmean2: 0.00036734258174
        dvar: 8.24421135803e-008
        dvar2: 1.98370273097e-007
        max: 0.00429162057117
        mean: 0.00199992395937
        median: 0.00210454827175
        min: 3.15400461824e-012
        var: 5.43730152458e-007
    spectral_rolloff:
        dmean: 381.45690918
        dmean2: 634.215698242
        dvar: 291901.125
        dvar2: 691689.9375
        max: 19315.2832031
        mean: 2561.42016602
        median: 2906.98242188
        min: 129.19921875
        var: 1852043.875
    spectral_skewness:
        dmean: 0.199007883668
        dmean2: 0.321758002043
        dvar: 0.0740284323692
        dvar2: 0.195330560207
        max: 12.2074480057
        mean: 1.69771814346
        median: 1.44042241573
        min: -0.0538864135742
        var: 0.803668797016
    spectral_spread:
        dmean: 441030.65625
        dmean2: 655629
        dvar: 503883169792
        dvar2: 891054587904
        max: 42293140
        mean: 5306149
        median: 5603935.5
        min: 495653.6875
        var: 4.62740049101e+012
    spectral_strongpeak:
        dmean: 0.384026646614
        dmean2: 0.639136314392
        dvar: 0.483262807131
        dvar2: 1.22761619091
        max: 11.3871555328
        mean: 0.769789397717
        median: 0.374960511923
        min: 1.52609358484e-009
        var: 1.15061831474
    zerocrossingrate:
        dmean: 0.00735832937062
        dmean2: 0.00897544622421
        dvar: 6.64727922413e-005
        dvar2: 8.08848999441e-005
        max: 0.5078125
        mean: 0.0791890844703
        median: 0.08349609375
        min: 0.0048828125
        var: 0.00132438971195
    barkbands:
        dmean: [2.93818345654e-007, 8.31596262287e-005, 0.000139254727401, 0.000235373154283, 0.000241524467128, 0.000240083798417, 0.000157931019203, 0.000117943374789, 0.000169549341081, 0.000108337968413, 5.87541544519e-005, 6.9504363637e-005, 6.42127270112e-005, 6.99789670762e-005, 8.21974826977e-005, 0.000126035549329, 0.000105269842607, 9.82253477559e-005, 0.000125821199617, 0.000133356836159, 6.61312806187e-005, 3.07396803692e-005, 7.84993699199e-006, 3.40097972185e-006, 2.40715803557e-006, 8.60384758994e-008, 3.47906287113e-010]
        dmean2: [4.15564471723e-007, 0.000135868336656, 0.000235725412495, 0.000416366819991, 0.000408340420108, 0.000379714649171, 0.00025118861231, 0.000179928203579, 0.000253050471656, 0.000164749086252, 9.38172161113e-005, 0.000109116444946, 0.000101637713669, 0.000112832662126, 0.000131740802317, 0.000206095734029, 0.000173724241904, 0.000167864869582, 0.000208962475881, 0.000225412135478, 0.000113386282464, 5.0650571211e-005, 1.23456920846e-005, 5.17611397299e-006, 3.63056597052e-006, 1.35712255656e-007, 5.9822441445e-010]
        dvar: [9.24426876193e-013, 1.95841476369e-008, 6.09134573892e-008, 3.97936531726e-007, 3.26174102838e-007, 2.64522469706e-007, 1.47449199517e-007, 9.63926254371e-008, 1.61487420769e-007, 8.42457552608e-008, 1.70510077169e-008, 3.0756194036e-008, 1.76555978726e-008, 2.23337686123e-008, 2.74129625666e-008, 6.63412436097e-008, 2.91843367251e-008, 3.16557553504e-008, 4.44720136272e-008, 6.77479192746e-008, 1.43012162113e-008, 3.00829094968e-009, 2.1383399218e-010, 6.404174413e-011, 4.52321478883e-011, 3.89979118876e-014, 3.10712664421e-019]
        dvar2: [1.69661170963e-012, 5.23401837427e-008, 1.67951000662e-007, 1.13331213925e-006, 8.79258266195e-007, 5.86122098412e-007, 3.28795266569e-007, 2.12236059838e-007, 3.29669347821e-007, 1.84190682262e-007, 4.23702033459e-008, 7.17312076404e-008, 4.18813677072e-008, 5.45523093365e-008, 6.72460629403e-008, 1.69698211039e-007, 7.53161941702e-008, 8.58448743202e-008, 1.13055435236e-007, 1.78886665481e-007, 4.06278140019e-008, 8.03773048119e-009, 4.67839489371e-010, 1.17607618089e-010, 9.84865800024e-011, 8.55637582271e-014, 8.39850951586e-019]
        max: [1.31530159706e-005, 0.00168621027842, 0.0039042965509, 0.0078071304597, 0.0115200886503, 0.0118995150551, 0.00970512535423, 0.00697554834187, 0.00855636224151, 0.00914349872619, 0.00371467904188, 0.0061731277965, 0.00308109004982, 0.00410532113165, 0.00439799483865, 0.00908784382045, 0.00364098348655, 0.00553209194914, 0.00452426960692, 0.00615690229461, 0.00164056639187, 0.000859004911035, 0.000444206467364, 0.00017342895444, 0.000243935923208, 6.82618747305e-006, 8.35525870713e-009]
        mean: [3.50791992787e-007, 0.000145718557178, 0.000212274084333, 0.000280028121779, 0.000370727066183, 0.000445570796728, 0.000311088952003, 0.00021667801775, 0.000338257988915, 0.000242513910052, 0.000100796620245, 0.000129175517941, 0.000112353431177, 0.0001256045216, 0.000157967035193, 0.000246375828283, 0.000224807517952, 0.000189022845007, 0.000270522257779, 0.000280487991404, 0.000147750542965, 7.5070267485e-005, 1.92136321857e-005, 8.59852389112e-006, 5.83539213039e-006, 2.11338672784e-007, 5.79456926886e-010]
        median: [4.14552800976e-008, 0.00010908395052, 0.000131335153128, 9.34649651754e-005, 0.000186811201274, 0.000183200070751, 0.000112851143058, 7.41470212233e-005, 9.29508969421e-005, 5.8948447986e-005, 4.97697365063e-005, 4.24059726356e-005, 4.34519097325e-005, 5.47156341781e-005, 7.33671477064e-005, 0.000131710097776, 0.000143183991895, 0.000127238556161, 0.000159256975166, 0.000162200522027, 9.01922903722e-005, 3.57682984031e-005, 8.70409076015e-006, 4.01443367082e-006, 2.82786254502e-006, 1.31911562562e-007, 4.05115496704e-010]
        min: [5.00353567368e-024, 1.2515892784e-023, 6.93950919789e-024, 6.68635663366e-024, 1.10823668584e-023, 1.77297419304e-023, 2.16759223678e-023, 3.50572941724e-023, 3.62081665025e-023, 5.32165440444e-023, 4.18708246503e-023, 3.01560477257e-023, 2.30991094823e-023, 8.35286884106e-023, 9.64052523448e-023, 9.82060009103e-023, 1.78311531552e-022, 1.46373267182e-022, 1.60117319365e-022, 1.79557590995e-022, 2.91657376199e-022, 4.26300130259e-022, 4.98442103752e-022, 6.76896021542e-022, 1.04318067436e-021, 1.51167044898e-021, 2.09629074725e-021]
        var: [1.34058107497e-012, 2.27411813825e-008, 7.89517144995e-008, 3.79567637765e-007, 3.93944475263e-007, 6.60311400225e-007, 4.39239329353e-007, 2.94020679803e-007, 5.7838514067e-007, 4.49013867865e-007, 3.89752514707e-008, 7.9101461381e-008, 4.08932550044e-008, 5.09047453079e-008, 7.11453438385e-008, 1.48222781604e-007, 7.34686906867e-008, 5.60576012276e-008, 1.28811080913e-007, 1.74974800871e-007, 3.14129735557e-008, 1.03298569698e-008, 7.49274975398e-010, 2.21651572097e-010, 1.12194094293e-010, 1.04528900455e-013, 4.7778252034e-019]
    frequency_bands:
        dmean: [2.93818345654e-007, 8.31596262287e-005, 0.000139254727401, 0.000235373154283, 0.000241524467128, 0.000240083798417, 0.000157931019203, 0.000117943374789, 0.000169549341081, 0.000108337968413, 5.87541544519e-005, 6.9504363637e-005, 6.42127270112e-005, 6.99789670762e-005, 8.21974826977e-005, 0.000126035549329, 0.000105269842607, 9.82253477559e-005, 0.000125821199617, 0.000133356836159, 6.61312806187e-005, 3.07396803692e-005, 7.84993699199e-006, 3.40097972185e-006, 2.40715803557e-006, 8.60384758994e-008, 3.47906287113e-010, 5.4235862329e-011]
        dmean2: [4.15564471723e-007, 0.000135868336656, 0.000235725412495, 0.000416366819991, 0.000408340420108, 0.000379714649171, 0.00025118861231, 0.000179928203579, 0.000253050471656, 0.000164749086252, 9.38172161113e-005, 0.000109116444946, 0.000101637713669, 0.000112832662126, 0.000131740802317, 0.000206095734029, 0.000173724241904, 0.000167864869582, 0.000208962475881, 0.000225412135478, 0.000113386282464, 5.0650571211e-005, 1.23456920846e-005, 5.17611397299e-006, 3.63056597052e-006, 1.35712255656e-007, 5.9822441445e-010, 1.00230740374e-010]
        dvar: [9.24426876193e-013, 1.95841476369e-008, 6.09134573892e-008, 3.97936531726e-007, 3.26174102838e-007, 2.64522469706e-007, 1.47449199517e-007, 9.63926254371e-008, 1.61487420769e-007, 8.42457552608e-008, 1.70510077169e-008, 3.0756194036e-008, 1.76555978726e-008, 2.23337686123e-008, 2.74129625666e-008, 6.63412436097e-008, 2.91843367251e-008, 3.16557553504e-008, 4.44720136272e-008, 6.77479192746e-008, 1.43012162113e-008, 3.00829094968e-009, 2.1383399218e-010, 6.404174413e-011, 4.52321478883e-011, 3.89979118876e-014, 3.10712664421e-019, 6.49255193704e-021]
        dvar2: [1.69661170963e-012, 5.23401837427e-008, 1.67951000662e-007, 1.13331213925e-006, 8.79258266195e-007, 5.86122098412e-007, 3.28795266569e-007, 2.12236059838e-007, 3.29669347821e-007, 1.84190682262e-007, 4.23702033459e-008, 7.17312076404e-008, 4.18813677072e-008, 5.45523093365e-008, 6.72460629403e-008, 1.69698211039e-007, 7.53161941702e-008, 8.58448743202e-008, 1.13055435236e-007, 1.78886665481e-007, 4.06278140019e-008, 8.03773048119e-009, 4.67839489371e-010, 1.17607618089e-010, 9.84865800024e-011, 8.55637582271e-014, 8.39850951586e-019, 2.06542685337e-020]
        max: [1.31530159706e-005, 0.00168621027842, 0.0039042965509, 0.0078071304597, 0.0115200886503, 0.0118995150551, 0.00970512535423, 0.00697554834187, 0.00855636224151, 0.00914349872619, 0.00371467904188, 0.0061731277965, 0.00308109004982, 0.00410532113165, 0.00439799483865, 0.00908784382045, 0.00364098348655, 0.00553209194914, 0.00452426960692, 0.00615690229461, 0.00164056639187, 0.000859004911035, 0.000444206467364, 0.00017342895444, 0.000243935923208, 6.82618747305e-006, 8.35525870713e-009, 8.64638860509e-010]
        mean: [3.50791992787e-007, 0.000145718557178, 0.000212274084333, 0.000280028121779, 0.000370727066183, 0.000445570796728, 0.000311088952003, 0.00021667801775, 0.000338257988915, 0.000242513910052, 0.000100796620245, 0.000129175517941, 0.000112353431177, 0.0001256045216, 0.000157967035193, 0.000246375828283, 0.000224807517952, 0.000189022845007, 0.000270522257779, 0.000280487991404, 0.000147750542965, 7.5070267485e-005, 1.92136321857e-005, 8.59852389112e-006, 5.83539213039e-006, 2.11338672784e-007, 5.79456926886e-010, 4.2566974251e-011]
        median: [4.14552800976e-008, 0.00010908395052, 0.000131335153128, 9.34649651754e-005, 0.000186811201274, 0.000183200070751, 0.000112851143058, 7.41470212233e-005, 9.29508969421e-005, 5.8948447986e-005, 4.97697365063e-005, 4.24059726356e-005, 4.34519097325e-005, 5.47156341781e-005, 7.33671477064e-005, 0.000131710097776, 0.000143183991895, 0.000127238556161, 0.000159256975166, 0.000162200522027, 9.01922903722e-005, 3.57682984031e-005, 8.70409076015e-006, 4.01443367082e-006, 2.82786254502e-006, 1.31911562562e-007, 4.05115496704e-010, 1.3982155711e-011]
        min: [5.00353567368e-024, 1.2515892784e-023, 6.93950919789e-024, 6.68635663366e-024, 1.10823668584e-023, 1.77297419304e-023, 2.16759223678e-023, 3.50572941724e-023, 3.62081665025e-023, 5.32165440444e-023, 4.18708246503e-023, 3.01560477257e-023, 2.30991094823e-023, 8.35286884106e-023, 9.64052523448e-023, 9.82060009103e-023, 1.78311531552e-022, 1.46373267182e-022, 1.60117319365e-022, 1.79557590995e-022, 2.91657376199e-022, 4.26300130259e-022, 4.98442103752e-022, 6.76896021542e-022, 1.04318067436e-021, 1.51167044898e-021, 2.09629074725e-021, 6.07256844955e-022]
        var: [1.34058107497e-012, 2.27411813825e-008, 7.89517144995e-008, 3.79567637765e-007, 3.93944475263e-007, 6.60311400225e-007, 4.39239329353e-007, 2.94020679803e-007, 5.7838514067e-007, 4.49013867865e-007, 3.89752514707e-008, 7.9101461381e-008, 4.08932550044e-008, 5.09047453079e-008, 7.11453438385e-008, 1.48222781604e-007, 7.34686906867e-008, 5.60576012276e-008, 1.28811080913e-007, 1.74974800871e-007, 3.14129735557e-008, 1.03298569698e-008, 7.49274975398e-010, 2.21651572097e-010, 1.12194094293e-010, 1.04528900455e-013, 4.7778252034e-019, 5.25184968066e-021]
    mfcc:
        mean: [-714.817321777, 112.774032593, -30.8492622375, 39.9313392639, -7.11854410172, -3.78083014488, -2.45024967194, -4.89037084579, 2.44335389137, -3.3399310112, -2.48275399208, -4.34024858475, 0.0186702944338]
        cov: [[7903.40039063, -1754.21984863, -930.83190918, 372.406951904, -577.145446777, 41.5146942139, -331.500640869, 89.6363143921, 76.9240112305, -6.11234712601, 68.6519546509, -191.724182129, -82.8110809326], [-1754.21984863, 1728.79577637, -58.2681655884, -68.2505340576, 135.448684692, -97.1056518555, 150.741409302, -101.208999634, -37.5846366882, -47.1968345642, -33.1264610291, 67.4587554932, 45.5796203613], [-930.83190918, -58.2681655884, 539.668151855, -87.7546386719, 128.393737793, 7.82597255707, -17.3668899536, 8.64922237396, -43.3332290649, -5.96846055984, -16.9984760284, 35.9633712769, -1.68040561676], [372.406951904, -68.2505340576, -87.7546386719, 238.665542603, 2.71612620354, 24.4989757538, 2.50265264511, -12.6867237091, 22.8936882019, -8.07009410858, -23.9590492249, -14.739233017, 12.2798786163], [-577.145446777, 135.448684692, 128.393737793, 2.71612620354, 210.230911255, 3.00699543953, -3.7462375164, -41.4649925232, -2.15602731705, 18.2964687347, -36.803691864, 20.6863689423, 4.25876283646], [41.5146942139, -97.1056518555, 7.82597255707, 24.4989757538, 3.00699543953, 106.448112488, 22.4620265961, 13.9362421036, 7.85840892792, 6.94014549255, 9.58978366852, -6.47600221634, 0.908187270164], [-331.500640869, 150.741409302, -17.3668899536, 2.50265264511, -3.7462375164, 22.4620265961, 155.286712646, 24.8512020111, 16.0205059052, 5.87122106552, -2.26282453537, 14.8564624786, -7.57155609131], [89.6363143921, -101.208999634, 8.64922237396, -12.6867237091, -41.4649925232, 13.9362421036, 24.8512020111, 89.1509857178, 27.4163951874, 10.8498477936, 21.2674980164, -2.13670110703, -4.04927778244], [76.9240112305, -37.5846366882, -43.3332290649, 22.8936882019, -2.15602731705, 7.85840892792, 16.0205059052, 27.4163951874, 88.1677856445, 35.2422180176, 0.678628027439, -1.99302244186, -6.27134084702], [-6.11234712601, -47.1968345642, -5.96846055984, -8.07009410858, 18.2964687347, 6.94014549255, 5.87122106552, 10.8498477936, 35.2422180176, 90.4834060669, 25.4868965149, 8.00813388824, -7.29302024841], [68.6519546509, -33.1264610291, -16.9984760284, -23.9590492249, -36.803691864, 9.58978366852, -2.26282453537, 21.2674980164, 0.678628027439, 25.4868965149, 82.7594451904, 22.2407817841, 10.2721242905], [-191.724182129, 67.4587554932, 35.9633712769, -14.739233017, 20.6863689423, -6.47600221634, 14.8564624786, -2.13670110703, -1.99302244186, 8.00813388824, 22.2407817841, 72.7795715332, 24.6924209595], [-82.8110809326, 45.5796203613, -1.68040561676, 12.2798786163, 4.25876283646, 0.908187270164, -7.57155609131, -4.04927778244, -6.27134084702, -7.29302024841, 10.2721242905, 24.6924209595, 73.6519165039]]
        icov: [[0.000284970388748, 0.000208562138141, 0.000401950557716, -0.000270202872343, 0.000395366281737, -1.77361698661e-006, 0.000487764016725, -9.79480537353e-005, 7.15063433745e-005, 1.80860679393e-005, 2.91856140393e-005, -1.34543997774e-005, 0.000275799189694], [0.000208562138141, 0.00103053427301, 0.000545251998119, 0.000139897601912, -0.000351577939, 0.00082005438162, -0.000773263804149, 0.000790108228102, 4.18696690758e-005, 0.000592242751736, -0.000175438864972, -0.000207023578696, -0.000283887318801], [0.000401950557716, 0.000545251998119, 0.00330713088624, 0.000511820195243, -0.00133703451138, -0.000265360722551, 0.000944629020523, -0.00156959588639, 0.00155327026732, 0.000358204822987, 0.000720697047655, -0.0013156257337, 0.000704311358277], [-0.000270202872343, 0.000139897601912, 0.000511820195243, 0.00541468942538, -0.000864397617988, -0.00103129562922, -0.000769198464695, 0.00110530096572, -0.0014186874032, 0.000782930059358, 0.00124870520085, 0.000375154311769, -0.00158029678278], [0.000395366281737, -0.000351577939, -0.00133703451138, -0.000864397617988, 0.00852783210576, -0.00127488945145, 0.00143868348096, 0.00258819549344, -0.000516521569807, -0.00300303217955, 0.00369967473671, -0.00183368299622, 0.000345961801941], [-1.77361698661e-006, 0.00082005438162, -0.000265360722551, -0.00103129562922, -0.00127488945145, 0.0113952793181, -0.0027550754603, -0.000189608865185, -0.000164437311469, 0.000397559866542, -0.00250992085785, 0.00216744234785, -0.00105527415872], [0.000487764016725, -0.000773263804149, 0.000944629020523, -0.000769198464695, 0.00143868348096, -0.0027550754603, 0.00980310887098, -0.00352675374597, -8.83918837644e-005, -0.000769122387283, 0.00206395541318, -0.0027765838895, 0.00250075315125], [-9.79480537353e-005, 0.000790108228102, -0.00156959588639, 0.00110530096572, 0.00258819549344, -0.000189608865185, -0.00352675374597, 0.0172069873661, -0.00568786403164, 0.00107235671021, -0.00355569925159, 0.00156216323376, -0.000788992503658], [7.15063433745e-005, 4.18696690758e-005, 0.00155327026732, -0.0014186874032, -0.000516521569807, -0.000164437311469, -8.83918837644e-005, -0.00568786403164, 0.0168127454817, -0.00648487173021, 0.00314058572985, -0.000947203894611, 0.000705549260601], [1.80860679393e-005, 0.000592242751736, 0.000358204822987, 0.000782930059358, -0.00300303217955, 0.000397559866542, -0.000769122387283, 0.00107235671021, -0.00648487173021, 0.0164044089615, -0.00634743226692, -4.60315750388e-005, 0.00165298103821], [2.91856140393e-005, -0.000175438864972, 0.000720697047655, 0.00124870520085, 0.00369967473671, -0.00250992085785, 0.00206395541318, -0.00355569925159, 0.00314058572985, -0.00634743226692, 0.0191823355854, -0.00636180117726, -0.00112024392001], [-1.34543997774e-005, -0.000207023578696, -0.0013156257337, 0.000375154311769, -0.00183368299622, 0.00216744234785, -0.0027765838895, 0.00156216323376, -0.000947203894611, -4.60315750388e-005, -0.00636180117726, 0.0198975875974, -0.00596859911457], [0.000275799189694, -0.000283887318801, 0.000704311358277, -0.00158029678278, 0.000345961801941, -0.00105527415872, 0.00250075315125, -0.000788992503658, 0.000705549260601, 0.00165298103821, -0.00112024392001, -0.00596859911457, 0.0169304385781]]
    sccoeffs:
        dmean: [0.051446788013, 0.0459844879806, 0.0363945811987, 0.0283659789711, 0.0194756034762, 0.0164077691734]
        dmean2: [0.0860749930143, 0.0753422826529, 0.0593332052231, 0.0464212149382, 0.0318938307464, 0.0262390915304]
        dvar: [0.00192317471374, 0.00143129192293, 0.000847599992994, 0.000526123680174, 0.000257113570115, 0.000237278392888]
        dvar2: [0.00524809304625, 0.00365113280714, 0.00219238153659, 0.00136342109181, 0.000651845475659, 0.000546722381841]
        max: [-0.347179681063, -0.431735217571, -0.501019060612, -0.573744237423, -0.604951202869, -0.542347252369]
        mean: [-0.660930931568, -0.734234273434, -0.766590476036, -0.781935632229, -0.796332716942, -0.769808888435]
        median: [-0.668755590916, -0.743218719959, -0.775268375874, -0.789240896702, -0.801572024822, -0.770436882973]
        min: [-0.976331233978, -0.978350579739, -0.985469996929, -0.969645798206, -0.974081933498, -0.961909711361]
        var: [0.00534631824121, 0.00543460343033, 0.00368679035455, 0.00259985728189, 0.00150330422912, 0.00192057876848]
    scvalleys:
        dmean: [0.376533061266, 0.318377554417, 0.27815669775, 0.232397213578, 0.201746448874, 0.195937246084]
        dmean2: [0.632220447063, 0.527460098267, 0.45895037055, 0.37884619832, 0.324660122395, 0.283194899559]
        dvar: [0.102279283106, 0.0704719722271, 0.0602684207261, 0.0490264222026, 0.0632175281644, 0.0740245804191]
        dvar2: [0.270600765944, 0.179159715772, 0.145094200969, 0.107602201402, 0.140933305025, 0.132700487971]
        max: [-5.1932516098, -4.90072441101, -5.23433589935, -5.5934381485, -5.61254024506, -7.33231592178]
        mean: [-6.830098629, -6.49321126938, -7.1196141243, -7.31864023209, -7.49039554596, -9.82967090607]
        median: [-6.69184350967, -6.34316396713, -6.96486663818, -7.05487775803, -7.00479841232, -9.11534118652]
        min: [-27.6931438446, -27.5811004639, -27.5137405396, -27.3831825256, -27.3968982697, -27.3813972473]
        var: [0.96294438839, 1.1357704401, 1.28402614594, 1.56178092957, 2.04756784439, 3.43874979019]

rhythm:
    beats_loudness:
        dmean: 0.00196938239969
        dmean2: 0.00335290352814
        dvar: 3.33642788064e-006
        dvar2: 8.71997508511e-006
        max: 0.0126238744706
        mean: 0.00519004976377
        median: 0.0051476364024
        min: 3.72783892644e-009
        var: 7.54733400754e-006
    bpm: 162.229995728
    bpm_confidence: 0
    first_peak_bpm: 161
    first_peak_spread: 0.0473856031895
    first_peak_weight: 0.785714268684
    onset_rate: 2.28790974617
    second_peak_bpm: 167
    second_peak_spread: 0
    second_peak_weight: 0.128032341599
    beats_loudness_band_ratio:
        dmean: [0.178512021899, 0.12187217176, 0.129023015499, 0.0689211860299, 0.0969600528479, 0.0605212785304]
        dmean2: [0.313842087984, 0.210485711694, 0.229795470834, 0.115904323757, 0.170069783926, 0.103836305439]
        dvar: [0.0193740911782, 0.0146818337962, 0.0169694777578, 0.0059135844931, 0.00794467236847, 0.00477788038552]
        dvar2: [0.0549829043448, 0.0408895127475, 0.0472198016942, 0.0152125107124, 0.0235262550414, 0.0133760534227]
        max: [0.927897930145, 0.924786448479, 0.89995098114, 0.678216397762, 0.680911004543, 0.60855871439]
        mean: [0.273118823767, 0.194055736065, 0.179593488574, 0.116272576153, 0.164331555367, 0.114432364702]
        median: [0.227459326386, 0.14036385715, 0.123036883771, 0.0854175984859, 0.141473203897, 0.106264576316]
        min: [0.00552948238328, 0.0127857299522, 0.00284822657704, 8.51221120683e-005, 2.31467620324e-005, 1.75334207597e-005]
        var: [0.0362616889179, 0.0260428991169, 0.0234718471766, 0.0102490279824, 0.0127658769488, 0.00845361594111]
