
metadata:
    version:
        essentia: "2.1-beta2"
    audio_properties:
        analysis_sample_rate: 44100
        bitrate: 270
        channels: 2
        equal_loudness: 1
        length: 218.174697876
        replay_gain: -15.5023765564
        downmix: "mix"
    tags:
        album: "American Capitalist"
        artist: "Five Finger Death Punch"
        comment: ""
        date: "2011"
        genre: "Metal"
        title: "Under And Over It"
        tracknumber: "2"

configuration:
    average_loudness:
        compute: 1
        frameSize: 88200
        hopSize: 44100
        silentFrames: "noise"
        windowType: "hann"
    general:
        analysisSampleRate: 44100
        endTime: 2000
        equalLoudness: 1
        nequalLoudness: 0
        shortSound: 0
        startTime: 0
    lowlevel:
        compute: 1
        frameSize: 2048
        hopSize: 1024
        zeroPadding: 0
        silentFrames: "noise"
        windowType: "blackmanharris62"
        mfccStats: ["mean", "cov", "icov"]
        stats: ["mean", "var", "median", "min", "max", "dmean", "dmean2", "dvar", "dvar2"]
    panning:
        compute: 0
        frameSize: 8192
        hopSize: 2048
        zeroPadding: 8192
        silentFrames: "noise"
        windowType: "hann"
        stats: ["copy"]
    rhythm:
        compute: 1
        maxTempo: 208
        minTempo: 40
        method: "degara"
        stats: ["mean", "var", "median", "min", "max", "dmean", "dmean2", "dvar", "dvar2"]
    segmentation:
        compute: 0
        cpw: 5
        inc1: 300
        inc2: 50
        minimumSegmentsLength: 10
        size1: 1000
        size2: 600
    sfx:
        compute: 1
        stats: ["mean", "var", "median", "min", "max", "dmean", "dmean2", "dvar", "dvar2"]
    svm:
        compute: 0
    tonal:
        compute: 1
        frameSize: 4096
        hopSize: 2048
        zeroPadding: 0
        silentFrames: "noise"
        windowType: "blackmanharris62"
        stats: ["mean", "var", "median", "min", "max", "dmean", "dmean2", "dvar", "dvar2"]

lowlevel:
    average_loudness: 0.954822659492
    barkbands_kurtosis:
        dmean: 0.64938557148
        dmean2: 1.10668313503
        dvar: 0.717192351818
        dvar2: 1.88758790493
        max: 15.1435852051
        mean: -0.802913725376
        median: -1.0683478117
        min: -1.8392598629
        var: 1.00656461716
    barkbands_skewness:
        dmean: 0.513140022755
        dmean2: 0.875523269176
        dvar: 0.242515727878
        dvar2: 0.700884282589
        max: 3.77594518661
        mean: -0.193270951509
        median: -0.262907981873
        min: -2.51831960678
        var: 0.447791934013
    barkbands_spread:
        dmean: 6.85715007782
        dmean2: 11.2761631012
        dvar: 38.1737365723
        dvar2: 98.5105133057
        max: 74.1970977783
        mean: 35.2575874329
        median: 35.118473053
        min: 4.51103401184
        var: 95.6559448242
    dissonance:
        dmean: 0.00948569923639
        dmean2: 0.0163260120898
        dvar: 8.85410699993e-005
        dvar2: 0.000247906340519
        max: 0.500000119209
        mean: 0.485540658236
        median: 0.488680303097
        min: 0.38985568285
        var: 0.000143427110743
    hfc:
        dmean: 3.18689107895
        dmean2: 5.36094808578
        dvar: 13.9623241425
        dvar2: 36.0167045593
        max: 47.4234313965
        mean: 9.32538795471
        median: 8.50352573395
        min: 1.20615982912e-016
        var: 29.4223194122
    pitch:
        dmean: 939.6484375
        dmean2: 1779.44189453
        dvar: 1482904.75
        dvar2: 3629356.75
        max: 4863.77294922
        mean: 1271.28771973
        median: 421.825500488
        min: 60.3246307373
        var: 1776280.875
    pitch_instantaneous_confidence:
        dmean: 0.0776566714048
        dmean2: 0.128874331713
        dvar: 0.00421299459413
        dvar2: 0.0105783995241
        max: 0.920409500599
        mean: 0.310712665319
        median: 0.285276949406
        min: 0.10906624794
        var: 0.0133952321485
    pitch_salience:
        dmean: 0.076141320169
        dmean2: 0.131480380893
        dvar: 0.00492654461414
        dvar2: 0.0142649291083
        max: 0.976290464401
        mean: 0.668601930141
        median: 0.686864852905
        min: 0.281437069178
        var: 0.00767000578344
    silence_rate_20dB:
        dmean: 0
        dmean2: 0
        dvar: 0
        dvar2: 0
        max: 1
        mean: 1
        median: 1
        min: 1
        var: 0
    silence_rate_30dB:
        dmean: 0
        dmean2: 0
        dvar: 0
        dvar2: 0
        max: 1
        mean: 1
        median: 1
        min: 1
        var: 0
    silence_rate_60dB:
        dmean: 0.11025968194
        dmean2: 0.22054284811
        dvar: 0.0980939343572
        dvar2: 0.200831890106
        max: 1
        mean: 0.244226887822
        median: 0
        min: 0
        var: 0.184594243765
    spectral_centroid:
        dmean: 390.884918213
        dmean2: 679.156494141
        dvar: 157137.796875
        dvar2: 453138.59375
        max: 10937.1708984
        mean: 1819.29382324
        median: 1823.17687988
        min: 298.181671143
        var: 258186.125
    spectral_complexity:
        dmean: 5.01447439194
        dmean2: 8.19478416443
        dvar: 22.2350692749
        dvar2: 52.9124107361
        max: 49
        mean: 17.9706287384
        median: 18
        min: 0
        var: 71.1005249023
    spectral_crest:
        dmean: 2.00087714195
        dmean2: 3.42698359489
        dvar: 3.50549221039
        dvar2: 9.44501018524
        max: 22.5237045288
        mean: 5.97313785553
        median: 5.24550199509
        min: 2.2917072773
        var: 6.37202501297
    spectral_decrease:
        dmean: 3.4641212121e-010
        dmean2: 5.47127565476e-010
        dvar: 1.61026707008e-019
        dvar2: 4.06990438964e-019
        max: 4.75017500385e-029
        mean: -1.13310227867e-009
        median: -1.09493669687e-009
        min: -3.69904906705e-009
        var: 3.38174466222e-019
    spectral_energy:
        dmean: 0.00153085333295
        dmean2: 0.00238458276726
        dvar: 2.83436338577e-006
        dvar2: 7.05908132659e-006
        max: 0.0164769887924
        mean: 0.00512241804972
        median: 0.00496444292367
        min: 1.07609428383e-020
        var: 6.75425599184e-006
    spectral_energyband_high:
        dmean: 0.000233420039876
        dmean2: 0.000416174501879
        dvar: 1.09363462286e-007
        dvar2: 2.98700058465e-007
        max: 0.00293013127521
        mean: 0.000442295829998
        median: 0.000348793633748
        min: 7.45897677349e-021
        var: 1.32294360355e-007
    spectral_energyband_low:
        dmean: 0.000540544628166
        dmean2: 0.00093305791961
        dvar: 5.05982654886e-007
        dvar2: 1.37148538215e-006
        max: 0.0059426613152
        mean: 0.000646930478979
        median: 0.000463042990305
        min: 4.84332764793e-023
        var: 4.38308916273e-007
    spectral_energyband_middle_high:
        dmean: 0.000839959364384
        dmean2: 0.00136987690348
        dvar: 7.7038305335e-007
        dvar2: 1.86857801054e-006
        max: 0.013488044031
        mean: 0.00266306987032
        median: 0.00245613930747
        min: 1.69234781857e-021
        var: 2.44537318395e-006
    spectral_energyband_middle_low:
        dmean: 0.000791613303591
        dmean2: 0.0013609941816
        dvar: 1.61794332598e-006
        dvar2: 4.52375843452e-006
        max: 0.00980201177299
        mean: 0.0014978836989
        median: 0.00105810165405
        min: 2.63714585028e-022
        var: 1.97299823412e-006
    spectral_flatness_db:
        dmean: 0.0137254158035
        dmean2: 0.0230607204139
        dvar: 0.000159217437613
        dvar2: 0.000438969291281
        max: 0.279263138771
        mean: 0.117213964462
        median: 0.114762671292
        min: 0.0605933442712
        var: 0.000597059726715
    spectral_flux:
        dmean: 0.00900355074555
        dmean2: 0.0130576258525
        dvar: 8.00963607617e-005
        dvar2: 0.000144261066453
        max: 0.108640894294
        mean: 0.0460489466786
        median: 0.0458262301981
        min: 1.03734965062e-010
        var: 0.000246921437792
    spectral_kurtosis:
        dmean: 0.711265742779
        dmean2: 1.15960788727
        dvar: 0.59328019619
        dvar2: 1.48758304119
        max: 21.1263923645
        mean: 2.94898366928
        median: 2.72372078896
        min: -1.1863270998
        var: 2.00833678246
    spectral_rms:
        dmean: 0.000321935338434
        dmean2: 0.000487742072437
        dvar: 1.0216237456e-007
        dvar2: 2.40669493223e-007
        max: 0.00400937814265
        mean: 0.00215068715625
        median: 0.00220076320693
        min: 3.24013602407e-012
        var: 3.72011101035e-007
    spectral_rolloff:
        dmean: 436.491668701
        dmean2: 760.358886719
        dvar: 277906.28125
        dvar2: 750905
        max: 19358.3496094
        mean: 3328.48535156
        median: 3359.1796875
        min: 193.798828125
        var: 452258.34375
    spectral_skewness:
        dmean: 0.145627483726
        dmean2: 0.239849805832
        dvar: 0.0215696115047
        dvar2: 0.0542391203344
        max: 3.76493501663
        mean: 1.3917927742
        median: 1.35637688637
        min: 0.0116609130055
        var: 0.0800727903843
    spectral_spread:
        dmean: 493171.90625
        dmean2: 733699.375
        dvar: 422133825536
        dvar2: 796377808896
        max: 39827160
        mean: 5678784
        median: 5504353.5
        min: 1963982.125
        var: 1.77281302528e+012
    spectral_strongpeak:
        dmean: 0.430772602558
        dmean2: 0.744571864605
        dvar: 0.452454328537
        dvar2: 1.18606722355
        max: 10.0082082748
        mean: 0.57579177618
        median: 0.207431718707
        min: 3.88792137374e-010
        var: 0.68582201004
    zerocrossingrate:
        dmean: 0.00851332582533
        dmean2: 0.0111392568797
        dvar: 6.10664210399e-005
        dvar2: 9.73089991021e-005
        max: 0.49658203125
        mean: 0.102742858231
        median: 0.1025390625
        min: 0.02392578125
        var: 0.00038775082794
    barkbands:
        dmean: [8.01610553935e-007, 0.000169679813553, 0.000368124310626, 0.000294645869872, 0.000282778404653, 0.000120961907669, 0.000151684886077, 0.000105008359242, 0.000189583777683, 7.56859080866e-005, 6.33089148323e-005, 9.0610999905e-005, 7.44293356547e-005, 8.15897656139e-005, 0.00010692817159, 0.000178236048669, 0.000208091805689, 0.000244589929935, 0.000225421390496, 0.000182912917808, 0.000114088594273, 5.14161874889e-005, 1.03509255496e-005, 4.33905279351e-006, 2.98917552755e-006, 9.32310726398e-008, 4.16110812473e-010]
        dmean2: [1.19060950965e-006, 0.000288282637484, 0.000658787961584, 0.000548055919353, 0.000506447162479, 0.000199127694941, 0.000250704819337, 0.000173167572939, 0.000297621241771, 0.000122114433907, 0.00010182607366, 0.000147068596561, 0.000120842829347, 0.000132268673042, 0.000175465087523, 0.000295157748042, 0.000344084488461, 0.000419956486439, 0.000376584881451, 0.000321709288983, 0.000201101589482, 9.10522503546e-005, 1.75726981979e-005, 7.13554845788e-006, 4.92167964694e-006, 1.50670985022e-007, 6.833101307e-010]
        dvar: [1.18898879457e-012, 3.59316132403e-008, 3.21834903616e-007, 3.14062731377e-007, 4.90181776058e-007, 6.24442719754e-008, 1.71970981455e-007, 4.02108213393e-008, 1.28485666551e-007, 2.00646681492e-008, 1.86396089674e-008, 3.61198750909e-008, 1.73790883906e-008, 1.86852648909e-008, 3.03795779644e-008, 5.17314404647e-008, 6.14576336488e-008, 8.93428264703e-008, 1.14856774758e-007, 6.1157578557e-008, 2.37600961128e-008, 5.11954700855e-009, 2.03911929009e-010, 5.47395774542e-011, 2.70734424462e-011, 2.54975822899e-014, 2.74277064498e-019]
        dvar2: [2.3572422226e-012, 9.57598658147e-008, 8.82886752152e-007, 9.54582105805e-007, 1.37381198329e-006, 1.51417097527e-007, 4.3659585458e-007, 1.04850393257e-007, 3.01926462498e-007, 4.85463687028e-008, 4.63917011473e-008, 9.29996346599e-008, 4.22436592373e-008, 4.65310137088e-008, 8.04388946563e-008, 1.3407462518e-007, 1.55787716949e-007, 2.31663563e-007, 2.7424400173e-007, 1.64519292412e-007, 6.44561737317e-008, 1.42008893533e-008, 4.9213649822e-010, 1.2328678356e-010, 6.27685403654e-011, 5.99237321005e-014, 6.63989871815e-019]
        max: [1.057692225e-005, 0.00136014912277, 0.00399116892368, 0.0042411996983, 0.00585145922378, 0.00562828965485, 0.00731082586572, 0.00391583936289, 0.00879594031721, 0.00332355755381, 0.00290487147868, 0.00383568927646, 0.00244050729088, 0.00224467995577, 0.00322697218508, 0.00348706333898, 0.00626850919798, 0.00845880620182, 0.011464218609, 0.00410870043561, 0.0013069123961, 0.000759242568165, 0.000341339618899, 0.000175496737938, 9.54882489168e-005, 6.0274360294e-006, 8.48068903991e-009]
        mean: [9.15720988814e-007, 0.000218978719204, 0.000324869615724, 0.000260191154666, 0.000293549033813, 0.000182294257684, 0.000188095073099, 0.000149132465594, 0.000382972182706, 0.000124659854919, 9.7178373835e-005, 0.000146757607581, 0.000125553837279, 0.000143245197251, 0.000202691066079, 0.000350182439433, 0.00044898680062, 0.000421069853473, 0.000445954996394, 0.000298696133541, 0.000194143649423, 8.64195171744e-005, 1.96499931917e-005, 9.53468952503e-006, 6.4830383053e-006, 2.12125783605e-007, 8.09887212849e-010]
        median: [3.16966435321e-007, 0.000179264286999, 0.000165765392012, 0.000100373268651, 0.000141229116707, 9.35407588258e-005, 6.36274708086e-005, 6.28052948741e-005, 0.000114187678264, 5.7409695728e-005, 3.90385939681e-005, 5.88820912526e-005, 6.52564704069e-005, 8.09547200333e-005, 0.000115237671707, 0.000258030660916, 0.000368621636881, 0.000341480015777, 0.000294486118946, 0.000215703970753, 0.000149561295984, 6.12052026554e-005, 1.32391069201e-005, 6.29772466709e-006, 4.35005676991e-006, 1.53785293833e-007, 5.53969203843e-010]
        min: [2.16016274477e-023, 7.24443864764e-024, 2.20671311124e-023, 3.07492237948e-023, 1.21834328775e-022, 3.14273917378e-023, 1.65814302429e-023, 3.1235294641e-023, 2.28790882872e-023, 2.45358302946e-023, 2.80052973537e-023, 7.78527458451e-023, 1.2668381648e-022, 3.38627795327e-022, 7.76386679281e-023, 3.6832529083e-022, 1.99953217357e-022, 1.87984733299e-022, 1.23109607625e-022, 2.70358964795e-022, 5.0042851862e-022, 4.81790953982e-022, 5.41192508311e-022, 9.08711924084e-022, 1.18745725023e-021, 1.52808784349e-021, 2.68150770203e-021]
        var: [1.85315543293e-012, 3.84744680559e-008, 2.38352129145e-007, 2.39268075575e-007, 3.47686921032e-007, 9.84846977303e-008, 1.96231582095e-007, 5.56295631782e-008, 5.52338576654e-007, 4.77243204955e-008, 3.20207149684e-008, 6.27629219707e-008, 3.50852111808e-008, 3.70165338381e-008, 6.56375931385e-008, 1.06391695454e-007, 1.23108918615e-007, 1.2552249018e-007, 2.52791892308e-007, 7.95948480459e-008, 3.00738385306e-008, 7.14696479776e-009, 4.41166186915e-010, 1.25311774846e-010, 5.61416260703e-011, 6.83276677425e-014, 6.0913642347e-019]
    frequency_bands:
        dmean: [8.01610553935e-007, 0.000169679813553, 0.000368124310626, 0.000294645869872, 0.000282778404653, 0.000120961907669, 0.000151684886077, 0.000105008359242, 0.000189583777683, 7.56859080866e-005, 6.33089148323e-005, 9.0610999905e-005, 7.44293356547e-005, 8.15897656139e-005, 0.00010692817159, 0.000178236048669, 0.000208091805689, 0.000244589929935, 0.000225421390496, 0.000182912917808, 0.000114088594273, 5.14161874889e-005, 1.03509255496e-005, 4.33905279351e-006, 2.98917552755e-006, 9.32310726398e-008, 4.16110812473e-010, 5.87221660187e-011]
        dmean2: [1.19060950965e-006, 0.000288282637484, 0.000658787961584, 0.000548055919353, 0.000506447162479, 0.000199127694941, 0.000250704819337, 0.000173167572939, 0.000297621241771, 0.000122114433907, 0.00010182607366, 0.000147068596561, 0.000120842829347, 0.000132268673042, 0.000175465087523, 0.000295157748042, 0.000344084488461, 0.000419956486439, 0.000376584881451, 0.000321709288983, 0.000201101589482, 9.10522503546e-005, 1.75726981979e-005, 7.13554845788e-006, 4.92167964694e-006, 1.50670985022e-007, 6.833101307e-010, 1.08561791501e-010]
        dvar: [1.18898879457e-012, 3.59316132403e-008, 3.21834903616e-007, 3.14062731377e-007, 4.90181776058e-007, 6.24442719754e-008, 1.71970981455e-007, 4.02108213393e-008, 1.28485666551e-007, 2.00646681492e-008, 1.86396089674e-008, 3.61198750909e-008, 1.73790883906e-008, 1.86852648909e-008, 3.03795779644e-008, 5.17314404647e-008, 6.14576336488e-008, 8.93428264703e-008, 1.14856774758e-007, 6.1157578557e-008, 2.37600961128e-008, 5.11954700855e-009, 2.03911929009e-010, 5.47395774542e-011, 2.70734424462e-011, 2.54975822899e-014, 2.74277064498e-019, 5.85803937983e-021]
        dvar2: [2.3572422226e-012, 9.57598658147e-008, 8.82886752152e-007, 9.54582105805e-007, 1.37381198329e-006, 1.51417097527e-007, 4.3659585458e-007, 1.04850393257e-007, 3.01926462498e-007, 4.85463687028e-008, 4.63917011473e-008, 9.29996346599e-008, 4.22436592373e-008, 4.65310137088e-008, 8.04388946563e-008, 1.3407462518e-007, 1.55787716949e-007, 2.31663563e-007, 2.7424400173e-007, 1.64519292412e-007, 6.44561737317e-008, 1.42008893533e-008, 4.9213649822e-010, 1.2328678356e-010, 6.27685403654e-011, 5.99237321005e-014, 6.63989871815e-019, 1.82856206938e-020]
        max: [1.057692225e-005, 0.00136014912277, 0.00399116892368, 0.0042411996983, 0.00585145922378, 0.00562828965485, 0.00731082586572, 0.00391583936289, 0.00879594031721, 0.00332355755381, 0.00290487147868, 0.00383568927646, 0.00244050729088, 0.00224467995577, 0.00322697218508, 0.00348706333898, 0.00626850919798, 0.00845880620182, 0.011464218609, 0.00410870043561, 0.0013069123961, 0.000759242568165, 0.000341339618899, 0.000175496737938, 9.54882489168e-005, 6.0274360294e-006, 8.48068903991e-009, 8.95279961277e-010]
        mean: [9.15720988814e-007, 0.000218978719204, 0.000324869615724, 0.000260191154666, 0.000293549033813, 0.000182294257684, 0.000188095073099, 0.000149132465594, 0.000382972182706, 0.000124659854919, 9.7178373835e-005, 0.000146757607581, 0.000125553837279, 0.000143245197251, 0.000202691066079, 0.000350182439433, 0.00044898680062, 0.000421069853473, 0.000445954996394, 0.000298696133541, 0.000194143649423, 8.64195171744e-005, 1.96499931917e-005, 9.53468952503e-006, 6.4830383053e-006, 2.12125783605e-007, 8.09887212849e-010, 4.62138487201e-011]
        median: [3.16966435321e-007, 0.000179264286999, 0.000165765392012, 0.000100373268651, 0.000141229116707, 9.35407588258e-005, 6.36274708086e-005, 6.28052948741e-005, 0.000114187678264, 5.7409695728e-005, 3.90385939681e-005, 5.88820912526e-005, 6.52564704069e-005, 8.09547200333e-005, 0.000115237671707, 0.000258030660916, 0.000368621636881, 0.000341480015777, 0.000294486118946, 0.000215703970753, 0.000149561295984, 6.12052026554e-005, 1.32391069201e-005, 6.29772466709e-006, 4.35005676991e-006, 1.53785293833e-007, 5.53969203843e-010, 1.85717830004e-011]
        min: [2.16016274477e-023, 7.24443864764e-024, 2.20671311124e-023, 3.07492237948e-023, 1.21834328775e-022, 3.14273917378e-023, 1.65814302429e-023, 3.1235294641e-023, 2.28790882872e-023, 2.45358302946e-023, 2.80052973537e-023, 7.78527458451e-023, 1.2668381648e-022, 3.38627795327e-022, 7.76386679281e-023, 3.6832529083e-022, 1.99953217357e-022, 1.87984733299e-022, 1.23109607625e-022, 2.70358964795e-022, 5.0042851862e-022, 4.81790953982e-022, 5.41192508311e-022, 9.08711924084e-022, 1.18745725023e-021, 1.52808784349e-021, 2.68150770203e-021, 8.03071003806e-022]
        var: [1.85315543293e-012, 3.84744680559e-008, 2.38352129145e-007, 2.39268075575e-007, 3.47686921032e-007, 9.84846977303e-008, 1.96231582095e-007, 5.56295631782e-008, 5.52338576654e-007, 4.77243204955e-008, 3.20207149684e-008, 6.27629219707e-008, 3.50852111808e-008, 3.70165338381e-008, 6.56375931385e-008, 1.06391695454e-007, 1.23108918615e-007, 1.2552249018e-007, 2.52791892308e-007, 7.95948480459e-008, 3.00738385306e-008, 7.14696479776e-009, 4.41166186915e-010, 1.25311774846e-010, 5.61416260703e-011, 6.83276677425e-014, 6.0913642347e-019, 4.92934173413e-021]
    mfcc:
        mean: [-680.516906738, 86.1762161255, -41.9957389832, 45.9039039612, -1.45153331757, -1.30408084393, -0.391822069883, 3.02322483063, 7.0448923111, -2.19934129715, 1.02467465401, -1.86263418198, -2.15686058998]
        cov: [[3785.04516602, 349.895263672, -245.580276489, 185.418655396, -208.311584473, 0.461218595505, -49.8744735718, 49.3058815002, 77.7875747681, 26.1212272644, 77.004486084, -25.533449173, -32.9318161011], [349.895263672, 459.568756104, -94.7470779419, 48.7367897034, 36.580280304, -23.68516922, 22.5366020203, 23.3557071686, 18.1231040955, -12.6243438721, 10.8738307953, 20.2314052582, 12.1272325516], [-245.580276489, -94.7470779419, 310.335174561, 18.2437763214, 58.3947753906, 27.1358165741, -6.80653524399, 4.39687395096, -16.1416397095, -8.96167564392, -24.6513729095, 4.78373384476, -3.05201888084], [185.418655396, 48.7367897034, 18.2437763214, 225.185287476, 64.0416030884, 32.2664337158, 17.2361736298, -17.7054195404, 7.46595525742, 11.5064973831, -16.5622234344, -29.575553894, -20.5282402039], [-208.311584473, 36.580280304, 58.3947753906, 64.0416030884, 217.299438477, 33.4154548645, -32.6622657776, -51.7584762573, -28.3452739716, 16.6978626251, -19.8017234802, 10.3087463379, 13.1939334869], [0.461218595505, -23.68516922, 27.1358165741, 32.2664337158, 33.4154548645, 91.2310714722, 26.4182319641, 0.387901335955, 7.46105718613, 17.5797843933, 8.13139343262, -5.40304231644, -7.23448371887], [-49.8744735718, 22.5366020203, -6.80653524399, 17.2361736298, -32.6622657776, 26.4182319641, 129.717102051, 65.6696624756, 28.630859375, 4.7935423851, -1.61343955994, -9.89008426666, -18.3235359192], [49.3058815002, 23.3557071686, 4.39687395096, -17.7054195404, -51.7584762573, 0.387901335955, 65.6696624756, 101.481407166, 43.8495025635, 5.999604702, 8.15445804596, -2.27318310738, -5.60985374451], [77.7875747681, 18.1231040955, -16.1416397095, 7.46595525742, -28.3452739716, 7.46105718613, 28.630859375, 43.8495025635, 78.6199264526, 36.7743721008, 19.2968406677, -5.01211833954, -9.05560684204], [26.1212272644, -12.6243438721, -8.96167564392, 11.5064973831, 16.6978626251, 17.5797843933, 4.7935423851, 5.999604702, 36.7743721008, 87.2144699097, 38.938621521, 2.75764584541, -6.30697250366], [77.004486084, 10.8738307953, -24.6513729095, -16.5622234344, -19.8017234802, 8.13139343262, -1.61343955994, 8.15445804596, 19.2968406677, 38.938621521, 73.5166549683, 27.2234573364, 11.080165863], [-25.533449173, 20.2314052582, 4.78373384476, -29.575553894, 10.3087463379, -5.40304231644, -9.89008426666, -2.27318310738, -5.01211833954, 2.75764584541, 27.2234573364, 60.8997039795, 32.2941474915], [-32.9318161011, 12.1272325516, -3.05201888084, -20.5282402039, 13.1939334869, -7.23448371887, -18.3235359192, -5.60985374451, -9.05560684204, -6.30697250366, 11.080165863, 32.2941474915, 60.5826759338]]
        icov: [[0.000367961358279, -0.000275430240436, 0.000167466394487, -0.000434723275248, 0.000534286838956, -0.000312601187034, 0.00063236837741, -0.000322634878103, 2.95985882985e-005, -5.99691120442e-005, -0.000151865577209, -1.74168617377e-005, 0.000159224640811], [-0.000275430240436, 0.003011303721, 0.000868981413078, -0.000450034451205, -0.0015847600298, 0.00128178950399, -0.000799196772277, -0.000673113856465, -0.000816400628537, 0.00148279056884, -0.000674382667057, -0.00102783355396, 3.64932020602e-005], [0.000167466394487, 0.000868981413078, 0.00414766464382, -0.00059086055262, -0.000923328392673, -0.00103695737198, 0.00114446913358, -0.00214207195677, 0.000619073805865, 0.00037788588088, 0.00119299464859, -0.00166550255381, 0.000952373957261], [-0.000434723275248, -0.000450034451205, -0.00059086055262, 0.00639416417107, -0.00200023083016, -0.00062745960895, -0.00199688691646, 0.00233802176081, -0.00127694115508, -3.52206916432e-005, 0.000265643553576, 0.00283008837141, 0.00021214451408], [0.000534286838956, -0.0015847600298, -0.000923328392673, -0.00200023083016, 0.00859417859465, -0.00312469992787, 0.00198106747121, 0.00174632773269, 0.00222695269622, -0.00427131075412, 0.00414592865855, -0.00231412169524, -0.00123703479767], [-0.000312601187034, 0.00128178950399, -0.00103695737198, -0.00062745960895, -0.00312469992787, 0.0148881860077, -0.00484735518694, 0.00206161034293, -0.00104731321335, -4.95774511364e-005, -0.00356682529673, 0.00188048416749, -1.99533933483e-005], [0.00063236837741, -0.000799196772277, 0.00114446913358, -0.00199688691646, 0.00198106747121, -0.00484735518694, 0.0148697560653, -0.00959133543074, 0.00111989956349, -0.000574915495235, 0.00200879503973, -0.00166825065389, 0.0031131694559], [-0.000322634878103, -0.000673113856465, -0.00214207195677, 0.00233802176081, 0.00174632773269, 0.00206161034293, -0.00959133543074, 0.0215465109795, -0.00907082669437, 0.00175117829349, -0.000767099438235, 0.00111677008681, -0.00202479539439], [2.95985882985e-005, -0.000816400628537, 0.000619073805865, -0.00127694115508, 0.00222695269622, -0.00104731321335, 0.00111989956349, -0.00907082669437, 0.0231457836926, -0.00939426571131, 0.000236479958403, 0.000873785989825, 0.00063942844281], [-5.99691120442e-005, 0.00148279056884, 0.00037788588088, -3.52206916432e-005, -0.00427131075412, -4.95774511364e-005, -0.000574915495235, 0.00175117829349, -0.00939426571131, 0.0217420142144, -0.011658815667, 0.00234310608357, 0.00233280984685], [-0.000151865577209, -0.000674382667057, 0.00119299464859, 0.000265643553576, 0.00414592865855, -0.00356682529673, 0.00200879503973, -0.000767099438235, 0.000236479958403, -0.011658815667, 0.0264194030315, -0.0115536022931, -0.000441328855231], [-1.74168617377e-005, -0.00102783355396, -0.00166550255381, 0.00283008837141, -0.00231412169524, 0.00188048416749, -0.00166825065389, 0.00111677008681, 0.000873785989825, 0.00234310608357, -0.0115536022931, 0.0301937703043, -0.0122087290511], [0.000159224640811, 3.64932020602e-005, 0.000952373957261, 0.00021214451408, -0.00123703479767, -1.99533933483e-005, 0.0031131694559, -0.00202479539439, 0.00063942844281, 0.00233280984685, -0.000441328855231, -0.0122087290511, 0.024653730914]]
    sccoeffs:
        dmean: [0.0724148228765, 0.0492170862854, 0.0360779725015, 0.0283272117376, 0.0216971058398, 0.0184434056282]
        dmean2: [0.123210884631, 0.0813041776419, 0.0601402036846, 0.0472370348871, 0.0362613983452, 0.0305498689413]
        dvar: [0.00345669221133, 0.00154114712495, 0.000800174835604, 0.000486513454234, 0.000303429405903, 0.000275253929431]
        dvar2: [0.00943789724261, 0.00406212173402, 0.00217904732563, 0.00133358477615, 0.000806534255389, 0.00070772372419]
        max: [-0.348547697067, -0.425153195858, -0.537470340729, -0.560758948326, -0.624584197998, -0.631768941879]
        mean: [-0.671898186207, -0.773090064526, -0.794219851494, -0.79907399416, -0.793526828289, -0.773170530796]
        median: [-0.677919268608, -0.780884981155, -0.805712938309, -0.805118858814, -0.795493304729, -0.774421811104]
        min: [-0.958397805691, -0.995247602463, -0.9752202034, -0.960999846458, -0.95513355732, -0.960167586803]
        var: [0.00540717737749, 0.00407656747848, 0.0035181324929, 0.0017287035007, 0.000955705472734, 0.00125105085317]
    scvalleys:
        dmean: [0.381550908089, 0.345650911331, 0.290356010199, 0.248635843396, 0.271602362394, 0.241579636931]
        dmean2: [0.641751348972, 0.569018542767, 0.460872799158, 0.392837971449, 0.443743139505, 0.38617375493]
        dvar: [0.103958025575, 0.082019098103, 0.0627578049898, 0.0520366169512, 0.0864504575729, 0.0896345600486]
        dvar2: [0.267339557409, 0.194222822785, 0.133133351803, 0.104304395616, 0.194424569607, 0.186061784625]
        max: [-5.43091869354, -4.87432384491, -5.01963663101, -5.49374437332, -5.61659240723, -7.45978069305]
        mean: [-6.74137926102, -6.56353092194, -6.78100538254, -6.81576824188, -6.75602579117, -8.97651481628]
        median: [-6.54208040237, -6.43480157852, -6.69618749619, -6.69220352173, -6.6337146759, -8.86403942108]
        min: [-27.2749004364, -27.5374145508, -27.0864105225, -27.5128555298, -27.2877311707, -27.2614021301]
        var: [1.84808051586, 1.21754670143, 1.19192612171, 0.880706906319, 0.908920168877, 0.997288882732]

rhythm:
    beats_loudness:
        dmean: 0.00154306716286
        dmean2: 0.00276228948496
        dvar: 1.93301298168e-006
        dvar2: 5.63242247154e-006
        max: 0.016673790291
        mean: 0.00644167466089
        median: 0.00643734401092
        min: 1.21309897891e-011
        var: 3.04342165691e-006
    bpm: 151.998916626
    bpm_confidence: 0
    first_peak_bpm: 152
    first_peak_spread: 0.0330739282072
    first_peak_weight: 0.905282318592
    onset_rate: 3.54761600494
    second_peak_bpm: 157
    second_peak_spread: 0.0588235333562
    second_peak_weight: 0.0291438978165
    beats_loudness_band_ratio:
        dmean: [0.120779804885, 0.0492900311947, 0.0806473642588, 0.0607585720718, 0.0969002470374, 0.0621485896409]
        dmean2: [0.202498301864, 0.0881159380078, 0.136662513018, 0.102698594332, 0.160524263978, 0.107780069113]
        dvar: [0.0101478658617, 0.00249895011075, 0.00759484432638, 0.00436521414667, 0.00774750532582, 0.00374443200417]
        dvar2: [0.0254720244557, 0.007485459093, 0.0191362723708, 0.0115574160591, 0.0210286993533, 0.00956093613058]
        max: [0.748381257057, 0.400643706322, 0.592949211597, 0.540328621864, 0.730671226978, 0.737172305584]
        mean: [0.347478449345, 0.0701595246792, 0.123218856752, 0.0962389037013, 0.247769638896, 0.144027218223]
        median: [0.337244719267, 0.058872807771, 0.0831258445978, 0.0717319175601, 0.22658662498, 0.126583456993]
        min: [0, 0, 0, 0, 0, 0]
        var: [0.0320799387991, 0.00267083197832, 0.0116605469957, 0.00561680085957, 0.0107900928706, 0.00679508829489]
    beats_position: [0.417959183455, 0.847528338432, 1.27709746361, 1.70666658878, 2.13623571396, 2.55419492722, 2.94893407822, 3.34367346764, 3.73841261864, 4.13315200806, 4.52789115906, 4.92263031006, 5.31736946106, 5.71210861206, 6.10684776306, 6.5015873909, 6.8963265419, 7.2910656929, 7.6858048439, 8.08054447174, 8.47528362274, 8.87002277374, 9.26476192474, 9.65950107574, 10.0542402267, 10.4489793777, 10.8437185287, 11.2384576797, 11.6331968307, 12.0279359818, 12.4226751328, 12.8174142838, 13.2121543884, 13.6068935394, 14.0016326904, 14.3963718414, 14.7911109924, 15.1858501434, 15.5805892944, 15.9753284454, 16.3700675964, 16.7648067474, 17.1595458984, 17.5542850494, 17.9490242004, 18.3437633514, 18.7385025024, 19.1332416534, 19.5279808044, 19.9227199554, 20.3174591064, 20.7121982574, 21.1069393158, 21.5016784668, 21.8964176178, 22.2911567688, 22.6858959198, 23.0806350708, 23.4753742218, 23.8701133728, 24.2648525238, 24.6595916748, 25.0543308258, 25.4490699768, 25.8438091278, 26.2385482788, 26.6332874298, 27.0280265808, 27.4227657318, 27.8175048828, 28.2122440338, 28.6069831848, 29.0017223358, 29.3964614868, 29.7912006378, 30.1859397888, 30.5806789398, 30.9754180908, 31.3701572418, 31.7648983002, 32.1596374512, 32.5543746948, 32.9491157532, 33.3438529968, 33.7385940552, 34.1333312988, 34.5280723572, 34.9228096008, 35.3175506592, 35.7122879028, 36.1070289612, 36.5017662048, 36.8965072632, 37.2912483215, 37.6859855652, 38.0807266235, 38.4754638672, 38.8702049255, 39.2649421692, 39.6596832275, 40.0544204712, 40.4491615295, 40.8438987732, 41.2386398315, 41.6333770752, 42.0281181335, 42.4228553772, 42.8175964355, 43.2123336792, 43.6070747375, 44.0018119812, 44.3965530396, 44.7912902832, 45.1860313416, 45.5807685852, 45.9755096436, 46.3702468872, 46.7649879456, 47.1597251892, 47.5544662476, 47.9492073059, 48.355556488, 48.7386856079, 49.14503479, 49.5513839722, 49.9461212158, 50.3292503357, 50.7123794556, 51.1071205139, 51.5018577576, 51.8965988159, 52.2913360596, 52.6860771179, 53.0808143616, 53.4755554199, 53.8702926636, 54.2650337219, 54.6597709656, 55.0545120239, 55.4492492676, 55.8439903259, 56.2387275696, 56.6334686279, 57.0282058716, 57.4229469299, 57.8176841736, 58.2124252319, 58.6071662903, 59.0019035339, 59.3966445923, 59.7913818359, 60.1861228943, 60.5808601379, 60.9756011963, 61.3703384399, 61.7650794983, 62.1598167419, 62.5545578003, 62.9492950439, 63.3440361023, 63.7387733459, 64.1335144043, 64.5282516479, 64.9229888916, 65.3177337646, 65.7124710083, 66.107208252, 66.5019454956, 66.8966903687, 67.2914276123, 67.686164856, 68.0809020996, 68.4756469727, 68.8703842163, 69.26512146, 69.659866333, 70.0546035767, 70.4493408203, 70.844078064, 71.238822937, 71.6335601807, 72.0282974243, 72.423034668, 72.817779541, 73.2125167847, 73.6072540283, 74.001991272, 74.396736145, 74.7914733887, 75.1862106323, 75.580947876, 75.975692749, 76.3704299927, 76.7651672363, 77.15990448, 77.554649353, 77.9493865967, 78.3441238403, 78.738861084, 79.133605957, 79.5283432007, 79.9230804443, 80.3178253174, 80.712562561, 81.1072998047, 81.5020370483, 81.8967819214, 82.291519165, 82.6862564087, 83.0809936523, 83.4757385254, 83.870475769, 84.2652130127, 84.6599502563, 85.0546951294, 85.449432373, 85.8441696167, 86.2389068604, 86.6336517334, 87.0283889771, 87.4231262207, 87.8178634644, 88.2126083374, 88.6073455811, 89.0020828247, 89.3968200684, 89.7915649414, 90.1863021851, 90.5810394287, 90.9757843018, 91.3705215454, 91.7652587891, 92.1599960327, 92.5547409058, 92.9494781494, 93.3442153931, 93.7389526367, 94.1336975098, 94.5284347534, 94.9231719971, 95.3179092407, 95.7126541138, 96.1073913574, 96.5021286011, 96.8968658447, 97.2916107178, 97.6863479614, 98.0810852051, 98.4758224487, 98.8705673218, 99.2653045654, 99.6600418091, 100.054779053, 100.449523926, 100.855873108, 101.238998413, 101.633743286, 102.02848053, 102.423217773, 102.817955017, 103.21269989, 103.607437134, 104.002174377, 104.396911621, 104.791656494, 105.186393738, 105.581130981, 105.975868225, 106.370613098, 106.765350342, 107.171699524, 107.554824829, 107.949569702, 108.344306946, 108.739044189, 109.133781433, 109.528526306, 109.92326355, 110.318000793, 110.712738037, 111.10748291, 111.502220154, 111.920181274, 112.326530457, 112.732879639, 113.116004944, 113.499137878, 113.870658875, 114.265396118, 114.660133362, 115.054870605, 115.449615479, 115.855964661, 116.239089966, 116.633827209, 117.028572083, 117.423309326, 117.81804657, 118.212783813, 118.607528687, 119.00226593, 119.397003174, 119.791740417, 120.186485291, 120.581222534, 120.975959778, 121.370697021, 121.765441895, 122.160179138, 122.554916382, 122.949661255, 123.344398499, 123.739135742, 124.133872986, 124.528617859, 124.923355103, 125.318092346, 125.71282959, 126.107574463, 126.502311707, 126.89704895, 127.291786194, 127.686531067, 128.081268311, 128.476013184, 128.870742798, 129.265487671, 129.660217285, 130.054962158, 130.46131897, 130.844436646, 131.239181519, 131.633926392, 132.028656006, 132.423400879, 132.818145752, 133.212875366, 133.607620239, 134.002349854, 134.397094727, 134.7918396, 135.186569214, 135.581314087, 135.97605896, 136.370788574, 136.765533447, 137.160263062, 137.555007935, 137.949752808, 138.344482422, 138.739227295, 139.133972168, 139.528701782, 139.923446655, 140.31817627, 140.712921143, 141.107666016, 141.50239563, 141.897140503, 142.291885376, 142.68661499, 143.081359863, 143.476104736, 143.870834351, 144.265579224, 144.660308838, 145.055053711, 145.449798584, 145.844528198, 146.239273071, 146.634017944, 147.028747559, 147.423492432, 147.818222046, 148.20135498, 148.607711792, 149.002441406, 149.397186279, 149.791931152, 150.198272705, 150.593017578, 150.999359131, 151.382492065, 151.765625, 152.160354614, 152.555099487, 152.94984436, 153.344573975, 153.739318848, 154.134063721, 154.528793335, 154.923538208, 155.318267822, 155.713012695, 156.107757568, 156.502487183, 156.897232056, 157.291976929, 157.686706543, 158.081451416, 158.47618103, 158.870925903, 159.265670776, 159.660400391, 160.055145264, 160.449890137, 160.844619751, 161.239364624, 161.634094238, 162.028839111, 162.423583984, 162.818313599, 163.213058472, 163.607803345, 164.002532959, 164.397277832, 164.792022705, 165.186752319, 165.581497192, 165.976226807, 166.37097168, 166.765716553, 167.160446167, 167.55519104, 167.949935913, 168.344665527, 168.7394104, 169.145751953, 169.552108765, 169.946838379, 170.329971313, 170.713104248, 171.107849121, 171.502578735, 171.897323608, 172.292053223, 172.686798096, 173.081542969, 173.476272583, 173.871017456, 174.265762329, 174.660491943, 175.055236816, 175.449981689, 175.844711304, 176.239456177, 176.634185791, 177.028930664, 177.423675537, 177.818405151, 178.213150024, 178.607894897, 179.002624512, 179.397369385, 179.792098999, 180.186843872, 180.581588745, 180.976318359, 181.371063232, 181.765808105, 182.16053772, 182.555282593, 182.950012207, 183.34475708, 183.739501953, 184.134231567, 184.52897644, 184.923721313, 185.318450928, 185.713195801, 186.107940674, 186.502670288, 186.9090271, 187.303756714, 187.686889648, 188.081634521, 188.476364136, 188.871109009, 189.277450562, 189.660583496, 190.055328369, 190.450057983, 190.844802856, 191.239547729, 191.634277344, 192.029022217, 192.42376709, 192.818496704, 193.213241577, 193.607971191, 194.002716064, 194.397460938, 194.792190552, 195.186935425, 195.581680298, 195.976409912, 196.371154785, 196.765899658, 197.160629272, 197.555374146, 197.95010376, 198.344848633, 198.739593506, 199.13432312, 199.529067993, 199.923812866, 200.31854248, 200.713287354, 201.108016968, 201.502761841, 201.897506714, 202.292236328, 202.686981201, 203.081726074, 203.476455688, 203.871200562, 204.265930176, 204.660675049, 205.055419922, 205.450149536, 205.844894409, 206.239639282, 206.634368896, 207.02911377, 207.423858643, 207.818588257, 208.21333313, 208.608062744, 209.002807617, 209.39755249, 209.792282104, 210.187026978, 210.581771851, 210.976501465, 211.371246338, 211.765975952, 212.160720825, 212.567077637, 212.985031128, 213.402984619, 213.832565308, 214.273742676, 214.714920044, 215.132873535, 215.550842285, 215.968795776, 216.386749268, 216.804718018, 217.234283447, 217.663848877]
