
metadata:
    version:
        essentia: "2.1-beta2"
    audio_properties:
        analysis_sample_rate: 44100
        bitrate: 320
        channels: 2
        equal_loudness: 1
        length: 178.155105591
        replay_gain: -14.0118656158
        downmix: "mix"
    tags:
        album: "Got Your Six (Deluxe Edition)"
        artist: "Five Finger Death Punch"
        comment: ""
        date: "2015"
        genre: "Heavy Metal"
        title: "Got Your Six"
        tracknumber: "01"

configuration:
    average_loudness:
        compute: 1
        frameSize: 88200
        hopSize: 44100
        silentFrames: "noise"
        windowType: "hann"
    general:
        analysisSampleRate: 44100
        endTime: 2000
        equalLoudness: 1
        nequalLoudness: 0
        shortSound: 0
        startTime: 0
    lowlevel:
        compute: 1
        frameSize: 2048
        hopSize: 1024
        zeroPadding: 0
        silentFrames: "noise"
        windowType: "blackmanharris62"
        mfccStats: ["mean", "cov", "icov"]
        stats: ["mean", "var", "median", "min", "max", "dmean", "dmean2", "dvar", "dvar2"]
    panning:
        compute: 0
        frameSize: 8192
        hopSize: 2048
        zeroPadding: 8192
        silentFrames: "noise"
        windowType: "hann"
        stats: ["copy"]
    rhythm:
        compute: 1
        maxTempo: 208
        minTempo: 40
        method: "degara"
        stats: ["mean", "var", "median", "min", "max", "dmean", "dmean2", "dvar", "dvar2"]
    segmentation:
        compute: 0
        cpw: 5
        inc1: 300
        inc2: 50
        minimumSegmentsLength: 10
        size1: 1000
        size2: 600
    sfx:
        compute: 1
        stats: ["mean", "var", "median", "min", "max", "dmean", "dmean2", "dvar", "dvar2"]
    svm:
        compute: 0
    tonal:
        compute: 1
        frameSize: 4096
        hopSize: 2048
        zeroPadding: 0
        silentFrames: "noise"
        windowType: "blackmanharris62"
        stats: ["mean", "var", "median", "min", "max", "dmean", "dmean2", "dvar", "dvar2"]

lowlevel:
    average_loudness: 0.91857111454
    barkbands_kurtosis:
        dmean: 0.7098082304
        dmean2: 1.15607988834
        dvar: 1.1103720665
        dvar2: 2.65019869804
        max: 22.1873435974
        mean: -0.475163698196
        median: -0.932861030102
        min: -1.85561811924
        var: 2.72378635406
    barkbands_skewness:
        dmean: 0.445518404245
        dmean2: 0.71121430397
        dvar: 0.199151575565
        dvar2: 0.507040977478
        max: 4.18701791763
        mean: -0.0252589769661
        median: -0.130342051387
        min: -3.58640789986
        var: 0.650600194931
    barkbands_spread:
        dmean: 5.93192338943
        dmean2: 9.46495437622
        dvar: 32.7224693298
        dvar2: 79.9556732178
        max: 80.4548950195
        mean: 32.6558494568
        median: 32.6751976013
        min: 1.87206184864
        var: 146.149124146
    dissonance:
        dmean: 0.0110143469647
        dmean2: 0.0188608393073
        dvar: 0.000169955063029
        dvar2: 0.000463862088509
        max: 0.49999922514
        mean: 0.480922013521
        median: 0.488762199879
        min: 0.194545298815
        var: 0.000676157069393
    hfc:
        dmean: 3.06121921539
        dmean2: 5.04288339615
        dvar: 26.1726055145
        dvar2: 69.9441299438
        max: 47.1075630188
        mean: 8.04082584381
        median: 7.18144798279
        min: 1.18325102896e-016
        var: 35.8322753906
    pitch:
        dmean: 872.252807617
        dmean2: 1653.66760254
        dvar: 1528948.625
        dvar2: 3752893.75
        max: 4778.92871094
        mean: 1383.24401855
        median: 556.293823242
        min: 60.9922943115
        var: 2061100.75
    pitch_instantaneous_confidence:
        dmean: 0.0714995786548
        dmean2: 0.118271976709
        dvar: 0.00402516685426
        dvar2: 0.0101431841031
        max: 0.927948117256
        mean: 0.335202664137
        median: 0.281591206789
        min: 0.113754034042
        var: 0.0264427773654
    pitch_salience:
        dmean: 0.0700618550181
        dmean2: 0.116835415363
        dvar: 0.00468176137656
        dvar2: 0.0127803441137
        max: 0.861400008202
        mean: 0.656043350697
        median: 0.680694103241
        min: 0.229028329253
        var: 0.0107143977657
    silence_rate_20dB:
        dmean: 0
        dmean2: 0
        dvar: 0
        dvar2: 0
        max: 1
        mean: 1
        median: 1
        min: 1
        var: 0
    silence_rate_30dB:
        dmean: 0
        dmean2: 0
        dvar: 0
        dvar2: 0
        max: 1
        mean: 1
        median: 1
        min: 1
        var: 0
    silence_rate_60dB:
        dmean: 0.116512447596
        dmean2: 0.233055263758
        dvar: 0.102931343019
        dvar2: 0.208987474442
        max: 1
        mean: 0.313786804676
        median: 0
        min: 0
        var: 0.215342327952
    spectral_centroid:
        dmean: 315.963684082
        dmean2: 511.798736572
        dvar: 128348.921875
        dvar2: 314775.90625
        max: 11223.0390625
        mean: 1696.40405273
        median: 1723.64013672
        min: 249.011993408
        var: 396776.59375
    spectral_complexity:
        dmean: 4.98475170135
        dmean2: 7.78102207184
        dvar: 31.3951969147
        dvar2: 72.0365142822
        max: 52
        mean: 16.3090953827
        median: 16
        min: 0
        var: 93.2206497192
    spectral_crest:
        dmean: 2.08921575546
        dmean2: 3.46270537376
        dvar: 4.31819486618
        dvar2: 10.7586936951
        max: 23.2382545471
        mean: 6.54501676559
        median: 5.55298566818
        min: 2.33268523216
        var: 10.6281070709
    spectral_decrease:
        dmean: 3.34499233867e-010
        dmean2: 5.2762610947e-010
        dvar: 2.44386712118e-019
        dvar2: 5.96127302277e-019
        max: 9.63188259697e-029
        mean: -1.01358521576e-009
        median: -9.06990149652e-010
        min: -6.67115873654e-009
        var: 4.36336945941e-019
    spectral_energy:
        dmean: 0.00149165687617
        dmean2: 0.00234875199385
        dvar: 4.87720262754e-006
        dvar2: 1.19490496218e-005
        max: 0.0271705314517
        mean: 0.00455483747646
        median: 0.0040977941826
        min: 1.03688923475e-020
        var: 8.67760263645e-006
    spectral_energyband_high:
        dmean: 0.000232080928981
        dmean2: 0.000403915066272
        dvar: 2.19699089143e-007
        dvar2: 6.02290867846e-007
        max: 0.00488822907209
        mean: 0.000384869228583
        median: 0.000265462120296
        min: 7.69263833287e-021
        var: 2.01248468557e-007
    spectral_energyband_low:
        dmean: 0.000449517741799
        dmean2: 0.000766529294197
        dvar: 5.27656368376e-007
        dvar2: 1.39789290188e-006
        max: 0.00694429688156
        mean: 0.000671520421747
        median: 0.000409987958847
        min: 5.77526015345e-023
        var: 6.48694197025e-007
    spectral_energyband_middle_high:
        dmean: 0.000819490349386
        dmean2: 0.00131712981965
        dvar: 1.25871281398e-006
        dvar2: 3.2500679481e-006
        max: 0.0129772415385
        mean: 0.00233593420126
        median: 0.00213705655187
        min: 1.29655633477e-021
        var: 2.65931112153e-006
    spectral_energyband_middle_low:
        dmean: 0.000718413153663
        dmean2: 0.00120372744277
        dvar: 1.83265842679e-006
        dvar2: 4.82946552438e-006
        max: 0.0213214363903
        mean: 0.00131281989161
        median: 0.000832604651805
        min: 2.70685161935e-022
        var: 2.23459505833e-006
    spectral_flatness_db:
        dmean: 0.0146599737927
        dmean2: 0.023303616792
        dvar: 0.000183648793609
        dvar2: 0.000433089619037
        max: 0.485659897327
        mean: 0.137472346425
        median: 0.116448014975
        min: 0.064267963171
        var: 0.00393871124834
    spectral_flux:
        dmean: 0.00890572462231
        dmean2: 0.0131454030052
        dvar: 0.00011870788876
        dvar2: 0.000209814388654
        max: 0.117375411093
        mean: 0.0416806340218
        median: 0.0404880717397
        min: 1.05341159407e-010
        var: 0.000394795351895
    spectral_kurtosis:
        dmean: 2.15285205841
        dmean2: 3.68406248093
        dvar: 39.3008003235
        dvar2: 116.517463684
        max: 191.745101929
        mean: 5.47662687302
        median: 3.26385235786
        min: -1.20264899731
        var: 106.289337158
    spectral_rms:
        dmean: 0.000307984941173
        dmean2: 0.000470489205327
        dvar: 1.4680098559e-007
        dvar2: 3.36999107731e-007
        max: 0.00514857610688
        mean: 0.00198322185315
        median: 0.00199946202338
        min: 3.18056475254e-012
        var: 5.10578502144e-007
    spectral_rolloff:
        dmean: 400.826141357
        dmean2: 656.292602539
        dvar: 264295.09375
        dvar2: 541483
        max: 18949.21875
        mean: 3151.76660156
        median: 3359.1796875
        min: 150.732421875
        var: 938983.6875
    spectral_skewness:
        dmean: 0.234579771757
        dmean2: 0.385447889566
        dvar: 0.171185091138
        dvar2: 0.512529969215
        max: 11.0695371628
        mean: 1.56183087826
        median: 1.47600460052
        min: -0.00176835723687
        var: 0.517383754253
    spectral_spread:
        dmean: 487792.75
        dmean2: 705834.375
        dvar: 496007479296
        dvar2: 758230614016
        max: 41218180
        mean: 5181763.5
        median: 5362063.5
        min: 397759.875
        var: 3.49896494285e+012
    spectral_strongpeak:
        dmean: 0.316645085812
        dmean2: 0.542811632156
        dvar: 0.27635371685
        dvar2: 0.701023280621
        max: 10.7975711823
        mean: 0.4904332757
        median: 0.194404825568
        min: 2.07669637042e-009
        var: 0.726271271706
    zerocrossingrate:
        dmean: 0.00891716219485
        dmean2: 0.0109378946945
        dvar: 9.24952692003e-005
        dvar2: 0.000112993700895
        max: 0.50830078125
        mean: 0.0962814390659
        median: 0.09912109375
        min: 0.0087890625
        var: 0.000791067490354
    barkbands:
        dmean: [6.32562603187e-007, 0.000113904476166, 0.000317621655995, 0.000259786698734, 0.000206486089155, 0.00011754022853, 0.000211673832382, 0.000118113515782, 0.000134866058943, 9.60560209933e-005, 7.15171117918e-005, 8.10590063338e-005, 8.25020179036e-005, 7.00683376635e-005, 8.25164024718e-005, 0.000161684292834, 0.000177531022928, 0.000218473898713, 0.000195592598175, 0.000190078862943, 0.000113034984679, 3.76334683097e-005, 8.75956357049e-006, 4.80690232507e-006, 2.13075099964e-006, 1.13241696909e-007, 4.7324671959e-010]
        dmean2: [9.26917380184e-007, 0.000197438916075, 0.000537378829904, 0.000462225783849, 0.000367644446669, 0.000190684237168, 0.000341888691764, 0.000194437627215, 0.000216596628889, 0.000159469695063, 0.000118117401144, 0.000130855711177, 0.000132983201183, 0.000115109607577, 0.000133340479806, 0.00026160525158, 0.000295601319522, 0.000371890404494, 0.000323820975609, 0.000325849774526, 0.000200265116291, 6.46215703455e-005, 1.43247334563e-005, 7.86729833635e-006, 3.44356249116e-006, 1.81135519028e-007, 7.94442178709e-010]
        dvar: [1.38969705969e-012, 3.43459056751e-008, 2.86203771793e-007, 4.66519594511e-007, 3.45375383404e-007, 1.10846364976e-007, 3.45741369756e-007, 5.92797597676e-008, 6.49460574209e-008, 3.97301853639e-008, 2.59360906085e-008, 3.41274883908e-008, 2.03738519389e-008, 1.3358206985e-008, 1.96699385668e-008, 6.55296190644e-008, 7.29014573153e-008, 1.4729512543e-007, 7.83899309909e-008, 1.16814540263e-007, 5.14669302731e-008, 5.27854471244e-009, 2.98557595313e-010, 9.49316042442e-011, 1.47804581074e-011, 4.12957631957e-014, 8.37451455725e-019]
        dvar2: [2.98523098602e-012, 9.92310376091e-008, 7.5493926488e-007, 1.29806062432e-006, 9.63127035902e-007, 2.71422862852e-007, 8.4719761162e-007, 1.54781560013e-007, 1.58623251423e-007, 1.06873173422e-007, 6.64276029738e-008, 8.09726614648e-008, 5.06355313235e-008, 3.44438895183e-008, 4.97500067809e-008, 1.61372227581e-007, 1.95855761831e-007, 4.00126282329e-007, 2.08953068181e-007, 3.13666333795e-007, 1.42887088828e-007, 1.42735441244e-008, 6.92332691177e-010, 2.1892918034e-010, 3.50379100733e-011, 1.03228223766e-013, 2.20816836458e-018]
        max: [1.58113525686e-005, 0.00173036579508, 0.00572903268039, 0.0151239037514, 0.0120893698186, 0.00799146760255, 0.00871376506984, 0.00379877560772, 0.00453930394724, 0.00430593173951, 0.00283456756733, 0.00398629298434, 0.00194464577362, 0.00261302944273, 0.00313267391175, 0.00760764675215, 0.00618999451399, 0.00694851391017, 0.00425724033266, 0.00410059001297, 0.00379573507234, 0.00072757457383, 0.000343258026987, 0.000177760943188, 6.26925757388e-005, 3.03018987324e-006, 1.3865408377e-008]
        mean: [8.92888976978e-007, 0.000151248212205, 0.000403579149861, 0.000246862065978, 0.000234231149079, 0.000163796314155, 0.000239220724325, 0.000160053125001, 0.000221122914809, 0.000150466250489, 9.84460275504e-005, 0.000123931560665, 0.000135648573632, 0.000121998702525, 0.000155269633979, 0.000316504971124, 0.000325911969412, 0.000344915024471, 0.000382719939807, 0.000330342008965, 0.000161066040164, 5.71140590182e-005, 1.51275371536e-005, 9.17076249607e-006, 4.92930803375e-006, 2.64420862095e-007, 7.81172626585e-010]
        median: [1.77945878477e-007, 9.33702031034e-005, 0.000204485884751, 9.00514278328e-005, 0.000101818121038, 5.534221782e-005, 7.19900999684e-005, 6.20955543127e-005, 0.000106982937723, 6.80451194057e-005, 4.2954012315e-005, 4.81096067233e-005, 6.37870689388e-005, 7.80156260589e-005, 0.000100695076981, 0.000221268215682, 0.000263791240286, 0.000265529030003, 0.000312393007334, 0.000235975167016, 9.35969728744e-005, 3.31265691784e-005, 8.768574844e-006, 5.36894640391e-006, 3.52226606992e-006, 1.33968939053e-007, 3.8764846888e-010]
        min: [6.08230808916e-024, 4.07813888075e-023, 1.90570927002e-024, 1.06619379169e-023, 5.4922932224e-023, 8.38516938192e-024, 2.00387709322e-023, 3.67306101473e-023, 6.51015792405e-023, 5.48705707925e-023, 3.64670832733e-023, 8.96395899466e-023, 4.62656350176e-023, 8.19365967099e-023, 7.42459601905e-023, 1.415462841e-022, 1.23614642688e-022, 1.66924911298e-022, 2.01516133826e-022, 2.27006072453e-022, 3.94467535384e-022, 4.0703725767e-022, 5.75386107078e-022, 8.03793827587e-022, 1.28124733401e-021, 1.61469997461e-021, 2.42212437989e-021]
        var: [2.73465668513e-012, 3.66598484902e-008, 3.49668511035e-007, 3.47602195916e-007, 3.34698569304e-007, 1.82342063226e-007, 3.58956413038e-007, 8.17221419425e-008, 1.26066794337e-007, 7.20449264691e-008, 3.57932705697e-008, 5.99556102543e-008, 4.12007494788e-008, 2.2436722702e-008, 4.47568666573e-008, 1.9355647396e-007, 1.01988199219e-007, 1.43037979683e-007, 1.22831863791e-007, 1.36408331741e-007, 5.12105557959e-008, 5.78511905047e-009, 5.25620158509e-010, 2.00434155384e-010, 3.14723976047e-011, 1.04503462362e-013, 1.16468322717e-018]
    frequency_bands:
        dmean: [6.32562603187e-007, 0.000113904476166, 0.000317621655995, 0.000259786698734, 0.000206486089155, 0.00011754022853, 0.000211673832382, 0.000118113515782, 0.000134866058943, 9.60560209933e-005, 7.15171117918e-005, 8.10590063338e-005, 8.25020179036e-005, 7.00683376635e-005, 8.25164024718e-005, 0.000161684292834, 0.000177531022928, 0.000218473898713, 0.000195592598175, 0.000190078862943, 0.000113034984679, 3.76334683097e-005, 8.75956357049e-006, 4.80690232507e-006, 2.13075099964e-006, 1.13241696909e-007, 4.7324671959e-010, 5.18650920822e-011]
        dmean2: [9.26917380184e-007, 0.000197438916075, 0.000537378829904, 0.000462225783849, 0.000367644446669, 0.000190684237168, 0.000341888691764, 0.000194437627215, 0.000216596628889, 0.000159469695063, 0.000118117401144, 0.000130855711177, 0.000132983201183, 0.000115109607577, 0.000133340479806, 0.00026160525158, 0.000295601319522, 0.000371890404494, 0.000323820975609, 0.000325849774526, 0.000200265116291, 6.46215703455e-005, 1.43247334563e-005, 7.86729833635e-006, 3.44356249116e-006, 1.81135519028e-007, 7.94442178709e-010, 9.56663567808e-011]
        dvar: [1.38969705969e-012, 3.43459056751e-008, 2.86203771793e-007, 4.66519594511e-007, 3.45375383404e-007, 1.10846364976e-007, 3.45741369756e-007, 5.92797597676e-008, 6.49460574209e-008, 3.97301853639e-008, 2.59360906085e-008, 3.41274883908e-008, 2.03738519389e-008, 1.3358206985e-008, 1.96699385668e-008, 6.55296190644e-008, 7.29014573153e-008, 1.4729512543e-007, 7.83899309909e-008, 1.16814540263e-007, 5.14669302731e-008, 5.27854471244e-009, 2.98557595313e-010, 9.49316042442e-011, 1.47804581074e-011, 4.12957631957e-014, 8.37451455725e-019, 5.34724969702e-021]
        dvar2: [2.98523098602e-012, 9.92310376091e-008, 7.5493926488e-007, 1.29806062432e-006, 9.63127035902e-007, 2.71422862852e-007, 8.4719761162e-007, 1.54781560013e-007, 1.58623251423e-007, 1.06873173422e-007, 6.64276029738e-008, 8.09726614648e-008, 5.06355313235e-008, 3.44438895183e-008, 4.97500067809e-008, 1.61372227581e-007, 1.95855761831e-007, 4.00126282329e-007, 2.08953068181e-007, 3.13666333795e-007, 1.42887088828e-007, 1.42735441244e-008, 6.92332691177e-010, 2.1892918034e-010, 3.50379100733e-011, 1.03228223766e-013, 2.20816836458e-018, 1.67916808087e-020]
        max: [1.58113525686e-005, 0.00173036579508, 0.00572903268039, 0.0151239037514, 0.0120893698186, 0.00799146760255, 0.00871376506984, 0.00379877560772, 0.00453930394724, 0.00430593173951, 0.00283456756733, 0.00398629298434, 0.00194464577362, 0.00261302944273, 0.00313267391175, 0.00760764675215, 0.00618999451399, 0.00694851391017, 0.00425724033266, 0.00410059001297, 0.00379573507234, 0.00072757457383, 0.000343258026987, 0.000177760943188, 6.26925757388e-005, 3.03018987324e-006, 1.3865408377e-008, 9.09828545836e-010]
        mean: [8.92888976978e-007, 0.000151248212205, 0.000403579149861, 0.000246862065978, 0.000234231149079, 0.000163796314155, 0.000239220724325, 0.000160053125001, 0.000221122914809, 0.000150466250489, 9.84460275504e-005, 0.000123931560665, 0.000135648573632, 0.000121998702525, 0.000155269633979, 0.000316504971124, 0.000325911969412, 0.000344915024471, 0.000382719939807, 0.000330342008965, 0.000161066040164, 5.71140590182e-005, 1.51275371536e-005, 9.17076249607e-006, 4.92930803375e-006, 2.64420862095e-007, 7.81172626585e-010, 4.10366775283e-011]
        median: [1.77945878477e-007, 9.33702031034e-005, 0.000204485884751, 9.00514278328e-005, 0.000101818121038, 5.534221782e-005, 7.19900999684e-005, 6.20955543127e-005, 0.000106982937723, 6.80451194057e-005, 4.2954012315e-005, 4.81096067233e-005, 6.37870689388e-005, 7.80156260589e-005, 0.000100695076981, 0.000221268215682, 0.000263791240286, 0.000265529030003, 0.000312393007334, 0.000235975167016, 9.35969728744e-005, 3.31265691784e-005, 8.768574844e-006, 5.36894640391e-006, 3.52226606992e-006, 1.33968939053e-007, 3.8764846888e-010, 1.53077481246e-011]
        min: [6.08230808916e-024, 4.07813888075e-023, 1.90570927002e-024, 1.06619379169e-023, 5.4922932224e-023, 8.38516938192e-024, 2.00387709322e-023, 3.67306101473e-023, 6.51015792405e-023, 5.48705707925e-023, 3.64670832733e-023, 8.96395899466e-023, 4.62656350176e-023, 8.19365967099e-023, 7.42459601905e-023, 1.415462841e-022, 1.23614642688e-022, 1.66924911298e-022, 2.01516133826e-022, 2.27006072453e-022, 3.94467535384e-022, 4.0703725767e-022, 5.75386107078e-022, 8.03793827587e-022, 1.28124733401e-021, 1.61469997461e-021, 2.42212437989e-021, 7.68196536037e-022]
        var: [2.73465668513e-012, 3.66598484902e-008, 3.49668511035e-007, 3.47602195916e-007, 3.34698569304e-007, 1.82342063226e-007, 3.58956413038e-007, 8.17221419425e-008, 1.26066794337e-007, 7.20449264691e-008, 3.57932705697e-008, 5.99556102543e-008, 4.12007494788e-008, 2.2436722702e-008, 4.47568666573e-008, 1.9355647396e-007, 1.01988199219e-007, 1.43037979683e-007, 1.22831863791e-007, 1.36408331741e-007, 5.12105557959e-008, 5.78511905047e-009, 5.25620158509e-010, 2.00434155384e-010, 3.14723976047e-011, 1.04503462362e-013, 1.16468322717e-018, 4.41377152899e-021]
    mfcc:
        mean: [-702.268371582, 96.6864242554, -45.2916755676, 41.3508338928, -3.33820104599, -5.77620649338, 1.22261345387, 1.1417927742, 4.05837965012, 1.33839023113, -0.283539235592, -1.76876854897, -1.78766870499]
        cov: [[5624.09912109, -1202.95422363, -207.317474365, 829.557739258, -244.499023438, 453.236419678, 352.095489502, 134.184997559, 235.699020386, 118.896957397, 114.288803101, 95.5032730103, 72.0910491943], [-1202.95422363, 824.074523926, 24.746389389, -183.189971924, 63.6277961731, -157.249710083, -58.4602394104, -14.9058790207, -35.3453712463, -39.3169517517, -27.8030776978, 4.37828636169, 7.53316640854], [-207.317474365, 24.746389389, 557.042907715, -68.4002685547, 166.632781982, -3.61200404167, 64.5125732422, 107.256828308, -40.0424575806, -20.545841217, -53.7752189636, 22.8279151917, 0.107033088803], [829.557739258, -183.189971924, -68.4002685547, 463.86038208, -12.9247503281, 158.050003052, 69.9276123047, -14.650967598, 85.0118789673, 37.3652191162, 19.1317558289, -26.3423213959, 0.0544700622559], [-244.499023438, 63.6277961731, 166.632781982, -12.9247503281, 220.658691406, -7.28952884674, 41.2876815796, 39.6490440369, -27.5241756439, 8.30134963989, -22.1548213959, 15.8148803711, -7.17936849594], [453.236419678, -157.249710083, -3.61200404167, 158.050003052, -7.28952884674, 186.206115723, 56.1429367065, 3.09907674789, 42.6835823059, 21.0590953827, 19.0076713562, -24.4561061859, -3.46069025993], [352.095489502, -58.4602394104, 64.5125732422, 69.9276123047, 41.2876815796, 56.1429367065, 156.955032349, 84.2886962891, 30.6528129578, 21.0326366425, -11.1183052063, 21.7867412567, -1.74391973019], [134.184997559, -14.9058790207, 107.256828308, -14.650967598, 39.6490440369, 3.09907674789, 84.2886962891, 134.107223511, 27.7061252594, -1.20659983158, -15.5796260834, 15.4888315201, 4.60388851166], [235.699020386, -35.3453712463, -40.0424575806, 85.0118789673, -27.5241756439, 42.6835823059, 30.6528129578, 27.7061252594, 93.3092727661, 37.7553939819, 6.37978219986, -6.93765687943, -2.88263845444], [118.896957397, -39.3169517517, -20.545841217, 37.3652191162, 8.30134963989, 21.0590953827, 21.0326366425, -1.20659983158, 37.7553939819, 77.5390472412, 26.8631973267, 10.3915147781, -0.365107804537], [114.288803101, -27.8030776978, -53.7752189636, 19.1317558289, -22.1548213959, 19.0076713562, -11.1183052063, -15.5796260834, 6.37978219986, 26.8631973267, 71.9198226929, 31.9096984863, 19.1601428986], [95.5032730103, 4.37828636169, 22.8279151917, -26.3423213959, 15.8148803711, -24.4561061859, 21.7867412567, 15.4888315201, -6.93765687943, 10.3915147781, 31.9096984863, 89.0202178955, 43.3446998596], [72.0910491943, 7.53316640854, 0.107033088803, 0.0544700622559, -7.17936849594, -3.46069025993, -1.74391973019, 4.60388851166, -2.88263845444, -0.365107804537, 19.1601428986, 43.3446998596, 74.8157653809]]
        icov: [[0.000410407024901, 0.000397043477278, 6.99246375007e-005, -0.000452913081972, 0.000398266129196, -0.000188611142221, -0.000424516416388, -0.000231431156863, -9.76279334282e-005, 5.54671605641e-005, -1.10617211249e-005, -0.000563515757676, -7.55529836169e-005], [0.000397043477278, 0.00197182688862, 7.08022053004e-005, -4.4845372031e-005, -0.000346197659383, 0.00111238157842, -0.000702396966517, 0.000474285654491, -0.00109675573185, 0.00100976799149, -0.000386159779737, 0.000144183810335, -0.000630488444585], [6.99246375007e-005, 7.08022053004e-005, 0.00295941648073, 5.99317754677e-005, -0.00140606507193, -0.00101244519465, 0.000713321845978, -0.00236502266489, 0.00151580490638, -0.000410343054682, 0.00208536209539, -0.00127048732247, 0.000160023599165], [-0.000452913081972, -4.4845372031e-005, 5.99317754677e-005, 0.00426401942968, -0.00115891569294, -0.00139424682129, -0.00126883643679, 0.00240192050114, -0.00296832155436, 0.000963644764852, -0.000706973718479, 0.0017879785737, -0.000879822182469], [0.000398266129196, -0.000346197659383, -0.00140606507193, -0.00115891569294, 0.00739074544981, -0.000742594362237, -0.000560837273952, -0.00155402556993, 0.00349887483753, -0.00317429564893, 0.00205836445093, -0.00222636084072, 0.00129340495914], [-0.000188611142221, 0.00111238157842, -0.00101244519465, -0.00139424682129, -0.000742594362237, 0.0110303489491, -0.00454685231671, 0.00315221282654, -0.0030891741626, 0.00221742596477, -0.0055879727006, 0.00623721722513, -0.00207948312163], [-0.000424516416388, -0.000702396966517, 0.000713321845978, -0.00126883643679, -0.000560837273952, -0.00454685231671, 0.0154041890055, -0.00905126519501, 0.00285441079177, -0.00456123286858, 0.00616048276424, -0.00653555430472, 0.00342801609077], [-0.000231431156863, 0.000474285654491, -0.00236502266489, 0.00240192050114, -0.00155402556993, 0.00315221282654, -0.00905126519501, 0.0171985905617, -0.00838254205883, 0.00550770992413, -0.00275055505335, 0.00269046751782, -0.00224617146887], [-9.76279334282e-005, -0.00109675573185, 0.00151580490638, -0.00296832155436, 0.00349887483753, -0.0030891741626, 0.00285441079177, -0.00838254205883, 0.022083317861, -0.0111942952499, 0.00451816059649, -0.0009915943956, 0.00119335320778], [5.54671605641e-005, 0.00100976799149, -0.000410343054682, 0.000963644764852, -0.00317429564893, 0.00221742596477, -0.00456123286858, 0.00550770992413, -0.0111942952499, 0.022353310138, -0.00938534550369, 0.00121482135728, 0.000575010082684], [-1.10617211249e-005, -0.000386159779737, 0.00208536209539, -0.000706973718479, 0.00205836445093, -0.0055879727006, 0.00616048276424, -0.00275055505335, 0.00451816059649, -0.00938534550369, 0.0262035075575, -0.0118799470365, 0.000599275808781], [-0.000563515757676, 0.000144183810335, -0.00127048732247, 0.0017879785737, -0.00222636084072, 0.00623721722513, -0.00653555430472, 0.00269046751782, -0.0009915943956, 0.00121482135728, -0.0118799470365, 0.025575151667, -0.0115209231153], [-7.55529836169e-005, -0.000630488444585, 0.000160023599165, -0.000879822182469, 0.00129340495914, -0.00207948312163, 0.00342801609077, -0.00224617146887, 0.00119335320778, 0.000575010082684, 0.000599275808781, -0.0115209231153, 0.0203189048916]]
    sccoeffs:
        dmean: [0.0598766244948, 0.0502942204475, 0.0371597521007, 0.0280670300126, 0.0201025549322, 0.0199006013572]
        dmean2: [0.0985898971558, 0.0826703086495, 0.0621587522328, 0.0465895347297, 0.0332805104554, 0.0324955582619]
        dvar: [0.00262215966359, 0.00181762897409, 0.000889238202944, 0.000490945531055, 0.00026118918322, 0.000391342211515]
        dvar2: [0.00679199071601, 0.0046449219808, 0.00246490119025, 0.00135259202216, 0.000674980692565, 0.00104716140777]
        max: [-0.352891117334, -0.443110376596, -0.520680725574, -0.479344576597, -0.526869297028, -0.441482692957]
        mean: [-0.660040378571, -0.765797376633, -0.792311668396, -0.797852933407, -0.791836321354, -0.775153815746]
        median: [-0.665513038635, -0.779058396816, -0.802027583122, -0.810166835785, -0.803335249424, -0.791003584862]
        min: [-0.957050859928, -0.97044467926, -0.969070613384, -0.967081725597, -0.961915373802, -0.962102591991]
        var: [0.00584735814482, 0.00556866731495, 0.00314577925019, 0.00298958364874, 0.00203841016628, 0.00409056199715]
    scvalleys:
        dmean: [0.372311711311, 0.36594030261, 0.312617689371, 0.263584285975, 0.256212115288, 0.270069658756]
        dmean2: [0.624370217323, 0.598883867264, 0.496833622456, 0.405939221382, 0.390467464924, 0.421259880066]
        dvar: [0.114896193147, 0.107620432973, 0.0883469581604, 0.0735591724515, 0.0942053943872, 0.141643568873]
        dvar2: [0.26810002327, 0.234951779246, 0.166309952736, 0.124069735408, 0.171539649367, 0.310736000538]
        max: [-5.25367546082, -4.90487718582, -4.97932291031, -5.37718677521, -5.28454875946, -7.44437503815]
        mean: [-6.98612880707, -6.6376914978, -6.85546350479, -6.99176311493, -7.0382361412, -9.63494110107]
        median: [-6.65282249451, -6.49371814728, -6.66957569122, -6.71969223022, -6.63602161407, -8.98130512238]
        min: [-27.4268035889, -27.7280769348, -27.4141998291, -27.2208404541, -27.128818512, -27.2180976868]
        var: [1.38748598099, 0.718738436699, 0.945309937, 1.069917202, 1.69707870483, 3.71822977066]

rhythm:
    beats_loudness:
        dmean: 0.00211135600694
        dmean2: 0.00371298682876
        dvar: 3.06031051878e-006
        dvar2: 9.52539812715e-006
        max: 0.0145636927336
        mean: 0.00653309375048
        median: 0.00681239925325
        min: 8.58199200593e-005
        var: 8.42961890157e-006
    bpm: 152.891662598
    bpm_confidence: 0
    first_peak_bpm: 152
    first_peak_spread: 0.0265487004071
    first_peak_weight: 0.734966576099
    onset_rate: 3.59798836708
    second_peak_bpm: 157
    second_peak_spread: 0.0212766025215
    second_peak_weight: 0.204899773002
    beats_loudness_band_ratio:
        dmean: [0.171191126108, 0.0716693326831, 0.11160453409, 0.0634064823389, 0.101021528244, 0.0696808844805]
        dmean2: [0.298069298267, 0.126430362463, 0.192424535751, 0.115442015231, 0.17575982213, 0.118086777627]
        dvar: [0.0208450313658, 0.00820042192936, 0.016210000962, 0.00534042390063, 0.00708612333983, 0.00658533349633]
        dvar2: [0.0676096901298, 0.0229989532381, 0.0417643561959, 0.0159914474934, 0.0210464708507, 0.017217643559]
        max: [0.766630113125, 0.596622407436, 0.823753416538, 0.443379402161, 0.817232191563, 0.777320027351]
        mean: [0.326276898384, 0.0774403661489, 0.160199299455, 0.0878826156259, 0.219690412283, 0.155666217208]
        median: [0.329426348209, 0.0433220267296, 0.0929067954421, 0.0649860054255, 0.205125063658, 0.139038145542]
        min: [4.54418623121e-005, 0.000228543256526, 0.00126913411077, 0.00809952057898, 0.00649185990915, 5.00521891809e-005]
        var: [0.040117111057, 0.00903902761638, 0.0270314365625, 0.00546739296988, 0.0126385381445, 0.0106209637597]
    beats_position: [0.406349211931, 0.812698423862, 1.21904754639, 1.62539684772, 2.02013611794, 2.42648530006, 2.83283448219, 3.30884337425, 3.78485250473, 4.23764181137, 4.65560102463, 5.07355976105, 5.4915189743, 5.90947818756, 6.32743740082, 6.73378658295, 7.12852573395, 7.52326536179, 7.91800451279, 8.31274318695, 8.70748329163, 9.0906124115, 9.47374153137, 9.86848068237, 10.2632198334, 10.6579589844, 11.0526981354, 11.4358272552, 11.8305664063, 12.2136955261, 12.6084346771, 13.0031747818, 13.3979139328, 13.7926530838, 14.1873922348, 14.5821313858, 14.9652605057, 15.3483896255, 15.7431287766, 16.1378688812, 16.5326080322, 16.9273471832, 17.3220863342, 17.7168254852, 18.1115646362, 18.5063037872, 18.8894329071, 19.272562027, 19.667301178, 20.062040329, 20.45677948, 20.851518631, 21.246257782, 21.640996933, 22.0241260529, 22.4072551727, 22.8019943237, 23.1967334747, 23.5914726257, 23.9862117767, 24.3809528351, 24.7756919861, 25.1704311371, 25.5651702881, 25.9599094391, 26.3546485901, 26.73777771, 27.132516861, 27.5156459808, 27.9103851318, 28.3051242828, 28.6998634338, 29.0946025848, 29.4893417358, 29.8724708557, 30.2672100067, 30.6503391266, 31.0450782776, 31.4398174286, 31.8345565796, 32.2292976379, 32.6240348816, 33.0071640015, 33.4019050598, 33.7850341797, 34.1797714233, 34.5745124817, 34.9692497253, 35.3639907837, 35.7587280273, 36.1534690857, 36.5482063293, 36.9313354492, 37.3144645691, 37.7092056274, 38.1039466858, 38.4986839294, 38.8934249878, 39.2881622314, 39.6829032898, 40.0660324097, 40.4491615295, 40.8438987732, 41.2386398315, 41.6333770752, 42.0281181335, 42.4228553772, 42.8175964355, 43.2123336792, 43.5954627991, 43.9785919189, 44.3733329773, 44.7680702209, 45.1628112793, 45.5575485229, 45.9522895813, 46.347026825, 46.7417678833, 47.1365089417, 47.5196380615, 47.9027671814, 48.297504425, 48.6922454834, 49.0869827271, 49.4817237854, 49.8764610291, 50.2712020874, 50.6659393311, 51.0490684509, 51.4321975708, 51.8269386292, 52.2216758728, 52.6164169312, 53.0111541748, 53.4058952332, 53.8006324768, 54.1953735352, 54.5668907166, 54.9616317749, 55.3563690186, 55.7511100769, 56.1458511353, 56.5405883789, 56.9353294373, 57.3184585571, 57.701587677, 58.0963249207, 58.491065979, 58.8858032227, 59.280544281, 59.6752815247, 60.070022583, 60.4647598267, 60.859500885, 61.2426300049, 61.6257591248, 62.0204963684, 62.4152374268, 62.8099746704, 63.2047157288, 63.5994529724, 63.9941940308, 64.3889312744, 64.772064209, 65.1551895142, 65.5499343872, 65.9446716309, 66.3394088745, 66.7341461182, 67.1288909912, 67.5236282349, 67.9183654785, 68.3014984131, 68.6962356567, 69.0793609619, 69.474105835, 69.8688430786, 70.2635803223, 70.6583175659, 71.053062439, 71.4477996826, 71.8309249878, 72.2140579224, 72.608795166, 73.0035324097, 73.3982772827, 73.7930145264, 74.18775177, 74.5824966431, 74.9772338867, 75.3719711304, 75.7551040649, 76.1382293701, 76.5329666138, 76.9277114868, 77.3224487305, 77.7171859741, 78.1119232178, 78.5066680908, 78.9014053345, 79.2961425781, 79.6908798218, 80.0740127563, 80.4571380615, 80.8518829346, 81.2466201782, 81.6413574219, 82.0360946655, 82.4192276001, 82.8023605347, 83.1970977783, 83.591835022, 83.9865722656, 84.3813171387, 84.7760543823, 85.170791626, 85.5655288696, 85.9486618042, 86.3317871094, 86.7265319824, 87.1212692261, 87.5160064697, 87.9107437134, 88.3054885864, 88.7002258301, 89.0833511353, 89.4664840698, 89.8612213135, 90.2559585571, 90.6507034302, 91.0454406738, 91.4401779175, 91.8349151611, 92.2296600342, 92.6243972778, 93.0191345215, 93.4138793945, 93.8086166382, 94.2033538818, 94.5980911255, 94.9928359985, 95.3759613037, 95.7590942383, 96.1538314819, 96.5485687256, 96.9433059692, 97.3380508423, 97.7327880859, 98.1275253296, 98.5106582642, 98.8937835693, 99.288520813, 99.683265686, 100.07800293, 100.472740173, 100.890701294, 101.424758911, 101.935600281, 102.44644165, 102.945663452, 103.444892883, 103.944122314, 104.350471497, 104.768432617, 105.163169861, 105.557914734, 105.952651978, 106.347389221, 106.742126465, 107.136871338, 107.531608582, 107.914733887, 108.297866821, 108.692604065, 109.087341309, 109.482086182, 109.876823425, 110.271560669, 110.654693604, 111.049430847, 111.432563782, 111.827301025, 112.222038269, 112.616775513, 113.011520386, 113.406257629, 113.800994873, 114.195732117, 114.578865051, 114.973602295, 115.356735229, 115.751472473, 116.146209717, 116.54094696, 116.935691833, 117.330429077, 117.713554382, 118.108299255, 118.491424561, 118.886169434, 119.280906677, 119.675643921, 120.070381165, 120.465126038, 120.859863281, 121.231384277, 121.626121521, 122.020858765, 122.415596008, 122.810340881, 123.205078125, 123.599815369, 123.982948303, 124.377685547, 124.760810852, 125.155555725, 125.550292969, 125.945030212, 126.339767456, 126.734512329, 127.129249573, 127.523986816, 127.907119751, 128.290252686, 128.6849823, 129.079727173, 129.474472046, 129.86920166, 130.263946533, 130.658676147, 131.041809082, 131.424942017, 131.81968689, 132.214416504, 132.609161377, 133.003890991, 133.398635864, 133.804992676, 134.211334229, 134.606079102, 135.000808716, 135.395553589, 135.790298462, 136.185028076, 136.568161011, 136.951293945, 137.34602356, 137.729156494, 138.112289429, 138.507034302, 138.901763916, 139.284896851, 139.668029785, 140.062759399, 140.457504272, 140.852249146, 141.24697876, 141.641723633, 142.036453247, 142.43119812, 142.825942993, 143.209060669, 143.592193604, 143.986938477, 144.381668091, 144.776412964, 145.171157837, 145.565887451, 145.960632324, 146.355377197, 146.738494873, 147.121627808, 147.516372681, 147.911102295, 148.305847168, 148.700592041, 149.095321655, 149.490066528, 149.873199463, 150.256317139, 150.651062012, 151.045806885, 151.440536499, 151.835281372, 152.230026245, 152.624755859, 153.007888794, 153.391021729, 153.785751343, 154.180496216, 154.575241089, 154.969970703, 155.364715576, 155.759460449, 156.154190063, 156.548934937, 156.943664551, 157.326797485, 157.70993042, 158.104675293, 158.499404907, 158.89414978, 159.288879395, 159.672012329, 160.055145264, 160.449890137, 160.844619751, 161.239364624, 161.634094238, 162.028839111, 162.423583984, 162.818313599, 163.213058472, 163.607803345, 163.990921021, 164.374053955, 164.768798828, 165.163528442, 165.558273315, 165.953018188, 166.347747803, 166.742492676, 167.137237549, 167.520355225, 167.903488159, 168.298233032, 168.692962646, 169.08770752, 169.482452393, 169.877182007, 170.27192688, 170.666656494, 171.049789429, 171.444534302, 171.827667236, 172.222396851, 172.617141724, 173.011871338, 173.406616211, 173.801361084, 174.184494019, 174.579223633, 174.962356567, 175.35710144, 175.751831055, 176.146575928, 176.541305542, 176.924438477, 177.307571411, 177.702316284]
