
metadata:
    version:
        essentia: "2.1-beta2"
    audio_properties:
        analysis_sample_rate: 44100
        bitrate: 320
        channels: 2
        equal_loudness: 1
        length: 209.057952881
        replay_gain: -15.2909965515
        downmix: "mix"
    tags:
        album: "Got Your Six (Deluxe Edition)"
        artist: "Five Finger Death Punch"
        comment: ""
        date: "2015"
        genre: "Heavy Metal"
        title: "Ain't My Last Dance"
        tracknumber: "04"

configuration:
    average_loudness:
        compute: 1
        frameSize: 88200
        hopSize: 44100
        silentFrames: "noise"
        windowType: "hann"
    general:
        analysisSampleRate: 44100
        endTime: 2000
        equalLoudness: 1
        nequalLoudness: 0
        shortSound: 0
        startTime: 0
    lowlevel:
        compute: 1
        frameSize: 2048
        hopSize: 1024
        zeroPadding: 0
        silentFrames: "noise"
        windowType: "blackmanharris62"
        mfccStats: ["mean", "cov", "icov"]
        stats: ["mean", "var", "median", "min", "max", "dmean", "dmean2", "dvar", "dvar2"]
    panning:
        compute: 0
        frameSize: 8192
        hopSize: 2048
        zeroPadding: 8192
        silentFrames: "noise"
        windowType: "hann"
        stats: ["copy"]
    rhythm:
        compute: 1
        maxTempo: 208
        minTempo: 40
        method: "degara"
        stats: ["mean", "var", "median", "min", "max", "dmean", "dmean2", "dvar", "dvar2"]
    segmentation:
        compute: 0
        cpw: 5
        inc1: 300
        inc2: 50
        minimumSegmentsLength: 10
        size1: 1000
        size2: 600
    sfx:
        compute: 1
        stats: ["mean", "var", "median", "min", "max", "dmean", "dmean2", "dvar", "dvar2"]
    svm:
        compute: 0
    tonal:
        compute: 1
        frameSize: 4096
        hopSize: 2048
        zeroPadding: 0
        silentFrames: "noise"
        windowType: "blackmanharris62"
        stats: ["mean", "var", "median", "min", "max", "dmean", "dmean2", "dvar", "dvar2"]

lowlevel:
    average_loudness: 0.945156514645
    barkbands_kurtosis:
        dmean: 0.721488416195
        dmean2: 1.19493448734
        dvar: 1.77649748325
        dvar2: 3.89632892609
        max: 33.5657196045
        mean: -0.59206622839
        median: -1.03894925117
        min: -1.8806220293
        var: 3.73990106583
    barkbands_skewness:
        dmean: 0.478994905949
        dmean2: 0.79259365797
        dvar: 0.249153122306
        dvar2: 0.671662032604
        max: 5.30127477646
        mean: -0.0900747850537
        median: -0.19488863647
        min: -4.45281028748
        var: 0.706687033176
    barkbands_spread:
        dmean: 6.12910509109
        dmean2: 10.0433063507
        dvar: 34.5598907471
        dvar2: 90.3765106201
        max: 71.7022018433
        mean: 33.756729126
        median: 32.8272285461
        min: 3.31673431396
        var: 90.3091583252
    dissonance:
        dmean: 0.0103707350791
        dmean2: 0.0178837049752
        dvar: 0.000123645819258
        dvar2: 0.000349106965587
        max: 0.500000059605
        mean: 0.484433412552
        median: 0.487691551447
        min: 0.15624293685
        var: 0.00016160265659
    hfc:
        dmean: 3.12429213524
        dmean2: 5.34384250641
        dvar: 16.7983093262
        dvar2: 45.944606781
        max: 41.9283485413
        mean: 9.69573688507
        median: 8.87937831879
        min: 1.1565180074e-016
        var: 31.6910877228
    pitch:
        dmean: 829.169311523
        dmean2: 1579.7109375
        dvar: 1526517.625
        dvar2: 3872204.5
        max: 4491.875
        mean: 1475.69567871
        median: 572.173461914
        min: 61.5749893188
        var: 2230930
    pitch_instantaneous_confidence:
        dmean: 0.0767591148615
        dmean2: 0.126934036613
        dvar: 0.00412160390988
        dvar2: 0.0106820426881
        max: 0.941335022449
        mean: 0.337047487497
        median: 0.307336211205
        min: 0.0903486609459
        var: 0.0168156586587
    pitch_salience:
        dmean: 0.0779347941279
        dmean2: 0.131913080812
        dvar: 0.00607824930921
        dvar2: 0.0173310339451
        max: 0.960520207882
        mean: 0.651201426983
        median: 0.674706935883
        min: 0.169316217303
        var: 0.0115013495088
    silence_rate_20dB:
        dmean: 0
        dmean2: 0
        dvar: 0
        dvar2: 0
        max: 1
        mean: 1
        median: 1
        min: 1
        var: 0
    silence_rate_30dB:
        dmean: 0
        dmean2: 0
        dvar: 0
        dvar2: 0
        max: 1
        mean: 1
        median: 1
        min: 1
        var: 0
    silence_rate_60dB:
        dmean: 0.0959573537111
        dmean2: 0.191936016083
        dvar: 0.0867558792233
        dvar2: 0.183102607727
        max: 1
        mean: 0.209772348404
        median: 0
        min: 0
        var: 0.165758535266
    spectral_centroid:
        dmean: 342.577270508
        dmean2: 580.276672363
        dvar: 134610.375
        dvar2: 377248.6875
        max: 11333.0693359
        mean: 1805.68212891
        median: 1846.73950195
        min: 200.128829956
        var: 307469.8125
    spectral_complexity:
        dmean: 4.95468664169
        dmean2: 8.22348117828
        dvar: 25.3868293762
        dvar2: 65.2871398926
        max: 46
        mean: 18.632982254
        median: 19
        min: 0
        var: 85.6539459229
    spectral_crest:
        dmean: 2.16735124588
        dmean2: 3.63567376137
        dvar: 4.34310770035
        dvar2: 11.4837474823
        max: 20.6727371216
        mean: 6.50323867798
        median: 5.66618490219
        min: 2.22206020355
        var: 7.98087263107
    spectral_decrease:
        dmean: 3.44559436538e-010
        dmean2: 5.57107582289e-010
        dvar: 1.63404463529e-019
        dvar2: 4.20309830434e-019
        max: -3.54124620827e-029
        mean: -1.19143772626e-009
        median: -1.15858278527e-009
        min: -3.76912678846e-009
        var: 3.38386741447e-019
    spectral_energy:
        dmean: 0.00152859184891
        dmean2: 0.0024689109996
        dvar: 3.11151916321e-006
        dvar2: 8.00478483143e-006
        max: 0.0157653428614
        mean: 0.0053762071766
        median: 0.00520423334092
        min: 1.06236130852e-020
        var: 6.82374547978e-006
    spectral_energyband_high:
        dmean: 0.000233554557781
        dmean2: 0.000414940324845
        dvar: 1.41736592241e-007
        dvar2: 3.97500400595e-007
        max: 0.00399887701496
        mean: 0.000446934311185
        median: 0.000350216490915
        min: 7.45525042176e-021
        var: 1.41857711355e-007
    spectral_energyband_low:
        dmean: 0.000425601028837
        dmean2: 0.000716781360097
        dvar: 4.00157460945e-007
        dvar2: 1.09736095055e-006
        max: 0.00573424436152
        mean: 0.000660893681925
        median: 0.000383434176911
        min: 8.94662929829e-023
        var: 5.48914101728e-007
    spectral_energyband_middle_high:
        dmean: 0.000834145350382
        dmean2: 0.00139087066054
        dvar: 8.87435305685e-007
        dvar2: 2.2840724796e-006
        max: 0.0131638506427
        mean: 0.00278083584271
        median: 0.00247463444248
        min: 1.7120673722e-021
        var: 3.04173590848e-006
    spectral_energyband_middle_low:
        dmean: 0.000863614899572
        dmean2: 0.00143830373418
        dvar: 1.70397595411e-006
        dvar2: 4.55453664472e-006
        max: 0.0123120853677
        mean: 0.00172470090911
        median: 0.00132716202643
        min: 2.59693615844e-022
        var: 2.16885882764e-006
    spectral_flatness_db:
        dmean: 0.0145038403571
        dmean2: 0.0233861431479
        dvar: 0.000184224903933
        dvar2: 0.000476697372505
        max: 0.335931122303
        mean: 0.1275164783
        median: 0.121999427676
        min: 0.0613394752145
        var: 0.00105303176679
    spectral_flux:
        dmean: 0.00889721885324
        dmean2: 0.0133686726913
        dvar: 8.98439975572e-005
        dvar2: 0.000169767488842
        max: 0.106551617384
        mean: 0.0452368371189
        median: 0.0444598868489
        min: 1.03070912916e-010
        var: 0.000233859711443
    spectral_kurtosis:
        dmean: 0.737579524517
        dmean2: 1.23285806179
        dvar: 0.811670064926
        dvar2: 2.41148352623
        max: 14.5935106277
        mean: 2.99245095253
        median: 2.94493365288
        min: -1.18250894547
        var: 1.56423032284
    spectral_rms:
        dmean: 0.000314781820634
        dmean2: 0.000499169051182
        dvar: 1.13167224924e-007
        dvar2: 2.77924215197e-007
        max: 0.00392183894292
        mean: 0.00221335841343
        median: 0.00225328677334
        min: 3.21939436915e-012
        var: 3.4610587818e-007
    spectral_rolloff:
        dmean: 412.56652832
        dmean2: 696.495605469
        dvar: 296169.15625
        dvar2: 719501.875
        max: 18884.6191406
        mean: 3368.80297852
        median: 3466.84570313
        min: 107.666015625
        var: 553527.75
    spectral_skewness:
        dmean: 0.136148408055
        dmean2: 0.223682537675
        dvar: 0.0179252363741
        dvar2: 0.0493675731122
        max: 1.98800206184
        mean: 1.35264658928
        median: 1.38903045654
        min: -0.0219746381044
        var: 0.0655758157372
    spectral_spread:
        dmean: 477044.40625
        dmean2: 715219.25
        dvar: 514801958912
        dvar2: 860716072960
        max: 48128556
        mean: 5508963.5
        median: 5257420
        min: 1558687
        var: 2.42250049126e+012
    spectral_strongpeak:
        dmean: 0.475886583328
        dmean2: 0.820012688637
        dvar: 0.539629042149
        dvar2: 1.4657087326
        max: 9.31166553497
        mean: 0.706452906132
        median: 0.295720785856
        min: 0
        var: 0.997384727001
    zerocrossingrate:
        dmean: 0.00864817481488
        dmean2: 0.0110247535631
        dvar: 7.27090446162e-005
        dvar2: 0.000109500157123
        max: 0.5048828125
        mean: 0.101875372231
        median: 0.10302734375
        min: 0.015625
        var: 0.000476600980619
    barkbands:
        dmean: [4.90621459903e-007, 9.22927283682e-005, 0.000283096043859, 0.000314886099659, 0.00027408223832, 0.00011037983495, 0.000142744378536, 0.000103383194073, 0.000258035026491, 0.000151932690642, 6.19493148406e-005, 7.696144894e-005, 7.29472012608e-005, 9.01703315321e-005, 7.81189082772e-005, 0.000161974079674, 0.000178540984052, 0.000241060173721, 0.000262965011643, 0.000193792715436, 0.000121889657748, 3.76526731998e-005, 8.20643708721e-006, 4.54107112091e-006, 2.29328225032e-006, 8.88273135047e-008, 4.56493315371e-010]
        dmean2: [6.46964565476e-007, 0.000163671968039, 0.000476728833746, 0.000539875763934, 0.000476484943647, 0.000181362673175, 0.000235546482145, 0.000168575134012, 0.000410627224483, 0.000253108941251, 0.000102022466308, 0.000126712591737, 0.000117515111924, 0.000146028716699, 0.000127167339087, 0.0002670022659, 0.000301195832435, 0.000418051407905, 0.00043833264499, 0.000336717581376, 0.000218531218707, 6.70584558975e-005, 1.40174643093e-005, 7.53303174861e-006, 3.63831350114e-006, 1.43656151863e-007, 7.86580911516e-010]
        dvar: [8.4095209095e-013, 2.27417142895e-008, 2.30399209045e-007, 4.16425933736e-007, 3.847264054e-007, 6.7243448143e-008, 1.10248336682e-007, 7.34860634566e-008, 2.65976467517e-007, 1.46082157926e-007, 1.35278916957e-008, 1.76445595912e-008, 1.92515123842e-008, 3.02921101536e-008, 2.0820003499e-008, 6.86487311441e-008, 5.08148758627e-008, 1.17280876566e-007, 1.16299588626e-007, 6.79738931808e-008, 3.80171059078e-008, 4.3689332152e-009, 1.56297252918e-010, 6.95210070067e-011, 1.46406844981e-011, 2.3961205131e-014, 6.55545288339e-019]
        dvar2: [1.3651008492e-012, 6.84630023784e-008, 6.24555980266e-007, 1.14758211112e-006, 1.08583071778e-006, 1.60798848015e-007, 2.80105922457e-007, 1.68725804883e-007, 6.4103215891e-007, 3.78039629823e-007, 3.47941657708e-008, 4.56217073008e-008, 4.86661022592e-008, 7.5775794528e-008, 5.08245356912e-008, 1.7210989256e-007, 1.32703476652e-007, 3.23719433482e-007, 2.94958596214e-007, 1.87012389574e-007, 1.06533562416e-007, 1.24119408085e-008, 4.24350860007e-010, 1.65044353184e-010, 3.35523414607e-011, 5.86516851254e-014, 1.79138100524e-018]
        max: [8.0519612311e-006, 0.00134002277628, 0.0041850078851, 0.0057632252574, 0.00564027717337, 0.00629990547895, 0.00520786456764, 0.0120459385216, 0.00882509164512, 0.00737340422347, 0.00242804829031, 0.00197513541207, 0.00303462520242, 0.00343357725069, 0.00339167751372, 0.00925148651004, 0.00600487459451, 0.00420577684417, 0.00657228287309, 0.00377477379516, 0.00230538938195, 0.000845766800921, 0.000257097097347, 0.00017147694598, 7.86798482295e-005, 3.11353051075e-006, 1.30727197956e-008]
        mean: [5.91118464399e-007, 0.000113916372356, 0.000360667909263, 0.000369528570445, 0.000330679671606, 0.00015565835929, 0.000201276343432, 0.000147779312101, 0.000434974092059, 0.000235494488152, 0.000100398101495, 0.000132038534502, 0.00012913995306, 0.000164664626936, 0.000156335649081, 0.000332575640641, 0.000356907432433, 0.00042227213271, 0.000551625620574, 0.000394984381273, 0.000193670784938, 5.9853275161e-005, 1.59896462719e-005, 9.60661782301e-006, 5.36533025297e-006, 2.09530924167e-007, 7.95658039454e-010]
        median: [7.84942741916e-008, 7.02530669514e-005, 0.000159412491485, 0.000148258841364, 0.000171560925082, 7.51899278839e-005, 7.9527599155e-005, 5.53741119802e-005, 0.000167343838257, 8.82963067852e-005, 5.07619406562e-005, 6.29517890047e-005, 6.37341872789e-005, 7.51899497118e-005, 8.95148987183e-005, 0.000220357382204, 0.000281824439298, 0.000325895060087, 0.000415115791839, 0.00031782721635, 0.000130621003336, 4.11394430557e-005, 1.11044319056e-005, 6.66910273139e-006, 3.84340501114e-006, 1.32466666969e-007, 4.33712593617e-010]
        min: [5.99238307356e-024, 5.75198244586e-023, 2.67472945573e-023, 1.28458385908e-023, 4.52781515582e-023, 9.62654472597e-023, 1.58644282552e-023, 2.8827369303e-023, 5.73247423122e-023, 5.80533910423e-023, 9.61372983834e-023, 1.61047922798e-022, 1.63856280242e-022, 1.13737611905e-022, 1.21112893389e-022, 1.67351161244e-022, 2.27828835444e-022, 2.34831547389e-022, 1.78048733586e-022, 3.1208407737e-022, 5.35120980401e-022, 4.218302298e-022, 5.9644942531e-022, 1.04610216077e-021, 1.0997064331e-021, 1.72087131234e-021, 2.24894313266e-021]
        var: [1.54511798321e-012, 1.99847729476e-008, 2.62094005166e-007, 3.91960782054e-007, 2.97259589388e-007, 8.57448725355e-008, 1.65695539067e-007, 1.53872022679e-007, 6.00435839715e-007, 2.56155516354e-007, 2.40980337907e-008, 3.29582903191e-008, 4.66701344237e-008, 6.47607265591e-008, 5.223348154e-008, 1.7454998158e-007, 1.1425003521e-007, 1.42136528325e-007, 2.64372914671e-007, 1.02395105728e-007, 3.79270268525e-008, 4.25356816436e-009, 2.63509158938e-010, 1.40262412796e-010, 3.14851512917e-011, 5.20246992459e-014, 1.05944827567e-018]
    frequency_bands:
        dmean: [4.90621459903e-007, 9.22927283682e-005, 0.000283096043859, 0.000314886099659, 0.00027408223832, 0.00011037983495, 0.000142744378536, 0.000103383194073, 0.000258035026491, 0.000151932690642, 6.19493148406e-005, 7.696144894e-005, 7.29472012608e-005, 9.01703315321e-005, 7.81189082772e-005, 0.000161974079674, 0.000178540984052, 0.000241060173721, 0.000262965011643, 0.000193792715436, 0.000121889657748, 3.76526731998e-005, 8.20643708721e-006, 4.54107112091e-006, 2.29328225032e-006, 8.88273135047e-008, 4.56493315371e-010, 6.25347204575e-011]
        dmean2: [6.46964565476e-007, 0.000163671968039, 0.000476728833746, 0.000539875763934, 0.000476484943647, 0.000181362673175, 0.000235546482145, 0.000168575134012, 0.000410627224483, 0.000253108941251, 0.000102022466308, 0.000126712591737, 0.000117515111924, 0.000146028716699, 0.000127167339087, 0.0002670022659, 0.000301195832435, 0.000418051407905, 0.00043833264499, 0.000336717581376, 0.000218531218707, 6.70584558975e-005, 1.40174643093e-005, 7.53303174861e-006, 3.63831350114e-006, 1.43656151863e-007, 7.86580911516e-010, 1.16383826188e-010]
        dvar: [8.4095209095e-013, 2.27417142895e-008, 2.30399209045e-007, 4.16425933736e-007, 3.847264054e-007, 6.7243448143e-008, 1.10248336682e-007, 7.34860634566e-008, 2.65976467517e-007, 1.46082157926e-007, 1.35278916957e-008, 1.76445595912e-008, 1.92515123842e-008, 3.02921101536e-008, 2.0820003499e-008, 6.86487311441e-008, 5.08148758627e-008, 1.17280876566e-007, 1.16299588626e-007, 6.79738931808e-008, 3.80171059078e-008, 4.3689332152e-009, 1.56297252918e-010, 6.95210070067e-011, 1.46406844981e-011, 2.3961205131e-014, 6.55545288339e-019, 6.89635986322e-021]
        dvar2: [1.3651008492e-012, 6.84630023784e-008, 6.24555980266e-007, 1.14758211112e-006, 1.08583071778e-006, 1.60798848015e-007, 2.80105922457e-007, 1.68725804883e-007, 6.4103215891e-007, 3.78039629823e-007, 3.47941657708e-008, 4.56217073008e-008, 4.86661022592e-008, 7.5775794528e-008, 5.08245356912e-008, 1.7210989256e-007, 1.32703476652e-007, 3.23719433482e-007, 2.94958596214e-007, 1.87012389574e-007, 1.06533562416e-007, 1.24119408085e-008, 4.24350860007e-010, 1.65044353184e-010, 3.35523414607e-011, 5.86516851254e-014, 1.79138100524e-018, 2.17650686988e-020]
        max: [8.0519612311e-006, 0.00134002277628, 0.0041850078851, 0.0057632252574, 0.00564027717337, 0.00629990547895, 0.00520786456764, 0.0120459385216, 0.00882509164512, 0.00737340422347, 0.00242804829031, 0.00197513541207, 0.00303462520242, 0.00343357725069, 0.00339167751372, 0.00925148651004, 0.00600487459451, 0.00420577684417, 0.00657228287309, 0.00377477379516, 0.00230538938195, 0.000845766800921, 0.000257097097347, 0.00017147694598, 7.86798482295e-005, 3.11353051075e-006, 1.30727197956e-008, 9.2154062159e-010]
        mean: [5.91118464399e-007, 0.000113916372356, 0.000360667909263, 0.000369528570445, 0.000330679671606, 0.00015565835929, 0.000201276343432, 0.000147779312101, 0.000434974092059, 0.000235494488152, 0.000100398101495, 0.000132038534502, 0.00012913995306, 0.000164664626936, 0.000156335649081, 0.000332575640641, 0.000356907432433, 0.00042227213271, 0.000551625620574, 0.000394984381273, 0.000193670784938, 5.9853275161e-005, 1.59896462719e-005, 9.60661782301e-006, 5.36533025297e-006, 2.09530924167e-007, 7.95658039454e-010, 4.8620839993e-011]
        median: [7.84942741916e-008, 7.02530669514e-005, 0.000159412491485, 0.000148258841364, 0.000171560925082, 7.51899278839e-005, 7.9527599155e-005, 5.53741119802e-005, 0.000167343838257, 8.82963067852e-005, 5.07619406562e-005, 6.29517890047e-005, 6.37341872789e-005, 7.51899497118e-005, 8.95148987183e-005, 0.000220357382204, 0.000281824439298, 0.000325895060087, 0.000415115791839, 0.00031782721635, 0.000130621003336, 4.11394430557e-005, 1.11044319056e-005, 6.66910273139e-006, 3.84340501114e-006, 1.32466666969e-007, 4.33712593617e-010, 2.00210074214e-011]
        min: [5.99238307356e-024, 5.75198244586e-023, 2.67472945573e-023, 1.28458385908e-023, 4.52781515582e-023, 9.62654472597e-023, 1.58644282552e-023, 2.8827369303e-023, 5.73247423122e-023, 5.80533910423e-023, 9.61372983834e-023, 1.61047922798e-022, 1.63856280242e-022, 1.13737611905e-022, 1.21112893389e-022, 1.67351161244e-022, 2.27828835444e-022, 2.34831547389e-022, 1.78048733586e-022, 3.1208407737e-022, 5.35120980401e-022, 4.218302298e-022, 5.9644942531e-022, 1.04610216077e-021, 1.0997064331e-021, 1.72087131234e-021, 2.24894313266e-021, 7.73834430263e-022]
        var: [1.54511798321e-012, 1.99847729476e-008, 2.62094005166e-007, 3.91960782054e-007, 2.97259589388e-007, 8.57448725355e-008, 1.65695539067e-007, 1.53872022679e-007, 6.00435839715e-007, 2.56155516354e-007, 2.40980337907e-008, 3.29582903191e-008, 4.66701344237e-008, 6.47607265591e-008, 5.223348154e-008, 1.7454998158e-007, 1.1425003521e-007, 1.42136528325e-007, 2.64372914671e-007, 1.02395105728e-007, 3.79270268525e-008, 4.25356816436e-009, 2.63509158938e-010, 1.40262412796e-010, 3.14851512917e-011, 5.20246992459e-014, 1.05944827567e-018, 5.59079582239e-021]
    mfcc:
        mean: [-680.555114746, 88.5109863281, -43.9722709656, 47.1569328308, -7.29146909714, -7.4509100914, 3.94670057297, 1.14010989666, 3.72795009613, -0.59845662117, -3.49766302109, -4.96329784393, -5.07761049271]
        cov: [[2614.80297852, 54.4615936279, -103.59072876, -108.617416382, -129.767303467, 83.1592941284, -17.9196872711, 103.728874207, 50.9359512329, 52.1805267334, 123.625900269, -24.7082557678, -72.2304840088], [54.4615936279, 323.815002441, -119.694831848, 24.7311496735, -6.28509664536, -24.4295883179, 40.8268737793, 3.65706825256, 11.5084133148, 3.80227804184, -2.94722676277, 3.82919168472, 4.53051567078], [-103.59072876, -119.694831848, 466.820343018, 55.9311676025, 92.3855056763, 110.987998962, 12.016459465, 59.8452720642, 8.11474132538, 17.905128479, 31.0649433136, 1.28062224388, 1.53291296959], [-108.617416382, 24.7311496735, 55.9311676025, 232.269287109, 63.0604782104, 34.7393188477, 7.55920028687, -5.75562620163, 13.9724111557, -4.97796535492, -11.3764209747, -9.89870452881, 12.3410396576], [-129.767303467, -6.28509664536, 92.3855056763, 63.0604782104, 153.799179077, 49.0159721375, 4.44399213791, -18.2690067291, -6.81608057022, 22.393245697, -1.35048770905, -6.09080839157, 11.891702652], [83.1592941284, -24.4295883179, 110.987998962, 34.7393188477, 49.0159721375, 148.025497437, 47.468875885, 47.5197601318, 20.2142925262, 21.2955150604, 38.0071411133, -10.7171268463, -16.2472763062], [-17.9196872711, 40.8268737793, 12.016459465, 7.55920028687, 4.44399213791, 47.468875885, 123.80103302, 80.9832611084, 38.2084388733, 11.926651001, 13.0371408463, -1.72880959511, -26.1526889801], [103.728874207, 3.65706825256, 59.8452720642, -5.75562620163, -18.2690067291, 47.5197601318, 80.9832611084, 137.185180664, 61.8336448669, 23.3499240875, 31.8249797821, -2.73850393295, -22.0757846832], [50.9359512329, 11.5084133148, 8.11474132538, 13.9724111557, -6.81608057022, 20.2142925262, 38.2084388733, 61.8336448669, 78.3245773315, 36.3955574036, 24.9299850464, -1.88396322727, -13.8754558563], [52.1805267334, 3.80227804184, 17.905128479, -4.97796535492, 22.393245697, 21.2955150604, 11.926651001, 23.3499240875, 36.3955574036, 76.3446807861, 45.6588020325, 4.21682929993, -4.29160547256], [123.625900269, -2.94722676277, 31.0649433136, -11.3764209747, -1.35048770905, 38.0071411133, 13.0371408463, 31.8249797821, 24.9299850464, 45.6588020325, 88.419670105, 23.0595493317, -0.79423058033], [-24.7082557678, 3.82919168472, 1.28062224388, -9.89870452881, -6.09080839157, -10.7171268463, -1.72880959511, -2.73850393295, -1.88396322727, 4.21682929993, 23.0595493317, 60.9149665833, 31.0857887268], [-72.2304840088, 4.53051567078, 1.53291296959, 12.3410396576, 11.891702652, -16.2472763062, -26.1526889801, -22.0757846832, -13.8754558563, -4.29160547256, -0.79423058033, 31.0857887268, 75.4289169312]]
        icov: [[0.000485243130242, -0.000144963196362, 0.000186619305168, 0.000106844447146, 0.000285599497147, -0.000432933389675, 0.000687537773047, -0.000530209217686, 0.000120950491691, 4.65445100417e-006, -0.000543359550647, 0.00020941196999, 0.000327517831465], [-0.000144963196362, 0.00380816170946, 0.000915175187401, -0.000625827175099, -0.000318906357279, 0.000794393010437, -0.00199436210096, 0.00041019305354, 1.36551034302e-005, -0.000224686373258, -0.000188652149518, 8.56985498103e-005, -0.00068137521157], [0.000186619305168, 0.000915175187401, 0.00349161121994, -0.000407177984016, -0.00157962448429, -0.00172102614306, 0.00161157653201, -0.00273547321558, 0.00117579079233, 0.000177617344889, -0.000299029954476, -0.000647684151772, 0.000246072740993], [0.000106844447146, -0.000625827175099, -0.000407177984016, 0.00551244569942, -0.00182020524517, -0.000918574689422, 3.96052564611e-005, 0.00119804101996, -0.00297828833573, 0.00206188973971, 0.000115134200314, 0.00100328132976, -0.00114307040349], [0.000285599497147, -0.000318906357279, -0.00157962448429, -0.00182020524517, 0.010819661431, -0.00290727708489, -0.00145209149923, 0.00295034749433, 0.00191391410772, -0.00555561250076, 0.00257430225611, 0.000836783961859, -0.00163119810168], [-0.000432933389675, 0.000794393010437, -0.00172102614306, -0.000918574689422, -0.00290727708489, 0.0123682674021, -0.00418588053435, -0.000337314209901, 0.000424376834417, 0.00153189676348, -0.00527252769098, 0.00329080177471, 4.88795121782e-005], [0.000687537773047, -0.00199436210096, 0.00161157653201, 3.96052564611e-005, -0.00145209149923, -0.00418588053435, 0.0177274290472, -0.0101907588542, -9.55376235652e-005, 0.000508767203428, 0.00201600207947, -0.00370554323308, 0.00478988466784], [-0.000530209217686, 0.00041019305354, -0.00273547321558, 0.00119804101996, 0.00295034749433, -0.000337314209901, -0.0101907588542, 0.0202808119357, -0.0107563855127, 0.00196195580065, -0.00226442981511, 0.00204519671388, -0.00154209230095], [0.000120950491691, 1.36551034302e-005, 0.00117579079233, -0.00297828833573, 0.00191391410772, 0.000424376834417, -9.55376235652e-005, -0.0107563855127, 0.0268647447228, -0.0113005666062, 0.00112869602162, -0.000328158668708, 0.00163291231729], [4.65445100417e-006, -0.000224686373258, 0.000177617344889, 0.00206188973971, -0.00555561250076, 0.00153189676348, 0.000508767203428, 0.00196195580065, -0.0113005666062, 0.0264455862343, -0.0125554371625, 0.00286643323489, -0.00025422021281], [-0.000543359550647, -0.000188652149518, -0.000299029954476, 0.000115134200314, 0.00257430225611, -0.00527252769098, 0.00201600207947, -0.00226442981511, 0.00112869602162, -0.0125554371625, 0.023773284629, -0.00991336256266, 0.00180205667857], [0.00020941196999, 8.56985498103e-005, -0.000647684151772, 0.00100328132976, 0.000836783961859, 0.00329080177471, -0.00370554323308, 0.00204519671388, -0.000328158668708, 0.00286643323489, -0.00991336256266, 0.0264662094414, -0.0109738288447], [0.000327517831465, -0.00068137521157, 0.000246072740993, -0.00114307040349, -0.00163119810168, 4.88795121782e-005, 0.00478988466784, -0.00154209230095, 0.00163291231729, -0.00025422021281, 0.00180205667857, -0.0109738288447, 0.0200986359268]]
    sccoeffs:
        dmean: [0.0629359260201, 0.0487010739744, 0.0394045673311, 0.0289129000157, 0.0191361680627, 0.0188651643693]
        dmean2: [0.103438079357, 0.0810593813658, 0.0656372383237, 0.0488010793924, 0.0320814475417, 0.0307682007551]
        dvar: [0.00296090776101, 0.00153519283049, 0.000945774081629, 0.000513071368914, 0.000231685393373, 0.000311462179525]
        dvar2: [0.0078428061679, 0.00413415580988, 0.00257563521154, 0.00141016894486, 0.000629232381471, 0.000816343177576]
        max: [-0.32665425539, -0.466093420982, -0.527244925499, -0.564955115318, -0.643357276917, -0.532576441765]
        mean: [-0.653320848942, -0.770588457584, -0.783590078354, -0.793659210205, -0.800079703331, -0.776241004467]
        median: [-0.662324011326, -0.778152763844, -0.791975498199, -0.798312485218, -0.804252326488, -0.782786607742]
        min: [-0.966374218464, -0.980636179447, -0.983473539352, -0.970977306366, -0.961880505085, -0.960349977016]
        var: [0.0065999859944, 0.00408048415557, 0.0034931243863, 0.00198186584748, 0.000972689362243, 0.00168049661443]
    scvalleys:
        dmean: [0.374492973089, 0.359626531601, 0.30358555913, 0.245743855834, 0.250475257635, 0.231707185507]
        dmean2: [0.628007650375, 0.591541409492, 0.492232829332, 0.394859522581, 0.403905779123, 0.365768939257]
        dvar: [0.108704067767, 0.101599365473, 0.0788836032152, 0.0668842345476, 0.0983325317502, 0.10064907372]
        dvar2: [0.264198452234, 0.237548157573, 0.161869183183, 0.124521009624, 0.198971346021, 0.20392818749]
        max: [-5.35723733902, -5.07548999786, -4.8323931694, -5.60672855377, -5.49807262421, -7.53374147415]
        mean: [-6.80616521835, -6.53393030167, -6.69722366333, -6.90170049667, -6.63239145279, -9.06233596802]
        median: [-6.64759874344, -6.47135782242, -6.62232303619, -6.79259061813, -6.5371594429, -8.8833770752]
        min: [-27.3187961578, -26.9103183746, -26.9875717163, -27.5357398987, -27.2561130524, -27.2513046265]
        var: [1.11496758461, 0.720074653625, 0.775041520596, 0.681148886681, 0.597993016243, 1.12181007862]

rhythm:
    beats_loudness:
        dmean: 0.00170370843261
        dmean2: 0.00297336839139
        dvar: 1.76598064172e-006
        dvar2: 5.47739773538e-006
        max: 0.0122385611758
        mean: 0.00635695829988
        median: 0.00647008465603
        min: 1.07584092746e-008
        var: 3.57513658855e-006
    bpm: 139.920974731
    bpm_confidence: 0
    first_peak_bpm: 140
    first_peak_spread: 0.216101661325
    first_peak_weight: 0.766045570374
    onset_rate: 3.09483575821
    second_peak_bpm: 110
    second_peak_spread: 0.333333343267
    second_peak_weight: 0.00828157365322
    beats_loudness_band_ratio:
        dmean: [0.162036389112, 0.0671766400337, 0.0962485074997, 0.0577535368502, 0.104083731771, 0.0679092332721]
        dmean2: [0.28935611248, 0.122265808284, 0.169797718525, 0.101588763297, 0.178319275379, 0.116311602294]
        dvar: [0.0164730884135, 0.00437172967941, 0.0102990251034, 0.00357612734661, 0.00770323397592, 0.00396307837218]
        dvar2: [0.0511523783207, 0.0124411741272, 0.028572095558, 0.0102674579248, 0.0232136659324, 0.0101392315701]
        max: [0.885908484459, 0.521996378899, 0.658294141293, 0.530122518539, 0.680941998959, 0.738477706909]
        mean: [0.31429669261, 0.0806791707873, 0.142298921943, 0.0925329402089, 0.224467560649, 0.181878447533]
        median: [0.304333209991, 0.0602857246995, 0.0959261804819, 0.0687166601419, 0.199273109436, 0.170008257031]
        min: [0.000661173486151, 0.00847922638059, 0.00657624006271, 0.00722893280908, 0.0211937557906, 0.0392213501036]
        var: [0.0454871617258, 0.00453920289874, 0.0142826857045, 0.00544645451009, 0.0134895294905, 0.0063869971782]
    beats_position: [0.46439909935, 0.9287981987, 1.39319729805, 1.83437633514, 2.27555561066, 2.70512461662, 3.13469386101, 3.56426286697, 3.99383211136, 4.42340135574, 4.85297060013, 5.27092981339, 5.70049858093, 6.13006782532, 6.5596370697, 6.98920631409, 7.41877555847, 7.84834432602, 8.27791404724, 8.70748329163, 9.13705158234, 9.56662082672, 9.99619007111, 10.4257593155, 10.8437185287, 11.2732877731, 11.7028570175, 12.1324262619, 12.5619955063, 12.9915647507, 13.4211339951, 13.8507022858, 14.2802715302, 14.7098407745, 15.1394100189, 15.5689792633, 15.9985485077, 16.4165077209, 16.8460769653, 17.2756462097, 17.7052154541, 18.1347846985, 18.5643539429, 18.9939231873, 19.4234924316, 19.853061676, 20.2826309204, 20.7121982574, 21.1301574707, 21.5713367462, 21.9892959595, 22.4188652039, 22.8484344482, 23.2780036926, 23.707572937, 24.1371421814, 24.5667114258, 24.9962806702, 25.4258499146, 25.8554191589, 26.2849884033, 26.7029476166, 27.132516861, 27.5620861053, 27.9916553497, 28.4212245941, 28.8624038696, 29.2803630829, 29.7099323273, 30.1394996643, 30.5690689087, 30.9986381531, 31.4165973663, 31.8461666107, 32.2757377625, 32.7169151306, 33.146484375, 33.5760536194, 34.0056228638, 34.4235839844, 34.8531494141, 35.2827186584, 35.7122879028, 36.1302490234, 36.5714263916, 37.0126075745, 37.4305648804, 37.848526001, 38.2780952454, 38.7076644897, 39.1372337341, 39.5668029785, 39.9963722229, 40.4259414673, 40.8555107117, 41.2850799561, 41.7146492004, 42.1442184448, 42.5621757507, 42.9801368713, 43.4097061157, 43.8392753601, 44.2688446045, 44.6984100342, 45.1279792786, 45.5575485229, 45.9871177673, 46.4166870117, 46.8462562561, 47.2758255005, 47.7053947449, 48.1349639893, 48.5645332336, 48.994102478, 49.4236717224, 49.8532409668, 50.2944221497, 50.7123794556, 51.1419487, 51.5715179443, 52.0010871887, 52.4306564331, 52.8602256775, 53.2897949219, 53.7193641663, 54.1489334106, 54.578502655, 54.9964599609, 55.4144210815, 55.8439903259, 56.2735595703, 56.7031288147, 57.1326980591, 57.5622673035, 57.9918365479, 58.4214057922, 58.8509750366, 59.280544281, 59.7101135254, 60.1396827698, 60.5576400757, 60.9872093201, 61.4167785645, 61.8463478088, 62.2759170532, 62.7054862976, 63.135055542, 63.5646247864, 63.9941940308, 64.4237594604, 64.8533325195, 65.2712936401, 65.7008590698, 66.1304321289, 66.5599975586, 66.9895706177, 67.4191360474, 67.8487091064, 68.2782745361, 68.7078475952, 69.1374130249, 69.566986084, 69.9965515137, 70.4261245728, 70.844078064, 71.273651123, 71.7032165527, 72.1327896118, 72.5623550415, 72.9919281006, 73.4214935303, 73.8510665894, 74.280632019, 74.7102050781, 75.1397705078, 75.5577316284, 75.9872970581, 76.4168701172, 76.8464355469, 77.276008606, 77.7055740356, 78.1351470947, 78.5647125244, 78.9942855835, 79.4122467041, 79.8534240723, 80.282989502, 80.712562561, 81.1305236816, 81.5717010498, 82.0012664795, 82.4308395386, 82.8487930298, 83.2783660889, 83.7079315186, 84.1375045776, 84.5670700073, 84.9966430664, 85.4262084961, 85.8441696167, 86.2737426758, 86.7033081055, 87.1444854736, 87.5624465942, 88.0036239624, 88.421585083, 88.8511581421, 89.2807235718, 89.7102966309, 90.1398620605, 90.5694351196, 90.9990005493, 91.428565979, 91.8581390381, 92.2877044678, 92.7172775269, 93.1468429565, 93.5764160156, 93.9943771362, 94.4123306274, 94.8419036865, 95.2714691162, 95.7010421753, 96.130607605, 96.5601806641, 96.9897460938, 97.4193191528, 97.8488845825, 98.2784576416, 98.7080230713, 99.1375961304, 99.5671615601, 99.9967346191, 100.426300049, 100.844261169, 101.273826599, 101.715011597, 102.144577026, 102.574150085, 103.003715515, 103.433288574, 103.862854004, 104.292427063, 104.721992493, 105.151565552, 105.581130981, 106.010704041, 106.428657532, 106.858230591, 107.276191711, 107.694145203, 108.1353302, 108.56489563, 108.994468689, 109.424034119, 109.853607178, 110.283172607, 110.712738037, 111.130699158, 111.548660278, 111.978225708, 112.407798767, 112.837364197, 113.266937256, 113.696502686, 114.126075745, 114.555641174, 114.985214233, 115.414779663, 115.844352722, 116.273918152, 116.703491211, 117.133056641, 117.5626297, 117.992195129, 118.421768188, 118.851333618, 119.280906677, 119.710472107, 120.140045166, 120.557998657, 120.987571716, 121.417137146, 121.835098267, 122.276275635, 122.705848694, 123.135414124, 123.576599121, 124.006164551, 124.424125671, 124.853691101, 125.271652222, 125.701225281, 126.13079071, 126.56036377, 126.989929199, 127.419502258, 127.849067688, 128.278640747, 128.708206177, 129.137771606, 129.567337036, 129.985305786, 130.414871216, 130.844436646, 131.274017334, 131.703582764, 132.144760132, 132.562713623, 132.992294312, 133.421859741, 133.851425171, 134.280990601, 134.710571289, 135.140136719, 135.55809021, 135.999267578, 136.417236328, 136.858413696, 137.276367188, 137.705932617, 138.135513306, 138.565078735, 138.994644165, 139.435821533, 139.88861084, 140.341400146, 140.794189453, 141.339859009, 141.873916626, 142.419586182, 142.953643799, 143.499313354, 144.04498291, 144.486160278, 144.915740967, 145.356918335, 145.798095703, 146.239273071, 146.680450439, 147.121627808, 147.562805176, 147.992385864, 148.421951294, 148.851516724, 149.281082153, 149.710647583, 150.15184021, 150.593017578, 151.034194946, 151.463760376, 151.881713867, 152.299682617, 152.717636108, 153.147201538, 153.576782227, 154.006347656, 154.424301147, 154.853881836, 155.283447266, 155.713012695, 156.130966187, 156.560546875, 156.990112305, 157.419677734, 157.849243164, 158.278823853, 158.708389282, 159.137954712, 159.567520142, 159.99710083, 160.42666626, 160.856231689, 161.285797119, 161.715377808, 162.144943237, 162.562896729, 162.992462158, 163.422042847, 163.851608276, 164.281173706, 164.710739136, 165.140319824, 165.558273315, 165.987838745, 166.417419434, 166.846984863, 167.276550293, 167.706115723, 168.135681152, 168.565261841, 168.994827271, 169.4243927, 169.85395813, 170.27192688, 170.70149231, 171.131057739, 171.572235107, 171.990203857, 172.419769287, 172.849334717, 173.278915405, 173.708480835, 174.149658203, 174.590835571, 175.032012939, 175.449981689, 175.867935181, 176.285888672, 176.703857422, 177.14503479, 177.562988281, 177.992553711, 178.422134399, 178.851699829, 179.281265259, 179.710830688, 180.140411377, 180.569976807, 180.999542236, 181.429107666, 181.847076416, 182.276641846, 182.706207275, 183.135772705, 183.553741455, 183.983306885, 184.412872314, 184.842453003, 185.272018433, 185.701583862, 186.131149292, 186.560714722, 186.99029541, 187.41986084, 187.84942627, 188.278991699, 188.708572388, 189.138137817, 189.567703247, 189.997268677, 190.426849365, 190.868026733, 191.285980225, 191.715545654, 192.145126343, 192.574691772, 193.004257202, 193.433822632, 193.86340332, 194.29296875, 194.72253418, 195.152099609, 195.570068359, 195.999633789, 196.41758728, 196.847167969, 197.276733398, 197.706298828, 198.135864258, 198.565444946, 198.995010376, 199.424575806, 199.854141235, 200.283721924, 200.701675415, 201.131240845, 201.560806274, 201.990386963, 202.419952393, 202.849517822, 203.279083252, 203.70866394, 204.13822937, 204.5677948, 204.985748291, 205.415328979, 205.844894409, 206.274459839, 206.704025269, 207.133605957, 207.563171387, 207.992736816, 208.433914185]
