
metadata:
    version:
        essentia: "2.1-beta2"
    audio_properties:
        analysis_sample_rate: 44100
        bitrate: 320
        channels: 2
        equal_loudness: 1
        length: 188.708572388
        replay_gain: -15.3978099823
        downmix: "mix"
    tags:
        album: "Got Your Six (Deluxe Edition)"
        artist: "Five Finger Death Punch"
        comment: ""
        date: "2015"
        genre: "Heavy Metal"
        title: "Hell to Pay"
        tracknumber: "08"

configuration:
    average_loudness:
        compute: 1
        frameSize: 88200
        hopSize: 44100
        silentFrames: "noise"
        windowType: "hann"
    general:
        analysisSampleRate: 44100
        endTime: 2000
        equalLoudness: 1
        nequalLoudness: 0
        shortSound: 0
        startTime: 0
    lowlevel:
        compute: 1
        frameSize: 2048
        hopSize: 1024
        zeroPadding: 0
        silentFrames: "noise"
        windowType: "blackmanharris62"
        mfccStats: ["mean", "cov", "icov"]
        stats: ["mean", "var", "median", "min", "max", "dmean", "dmean2", "dvar", "dvar2"]
    panning:
        compute: 0
        frameSize: 8192
        hopSize: 2048
        zeroPadding: 8192
        silentFrames: "noise"
        windowType: "hann"
        stats: ["copy"]
    rhythm:
        compute: 1
        maxTempo: 208
        minTempo: 40
        method: "degara"
        stats: ["mean", "var", "median", "min", "max", "dmean", "dmean2", "dvar", "dvar2"]
    segmentation:
        compute: 0
        cpw: 5
        inc1: 300
        inc2: 50
        minimumSegmentsLength: 10
        size1: 1000
        size2: 600
    sfx:
        compute: 1
        stats: ["mean", "var", "median", "min", "max", "dmean", "dmean2", "dvar", "dvar2"]
    svm:
        compute: 0
    tonal:
        compute: 1
        frameSize: 4096
        hopSize: 2048
        zeroPadding: 0
        silentFrames: "noise"
        windowType: "blackmanharris62"
        stats: ["mean", "var", "median", "min", "max", "dmean", "dmean2", "dvar", "dvar2"]

lowlevel:
    average_loudness: 0.954728007317
    barkbands_kurtosis:
        dmean: 0.835951626301
        dmean2: 1.39539110661
        dvar: 7.19928741455
        dvar2: 19.2620868683
        max: 147.000228882
        mean: -0.582336306572
        median: -1.09016132355
        min: -1.88787150383
        var: 6.49867248535
    barkbands_skewness:
        dmean: 0.492871642113
        dmean2: 0.788781404495
        dvar: 0.284641593695
        dvar2: 0.717586457729
        max: 11.5042600632
        mean: -0.0613358989358
        median: -0.136519104242
        min: -4.23105812073
        var: 0.690212368965
    barkbands_spread:
        dmean: 6.24469137192
        dmean2: 10.1774406433
        dvar: 34.7535095215
        dvar2: 90.1307373047
        max: 74.9872589111
        mean: 34.763217926
        median: 35.1023979187
        min: 2.1733956337
        var: 113.202644348
    dissonance:
        dmean: 0.00985726341605
        dmean2: 0.0168882831931
        dvar: 0.000104636317701
        dvar2: 0.000290609576041
        max: 0.5
        mean: 0.484911322594
        median: 0.487968742847
        min: 0.260761290789
        var: 0.000145815763972
    hfc:
        dmean: 2.82542276382
        dmean2: 4.85515356064
        dvar: 23.4678974152
        dvar2: 66.865524292
        max: 48.7268943787
        mean: 7.58603715897
        median: 6.83882427216
        min: 1.20579322267e-016
        var: 26.4003982544
    pitch:
        dmean: 906.876281738
        dmean2: 1738.93701172
        dvar: 1696592.5
        dvar2: 4255968.5
        max: 4656.10205078
        mean: 1366.68322754
        median: 403.609069824
        min: 61.4269638062
        var: 2152918.5
    pitch_instantaneous_confidence:
        dmean: 0.0806391015649
        dmean2: 0.131039232016
        dvar: 0.00522630708292
        dvar2: 0.0130813587457
        max: 0.970731019974
        mean: 0.329196721315
        median: 0.298357874155
        min: 0.117610275745
        var: 0.016425140202
    pitch_salience:
        dmean: 0.0728452056646
        dmean2: 0.120824038982
        dvar: 0.00512079475448
        dvar2: 0.0141701167449
        max: 0.921883165836
        mean: 0.66319912672
        median: 0.680782198906
        min: 0.165463417768
        var: 0.00891909003258
    silence_rate_20dB:
        dmean: 0
        dmean2: 0
        dvar: 0
        dvar2: 0
        max: 1
        mean: 1
        median: 1
        min: 1
        var: 0
    silence_rate_30dB:
        dmean: 0
        dmean2: 0
        dvar: 0
        dvar2: 0
        max: 1
        mean: 1
        median: 1
        min: 1
        var: 0
    silence_rate_60dB:
        dmean: 0.102128706872
        dmean2: 0.204282552004
        dvar: 0.0917030647397
        dvar2: 0.187911003828
        max: 1
        mean: 0.342273622751
        median: 0
        min: 0
        var: 0.225130468607
    spectral_centroid:
        dmean: 348.830871582
        dmean2: 570.969726563
        dvar: 137975.9375
        dvar2: 369803.5625
        max: 11329.9091797
        mean: 1764.09753418
        median: 1780.20849609
        min: 78.4363479614
        var: 314731.09375
    spectral_complexity:
        dmean: 4.72277593613
        dmean2: 7.78144216537
        dvar: 28.5771217346
        dvar2: 73.8709487915
        max: 48
        mean: 14.9438972473
        median: 14
        min: 0
        var: 70.4164733887
    spectral_crest:
        dmean: 2.07205653191
        dmean2: 3.48197436333
        dvar: 4.25245571136
        dvar2: 11.0203065872
        max: 23.0743618011
        mean: 6.15802955627
        median: 5.38128042221
        min: 2.42439126968
        var: 7.31293535233
    spectral_decrease:
        dmean: 3.24424959119e-010
        dmean2: 5.32812405307e-010
        dvar: 2.81193612738e-019
        dvar2: 7.31509006303e-019
        max: 4.97855809612e-029
        mean: -9.71548175244e-010
        median: -8.83329964729e-010
        min: -4.68340610738e-009
        var: 3.77300936376e-019
    spectral_energy:
        dmean: 0.00142617279198
        dmean2: 0.00234128977172
        dvar: 5.28054124516e-006
        dvar2: 1.3748182937e-005
        max: 0.021342607215
        mean: 0.0043549221009
        median: 0.00397217925638
        min: 1.07490036494e-020
        var: 7.27993028704e-006
    spectral_energyband_high:
        dmean: 0.000224228482693
        dmean2: 0.000402386678616
        dvar: 2.14958745914e-007
        dvar2: 6.24221911494e-007
        max: 0.00529086589813
        mean: 0.000382554368116
        median: 0.000266418326646
        min: 8.22013157105e-021
        var: 1.73887968913e-007
    spectral_energyband_low:
        dmean: 0.000363252212992
        dmean2: 0.000599268008955
        dvar: 2.23588855874e-007
        dvar2: 5.94479331539e-007
        max: 0.00442140409723
        mean: 0.000573679048102
        median: 0.0003810156486
        min: 8.11103122434e-023
        var: 3.09468134674e-007
    spectral_energyband_middle_high:
        dmean: 0.000723724253476
        dmean2: 0.00119155994616
        dvar: 8.83899701876e-007
        dvar2: 2.42212468038e-006
        max: 0.00959662813693
        mean: 0.00212554773316
        median: 0.00188891612925
        min: 1.2962760304e-021
        var: 1.82033716101e-006
    spectral_energyband_middle_low:
        dmean: 0.000858931045514
        dmean2: 0.00146651570685
        dvar: 2.99734642795e-006
        dvar2: 8.21267440188e-006
        max: 0.0150889987126
        mean: 0.00149386026897
        median: 0.00107670784928
        min: 2.68741484395e-022
        var: 2.81009215541e-006
    spectral_flatness_db:
        dmean: 0.0152492737398
        dmean2: 0.024270189926
        dvar: 0.000237579050008
        dvar2: 0.000605257460847
        max: 0.418162375689
        mean: 0.122600406408
        median: 0.113206118345
        min: 0.0604047141969
        var: 0.00165087950882
    spectral_flux:
        dmean: 0.00888280197978
        dmean2: 0.013597952202
        dvar: 0.000131162101752
        dvar2: 0.000241918241954
        max: 0.11850015074
        mean: 0.0414661355317
        median: 0.0391015559435
        min: 1.03677399999e-010
        var: 0.000302409316646
    spectral_kurtosis:
        dmean: 1.19399869442
        dmean2: 2.02055358887
        dvar: 21.3833389282
        dvar2: 68.2245254517
        max: 129.848556519
        mean: 3.73427176476
        median: 2.83481788635
        min: -1.18446218967
        var: 58.8629302979
    spectral_rms:
        dmean: 0.000301538530039
        dmean2: 0.00047957492643
        dvar: 1.54435980448e-007
        dvar2: 3.80934068289e-007
        max: 0.00456311926246
        mean: 0.00196692743339
        median: 0.00196857750416
        min: 3.23833798319e-012
        var: 3.79917452165e-007
    spectral_rolloff:
        dmean: 469.454406738
        dmean2: 788.505065918
        dvar: 379466.96875
        dvar2: 962370.75
        max: 18669.2871094
        mean: 3300.34057617
        median: 3423.77929688
        min: 64.599609375
        var: 657103.5
    spectral_skewness:
        dmean: 0.164028272033
        dmean2: 0.268209457397
        dvar: 0.0926670059562
        dvar2: 0.291639149189
        max: 8.20507240295
        mean: 1.4330946207
        median: 1.41486024857
        min: -0.0178324561566
        var: 0.222143560648
    spectral_spread:
        dmean: 557470.4375
        dmean2: 806307.875
        dvar: 431647948800
        dvar2: 684659769344
        max: 39535244
        mean: 6005195.5
        median: 6118142
        min: 440161.09375
        var: 3.08388875469e+012
    spectral_strongpeak:
        dmean: 0.396770626307
        dmean2: 0.685775876045
        dvar: 0.366970986128
        dvar2: 0.929924249649
        max: 8.16469669342
        mean: 0.532271027565
        median: 0.225626170635
        min: 5.39140998512e-009
        var: 0.564676165581
    zerocrossingrate:
        dmean: 0.00942874886096
        dmean2: 0.0116180414334
        dvar: 9.02924512047e-005
        dvar2: 0.000115859445941
        max: 0.50146484375
        mean: 0.101142339408
        median: 0.10205078125
        min: 0.013671875
        var: 0.000546722323634
    barkbands:
        dmean: [4.19629884618e-007, 7.54533903091e-005, 0.000213570980122, 0.000365025945939, 0.000342250394169, 0.000136947230203, 0.000111456567538, 9.74968424998e-005, 0.000128825922729, 8.17369291326e-005, 5.10853642481e-005, 7.63472344261e-005, 6.62311940687e-005, 7.60896073189e-005, 8.22423317004e-005, 0.000135830719955, 0.000174473578227, 0.000198411944439, 0.000187909361557, 0.000178067901288, 0.00011384049867, 3.68388646166e-005, 9.26496068132e-006, 5.57730299988e-006, 3.29461545334e-006, 1.6822046689e-007, 5.19488729811e-010]
        dmean2: [5.74723571845e-007, 0.000130357831949, 0.000350688933395, 0.000635127886198, 0.000612142903265, 0.000225587878958, 0.000182140938705, 0.000163446806255, 0.000216851447476, 0.000134207381052, 8.43747911858e-005, 0.000123956284369, 0.00010883523646, 0.000120547723782, 0.00013174644846, 0.000221778522246, 0.000289815361612, 0.000340115191648, 0.000323420594214, 0.000312799907988, 0.000205569638638, 6.56832271488e-005, 1.60790805239e-005, 9.42247515923e-006, 5.31153636985e-006, 2.63857401706e-007, 8.65868932109e-010]
        dvar: [7.0571673505e-013, 2.00022398644e-008, 8.40710114858e-008, 7.46998523482e-007, 8.03152261142e-007, 7.43355457189e-008, 8.60511804035e-008, 4.89758420485e-008, 5.04932629042e-008, 2.64144279782e-008, 1.14225082726e-008, 2.4498682194e-008, 1.81931589793e-008, 2.29137402386e-008, 2.8099474747e-008, 4.91760836496e-008, 5.71783083103e-008, 9.40708702046e-008, 7.66072503211e-008, 1.05472032885e-007, 5.002511827e-008, 6.49364784167e-009, 3.11742770487e-010, 1.25525562167e-010, 3.37709304965e-011, 6.32469743895e-014, 5.9991335964e-019]
        dvar2: [1.18294284958e-012, 5.79532404288e-008, 2.18713594791e-007, 2.08164237847e-006, 2.30468504014e-006, 1.84221462973e-007, 2.05770191997e-007, 1.22960599924e-007, 1.398094156e-007, 6.43427924274e-008, 2.92051201001e-008, 6.04637975243e-008, 4.84877133999e-008, 5.24062606644e-008, 6.3606584888e-008, 1.23590382373e-007, 1.42824006844e-007, 2.57700236261e-007, 2.152760743e-007, 3.00992212487e-007, 1.44807117408e-007, 1.93658671321e-008, 9.06973607329e-010, 3.48239964643e-010, 8.26239562879e-011, 1.46910736072e-013, 1.56195956721e-018]
        max: [1.02254334706e-005, 0.00117274036165, 0.00342180067673, 0.00757467653602, 0.00749046262354, 0.00692233163863, 0.00716504640877, 0.00483589572832, 0.00333622982726, 0.00344058731571, 0.00230789300986, 0.00451214192435, 0.00290741655044, 0.00382683007047, 0.00430905632675, 0.00525979418308, 0.00607363181189, 0.00419302238151, 0.00422432180494, 0.00466332724318, 0.00268416129984, 0.000939025019761, 0.000235171290115, 0.00017983057478, 8.63177629071e-005, 2.98992245007e-006, 1.14892664271e-008]
        mean: [5.46253602351e-007, 9.41953185247e-005, 0.000289865885861, 0.000393927097321, 0.000359068915714, 0.000208267723792, 0.000138772840728, 0.000133206165629, 0.000206466240343, 0.00013575651974, 8.0080855696e-005, 0.000124011174194, 0.00010611306061, 0.000128695843159, 0.000139827272505, 0.000248961994657, 0.000323656568071, 0.000343366642483, 0.000350969756255, 0.000289635645458, 0.000166814628756, 5.79949919484e-005, 1.66310019267e-005, 1.06270890683e-005, 7.08423795004e-006, 3.82879505878e-007, 8.98187080267e-010]
        median: [6.20487696779e-008, 5.94392113271e-005, 0.000179241149453, 0.000149189436343, 0.000169828359503, 0.000104227117845, 5.92130745645e-005, 5.10379977641e-005, 9.13854964892e-005, 5.78648032388e-005, 3.64047882613e-005, 4.48887149105e-005, 4.54660766991e-005, 5.76058591832e-005, 7.44999852031e-005, 0.000174849730683, 0.000237722269958, 0.000261218636297, 0.000288839801215, 0.00021403793653, 0.000102938938653, 3.53120376531e-005, 1.02301337392e-005, 6.76574200043e-006, 4.93320931128e-006, 2.77440221907e-007, 5.84794546121e-010]
        min: [4.38653087767e-024, 4.52120702579e-023, 1.91318364821e-023, 1.62367611361e-023, 4.92116108246e-023, 3.12667417921e-023, 5.87171196752e-023, 3.24355528192e-023, 7.3615843343e-023, 3.75338251656e-023, 1.06895259605e-022, 1.23719996639e-022, 5.78374198591e-023, 5.43696125633e-023, 8.78441425263e-023, 1.14266830287e-022, 8.94042885158e-023, 2.80201777947e-022, 2.17416654045e-022, 3.43142351624e-022, 5.58621260363e-022, 4.61404263836e-022, 6.30863854643e-022, 8.85229264119e-022, 1.24143916606e-021, 2.0813663572e-021, 2.27367878143e-021]
        var: [1.31490727594e-012, 1.69184488641e-008, 1.1059928795e-007, 6.37155324057e-007, 5.41889164651e-007, 1.14570077869e-007, 1.02651377176e-007, 6.86911079129e-008, 9.32211250415e-008, 5.91130984162e-008, 2.13155590956e-008, 5.02568546779e-008, 3.37762280367e-008, 4.85426738805e-008, 5.35957198622e-008, 9.00657965985e-008, 1.00312313123e-007, 1.06320769078e-007, 8.69256027158e-008, 9.45082945236e-008, 4.11636698061e-008, 5.56034063237e-009, 3.86580545353e-010, 1.72373351703e-010, 6.34566080238e-011, 1.52784414894e-013, 9.38656848575e-019]
    frequency_bands:
        dmean: [4.19629884618e-007, 7.54533903091e-005, 0.000213570980122, 0.000365025945939, 0.000342250394169, 0.000136947230203, 0.000111456567538, 9.74968424998e-005, 0.000128825922729, 8.17369291326e-005, 5.10853642481e-005, 7.63472344261e-005, 6.62311940687e-005, 7.60896073189e-005, 8.22423317004e-005, 0.000135830719955, 0.000174473578227, 0.000198411944439, 0.000187909361557, 0.000178067901288, 0.00011384049867, 3.68388646166e-005, 9.26496068132e-006, 5.57730299988e-006, 3.29461545334e-006, 1.6822046689e-007, 5.19488729811e-010, 5.22405417536e-011]
        dmean2: [5.74723571845e-007, 0.000130357831949, 0.000350688933395, 0.000635127886198, 0.000612142903265, 0.000225587878958, 0.000182140938705, 0.000163446806255, 0.000216851447476, 0.000134207381052, 8.43747911858e-005, 0.000123956284369, 0.00010883523646, 0.000120547723782, 0.00013174644846, 0.000221778522246, 0.000289815361612, 0.000340115191648, 0.000323420594214, 0.000312799907988, 0.000205569638638, 6.56832271488e-005, 1.60790805239e-005, 9.42247515923e-006, 5.31153636985e-006, 2.63857401706e-007, 8.65868932109e-010, 9.68133212487e-011]
        dvar: [7.0571673505e-013, 2.00022398644e-008, 8.40710114858e-008, 7.46998523482e-007, 8.03152261142e-007, 7.43355457189e-008, 8.60511804035e-008, 4.89758420485e-008, 5.04932629042e-008, 2.64144279782e-008, 1.14225082726e-008, 2.4498682194e-008, 1.81931589793e-008, 2.29137402386e-008, 2.8099474747e-008, 4.91760836496e-008, 5.71783083103e-008, 9.40708702046e-008, 7.66072503211e-008, 1.05472032885e-007, 5.002511827e-008, 6.49364784167e-009, 3.11742770487e-010, 1.25525562167e-010, 3.37709304965e-011, 6.32469743895e-014, 5.9991335964e-019, 5.60659182169e-021]
        dvar2: [1.18294284958e-012, 5.79532404288e-008, 2.18713594791e-007, 2.08164237847e-006, 2.30468504014e-006, 1.84221462973e-007, 2.05770191997e-007, 1.22960599924e-007, 1.398094156e-007, 6.43427924274e-008, 2.92051201001e-008, 6.04637975243e-008, 4.84877133999e-008, 5.24062606644e-008, 6.3606584888e-008, 1.23590382373e-007, 1.42824006844e-007, 2.57700236261e-007, 2.152760743e-007, 3.00992212487e-007, 1.44807117408e-007, 1.93658671321e-008, 9.06973607329e-010, 3.48239964643e-010, 8.26239562879e-011, 1.46910736072e-013, 1.56195956721e-018, 1.80331997444e-020]
        max: [1.02254334706e-005, 0.00117274036165, 0.00342180067673, 0.00757467653602, 0.00749046262354, 0.00692233163863, 0.00716504640877, 0.00483589572832, 0.00333622982726, 0.00344058731571, 0.00230789300986, 0.00451214192435, 0.00290741655044, 0.00382683007047, 0.00430905632675, 0.00525979418308, 0.00607363181189, 0.00419302238151, 0.00422432180494, 0.00466332724318, 0.00268416129984, 0.000939025019761, 0.000235171290115, 0.00017983057478, 8.63177629071e-005, 2.98992245007e-006, 1.14892664271e-008, 1.1990254345e-009]
        mean: [5.46253602351e-007, 9.41953185247e-005, 0.000289865885861, 0.000393927097321, 0.000359068915714, 0.000208267723792, 0.000138772840728, 0.000133206165629, 0.000206466240343, 0.00013575651974, 8.0080855696e-005, 0.000124011174194, 0.00010611306061, 0.000128695843159, 0.000139827272505, 0.000248961994657, 0.000323656568071, 0.000343366642483, 0.000350969756255, 0.000289635645458, 0.000166814628756, 5.79949919484e-005, 1.66310019267e-005, 1.06270890683e-005, 7.08423795004e-006, 3.82879505878e-007, 8.98187080267e-010, 4.0746475638e-011]
        median: [6.20487696779e-008, 5.94392113271e-005, 0.000179241149453, 0.000149189436343, 0.000169828359503, 0.000104227117845, 5.92130745645e-005, 5.10379977641e-005, 9.13854964892e-005, 5.78648032388e-005, 3.64047882613e-005, 4.48887149105e-005, 4.54660766991e-005, 5.76058591832e-005, 7.44999852031e-005, 0.000174849730683, 0.000237722269958, 0.000261218636297, 0.000288839801215, 0.00021403793653, 0.000102938938653, 3.53120376531e-005, 1.02301337392e-005, 6.76574200043e-006, 4.93320931128e-006, 2.77440221907e-007, 5.84794546121e-010, 1.58739861533e-011]
        min: [4.38653087767e-024, 4.52120702579e-023, 1.91318364821e-023, 1.62367611361e-023, 4.92116108246e-023, 3.12667417921e-023, 5.87171196752e-023, 3.24355528192e-023, 7.3615843343e-023, 3.75338251656e-023, 1.06895259605e-022, 1.23719996639e-022, 5.78374198591e-023, 5.43696125633e-023, 8.78441425263e-023, 1.14266830287e-022, 8.94042885158e-023, 2.80201777947e-022, 2.17416654045e-022, 3.43142351624e-022, 5.58621260363e-022, 4.61404263836e-022, 6.30863854643e-022, 8.85229264119e-022, 1.24143916606e-021, 2.0813663572e-021, 2.27367878143e-021, 7.73549784005e-022]
        var: [1.31490727594e-012, 1.69184488641e-008, 1.1059928795e-007, 6.37155324057e-007, 5.41889164651e-007, 1.14570077869e-007, 1.02651377176e-007, 6.86911079129e-008, 9.32211250415e-008, 5.91130984162e-008, 2.13155590956e-008, 5.02568546779e-008, 3.37762280367e-008, 4.85426738805e-008, 5.35957198622e-008, 9.00657965985e-008, 1.00312313123e-007, 1.06320769078e-007, 8.69256027158e-008, 9.45082945236e-008, 4.11636698061e-008, 5.56034063237e-009, 3.86580545353e-010, 1.72373351703e-010, 6.34566080238e-011, 1.52784414894e-013, 9.38656848575e-019, 4.42828798329e-021]
    mfcc:
        mean: [-694.657348633, 88.8467102051, -39.7187385559, 45.2915916443, -2.71924519539, -6.36502742767, 1.69499647617, -0.248742058873, 2.62727761269, -3.62739014626, -3.56020641327, -4.40723752975, -5.03952360153]
        cov: [[4329.56445313, -107.446014404, 111.701583862, 335.029663086, -151.031799316, 64.792930603, 22.8025417328, 15.9404220581, 30.9338188171, 21.7492046356, 51.1152191162, 11.5776224136, -10.0458688736], [-107.446014404, 523.977539063, -217.710800171, 19.7948436737, 8.96584701538, -38.9892730713, 22.7851524353, -5.68330574036, 2.07322764397, -22.1569919586, -13.5506134033, 4.65550088882, -2.45847177505], [111.701583862, -217.710800171, 500.560302734, 75.5038146973, 45.2369499207, 89.4934082031, 0.738172411919, 19.2316093445, -18.1051158905, -3.80899214745, -2.78155684471, -11.0531873703, 8.60177898407], [335.029663086, 19.7948436737, 75.5038146973, 447.85269165, 56.7990951538, 63.1085891724, 41.2131385803, -12.7019901276, 59.589630127, 10.7955188751, -24.7799682617, -1.41874849796, -4.46352386475], [-151.031799316, 8.96584701538, 45.2369499207, 56.7990951538, 159.955703735, 29.0417137146, -26.1600666046, -23.8499584198, -1.61622560024, 31.1122741699, -1.28591680527, -10.939283371, 1.75701391697], [64.792930603, -38.9892730713, 89.4934082031, 63.1085891724, 29.0417137146, 111.039833069, 31.4117641449, 8.29327774048, 6.51414728165, 1.81433176994, 12.4048099518, -1.09990882874, -4.13321876526], [22.8025417328, 22.7851524353, 0.738172411919, 41.2131385803, -26.1600666046, 31.4117641449, 114.361114502, 61.9298934937, 24.6195335388, -8.15643787384, 2.99497294426, 9.38419914246, -6.45880079269], [15.9404220581, -5.68330574036, 19.2316093445, -12.7019901276, -23.8499584198, 8.29327774048, 61.9298934937, 97.1735839844, 30.378704071, 0.096223756671, 6.59921169281, 4.22079706192, 0.734302997589], [30.9338188171, 2.07322764397, -18.1051158905, 59.589630127, -1.61622560024, 6.51414728165, 24.6195335388, 30.378704071, 70.7642288208, 30.0829772949, 2.43642520905, -0.788370788097, -4.39932727814], [21.7492046356, -22.1569919586, -3.80899214745, 10.7955188751, 31.1122741699, 1.81433176994, -8.15643787384, 0.096223756671, 30.0829772949, 76.4417724609, 28.4662303925, 0.888442218304, -0.493652850389], [51.1152191162, -13.5506134033, -2.78155684471, -24.7799682617, -1.28591680527, 12.4048099518, 2.99497294426, 6.59921169281, 2.43642520905, 28.4662303925, 62.6982421875, 24.2198829651, 4.98765897751], [11.5776224136, 4.65550088882, -11.0531873703, -1.41874849796, -10.939283371, -1.09990882874, 9.38419914246, 4.22079706192, -0.788370788097, 0.888442218304, 24.2198829651, 49.6303024292, 23.1772041321], [-10.0458688736, -2.45847177505, 8.60177898407, -4.46352386475, 1.75701391697, -4.13321876526, -6.45880079269, 0.734302997589, -4.39932727814, -0.493652850389, 4.98765897751, 23.1772041321, 57.7275810242]]
        icov: [[0.000274797755992, 2.00716749532e-005, -1.31627175506e-005, -0.000312172836857, 0.000444432080258, -0.000103519560071, 0.000200281123398, -0.000153198678163, 0.000241082947468, -0.000173768930836, -0.000290932221105, 0.00013329545618, 1.84238342626e-005], [2.00716749532e-005, 0.00250725611113, 0.00111858046148, -0.000274917139905, -0.00072259089211, 0.000493877509143, -0.000732278858777, 8.24658563943e-005, 0.00017254865088, 0.000983048113994, -8.73377139214e-005, 5.77475766477e-005, -9.7370299045e-005], [-1.31627175506e-005, 0.00111858046148, 0.00312198675238, -0.000586011796258, -0.000446134625236, -0.00196002004668, 0.000872372242156, -0.0017522968119, 0.00184909359086, -2.64595964836e-005, 0.000481352530187, 0.000477644061903, -0.000564691144973], [-0.000312172836857, -0.000274917139905, -0.000586011796258, 0.00374317495152, -0.00143319356721, -0.000876580365002, -0.0018009939231, 0.00270068412647, -0.00404758425429, 0.000782770919614, 0.00183601910248, -0.00115036254283, 5.71780765313e-005], [0.000444432080258, -0.00072259089211, -0.000446134625236, -0.00143319356721, 0.00935549288988, -0.00271577062085, 0.00246220547706, -0.000276495324215, 0.00282818055712, -0.00531115988269, 0.00146569637582, 0.0010837095324, -0.000589588424191], [-0.000103519560071, 0.000493877509143, -0.00196002004668, -0.000876580365002, -0.00271577062085, 0.0139196757227, -0.0050106216222, 0.00232874904759, -0.00134948943742, 0.00290024862625, -0.00526406802237, 0.00241298764013, 0.000124330472318], [0.000200281123398, -0.000732278858777, 0.000872372242156, -0.0018009939231, 0.00246220547706, -0.0050106216222, 0.0176266804338, -0.0108497329056, 0.000676830299199, 0.000297372491332, 0.00144926970825, -0.00386612815782, 0.0028920150362], [-0.000153198678163, 8.24658563943e-005, -0.0017522968119, 0.00270068412647, -0.000276495324215, 0.00232874904759, -0.0108497329056, 0.0206862967461, -0.00932070612907, 0.00310073886067, -0.00268203602172, 0.00210901675746, -0.00215394888073], [0.000241082947468, 0.00017254865088, 0.00184909359086, -0.00404758425429, 0.00282818055712, -0.00134948943742, 0.000676830299199, -0.00932070612907, 0.027194082737, -0.0127415778115, 0.00447307201102, -0.000653574883472, 0.00131179217715], [-0.000173768930836, 0.000983048113994, -2.64595964836e-005, 0.000782770919614, -0.00531115988269, 0.00290024862625, 0.000297372491332, 0.00310073886067, -0.0127415778115, 0.0252525024116, -0.013093708083, 0.00479140505195, -0.00110826117452], [-0.000290932221105, -8.73377139214e-005, 0.000481352530187, 0.00183601910248, 0.00146569637582, -0.00526406802237, 0.00144926970825, -0.00268203602172, 0.00447307201102, -0.013093708083, 0.0296615753323, -0.0154900178313, 0.00367593206465], [0.00013329545618, 5.77475766477e-005, 0.000477644061903, -0.00115036254283, 0.0010837095324, 0.00241298764013, -0.00386612815782, 0.00210901675746, -0.000653574883472, 0.00479140505195, -0.0154900178313, 0.0345649942756, -0.0130021581426], [1.84238342626e-005, -9.7370299045e-005, -0.000564691144973, 5.71780765313e-005, -0.000589588424191, 0.000124330472318, 0.0028920150362, -0.00215394888073, 0.00131179217715, -0.00110826117452, 0.00367593206465, -0.0130021581426, 0.0227813441306]]
    sccoeffs:
        dmean: [0.0596579536796, 0.0491919703782, 0.0379896089435, 0.0297909062356, 0.0196985639632, 0.0175319444388]
        dmean2: [0.0971587151289, 0.0817706659436, 0.0635937452316, 0.0493746474385, 0.0325856097043, 0.0287337396294]
        dvar: [0.00252986256965, 0.00160476390738, 0.000893650401849, 0.000567883427721, 0.000251780438703, 0.000293996330583]
        dvar2: [0.00660451268777, 0.00429823342711, 0.00245613814332, 0.0014845932601, 0.000657966069411, 0.000764828233514]
        max: [-0.280698746443, -0.466425836086, -0.534942388535, -0.467408925295, -0.610388815403, -0.558432221413]
        mean: [-0.659002482891, -0.777869284153, -0.799141764641, -0.800918579102, -0.800761580467, -0.787585675716]
        median: [-0.664689540863, -0.786066770554, -0.804977655411, -0.807012796402, -0.804555773735, -0.790779471397]
        min: [-0.972139000893, -0.977662026882, -0.963673889637, -0.96488982439, -0.958147883415, -0.958320975304]
        var: [0.0063694845885, 0.00430302973837, 0.00270076212473, 0.0020065845456, 0.00103798124474, 0.00147773534991]
    scvalleys:
        dmean: [0.375138878822, 0.37246876955, 0.318926155567, 0.274749308825, 0.268561273813, 0.244832187891]
        dmean2: [0.629234969616, 0.616922795773, 0.507142305374, 0.425225138664, 0.419714957476, 0.384344130754]
        dvar: [0.101449161768, 0.122004777193, 0.100776456296, 0.0806034803391, 0.11130335927, 0.127410233021]
        dvar2: [0.241070881486, 0.26621645689, 0.189984351397, 0.137145146728, 0.229645237327, 0.299722969532]
        max: [-5.33770608902, -4.62502527237, -5.08849048615, -5.81625032425, -5.36032390594, -7.21922922134]
        mean: [-6.90526342392, -6.61581277847, -6.87121200562, -7.02713918686, -6.87999629974, -9.14677333832]
        median: [-6.66916322708, -6.48923254013, -6.788397789, -6.89393758774, -6.70162010193, -8.85443115234]
        min: [-27.0600299835, -27.3494625092, -27.5720119476, -27.1826515198, -27.3221187592, -27.2540607452]
        var: [1.91842591763, 1.25362324715, 1.21534848213, 1.08689618111, 1.20990872383, 1.85600829124]

rhythm:
    beats_loudness:
        dmean: 0.00305890245363
        dmean2: 0.0058764256537
        dvar: 3.09426332024e-006
        dvar2: 1.0481321624e-005
        max: 0.0111246714368
        mean: 0.00645924638957
        median: 0.00645274762064
        min: 5.03750556893e-012
        var: 6.53308325127e-006
    bpm: 95.9479675293
    bpm_confidence: 0
    first_peak_bpm: 96
    first_peak_spread: 0.22000002861
    first_peak_weight: 0.77999997139
    onset_rate: 3.75181674957
    second_peak_bpm: 0
    second_peak_spread: 0
    second_peak_weight: 0
    beats_loudness_band_ratio:
        dmean: [0.227344185114, 0.0690560340881, 0.0712462887168, 0.0711109861732, 0.110239945352, 0.058865018189]
        dmean2: [0.431653678417, 0.125233009458, 0.131248608232, 0.128366202116, 0.201229721308, 0.106532581151]
        dvar: [0.0251347664744, 0.00258842809126, 0.00647622626275, 0.00602271221578, 0.00940310116857, 0.0034788493067]
        dvar2: [0.0710000768304, 0.00737567339092, 0.0213423091918, 0.0178390070796, 0.0286544263363, 0.00894859712571]
        max: [0.84592884779, 0.393283545971, 0.487980991602, 0.71553081274, 0.809401214123, 0.510377645493]
        mean: [0.47082605958, 0.0848027765751, 0.0883804410696, 0.0822496339679, 0.174754723907, 0.134134948254]
        median: [0.485829532146, 0.0740968957543, 0.0594370774925, 0.046015188098, 0.151286169887, 0.122858159244]
        min: [0, 0, 0, 0, 0, 0]
        var: [0.0427209213376, 0.00366034172475, 0.00568560371175, 0.00806938577443, 0.0124362017959, 0.00450378656387]
    beats_position: [0.615328788757, 1.25387752056, 1.88081634045, 2.51936507225, 3.15791368484, 3.80807256699, 4.45823097229, 5.10838985443, 5.75854873657, 6.38548755646, 7.01242637634, 7.6277551651, 8.24308395386, 8.87002277374, 9.49696159363, 10.1239004135, 10.7508392334, 11.3777770996, 12.0047159195, 12.6316547394, 13.2585935593, 13.8855323792, 14.512471199, 15.1394100189, 15.7547388077, 16.3700675964, 16.99700737, 17.6239452362, 18.2508831024, 18.877822876, 19.5047607422, 20.1317005157, 20.758638382, 21.3855781555, 22.0125160217, 22.6394557953, 23.2547836304, 23.8701133728, 24.497051239, 25.1239910126, 25.7509288788, 26.3778686523, 27.0048065186, 27.6317462921, 28.2586841583, 28.8856239319, 29.5125617981, 30.1278915405, 30.7432193756, 31.3701572418, 31.9970970154, 32.6240348816, 33.2509727478, 33.8779144287, 34.5048522949, 35.1317901611, 35.7587280273, 36.3856697083, 37.000995636, 37.6163253784, 38.2432632446, 38.8702049255, 39.4971427917, 40.124080658, 40.7510185242, 41.3779602051, 42.0048980713, 42.6318359375, 43.2587738037, 43.8857116699, 44.5010414124, 45.1163711548, 45.7549209595, 46.3702468872, 46.9971885681, 47.6241264343, 48.2510643005, 48.8780021667, 49.5049438477, 50.1318817139, 50.7588195801, 51.3741493225, 52.0010871887, 52.6280250549, 53.2433547974, 53.8702926636, 54.4972343445, 55.1241722107, 55.7511100769, 56.3780479431, 57.0049858093, 57.6203155518, 58.2356452942, 58.8625831604, 59.4895210266, 60.1164627075, 60.7434005737, 61.3703384399, 61.9972763062, 62.6242179871, 63.2511558533, 63.8780937195, 64.5050354004, 65.1319732666, 65.7589111328, 66.385848999, 67.0127868652, 67.6281204224, 68.2434463501, 68.8703842163, 69.4973220825, 70.1242599487, 70.7511978149, 71.3781356812, 72.0050811768, 72.632019043, 73.2589569092, 73.8858947754, 74.5128326416, 75.1397705078, 75.7551040649, 76.3704299927, 76.9973678589, 77.6243057251, 78.2512435913, 78.8781814575, 79.5051269531, 80.1320648193, 80.7590026855, 81.3859405518, 82.012878418, 82.6282043457, 83.2435379028, 83.870475769, 84.4974136353, 85.1243515015, 85.7512893677, 86.3782272339, 87.0051651001, 87.6321105957, 88.2590484619, 88.8859863281, 89.5129241943, 90.1398620605, 90.7551879883, 91.3705215454, 91.9974594116, 92.6243972778, 93.251335144, 93.8782730103, 94.5052108765, 95.1321487427, 95.7590942383, 96.3860321045, 97.0129699707, 97.6399078369, 98.2668457031, 98.8821716309, 99.497505188, 100.112831116, 100.75138092, 101.378318787, 102.005256653, 102.632194519, 103.259140015, 103.886077881, 104.513015747, 105.139953613, 105.766891479, 106.382217407, 106.997550964, 107.624488831, 108.251426697, 108.878364563, 109.505302429, 110.132240295, 110.759178162, 111.386123657, 112.013061523, 112.63999939, 113.255325317, 113.870658875, 114.497596741, 115.124534607, 115.751472473, 116.378410339, 117.005348206, 117.632286072, 118.259223938, 118.886169434, 119.5131073, 120.140045166, 120.755371094, 121.370697021, 121.997642517, 122.624580383, 123.25151825, 123.878456116, 124.505393982, 125.132331848, 125.759269714, 126.386207581, 127.013153076, 127.628479004, 128.243804932, 128.870742798, 129.497680664, 130.12461853, 130.751556396, 131.378494263, 132.005432129, 132.632385254, 133.25932312, 133.886260986, 134.513198853, 135.12852478, 135.743850708, 136.370788574, 136.99772644, 137.624664307, 138.251602173, 138.866943359, 139.482269287, 140.120819092, 140.759368896, 141.386306763, 142.013244629, 142.628570557, 143.243896484, 143.870834351, 144.497772217, 145.124710083, 145.751647949, 146.378585815, 147.005523682, 147.632461548, 148.259414673, 148.874740601, 149.501678467, 150.117004395, 150.743942261, 151.370880127, 151.997817993, 152.624755859, 153.251693726, 153.878631592, 154.505569458, 155.132507324, 155.759460449, 156.386398315, 157.013336182, 157.628662109, 158.243988037, 158.870925903, 159.49786377, 160.124801636, 160.751739502, 161.378677368, 162.005615234, 162.632553101, 163.259490967, 163.886444092, 164.513381958, 165.128707886, 165.755645752, 166.37097168, 166.997909546, 167.624847412, 168.251785278, 168.878723145, 169.505661011, 170.132598877, 170.759536743, 171.386474609, 172.013427734, 172.628753662, 173.24407959, 173.871017456, 174.497955322, 175.124893188, 175.751831055, 176.378768921, 177.005706787, 177.632644653, 178.25958252, 178.886520386, 179.513473511, 180.128799438, 180.744125366, 181.371063232, 181.998001099, 182.624938965, 183.251876831, 183.878814697, 184.505752563, 185.121078491, 185.748016357, 186.363357544, 186.978683472, 187.605621338, 188.232559204]
    bpm_estimates: [93.9630737305, 95.7031173706, 93.9630737305, 93.9630889893, 92.2851333618, 92.2852020264, 92.2851333618, 92.2851333618, 95.7031173706, 95.7031173706, 97.5088424683, 97.5088424683, 95.7031173706, 95.7031173706, 95.7031173706, 95.7031173706, 95.7032623291, 95.7031173706, 95.7031173706, 95.7031173706, 95.7031173706, 95.7031173706, 95.7031173706, 97.5088424683, 97.5088424683, 95.7029724121, 95.7032623291, 95.7032623291, 95.7029724121, 95.7032623291, 95.7029724121, 95.7032623291, 95.7029724121, 95.7032623291, 95.7029724121, 97.5089950562, 97.5086975098, 95.7032623291, 95.7029724121, 95.7032623291, 95.7029724121, 95.7032623291, 95.7029724121, 95.7032623291, 95.7029724121, 95.7032623291, 97.5086975098, 97.5089950562, 95.7032623291, 95.7029724121, 95.7032623291, 95.7032623291, 95.7026824951, 95.7032623291, 95.7032623291, 95.7032623291, 95.7026824951, 97.5093002319, 97.5086975098, 95.7032623291, 95.7026824951, 95.7032623291, 95.7032623291, 95.7032623291, 95.7026824951, 95.7032623291, 95.7032623291, 95.7032623291, 95.7032623291, 97.5086975098, 97.5086975098, 93.9629135132, 97.5093002319, 95.7026824951, 95.7032623291, 95.7032623291, 95.7032623291, 95.7026824951, 95.7032623291, 95.7032623291, 97.5086975098, 95.7032623291, 95.7032623291, 97.5086975098, 95.7032623291, 95.7026824951, 95.7032623291, 95.7032623291, 95.7032623291, 95.7032623291, 97.5086975098, 97.5086975098, 95.7032623291, 95.7032623291, 95.7026824951, 95.7032623291, 95.7032623291, 95.7032623291, 95.7026824951, 95.7032623291, 95.7032623291, 95.7026824951, 95.7032623291, 95.7032623291, 95.7032623291, 95.7032623291, 97.5080871582, 97.5093002319, 95.7032623291, 95.7032623291, 95.7032623291, 95.7032623291, 95.7032623291, 95.7021026611, 95.7032623291, 95.7032623291, 95.7032623291, 95.7032623291, 95.7032623291, 97.5080871582, 97.5093002319, 95.7032623291, 95.7032623291, 95.7032623291, 95.7032623291, 95.7021026611, 95.7032623291, 95.7032623291, 95.7032623291, 95.7032623291, 97.5093002319, 97.5080871582, 95.7032623291, 95.7032623291, 95.7032623291, 95.7032623291, 95.7032623291, 95.7032623291, 95.7021026611, 95.7032623291, 95.7032623291, 95.7032623291, 95.7032623291, 97.5093002319, 97.5080871582, 95.7032623291, 95.7032623291, 95.7032623291, 95.7032623291, 95.7032623291, 95.7032623291, 95.7021026611, 95.7032623291, 95.7032623291, 95.7032623291, 95.7032623291, 97.5093002319, 97.5080871582, 97.5093002319, 93.9629135132, 95.7032623291, 95.7032623291, 95.7032623291, 95.7021026611, 95.7032623291, 95.7032623291, 95.7032623291, 95.7032623291, 97.5093002319, 97.5080871582, 95.7032623291, 95.7032623291, 95.7032623291, 95.7032623291, 95.7032623291, 95.7032623291, 95.7021026611, 95.7032623291, 95.7032623291, 97.5093002319, 97.5080871582, 95.7032623291, 95.7032623291, 95.7032623291, 95.7032623291, 95.7032623291, 95.7032623291, 95.7032623291, 95.7021026611, 95.7032623291, 95.7032623291, 97.5093002319, 97.5093002319, 95.7021026611, 95.7032623291, 95.7032623291, 95.7032623291, 95.7032623291, 95.7032623291, 95.7032623291, 95.7032623291, 95.7021026611, 97.5093002319, 97.5093002319, 95.7032623291, 95.7032623291, 95.7032623291, 95.7032623291, 95.7032623291, 95.7032623291, 95.7009353638, 95.7032623291, 95.7032623291, 95.7032623291, 97.5093002319, 97.5093002319, 95.7032623291, 95.7032623291, 95.7032623291, 95.7032623291, 97.5068817139, 97.5093002319, 93.9629135132, 93.9629135132, 95.7032623291, 95.7032623291, 97.5093002319, 97.5093002319, 95.7032623291, 95.7032623291, 95.7032623291, 95.7032623291, 95.7032623291, 95.7032623291, 95.7032623291, 95.7009353638, 97.5093002319, 95.7032623291, 97.5093002319, 95.7032623291, 95.7032623291, 95.7032623291, 95.7032623291, 95.7032623291, 95.7032623291, 95.7032623291, 95.7032623291, 95.7009353638, 95.7032623291, 95.7032623291, 97.5093002319, 97.5093002319, 95.7032623291, 95.7032623291, 95.7032623291, 95.7032623291, 95.7032623291, 95.7032623291, 95.7032623291, 95.7032623291, 95.7009353638, 95.7032623291, 97.5093002319, 95.7032623291, 97.5093002319, 95.7032623291, 95.7032623291, 95.7032623291, 95.7032623291, 95.7032623291, 95.7032623291, 95.7032623291, 95.7032623291, 95.7009353638, 97.5093002319, 97.5093002319, 95.7032623291, 95.7032623291, 95.7032623291, 95.7032623291, 95.7032623291, 95.7032623291, 95.7032623291, 95.7032623291, 95.7032623291, 95.7009353638, 97.5093002319, 97.5093002319, 95.7032623291, 95.7032623291, 95.7032623291, 95.7032623291, 95.7032623291, 95.7032623291, 97.5093002319, 95.7032623291, 97.5068817139, 97.5093002319, 95.7032623291, 95.7032623291]
