
metadata:
    version:
        essentia: "2.1-beta2"
    audio_properties:
        analysis_sample_rate: 44100
        bitrate: 320
        channels: 2
        equal_loudness: 1
        length: 492.120819092
        replay_gain: -14.0793628693
        downmix: "mix"
    tags:
        album: "Deceiver Of The Gods"
        artist: "Amon Amarth"
        comment: ""
        date: "2013"
        genre: "Death Metal"
        title: "Warriors Of The North"
        tracknumber: "10"

configuration:
    average_loudness:
        compute: 1
        frameSize: 88200
        hopSize: 44100
        silentFrames: "noise"
        windowType: "hann"
    general:
        analysisSampleRate: 44100
        endTime: 2000
        equalLoudness: 1
        nequalLoudness: 0
        shortSound: 0
        startTime: 0
    lowlevel:
        compute: 1
        frameSize: 2048
        hopSize: 1024
        zeroPadding: 0
        silentFrames: "noise"
        windowType: "blackmanharris62"
        mfccStats: ["mean", "cov", "icov"]
        stats: ["mean", "var", "median", "min", "max", "dmean", "dmean2", "dvar", "dvar2"]
    panning:
        compute: 0
        frameSize: 8192
        hopSize: 2048
        zeroPadding: 8192
        silentFrames: "noise"
        windowType: "hann"
        stats: ["copy"]
    rhythm:
        compute: 1
        maxTempo: 208
        minTempo: 40
        method: "degara"
        stats: ["mean", "var", "median", "min", "max", "dmean", "dmean2", "dvar", "dvar2"]
    segmentation:
        compute: 0
        cpw: 5
        inc1: 300
        inc2: 50
        minimumSegmentsLength: 10
        size1: 1000
        size2: 600
    sfx:
        compute: 1
        stats: ["mean", "var", "median", "min", "max", "dmean", "dmean2", "dvar", "dvar2"]
    svm:
        compute: 0
    tonal:
        compute: 1
        frameSize: 4096
        hopSize: 2048
        zeroPadding: 0
        silentFrames: "noise"
        windowType: "blackmanharris62"
        stats: ["mean", "var", "median", "min", "max", "dmean", "dmean2", "dvar", "dvar2"]

lowlevel:
    average_loudness: 0.936066687107
    barkbands_kurtosis:
        dmean: 0.886937439442
        dmean2: 1.368298769
        dvar: 15.891711235
        dvar2: 32.8759803772
        max: 308.675079346
        mean: -0.401189655066
        median: -1.22360777855
        min: -1.95946371555
        var: 26.0144824982
    barkbands_skewness:
        dmean: 0.402580857277
        dmean2: 0.615046203136
        dvar: 0.168901562691
        dvar2: 0.354632735252
        max: 5.55822086334
        mean: -0.276340395212
        median: -0.346309095621
        min: -11.8659162521
        var: 0.935404777527
    barkbands_spread:
        dmean: 5.13736534119
        dmean2: 8.28973960876
        dvar: 22.8682937622
        dvar2: 58.368888855
        max: 75.4456329346
        mean: 37.9011154175
        median: 39.2982788086
        min: 0.1478972435
        var: 118.299507141
    dissonance:
        dmean: 0.00800187885761
        dmean2: 0.0136831505224
        dvar: 6.96593124303e-005
        dvar2: 0.000195830565644
        max: 0.500000059605
        mean: 0.484970331192
        median: 0.488218218088
        min: 0.315682351589
        var: 0.000164377168403
    hfc:
        dmean: 2.73764514923
        dmean2: 4.60880565643
        dvar: 13.0869970322
        dvar2: 35.63621521
        max: 46.1260948181
        mean: 9.50780963898
        median: 9.57746696472
        min: 1.14903817708e-016
        var: 30.6197299957
    pitch:
        dmean: 985.762939453
        dmean2: 1908.63000488
        dvar: 2086341.125
        dvar2: 4818356.5
        max: 4482.88867188
        mean: 2172.27416992
        median: 3540.07739258
        min: 63.0947799683
        var: 2912236.75
    pitch_instantaneous_confidence:
        dmean: 0.0736215636134
        dmean2: 0.122663185
        dvar: 0.00368538103066
        dvar2: 0.00983007717878
        max: 0.990492105484
        mean: 0.404621332884
        median: 0.37995582819
        min: 0.101749122143
        var: 0.0243821591139
    pitch_salience:
        dmean: 0.052465967834
        dmean2: 0.0856630653143
        dvar: 0.00227208132856
        dvar2: 0.00592027232051
        max: 0.875252842903
        mean: 0.669338345528
        median: 0.691794633865
        min: 0.106068722904
        var: 0.00881228782237
    silence_rate_20dB:
        dmean: 0
        dmean2: 0
        dvar: 0
        dvar2: 0
        max: 1
        mean: 1
        median: 1
        min: 1
        var: 0
    silence_rate_30dB:
        dmean: 0
        dmean2: 0
        dvar: 0
        dvar2: 0
        max: 1
        mean: 1
        median: 1
        min: 1
        var: 0
    silence_rate_60dB:
        dmean: 0.0524676777422
        dmean2: 0.104940310121
        dvar: 0.0497153662145
        dvar2: 0.11533203721
        max: 1
        mean: 0.239679172635
        median: 0
        min: 0
        var: 0.182231560349
    spectral_centroid:
        dmean: 267.776092529
        dmean2: 418.497131348
        dvar: 65812.4375
        dvar2: 150388.96875
        max: 11436.4003906
        mean: 1966.71398926
        median: 2033.18066406
        min: 201.590606689
        var: 340452.03125
    spectral_complexity:
        dmean: 4.04142665863
        dmean2: 6.45496177673
        dvar: 16.0460891724
        dvar2: 37.8816947937
        max: 47
        mean: 18.7957057953
        median: 20
        min: 0
        var: 96.9562835693
    spectral_crest:
        dmean: 1.78464353085
        dmean2: 2.92675495148
        dvar: 3.23976874352
        dvar2: 7.87087631226
        max: 26.6039333344
        mean: 6.71756744385
        median: 5.72476768494
        min: 2.44048786163
        var: 10.7865762711
    spectral_decrease:
        dmean: 3.08123027093e-010
        dmean2: 5.20562259965e-010
        dvar: 2.63236839959e-019
        dvar2: 7.15263747759e-019
        max: 8.86881831964e-029
        mean: -1.07595277132e-009
        median: -1.0273760731e-009
        min: -5.74233016692e-009
        var: 4.21575959609e-019
    spectral_energy:
        dmean: 0.00137151964009
        dmean2: 0.00232377299108
        dvar: 4.81302731714e-006
        dvar2: 1.30595526571e-005
        max: 0.0246675238013
        mean: 0.00492325704545
        median: 0.00482454709709
        min: 1.05056509906e-020
        var: 8.15864132164e-006
    spectral_energyband_high:
        dmean: 0.000253488717135
        dmean2: 0.000441202020738
        dvar: 1.24498200194e-007
        dvar2: 3.48021188756e-007
        max: 0.00414334004745
        mean: 0.000596180208959
        median: 0.000537035695743
        min: 7.49498174835e-021
        var: 1.91113912251e-007
    spectral_energyband_low:
        dmean: 0.000254756887443
        dmean2: 0.00042020966066
        dvar: 1.11296387217e-007
        dvar2: 2.72701043968e-007
        max: 0.00706768874079
        mean: 0.0005634004483
        median: 0.00047165522119
        min: 1.40363945687e-023
        var: 2.41831912717e-007
    spectral_energyband_middle_high:
        dmean: 0.000610699644312
        dmean2: 0.000998013885692
        dvar: 4.79827349409e-007
        dvar2: 1.26560701119e-006
        max: 0.00886033196002
        mean: 0.00227900012396
        median: 0.00224380171858
        min: 1.46216966699e-021
        var: 1.7994210566e-006
    spectral_energyband_middle_low:
        dmean: 0.00081069819862
        dmean2: 0.00135962618515
        dvar: 2.47761136052e-006
        dvar2: 6.82532663632e-006
        max: 0.0180248972028
        mean: 0.00167755933944
        median: 0.00118300749455
        min: 3.36234580667e-022
        var: 2.96836287816e-006
    spectral_flatness_db:
        dmean: 0.0136226369068
        dmean2: 0.0207757223397
        dvar: 0.000183897325769
        dvar2: 0.000386877276469
        max: 0.57538485527
        mean: 0.154793590307
        median: 0.13757224381
        min: 0.0568982623518
        var: 0.00324027705938
    spectral_flux:
        dmean: 0.00727203348652
        dmean2: 0.0112634059042
        dvar: 9.12077593966e-005
        dvar2: 0.000174554836121
        max: 0.121059656143
        mean: 0.0407482236624
        median: 0.0420882999897
        min: 6.87832013568e-011
        var: 0.000329474802129
    spectral_kurtosis:
        dmean: 1.41115140915
        dmean2: 2.47567677498
        dvar: 5.7886557579
        dvar2: 17.7519340515
        max: 66.424911499
        mean: 3.79596924782
        median: 3.01608896255
        min: -1.29292237759
        var: 13.2312326431
    spectral_rms:
        dmean: 0.000270608172286
        dmean2: 0.000446882884717
        dvar: 1.24853073658e-007
        dvar2: 3.3022865864e-007
        max: 0.00490569835529
        mean: 0.00207492848858
        median: 0.00216953339987
        min: 3.20147077251e-012
        var: 4.97851544878e-007
    spectral_rolloff:
        dmean: 277.554077148
        dmean2: 447.749481201
        dvar: 157137
        dvar2: 311912.53125
        max: 19315.2832031
        mean: 3596.16772461
        median: 3789.84375
        min: 150.732421875
        var: 625433.875
    spectral_skewness:
        dmean: 0.188871785998
        dmean2: 0.316308110952
        dvar: 0.0501169413328
        dvar2: 0.147574350238
        max: 5.99250268936
        mean: 1.0884783268
        median: 1.05609822273
        min: -0.0223522279412
        var: 0.176378071308
    spectral_spread:
        dmean: 351837.71875
        dmean2: 540400.75
        dvar: 253527326720
        dvar2: 491313856512
        max: 50488064
        mean: 4055217.75
        median: 4044263
        min: 987801.75
        var: 1.70023662387e+012
    spectral_strongpeak:
        dmean: 0.445983290672
        dmean2: 0.797469496727
        dvar: 0.571442782879
        dvar2: 1.52670872211
        max: 6.37421178818
        mean: 0.502489447594
        median: 0.213129088283
        min: 0
        var: 0.571981906891
    zerocrossingrate:
        dmean: 0.00752762705088
        dmean2: 0.00908664334565
        dvar: 5.0694681704e-005
        dvar2: 6.20509163127e-005
        max: 0.509765625
        mean: 0.110429264605
        median: 0.11328125
        min: 0.01416015625
        var: 0.000610591727309
    barkbands:
        dmean: [8.37450500057e-007, 8.55546095408e-005, 0.0001497061603, 0.000204505791771, 0.000455477304058, 0.00015946572239, 0.00015043753956, 0.000115745337098, 9.20514430618e-005, 6.72061869409e-005, 5.2452836826e-005, 3.86987667298e-005, 4.05976752518e-005, 4.57855239802e-005, 3.7685927964e-005, 0.000110289212898, 0.000137264491059, 0.000140769174322, 0.000281777989585, 0.000264488771791, 0.000108907763206, 4.22154007538e-005, 3.95349252358e-006, 1.25903250137e-006, 7.52793539505e-007, 3.43534800606e-008, 5.53882939514e-010]
        dmean2: [1.42884641718e-006, 0.000147334169014, 0.000245287519647, 0.00033600043389, 0.000775420397986, 0.000268067320576, 0.000257500534644, 0.000198391731828, 0.000148746490595, 0.000111414934509, 8.79014551174e-005, 6.38484270894e-005, 6.73449612805e-005, 7.48916936573e-005, 6.2318140408e-005, 0.000183195821592, 0.000228916847846, 0.000237793472479, 0.000472701853141, 0.000455755245639, 0.000185120443348, 7.60725524742e-005, 6.83073994878e-006, 2.11103792935e-006, 1.24059283735e-006, 5.41302611623e-008, 9.15938880297e-010]
        dvar: [1.77335999618e-012, 1.69731784183e-008, 4.25641388802e-008, 9.35177340011e-008, 1.15718364668e-006, 9.96334676984e-008, 1.1171175629e-007, 7.56869340535e-008, 3.0547191443e-008, 2.14492867912e-008, 1.22199850239e-008, 4.51879111907e-009, 6.80342537862e-009, 8.84383677402e-009, 4.83317030842e-009, 1.51973953422e-008, 2.69746944781e-008, 2.75866138821e-008, 1.10578930901e-007, 1.06064376837e-007, 1.70589071757e-008, 4.40117364775e-009, 4.02684344203e-011, 6.52426550285e-012, 2.63909857509e-012, 8.22074274431e-015, 1.90287812757e-018]
        dvar2: [4.47698171938e-012, 4.62395632894e-008, 1.01840143429e-007, 2.29422454368e-007, 3.1818676689e-006, 2.6392464747e-007, 3.05340421392e-007, 2.07845047839e-007, 8.16594933895e-008, 5.8623587762e-008, 3.33409424513e-008, 1.20083205601e-008, 1.78361272418e-008, 2.2653411591e-008, 1.2788750503e-008, 4.07607743114e-008, 7.36818321911e-008, 7.60055627325e-008, 3.02655166706e-007, 2.97843939734e-007, 4.76730726007e-008, 1.22470549258e-008, 1.06787835519e-010, 1.42426877583e-011, 6.03671669944e-012, 1.94785695548e-014, 5.02734857788e-018]
        max: [9.93192315946e-006, 0.00198610289954, 0.0050990069285, 0.00635758321732, 0.0119452578947, 0.0059422692284, 0.00560334278271, 0.00453318608925, 0.00307577732019, 0.00328790978529, 0.00199054996483, 0.00124335009605, 0.00148754473776, 0.00269482890144, 0.00254811299965, 0.00228729890659, 0.00361446896568, 0.00243287323974, 0.00399021059275, 0.00462470715865, 0.00197533750907, 0.000593038508669, 0.000125976963318, 7.92167702457e-005, 3.68467080989e-005, 2.76925857179e-006, 6.3240520376e-008]
        mean: [7.36889091968e-007, 0.000119412259664, 0.00028323972947, 0.000314935663482, 0.000564844172914, 0.000250465294812, 0.000201809001737, 0.000154221910634, 0.000162483149325, 0.000111447268864, 8.58572602738e-005, 6.89218504704e-005, 7.12404071237e-005, 8.40451612021e-005, 7.13284462108e-005, 0.000226300137001, 0.000293030316243, 0.000294691591989, 0.000631961214822, 0.000570148171391, 0.000287307775579, 6.40999860479e-005, 7.15093119652e-006, 2.33754371948e-006, 1.20223762679e-006, 5.53037189377e-008, 7.8072637244e-010]
        median: [2.52587653904e-007, 8.17697873572e-005, 0.000211154387216, 0.000189871891052, 0.000270048389211, 0.000119192518468, 7.04053964e-005, 4.75130073028e-005, 8.01226415206e-005, 4.37785638496e-005, 3.63204599125e-005, 3.7329908082e-005, 2.60301058006e-005, 3.92547226511e-005, 4.77313806186e-005, 0.00019158385112, 0.000246624287684, 0.000253890408203, 0.000568717310671, 0.000511687365361, 0.00027425904409, 4.42986201961e-005, 4.38919778389e-006, 1.39674409638e-006, 6.3451227561e-007, 2.23109370978e-008, 4.02433031343e-010]
        min: [1.65548160481e-024, 7.1858886024e-024, 2.16618226624e-024, 4.81610390032e-024, 1.06132162897e-023, 3.37429635519e-023, 3.13625410605e-023, 4.98689149744e-023, 4.71368466904e-023, 3.64028731511e-023, 5.10449772109e-023, 6.32895720521e-023, 4.38999263598e-023, 8.41502476951e-023, 8.77450994619e-023, 1.11687179397e-022, 9.92928240458e-023, 1.98841377864e-022, 1.58702834964e-022, 3.08057049734e-022, 3.32864465906e-022, 4.60105634703e-022, 5.66623717822e-022, 6.51119227847e-022, 1.02278843063e-021, 1.58138242796e-021, 2.32229139439e-021]
        var: [1.52647111531e-012, 1.73450551699e-008, 9.26365757437e-008, 1.77581256366e-007, 9.78555704023e-007, 1.66851464201e-007, 1.64186801044e-007, 1.05596171807e-007, 5.88039412719e-008, 4.22842312275e-008, 2.34311201552e-008, 9.7812931088e-009, 1.56760187053e-008, 1.91960598528e-008, 8.38971114803e-009, 2.93389863515e-008, 5.25103907023e-008, 4.99828658462e-008, 2.07877576486e-007, 1.76070457769e-007, 3.7366941541e-008, 4.38044756024e-009, 6.98734334281e-011, 1.52555121313e-011, 5.09807604118e-012, 1.36796142854e-014, 1.95092036396e-018]
    frequency_bands:
        dmean: [8.37450500057e-007, 8.55546095408e-005, 0.0001497061603, 0.000204505791771, 0.000455477304058, 0.00015946572239, 0.00015043753956, 0.000115745337098, 9.20514430618e-005, 6.72061869409e-005, 5.2452836826e-005, 3.86987667298e-005, 4.05976752518e-005, 4.57855239802e-005, 3.7685927964e-005, 0.000110289212898, 0.000137264491059, 0.000140769174322, 0.000281777989585, 0.000264488771791, 0.000108907763206, 4.22154007538e-005, 3.95349252358e-006, 1.25903250137e-006, 7.52793539505e-007, 3.43534800606e-008, 5.53882939514e-010, 6.05068148363e-011]
        dmean2: [1.42884641718e-006, 0.000147334169014, 0.000245287519647, 0.00033600043389, 0.000775420397986, 0.000268067320576, 0.000257500534644, 0.000198391731828, 0.000148746490595, 0.000111414934509, 8.79014551174e-005, 6.38484270894e-005, 6.73449612805e-005, 7.48916936573e-005, 6.2318140408e-005, 0.000183195821592, 0.000228916847846, 0.000237793472479, 0.000472701853141, 0.000455755245639, 0.000185120443348, 7.60725524742e-005, 6.83073994878e-006, 2.11103792935e-006, 1.24059283735e-006, 5.41302611623e-008, 9.15938880297e-010, 1.126655505e-010]
        dvar: [1.77335999618e-012, 1.69731784183e-008, 4.25641388802e-008, 9.35177340011e-008, 1.15718364668e-006, 9.96334676984e-008, 1.1171175629e-007, 7.56869340535e-008, 3.0547191443e-008, 2.14492867912e-008, 1.22199850239e-008, 4.51879111907e-009, 6.80342537862e-009, 8.84383677402e-009, 4.83317030842e-009, 1.51973953422e-008, 2.69746944781e-008, 2.75866138821e-008, 1.10578930901e-007, 1.06064376837e-007, 1.70589071757e-008, 4.40117364775e-009, 4.02684344203e-011, 6.52426550285e-012, 2.63909857509e-012, 8.22074274431e-015, 1.90287812757e-018, 7.97040138204e-021]
        dvar2: [4.47698171938e-012, 4.62395632894e-008, 1.01840143429e-007, 2.29422454368e-007, 3.1818676689e-006, 2.6392464747e-007, 3.05340421392e-007, 2.07845047839e-007, 8.16594933895e-008, 5.8623587762e-008, 3.33409424513e-008, 1.20083205601e-008, 1.78361272418e-008, 2.2653411591e-008, 1.2788750503e-008, 4.07607743114e-008, 7.36818321911e-008, 7.60055627325e-008, 3.02655166706e-007, 2.97843939734e-007, 4.76730726007e-008, 1.22470549258e-008, 1.06787835519e-010, 1.42426877583e-011, 6.03671669944e-012, 1.94785695548e-014, 5.02734857788e-018, 2.55110126483e-020]
        max: [9.93192315946e-006, 0.00198610289954, 0.0050990069285, 0.00635758321732, 0.0119452578947, 0.0059422692284, 0.00560334278271, 0.00453318608925, 0.00307577732019, 0.00328790978529, 0.00199054996483, 0.00124335009605, 0.00148754473776, 0.00269482890144, 0.00254811299965, 0.00228729890659, 0.00361446896568, 0.00243287323974, 0.00399021059275, 0.00462470715865, 0.00197533750907, 0.000593038508669, 0.000125976963318, 7.92167702457e-005, 3.68467080989e-005, 2.76925857179e-006, 6.3240520376e-008, 1.19917242802e-009]
        mean: [7.36889091968e-007, 0.000119412259664, 0.00028323972947, 0.000314935663482, 0.000564844172914, 0.000250465294812, 0.000201809001737, 0.000154221910634, 0.000162483149325, 0.000111447268864, 8.58572602738e-005, 6.89218504704e-005, 7.12404071237e-005, 8.40451612021e-005, 7.13284462108e-005, 0.000226300137001, 0.000293030316243, 0.000294691591989, 0.000631961214822, 0.000570148171391, 0.000287307775579, 6.40999860479e-005, 7.15093119652e-006, 2.33754371948e-006, 1.20223762679e-006, 5.53037189377e-008, 7.8072637244e-010, 4.78016584649e-011]
        median: [2.52587653904e-007, 8.17697873572e-005, 0.000211154387216, 0.000189871891052, 0.000270048389211, 0.000119192518468, 7.04053964e-005, 4.75130073028e-005, 8.01226415206e-005, 4.37785638496e-005, 3.63204599125e-005, 3.7329908082e-005, 2.60301058006e-005, 3.92547226511e-005, 4.77313806186e-005, 0.00019158385112, 0.000246624287684, 0.000253890408203, 0.000568717310671, 0.000511687365361, 0.00027425904409, 4.42986201961e-005, 4.38919778389e-006, 1.39674409638e-006, 6.3451227561e-007, 2.23109370978e-008, 4.02433031343e-010, 1.8276795008e-011]
        min: [1.65548160481e-024, 7.1858886024e-024, 2.16618226624e-024, 4.81610390032e-024, 1.06132162897e-023, 3.37429635519e-023, 3.13625410605e-023, 4.98689149744e-023, 4.71368466904e-023, 3.64028731511e-023, 5.10449772109e-023, 6.32895720521e-023, 4.38999263598e-023, 8.41502476951e-023, 8.77450994619e-023, 1.11687179397e-022, 9.92928240458e-023, 1.98841377864e-022, 1.58702834964e-022, 3.08057049734e-022, 3.32864465906e-022, 4.60105634703e-022, 5.66623717822e-022, 6.51119227847e-022, 1.02278843063e-021, 1.58138242796e-021, 2.32229139439e-021, 6.51459662348e-022]
        var: [1.52647111531e-012, 1.73450551699e-008, 9.26365757437e-008, 1.77581256366e-007, 9.78555704023e-007, 1.66851464201e-007, 1.64186801044e-007, 1.05596171807e-007, 5.88039412719e-008, 4.22842312275e-008, 2.34311201552e-008, 9.7812931088e-009, 1.56760187053e-008, 1.91960598528e-008, 8.38971114803e-009, 2.93389863515e-008, 5.25103907023e-008, 4.99828658462e-008, 2.07877576486e-007, 1.76070457769e-007, 3.7366941541e-008, 4.38044756024e-009, 6.98734334281e-011, 1.52555121313e-011, 5.09807604118e-012, 1.36796142854e-014, 1.95092036396e-018, 6.15690320866e-021]
    mfcc:
        mean: [-713.419311523, 99.7015914917, -52.3497772217, 72.6034240723, -15.0030269623, -5.87429428101, -0.838057994843, -5.16209077835, 5.76153659821, -5.57367753983, -6.36464691162, -4.45930814743, -4.0101981163]
        cov: [[7603.33300781, 804.481933594, 238.014831543, 801.90045166, -742.690002441, 879.185974121, 925.951965332, 282.436004639, -286.055664063, 37.493598938, 150.684432983, -6.81185483932, 241.749267578], [804.481933594, 609.402160645, -91.5813293457, 228.825866699, -109.499183655, 77.9986572266, 105.198661804, -55.2020721436, -29.1741123199, -52.1948547363, -9.51306438446, -24.3767299652, -15.2378931046], [238.014831543, -91.5813293457, 357.189331055, 27.4077663422, 36.5472335815, 62.8962669373, 34.3895187378, 32.9480285645, -64.4872436523, 4.35460472107, -19.6506786346, -19.5485305786, 16.5304069519], [801.90045166, 228.825866699, 27.4077663422, 396.813781738, -47.6906280518, 156.859619141, 152.753768921, 2.26377129555, -26.9308204651, -30.0174922943, -2.84563612938, -35.0163154602, 31.2243328094], [-742.690002441, -109.499183655, 36.5472335815, -47.6906280518, 209.078292847, -58.9317092896, -102.328544617, -58.6880187988, 6.44280672073, -10.3839788437, -31.5131111145, -14.9912862778, -48.8362731934], [879.185974121, 77.9986572266, 62.8962669373, 156.859619141, -58.9317092896, 254.514938354, 218.078872681, 53.2259597778, -60.8728179932, 6.15650844574, 27.7759189606, -10.2974061966, 35.2842597961], [925.951965332, 105.198661804, 34.3895187378, 152.753768921, -102.328544617, 218.078872681, 293.938781738, 100.167266846, -28.2272052765, -1.72850346565, 24.1238422394, -8.26435184479, 40.8995285034], [282.436004639, -55.2020721436, 32.9480285645, 2.26377129555, -58.6880187988, 53.2259597778, 100.167266846, 129.413528442, 31.1594734192, 17.5205211639, 3.37561607361, 4.53989267349, 24.0317401886], [-286.055664063, -29.1741123199, -64.4872436523, -26.9308204651, 6.44280672073, -60.8728179932, -28.2272052765, 31.1594734192, 94.0025482178, 23.591758728, -1.51972079277, 3.61097955704, -6.06824684143], [37.493598938, -52.1948547363, 4.35460472107, -30.0174922943, -10.3839788437, 6.15650844574, -1.72850346565, 17.5205211639, 23.591758728, 67.522857666, 33.8199806213, 10.072177887, 6.3526802063], [150.684432983, -9.51306438446, -19.6506786346, -2.84563612938, -31.5131111145, 27.7759189606, 24.1238422394, 3.37561607361, -1.51972079277, 33.8199806213, 70.011756897, 29.1356525421, 16.9743099213], [-6.81185483932, -24.3767299652, -19.5485305786, -35.0163154602, -14.9912862778, -10.2974061966, -8.26435184479, 4.53989267349, 3.61097955704, 10.072177887, 29.1356525421, 56.9065170288, 27.5724887848], [241.749267578, -15.2378931046, 16.5304069519, 31.2243328094, -48.8362731934, 35.2842597961, 40.8995285034, 24.0317401886, -6.06824684143, 6.3526802063, 16.9743099213, 27.5724887848, 72.1355056763]]
        icov: [[0.000394363625674, -0.000222951668547, -0.000103675083665, -0.000291478791041, 0.00087216089014, -0.000489167694468, -0.000148220002302, -0.000315972691169, 0.000796746520791, -0.000549537246116, 6.15913086222e-005, -6.78386350046e-005, -7.2918330261e-005], [-0.000222951668547, 0.00326316035353, 0.000358787772711, -0.00126084219664, 0.00170388934202, 0.000433209002949, -0.00110320723616, 0.00287953158841, -0.00101248011924, 0.00128759082872, 0.000986834638752, -0.00100568437483, 0.00246149976738], [-0.000103675083665, 0.000358787772711, 0.00432774331421, -0.000446706981165, -0.00169955962338, 0.000461034302134, 0.000404143240303, -0.00260116462596, 0.00444108434021, -0.00207886961289, 0.00140491314232, 0.00129106128588, -0.00138123473153], [-0.000291478791041, -0.00126084219664, -0.000446706981165, 0.00518856151029, -0.00114703201689, -0.00214416952804, -0.000286437309114, 0.00155668775551, -0.00296742422506, 0.00245957053266, -0.00101163494401, 0.00334410159849, -0.00302339787595], [0.00087216089014, 0.00170388934202, -0.00169955962338, -0.00114703201689, 0.0112688103691, -0.00324298068881, 0.00101306114811, 0.00432253116742, -0.00188228068873, 0.000300623039948, 0.00314155290835, -0.00250641349703, 0.00555788446218], [-0.000489167694468, 0.000433209002949, 0.000461034302134, -0.00214416952804, -0.00324298068881, 0.0171078089625, -0.0101532386616, -0.000501789618284, 0.00777448434383, -0.00465045450255, -0.00145822076593, 0.00144652242307, -0.0012326129945], [-0.000148220002302, -0.00110320723616, 0.000404143240303, -0.000286437309114, 0.00101306114811, -0.0101532386616, 0.0149326883256, -0.00722365593538, -0.00152301834896, 0.00404220167547, -0.00255933054723, 0.00163934798911, -0.000621240062173], [-0.000315972691169, 0.00287953158841, -0.00260116462596, 0.00155668775551, 0.00432253116742, -0.000501789618284, -0.00722365593538, 0.0203704219311, -0.0107889417559, 0.000309712457238, 0.00447262777016, -0.00253655551933, 0.00105283642188], [0.000796746520791, -0.00101248011924, 0.00444108434021, -0.00296742422506, -0.00188228068873, 0.00777448434383, -0.00152301834896, -0.0107889417559, 0.0260671097785, -0.0114091858268, 0.00249564787373, 0.000371582282241, -0.000768242345657], [-0.000549537246116, 0.00128759082872, -0.00207886961289, 0.00245957053266, 0.000300623039948, -0.00465045450255, 0.00404220167547, 0.000309712457238, -0.0114091858268, 0.0283050816506, -0.0141549492255, 0.00408192817122, -7.32885309844e-005], [6.15913086222e-005, 0.000986834638752, 0.00140491314232, -0.00101163494401, 0.00314155290835, -0.00145822076593, -0.00255933054723, 0.00447262777016, 0.00249564787373, -0.0141549492255, 0.0292859449983, -0.0138718932867, 0.00278664217331], [-6.78386350046e-005, -0.00100568437483, 0.00129106128588, 0.00334410159849, -0.00250641349703, 0.00144652242307, 0.00163934798911, -0.00253655551933, 0.000371582282241, 0.00408192817122, -0.0138718932867, 0.0327122695744, -0.0137849859893], [-7.2918330261e-005, 0.00246149976738, -0.00138123473153, -0.00302339787595, 0.00555788446218, -0.0012326129945, -0.000621240062173, 0.00105283642188, -0.000768242345657, -7.32885309844e-005, 0.00278664217331, -0.0137849859893, 0.025174645707]]
    sccoeffs:
        dmean: [0.051622223109, 0.0466063581407, 0.0352242216468, 0.0290425103158, 0.0200022272766, 0.018501739949]
        dmean2: [0.0845136642456, 0.077813975513, 0.0586824081838, 0.048147868365, 0.0331405699253, 0.02935481444]
        dvar: [0.0017821850488, 0.00153838598635, 0.000839635787997, 0.000572653836571, 0.000295333738904, 0.000283780565951]
        dvar2: [0.00479029444978, 0.00412540743127, 0.00223724427633, 0.00151749316137, 0.000747283862438, 0.000637394201476]
        max: [-0.317027300596, -0.375974237919, -0.476147592068, -0.426021367311, -0.4735417068, -0.532655894756]
        mean: [-0.658211648464, -0.755158245564, -0.795815527439, -0.783155858517, -0.790273606777, -0.696466684341]
        median: [-0.662221491337, -0.76606720686, -0.804755747318, -0.795906126499, -0.799004137516, -0.700260281563]
        min: [-0.967515051365, -0.974586248398, -0.968770742416, -0.970026671886, -0.962277531624, -0.962032735348]
        var: [0.00510696601123, 0.00556190870702, 0.00322551047429, 0.00391557672992, 0.00214099674486, 0.00205271993764]
    scvalleys:
        dmean: [0.403210520744, 0.378573805094, 0.310116618872, 0.256492882967, 0.222961232066, 0.302407562733]
        dmean2: [0.658569931984, 0.624844551086, 0.495680689812, 0.40800216794, 0.350159943104, 0.47152107954]
        dvar: [0.129844501615, 0.14394621551, 0.0999482125044, 0.0763794854283, 0.0716938301921, 0.143650785089]
        dvar2: [0.316213428974, 0.346737891436, 0.219408079982, 0.162094727159, 0.147813498974, 0.321619272232]
        max: [-4.894718647, -4.41331720352, -4.98067522049, -5.61461925507, -5.43478727341, -7.89410877228]
        mean: [-6.9110622406, -6.77489328384, -7.29107904434, -7.4140458107, -6.84972953796, -10.1834001541]
        median: [-6.49232149124, -6.49440717697, -6.94225645065, -7.09841251373, -6.44936704636, -9.67358970642]
        min: [-27.724905014, -28.079120636, -27.5067043304, -27.3789768219, -27.3338432312, -27.2534179688]
        var: [2.72822356224, 2.13418722153, 2.46567964554, 2.02274441719, 1.97825920582, 2.43555450439]

rhythm:
    beats_loudness:
        dmean: 0.00172115233727
        dmean2: 0.00317298225127
        dvar: 2.1354915134e-006
        dvar2: 6.63042101223e-006
        max: 0.0136746522039
        mean: 0.00552370073274
        median: 0.00587235158309
        min: 2.02328605259e-011
        var: 6.38821256871e-006
    bpm: 135.014282227
    bpm_confidence: 0
    first_peak_bpm: 136
    first_peak_spread: 0.284522712231
    first_peak_weight: 0.696750879288
    onset_rate: 3.35893130302
    second_peak_bpm: 167
    second_peak_spread: 0
    second_peak_weight: 0.00541516253725
    beats_loudness_band_ratio:
        dmean: [0.11424946785, 0.134594544768, 0.0784350112081, 0.0462305173278, 0.0760460421443, 0.0848577767611]
        dmean2: [0.214296281338, 0.251192122698, 0.14083006978, 0.0814787000418, 0.136788338423, 0.15094588697]
        dvar: [0.00804270245135, 0.00893330574036, 0.00758614623919, 0.00300485291518, 0.00558805838227, 0.00516546936706]
        dvar2: [0.025596825406, 0.0281927958131, 0.022363582626, 0.00853775627911, 0.015803122893, 0.0147136095911]
        max: [0.67965644598, 0.848570466042, 0.629993498325, 0.383899360895, 0.995242714882, 0.694273352623]
        mean: [0.207816332579, 0.167719438672, 0.103648655117, 0.073366433382, 0.249983236194, 0.277938008308]
        median: [0.201689884067, 0.152150943875, 0.0671031475067, 0.0520736910403, 0.206702008843, 0.282535135746]
        min: [0, 0, 0, 0, 0, 0]
        var: [0.0150513164699, 0.0157981608063, 0.00840140134096, 0.00393909169361, 0.0288744028658, 0.0148187009618]
