
metadata:
    version:
        essentia: "2.1-beta2"
    audio_properties:
        analysis_sample_rate: 44100
        bitrate: 320
        channels: 2
        equal_loudness: 1
        length: 165.929794312
        replay_gain: -14.7100696564
        downmix: "mix"
    tags:
        album: "Got Your Six (Deluxe Edition)"
        artist: "Five Finger Death Punch"
        comment: ""
        date: "2015"
        genre: "Heavy Metal"
        title: "Boots and Blood"
        tracknumber: "11"

configuration:
    average_loudness:
        compute: 1
        frameSize: 88200
        hopSize: 44100
        silentFrames: "noise"
        windowType: "hann"
    general:
        analysisSampleRate: 44100
        endTime: 2000
        equalLoudness: 1
        nequalLoudness: 0
        shortSound: 0
        startTime: 0
    lowlevel:
        compute: 1
        frameSize: 2048
        hopSize: 1024
        zeroPadding: 0
        silentFrames: "noise"
        windowType: "blackmanharris62"
        mfccStats: ["mean", "cov", "icov"]
        stats: ["mean", "var", "median", "min", "max", "dmean", "dmean2", "dvar", "dvar2"]
    panning:
        compute: 0
        frameSize: 8192
        hopSize: 2048
        zeroPadding: 8192
        silentFrames: "noise"
        windowType: "hann"
        stats: ["copy"]
    rhythm:
        compute: 1
        maxTempo: 208
        minTempo: 40
        method: "degara"
        stats: ["mean", "var", "median", "min", "max", "dmean", "dmean2", "dvar", "dvar2"]
    segmentation:
        compute: 0
        cpw: 5
        inc1: 300
        inc2: 50
        minimumSegmentsLength: 10
        size1: 1000
        size2: 600
    sfx:
        compute: 1
        stats: ["mean", "var", "median", "min", "max", "dmean", "dmean2", "dvar", "dvar2"]
    svm:
        compute: 0
    tonal:
        compute: 1
        frameSize: 4096
        hopSize: 2048
        zeroPadding: 0
        silentFrames: "noise"
        windowType: "blackmanharris62"
        stats: ["mean", "var", "median", "min", "max", "dmean", "dmean2", "dvar", "dvar2"]

lowlevel:
    average_loudness: 0.957543730736
    barkbands_kurtosis:
        dmean: 0.974582970142
        dmean2: 1.61076271534
        dvar: 6.08906078339
        dvar2: 16.3648033142
        max: 58.0359992981
        mean: -0.516117990017
        median: -1.10580217838
        min: -1.89114499092
        var: 6.30864286423
    barkbands_skewness:
        dmean: 0.520864486694
        dmean2: 0.827667057514
        dvar: 0.293769657612
        dvar2: 0.716867446899
        max: 6.84945583344
        mean: 0.107639193535
        median: 0.00863680243492
        min: -3.25619745255
        var: 0.772114515305
    barkbands_spread:
        dmean: 6.64117431641
        dmean2: 10.5808782578
        dvar: 39.8449707031
        dvar2: 92.4243927002
        max: 75.3908157349
        mean: 34.6652374268
        median: 35.6708869934
        min: 1.02854120731
        var: 128.786804199
    dissonance:
        dmean: 0.00993442907929
        dmean2: 0.0170419402421
        dvar: 0.000130639178678
        dvar2: 0.000358336837962
        max: 0.500000119209
        mean: 0.485348194838
        median: 0.489280134439
        min: 0.308554559946
        var: 0.000204296637094
    hfc:
        dmean: 3.23740744591
        dmean2: 5.20602846146
        dvar: 19.7475471497
        dvar2: 51.565952301
        max: 42.6985740662
        mean: 8.35102558136
        median: 7.15805482864
        min: 1.17929313517e-016
        var: 30.0438976288
    pitch:
        dmean: 893.453979492
        dmean2: 1690.09814453
        dvar: 1531989.25
        dvar2: 3668480.5
        max: 5036.11962891
        mean: 1819.70996094
        median: 1124.17297363
        min: 54.9652328491
        var: 2281009.5
    pitch_instantaneous_confidence:
        dmean: 0.0743544101715
        dmean2: 0.122443497181
        dvar: 0.00395503873006
        dvar2: 0.0102872140706
        max: 0.903083920479
        mean: 0.2997841537
        median: 0.284952163696
        min: 0.115323007107
        var: 0.00951716024429
    pitch_salience:
        dmean: 0.0733892843127
        dmean2: 0.12165749073
        dvar: 0.00478370394558
        dvar2: 0.012772209011
        max: 0.980306327343
        mean: 0.681704342365
        median: 0.703693449497
        min: 0.173950314522
        var: 0.00895027443767
    silence_rate_20dB:
        dmean: 0
        dmean2: 0
        dvar: 0
        dvar2: 0
        max: 1
        mean: 1
        median: 1
        min: 1
        var: 0
    silence_rate_30dB:
        dmean: 0
        dmean2: 0
        dvar: 0
        dvar2: 0
        max: 1
        mean: 1
        median: 1
        min: 1
        var: 0
    silence_rate_60dB:
        dmean: 0.106633082032
        dmean2: 0.21329601109
        dvar: 0.0952593311667
        dvar2: 0.198597088456
        max: 1
        mean: 0.177976772189
        median: 0
        min: 0
        var: 0.146302193403
    spectral_centroid:
        dmean: 360.200073242
        dmean2: 581.596679688
        dvar: 125358.75
        dvar2: 318662.5
        max: 10737.5654297
        mean: 1613.70947266
        median: 1597.74804688
        min: 135.587036133
        var: 341633.53125
    spectral_complexity:
        dmean: 5.38483047485
        dmean2: 8.31126689911
        dvar: 29.9218654633
        dvar2: 66.5319595337
        max: 49
        mean: 17.7681541443
        median: 17
        min: 0
        var: 88.2008743286
    spectral_crest:
        dmean: 2.14184117317
        dmean2: 3.50914788246
        dvar: 4.53994941711
        dvar2: 11.4977989197
        max: 25.436706543
        mean: 6.31194019318
        median: 5.41716194153
        min: 2.38563632965
        var: 8.64412212372
    spectral_decrease:
        dmean: 3.65719232676e-010
        dmean2: 5.76306335986e-010
        dvar: 1.95680534043e-019
        dvar2: 4.88867567729e-019
        max: -1.61113705609e-028
        mean: -1.16170029152e-009
        median: -1.07103648173e-009
        min: -4.21376089577e-009
        var: 3.36544610222e-019
    spectral_energy:
        dmean: 0.00161031249445
        dmean2: 0.00251545058563
        dvar: 3.81509516956e-006
        dvar2: 9.50873254624e-006
        max: 0.0180478729308
        mean: 0.0051419781521
        median: 0.00472159031779
        min: 1.13046121427e-020
        var: 6.60145815345e-006
    spectral_energyband_high:
        dmean: 0.000242123569478
        dmean2: 0.000407482584706
        dvar: 1.69674677863e-007
        dvar2: 4.46348536798e-007
        max: 0.00481990445405
        mean: 0.000388544867747
        median: 0.000252055499004
        min: 8.01078782921e-021
        var: 2.25669225529e-007
    spectral_energyband_low:
        dmean: 0.0005846087588
        dmean2: 0.000984933809377
        dvar: 5.49452579435e-007
        dvar2: 1.47239768467e-006
        max: 0.00837174151093
        mean: 0.000831658602692
        median: 0.000535881728865
        min: 4.2249856538e-023
        var: 7.19258366644e-007
    spectral_energyband_middle_high:
        dmean: 0.000870242074598
        dmean2: 0.0013669350883
        dvar: 1.03320257949e-006
        dvar2: 2.53839425568e-006
        max: 0.012126003392
        mean: 0.00244853901677
        median: 0.00216437876225
        min: 2.13550347037e-021
        var: 2.51622645919e-006
    spectral_energyband_middle_low:
        dmean: 0.000836953870021
        dmean2: 0.00141236255877
        dvar: 1.67611005963e-006
        dvar2: 4.60877845398e-006
        max: 0.0135474083945
        mean: 0.00169491476845
        median: 0.00130309246015
        min: 2.67604186784e-022
        var: 2.05041533263e-006
    spectral_flatness_db:
        dmean: 0.0162371825427
        dmean2: 0.0257972888649
        dvar: 0.000255366845522
        dvar2: 0.000612687843386
        max: 0.486356556416
        mean: 0.133774548769
        median: 0.125348895788
        min: 0.0546151585877
        var: 0.00180342933163
    spectral_flux:
        dmean: 0.00906394701451
        dmean2: 0.0132047524676
        dvar: 9.05890701688e-005
        dvar2: 0.000164234865224
        max: 0.10309099406
        mean: 0.0456427037716
        median: 0.0436994470656
        min: 1.06323151672e-010
        var: 0.000231214493397
    spectral_kurtosis:
        dmean: 1.23483908176
        dmean2: 2.03951048851
        dvar: 9.47434520721
        dvar2: 29.5784187317
        max: 79.7503585815
        mean: 3.96829366684
        median: 3.38834261894
        min: -1.16519081593
        var: 24.7509212494
    spectral_rms:
        dmean: 0.000335221440764
        dmean2: 0.000507634482346
        dvar: 1.24253304534e-007
        dvar2: 2.90307212936e-007
        max: 0.00419615069404
        mean: 0.00216584303416
        median: 0.00214625941589
        min: 3.32097717382e-012
        var: 3.25677689261e-007
    spectral_rolloff:
        dmean: 515.981201172
        dmean2: 835.075256348
        dvar: 407933.40625
        dvar2: 912824.125
        max: 18432.421875
        mean: 3090.30664063
        median: 3251.51367188
        min: 86.1328125
        var: 897368.375
    spectral_skewness:
        dmean: 0.194338366389
        dmean2: 0.302146792412
        dvar: 0.0593384057283
        dvar2: 0.165949389338
        max: 5.58137226105
        mean: 1.43467569351
        median: 1.40186238289
        min: 0.0226448439062
        var: 0.209139704704
    spectral_spread:
        dmean: 494663.5625
        dmean2: 701025.5
        dvar: 375889952768
        dvar2: 621585629184
        max: 39131920
        mean: 4982530.5
        median: 4845495
        min: 615997
        var: 2.48895556813e+012
    spectral_strongpeak:
        dmean: 0.281950175762
        dmean2: 0.490910232067
        dvar: 0.197924494743
        dvar2: 0.515400528908
        max: 6.51298618317
        mean: 0.364322930574
        median: 0.170489132404
        min: 1.07089359602e-009
        var: 0.246650949121
    zerocrossingrate:
        dmean: 0.0101776504889
        dmean2: 0.0119422180578
        dvar: 9.90028929664e-005
        dvar2: 0.000128944258904
        max: 0.49462890625
        mean: 0.0930238291621
        median: 0.09375
        min: 0.00927734375
        var: 0.000639251025859
    barkbands:
        dmean: [8.12088501334e-007, 0.000139074822073, 0.000405466504162, 0.000375521020032, 0.000283892062725, 9.93784778984e-005, 0.000123060090118, 0.00014774237934, 0.000201776187168, 0.000132563101943, 8.40125358081e-005, 6.48282657494e-005, 8.04130540928e-005, 8.8861277618e-005, 9.55357754719e-005, 0.000152683423948, 0.000177612993866, 0.00023630335636, 0.000205544391065, 0.000180648188689, 0.000112963964057, 4.4493808673e-005, 9.20969341678e-006, 3.70783732251e-006, 1.67770281223e-006, 5.51335368471e-008, 3.0821112329e-010]
        dmean2: [1.11450435725e-006, 0.000246154959314, 0.000687224266585, 0.000660651014186, 0.000499877380207, 0.00016407838848, 0.000203540796065, 0.000242220499786, 0.000323340413161, 0.00021869232296, 0.00013615329226, 0.000102014710137, 0.000129450228997, 0.000142435936141, 0.000152527311002, 0.000247470976319, 0.000290709082037, 0.000397398369387, 0.000337595964083, 0.000297625025269, 0.000196080800379, 7.40998875699e-005, 1.51007534441e-005, 6.21950403001e-006, 2.72124498224e-006, 8.83979396349e-008, 5.25704757504e-010]
        dvar: [1.56683531167e-012, 3.21325437369e-008, 3.12763546617e-007, 5.11774885581e-007, 3.05078344809e-007, 2.80361298621e-008, 6.6808716781e-008, 8.96102321235e-008, 1.8858467854e-007, 7.11698788791e-008, 3.66581147659e-008, 2.19423483827e-008, 2.67096602613e-008, 3.81389924087e-008, 5.75215182153e-008, 4.72363872461e-008, 4.21236237003e-008, 1.01680385001e-007, 6.89441534973e-008, 7.44763610783e-008, 4.13729779325e-008, 7.47572226345e-009, 3.08308212293e-010, 7.78391587297e-011, 1.33816655673e-011, 1.21261287551e-014, 1.6520278003e-019]
        dvar2: [2.78090679824e-012, 9.27557337604e-008, 8.3300830056e-007, 1.43442366607e-006, 8.81992548329e-007, 6.838488531e-008, 1.70202937966e-007, 2.20305935272e-007, 5.11323548835e-007, 1.91440634012e-007, 9.39187998483e-008, 4.90560267963e-008, 6.32513703636e-008, 9.54905416961e-008, 1.30715534397e-007, 1.12144256548e-007, 1.10469891013e-007, 2.76172215763e-007, 1.81019444767e-007, 1.95844620521e-007, 1.12165473354e-007, 1.76843606425e-008, 7.40827288404e-010, 1.92657167997e-010, 3.15616074942e-011, 2.79440438345e-014, 4.38151987e-019]
        max: [1.11579256554e-005, 0.00154586799908, 0.00591626949608, 0.00731836631894, 0.00523803569376, 0.00377269648015, 0.00440803077072, 0.00598233845085, 0.013471564278, 0.00407498236746, 0.00366173870862, 0.0049150227569, 0.00388469244353, 0.00385928107426, 0.00589173613116, 0.00476947845891, 0.00297222053632, 0.00336020975374, 0.00418667495251, 0.00467737345025, 0.00265082437545, 0.00195736670867, 0.000501441536471, 0.000159859235282, 9.31071335799e-005, 2.57375063484e-006, 8.28864621383e-009]
        mean: [9.72784164333e-007, 0.000175739143742, 0.000475805223687, 0.000389294116758, 0.000365099782357, 0.000176918430952, 0.000168909289641, 0.000204139389098, 0.00032280178857, 0.000204630458029, 0.000124116239022, 0.00010623299022, 0.000129859603476, 0.000148539082147, 0.000162237789482, 0.000291601521894, 0.000350654503563, 0.000399680197006, 0.000394091126509, 0.0003088406811, 0.00015062878083, 6.61336089252e-005, 1.57115264301e-005, 5.98468341195e-006, 3.24314441968e-006, 1.1552586443e-007, 4.67662186754e-010]
        median: [2.65544628064e-007, 0.000120675380458, 0.000241986796027, 0.00018675524916, 0.000223851893679, 9.8372802313e-005, 8.13256774563e-005, 7.6282012742e-005, 0.000136411123094, 8.89717775863e-005, 4.95836429764e-005, 4.66944293294e-005, 5.85696834605e-005, 6.388539623e-005, 8.56674450915e-005, 0.000203137984499, 0.000277860672213, 0.000295721343718, 0.000309398397803, 0.000223078779527, 8.7609871116e-005, 3.15293327731e-005, 7.63463503972e-006, 2.89267313747e-006, 1.93983987629e-006, 7.83809142035e-008, 3.30434457574e-010]
        min: [8.11166657291e-024, 2.27487889761e-023, 7.06209029396e-024, 6.798183189e-024, 6.99568414073e-023, 6.3242057382e-023, 5.05092175939e-023, 4.74514112873e-024, 4.77260595223e-023, 1.46723761237e-022, 6.32614886038e-023, 1.71851530667e-022, 1.72551710985e-022, 2.03340977359e-022, 1.02268811277e-022, 2.17810781575e-022, 1.14448735301e-022, 3.10300999289e-022, 5.10521596316e-022, 3.40028029744e-022, 7.05713249249e-022, 6.22161444059e-022, 6.29404878487e-022, 8.50414068203e-022, 1.05778901517e-021, 1.72256646714e-021, 2.47911239851e-021]
        var: [2.60767752877e-012, 3.33976579725e-008, 3.82379369057e-007, 4.30112578442e-007, 2.48138945835e-007, 6.81881715536e-008, 8.58704041207e-008, 1.5479396609e-007, 3.96682366954e-007, 1.21689680554e-007, 6.29595859891e-008, 5.1064635187e-008, 5.11734903341e-008, 7.66965086996e-008, 1.00401287284e-007, 1.05854425669e-007, 8.20239733912e-008, 1.3562487311e-007, 1.20223020872e-007, 1.0275253004e-007, 4.55949447087e-008, 1.39767326601e-008, 6.28240126588e-010, 1.17159990043e-010, 2.26865037173e-011, 2.34662939444e-014, 2.36870561331e-019]
    frequency_bands:
        dmean: [8.12088501334e-007, 0.000139074822073, 0.000405466504162, 0.000375521020032, 0.000283892062725, 9.93784778984e-005, 0.000123060090118, 0.00014774237934, 0.000201776187168, 0.000132563101943, 8.40125358081e-005, 6.48282657494e-005, 8.04130540928e-005, 8.8861277618e-005, 9.55357754719e-005, 0.000152683423948, 0.000177612993866, 0.00023630335636, 0.000205544391065, 0.000180648188689, 0.000112963964057, 4.4493808673e-005, 9.20969341678e-006, 3.70783732251e-006, 1.67770281223e-006, 5.51335368471e-008, 3.0821112329e-010, 5.71010669304e-011]
        dmean2: [1.11450435725e-006, 0.000246154959314, 0.000687224266585, 0.000660651014186, 0.000499877380207, 0.00016407838848, 0.000203540796065, 0.000242220499786, 0.000323340413161, 0.00021869232296, 0.00013615329226, 0.000102014710137, 0.000129450228997, 0.000142435936141, 0.000152527311002, 0.000247470976319, 0.000290709082037, 0.000397398369387, 0.000337595964083, 0.000297625025269, 0.000196080800379, 7.40998875699e-005, 1.51007534441e-005, 6.21950403001e-006, 2.72124498224e-006, 8.83979396349e-008, 5.25704757504e-010, 1.06102675257e-010]
        dvar: [1.56683531167e-012, 3.21325437369e-008, 3.12763546617e-007, 5.11774885581e-007, 3.05078344809e-007, 2.80361298621e-008, 6.6808716781e-008, 8.96102321235e-008, 1.8858467854e-007, 7.11698788791e-008, 3.66581147659e-008, 2.19423483827e-008, 2.67096602613e-008, 3.81389924087e-008, 5.75215182153e-008, 4.72363872461e-008, 4.21236237003e-008, 1.01680385001e-007, 6.89441534973e-008, 7.44763610783e-008, 4.13729779325e-008, 7.47572226345e-009, 3.08308212293e-010, 7.78391587297e-011, 1.33816655673e-011, 1.21261287551e-014, 1.6520278003e-019, 5.87807467977e-021]
        dvar2: [2.78090679824e-012, 9.27557337604e-008, 8.3300830056e-007, 1.43442366607e-006, 8.81992548329e-007, 6.838488531e-008, 1.70202937966e-007, 2.20305935272e-007, 5.11323548835e-007, 1.91440634012e-007, 9.39187998483e-008, 4.90560267963e-008, 6.32513703636e-008, 9.54905416961e-008, 1.30715534397e-007, 1.12144256548e-007, 1.10469891013e-007, 2.76172215763e-007, 1.81019444767e-007, 1.95844620521e-007, 1.12165473354e-007, 1.76843606425e-008, 7.40827288404e-010, 1.92657167997e-010, 3.15616074942e-011, 2.79440438345e-014, 4.38151987e-019, 1.87138207545e-020]
        max: [1.11579256554e-005, 0.00154586799908, 0.00591626949608, 0.00731836631894, 0.00523803569376, 0.00377269648015, 0.00440803077072, 0.00598233845085, 0.013471564278, 0.00407498236746, 0.00366173870862, 0.0049150227569, 0.00388469244353, 0.00385928107426, 0.00589173613116, 0.00476947845891, 0.00297222053632, 0.00336020975374, 0.00418667495251, 0.00467737345025, 0.00265082437545, 0.00195736670867, 0.000501441536471, 0.000159859235282, 9.31071335799e-005, 2.57375063484e-006, 8.28864621383e-009, 1.06925401866e-009]
        mean: [9.72784164333e-007, 0.000175739143742, 0.000475805223687, 0.000389294116758, 0.000365099782357, 0.000176918430952, 0.000168909289641, 0.000204139389098, 0.00032280178857, 0.000204630458029, 0.000124116239022, 0.00010623299022, 0.000129859603476, 0.000148539082147, 0.000162237789482, 0.000291601521894, 0.000350654503563, 0.000399680197006, 0.000394091126509, 0.0003088406811, 0.00015062878083, 6.61336089252e-005, 1.57115264301e-005, 5.98468341195e-006, 3.24314441968e-006, 1.1552586443e-007, 4.67662186754e-010, 4.42392684985e-011]
        median: [2.65544628064e-007, 0.000120675380458, 0.000241986796027, 0.00018675524916, 0.000223851893679, 9.8372802313e-005, 8.13256774563e-005, 7.6282012742e-005, 0.000136411123094, 8.89717775863e-005, 4.95836429764e-005, 4.66944293294e-005, 5.85696834605e-005, 6.388539623e-005, 8.56674450915e-005, 0.000203137984499, 0.000277860672213, 0.000295721343718, 0.000309398397803, 0.000223078779527, 8.7609871116e-005, 3.15293327731e-005, 7.63463503972e-006, 2.89267313747e-006, 1.93983987629e-006, 7.83809142035e-008, 3.30434457574e-010, 1.85974412953e-011]
        min: [8.11166657291e-024, 2.27487889761e-023, 7.06209029396e-024, 6.798183189e-024, 6.99568414073e-023, 6.3242057382e-023, 5.05092175939e-023, 4.74514112873e-024, 4.77260595223e-023, 1.46723761237e-022, 6.32614886038e-023, 1.71851530667e-022, 1.72551710985e-022, 2.03340977359e-022, 1.02268811277e-022, 2.17810781575e-022, 1.14448735301e-022, 3.10300999289e-022, 5.10521596316e-022, 3.40028029744e-022, 7.05713249249e-022, 6.22161444059e-022, 6.29404878487e-022, 8.50414068203e-022, 1.05778901517e-021, 1.72256646714e-021, 2.47911239851e-021, 6.03450269232e-022]
        var: [2.60767752877e-012, 3.33976579725e-008, 3.82379369057e-007, 4.30112578442e-007, 2.48138945835e-007, 6.81881715536e-008, 8.58704041207e-008, 1.5479396609e-007, 3.96682366954e-007, 1.21689680554e-007, 6.29595859891e-008, 5.1064635187e-008, 5.11734903341e-008, 7.66965086996e-008, 1.00401287284e-007, 1.05854425669e-007, 8.20239733912e-008, 1.3562487311e-007, 1.20223020872e-007, 1.0275253004e-007, 4.55949447087e-008, 1.39767326601e-008, 6.28240126588e-010, 1.17159990043e-010, 2.26865037173e-011, 2.34662939444e-014, 2.36870561331e-019, 4.64794159443e-021]
    mfcc:
        mean: [-692.077392578, 102.293937683, -46.1409873962, 49.2821540833, -6.51120996475, -4.72775602341, 0.254734009504, 3.66247916222, 4.90312623978, -1.3020169735, -0.939442515373, -5.11363124847, -3.60212135315]
        cov: [[3132.68041992, -11.1166973114, 9.75941181183, 377.760620117, -140.285583496, 47.9856185913, -41.0332832336, -4.37430810928, 17.6833209991, -15.3520584106, 18.9572505951, -15.4674901962, -53.1573295593], [-11.1166973114, 661.035095215, -234.689147949, 90.6269836426, 0.29904705286, -69.0189056396, 62.4704399109, 0.454720050097, 25.2750988007, 1.86617064476, -9.23293495178, 2.39229559898, 7.96275758743], [9.75941181183, -234.689147949, 749.017333984, 272.088348389, 104.802703857, 134.950866699, 75.9905700684, 81.0683135986, 25.7816619873, 29.8447704315, 15.3220310211, -13.9385080338, 11.3112659454], [377.760620117, 90.6269836426, 272.088348389, 740.057434082, 132.547073364, 129.396255493, 150.182434082, -31.6602516174, 20.2568893433, 13.3768367767, -20.6327972412, -26.0195598602, -21.6955833435], [-140.285583496, 0.29904705286, 104.802703857, 132.547073364, 242.567260742, 80.3681030273, 34.1091003418, -34.5856323242, -17.7630825043, 37.0444602966, -2.12769961357, -10.0357522964, -3.86720561981], [47.9856185913, -69.0189056396, 134.950866699, 129.396255493, 80.3681030273, 196.432479858, 38.4841423035, 7.94685745239, 1.9398201704, 18.4898910522, 38.2187156677, -17.4462814331, -10.1436548233], [-41.0332832336, 62.4704399109, 75.9905700684, 150.182434082, 34.1091003418, 38.4841423035, 148.320404053, 32.4302864075, 17.9303016663, 17.6957187653, -15.3817138672, 1.77412354946, -1.74040186405], [-4.37430810928, 0.454720050097, 81.0683135986, -31.6602516174, -34.5856323242, 7.94685745239, 32.4302864075, 124.550506592, 39.8403778076, 8.60472583771, 12.4815683365, -4.30973052979, 9.65615940094], [17.6833209991, 25.2750988007, 25.7816619873, 20.2568893433, -17.7630825043, 1.9398201704, 17.9303016663, 39.8403778076, 64.4764480591, 23.4677448273, 9.24769020081, -2.94348955154, -3.06553459167], [-15.3520584106, 1.86617064476, 29.8447704315, 13.3768367767, 37.0444602966, 18.4898910522, 17.6957187653, 8.60472583771, 23.4677448273, 77.1974639893, 28.4924068451, 7.72089004517, -0.957923710346], [18.9572505951, -9.23293495178, 15.3220310211, -20.6327972412, -2.12769961357, 38.2187156677, -15.3817138672, 12.4815683365, 9.24769020081, 28.4924068451, 76.3310623169, 20.5018196106, 10.3944568634], [-15.4674901962, 2.39229559898, -13.9385080338, -26.0195598602, -10.0357522964, -17.4462814331, 1.77412354946, -4.30973052979, -2.94348955154, 7.72089004517, 20.5018196106, 58.884021759, 24.2096614838], [-53.1573295593, 7.96275758743, 11.3112659454, -21.6955833435, -3.86720561981, -10.1436548233, -1.74040186405, 9.65615940094, -3.06553459167, -0.957923710346, 10.3944568634, 24.2096614838, 58.1722221375]]
        icov: [[0.000390454457374, 2.41746292886e-005, 7.49444225221e-005, -0.000368846580386, 0.000375282223104, -0.000109998254629, 0.000423807970947, -0.000191925195395, 0.000136198112159, -0.000142772740219, 6.43680141366e-006, -0.000145735772094, 0.000315982237225], [2.41746292886e-005, 0.00213264441118, 0.000921982922591, -0.000530312012415, -0.000448206032161, 0.00100967800245, -0.000982000841759, -0.000303721259115, -0.000762328389101, 0.000410929351347, -0.000881882384419, 0.000597084697802, -0.000603905122261], [7.49444225221e-005, 0.000921982922591, 0.0023257213179, -0.000935563235544, -0.000563400273677, -0.000388035288779, 3.22278028762e-005, -0.00182103179395, -8.89937837201e-007, -0.00020432821475, 4.36147092842e-006, 8.77254133229e-005, -0.000701440265402], [-0.000368846580386, -0.000530312012415, -0.000935563235544, 0.00279818149284, -0.000691057939548, -0.000700475182384, -0.00229075551033, 0.0021352621261, -0.00137076922692, 0.000903082080185, 0.000159817864187, 0.000579403131269, 4.2939591367e-005], [0.000375282223104, -0.000448206032161, -0.000563400273677, -0.000691057939548, 0.00673048663884, -0.00236715748906, 0.000448137230705, 0.00135670509189, 0.00266596418805, -0.00415653456002, 0.00222768541425, 0.000257963663898, -0.000354397343472], [-0.000109998254629, 0.00100967800245, -0.000388035288779, -0.000700475182384, -0.00236715748906, 0.00919312424958, -0.00240111374296, 1.36501721499e-005, 0.000284933805233, 0.00180766393896, -0.00694876210764, 0.00386139890179, 0.00062645575963], [0.000423807970947, -0.000982000841759, 3.22278028762e-005, -0.00229075551033, 0.000448137230705, -0.00240111374296, 0.0119507238269, -0.00418576970696, 0.000689248845447, -0.00325815496035, 0.0055373525247, -0.00403022672981, 0.000995030277409], [-0.000191925195395, -0.000303721259115, -0.00182103179395, 0.0021352621261, 0.00135670509189, 1.36501721499e-005, -0.00418576970696, 0.0139194903895, -0.00710541615263, 0.00176783232018, -0.00243656244129, 0.00316600687802, -0.00255410769023], [0.000136198112159, -0.000762328389101, -8.89937837201e-007, -0.00137076922692, 0.00266596418805, 0.000284933805233, 0.000689248845447, -0.00710541615263, 0.0240954570472, -0.00792324822396, 0.000296226033242, 0.000822475587483, 0.00188880390488], [-0.000142772740219, 0.000410929351347, -0.00020432821475, 0.000903082080185, -0.00415653456002, 0.00180766393896, -0.00325815496035, 0.00176783232018, -0.00792324822396, 0.0205077342689, -0.00837710965425, -0.000401810451876, 0.00142203236464], [6.43680141366e-006, -0.000881882384419, 4.36147092842e-006, 0.000159817864187, 0.00222768541425, -0.00694876210764, 0.0055373525247, -0.00243656244129, 0.000296226033242, -0.00837710965425, 0.023634981364, -0.00858692917973, -0.00108000310138], [-0.000145735772094, 0.000597084697802, 8.77254133229e-005, 0.000579403131269, 0.000257963663898, 0.00386139890179, -0.00403022672981, 0.00316600687802, 0.000822475587483, -0.000401810451876, -0.00858692917973, 0.0255326274782, -0.00902640353888], [0.000315982237225, -0.000603905122261, -0.000701440265402, 4.2939591367e-005, -0.000354397343472, 0.00062645575963, 0.000995030277409, -0.00255410769023, 0.00188880390488, 0.00142203236464, -0.00108000310138, -0.00902640353888, 0.0223260261118]]
    sccoeffs:
        dmean: [0.0627426877618, 0.0479424372315, 0.0391689985991, 0.0280250031501, 0.0203057322651, 0.0215288680047]
        dmean2: [0.101968839765, 0.0797707214952, 0.0659075975418, 0.0469336472452, 0.0337999500334, 0.0336464755237]
        dvar: [0.00247439043596, 0.00154091918375, 0.00096336111892, 0.000505371834151, 0.000289064832032, 0.000417047907831]
        dvar2: [0.00649464642629, 0.0041082794778, 0.00263174623251, 0.00134792493191, 0.000754543405492, 0.000962750113104]
        max: [-0.359404504299, -0.46708714962, -0.48299074173, -0.561439335346, -0.54468858242, -0.531877100468]
        mean: [-0.662261128426, -0.777242362499, -0.797201633453, -0.810799658298, -0.800658166409, -0.766054928303]
        median: [-0.66719865799, -0.786302804947, -0.80539816618, -0.816262364388, -0.80693334341, -0.77455508709]
        min: [-0.957377433777, -0.988355278969, -0.996116995811, -0.96598303318, -0.96153986454, -0.960572600365]
        var: [0.0057756206952, 0.00437713367864, 0.00292898528278, 0.00150366057642, 0.00148008193355, 0.00235882238485]
    scvalleys:
        dmean: [0.387032419443, 0.369904577732, 0.323443323374, 0.275333553553, 0.295359432697, 0.28465539217]
        dmean2: [0.641121029854, 0.604742109776, 0.506551682949, 0.422413945198, 0.428161114454, 0.434339046478]
        dvar: [0.114690609276, 0.111052714288, 0.0917012542486, 0.0790623426437, 0.110675118864, 0.158776625991]
        dvar2: [0.271575033665, 0.246774375439, 0.181466758251, 0.144025832415, 0.207105383277, 0.33675673604]
        max: [-5.25210189819, -4.85487508774, -4.76596069336, -5.19815778732, -5.45590782166, -7.45186090469]
        mean: [-6.66963911057, -6.45702028275, -6.67432594299, -6.84832000732, -6.7947473526, -9.41140079498]
        median: [-6.42090320587, -6.35126924515, -6.60586500168, -6.75867462158, -6.62864589691, -9.24654960632]
        min: [-27.2147769928, -27.9082813263, -27.4859027863, -27.2895889282, -27.1777877808, -27.1894721985]
        var: [1.58951330185, 0.99810063839, 0.979615151882, 0.897793710232, 0.925469517708, 1.28561389446]

rhythm:
    beats_loudness:
        dmean: 0.00173625582829
        dmean2: 0.00307788001373
        dvar: 2.06652202905e-006
        dvar2: 6.2884619183e-006
        max: 0.013797015883
        mean: 0.00732900435105
        median: 0.00728082470596
        min: 9.99593463558e-011
        var: 2.75802585747e-006
    bpm: 117.025314331
    bpm_confidence: 0
    first_peak_bpm: 117
    first_peak_spread: 0.183544293046
    first_peak_weight: 0.803738296032
    onset_rate: 4.15838575363
    second_peak_bpm: 108
    second_peak_spread: 0.600000023842
    second_peak_weight: 0.00623052939773
    beats_loudness_band_ratio:
        dmean: [0.183811500669, 0.0464652329683, 0.0950379148126, 0.0592688843608, 0.11306283623, 0.0617014020681]
        dmean2: [0.329506665468, 0.0797412768006, 0.172109395266, 0.103711917996, 0.200517490506, 0.103649929166]
        dvar: [0.0208125729114, 0.00159493379761, 0.00973628088832, 0.00432201847434, 0.00946393609047, 0.00459023704752]
        dvar2: [0.0621365010738, 0.00449920399114, 0.0256617870182, 0.0113595705479, 0.0305162668228, 0.0128953587264]
        max: [0.855714380741, 0.274771273136, 0.6049503088, 0.600217700005, 0.728846132755, 0.437598109245]
        mean: [0.399035573006, 0.0682793706656, 0.113812960684, 0.0836515948176, 0.216905653477, 0.146315872669]
        median: [0.419261842966, 0.0570831075311, 0.0805798470974, 0.0566543191671, 0.186224281788, 0.134665608406]
        min: [0, 0, 0, 0, 0, 0]
        var: [0.0325346067548, 0.00228493264876, 0.00958640128374, 0.00517378235236, 0.0132996607572, 0.00520306359977]
    beats_position: [0.545668900013, 1.09133780003, 1.6137868166, 2.13623571396, 2.6470746994, 3.15791368484, 3.66875267029, 4.17959165573, 4.69043064117, 5.20126962662, 5.71210861206, 6.2229475975, 6.74539661407, 7.26784563065, 7.77868461609, 8.28952407837, 8.80036258698, 9.31120204926, 9.82204055786, 10.3328800201, 10.8553285599, 11.3777770996, 11.8886165619, 12.3994560242, 12.9102945328, 13.4211339951, 13.9319725037, 14.4428119659, 14.9536504745, 15.4644899368, 15.9869384766, 16.50938797, 17.0202255249, 17.5310649872, 18.0419044495, 18.5527439117, 19.0635814667, 19.574420929, 20.0852603912, 20.5960998535, 21.1069393158, 21.6177768707, 22.128616333, 22.6394557953, 23.1619052887, 23.6843528748, 24.195192337, 24.6944217682, 25.2052612305, 25.7160987854, 26.2385482788, 26.7493877411, 27.2602272034, 27.7826747894, 28.2935142517, 28.8159637451, 29.3268013, 29.8376407623, 30.3484802246, 30.8593196869, 31.3701572418, 31.8809967041, 32.391834259, 32.9026756287, 33.4135131836, 33.9243545532, 34.4468002319, 34.9692497253, 35.480091095, 35.9909286499, 36.5017662048, 37.0126075745, 37.5234451294, 38.034286499, 38.545124054, 39.0559616089, 39.5668029785, 40.0776405334, 40.5884780884, 41.1109275818, 41.6333770752, 42.1442184448, 42.6550559998, 43.1658935547, 43.6767349243, 44.1875724792, 44.6984100342, 45.2208595276, 45.7317008972, 46.2541503906, 46.7649879456, 47.2758255005, 47.7866668701, 48.297504425, 48.80834198, 49.3191833496, 49.8300209045, 50.3408622742, 50.8516998291, 51.362537384, 51.8733787537, 52.3842163086, 52.8950538635, 53.4058952332, 53.9283447266, 54.4391822815, 54.9616317749, 55.4724693298, 55.9833106995, 56.4941482544, 57.0049858093, 57.515827179, 58.0266647339, 58.5375061035, 59.0483436584, 59.5707931519, 60.0932426453, 60.6040802002, 61.1149177551, 61.6257591248, 62.1365966797, 62.6474380493, 63.1582756042, 63.6691131592, 64.1799545288, 64.7024002075, 65.2248535156, 65.7356872559, 66.2465286255, 66.7573699951, 67.2682037354, 67.779045105, 68.2898864746, 68.8007278442, 69.3115615845, 69.8340148926, 70.3448486328, 70.8556900024, 71.3781356812, 71.8889770508, 72.3882064819, 72.8990478516, 73.4214935303, 73.9323348999, 74.4431762695, 74.9540100098, 75.4648513794, 75.975692749, 76.4981384277, 77.0205917358, 77.5314254761, 78.0422668457, 78.5531082153, 79.0639419556, 79.5747833252, 80.0856246948, 80.5964584351, 81.1072998047, 81.6181411743, 82.1289749146, 82.6398162842, 83.1622695923, 83.684715271, 84.1955566406, 84.7063903809, 85.2172317505, 85.7280731201, 86.2389068604, 86.74974823, 87.2605895996, 87.7714233398, 88.2938766479, 88.8163223267, 89.3271636963, 89.8380050659, 90.3372344971, 90.8596801758, 91.3705215454, 91.8813552856, 92.3921966553, 92.9030380249, 93.4138793945, 93.9247131348, 94.4355545044, 94.946395874, 95.4688415527, 95.9912872314, 96.5021286011, 97.0129699707, 97.5238113403, 98.0346450806, 98.5687026978, 99.0795440674, 99.590385437, 100.101219177, 100.612060547, 101.122901917, 101.633743286, 102.144577026, 102.655418396, 103.166259766, 103.677093506, 104.187934875, 104.698776245, 105.209609985, 105.720451355, 106.231292725, 106.742126465, 107.264579773, 107.787025452, 108.297866821, 108.808708191, 109.319541931, 109.830383301, 110.34122467, 110.852058411, 111.36289978, 111.87374115, 112.38457489, 112.89541626, 113.417869568, 113.928703308, 114.451156616, 114.961990356, 115.472831726, 115.983673096, 116.494506836, 117.005348206, 117.516189575, 118.038635254, 118.561088562, 119.071922302, 119.582763672, 120.093605042, 120.604438782, 121.115280151, 121.626121521, 122.136962891, 122.647796631, 123.158638, 123.66947937, 124.191925049, 124.702766418, 125.213600159, 125.736053467, 126.246894836, 126.757728577, 127.268569946, 127.779411316, 128.290252686, 128.801086426, 129.311920166, 129.822769165, 130.356826782, 130.867660522, 131.378494263, 131.889343262, 132.400177002, 132.911010742, 133.421859741, 133.932693481, 134.44354248, 134.954376221, 135.465209961, 135.97605896, 136.4868927, 136.99772644, 137.508575439, 138.01940918, 138.53024292, 139.052688599, 139.563537598, 140.085983276, 140.596817017, 141.107666016, 141.618499756, 142.129333496, 142.640182495, 143.162628174, 143.685073853, 144.195922852, 144.706756592, 145.217590332, 145.728439331, 146.239273071, 146.750106812, 147.260955811, 147.771789551, 148.282623291, 148.805084229, 149.327529907, 149.838363647, 150.349197388, 150.860046387, 151.370880127, 151.881713867, 152.392562866, 152.903396606, 153.414230347, 153.925079346, 154.435913086, 154.958358765, 155.480819702, 155.991653442, 156.502487183, 157.013336182, 157.524169922, 158.035003662, 158.545852661, 159.056686401, 159.567520142, 160.078369141, 160.589202881, 161.11164856, 161.622497559, 162.144943237, 162.655776978, 163.166610718, 163.677459717, 164.188293457, 164.745574951, 165.302856445]
    bpm_estimates: [114.843742371, 114.843765259, 117.453842163, 117.453842163, 117.453842163, 117.453842163, 117.453842163, 117.453842163, 117.453842163, 117.453842163, 114.843742371, 114.843742371, 117.453842163, 117.453727722, 117.453948975, 117.453727722, 117.453948975, 117.453727722, 114.843849182, 114.843849182, 117.453727722, 117.453727722, 117.453948975, 117.453727722, 117.453948975, 117.453727722, 117.453948975, 117.453727722, 114.843849182, 114.843635559, 117.454170227, 117.453727722, 117.453727722, 117.453727722, 117.454170227, 117.453727722, 117.453727722, 117.453727722, 117.453727722, 117.454170227, 117.453727722, 117.453727722, 114.843635559, 114.844055176, 117.453727722, 120.185218811, 117.453727722, 117.454170227, 114.843635559, 117.453727722, 117.453727722, 114.844055176, 117.453727722, 114.843635559, 117.454170227, 117.453727722, 117.453727722, 117.453727722, 117.454170227, 117.453727722, 117.454170227, 117.453292847, 117.454170227, 117.453292847, 114.844474792, 114.843635559, 117.453292847, 117.454170227, 117.454170227, 117.453292847, 117.454170227, 117.453292847, 117.454170227, 117.454170227, 117.453292847, 117.454170227, 117.454170227, 114.843635559, 114.843635559, 117.453292847, 117.454170227, 117.454170227, 117.453292847, 117.454170227, 117.454170227, 114.843635559, 117.453292847, 114.843635559, 117.454170227, 117.454170227, 117.453292847, 117.454170227, 117.454170227, 117.453292847, 117.454170227, 117.453292847, 117.454170227, 117.454170227, 117.453292847, 117.454170227, 117.454170227, 117.453292847, 114.843635559, 117.454170227, 114.843635559, 117.454170227, 117.453292847, 117.454170227, 117.454170227, 117.453292847, 117.454170227, 117.453292847, 117.454170227, 114.843635559, 114.843635559, 117.454170227, 117.454170227, 117.453292847, 117.454170227, 117.453292847, 117.454170227, 117.454170227, 117.453292847, 114.844474792, 114.842796326, 117.455047607, 117.453292847, 117.453292847, 117.455047607, 117.453292847, 117.453292847, 117.453292847, 117.455047607, 114.842796326, 117.455047607, 117.453292847, 114.844474792, 117.453292847, 120.185218811, 117.453292847, 114.844474792, 117.453292847, 117.453292847, 117.455047607, 117.453292847, 117.453292847, 114.844474792, 114.842796326, 117.455047607, 117.453292847, 117.453292847, 117.455047607, 117.453292847, 117.453292847, 117.455047607, 117.453292847, 117.453292847, 117.455047607, 117.453292847, 114.842796326, 114.844474792, 117.453292847, 117.455047607, 117.453292847, 117.453292847, 117.455047607, 117.453292847, 117.453292847, 117.455047607, 114.842796326, 114.844474792, 117.453292847, 117.453292847, 120.185218811, 114.844474792, 117.453292847, 117.455047607, 117.453292847, 117.453292847, 117.453292847, 117.455047607, 117.453292847, 117.453292847, 114.844474792, 114.844474792, 117.453292847, 117.453292847, 117.453292847, 117.455047607, 117.453292847, 117.453292847, 117.455047607, 117.453292847, 117.453292847, 117.453292847, 117.455047607, 117.453292847, 117.453292847, 117.455047607, 117.453292847, 117.453292847, 117.455047607, 117.453292847, 117.453292847, 117.455047607, 114.842796326, 114.844474792, 117.453292847, 117.453292847, 117.455047607, 117.453292847, 117.453292847, 117.455047607, 117.453292847, 117.453292847, 117.455047607, 117.453292847, 114.842796326, 117.455047607, 114.842796326, 117.455047607, 117.453292847, 117.453292847, 117.455047607, 117.453292847, 117.453292847, 114.844474792, 114.842796326, 117.455047607, 117.453292847, 117.453292847, 117.455047607, 117.453292847, 117.453292847, 117.453292847, 117.455047607, 117.453292847, 117.453292847, 114.844474792, 117.453292847, 117.455047607, 114.842796326, 117.453292847, 117.455047607, 117.453292847, 117.453292847, 117.453292847, 117.455047607, 117.455047607, 117.451538086, 117.455047607, 117.455047607, 117.451538086, 117.455047607, 117.455047607, 117.451538086, 117.455047607, 117.451538086, 117.455047607, 117.455047607, 117.451538086, 117.455047607, 117.455047607, 117.451538086, 117.455047607, 117.455047607, 114.844474792, 117.451538086, 114.844474792, 117.455047607, 117.451538086, 117.455047607, 117.455047607, 117.451538086, 114.844474792, 114.844474792, 117.451538086, 117.455047607, 117.455047607, 117.451538086, 117.455047607, 117.455047607, 117.451538086, 117.455047607, 117.455047607, 114.841117859, 114.844474792, 117.455047607, 117.455047607, 117.451538086, 117.455047607, 117.455047607, 117.451538086, 117.455047607, 117.455047607, 117.451538086, 117.455047607, 114.844474792, 114.841117859, 117.455047607, 117.455047607, 117.451538086, 117.455047607, 117.455047607, 117.451538086, 117.455047607, 117.455047607, 117.451538086, 117.455047607, 114.844474792, 117.451538086, 114.844474792, 117.455047607, 117.455047607, 117.451538086, 117.455047607]
