
metadata:
    version:
        essentia: "2.1-beta2"
    audio_properties:
        analysis_sample_rate: 44100
        bitrate: 320
        channels: 2
        equal_loudness: 1
        length: 201.351837158
        replay_gain: -14.7864685059
        downmix: "mix"
    tags:
        album: "Got Your Six (Deluxe Edition)"
        artist: "Five Finger Death Punch"
        comment: ""
        date: "2015"
        genre: "Heavy Metal"
        title: "You're Not My Kind"
        tracknumber: "12"

configuration:
    average_loudness:
        compute: 1
        frameSize: 88200
        hopSize: 44100
        silentFrames: "noise"
        windowType: "hann"
    general:
        analysisSampleRate: 44100
        endTime: 2000
        equalLoudness: 1
        nequalLoudness: 0
        shortSound: 0
        startTime: 0
    lowlevel:
        compute: 1
        frameSize: 2048
        hopSize: 1024
        zeroPadding: 0
        silentFrames: "noise"
        windowType: "blackmanharris62"
        mfccStats: ["mean", "cov", "icov"]
        stats: ["mean", "var", "median", "min", "max", "dmean", "dmean2", "dvar", "dvar2"]
    panning:
        compute: 0
        frameSize: 8192
        hopSize: 2048
        zeroPadding: 8192
        silentFrames: "noise"
        windowType: "hann"
        stats: ["copy"]
    rhythm:
        compute: 1
        maxTempo: 208
        minTempo: 40
        method: "degara"
        stats: ["mean", "var", "median", "min", "max", "dmean", "dmean2", "dvar", "dvar2"]
    segmentation:
        compute: 0
        cpw: 5
        inc1: 300
        inc2: 50
        minimumSegmentsLength: 10
        size1: 1000
        size2: 600
    sfx:
        compute: 1
        stats: ["mean", "var", "median", "min", "max", "dmean", "dmean2", "dvar", "dvar2"]
    svm:
        compute: 0
    tonal:
        compute: 1
        frameSize: 4096
        hopSize: 2048
        zeroPadding: 0
        silentFrames: "noise"
        windowType: "blackmanharris62"
        stats: ["mean", "var", "median", "min", "max", "dmean", "dmean2", "dvar", "dvar2"]

lowlevel:
    average_loudness: 0.932944595814
    barkbands_kurtosis:
        dmean: 1.26356506348
        dmean2: 2.08401226997
        dvar: 15.5942974091
        dvar2: 36.8628692627
        max: 119.070724487
        mean: -0.23248308897
        median: -1.03684854507
        min: -1.90255725384
        var: 16.7941379547
    barkbands_skewness:
        dmean: 0.594200193882
        dmean2: 0.944458842278
        dvar: 0.390781015158
        dvar2: 0.913208663464
        max: 9.89229679108
        mean: 0.0465198569
        median: -0.0798368304968
        min: -4.35894584656
        var: 1.03268837929
    barkbands_spread:
        dmean: 7.40545415878
        dmean2: 12.0448846817
        dvar: 44.1019630432
        dvar2: 112.426437378
        max: 79.5843048096
        mean: 35.2460365295
        median: 35.3906669617
        min: 1.30495154858
        var: 119.001502991
    dissonance:
        dmean: 0.00983114074916
        dmean2: 0.0167993716896
        dvar: 0.000117405179481
        dvar2: 0.000292284617899
        max: 0.5
        mean: 0.485488861799
        median: 0.488707840443
        min: 0.0707074031234
        var: 0.00016175712517
    hfc:
        dmean: 3.14502382278
        dmean2: 5.18210458755
        dvar: 14.990477562
        dvar2: 38.8919525146
        max: 48.3907432556
        mean: 8.64412498474
        median: 7.72592306137
        min: 1.19292149824e-016
        var: 30.4251594543
    pitch:
        dmean: 989.729125977
        dmean2: 1888.66125488
        dvar: 1707077.875
        dvar2: 4041597.5
        max: 4387.19140625
        mean: 1662.15905762
        median: 771.952941895
        min: 58.1382827759
        var: 2279625
    pitch_instantaneous_confidence:
        dmean: 0.0800563171506
        dmean2: 0.133688643575
        dvar: 0.00469377357513
        dvar2: 0.0120891183615
        max: 0.939307034016
        mean: 0.319776117802
        median: 0.295174837112
        min: 0.112322926521
        var: 0.0129306437448
    pitch_salience:
        dmean: 0.084319755435
        dmean2: 0.14153291285
        dvar: 0.00624885084108
        dvar2: 0.0166179314256
        max: 0.931466817856
        mean: 0.64997112751
        median: 0.675259590149
        min: 0.108951970935
        var: 0.0118514122441
    silence_rate_20dB:
        dmean: 0
        dmean2: 0
        dvar: 0
        dvar2: 0
        max: 1
        mean: 1
        median: 1
        min: 1
        var: 0
    silence_rate_30dB:
        dmean: 0
        dmean2: 0
        dvar: 0
        dvar2: 0
        max: 1
        mean: 1
        median: 1
        min: 1
        var: 0
    silence_rate_60dB:
        dmean: 0.103321030736
        dmean2: 0.20666590333
        dvar: 0.0926503166556
        dvar2: 0.204792588949
        max: 1
        mean: 0.230946615338
        median: 0
        min: 0
        var: 0.177614405751
    spectral_centroid:
        dmean: 389.989624023
        dmean2: 642.687744141
        dvar: 131903.65625
        dvar2: 347677.375
        max: 10830.9248047
        mean: 1717.27783203
        median: 1731.45458984
        min: 139.716918945
        var: 389787.34375
    spectral_complexity:
        dmean: 5.37546110153
        dmean2: 8.61492347717
        dvar: 27.3497638702
        dvar2: 64.1837844849
        max: 46
        mean: 16.8294715881
        median: 17
        min: 0
        var: 81.3527679443
    spectral_crest:
        dmean: 2.46775984764
        dmean2: 4.12159967422
        dvar: 5.78896713257
        dvar2: 14.0371112823
        max: 23.2229785919
        mean: 6.73460435867
        median: 5.6653175354
        min: 2.07074356079
        var: 11.2089157104
    spectral_decrease:
        dmean: 3.99186877997e-010
        dmean2: 6.46105113855e-010
        dvar: 2.38953919102e-019
        dvar2: 6.11723482534e-019
        max: 2.30257864693e-029
        mean: -1.14805798201e-009
        median: -1.0807370554e-009
        min: -4.1452414834e-009
        var: 3.86402197861e-019
    spectral_energy:
        dmean: 0.00172219180968
        dmean2: 0.00276910886168
        dvar: 4.25740699939e-006
        dvar2: 1.07793612187e-005
        max: 0.0177210625261
        mean: 0.00511709507555
        median: 0.00480858702213
        min: 1.07332460203e-020
        var: 7.45999250285e-006
    spectral_energyband_high:
        dmean: 0.000226452830248
        dmean2: 0.00039978013956
        dvar: 1.28731699078e-007
        dvar2: 3.5336083215e-007
        max: 0.00508767645806
        mean: 0.000395704759285
        median: 0.000287504750304
        min: 7.50739026534e-021
        var: 1.43317933521e-007
    spectral_energyband_low:
        dmean: 0.000556385726668
        dmean2: 0.000930888520088
        dvar: 4.44476086159e-007
        dvar2: 1.16091814562e-006
        max: 0.00656927004457
        mean: 0.000815065694042
        median: 0.000526777643245
        min: 1.17110970462e-022
        var: 6.7194332587e-007
    spectral_energyband_middle_high:
        dmean: 0.000836119579617
        dmean2: 0.00132167828269
        dvar: 8.01103965387e-007
        dvar2: 1.89342404155e-006
        max: 0.0132885575294
        mean: 0.00243620597757
        median: 0.00222478667274
        min: 1.69712945161e-021
        var: 2.48675223702e-006
    spectral_energyband_middle_low:
        dmean: 0.00106017745566
        dmean2: 0.00181087094825
        dvar: 2.72280863101e-006
        dvar2: 7.36308447813e-006
        max: 0.0129452403635
        mean: 0.00171286321711
        median: 0.00120538030751
        min: 3.20652697144e-022
        var: 2.80369340544e-006
    spectral_flatness_db:
        dmean: 0.0170276798308
        dmean2: 0.0274433810264
        dvar: 0.000286764814518
        dvar2: 0.000729607883841
        max: 0.422054857016
        mean: 0.124311052263
        median: 0.116460107267
        min: 0.0633185058832
        var: 0.00116142479237
    spectral_flux:
        dmean: 0.00984107423574
        dmean2: 0.0151847954839
        dvar: 0.000115937400551
        dvar2: 0.00024847642635
        max: 0.127835124731
        mean: 0.0465771071613
        median: 0.0455465503037
        min: 1.03601377477e-010
        var: 0.000295210338663
    spectral_kurtosis:
        dmean: 0.802241146564
        dmean2: 1.30752718449
        dvar: 1.4268630743
        dvar2: 4.07645511627
        max: 40.6153640747
        mean: 2.9569401741
        median: 2.81666040421
        min: -1.18145608902
        var: 2.4727768898
    spectral_rms:
        dmean: 0.00035397746251
        dmean2: 0.000556364539079
        dvar: 1.40399109227e-007
        dvar2: 3.42431349054e-007
        max: 0.00415798509493
        mean: 0.0021388377063
        median: 0.00216594198719
        min: 3.23596336359e-012
        var: 4.17629820504e-007
    spectral_rolloff:
        dmean: 504.296173096
        dmean2: 848.624816895
        dvar: 412181.375
        dvar2: 954945.375
        max: 19013.8183594
        mean: 3237.53393555
        median: 3380.71289063
        min: 129.19921875
        var: 785064.6875
    spectral_skewness:
        dmean: 0.157069250941
        dmean2: 0.252585500479
        dvar: 0.0282975938171
        dvar2: 0.0711225941777
        max: 4.44443702698
        mean: 1.3754966259
        median: 1.39832222462
        min: 0.00666604051366
        var: 0.079161696136
    spectral_spread:
        dmean: 526261.625
        dmean2: 757803.625
        dvar: 398478540800
        dvar2: 631579082752
        max: 40377192
        mean: 5799198.5
        median: 5663438
        min: 1786000.625
        var: 2.74677681357e+012
    spectral_strongpeak:
        dmean: 0.401748657227
        dmean2: 0.695079863071
        dvar: 0.524622440338
        dvar2: 1.39729559422
        max: 12.582988739
        mean: 0.513962864876
        median: 0.213335081935
        min: 2.96229996088e-009
        var: 0.755203962326
    zerocrossingrate:
        dmean: 0.0102437715977
        dmean2: 0.0124267041683
        dvar: 8.93229735084e-005
        dvar2: 0.000122416546219
        max: 0.505859375
        mean: 0.099057815969
        median: 0.099609375
        min: 0.0078125
        var: 0.000653494964354
    barkbands:
        dmean: [6.86176235831e-007, 0.000131278007757, 0.000377012707759, 0.000474942295114, 0.000389144639485, 0.00013437117741, 0.000140454008942, 9.50950998231e-005, 0.000204017313081, 0.00010043977818, 7.30674437364e-005, 9.88104948192e-005, 7.49762475607e-005, 6.35105825495e-005, 8.98257203517e-005, 0.000154898109031, 0.000190499500604, 0.000229933139053, 0.000234623672441, 0.000185161523405, 0.000114172631584, 4.15764843638e-005, 8.119355698e-006, 5.71287228013e-006, 2.71075714409e-006, 9.80748495749e-008, 3.80675102551e-010]
        dmean2: [9.63613615568e-007, 0.000231425772654, 0.000629195477813, 0.000831644516438, 0.000696323695593, 0.000223516763072, 0.000237791420659, 0.000158524140716, 0.000335738819558, 0.000163088814588, 0.000120226613944, 0.000159855087986, 0.000122479686979, 0.000102539153886, 0.000142083314131, 0.00025077877217, 0.000309926777845, 0.000387779902667, 0.000388036249205, 0.000313304015435, 0.000204149386263, 7.28236482246e-005, 1.39392041092e-005, 9.49935474637e-006, 4.44047373094e-006, 1.60632779966e-007, 6.57802146087e-010]
        dvar: [1.03317918457e-012, 2.63745985052e-008, 2.7283607551e-007, 7.40037989999e-007, 6.25223549378e-007, 8.58409876514e-008, 1.65250767736e-007, 4.09947773505e-008, 1.60611008937e-007, 5.12457880575e-008, 2.86900245783e-008, 4.99212831073e-008, 2.28303331795e-008, 1.33208528652e-008, 3.50262219229e-008, 5.54887904514e-008, 8.47482368727e-008, 1.05033684861e-007, 8.89325022513e-008, 8.19091070525e-008, 3.28778391179e-008, 5.05154851282e-009, 1.5692212807e-010, 1.23041868361e-010, 2.58495828909e-011, 2.64715465124e-014, 2.32736958865e-019]
        dvar2: [1.91767370213e-012, 7.89008041124e-008, 6.74574835102e-007, 2.01884540729e-006, 1.76716321221e-006, 2.13624758771e-007, 4.33347480566e-007, 1.04327611439e-007, 4.12707038322e-007, 1.18018498085e-007, 7.34343856834e-008, 1.25100910964e-007, 5.83695225487e-008, 3.27931601873e-008, 8.11741927009e-008, 1.28171222968e-007, 1.87624905834e-007, 2.82961508447e-007, 2.27908358852e-007, 2.08771538723e-007, 8.97006202649e-008, 1.40080498312e-008, 4.25041085661e-010, 2.93713331434e-010, 6.14141792976e-011, 6.32237521342e-014, 6.336850244e-019]
        max: [8.93836568139e-006, 0.00133305881172, 0.00568794598803, 0.00735006574541, 0.00634054560214, 0.00435900129378, 0.00840511545539, 0.00537000969052, 0.00749916210771, 0.00550029426813, 0.00346737867221, 0.00393714336678, 0.00296526984312, 0.0019413967384, 0.00349157536402, 0.00642286147922, 0.0105734877288, 0.0104009369388, 0.00592011818662, 0.00822251662612, 0.00273981736973, 0.00108271313366, 0.000154959663632, 0.000155212837853, 8.49750067573e-005, 3.37720007337e-006, 6.13711481634e-009]
        mean: [8.54009556406e-007, 0.000161204472533, 0.000453956075944, 0.000474727159599, 0.000396690651542, 0.000174473796505, 0.000164080935065, 0.00011808169802, 0.000305703666527, 0.000154458291945, 0.000102727586636, 0.000140191579703, 0.000108327396447, 0.000101795027149, 0.000163312332006, 0.000280096399365, 0.000353887357051, 0.000395941839088, 0.000466633297037, 0.000332485127728, 0.000169070408447, 6.63888786221e-005, 1.49281058839e-005, 1.0668766663e-005, 6.18533431407e-006, 2.28808843872e-007, 7.33255456353e-010]
        median: [1.96723178192e-007, 0.000113689915452, 0.000211003789445, 0.000207633100217, 0.000184786651516, 7.59249014664e-005, 6.62353995722e-005, 4.96965003549e-005, 0.000128888335894, 7.07007784513e-005, 4.09880558436e-005, 4.38143142674e-005, 4.95554049849e-005, 5.44524227735e-005, 8.16191604827e-005, 0.000204544689041, 0.000286349619273, 0.000311728566885, 0.000369883957319, 0.000245720410021, 0.000105311912193, 4.49698673037e-005, 1.10941091407e-005, 6.66958976581e-006, 4.37224571215e-006, 1.57543766477e-007, 5.22609622244e-010]
        min: [1.89611601144e-023, 7.96599946246e-023, 2.5906217371e-023, 1.56508881934e-025, 7.7859359655e-023, 8.14215273368e-023, 3.49680992476e-023, 3.23799886125e-023, 6.7367036299e-023, 7.14285529338e-023, 9.8500018836e-023, 8.88300798183e-023, 1.06420251744e-022, 7.44754619159e-023, 1.81554683884e-022, 1.72019122588e-022, 1.53590082287e-022, 1.58421432502e-022, 3.32252032164e-022, 3.86790694464e-022, 4.85150264504e-022, 5.1327738407e-022, 5.19973235434e-022, 8.94668029026e-022, 1.05792250306e-021, 1.5565403524e-021, 2.59838251282e-021]
        var: [1.85246848243e-012, 2.64808708295e-008, 4.07105545719e-007, 6.26577218554e-007, 4.49501044386e-007, 1.10018568478e-007, 1.69685904439e-007, 5.2387008509e-008, 2.79930816305e-007, 1.12315724721e-007, 4.16055918606e-008, 7.60255218779e-008, 3.21983648632e-008, 2.28035510474e-008, 9.0435875677e-008, 1.10037014167e-007, 1.64720091789e-007, 1.72556667621e-007, 1.92687650724e-007, 1.27527215454e-007, 3.78601221485e-008, 6.44338760125e-009, 2.21552221014e-010, 2.15234122192e-010, 4.92894336457e-011, 5.82483077071e-014, 4.80802763552e-019]
    frequency_bands:
        dmean: [6.86176235831e-007, 0.000131278007757, 0.000377012707759, 0.000474942295114, 0.000389144639485, 0.00013437117741, 0.000140454008942, 9.50950998231e-005, 0.000204017313081, 0.00010043977818, 7.30674437364e-005, 9.88104948192e-005, 7.49762475607e-005, 6.35105825495e-005, 8.98257203517e-005, 0.000154898109031, 0.000190499500604, 0.000229933139053, 0.000234623672441, 0.000185161523405, 0.000114172631584, 4.15764843638e-005, 8.119355698e-006, 5.71287228013e-006, 2.71075714409e-006, 9.80748495749e-008, 3.80675102551e-010, 6.25820506528e-011]
        dmean2: [9.63613615568e-007, 0.000231425772654, 0.000629195477813, 0.000831644516438, 0.000696323695593, 0.000223516763072, 0.000237791420659, 0.000158524140716, 0.000335738819558, 0.000163088814588, 0.000120226613944, 0.000159855087986, 0.000122479686979, 0.000102539153886, 0.000142083314131, 0.00025077877217, 0.000309926777845, 0.000387779902667, 0.000388036249205, 0.000313304015435, 0.000204149386263, 7.28236482246e-005, 1.39392041092e-005, 9.49935474637e-006, 4.44047373094e-006, 1.60632779966e-007, 6.57802146087e-010, 1.16776241454e-010]
        dvar: [1.03317918457e-012, 2.63745985052e-008, 2.7283607551e-007, 7.40037989999e-007, 6.25223549378e-007, 8.58409876514e-008, 1.65250767736e-007, 4.09947773505e-008, 1.60611008937e-007, 5.12457880575e-008, 2.86900245783e-008, 4.99212831073e-008, 2.28303331795e-008, 1.33208528652e-008, 3.50262219229e-008, 5.54887904514e-008, 8.47482368727e-008, 1.05033684861e-007, 8.89325022513e-008, 8.19091070525e-008, 3.28778391179e-008, 5.05154851282e-009, 1.5692212807e-010, 1.23041868361e-010, 2.58495828909e-011, 2.64715465124e-014, 2.32736958865e-019, 7.39966372304e-021]
        dvar2: [1.91767370213e-012, 7.89008041124e-008, 6.74574835102e-007, 2.01884540729e-006, 1.76716321221e-006, 2.13624758771e-007, 4.33347480566e-007, 1.04327611439e-007, 4.12707038322e-007, 1.18018498085e-007, 7.34343856834e-008, 1.25100910964e-007, 5.83695225487e-008, 3.27931601873e-008, 8.11741927009e-008, 1.28171222968e-007, 1.87624905834e-007, 2.82961508447e-007, 2.27908358852e-007, 2.08771538723e-007, 8.97006202649e-008, 1.40080498312e-008, 4.25041085661e-010, 2.93713331434e-010, 6.14141792976e-011, 6.32237521342e-014, 6.336850244e-019, 2.37849565129e-020]
        max: [8.93836568139e-006, 0.00133305881172, 0.00568794598803, 0.00735006574541, 0.00634054560214, 0.00435900129378, 0.00840511545539, 0.00537000969052, 0.00749916210771, 0.00550029426813, 0.00346737867221, 0.00393714336678, 0.00296526984312, 0.0019413967384, 0.00349157536402, 0.00642286147922, 0.0105734877288, 0.0104009369388, 0.00592011818662, 0.00822251662612, 0.00273981736973, 0.00108271313366, 0.000154959663632, 0.000155212837853, 8.49750067573e-005, 3.37720007337e-006, 6.13711481634e-009, 9.87477433156e-010]
        mean: [8.54009556406e-007, 0.000161204472533, 0.000453956075944, 0.000474727159599, 0.000396690651542, 0.000174473796505, 0.000164080935065, 0.00011808169802, 0.000305703666527, 0.000154458291945, 0.000102727586636, 0.000140191579703, 0.000108327396447, 0.000101795027149, 0.000163312332006, 0.000280096399365, 0.000353887357051, 0.000395941839088, 0.000466633297037, 0.000332485127728, 0.000169070408447, 6.63888786221e-005, 1.49281058839e-005, 1.0668766663e-005, 6.18533431407e-006, 2.28808843872e-007, 7.33255456353e-010, 4.78291121986e-011]
        median: [1.96723178192e-007, 0.000113689915452, 0.000211003789445, 0.000207633100217, 0.000184786651516, 7.59249014664e-005, 6.62353995722e-005, 4.96965003549e-005, 0.000128888335894, 7.07007784513e-005, 4.09880558436e-005, 4.38143142674e-005, 4.95554049849e-005, 5.44524227735e-005, 8.16191604827e-005, 0.000204544689041, 0.000286349619273, 0.000311728566885, 0.000369883957319, 0.000245720410021, 0.000105311912193, 4.49698673037e-005, 1.10941091407e-005, 6.66958976581e-006, 4.37224571215e-006, 1.57543766477e-007, 5.22609622244e-010, 1.89290458308e-011]
        min: [1.89611601144e-023, 7.96599946246e-023, 2.5906217371e-023, 1.56508881934e-025, 7.7859359655e-023, 8.14215273368e-023, 3.49680992476e-023, 3.23799886125e-023, 6.7367036299e-023, 7.14285529338e-023, 9.8500018836e-023, 8.88300798183e-023, 1.06420251744e-022, 7.44754619159e-023, 1.81554683884e-022, 1.72019122588e-022, 1.53590082287e-022, 1.58421432502e-022, 3.32252032164e-022, 3.86790694464e-022, 4.85150264504e-022, 5.1327738407e-022, 5.19973235434e-022, 8.94668029026e-022, 1.05792250306e-021, 1.5565403524e-021, 2.59838251282e-021, 8.64369408891e-022]
        var: [1.85246848243e-012, 2.64808708295e-008, 4.07105545719e-007, 6.26577218554e-007, 4.49501044386e-007, 1.10018568478e-007, 1.69685904439e-007, 5.2387008509e-008, 2.79930816305e-007, 1.12315724721e-007, 4.16055918606e-008, 7.60255218779e-008, 3.21983648632e-008, 2.28035510474e-008, 9.0435875677e-008, 1.10037014167e-007, 1.64720091789e-007, 1.72556667621e-007, 1.92687650724e-007, 1.27527215454e-007, 3.78601221485e-008, 6.44338760125e-009, 2.21552221014e-010, 2.15234122192e-010, 4.92894336457e-011, 5.82483077071e-014, 4.80802763552e-019, 5.85663947358e-021]
    mfcc:
        mean: [-691.450622559, 88.7222976685, -37.3786468506, 48.7909431458, -1.58035111427, -5.28160667419, 4.74663162231, 3.8255546093, 5.35237550735, -0.96093827486, -2.19913721085, -4.70124721527, -4.42525625229]
        cov: [[6323.47753906, 714.027099609, -353.72668457, 301.057556152, -209.87840271, -16.6733341217, -66.1169815063, 44.1262054443, 23.3849201202, -49.9463539124, 25.4904575348, -28.4017543793, -16.0501422882], [714.027099609, 631.042785645, -146.477218628, 119.943611145, -1.18603539467, -51.8711929321, 48.7991409302, 14.8906517029, 25.9000911713, -8.23869609833, -24.9807949066, -5.15790700912, -13.8836679459], [-353.72668457, -146.477218628, 464.563964844, -22.2223320007, 71.8304595947, 62.0919418335, -18.6791877747, 14.7308149338, -49.1933059692, -22.1369171143, -7.36344480515, 5.43748235703, 8.22322273254], [301.057556152, 119.943611145, -22.2223320007, 280.990142822, 34.9703636169, 17.5882015228, 3.66899371147, -30.0631198883, 26.5164546967, 2.21332573891, -27.4028339386, -35.4439849854, -15.4797334671], [-209.87840271, -1.18603539467, 71.8304595947, 34.9703636169, 151.780349731, 27.9411964417, -4.4870967865, -25.5323085785, -12.9854850769, 25.1617984772, -1.22739160061, -3.84856247902, -3.64008259773], [-16.6733341217, -51.8711929321, 62.0919418335, 17.5882015228, 27.9411964417, 109.444259644, 19.1113109589, 0.269213020802, -1.11614131927, -3.8684258461, 10.2273836136, -11.7041788101, -2.36357665062], [-66.1169815063, 48.7991409302, -18.6791877747, 3.66899371147, -4.4870967865, 19.1113109589, 89.8136367798, 47.17395401, 18.8690071106, -2.66064810753, -3.30961704254, -0.965896189213, -11.1862401962], [44.1262054443, 14.8906517029, 14.7308149338, -30.0631198883, -25.5323085785, 0.269213020802, 47.17395401, 93.3703536987, 31.856716156, 0.5821865201, 3.94639134407, 4.17531776428, 1.49468195438], [23.3849201202, 25.9000911713, -49.1933059692, 26.5164546967, -12.9854850769, -1.11614131927, 18.8690071106, 31.856716156, 71.4818267822, 29.3879623413, 5.83594703674, -7.28712034225, -7.0027551651], [-49.9463539124, -8.23869609833, -22.1369171143, 2.21332573891, 25.1617984772, -3.8684258461, -2.66064810753, 0.5821865201, 29.3879623413, 73.2286834717, 23.133266449, -1.52134740353, -6.13118457794], [25.4904575348, -24.9807949066, -7.36344480515, -27.4028339386, -1.22739160061, 10.2273836136, -3.30961704254, 3.94639134407, 5.83594703674, 23.133266449, 54.7427902222, 19.7473888397, 5.29237413406], [-28.4017543793, -5.15790700912, 5.43748235703, -35.4439849854, -3.84856247902, -11.7041788101, -0.965896189213, 4.17531776428, -7.28712034225, -1.52134740353, 19.7473888397, 55.0096740723, 27.0722484589], [-16.0501422882, -13.8836679459, 8.22322273254, -15.4797334671, -3.64008259773, -2.36357665062, -11.1862401962, 1.49468195438, -7.0027551651, -6.13118457794, 5.29237413406, 27.0722484589, 62.6164512634]]
        icov: [[0.000227365613682, -0.000255182414548, 0.000142379009048, -0.000258836720604, 0.000313158147037, -0.000278948806226, 0.000620807288215, -0.000509403238539, 0.000346808286849, 3.61019774573e-005, -0.000267177791102, 1.418145348e-005, 0.000108523992822], [-0.000255182414548, 0.00235332665034, 0.000370374211343, -0.000617515819613, -0.000732017331757, 0.00137201580219, -0.00171916512772, 0.000250970682828, -0.000311599898851, 0.00043810356874, 0.000529172073584, -0.000420686817961, 9.64121427387e-005], [0.000142379009048, 0.000370374211343, 0.00325243780389, -0.00037516260636, -0.00120921386406, -0.00175492756534, 0.0020423119422, -0.00298023526557, 0.00250593107194, 0.000300652318401, 0.000862411048729, -0.000872238946613, 0.000512105296366], [-0.000258836720604, -0.000617515819613, -0.00037516260636, 0.00533264689147, -0.00119236577302, -0.000446243153419, -0.00104239548091, 0.00327664101496, -0.00361586967483, 0.000748265534639, 0.00158768391702, 0.0020787040703, -0.000550317403395], [0.000313158147037, -0.000732017331757, -0.00120921386406, -0.00119236577302, 0.00963356345892, -0.00226676953025, -5.89685259911e-005, 0.00149735843297, 0.00279871211387, -0.00523935770616, 0.00151494657621, -0.000938319368288, 0.000287797040073], [-0.000278948806226, 0.00137201580219, -0.00175492756534, -0.000446243153419, -0.00226676953025, 0.013507347554, -0.00574272498488, 0.00299955788068, -0.00201700022444, 0.0032348097302, -0.0056345439516, 0.00508558796719, -0.00199792720377], [0.000620807288215, -0.00171916512772, 0.0020423119422, -0.00104239548091, -5.89685259911e-005, -0.00574272498488, 0.0206241495907, -0.0116617167369, 0.00160987093113, 0.000352922419552, 0.00236049084924, -0.00355481961742, 0.00454666931182], [-0.000509403238539, 0.000250970682828, -0.00298023526557, 0.00327664101496, 0.00149735843297, 0.00299955788068, -0.0116617167369, 0.0224028583616, -0.0107106007636, 0.00223830062896, -0.00133225519676, 0.00150803651195, -0.00280939065851], [0.000346808286849, -0.000311599898851, 0.00250593107194, -0.00361586967483, 0.00279871211387, -0.00201700022444, 0.00160987093113, -0.0107106007636, 0.0263240262866, -0.0106135196984, 0.000916675198823, 0.000543280679267, 0.00101900135633], [3.61019774573e-005, 0.00043810356874, 0.000300652318401, 0.000748265534639, -0.00523935770616, 0.0032348097302, 0.000352922419552, 0.00223830062896, -0.0106135196984, 0.0233857985586, -0.0102603221312, 0.00328460708261, 0.000629026908427], [-0.000267177791102, 0.000529172073584, 0.000862411048729, 0.00158768391702, 0.00151494657621, -0.0056345439516, 0.00236049084924, -0.00133225519676, 0.000916675198823, -0.0102603221312, 0.029179232195, -0.0119452392682, 0.00245311390609], [1.418145348e-005, -0.000420686817961, -0.000872238946613, 0.0020787040703, -0.000938319368288, 0.00508558796719, -0.00355481961742, 0.00150803651195, 0.000543280679267, 0.00328460708261, -0.0119452392682, 0.0307090319693, -0.0118799135089], [0.000108523992822, 9.64121427387e-005, 0.000512105296366, -0.000550317403395, 0.000287797040073, -0.00199792720377, 0.00454666931182, -0.00280939065851, 0.00101900135633, 0.000629026908427, 0.00245311390609, -0.0118799135089, 0.0217412635684]]
    sccoeffs:
        dmean: [0.0686803013086, 0.049955945462, 0.0398739650846, 0.0290115755051, 0.0200866218656, 0.0200717821717]
        dmean2: [0.112708672881, 0.0835580453277, 0.0668177753687, 0.0487487800419, 0.0332252718508, 0.032671995461]
        dvar: [0.0029836082831, 0.0016543159727, 0.00102229206823, 0.000547116913367, 0.00027471917565, 0.000338996411301]
        dvar2: [0.00801272969693, 0.00445374241099, 0.00281133479439, 0.00150480540469, 0.000713964400347, 0.000856245926116]
        max: [-0.379148185253, -0.447249591351, -0.547604680061, -0.562878489494, -0.657547712326, -0.602157890797]
        mean: [-0.656266450882, -0.787633538246, -0.795870840549, -0.807734131813, -0.80424529314, -0.785127043724]
        median: [-0.661455988884, -0.796706616879, -0.804296970367, -0.812260150909, -0.805573821068, -0.792582452297]
        min: [-0.97173166275, -0.966125190258, -0.972318530083, -0.968200564384, -0.960569620132, -0.961402714252]
        var: [0.00702368281782, 0.00407680263743, 0.00318765942939, 0.00175399053842, 0.000908663438167, 0.00184728577733]
    scvalleys:
        dmean: [0.38771623373, 0.379822045565, 0.327646017075, 0.282605230808, 0.289784610271, 0.231956899166]
        dmean2: [0.653172135353, 0.628450155258, 0.516036331654, 0.438151091337, 0.440287053585, 0.371642798185]
        dvar: [0.112933553755, 0.123142510653, 0.0935227125883, 0.0870881155133, 0.112779736519, 0.0901046097279]
        dvar2: [0.275245755911, 0.277077943087, 0.179171577096, 0.148941203952, 0.211184456944, 0.176237300038]
        max: [-5.29047489166, -4.99472665787, -5.11902999878, -5.46787500381, -5.49617958069, -7.45065975189]
        mean: [-6.78190612793, -6.67126178741, -6.84499645233, -7.01840305328, -6.81548070908, -9.13155937195]
        median: [-6.49295043945, -6.47543954849, -6.66817474365, -6.80539703369, -6.58578634262, -8.83398246765]
        min: [-27.2672214508, -27.1465454102, -27.0587596893, -27.3131980896, -27.2729721069, -27.2120075226]
        var: [2.76269602776, 1.92947649956, 1.73670661449, 1.5640515089, 1.5536416769, 1.83514153957]

rhythm:
    beats_loudness:
        dmean: 0.00186668569222
        dmean2: 0.00333221000619
        dvar: 2.11042265619e-006
        dvar2: 6.05962532063e-006
        max: 0.0117624206468
        mean: 0.00592353614047
        median: 0.00617995439097
        min: 1.22524863519e-011
        var: 5.1695210459e-006
    bpm: 121.213478088
    bpm_confidence: 0
    first_peak_bpm: 120
    first_peak_spread: 0.440443217754
    first_peak_weight: 0.483253598213
    onset_rate: 3.66522598267
    second_peak_bpm: 185
    second_peak_spread: 0
    second_peak_weight: 0.0382775105536
    beats_loudness_band_ratio:
        dmean: [0.182250902057, 0.0621998980641, 0.0842109397054, 0.0622996538877, 0.105330616236, 0.0766599997878]
        dmean2: [0.314827233553, 0.108903475106, 0.147108495235, 0.107866413891, 0.177288591862, 0.135717362165]
        dvar: [0.0212802086025, 0.00509391212836, 0.00841366127133, 0.00444038910791, 0.00773685239255, 0.00495967268944]
        dvar2: [0.0576942078769, 0.0149045502767, 0.0230738464743, 0.0119101163, 0.0215772204101, 0.0141914607957]
        max: [0.847763299942, 0.665387928486, 0.564093351364, 0.398539751768, 0.592506051064, 0.678970038891]
        mean: [0.303345501423, 0.0822089388967, 0.118899077177, 0.0947964861989, 0.252069979906, 0.180233672261]
        median: [0.292635977268, 0.0644515380263, 0.0795939788222, 0.0659867674112, 0.228812456131, 0.157695606351]
        min: [0, 0, 0, 0, 0, 0]
        var: [0.0344794876873, 0.00495050055906, 0.0102954097092, 0.00548499869183, 0.0124991489574, 0.00838232319802]
    beats_position: [0.522448956966, 1.04489791393, 1.54412698746, 2.04335594177, 2.54258489609, 3.04181408882, 3.52943301201, 4.02866220474, 4.52789115906, 5.01551008224, 5.50312900543, 6.00235795975, 6.5015873909, 7.00081634521, 7.50004529953, 7.99927425385, 8.51011276245, 9.02095222473, 9.53179073334, 10.0542402267, 10.5882987976, 11.0991382599, 11.5983667374, 12.0975961685, 12.5968255997, 13.0960540771, 13.5836734772, 14.0829019547, 14.5821313858, 15.0697498322, 15.5573692322, 16.0565986633, 16.5558280945, 17.0434455872, 17.5310649872, 18.0302944183, 18.5295238495, 19.0171432495, 19.5163707733, 20.0156002045, 20.5032196045, 21.0024490356, 21.5016784668, 22.0009059906, 22.5001354218, 22.9877548218, 23.4753742218, 23.974603653, 24.4738311768, 24.9614505768, 25.4490699768, 25.948299408, 26.4475269318, 26.958366394, 27.4459857941, 27.9336051941, 28.4212245941, 28.9204521179, 29.4196815491, 29.9073009491, 30.3949203491, 30.8941497803, 31.3933773041, 31.8926067352, 32.391834259, 32.8794555664, 33.3670730591, 33.8663024902, 34.3655319214, 34.8647613525, 35.3523788452, 35.8516082764, 36.3392295837, 36.8268470764, 37.3144645691, 37.8253059387, 38.3129234314, 38.8121528625, 39.3113822937, 39.7989997864, 40.2866210938, 40.7858505249, 41.2850799561, 41.7726974487, 42.2603149414, 42.7595443726, 43.2587738037, 43.7580032349, 44.257232666, 44.7448501587, 45.2324714661, 45.7317008972, 46.2309303284, 46.718547821, 47.2061653137, 47.7053947449, 48.204624176, 48.6922454834, 49.1798629761, 49.6790924072, 50.1783218384, 50.6659393311, 51.1535606384, 51.6527900696, 52.152015686, 52.6396369934, 53.1388664246, 53.6380958557, 54.1257133484, 54.6249427795, 55.1241722107, 55.6234016418, 56.122631073, 56.6102485657, 57.0978660583, 57.5970954895, 58.0963249207, 58.583946228, 59.0715637207, 59.5707931519, 60.070022583, 60.5576400757, 61.0452613831, 61.5444869995, 62.0437164307, 62.5429458618, 63.042175293, 63.5297966003, 64.0174102783, 64.5166397095, 65.0158691406, 65.5150985718, 66.0143280029, 66.5019454956, 66.9895706177, 67.4888000488, 67.98802948, 68.4756469727, 68.9632644653, 69.4624938965, 69.9617233276, 70.4493408203, 70.9485702515, 71.4477996826, 71.9354171753, 72.4346466064, 72.9338760376, 73.4214935303, 73.9091110229, 74.4083404541, 74.9075698853, 75.4067993164, 75.8944168091, 76.3936462402, 76.8812713623, 77.3805007935, 77.8797302246, 78.3673477173, 78.8665771484, 79.3541946411, 79.8534240723, 80.3410415649, 80.8286590576, 81.3278884888, 81.8271179199, 82.3379592896, 82.8255767822, 83.3131942749, 83.8124237061, 84.3116531372, 84.7992706299, 85.2868881226, 85.7861175537, 86.2853469849, 86.7729721069, 87.2722015381, 87.7714233398, 88.2590484619, 88.7466659546, 89.2458953857, 89.7451248169, 90.2327423096, 90.7319717407, 91.2312011719, 91.7188186646, 92.2180480957, 92.7172775269, 93.2048950195, 93.6925125122, 94.1917419434, 94.6909713745, 95.1902008057, 95.6778182983, 96.1770477295, 96.6646728516, 97.1638946533, 97.6631240845, 98.1507492065, 98.6383666992, 99.1375961304, 99.6368255615, 100.124443054, 100.612060547, 101.111289978, 101.610519409, 102.098136902, 102.597366333, 103.084983826, 103.584213257, 104.071838379, 104.571060181, 105.070289612, 105.569519043, 106.057144165, 106.556373596, 107.043991089, 107.531608582, 108.030838013, 108.530067444, 109.017684937, 109.516914368, 110.016143799, 110.503761292, 111.002990723, 111.502220154, 111.989837646, 112.489067078, 112.988296509, 113.475914001, 113.963539124, 114.462760925, 114.961990356, 115.449615479, 115.94884491, 116.448066711, 116.935691833, 117.423309326, 117.922538757, 118.421768188, 118.92099762, 119.420227051, 119.942672729, 120.453514099, 120.975959778, 121.498413086, 122.020858765, 122.531700134, 123.042533875, 123.530158997, 124.040992737, 124.528617859, 125.016235352, 125.503852844, 126.003082275, 126.502311707, 127.001541138, 127.500770569, 128, 128.499221802, 128.986846924, 129.474472046, 129.962081909, 130.449707031, 130.948928833, 131.448165894, 131.947387695, 132.469833374, 132.992294312, 133.51473999, 134.037185669, 134.559631348, 135.058868408, 135.55809021, 136.057327271, 136.556549072, 137.044174194, 137.543395996, 138.042633057, 138.53024292, 139.02947998, 139.528701782, 140.016326904, 140.503936768, 141.003173828, 141.50239563, 141.990020752, 142.477645874, 142.976867676, 143.476104736, 143.9637146, 144.46295166, 144.962173462, 145.449798584, 145.937408447, 146.436645508, 146.93586731, 147.423492432, 147.922714233, 148.421951294, 148.921173096, 149.420410156, 149.90802002, 150.40725708, 150.906478882, 151.394104004, 151.881713867, 152.369338989, 152.86857605, 153.367797852, 153.855422974, 154.354644775, 154.853881836, 155.341491699, 155.829116821, 156.328338623, 156.815963745, 157.315185547, 157.814422607, 158.313644409, 158.801269531, 159.312103271, 159.799728394, 160.287338257, 160.798187256, 161.285797119, 161.773422241, 162.261047363, 162.760269165, 163.259490967, 163.747116089, 164.246353149, 164.745574951, 165.233200073, 165.720809937, 166.220046997, 166.719268799, 167.206893921, 167.694503784, 168.182128906, 168.681350708, 169.180587769, 169.67980957, 170.179046631, 170.666656494, 171.165893555, 171.653518677, 172.152740479, 172.65196228, 173.151199341, 173.638824463, 174.149658203, 174.637283325, 175.124893188, 175.612518311, 176.111740112, 176.610977173, 177.098587036, 177.586212158, 178.08543396, 178.584671021, 179.072280884, 179.571517944, 180.070739746, 180.558364868, 181.05758667, 181.55682373, 182.044433594, 182.532058716, 183.031295776, 183.51890564, 184.0181427, 184.517364502, 185.016601563, 185.527435303, 185.875732422, 186.235641479, 186.595550537, 186.967071533, 187.315368652, 187.640457153, 187.977142334, 188.313827515, 188.638900757, 188.963989258, 189.300674438, 189.637359619, 189.96244812, 190.287521362, 190.612609863, 190.949295044, 191.285980225, 191.611068726, 191.936141968, 192.26121521, 192.597915649, 192.922988892, 193.248062134, 193.584762573, 193.909835815, 194.234924316, 194.571609497, 194.908294678, 195.23336792, 195.558456421, 195.895141602, 196.231826782, 196.556915283, 196.893600464, 197.241897583, 197.590194702, 197.93850708, 198.286804199, 198.635101318, 198.983398438, 199.331695557, 199.679992676, 200.039901733, 200.399810791, 200.759719849]
