
metadata:
    version:
        essentia: "2.1-beta2"
    audio_properties:
        analysis_sample_rate: 44100
        bitrate: 320
        channels: 2
        equal_loudness: 1
        length: 245.002441406
        replay_gain: -14.7326984406
        downmix: "mix"
    tags:
        album: "Got Your Six (Deluxe Edition)"
        artist: "Five Finger Death Punch"
        comment: ""
        date: "2015"
        genre: "Heavy Metal"
        title: "I Apologize"
        tracknumber: "14"

configuration:
    average_loudness:
        compute: 1
        frameSize: 88200
        hopSize: 44100
        silentFrames: "noise"
        windowType: "hann"
    general:
        analysisSampleRate: 44100
        endTime: 2000
        equalLoudness: 1
        nequalLoudness: 0
        shortSound: 0
        startTime: 0
    lowlevel:
        compute: 1
        frameSize: 2048
        hopSize: 1024
        zeroPadding: 0
        silentFrames: "noise"
        windowType: "blackmanharris62"
        mfccStats: ["mean", "cov", "icov"]
        stats: ["mean", "var", "median", "min", "max", "dmean", "dmean2", "dvar", "dvar2"]
    panning:
        compute: 0
        frameSize: 8192
        hopSize: 2048
        zeroPadding: 8192
        silentFrames: "noise"
        windowType: "hann"
        stats: ["copy"]
    rhythm:
        compute: 1
        maxTempo: 208
        minTempo: 40
        method: "degara"
        stats: ["mean", "var", "median", "min", "max", "dmean", "dmean2", "dvar", "dvar2"]
    segmentation:
        compute: 0
        cpw: 5
        inc1: 300
        inc2: 50
        minimumSegmentsLength: 10
        size1: 1000
        size2: 600
    sfx:
        compute: 1
        stats: ["mean", "var", "median", "min", "max", "dmean", "dmean2", "dvar", "dvar2"]
    svm:
        compute: 0
    tonal:
        compute: 1
        frameSize: 4096
        hopSize: 2048
        zeroPadding: 0
        silentFrames: "noise"
        windowType: "blackmanharris62"
        stats: ["mean", "var", "median", "min", "max", "dmean", "dmean2", "dvar", "dvar2"]

lowlevel:
    average_loudness: 0.748005926609
    barkbands_kurtosis:
        dmean: 1.02711164951
        dmean2: 1.68643546104
        dvar: 4.6489033699
        dvar2: 12.9544610977
        max: 100.30569458
        mean: 0.331523358822
        median: -0.925433695316
        min: -1.86612725258
        var: 20.834400177
    barkbands_skewness:
        dmean: 0.449622154236
        dmean2: 0.720933198929
        dvar: 0.214035719633
        dvar2: 0.552764713764
        max: 6.74649429321
        mean: 0.16464073956
        median: 0.0522138997912
        min: -3.74851322174
        var: 1.1660399437
    barkbands_spread:
        dmean: 5.79933214188
        dmean2: 9.35748195648
        dvar: 36.7496871948
        dvar2: 95.0893783569
        max: 84.464515686
        mean: 31.3978424072
        median: 31.2288379669
        min: 1.05291604996
        var: 157.444747925
    dissonance:
        dmean: 0.014066693373
        dmean2: 0.0237634144723
        dvar: 0.000281968212221
        dvar2: 0.000749239232391
        max: 0.500000119209
        mean: 0.474275261164
        median: 0.482772409916
        min: 0.218914672732
        var: 0.000769828329794
    hfc:
        dmean: 2.25581765175
        dmean2: 3.69035959244
        dvar: 10.2456827164
        dvar2: 27.000459671
        max: 64.9213867188
        mean: 8.30047893524
        median: 7.32584571838
        min: 1.23507382817e-016
        var: 48.8728218079
    pitch:
        dmean: 697.768127441
        dmean2: 1335.34106445
        dvar: 1426949.375
        dvar2: 3586433.25
        max: 4770.73681641
        mean: 1275.27416992
        median: 391.200134277
        min: 58.3813667297
        var: 2206364.75
    pitch_instantaneous_confidence:
        dmean: 0.0812667459249
        dmean2: 0.13178986311
        dvar: 0.00537860346958
        dvar2: 0.013131622225
        max: 0.957579672337
        mean: 0.397531032562
        median: 0.352084219456
        min: 0.100525438786
        var: 0.0268953647465
    pitch_salience:
        dmean: 0.0691313520074
        dmean2: 0.116965770721
        dvar: 0.00460437964648
        dvar2: 0.0129820639268
        max: 0.911287784576
        mean: 0.635442435741
        median: 0.648325443268
        min: 0.0510867759585
        var: 0.0103609375656
    silence_rate_20dB:
        dmean: 0
        dmean2: 0
        dvar: 0
        dvar2: 0
        max: 1
        mean: 1
        median: 1
        min: 1
        var: 0
    silence_rate_30dB:
        dmean: 0
        dmean2: 0
        dvar: 0
        dvar2: 0
        max: 1
        mean: 1
        median: 1
        min: 1
        var: 0
    silence_rate_60dB:
        dmean: 0.0924943163991
        dmean2: 0.185006156564
        dvar: 0.0839316993952
        dvar2: 0.182789057493
        max: 1
        mean: 0.34644177556
        median: 0
        min: 0
        var: 0.226410523057
    spectral_centroid:
        dmean: 303.397216797
        dmean2: 494.377349854
        dvar: 115117.039063
        dvar2: 285183.75
        max: 10900.9570313
        mean: 1715.91394043
        median: 1742.20703125
        min: 133.22215271
        var: 567997.4375
    spectral_complexity:
        dmean: 3.70697498322
        dmean2: 6.06141614914
        dvar: 17.4529018402
        dvar2: 43.6474380493
        max: 50
        mean: 14.4358005524
        median: 14
        min: 0
        var: 90.1464004517
    spectral_crest:
        dmean: 2.16182279587
        dmean2: 3.58419823647
        dvar: 4.2713227272
        dvar2: 10.9432621002
        max: 24.0987472534
        mean: 7.24417972565
        median: 6.39568090439
        min: 2.37358951569
        var: 10.857665062
    spectral_decrease:
        dmean: 2.6872101766e-010
        dmean2: 4.29985963502e-010
        dvar: 1.39291088848e-019
        dvar2: 3.56817100976e-019
        max: 3.10723639067e-029
        mean: -9.92820492485e-010
        median: -9.68021662828e-010
        min: -4.45370096358e-009
        var: 4.00710845645e-019
    spectral_energy:
        dmean: 0.00117282569408
        dmean2: 0.00187664013356
        dvar: 2.53113648796e-006
        dvar2: 6.46033549856e-006
        max: 0.0216017346829
        mean: 0.00450002169237
        median: 0.00433366233483
        min: 1.10852089475e-020
        var: 8.58860948938e-006
    spectral_energyband_high:
        dmean: 0.000164663259056
        dmean2: 0.000276227423456
        dvar: 7.11473120418e-008
        dvar2: 1.90937896605e-007
        max: 0.00602525752038
        mean: 0.000399098644266
        median: 0.000320821738569
        min: 8.45126231319e-021
        var: 1.48638292785e-007
    spectral_energyband_low:
        dmean: 0.000268754141871
        dmean2: 0.000455765257357
        dvar: 1.5613605342e-007
        dvar2: 4.31989235494e-007
        max: 0.00380241218954
        mean: 0.000417157600168
        median: 0.000269440672128
        min: 2.28282178029e-023
        var: 1.93272583715e-007
    spectral_energyband_middle_high:
        dmean: 0.000674127542879
        dmean2: 0.00108064408414
        dvar: 8.5895516122e-007
        dvar2: 2.21977325054e-006
        max: 0.020775379613
        mean: 0.00236338819377
        median: 0.00194236857351
        min: 1.28195748553e-021
        var: 4.55638155472e-006
    spectral_energyband_middle_low:
        dmean: 0.000697310897522
        dmean2: 0.00113760575186
        dvar: 1.54535928232e-006
        dvar2: 4.03868807552e-006
        max: 0.0146273253486
        mean: 0.00148261501454
        median: 0.00113454042003
        min: 3.18867069465e-022
        var: 2.07337575375e-006
    spectral_flatness_db:
        dmean: 0.0150385750458
        dmean2: 0.0241788327694
        dvar: 0.000219675261178
        dvar2: 0.000550448021386
        max: 0.433247357607
        mean: 0.132974237204
        median: 0.119770504534
        min: 0.0608926080167
        var: 0.00237331842072
    spectral_flux:
        dmean: 0.00796704553068
        dmean2: 0.0123295197263
        dvar: 9.20038437471e-005
        dvar2: 0.000188526537386
        max: 0.12479827553
        mean: 0.0394838787615
        median: 0.040307931602
        min: 1.05286321328e-010
        var: 0.000367188622477
    spectral_kurtosis:
        dmean: 0.968403935432
        dmean2: 1.60482823849
        dvar: 6.62885427475
        dvar2: 22.1255531311
        max: 128.588821411
        mean: 3.94896554947
        median: 2.81069540977
        min: -1.15696918964
        var: 56.0069770813
    spectral_rms:
        dmean: 0.000258965184912
        dmean2: 0.000404842285207
        dvar: 9.46656584233e-008
        dvar2: 2.2484657336e-007
        max: 0.00459073670208
        mean: 0.00194980448578
        median: 0.00205620122142
        min: 3.28859205492e-012
        var: 5.88532429902e-007
    spectral_rolloff:
        dmean: 431.954406738
        dmean2: 716.398803711
        dvar: 390179.625
        dvar2: 968732.625
        max: 18690.8203125
        mean: 3157.94189453
        median: 3488.37890625
        min: 129.19921875
        var: 1427844.375
    spectral_skewness:
        dmean: 0.153224125504
        dmean2: 0.24396584928
        dvar: 0.0422254651785
        dvar2: 0.125542744994
        max: 9.23752212524
        mean: 1.49204325676
        median: 1.39627313614
        min: -0.00460721412674
        var: 0.469547003508
    spectral_spread:
        dmean: 538363.875
        dmean2: 758678.625
        dvar: 403419529216
        dvar2: 669815275520
        max: 37860740
        mean: 6084381
        median: 5816160
        min: 774208.1875
        var: 3.80926322278e+012
    spectral_strongpeak:
        dmean: 0.43195694685
        dmean2: 0.734462499619
        dvar: 0.642997205257
        dvar2: 1.71661829948
        max: 17.285528183
        mean: 0.706628620625
        median: 0.353014051914
        min: 6.40222364012e-009
        var: 1.16295552254
    zerocrossingrate:
        dmean: 0.00897776708007
        dmean2: 0.0106812389567
        dvar: 9.32203911361e-005
        dvar2: 0.000110543260234
        max: 0.4892578125
        mean: 0.0984317287803
        median: 0.1015625
        min: 0.00439453125
        var: 0.00121412205044
    barkbands:
        dmean: [3.79082450763e-007, 9.10253438633e-005, 0.000144982375787, 0.000214326821151, 0.000242074616835, 0.000154569454025, 0.000137674738653, 0.000109871572931, 0.000127731458633, 0.000153520319145, 7.3282593803e-005, 7.19177551218e-005, 5.25344621565e-005, 5.04935851495e-005, 8.46711845952e-005, 0.000146715596202, 0.000172738771653, 0.000167733698618, 0.000209105288377, 0.000173983120476, 9.14225238375e-005, 2.88514947897e-005, 8.46987404657e-006, 4.92993876833e-006, 2.36238588514e-006, 1.2364570523e-007, 6.27054574931e-010]
        dmean2: [5.83009011734e-007, 0.000159809220349, 0.000246118055657, 0.000368478882592, 0.000423089339165, 0.000242863156018, 0.000217732682358, 0.000172155283508, 0.000205288728466, 0.000244898576057, 0.000117460571346, 0.000114304646559, 8.70979638421e-005, 8.24237940833e-005, 0.00014008472499, 0.000247296702582, 0.000289737974526, 0.000288179639028, 0.000341822160408, 0.000288452429231, 0.00015428950428, 4.83684052597e-005, 1.36411890708e-005, 7.64805008657e-006, 3.53792006536e-006, 1.8695828885e-007, 9.93648052727e-010]
        dvar: [4.24551696966e-013, 2.35272477056e-008, 5.46409246738e-008, 3.26369701042e-007, 3.71865667148e-007, 1.61777862218e-007, 1.46476835994e-007, 7.04936269358e-008, 6.97830060403e-008, 1.13891935882e-007, 2.77161582574e-008, 2.15834727868e-008, 1.17811156386e-008, 1.12019531429e-008, 5.91418292117e-008, 1.67736075696e-007, 1.14712804589e-007, 7.03889995179e-008, 1.52690304844e-007, 1.37256108701e-007, 2.2280776335e-008, 2.65758970386e-009, 1.89604526524e-010, 1.05965534958e-010, 1.74509452028e-011, 4.68997670561e-014, 1.10797379233e-018]
        dvar2: [9.13219803597e-013, 6.86668641947e-008, 1.48837841607e-007, 8.82933591129e-007, 1.01601153801e-006, 3.84752382843e-007, 3.58661338851e-007, 1.58320148103e-007, 1.67448234834e-007, 2.85176838588e-007, 6.68730422149e-008, 5.17130622768e-008, 3.05526342004e-008, 2.84139414219e-008, 1.69178747456e-007, 4.84600207074e-007, 3.22494571492e-007, 1.99851953653e-007, 3.86239150885e-007, 3.59090591928e-007, 5.64753648291e-008, 7.2621531011e-009, 4.47849035634e-010, 2.08561959369e-010, 3.38968055014e-011, 1.00499774789e-013, 2.56221634921e-018]
        max: [6.65731568006e-006, 0.00154025480151, 0.003263306804, 0.00709289778024, 0.00837269984186, 0.00840281508863, 0.00903407391161, 0.00599372014403, 0.00616559619084, 0.0071969255805, 0.00362168275751, 0.0027487881016, 0.00352037558332, 0.00229507568292, 0.00865636672825, 0.0145130651072, 0.0129867177457, 0.00710340123624, 0.0108677949756, 0.0108357248828, 0.00511338422075, 0.000885431771167, 0.0002584385511, 0.000232928010519, 8.86289708433e-005, 5.52854044145e-006, 2.04860981512e-008]
        mean: [5.36989603006e-007, 0.000115158771223, 0.000196465669433, 0.00023071571195, 0.000313333235681, 0.000242179186898, 0.00021241644572, 0.00018387149612, 0.00020325218793, 0.000263505760813, 0.000118847063277, 0.000117761032016, 8.30739008961e-005, 8.52787416079e-005, 0.000147555110743, 0.000260170549154, 0.000321245199302, 0.000317613390507, 0.00045168492943, 0.000358828925528, 0.000183203927008, 5.78542640142e-005, 1.79515591299e-005, 1.13238775157e-005, 5.88282273384e-006, 2.99364103284e-007, 1.13421094738e-009]
        median: [2.03105216201e-007, 7.2168521001e-005, 9.96756134555e-005, 9.38792290981e-005, 0.000167916034115, 8.68708229973e-005, 5.96519457758e-005, 4.10300926887e-005, 7.38640592317e-005, 7.29719904484e-005, 3.8342368498e-005, 4.30882319051e-005, 3.94075068471e-005, 3.62941464118e-005, 5.63592184335e-005, 0.000128694809973, 0.000221001537284, 0.000238261491177, 0.000317960104439, 0.000231916317716, 0.000125389604364, 3.83524675271e-005, 1.09732609417e-005, 6.6804996095e-006, 4.10086795455e-006, 1.87234135751e-007, 6.65826116464e-010]
        min: [8.19566724311e-025, 1.29212276609e-023, 3.52560358445e-024, 1.52970589818e-023, 4.50269025153e-023, 3.41134410319e-023, 1.99399503266e-023, 7.12119064857e-023, 1.1432318651e-022, 4.68435355841e-023, 6.29274470313e-023, 4.75604618411e-023, 1.82863688116e-022, 7.50584490575e-023, 6.9159082151e-023, 1.61939297755e-022, 1.54050070236e-022, 2.55809567669e-022, 1.75411640999e-022, 3.12050023823e-022, 6.46716197549e-022, 5.45730793545e-022, 5.38022423432e-022, 1.32787580402e-021, 9.93578817202e-022, 2.00812957099e-021, 2.34676592388e-021]
        var: [6.85330590021e-013, 2.13811404137e-008, 7.15891204095e-008, 2.69781907036e-007, 3.23370954902e-007, 2.61152052872e-007, 2.38946199715e-007, 1.86015469694e-007, 1.41336030879e-007, 2.84580323751e-007, 5.59330715078e-008, 4.64199274575e-008, 2.01304963809e-008, 2.22959535279e-008, 1.14625066772e-007, 2.53831899499e-007, 1.85588504564e-007, 1.46616727648e-007, 3.32143827109e-007, 3.41527908176e-007, 4.83562843101e-008, 4.34213021094e-009, 5.10435471668e-010, 3.2068681044e-010, 5.73579621299e-011, 1.20196319803e-013, 2.09939432083e-018]
    frequency_bands:
        dmean: [3.79082450763e-007, 9.10253438633e-005, 0.000144982375787, 0.000214326821151, 0.000242074616835, 0.000154569454025, 0.000137674738653, 0.000109871572931, 0.000127731458633, 0.000153520319145, 7.3282593803e-005, 7.19177551218e-005, 5.25344621565e-005, 5.04935851495e-005, 8.46711845952e-005, 0.000146715596202, 0.000172738771653, 0.000167733698618, 0.000209105288377, 0.000173983120476, 9.14225238375e-005, 2.88514947897e-005, 8.46987404657e-006, 4.92993876833e-006, 2.36238588514e-006, 1.2364570523e-007, 6.27054574931e-010, 5.16316780996e-011]
        dmean2: [5.83009011734e-007, 0.000159809220349, 0.000246118055657, 0.000368478882592, 0.000423089339165, 0.000242863156018, 0.000217732682358, 0.000172155283508, 0.000205288728466, 0.000244898576057, 0.000117460571346, 0.000114304646559, 8.70979638421e-005, 8.24237940833e-005, 0.00014008472499, 0.000247296702582, 0.000289737974526, 0.000288179639028, 0.000341822160408, 0.000288452429231, 0.00015428950428, 4.83684052597e-005, 1.36411890708e-005, 7.64805008657e-006, 3.53792006536e-006, 1.8695828885e-007, 9.93648052727e-010, 9.5735079586e-011]
        dvar: [4.24551696966e-013, 2.35272477056e-008, 5.46409246738e-008, 3.26369701042e-007, 3.71865667148e-007, 1.61777862218e-007, 1.46476835994e-007, 7.04936269358e-008, 6.97830060403e-008, 1.13891935882e-007, 2.77161582574e-008, 2.15834727868e-008, 1.17811156386e-008, 1.12019531429e-008, 5.91418292117e-008, 1.67736075696e-007, 1.14712804589e-007, 7.03889995179e-008, 1.52690304844e-007, 1.37256108701e-007, 2.2280776335e-008, 2.65758970386e-009, 1.89604526524e-010, 1.05965534958e-010, 1.74509452028e-011, 4.68997670561e-014, 1.10797379233e-018, 6.51785768611e-021]
        dvar2: [9.13219803597e-013, 6.86668641947e-008, 1.48837841607e-007, 8.82933591129e-007, 1.01601153801e-006, 3.84752382843e-007, 3.58661338851e-007, 1.58320148103e-007, 1.67448234834e-007, 2.85176838588e-007, 6.68730422149e-008, 5.17130622768e-008, 3.05526342004e-008, 2.84139414219e-008, 1.69178747456e-007, 4.84600207074e-007, 3.22494571492e-007, 1.99851953653e-007, 3.86239150885e-007, 3.59090591928e-007, 5.64753648291e-008, 7.2621531011e-009, 4.47849035634e-010, 2.08561959369e-010, 3.38968055014e-011, 1.00499774789e-013, 2.56221634921e-018, 2.0940573192e-020]
        max: [6.65731568006e-006, 0.00154025480151, 0.003263306804, 0.00709289778024, 0.00837269984186, 0.00840281508863, 0.00903407391161, 0.00599372014403, 0.00616559619084, 0.0071969255805, 0.00362168275751, 0.0027487881016, 0.00352037558332, 0.00229507568292, 0.00865636672825, 0.0145130651072, 0.0129867177457, 0.00710340123624, 0.0108677949756, 0.0108357248828, 0.00511338422075, 0.000885431771167, 0.0002584385511, 0.000232928010519, 8.86289708433e-005, 5.52854044145e-006, 2.04860981512e-008, 1.24536436719e-009]
        mean: [5.36989603006e-007, 0.000115158771223, 0.000196465669433, 0.00023071571195, 0.000313333235681, 0.000242179186898, 0.00021241644572, 0.00018387149612, 0.00020325218793, 0.000263505760813, 0.000118847063277, 0.000117761032016, 8.30739008961e-005, 8.52787416079e-005, 0.000147555110743, 0.000260170549154, 0.000321245199302, 0.000317613390507, 0.00045168492943, 0.000358828925528, 0.000183203927008, 5.78542640142e-005, 1.79515591299e-005, 1.13238775157e-005, 5.88282273384e-006, 2.99364103284e-007, 1.13421094738e-009, 4.0352329117e-011]
        median: [2.03105216201e-007, 7.2168521001e-005, 9.96756134555e-005, 9.38792290981e-005, 0.000167916034115, 8.68708229973e-005, 5.96519457758e-005, 4.10300926887e-005, 7.38640592317e-005, 7.29719904484e-005, 3.8342368498e-005, 4.30882319051e-005, 3.94075068471e-005, 3.62941464118e-005, 5.63592184335e-005, 0.000128694809973, 0.000221001537284, 0.000238261491177, 0.000317960104439, 0.000231916317716, 0.000125389604364, 3.83524675271e-005, 1.09732609417e-005, 6.6804996095e-006, 4.10086795455e-006, 1.87234135751e-007, 6.65826116464e-010, 1.38504711172e-011]
        min: [8.19566724311e-025, 1.29212276609e-023, 3.52560358445e-024, 1.52970589818e-023, 4.50269025153e-023, 3.41134410319e-023, 1.99399503266e-023, 7.12119064857e-023, 1.1432318651e-022, 4.68435355841e-023, 6.29274470313e-023, 4.75604618411e-023, 1.82863688116e-022, 7.50584490575e-023, 6.9159082151e-023, 1.61939297755e-022, 1.54050070236e-022, 2.55809567669e-022, 1.75411640999e-022, 3.12050023823e-022, 6.46716197549e-022, 5.45730793545e-022, 5.38022423432e-022, 1.32787580402e-021, 9.93578817202e-022, 2.00812957099e-021, 2.34676592388e-021, 8.17541514841e-022]
        var: [6.85330590021e-013, 2.13811404137e-008, 7.15891204095e-008, 2.69781907036e-007, 3.23370954902e-007, 2.61152052872e-007, 2.38946199715e-007, 1.86015469694e-007, 1.41336030879e-007, 2.84580323751e-007, 5.59330715078e-008, 4.64199274575e-008, 2.01304963809e-008, 2.22959535279e-008, 1.14625066772e-007, 2.53831899499e-007, 1.85588504564e-007, 1.46616727648e-007, 3.32143827109e-007, 3.41527908176e-007, 4.83562843101e-008, 4.34213021094e-009, 5.10435471668e-010, 3.2068681044e-010, 5.73579621299e-011, 1.20196319803e-013, 2.09939432083e-018, 5.05995589545e-021]
    mfcc:
        mean: [-713.419311523, 86.4952163696, -32.1437339783, 43.8682365417, -8.16990470886, -6.7294254303, 3.44401836395, 1.00437736511, 0.699077069759, -4.23386478424, -4.38691663742, -4.15531539917, -2.18578362465]
        cov: [[9964.67773438, 328.090332031, -1242.85461426, 640.307067871, -349.345275879, -174.545822144, -52.763671875, 102.592071533, 193.771636963, -5.79246139526, -88.5444030762, -46.8075942993, -55.9749679565], [328.090332031, 1036.51574707, 30.7175064087, 94.0082321167, -3.5382707119, -28.8077754974, 89.7694778442, 30.0480117798, -25.7483615875, -36.946975708, 24.0011253357, 7.98952007294, 33.8028450012], [-1242.85461426, 30.7175064087, 706.945739746, -10.2794857025, 130.693481445, 91.2310256958, 21.076499939, 0.139498233795, -64.512550354, -15.7894678116, 27.5061073303, 34.782409668, 32.2403640747], [640.307067871, 94.0082321167, -10.2794857025, 289.198394775, 113.427528381, 44.2168731689, 17.4842510223, -18.5780239105, 33.3959693909, 15.7772817612, -11.9577608109, -9.83419895172, 0.666251301765], [-349.345275879, -3.5382707119, 130.693481445, 113.427528381, 281.904602051, 81.7346038818, -28.8897953033, -61.866607666, 0.316358149052, 43.5813102722, -5.23518228531, -4.78841972351, 8.43724727631], [-174.545822144, -28.8077754974, 91.2310256958, 44.2168731689, 81.7346038818, 132.727615356, 29.0514068604, 3.28052330017, 13.1692094803, 13.0563240051, 9.61218833923, -4.38899707794, -1.75227761269], [-52.763671875, 89.7694778442, 21.076499939, 17.4842510223, -28.8897953033, 29.0514068604, 173.904525757, 83.4663314819, 20.5566711426, -1.5718909502, 11.9828243256, 12.3294324875, -18.7054786682], [102.592071533, 30.0480117798, 0.139498233795, -18.5780239105, -61.866607666, 3.28052330017, 83.4663314819, 130.828262329, 38.9347229004, -8.03929424286, 7.88915777206, 9.30599975586, -4.82517051697], [193.771636963, -25.7483615875, -64.512550354, 33.3959693909, 0.316358149052, 13.1692094803, 20.5566711426, 38.9347229004, 90.3700714111, 34.4461784363, 0.587976574898, 0.260021924973, -5.42332553864], [-5.79246139526, -36.946975708, -15.7894678116, 15.7772817612, 43.5813102722, 13.0563240051, -1.5718909502, -8.03929424286, 34.4461784363, 94.7535095215, 31.526052475, -0.0383106172085, 0.858399748802], [-88.5444030762, 24.0011253357, 27.5061073303, -11.9577608109, -5.23518228531, 9.61218833923, 11.9828243256, 7.88915777206, 0.587976574898, 31.526052475, 74.7015914917, 25.338218689, 9.1810541153], [-46.8075942993, 7.98952007294, 34.782409668, -9.83419895172, -4.78841972351, -4.38899707794, 12.3294324875, 9.30599975586, 0.260021924973, -0.0383106172085, 25.338218689, 65.9568710327, 28.3075370789], [-55.9749679565, 33.8028450012, 32.2403640747, 0.666251301765, 8.43724727631, -1.75227761269, -18.7054786682, -4.82517051697, -5.42332553864, 0.858399748802, 9.1810541153, 28.3075370789, 74.685874939]]
        icov: [[0.000182690215297, -4.22574448748e-005, 0.000253403850365, -0.000540935609024, 0.000319353654049, -2.97782880807e-005, 0.000294451339869, -0.000268633681117, 8.0592566519e-005, -0.000115727016237, 0.000154649227625, -0.000191905259271, 0.000132006403874], [-4.22574448748e-005, 0.00117302732542, -7.2851900768e-005, -0.000320388789987, -0.000223464609007, 0.00066284724744, -0.000875193451066, 9.92224668153e-005, 0.00023494414927, 0.000707176746801, -0.000851398159284, 0.000685995037202, -0.000846679206006], [0.000253403850365, -7.2851900768e-005, 0.00230598519556, -0.000429230072768, -0.000528487667907, -0.00106255477294, 0.000368285662262, -0.00113716477063, 0.00173031154554, 0.00016980516375, -0.000166583078681, -0.000963225029409, -0.000205925127375], [-0.000540935609024, -0.000320388789987, -0.000429230072768, 0.00639113644138, -0.0028440868482, -0.000362453924026, -0.00174732645974, 0.00188789376989, -0.00242992839776, 0.00113692646846, -0.00015412758512, 0.00103240029421, -0.000696869159583], [0.000319353654049, -0.000223464609007, -0.000528487667907, -0.0028440868482, 0.00726849352941, -0.00307559990324, 0.00137298030313, 0.00153683323879, 0.000748346268665, -0.00358217651956, 0.00257869926281, -0.0011996201938, 0.000377072574338], [-2.97782880807e-005, 0.00066284724744, -0.00106255477294, -0.000362453924026, -0.00307559990324, 0.0112846558914, -0.00261630257592, 0.000504582654685, -0.00234595453367, 0.00179038813803, -0.00279666739516, 0.00276356795803, -0.000765453442], [0.000294451339869, -0.000875193451066, 0.000368285662262, -0.00174732645974, 0.00137298030313, -0.00261630257592, 0.0106219314039, -0.00662340316921, 0.00167277513538, -0.00158267479856, 0.000936772848945, -0.00323829962872, 0.00374120706692], [-0.000268633681117, 9.92224668153e-005, -0.00113716477063, 0.00188789376989, 0.00153683323879, 0.000504582654685, -0.00662340316921, 0.015409514308, -0.00741414306685, 0.00320245767944, -0.0016661620466, 0.00116332690232, -0.00140857871156], [8.0592566519e-005, 0.00023494414927, 0.00173031154554, -0.00242992839776, 0.000748346268665, -0.00234595453367, 0.00167277513538, -0.00741414306685, 0.0194251071662, -0.00822100881487, 0.00395491020754, -0.00267009693198, 0.00106007303111], [-0.000115727016237, 0.000707176746801, 0.00016980516375, 0.00113692646846, -0.00358217651956, 0.00179038813803, -0.00158267479856, 0.00320245767944, -0.00822100881487, 0.0185595564544, -0.00976604688913, 0.00399214867502, -0.00135591626167], [0.000154649227625, -0.000851398159284, -0.000166583078681, -0.00015412758512, 0.00257869926281, -0.00279666739516, 0.000936772848945, -0.0016661620466, 0.00395491020754, -0.00976604688913, 0.0212246850133, -0.00840254127979, 0.00131962529849], [-0.000191905259271, 0.000685995037202, -0.000963225029409, 0.00103240029421, -0.0011996201938, 0.00276356795803, -0.00323829962872, 0.00116332690232, -0.00267009693198, 0.00399214867502, -0.00840254127979, 0.023040773347, -0.00852304790169], [0.000132006403874, -0.000846679206006, -0.000205925127375, -0.000696869159583, 0.000377072574338, -0.000765453442, 0.00374120706692, -0.00140857871156, 0.00106007303111, -0.00135591626167, 0.00131962529849, -0.00852304790169, 0.0179128684103]]
    sccoeffs:
        dmean: [0.0547417551279, 0.0488601215184, 0.0381141342223, 0.0278680063784, 0.0209805462509, 0.0160878729075]
        dmean2: [0.0912370532751, 0.079400382936, 0.0626765862107, 0.0460036695004, 0.0346319936216, 0.0255407579243]
        dvar: [0.00220479210839, 0.00168543355539, 0.000968501030002, 0.000532614067197, 0.00031086691888, 0.000197120083612]
        dvar2: [0.00598821789026, 0.00427764141932, 0.00247814459726, 0.00137549999636, 0.000798721739557, 0.000482074683532]
        max: [-0.216582551599, -0.431905090809, -0.483184367418, -0.546125233173, -0.571207880974, -0.610172986984]
        mean: [-0.678300857544, -0.744083583355, -0.779966950417, -0.798895776272, -0.799541056156, -0.786263465881]
        median: [-0.683660328388, -0.752655446529, -0.788144350052, -0.806555867195, -0.80199855566, -0.785801112652]
        min: [-0.976652681828, -0.968092501163, -0.969940662384, -0.966288506985, -0.947814285755, -0.96295529604]
        var: [0.00560948671773, 0.00640426017344, 0.00420666672289, 0.00271088513546, 0.00184864446055, 0.00159504532348]
    scvalleys:
        dmean: [0.381310045719, 0.364293336868, 0.3011457026, 0.256580024958, 0.245770394802, 0.229972437024]
        dmean2: [0.644783556461, 0.601047635078, 0.487017244101, 0.409040480852, 0.391933977604, 0.339998245239]
        dvar: [0.111089713871, 0.104867517948, 0.0757238790393, 0.0596080198884, 0.0910890698433, 0.0923429876566]
        dvar2: [0.278016835451, 0.261057168245, 0.167815312743, 0.127090096474, 0.20313487947, 0.184801310301]
        max: [-5.32437562943, -4.86682081223, -5.03296709061, -5.69779539108, -5.46599388123, -7.45942258835]
        mean: [-7.09199237823, -7.0017914772, -7.19491767883, -7.5184135437, -7.25449371338, -9.38551998138]
        median: [-6.63125991821, -6.66221475601, -6.83558607101, -7.05694246292, -6.70126247406, -8.91422557831]
        min: [-27.5675449371, -27.3905982971, -27.580953598, -27.1135044098, -27.5264053345, -27.1642417908]
        var: [3.36138796806, 2.79756140709, 2.98977136612, 2.99271273613, 3.10319948196, 3.04767918587]

rhythm:
    beats_loudness:
        dmean: 0.00194103154354
        dmean2: 0.00342056783848
        dvar: 2.83270946966e-006
        dvar2: 8.38151936478e-006
        max: 0.0144357662648
        mean: 0.00532011594623
        median: 0.0053984252736
        min: 5.25192649786e-012
        var: 7.05041156834e-006
    bpm: 155.612792969
    bpm_confidence: 0
    first_peak_bpm: 157
    first_peak_spread: 0.0650685057044
    first_peak_weight: 0.475609749556
    onset_rate: 2.88976716995
    second_peak_bpm: 117
    second_peak_spread: 0.236024841666
    second_peak_weight: 0.214285716414
    beats_loudness_band_ratio:
        dmean: [0.185212090611, 0.104027196765, 0.110702209175, 0.0938977748156, 0.100582122803, 0.0811802595854]
        dmean2: [0.323850154877, 0.182548165321, 0.191257089376, 0.172665268183, 0.170482069254, 0.142036497593]
        dvar: [0.0212225541472, 0.0159363728017, 0.0128794582561, 0.0132044022903, 0.0104211196303, 0.0063848933205]
        dvar2: [0.0611956454813, 0.0443842448294, 0.0364592522383, 0.0389811657369, 0.029723206535, 0.0185247827321]
        max: [0.889424622059, 0.791450023651, 0.839782059193, 0.702053308487, 0.718298614025, 0.64895606041]
        mean: [0.277142107487, 0.130261927843, 0.138436034322, 0.103216484189, 0.198837608099, 0.181375786662]
        median: [0.231387004256, 0.0840496122837, 0.090643145144, 0.0660851970315, 0.17583322525, 0.167206734419]
        min: [0, 0, 0, 0, 0, 0]
        var: [0.0459078513086, 0.0181743912399, 0.0156552232802, 0.0110182994977, 0.0190530139953, 0.0119476933032]
    beats_position: [0.394739210606, 0.801088392735, 1.20743763447, 1.60217678547, 1.99691605568, 2.39165520668, 2.77478456497, 3.15791368484, 3.55265307426, 3.93578219414, 4.31891155243, 4.71365070343, 5.0967798233, 5.47990942001, 5.86303853989, 6.24616765976, 6.62929677963, 7.01242637634, 7.39555549622, 7.77868461609, 8.16181373596, 8.54494285583, 8.93968200684, 9.32281208038, 9.70594120026, 10.1006803513, 10.4838094711, 10.866938591, 11.2500677109, 11.6331968307, 12.0163259506, 12.3994560242, 12.782585144, 13.1657142639, 13.5488433838, 13.9319725037, 14.3267116547, 14.7098407745, 15.0929698944, 15.4760990143, 15.8592290878, 16.2539672852, 16.637096405, 17.0202255249, 17.4033565521, 17.786485672, 18.1696147919, 18.5527439117, 18.9358730316, 19.3190021515, 19.7021312714, 20.0852603912, 20.4799995422, 20.8631286621, 21.246257782, 21.6293869019, 22.0125160217, 22.4072551727, 22.7903842926, 23.1735134125, 23.5566444397, 23.9397735596, 24.3345127106, 24.7060317993, 25.0891609192, 25.4722900391, 25.8554191589, 26.2385482788, 26.6216773987, 27.0048065186, 27.3995456696, 27.7826747894, 28.1658039093, 28.5605430603, 28.9436721802, 29.3268013, 29.7099323273, 30.0930614471, 30.476190567, 30.8593196869, 31.2424488068, 31.6255779266, 32.0087051392, 32.391834259, 32.7749671936, 33.1580963135, 33.5528335571, 33.935962677, 34.3190917969, 34.7022209167, 35.0853500366, 35.480091095, 35.8632202148, 36.2463493347, 36.6294784546, 37.0126075745, 37.3957366943, 37.7788658142, 38.1619949341, 38.545124054, 38.9282531738, 39.3113822937, 39.7061233521, 40.0892524719, 40.4723815918, 40.8671188354, 41.2502479553, 41.6333770752, 42.0165061951, 42.3996353149, 42.7827644348, 43.1658935547, 43.5490226746, 43.9321517944, 44.3268928528, 44.7216300964, 45.1163711548, 45.4995002747, 45.8826293945, 46.2541503906, 46.6372795105, 47.0204086304, 47.4035377502, 47.7866668701, 48.16979599, 48.5529251099, 48.9360542297, 49.3191833496, 49.7023124695, 50.0854415894, 50.480178833, 50.8749198914, 51.269657135, 51.6643981934, 52.0359191895, 52.4074363708, 52.7905654907, 53.1736946106, 53.5568237305, 53.9399528503, 54.3346939087, 54.7178230286, 55.1009521484, 55.4840812683, 55.8672103882, 56.2619476318, 56.668296814, 57.0746459961, 57.4926071167, 58.0150566101, 58.5375061035, 59.0483436584, 59.5591812134, 60.0816307068, 60.6040802002, 61.1149177551, 61.6257591248, 62.1365966797, 62.6474380493, 63.1582756042, 63.6691131592, 64.1915664673, 64.714012146, 65.2248535156, 65.7356872559, 66.2465286255, 66.7573699951, 67.2682037354, 67.779045105, 68.2898864746, 68.8007278442, 69.3115615845, 69.8224029541, 70.3448486328, 70.8673019409, 71.3781356812, 71.8889770508, 72.3998184204, 72.91065979, 73.4214935303, 73.9323348999, 74.3154602051, 74.6985931396, 75.0933303833, 75.488067627, 75.8828125, 76.2659378052, 76.6490707397, 77.0321960449, 77.403717041, 77.7868499756, 78.1699752808, 78.5531082153, 78.9362335205, 79.3193664551, 79.7024917603, 80.0856246948, 80.46875, 80.8518829346, 81.2350082397, 81.6181411743, 82.012878418, 82.3960113525, 82.7907485962, 83.1854858398, 83.5686187744, 83.9517440796, 84.3348770142, 84.7180023193, 85.1011352539, 85.4958724976, 85.8789978027, 86.2505187988, 86.6336517334, 87.0167770386, 87.3999099731, 87.7830352783, 88.1661682129, 88.5609054565, 88.9556427002, 89.3271636963, 89.7102966309, 90.093421936, 90.4765548706, 90.8596801758, 91.2428131104, 91.6259384155, 92.0206756592, 92.4038085938, 92.7869338989, 93.1700668335, 93.5531921387, 93.9363250732, 94.3194503784, 94.7141952515, 95.0973205566, 95.4804534912, 95.8635787964, 96.246711731, 96.6298370361, 97.0129699707, 97.3960952759, 97.7792282104, 98.1739654541, 98.5454864502, 98.9286117554, 99.3117446899, 99.6948699951, 100.07800293, 100.472740173, 100.855873108, 101.250610352, 101.633743286, 102.016868591, 102.400001526, 102.783126831, 103.166259766, 103.549385071, 103.932518005, 104.315643311, 104.698776245, 105.08190155, 105.465034485, 105.859771729, 106.242897034, 106.626029968, 107.020767212, 107.403900146, 107.787025452, 108.170158386, 108.553283691, 108.936416626, 109.319541931, 109.702674866, 110.085800171, 110.480545044, 110.852058411, 111.235191345, 111.61831665, 112.013061523, 112.407798767, 112.802536011, 113.174057007, 113.557182312, 113.940315247, 114.323448181, 114.718185425, 115.112922668, 115.496055603, 115.890792847, 116.273918152, 116.645439148, 117.016960144, 117.400085449, 117.783218384, 118.166343689, 118.549476624, 118.944213867, 119.327346802, 119.710472107, 120.093605042, 120.476730347, 120.859863281, 121.242988586, 121.626121521, 122.020858765, 122.403991699, 122.787117004, 123.170249939, 123.553375244, 123.936508179, 124.319633484, 124.714370728, 125.097503662, 125.480628967, 125.863761902, 126.246894836, 126.630020142, 127.013153076, 127.396278381, 127.767799377, 128.150924683, 128.534057617, 128.905578613, 129.277099609, 129.811157227, 130.333602905, 130.844436646, 131.355285645, 131.866119385, 132.388565063, 132.911010742, 133.421859741, 133.932693481, 134.44354248, 134.954376221, 135.465209961, 135.97605896, 136.4868927, 136.99772644, 137.508575439, 138.031021118, 138.553466797, 139.064300537, 139.575149536, 140.085983276, 140.596817017, 141.130874634, 141.641723633, 142.152557373, 142.663391113, 143.174240112, 143.685073853, 144.195922852, 144.706756592, 145.217590332, 145.728439331, 146.262496948, 146.750106812, 147.260955811, 147.783401489, 148.305847168, 148.816680908, 149.327529907, 149.826751709, 150.349197388, 150.860046387, 151.370880127, 151.881713867, 152.392562866, 152.903396606, 153.414230347, 153.925079346, 154.447525024, 154.969970703, 155.480819702, 155.991653442, 156.502487183, 157.013336182, 157.524169922, 158.011795044, 158.47618103, 158.952194214, 159.312103271, 159.683624268, 160.078369141, 160.473098755, 160.856231689, 161.239364624, 161.622497559, 162.005615234, 162.37713623, 162.771881104, 163.166610718, 163.538131714, 163.932876587, 164.316009521, 164.699142456, 165.082260132, 165.465393066, 165.860137939, 166.254867554, 166.649612427, 167.032745361, 167.415863037, 167.798995972, 168.182128906, 168.565261841, 168.948379517, 169.331512451, 169.726257324, 170.109390259, 170.492507935, 170.875640869, 171.258773804, 171.641906738, 172.025024414, 172.408157349, 172.791290283, 173.174423218, 173.557540894, 173.940673828, 174.323806763, 174.706939697, 175.090057373, 175.473190308, 175.867935181, 176.262680054, 176.657409668, 177.040542603, 177.423675537, 177.806793213, 178.189926147, 178.561447144, 178.944580078, 179.327713013, 179.710830688, 180.093963623, 180.488708496, 180.871826172, 181.254959106, 181.638092041, 182.032836914, 182.427566528, 182.810699463, 183.193832397, 183.576965332, 183.960083008, 184.343215942, 184.726348877, 185.097869873, 185.480987549, 185.875732422, 186.270477295, 186.665206909, 187.059951782, 187.466293335, 187.872650146, 188.26739502, 188.789840698, 189.312286377, 189.823120117, 190.345581055, 190.868026733, 191.378860474, 191.889694214, 192.400543213, 192.911376953, 193.422225952, 193.933059692, 194.455505371, 194.97795105, 195.488800049, 195.999633789, 196.510467529, 197.021316528, 197.52053833, 198.042984009, 198.553833008, 199.064666748, 199.575500488, 200.086349487, 200.597183228, 201.108016968, 201.618865967, 202.129699707, 202.652145386, 203.174606323, 203.685440063, 204.196273804, 204.707122803, 205.217956543, 205.728790283, 206.239639282, 206.750473022, 207.261306763, 207.772155762, 208.282989502, 208.793823242, 209.304672241, 209.815505981, 210.33795166, 210.860397339, 211.371246338, 211.882080078, 212.392913818, 212.903762817, 213.426208496, 213.937042236, 214.447891235, 214.958724976, 215.481170654, 215.992019653, 216.502853394, 217.013687134, 217.524536133, 218.035369873, 218.546203613, 219.057052612, 219.567886353, 220.078720093, 220.60118103, 221.123626709, 221.634460449, 222.145309448, 222.656143188, 223.166976929, 223.677825928, 224.188659668, 224.699493408, 225.210342407, 225.732788086, 226.255233765, 226.766067505, 227.276916504, 227.787750244, 228.310195923, 228.84425354, 229.273834229, 229.680175781, 230.086532593, 230.481262207, 230.87600708, 231.259140015, 231.64225769, 232.025390625, 232.40852356, 232.791656494, 233.17477417, 233.59274292, 234.010696411, 234.428665161, 234.858230591, 235.299407959, 235.752197266, 236.204986572, 236.680999756, 237.145385742, 237.609786987, 238.016143799, 238.422485352, 238.840454102, 239.258407593, 239.676361084, 240.105941772, 240.523895264, 240.953460693, 241.383041382, 241.812606812, 242.242172241, 242.671737671, 243.101318359, 243.530883789, 243.960449219, 244.390014648]
