
metadata:
    version:
        essentia: "2.1-beta2"
    audio_properties:
        analysis_sample_rate: 44100
        bitrate: 224
        channels: 2
        equal_loudness: 1
        length: 183.588577271
        replay_gain: -16.0742454529
        downmix: "mix"
    tags:
        album: "The Way Of The Fist (UK Import)"
        artist: "Five Finger Death Punch"
        comment: "."
        date: "2009"
        genre: "Metal"
        title: "Can't Heal You"
        tracknumber: "10"

configuration:
    average_loudness:
        compute: 1
        frameSize: 88200
        hopSize: 44100
        silentFrames: "noise"
        windowType: "hann"
    general:
        analysisSampleRate: 44100
        endTime: 2000
        equalLoudness: 1
        nequalLoudness: 0
        shortSound: 0
        startTime: 0
    lowlevel:
        compute: 1
        frameSize: 2048
        hopSize: 1024
        zeroPadding: 0
        silentFrames: "noise"
        windowType: "blackmanharris62"
        mfccStats: ["mean", "cov", "icov"]
        stats: ["mean", "var", "median", "min", "max", "dmean", "dmean2", "dvar", "dvar2"]
    panning:
        compute: 0
        frameSize: 8192
        hopSize: 2048
        zeroPadding: 8192
        silentFrames: "noise"
        windowType: "hann"
        stats: ["copy"]
    rhythm:
        compute: 1
        maxTempo: 208
        minTempo: 40
        method: "degara"
        stats: ["mean", "var", "median", "min", "max", "dmean", "dmean2", "dvar", "dvar2"]
    segmentation:
        compute: 0
        cpw: 5
        inc1: 300
        inc2: 50
        minimumSegmentsLength: 10
        size1: 1000
        size2: 600
    sfx:
        compute: 1
        stats: ["mean", "var", "median", "min", "max", "dmean", "dmean2", "dvar", "dvar2"]
    svm:
        compute: 0
    tonal:
        compute: 1
        frameSize: 4096
        hopSize: 2048
        zeroPadding: 0
        silentFrames: "noise"
        windowType: "blackmanharris62"
        stats: ["mean", "var", "median", "min", "max", "dmean", "dmean2", "dvar", "dvar2"]

lowlevel:
    average_loudness: 0.916582763195
    barkbands_kurtosis:
        dmean: 0.661620080471
        dmean2: 1.11443698406
        dvar: 1.14572370052
        dvar2: 2.60225343704
        max: 41.103767395
        mean: -0.795567989349
        median: -1.23366212845
        min: -1.89315700531
        var: 2.28478384018
    barkbands_skewness:
        dmean: 0.429403752089
        dmean2: 0.686716079712
        dvar: 0.155901029706
        dvar2: 0.372752964497
        max: 6.32851219177
        mean: -0.21410484612
        median: -0.24435724318
        min: -3.07012987137
        var: 0.590408742428
    barkbands_spread:
        dmean: 6.65205001831
        dmean2: 10.8397979736
        dvar: 35.0783653259
        dvar2: 92.8937988281
        max: 87.9022369385
        mean: 36.4829521179
        median: 36.1046142578
        min: 2.09498763084
        var: 97.6252822876
    dissonance:
        dmean: 0.0107488520443
        dmean2: 0.018194662407
        dvar: 0.000117283139843
        dvar2: 0.00032270461088
        max: 0.500000059605
        mean: 0.482406497002
        median: 0.485985398293
        min: 0.236672088504
        var: 0.000202183000511
    hfc:
        dmean: 2.66853308678
        dmean2: 4.38302659988
        dvar: 6.44376039505
        dvar2: 16.5238342285
        max: 39.6410331726
        mean: 10.3993186951
        median: 9.41964530945
        min: 1.0883739421e-016
        var: 33.7477836609
    pitch:
        dmean: 960.122924805
        dmean2: 1838.05126953
        dvar: 1776304.375
        dvar2: 4295851
        max: 4762.57373047
        mean: 1769.64453125
        median: 721.546569824
        min: 62.1233940125
        var: 2500685.5
    pitch_instantaneous_confidence:
        dmean: 0.0801089629531
        dmean2: 0.131789878011
        dvar: 0.00452619791031
        dvar2: 0.0114703169093
        max: 0.883795082569
        mean: 0.359182417393
        median: 0.339643865824
        min: 0.101643800735
        var: 0.0140657415614
    pitch_salience:
        dmean: 0.0635905787349
        dmean2: 0.104621648788
        dvar: 0.00303014414385
        dvar2: 0.00773197645321
        max: 0.949295938015
        mean: 0.658413648605
        median: 0.67490363121
        min: 0.148925840855
        var: 0.00847073830664
    silence_rate_20dB:
        dmean: 0
        dmean2: 0
        dvar: 0
        dvar2: 0
        max: 1
        mean: 1
        median: 1
        min: 1
        var: 0
    silence_rate_30dB:
        dmean: 0
        dmean2: 0
        dvar: 0
        dvar2: 0
        max: 1
        mean: 1
        median: 1
        min: 1
        var: 0
    silence_rate_60dB:
        dmean: 0.0718350857496
        dmean2: 0.143688336015
        dvar: 0.0666730329394
        dvar2: 0.148082450032
        max: 1
        mean: 0.147698536515
        median: 0
        min: 0
        var: 0.125875994563
    spectral_centroid:
        dmean: 329.787597656
        dmean2: 536.26953125
        dvar: 116713.984375
        dvar2: 260758.046875
        max: 11569.2470703
        mean: 1922.67956543
        median: 1926.23217773
        min: 213.84828186
        var: 485244.03125
    spectral_complexity:
        dmean: 4.36625766754
        dmean2: 6.98052120209
        dvar: 14.6706972122
        dvar2: 32.6729278564
        max: 45
        mean: 19.2173748016
        median: 20
        min: 0
        var: 74.1763153076
    spectral_crest:
        dmean: 1.8144441843
        dmean2: 3.05544495583
        dvar: 3.18361258507
        dvar2: 8.2431268692
        max: 22.8766136169
        mean: 6.09253787994
        median: 5.48492002487
        min: 2.51728630066
        var: 5.78515005112
    spectral_decrease:
        dmean: 2.25677559973e-010
        dmean2: 3.6439509743e-010
        dvar: 4.37027208775e-020
        dvar2: 1.07242738571e-019
        max: 1.49761323589e-028
        mean: -1.17440468461e-009
        median: -1.14546760965e-009
        min: -3.1662872324e-009
        var: 2.27097913532e-019
    spectral_energy:
        dmean: 0.00103238434531
        dmean2: 0.00166939618066
        dvar: 9.08619483653e-007
        dvar2: 2.22087760449e-006
        max: 0.0153704490513
        mean: 0.00537573499605
        median: 0.00521944416687
        min: 1.02833478165e-020
        var: 5.06559081259e-006
    spectral_energyband_high:
        dmean: 0.00022785764304
        dmean2: 0.000393700465793
        dvar: 7.27942577328e-008
        dvar2: 1.98997398115e-007
        max: 0.00345250195824
        mean: 0.000505384639837
        median: 0.000425018079113
        min: 7.05699284518e-021
        var: 1.31507192691e-007
    spectral_energyband_low:
        dmean: 0.000334686425049
        dmean2: 0.000560472602956
        dvar: 1.14761945724e-007
        dvar2: 2.916935955e-007
        max: 0.00352110923268
        mean: 0.000530294084456
        median: 0.000400772405555
        min: 2.52486087209e-023
        var: 1.95465602815e-007
    spectral_energyband_middle_high:
        dmean: 0.000695520837326
        dmean2: 0.00110260874499
        dvar: 4.43342401013e-007
        dvar2: 1.12340649139e-006
        max: 0.0128363324329
        mean: 0.00278170662932
        median: 0.00239090272225
        min: 1.19324165801e-021
        var: 3.3342594179e-006
    spectral_energyband_middle_low:
        dmean: 0.000623977859505
        dmean2: 0.00100960570853
        dvar: 4.44616233608e-007
        dvar2: 1.14850433874e-006
        max: 0.00819465704262
        mean: 0.00168747303542
        median: 0.00146348471753
        min: 1.83179346074e-022
        var: 1.18728928555e-006
    spectral_flatness_db:
        dmean: 0.0145372655243
        dmean2: 0.0235164258629
        dvar: 0.000175156790647
        dvar2: 0.000431227497756
        max: 0.300175517797
        mean: 0.134827449918
        median: 0.131665796041
        min: 0.046818934381
        var: 0.000580529449508
    spectral_flux:
        dmean: 0.00672210985795
        dmean2: 0.0104749528691
        dvar: 4.05870123359e-005
        dvar2: 8.99410370039e-005
        max: 0.0907797291875
        mean: 0.0446981005371
        median: 0.044483769685
        min: 6.63324672967e-011
        var: 0.000146682854393
    spectral_kurtosis:
        dmean: 0.892495274544
        dmean2: 1.45241773129
        dvar: 0.907683253288
        dvar2: 2.49964213371
        max: 13.2602643967
        mean: 2.98609638214
        median: 2.71576499939
        min: -1.25201070309
        var: 3.25559258461
    spectral_rms:
        dmean: 0.00022472134151
        dmean2: 0.000358425022569
        dvar: 4.11618010787e-008
        dvar2: 9.50671790179e-008
        max: 0.00387241016142
        mean: 0.00222755712457
        median: 0.002256577136
        min: 3.16741750016e-012
        var: 2.8260026852e-007
    spectral_rolloff:
        dmean: 406.94152832
        dmean2: 665.667297363
        dvar: 332728.65625
        dvar2: 702555.5
        max: 19358.3496094
        mean: 3534.1484375
        median: 3509.91210938
        min: 129.19921875
        var: 994526.75
    spectral_skewness:
        dmean: 0.146150946617
        dmean2: 0.23384539783
        dvar: 0.0198948439211
        dvar2: 0.0476953834295
        max: 2.51250839233
        mean: 1.20451831818
        median: 1.19412922859
        min: -0.175816521049
        var: 0.0909568071365
    spectral_spread:
        dmean: 617505.875
        dmean2: 919041.125
        dvar: 917301035008
        dvar2: 1.57234469274e+012
        max: 42505364
        mean: 5081668.5
        median: 4790488
        min: 2067166.125
        var: 5.33536754893e+012
    spectral_strongpeak:
        dmean: 0.539545893669
        dmean2: 0.932889163494
        dvar: 0.643018722534
        dvar2: 1.67341017723
        max: 9.7584400177
        mean: 0.737004518509
        median: 0.291359841824
        min: 1.95145732906e-010
        var: 1.22860646248
    zerocrossingrate:
        dmean: 0.00904614012688
        dmean2: 0.0110865039751
        dvar: 9.18195291888e-005
        dvar2: 0.000118532458146
        max: 0.5146484375
        mean: 0.107570618391
        median: 0.10791015625
        min: 0.01513671875
        var: 0.000871843367349
    barkbands:
        dmean: [3.03609596131e-007, 0.000108121937956, 0.000239130909904, 0.000178585542017, 0.000298076192848, 0.000155034518684, 0.000148556515342, 0.000116929819342, 0.000157902089995, 7.85086085671e-005, 4.13052948716e-005, 4.45349105576e-005, 4.17016708525e-005, 6.13187294221e-005, 8.92829266377e-005, 0.000124898011563, 0.000240202978603, 0.000315094745019, 0.000229835641221, 0.000180172442924, 9.34890922508e-005, 4.43642529717e-005, 1.05340595837e-005, 4.61371337224e-006, 1.8784102167e-006, 4.98290262385e-008, 5.96734106573e-010]
        dmean2: [5.40574148999e-007, 0.000188330333913, 0.000398234667955, 0.000302901957184, 0.000496394117363, 0.000258764775936, 0.000242142545176, 0.000191376442672, 0.000253848003922, 0.000126087601529, 6.62406964693e-005, 7.10845488356e-005, 6.7200671765e-005, 0.000100328135886, 0.000147589220433, 0.000207134944503, 0.000394232163671, 0.000522241578437, 0.000377924152417, 0.000299431849271, 0.000162423588336, 7.72759449319e-005, 1.74966007762e-005, 7.32088574296e-006, 2.96746884487e-006, 7.53982902779e-008, 9.52720013991e-010]
        dvar: [2.41899951675e-013, 1.64567381944e-008, 6.80537297626e-008, 4.49380372913e-008, 2.31994064848e-007, 5.35066639884e-008, 6.03355871931e-008, 3.87330842955e-008, 5.50604326577e-008, 1.83847035373e-008, 5.13816944547e-009, 8.19980172651e-009, 7.68926522454e-009, 1.31084414434e-008, 2.15321307451e-008, 3.73894089023e-008, 1.08256216436e-007, 1.59749902195e-007, 6.84843683985e-008, 3.54841667161e-008, 1.32640156636e-008, 2.81638290467e-009, 2.1747596779e-010, 7.79127665163e-011, 2.33498186064e-011, 1.20665899622e-014, 9.85314901604e-019]
        dvar2: [7.15798080531e-013, 4.51893598097e-008, 1.64791003954e-007, 1.18411342953e-007, 6.31668115147e-007, 1.38267395755e-007, 1.55692873705e-007, 9.57523198508e-008, 1.34588091782e-007, 4.43922658633e-008, 1.21821672749e-008, 1.88291142678e-008, 1.87086435233e-008, 3.28811857742e-008, 5.50777521369e-008, 1.00971746519e-007, 2.77272249605e-007, 4.14872630472e-007, 1.78741402124e-007, 9.12927475838e-008, 3.68610564294e-008, 7.40413330647e-009, 5.41292677347e-010, 1.56629667569e-010, 5.4786189474e-011, 2.60460445936e-014, 1.95970129975e-018]
        max: [3.88925445804e-006, 0.000988848041743, 0.00282924575731, 0.00265194894746, 0.00649050995708, 0.0043815090321, 0.00322580616921, 0.00556249823421, 0.00468821916729, 0.00276755541563, 0.00126501556952, 0.00258592772298, 0.00166367401835, 0.00301047833636, 0.00262849172577, 0.00608342885971, 0.0057093417272, 0.00879791937768, 0.00486402586102, 0.00261299056001, 0.00132045953069, 0.000613962765783, 0.000207502380363, 0.000200131224119, 0.000104268336145, 2.77520257441e-006, 1.66075526664e-008]
        mean: [2.88796286441e-007, 0.000117834519187, 0.000315697485348, 0.000241193498368, 0.000445202429546, 0.000249435019214, 0.000241864618147, 0.00018027437909, 0.000275758153293, 0.000134243513457, 7.13372719474e-005, 7.1490467235e-005, 6.60603764118e-005, 0.000107687075797, 0.000165296878549, 0.000235721221543, 0.000510407320689, 0.000700237229466, 0.000543029163964, 0.000403366109822, 0.000187538127648, 7.69420366851e-005, 2.24829182116e-005, 8.88450176717e-006, 3.36792822964e-006, 9.39974640346e-008, 9.32593446912e-010]
        median: [1.52037785028e-007, 6.57114796923e-005, 0.000196046195924, 0.000148305509356, 0.000263456662651, 0.000136546572321, 0.000111843357445, 8.81231972016e-005, 0.000141222670209, 6.08020272921e-005, 2.86939393845e-005, 3.1145857065e-005, 2.91093929263e-005, 5.62761160836e-005, 0.000104288192233, 0.000170046871062, 0.000340473343385, 0.000508753582835, 0.000432617205661, 0.000346630840795, 0.00014686351642, 5.64746478631e-005, 1.36923608807e-005, 4.72585907119e-006, 1.93351024791e-006, 5.32940092057e-008, 4.31842894777e-010]
        min: [3.36840017212e-024, 5.66740393505e-024, 1.17151721439e-024, 2.23343660271e-024, 1.46608331954e-023, 9.1952119913e-024, 1.09811276053e-023, 1.77004136597e-023, 1.06797582848e-023, 1.57444882655e-023, 1.32710511847e-023, 3.60130212472e-023, 1.89236103353e-023, 2.83198603728e-023, 5.37319163401e-023, 9.331159231e-023, 8.66798343173e-023, 1.31509928659e-022, 1.46595031759e-022, 1.6625574268e-022, 3.40015155534e-022, 3.95162919427e-022, 5.0617455621e-022, 6.81871626018e-022, 9.00726379804e-022, 1.24490126831e-021, 1.89949607847e-021]
        var: [1.87433618973e-013, 1.73168270834e-008, 1.19385717312e-007, 8.10375055948e-008, 2.96893432505e-007, 1.14182917343e-007, 1.11524421698e-007, 7.92445291609e-008, 1.34653916462e-007, 4.14866434539e-008, 1.25678605301e-008, 1.56956527775e-008, 1.32752377979e-008, 2.84437522424e-008, 4.41674679053e-008, 6.05903167639e-008, 2.98179713809e-007, 4.60647612499e-007, 1.99360059128e-007, 8.41541236696e-008, 2.26134293513e-008, 4.8681010334e-009, 6.22604245937e-010, 2.17555154447e-010, 3.57607624069e-011, 2.21014087701e-014, 2.34874584853e-018]
    frequency_bands:
        dmean: [3.03609596131e-007, 0.000108121937956, 0.000239130909904, 0.000178585542017, 0.000298076192848, 0.000155034518684, 0.000148556515342, 0.000116929819342, 0.000157902089995, 7.85086085671e-005, 4.13052948716e-005, 4.45349105576e-005, 4.17016708525e-005, 6.13187294221e-005, 8.92829266377e-005, 0.000124898011563, 0.000240202978603, 0.000315094745019, 0.000229835641221, 0.000180172442924, 9.34890922508e-005, 4.43642529717e-005, 1.05340595837e-005, 4.61371337224e-006, 1.8784102167e-006, 4.98290262385e-008, 5.96734106573e-010, 6.25036619684e-011]
        dmean2: [5.40574148999e-007, 0.000188330333913, 0.000398234667955, 0.000302901957184, 0.000496394117363, 0.000258764775936, 0.000242142545176, 0.000191376442672, 0.000253848003922, 0.000126087601529, 6.62406964693e-005, 7.10845488356e-005, 6.7200671765e-005, 0.000100328135886, 0.000147589220433, 0.000207134944503, 0.000394232163671, 0.000522241578437, 0.000377924152417, 0.000299431849271, 0.000162423588336, 7.72759449319e-005, 1.74966007762e-005, 7.32088574296e-006, 2.96746884487e-006, 7.53982902779e-008, 9.52720013991e-010, 1.15564405267e-010]
        dvar: [2.41899951675e-013, 1.64567381944e-008, 6.80537297626e-008, 4.49380372913e-008, 2.31994064848e-007, 5.35066639884e-008, 6.03355871931e-008, 3.87330842955e-008, 5.50604326577e-008, 1.83847035373e-008, 5.13816944547e-009, 8.19980172651e-009, 7.68926522454e-009, 1.31084414434e-008, 2.15321307451e-008, 3.73894089023e-008, 1.08256216436e-007, 1.59749902195e-007, 6.84843683985e-008, 3.54841667161e-008, 1.32640156636e-008, 2.81638290467e-009, 2.1747596779e-010, 7.79127665163e-011, 2.33498186064e-011, 1.20665899622e-014, 9.85314901604e-019, 7.37835574433e-021]
        dvar2: [7.15798080531e-013, 4.51893598097e-008, 1.64791003954e-007, 1.18411342953e-007, 6.31668115147e-007, 1.38267395755e-007, 1.55692873705e-007, 9.57523198508e-008, 1.34588091782e-007, 4.43922658633e-008, 1.21821672749e-008, 1.88291142678e-008, 1.87086435233e-008, 3.28811857742e-008, 5.50777521369e-008, 1.00971746519e-007, 2.77272249605e-007, 4.14872630472e-007, 1.78741402124e-007, 9.12927475838e-008, 3.68610564294e-008, 7.40413330647e-009, 5.41292677347e-010, 1.56629667569e-010, 5.4786189474e-011, 2.60460445936e-014, 1.95970129975e-018, 2.34462696729e-020]
        max: [3.88925445804e-006, 0.000988848041743, 0.00282924575731, 0.00265194894746, 0.00649050995708, 0.0043815090321, 0.00322580616921, 0.00556249823421, 0.00468821916729, 0.00276755541563, 0.00126501556952, 0.00258592772298, 0.00166367401835, 0.00301047833636, 0.00262849172577, 0.00608342885971, 0.0057093417272, 0.00879791937768, 0.00486402586102, 0.00261299056001, 0.00132045953069, 0.000613962765783, 0.000207502380363, 0.000200131224119, 0.000104268336145, 2.77520257441e-006, 1.66075526664e-008, 9.01634822359e-010]
        mean: [2.88796286441e-007, 0.000117834519187, 0.000315697485348, 0.000241193498368, 0.000445202429546, 0.000249435019214, 0.000241864618147, 0.00018027437909, 0.000275758153293, 0.000134243513457, 7.13372719474e-005, 7.1490467235e-005, 6.60603764118e-005, 0.000107687075797, 0.000165296878549, 0.000235721221543, 0.000510407320689, 0.000700237229466, 0.000543029163964, 0.000403366109822, 0.000187538127648, 7.69420366851e-005, 2.24829182116e-005, 8.88450176717e-006, 3.36792822964e-006, 9.39974640346e-008, 9.32593446912e-010, 4.9307957023e-011]
        median: [1.52037785028e-007, 6.57114796923e-005, 0.000196046195924, 0.000148305509356, 0.000263456662651, 0.000136546572321, 0.000111843357445, 8.81231972016e-005, 0.000141222670209, 6.08020272921e-005, 2.86939393845e-005, 3.1145857065e-005, 2.91093929263e-005, 5.62761160836e-005, 0.000104288192233, 0.000170046871062, 0.000340473343385, 0.000508753582835, 0.000432617205661, 0.000346630840795, 0.00014686351642, 5.64746478631e-005, 1.36923608807e-005, 4.72585907119e-006, 1.93351024791e-006, 5.32940092057e-008, 4.31842894777e-010, 2.08130214452e-011]
        min: [3.36840017212e-024, 5.66740393505e-024, 1.17151721439e-024, 2.23343660271e-024, 1.46608331954e-023, 9.1952119913e-024, 1.09811276053e-023, 1.77004136597e-023, 1.06797582848e-023, 1.57444882655e-023, 1.32710511847e-023, 3.60130212472e-023, 1.89236103353e-023, 2.83198603728e-023, 5.37319163401e-023, 9.331159231e-023, 8.66798343173e-023, 1.31509928659e-022, 1.46595031759e-022, 1.6625574268e-022, 3.40015155534e-022, 3.95162919427e-022, 5.0617455621e-022, 6.81871626018e-022, 9.00726379804e-022, 1.24490126831e-021, 1.89949607847e-021, 5.5245375648e-022]
        var: [1.87433618973e-013, 1.73168270834e-008, 1.19385717312e-007, 8.10375055948e-008, 2.96893432505e-007, 1.14182917343e-007, 1.11524421698e-007, 7.92445291609e-008, 1.34653916462e-007, 4.14866434539e-008, 1.25678605301e-008, 1.56956527775e-008, 1.32752377979e-008, 2.84437522424e-008, 4.41674679053e-008, 6.05903167639e-008, 2.98179713809e-007, 4.60647612499e-007, 1.99360059128e-007, 8.41541236696e-008, 2.26134293513e-008, 4.8681010334e-009, 6.22604245937e-010, 2.17555154447e-010, 3.57607624069e-011, 2.21014087701e-014, 2.34874584853e-018, 5.93629195825e-021]
    mfcc:
        mean: [-685.734741211, 90.6312942505, -41.9817047119, 61.0513153076, -8.64235591888, -9.55435562134, -5.5287270546, 2.13546490669, 2.23737430573, -0.781914949417, -2.71365404129, -4.13378572464, -6.93774795532]
        cov: [[3284.63183594, 240.96295166, -285.677368164, 193.827011108, -157.849639893, -112.379295349, -154.28729248, -2.46569681168, -33.0457496643, -17.4441814423, -15.361571312, -11.0845012665, -9.08913993835], [240.96295166, 777.716247559, -388.993438721, 129.821075439, -24.0106277466, -69.6970977783, 52.6459732056, -18.2553138733, 54.7893638611, 5.72565460205, 11.1944265366, -16.8526210785, -36.1494560242], [-285.677368164, -388.993438721, 595.199462891, -38.1755332947, 33.7968864441, 91.0334091187, -39.8607978821, 8.91281700134, -55.1918487549, -5.13312339783, -14.8393316269, 16.3557090759, 31.2552833557], [193.827011108, 129.821075439, -38.1755332947, 243.820022583, 71.1660308838, -4.18021965027, 15.8374576569, -27.4626598358, 47.2136039734, 5.93971967697, -5.18959140778, -6.15809297562, 2.02408909798], [-157.849639893, -24.0106277466, 33.7968864441, 71.1660308838, 183.082687378, 48.3492774963, 20.2459182739, -25.3101043701, 12.3027629852, 28.8437900543, 1.08744013309, -3.37615394592, -6.53304338455], [-112.379295349, -69.6970977783, 91.0334091187, -4.18021965027, 48.3492774963, 179.335830688, 37.8523750305, 6.16815757751, -21.2505474091, 17.1363239288, 12.5920009613, 16.3149738312, 3.68437743187], [-154.28729248, 52.6459732056, -39.8607978821, 15.8374576569, 20.2459182739, 37.8523750305, 128.192077637, 40.1843566895, 29.67121315, -12.6016921997, -4.84050321579, 1.08569836617, -4.72807836533], [-2.46569681168, -18.2553138733, 8.91281700134, -27.4626598358, -25.3101043701, 6.16815757751, 40.1843566895, 112.743721008, 29.2676773071, 1.17173659801, -15.4441814423, -8.54256057739, -5.98136377335], [-33.0457496643, 54.7893638611, -55.1918487549, 47.2136039734, 12.3027629852, -21.2505474091, 29.67121315, 29.2676773071, 94.7923431396, 24.3583965302, -2.49613332748, -17.6497516632, -12.5663290024], [-17.4441814423, 5.72565460205, -5.13312339783, 5.93971967697, 28.8437900543, 17.1363239288, -12.6016921997, 1.17173659801, 24.3583965302, 80.0134124756, 27.5437240601, 12.7084417343, -6.23481988907], [-15.361571312, 11.1944265366, -14.8393316269, -5.18959140778, 1.08744013309, 12.5920009613, -4.84050321579, -15.4441814423, -2.49613332748, 27.5437240601, 65.1039581299, 31.5539283752, 11.1795215607], [-11.0845012665, -16.8526210785, 16.3557090759, -6.15809297562, -3.37615394592, 16.3149738312, 1.08569836617, -8.54256057739, -17.6497516632, 12.7084417343, 31.5539283752, 74.2630310059, 40.6586761475], [-9.08913993835, -36.1494560242, 31.2552833557, 2.02408909798, -6.53304338455, 3.68437743187, -4.72807836533, -5.98136377335, -12.5663290024, -6.23481988907, 11.1795215607, 40.6586761475, 70.5340957642]]
        icov: [[0.000409156258684, 2.39326818701e-005, 0.000241269925027, -0.000586824025959, 0.000415486108977, -4.18826020905e-005, 0.000590450305026, -0.000363431870937, 0.000447551748948, -5.1394727052e-005, 0.000101756617369, -4.58594804513e-005, 0.000109848639113], [2.39326818701e-005, 0.00220386590809, 0.00123495841399, -0.00116852822248, 0.000650494592264, 0.00025429672678, -0.000708274717908, 0.000293149467325, 0.00031986090471, -0.000371736212401, -0.000168707134435, -2.35287861869e-005, 0.000707661092747], [0.000241269925027, 0.00123495841399, 0.00292351632379, -0.00077534042066, 8.84256878635e-005, -0.000998443574645, 0.00105948233977, -0.000726536032744, 0.00106906832661, -1.94215954252e-005, 0.000708437117282, -8.43366215122e-005, -0.000414378155256], [-0.000586824025959, -0.00116852822248, -0.00077534042066, 0.00695170462132, -0.00283010560088, -9.50071989791e-005, -0.000448786478955, 0.00214470364153, -0.00415730243549, 0.00134081463329, 0.000593164179008, -0.000276751379715, -0.00119242770597], [0.000415486108977, 0.000650494592264, 8.84256878635e-005, -0.00283010560088, 0.00828030891716, -0.00135091249831, -0.00137937546242, 0.00192355189938, 0.000839921936858, -0.00346889463253, 0.00125455111265, 0.000866566086188, 0.000481762748677], [-4.18826020905e-005, 0.00025429672678, -0.000998443574645, -9.50071989791e-005, -0.00135091249831, 0.00791217666119, -0.00343115162104, -0.0003049049119, 0.00301293144003, -0.00234632776119, -0.000989452702925, -0.000184897653526, 0.000368606008124], [0.000590450305026, -0.000708274717908, 0.00105948233977, -0.000448786478955, -0.00137937546242, -0.00343115162104, 0.0132358968258, -0.00441386597231, -0.00364546501078, 0.00537847075611, -0.000213527207961, -0.00273897312582, 0.00125953694806], [-0.000363431870937, 0.000293149467325, -0.000726536032744, 0.00214470364153, 0.00192355189938, -0.0003049049119, -0.00441386597231, 0.0130703700706, -0.00426189787686, -0.00162828236353, 0.00320062297396, 5.44873557828e-007, -4.04279999202e-005], [0.000447551748948, 0.00031986090471, 0.00106906832661, -0.00415730243549, 0.000839921936858, 0.00301293144003, -0.00364546501078, -0.00426189787686, 0.0189615469426, -0.00755259534344, -0.000200090464205, 0.00486418232322, -0.000879808445461], [-5.1394727052e-005, -0.000371736212401, -1.94215954252e-005, 0.00134081463329, -0.00346889463253, -0.00234632776119, 0.00537847075611, -0.00162828236353, -0.00755259534344, 0.0207245312631, -0.0068955947645, -0.00445604324341, 0.00394464982674], [0.000101756617369, -0.000168707134435, 0.000708437117282, 0.000593164179008, 0.00125455111265, -0.000989452702925, -0.000213527207961, 0.00320062297396, -0.000200090464205, -0.0068955947645, 0.0235617905855, -0.00873244833201, 0.000674742215779], [-4.58594804513e-005, -2.35287861869e-005, -8.43366215122e-005, -0.000276751379715, 0.000866566086188, -0.000184897653526, -0.00273897312582, 5.44873557828e-007, 0.00486418232322, -0.00445604324341, -0.00873244833201, 0.0266187060624, -0.0135535867885], [0.000109848639113, 0.000707661092747, -0.000414378155256, -0.00119242770597, 0.000481762748677, 0.000368606008124, 0.00125953694806, -4.04279999202e-005, -0.000879808445461, 0.00394464982674, 0.000674742215779, -0.0135535867885, 0.0227764118463]]
    sccoeffs:
        dmean: [0.0620288699865, 0.0481825359166, 0.0406861715019, 0.0303197614849, 0.0204571057111, 0.0189103204757]
        dmean2: [0.103768959641, 0.0806569457054, 0.0669986307621, 0.0500041022897, 0.0342861451209, 0.0301954373717]
        dvar: [0.00227584084496, 0.00138593383599, 0.00102554669138, 0.000572515418753, 0.00027872712235, 0.000287281087367]
        dvar2: [0.00634658103809, 0.00383587507531, 0.00275579257868, 0.00152407120913, 0.000741499359719, 0.000677389791235]
        max: [-0.401114225388, -0.509672760963, -0.539511501789, -0.566129982471, -0.622860252857, -0.554945111275]
        mean: [-0.660363614559, -0.760722637177, -0.770615935326, -0.784328103065, -0.793181240559, -0.74953943491]
        median: [-0.663173317909, -0.764950156212, -0.773947894573, -0.787845253944, -0.796992778778, -0.74610388279]
        min: [-0.969488203526, -0.978033781052, -0.973431825638, -0.970245361328, -0.967236995697, -0.964691162109]
        var: [0.005379288923, 0.00412016920745, 0.0042247409001, 0.00228369724937, 0.00125654693693, 0.00136959773954]
    scvalleys:
        dmean: [0.390089958906, 0.373405635357, 0.330256223679, 0.279240459204, 0.261944621801, 0.337912738323]
        dmean2: [0.652200758457, 0.603590846062, 0.539105772972, 0.436236619949, 0.406544595957, 0.519729614258]
        dvar: [0.119874544442, 0.124305635691, 0.106202848256, 0.088662981987, 0.107190094888, 0.183857277036]
        dvar2: [0.272233814001, 0.263235598803, 0.215780839324, 0.156650394201, 0.186515882611, 0.391979247332]
        max: [-5.47437524796, -4.64246845245, -5.35108041763, -5.90336179733, -5.62053060532, -7.468085289]
        mean: [-6.74488782883, -6.52567434311, -7.09235095978, -7.22506904602, -6.67172050476, -9.33381748199]
        median: [-6.54595947266, -6.35142707825, -6.94414615631, -7.05866289139, -6.45259714127, -9.11052703857]
        min: [-27.9139556885, -27.7708683014, -27.6937675476, -27.495464325, -27.58253479, -27.3657932281]
        var: [2.45131731033, 2.2004365921, 1.98173415661, 1.895870924, 1.92089486122, 1.82258486748]

rhythm:
    beats_loudness:
        dmean: 0.00169753062073
        dmean2: 0.00300292298198
        dvar: 1.21303799006e-006
        dvar2: 3.8551356738e-006
        max: 0.0131043102592
        mean: 0.00598805956542
        median: 0.00584715371951
        min: 4.05852889002e-014
        var: 4.04938964493e-006
    bpm: 161.610275269
    bpm_confidence: 0
    first_peak_bpm: 161
    first_peak_spread: 0.316348195076
    first_peak_weight: 0.661190927029
    onset_rate: 3.09932136536
    second_peak_bpm: 152
    second_peak_spread: 0.111111074686
    second_peak_weight: 0.0164271052927
    beats_loudness_band_ratio:
        dmean: [0.0890725106001, 0.135787308216, 0.0705119967461, 0.0392589680851, 0.105546422303, 0.0905323177576]
        dmean2: [0.153466284275, 0.249531328678, 0.122376978397, 0.0686571747065, 0.186137065291, 0.16009709239]
        dvar: [0.00525222113356, 0.0133741963655, 0.00409608567134, 0.0018425474409, 0.00624959077686, 0.00736524071544]
        dvar2: [0.0153989912942, 0.0442218929529, 0.0116476807743, 0.00428832136095, 0.0189366172999, 0.0208878442645]
        max: [0.735765099525, 0.543939828873, 0.550135314465, 0.521849095821, 0.738393425941, 0.916784405708]
        mean: [0.164626643062, 0.149423271418, 0.12968160212, 0.066246509552, 0.301185697317, 0.231301158667]
        median: [0.155164897442, 0.106380179524, 0.106987379491, 0.0518936924636, 0.280965924263, 0.216713815928]
        min: [0, 0, 0, 0, 0, 0]
        var: [0.00977196916938, 0.0145782390609, 0.00707356445491, 0.00266806106083, 0.015291406773, 0.00840242393315]
    beats_position: [0.394739210606, 0.801088392735, 1.19582760334, 1.57895684242, 1.95047616959, 2.33360528946, 2.70512461662, 3.08825397491, 3.45977306366, 3.83129239082, 4.20281171799, 4.57433080673, 4.95746040344, 5.32897949219, 5.71210861206, 6.08362817764, 6.45514726639, 6.83827638626, 7.20979595184, 7.59292507172, 7.96444416046, 8.33596324921, 8.70748329163, 9.07900238037, 9.45052146912, 9.83365058899, 10.2167797089, 10.5882987976, 10.95981884, 11.3313379288, 11.7144670486, 12.0859861374, 12.4691152573, 12.840634346, 13.2121543884, 13.5836734772, 13.9551925659, 14.3267116547, 14.6982307434, 15.0697498322, 15.4528799057, 15.8360090256, 16.2075271606, 16.5790481567, 16.9505672455, 17.3220863342, 17.7052154541, 18.088344574, 18.4598636627, 18.8313827515, 19.2029018402, 19.574420929, 19.9459400177, 20.3290691376, 20.7121982574, 21.0837192535, 21.4552383423, 21.826757431, 22.1982765198, 22.5697956085, 22.9529247284, 23.3360538483, 23.707572937, 24.0790920258, 24.4506111145, 24.8221302032, 25.2052612305, 25.5767803192, 25.9599094391, 26.3314285278, 26.7029476166, 27.0744667053, 27.4575958252, 27.8407249451, 28.2122440338, 28.5837631226, 28.9552822113, 29.3268013, 29.6983222961, 30.081451416, 30.4645805359, 30.8360996246, 31.2076187134, 31.5791378021, 31.9506568909, 32.322177887, 32.6936950684, 33.0768241882, 33.4599533081, 33.8314743042, 34.2029914856, 34.5745124817, 34.9576416016, 35.3407707214, 35.7122879028, 36.0838088989, 36.455329895, 36.8268470764, 37.1983680725, 37.5698852539, 37.9530143738, 38.3245353699, 38.7076644897, 39.0791816711, 39.4507026672, 39.8222198486, 40.2053489685, 40.5884780884, 40.9599990845, 41.3315200806, 41.703037262, 42.0745582581, 42.4460754395, 42.8292045593, 43.2123336792, 43.5838546753, 43.9553718567, 44.3268928528, 44.7100219727, 45.0815429688, 45.4646720886, 45.83618927, 46.2077102661, 46.5792274475, 46.9507484436, 47.322265625, 47.6937866211, 48.076915741, 48.4600448608, 48.8315620422, 49.2030830383, 49.5862121582, 49.9577331543, 50.3292503357, 50.7007713318, 51.0839004517, 51.4554176331, 51.8269386292, 52.210067749, 52.5931968689, 52.9647140503, 53.3362350464, 53.7077522278, 54.0792732239, 54.45079422, 54.8223114014, 55.2054405212, 55.5885696411, 55.9600906372, 56.3316078186, 56.7031288147, 57.0746459961, 57.4461669922, 57.8292961121, 58.2124252319, 58.583946228, 58.9554634094, 59.3269844055, 59.7217216492, 60.104850769, 60.4763717651, 60.8362808228, 61.2077980042, 61.5793190002, 61.9508361816, 62.3223571777, 62.7054862976, 63.0886154175, 63.4601364136, 63.831653595, 64.2031707764, 64.5863037109, 64.9694290161, 65.3409500122, 65.7124710083, 66.0839920044, 66.4555053711, 66.8270263672, 67.1985473633, 67.5816802979, 67.964805603, 68.3363265991, 68.7078475952, 69.0793609619, 69.450881958, 69.8340148926, 70.2055282593, 70.5770492554, 70.9601821899, 71.3316955566, 71.7148284912, 72.0863494873, 72.4578704834, 72.8409957886, 73.2125167847, 73.5840377808, 73.9555511475, 74.338684082, 74.7102050781, 75.0817184448, 75.4532394409, 75.8363723755, 76.2078933716, 76.5794067383, 76.9509277344, 77.3340606689, 77.7171859741, 78.1003189087, 78.4834442139, 78.85496521, 79.2148742676, 79.5863952637, 79.9579086304, 80.3294296265, 80.7009506226, 81.0840835571, 81.4555969238, 81.8271179199, 82.198638916, 82.5817642212, 82.9648971558, 83.3364181519, 83.7079315186, 84.0794525146, 84.4509735107, 84.8224945068, 85.2172317505, 85.5887527466, 85.9602737427, 86.3317871094, 86.7033081055, 87.0748291016, 87.4463500977, 87.8178634644, 88.2126083374, 88.5841217041, 88.9556427002, 89.3271636963, 89.7102966309, 90.0818099976, 90.4649429321, 90.8364639282, 91.2195892334, 91.5911102295, 91.9626312256, 92.3341445923, 92.7172775269, 93.0887985229, 93.460319519, 93.8318328857, 94.2033538818, 94.5748748779, 94.946395874, 95.3179092407, 95.7010421753, 96.0841674805, 96.4556884766, 96.8272094727, 97.1987304688, 97.5818557739, 97.95337677, 98.3248977661, 98.7080230713, 99.0795440674, 99.4510650635, 99.8225860596, 100.205711365, 100.588844299, 100.960357666, 101.331878662, 101.715011597, 102.098136902, 102.469657898, 102.841178894, 103.21269989, 103.584213257, 103.955734253, 104.327255249, 104.698776245, 105.08190155, 105.453422546, 105.836547852, 106.208068848, 106.579589844, 106.95111084, 107.322631836, 107.705757141, 108.088890076, 108.460403442, 108.831924438, 109.215057373, 109.598182678, 109.969703674, 110.34122467, 110.712738037, 111.084259033, 111.455780029, 111.827301025, 112.210426331, 112.593559265, 112.965080261, 113.336593628, 113.708114624, 114.07963562, 114.451156616, 114.822669983, 115.217414856, 115.588935852, 115.960449219, 116.343582153, 116.715103149, 117.098228455, 117.469749451, 117.841270447, 118.212783813, 118.58430481, 118.967437744, 119.350563049, 119.733695984, 120.116821289, 120.488342285, 120.859863281, 121.219772339, 121.591293335, 121.951202393, 122.322715759, 122.694236755, 123.065757751, 123.448883057, 123.832015991, 124.203536987, 124.575057983, 124.94657135, 125.318092346, 125.678001404, 126.061134338, 126.444259644, 126.827392578, 127.198905945, 127.582038879, 127.965164185, 128.336685181, 128.708206177, 129.079727173, 129.451248169, 129.822769165, 130.194290161, 130.565795898, 130.948928833, 131.332061768, 131.703582764, 132.086715698, 132.458221436, 132.84135437, 133.212875366, 133.584396362, 133.955917358, 134.327438354, 134.710571289, 135.093688965, 135.465209961, 135.836730957, 136.208251953, 136.579772949, 136.962905884, 137.334411621, 137.705932617, 138.077453613, 138.448974609, 138.832107544, 139.20362854, 139.575149536, 139.958267212, 140.329788208, 140.689697266, 141.061218262, 141.444351196, 141.827484131, 142.199005127, 142.570526123, 142.953643799, 143.313552856, 143.685073853, 144.056594849, 144.439727783, 144.822860718, 145.205978394, 145.589111328, 145.960632324, 146.33215332, 146.703674316, 147.075195313, 147.446716309, 147.818222046, 148.20135498, 148.584487915, 148.956008911, 149.327529907, 149.699050903, 150.082168579, 150.465301514, 150.83682251, 151.219955444, 151.59147644, 151.962997437, 152.334503174, 152.717636108, 153.089157104, 153.460678101, 153.832199097, 154.203720093, 154.586837769, 154.969970703, 155.341491699, 155.713012695, 156.084533691, 156.456054688, 156.827575684, 157.19909668, 157.582214355, 157.953735352, 158.325256348, 158.696777344, 159.079910278, 159.451431274, 159.822952271, 160.194458008, 160.577590942, 160.960723877, 161.332244873, 161.715377808, 162.098495483, 162.470016479, 162.841537476, 163.213058472, 163.584579468, 163.956100464, 164.32762146, 164.699142456, 165.082260132, 165.453781128, 165.825302124, 166.208435059, 166.579956055, 166.951477051, 167.322982788, 167.706115723, 168.089248657, 168.460769653, 168.832290649, 169.203811646, 169.575332642, 169.946838379, 170.329971313, 170.70149231, 171.084625244, 171.45614624, 171.827667236, 172.210784912, 172.593917847, 172.965438843, 173.336959839, 173.708480835, 174.080001831, 174.451522827, 174.823028564, 175.206161499, 175.589294434, 175.96081543, 176.332336426, 176.703857422, 177.075378418, 177.446884155, 177.83001709, 178.213150024, 178.584671021, 178.956192017, 179.327713013, 179.722442627, 180.105575562, 180.488708496, 180.871826172, 181.254959106, 181.649703979, 182.032836914, 182.427566528, 182.810699463, 183.193832397]
