
metadata:
    version:
        essentia: "2.1-beta2"
    audio_properties:
        analysis_sample_rate: 44100
        bitrate: 224
        channels: 2
        equal_loudness: 1
        length: 262.974700928
        replay_gain: -14.2234210968
        downmix: "mix"
    tags:
        album: "The Way Of The Fist (UK Import)"
        artist: "Five Finger Death Punch"
        comment: "."
        date: "2009"
        genre: "Metal"
        title: "Meet The Monster"
        tracknumber: "12"

configuration:
    average_loudness:
        compute: 1
        frameSize: 88200
        hopSize: 44100
        silentFrames: "noise"
        windowType: "hann"
    general:
        analysisSampleRate: 44100
        endTime: 2000
        equalLoudness: 1
        nequalLoudness: 0
        shortSound: 0
        startTime: 0
    lowlevel:
        compute: 1
        frameSize: 2048
        hopSize: 1024
        zeroPadding: 0
        silentFrames: "noise"
        windowType: "blackmanharris62"
        mfccStats: ["mean", "cov", "icov"]
        stats: ["mean", "var", "median", "min", "max", "dmean", "dmean2", "dvar", "dvar2"]
    panning:
        compute: 0
        frameSize: 8192
        hopSize: 2048
        zeroPadding: 8192
        silentFrames: "noise"
        windowType: "hann"
        stats: ["copy"]
    rhythm:
        compute: 1
        maxTempo: 208
        minTempo: 40
        method: "degara"
        stats: ["mean", "var", "median", "min", "max", "dmean", "dmean2", "dvar", "dvar2"]
    segmentation:
        compute: 0
        cpw: 5
        inc1: 300
        inc2: 50
        minimumSegmentsLength: 10
        size1: 1000
        size2: 600
    sfx:
        compute: 1
        stats: ["mean", "var", "median", "min", "max", "dmean", "dmean2", "dvar", "dvar2"]
    svm:
        compute: 0
    tonal:
        compute: 1
        frameSize: 4096
        hopSize: 2048
        zeroPadding: 0
        silentFrames: "noise"
        windowType: "blackmanharris62"
        stats: ["mean", "var", "median", "min", "max", "dmean", "dmean2", "dvar", "dvar2"]

lowlevel:
    average_loudness: 0.912751615047
    barkbands_kurtosis:
        dmean: 1.17067813873
        dmean2: 1.88551580906
        dvar: 46.9640045166
        dvar2: 117.582572937
        max: 369.297668457
        mean: -0.059163838625
        median: -1.33721983433
        min: -1.94441282749
        var: 71.5736694336
    barkbands_skewness:
        dmean: 0.480502039194
        dmean2: 0.769712865353
        dvar: 0.287361890078
        dvar2: 0.736440896988
        max: 16.0766792297
        mean: 0.250011533499
        median: 0.100294165313
        min: -2.66328787804
        var: 1.04685556889
    barkbands_spread:
        dmean: 6.31979656219
        dmean2: 10.0853033066
        dvar: 36.0082092285
        dvar2: 90.2446060181
        max: 83.2085418701
        mean: 39.6615600586
        median: 40.3134460449
        min: 0.374110937119
        var: 134.008712769
    dissonance:
        dmean: 0.00981556810439
        dmean2: 0.0167524348944
        dvar: 0.000111173198093
        dvar2: 0.000312277697958
        max: 0.500000119209
        mean: 0.483372628689
        median: 0.486437767744
        min: 0.275415748358
        var: 0.0001864250371
    hfc:
        dmean: 2.50909852982
        dmean2: 4.19421720505
        dvar: 9.87660884857
        dvar2: 26.2231311798
        max: 43.3929100037
        mean: 8.84889221191
        median: 8.53874492645
        min: 1.12658743647e-016
        var: 30.0759887695
    pitch:
        dmean: 905.33807373
        dmean2: 1726.16638184
        dvar: 1678374.125
        dvar2: 4017233.75
        max: 4817.8828125
        mean: 2046.66833496
        median: 3009.49072266
        min: 43.0903701782
        var: 2496886.25
    pitch_instantaneous_confidence:
        dmean: 0.0723854601383
        dmean2: 0.121523857117
        dvar: 0.00352795817889
        dvar2: 0.00945989321917
        max: 0.797304868698
        mean: 0.341516971588
        median: 0.334305524826
        min: 0.0845602750778
        var: 0.0102822743356
    pitch_salience:
        dmean: 0.0678485482931
        dmean2: 0.113587796688
        dvar: 0.00359653634951
        dvar2: 0.00969492830336
        max: 0.927422463894
        mean: 0.660194337368
        median: 0.677567243576
        min: 0.0629188194871
        var: 0.00874085910618
    silence_rate_20dB:
        dmean: 0
        dmean2: 0
        dvar: 0
        dvar2: 0
        max: 1
        mean: 1
        median: 1
        min: 1
        var: 0
    silence_rate_30dB:
        dmean: 0
        dmean2: 0
        dvar: 0
        dvar2: 0
        max: 1
        mean: 1
        median: 1
        min: 1
        var: 0
    silence_rate_60dB:
        dmean: 0.0529754534364
        dmean2: 0.105960264802
        dvar: 0.0501698814332
        dvar2: 0.118753321469
        max: 1
        mean: 0.225214093924
        median: 0
        min: 0
        var: 0.174530178308
    spectral_centroid:
        dmean: 352.585571289
        dmean2: 571.72454834
        dvar: 124404.507813
        dvar2: 306660.96875
        max: 11078.1572266
        mean: 1681.76757813
        median: 1686.24768066
        min: 93.2184906006
        var: 444873.09375
    spectral_complexity:
        dmean: 4.0422039032
        dmean2: 6.51426029205
        dvar: 15.4202842712
        dvar2: 37.1438674927
        max: 50
        mean: 16.6597518921
        median: 17
        min: 0
        var: 92.1945495605
    spectral_crest:
        dmean: 1.96829771996
        dmean2: 3.28711128235
        dvar: 3.47187542915
        dvar2: 9.18290519714
        max: 23.5433883667
        mean: 6.62382555008
        median: 5.80330038071
        min: 2.29809141159
        var: 8.39654254913
    spectral_decrease:
        dmean: 2.78700285072e-010
        dmean2: 4.43512393478e-010
        dvar: 9.94926960042e-020
        dvar2: 2.47246430592e-019
        max: 3.41368494674e-029
        mean: -1.1601082317e-009
        median: -1.17047016523e-009
        min: -3.71780806141e-009
        var: 3.81884886988e-019
    spectral_energy:
        dmean: 0.00119626533706
        dmean2: 0.00190623139497
        dvar: 1.83786733032e-006
        dvar2: 4.56322277387e-006
        max: 0.0165775343776
        mean: 0.00518114771694
        median: 0.00524091022089
        min: 1.03337242468e-020
        var: 7.45184206608e-006
    spectral_energyband_high:
        dmean: 0.000254783954006
        dmean2: 0.000442329357611
        dvar: 1.64235586908e-007
        dvar2: 4.55656305576e-007
        max: 0.00729339104146
        mean: 0.00055021798471
        median: 0.000410866254242
        min: 7.6182720493e-021
        var: 2.53956045526e-007
    spectral_energyband_low:
        dmean: 0.000452801090432
        dmean2: 0.000757623231038
        dvar: 3.02109725681e-007
        dvar2: 7.77087223014e-007
        max: 0.010710362345
        mean: 0.000736592453904
        median: 0.000513137725648
        min: 6.7061870191e-024
        var: 6.04941817528e-007
    spectral_energyband_middle_high:
        dmean: 0.000572308723349
        dmean2: 0.000906367844436
        dvar: 4.13405928157e-007
        dvar2: 9.88098008747e-007
        max: 0.00958622805774
        mean: 0.00209072558209
        median: 0.00190176442266
        min: 1.48633430668e-021
        var: 2.04309390028e-006
    spectral_energyband_middle_low:
        dmean: 0.000833495694678
        dmean2: 0.00135283404961
        dvar: 1.12658017315e-006
        dvar2: 2.89278705168e-006
        max: 0.0100796725601
        mean: 0.00198518647812
        median: 0.00168057903647
        min: 2.7500125345e-022
        var: 2.27555119636e-006
    spectral_flatness_db:
        dmean: 0.0163284745067
        dmean2: 0.0262876227498
        dvar: 0.000363967410522
        dvar2: 0.000886987196282
        max: 0.587717235088
        mean: 0.148800075054
        median: 0.132818177342
        min: 0.0457223504782
        var: 0.0031306699384
    spectral_flux:
        dmean: 0.00719160493463
        dmean2: 0.0109743895009
        dvar: 5.70381671423e-005
        dvar2: 0.000113938913273
        max: 0.112763337791
        mean: 0.0432841144502
        median: 0.044727075845
        min: 7.05879937835e-011
        var: 0.000287087867036
    spectral_kurtosis:
        dmean: 1.40724611282
        dmean2: 2.36642479897
        dvar: 35.8424797058
        dvar2: 92.7436676025
        max: 283.554534912
        mean: 3.54740667343
        median: 2.37318682671
        min: -1.22697424889
        var: 80.5069122314
    spectral_rms:
        dmean: 0.000249092001468
        dmean2: 0.000390672154026
        dvar: 6.23557596668e-008
        dvar2: 1.49133398963e-007
        max: 0.00402159243822
        mean: 0.00213560066186
        median: 0.00226121279411
        min: 3.17516650992e-012
        var: 4.93972493132e-007
    spectral_rolloff:
        dmean: 483.327209473
        dmean2: 801.495300293
        dvar: 426073.25
        dvar2: 1013078.75
        max: 18583.1542969
        mean: 3378.94335938
        median: 3423.77929688
        min: 107.666015625
        var: 1262697.5
    spectral_skewness:
        dmean: 0.188822507858
        dmean2: 0.306984871626
        dvar: 0.13005694747
        dvar2: 0.31685334444
        max: 14.2675580978
        mean: 1.20054709911
        median: 1.16628181934
        min: -0.316028445959
        var: 0.555133581161
    spectral_spread:
        dmean: 614246.9375
        dmean2: 880513.4375
        dvar: 882969477120
        dvar2: 1.71026926797e+012
        max: 50028404
        mean: 5426275.5
        median: 5235790.5
        min: 369673.4375
        var: 4.47543194419e+012
    spectral_strongpeak:
        dmean: 0.263856589794
        dmean2: 0.461885005236
        dvar: 0.216467529535
        dvar2: 0.589723467827
        max: 5.69567298889
        mean: 0.335334807634
        median: 0.19249778986
        min: 0
        var: 0.209001064301
    zerocrossingrate:
        dmean: 0.00999433174729
        dmean2: 0.0121312346309
        dvar: 9.70011969912e-005
        dvar2: 0.000119865384477
        max: 0.51025390625
        mean: 0.0993159860373
        median: 0.10009765625
        min: 0.00439453125
        var: 0.000952328613494
    barkbands:
        dmean: [3.52398700443e-007, 0.000138130038977, 0.000303597800666, 0.000279350060737, 0.00042063757428, 0.000218984976527, 0.000177158348379, 0.000115353228466, 0.000122863028082, 6.35011601844e-005, 4.50689803984e-005, 5.19514323969e-005, 5.434727791e-005, 4.51159685326e-005, 5.58569772693e-005, 9.63983475231e-005, 0.00016632740153, 0.000233790968196, 0.000172512038262, 0.000157246453455, 0.000106677223812, 5.90731542616e-005, 1.76839912456e-005, 1.08460717456e-005, 5.25597261003e-006, 1.63267188213e-007, 3.03378655531e-009]
        dmean2: [6.1319519773e-007, 0.000232729202253, 0.000513172068167, 0.000458891998278, 0.00069160561543, 0.000358112913091, 0.000298264872981, 0.000195401633391, 0.000197179455427, 0.000103822480014, 7.44276476325e-005, 8.48923373269e-005, 8.74660618138e-005, 7.21495744074e-005, 9.0307337814e-005, 0.000157665592269, 0.000273959158221, 0.000390047236579, 0.000291112810373, 0.000268413772574, 0.000186770077562, 9.99906988e-005, 2.80280437437e-005, 1.68014357769e-005, 8.06903062767e-006, 2.44214106715e-007, 4.52397763695e-009]
        dvar: [4.49352957187e-013, 3.21849853435e-008, 1.47812400542e-007, 1.57667287226e-007, 4.93354662012e-007, 1.55610152319e-007, 1.4035659035e-007, 5.7563337208e-008, 6.36524717379e-008, 2.14156639089e-008, 1.37606432915e-008, 1.36379352256e-008, 1.53043817619e-008, 1.14426734754e-008, 1.46226692976e-008, 2.19704752169e-008, 4.77654928943e-008, 7.45236619082e-008, 4.69766199274e-008, 4.85269815442e-008, 3.3127911081e-008, 7.07168368308e-009, 1.69216374246e-009, 1.17236931274e-009, 3.0017807684e-010, 1.75322755445e-013, 9.91595200094e-017]
        dvar2: [1.30779621074e-012, 8.52797583661e-008, 3.81605815392e-007, 3.89897479636e-007, 1.30550540689e-006, 3.78257908551e-007, 3.66185503253e-007, 1.52389716845e-007, 1.5231431405e-007, 5.46010880953e-008, 3.60253551435e-008, 3.35982264232e-008, 3.7067582781e-008, 2.74126801258e-008, 3.6070563425e-008, 5.49996350685e-008, 1.27194596189e-007, 1.95176085072e-007, 1.25658687011e-007, 1.3078242489e-007, 9.55840917527e-008, 1.81637975771e-008, 3.66238817051e-009, 2.38017805465e-009, 6.7764438505e-010, 3.87154175906e-013, 2.19516873322e-016]
        max: [6.75952924212e-006, 0.00126854155678, 0.00637902226299, 0.00799548625946, 0.00759270694107, 0.00749054318294, 0.00676816608757, 0.00446197437122, 0.00556603726, 0.00305283349007, 0.00293065141886, 0.00221785996109, 0.00269242189825, 0.00238410499878, 0.00260577048175, 0.00316823413596, 0.0041745393537, 0.00458630593494, 0.00399946700782, 0.00414268206805, 0.00357896625064, 0.00161362043582, 0.000720904965419, 0.000611065828707, 0.000428982981248, 7.53350695959e-006, 1.47470458955e-007]
        mean: [3.41973702689e-007, 0.000157841364853, 0.000420905969804, 0.000381168269087, 0.0006532088737, 0.000341885635862, 0.000225356896408, 0.000150114196003, 0.00020225829212, 0.000105742365122, 6.83303442202e-005, 7.49391911086e-005, 8.30695498735e-005, 7.01820536051e-005, 9.894597315e-005, 0.000184760167031, 0.000357342330972, 0.000506088719703, 0.000402226869483, 0.000330714479787, 0.000203592368052, 0.00010469136032, 3.19378304994e-005, 1.70332605194e-005, 8.21448156785e-006, 2.59719456608e-007, 4.68559901989e-009]
        median: [1.47390267102e-007, 9.28945373744e-005, 0.00022441726469, 0.00022487557726, 0.000403283396736, 0.00015193191939, 9.20166712604e-005, 5.94730736339e-005, 7.29380844859e-005, 2.74232606898e-005, 1.47472474055e-005, 1.4154920791e-005, 1.42072722156e-005, 2.24880132009e-005, 5.2520459576e-005, 0.000124548416352, 0.00027293592575, 0.000422227574745, 0.000346451473888, 0.000276479986496, 0.000142714794492, 6.5338164859e-005, 1.44632558658e-005, 5.41936515219e-006, 2.60994215751e-006, 5.93921036796e-008, 5.05568809039e-010]
        min: [9.07103266305e-024, 1.75679481365e-024, 6.36301960773e-025, 4.81969361187e-024, 3.4943562518e-023, 1.60625301612e-023, 4.79800632675e-023, 2.66290663957e-023, 6.32115694858e-023, 4.57192541774e-023, 2.92163976362e-023, 8.18458272187e-023, 9.85431537503e-023, 8.02754702137e-023, 7.13536616349e-023, 9.04606489985e-023, 7.90739719462e-023, 2.1132154866e-022, 2.00987306719e-022, 2.19708162446e-022, 3.81044051029e-022, 5.01996647882e-022, 5.76704274718e-022, 8.36119151294e-022, 1.19952669586e-021, 1.44616717546e-021, 2.29099565407e-021]
        var: [3.58565038555e-013, 3.36982104443e-008, 3.06902535385e-007, 2.45066360094e-007, 6.23081746198e-007, 2.88946978344e-007, 1.58905280045e-007, 7.75498421035e-008, 1.36056272027e-007, 4.98304792984e-008, 2.5011448912e-008, 2.39583357597e-008, 2.88885484423e-008, 1.97664427048e-008, 2.94513160526e-008, 4.49020127746e-008, 1.04740891516e-007, 1.62879672416e-007, 9.47735614432e-008, 7.38133039135e-008, 4.29698019389e-008, 1.46458996042e-008, 3.48613493628e-009, 2.29920460448e-009, 4.61954724473e-010, 3.07580485604e-013, 1.72415025486e-016]
    frequency_bands:
        dmean: [3.52398700443e-007, 0.000138130038977, 0.000303597800666, 0.000279350060737, 0.00042063757428, 0.000218984976527, 0.000177158348379, 0.000115353228466, 0.000122863028082, 6.35011601844e-005, 4.50689803984e-005, 5.19514323969e-005, 5.434727791e-005, 4.51159685326e-005, 5.58569772693e-005, 9.63983475231e-005, 0.00016632740153, 0.000233790968196, 0.000172512038262, 0.000157246453455, 0.000106677223812, 5.90731542616e-005, 1.76839912456e-005, 1.08460717456e-005, 5.25597261003e-006, 1.63267188213e-007, 3.03378655531e-009, 6.10690525926e-011]
        dmean2: [6.1319519773e-007, 0.000232729202253, 0.000513172068167, 0.000458891998278, 0.00069160561543, 0.000358112913091, 0.000298264872981, 0.000195401633391, 0.000197179455427, 0.000103822480014, 7.44276476325e-005, 8.48923373269e-005, 8.74660618138e-005, 7.21495744074e-005, 9.0307337814e-005, 0.000157665592269, 0.000273959158221, 0.000390047236579, 0.000291112810373, 0.000268413772574, 0.000186770077562, 9.99906988e-005, 2.80280437437e-005, 1.68014357769e-005, 8.06903062767e-006, 2.44214106715e-007, 4.52397763695e-009, 1.13289343184e-010]
        dvar: [4.49352957187e-013, 3.21849853435e-008, 1.47812400542e-007, 1.57667287226e-007, 4.93354662012e-007, 1.55610152319e-007, 1.4035659035e-007, 5.7563337208e-008, 6.36524717379e-008, 2.14156639089e-008, 1.37606432915e-008, 1.36379352256e-008, 1.53043817619e-008, 1.14426734754e-008, 1.46226692976e-008, 2.19704752169e-008, 4.77654928943e-008, 7.45236619082e-008, 4.69766199274e-008, 4.85269815442e-008, 3.3127911081e-008, 7.07168368308e-009, 1.69216374246e-009, 1.17236931274e-009, 3.0017807684e-010, 1.75322755445e-013, 9.91595200094e-017, 7.00847514796e-021]
        dvar2: [1.30779621074e-012, 8.52797583661e-008, 3.81605815392e-007, 3.89897479636e-007, 1.30550540689e-006, 3.78257908551e-007, 3.66185503253e-007, 1.52389716845e-007, 1.5231431405e-007, 5.46010880953e-008, 3.60253551435e-008, 3.35982264232e-008, 3.7067582781e-008, 2.74126801258e-008, 3.6070563425e-008, 5.49996350685e-008, 1.27194596189e-007, 1.95176085072e-007, 1.25658687011e-007, 1.3078242489e-007, 9.55840917527e-008, 1.81637975771e-008, 3.66238817051e-009, 2.38017805465e-009, 6.7764438505e-010, 3.87154175906e-013, 2.19516873322e-016, 2.21862070281e-020]
        max: [6.75952924212e-006, 0.00126854155678, 0.00637902226299, 0.00799548625946, 0.00759270694107, 0.00749054318294, 0.00676816608757, 0.00446197437122, 0.00556603726, 0.00305283349007, 0.00293065141886, 0.00221785996109, 0.00269242189825, 0.00238410499878, 0.00260577048175, 0.00316823413596, 0.0041745393537, 0.00458630593494, 0.00399946700782, 0.00414268206805, 0.00357896625064, 0.00161362043582, 0.000720904965419, 0.000611065828707, 0.000428982981248, 7.53350695959e-006, 1.47470458955e-007, 8.1013074027e-010]
        mean: [3.41973702689e-007, 0.000157841364853, 0.000420905969804, 0.000381168269087, 0.0006532088737, 0.000341885635862, 0.000225356896408, 0.000150114196003, 0.00020225829212, 0.000105742365122, 6.83303442202e-005, 7.49391911086e-005, 8.30695498735e-005, 7.01820536051e-005, 9.894597315e-005, 0.000184760167031, 0.000357342330972, 0.000506088719703, 0.000402226869483, 0.000330714479787, 0.000203592368052, 0.00010469136032, 3.19378304994e-005, 1.70332605194e-005, 8.21448156785e-006, 2.59719456608e-007, 4.68559901989e-009, 4.84382117749e-011]
        median: [1.47390267102e-007, 9.28945373744e-005, 0.00022441726469, 0.00022487557726, 0.000403283396736, 0.00015193191939, 9.20166712604e-005, 5.94730736339e-005, 7.29380844859e-005, 2.74232606898e-005, 1.47472474055e-005, 1.4154920791e-005, 1.42072722156e-005, 2.24880132009e-005, 5.2520459576e-005, 0.000124548416352, 0.00027293592575, 0.000422227574745, 0.000346451473888, 0.000276479986496, 0.000142714794492, 6.5338164859e-005, 1.44632558658e-005, 5.41936515219e-006, 2.60994215751e-006, 5.93921036796e-008, 5.05568809039e-010, 1.83196322695e-011]
        min: [9.07103266305e-024, 1.75679481365e-024, 6.36301960773e-025, 4.81969361187e-024, 3.4943562518e-023, 1.60625301612e-023, 4.79800632675e-023, 2.66290663957e-023, 6.32115694858e-023, 4.57192541774e-023, 2.92163976362e-023, 8.18458272187e-023, 9.85431537503e-023, 8.02754702137e-023, 7.13536616349e-023, 9.04606489985e-023, 7.90739719462e-023, 2.1132154866e-022, 2.00987306719e-022, 2.19708162446e-022, 3.81044051029e-022, 5.01996647882e-022, 5.76704274718e-022, 8.36119151294e-022, 1.19952669586e-021, 1.44616717546e-021, 2.29099565407e-021, 6.08065850212e-022]
        var: [3.58565038555e-013, 3.36982104443e-008, 3.06902535385e-007, 2.45066360094e-007, 6.23081746198e-007, 2.88946978344e-007, 1.58905280045e-007, 7.75498421035e-008, 1.36056272027e-007, 4.98304792984e-008, 2.5011448912e-008, 2.39583357597e-008, 2.88885484423e-008, 1.97664427048e-008, 2.94513160526e-008, 4.49020127746e-008, 1.04740891516e-007, 1.62879672416e-007, 9.47735614432e-008, 7.38133039135e-008, 4.29698019389e-008, 1.46458996042e-008, 3.48613493628e-009, 2.29920460448e-009, 4.61954724473e-010, 3.07580485604e-013, 1.72415025486e-016, 5.84080631577e-021]
    mfcc:
        mean: [-704.719055176, 88.4963607788, -28.1256980896, 68.8619689941, -3.26328992844, -11.5236549377, -6.10571241379, -0.303164333105, 3.12052130699, -4.94233894348, -3.1135931015, -4.76529932022, -6.87876749039]
        cov: [[8174.70410156, -130.934906006, -463.351745605, -238.402893066, -573.434570313, 211.249847412, -200.344268799, 199.776092529, -213.574249268, -117.988830566, 114.881225586, 79.3239059448, 89.2680358887], [-130.934906006, 914.636779785, -354.604949951, 318.174407959, 38.1559677124, -131.391738892, 68.1873779297, -36.7191162109, 85.0304412842, -13.1056251526, -18.4079017639, -6.77479028702, -33.3270378113], [-463.351745605, -354.604949951, 555.949462891, -90.8168869019, 108.03225708, 71.3832244873, -29.6460666656, 36.1323356628, -36.9148597717, -7.39252376556, -31.15026474, -27.7924842834, 21.1084327698], [-238.402893066, 318.174407959, -90.8168869019, 531.204162598, 125.957633972, -127.432304382, -3.33939099312, -117.78993988, 110.732872009, 45.9956283569, -30.6539154053, -32.9416122437, -39.3507957458], [-573.434570313, 38.1559677124, 108.03225708, 125.957633972, 243.484710693, -13.2220211029, -3.74759912491, -63.2355461121, 19.2366867065, 53.990852356, -11.1745052338, -17.7854499817, -21.0792121887], [211.249847412, -131.391738892, 71.3832244873, -127.432304382, -13.2220211029, 201.425674438, 36.53175354, 53.4427375793, -46.0663032532, -10.0301542282, 30.8139820099, 17.1699829102, 20.7156276703], [-200.344268799, 68.1873779297, -29.6460666656, -3.33939099312, -3.74759912491, 36.53175354, 165.901535034, 54.2314071655, 47.0470314026, -15.9083099365, -1.69156813622, 16.8488235474, -2.3360619545], [199.776092529, -36.7191162109, 36.1323356628, -117.78993988, -63.2355461121, 53.4427375793, 54.2314071655, 148.91595459, 13.1825914383, -10.2788743973, 4.79926729202, 11.3074035645, 19.4158306122], [-213.574249268, 85.0304412842, -36.9148597717, 110.732872009, 19.2366867065, -46.0663032532, 47.0470314026, 13.1825914383, 110.429718018, 34.2127494812, -1.02369439602, -8.80923652649, -12.0695810318], [-117.988830566, -13.1056251526, -7.39252376556, 45.9956283569, 53.990852356, -10.0301542282, -15.9083099365, -10.2788743973, 34.2127494812, 96.4572525024, 22.695766449, 13.3140382767, -10.5431222916], [114.881225586, -18.4079017639, -31.15026474, -30.6539154053, -11.1745052338, 30.8139820099, -1.69156813622, 4.79926729202, -1.02369439602, 22.695766449, 71.569152832, 34.7045440674, 14.7833805084], [79.3239059448, -6.77479028702, -27.7924842834, -32.9416122437, -17.7854499817, 17.1699829102, 16.8488235474, 11.3074035645, -8.80923652649, 13.3140382767, 34.7045440674, 74.1368103027, 31.9160804749], [89.2680358887, -33.3270378113, 21.1084327698, -39.3507957458, -21.0792121887, 20.7156276703, -2.3360619545, 19.4158306122, -12.0695810318, -10.5431222916, 14.7833805084, 31.9160804749, 62.8085861206]]
        icov: [[0.000180499220733, 5.52923447685e-005, 0.000174544009496, -0.000197013912839, 0.00028609088622, -0.000176521178219, 0.000306767644361, -0.000368306180462, 0.000320129096508, 9.07510475372e-005, -0.000143188459333, -2.19071407628e-005, -8.20823061076e-006], [5.52923447685e-005, 0.00210063625127, 0.00137043523137, -0.00110129325185, -0.000820100714918, 0.000581162399612, -0.000293308519758, -0.00115210411604, 0.000306091213133, 0.00127769529354, -9.26291613723e-005, -0.000136756018037, 0.000128400628455], [0.000174544009496, 0.00137043523137, 0.00357095850632, -0.000371529458789, -0.00203693588264, -0.000534370017704, 0.0009498342406, -0.00195309135597, 0.000341952516465, 0.0013105799444, 0.0010505754035, 0.000614454329479, -0.00109587889165], [-0.000197013912839, -0.00110129325185, -0.000371529458789, 0.00439055124298, -0.00108487764373, 0.000269190146355, 0.000252810219536, 0.0032093396876, -0.00413309084252, -0.000341816805303, 0.00129963865038, 3.00632927974e-005, -3.70805573766e-005], [0.00028609088622, -0.000820100714918, -0.00203693588264, -0.00108487764373, 0.00800612568855, -0.000728379818611, -0.00126193999313, 0.00258154864423, 0.00169361033477, -0.00470902910456, 0.000228827266255, 0.00125798000954, 8.71995071066e-005], [-0.000176521178219, 0.000581162399612, -0.000534370017704, 0.000269190146355, -0.000728379818611, 0.00836120173335, -0.00339810177684, -0.00166232185438, 0.00426665041596, -0.000788236618973, -0.00378368468955, 0.00198553060181, -0.0011379631469], [0.000306767644361, -0.000293308519758, 0.0009498342406, 0.000252810219536, -0.00126193999313, -0.00339810177684, 0.0113871190697, -0.00312685524113, -0.00644572498277, 0.00513321720064, 0.00198986544274, -0.00555960647762, 0.00331468344666], [-0.000368306180462, -0.00115210411604, -0.00195309135597, 0.0032093396876, 0.00258154864423, -0.00166232185438, -0.00312685524113, 0.0132098710164, -0.00459977053106, -0.00211355322972, 0.00171796337236, 0.000649716414046, -0.00217912951484], [0.000320129096508, 0.000306091213133, 0.000341952516465, -0.00413309084252, 0.00169361033477, 0.00426665041596, -0.00644572498277, -0.00459977053106, 0.0209513343871, -0.00731285382062, -0.00322150462307, 0.00573932053521, -0.00201323837973], [9.07510475372e-005, 0.00127769529354, 0.0013105799444, -0.000341816805303, -0.00470902910456, -0.000788236618973, 0.00513321720064, -0.00211355322972, -0.00731285382062, 0.0189910195768, -0.00371485482901, -0.00622879248112, 0.00524033419788], [-0.000143188459333, -9.26291613723e-005, 0.0010505754035, 0.00129963865038, 0.000228827266255, -0.00378368468955, 0.00198986544274, 0.00171796337236, -0.00322150462307, -0.00371485482901, 0.0221670325845, -0.00846959836781, -0.000673110364005], [-2.19071407628e-005, -0.000136756018037, 0.000614454329479, 3.00632927974e-005, 0.00125798000954, 0.00198553060181, -0.00555960647762, 0.000649716414046, 0.00573932053521, -0.00622879248112, -0.00846959836781, 0.0256083719432, -0.0118314260617], [-8.20823061076e-006, 0.000128400628455, -0.00109587889165, -3.70805573766e-005, 8.71995071066e-005, -0.0011379631469, 0.00331468344666, -0.00217912951484, -0.00201323837973, 0.00524033419788, -0.000673110364005, -0.0118314260617, 0.0242110826075]]
    sccoeffs:
        dmean: [0.0593041889369, 0.0485895015299, 0.039873406291, 0.0304215960205, 0.0195830725133, 0.0204725842923]
        dmean2: [0.0984217077494, 0.0806307867169, 0.0664493888617, 0.0510600283742, 0.0328184999526, 0.0331281013787]
        dvar: [0.0021981690079, 0.00155350146815, 0.000990631757304, 0.000578793813474, 0.000256890925812, 0.000391098408727]
        dvar2: [0.00595969473943, 0.00416660215706, 0.00271377991885, 0.00158610579092, 0.000701456447132, 0.000891877803952]
        max: [-0.306303352118, -0.455457478762, -0.558043420315, -0.58892673254, -0.64268797636, -0.51392108202]
        mean: [-0.642836749554, -0.760526835918, -0.789981722832, -0.793339490891, -0.803921401501, -0.739552855492]
        median: [-0.644937157631, -0.767826318741, -0.794295489788, -0.796798169613, -0.805319786072, -0.748011291027]
        min: [-0.972988963127, -0.978159368038, -0.978546559811, -0.967119991779, -0.971113979816, -0.962263166904]
        var: [0.00566545128822, 0.00422989204526, 0.00306498352438, 0.00194114760961, 0.000913901021704, 0.00426165480167]
    scvalleys:
        dmean: [0.405882775784, 0.374110639095, 0.35871759057, 0.286066025496, 0.221590936184, 0.306010395288]
        dmean2: [0.671074450016, 0.609552979469, 0.570712983608, 0.448076099157, 0.356428444386, 0.462855994701]
        dvar: [0.133056387305, 0.128218337893, 0.120995640755, 0.0893078669906, 0.0758517012, 0.132795527577]
        dvar2: [0.300162643194, 0.280880957842, 0.25645211339, 0.164475381374, 0.140918016434, 0.26951366663]
        max: [-5.21101617813, -4.62663125992, -5.02496099472, -5.71137905121, -5.64028263092, -6.96817874908]
        mean: [-6.66693401337, -6.6058511734, -7.40802621841, -7.53126525879, -6.8305106163, -9.6743516922]
        median: [-6.42499446869, -6.37007236481, -7.19692802429, -7.28726196289, -6.54021787643, -9.01436519623]
        min: [-27.6852874756, -27.2332782745, -27.1676101685, -27.3140659332, -27.3721351624, -27.2810001373]
        var: [1.24076032639, 1.76381468773, 2.07217693329, 1.87275230885, 1.82346749306, 4.13091564178]

rhythm:
    beats_loudness:
        dmean: 0.00229501561262
        dmean2: 0.0043310415931
        dvar: 2.66190204457e-006
        dvar2: 9.30620717554e-006
        max: 0.0129303662106
        mean: 0.0062570143491
        median: 0.00660996558145
        min: 2.23503326957e-010
        var: 7.80235222919e-006
    bpm: 129.914459229
    bpm_confidence: 0
    first_peak_bpm: 129
    first_peak_spread: 0.269090950489
    first_peak_weight: 0.706502616405
    onset_rate: 2.83297228813
    second_peak_bpm: 157
    second_peak_spread: 0.40000000596
    second_peak_weight: 0.0105448151007
    beats_loudness_band_ratio:
        dmean: [0.148335903883, 0.222869828343, 0.060612346977, 0.0414855629206, 0.108518600464, 0.06848102808]
        dmean2: [0.259674370289, 0.436976075172, 0.106443829834, 0.0728696882725, 0.197957918048, 0.118009872735]
        dvar: [0.0170881506056, 0.015634059906, 0.00424772687256, 0.0026627862826, 0.00646396912634, 0.00441301846877]
        dvar2: [0.0508844256401, 0.0509578771889, 0.0120374588296, 0.00753690069541, 0.0218501221389, 0.0117781423032]
        max: [0.953328371048, 0.785424053669, 0.441527158022, 0.381623357534, 0.549454629421, 0.616740584373]
        mean: [0.291854202747, 0.213037967682, 0.096160210669, 0.0523348376155, 0.22141250968, 0.195925652981]
        median: [0.2651078403, 0.191180825233, 0.0710265189409, 0.0292393937707, 0.213871717453, 0.192650169134]
        min: [0.0172182768583, 0.00752488849685, 0.000574988720473, 0.000317500118399, 0.00136008532718, 8.75708792591e-005]
        var: [0.0271766316146, 0.0254078321159, 0.00531830638647, 0.00338728283532, 0.0100972121581, 0.00742967939004]
    beats_position: [0.49922901392, 1.01006805897, 1.48607707024, 1.9620860815, 2.42648530006, 2.89088439941, 3.35528349876, 3.8196823597, 4.27247142792, 4.73687076569, 5.20126962662, 5.66566896439, 6.13006782532, 6.59446716309, 7.05886602402, 7.52326536179, 7.98766422272, 8.45206356049, 8.91646194458, 9.36925125122, 9.83365058899, 10.2864398956, 10.7392292023, 11.2036275864, 11.6680269241, 12.1208162308, 12.5852155685, 13.0496139526, 13.5140132904, 13.9784126282, 14.4428119659, 14.90721035, 15.3599996567, 15.8127889633, 16.2771873474, 16.7415866852, 17.2059860229, 17.6703853607, 18.1347846985, 18.5991840363, 19.0635814667, 19.5163707733, 19.96916008, 20.4335594177, 20.8979587555, 21.3623580933, 21.826757431, 22.2795467377, 22.7323360443, 23.1851234436, 23.6379127502, 24.102312088, 24.5667114258, 25.0311107635, 25.4955101013, 25.9599094391, 26.4243087769, 26.8770961761, 27.3298854828, 27.7942848206, 28.2586841583, 28.7230834961, 29.1874828339, 29.6518821716, 30.1162815094, 30.5806789398, 31.0334682465, 31.4978675842, 31.9506568909, 32.4150543213, 32.8794555664, 33.3438529968, 33.8082542419, 34.2726516724, 34.725440979, 35.1898422241, 35.6426315308, 36.1070289612, 36.5714263916, 37.0358276367, 37.5002250671, 37.9646263123, 38.4406356812, 38.8934249878, 39.334602356, 39.7989997864, 40.2634010315, 40.7277984619, 41.192199707, 41.6333770752, 42.0977783203, 42.5621757507, 43.0265769958, 43.4909744263, 43.9553718567, 44.4197731018, 44.8841705322, 45.3485717773, 45.801361084, 46.2657585144, 46.718547821, 47.1829452515, 47.6473464966, 48.111743927, 48.5761451721, 49.0289344788, 49.4933319092, 49.9461212158, 50.4105224609, 50.8749198914, 51.3393173218, 51.8037185669, 52.2681159973, 52.7325172424, 53.1969146729, 53.6497039795, 54.1024932861, 54.5668907166, 55.0312919617, 55.4956893921, 55.9600906372, 56.4244880676, 56.8888893127, 57.3416786194, 57.794467926, 58.2588653564, 58.7232627869, 59.187664032, 59.6520614624, 60.1164627075, 60.5692520142, 61.0220413208, 61.4864387512, 61.9508361816, 62.4152374268, 62.8796348572, 63.3440361023, 63.8084335327, 64.2728347778, 64.7256240845, 65.1784133911, 65.6428070068, 66.107208252, 66.5716094971, 67.0360107422, 67.5004043579, 67.964805603, 68.4175949097, 68.8703842163, 69.3347854614, 69.7991790771, 70.2635803223, 70.7279815674, 71.180770874, 71.6451721191, 72.0979614258, 72.5623550415, 73.0267562866, 73.4911575317, 73.9555511475, 74.4199523926, 74.8843536377, 75.3487548828, 75.8015441895, 76.2543258667, 76.7187271118, 77.1831283569, 77.6475296021, 78.1119232178, 78.5763244629, 79.040725708, 79.4935150146, 79.9579086304, 80.410697937, 80.8750991821, 81.3395004272, 81.8039016724, 82.2682952881, 82.7326965332, 83.1854858398, 83.6382751465, 84.1026763916, 84.5554656982, 85.019859314, 85.4726486206, 85.9370498657, 86.4014511108, 86.865852356, 87.3302459717, 87.7946472168, 88.2590484619, 88.7234420776, 89.1878433228, 89.6522445679, 90.116645813, 90.5810394287, 91.0454406738, 91.4982299805, 91.9510192871, 92.4154205322, 92.8798141479, 93.3326034546, 93.7853927612, 94.2497940063, 94.7141952515, 95.1785888672, 95.6429901123, 96.1073913574, 96.5717926025, 97.0361862183, 97.5005874634, 97.95337677, 98.4061660767, 98.8705673218, 99.3349609375, 99.7993621826, 100.263763428, 100.716552734, 101.180953979, 101.633743286, 102.098136902, 102.562538147, 103.026939392, 103.491333008, 103.955734253, 104.420135498, 104.884536743, 105.33732605, 105.790107727, 106.254508972, 106.718910217, 107.183311462, 107.647705078, 108.112106323, 108.576507568, 109.029296875, 109.482086182, 109.946479797, 110.410881042, 110.875282288, 111.339683533, 111.804077148, 112.268478394, 112.732879639, 113.185668945, 113.638458252, 114.102851868, 114.567253113, 115.031654358, 115.496055603, 115.960449219, 116.413238525, 116.866027832, 117.330429077, 117.794830322, 118.259223938, 118.723625183, 119.188026428, 119.652427673, 120.116821289, 120.581222534, 121.034011841, 121.486801147, 121.951202393, 122.415596008, 122.879997253, 123.344398499, 123.808792114, 124.273193359, 124.725982666, 125.178771973, 125.643173218, 126.107574463, 126.571968079, 127.036369324, 127.500770569, 127.965164185, 128.42956543, 128.882354736, 129.346755981, 129.799545288, 130.263946533, 130.728347778, 131.181137085, 131.633926392, 132.098312378, 132.562713623, 133.027114868, 133.491516113, 133.955917358, 134.420318604, 134.884719849, 135.337509155, 135.801895142, 136.254684448, 136.719085693, 137.183486938, 137.647888184, 138.112289429, 138.565078735, 139.017868042, 139.482269287, 139.946670532, 140.411056519, 140.875457764, 141.339859009, 141.804260254, 142.268661499, 142.733062744, 143.185852051, 143.638641357, 144.103042603, 144.567428589, 145.031829834, 145.484619141, 145.937408447, 146.401809692, 146.866210938, 147.330612183, 147.795013428, 148.259414673, 148.723800659, 149.188201904, 149.652603149, 150.117004395, 150.58140564, 151.034194946, 151.498596191, 151.951385498, 152.404174805, 152.856964111, 153.321365356, 153.785751343, 154.250152588, 154.714553833, 155.178955078, 155.643356323, 156.09614563, 156.572158813, 157.0365448, 157.489334106, 157.942123413, 158.406524658, 158.859313965, 159.32371521, 159.788116455, 160.264129639, 160.716918945, 161.181304932, 161.645706177, 162.098495483, 162.562896729, 163.027297974, 163.491699219, 163.956100464, 164.420501709, 164.884887695, 165.337677002, 165.802078247, 166.266479492, 166.719268799, 167.183670044, 167.648071289, 168.112472534, 168.565261841, 169.018051147, 169.482452393, 169.946838379, 170.411239624, 170.875640869, 171.340042114, 171.804443359, 172.268844604, 172.721633911, 173.174423218, 173.638824463, 174.103210449, 174.567611694, 175.032012939, 175.496414185, 175.96081543, 176.425216675, 176.878005981, 177.330795288, 177.795196533, 178.25958252, 178.723983765, 179.176773071, 179.629562378, 180.093963623, 180.558364868, 181.022766113, 181.487167358, 181.951568604, 182.40435791, 182.868743896, 183.321533203, 183.785934448, 184.250335693, 184.714736938, 185.179138184, 185.643539429, 186.107940674, 186.57232666, 187.025115967, 187.477905273, 187.942306519, 188.406707764, 188.871109009, 189.335510254, 189.799911499, 190.264297485, 190.72869873, 191.193099976, 191.657501221, 192.110290527, 192.563079834, 193.027481079, 193.491882324, 193.956283569, 194.420669556, 194.873458862, 195.326248169, 195.790649414, 196.255050659, 196.719451904, 197.183853149, 197.648254395, 198.11265564, 198.577041626, 199.041442871, 199.505844116, 199.970245361, 200.434646606, 200.899047852, 201.363449097, 201.816238403, 202.28062439, 202.745025635, 203.20942688, 203.662216187, 204.126617432, 204.579406738, 205.032196045, 205.49659729, 205.960998535, 206.42539978, 206.889785767, 207.342575073, 207.79536438, 208.259765625, 208.72416687, 209.188568115, 209.65296936, 210.117370605, 210.581771851, 211.034561157, 211.487350464, 211.95173645, 212.416137695, 212.88053894, 213.344940186, 213.809341431, 214.273742676, 214.738143921, 215.190933228, 215.643707275, 216.096496582, 216.549285889, 217.025299072, 217.489700317, 217.954101563, 218.406890869, 218.871292114, 219.335693359, 219.800079346, 220.264480591, 220.728881836, 221.193283081, 221.657684326, 222.110473633, 222.563262939, 223.027664185, 223.49206543, 223.956451416, 224.420852661, 224.885253906, 225.349655151, 225.802444458, 226.255233765, 226.71963501, 227.184036255, 227.6484375, 228.112823486, 228.565612793, 229.030014038, 229.494415283, 229.94720459, 230.411605835, 230.87600708, 231.340408325, 231.80480957, 232.269195557, 232.733596802, 233.186386108, 233.639175415, 234.10357666, 234.567977905, 235.03237915, 235.496780396, 235.961181641, 236.425567627, 236.878356934, 237.33114624, 237.795547485, 238.25994873, 238.724349976, 239.188751221, 239.653152466, 240.117553711, 240.570343018, 241.023132324, 241.487518311, 241.951919556, 242.416320801, 242.880722046, 243.345123291, 243.809524536, 244.262313843, 244.715103149, 245.179489136, 245.643890381, 246.108291626, 246.572692871, 247.037094116, 247.501495361, 247.954284668, 248.407073975, 248.87147522, 249.335861206, 249.800262451, 250.264663696, 250.74067688, 251.239898682, 251.715911865, 252.191925049, 252.667938232, 253.155548096, 253.631561279, 254.107574463, 254.583572388, 255.059585571, 255.535598755, 256, 256.464385986, 256.92880249, 257.3699646, 257.811157227, 258.252319336, 258.623840332, 258.995361328, 259.366882324, 259.73840332, 260.121551514, 260.493041992, 260.876190186, 261.259307861, 261.642456055, 262.02557373, 262.408691406]
