
metadata:
    version:
        essentia: "2.1-beta2"
    audio_properties:
        analysis_sample_rate: 44100
        bitrate: 224
        channels: 2
        equal_loudness: 1
        length: 200.751022339
        replay_gain: -14.140001297
        downmix: "mix"
    tags:
        album: "The Way Of The Fist (UK Import)"
        artist: "Five Finger Death Punch"
        comment: "."
        date: "2009"
        genre: "Metal"
        title: "Salvation"
        tracknumber: "3"

configuration:
    average_loudness:
        compute: 1
        frameSize: 88200
        hopSize: 44100
        silentFrames: "noise"
        windowType: "hann"
    general:
        analysisSampleRate: 44100
        endTime: 2000
        equalLoudness: 1
        nequalLoudness: 0
        shortSound: 0
        startTime: 0
    lowlevel:
        compute: 1
        frameSize: 2048
        hopSize: 1024
        zeroPadding: 0
        silentFrames: "noise"
        windowType: "blackmanharris62"
        mfccStats: ["mean", "cov", "icov"]
        stats: ["mean", "var", "median", "min", "max", "dmean", "dmean2", "dvar", "dvar2"]
    panning:
        compute: 0
        frameSize: 8192
        hopSize: 2048
        zeroPadding: 8192
        silentFrames: "noise"
        windowType: "hann"
        stats: ["copy"]
    rhythm:
        compute: 1
        maxTempo: 208
        minTempo: 40
        method: "degara"
        stats: ["mean", "var", "median", "min", "max", "dmean", "dmean2", "dvar", "dvar2"]
    segmentation:
        compute: 0
        cpw: 5
        inc1: 300
        inc2: 50
        minimumSegmentsLength: 10
        size1: 1000
        size2: 600
    sfx:
        compute: 1
        stats: ["mean", "var", "median", "min", "max", "dmean", "dmean2", "dvar", "dvar2"]
    svm:
        compute: 0
    tonal:
        compute: 1
        frameSize: 4096
        hopSize: 2048
        zeroPadding: 0
        silentFrames: "noise"
        windowType: "blackmanharris62"
        stats: ["mean", "var", "median", "min", "max", "dmean", "dmean2", "dvar", "dvar2"]

lowlevel:
    average_loudness: 0.964163064957
    barkbands_kurtosis:
        dmean: 1.15087890625
        dmean2: 1.806614995
        dvar: 19.3676795959
        dvar2: 38.4151268005
        max: 152.423248291
        mean: -0.217716962099
        median: -1.30165445805
        min: -1.91199827194
        var: 44.7394294739
    barkbands_skewness:
        dmean: 0.513665020466
        dmean2: 0.796671330929
        dvar: 0.333164662123
        dvar2: 0.721781075001
        max: 8.76180362701
        mean: 0.0779051706195
        median: -0.0537045560777
        min: -3.96315836906
        var: 1.00480556488
    barkbands_spread:
        dmean: 6.73339939117
        dmean2: 10.8365135193
        dvar: 48.3459587097
        dvar2: 119.149490356
        max: 83.835319519
        mean: 37.7109527588
        median: 37.5851135254
        min: 0.273099541664
        var: 118.219085693
    dissonance:
        dmean: 0.0101467045024
        dmean2: 0.0171738695353
        dvar: 0.000104985352664
        dvar2: 0.000272323872196
        max: 0.499999940395
        mean: 0.482932001352
        median: 0.486678868532
        min: 0.254096567631
        var: 0.000225390584092
    hfc:
        dmean: 2.85740208626
        dmean2: 4.72241783142
        dvar: 9.43421268463
        dvar2: 25.2642440796
        max: 45.5497093201
        mean: 10.0766706467
        median: 9.56672763824
        min: 1.15465837304e-016
        var: 26.4222984314
    pitch:
        dmean: 815.295349121
        dmean2: 1551.6340332
        dvar: 1459936.125
        dvar2: 3484603.5
        max: 4471.01855469
        mean: 1835.08483887
        median: 1343.07421875
        min: 59.9532165527
        var: 2381078.5
    pitch_instantaneous_confidence:
        dmean: 0.0782293751836
        dmean2: 0.127901554108
        dvar: 0.00430108234286
        dvar2: 0.0107500404119
        max: 0.946088552475
        mean: 0.364665865898
        median: 0.344994604588
        min: 0.0888569355011
        var: 0.0152576081455
    pitch_salience:
        dmean: 0.0679546296597
        dmean2: 0.111163966358
        dvar: 0.00375451589935
        dvar2: 0.00952638685703
        max: 0.923415899277
        mean: 0.655565679073
        median: 0.676070511341
        min: 0.157922029495
        var: 0.00992103945464
    silence_rate_20dB:
        dmean: 0
        dmean2: 0
        dvar: 0
        dvar2: 0
        max: 1
        mean: 1
        median: 1
        min: 1
        var: 0
    silence_rate_30dB:
        dmean: 0
        dmean2: 0
        dvar: 0
        dvar2: 0
        max: 1
        mean: 1
        median: 1
        min: 1
        var: 0
    silence_rate_60dB:
        dmean: 0.0483460575342
        dmean2: 0.0967032983899
        dvar: 0.0460154488683
        dvar2: 0.105153366923
        max: 1
        mean: 0.0989938676357
        median: 0
        min: 0
        var: 0.0891985446215
    spectral_centroid:
        dmean: 344.288604736
        dmean2: 548.002990723
        dvar: 114997.296875
        dvar2: 262159.1875
        max: 11576.7802734
        mean: 1714.66271973
        median: 1732.99450684
        min: 133.697570801
        var: 354830.03125
    spectral_complexity:
        dmean: 4.57760810852
        dmean2: 7.27703857422
        dvar: 15.3848056793
        dvar2: 37.8353538513
        max: 42
        mean: 19.3270492554
        median: 20
        min: 0
        var: 68.2672729492
    spectral_crest:
        dmean: 1.95267415047
        dmean2: 3.208548069
        dvar: 3.71835803986
        dvar2: 8.88847255707
        max: 23.9342918396
        mean: 6.4567565918
        median: 5.64586544037
        min: 2.36384010315
        var: 8.00301074982
    spectral_decrease:
        dmean: 2.88906315538e-010
        dmean2: 4.64600774519e-010
        dvar: 8.72020587219e-020
        dvar2: 2.24599130149e-019
        max: 2.90133522032e-029
        mean: -1.30870170256e-009
        median: -1.29451116493e-009
        min: -3.84697695921e-009
        var: 2.6168675519e-019
    spectral_energy:
        dmean: 0.00126698648091
        dmean2: 0.00205245567486
        dvar: 1.71214389866e-006
        dvar2: 4.47290221928e-006
        max: 0.0186508540064
        mean: 0.00585334002972
        median: 0.00577965052798
        min: 1.04195135392e-020
        var: 5.21966694578e-006
    spectral_energyband_high:
        dmean: 0.000227873242693
        dmean2: 0.000392283574911
        dvar: 1.05728936717e-007
        dvar2: 2.94894476838e-007
        max: 0.00414470769465
        mean: 0.000480683607748
        median: 0.000391793379094
        min: 7.36428801936e-021
        var: 1.54450660261e-007
    spectral_energyband_low:
        dmean: 0.000446218444267
        dmean2: 0.000729334133212
        dvar: 2.34009263522e-007
        dvar2: 5.8544520698e-007
        max: 0.0060499124229
        mean: 0.000774217711296
        median: 0.000586353358813
        min: 1.35140471648e-023
        var: 4.43045763632e-007
    spectral_energyband_middle_high:
        dmean: 0.000764068972785
        dmean2: 0.00122241862118
        dvar: 5.8764555888e-007
        dvar2: 1.45228034398e-006
        max: 0.0154760582373
        mean: 0.00270052906126
        median: 0.00248887506314
        min: 1.47883374146e-021
        var: 2.38015536524e-006
    spectral_energyband_middle_low:
        dmean: 0.000850422075018
        dmean2: 0.00136511598248
        dvar: 9.45423835219e-007
        dvar2: 2.39378482547e-006
        max: 0.0101803494617
        mean: 0.00210587773472
        median: 0.0018146133516
        min: 2.60450215494e-022
        var: 1.86721331374e-006
    spectral_flatness_db:
        dmean: 0.0158029682934
        dmean2: 0.0241628903896
        dvar: 0.000295936129987
        dvar2: 0.000612201634794
        max: 0.514459192753
        mean: 0.137921869755
        median: 0.128965556622
        min: 0.0496110469103
        var: 0.00205047358759
    spectral_flux:
        dmean: 0.00802818592638
        dmean2: 0.0125799467787
        dvar: 6.05877066846e-005
        dvar2: 0.000134023503051
        max: 0.128871545196
        mean: 0.0469023063779
        median: 0.0465628951788
        min: 7.19815318462e-011
        var: 0.00019158894429
    spectral_kurtosis:
        dmean: 1.28927969933
        dmean2: 2.07333278656
        dvar: 14.979300499
        dvar2: 29.5918216705
        max: 162.303939819
        mean: 3.96976518631
        median: 3.19985795021
        min: -1.20641791821
        var: 55.8747138977
    spectral_rms:
        dmean: 0.000257300795056
        dmean2: 0.000410526787164
        dvar: 6.0313290362e-008
        dvar2: 1.51302529616e-007
        max: 0.00426567159593
        mean: 0.00233200099319
        median: 0.00237459130585
        min: 3.18831918332e-012
        var: 2.72352650654e-007
    spectral_rolloff:
        dmean: 443.335266113
        dmean2: 728.154724121
        dvar: 396839.34375
        dvar2: 892415.375
        max: 19078.4179688
        mean: 3298.2878418
        median: 3359.1796875
        min: 129.19921875
        var: 876722.375
    spectral_skewness:
        dmean: 0.187190383673
        dmean2: 0.295815199614
        dvar: 0.0868416726589
        dvar2: 0.171058684587
        max: 10.7315940857
        mean: 1.35388803482
        median: 1.32588887215
        min: -0.128361180425
        var: 0.378285735846
    spectral_spread:
        dmean: 595992.1875
        dmean2: 867503.625
        dvar: 716564201472
        dvar2: 1.35202118042e+012
        max: 41963956
        mean: 5097107
        median: 4830336.5
        min: 493644.125
        var: 3.03996154675e+012
    spectral_strongpeak:
        dmean: 0.425876319408
        dmean2: 0.742104291916
        dvar: 0.517659783363
        dvar2: 1.34439742565
        max: 8.32052612305
        mean: 0.581454277039
        median: 0.243893027306
        min: 4.04659743214e-011
        var: 0.858820676804
    zerocrossingrate:
        dmean: 0.00993612222373
        dmean2: 0.0120376432315
        dvar: 9.72847847152e-005
        dvar2: 0.000127518665977
        max: 0.49951171875
        mean: 0.0987208485603
        median: 0.10009765625
        min: 0.00537109375
        var: 0.00071286741877
    barkbands:
        dmean: [8.48329818837e-007, 0.000184113974683, 0.000279356027022, 0.000260337081272, 0.000380321143894, 0.000191633080249, 0.000217057808186, 0.000160037117894, 0.000157558097271, 0.00010085656686, 4.63322430733e-005, 5.59746586077e-005, 4.66366764158e-005, 5.68626310269e-005, 7.85365773481e-005, 0.000127233477542, 0.000236082516494, 0.000314674660331, 0.000228498814977, 0.000177936744876, 8.78971259226e-005, 4.52721433248e-005, 1.51875719894e-005, 7.51051447878e-006, 2.75314346254e-006, 1.22028183114e-007, 1.68459324268e-009]
        dmean2: [1.50814992139e-006, 0.000317573605571, 0.000454915862065, 0.00041620209231, 0.000605190347414, 0.000317691563396, 0.000368330773199, 0.000265584792942, 0.000252433150308, 0.000164221710293, 7.57758680265e-005, 8.97474747035e-005, 7.51467086957e-005, 9.09137015697e-005, 0.000126697792439, 0.000210521495319, 0.000380335579393, 0.000525398587342, 0.000379133183742, 0.000300891435472, 0.000152265405632, 7.7198681538e-005, 2.41211655521e-005, 1.19689575513e-005, 4.34147341366e-006, 1.88239738463e-007, 2.60870569591e-009]
        dvar: [1.12363167815e-012, 5.6876533705e-008, 1.14404429041e-007, 1.2937002225e-007, 2.71453501455e-007, 1.24326618334e-007, 2.24618901257e-007, 8.8508606666e-008, 8.83557476072e-008, 5.07948385575e-008, 9.17586717719e-009, 1.38775160252e-008, 1.16555041174e-008, 1.38867983779e-008, 1.8053578188e-008, 2.73007021434e-008, 9.49012175511e-008, 1.32932242991e-007, 8.58223501154e-008, 4.57341933213e-008, 1.77305814475e-008, 4.79852291235e-009, 1.34570321553e-009, 5.92267679345e-010, 6.6377833785e-011, 1.06892955858e-013, 1.15600053976e-017]
        dvar2: [3.34802238017e-012, 1.51222607769e-007, 2.72191556405e-007, 3.03194070739e-007, 6.44452313736e-007, 3.23296461602e-007, 6.07861181834e-007, 2.28244616096e-007, 2.10131986478e-007, 1.33263938551e-007, 2.46199096665e-008, 3.28904832259e-008, 2.78827059219e-008, 3.32534781933e-008, 4.24573762814e-008, 7.175863459e-008, 2.1227151592e-007, 3.46196515011e-007, 2.28931583024e-007, 1.2747976541e-007, 5.02137140757e-008, 1.21265513187e-008, 3.03255620615e-009, 1.24687093983e-009, 1.52202250803e-010, 2.54315232068e-013, 2.45867740748e-017]
        max: [6.88216232447e-006, 0.00145512423478, 0.00539038144052, 0.00438921852037, 0.00679170200601, 0.00877692643553, 0.00484111066908, 0.00383711559698, 0.00589297898114, 0.00491472287104, 0.00180542643648, 0.00284570641816, 0.00334153138101, 0.00354902911931, 0.00384030700661, 0.00290011521429, 0.0134359421209, 0.00740178674459, 0.00769471842796, 0.00316928117536, 0.00223917071708, 0.00167791324202, 0.000851266726386, 0.000596600933932, 0.000199763191631, 7.22095546735e-006, 5.48596332806e-008]
        mean: [8.00617101504e-007, 0.000198125082534, 0.000412950408645, 0.000392777874367, 0.000596935453359, 0.000290011550533, 0.000266877439572, 0.000215880208998, 0.000272475328529, 0.000171262348886, 7.50672697905e-005, 9.16752469493e-005, 6.98021394783e-005, 9.57512820605e-005, 0.000146881531691, 0.000245748931775, 0.000492027495056, 0.000655281997751, 0.000495613378007, 0.00037905969657, 0.000170636500116, 7.6534357504e-005, 2.47003408731e-005, 1.17485324154e-005, 4.49961225968e-006, 2.07886017733e-007, 2.73393685468e-009]
        median: [4.03885962896e-007, 0.000113050409709, 0.000247267977102, 0.000224324932788, 0.000373604096239, 0.00014800648205, 0.0001118318105, 9.11556271603e-005, 0.000113178604806, 5.38502063137e-005, 2.67150444415e-005, 2.30142959481e-005, 2.06805343623e-005, 4.30891959695e-005, 8.52890079841e-005, 0.000185026350664, 0.000382234284189, 0.0005355605972, 0.000425609701779, 0.000341384555213, 0.000135438429425, 4.37604976469e-005, 1.01829537016e-005, 3.87665249946e-006, 2.02146725314e-006, 8.00962709491e-008, 9.20871712218e-010]
        min: [1.68211729606e-024, 5.18283271338e-024, 1.52508782755e-024, 9.79281435891e-024, 2.82977596457e-023, 2.64132308966e-023, 5.19861640014e-023, 3.66675328293e-023, 1.92724020291e-023, 2.7170206044e-023, 2.25099676479e-023, 8.57898540658e-023, 9.10709307275e-023, 1.842138204e-023, 1.10059639442e-022, 1.40372673644e-022, 1.36369576892e-022, 1.37661579593e-022, 1.78012004222e-022, 2.54069832761e-022, 2.89203677996e-022, 3.86515262101e-022, 4.71283730621e-022, 6.73736236031e-022, 1.04208742674e-021, 1.66550312177e-021, 2.3949502043e-021]
        var: [1.00403149336e-012, 5.20629157563e-008, 2.43214259399e-007, 2.44493833179e-007, 4.50442115607e-007, 1.88102760035e-007, 2.15613155774e-007, 1.18806632088e-007, 1.97295008775e-007, 1.22194620644e-007, 1.95188327723e-008, 3.42446924151e-008, 1.90911251252e-008, 2.92230097898e-008, 4.89136020576e-008, 5.18657721216e-008, 2.27323113222e-007, 2.76013309986e-007, 1.53164137373e-007, 7.30891400735e-008, 2.27580727596e-008, 9.15855657979e-009, 2.76708722602e-009, 1.28897259533e-009, 9.77248282297e-011, 1.51980790691e-013, 2.13629203554e-017]
    frequency_bands:
        dmean: [8.48329818837e-007, 0.000184113974683, 0.000279356027022, 0.000260337081272, 0.000380321143894, 0.000191633080249, 0.000217057808186, 0.000160037117894, 0.000157558097271, 0.00010085656686, 4.63322430733e-005, 5.59746586077e-005, 4.66366764158e-005, 5.68626310269e-005, 7.85365773481e-005, 0.000127233477542, 0.000236082516494, 0.000314674660331, 0.000228498814977, 0.000177936744876, 8.78971259226e-005, 4.52721433248e-005, 1.51875719894e-005, 7.51051447878e-006, 2.75314346254e-006, 1.22028183114e-007, 1.68459324268e-009, 7.05353414565e-011]
        dmean2: [1.50814992139e-006, 0.000317573605571, 0.000454915862065, 0.00041620209231, 0.000605190347414, 0.000317691563396, 0.000368330773199, 0.000265584792942, 0.000252433150308, 0.000164221710293, 7.57758680265e-005, 8.97474747035e-005, 7.51467086957e-005, 9.09137015697e-005, 0.000126697792439, 0.000210521495319, 0.000380335579393, 0.000525398587342, 0.000379133183742, 0.000300891435472, 0.000152265405632, 7.7198681538e-005, 2.41211655521e-005, 1.19689575513e-005, 4.34147341366e-006, 1.88239738463e-007, 2.60870569591e-009, 1.31644695145e-010]
        dvar: [1.12363167815e-012, 5.6876533705e-008, 1.14404429041e-007, 1.2937002225e-007, 2.71453501455e-007, 1.24326618334e-007, 2.24618901257e-007, 8.8508606666e-008, 8.83557476072e-008, 5.07948385575e-008, 9.17586717719e-009, 1.38775160252e-008, 1.16555041174e-008, 1.38867983779e-008, 1.8053578188e-008, 2.73007021434e-008, 9.49012175511e-008, 1.32932242991e-007, 8.58223501154e-008, 4.57341933213e-008, 1.77305814475e-008, 4.79852291235e-009, 1.34570321553e-009, 5.92267679345e-010, 6.6377833785e-011, 1.06892955858e-013, 1.15600053976e-017, 8.65531985393e-021]
        dvar2: [3.34802238017e-012, 1.51222607769e-007, 2.72191556405e-007, 3.03194070739e-007, 6.44452313736e-007, 3.23296461602e-007, 6.07861181834e-007, 2.28244616096e-007, 2.10131986478e-007, 1.33263938551e-007, 2.46199096665e-008, 3.28904832259e-008, 2.78827059219e-008, 3.32534781933e-008, 4.24573762814e-008, 7.175863459e-008, 2.1227151592e-007, 3.46196515011e-007, 2.28931583024e-007, 1.2747976541e-007, 5.02137140757e-008, 1.21265513187e-008, 3.03255620615e-009, 1.24687093983e-009, 1.52202250803e-010, 2.54315232068e-013, 2.45867740748e-017, 2.75848804597e-020]
        max: [6.88216232447e-006, 0.00145512423478, 0.00539038144052, 0.00438921852037, 0.00679170200601, 0.00877692643553, 0.00484111066908, 0.00383711559698, 0.00589297898114, 0.00491472287104, 0.00180542643648, 0.00284570641816, 0.00334153138101, 0.00354902911931, 0.00384030700661, 0.00290011521429, 0.0134359421209, 0.00740178674459, 0.00769471842796, 0.00316928117536, 0.00223917071708, 0.00167791324202, 0.000851266726386, 0.000596600933932, 0.000199763191631, 7.22095546735e-006, 5.48596332806e-008, 8.17687195731e-010]
        mean: [8.00617101504e-007, 0.000198125082534, 0.000412950408645, 0.000392777874367, 0.000596935453359, 0.000290011550533, 0.000266877439572, 0.000215880208998, 0.000272475328529, 0.000171262348886, 7.50672697905e-005, 9.16752469493e-005, 6.98021394783e-005, 9.57512820605e-005, 0.000146881531691, 0.000245748931775, 0.000492027495056, 0.000655281997751, 0.000495613378007, 0.00037905969657, 0.000170636500116, 7.6534357504e-005, 2.47003408731e-005, 1.17485324154e-005, 4.49961225968e-006, 2.07886017733e-007, 2.73393685468e-009, 5.40334721411e-011]
        median: [4.03885962896e-007, 0.000113050409709, 0.000247267977102, 0.000224324932788, 0.000373604096239, 0.00014800648205, 0.0001118318105, 9.11556271603e-005, 0.000113178604806, 5.38502063137e-005, 2.67150444415e-005, 2.30142959481e-005, 2.06805343623e-005, 4.30891959695e-005, 8.52890079841e-005, 0.000185026350664, 0.000382234284189, 0.0005355605972, 0.000425609701779, 0.000341384555213, 0.000135438429425, 4.37604976469e-005, 1.01829537016e-005, 3.87665249946e-006, 2.02146725314e-006, 8.00962709491e-008, 9.20871712218e-010, 2.22906571673e-011]
        min: [1.68211729606e-024, 5.18283271338e-024, 1.52508782755e-024, 9.79281435891e-024, 2.82977596457e-023, 2.64132308966e-023, 5.19861640014e-023, 3.66675328293e-023, 1.92724020291e-023, 2.7170206044e-023, 2.25099676479e-023, 8.57898540658e-023, 9.10709307275e-023, 1.842138204e-023, 1.10059639442e-022, 1.40372673644e-022, 1.36369576892e-022, 1.37661579593e-022, 1.78012004222e-022, 2.54069832761e-022, 2.89203677996e-022, 3.86515262101e-022, 4.71283730621e-022, 6.73736236031e-022, 1.04208742674e-021, 1.66550312177e-021, 2.3949502043e-021, 5.69742204887e-022]
        var: [1.00403149336e-012, 5.20629157563e-008, 2.43214259399e-007, 2.44493833179e-007, 4.50442115607e-007, 1.88102760035e-007, 2.15613155774e-007, 1.18806632088e-007, 1.97295008775e-007, 1.22194620644e-007, 1.95188327723e-008, 3.42446924151e-008, 1.90911251252e-008, 2.92230097898e-008, 4.89136020576e-008, 5.18657721216e-008, 2.27323113222e-007, 2.76013309986e-007, 1.53164137373e-007, 7.30891400735e-008, 2.27580727596e-008, 9.15855657979e-009, 2.76708722602e-009, 1.28897259533e-009, 9.77248282297e-011, 1.51980790691e-013, 2.13629203554e-017, 6.84092906866e-021]
    mfcc:
        mean: [-687.724121094, 96.48878479, -37.6180114746, 65.2657623291, -3.34090137482, -11.4732723236, -4.47287082672, 2.15828108788, 4.52724075317, -1.75247645378, -2.36244463921, -3.94626522064, -6.16915893555]
        cov: [[4141.34375, -116.328704834, -404.601776123, -77.5518569946, -386.797027588, 7.10344362259, -145.559570313, 85.730796814, -92.4532394409, -38.7854385376, 62.7631416321, 50.0639610291, 64.1919021606], [-116.328704834, 704.518371582, -217.019317627, 136.615707397, 15.6133594513, -77.9036254883, 63.1829376221, -10.6561555862, 58.43227005, -28.4547615051, -11.0131578445, -20.8813724518, -37.8833236694], [-404.601776123, -217.019317627, 501.109405518, -26.7878398895, 88.7634048462, 64.6930923462, -35.5130157471, 23.9622173309, -41.9241218567, 8.30625724792, -17.2824363708, -6.73036623001, 15.4755392075], [-77.5518569946, 136.615707397, -26.7878398895, 393.88848877, 115.684654236, -59.7132797241, 9.16304302216, -93.6384506226, 55.1523742676, 20.2519168854, -24.2140922546, -12.1104068756, -20.1932678223], [-386.797027588, 15.6133594513, 88.7634048462, 115.684654236, 218.230499268, 18.9211616516, 4.01422977448, -46.6001777649, 11.9712324142, 43.2862663269, -7.06855678558, -14.7728738785, -18.8340625763], [7.10344362259, -77.9036254883, 64.6930923462, -59.7132797241, 18.9211616516, 165.391860962, 13.5872135162, 37.0960922241, -44.8578262329, -0.3962431252, 16.0463523865, 8.64728164673, 10.1187067032], [-145.559570313, 63.1829376221, -35.5130157471, 9.16304302216, 4.01422977448, 13.5872135162, 142.538513184, 46.6733551025, 35.9717521667, -12.8110647202, -10.8493175507, 10.9441709518, -7.0790977478], [85.730796814, -10.6561555862, 23.9622173309, -93.6384506226, -46.6001777649, 37.0960922241, 46.6733551025, 131.314331055, 7.76246070862, -5.20168161392, -6.45859336853, 2.06988430023, 6.22581338882], [-92.4532394409, 58.43227005, -41.9241218567, 55.1523742676, 11.9712324142, -44.8578262329, 35.9717521667, 7.76246070862, 95.45753479, 23.0622768402, 1.58086061478, -6.60760784149, -9.04746055603], [-38.7854385376, -28.4547615051, 8.30625724792, 20.2519168854, 43.2862663269, -0.3962431252, -12.8110647202, -5.20168161392, 23.0622768402, 79.0600967407, 17.5284118652, 7.83911657333, -5.29203128815], [62.7631416321, -11.0131578445, -17.2824363708, -24.2140922546, -7.06855678558, 16.0463523865, -10.8493175507, -6.45859336853, 1.58086061478, 17.5284118652, 74.2621917725, 29.0318164825, 19.0516967773], [50.0639610291, -20.8813724518, -6.73036623001, -12.1104068756, -14.7728738785, 8.64728164673, 10.9441709518, 2.06988430023, -6.60760784149, 7.83911657333, 29.0318164825, 65.090965271, 30.1308898926], [64.1919021606, -37.8833236694, 15.4755392075, -20.1932678223, -18.8340625763, 10.1187067032, -7.0790977478, 6.22581338882, -9.04746055603, -5.29203128815, 19.0516967773, 30.1308898926, 64.587097168]]
        icov: [[0.000356870383257, 0.000106532526843, 0.00031599868089, -0.000299306295346, 0.000525960407685, -5.91248317505e-005, 0.00044574047206, -0.000479694310343, 0.000377489515813, -6.35572578176e-005, -0.000183275420568, -2.65759372269e-005, -8.96309284144e-005], [0.000106532526843, 0.0019888014067, 0.000851909338962, -0.000633371993899, -0.000323179847328, 0.000566993025132, -0.000235629471717, -0.000719750125427, -9.95092996163e-005, 0.00111069763079, -0.000579571758863, 0.000254752289038, 0.000648158660624], [0.00031599868089, 0.000851909338962, 0.00310275354423, -0.000289820542093, -0.00113046367187, -0.000330435897922, 0.00117514736485, -0.00160718685947, 0.000795338710304, 0.00052287458675, 0.000495049636811, 3.6501129216e-005, -0.000651394831948], [-0.000299306295346, -0.000633371993899, -0.000289820542093, 0.00444455165416, -0.00195746123791, 0.000241981964791, -0.00056835275609, 0.00305318902247, -0.0023706597276, 4.23907367804e-005, 0.00181297492236, -0.000641472521238, -0.000144452613313], [0.000525960407685, -0.000323179847328, -0.00113046367187, -0.00195746123791, 0.00861153844744, -0.00170395569876, -0.000942624988966, 0.00204909383319, 0.000861534848809, -0.0043955584988, 9.99067342491e-005, 0.00168676371686, 0.000368022825569], [-5.91248317505e-005, 0.000566993025132, -0.000330435897922, 0.000241981964791, -0.00170395569876, 0.00902307778597, -0.00192686810624, -0.00258957082406, 0.00485154474154, -0.000260265107499, -0.00283354590647, 0.000980697921477, -0.000289318006253], [0.00044574047206, -0.000235629471717, 0.00117514736485, -0.00056835275609, -0.000942624988966, -0.00192686810624, 0.0116431852803, -0.004371677991, -0.00448353681713, 0.00377231650054, 0.0019117196789, -0.0049095521681, 0.00209156982601], [-0.000479694310343, -0.000719750125427, -0.00160718685947, 0.00305318902247, 0.00204909383319, -0.00258957082406, -0.004371677991, 0.0136321773753, -0.00305678532459, -0.00193202623632, 0.00268811709248, 0.000934623647481, -0.00121116859373], [0.000377489515813, -9.95092996163e-005, 0.000795338710304, -0.0023706597276, 0.000861534848809, 0.00485154474154, -0.00448353681713, -0.00305678532459, 0.0183904767036, -0.00583488121629, -0.00320362602361, 0.00416992651299, -0.000973183661699], [-6.35572578176e-005, 0.00111069763079, 0.00052287458675, 4.23907367804e-005, -0.0043955584988, -0.000260265107499, 0.00377231650054, -0.00193202623632, -0.00583488121629, 0.0189187061042, -0.00326746399514, -0.00414460152388, 0.0035914320033], [-0.000183275420568, -0.000579571758863, 0.000495049636811, 0.00181297492236, 9.99067342491e-005, -0.00283354590647, 0.0019117196789, 0.00268811709248, -0.00320362602361, -0.00326746399514, 0.0196704808623, -0.00724732596427, -0.00242394278757], [-2.65759372269e-005, 0.000254752289038, 3.6501129216e-005, -0.000641472521238, 0.00168676371686, 0.000980697921477, -0.0049095521681, 0.000934623647481, 0.00416992651299, -0.00414460152388, -0.00724732596427, 0.024998255074, -0.00960319023579], [-8.96309284144e-005, 0.000648158660624, -0.000651394831948, -0.000144452613313, 0.000368022825569, -0.000289318006253, 0.00209156982601, -0.00121116859373, -0.000973183661699, 0.0035914320033, -0.00242394278757, -0.00960319023579, 0.0219147726893]]
    sccoeffs:
        dmean: [0.0582752861083, 0.0494266785681, 0.040363419801, 0.0311176087707, 0.0211789887398, 0.0205463226885]
        dmean2: [0.0944307669997, 0.0824101492763, 0.0666648969054, 0.0513943098485, 0.0352905727923, 0.0328914821148]
        dvar: [0.00212880829349, 0.00154278590344, 0.00102852890268, 0.000589959498029, 0.000309089402435, 0.000378059397917]
        dvar2: [0.00559533154592, 0.00420222990215, 0.00272523099557, 0.00156823953148, 0.000812536978628, 0.000913723546546]
        max: [-0.37924811244, -0.462982773781, -0.529111862183, -0.57317173481, -0.596364974976, -0.498269528151]
        mean: [-0.652571320534, -0.765829324722, -0.783477365971, -0.788699507713, -0.792988240719, -0.748887658119]
        median: [-0.655509889126, -0.772442340851, -0.789747476578, -0.79333204031, -0.79792547226, -0.752599358559]
        min: [-0.961025178432, -0.96274626255, -0.978632867336, -0.962968170643, -0.964139461517, -0.9638915658]
        var: [0.00528269773349, 0.00426818896085, 0.00355323776603, 0.00196360028349, 0.0011786922114, 0.00240587303415]
    scvalleys:
        dmean: [0.37097671628, 0.370603263378, 0.343908816576, 0.292990148067, 0.260889977217, 0.310412079096]
        dmean2: [0.614301919937, 0.615667104721, 0.554392635822, 0.46035194397, 0.404251813889, 0.475398659706]
        dvar: [0.101377017796, 0.117734111845, 0.0998483598232, 0.0841215997934, 0.0925803035498, 0.159963160753]
        dvar2: [0.24585531652, 0.282470434904, 0.223694652319, 0.168275550008, 0.17506326735, 0.323534101248]
        max: [-5.21864652634, -4.47534227371, -5.10719251633, -5.68613481522, -5.6513800621, -7.21502447128]
        mean: [-6.47930812836, -6.38812589645, -7.0495018959, -7.19510602951, -6.66395330429, -9.44442749023]
        median: [-6.35244750977, -6.27211093903, -6.96198749542, -7.06457853317, -6.43678855896, -9.22493076324]
        min: [-27.5426445007, -27.3415126801, -27.4227581024, -27.490732193, -27.387670517, -27.2431049347]
        var: [1.11609625816, 1.21011328697, 1.27754759789, 1.09946393967, 1.16039073467, 1.79634380341]

rhythm:
    beats_loudness:
        dmean: 0.0017885772977
        dmean2: 0.00318468129262
        dvar: 1.61823709277e-006
        dvar2: 4.64049344373e-006
        max: 0.01317286212
        mean: 0.00617607589811
        median: 0.00621111597866
        min: 4.89196530506e-012
        var: 3.75481999981e-006
    bpm: 144.828018188
    bpm_confidence: 0
    first_peak_bpm: 144
    first_peak_spread: 0.356076806784
    first_peak_weight: 0.626556038857
    onset_rate: 3.42214941978
    second_peak_bpm: 152
    second_peak_spread: 0
    second_peak_weight: 0.0124481329694
    beats_loudness_band_ratio:
        dmean: [0.111017353833, 0.148893713951, 0.0656012967229, 0.0496943891048, 0.0962423011661, 0.0660147964954]
        dmean2: [0.190485149622, 0.279957532883, 0.111646197736, 0.0879334062338, 0.169930100441, 0.114553250372]
        dvar: [0.00803732872009, 0.00950766541064, 0.00404199399054, 0.00315160048194, 0.00641618901864, 0.00359706697054]
        dvar2: [0.0212661065161, 0.0290791857988, 0.0109396614134, 0.00853546522558, 0.0192702617496, 0.0100634591654]
        max: [0.912359476089, 0.526665568352, 0.485027223825, 0.519571423531, 0.576825261116, 0.559026181698]
        mean: [0.260582834482, 0.152574107051, 0.115112543106, 0.0651994645596, 0.26380738616, 0.189264670014]
        median: [0.239980891347, 0.11877027154, 0.0980355292559, 0.0409995093942, 0.249107763171, 0.186497449875]
        min: [0, 0, 0, 0, 0, 0]
        var: [0.0192625783384, 0.0124633098021, 0.00613064644858, 0.00445905467495, 0.00971784815192, 0.0052045378834]
    beats_position: [0.417959183455, 0.847528338432, 1.27709746361, 1.69505667686, 2.11301589012, 2.54258489609, 2.9837641716, 3.41333317757, 3.84290242195, 4.27247142792, 4.7020406723, 5.14321994781, 5.58439922333, 6.01396799088, 6.43192720413, 6.82666635513, 7.24462556839, 7.66258478165, 8.08054447174, 8.48689365387, 8.893242836, 9.31120204926, 9.72916126251, 10.1471195221, 10.5650787354, 10.9714279175, 11.3777770996, 11.7957363129, 12.2136955261, 12.6316547394, 13.0380039215, 13.4443531036, 13.8623123169, 14.2802715302, 14.6982307434, 15.1161899567, 15.5341491699, 15.9404983521, 16.3468475342, 16.7648067474, 17.1827659607, 17.600725174, 18.0070743561, 18.4134235382, 18.8313827515, 19.2493419647, 19.667301178, 20.0852603912, 20.4916095734, 20.8979587555, 21.3159179688, 21.733877182, 22.1518363953, 22.5581855774, 22.9645347595, 23.3824939728, 23.800453186, 24.2068023682, 24.6247615814, 25.0311107635, 25.4490699768, 25.8670291901, 26.2733783722, 26.6913375854, 27.0976867676, 27.5156459808, 27.9336051941, 28.3515644073, 28.7695236206, 29.1874828339, 29.593832016, 30.0001811981, 30.4181404114, 30.8360996246, 31.2540588379, 31.66040802, 32.0667572021, 32.4847145081, 32.9026756287, 33.3206329346, 33.7385940552, 34.1449432373, 34.5512924194, 34.9692497253, 35.3872108459, 35.7935600281, 36.211517334, 36.6178665161, 37.0358276367, 37.4537849426, 37.8717460632, 38.2897033691, 38.6960525513, 39.1024017334, 39.520362854, 39.9383201599, 40.3562812805, 40.7626304626, 41.1689796448, 41.5753288269, 41.981678009, 42.4112472534, 42.8292045593, 43.2355537415, 43.6535148621, 44.071472168, 44.4894332886, 44.8957824707, 45.3021316528, 45.708480835, 46.1148300171, 46.532787323, 46.9507484436, 47.3687057495, 47.7866668701, 48.204624176, 48.6225852966, 49.0405426025, 49.4585037231, 49.8648529053, 50.2828102112, 50.6891593933, 51.1071205139, 51.513469696, 51.931427002, 52.3377761841, 52.7557373047, 53.1736946106, 53.5916557312, 54.0096130371, 54.4159622192, 54.8223114014, 55.240272522, 55.6582298279, 56.0761909485, 56.4941482544, 56.912109375, 57.3300666809, 57.7480278015, 58.1543769836, 58.5607261658, 58.9786834717, 59.3966445923, 59.8146018982, 60.2209510803, 60.6273002625, 61.0452613831, 61.463218689, 61.8695678711, 62.2759170532, 62.6938781738, 63.100227356, 63.5181846619, 63.924533844, 64.3424911499, 64.7604522705, 65.1784133911, 65.5963668823, 66.0143280029, 66.4206771851, 66.8270263672, 67.2449874878, 67.6629486084, 68.0692977905, 68.4872512817, 68.8936004639, 69.3115615845, 69.7295227051, 70.1358718872, 70.5422210693, 70.9601821899, 71.3781356812, 71.7960968018, 72.2024459839, 72.608795166, 73.0267562866, 73.4447174072, 73.8626708984, 74.280632019, 74.6985931396, 75.1165542603, 75.5229034424, 75.9292526245, 76.3239898682, 76.7419509888, 77.15990448, 77.5778656006, 77.9958267212, 78.4137878418, 78.831741333, 79.2497024536, 79.6560516357, 80.0624008179, 80.4803619385, 80.8983230591, 81.3162765503, 81.7342376709, 82.1521987915, 82.5585479736, 82.9648971558, 83.3828582764, 83.8008117676, 84.2187728882, 84.6251220703, 85.0314712524, 85.449432373, 85.8673934937, 86.2853469849, 86.7033081055, 87.1212692261, 87.5276184082, 87.9339675903, 88.3519287109, 88.7698822021, 89.1762313843, 89.5825805664, 90.000541687, 90.4185028076, 90.8364639282, 91.2544174194, 91.67237854, 92.0671157837, 92.4850769043, 92.9030380249, 93.3209991455, 93.7273483276, 94.1453018188, 94.551651001, 94.9696121216, 95.3875732422, 95.8055343628, 96.223487854, 96.6298370361, 97.0361862183, 97.4541473389, 97.8721084595, 98.2900695801, 98.6964187622, 99.1027679443, 99.5207214355, 99.9386825562, 100.356643677, 100.774604797, 101.180953979, 101.587303162, 102.005256653, 102.423217773, 102.829566956, 103.247528076, 103.653877258, 104.071838379, 104.48979187, 104.907752991, 105.325714111, 105.732063293, 106.161628723, 106.579589844, 106.997550964, 107.415504456, 107.833465576, 108.239814758, 108.64616394, 109.052513123, 109.458862305, 109.876823425, 110.294784546, 110.712738037, 111.130699158, 111.548660278, 111.95500946, 112.361358643, 112.767707825, 113.174057007, 113.592018127, 113.99836731, 114.416320801, 114.834281921, 115.252243042, 115.658592224, 116.076553345, 116.494506836, 116.900856018, 117.3072052, 117.725166321, 118.143127441, 118.561088562, 118.979042053, 119.385391235, 119.791740417, 120.209701538, 120.627662659, 121.045623779, 121.463577271, 121.869926453, 122.276275635, 122.694236755, 123.112197876, 123.530158997, 123.936508179, 124.342857361, 124.760810852, 125.178771973, 125.596733093, 126.014694214, 126.421043396, 126.827392578, 127.245346069, 127.651695251, 128.058044434, 128.476013184, 128.893966675, 129.311920166, 129.729888916, 130.147842407, 130.565795898, 130.97215271, 131.378494263, 131.784851074, 132.191192627, 132.609161377, 133.027114868, 133.445083618, 133.863037109, 134.269378662, 134.675735474, 135.093688965, 135.511657715, 135.929611206, 136.347564697, 136.765533447, 137.183486938, 137.601455688, 138.01940918, 138.437362671, 138.855331421, 139.273284912, 139.668029785, 140.074371338, 140.480728149, 140.898681641, 141.316635132, 141.734603882, 142.152557373, 142.558914185, 142.965255737, 143.383224487, 143.801177979, 144.207519531, 144.613876343, 145.020217896, 145.438186646, 145.856140137, 146.262496948, 146.680450439, 147.098403931, 147.516372681, 147.934326172, 148.352294922, 148.758636475, 149.164993286, 149.582946777, 150.000900269, 150.418869019, 150.83682251, 151.254776001, 151.661132813, 152.067474365, 152.473831177, 152.880172729, 153.298141479, 153.704483032, 154.110839844, 154.528793335, 154.946762085, 155.364715576, 155.782669067, 156.200637817, 156.618591309, 157.0365448, 157.45451355, 157.872467041, 158.290420532, 158.696777344, 159.114730835, 159.521087646, 159.939041138, 160.357009888, 160.76335144, 161.169708252, 161.587661743, 162.005615234, 162.423583984, 162.841537476, 163.259490967, 163.677459717, 164.08380127, 164.490158081, 164.908111572, 165.326080322, 165.732421875, 166.138778687, 166.533508301, 166.951477051, 167.369430542, 167.787384033, 168.205352783, 168.623306274, 169.041259766, 169.459228516, 169.877182007, 170.283538818, 170.689880371, 171.107849121, 171.525802612, 171.943756104, 172.361724854, 172.768066406, 173.174423218, 173.592376709, 173.998733521, 174.405075073, 174.823028564, 175.240997314, 175.658950806, 176.076919556, 176.494873047, 176.9012146, 177.307571411, 177.713912964, 178.120269775, 178.538223267, 178.956192017, 179.374145508, 179.792098999, 180.210067749, 180.62802124, 181.04598999, 181.463943481, 181.870285034, 182.276641846, 182.694595337, 183.112564087, 183.51890564, 183.925262451, 184.343215942, 184.761169434, 185.179138184, 185.597091675, 186.015060425, 186.421401978, 186.827758789, 187.24571228, 187.663665771, 188.070022583, 188.476364136, 188.871109009, 189.2890625, 189.70703125, 190.124984741, 190.542938232, 190.960906982, 191.378860474, 191.796829224, 192.214782715, 192.632736206, 193.050704956, 193.457046509, 193.86340332, 194.281356812, 194.699310303, 195.117279053, 195.535232544, 195.941589355, 196.359542847, 196.765899658, 197.183853149, 197.601806641, 198.042984009, 198.460952759, 198.890518188, 199.331695557, 199.784484863, 200.23727417]
