
metadata:
    version:
        essentia: "2.1-beta2"
    audio_properties:
        analysis_sample_rate: 44100
        bitrate: 224
        channels: 2
        equal_loudness: 1
        length: 252.995925903
        replay_gain: -14.1052284241
        downmix: "mix"
    tags:
        album: "The Way Of The Fist (UK Import)"
        artist: "Five Finger Death Punch"
        comment: "."
        date: "2009"
        genre: "Metal"
        title: "The Devil's Own"
        tracknumber: "6"

configuration:
    average_loudness:
        compute: 1
        frameSize: 88200
        hopSize: 44100
        silentFrames: "noise"
        windowType: "hann"
    general:
        analysisSampleRate: 44100
        endTime: 2000
        equalLoudness: 1
        nequalLoudness: 0
        shortSound: 0
        startTime: 0
    lowlevel:
        compute: 1
        frameSize: 2048
        hopSize: 1024
        zeroPadding: 0
        silentFrames: "noise"
        windowType: "blackmanharris62"
        mfccStats: ["mean", "cov", "icov"]
        stats: ["mean", "var", "median", "min", "max", "dmean", "dmean2", "dvar", "dvar2"]
    panning:
        compute: 0
        frameSize: 8192
        hopSize: 2048
        zeroPadding: 8192
        silentFrames: "noise"
        windowType: "hann"
        stats: ["copy"]
    rhythm:
        compute: 1
        maxTempo: 208
        minTempo: 40
        method: "degara"
        stats: ["mean", "var", "median", "min", "max", "dmean", "dmean2", "dvar", "dvar2"]
    segmentation:
        compute: 0
        cpw: 5
        inc1: 300
        inc2: 50
        minimumSegmentsLength: 10
        size1: 1000
        size2: 600
    sfx:
        compute: 1
        stats: ["mean", "var", "median", "min", "max", "dmean", "dmean2", "dvar", "dvar2"]
    svm:
        compute: 0
    tonal:
        compute: 1
        frameSize: 4096
        hopSize: 2048
        zeroPadding: 0
        silentFrames: "noise"
        windowType: "blackmanharris62"
        stats: ["mean", "var", "median", "min", "max", "dmean", "dmean2", "dvar", "dvar2"]

lowlevel:
    average_loudness: 0.95362585783
    barkbands_kurtosis:
        dmean: 1.51332199574
        dmean2: 2.46771168709
        dvar: 55.9685821533
        dvar2: 141.611968994
        max: 481.785888672
        mean: 1.6548397541
        median: -1.30805957317
        min: -1.88952505589
        var: 479.087036133
    barkbands_skewness:
        dmean: 0.553217530251
        dmean2: 0.896700501442
        dvar: 0.295149981976
        dvar2: 0.723837912083
        max: 16.9887981415
        mean: 0.293607056141
        median: 0.0954999253154
        min: -2.757137537
        var: 1.40327000618
    barkbands_spread:
        dmean: 6.72960567474
        dmean2: 10.9659976959
        dvar: 43.7968711853
        dvar2: 115.487014771
        max: 99.7015762329
        mean: 38.3401679993
        median: 38.7197990417
        min: 0.154952332377
        var: 137.7396698
    dissonance:
        dmean: 0.0108804730698
        dmean2: 0.0185529608279
        dvar: 0.000117500458146
        dvar2: 0.000327214569552
        max: 0.500000119209
        mean: 0.480269789696
        median: 0.485880821943
        min: 0.330852746964
        var: 0.000397682888433
    hfc:
        dmean: 3.35485458374
        dmean2: 5.69510412216
        dvar: 14.815155983
        dvar2: 39.8202133179
        max: 42.5251541138
        mean: 9.54755687714
        median: 9.06104660034
        min: 1.17162219304e-016
        var: 31.3292312622
    pitch:
        dmean: 976.607116699
        dmean2: 1854.39929199
        dvar: 1780449.875
        dvar2: 4265047.5
        max: 5545.69677734
        mean: 1822.76721191
        median: 842.054199219
        min: 61.513874054
        var: 2619549.5
    pitch_instantaneous_confidence:
        dmean: 0.0759915560484
        dmean2: 0.125416129827
        dvar: 0.00400543864816
        dvar2: 0.010585363023
        max: 0.845925748348
        mean: 0.348165333271
        median: 0.331748962402
        min: 0.0991326570511
        var: 0.0129229994491
    pitch_salience:
        dmean: 0.0736858099699
        dmean2: 0.123484961689
        dvar: 0.00420229323208
        dvar2: 0.0107346801087
        max: 0.956782281399
        mean: 0.636574149132
        median: 0.657968103886
        min: 0.0662248507142
        var: 0.0131329027936
    silence_rate_20dB:
        dmean: 0
        dmean2: 0
        dvar: 0
        dvar2: 0
        max: 1
        mean: 1
        median: 1
        min: 1
        var: 0
    silence_rate_30dB:
        dmean: 0
        dmean2: 0
        dvar: 0
        dvar2: 0
        max: 1
        mean: 1
        median: 1
        min: 1
        var: 0
    silence_rate_60dB:
        dmean: 0.0609397962689
        dmean2: 0.121890775859
        dvar: 0.0572298578918
        dvar2: 0.134756952524
        max: 1
        mean: 0.154905021191
        median: 0
        min: 0
        var: 0.130917832255
    spectral_centroid:
        dmean: 400.962188721
        dmean2: 670.82409668
        dvar: 152560.828125
        dvar2: 390074.4375
        max: 11455.6425781
        mean: 1646.12438965
        median: 1653.30603027
        min: 115.665382385
        var: 390266.65625
    spectral_complexity:
        dmean: 5.1097650528
        dmean2: 8.29591560364
        dvar: 23.5238456726
        dvar2: 57.1162414551
        max: 45
        mean: 17.9847660065
        median: 19
        min: 0
        var: 85.8022918701
    spectral_crest:
        dmean: 2.06486821175
        dmean2: 3.46069407463
        dvar: 4.13983535767
        dvar2: 10.4813270569
        max: 24.0020427704
        mean: 6.87092542648
        median: 5.74301099777
        min: 2.45060062408
        var: 13.0288686752
    spectral_decrease:
        dmean: 3.17224080337e-010
        dmean2: 5.07823672002e-010
        dvar: 9.99771459621e-020
        dvar2: 2.53728398818e-019
        max: 1.95553194843e-031
        mean: -1.24332999452e-009
        median: -1.25574273202e-009
        min: -3.66969721277e-009
        var: 3.20868684585e-019
    spectral_energy:
        dmean: 0.00141527794767
        dmean2: 0.00227179192007
        dvar: 2.01753573492e-006
        dvar2: 5.12329643243e-006
        max: 0.0156453363597
        mean: 0.00555860809982
        median: 0.00560827087611
        min: 1.0626223874e-020
        var: 6.48007107884e-006
    spectral_energyband_high:
        dmean: 0.000331170595018
        dmean2: 0.000592268304899
        dvar: 2.09787614835e-007
        dvar2: 5.87997135426e-007
        max: 0.0044130650349
        mean: 0.000558331434149
        median: 0.000427954335464
        min: 7.69137736711e-021
        var: 2.31572641951e-007
    spectral_energyband_low:
        dmean: 0.000573034398258
        dmean2: 0.000976081879344
        dvar: 4.04725085446e-007
        dvar2: 1.08180540792e-006
        max: 0.00625094119459
        mean: 0.00085814128397
        median: 0.000598211539909
        min: 7.48393666069e-023
        var: 6.27571864698e-007
    spectral_energyband_middle_high:
        dmean: 0.000738790549804
        dmean2: 0.00119374634232
        dvar: 5.69201290546e-007
        dvar2: 1.43372039929e-006
        max: 0.00999079179019
        mean: 0.00235020415857
        median: 0.00224564806558
        min: 1.560627182e-021
        var: 2.14543774746e-006
    spectral_energyband_middle_low:
        dmean: 0.000841132714413
        dmean2: 0.00136695243418
        dvar: 9.40788197568e-007
        dvar2: 2.4674393444e-006
        max: 0.0108090015128
        mean: 0.00200373469852
        median: 0.00174814020284
        min: 3.22827125965e-022
        var: 1.87917407857e-006
    spectral_flatness_db:
        dmean: 0.0157210435718
        dmean2: 0.0253345947713
        dvar: 0.000215090956772
        dvar2: 0.000521382899024
        max: 0.629523873329
        mean: 0.144614472985
        median: 0.129242822528
        min: 0.0587949715555
        var: 0.0040600229986
    spectral_flux:
        dmean: 0.00846934597939
        dmean2: 0.0129625378177
        dvar: 6.5280823037e-005
        dvar2: 0.000139850584674
        max: 0.100222200155
        mean: 0.0463001020253
        median: 0.0474655739963
        min: 1.03083576397e-010
        var: 0.000247582793236
    spectral_kurtosis:
        dmean: 1.1033488512
        dmean2: 1.83154046535
        dvar: 5.2669916153
        dvar2: 14.7488775253
        max: 133.154815674
        mean: 3.55960702896
        median: 2.37339663506
        min: -1.32456564903
        var: 85.1267318726
    spectral_rms:
        dmean: 0.000291991687845
        dmean2: 0.000461175921373
        dvar: 7.44454666801e-008
        dvar2: 1.82691252348e-007
        max: 0.00390688376501
        mean: 0.00224347831681
        median: 0.00233912025578
        min: 3.2197898861e-012
        var: 3.89827476965e-007
    spectral_rolloff:
        dmean: 539.526367188
        dmean2: 912.074829102
        dvar: 507765.46875
        dvar2: 1207711.375
        max: 18884.6191406
        mean: 3257.40820313
        median: 3402.24609375
        min: 129.19921875
        var: 1187031.75
    spectral_skewness:
        dmean: 0.172086805105
        dmean2: 0.28107380867
        dvar: 0.0341121032834
        dvar2: 0.0916394740343
        max: 10.0443925858
        mean: 1.26905596256
        median: 1.18396854401
        min: -0.229353308678
        var: 0.619763195515
    spectral_spread:
        dmean: 600641.9375
        dmean2: 887424.4375
        dvar: 673999355904
        dvar2: 1.1773434921e+012
        max: 41331992
        mean: 5359080
        median: 5239954.5
        min: 674026.9375
        var: 2.61592317952e+012
    spectral_strongpeak:
        dmean: 0.320513248444
        dmean2: 0.569179654121
        dvar: 0.320786833763
        dvar2: 0.891934216022
        max: 8.73623180389
        mean: 0.396886706352
        median: 0.211006090045
        min: 7.77088254855e-011
        var: 0.334569007158
    zerocrossingrate:
        dmean: 0.00997351203114
        dmean2: 0.0123067935929
        dvar: 9.44100829656e-005
        dvar2: 0.000127498540678
        max: 0.4990234375
        mean: 0.0963402613997
        median: 0.09814453125
        min: 0.00537109375
        var: 0.000781413516961
    barkbands:
        dmean: [3.81521516601e-007, 0.000169228369487, 0.000399926386308, 0.000297090387903, 0.00037550489651, 0.000232814301853, 0.000142611956107, 0.000147373619257, 0.000135959839099, 7.28625309421e-005, 3.74537230527e-005, 6.52721282677e-005, 5.61536908208e-005, 5.02722468809e-005, 5.68706600461e-005, 0.000106262916233, 0.000198660403839, 0.000291901436867, 0.000228517616051, 0.000222310380195, 0.00012613592844, 6.41275037196e-005, 1.70986095327e-005, 9.75054990704e-006, 3.61774277735e-006, 9.28412049461e-008, 7.85404352666e-010]
        dmean2: [6.51616176128e-007, 0.000289149204036, 0.000695713795722, 0.000490994367283, 0.000621213868726, 0.000380872836104, 0.000235323168454, 0.000250398123171, 0.000223399678362, 0.000120064411021, 6.16542529315e-005, 0.000106300263724, 9.10468661459e-005, 8.08442855487e-005, 9.3106253189e-005, 0.000175321780262, 0.000323808635585, 0.000488404300995, 0.000384185492294, 0.000382791215088, 0.000226704403758, 0.000115432419989, 2.84712314169e-005, 1.56016558321e-005, 5.86970691074e-006, 1.48861715843e-007, 1.25187937794e-009]
        dvar: [4.7707730778e-013, 4.43139782647e-008, 2.3501961266e-007, 1.71876351374e-007, 3.5866298731e-007, 1.5759619032e-007, 7.84148141975e-008, 8.42831582304e-008, 4.74948720353e-008, 1.66406675106e-008, 5.97213167808e-009, 1.4539144999e-008, 1.09375282165e-008, 9.04077168684e-009, 7.80460407412e-009, 2.00689775909e-008, 5.67688971387e-008, 1.06102071129e-007, 7.43870316455e-008, 7.75725297331e-008, 3.47728565941e-008, 7.20694615097e-009, 1.09857767328e-009, 7.47483464014e-010, 1.53048115847e-010, 9.27853307424e-014, 2.36507377344e-018]
        dvar2: [1.39742492751e-012, 1.18172771124e-007, 6.21841991233e-007, 4.2798751565e-007, 9.82310780273e-007, 3.82735464655e-007, 1.92980493807e-007, 2.27544347808e-007, 1.26230403907e-007, 4.59214533066e-008, 1.52903680828e-008, 3.65085490728e-008, 2.63231711983e-008, 2.13785771308e-008, 1.95833553818e-008, 5.17681044698e-008, 1.46883252228e-007, 2.78040374724e-007, 1.98077245273e-007, 2.08843744076e-007, 9.98568623345e-008, 1.96981861933e-008, 2.64285460183e-009, 1.52196855119e-009, 3.54800105962e-010, 2.42689901378e-013, 5.07726189681e-018]
        max: [7.73036936152e-006, 0.00161041039973, 0.00511309690773, 0.00755087565631, 0.00641863560304, 0.00760826002806, 0.00352545152418, 0.00414851121604, 0.00347974151373, 0.00214032479562, 0.00124303810298, 0.00174991565291, 0.00186586671043, 0.0020279136952, 0.0016242476413, 0.00236997031607, 0.00428573135287, 0.00383362919092, 0.0044930242002, 0.0035910885781, 0.00259712757543, 0.00127580785193, 0.000633026182186, 0.00051098538097, 0.000401068507927, 7.26989901523e-006, 3.41407329074e-008]
        mean: [3.93811518506e-007, 0.000181751107448, 0.000496520311572, 0.00039989996003, 0.000546888681129, 0.000370605877833, 0.000198232126422, 0.000191170169273, 0.000244592316449, 0.000127978419187, 5.78853432671e-005, 0.000113887304906, 9.02154279174e-005, 8.85147819645e-005, 0.000102419442555, 0.000197723173187, 0.000407706218539, 0.000557881081477, 0.000461080519017, 0.000377015589038, 0.000202271374292, 9.3102826213e-005, 2.95611353067e-005, 1.57852300617e-005, 5.38792983207e-006, 1.42949033943e-007, 1.14194298462e-009]
        median: [1.83243088259e-007, 9.6067051345e-005, 0.00027175876312, 0.000237792817643, 0.000341872335412, 0.00015081645688, 8.93199612619e-005, 7.28697050363e-005, 9.47411317611e-005, 4.730440196e-005, 2.27502259804e-005, 3.34306132572e-005, 2.96921425615e-005, 3.66112435586e-005, 6.50518777547e-005, 0.000146256468724, 0.000322883977788, 0.000459844974102, 0.000391372625018, 0.000311680720188, 0.000149275088916, 6.4283995016e-005, 1.86355628102e-005, 6.56632710161e-006, 2.52058180195e-006, 5.95453499841e-008, 4.20186052619e-010]
        min: [4.53562401104e-024, 2.55215561718e-023, 1.50387843437e-023, 3.04785462911e-024, 3.61368534766e-023, 3.14970923319e-023, 6.29486326797e-023, 3.19885716085e-023, 4.38985758299e-023, 4.09979973903e-023, 9.59236243631e-023, 8.56434351709e-023, 4.14145443473e-023, 9.89205763618e-023, 8.53978343721e-023, 1.31419935406e-022, 1.07469979484e-022, 2.19485968728e-022, 1.78371636442e-022, 2.43138214856e-022, 4.28701296637e-022, 3.94847450796e-022, 6.96052694521e-022, 7.31638222577e-022, 1.13840055275e-021, 1.41357351283e-021, 2.42021717928e-021]
        var: [4.02159506868e-013, 4.62286600111e-008, 3.46180172528e-007, 2.65627278395e-007, 4.21903990855e-007, 3.34739752361e-007, 1.04747392982e-007, 1.09787727354e-007, 1.18195579546e-007, 4.01071105216e-008, 1.10887645732e-008, 3.50815874128e-008, 2.1754429369e-008, 2.28829843962e-008, 1.75559176085e-008, 4.04379498775e-008, 1.36429520126e-007, 2.16808089704e-007, 1.40300898011e-007, 1.01591943746e-007, 3.69697339409e-008, 8.26909740681e-009, 1.72368386231e-009, 1.59455360027e-009, 2.06629990895e-010, 1.06569307957e-013, 4.68745137878e-018]
    frequency_bands:
        dmean: [3.81521516601e-007, 0.000169228369487, 0.000399926386308, 0.000297090387903, 0.00037550489651, 0.000232814301853, 0.000142611956107, 0.000147373619257, 0.000135959839099, 7.28625309421e-005, 3.74537230527e-005, 6.52721282677e-005, 5.61536908208e-005, 5.02722468809e-005, 5.68706600461e-005, 0.000106262916233, 0.000198660403839, 0.000291901436867, 0.000228517616051, 0.000222310380195, 0.00012613592844, 6.41275037196e-005, 1.70986095327e-005, 9.75054990704e-006, 3.61774277735e-006, 9.28412049461e-008, 7.85404352666e-010, 6.57577187146e-011]
        dmean2: [6.51616176128e-007, 0.000289149204036, 0.000695713795722, 0.000490994367283, 0.000621213868726, 0.000380872836104, 0.000235323168454, 0.000250398123171, 0.000223399678362, 0.000120064411021, 6.16542529315e-005, 0.000106300263724, 9.10468661459e-005, 8.08442855487e-005, 9.3106253189e-005, 0.000175321780262, 0.000323808635585, 0.000488404300995, 0.000384185492294, 0.000382791215088, 0.000226704403758, 0.000115432419989, 2.84712314169e-005, 1.56016558321e-005, 5.86970691074e-006, 1.48861715843e-007, 1.25187937794e-009, 1.22268598024e-010]
        dvar: [4.7707730778e-013, 4.43139782647e-008, 2.3501961266e-007, 1.71876351374e-007, 3.5866298731e-007, 1.5759619032e-007, 7.84148141975e-008, 8.42831582304e-008, 4.74948720353e-008, 1.66406675106e-008, 5.97213167808e-009, 1.4539144999e-008, 1.09375282165e-008, 9.04077168684e-009, 7.80460407412e-009, 2.00689775909e-008, 5.67688971387e-008, 1.06102071129e-007, 7.43870316455e-008, 7.75725297331e-008, 3.47728565941e-008, 7.20694615097e-009, 1.09857767328e-009, 7.47483464014e-010, 1.53048115847e-010, 9.27853307424e-014, 2.36507377344e-018, 7.89827026327e-021]
        dvar2: [1.39742492751e-012, 1.18172771124e-007, 6.21841991233e-007, 4.2798751565e-007, 9.82310780273e-007, 3.82735464655e-007, 1.92980493807e-007, 2.27544347808e-007, 1.26230403907e-007, 4.59214533066e-008, 1.52903680828e-008, 3.65085490728e-008, 2.63231711983e-008, 2.13785771308e-008, 1.95833553818e-008, 5.17681044698e-008, 1.46883252228e-007, 2.78040374724e-007, 1.98077245273e-007, 2.08843744076e-007, 9.98568623345e-008, 1.96981861933e-008, 2.64285460183e-009, 1.52196855119e-009, 3.54800105962e-010, 2.42689901378e-013, 5.07726189681e-018, 2.52587968784e-020]
        max: [7.73036936152e-006, 0.00161041039973, 0.00511309690773, 0.00755087565631, 0.00641863560304, 0.00760826002806, 0.00352545152418, 0.00414851121604, 0.00347974151373, 0.00214032479562, 0.00124303810298, 0.00174991565291, 0.00186586671043, 0.0020279136952, 0.0016242476413, 0.00236997031607, 0.00428573135287, 0.00383362919092, 0.0044930242002, 0.0035910885781, 0.00259712757543, 0.00127580785193, 0.000633026182186, 0.00051098538097, 0.000401068507927, 7.26989901523e-006, 3.41407329074e-008, 1.19194754067e-009]
        mean: [3.93811518506e-007, 0.000181751107448, 0.000496520311572, 0.00039989996003, 0.000546888681129, 0.000370605877833, 0.000198232126422, 0.000191170169273, 0.000244592316449, 0.000127978419187, 5.78853432671e-005, 0.000113887304906, 9.02154279174e-005, 8.85147819645e-005, 0.000102419442555, 0.000197723173187, 0.000407706218539, 0.000557881081477, 0.000461080519017, 0.000377015589038, 0.000202271374292, 9.3102826213e-005, 2.95611353067e-005, 1.57852300617e-005, 5.38792983207e-006, 1.42949033943e-007, 1.14194298462e-009, 5.12745124137e-011]
        median: [1.83243088259e-007, 9.6067051345e-005, 0.00027175876312, 0.000237792817643, 0.000341872335412, 0.00015081645688, 8.93199612619e-005, 7.28697050363e-005, 9.47411317611e-005, 4.730440196e-005, 2.27502259804e-005, 3.34306132572e-005, 2.96921425615e-005, 3.66112435586e-005, 6.50518777547e-005, 0.000146256468724, 0.000322883977788, 0.000459844974102, 0.000391372625018, 0.000311680720188, 0.000149275088916, 6.4283995016e-005, 1.86355628102e-005, 6.56632710161e-006, 2.52058180195e-006, 5.95453499841e-008, 4.20186052619e-010, 1.98980120575e-011]
        min: [4.53562401104e-024, 2.55215561718e-023, 1.50387843437e-023, 3.04785462911e-024, 3.61368534766e-023, 3.14970923319e-023, 6.29486326797e-023, 3.19885716085e-023, 4.38985758299e-023, 4.09979973903e-023, 9.59236243631e-023, 8.56434351709e-023, 4.14145443473e-023, 9.89205763618e-023, 8.53978343721e-023, 1.31419935406e-022, 1.07469979484e-022, 2.19485968728e-022, 1.78371636442e-022, 2.43138214856e-022, 4.28701296637e-022, 3.94847450796e-022, 6.96052694521e-022, 7.31638222577e-022, 1.13840055275e-021, 1.41357351283e-021, 2.42021717928e-021, 8.01744909691e-022]
        var: [4.02159506868e-013, 4.62286600111e-008, 3.46180172528e-007, 2.65627278395e-007, 4.21903990855e-007, 3.34739752361e-007, 1.04747392982e-007, 1.09787727354e-007, 1.18195579546e-007, 4.01071105216e-008, 1.10887645732e-008, 3.50815874128e-008, 2.1754429369e-008, 2.28829843962e-008, 1.75559176085e-008, 4.04379498775e-008, 1.36429520126e-007, 2.16808089704e-007, 1.40300898011e-007, 1.01591943746e-007, 3.69697339409e-008, 8.26909740681e-009, 1.72368386231e-009, 1.59455360027e-009, 2.06629990895e-010, 1.06569307957e-013, 4.68745137878e-018, 6.44774403178e-021]
    mfcc:
        mean: [-690.299133301, 88.3328323364, -28.8272399902, 60.9848365784, -5.26573133469, -7.25045967102, -4.09013557434, 3.91164970398, 0.481268018484, -3.23719143867, -3.53170156479, -2.0192630291, -6.1298456192]
        cov: [[5581.39941406, -223.966339111, -699.000427246, -60.0528182983, -407.729949951, 114.790763855, -20.2128925323, 48.266544342, -162.569366455, -97.2761459351, 70.9178848267, 101.775367737, -2.20900630951], [-223.966339111, 608.795593262, -194.56829834, -32.4054946899, -50.0255775452, -185.61277771, -55.5326538086, -18.8910331726, 3.70472741127, -8.11660861969, 4.27516698837, -14.4237194061, -2.76236701012], [-699.000427246, -194.56829834, 463.364440918, 73.9249343872, 118.735198975, 119.856437683, 49.3718719482, 21.6563606262, 20.5692977905, 7.71066999435, -30.7509899139, -12.8882427216, 9.98983097076], [-60.0528182983, -32.4054946899, 73.9249343872, 360.103363037, 90.016784668, 53.9933700562, 9.00788021088, -68.4042358398, 50.1143074036, 19.3727264404, -14.8289670944, -22.690366745, 16.9477615356], [-407.729949951, -50.0255775452, 118.735198975, 90.016784668, 229.491348267, 70.9748458862, -13.1914720535, -25.8558959961, 12.5513677597, 49.5460891724, 3.18865323067, -4.89206552505, -2.00235724449], [114.790763855, -185.61277771, 119.856437683, 53.9933700562, 70.9748458862, 295.822937012, 105.429931641, 56.2792892456, 5.04440975189, -7.66381645203, 24.208562851, 8.89519691467, -1.48540759087], [-20.2128925323, -55.5326538086, 49.3718719482, 9.00788021088, -13.1914720535, 105.429931641, 168.980026245, 79.1637420654, 28.308763504, -14.2836465836, -2.34812235832, 8.19023036957, -2.67949199677], [48.266544342, -18.8910331726, 21.6563606262, -68.4042358398, -25.8558959961, 56.2792892456, 79.1637420654, 139.002380371, 28.5338058472, -7.31368732452, -0.161397278309, 8.16362285614, -5.85997629166], [-162.569366455, 3.70472741127, 20.5692977905, 50.1143074036, 12.5513677597, 5.04440975189, 28.308763504, 28.5338058472, 89.3905181885, 29.7062072754, 3.18356966972, -7.68226385117, -1.54191100597], [-97.2761459351, -8.11660861969, 7.71066999435, 19.3727264404, 49.5460891724, -7.66381645203, -14.2836465836, -7.31368732452, 29.7062072754, 86.205581665, 21.8595085144, 9.85770988464, -5.19445037842], [70.9178848267, 4.27516698837, -30.7509899139, -14.8289670944, 3.18865323067, 24.208562851, -2.34812235832, -0.161397278309, 3.18356966972, 21.8595085144, 69.266418457, 30.8659706116, 6.91852807999], [101.775367737, -14.4237194061, -12.8882427216, -22.690366745, -4.89206552505, 8.89519691467, 8.19023036957, 8.16362285614, -7.68226385117, 9.85770988464, 30.8659706116, 69.6786117554, 25.506231308], [-2.20900630951, -2.76236701012, 9.98983097076, 16.9477615356, -2.00235724449, -1.48540759087, -2.67949199677, -5.85997629166, -1.54191100597, -5.19445037842, 6.91852807999, 25.506231308, 58.2936286926]]
        icov: [[0.000318428064929, 0.000219361201744, 0.000520017463714, -0.000289478106424, 0.000505979871377, -0.000305721070617, 0.000282894354314, -0.000340270984452, 0.000569376919884, -6.18490739726e-005, 5.40271139471e-005, -0.000348076893715, 0.000161330637638], [0.000219361201744, 0.00243576872163, 0.00106794177555, -0.000325430301018, -0.00010670023039, 0.0012858848786, 9.47252556216e-006, -0.00066884473199, 0.000247927178862, 0.000643195817247, -0.000855903257616, 0.000520043773577, -6.44537358312e-005], [0.000520017463714, 0.00106794177555, 0.00396721437573, -0.000506097043399, -0.000566105998587, -0.00093418447068, 0.000147110244143, -0.000832168618217, 0.000521790469065, 5.9580681409e-005, 0.00151884788647, -0.000192003120901, -0.000659698038362], [-0.000289478106424, -0.000325430301018, -0.000506097043399, 0.00473457854241, -0.00141688168515, -0.000834043719806, -0.00101583870128, 0.00375745561905, -0.00374248996377, 0.000263411580818, 0.00118266884238, 0.00116839131806, -0.00178215582855], [0.000505979871377, -0.00010670023039, -0.000566105998587, -0.00141688168515, 0.00775536708534, -0.00249399477616, 0.00179598294199, 0.000152727137902, 0.00157773855608, -0.00411265715957, 0.000932116992772, -0.000586642883718, 0.000645128311589], [-0.000305721070617, 0.0012858848786, -0.00093418447068, -0.000834043719806, -0.00249399477616, 0.00731571763754, -0.00343957310542, -0.00168562191539, 0.0012782929698, 0.00191223225556, -0.00423585809767, 0.00138920370955, 0.000324216729496], [0.000282894354314, 9.47252556216e-006, 0.000147110244143, -0.00101583870128, 0.00179598294199, -0.00343957310542, 0.0108921332285, -0.00450461357832, -0.00163654866628, 0.00109819427598, 0.00173641170841, -0.00245605688542, 0.0012263021199], [-0.000340270984452, -0.00066884473199, -0.000832168618217, 0.00375745561905, 0.000152727137902, -0.00168562191539, -0.00450461357832, 0.0137699181214, -0.00576299801469, 0.000638125173282, 0.00179142621346, -0.00105877208989, 0.000300148385577], [0.000569376919884, 0.000247927178862, 0.000521790469065, -0.00374248996377, 0.00157773855608, 0.0012782929698, -0.00163654866628, -0.00576299801469, 0.0187060441822, -0.00645542051643, -0.00182369747199, 0.00294872326776, -0.000690026383381], [-6.18490739726e-005, 0.000643195817247, 5.9580681409e-005, 0.000263411580818, -0.00411265715957, 0.00191223225556, 0.00109819427598, 0.000638125173282, -0.00645542051643, 0.0182684101164, -0.00491712335497, -0.00270067318343, 0.0031858033035], [5.40271139471e-005, -0.000855903257616, 0.00151884788647, 0.00118266884238, 0.000932116992772, -0.00423585809767, 0.00173641170841, 0.00179142621346, -0.00182369747199, -0.00491712335497, 0.0224634129554, -0.00896860938519, 0.000313090800773], [-0.000348076893715, 0.000520043773577, -0.000192003120901, 0.00116839131806, -0.000586642883718, 0.00138920370955, -0.00245605688542, -0.00105877208989, 0.00294872326776, -0.00270067318343, -0.00896860938519, 0.0238614175469, -0.0100381383672], [0.000161330637638, -6.44537358312e-005, -0.000659698038362, -0.00178215582855, 0.000645128311589, 0.000324216729496, 0.0012263021199, 0.000300148385577, -0.000690026383381, 0.0031858033035, 0.000313090800773, -0.0100381383672, 0.0225263684988]]
    sccoeffs:
        dmean: [0.0634837895632, 0.0500757880509, 0.0389073453844, 0.0297065284103, 0.0211077164859, 0.0210749916732]
        dmean2: [0.105968751013, 0.0838813334703, 0.0649485737085, 0.0495330244303, 0.0353660359979, 0.0344527699053]
        dvar: [0.00246450467966, 0.00158913107589, 0.00093889341224, 0.00056004547514, 0.000305260909954, 0.000362373422831]
        dvar2: [0.00689741643146, 0.00435491651297, 0.00261337985285, 0.0015150787076, 0.000822877103928, 0.000947123859078]
        max: [-0.313056349754, -0.506881177425, -0.539670586586, -0.542540967464, -0.588840603828, -0.523186683655]
        mean: [-0.634717166424, -0.758182346821, -0.78711348772, -0.796456694603, -0.797318994999, -0.750891804695]
        median: [-0.637063682079, -0.7643917799, -0.791675925255, -0.799497842789, -0.800014257431, -0.750856518745]
        min: [-0.95853728056, -0.962644696236, -0.979887247086, -0.963386952877, -0.962114095688, -0.960954725742]
        var: [0.00516578182578, 0.00441031716764, 0.00334767508321, 0.00181343697477, 0.00108055782039, 0.00165629165713]
    scvalleys:
        dmean: [0.397399812937, 0.375040501356, 0.338822364807, 0.289671301842, 0.28965908289, 0.312720865011]
        dmean2: [0.656570374966, 0.611936092377, 0.545518696308, 0.456818670034, 0.458197623491, 0.503398180008]
        dvar: [0.108280487359, 0.111064165831, 0.0971093177795, 0.0771936401725, 0.0930454432964, 0.115569934249]
        dvar2: [0.260955452919, 0.259607762098, 0.208386331797, 0.150745123625, 0.195470318198, 0.256199240685]
        max: [-5.21239614487, -4.61663198471, -5.0763130188, -5.72511577606, -5.48444509506, -7.13058042526]
        mean: [-6.64347982407, -6.50805282593, -7.10451412201, -7.30195617676, -6.77214193344, -9.32289123535]
        median: [-6.44762372971, -6.35699081421, -6.93590736389, -7.0865111351, -6.50085878372, -8.97533130646]
        min: [-27.6478672028, -27.2573814392, -27.9220104218, -27.275384903, -27.3503684998, -27.2735481262]
        var: [0.933138847351, 1.18445944786, 1.43409752846, 1.32607352734, 1.29941880703, 2.39376831055]

rhythm:
    beats_loudness:
        dmean: 0.0021126139909
        dmean2: 0.0039220857434
        dvar: 2.60742990577e-006
        dvar2: 7.39037022868e-006
        max: 0.012682591565
        mean: 0.0063962135464
        median: 0.00649110320956
        min: 7.91805092604e-008
        var: 5.78525714445e-006
    bpm: 161.668228149
    bpm_confidence: 0
    first_peak_bpm: 161
    first_peak_spread: 0.298437476158
    first_peak_weight: 0.668154776096
    onset_rate: 3.18977475166
    second_peak_bpm: 152
    second_peak_spread: 0.117647051811
    second_peak_weight: 0.0223214291036
    beats_loudness_band_ratio:
        dmean: [0.135845780373, 0.16162443161, 0.078512892127, 0.0505579374731, 0.0858596712351, 0.072581730783]
        dmean2: [0.244733467698, 0.298529058695, 0.139830321074, 0.0890908241272, 0.15201485157, 0.127805292606]
        dvar: [0.0155278462917, 0.0131972506642, 0.00532988877967, 0.00217042234726, 0.00574636086822, 0.00447896402329]
        dvar2: [0.0463359244168, 0.04175574705, 0.0166543181986, 0.00600033346564, 0.0162696037441, 0.0129408873618]
        max: [0.997304201126, 0.739511966705, 0.711007773876, 0.329190969467, 0.559581756592, 0.631024539471]
        mean: [0.263494282961, 0.18039084971, 0.123884066939, 0.0712237283587, 0.231576681137, 0.183419778943]
        median: [0.234777227044, 0.150374084711, 0.105179697275, 0.057658161968, 0.218125894666, 0.17843618989]
        min: [0.000706505496055, 0.0027947681956, 1.13079604489e-005, 3.69718350157e-006, 1.26079612528e-005, 3.36254488502e-005]
        var: [0.0269783418626, 0.0170156210661, 0.00854023452848, 0.0032253768295, 0.00905406754464, 0.00691227056086]
