
metadata:
    version:
        essentia: "2.1-beta2"
    audio_properties:
        analysis_sample_rate: 44100
        bitrate: 224
        channels: 2
        equal_loudness: 1
        length: 250.070205688
        replay_gain: -15.5616455078
        downmix: "mix"
    tags:
        album: "The Way Of The Fist (UK Import)"
        artist: "Five Finger Death Punch"
        comment: "."
        date: "2009"
        genre: "Metal"
        title: "White Knuckles"
        tracknumber: "7"

configuration:
    average_loudness:
        compute: 1
        frameSize: 88200
        hopSize: 44100
        silentFrames: "noise"
        windowType: "hann"
    general:
        analysisSampleRate: 44100
        endTime: 2000
        equalLoudness: 1
        nequalLoudness: 0
        shortSound: 0
        startTime: 0
    lowlevel:
        compute: 1
        frameSize: 2048
        hopSize: 1024
        zeroPadding: 0
        silentFrames: "noise"
        windowType: "blackmanharris62"
        mfccStats: ["mean", "cov", "icov"]
        stats: ["mean", "var", "median", "min", "max", "dmean", "dmean2", "dvar", "dvar2"]
    panning:
        compute: 0
        frameSize: 8192
        hopSize: 2048
        zeroPadding: 8192
        silentFrames: "noise"
        windowType: "hann"
        stats: ["copy"]
    rhythm:
        compute: 1
        maxTempo: 208
        minTempo: 40
        method: "degara"
        stats: ["mean", "var", "median", "min", "max", "dmean", "dmean2", "dvar", "dvar2"]
    segmentation:
        compute: 0
        cpw: 5
        inc1: 300
        inc2: 50
        minimumSegmentsLength: 10
        size1: 1000
        size2: 600
    sfx:
        compute: 1
        stats: ["mean", "var", "median", "min", "max", "dmean", "dmean2", "dvar", "dvar2"]
    svm:
        compute: 0
    tonal:
        compute: 1
        frameSize: 4096
        hopSize: 2048
        zeroPadding: 0
        silentFrames: "noise"
        windowType: "blackmanharris62"
        stats: ["mean", "var", "median", "min", "max", "dmean", "dmean2", "dvar", "dvar2"]

lowlevel:
    average_loudness: 0.918929457664
    barkbands_kurtosis:
        dmean: 0.738019049168
        dmean2: 1.24072039127
        dvar: 1.19728446007
        dvar2: 2.9963452816
        max: 22.1563835144
        mean: -0.764271259308
        median: -1.13736140728
        min: -1.88536858559
        var: 1.8439604044
    barkbands_skewness:
        dmean: 0.48313075304
        dmean2: 0.781140387058
        dvar: 0.192300066352
        dvar2: 0.495096385479
        max: 4.4612865448
        mean: -0.312473356724
        median: -0.337918221951
        min: -3.30479741096
        var: 0.560098171234
    barkbands_spread:
        dmean: 6.83988428116
        dmean2: 11.208990097
        dvar: 38.5270233154
        dvar2: 103.482406616
        max: 80.9060440063
        mean: 36.2427139282
        median: 35.4221725464
        min: 4.37553501129
        var: 112.896194458
    dissonance:
        dmean: 0.00956695806235
        dmean2: 0.0163857452571
        dvar: 9.63404745562e-005
        dvar2: 0.000263578316662
        max: 0.500000119209
        mean: 0.484890431166
        median: 0.488417774439
        min: 0.351111918688
        var: 0.000165146644576
    hfc:
        dmean: 2.85439944267
        dmean2: 4.77285766602
        dvar: 9.61839199066
        dvar2: 25.9803581238
        max: 43.2921638489
        mean: 10.3770103455
        median: 9.45379734039
        min: 1.1499127386e-016
        var: 38.7655296326
    pitch:
        dmean: 857.501586914
        dmean2: 1625.42089844
        dvar: 1474083
        dvar2: 3604486.75
        max: 4629.94042969
        mean: 1884.00646973
        median: 2388.65332031
        min: 80.1337585449
        var: 2346504.25
    pitch_instantaneous_confidence:
        dmean: 0.0776836425066
        dmean2: 0.127945691347
        dvar: 0.00438806274906
        dvar2: 0.0109255937859
        max: 0.943302035332
        mean: 0.358943790197
        median: 0.344661176205
        min: 0.115609049797
        var: 0.0135266836733
    pitch_salience:
        dmean: 0.0660405009985
        dmean2: 0.110157102346
        dvar: 0.00327996280976
        dvar2: 0.00863508041948
        max: 0.957640528679
        mean: 0.666975438595
        median: 0.67967581749
        min: 0.156755760312
        var: 0.00686157401651
    silence_rate_20dB:
        dmean: 0
        dmean2: 0
        dvar: 0
        dvar2: 0
        max: 1
        mean: 1
        median: 1
        min: 1
        var: 0
    silence_rate_30dB:
        dmean: 0
        dmean2: 0
        dvar: 0
        dvar2: 0
        max: 1
        mean: 1
        median: 1
        min: 1
        var: 0
    silence_rate_60dB:
        dmean: 0.0989786460996
        dmean2: 0.197975665331
        dvar: 0.0891987755895
        dvar2: 0.194255292416
        max: 1
        mean: 0.241296067834
        median: 0
        min: 0
        var: 0.183079332113
    spectral_centroid:
        dmean: 359.678161621
        dmean2: 593.905395508
        dvar: 119332
        dvar2: 310622.875
        max: 11216.2041016
        mean: 1959.40148926
        median: 1979.46850586
        min: 264.646179199
        var: 304313.28125
    spectral_complexity:
        dmean: 4.5394616127
        dmean2: 7.32862854004
        dvar: 16.6959152222
        dvar2: 42.712677002
        max: 47
        mean: 18.0962772369
        median: 18
        min: 0
        var: 79.4990692139
    spectral_crest:
        dmean: 1.83694756031
        dmean2: 3.10926294327
        dvar: 3.0912361145
        dvar2: 8.30593204498
        max: 21.4846992493
        mean: 6.20747852325
        median: 5.59483289719
        min: 2.43879175186
        var: 5.53799438477
    spectral_decrease:
        dmean: 2.52394605216e-010
        dmean2: 4.11258915811e-010
        dvar: 6.99510778002e-020
        dvar2: 1.83786090424e-019
        max: -4.70678109387e-029
        mean: -1.12622933202e-009
        median: -1.06765507546e-009
        min: -3.11432768463e-009
        var: 3.02301788555e-019
    spectral_energy:
        dmean: 0.00115359097254
        dmean2: 0.00188157451339
        dvar: 1.428588007e-006
        dvar2: 3.73425564248e-006
        max: 0.0146908415481
        mean: 0.00519187143072
        median: 0.00490466598421
        min: 1.06077019753e-020
        var: 6.61316335027e-006
    spectral_energyband_high:
        dmean: 0.000245809060289
        dmean2: 0.000430557032814
        dvar: 1.22622878962e-007
        dvar2: 3.42686234944e-007
        max: 0.00487310811877
        mean: 0.000502391194459
        median: 0.00041886116378
        min: 7.71552877918e-021
        var: 1.55957096126e-007
    spectral_energyband_low:
        dmean: 0.000307130831061
        dmean2: 0.00051033962518
        dvar: 1.26517576859e-007
        dvar2: 3.40596585602e-007
        max: 0.00433968938887
        mean: 0.000490986334626
        median: 0.000351041526301
        min: 5.21787533474e-023
        var: 2.06424672911e-007
    spectral_energyband_middle_high:
        dmean: 0.000754718261305
        dmean2: 0.00120613607578
        dvar: 5.44577233086e-007
        dvar2: 1.36330436362e-006
        max: 0.0122688645497
        mean: 0.00289693032391
        median: 0.00250295014121
        min: 1.57445771859e-021
        var: 3.76824232262e-006
    spectral_energyband_middle_low:
        dmean: 0.000665898725856
        dmean2: 0.00110918062273
        dvar: 7.11298866918e-007
        dvar2: 1.93777623281e-006
        max: 0.00863339100033
        mean: 0.00146331358701
        median: 0.00119334249757
        min: 2.4536494831e-022
        var: 1.15330942663e-006
    spectral_flatness_db:
        dmean: 0.013668444939
        dmean2: 0.0221145674586
        dvar: 0.000159248593263
        dvar2: 0.000398301694077
        max: 0.314763277769
        mean: 0.138346835971
        median: 0.134168639779
        min: 0.0631318539381
        var: 0.000686166109517
    spectral_flux:
        dmean: 0.00753511115909
        dmean2: 0.0117085482925
        dvar: 5.47368217667e-005
        dvar2: 0.000119976328278
        max: 0.103583395481
        mean: 0.0452883392572
        median: 0.0449160449207
        min: 1.02993696904e-010
        var: 0.000194992913748
    spectral_kurtosis:
        dmean: 0.979435145855
        dmean2: 1.62362074852
        dvar: 1.02083551884
        dvar2: 2.86428260803
        max: 12.0360422134
        mean: 3.09272289276
        median: 2.90978574753
        min: -1.24000298977
        var: 2.39293789864
    spectral_rms:
        dmean: 0.000253099569818
        dmean2: 0.000405352620874
        dvar: 5.93560862683e-008
        dvar2: 1.50069894289e-007
        max: 0.00378583255224
        mean: 0.00216986844316
        median: 0.00218747346662
        min: 3.21698266983e-012
        var: 3.56915649036e-007
    spectral_rolloff:
        dmean: 384.290496826
        dmean2: 648.184753418
        dvar: 236586.546875
        dvar2: 557693.6875
        max: 18992.2851563
        mean: 3537.23120117
        median: 3552.97851563
        min: 193.798828125
        var: 467818.6875
    spectral_skewness:
        dmean: 0.168320327997
        dmean2: 0.276001930237
        dvar: 0.0258335601538
        dvar2: 0.0679259523749
        max: 2.53933572769
        mean: 1.19580745697
        median: 1.18526017666
        min: -0.0509887561202
        var: 0.0956348329782
    spectral_spread:
        dmean: 502154.53125
        dmean2: 720732.3125
        dvar: 463145041920
        dvar2: 701803724800
        max: 40988032
        mean: 4724453.5
        median: 4515048
        min: 1925321.75
        var: 1.91601259315e+012
    spectral_strongpeak:
        dmean: 0.503040611744
        dmean2: 0.873366236687
        dvar: 0.615960657597
        dvar2: 1.59578692913
        max: 13.0860357285
        mean: 0.68967717886
        median: 0.241119146347
        min: 9.6348773404e-010
        var: 1.14418613911
    zerocrossingrate:
        dmean: 0.00877342093736
        dmean2: 0.0106338215992
        dvar: 6.68929787935e-005
        dvar2: 8.82727763383e-005
        max: 0.5029296875
        mean: 0.107935726643
        median: 0.1083984375
        min: 0.02587890625
        var: 0.000496769556776
    barkbands:
        dmean: [6.18330034285e-007, 9.93613648461e-005, 0.000192438441445, 0.000204101757845, 0.000331712682964, 0.000122210083646, 8.68673232617e-005, 9.25900603761e-005, 0.000169510341948, 9.34046547627e-005, 5.95366509515e-005, 9.8721095128e-005, 5.93102231505e-005, 6.12252042629e-005, 8.2877544628e-005, 0.000137754861498, 0.000230057063163, 0.000311377923936, 0.000247514049988, 0.000185840923223, 0.000104219114291, 5.98086116952e-005, 9.90031185211e-006, 3.70726525034e-006, 1.78141328888e-006, 6.38686969978e-008, 4.66479799233e-010]
        dmean2: [1.13633086585e-006, 0.000174861983396, 0.000319621292874, 0.000338064564858, 0.000571258598939, 0.000203247560421, 0.000144399979035, 0.000151177111547, 0.000271971744951, 0.000155762012582, 9.87798703136e-005, 0.000159831877681, 9.72595007624e-005, 0.000100142220617, 0.000136361268233, 0.000229173107073, 0.000380438956199, 0.000518921471667, 0.00041407631943, 0.000314028817229, 0.000183669661055, 0.000109052205516, 1.69735976669e-005, 5.53900281375e-006, 2.65954236056e-006, 9.45707441247e-008, 7.71310515457e-010]
        dvar: [7.8557624815e-013, 2.43442599412e-008, 6.41875246288e-008, 6.3843295095e-008, 3.5442391777e-007, 5.42897709011e-008, 2.73658020689e-008, 2.71826774423e-008, 1.06931871358e-007, 4.32705249409e-008, 1.92578308855e-008, 5.10762774297e-008, 1.50696450874e-008, 1.88765749698e-008, 3.92099508417e-008, 5.70821576673e-008, 8.62142073288e-008, 1.35743960072e-007, 8.8497401407e-008, 5.4274806871e-008, 2.50407676816e-008, 8.80005313064e-009, 3.22551402254e-010, 9.36412197783e-011, 2.64268433525e-011, 3.50692070598e-014, 1.32196562359e-018]
        dvar2: [2.41582708699e-012, 6.71909390348e-008, 1.6645890355e-007, 1.67745653812e-007, 1.00294244021e-006, 1.36372435122e-007, 6.8313042334e-008, 6.09897838899e-008, 2.56590794834e-007, 1.1215368545e-007, 5.04750019559e-008, 1.27102140368e-007, 3.83206035792e-008, 4.67846668073e-008, 1.03754416614e-007, 1.44642640976e-007, 2.15344300614e-007, 3.48647205328e-007, 2.38211342207e-007, 1.44992554851e-007, 7.2329569889e-008, 2.42508466641e-008, 8.76984151965e-010, 1.72390671183e-010, 5.44725896334e-011, 7.1765069744e-014, 3.18067778652e-018]
        max: [8.02920567367e-006, 0.00120721000712, 0.00359182432294, 0.00303423032165, 0.00669050961733, 0.00425817351788, 0.00308056687936, 0.00410993769765, 0.00486619677395, 0.00495284842327, 0.00393007881939, 0.00371590652503, 0.00181595806498, 0.00400007842109, 0.00797813851386, 0.00653199898079, 0.00586064020172, 0.00809650216252, 0.00679054157808, 0.0081585040316, 0.00213113240898, 0.000740112503991, 0.000205974152777, 0.000246018200414, 0.000129041058244, 6.6875977609e-006, 4.37957332622e-008]
        mean: [5.86942235259e-007, 0.000100892415503, 0.000261873297859, 0.000280584732536, 0.000439822179032, 0.000161565636517, 0.000117686860904, 0.000130865751998, 0.000277299754089, 0.000152629727381, 9.78083262453e-005, 0.000156612048158, 8.80201696418e-005, 9.73362621153e-005, 0.000145128302393, 0.000259322783677, 0.000475734064821, 0.000681282253936, 0.000535242201295, 0.000422231212724, 0.000204139767447, 7.78725952841e-005, 1.65438832482e-005, 7.43867394704e-006, 3.24501934301e-006, 1.12286961951e-007, 6.30648089306e-010]
        median: [2.03242763064e-007, 4.7136338253e-005, 0.000159093935508, 0.000184729928151, 0.000264937349129, 6.56240445096e-005, 5.52909405087e-005, 5.87282484048e-005, 8.26251853141e-005, 4.13994785049e-005, 2.26723768719e-005, 2.60259876086e-005, 2.74759167951e-005, 3.63728431694e-005, 6.94194313837e-005, 0.000156293695909, 0.00033654877916, 0.000520364148542, 0.000425039674155, 0.000346722401446, 0.000166231126059, 4.65406592411e-005, 9.45521333051e-006, 3.59095906788e-006, 1.45077262914e-006, 5.01195849267e-008, 3.2139926831e-010]
        min: [2.08237711521e-023, 1.03178423121e-023, 1.21078379147e-023, 1.31515718898e-023, 2.73258956323e-023, 3.25043067803e-023, 1.0264015966e-023, 8.9058836859e-023, 2.50805923922e-023, 6.03576474355e-023, 7.04329852279e-023, 6.15678484165e-023, 9.32116278561e-023, 8.26554951192e-023, 1.5974762759e-022, 1.19008288225e-022, 1.21418176248e-022, 1.78210948632e-022, 2.74802763425e-022, 2.57914046616e-022, 4.45081280203e-022, 5.65975160561e-022, 5.04878855329e-022, 6.99055515645e-022, 1.16850025372e-021, 1.33080617616e-021, 2.47598441987e-021]
        var: [7.39563575311e-013, 2.03165626544e-008, 1.00002672809e-007, 9.49983629539e-008, 3.23349752307e-007, 7.28028339836e-008, 3.6810547499e-008, 5.37950803903e-008, 2.54308844205e-007, 1.01074988379e-007, 5.111801471e-008, 1.11920748225e-007, 2.41395934353e-008, 3.58936027567e-008, 7.51881259475e-008, 1.12963327581e-007, 2.05876034443e-007, 3.7216847204e-007, 2.03802315468e-007, 1.43645522144e-007, 2.94680653212e-008, 7.78346453956e-009, 4.57762494577e-010, 2.65830718549e-010, 5.81579090442e-011, 6.43361842208e-014, 1.63703148108e-018]
    frequency_bands:
        dmean: [6.18330034285e-007, 9.93613648461e-005, 0.000192438441445, 0.000204101757845, 0.000331712682964, 0.000122210083646, 8.68673232617e-005, 9.25900603761e-005, 0.000169510341948, 9.34046547627e-005, 5.95366509515e-005, 9.8721095128e-005, 5.93102231505e-005, 6.12252042629e-005, 8.2877544628e-005, 0.000137754861498, 0.000230057063163, 0.000311377923936, 0.000247514049988, 0.000185840923223, 0.000104219114291, 5.98086116952e-005, 9.90031185211e-006, 3.70726525034e-006, 1.78141328888e-006, 6.38686969978e-008, 4.66479799233e-010, 6.15900316858e-011]
        dmean2: [1.13633086585e-006, 0.000174861983396, 0.000319621292874, 0.000338064564858, 0.000571258598939, 0.000203247560421, 0.000144399979035, 0.000151177111547, 0.000271971744951, 0.000155762012582, 9.87798703136e-005, 0.000159831877681, 9.72595007624e-005, 0.000100142220617, 0.000136361268233, 0.000229173107073, 0.000380438956199, 0.000518921471667, 0.00041407631943, 0.000314028817229, 0.000183669661055, 0.000109052205516, 1.69735976669e-005, 5.53900281375e-006, 2.65954236056e-006, 9.45707441247e-008, 7.71310515457e-010, 1.1419279411e-010]
        dvar: [7.8557624815e-013, 2.43442599412e-008, 6.41875246288e-008, 6.3843295095e-008, 3.5442391777e-007, 5.42897709011e-008, 2.73658020689e-008, 2.71826774423e-008, 1.06931871358e-007, 4.32705249409e-008, 1.92578308855e-008, 5.10762774297e-008, 1.50696450874e-008, 1.88765749698e-008, 3.92099508417e-008, 5.70821576673e-008, 8.62142073288e-008, 1.35743960072e-007, 8.8497401407e-008, 5.4274806871e-008, 2.50407676816e-008, 8.80005313064e-009, 3.22551402254e-010, 9.36412197783e-011, 2.64268433525e-011, 3.50692070598e-014, 1.32196562359e-018, 7.11319589039e-021]
        dvar2: [2.41582708699e-012, 6.71909390348e-008, 1.6645890355e-007, 1.67745653812e-007, 1.00294244021e-006, 1.36372435122e-007, 6.8313042334e-008, 6.09897838899e-008, 2.56590794834e-007, 1.1215368545e-007, 5.04750019559e-008, 1.27102140368e-007, 3.83206035792e-008, 4.67846668073e-008, 1.03754416614e-007, 1.44642640976e-007, 2.15344300614e-007, 3.48647205328e-007, 2.38211342207e-007, 1.44992554851e-007, 7.2329569889e-008, 2.42508466641e-008, 8.76984151965e-010, 1.72390671183e-010, 5.44725896334e-011, 7.1765069744e-014, 3.18067778652e-018, 2.23928406226e-020]
        max: [8.02920567367e-006, 0.00120721000712, 0.00359182432294, 0.00303423032165, 0.00669050961733, 0.00425817351788, 0.00308056687936, 0.00410993769765, 0.00486619677395, 0.00495284842327, 0.00393007881939, 0.00371590652503, 0.00181595806498, 0.00400007842109, 0.00797813851386, 0.00653199898079, 0.00586064020172, 0.00809650216252, 0.00679054157808, 0.0081585040316, 0.00213113240898, 0.000740112503991, 0.000205974152777, 0.000246018200414, 0.000129041058244, 6.6875977609e-006, 4.37957332622e-008, 1.07965592022e-009]
        mean: [5.86942235259e-007, 0.000100892415503, 0.000261873297859, 0.000280584732536, 0.000439822179032, 0.000161565636517, 0.000117686860904, 0.000130865751998, 0.000277299754089, 0.000152629727381, 9.78083262453e-005, 0.000156612048158, 8.80201696418e-005, 9.73362621153e-005, 0.000145128302393, 0.000259322783677, 0.000475734064821, 0.000681282253936, 0.000535242201295, 0.000422231212724, 0.000204139767447, 7.78725952841e-005, 1.65438832482e-005, 7.43867394704e-006, 3.24501934301e-006, 1.12286961951e-007, 6.30648089306e-010, 4.88145079913e-011]
        median: [2.03242763064e-007, 4.7136338253e-005, 0.000159093935508, 0.000184729928151, 0.000264937349129, 6.56240445096e-005, 5.52909405087e-005, 5.87282484048e-005, 8.26251853141e-005, 4.13994785049e-005, 2.26723768719e-005, 2.60259876086e-005, 2.74759167951e-005, 3.63728431694e-005, 6.94194313837e-005, 0.000156293695909, 0.00033654877916, 0.000520364148542, 0.000425039674155, 0.000346722401446, 0.000166231126059, 4.65406592411e-005, 9.45521333051e-006, 3.59095906788e-006, 1.45077262914e-006, 5.01195849267e-008, 3.2139926831e-010, 1.8860966608e-011]
        min: [2.08237711521e-023, 1.03178423121e-023, 1.21078379147e-023, 1.31515718898e-023, 2.73258956323e-023, 3.25043067803e-023, 1.0264015966e-023, 8.9058836859e-023, 2.50805923922e-023, 6.03576474355e-023, 7.04329852279e-023, 6.15678484165e-023, 9.32116278561e-023, 8.26554951192e-023, 1.5974762759e-022, 1.19008288225e-022, 1.21418176248e-022, 1.78210948632e-022, 2.74802763425e-022, 2.57914046616e-022, 4.45081280203e-022, 5.65975160561e-022, 5.04878855329e-022, 6.99055515645e-022, 1.16850025372e-021, 1.33080617616e-021, 2.47598441987e-021, 6.99991596928e-022]
        var: [7.39563575311e-013, 2.03165626544e-008, 1.00002672809e-007, 9.49983629539e-008, 3.23349752307e-007, 7.28028339836e-008, 3.6810547499e-008, 5.37950803903e-008, 2.54308844205e-007, 1.01074988379e-007, 5.111801471e-008, 1.11920748225e-007, 2.41395934353e-008, 3.58936027567e-008, 7.51881259475e-008, 1.12963327581e-007, 2.05876034443e-007, 3.7216847204e-007, 2.03802315468e-007, 1.43645522144e-007, 2.94680653212e-008, 7.78346453956e-009, 4.57762494577e-010, 2.65830718549e-010, 5.81579090442e-011, 6.43361842208e-014, 1.63703148108e-018, 5.93112652228e-021]
    mfcc:
        mean: [-691.31640625, 87.5407485962, -45.6653556824, 64.063079834, -8.76906871796, -7.61695051193, -1.99498224258, 3.80019879341, 3.4105181694, -4.42514562607, -3.45775794983, -4.80270624161, -8.16872882843]
        cov: [[2497.19848633, -45.5620689392, -255.637680054, -198.18321228, -198.647613525, 88.7461853027, 15.2489919662, 101.288719177, -53.0204048157, -54.5687980652, 10.5063714981, -26.9663963318, 5.06147861481], [-45.5620689392, 579.33972168, -213.635147095, 33.0228309631, -28.8127632141, -27.0218658447, 44.4164009094, 10.8767223358, 4.88267183304, -39.6463661194, -1.43211662769, 5.96316814423, 4.72593736649], [-255.637680054, -213.635147095, 407.696105957, 58.319393158, 38.5859680176, 23.2467422485, -42.6961364746, -2.02154040337, -2.22760391235, 8.23729038239, -11.9831428528, -12.817232132, 0.353488028049], [-198.18321228, 33.0228309631, 58.319393158, 385.674621582, 136.08366394, -43.4993400574, -94.6426315308, -77.5639343262, 47.3750495911, 53.2698173523, -9.3045873642, -0.630756258965, -1.87572050095], [-198.647613525, -28.8127632141, 38.5859680176, 136.08366394, 205.562927246, 3.57408571243, -47.3884315491, -67.873878479, 21.0473384857, 55.8205718994, 2.99004864693, 1.99399244785, -5.77802324295], [88.7461853027, -27.0218658447, 23.2467422485, -43.4993400574, 3.57408571243, 133.122314453, 52.6831054688, 30.9970703125, -10.1329250336, -7.60111951828, 18.1169891357, 1.43700385094, 1.9407325983], [15.2489919662, 44.4164009094, -42.6961364746, -94.6426315308, -47.3884315491, 52.6831054688, 163.356689453, 93.4036712646, 8.3142824173, -21.9851608276, 3.58579349518, 9.83349609375, -4.58202362061], [101.288719177, 10.8767223358, -2.02154040337, -77.5639343262, -67.873878479, 30.9970703125, 93.4036712646, 133.818008423, 26.9357299805, -14.8736534119, 6.03920269012, 0.442552953959, 4.77917766571], [-53.0204048157, 4.88267183304, -2.22760391235, 47.3750495911, 21.0473384857, -10.1329250336, 8.3142824173, 26.9357299805, 74.611907959, 46.0291481018, 9.00492763519, 2.67829990387, -4.48646211624], [-54.5687980652, -39.6463661194, 8.23729038239, 53.2698173523, 55.8205718994, -7.60111951828, -21.9851608276, -14.8736534119, 46.0291481018, 95.3659973145, 33.1055793762, 14.1868371964, -8.36407089233], [10.5063714981, -1.43211662769, -11.9831428528, -9.3045873642, 2.99004864693, 18.1169891357, 3.58579349518, 6.03920269012, 9.00492763519, 33.1055793762, 64.8044052124, 29.6697044373, 4.32685470581], [-26.9663963318, 5.96316814423, -12.817232132, -0.630756258965, 1.99399244785, 1.43700385094, 9.83349609375, 0.442552953959, 2.67829990387, 14.1868371964, 29.6697044373, 62.7371940613, 25.5489788055], [5.06147861481, 4.72593736649, 0.353488028049, -1.87572050095, -5.77802324295, 1.9407325983, -4.58202362061, 4.77917766571, -4.48646211624, -8.36407089233, 4.32685470581, 25.5489788055, 58.9955101013]]
        icov: [[0.000531432742719, 0.000168675614987, 0.000491557177156, -2.4267093977e-005, 0.000389026041375, -0.000499395478982, 0.000605010951404, -0.000651922309771, 0.000476605200674, -0.000171960404259, 8.58220155351e-005, 0.000194060485228, 1.30374919536e-005], [0.000168675614987, 0.00244535179809, 0.00134624156635, -0.000673363741953, 0.000194089268916, 0.000285596877802, -0.000521592097357, -2.25293183576e-006, -0.000429107691161, 0.00157377857249, -0.00072392023867, 0.000234540493693, -0.000128538536956], [0.000491557177156, 0.00134624156635, 0.00381028279662, -0.000688690459356, 2.67036684818e-005, -0.00113925535697, 0.00155504129361, -0.00184326746967, 0.000974982103799, 0.000137412775075, 0.000632069772109, 0.000256756902672, 5.15239698871e-005], [-2.4267093977e-005, -0.000673363741953, -0.000688690459356, 0.00440897233784, -0.00197031791322, 0.000340770115145, 0.00142448651604, 0.00112726620864, -0.0029642242007, 0.000197135101189, 0.000867014401592, -0.000543022761121, -1.04331784314e-005], [0.000389026041375, 0.000194089268916, 2.67036684818e-005, -0.00197031791322, 0.00862388964742, -0.00210046186112, -0.000509712845087, 0.00328571582213, -9.72998604993e-005, -0.00396222434938, 0.00150581507478, 0.00027659907937, -0.000303136563161], [-0.000499395478982, 0.000285596877802, -0.00113925535697, 0.000340770115145, -0.00210046186112, 0.0107270181179, -0.00415990594774, -3.27417074004e-005, 0.00151386309881, 0.0012706577545, -0.00457874545828, 0.00230836425908, -0.00120999466162], [0.000605010951404, -0.000521592097357, 0.00155504129361, 0.00142448651604, -0.000509712845087, -0.00415990594774, 0.0141993453726, -0.00901301112026, 0.000376369309379, 0.000837423198391, 0.00299317203462, -0.00460500782356, 0.00386783201247], [-0.000651922309771, -2.25293183576e-006, -0.00184326746967, 0.00112726620864, 0.00328571582213, -3.27417074004e-005, -0.00901301112026, 0.0191856455058, -0.0100704357028, 0.00330749270506, -0.00289610424079, 0.0028641752433, -0.0031532375142], [0.000476605200674, -0.000429107691161, 0.000974982103799, -0.0029642242007, -9.72998604993e-005, 0.00151386309881, 0.000376369309379, -0.0100704357028, 0.0279607586563, -0.0143664563075, 0.00321340095252, 0.000866649730597, 0.000157648144523], [-0.000171960404259, 0.00157377857249, 0.000137412775075, 0.000197135101189, -0.00396222434938, 0.0012706577545, 0.000837423198391, 0.00330749270506, -0.0143664563075, 0.0252507831901, -0.0108253899962, -0.00153444043826, 0.00320723070763], [8.58220155351e-005, -0.00072392023867, 0.000632069772109, 0.000867014401592, 0.00150581507478, -0.00457874545828, 0.00299317203462, -0.00289610424079, 0.00321340095252, -0.0108253899962, 0.027276173234, -0.0118238534778, 0.00266922032461], [0.000194060485228, 0.000234540493693, 0.000256756902672, -0.000543022761121, 0.00027659907937, 0.00230836425908, -0.00460500782356, 0.0028641752433, 0.000866649730597, -0.00153444043826, -0.0118238534778, 0.027414932847, -0.0118497116491], [1.30374919536e-005, -0.000128538536956, 5.15239698871e-005, -1.04331784314e-005, -0.000303136563161, -0.00120999466162, 0.00386783201247, -0.0031532375142, 0.000157648144523, 0.00320723070763, 0.00266922032461, -0.0118497116491, 0.0229275804013]]
    sccoeffs:
        dmean: [0.0610026270151, 0.0480560101569, 0.0412358343601, 0.0312050394714, 0.0206089578569, 0.0217522419989]
        dmean2: [0.100349649787, 0.0798812061548, 0.0689210221171, 0.0517935939133, 0.034157987684, 0.035953938961]
        dvar: [0.00226549338549, 0.00147872488014, 0.00102009018883, 0.00063104822766, 0.000277194631053, 0.000451823871117]
        dvar2: [0.00631541153416, 0.00397382117808, 0.00279607414268, 0.00168718968052, 0.000723931123503, 0.00113519479055]
        max: [-0.382093191147, -0.508593916893, -0.52949243784, -0.551509320736, -0.641778469086, -0.539657115936]
        mean: [-0.651614248753, -0.779154360294, -0.780212342739, -0.789107680321, -0.791118443012, -0.738918840885]
        median: [-0.654100477695, -0.788076162338, -0.791197121143, -0.796632349491, -0.794526576996, -0.736589789391]
        min: [-0.983483850956, -0.992484331131, -0.973154604435, -0.964212596416, -0.963617861271, -0.960810780525]
        var: [0.00487725855783, 0.00393887329847, 0.00388873741031, 0.00233238958754, 0.000994215835817, 0.00150815001689]
    scvalleys:
        dmean: [0.39261379838, 0.372397810221, 0.3391251266, 0.279098570347, 0.243604287505, 0.282740712166]
        dmean2: [0.649598956108, 0.609641492367, 0.550275981426, 0.44567027688, 0.380923032761, 0.431174665689]
        dvar: [0.109850585461, 0.101973608136, 0.089642457664, 0.0693930611014, 0.0625807642937, 0.123163357377]
        dvar2: [0.267293930054, 0.242745056748, 0.204386413097, 0.143685102463, 0.122358687222, 0.252971172333]
        max: [-5.26771593094, -4.89116573334, -5.17881059647, -5.71009063721, -5.59264278412, -7.41711854935]
        mean: [-6.73516845703, -6.60575580597, -7.01837396622, -7.17253780365, -6.59499168396, -9.38521957397]
        median: [-6.63586568832, -6.55611228943, -7.01866579056, -7.10401391983, -6.48130989075, -9.26604270935]
        min: [-27.4821529388, -27.4086894989, -27.4067668915, -27.3431396484, -27.3988323212, -27.278301239]
        var: [0.701207399368, 0.558089792728, 0.775856256485, 0.578773260117, 0.521300435066, 0.931974351406]

rhythm:
    beats_loudness:
        dmean: 0.00150391063653
        dmean2: 0.00262146955356
        dvar: 1.55818975145e-006
        dvar2: 4.7548501243e-006
        max: 0.0136134568602
        mean: 0.00525468308479
        median: 0.00508267525584
        min: 8.71660517987e-007
        var: 5.24357938048e-006
    bpm: 144.917617798
    bpm_confidence: 0
    first_peak_bpm: 144
    first_peak_spread: 0.388020843267
    first_peak_weight: 0.445920318365
    onset_rate: 3.35505795479
    second_peak_bpm: 108
    second_peak_spread: 0.456140339375
    second_peak_weight: 0.0588235296309
    beats_loudness_band_ratio:
        dmean: [0.111737772822, 0.122507721186, 0.0699912458658, 0.0585712455213, 0.113076075912, 0.0842102989554]
        dmean2: [0.196642592549, 0.220676630735, 0.122374020517, 0.101400129497, 0.202762752771, 0.148458912969]
        dvar: [0.00957243703306, 0.0103474259377, 0.0058498387225, 0.00461265305057, 0.00868492200971, 0.00478681223467]
        dvar2: [0.0282449424267, 0.0314662978053, 0.0165618713945, 0.0125849181786, 0.0261999312788, 0.0149934487417]
        max: [0.646792054176, 0.627191245556, 0.536203205585, 0.469584882259, 0.732803881168, 0.756520926952]
        mean: [0.193930462003, 0.131402552128, 0.106476180255, 0.0884714871645, 0.291279047728, 0.22906665504]
        median: [0.174291461706, 0.0914028957486, 0.079009115696, 0.0449869856238, 0.267231374979, 0.21817907691]
        min: [0.00759762711823, 0.00276734936051, 0.0119783626869, 0.00276199588552, 0.0516510494053, 0.0435173548758]
        var: [0.0159032605588, 0.0135817676783, 0.00727685075253, 0.00855883583426, 0.0135737350211, 0.00771242938936]
    beats_position: [0.429569154978, 0.870748281479, 1.31192743778, 1.74149656296, 2.15945577621, 2.57741498947, 2.99537420273, 3.41333317757, 3.83129239082, 4.23764181137, 4.6439909935, 5.06195020676, 5.47990942001, 5.89786815643, 6.30421733856, 6.71056699753, 7.12852573395, 7.5464849472, 7.96444416046, 8.38240337372, 8.78875255585, 9.19510173798, 9.61306095123, 10.0310201645, 10.4489793777, 10.8553285599, 11.261677742, 11.6796369553, 12.0975961685, 12.5155553818, 12.933514595, 13.3398637772, 13.7462129593, 14.1641721725, 14.5821313858, 15.0000905991, 15.4180498123, 15.8243989944, 16.2307472229, 16.6487064362, 17.0666656494, 17.4846248627, 17.8909740448, 18.2973232269, 18.7152824402, 19.1332416534, 19.5512008667, 19.9575500488, 20.363899231, 20.7818584442, 21.1998176575, 21.6177768707, 22.035736084, 22.4420852661, 22.8484344482, 23.2663936615, 23.6843528748, 24.102312088, 24.5086612701, 24.9150104523, 25.3329696655, 25.7509288788, 26.168888092, 26.5868473053, 27.0048065186, 27.4227657318, 27.8291149139, 28.2470741272, 28.6534233093, 29.0713825226, 29.4777317047, 29.8840808868, 30.3020401001, 30.7199993134, 31.1379585266, 31.5443077087, 31.9506568909, 32.3686180115, 32.7865753174, 33.204536438, 33.6224937439, 34.0404510498, 34.4468002319, 34.8531494141, 35.2711105347, 35.6890678406, 36.0954170227, 36.5017662048, 36.9197273254, 37.3376846313, 37.755645752, 38.1619949341, 38.5683441162, 38.9863014221, 39.4042625427, 39.8222198486, 40.2401809692, 40.6581382751, 41.0644874573, 41.4824485779, 41.88879776, 42.3067550659, 42.713104248, 43.1194534302, 43.5374145508, 43.9553718567, 44.3733329773, 44.7912902832, 45.2092514038, 45.6156005859, 46.0219497681, 46.4282989502, 46.8462562561, 47.2526054382, 47.6705665588, 48.0885238647, 48.5064849854, 48.9244422913, 49.3424034119, 49.748752594, 50.1551017761, 50.573059082, 50.9910202026, 51.3973693848, 51.8153266907, 52.2216758728, 52.6396369934, 53.0575942993, 53.4755554199, 53.8935127258, 54.3114738464, 54.7294311523, 55.1473922729, 55.5653495789, 55.9833106995, 56.4012680054, 56.819229126, 57.2371864319, 57.643535614, 58.0498847961, 58.4562339783, 58.8625831604, 59.2573242188, 59.6520614624, 60.070022583, 60.4879798889, 60.9059410095, 61.3238983154, 61.741859436, 62.1598167419, 62.5777778625, 62.9957351685, 63.4136962891, 63.831653595, 64.2380065918, 64.6443557739, 65.0623092651, 65.4802703857, 65.8866195679, 66.29296875, 66.7109298706, 67.1288909912, 67.5468444824, 67.964805603, 68.3827667236, 68.7891159058, 69.1954650879, 69.6134262085, 70.0313796997, 70.4493408203, 70.8556900024, 71.2620391846, 71.6800003052, 72.0979614258, 72.515914917, 72.9222640991, 73.3286132813, 73.7465744019, 74.1645355225, 74.5824966431, 75.0004501343, 75.4067993164, 75.8131484985, 76.2311096191, 76.6490707397, 77.0670318604, 77.4733810425, 77.8797302246, 78.2976837158, 78.7156448364, 79.133605957, 79.5515594482, 79.9695205688, 80.3874816895, 80.7938308716, 81.2001800537, 81.6181411743, 82.0360946655, 82.4540557861, 82.8604049683, 83.2783660889, 83.684715271, 84.0910644531, 84.4974136353, 84.9153747559, 85.3333282471, 85.7512893677, 86.1692504883, 86.5872116089, 87.0051651001, 87.4115142822, 87.8178634644, 88.235824585, 88.6537857056, 89.0717468262, 89.4780960083, 89.8960494995, 90.3023986816, 90.7203598022, 91.1383209229, 91.544670105, 91.9510192871, 92.3689804077, 92.7869338989, 93.2048950195, 93.6228561401, 94.0292053223, 94.4471664429, 94.853515625, 95.2714691162, 95.6894302368, 96.0957794189, 96.5021286011, 96.9200897217, 97.3380508423, 97.7560043335, 98.1739654541, 98.5803146362, 98.9866638184, 99.404624939, 99.8225860596, 100.240539551, 100.658500671, 101.064849854, 101.471199036, 101.889160156, 102.295509338, 102.701858521, 103.119819641, 103.537773132, 103.955734253, 104.373695374, 104.791656494, 105.209609985, 105.778503418, 106.347389221, 106.904670715, 107.46194458, 108.019226074, 108.576507568, 109.122177124, 109.66784668, 110.213516235, 110.747573853, 111.293243408, 111.850517273, 112.407798767, 112.965080261, 113.522354126, 114.07963562, 114.613693237, 115.159362793, 115.705032349, 116.262313843, 116.807983398, 117.365257263, 117.922538757, 118.479812622, 119.037094116, 119.582763672, 120.140045166, 120.685714722, 121.231384277, 121.788658142, 122.345939636, 122.891609192, 123.437278748, 123.994552612, 124.551834106, 125.109115601, 125.666389465, 126.212059021, 126.769340515, 127.326622009, 127.883895874, 128.42956543, 128.986846924, 129.544128418, 130.089797974, 130.635467529, 131.111465454, 131.587478638, 132.07510376, 132.516281128, 132.945846558, 133.387023926, 133.804992676, 134.211334229, 134.61769104, 135.024032593, 135.441986084, 135.848342896, 136.254684448, 136.66104126, 137.067382813, 137.485351563, 137.903305054, 138.321273804, 138.727615356, 139.133972168, 139.540313721, 139.958267212, 140.364624023, 140.782577515, 141.200546265, 141.618499756, 142.024856567, 142.43119812, 142.849151611, 143.267120361, 143.685073853, 144.103042603, 144.520996094, 144.927337646, 145.333694458, 145.751647949, 146.158004761, 146.575958252, 146.982315063, 147.400268555, 147.818222046, 148.236190796, 148.654144287, 149.060501099, 149.466842651, 149.884811401, 150.302764893, 150.709106445, 151.115463257, 151.533416748, 151.951385498, 152.369338989, 152.78729248, 153.20526123, 153.611602783, 154.017959595, 154.435913086, 154.853881836, 155.283447266, 155.713012695, 156.142578125, 156.572158813, 157.001724243, 157.431289673, 157.849243164, 158.255599976, 158.661941528, 159.079910278, 159.49786377, 159.915817261, 160.333786011, 160.751739502, 161.158096313, 161.564437866, 161.982406616, 162.400360107, 162.818313599, 163.236282349, 163.65423584, 164.060592651, 164.466934204, 164.873291016, 165.279632568, 165.69758606, 166.11555481, 166.533508301, 166.951477051, 167.369430542, 167.775772095, 168.182128906, 168.588470459, 169.006439209, 169.4243927, 169.84236145, 170.260314941, 170.666656494, 171.084625244, 171.490966797, 171.897323608, 172.3152771, 172.73324585, 173.151199341, 173.569152832, 173.987121582, 174.405075073, 174.811431885, 175.229385376, 175.635726929, 176.04208374, 176.448425293, 176.866394043, 177.284347534, 177.702316284, 178.108657837, 178.515014648, 178.909744263, 179.304489136, 179.710830688, 180.105575562, 180.511917114, 180.918273926, 181.347839355, 181.765808105, 182.172149658, 182.590103149, 182.996459961, 183.426025391, 183.843994141, 184.27355957, 184.691513062, 185.097869873, 185.504211426, 185.910568237, 186.31690979, 186.723266602, 187.129608154, 187.547576904, 187.965530396, 188.383483887, 188.801452637, 189.219406128, 189.637359619, 190.055328369, 190.542938232, 191.030563354, 191.518188477, 192.075454712, 192.655960083, 193.224853516, 193.793731689, 194.351013184, 194.885070801, 195.419128418, 195.964797974, 196.510467529, 197.067749023, 197.648254395, 198.205535889, 198.762802124, 199.366531372, 199.970245361, 200.585571289, 201.200897217, 201.827835083, 202.44317627, 203.058502197, 203.685440063, 204.300765991, 204.916091919, 205.543029785, 206.18157959, 206.820129395, 207.458679199, 208.097229004, 208.735778809, 209.374328613, 210.012878418, 210.651428223, 211.289978027, 211.928527832, 212.567077637, 213.205612183, 213.820953369, 214.436279297, 215.051605225, 215.666931152, 216.293869019, 217.013687134, 217.745117188, 218.56942749, 219.405349731, 220.241271973, 221.077178955, 221.889877319, 222.725799561, 223.550109863, 224.374420166, 225.18711853, 226.023040771, 226.858947754, 227.683258057, 228.507568359, 229.343490601, 230.156188965, 230.992111206, 231.828018188, 232.66394043, 233.488250732, 234.324172974, 235.148483276, 235.961181641, 236.785476685, 237.609786987, 238.445709229, 239.28163147, 240.105941772, 240.930252075, 241.754547119, 242.578857422, 243.391555786, 244.12298584, 244.842803955, 245.574234009, 246.294052124, 247.013870239, 247.733688354, 248.45350647, 249.184936523]
