
metadata:
    version:
        essentia: "2.1-beta2"
    audio_properties:
        analysis_sample_rate: 44100
        bitrate: 212
        channels: 2
        equal_loudness: 1
        length: 185.782852173
        replay_gain: -15.3542995453
        downmix: "mix"
    tags:
        album: "Flyleaf"
        artist: "Flyleaf"
        comment: ""
        date: "2005"
        genre: "Rock"
        title: "Cassie"
        tracknumber: "4"

configuration:
    average_loudness:
        compute: 1
        frameSize: 88200
        hopSize: 44100
        silentFrames: "noise"
        windowType: "hann"
    general:
        analysisSampleRate: 44100
        endTime: 2000
        equalLoudness: 1
        nequalLoudness: 0
        shortSound: 0
        startTime: 0
    lowlevel:
        compute: 1
        frameSize: 2048
        hopSize: 1024
        zeroPadding: 0
        silentFrames: "noise"
        windowType: "blackmanharris62"
        mfccStats: ["mean", "cov", "icov"]
        stats: ["mean", "var", "median", "min", "max", "dmean", "dmean2", "dvar", "dvar2"]
    panning:
        compute: 0
        frameSize: 8192
        hopSize: 2048
        zeroPadding: 8192
        silentFrames: "noise"
        windowType: "hann"
        stats: ["copy"]
    rhythm:
        compute: 1
        maxTempo: 208
        minTempo: 40
        method: "degara"
        stats: ["mean", "var", "median", "min", "max", "dmean", "dmean2", "dvar", "dvar2"]
    segmentation:
        compute: 0
        cpw: 5
        inc1: 300
        inc2: 50
        minimumSegmentsLength: 10
        size1: 1000
        size2: 600
    sfx:
        compute: 1
        stats: ["mean", "var", "median", "min", "max", "dmean", "dmean2", "dvar", "dvar2"]
    svm:
        compute: 0
    tonal:
        compute: 1
        frameSize: 4096
        hopSize: 2048
        zeroPadding: 0
        silentFrames: "noise"
        windowType: "blackmanharris62"
        stats: ["mean", "var", "median", "min", "max", "dmean", "dmean2", "dvar", "dvar2"]

lowlevel:
    average_loudness: 0.929048299789
    barkbands_kurtosis:
        dmean: 2.29653120041
        dmean2: 3.71152639389
        dvar: 139.837249756
        dvar2: 332.672058105
        max: 536.991210938
        mean: 1.73491990566
        median: -0.816030144691
        min: -1.94215738773
        var: 218.061904907
    barkbands_skewness:
        dmean: 0.530319750309
        dmean2: 0.807450771332
        dvar: 0.605820655823
        dvar2: 1.4093952179
        max: 21.5737361908
        mean: 0.0270765349269
        median: -0.0440367162228
        min: -9.33179187775
        var: 2.27896857262
    barkbands_spread:
        dmean: 6.07918119431
        dmean2: 9.53149318695
        dvar: 39.6855812073
        dvar2: 91.7455215454
        max: 83.068862915
        mean: 33.0687026978
        median: 33.4364624023
        min: 0.280956923962
        var: 187.574645996
    dissonance:
        dmean: 0.0149250403047
        dmean2: 0.025162646547
        dvar: 0.000352712668246
        dvar2: 0.000949256238528
        max: 0.500000059605
        mean: 0.47106641531
        median: 0.483732879162
        min: 0.133545294404
        var: 0.00120554049499
    hfc:
        dmean: 1.91570711136
        dmean2: 2.74793148041
        dvar: 6.12879562378
        dvar2: 11.8581209183
        max: 49.3655433655
        mean: 8.81719303131
        median: 8.2152671814
        min: 1.0497831872e-016
        var: 37.3031997681
    pitch:
        dmean: 616.641174316
        dmean2: 1169.93249512
        dvar: 1317898.625
        dvar2: 3393543.5
        max: 5504.15625
        mean: 1658.51745605
        median: 494.01739502
        min: 60.7361793518
        var: 2644732.75
    pitch_instantaneous_confidence:
        dmean: 0.0803791284561
        dmean2: 0.128283888102
        dvar: 0.00605881214142
        dvar2: 0.0147865181789
        max: 0.969987750053
        mean: 0.461175382137
        median: 0.419261962175
        min: 0.0886751413345
        var: 0.0364361330867
    pitch_salience:
        dmean: 0.061896879226
        dmean2: 0.0985174998641
        dvar: 0.00417791679502
        dvar2: 0.0105389356613
        max: 0.997650504112
        mean: 0.602942109108
        median: 0.62853872776
        min: 0.0356271229684
        var: 0.0189533066005
    silence_rate_20dB:
        dmean: 0
        dmean2: 0
        dvar: 0
        dvar2: 0
        max: 1
        mean: 1
        median: 1
        min: 1
        var: 0
    silence_rate_30dB:
        dmean: 0
        dmean2: 0
        dvar: 0
        dvar2: 0
        max: 1
        mean: 1
        median: 1
        min: 1
        var: 0
    silence_rate_60dB:
        dmean: 0.0627421587706
        dmean2: 0.125499993563
        dvar: 0.058805540204
        dvar2: 0.129498034716
        max: 1
        mean: 0.253436654806
        median: 0
        min: 0
        var: 0.189195543528
    spectral_centroid:
        dmean: 314.412658691
        dmean2: 485.75100708
        dvar: 133937.015625
        dvar2: 303570.125
        max: 11726.4628906
        mean: 2076.62353516
        median: 1882.47900391
        min: 82.6419525146
        var: 2345028.5
    spectral_complexity:
        dmean: 3.08786392212
        dmean2: 4.77400016785
        dvar: 11.5433273315
        dvar2: 24.2443599701
        max: 47
        mean: 14.2105722427
        median: 13
        min: 0
        var: 85.140045166
    spectral_crest:
        dmean: 2.28682971001
        dmean2: 3.68461418152
        dvar: 5.8573551178
        dvar2: 14.4922857285
        max: 26.8451862335
        mean: 8.96324157715
        median: 7.46552085876
        min: 2.80321359634
        var: 21.445848465
    spectral_decrease:
        dmean: 2.59953059079e-010
        dmean2: 4.14417611339e-010
        dvar: 1.81093850175e-019
        dvar2: 4.66127648907e-019
        max: 2.12532749006e-028
        mean: -9.98590654611e-010
        median: -9.4853935817e-010
        min: -5.05968955622e-009
        var: 3.76607707324e-019
    spectral_energy:
        dmean: 0.00110525800847
        dmean2: 0.00172577949706
        dvar: 3.0180531212e-006
        dvar2: 7.59431168262e-006
        max: 0.0225050523877
        mean: 0.00456865038723
        median: 0.0044140224345
        min: 9.75521319027e-021
        var: 7.55642122385e-006
    spectral_energyband_high:
        dmean: 0.000200495313038
        dmean2: 0.000288723560516
        dvar: 7.69087051822e-008
        dvar2: 1.56200428592e-007
        max: 0.00509634520859
        mean: 0.00061025947798
        median: 0.000467800593469
        min: 6.99355681637e-021
        var: 3.1969713632e-007
    spectral_energyband_low:
        dmean: 0.000256769009866
        dmean2: 0.0004436406889
        dvar: 2.36100433426e-007
        dvar2: 6.53058805256e-007
        max: 0.00439183600247
        mean: 0.000379922916181
        median: 0.000281196815195
        min: 1.05011798974e-023
        var: 2.09449936506e-007
    spectral_energyband_middle_high:
        dmean: 0.000522880349308
        dmean2: 0.000775704276748
        dvar: 4.24101187946e-007
        dvar2: 8.91554520877e-007
        max: 0.0133908204734
        mean: 0.00220191967674
        median: 0.00201952410862
        min: 1.14348056455e-021
        var: 2.69054248747e-006
    spectral_energyband_middle_low:
        dmean: 0.000724625540897
        dmean2: 0.00118576618843
        dvar: 2.0969491743e-006
        dvar2: 5.60505031899e-006
        max: 0.0135128861293
        mean: 0.00152003637049
        median: 0.00102344341576
        min: 1.23039279098e-022
        var: 2.69159113486e-006
    spectral_flatness_db:
        dmean: 0.0162153635174
        dmean2: 0.0249820854515
        dvar: 0.00036992013338
        dvar2: 0.000834246689919
        max: 0.526189506054
        mean: 0.151429146528
        median: 0.131936758757
        min: 0.0613388381898
        var: 0.00413522776216
    spectral_flux:
        dmean: 0.00805474910885
        dmean2: 0.0121367862448
        dvar: 9.07012217795e-005
        dvar2: 0.000194692212972
        max: 0.116028234363
        mean: 0.0376900471747
        median: 0.0377685949206
        min: 6.32385047106e-011
        var: 0.000370390975149
    spectral_kurtosis:
        dmean: 1.07612299919
        dmean2: 1.80749714375
        dvar: 14.1257476807
        dvar2: 43.0645141602
        max: 115.864234924
        mean: 3.22975230217
        median: 1.89158475399
        min: -1.28316640854
        var: 41.2543449402
    spectral_rms:
        dmean: 0.000228883480304
        dmean2: 0.000350612011971
        dvar: 8.97239331721e-008
        dvar2: 2.17254637391e-007
        max: 0.00468573858961
        mean: 0.00196239934303
        median: 0.00207517808303
        min: 3.08500902775e-012
        var: 6.06215564858e-007
    spectral_rolloff:
        dmean: 427.307342529
        dmean2: 684.995422363
        dvar: 319731.875
        dvar2: 685821.4375
        max: 19552.1484375
        mean: 3774.79736328
        median: 3725.24414063
        min: 86.1328125
        var: 6461590
    spectral_skewness:
        dmean: 0.152831241488
        dmean2: 0.243851095438
        dvar: 0.0779614672065
        dvar2: 0.225785449147
        max: 7.69823265076
        mean: 1.20191037655
        median: 1.08929741383
        min: -0.92982673645
        var: 0.358720600605
    spectral_spread:
        dmean: 452688.6875
        dmean2: 690403.25
        dvar: 488767258624
        dvar2: 969603153920
        max: 43514692
        mean: 6402419
        median: 5624118
        min: 432623.78125
        var: 2.8289462698e+013
    spectral_strongpeak:
        dmean: 0.456417143345
        dmean2: 0.774675190449
        dvar: 0.580900907516
        dvar2: 1.4764238596
        max: 13.1302728653
        mean: 0.835780084133
        median: 0.448773741722
        min: 0
        var: 1.0246527195
    zerocrossingrate:
        dmean: 0.01008186955
        dmean2: 0.0121846925467
        dvar: 0.00011755079322
        dvar2: 0.000151717744302
        max: 0.52490234375
        mean: 0.11395393312
        median: 0.109375
        min: 0.00634765625
        var: 0.00464392639697
    barkbands:
        dmean: [9.10247649699e-007, 8.46050024848e-005, 0.000138467134093, 0.000141129348776, 0.000393478083424, 0.000199576024897, 7.88996840129e-005, 6.09538074059e-005, 0.00012208877888, 4.77270878037e-005, 0.000161142001161, 3.91109169868e-005, 4.26613005402e-005, 4.5895234507e-005, 5.56782542844e-005, 7.43476193747e-005, 0.000121692362882, 0.00012588284153, 0.000205319520319, 0.000149646468344, 0.000123290810734, 4.68049947813e-005, 1.06385759864e-005, 4.72377587357e-006, 2.12693385038e-006, 6.10059984751e-008, 5.62754787214e-010]
        dmean2: [1.39966107326e-006, 0.000152378386701, 0.000240689041675, 0.000240052817389, 0.00065756496042, 0.000336521683494, 0.00012995567522, 9.84508369584e-005, 0.000178221613169, 7.42032862036e-005, 0.000232172562391, 6.27845802228e-005, 6.78848955431e-005, 7.44608987588e-005, 8.81115120137e-005, 0.000118471856695, 0.000188570993487, 0.000200290596695, 0.000328546244418, 0.000234533217736, 0.000188812264241, 7.18026567483e-005, 1.59264418471e-005, 7.1270051194e-006, 3.21606694342e-006, 9.36706427979e-008, 9.03114638628e-010]
        dvar: [4.64911963094e-012, 4.57645121799e-008, 6.80176697188e-008, 5.13147249137e-008, 8.89027205631e-007, 2.32060600069e-007, 4.87252087567e-008, 2.74353872953e-008, 7.129866475e-008, 1.58283963714e-008, 1.54968077481e-007, 1.0259100236e-008, 8.36470270826e-009, 1.73425398486e-008, 1.51242982582e-008, 2.06719548146e-008, 9.83871331073e-008, 5.49046106357e-008, 1.05151400476e-007, 4.65835299224e-008, 3.28201075206e-008, 4.94017671215e-009, 3.40462796844e-010, 1.01584914092e-010, 2.05657574304e-011, 2.53887690494e-014, 1.36010247554e-018]
        dvar2: [9.85105833712e-012, 1.28566142621e-007, 1.91991418319e-007, 1.41577075397e-007, 2.33776677305e-006, 6.13138581684e-007, 1.24351231534e-007, 6.45629967266e-008, 1.45120253592e-007, 3.51515652142e-008, 3.16901179076e-007, 2.30787478017e-008, 1.85891533278e-008, 4.48523529428e-008, 3.42590347202e-008, 4.96594019239e-008, 2.07896945881e-007, 1.18878027422e-007, 2.49658256735e-007, 1.11537147518e-007, 7.43117425372e-008, 1.10521867214e-008, 7.44241557271e-010, 2.10201273054e-010, 4.76309512665e-011, 5.56454059534e-014, 3.1361783647e-018]
        max: [1.65979181475e-005, 0.0015888287453, 0.00265879975632, 0.0032112179324, 0.010012505576, 0.00674878666177, 0.00668608117849, 0.00333232851699, 0.00701613118872, 0.00310965394601, 0.00773927383125, 0.00307899410836, 0.00209967046976, 0.00280723185278, 0.00265635550022, 0.0036089036148, 0.00759075162932, 0.00862549617887, 0.0083398828283, 0.00481900572777, 0.00309266708791, 0.000987231614999, 0.000421155622462, 0.000197033747099, 9.42722399486e-005, 3.38050585924e-006, 2.55896495105e-008]
        mean: [8.22468621209e-007, 7.90614794823e-005, 0.00018645694945, 0.000220663656364, 0.000496433814988, 0.000269538373686, 0.000102196041553, 8.39286585688e-005, 0.000307891925331, 0.000101988734968, 0.000445361045422, 6.47185297566e-005, 7.57660891395e-005, 7.05833444954e-005, 9.07942521735e-005, 0.000134893605718, 0.000241639281739, 0.000269815674983, 0.000502570474055, 0.000373884337023, 0.000295860052574, 0.000111079163617, 2.61348632193e-005, 1.14718459372e-005, 4.97739574712e-006, 1.24781834643e-007, 1.15206966189e-009]
        median: [5.47359455538e-008, 2.89199651888e-005, 0.000114105416287, 0.000117998322821, 0.000212093524169, 8.55684556882e-005, 3.83633487218e-005, 2.446689723e-005, 5.54574871785e-005, 3.78658878617e-005, 5.06707438035e-005, 3.25495057041e-005, 3.97133226215e-005, 3.44040527125e-005, 4.81331589981e-005, 8.43520392664e-005, 0.000150254549226, 0.000188577105291, 0.000404870370403, 0.000275054393569, 0.000218155357288, 7.39904135116e-005, 1.48193921632e-005, 6.42360100755e-006, 3.17486228596e-006, 5.67729045997e-008, 6.6498884177e-010]
        min: [2.26311177503e-025, 1.24222498669e-024, 6.1203014053e-025, 7.17318678318e-026, 5.66656064274e-024, 7.0131209644e-024, 7.69716197684e-024, 7.53332739974e-024, 9.59237190264e-024, 1.13873318069e-023, 1.56656289962e-023, 1.1287316077e-023, 1.63044343578e-023, 2.14135314535e-023, 4.80448666131e-023, 5.14632217965e-023, 4.46241574688e-023, 9.13152882815e-023, 1.39810827974e-022, 1.68022134776e-022, 2.04190208211e-022, 3.45289264977e-022, 3.78444394625e-022, 4.92714140543e-022, 8.36057859957e-022, 1.26610100268e-021, 1.92900578721e-021]
        var: [5.0375472023e-012, 3.12147605541e-008, 6.26888194688e-008, 8.66758966822e-008, 8.8941209242e-007, 3.21175832596e-007, 6.1649238603e-008, 4.99930301601e-008, 4.9538920166e-007, 6.53589893318e-008, 9.34640183914e-007, 2.11291020236e-008, 2.14518998121e-008, 2.12119566356e-008, 2.65072852557e-008, 3.83876042065e-008, 2.17610889308e-007, 1.45063395962e-007, 2.95039882303e-007, 1.6276949566e-007, 9.34177748491e-008, 1.36595801337e-008, 1.01350061676e-009, 2.81242362732e-010, 4.64477484252e-011, 6.17046561416e-014, 3.63088448338e-018]
    frequency_bands:
        dmean: [9.10247649699e-007, 8.46050024848e-005, 0.000138467134093, 0.000141129348776, 0.000393478083424, 0.000199576024897, 7.88996840129e-005, 6.09538074059e-005, 0.00012208877888, 4.77270878037e-005, 0.000161142001161, 3.91109169868e-005, 4.26613005402e-005, 4.5895234507e-005, 5.56782542844e-005, 7.43476193747e-005, 0.000121692362882, 0.00012588284153, 0.000205319520319, 0.000149646468344, 0.000123290810734, 4.68049947813e-005, 1.06385759864e-005, 4.72377587357e-006, 2.12693385038e-006, 6.10059984751e-008, 5.62754787214e-010, 4.96931731875e-011]
        dmean2: [1.39966107326e-006, 0.000152378386701, 0.000240689041675, 0.000240052817389, 0.00065756496042, 0.000336521683494, 0.00012995567522, 9.84508369584e-005, 0.000178221613169, 7.42032862036e-005, 0.000232172562391, 6.27845802228e-005, 6.78848955431e-005, 7.44608987588e-005, 8.81115120137e-005, 0.000118471856695, 0.000188570993487, 0.000200290596695, 0.000328546244418, 0.000234533217736, 0.000188812264241, 7.18026567483e-005, 1.59264418471e-005, 7.1270051194e-006, 3.21606694342e-006, 9.36706427979e-008, 9.03114638628e-010, 9.23530418806e-011]
        dvar: [4.64911963094e-012, 4.57645121799e-008, 6.80176697188e-008, 5.13147249137e-008, 8.89027205631e-007, 2.32060600069e-007, 4.87252087567e-008, 2.74353872953e-008, 7.129866475e-008, 1.58283963714e-008, 1.54968077481e-007, 1.0259100236e-008, 8.36470270826e-009, 1.73425398486e-008, 1.51242982582e-008, 2.06719548146e-008, 9.83871331073e-008, 5.49046106357e-008, 1.05151400476e-007, 4.65835299224e-008, 3.28201075206e-008, 4.94017671215e-009, 3.40462796844e-010, 1.01584914092e-010, 2.05657574304e-011, 2.53887690494e-014, 1.36010247554e-018, 5.35434535571e-021]
        dvar2: [9.85105833712e-012, 1.28566142621e-007, 1.91991418319e-007, 1.41577075397e-007, 2.33776677305e-006, 6.13138581684e-007, 1.24351231534e-007, 6.45629967266e-008, 1.45120253592e-007, 3.51515652142e-008, 3.16901179076e-007, 2.30787478017e-008, 1.85891533278e-008, 4.48523529428e-008, 3.42590347202e-008, 4.96594019239e-008, 2.07896945881e-007, 1.18878027422e-007, 2.49658256735e-007, 1.11537147518e-007, 7.43117425372e-008, 1.10521867214e-008, 7.44241557271e-010, 2.10201273054e-010, 4.76309512665e-011, 5.56454059534e-014, 3.1361783647e-018, 1.69283659426e-020]
        max: [1.65979181475e-005, 0.0015888287453, 0.00265879975632, 0.0032112179324, 0.010012505576, 0.00674878666177, 0.00668608117849, 0.00333232851699, 0.00701613118872, 0.00310965394601, 0.00773927383125, 0.00307899410836, 0.00209967046976, 0.00280723185278, 0.00265635550022, 0.0036089036148, 0.00759075162932, 0.00862549617887, 0.0083398828283, 0.00481900572777, 0.00309266708791, 0.000987231614999, 0.000421155622462, 0.000197033747099, 9.42722399486e-005, 3.38050585924e-006, 2.55896495105e-008, 8.53567216907e-010]
        mean: [8.22468621209e-007, 7.90614794823e-005, 0.00018645694945, 0.000220663656364, 0.000496433814988, 0.000269538373686, 0.000102196041553, 8.39286585688e-005, 0.000307891925331, 0.000101988734968, 0.000445361045422, 6.47185297566e-005, 7.57660891395e-005, 7.05833444954e-005, 9.07942521735e-005, 0.000134893605718, 0.000241639281739, 0.000269815674983, 0.000502570474055, 0.000373884337023, 0.000295860052574, 0.000111079163617, 2.61348632193e-005, 1.14718459372e-005, 4.97739574712e-006, 1.24781834643e-007, 1.15206966189e-009, 3.93512479546e-011]
        median: [5.47359455538e-008, 2.89199651888e-005, 0.000114105416287, 0.000117998322821, 0.000212093524169, 8.55684556882e-005, 3.83633487218e-005, 2.446689723e-005, 5.54574871785e-005, 3.78658878617e-005, 5.06707438035e-005, 3.25495057041e-005, 3.97133226215e-005, 3.44040527125e-005, 4.81331589981e-005, 8.43520392664e-005, 0.000150254549226, 0.000188577105291, 0.000404870370403, 0.000275054393569, 0.000218155357288, 7.39904135116e-005, 1.48193921632e-005, 6.42360100755e-006, 3.17486228596e-006, 5.67729045997e-008, 6.6498884177e-010, 1.44206434988e-011]
        min: [2.26311177503e-025, 1.24222498669e-024, 6.1203014053e-025, 7.17318678318e-026, 5.66656064274e-024, 7.0131209644e-024, 7.69716197684e-024, 7.53332739974e-024, 9.59237190264e-024, 1.13873318069e-023, 1.56656289962e-023, 1.1287316077e-023, 1.63044343578e-023, 2.14135314535e-023, 4.80448666131e-023, 5.14632217965e-023, 4.46241574688e-023, 9.13152882815e-023, 1.39810827974e-022, 1.68022134776e-022, 2.04190208211e-022, 3.45289264977e-022, 3.78444394625e-022, 4.92714140543e-022, 8.36057859957e-022, 1.26610100268e-021, 1.92900578721e-021, 4.37627718474e-022]
        var: [5.0375472023e-012, 3.12147605541e-008, 6.26888194688e-008, 8.66758966822e-008, 8.8941209242e-007, 3.21175832596e-007, 6.1649238603e-008, 4.99930301601e-008, 4.9538920166e-007, 6.53589893318e-008, 9.34640183914e-007, 2.11291020236e-008, 2.14518998121e-008, 2.12119566356e-008, 2.65072852557e-008, 3.83876042065e-008, 2.17610889308e-007, 1.45063395962e-007, 2.95039882303e-007, 1.6276949566e-007, 9.34177748491e-008, 1.36595801337e-008, 1.01350061676e-009, 2.81242362732e-010, 4.64477484252e-011, 6.17046561416e-014, 3.63088448338e-018, 4.28560659777e-021]
    mfcc:
        mean: [-727.515258789, 69.6688537598, -29.6934223175, 48.1528511047, -12.0760307312, 0.779619753361, 4.52878093719, -0.728718042374, -2.04774641991, -8.27598190308, -7.30645513535, -7.47461652756, -5.81181383133]
        cov: [[16576.5351563, 1709.37353516, -1138.69726563, 1395.0189209, -1390.28759766, -357.545837402, -244.448165894, -87.6798324585, -305.810546875, -463.7293396, -380.620422363, -283.472106934, -125.736083984], [1709.37353516, 754.147033691, -181.095291138, 61.6390724182, -194.870788574, -72.1342926025, 40.7413215637, -54.7807807922, 4.51331043243, -53.9882698059, -53.661365509, -71.9746627808, -37.492389679], [-1138.69726563, -181.095291138, 527.208190918, -19.0772914886, 111.397071838, 117.50579834, 1.33756172657, 18.2861480713, -2.22922730446, 36.1288261414, 59.1699829102, 39.1212882996, 4.43196249008], [1395.0189209, 61.6390724182, -19.0772914886, 433.483703613, 18.1843624115, -31.0243873596, -44.2601585388, 32.5265808105, -17.5648460388, -44.7603530884, -13.1226453781, 15.0791110992, 4.36852407455], [-1390.28759766, -194.870788574, 111.397071838, 18.1843624115, 371.617950439, 131.593338013, 25.2262439728, 40.0296211243, 37.4409866333, 44.3519515991, 63.0995178223, 62.8438987732, 30.4445781708], [-357.545837402, -72.1342926025, 117.50579834, -31.0243873596, 131.593338013, 262.787811279, 91.1028671265, 58.0346794128, 8.38217544556, 29.3972530365, 23.354593277, 15.8966751099, 20.0116539001], [-244.448165894, 40.7413215637, 1.33756172657, -44.2601585388, 25.2262439728, 91.1028671265, 175.894195557, 56.16147995, 17.8664779663, 6.98636722565, -0.519593000412, -0.933297216892, 15.8497743607], [-87.6798324585, -54.7807807922, 18.2861480713, 32.5265808105, 40.0296211243, 58.0346794128, 56.16147995, 167.536605835, 54.3776817322, 20.1799507141, 7.37629032135, 11.1102409363, 18.8746109009], [-305.810546875, 4.51331043243, -2.22922730446, -17.5648460388, 37.4409866333, 8.38217544556, 17.8664779663, 54.3776817322, 125.752708435, 56.8428421021, 15.3429384232, -4.45738315582, -5.06570720673], [-463.7293396, -53.9882698059, 36.1288261414, -44.7603530884, 44.3519515991, 29.3972530365, 6.98636722565, 20.1799507141, 56.8428421021, 115.986915588, 51.0927352905, 4.06236982346, -9.94980144501], [-380.620422363, -53.661365509, 59.1699829102, -13.1226453781, 63.0995178223, 23.354593277, -0.519593000412, 7.37629032135, 15.3429384232, 51.0927352905, 98.6233901978, 43.9134101868, -1.06935167313], [-283.472106934, -71.9746627808, 39.1212882996, 15.0791110992, 62.8438987732, 15.8966751099, -0.933297216892, 11.1102409363, -4.45738315582, 4.06236982346, 43.9134101868, 91.6364440918, 36.3652801514], [-125.736083984, -37.492389679, 4.43196249008, 4.36852407455, 30.4445781708, 20.0116539001, 15.8497743607, 18.8746109009, -5.06570720673, -9.94980144501, -1.06935167313, 36.3652801514, 80.5235366821]]
        icov: [[0.000250298879109, -0.000256219471339, 0.000356456730515, -0.000760659051593, 0.000861388863996, -0.000553107471205, 0.000368271255866, -7.95450177975e-005, 0.000195456261281, 0.000221344656893, -8.22275032988e-005, 8.30323988339e-005, 5.2181610954e-005], [-0.000256219471339, 0.00215195375495, 2.08135970752e-005, 0.000331694755005, -6.70025256113e-005, 0.00045766090625, -0.00124898331705, 0.00102070125286, -0.00113008427434, 0.000622684136033, -0.000387845182559, 0.000692583736964, 0.000188849604456], [0.000356456730515, 2.08135970752e-005, 0.00287816114724, -0.00108956929762, 0.00119052070659, -0.00180628080852, 0.000874236051459, -2.53713606071e-005, 0.000388540531276, 0.000368227163563, -0.00102048262488, -8.67870548973e-005, 0.000395222741645], [-0.000760659051593, 0.000331694755005, -0.00108956929762, 0.00505073787645, -0.00313088786788, 0.00195254478604, -0.000101753277704, -0.00101949239615, -6.69891305733e-005, 0.000144047866343, 0.000482646428281, -0.000805726624094, 9.39985038713e-005], [0.000861388863996, -6.70025256113e-005, 0.00119052070659, -0.00313088786788, 0.00732552772388, -0.00380800664425, 0.00127884128597, 0.000382167956559, -0.000901342311408, 0.00100861117244, -0.0015851984499, -0.00100983737502, -0.000243490125285], [-0.000553107471205, 0.00045766090625, -0.00180628080852, 0.00195254478604, -0.00380800664425, 0.00766180409119, -0.00344091514125, -0.00107871706132, 0.00112817040645, -0.00164180551656, 0.000561656837817, 0.000560715969186, -0.000568975228816], [0.000368271255866, -0.00124898331705, 0.000874236051459, -0.000101753277704, 0.00127884128597, -0.00344091514125, 0.00886476784945, -0.0024643058423, 0.000275470461929, 0.000683156249579, -0.00010488301632, 0.000291760487016, -0.000876128673553], [-7.95450177975e-005, 0.00102070125286, -2.53713606071e-005, -0.00101949239615, 0.000382167956559, -0.00107871706132, -0.0024643058423, 0.00904134195298, -0.00424077594653, 0.000490875972901, -8.92412208486e-005, -0.000155172485393, -0.00124012341257], [0.000195456261281, -0.00113008427434, 0.000388540531276, -6.69891305733e-005, -0.000901342311408, 0.00112817040645, 0.000275470461929, -0.00424077594653, 0.013089010492, -0.00613695150241, 0.0014765621163, 0.000447007827461, 0.000644349725917], [0.000221344656893, 0.000622684136033, 0.000368227163563, 0.000144047866343, 0.00100861117244, -0.00164180551656, 0.000683156249579, 0.000490875972901, -0.00613695150241, 0.0161695796996, -0.00817273184657, 0.0032717064023, 0.000410454988014], [-8.22275032988e-005, -0.000387845182559, -0.00102048262488, 0.000482646428281, -0.0015851984499, 0.000561656837817, -0.00010488301632, -8.92412208486e-005, 0.0014765621163, -0.00817273184657, 0.0195405520499, -0.00969879236072, 0.00394492922351], [8.30323988339e-005, 0.000692583736964, -8.67870548973e-005, -0.000805726624094, -0.00100983737502, 0.000560715969186, 0.000291760487016, -0.000155172485393, 0.000447007827461, 0.0032717064023, -0.00969879236072, 0.0202462077141, -0.00811780337244], [5.2181610954e-005, 0.000188849604456, 0.000395222741645, 9.39985038713e-005, -0.000243490125285, -0.000568975228816, -0.000876128673553, -0.00124012341257, 0.000644349725917, 0.000410454988014, 0.00394492922351, -0.00811780337244, 0.0170676112175]]
    sccoeffs:
        dmean: [0.0558978430927, 0.0479641966522, 0.0386403352022, 0.0308702941984, 0.020215978846, 0.0159353204072]
        dmean2: [0.091315947473, 0.078296251595, 0.0610044263303, 0.0496712476015, 0.0332863144577, 0.0255578532815]
        dvar: [0.00221737939864, 0.00176492508035, 0.00124127499294, 0.000750475621317, 0.000332592258928, 0.000195694825379]
        dvar2: [0.00564688164741, 0.00449611293152, 0.00277775875293, 0.00179188593756, 0.000806379248388, 0.000481700611999]
        max: [-0.339964747429, -0.273532062769, -0.39904665947, -0.507851421833, -0.5198148489, -0.51330268383]
        mean: [-0.658867120743, -0.751135289669, -0.744201123714, -0.784235358238, -0.800331294537, -0.758614122868]
        median: [-0.652102947235, -0.768389463425, -0.773337841034, -0.793392062187, -0.801745295525, -0.748825788498]
        min: [-0.98240250349, -0.986304283142, -0.997023224831, -0.987911462784, -0.989636719227, -0.963995635509]
        var: [0.00906136725098, 0.00981443375349, 0.0123241310939, 0.00413472857326, 0.00207346095704, 0.00254581752233]
    scvalleys:
        dmean: [0.445062696934, 0.398959040642, 0.321757763624, 0.286837726831, 0.201229557395, 0.19102576375]
        dmean2: [0.730093419552, 0.648433983326, 0.508828043938, 0.44705760479, 0.301036417484, 0.269603431225]
        dvar: [0.150049969554, 0.144097238779, 0.102449446917, 0.0908898860216, 0.0634102970362, 0.0605336017907]
        dvar2: [0.339739024639, 0.342824310064, 0.219901248813, 0.182520315051, 0.108785450459, 0.107959367335]
        max: [-4.97168827057, -4.61915874481, -5.50241661072, -5.80586767197, -5.52434015274, -7.29630184174]
        mean: [-7.67870998383, -7.75396490097, -8.01812076569, -8.1189622879, -7.6599445343, -9.81239891052]
        median: [-6.92952919006, -6.86299800873, -7.09461212158, -7.33435916901, -6.70921325684, -8.97296619415]
        min: [-28.2807426453, -28.1915245056, -27.823595047, -27.630903244, -27.5392780304, -27.4547519684]
        var: [10.4637260437, 11.3799343109, 10.7841262817, 9.99680137634, 11.2589902878, 9.90963172913]

rhythm:
    beats_loudness:
        dmean: 0.00277203484438
        dmean2: 0.00530129950494
        dvar: 5.93985578234e-006
        dvar2: 1.93835421669e-005
        max: 0.0144981825724
        mean: 0.00625283876434
        median: 0.00766319781542
        min: 0
        var: 1.32125560413e-005
    bpm: 83.8987884521
    bpm_confidence: 0
    first_peak_bpm: 83
    first_peak_spread: 0.459574460983
    first_peak_weight: 0.477443605661
    onset_rate: 2.72360992432
    second_peak_bpm: 126
    second_peak_spread: 0.153846174479
    second_peak_weight: 0.0413533821702
    beats_loudness_band_ratio:
        dmean: [0.0993014127016, 0.101512081921, 0.0675159990788, 0.11218214035, 0.0968834683299, 0.106945365667]
        dmean2: [0.18150395155, 0.181381195784, 0.122438050807, 0.202952891588, 0.175430759788, 0.192863434553]
        dvar: [0.0206316914409, 0.00844707060605, 0.00933956168592, 0.0187007207423, 0.00912148412317, 0.0105062816292]
        dvar2: [0.0614092834294, 0.0248863790184, 0.0248629488051, 0.0528151877224, 0.023413611576, 0.0313526242971]
        max: [0.982741475105, 0.843691051006, 0.647387862206, 0.705145299435, 0.977512776852, 0.6891477108]
        mean: [0.162839174271, 0.144983381033, 0.0875302031636, 0.129381090403, 0.187863051891, 0.282486855984]
        median: [0.10845143348, 0.130180329084, 0.0542251989245, 0.0618522241712, 0.175493568182, 0.303342878819]
        min: [0, 0, 0, 0, 0, 0]
        var: [0.0301656071097, 0.0137787740678, 0.0111895147711, 0.0210130158812, 0.014620856382, 0.0224922373891]
    beats_position: [0.522448956966, 1.06811785698, 1.60217678547, 2.13623571396, 2.65868473053, 3.1811337471, 3.7151927948, 4.2492518425, 4.78331041336, 5.32897949219, 5.94430828094, 6.53641700745, 7.12852573395, 7.73224496841, 8.33596324921, 9.07900238037, 9.81043052673, 10.5418596268, 11.2732877731, 12.0047159195, 12.7245349884, 13.4443531036, 14.1525621414, 14.8607711792, 15.5689792633, 16.2771873474, 16.99700737, 17.7168254852, 18.4366436005, 19.1564617157, 19.8646717072, 20.5728797913, 21.2810878754, 22.0009059906, 22.7091159821, 23.4173240662, 24.1255321503, 24.8453502655, 25.5651702881, 26.2849884033, 27.0048065186, 27.7130146027, 28.4328346252, 29.1410427094, 29.8608608246, 30.5806789398, 31.2888889313, 31.9970970154, 32.7169151306, 33.4367332458, 34.1449432373, 34.8531494141, 35.572971344, 36.2927894592, 37.0126075745, 37.7208137512, 38.4290237427, 39.1488418579, 39.8686599731, 40.5768699646, 41.2850799561, 42.0048980713, 42.7247161865, 43.4445343018, 44.1527442932, 44.86095047, 45.5807685852, 46.2889785767, 46.9971885681, 47.7170066833, 48.4368247986, 49.1566429138, 49.8648529053, 50.573059082, 51.2928771973, 52.0010871887, 52.720905304, 53.4291152954, 54.1489334106, 54.8687515259, 55.5769615173, 56.2851676941, 57.0049858093, 57.7248077393, 58.433013916, 59.1412239075, 59.8610420227, 60.5808601379, 61.3006782532, 62.0204963684, 62.7287063599, 63.4369163513, 64.1567306519, 64.864944458, 65.5731506348, 66.2813568115, 67.0011749268, 67.7093887329, 68.4292068481, 69.1490249634, 69.8572311401, 70.5654373169, 71.273651123, 71.9934692383, 72.701675415, 73.4098815918, 74.1180953979, 74.8379135132, 75.5577316284, 76.2775497437, 76.9973678589, 77.7171859741, 78.4370040894, 79.1568222046, 79.8766403198, 80.5732421875, 81.2930603027, 82.012878418, 82.7210845947, 83.4292984009, 84.1491165161, 84.8689346313, 85.5887527466, 86.2969589233, 87.0167770386, 87.7249908447, 88.4331970215, 89.1414031982, 89.8612213135, 90.5810394287, 91.2892532349, 92.0090713501, 92.7172775269, 93.4370956421, 94.1569137573, 94.8651199341, 95.5733337402, 96.2931518555, 97.0129699707, 97.7327880859, 98.4409942627, 99.1492080688, 99.8690261841, 100.588844299, 101.297050476, 102.005256653, 102.725074768, 103.444892883, 104.153106689, 104.861312866, 105.581130981, 106.300949097, 107.009155273, 107.71736908, 108.437187195, 109.15700531, 109.865211487, 110.573425293, 111.293243408, 112.013061523, 112.7212677, 113.429473877, 114.149291992, 114.869110107, 115.588935852, 116.297142029, 117.005348206, 117.725166321, 118.433380127, 119.141586304, 119.861404419, 120.581222534, 121.301040649, 122.009246826, 122.717460632, 123.437278748, 124.157096863, 124.876914978, 125.585121155, 126.293327332, 127.013153076, 127.721359253, 128.42956543, 129.149383545, 129.86920166, 130.589019775, 131.297225952, 132.005432129, 132.725265503, 133.445083618, 134.153289795, 134.861495972, 135.581314087, 136.301132202, 137.009338379, 137.717544556, 138.425750732, 139.145568848, 139.853790283, 140.573608398, 141.293426514, 142.013244629, 142.733062744, 143.441268921, 144.161087036, 144.869293213, 145.589111328, 146.297317505, 147.005523682, 147.725341797, 148.445159912, 149.164993286, 149.873199463, 150.58140564, 151.301223755, 152.009429932, 152.717636108, 153.437454224, 154.157272339, 154.877090454, 155.596908569, 156.305114746, 157.013336182, 157.721542358, 158.429748535, 159.14956665, 159.869384766, 160.589202881, 161.309020996, 162.017227173, 162.72543335, 163.445251465, 164.1534729, 164.861679077, 165.581497192, 166.301315308, 167.021133423, 167.7293396, 168.437545776, 169.157363892, 169.877182007, 170.597000122, 171.305206299, 172.013427734, 172.73324585, 173.453063965, 174.17288208, 174.904312134, 175.658950806, 176.413604736, 177.028930664, 177.632644653, 178.236373901, 178.723983765, 179.211608887, 179.710830688, 180.186843872, 180.662857056, 181.138870239, 181.614868164, 182.090881348, 182.566894531, 183.042892456, 183.51890564, 183.994918823, 184.470932007, 184.946929932]
    bpm_estimates: [80.7494506836, 82.0312957764, 82.0311889648, 82.0312957764, 82.0312957764, 83.3542785645, 83.3543930054, 84.7207489014, 84.7207489014, 84.7208633423, 84.7208633423, 83.3541717529, 83.3543930054, 83.3543930054, 83.3543930054, 84.7206344604, 84.7208633423, 84.7208633423, 83.3543930054, 84.7206344604, 84.7208633423, 84.7208633423, 83.3543930054, 83.3541717529, 83.3543930054, 83.3543930054, 84.7208633423, 83.3541717529, 84.7208633423, 83.3543930054, 83.3543930054, 84.7206344604, 84.7208633423, 83.3543930054, 83.3543930054, 84.7206344604, 84.7210922241, 83.3539505005, 83.3543930054, 83.3543930054, 84.7210922241, 84.7206344604, 83.3543930054, 83.3543930054, 84.7206344604, 84.7206344604, 83.3543930054, 83.3543930054, 83.3543930054, 84.7206344604, 84.7210922241, 83.3543930054, 84.7206344604, 84.7206344604, 83.3543930054, 83.3543930054, 83.3543930054, 84.7206344604, 84.7210922241, 83.3543930054, 84.7206344604, 83.3543930054, 84.7206344604, 83.3543930054, 83.3543930054, 84.7206344604, 84.7210922241, 83.3543930054, 83.3539505005, 84.7210922241, 84.7206344604, 83.3543930054, 83.3543930054, 83.3543930054, 83.3543930054, 84.7206344604, 84.7206344604, 83.3548355103, 84.7201766968, 84.7210922241, 84.7210922241, 83.3543930054, 84.7201766968, 83.3543930054, 83.3543930054, 84.7210922241, 84.7210922241, 84.7201766968, 83.3543930054, 84.7210922241, 84.7210922241, 84.7201766968, 83.3543930054, 83.3543930054, 83.3543930054, 83.3543930054, 83.3543930054, 83.3543930054, 83.3543930054, 83.3543930054, 86.1324157715, 83.3543930054, 83.3543930054, 84.7210922241, 84.7201766968, 83.3543930054, 83.3543930054, 83.3543930054, 84.7210922241, 83.3543930054, 84.7201766968, 84.7210922241, 84.7210922241, 83.3543930054, 83.3543930054, 84.7201766968, 83.3543930054, 84.7210922241, 83.3543930054, 83.3543930054, 84.7210922241, 84.7201766968, 83.3543930054, 83.3543930054, 83.3543930054, 84.7210922241, 84.7201766968, 83.3543930054, 83.3543930054, 84.7210922241, 84.7210922241, 83.3543930054, 83.3543930054, 84.7201766968, 84.7210922241, 83.3543930054, 83.3543930054, 84.7210922241, 84.7201766968, 83.3543930054, 83.3543930054, 84.7210922241, 84.7201766968, 83.3543930054, 83.3543930054, 84.7210922241, 84.7210922241, 83.3543930054, 83.3543930054, 83.3535079956, 84.7210922241, 84.7210922241, 83.3543930054, 84.7201766968, 84.7210922241, 83.3543930054, 83.3543930054, 83.3543930054, 84.7210922241, 84.7201766968, 83.3543930054, 83.3543930054, 83.3543930054, 84.7210922241, 84.7210922241, 83.3535079956, 84.7210922241, 84.7210922241, 83.3543930054, 83.3543930054, 83.3543930054, 84.7210922241, 84.7210922241, 83.3526229858, 83.3543930054, 84.7210922241, 84.7210922241, 83.3543930054, 83.3543930054, 84.7210922241, 84.7210922241, 84.7210922241, 83.3543930054, 84.7192687988, 83.3543930054, 83.3543930054, 83.3543930054, 83.3543930054, 84.7210922241, 83.3543930054, 84.7210922241, 83.3543930054, 84.7210922241, 84.7210922241, 83.3543930054, 83.3543930054, 83.3526229858, 84.7210922241, 84.7210922241, 83.3543930054, 84.7210922241, 84.7210922241, 83.3543930054, 83.3543930054, 83.3543930054, 83.3543930054, 84.7210922241, 84.7192687988, 84.7210922241, 84.7210922241, 83.3543930054, 83.3543930054, 83.3543930054, 83.3543930054, 84.7210922241, 84.7210922241, 83.3543930054, 84.7192687988, 84.7210922241, 83.3543930054, 83.3543930054, 83.3543930054, 84.7210922241, 84.7210922241, 83.3543930054, 83.3543930054, 83.3543930054, 84.7210922241, 84.7192687988, 83.3543930054, 83.3543930054, 83.3543930054, 82.0310821533, 79.5082473755, 79.5066452026]
