
metadata:
    version:
        essentia: "2.1-beta2"
    audio_properties:
        analysis_sample_rate: 44100
        bitrate: 205
        channels: 2
        equal_loudness: 1
        length: 170.736328125
        replay_gain: -15.1019687653
        downmix: "mix"
    tags:
        album: "Flyleaf"
        artist: "Flyleaf"
        comment: ""
        date: "2005"
        genre: "Rock"
        title: "Sorrow"
        tracknumber: "5"

configuration:
    average_loudness:
        compute: 1
        frameSize: 88200
        hopSize: 44100
        silentFrames: "noise"
        windowType: "hann"
    general:
        analysisSampleRate: 44100
        endTime: 2000
        equalLoudness: 1
        nequalLoudness: 0
        shortSound: 0
        startTime: 0
    lowlevel:
        compute: 1
        frameSize: 2048
        hopSize: 1024
        zeroPadding: 0
        silentFrames: "noise"
        windowType: "blackmanharris62"
        mfccStats: ["mean", "cov", "icov"]
        stats: ["mean", "var", "median", "min", "max", "dmean", "dmean2", "dvar", "dvar2"]
    panning:
        compute: 0
        frameSize: 8192
        hopSize: 2048
        zeroPadding: 8192
        silentFrames: "noise"
        windowType: "hann"
        stats: ["copy"]
    rhythm:
        compute: 1
        maxTempo: 208
        minTempo: 40
        method: "degara"
        stats: ["mean", "var", "median", "min", "max", "dmean", "dmean2", "dvar", "dvar2"]
    segmentation:
        compute: 0
        cpw: 5
        inc1: 300
        inc2: 50
        minimumSegmentsLength: 10
        size1: 1000
        size2: 600
    sfx:
        compute: 1
        stats: ["mean", "var", "median", "min", "max", "dmean", "dmean2", "dvar", "dvar2"]
    svm:
        compute: 0
    tonal:
        compute: 1
        frameSize: 4096
        hopSize: 2048
        zeroPadding: 0
        silentFrames: "noise"
        windowType: "blackmanharris62"
        stats: ["mean", "var", "median", "min", "max", "dmean", "dmean2", "dvar", "dvar2"]

lowlevel:
    average_loudness: 0.894408881664
    barkbands_kurtosis:
        dmean: 0.723318457603
        dmean2: 1.11573159695
        dvar: 1.45194721222
        dvar2: 3.19138360023
        max: 40.4962234497
        mean: 0.414037168026
        median: -0.923986852169
        min: -1.92826986313
        var: 22.2191390991
    barkbands_skewness:
        dmean: 0.339980810881
        dmean2: 0.490336924791
        dvar: 0.133148685098
        dvar2: 0.259333252907
        max: 5.73518896103
        mean: 0.0259951166809
        median: -0.0889145061374
        min: -4.89265298843
        var: 1.46307730675
    barkbands_spread:
        dmean: 4.94462251663
        dmean2: 7.43316173553
        dvar: 26.260427475
        dvar2: 58.2600898743
        max: 85.4861373901
        mean: 33.5473175049
        median: 33.1338653564
        min: 2.64143705368
        var: 154.343185425
    dissonance:
        dmean: 0.0145301735029
        dmean2: 0.0248130206019
        dvar: 0.000255119783105
        dvar2: 0.00071992748417
        max: 0.500000059605
        mean: 0.473452568054
        median: 0.480056226254
        min: 0.330506652594
        var: 0.000507672841195
    hfc:
        dmean: 2.45207834244
        dmean2: 3.53255605698
        dvar: 14.5757188797
        dvar2: 28.976890564
        max: 88.6621170044
        mean: 9.42591953278
        median: 8.27411365509
        min: 1.0635733468e-016
        var: 61.3105201721
    pitch:
        dmean: 630.266845703
        dmean2: 1204.51342773
        dvar: 1513736.75
        dvar2: 3858314.25
        max: 5949.52490234
        mean: 1379.05175781
        median: 426.927734375
        min: 57.9249229431
        var: 2695820.5
    pitch_instantaneous_confidence:
        dmean: 0.0792426019907
        dmean2: 0.125104010105
        dvar: 0.00614657904953
        dvar2: 0.0137289110571
        max: 0.957584321499
        mean: 0.456600934267
        median: 0.428249537945
        min: 0.0939981341362
        var: 0.0350872278214
    pitch_salience:
        dmean: 0.0505573749542
        dmean2: 0.0802211090922
        dvar: 0.00237325392663
        dvar2: 0.00566289480776
        max: 0.936030566692
        mean: 0.615492641926
        median: 0.62463581562
        min: 0.169789403677
        var: 0.012031105347
    silence_rate_20dB:
        dmean: 0
        dmean2: 0
        dvar: 0
        dvar2: 0
        max: 1
        mean: 1
        median: 1
        min: 1
        var: 0
    silence_rate_30dB:
        dmean: 0
        dmean2: 0
        dvar: 0
        dvar2: 0
        max: 1
        mean: 1
        median: 1
        min: 1
        var: 0
    silence_rate_60dB:
        dmean: 0.0652794763446
        dmean2: 0.130576714873
        dvar: 0.0610230863094
        dvar2: 0.131743192673
        max: 1
        mean: 0.324721246958
        median: 0
        min: 0
        var: 0.219293326139
    spectral_centroid:
        dmean: 258.782226563
        dmean2: 373.487670898
        dvar: 106462.757813
        dvar2: 184452.0625
        max: 11573.5498047
        mean: 2112.23242188
        median: 1904.45874023
        min: 234.932373047
        var: 2509758.75
    spectral_complexity:
        dmean: 2.98436021805
        dmean2: 4.68008708954
        dvar: 12.3913383484
        dvar2: 25.6147098541
        max: 48
        mean: 14.3924398422
        median: 14
        min: 0
        var: 84.8236694336
    spectral_crest:
        dmean: 1.83805966377
        dmean2: 2.93297624588
        dvar: 3.65321159363
        dvar2: 8.8254032135
        max: 22.3311824799
        mean: 7.72877216339
        median: 6.77660799026
        min: 2.40815758705
        var: 12.3663978577
    spectral_decrease:
        dmean: 2.03644559549e-010
        dmean2: 3.03841007909e-010
        dvar: 7.83270634464e-020
        dvar2: 1.74629666332e-019
        max: 2.13153981784e-028
        mean: -9.80753256385e-010
        median: -9.29375354453e-010
        min: -4.43293268759e-009
        var: 3.69794789305e-019
    spectral_energy:
        dmean: 0.000958937511314
        dmean2: 0.00141816411633
        dvar: 1.76761318471e-006
        dvar2: 3.80784354093e-006
        max: 0.0238234885037
        mean: 0.00455655623227
        median: 0.00427906494588
        min: 9.91499718119e-021
        var: 8.49903790368e-006
    spectral_energyband_high:
        dmean: 0.000250978308031
        dmean2: 0.000365169835277
        dvar: 2.17606938691e-007
        dvar2: 4.48027407174e-007
        max: 0.00963188335299
        mean: 0.00066248618532
        median: 0.000466769502964
        min: 6.94633320445e-021
        var: 6.08508855748e-007
    spectral_energyband_low:
        dmean: 0.000148351144162
        dmean2: 0.000229316414334
        dvar: 6.13641759628e-008
        dvar2: 1.57085864316e-007
        max: 0.00410890951753
        mean: 0.000406421662774
        median: 0.000329935486661
        min: 1.49977698875e-023
        var: 1.33142677328e-007
    spectral_energyband_middle_high:
        dmean: 0.000665057625156
        dmean2: 0.000979233533144
        dvar: 9.63495722317e-007
        dvar2: 2.01460670723e-006
        max: 0.0194802004844
        mean: 0.0024736430496
        median: 0.00198961701244
        min: 1.20486641329e-021
        var: 4.81050165035e-006
    spectral_energyband_middle_low:
        dmean: 0.000368389766663
        dmean2: 0.000577009981498
        dvar: 4.08674907248e-007
        dvar2: 1.01783564332e-006
        max: 0.00948356185108
        mean: 0.00116713694297
        median: 0.000939856632613
        min: 1.76107189126e-022
        var: 9.08998458726e-007
    spectral_flatness_db:
        dmean: 0.0127343032509
        dmean2: 0.0194972380996
        dvar: 0.000152623513713
        dvar2: 0.000347742578015
        max: 0.37288326025
        mean: 0.142313405871
        median: 0.131743818521
        min: 0.0533578917384
        var: 0.00212792120874
    spectral_flux:
        dmean: 0.00751774059609
        dmean2: 0.0114381350577
        dvar: 8.27628609841e-005
        dvar2: 0.000183714058949
        max: 0.152276411653
        mean: 0.0360949598253
        median: 0.0346842855215
        min: 6.38068417547e-011
        var: 0.000389800261473
    spectral_kurtosis:
        dmean: 0.716634452343
        dmean2: 1.17267978191
        dvar: 1.48663854599
        dvar2: 4.27997350693
        max: 27.7017459869
        mean: 2.3540019989
        median: 2.11328816414
        min: -1.29088044167
        var: 4.05685710907
    spectral_rms:
        dmean: 0.000207370496355
        dmean2: 0.000301835854771
        dvar: 6.4945709255e-008
        dvar2: 1.30631235606e-007
        max: 0.00482104020193
        mean: 0.00196153414436
        median: 0.00204320764169
        min: 3.11017162545e-012
        var: 5.97799271418e-007
    spectral_rolloff:
        dmean: 378.707336426
        dmean2: 587.33581543
        dvar: 306576.53125
        dvar2: 567635.6875
        max: 19724.4140625
        mean: 3879.3984375
        median: 3789.84375
        min: 193.798828125
        var: 6775691.5
    spectral_skewness:
        dmean: 0.127455234528
        dmean2: 0.195809409022
        dvar: 0.020469063893
        dvar2: 0.0450447686017
        max: 3.6077003479
        mean: 1.16000270844
        median: 1.16271352768
        min: -0.163201645017
        var: 0.159766986966
    spectral_spread:
        dmean: 518661.4375
        dmean2: 747533.25
        dvar: 675552624640
        dvar2: 1.11527972045e+012
        max: 42990728
        mean: 6535071
        median: 5522257
        min: 1664195.75
        var: 3.04931164652e+013
    spectral_strongpeak:
        dmean: 0.537974059582
        dmean2: 0.894044280052
        dvar: 0.783803522587
        dvar2: 1.89847207069
        max: 15.2570533752
        mean: 0.948861658573
        median: 0.348329544067
        min: 0
        var: 1.6705313921
    zerocrossingrate:
        dmean: 0.00943100638688
        dmean2: 0.0107174813747
        dvar: 0.000132475775899
        dvar2: 0.000156003181473
        max: 0.52294921875
        mean: 0.116909831762
        median: 0.10986328125
        min: 0.0087890625
        var: 0.00485161133111
    barkbands:
        dmean: [4.11173147086e-007, 4.0276121581e-005, 9.29439702304e-005, 8.63829191076e-005, 0.000136476286571, 0.000129858657601, 8.16528990981e-005, 6.26102992101e-005, 7.26625294192e-005, 0.000150237421622, 9.40234021982e-005, 5.8936951973e-005, 7.95538217062e-005, 6.6369495471e-005, 0.000107575237053, 0.000105675986561, 0.000120148870337, 0.000166530226124, 0.000213332328713, 0.000201867936994, 0.000143552722875, 5.27328811586e-005, 1.24211046568e-005, 5.99039822191e-006, 3.41745385413e-006, 1.15970095749e-007, 8.72225014437e-010]
        dmean2: [6.23049288606e-007, 6.75180053804e-005, 0.000140632415423, 0.00013966174447, 0.000224008457735, 0.000209414269193, 0.00012941591558, 9.81056582532e-005, 0.00011127187463, 0.00022072235879, 0.000138775125379, 9.19372323551e-005, 0.00012388471805, 0.000102916812466, 0.00016345216136, 0.000159930001246, 0.000186011660844, 0.000268471485469, 0.000340216589393, 0.000320543156704, 0.000213129460462, 7.97564862296e-005, 1.85226726899e-005, 8.75469868333e-006, 4.85751797896e-006, 1.71394674453e-007, 1.32042488055e-009]
        dvar: [1.69310637559e-012, 6.79961775774e-009, 2.06748325127e-008, 4.50112054295e-008, 9.66941655633e-008, 6.26583513963e-008, 5.50407470712e-008, 3.29111173869e-008, 2.96721331949e-008, 1.48461083427e-007, 6.10955765978e-008, 3.82010973965e-008, 8.69593463904e-008, 5.57637420684e-008, 1.07594956944e-007, 9.25335754687e-008, 9.38051343269e-008, 2.04980054264e-007, 1.65780463135e-007, 1.28186556481e-007, 9.67358602111e-008, 1.41369653761e-008, 1.28391663967e-009, 2.15733070297e-010, 4.93709378935e-011, 1.42571176219e-013, 7.13043584655e-018]
        dvar2: [3.55835630059e-012, 1.89544451246e-008, 5.25930801132e-008, 1.15147265944e-007, 2.5795958436e-007, 1.55137371394e-007, 1.31913253654e-007, 8.29446094031e-008, 6.77484806033e-008, 3.06170704789e-007, 1.29681907879e-007, 8.99899390561e-008, 2.09128188544e-007, 1.33261323754e-007, 2.35516978364e-007, 1.70655724219e-007, 1.98411200358e-007, 5.13907423283e-007, 3.69922162236e-007, 3.11021238986e-007, 1.9737423429e-007, 3.05678149459e-008, 2.4928370479e-009, 4.06647604478e-010, 9.25726231782e-011, 2.83817782644e-013, 1.56539778479e-017]
        max: [1.38017685458e-005, 0.00103374500759, 0.0030625294894, 0.00531925400719, 0.00572515558451, 0.00557106407359, 0.0056506479159, 0.00472425436601, 0.00416193436831, 0.00708503043279, 0.00525201391429, 0.00490392837673, 0.00756464106962, 0.00609284918755, 0.0069423103705, 0.0106536801904, 0.0102558359504, 0.0152852721512, 0.013740430586, 0.0068429610692, 0.00811526086181, 0.00261425226927, 0.000989415799268, 0.000319013022818, 0.000131601133035, 8.16386273073e-006, 9.58804236006e-008]
        mean: [4.22447641313e-007, 6.50889996905e-005, 0.000225397423492, 0.000209503516089, 0.000281567859929, 0.000251890422078, 0.000130385553348, 0.000108786844066, 0.000131778637297, 0.000346212123986, 0.000206913930015, 9.94457877823e-005, 0.000125405087601, 9.68704480329e-005, 0.000167585589224, 0.000187379526324, 0.000226810501772, 0.000319294602377, 0.000450691120932, 0.000459769071313, 0.000306681118673, 0.000111861110781, 2.60927790805e-005, 1.34196270665e-005, 7.10900894774e-006, 1.91247323755e-007, 1.32125732577e-009]
        median: [3.54487319498e-008, 4.34981702711e-005, 0.00015694378817, 0.000108593449113, 0.000171763269464, 0.000161504343851, 6.07994224993e-005, 4.7307825298e-005, 6.04044471402e-005, 7.12470646249e-005, 4.16465263697e-005, 2.85899805021e-005, 3.35760996677e-005, 2.95793288387e-005, 6.34770913166e-005, 8.46974144224e-005, 0.000128457308165, 0.000185592129128, 0.000311608891934, 0.000325551751303, 0.000187129335245, 6.08357804595e-005, 1.05621038529e-005, 5.83324208492e-006, 3.34235164701e-006, 4.83336464185e-008, 4.21338658407e-010]
        min: [2.11448545011e-025, 2.0790117557e-024, 1.07126512207e-024, 5.57218063379e-025, 6.33480313783e-024, 5.1637478015e-024, 2.69742506286e-024, 6.68150513909e-024, 1.81471834556e-023, 1.69662981236e-023, 1.11150572543e-023, 1.74499881876e-023, 2.58171549748e-023, 3.57435842273e-023, 2.60360622983e-023, 5.03745117058e-023, 4.24786167342e-023, 8.8636392378e-023, 1.27320206349e-022, 1.58023985445e-022, 2.15625750464e-022, 2.95442848315e-022, 4.17660172215e-022, 4.46404496553e-022, 7.9194975636e-022, 1.22766911302e-021, 1.92602361531e-021]
        var: [1.97636611937e-012, 6.97925583992e-009, 5.65419924214e-008, 1.02632171206e-007, 1.31645137458e-007, 1.12883462577e-007, 8.01868651479e-008, 5.37067279538e-008, 5.9403898689e-008, 5.88378838984e-007, 2.20039453325e-007, 9.43598408298e-008, 1.33370619437e-007, 8.49807548775e-008, 1.72005584886e-007, 2.97151927953e-007, 2.01780764542e-007, 3.5443073898e-007, 3.70497986069e-007, 2.83845679405e-007, 2.29149136999e-007, 3.32779030998e-008, 3.12255377111e-009, 6.48910425394e-010, 1.41243641782e-010, 2.90049370156e-013, 1.20235499682e-017]
    frequency_bands:
        dmean: [4.11173147086e-007, 4.0276121581e-005, 9.29439702304e-005, 8.63829191076e-005, 0.000136476286571, 0.000129858657601, 8.16528990981e-005, 6.26102992101e-005, 7.26625294192e-005, 0.000150237421622, 9.40234021982e-005, 5.8936951973e-005, 7.95538217062e-005, 6.6369495471e-005, 0.000107575237053, 0.000105675986561, 0.000120148870337, 0.000166530226124, 0.000213332328713, 0.000201867936994, 0.000143552722875, 5.27328811586e-005, 1.24211046568e-005, 5.99039822191e-006, 3.41745385413e-006, 1.15970095749e-007, 8.72225014437e-010, 5.22700042971e-011]
        dmean2: [6.23049288606e-007, 6.75180053804e-005, 0.000140632415423, 0.00013966174447, 0.000224008457735, 0.000209414269193, 0.00012941591558, 9.81056582532e-005, 0.00011127187463, 0.00022072235879, 0.000138775125379, 9.19372323551e-005, 0.00012388471805, 0.000102916812466, 0.00016345216136, 0.000159930001246, 0.000186011660844, 0.000268471485469, 0.000340216589393, 0.000320543156704, 0.000213129460462, 7.97564862296e-005, 1.85226726899e-005, 8.75469868333e-006, 4.85751797896e-006, 1.71394674453e-007, 1.32042488055e-009, 9.65632782068e-011]
        dvar: [1.69310637559e-012, 6.79961775774e-009, 2.06748325127e-008, 4.50112054295e-008, 9.66941655633e-008, 6.26583513963e-008, 5.50407470712e-008, 3.29111173869e-008, 2.96721331949e-008, 1.48461083427e-007, 6.10955765978e-008, 3.82010973965e-008, 8.69593463904e-008, 5.57637420684e-008, 1.07594956944e-007, 9.25335754687e-008, 9.38051343269e-008, 2.04980054264e-007, 1.65780463135e-007, 1.28186556481e-007, 9.67358602111e-008, 1.41369653761e-008, 1.28391663967e-009, 2.15733070297e-010, 4.93709378935e-011, 1.42571176219e-013, 7.13043584655e-018, 6.25567455147e-021]
        dvar2: [3.55835630059e-012, 1.89544451246e-008, 5.25930801132e-008, 1.15147265944e-007, 2.5795958436e-007, 1.55137371394e-007, 1.31913253654e-007, 8.29446094031e-008, 6.77484806033e-008, 3.06170704789e-007, 1.29681907879e-007, 8.99899390561e-008, 2.09128188544e-007, 1.33261323754e-007, 2.35516978364e-007, 1.70655724219e-007, 1.98411200358e-007, 5.13907423283e-007, 3.69922162236e-007, 3.11021238986e-007, 1.9737423429e-007, 3.05678149459e-008, 2.4928370479e-009, 4.06647604478e-010, 9.25726231782e-011, 2.83817782644e-013, 1.56539778479e-017, 1.95940136277e-020]
        max: [1.38017685458e-005, 0.00103374500759, 0.0030625294894, 0.00531925400719, 0.00572515558451, 0.00557106407359, 0.0056506479159, 0.00472425436601, 0.00416193436831, 0.00708503043279, 0.00525201391429, 0.00490392837673, 0.00756464106962, 0.00609284918755, 0.0069423103705, 0.0106536801904, 0.0102558359504, 0.0152852721512, 0.013740430586, 0.0068429610692, 0.00811526086181, 0.00261425226927, 0.000989415799268, 0.000319013022818, 0.000131601133035, 8.16386273073e-006, 9.58804236006e-008, 1.05225284042e-009]
        mean: [4.22447641313e-007, 6.50889996905e-005, 0.000225397423492, 0.000209503516089, 0.000281567859929, 0.000251890422078, 0.000130385553348, 0.000108786844066, 0.000131778637297, 0.000346212123986, 0.000206913930015, 9.94457877823e-005, 0.000125405087601, 9.68704480329e-005, 0.000167585589224, 0.000187379526324, 0.000226810501772, 0.000319294602377, 0.000450691120932, 0.000459769071313, 0.000306681118673, 0.000111861110781, 2.60927790805e-005, 1.34196270665e-005, 7.10900894774e-006, 1.91247323755e-007, 1.32125732577e-009, 4.09860305417e-011]
        median: [3.54487319498e-008, 4.34981702711e-005, 0.00015694378817, 0.000108593449113, 0.000171763269464, 0.000161504343851, 6.07994224993e-005, 4.7307825298e-005, 6.04044471402e-005, 7.12470646249e-005, 4.16465263697e-005, 2.85899805021e-005, 3.35760996677e-005, 2.95793288387e-005, 6.34770913166e-005, 8.46974144224e-005, 0.000128457308165, 0.000185592129128, 0.000311608891934, 0.000325551751303, 0.000187129335245, 6.08357804595e-005, 1.05621038529e-005, 5.83324208492e-006, 3.34235164701e-006, 4.83336464185e-008, 4.21338658407e-010, 1.36592959166e-011]
        min: [2.11448545011e-025, 2.0790117557e-024, 1.07126512207e-024, 5.57218063379e-025, 6.33480313783e-024, 5.1637478015e-024, 2.69742506286e-024, 6.68150513909e-024, 1.81471834556e-023, 1.69662981236e-023, 1.11150572543e-023, 1.74499881876e-023, 2.58171549748e-023, 3.57435842273e-023, 2.60360622983e-023, 5.03745117058e-023, 4.24786167342e-023, 8.8636392378e-023, 1.27320206349e-022, 1.58023985445e-022, 2.15625750464e-022, 2.95442848315e-022, 4.17660172215e-022, 4.46404496553e-022, 7.9194975636e-022, 1.22766911302e-021, 1.92602361531e-021, 4.57309760194e-022]
        var: [1.97636611937e-012, 6.97925583992e-009, 5.65419924214e-008, 1.02632171206e-007, 1.31645137458e-007, 1.12883462577e-007, 8.01868651479e-008, 5.37067279538e-008, 5.9403898689e-008, 5.88378838984e-007, 2.20039453325e-007, 9.43598408298e-008, 1.33370619437e-007, 8.49807548775e-008, 1.72005584886e-007, 2.97151927953e-007, 2.01780764542e-007, 3.5443073898e-007, 3.70497986069e-007, 2.83845679405e-007, 2.29149136999e-007, 3.32779030998e-008, 3.12255377111e-009, 6.48910425394e-010, 1.41243641782e-010, 2.90049370156e-013, 1.20235499682e-017, 4.99118762131e-021]
    mfcc:
        mean: [-716.913024902, 80.444190979, -30.0624427795, 48.2670402527, -14.144493103, -4.04163789749, 3.16933202744, -5.80036067963, -0.0167016442865, -6.91670513153, -7.74309062958, -8.25008010864, -4.39055871964]
        cov: [[11771.5859375, 692.818725586, -1079.24536133, 798.234130859, -547.668762207, 103.361976624, 129.78692627, 234.265777588, 105.089263916, 7.14196920395, 3.67208170891, -20.9928703308, 38.9479217529], [692.818725586, 978.39263916, -242.916702271, 181.684173584, 11.3725032806, -61.133895874, 71.0982818604, -80.6786499023, -3.54143023491, -23.3208999634, -42.2111053467, -29.4447689056, -26.054731369], [-1079.24536133, -242.916702271, 519.287109375, -2.23255181313, 69.0501174927, 21.1693191528, -73.9474563599, 28.7720127106, -31.0862884521, 16.3633708954, 25.5849647522, 10.9865512848, 8.76803016663], [798.234130859, 181.684173584, -2.23255181313, 372.68927002, 36.6989212036, -13.3666782379, -31.0981063843, 25.391784668, 26.3840065002, 8.06318855286, 11.9585838318, 4.31707525253, 1.80367588997], [-547.668762207, 11.3725032806, 69.0501174927, 36.6989212036, 196.373825073, 2.70355510712, 12.649600029, -2.44752454758, 24.4397182465, 11.2533979416, 9.77861213684, 8.81518268585, 13.8288803101], [103.361976624, -61.133895874, 21.1693191528, -13.3666782379, 2.70355510712, 175.181625366, 41.0894699097, 19.2927398682, -1.06639385223, 35.9189453125, 22.7820854187, 5.99430894852, 11.7554254532], [129.78692627, 71.0982818604, -73.9474563599, -31.0981063843, 12.649600029, 41.0894699097, 171.405181885, 11.9437732697, 20.3886203766, 19.8944988251, -2.23457241058, -1.23579239845, 12.9250793457], [234.265777588, -80.6786499023, 28.7720127106, 25.391784668, -2.44752454758, 19.2927398682, 11.9437732697, 183.326904297, 32.4720611572, 15.9389257431, 19.1403751373, 14.710515976, 20.6177902222], [105.089263916, -3.54143023491, -31.0862884521, 26.3840065002, 24.4397182465, -1.06639385223, 20.3886203766, 32.4720611572, 103.266342163, 17.5715236664, -0.630712926388, -4.36796331406, 7.78979444504], [7.14196920395, -23.3208999634, 16.3633708954, 8.06318855286, 11.2533979416, 35.9189453125, 19.8944988251, 15.9389257431, 17.5715236664, 99.6289672852, 31.4799289703, 4.46752405167, 7.4806728363], [3.67208170891, -42.2111053467, 25.5849647522, 11.9585838318, 9.77861213684, 22.7820854187, -2.23457241058, 19.1403751373, -0.630712926388, 31.4799289703, 90.8097915649, 41.3009262085, 7.54907894135], [-20.9928703308, -29.4447689056, 10.9865512848, 4.31707525253, 8.81518268585, 5.99430894852, -1.23579239845, 14.710515976, -4.36796331406, 4.46752405167, 41.3009262085, 83.7402420044, 29.6447257996], [38.9479217529, -26.054731369, 8.76803016663, 1.80367588997, 13.8288803101, 11.7554254532, 12.9250793457, 20.6177902222, 7.78979444504, 7.4806728363, 7.54907894135, 29.6447257996, 79.8306274414]]
        icov: [[0.000164068274898, 2.79676282844e-006, 0.000290226889774, -0.00039048815961, 0.000440099451225, -0.000130509681185, -5.27114643774e-005, -0.000162597018061, -1.56646929099e-005, 3.44568616129e-005, -5.90236159042e-005, 9.04052940314e-005, -0.000138368573971], [2.79676282844e-006, 0.00146218051668, 0.000564438058063, -0.00082198344171, -0.000171985360794, 0.000421152624767, -0.000708273029886, 0.000511066173203, 0.000433497247286, 4.05271421187e-005, 0.000318639853504, 0.000144631587318, 0.00025295195519], [0.000290226889774, 0.000564438058063, 0.00308377528563, -0.000813273014501, -0.000307196314679, -0.000416949827923, 0.000830318196677, -0.00063667667564, 0.00105793273542, -0.000303463777527, -0.000268339412287, 0.000418145617004, -0.000337786710588], [-0.00039048815961, -0.00082198344171, -0.000813273014501, 0.00426466064528, -0.00151963648386, 0.000213952487684, 0.00123422848992, -0.000266724149697, -0.000749133119825, -0.000255200342508, -0.000331707677105, -0.000234100094531, 0.000231314668781], [0.000440099451225, -0.000171985360794, -0.000307196314679, -0.00151963648386, 0.00709731457755, -0.000207406308618, -0.000893979740795, 0.000270508346148, -0.00168137752917, 5.14712301083e-005, -0.000504794181325, -8.00660345703e-005, -0.00109009584412], [-0.000130509681185, 0.000421152624767, -0.000416949827923, 0.000213952487684, -0.000207406308618, 0.00692872842774, -0.00172363268211, -0.000105543360405, 0.000807602307759, -0.00176964444108, -0.000999608426355, 0.000457789254142, -0.000424393540015], [-5.27114643774e-005, -0.000708273029886, 0.000830318196677, 0.00123422848992, -0.000893979740795, -0.00172363268211, 0.00757059408352, -0.00057831191225, -0.000907293811906, -0.00103282299824, 0.000509099219926, 6.37399571133e-005, -0.000878715945873], [-0.000162597018061, 0.000511066173203, -0.00063667667564, -0.000266724149697, 0.000270508346148, -0.000105543360405, -0.00057831191225, 0.00662846118212, -0.00192071159836, -3.03858323605e-005, -0.000709337182343, -0.000377079966711, -0.000930157897528], [-1.56646929099e-005, 0.000433497247286, 0.00105793273542, -0.000749133119825, -0.00168137752917, 0.000807602307759, -0.000907293811906, -0.00192071159836, 0.0118350991979, -0.0019271876663, 0.000667867891025, 0.00108602980617, -0.000575564452447], [3.44568616129e-005, 4.05271421187e-005, -0.000303463777527, -0.000255200342508, 5.14712301083e-005, -0.00176964444108, -0.00103282299824, -3.03858323605e-005, -0.0019271876663, 0.0127697931603, -0.00474498793483, 0.00204966426827, -0.000858740299009], [-5.90236159042e-005, 0.000318639853504, -0.000268339412287, -0.000331707677105, -0.000504794181325, -0.000999608426355, 0.000509099219926, -0.000709337182343, 0.000667867891025, -0.00474498793483, 0.0171136446297, -0.00861954130232, 0.00246713869274], [9.04052940314e-005, 0.000144631587318, 0.000418145617004, -0.000234100094531, -8.00660345703e-005, 0.000457789254142, 6.37399571133e-005, -0.000377079966711, 0.00108602980617, 0.00204966426827, -0.00861954130232, 0.0184586830437, -0.00634150393307], [-0.000138368573971, 0.00025295195519, -0.000337786710588, 0.000231314668781, -0.00109009584412, -0.000424393540015, -0.000878715945873, -0.000930157897528, -0.000575564452447, -0.000858740299009, 0.00246713869274, -0.00634150393307, 0.0156005071476]]
    sccoeffs:
        dmean: [0.042040258646, 0.0418338552117, 0.0358540415764, 0.0305880885571, 0.0210074130446, 0.016762573272]
        dmean2: [0.069717772305, 0.0692129060626, 0.0565176233649, 0.0485727898777, 0.0339459255338, 0.0257952902466]
        dvar: [0.00131932215299, 0.00128358881921, 0.00096123397816, 0.000770985556301, 0.000364668056136, 0.000242475158302]
        dvar2: [0.00361089431681, 0.00343012670055, 0.00223880121484, 0.00173037440982, 0.000852622557431, 0.000508942641318]
        max: [-0.374870866537, -0.390074908733, -0.480539143085, -0.505939304829, -0.526071608067, -0.561643600464]
        mean: [-0.651869535446, -0.744440615177, -0.743998408318, -0.775956392288, -0.794434249401, -0.754272580147]
        median: [-0.648111701012, -0.749859690666, -0.755185246468, -0.786080598831, -0.797130584717, -0.746172308922]
        min: [-0.983328640461, -0.980851888657, -0.978664278984, -0.973194539547, -0.969656348228, -0.966304779053]
        var: [0.00752256112173, 0.00650883698836, 0.00817776471376, 0.00536974519491, 0.00259559601545, 0.00258853984997]
    scvalleys:
        dmean: [0.3549721241, 0.317997604609, 0.275537163019, 0.246294468641, 0.188987314701, 0.215358406305]
        dmean2: [0.592830359936, 0.521895885468, 0.44555541873, 0.388816416264, 0.28815215826, 0.287402272224]
        dvar: [0.112565077841, 0.103036925197, 0.0812319070101, 0.0777332633734, 0.0672059804201, 0.0854191631079]
        dvar2: [0.257666736841, 0.211348429322, 0.15201318264, 0.135731086135, 0.100728876889, 0.126258164644]
        max: [-5.24010133743, -4.89142465591, -5.14647912979, -5.71219205856, -5.17819023132, -7.14899635315]
        mean: [-7.68161058426, -7.42078018188, -7.85488033295, -8.07798194885, -7.65083312988, -9.8492193222]
        median: [-6.88249921799, -6.67499303818, -7.09617900848, -7.31346225739, -6.7932882309, -9.08808135986]
        min: [-28.7301635742, -28.0812397003, -28.0770168304, -27.7487430573, -27.5135669708, -27.426990509]
        var: [11.4557714462, 11.4629640579, 10.9717082977, 10.7569465637, 11.1993675232, 9.95107936859]

rhythm:
    beats_loudness:
        dmean: 0.00212352303788
        dmean2: 0.00364713580348
        dvar: 3.80740016226e-006
        dvar2: 1.09062366391e-005
        max: 0.0186109934002
        mean: 0.00577006628737
        median: 0.00593660259619
        min: 0
        var: 9.0855965027e-006
    bpm: 140.029769897
    bpm_confidence: 0
    first_peak_bpm: 140
    first_peak_spread: 0.329932004213
    first_peak_weight: 0.532432436943
    onset_rate: 2.647356987
    second_peak_bpm: 94
    second_peak_spread: 0.425531923771
    second_peak_weight: 0.0729729756713
    beats_loudness_band_ratio:
        dmean: [0.0942821726203, 0.0812471956015, 0.0687287598848, 0.132654577494, 0.110522799194, 0.154884785414]
        dmean2: [0.163785561919, 0.137502223253, 0.117435216904, 0.230581760406, 0.19217030704, 0.276988148689]
        dvar: [0.00976321380585, 0.00919026322663, 0.00715614994988, 0.0194694455713, 0.0143285058439, 0.020671762526]
        dvar2: [0.0261975005269, 0.0252121333033, 0.0198356471956, 0.0527464896441, 0.0390782356262, 0.0615447275341]
        max: [0.777517914772, 0.656469523907, 0.550980687141, 0.659994006157, 0.766184866428, 0.835801661015]
        mean: [0.145277380943, 0.114002734423, 0.0914682969451, 0.160350710154, 0.204293981194, 0.27741959691]
        median: [0.100023083389, 0.0769579410553, 0.0630017220974, 0.0933560505509, 0.188719555736, 0.266859084368]
        min: [0, 0, 0, 0, 0, 0]
        var: [0.0211803782731, 0.0135640464723, 0.00802815333009, 0.0263774897903, 0.0186734627932, 0.0270892661065]
    beats_position: [0.673378646374, 1.34675729275, 2.02013611794, 2.67029476166, 3.30884337425, 3.94739222527, 4.59755086899, 5.23609972, 5.87464857101, 6.52480697632, 7.18657588959, 7.8251247406, 8.45206356049, 9.10222244263, 9.74077033997, 10.379319191, 11.0294780731, 11.6796369553, 12.3181858063, 12.9567346573, 13.5952835083, 14.2338323593, 14.8723802567, 15.5225391388, 16.1610889435, 16.8112468719, 17.4497947693, 18.088344574, 18.7385025024, 19.3886623383, 20.0272102356, 20.6657600403, 21.3043079376, 21.942855835, 22.5930156708, 23.2431735992, 23.8817234039, 24.5202713013, 25.158821106, 25.8089790344, 26.4475269318, 27.0976867676, 27.7362346649, 28.3747844696, 29.0249423981, 29.6751022339, 30.3136501312, 30.9521980286, 31.6023578644, 32.2292976379, 32.6936950684, 33.111656189, 33.5296134949, 33.9475746155, 34.3771438599, 34.7951011658, 35.2246704102, 35.6542396545, 36.0838088989, 36.5133781433, 36.9429473877, 37.3841247559, 37.8253059387, 38.2664833069, 38.6844444275, 39.1024017334, 39.5319709778, 39.9615402222, 40.3911094666, 40.8206787109, 41.2386398315, 41.6565971375, 42.0861663818, 42.5157356262, 42.9453048706, 43.374874115, 43.8044433594, 44.2340126038, 44.6635818481, 45.0931510925, 45.5111083984, 45.9406776428, 46.3702468872, 46.7998161316, 47.229385376, 47.6589546204, 48.0885238647, 48.5064849854, 48.9360542297, 49.3656234741, 49.7951927185, 50.2247619629, 50.6427192688, 51.0722885132, 51.5018577576, 51.931427002, 52.3609962463, 52.8021774292, 53.2317466736, 53.661315918, 54.1024932861, 54.5320625305, 54.9732398987, 55.4028091431, 55.8323783875, 56.2619476318, 56.6799087524, 57.0978660583, 57.515827179, 57.9453964233, 58.3749656677, 58.8045349121, 59.2341041565, 59.6636734009, 60.0932426453, 60.5344200134, 60.9639892578, 61.3935585022, 61.8231277466, 62.252696991, 62.6590461731, 63.0770072937, 63.4833564758, 63.889705658, 64.3308868408, 64.772064209, 65.2132415771, 65.6544189453, 66.0839920044, 66.5135574341, 66.9431304932, 67.3726959229, 67.813873291, 68.2434463501, 68.6614074707, 69.0909729004, 69.5205459595, 69.9617233276, 70.3912887573, 70.8208618164, 71.238822937, 71.6683883667, 72.0979614258, 72.515914917, 72.9454879761, 73.3750534058, 73.8046264648, 74.2341918945, 74.6753692627, 75.1049423218, 75.5345077515, 75.9524688721, 76.3704299927, 76.7883911133, 77.2295684814, 77.6475296021, 78.0770950317, 78.5066680908, 78.9362335205, 79.3658065796, 79.7953720093, 80.2249450684, 80.654510498, 81.0840835571, 81.5136489868, 81.9432220459, 82.3611755371, 82.7791366577, 83.1970977783, 83.6382751465, 84.0678405762, 84.5090255737, 84.9385910034, 85.3797683716, 85.8093414307, 86.2389068604, 86.6800918579, 87.1212692261, 87.5624465942, 87.9804077148, 88.4099731445, 88.8279342651, 89.2575073242, 89.6870727539, 90.116645813, 90.5462112427, 90.9641723633, 91.393737793, 91.8233108521, 92.2412643433, 92.6708374023, 93.100402832, 93.5299758911, 93.9595413208, 94.3891143799, 94.8070755005, 95.2366409302, 95.6662139893, 96.0957794189, 96.525352478, 96.9549179077, 97.3728790283, 97.7908401489, 98.2204055786, 98.6499786377, 99.0795440674, 99.497505188, 99.9270706177, 100.356643677, 100.786209106, 101.215782166, 101.656959534, 102.086524963, 102.516098022, 102.957275391, 103.38684845, 103.828025818, 104.257591248, 104.675552368, 105.105125427, 105.523078918, 105.952651978, 106.370613098, 106.800178528, 107.229751587, 107.659317017, 108.088890076, 108.530067444, 108.959632874, 109.389205933, 109.818771362, 110.236732483, 110.666305542, 111.095870972, 111.513832092, 111.943397522, 112.38457489, 112.814147949, 113.243713379, 113.6616745, 114.091247559, 114.520812988, 114.950386047, 115.379951477, 115.809524536, 116.239089966, 116.668663025, 117.098228455, 117.527801514, 117.957366943, 118.398544312, 118.828117371, 119.2576828, 119.687255859, 120.116821289, 120.53478241, 120.95274353, 121.38230896, 121.811882019, 122.253059387, 122.671020508, 123.100585938, 123.530158997, 123.948112488, 124.366073608, 124.784034729, 125.225212097, 125.666389465, 126.107574463, 126.548751831, 126.978317261, 127.40789032, 127.82585144, 128.25541687, 128.6849823, 129.114562988, 129.544128418, 129.962081909, 130.3800354, 130.809616089, 131.239181519, 131.668746948, 132.098312378, 132.527893066, 132.957458496, 133.387023926, 133.816589355, 134.246170044, 134.675735474, 135.105300903, 135.534866333, 135.964447021, 136.394012451, 136.811965942, 137.241546631, 137.682723999, 138.112289429, 138.541854858, 138.971420288, 139.401000977, 139.842178345, 140.271743774, 140.701309204, 141.130874634, 141.548843384, 141.978408813, 142.419586182, 142.849151611, 143.267120361, 143.685073853, 144.103042603, 144.532608032, 144.962173462, 145.391738892, 145.82131958, 146.239273071, 146.668838501, 147.098403931, 147.527984619, 147.957550049, 148.387115479, 148.816680908, 149.246261597, 149.675827026, 150.105392456, 150.534957886, 150.964538574, 151.394104004, 151.823669434, 152.253234863, 152.682815552, 153.112380981, 153.530334473, 153.959899902, 154.389480591, 154.819046021, 155.24861145, 155.67817688, 156.107757568, 156.537322998, 156.966888428, 157.408065796, 157.860855103, 158.313644409, 158.766433716, 159.184402466, 159.602355957, 160.020309448, 160.496322632, 160.960723877, 161.425125122, 161.889526367, 162.307479858, 162.72543335, 163.1434021, 163.549743652, 163.956100464, 164.350830078, 164.745574951, 165.128707886, 165.51184082, 165.883346558, 166.266479492, 166.719268799, 167.183670044, 167.659683228, 168.124084473, 168.588470459, 169.052871704, 169.517272949, 169.981674194]
    bpm_estimates: [143.554016113, 143.555328369, 143.554016113, 139.674804688, 143.555328369, 139.674804688, 139.674804688, 139.674804688, 139.674804688, 139.674804688, 135.999725342, 135.998550415, 135.999725342, 143.554016113, 143.555328369, 139.674804688, 139.674804688, 139.674804688, 139.674804688, 143.554016113, 143.555328369, 139.674804688, 139.674804688, 139.674804688, 139.674804688, 139.674804688, 139.674804688, 139.674804688, 139.674804688, 143.555328369, 139.674804688, 139.674804688, 139.674804688, 139.674804688, 139.674804688, 139.674804688, 143.554016113, 139.674804688, 139.674804688, 139.674804688, 139.674804688, 143.555328369, 139.674804688, 139.674804688, 139.674804688, 139.674804688, 135.998550415, 139.674804688, 139.674804688, 135.999725342, 139.674804688, 135.999725342, 139.674804688, 139.674804688, 139.674804688, 143.554016113, 143.555328369, 143.554016113, 139.674804688, 139.674804688, 139.674804688, 139.674804688, 139.674804688, 139.674804688, 135.999725342, 139.674804688, 139.674804688, 139.674804688, 139.674804688, 143.554016113, 135.998550415, 135.999725342, 135.999725342, 135.999725342, 139.673568726, 139.676040649, 139.673568726, 139.676040649, 135.999725342, 139.673568726, 143.554016113, 139.676040649, 139.673568726, 135.999725342, 139.676040649, 139.673568726, 143.554016113, 139.676040649, 139.673568726, 143.556640625, 139.673568726, 139.676040649, 139.673568726, 139.676040649, 135.999725342, 139.673568726, 139.676040649, 143.554016113, 143.554016113, 143.554016113, 135.999725342, 143.554016113, 139.676040649, 139.673568726, 139.676040649, 139.673568726, 139.676040649, 139.673568726, 139.676040649, 139.673568726, 139.676040649, 139.673568726, 143.556640625, 143.554016113, 143.554016113, 135.999725342, 139.676040649, 135.997375488, 139.676040649, 135.999725342, 139.673568726, 139.676040649, 135.997375488, 135.999725342, 135.999725342, 143.554016113, 139.676040649, 143.554016113, 139.673568726, 139.676040649, 139.673568726, 139.676040649, 143.554016113, 139.676040649, 139.673568726, 143.556640625, 139.673568726, 139.676040649, 139.673568726, 139.676040649, 139.673568726, 143.554016113, 139.676040649, 139.673568726, 139.676040649, 139.673568726, 139.676040649, 143.554016113, 143.554016113, 139.676040649, 139.673568726, 139.676040649, 143.554016113, 139.676040649, 139.673568726, 139.676040649, 139.673568726, 135.999725342, 139.676040649, 139.673568726, 135.999725342, 139.673568726, 135.999725342, 139.676040649, 143.554016113, 139.673568726, 143.556640625, 139.673568726, 143.554016113, 139.676040649, 139.673568726, 139.676040649, 139.673568726, 135.999725342, 139.676040649, 139.673568726, 139.676040649, 143.554016113, 139.673568726, 139.676040649, 143.554016113, 139.676040649, 135.999725342, 139.673568726, 139.676040649, 143.554016113, 139.673568726, 139.676040649, 139.673568726, 139.676040649, 139.673568726, 139.676040649, 139.673568726, 139.676040649, 139.673568726, 139.676040649, 135.999725342, 139.673568726, 139.676040649, 139.673568726, 139.676040649, 143.554016113, 143.554016113, 139.676040649, 139.673568726, 135.999725342, 143.554016113, 139.676040649, 139.673568726, 143.556640625, 143.554016113, 143.554016113, 135.999725342, 135.999725342, 135.997375488, 135.999725342, 139.676040649, 139.673568726, 143.554016113, 139.676040649, 139.676040649, 139.671081543, 139.676040649, 143.556640625, 143.556640625, 139.671081543, 139.676040649, 139.676040649, 139.676040649, 139.671081543, 139.676040649, 139.676040649, 139.676040649, 139.671081543, 139.676040649, 139.676040649, 139.676040649, 139.671081543, 139.676040649, 143.556640625, 139.671081543, 135.999725342, 139.676040649, 139.676040649, 139.676040649, 139.671081543, 135.999725342, 139.676040649, 139.676040649, 139.676040649, 143.55140686, 139.676040649, 135.999725342, 139.676040649, 143.55140686, 143.556640625, 143.55140686, 139.676040649, 139.676040649, 139.676040649, 139.671081543, 143.556640625, 139.676040649, 139.676040649, 139.671081543, 139.676040649, 139.676040649, 139.676040649, 139.671081543, 139.676040649, 139.676040649, 139.676040649, 139.671081543, 139.676040649, 139.676040649, 139.676040649, 139.671081543, 139.676040649, 143.556640625, 139.676040649, 139.671081543, 139.676040649, 139.676040649, 139.676040649, 139.671081543, 139.676040649, 139.676040649, 135.999725342, 143.55140686, 143.556640625, 143.556640625, 143.556640625, 143.556640625, 143.55140686]
