
metadata:
    version:
        essentia: "2.1-beta2"
    audio_properties:
        analysis_sample_rate: 44100
        bitrate: 211
        channels: 2
        equal_loudness: 1
        length: 174.497955322
        replay_gain: -15.391040802
        downmix: "mix"
    tags:
        album: "Flyleaf"
        artist: "Flyleaf"
        comment: ""
        date: "2005"
        genre: "Rock"
        title: "There For You"
        tracknumber: "9"

configuration:
    average_loudness:
        compute: 1
        frameSize: 88200
        hopSize: 44100
        silentFrames: "noise"
        windowType: "hann"
    general:
        analysisSampleRate: 44100
        endTime: 2000
        equalLoudness: 1
        nequalLoudness: 0
        shortSound: 0
        startTime: 0
    lowlevel:
        compute: 1
        frameSize: 2048
        hopSize: 1024
        zeroPadding: 0
        silentFrames: "noise"
        windowType: "blackmanharris62"
        mfccStats: ["mean", "cov", "icov"]
        stats: ["mean", "var", "median", "min", "max", "dmean", "dmean2", "dvar", "dvar2"]
    panning:
        compute: 0
        frameSize: 8192
        hopSize: 2048
        zeroPadding: 8192
        silentFrames: "noise"
        windowType: "hann"
        stats: ["copy"]
    rhythm:
        compute: 1
        maxTempo: 208
        minTempo: 40
        method: "degara"
        stats: ["mean", "var", "median", "min", "max", "dmean", "dmean2", "dvar", "dvar2"]
    segmentation:
        compute: 0
        cpw: 5
        inc1: 300
        inc2: 50
        minimumSegmentsLength: 10
        size1: 1000
        size2: 600
    sfx:
        compute: 1
        stats: ["mean", "var", "median", "min", "max", "dmean", "dmean2", "dvar", "dvar2"]
    svm:
        compute: 0
    tonal:
        compute: 1
        frameSize: 4096
        hopSize: 2048
        zeroPadding: 0
        silentFrames: "noise"
        windowType: "blackmanharris62"
        stats: ["mean", "var", "median", "min", "max", "dmean", "dmean2", "dvar", "dvar2"]

lowlevel:
    average_loudness: 0.783876895905
    barkbands_kurtosis:
        dmean: 1.78370213509
        dmean2: 2.80487942696
        dvar: 24.354019165
        dvar2: 57.7686080933
        max: 198.15222168
        mean: 2.74792456627
        median: -0.339664638042
        min: -1.94831836224
        var: 79.4039916992
    barkbands_skewness:
        dmean: 0.39112457633
        dmean2: 0.588845014572
        dvar: 0.246182218194
        dvar2: 0.539318144321
        max: 13.2247896194
        mean: 0.532970190048
        median: 0.13116979599
        min: -5.06748390198
        var: 2.39847445488
    barkbands_spread:
        dmean: 3.89450287819
        dmean2: 5.90892267227
        dvar: 26.1470584869
        dvar2: 53.8718109131
        max: 85.6406555176
        mean: 23.2041130066
        median: 23.2647781372
        min: 0.387329697609
        var: 145.278320313
    dissonance:
        dmean: 0.0190079305321
        dmean2: 0.0316461473703
        dvar: 0.000476887536934
        dvar2: 0.00123289448675
        max: 0.500000119209
        mean: 0.456626445055
        median: 0.470982015133
        min: 0.23852416873
        var: 0.00162540795282
    hfc:
        dmean: 1.45072817802
        dmean2: 2.14755892754
        dvar: 5.99635982513
        dvar2: 12.5728492737
        max: 55.6991386414
        mean: 7.13119316101
        median: 6.17366075516
        min: 1.05825484016e-016
        var: 48.7433624268
    pitch:
        dmean: 312.028533936
        dmean2: 590.979370117
        dvar: 685802.9375
        dvar2: 1757112.5
        max: 5975.93994141
        mean: 560.716918945
        median: 259.741851807
        min: 43.0508422852
        var: 1006539.25
    pitch_instantaneous_confidence:
        dmean: 0.0747793763876
        dmean2: 0.119593679905
        dvar: 0.00484141986817
        dvar2: 0.012226886116
        max: 0.966103553772
        mean: 0.488398253918
        median: 0.477270692587
        min: 0.0918899178505
        var: 0.0277745090425
    pitch_salience:
        dmean: 0.0518570616841
        dmean2: 0.084582939744
        dvar: 0.00241289963014
        dvar2: 0.0064501427114
        max: 0.911636769772
        mean: 0.56347489357
        median: 0.570770263672
        min: 0.0810682550073
        var: 0.0124857593328
    silence_rate_20dB:
        dmean: 0
        dmean2: 0
        dvar: 0
        dvar2: 0
        max: 1
        mean: 1
        median: 1
        min: 1
        var: 0
    silence_rate_30dB:
        dmean: 0
        dmean2: 0
        dvar: 0
        dvar2: 0
        max: 1
        mean: 1
        median: 1
        min: 1
        var: 0
    silence_rate_60dB:
        dmean: 0.022887557745
        dmean2: 0.0457812100649
        dvar: 0.0223628990352
        dvar2: 0.0495424419641
        max: 1
        mean: 0.45449706912
        median: 0
        min: 0
        var: 0.247922450304
    spectral_centroid:
        dmean: 182.019393921
        dmean2: 269.67880249
        dvar: 82105.859375
        dvar2: 147979.296875
        max: 11858.9238281
        mean: 1704.32202148
        median: 1551.49035645
        min: 111.038856506
        var: 3157341.25
    spectral_complexity:
        dmean: 2.02022624016
        dmean2: 3.25871706009
        dvar: 6.95810699463
        dvar2: 15.7538967133
        max: 45
        mean: 12.65832901
        median: 13
        min: 0
        var: 96.7317047119
    spectral_crest:
        dmean: 1.85190248489
        dmean2: 2.97302389145
        dvar: 3.34572696686
        dvar2: 8.51601600647
        max: 25.7353134155
        mean: 9.06328773499
        median: 8.25452709198
        min: 2.53946995735
        var: 15.7174930573
    spectral_decrease:
        dmean: 1.60790741832e-010
        dmean2: 2.4338558946e-010
        dvar: 7.36097364236e-020
        dvar2: 1.72204695894e-019
        max: 1.91560671914e-028
        mean: -8.78341843702e-010
        median: -8.59697146804e-010
        min: -4.9372155253e-009
        var: 5.20885816386e-019
    spectral_energy:
        dmean: 0.000719925272278
        dmean2: 0.00108330335934
        dvar: 1.44519572132e-006
        dvar2: 3.31182968694e-006
        max: 0.0210220236331
        mean: 0.00396188301966
        median: 0.00387833686545
        min: 9.93839572965e-021
        var: 1.09547127067e-005
    spectral_energyband_high:
        dmean: 0.000104514496343
        dmean2: 0.000155681540491
        dvar: 5.66600313334e-008
        dvar2: 1.18116552983e-007
        max: 0.00598679762334
        mean: 0.000306832836941
        median: 0.000167617603438
        min: 6.81016909742e-021
        var: 2.23659895937e-007
    spectral_energyband_low:
        dmean: 8.59769352246e-005
        dmean2: 0.000143850382301
        dvar: 4.6091315653e-008
        dvar2: 1.27415930251e-007
        max: 0.00273183151148
        mean: 0.000180739778443
        median: 0.000139735784614
        min: 6.63562104454e-024
        var: 4.68363765549e-008
    spectral_energyband_middle_high:
        dmean: 0.000501025351696
        dmean2: 0.000744303630199
        dvar: 5.83433120482e-007
        dvar2: 1.25976043819e-006
        max: 0.0158062577248
        mean: 0.00237535126507
        median: 0.0018640877679
        min: 1.06423510686e-021
        var: 5.74916066398e-006
    spectral_energyband_middle_low:
        dmean: 0.000329250993673
        dmean2: 0.000501743517816
        dvar: 5.02616330778e-007
        dvar2: 1.21308187317e-006
        max: 0.0139228822663
        mean: 0.00119889329653
        median: 0.000922618201002
        min: 1.54730560586e-022
        var: 1.4478665662e-006
    spectral_flatness_db:
        dmean: 0.0157523248345
        dmean2: 0.0245591644198
        dvar: 0.000335611402988
        dvar2: 0.000852190307342
        max: 0.606566607952
        mean: 0.18350340426
        median: 0.150605067611
        min: 0.0418087504804
        var: 0.00817707553506
    spectral_flux:
        dmean: 0.00564066832885
        dmean2: 0.00889124907553
        dvar: 5.59853542654e-005
        dvar2: 0.000133380104671
        max: 0.130286470056
        mean: 0.0276068430394
        median: 0.0282514467835
        min: 6.40374142602e-011
        var: 0.000385798921343
    spectral_kurtosis:
        dmean: 3.70035862923
        dmean2: 6.23633432388
        dvar: 123.844261169
        dvar2: 352.306671143
        max: 226.416290283
        mean: 10.2641334534
        median: 3.80382728577
        min: -1.39584696293
        var: 572.856445313
    spectral_rms:
        dmean: 0.000159828166943
        dmean2: 0.000239226821577
        dvar: 4.60754989717e-008
        dvar2: 1.01389048268e-007
        max: 0.00452871853486
        mean: 0.00171486812178
        median: 0.00194518454373
        min: 3.1138394814e-012
        var: 9.24469475194e-007
    spectral_rolloff:
        dmean: 311.629455566
        dmean2: 511.995849609
        dvar: 363021.40625
        dvar2: 713646.3125
        max: 19745.9472656
        mean: 2961.70800781
        median: 2950.04882813
        min: 129.19921875
        var: 9258589
    spectral_skewness:
        dmean: 0.295047312975
        dmean2: 0.473598003387
        dvar: 0.343667179346
        dvar2: 0.91408187151
        max: 12.424413681
        mean: 1.95876896381
        median: 1.55972766876
        min: -0.0935402140021
        var: 2.52684426308
    spectral_spread:
        dmean: 560976.25
        dmean2: 838118.3125
        dvar: 1.16113761894e+012
        dvar2: 2.26396943155e+012
        max: 44437276
        mean: 5997030.5
        median: 4794570
        min: 486531.46875
        var: 4.00606825021e+013
    spectral_strongpeak:
        dmean: 0.466955929995
        dmean2: 0.787209331989
        dvar: 0.690021336079
        dvar2: 1.72376954556
        max: 14.8979797363
        mean: 1.01300287247
        median: 0.4850063622
        min: 0
        var: 1.69575834274
    zerocrossingrate:
        dmean: 0.00744883948937
        dmean2: 0.00869691651314
        dvar: 0.000108191728941
        dvar2: 0.000110685330583
        max: 0.52734375
        mean: 0.0929692462087
        median: 0.0888671875
        min: 0.0048828125
        var: 0.00640491815284
    barkbands:
        dmean: [2.40632317627e-007, 3.3091790101e-005, 4.68365324195e-005, 4.81393362861e-005, 0.000146654696437, 0.000103848629806, 7.37407390261e-005, 5.2051662351e-005, 5.86568530707e-005, 8.8008629973e-005, 0.000130291242385, 4.10634747823e-005, 4.01765428251e-005, 6.64836770738e-005, 0.000112301058834, 7.32338012313e-005, 0.000250447279541, 9.35785210459e-005, 0.000132938643219, 9.81981575023e-005, 6.66239793645e-005, 1.72964028025e-005, 4.22909170084e-006, 2.85665601041e-006, 1.70851160419e-006, 5.91364539559e-008, 4.60765897659e-010]
        dmean2: [3.87450938888e-007, 5.64694273635e-005, 7.74900981924e-005, 7.92808423284e-005, 0.000237046406255, 0.000167321864865, 0.000118517244118, 8.38879495859e-005, 8.63049208419e-005, 0.000127671242808, 0.000177540263394, 6.17879995843e-005, 6.24530293862e-005, 0.000100656165159, 0.0001759853767, 0.000117094386951, 0.000400262739277, 0.000149720901391, 0.000217788707232, 0.000155836896738, 0.000101799625554, 2.58313157246e-005, 6.16129909758e-006, 4.05475157095e-006, 2.48588139584e-006, 8.45301713071e-008, 7.14298453719e-010]
        dvar: [8.60350094119e-013, 1.03020063591e-008, 9.95552795757e-009, 1.3434470425e-008, 1.5613206017e-007, 8.99623842088e-008, 4.60187870033e-008, 1.65177400646e-008, 2.5727832309e-008, 6.68710811169e-008, 1.13092248455e-007, 1.90946440881e-008, 1.44403839997e-008, 3.60968890334e-008, 4.67170728768e-008, 2.0591526706e-008, 2.36315656821e-007, 3.13873869118e-008, 5.82996939613e-008, 3.71831561097e-008, 3.48999691369e-008, 2.21296403424e-009, 1.39978667546e-010, 7.04545866093e-011, 1.88057312778e-011, 4.47469210123e-014, 1.44008908301e-018]
        dvar2: [2.05434193962e-012, 2.88149202277e-008, 2.83136127877e-008, 3.72818611538e-008, 3.56136581559e-007, 2.39380483436e-007, 1.23707451394e-007, 4.31655351463e-008, 5.13861202478e-008, 1.44451831829e-007, 2.0638908893e-007, 4.41525536132e-008, 3.67805768064e-008, 7.88175000821e-008, 1.16306772213e-007, 5.11946787185e-008, 5.2728665878e-007, 7.45782742229e-008, 1.5360568284e-007, 8.5961389118e-008, 7.59712861509e-008, 4.26977653234e-009, 2.73990191646e-010, 1.31513910873e-010, 3.66697297527e-011, 8.37453411197e-014, 2.85188383279e-018]
        max: [1.13594251161e-005, 0.0013343206374, 0.00141112005804, 0.00220262818038, 0.00769698433578, 0.0055226739496, 0.00570620922372, 0.00260671507567, 0.00623220950365, 0.00571505492553, 0.00669810920954, 0.00422859145328, 0.00284605100751, 0.00436307862401, 0.00361239491031, 0.0028398942668, 0.0119523638859, 0.00359359197319, 0.00451271049678, 0.00508190365508, 0.00581427803263, 0.00134054373484, 0.000435710418969, 0.000270804768661, 0.00011572441872, 5.81069889449e-006, 3.69679753476e-008]
        mean: [2.35777193325e-007, 4.52365238743e-005, 8.65831243573e-005, 9.74474751274e-005, 0.000398536823923, 0.000232423277339, 0.000132604240207, 0.000103305632365, 0.000135929425596, 0.000210687649087, 0.000373695947928, 8.91659219633e-005, 6.6932538175e-005, 0.00012086105562, 0.000206386132049, 0.000164534387295, 0.000506804441102, 0.000210701356991, 0.000318283215165, 0.000246837094892, 0.000152929642354, 4.03083104175e-005, 1.01638925116e-005, 6.96622146279e-006, 4.20026162828e-006, 1.21788218621e-007, 8.00933097622e-010]
        median: [2.37622135302e-008, 2.47374846367e-005, 5.67526076338e-005, 5.05974530824e-005, 0.000163998949574, 0.00013389121159, 5.81943131692e-005, 4.41226147814e-005, 4.07011248171e-005, 5.83911896683e-005, 2.69418087555e-005, 2.49778204306e-005, 2.54989827226e-005, 4.44670586148e-005, 0.000108011154225, 9.85933074844e-005, 0.000288072449621, 0.000118398820632, 0.000178853952093, 0.000125655147713, 5.85241650697e-005, 1.68864971783e-005, 3.29891418005e-006, 2.19017420022e-006, 1.41746090776e-006, 2.77561724715e-008, 2.51972609444e-010]
        min: [3.07903529316e-025, 1.29456275231e-024, 7.55750243661e-025, 5.47280141606e-025, 8.55032451217e-024, 5.71639259169e-024, 5.00627617646e-024, 3.41418210919e-024, 6.45280016317e-024, 5.49506307081e-024, 1.4466074482e-023, 2.07091875279e-023, 2.10727214543e-023, 2.77024820512e-023, 3.60331719101e-023, 4.23556585626e-023, 5.13013506942e-023, 7.52449988844e-023, 1.18544425391e-022, 1.75044738637e-022, 2.38321038893e-022, 2.53566855048e-022, 3.24499309136e-022, 4.97866449861e-022, 8.00747133175e-022, 1.27212542613e-021, 1.89568248504e-021]
        var: [8.113628042e-013, 7.79219089253e-009, 1.20696856953e-008, 2.0085639818e-008, 4.40735107077e-007, 1.2959647222e-007, 6.25937488508e-008, 3.38053744997e-008, 9.81979084713e-008, 2.4899080131e-007, 8.13564838609e-007, 7.46908170868e-008, 2.29021193121e-008, 7.74327943986e-008, 8.91424818406e-008, 5.0557055431e-008, 6.59975285089e-007, 9.00499728118e-008, 1.69721303678e-007, 1.35413174007e-007, 1.03833272647e-007, 6.97268198735e-009, 4.55812360078e-010, 2.8016072795e-010, 7.08447814302e-011, 1.41828673914e-013, 3.96316004031e-018]
    frequency_bands:
        dmean: [2.40632317627e-007, 3.3091790101e-005, 4.68365324195e-005, 4.81393362861e-005, 0.000146654696437, 0.000103848629806, 7.37407390261e-005, 5.2051662351e-005, 5.86568530707e-005, 8.8008629973e-005, 0.000130291242385, 4.10634747823e-005, 4.01765428251e-005, 6.64836770738e-005, 0.000112301058834, 7.32338012313e-005, 0.000250447279541, 9.35785210459e-005, 0.000132938643219, 9.81981575023e-005, 6.66239793645e-005, 1.72964028025e-005, 4.22909170084e-006, 2.85665601041e-006, 1.70851160419e-006, 5.91364539559e-008, 4.60765897659e-010, 4.33213118156e-011]
        dmean2: [3.87450938888e-007, 5.64694273635e-005, 7.74900981924e-005, 7.92808423284e-005, 0.000237046406255, 0.000167321864865, 0.000118517244118, 8.38879495859e-005, 8.63049208419e-005, 0.000127671242808, 0.000177540263394, 6.17879995843e-005, 6.24530293862e-005, 0.000100656165159, 0.0001759853767, 0.000117094386951, 0.000400262739277, 0.000149720901391, 0.000217788707232, 0.000155836896738, 0.000101799625554, 2.58313157246e-005, 6.16129909758e-006, 4.05475157095e-006, 2.48588139584e-006, 8.45301713071e-008, 7.14298453719e-010, 8.00154942304e-011]
        dvar: [8.60350094119e-013, 1.03020063591e-008, 9.95552795757e-009, 1.3434470425e-008, 1.5613206017e-007, 8.99623842088e-008, 4.60187870033e-008, 1.65177400646e-008, 2.5727832309e-008, 6.68710811169e-008, 1.13092248455e-007, 1.90946440881e-008, 1.44403839997e-008, 3.60968890334e-008, 4.67170728768e-008, 2.0591526706e-008, 2.36315656821e-007, 3.13873869118e-008, 5.82996939613e-008, 3.71831561097e-008, 3.48999691369e-008, 2.21296403424e-009, 1.39978667546e-010, 7.04545866093e-011, 1.88057312778e-011, 4.47469210123e-014, 1.44008908301e-018, 5.67476273249e-021]
        dvar2: [2.05434193962e-012, 2.88149202277e-008, 2.83136127877e-008, 3.72818611538e-008, 3.56136581559e-007, 2.39380483436e-007, 1.23707451394e-007, 4.31655351463e-008, 5.13861202478e-008, 1.44451831829e-007, 2.0638908893e-007, 4.41525536132e-008, 3.67805768064e-008, 7.88175000821e-008, 1.16306772213e-007, 5.11946787185e-008, 5.2728665878e-007, 7.45782742229e-008, 1.5360568284e-007, 8.5961389118e-008, 7.59712861509e-008, 4.26977653234e-009, 2.73990191646e-010, 1.31513910873e-010, 3.66697297527e-011, 8.37453411197e-014, 2.85188383279e-018, 1.80102293265e-020]
        max: [1.13594251161e-005, 0.0013343206374, 0.00141112005804, 0.00220262818038, 0.00769698433578, 0.0055226739496, 0.00570620922372, 0.00260671507567, 0.00623220950365, 0.00571505492553, 0.00669810920954, 0.00422859145328, 0.00284605100751, 0.00436307862401, 0.00361239491031, 0.0028398942668, 0.0119523638859, 0.00359359197319, 0.00451271049678, 0.00508190365508, 0.00581427803263, 0.00134054373484, 0.000435710418969, 0.000270804768661, 0.00011572441872, 5.81069889449e-006, 3.69679753476e-008, 1.05283792795e-009]
        mean: [2.35777193325e-007, 4.52365238743e-005, 8.65831243573e-005, 9.74474751274e-005, 0.000398536823923, 0.000232423277339, 0.000132604240207, 0.000103305632365, 0.000135929425596, 0.000210687649087, 0.000373695947928, 8.91659219633e-005, 6.6932538175e-005, 0.00012086105562, 0.000206386132049, 0.000164534387295, 0.000506804441102, 0.000210701356991, 0.000318283215165, 0.000246837094892, 0.000152929642354, 4.03083104175e-005, 1.01638925116e-005, 6.96622146279e-006, 4.20026162828e-006, 1.21788218621e-007, 8.00933097622e-010, 3.35975483545e-011]
        median: [2.37622135302e-008, 2.47374846367e-005, 5.67526076338e-005, 5.05974530824e-005, 0.000163998949574, 0.00013389121159, 5.81943131692e-005, 4.41226147814e-005, 4.07011248171e-005, 5.83911896683e-005, 2.69418087555e-005, 2.49778204306e-005, 2.54989827226e-005, 4.44670586148e-005, 0.000108011154225, 9.85933074844e-005, 0.000288072449621, 0.000118398820632, 0.000178853952093, 0.000125655147713, 5.85241650697e-005, 1.68864971783e-005, 3.29891418005e-006, 2.19017420022e-006, 1.41746090776e-006, 2.77561724715e-008, 2.51972609444e-010, 7.36013680558e-012]
        min: [3.07903529316e-025, 1.29456275231e-024, 7.55750243661e-025, 5.47280141606e-025, 8.55032451217e-024, 5.71639259169e-024, 5.00627617646e-024, 3.41418210919e-024, 6.45280016317e-024, 5.49506307081e-024, 1.4466074482e-023, 2.07091875279e-023, 2.10727214543e-023, 2.77024820512e-023, 3.60331719101e-023, 4.23556585626e-023, 5.13013506942e-023, 7.52449988844e-023, 1.18544425391e-022, 1.75044738637e-022, 2.38321038893e-022, 2.53566855048e-022, 3.24499309136e-022, 4.97866449861e-022, 8.00747133175e-022, 1.27212542613e-021, 1.89568248504e-021, 4.67161156152e-022]
        var: [8.113628042e-013, 7.79219089253e-009, 1.20696856953e-008, 2.0085639818e-008, 4.40735107077e-007, 1.2959647222e-007, 6.25937488508e-008, 3.38053744997e-008, 9.81979084713e-008, 2.4899080131e-007, 8.13564838609e-007, 7.46908170868e-008, 2.29021193121e-008, 7.74327943986e-008, 8.91424818406e-008, 5.0557055431e-008, 6.59975285089e-007, 9.00499728118e-008, 1.69721303678e-007, 1.35413174007e-007, 1.03833272647e-007, 6.97268198735e-009, 4.55812360078e-010, 2.8016072795e-010, 7.08447814302e-011, 1.41828673914e-013, 3.96316004031e-018, 4.4522200794e-021]
    mfcc:
        mean: [-771.864440918, 99.0677032471, -32.5900650024, 36.9836463928, -2.72848749161, -10.4518585205, -4.48919010162, -9.07372665405, -1.5694578886, -7.92059278488, -13.5307388306, -10.3139438629, -4.51436138153]
        cov: [[20623.8769531, 506.1769104, -3937.03027344, 1161.32043457, -1120.48034668, -198.295043945, 191.319122314, 313.460235596, 525.083679199, 351.683807373, 162.065704346, 287.300506592, 274.28338623], [506.1769104, 1517.71936035, -81.4277496338, 94.5032577515, 194.650482178, -173.415908813, -35.1905441284, -100.355979919, -71.8725662231, -44.1332740784, -134.631896973, -114.778381348, -77.8611297607], [-3937.03027344, -81.4277496338, 1370.67590332, -96.2214660645, 280.46661377, 159.649749756, -98.0989761353, -81.7285995483, -127.010421753, -129.314956665, -36.07447052, -97.1102905273, -96.2013092041], [1161.32043457, 94.5032577515, -96.2214660645, 378.757751465, 40.8450927734, 43.1779556274, -24.542181015, 18.0935344696, 54.1184463501, 1.11694896221, 29.0434799194, 30.0859642029, -2.87971377373], [-1120.48034668, 194.650482178, 280.46661377, 40.8450927734, 361.231079102, 64.3601989746, -21.4073600769, 23.1568775177, -2.0643222332, -23.064031601, 9.08962726593, 32.9110298157, -5.86686325073], [-198.295043945, -173.415908813, 159.649749756, 43.1779556274, 64.3601989746, 228.043365479, 36.5757141113, 59.0322685242, 27.8046989441, 22.1811199188, 41.1762046814, 31.8322696686, 5.02674770355], [191.319122314, -35.1905441284, -98.0989761353, -24.542181015, -21.4073600769, 36.5757141113, 169.003677368, 53.5908164978, 34.5803527832, 59.9492378235, 28.0711326599, 27.2821559906, 25.9278526306], [313.460235596, -100.355979919, -81.7285995483, 18.0935344696, 23.1568775177, 59.0322685242, 53.5908164978, 201.445602417, 74.0970840454, 45.5726699829, 46.8532791138, 60.2042732239, 43.4352378845], [525.083679199, -71.8725662231, -127.010421753, 54.1184463501, -2.0643222332, 27.8046989441, 34.5803527832, 74.0970840454, 148.786773682, 58.2043457031, 47.3717193604, 48.340801239, 29.787689209], [351.683807373, -44.1332740784, -129.314956665, 1.11694896221, -23.064031601, 22.1811199188, 59.9492378235, 45.5726699829, 58.2043457031, 147.477767944, 67.4169845581, 33.1056938171, 11.0776395798], [162.065704346, -134.631896973, -36.07447052, 29.0434799194, 9.08962726593, 41.1762046814, 28.0711326599, 46.8532791138, 47.3717193604, 67.4169845581, 151.041534424, 75.2265625, 11.0131464005], [287.300506592, -114.778381348, -97.1102905273, 30.0859642029, 32.9110298157, 31.8322696686, 27.2821559906, 60.2042732239, 48.340801239, 33.1056938171, 75.2265625, 155.651168823, 62.1250572205], [274.28338623, -77.8611297607, -96.2013092041, -2.87971377373, -5.86686325073, 5.02674770355, 25.9278526306, 43.4352378845, 29.787689209, 11.0776395798, 11.0131464005, 62.1250572205, 103.612442017]]
        icov: [[0.000168180646142, -9.74334107013e-005, 0.000391094741644, -0.000380196259357, 0.000364890584024, -0.000213594263187, 9.95513983071e-005, -6.44265310257e-005, -9.79094184004e-005, 5.24431015947e-005, -4.28694074799e-005, -1.13608248284e-005, -9.88425526884e-005], [-9.74334107013e-005, 0.0010696137324, -2.15323270822e-005, -0.000111926085083, -0.00109737087041, 0.000872195931152, -0.000316304038279, 0.000177478432306, 0.000333785515977, -0.000268990668701, 0.000666912237648, 0.000432286440628, 0.000541616755072], [0.000391094741644, -2.15323270822e-005, 0.00222352403216, -0.000487212033477, -0.000176747300429, -0.00135992688593, 0.000563713780139, 0.000127181090647, 0.000251015211688, 0.000824108778033, -0.00041223684093, 0.000736132788006, 0.000303206790704], [-0.000380196259357, -0.000111926085083, -0.000487212033477, 0.00410938821733, -0.00100885925349, -0.00059110269649, 0.000612037605606, 0.0003644504759, -0.000983501318842, 0.000601543579251, -0.000489910016768, -0.000245156348683, 0.000667316373438], [0.000364890584024, -0.00109737087041, -0.000176747300429, -0.00100885925349, 0.0052372221835, -0.00127393449657, 0.000627541390713, -0.000750930106733, -0.000509767793119, 0.000331307790475, -0.000138901013997, -0.0018066118937, -0.000257482257439], [-0.000213594263187, 0.000872195931152, -0.00135992688593, -0.00059110269649, -0.00127393449657, 0.00690840976313, -0.00157720746938, -0.00111581222154, 7.35832727514e-005, -0.000683483551256, -1.35505633807e-005, -0.00024041243887, 0.000594419776462], [9.95513983071e-005, -0.000316304038279, 0.000563713780139, 0.000612037605606, 0.000627541390713, -0.00157720746938, 0.00790833961219, -0.00104748120066, -0.000156248002895, -0.00226044980809, 2.35837815126e-005, -2.09917943721e-005, -0.00109195604455], [-6.44265310257e-005, 0.000177478432306, 0.000127181090647, 0.0003644504759, -0.000750930106733, -0.00111581222154, -0.00104748120066, 0.00726492004469, -0.00226553552784, -0.000170061233803, -0.000371290778276, -0.000539839151315, -0.00130699959118], [-9.79094184004e-005, 0.000333785515977, 0.000251015211688, -0.000983501318842, -0.000509767793119, 7.35832727514e-005, -0.000156248002895, -0.00226553552784, 0.0103463446721, -0.00247848941945, -0.000506347918417, -0.000366601423593, -0.000763730553444], [5.24431015947e-005, -0.000268990668701, 0.000824108778033, 0.000601543579251, 0.000331307790475, -0.000683483551256, -0.00226044980809, -0.000170061233803, -0.00247848941945, 0.0110880797729, -0.00421009259298, 0.000841107044835, 0.000600028201006], [-4.28694074799e-005, 0.000666912237648, -0.00041223684093, -0.000489910016768, -0.000138901013997, -1.35505633807e-005, 2.35837815126e-005, -0.000371290778276, -0.000506347918417, -0.00421009259298, 0.0117992600426, -0.00519408239052, 0.00281666684896], [-1.13608248284e-005, 0.000432286440628, 0.000736132788006, -0.000245156348683, -0.0018066118937, -0.00024041243887, -2.09917943721e-005, -0.000539839151315, -0.000366601423593, 0.000841107044835, -0.00519408239052, 0.0127062005922, -0.00587844941765], [-9.88425526884e-005, 0.000541616755072, 0.000303206790704, 0.000667316373438, -0.000257482257439, 0.000594419776462, -0.00109195604455, -0.00130699959118, -0.000763730553444, 0.000600028201006, 0.00281666684896, -0.00587844941765, 0.0147785069421]]
    sccoeffs:
        dmean: [0.0399043336511, 0.0389461815357, 0.0349506102502, 0.0309715494514, 0.0212067961693, 0.0156736019999]
        dmean2: [0.0656220912933, 0.0644522532821, 0.0549935512245, 0.0504755340517, 0.0341617800295, 0.025063155219]
        dvar: [0.00127333519049, 0.00116520863958, 0.000888338778168, 0.000719773408491, 0.000347445835359, 0.000228049320867]
        dvar2: [0.0033309571445, 0.00314148236066, 0.00209468067624, 0.00179048674181, 0.000822871748824, 0.000516896485351]
        max: [-0.297685563564, -0.393449634314, -0.456531435251, -0.473986536264, -0.524827420712, -0.605547010899]
        mean: [-0.630357682705, -0.722875714302, -0.730254650116, -0.758182346821, -0.779340982437, -0.784084022045]
        median: [-0.642526865005, -0.729935765266, -0.734899759293, -0.755788326263, -0.775092720985, -0.775555312634]
        min: [-0.980771362782, -0.981102406979, -0.976373136044, -0.972260951996, -0.967775225639, -0.96489161253]
        var: [0.0138122029603, 0.0080765420571, 0.00888612773269, 0.00448336079717, 0.00303711066954, 0.00337100285105]
    scvalleys:
        dmean: [0.385598391294, 0.327974200249, 0.302234679461, 0.28881585598, 0.222253859043, 0.233166784048]
        dmean2: [0.622985005379, 0.54461824894, 0.497102707624, 0.475644379854, 0.344467043877, 0.322391718626]
        dvar: [0.166628092527, 0.119111314416, 0.120008654892, 0.121254935861, 0.108964145184, 0.119670078158]
        dvar2: [0.363641828299, 0.271093815565, 0.270230561495, 0.282798320055, 0.20528036356, 0.196785092354]
        max: [-4.92434835434, -4.76605463028, -5.66803407669, -5.90387010574, -5.59332466125, -7.36236906052]
        mean: [-8.4036283493, -7.94169282913, -8.52130126953, -8.75976753235, -8.66438484192, -10.9902791977]
        median: [-7.14897918701, -6.81943750381, -7.36097431183, -7.41522979736, -7.0956697464, -9.68062973022]
        min: [-28.2158851624, -28.6494693756, -27.9305610657, -27.6875686646, -27.5203342438, -27.4408569336]
        var: [13.8582315445, 13.5745048523, 13.4604406357, 13.4383325577, 14.5299692154, 12.6901226044]

rhythm:
    beats_loudness:
        dmean: 0.00222051539458
        dmean2: 0.0040334216319
        dvar: 6.01610054218e-006
        dvar2: 1.74048946064e-005
        max: 0.014300365001
        mean: 0.00477221468464
        median: 0.00466294214129
        min: 0
        var: 1.50227961058e-005
    bpm: 161.539871216
    bpm_confidence: 0
    first_peak_bpm: 161
    first_peak_spread: 0.408450692892
    first_peak_weight: 0.318987339735
    onset_rate: 1.99429297447
    second_peak_bpm: 108
    second_peak_spread: 0.450819671154
    second_peak_weight: 0.169620260596
    beats_loudness_band_ratio:
        dmean: [0.11232496053, 0.152578771114, 0.0922231823206, 0.104922890663, 0.107831895351, 0.106668658555]
        dmean2: [0.194115772843, 0.255460828543, 0.16463778913, 0.179722204804, 0.185743704438, 0.192943572998]
        dvar: [0.0109473653138, 0.0180226266384, 0.0133231859654, 0.0150677980855, 0.0134327718988, 0.0174899902195]
        dvar2: [0.0265424922109, 0.0445591025054, 0.0360936187208, 0.036712191999, 0.0378852412105, 0.0500170327723]
        max: [0.847463726997, 0.876596152782, 0.668932139874, 0.691290199757, 0.704541921616, 0.847173035145]
        mean: [0.191225782037, 0.242255911231, 0.11750780791, 0.124202951789, 0.21576538682, 0.158316612244]
        median: [0.113621480763, 0.178731322289, 0.0749679654837, 0.0683590918779, 0.203272372484, 0.137493476272]
        min: [0, 0, 0, 0, 0, 0]
        var: [0.035791605711, 0.048055510968, 0.0149367144331, 0.0192127209157, 0.0284539405257, 0.0210068132728]
    beats_position: [0.406349211931, 0.824308395386, 1.24226760864, 1.64861679077, 2.02013611794, 2.39165520668, 2.77478456497, 3.15791368484, 3.52943301201, 3.90095233917, 4.27247142792, 4.65560102463, 5.02712011337, 5.39863920212, 5.7701587677, 6.14167785645, 6.51319694519, 6.8963265419, 7.27945566177, 7.66258478165, 8.03410434723, 8.40562343597, 8.77714252472, 9.14866161346, 9.53179073334, 9.91492080688, 10.3096599579, 10.7043991089, 11.0991382599, 11.4822673798, 11.8653964996, 12.2485256195, 12.6200447083, 12.9915647507, 13.3746938705, 13.7694330215, 14.1641721725, 14.5589113235, 14.9420404434, 15.3251695633, 15.696688652, 16.0682086945, 16.4397277832, 16.8344669342, 17.2292060852, 17.6355552673, 18.0419044495, 18.4366436005, 18.8313827515, 19.2261219025, 19.6208610535, 20.0156002045, 20.3987293243, 20.7818584442, 21.1649875641, 21.548116684, 21.942855835, 22.3259868622, 22.7207260132, 23.1154651642, 23.4985942841, 23.9513835907, 24.4157810211, 24.8685703278, 25.4374599457, 25.9947395325, 26.563627243, 27.1441268921, 27.7014045715, 28.2586841583, 28.8275737762, 29.3964614868, 29.9537410736, 30.5110206604, 31.0682983398, 31.6371879578, 32.2060775757, 32.7633552551, 33.332244873, 33.8895225525, 34.4584121704, 35.0156898499, 35.5845794678, 36.1418571472, 36.7107467651, 37.2680282593, 37.8253059387, 38.3941955566, 38.9514732361, 39.520362854, 40.0776405334, 40.6349182129, 41.2038078308, 41.7726974487, 42.3299751282, 42.8872566223, 43.4561424255, 44.0250320435, 44.5939216614, 45.1628112793, 45.7200889587, 46.2773704529, 46.8346481323, 47.3919258118, 47.9492073059, 48.5180931091, 49.0753746033, 49.6442604065, 50.2131500244, 50.7820396423, 51.3393173218, 51.8965988159, 52.4538764954, 53.0111541748, 53.5684356689, 54.1257133484, 54.6946029663, 55.2634925842, 55.8323783875, 56.3896598816, 56.946937561, 57.515827179, 58.0731048584, 58.6303825378, 59.1992721558, 59.7681617737, 60.3254394531, 60.8827209473, 61.4516105652, 62.0204963684, 62.5777778625, 63.135055542, 63.7039451599, 64.2728347778, 64.8301086426, 65.3873901367, 65.9562835693, 66.5251693726, 67.0824508667, 67.6397247314, 68.2086181641, 68.7775039673, 69.3347854614, 69.8920593262, 70.4609527588, 71.029838562, 71.5871200562, 72.1444015503, 72.701675415, 73.2589569092, 73.8162307739, 74.3735122681, 74.9424057007, 75.5112915039, 76.0801773071, 76.6490707397, 77.2063446045, 77.7636260986, 78.3325119019, 78.9014053345, 79.4586868286, 80.0159606934, 80.5732421875, 81.1421279907, 81.6994094849, 82.2682952881, 82.8255767822, 83.3828582764, 83.9517440796, 84.5206298828, 85.077911377, 85.6351928711, 86.2040786743, 86.7729721069, 87.3418579102, 87.9107437134, 88.4680252075, 89.0253067017, 89.5593643188, 90.1050338745, 90.6390914917, 91.0338287354, 91.428565979, 91.8349151611, 92.2412643433, 92.6592254639, 93.0771865845, 93.4951477051, 93.8782730103, 94.2614059448, 94.64453125, 95.0276641846, 95.4107894897, 95.7823104858, 96.1538314819, 96.525352478, 96.8968658447, 97.2799987793, 97.6631240845, 98.0346450806, 98.4061660767, 98.7776870728, 99.1492080688, 99.5207214355, 99.9038543701, 100.286979675, 100.658500671, 101.030021667, 101.401542664, 101.77305603, 102.144577026, 102.527709961, 102.910835266, 103.282356262, 103.653877258, 104.025398254, 104.396911621, 104.768432617, 105.139953613, 105.523078918, 105.906211853, 106.277732849, 106.649246216, 107.020767212, 107.392288208, 107.763809204, 108.1353302, 108.518455505, 108.90158844, 109.273101807, 109.644622803, 110.027755737, 110.399269104, 110.782402039, 111.153923035, 111.525436401, 111.896957397, 112.268478394, 112.63999939, 113.023124695, 113.406257629, 113.777778625, 114.149291992, 114.520812988, 114.892333984, 115.26385498, 115.646980286, 116.03011322, 116.401634216, 116.773147583, 117.156280518, 117.527801514, 117.910926819, 118.282447815, 118.653968811, 119.025482178, 119.408615112, 119.791740417, 120.163261414, 120.53478241, 120.906303406, 121.277824402, 121.649337769, 122.020858765, 122.392379761, 122.763900757, 123.135414124, 123.50693512, 123.878456116, 124.249977112, 124.621498108, 125.004623413, 125.387756348, 125.759269714, 126.142402649, 126.525527954, 126.89704895, 127.268569946, 127.651695251, 128.034820557, 128.417953491, 128.789474487, 129.149383545, 129.520904541, 129.892425537, 130.263946533, 130.647079468, 131.018585205, 131.40171814, 131.773239136, 132.144760132, 132.516281128, 132.899414063, 133.282531738, 133.654052734, 134.02557373, 134.397094727, 134.768615723, 135.140136719, 135.523269653, 135.894775391, 136.277908325, 136.649429321, 137.020950317, 137.392471313, 137.76399231, 138.135513306, 138.507034302, 138.890151978, 139.273284912, 139.644805908, 140.016326904, 140.399459839, 140.782577515, 141.154098511, 141.525619507, 141.897140503, 142.268661499, 142.651794434, 143.034912109, 143.406433105, 143.777954102, 144.149475098, 144.532608032, 144.904129028, 145.287246704, 145.6587677, 146.041900635, 146.425033569, 146.796554565, 147.168075562, 147.539596558, 147.911102295, 148.282623291, 148.654144287, 149.025665283, 149.397186279, 149.768707275, 150.140228271, 150.511749268, 150.883255005, 151.266387939, 151.649520874, 152.032653809, 152.415786743, 152.798904419, 153.182037354, 153.565170288, 153.959899902, 154.354644775, 154.73777771, 155.132507324, 155.527252197, 155.92199707, 156.316726685, 156.699859619, 157.082992554, 157.45451355, 157.826034546, 158.197555542, 158.580673218, 158.963806152, 159.346939087, 159.730072021, 160.124801636, 160.519546509, 160.914276123, 161.309020996, 161.703765869, 162.098495483, 162.493240356, 162.876373291, 163.259490967, 163.642623901, 164.025756836, 164.408889771, 164.803619385, 165.198364258, 165.604721069, 165.999450684, 166.394195557, 166.788925171, 167.183670044, 167.590026855, 168.06602478, 168.542037964, 169.018051147, 169.505661011, 169.993286133, 170.480911255, 171.03817749, 171.595458984, 172.152740479, 172.710021973, 173.267303467, 173.824569702]
    bpm_estimates: [161.49899292, 161.499099731, 161.49899292, 161.49899292, 161.499099731, 161.499099731, 161.499099731, 161.498901367, 161.499099731, 161.499099731, 161.498901367, 161.499099731, 161.499099731, 161.499099731, 161.499099731, 161.498687744, 161.499099731, 161.498687744, 161.499099731, 161.498275757, 161.498275757, 161.498275757, 161.501586914, 161.498275757, 161.498275757, 161.498275757, 161.498275757, 161.501586914, 161.498275757, 161.498275757, 161.498275757, 161.501586914, 161.498275757, 161.498275757, 161.498275757, 161.498275757, 161.501586914, 161.498275757, 161.498275757, 161.498275757, 161.501586914, 161.498275757, 161.498275757, 161.498275757, 161.498275757, 161.501586914, 161.498275757, 161.501586914, 161.498275757, 161.501586914, 161.498275757, 161.498275757, 161.498275757, 161.498275757, 161.501586914, 161.498275757, 161.498275757, 161.498275757, 161.498275757, 161.501586914, 161.498275757, 161.498275757, 161.498275757, 161.501586914, 161.498275757, 161.498275757, 161.498275757, 161.498275757, 161.501586914, 161.498275757, 161.498275757, 161.498275757, 161.501586914, 161.498275757, 161.498275757, 161.498275757, 161.498275757, 161.501586914, 161.498275757, 161.498275757, 161.498275757, 166.708786011, 161.498275757, 161.498275757, 161.498275757, 161.50491333, 161.498275757, 161.498275757, 161.498275757, 161.498275757, 161.498275757, 161.498275757, 161.498275757, 161.498275757, 161.50491333, 161.498275757, 161.498275757, 161.498275757, 161.498275757, 161.498275757, 161.498275757, 161.498275757, 161.498275757, 161.498275757, 161.498275757, 161.498275757, 161.498275757, 161.498275757, 161.498275757, 161.498275757, 161.498275757, 161.498275757, 161.498275757, 161.498275757, 161.498275757, 161.50491333, 161.498275757, 161.498275757, 161.498275757, 161.498275757, 161.498275757, 161.498275757, 161.498275757, 161.50491333, 161.498275757, 161.498275757, 161.498275757]
