
metadata:
    version:
        essentia: "2.1-beta2"
    audio_properties:
        analysis_sample_rate: 44100
        bitrate: 320
        channels: 2
        equal_loudness: 1
        length: 242.039978027
        replay_gain: -16.0594291687
        downmix: "mix"
    tags:
        album: "Incomplete Me"
        artist: "For All Those Sleeping"
        comment: ""
        date: "2014"
        genre: "Other"
        title: "Poison Party (Famous)"
        tracknumber: "3"

configuration:
    average_loudness:
        compute: 1
        frameSize: 88200
        hopSize: 44100
        silentFrames: "noise"
        windowType: "hann"
    general:
        analysisSampleRate: 44100
        endTime: 2000
        equalLoudness: 1
        nequalLoudness: 0
        shortSound: 0
        startTime: 0
    lowlevel:
        compute: 1
        frameSize: 2048
        hopSize: 1024
        zeroPadding: 0
        silentFrames: "noise"
        windowType: "blackmanharris62"
        mfccStats: ["mean", "cov", "icov"]
        stats: ["mean", "var", "median", "min", "max", "dmean", "dmean2", "dvar", "dvar2"]
    panning:
        compute: 0
        frameSize: 8192
        hopSize: 2048
        zeroPadding: 8192
        silentFrames: "noise"
        windowType: "hann"
        stats: ["copy"]
    rhythm:
        compute: 1
        maxTempo: 208
        minTempo: 40
        method: "degara"
        stats: ["mean", "var", "median", "min", "max", "dmean", "dmean2", "dvar", "dvar2"]
    segmentation:
        compute: 0
        cpw: 5
        inc1: 300
        inc2: 50
        minimumSegmentsLength: 10
        size1: 1000
        size2: 600
    sfx:
        compute: 1
        stats: ["mean", "var", "median", "min", "max", "dmean", "dmean2", "dvar", "dvar2"]
    svm:
        compute: 0
    tonal:
        compute: 1
        frameSize: 4096
        hopSize: 2048
        zeroPadding: 0
        silentFrames: "noise"
        windowType: "blackmanharris62"
        stats: ["mean", "var", "median", "min", "max", "dmean", "dmean2", "dvar", "dvar2"]

lowlevel:
    average_loudness: 0.913438439369
    barkbands_kurtosis:
        dmean: 0.915375471115
        dmean2: 1.51894581318
        dvar: 3.49584722519
        dvar2: 8.15724754333
        max: 134.972869873
        mean: -0.0140104386955
        median: -0.451359272003
        min: -1.91819751263
        var: 4.6893529892
    barkbands_skewness:
        dmean: 0.370131790638
        dmean2: 0.599050462246
        dvar: 0.125270202756
        dvar2: 0.329193919897
        max: 2.07105636597
        mean: -0.764410972595
        median: -0.73436075449
        min: -8.86633300781
        var: 0.380339473486
    barkbands_spread:
        dmean: 5.43955755234
        dmean2: 8.74608039856
        dvar: 29.013999939
        dvar2: 78.670791626
        max: 72.4354324341
        mean: 27.4609375
        median: 26.3141212463
        min: 0.349512517452
        var: 89.1102981567
    dissonance:
        dmean: 0.0086219990626
        dmean2: 0.0147675666958
        dvar: 7.26854195818e-005
        dvar2: 0.000200805690838
        max: 0.5
        mean: 0.486674547195
        median: 0.489943146706
        min: 0.398464292288
        var: 0.000128406798467
    hfc:
        dmean: 4.02627706528
        dmean2: 6.73283672333
        dvar: 33.5857772827
        dvar2: 89.5634155273
        max: 56.1544456482
        mean: 11.4892272949
        median: 10.4003543854
        min: 1.15003410254e-016
        var: 55.0640220642
    pitch:
        dmean: 931.289794922
        dmean2: 1765.10913086
        dvar: 1551954.125
        dvar2: 3611451.5
        max: 4562.97851563
        mean: 1695.0982666
        median: 882.180297852
        min: 73.0354614258
        var: 2238508.5
    pitch_instantaneous_confidence:
        dmean: 0.0825388431549
        dmean2: 0.135857000947
        dvar: 0.0047234040685
        dvar2: 0.01193919871
        max: 0.996216118336
        mean: 0.360751628876
        median: 0.340927779675
        min: 0.123366594315
        var: 0.0148394526914
    pitch_salience:
        dmean: 0.0481713078916
        dmean2: 0.0800562128425
        dvar: 0.0016928804107
        dvar2: 0.00454632146284
        max: 0.895936071873
        mean: 0.70432561636
        median: 0.713468432426
        min: 0.119176968932
        var: 0.00456783082336
    silence_rate_20dB:
        dmean: 0
        dmean2: 0
        dvar: 0
        dvar2: 0
        max: 1
        mean: 1
        median: 1
        min: 1
        var: 0
    silence_rate_30dB:
        dmean: 0
        dmean2: 0
        dvar: 0
        dvar2: 0
        max: 1
        mean: 1
        median: 1
        min: 1
        var: 0
    silence_rate_60dB:
        dmean: 0.0719493478537
        dmean2: 0.143912494183
        dvar: 0.0667779743671
        dvar2: 0.144710153341
        max: 1
        mean: 0.223884895444
        median: 0
        min: 0
        var: 0.173768863082
    spectral_centroid:
        dmean: 251.761322021
        dmean2: 411.003936768
        dvar: 65223.5507813
        dvar2: 160349.453125
        max: 10641.1982422
        mean: 2162.25805664
        median: 2166.45654297
        min: 426.869262695
        var: 174066.46875
    spectral_complexity:
        dmean: 4.55698394775
        dmean2: 7.24513101578
        dvar: 19.6491928101
        dvar2: 46.5568580627
        max: 48
        mean: 21.0165939331
        median: 23
        min: 0
        var: 93.2571868896
    spectral_crest:
        dmean: 1.58323121071
        dmean2: 2.6479818821
        dvar: 2.11911845207
        dvar2: 5.45376491547
        max: 21.2352218628
        mean: 5.88379669189
        median: 5.40135383606
        min: 2.21042251587
        var: 4.46064472198
    spectral_decrease:
        dmean: 2.71987043998e-010
        dmean2: 4.35414537758e-010
        dvar: 1.15122642032e-019
        dvar2: 2.96351568216e-019
        max: -4.26897448594e-029
        mean: -1.07805209204e-009
        median: -1.04945718782e-009
        min: -4.51836257298e-009
        var: 3.20950239423e-019
    spectral_energy:
        dmean: 0.00137289275881
        dmean2: 0.00222029886208
        dvar: 3.19600030707e-006
        dvar2: 8.3286267909e-006
        max: 0.0221467204392
        mean: 0.00511092646047
        median: 0.00491411564872
        min: 1.05922731181e-020
        var: 7.72527346271e-006
    spectral_energyband_high:
        dmean: 0.000246493669692
        dmean2: 0.000430157815572
        dvar: 2.21480959794e-007
        dvar2: 6.14350767592e-007
        max: 0.00620183022693
        mean: 0.000425055943197
        median: 0.000332538911607
        min: 7.02930895185e-021
        var: 1.8582719008e-007
    spectral_energyband_low:
        dmean: 0.000121515455248
        dmean2: 0.000190687555005
        dvar: 2.40592488154e-008
        dvar2: 5.95216036459e-008
        max: 0.00223634298891
        mean: 0.000259753171122
        median: 0.000218336004764
        min: 4.02269647416e-023
        var: 4.74253702976e-008
    spectral_energyband_middle_high:
        dmean: 0.00109926506411
        dmean2: 0.00178646855056
        dvar: 1.79104142717e-006
        dvar2: 4.5550541472e-006
        max: 0.0213122740388
        mean: 0.00368592375889
        median: 0.00342733995058
        min: 1.99549446791e-021
        var: 5.16381624038e-006
    spectral_energyband_middle_low:
        dmean: 0.000319724378642
        dmean2: 0.000519163440913
        dvar: 1.8474730723e-007
        dvar2: 4.7903745326e-007
        max: 0.0049026440829
        mean: 0.000808332057204
        median: 0.000667180749588
        min: 3.35758512577e-022
        var: 3.74435217054e-007
    spectral_flatness_db:
        dmean: 0.0125279342756
        dmean2: 0.0196959171444
        dvar: 0.000130565284053
        dvar2: 0.000302041502437
        max: 0.516205012798
        mean: 0.133820801973
        median: 0.130073219538
        min: 0.0550006218255
        var: 0.000960628967732
    spectral_flux:
        dmean: 0.00746985850856
        dmean2: 0.0115456068888
        dvar: 7.15288551874e-005
        dvar2: 0.000133106732392
        max: 0.113946154714
        mean: 0.0443801246583
        median: 0.0443037375808
        min: 1.02918770728e-010
        var: 0.000260219560005
    spectral_kurtosis:
        dmean: 1.0517604351
        dmean2: 1.75135290623
        dvar: 1.30786156654
        dvar2: 3.73333954811
        max: 30.4246063232
        mean: 4.15548181534
        median: 3.94149541855
        min: -1.16136658192
        var: 3.47426366806
    spectral_rms:
        dmean: 0.000282139604678
        dmean2: 0.000444349134341
        dvar: 1.04596708184e-007
        dvar2: 2.66196451548e-007
        max: 0.00464828545228
        mean: 0.00212774146348
        median: 0.00218957965262
        min: 3.21464231103e-012
        var: 4.58985738305e-007
    spectral_rolloff:
        dmean: 238.656829834
        dmean2: 386.864685059
        dvar: 79672.1015625
        dvar2: 161732.625
        max: 19186.0839844
        mean: 3528.04370117
        median: 3552.97851563
        min: 645.99609375
        var: 193620.46875
    spectral_skewness:
        dmean: 0.160127043724
        dmean2: 0.26017999649
        dvar: 0.0218298435211
        dvar2: 0.057504247874
        max: 3.46486258507
        mean: 1.42788350582
        median: 1.42180430889
        min: 0.0447165369987
        var: 0.0695472657681
    spectral_spread:
        dmean: 478302.09375
        dmean2: 693617.0625
        dvar: 447160025088
        dvar2: 717460930560
        max: 39241588
        mean: 4280464
        median: 3978012.25
        min: 1011599.0625
        var: 1.73796045619e+012
    spectral_strongpeak:
        dmean: 0.731124162674
        dmean2: 1.25428521633
        dvar: 0.765613377094
        dvar2: 1.92957079411
        max: 14.8039512634
        mean: 1.03025174141
        median: 0.665668070316
        min: 3.06502795366e-010
        var: 1.41652882099
    zerocrossingrate:
        dmean: 0.00647361436859
        dmean2: 0.00805708579719
        dvar: 4.28234343417e-005
        dvar2: 5.65413174627e-005
        max: 0.51171875
        mean: 0.113285511732
        median: 0.11376953125
        min: 0.03466796875
        var: 0.000258289801423
    barkbands:
        dmean: [2.09135441764e-006, 7.51284896978e-005, 5.97785474383e-005, 5.53647369088e-005, 0.000128474479425, 9.14057382033e-005, 7.19087693142e-005, 5.14583480253e-005, 0.000100087396277, 0.000111077781185, 0.000101020428701, 0.000119081705634, 8.93021424417e-005, 9.76843948592e-005, 0.000127639403217, 0.000171165171196, 0.000246475363383, 0.000408142455854, 0.000399306794861, 0.000272886565654, 0.000113999725727, 2.02695755434e-005, 3.54438566319e-006, 2.87423063128e-006, 2.70945201919e-006, 6.07896808447e-008, 2.42936643025e-010]
        dmean2: [3.08802123072e-006, 0.00012107405928, 9.56538933679e-005, 9.5373026852e-005, 0.000220964706386, 0.000150854088133, 0.000119064716273, 8.59279680299e-005, 0.00015713267203, 0.000179245544132, 0.000166595476912, 0.000189351951121, 0.000145393438288, 0.000157893344294, 0.000205788921448, 0.000281104468741, 0.000411099958001, 0.000687677878886, 0.0006723497645, 0.000467029341962, 0.000200545953703, 3.48863977706e-005, 5.9375629462e-006, 4.51889309261e-006, 4.05934315495e-006, 9.02932626445e-008, 4.35536828824e-010]
        dvar: [8.35810587407e-012, 8.30528890106e-009, 1.16585150423e-008, 1.63043551993e-008, 7.13124350682e-008, 2.46459777031e-008, 1.82063679688e-008, 8.48619574612e-009, 2.33287966722e-008, 3.73175836899e-008, 2.51877541046e-008, 3.88019500974e-008, 2.42487647739e-008, 2.78123728492e-008, 4.71396432999e-008, 6.72742288543e-008, 1.62840365192e-007, 3.24603945501e-007, 2.9330320217e-007, 1.9221006653e-007, 5.22735383868e-008, 1.33653688117e-009, 3.36603626916e-011, 2.57641425555e-011, 3.54325874197e-011, 2.43289072156e-014, 1.0380936388e-019]
        dvar2: [1.64832002214e-011, 2.18980442668e-008, 2.84669781081e-008, 4.46045440583e-008, 2.00607829015e-007, 6.30234566756e-008, 4.72795704809e-008, 2.2552974599e-008, 5.12080937654e-008, 8.63892495317e-008, 6.66489086143e-008, 9.49501384184e-008, 5.79714587445e-008, 6.685458942e-008, 1.12195053248e-007, 1.69620761881e-007, 4.08362296866e-007, 8.08476613656e-007, 7.53489814542e-007, 5.20328853781e-007, 1.47237344095e-007, 3.67374464183e-009, 8.78061096055e-011, 5.87282306119e-011, 7.28480747947e-011, 4.66513526214e-014, 3.1299961202e-019]
        max: [2.22998314712e-005, 0.000775309395976, 0.00174848060124, 0.00145444914233, 0.00357640814036, 0.00366823002696, 0.00274967332371, 0.00233791954815, 0.00422023888677, 0.00432748207822, 0.00259618717246, 0.00386472861283, 0.00369222811423, 0.00461536739022, 0.00512876361609, 0.00509520294145, 0.0140774175525, 0.00948424544185, 0.00955716986209, 0.00781941134483, 0.00270826369524, 0.000509087461978, 0.000152701279148, 7.82988063293e-005, 0.000136116344947, 3.57244425686e-006, 4.99023755651e-009]
        mean: [2.76667287835e-006, 0.000134098678245, 9.93262583506e-005, 5.85577399761e-005, 0.000166841782629, 0.000143497687532, 0.000104555605503, 7.61899136705e-005, 0.000194334119442, 0.000205664880923, 0.00016548790154, 0.000213857056224, 0.000155114583322, 0.000181073774002, 0.000233365019085, 0.000328236696078, 0.000457711023046, 0.000716501555871, 0.000759141985327, 0.000493932515383, 0.000172018277226, 3.26815825247e-005, 6.42362056169e-006, 4.97802466271e-006, 4.47145976068e-006, 9.75529914626e-008, 2.76123179876e-010]
        median: [1.12312272904e-006, 0.00010251889762, 5.82686261623e-005, 2.42920341407e-005, 8.19572596811e-005, 7.6067437476e-005, 6.13991578575e-005, 4.23756173404e-005, 0.000103414873593, 9.8906479252e-005, 9.48792294366e-005, 0.000115302224003, 8.49061252666e-005, 0.000105515384348, 0.000135996684548, 0.000205087781069, 0.000316917605232, 0.000500501075294, 0.000576781341806, 0.000402292702347, 0.000123973033624, 2.28145399888e-005, 4.63590549771e-006, 2.6404604796e-006, 1.52811924181e-006, 2.9067756202e-008, 1.61490570916e-010]
        min: [1.48621315658e-023, 1.73769286237e-023, 3.17125160456e-024, 3.49898781194e-023, 7.52328125612e-023, 3.06334442574e-023, 6.2058444169e-023, 1.31857137897e-023, 5.93612466925e-023, 1.32590857425e-022, 1.04036011166e-022, 1.52073222673e-022, 1.23706895237e-022, 8.24857638068e-023, 2.59088326027e-022, 4.22666901987e-022, 1.24091253514e-022, 2.40524194873e-022, 3.10113944591e-022, 3.36846534781e-022, 3.85306828169e-022, 2.68997151059e-022, 7.24547511621e-022, 7.79513420987e-022, 1.04288572873e-021, 1.55117831968e-021, 2.34592945364e-021]
        var: [1.45538112811e-011, 1.41465719139e-008, 1.75428347404e-008, 1.33018041026e-008, 6.52995453265e-008, 4.54175577147e-008, 2.1988570964e-008, 1.17049268056e-008, 8.09331126561e-008, 1.04089188824e-007, 4.69269281211e-008, 8.59924824681e-008, 4.63372522574e-008, 6.77744509403e-008, 1.06745993378e-007, 1.39402658306e-007, 2.89414174404e-007, 5.59834916203e-007, 4.8072769232e-007, 1.97490564346e-007, 4.04587048308e-008, 1.23799037688e-009, 4.28836445521e-011, 4.71095801258e-011, 7.28797439065e-011, 5.58682332168e-014, 1.13230750724e-019]
    frequency_bands:
        dmean: [2.09135441764e-006, 7.51284896978e-005, 5.97785474383e-005, 5.53647369088e-005, 0.000128474479425, 9.14057382033e-005, 7.19087693142e-005, 5.14583480253e-005, 0.000100087396277, 0.000111077781185, 0.000101020428701, 0.000119081705634, 8.93021424417e-005, 9.76843948592e-005, 0.000127639403217, 0.000171165171196, 0.000246475363383, 0.000408142455854, 0.000399306794861, 0.000272886565654, 0.000113999725727, 2.02695755434e-005, 3.54438566319e-006, 2.87423063128e-006, 2.70945201919e-006, 6.07896808447e-008, 2.42936643025e-010, 5.94712196156e-011]
        dmean2: [3.08802123072e-006, 0.00012107405928, 9.56538933679e-005, 9.5373026852e-005, 0.000220964706386, 0.000150854088133, 0.000119064716273, 8.59279680299e-005, 0.00015713267203, 0.000179245544132, 0.000166595476912, 0.000189351951121, 0.000145393438288, 0.000157893344294, 0.000205788921448, 0.000281104468741, 0.000411099958001, 0.000687677878886, 0.0006723497645, 0.000467029341962, 0.000200545953703, 3.48863977706e-005, 5.9375629462e-006, 4.51889309261e-006, 4.05934315495e-006, 9.02932626445e-008, 4.35536828824e-010, 1.10574535639e-010]
        dvar: [8.35810587407e-012, 8.30528890106e-009, 1.16585150423e-008, 1.63043551993e-008, 7.13124350682e-008, 2.46459777031e-008, 1.82063679688e-008, 8.48619574612e-009, 2.33287966722e-008, 3.73175836899e-008, 2.51877541046e-008, 3.88019500974e-008, 2.42487647739e-008, 2.78123728492e-008, 4.71396432999e-008, 6.72742288543e-008, 1.62840365192e-007, 3.24603945501e-007, 2.9330320217e-007, 1.9221006653e-007, 5.22735383868e-008, 1.33653688117e-009, 3.36603626916e-011, 2.57641425555e-011, 3.54325874197e-011, 2.43289072156e-014, 1.0380936388e-019, 7.17099594349e-021]
        dvar2: [1.64832002214e-011, 2.18980442668e-008, 2.84669781081e-008, 4.46045440583e-008, 2.00607829015e-007, 6.30234566756e-008, 4.72795704809e-008, 2.2552974599e-008, 5.12080937654e-008, 8.63892495317e-008, 6.66489086143e-008, 9.49501384184e-008, 5.79714587445e-008, 6.685458942e-008, 1.12195053248e-007, 1.69620761881e-007, 4.08362296866e-007, 8.08476613656e-007, 7.53489814542e-007, 5.20328853781e-007, 1.47237344095e-007, 3.67374464183e-009, 8.78061096055e-011, 5.87282306119e-011, 7.28480747947e-011, 4.66513526214e-014, 3.1299961202e-019, 2.29546012716e-020]
        max: [2.22998314712e-005, 0.000775309395976, 0.00174848060124, 0.00145444914233, 0.00357640814036, 0.00366823002696, 0.00274967332371, 0.00233791954815, 0.00422023888677, 0.00432748207822, 0.00259618717246, 0.00386472861283, 0.00369222811423, 0.00461536739022, 0.00512876361609, 0.00509520294145, 0.0140774175525, 0.00948424544185, 0.00955716986209, 0.00781941134483, 0.00270826369524, 0.000509087461978, 0.000152701279148, 7.82988063293e-005, 0.000136116344947, 3.57244425686e-006, 4.99023755651e-009, 9.10150899092e-010]
        mean: [2.76667287835e-006, 0.000134098678245, 9.93262583506e-005, 5.85577399761e-005, 0.000166841782629, 0.000143497687532, 0.000104555605503, 7.61899136705e-005, 0.000194334119442, 0.000205664880923, 0.00016548790154, 0.000213857056224, 0.000155114583322, 0.000181073774002, 0.000233365019085, 0.000328236696078, 0.000457711023046, 0.000716501555871, 0.000759141985327, 0.000493932515383, 0.000172018277226, 3.26815825247e-005, 6.42362056169e-006, 4.97802466271e-006, 4.47145976068e-006, 9.75529914626e-008, 2.76123179876e-010, 4.59992599566e-011]
        median: [1.12312272904e-006, 0.00010251889762, 5.82686261623e-005, 2.42920341407e-005, 8.19572596811e-005, 7.6067437476e-005, 6.13991578575e-005, 4.23756173404e-005, 0.000103414873593, 9.8906479252e-005, 9.48792294366e-005, 0.000115302224003, 8.49061252666e-005, 0.000105515384348, 0.000135996684548, 0.000205087781069, 0.000316917605232, 0.000500501075294, 0.000576781341806, 0.000402292702347, 0.000123973033624, 2.28145399888e-005, 4.63590549771e-006, 2.6404604796e-006, 1.52811924181e-006, 2.9067756202e-008, 1.61490570916e-010, 1.76374522626e-011]
        min: [1.48621315658e-023, 1.73769286237e-023, 3.17125160456e-024, 3.49898781194e-023, 7.52328125612e-023, 3.06334442574e-023, 6.2058444169e-023, 1.31857137897e-023, 5.93612466925e-023, 1.32590857425e-022, 1.04036011166e-022, 1.52073222673e-022, 1.23706895237e-022, 8.24857638068e-023, 2.59088326027e-022, 4.22666901987e-022, 1.24091253514e-022, 2.40524194873e-022, 3.10113944591e-022, 3.36846534781e-022, 3.85306828169e-022, 2.68997151059e-022, 7.24547511621e-022, 7.79513420987e-022, 1.04288572873e-021, 1.55117831968e-021, 2.34592945364e-021, 8.94816562068e-022]
        var: [1.45538112811e-011, 1.41465719139e-008, 1.75428347404e-008, 1.33018041026e-008, 6.52995453265e-008, 4.54175577147e-008, 2.1988570964e-008, 1.17049268056e-008, 8.09331126561e-008, 1.04089188824e-007, 4.69269281211e-008, 8.59924824681e-008, 4.63372522574e-008, 6.77744509403e-008, 1.06745993378e-007, 1.39402658306e-007, 2.89414174404e-007, 5.59834916203e-007, 4.8072769232e-007, 1.97490564346e-007, 4.04587048308e-008, 1.23799037688e-009, 4.28836445521e-011, 4.71095801258e-011, 7.28797439065e-011, 5.58682332168e-014, 1.13230750724e-019, 5.57137444555e-021]
    mfcc:
        mean: [-693.612731934, 92.5750808716, -66.752456665, 45.2215309143, -9.28665447235, -7.91247367859, 11.2161636353, 0.773665189743, 2.39999079704, -2.0810277462, -1.52336549759, -1.55323791504, -0.357523262501]
        cov: [[3688.87719727, 232.014526367, -221.535736084, 290.30178833, -33.7898330688, 59.1891479492, 187.744033813, 1.07786798477, 19.2712421417, -42.2039146423, -39.9584770203, 2.74763727188, -8.60303592682], [232.014526367, 466.77255249, -90.4833068848, 75.7120513916, -32.7854957581, 41.6637649536, 17.5974750519, 19.9195480347, 8.90201854706, 4.22166490555, 1.67090666294, 11.4877920151, 17.9520435333], [-221.535736084, -90.4833068848, 429.07510376, 55.9876251221, 98.962348938, 32.9122467041, -17.7088680267, -3.67885971069, 25.1375389099, 16.9980297089, 10.4447813034, 3.44781017303, -2.98439216614], [290.30178833, 75.7120513916, 55.9876251221, 284.192779541, 26.0666675568, 52.2529678345, 11.4616880417, 29.1516933441, 12.7889156342, 2.56315994263, -4.70448589325, 2.07412528992, 2.93540382385], [-33.7898330688, -32.7854957581, 98.962348938, 26.0666675568, 161.561920166, 23.5058498383, -11.9169816971, -16.4340991974, 19.7490158081, 10.718706131, -2.6071844101, -4.54338598251, 1.75070953369], [59.1891479492, 41.6637649536, 32.9122467041, 52.2529678345, 23.5058498383, 128.024414063, 38.3072090149, 15.4514780045, 4.54526138306, 10.2542495728, 6.91317653656, 9.41909408569, 4.63358831406], [187.744033813, 17.5974750519, -17.7088680267, 11.4616880417, -11.9169816971, 38.3072090149, 134.545196533, 54.22681427, 10.8726654053, 6.50972890854, 15.7355709076, 6.21889972687, 3.7479326725], [1.07786798477, 19.9195480347, -3.67885971069, 29.1516933441, -16.4340991974, 15.4514780045, 54.22681427, 99.4733047485, 29.3507022858, 16.6405029297, 5.45312976837, 5.43208885193, 6.76415681839], [19.2712421417, 8.90201854706, 25.1375389099, 12.7889156342, 19.7490158081, 4.54526138306, 10.8726654053, 29.3507022858, 82.8357849121, 31.8774814606, 16.1384334564, 5.66702032089, 16.6316795349], [-42.2039146423, 4.22166490555, 16.9980297089, 2.56315994263, 10.718706131, 10.2542495728, 6.50972890854, 16.6405029297, 31.8774814606, 67.5010070801, 27.2938537598, 6.32333421707, 2.04122376442], [-39.9584770203, 1.67090666294, 10.4447813034, -4.70448589325, -2.6071844101, 6.91317653656, 15.7355709076, 5.45312976837, 16.1384334564, 27.2938537598, 64.666343689, 28.6753044128, 14.6013612747], [2.74763727188, 11.4877920151, 3.44781017303, 2.07412528992, -4.54338598251, 9.41909408569, 6.21889972687, 5.43208885193, 5.66702032089, 6.32333421707, 28.6753044128, 61.1702842712, 34.4014091492], [-8.60303592682, 17.9520435333, -2.98439216614, 2.93540382385, 1.75070953369, 4.63358831406, 3.7479326725, 6.76415681839, 16.6316795349, 2.04122376442, 14.6013612747, 34.4014091492, 65.9949951172]]
        icov: [[0.000363789324183, -7.72359635448e-005, 0.00019643829728, -0.000422913435614, 2.77723174804e-005, 0.00011144070595, -0.000714702764526, 0.000578530132771, -0.000342132581864, 0.000129966356326, 0.000381961057428, -0.000269651616691, 0.000207114149816], [-7.72359635448e-005, 0.00250101159327, 0.000550650700461, -0.000567770621274, 0.000406198232668, -0.000781410606578, 0.00024845279404, -0.000136389469844, -0.000207007440622, -0.000167890786543, 6.70430817991e-005, -3.41388222296e-005, -0.000535959959961], [0.00019643829728, 0.000550650700461, 0.00307852309197, -0.000724613375496, -0.00145643041469, -0.000519704422913, 0.000167525082361, 0.00015467304911, -0.000676515803207, 5.54355065105e-005, -0.000283297908027, -0.000445765908808, 0.000560844666325], [-0.000422913435614, -0.000567770621274, -0.000724613375496, 0.00468788295984, -0.000455599802081, -0.0014633157989, 0.0013096347684, -0.0019819275476, 0.000273041892797, 0.000325515749864, -0.000115140806884, 0.000296763435472, -0.000106475497887], [2.77723174804e-005, 0.000406198232668, -0.00145643041469, -0.000455599802081, 0.00798968225718, -0.0012683395762, -4.35369884144e-006, 0.00217896490358, -0.00198808056302, -0.000810680678114, 0.00115727074444, 0.000664381193928, -0.000574725738261], [0.00011144070595, -0.000781410606578, -0.000519704422913, -0.0014633157989, -0.0012683395762, 0.0100165335461, -0.00320002273656, 0.00054629764054, 0.000898053869605, -0.00139992742334, 0.000663703365717, -0.00148324260954, 0.000168094265973], [-0.000714702764526, 0.00024845279404, 0.000167525082361, 0.0013096347684, -4.35369884144e-006, -0.00320002273656, 0.0122942468151, -0.00704063801095, 0.0011020321399, 0.00141677097417, -0.0039316159673, 0.00150640471838, -0.000200138019864], [0.000578530132771, -0.000136389469844, 0.00015467304911, -0.0019819275476, 0.00217896490358, 0.00054629764054, -0.00704063801095, 0.016537565738, -0.00508936727419, -0.00226199463941, 0.00344941974618, -0.00168980495073, 0.000286558875814], [-0.000342132581864, -0.000207007440622, -0.000676515803207, 0.000273041892797, -0.00198808056302, 0.000898053869605, 0.0011020321399, -0.00508936727419, 0.0181599278003, -0.00660607917234, -0.00198449473828, 0.00289302156307, -0.00502351205796], [0.000129966356326, -0.000167890786543, 5.54355065105e-005, 0.000325515749864, -0.000810680678114, -0.00139992742334, 0.00141677097417, -0.00226199463941, -0.00660607917234, 0.0221025757492, -0.00872758682817, 0.00116500002332, 0.00262670498341], [0.000381961057428, 6.70430817991e-005, -0.000283297908027, -0.000115140806884, 0.00115727074444, 0.000663703365717, -0.0039316159673, 0.00344941974618, -0.00198449473828, -0.00872758682817, 0.0253289267421, -0.0111743006855, 0.000807211967185], [-0.000269651616691, -3.41388222296e-005, -0.000445765908808, 0.000296763435472, 0.000664381193928, -0.00148324260954, 0.00150640471838, -0.00168980495073, 0.00289302156307, 0.00116500002332, -0.0111743006855, 0.0289755053818, -0.013282016851], [0.000207114149816, -0.000535959959961, 0.000560844666325, -0.000106475497887, -0.000574725738261, 0.000168094265973, -0.000200138019864, 0.000286558875814, -0.00502351205796, 0.00262670498341, 0.000807211967185, -0.013282016851, 0.0232707075775]]
    sccoeffs:
        dmean: [0.0503606423736, 0.045985430479, 0.0368963740766, 0.0302117485553, 0.0205721948296, 0.0202572904527]
        dmean2: [0.0815681740642, 0.0775212273002, 0.0613634623587, 0.050573233515, 0.0341612659395, 0.0318901203573]
        dvar: [0.00163471046835, 0.00129364943132, 0.000817879918031, 0.000547632633243, 0.000265611772193, 0.000358874443918]
        dvar2: [0.00432844785973, 0.00357873109169, 0.00224100193009, 0.00148591247853, 0.000715481175575, 0.000839026353788]
        max: [-0.407815426588, -0.535602271557, -0.565147936344, -0.61871945858, -0.555900275707, -0.596287667751]
        mean: [-0.719413101673, -0.775843024254, -0.786161482334, -0.790646910667, -0.78850287199, -0.768946051598]
        median: [-0.722860813141, -0.781012952328, -0.791149377823, -0.794153630733, -0.791416347027, -0.768372356892]
        min: [-0.959922671318, -0.966266751289, -0.966146945953, -0.96926432848, -0.956479072571, -0.96020835638]
        var: [0.0046328320168, 0.00299409963191, 0.00259372428991, 0.00158275535796, 0.000909870141186, 0.00122333713807]
    scvalleys:
        dmean: [0.358951956034, 0.333514988422, 0.278706908226, 0.238249987364, 0.227461844683, 0.287305742502]
        dmean2: [0.60522544384, 0.557573914528, 0.460665851831, 0.387084126472, 0.366854220629, 0.429139316082]
        dvar: [0.0964452177286, 0.0796680003405, 0.0599061511457, 0.0488209687173, 0.0628256797791, 0.116743206978]
        dvar2: [0.233638569713, 0.193503960967, 0.134442642331, 0.103271856904, 0.132794484496, 0.251181662083]
        max: [-5.38068437576, -5.05288362503, -5.13953256607, -5.53787565231, -5.32079124451, -7.6636428833]
        mean: [-6.93807458878, -6.74395895004, -6.59070062637, -6.79005479813, -6.59188079834, -9.41496181488]
        median: [-6.71108293533, -6.63402318954, -6.45547771454, -6.69040584564, -6.43625545502, -9.33674526215]
        min: [-27.4664402008, -27.1522369385, -27.1281375885, -27.0125102997, -27.3807487488, -27.152557373]
        var: [1.24373865128, 0.658628761768, 0.641381204128, 0.561410486698, 0.577096045017, 0.825295329094]

rhythm:
    beats_loudness:
        dmean: 0.00147864338942
        dmean2: 0.00256463512778
        dvar: 1.68339772699e-006
        dvar2: 4.62566185888e-006
        max: 0.0149730304256
        mean: 0.0053520523943
        median: 0.00546660693362
        min: 1.01391563589e-007
        var: 4.77549656352e-006
    bpm: 122.9949646
    bpm_confidence: 0
    first_peak_bpm: 123
    first_peak_spread: 0.106122463942
    first_peak_weight: 0.886639654636
    onset_rate: 3.75144648552
    second_peak_bpm: 117
    second_peak_spread: 0.25
    second_peak_weight: 0.00607287464663
    beats_loudness_band_ratio:
        dmean: [0.0721493288875, 0.051361747086, 0.0634991526604, 0.0843406021595, 0.106950782239, 0.0852065011859]
        dmean2: [0.128695547581, 0.0933385193348, 0.113342687488, 0.151470050216, 0.184434771538, 0.152111798525]
        dvar: [0.00342814368196, 0.00314060947858, 0.00454692123458, 0.00681927753612, 0.00762593140826, 0.00461195642129]
        dvar2: [0.00973374675959, 0.00994806364179, 0.0135599598289, 0.0210566129535, 0.0235933307558, 0.0135926846415]
        max: [0.475318819284, 0.364442944527, 0.593356788158, 0.562893152237, 0.829954147339, 0.584343492985]
        mean: [0.123797282577, 0.0693779960275, 0.0946718305349, 0.142117083073, 0.322874218225, 0.27669352293]
        median: [0.100973322988, 0.0526232346892, 0.0739763900638, 0.123611502349, 0.304795056581, 0.274005025625]
        min: [7.47357034925e-006, 0.000297650229186, 0.00378691311926, 0.0169554539025, 0.111771307886, 0.0312654227018]
        var: [0.00840785633773, 0.0032612089999, 0.00534667819738, 0.00790970772505, 0.0131320469081, 0.00751725351438]
    beats_position: [0.49922901392, 0.99845802784, 1.49768710136, 1.99691605568, 2.49614500999, 3.00698399544, 3.51782298088, 4.04027223587, 4.53950119019, 5.0387301445, 5.52634906769, 6.01396799088, 6.5015873909, 6.98920631409, 7.47682523727, 7.96444416046, 8.45206356049, 8.93968200684, 9.42730140686, 9.91492080688, 10.4025392532, 10.8901586533, 11.3777770996, 11.8653964996, 12.3530158997, 12.840634346, 13.328253746, 13.8158731461, 14.3034915924, 14.7911109924, 15.2787294388, 15.7663488388, 16.2539672852, 16.7415866852, 17.2292060852, 17.7168254852, 18.2044448853, 18.6920623779, 19.179681778, 19.667301178, 20.154920578, 20.642539978, 21.1301574707, 21.6177768707, 22.1053962708, 22.5930156708, 23.0806350708, 23.5682544708, 24.0558719635, 24.5318813324, 25.0078907013, 25.5071201324, 26.0063495636, 26.4939670563, 26.9815864563, 27.4692058563, 27.9568252563, 28.4444446564, 28.9436721802, 29.4312915802, 29.9189109802, 30.3949203491, 30.8825397491, 31.3701572418, 31.8577766418, 32.3453979492, 32.8330154419, 33.3206329346, 33.8082542419, 34.2958717346, 34.783493042, 35.2711105347, 35.7587280273, 36.2463493347, 36.7339668274, 37.2215881348, 37.7092056274, 38.1968231201, 38.6844444275, 39.1720619202, 39.6596832275, 40.1473007202, 40.6349182129, 41.1225395203, 41.6101570129, 42.0977783203, 42.585395813, 43.0730133057, 43.560634613, 44.0482521057, 44.5358734131, 45.0234909058, 45.5111083984, 45.9987297058, 46.4863471985, 46.9739685059, 47.4615859985, 47.9492073059, 48.4368247986, 48.9244422913, 49.4120635986, 49.8996810913, 50.3873023987, 50.8749198914, 51.362537384, 51.8501586914, 52.3377761841, 52.8253974915, 53.3130149841, 53.8006324768, 54.2882537842, 54.7758712769, 55.2634925842, 55.7511100769, 56.2387275696, 56.726348877, 57.2139663696, 57.701587677, 58.1892051697, 58.6768226624, 59.1644439697, 59.6520614624, 60.1396827698, 60.6273002625, 61.1149177551, 61.6025390625, 62.0901565552, 62.5777778625, 63.0653953552, 63.5530128479, 64.0406341553, 64.5282516479, 65.0158691406, 65.5150985718, 66.0143280029, 66.5019454956, 66.9895706177, 67.4771881104, 67.964805603, 68.4524230957, 68.9400405884, 69.4276657104, 69.9152832031, 70.4029006958, 70.8789138794, 71.3665313721, 71.8657608032, 72.3533782959, 72.8409957886, 73.3286132813, 73.8162307739, 74.303855896, 74.7914733887, 75.2790908813, 75.766708374, 76.2543258667, 76.7419509888, 77.2295684814, 77.7171859741, 78.2048034668, 78.6924285889, 79.1800460815, 79.6676635742, 80.1552810669, 80.6312942505, 81.1189117432, 81.5949172974, 82.08253479, 82.5701599121, 83.0693893433, 83.5686187744, 84.0562362671, 84.5438537598, 85.0314712524, 85.5190887451, 86.0067138672, 86.4943313599, 86.9819488525, 87.4695663452, 87.9571838379, 88.44480896, 88.9324264526, 89.4200439453, 89.907661438, 90.3952789307, 90.8829040527, 91.3705215454, 91.8581390381, 92.3457565308, 92.8333740234, 93.3209991455, 93.8086166382, 94.2962341309, 94.7838516235, 95.2714691162, 95.7590942383, 96.246711731, 96.7343292236, 97.2219467163, 97.709564209, 98.1971893311, 98.6848068237, 99.1724243164, 99.6600418091, 100.147659302, 100.635284424, 101.122901917, 101.610519409, 102.098136902, 102.585754395, 103.073379517, 103.560997009, 104.048614502, 104.536231995, 105.035461426, 105.523078918, 106.010704041, 106.486709595, 106.974327087, 107.46194458, 107.949569702, 108.437187195, 108.924804688, 109.41242218, 109.900039673, 110.387664795, 110.875282288, 111.36289978, 111.850517273, 112.338134766, 112.837364197, 113.336593628, 113.82421875, 114.311836243, 114.799453735, 115.287071228, 115.763084412, 116.239089966, 116.726707458, 117.214332581, 117.701950073, 118.189567566, 118.677185059, 119.164802551, 119.652427673, 120.140045166, 120.627662659, 121.115280151, 121.602897644, 122.090522766, 122.578140259, 123.065757751, 123.553375244, 124.040992737, 124.528617859, 125.016235352, 125.503852844, 125.991470337, 126.490699768, 126.989929199, 127.477546692, 127.965164185, 128.452789307, 128.94039917, 129.428024292, 129.915649414, 130.403259277, 130.890884399, 131.378494263, 131.866119385, 132.353744507, 132.84135437, 133.328979492, 133.816589355, 134.304214478, 134.7918396, 135.279449463, 135.767074585, 136.254684448, 136.74230957, 137.229934692, 137.717544556, 138.205169678, 138.692779541, 139.180404663, 139.668029785, 140.155639648, 140.643264771, 141.130874634, 141.618499756, 142.106124878, 142.593734741, 143.081359863, 143.568969727, 144.056594849, 144.544219971, 145.031829834, 145.519454956, 146.007064819, 146.494689941, 146.982315063, 147.469924927, 147.957550049, 148.445159912, 148.932785034, 149.420410156, 149.90802002, 150.384033203, 150.871658325, 151.359268188, 151.846893311, 152.346115112, 152.833740234, 153.321365356, 153.80897522, 154.296600342, 154.784210205, 155.271835327, 155.759460449, 156.247070313, 156.734695435, 157.222305298, 157.70993042, 158.197555542, 158.685165405, 159.172790527, 159.660400391, 160.148025513, 160.635650635, 161.123260498, 161.61088562, 162.098495483, 162.586120605, 163.073745728, 163.561355591, 164.048980713, 164.536590576, 165.024215698, 165.51184082, 165.999450684, 166.487075806, 166.974685669, 167.462310791, 167.961532593, 168.449157715, 168.936782837, 169.436004639, 169.923629761, 170.399627686, 170.875640869, 171.363265991, 171.850875854, 172.338500977, 172.826126099, 173.3253479, 173.812973022, 174.300582886, 174.776596069, 175.264221191, 175.751831055, 176.239456177, 176.72706604, 177.226303101, 177.713912964, 178.201538086, 178.689163208, 179.176773071, 179.676010132, 180.163619995, 180.651245117, 181.138870239, 181.626480103, 182.102493286, 182.57850647, 183.066116333, 183.553741455, 184.041351318, 184.52897644, 185.039810181, 185.539047241, 186.015060425, 186.49105835, 186.99029541, 187.477905273, 187.965530396, 188.453155518, 188.940765381, 189.428390503, 189.916000366, 190.403625488, 190.879638672, 191.367248535, 191.866485596, 192.354095459, 192.841720581, 193.329345703, 193.816955566, 194.304580688, 194.792190552, 195.279815674, 195.767440796, 196.255050659, 196.742675781, 197.230285645, 197.717910767, 198.205535889, 198.693145752, 199.180770874, 199.668380737, 200.156005859, 200.643630981, 201.131240845, 201.618865967, 202.10647583, 202.594100952, 203.081726074, 203.569335938, 204.068572998, 204.5677948, 205.043807983, 205.519821167, 206.00743103, 206.495056152, 206.982666016, 207.470291138, 207.95791626, 208.445526123, 208.933151245, 209.420761108, 209.90838623, 210.396011353, 210.872009277, 211.371246338, 211.858856201, 212.346481323, 212.834106445, 213.321716309, 213.809341431, 214.296951294, 214.784576416, 215.272201538, 215.759811401, 216.247436523, 216.735046387, 217.222671509, 217.710296631, 218.197906494, 218.685531616, 219.173141479, 219.660766602, 220.148391724, 220.636001587, 221.123626709, 221.611236572, 222.098861694, 222.586486816, 223.07409668, 223.561721802, 224.049331665, 224.536956787, 225.024581909, 225.512191772, 225.999816895, 226.487426758, 226.97505188, 227.462677002, 227.950286865, 228.437911987, 228.925521851, 229.413146973, 229.900772095, 230.388381958, 230.87600708, 231.363616943, 231.851242065, 232.338867188, 232.826477051, 233.314102173, 233.801712036, 234.289337158, 234.77696228, 235.264572144, 235.752197266, 236.239807129, 236.727432251, 237.215057373, 237.702667236, 238.190292358, 238.677902222, 239.165527344, 239.653152466, 240.140762329, 240.628387451, 241.115997314, 241.603622437]
