
metadata:
    version:
        essentia: "2.1-beta2"
    audio_properties:
        analysis_sample_rate: 44100
        bitrate: 320
        channels: 2
        equal_loudness: 1
        length: 248.015991211
        replay_gain: -15.8761997223
        downmix: "mix"
    tags:
        album: "Incomplete Me"
        artist: "For All Those Sleeping"
        comment: ""
        date: "2014"
        genre: "Other"
        title: "My Funeral"
        tracknumber: "8"

configuration:
    average_loudness:
        compute: 1
        frameSize: 88200
        hopSize: 44100
        silentFrames: "noise"
        windowType: "hann"
    general:
        analysisSampleRate: 44100
        endTime: 2000
        equalLoudness: 1
        nequalLoudness: 0
        shortSound: 0
        startTime: 0
    lowlevel:
        compute: 1
        frameSize: 2048
        hopSize: 1024
        zeroPadding: 0
        silentFrames: "noise"
        windowType: "blackmanharris62"
        mfccStats: ["mean", "cov", "icov"]
        stats: ["mean", "var", "median", "min", "max", "dmean", "dmean2", "dvar", "dvar2"]
    panning:
        compute: 0
        frameSize: 8192
        hopSize: 2048
        zeroPadding: 8192
        silentFrames: "noise"
        windowType: "hann"
        stats: ["copy"]
    rhythm:
        compute: 1
        maxTempo: 208
        minTempo: 40
        method: "degara"
        stats: ["mean", "var", "median", "min", "max", "dmean", "dmean2", "dvar", "dvar2"]
    segmentation:
        compute: 0
        cpw: 5
        inc1: 300
        inc2: 50
        minimumSegmentsLength: 10
        size1: 1000
        size2: 600
    sfx:
        compute: 1
        stats: ["mean", "var", "median", "min", "max", "dmean", "dmean2", "dvar", "dvar2"]
    svm:
        compute: 0
    tonal:
        compute: 1
        frameSize: 4096
        hopSize: 2048
        zeroPadding: 0
        silentFrames: "noise"
        windowType: "blackmanharris62"
        stats: ["mean", "var", "median", "min", "max", "dmean", "dmean2", "dvar", "dvar2"]

lowlevel:
    average_loudness: 0.94753742218
    barkbands_kurtosis:
        dmean: 0.765544950962
        dmean2: 1.27697813511
        dvar: 1.03530156612
        dvar2: 2.7684943676
        max: 14.0610103607
        mean: -0.153305634856
        median: -0.540373623371
        min: -1.8571999073
        var: 1.87855064869
    barkbands_skewness:
        dmean: 0.339350700378
        dmean2: 0.547741293907
        dvar: 0.0964836031199
        dvar2: 0.250934630632
        max: 2.68765568733
        mean: -0.616221606731
        median: -0.602338254452
        min: -3.62329077721
        var: 0.419930845499
    barkbands_spread:
        dmean: 4.84921598434
        dmean2: 7.8180141449
        dvar: 22.7675266266
        dvar2: 60.7304801941
        max: 57.3971061707
        mean: 24.4149417877
        median: 23.5462684631
        min: 5.4484038353
        var: 58.4413795471
    dissonance:
        dmean: 0.0100722257048
        dmean2: 0.0172893609852
        dvar: 0.000111193832709
        dvar2: 0.000276991544524
        max: 0.499998867512
        mean: 0.484290987253
        median: 0.487956643105
        min: 0.00537797017023
        var: 0.00019798008725
    hfc:
        dmean: 3.31403183937
        dmean2: 5.53961515427
        dvar: 22.7763061523
        dvar2: 61.6424713135
        max: 55.1600914001
        mean: 11.3475561142
        median: 10.1558761597
        min: 1.25552437989e-016
        var: 41.2444496155
    pitch:
        dmean: 802.099060059
        dmean2: 1522.93188477
        dvar: 1344334.5
        dvar2: 3235912.75
        max: 4039.2746582
        mean: 1371.26721191
        median: 492.725158691
        min: 73.3701019287
        var: 1908211.25
    pitch_instantaneous_confidence:
        dmean: 0.0810630694032
        dmean2: 0.133755043149
        dvar: 0.00447873864323
        dvar2: 0.0116990115494
        max: 0.852551460266
        mean: 0.374416023493
        median: 0.357091784477
        min: 0.0988353490829
        var: 0.0140111092478
    pitch_salience:
        dmean: 0.0498342104256
        dmean2: 0.082523368299
        dvar: 0.00181076559238
        dvar2: 0.0048896134831
        max: 0.923564493656
        mean: 0.695140361786
        median: 0.705851256847
        min: 0.252997070551
        var: 0.00512485112995
    silence_rate_20dB:
        dmean: 0
        dmean2: 0
        dvar: 0
        dvar2: 0
        max: 1
        mean: 1
        median: 1
        min: 1
        var: 0
    silence_rate_30dB:
        dmean: 0
        dmean2: 0
        dvar: 0
        dvar2: 0
        max: 1
        mean: 1
        median: 1
        min: 1
        var: 0
    silence_rate_60dB:
        dmean: 0.0505523309112
        dmean2: 0.10111413151
        dvar: 0.0479972362518
        dvar2: 0.109628103673
        max: 1
        mean: 0.139380320907
        median: 0
        min: 0
        var: 0.119957372546
    spectral_centroid:
        dmean: 217.171615601
        dmean2: 353.842987061
        dvar: 44669.28125
        dvar2: 112784.695313
        max: 10509.5820313
        mean: 2025.3067627
        median: 2019.01269531
        min: 463.656005859
        var: 162351.484375
    spectral_complexity:
        dmean: 4.07189655304
        dmean2: 6.51736736298
        dvar: 14.4677476883
        dvar2: 35.3873252869
        max: 48
        mean: 21.625667572
        median: 22
        min: 0
        var: 69.6728057861
    spectral_crest:
        dmean: 1.69445693493
        dmean2: 2.8345041275
        dvar: 2.46843910217
        dvar2: 6.52628946304
        max: 18.5073661804
        mean: 6.15939331055
        median: 5.6139831543
        min: 2.53786993027
        var: 4.96913480759
    spectral_decrease:
        dmean: 2.59102489464e-010
        dmean2: 4.16504497558e-010
        dvar: 1.03714632313e-019
        dvar2: 2.68600253201e-019
        max: 1.45372610728e-028
        mean: -1.16422460561e-009
        median: -1.10641418249e-009
        min: -3.89752141672e-009
        var: 2.89265809842e-019
    spectral_energy:
        dmean: 0.00125417497475
        dmean2: 0.00203671236522
        dvar: 2.6302157039e-006
        dvar2: 6.87596229909e-006
        max: 0.0197133272886
        mean: 0.00542332138866
        median: 0.00510277925059
        min: 1.08393068922e-020
        var: 6.59132410874e-006
    spectral_energyband_high:
        dmean: 0.000169370614458
        dmean2: 0.0002937236859
        dvar: 8.30612734148e-008
        dvar2: 2.34034885693e-007
        max: 0.00361993140541
        mean: 0.000345992069924
        median: 0.000286644266453
        min: 7.77049024568e-021
        var: 9.24484453435e-008
    spectral_energyband_low:
        dmean: 0.000114841066534
        dmean2: 0.000184792865184
        dvar: 3.14456087835e-008
        dvar2: 8.29444459782e-008
        max: 0.00381317408755
        mean: 0.000212232480408
        median: 0.000162206371897
        min: 7.0918002156e-023
        var: 4.73391743583e-008
    spectral_energyband_middle_high:
        dmean: 0.00105150078889
        dmean2: 0.00171145366039
        dvar: 1.62912579071e-006
        dvar2: 4.21799086325e-006
        max: 0.0155892390758
        mean: 0.00397774064913
        median: 0.00360075710341
        min: 1.47772817499e-021
        var: 4.68192911285e-006
    spectral_energyband_middle_low:
        dmean: 0.000392622634536
        dmean2: 0.000630085007288
        dvar: 3.04283304331e-007
        dvar2: 7.9694541455e-007
        max: 0.00700330315158
        mean: 0.00100136338733
        median: 0.000808807846624
        min: 3.02020054999e-022
        var: 6.25603092885e-007
    spectral_flatness_db:
        dmean: 0.0125577561557
        dmean2: 0.0199290085584
        dvar: 0.000114466238301
        dvar2: 0.000272869481705
        max: 0.282315135002
        mean: 0.147247284651
        median: 0.14481729269
        min: 0.0679887458682
        var: 0.000669356959406
    spectral_flux:
        dmean: 0.00716363638639
        dmean2: 0.0110864201561
        dvar: 6.33364616078e-005
        dvar2: 0.000114329675853
        max: 0.109130591154
        mean: 0.0447717308998
        median: 0.044296707958
        min: 1.04111989863e-010
        var: 0.000245105533395
    spectral_kurtosis:
        dmean: 1.28050267696
        dmean2: 2.13907957077
        dvar: 1.76111149788
        dvar2: 4.87682294846
        max: 29.1710720062
        mean: 5.13798189163
        median: 4.75039768219
        min: -1.19353175163
        var: 5.62730312347
    spectral_rms:
        dmean: 0.000249768199865
        dmean2: 0.000397573807277
        dvar: 8.32245987681e-008
        dvar2: 2.10265739042e-007
        max: 0.00438548903912
        mean: 0.00220889714547
        median: 0.00223121512681
        min: 3.25191241123e-012
        var: 4.11809168099e-007
    spectral_rolloff:
        dmean: 210.213684082
        dmean2: 348.110290527
        dvar: 62528.8632813
        dvar2: 132208
        max: 19444.4824219
        mean: 3361.11547852
        median: 3380.71289063
        min: 215.33203125
        var: 199863.796875
    spectral_skewness:
        dmean: 0.16950148344
        dmean2: 0.276126891375
        dvar: 0.0227724686265
        dvar2: 0.0606650523841
        max: 3.15222883224
        mean: 1.56063210964
        median: 1.56584382057
        min: 0.0369123220444
        var: 0.0958998575807
    spectral_spread:
        dmean: 432382.84375
        dmean2: 629782.875
        dvar: 399171682304
        dvar2: 649897902080
        max: 39946420
        mean: 3871042.5
        median: 3696850.25
        min: 1427408.75
        var: 1.46177772749e+012
    spectral_strongpeak:
        dmean: 0.668643474579
        dmean2: 1.13936030865
        dvar: 0.522645950317
        dvar2: 1.36478626728
        max: 9.04461574554
        mean: 1.08020079136
        median: 0.805803596973
        min: 2.25755991679e-009
        var: 1.09551370144
    zerocrossingrate:
        dmean: 0.00596748059615
        dmean2: 0.00743809482083
        dvar: 4.19691350544e-005
        dvar2: 5.22407099197e-005
        max: 0.52001953125
        mean: 0.106146529317
        median: 0.1064453125
        min: 0.03515625
        var: 0.000295481062494
    barkbands:
        dmean: [1.66474478647e-006, 6.54863906675e-005, 4.29765386798e-005, 8.60738146002e-005, 0.000119301745144, 0.000101935103885, 9.87137973425e-005, 6.70050940244e-005, 0.000107711864985, 0.00016395097191, 0.000136094313348, 0.000160992291057, 0.000121167002362, 0.000111687193566, 0.000145697340486, 0.000192171733943, 0.000258290005149, 0.000375213916413, 0.000356792617822, 0.000198357825866, 7.15635251254e-005, 1.25523729366e-005, 2.7576049888e-006, 2.51512187788e-006, 2.27184773394e-006, 5.61259234644e-008, 3.25974053306e-010]
        dmean2: [2.39620453613e-006, 0.000105414750578, 6.99387674103e-005, 0.000150577121531, 0.000215295876842, 0.000167072852491, 0.000157496615429, 0.000108832442493, 0.000169739636476, 0.000257033854723, 0.000219311521505, 0.000259836437181, 0.000196489185328, 0.000181200506631, 0.000231460551731, 0.000313700613333, 0.000428823521361, 0.000635829754174, 0.000610321178101, 0.00033636103035, 0.000125833306811, 2.17931356019e-005, 4.61359286419e-006, 3.98833026338e-006, 3.5024470435e-006, 8.47088656997e-008, 5.52179579838e-010]
        dvar: [7.7616134006e-012, 8.34173174979e-009, 6.57776144664e-009, 6.66059492005e-008, 9.59539647738e-008, 2.56551739852e-008, 3.14575778759e-008, 1.54924695295e-008, 2.94153092995e-008, 8.01354573809e-008, 4.63441089948e-008, 7.51906128471e-008, 4.52192701061e-008, 3.64409373788e-008, 6.65012578338e-008, 1.04787339694e-007, 1.40812375093e-007, 2.95373240533e-007, 2.38322655832e-007, 6.96995243743e-008, 1.90893949537e-008, 5.81360515284e-010, 2.51112238642e-011, 3.05916889043e-011, 3.75231408445e-011, 2.69709232568e-014, 3.0690435073e-019]
        dvar2: [1.5200679257e-011, 2.23350546946e-008, 1.71916170189e-008, 1.84835883488e-007, 2.7533718594e-007, 6.41211101993e-008, 7.51933413312e-008, 3.78843374449e-008, 6.73815421237e-008, 1.82485905498e-007, 1.14110392246e-007, 1.85916718465e-007, 1.12410333486e-007, 9.03511505612e-008, 1.54723451828e-007, 2.66441645635e-007, 3.62234061413e-007, 7.7871055737e-007, 6.52253845601e-007, 1.91074562395e-007, 5.44245182255e-008, 1.626182633e-009, 6.2903619813e-011, 6.91270651831e-011, 8.49766229605e-011, 5.75104064848e-014, 6.79387683822e-019]
        max: [2.10145444726e-005, 0.000734343077056, 0.00194457080215, 0.00525476923212, 0.00382485263981, 0.00340266921557, 0.00376918981783, 0.00216395617463, 0.00453637866303, 0.00469748862088, 0.00542297540233, 0.00548493629321, 0.00366228399798, 0.00449832342565, 0.00549672963098, 0.00647904910147, 0.00741972215474, 0.00950209237635, 0.00793039798737, 0.00331633887254, 0.00163094094023, 0.000320655468386, 0.000153974193381, 0.000104374383227, 0.000179825190571, 3.70934867533e-006, 1.34945050689e-008]
        mean: [2.3656450594e-006, 0.000112778681796, 6.38750861981e-005, 8.36748149595e-005, 0.000129079460748, 0.000178859758307, 0.000154756329721, 0.000102689904452, 0.000208434910746, 0.000324304244714, 0.000231437777984, 0.000291364063742, 0.000216518281377, 0.00020660168957, 0.000253100559348, 0.000363067316357, 0.000492568069603, 0.00069465249544, 0.000720410316717, 0.000437905371655, 0.00012080623128, 2.1396750526e-005, 5.04129366163e-006, 4.14857731812e-006, 3.40454425896e-006, 8.06264850439e-008, 3.74123398927e-010]
        median: [5.23357698512e-007, 7.38622475183e-005, 3.4461467294e-005, 2.33043756452e-005, 5.79833249503e-005, 0.00010415957513, 8.58355488162e-005, 4.43686149083e-005, 0.000117612340546, 0.000153740489623, 0.000130049025756, 0.000147177182953, 0.000100228302472, 0.000116765593702, 0.000133327193907, 0.000206951634027, 0.000352324335836, 0.000485177297378, 0.000582057342399, 0.000374710769393, 9.09207592485e-005, 1.50827081598e-005, 3.53835866918e-006, 2.18707373278e-006, 1.19334652027e-006, 2.27189929092e-008, 1.50686463307e-010]
        min: [6.30633945865e-024, 4.82237739555e-023, 1.87433335303e-023, 7.89034770165e-024, 5.59486533491e-023, 3.26906357261e-023, 6.32056056973e-023, 7.37872849058e-023, 4.17064702139e-023, 5.47506071369e-023, 8.49799337299e-023, 4.70844095283e-023, 1.23675820429e-022, 1.89068173799e-022, 1.0231741142e-022, 1.68725621998e-022, 1.61018627659e-022, 1.56776550229e-022, 3.12286631607e-022, 2.44924574598e-022, 3.85909669362e-022, 4.03937122664e-022, 5.97973731771e-022, 7.20770672799e-022, 1.35091963013e-021, 1.93379135825e-021, 2.58116156566e-021]
        var: [1.48882087214e-011, 1.54266270869e-008, 9.44548617099e-009, 5.35097761656e-008, 6.55804868188e-008, 5.88393689327e-008, 4.96296621577e-008, 2.82477117253e-008, 8.56520117054e-008, 2.70406445679e-007, 1.01959223286e-007, 1.75615667786e-007, 1.05500774339e-007, 8.28627051419e-008, 1.34726818146e-007, 2.25015696742e-007, 2.63317105009e-007, 4.87720740239e-007, 3.41640344459e-007, 1.17456870896e-007, 1.68812963608e-008, 5.82888792788e-010, 3.42388825625e-011, 4.67559532757e-011, 5.84690282301e-011, 5.0236761772e-014, 6.00553390639e-019]
    frequency_bands:
        dmean: [1.66474478647e-006, 6.54863906675e-005, 4.29765386798e-005, 8.60738146002e-005, 0.000119301745144, 0.000101935103885, 9.87137973425e-005, 6.70050940244e-005, 0.000107711864985, 0.00016395097191, 0.000136094313348, 0.000160992291057, 0.000121167002362, 0.000111687193566, 0.000145697340486, 0.000192171733943, 0.000258290005149, 0.000375213916413, 0.000356792617822, 0.000198357825866, 7.15635251254e-005, 1.25523729366e-005, 2.7576049888e-006, 2.51512187788e-006, 2.27184773394e-006, 5.61259234644e-008, 3.25974053306e-010, 6.32935370781e-011]
        dmean2: [2.39620453613e-006, 0.000105414750578, 6.99387674103e-005, 0.000150577121531, 0.000215295876842, 0.000167072852491, 0.000157496615429, 0.000108832442493, 0.000169739636476, 0.000257033854723, 0.000219311521505, 0.000259836437181, 0.000196489185328, 0.000181200506631, 0.000231460551731, 0.000313700613333, 0.000428823521361, 0.000635829754174, 0.000610321178101, 0.00033636103035, 0.000125833306811, 2.17931356019e-005, 4.61359286419e-006, 3.98833026338e-006, 3.5024470435e-006, 8.47088656997e-008, 5.52179579838e-010, 1.17150580903e-010]
        dvar: [7.7616134006e-012, 8.34173174979e-009, 6.57776144664e-009, 6.66059492005e-008, 9.59539647738e-008, 2.56551739852e-008, 3.14575778759e-008, 1.54924695295e-008, 2.94153092995e-008, 8.01354573809e-008, 4.63441089948e-008, 7.51906128471e-008, 4.52192701061e-008, 3.64409373788e-008, 6.65012578338e-008, 1.04787339694e-007, 1.40812375093e-007, 2.95373240533e-007, 2.38322655832e-007, 6.96995243743e-008, 1.90893949537e-008, 5.81360515284e-010, 2.51112238642e-011, 3.05916889043e-011, 3.75231408445e-011, 2.69709232568e-014, 3.0690435073e-019, 7.29792697005e-021]
        dvar2: [1.5200679257e-011, 2.23350546946e-008, 1.71916170189e-008, 1.84835883488e-007, 2.7533718594e-007, 6.41211101993e-008, 7.51933413312e-008, 3.78843374449e-008, 6.73815421237e-008, 1.82485905498e-007, 1.14110392246e-007, 1.85916718465e-007, 1.12410333486e-007, 9.03511505612e-008, 1.54723451828e-007, 2.66441645635e-007, 3.62234061413e-007, 7.7871055737e-007, 6.52253845601e-007, 1.91074562395e-007, 5.44245182255e-008, 1.626182633e-009, 6.2903619813e-011, 6.91270651831e-011, 8.49766229605e-011, 5.75104064848e-014, 6.79387683822e-019, 2.30023273312e-020]
        max: [2.10145444726e-005, 0.000734343077056, 0.00194457080215, 0.00525476923212, 0.00382485263981, 0.00340266921557, 0.00376918981783, 0.00216395617463, 0.00453637866303, 0.00469748862088, 0.00542297540233, 0.00548493629321, 0.00366228399798, 0.00449832342565, 0.00549672963098, 0.00647904910147, 0.00741972215474, 0.00950209237635, 0.00793039798737, 0.00331633887254, 0.00163094094023, 0.000320655468386, 0.000153974193381, 0.000104374383227, 0.000179825190571, 3.70934867533e-006, 1.34945050689e-008, 1.07829056795e-009]
        mean: [2.3656450594e-006, 0.000112778681796, 6.38750861981e-005, 8.36748149595e-005, 0.000129079460748, 0.000178859758307, 0.000154756329721, 0.000102689904452, 0.000208434910746, 0.000324304244714, 0.000231437777984, 0.000291364063742, 0.000216518281377, 0.00020660168957, 0.000253100559348, 0.000363067316357, 0.000492568069603, 0.00069465249544, 0.000720410316717, 0.000437905371655, 0.00012080623128, 2.1396750526e-005, 5.04129366163e-006, 4.14857731812e-006, 3.40454425896e-006, 8.06264850439e-008, 3.74123398927e-010, 4.96313545817e-011]
        median: [5.23357698512e-007, 7.38622475183e-005, 3.4461467294e-005, 2.33043756452e-005, 5.79833249503e-005, 0.00010415957513, 8.58355488162e-005, 4.43686149083e-005, 0.000117612340546, 0.000153740489623, 0.000130049025756, 0.000147177182953, 0.000100228302472, 0.000116765593702, 0.000133327193907, 0.000206951634027, 0.000352324335836, 0.000485177297378, 0.000582057342399, 0.000374710769393, 9.09207592485e-005, 1.50827081598e-005, 3.53835866918e-006, 2.18707373278e-006, 1.19334652027e-006, 2.27189929092e-008, 1.50686463307e-010, 1.89307718806e-011]
        min: [6.30633945865e-024, 4.82237739555e-023, 1.87433335303e-023, 7.89034770165e-024, 5.59486533491e-023, 3.26906357261e-023, 6.32056056973e-023, 7.37872849058e-023, 4.17064702139e-023, 5.47506071369e-023, 8.49799337299e-023, 4.70844095283e-023, 1.23675820429e-022, 1.89068173799e-022, 1.0231741142e-022, 1.68725621998e-022, 1.61018627659e-022, 1.56776550229e-022, 3.12286631607e-022, 2.44924574598e-022, 3.85909669362e-022, 4.03937122664e-022, 5.97973731771e-022, 7.20770672799e-022, 1.35091963013e-021, 1.93379135825e-021, 2.58116156566e-021, 8.70734317328e-022]
        var: [1.48882087214e-011, 1.54266270869e-008, 9.44548617099e-009, 5.35097761656e-008, 6.55804868188e-008, 5.88393689327e-008, 4.96296621577e-008, 2.82477117253e-008, 8.56520117054e-008, 2.70406445679e-007, 1.01959223286e-007, 1.75615667786e-007, 1.05500774339e-007, 8.28627051419e-008, 1.34726818146e-007, 2.25015696742e-007, 2.63317105009e-007, 4.87720740239e-007, 3.41640344459e-007, 1.17456870896e-007, 1.68812963608e-008, 5.82888792788e-010, 3.42388825625e-011, 4.67559532757e-011, 5.84690282301e-011, 5.0236761772e-014, 6.00553390639e-019, 6.1307670478e-021]
    mfcc:
        mean: [-701.26348877, 100.072296143, -75.1822128296, 37.9407081604, -12.8880767822, -14.5456409454, 9.20484352112, -0.459106236696, -1.48761618137, -3.66073989868, -3.38880085945, -1.01667571068, -0.127916693687]
        cov: [[5593.38037109, 344.281677246, -608.738830566, 517.732421875, -48.0451660156, 127.337295532, 340.421722412, 98.5370330811, 105.704948425, 83.9633636475, 38.5293655396, 15.6953611374, 64.8213500977], [344.281677246, 596.801513672, -257.962158203, 113.851394653, -2.16256380081, -2.61865353584, -39.9794998169, 4.44326591492, -21.2603340149, -10.1497659683, 11.3686656952, 10.7828550339, -3.16146731377], [-608.738830566, -257.962158203, 478.273773193, 22.3607406616, 59.9568099976, 30.1882896423, 24.1919345856, 31.8704776764, 38.2574882507, 37.5796089172, 15.2373504639, 18.3802394867, 23.3385124207], [517.732421875, 113.851394653, 22.3607406616, 339.906188965, 56.1451225281, 92.3950576782, 36.6377792358, 73.8941574097, 66.8819732666, 51.4696731567, 38.5863876343, 39.088760376, 66.8152236938], [-48.0451660156, -2.16256380081, 59.9568099976, 56.1451225281, 222.537567139, 56.0356025696, -5.49777984619, 23.304189682, 33.2465209961, 36.7882347107, 30.0388412476, 26.9735507965, 35.5364151001], [127.337295532, -2.61865353584, 30.1882896423, 92.3950576782, 56.0356025696, 190.995178223, 99.7331390381, 58.7992362976, 31.2099380493, 50.0335083008, 33.9554481506, 28.1905708313, 44.2312049866], [340.421722412, -39.9794998169, 24.1919345856, 36.6377792358, -5.49777984619, 99.7331390381, 196.801513672, 63.7624549866, 41.0065956116, 30.8992900848, 32.1699790955, 21.5380916595, 40.5476646423], [98.5370330811, 4.44326591492, 31.8704776764, 73.8941574097, 23.304189682, 58.7992362976, 63.7624549866, 116.234016418, 54.2739486694, 44.4829368591, 23.2188854218, 28.3503322601, 38.3871688843], [105.704948425, -21.2603340149, 38.2574882507, 66.8819732666, 33.2465209961, 31.2099380493, 41.0065956116, 54.2739486694, 109.691452026, 63.9434814453, 25.7277259827, 11.8861846924, 44.7963562012], [83.9633636475, -10.1497659683, 37.5796089172, 51.4696731567, 36.7882347107, 50.0335083008, 30.8992900848, 44.4829368591, 63.9434814453, 104.95224762, 46.2432785034, 22.8134212494, 34.2664299011], [38.5293655396, 11.3686656952, 15.2373504639, 38.5863876343, 30.0388412476, 33.9554481506, 32.1699790955, 23.2188854218, 25.7277259827, 46.2432785034, 83.1102142334, 43.3825111389, 31.1782093048], [15.6953611374, 10.7828550339, 18.3802394867, 39.088760376, 26.9735507965, 28.1905708313, 21.5380916595, 28.3503322601, 11.8861846924, 22.8134212494, 43.3825111389, 75.3408279419, 48.8966255188], [64.8213500977, -3.16146731377, 23.3385124207, 66.8152236938, 35.5364151001, 44.2312049866, 40.5476646423, 38.3871688843, 44.7963562012, 34.2664299011, 31.1782093048, 48.8966255188, 99.2309951782]]
        icov: [[0.000321556028211, 9.42277547438e-005, 0.000503278162796, -0.000639327918179, -5.63549001527e-005, 0.000359409285011, -0.000786196615081, 0.000243407601374, 7.22306504031e-005, -0.000367223081412, 0.000281774468021, -6.39854115434e-005, 0.000229330908041], [9.42277547438e-005, 0.00257543171756, 0.00153488374781, -0.00124099524692, -0.000156319394591, 0.000271427154075, 0.000237649102928, -0.00032437351183, 0.00067128095543, -0.000127811392304, -0.000310055911541, -0.000281842512777, 0.000435868103523], [0.000503278162796, 0.00153488374781, 0.00377420778386, -0.00146394059993, -0.000671868503559, 0.000676608062349, -0.00112936273217, -3.21774427903e-006, 7.90941339801e-005, -0.00102379987948, 0.00057929509785, -0.000648672226816, 0.000675382907502], [-0.000639327918179, -0.00124099524692, -0.00146394059993, 0.00579918269068, 9.7313830338e-005, -0.00239911605604, 0.00243632216007, -0.0016998576466, -0.00187000038568, 0.00135523534846, -0.00103974912781, 0.000155324465595, -0.00185942708049], [-5.63549001527e-005, -0.000156319394591, -0.000671868503559, 9.7313830338e-005, 0.0056399977766, -0.00196478981525, 0.00185529247392, 8.87710484676e-005, -0.00113269977737, 9.65321596595e-005, -0.00102645321749, -0.000445835554274, -0.000791917147581], [0.000359409285011, 0.000271427154075, 0.000676608062349, -0.00239911605604, -0.00196478981525, 0.0100121637806, -0.00515179987997, -0.000960313307587, 0.00328759592958, -0.00368551979773, 0.000773002800997, 0.000350371701643, -0.000679422053508], [-0.000786196615081, 0.000237649102928, -0.00112936273217, 0.00243632216007, 0.00185529247392, -0.00515179987997, 0.0107028670609, -0.00342544913292, -0.00200659129769, 0.00302351871505, -0.00329916970804, 0.00121282122564, -0.00196927483194], [0.000243407601374, -0.00032437351183, -3.21774427903e-006, -0.0016998576466, 8.87710484676e-005, -0.000960313307587, -0.00342544913292, 0.0149021446705, -0.00442860368639, -0.00214817258529, 0.00265324581414, -0.00425830949098, 0.00101279851515], [7.22306504031e-005, 0.00067128095543, 7.90941339801e-005, -0.00187000038568, -0.00113269977737, 0.00328759592958, -0.00200659129769, -0.00442860368639, 0.0197760872543, -0.00918261148036, 1.4972545614e-005, 0.00573624623939, -0.00589987635612], [-0.000367223081412, -0.000127811392304, -0.00102379987948, 0.00135523534846, 9.65321596595e-005, -0.00368551979773, 0.00302351871505, -0.00214817258529, -0.00918261148036, 0.0202977657318, -0.0083475233987, 0.0010249170009, 2.17175638682e-005], [0.000281774468021, -0.000310055911541, 0.00057929509785, -0.00103974912781, -0.00102645321749, 0.000773002800997, -0.00329916970804, 0.00265324581414, 1.4972545614e-005, -0.0083475233987, 0.0227947812527, -0.0115782506764, 0.00213361391798], [-6.39854115434e-005, -0.000281842512777, -0.000648672226816, 0.000155324465595, -0.000445835554274, 0.000350371701643, 0.00121282122564, -0.00425830949098, 0.00573624623939, 0.0010249170009, -0.0115782506764, 0.0277673210949, -0.0117520876229], [0.000229330908041, 0.000435868103523, 0.000675382907502, -0.00185942708049, -0.000791917147581, -0.000679422053508, -0.00196927483194, 0.00101279851515, -0.00589987635612, 2.17175638682e-005, 0.00213361391798, -0.0117520876229, 0.0198105089366]]
    sccoeffs:
        dmean: [0.0552689172328, 0.0458143316209, 0.0388706102967, 0.0308750495315, 0.021342119202, 0.0188493598253]
        dmean2: [0.0912134125829, 0.0768343657255, 0.0639153197408, 0.0509469620883, 0.0355110429227, 0.0296590831131]
        dvar: [0.00205520354211, 0.00131239392795, 0.000929596659262, 0.000578618084546, 0.000292213691864, 0.000286668509943]
        dvar2: [0.00552491750568, 0.00360166677274, 0.00249920017086, 0.00157393689733, 0.0007700464339, 0.000678714772221]
        max: [-0.311573117971, -0.484142005444, -0.525042057037, -0.609753072262, -0.591752529144, -0.61326110363]
        mean: [-0.697934389114, -0.76221883297, -0.7662281394, -0.779485344887, -0.777907788754, -0.775592207909]
        median: [-0.711525082588, -0.766874015331, -0.772188484669, -0.783035159111, -0.782517135143, -0.777361571789]
        min: [-0.959057271481, -0.95442789793, -0.983082830906, -0.961502969265, -0.959162116051, -0.962737381458]
        var: [0.00837941095233, 0.00396023876965, 0.00357298343442, 0.00206779316068, 0.00147562089842, 0.00127516069915]
    scvalleys:
        dmean: [0.385730177164, 0.335683554411, 0.276272386312, 0.234029263258, 0.209928914905, 0.284570276737]
        dmean2: [0.64795845747, 0.557517647743, 0.451835751534, 0.376492977142, 0.341771125793, 0.431011646986]
        dvar: [0.106325402856, 0.080500729382, 0.0591400451958, 0.0466798134148, 0.0515556335449, 0.115738451481]
        dvar2: [0.27658957243, 0.199093535542, 0.134494543076, 0.0978106185794, 0.113062895834, 0.250459581614]
        max: [-5.47062397003, -5.13840579987, -5.12437963486, -5.49702978134, -5.32880687714, -7.69682598114]
        mean: [-7.32977628708, -6.68520021439, -6.57668066025, -6.84031963348, -6.7188949585, -9.68758296967]
        median: [-6.93371009827, -6.5710234642, -6.41713428497, -6.70203971863, -6.51106786728, -9.48607444763]
        min: [-27.0561981201, -27.6362438202, -26.8909912109, -27.1920604706, -27.1641597748, -27.1673488617]
        var: [1.67729377747, 0.749594092369, 0.916324436665, 0.999984025955, 1.02811253071, 1.20208394527]

rhythm:
    beats_loudness:
        dmean: 0.00146955891978
        dmean2: 0.0025317450054
        dvar: 1.56894952852e-006
        dvar2: 4.75294336866e-006
        max: 0.0128287561238
        mean: 0.00558291561902
        median: 0.00558282248676
        min: 5.07344966039e-009
        var: 4.53475240647e-006
    bpm: 123.951522827
    bpm_confidence: 0
    first_peak_bpm: 123
    first_peak_spread: 0.34791252017
    first_peak_weight: 0.643137276173
    onset_rate: 3.06028676033
    second_peak_bpm: 117
    second_peak_spread: 0
    second_peak_weight: 0.0117647061124
    beats_loudness_band_ratio:
        dmean: [0.0990760102868, 0.046721983701, 0.0796350538731, 0.119008935988, 0.143146067858, 0.0792261883616]
        dmean2: [0.185947924852, 0.0832598656416, 0.138883903623, 0.211387425661, 0.258150696754, 0.138942703605]
        dvar: [0.0155086871237, 0.00271756085567, 0.00614257715642, 0.011207995005, 0.0132207423449, 0.00410890672356]
        dvar2: [0.0555142723024, 0.00769558269531, 0.0181939229369, 0.0343244113028, 0.040632199496, 0.0118860211223]
        max: [0.673579990864, 0.513558387756, 0.521250188351, 0.699142038822, 0.752410590649, 0.563973963261]
        mean: [0.108201369643, 0.0626614317298, 0.129050061107, 0.184584617615, 0.338581860065, 0.212532415986]
        median: [0.0870293155313, 0.0472014136612, 0.112861774862, 0.15389046073, 0.300861150026, 0.209101930261]
        min: [0.000258726940956, 0.00519011868164, 0.00784462597221, 0.0128851933405, 0.0678496211767, 0.0178708638996]
        var: [0.0106143122539, 0.00310280942358, 0.00798427965492, 0.0135797727853, 0.020372627303, 0.00989245902747]
    beats_position: [0.476009070873, 0.975238084793, 1.47446703911, 1.9620860815, 2.46131515503, 2.96054410934, 3.47138309479, 3.98222208023, 4.48145103455, 4.99229001999, 5.4915189743, 5.99074840546, 6.5015873909, 7.01242637634, 7.50004529953, 7.98766422272, 8.47528362274, 8.98612213135, 9.4853515625, 9.98458003998, 10.4605894089, 10.9365987778, 11.412607193, 11.8886165619, 12.3762359619, 12.8638544083, 13.3398637772, 13.8158731461, 14.3034915924, 14.7795009613, 15.2555103302, 15.7431287766, 16.2191371918, 16.6951465607, 17.1827659607, 17.6703853607, 18.1580047607, 18.6456241608, 19.1216316223, 19.5976409912, 20.0852603912, 20.5728797913, 21.0488891602, 21.5248966217, 22.0125160217, 22.5001354218, 22.9877548218, 23.4753742218, 23.9629936218, 24.4506111145, 24.9382305145, 25.4258499146, 25.9018592834, 26.3778686523, 26.865486145, 27.353105545, 27.8291149139, 28.3051242828, 28.7927436829, 29.2803630829, 29.7563705444, 30.2439899445, 30.7316093445, 31.2076187134, 31.6952381134, 32.1828575134, 32.6704750061, 33.1580963135, 33.6341018677, 34.121723175, 34.6093406677, 35.0853500366, 35.572971344, 36.0489807129, 36.5365982056, 37.0126075745, 37.5002250671, 37.9878463745, 38.4638557434, 38.9514732361, 39.4390907288, 39.9151000977, 40.402721405, 40.9019508362, 41.3895683289, 41.8655776978, 42.3531951904, 42.8292045593, 43.3052139282, 43.7928352356, 44.2688446045, 44.7448501587, 45.2324714661, 45.7200889587, 46.2077102661, 46.6953277588, 47.1829452515, 47.6705665588, 48.1581840515, 48.6458053589, 49.1218147278, 49.5978240967, 50.0854415894, 50.573059082, 51.0606803894, 51.5482978821, 52.0359191895, 52.5235366821, 52.999546051, 53.4755554199, 53.9631729126, 54.4391822815, 54.9268035889, 55.4144210815, 55.8904304504, 56.3780479431, 56.8656692505, 57.3532867432, 57.8409042358, 58.3169136047, 58.8045349121, 59.2921524048, 59.7681617737, 60.2557830811, 60.7434005737, 61.2194099426, 61.6954193115, 62.1830368042, 62.6706581116, 63.1582756042, 63.6458930969, 64.1219024658, 64.5979156494, 65.0855331421, 65.5731506348, 66.0607681274, 66.5483856201, 67.0360107422, 67.5120162964, 67.9996337891, 68.4872512817, 68.9632644653, 69.450881958, 69.9268951416, 70.4145126343, 70.8905181885, 71.3781356812, 71.8657608032, 72.3533782959, 72.8409957886, 73.3286132813, 73.8046264648, 74.280632019, 74.7682495117, 75.2558746338, 75.7434921265, 76.2311096191, 76.7071151733, 77.1831283569, 77.6707458496, 78.1467590332, 78.6227645874, 79.1103820801, 79.5979995728, 80.0856246948, 80.5732421875, 81.0608596802, 81.5484771729, 82.0244903564, 82.5004959106, 82.9881134033, 83.4757385254, 83.9633560181, 84.4509735107, 84.9269790649, 85.414604187, 85.8906097412, 86.3666229248, 86.8542404175, 87.3418579102, 87.8178634644, 88.2822647095, 88.7814941406, 89.2691116333, 89.7567367554, 90.244354248, 90.7319717407, 91.2312011719, 91.7072067261, 92.1832199097, 92.6708374023, 93.158454895, 93.6460723877, 94.1220855713, 94.609703064, 95.0857162476, 95.5617218018, 96.0493392944, 96.5369567871, 97.0129699707, 97.5005874634, 97.9882049561, 98.4758224487, 98.9634475708, 99.4510650635, 99.9270706177, 100.41469574, 100.890701294, 101.378318787, 101.865936279, 102.353561401, 102.841178894, 103.317184448, 103.793197632, 104.269203186, 104.74521637, 105.232833862, 105.720451355, 106.208068848, 106.69568634, 107.183311462, 107.670928955, 108.158546448, 108.64616394, 109.122177124, 109.609794617, 110.085800171, 110.573425293, 111.061042786, 111.548660278, 112.036277771, 112.523895264, 113.011520386, 113.499137878, 113.986755371, 114.462760925, 114.938774109, 115.426391602, 115.914009094, 116.401634216, 116.889251709, 117.365257263, 117.841270447, 118.317276001, 118.804893494, 119.292518616, 119.780136108, 120.267753601, 120.743759155, 121.231384277, 121.71900177, 122.206619263, 122.694236755, 123.181854248, 123.657867432, 124.133872986, 124.609886169, 125.085891724, 125.561904907, 126.037910461, 126.525527954, 127.013153076, 127.500770569, 127.988388062, 128.464401245, 128.94039917, 129.428024292, 129.915649414, 130.403259277, 130.890884399, 131.378494263, 131.854507446, 132.342132568, 132.818145752, 133.305755615, 133.793380737, 134.280990601, 134.768615723, 135.244628906, 135.73223877, 136.208251953, 136.695877075, 137.183486938, 137.671112061, 138.158721924, 138.634735107, 139.110748291, 139.598358154, 140.085983276, 140.573608398, 141.061218262, 141.548843384, 142.036453247, 142.512466431, 142.988479614, 143.476104736, 143.9637146, 144.451339722, 144.927337646, 145.414962769, 145.890975952, 146.378585815, 146.866210938, 147.35383606, 147.829833984, 148.305847168, 148.79347229, 149.281082153, 149.768707275, 150.256317139, 150.743942261, 151.219955444, 151.695953369, 152.183578491, 152.671203613, 153.147201538, 153.63482666, 154.122451782, 154.598449707, 155.086074829, 155.573699951, 156.061309814, 156.548934937, 157.024932861, 157.500946045, 157.988571167, 158.47618103, 158.963806152, 159.451431274, 159.927429199, 160.415054321, 160.891067505, 161.378677368, 161.86630249, 162.353912354, 162.841537476, 163.329162598, 163.805160522, 164.281173706, 164.768798828, 165.256408691, 165.744033813, 166.231658936, 166.70765686, 167.195281982, 167.671295166, 168.158905029, 168.646530151, 169.122543335, 169.59854126, 170.086166382, 170.573776245, 171.061401367, 171.537414551, 172.013427734, 172.501037598, 172.98866272, 173.476272583, 173.963897705, 174.451522827, 174.927520752, 175.403533936, 175.891159058, 176.378768921, 176.866394043, 177.354003906, 177.841629028, 178.32925415, 178.805252075, 179.281265259, 179.768890381, 180.256500244, 180.732513428, 181.208526611, 181.696136475, 182.183761597, 182.671386719, 183.147384644, 183.635009766, 184.111022949, 184.598632813, 185.086257935, 185.573867798, 186.06149292, 186.549118042, 187.025115967, 187.50112915, 187.988754272, 188.476364136, 188.963989258, 189.451599121, 189.939224243, 190.415237427, 190.89125061, 191.378860474, 191.866485596, 192.342483521, 192.830108643, 193.306121826, 193.793731689, 194.281356812, 194.768981934, 195.244979858, 195.720993042, 196.208618164, 196.696228027, 197.183853149, 197.671463013, 198.159088135, 198.635101318, 199.122711182, 199.598724365, 200.086349487, 200.573959351, 201.061584473, 201.549209595, 202.02520752, 202.512832642, 202.988845825, 203.476455688, 203.964080811, 204.451690674, 204.927703857, 205.415328979, 205.891326904, 206.378952026, 206.866577148, 207.354187012, 207.841812134, 208.329421997, 208.805435181, 209.293060303, 209.769073486, 210.25668335, 210.744308472, 211.231918335, 211.719543457, 212.207168579, 212.694778442, 213.170791626, 213.64680481, 214.134414673, 214.610427856, 215.08644104, 215.574050903, 216.061676025, 216.549285889, 217.036911011, 217.524536133, 218.000534058, 218.476547241, 218.964172363, 219.451782227, 219.939407349, 220.415420532, 220.891418457, 221.379043579, 221.866668701, 222.342666626, 222.830291748, 223.31791687, 223.793914795, 224.281539917, 224.76914978, 225.256774902, 225.744400024, 226.232009888, 226.71963501, 227.207244873, 227.694869995, 228.170883179, 228.646896362, 229.134506226, 229.622131348, 230.098129272, 230.574142456, 231.061767578, 231.549377441, 232.025390625, 232.501403809, 232.989013672, 233.476638794, 233.964263916, 234.451873779, 234.939498901, 235.427108765, 235.903121948, 236.379135132, 236.866760254, 237.354370117, 237.830383301, 238.306396484, 238.794006348, 239.28163147, 239.769241333, 240.256866455, 240.744491577, 241.23210144, 241.708114624, 242.184127808, 242.671737671, 243.159362793, 243.646972656, 244.134597778, 244.6222229, 245.098220825, 245.574234009, 246.061859131, 246.549468994, 247.037094116, 247.524719238]
