
metadata:
    version:
        essentia: "2.1-beta2"
    audio_properties:
        analysis_sample_rate: 44100
        bitrate: 291
        channels: 2
        equal_loudness: 1
        length: 209.554290771
        replay_gain: -16.770149231
        downmix: "mix"
    tags:
        album: "Fight The Silence"
        artist: "For Today"
        comment: ""
        date: "2014;ATE"
        genre: "Metal"
        title: "Molotov"
        tracknumber: "1/12"

configuration:
    average_loudness:
        compute: 1
        frameSize: 88200
        hopSize: 44100
        silentFrames: "noise"
        windowType: "hann"
    general:
        analysisSampleRate: 44100
        endTime: 2000
        equalLoudness: 1
        nequalLoudness: 0
        shortSound: 0
        startTime: 0
    lowlevel:
        compute: 1
        frameSize: 2048
        hopSize: 1024
        zeroPadding: 0
        silentFrames: "noise"
        windowType: "blackmanharris62"
        mfccStats: ["mean", "cov", "icov"]
        stats: ["mean", "var", "median", "min", "max", "dmean", "dmean2", "dvar", "dvar2"]
    panning:
        compute: 0
        frameSize: 8192
        hopSize: 2048
        zeroPadding: 8192
        silentFrames: "noise"
        windowType: "hann"
        stats: ["copy"]
    rhythm:
        compute: 1
        maxTempo: 208
        minTempo: 40
        method: "degara"
        stats: ["mean", "var", "median", "min", "max", "dmean", "dmean2", "dvar", "dvar2"]
    segmentation:
        compute: 0
        cpw: 5
        inc1: 300
        inc2: 50
        minimumSegmentsLength: 10
        size1: 1000
        size2: 600
    sfx:
        compute: 1
        stats: ["mean", "var", "median", "min", "max", "dmean", "dmean2", "dvar", "dvar2"]
    svm:
        compute: 0
    tonal:
        compute: 1
        frameSize: 4096
        hopSize: 2048
        zeroPadding: 0
        silentFrames: "noise"
        windowType: "blackmanharris62"
        stats: ["mean", "var", "median", "min", "max", "dmean", "dmean2", "dvar", "dvar2"]

lowlevel:
    average_loudness: 0.94993275404
    barkbands_kurtosis:
        dmean: 0.815316975117
        dmean2: 1.31530106068
        dvar: 5.24954748154
        dvar2: 12.0339899063
        max: 229.181030273
        mean: 1.32705402374
        median: -0.886878967285
        min: -1.84028661251
        var: 187.603881836
    barkbands_skewness:
        dmean: 0.350077211857
        dmean2: 0.553809821606
        dvar: 0.10345569253
        dvar2: 0.246804237366
        max: 12.4584770203
        mean: 0.00892951712012
        median: -0.191496387124
        min: -3.51449489594
        var: 1.95831012726
    barkbands_spread:
        dmean: 4.5465593338
        dmean2: 7.22727155685
        dvar: 20.5654010773
        dvar2: 49.471496582
        max: 59.759563446
        mean: 27.0434093475
        median: 26.8518295288
        min: 0.494156718254
        var: 103.59727478
    dissonance:
        dmean: 0.0117517784238
        dmean2: 0.0202028732747
        dvar: 0.000133519264637
        dvar2: 0.000365192827303
        max: 0.500000059605
        mean: 0.480100721121
        median: 0.486307948828
        min: 0.27951797843
        var: 0.000389730470488
    hfc:
        dmean: 2.93305253983
        dmean2: 4.9082403183
        dvar: 13.7748203278
        dvar2: 35.3114433289
        max: 50.578163147
        mean: 10.3163547516
        median: 10.1944618225
        min: 1.14979362459e-016
        var: 36.7687911987
    pitch:
        dmean: 706.30859375
        dmean2: 1328.64782715
        dvar: 1265121.25
        dvar2: 3057329.5
        max: 4495.55126953
        mean: 1094.93981934
        median: 394.641052246
        min: 51.2118301392
        var: 1772963.625
    pitch_instantaneous_confidence:
        dmean: 0.0756232589483
        dmean2: 0.124036043882
        dvar: 0.00431685522199
        dvar2: 0.0111842853948
        max: 0.915937483311
        mean: 0.347894996405
        median: 0.310129880905
        min: 0.100848197937
        var: 0.0201259087771
    pitch_salience:
        dmean: 0.0548756532371
        dmean2: 0.0912307575345
        dvar: 0.00226953043602
        dvar2: 0.00629010796547
        max: 0.946250498295
        mean: 0.669247627258
        median: 0.698871791363
        min: 0.0704232156277
        var: 0.0148579357192
    silence_rate_20dB:
        dmean: 0
        dmean2: 0
        dvar: 0
        dvar2: 0
        max: 1
        mean: 1
        median: 1
        min: 1
        var: 0
    silence_rate_30dB:
        dmean: 0
        dmean2: 0
        dvar: 0
        dvar2: 0
        max: 1
        mean: 1
        median: 1
        min: 1
        var: 0
    silence_rate_60dB:
        dmean: 0.0496398881078
        dmean2: 0.0992907807231
        dvar: 0.0471768677235
        dvar2: 0.107175126672
        max: 1
        mean: 0.216153338552
        median: 0
        min: 0
        var: 0.169418901205
    spectral_centroid:
        dmean: 262.176208496
        dmean2: 420.768920898
        dvar: 84203.9609375
        dvar2: 184495.703125
        max: 11393.9716797
        mean: 1856.26660156
        median: 1857.66992188
        min: 167.892181396
        var: 438576.03125
    spectral_complexity:
        dmean: 4.64265918732
        dmean2: 7.60793447495
        dvar: 20.6043605804
        dvar2: 51.4289894104
        max: 49
        mean: 19.8462219238
        median: 21
        min: 0
        var: 106.195762634
    spectral_crest:
        dmean: 1.79198253155
        dmean2: 2.97919988632
        dvar: 2.95412349701
        dvar2: 7.85490322113
        max: 24.6731948853
        mean: 6.88356685638
        median: 5.59054660797
        min: 2.2937476635
        var: 15.8482141495
    spectral_decrease:
        dmean: 2.55074183997e-010
        dmean2: 4.09089012665e-010
        dvar: 1.01288589125e-019
        dvar2: 2.50446895779e-019
        max: 7.86234959927e-029
        mean: -1.19630361173e-009
        median: -1.29942656635e-009
        min: -4.46664616405e-009
        var: 4.01927163037e-019
    spectral_energy:
        dmean: 0.00118283962365
        dmean2: 0.00191444600932
        dvar: 2.14030046664e-006
        dvar2: 5.31148134542e-006
        max: 0.0203415621072
        mean: 0.00545085128397
        median: 0.0058791777119
        min: 1.04655311153e-020
        var: 8.24936796562e-006
    spectral_energyband_high:
        dmean: 0.000238154141698
        dmean2: 0.000415067683207
        dvar: 1.36106862669e-007
        dvar2: 3.56185893224e-007
        max: 0.00420732563362
        mean: 0.000470444123494
        median: 0.000361533893738
        min: 7.17852781071e-021
        var: 1.99990012106e-007
    spectral_energyband_low:
        dmean: 0.000154010573169
        dmean2: 0.000257700041402
        dvar: 3.37060797051e-008
        dvar2: 9.2667740148e-008
        max: 0.00189303781372
        mean: 0.000302718603052
        median: 0.000273591227597
        min: 3.78516509134e-023
        var: 6.56607070937e-008
    spectral_energyband_middle_high:
        dmean: 0.000809269200545
        dmean2: 0.00129907252267
        dvar: 7.84322367053e-007
        dvar2: 1.86016848147e-006
        max: 0.0127967502922
        mean: 0.00309784850106
        median: 0.00311102462001
        min: 1.44279191101e-021
        var: 3.3862500004e-006
    spectral_energyband_middle_low:
        dmean: 0.000682099140249
        dmean2: 0.00110653904267
        dvar: 8.47911110213e-007
        dvar2: 2.20593892664e-006
        max: 0.0108755202964
        mean: 0.0017502369592
        median: 0.00146554119419
        min: 1.83516195991e-022
        var: 1.98427778741e-006
    spectral_flatness_db:
        dmean: 0.0136270578951
        dmean2: 0.0220650788397
        dvar: 0.000150654173922
        dvar2: 0.000376909883926
        max: 0.467436403036
        mean: 0.153111860156
        median: 0.138694345951
        min: 0.0577844381332
        var: 0.00284905405715
    spectral_flux:
        dmean: 0.00714394450188
        dmean2: 0.0111708920449
        dvar: 6.04332963121e-005
        dvar2: 0.000120660952234
        max: 0.107320100069
        mean: 0.0450699739158
        median: 0.0477113202214
        min: 6.60670754216e-011
        var: 0.000334215525072
    spectral_kurtosis:
        dmean: 1.42811191082
        dmean2: 2.50874829292
        dvar: 8.96591854095
        dvar2: 29.599363327
        max: 64.1546707153
        mean: 4.09927606583
        median: 3.118953228
        min: -1.20480668545
        var: 31.4424171448
    spectral_rms:
        dmean: 0.00024326411949
        dmean2: 0.000387349282391
        dvar: 7.68590666667e-008
        dvar2: 1.81381253128e-007
        max: 0.00445482088253
        mean: 0.00217385496944
        median: 0.00239494955167
        min: 3.19535196913e-012
        var: 5.92263518229e-007
    spectral_rolloff:
        dmean: 327.338226318
        dmean2: 535.432312012
        dvar: 156251.453125
        dvar2: 342239.875
        max: 19121.484375
        mean: 3319.36523438
        median: 3423.77929688
        min: 172.265625
        var: 1011063.0625
    spectral_skewness:
        dmean: 0.193923741579
        dmean2: 0.328951120377
        dvar: 0.0653575509787
        dvar2: 0.209628164768
        max: 6.32152032852
        mean: 1.39277148247
        median: 1.33846056461
        min: -0.0239303186536
        var: 0.276685148478
    spectral_spread:
        dmean: 465196.34375
        dmean2: 695685.375
        dvar: 487257276416
        dvar2: 794288586752
        max: 40583068
        mean: 4486529.5
        median: 4388665
        min: 1134168.625
        var: 2.82073340314e+012
    spectral_strongpeak:
        dmean: 0.44813990593
        dmean2: 0.770870804787
        dvar: 0.342726647854
        dvar2: 0.906787633896
        max: 6.07605886459
        mean: 0.735570251942
        median: 0.468779951334
        min: 4.49479259368e-010
        var: 0.628169953823
    zerocrossingrate:
        dmean: 0.00772896455601
        dmean2: 0.00921620056033
        dvar: 8.42566732899e-005
        dvar2: 0.000103338301415
        max: 0.52734375
        mean: 0.100643873215
        median: 0.1015625
        min: 0.00732421875
        var: 0.000943701539654
    barkbands:
        dmean: [4.56684361438e-008, 4.22457233071e-005, 0.000112430781883, 8.81110536284e-005, 0.000198299356271, 0.000199769434403, 0.000184013435501, 0.000119924239698, 0.000292075827019, 0.000184392367373, 9.08284637262e-005, 0.000116325587442, 0.000103853868495, 0.000139608353493, 0.00012519180018, 0.000149150888319, 0.000195946588065, 0.000213742212509, 0.000253286154475, 0.000211235223105, 0.000113278198114, 4.35771180491e-005, 9.83037625701e-006, 4.18581703343e-006, 1.98322391043e-006, 6.1239347815e-008, 4.3465275823e-010]
        dmean2: [7.47243973365e-008, 7.17529983376e-005, 0.000186688121175, 0.000151648040628, 0.000343106337823, 0.000328814989189, 0.00030219994369, 0.000200155918719, 0.000464849057607, 0.000292946933769, 0.000151570158778, 0.000191384155187, 0.000169295773958, 0.000226768912398, 0.000201426868443, 0.000247262127232, 0.000318055943353, 0.000360568345059, 0.000429214414908, 0.000360567326425, 0.000197345289052, 7.64366341173e-005, 1.62465385074e-005, 6.52468997941e-006, 3.07979757963e-006, 9.89274937524e-008, 7.79626252445e-010]
        dvar: [1.96548980975e-014, 3.03620772968e-009, 1.97243075206e-008, 1.40357023781e-008, 2.1251491944e-007, 1.61826008593e-007, 1.45043884459e-007, 5.37592228511e-008, 2.17701938254e-007, 8.93331630891e-008, 2.85963626112e-008, 3.89573528992e-008, 2.99551281557e-008, 5.02261023883e-008, 6.7649231994e-008, 5.26335917073e-008, 7.75231328021e-008, 7.84038363122e-008, 1.05918715576e-007, 1.06546337975e-007, 2.91841733002e-008, 4.9876041075e-009, 2.61878851937e-010, 6.42197753309e-011, 1.56846393512e-011, 1.5174927287e-014, 1.04332021828e-018]
        dvar2: [4.82968191536e-014, 8.69949268179e-009, 5.38428750474e-008, 3.87806586843e-008, 6.05168906986e-007, 3.85045495932e-007, 3.49110194975e-007, 1.35160803438e-007, 5.31723230779e-007, 2.0891030772e-007, 7.62810330457e-008, 1.01375512429e-007, 7.5544321021e-008, 1.20660573089e-007, 1.60530078119e-007, 1.35087944386e-007, 1.92717294567e-007, 2.09816775509e-007, 2.74930613386e-007, 2.70635695188e-007, 7.77518138761e-008, 1.34644899674e-008, 6.1917410088e-010, 1.31451766139e-010, 3.26490466607e-011, 3.38318477779e-014, 3.02443391536e-018]
        max: [1.0714000382e-005, 0.000595139455982, 0.00160146970302, 0.00160024489742, 0.00653819087893, 0.00755601376295, 0.00540084345266, 0.0042302175425, 0.00742407655343, 0.00621505826712, 0.00324409408495, 0.00306889251806, 0.0028369918, 0.00393796153367, 0.006422563456, 0.00514335045591, 0.00468626338989, 0.00418435037136, 0.00475687393919, 0.00689506391063, 0.0019043009961, 0.000874331686646, 0.000211698265048, 0.000179592345376, 0.000107323765405, 2.42975693254e-006, 1.54138781738e-008]
        mean: [1.37755833407e-007, 6.6311302362e-005, 0.00017398680211, 0.00012294886983, 0.000237325410126, 0.000265093985945, 0.000226971707889, 0.000153812099597, 0.000515320862178, 0.000370184483472, 0.000146033155033, 0.000199919042643, 0.000169572595041, 0.000244709517574, 0.000224014758714, 0.00027527124621, 0.000380226119887, 0.000413420755649, 0.000560724001843, 0.000404996040743, 0.000201749789994, 6.85523627908e-005, 1.78612208401e-005, 7.99026383902e-006, 3.61193269782e-006, 9.58573167509e-008, 4.75182948545e-010]
        median: [1.48948906542e-008, 4.84212796437e-005, 0.000124350277474, 8.01976857474e-005, 0.00011724740034, 0.000111815170385, 9.15224445635e-005, 6.46974367555e-005, 0.000218289584154, 0.000132997753099, 6.66523264954e-005, 9.47356747929e-005, 8.02221475169e-005, 0.000132971414132, 0.000102187899756, 0.000194803171325, 0.000253655307461, 0.00031471188413, 0.000479160400573, 0.000316690071486, 0.000150921172462, 4.50741717941e-005, 1.11384542834e-005, 4.34200501331e-006, 1.74428748778e-006, 4.3606746658e-008, 2.64509858461e-010]
        min: [3.35508222789e-024, 5.55077913325e-024, 6.04927177774e-024, 3.26820655412e-024, 2.01278759269e-023, 2.1554570317e-023, 2.15581627896e-023, 1.20520338942e-023, 3.12306245845e-023, 2.3455745609e-023, 1.14153347913e-023, 2.21364025662e-023, 4.98558766813e-023, 9.23649402911e-023, 7.63828960303e-023, 7.43408885564e-023, 9.7554269274e-023, 1.28351354838e-022, 2.36113742972e-022, 2.20978594535e-022, 2.99456875524e-022, 3.53912082651e-022, 4.64119762886e-022, 6.84687341957e-022, 1.03803391862e-021, 1.37606735459e-021, 2.03612082977e-021]
        var: [4.94023279316e-013, 4.8507944328e-009, 3.46649891014e-008, 2.12219006812e-008, 1.7497247029e-007, 2.40436520471e-007, 1.66777439858e-007, 7.30003364424e-008, 5.58236763482e-007, 4.31157701541e-007, 5.33702433358e-008, 7.27524778199e-008, 5.79294869851e-008, 1.03986842248e-007, 2.01557199375e-007, 9.03305377165e-008, 1.64891517329e-007, 1.40864926834e-007, 1.96850123757e-007, 1.55658298695e-007, 4.01492350477e-008, 6.08706640648e-009, 4.98962759998e-010, 1.51656187608e-010, 3.57612203739e-011, 2.70226058191e-014, 7.4994587988e-019]
    frequency_bands:
        dmean: [4.56684361438e-008, 4.22457233071e-005, 0.000112430781883, 8.81110536284e-005, 0.000198299356271, 0.000199769434403, 0.000184013435501, 0.000119924239698, 0.000292075827019, 0.000184392367373, 9.08284637262e-005, 0.000116325587442, 0.000103853868495, 0.000139608353493, 0.00012519180018, 0.000149150888319, 0.000195946588065, 0.000213742212509, 0.000253286154475, 0.000211235223105, 0.000113278198114, 4.35771180491e-005, 9.83037625701e-006, 4.18581703343e-006, 1.98322391043e-006, 6.1239347815e-008, 4.3465275823e-010, 6.51341480751e-011]
        dmean2: [7.47243973365e-008, 7.17529983376e-005, 0.000186688121175, 0.000151648040628, 0.000343106337823, 0.000328814989189, 0.00030219994369, 0.000200155918719, 0.000464849057607, 0.000292946933769, 0.000151570158778, 0.000191384155187, 0.000169295773958, 0.000226768912398, 0.000201426868443, 0.000247262127232, 0.000318055943353, 0.000360568345059, 0.000429214414908, 0.000360567326425, 0.000197345289052, 7.64366341173e-005, 1.62465385074e-005, 6.52468997941e-006, 3.07979757963e-006, 9.89274937524e-008, 7.79626252445e-010, 1.20449955565e-010]
        dvar: [1.96548980975e-014, 3.03620772968e-009, 1.97243075206e-008, 1.40357023781e-008, 2.1251491944e-007, 1.61826008593e-007, 1.45043884459e-007, 5.37592228511e-008, 2.17701938254e-007, 8.93331630891e-008, 2.85963626112e-008, 3.89573528992e-008, 2.99551281557e-008, 5.02261023883e-008, 6.7649231994e-008, 5.26335917073e-008, 7.75231328021e-008, 7.84038363122e-008, 1.05918715576e-007, 1.06546337975e-007, 2.91841733002e-008, 4.9876041075e-009, 2.61878851937e-010, 6.42197753309e-011, 1.56846393512e-011, 1.5174927287e-014, 1.04332021828e-018, 8.19894960814e-021]
        dvar2: [4.82968191536e-014, 8.69949268179e-009, 5.38428750474e-008, 3.87806586843e-008, 6.05168906986e-007, 3.85045495932e-007, 3.49110194975e-007, 1.35160803438e-007, 5.31723230779e-007, 2.0891030772e-007, 7.62810330457e-008, 1.01375512429e-007, 7.5544321021e-008, 1.20660573089e-007, 1.60530078119e-007, 1.35087944386e-007, 1.92717294567e-007, 2.09816775509e-007, 2.74930613386e-007, 2.70635695188e-007, 7.77518138761e-008, 1.34644899674e-008, 6.1917410088e-010, 1.31451766139e-010, 3.26490466607e-011, 3.38318477779e-014, 3.02443391536e-018, 2.57392434115e-020]
        max: [1.0714000382e-005, 0.000595139455982, 0.00160146970302, 0.00160024489742, 0.00653819087893, 0.00755601376295, 0.00540084345266, 0.0042302175425, 0.00742407655343, 0.00621505826712, 0.00324409408495, 0.00306889251806, 0.0028369918, 0.00393796153367, 0.006422563456, 0.00514335045591, 0.00468626338989, 0.00418435037136, 0.00475687393919, 0.00689506391063, 0.0019043009961, 0.000874331686646, 0.000211698265048, 0.000179592345376, 0.000107323765405, 2.42975693254e-006, 1.54138781738e-008, 9.87683046461e-010]
        mean: [1.37755833407e-007, 6.6311302362e-005, 0.00017398680211, 0.00012294886983, 0.000237325410126, 0.000265093985945, 0.000226971707889, 0.000153812099597, 0.000515320862178, 0.000370184483472, 0.000146033155033, 0.000199919042643, 0.000169572595041, 0.000244709517574, 0.000224014758714, 0.00027527124621, 0.000380226119887, 0.000413420755649, 0.000560724001843, 0.000404996040743, 0.000201749789994, 6.85523627908e-005, 1.78612208401e-005, 7.99026383902e-006, 3.61193269782e-006, 9.58573167509e-008, 4.75182948545e-010, 5.1057748307e-011]
        median: [1.48948906542e-008, 4.84212796437e-005, 0.000124350277474, 8.01976857474e-005, 0.00011724740034, 0.000111815170385, 9.15224445635e-005, 6.46974367555e-005, 0.000218289584154, 0.000132997753099, 6.66523264954e-005, 9.47356747929e-005, 8.02221475169e-005, 0.000132971414132, 0.000102187899756, 0.000194803171325, 0.000253655307461, 0.00031471188413, 0.000479160400573, 0.000316690071486, 0.000150921172462, 4.50741717941e-005, 1.11384542834e-005, 4.34200501331e-006, 1.74428748778e-006, 4.3606746658e-008, 2.64509858461e-010, 1.80200854238e-011]
        min: [3.35508222789e-024, 5.55077913325e-024, 6.04927177774e-024, 3.26820655412e-024, 2.01278759269e-023, 2.1554570317e-023, 2.15581627896e-023, 1.20520338942e-023, 3.12306245845e-023, 2.3455745609e-023, 1.14153347913e-023, 2.21364025662e-023, 4.98558766813e-023, 9.23649402911e-023, 7.63828960303e-023, 7.43408885564e-023, 9.7554269274e-023, 1.28351354838e-022, 2.36113742972e-022, 2.20978594535e-022, 2.99456875524e-022, 3.53912082651e-022, 4.64119762886e-022, 6.84687341957e-022, 1.03803391862e-021, 1.37606735459e-021, 2.03612082977e-021, 6.77912781207e-022]
        var: [4.94023279316e-013, 4.8507944328e-009, 3.46649891014e-008, 2.12219006812e-008, 1.7497247029e-007, 2.40436520471e-007, 1.66777439858e-007, 7.30003364424e-008, 5.58236763482e-007, 4.31157701541e-007, 5.33702433358e-008, 7.27524778199e-008, 5.79294869851e-008, 1.03986842248e-007, 2.01557199375e-007, 9.03305377165e-008, 1.64891517329e-007, 1.40864926834e-007, 1.96850123757e-007, 1.55658298695e-007, 4.01492350477e-008, 6.08706640648e-009, 4.98962759998e-010, 1.51656187608e-010, 3.57612203739e-011, 2.70226058191e-014, 7.4994587988e-019, 6.86163362557e-021]
    mfcc:
        mean: [-699.227600098, 87.694732666, -56.8571853638, 37.2871894836, -19.3751029968, -7.15733242035, -1.19888627529, -1.19622945786, -1.15006577969, -1.00749480724, -3.14345788956, -5.27467441559, -5.97533130646]
        cov: [[9569.33105469, 703.797546387, -706.694885254, 689.96295166, -351.445281982, 67.9605331421, 47.5514411926, 69.1271591187, 77.4746017456, 89.3706283569, 166.176177979, 110.061676025, -6.67814350128], [703.797546387, 928.730529785, 37.5928535461, 279.010131836, 86.4055786133, 59.2745018005, 102.12512207, 65.2172164917, 73.0460205078, 46.8990364075, 31.5131511688, -1.6734752655, -10.8660650253], [-706.694885254, 37.5928535461, 1015.44628906, 246.924575806, 294.281494141, 153.626876831, 112.935165405, 4.35688257217, 20.1823329926, 5.27269506454, -25.2224998474, -24.0559196472, -24.4969978333], [689.96295166, 279.010131836, 246.924575806, 396.399017334, 160.932556152, 118.913764954, 48.5132713318, 2.76755523682, 47.2035713196, 44.05859375, 13.0112714767, -3.5925796032, 16.4095726013], [-351.445281982, 86.4055786133, 294.281494141, 160.932556152, 242.417251587, 101.980751038, 36.2899551392, -5.93180751801, 26.3444004059, 33.3780517578, 4.21337461472, -7.44367027283, 9.44364929199], [67.9605331421, 59.2745018005, 153.626876831, 118.913764954, 101.980751038, 145.198684692, 80.7348556519, 32.2910499573, 27.8542098999, 28.4638328552, 19.4084606171, 4.97708177567, 5.86520910263], [47.5514411926, 102.12512207, 112.935165405, 48.5132713318, 36.2899551392, 80.7348556519, 183.151290894, 91.7319488525, 48.9198265076, 16.5610847473, 13.1705293655, 12.5467329025, -7.64923048019], [69.1271591187, 65.2172164917, 4.35688257217, 2.76755523682, -5.93180751801, 32.2910499573, 91.7319488525, 131.914398193, 63.8722572327, 28.8718261719, 19.3072166443, 12.5404376984, -8.92241287231], [77.4746017456, 73.0460205078, 20.1823329926, 47.2035713196, 26.3444004059, 27.8542098999, 48.9198265076, 63.8722572327, 106.016525269, 60.038608551, 31.9825382233, 6.02224111557, -3.64043879509], [89.3706283569, 46.8990364075, 5.27269506454, 44.05859375, 33.3780517578, 28.4638328552, 16.5610847473, 28.8718261719, 60.038608551, 91.544418335, 45.3679199219, 10.3311901093, -5.11542749405], [166.176177979, 31.5131511688, -25.2224998474, 13.0112714767, 4.21337461472, 19.4084606171, 13.1705293655, 19.3072166443, 31.9825382233, 45.3679199219, 75.9421844482, 34.3446922302, 4.60284852982], [110.061676025, -1.6734752655, -24.0559196472, -3.5925796032, -7.44367027283, 4.97708177567, 12.5467329025, 12.5404376984, 6.02224111557, 10.3311901093, 34.3446922302, 63.6354370117, 36.614151001], [-6.67814350128, -10.8660650253, -24.4969978333, 16.4095726013, 9.44364929199, 5.86520910263, -7.64923048019, -8.92241287231, -3.64043879509, -5.11542749405, 4.60284852982, 36.614151001, 81.4280014038]]
        icov: [[0.000183446478331, -2.8973490771e-006, 0.000132313492941, -0.000603323045652, 0.000511272344738, -8.15307503217e-005, -6.56694965073e-006, -9.47016087594e-006, 7.4137642514e-005, 4.66557321488e-005, -0.000198803580133, -0.000295454490697, 0.00027130448143], [-2.8973490771e-006, 0.00158270762768, 0.000332215771778, -0.0013538505882, -0.000372967624571, 0.00094915489899, -0.000863710651174, -0.000353841867764, -6.58308490529e-005, 0.000238767184783, -0.000552710960619, 0.000278404710116, 0.000356835807906], [0.000132313492941, 0.000332215771778, 0.00189288763795, -0.00105132814497, -0.0015591661213, -1.40069023473e-005, -0.000898093858268, 0.000209144258406, 2.99403818644e-005, 0.00071907317033, 0.000349479756551, -0.00065223017009, 0.0012769283494], [-0.000603323045652, -0.0013538505882, -0.00105132814497, 0.00720734940842, -0.00250680116005, -0.00265975110233, 0.000916590506677, 0.00125935138203, -0.00156595685985, -0.000856796395965, 0.00138058327138, 0.00122117367573, -0.0020434432663], [0.000511272344738, -0.000372967624571, -0.0015591661213, -0.00250680116005, 0.0105824833736, -0.00418817438185, 0.00099426752422, 0.00139401236083, -0.000478326692246, -0.00211122585461, 0.000328012392856, 0.00020861242956, -0.000917573808692], [-8.15307503217e-005, 0.00094915489899, -1.40069023473e-005, -0.00265975110233, -0.00418817438185, 0.0152702992782, -0.00566354580224, -0.00107912614476, 0.00242616119795, -0.00121399981435, -0.00342143583111, 0.00228306907229, -0.00141367584001], [-6.56694965073e-006, -0.000863710651174, -0.000898093858268, 0.000916590506677, 0.00099426752422, -0.00566354580224, 0.0119081372395, -0.00589487375692, -0.00165757024661, 0.0019341482548, 0.00137717300095, -0.0025913643185, 0.001329406281], [-9.47016087594e-006, -0.000353841867764, 0.000209144258406, 0.00125935138203, 0.00139401236083, -0.00107912614476, -0.00589487375692, 0.0159454476088, -0.00756876077503, 0.000100204975752, 0.00136396347079, -0.00253209727816, 0.00160002312623], [7.4137642514e-005, -6.58308490529e-005, 2.99403818644e-005, -0.00156595685985, -0.000478326692246, 0.00242616119795, -0.00165757024661, -0.00756876077503, 0.0213083084673, -0.0104568144307, -0.00240378919989, 0.00343451485969, -0.00189517950639], [4.66557321488e-005, 0.000238767184783, 0.00071907317033, -0.000856796395965, -0.00211122585461, -0.00121399981435, 0.0019341482548, 0.000100204975752, -0.0104568144307, 0.0237704198807, -0.0101120145991, 0.000969234213699, 0.00211122143082], [-0.000198803580133, -0.000552710960619, 0.000349479756551, 0.00138058327138, 0.000328012392856, -0.00342143583111, 0.00137717300095, 0.00136396347079, -0.00240378919989, -0.0101120145991, 0.0278403945267, -0.0157128702849, 0.00497294683009], [-0.000295454490697, 0.000278404710116, -0.00065223017009, 0.00122117367573, 0.00020861242956, 0.00228306907229, -0.0025913643185, -0.00253209727816, 0.00343451485969, 0.000969234213699, -0.0157128702849, 0.0336307100952, -0.0151583533734], [0.00027130448143, 0.000356835807906, 0.0012769283494, -0.0020434432663, -0.000917573808692, -0.00141367584001, 0.001329406281, 0.00160002312623, -0.00189517950639, 0.00211122143082, 0.00497294683009, -0.0151583533734, 0.0202378164977]]
    sccoeffs:
        dmean: [0.0567707493901, 0.0513064973056, 0.0398869663477, 0.029305703938, 0.0205953978002, 0.0191948842257]
        dmean2: [0.0937794074416, 0.0856595635414, 0.0657469555736, 0.0488796159625, 0.0345502719283, 0.0316523276269]
        dvar: [0.00215043500066, 0.0017807923723, 0.0010151170427, 0.000558423693292, 0.000264329923084, 0.000288418261334]
        dvar2: [0.00587942730635, 0.00474698888138, 0.0027681614738, 0.00149633514229, 0.000738902774174, 0.000745027617086]
        max: [-0.265431731939, -0.481071561575, -0.530333280563, -0.608911633492, -0.666747510433, -0.620573937893]
        mean: [-0.652702271938, -0.760044872761, -0.774993062019, -0.794328510761, -0.799894630909, -0.752530992031]
        median: [-0.657479703426, -0.76726269722, -0.782730877399, -0.79786670208, -0.800304055214, -0.751484751701]
        min: [-0.9698138237, -0.980961441994, -0.9684035182, -0.96456360817, -0.960556328297, -0.964353263378]
        var: [0.00605345098302, 0.00432593608275, 0.00405734311789, 0.00196561124176, 0.000894125900231, 0.00107395462692]
    scvalleys:
        dmean: [0.448089748621, 0.402923285961, 0.301258951426, 0.253404051065, 0.218239679933, 0.281997472048]
        dmean2: [0.741582632065, 0.665460109711, 0.484058022499, 0.409168124199, 0.36492061615, 0.450880885124]
        dvar: [0.198989897966, 0.169635504484, 0.103756308556, 0.0904795378447, 0.090418741107, 0.140932768583]
        dvar2: [0.43616989255, 0.385435223579, 0.182632952929, 0.149914368987, 0.159446135163, 0.295269280672]
        max: [-5.48124265671, -4.25465011597, -4.91841030121, -5.48605251312, -5.24875307083, -7.54754257202]
        mean: [-7.59501647949, -6.68788766861, -6.69910240173, -6.95286035538, -6.85117435455, -9.59420681]
        median: [-6.98534011841, -6.37145662308, -6.46357631683, -6.66921329498, -6.52066087723, -9.11550331116]
        min: [-27.7142314911, -27.633348465, -27.5528297424, -27.4947414398, -27.3997573853, -27.2760353088]
        var: [3.04822444916, 2.08314347267, 2.03300046921, 1.92076683044, 2.05103445053, 3.43539118767]

rhythm:
    beats_loudness:
        dmean: 0.00158024544362
        dmean2: 0.00272167287767
        dvar: 2.32655474974e-006
        dvar2: 6.7255095928e-006
        max: 0.0124983210117
        mean: 0.00576438615099
        median: 0.00623471103609
        min: 1.25093713166e-009
        var: 8.33369995235e-006
    bpm: 110.610031128
    bpm_confidence: 0
    first_peak_bpm: 110
    first_peak_spread: 0.555118083954
    first_peak_weight: 0.278325110674
    onset_rate: 2.89662432671
    second_peak_bpm: 144
    second_peak_spread: 0.626666665077
    second_peak_weight: 0.0689655169845
    beats_loudness_band_ratio:
        dmean: [0.0601843707263, 0.081724844873, 0.127780556679, 0.0933449715376, 0.11099293828, 0.0809603184462]
        dmean2: [0.106026351452, 0.145063996315, 0.216100558639, 0.156860277057, 0.185497671366, 0.14570620656]
        dvar: [0.00480001699179, 0.00740461284295, 0.0156452450901, 0.00702975690365, 0.0102434158325, 0.00702398037538]
        dvar2: [0.013463226147, 0.0212937928736, 0.0445975586772, 0.019219622016, 0.0287802312523, 0.0207530483603]
        max: [0.982851207256, 0.651521801949, 0.859568715096, 0.588851034641, 0.712425410748, 0.762040257454]
        mean: [0.127460569143, 0.0924288779497, 0.219834595919, 0.164765790105, 0.264200747013, 0.181970968843]
        median: [0.0825126096606, 0.0680445805192, 0.185655742884, 0.149373695254, 0.230547577143, 0.171928748488]
        min: [9.71844292508e-006, 0.000163648379385, 0.0053380317986, 0.00155408203136, 0.00145127403084, 0.000550397962797]
        var: [0.0339547172189, 0.00765262171626, 0.0221107397228, 0.0113446945325, 0.0215692818165, 0.00894236285239]
    beats_position: [0.417959183455, 0.835918366909, 1.25387752056, 1.67183673382, 2.08979582787, 2.49614500999, 2.90249419212, 3.30884337425, 3.7151927948, 4.13315200806, 4.5627207756, 4.98067998886, 5.41024923325, 5.83981847763, 6.26938772202, 6.71056699753, 7.12852573395, 7.5464849472, 7.97605419159, 8.40562343597, 8.84680271149, 9.287981987, 9.71755123138, 10.1471195221, 10.5882987976, 11.0294780731, 11.4706573486, 11.8886165619, 12.3065757751, 12.7245349884, 13.1308841705, 13.5372333527, 13.9551925659, 14.361541748, 14.7678909302, 15.1742401123, 15.5805892944, 15.9985485077, 16.4165077209, 16.8228569031, 17.2292060852, 17.6471652985, 18.0419044495, 18.4482536316, 18.8546028137, 19.272562027, 19.7137413025, 20.1433105469, 20.5844898224, 21.0140590668, 21.43201828, 21.8383674622, 22.2447166443, 22.6626758575, 23.0690250397, 23.4753742218, 23.8933334351, 24.3112926483, 24.7176418304, 25.1356010437, 25.5419502258, 25.9599094391, 26.3662586212, 26.7726078033, 27.1789569855, 27.5969161987, 28.0032653809, 28.4328346252, 28.8624038696, 29.3151912689, 29.7447605133, 30.1627197266, 30.5806789398, 30.9986381531, 31.4049873352, 31.8113365173, 32.2292976379, 32.7749671936, 33.3206329346, 33.8546943665, 34.4003639221, 34.9460296631, 35.4916992188, 36.0489807129, 36.5946464539, 37.1403160095, 37.6859855652, 38.2316551208, 38.765712738, 39.3113822937, 39.8570518494, 40.3911094666, 40.9367790222, 41.4824485779, 42.0281181335, 42.585395813, 43.1310653687, 43.6767349243, 44.22240448, 44.7564620972, 45.3021316528, 45.8478012085, 46.3934669495, 46.9391365051, 47.4848060608, 48.0420837402, 48.5993652344, 49.1682548523, 49.7371406555, 50.3060302734, 50.8633079529, 51.4321975708, 51.9894790649, 52.5467567444, 53.1040344238, 53.661315918, 54.2185935974, 54.7758712769, 55.333152771, 55.8904304504, 56.4709281921, 57.0514259338, 57.6319274902, 58.2124252319, 58.7929229736, 59.3618125916, 59.9307022095, 60.5111999512, 61.0684814453, 61.6257591248, 62.1830368042, 62.7403144836, 63.2975959778, 63.8548736572, 64.4121551514, 64.9694290161, 65.5267105103, 66.0839920044, 66.6412658691, 67.1985473633, 67.7558288574, 68.3131027222, 68.8703842163, 69.4276657104, 69.9733352661, 70.5306091309, 71.0762786865, 71.6103363037, 72.1444015503, 72.6784591675, 73.2125167847, 73.7465744019, 74.280632019, 74.8146896362, 75.3487548828, 75.8828125, 76.4168701172, 76.9393157959, 77.461769104, 77.9958267212, 78.5298843384, 79.0639419556, 79.5979995728, 80.1320648193, 80.6661224365, 81.2001800537, 81.7342376709, 82.256690979, 82.7791366577, 83.3131942749, 83.8472518921, 84.3813171387, 84.9153747559, 85.4378204346, 85.9602737427, 86.4943313599, 87.0283889771, 87.5624465942, 88.0965042114, 88.6305618286, 89.1762313843, 89.7335128784, 90.2907943726, 90.8596801758, 91.4053497314, 91.9626312256, 92.5315170288, 93.100402832, 93.6692962646, 94.2265777588, 94.7838516235, 95.3411331177, 95.8984146118, 96.4556884766, 97.0013580322, 97.5470275879, 98.0926971436, 98.6383666992, 99.1840362549, 99.7297058105, 100.275375366, 100.821044922, 101.355102539, 101.900772095, 102.44644165, 102.992103577, 103.537773132, 104.083442688, 104.629112244, 105.174781799, 105.720451355, 106.266120911, 106.811790466, 107.357460022, 107.903129578, 108.448799133, 108.994468689, 109.540130615, 110.085800171, 110.631469727, 111.177139282, 111.711196899, 112.256866455, 112.802536011, 113.359817505, 113.917098999, 114.451156616, 114.996826172, 115.542495728, 116.088157654, 116.633827209, 117.179496765, 117.725166321, 118.270835876, 118.816505432, 119.362174988, 119.907844543, 120.453514099, 120.999183655, 121.54485321, 122.090522766, 122.636184692, 123.158638, 123.704307556, 124.249977112, 124.795646667, 125.341316223, 125.886978149, 126.432647705, 126.989929199, 127.547210693, 128.092880249, 128.638549805, 129.18421936, 129.729888916, 130.275558472, 130.821228027, 131.366897583, 131.889343262, 132.435012817, 132.980682373, 133.537963867, 134.083618164, 134.62928772, 135.174957275, 135.73223877, 136.277908325, 136.811965942, 137.357635498, 137.903305054, 138.448974609, 138.994644165, 139.540313721, 140.085983276, 140.631652832, 141.177322388, 141.711380005, 142.268661499, 142.814331055, 143.36000061, 143.894058228, 144.439727783, 144.997009277, 145.542678833, 146.088348389, 146.622406006, 147.168075562, 147.725341797, 148.271011353, 148.816680908, 149.362350464, 149.90802002, 150.453689575, 150.999359131, 151.545028687, 152.079086304, 152.624755859, 153.170425415, 153.716094971, 154.273376465, 154.830657959, 155.387939453, 155.933609009, 156.467666626, 157.001724243, 157.524169922, 158.035003662, 158.545852661, 159.06829834, 159.590744019, 160.124801636, 160.658859253, 161.19291687, 161.715377808, 162.249435425, 162.771881104, 163.305938721, 163.839996338, 164.374053955, 164.908111572, 165.442169189, 165.964630127, 166.487075806, 167.021133423, 167.55519104, 168.089248657, 168.623306274, 169.157363892, 169.691421509, 170.225479126, 170.747940063, 171.270385742, 171.804443359, 172.338500977, 172.872558594, 173.406616211, 173.940673828, 174.463119507, 174.985580444, 175.519638062, 176.053695679, 176.587753296, 177.121810913, 177.65586853, 178.189926147, 178.712371826, 179.246429443, 179.768890381, 180.302947998, 180.837005615, 181.371063232, 181.90512085, 182.427566528, 182.950012207, 183.484085083, 184.0181427, 184.552200317, 185.086257935, 185.620315552, 186.154373169, 186.688430786, 187.210876465, 187.733337402, 188.26739502, 188.801452637, 189.335510254, 189.869567871, 190.39201355, 190.914459229, 191.448516846, 191.982574463, 192.516647339, 193.050704956, 193.584762573, 194.11882019, 194.652877808, 195.128890991, 195.593276978, 196.069290161, 196.487258911, 196.916824341, 197.346389771, 197.799179077, 198.251968384, 198.70475769, 199.13432312, 199.563903809, 199.993469238, 200.423034668, 200.933868408, 201.444717407, 201.955551147, 202.454788208, 202.965621948, 203.476455688, 203.964080811, 204.451690674, 204.939315796, 205.368881226, 205.810058594, 206.251235962, 206.68081665, 207.121994019, 207.563171387, 208.004348755, 208.445526123, 208.886703491]
