
metadata:
    version:
        essentia: "2.1-beta2"
    audio_properties:
        analysis_sample_rate: 44100
        bitrate: 290
        channels: 2
        equal_loudness: 1
        length: 230.948577881
        replay_gain: -16.4911422729
        downmix: "mix"
    tags:
        album: "Fight The Silence"
        artist: "For Today"
        comment: ""
        date: "2014;ATE"
        genre: "Metal"
        title: "Pariah"
        tracknumber: "3/12"

configuration:
    average_loudness:
        compute: 1
        frameSize: 88200
        hopSize: 44100
        silentFrames: "noise"
        windowType: "hann"
    general:
        analysisSampleRate: 44100
        endTime: 2000
        equalLoudness: 1
        nequalLoudness: 0
        shortSound: 0
        startTime: 0
    lowlevel:
        compute: 1
        frameSize: 2048
        hopSize: 1024
        zeroPadding: 0
        silentFrames: "noise"
        windowType: "blackmanharris62"
        mfccStats: ["mean", "cov", "icov"]
        stats: ["mean", "var", "median", "min", "max", "dmean", "dmean2", "dvar", "dvar2"]
    panning:
        compute: 0
        frameSize: 8192
        hopSize: 2048
        zeroPadding: 8192
        silentFrames: "noise"
        windowType: "hann"
        stats: ["copy"]
    rhythm:
        compute: 1
        maxTempo: 208
        minTempo: 40
        method: "degara"
        stats: ["mean", "var", "median", "min", "max", "dmean", "dmean2", "dvar", "dvar2"]
    segmentation:
        compute: 0
        cpw: 5
        inc1: 300
        inc2: 50
        minimumSegmentsLength: 10
        size1: 1000
        size2: 600
    sfx:
        compute: 1
        stats: ["mean", "var", "median", "min", "max", "dmean", "dmean2", "dvar", "dvar2"]
    svm:
        compute: 0
    tonal:
        compute: 1
        frameSize: 4096
        hopSize: 2048
        zeroPadding: 0
        silentFrames: "noise"
        windowType: "blackmanharris62"
        stats: ["mean", "var", "median", "min", "max", "dmean", "dmean2", "dvar", "dvar2"]

lowlevel:
    average_loudness: 0.954178571701
    barkbands_kurtosis:
        dmean: 0.829617381096
        dmean2: 1.33563160896
        dvar: 26.5043411255
        dvar2: 47.4677276611
        max: 390.146484375
        mean: -0.192992597818
        median: -0.958236575127
        min: -1.84191989899
        var: 54.8254737854
    barkbands_skewness:
        dmean: 0.380788981915
        dmean2: 0.620328009129
        dvar: 0.13622944057
        dvar2: 0.319873660803
        max: 13.3495340347
        mean: -0.0903026536107
        median: -0.137995436788
        min: -2.9424533844
        var: 0.585473001003
    barkbands_spread:
        dmean: 4.59455156326
        dmean2: 7.4385676384
        dvar: 19.8703613281
        dvar2: 49.2967643738
        max: 73.6022415161
        mean: 26.8173542023
        median: 26.9068183899
        min: 0.097344622016
        var: 109.769477844
    dissonance:
        dmean: 0.0147470775992
        dmean2: 0.0255106911063
        dvar: 0.000446983292932
        dvar2: 0.00129825493786
        max: 0.500000119209
        mean: 0.472242534161
        median: 0.486901700497
        min: 0.0360496975482
        var: 0.0029447118286
    hfc:
        dmean: 2.92388963699
        dmean2: 4.9237947464
        dvar: 13.0096178055
        dvar2: 33.5350952148
        max: 58.1837730408
        mean: 11.2430620193
        median: 11.3498296738
        min: 1.16097432715e-016
        var: 35.4915237427
    pitch:
        dmean: 700.468811035
        dmean2: 1319.01025391
        dvar: 1245066.75
        dvar2: 3069343
        max: 4781.13671875
        mean: 1164.55371094
        median: 573.130615234
        min: 76.3708496094
        var: 1818328.375
    pitch_instantaneous_confidence:
        dmean: 0.0755930840969
        dmean2: 0.126816138625
        dvar: 0.00429654680192
        dvar2: 0.0114839849994
        max: 0.938592970371
        mean: 0.335113018751
        median: 0.288429558277
        min: 0.123930335045
        var: 0.0247086826712
    pitch_salience:
        dmean: 0.059328995645
        dmean2: 0.100823290646
        dvar: 0.00263053039089
        dvar2: 0.00736102694646
        max: 0.934764206409
        mean: 0.703189730644
        median: 0.717998445034
        min: 0.135187655687
        var: 0.00571854272857
    silence_rate_20dB:
        dmean: 0
        dmean2: 0
        dvar: 0
        dvar2: 0
        max: 1
        mean: 1
        median: 1
        min: 1
        var: 0
    silence_rate_30dB:
        dmean: 0
        dmean2: 0
        dvar: 0
        dvar2: 0
        max: 1
        mean: 1
        median: 1
        min: 1
        var: 0
    silence_rate_60dB:
        dmean: 0.0365939475596
        dmean2: 0.0731952562928
        dvar: 0.0352573655546
        dvar2: 0.0797096341848
        max: 1
        mean: 0.145255327225
        median: 0
        min: 0
        var: 0.124171875417
    spectral_centroid:
        dmean: 266.589019775
        dmean2: 432.113220215
        dvar: 81419.1953125
        dvar2: 171522.484375
        max: 11019.7978516
        mean: 1819.6706543
        median: 1829.34692383
        min: 231.598953247
        var: 355170.6875
    spectral_complexity:
        dmean: 4.69629049301
        dmean2: 7.69575691223
        dvar: 18.5549449921
        dvar2: 47.6789283752
        max: 53
        mean: 23.1653594971
        median: 25
        min: 0
        var: 108.239585876
    spectral_crest:
        dmean: 2.01658940315
        dmean2: 3.47701406479
        dvar: 3.71773052216
        dvar2: 10.5522918701
        max: 26.3126277924
        mean: 6.39421081543
        median: 5.38611984253
        min: 2.24897074699
        var: 10.6613435745
    spectral_decrease:
        dmean: 2.52758397545e-010
        dmean2: 4.1369152548e-010
        dvar: 8.68448265572e-020
        dvar2: 2.2208478543e-019
        max: -3.25609362256e-029
        mean: -1.29532518045e-009
        median: -1.38726830023e-009
        min: -4.54519444304e-009
        var: 3.42488083869e-019
    spectral_energy:
        dmean: 0.00116426951718
        dmean2: 0.00191637070384
        dvar: 1.84722978247e-006
        dvar2: 4.75614797324e-006
        max: 0.0193075761199
        mean: 0.00590861588717
        median: 0.00628914497793
        min: 1.06532679948e-020
        var: 7.11892471372e-006
    spectral_energyband_high:
        dmean: 0.000257089210209
        dmean2: 0.00044112894102
        dvar: 1.31817841975e-007
        dvar2: 3.36215123298e-007
        max: 0.00450042122975
        mean: 0.000551090051886
        median: 0.000449138256954
        min: 7.77464957475e-021
        var: 2.22429562768e-007
    spectral_energyband_low:
        dmean: 0.000181502720807
        dmean2: 0.000308302463964
        dvar: 4.63706157916e-008
        dvar2: 1.25746254298e-007
        max: 0.00351185491309
        mean: 0.000310707255267
        median: 0.000254361366387
        min: 3.33462454026e-023
        var: 8.26429200629e-008
    spectral_energyband_middle_high:
        dmean: 0.000821113993879
        dmean2: 0.00133733334951
        dvar: 7.42680128951e-007
        dvar2: 1.9210156097e-006
        max: 0.0158140026033
        mean: 0.0033539372962
        median: 0.00336611177772
        min: 1.57678911179e-021
        var: 3.31616752192e-006
    spectral_energyband_middle_low:
        dmean: 0.000721332267858
        dmean2: 0.00119478441775
        dvar: 7.56963970616e-007
        dvar2: 2.03525610232e-006
        max: 0.0130450660363
        mean: 0.00181558495387
        median: 0.00160344853066
        min: 3.77996144926e-022
        var: 1.50886853589e-006
    spectral_flatness_db:
        dmean: 0.0142894275486
        dmean2: 0.0232900884002
        dvar: 0.00019813264953
        dvar2: 0.000509284785949
        max: 0.692403435707
        mean: 0.15695220232
        median: 0.131921216846
        min: 0.0606076642871
        var: 0.00711424415931
    spectral_flux:
        dmean: 0.00668507022783
        dmean2: 0.010265047662
        dvar: 4.56536836282e-005
        dvar2: 9.49258028413e-005
        max: 0.112175956368
        mean: 0.0489338338375
        median: 0.051887691021
        min: 1.0321467292e-010
        var: 0.000282218767097
    spectral_kurtosis:
        dmean: 4.32565784454
        dmean2: 7.54306077957
        dvar: 505.615905762
        dvar2: 1577.91711426
        max: 896.750183105
        mean: 14.9801502228
        median: 3.11027240753
        min: -1.23086333275
        var: 3903.88623047
    spectral_rms:
        dmean: 0.000232015547226
        dmean2: 0.000375093251932
        dvar: 6.00272684892e-008
        dvar2: 1.4541583937e-007
        max: 0.00434012198821
        mean: 0.00230018235743
        median: 0.00247704493813
        min: 3.22388470086e-012
        var: 4.73686981195e-007
    spectral_rolloff:
        dmean: 330.031799316
        dmean2: 541.176940918
        dvar: 159984.6875
        dvar2: 336573.9375
        max: 18906.1523438
        mean: 3283.30932617
        median: 3445.3125
        min: 236.865234375
        var: 882260.1875
    spectral_skewness:
        dmean: 0.254786729813
        dmean2: 0.421043276787
        dvar: 0.328040093184
        dvar2: 0.945399284363
        max: 25.0757293701
        mean: 1.87363195419
        median: 1.37121605873
        min: 0.013627528213
        var: 5.70034694672
    spectral_spread:
        dmean: 456386.0625
        dmean2: 691724.125
        dvar: 410279247872
        dvar2: 639237095424
        max: 40914840
        mean: 4394415.5
        median: 4452760
        min: 122558.53125
        var: 2.12218531021e+012
    spectral_strongpeak:
        dmean: 0.43770262599
        dmean2: 0.760827600956
        dvar: 0.317993760109
        dvar2: 0.838339745998
        max: 6.94489049911
        mean: 0.605370402336
        median: 0.430889904499
        min: 3.19808890481e-009
        var: 0.422213286161
    zerocrossingrate:
        dmean: 0.00756283709779
        dmean2: 0.0091895647347
        dvar: 9.44948988035e-005
        dvar2: 0.000104592269054
        max: 0.5087890625
        mean: 0.0986691340804
        median: 0.10009765625
        min: 0.0107421875
        var: 0.000865176843945
    barkbands:
        dmean: [5.45385816508e-008, 5.39372013009e-005, 0.000132908317028, 9.05972192413e-005, 0.000174637127202, 0.000189712780411, 0.000209476493183, 0.000217285254621, 0.000338182086125, 0.00020573582151, 0.000138598188641, 0.000146445585415, 0.000119094765978, 0.000118257594295, 8.8106819021e-005, 0.000172686195583, 0.000219399604248, 0.000213178922422, 0.000254663056694, 0.00022687324963, 0.00012455934484, 4.39971809101e-005, 1.05167409856e-005, 4.41130941908e-006, 2.07713810596e-006, 6.86104684178e-008, 4.58632604117e-010]
        dmean2: [8.82685924353e-008, 9.24893756746e-005, 0.000224984323722, 0.000158137161634, 0.000302631669911, 0.00032008314156, 0.000347652705386, 0.000369634130038, 0.000558728876058, 0.000347036577296, 0.000233696278883, 0.000240137276705, 0.000197313114768, 0.000194940395886, 0.000146363832755, 0.000292094948236, 0.000363859173376, 0.00036050460767, 0.000433237000834, 0.000385509047192, 0.000214087951463, 7.67565943534e-005, 1.72106902028e-005, 6.8651465881e-006, 3.27280122292e-006, 1.12614614522e-007, 8.26135826415e-010]
        dvar: [1.60434121907e-014, 4.61287008591e-009, 2.80798122532e-008, 1.58725086408e-008, 1.46841742321e-007, 1.31637818868e-007, 1.6115058088e-007, 1.24109234889e-007, 2.29614229852e-007, 1.01282466858e-007, 5.28436920888e-008, 5.77851153594e-008, 3.52820315186e-008, 3.1136231371e-008, 1.69079434897e-008, 5.70021754243e-008, 9.99011788849e-008, 6.78143834421e-008, 1.02500500532e-007, 1.08323476411e-007, 2.87612760275e-008, 4.62520555189e-009, 2.57939225534e-010, 6.05848496371e-011, 1.43015677426e-011, 1.91463208813e-014, 1.11735598503e-018]
        dvar2: [3.8671472166e-014, 1.32740822778e-008, 7.58423723823e-008, 4.39287397569e-008, 4.1782078597e-007, 3.35092181558e-007, 4.11187897953e-007, 3.46366050508e-007, 6.27584313406e-007, 2.86631035351e-007, 1.44898578469e-007, 1.48377793607e-007, 9.32476282856e-008, 8.02717394777e-008, 4.21622985414e-008, 1.53144100068e-007, 2.47347827553e-007, 1.79279410872e-007, 2.75496716995e-007, 2.73563870223e-007, 7.58468985396e-008, 1.22822125803e-008, 5.95684834792e-010, 1.22681267922e-010, 3.05486191898e-011, 4.53022663057e-014, 3.23731670422e-018]
        max: [8.91501349543e-006, 0.00067008001497, 0.00307507556863, 0.00161799881607, 0.00533165363595, 0.00399682484567, 0.00537732569501, 0.00593853974715, 0.00507800513878, 0.00398360099643, 0.00298272864893, 0.0037131162826, 0.00327428872697, 0.00267384806648, 0.0025585219264, 0.00444070156664, 0.00786104798317, 0.00492697069421, 0.00556183978915, 0.00498689338565, 0.00247661094181, 0.00109826587141, 0.000282300577965, 0.000110552202386, 5.46849587408e-005, 2.66435313279e-006, 2.36123671726e-008]
        mean: [2.01746843231e-007, 7.82046263339e-005, 0.000180792398169, 0.000108154054033, 0.000218016342842, 0.000233315106016, 0.00026410119608, 0.000297110527754, 0.000576305901632, 0.00033099410939, 0.000218358080019, 0.000243543501711, 0.000198135399842, 0.000208016179386, 0.000161882868269, 0.000329374510329, 0.000430905813118, 0.000440090836491, 0.000583142158575, 0.000465889897896, 0.000236259220401, 7.30821557227e-005, 2.00574158953e-005, 8.73633416631e-006, 3.84803979614e-006, 1.04873080886e-007, 5.12706765932e-010]
        median: [2.53480720858e-008, 5.54658872716e-005, 0.000118321142509, 6.33675663266e-005, 0.00012073473772, 0.000116032839287, 0.000123016827274, 0.000145733240061, 0.000285229180008, 0.000162564538186, 0.000101179073681, 0.00011971861386, 0.000107552543341, 0.000128641258925, 0.000110408771434, 0.000254299520748, 0.000329661357682, 0.000356062897481, 0.000524229835719, 0.000390108238207, 0.000189620652236, 5.0773480325e-005, 1.35823956953e-005, 5.42464113096e-006, 2.23132906285e-006, 4.8773497241e-008, 2.76435180302e-010]
        min: [2.46155525776e-024, 2.27611804032e-023, 8.98054085089e-024, 2.66555405677e-023, 5.59961680192e-023, 2.92722647655e-023, 3.71767993416e-023, 8.13584500188e-023, 9.7823031029e-023, 1.60746514823e-022, 9.50967214296e-023, 5.36372593424e-023, 1.11704180927e-022, 6.85251787712e-023, 9.47997941849e-023, 1.15223712255e-022, 1.31251788127e-022, 2.61580141989e-022, 3.30149446484e-022, 3.32960643827e-022, 3.41712102627e-022, 5.81573401904e-022, 7.96927733729e-022, 1.00057441047e-021, 1.17763538922e-021, 1.47507285656e-021, 2.54053217458e-021]
        var: [6.76066461928e-013, 6.98196434001e-009, 4.31249596033e-008, 1.84443447182e-008, 1.20504353163e-007, 1.49264266724e-007, 1.80587406362e-007, 1.89221367464e-007, 5.04037643623e-007, 1.87746962865e-007, 9.04682764258e-008, 1.05406201101e-007, 5.88682738112e-008, 5.36176685273e-008, 3.22302007305e-008, 1.00217640409e-007, 1.91088489032e-007, 1.3743149907e-007, 1.77965063131e-007, 1.70287293599e-007, 4.34394316073e-008, 6.61643762001e-009, 5.63408542043e-010, 1.38802594418e-010, 2.91157341292e-011, 3.06879901265e-014, 8.18476552859e-019]
    frequency_bands:
        dmean: [5.45385816508e-008, 5.39372013009e-005, 0.000132908317028, 9.05972192413e-005, 0.000174637127202, 0.000189712780411, 0.000209476493183, 0.000217285254621, 0.000338182086125, 0.00020573582151, 0.000138598188641, 0.000146445585415, 0.000119094765978, 0.000118257594295, 8.8106819021e-005, 0.000172686195583, 0.000219399604248, 0.000213178922422, 0.000254663056694, 0.00022687324963, 0.00012455934484, 4.39971809101e-005, 1.05167409856e-005, 4.41130941908e-006, 2.07713810596e-006, 6.86104684178e-008, 4.58632604117e-010, 6.79707540252e-011]
        dmean2: [8.82685924353e-008, 9.24893756746e-005, 0.000224984323722, 0.000158137161634, 0.000302631669911, 0.00032008314156, 0.000347652705386, 0.000369634130038, 0.000558728876058, 0.000347036577296, 0.000233696278883, 0.000240137276705, 0.000197313114768, 0.000194940395886, 0.000146363832755, 0.000292094948236, 0.000363859173376, 0.00036050460767, 0.000433237000834, 0.000385509047192, 0.000214087951463, 7.67565943534e-005, 1.72106902028e-005, 6.8651465881e-006, 3.27280122292e-006, 1.12614614522e-007, 8.26135826415e-010, 1.26008550816e-010]
        dvar: [1.60434121907e-014, 4.61287008591e-009, 2.80798122532e-008, 1.58725086408e-008, 1.46841742321e-007, 1.31637818868e-007, 1.6115058088e-007, 1.24109234889e-007, 2.29614229852e-007, 1.01282466858e-007, 5.28436920888e-008, 5.77851153594e-008, 3.52820315186e-008, 3.1136231371e-008, 1.69079434897e-008, 5.70021754243e-008, 9.99011788849e-008, 6.78143834421e-008, 1.02500500532e-007, 1.08323476411e-007, 2.87612760275e-008, 4.62520555189e-009, 2.57939225534e-010, 6.05848496371e-011, 1.43015677426e-011, 1.91463208813e-014, 1.11735598503e-018, 8.78183809797e-021]
        dvar2: [3.8671472166e-014, 1.32740822778e-008, 7.58423723823e-008, 4.39287397569e-008, 4.1782078597e-007, 3.35092181558e-007, 4.11187897953e-007, 3.46366050508e-007, 6.27584313406e-007, 2.86631035351e-007, 1.44898578469e-007, 1.48377793607e-007, 9.32476282856e-008, 8.02717394777e-008, 4.21622985414e-008, 1.53144100068e-007, 2.47347827553e-007, 1.79279410872e-007, 2.75496716995e-007, 2.73563870223e-007, 7.58468985396e-008, 1.22822125803e-008, 5.95684834792e-010, 1.22681267922e-010, 3.05486191898e-011, 4.53022663057e-014, 3.23731670422e-018, 2.81824053612e-020]
        max: [8.91501349543e-006, 0.00067008001497, 0.00307507556863, 0.00161799881607, 0.00533165363595, 0.00399682484567, 0.00537732569501, 0.00593853974715, 0.00507800513878, 0.00398360099643, 0.00298272864893, 0.0037131162826, 0.00327428872697, 0.00267384806648, 0.0025585219264, 0.00444070156664, 0.00786104798317, 0.00492697069421, 0.00556183978915, 0.00498689338565, 0.00247661094181, 0.00109826587141, 0.000282300577965, 0.000110552202386, 5.46849587408e-005, 2.66435313279e-006, 2.36123671726e-008, 9.97132043601e-010]
        mean: [2.01746843231e-007, 7.82046263339e-005, 0.000180792398169, 0.000108154054033, 0.000218016342842, 0.000233315106016, 0.00026410119608, 0.000297110527754, 0.000576305901632, 0.00033099410939, 0.000218358080019, 0.000243543501711, 0.000198135399842, 0.000208016179386, 0.000161882868269, 0.000329374510329, 0.000430905813118, 0.000440090836491, 0.000583142158575, 0.000465889897896, 0.000236259220401, 7.30821557227e-005, 2.00574158953e-005, 8.73633416631e-006, 3.84803979614e-006, 1.04873080886e-007, 5.12706765932e-010, 5.30791070819e-011]
        median: [2.53480720858e-008, 5.54658872716e-005, 0.000118321142509, 6.33675663266e-005, 0.00012073473772, 0.000116032839287, 0.000123016827274, 0.000145733240061, 0.000285229180008, 0.000162564538186, 0.000101179073681, 0.00011971861386, 0.000107552543341, 0.000128641258925, 0.000110408771434, 0.000254299520748, 0.000329661357682, 0.000356062897481, 0.000524229835719, 0.000390108238207, 0.000189620652236, 5.0773480325e-005, 1.35823956953e-005, 5.42464113096e-006, 2.23132906285e-006, 4.8773497241e-008, 2.76435180302e-010, 1.98558981757e-011]
        min: [2.46155525776e-024, 2.27611804032e-023, 8.98054085089e-024, 2.66555405677e-023, 5.59961680192e-023, 2.92722647655e-023, 3.71767993416e-023, 8.13584500188e-023, 9.7823031029e-023, 1.60746514823e-022, 9.50967214296e-023, 5.36372593424e-023, 1.11704180927e-022, 6.85251787712e-023, 9.47997941849e-023, 1.15223712255e-022, 1.31251788127e-022, 2.61580141989e-022, 3.30149446484e-022, 3.32960643827e-022, 3.41712102627e-022, 5.81573401904e-022, 7.96927733729e-022, 1.00057441047e-021, 1.17763538922e-021, 1.47507285656e-021, 2.54053217458e-021, 6.21081676495e-022]
        var: [6.76066461928e-013, 6.98196434001e-009, 4.31249596033e-008, 1.84443447182e-008, 1.20504353163e-007, 1.49264266724e-007, 1.80587406362e-007, 1.89221367464e-007, 5.04037643623e-007, 1.87746962865e-007, 9.04682764258e-008, 1.05406201101e-007, 5.88682738112e-008, 5.36176685273e-008, 3.22302007305e-008, 1.00217640409e-007, 1.91088489032e-007, 1.3743149907e-007, 1.77965063131e-007, 1.70287293599e-007, 4.34394316073e-008, 6.61643762001e-009, 5.63408542043e-010, 1.38802594418e-010, 2.91157341292e-011, 3.06879901265e-014, 8.18476552859e-019, 7.16502877241e-021]
    mfcc:
        mean: [-689.729919434, 92.0466766357, -53.7750930786, 30.7640075684, -23.6460075378, -10.999247551, -3.28725457191, -2.03325653076, -0.621424078941, -1.09681510925, -2.75156188011, -1.7354619503, -3.60407948494]
        cov: [[9014.46484375, -572.953125, -1199.69885254, 1719.62182617, 251.083221436, 639.403564453, 695.159118652, 553.333740234, 372.274719238, 249.182189941, 185.760253906, 96.805229187, -31.2231788635], [-572.953125, 985.112487793, 88.1107711792, -164.757583618, 4.04404211044, -33.6933784485, -6.69003772736, -0.952122449875, 15.3473005295, -5.64433860779, 13.4977474213, 6.98089075089, 21.406206131], [-1199.69885254, 88.1107711792, 769.520935059, 6.58830976486, 89.4321060181, 18.8506946564, -33.2957611084, -42.0020294189, -18.9412441254, -9.28761386871, -21.098285675, -17.0702228546, 25.6380405426], [1719.62182617, -164.757583618, 6.58830976486, 823.633789063, 252.056732178, 271.154937744, 218.502487183, 144.552658081, 137.546356201, 114.108764648, 71.0151901245, 32.3121452332, 28.2049999237], [251.083221436, 4.04404211044, 89.4321060181, 252.056732178, 242.472000122, 150.634338379, 83.1947937012, 29.6393260956, 51.3622245789, 60.5428466797, 38.4441070557, 15.9606981277, 13.0308122635], [639.403564453, -33.6933784485, 18.8506946564, 271.154937744, 150.634338379, 223.859024048, 155.07723999, 90.1230621338, 66.0214920044, 50.411529541, 36.9744567871, 18.0564632416, 10.2281150818], [695.159118652, -6.69003772736, -33.2957611084, 218.502487183, 83.1947937012, 155.07723999, 254.383834839, 164.678634644, 89.7539215088, 35.9613723755, 19.5198078156, 19.660161972, -0.569678425789], [553.333740234, -0.952122449875, -42.0020294189, 144.552658081, 29.6393260956, 90.1230621338, 164.678634644, 186.134216309, 101.881813049, 39.3793907166, 24.8098602295, 16.3439044952, -9.18111133575], [372.274719238, 15.3473005295, -18.9412441254, 137.546356201, 51.3622245789, 66.0214920044, 89.7539215088, 101.881813049, 129.08883667, 75.1750259399, 43.4380645752, 13.121925354, -4.45446825027], [249.182189941, -5.64433860779, -9.28761386871, 114.108764648, 60.5428466797, 50.411529541, 35.9613723755, 39.3793907166, 75.1750259399, 105.317298889, 57.1642189026, 18.9502449036, 2.67053937912], [185.760253906, 13.4977474213, -21.098285675, 71.0151901245, 38.4441070557, 36.9744567871, 19.5198078156, 24.8098602295, 43.4380645752, 57.1642189026, 87.5168762207, 38.8765411377, 10.5706253052], [96.805229187, 6.98089075089, -17.0702228546, 32.3121452332, 15.9606981277, 18.0564632416, 19.660161972, 16.3439044952, 13.121925354, 18.9502449036, 38.8765411377, 63.3067588806, 34.4877510071], [-31.2231788635, 21.406206131, 25.6380405426, 28.2049999237, 13.0308122635, 10.2281150818, -0.569678425789, -9.18111133575, -4.45446825027, 2.67053937912, 10.5706253052, 34.4877510071, 68.4813690186]]
        icov: [[0.000329830276314, 2.06716795219e-005, 0.000450199586339, -0.00066117697861, 0.000434393732576, -0.000336906261509, -9.42785045481e-005, -0.000209337769775, 0.000103717909951, -4.51499508927e-005, -3.31167575496e-005, -0.000102727033664, 0.000251854362432], [2.06716795219e-005, 0.00112762406934, -6.97271098034e-005, 0.00035913681495, -0.000338345213095, 0.000215054140426, -0.00024005890009, 2.46628842433e-005, -0.000520535686519, 0.000369871209841, -0.000489146565087, 0.000346965680365, -0.000578806502745], [0.000450199586339, -6.97271098034e-005, 0.00208420981653, -0.00079427374294, -0.000248293683399, -0.000452320062323, 0.000187339814147, -0.000359816127457, 0.000142563570989, 8.09636403574e-005, 0.000243681075517, 0.00056883925572, -0.0004759436124], [-0.00066117697861, 0.00035913681495, -0.00079427374294, 0.00385240861215, -0.002192533575, -0.000683588499669, -0.000222261252929, 0.000142476448673, -0.000950928078964, -0.000394751405111, -0.000172610903974, 0.00087988312589, -0.0016294043744], [0.000434393732576, -0.000338345213095, -0.000248293683399, -0.002192533575, 0.00983081199229, -0.00531456572935, -0.000478801695863, 0.00263475440443, -0.000473953870824, -0.00219181412831, 0.00010553982429, -0.000981317250989, 0.00110473355744], [-0.000336906261509, 0.000215054140426, -0.000452320062323, -0.000683588499669, -0.00531456572935, 0.0136705394834, -0.00549734989181, 4.17939954787e-005, 0.000987467356026, 0.000144711739267, -0.00229148799554, 0.00172000331804, -0.00129449390806], [-9.42785045481e-005, -0.00024005890009, 0.000187339814147, -0.000222261252929, -0.000478801695863, -0.00549734989181, 0.0137292174622, -0.00937288627028, 0.00017081774422, 0.000929202826228, 0.00276027712971, -0.00204938650131, 0.000404134305427], [-0.000209337769775, 2.46628842433e-005, -0.000359816127457, 0.000142476448673, 0.00263475440443, 4.17939954787e-005, -0.00937288627028, 0.0191995855421, -0.0105549097061, 0.00272548361681, -1.39470417437e-008, -0.00253448751755, 0.00244489475153], [0.000103717909951, -0.000520535686519, 0.000142563570989, -0.000950928078964, -0.000473953870824, 0.000987467356026, 0.00017081774422, -0.0105549097061, 0.0237649921328, -0.0120730828494, -0.00167081237305, 0.00263212691061, 2.63136662397e-005], [-4.51499508927e-005, 0.000369871209841, 8.09636403574e-005, -0.000394751405111, -0.00219181412831, 0.000144711739267, 0.000929202826228, 0.00272548361681, -0.0120730828494, 0.0235187485814, -0.00956363230944, 0.00112000131048, -2.56333769357e-005], [-3.31167575496e-005, -0.000489146565087, 0.000243681075517, -0.000172610903974, 0.00010553982429, -0.00229148799554, 0.00276027712971, -1.39470417437e-008, -0.00167081237305, -0.00956363230944, 0.0250440258533, -0.0143766151741, 0.00410149525851], [-0.000102727033664, 0.000346965680365, 0.00056883925572, 0.00087988312589, -0.000981317250989, 0.00172000331804, -0.00204938650131, -0.00253448751755, 0.00263212691061, 0.00112000131048, -0.0143766151741, 0.0330282114446, -0.0154442433268], [0.000251854362432, -0.000578806502745, -0.0004759436124, -0.0016294043744, 0.00110473355744, -0.00129449390806, 0.000404134305427, 0.00244489475153, 2.63136662397e-005, -2.56333769357e-005, 0.00410149525851, -0.0154442433268, 0.0232092700899]]
    sccoeffs:
        dmean: [0.0572925917804, 0.0548450127244, 0.0411111861467, 0.0291738267988, 0.0199332479388, 0.0192876216024]
        dmean2: [0.09591832757, 0.0924397036433, 0.0697269439697, 0.0491666011512, 0.0337829329073, 0.0318052731454]
        dvar: [0.00200094957836, 0.00185997865628, 0.00106398004573, 0.000535227067303, 0.000247854186455, 0.000282847089693]
        dvar2: [0.00569680752233, 0.00524668674916, 0.00297902897, 0.00147630029824, 0.000694658083376, 0.000734184519388]
        max: [-0.266862303019, -0.458012282848, -0.566368281841, -0.583495497704, -0.687644600868, -0.620049893856]
        mean: [-0.652183115482, -0.751192629337, -0.781698465347, -0.79720467329, -0.799981415272, -0.76185542345]
        median: [-0.659388542175, -0.758552074432, -0.787317991257, -0.799657344818, -0.800331652164, -0.756469786167]
        min: [-0.939029574394, -0.976307451725, -0.966537714005, -0.970368683338, -0.965172290802, -0.962367534637]
        var: [0.00591657683253, 0.00445832079276, 0.00287920143455, 0.00143099378329, 0.00073938810965, 0.00162273400929]
    scvalleys:
        dmean: [0.425970941782, 0.36569994688, 0.291195869446, 0.237506508827, 0.200819611549, 0.291326761246]
        dmean2: [0.710803925991, 0.604205846786, 0.472210735083, 0.384511828423, 0.33142799139, 0.463984280825]
        dvar: [0.163752168417, 0.123281888664, 0.0823291167617, 0.0641717165709, 0.0584836862981, 0.136242344975]
        dvar2: [0.352583944798, 0.267275512218, 0.158041909337, 0.119047999382, 0.107326634228, 0.306725084782]
        max: [-5.4238524437, -4.50295972824, -4.71798181534, -5.44139051437, -5.3981962204, -7.49442148209]
        mean: [-7.53834295273, -6.34465646744, -6.4249958992, -6.86404371262, -6.8794465065, -9.49346637726]
        median: [-6.90584087372, -6.17868185043, -6.24404811859, -6.55233764648, -6.40974283218, -8.99423027039]
        min: [-27.9404850006, -27.4145336151, -27.2546195984, -27.0525074005, -27.0620193481, -27.1713485718]
        var: [2.80835223198, 0.877191483974, 1.15038919449, 1.52459096909, 2.69791960716, 3.36200547218]

rhythm:
    beats_loudness:
        dmean: 0.00147497327998
        dmean2: 0.00261995149776
        dvar: 1.70814575995e-006
        dvar2: 5.08880475536e-006
        max: 0.0131342466921
        mean: 0.00639089988545
        median: 0.00686434889212
        min: 3.10638021972e-008
        var: 5.90071158513e-006
    bpm: 119.912010193
    bpm_confidence: 0
    first_peak_bpm: 120
    first_peak_spread: 0.339622676373
    first_peak_weight: 0.367647051811
    onset_rate: 2.46375203133
    second_peak_bpm: 133
    second_peak_spread: 0.539007127285
    second_peak_weight: 0.136554628611
    beats_loudness_band_ratio:
        dmean: [0.0474132560194, 0.0877155289054, 0.140329062939, 0.0894171744585, 0.0996552705765, 0.0845485404134]
        dmean2: [0.083242982626, 0.154133960605, 0.24112842977, 0.149006038904, 0.173925831914, 0.149976491928]
        dvar: [0.00222254032269, 0.0101371062919, 0.0134432027116, 0.00569169130176, 0.00864774920046, 0.0098272068426]
        dvar2: [0.00611310312524, 0.0292632561177, 0.0370334871113, 0.014538324438, 0.0254305135459, 0.0274245813489]
        max: [0.386358171701, 0.893570780754, 0.896172344685, 0.603942871094, 0.764216542244, 0.798317313194]
        mean: [0.0743343830109, 0.0996930077672, 0.261778712273, 0.184842258692, 0.237603142858, 0.188071206212]
        median: [0.063868008554, 0.0601321198046, 0.232102319598, 0.159652754664, 0.22408811748, 0.178374633193]
        min: [5.60414737265e-005, 0.00209706323221, 0.00556236458942, 0.000143080513226, 5.90561285208e-006, 2.33644072978e-006]
        var: [0.00368673121557, 0.0135678388178, 0.0280989725143, 0.0122170858085, 0.013815689832, 0.011995319277]
    beats_position: [0.522448956966, 1.03328800201, 1.55573689938, 2.06657600403, 2.57741498947, 3.07664394379, 3.5758728981, 4.07510185242, 4.57433080673, 5.08516979218, 5.58439922333, 6.08362817764, 6.58285713196, 7.08208608627, 7.59292507172, 8.10376358032, 8.6146030426, 9.13705158234, 9.65950107574, 10.1819496155, 10.6927890778, 11.2036275864, 11.7144670486, 12.2253055573, 12.7361450195, 13.2469835281, 13.7578229904, 14.268661499, 14.7795009613, 15.2787294388, 15.7779588699, 16.2771873474, 16.7880268097, 17.2872562408, 17.786485672, 18.2857131958, 18.7733325958, 19.272562027, 19.7717914581, 20.2710208893, 20.7702484131, 21.2694778442, 21.7687072754, 22.2679367065, 22.7787742615, 23.2780036926, 23.7772331238, 24.2764625549, 24.7756919861, 25.286529541, 25.7857589722, 26.2849884033, 26.7842178345, 27.2834453583, 27.7942848206, 28.2819042206, 28.7811336517, 29.2803630829, 29.7912006378, 30.290430069, 30.7896595001, 31.2888889313, 31.776506424, 32.2757377625, 32.7865753174, 33.2858047485, 33.7850341797, 34.2842636108, 34.783493042, 35.2827186584, 35.7819480896, 36.2811775208, 36.7804069519, 37.2680282593, 37.7672538757, 38.2664833069, 38.765712738, 39.2649421692, 39.7757797241, 40.2750091553, 40.7742385864, 41.2734680176, 41.7726974487, 42.2603149414, 42.7479362488, 43.2587738037, 43.7696151733, 44.2688446045, 44.7680702209, 45.2789115906, 45.7781410217, 46.2773704529, 46.7765960693, 47.2758255005, 47.7750549316, 48.2742843628, 48.7735137939, 49.2727432251, 49.7719726563, 50.2712020874, 50.7704315186, 51.269657135, 51.7804985046, 52.2797279358, 52.7789573669, 53.2781867981, 53.7774124146, 54.2650337219, 54.7526512146, 55.2634925842, 55.7743301392, 56.2735595703, 56.7727890015, 57.2720184326, 57.7712478638, 58.2704734802, 58.7697029114, 59.2689323425, 59.7681617737, 60.2673912048, 60.766620636, 61.2774581909, 61.7766876221, 62.2759170532, 62.7751464844, 63.2743759155, 63.7736053467, 64.2844467163, 64.7836685181, 65.2945098877, 65.8053512573, 66.316192627, 66.8154220581, 67.3030395508, 67.7906570435, 68.2782745361, 68.8007278442, 69.3115615845, 69.8107910156, 70.2984085083, 70.7860336304, 71.2852630615, 71.7844848633, 72.2837142944, 72.7829437256, 73.2821731567, 73.7814025879, 74.280632019, 74.7798614502, 75.2790908813, 75.789932251, 76.3123779297, 76.8348312378, 77.3572769165, 77.8797302246, 78.3905639648, 78.9014053345, 79.4122467041, 79.9230804443, 80.4455337524, 80.9679794312, 81.5020370483, 82.012878418, 82.5121078491, 83.0113372803, 83.5221786499, 84.0330123901, 84.5438537598, 85.0430831909, 85.5307006836, 86.0299301147, 86.5291595459, 87.0283889771, 87.5160064697, 88.0036239624, 88.4912490845, 88.9788665771, 89.4780960083, 89.965713501, 90.4417190552, 90.9177322388, 91.393737793, 91.8697509766, 92.3457565308, 92.8101577759, 93.2861633301, 93.7621765137, 94.2265777588, 94.702583313, 95.1785888672, 95.6546020508, 96.130607605, 96.5950088501, 97.0710220337, 97.5470275879, 98.011428833, 98.4874343872, 98.9634475708, 99.439453125, 99.9154663086, 100.379859924, 100.844261169, 101.320266724, 101.796279907, 102.272285461, 102.748298645, 103.21269989, 103.688705444, 104.164710999, 104.629112244, 105.105125427, 105.569519043, 106.045532227, 106.509933472, 106.985939026, 107.438728333, 107.903129578, 108.367523193, 108.831924438, 109.296325684, 109.760726929, 110.225120544, 110.677909851, 111.130699158, 111.606712341, 112.071105957, 112.547119141, 113.011520386, 113.475914001, 113.940315247, 114.416320801, 114.869110107, 115.333511353, 115.797912598, 116.262313843, 116.726707458, 117.191108704, 117.655509949, 118.119903564, 118.58430481, 119.060317993, 119.536323547, 120.000724792, 120.476730347, 120.941131592, 121.417137146, 121.881538391, 122.334327698, 122.787117004, 123.25151825, 123.715919495, 124.18031311, 124.644714355, 125.109115601, 125.573509216, 126.026298523, 126.490699768, 126.955101013, 127.40789032, 127.883895874, 128.359909058, 128.835922241, 129.300308228, 129.764709473, 130.217498779, 130.670288086, 131.134689331, 131.599090576, 132.063491821, 132.516281128, 132.992294312, 133.456680298, 133.932693481, 134.385482788, 134.838272095, 135.291061401, 135.743850708, 136.185028076, 136.637817383, 137.090606689, 137.531784058, 137.972961426, 138.425750732, 138.878540039, 139.319732666, 139.760910034, 140.213699341, 140.654876709, 141.107666016, 141.560455322, 142.013244629, 142.454421997, 142.895599365, 143.336776733, 143.78956604, 144.242355347, 144.695144653, 145.14793396, 145.589111328, 146.041900635, 146.494689941, 146.93586731, 147.377044678, 147.818222046, 148.271011353, 148.723800659, 149.176589966, 149.629379272, 150.070556641, 150.523345947, 150.976135254, 151.428924561, 151.881713867, 152.334503174, 152.78729248, 153.228485107, 153.681274414, 154.134063721, 154.586837769, 155.039627075, 155.480819702, 155.933609009, 156.386398315, 156.839187622, 157.291976929, 157.744766235, 158.197555542, 158.650344849, 159.103118896, 159.544311523, 159.99710083, 160.449890137, 160.902679443, 161.35546875, 161.808258057, 162.261047363, 162.702224731, 163.1434021, 163.607803345, 164.072189331, 164.524978638, 164.977767944, 165.442169189, 165.906570435, 166.359359741, 166.812149048, 167.276550293, 167.740951538, 168.193740845, 168.646530151, 169.110931396, 169.563720703, 170.01651001, 170.480911255, 170.945297241, 171.409698486, 171.874099731, 172.338500977, 172.81451416, 173.290512085, 173.766525269, 174.242538452, 174.718551636, 175.194549561, 175.670562744, 176.158187866, 176.634185791, 177.121810913, 177.609436035, 178.097045898, 178.596282959, 179.095504761, 179.594741821, 180.093963623, 180.593200684, 181.092422485, 181.591659546, 182.090881348, 182.590103149, 183.08934021, 183.588562012, 184.087799072, 184.587020874, 185.086257935, 185.585479736, 186.096328735, 186.595550537, 187.106384277, 187.617233276, 188.10484314, 188.615692139, 189.103302002, 189.602539063, 190.101760864, 190.600997925, 191.100219727, 191.599456787, 192.098678589, 192.597915649, 193.097137451, 193.596374512, 194.095596313, 194.594833374, 195.094055176, 195.604888916, 196.104125977, 196.603347778, 197.102584839, 197.601806641, 198.101043701, 198.600265503, 199.099502563, 199.598724365, 200.086349487, 200.585571289, 201.096420288, 201.59564209, 202.09487915, 202.594100952, 203.104934692, 203.604171753, 204.103393555, 204.602630615, 205.101852417, 205.601089478, 206.100311279, 206.59954834, 207.098770142, 207.598007202, 208.097229004, 208.596466064, 209.095687866, 209.583312988, 210.08253479, 210.581771851, 211.092605591, 211.603439331, 212.11428833, 212.613510132, 213.112747192, 213.600357056, 214.099594116, 214.598815918, 215.098052979, 215.59727478, 216.084899902, 216.572509766, 217.083358765, 217.594192505, 218.105026245, 218.604263306, 219.103485107, 219.591110229, 220.10194397, 220.60118103, 221.100402832, 221.599639893, 222.098861694, 222.598098755, 223.097320557, 223.596542358, 224.095779419, 224.595001221, 225.094238281, 225.605072021, 225.988204956, 226.382949829, 226.777679443, 227.184036255, 227.578765869, 227.973510742, 228.368255615, 228.762985229, 229.157730103, 229.552474976, 229.958816528, 230.353561401]
