
metadata:
    version:
        essentia: "2.1-beta2"
    audio_properties:
        analysis_sample_rate: 44100
        bitrate: 287
        channels: 2
        equal_loudness: 1
        length: 226.638366699
        replay_gain: -16.4890880585
        downmix: "mix"
    tags:
        album: "Fight The Silence"
        artist: "For Today"
        comment: ""
        date: "2014;ATE"
        genre: "Metal"
        title: "A Call To Arms"
        tracknumber: "6/12"

configuration:
    average_loudness:
        compute: 1
        frameSize: 88200
        hopSize: 44100
        silentFrames: "noise"
        windowType: "hann"
    general:
        analysisSampleRate: 44100
        endTime: 2000
        equalLoudness: 1
        nequalLoudness: 0
        shortSound: 0
        startTime: 0
    lowlevel:
        compute: 1
        frameSize: 2048
        hopSize: 1024
        zeroPadding: 0
        silentFrames: "noise"
        windowType: "blackmanharris62"
        mfccStats: ["mean", "cov", "icov"]
        stats: ["mean", "var", "median", "min", "max", "dmean", "dmean2", "dvar", "dvar2"]
    panning:
        compute: 0
        frameSize: 8192
        hopSize: 2048
        zeroPadding: 8192
        silentFrames: "noise"
        windowType: "hann"
        stats: ["copy"]
    rhythm:
        compute: 1
        maxTempo: 208
        minTempo: 40
        method: "degara"
        stats: ["mean", "var", "median", "min", "max", "dmean", "dmean2", "dvar", "dvar2"]
    segmentation:
        compute: 0
        cpw: 5
        inc1: 300
        inc2: 50
        minimumSegmentsLength: 10
        size1: 1000
        size2: 600
    sfx:
        compute: 1
        stats: ["mean", "var", "median", "min", "max", "dmean", "dmean2", "dvar", "dvar2"]
    svm:
        compute: 0
    tonal:
        compute: 1
        frameSize: 4096
        hopSize: 2048
        zeroPadding: 0
        silentFrames: "noise"
        windowType: "blackmanharris62"
        stats: ["mean", "var", "median", "min", "max", "dmean", "dmean2", "dvar", "dvar2"]

lowlevel:
    average_loudness: 0.953158855438
    barkbands_kurtosis:
        dmean: 0.705195784569
        dmean2: 1.10846662521
        dvar: 4.70995855331
        dvar2: 10.3016109467
        max: 270.455963135
        mean: 1.10509622097
        median: -0.958047270775
        min: -1.8697258234
        var: 201.481231689
    barkbands_skewness:
        dmean: 0.322997331619
        dmean2: 0.521439135075
        dvar: 0.0790592133999
        dvar2: 0.194533064961
        max: 14.2798986435
        mean: -0.0146244615316
        median: -0.248213380575
        min: -3.55644273758
        var: 1.70985364914
    barkbands_spread:
        dmean: 4.21272230148
        dmean2: 6.81868982315
        dvar: 15.055226326
        dvar2: 39.3800392151
        max: 61.6563072205
        mean: 27.2522697449
        median: 27.3604335785
        min: 0.438012689352
        var: 95.8472366333
    dissonance:
        dmean: 0.0109857972711
        dmean2: 0.0190654471517
        dvar: 0.000131436740048
        dvar2: 0.000365089974366
        max: 0.500000119209
        mean: 0.482909291983
        median: 0.488128423691
        min: 0.274377703667
        var: 0.000331854360411
    hfc:
        dmean: 2.95578479767
        dmean2: 5.0681014061
        dvar: 13.9038228989
        dvar2: 36.3383827209
        max: 46.5057754517
        mean: 11.3358507156
        median: 11.468044281
        min: 1.06636187191e-016
        var: 37.3587875366
    pitch:
        dmean: 753.089111328
        dmean2: 1425.62548828
        dvar: 1376769.5
        dvar2: 3402060
        max: 4452.01416016
        mean: 1207.30834961
        median: 459.459503174
        min: 66.4210205078
        var: 1985587
    pitch_instantaneous_confidence:
        dmean: 0.0699572786689
        dmean2: 0.117139533162
        dvar: 0.00357710104436
        dvar2: 0.00942409224808
        max: 0.868256032467
        mean: 0.309326082468
        median: 0.284585744143
        min: 0.108246028423
        var: 0.0128435082734
    pitch_salience:
        dmean: 0.0483303628862
        dmean2: 0.0810224413872
        dvar: 0.00167099921964
        dvar2: 0.00467953272164
        max: 0.963961422443
        mean: 0.698970198631
        median: 0.718561053276
        min: 0.0322430878878
        var: 0.00928832776845
    silence_rate_20dB:
        dmean: 0
        dmean2: 0
        dvar: 0
        dvar2: 0
        max: 1
        mean: 1
        median: 1
        min: 1
        var: 0
    silence_rate_30dB:
        dmean: 0
        dmean2: 0
        dvar: 0
        dvar2: 0
        max: 1
        mean: 1
        median: 1
        min: 1
        var: 0
    silence_rate_60dB:
        dmean: 0.0264317188412
        dmean2: 0.0528688542545
        dvar: 0.025735611096
        dvar2: 0.0627864524722
        max: 1
        mean: 0.167793482542
        median: 0
        min: 0
        var: 0.139635622501
    spectral_centroid:
        dmean: 243.694580078
        dmean2: 400.831298828
        dvar: 78190.578125
        dvar2: 169686.484375
        max: 11495.9824219
        mean: 1881.29199219
        median: 1912.5847168
        min: 169.390563965
        var: 571986.3125
    spectral_complexity:
        dmean: 4.45692062378
        dmean2: 7.3913936615
        dvar: 17.5908298492
        dvar2: 46.6734580994
        max: 48
        mean: 23.4366931915
        median: 25
        min: 0
        var: 110.47631073
    spectral_crest:
        dmean: 1.57099640369
        dmean2: 2.66504788399
        dvar: 2.2073431015
        dvar2: 6.19383239746
        max: 24.5699577332
        mean: 6.09763908386
        median: 5.03179931641
        min: 2.34349918365
        var: 11.6198282242
    spectral_decrease:
        dmean: 2.37894787203e-010
        dmean2: 3.92556070983e-010
        dvar: 8.10291458526e-020
        dvar2: 2.07644577154e-019
        max: 1.62279314522e-028
        mean: -1.23880394831e-009
        median: -1.32808519737e-009
        min: -3.73091246786e-009
        var: 3.6289636149e-019
    spectral_energy:
        dmean: 0.001119307708
        dmean2: 0.00186700746417
        dvar: 1.80372694558e-006
        dvar2: 4.64832783109e-006
        max: 0.016332205385
        mean: 0.00570372957736
        median: 0.00612063705921
        min: 1.00451488807e-020
        var: 7.64040032664e-006
    spectral_energyband_high:
        dmean: 0.000266571325483
        dmean2: 0.000468952785013
        dvar: 1.5241373319e-007
        dvar2: 3.93424784306e-007
        max: 0.00485682487488
        mean: 0.00055382080609
        median: 0.000450357736554
        min: 7.14485655146e-021
        var: 2.35566105289e-007
    spectral_energyband_low:
        dmean: 0.000155431989697
        dmean2: 0.000258069252595
        dvar: 3.89942726997e-008
        dvar2: 1.05834075725e-007
        max: 0.00259931129403
        mean: 0.000314152013743
        median: 0.00027551263338
        min: 2.85667769916e-023
        var: 8.01305475306e-008
    spectral_energyband_middle_high:
        dmean: 0.000777609588113
        dmean2: 0.00128555495758
        dvar: 7.01854617091e-007
        dvar2: 1.78391439931e-006
        max: 0.0131546454504
        mean: 0.00344100547954
        median: 0.003419815097
        min: 1.31616340315e-021
        var: 3.42146654475e-006
    spectral_energyband_middle_low:
        dmean: 0.000605672365054
        dmean2: 0.00100273359567
        dvar: 6.29191674761e-007
        dvar2: 1.66916015587e-006
        max: 0.00987195316702
        mean: 0.00155371520668
        median: 0.0013118267525
        min: 1.99888606493e-022
        var: 1.36584003485e-006
    spectral_flatness_db:
        dmean: 0.0115715619177
        dmean2: 0.0186387505382
        dvar: 0.000104904735053
        dvar2: 0.000249949720455
        max: 0.464651226997
        mean: 0.148523613811
        median: 0.131892204285
        min: 0.0582680255175
        var: 0.00311891385354
    spectral_flux:
        dmean: 0.00593558279797
        dmean2: 0.00923436786979
        dvar: 3.91688554373e-005
        dvar2: 7.91196143837e-005
        max: 0.0948782488704
        mean: 0.0465393103659
        median: 0.0501611530781
        min: 6.33460436883e-011
        var: 0.000328961905325
    spectral_kurtosis:
        dmean: 1.54058647156
        dmean2: 2.64594125748
        dvar: 14.6458034515
        dvar2: 45.2305603027
        max: 173.806915283
        mean: 5.65291595459
        median: 3.07273554802
        min: -1.24231755733
        var: 183.860305786
    spectral_rms:
        dmean: 0.000216795640881
        dmean2: 0.000357224373147
        dvar: 5.70524889554e-008
        dvar2: 1.43332300695e-007
        max: 0.00399172399193
        mean: 0.00223341514356
        median: 0.00244363513775
        min: 3.13051841394e-012
        var: 5.76505271965e-007
    spectral_rolloff:
        dmean: 278.494354248
        dmean2: 466.013824463
        dvar: 141872.984375
        dvar2: 290054.875
        max: 19444.4824219
        mean: 3376.22998047
        median: 3531.4453125
        min: 172.265625
        var: 1510114
    spectral_skewness:
        dmean: 0.182759270072
        dmean2: 0.307718455791
        dvar: 0.0542477294803
        dvar2: 0.163933306932
        max: 10.5220966339
        mean: 1.50603759289
        median: 1.33257424831
        min: -0.0959158763289
        var: 1.05526959896
    spectral_spread:
        dmean: 424158.8125
        dmean2: 654943.125
        dvar: 488949579776
        dvar2: 825064947712
        max: 41841120
        mean: 4477821.5
        median: 4409266
        min: 541457.25
        var: 4.94602027008e+012
    spectral_strongpeak:
        dmean: 0.426568627357
        dmean2: 0.744302213192
        dvar: 0.310534536839
        dvar2: 0.857307910919
        max: 6.44719743729
        mean: 0.573956370354
        median: 0.418185442686
        min: 0
        var: 0.354420810938
    zerocrossingrate:
        dmean: 0.00687890779227
        dmean2: 0.00858414452523
        dvar: 7.70178667153e-005
        dvar2: 8.99573497009e-005
        max: 0.51953125
        mean: 0.101849354804
        median: 0.10400390625
        min: 0.0068359375
        var: 0.00125749059953
    barkbands:
        dmean: [4.17977830125e-008, 4.38074566773e-005, 0.000107682259113, 8.90954615897e-005, 0.000164406825206, 0.000148181032273, 0.00018175689911, 0.00015014813107, 0.000276524457149, 0.000221299284021, 0.000119914686366, 0.000124863523524, 0.000109139626147, 0.000135944865178, 0.000100718163594, 0.000165066943737, 0.000184258780791, 0.000207707751542, 0.000263774942141, 0.00023570212943, 0.000130179527332, 4.67632999062e-005, 1.09058846647e-005, 4.0971422095e-006, 1.94522522179e-006, 6.96917652476e-008, 4.35471658733e-010]
        dmean2: [6.83156144987e-008, 7.50721810618e-005, 0.000179584894795, 0.000153380271513, 0.000287438801024, 0.000246223266004, 0.000305753084831, 0.000252616388025, 0.000466047495138, 0.000370435096556, 0.000201098708203, 0.000210075377254, 0.000183736003237, 0.00022624306439, 0.000167445483385, 0.000276513106655, 0.000307563546812, 0.000352656585164, 0.000451359781437, 0.000405009282986, 0.000231000201893, 8.3108592662e-005, 1.8375016225e-005, 6.55347184875e-006, 3.11391386276e-006, 1.14676595331e-007, 7.82547859846e-010]
        dvar: [1.06684282515e-014, 3.11575121259e-009, 2.10353157115e-008, 1.54824117971e-008, 1.27746147882e-007, 8.19284693421e-008, 1.39164228585e-007, 6.72900384302e-008, 1.830289591e-007, 1.21481335214e-007, 3.70211807876e-008, 3.88018470687e-008, 2.96126181354e-008, 3.90214012214e-008, 2.2588622528e-008, 4.16204208875e-008, 5.96059805957e-008, 6.6797959164e-008, 1.00345452836e-007, 1.18317728948e-007, 3.50659306037e-008, 5.59833601699e-009, 2.88156554173e-010, 4.93698415482e-011, 1.26608281151e-011, 2.14544534753e-014, 1.0797644519e-018]
        dvar2: [2.68140137915e-014, 8.86713369397e-009, 5.72987737257e-008, 4.28480895209e-008, 3.70744402289e-007, 2.02371381874e-007, 3.50219465872e-007, 1.75511800649e-007, 5.04374156662e-007, 3.37570440934e-007, 1.02945662661e-007, 1.04390814215e-007, 7.97226036298e-008, 1.01539782804e-007, 5.92521196552e-008, 1.11561050176e-007, 1.55663286705e-007, 1.78508827275e-007, 2.70083859277e-007, 2.89915220719e-007, 9.41894100492e-008, 1.54258348317e-008, 6.81208978115e-010, 1.01573298383e-010, 2.74701008468e-011, 4.80479676499e-014, 3.11205591688e-018]
        max: [8.37598508951e-006, 0.000599202699959, 0.00224913563579, 0.00134314852767, 0.00557675631717, 0.00476099224761, 0.00454922160134, 0.00452101323754, 0.00476228538901, 0.00465551251546, 0.00288587599061, 0.00330802006647, 0.00228813453577, 0.00320178363472, 0.0027495205868, 0.00283255102113, 0.00312502658926, 0.00418266607448, 0.00687273079529, 0.00652268249542, 0.00225374195725, 0.000809267745353, 0.000272524484899, 0.000120809694636, 6.07607980783e-005, 3.22009759657e-006, 1.62521782698e-008]
        mean: [1.21001079378e-007, 6.36276381556e-005, 0.000171545689227, 0.000123066172819, 0.000209541482036, 0.00020073117048, 0.000233074897551, 0.000201315720915, 0.00045375310583, 0.000377951102564, 0.000202790368348, 0.000219861176447, 0.000190032413229, 0.000249133037869, 0.000191397615708, 0.00033310634899, 0.000380416866392, 0.000435135065345, 0.000632647774182, 0.000487967743538, 0.000238681008341, 7.51772749936e-005, 2.05205433303e-005, 8.37825791677e-006, 3.65143250747e-006, 1.08166624102e-007, 4.96510943471e-010]
        median: [1.32056658941e-008, 4.26936858275e-005, 0.000121107557788, 7.55800429033e-005, 0.000112235473352, 9.68560634647e-005, 0.000101567115053, 9.82835044852e-005, 0.000209299876587, 0.000203525502002, 0.00010186219879, 0.000106127292383, 0.000114052971185, 0.000159506336786, 0.000123261401313, 0.000259093183558, 0.000290379713988, 0.000357196287951, 0.000580283114687, 0.000406630104408, 0.000189855694771, 5.32288759132e-005, 1.36706794365e-005, 5.43150054e-006, 2.12566874325e-006, 5.31237347445e-008, 2.74225198105e-010]
        min: [1.82888605076e-024, 5.16904539691e-024, 2.68241461755e-024, 1.65681063822e-024, 1.08677596157e-023, 9.08174697186e-024, 1.74431250977e-023, 9.99462469999e-024, 2.71716133719e-023, 2.53016138629e-023, 1.55862695891e-023, 3.5267449873e-023, 3.97956503085e-023, 5.11763477951e-023, 4.94040171548e-023, 7.58412767546e-023, 6.80549293192e-023, 1.43530490158e-022, 1.61821877387e-022, 1.50509296462e-022, 2.47804030498e-022, 3.70721862882e-022, 4.76463504921e-022, 5.87712532038e-022, 8.91920723105e-022, 1.37265361898e-021, 2.04132806905e-021]
        var: [3.89194020978e-013, 4.92769913762e-009, 3.46867281564e-008, 2.10207407036e-008, 1.11907141331e-007, 1.15132259282e-007, 1.59704399039e-007, 9.32007395704e-008, 3.64723803159e-007, 2.42655744387e-007, 7.367000876e-008, 8.4103220388e-008, 5.32382529173e-008, 7.64380558849e-008, 4.46489920591e-008, 8.47447125807e-008, 1.17118226228e-007, 1.35691905712e-007, 1.85193172797e-007, 1.87034189025e-007, 4.66335130511e-008, 6.52185017103e-009, 6.29249097273e-010, 1.20916637814e-010, 2.66433750062e-011, 3.804618228e-014, 7.91441550405e-019]
    frequency_bands:
        dmean: [4.17977830125e-008, 4.38074566773e-005, 0.000107682259113, 8.90954615897e-005, 0.000164406825206, 0.000148181032273, 0.00018175689911, 0.00015014813107, 0.000276524457149, 0.000221299284021, 0.000119914686366, 0.000124863523524, 0.000109139626147, 0.000135944865178, 0.000100718163594, 0.000165066943737, 0.000184258780791, 0.000207707751542, 0.000263774942141, 0.00023570212943, 0.000130179527332, 4.67632999062e-005, 1.09058846647e-005, 4.0971422095e-006, 1.94522522179e-006, 6.96917652476e-008, 4.35471658733e-010, 6.51040263366e-011]
        dmean2: [6.83156144987e-008, 7.50721810618e-005, 0.000179584894795, 0.000153380271513, 0.000287438801024, 0.000246223266004, 0.000305753084831, 0.000252616388025, 0.000466047495138, 0.000370435096556, 0.000201098708203, 0.000210075377254, 0.000183736003237, 0.00022624306439, 0.000167445483385, 0.000276513106655, 0.000307563546812, 0.000352656585164, 0.000451359781437, 0.000405009282986, 0.000231000201893, 8.3108592662e-005, 1.8375016225e-005, 6.55347184875e-006, 3.11391386276e-006, 1.14676595331e-007, 7.82547859846e-010, 1.20255777558e-010]
        dvar: [1.06684282515e-014, 3.11575121259e-009, 2.10353157115e-008, 1.54824117971e-008, 1.27746147882e-007, 8.19284693421e-008, 1.39164228585e-007, 6.72900384302e-008, 1.830289591e-007, 1.21481335214e-007, 3.70211807876e-008, 3.88018470687e-008, 2.96126181354e-008, 3.90214012214e-008, 2.2588622528e-008, 4.16204208875e-008, 5.96059805957e-008, 6.6797959164e-008, 1.00345452836e-007, 1.18317728948e-007, 3.50659306037e-008, 5.59833601699e-009, 2.88156554173e-010, 4.93698415482e-011, 1.26608281151e-011, 2.14544534753e-014, 1.0797644519e-018, 8.00053531326e-021]
        dvar2: [2.68140137915e-014, 8.86713369397e-009, 5.72987737257e-008, 4.28480895209e-008, 3.70744402289e-007, 2.02371381874e-007, 3.50219465872e-007, 1.75511800649e-007, 5.04374156662e-007, 3.37570440934e-007, 1.02945662661e-007, 1.04390814215e-007, 7.97226036298e-008, 1.01539782804e-007, 5.92521196552e-008, 1.11561050176e-007, 1.55663286705e-007, 1.78508827275e-007, 2.70083859277e-007, 2.89915220719e-007, 9.41894100492e-008, 1.54258348317e-008, 6.81208978115e-010, 1.01573298383e-010, 2.74701008468e-011, 4.80479676499e-014, 3.11205591688e-018, 2.49194993465e-020]
        max: [8.37598508951e-006, 0.000599202699959, 0.00224913563579, 0.00134314852767, 0.00557675631717, 0.00476099224761, 0.00454922160134, 0.00452101323754, 0.00476228538901, 0.00465551251546, 0.00288587599061, 0.00330802006647, 0.00228813453577, 0.00320178363472, 0.0027495205868, 0.00283255102113, 0.00312502658926, 0.00418266607448, 0.00687273079529, 0.00652268249542, 0.00225374195725, 0.000809267745353, 0.000272524484899, 0.000120809694636, 6.07607980783e-005, 3.22009759657e-006, 1.62521782698e-008, 8.86456574811e-010]
        mean: [1.21001079378e-007, 6.36276381556e-005, 0.000171545689227, 0.000123066172819, 0.000209541482036, 0.00020073117048, 0.000233074897551, 0.000201315720915, 0.00045375310583, 0.000377951102564, 0.000202790368348, 0.000219861176447, 0.000190032413229, 0.000249133037869, 0.000191397615708, 0.00033310634899, 0.000380416866392, 0.000435135065345, 0.000632647774182, 0.000487967743538, 0.000238681008341, 7.51772749936e-005, 2.05205433303e-005, 8.37825791677e-006, 3.65143250747e-006, 1.08166624102e-007, 4.96510943471e-010, 5.16167698861e-011]
        median: [1.32056658941e-008, 4.26936858275e-005, 0.000121107557788, 7.55800429033e-005, 0.000112235473352, 9.68560634647e-005, 0.000101567115053, 9.82835044852e-005, 0.000209299876587, 0.000203525502002, 0.00010186219879, 0.000106127292383, 0.000114052971185, 0.000159506336786, 0.000123261401313, 0.000259093183558, 0.000290379713988, 0.000357196287951, 0.000580283114687, 0.000406630104408, 0.000189855694771, 5.32288759132e-005, 1.36706794365e-005, 5.43150054e-006, 2.12566874325e-006, 5.31237347445e-008, 2.74225198105e-010, 1.9600189527e-011]
        min: [1.82888605076e-024, 5.16904539691e-024, 2.68241461755e-024, 1.65681063822e-024, 1.08677596157e-023, 9.08174697186e-024, 1.74431250977e-023, 9.99462469999e-024, 2.71716133719e-023, 2.53016138629e-023, 1.55862695891e-023, 3.5267449873e-023, 3.97956503085e-023, 5.11763477951e-023, 4.94040171548e-023, 7.58412767546e-023, 6.80549293192e-023, 1.43530490158e-022, 1.61821877387e-022, 1.50509296462e-022, 2.47804030498e-022, 3.70721862882e-022, 4.76463504921e-022, 5.87712532038e-022, 8.91920723105e-022, 1.37265361898e-021, 2.04132806905e-021, 5.6451557856e-022]
        var: [3.89194020978e-013, 4.92769913762e-009, 3.46867281564e-008, 2.10207407036e-008, 1.11907141331e-007, 1.15132259282e-007, 1.59704399039e-007, 9.32007395704e-008, 3.64723803159e-007, 2.42655744387e-007, 7.367000876e-008, 8.4103220388e-008, 5.32382529173e-008, 7.64380558849e-008, 4.46489920591e-008, 8.47447125807e-008, 1.17118226228e-007, 1.35691905712e-007, 1.85193172797e-007, 1.87034189025e-007, 4.66335130511e-008, 6.52185017103e-009, 6.29249097273e-010, 1.20916637814e-010, 2.66433750062e-011, 3.804618228e-014, 7.91441550405e-019, 6.67610040691e-021]
    mfcc:
        mean: [-694.000854492, 90.1934814453, -54.8450050354, 37.8607025146, -19.3389854431, -6.92880535126, 1.18071353436, -1.49177670479, -0.211549624801, -0.85958725214, -4.20583438873, -4.6804599762, -4.53650712967]
        cov: [[11309.9970703, 106.74961853, -1936.55895996, 286.51763916, -788.039428711, -20.0425624847, -26.5016841888, 217.786529541, 223.424804688, 200.487380981, 144.639923096, 63.9979896545, -9.47368240356], [106.74961853, 735.660339355, -206.416824341, 151.57510376, 12.2466955185, -57.8259963989, 59.571598053, -31.6478939056, 16.3440246582, -5.54124069214, 11.1013965607, 5.1303653717, 14.8931522369], [-1936.55895996, -206.416824341, 985.287475586, 92.6836166382, 301.00958252, 88.0330200195, 17.3558483124, 25.5196037292, -30.5428943634, 7.46992588043, 12.1961021423, 21.2394294739, 27.2828960419], [286.51763916, 151.57510376, 92.6836166382, 257.410705566, 94.1305770874, 61.9800224304, 16.101442337, -9.20881175995, 34.0326271057, 41.147403717, 17.6178436279, 4.53806018829, 21.9794464111], [-788.039428711, 12.2466955185, 301.00958252, 94.1305770874, 234.726623535, 84.824180603, 22.2435436249, -11.9714250565, 7.93349552155, 33.7659111023, 17.7417678833, 5.91918230057, 11.6440429688], [-20.0425624847, -57.8259963989, 88.0330200195, 61.9800224304, 84.824180603, 134.082260132, 46.9206771851, 20.8572158813, 19.9592285156, 30.426733017, 17.5135154724, 3.17859864235, 5.56948804855], [-26.5016841888, 59.571598053, 17.3558483124, 16.101442337, 22.2435436249, 46.9206771851, 144.488693237, 77.110748291, 21.6034393311, -9.72285461426, -1.00362312794, 8.41495132446, 2.37668895721], [217.786529541, -31.6478939056, 25.5196037292, -9.20881175995, -11.9714250565, 20.8572158813, 77.110748291, 140.194625854, 52.0879554749, 15.9437017441, 19.1849365234, 19.6425914764, -5.16639947891], [223.424804688, 16.3440246582, -30.5428943634, 34.0326271057, 7.93349552155, 19.9592285156, 21.6034393311, 52.0879554749, 92.530708313, 55.6990585327, 30.2937870026, 7.03675985336, -1.61805546284], [200.487380981, -5.54124069214, 7.46992588043, 41.147403717, 33.7659111023, 30.426733017, -9.72285461426, 15.9437017441, 55.6990585327, 97.5960617065, 48.2402572632, 17.1334857941, 2.09463429451], [144.639923096, 11.1013965607, 12.1961021423, 17.6178436279, 17.7417678833, 17.5135154724, -1.00362312794, 19.1849365234, 30.2937870026, 48.2402572632, 77.2044296265, 37.4890403748, 9.77112293243], [63.9979896545, 5.1303653717, 21.2394294739, 4.53806018829, 5.91918230057, 3.17859864235, 8.41495132446, 19.6425914764, 7.03675985336, 17.1334857941, 37.4890403748, 58.4643554688, 28.1432323456], [-9.47368240356, 14.8931522369, 27.2828960419, 21.9794464111, 11.6440429688, 5.56948804855, 2.37668895721, -5.16639947891, -1.61805546284, 2.09463429451, 9.77112293243, 28.1432323456, 55.0932998657]]
        icov: [[0.000222337883315, 0.000158821159857, 0.000401058670832, -0.000652767834254, 0.000545055430848, -0.000127124236315, 0.000150375068188, -0.000471176725114, 0.000273461337201, -0.000295154750347, -0.000221039255848, -6.7118104198e-005, -3.16609543916e-006], [0.000158821159857, 0.0025244159624, 0.0010886619566, -0.00222524977289, -0.000764064898249, 0.00255982484668, -0.00198323279619, 0.000693853129633, 0.000113275258627, 0.000354364921805, -0.0012219682103, 8.07037140476e-005, -8.77797938301e-005], [0.000401058670832, 0.0010886619566, 0.00291582453065, -0.0017935045762, -0.00216293754056, 0.000849767704494, 0.000417496165028, -0.00214516208507, 0.00180406228174, -9.99994608719e-006, -0.000686618092004, -0.000124019774375, -0.000563210051041], [-0.000652767834254, -0.00222524977289, -0.0017935045762, 0.00842507649213, -0.00207030563615, -0.00266329175793, 0.000625114073046, 0.00185849901754, -0.00259189377539, -0.000293214456178, 0.00154752703384, 0.000875438679941, -0.00191624194849], [0.000545055430848, -0.000764064898249, -0.00216293754056, -0.00207030563615, 0.0120527688414, -0.00493854191154, -0.000424367957748, 0.00172425841447, -0.000155151996296, -0.00280413753353, -0.000281119195279, -0.000350111018633, 0.000659972836729], [-0.000127124236315, 0.00255982484668, 0.000849767704494, -0.00266329175793, -0.00493854191154, 0.0148406866938, -0.00579958828166, 0.00079099269351, 0.00101570959669, -0.00195319065824, -0.00246571819298, 0.00257742824033, -0.000979507691227], [0.000150375068188, -0.00198323279619, 0.000417496165028, 0.000625114073046, -0.000424367957748, -0.00579958828166, 0.014314387925, -0.00825054850429, -6.24126259936e-005, 0.00323859555647, 0.00206155143678, -0.00113357813098, -0.000520918751135], [-0.000471176725114, 0.000693853129633, -0.00214516208507, 0.00185849901754, 0.00172425841447, 0.00079099269351, -0.00825054850429, 0.0171043202281, -0.00911815278232, 0.00186230568215, 0.000154808061779, -0.00505608180538, 0.00378451286815], [0.000273461337201, 0.000113275258627, 0.00180406228174, -0.00259189377539, -0.000155151996296, 0.00101570959669, -6.24126259936e-005, -0.00911815278232, 0.0241078268737, -0.01172539033, -0.00268987170421, 0.00545308319852, -0.00191990996245], [-0.000295154750347, 0.000354364921805, -9.99994608719e-006, -0.000293214456178, -0.00280413753353, -0.00195319065824, 0.00323859555647, 0.00186230568215, -0.01172539033, 0.0237163715065, -0.00859948247671, -0.00123032869305, 0.00170801754575], [-0.000221039255848, -0.0012219682103, -0.000686618092004, 0.00154752703384, -0.000281119195279, -0.00246571819298, 0.00206155143678, 0.000154808061779, -0.00268987170421, -0.00859948247671, 0.0279624834657, -0.0167699158192, 0.00410441029817], [-6.7118104198e-005, 8.07037140476e-005, -0.000124019774375, 0.000875438679941, -0.000350111018633, 0.00257742824033, -0.00113357813098, -0.00505608180538, 0.00545308319852, -0.00123032869305, -0.0167699158192, 0.0375022962689, -0.0169090628624], [-3.16609543916e-006, -8.77797938301e-005, -0.000563210051041, -0.00191624194849, 0.000659972836729, -0.000979507691227, -0.000520918751135, 0.00378451286815, -0.00191990996245, 0.00170801754575, 0.00410441029817, -0.0169090628624, 0.0273428708315]]
    sccoeffs:
        dmean: [0.0556393750012, 0.0499336719513, 0.0393473394215, 0.0286630187184, 0.019049404189, 0.0174794569612]
        dmean2: [0.0936912670732, 0.084773004055, 0.0662610977888, 0.0487528815866, 0.0322681069374, 0.0289867781103]
        dvar: [0.00206454703584, 0.00163412862457, 0.000962566002272, 0.000522246817127, 0.00023420076468, 0.000228838267503]
        dvar2: [0.00579465785995, 0.00460071815178, 0.00272795627825, 0.00148095854092, 0.000658297212794, 0.000581533880904]
        max: [-0.382210940123, -0.512214541435, -0.601788640022, -0.660223603249, -0.692890942097, -0.596335887909]
        mean: [-0.651898562908, -0.772117137909, -0.787454843521, -0.799038112164, -0.803126096725, -0.754038870335]
        median: [-0.654678881168, -0.777409493923, -0.787858486176, -0.797972857952, -0.80046993494, -0.751312851906]
        min: [-0.979679524899, -0.980221152306, -0.97209662199, -0.976697981358, -0.967392742634, -0.964192569256]
        var: [0.00512062618509, 0.00359580153599, 0.0028399892617, 0.00165860494599, 0.000957023003139, 0.00185628596228]
    scvalleys:
        dmean: [0.418501406908, 0.36151906848, 0.27412623167, 0.233406215906, 0.193522349, 0.255475342274]
        dmean2: [0.694388389587, 0.597457110882, 0.450239777565, 0.382230430841, 0.325946360826, 0.416368126869]
        dvar: [0.154171839356, 0.116524964571, 0.0738499984145, 0.061088886112, 0.0553157404065, 0.11081584543]
        dvar2: [0.343372344971, 0.258352905512, 0.141332164407, 0.114904232323, 0.106684677303, 0.239765107632]
        max: [-5.45701122284, -4.25440788269, -4.8082075119, -5.28477334976, -5.47969532013, -7.56558418274]
        mean: [-7.48322200775, -6.56664896011, -6.60489416122, -6.96892023087, -6.89889907837, -9.63793754578]
        median: [-7.00783109665, -6.25894165039, -6.29667282104, -6.56561183929, -6.40114164352, -8.99802589417]
        min: [-27.9514160156, -28.070640564, -27.6607227325, -27.7217712402, -27.5225543976, -27.3754749298]
        var: [2.87777352333, 2.76416110992, 3.08525586128, 3.34266829491, 3.90464067459, 4.50296020508]

rhythm:
    beats_loudness:
        dmean: 0.00141046149656
        dmean2: 0.00245396373793
        dvar: 1.64979132933e-006
        dvar2: 4.46962667411e-006
        max: 0.0111001702026
        mean: 0.00622653961182
        median: 0.0068668522872
        min: 1.7839016939e-012
        var: 6.56529346088e-006
    bpm: 124.899505615
    bpm_confidence: 0
    first_peak_bpm: 126
    first_peak_spread: 0.422062367201
    first_peak_weight: 0.521645009518
    onset_rate: 2.36500120163
    second_peak_bpm: 117
    second_peak_spread: 0.439999967813
    second_peak_weight: 0.0303030312061
    beats_loudness_band_ratio:
        dmean: [0.0590453110635, 0.0755693539977, 0.102570235729, 0.0928103104234, 0.0905056297779, 0.0836264193058]
        dmean2: [0.0999846085906, 0.137177124619, 0.177220761776, 0.159990847111, 0.155323579907, 0.145038723946]
        dvar: [0.00589465303347, 0.00603067688644, 0.00829142425209, 0.00676780380309, 0.00709327543154, 0.00650455942377]
        dvar2: [0.0133981499821, 0.0182359926403, 0.0227011125535, 0.018447002396, 0.0212471336126, 0.0187799744308]
        max: [0.98998260498, 0.749443531036, 0.614006459713, 0.53647339344, 0.613410234451, 0.633266627789]
        mean: [0.109835885465, 0.104795180261, 0.191608697176, 0.174725070596, 0.252817034721, 0.204955562949]
        median: [0.0689996406436, 0.0717739015818, 0.167681321502, 0.15873195231, 0.241345137358, 0.198226094246]
        min: [0, 0, 0, 0, 0, 0]
        var: [0.0254910644144, 0.0143143320456, 0.0135940983891, 0.0113304946572, 0.0134653924033, 0.0099575901404]
    beats_position: [0.46439909935, 0.952018141747, 1.43963718414, 1.91564619541, 2.40326523781, 2.87927436829, 3.36689329147, 3.85451245308, 4.33052158356, 4.81814050674, 5.30575942993, 5.79337835312, 6.28099775314, 6.76861667633, 7.25623559952, 7.73224496841, 8.20825386047, 8.68426322937, 9.16027164459, 9.64789104462, 10.1239004135, 10.6115188599, 11.0991382599, 11.5867567062, 12.0743761063, 12.5619955063, 13.0496139526, 13.5256233215, 14.0016326904, 14.4892511368, 14.9768705368, 15.4528799057, 15.9288883209, 16.4048976898, 16.8809070587, 17.3569164276, 17.8329238892, 18.3205432892, 18.8081626892, 19.2841720581, 19.760181427, 20.2361907959, 20.7121982574, 21.1998176575, 21.6758270264, 22.1518363953, 22.6278457642, 23.1154651642, 23.5914726257, 24.0790920258, 24.5667114258, 25.0427207947, 25.5187301636, 26.0063495636, 26.4823570251, 26.9699764252, 27.4459857941, 27.921995163, 28.3980045319, 28.8856239319, 29.3616313934, 29.8376407623, 30.3252601624, 30.8128795624, 31.3004989624, 31.7881164551, 32.2757377625, 32.7633552551, 33.239364624, 33.7153739929, 34.1797714233, 34.6557807922, 35.1317901611, 35.60779953, 36.0838088989, 36.5598182678, 37.0358276367, 37.5234451294, 37.9994544983, 38.4754638672, 38.9514732361, 39.427482605, 39.9151000977, 40.402721405, 40.8787307739, 41.3547401428, 41.8423576355, 42.3299751282, 42.8175964355, 43.2936058044, 43.7696151733, 44.2456245422, 44.7216300964, 45.1976394653, 45.6620407104, 46.1612701416, 46.6488876343, 47.1248970032, 47.6009063721, 48.076915741, 48.5529251099, 49.0289344788, 49.5049438477, 49.9925613403, 50.480178833, 50.9445800781, 51.420589447, 51.8965988159, 52.3842163086, 52.8602256775, 53.3362350464, 53.8238525391, 54.3114738464, 54.7990913391, 55.275100708, 55.7627182007, 56.2387275696, 56.726348877, 57.2023582458, 57.6783676147, 58.1659851074, 58.6303825378, 59.1063919067, 59.5824012756, 60.070022583, 60.5460319519, 61.0336494446, 61.5096588135, 61.9972763062, 62.473285675, 62.9492950439, 63.4369163513, 63.924533844, 64.4005432129, 64.8765487671, 65.3641738892, 65.8517913818, 66.327796936, 66.8038101196, 67.2798156738, 67.7558288574, 68.2318344116, 68.7194519043, 69.1954650879, 69.6830825806, 70.1590881348, 70.6351013184, 71.122718811, 71.6103363037, 72.0863494873, 72.5623550415, 73.0383682251, 73.5143737793, 74.001991272, 74.4780044556, 74.9540100098, 75.4300231934, 75.9060287476, 76.3820419312, 76.8696594238, 77.345664978, 77.8332901001, 78.3209075928, 78.796913147, 79.2729263306, 79.7605438232, 80.2365493774, 80.712562561, 81.2001800537, 81.6761856079, 82.1521987915, 82.6398162842, 83.1158294678, 83.591835022, 84.0678405762, 84.5554656982, 85.0430831909, 85.5190887451, 86.0183181763, 86.5175476074, 87.0283889771, 87.5392303467, 88.0268478394, 88.514465332, 89.0253067017, 89.5361404419, 90.0469818115, 90.5345993042, 91.0222167969, 91.5098419189, 91.9974594116, 92.4734649658, 92.9494781494, 93.4370956421, 93.9247131348, 94.4007263184, 94.8767318726, 95.3643493652, 95.8403625488, 96.316368103, 96.8039855957, 97.2799987793, 97.7560043335, 98.2436294556, 98.7196350098, 99.1956481934, 99.683265686, 100.194099426, 100.704940796, 101.215782166, 101.726615906, 102.237457275, 102.748298645, 103.259140015, 103.746757507, 104.234375, 104.721992493, 105.209609985, 105.685623169, 106.161628723, 106.649246216, 107.125259399, 107.612876892, 108.088890076, 108.56489563, 109.040908813, 109.516914368, 109.992919922, 110.480545044, 110.956550598, 111.432563782, 111.920181274, 112.396186829, 112.872200012, 113.359817505, 113.847434998, 114.323448181, 114.799453735, 115.27545929, 115.751472473, 116.227478027, 116.703491211, 117.191108704, 117.678726196, 118.166343689, 118.653968811, 119.129974365, 119.605987549, 120.081993103, 120.557998657, 121.045623779, 121.521629333, 121.997642517, 122.473648071, 122.949661255, 123.437278748, 123.92489624, 124.412513733, 124.888526917, 125.364532471, 125.840545654, 126.316551208, 126.792556763, 127.268569946, 127.7445755, 128.220581055, 128.708206177, 129.195831299, 129.671829224, 130.147842407, 130.623855591, 131.099868774, 131.587478638, 132.07510376, 132.562713623, 133.038726807, 133.51473999, 133.990753174, 134.478363037, 134.965988159, 135.441986084, 135.929611206, 136.40562439, 136.881637573, 137.357635498, 137.833648682, 138.321273804, 138.808883667, 139.284896851, 139.760910034, 140.236907959, 140.712921143, 141.188934326, 141.676544189, 142.17578125, 142.663391113, 143.139404297, 143.603805542, 144.079818726, 144.555831909, 145.031829834, 145.496231079, 145.983856201, 146.471466064, 146.959091187, 147.43510437, 147.922714233, 148.398727417, 148.886352539, 149.373962402, 149.849975586, 150.32598877, 150.790390015, 151.266387939, 151.742401123, 152.230026245, 152.70602417, 153.193649292, 153.669662476, 154.157272339, 154.633285522, 155.109298706, 155.596908569, 156.084533691, 156.560546875, 157.0365448, 157.524169922, 158.011795044, 158.487792969, 158.963806152, 159.439819336, 159.915817261, 160.380218506, 160.867843628, 161.35546875, 161.843078613, 162.319091797, 162.79510498, 163.282714844, 163.770339966, 164.246353149, 164.722351074, 165.198364258, 165.674377441, 166.161987305, 166.638000488, 167.114013672, 167.590026855, 168.06602478, 168.542037964, 169.029663086, 169.505661011, 169.993286133, 170.469299316, 170.95690918, 171.432922363, 171.920547485, 172.39654541, 172.872558594, 173.360183716, 173.836181641, 174.312194824, 174.799819946, 175.275817871, 175.751831055, 176.227844238, 176.715454102, 177.203079224, 177.679092407, 178.155105591, 178.631103516, 179.107116699, 179.594741821, 180.070739746, 180.54675293, 181.022766113, 181.498779297, 181.974777222, 182.462402344, 182.950012207, 183.437637329, 183.913650513, 184.389663696, 184.87727356, 185.364898682, 185.840896606, 186.31690979, 186.804534912, 187.280548096, 187.756546021, 188.244171143, 188.720184326, 189.196182251, 189.683807373, 190.159820557, 190.635818481, 191.111831665, 191.587844849, 192.075454712, 192.563079834, 193.039093018, 193.515090942, 194.002716064, 194.478729248, 194.954742432, 195.442352295, 195.918365479, 196.394378662, 196.881988525, 197.369613647, 197.845626831, 198.321624756, 198.809249878, 199.285263062, 199.761260986, 200.23727417, 200.713287354, 201.200897217, 201.688522339, 202.187744141, 202.686981201, 203.186203003, 203.685440063, 204.196273804, 204.695510864, 205.206344604, 205.705581665, 206.204803467, 206.692428589, 207.168426514, 207.656051636, 208.143676758, 208.631286621, 209.118911743, 209.606521606, 210.08253479, 210.558547974, 211.046157837, 211.522171021, 211.998184204, 212.485794067, 212.973419189, 213.461044312, 214.087982178, 214.714920044, 215.34185791, 215.968795776, 216.595733643, 217.222671509, 217.837997437, 218.453323364, 219.068664551, 219.683990479, 220.310928345, 220.937866211, 221.553192139, 222.168518066, 222.795455933, 223.422393799, 224.049331665, 224.676269531, 225.303222656, 225.918548584]
