
metadata:
    version:
        essentia: "2.1-beta2"
    audio_properties:
        analysis_sample_rate: 44100
        bitrate: 295
        channels: 2
        equal_loudness: 1
        length: 218.122451782
        replay_gain: -16.8584785461
        downmix: "mix"
    tags:
        album: "Fight The Silence"
        artist: "For Today"
        comment: ""
        date: "2014;ATE"
        genre: "Metal"
        title: "Fatherless"
        tracknumber: "8/12"

configuration:
    average_loudness:
        compute: 1
        frameSize: 88200
        hopSize: 44100
        silentFrames: "noise"
        windowType: "hann"
    general:
        analysisSampleRate: 44100
        endTime: 2000
        equalLoudness: 1
        nequalLoudness: 0
        shortSound: 0
        startTime: 0
    lowlevel:
        compute: 1
        frameSize: 2048
        hopSize: 1024
        zeroPadding: 0
        silentFrames: "noise"
        windowType: "blackmanharris62"
        mfccStats: ["mean", "cov", "icov"]
        stats: ["mean", "var", "median", "min", "max", "dmean", "dmean2", "dvar", "dvar2"]
    panning:
        compute: 0
        frameSize: 8192
        hopSize: 2048
        zeroPadding: 8192
        silentFrames: "noise"
        windowType: "hann"
        stats: ["copy"]
    rhythm:
        compute: 1
        maxTempo: 208
        minTempo: 40
        method: "degara"
        stats: ["mean", "var", "median", "min", "max", "dmean", "dmean2", "dvar", "dvar2"]
    segmentation:
        compute: 0
        cpw: 5
        inc1: 300
        inc2: 50
        minimumSegmentsLength: 10
        size1: 1000
        size2: 600
    sfx:
        compute: 1
        stats: ["mean", "var", "median", "min", "max", "dmean", "dmean2", "dvar", "dvar2"]
    svm:
        compute: 0
    tonal:
        compute: 1
        frameSize: 4096
        hopSize: 2048
        zeroPadding: 0
        silentFrames: "noise"
        windowType: "blackmanharris62"
        stats: ["mean", "var", "median", "min", "max", "dmean", "dmean2", "dvar", "dvar2"]

lowlevel:
    average_loudness: 0.94935387373
    barkbands_kurtosis:
        dmean: 0.486585885286
        dmean2: 0.810600876808
        dvar: 0.775214910507
        dvar2: 1.72919797897
        max: 28.9718437195
        mean: -0.817074775696
        median: -1.04401302338
        min: -1.85823249817
        var: 1.37106084824
    barkbands_skewness:
        dmean: 0.343857437372
        dmean2: 0.556275606155
        dvar: 0.101000614464
        dvar2: 0.245912432671
        max: 4.08471012115
        mean: -0.199777662754
        median: -0.212980732322
        min: -3.94526100159
        var: 0.35542178154
    barkbands_spread:
        dmean: 4.61662340164
        dmean2: 7.44988965988
        dvar: 18.8197135925
        dvar2: 46.6086387634
        max: 92.5031738281
        mean: 30.6446151733
        median: 29.6003952026
        min: 2.37357282639
        var: 67.5349807739
    dissonance:
        dmean: 0.0111189810559
        dmean2: 0.0192037187517
        dvar: 0.000125270773424
        dvar2: 0.000342003302649
        max: 0.500000059605
        mean: 0.483494907618
        median: 0.487136602402
        min: 0.21615332365
        var: 0.000190374368685
    hfc:
        dmean: 2.7993748188
        dmean2: 4.69823312759
        dvar: 12.0238790512
        dvar2: 31.961561203
        max: 51.9378852844
        mean: 11.1008062363
        median: 10.7546300888
        min: 1.11598403981e-016
        var: 27.8249111176
    pitch:
        dmean: 797.442993164
        dmean2: 1510.22277832
        dvar: 1434332.625
        dvar2: 3580276
        max: 4547.55029297
        mean: 1257.28588867
        median: 501.438995361
        min: 72.9551010132
        var: 2004263.25
    pitch_instantaneous_confidence:
        dmean: 0.0746201127768
        dmean2: 0.124876484275
        dvar: 0.00404435861856
        dvar2: 0.0104180015624
        max: 0.879342615604
        mean: 0.325774908066
        median: 0.298582792282
        min: 0.0845596194267
        var: 0.0142896296456
    pitch_salience:
        dmean: 0.0556322447956
        dmean2: 0.0932823121548
        dvar: 0.00230813608505
        dvar2: 0.00635467097163
        max: 0.937796592712
        mean: 0.686106562614
        median: 0.702315986156
        min: 0.183272510767
        var: 0.00629079760984
    silence_rate_20dB:
        dmean: 0
        dmean2: 0
        dvar: 0
        dvar2: 0
        max: 1
        mean: 1
        median: 1
        min: 1
        var: 0
    silence_rate_30dB:
        dmean: 0
        dmean2: 0
        dvar: 0
        dvar2: 0
        max: 1
        mean: 1
        median: 1
        min: 1
        var: 0
    silence_rate_60dB:
        dmean: 0.0378965288401
        dmean2: 0.0758011266589
        dvar: 0.036458581686
        dvar2: 0.0830376446247
        max: 1
        mean: 0.121766895056
        median: 0
        min: 0
        var: 0.106943160295
    spectral_centroid:
        dmean: 259.851013184
        dmean2: 422.440368652
        dvar: 72878.5078125
        dvar2: 170731.359375
        max: 11622.8837891
        mean: 1917.0279541
        median: 1869.90258789
        min: 257.924163818
        var: 396387.875
    spectral_complexity:
        dmean: 4.61251878738
        dmean2: 7.56467580795
        dvar: 17.2054710388
        dvar2: 44.7510261536
        max: 49
        mean: 22.6353378296
        median: 24
        min: 0
        var: 78.4865646362
    spectral_crest:
        dmean: 1.80955576897
        dmean2: 3.06239151955
        dvar: 3.14173293114
        dvar2: 8.43205547333
        max: 22.7254924774
        mean: 5.99699020386
        median: 5.30292654037
        min: 2.23304605484
        var: 6.42990350723
    spectral_decrease:
        dmean: 2.45275105781e-010
        dmean2: 3.98015925773e-010
        dvar: 7.87316710883e-020
        dvar2: 2.01559074011e-019
        max: 1.07705200653e-028
        mean: -1.28937560628e-009
        median: -1.31769117839e-009
        min: -3.7656224805e-009
        var: 2.79920943667e-019
    spectral_energy:
        dmean: 0.00113020290155
        dmean2: 0.00185009127017
        dvar: 1.70905821051e-006
        dvar2: 4.42698728875e-006
        max: 0.0187061037868
        mean: 0.00587328756228
        median: 0.00598467420787
        min: 1.02518155947e-020
        var: 5.73540773985e-006
    spectral_energyband_high:
        dmean: 0.000235667146626
        dmean2: 0.000407455168897
        dvar: 1.21147024856e-007
        dvar2: 3.17420187912e-007
        max: 0.00775265879929
        mean: 0.000525903247762
        median: 0.00042729897541
        min: 7.00004824547e-021
        var: 1.84728804697e-007
    spectral_energyband_low:
        dmean: 0.000177346242708
        dmean2: 0.000293824705295
        dvar: 3.5155228062e-008
        dvar2: 9.77484333475e-008
        max: 0.00223997188732
        mean: 0.000373652583221
        median: 0.000338964251569
        min: 8.83128284559e-024
        var: 6.65979698056e-008
    spectral_energyband_middle_high:
        dmean: 0.00079215405276
        dmean2: 0.00128204072826
        dvar: 6.9313853146e-007
        dvar2: 1.74817728293e-006
        max: 0.0128144342452
        mean: 0.00327723962255
        median: 0.00318215275183
        min: 1.30884206713e-021
        var: 2.63162405645e-006
    spectral_energyband_middle_low:
        dmean: 0.000689693610184
        dmean2: 0.00112256337889
        dvar: 6.41546705538e-007
        dvar2: 1.64365155797e-006
        max: 0.00953248515725
        mean: 0.00185832334682
        median: 0.00157881737687
        min: 1.96761877409e-022
        var: 1.69187580923e-006
    spectral_flatness_db:
        dmean: 0.012061195448
        dmean2: 0.0194419827312
        dvar: 0.000130879358039
        dvar2: 0.000302735774312
        max: 0.365927278996
        mean: 0.137107774615
        median: 0.131347998977
        min: 0.0442463904619
        var: 0.00105603248812
    spectral_flux:
        dmean: 0.00685803219676
        dmean2: 0.0106474915519
        dvar: 4.57780224679e-005
        dvar2: 9.52147311182e-005
        max: 0.108249664307
        mean: 0.0479850843549
        median: 0.0491214469075
        min: 6.35512059644e-011
        var: 0.000212238039239
    spectral_kurtosis:
        dmean: 0.907009720802
        dmean2: 1.54017567635
        dvar: 1.08843886852
        dvar2: 3.38380098343
        max: 18.1571407318
        mean: 3.07512831688
        median: 2.91017484665
        min: -1.26930773258
        var: 2.05540704727
    spectral_rms:
        dmean: 0.000225567928283
        dmean2: 0.000363312748959
        dvar: 5.97114109269e-008
        dvar2: 1.47373540926e-007
        max: 0.00427198503166
        mean: 0.00232466403395
        median: 0.00241634156555
        min: 3.16255767234e-012
        var: 3.25979186755e-007
    spectral_rolloff:
        dmean: 305.536437988
        dmean2: 506.039550781
        dvar: 134474.84375
        dvar2: 312510.25
        max: 19422.9492188
        mean: 3547.90600586
        median: 3531.4453125
        min: 193.798828125
        var: 804241.125
    spectral_skewness:
        dmean: 0.145386993885
        dmean2: 0.24215516448
        dvar: 0.0184547863901
        dvar2: 0.052535828203
        max: 2.71206092834
        mean: 1.2712944746
        median: 1.29143548012
        min: -0.0800568088889
        var: 0.0619765073061
    spectral_spread:
        dmean: 420300.59375
        dmean2: 643080.5
        dvar: 603842347008
        dvar2: 1.21699250995e+012
        max: 49108848
        mean: 4671983.5
        median: 4479913.5
        min: 1441466
        var: 4.35180116378e+012
    spectral_strongpeak:
        dmean: 0.441628247499
        dmean2: 0.767952144146
        dvar: 0.346305280924
        dvar2: 0.93960160017
        max: 6.22926187515
        mean: 0.659535884857
        median: 0.45942017436
        min: 0
        var: 0.488546520472
    zerocrossingrate:
        dmean: 0.00754813989624
        dmean2: 0.00934923719615
        dvar: 7.26723155822e-005
        dvar2: 0.000110045009933
        max: 0.51708984375
        mean: 0.104933068156
        median: 0.1025390625
        min: 0.00537109375
        var: 0.000756818102673
    barkbands:
        dmean: [4.33229949692e-008, 4.79565605929e-005, 0.000129610896693, 9.65561848716e-005, 0.000165992198163, 0.000206738885026, 0.00018842110876, 0.000164703844348, 0.000309719645884, 0.000199425499886, 0.000113290705485, 0.000126650396851, 0.000109871980385, 0.000120097509352, 0.000102810081444, 0.000128849453176, 0.000215376465349, 0.000218289598706, 0.000259549560724, 0.000215754727833, 0.000114630769531, 4.03556659876e-005, 9.3908938652e-006, 3.54839653482e-006, 1.68982364812e-006, 5.92338125216e-008, 4.220201133e-010]
        dmean2: [7.28799918193e-008, 8.07353571872e-005, 0.000212899656617, 0.000166284196894, 0.000286831578705, 0.00033226746018, 0.000312614021823, 0.000275074969977, 0.00050190492766, 0.000323653657688, 0.000187411598745, 0.000207192308153, 0.000178832589881, 0.00019598210929, 0.000169080100022, 0.000217357330257, 0.000355568859959, 0.000366651685908, 0.000441708776634, 0.000367092579836, 0.000199713525944, 7.18778610462e-005, 1.56139685714e-005, 5.60462058274e-006, 2.68140183834e-006, 9.63524726671e-008, 7.52363893408e-010]
        dvar: [1.39091627552e-014, 3.09048409086e-009, 2.01864978067e-008, 1.50726009451e-008, 1.02302557536e-007, 1.54634719252e-007, 1.49321294884e-007, 9.94879485461e-008, 2.03293296863e-007, 8.86316229298e-008, 3.36546790436e-008, 5.0317900957e-008, 3.5021876954e-008, 3.77464850487e-008, 3.47772548537e-008, 2.74278715295e-008, 7.96422838789e-008, 7.49832480551e-008, 1.01823246723e-007, 9.09851820552e-008, 2.85714936155e-008, 3.96875377007e-009, 2.0357962538e-010, 3.66469667112e-011, 9.26011697877e-012, 1.59661814206e-014, 7.24901280774e-019]
        dvar2: [3.87470003999e-014, 8.85745077284e-009, 5.44303659922e-008, 4.19202628166e-008, 2.86587805931e-007, 3.47329063288e-007, 3.75595931246e-007, 2.54689979329e-007, 5.14363478032e-007, 2.20723407551e-007, 8.82089636889e-008, 1.26968629388e-007, 8.51602734997e-008, 9.00878234233e-008, 8.79372095142e-008, 7.04604232737e-008, 2.02015982609e-007, 1.91850404008e-007, 2.72881607088e-007, 2.3289442197e-007, 7.6348442235e-008, 1.08737712168e-008, 4.80578132844e-010, 7.80264117206e-011, 2.02372649888e-011, 3.64247003328e-014, 2.08849187356e-018]
        max: [7.86136479292e-006, 0.000669256784022, 0.00160916871391, 0.00181857775897, 0.00403518695384, 0.00564171839505, 0.00601332541555, 0.0050642201677, 0.00744935404509, 0.00453847227618, 0.00296820909716, 0.00378150120378, 0.00351382908411, 0.00358809251338, 0.00466310186312, 0.0035719522275, 0.00480185542256, 0.00816849153489, 0.00850861798972, 0.00522834062576, 0.00410850066692, 0.000778224261012, 0.000211394406506, 0.00010987357382, 7.14363050065e-005, 2.56516295849e-006, 1.51764378842e-008]
        mean: [1.17089761886e-007, 8.35528117022e-005, 0.000216129556065, 0.000129974374431, 0.000226163814659, 0.000297370890621, 0.000235755549511, 0.000227549477131, 0.000576998922043, 0.000354506366421, 0.000186532459338, 0.000210606740438, 0.000180322807864, 0.000217528548092, 0.000189899612451, 0.000253171427175, 0.000432534754509, 0.000452184962342, 0.000615912897047, 0.000457757472759, 0.00023000233341, 6.9354835432e-005, 1.84605942195e-005, 7.41039730201e-006, 3.38920358445e-006, 9.7840086255e-008, 4.92747787018e-010]
        median: [2.08448707184e-008, 6.67697313474e-005, 0.000170861516381, 8.88874492375e-005, 0.000124997954117, 0.000138659175718, 0.000109651140519, 9.44048224483e-005, 0.000259494030615, 0.000173416003236, 0.00010590608872, 0.000102702360891, 0.00010346063209, 0.000119598582387, 0.000106606319605, 0.000197604560526, 0.000319402199239, 0.000357949815225, 0.000552185520064, 0.000379609904485, 0.000185293189134, 4.95275489811e-005, 1.26962222566e-005, 4.80254720969e-006, 1.8601941747e-006, 4.8814431608e-008, 2.90247992307e-010]
        min: [5.76036241665e-025, 2.13942272383e-024, 1.0990920919e-024, 2.1480926996e-024, 1.35809883235e-023, 8.79853407397e-024, 1.31992869305e-023, 6.79301457235e-024, 2.06228356578e-023, 5.14546792217e-024, 1.75071995359e-023, 2.68636326081e-023, 3.50724119028e-023, 5.06915265046e-023, 6.4606060996e-023, 5.56882850742e-023, 9.94621451505e-023, 8.91927601972e-023, 1.75276461795e-022, 1.93862302401e-022, 2.64967599068e-022, 3.44681652753e-022, 3.98147640927e-022, 5.49240757567e-022, 9.10643863374e-022, 1.35672605029e-021, 1.96436755645e-021]
        var: [2.61236616107e-013, 5.40405098448e-009, 3.66712882283e-008, 1.92395326337e-008, 1.03922737082e-007, 2.50983759997e-007, 1.59625642482e-007, 1.58715465659e-007, 6.55977032693e-007, 2.24660752224e-007, 5.88639501586e-008, 9.21306195778e-008, 5.72726897019e-008, 8.25757027201e-008, 8.17742034087e-008, 5.00900831923e-008, 1.54969427513e-007, 1.43671854858e-007, 1.65921733242e-007, 1.38130573646e-007, 3.89656200639e-008, 4.7374810741e-009, 4.13637707419e-010, 8.47777542612e-011, 2.24401434934e-011, 2.63104628687e-014, 5.8584260383e-019]
    frequency_bands:
        dmean: [4.33229949692e-008, 4.79565605929e-005, 0.000129610896693, 9.65561848716e-005, 0.000165992198163, 0.000206738885026, 0.00018842110876, 0.000164703844348, 0.000309719645884, 0.000199425499886, 0.000113290705485, 0.000126650396851, 0.000109871980385, 0.000120097509352, 0.000102810081444, 0.000128849453176, 0.000215376465349, 0.000218289598706, 0.000259549560724, 0.000215754727833, 0.000114630769531, 4.03556659876e-005, 9.3908938652e-006, 3.54839653482e-006, 1.68982364812e-006, 5.92338125216e-008, 4.220201133e-010, 6.90132881398e-011]
        dmean2: [7.28799918193e-008, 8.07353571872e-005, 0.000212899656617, 0.000166284196894, 0.000286831578705, 0.00033226746018, 0.000312614021823, 0.000275074969977, 0.00050190492766, 0.000323653657688, 0.000187411598745, 0.000207192308153, 0.000178832589881, 0.00019598210929, 0.000169080100022, 0.000217357330257, 0.000355568859959, 0.000366651685908, 0.000441708776634, 0.000367092579836, 0.000199713525944, 7.18778610462e-005, 1.56139685714e-005, 5.60462058274e-006, 2.68140183834e-006, 9.63524726671e-008, 7.52363893408e-010, 1.27777177727e-010]
        dvar: [1.39091627552e-014, 3.09048409086e-009, 2.01864978067e-008, 1.50726009451e-008, 1.02302557536e-007, 1.54634719252e-007, 1.49321294884e-007, 9.94879485461e-008, 2.03293296863e-007, 8.86316229298e-008, 3.36546790436e-008, 5.0317900957e-008, 3.5021876954e-008, 3.77464850487e-008, 3.47772548537e-008, 2.74278715295e-008, 7.96422838789e-008, 7.49832480551e-008, 1.01823246723e-007, 9.09851820552e-008, 2.85714936155e-008, 3.96875377007e-009, 2.0357962538e-010, 3.66469667112e-011, 9.26011697877e-012, 1.59661814206e-014, 7.24901280774e-019, 8.88920274875e-021]
        dvar2: [3.87470003999e-014, 8.85745077284e-009, 5.44303659922e-008, 4.19202628166e-008, 2.86587805931e-007, 3.47329063288e-007, 3.75595931246e-007, 2.54689979329e-007, 5.14363478032e-007, 2.20723407551e-007, 8.82089636889e-008, 1.26968629388e-007, 8.51602734997e-008, 9.00878234233e-008, 8.79372095142e-008, 7.04604232737e-008, 2.02015982609e-007, 1.91850404008e-007, 2.72881607088e-007, 2.3289442197e-007, 7.6348442235e-008, 1.08737712168e-008, 4.80578132844e-010, 7.80264117206e-011, 2.02372649888e-011, 3.64247003328e-014, 2.08849187356e-018, 2.81927903553e-020]
        max: [7.86136479292e-006, 0.000669256784022, 0.00160916871391, 0.00181857775897, 0.00403518695384, 0.00564171839505, 0.00601332541555, 0.0050642201677, 0.00744935404509, 0.00453847227618, 0.00296820909716, 0.00378150120378, 0.00351382908411, 0.00358809251338, 0.00466310186312, 0.0035719522275, 0.00480185542256, 0.00816849153489, 0.00850861798972, 0.00522834062576, 0.00410850066692, 0.000778224261012, 0.000211394406506, 0.00010987357382, 7.14363050065e-005, 2.56516295849e-006, 1.51764378842e-008, 9.1330337737e-010]
        mean: [1.17089761886e-007, 8.35528117022e-005, 0.000216129556065, 0.000129974374431, 0.000226163814659, 0.000297370890621, 0.000235755549511, 0.000227549477131, 0.000576998922043, 0.000354506366421, 0.000186532459338, 0.000210606740438, 0.000180322807864, 0.000217528548092, 0.000189899612451, 0.000253171427175, 0.000432534754509, 0.000452184962342, 0.000615912897047, 0.000457757472759, 0.00023000233341, 6.9354835432e-005, 1.84605942195e-005, 7.41039730201e-006, 3.38920358445e-006, 9.7840086255e-008, 4.92747787018e-010, 5.40258011938e-011]
        median: [2.08448707184e-008, 6.67697313474e-005, 0.000170861516381, 8.88874492375e-005, 0.000124997954117, 0.000138659175718, 0.000109651140519, 9.44048224483e-005, 0.000259494030615, 0.000173416003236, 0.00010590608872, 0.000102702360891, 0.00010346063209, 0.000119598582387, 0.000106606319605, 0.000197604560526, 0.000319402199239, 0.000357949815225, 0.000552185520064, 0.000379609904485, 0.000185293189134, 4.95275489811e-005, 1.26962222566e-005, 4.80254720969e-006, 1.8601941747e-006, 4.8814431608e-008, 2.90247992307e-010, 2.09089880826e-011]
        min: [5.76036241665e-025, 2.13942272383e-024, 1.0990920919e-024, 2.1480926996e-024, 1.35809883235e-023, 8.79853407397e-024, 1.31992869305e-023, 6.79301457235e-024, 2.06228356578e-023, 5.14546792217e-024, 1.75071995359e-023, 2.68636326081e-023, 3.50724119028e-023, 5.06915265046e-023, 6.4606060996e-023, 5.56882850742e-023, 9.94621451505e-023, 8.91927601972e-023, 1.75276461795e-022, 1.93862302401e-022, 2.64967599068e-022, 3.44681652753e-022, 3.98147640927e-022, 5.49240757567e-022, 9.10643863374e-022, 1.35672605029e-021, 1.96436755645e-021, 4.83538110493e-022]
        var: [2.61236616107e-013, 5.40405098448e-009, 3.66712882283e-008, 1.92395326337e-008, 1.03922737082e-007, 2.50983759997e-007, 1.59625642482e-007, 1.58715465659e-007, 6.55977032693e-007, 2.24660752224e-007, 5.88639501586e-008, 9.21306195778e-008, 5.72726897019e-008, 8.25757027201e-008, 8.17742034087e-008, 5.00900831923e-008, 1.54969427513e-007, 1.43671854858e-007, 1.65921733242e-007, 1.38130573646e-007, 3.89656200639e-008, 4.7374810741e-009, 4.13637707419e-010, 8.47777542612e-011, 2.24401434934e-011, 2.63104628687e-014, 5.8584260383e-019, 7.23435927088e-021]
    mfcc:
        mean: [-675.832397461, 92.4058837891, -54.8917160034, 43.2129058838, -20.4000091553, -6.79547119141, 1.61672210693, 0.909501314163, 0.579588413239, -0.340339720249, -2.14548707008, -2.30973219872, -4.14961767197]
        cov: [[3778.58032227, 316.67565918, -21.3014087677, 53.1198577881, -148.995101929, 58.1096229553, -35.1470909119, 116.313323975, 46.4553985596, 18.6129817963, -7.89302253723, -69.2171096802, -107.074035645], [316.67565918, 667.689147949, -111.207603455, 161.593017578, 34.2318115234, 55.8034973145, 88.2709655762, 57.4939041138, 48.8665809631, 19.5040931702, -2.90667819977, -2.7011449337, 0.667087316513], [-21.3014087677, -111.207603455, 330.52923584, 51.4961624146, 57.5077781677, 50.5349159241, 22.9370346069, 16.7124023438, -3.64754796028, -8.98912906647, -29.8255462646, -11.054359436, 12.7691106796], [53.1198577881, 161.593017578, 51.4961624146, 249.290161133, 99.3144302368, 81.8486633301, 26.229227066, -14.2230110168, 18.076259613, 17.4519748688, -16.3269710541, -14.2742338181, 20.7788028717], [-148.995101929, 34.2318115234, 57.5077781677, 99.3144302368, 182.149688721, 82.1948318481, 28.8878574371, -12.2116708755, 17.5616207123, 29.7188034058, 4.61354541779, -0.317929297686, 16.067445755], [58.1096229553, 55.8034973145, 50.5349159241, 81.8486633301, 82.1948318481, 127.952087402, 67.7483139038, 20.1103420258, 9.05063152313, 13.0636997223, -0.815002679825, -4.42940330505, 6.06604623795], [-35.1470909119, 88.2709655762, 22.9370346069, 26.229227066, 28.8878574371, 67.7483139038, 167.019287109, 93.3352737427, 38.0941848755, -0.957759022713, -4.45131874084, 11.8754501343, 4.73040437698], [116.313323975, 57.4939041138, 16.7124023438, -14.2230110168, -12.2116708755, 20.1103420258, 93.3352737427, 143.818328857, 59.1535072327, 11.0814399719, 0.167146027088, 6.03589248657, -14.9374685287], [46.4553985596, 48.8665809631, -3.64754796028, 18.076259613, 17.5616207123, 9.05063152313, 38.0941848755, 59.1535072327, 94.4646911621, 49.657043457, 22.208562851, 4.41649627686, -6.50129079819], [18.6129817963, 19.5040931702, -8.98912906647, 17.4519748688, 29.7188034058, 13.0636997223, -0.957759022713, 11.0814399719, 49.657043457, 91.1339874268, 42.4519805908, 10.3607110977, -4.46035432816], [-7.89302253723, -2.90667819977, -29.8255462646, -16.3269710541, 4.61354541779, -0.815002679825, -4.45131874084, 0.167146027088, 22.208562851, 42.4519805908, 76.5317153931, 37.0219306946, 5.64157104492], [-69.2171096802, -2.7011449337, -11.054359436, -14.2742338181, -0.317929297686, -4.42940330505, 11.8754501343, 6.03589248657, 4.41649627686, 10.3607110977, 37.0219306946, 65.503578186, 35.9032783508], [-107.074035645, 0.667087316513, 12.7691106796, 20.7788028717, 16.067445755, 6.06604623795, 4.73040437698, -14.9374685287, -6.50129079819, -4.46035432816, 5.64157104492, 35.9032783508, 73.4333648682]]
        icov: [[0.000333055999363, -0.000164566241438, -5.48384196009e-005, -5.67742426938e-005, 0.000469976628665, -0.000546609750018, 0.000517994049005, -0.000376708485419, -5.30411853106e-005, 1.61166517501e-005, -7.99968256615e-005, 0.000116702445666, 0.000290423398837], [-0.000164566241438, 0.00232168892398, 0.00108588952571, -0.00170709111262, 1.69675549841e-005, 0.000316026009386, -0.000992525019683, -0.000420861237217, -0.000139405179652, -4.20383439632e-005, 0.000203675357625, -0.000135265392601, 1.72716881934e-005], [-5.48384196009e-005, 0.00108588952571, 0.00398858217523, -0.000904146640096, -0.000749870610889, -0.000811249250546, 8.93068281584e-005, -0.00115736504085, 0.00033495714888, -1.17762483569e-005, 0.00137555971742, 4.56943816971e-005, -0.000636719632894], [-5.67742426938e-005, -0.00170709111262, -0.000904146640096, 0.00751375965774, -0.0018889545463, -0.00280252890661, 0.000657638185658, 0.00187122798525, -0.00174579571467, -0.000362174643669, 0.00155474036001, 0.00122917734552, -0.00195004837587], [0.000469976628665, 1.69675549841e-005, -0.000749870610889, -0.0018889545463, 0.0100510204211, -0.00532769132406, 0.000378660159186, 0.00162905605976, -0.00157755205873, -0.00177388871089, 0.000256094383076, -0.000172875908902, -0.000284657144221], [-0.000546609750018, 0.000316026009386, -0.000811249250546, -0.00280252890661, -0.00532769132406, 0.0171444993466, -0.0070113777183, 0.000171371357283, 0.00397091638297, -0.00173117883969, -0.00230689928867, 0.00266584428027, -0.000509583507665], [0.000517994049005, -0.000992525019683, 8.93068281584e-005, 0.000657638185658, 0.000378660159186, -0.0070113777183, 0.0141222383827, -0.00747885880992, -0.00184768042527, 0.00262594339438, 0.00126812502276, -0.00256613688543, -0.000218872257392], [-0.000376708485419, -0.000420861237217, -0.00115736504085, 0.00187122798525, 0.00162905605976, 0.000171371357283, -0.00747885880992, 0.0165650416166, -0.00840668100864, 0.000977295800112, 0.00250621279702, -0.00315057556145, 0.00326999858953], [-5.30411853106e-005, -0.000139405179652, 0.00033495714888, -0.00174579571467, -0.00157755205873, 0.00397091638297, -0.00184768042527, -0.00840668100864, 0.0227110460401, -0.010245801881, -0.00255465693772, 0.00316239777021, -0.00117575493641], [1.61166517501e-005, -4.20383439632e-005, -1.17762483569e-005, -0.000362174643669, -0.00177388871089, -0.00173117883969, 0.00262594339438, 0.000977295800112, -0.010245801881, 0.0217782892287, -0.00965779833496, 0.00127717724536, 0.00122243782971], [-7.99968256615e-005, 0.000203675357625, 0.00137555971742, 0.00155474036001, 0.000256094383076, -0.00230689928867, 0.00126812502276, 0.00250621279702, -0.00255465693772, -0.00965779833496, 0.0279066544026, -0.0169997736812, 0.0051198718138], [0.000116702445666, -0.000135265392601, 4.56943816971e-005, 0.00122917734552, -0.000172875908902, 0.00266584428027, -0.00256613688543, -0.00315057556145, 0.00316239777021, 0.00127717724536, -0.0169997736812, 0.0346131213009, -0.0161019079387], [0.000290423398837, 1.72716881934e-005, -0.000636719632894, -0.00195004837587, -0.000284657144221, -0.000509583507665, -0.000218872257392, 0.00326999858953, -0.00117575493641, 0.00122243782971, 0.0051198718138, -0.0161019079387, 0.022936668247]]
    sccoeffs:
        dmean: [0.0545970201492, 0.0514938384295, 0.0413156040013, 0.0292399264872, 0.0201652403921, 0.0177622921765]
        dmean2: [0.0915943607688, 0.0862446948886, 0.0693241655827, 0.0487566068769, 0.0339117199183, 0.0290805064142]
        dvar: [0.00194131955504, 0.00176880392246, 0.00106634467375, 0.000525341893081, 0.000255817431025, 0.00023086303554]
        dvar2: [0.00535915093496, 0.00484912376851, 0.0029585971497, 0.00143399485387, 0.000714434369002, 0.000587291782722]
        max: [-0.28991779685, -0.425185590982, -0.553327798843, -0.613457560539, -0.649791061878, -0.55235004425]
        mean: [-0.658939898014, -0.758406877518, -0.773367404938, -0.794538676739, -0.797414302826, -0.746130526066]
        median: [-0.661756515503, -0.768547773361, -0.779007077217, -0.798731565475, -0.799228489399, -0.746383190155]
        min: [-0.969654202461, -0.97656339407, -0.977918505669, -0.976286709309, -0.962952971458, -0.963695704937]
        var: [0.00477788597345, 0.004756284412, 0.00337481219321, 0.00167613825761, 0.000735468347557, 0.00124676025007]
    scvalleys:
        dmean: [0.408058941364, 0.371693938971, 0.293799102306, 0.240468248725, 0.196874678135, 0.244106084108]
        dmean2: [0.677882015705, 0.614269554615, 0.481302559376, 0.396638453007, 0.330027997494, 0.388029009104]
        dvar: [0.166963353753, 0.149531781673, 0.104089908302, 0.0888367295265, 0.0862077847123, 0.127222567797]
        dvar2: [0.376251608133, 0.32667657733, 0.2095053792, 0.175696030259, 0.167194083333, 0.258595973253]
        max: [-5.3818321228, -4.5380692482, -4.81383705139, -5.50080060959, -5.31059360504, -7.60500478745]
        mean: [-7.16988325119, -6.38867092133, -6.47945928574, -6.80297136307, -6.59317588806, -9.3056268692]
        median: [-6.87326097488, -6.20961856842, -6.30438899994, -6.61588954926, -6.42844724655, -9.08679199219]
        min: [-27.938627243, -27.7787742615, -27.4223632813, -27.602350235, -27.5226154327, -27.3614883423]
        var: [2.22373199463, 1.86496496201, 1.85371100903, 1.60268640518, 1.52081823349, 2.01227426529]

rhythm:
    beats_loudness:
        dmean: 0.00155657203868
        dmean2: 0.00267870631069
        dvar: 1.81691120815e-006
        dvar2: 4.94824780617e-006
        max: 0.0140161849558
        mean: 0.00631222175434
        median: 0.00649527041242
        min: 3.04690495057e-010
        var: 4.71770727017e-006
    bpm: 141.9715271
    bpm_confidence: 0
    first_peak_bpm: 144
    first_peak_spread: 0.422535210848
    first_peak_weight: 0.506172835827
    onset_rate: 2.35647463799
    second_peak_bpm: 94
    second_peak_spread: 0.450980395079
    second_peak_weight: 0.0576131679118
    beats_loudness_band_ratio:
        dmean: [0.0484532378614, 0.085502050817, 0.121334224939, 0.0978994965553, 0.114251248538, 0.075739055872]
        dmean2: [0.084919936955, 0.153642430902, 0.212967321277, 0.174171283841, 0.197761356831, 0.128006353974]
        dvar: [0.00372912292369, 0.00784616917372, 0.0117829451337, 0.00716562755406, 0.00918795261532, 0.00484605366364]
        dvar2: [0.0115319704637, 0.0229294486344, 0.0342106595635, 0.021151682362, 0.0280485022813, 0.0142253469676]
        max: [0.783512234688, 0.686704158783, 0.730010032654, 0.493136376143, 0.698565363884, 0.64679646492]
        mean: [0.084697842598, 0.0981931015849, 0.221441507339, 0.168520539999, 0.262196063995, 0.207473173738]
        median: [0.0696912556887, 0.0676188692451, 0.194972857833, 0.151697486639, 0.243003383279, 0.196595609188]
        min: [4.34092980868e-005, 0.000181520692422, 0.0137085383758, 0.00870489422232, 0.0330864191055, 0.0218901578337]
        var: [0.00493236677721, 0.0088715525344, 0.0166457835585, 0.00943929236382, 0.0121670924127, 0.00618242798373]
    beats_position: [0.429569154978, 0.893968224525, 1.34675729275, 1.77632653713, 2.19428563118, 2.62385487556, 3.04181408882, 3.47138309479, 3.90095233917, 4.31891155243, 4.73687076569, 5.16644001007, 5.59600877762, 6.01396799088, 6.43192720413, 6.84988641739, 7.27945566177, 7.70902490616, 8.12698364258, 8.54494285583, 8.96290206909, 9.38086128235, 9.79882049561, 10.2167797089, 10.6347389221, 11.0643081665, 11.4938774109, 11.9234466553, 12.3530158997, 12.7709751129, 13.2005443573, 13.6301136017, 14.0480718613, 14.4660310745, 14.8956003189, 15.3251695633, 15.7431287766, 16.1610889435, 16.5790481567, 16.99700737, 17.4149665833, 17.8329238892, 18.2624931335, 18.6920623779, 19.1100215912, 19.5279808044, 19.9459400177, 20.363899231, 20.7702484131, 21.1998176575, 21.6293869019, 22.0473461151, 22.4769153595, 22.8948745728, 23.3244438171, 23.7540130615, 24.1719722748, 24.589931488, 25.0078907013, 25.4374599457, 25.8670291901, 26.2849884033, 26.7029476166, 27.1209068298, 27.5620861053, 27.9800453186, 28.3980045319, 28.8275737762, 29.2455329895, 29.6751022339, 30.0930614471, 30.5110206604, 30.9405899048, 31.358549118, 31.776506424, 32.2060775757, 32.6240348816, 33.053604126, 33.4831733704, 33.901134491, 34.3190917969, 34.7370529175, 35.1666221619, 35.5961914063, 36.0141487122, 36.4321098328, 36.8500671387, 37.2796363831, 37.7092056274, 38.1271629333, 38.545124054, 38.9630813599, 39.3810424805, 39.8106117249, 40.2285690308, 40.6581382751, 41.0760993958, 41.4940567017, 41.923625946, 42.3415870667, 42.771156311, 43.1891136169, 43.6070747375, 44.0366439819, 44.4662132263, 44.8841705322, 45.3021316528, 45.7317008972, 46.1612701416, 46.5792274475, 46.9971885681, 47.415145874, 47.8331069946, 48.2510643005, 48.6690254211, 49.0869827271, 49.5165519714, 49.9461212158, 50.3640823364, 50.7820396423, 51.2116088867, 51.6295700073, 52.0475273132, 52.4770965576, 52.8950538635, 53.3130149841, 53.7425842285, 54.1721534729, 54.6017227173, 55.0312919617, 55.4492492676, 55.8672103882, 56.2851676941, 56.7031288147, 57.1326980591, 57.550655365, 57.9686164856, 58.39818573, 58.8277549744, 59.2573242188, 59.6752815247, 60.0932426453, 60.5111999512, 60.9407691956, 61.3703384399, 61.7882995605, 62.2062568665, 62.6242179871, 63.0537872314, 63.4833564758, 63.9013137817, 64.3192749023, 64.7372360229, 65.1668014526, 65.5963668823, 66.0143280029, 66.4322891235, 66.8502502441, 67.2798156738, 67.6977767944, 68.115737915, 68.5453033447, 68.9632644653, 69.392829895, 69.8107910156, 70.2403640747, 70.6583175659, 71.0762786865, 71.4942398071, 71.9238052368, 72.3533782959, 72.7713394165, 73.1892929077, 73.6188659668, 74.0484313965, 74.4663925171, 74.8843536377, 75.3023147583, 75.7202682495, 76.1498413086, 76.5794067383, 76.9973678589, 77.4153289795, 77.8332901001, 78.2512435913, 78.6808166504, 79.1103820801, 79.5283432007, 79.9579086304, 80.3874816895, 80.8054428101, 81.2233963013, 81.6413574219, 82.0593185425, 82.4772796631, 82.9068450928, 83.3364181519, 83.7543716431, 84.1723327637, 84.6019058228, 85.0314712524, 85.449432373, 85.8673934937, 86.2969589233, 86.7265319824, 87.1444854736, 87.5624465942, 87.9804077148, 88.3983688354, 88.8279342651, 89.2575073242, 89.6754608154, 90.093421936, 90.5113830566, 90.9293441772, 91.3589096069, 91.788482666, 92.2064361572, 92.6243972778, 93.0539703369, 93.4835357666, 93.9014968872, 94.3194503784, 94.737411499, 95.1669845581, 95.5965499878, 96.0145111084, 96.4440765381, 96.8620376587, 97.2916107178, 97.7211761475, 98.1507492065, 98.5570983887, 98.9634475708, 99.3930130005, 99.8225860596, 100.240539551, 100.658500671, 101.076461792, 101.494422913, 101.923988342, 102.353561401, 102.771514893, 103.201087952, 103.630653381, 104.06022644, 104.48979187, 104.919364929, 105.348930359, 105.894599915, 106.428657532, 106.974327087, 107.624488831, 108.274642944, 108.924804688, 109.563354492, 110.201904297, 110.852058411, 111.490608215, 112.12915802, 112.767707825, 113.406257629, 114.044807434, 114.694961548, 115.345123291, 115.995285034, 116.645439148, 117.295600891, 117.945755005, 118.58430481, 119.222854614, 119.873016357, 120.511566162, 121.150108337, 121.788658142, 122.415596008, 123.042533875, 123.66947937, 124.308021545, 124.94657135, 125.573509216, 126.212059021, 126.850608826, 127.477546692, 128.116104126, 128.754638672, 129.393188477, 130.031738281, 130.670288086, 131.297225952, 131.935775757, 132.562713623, 133.189651489, 133.828201294, 134.466751099, 135.093688965, 135.73223877, 136.370788574, 137.009338379, 137.647888184, 138.27482605, 138.901763916, 139.528701782, 139.946670532, 140.376235962, 140.805801392, 141.223754883, 141.641723633, 142.059677124, 142.489242554, 142.907211304, 143.336776733, 143.766342163, 144.195922852, 144.613876343, 145.031829834, 145.449798584, 145.867752075, 146.285705566, 146.715286255, 147.144851685, 147.562805176, 147.980773926, 148.398727417, 148.828292847, 149.257858276, 149.675827026, 150.093780518, 150.511749268, 150.929702759, 151.34765625, 151.765625, 152.19519043, 152.624755859, 153.042724609, 153.472290039, 153.901855469, 154.31980896, 154.73777771, 155.16734314, 155.596908569, 156.014877319, 156.432830811, 156.850784302, 157.28036499, 157.70993042, 158.127883911, 158.545852661, 158.963806152, 159.381759644, 159.811340332, 160.229293823, 160.647247314, 161.065216064, 161.494781494, 161.912734985, 162.342315674, 162.771881104, 163.189834595, 163.607803345, 164.025756836, 164.455322266, 164.884887695, 165.302856445, 165.732421875, 166.161987305, 166.579956055, 166.997909546, 167.415863037, 167.845443726, 168.275009155, 168.692962646, 169.110931396, 169.528884888, 169.946838379, 170.376419067, 170.805984497, 171.223937988, 171.641906738, 172.059860229, 172.489425659, 172.919006348, 173.336959839, 173.75491333, 174.17288208, 174.60244751, 175.032012939, 175.449981689, 175.867935181, 176.29750061, 176.72706604, 177.14503479, 177.562988281, 177.992553711, 178.422134399, 178.840087891, 179.258041382, 179.676010132, 180.105575562, 180.523529053, 180.941497803, 181.371063232, 181.789016724, 182.206985474, 182.624938965, 183.042892456, 183.460861206, 183.878814697, 184.308380127, 184.737960815, 185.167526245, 185.597091675, 186.015060425, 186.433013916, 186.862579346, 187.292144775, 187.710113525, 188.128067017, 188.546035767, 188.963989258, 189.393554688, 189.823120117, 190.241088867, 190.659042358, 191.07699585, 191.4949646, 191.924530029, 192.354095459, 192.772064209, 193.1900177, 193.607971191, 194.03755188, 194.46711731, 194.885070801, 195.303039551, 195.720993042, 196.138946533, 196.556915283, 196.974868774, 197.404434204, 197.834014893, 198.251968384, 198.681533813, 199.099502563, 199.529067993, 199.947021484, 200.364990234, 200.794555664, 201.212509155, 201.642089844, 202.060043335, 202.489608765, 202.919174194, 203.348754883, 203.778320313, 204.196273804, 204.614242554, 205.032196045, 205.461761475, 205.891326904, 206.309295654, 206.738861084, 207.168426514, 207.586395264, 208.004348755, 208.422302246, 208.840270996, 209.258224487, 209.676193237, 210.105758667, 210.535324097, 210.953277588, 211.371246338, 211.789199829, 212.218765259, 212.636734009, 213.0546875, 213.48425293, 213.90222168, 214.320175171, 214.749740601, 215.179321289, 215.608886719, 216.038452148, 216.479629517, 216.932418823, 217.38520813]
