
metadata:
    version:
        essentia: "2.1-beta2"
    audio_properties:
        analysis_sample_rate: 44100
        bitrate: 320
        channels: 2
        equal_loudness: 1
        length: 263.20980835
        replay_gain: -14.452507019
        downmix: "mix"
    tags:
        album: "Twilight Of The Thunder God"
        artist: "Amon Amarth"
        comment: ""
        date: "2008"
        genre: "Melodic Death Metal"
        title: "Guardians Of Asgaard"
        tracknumber: "3"

configuration:
    average_loudness:
        compute: 1
        frameSize: 88200
        hopSize: 44100
        silentFrames: "noise"
        windowType: "hann"
    general:
        analysisSampleRate: 44100
        endTime: 2000
        equalLoudness: 1
        nequalLoudness: 0
        shortSound: 0
        startTime: 0
    lowlevel:
        compute: 1
        frameSize: 2048
        hopSize: 1024
        zeroPadding: 0
        silentFrames: "noise"
        windowType: "blackmanharris62"
        mfccStats: ["mean", "cov", "icov"]
        stats: ["mean", "var", "median", "min", "max", "dmean", "dmean2", "dvar", "dvar2"]
    panning:
        compute: 0
        frameSize: 8192
        hopSize: 2048
        zeroPadding: 8192
        silentFrames: "noise"
        windowType: "hann"
        stats: ["copy"]
    rhythm:
        compute: 1
        maxTempo: 208
        minTempo: 40
        method: "degara"
        stats: ["mean", "var", "median", "min", "max", "dmean", "dmean2", "dvar", "dvar2"]
    segmentation:
        compute: 0
        cpw: 5
        inc1: 300
        inc2: 50
        minimumSegmentsLength: 10
        size1: 1000
        size2: 600
    sfx:
        compute: 1
        stats: ["mean", "var", "median", "min", "max", "dmean", "dmean2", "dvar", "dvar2"]
    svm:
        compute: 0
    tonal:
        compute: 1
        frameSize: 4096
        hopSize: 2048
        zeroPadding: 0
        silentFrames: "noise"
        windowType: "blackmanharris62"
        stats: ["mean", "var", "median", "min", "max", "dmean", "dmean2", "dvar", "dvar2"]

lowlevel:
    average_loudness: 0.93687081337
    barkbands_kurtosis:
        dmean: 1.30412638187
        dmean2: 2.15385341644
        dvar: 60.8021850586
        dvar2: 166.452331543
        max: 215.895706177
        mean: 0.807605624199
        median: -1.27551007271
        min: -1.83282935619
        var: 204.423080444
    barkbands_skewness:
        dmean: 0.368698686361
        dmean2: 0.599520981312
        dvar: 0.195613607764
        dvar2: 0.503175735474
        max: 13.1254968643
        mean: 0.384432792664
        median: 0.166990682483
        min: -2.27772855759
        var: 1.70701682568
    barkbands_spread:
        dmean: 4.92928314209
        dmean2: 8.10036563873
        dvar: 21.9047470093
        dvar2: 55.8533248901
        max: 67.3032226563
        mean: 35.3358192444
        median: 35.8879356384
        min: 0.688017845154
        var: 81.4877471924
    dissonance:
        dmean: 0.0104893632233
        dmean2: 0.0180826149881
        dvar: 9.9563607364e-005
        dvar2: 0.000286049820716
        max: 0.5
        mean: 0.483189076185
        median: 0.485641360283
        min: 0.260572582483
        var: 0.000137824259582
    hfc:
        dmean: 1.82083213329
        dmean2: 3.01028132439
        dvar: 4.91043233871
        dvar2: 12.9254875183
        max: 29.3418140411
        mean: 8.21656608582
        median: 8.2301158905
        min: 1.07034133857e-016
        var: 17.4054870605
    pitch:
        dmean: 834.323913574
        dmean2: 1605.2565918
        dvar: 1659177.375
        dvar2: 4211547.5
        max: 4706.36523438
        mean: 978.857177734
        median: 305.008728027
        min: 54.726978302
        var: 1741828.25
    pitch_instantaneous_confidence:
        dmean: 0.0637854412198
        dmean2: 0.106854841113
        dvar: 0.00294032762758
        dvar2: 0.00781555194408
        max: 0.823583006859
        mean: 0.278125822544
        median: 0.245062589645
        min: 0.0980184674263
        var: 0.0129828266799
    pitch_salience:
        dmean: 0.0561889186502
        dmean2: 0.0955086648464
        dvar: 0.00283478712663
        dvar2: 0.00818103179336
        max: 0.976538896561
        mean: 0.68341165781
        median: 0.709961116314
        min: 0.0479101985693
        var: 0.0104589732364
    silence_rate_20dB:
        dmean: 0
        dmean2: 0
        dvar: 0
        dvar2: 0
        max: 1
        mean: 1
        median: 1
        min: 1
        var: 0
    silence_rate_30dB:
        dmean: 0
        dmean2: 0
        dvar: 0
        dvar2: 0
        max: 1
        mean: 1
        median: 1
        min: 1
        var: 0
    silence_rate_60dB:
        dmean: 0.0568101629615
        dmean2: 0.113630346954
        dvar: 0.0535893030465
        dvar2: 0.116618037224
        max: 1
        mean: 0.18126489222
        median: 0
        min: 0
        var: 0.148390933871
    spectral_centroid:
        dmean: 240.875198364
        dmean2: 397.744781494
        dvar: 58670.984375
        dvar2: 136087.25
        max: 11785.7832031
        mean: 1555.21228027
        median: 1560.43151855
        min: 105.482406616
        var: 621901.125
    spectral_complexity:
        dmean: 3.89573049545
        dmean2: 6.19073677063
        dvar: 13.56300354
        dvar2: 31.2664699554
        max: 47
        mean: 19.0443687439
        median: 19
        min: 0
        var: 91.2387771606
    spectral_crest:
        dmean: 1.70616889
        dmean2: 2.89865589142
        dvar: 2.67147564888
        dvar2: 7.11418056488
        max: 23.7304515839
        mean: 5.74141550064
        median: 4.85622787476
        min: 2.21575951576
        var: 8.60635948181
    spectral_decrease:
        dmean: 2.97338625943e-010
        dmean2: 5.01178654133e-010
        dvar: 2.25537825048e-019
        dvar2: 6.17854545234e-019
        max: 2.27761053002e-028
        mean: -1.21427357058e-009
        median: -1.18496112922e-009
        min: -5.32815835896e-009
        var: 3.75439521504e-019
    spectral_energy:
        dmean: 0.00124316522852
        dmean2: 0.00208770530298
        dvar: 3.78043023375e-006
        dvar2: 1.03056863736e-005
        max: 0.0218936000019
        mean: 0.00532820774242
        median: 0.00522324629128
        min: 1.01407981014e-020
        var: 6.90786964697e-006
    spectral_energyband_high:
        dmean: 0.000170131505001
        dmean2: 0.000294706696877
        dvar: 5.02031269889e-008
        dvar2: 1.3773859564e-007
        max: 0.00262308912352
        mean: 0.000434305984527
        median: 0.00039466333692
        min: 7.10371239392e-021
        var: 8.30195503454e-008
    spectral_energyband_low:
        dmean: 0.000370944704628
        dmean2: 0.00063172832597
        dvar: 1.58750793844e-007
        dvar2: 4.37821370269e-007
        max: 0.00406042300165
        mean: 0.000658084754832
        median: 0.000523625174537
        min: 1.27114892677e-023
        var: 2.46854540364e-007
    spectral_energyband_middle_high:
        dmean: 0.00049051590031
        dmean2: 0.000784251024015
        dvar: 2.42155863361e-007
        dvar2: 6.07566846611e-007
        max: 0.0082146441564
        mean: 0.00228743045591
        median: 0.00226976908743
        min: 1.05093640137e-021
        var: 1.49788365889e-006
    spectral_energyband_middle_low:
        dmean: 0.000892184616532
        dmean2: 0.00153152120765
        dvar: 2.4779103569e-006
        dvar2: 6.9038133006e-006
        max: 0.0164993274957
        mean: 0.00216220924631
        median: 0.00189778988715
        min: 1.89768467712e-022
        var: 2.75005618278e-006
    spectral_flatness_db:
        dmean: 0.0121141271666
        dmean2: 0.0200207531452
        dvar: 0.00015325685672
        dvar2: 0.000392224494135
        max: 0.425539076328
        mean: 0.13190600276
        median: 0.124817170203
        min: 0.0603114999831
        var: 0.0012414745288
    spectral_flux:
        dmean: 0.00699934037402
        dmean2: 0.010756900534
        dvar: 8.29095661175e-005
        dvar2: 0.000162494834512
        max: 0.116266861558
        mean: 0.043529137969
        median: 0.0433381646872
        min: 6.40831276932e-011
        var: 0.000244558876147
    spectral_kurtosis:
        dmean: 1.01188409328
        dmean2: 1.74260401726
        dvar: 1.27558195591
        dvar2: 3.73760128021
        max: 29.6743793488
        mean: 3.20064043999
        median: 2.88589715958
        min: -1.24665856361
        var: 3.82878756523
    spectral_rms:
        dmean: 0.000247715099249
        dmean2: 0.000407207582612
        dvar: 1.04530954559e-007
        dvar2: 2.72250076705e-007
        max: 0.00462164590135
        mean: 0.00219459319487
        median: 0.00225739902817
        min: 3.14538737937e-012
        var: 3.82007669941e-007
    spectral_rolloff:
        dmean: 380.639953613
        dmean2: 640.125305176
        dvar: 241794.78125
        dvar2: 567404.1875
        max: 19466.015625
        mean: 3203.03369141
        median: 3359.1796875
        min: 107.666015625
        var: 1823294.875
    spectral_skewness:
        dmean: 0.159396454692
        dmean2: 0.269183158875
        dvar: 0.0261252541095
        dvar2: 0.069682314992
        max: 3.85454630852
        mean: 1.25600647926
        median: 1.23445785046
        min: -0.0717613697052
        var: 0.12305098027
    spectral_spread:
        dmean: 377027.4375
        dmean2: 590859.0625
        dvar: 325203525632
        dvar2: 680649359360
        max: 42373752
        mean: 4566268.5
        median: 4332907
        min: 1777930.625
        var: 6.88307673498e+012
    spectral_strongpeak:
        dmean: 0.25049161911
        dmean2: 0.435653328896
        dvar: 0.202450424433
        dvar2: 0.534122049809
        max: 7.36346387863
        mean: 0.367409437895
        median: 0.195815265179
        min: 0
        var: 0.337408959866
    zerocrossingrate:
        dmean: 0.00716803409159
        dmean2: 0.00885204132646
        dvar: 5.16412001161e-005
        dvar2: 6.33080926491e-005
        max: 0.52978515625
        mean: 0.0922526419163
        median: 0.09375
        min: 0.00439453125
        var: 0.001256649266
    barkbands:
        dmean: [3.71657790765e-007, 0.000111759036372, 0.000230903286138, 0.000299972190987, 0.000432540633483, 0.00020688175573, 0.000190563354408, 0.000139381401823, 0.000184470321983, 0.000117157702334, 9.65962026385e-005, 7.89828554844e-005, 5.30384713784e-005, 6.07729816693e-005, 6.0331862187e-005, 0.000110504370241, 0.000145466518006, 0.000124596452224, 0.000161819218192, 0.000123558129417, 8.75822734088e-005, 3.63843828382e-005, 6.50925403534e-006, 1.49288837292e-006, 5.5596240145e-007, 1.72244547514e-008, 3.33571253952e-010]
        dmean2: [5.6594757325e-007, 0.00019443439669, 0.000393271213397, 0.000526176241692, 0.000758867070545, 0.000348969217157, 0.000320175342495, 0.000234803155763, 0.000306032365188, 0.000196547756786, 0.000161034651683, 0.000132221975946, 8.80117659108e-005, 0.000100866025605, 0.000100606339402, 0.000184598306078, 0.00024602614576, 0.000209833378904, 0.000271557131782, 0.000207359888009, 0.000151510204887, 6.47656270303e-005, 1.14130243674e-005, 2.49988215728e-006, 8.92188893431e-007, 2.74379825527e-008, 5.7201937631e-010]
        dvar: [2.23647353892e-013, 1.98631298076e-008, 6.58308962898e-008, 3.59288662821e-007, 8.18380215151e-007, 1.02437340388e-007, 8.22462666861e-008, 5.83103876295e-008, 9.4665836059e-008, 4.09167810744e-008, 3.18649107101e-008, 1.57212660667e-008, 5.74585179436e-009, 7.7196160575e-009, 6.7440613094e-009, 1.45794274431e-008, 2.4052466685e-008, 1.70721676795e-008, 2.92546751268e-008, 2.00647445325e-008, 1.27403803063e-008, 3.29064042681e-009, 1.16891593627e-010, 6.83880035934e-012, 9.414483082e-013, 1.11961630237e-015, 2.09357448483e-019]
        dvar2: [4.8332534806e-013, 5.70594487215e-008, 1.80196025212e-007, 1.03256036255e-006, 2.32021238844e-006, 2.83203064555e-007, 2.24004892857e-007, 1.57534444156e-007, 2.60299799493e-007, 1.11806230052e-007, 8.79263595266e-008, 4.32940225892e-008, 1.4987067587e-008, 2.00404368655e-008, 1.7168225952e-008, 3.84303184831e-008, 6.60411529907e-008, 4.81684914178e-008, 7.87043816786e-008, 5.41253299957e-008, 3.47189086369e-008, 9.20318132813e-009, 3.13466697044e-010, 1.58324950372e-011, 2.0825719621e-012, 2.56071591306e-015, 5.55877882742e-019]
        max: [4.40437406724e-006, 0.00144503440242, 0.00277972850017, 0.00640430115163, 0.0107094217092, 0.00568872364238, 0.00480344472453, 0.00487578520551, 0.00475618802011, 0.00302271172404, 0.00285980151966, 0.00279941223562, 0.00133483519312, 0.00203842786141, 0.00172288913745, 0.0020236435812, 0.00268002110533, 0.00211890577339, 0.0027249136474, 0.00212789187208, 0.00153066043276, 0.000716060050763, 0.000210819736822, 9.89290492726e-005, 2.86662780127e-005, 1.10834037059e-006, 1.52153862842e-008]
        mean: [5.44924603219e-007, 0.000151779779117, 0.000327276502503, 0.000365682906704, 0.000568457879126, 0.00033243917278, 0.000292204262223, 0.000212046841625, 0.000335918564815, 0.000210448008147, 0.000158908733283, 0.000140321659273, 9.92327186395e-005, 0.000118357209431, 0.000124215599499, 0.000237700689468, 0.000338279583957, 0.000304384797346, 0.00041478293133, 0.000322850653902, 0.00019600772066, 6.20328646619e-005, 9.96059588942e-006, 3.0999167393e-006, 1.2445198081e-006, 3.55254528017e-008, 5.53757928401e-010]
        median: [3.21834619399e-007, 0.000118322233902, 0.00023352864082, 0.000198712790734, 0.000353305513272, 0.000210054728086, 0.000170851213625, 9.16384960874e-005, 0.000145020123455, 9.25702406676e-005, 6.23337036814e-005, 7.60550537962e-005, 7.01697717886e-005, 8.76989724929e-005, 9.47363951127e-005, 0.000204694544664, 0.00029413876473, 0.000281736167381, 0.000376824522391, 0.000289413786959, 0.000172379601281, 4.86608551e-005, 6.66886626277e-006, 2.09278232433e-006, 8.55280802625e-007, 2.10911448306e-008, 3.51624201977e-010]
        min: [8.72446141548e-025, 2.09880999506e-024, 1.784470618e-024, 2.30611455513e-024, 8.06862632192e-024, 6.23616002594e-024, 1.38465220597e-023, 1.23687063274e-023, 2.21867950009e-023, 3.66838701387e-024, 1.1839204744e-023, 4.16277860717e-023, 2.5148462829e-023, 4.32106954315e-023, 5.95944276652e-023, 6.24264256931e-023, 7.01828279685e-023, 9.57430257029e-023, 1.37561804466e-022, 1.80886815309e-022, 2.78800357083e-022, 2.55586465183e-022, 4.46375264523e-022, 5.47061027601e-022, 8.9689006718e-022, 1.29028462552e-021, 1.9437108613e-021]
        var: [3.85037596425e-013, 1.86009661007e-008, 9.93549065242e-008, 3.07697092694e-007, 6.42475299628e-007, 1.54273152475e-007, 1.26848377136e-007, 9.37991657679e-008, 2.09926199091e-007, 9.6294826335e-008, 6.07511410067e-008, 3.03246210365e-008, 1.17430563051e-008, 1.463321464e-008, 1.46328087425e-008, 3.18686161904e-008, 6.55472760513e-008, 3.7549217069e-008, 7.84767877349e-008, 4.92986806933e-008, 1.97082137277e-008, 3.16552073443e-009, 1.34100452964e-010, 1.52295641376e-011, 2.20799658938e-012, 2.38253956799e-015, 4.42312188493e-019]
    frequency_bands:
        dmean: [3.71657790765e-007, 0.000111759036372, 0.000230903286138, 0.000299972190987, 0.000432540633483, 0.00020688175573, 0.000190563354408, 0.000139381401823, 0.000184470321983, 0.000117157702334, 9.65962026385e-005, 7.89828554844e-005, 5.30384713784e-005, 6.07729816693e-005, 6.0331862187e-005, 0.000110504370241, 0.000145466518006, 0.000124596452224, 0.000161819218192, 0.000123558129417, 8.75822734088e-005, 3.63843828382e-005, 6.50925403534e-006, 1.49288837292e-006, 5.5596240145e-007, 1.72244547514e-008, 3.33571253952e-010, 6.41337746798e-011]
        dmean2: [5.6594757325e-007, 0.00019443439669, 0.000393271213397, 0.000526176241692, 0.000758867070545, 0.000348969217157, 0.000320175342495, 0.000234803155763, 0.000306032365188, 0.000196547756786, 0.000161034651683, 0.000132221975946, 8.80117659108e-005, 0.000100866025605, 0.000100606339402, 0.000184598306078, 0.00024602614576, 0.000209833378904, 0.000271557131782, 0.000207359888009, 0.000151510204887, 6.47656270303e-005, 1.14130243674e-005, 2.49988215728e-006, 8.92188893431e-007, 2.74379825527e-008, 5.7201937631e-010, 1.19288370848e-010]
        dvar: [2.23647353892e-013, 1.98631298076e-008, 6.58308962898e-008, 3.59288662821e-007, 8.18380215151e-007, 1.02437340388e-007, 8.22462666861e-008, 5.83103876295e-008, 9.4665836059e-008, 4.09167810744e-008, 3.18649107101e-008, 1.57212660667e-008, 5.74585179436e-009, 7.7196160575e-009, 6.7440613094e-009, 1.45794274431e-008, 2.4052466685e-008, 1.70721676795e-008, 2.92546751268e-008, 2.00647445325e-008, 1.27403803063e-008, 3.29064042681e-009, 1.16891593627e-010, 6.83880035934e-012, 9.414483082e-013, 1.11961630237e-015, 2.09357448483e-019, 8.30731430735e-021]
        dvar2: [4.8332534806e-013, 5.70594487215e-008, 1.80196025212e-007, 1.03256036255e-006, 2.32021238844e-006, 2.83203064555e-007, 2.24004892857e-007, 1.57534444156e-007, 2.60299799493e-007, 1.11806230052e-007, 8.79263595266e-008, 4.32940225892e-008, 1.4987067587e-008, 2.00404368655e-008, 1.7168225952e-008, 3.84303184831e-008, 6.60411529907e-008, 4.81684914178e-008, 7.87043816786e-008, 5.41253299957e-008, 3.47189086369e-008, 9.20318132813e-009, 3.13466697044e-010, 1.58324950372e-011, 2.0825719621e-012, 2.56071591306e-015, 5.55877882742e-019, 2.64632477829e-020]
        max: [4.40437406724e-006, 0.00144503440242, 0.00277972850017, 0.00640430115163, 0.0107094217092, 0.00568872364238, 0.00480344472453, 0.00487578520551, 0.00475618802011, 0.00302271172404, 0.00285980151966, 0.00279941223562, 0.00133483519312, 0.00203842786141, 0.00172288913745, 0.0020236435812, 0.00268002110533, 0.00211890577339, 0.0027249136474, 0.00212789187208, 0.00153066043276, 0.000716060050763, 0.000210819736822, 9.89290492726e-005, 2.86662780127e-005, 1.10834037059e-006, 1.52153862842e-008, 1.66648050914e-009]
        mean: [5.44924603219e-007, 0.000151779779117, 0.000327276502503, 0.000365682906704, 0.000568457879126, 0.00033243917278, 0.000292204262223, 0.000212046841625, 0.000335918564815, 0.000210448008147, 0.000158908733283, 0.000140321659273, 9.92327186395e-005, 0.000118357209431, 0.000124215599499, 0.000237700689468, 0.000338279583957, 0.000304384797346, 0.00041478293133, 0.000322850653902, 0.00019600772066, 6.20328646619e-005, 9.96059588942e-006, 3.0999167393e-006, 1.2445198081e-006, 3.55254528017e-008, 5.53757928401e-010, 5.00177156637e-011]
        median: [3.21834619399e-007, 0.000118322233902, 0.00023352864082, 0.000198712790734, 0.000353305513272, 0.000210054728086, 0.000170851213625, 9.16384960874e-005, 0.000145020123455, 9.25702406676e-005, 6.23337036814e-005, 7.60550537962e-005, 7.01697717886e-005, 8.76989724929e-005, 9.47363951127e-005, 0.000204694544664, 0.00029413876473, 0.000281736167381, 0.000376824522391, 0.000289413786959, 0.000172379601281, 4.86608551e-005, 6.66886626277e-006, 2.09278232433e-006, 8.55280802625e-007, 2.10911448306e-008, 3.51624201977e-010, 1.94604332648e-011]
        min: [8.72446141548e-025, 2.09880999506e-024, 1.784470618e-024, 2.30611455513e-024, 8.06862632192e-024, 6.23616002594e-024, 1.38465220597e-023, 1.23687063274e-023, 2.21867950009e-023, 3.66838701387e-024, 1.1839204744e-023, 4.16277860717e-023, 2.5148462829e-023, 4.32106954315e-023, 5.95944276652e-023, 6.24264256931e-023, 7.01828279685e-023, 9.57430257029e-023, 1.37561804466e-022, 1.80886815309e-022, 2.78800357083e-022, 2.55586465183e-022, 4.46375264523e-022, 5.47061027601e-022, 8.9689006718e-022, 1.29028462552e-021, 1.9437108613e-021, 4.81087618221e-022]
        var: [3.85037596425e-013, 1.86009661007e-008, 9.93549065242e-008, 3.07697092694e-007, 6.42475299628e-007, 1.54273152475e-007, 1.26848377136e-007, 9.37991657679e-008, 2.09926199091e-007, 9.6294826335e-008, 6.07511410067e-008, 3.03246210365e-008, 1.17430563051e-008, 1.463321464e-008, 1.46328087425e-008, 3.18686161904e-008, 6.55472760513e-008, 3.7549217069e-008, 7.84767877349e-008, 4.92986806933e-008, 1.97082137277e-008, 3.16552073443e-009, 1.34100452964e-010, 1.52295641376e-011, 2.20799658938e-012, 2.38253956799e-015, 4.42312188493e-019, 6.63819832885e-021]
    mfcc:
        mean: [-690.962890625, 111.602294922, -46.9779090881, 58.2704238892, -15.8490877151, 0.0640275850892, -1.51555895805, -1.66951012611, 3.03598499298, -5.79897451401, -3.02532601357, -2.73678207397, -3.69999742508]
        cov: [[6224.73193359, 781.841369629, -714.762451172, 343.192230225, -470.015441895, -152.983093262, -163.784362793, -66.6522216797, -79.522064209, -106.407035828, -110.99092865, -49.2650794983, -50.5399131775], [781.841369629, 619.404968262, -285.894256592, 196.23815918, -104.350509644, -31.1315422058, -12.5606374741, -30.8112678528, 41.0152931213, -49.2340888977, 4.95670986176, -13.2884464264, -7.9277176857], [-714.762451172, -285.894256592, 409.769683838, -127.4477005, 102.478088379, 39.4148483276, 3.87371230125, 62.8667678833, -18.7872142792, 34.9159469604, -18.9281139374, 3.08648538589, 1.92130661011], [343.192230225, 196.23815918, -127.4477005, 222.561416626, 26.2803039551, 25.1323184967, -5.39238214493, -56.0881385803, -3.12744450569, -29.4911308289, 11.2872028351, -12.6172809601, -8.93233394623], [-470.015441895, -104.350509644, 102.478088379, 26.2803039551, 167.158447266, 55.9164009094, 13.9966344833, -39.0326957703, -26.8757743835, 12.7646894455, 9.33380699158, 1.10874223709, -2.66942429543], [-152.983093262, -31.1315422058, 39.4148483276, 25.1323184967, 55.9164009094, 72.3049163818, 14.9872808456, -4.51750564575, -11.6017103195, 0.367454737425, 6.40923500061, 0.825950026512, 1.89106440544], [-163.784362793, -12.5606374741, 3.87371230125, -5.39238214493, 13.9966344833, 14.9872808456, 67.9485244751, 30.0445957184, 19.4515762329, 2.88675451279, 2.73103189468, -0.696004331112, -1.06911611557], [-66.6522216797, -30.8112678528, 62.8667678833, -56.0881385803, -39.0326957703, -4.51750564575, 30.0445957184, 98.9999237061, 39.7251815796, 17.3840370178, -7.6296339035, 2.9980969429, 3.68936705589], [-79.522064209, 41.0152931213, -18.7872142792, -3.12744450569, -26.8757743835, -11.6017103195, 19.4515762329, 39.7251815796, 68.409538269, 19.0507602692, 10.7396688461, -2.09577560425, -1.86588859558], [-106.407035828, -49.2340888977, 34.9159469604, -29.4911308289, 12.7646894455, 0.367454737425, 2.88675451279, 17.3840370178, 19.0507602692, 50.5160331726, 17.6167602539, 7.55957794189, -1.04001688957], [-110.99092865, 4.95670986176, -18.9281139374, 11.2872028351, 9.33380699158, 6.40923500061, 2.73103189468, -7.6296339035, 10.7396688461, 17.6167602539, 48.0253334045, 19.4823589325, 11.1487646103], [-49.2650794983, -13.2884464264, 3.08648538589, -12.6172809601, 1.10874223709, 0.825950026512, -0.696004331112, 2.9980969429, -2.09577560425, 7.55957794189, 19.4823589325, 43.9591331482, 22.8088264465], [-50.5399131775, -7.9277176857, 1.92130661011, -8.93233394623, -2.66942429543, 1.89106440544, -1.06911611557, 3.68936705589, -1.86588859558, -1.04001688957, 11.1487646103, 22.8088264465, 43.2988510132]]
        icov: [[0.000316893972922, -9.07386056497e-005, 0.000324056920363, -0.000497077824548, 0.000753506144974, 1.43536881296e-005, 0.000410383945564, -0.000326171604684, 0.000913008640055, -0.000634410185739, 0.000798726803623, -0.000139671363286, 0.000212127153645], [-9.07386056497e-005, 0.00332731520757, 0.00100081425626, -0.00220864498988, 0.000929936242756, 0.000297802500427, 0.000485054042656, -0.000156515554409, -0.00202725897543, 0.00166928512044, 4.37790140495e-006, -0.000287801231025, 0.00017610550276], [0.000324056920363, 0.00100081425626, 0.00610633101314, 0.00106124591548, -0.00340323755518, -0.000837287574541, 0.00344700808637, -0.00582322990522, 0.00237364158966, -0.000925069150981, 0.00207515526563, 0.000284933281364, 0.000313164578984], [-0.000497077824548, -0.00220864498988, 0.00106124591548, 0.00993442256004, -0.00405650958419, -0.00302469101734, 0.000407284795074, 0.00204548682086, -0.00244812550955, 0.00392809417099, -0.00313013978302, 0.0018980295863, 0.00053049356211], [0.000753506144974, 0.000929936242756, -0.00340323755518, -0.00405650958419, 0.0163956359029, -0.00578519701958, -0.00449882494286, 0.00854476261884, 0.00220342935063, -0.00578535348177, 0.00235577253625, -0.00106538308319, 0.000698914634995], [1.43536881296e-005, 0.000297802500427, -0.000837287574541, -0.00302469101734, -0.00578519701958, 0.0213254354894, -0.00312010664493, -0.00346926390193, 0.00388176832348, 0.00127759983297, -0.00328653887846, 0.00128217972815, -0.00121625198517], [0.000410383945564, 0.000485054042656, 0.00344700808637, 0.000407284795074, -0.00449882494286, -0.00312010664493, 0.0222892221063, -0.00997145567089, -0.00255250954069, 0.00371300196275, -0.000736889778636, 0.00034837986459, 0.00174320372753], [-0.000326171604684, -0.000156515554409, -0.00582322990522, 0.00204548682086, 0.00854476261884, -0.00346926390193, -0.00997145567089, 0.02695132792, -0.0118995709345, -0.00359812867828, 0.005824720487, -0.0029964405112, -0.0021138812881], [0.000913008640055, -0.00202725897543, 0.00237364158966, -0.00244812550955, 0.00220342935063, 0.00388176832348, -0.00255250954069, -0.0118995709345, 0.0302211847156, -0.010195706971, -0.00397589756176, 0.00487224152312, 0.000515947467647], [-0.000634410185739, 0.00166928512044, -0.000925069150981, 0.00392809417099, -0.00578535348177, 0.00127759983297, 0.00371300196275, -0.00359812867828, -0.010195706971, 0.0344532132149, -0.0136517109349, -0.00162727735005, 0.00516280904412], [0.000798726803623, 4.37790140495e-006, 0.00207515526563, -0.00313013978302, 0.00235577253625, -0.00328653887846, -0.000736889778636, 0.005824720487, -0.00397589756176, -0.0136517109349, 0.0371650531888, -0.0132485283539, -0.00312007311732], [-0.000139671363286, -0.000287801231025, 0.000284933281364, 0.0018980295863, -0.00106538308319, 0.00128217972815, 0.00034837986459, -0.0029964405112, 0.00487224152312, -0.00162727735005, -0.0132485283539, 0.0379935652018, -0.0161265395582], [0.000212127153645, 0.00017610550276, 0.000313164578984, 0.00053049356211, 0.000698914634995, -0.00121625198517, 0.00174320372753, -0.0021138812881, 0.000515947467647, 0.00516280904412, -0.00312007311732, -0.0161265395582, 0.0332347527146]]
    sccoeffs:
        dmean: [0.0564221777022, 0.0485460646451, 0.0362384133041, 0.0250691566616, 0.0177026744932, 0.0173599906266]
        dmean2: [0.0958178266883, 0.0819649100304, 0.0609392672777, 0.0425733886659, 0.030110290274, 0.0280835200101]
        dvar: [0.002216511406, 0.001450380194, 0.000794910243712, 0.000384269078495, 0.000190965540241, 0.000237236599787]
        dvar2: [0.00624959357083, 0.0041388166137, 0.00221758335829, 0.00108357844874, 0.000546271330677, 0.000553824647795]
        max: [-0.351350545883, -0.518520772457, -0.587924301624, -0.668632090092, -0.71091157198, -0.586280822754]
        mean: [-0.674129664898, -0.764893174171, -0.798975169659, -0.815807342529, -0.812482059002, -0.723488509655]
        median: [-0.677988231182, -0.768113017082, -0.803207993507, -0.817541241646, -0.811885416508, -0.724634408951]
        min: [-0.988188445568, -0.977168977261, -0.983808159828, -0.96941536665, -0.967769384384, -0.964878439903]
        var: [0.00437459722161, 0.00385536137037, 0.00262805144303, 0.00122420070693, 0.000727291044313, 0.00223979773]
    scvalleys:
        dmean: [0.360264480114, 0.334465920925, 0.285922914743, 0.223927348852, 0.195167213678, 0.257708132267]
        dmean2: [0.610306918621, 0.553295850754, 0.464256465435, 0.359336733818, 0.30941298604, 0.406303793192]
        dvar: [0.0902079716325, 0.08030821383, 0.0614940561354, 0.044866528362, 0.0521742142737, 0.11637917906]
        dvar2: [0.232636630535, 0.192062363029, 0.132902011275, 0.0845971703529, 0.0966845452785, 0.259512990713]
        max: [-5.26389932632, -4.69819259644, -4.85333919525, -5.66463804245, -5.55322647095, -8.02185630798]
        mean: [-6.52999782562, -6.37943315506, -6.76968193054, -6.99623203278, -6.86240386963, -9.85887336731]
        median: [-6.28662395477, -6.11701631546, -6.57849025726, -6.69394683838, -6.52755403519, -9.49317359924]
        min: [-27.8913459778, -28.3045730591, -27.5906124115, -27.6745586395, -27.4705200195, -27.3743095398]
        var: [3.09491491318, 3.57500958443, 3.55686640739, 3.37894177437, 3.43471765518, 3.03154540062]

rhythm:
    beats_loudness:
        dmean: 0.00197840761393
        dmean2: 0.0036074956879
        dvar: 2.09076165447e-006
        dvar2: 7.10864969733e-006
        max: 0.0129702240229
        mean: 0.00635230494663
        median: 0.00636114692315
        min: 0
        var: 5.18774686498e-006
    bpm: 134.996536255
    bpm_confidence: 0
    first_peak_bpm: 136
    first_peak_spread: 0.302120178938
    first_peak_weight: 0.667229712009
    onset_rate: 2.39352798462
    second_peak_bpm: 172
    second_peak_spread: 0
    second_peak_weight: 0.0118243247271
    beats_loudness_band_ratio:
        dmean: [0.155724182725, 0.087785333395, 0.0879781171679, 0.0584503524005, 0.0754978880286, 0.0536356344819]
        dmean2: [0.300475239754, 0.159681245685, 0.158117726445, 0.10579482466, 0.136239007115, 0.0940071716905]
        dvar: [0.0118854260072, 0.00491361459717, 0.00656998483464, 0.00324413878843, 0.00356735894457, 0.0019325785106]
        dvar2: [0.0346065275371, 0.0148663008586, 0.0206843800843, 0.0100699318573, 0.0115714119747, 0.00598200084642]
        max: [0.991515696049, 0.533014178276, 0.476189404726, 0.385961443186, 0.571544229984, 0.391668498516]
        mean: [0.246113017201, 0.145066902041, 0.145872503519, 0.107531584799, 0.216536298394, 0.185044586658]
        median: [0.225953489542, 0.133985087276, 0.124274067581, 0.0934089720249, 0.20920547843, 0.183536216617]
        min: [0, 0, 0, 0, 0, 0]
        var: [0.0258230902255, 0.00689917849377, 0.00850326195359, 0.00406406400725, 0.005789315328, 0.0039692199789]
    beats_position: [0.46439909935, 0.940408170223, 1.40480720997, 1.86920630932, 2.34521532059, 2.82122445107, 3.29723358154, 3.7732424736, 4.2492518425, 4.71365070343, 5.17804956436, 5.630838871, 6.08362817764, 6.53641700745, 6.98920631409, 7.4303855896, 7.87156438828, 8.31274318695, 8.75392246246, 9.19510173798, 9.63628101349, 10.077460289, 10.5186395645, 10.9714279175, 11.412607193, 11.8653964996, 12.3065757751, 12.7477550507, 13.1889343262, 13.6417226791, 14.0945119858, 14.5356912613, 14.9768705368, 15.4180498123, 15.870839119, 16.3236274719, 16.7648067474, 17.2059860229, 17.6471652985, 18.088344574, 18.5295238495, 18.970703125, 19.4234924316, 19.8762817383, 20.3174591064, 20.758638382, 21.1998176575, 21.640996933, 22.0937862396, 22.5349655151, 22.9877548218, 23.4289340973, 23.8701133728, 24.3112926483, 24.7524719238, 25.1936511993, 25.6464385986, 26.0992279053, 26.5404071808, 26.9815864563, 27.4227657318, 27.8639450073, 28.3051242828, 28.7579135895, 29.2107028961, 29.6518821716, 30.0930614471, 30.5342407227, 30.9754180908, 31.4165973663, 31.8577766418, 32.3105659485, 32.7633552551, 33.204536438, 33.6457138062, 34.0985031128, 34.5512924194, 34.9924697876, 35.4336509705, 35.8864402771, 36.3276176453, 36.7571868896, 37.1983680725, 37.6511573792, 38.0923347473, 38.545124054, 38.9863014221, 39.427482605, 39.8686599731, 40.309841156, 40.7510185242, 41.192199707, 41.6449890137, 42.0977783203, 42.5389556885, 42.9801368713, 43.4213142395, 43.8624954224, 44.3152809143, 44.7680702209, 45.2092514038, 45.650428772, 46.0916099548, 46.532787323, 46.9855766296, 47.4383659363, 47.8795471191, 48.3207244873, 48.7619056702, 49.2030830383, 49.6442604065, 50.0970497131, 50.538230896, 50.9910202026, 51.4321975708, 51.8733787537, 52.3145561218, 52.7557373047, 53.1969146729, 53.6497039795, 54.1024932861, 54.5436706543, 54.9848518372, 55.4260292053, 55.8672103882, 56.3083877563, 56.7495689392, 57.2023582458, 57.6551475525, 58.0963249207, 58.5375061035, 58.9786834717, 59.4198646545, 59.8726501465, 60.3254394531, 60.766620636, 61.2077980042, 61.648979187, 62.0901565552, 62.531337738, 62.9725151062, 63.4253044128, 63.8664855957, 64.3192749023, 64.7604522705, 65.2016296387, 65.6428070068, 66.0839920044, 66.5251693726, 66.9779586792, 67.4307479858, 67.871925354, 68.3131027222, 68.7542877197, 69.1954650879, 69.6482543945, 70.0894317627, 70.5306091309, 70.9601821899, 71.4013595581, 71.8425369263, 72.2837142944, 72.7365036011, 73.1892929077, 73.6304779053, 74.0832672119, 74.5360565186, 74.9772338867, 75.4184112549, 75.859588623, 76.3007659912, 76.7419509888, 77.1831283569, 77.6359176636, 78.0887069702, 78.5298843384, 78.9710617065, 79.4122467041, 79.8650360107, 80.3178253174, 80.7590026855, 81.2001800537, 81.6413574219, 82.0941467285, 82.5469360352, 82.9881134033, 83.4292984009, 83.870475769, 84.3116531372, 84.7528305054, 85.205619812, 85.6584091187, 86.0995864868, 86.5407714844, 86.9819488525, 87.4231262207, 87.8643035889, 88.3054885864, 88.7466659546, 89.1878433228, 89.6290206909, 90.0702056885, 90.5229949951, 90.9757843018, 91.4169616699, 91.8581390381, 92.3109283447, 92.7637176514, 93.2048950195, 93.6460723877, 94.0872573853, 94.5400466919, 94.9928359985, 95.4340133667, 95.8751907349, 96.316368103, 96.7575454712, 97.1987304688, 97.6515197754, 98.104309082, 98.5454864502, 98.9866638184, 99.4278411865, 99.8690261841, 100.310203552, 100.75138092, 101.192558289, 101.645347595, 102.098136902, 102.53931427, 102.980499268, 103.421676636, 103.862854004, 104.304031372, 104.74521637, 105.198005676, 105.650794983, 106.091972351, 106.533149719, 106.974327087, 107.427116394, 107.879905701, 108.321083069, 108.762268066, 109.203445435, 109.644622803, 110.097412109, 110.550201416, 110.991378784, 111.432563782, 111.87374115, 112.314918518, 112.756095886, 113.197273254, 113.638458252, 114.091247559, 114.544036865, 114.985214233, 115.426391602, 115.86756897, 116.308753967, 116.749931335, 117.202720642, 117.655509949, 118.096687317, 118.537864685, 118.979042053, 119.420227051, 119.861404419, 120.302581787, 120.743759155, 121.184944153, 121.637733459, 122.090522766, 122.531700134, 122.972877502, 123.414054871, 123.866844177, 124.319633484, 124.760810852, 125.20199585, 125.643173218, 126.084350586, 126.537139893, 126.978317261, 127.431106567, 127.872291565, 128.325073242, 128.754638672, 129.195831299, 129.637008667, 130.089797974, 130.54258728, 130.983764648, 131.424942017, 131.866119385, 132.307296753, 132.76008606, 133.212875366, 133.654052734, 134.095230103, 134.536407471, 134.977600098, 135.418777466, 135.859954834, 136.312744141, 136.753921509, 137.206710815, 137.647888184, 138.10067749, 138.541854858, 138.994644165, 139.435821533, 139.876998901, 140.31817627, 140.759368896, 141.200546265, 141.641723633, 142.082901001, 142.524078369, 142.965255737, 143.418045044, 143.870834351, 144.312011719, 144.753189087, 145.194366455, 145.635559082, 146.088348389, 146.541137695, 146.982315063, 147.423492432, 147.8646698, 148.305847168, 148.747024536, 149.199813843, 149.652603149, 150.093780518, 150.534957886, 150.976135254, 151.417327881, 151.858505249, 152.311294556, 152.764083862, 153.20526123, 153.646438599, 154.087615967, 154.528793335, 154.969970703, 155.42276001, 155.863937378, 156.316726685, 156.757904053, 157.19909668, 157.640274048, 158.081451416, 158.522628784, 158.975418091, 159.416595459, 159.869384766, 160.310562134, 160.751739502, 161.19291687, 161.645706177, 162.098495483, 162.539672852, 162.980865479, 163.422042847, 163.863220215, 164.304397583, 164.75718689, 165.209976196, 165.651153564, 166.092330933, 166.533508301, 166.974685669, 167.427474976, 167.868652344, 168.32144165, 168.762634277, 169.203811646, 169.644989014, 170.086166382, 170.52734375, 170.968521118, 171.409698486, 171.850875854, 172.292053223, 172.744842529, 173.197631836, 173.638824463, 174.09161377, 174.532791138, 174.973968506, 175.426757813, 175.867935181, 176.309112549, 176.750289917, 177.191467285, 177.632644653, 178.073822021, 178.526611328, 178.979400635, 179.420593262, 179.86177063, 180.302947998, 180.755737305, 181.208526611, 181.649703979, 182.090881348, 182.532058716, 182.973236084, 183.414413452, 183.867202759, 184.319992065, 184.761169434, 185.202362061, 185.643539429, 186.084716797, 186.525894165, 186.978683472, 187.431472778, 187.872650146, 188.313827515, 188.755004883, 189.196182251, 189.637359619, 190.090148926, 190.542938232, 190.984130859, 191.425308228, 191.866485596, 192.307662964, 192.748840332, 193.1900177, 193.631195068, 194.083984375, 194.536773682, 194.97795105, 195.419128418, 195.860321045, 196.301498413, 196.75428772, 197.207077026, 197.648254395, 198.089431763, 198.530609131, 198.971786499, 199.412963867, 199.865753174, 200.31854248, 200.759719849, 201.200897217, 201.642089844, 202.083267212, 202.52444458, 202.965621948, 203.418411255, 203.871200562, 204.31237793, 204.753555298, 205.194732666, 205.635910034, 206.077087402, 206.529876709, 206.982666016, 207.423858643, 207.865036011, 208.306213379, 208.747390747, 209.200180054, 209.65296936, 210.094146729, 210.535324097, 210.976501465, 211.417678833, 211.858856201, 212.300048828, 212.752838135, 213.194015503, 213.64680481, 214.087982178, 214.529159546, 214.970336914, 215.411514282, 215.85269165, 216.293869019, 216.746658325, 217.187835693, 217.640625, 218.081817627, 218.534591675, 218.987380981, 219.428573608, 219.869750977, 220.310928345, 220.752105713, 221.193283081, 221.646072388, 222.087249756, 222.540039063, 222.981216431, 223.422393799, 223.863571167, 224.304763794, 224.745941162, 225.198730469, 225.651519775, 226.092697144, 226.533874512, 226.986663818, 227.427841187, 227.869018555, 228.310195923, 228.762985229, 229.215774536, 229.668563843, 230.109741211, 230.550918579, 230.980499268, 231.421676636, 231.874465942, 232.315643311, 232.756820679, 233.197998047, 233.639175415, 234.080352783, 234.53314209, 234.985931396, 235.427108765, 235.868301392, 236.30947876, 236.750656128, 237.191833496, 237.644622803, 238.097412109, 238.538589478, 238.979766846, 239.420944214, 239.862121582, 240.30329895, 240.756088257, 241.197280884, 241.65007019, 242.091247559, 242.532424927, 242.973602295, 243.414779663, 243.855957031, 244.297134399, 244.749923706, 245.202713013, 245.643890381, 246.085067749, 246.526260376, 246.967437744, 247.420227051, 247.873016357, 248.314193726, 248.755371094, 249.196548462, 249.649337769, 250.102127075, 250.543304443, 250.984481812, 251.42565918, 251.866836548, 252.308029175, 252.749206543, 253.20199585, 253.654785156, 254.095962524, 254.537139893, 254.978317261, 255.419494629, 255.872283936, 256.325073242, 256.777862549, 257.172607422, 257.555725098, 257.927246094, 258.310394287, 258.705108643, 259.099853516, 259.494598389, 259.889343262, 260.226013184, 260.57434082, 260.922637939, 261.270935059, 261.619232178, 261.967529297, 262.315826416, 262.664123535]
