
metadata:
    version:
        essentia: "2.1-beta2"
    audio_properties:
        analysis_sample_rate: 44100
        bitrate: 286
        channels: 2
        equal_loudness: 1
        length: 239.621231079
        replay_gain: -16.4694652557
        downmix: "mix"
    tags:
        album: "Fight The Silence"
        artist: "For Today"
        comment: ""
        date: "2014;ATE"
        genre: "Metal"
        title: "One Voice"
        tracknumber: "10/12"

configuration:
    average_loudness:
        compute: 1
        frameSize: 88200
        hopSize: 44100
        silentFrames: "noise"
        windowType: "hann"
    general:
        analysisSampleRate: 44100
        endTime: 2000
        equalLoudness: 1
        nequalLoudness: 0
        shortSound: 0
        startTime: 0
    lowlevel:
        compute: 1
        frameSize: 2048
        hopSize: 1024
        zeroPadding: 0
        silentFrames: "noise"
        windowType: "blackmanharris62"
        mfccStats: ["mean", "cov", "icov"]
        stats: ["mean", "var", "median", "min", "max", "dmean", "dmean2", "dvar", "dvar2"]
    panning:
        compute: 0
        frameSize: 8192
        hopSize: 2048
        zeroPadding: 8192
        silentFrames: "noise"
        windowType: "hann"
        stats: ["copy"]
    rhythm:
        compute: 1
        maxTempo: 208
        minTempo: 40
        method: "degara"
        stats: ["mean", "var", "median", "min", "max", "dmean", "dmean2", "dvar", "dvar2"]
    segmentation:
        compute: 0
        cpw: 5
        inc1: 300
        inc2: 50
        minimumSegmentsLength: 10
        size1: 1000
        size2: 600
    sfx:
        compute: 1
        stats: ["mean", "var", "median", "min", "max", "dmean", "dmean2", "dvar", "dvar2"]
    svm:
        compute: 0
    tonal:
        compute: 1
        frameSize: 4096
        hopSize: 2048
        zeroPadding: 0
        silentFrames: "noise"
        windowType: "blackmanharris62"
        stats: ["mean", "var", "median", "min", "max", "dmean", "dmean2", "dvar", "dvar2"]

lowlevel:
    average_loudness: 0.961038827896
    barkbands_kurtosis:
        dmean: 0.509194374084
        dmean2: 0.830509483814
        dvar: 1.04147267342
        dvar2: 2.21205735207
        max: 30.4723625183
        mean: -0.735848724842
        median: -1.02145504951
        min: -1.90126681328
        var: 1.97774887085
    barkbands_skewness:
        dmean: 0.336164712906
        dmean2: 0.542324066162
        dvar: 0.106666721404
        dvar2: 0.246475964785
        max: 4.64504528046
        mean: -0.256201505661
        median: -0.236149668694
        min: -4.17467021942
        var: 0.391001850367
    barkbands_spread:
        dmean: 4.79748153687
        dmean2: 7.67249059677
        dvar: 20.145980835
        dvar2: 48.9268684387
        max: 73.5901870728
        mean: 31.0224208832
        median: 30.0045413971
        min: 1.40778911114
        var: 78.8609466553
    dissonance:
        dmean: 0.010499172844
        dmean2: 0.0182649362832
        dvar: 0.000114887363452
        dvar2: 0.000324693624862
        max: 0.500000119209
        mean: 0.484941661358
        median: 0.488858789206
        min: 0.268712997437
        var: 0.000220066052862
    hfc:
        dmean: 3.28060388565
        dmean2: 5.58557128906
        dvar: 18.6299476624
        dvar2: 49.1403656006
        max: 60.6825675964
        mean: 11.4232664108
        median: 11.2361707687
        min: 1.09372037436e-016
        var: 39.1929855347
    pitch:
        dmean: 818.934875488
        dmean2: 1544.9119873
        dvar: 1493262.125
        dvar2: 3613899.75
        max: 4629.89404297
        mean: 1360.60266113
        median: 585.152099609
        min: 77.2680740356
        var: 2196810.75
    pitch_instantaneous_confidence:
        dmean: 0.0706541165709
        dmean2: 0.117263421416
        dvar: 0.00382752111182
        dvar2: 0.0100141353905
        max: 0.972466230392
        mean: 0.312731564045
        median: 0.282897233963
        min: 0.084437251091
        var: 0.0172863360494
    pitch_salience:
        dmean: 0.0519391186535
        dmean2: 0.0876572653651
        dvar: 0.0021703185048
        dvar2: 0.00599772576243
        max: 0.940613210201
        mean: 0.699516355991
        median: 0.711436212063
        min: 0.239928171039
        var: 0.00506807630882
    silence_rate_20dB:
        dmean: 0
        dmean2: 0
        dvar: 0
        dvar2: 0
        max: 1
        mean: 1
        median: 1
        min: 1
        var: 0
    silence_rate_30dB:
        dmean: 0
        dmean2: 0
        dvar: 0
        dvar2: 0
        max: 1
        mean: 1
        median: 1
        min: 1
        var: 0
    silence_rate_60dB:
        dmean: 0.0422480627894
        dmean2: 0.084504313767
        dvar: 0.0404559746385
        dvar2: 0.093062825501
        max: 1
        mean: 0.160158902407
        median: 0
        min: 0
        var: 0.134494170547
    spectral_centroid:
        dmean: 279.28012085
        dmean2: 452.98828125
        dvar: 98784.4765625
        dvar2: 210217.96875
        max: 11788.8388672
        mean: 2054.63500977
        median: 1900.28125
        min: 367.504699707
        var: 1268529.125
    spectral_complexity:
        dmean: 4.90193796158
        dmean2: 8.0393447876
        dvar: 21.5052986145
        dvar2: 55.3701591492
        max: 50
        mean: 23.0197658539
        median: 24
        min: 0
        var: 102.71282959
    spectral_crest:
        dmean: 1.58329319954
        dmean2: 2.69772338867
        dvar: 2.46207332611
        dvar2: 6.78499984741
        max: 23.7097492218
        mean: 5.64157676697
        median: 5.00529050827
        min: 2.17634177208
        var: 5.56962299347
    spectral_decrease:
        dmean: 2.65152455547e-010
        dmean2: 4.39671188346e-010
        dvar: 1.02546595127e-019
        dvar2: 2.67231036643e-019
        max: 2.83167505645e-028
        mean: -1.26360366615e-009
        median: -1.32250499441e-009
        min: -4.54075710365e-009
        var: 3.20989220309e-019
    spectral_energy:
        dmean: 0.0012503498001
        dmean2: 0.00209047342651
        dvar: 2.32999354921e-006
        dvar2: 6.10835922998e-006
        max: 0.0209353379905
        mean: 0.00580526003614
        median: 0.00608213292435
        min: 9.99683878643e-021
        var: 6.83277357894e-006
    spectral_energyband_high:
        dmean: 0.000292377691949
        dmean2: 0.000502176466398
        dvar: 1.87896404213e-007
        dvar2: 4.81736378788e-007
        max: 0.00545718241483
        mean: 0.000601747538894
        median: 0.000463979784399
        min: 7.00149904272e-021
        var: 2.99943451409e-007
    spectral_energyband_low:
        dmean: 0.000202898387215
        dmean2: 0.000338033802109
        dvar: 5.06848394366e-008
        dvar2: 1.34316110234e-007
        max: 0.00213634222746
        mean: 0.000379779434297
        median: 0.00032296430436
        min: 1.08272026989e-023
        var: 9.73688827344e-008
    spectral_energyband_middle_high:
        dmean: 0.000840815831907
        dmean2: 0.00139273679815
        dvar: 8.51513561884e-007
        dvar2: 2.20382389671e-006
        max: 0.0129564031959
        mean: 0.00331371161155
        median: 0.00329535221681
        min: 1.09116583367e-021
        var: 3.10292898575e-006
    spectral_energyband_middle_low:
        dmean: 0.000642424973194
        dmean2: 0.00106472452171
        dvar: 7.13751035164e-007
        dvar2: 1.88136993984e-006
        max: 0.0103214820847
        mean: 0.00163780024741
        median: 0.001352829393
        min: 1.60293670798e-022
        var: 1.45378680827e-006
    spectral_flatness_db:
        dmean: 0.0121384169906
        dmean2: 0.0194948725402
        dvar: 0.000149060520926
        dvar2: 0.000318805163261
        max: 0.447607636452
        mean: 0.136747688055
        median: 0.128587260842
        min: 0.0415353551507
        var: 0.00147822930012
    spectral_flux:
        dmean: 0.00682176230475
        dmean2: 0.0106116235256
        dvar: 5.5757463997e-005
        dvar2: 0.000109174281533
        max: 0.112634584308
        mean: 0.0478149875998
        median: 0.0498894788325
        min: 6.3899822933e-011
        var: 0.000267548137344
    spectral_kurtosis:
        dmean: 0.978203475475
        dmean2: 1.66341400146
        dvar: 1.89849805832
        dvar2: 5.94651651382
        max: 55.1190834045
        mean: 3.04766440392
        median: 2.83353018761
        min: -1.26834368706
        var: 3.33830332756
    spectral_rms:
        dmean: 0.000245604140218
        dmean2: 0.000404094374971
        dvar: 7.65329630781e-008
        dvar2: 1.94128389808e-007
        max: 0.0045193717815
        mean: 0.00228939997032
        median: 0.00243593682535
        min: 3.12298147412e-012
        var: 4.22326536409e-007
    spectral_rolloff:
        dmean: 318.628631592
        dmean2: 523.372619629
        dvar: 180304.34375
        dvar2: 376326.5625
        max: 19530.6152344
        mean: 3758.67382813
        median: 3574.51171875
        min: 344.53125
        var: 3131296.25
    spectral_skewness:
        dmean: 0.15960098803
        dmean2: 0.26212656498
        dvar: 0.0273530539125
        dvar2: 0.076808385551
        max: 5.27862644196
        mean: 1.25581014156
        median: 1.28222334385
        min: -0.0897777825594
        var: 0.0960223674774
    spectral_spread:
        dmean: 439220.09375
        dmean2: 659053.375
        dvar: 580915101696
        dvar2: 1.01282486682e+012
        max: 42780560
        mean: 5058597.5
        median: 4580846
        min: 1184266.625
        var: 1.7015987241e+013
    spectral_strongpeak:
        dmean: 0.436279535294
        dmean2: 0.763204216957
        dvar: 0.326186150312
        dvar2: 0.88915348053
        max: 5.16414928436
        mean: 0.568084359169
        median: 0.371878176928
        min: 7.86702647471e-012
        var: 0.377329200506
    zerocrossingrate:
        dmean: 0.00782149005681
        dmean2: 0.00949236005545
        dvar: 0.000100936063973
        dvar2: 0.000139720053994
        max: 0.525390625
        mean: 0.111369945109
        median: 0.10400390625
        min: 0.0107421875
        var: 0.00235088542104
    barkbands:
        dmean: [6.9757412291e-008, 5.29751232534e-005, 0.000149809595314, 0.000112518202513, 0.000214036073885, 0.000173454260221, 0.000165788107552, 0.000166207624716, 0.000272275879979, 0.000163034972502, 0.00013019227481, 0.000136969712912, 0.000110752560431, 0.00011439510854, 9.75295333774e-005, 0.000148824139615, 0.000183058116818, 0.000220889865886, 0.000270406104391, 0.000262579356786, 0.000142589793541, 5.08326702402e-005, 1.11849794848e-005, 4.33236391473e-006, 2.05996343539e-006, 6.85999665961e-008, 4.28443086564e-010]
        dmean2: [1.15880062879e-007, 9.12012328627e-005, 0.000244962691795, 0.000193054685951, 0.000372615235392, 0.000287432252662, 0.000277357932646, 0.000279315310763, 0.00045377513743, 0.000272568518994, 0.000218769710045, 0.000224821211305, 0.00018279539654, 0.000187869241927, 0.000162895419635, 0.000247620861046, 0.000307008187519, 0.000381536956411, 0.000460407405626, 0.000446221529273, 0.000245418195846, 8.91246527317e-005, 1.84447926586e-005, 6.80539460518e-006, 3.21406446346e-006, 1.11502728828e-007, 7.68049013278e-010]
        dvar: [3.59633756965e-014, 3.6136587056e-009, 3.08790184533e-008, 1.99923846367e-008, 1.92144113953e-007, 1.10558175948e-007, 1.2654136583e-007, 9.63934425613e-008, 1.64864161434e-007, 6.40513349026e-008, 4.73032599757e-008, 5.01410504228e-008, 3.09446086533e-008, 2.68820823379e-008, 1.97779197464e-008, 3.42353168037e-008, 5.98538036911e-008, 7.6820398931e-008, 1.05232324188e-007, 1.74650423901e-007, 4.5270120097e-008, 6.33756425117e-009, 2.92163793159e-010, 5.48739803596e-011, 1.35671855694e-011, 1.96987320526e-014, 6.61714763239e-019]
        dvar2: [9.42818956587e-014, 1.01985264678e-008, 8.0517999379e-008, 5.37361977138e-008, 5.42996474451e-007, 2.70668806479e-007, 3.15131757134e-007, 2.52701966019e-007, 4.57162002476e-007, 1.72325115955e-007, 1.31635161438e-007, 1.32278415776e-007, 8.17746794723e-008, 6.78327936043e-008, 5.18061717969e-008, 8.95618867958e-008, 1.57463276196e-007, 2.09648419514e-007, 2.83133829271e-007, 4.40807468749e-007, 1.18695332674e-007, 1.71043037511e-008, 6.66973198893e-010, 1.08881216543e-010, 2.88121072139e-011, 4.65114532717e-014, 1.89938556423e-018]
        max: [1.23179988805e-005, 0.000559511128813, 0.00181492837146, 0.00197150371969, 0.00601296685636, 0.00540970638394, 0.0052305450663, 0.00533587345853, 0.00474913371727, 0.00332720624283, 0.00276748486795, 0.00389040354639, 0.00270055001602, 0.00266802497208, 0.00260200467892, 0.00517168361694, 0.0047422228381, 0.00375239015557, 0.00666197668761, 0.00890216138214, 0.00280996365473, 0.000868541072123, 0.000265390612185, 0.000125576072605, 6.5003419877e-005, 2.88470846499e-006, 1.52620476257e-008]
        mean: [2.59753335285e-007, 7.91331985965e-005, 0.000230963793001, 0.000149767773109, 0.000287361472147, 0.000229475263041, 0.000196419117856, 0.000222051327, 0.000461713323602, 0.000269011652563, 0.000211266189581, 0.000255023507634, 0.000193071784452, 0.000211011254578, 0.000179977505468, 0.000303766981233, 0.00037683697883, 0.000420771888457, 0.000621525919996, 0.000530504737981, 0.000261126231635, 8.06014359114e-005, 2.09342306334e-005, 8.6244144768e-006, 3.9467163333e-006, 1.0991436028e-007, 5.05730235467e-010]
        median: [2.64948560869e-008, 6.00217535975e-005, 0.000163075907039, 9.99544572551e-005, 0.000174193482962, 0.00011060644465, 8.27090843813e-005, 7.78653993621e-005, 0.000231116282521, 0.000136626986205, 0.000102718491689, 0.000141956275911, 9.96348826448e-005, 0.000131668755785, 0.00011369783897, 0.000230764140724, 0.000288346287562, 0.000337005330948, 0.000549278513063, 0.000420761847636, 0.000194971609744, 5.29843455297e-005, 1.33921166707e-005, 5.39913344255e-006, 2.31126750805e-006, 5.80456926969e-008, 3.0687496988e-010]
        min: [1.11225961022e-025, 3.00929826351e-024, 1.24690677756e-024, 7.53260598645e-025, 4.10991443467e-024, 4.31204465885e-024, 6.00003423548e-024, 3.65181462397e-024, 1.38138048425e-023, 1.55509128434e-023, 1.06501744231e-023, 1.04387565451e-023, 2.70030716617e-023, 4.27585866249e-023, 3.79914181331e-023, 4.51942483123e-023, 6.72956664752e-023, 1.04099391407e-022, 1.00839994851e-022, 1.51893665309e-022, 2.18731262345e-022, 3.09394200523e-022, 3.93763745239e-022, 5.40456456911e-022, 8.29967853769e-022, 1.28315837164e-021, 2.06091908254e-021]
        var: [1.12730181093e-012, 5.64029134509e-009, 5.89577560106e-008, 2.78532379383e-008, 1.68262488387e-007, 1.4012962879e-007, 1.3473136562e-007, 1.72292203615e-007, 3.25774180965e-007, 1.26095699216e-007, 8.836452281e-008, 1.00591421415e-007, 6.23038900471e-008, 5.40123679116e-008, 4.01393194238e-008, 7.67569972027e-008, 1.13247104139e-007, 1.26675232082e-007, 1.81976020031e-007, 2.44479224421e-007, 6.30092884535e-008, 8.21226109338e-009, 6.45205888716e-010, 1.28530922017e-010, 3.06380511239e-011, 3.08418146978e-014, 5.36031390004e-019]
    frequency_bands:
        dmean: [6.9757412291e-008, 5.29751232534e-005, 0.000149809595314, 0.000112518202513, 0.000214036073885, 0.000173454260221, 0.000165788107552, 0.000166207624716, 0.000272275879979, 0.000163034972502, 0.00013019227481, 0.000136969712912, 0.000110752560431, 0.00011439510854, 9.75295333774e-005, 0.000148824139615, 0.000183058116818, 0.000220889865886, 0.000270406104391, 0.000262579356786, 0.000142589793541, 5.08326702402e-005, 1.11849794848e-005, 4.33236391473e-006, 2.05996343539e-006, 6.85999665961e-008, 4.28443086564e-010, 6.84253209648e-011]
        dmean2: [1.15880062879e-007, 9.12012328627e-005, 0.000244962691795, 0.000193054685951, 0.000372615235392, 0.000287432252662, 0.000277357932646, 0.000279315310763, 0.00045377513743, 0.000272568518994, 0.000218769710045, 0.000224821211305, 0.00018279539654, 0.000187869241927, 0.000162895419635, 0.000247620861046, 0.000307008187519, 0.000381536956411, 0.000460407405626, 0.000446221529273, 0.000245418195846, 8.91246527317e-005, 1.84447926586e-005, 6.80539460518e-006, 3.21406446346e-006, 1.11502728828e-007, 7.68049013278e-010, 1.2770338953e-010]
        dvar: [3.59633756965e-014, 3.6136587056e-009, 3.08790184533e-008, 1.99923846367e-008, 1.92144113953e-007, 1.10558175948e-007, 1.2654136583e-007, 9.63934425613e-008, 1.64864161434e-007, 6.40513349026e-008, 4.73032599757e-008, 5.01410504228e-008, 3.09446086533e-008, 2.68820823379e-008, 1.97779197464e-008, 3.42353168037e-008, 5.98538036911e-008, 7.6820398931e-008, 1.05232324188e-007, 1.74650423901e-007, 4.5270120097e-008, 6.33756425117e-009, 2.92163793159e-010, 5.48739803596e-011, 1.35671855694e-011, 1.96987320526e-014, 6.61714763239e-019, 8.80145859592e-021]
        dvar2: [9.42818956587e-014, 1.01985264678e-008, 8.0517999379e-008, 5.37361977138e-008, 5.42996474451e-007, 2.70668806479e-007, 3.15131757134e-007, 2.52701966019e-007, 4.57162002476e-007, 1.72325115955e-007, 1.31635161438e-007, 1.32278415776e-007, 8.17746794723e-008, 6.78327936043e-008, 5.18061717969e-008, 8.95618867958e-008, 1.57463276196e-007, 2.09648419514e-007, 2.83133829271e-007, 4.40807468749e-007, 1.18695332674e-007, 1.71043037511e-008, 6.66973198893e-010, 1.08881216543e-010, 2.88121072139e-011, 4.65114532717e-014, 1.89938556423e-018, 2.79217077589e-020]
        max: [1.23179988805e-005, 0.000559511128813, 0.00181492837146, 0.00197150371969, 0.00601296685636, 0.00540970638394, 0.0052305450663, 0.00533587345853, 0.00474913371727, 0.00332720624283, 0.00276748486795, 0.00389040354639, 0.00270055001602, 0.00266802497208, 0.00260200467892, 0.00517168361694, 0.0047422228381, 0.00375239015557, 0.00666197668761, 0.00890216138214, 0.00280996365473, 0.000868541072123, 0.000265390612185, 0.000125576072605, 6.5003419877e-005, 2.88470846499e-006, 1.52620476257e-008, 1.02147879044e-009]
        mean: [2.59753335285e-007, 7.91331985965e-005, 0.000230963793001, 0.000149767773109, 0.000287361472147, 0.000229475263041, 0.000196419117856, 0.000222051327, 0.000461713323602, 0.000269011652563, 0.000211266189581, 0.000255023507634, 0.000193071784452, 0.000211011254578, 0.000179977505468, 0.000303766981233, 0.00037683697883, 0.000420771888457, 0.000621525919996, 0.000530504737981, 0.000261126231635, 8.06014359114e-005, 2.09342306334e-005, 8.6244144768e-006, 3.9467163333e-006, 1.0991436028e-007, 5.05730235467e-010, 5.30762725437e-011]
        median: [2.64948560869e-008, 6.00217535975e-005, 0.000163075907039, 9.99544572551e-005, 0.000174193482962, 0.00011060644465, 8.27090843813e-005, 7.78653993621e-005, 0.000231116282521, 0.000136626986205, 0.000102718491689, 0.000141956275911, 9.96348826448e-005, 0.000131668755785, 0.00011369783897, 0.000230764140724, 0.000288346287562, 0.000337005330948, 0.000549278513063, 0.000420761847636, 0.000194971609744, 5.29843455297e-005, 1.33921166707e-005, 5.39913344255e-006, 2.31126750805e-006, 5.80456926969e-008, 3.0687496988e-010, 2.14255783254e-011]
        min: [1.11225961022e-025, 3.00929826351e-024, 1.24690677756e-024, 7.53260598645e-025, 4.10991443467e-024, 4.31204465885e-024, 6.00003423548e-024, 3.65181462397e-024, 1.38138048425e-023, 1.55509128434e-023, 1.06501744231e-023, 1.04387565451e-023, 2.70030716617e-023, 4.27585866249e-023, 3.79914181331e-023, 4.51942483123e-023, 6.72956664752e-023, 1.04099391407e-022, 1.00839994851e-022, 1.51893665309e-022, 2.18731262345e-022, 3.09394200523e-022, 3.93763745239e-022, 5.40456456911e-022, 8.29967853769e-022, 1.28315837164e-021, 2.06091908254e-021, 4.65506290056e-022]
        var: [1.12730181093e-012, 5.64029134509e-009, 5.89577560106e-008, 2.78532379383e-008, 1.68262488387e-007, 1.4012962879e-007, 1.3473136562e-007, 1.72292203615e-007, 3.25774180965e-007, 1.26095699216e-007, 8.836452281e-008, 1.00591421415e-007, 6.23038900471e-008, 5.40123679116e-008, 4.01393194238e-008, 7.67569972027e-008, 1.13247104139e-007, 1.26675232082e-007, 1.81976020031e-007, 2.44479224421e-007, 6.30092884535e-008, 8.21226109338e-009, 6.45205888716e-010, 1.28530922017e-010, 3.06380511239e-011, 3.08418146978e-014, 5.36031390004e-019, 6.92326665914e-021]
    mfcc:
        mean: [-682.280517578, 89.2695007324, -54.3906669617, 42.0404167175, -19.2079868317, -4.84379720688, 3.18631076813, -0.927027761936, 0.211839810014, -1.52473735809, -4.28816413879, -3.98105812073, -4.00455141068]
        cov: [[7049.91259766, 665.665588379, -417.60949707, 361.180908203, -200.749206543, 181.287445068, 45.6229972839, 92.7101364136, -60.1948471069, -40.5788269043, 127.046607971, 98.1874084473, -70.9924087524], [665.665588379, 939.217651367, -258.032348633, 210.487213135, -10.1489419937, 22.188419342, 88.7939834595, -1.55785870552, 44.4537277222, -24.2003288269, 10.0559921265, 15.0982751846, 20.5608978271], [-417.60949707, -258.032348633, 416.639526367, 81.6948471069, 101.385047913, 56.7374267578, 9.87643814087, 27.5907878876, 13.2731027603, 30.7680358887, -3.56981825829, -4.06218957901, 13.2443990707], [361.180908203, 210.487213135, 81.6948471069, 337.26473999, 97.5481262207, 107.461540222, 48.353843689, -15.837100029, 23.8487319946, 9.23358917236, 9.68619441986, -1.70937609673, 23.0741863251], [-200.749206543, -10.1489419937, 101.385047913, 97.5481262207, 179.479919434, 94.0708007813, 32.7243347168, 3.80095529556, 24.3566894531, 39.9458694458, 12.0228042603, 0.881995499134, 7.50092363358], [181.287445068, 22.188419342, 56.7374267578, 107.461540222, 94.0708007813, 174.582504272, 87.4515228271, 29.4471473694, 2.39822435379, 4.50592899323, 24.9438705444, 17.9710578918, 9.20188426971], [45.6229972839, 88.7939834595, 9.87643814087, 48.353843689, 32.7243347168, 87.4515228271, 152.400527954, 79.6417770386, 28.147819519, -7.80716848373, 2.3255443573, 19.6924705505, 10.2722625732], [92.7101364136, -1.55785870552, 27.5907878876, -15.837100029, 3.80095529556, 29.4471473694, 79.6417770386, 135.660720825, 55.8390922546, 22.2009601593, 10.3500986099, 17.0442237854, -6.20105695724], [-60.1948471069, 44.4537277222, 13.2731027603, 23.8487319946, 24.3566894531, 2.39822435379, 28.147819519, 55.8390922546, 102.624565125, 60.404548645, 23.1822757721, 2.58865356445, 1.79445707798], [-40.5788269043, -24.2003288269, 30.7680358887, 9.23358917236, 39.9458694458, 4.50592899323, -7.80716848373, 22.2009601593, 60.404548645, 99.1701965332, 41.988155365, 9.73114013672, 1.62080490589], [127.046607971, 10.0559921265, -3.56981825829, 9.68619441986, 12.0228042603, 24.9438705444, 2.3255443573, 10.3500986099, 23.1822757721, 41.988155365, 80.2859115601, 41.4057731628, 9.93910884857], [98.1874084473, 15.0982751846, -4.06218957901, -1.70937609673, 0.881995499134, 17.9710578918, 19.6924705505, 17.0442237854, 2.58865356445, 9.73114013672, 41.4057731628, 65.4808502197, 30.0574760437], [-70.9924087524, 20.5608978271, 13.2443990707, 23.0741863251, 7.50092363358, 9.20188426971, 10.2722625732, -6.20105695724, 1.79445707798, 1.62080490589, 9.93910884857, 30.0574760437, 59.3344764709]]
        icov: [[0.000217871987843, -6.16500619799e-005, 0.000196637469344, -0.000376411364414, 0.000445012265118, -0.000377767602913, 0.000366252352251, -0.000428206956713, 0.000355928379577, -0.000141495343996, -8.57194245327e-005, -0.000366536842193, 0.000471837964142], [-6.16500619799e-005, 0.00198179413565, 0.00135671917815, -0.00148792169057, -0.000235981613514, 0.00102872226853, -0.00127477245405, 0.0004507220292, -0.000951157824602, 0.000704120611772, -0.00019001783221, -0.000181174909812, -0.000213484934648], [0.000196637469344, 0.00135671917815, 0.00421604607254, -0.0019351891242, -0.00113010592759, 7.72350831539e-005, 0.00049754336942, -0.0017414909089, 0.000663892016746, -0.000399591925088, 0.00041058237548, -4.21086915594e-005, -0.000617252255324], [-0.000376411364414, -0.00148792169057, -0.0019351891242, 0.00635394919664, -0.00147747888695, -0.00227787788026, -0.000262039800873, 0.00248207780533, -0.00213591405191, 0.000745962315705, 3.05514040519e-005, 0.00193576712627, -0.00207044626586], [0.000445012265118, -0.000235981613514, -0.00113010592759, -0.00147747888695, 0.0113652404398, -0.00607149442658, 0.000840413267724, 0.00121213798411, -0.000456482783193, -0.0045482525602, 0.00242992164567, -0.00120033312123, 0.00126613327302], [-0.000377767602913, 0.00102872226853, 7.72350831539e-005, -0.00227787788026, -0.00607149442658, 0.0150595214218, -0.00777786271647, -4.30628006143e-006, 0.00337644061074, 0.00151419290341, -0.00544794136658, 0.00178658275399, -0.000297685677651], [0.000366252352251, -0.00127477245405, 0.00049754336942, -0.000262039800873, 0.000840413267724, -0.00777786271647, 0.0166558548808, -0.00820834655315, -0.00165703182574, 0.00287949107587, 0.0030712466687, -0.00289632589556, -0.000846407550853], [-0.000428206956713, 0.0004507220292, -0.0017414909089, 0.00248207780533, 0.00121213798411, -4.30628006143e-006, -0.00820834655315, 0.0172607582062, -0.00865219440311, -0.000181104944204, 0.00256636505947, -0.00464155804366, 0.00401541823521], [0.000355928379577, -0.000951157824602, 0.000663892016746, -0.00213591405191, -0.000456482783193, 0.00337644061074, -0.00165703182574, -0.00865219440311, 0.0234734229743, -0.0117440223694, -0.00304512446746, 0.0052451803349, -0.00218150904402], [-0.000141495343996, 0.000704120611772, -0.000399591925088, 0.000745962315705, -0.0045482525602, 0.00151419290341, 0.00287949107587, -0.000181104944204, -0.0117440223694, 0.0233524199575, -0.00976474769413, 0.00232202326879, -0.000614797289018], [-8.57194245327e-005, -0.00019001783221, 0.00041058237548, 3.05514040519e-005, 0.00242992164567, -0.00544794136658, 0.0030712466687, 0.00256636505947, -0.00304512446746, -0.00976474769413, 0.0285975132138, -0.0188536178321, 0.00525324046612], [-0.000366536842193, -0.000181174909812, -4.21086915594e-005, 0.00193576712627, -0.00120033312123, 0.00178658275399, -0.00289632589556, -0.00464155804366, 0.0052451803349, 0.00232202326879, -0.0188536178321, 0.0366156809032, -0.0168407056481], [0.000471837964142, -0.000213484934648, -0.000617252255324, -0.00207044626586, 0.00126613327302, -0.000297685677651, -0.000846407550853, 0.00401541823521, -0.00218150904402, -0.000614797289018, 0.00525324046612, -0.0168407056481, 0.0266212765127]]
    sccoeffs:
        dmean: [0.0562795288861, 0.0512538701296, 0.0393254868686, 0.0290646255016, 0.0193306915462, 0.0185314137489]
        dmean2: [0.0926326662302, 0.0857568606734, 0.0665653198957, 0.0489570498466, 0.0327490270138, 0.0302973985672]
        dvar: [0.00212196516804, 0.00173258082941, 0.000988362939097, 0.00054492772324, 0.000238224427449, 0.000279443105683]
        dvar2: [0.00570908281952, 0.00472578266636, 0.00279915658757, 0.00150295090862, 0.000670401903335, 0.000703622412402]
        max: [-0.31804522872, -0.435508221388, -0.575421214104, -0.574312031269, -0.656917572021, -0.58066213131]
        mean: [-0.654543876648, -0.771442294121, -0.785754084587, -0.795179605484, -0.800695896149, -0.749033629894]
        median: [-0.656740903854, -0.776995420456, -0.788503944874, -0.795627713203, -0.799604594707, -0.750412404537]
        min: [-0.979820251465, -0.979900896549, -0.976063132286, -0.971813321114, -0.969891488552, -0.967274069786]
        var: [0.00665178243071, 0.00446847360581, 0.00322895520367, 0.00179507420398, 0.000882774300408, 0.00199542776681]
    scvalleys:
        dmean: [0.428769946098, 0.387213736773, 0.298426985741, 0.257097780704, 0.214443549514, 0.268937915564]
        dmean2: [0.703453838825, 0.635899782181, 0.484401166439, 0.415788769722, 0.356120586395, 0.421350240707]
        dvar: [0.182881310582, 0.1584199965, 0.107218414545, 0.0899789258838, 0.0829167887568, 0.143226280808]
        dvar2: [0.392282396555, 0.342876017094, 0.208776310086, 0.167802959681, 0.159247592092, 0.297011733055]
        max: [-5.27393388748, -4.33068799973, -4.76023340225, -5.50588560104, -5.2402586937, -7.47865915298]
        mean: [-7.3928976059, -6.65355014801, -6.69757270813, -6.99647712708, -6.81629610062, -9.48845481873]
        median: [-6.83711862564, -6.30109071732, -6.32758235931, -6.60656070709, -6.42271566391, -8.98954677582]
        min: [-28.3640174866, -27.9728183746, -27.6871070862, -27.6801776886, -27.5945491791, -27.391740799]
        var: [6.41903018951, 6.14985990524, 6.25941562653, 5.95076465607, 5.93451166153, 5.49005079269]

rhythm:
    beats_loudness:
        dmean: 0.00157665763982
        dmean2: 0.00271718157455
        dvar: 1.71195119947e-006
        dvar2: 4.23984147346e-006
        max: 0.0116515262052
        mean: 0.00641929032281
        median: 0.00676329899579
        min: 0
        var: 5.39525944987e-006
    bpm: 129.976608276
    bpm_confidence: 0
    first_peak_bpm: 129
    first_peak_spread: 0.277445107698
    first_peak_weight: 0.700193405151
    onset_rate: 2.87537145615
    second_peak_bpm: 148
    second_peak_spread: 0.166666671634
    second_peak_weight: 0.00967117957771
    beats_loudness_band_ratio:
        dmean: [0.0678031519055, 0.0919110700488, 0.128928348422, 0.101055674255, 0.0974646434188, 0.0870289951563]
        dmean2: [0.118575870991, 0.160565108061, 0.228045105934, 0.173147901893, 0.170622214675, 0.155409961939]
        dvar: [0.00415583467111, 0.00684712082148, 0.0132597256452, 0.00860610324889, 0.00768704060465, 0.00895793363452]
        dvar2: [0.0115293506533, 0.0182733684778, 0.0403259731829, 0.0251734424382, 0.0239794775844, 0.0251096468419]
        max: [0.499004989862, 0.529129624367, 0.680421710014, 0.568596243858, 0.671277403831, 0.937425673008]
        mean: [0.105765081942, 0.107514150441, 0.207986608148, 0.163590222597, 0.236860409379, 0.219274148345]
        median: [0.0907471626997, 0.082227781415, 0.17911362648, 0.131728842854, 0.217311739922, 0.203206077218]
        min: [0, 0, 0, 0, 0, 0]
        var: [0.00600435677916, 0.00810454692692, 0.0184804312885, 0.0116008510813, 0.00994943920523, 0.00946740899235]
    beats_position: [0.406349211931, 0.812698423862, 1.21904754639, 1.62539684772, 2.03174591064, 2.4497051239, 2.85605430603, 3.30884337425, 3.76163268089, 4.21442174911, 4.67882061005, 5.15482997894, 5.630838871, 6.10684776306, 6.57124710083, 7.03564596176, 7.50004529953, 7.96444416046, 8.42884349823, 8.88163280487, 9.33442115784, 9.79882049561, 10.2632198334, 10.7276191711, 11.1920175552, 11.656416893, 12.1208162308, 12.5852155685, 13.0380039215, 13.4907932281, 13.9551925659, 14.4195919037, 14.8839902878, 15.3483896255, 15.8127889633, 16.2771873474, 16.7299766541, 17.1827659607, 17.6471652985, 18.1115646362, 18.575963974, 19.0403633118, 19.4931507111, 19.9459400177, 20.4103393555, 20.8747386932, 21.339138031, 21.8035373688, 22.2679367065, 22.7323360443, 23.1967334747, 23.6611328125, 24.1255321503, 24.5783214569, 25.0311107635, 25.4955101013, 25.9599094391, 26.4243087769, 26.8887062073, 27.353105545, 27.8058948517, 28.2586841583, 28.7230834961, 29.1874828339, 29.6518821716, 30.1162815094, 30.5806789398, 31.0450782776, 31.5094776154, 31.962266922, 32.4150543213, 32.8794555664, 33.3438529968, 33.8082542419, 34.2726516724, 34.7370529175, 35.2014503479, 35.6542396545, 36.1070289612, 36.5714263916, 37.0358276367, 37.5002250671, 37.9646263123, 38.4290237427, 38.8934249878, 39.3462142944, 39.7989997864, 40.2634010315, 40.7277984619, 41.192199707, 41.6565971375, 42.1209983826, 42.5737876892, 43.0265769958, 43.4909744263, 43.9553718567, 44.4197731018, 44.8841705322, 45.3485717773, 45.8129692078, 46.2773704529, 46.7417678833, 47.1945571899, 47.6589546204, 48.111743927, 48.5761451721, 49.0405426025, 49.5049438477, 49.9693412781, 50.4337387085, 50.8865280151, 51.3393173218, 51.8037185669, 52.2681159973, 52.7325172424, 53.1969146729, 53.661315918, 54.1257133484, 54.578502655, 55.0312919617, 55.4956893921, 55.9600906372, 56.4244880676, 56.8888893127, 57.3416786194, 57.794467926, 58.2588653564, 58.7232627869, 59.187664032, 59.6520614624, 60.0932426453, 60.5692520142, 61.0336494446, 61.4864387512, 61.9508361816, 62.4152374268, 62.8796348572, 63.3440361023, 63.8084335327, 64.2728347778, 64.7256240845, 65.1784133911, 65.6428070068, 66.107208252, 66.5716094971, 67.0360107422, 67.4888000488, 67.9531936646, 68.4059829712, 68.8703842163, 69.3347854614, 69.7991790771, 70.2519683838, 70.7047576904, 71.1691589355, 71.6335601807, 72.0979614258, 72.5623550415, 73.0267562866, 73.4911575317, 73.9439468384, 74.396736145, 74.8611297607, 75.3255310059, 75.789932251, 76.2543258667, 76.7187271118, 77.1831283569, 77.6475296021, 78.1119232178, 78.5763244629, 79.0291137695, 79.4935150146, 79.9579086304, 80.410697937, 80.8750991821, 81.3395004272, 81.8039016724, 82.2682952881, 82.7326965332, 83.1854858398, 83.649887085, 84.1026763916, 84.5670700073, 85.0314712524, 85.4958724976, 85.9602737427, 86.4246673584, 86.877456665, 87.3302459717, 87.7946472168, 88.2590484619, 88.7234420776, 89.1762313843, 89.6406326294, 90.093421936, 90.5578231812, 91.0222167969, 91.486618042, 91.9510192871, 92.4154205322, 92.8798141479, 93.3326034546, 93.7853927612, 94.2497940063, 94.7141952515, 95.1785888672, 95.6313781738, 96.0957794189, 96.5717926025, 97.0361862183, 97.5005874634, 97.9649887085, 98.4177780151, 98.8705673218, 99.3349609375, 99.7993621826, 100.263763428, 100.728164673, 101.180953979, 101.633743286, 102.098136902, 102.562538147, 103.026939392, 103.491333008, 103.955734253, 104.420135498, 104.884536743, 105.33732605, 105.801719666, 106.254508972, 106.718910217, 107.171699524, 107.636100769, 108.088890076, 108.553283691, 109.017684937, 109.505302429, 109.969703674, 110.434104919, 110.886894226, 111.339683533, 111.804077148, 112.268478394, 112.732879639, 113.197273254, 113.6616745, 114.114463806, 114.567253113, 115.031654358, 115.496055603, 115.960449219, 116.424850464, 116.889251709, 117.342041016, 117.794830322, 118.259223938, 118.723625183, 119.188026428, 119.652427673, 120.116821289, 120.581222534, 121.045623779, 121.498413086, 121.951202393, 122.403991699, 122.879997253, 123.344398499, 123.808792114, 124.273193359, 124.737594604, 125.190383911, 125.643173218, 126.107574463, 126.571968079, 127.036369324, 127.500770569, 127.965164185, 128.42956543, 128.882354736, 129.335144043, 129.799545288, 130.263946533, 130.728347778, 131.192733765, 131.65713501, 132.109924316, 132.562713623, 133.027114868, 133.491516113, 133.955917358, 134.420318604, 134.884719849, 135.349105835, 135.81350708, 136.266296387, 136.719085693, 137.171875, 137.647888184, 138.112289429, 138.576690674, 139.041091919, 139.493881226, 139.958267212, 140.422668457, 140.875457764, 141.339859009, 141.804260254, 142.268661499, 142.733062744, 143.197463989, 143.650253296, 144.114639282, 144.579040527, 145.031829834, 145.496231079, 145.960632324, 146.425033569, 146.889434814, 147.342224121, 147.806625366, 148.271011353, 148.723800659, 149.188201904, 149.652603149, 150.117004395, 150.58140564, 151.045806885, 151.51020813, 151.962997437, 152.415786743, 152.880172729, 153.344573975, 153.80897522, 154.261764526, 154.726165771, 155.178955078, 155.643356323, 156.107757568, 156.572158813, 157.0365448, 157.500946045, 157.942123413, 158.406524658, 158.870925903, 159.335327148, 159.799728394, 160.264129639, 160.728515625, 161.19291687, 161.645706177, 162.110107422, 162.562896729, 163.027297974, 163.491699219, 163.956100464, 164.420501709, 164.884887695, 165.337677002, 165.802078247, 166.254867554, 166.719268799, 167.183670044, 167.648071289, 168.100860596, 168.565261841, 169.018051147, 169.482452393, 169.946838379, 170.411239624, 170.875640869, 171.340042114, 171.804443359, 172.268844604, 172.721633911, 173.174423218, 173.638824463, 174.103210449, 174.567611694, 175.032012939, 175.496414185, 175.96081543, 176.425216675, 176.878005981, 177.342407227, 177.806793213, 178.25958252, 178.723983765, 179.18838501, 179.652786255, 180.1171875, 180.581588745, 181.034378052, 181.487167358, 181.951568604, 182.41595459, 182.880355835, 183.34475708, 183.809158325, 184.261947632, 184.714736938, 185.179138184, 185.643539429, 186.107940674, 186.57232666, 187.025115967, 187.477905273, 187.942306519, 188.406707764, 188.871109009, 189.335510254, 189.799911499, 190.264297485, 190.740310669, 191.204711914, 191.669113159, 192.133514404, 192.586303711, 193.050704956, 193.515090942, 193.979492188, 194.432281494, 194.896682739, 195.361083984, 195.813873291, 196.266662598, 196.719451904, 197.183853149, 197.648254395, 198.11265564, 198.577041626, 199.041442871, 199.505844116, 199.970245361, 200.423034668, 200.875823975, 201.34022522, 201.804626465, 202.26902771, 202.733413696, 203.197814941, 203.662216187, 204.126617432, 204.579406738, 205.032196045, 205.49659729, 205.949386597, 206.413787842, 206.878189087, 207.342575073, 207.79536438, 208.248153687, 208.700942993, 209.142120361, 209.618133545, 210.094146729, 210.558547974, 211.022949219, 211.487350464, 211.95173645, 212.416137695, 212.88053894, 213.333328247, 213.786117554, 214.250518799, 214.714920044, 215.179321289, 215.643707275, 216.108108521, 216.572509766, 217.036911011, 217.501312256, 217.954101563, 218.418502808, 218.871292114, 219.335693359, 219.788482666, 220.241271973, 220.705657959, 221.170059204, 221.634460449, 222.098861694, 222.563262939, 223.027664185, 223.49206543, 223.956451416, 224.420852661, 224.885253906, 225.349655151, 225.802444458, 226.266845703, 226.731246948, 227.184036255, 227.6484375, 228.112823486, 228.577224731, 229.041625977, 229.506027222, 229.958816528, 230.411605835, 230.87600708, 231.340408325, 231.80480957, 232.269195557, 232.733596802, 233.197998047, 233.650787354, 234.10357666, 234.567977905, 235.03237915, 235.496780396, 235.97277832, 236.460403442, 236.982849121, 237.49369812, 238.00453186, 238.526977539, 239.049423218]
