
metadata:
    version:
        essentia: "2.1-beta2"
    audio_properties:
        analysis_sample_rate: 44100
        bitrate: 320
        channels: 2
        equal_loudness: 1
        length: 220.367980957
        replay_gain: -16.393032074
        downmix: "mix"
    tags:
        album: "The Rising Tied"
        artist: "Fort Minor"
        comment: ""
        date: "2005"
        genre: "Alternative Hip-Hop"
        title: "Petrified"
        tracknumber: "04"

configuration:
    average_loudness:
        compute: 1
        frameSize: 88200
        hopSize: 44100
        silentFrames: "noise"
        windowType: "hann"
    general:
        analysisSampleRate: 44100
        endTime: 2000
        equalLoudness: 1
        nequalLoudness: 0
        shortSound: 0
        startTime: 0
    lowlevel:
        compute: 1
        frameSize: 2048
        hopSize: 1024
        zeroPadding: 0
        silentFrames: "noise"
        windowType: "blackmanharris62"
        mfccStats: ["mean", "cov", "icov"]
        stats: ["mean", "var", "median", "min", "max", "dmean", "dmean2", "dvar", "dvar2"]
    panning:
        compute: 0
        frameSize: 8192
        hopSize: 2048
        zeroPadding: 8192
        silentFrames: "noise"
        windowType: "hann"
        stats: ["copy"]
    rhythm:
        compute: 1
        maxTempo: 208
        minTempo: 40
        method: "degara"
        stats: ["mean", "var", "median", "min", "max", "dmean", "dmean2", "dvar", "dvar2"]
    segmentation:
        compute: 0
        cpw: 5
        inc1: 300
        inc2: 50
        minimumSegmentsLength: 10
        size1: 1000
        size2: 600
    sfx:
        compute: 1
        stats: ["mean", "var", "median", "min", "max", "dmean", "dmean2", "dvar", "dvar2"]
    svm:
        compute: 0
    tonal:
        compute: 1
        frameSize: 4096
        hopSize: 2048
        zeroPadding: 0
        silentFrames: "noise"
        windowType: "blackmanharris62"
        stats: ["mean", "var", "median", "min", "max", "dmean", "dmean2", "dvar", "dvar2"]

lowlevel:
    average_loudness: 0.949408948421
    barkbands_kurtosis:
        dmean: 2.20249843597
        dmean2: 3.66362547874
        dvar: 16.2451019287
        dvar2: 39.338634491
        max: 94.8357925415
        mean: 1.06637644768
        median: -0.486332952976
        min: -1.91344881058
        var: 21.6745853424
    barkbands_skewness:
        dmean: 0.662056565285
        dmean2: 1.02334165573
        dvar: 0.441604435444
        dvar2: 0.989326953888
        max: 8.0423116684
        mean: 0.772372841835
        median: 0.645536899567
        min: -4.75582170486
        var: 1.27242672443
    barkbands_spread:
        dmean: 6.90294694901
        dmean2: 10.914899826
        dvar: 47.727104187
        dvar2: 108.673789978
        max: 80.0300750732
        mean: 25.2832756042
        median: 25.4251213074
        min: 0.9667314291
        var: 142.606781006
    dissonance:
        dmean: 0.0238697845489
        dmean2: 0.039846368134
        dvar: 0.000662846548948
        dvar2: 0.00174293783493
        max: 0.500000059605
        mean: 0.457149475813
        median: 0.472388744354
        min: 0.16568942368
        var: 0.00207562558353
    hfc:
        dmean: 2.26982665062
        dmean2: 3.05106639862
        dvar: 20.7891521454
        dvar2: 42.1212158203
        max: 45.82604599
        mean: 4.25513362885
        median: 2.31530046463
        min: 1.96553121001e-010
        var: 41.8607940674
    pitch:
        dmean: 598.422180176
        dmean2: 1130.79296875
        dvar: 1354821.625
        dvar2: 3327814.25
        max: 5183.88671875
        mean: 787.297485352
        median: 285.10723877
        min: 62.4887008667
        var: 1447551.375
    pitch_instantaneous_confidence:
        dmean: 0.099438354373
        dmean2: 0.157107740641
        dvar: 0.00891106016934
        dvar2: 0.0194428786635
        max: 0.989639043808
        mean: 0.425930917263
        median: 0.369380295277
        min: 0.0210368037224
        var: 0.0449454374611
    pitch_salience:
        dmean: 0.0904259607196
        dmean2: 0.15049739182
        dvar: 0.00675577297807
        dvar2: 0.0190431829542
        max: 0.983395516872
        mean: 0.610346972942
        median: 0.626506686211
        min: 0.155114650726
        var: 0.0155511414632
    silence_rate_20dB:
        dmean: 0
        dmean2: 0
        dvar: 0
        dvar2: 0
        max: 1
        mean: 1
        median: 1
        min: 1
        var: 0
    silence_rate_30dB:
        dmean: 0
        dmean2: 0
        dvar: 0
        dvar2: 0
        max: 1
        mean: 1
        median: 1
        min: 1
        var: 0
    silence_rate_60dB:
        dmean: 0.144768729806
        dmean2: 0.28956797719
        dvar: 0.123811066151
        dvar2: 0.224060922861
        max: 1
        mean: 0.687420964241
        median: 1
        min: 0
        var: 0.214856654406
    spectral_centroid:
        dmean: 342.326904297
        dmean2: 514.120117188
        dvar: 140105.140625
        dvar2: 263204.96875
        max: 5580.45019531
        mean: 1325.08813477
        median: 1178.64282227
        min: 157.258956909
        var: 523007.1875
    spectral_complexity:
        dmean: 3.86492466927
        dmean2: 5.53888320923
        dvar: 37.7936897278
        dvar2: 62.3372879028
        max: 59
        mean: 8.49473285675
        median: 5
        min: 0
        var: 107.930610657
    spectral_crest:
        dmean: 2.82759547234
        dmean2: 4.71013259888
        dvar: 6.12906169891
        dvar2: 16.46434021
        max: 25.5384368896
        mean: 8.57172966003
        median: 7.68109798431
        min: 1.99308109283
        var: 16.7573337555
    spectral_decrease:
        dmean: 3.79660219929e-010
        dmean2: 5.70406943901e-010
        dvar: 4.08001331221e-019
        dvar2: 9.68449516095e-019
        max: -1.45285550424e-020
        mean: -6.98047841752e-010
        median: -4.68176053481e-010
        min: -4.53731718864e-009
        var: 5.91016566862e-019
    spectral_energy:
        dmean: 0.00161846342962
        dmean2: 0.00238299346529
        dvar: 7.41158009987e-006
        dvar2: 1.72852833202e-005
        max: 0.0208295229822
        mean: 0.00302054639906
        median: 0.00200661923736
        min: 7.26621182928e-014
        var: 1.15155917229e-005
    spectral_energyband_high:
        dmean: 0.000163089556736
        dmean2: 0.000213029037695
        dvar: 1.46017654856e-007
        dvar2: 2.95386001881e-007
        max: 0.004053380806
        mean: 0.000248836557148
        median: 6.45548207103e-005
        min: 1.84806071948e-014
        var: 2.64161542418e-007
    spectral_energyband_low:
        dmean: 0.000442457967438
        dmean2: 0.00077444431372
        dvar: 1.18943376037e-006
        dvar2: 3.18650609188e-006
        max: 0.00856774579734
        mean: 0.000442683056463
        median: 7.09039959474e-005
        min: 2.61189851418e-015
        var: 9.54156121225e-007
    spectral_energyband_middle_high:
        dmean: 0.00061514187837
        dmean2: 0.00088346953271
        dvar: 1.22205301523e-006
        dvar2: 2.56672092291e-006
        max: 0.011267401278
        mean: 0.00113066611812
        median: 0.000589403090999
        min: 3.36271165264e-014
        var: 2.58733234659e-006
    spectral_energyband_middle_low:
        dmean: 0.000911579583772
        dmean2: 0.00154578743968
        dvar: 2.67201994575e-006
        dvar2: 7.22536015019e-006
        max: 0.0113334255293
        mean: 0.00131515436806
        median: 0.000810593774077
        min: 1.86052548693e-014
        var: 2.5871629532e-006
    spectral_flatness_db:
        dmean: 0.0251781865954
        dmean2: 0.0392347760499
        dvar: 0.000594553421251
        dvar2: 0.00132267514709
        max: 0.534563660622
        mean: 0.176708325744
        median: 0.153529882431
        min: 0.0293564498425
        var: 0.00699543766677
    spectral_flux:
        dmean: 0.0109652215615
        dmean2: 0.0159531757236
        dvar: 0.000219452762394
        dvar2: 0.000433747452917
        max: 0.123672239482
        mean: 0.0361234992743
        median: 0.0321737751365
        min: 1.09886980226e-006
        var: 0.00053270458011
    spectral_kurtosis:
        dmean: 2.39373445511
        dmean2: 3.88091659546
        dvar: 16.9811420441
        dvar2: 49.2239151001
        max: 123.453788757
        mean: 5.61479520798
        median: 3.70175409317
        min: -1.08338570595
        var: 58.2922935486
    spectral_rms:
        dmean: 0.000397508294554
        dmean2: 0.00055859022541
        dvar: 2.78010759303e-007
        dvar2: 6.02797229021e-007
        max: 0.0045079360716
        mean: 0.00149610743392
        median: 0.00139917014167
        min: 8.4196125627e-009
        var: 7.08534969363e-007
    spectral_rolloff:
        dmean: 715.460998535
        dmean2: 1150.92382813
        dvar: 681385.875
        dvar2: 1432288.875
        max: 9366.94335938
        mean: 2486.03613281
        median: 2540.91796875
        min: 129.19921875
        var: 1807208.25
    spectral_skewness:
        dmean: 0.307010233402
        dmean2: 0.469767868519
        dvar: 0.129119291902
        dvar2: 0.341542094946
        max: 8.3607416153
        mean: 1.62048971653
        median: 1.49052500725
        min: -0.0348095558584
        var: 0.482188522816
    spectral_spread:
        dmean: 789265.9375
        dmean2: 1124934.125
        dvar: 1.07798822912e+012
        dvar2: 2.04046637466e+012
        max: 25352428
        mean: 4556955
        median: 4307707
        min: 677287.25
        var: 3.49084844032e+012
    spectral_strongpeak:
        dmean: 0.201520487666
        dmean2: 0.339820832014
        dvar: 0.0872501656413
        dvar2: 0.222250938416
        max: 6.03362798691
        mean: 0.340279519558
        median: 0.197097122669
        min: 0
        var: 0.201143249869
    zerocrossingrate:
        dmean: 0.0129187460989
        dmean2: 0.014828725718
        dvar: 0.000169456747244
        dvar2: 0.000202371709747
        max: 0.40283203125
        mean: 0.0771516785026
        median: 0.07177734375
        min: 0.0087890625
        var: 0.00118353858124
    barkbands:
        dmean: [9.22870526665e-007, 0.000106288527604, 0.000302108441247, 0.000212587008718, 0.000240782974288, 0.000240925859543, 0.000216643689782, 0.000131785855046, 0.000166902813362, 8.9962653874e-005, 8.11776480987e-005, 7.61365081416e-005, 5.42476445844e-005, 5.83192922932e-005, 6.24446984148e-005, 7.80305854278e-005, 8.77262718859e-005, 8.71211159392e-005, 0.00012195672025, 0.000115007438581, 7.10461899871e-005, 2.4038778065e-005, 4.79307391288e-006, 2.22775543079e-006, 1.61233560902e-006, 4.41948166952e-008, 5.04873198803e-010]
        dmean2: [1.4148348555e-006, 0.00018393121718, 0.000554084603209, 0.00038710955414, 0.000423237885116, 0.000423582678195, 0.000364103732863, 0.000218550630962, 0.00026706996141, 0.000142799748573, 0.000136325790663, 0.000127580642584, 8.72047166922e-005, 9.64514692896e-005, 9.90240441752e-005, 0.000122774174088, 0.000133979832754, 0.000135330687044, 0.000191393628484, 0.000158753726282, 9.54497954808e-005, 3.29857393808e-005, 6.40831876808e-006, 3.02734270008e-006, 2.26870429287e-006, 6.32285193092e-008, 6.81185163831e-010]
        dvar: [2.90064651985e-012, 4.64231924013e-008, 6.05019181421e-007, 3.43104517242e-007, 2.18057493839e-007, 2.88501411205e-007, 1.89650378957e-007, 7.22889268445e-008, 1.08859339321e-007, 3.70797401672e-008, 2.28184653395e-008, 2.37984529861e-008, 9.70847491288e-009, 1.03452162392e-008, 1.30205446425e-008, 3.60793457332e-008, 2.4102465801e-008, 4.29508411059e-008, 5.95731783903e-008, 6.64724097987e-008, 2.37399397918e-008, 2.72583267069e-009, 1.29460192566e-010, 2.65392430254e-011, 1.48243448767e-011, 1.24626862853e-014, 9.20654193121e-019]
        dvar2: [6.08084676362e-012, 1.18799519555e-007, 1.70624264229e-006, 9.76790943241e-007, 6.08393690982e-007, 8.07084632015e-007, 4.84925976707e-007, 1.86535203284e-007, 2.64374961034e-007, 8.51384100997e-008, 5.82321142417e-008, 6.19336404384e-008, 2.23967262514e-008, 2.70567692695e-008, 3.16867243555e-008, 8.13104747976e-008, 4.71789185497e-008, 1.00004193371e-007, 1.41973032441e-007, 1.21515398632e-007, 4.85853455245e-008, 5.61293855839e-009, 2.44865017152e-010, 5.23187951296e-011, 3.09135043952e-011, 2.37525233179e-014, 1.78420087073e-018]
        max: [1.41911614264e-005, 0.00164331728593, 0.00578866107389, 0.00519884424284, 0.00521926954389, 0.00507085816935, 0.00523123703897, 0.00412653153762, 0.00488708168268, 0.00383004639298, 0.00219557853416, 0.00202388432808, 0.00128424563445, 0.00145515159238, 0.00202304916456, 0.00249037193134, 0.00244225561619, 0.00269751809537, 0.00308414571919, 0.00289942813106, 0.0016805814812, 0.000540023902431, 0.000135459529702, 6.44270257908e-005, 6.71834059176e-005, 3.58159854841e-006, 4.02598772098e-008]
        mean: [1.79375183507e-006, 0.000118420088256, 0.000230879362789, 0.000185670374776, 0.000284240901237, 0.000233869286603, 0.000228378019528, 0.000145373123814, 0.000204771160497, 0.000110014538222, 9.00704690139e-005, 8.67262715474e-005, 6.47244451102e-005, 7.98969413154e-005, 8.51985387271e-005, 9.67430678429e-005, 0.000132322078571, 0.000119723590615, 0.000184197371709, 0.000178843110916, 0.000111141263915, 3.5330409446e-005, 7.00368718753e-006, 3.14946009894e-006, 2.01750322049e-006, 5.22222443067e-008, 6.49080844628e-010]
        median: [7.1127578849e-007, 1.17067429528e-005, 2.35791376326e-005, 5.00267051393e-005, 0.000123776466353, 7.29644816602e-005, 5.51095617993e-005, 3.97037802031e-005, 5.73876241106e-005, 2.66463648586e-005, 2.72740289802e-005, 2.16380030906e-005, 1.77877082024e-005, 1.76834873855e-005, 2.34985454881e-005, 2.80861186184e-005, 4.98805602547e-005, 4.67343706987e-005, 7.13351328159e-005, 4.96347165608e-005, 2.78327661363e-005, 8.68154074851e-006, 1.62323078712e-006, 4.78548940919e-007, 2.50160354653e-007, 7.22414705834e-009, 1.05493558333e-010]
        min: [5.40632211998e-017, 9.81414936094e-016, 3.91997239459e-016, 9.96517110028e-016, 4.31721512381e-015, 4.91613772125e-015, 2.03107785785e-015, 2.20164827057e-015, 3.21140852897e-015, 1.8152360752e-015, 8.2987719488e-016, 2.01230421961e-015, 2.298780715e-015, 5.27237669722e-016, 3.68224412762e-016, 2.25576626436e-015, 1.01169276407e-014, 8.34486356426e-015, 2.79628445778e-015, 5.17000154235e-015, 6.88131938042e-015, 5.55645947751e-015, 1.61913323071e-015, 1.11314719412e-015, 6.26927994839e-016, 1.14177698714e-016, 6.50168792201e-017]
        var: [6.39422065643e-012, 5.64625892707e-008, 3.84886732263e-007, 2.27124630214e-007, 2.01670658839e-007, 2.11812164252e-007, 1.97560396487e-007, 7.75144073373e-008, 1.49335946276e-007, 5.30749133532e-008, 2.74212972329e-008, 2.9110900357e-008, 1.42057645647e-008, 1.9851020383e-008, 2.14654853892e-008, 4.60835671845e-008, 4.84063917838e-008, 5.84579993301e-008, 9.98661420226e-008, 1.36791896921e-007, 4.52947865881e-008, 5.02272401448e-009, 2.3135110494e-010, 4.9099550814e-011, 2.39835946242e-011, 2.02690698291e-014, 1.58182906591e-018]
    frequency_bands:
        dmean: [9.22870526665e-007, 0.000106288527604, 0.000302108441247, 0.000212587008718, 0.000240782974288, 0.000240925859543, 0.000216643689782, 0.000131785855046, 0.000166902813362, 8.9962653874e-005, 8.11776480987e-005, 7.61365081416e-005, 5.42476445844e-005, 5.83192922932e-005, 6.24446984148e-005, 7.80305854278e-005, 8.77262718859e-005, 8.71211159392e-005, 0.00012195672025, 0.000115007438581, 7.10461899871e-005, 2.4038778065e-005, 4.79307391288e-006, 2.22775543079e-006, 1.61233560902e-006, 4.41948166952e-008, 5.04873198803e-010, 3.37479141854e-011]
        dmean2: [1.4148348555e-006, 0.00018393121718, 0.000554084603209, 0.00038710955414, 0.000423237885116, 0.000423582678195, 0.000364103732863, 0.000218550630962, 0.00026706996141, 0.000142799748573, 0.000136325790663, 0.000127580642584, 8.72047166922e-005, 9.64514692896e-005, 9.90240441752e-005, 0.000122774174088, 0.000133979832754, 0.000135330687044, 0.000191393628484, 0.000158753726282, 9.54497954808e-005, 3.29857393808e-005, 6.40831876808e-006, 3.02734270008e-006, 2.26870429287e-006, 6.32285193092e-008, 6.81185163831e-010, 6.28330790176e-011]
        dvar: [2.90064651985e-012, 4.64231924013e-008, 6.05019181421e-007, 3.43104517242e-007, 2.18057493839e-007, 2.88501411205e-007, 1.89650378957e-007, 7.22889268445e-008, 1.08859339321e-007, 3.70797401672e-008, 2.28184653395e-008, 2.37984529861e-008, 9.70847491288e-009, 1.03452162392e-008, 1.30205446425e-008, 3.60793457332e-008, 2.4102465801e-008, 4.29508411059e-008, 5.95731783903e-008, 6.64724097987e-008, 2.37399397918e-008, 2.72583267069e-009, 1.29460192566e-010, 2.65392430254e-011, 1.48243448767e-011, 1.24626862853e-014, 9.20654193121e-019, 3.57398570173e-021]
        dvar2: [6.08084676362e-012, 1.18799519555e-007, 1.70624264229e-006, 9.76790943241e-007, 6.08393690982e-007, 8.07084632015e-007, 4.84925976707e-007, 1.86535203284e-007, 2.64374961034e-007, 8.51384100997e-008, 5.82321142417e-008, 6.19336404384e-008, 2.23967262514e-008, 2.70567692695e-008, 3.16867243555e-008, 8.13104747976e-008, 4.71789185497e-008, 1.00004193371e-007, 1.41973032441e-007, 1.21515398632e-007, 4.85853455245e-008, 5.61293855839e-009, 2.44865017152e-010, 5.23187951296e-011, 3.09135043952e-011, 2.37525233179e-014, 1.78420087073e-018, 1.13216977844e-020]
        max: [1.41911614264e-005, 0.00164331728593, 0.00578866107389, 0.00519884424284, 0.00521926954389, 0.00507085816935, 0.00523123703897, 0.00412653153762, 0.00488708168268, 0.00383004639298, 0.00219557853416, 0.00202388432808, 0.00128424563445, 0.00145515159238, 0.00202304916456, 0.00249037193134, 0.00244225561619, 0.00269751809537, 0.00308414571919, 0.00289942813106, 0.0016805814812, 0.000540023902431, 0.000135459529702, 6.44270257908e-005, 6.71834059176e-005, 3.58159854841e-006, 4.02598772098e-008, 8.90646945084e-010]
        mean: [1.79375183507e-006, 0.000118420088256, 0.000230879362789, 0.000185670374776, 0.000284240901237, 0.000233869286603, 0.000228378019528, 0.000145373123814, 0.000204771160497, 0.000110014538222, 9.00704690139e-005, 8.67262715474e-005, 6.47244451102e-005, 7.98969413154e-005, 8.51985387271e-005, 9.67430678429e-005, 0.000132322078571, 0.000119723590615, 0.000184197371709, 0.000178843110916, 0.000111141263915, 3.5330409446e-005, 7.00368718753e-006, 3.14946009894e-006, 2.01750322049e-006, 5.22222443067e-008, 6.49080844628e-010, 2.57653030855e-011]
        median: [7.1127578849e-007, 1.17067429528e-005, 2.35791376326e-005, 5.00267051393e-005, 0.000123776466353, 7.29644816602e-005, 5.51095617993e-005, 3.97037802031e-005, 5.73876241106e-005, 2.66463648586e-005, 2.72740289802e-005, 2.16380030906e-005, 1.77877082024e-005, 1.76834873855e-005, 2.34985454881e-005, 2.80861186184e-005, 4.98805602547e-005, 4.67343706987e-005, 7.13351328159e-005, 4.96347165608e-005, 2.78327661363e-005, 8.68154074851e-006, 1.62323078712e-006, 4.78548940919e-007, 2.50160354653e-007, 7.22414705834e-009, 1.05493558333e-010, 7.10218776151e-012]
        min: [5.40632211998e-017, 9.81414936094e-016, 3.91997239459e-016, 9.96517110028e-016, 4.31721512381e-015, 4.91613772125e-015, 2.03107785785e-015, 2.20164827057e-015, 3.21140852897e-015, 1.8152360752e-015, 8.2987719488e-016, 2.01230421961e-015, 2.298780715e-015, 5.27237669722e-016, 3.68224412762e-016, 2.25576626436e-015, 1.01169276407e-014, 8.34486356426e-015, 2.79628445778e-015, 5.17000154235e-015, 6.88131938042e-015, 5.55645947751e-015, 1.61913323071e-015, 1.11314719412e-015, 6.26927994839e-016, 1.14177698714e-016, 6.50168792201e-017, 3.27879369856e-020]
        var: [6.39422065643e-012, 5.64625892707e-008, 3.84886732263e-007, 2.27124630214e-007, 2.01670658839e-007, 2.11812164252e-007, 1.97560396487e-007, 7.75144073373e-008, 1.49335946276e-007, 5.30749133532e-008, 2.74212972329e-008, 2.9110900357e-008, 1.42057645647e-008, 1.9851020383e-008, 2.14654853892e-008, 4.60835671845e-008, 4.84063917838e-008, 5.84579993301e-008, 9.98661420226e-008, 1.36791896921e-007, 4.52947865881e-008, 5.02272401448e-009, 2.3135110494e-010, 4.9099550814e-011, 2.39835946242e-011, 2.02690698291e-014, 1.58182906591e-018, 2.7256562458e-021]
    mfcc:
        mean: [-773.314086914, 107.748420715, -43.3586082458, 37.9403533936, -20.7433586121, -9.51033115387, -2.79601979256, -6.31987380981, -1.58784592152, -5.71049022675, -3.06138300896, -5.01222038269, -1.52529215813]
        cov: [[10240.8398438, 731.156860352, -79.5481414795, 1539.95959473, -91.1683502197, 541.419006348, 14.4032669067, -151.380767822, 43.1673469543, -122.426956177, -112.249435425, -242.555099487, -321.730133057], [731.156860352, 1708.10302734, 121.707420349, 514.544799805, 327.31072998, 61.5071563721, 120.390449524, 67.9007339478, 110.180770874, 46.1662216187, 13.9086828232, -37.8028411865, -59.0525245667], [-79.5481414795, 121.707420349, 796.291137695, 342.316864014, 244.290649414, 196.05821228, 144.5337677, 71.9350967407, 48.2955245972, -14.7235393524, -1.30664479733, 26.3808135986, 10.1634464264], [1539.95959473, 514.544799805, 342.316864014, 842.727050781, 240.361282349, 252.281982422, 122.901092529, 26.3965415955, 58.8740768433, -14.3790664673, -25.8710155487, -81.8308563232, -50.4801521301], [-91.1683502197, 327.31072998, 244.290649414, 240.361282349, 421.793518066, 112.619255066, 68.7730560303, 11.4058389664, 68.6429595947, 69.2532958984, 6.67864179611, -14.8775978088, -7.53061532974], [541.419006348, 61.5071563721, 196.05821228, 252.281982422, 112.619255066, 306.021606445, 111.847595215, 45.0876350403, 43.9353065491, 33.718120575, 27.421081543, -1.37359666824, -26.694185257], [14.4032669067, 120.390449524, 144.5337677, 122.901092529, 68.7730560303, 111.847595215, 176.206939697, 97.605796814, 51.1887702942, 20.5069980621, 26.0508460999, 9.78216552734, 9.04211425781], [-151.380767822, 67.9007339478, 71.9350967407, 26.3965415955, 11.4058389664, 45.0876350403, 97.605796814, 152.68460083, 74.5758056641, 35.2606201172, 30.508600235, 18.3939762115, 25.5220890045], [43.1673469543, 110.180770874, 48.2955245972, 58.8740768433, 68.6429595947, 43.9353065491, 51.1887702942, 74.5758056641, 147.155181885, 80.3916473389, 34.5550994873, 12.7134122849, -3.76359724998], [-122.426956177, 46.1662216187, -14.7235393524, -14.3790664673, 69.2532958984, 33.718120575, 20.5069980621, 35.2606201172, 80.3916473389, 148.734664917, 75.8269119263, 27.8956718445, 11.884595871], [-112.249435425, 13.9086828232, -1.30664479733, -25.8710155487, 6.67864179611, 27.421081543, 26.0508460999, 30.508600235, 34.5550994873, 75.8269119263, 119.87802887, 53.8852577209, 11.2249507904], [-242.555099487, -37.8028411865, 26.3808135986, -81.8308563232, -14.8775978088, -1.37359666824, 9.78216552734, 18.3939762115, 12.7134122849, 27.8956718445, 53.8852577209, 109.111495972, 49.0852508545], [-321.730133057, -59.0525245667, 10.1634464264, -50.4801521301, -7.53061532974, -26.694185257, 9.04211425781, 25.5220890045, -3.76359724998, 11.884595871, 11.2249507904, 49.0852508545, 131.20765686]]
        icov: [[0.000180474424269, -1.02718231574e-005, 0.00013786208001, -0.000385297113098, 0.000237702624872, -0.000214587140363, 0.000111431712867, 0.0001737606799, -0.000138554270961, 3.81085956178e-005, 8.09429184301e-005, -6.57645796309e-005, 0.000217754815822], [-1.02718231574e-005, 0.000889741408173, 0.000256815372268, -0.000574781734031, -0.00060673232656, 0.000597886682954, -0.00035499225487, -0.000304787303321, -0.000126289232867, 9.873277304e-005, -8.5561616288e-005, -0.000364025181625, 0.000435730908066], [0.00013786208001, 0.000256815372268, 0.00221739336848, -0.000885754998308, -0.000911302689929, -0.000486906268634, -0.000553331221454, -0.000415930844611, -0.000143833516631, 0.00104209827259, 0.000273121666396, -0.00132775970269, 0.000283599598333], [-0.000385297113098, -0.000574781734031, -0.000885754998308, 0.00334447482601, -0.000682376674376, -0.00111863622442, -0.000364985258784, 0.000377175194444, -0.000451632746262, 0.000842211244162, -0.000550291559193, 0.00208028615452, -0.000983489910141], [0.000237702624872, -0.00060673232656, -0.000911302689929, -0.000682376674376, 0.00452307797968, -0.000678793468978, -0.000431791995652, 0.00185372016858, -0.00077573210001, -0.00235316739418, 0.00112582568545, 0.000596103898715, -0.000219900262891], [-0.000214587140363, 0.000597886682954, -0.000486906268634, -0.00111863622442, -0.000678793468978, 0.00627177488059, -0.00289378338493, -3.53739451384e-005, 0.000589961360674, -0.00129413267132, -0.000350985879777, -0.000883380707819, 0.00128822971601], [0.000111431712867, -0.00035499225487, -0.000553331221454, -0.000364985258784, -0.000431791995652, -0.00289378338493, 0.0121560338885, -0.00642720842734, 0.000196443608729, 0.00131663447246, -0.00124209723435, 0.000268914329354, -0.000293107092148], [0.0001737606799, -0.000304787303321, -0.000415930844611, 0.000377175194444, 0.00185372016858, -3.53739451384e-005, -0.00642720842734, 0.0141429807991, -0.0058469325304, 0.000542197201867, -0.000996506540105, 0.00118595839012, -0.00231793918647], [-0.000138554270961, -0.000126289232867, -0.000143833516631, -0.000451632746262, -0.00077573210001, 0.000589961360674, 0.000196443608729, -0.0058469325304, 0.0136962188408, -0.00686152279377, 0.00204176362604, -0.00156502670143, 0.0020652723033], [3.81085956178e-005, 9.873277304e-005, 0.00104209827259, 0.000842211244162, -0.00235316739418, -0.00129413267132, 0.00131663447246, 0.000542197201867, -0.00686152279377, 0.0157909635454, -0.00835621356964, 0.00162014120724, -0.00173172226641], [8.09429184301e-005, -8.5561616288e-005, 0.000273121666396, -0.000550291559193, 0.00112582568545, -0.000350985879777, -0.00124209723435, -0.000996506540105, 0.00204176362604, -0.00835621356964, 0.01658234559, -0.00722531368956, 0.00229957909323], [-6.57645796309e-005, -0.000364025181625, -0.00132775970269, 0.00208028615452, 0.000596103898715, -0.000883380707819, 0.000268914329354, 0.00118595839012, -0.00156502670143, 0.00162014120724, -0.00722531368956, 0.0164505187422, -0.00554432580248], [0.000217754815822, 0.000435730908066, 0.000283599598333, -0.000983489910141, -0.000219900262891, 0.00128822971601, -0.000293107092148, -0.00231793918647, 0.0020652723033, -0.00173172226641, 0.00229957909323, -0.00554432580248, 0.0107652796432]]
    sccoeffs:
        dmean: [0.0651710554957, 0.057444550097, 0.0437248237431, 0.0333434529603, 0.0236779171973, 0.0240010116249]
        dmean2: [0.106968648732, 0.0933300554752, 0.0703868865967, 0.0531256198883, 0.0372841730714, 0.0363243333995]
        dvar: [0.00297005241737, 0.00231268280186, 0.00126265047584, 0.000826726260129, 0.000489457335789, 0.000470403698273]
        dvar2: [0.00736747868359, 0.00563454069197, 0.00305477553047, 0.00191345834173, 0.00105583108962, 0.000996236456558]
        max: [-0.245002925396, -0.380699425936, -0.394314736128, -0.468410551548, -0.520090639591, -0.562990784645]
        mean: [-0.693700909615, -0.729410529137, -0.768833875656, -0.788167774677, -0.798692762852, -0.759431123734]
        median: [-0.703708767891, -0.74303483963, -0.791974306107, -0.805239319801, -0.813112258911, -0.757679522038]
        min: [-0.998948395252, -0.997179448605, -0.996859788895, -0.993560492992, -0.969308137894, -0.944085180759]
        var: [0.00935800001025, 0.0081287631765, 0.00790348555893, 0.00499329343438, 0.00353633216582, 0.00223097368143]
    scvalleys:
        dmean: [0.427880883217, 0.496870070696, 0.449164628983, 0.433064579964, 0.380159378052, 0.48155516386]
        dmean2: [0.672523677349, 0.789344191551, 0.669920384884, 0.643471598625, 0.50695681572, 0.599498808384]
        dvar: [0.173684284091, 0.247368782759, 0.221213370562, 0.225263059139, 0.184251561761, 0.236558035016]
        dvar2: [0.362817883492, 0.538126766682, 0.476921796799, 0.476011246443, 0.32912427187, 0.391850113869]
        max: [-5.05312204361, -4.53853654861, -4.94038105011, -5.58400964737, -5.43104553223, -7.73183584213]
        mean: [-7.72060775757, -7.13526916504, -7.54574155807, -7.94385480881, -7.9335269928, -10.5640659332]
        median: [-6.92034435272, -6.83542728424, -7.29730367661, -7.59654998779, -7.545378685, -10.2099485397]
        min: [-17.843460083, -17.7722301483, -18.4085693359, -19.1159038544, -18.5734596252, -20.2358665466]
        var: [5.08034992218, 2.26271677017, 2.15517711639, 2.43897891045, 2.69429111481, 3.17607021332]

rhythm:
    beats_loudness:
        dmean: 0.00575436512008
        dmean2: 0.0113715790212
        dvar: 9.43247232499e-006
        dvar2: 3.11264848278e-005
        max: 0.0142714232206
        mean: 0.00704441638663
        median: 0.00607587536797
        min: 6.78821221456e-010
        var: 1.74929082277e-005
    bpm: 110.119880676
    bpm_confidence: 0
    first_peak_bpm: 110
    first_peak_spread: 0.224226787686
    first_peak_weight: 0.746898233891
    onset_rate: 3.93432879448
    second_peak_bpm: 115
    second_peak_spread: 0.11111111939
    second_peak_weight: 0.0198511164635
    beats_loudness_band_ratio:
        dmean: [0.265655130148, 0.115713909268, 0.153028249741, 0.100327730179, 0.152694389224, 0.139140963554]
        dmean2: [0.507344722748, 0.218640878797, 0.280857682228, 0.181293904781, 0.292515337467, 0.240026652813]
        dvar: [0.0618530362844, 0.0134820975363, 0.0150615219027, 0.00552122294903, 0.00636742915958, 0.0093817487359]
        dvar2: [0.152442097664, 0.0397183783352, 0.0432019978762, 0.0142067354172, 0.0192183535546, 0.0274349730462]
        max: [0.712607502937, 0.689518630505, 0.867335140705, 0.79869300127, 0.652169346809, 0.820209920406]
        mean: [0.166329219937, 0.149260565639, 0.200352862477, 0.122466921806, 0.17186614871, 0.226562976837]
        median: [0.034286648035, 0.11792935431, 0.17429831624, 0.104221373796, 0.156797707081, 0.255126476288]
        min: [1.41654084018e-007, 1.06352808871e-005, 0.00342498673126, 0.0104181570932, 0.0159515980631, 2.27467553486e-005]
        var: [0.0530664660037, 0.0115417316556, 0.0245049148798, 0.0124199884012, 0.0110561875626, 0.0165502447635]
    beats_position: [0.53405892849, 1.06811785698, 1.60217678547, 2.13623571396, 2.67029476166, 3.20435357094, 3.73841261864, 4.27247142792, 4.79492044449, 5.32897949219, 5.85142850876, 6.37387752533, 6.8963265419, 7.41877555847, 7.94122457504, 8.45206356049, 8.91646194458, 9.39247131348, 9.86848068237, 10.4025392532, 10.9249887466, 11.4590473175, 11.9582767487, 12.445895195, 12.933514595, 13.479183197, 14.0248527527, 14.5705213547, 15.1161899567, 15.6734695435, 16.2191371918, 16.7648067474, 17.3104763031, 17.8561439514, 18.4018135071, 18.9474830627, 19.4931507111, 20.0388202667, 20.5728797913, 21.1301574707, 21.6758270264, 22.221496582, 22.7671642303, 23.312833786, 23.8585033417, 24.40417099, 24.9382305145, 25.4955101013, 26.0411777496, 26.5868473053, 27.1209068298, 27.6781845093, 28.2238540649, 28.7695236206, 29.3035831451, 29.8608608246, 30.4065303802, 30.9521980286, 31.4978675842, 32.0435371399, 32.5892066956, 33.1348762512, 33.6689338684, 34.2262115479, 34.7718811035, 35.3175506592, 35.8632202148, 36.4088897705, 36.9545555115, 37.5002250671, 38.034286499, 38.5915641785, 39.1256217957, 39.6712913513, 40.216960907, 40.7626304626, 41.3083000183, 41.8539657593, 42.3996353149, 42.9453048706, 43.4909744263, 44.0250320435, 44.5823135376, 45.139591217, 45.6852607727, 46.2309303284, 46.7649879456, 47.3106575012, 47.8563270569, 48.3903846741, 48.9360542297, 49.4817237854, 50.0390014648, 50.5846710205, 51.1303405762, 51.6760063171, 52.2216758728, 52.7673454285, 53.3130149841, 53.8586845398, 54.4043540955, 54.9384117126, 55.4840812683, 56.029750824, 56.5754165649, 57.1210861206, 57.6667556763, 58.2124252319, 58.7580947876, 59.3037643433, 59.8494338989, 60.3950996399, 60.952381134, 61.4864387512, 62.0204963684, 62.5777778625, 63.135055542, 63.6691131592, 64.2147827148, 64.7604522705, 65.3061218262, 65.8517913818, 66.3974609375, 66.9431304932, 67.4888000488, 68.0344696045, 68.5801315308, 69.1258010864, 69.6830825806, 70.2287521362, 70.7628097534, 71.3084793091, 71.8541488647, 72.3998184204, 72.9454879761, 73.4911575317, 74.0368270874, 74.5824966431, 75.1281585693, 75.673828125, 76.2194976807, 76.7651672363, 77.310836792, 77.8565063477, 78.4021759033, 78.947845459, 79.4819030762, 80.0391845703, 80.584854126, 81.1305236816, 81.6645812988, 82.2218551636, 82.7675247192, 83.3131942749, 83.8472518921, 84.4045333862, 84.9502029419, 85.4958724976, 86.0299301147, 86.5872116089, 87.1328811646, 87.6785507202, 88.2242126465, 88.7698822021, 89.3155517578, 89.8612213135, 90.3952789307, 90.9525604248, 91.4982299805, 92.0438995361, 92.5895690918, 93.1352386475, 93.6809082031, 94.2265777588, 94.7722396851, 95.3179092407, 95.8635787964, 96.4208602905, 96.9781417847, 97.5238113403, 98.0694732666, 98.5919265747, 99.1375961304, 99.683265686, 100.228935242, 100.774604797, 101.308662415, 101.85433197, 102.400001526, 102.945663452, 103.491333008, 104.037002563, 104.582672119, 105.128341675, 105.67401123, 106.219680786, 106.765350342, 107.299407959, 107.845077515, 108.39074707, 108.936416626, 109.482086182, 110.027755737, 110.573425293, 111.119087219, 111.664756775, 112.210426331, 112.756095886, 113.301765442, 113.847434998, 114.393104553, 114.938774109, 115.496055603, 116.03011322, 116.575782776, 117.121452332, 117.667114258, 118.212783813, 118.758453369, 119.304122925, 119.84979248, 120.395462036, 120.941131592, 121.486801147, 122.032470703, 122.578140259, 123.123809814, 123.66947937, 124.215148926, 124.760810852, 125.306480408, 125.852149963, 126.397819519, 126.943489075, 127.48915863, 128.034820557, 128.580490112, 129.126159668, 129.671829224, 130.217498779, 130.763168335, 131.308837891, 131.854507446, 132.400177002, 132.945846558, 133.491516113, 134.037185669, 134.582855225, 135.12852478, 135.674194336, 136.219863892, 136.765533447, 137.311203003, 137.856872559, 138.402542114, 138.94821167, 139.493881226, 140.039550781, 140.585220337, 141.130874634, 141.676544189, 142.222213745, 142.756271362, 143.313552856, 143.859222412, 144.404891968, 144.950561523, 145.496231079, 146.041900635, 146.58757019, 147.121627808, 147.678909302, 148.224578857, 148.770248413, 149.30430603, 149.861587524, 150.40725708, 150.952926636, 151.486984253, 152.044265747, 152.589935303, 153.135604858, 153.669662476, 154.215332031, 154.761001587, 155.306671143, 155.852325439, 156.409606934, 156.955276489, 157.500946045, 158.046615601, 158.592285156, 159.126342773, 159.672012329, 160.217681885, 160.76335144, 161.309020996, 161.854690552, 162.400360107, 162.934417725, 163.491699219, 164.037368774, 164.58303833, 165.128707886, 165.674377441, 166.231658936, 166.777328491, 167.322982788, 167.857055664, 168.391113281, 168.936782837, 169.482452393, 170.028121948, 170.573776245, 171.119445801, 171.665115356, 172.210784912, 172.756454468, 173.302124023, 173.847793579, 174.393463135, 174.93913269, 175.484802246, 176.030471802, 176.576141357, 177.121810913, 177.667480469, 178.213150024, 178.75881958, 179.304489136, 179.850158691, 180.395828247, 180.941497803, 181.487167358, 182.032836914, 182.57850647, 183.124176025, 183.669830322, 184.215499878, 184.761169434, 185.306838989, 185.852508545, 186.398178101, 186.943847656, 187.489517212, 188.035186768, 188.580856323, 189.126525879, 189.683807373, 190.21786499, 190.763534546, 191.309204102, 191.854873657, 192.400543213, 192.946212769, 193.491882324, 194.03755188, 194.583221436, 195.128890991, 195.674560547, 196.220230103, 196.765899658, 197.311553955, 197.857223511, 198.402893066, 198.948562622, 199.494232178, 200.039901733, 200.585571289, 201.131240845, 201.6769104, 202.222579956, 202.768249512, 203.313919067, 203.859588623, 204.405258179, 204.950927734, 205.49659729, 206.030654907, 206.587936401, 207.133605957, 207.679275513, 208.21333313, 208.770614624, 209.31628418, 209.861953735, 210.396011353, 210.953277588, 211.498947144, 212.044616699, 212.578674316, 213.135955811, 213.681625366, 214.227294922, 214.761352539, 215.307022095, 215.85269165, 216.398361206, 216.944030762, 217.501312256, 218.05859375, 218.615875244, 219.173141479, 219.730422974]
