
metadata:
    version:
        essentia: "2.1-beta2"
    audio_properties:
        analysis_sample_rate: 44100
        bitrate: 320
        channels: 2
        equal_loudness: 1
        length: 231.887985229
        replay_gain: -15.9808301926
        downmix: "mix"
    tags:
        album: "The Rising Tied"
        artist: "Fort Minor"
        comment: ""
        date: "2005"
        genre: "Alternative Hip-Hop"
        title: "Where'd You Go (feat Holly Brook & Jonah Matranga)"
        tracknumber: "06"

configuration:
    average_loudness:
        compute: 1
        frameSize: 88200
        hopSize: 44100
        silentFrames: "noise"
        windowType: "hann"
    general:
        analysisSampleRate: 44100
        endTime: 2000
        equalLoudness: 1
        nequalLoudness: 0
        shortSound: 0
        startTime: 0
    lowlevel:
        compute: 1
        frameSize: 2048
        hopSize: 1024
        zeroPadding: 0
        silentFrames: "noise"
        windowType: "blackmanharris62"
        mfccStats: ["mean", "cov", "icov"]
        stats: ["mean", "var", "median", "min", "max", "dmean", "dmean2", "dvar", "dvar2"]
    panning:
        compute: 0
        frameSize: 8192
        hopSize: 2048
        zeroPadding: 8192
        silentFrames: "noise"
        windowType: "hann"
        stats: ["copy"]
    rhythm:
        compute: 1
        maxTempo: 208
        minTempo: 40
        method: "degara"
        stats: ["mean", "var", "median", "min", "max", "dmean", "dmean2", "dvar", "dvar2"]
    segmentation:
        compute: 0
        cpw: 5
        inc1: 300
        inc2: 50
        minimumSegmentsLength: 10
        size1: 1000
        size2: 600
    sfx:
        compute: 1
        stats: ["mean", "var", "median", "min", "max", "dmean", "dmean2", "dvar", "dvar2"]
    svm:
        compute: 0
    tonal:
        compute: 1
        frameSize: 4096
        hopSize: 2048
        zeroPadding: 0
        silentFrames: "noise"
        windowType: "blackmanharris62"
        stats: ["mean", "var", "median", "min", "max", "dmean", "dmean2", "dvar", "dvar2"]

lowlevel:
    average_loudness: 0.932123482227
    barkbands_kurtosis:
        dmean: 2.18007826805
        dmean2: 3.48000049591
        dvar: 9.53152656555
        dvar2: 23.2593402863
        max: 63.4068107605
        mean: 1.98151624203
        median: 0.731793880463
        min: -1.8977714777
        var: 18.4094219208
    barkbands_skewness:
        dmean: 0.601275622845
        dmean2: 0.906592190266
        dvar: 0.389498889446
        dvar2: 0.913948893547
        max: 6.64947605133
        mean: 1.0941644907
        median: 1.1528595686
        min: -5.08929109573
        var: 1.26196670532
    barkbands_spread:
        dmean: 6.84468317032
        dmean2: 10.5121479034
        dvar: 50.6263275146
        dvar2: 109.68183136
        max: 75.9482650757
        mean: 23.326789856
        median: 22.4553375244
        min: 0.834046602249
        var: 177.284164429
    dissonance:
        dmean: 0.0249112397432
        dmean2: 0.0398293957114
        dvar: 0.000611024792306
        dvar2: 0.00149748008698
        max: 0.500000119209
        mean: 0.444400668144
        median: 0.458480894566
        min: 0.122881740332
        var: 0.00247314968146
    hfc:
        dmean: 2.59404778481
        dmean2: 3.92720937729
        dvar: 24.0282344818
        dvar2: 60.3344497681
        max: 45.679977417
        mean: 4.53671979904
        median: 2.30814552307
        min: 1.15119983164e-016
        var: 38.1612052917
    pitch:
        dmean: 571.152832031
        dmean2: 1094.04321289
        dvar: 1463888.625
        dvar2: 3276825.75
        max: 5277.265625
        mean: 959.238891602
        median: 332.573364258
        min: 59.5412940979
        var: 2048452.75
    pitch_instantaneous_confidence:
        dmean: 0.0949651673436
        dmean2: 0.147429585457
        dvar: 0.00791165418923
        dvar2: 0.0167011860758
        max: 0.956614613533
        mean: 0.475589394569
        median: 0.452135592699
        min: 0.122922599316
        var: 0.0321991033852
    pitch_salience:
        dmean: 0.0738585740328
        dmean2: 0.120150730014
        dvar: 0.0056184171699
        dvar2: 0.0155104510486
        max: 0.849433600903
        mean: 0.587269067764
        median: 0.588370382786
        min: 0.203626528382
        var: 0.0136856883764
    silence_rate_20dB:
        dmean: 0
        dmean2: 0
        dvar: 0
        dvar2: 0
        max: 1
        mean: 1
        median: 1
        min: 1
        var: 0
    silence_rate_30dB:
        dmean: 0
        dmean2: 0
        dvar: 0
        dvar2: 0
        max: 1
        mean: 1
        median: 1
        min: 1
        var: 0
    silence_rate_60dB:
        dmean: 0.153399422765
        dmean2: 0.306829571724
        dvar: 0.129879891872
        dvar2: 0.246133670211
        max: 1
        mean: 0.592711269855
        median: 1
        min: 0
        var: 0.241396144032
    spectral_centroid:
        dmean: 317.85824585
        dmean2: 467.300170898
        dvar: 160351.609375
        dvar2: 291730.5
        max: 10499.6523438
        mean: 1145.18286133
        median: 870.21496582
        min: 207.797225952
        var: 567931.125
    spectral_complexity:
        dmean: 3.75728440285
        dmean2: 5.6210694313
        dvar: 34.5345039368
        dvar2: 70.6404190063
        max: 55
        mean: 8.86353588104
        median: 6
        min: 0
        var: 76.2878799438
    spectral_crest:
        dmean: 2.46482825279
        dmean2: 3.9656996727
        dvar: 5.50049161911
        dvar2: 13.9812459946
        max: 24.5743961334
        mean: 9.74452590942
        median: 8.72511959076
        min: 2.45306420326
        var: 19.628780365
    spectral_decrease:
        dmean: 3.53915480256e-010
        dmean2: 5.62286717187e-010
        dvar: 3.98913252927e-019
        dvar2: 1.01104787007e-018
        max: -4.9466087239e-029
        mean: -7.65870866726e-010
        median: -6.0357285836e-010
        min: -4.61211380198e-009
        var: 5.10180858489e-019
    spectral_energy:
        dmean: 0.00153980997857
        dmean2: 0.00242146034725
        dvar: 7.36029096515e-006
        dvar2: 1.86720299098e-005
        max: 0.0197600070387
        mean: 0.00330207077786
        median: 0.00256827427074
        min: 1.06284146101e-020
        var: 9.76197588898e-006
    spectral_energyband_high:
        dmean: 0.000188179546967
        dmean2: 0.000282497145236
        dvar: 1.38430934271e-007
        dvar2: 3.15454201427e-007
        max: 0.00713496701792
        mean: 0.000291420525173
        median: 7.79054389568e-005
        min: 7.98607580841e-021
        var: 2.90342740072e-007
    spectral_energyband_low:
        dmean: 0.000312786956783
        dmean2: 0.000561627850402
        dvar: 6.45914610686e-007
        dvar2: 1.86691272575e-006
        max: 0.00897218752652
        mean: 0.000403160694987
        median: 0.000156326554134
        min: 5.59481800326e-023
        var: 5.58838792131e-007
    spectral_energyband_middle_high:
        dmean: 0.000682677142322
        dmean2: 0.00106368155684
        dvar: 1.88210583474e-006
        dvar2: 4.90659203933e-006
        max: 0.0142816239968
        mean: 0.00107237207703
        median: 0.000464927055873
        min: 1.4666982587e-021
        var: 2.51168216892e-006
    spectral_energyband_middle_low:
        dmean: 0.000907674781047
        dmean2: 0.00150311051402
        dvar: 3.24409415953e-006
        dvar2: 8.3689328676e-006
        max: 0.0144523773342
        mean: 0.00169645424467
        median: 0.00115185137838
        min: 3.56785227663e-022
        var: 3.35976505994e-006
    spectral_flatness_db:
        dmean: 0.0234565045685
        dmean2: 0.036767847836
        dvar: 0.000518906803336
        dvar2: 0.00121292704716
        max: 0.635805308819
        mean: 0.192350685596
        median: 0.167282149196
        min: 0.0750283002853
        var: 0.00852882768959
    spectral_flux:
        dmean: 0.0108536770567
        dmean2: 0.0157408323139
        dvar: 0.000218192726607
        dvar2: 0.000377914257115
        max: 0.119367972016
        mean: 0.0330541133881
        median: 0.0286277383566
        min: 1.03094199844e-010
        var: 0.000586659065448
    spectral_kurtosis:
        dmean: 5.23612451553
        dmean2: 8.83175373077
        dvar: 361.163726807
        dvar2: 1048.58544922
        max: 532.994506836
        mean: 15.8073358536
        median: 2.96065354347
        min: -1.1984770298
        var: 2826.42211914
    spectral_rms:
        dmean: 0.000347001565387
        dmean2: 0.000519900291692
        dvar: 2.37199913045e-007
        dvar2: 5.56718191547e-007
        max: 0.00439067836851
        mean: 0.00161495211069
        median: 0.00158291927073
        min: 3.2201218688e-012
        var: 6.13455199527e-007
    spectral_rolloff:
        dmean: 712.721862793
        dmean2: 1174.05993652
        dvar: 853529.5
        dvar2: 1808827.375
        max: 18217.0898438
        mean: 2080.19384766
        median: 1550.390625
        min: 172.265625
        var: 2182025.5
    spectral_skewness:
        dmean: 0.416997462511
        dmean2: 0.64716476202
        dvar: 0.487932562828
        dvar2: 1.30344438553
        max: 18.286277771
        mean: 2.00021219254
        median: 1.4235252142
        min: -0.0218064002693
        var: 5.46319818497
    spectral_spread:
        dmean: 651736.1875
        dmean2: 957757.875
        dvar: 793827147776
        dvar2: 1.44168032666e+012
        max: 40366396
        mean: 4577053
        median: 4548536.5
        min: 160484.9375
        var: 3.49758868685e+012
    spectral_strongpeak:
        dmean: 0.197107151151
        dmean2: 0.336129009724
        dvar: 0.128560885787
        dvar2: 0.337649166584
        max: 4.52287054062
        mean: 0.379438519478
        median: 0.272273510695
        min: 5.08111108743e-009
        var: 0.171893298626
    zerocrossingrate:
        dmean: 0.0127109577879
        dmean2: 0.0132237868384
        dvar: 0.000183466778253
        dvar2: 0.000174901986611
        max: 0.50146484375
        mean: 0.0683193877339
        median: 0.0576171875
        min: 0.01171875
        var: 0.00134670885745
    barkbands:
        dmean: [8.25322103992e-007, 6.67988279019e-005, 0.000147076265421, 0.000284997280687, 0.000255190272583, 0.000269801937975, 0.000222918097279, 0.00011142330186, 0.000146233505802, 8.2786384155e-005, 7.59713657317e-005, 4.52859894722e-005, 6.21015497018e-005, 6.00547791691e-005, 6.02414474997e-005, 7.38530361559e-005, 6.94648624631e-005, 9.23685292946e-005, 0.000175848545041, 0.000144311779877, 8.70444346219e-005, 2.94287619909e-005, 6.45703039481e-006, 2.81928055301e-006, 1.81324389814e-006, 4.31884537022e-008, 2.56623028383e-010]
        dmean2: [1.43323643442e-006, 0.000114676004159, 0.000261131528532, 0.000520761532243, 0.000472118117614, 0.000446308869869, 0.000382301339414, 0.000191122686374, 0.000232965961914, 0.000129434585688, 0.000128348372527, 7.58243040764e-005, 0.000107196166937, 0.000101334953797, 9.94498477667e-005, 0.000123489808175, 0.00011138337868, 0.000148974577314, 0.000285670132143, 0.000227065029321, 0.000130859567435, 4.42036653112e-005, 9.06626610231e-006, 4.09206404584e-006, 2.70573150374e-006, 6.34710275449e-008, 4.29245389233e-010]
        dvar: [2.44055578698e-012, 1.98979304145e-008, 1.15248454335e-007, 6.84075416757e-007, 6.4863542093e-007, 1.80486566137e-007, 2.53144435192e-007, 7.38367589292e-008, 8.00602322215e-008, 5.58177895016e-008, 2.64661910165e-008, 1.21055538926e-008, 2.6968541178e-008, 2.97773645741e-008, 2.35656276715e-008, 2.74018407964e-008, 1.97161984516e-008, 2.94865518669e-008, 1.63702608802e-007, 8.18405396785e-008, 3.0259013073e-008, 2.97287749973e-009, 2.08852310446e-010, 5.84488638045e-011, 2.82947641012e-011, 2.03285993047e-014, 2.88591502547e-019]
        dvar2: [7.08825229415e-012, 5.68509967991e-008, 3.27333850692e-007, 1.97722783923e-006, 1.89241779935e-006, 4.5998572773e-007, 6.8574092893e-007, 1.92766194118e-007, 1.96523473051e-007, 1.24219013742e-007, 6.7418540084e-008, 3.1222381125e-008, 7.10718950359e-008, 7.85036533557e-008, 5.98386620254e-008, 7.0024199772e-008, 4.71517545009e-008, 6.84739944745e-008, 4.2789324084e-007, 1.88701420711e-007, 6.94191868433e-008, 6.4121064014e-009, 3.82635867435e-010, 1.09605997889e-010, 5.57068245699e-011, 4.10431237607e-014, 7.03722458563e-019]
        max: [1.59006667673e-005, 0.00135132519063, 0.00371538475156, 0.00863342825323, 0.00739788869396, 0.00525764748454, 0.00606082985178, 0.00451029092073, 0.00567017821595, 0.0101282605901, 0.00459841871634, 0.00297187222168, 0.00181974377483, 0.00283787678927, 0.00300524523482, 0.0028679955285, 0.00305107724853, 0.00342189730145, 0.00424435175955, 0.00680811563507, 0.00247281976044, 0.00108789664228, 0.000363107217709, 0.000175828288775, 0.00018740563246, 5.02179818795e-006, 1.3954241318e-008]
        mean: [1.23808933949e-006, 9.03010222828e-005, 0.000168399667018, 0.000247421208769, 0.000223905866733, 0.000563440611586, 0.000285811373033, 0.000113072121167, 0.000235639570747, 0.000132391942316, 8.87262431206e-005, 5.67378701817e-005, 6.50835791021e-005, 6.23962914688e-005, 6.39389036223e-005, 8.26731047709e-005, 9.39847523114e-005, 0.000115527895105, 0.000218735920498, 0.000204770069104, 0.000128105224576, 4.23939454777e-005, 1.00560055216e-005, 4.46777676189e-006, 2.79838650385e-006, 5.22084384613e-008, 2.79394979374e-010]
        median: [2.44767591084e-007, 3.33504431183e-005, 5.2903094911e-005, 5.3805175412e-005, 6.3020757807e-005, 0.000403019716032, 0.00011969654588, 1.81008581421e-005, 9.23584811972e-005, 2.40018889599e-005, 2.55314153037e-005, 2.01960283448e-005, 1.69495669979e-005, 1.25293727251e-005, 1.14600898087e-005, 1.6065685486e-005, 2.65545822913e-005, 3.79557313863e-005, 5.98467959207e-005, 5.43868300156e-005, 3.2428331906e-005, 9.53523885983e-006, 1.89864999811e-006, 6.17863179286e-007, 4.61452827949e-007, 3.97030675003e-009, 7.76191333429e-011]
        min: [1.20385309621e-023, 2.99480187941e-023, 3.68047985712e-024, 2.93238278697e-023, 4.12731773176e-023, 9.69495916129e-023, 5.52107907237e-023, 3.70766897373e-023, 7.34667864972e-023, 4.04028302363e-023, 1.05461741568e-022, 4.15416487718e-023, 7.99033929237e-023, 1.07758134596e-022, 1.61685284544e-022, 1.46922478455e-022, 2.06173530745e-022, 1.27486271036e-022, 3.65806085617e-022, 2.92473121484e-022, 3.26499380764e-022, 6.49653940803e-022, 6.95544844803e-022, 1.04846576475e-021, 1.11626206129e-021, 1.78796482847e-021, 2.35540467023e-021]
        var: [4.27942056791e-012, 2.19197087148e-008, 1.00610172638e-007, 4.50703282695e-007, 3.9167176169e-007, 3.51737838855e-007, 2.41542892354e-007, 7.47165103121e-008, 1.34516312755e-007, 1.33578751615e-007, 3.18027204571e-008, 1.37382434318e-008, 2.44354385615e-008, 2.66505306712e-008, 2.83660774869e-008, 3.45052413309e-008, 3.53469857828e-008, 4.07126137247e-008, 1.87927682305e-007, 1.7999762747e-007, 5.15882767615e-008, 6.08391959034e-009, 5.35228250609e-010, 1.71583913744e-010, 6.64412899698e-011, 3.56523655271e-014, 3.79785942033e-019]
    frequency_bands:
        dmean: [8.25322103992e-007, 6.67988279019e-005, 0.000147076265421, 0.000284997280687, 0.000255190272583, 0.000269801937975, 0.000222918097279, 0.00011142330186, 0.000146233505802, 8.2786384155e-005, 7.59713657317e-005, 4.52859894722e-005, 6.21015497018e-005, 6.00547791691e-005, 6.02414474997e-005, 7.38530361559e-005, 6.94648624631e-005, 9.23685292946e-005, 0.000175848545041, 0.000144311779877, 8.70444346219e-005, 2.94287619909e-005, 6.45703039481e-006, 2.81928055301e-006, 1.81324389814e-006, 4.31884537022e-008, 2.56623028383e-010, 3.8329974611e-011]
        dmean2: [1.43323643442e-006, 0.000114676004159, 0.000261131528532, 0.000520761532243, 0.000472118117614, 0.000446308869869, 0.000382301339414, 0.000191122686374, 0.000232965961914, 0.000129434585688, 0.000128348372527, 7.58243040764e-005, 0.000107196166937, 0.000101334953797, 9.94498477667e-005, 0.000123489808175, 0.00011138337868, 0.000148974577314, 0.000285670132143, 0.000227065029321, 0.000130859567435, 4.42036653112e-005, 9.06626610231e-006, 4.09206404584e-006, 2.70573150374e-006, 6.34710275449e-008, 4.29245389233e-010, 7.10884059951e-011]
        dvar: [2.44055578698e-012, 1.98979304145e-008, 1.15248454335e-007, 6.84075416757e-007, 6.4863542093e-007, 1.80486566137e-007, 2.53144435192e-007, 7.38367589292e-008, 8.00602322215e-008, 5.58177895016e-008, 2.64661910165e-008, 1.21055538926e-008, 2.6968541178e-008, 2.97773645741e-008, 2.35656276715e-008, 2.74018407964e-008, 1.97161984516e-008, 2.94865518669e-008, 1.63702608802e-007, 8.18405396785e-008, 3.0259013073e-008, 2.97287749973e-009, 2.08852310446e-010, 5.84488638045e-011, 2.82947641012e-011, 2.03285993047e-014, 2.88591502547e-019, 3.82470139889e-021]
        dvar2: [7.08825229415e-012, 5.68509967991e-008, 3.27333850692e-007, 1.97722783923e-006, 1.89241779935e-006, 4.5998572773e-007, 6.8574092893e-007, 1.92766194118e-007, 1.96523473051e-007, 1.24219013742e-007, 6.7418540084e-008, 3.1222381125e-008, 7.10718950359e-008, 7.85036533557e-008, 5.98386620254e-008, 7.0024199772e-008, 4.71517545009e-008, 6.84739944745e-008, 4.2789324084e-007, 1.88701420711e-007, 6.94191868433e-008, 6.4121064014e-009, 3.82635867435e-010, 1.09605997889e-010, 5.57068245699e-011, 4.10431237607e-014, 7.03722458563e-019, 1.21083215053e-020]
        max: [1.59006667673e-005, 0.00135132519063, 0.00371538475156, 0.00863342825323, 0.00739788869396, 0.00525764748454, 0.00606082985178, 0.00451029092073, 0.00567017821595, 0.0101282605901, 0.00459841871634, 0.00297187222168, 0.00181974377483, 0.00283787678927, 0.00300524523482, 0.0028679955285, 0.00305107724853, 0.00342189730145, 0.00424435175955, 0.00680811563507, 0.00247281976044, 0.00108789664228, 0.000363107217709, 0.000175828288775, 0.00018740563246, 5.02179818795e-006, 1.3954241318e-008, 1.13445852712e-009]
        mean: [1.23808933949e-006, 9.03010222828e-005, 0.000168399667018, 0.000247421208769, 0.000223905866733, 0.000563440611586, 0.000285811373033, 0.000113072121167, 0.000235639570747, 0.000132391942316, 8.87262431206e-005, 5.67378701817e-005, 6.50835791021e-005, 6.23962914688e-005, 6.39389036223e-005, 8.26731047709e-005, 9.39847523114e-005, 0.000115527895105, 0.000218735920498, 0.000204770069104, 0.000128105224576, 4.23939454777e-005, 1.00560055216e-005, 4.46777676189e-006, 2.79838650385e-006, 5.22084384613e-008, 2.79394979374e-010, 2.99028544981e-011]
        median: [2.44767591084e-007, 3.33504431183e-005, 5.2903094911e-005, 5.3805175412e-005, 6.3020757807e-005, 0.000403019716032, 0.00011969654588, 1.81008581421e-005, 9.23584811972e-005, 2.40018889599e-005, 2.55314153037e-005, 2.01960283448e-005, 1.69495669979e-005, 1.25293727251e-005, 1.14600898087e-005, 1.6065685486e-005, 2.65545822913e-005, 3.79557313863e-005, 5.98467959207e-005, 5.43868300156e-005, 3.2428331906e-005, 9.53523885983e-006, 1.89864999811e-006, 6.17863179286e-007, 4.61452827949e-007, 3.97030675003e-009, 7.76191333429e-011, 8.89622403522e-012]
        min: [1.20385309621e-023, 2.99480187941e-023, 3.68047985712e-024, 2.93238278697e-023, 4.12731773176e-023, 9.69495916129e-023, 5.52107907237e-023, 3.70766897373e-023, 7.34667864972e-023, 4.04028302363e-023, 1.05461741568e-022, 4.15416487718e-023, 7.99033929237e-023, 1.07758134596e-022, 1.61685284544e-022, 1.46922478455e-022, 2.06173530745e-022, 1.27486271036e-022, 3.65806085617e-022, 2.92473121484e-022, 3.26499380764e-022, 6.49653940803e-022, 6.95544844803e-022, 1.04846576475e-021, 1.11626206129e-021, 1.78796482847e-021, 2.35540467023e-021, 5.94040837329e-022]
        var: [4.27942056791e-012, 2.19197087148e-008, 1.00610172638e-007, 4.50703282695e-007, 3.9167176169e-007, 3.51737838855e-007, 2.41542892354e-007, 7.47165103121e-008, 1.34516312755e-007, 1.33578751615e-007, 3.18027204571e-008, 1.37382434318e-008, 2.44354385615e-008, 2.66505306712e-008, 2.83660774869e-008, 3.45052413309e-008, 3.53469857828e-008, 4.07126137247e-008, 1.87927682305e-007, 1.7999762747e-007, 5.15882767615e-008, 6.08391959034e-009, 5.35228250609e-010, 1.71583913744e-010, 6.64412899698e-011, 3.56523655271e-014, 3.79785942033e-019, 3.02131010494e-021]
    mfcc:
        mean: [-766.499206543, 116.427627563, -25.1092720032, 40.1474723816, -25.9057693481, -11.6583986282, -4.10821485519, -10.8322963715, -5.83491182327, -8.71149635315, -4.46363019943, -5.92519187927, -0.970650315285]
        cov: [[9633.09082031, -1086.8338623, -908.370483398, 2000.79248047, 186.032226563, 606.703186035, 228.033096313, 354.755615234, 488.888305664, 233.746826172, 245.127319336, 75.0498809814, 76.0709457397], [-1086.8338623, 1274.33374023, -56.988948822, -234.320892334, 13.2408847809, -46.4029083252, 60.6854286194, 23.8070011139, 54.0344200134, -25.7911777496, 49.6386566162, 8.22495174408, -1.62880051136], [-908.370483398, -56.988948822, 686.928283691, 29.9159088135, 80.5023040771, 70.811164856, 93.548034668, 24.1730747223, 0.475428491831, 14.7278881073, 1.21666061878, 38.8343734741, -3.64871835709], [2000.79248047, -234.320892334, 29.9159088135, 1286.32409668, 323.594024658, 313.116516113, 167.959365845, 242.420227051, 220.276611328, 89.6672058105, 92.5039520264, 67.4800949097, 62.2374916077], [186.032226563, 13.2408847809, 80.5023040771, 323.594024658, 323.288482666, 93.9762115479, 38.0797691345, 57.5368919373, 97.759552002, 57.4375953674, 30.389421463, 26.2168216705, 19.8225574493], [606.703186035, -46.4029083252, 70.811164856, 313.116516113, 93.9762115479, 229.197113037, 102.768753052, 78.8331069946, 74.9940414429, 45.4475593567, 56.0743789673, 26.9947090149, 8.20628166199], [228.033096313, 60.6854286194, 93.548034668, 167.959365845, 38.0797691345, 102.768753052, 172.647674561, 77.2591018677, 61.0911865234, 26.3707389832, 49.0755004883, 22.5962944031, 1.38486564159], [354.755615234, 23.8070011139, 24.1730747223, 242.420227051, 57.5368919373, 78.8331069946, 77.2591018677, 156.134292603, 83.3265686035, 31.6209201813, 37.6137428284, 26.9301052094, 14.8258562088], [488.888305664, 54.0344200134, 0.475428491831, 220.276611328, 97.759552002, 74.9940414429, 61.0911865234, 83.3265686035, 151.999237061, 61.166847229, 46.9613380432, 20.039522171, 13.1622123718], [233.746826172, -25.7911777496, 14.7278881073, 89.6672058105, 57.4375953674, 45.4475593567, 26.3707389832, 31.6209201813, 61.166847229, 90.0507049561, 43.6590461731, 7.44207620621, -3.19835209846], [245.127319336, 49.6386566162, 1.21666061878, 92.5039520264, 30.389421463, 56.0743789673, 49.0755004883, 37.6137428284, 46.9613380432, 43.6590461731, 95.3434371948, 29.159942627, 6.16077136993], [75.0498809814, 8.22495174408, 38.8343734741, 67.4800949097, 26.2168216705, 26.9947090149, 22.5962944031, 26.9301052094, 20.039522171, 7.44207620621, 29.159942627, 75.5443725586, 28.3341312408], [76.0709457397, -1.62880051136, -3.64871835709, 62.2374916077, 19.8225574493, 8.20628166199, 1.38486564159, 14.8258562088, 13.1622123718, -3.19835209846, 6.16077136993, 28.3341312408, 59.9715080261]]
        icov: [[0.000267876021098, 0.000202957511647, 0.000385763909435, -0.000315692130243, 0.000300279032672, -0.000291875738185, -5.24304923601e-005, 0.000197570581804, -0.000551068340428, -1.80298957275e-005, -0.000170207567862, -7.69209000282e-005, 8.36815088405e-005], [0.000202957511647, 0.00113974895794, 0.000422724551754, 0.000176042769453, -0.000137333481689, 1.80487804755e-005, -0.000526850111783, -7.56465015002e-005, -0.00112469971646, 0.00100359600037, -0.000879412400536, 4.1354316636e-005, 6.14964592387e-005], [0.000385763909435, 0.000422724551754, 0.00234789331444, -0.00016986260016, -0.00019848937518, -0.000743542448618, -0.00126947893295, 0.000230804216699, -0.000208485638723, -0.000317465077387, 0.000559608684853, -0.00117159879301, 0.000505766598508], [-0.000315692130243, 0.000176042769453, -0.00016986260016, 0.00227315537632, -0.00149502023123, -0.00101665779948, -0.000169576640474, -0.00169859046582, -0.000154304652824, 0.000765422359109, 8.18935077405e-005, 0.00016881673946, -0.000920541293453], [0.000300279032672, -0.000137333481689, -0.00019848937518, -0.00149502023123, 0.00535565521568, -0.000714828260243, 0.000892006792128, 0.0011375779286, -0.00221272232011, -0.00178702687845, 0.000638405268546, -0.000509601552039, -0.000253901729593], [-0.000291875738185, 1.80487804755e-005, -0.000743542448618, -0.00101665779948, -0.000714828260243, 0.00871661771089, -0.00279329624027, -0.00020615842368, 0.00054745702073, -0.00072752579581, -0.00160127726849, -4.76859640912e-005, 0.000567620445509], [-5.24304923601e-005, -0.000526850111783, -0.00126947893295, -0.000169576640474, 0.000892006792128, -0.00279329624027, 0.010424698703, -0.0025494354777, -0.00116628303658, 0.00104233762249, -0.0024209022522, 0.000107309038867, 0.00113741646055], [0.000197570581804, -7.56465015002e-005, 0.000230804216699, -0.00169859046582, 0.0011375779286, -0.00020615842368, -0.0025494354777, 0.0119737768546, -0.0040872618556, -8.50960059324e-005, 3.98916927224e-005, -0.00148937688209, -0.0001327888167], [-0.000551068340428, -0.00112469971646, -0.000208485638723, -0.000154304652824, -0.00221272232011, 0.00054745702073, -0.00116628303658, -0.0040872618556, 0.0154775902629, -0.00640653446317, 5.34336359124e-005, 0.000316999765346, -0.00138412474189], [-1.80298957275e-005, 0.00100359600037, -0.000317465077387, 0.000765422359109, -0.00178702687845, -0.00072752579581, 0.00104233762249, -8.50960059324e-005, -0.00640653446317, 0.0197917763144, -0.00729019101709, 0.00167114578653, 0.00234460877255], [-0.000170207567862, -0.000879412400536, 0.000559608684853, 8.18935077405e-005, 0.000638405268546, -0.00160127726849, -0.0024209022522, 3.98916927224e-005, 5.34336359124e-005, -0.00729019101709, 0.0182500109076, -0.00558549212292, 0.0005588218919], [-7.69209000282e-005, 4.1354316636e-005, -0.00117159879301, 0.00016881673946, -0.000509601552039, -4.76859640912e-005, 0.000107309038867, -0.00148937688209, 0.000316999765346, 0.00167114578653, -0.00558549212292, 0.0194346215576, -0.00819583889097], [8.36815088405e-005, 6.14964592387e-005, 0.000505766598508, -0.000920541293453, -0.000253901729593, 0.000567620445509, 0.00113741646055, -0.0001327888167, -0.00138412474189, 0.00234460877255, 0.0005588218919, -0.00819583889097, 0.0218126364052]]
    sccoeffs:
        dmean: [0.0571498200297, 0.0541642569005, 0.0413273498416, 0.032123465091, 0.0228118617088, 0.0256249122322]
        dmean2: [0.095041744411, 0.0866363570094, 0.0657072886825, 0.0517447143793, 0.0361882895231, 0.0385168492794]
        dvar: [0.00265813968144, 0.00233692349866, 0.00133369583637, 0.000850313110277, 0.000402622681577, 0.000508902361616]
        dvar2: [0.00709476089105, 0.00553498556837, 0.00313516752794, 0.00205496163107, 0.000926133303437, 0.00114241265692]
        max: [-0.286732941866, -0.383014470339, -0.445680052042, -0.47935128212, -0.615621984005, -0.637366771698]
        mean: [-0.672350347042, -0.656596183777, -0.738617777824, -0.789835989475, -0.819764435291, -0.767622232437]
        median: [-0.680901646614, -0.651770234108, -0.748003959656, -0.801357746124, -0.825206637383, -0.760338187218]
        min: [-0.970330297947, -0.952992022038, -0.973119437695, -0.95518475771, -0.964109480381, -0.967094600201]
        var: [0.00625483551994, 0.00749082351103, 0.0059532164596, 0.00396584626287, 0.00153739727102, 0.0032613328658]
    scvalleys:
        dmean: [0.403900206089, 0.498028844595, 0.4558160007, 0.437812805176, 0.404527634382, 0.474062025547]
        dmean2: [0.664577782154, 0.766844987869, 0.701217293739, 0.653214871883, 0.579825282097, 0.630562484264]
        dvar: [0.148324891925, 0.258124351501, 0.232174575329, 0.233740121126, 0.195036992431, 0.261538654566]
        dvar2: [0.343123555183, 0.549609661102, 0.494108855724, 0.494122236967, 0.37751019001, 0.505262851715]
        max: [-5.46966981888, -4.26370668411, -4.96468782425, -5.35113382339, -5.56403064728, -7.34439182281]
        mean: [-7.6113038063, -7.05145692825, -7.6801867485, -8.03464221954, -7.90988349915, -10.4790010452]
        median: [-6.98906230927, -6.93860816956, -7.59658575058, -7.85186052322, -7.51789617538, -10.0360679626]
        min: [-26.7931613922, -27.2903213501, -26.7061252594, -27.5497894287, -27.0786304474, -27.2826347351]
        var: [3.01275014877, 1.15132248402, 1.21871161461, 1.71132004261, 3.09081840515, 3.59245657921]

rhythm:
    beats_loudness:
        dmean: 0.00188913522288
        dmean2: 0.00335051701404
        dvar: 2.19797152567e-006
        dvar2: 6.26454402664e-006
        max: 0.0108950138092
        mean: 0.00530781596899
        median: 0.00538933649659
        min: 3.0905364838e-005
        var: 6.34904426988e-006
    bpm: 89.9894180298
    bpm_confidence: 0
    first_peak_bpm: 89
    first_peak_spread: 0.492581576109
    first_peak_weight: 0.494219660759
    onset_rate: 4.10974264145
    second_peak_bpm: 103
    second_peak_spread: 0.25
    second_peak_weight: 0.00867052003741
    beats_loudness_band_ratio:
        dmean: [0.307908654213, 0.0890197604895, 0.0942306816578, 0.0795447230339, 0.1179279387, 0.189763262868]
        dmean2: [0.538737893105, 0.152865350246, 0.166922390461, 0.136733651161, 0.197496324778, 0.304733544588]
        dvar: [0.0763972848654, 0.00636369781569, 0.0155266197398, 0.00741699663922, 0.00980901345611, 0.0283845774829]
        dvar2: [0.0814285054803, 0.015119208023, 0.0486221313477, 0.0170172359794, 0.0138344960287, 0.0607609637082]
        max: [0.863550543785, 0.886433362961, 0.923590183258, 0.620304346085, 0.409903466702, 0.826920926571]
        mean: [0.299144387245, 0.178384870291, 0.135347604752, 0.0788459703326, 0.126391246915, 0.215079113841]
        median: [0.071914486587, 0.141531378031, 0.0811587870121, 0.0407304018736, 0.0637872293591, 0.119395919144]
        min: [7.37021491659e-006, 0.00135137327015, 0.0192728806287, 0.00328875239938, 0.000631886883639, 2.80399444819e-006]
        var: [0.0929558798671, 0.0186341162771, 0.0217980332673, 0.00861124042422, 0.0129838502035, 0.0363224297762]
    beats_position: [0.719818592072, 1.46285712719, 2.19428563118, 2.89088439941, 3.56426286697, 4.2492518425, 4.91102027893, 5.5727891922, 6.24616765976, 6.91954612732, 7.58131504059, 8.24308395386, 8.91646194458, 9.57823085785, 10.2516098022, 10.9133787155, 11.5751476288, 12.2485256195, 12.9219045639, 13.5836734772, 14.2454423904, 14.9188203812, 15.5805892944, 16.242357254, 16.904127121, 17.5775051117, 18.2508831024, 18.9242630005, 19.5860309601, 20.247800827, 20.9211788177, 21.5829467773, 22.2447166443, 22.918094635, 23.5914726257, 24.2416324615, 24.9150104523, 25.5883903503, 26.2617683411, 26.9119262695, 27.5853061676, 28.2586841583, 28.932062149, 29.5822219849, 30.2555999756, 30.9173698425, 31.5791378021, 32.2525177002, 32.9258956909, 33.5992736816, 34.2610435486, 34.9228096008, 35.5845794678, 36.2579574585, 36.9197273254, 37.5814971924, 38.2432632446, 38.91664505, 39.5900230408, 40.251789093, 40.91355896, 41.5869369507, 42.2603149414, 42.9104766846, 43.5838546753, 44.257232666, 44.9306106567, 45.5807685852, 46.2541503906, 46.9275283813, 47.5892944336, 48.2510643005, 48.9244422913, 49.5978240967, 50.2595901489, 50.9213600159, 51.5831298828, 52.2448959351, 52.9182739258, 53.5800437927, 54.2418136597, 54.9151916504, 55.5885696411, 56.2387275696, 56.912109375, 57.5854873657, 58.2588653564, 58.9090232849, 59.5824012756, 60.2557830811, 60.9291610718, 61.5793190002, 62.252696991, 62.9260749817, 63.5878448486, 64.2496109009, 64.9229888916, 65.5963668823, 66.258140564, 66.9199066162, 67.5816802979, 68.2550582886, 68.9168243408, 69.5785903931, 70.2403640747, 70.9137420654, 71.5871200562, 72.2488861084, 72.91065979, 73.5840377808, 74.2574157715, 74.9191818237, 75.580947876, 76.2543258667, 76.9277114868, 77.5778656006, 78.2512435913, 78.924621582, 79.5979995728, 80.2481613159, 80.9215393066, 81.5949172974, 82.2682952881, 82.9184570313, 83.591835022, 84.2536010742, 84.9153747559, 85.5887527466, 86.2505187988, 86.9122848511, 87.5856704712, 88.2474365234, 88.9092025757, 89.5825805664, 90.2559585571, 90.9177322388, 91.579498291, 92.2528762817, 92.9262542725, 93.5764160156, 94.2497940063, 94.9231719971, 95.5849380493, 96.246711731, 96.9200897217, 97.5934677124, 98.2552337646, 98.9170074463, 99.590385437, 100.252151489, 100.913917542, 101.587303162, 102.249069214, 102.922447205, 103.584213257, 104.245986938, 104.907752991, 105.581130981, 106.254508972, 106.916282654, 107.578048706, 108.251426697, 108.924804688, 109.574966431, 110.248344421, 110.921722412, 111.595100403, 112.245262146, 112.918640137, 113.592018127, 114.265396118, 114.915550232, 115.588935852, 116.262313843, 116.924079895, 117.585845947, 118.247619629, 118.92099762, 119.582763672, 120.244529724, 120.906303406, 121.579681396, 122.253059387, 122.914825439, 123.576599121, 124.249977112, 124.923355103, 125.585121155, 126.246894836, 126.920272827, 127.593650818, 128.243804932, 128.917190552, 129.590560913, 130.263946533, 130.914108276, 131.587478638, 132.260864258, 132.922622681, 133.584396362, 134.257781982, 134.931152344, 135.592926025, 136.254684448, 136.91645813, 137.58984375, 138.251602173, 138.913375854, 139.575149536, 140.248519897, 140.921905518, 141.572067261, 142.245437622, 142.918823242, 143.592193604, 144.242355347, 144.915740967, 145.589111328, 146.262496948, 146.912643433, 147.586029053, 148.259414673, 148.921173096, 149.582946777, 150.256317139, 150.91809082, 151.579864502, 152.241622925, 152.903396606, 153.576782227, 154.250152588, 154.91192627, 155.573699951, 156.247070313, 156.920455933, 157.582214355, 158.243988037, 158.917373657, 159.57913208, 160.240905762, 160.914276123, 161.587661743, 162.261047363, 162.911193848, 163.584579468, 164.257949829, 164.919723511, 165.581497192, 166.254867554, 166.928253174, 167.601623535, 168.251785278, 168.91355896, 169.586929321, 170.248703003, 170.922088623, 171.583847046, 172.257232666, 172.919006348, 173.580764771, 174.242538452, 174.915908813, 175.589294434, 176.251068115, 176.912826538, 177.586212158, 178.25958252, 178.909744263, 179.583129883, 180.256500244, 180.918273926, 181.580047607, 182.253417969, 182.926803589, 183.588562012, 184.250335693, 184.912109375, 185.585479736, 186.247253418, 186.920639038, 187.582397461, 188.244171143, 188.917541504, 189.579315186, 190.241088867, 190.914459229, 191.587844849, 192.24961853, 192.911376953, 193.584762573, 194.258132935, 194.908294678, 195.581680298, 196.255050659, 196.928436279, 197.578598022, 198.251968384, 198.925354004, 199.598724365, 200.248886108, 200.92225647, 201.584030151, 202.245803833, 202.919174194, 203.580947876, 204.242721558, 204.916091919, 205.577865601, 206.239639282, 206.913009644, 207.586395264, 208.248153687, 208.909927368, 209.583312988, 210.25668335, 210.918457031, 211.580215454, 212.253601074, 212.926986694, 213.577133179, 214.250518799, 214.92388916, 215.59727478, 216.247436523, 216.920806885, 217.594192505, 218.255966187, 218.917724609, 219.591110229, 220.252868652, 220.914642334, 221.588027954, 222.249786377, 222.911560059, 223.584945679, 224.246704102, 224.908477783, 225.581848145, 226.255233765, 226.917007446, 227.532333374, 228.15927124, 228.786209106, 229.366714478, 229.94720459, 230.539321899, 231.119812012]
