
metadata:
    version:
        essentia: "2.1-beta2"
    audio_properties:
        analysis_sample_rate: 44100
        bitrate: 320
        channels: 2
        equal_loudness: 1
        length: 302.785308838
        replay_gain: -11.4850177765
        downmix: "mix"
    tags:
        album: "Hail to the King"
        artist: "Avenged Sevenfold"
        comment: ""
        date: "2013"
        genre: "Metal"
        title: "Hail To The King"
        tracknumber: "2"

configuration:
    average_loudness:
        compute: 1
        frameSize: 88200
        hopSize: 44100
        silentFrames: "noise"
        windowType: "hann"
    general:
        analysisSampleRate: 44100
        endTime: 2000
        equalLoudness: 1
        nequalLoudness: 0
        shortSound: 0
        startTime: 0
    lowlevel:
        compute: 1
        frameSize: 2048
        hopSize: 1024
        zeroPadding: 0
        silentFrames: "noise"
        windowType: "blackmanharris62"
        mfccStats: ["mean", "cov", "icov"]
        stats: ["mean", "var", "median", "min", "max", "dmean", "dmean2", "dvar", "dvar2"]
    panning:
        compute: 0
        frameSize: 8192
        hopSize: 2048
        zeroPadding: 8192
        silentFrames: "noise"
        windowType: "hann"
        stats: ["copy"]
    rhythm:
        compute: 1
        maxTempo: 208
        minTempo: 40
        method: "degara"
        stats: ["mean", "var", "median", "min", "max", "dmean", "dmean2", "dvar", "dvar2"]
    segmentation:
        compute: 0
        cpw: 5
        inc1: 300
        inc2: 50
        minimumSegmentsLength: 10
        size1: 1000
        size2: 600
    sfx:
        compute: 1
        stats: ["mean", "var", "median", "min", "max", "dmean", "dmean2", "dvar", "dvar2"]
    svm:
        compute: 0
    tonal:
        compute: 1
        frameSize: 4096
        hopSize: 2048
        zeroPadding: 0
        silentFrames: "noise"
        windowType: "blackmanharris62"
        stats: ["mean", "var", "median", "min", "max", "dmean", "dmean2", "dvar", "dvar2"]

lowlevel:
    average_loudness: 0.924716889858
    barkbands_kurtosis:
        dmean: 0.978565514088
        dmean2: 1.57656252384
        dvar: 2.00152802467
        dvar2: 4.72370481491
        max: 32.6420173645
        mean: 0.347609102726
        median: -0.485807269812
        min: -1.87418198586
        var: 6.19002151489
    barkbands_skewness:
        dmean: 0.350701600313
        dmean2: 0.557238578796
        dvar: 0.111958041787
        dvar2: 0.270957022905
        max: 4.18674707413
        mean: -0.958184480667
        median: -0.958907008171
        min: -5.21381139755
        var: 0.610061883926
    barkbands_spread:
        dmean: 5.35791492462
        dmean2: 8.43067741394
        dvar: 30.756570816
        dvar2: 73.3744125366
        max: 72.8013687134
        mean: 31.1902084351
        median: 31.2277965546
        min: 2.05242991447
        var: 126.450881958
    dissonance:
        dmean: 0.00906447693706
        dmean2: 0.0153965894133
        dvar: 9.8716634966e-005
        dvar2: 0.000273164303508
        max: 0.500000059605
        mean: 0.484413325787
        median: 0.488183289766
        min: 0.220662742853
        var: 0.000178281028639
    hfc:
        dmean: 4.43548440933
        dmean2: 7.78983163834
        dvar: 98.6001663208
        dvar2: 278.831237793
        max: 93.1232452393
        mean: 11.0953168869
        median: 9.46575069427
        min: 1.07179585296e-016
        var: 91.8525009155
    pitch:
        dmean: 933.862060547
        dmean2: 1795.23999023
        dvar: 1980780.875
        dvar2: 4393525.5
        max: 4824.45361328
        mean: 2327.01782227
        median: 3598.453125
        min: 49.6841239929
        var: 2806566.5
    pitch_instantaneous_confidence:
        dmean: 0.0879029929638
        dmean2: 0.141883566976
        dvar: 0.0063168220222
        dvar2: 0.0146742984653
        max: 0.986320316792
        mean: 0.484740555286
        median: 0.465730965137
        min: 0.00484055280685
        var: 0.021565085277
    pitch_salience:
        dmean: 0.0552199482918
        dmean2: 0.0896157771349
        dvar: 0.00232848641463
        dvar2: 0.00603504991159
        max: 0.991085767746
        mean: 0.661960959435
        median: 0.671068966389
        min: 0.217529550195
        var: 0.00645253434777
    silence_rate_20dB:
        dmean: 0
        dmean2: 0
        dvar: 0
        dvar2: 0
        max: 1
        mean: 1
        median: 1
        min: 1
        var: 0
    silence_rate_30dB:
        dmean: 0
        dmean2: 0
        dvar: 0
        dvar2: 0
        max: 1
        mean: 1
        median: 1
        min: 1
        var: 0
    silence_rate_60dB:
        dmean: 0.0716257691383
        dmean2: 0.143262520432
        dvar: 0.0664928555489
        dvar2: 0.136841237545
        max: 1
        mean: 0.37819185853
        median: 0
        min: 0
        var: 0.23518678546
    spectral_centroid:
        dmean: 243.229537964
        dmean2: 391.03024292
        dvar: 77247.7265625
        dvar2: 180988.078125
        max: 11360.0253906
        mean: 2579.80126953
        median: 2590.37890625
        min: 188.306259155
        var: 476634.28125
    spectral_complexity:
        dmean: 3.93481588364
        dmean2: 6.2922000885
        dvar: 22.6128673553
        dvar2: 49.9634933472
        max: 55
        mean: 15.8694887161
        median: 16
        min: 0
        var: 83.6770477295
    spectral_crest:
        dmean: 1.70357644558
        dmean2: 2.80337452888
        dvar: 2.33669066429
        dvar2: 6.01243638992
        max: 23.7763137817
        mean: 7.54856491089
        median: 7.08335018158
        min: 2.38083958626
        var: 5.86485719681
    spectral_decrease:
        dmean: 2.84686024754e-010
        dmean2: 4.84002615764e-010
        dvar: 3.85241818558e-019
        dvar2: 1.05894927896e-018
        max: 1.03560767932e-028
        mean: -8.76125449967e-010
        median: -8.21916701366e-010
        min: -6.20769036175e-009
        var: 4.39738571114e-019
    spectral_energy:
        dmean: 0.00145922799129
        dmean2: 0.00250205490738
        dvar: 1.03691836557e-005
        dvar2: 2.87472284981e-005
        max: 0.030417220667
        mean: 0.00431308103725
        median: 0.00399723649025
        min: 1.00718577672e-020
        var: 1.11119834401e-005
    spectral_energyband_high:
        dmean: 0.000495794520248
        dmean2: 0.000884651904926
        dvar: 1.19499065931e-006
        dvar2: 3.38171912517e-006
        max: 0.00942973699421
        mean: 0.000822405912913
        median: 0.000572327408008
        min: 7.03478094547e-021
        var: 9.39718461268e-007
    spectral_energyband_low:
        dmean: 0.000107025036414
        dmean2: 0.000166219542734
        dvar: 3.48080071433e-008
        dvar2: 8.99653898045e-008
        max: 0.0036070169881
        mean: 0.000266192917479
        median: 0.000211897218833
        min: 1.78981700446e-023
        var: 6.42898712044e-008
    spectral_energyband_middle_high:
        dmean: 0.000842446868774
        dmean2: 0.0014327056706
        dvar: 2.54009341916e-006
        dvar2: 7.08926017978e-006
        max: 0.0184376407415
        mean: 0.0024481008295
        median: 0.00211657467298
        min: 1.3338398449e-021
        var: 3.38814447787e-006
    spectral_energyband_middle_low:
        dmean: 0.000393779657315
        dmean2: 0.00064803857822
        dvar: 6.90454442065e-007
        dvar2: 1.82761903034e-006
        max: 0.0102499471977
        mean: 0.000849710020702
        median: 0.000529649783857
        min: 2.0703110459e-022
        var: 9.57422912506e-007
    spectral_flatness_db:
        dmean: 0.0136592686176
        dmean2: 0.0205171275884
        dvar: 0.000175669658347
        dvar2: 0.000357244862244
        max: 0.404314041138
        mean: 0.147151425481
        median: 0.134980887175
        min: 0.019281623885
        var: 0.0020148800686
    spectral_flux:
        dmean: 0.00913914944977
        dmean2: 0.014421408996
        dvar: 0.000189513375517
        dvar2: 0.000344538450008
        max: 0.151845648885
        mean: 0.0392041616142
        median: 0.0362206362188
        min: 6.32838850767e-011
        var: 0.000403260055464
    spectral_kurtosis:
        dmean: 0.924146771431
        dmean2: 1.53885829449
        dvar: 1.46427977085
        dvar2: 4.21025037766
        max: 29.8022251129
        mean: 3.62227535248
        median: 3.46740078926
        min: -1.25494134426
        var: 3.10801410675
    spectral_rms:
        dmean: 0.000284102949081
        dmean2: 0.000468038400868
        dvar: 2.4358587325e-007
        dvar2: 6.46296655304e-007
        max: 0.00544750737026
        mean: 0.00191602110863
        median: 0.00197477662005
        min: 3.13467741347e-012
        var: 5.36748018476e-007
    spectral_rolloff:
        dmean: 228.11289978
        dmean2: 386.962615967
        dvar: 143738.296875
        dvar2: 306902.1875
        max: 19530.6152344
        mean: 4077.10449219
        median: 4069.77539063
        min: 172.265625
        var: 832153.625
    spectral_skewness:
        dmean: 0.151849016547
        dmean2: 0.246205046773
        dvar: 0.0274273194373
        dvar2: 0.0718604847789
        max: 4.26087331772
        mean: 1.18819010258
        median: 1.24822115898
        min: -0.0585158132017
        var: 0.14105309546
    spectral_spread:
        dmean: 466015.6875
        dmean2: 665989.0625
        dvar: 444039823360
        dvar2: 708383145984
        max: 42624372
        mean: 4987222.5
        median: 5079821.5
        min: 1654168.375
        var: 5.55457655603e+012
    spectral_strongpeak:
        dmean: 0.844542205334
        dmean2: 1.42036497593
        dvar: 1.00805914402
        dvar2: 2.43184995651
        max: 14.9295749664
        mean: 1.35351157188
        median: 1.02757000923
        min: 0
        var: 1.84856641293
    zerocrossingrate:
        dmean: 0.00656962953508
        dmean2: 0.00819854903966
        dvar: 6.93563415552e-005
        dvar2: 9.72028210526e-005
        max: 0.52001953125
        mean: 0.134471595287
        median: 0.1357421875
        min: 0.01220703125
        var: 0.000823176698759
    barkbands:
        dmean: [3.64418554e-007, 3.35275035468e-005, 7.12713226676e-005, 6.19798593107e-005, 0.000174095417606, 7.66773009673e-005, 6.42243321636e-005, 4.46813974122e-005, 0.000122194513096, 5.19013483427e-005, 4.4572261686e-005, 4.86671524413e-005, 4.25448815804e-005, 4.10422399e-005, 5.17993976246e-005, 0.000108832486148, 0.00014323151845, 0.000190920036403, 0.000403495825594, 0.000414571171859, 0.000183919546544, 9.17577635846e-005, 1.46623015098e-005, 5.30711122337e-006, 2.5190740871e-006, 1.08651967423e-007, 2.71107114536e-009]
        dmean2: [4.85019029384e-007, 5.2992025303e-005, 0.000112032896141, 0.000105188541056, 0.000310789007926, 0.000127263730974, 0.000109660068119, 7.20073148841e-005, 0.000186213699635, 7.97946850071e-005, 6.77754869685e-005, 7.75457374402e-005, 7.06454666215e-005, 6.8607267167e-005, 8.59744031914e-005, 0.000179208669579, 0.000242355541559, 0.000329387548845, 0.0006930718082, 0.000715422851499, 0.000332240975695, 0.000167621459696, 2.54622464126e-005, 8.68457846082e-006, 3.90747254642e-006, 1.66596791473e-007, 4.32412150531e-009]
        dvar: [1.05428545668e-012, 6.40203756674e-009, 1.42321683327e-008, 1.31166855155e-008, 3.10489838284e-007, 2.98622673256e-008, 3.85883751619e-008, 1.35363986686e-008, 5.44463105712e-008, 1.60626978385e-008, 1.18195595533e-008, 1.07842659247e-008, 7.69716734794e-009, 6.41105923904e-009, 1.22043104511e-008, 6.52423892689e-008, 6.75069316003e-008, 1.51491477141e-007, 4.21120290639e-007, 4.54604247579e-007, 1.92860142079e-007, 6.71363693527e-008, 1.30342869831e-009, 2.08369627108e-010, 8.16173031937e-011, 4.28970179961e-014, 2.35479791548e-017]
        dvar2: [1.83042209861e-012, 1.61238542518e-008, 3.66764432158e-008, 3.62909773344e-008, 8.75140926837e-007, 7.77818698339e-008, 1.04770961684e-007, 3.33302345723e-008, 1.19055783898e-007, 3.48698137032e-008, 2.47459333025e-008, 2.41089939124e-008, 1.93164684248e-008, 1.61967967927e-008, 3.13094901117e-008, 1.52209494786e-007, 1.83712685953e-007, 4.24083083317e-007, 1.17226932161e-006, 1.25803171613e-006, 5.52384506136e-007, 1.90647313048e-007, 3.47996453876e-009, 4.80145700976e-010, 1.88185758643e-010, 9.66574774863e-014, 6.01021359798e-017]
        max: [1.11567296699e-005, 0.0012704951223, 0.00212109228596, 0.0019545906689, 0.00589230656624, 0.00409884750843, 0.00499579915777, 0.00392329087481, 0.00479550287127, 0.00362742948346, 0.00315418536775, 0.00279560429044, 0.00195032544434, 0.00166387925856, 0.00238839909434, 0.00820520333946, 0.00509257148951, 0.00662262039259, 0.00873219873756, 0.00885974057019, 0.00455130729824, 0.00232808664441, 0.000455481203971, 0.000363989471225, 0.000276256498182, 6.85156328473e-006, 6.22622096103e-008]
        mean: [4.35262649034e-007, 5.17873959325e-005, 0.000167766644154, 9.10720118554e-005, 0.000177903042641, 0.000125975886476, 8.04634619271e-005, 6.7962500907e-005, 0.000281117885606, 0.000101541707409, 9.29116649786e-005, 8.17721302155e-005, 6.43636958557e-005, 6.24698441243e-005, 8.44686874188e-005, 0.000190111837583, 0.000249312550295, 0.000320358376484, 0.000783410971053, 0.000824157497846, 0.000282401801087, 9.74749709712e-005, 1.94654330699e-005, 9.31804879656e-006, 4.83240273752e-006, 2.22543107498e-007, 4.08510159033e-009]
        median: [1.17137215483e-008, 2.87119819404e-005, 0.000115201153676, 5.99014892941e-005, 7.06906284904e-005, 4.75167216791e-005, 3.00156279991e-005, 1.99919031729e-005, 7.90663325461e-005, 3.0836523365e-005, 2.59517910308e-005, 4.23152305302e-005, 3.28954047291e-005, 3.51433918695e-005, 4.56479756394e-005, 0.000115155329695, 0.000162089258083, 0.000211567647057, 0.000630450842436, 0.00062067003455, 0.000185199678526, 3.88500629924e-005, 5.61880005989e-006, 3.96865789298e-006, 2.35202060139e-006, 1.5926416097e-007, 2.53239562653e-009]
        min: [3.48625046934e-025, 5.08855200229e-024, 5.63114847949e-025, 1.84608775445e-024, 1.14734044203e-023, 1.85422292198e-023, 1.15058171371e-023, 1.21288342365e-023, 1.84890000413e-023, 1.47507065406e-023, 5.08105387939e-024, 2.59721771867e-023, 3.37538908531e-023, 3.38166589376e-023, 4.91209991056e-023, 5.57008816051e-023, 6.55513309307e-023, 1.06502798149e-022, 1.79779494412e-022, 1.72743662931e-022, 2.75019277344e-022, 3.36127371315e-022, 4.08392053699e-022, 6.60933263353e-022, 1.02762963846e-021, 1.23028060865e-021, 1.99119236132e-021]
        var: [1.74393659236e-012, 6.78599798576e-009, 3.46157698061e-008, 1.34165087928e-008, 2.07266211305e-007, 5.42346150212e-008, 3.7307270162e-008, 2.26203642484e-008, 2.86629671109e-007, 6.67592559012e-008, 5.66622304632e-008, 1.98744132263e-008, 1.14539711049e-008, 8.41115355144e-009, 1.6790776769e-008, 8.90079689952e-008, 8.85834907649e-008, 1.51171420271e-007, 4.73906112575e-007, 5.95069764131e-007, 1.4345492616e-007, 4.38702656425e-008, 1.33943167668e-009, 3.42596201408e-010, 1.39110473141e-010, 8.86939312142e-014, 2.70651461563e-017]
    frequency_bands:
        dmean: [3.64418554e-007, 3.35275035468e-005, 7.12713226676e-005, 6.19798593107e-005, 0.000174095417606, 7.66773009673e-005, 6.42243321636e-005, 4.46813974122e-005, 0.000122194513096, 5.19013483427e-005, 4.4572261686e-005, 4.86671524413e-005, 4.25448815804e-005, 4.10422399e-005, 5.17993976246e-005, 0.000108832486148, 0.00014323151845, 0.000190920036403, 0.000403495825594, 0.000414571171859, 0.000183919546544, 9.17577635846e-005, 1.46623015098e-005, 5.30711122337e-006, 2.5190740871e-006, 1.08651967423e-007, 2.71107114536e-009, 5.44123079926e-011]
        dmean2: [4.85019029384e-007, 5.2992025303e-005, 0.000112032896141, 0.000105188541056, 0.000310789007926, 0.000127263730974, 0.000109660068119, 7.20073148841e-005, 0.000186213699635, 7.97946850071e-005, 6.77754869685e-005, 7.75457374402e-005, 7.06454666215e-005, 6.8607267167e-005, 8.59744031914e-005, 0.000179208669579, 0.000242355541559, 0.000329387548845, 0.0006930718082, 0.000715422851499, 0.000332240975695, 0.000167621459696, 2.54622464126e-005, 8.68457846082e-006, 3.90747254642e-006, 1.66596791473e-007, 4.32412150531e-009, 1.01878838699e-010]
        dvar: [1.05428545668e-012, 6.40203756674e-009, 1.42321683327e-008, 1.31166855155e-008, 3.10489838284e-007, 2.98622673256e-008, 3.85883751619e-008, 1.35363986686e-008, 5.44463105712e-008, 1.60626978385e-008, 1.18195595533e-008, 1.07842659247e-008, 7.69716734794e-009, 6.41105923904e-009, 1.22043104511e-008, 6.52423892689e-008, 6.75069316003e-008, 1.51491477141e-007, 4.21120290639e-007, 4.54604247579e-007, 1.92860142079e-007, 6.71363693527e-008, 1.30342869831e-009, 2.08369627108e-010, 8.16173031937e-011, 4.28970179961e-014, 2.35479791548e-017, 8.81745613972e-021]
        dvar2: [1.83042209861e-012, 1.61238542518e-008, 3.66764432158e-008, 3.62909773344e-008, 8.75140926837e-007, 7.77818698339e-008, 1.04770961684e-007, 3.33302345723e-008, 1.19055783898e-007, 3.48698137032e-008, 2.47459333025e-008, 2.41089939124e-008, 1.93164684248e-008, 1.61967967927e-008, 3.13094901117e-008, 1.52209494786e-007, 1.83712685953e-007, 4.24083083317e-007, 1.17226932161e-006, 1.25803171613e-006, 5.52384506136e-007, 1.90647313048e-007, 3.47996453876e-009, 4.80145700976e-010, 1.88185758643e-010, 9.66574774863e-014, 6.01021359798e-017, 2.90150725077e-020]
        max: [1.11567296699e-005, 0.0012704951223, 0.00212109228596, 0.0019545906689, 0.00589230656624, 0.00409884750843, 0.00499579915777, 0.00392329087481, 0.00479550287127, 0.00362742948346, 0.00315418536775, 0.00279560429044, 0.00195032544434, 0.00166387925856, 0.00238839909434, 0.00820520333946, 0.00509257148951, 0.00662262039259, 0.00873219873756, 0.00885974057019, 0.00455130729824, 0.00232808664441, 0.000455481203971, 0.000363989471225, 0.000276256498182, 6.85156328473e-006, 6.22622096103e-008, 1.50214629624e-009]
        mean: [4.35262649034e-007, 5.17873959325e-005, 0.000167766644154, 9.10720118554e-005, 0.000177903042641, 0.000125975886476, 8.04634619271e-005, 6.7962500907e-005, 0.000281117885606, 0.000101541707409, 9.29116649786e-005, 8.17721302155e-005, 6.43636958557e-005, 6.24698441243e-005, 8.44686874188e-005, 0.000190111837583, 0.000249312550295, 0.000320358376484, 0.000783410971053, 0.000824157497846, 0.000282401801087, 9.74749709712e-005, 1.94654330699e-005, 9.31804879656e-006, 4.83240273752e-006, 2.22543107498e-007, 4.08510159033e-009, 4.0965182635e-011]
        median: [1.17137215483e-008, 2.87119819404e-005, 0.000115201153676, 5.99014892941e-005, 7.06906284904e-005, 4.75167216791e-005, 3.00156279991e-005, 1.99919031729e-005, 7.90663325461e-005, 3.0836523365e-005, 2.59517910308e-005, 4.23152305302e-005, 3.28954047291e-005, 3.51433918695e-005, 4.56479756394e-005, 0.000115155329695, 0.000162089258083, 0.000211567647057, 0.000630450842436, 0.00062067003455, 0.000185199678526, 3.88500629924e-005, 5.61880005989e-006, 3.96865789298e-006, 2.35202060139e-006, 1.5926416097e-007, 2.53239562653e-009, 1.35911230187e-011]
        min: [3.48625046934e-025, 5.08855200229e-024, 5.63114847949e-025, 1.84608775445e-024, 1.14734044203e-023, 1.85422292198e-023, 1.15058171371e-023, 1.21288342365e-023, 1.84890000413e-023, 1.47507065406e-023, 5.08105387939e-024, 2.59721771867e-023, 3.37538908531e-023, 3.38166589376e-023, 4.91209991056e-023, 5.57008816051e-023, 6.55513309307e-023, 1.06502798149e-022, 1.79779494412e-022, 1.72743662931e-022, 2.75019277344e-022, 3.36127371315e-022, 4.08392053699e-022, 6.60933263353e-022, 1.02762963846e-021, 1.23028060865e-021, 1.99119236132e-021, 5.80885212272e-022]
        var: [1.74393659236e-012, 6.78599798576e-009, 3.46157698061e-008, 1.34165087928e-008, 2.07266211305e-007, 5.42346150212e-008, 3.7307270162e-008, 2.26203642484e-008, 2.86629671109e-007, 6.67592559012e-008, 5.66622304632e-008, 1.98744132263e-008, 1.14539711049e-008, 8.41115355144e-009, 1.6790776769e-008, 8.90079689952e-008, 8.85834907649e-008, 1.51171420271e-007, 4.73906112575e-007, 5.95069764131e-007, 1.4345492616e-007, 4.38702656425e-008, 1.33943167668e-009, 3.42596201408e-010, 1.39110473141e-010, 8.86939312142e-014, 2.70651461563e-017, 6.19061728097e-021]
    mfcc:
        mean: [-713.172790527, 70.6142196655, -54.11769104, 60.6595687866, -18.4938278198, -6.83472728729, 8.66081237793, -3.14317131042, 3.24964976311, -0.830618560314, -4.54379653931, -6.02288627625, -2.98391795158]
        cov: [[6166.58349609, 469.886627197, 451.078765869, 141.932052612, 83.5103225708, 130.265396118, 50.8185195923, 104.337425232, -106.926841736, 61.0494728088, -74.3741073608, 24.3908214569, -67.9302368164], [469.886627197, 689.137145996, -153.295578003, 155.575637817, -39.7389297485, 2.45744967461, 79.811630249, -20.2100563049, 77.4554748535, 0.844047963619, 10.4650220871, -27.8146648407, -2.67008280754], [451.078765869, -153.295578003, 610.857849121, -92.1129379272, 200.591796875, 81.8561553955, 16.1881198883, 75.8255310059, -47.5532112122, 55.5761642456, -18.1832561493, 42.8613166809, -13.233707428], [141.932052612, 155.575637817, -92.1129379272, 264.009307861, 20.9650840759, 28.1871929169, -2.52848982811, -23.7020988464, 17.6507720947, -7.50514698029, 0.751160264015, -1.5069309473, 21.0326881409], [83.5103225708, -39.7389297485, 200.591796875, 20.9650840759, 184.284103394, 64.409362793, 17.3255138397, 15.2253770828, -13.1820459366, 28.9363689423, -12.5269136429, 24.9190692902, 15.9984912872], [130.265396118, 2.45744967461, 81.8561553955, 28.1871929169, 64.409362793, 111.022125244, 56.2025489807, 34.5002174377, -10.3007535934, 6.56612348557, -2.23844981194, 10.0100355148, -0.446833252907], [50.8185195923, 79.811630249, 16.1881198883, -2.52848982811, 17.3255138397, 56.2025489807, 154.697540283, 69.8547668457, 34.6789474487, 7.05166292191, -5.03834581375, -2.0399389267, -15.0931472778], [104.337425232, -20.2100563049, 75.8255310059, -23.7020988464, 15.2253770828, 34.5002174377, 69.8547668457, 101.5128479, 34.7200546265, 19.4502506256, -3.9441409111, -1.15160918236, -14.8510732651], [-106.926841736, 77.4554748535, -47.5532112122, 17.6507720947, -13.1820459366, -10.3007535934, 34.6789474487, 34.7200546265, 91.2036743164, 36.5029945374, 9.17691326141, -14.6039209366, -10.3790750504], [61.0494728088, 0.844047963619, 55.5761642456, -7.50514698029, 28.9363689423, 6.56612348557, 7.05166292191, 19.4502506256, 36.5029945374, 84.3998718262, 33.5772399902, 6.81665658951, -10.8900680542], [-74.3741073608, 10.4650220871, -18.1832561493, 0.751160264015, -12.5269136429, -2.23844981194, -5.03834581375, -3.9441409111, 9.17691326141, 33.5772399902, 71.3265457153, 23.3416538239, -3.48119854927], [24.3908214569, -27.8146648407, 42.8613166809, -1.5069309473, 24.9190692902, 10.0100355148, -2.0399389267, -1.15160918236, -14.6039209366, 6.81665658951, 23.3416538239, 67.4914550781, 28.4777240753], [-67.9302368164, -2.67008280754, -13.233707428, 21.0326881409, 15.9984912872, -0.446833252907, -15.0931472778, -14.8510732651, -10.3790750504, -10.8900680542, -3.48119854927, 28.4777240753, 67.2293395996]]
        icov: [[0.000230026591453, -0.000276193488389, -0.000115889051813, -0.000144865785842, 0.000221165828407, -7.97602406237e-005, 0.00019104158855, -0.000461824383819, 0.000753921456635, -0.000562843226362, 0.00055985635845, -0.000305141700665, 0.000315141689498], [-0.000276193488389, 0.00249372445978, -0.000103731581476, -0.000935557065532, 0.000254254409811, 0.000232015823713, -0.00194854405709, 0.00245118909515, -0.00268587819301, 0.0011191900121, -0.00114629231393, 0.000967977859545, -0.000565451860894], [-0.000115889051813, -0.000103731581476, 0.00397735415027, 0.00119440688286, -0.0036120112054, -0.000164165583556, 0.00125820701942, -0.00310330139473, 0.00249260873534, -0.00183636043221, 0.0012943118345, -0.00153257662896, 0.00154699524865], [-0.000144865785842, -0.000935557065532, 0.00119440688286, 0.00547438301146, -0.00168246484827, -0.00221570720896, 0.00142902787775, 0.000537238665856, -0.00149288156535, 0.000970780500211, -0.000366630643839, 0.000158316572197, -0.000995206413791], [0.000221165828407, 0.000254254409811, -0.0036120112054, -0.00168246484827, 0.0120293200016, -0.00427755853161, -0.00087066058768, 0.00304695405066, -0.000442583026597, -0.00375355035067, 0.00359167880379, -0.00152742525097, -0.00220785592683], [-7.97602406237e-005, 0.000232015823713, -0.000164165583556, -0.00221570720896, -0.00427755853161, 0.0162413772196, -0.00517099397257, -0.0032504638657, 0.00481091113761, -7.69595717429e-005, -0.00172886345536, 0.000710270018317, 0.000176302142791], [0.00019104158855, -0.00194854405709, 0.00125820701942, 0.00142902787775, -0.00087066058768, -0.00517099397257, 0.0132773276418, -0.00787693634629, -0.00110037857667, 0.000938898359891, 0.00147010118235, -0.00208335299976, 0.00227064825594], [-0.000461824383819, 0.00245118909515, -0.00310330139473, 0.000537238665856, 0.00304695405066, -0.0032504638657, -0.00787693634629, 0.0225851461291, -0.0104586062953, 0.00153902196325, -5.20977891938e-006, 0.000321909959894, -0.000176171699422], [0.000753921456635, -0.00268587819301, 0.00249260873534, -0.00149288156535, -0.000442583026597, 0.00481091113761, -0.00110037857667, -0.0104586062953, 0.0255754999816, -0.0124458745122, 0.00331212207675, 0.00163285085, 0.000604986504186], [-0.000562843226362, 0.0011191900121, -0.00183636043221, 0.000970780500211, -0.00375355035067, -7.69595717429e-005, 0.000938898359891, 0.00153902196325, -0.0124458745122, 0.0246435329318, -0.0123737929389, 0.00205947947688, 0.000811346049886], [0.00055985635845, -0.00114629231393, 0.0012943118345, -0.000366630643839, 0.00359167880379, -0.00172886345536, 0.00147010118235, -5.20977891938e-006, 0.00331212207675, -0.0123737929389, 0.0251443721354, -0.0113579938188, 0.00497245788574], [-0.000305141700665, 0.000967977859545, -0.00153257662896, 0.000158316572197, -0.00152742525097, 0.000710270018317, -0.00208335299976, 0.000321909959894, 0.00163285085, 0.00205947947688, -0.0113579938188, 0.0256339646876, -0.0115102445707], [0.000315141689498, -0.000565451860894, 0.00154699524865, -0.000995206413791, -0.00220785592683, 0.000176302142791, 0.00227064825594, -0.000176171699422, 0.000604986504186, 0.000811346049886, 0.00497245788574, -0.0115102445707, 0.0221416521817]]
    sccoeffs:
        dmean: [0.0491928234696, 0.0457232557237, 0.0396039932966, 0.0312284324318, 0.0239568166435, 0.0184239987284]
        dmean2: [0.0813539102674, 0.0746647790074, 0.0630971416831, 0.0507100373507, 0.0386554859579, 0.0297578200698]
        dvar: [0.00182352552656, 0.00142897921614, 0.00114381616004, 0.000680043653119, 0.000431647727964, 0.000325152359437]
        dvar2: [0.00494379084557, 0.00366308772936, 0.002620969899, 0.00169775693212, 0.000992912100628, 0.000767026445828]
        max: [-0.336700797081, -0.436047255993, -0.502662658691, -0.54424315691, -0.52361780405, -0.532347619534]
        mean: [-0.671158671379, -0.764805793762, -0.770577430725, -0.791044831276, -0.779106497765, -0.73273396492]
        median: [-0.671983778477, -0.77210521698, -0.782370507717, -0.7963347435, -0.782603025436, -0.746316790581]
        min: [-0.998343169689, -0.998917579651, -0.99906027317, -0.998257100582, -0.99344933033, -0.964937388897]
        var: [0.00502627436072, 0.00468221772462, 0.00484789861366, 0.00214361655526, 0.00149928161409, 0.0031203078106]
    scvalleys:
        dmean: [0.397658020258, 0.382850944996, 0.3215534091, 0.29941239953, 0.268025130033, 0.275932431221]
        dmean2: [0.649448513985, 0.619642913342, 0.511148393154, 0.465308725834, 0.412663221359, 0.394559115171]
        dvar: [0.147101178765, 0.14863152802, 0.111516363919, 0.104858823121, 0.116764076054, 0.191647708416]
        dvar2: [0.315380215645, 0.313560962677, 0.212426871061, 0.187666341662, 0.217312768102, 0.378930717707]
        max: [-5.15126514435, -4.85355567932, -5.51307153702, -5.5249376297, -4.95494413376, -7.11051416397]
        mean: [-7.53780603409, -7.20096158981, -7.39924573898, -7.40902805328, -6.83772325516, -9.64230155945]
        median: [-7.16866207123, -6.96995639801, -7.14310312271, -7.1604514122, -6.60213565826, -9.2118844986]
        min: [-28.0178356171, -27.8337268829, -27.9267940521, -27.5873413086, -27.4722309113, -27.3363227844]
        var: [2.65868544579, 2.25209188461, 2.2195661068, 2.1534512043, 2.23409962654, 3.04752206802]

rhythm:
    beats_loudness:
        dmean: 0.00232820236124
        dmean2: 0.004478758201
        dvar: 2.50845050687e-006
        dvar2: 8.60238833411e-006
        max: 0.0117646772414
        mean: 0.00530838128179
        median: 0.00570468837395
        min: 0
        var: 5.98206634095e-006
    bpm: 117.998466492
    bpm_confidence: 0
    first_peak_bpm: 117
    first_peak_spread: 0.209621965885
    first_peak_weight: 0.774410784245
    onset_rate: 2.99882435799
    second_peak_bpm: 140
    second_peak_spread: 0.375000029802
    second_peak_weight: 0.00841750856489
    beats_loudness_band_ratio:
        dmean: [0.0926537960768, 0.105201996863, 0.0741787776351, 0.0427840575576, 0.07394451648, 0.0877850875258]
        dmean2: [0.173586696386, 0.204704895616, 0.132111772895, 0.0747300386429, 0.135086983442, 0.15208928287]
        dvar: [0.00774210132658, 0.00428534252569, 0.00461888173595, 0.00254832580686, 0.00438774563372, 0.00552893057466]
        dvar2: [0.0275275204331, 0.0148275513202, 0.0130246710032, 0.00629096338525, 0.0132676837966, 0.0158467125148]
        max: [0.822811186314, 0.577954590321, 0.473486930132, 0.575486779213, 0.524965703487, 0.804152846336]
        mean: [0.162244990468, 0.104061931372, 0.0907946676016, 0.066844150424, 0.20351497829, 0.419693499804]
        median: [0.154682964087, 0.0874450132251, 0.0633965581656, 0.0483919493854, 0.192965328693, 0.41330498457]
        min: [0, 0, 0, 0, 0, 0]
        var: [0.00958613026887, 0.00658626435325, 0.00648350035772, 0.00393900740892, 0.00530533445999, 0.0110352793708]
    beats_position: [0.545668900013, 1.09133780003, 1.62539684772, 2.18267560005, 2.72834467888, 3.25079369545, 3.76163268089, 4.28408145905, 4.80653047562, 5.31736946106, 5.8282084465, 6.32743740082, 6.82666635513, 7.33750534058, 7.84834432602, 8.35918331146, 8.87002277374, 9.38086128235, 9.89170074463, 10.4025392532, 10.9133787155, 11.4242172241, 11.9350566864, 12.4342851639, 12.9451246262, 13.4559631348, 13.9551925659, 14.4660310745, 14.9768705368, 15.4877090454, 15.9985485077, 16.50938797, 17.0202255249, 17.5310649872, 18.0302944183, 18.5411338806, 19.0403633118, 19.5512008667, 20.062040329, 20.5728797913, 21.0837192535, 21.5945568085, 22.1053962708, 22.6046257019, 23.1038551331, 23.614692688, 24.1255321503, 24.6363716125, 25.1472110748, 25.6580486298, 26.168888092, 26.6797275543, 27.1905670166, 27.7014045715, 28.2122440338, 28.711473465, 29.2223129272, 29.7215423584, 30.2323799133, 30.7432193756, 31.2540588379, 31.7648983002, 32.264125824, 32.7749671936, 33.2858047485, 33.7966423035, 34.3074836731, 34.8067131042, 35.3175506592, 35.8283882141, 36.3392295837, 36.8500671387, 37.3609046936, 37.8717460632, 38.3825836182, 38.8818130493, 39.3810424805, 39.8918800354, 40.402721405, 40.91355896, 41.4243965149, 41.9352378845, 42.4460754395, 42.9569168091, 43.467754364, 43.9669837952, 44.4662132263, 44.9770507813, 45.4878921509, 45.9987297058, 46.5095672607, 47.0204086304, 47.5312461853, 48.0420837402, 48.5413131714, 49.0405426025, 49.5513839722, 50.0622215271, 50.573059082, 51.0839004517, 51.5947380066, 52.1055755615, 52.6164169312, 53.1272544861, 53.6264839172, 54.1257133484, 54.6365509033, 55.1473922729, 55.6582298279, 56.1690673828, 56.6799087524, 57.1907463074, 57.701587677, 58.2124252319, 58.7116546631, 59.2108840942, 59.7217216492, 60.2325630188, 60.7434005737, 61.2542381287, 61.7650794983, 62.2759170532, 62.7867546082, 63.2975959778, 63.7968254089, 64.2960510254, 64.806892395, 65.3177337646, 65.8285675049, 66.3394088745, 66.8502502441, 67.3610839844, 67.8603134155, 68.3711547852, 68.8703842163, 69.3812255859, 69.8920593262, 70.4029006958, 70.9137420654, 71.4245758057, 71.9238052368, 72.4346466064, 72.9454879761, 73.4447174072, 73.9555511475, 74.4663925171, 74.9772338867, 75.488067627, 75.9989089966, 76.5097503662, 77.0205917358, 77.5314254761, 78.0422668457, 78.5531082153, 79.0523376465, 79.5515594482, 80.0624008179, 80.5732421875, 81.0840835571, 81.5949172974, 82.105758667, 82.6166000366, 83.1158294678, 83.6150588989, 84.1258926392, 84.6367340088, 85.1475753784, 85.6584091187, 86.1692504883, 86.6800918579, 87.1909255981, 87.7017669678, 88.2009963989, 88.7118377686, 89.2110671997, 89.7219009399, 90.2327423096, 90.7435836792, 91.2544174194, 91.7652587891, 92.2761001587, 92.7869338989, 93.2861633301, 93.7853927612, 94.2962341309, 94.8070755005, 95.3179092407, 95.8287506104, 96.33959198, 96.8504257202, 97.3612670898, 97.8721084595, 98.3713378906, 98.8705673218, 99.381401062, 99.8922424316, 100.403083801, 100.913917542, 101.424758911, 101.935600281, 102.44644165, 102.957275391, 103.456504822, 103.955734253, 104.466575623, 104.977409363, 105.488250732, 105.999092102, 106.509933472, 107.020767212, 107.531608582, 108.042449951, 108.541679382, 109.040908813, 109.551742554, 110.062583923, 110.573425293, 111.084259033, 111.595100403, 112.105941772, 112.616775513, 113.116004944, 113.615234375, 114.126075745, 114.636917114, 115.147750854, 115.658592224, 116.169433594, 116.680267334, 117.191108704, 117.690338135, 118.189567566, 118.700408936, 119.211242676, 119.722084045, 120.232925415, 120.743759155, 121.254600525, 121.765441895, 122.276275635, 122.787117004, 123.297958374, 123.797187805, 124.296417236, 124.807250977, 125.318092346, 125.828933716, 126.339767456, 126.850608826, 127.361450195, 127.872291565, 128.383132935, 128.882354736, 129.381591797, 129.892425537, 130.403259277, 130.914108276, 131.424942017, 131.935775757, 132.446624756, 132.957458496, 133.456680298, 133.955917358, 134.466751099, 134.977600098, 135.488433838, 135.999267578, 136.510116577, 137.020950317, 137.531784058, 138.042633057, 138.541854858, 139.052688599, 139.551925659, 140.062759399, 140.573608398, 141.084442139, 141.595275879, 142.106124878, 142.616958618, 143.11618042, 143.61541748, 144.126251221, 144.63710022, 145.14793396, 145.6587677, 146.169616699, 146.680450439, 147.179672241, 147.678909302, 148.189743042, 148.700592041, 149.211425781, 149.722259521, 150.233108521, 150.743942261, 151.254776001, 151.765625, 152.27645874, 152.78729248, 153.286529541, 153.785751343, 154.296600342, 154.807434082, 155.318267822, 155.829116821, 156.339950562, 156.850784302, 157.361633301, 157.872467041, 158.383300781, 158.89414978, 159.393371582, 159.892608643, 160.403442383, 160.914276123, 161.425125122, 161.935958862, 162.446792603, 162.957641602, 163.456863403, 163.956100464, 164.466934204, 164.977767944, 165.488616943, 165.999450684, 166.510284424, 167.021133423, 167.531967163, 168.042816162, 168.542037964, 169.041259766, 169.552108765, 170.062942505, 170.573776245, 171.084625244, 171.595458984, 172.106307983, 172.605529785, 173.116363525, 173.627212524, 174.126434326, 174.637283325, 175.148117065, 175.658950806, 176.169799805, 176.680633545, 177.191467285, 177.702316284, 178.213150024, 178.712371826, 179.211608887, 179.722442627, 180.233291626, 180.744125366, 181.254959106, 181.765808105, 182.276641846, 182.787475586, 183.298324585, 183.797546387, 184.296783447, 184.807617188, 185.318450928, 185.829299927, 186.340133667, 186.839355469, 187.338592529, 187.84942627, 188.360275269, 188.871109009, 189.381942749, 189.892791748, 190.403625488, 190.914459229, 191.425308228, 191.936141968, 192.446975708, 192.946212769, 193.44543457, 193.956283569, 194.46711731, 194.97795105, 195.488800049, 195.999633789, 196.510467529, 197.00970459, 197.508926392, 198.019775391, 198.530609131, 199.041442871, 199.55229187, 200.06312561, 200.573959351, 201.08480835, 201.59564209, 202.10647583, 202.605712891, 203.104934692, 203.615783691, 204.126617432, 204.637451172, 205.148300171, 205.659133911, 206.169967651, 206.68081665, 207.191650391, 207.690887451, 208.201721191, 208.700942993, 209.211791992, 209.722625732, 210.233459473, 210.744308472, 211.255142212, 211.765975952, 212.276824951, 212.787658691, 213.298492432, 213.797729492, 214.308563232, 214.807800293, 215.318634033, 215.829467773, 216.340316772, 216.839538574, 217.338775635, 217.849609375, 218.360443115, 218.871292114, 219.382125854, 219.892959595, 220.403808594, 220.914642334, 221.425476074, 221.936325073, 222.435546875, 222.934783936, 223.445617676, 223.956451416, 224.467300415, 224.978134155, 225.488967896, 225.999816895, 226.510650635, 227.021499634, 227.532333374, 228.043167114, 228.554016113, 229.053237915, 229.552474976, 230.063308716, 230.574142456, 231.084991455, 231.595825195, 232.106658936, 232.605895996, 233.105117798, 233.615966797, 234.126800537, 234.637634277, 235.148483276, 235.659317017, 236.170150757, 236.680999756, 237.191833496, 237.691055298, 238.190292358, 238.701126099, 239.211975098, 239.722808838, 240.233642578, 240.744491577, 241.255325317, 241.766159058, 242.277008057, 242.787841797, 243.298675537, 243.809524536, 244.308746338, 244.819580078, 245.318817139, 245.829650879, 246.340499878, 246.851333618, 247.362167358, 247.873016357, 248.383850098, 248.883071899, 249.38230896, 249.8931427, 250.403991699, 250.914825439, 251.42565918, 251.936508179, 252.447341919, 252.958175659, 253.45741272, 253.956634521, 254.467483521, 254.978317261, 255.489151001, 256, 256.51083374, 257.02166748, 257.532501221, 258.043365479, 258.554199219, 259.053405762, 259.552642822, 260.063476563, 260.57434082, 261.085174561, 261.596008301, 262.106842041, 262.617675781, 263.116912842, 263.616149902, 264.126983643, 264.637817383, 265.148651123, 265.659484863, 266.170349121, 266.681182861, 267.192016602, 267.702850342, 268.202087402, 268.701324463, 269.212158203, 269.722991943, 270.233825684, 270.744659424, 271.255493164, 271.766357422, 272.277191162, 272.788024902, 273.287261963, 273.786468506, 274.297332764, 274.808166504, 275.319000244, 275.829833984, 276.340667725, 276.851501465, 277.362365723, 277.861572266, 278.360809326, 278.871643066, 279.382476807, 279.893341064, 280.404174805, 280.915008545, 281.425842285, 281.936676025, 282.447509766, 282.958374023, 283.469207764, 283.968444824, 284.467651367, 284.978485107, 285.489349365, 286.000183105, 286.511016846, 287.021850586, 287.532684326, 288.043518066, 288.542755127, 289.053588867, 289.552825928, 290.063659668, 290.574493408, 291.085357666, 291.596191406, 292.107025146, 292.606262207, 293.117095947, 293.616333008, 294.127166748, 294.638000488, 295.148834229, 295.659667969, 296.170501709, 296.681365967, 297.192199707, 297.691436768, 298.190643311, 298.689880371, 299.119445801, 299.54901123, 299.97857666, 300.408172607, 300.837738037, 301.278900146, 301.720092773, 302.161254883]
