
metadata:
    version:
        essentia: "2.1-beta2"
    audio_properties:
        analysis_sample_rate: 44100
        bitrate: 320
        channels: 2
        equal_loudness: 1
        length: 209.567977905
        replay_gain: -15.5963554382
        downmix: "mix"
    tags:
        album: "The Rising Tied"
        artist: "Fort Minor"
        comment: ""
        date: "2005"
        genre: "Alternative Hip-Hop"
        title: "In Stereo"
        tracknumber: "07"

configuration:
    average_loudness:
        compute: 1
        frameSize: 88200
        hopSize: 44100
        silentFrames: "noise"
        windowType: "hann"
    general:
        analysisSampleRate: 44100
        endTime: 2000
        equalLoudness: 1
        nequalLoudness: 0
        shortSound: 0
        startTime: 0
    lowlevel:
        compute: 1
        frameSize: 2048
        hopSize: 1024
        zeroPadding: 0
        silentFrames: "noise"
        windowType: "blackmanharris62"
        mfccStats: ["mean", "cov", "icov"]
        stats: ["mean", "var", "median", "min", "max", "dmean", "dmean2", "dvar", "dvar2"]
    panning:
        compute: 0
        frameSize: 8192
        hopSize: 2048
        zeroPadding: 8192
        silentFrames: "noise"
        windowType: "hann"
        stats: ["copy"]
    rhythm:
        compute: 1
        maxTempo: 208
        minTempo: 40
        method: "degara"
        stats: ["mean", "var", "median", "min", "max", "dmean", "dmean2", "dvar", "dvar2"]
    segmentation:
        compute: 0
        cpw: 5
        inc1: 300
        inc2: 50
        minimumSegmentsLength: 10
        size1: 1000
        size2: 600
    sfx:
        compute: 1
        stats: ["mean", "var", "median", "min", "max", "dmean", "dmean2", "dvar", "dvar2"]
    svm:
        compute: 0
    tonal:
        compute: 1
        frameSize: 4096
        hopSize: 2048
        zeroPadding: 0
        silentFrames: "noise"
        windowType: "blackmanharris62"
        stats: ["mean", "var", "median", "min", "max", "dmean", "dmean2", "dvar", "dvar2"]

lowlevel:
    average_loudness: 0.918815791607
    barkbands_kurtosis:
        dmean: 2.12565088272
        dmean2: 3.48253321648
        dvar: 10.0509090424
        dvar2: 24.629491806
        max: 66.032081604
        mean: 1.2334305048
        median: -0.156233251095
        min: -1.93845868111
        var: 17.5304336548
    barkbands_skewness:
        dmean: 0.717730879784
        dmean2: 1.11810994148
        dvar: 0.511089503765
        dvar2: 1.24366736412
        max: 7.01370954514
        mean: 0.717121243477
        median: 0.74255669117
        min: -5.87553548813
        var: 1.34103786945
    barkbands_spread:
        dmean: 8.45089530945
        dmean2: 13.3088197708
        dvar: 70.7761917114
        dvar2: 163.187133789
        max: 88.598991394
        mean: 26.5288639069
        median: 25.2010879517
        min: 1.28002583981
        var: 183.787948608
    dissonance:
        dmean: 0.0215250737965
        dmean2: 0.0349619165063
        dvar: 0.000532169418875
        dvar2: 0.00130134611391
        max: 0.500000178814
        mean: 0.461560130119
        median: 0.47186344862
        min: 0.198322325945
        var: 0.00120197609067
    hfc:
        dmean: 2.49124693871
        dmean2: 3.88258481026
        dvar: 16.3355808258
        dvar2: 41.9044036865
        max: 39.0418586731
        mean: 4.46422195435
        median: 2.6401154995
        min: 1.95092150768e-010
        var: 24.7886352539
    pitch:
        dmean: 751.164123535
        dmean2: 1435.86682129
        dvar: 1803592.25
        dvar2: 4026559
        max: 5418.23486328
        mean: 1134.11987305
        median: 245.728225708
        min: 57.3095169067
        var: 2431767.25
    pitch_instantaneous_confidence:
        dmean: 0.103591479361
        dmean2: 0.162890776992
        dvar: 0.00781298056245
        dvar2: 0.0173660293221
        max: 0.96602845192
        mean: 0.45706397295
        median: 0.439046800137
        min: 0.0184242129326
        var: 0.028970522806
    pitch_salience:
        dmean: 0.0875489190221
        dmean2: 0.142888486385
        dvar: 0.00683223642409
        dvar2: 0.0170544311404
        max: 0.988350510597
        mean: 0.595422923565
        median: 0.60521620512
        min: 0.150090396404
        var: 0.0137177631259
    silence_rate_20dB:
        dmean: 0
        dmean2: 0
        dvar: 0
        dvar2: 0
        max: 1
        mean: 1
        median: 1
        min: 1
        var: 0
    silence_rate_30dB:
        dmean: 0
        dmean2: 0
        dvar: 0
        dvar2: 0
        max: 1
        mean: 1
        median: 1
        min: 1
        var: 0
    silence_rate_60dB:
        dmean: 0.164857074618
        dmean2: 0.329750686884
        dvar: 0.13768440485
        dvar2: 0.267101019621
        max: 1
        mean: 0.597319126129
        median: 1
        min: 0
        var: 0.24052003026
    spectral_centroid:
        dmean: 440.789550781
        dmean2: 682.814208984
        dvar: 266342.4375
        dvar2: 553830.8125
        max: 6135.82714844
        mean: 1341.82788086
        median: 1114.59106445
        min: 175.320983887
        var: 680990.9375
    spectral_complexity:
        dmean: 3.52049636841
        dmean2: 5.73961210251
        dvar: 25.1881980896
        dvar2: 60.6613922119
        max: 42
        mean: 8.13404273987
        median: 6
        min: 0
        var: 49.4359741211
    spectral_crest:
        dmean: 2.75946140289
        dmean2: 4.54833889008
        dvar: 6.0582447052
        dvar2: 16.0296649933
        max: 25.3670101166
        mean: 8.7585477829
        median: 8.13860607147
        min: 2.08273839951
        var: 12.6800098419
    spectral_decrease:
        dmean: 3.40613814931e-010
        dmean2: 4.86931106547e-010
        dvar: 2.57082590352e-019
        dvar2: 4.53417656904e-019
        max: -1.1808354796e-019
        mean: -7.89932452783e-010
        median: -5.96632576677e-010
        min: -5.35883648567e-009
        var: 6.5383648829e-019
    spectral_energy:
        dmean: 0.00143976905383
        dmean2: 0.00206392165273
        dvar: 4.30822592534e-006
        dvar2: 7.43727514418e-006
        max: 0.021552240476
        mean: 0.00338630215265
        median: 0.00257376441732
        min: 4.63370444445e-013
        var: 1.14324147944e-005
    spectral_energyband_high:
        dmean: 0.000216979417019
        dmean2: 0.000337392266374
        dvar: 1.18126017412e-007
        dvar2: 2.69795719987e-007
        max: 0.00373319420032
        mean: 0.00028875816497
        median: 6.65201150696e-005
        min: 7.18905576752e-015
        var: 1.97384792955e-007
    spectral_energyband_low:
        dmean: 0.000340628786944
        dmean2: 0.000561927328818
        dvar: 9.71346707956e-007
        dvar2: 2.60522097051e-006
        max: 0.0097420969978
        mean: 0.000396163144615
        median: 0.000105590021121
        min: 2.58182472797e-013
        var: 8.74716818089e-007
    spectral_energyband_middle_high:
        dmean: 0.000566102622543
        dmean2: 0.000919917947613
        dvar: 8.77622539974e-007
        dvar2: 2.31532499129e-006
        max: 0.00978871900588
        mean: 0.00102720281575
        median: 0.000626726774499
        min: 3.12258187786e-014
        var: 1.29707314045e-006
    spectral_energyband_middle_low:
        dmean: 0.000970972818322
        dmean2: 0.00147104100324
        dvar: 2.8837885111e-006
        dvar2: 5.78452409172e-006
        max: 0.0178853552788
        mean: 0.00182138022501
        median: 0.00117251335178
        min: 2.12075880945e-013
        var: 5.58689180252e-006
    spectral_flatness_db:
        dmean: 0.0255163088441
        dmean2: 0.0393257811666
        dvar: 0.00056580133969
        dvar2: 0.00127914571203
        max: 0.395360469818
        mean: 0.160128027201
        median: 0.153159856796
        min: 0.0154393771663
        var: 0.00189635355491
    spectral_flux:
        dmean: 0.0113605447114
        dmean2: 0.0174637623131
        dvar: 0.000193022700842
        dvar2: 0.000384746381314
        max: 0.143645107746
        mean: 0.0353049226105
        median: 0.0318767689168
        min: 3.63190292774e-006
        var: 0.000479638110846
    spectral_kurtosis:
        dmean: 2.16543793678
        dmean2: 3.2703127861
        dvar: 9.40207481384
        dvar2: 21.632692337
        max: 66.5823669434
        mean: 4.47845745087
        median: 3.06482696533
        min: -1.15507817268
        var: 21.9154624939
    spectral_rms:
        dmean: 0.000356116564944
        dmean2: 0.000506466021761
        dvar: 1.67266975382e-007
        dvar2: 2.86795852844e-007
        max: 0.00458547426388
        mean: 0.00161879637744
        median: 0.00158461020328
        min: 2.12619077899e-008
        var: 6.83206678787e-007
    spectral_rolloff:
        dmean: 846.666442871
        dmean2: 1407.1583252
        dvar: 1020183.5625
        dvar2: 2198939.25
        max: 9582.27539063
        mean: 2489.38378906
        median: 2476.31835938
        min: 86.1328125
        var: 2139164.75
    spectral_skewness:
        dmean: 0.342141956091
        dmean2: 0.497931301594
        dvar: 0.138916492462
        dvar2: 0.275721669197
        max: 6.17508363724
        mean: 1.53599870205
        median: 1.40976178646
        min: -0.0465308539569
        var: 0.446786850691
    spectral_spread:
        dmean: 811164.8125
        dmean2: 1126568.5
        dvar: 905434759168
        dvar2: 1.54517621965e+012
        max: 32196032
        mean: 4862212
        median: 4703615
        min: 1054313.5
        var: 2.69659930624e+012
    spectral_strongpeak:
        dmean: 0.296681761742
        dmean2: 0.496352314949
        dvar: 0.255332738161
        dvar2: 0.628015995026
        max: 4.8726477623
        mean: 0.488678455353
        median: 0.351714015007
        min: 0
        var: 0.314584463835
    zerocrossingrate:
        dmean: 0.0156167233363
        dmean2: 0.0178784523159
        dvar: 0.000241352638113
        dvar2: 0.000284177222056
        max: 0.4150390625
        mean: 0.0764856040478
        median: 0.06884765625
        min: 0.01513671875
        var: 0.00136888271663
    barkbands:
        dmean: [1.07411165118e-006, 8.49462740007e-005, 0.000204970128834, 0.000359086465323, 0.000359282072168, 0.000158838156494, 0.000229477780522, 0.000132388187922, 9.25868298509e-005, 7.70124534029e-005, 5.30172655999e-005, 3.49020992871e-005, 4.34377980127e-005, 3.91837238567e-005, 5.63162975595e-005, 6.61441372358e-005, 8.32732039271e-005, 8.66356640472e-005, 0.000178700895049, 0.000180661503691, 9.34052659431e-005, 3.04366039927e-005, 7.82305960456e-006, 2.98097847917e-006, 1.17797071653e-006, 2.67374744567e-008, 2.95082902557e-010]
        dmean2: [1.69148165696e-006, 0.000130984466523, 0.000369258254068, 0.000579986604862, 0.000571031705476, 0.000250672659604, 0.000365447456716, 0.000209636476939, 0.000151266242028, 0.000120501885249, 8.4229199274e-005, 5.59799154871e-005, 7.1948459663e-005, 6.62021193421e-005, 9.30795940803e-005, 0.000107175248559, 0.000134146321216, 0.000143708180985, 0.000303150678519, 0.000296362122754, 0.000150556719746, 4.62326715933e-005, 1.17583085739e-005, 4.34056482845e-006, 1.73005457782e-006, 3.95289490029e-008, 4.72305861088e-010]
        dvar: [4.61031299942e-012, 4.71251837553e-008, 5.17198600392e-007, 1.04956859559e-006, 6.98633527918e-007, 6.73576892041e-008, 1.76333458057e-007, 1.41334638215e-007, 4.61334259683e-008, 2.85674079947e-008, 1.5192819447e-008, 8.32527113914e-009, 8.57595772175e-009, 7.28350624257e-009, 1.43023468624e-008, 2.61034873716e-008, 2.28857750528e-008, 2.07351966708e-008, 1.59903194685e-007, 1.14401039752e-007, 2.56078802607e-008, 3.09629455408e-009, 1.38289324436e-010, 2.36589688812e-011, 5.65233320218e-012, 2.97206497016e-015, 2.28311671834e-019]
        dvar2: [1.10141817541e-011, 1.12432488208e-007, 1.51287201788e-006, 2.26083784582e-006, 1.50833500356e-006, 1.59755416007e-007, 4.66362735096e-007, 3.24984995359e-007, 1.17677288358e-007, 6.35877484001e-008, 3.61330094734e-008, 1.93788629588e-008, 2.14549924493e-008, 1.93005043059e-008, 3.40482273486e-008, 6.15895316969e-008, 5.39141673528e-008, 5.06848785164e-008, 4.41810243501e-007, 3.05370946307e-007, 5.72168197266e-008, 6.32176844206e-009, 2.95114960247e-010, 4.91876921138e-011, 1.14639331014e-011, 6.5084855467e-015, 5.51717422755e-019]
        max: [2.51675755862e-005, 0.0023626270704, 0.00656873546541, 0.00891584157944, 0.00892081204802, 0.00442752568051, 0.00745130190626, 0.0090124476701, 0.00471377931535, 0.0045753819868, 0.00250828824937, 0.00215647812001, 0.00146495841909, 0.00140131253283, 0.00212842319161, 0.00402404647321, 0.00336427218281, 0.00283996690996, 0.00432627694681, 0.00292507465929, 0.00200462318026, 0.00118122377899, 0.000150404652231, 8.00023553893e-005, 4.04568490922e-005, 1.26461600303e-006, 1.17602976246e-008]
        mean: [1.96840642275e-006, 0.000110949193186, 0.000174316606717, 0.000347842782503, 0.000472450745292, 0.000290690601105, 0.000360685720807, 0.00017590187781, 0.000117168485303, 0.000111967237899, 7.99125118647e-005, 4.8663441703e-005, 4.86323187943e-005, 5.14235362061e-005, 7.81051785452e-005, 8.58952189446e-005, 0.000118994750665, 0.00011442277173, 0.000204888332519, 0.00022222098778, 0.000112816385808, 4.05131031584e-005, 1.01767454908e-005, 4.02984142056e-006, 1.6338997284e-006, 3.46420776509e-008, 3.63386210012e-010]
        median: [6.49668720598e-007, 1.50385358211e-005, 3.80256824428e-005, 5.20219182363e-005, 0.000132918183226, 0.000127860606881, 0.000146506397869, 3.56901073246e-005, 4.4340853492e-005, 4.19306088588e-005, 3.52873539669e-005, 2.09792051464e-005, 1.69577397173e-005, 2.00182512344e-005, 2.52716527029e-005, 2.90076095553e-005, 4.50328916486e-005, 4.67721401947e-005, 6.13527081441e-005, 4.20254400524e-005, 2.46579256782e-005, 1.26600189105e-005, 2.68756639343e-006, 1.20207778309e-006, 4.46336144933e-007, 7.07363057018e-009, 1.30333202564e-010]
        min: [8.90844371198e-015, 9.68915296303e-014, 1.07850414797e-013, 8.2508191902e-014, 6.60935742984e-014, 2.61588558296e-014, 1.54818225704e-014, 1.03628763624e-014, 9.40471353952e-015, 6.48059741043e-015, 4.68867125843e-015, 4.3140527263e-015, 3.47040748732e-015, 2.86291757513e-015, 2.4676100515e-015, 2.18962972008e-015, 1.9128214705e-015, 1.72316571141e-015, 1.49897610143e-015, 1.3212289903e-015, 1.27563204208e-015, 1.08528436295e-015, 8.69997439822e-016, 8.52681651161e-016, 8.12283897049e-016, 7.93372774771e-016, 8.47152061263e-016]
        var: [1.0890761383e-011, 6.31063556966e-008, 3.22805703945e-007, 1.18665354876e-006, 1.09436643925e-006, 1.70469178329e-007, 2.94205619866e-007, 3.10744269427e-007, 6.06791914493e-008, 5.61648541009e-008, 2.64858925902e-008, 1.27142678608e-008, 9.43846512058e-009, 8.85427553499e-009, 2.17979980732e-008, 3.69593813332e-008, 4.28607549452e-008, 2.99467473042e-008, 1.47709926068e-007, 1.49874310296e-007, 3.71538284583e-008, 5.57291190972e-009, 2.4392007858e-010, 4.18895716725e-011, 1.17474346223e-011, 5.44810998751e-015, 3.57618664839e-019]
    frequency_bands:
        dmean: [1.07411165118e-006, 8.49462740007e-005, 0.000204970128834, 0.000359086465323, 0.000359282072168, 0.000158838156494, 0.000229477780522, 0.000132388187922, 9.25868298509e-005, 7.70124534029e-005, 5.30172655999e-005, 3.49020992871e-005, 4.34377980127e-005, 3.91837238567e-005, 5.63162975595e-005, 6.61441372358e-005, 8.32732039271e-005, 8.66356640472e-005, 0.000178700895049, 0.000180661503691, 9.34052659431e-005, 3.04366039927e-005, 7.82305960456e-006, 2.98097847917e-006, 1.17797071653e-006, 2.67374744567e-008, 2.95082902557e-010, 4.09536363155e-011]
        dmean2: [1.69148165696e-006, 0.000130984466523, 0.000369258254068, 0.000579986604862, 0.000571031705476, 0.000250672659604, 0.000365447456716, 0.000209636476939, 0.000151266242028, 0.000120501885249, 8.4229199274e-005, 5.59799154871e-005, 7.1948459663e-005, 6.62021193421e-005, 9.30795940803e-005, 0.000107175248559, 0.000134146321216, 0.000143708180985, 0.000303150678519, 0.000296362122754, 0.000150556719746, 4.62326715933e-005, 1.17583085739e-005, 4.34056482845e-006, 1.73005457782e-006, 3.95289490029e-008, 4.72305861088e-010, 7.63374571888e-011]
        dvar: [4.61031299942e-012, 4.71251837553e-008, 5.17198600392e-007, 1.04956859559e-006, 6.98633527918e-007, 6.73576892041e-008, 1.76333458057e-007, 1.41334638215e-007, 4.61334259683e-008, 2.85674079947e-008, 1.5192819447e-008, 8.32527113914e-009, 8.57595772175e-009, 7.28350624257e-009, 1.43023468624e-008, 2.61034873716e-008, 2.28857750528e-008, 2.07351966708e-008, 1.59903194685e-007, 1.14401039752e-007, 2.56078802607e-008, 3.09629455408e-009, 1.38289324436e-010, 2.36589688812e-011, 5.65233320218e-012, 2.97206497016e-015, 2.28311671834e-019, 5.91144543982e-021]
        dvar2: [1.10141817541e-011, 1.12432488208e-007, 1.51287201788e-006, 2.26083784582e-006, 1.50833500356e-006, 1.59755416007e-007, 4.66362735096e-007, 3.24984995359e-007, 1.17677288358e-007, 6.35877484001e-008, 3.61330094734e-008, 1.93788629588e-008, 2.14549924493e-008, 1.93005043059e-008, 3.40482273486e-008, 6.15895316969e-008, 5.39141673528e-008, 5.06848785164e-008, 4.41810243501e-007, 3.05370946307e-007, 5.72168197266e-008, 6.32176844206e-009, 2.95114960247e-010, 4.91876921138e-011, 1.14639331014e-011, 6.5084855467e-015, 5.51717422755e-019, 1.91079949346e-020]
        max: [2.51675755862e-005, 0.0023626270704, 0.00656873546541, 0.00891584157944, 0.00892081204802, 0.00442752568051, 0.00745130190626, 0.0090124476701, 0.00471377931535, 0.0045753819868, 0.00250828824937, 0.00215647812001, 0.00146495841909, 0.00140131253283, 0.00212842319161, 0.00402404647321, 0.00336427218281, 0.00283996690996, 0.00432627694681, 0.00292507465929, 0.00200462318026, 0.00118122377899, 0.000150404652231, 8.00023553893e-005, 4.04568490922e-005, 1.26461600303e-006, 1.17602976246e-008, 1.79377812604e-009]
        mean: [1.96840642275e-006, 0.000110949193186, 0.000174316606717, 0.000347842782503, 0.000472450745292, 0.000290690601105, 0.000360685720807, 0.00017590187781, 0.000117168485303, 0.000111967237899, 7.99125118647e-005, 4.8663441703e-005, 4.86323187943e-005, 5.14235362061e-005, 7.81051785452e-005, 8.58952189446e-005, 0.000118994750665, 0.00011442277173, 0.000204888332519, 0.00022222098778, 0.000112816385808, 4.05131031584e-005, 1.01767454908e-005, 4.02984142056e-006, 1.6338997284e-006, 3.46420776509e-008, 3.63386210012e-010, 3.18123791199e-011]
        median: [6.49668720598e-007, 1.50385358211e-005, 3.80256824428e-005, 5.20219182363e-005, 0.000132918183226, 0.000127860606881, 0.000146506397869, 3.56901073246e-005, 4.4340853492e-005, 4.19306088588e-005, 3.52873539669e-005, 2.09792051464e-005, 1.69577397173e-005, 2.00182512344e-005, 2.52716527029e-005, 2.90076095553e-005, 4.50328916486e-005, 4.67721401947e-005, 6.13527081441e-005, 4.20254400524e-005, 2.46579256782e-005, 1.26600189105e-005, 2.68756639343e-006, 1.20207778309e-006, 4.46336144933e-007, 7.07363057018e-009, 1.30333202564e-010, 9.18857264581e-012]
        min: [8.90844371198e-015, 9.68915296303e-014, 1.07850414797e-013, 8.2508191902e-014, 6.60935742984e-014, 2.61588558296e-014, 1.54818225704e-014, 1.03628763624e-014, 9.40471353952e-015, 6.48059741043e-015, 4.68867125843e-015, 4.3140527263e-015, 3.47040748732e-015, 2.86291757513e-015, 2.4676100515e-015, 2.18962972008e-015, 1.9128214705e-015, 1.72316571141e-015, 1.49897610143e-015, 1.3212289903e-015, 1.27563204208e-015, 1.08528436295e-015, 8.69997439822e-016, 8.52681651161e-016, 8.12283897049e-016, 7.93372774771e-016, 8.47152061263e-016, 1.85243499946e-018]
        var: [1.0890761383e-011, 6.31063556966e-008, 3.22805703945e-007, 1.18665354876e-006, 1.09436643925e-006, 1.70469178329e-007, 2.94205619866e-007, 3.10744269427e-007, 6.06791914493e-008, 5.61648541009e-008, 2.64858925902e-008, 1.27142678608e-008, 9.43846512058e-009, 8.85427553499e-009, 2.17979980732e-008, 3.69593813332e-008, 4.28607549452e-008, 2.99467473042e-008, 1.47709926068e-007, 1.49874310296e-007, 3.71538284583e-008, 5.57291190972e-009, 2.4392007858e-010, 4.18895716725e-011, 1.17474346223e-011, 5.44810998751e-015, 3.57618664839e-019, 4.45120912575e-021]
    mfcc:
        mean: [-758.469665527, 107.991119385, -31.4785881042, 41.8738212585, -15.9870891571, -6.7828001976, -5.61264276505, -6.10837888718, -3.06465005875, -5.51254415512, -4.59635686874, -5.27965688705, -2.46603560448]
        cov: [[6789.65966797, -514.536560059, -233.609237671, 794.233520508, -371.437591553, 187.206344604, -115.747337341, -59.453037262, -100.422889709, -25.820110321, -56.3228225708, 11.7502422333, 26.0384674072], [-514.536560059, 1753.81896973, -221.587875366, -380.32510376, 61.4219474792, -162.314407349, -21.1550769806, 61.4207229614, 44.2854309082, -35.5732765198, 113.8618927, 74.9828643799, 100.18473053], [-233.609237671, -221.587875366, 662.71307373, 164.205062866, 48.5466423035, 159.199005127, 94.9007492065, 54.7071914673, 18.2281837463, 31.2234687805, 20.9519844055, 61.1679115295, 39.8660888672], [794.233520508, -380.32510376, 164.205062866, 525.216552734, 67.8960876465, 100.939735413, 43.0728225708, 4.27335262299, -0.0266735423356, 42.3671913147, 0.610989630222, 11.8628673553, 35.4468650818], [-371.437591553, 61.4219474792, 48.5466423035, 67.8960876465, 311.78616333, 28.0274562836, -13.6522722244, 9.44212532043, 18.9578838348, 21.2898483276, -0.189173474908, 2.79970097542, 13.8356552124], [187.206344604, -162.314407349, 159.199005127, 100.939735413, 28.0274562836, 229.469223022, 98.3027648926, 25.3706054688, 20.8875637054, 45.0872688293, 27.0251159668, 34.1152763367, 0.589045286179], [-115.747337341, -21.1550769806, 94.9007492065, 43.0728225708, -13.6522722244, 98.3027648926, 200.655944824, 71.5902786255, 17.8055229187, 33.5772514343, 35.914024353, 42.1021003723, 11.2775840759], [-59.453037262, 61.4207229614, 54.7071914673, 4.27335262299, 9.44212532043, 25.3706054688, 71.5902786255, 134.306564331, 53.8126564026, 14.6989269257, 25.0751609802, 23.9116477966, 17.0807380676], [-100.422889709, 44.2854309082, 18.2281837463, -0.0266735423356, 18.9578838348, 20.8875637054, 17.8055229187, 53.8126564026, 110.063072205, 45.7836494446, 21.0080184937, 13.2762460709, 5.56243371964], [-25.820110321, -35.5732765198, 31.2234687805, 42.3671913147, 21.2898483276, 45.0872688293, 33.5772514343, 14.6989269257, 45.7836494446, 124.045158386, 48.0938873291, 24.9171905518, 14.4077911377], [-56.3228225708, 113.8618927, 20.9519844055, 0.610989630222, -0.189173474908, 27.0251159668, 35.914024353, 25.0751609802, 21.0080184937, 48.0938873291, 125.933799744, 57.789932251, 32.9371604919], [11.7502422333, 74.9828643799, 61.1679115295, 11.8628673553, 2.79970097542, 34.1152763367, 42.1021003723, 23.9116477966, 13.2762460709, 24.9171905518, 57.789932251, 125.219657898, 75.0601806641], [26.0384674072, 100.18473053, 39.8660888672, 35.4468650818, 13.8356552124, 0.589045286179, 11.2775840759, 17.0807380676, 5.56243371964, 14.4077911377, 32.9371604919, 75.0601806641, 129.90914917]]
        icov: [[0.00025723138242, -6.22536608716e-005, 0.0002215810091, -0.000517376116477, 0.000443350611022, -0.000415313930716, 0.000447117665317, -0.000228884193348, 0.000248113094131, 1.10823939394e-005, 0.000172606713022, -0.000204446434509, 7.80797199695e-005], [-6.22536608716e-005, 0.000888931623194, 0.000108577332867, 0.000693381589372, -0.000452371576102, 0.000505927426275, -0.000260220345808, -9.65969375102e-005, -0.000375560106477, 0.000484678836074, -0.000847994640935, 7.59377071518e-005, -0.000680946512148], [0.0002215810091, 0.000108577332867, 0.00218882085755, -0.000705095939338, 0.000195607572095, -0.00135346676689, 0.000256798928604, -0.000754557491746, 0.0003114224819, 0.000196747161681, 0.000274712045211, -0.000727296283003, -0.00022981208167], [-0.000517376116477, 0.000693381589372, -0.000705095939338, 0.00371699058451, -0.00145000673365, 0.000370977388229, -0.00110962393228, 0.000514558982104, -0.000327524117893, -0.00036106625339, -0.000540460634511, 0.00107263238169, -0.00147610437125], [0.000443350611022, -0.000452371576102, 0.000195607572095, -0.00145000673365, 0.00433882512152, -0.00127672101371, 0.00155779905617, -0.000680301338434, 0.000237194006331, -0.000582706590649, 0.00080774712842, -0.000183384909178, 4.91588216391e-005], [-0.000415313930716, 0.000505927426275, -0.00135346676689, 0.000370977388229, -0.00127672101371, 0.00782068166882, -0.00354254525155, 0.00134099891875, -0.00119370582979, -0.000773055711761, -0.000771061633714, -0.00078221783042, 0.00102323002648], [0.000447117665317, -0.000260220345808, 0.000256798928604, -0.00110962393228, 0.00155779905617, -0.00354254525155, 0.0091616474092, -0.00471686664969, 0.0023594899103, -0.00124448910356, 0.00014589780767, -0.00188428058755, 0.0010987498099], [-0.000228884193348, -9.65969375102e-005, -0.000754557491746, 0.000514558982104, -0.000680301338434, 0.00134099891875, -0.00471686664969, 0.0124641405419, -0.00618770066649, 0.00206977757625, -0.00108979677316, 0.000589678005781, -0.000980447046459], [0.000248113094131, -0.000375560106477, 0.0003114224819, -0.000327524117893, 0.000237194006331, -0.00119370582979, 0.0023594899103, -0.00618770066649, 0.0142296263948, -0.00509043270722, 0.00084324699128, -0.000664475373924, 0.000948000873905], [1.10823939394e-005, 0.000484678836074, 0.000196747161681, -0.00036106625339, -0.000582706590649, -0.000773055711761, -0.00124448910356, 0.00206977757625, -0.00509043270722, 0.0122541980818, -0.00415723863989, 0.000347765366314, -0.000724416284356], [0.000172606713022, -0.000847994640935, 0.000274712045211, -0.000540460634511, 0.00080774712842, -0.000771061633714, 0.00014589780767, -0.00108979677316, 0.00084324699128, -0.00415723863989, 0.0125000430271, -0.00468797655776, 0.000694992137142], [-0.000204446434509, 7.59377071518e-005, -0.000727296283003, 0.00107263238169, -0.000183384909178, -0.00078221783042, -0.00188428058755, 0.000589678005781, -0.000664475373924, 0.000347765366314, -0.00468797655776, 0.0159053690732, -0.00798943638802], [7.80797199695e-005, -0.000680946512148, -0.00022981208167, -0.00147610437125, 4.91588216391e-005, 0.00102323002648, 0.0010987498099, -0.000980447046459, 0.000948000873905, -0.000724416284356, 0.000694992137142, -0.00798943638802, 0.013183879666]]
    sccoeffs:
        dmean: [0.0636840760708, 0.0579434894025, 0.0413429886103, 0.0337716676295, 0.0282803121954, 0.0239661596715]
        dmean2: [0.103538885713, 0.0924091413617, 0.0654168054461, 0.0532894842327, 0.0446540340781, 0.0367206148803]
        dvar: [0.00349810882472, 0.00240711099468, 0.00121047964785, 0.000924999825656, 0.000639142584987, 0.000507619697601]
        dvar2: [0.00834574177861, 0.00552840949968, 0.00278202467598, 0.00205541448668, 0.0014227242209, 0.00114755006507]
        max: [-0.266950339079, -0.355289727449, -0.429436296225, -0.482494771481, -0.563670158386, -0.588463008404]
        mean: [-0.671820402145, -0.716602325439, -0.784535467625, -0.800662517548, -0.799864172935, -0.767743349075]
        median: [-0.69094222784, -0.724473178387, -0.792317450047, -0.810063719749, -0.807244718075, -0.767422437668]
        min: [-0.997912406921, -0.997838556767, -0.998017787933, -0.995683789253, -0.978082954884, -0.975958824158]
        var: [0.00994660425931, 0.0096739102155, 0.00464502582327, 0.00299851899035, 0.00221125246026, 0.00156884291209]
    scvalleys:
        dmean: [0.443795949221, 0.4520226717, 0.374759048223, 0.392940372229, 0.439981490374, 0.506886184216]
        dmean2: [0.698761403561, 0.730327069759, 0.587981879711, 0.610682785511, 0.616773962975, 0.647409439087]
        dvar: [0.161561831832, 0.189147844911, 0.147552102804, 0.189891681075, 0.242687135935, 0.269538521767]
        dvar2: [0.352185428143, 0.428572595119, 0.309078812599, 0.402455508709, 0.465868353844, 0.443874388933]
        max: [-5.1100769043, -4.81316995621, -5.40043640137, -5.55734205246, -5.45410966873, -7.78516101837]
        mean: [-7.25172901154, -6.98457336426, -7.37031698227, -7.73013162613, -7.76018381119, -10.0825004578]
        median: [-7.05775594711, -6.8283367157, -7.23258256912, -7.64408683777, -7.67114400864, -9.8648519516]
        min: [-16.3135757446, -16.9626064301, -17.5729026794, -18.166891098, -18.9225997925, -19.6672935486]
        var: [1.35109233856, 0.866514742374, 0.767660677433, 0.740586578846, 0.971396923065, 1.51444900036]

rhythm:
    beats_loudness:
        dmean: 0.00629086233675
        dmean2: 0.0119445286691
        dvar: 3.15598736051e-005
        dvar2: 8.09230114101e-005
        max: 0.0213687624782
        mean: 0.00651995185763
        median: 0.00408180244267
        min: 3.30518582814e-006
        var: 3.14196986437e-005
    bpm: 161.68762207
    bpm_confidence: 0
    first_peak_bpm: 161
    first_peak_spread: 0.3365201056
    first_peak_weight: 0.626353740692
    onset_rate: 4.79080867767
    second_peak_bpm: 167
    second_peak_spread: 0
    second_peak_weight: 0.0234657041728
    beats_loudness_band_ratio:
        dmean: [0.382449626923, 0.144532427192, 0.128234967589, 0.0473731122911, 0.0649184063077, 0.248269692063]
        dmean2: [0.738503277302, 0.255799591541, 0.235028147697, 0.0824427753687, 0.112418703735, 0.471116632223]
        dvar: [0.0543606579304, 0.0174220521003, 0.0187459848821, 0.00466359918937, 0.00537831848487, 0.046785723418]
        dvar2: [0.16260895133, 0.0522660762072, 0.0512958541512, 0.0145031027496, 0.0154738845304, 0.144810393453]
        max: [0.846869528294, 0.93839353323, 0.791434645653, 0.641571104527, 0.781683325768, 0.900533020496]
        mean: [0.392400532961, 0.198481470346, 0.131809785962, 0.0659148618579, 0.0968476682901, 0.208785161376]
        median: [0.4438765347, 0.192868620157, 0.0699209943414, 0.0399198643863, 0.076007977128, 0.115389361978]
        min: [1.92218849406e-005, 0.00074055371806, 0.00387933268212, 0.00155120261479, 0.00392889650539, 0.000322164269164]
        var: [0.0800780802965, 0.0174368601292, 0.0223475228995, 0.00657285097986, 0.00615204218775, 0.0436183586717]
    beats_position: [0.359909296036, 0.731428563595, 1.07972788811, 1.43963718414, 1.8111563921, 2.18267560005, 2.55419492722, 2.92571425438, 3.30884337425, 3.69197273254, 4.06349182129, 4.43501138687, 4.80653047562, 5.18965959549, 5.5727891922, 5.94430828094, 6.31582736969, 6.68734693527, 7.05886602402, 7.4303855896, 7.81351470947, 8.19664382935, 8.56816291809, 8.93968200684, 9.31120204926, 9.682721138, 10.0542402267, 10.4257593155, 10.8088884354, 11.1920175552, 11.5635375977, 11.9350566864, 12.3181858063, 12.7013149261, 13.084444046, 13.4675731659, 13.8274831772, 14.1873922348, 14.5589113235, 14.9304304123, 15.301949501, 15.6850786209, 16.0565986633, 16.4397277832, 16.8112468719, 17.1827659607, 17.5542850494, 17.9258041382, 18.3089332581, 18.6920623779, 19.0635814667, 19.4351024628, 19.8066215515, 20.1781406403, 20.5612697601, 20.9327888489, 21.3043079376, 21.6874370575, 22.0589561462, 22.430475235, 22.8136043549, 23.1967334747, 23.5682544708, 23.9397735596, 24.3112926483, 24.6828117371, 25.0659408569, 25.4490699768, 25.8321990967, 26.1921081543, 26.563627243, 26.9351463318, 27.3066654205, 27.6781845093, 28.0497055054, 28.4328346252, 28.8159637451, 29.1874828339, 29.5590019226, 29.9305210114, 30.3020401001, 30.68516922, 31.0566883087, 31.4398174286, 31.8113365173, 32.1828575134, 32.5543746948, 32.9258956909, 33.3090248108, 33.6921539307, 34.0636711121, 34.4351921082, 34.8067131042, 35.1782302856, 35.5613594055, 35.9444885254, 36.3276176453, 36.6991386414, 37.059047699, 37.4305648804, 37.8136940002, 38.1968231201, 38.5683441162, 38.9398651123, 39.3113822937, 39.6829032898, 40.0544204712, 40.4259414673, 40.8090705872, 41.192199707, 41.5637168884, 41.9352378845, 42.3067550659, 42.678276062, 43.0614051819, 43.4445343018, 43.8160552979, 44.1875724792, 44.5590934753, 44.9306106567, 45.3137397766, 45.6968688965, 46.0683898926, 46.439907074, 46.8114280701, 47.1829452515, 47.5544662476, 47.9259872437, 48.3091163635, 48.6922454834, 49.0637626648, 49.4352836609, 49.8068008423, 50.1783218384, 50.5498390198, 50.9329681396, 51.3160972595, 51.6876182556, 52.0591392517, 52.4306564331, 52.813785553, 53.1969146729, 53.5684356689, 53.9399528503, 54.3114738464, 54.6829910278, 55.0545120239, 55.4260292053, 55.8091583252, 56.1922874451, 56.5638084412, 56.9353294373, 57.3068466187, 57.6899757385, 58.0614967346, 58.4446258545, 58.8161430359, 59.187664032, 59.5591812134, 59.9307022095, 60.3138313293, 60.6969604492, 61.0684814453, 61.4516105652, 61.8231277466, 62.1830368042, 62.5545578003, 62.9260749817, 63.3092041016, 63.6923332214, 64.0638504028, 64.4353713989, 64.806892395, 65.1784133911, 65.5499343872, 65.9330596924, 66.316192627, 66.6877059937, 67.0592269897, 67.4307479858, 67.8022689819, 68.1853942871, 68.5685272217, 68.9400405884, 69.3115615845, 69.6830825806, 70.0546035767, 70.4261245728, 70.8092498779, 71.1923828125, 71.5638961792, 71.9354171753, 72.3069381714, 72.6900634766, 73.0731964111, 73.4563217163, 73.8278427124, 74.18775177, 74.5592727661, 74.9307937622, 75.3139190674, 75.697052002, 76.068572998, 76.4400863647, 76.8116073608, 77.1831283569, 77.554649353, 77.9377746582, 78.3209075928, 78.6924285889, 79.0639419556, 79.4354629517, 79.8069839478, 80.1785049438, 80.5500183105, 80.9215393066, 81.3046722412, 81.6877975464, 82.0593185425, 82.4308395386, 82.8023605347, 83.1738739014, 83.5570068359, 83.9401321411, 84.3116531372, 84.6947860718, 85.0546951294, 85.4262084961, 85.8093414307, 86.1924667358, 86.5639877319, 86.935508728, 87.3070297241, 87.6901550293, 88.0616760254, 88.44480896, 88.8163223267, 89.1878433228, 89.5593643188, 89.9308853149, 90.3140106201, 90.6971435547, 91.0686569214, 91.4401779175, 91.8116989136, 92.1832199097, 92.5547409058, 92.9262542725, 93.309387207, 93.6925125122, 94.0640335083, 94.4355545044, 94.8070755005, 95.1902008057, 95.5733337402, 95.9680709839, 96.33959198, 96.6995010376, 97.0710220337, 97.4309310913, 97.802444458, 98.1855773926, 98.5687026978, 98.9402236938, 99.3117446899, 99.683265686, 100.054779053, 100.426300049, 100.809432983, 101.192558289, 101.564079285, 101.935600281, 102.307121277, 102.678634644, 103.05015564, 103.433288574, 103.816413879, 104.187934875, 104.559455872, 104.930976868, 105.314102173, 105.697235107, 106.068748474, 106.44026947, 106.811790466, 107.183311462, 107.554824829, 107.926345825, 108.30947876, 108.692604065, 109.064125061, 109.435646057, 109.807167053, 110.190292358, 110.561813354, 110.94493866, 111.316459656, 111.687980652, 112.059501648, 112.431015015, 112.814147949, 113.197273254, 113.56879425, 113.940315247, 114.311836243, 114.683357239, 115.054870605, 115.426391602, 115.809524536, 116.192649841, 116.564170837, 116.935691833, 117.3072052, 117.678726196, 118.061859131, 118.444984436, 118.816505432, 119.188026428, 119.559547424, 119.931060791, 120.314193726, 120.697319031, 121.068840027, 121.451972961, 121.823486328, 122.183395386, 122.554916382, 122.926437378, 123.309570313, 123.692695618, 124.064216614, 124.43573761, 124.807250977, 125.190383911, 125.573509216, 125.945030212, 126.316551208, 126.688072205, 127.059593201, 127.431106567, 127.814239502, 128.197372437, 128.568893433, 128.94039917, 129.311920166, 129.683441162, 130.054962158, 130.426483154, 130.809616089, 131.192733765, 131.564254761, 131.935775757, 132.307296753, 132.690429688, 133.061950684, 133.445083618, 133.816589355, 134.188110352, 134.559631348, 134.931152344, 135.314285278, 135.697418213, 136.068939209, 136.440444946, 136.811965942, 137.183486938, 137.555007935, 137.926528931, 138.309661865, 138.692779541, 139.064300537, 139.435821533, 139.807342529, 140.178863525, 140.550384521, 140.933517456, 141.316635132, 141.688156128, 142.059677124, 142.43119812, 142.814331055, 143.197463989, 143.568969727, 143.940490723, 144.312011719, 144.683532715, 145.055053711, 145.438186646, 145.809707642, 146.192825317, 146.564346313, 146.93586731, 147.307388306, 147.69052124, 148.073654175, 148.445159912, 148.816680908, 149.188201904, 149.5597229, 149.931243896, 150.314376831, 150.697509766, 151.069015503, 151.440536499, 151.812057495, 152.183578491, 152.555099487, 152.926620483, 153.309753418, 153.692871094, 154.06439209, 154.435913086, 154.819046021, 155.202178955, 155.573699951, 155.945205688, 156.316726685, 156.688247681, 157.059768677, 157.431289673, 157.814422607, 158.197555542, 158.569061279, 158.940582275, 159.312103271, 159.683624268, 160.055145264, 160.42666626, 160.809799194, 161.19291687, 161.564437866, 161.935958862, 162.307479858, 162.679000854, 163.050521851, 163.433654785, 163.816772461, 164.188293457, 164.559814453, 164.931335449, 165.314468384, 165.69758606, 166.069107056, 166.440628052, 166.812149048, 167.183670044, 167.55519104, 167.926712036, 168.309844971, 168.692962646, 169.076095581, 169.459228516, 169.84236145, 170.213867188, 170.585388184, 170.945297241, 171.316818237, 171.688339233, 172.059860229, 172.431381226, 172.802902222, 173.186035156, 173.557540894, 173.940673828, 174.323806763, 174.695327759, 175.078460693, 175.449981689, 175.821487427, 176.193008423, 176.564529419, 176.936050415, 177.307571411, 177.679092407, 178.050613403, 178.433731079, 178.805252075, 179.18838501, 179.559906006, 179.931427002, 180.302947998, 180.674468994, 181.05758667, 181.440719604, 181.812240601, 182.183761597, 182.555282593, 182.926803589, 183.298324585, 183.669830322, 184.041351318, 184.436096191, 184.807617188, 185.179138184, 185.55065918, 185.922180176, 186.305297852, 186.688430786, 187.059951782, 187.431472778, 187.802993774, 188.174514771, 188.557632446, 188.940765381, 189.312286377, 189.683807373, 190.055328369, 190.426849365, 190.809967041, 191.181488037, 191.553009033, 191.936141968, 192.307662964, 192.67918396, 193.062316895, 193.44543457, 193.816955566, 194.188476563, 194.54838562, 194.931518555, 195.314651489, 195.697769165, 196.069290161, 196.440811157, 196.812332153, 197.183853149, 197.555374146, 197.926895142, 198.310012817, 198.693145752, 199.076278687, 199.47102356, 199.865753174, 200.260498047, 200.73651123, 201.200897217, 201.665298462, 202.152923584, 202.628936768, 203.104934692, 203.580947876, 203.964080811, 204.347213745, 204.730331421, 205.125076294, 205.508209229, 205.891326904, 206.286071777, 206.68081665, 207.063934326, 207.447067261, 207.841812134, 208.224945068, 208.608062744, 209.002807617]
