
metadata:
    version:
        essentia: "2.1-beta2"
    audio_properties:
        analysis_sample_rate: 44100
        bitrate: 320
        channels: 2
        equal_loudness: 1
        length: 220.199981689
        replay_gain: -14.1443500519
        downmix: "mix"
    tags:
        album: "The Rising Tied"
        artist: "Fort Minor"
        comment: ""
        date: "2005"
        genre: "Alternative Hip-Hop"
        title: "Cigarettes"
        tracknumber: "09"

configuration:
    average_loudness:
        compute: 1
        frameSize: 88200
        hopSize: 44100
        silentFrames: "noise"
        windowType: "hann"
    general:
        analysisSampleRate: 44100
        endTime: 2000
        equalLoudness: 1
        nequalLoudness: 0
        shortSound: 0
        startTime: 0
    lowlevel:
        compute: 1
        frameSize: 2048
        hopSize: 1024
        zeroPadding: 0
        silentFrames: "noise"
        windowType: "blackmanharris62"
        mfccStats: ["mean", "cov", "icov"]
        stats: ["mean", "var", "median", "min", "max", "dmean", "dmean2", "dvar", "dvar2"]
    panning:
        compute: 0
        frameSize: 8192
        hopSize: 2048
        zeroPadding: 8192
        silentFrames: "noise"
        windowType: "hann"
        stats: ["copy"]
    rhythm:
        compute: 1
        maxTempo: 208
        minTempo: 40
        method: "degara"
        stats: ["mean", "var", "median", "min", "max", "dmean", "dmean2", "dvar", "dvar2"]
    segmentation:
        compute: 0
        cpw: 5
        inc1: 300
        inc2: 50
        minimumSegmentsLength: 10
        size1: 1000
        size2: 600
    sfx:
        compute: 1
        stats: ["mean", "var", "median", "min", "max", "dmean", "dmean2", "dvar", "dvar2"]
    svm:
        compute: 0
    tonal:
        compute: 1
        frameSize: 4096
        hopSize: 2048
        zeroPadding: 0
        silentFrames: "noise"
        windowType: "blackmanharris62"
        stats: ["mean", "var", "median", "min", "max", "dmean", "dmean2", "dvar", "dvar2"]

lowlevel:
    average_loudness: 0.926767587662
    barkbands_kurtosis:
        dmean: 2.03438925743
        dmean2: 3.16787266731
        dvar: 17.814743042
        dvar2: 37.6193885803
        max: 146.592605591
        mean: 1.62743890285
        median: -0.0146377999336
        min: -1.97252058983
        var: 45.1333274841
    barkbands_skewness:
        dmean: 0.590720117092
        dmean2: 0.859880447388
        dvar: 0.358555436134
        dvar2: 0.683462202549
        max: 10.83385849
        mean: 0.739387869835
        median: 0.758488059044
        min: -4.15604400635
        var: 1.77263665199
    barkbands_spread:
        dmean: 6.32181978226
        dmean2: 9.71366024017
        dvar: 44.8263435364
        dvar2: 94.5386581421
        max: 95.8063430786
        mean: 23.5233745575
        median: 21.4614067078
        min: 0.562436878681
        var: 140.087463379
    dissonance:
        dmean: 0.0209450609982
        dmean2: 0.0345457494259
        dvar: 0.000446163117886
        dvar2: 0.00114651815966
        max: 0.500000059605
        mean: 0.460485607386
        median: 0.468120187521
        min: 0.0189801640809
        var: 0.000996747170575
    hfc:
        dmean: 2.48803043365
        dmean2: 3.47143936157
        dvar: 42.0996246338
        dvar2: 82.528427124
        max: 91.7903137207
        mean: 4.7638220787
        median: 2.12217593193
        min: 3.76137805347e-008
        var: 92.168182373
    pitch:
        dmean: 551.79107666
        dmean2: 1042.40429688
        dvar: 1193506.125
        dvar2: 2836240.25
        max: 5954.31933594
        mean: 893.543518066
        median: 232.905441284
        min: 43.5899124146
        var: 1762532.125
    pitch_instantaneous_confidence:
        dmean: 0.0980795994401
        dmean2: 0.158608183265
        dvar: 0.00719325290993
        dvar2: 0.0169798340648
        max: 0.961167573929
        mean: 0.425146907568
        median: 0.391047120094
        min: 0.0223999619484
        var: 0.0273675583303
    pitch_salience:
        dmean: 0.0727455541492
        dmean2: 0.117427021265
        dvar: 0.00443410873413
        dvar2: 0.0113761192188
        max: 0.983462929726
        mean: 0.615022659302
        median: 0.630974054337
        min: 0.0935264527798
        var: 0.0147652309388
    silence_rate_20dB:
        dmean: 0
        dmean2: 0
        dvar: 0
        dvar2: 0
        max: 1
        mean: 1
        median: 1
        min: 1
        var: 0
    silence_rate_30dB:
        dmean: 0
        dmean2: 0
        dvar: 0
        dvar2: 0
        max: 1
        mean: 1
        median: 1
        min: 1
        var: 0
    silence_rate_60dB:
        dmean: 0.134753271937
        dmean2: 0.269534945488
        dvar: 0.116609983146
        dvar2: 0.230629354715
        max: 1
        mean: 0.654507100582
        median: 1
        min: 0
        var: 0.226133555174
    spectral_centroid:
        dmean: 311.209442139
        dmean2: 439.538330078
        dvar: 151864.015625
        dvar2: 252157.140625
        max: 5588.57568359
        mean: 1305.02954102
        median: 1060.61132813
        min: 91.6939926147
        var: 728669.6875
    spectral_complexity:
        dmean: 3.02678203583
        dmean2: 4.41147327423
        dvar: 26.2222156525
        dvar2: 46.7481575012
        max: 57
        mean: 8.41866111755
        median: 7
        min: 0
        var: 83.3495864868
    spectral_crest:
        dmean: 2.49589586258
        dmean2: 4.13935756683
        dvar: 4.88796234131
        dvar2: 12.5038156509
        max: 24.4598026276
        mean: 8.55277347565
        median: 7.72887516022
        min: 2.05169248581
        var: 13.1407165527
    spectral_decrease:
        dmean: 3.82290671341e-010
        dmean2: 6.04194638765e-010
        dvar: 4.21867721721e-019
        dvar2: 1.08736768929e-018
        max: -4.19983047564e-018
        mean: -7.56548879099e-010
        median: -5.20725185194e-010
        min: -6.5711200925e-009
        var: 6.64947746965e-019
    spectral_energy:
        dmean: 0.00165156705771
        dmean2: 0.00256298063323
        dvar: 8.44227452035e-006
        dvar2: 2.08563233173e-005
        max: 0.032929930836
        mean: 0.00328747392632
        median: 0.00218866043724
        min: 1.9262841322e-011
        var: 1.43046827361e-005
    spectral_energyband_high:
        dmean: 0.000151143380208
        dmean2: 0.000208492579986
        dvar: 2.27102006534e-007
        dvar2: 3.50056865273e-007
        max: 0.00768226385117
        mean: 0.000248740165262
        median: 2.852957914e-005
        min: 1.84713377406e-012
        var: 5.40337623534e-007
    spectral_energyband_low:
        dmean: 0.000388487271266
        dmean2: 0.000669656496029
        dvar: 9.91377078208e-007
        dvar2: 2.65866583504e-006
        max: 0.0112159149721
        mean: 0.000515068066306
        median: 4.86686039949e-005
        min: 9.24028757156e-013
        var: 1.06648428755e-006
    spectral_energyband_middle_high:
        dmean: 0.000634647032712
        dmean2: 0.000905533728655
        dvar: 2.31335457102e-006
        dvar2: 5.00334272147e-006
        max: 0.0205566287041
        mean: 0.00120851385873
        median: 0.000565726251807
        min: 1.26091264166e-011
        var: 4.65854736831e-006
    spectral_energyband_middle_low:
        dmean: 0.000969076121692
        dmean2: 0.001671105274
        dvar: 2.6813149816e-006
        dvar2: 8.09296579973e-006
        max: 0.0164663065225
        mean: 0.00141770183109
        median: 0.000928341236431
        min: 4.03103245228e-012
        var: 2.74180047199e-006
    spectral_flatness_db:
        dmean: 0.0229442510754
        dmean2: 0.0347231514752
        dvar: 0.000502470473293
        dvar2: 0.00101592729334
        max: 0.478143751621
        mean: 0.178574681282
        median: 0.173606902361
        min: 0.044065322727
        var: 0.00284621771425
    spectral_flux:
        dmean: 0.0106737483293
        dmean2: 0.0156001187861
        dvar: 0.000225358497119
        dvar2: 0.000474679662148
        max: 0.159573957324
        mean: 0.034826990217
        median: 0.0288530085236
        min: 4.38894539911e-006
        var: 0.000575548154302
    spectral_kurtosis:
        dmean: 2.6403837204
        dmean2: 4.21499967575
        dvar: 14.8154172897
        dvar2: 36.0608253479
        max: 156.583862305
        mean: 6.48011732101
        median: 5.30701494217
        min: -1.12883377075
        var: 41.6836929321
    spectral_rms:
        dmean: 0.000380990648409
        dmean2: 0.000567977200262
        dvar: 2.64868646127e-007
        dvar2: 6.26222288247e-007
        max: 0.0056680473499
        mean: 0.00156828272156
        median: 0.00146125920583
        min: 1.37087624807e-007
        var: 7.4779023862e-007
    spectral_rolloff:
        dmean: 606.846557617
        dmean2: 939.988586426
        dvar: 582905.25
        dvar2: 1107277.125
        max: 10206.7382813
        mean: 2299.98999023
        median: 2260.98632813
        min: 86.1328125
        var: 1993080.625
    spectral_skewness:
        dmean: 0.329465508461
        dmean2: 0.503042817116
        dvar: 0.132166698575
        dvar2: 0.290437757969
        max: 9.89311885834
        mean: 1.78142786026
        median: 1.76877582073
        min: -0.214856952429
        var: 0.496463119984
    spectral_spread:
        dmean: 849576.9375
        dmean2: 1175079.125
        dvar: 1.32379705344e+012
        dvar2: 2.22746352026e+012
        max: 15035533
        mean: 4447812.5
        median: 3682202.5
        min: 747344.125
        var: 4.69772900762e+012
    spectral_strongpeak:
        dmean: 0.252904713154
        dmean2: 0.426827728748
        dvar: 0.199192941189
        dvar2: 0.497757554054
        max: 6.20612716675
        mean: 0.394347012043
        median: 0.228565111756
        min: 0
        var: 0.301691949368
    zerocrossingrate:
        dmean: 0.0126064494252
        dmean2: 0.0131585691124
        dvar: 0.000180948554771
        dvar2: 0.000176381756319
        max: 0.26513671875
        mean: 0.0747434273362
        median: 0.06591796875
        min: 0.00146484375
        var: 0.00149165932089
    barkbands:
        dmean: [4.67003218318e-007, 0.000120075746963, 0.000264041358605, 0.000232203310588, 0.000325808301568, 0.000178275062353, 0.000207200282603, 0.000119060539873, 0.000168160855537, 6.80884331814e-005, 4.82079849462e-005, 3.5070857848e-005, 3.43321808032e-005, 3.61299753422e-005, 7.1080547059e-005, 8.36650433484e-005, 0.000130842381623, 0.000114561531518, 0.000182045914698, 0.000142325676279, 6.92322282703e-005, 2.63767997239e-005, 5.42410452908e-006, 2.50009566116e-006, 2.07872835745e-006, 7.27202333906e-008, 7.81729903032e-010]
        dmean2: [6.79710069562e-007, 0.000204111405765, 0.000483072391944, 0.000415694667026, 0.000571521115489, 0.000291395030217, 0.000348226749338, 0.000202308845473, 0.000286621740088, 0.000110273947939, 8.10952406027e-005, 5.67115712329e-005, 5.80571795581e-005, 5.90565578023e-005, 0.000116165698273, 0.000130442233058, 0.000199159985641, 0.000174854576471, 0.000290937896352, 0.000198814668693, 0.00010360966553, 3.57766730303e-005, 7.8691609815e-006, 3.55289921572e-006, 3.06399942929e-006, 9.64241166912e-008, 1.07958653128e-009]
        dvar: [7.14448411456e-013, 8.23973849151e-008, 4.68774885576e-007, 5.08903099217e-007, 7.05160687176e-007, 1.17446319337e-007, 1.69314631648e-007, 5.47581393562e-008, 2.23799588639e-007, 2.47807854237e-008, 9.02474006637e-009, 5.8414495463e-009, 5.30747179539e-009, 7.72270070115e-009, 2.51776430815e-008, 3.70626338508e-008, 1.03553603026e-007, 1.01659793472e-007, 3.4693388784e-007, 2.07537738106e-007, 4.56636932711e-008, 5.98388449902e-009, 2.45743647653e-010, 3.55390265827e-011, 1.80992564686e-011, 3.09963236718e-014, 3.7779315537e-018]
        dvar2: [1.75057125913e-012, 2.13763456713e-007, 1.38992811571e-006, 1.45651949879e-006, 2.04716570806e-006, 2.66678057415e-007, 4.42390245325e-007, 1.44545595049e-007, 6.21169704118e-007, 5.8527064084e-008, 2.33209380696e-008, 1.43354119686e-008, 1.3676761057e-008, 1.96022025278e-008, 6.1620426095e-008, 7.93211825112e-008, 2.39634346144e-007, 2.23599570859e-007, 8.92130003649e-007, 3.71986914161e-007, 9.30786328013e-008, 1.10912612428e-008, 5.32639765627e-010, 6.95453278299e-011, 3.49922556209e-011, 4.97262245215e-014, 6.29953209406e-018]
        max: [7.55746577852e-006, 0.00219331914559, 0.00639881100506, 0.00853013712913, 0.0120216840878, 0.00564234517515, 0.00711757410318, 0.00412304187194, 0.00583327095956, 0.00311276922002, 0.00201780931093, 0.00169093045406, 0.00129802734591, 0.00189157819841, 0.00228282692842, 0.00494884932414, 0.00669800303876, 0.00387855875306, 0.00695243198425, 0.00729330303147, 0.00342714902945, 0.00141403614543, 0.00022227964655, 9.02846513782e-005, 4.97315304528e-005, 1.81913787856e-006, 1.81582962e-008]
        mean: [9.54885422288e-007, 0.000192229796085, 0.000237433283473, 0.000207595599932, 0.000344157830114, 0.000258087733528, 0.000251648511039, 0.000137695242302, 0.000189063561265, 8.39724671096e-005, 5.99426712142e-005, 4.91302125738e-005, 4.24674581154e-005, 5.12907754455e-005, 9.45833235164e-005, 0.000124102516565, 0.00019668583991, 0.000164739292813, 0.00024043135636, 0.00020247932116, 0.000105699291453, 3.93378431909e-005, 7.42884776628e-006, 3.49607603312e-006, 2.72910074273e-006, 9.18222156088e-008, 9.92243287534e-010]
        median: [4.52949251439e-007, 1.47789705807e-005, 1.39855392263e-005, 3.76443676942e-005, 9.6851712442e-005, 0.00013533992751, 9.66921506915e-005, 4.78407855553e-005, 6.0795340687e-005, 2.6743633498e-005, 2.18095010496e-005, 2.18013701669e-005, 1.55813959282e-005, 1.61193711392e-005, 3.04098612105e-005, 3.1202849641e-005, 5.98428559897e-005, 4.83521835122e-005, 5.10579775437e-005, 3.14227836498e-005, 9.88948522718e-006, 4.23685105488e-006, 6.10866209172e-007, 2.91692799692e-007, 1.68241555798e-007, 3.86645471195e-009, 1.08346769057e-010]
        min: [2.37324842124e-014, 2.47603451414e-013, 2.6154038245e-013, 2.66484425672e-013, 6.63527446963e-013, 6.67452150407e-013, 6.44113180761e-013, 6.29572945426e-013, 9.07272087319e-013, 8.66017110454e-013, 8.76449357968e-013, 1.07465056819e-012, 1.11368715899e-012, 1.21441745549e-012, 1.33480975838e-012, 1.38552992864e-012, 1.45833106875e-012, 1.46353599812e-012, 1.37702728994e-012, 1.15310560579e-012, 8.07788460688e-013, 3.04806066454e-013, 4.18252434911e-014, 2.97533739725e-014, 4.07725475561e-014, 7.70702912026e-015, 1.00656999351e-014]
        var: [1.52018979002e-012, 1.45606080082e-007, 3.34432172622e-007, 3.58259285349e-007, 5.73124623315e-007, 1.61837306223e-007, 1.99147336843e-007, 6.22966993546e-008, 1.76714436861e-007, 3.38024186419e-008, 1.1238716624e-008, 8.19708301236e-009, 6.13608275302e-009, 1.10950590937e-008, 3.65332475383e-008, 7.79136541951e-008, 1.76006835773e-007, 1.62484838029e-007, 4.47504532985e-007, 4.35845720403e-007, 9.39330035976e-008, 1.29296058304e-008, 4.27964108596e-010, 7.27686660928e-011, 3.50226792012e-011, 5.75724296253e-014, 6.64858618254e-018]
    frequency_bands:
        dmean: [4.67003218318e-007, 0.000120075746963, 0.000264041358605, 0.000232203310588, 0.000325808301568, 0.000178275062353, 0.000207200282603, 0.000119060539873, 0.000168160855537, 6.80884331814e-005, 4.82079849462e-005, 3.5070857848e-005, 3.43321808032e-005, 3.61299753422e-005, 7.1080547059e-005, 8.36650433484e-005, 0.000130842381623, 0.000114561531518, 0.000182045914698, 0.000142325676279, 6.92322282703e-005, 2.63767997239e-005, 5.42410452908e-006, 2.50009566116e-006, 2.07872835745e-006, 7.27202333906e-008, 7.81729903032e-010, 4.00719041282e-011]
        dmean2: [6.79710069562e-007, 0.000204111405765, 0.000483072391944, 0.000415694667026, 0.000571521115489, 0.000291395030217, 0.000348226749338, 0.000202308845473, 0.000286621740088, 0.000110273947939, 8.10952406027e-005, 5.67115712329e-005, 5.80571795581e-005, 5.90565578023e-005, 0.000116165698273, 0.000130442233058, 0.000199159985641, 0.000174854576471, 0.000290937896352, 0.000198814668693, 0.00010360966553, 3.57766730303e-005, 7.8691609815e-006, 3.55289921572e-006, 3.06399942929e-006, 9.64241166912e-008, 1.07958653128e-009, 7.49111536691e-011]
        dvar: [7.14448411456e-013, 8.23973849151e-008, 4.68774885576e-007, 5.08903099217e-007, 7.05160687176e-007, 1.17446319337e-007, 1.69314631648e-007, 5.47581393562e-008, 2.23799588639e-007, 2.47807854237e-008, 9.02474006637e-009, 5.8414495463e-009, 5.30747179539e-009, 7.72270070115e-009, 2.51776430815e-008, 3.70626338508e-008, 1.03553603026e-007, 1.01659793472e-007, 3.4693388784e-007, 2.07537738106e-007, 4.56636932711e-008, 5.98388449902e-009, 2.45743647653e-010, 3.55390265827e-011, 1.80992564686e-011, 3.09963236718e-014, 3.7779315537e-018, 5.96832339656e-021]
        dvar2: [1.75057125913e-012, 2.13763456713e-007, 1.38992811571e-006, 1.45651949879e-006, 2.04716570806e-006, 2.66678057415e-007, 4.42390245325e-007, 1.44545595049e-007, 6.21169704118e-007, 5.8527064084e-008, 2.33209380696e-008, 1.43354119686e-008, 1.3676761057e-008, 1.96022025278e-008, 6.1620426095e-008, 7.93211825112e-008, 2.39634346144e-007, 2.23599570859e-007, 8.92130003649e-007, 3.71986914161e-007, 9.30786328013e-008, 1.10912612428e-008, 5.32639765627e-010, 6.95453278299e-011, 3.49922556209e-011, 4.97262245215e-014, 6.29953209406e-018, 1.96833249e-020]
        max: [7.55746577852e-006, 0.00219331914559, 0.00639881100506, 0.00853013712913, 0.0120216840878, 0.00564234517515, 0.00711757410318, 0.00412304187194, 0.00583327095956, 0.00311276922002, 0.00201780931093, 0.00169093045406, 0.00129802734591, 0.00189157819841, 0.00228282692842, 0.00494884932414, 0.00669800303876, 0.00387855875306, 0.00695243198425, 0.00729330303147, 0.00342714902945, 0.00141403614543, 0.00022227964655, 9.02846513782e-005, 4.97315304528e-005, 1.81913787856e-006, 1.81582962e-008, 1.17620180262e-009]
        mean: [9.54885422288e-007, 0.000192229796085, 0.000237433283473, 0.000207595599932, 0.000344157830114, 0.000258087733528, 0.000251648511039, 0.000137695242302, 0.000189063561265, 8.39724671096e-005, 5.99426712142e-005, 4.91302125738e-005, 4.24674581154e-005, 5.12907754455e-005, 9.45833235164e-005, 0.000124102516565, 0.00019668583991, 0.000164739292813, 0.00024043135636, 0.00020247932116, 0.000105699291453, 3.93378431909e-005, 7.42884776628e-006, 3.49607603312e-006, 2.72910074273e-006, 9.18222156088e-008, 9.92243287534e-010, 3.026362147e-011]
        median: [4.52949251439e-007, 1.47789705807e-005, 1.39855392263e-005, 3.76443676942e-005, 9.6851712442e-005, 0.00013533992751, 9.66921506915e-005, 4.78407855553e-005, 6.0795340687e-005, 2.6743633498e-005, 2.18095010496e-005, 2.18013701669e-005, 1.55813959282e-005, 1.61193711392e-005, 3.04098612105e-005, 3.1202849641e-005, 5.98428559897e-005, 4.83521835122e-005, 5.10579775437e-005, 3.14227836498e-005, 9.88948522718e-006, 4.23685105488e-006, 6.10866209172e-007, 2.91692799692e-007, 1.68241555798e-007, 3.86645471195e-009, 1.08346769057e-010, 8.11995436167e-012]
        min: [2.37324842124e-014, 2.47603451414e-013, 2.6154038245e-013, 2.66484425672e-013, 6.63527446963e-013, 6.67452150407e-013, 6.44113180761e-013, 6.29572945426e-013, 9.07272087319e-013, 8.66017110454e-013, 8.76449357968e-013, 1.07465056819e-012, 1.11368715899e-012, 1.21441745549e-012, 1.33480975838e-012, 1.38552992864e-012, 1.45833106875e-012, 1.46353599812e-012, 1.37702728994e-012, 1.15310560579e-012, 8.07788460688e-013, 3.04806066454e-013, 4.18252434911e-014, 2.97533739725e-014, 4.07725475561e-014, 7.70702912026e-015, 1.00656999351e-014, 1.22642107228e-017]
        var: [1.52018979002e-012, 1.45606080082e-007, 3.34432172622e-007, 3.58259285349e-007, 5.73124623315e-007, 1.61837306223e-007, 1.99147336843e-007, 6.22966993546e-008, 1.76714436861e-007, 3.38024186419e-008, 1.1238716624e-008, 8.19708301236e-009, 6.13608275302e-009, 1.10950590937e-008, 3.65332475383e-008, 7.79136541951e-008, 1.76006835773e-007, 1.62484838029e-007, 4.47504532985e-007, 4.35845720403e-007, 9.39330035976e-008, 1.29296058304e-008, 4.27964108596e-010, 7.27686660928e-011, 3.50226792012e-011, 5.75724296253e-014, 6.64858618254e-018, 4.29911977245e-021]
    mfcc:
        mean: [-773.129394531, 118.01423645, -45.9799346924, 39.9875679016, -11.816573143, -17.975818634, -8.52158546448, -8.5244102478, -1.65378713608, -8.70133304596, -3.65834903717, -6.94299125671, -3.07445120811]
        cov: [[6466.11132813, -117.476234436, 61.420879364, 796.304382324, -386.831329346, 224.316802979, -83.2057571411, -21.252872467, 123.207015991, 116.786361694, 131.760498047, -16.0003089905, 68.26978302], [-117.476234436, 2219.19604492, -107.895324707, 60.3998451233, 165.791183472, -23.6976051331, 113.780075073, 66.4227676392, 8.90780067444, 62.6109046936, 56.6501464844, 21.5199661255, 95.1833648682], [61.420879364, -107.895324707, 1004.67504883, 324.073364258, 184.943084717, 278.477844238, 159.371917725, 186.340408325, 133.13722229, 56.512638092, 64.4333190918, 111.289344788, 46.6738548279], [796.304382324, 60.3998451233, 324.073364258, 705.414855957, 158.576034546, 255.506271362, 150.544891357, 152.459701538, 175.086044312, 87.9837265015, 96.2127304077, 72.544960022, 79.3297195435], [-386.831329346, 165.791183472, 184.943084717, 158.576034546, 460.884429932, 114.326072693, 61.2619667053, 85.7164993286, 78.6307601929, 95.7568511963, 30.6716938019, 43.3859443665, 74.7585906982], [224.316802979, -23.6976051331, 278.477844238, 255.506271362, 114.326072693, 392.570373535, 190.162200928, 133.5831604, 117.759094238, 84.165512085, 106.774597168, 96.2408370972, 56.1883049011], [-83.2057571411, 113.780075073, 159.371917725, 150.544891357, 61.2619667053, 190.162200928, 280.400390625, 142.95854187, 112.451774597, 58.4277992249, 67.4902496338, 82.9422607422, 23.8777694702], [-21.252872467, 66.4227676392, 186.340408325, 152.459701538, 85.7164993286, 133.5831604, 142.95854187, 233.88470459, 120.674674988, 76.385559082, 59.2553443909, 61.2139854431, 49.9444084167], [123.207015991, 8.90780067444, 133.13722229, 175.086044312, 78.6307601929, 117.759094238, 112.451774597, 120.674674988, 189.879470825, 87.8748779297, 68.9574279785, 63.4529724121, 32.1660575867], [116.786361694, 62.6109046936, 56.512638092, 87.9837265015, 95.7568511963, 84.165512085, 58.4277992249, 76.385559082, 87.8748779297, 151.107055664, 70.3911056519, 48.5228385925, 36.4480323792], [131.760498047, 56.6501464844, 64.4333190918, 96.2127304077, 30.6716938019, 106.774597168, 67.4902496338, 59.2553443909, 68.9574279785, 70.3911056519, 123.016647339, 60.0667762756, 33.7298583984], [-16.0003089905, 21.5199661255, 111.289344788, 72.544960022, 43.3859443665, 96.2408370972, 82.9422607422, 61.2139854431, 63.4529724121, 48.5228385925, 60.0667762756, 121.411064148, 48.5580711365], [68.26978302, 95.1833648682, 46.6738548279, 79.3297195435, 74.7585906982, 56.1883049011, 23.8777694702, 49.9444084167, 32.1660575867, 36.4480323792, 33.7298583984, 48.5580711365, 107.217445374]]
        icov: [[0.000233418075368, -7.86354576121e-006, 8.68951701705e-006, -0.000332859024638, 0.000363734172424, -0.000127409599372, 0.000217902561417, 0.000145931247971, -3.3840584365e-005, -0.000294965720968, -1.54778826982e-005, 0.000182892516023, -0.000170038445503], [-7.86354576121e-006, 0.000520585977938, 7.49027531128e-005, -2.674121788e-005, -0.000186569275684, 0.000306284375256, -0.000436819012975, -2.69276315521e-005, 0.000261513923761, -5.97076905251e-005, -0.000307943380903, 0.000207780816709, -0.00044595260988], [8.68951701705e-006, 7.49027531128e-005, 0.00148510094732, -0.000357196724508, -0.000356479780748, -0.000637302349787, 0.000250688666711, -0.000765553326346, 2.9026363336e-005, 0.00046749424655, 0.000334610696882, -0.000907014822587, 0.000566977716517], [-0.000332859024638, -2.674121788e-005, -0.000357196724508, 0.00276961363852, -0.000685368664563, -0.000628584471997, -0.000327262911014, -0.000166047160747, -0.00140268879477, 0.000753270462155, -0.000371988920961, 0.000570824835449, -0.000677267962601], [0.000363734172424, -0.000186569275684, -0.000356479780748, -0.000685368664563, 0.00357082020491, -0.000563165347558, 0.000436389556853, 0.000306030357024, -0.000299837673083, -0.00210569635965, 0.00115508004092, 0.000635343953036, -0.00168344576377], [-0.000127409599372, 0.000306284375256, -0.000637302349787, -0.000628584471997, -0.000563165347558, 0.00561485765502, -0.00260015786625, 7.56141207603e-006, 0.000534287653863, -0.000131628432428, -0.00234534777701, -0.000408641906688, -0.000615207245573], [0.000217902561417, -0.000436819012975, 0.000250688666711, -0.000327262911014, 0.000436389556853, -0.00260015786625, 0.00777633255348, -0.00261387438513, -0.00140358402859, 0.000533260696102, 0.000357708253432, -0.00255883741193, 0.00221235048957], [0.000145931247971, -2.69276315521e-005, -0.000765553326346, -0.000166047160747, 0.000306030357024, 7.56141207603e-006, -0.00261387438513, 0.00861430447549, -0.00278425263241, -0.00145848339889, 0.000113967820653, 0.0011232990073, -0.00247435504571], [-3.3840584365e-005, 0.000261513923761, 2.9026363336e-005, -0.00140268879477, -0.000299837673083, 0.000534287653863, -0.00140358402859, -0.00278425263241, 0.0111970575526, -0.00309700844809, -0.00131453480572, -0.00163757847622, 0.00120201567188], [-0.000294965720968, -5.97076905251e-005, 0.00046749424655, 0.000753270462155, -0.00210569635965, -0.000131628432428, 0.000533260696102, -0.00145848339889, -0.00309700844809, 0.012268490158, -0.00433152215555, -0.000855194753967, 8.63037785166e-005], [-1.54778826982e-005, -0.000307943380903, 0.000334610696882, -0.000371988920961, 0.00115508004092, -0.00234534777701, 0.000357708253432, 0.000113967820653, -0.00131453480572, -0.00433152215555, 0.015069084242, -0.00373272667639, -0.000479489273857], [0.000182892516023, 0.000207780816709, -0.000907014822587, 0.000570824835449, 0.000635343953036, -0.000408641906688, -0.00255883741193, 0.0011232990073, -0.00163757847622, -0.000855194753967, -0.00373272667639, 0.0152147756889, -0.00544504402205], [-0.000170038445503, -0.00044595260988, 0.000566977716517, -0.000677267962601, -0.00168344576377, -0.000615207245573, 0.00221235048957, -0.00247435504571, 0.00120201567188, 8.63037785166e-005, -0.000479489273857, -0.00544504402205, 0.0144683364779]]
    sccoeffs:
        dmean: [0.0553913936019, 0.0519336499274, 0.0421925671399, 0.0340743176639, 0.0251338817179, 0.0242515671998]
        dmean2: [0.0926630198956, 0.0840473920107, 0.0691125839949, 0.0544523261487, 0.0393145643175, 0.0364600121975]
        dvar: [0.00261170137674, 0.00186918640975, 0.00127732288092, 0.0008988326299, 0.000532482285053, 0.000568473013118]
        dvar2: [0.00707416702062, 0.00462381355464, 0.00333391455933, 0.00203353865072, 0.0011695693247, 0.00113628350664]
        max: [-0.26918593049, -0.384909331799, -0.514811217785, -0.537976682186, -0.556113362312, -0.607184767723]
        mean: [-0.628919541836, -0.719288289547, -0.768681168556, -0.782929778099, -0.789553999901, -0.777227818966]
        median: [-0.638713717461, -0.724918544292, -0.775788664818, -0.792916536331, -0.796265482903, -0.779435515404]
        min: [-0.999296784401, -0.995584130287, -0.996105730534, -0.993784189224, -0.971407473087, -0.914386749268]
        var: [0.0133685944602, 0.00693122670054, 0.00415569357574, 0.00351553410292, 0.00206439639442, 0.00256570172496]
    scvalleys:
        dmean: [0.448729425669, 0.470919370651, 0.389398872852, 0.353321820498, 0.378124684095, 0.478931516409]
        dmean2: [0.690967798233, 0.744054198265, 0.607923150063, 0.542262196541, 0.531680583954, 0.62426251173]
        dvar: [0.193268403411, 0.243369951844, 0.168399229646, 0.143160805106, 0.193972095847, 0.318452447653]
        dvar2: [0.376279205084, 0.573860406876, 0.371424943209, 0.312764376402, 0.35566586256, 0.533265769482]
        max: [-4.93089151382, -4.31623029709, -5.39400339127, -5.60940885544, -5.16586256027, -7.57973384857]
        mean: [-7.94401454926, -6.97549581528, -7.64894151688, -7.80871677399, -7.86757135391, -10.4866065979]
        median: [-7.34231138229, -6.74684667587, -7.50142097473, -7.67406654358, -7.83898210526, -10.5392341614]
        min: [-15.1547746658, -14.8700857162, -14.8871736526, -14.9905662537, -15.5356521606, -17.9813461304]
        var: [3.4589471817, 1.35081291199, 1.05205142498, 0.924489140511, 1.14401745796, 1.93186175823]

rhythm:
    beats_loudness:
        dmean: 0.00939177628607
        dmean2: 0.0185938049108
        dvar: 1.9403953047e-005
        dvar2: 5.6562890677e-005
        max: 0.0275342017412
        mean: 0.0080502750352
        median: 0.00711038801819
        min: 4.40366375187e-006
        var: 3.48395369656e-005
    bpm: 75.1262893677
    bpm_confidence: 0
    first_peak_bpm: 75
    first_peak_spread: 0.0328466892242
    first_peak_weight: 0.967153310776
    onset_rate: 4.25068187714
    second_peak_bpm: 0
    second_peak_spread: 0
    second_peak_weight: 0
    beats_loudness_band_ratio:
        dmean: [0.288098722696, 0.195344537497, 0.121806330979, 0.0559162050486, 0.203521803021, 0.359962403774]
        dmean2: [0.554238200188, 0.377601861954, 0.230454027653, 0.102528579533, 0.379417300224, 0.686993420124]
        dvar: [0.0718328356743, 0.0149078145623, 0.0181537531316, 0.00428555347025, 0.00957297626883, 0.0241636540741]
        dvar2: [0.154970809817, 0.0440149344504, 0.0523324459791, 0.0107055269182, 0.0333011895418, 0.0842093452811]
        max: [0.971169829369, 0.902959764004, 0.728083610535, 0.528141081333, 0.875934004784, 0.948245942593]
        mean: [0.186521828175, 0.148030236363, 0.122403047979, 0.0592913888395, 0.206585839391, 0.31986579299]
        median: [0.0501387864351, 0.0852036997676, 0.0746538937092, 0.0347439236939, 0.245944723487, 0.39847651124]
        min: [2.9101245218e-006, 0.000100342462247, 0.000996610149741, 0.00183532887604, 0.000888727314305, 0.00012646408868]
        var: [0.0661851093173, 0.0221391823143, 0.0160566605628, 0.00488215358928, 0.0191129501909, 0.0548607967794]
    beats_position: [0.766258478165, 1.55573689938, 2.33360528946, 3.11147379875, 3.9125623703, 4.7020406723, 5.50312900543, 6.29260778427, 7.0936961174, 7.89478445053, 8.68426322937, 9.47374153137, 10.2399997711, 11.0062580109, 11.7725172043, 12.538775444, 13.3050336838, 14.0712919235, 14.8375511169, 15.6270294189, 16.4165077209, 17.2175960541, 18.0186843872, 18.8197727203, 19.6208610535, 20.4219493866, 21.2230377197, 22.0241260529, 22.825214386, 23.6263027191, 24.4273910522, 25.2284793854, 26.0295696259, 26.830657959, 27.6317462921, 28.4212245941, 29.2107028961, 30.0117912292, 30.8128795624, 31.6139678955, 32.4150543213, 33.2161445618, 34.0172348022, 34.818321228, 35.6194114685, 36.4204978943, 37.2215881348, 38.0226745605, 38.823764801, 39.6248512268, 40.4259414673, 41.2270278931, 42.0281181335, 42.8292045593, 43.6302947998, 44.4197731018, 45.2092514038, 46.0103378296, 46.8114280701, 47.6125144958, 48.4136047363, 49.2146911621, 50.0157814026, 50.8168716431, 51.6179580688, 52.4190483093, 53.2201347351, 54.0212249756, 54.8223114014, 55.6234016418, 56.4244880676, 57.2255783081, 58.0266647339, 58.8277549744, 59.6288414001, 60.4299316406, 61.2310180664, 62.0321083069, 62.8331947327, 63.6226730347, 64.4121551514, 65.2132415771, 66.0143280029, 66.8154220581, 67.6165084839, 68.4175949097, 69.2186813354, 70.0197753906, 70.8208618164, 71.6219482422, 72.423034668, 73.2241287231, 74.0252151489, 74.8263015747, 75.6273880005, 76.4284820557, 77.2295684814, 78.0306549072, 78.831741333, 79.6212234497, 80.4223098755, 81.2233963013, 82.012878418, 82.8139648438, 83.6150588989, 84.4161453247, 85.2172317505, 86.0183181763, 86.8194122314, 87.6204986572, 88.421585083, 89.2226715088, 90.023765564, 90.8248519897, 91.6259384155, 92.4270248413, 93.2281188965, 94.0175933838, 94.8186798096, 95.6197738647, 96.4208602905, 97.2103347778, 98.011428833, 98.8125152588, 99.6136016846, 100.41469574, 101.215782166, 102.016868591, 102.817955017, 103.619049072, 104.420135498, 105.232833862, 106.033920288, 106.823402405, 107.624488831, 108.425575256, 109.226661682, 110.027755737, 110.828842163, 111.629928589, 112.431015015, 113.23210907, 114.021583557, 114.822669983, 115.623764038, 116.424850464, 117.22593689, 118.027030945, 118.816505432, 119.617591858, 120.418685913, 121.219772339, 122.020858765, 122.82194519, 123.623039246, 124.424125671, 125.225212097, 126.026298523, 126.827392578, 127.628479004, 128.42956543, 129.230651855, 130.031738281, 130.821228027, 131.622314453, 132.423400879, 133.212875366, 134.013961792, 134.815048218, 135.616149902, 136.417236328, 137.218322754, 138.01940918, 138.820495605, 139.621582031, 140.422668457, 141.223754883, 142.024856567, 142.825942993, 143.627029419, 144.428115845, 145.229202271, 146.030288696, 146.819763184, 147.620864868, 148.421951294, 149.211425781, 150.012512207, 150.813598633, 151.614685059, 152.415786743, 153.216873169, 154.017959595, 154.819046021, 155.620132446, 156.421218872, 157.222305298, 158.023391724, 158.824493408, 159.625579834, 160.42666626, 161.227752686, 162.028839111, 162.829925537, 163.631011963, 164.420501709, 165.221588135, 166.022674561, 166.812149048, 167.613235474, 168.414321899, 169.215423584, 170.01651001, 170.817596436, 171.618682861, 172.419769287, 173.220855713, 174.021942139, 174.823028564, 175.624130249, 176.425216675, 177.226303101, 178.027389526, 178.828475952, 179.629562378, 180.430648804, 181.231735229, 182.032836914, 182.83392334, 183.623397827, 184.412872314, 185.21395874, 186.015060425, 186.816146851, 187.617233276, 188.418319702, 189.219406128, 190.020492554, 190.821578979, 191.622665405, 192.42376709, 193.224853516, 194.025939941, 194.827026367, 195.628112793, 196.41758728, 197.218673706, 198.008163452, 198.809249878, 199.610336304, 200.411422729, 201.224121094, 202.02520752, 202.826293945, 203.615783691, 204.416870117, 205.217956543, 206.019042969, 206.820129395, 207.62121582, 208.422302246, 209.223403931, 210.024490356, 210.825576782, 211.626663208, 212.427749634, 213.22883606, 214.029922485, 214.831008911, 215.620498657, 216.421585083, 217.222671509, 218.012145996, 218.813232422, 219.614334106]
    bpm_estimates: [75.9995422363, 77.1338729858, 77.1338577271, 74.8980865479, 75.9995574951, 74.898109436, 75.9995117188, 74.898109436, 74.898109436, 75.9995117188, 75.9995574951, 78.3025817871, 78.3025817871, 78.302482605, 78.3025817871, 78.3025817871, 78.3025817871, 78.302482605, 75.9995574951, 75.9995574951, 74.898109436, 74.898109436, 74.898109436, 74.898109436, 74.898109436, 74.898109436, 74.898109436, 74.898109436, 74.898109436, 74.898109436, 74.898109436, 74.8979263306, 74.898109436, 74.898109436, 75.9995574951, 75.9995574951, 74.898109436, 74.898109436, 74.898109436, 74.8982849121, 74.8979263306, 74.8979263306, 74.8982849121, 74.8979263306, 74.8982849121, 74.8979263306, 74.8982849121, 74.8979263306, 74.8982849121, 74.8979263306, 74.8982849121, 74.8979263306, 74.8982849121, 74.8979263306, 75.9995574951, 75.9995574951, 74.8982849121, 74.8979263306, 74.8982849121, 74.8979263306, 74.8982849121, 74.8979263306, 74.8979263306, 74.8982849121, 74.8979263306, 74.8982849121, 74.8979263306, 74.8982849121, 74.8979263306, 74.8982849121, 74.8979263306, 74.8982849121, 74.8979263306, 74.8982849121, 74.8979263306, 74.8982849121, 74.8979263306, 74.8982849121, 75.9995574951, 75.9991912842, 74.8982849121, 74.8982849121, 74.8975753784, 74.8982849121, 74.8982849121, 74.8982849121, 74.8975753784, 74.8982849121, 74.8982849121, 74.8982849121, 74.8975753784, 74.8982849121, 74.8982849121, 74.8982849121, 74.8975753784, 74.8982849121, 74.8982849121, 74.8982849121, 75.9991912842, 74.8982849121, 74.8982849121, 75.9991912842, 74.8982849121, 74.8975753784, 74.8982849121, 74.8982849121, 74.8982849121, 74.8975753784, 74.8982849121, 74.8982849121, 74.8982849121, 74.8975753784, 74.8982849121, 74.8982849121, 74.8982849121, 74.8975753784, 75.9999237061, 74.8982849121, 74.8975753784, 74.8982849121, 75.9999237061, 74.8975753784, 74.8982849121, 74.8982849121, 74.8975753784, 74.8982849121, 74.8982849121, 74.8982849121, 74.8975753784, 74.8982849121, 73.8281326294, 74.8982849121, 75.9991912842, 74.8982849121, 74.8982849121, 74.8982849121, 74.8975753784, 74.8982849121, 74.8982849121, 74.8982849121, 74.8975753784, 75.9999237061, 74.8982849121, 74.8975753784, 74.8982849121, 74.8982849121, 74.8975753784, 75.9999237061, 74.8982849121, 74.8975753784, 74.8982849121, 74.8982849121, 74.8982849121, 74.8975753784, 74.8982849121, 74.8982849121, 74.8982849121, 74.8975753784, 74.8982849121, 74.8982849121, 74.8982849121, 74.8982849121, 75.9984512329, 74.8982849121, 74.8982849121, 75.9999237061, 74.8982849121, 74.8982849121, 74.8968582153, 74.8982849121, 74.8982849121, 74.8982849121, 74.8982849121, 74.8982849121, 74.8982849121, 74.8982849121, 74.8968582153, 74.8982849121, 74.8982849121, 74.8982849121, 74.8982849121, 74.8982849121, 75.9999237061, 74.8968582153, 74.8982849121, 75.9999237061, 74.8982849121, 74.8982849121, 74.8982849121, 74.8968582153, 74.8982849121, 74.8982849121, 74.8982849121, 74.8982849121, 74.8982849121, 74.8982849121, 74.8982849121, 74.8968582153, 74.8982849121, 74.8982849121, 74.8982849121, 74.8982849121, 74.8982849121, 74.8982849121, 75.9984512329, 74.8982849121, 74.8982849121, 75.9999237061, 74.8982849121, 74.8982849121, 74.8968582153, 74.8982849121, 74.8982849121, 74.8982849121, 74.8982849121, 74.8982849121, 74.8982849121, 74.8982849121, 74.8968582153, 74.8982849121, 74.8982849121, 74.8982849121, 74.8982849121, 74.8982849121, 74.8982849121, 74.8982849121, 74.8968582153, 74.8982849121, 75.9999237061, 75.9999237061, 74.8982849121, 74.8968582153, 74.8982849121, 74.8982849121, 74.8982849121, 74.8982849121, 74.8982849121, 74.8982849121, 74.8982849121, 74.8968582153, 74.8982849121, 74.8982849121, 74.8982849121, 74.8982849121, 75.9999237061, 74.8982849121, 75.9984512329, 74.8982849121, 74.8982849121, 74.8982849121, 73.8281326294, 74.8982849121, 74.8982849121, 75.9984512329, 74.8982849121, 74.8982849121, 74.8982849121, 74.8982849121, 74.8982849121, 74.8982849121, 74.8968582153, 74.8982849121, 74.8982849121, 74.8982849121, 74.8982849121, 74.8982849121, 74.8982849121, 74.8982849121, 75.9984512329, 74.8982849121, 74.8982849121, 75.9999237061, 74.8982849121, 74.8968582153]
