
metadata:
    version:
        essentia: "2.1-beta2"
    audio_properties:
        analysis_sample_rate: 44100
        bitrate: 320
        channels: 2
        equal_loudness: 1
        length: 222.98399353
        replay_gain: -15.6053371429
        downmix: "mix"
    tags:
        album: "The Rising Tied"
        artist: "Fort Minor"
        comment: ""
        date: "2005"
        genre: "Alternative Hip-Hop"
        title: "Believe Me (feat Eric Bobo & Styles of Beyond)"
        tracknumber: "10"

configuration:
    average_loudness:
        compute: 1
        frameSize: 88200
        hopSize: 44100
        silentFrames: "noise"
        windowType: "hann"
    general:
        analysisSampleRate: 44100
        endTime: 2000
        equalLoudness: 1
        nequalLoudness: 0
        shortSound: 0
        startTime: 0
    lowlevel:
        compute: 1
        frameSize: 2048
        hopSize: 1024
        zeroPadding: 0
        silentFrames: "noise"
        windowType: "blackmanharris62"
        mfccStats: ["mean", "cov", "icov"]
        stats: ["mean", "var", "median", "min", "max", "dmean", "dmean2", "dvar", "dvar2"]
    panning:
        compute: 0
        frameSize: 8192
        hopSize: 2048
        zeroPadding: 8192
        silentFrames: "noise"
        windowType: "hann"
        stats: ["copy"]
    rhythm:
        compute: 1
        maxTempo: 208
        minTempo: 40
        method: "degara"
        stats: ["mean", "var", "median", "min", "max", "dmean", "dmean2", "dvar", "dvar2"]
    segmentation:
        compute: 0
        cpw: 5
        inc1: 300
        inc2: 50
        minimumSegmentsLength: 10
        size1: 1000
        size2: 600
    sfx:
        compute: 1
        stats: ["mean", "var", "median", "min", "max", "dmean", "dmean2", "dvar", "dvar2"]
    svm:
        compute: 0
    tonal:
        compute: 1
        frameSize: 4096
        hopSize: 2048
        zeroPadding: 0
        silentFrames: "noise"
        windowType: "blackmanharris62"
        stats: ["mean", "var", "median", "min", "max", "dmean", "dmean2", "dvar", "dvar2"]

lowlevel:
    average_loudness: 0.966383099556
    barkbands_kurtosis:
        dmean: 1.7283655405
        dmean2: 2.87676596642
        dvar: 7.83953237534
        dvar2: 21.1385288239
        max: 70.5615921021
        mean: 0.705291628838
        median: -0.654264986515
        min: -1.8990830183
        var: 14.1876573563
    barkbands_skewness:
        dmean: 0.647795915604
        dmean2: 1.02932417393
        dvar: 0.392816901207
        dvar2: 0.981938004494
        max: 6.7186832428
        mean: 0.731709361076
        median: 0.651861608028
        min: -3.91786050797
        var: 1.16482234001
    barkbands_spread:
        dmean: 7.70574045181
        dmean2: 12.2708072662
        dvar: 56.9275093079
        dvar2: 138.468338013
        max: 82.8626785278
        mean: 30.613079071
        median: 30.9795017242
        min: 0.958706915379
        var: 153.007965088
    dissonance:
        dmean: 0.0180392060429
        dmean2: 0.02931442298
        dvar: 0.000348200119333
        dvar2: 0.000849148025736
        max: 0.500000059605
        mean: 0.466072767973
        median: 0.474048912525
        min: 0
        var: 0.000811519043054
    hfc:
        dmean: 3.47712373734
        dmean2: 5.46930742264
        dvar: 29.7148551941
        dvar2: 72.0835494995
        max: 51.1892585754
        mean: 5.8810544014
        median: 3.34234023094
        min: 1.01573562006e-007
        var: 48.1460647583
    pitch:
        dmean: 927.57208252
        dmean2: 1771.37976074
        dvar: 2220357.5
        dvar2: 4965412.5
        max: 5757.72900391
        mean: 1246.44616699
        median: 263.93850708
        min: 54.7319297791
        var: 2781899.5
    pitch_instantaneous_confidence:
        dmean: 0.0953789874911
        dmean2: 0.155552595854
        dvar: 0.00719484966248
        dvar2: 0.0166638549417
        max: 0.941095709801
        mean: 0.381209939718
        median: 0.346285402775
        min: 0.0122436881065
        var: 0.0242052562535
    pitch_salience:
        dmean: 0.0734449401498
        dmean2: 0.121940247715
        dvar: 0.00382060720585
        dvar2: 0.0103852236643
        max: 0.98477178812
        mean: 0.638842642307
        median: 0.649035155773
        min: 0.17998059094
        var: 0.00970741827041
    silence_rate_20dB:
        dmean: 0
        dmean2: 0
        dvar: 0
        dvar2: 0
        max: 1
        mean: 1
        median: 1
        min: 1
        var: 0
    silence_rate_30dB:
        dmean: 0
        dmean2: 0
        dvar: 0
        dvar2: 0
        max: 1
        mean: 1
        median: 1
        min: 1
        var: 0
    silence_rate_60dB:
        dmean: 0.189712613821
        dmean2: 0.379464745522
        dvar: 0.1537322402
        dvar2: 0.271090477705
        max: 1
        mean: 0.504112422466
        median: 1
        min: 0
        var: 0.249977305532
    spectral_centroid:
        dmean: 416.94909668
        dmean2: 650.453613281
        dvar: 201043.8125
        dvar2: 439988.1875
        max: 4821.47460938
        mean: 1351.32324219
        median: 1168.02319336
        min: 207.735534668
        var: 577980.75
    spectral_complexity:
        dmean: 4.4812579155
        dmean2: 6.71602630615
        dvar: 37.69323349
        dvar2: 73.2660598755
        max: 55
        mean: 10.835606575
        median: 8
        min: 0
        var: 105.805107117
    spectral_crest:
        dmean: 2.42862224579
        dmean2: 4.05875062943
        dvar: 4.47128295898
        dvar2: 11.9262485504
        max: 24.6289958954
        mean: 7.71830034256
        median: 7.02239561081
        min: 2.01642131805
        var: 10.922955513
    spectral_decrease:
        dmean: 4.0953213043e-010
        dmean2: 6.73893330028e-010
        dvar: 3.66814069817e-019
        dvar2: 9.45276154631e-019
        max: -1.92232274495e-017
        mean: -8.62877713725e-010
        median: -6.92722046391e-010
        min: -5.06656228083e-009
        var: 5.14973646355e-019
    spectral_energy:
        dmean: 0.00182516756468
        dmean2: 0.00297343661077
        dvar: 7.12366136213e-006
        dvar2: 1.81046234502e-005
        max: 0.0227782856673
        mean: 0.00379011966288
        median: 0.00297366618179
        min: 8.17660245067e-011
        var: 1.04295640995e-005
    spectral_energyband_high:
        dmean: 0.000351314869476
        dmean2: 0.000538452761248
        dvar: 3.10888623289e-007
        dvar2: 6.7706577056e-007
        max: 0.00800700392574
        mean: 0.000469587830594
        median: 0.000136271090014
        min: 5.85083717586e-012
        var: 5.27877489276e-007
    spectral_energyband_low:
        dmean: 0.000397639319999
        dmean2: 0.000718671886716
        dvar: 6.98206179095e-007
        dvar2: 1.97373651645e-006
        max: 0.00770591152832
        mean: 0.000517704407685
        median: 0.000278070685454
        min: 1.25598949643e-011
        var: 6.3104715764e-007
    spectral_energyband_middle_high:
        dmean: 0.000689526670612
        dmean2: 0.0011131206993
        dvar: 1.36942662721e-006
        dvar2: 3.57884800906e-006
        max: 0.0115840146318
        mean: 0.00128204911016
        median: 0.000750713807065
        min: 2.37139665543e-011
        var: 2.15434465645e-006
    spectral_energyband_middle_low:
        dmean: 0.000985663966276
        dmean2: 0.00168251246214
        dvar: 2.10293592318e-006
        dvar2: 5.60793068871e-006
        max: 0.0110890874639
        mean: 0.00177037378307
        median: 0.00134451850317
        min: 3.42084138794e-011
        var: 2.54224642049e-006
    spectral_flatness_db:
        dmean: 0.0185792781413
        dmean2: 0.0299648828804
        dvar: 0.000292841432383
        dvar2: 0.000723184668459
        max: 0.380575716496
        mean: 0.152111023664
        median: 0.144858345389
        min: 0.0343218967319
        var: 0.0013627759181
    spectral_flux:
        dmean: 0.011879847385
        dmean2: 0.0182692017406
        dvar: 0.000220492700464
        dvar2: 0.000464505836135
        max: 0.136322885752
        mean: 0.0387022979558
        median: 0.0361245684326
        min: 1.58096954692e-005
        var: 0.000459902221337
    spectral_kurtosis:
        dmean: 1.4015390873
        dmean2: 2.30543041229
        dvar: 4.06160926819
        dvar2: 11.520485878
        max: 48.3403511047
        mean: 3.26524615288
        median: 2.4085316658
        min: -0.825899302959
        var: 13.5983390808
    spectral_rms:
        dmean: 0.000427457707701
        dmean2: 0.000669224420562
        dvar: 2.76077997796e-007
        dvar2: 6.50567812954e-007
        max: 0.00471409782767
        mean: 0.0017536560772
        median: 0.00170327269007
        min: 2.82438890054e-007
        var: 6.22366314929e-007
    spectral_rolloff:
        dmean: 786.784240723
        dmean2: 1266.84375
        dvar: 803034.25
        dvar2: 1868067.75
        max: 6912.15820313
        mean: 2654.78881836
        median: 2648.58398438
        min: 150.732421875
        var: 2082296.625
    spectral_skewness:
        dmean: 0.262966156006
        dmean2: 0.401867479086
        dvar: 0.0622514039278
        dvar2: 0.148712038994
        max: 5.24687385559
        mean: 1.27172267437
        median: 1.20999836922
        min: -0.155747845769
        var: 0.301084339619
    spectral_spread:
        dmean: 512596.28125
        dmean2: 763308.0625
        dvar: 424822439936
        dvar2: 855878860800
        max: 22611416
        mean: 4671545
        median: 4569813
        min: 1280292
        var: 1.56153439846e+012
    spectral_strongpeak:
        dmean: 0.276703447104
        dmean2: 0.475499600172
        dvar: 0.22314247489
        dvar2: 0.531618416309
        max: 4.64737319946
        mean: 0.389465004206
        median: 0.18938203156
        min: 0
        var: 0.303731530905
    zerocrossingrate:
        dmean: 0.012829025276
        dmean2: 0.0142247825861
        dvar: 0.000151651591295
        dvar2: 0.000163204022101
        max: 0.2353515625
        mean: 0.0803828909993
        median: 0.07470703125
        min: 0.00390625
        var: 0.00114148645662
    barkbands:
        dmean: [9.97041752271e-007, 5.64601214137e-005, 0.000197993926122, 0.000399015989387, 0.000392213347368, 0.00023226418125, 0.000165992809343, 0.000124118596432, 0.000118927055155, 7.04115154804e-005, 6.68570282869e-005, 6.19170168648e-005, 4.35669608123e-005, 4.18226554757e-005, 6.16642792011e-005, 8.2084989117e-005, 0.000107241095975, 0.000103001912066, 0.000198894922505, 0.000238341643126, 0.00016208118177, 6.34212192381e-005, 1.01339564935e-005, 2.74722333415e-006, 1.32610466608e-006, 2.32070913597e-008, 3.92457899512e-010]
        dmean2: [1.42035571571e-006, 8.8691682322e-005, 0.000352764473064, 0.000739936134778, 0.000682128767949, 0.000376752286684, 0.000277063605608, 0.000204154363018, 0.000181976662134, 0.000115525355795, 0.000110534492705, 0.000100934288639, 6.9611989602e-005, 6.77702191751e-005, 0.000100774894236, 0.000131363791297, 0.000175570618012, 0.000177113048267, 0.00034338523983, 0.000384634418879, 0.000252857164014, 9.74325594143e-005, 1.56328460434e-005, 4.00462840844e-006, 1.97254394152e-006, 3.45736808072e-008, 5.9165988775e-010]
        dvar: [2.25426686866e-012, 1.14769305171e-008, 1.81807337185e-007, 6.18869250957e-007, 4.39798611751e-007, 1.18268850713e-007, 1.155509608e-007, 5.67898901238e-008, 6.03063128324e-008, 2.72646865085e-008, 2.28163230531e-008, 1.56143258323e-008, 8.01799338035e-009, 6.32636965037e-009, 1.6103843592e-008, 2.40505073634e-008, 3.15797095141e-008, 3.95416215326e-008, 1.88349503105e-007, 1.50890727468e-007, 8.02600865768e-008, 1.42927731872e-008, 3.48602258171e-010, 2.71334777563e-011, 1.30136283694e-011, 4.59997589742e-015, 9.33718270125e-019]
        dvar2: [4.68488355748e-012, 2.83532166634e-008, 4.98496035561e-007, 1.83602696779e-006, 1.22757353438e-006, 2.91849772793e-007, 2.84299318309e-007, 1.40986429642e-007, 1.38163002816e-007, 6.37775841028e-008, 5.73636960155e-008, 3.92842629537e-008, 1.88699367243e-008, 1.55124695311e-008, 3.93327326265e-008, 5.55850476758e-008, 7.48145225771e-008, 1.06183755122e-007, 5.19984780567e-007, 3.52895938249e-007, 1.80966594598e-007, 3.53955833532e-008, 7.4644268544e-010, 5.22634609201e-011, 2.9087869266e-011, 8.66907135406e-015, 1.90554413068e-018]
        max: [1.85867465916e-005, 0.0012372424826, 0.00384824536741, 0.00614270754158, 0.00649645691738, 0.00593985803425, 0.0052924011834, 0.00339372223243, 0.00348520907573, 0.00294994772412, 0.0021755003836, 0.0018736703787, 0.00165587197989, 0.00121470307931, 0.0029117227532, 0.00270415702835, 0.00419906340539, 0.00221659080125, 0.00379531248473, 0.00532880285755, 0.00411851005629, 0.00190038618166, 0.00034952480928, 0.000111040884804, 6.44872779958e-005, 3.61699335372e-006, 2.49706921807e-008]
        mean: [2.02310275199e-006, 9.4160248409e-005, 0.000220158166485, 0.000361887941835, 0.000515069288667, 0.000319388491334, 0.000190355916857, 0.000154207416927, 0.000179602269782, 9.67599480646e-005, 8.70946023497e-005, 9.14552729228e-005, 6.38736091787e-005, 5.70191368752e-005, 8.58585481183e-005, 0.000135950016556, 0.000164533426869, 0.000144684250699, 0.000224245348363, 0.00030140997842, 0.000205652540899, 7.48071615817e-005, 1.40402435136e-005, 4.0471718421e-006, 1.80949336936e-006, 3.17042037068e-008, 4.95940899459e-010]
        median: [4.79716561586e-007, 3.26943518303e-005, 9.80954137049e-005, 0.000131319509819, 0.0002842170652, 0.000168567989022, 7.0408663305e-005, 6.04507222306e-005, 5.04058589286e-005, 3.41918675986e-005, 2.64135469479e-005, 3.34965152433e-005, 1.94058047782e-005, 2.21041391342e-005, 3.15910911013e-005, 4.89584599563e-005, 6.36636759737e-005, 5.577376578e-005, 7.69116086303e-005, 9.12557734409e-005, 5.95456949668e-005, 1.89800266526e-005, 3.35497202286e-006, 1.14182694233e-006, 2.8438080335e-007, 6.29421093024e-009, 1.36623892755e-010]
        min: [2.06922868597e-012, 5.36285078845e-012, 3.60846855868e-012, 2.97574855382e-012, 3.37642197187e-012, 2.86017693904e-012, 6.600416394e-012, 8.56569589563e-012, 8.50895135601e-012, 3.20365088624e-012, 1.13342397533e-012, 1.16708303178e-012, 1.4626547586e-012, 8.40992802741e-013, 1.29822693394e-013, 2.94543272964e-014, 4.86492530288e-012, 9.02322314089e-012, 1.50656787393e-012, 3.47673539264e-012, 2.2001278837e-012, 6.9842569228e-013, 1.72811919397e-013, 8.24472800687e-014, 5.94543674275e-014, 1.92454305124e-014, 1.63172748832e-014]
        var: [7.53590332497e-012, 1.82051405062e-008, 1.52573804257e-007, 4.47740177378e-007, 4.44501353059e-007, 1.81091792228e-007, 1.29627920842e-007, 6.83948329083e-008, 1.21297546229e-007, 4.73355044051e-008, 3.16524015886e-008, 2.36640484985e-008, 1.33232953559e-008, 9.58317780686e-009, 2.30018510905e-008, 5.89233835058e-008, 6.17521678237e-008, 5.0794646711e-008, 1.62005406423e-007, 2.26603418696e-007, 1.19070463711e-007, 1.82658030923e-008, 6.74501787756e-010, 6.21326948225e-011, 2.50945549063e-011, 1.05549783527e-014, 1.52722408194e-018]
    frequency_bands:
        dmean: [9.97041752271e-007, 5.64601214137e-005, 0.000197993926122, 0.000399015989387, 0.000392213347368, 0.00023226418125, 0.000165992809343, 0.000124118596432, 0.000118927055155, 7.04115154804e-005, 6.68570282869e-005, 6.19170168648e-005, 4.35669608123e-005, 4.18226554757e-005, 6.16642792011e-005, 8.2084989117e-005, 0.000107241095975, 0.000103001912066, 0.000198894922505, 0.000238341643126, 0.00016208118177, 6.34212192381e-005, 1.01339564935e-005, 2.74722333415e-006, 1.32610466608e-006, 2.32070913597e-008, 3.92457899512e-010, 4.2512458831e-011]
        dmean2: [1.42035571571e-006, 8.8691682322e-005, 0.000352764473064, 0.000739936134778, 0.000682128767949, 0.000376752286684, 0.000277063605608, 0.000204154363018, 0.000181976662134, 0.000115525355795, 0.000110534492705, 0.000100934288639, 6.9611989602e-005, 6.77702191751e-005, 0.000100774894236, 0.000131363791297, 0.000175570618012, 0.000177113048267, 0.00034338523983, 0.000384634418879, 0.000252857164014, 9.74325594143e-005, 1.56328460434e-005, 4.00462840844e-006, 1.97254394152e-006, 3.45736808072e-008, 5.9165988775e-010, 7.8996365005e-011]
        dvar: [2.25426686866e-012, 1.14769305171e-008, 1.81807337185e-007, 6.18869250957e-007, 4.39798611751e-007, 1.18268850713e-007, 1.155509608e-007, 5.67898901238e-008, 6.03063128324e-008, 2.72646865085e-008, 2.28163230531e-008, 1.56143258323e-008, 8.01799338035e-009, 6.32636965037e-009, 1.6103843592e-008, 2.40505073634e-008, 3.15797095141e-008, 3.95416215326e-008, 1.88349503105e-007, 1.50890727468e-007, 8.02600865768e-008, 1.42927731872e-008, 3.48602258171e-010, 2.71334777563e-011, 1.30136283694e-011, 4.59997589742e-015, 9.33718270125e-019, 4.75887386549e-021]
        dvar2: [4.68488355748e-012, 2.83532166634e-008, 4.98496035561e-007, 1.83602696779e-006, 1.22757353438e-006, 2.91849772793e-007, 2.84299318309e-007, 1.40986429642e-007, 1.38163002816e-007, 6.37775841028e-008, 5.73636960155e-008, 3.92842629537e-008, 1.88699367243e-008, 1.55124695311e-008, 3.93327326265e-008, 5.55850476758e-008, 7.48145225771e-008, 1.06183755122e-007, 5.19984780567e-007, 3.52895938249e-007, 1.80966594598e-007, 3.53955833532e-008, 7.4644268544e-010, 5.22634609201e-011, 2.9087869266e-011, 8.66907135406e-015, 1.90554413068e-018, 1.52425734698e-020]
        max: [1.85867465916e-005, 0.0012372424826, 0.00384824536741, 0.00614270754158, 0.00649645691738, 0.00593985803425, 0.0052924011834, 0.00339372223243, 0.00348520907573, 0.00294994772412, 0.0021755003836, 0.0018736703787, 0.00165587197989, 0.00121470307931, 0.0029117227532, 0.00270415702835, 0.00419906340539, 0.00221659080125, 0.00379531248473, 0.00532880285755, 0.00411851005629, 0.00190038618166, 0.00034952480928, 0.000111040884804, 6.44872779958e-005, 3.61699335372e-006, 2.49706921807e-008, 1.03698649667e-009]
        mean: [2.02310275199e-006, 9.4160248409e-005, 0.000220158166485, 0.000361887941835, 0.000515069288667, 0.000319388491334, 0.000190355916857, 0.000154207416927, 0.000179602269782, 9.67599480646e-005, 8.70946023497e-005, 9.14552729228e-005, 6.38736091787e-005, 5.70191368752e-005, 8.58585481183e-005, 0.000135950016556, 0.000164533426869, 0.000144684250699, 0.000224245348363, 0.00030140997842, 0.000205652540899, 7.48071615817e-005, 1.40402435136e-005, 4.0471718421e-006, 1.80949336936e-006, 3.17042037068e-008, 4.95940899459e-010, 3.24354154646e-011]
        median: [4.79716561586e-007, 3.26943518303e-005, 9.80954137049e-005, 0.000131319509819, 0.0002842170652, 0.000168567989022, 7.0408663305e-005, 6.04507222306e-005, 5.04058589286e-005, 3.41918675986e-005, 2.64135469479e-005, 3.34965152433e-005, 1.94058047782e-005, 2.21041391342e-005, 3.15910911013e-005, 4.89584599563e-005, 6.36636759737e-005, 5.577376578e-005, 7.69116086303e-005, 9.12557734409e-005, 5.95456949668e-005, 1.89800266526e-005, 3.35497202286e-006, 1.14182694233e-006, 2.8438080335e-007, 6.29421093024e-009, 1.36623892755e-010, 1.02304041974e-011]
        min: [2.06922868597e-012, 5.36285078845e-012, 3.60846855868e-012, 2.97574855382e-012, 3.37642197187e-012, 2.86017693904e-012, 6.600416394e-012, 8.56569589563e-012, 8.50895135601e-012, 3.20365088624e-012, 1.13342397533e-012, 1.16708303178e-012, 1.4626547586e-012, 8.40992802741e-013, 1.29822693394e-013, 2.94543272964e-014, 4.86492530288e-012, 9.02322314089e-012, 1.50656787393e-012, 3.47673539264e-012, 2.2001278837e-012, 6.9842569228e-013, 1.72811919397e-013, 8.24472800687e-014, 5.94543674275e-014, 1.92454305124e-014, 1.63172748832e-014, 1.69019750166e-017]
        var: [7.53590332497e-012, 1.82051405062e-008, 1.52573804257e-007, 4.47740177378e-007, 4.44501353059e-007, 1.81091792228e-007, 1.29627920842e-007, 6.83948329083e-008, 1.21297546229e-007, 4.73355044051e-008, 3.16524015886e-008, 2.36640484985e-008, 1.33232953559e-008, 9.58317780686e-009, 2.30018510905e-008, 5.89233835058e-008, 6.17521678237e-008, 5.0794646711e-008, 1.62005406423e-007, 2.26603418696e-007, 1.19070463711e-007, 1.82658030923e-008, 6.74501787756e-010, 6.21326948225e-011, 2.50945549063e-011, 1.05549783527e-014, 1.52722408194e-018, 3.60191354872e-021]
    mfcc:
        mean: [-735.648193359, 109.234893799, -31.9228649139, 54.7400894165, -20.0323066711, 0.0582096464932, -7.17418813705, -6.22682762146, -4.42562675476, -8.56927967072, -8.30864238739, -4.92496442795, -3.50417995453]
        cov: [[5744.85351563, -964.81652832, -621.453552246, 326.313415527, -439.888793945, 246.466445923, -195.973648071, -147.565307617, -5.88084125519, -87.5232620239, -95.9184494019, -23.8762340546, -38.8276786804], [-964.81652832, 964.452819824, -68.8947906494, -125.220848083, 90.5524291992, -37.3156776428, 59.0143623352, 84.8969497681, 74.7001190186, 63.89320755, 70.0167312622, 33.3354759216, 4.07223081589], [-621.453552246, -68.8947906494, 560.126342773, 155.420974731, 96.8926849365, 97.525352478, 103.86781311, 78.2763900757, 43.4122810364, 46.4117126465, 33.0882225037, 15.8596057892, 20.0718860626], [326.313415527, -125.220848083, 155.420974731, 503.423370361, 82.378868103, 174.41178894, 36.3403015137, 61.6624069214, 48.9099464417, 30.2600383759, -4.21173143387, 3.97091007233, 28.791103363], [-439.888793945, 90.5524291992, 96.8926849365, 82.378868103, 260.316741943, 14.5526485443, 15.2779932022, 22.7073173523, 54.0641708374, 35.735080719, 18.4533977509, 7.99101114273, 27.8888378143], [246.466445923, -37.3156776428, 97.525352478, 174.41178894, 14.5526485443, 209.326202393, 89.5354995728, 59.912612915, 35.7923622131, 33.1660003662, 20.6939029694, 10.057299614, 0.68276321888], [-195.973648071, 59.0143623352, 103.86781311, 36.3403015137, 15.2779932022, 89.5354995728, 168.988967896, 78.3933944702, 36.8048858643, 13.4752244949, 34.9706611633, 9.7985534668, 2.30786013603], [-147.565307617, 84.8969497681, 78.2763900757, 61.6624069214, 22.7073173523, 59.912612915, 78.3933944702, 118.759277344, 59.3214950562, 30.9947605133, 20.9198913574, 11.5374002457, 7.96929836273], [-5.88084125519, 74.7001190186, 43.4122810364, 48.9099464417, 54.0641708374, 35.7923622131, 36.8048858643, 59.3214950562, 126.623100281, 56.9541854858, 29.1161594391, 14.9002771378, 5.83447980881], [-87.5232620239, 63.89320755, 46.4117126465, 30.2600383759, 35.735080719, 33.1660003662, 13.4752244949, 30.9947605133, 56.9541854858, 90.7570343018, 41.0566864014, 16.4037342072, -0.471501350403], [-95.9184494019, 70.0167312622, 33.0882225037, -4.21173143387, 18.4533977509, 20.6939029694, 34.9706611633, 20.9198913574, 29.1161594391, 41.0566864014, 81.294631958, 27.8018016815, 6.30172538757], [-23.8762340546, 33.3354759216, 15.8596057892, 3.97091007233, 7.99101114273, 10.057299614, 9.7985534668, 11.5374002457, 14.9002771378, 16.4037342072, 27.8018016815, 63.8204994202, 24.6347503662], [-38.8276786804, 4.07223081589, 20.0718860626, 28.791103363, 27.8888378143, 0.68276321888, 2.30786013603, 7.96929836273, 5.83447980881, -0.471501350403, 6.30172538757, 24.6347503662, 56.0636901855]]
        icov: [[0.000371970556444, 0.000295991980238, 0.000443008146249, -0.00017863753601, 0.000503737479448, -0.000662315578666, 0.000411559303757, 0.000273664161796, -0.000629985472187, 0.000332666386385, -0.000117199837405, -6.59709403408e-005, -1.85928183782e-005], [0.000295991980238, 0.00160359113943, 0.000726359547116, 0.000202350827749, -0.00014428285067, -0.000137390758027, 5.94952653046e-005, -0.000866663816851, -0.000487638550112, -0.000218256813241, -0.000662602658849, -0.000349686481059, 0.000195785352844], [0.000443008146249, 0.000726359547116, 0.00295449537225, -0.000592197233345, -0.000138330826303, -0.000683043792378, -0.000677225645632, -0.000476633780636, -0.000169908584212, -0.000555581005756, -0.000286919152131, -0.00021649125847, -0.00018644730153], [-0.00017863753601, 0.000202350827749, -0.000592197233345, 0.00355400564149, -0.000990422209725, -0.00263627618551, 0.00120349938516, -0.00111912877765, -0.000119766307762, 2.87664188363e-005, 0.000637718185317, 0.000610880379099, -0.00144460285082], [0.000503737479448, -0.00014428285067, -0.000138330826303, -0.000990422209725, 0.00575949857011, -0.000304973189486, 0.000463307340397, 0.00150448735803, -0.00251364079304, -0.000266712333541, -0.000216443411773, 0.000992375193164, -0.00232915370725], [-0.000662315578666, -0.000137390758027, -0.000683043792378, -0.00263627618551, -0.000304973189486, 0.0107415728271, -0.00508962385356, -0.00104040990118, 0.00168353167828, -0.00306868762709, 0.000417419505538, -0.00097248289967, 0.00170735188294], [0.000411559303757, 5.94952653046e-005, -0.000677225645632, 0.00120349938516, 0.000463307340397, -0.00508962385356, 0.0123575255275, -0.00527908001095, -0.00130416604225, 0.00446079578251, -0.00409609545022, 0.000871248426847, 0.000229161567404], [0.000273664161796, -0.000866663816851, -0.000476633780636, -0.00111912877765, 0.00150448735803, -0.00104040990118, -0.00527908001095, 0.016775034368, -0.00539477681741, -0.00103123753797, 0.00170146021992, -0.000149472849444, -0.00147791649215], [-0.000629985472187, -0.000487638550112, -0.000169908584212, -0.000119766307762, -0.00251364079304, 0.00168353167828, -0.00130416604225, -0.00539477681741, 0.0149618675932, -0.00711215985939, 0.000250741461059, -0.000637898105197, 0.000407130370149], [0.000332666386385, -0.000218256813241, -0.000555581005756, 2.87664188363e-005, -0.000266712333541, -0.00306868762709, 0.00446079578251, -0.00103123753797, -0.00711215985939, 0.0209106616676, -0.00790762901306, -0.000951707130298, 0.00278643029742], [-0.000117199837405, -0.000662602658849, -0.000286919152131, 0.000637718185317, -0.000216443411773, 0.000417419505538, -0.00409609545022, 0.00170146021992, 0.000250741461059, -0.00790762901306, 0.0201840139925, -0.00626519601792, 0.000163157601492], [-6.59709403408e-005, -0.000349686481059, -0.00021649125847, 0.000610880379099, 0.000992375193164, -0.00097248289967, 0.000871248426847, -0.000149472849444, -0.000637898105197, -0.000951707130298, -0.00626519601792, 0.022741207853, -0.00998295191675], [-1.85928183782e-005, 0.000195785352844, -0.00018644730153, -0.00144460285082, -0.00232915370725, 0.00170735188294, 0.000229161567404, -0.00147791649215, 0.000407130370149, 0.00278643029742, 0.000163157601492, -0.00998295191675, 0.0243061669171]]
    sccoeffs:
        dmean: [0.0656637698412, 0.0532226078212, 0.0394194275141, 0.0324666500092, 0.0233928803355, 0.0251301396638]
        dmean2: [0.112377680838, 0.0869717746973, 0.0624586492777, 0.0520491935313, 0.0376163460314, 0.0386552996933]
        dvar: [0.00306606991217, 0.00180600350723, 0.00101944874041, 0.000759396993089, 0.000423808873165, 0.000499458634295]
        dvar2: [0.00845761690289, 0.00466924207285, 0.00242198933847, 0.00182986992877, 0.00101079139858, 0.00115621695295]
        max: [-0.307067036629, -0.414465010166, -0.504914700985, -0.524304389954, -0.614283978939, -0.589279949665]
        mean: [-0.652312815189, -0.738967001438, -0.785780012608, -0.794439554214, -0.817963182926, -0.729479372501]
        median: [-0.658563196659, -0.743772208691, -0.79686409235, -0.801010847092, -0.820831418037, -0.725734055042]
        min: [-0.999685943127, -0.99874407053, -0.997497320175, -0.993728399277, -0.967167019844, -0.923864722252]
        var: [0.00840418506414, 0.00459085311741, 0.00431739212945, 0.00270110461861, 0.00118167838082, 0.0019200979732]
    scvalleys:
        dmean: [0.436393380165, 0.447773724794, 0.40425080061, 0.374394893646, 0.385783076286, 0.434004604816]
        dmean2: [0.697414338589, 0.718917310238, 0.643269360065, 0.576787531376, 0.571890115738, 0.575968205929]
        dvar: [0.138595297933, 0.175741329789, 0.176478236914, 0.162266254425, 0.170491114259, 0.233883082867]
        dvar2: [0.313718438148, 0.400046050549, 0.391840368509, 0.342310667038, 0.380043566227, 0.446234196424]
        max: [-5.07114171982, -4.72697019577, -4.9556646347, -5.62218236923, -5.50312328339, -7.57864665985]
        mean: [-6.89855527878, -6.68322515488, -7.33568477631, -7.55580425262, -7.344622612, -10.0697793961]
        median: [-6.72148609161, -6.64770555496, -7.30768251419, -7.515209198, -7.31027698517, -9.93886184692]
        min: [-14.0264549255, -14.0498952866, -14.8411045074, -17.0123825073, -15.3441810608, -17.6784954071]
        var: [0.994560837746, 0.566006958485, 0.601690590382, 0.733662545681, 0.834971666336, 1.40638840199]

rhythm:
    beats_loudness:
        dmean: 0.00336425029673
        dmean2: 0.00653727073222
        dvar: 4.05857826991e-006
        dvar2: 1.26802915474e-005
        max: 0.0155069064349
        mean: 0.00709429569542
        median: 0.00748175708577
        min: 3.96026371163e-006
        var: 7.65977802075e-006
    bpm: 109.977554321
    bpm_confidence: 0
    first_peak_bpm: 110
    first_peak_spread: 0.137404575944
    first_peak_weight: 0.839108884335
    onset_rate: 4.62813472748
    second_peak_bpm: 82
    second_peak_spread: 0
    second_peak_weight: 0.0123762376606
    beats_loudness_band_ratio:
        dmean: [0.311365485191, 0.0910972356796, 0.0854493677616, 0.0734231472015, 0.136060640216, 0.153519809246]
        dmean2: [0.621182084084, 0.157122328877, 0.147175833583, 0.140781402588, 0.262531071901, 0.297881782055]
        dvar: [0.0203803759068, 0.00793491024524, 0.00708311283961, 0.00204788241535, 0.00682835141197, 0.00629169167951]
        dvar2: [0.0681273490191, 0.0234465394169, 0.0210545547307, 0.00612155953422, 0.0237373933196, 0.0226201210171]
        max: [0.668432176113, 0.834982514381, 0.898128926754, 0.408875048161, 0.556620538235, 0.551319181919]
        mean: [0.229173988104, 0.237018078566, 0.121818445623, 0.0675911307335, 0.157581269741, 0.227043628693]
        median: [0.12916661799, 0.218856990337, 0.0900562182069, 0.067669570446, 0.163054570556, 0.210547536612]
        min: [0.00373407360166, 0.06089117378, 0.00845433864743, 0.00262046675198, 0.00304900668561, 0.00127432169393]
        var: [0.0350582897663, 0.0100867012516, 0.0127375051379, 0.00284476252273, 0.0095932316035, 0.0119649479166]
    beats_position: [0.708208620548, 1.43963718414, 2.15945577621, 2.89088439941, 3.62231278419, 4.3653512001, 4.96907043457, 5.58439922333, 6.13006782532, 6.66412687302, 7.18657588959, 7.75546455383, 8.32435321808, 8.893242836, 9.43891143799, 9.99619007111, 10.5534696579, 11.0991382599, 11.6448068619, 12.1904764175, 12.7361450195, 13.2818136215, 13.8274831772, 14.3731517792, 14.9188203812, 15.4644899368, 16.0101585388, 16.5558280945, 17.1014957428, 17.6471652985, 18.1928348541, 18.7385025024, 19.2841720581, 19.8298416138, 20.3755092621, 20.9211788177, 21.4668483734, 22.0125160217, 22.5581855774, 23.1038551331, 23.6495227814, 24.195192337, 24.7408618927, 25.286529541, 25.8321990967, 26.3778686523, 26.9235363007, 27.4692058563, 28.014875412, 28.5605430603, 29.0946025848, 29.6402721405, 30.1859397888, 30.7316093445, 31.2772789001, 31.8229465485, 32.3686180115, 32.9142837524, 33.4599533081, 34.0056228638, 34.5512924194, 35.0969619751, 35.6426315308, 36.1882972717, 36.7339668274, 37.2796363831, 37.8253059387, 38.3709754944, 38.91664505, 39.462310791, 40.0079803467, 40.5536499023, 41.099319458, 41.6449890137, 42.1906585693, 42.7363243103, 43.281993866, 43.8276634216, 44.3733329773, 44.919002533, 45.4646720886, 46.0103378296, 46.5560073853, 47.1016769409, 47.6473464966, 48.1930160522, 48.7386856079, 49.2843513489, 49.8300209045, 50.3756904602, 50.9213600159, 51.4670295715, 52.0126991272, 52.5583648682, 53.1040344238, 53.6497039795, 54.1953735352, 54.7410430908, 55.2867126465, 55.8323783875, 56.3780479431, 56.9237174988, 57.4693870544, 58.0034446716, 58.5491142273, 59.094783783, 59.6520614624, 60.1977310181, 60.7434005737, 61.2890701294, 61.8347396851, 62.3687973022, 62.9144668579, 63.4601364136, 64.0174102783, 64.563079834, 65.1087493896, 65.6544189453, 66.200088501, 66.7341461182, 67.2798156738, 67.8254852295, 68.3827667236, 68.9168243408, 69.4624938965, 70.0081634521, 70.5538330078, 71.0995025635, 71.6451721191, 72.1908340454, 72.7481155396, 73.2937850952, 73.8394546509, 74.3735122681, 74.9191818237, 75.4648513794, 76.0105209351, 76.5561904907, 77.1018600464, 77.6475296021, 78.1931991577, 78.738861084, 79.2845306396, 79.8302001953, 80.375869751, 80.9215393066, 81.4672088623, 82.012878418, 82.5585479736, 83.1042175293, 83.649887085, 84.1955566406, 84.7412261963, 85.2868881226, 85.8325576782, 86.3782272339, 86.9238967896, 87.4695663452, 88.0152359009, 88.5609054565, 89.1065750122, 89.6522445679, 90.1863021851, 90.7319717407, 91.2776412964, 91.8233108521, 92.3689804077, 92.9146499634, 93.460319519, 94.0059814453, 94.551651001, 95.0973205566, 95.6429901123, 96.188659668, 96.7343292236, 97.2799987793, 97.825668335, 98.3713378906, 98.9170074463, 99.462677002, 100.008346558, 100.554008484, 101.09967804, 101.645347595, 102.191017151, 102.736686707, 103.282356262, 103.828025818, 104.373695374, 104.919364929, 105.465034485, 106.010704041, 106.556373596, 107.102035522, 107.647705078, 108.193374634, 108.739044189, 109.284713745, 109.830383301, 110.376052856, 110.933334351, 111.467391968, 112.013061523, 112.547119141, 113.104400635, 113.650062561, 114.195732117, 114.741401672, 115.298683167, 115.832740784, 116.378410339, 116.912467957, 117.469749451, 118.003807068, 118.561088562, 119.095146179, 119.652427673, 120.1980896, 120.743759155, 121.277824402, 121.835098267, 122.369155884, 122.926437378, 123.472106934, 124.017776489, 124.563446045, 125.109115601, 125.654785156, 126.200454712, 126.734512329, 127.291786194, 127.83745575, 128.383132935, 128.92880249, 129.474472046, 130.008529663, 130.554199219, 131.099868774, 131.645523071, 132.191192627, 132.736862183, 133.282531738, 133.828201294, 134.37387085, 134.919540405, 135.465209961, 136.010879517, 136.556549072, 137.102218628, 137.647888184, 138.193557739, 138.739227295, 139.284896851, 139.830566406, 140.376235962, 140.921905518, 141.467575073, 142.013244629, 142.558914185, 143.10458374, 143.650253296, 144.195922852, 144.741577148, 145.287246704, 145.83291626, 146.378585815, 146.924255371, 147.469924927, 148.015594482, 148.561264038, 149.106933594, 149.652603149, 150.186660767, 150.732330322, 151.277999878, 151.823669434, 152.369338989, 152.915008545, 153.460678101, 154.006347656, 154.552017212, 155.097686768, 155.643356323, 156.189025879, 156.734695435, 157.28036499, 157.826034546, 158.371704102, 158.917373657, 159.463043213, 160.00869751, 160.554367065, 161.100036621, 161.645706177, 162.191375732, 162.737045288, 163.282714844, 163.828384399, 164.374053955, 164.919723511, 165.465393066, 166.011062622, 166.556732178, 167.090789795, 167.648071289, 168.193740845, 168.7394104, 169.285079956, 169.830749512, 170.376419067, 170.922088623, 171.467758179, 172.013427734, 172.55909729, 173.104751587, 173.638824463, 174.196090698, 174.741760254, 175.28742981, 175.833099365, 176.378768921, 176.924438477, 177.470108032, 178.015777588, 178.561447144, 179.107116699, 179.652786255, 180.186843872, 180.744125366, 181.289794922, 181.835464478, 182.369522095, 182.926803589, 183.460861206, 184.0181427, 184.552200317, 185.109481812, 185.655151367, 186.200805664, 186.73487854, 187.292144775, 187.826202393, 188.371871948, 188.917541504, 189.474822998, 190.020492554, 190.566162109, 191.100219727, 191.645889282, 192.191558838, 192.737228394, 193.282897949, 193.828567505, 194.374237061, 194.919906616, 195.465576172, 196.011245728, 196.556915283, 197.102584839, 197.648254395, 198.19392395, 198.739593506, 199.285263062, 199.830932617, 200.376602173, 200.92225647, 201.467926025, 202.013595581, 202.559265137, 203.104934692, 203.63899231, 204.184661865, 204.730331421, 205.287612915, 205.821670532, 206.367340088, 206.913009644, 207.458679199, 208.004348755, 208.550018311, 209.095687866, 209.641357422, 210.187026978, 210.732696533, 211.278366089, 211.824035645, 212.3697052, 212.915374756, 213.461044312, 214.006713867, 214.552383423, 215.098052979, 215.643707275, 216.189376831, 216.735046387, 217.280715942, 217.826385498, 218.372055054, 218.917724609, 219.463394165, 220.009063721, 220.554733276, 221.100402832, 221.646072388, 222.191741943]
