
metadata:
    version:
        essentia: "2.1-beta2"
    audio_properties:
        analysis_sample_rate: 44100
        bitrate: 320
        channels: 2
        equal_loudness: 1
        length: 196.5599823
        replay_gain: -15.1694602966
        downmix: "mix"
    tags:
        album: "The Rising Tied"
        artist: "Fort Minor"
        comment: ""
        date: "2005"
        genre: "Alternative Hip-Hop"
        title: "High Road (feat John Legend)"
        tracknumber: "12"

configuration:
    average_loudness:
        compute: 1
        frameSize: 88200
        hopSize: 44100
        silentFrames: "noise"
        windowType: "hann"
    general:
        analysisSampleRate: 44100
        endTime: 2000
        equalLoudness: 1
        nequalLoudness: 0
        shortSound: 0
        startTime: 0
    lowlevel:
        compute: 1
        frameSize: 2048
        hopSize: 1024
        zeroPadding: 0
        silentFrames: "noise"
        windowType: "blackmanharris62"
        mfccStats: ["mean", "cov", "icov"]
        stats: ["mean", "var", "median", "min", "max", "dmean", "dmean2", "dvar", "dvar2"]
    panning:
        compute: 0
        frameSize: 8192
        hopSize: 2048
        zeroPadding: 8192
        silentFrames: "noise"
        windowType: "hann"
        stats: ["copy"]
    rhythm:
        compute: 1
        maxTempo: 208
        minTempo: 40
        method: "degara"
        stats: ["mean", "var", "median", "min", "max", "dmean", "dmean2", "dvar", "dvar2"]
    segmentation:
        compute: 0
        cpw: 5
        inc1: 300
        inc2: 50
        minimumSegmentsLength: 10
        size1: 1000
        size2: 600
    sfx:
        compute: 1
        stats: ["mean", "var", "median", "min", "max", "dmean", "dmean2", "dvar", "dvar2"]
    svm:
        compute: 0
    tonal:
        compute: 1
        frameSize: 4096
        hopSize: 2048
        zeroPadding: 0
        silentFrames: "noise"
        windowType: "blackmanharris62"
        stats: ["mean", "var", "median", "min", "max", "dmean", "dmean2", "dvar", "dvar2"]

lowlevel:
    average_loudness: 0.947362959385
    barkbands_kurtosis:
        dmean: 1.61045479774
        dmean2: 2.61677980423
        dvar: 8.65987205505
        dvar2: 20.98320961
        max: 83.2218475342
        mean: 0.338597297668
        median: -0.684317588806
        min: -1.9541670084
        var: 12.1998252869
    barkbands_skewness:
        dmean: 0.667642652988
        dmean2: 0.950407922268
        dvar: 0.428795695305
        dvar2: 0.869869947433
        max: 5.58295154572
        mean: 0.226326063275
        median: 0.291126608849
        min: -7.12457180023
        var: 1.28382265568
    barkbands_spread:
        dmean: 7.91558885574
        dmean2: 12.4283504486
        dvar: 61.8778686523
        dvar2: 150.962875366
        max: 84.798248291
        mean: 27.6464710236
        median: 26.4450798035
        min: 0.834127962589
        var: 159.695785522
    dissonance:
        dmean: 0.0217007342726
        dmean2: 0.0349323190749
        dvar: 0.000438593880972
        dvar2: 0.00108668289613
        max: 0.5
        mean: 0.459947615862
        median: 0.468096673489
        min: 0.0929285436869
        var: 0.00103244825732
    hfc:
        dmean: 4.21424770355
        dmean2: 5.93358469009
        dvar: 35.1138725281
        dvar2: 66.7989730835
        max: 63.1024589539
        mean: 6.72086668015
        median: 4.21688890457
        min: 1.22356675323e-016
        var: 63.9174957275
    pitch:
        dmean: 887.190673828
        dmean2: 1693.4230957
        dvar: 2374700.75
        dvar2: 5187275
        max: 5412.40869141
        mean: 1308.78979492
        median: 252.14453125
        min: 55.0128135681
        var: 3080310
    pitch_instantaneous_confidence:
        dmean: 0.109221860766
        dmean2: 0.173471868038
        dvar: 0.0095417201519
        dvar2: 0.0212344527245
        max: 0.969738185406
        mean: 0.444126695395
        median: 0.415875375271
        min: 0.132278084755
        var: 0.0264991000295
    pitch_salience:
        dmean: 0.0745480284095
        dmean2: 0.119790270925
        dvar: 0.00450052134693
        dvar2: 0.0109040141106
        max: 0.946957230568
        mean: 0.622841775417
        median: 0.634502887726
        min: 0.141692891717
        var: 0.0114307980984
    silence_rate_20dB:
        dmean: 0
        dmean2: 0
        dvar: 0
        dvar2: 0
        max: 1
        mean: 1
        median: 1
        min: 1
        var: 0
    silence_rate_30dB:
        dmean: 0
        dmean2: 0
        dvar: 0
        dvar2: 0
        max: 1
        mean: 1
        median: 1
        min: 1
        var: 0
    silence_rate_60dB:
        dmean: 0.204819276929
        dmean2: 0.409686952829
        dvar: 0.162874624133
        dvar2: 0.295699924231
        max: 1
        mean: 0.529349267483
        median: 1
        min: 0
        var: 0.249131649733
    spectral_centroid:
        dmean: 505.358795166
        dmean2: 711.233642578
        dvar: 309763.125
        dvar2: 570607.8125
        max: 11029.6738281
        mean: 1803.38476563
        median: 1563.390625
        min: 175.481903076
        var: 937383.3125
    spectral_complexity:
        dmean: 4.45995759964
        dmean2: 6.40685176849
        dvar: 30.8517150879
        dvar2: 50.7764816284
        max: 51
        mean: 10.6622180939
        median: 9
        min: 0
        var: 79.1811065674
    spectral_crest:
        dmean: 2.52183103561
        dmean2: 4.1856842041
        dvar: 5.34588956833
        dvar2: 13.4279251099
        max: 25.557302475
        mean: 7.77611589432
        median: 6.88591909409
        min: 2.5260887146
        var: 12.0101766586
    spectral_decrease:
        dmean: 3.48667844596e-010
        dmean2: 5.14378151184e-010
        dvar: 2.31270522735e-019
        dvar2: 5.33874671653e-019
        max: 2.89965875848e-029
        mean: -7.66819774345e-010
        median: -6.47469744486e-010
        min: -4.24167234669e-009
        var: 4.0617269338e-019
    spectral_energy:
        dmean: 0.00165868038312
        dmean2: 0.00241542677395
        dvar: 4.69437190986e-006
        dvar2: 1.02856902231e-005
        max: 0.0173434447497
        mean: 0.00350375543348
        median: 0.00288598844782
        min: 1.09886695384e-020
        var: 8.82692984305e-006
    spectral_energyband_high:
        dmean: 0.000475282518892
        dmean2: 0.000698329764418
        dvar: 4.94700486797e-007
        dvar2: 1.00552131244e-006
        max: 0.00717855943367
        mean: 0.000574880279601
        median: 0.000189551486983
        min: 8.53096649665e-021
        var: 7.91031084191e-007
    spectral_energyband_low:
        dmean: 0.00029822110082
        dmean2: 0.000486329838168
        dvar: 8.60548141191e-007
        dvar2: 2.10078701457e-006
        max: 0.00838307198137
        mean: 0.000341363454936
        median: 4.10741777159e-005
        min: 4.13125446322e-023
        var: 7.6497929058e-007
    spectral_energyband_middle_high:
        dmean: 0.000718158145901
        dmean2: 0.000995157170109
        dvar: 9.28546512569e-007
        dvar2: 1.82750068234e-006
        max: 0.0104319183156
        mean: 0.00141478970181
        median: 0.00101462542079
        min: 1.17799344372e-021
        var: 2.04069283427e-006
    spectral_energyband_middle_low:
        dmean: 0.000721813121345
        dmean2: 0.00119881751016
        dvar: 1.39449196013e-006
        dvar2: 3.86007332054e-006
        max: 0.0108350664377
        mean: 0.00127444113605
        median: 0.000950247049332
        min: 2.64848020377e-022
        var: 1.60130070981e-006
    spectral_flatness_db:
        dmean: 0.022754419595
        dmean2: 0.0340209156275
        dvar: 0.000404981372412
        dvar2: 0.000910587026738
        max: 0.579132378101
        mean: 0.167369827628
        median: 0.156628206372
        min: 0.049564588815
        var: 0.00323982583359
    spectral_flux:
        dmean: 0.0118753286079
        dmean2: 0.0174599718302
        dvar: 0.000173159220139
        dvar2: 0.000343813298969
        max: 0.117643781006
        mean: 0.0381932519376
        median: 0.0365351550281
        min: 1.04826855529e-010
        var: 0.000439395167632
    spectral_kurtosis:
        dmean: 1.90611827374
        dmean2: 3.04494404793
        dvar: 8.72746181488
        dvar2: 25.2467880249
        max: 58.3752593994
        mean: 3.74843358994
        median: 2.35624504089
        min: -1.21172726154
        var: 21.3836269379
    spectral_rms:
        dmean: 0.000415849674027
        dmean2: 0.000580666528549
        dvar: 2.0090769226e-007
        dvar2: 4.19394496021e-007
        max: 0.00411344552413
        mean: 0.00167960859835
        median: 0.00167797447648
        min: 3.27424090445e-012
        var: 5.97225948695e-007
    spectral_rolloff:
        dmean: 810.23223877
        dmean2: 1241.40039063
        dvar: 927621.4375
        dvar2: 1724443.125
        max: 18217.0898438
        mean: 3226.33789063
        median: 3186.9140625
        min: 172.265625
        var: 2200370.25
    spectral_skewness:
        dmean: 0.341016203165
        dmean2: 0.493233501911
        dvar: 0.130944415927
        dvar2: 0.298129349947
        max: 5.34134149551
        mean: 1.27934360504
        median: 1.19926095009
        min: -0.074675142765
        var: 0.425319880247
    spectral_spread:
        dmean: 730550.9375
        dmean2: 1044465.625
        dvar: 821908865024
        dvar2: 1.52821235712e+012
        max: 40514876
        mean: 4770900.5
        median: 4664373.5
        min: 1118850.375
        var: 2.3309320192e+012
    spectral_strongpeak:
        dmean: 0.462089419365
        dmean2: 0.807966351509
        dvar: 0.52362370491
        dvar2: 1.40895068645
        max: 6.82151269913
        mean: 0.592492341995
        median: 0.372293740511
        min: 4.80191530983e-009
        var: 0.493769407272
    zerocrossingrate:
        dmean: 0.0180267840624
        dmean2: 0.0192416850477
        dvar: 0.000298016646411
        dvar2: 0.000322443782352
        max: 0.4921875
        mean: 0.0987327545881
        median: 0.09130859375
        min: 0.009765625
        var: 0.00167012400925
    barkbands:
        dmean: [5.71189673337e-007, 5.96454738115e-005, 0.000199573114514, 0.000132828427013, 0.00023292498372, 0.000150128689711, 0.000186609104276, 0.000141540338518, 0.000160517156473, 0.000115545066365, 7.20518728485e-005, 4.84271731693e-005, 4.98107983731e-005, 5.2096467698e-005, 6.18543635937e-005, 8.17220497993e-005, 0.000106588020572, 0.000116961549793, 0.000147759696119, 0.000334348500473, 0.000215389300138, 0.000119584066852, 1.79008366104e-005, 3.40288193001e-006, 2.49927961704e-006, 7.87613387843e-008, 3.29601346216e-010]
        dmean2: [9.21436424051e-007, 0.000105431885459, 0.000332960160449, 0.000236488223891, 0.000396981893573, 0.000260721833911, 0.000304472690914, 0.000231361089391, 0.000248877564445, 0.000172305401065, 0.000109535452793, 7.40282121114e-005, 7.84724397818e-005, 8.07936157798e-005, 9.70762703218e-005, 0.000123632664327, 0.000162515570992, 0.000179788185051, 0.000213917970541, 0.000517553940881, 0.000323826272506, 0.000163775184774, 2.61442110059e-005, 5.02042303197e-006, 3.97190933654e-006, 1.20539496606e-007, 5.33914135126e-010]
        dvar: [2.16262424635e-012, 5.17428375701e-008, 4.15152840105e-007, 1.74151793431e-007, 1.71487940293e-007, 1.01748575787e-007, 1.28229430629e-007, 8.98176963915e-008, 9.76312364287e-008, 5.47867813339e-008, 2.71931757112e-008, 1.16554730312e-008, 1.25199886014e-008, 1.03194421897e-008, 1.51107553137e-008, 1.99510346022e-008, 2.64075463718e-008, 4.43351702017e-008, 5.46990150951e-008, 3.396538375e-007, 1.0779557158e-007, 2.95591267019e-008, 7.92881649225e-010, 3.83197709675e-011, 2.86761291796e-011, 2.21702996537e-014, 3.81697091139e-019]
        dvar2: [5.10635934578e-012, 1.42224493516e-007, 1.08724987058e-006, 4.93478523822e-007, 4.63960532215e-007, 2.76941790389e-007, 3.14925870271e-007, 2.30331153261e-007, 2.33136148609e-007, 1.31756223709e-007, 6.31595895584e-008, 2.80474683478e-008, 3.08863192799e-008, 2.43780853282e-008, 3.65561199089e-008, 4.48630572691e-008, 5.71490232915e-008, 9.81502168429e-008, 1.05883628976e-007, 7.53259655539e-007, 2.30981754612e-007, 5.61366206853e-008, 1.54696699894e-009, 8.08370662075e-011, 6.36605212989e-011, 4.98966373861e-014, 9.28255155769e-019]
        max: [1.36477574415e-005, 0.00196454301476, 0.00605833576992, 0.00469258707017, 0.0046894447878, 0.0033720517531, 0.00439797155559, 0.00456962734461, 0.00559274107218, 0.003635663772, 0.00422865105793, 0.00210977182724, 0.00248993793502, 0.00139267556369, 0.00199790694751, 0.00253215036355, 0.00272961310111, 0.00267888954841, 0.00329225789756, 0.00593209313229, 0.00348236551508, 0.0023269453086, 0.000408285530284, 0.000111513130832, 9.94153233478e-005, 4.02381965614e-006, 1.72516720909e-008]
        mean: [7.56788040235e-007, 5.38888816664e-005, 0.000216341388295, 0.00012355799845, 0.000281714455923, 0.000164957353263, 0.000235157363932, 0.000187321857084, 0.000229000826948, 0.000180745497346, 0.000111270070192, 6.79736913298e-005, 6.53044044157e-005, 7.03980913386e-005, 8.56910119182e-005, 0.000128938438138, 0.000173634412931, 0.000141873548273, 0.000215469612158, 0.000345135049429, 0.000257945241174, 0.000138090064866, 2.16908247239e-005, 4.19260140916e-006, 2.62644152826e-006, 8.86986910587e-008, 3.90825122265e-010]
        median: [1.84025097383e-008, 2.90715843221e-006, 2.20723777602e-005, 2.53604230238e-005, 0.000130244574393, 6.63489845465e-005, 9.36138021643e-005, 7.63670032029e-005, 8.60555446707e-005, 6.46678672638e-005, 3.77675823984e-005, 2.78046009043e-005, 2.22937214858e-005, 2.73449713859e-005, 3.77465003112e-005, 5.74788900849e-005, 8.75969417393e-005, 5.82599786867e-005, 0.000101599798654, 9.71902918536e-005, 8.12476428109e-005, 3.623300654e-005, 5.79191055294e-006, 1.11287351956e-006, 4.71096541332e-007, 1.34332900359e-008, 1.65719007961e-010]
        min: [5.09556773675e-024, 1.07270323523e-023, 1.13258866421e-023, 3.93382908437e-023, 5.56498391491e-023, 7.00798469105e-023, 2.33685007483e-023, 1.57911430771e-023, 5.32290017359e-023, 4.90837680263e-023, 2.60482565102e-023, 5.91109316609e-023, 8.11006439641e-023, 4.95368960411e-023, 8.81033369762e-023, 1.18351135536e-022, 1.88523430634e-022, 1.73426362091e-022, 1.82181986076e-022, 4.05927753205e-022, 6.01908039852e-022, 7.90687376963e-022, 6.79980682252e-022, 9.16084353047e-022, 1.22121322683e-021, 1.88959010596e-021, 2.36224143109e-021]
        var: [3.61778077114e-012, 3.50385498393e-008, 3.25553514813e-007, 1.15887758056e-007, 1.82012101391e-007, 9.13082871534e-008, 1.6527344826e-007, 1.25129560047e-007, 1.63096615324e-007, 1.00650915158e-007, 5.68607951834e-008, 1.59515423093e-008, 1.66314126915e-008, 1.51874299803e-008, 2.26094449829e-008, 3.71560631152e-008, 5.705414452e-008, 5.67037439225e-008, 9.72988587478e-008, 4.10682446272e-007, 1.58262693617e-007, 5.42094937828e-008, 1.39179456848e-009, 6.35639874069e-011, 4.3293424401e-011, 2.98798427678e-014, 5.3500589284e-019]
    frequency_bands:
        dmean: [5.71189673337e-007, 5.96454738115e-005, 0.000199573114514, 0.000132828427013, 0.00023292498372, 0.000150128689711, 0.000186609104276, 0.000141540338518, 0.000160517156473, 0.000115545066365, 7.20518728485e-005, 4.84271731693e-005, 4.98107983731e-005, 5.2096467698e-005, 6.18543635937e-005, 8.17220497993e-005, 0.000106588020572, 0.000116961549793, 0.000147759696119, 0.000334348500473, 0.000215389300138, 0.000119584066852, 1.79008366104e-005, 3.40288193001e-006, 2.49927961704e-006, 7.87613387843e-008, 3.29601346216e-010, 4.207979451e-011]
        dmean2: [9.21436424051e-007, 0.000105431885459, 0.000332960160449, 0.000236488223891, 0.000396981893573, 0.000260721833911, 0.000304472690914, 0.000231361089391, 0.000248877564445, 0.000172305401065, 0.000109535452793, 7.40282121114e-005, 7.84724397818e-005, 8.07936157798e-005, 9.70762703218e-005, 0.000123632664327, 0.000162515570992, 0.000179788185051, 0.000213917970541, 0.000517553940881, 0.000323826272506, 0.000163775184774, 2.61442110059e-005, 5.02042303197e-006, 3.97190933654e-006, 1.20539496606e-007, 5.33914135126e-010, 7.8779489876e-011]
        dvar: [2.16262424635e-012, 5.17428375701e-008, 4.15152840105e-007, 1.74151793431e-007, 1.71487940293e-007, 1.01748575787e-007, 1.28229430629e-007, 8.98176963915e-008, 9.76312364287e-008, 5.47867813339e-008, 2.71931757112e-008, 1.16554730312e-008, 1.25199886014e-008, 1.03194421897e-008, 1.51107553137e-008, 1.99510346022e-008, 2.64075463718e-008, 4.43351702017e-008, 5.46990150951e-008, 3.396538375e-007, 1.0779557158e-007, 2.95591267019e-008, 7.92881649225e-010, 3.83197709675e-011, 2.86761291796e-011, 2.21702996537e-014, 3.81697091139e-019, 5.11188894387e-021]
        dvar2: [5.10635934578e-012, 1.42224493516e-007, 1.08724987058e-006, 4.93478523822e-007, 4.63960532215e-007, 2.76941790389e-007, 3.14925870271e-007, 2.30331153261e-007, 2.33136148609e-007, 1.31756223709e-007, 6.31595895584e-008, 2.80474683478e-008, 3.08863192799e-008, 2.43780853282e-008, 3.65561199089e-008, 4.48630572691e-008, 5.71490232915e-008, 9.81502168429e-008, 1.05883628976e-007, 7.53259655539e-007, 2.30981754612e-007, 5.61366206853e-008, 1.54696699894e-009, 8.08370662075e-011, 6.36605212989e-011, 4.98966373861e-014, 9.28255155769e-019, 1.65287617741e-020]
        max: [1.36477574415e-005, 0.00196454301476, 0.00605833576992, 0.00469258707017, 0.0046894447878, 0.0033720517531, 0.00439797155559, 0.00456962734461, 0.00559274107218, 0.003635663772, 0.00422865105793, 0.00210977182724, 0.00248993793502, 0.00139267556369, 0.00199790694751, 0.00253215036355, 0.00272961310111, 0.00267888954841, 0.00329225789756, 0.00593209313229, 0.00348236551508, 0.0023269453086, 0.000408285530284, 0.000111513130832, 9.94153233478e-005, 4.02381965614e-006, 1.72516720909e-008, 1.22777332745e-009]
        mean: [7.56788040235e-007, 5.38888816664e-005, 0.000216341388295, 0.00012355799845, 0.000281714455923, 0.000164957353263, 0.000235157363932, 0.000187321857084, 0.000229000826948, 0.000180745497346, 0.000111270070192, 6.79736913298e-005, 6.53044044157e-005, 7.03980913386e-005, 8.56910119182e-005, 0.000128938438138, 0.000173634412931, 0.000141873548273, 0.000215469612158, 0.000345135049429, 0.000257945241174, 0.000138090064866, 2.16908247239e-005, 4.19260140916e-006, 2.62644152826e-006, 8.86986910587e-008, 3.90825122265e-010, 3.19399819093e-011]
        median: [1.84025097383e-008, 2.90715843221e-006, 2.20723777602e-005, 2.53604230238e-005, 0.000130244574393, 6.63489845465e-005, 9.36138021643e-005, 7.63670032029e-005, 8.60555446707e-005, 6.46678672638e-005, 3.77675823984e-005, 2.78046009043e-005, 2.22937214858e-005, 2.73449713859e-005, 3.77465003112e-005, 5.74788900849e-005, 8.75969417393e-005, 5.82599786867e-005, 0.000101599798654, 9.71902918536e-005, 8.12476428109e-005, 3.623300654e-005, 5.79191055294e-006, 1.11287351956e-006, 4.71096541332e-007, 1.34332900359e-008, 1.65719007961e-010, 9.89579338612e-012]
        min: [5.09556773675e-024, 1.07270323523e-023, 1.13258866421e-023, 3.93382908437e-023, 5.56498391491e-023, 7.00798469105e-023, 2.33685007483e-023, 1.57911430771e-023, 5.32290017359e-023, 4.90837680263e-023, 2.60482565102e-023, 5.91109316609e-023, 8.11006439641e-023, 4.95368960411e-023, 8.81033369762e-023, 1.18351135536e-022, 1.88523430634e-022, 1.73426362091e-022, 1.82181986076e-022, 4.05927753205e-022, 6.01908039852e-022, 7.90687376963e-022, 6.79980682252e-022, 9.16084353047e-022, 1.22121322683e-021, 1.88959010596e-021, 2.36224143109e-021, 8.20969588791e-022]
        var: [3.61778077114e-012, 3.50385498393e-008, 3.25553514813e-007, 1.15887758056e-007, 1.82012101391e-007, 9.13082871534e-008, 1.6527344826e-007, 1.25129560047e-007, 1.63096615324e-007, 1.00650915158e-007, 5.68607951834e-008, 1.59515423093e-008, 1.66314126915e-008, 1.51874299803e-008, 2.26094449829e-008, 3.71560631152e-008, 5.705414452e-008, 5.67037439225e-008, 9.72988587478e-008, 4.10682446272e-007, 1.58262693617e-007, 5.42094937828e-008, 1.39179456848e-009, 6.35639874069e-011, 4.3293424401e-011, 2.98798427678e-014, 5.3500589284e-019, 3.69669762248e-021]
    mfcc:
        mean: [-743.219360352, 90.3328170776, -47.1142654419, 37.248210907, -32.8338508606, -7.031437397, -13.8693914413, -6.0086722374, -1.45202636719, -7.04285240173, -7.1856136322, -8.06055831909, -2.75405573845]
        cov: [[7659.14746094, 87.9914474487, 199.227035522, 863.279907227, -487.805847168, 437.685089111, -187.861679077, -144.975143433, -107.052658081, -33.2752418518, 171.384613037, 10.5982713699, -118.563827515], [87.9914474487, 1895.08056641, -25.8625240326, 5.10907649994, 329.460144043, -2.72844696045, 184.577423096, 86.3704528809, 108.117408752, 82.4563293457, 79.7492446899, 63.5466117859, 53.2017250061], [199.227035522, -25.8625240326, 829.235595703, 426.537963867, 202.189193726, 311.707763672, 172.834335327, 75.0644073486, 94.9540252686, -10.7614841461, 87.6811981201, 65.8596038818, 18.8598442078], [863.279907227, 5.10907649994, 426.537963867, 763.537841797, 139.774810791, 280.7293396, 63.1690063477, 54.4099121094, 48.9810600281, -10.6573066711, 66.2494812012, 32.9002952576, 9.21075630188], [-487.805847168, 329.460144043, 202.189193726, 139.774810791, 418.852996826, 43.9927444458, 111.359077454, 77.5241088867, 105.023666382, 46.2157249451, 31.7624588013, 41.4168052673, 37.6210250854], [437.685089111, -2.72844696045, 311.707763672, 280.7293396, 43.9927444458, 322.208404541, 135.323257446, 82.3246612549, 66.6957473755, 19.7778587341, 66.0827407837, 36.8529014587, -10.9664325714], [-187.861679077, 184.577423096, 172.834335327, 63.1690063477, 111.359077454, 135.323257446, 273.21295166, 124.255554199, 99.4573745728, 39.747833252, 57.9830360413, 29.6778621674, 25.9054203033], [-144.975143433, 86.3704528809, 75.0644073486, 54.4099121094, 77.5241088867, 82.3246612549, 124.255554199, 168.828018188, 89.7775115967, 32.2171859741, 13.5777845383, 22.8922080994, 18.5340652466], [-107.052658081, 108.117408752, 94.9540252686, 48.9810600281, 105.023666382, 66.6957473755, 99.4573745728, 89.7775115967, 140.121307373, 49.0220375061, 32.0317878723, 29.0978050232, 15.7959003448], [-33.2752418518, 82.4563293457, -10.7614841461, -10.6573066711, 46.2157249451, 19.7778587341, 39.747833252, 32.2171859741, 49.0220375061, 109.756454468, 42.1381492615, 13.1381940842, 12.2205924988], [171.384613037, 79.7492446899, 87.6811981201, 66.2494812012, 31.7624588013, 66.0827407837, 57.9830360413, 13.5777845383, 32.0317878723, 42.1381492615, 108.535903931, 45.084690094, 11.2901830673], [10.5982713699, 63.5466117859, 65.8596038818, 32.9002952576, 41.4168052673, 36.8529014587, 29.6778621674, 22.8922080994, 29.0978050232, 13.1381940842, 45.084690094, 80.2935333252, 26.1835708618], [-118.563827515, 53.2017250061, 18.8598442078, 9.21075630188, 37.6210250854, -10.9664325714, 25.9054203033, 18.5340652466, 15.7959003448, 12.2205924988, 11.2901830673, 26.1835708618, 77.1759414673]]
        icov: [[0.000203766452614, -8.02606664365e-005, 4.60321243736e-005, -0.00024271584698, 0.000323650951032, -0.000199756890652, 0.000195443004486, 0.000103008700535, -4.60146147816e-005, 1.39581914027e-006, -0.000259322492639, 3.64305560652e-005, 0.000144365854794], [-8.02606664365e-005, 0.000707703176886, 0.000229709083214, 8.11590798548e-005, -0.00064986164216, 0.000146763733937, -0.000464967917651, 5.51057455596e-005, 2.99363728118e-005, -3.31513801939e-005, -0.000180731381988, -0.000219681212911, -9.64067003224e-005], [4.60321243736e-005, 0.000229709083214, 0.00258826208301, -0.000601749692578, -0.000889337621629, -0.00169363745954, -0.000584482972044, 0.000787389930338, -0.000469449994853, 0.00121600809507, -0.000578712846618, -0.000439090305008, -0.000311193871312], [-0.00024271584698, 8.11590798548e-005, -0.000601749692578, 0.00269889621995, -0.00103923294228, -0.00166985357646, 0.000921468716115, -0.000476998393424, 0.000242217589403, 0.000718772935215, -0.000562503293622, 0.000857810257003, -0.000901451683603], [0.000323650951032, -0.00064986164216, -0.000889337621629, -0.00103923294228, 0.0045661716722, 0.00117786880583, -0.000265709677478, 3.1139326893e-005, -0.00172939372715, -0.0010245348094, 0.000614952645265, -0.000724727462512, -1.81162467925e-005], [-0.000199756890652, 0.000146763733937, -0.00169363745954, -0.00166985357646, 0.00117786880583, 0.00815158709884, -0.00241470197216, -0.00146407366265, -0.000185411496204, -0.00102549046278, -0.00047055829782, -0.00143959245179, 0.00270897662267], [0.000195443004486, -0.000464967917651, -0.000584482972044, 0.000921468716115, -0.000265709677478, -0.00241470197216, 0.00819395761937, -0.00365457381122, -0.00142782379407, 0.000836980179884, -0.00315429945476, 0.00238256785087, -0.00161992141511], [0.000103008700535, 5.51057455596e-005, 0.000787389930338, -0.000476998393424, 3.1139326893e-005, -0.00146407366265, -0.00365457381122, 0.0118727972731, -0.00473007140681, -0.000748576654587, 0.00324298837222, -0.00164424336981, -0.000692939152941], [-4.60146147816e-005, 2.99363728118e-005, -0.000469449994853, 0.000242217589403, -0.00172939372715, -0.000185411496204, -0.00142782379407, -0.00473007140681, 0.0142884915695, -0.00368605740368, 0.000122649493278, -0.00173625990283, 0.000656700343825], [1.39581914027e-006, -3.31513801939e-005, 0.00121600809507, 0.000718772935215, -0.0010245348094, -0.00102549046278, 0.000836980179884, -0.000748576654587, -0.00368605740368, 0.0136502664536, -0.00595239829272, 0.00257609854452, -0.00151566113345], [-0.000259322492639, -0.000180731381988, -0.000578712846618, -0.000562503293622, 0.000614952645265, -0.00047055829782, -0.00315429945476, 0.00324298837222, 0.000122649493278, -0.00595239829272, 0.0175382625312, -0.0082178497687, 0.000987919047475], [3.64305560652e-005, -0.000219681212911, -0.000439090305008, 0.000857810257003, -0.000724727462512, -0.00143959245179, 0.00238256785087, -0.00164424336981, -0.00173625990283, 0.00257609854452, -0.0082178497687, 0.0199199914932, -0.00565245375037], [0.000144365854794, -9.64067003224e-005, -0.000311193871312, -0.000901451683603, -1.81162467925e-005, 0.00270897662267, -0.00161992141511, -0.000692939152941, 0.000656700343825, -0.00151566113345, 0.000987919047475, -0.00565245375037, 0.0164119992405]]
    sccoeffs:
        dmean: [0.0607651844621, 0.0550194829702, 0.0461796112359, 0.0391237065196, 0.0287503488362, 0.031385269016]
        dmean2: [0.0961184576154, 0.0870244279504, 0.0690190494061, 0.0584437251091, 0.0445719957352, 0.0440537892282]
        dvar: [0.00257676793262, 0.00215359032154, 0.00147611903958, 0.00107458827551, 0.000575811311137, 0.000843306770548]
        dvar2: [0.00634274631739, 0.00533596472815, 0.00323752104305, 0.00226062745787, 0.00137793913018, 0.00161058304366]
        max: [-0.298629313707, -0.429415822029, -0.48401889205, -0.535527050495, -0.570009708405, -0.58091378212]
        mean: [-0.642599642277, -0.733727216721, -0.745311975479, -0.762647926807, -0.787602782249, -0.723391294479]
        median: [-0.658904373646, -0.737677395344, -0.753932237625, -0.771149098873, -0.794142723083, -0.722510159016]
        min: [-0.980805337429, -0.955063700676, -0.973617970943, -0.956399679184, -0.960153877735, -0.96144515276]
        var: [0.00967755541205, 0.00570130581036, 0.00557470927015, 0.0040406929329, 0.00208288896829, 0.00328609999269]
    scvalleys:
        dmean: [0.440148800611, 0.484202593565, 0.442951649427, 0.437150299549, 0.44407042861, 0.570955336094]
        dmean2: [0.712703645229, 0.766451358795, 0.673661291599, 0.621432721615, 0.571772813797, 0.720079183578]
        dvar: [0.26316767931, 0.23899744451, 0.222349867225, 0.215553447604, 0.226525187492, 0.342355132103]
        dvar2: [0.474806696177, 0.491816431284, 0.403955161572, 0.377232193947, 0.371312975883, 0.623340785503]
        max: [-5.1590886116, -4.96201229095, -5.4002199173, -5.85231781006, -5.56739377975, -7.54106855392]
        mean: [-8.01437664032, -6.9554309845, -7.42087316513, -7.84689712524, -7.60528326035, -10.0563602448]
        median: [-7.73136901855, -6.74423456192, -7.25895357132, -7.64467382431, -7.43657493591, -9.8413848877]
        min: [-27.3242950439, -27.3287773132, -27.2698135376, -27.4441375732, -27.2746734619, -27.1798400879]
        var: [3.33770155907, 1.40249598026, 1.19185996056, 1.24526965618, 1.558344841, 2.26106739044]

rhythm:
    beats_loudness:
        dmean: 0.00454323878512
        dmean2: 0.00884418934584
        dvar: 9.60023044172e-006
        dvar2: 2.73248806479e-005
        max: 0.0173999555409
        mean: 0.00694211246446
        median: 0.0068831006065
        min: 1.86005010505e-007
        var: 1.49138504639e-005
    bpm: 99.9906158447
    bpm_confidence: 0
    first_peak_bpm: 99
    first_peak_spread: 0.285276055336
    first_peak_weight: 0.714723944664
    onset_rate: 5.30118083954
    second_peak_bpm: 0
    second_peak_spread: 0
    second_peak_weight: 0
    beats_loudness_band_ratio:
        dmean: [0.0910038799047, 0.0884488373995, 0.139009997249, 0.0939001068473, 0.100159958005, 0.258248955011]
        dmean2: [0.171561926603, 0.16118119657, 0.259563148022, 0.166304513812, 0.183389827609, 0.503998816013]
        dvar: [0.0136384535581, 0.0118395676836, 0.0154778463766, 0.00770452339202, 0.00636136298999, 0.0235187672079]
        dvar2: [0.0386816449463, 0.0335660204291, 0.0446661189198, 0.0218162182719, 0.0173808764666, 0.0755761861801]
        max: [0.656416833401, 0.907245874405, 0.642120361328, 0.616538465023, 0.632394731045, 0.940579593182]
        mean: [0.0594940818846, 0.0881558060646, 0.177538275719, 0.153299242258, 0.212171971798, 0.347732812166]
        median: [0.0238781590015, 0.0482068173587, 0.145110502839, 0.138269871473, 0.187067180872, 0.333893805742]
        min: [7.75989792601e-006, 2.87150505756e-005, 7.74965956225e-005, 0.00014755455777, 0.0587690100074, 0.000527004129253]
        var: [0.00967139471322, 0.0114177083597, 0.015458102338, 0.00988806132227, 0.00890103820711, 0.0341470912099]
    beats_position: [0.638548731804, 1.25387752056, 1.86920630932, 2.47292518616, 3.06503391266, 3.66875267029, 4.27247142792, 4.87619018555, 5.47990942001, 6.08362817764, 6.67573690414, 7.26784563065, 7.87156438828, 8.47528362274, 9.07900238037, 9.65950107574, 10.2632198334, 10.8553285599, 11.4590473175, 12.051156044, 12.6548748016, 13.2585935593, 13.8623123169, 14.4544210434, 15.0465307236, 15.6502494812, 16.2539672852, 16.8576869965, 17.4614048004, 18.0651245117, 18.6688423157, 19.2609519958, 19.853061676, 20.45677948, 21.0604991913, 21.6526069641, 22.2563266754, 22.8484344482, 23.4521541595, 24.0558719635, 24.6595916748, 25.2633094788, 25.8670291901, 26.4475269318, 27.0512466431, 27.6549663544, 28.2586841583, 28.8624038696, 29.4661216736, 30.0582313538, 30.6503391266, 31.2540588379, 31.8577766418, 32.4614944458, 33.0652160645, 33.6457138062, 34.2494316101, 34.8531494141, 35.4568710327, 36.0605888367, 36.6643066406, 37.2564163208, 37.8601341248, 38.4522438049, 39.0559616089, 39.6596832275, 40.2634010315, 40.8555107117, 41.4592285156, 42.0513381958, 42.6550559998, 43.2587738037, 43.8624954224, 44.4546012878, 45.0583229065, 45.650428772, 46.2541503906, 46.8578681946, 47.4615859985, 48.0653038025, 48.6690254211, 49.2611312866, 49.8532409668, 50.4569587708, 51.0606803894, 51.6643981934, 52.2681159973, 52.8486175537, 53.4523353577, 54.0560531616, 54.6597709656, 55.2634925842, 55.8672103882, 56.4477081299, 57.0514259338, 57.6551475525, 58.2588653564, 58.8625831604, 59.4663009644, 60.0584106445, 60.6505203247, 61.2542381287, 61.8579597473, 62.4616775513, 63.0653953552, 63.6575050354, 64.2612228394, 64.8533325195, 65.4570541382, 66.0607681274, 66.6644897461, 67.2682037354, 67.8603134155, 68.4524230957, 69.0561447144, 69.659866333, 70.2635803223, 70.8556900024, 71.4594116211, 72.0515213013, 72.6552352905, 73.2589569092, 73.8626708984, 74.4547805786, 75.0585021973, 75.6506118774, 76.2543258667, 76.8580474854, 77.461769104, 78.0538787842, 78.6575927734, 79.2497024536, 79.8534240723, 80.4571380615, 81.0608596802, 81.6645812988, 82.256690979, 82.8487930298, 83.4525146484, 84.0562362671, 84.6599502563, 85.263671875, 85.8673934937, 86.4595031738, 87.0516052246, 87.6553268433, 88.2590484619, 88.8511581421, 89.4548721313, 90.0469818115, 90.6507034302, 91.2544174194, 91.8581390381, 92.4618606567, 93.065574646, 93.6460723877, 94.2497940063, 94.853515625, 95.4572296143, 96.0609512329, 96.6646728516, 97.2567749023, 97.8488845825, 98.4526062012, 99.0563278198, 99.6600418091, 100.263763428, 100.855873108, 101.447982788, 102.051696777, 102.655418396, 103.259140015, 103.862854004, 104.454963684, 105.058685303, 105.650794983, 106.254508972, 106.858230591, 107.46194458, 108.05405426, 108.657775879, 109.249885559, 109.853607178, 110.457321167, 111.061042786, 111.664756775, 112.268478394, 112.848976135, 113.452697754, 114.056411743, 114.660133362, 115.26385498, 115.86756897, 116.448066711, 117.05178833, 117.655509949, 118.259223938, 118.862945557, 119.466667175, 120.058776855, 120.650878906, 121.254600525, 121.858322144, 122.462036133, 123.054145813, 123.646255493, 124.249977112, 124.853691101, 125.45741272, 126.061134338, 126.664848328, 127.256958008, 127.849067688, 128.452789307, 129.056503296, 129.660217285, 130.263946533, 130.856048584, 131.459777832, 132.051879883, 132.655593872, 133.25932312, 133.863037109, 134.466751099, 135.058868408, 135.650970459, 136.254684448, 136.858413696, 137.462127686, 138.065841675, 138.669570923, 139.261672974, 139.853790283, 140.457504272, 141.061218262, 141.66494751, 142.257049561, 142.849151611, 143.452880859, 144.056594849, 144.660308838, 145.264038086, 145.867752075, 146.448257446, 147.051971436, 147.655685425, 148.259414673, 148.851516724, 149.455230713, 150.047348022, 150.651062012, 151.254776001, 151.858505249, 152.462219238, 153.065933228, 153.658050537, 154.250152588, 154.853881836, 155.457595825, 156.061309814, 156.665023804, 157.245529175, 157.849243164, 158.452972412, 159.056686401, 159.660400391, 160.264129639, 160.856231689, 161.448348999, 162.052062988, 162.655776978, 163.259490967, 163.863220215, 164.455322266, 165.059051514, 165.651153564, 166.254867554, 166.858596802, 167.462310791, 168.054412842, 168.65814209, 169.250244141, 169.85395813, 170.457687378, 171.061401367, 171.653518677, 172.257232666, 172.849334717, 173.453063965, 174.056777954, 174.660491943, 175.264221191, 175.856323242, 176.448425293, 177.052154541, 177.65586853, 178.25958252, 178.863311768, 179.467025757, 180.059127808, 180.651245117, 181.254959106, 181.858688354, 182.462402344, 183.054504395, 183.646621704, 184.250335693, 184.854049683, 185.457778931, 186.06149292, 186.665206909, 187.257324219, 187.84942627, 188.453155518, 189.056869507, 189.660583496, 190.264297485, 190.856414795, 191.460128784, 192.052246094, 192.655960083, 193.259674072, 193.86340332, 194.46711731, 195.070831299, 195.674560547, 196.278274536]
    bpm_estimates: [97.5088424683, 97.5088424683, 99.3840026855, 101.332740784, 99.3840255737, 99.3840255737, 99.3840255737, 99.3839492798, 99.3840255737, 101.332740784, 101.332740784, 99.3840255737, 99.3839492798, 99.3840255737, 103.359405518, 99.3840255737, 101.332740784, 99.3840255737, 101.332740784, 99.3840255737, 99.3840255737, 99.3840255737, 101.332740784, 101.332580566, 99.3840255737, 99.3841781616, 99.3838653564, 99.3841781616, 99.3838653564, 99.3841781616, 101.332580566, 101.332580566, 99.3841781616, 99.3838653564, 101.332901001, 99.3838653564, 101.332901001, 99.3838653564, 99.3841781616, 99.3838653564, 99.3841781616, 99.3838653564, 103.359573364, 99.3838653564, 99.3838653564, 99.3841781616, 99.3838653564, 99.3841781616, 101.332580566, 101.332901001, 99.3838653564, 99.3841781616, 99.3841781616, 99.3835525513, 103.359573364, 99.3841781616, 99.3841781616, 99.3835525513, 99.3841781616, 99.3841781616, 101.332580566, 99.3841781616, 101.332580566, 99.3841781616, 99.3835525513, 99.3841781616, 101.332580566, 99.3841781616, 101.332580566, 99.3841781616, 99.3841781616, 99.3835525513, 101.333229065, 99.3835525513, 101.333229065, 99.3835525513, 99.3841781616, 99.3841781616, 99.3841781616, 99.3835525513, 101.333229065, 101.332580566, 99.3841781616, 99.3835525513, 99.3841781616, 99.3841781616, 103.358894348, 99.3841781616, 99.3841781616, 99.3841781616, 99.3835525513, 99.3841781616, 103.359573364, 99.3841781616, 99.3835525513, 99.3841781616, 99.3841781616, 99.3841781616, 101.332580566, 101.332580566, 99.3841781616, 99.3835525513, 99.3841781616, 99.3841781616, 101.332580566, 99.3841781616, 101.332580566, 99.3835525513, 99.3848114014, 99.3835525513, 99.3848114014, 101.332580566, 101.332580566, 99.3835525513, 99.3835525513, 99.3848114014, 101.332580566, 99.3835525513, 101.332580566, 99.3848114014, 99.3835525513, 99.3848114014, 101.332580566, 99.3835525513, 101.332580566, 99.3848114014, 99.3835525513, 99.3835525513, 101.332580566, 99.3848114014, 101.332580566, 99.3835525513, 99.3848114014, 99.3835525513, 99.3835525513, 101.332580566, 101.333885193, 99.3835525513, 99.3835525513, 99.3848114014, 99.3835525513, 99.3835525513, 101.332580566, 101.333885193, 99.3835525513, 99.3835525513, 101.332580566, 99.3848114014, 101.332580566, 99.3835525513, 99.3848114014, 99.3835525513, 99.3835525513, 99.3848114014, 103.359573364, 99.3835525513, 99.3835525513, 99.3848114014, 99.3835525513, 99.3835525513, 101.333885193, 101.332580566, 99.3835525513, 99.3835525513, 99.3848114014, 99.3835525513, 101.332580566, 101.332580566, 99.3848114014, 99.3835525513, 99.3835525513, 99.3848114014, 101.332580566, 99.3835525513, 101.332580566, 99.3848114014, 99.3835525513, 99.3848114014, 101.332580566, 99.3835525513, 101.332580566, 99.3835525513, 99.3848114014, 99.3835525513, 99.3848114014, 99.3835525513, 103.359573364, 99.3835525513, 99.3848114014, 99.3835525513, 99.3835525513, 99.3848114014, 103.359573364, 99.3835525513, 99.3835525513, 99.3848114014, 99.3835525513, 99.3835525513, 101.332580566, 101.333885193, 99.3835525513, 99.3835525513, 99.3848114014, 101.332580566, 101.332580566, 99.3835525513, 99.3848114014, 99.3835525513, 99.3835525513, 99.3848114014, 101.332580566, 101.332580566, 99.3835525513, 99.3848114014, 99.3848114014, 99.3823013306, 101.333885193, 99.3823013306, 101.333885193, 99.3848114014, 99.3823013306, 99.3848114014, 99.3848114014, 101.331268311, 101.333885193, 99.3848114014, 99.3823013306, 99.3848114014, 99.3848114014, 99.3823013306, 101.333885193, 101.331268311, 99.3848114014, 99.3848114014, 99.3823013306, 101.333885193, 101.333885193, 99.3823013306, 99.3848114014, 99.3848114014, 99.3823013306, 99.3848114014, 103.358215332, 99.3848114014, 99.3848114014, 99.3823013306, 101.333885193, 99.3848114014, 101.331268311, 99.3848114014, 99.3848114014, 99.3823013306, 99.3848114014, 99.3848114014, 101.331268311, 101.333885193, 99.3823013306, 99.3848114014, 99.3848114014, 99.3848114014, 103.358215332, 99.3848114014, 99.3823013306, 99.3848114014, 99.3848114014, 99.3823013306, 101.333885193, 101.331268311, 99.3848114014, 99.3848114014, 99.3848114014, 99.3823013306, 101.333885193, 99.3823013306, 101.333885193, 99.3848114014, 99.3823013306, 99.3848114014, 101.333885193, 99.3823013306, 101.333885193, 99.3848114014, 99.3823013306, 99.3848114014, 101.331268311, 99.3848114014, 101.333885193, 99.3823013306, 99.3848114014, 99.3848114014, 99.3823013306, 101.333885193, 101.333885193, 99.3823013306, 99.3848114014, 99.3848114014, 99.3823013306, 99.3848114014, 101.333885193, 101.331268311, 99.3848114014, 99.3823013306, 99.3848114014, 101.333885193, 101.331268311, 99.3848114014, 99.3848114014, 99.3823013306, 99.3848114014, 99.3848114014, 101.331268311, 101.333885193, 99.3823013306, 99.3848114014, 99.3848114014, 99.3848114014, 101.331268311, 99.3848114014, 101.331268311, 99.3848114014, 99.3848114014, 99.3823013306, 99.3848114014, 99.3848114014, 99.3823013306, 99.3848114014]
