
metadata:
    version:
        essentia: "2.1-beta2"
    audio_properties:
        analysis_sample_rate: 44100
        bitrate: 320
        channels: 2
        equal_loudness: 1
        length: 236.711990356
        replay_gain: -13.6132068634
        downmix: "mix"
    tags:
        album: "The Rising Tied"
        artist: "Fort Minor"
        comment: ""
        date: "2005"
        genre: "Alternative Hip-Hop"
        title: "Slip out the Back (feat Joe Hahn)"
        tracknumber: "16"

configuration:
    average_loudness:
        compute: 1
        frameSize: 88200
        hopSize: 44100
        silentFrames: "noise"
        windowType: "hann"
    general:
        analysisSampleRate: 44100
        endTime: 2000
        equalLoudness: 1
        nequalLoudness: 0
        shortSound: 0
        startTime: 0
    lowlevel:
        compute: 1
        frameSize: 2048
        hopSize: 1024
        zeroPadding: 0
        silentFrames: "noise"
        windowType: "blackmanharris62"
        mfccStats: ["mean", "cov", "icov"]
        stats: ["mean", "var", "median", "min", "max", "dmean", "dmean2", "dvar", "dvar2"]
    panning:
        compute: 0
        frameSize: 8192
        hopSize: 2048
        zeroPadding: 8192
        silentFrames: "noise"
        windowType: "hann"
        stats: ["copy"]
    rhythm:
        compute: 1
        maxTempo: 208
        minTempo: 40
        method: "degara"
        stats: ["mean", "var", "median", "min", "max", "dmean", "dmean2", "dvar", "dvar2"]
    segmentation:
        compute: 0
        cpw: 5
        inc1: 300
        inc2: 50
        minimumSegmentsLength: 10
        size1: 1000
        size2: 600
    sfx:
        compute: 1
        stats: ["mean", "var", "median", "min", "max", "dmean", "dmean2", "dvar", "dvar2"]
    svm:
        compute: 0
    tonal:
        compute: 1
        frameSize: 4096
        hopSize: 2048
        zeroPadding: 0
        silentFrames: "noise"
        windowType: "blackmanharris62"
        stats: ["mean", "var", "median", "min", "max", "dmean", "dmean2", "dvar", "dvar2"]

lowlevel:
    average_loudness: 0.760232508183
    barkbands_kurtosis:
        dmean: 1.79761469364
        dmean2: 2.95279788971
        dvar: 8.03145980835
        dvar2: 20.6496200562
        max: 67.7523727417
        mean: 1.25786650181
        median: -0.0714271366596
        min: -1.90824234486
        var: 15.8267059326
    barkbands_skewness:
        dmean: 0.597904264927
        dmean2: 0.919608533382
        dvar: 0.418155908585
        dvar2: 0.982563436031
        max: 5.29711675644
        mean: 0.583464622498
        median: 0.597560763359
        min: -4.66860771179
        var: 1.2912209034
    barkbands_spread:
        dmean: 6.68813753128
        dmean2: 10.2826461792
        dvar: 60.7603721619
        dvar2: 133.714141846
        max: 85.9047775269
        mean: 23.7771453857
        median: 21.636554718
        min: 0.420148968697
        var: 205.565109253
    dissonance:
        dmean: 0.0268463473767
        dmean2: 0.0445175431669
        dvar: 0.000785101379734
        dvar2: 0.00205709668808
        max: 0.500000059605
        mean: 0.451640993357
        median: 0.462960898876
        min: 0.23940448463
        var: 0.00160114897881
    hfc:
        dmean: 2.57019495964
        dmean2: 3.91381025314
        dvar: 21.025478363
        dvar2: 50.6527366638
        max: 48.9893188477
        mean: 4.39462995529
        median: 2.39587759972
        min: 1.1042955807e-016
        var: 33.1561050415
    pitch:
        dmean: 615.198303223
        dmean2: 1171.99951172
        dvar: 1535297.75
        dvar2: 3536009.25
        max: 5510.51074219
        mean: 849.646362305
        median: 263.249450684
        min: 65.6343383789
        var: 1786359
    pitch_instantaneous_confidence:
        dmean: 0.102099835873
        dmean2: 0.160879895091
        dvar: 0.00974342599511
        dvar2: 0.0207902174443
        max: 0.971542537212
        mean: 0.462423801422
        median: 0.433636814356
        min: 0.101206541061
        var: 0.0330215580761
    pitch_salience:
        dmean: 0.076187863946
        dmean2: 0.122349709272
        dvar: 0.00548673560843
        dvar2: 0.0133689800277
        max: 0.99244338274
        mean: 0.591060698032
        median: 0.603081464767
        min: 0.159576624632
        var: 0.0147220958024
    silence_rate_20dB:
        dmean: 0
        dmean2: 0
        dvar: 0
        dvar2: 0
        max: 1
        mean: 1
        median: 1
        min: 1
        var: 0
    silence_rate_30dB:
        dmean: 0
        dmean2: 0
        dvar: 0
        dvar2: 0
        max: 1
        mean: 1
        median: 1
        min: 1
        var: 0
    silence_rate_60dB:
        dmean: 0.13222168386
        dmean2: 0.264371186495
        dvar: 0.114725753665
        dvar2: 0.232535943389
        max: 1
        mean: 0.622597098351
        median: 1
        min: 0
        var: 0.2349396348
    spectral_centroid:
        dmean: 366.489654541
        dmean2: 554.724975586
        dvar: 255759.671875
        dvar2: 536019.4375
        max: 11756.7988281
        mean: 1403.0567627
        median: 1107.44250488
        min: 118.848670959
        var: 1208205.875
    spectral_complexity:
        dmean: 3.38126540184
        dmean2: 5.184030056
        dvar: 28.6615200043
        dvar2: 59.7366790771
        max: 57
        mean: 8.31129837036
        median: 6
        min: 0
        var: 71.9179000854
    spectral_crest:
        dmean: 2.43284654617
        dmean2: 3.95151877403
        dvar: 5.43832778931
        dvar2: 13.2289295197
        max: 25.3052692413
        mean: 8.93876171112
        median: 7.89358854294
        min: 2.40067696571
        var: 18.2102947235
    spectral_decrease:
        dmean: 3.55033336064e-010
        dmean2: 5.77187297957e-010
        dvar: 4.11977226534e-019
        dvar2: 1.08154568195e-018
        max: 1.43504205904e-028
        mean: -7.17810699769e-010
        median: -4.9155690629e-010
        min: -5.75739100839e-009
        var: 6.33033774764e-019
    spectral_energy:
        dmean: 0.00154453795403
        dmean2: 0.00249457987957
        dvar: 7.20542084309e-006
        dvar2: 1.86291017599e-005
        max: 0.0246374085546
        mean: 0.00310778897256
        median: 0.00214137276635
        min: 9.97124627064e-021
        var: 1.15723241834e-005
    spectral_energyband_high:
        dmean: 0.000265003676759
        dmean2: 0.000414414331317
        dvar: 2.953886451e-007
        dvar2: 7.28955683371e-007
        max: 0.0042084204033
        mean: 0.000312570453389
        median: 5.00315363752e-005
        min: 7.06845139693e-021
        var: 3.39499194979e-007
    spectral_energyband_low:
        dmean: 0.000248230498983
        dmean2: 0.00042801341624
        dvar: 6.37475238818e-007
        dvar2: 1.76047353762e-006
        max: 0.010753528215
        mean: 0.000418996613007
        median: 0.000127900580992
        min: 1.96886350194e-023
        var: 6.40144776298e-007
    spectral_energyband_middle_high:
        dmean: 0.00057393865427
        dmean2: 0.000868232687935
        dvar: 1.08226959128e-006
        dvar2: 2.53836014963e-006
        max: 0.0141829699278
        mean: 0.00109093228821
        median: 0.000553477497306
        min: 1.17384451499e-021
        var: 2.14953934119e-006
    spectral_energyband_middle_low:
        dmean: 0.000920178252272
        dmean2: 0.00158611731604
        dvar: 4.25856296715e-006
        dvar2: 1.21060838865e-005
        max: 0.018620332703
        mean: 0.00139285437763
        median: 0.000744712655433
        min: 1.04068291354e-022
        var: 4.05925902669e-006
    spectral_flatness_db:
        dmean: 0.0242342744023
        dmean2: 0.0369490049779
        dvar: 0.000568941759411
        dvar2: 0.00122040894348
        max: 0.41515943408
        mean: 0.193366289139
        median: 0.184947222471
        min: 0.0522450692952
        var: 0.00404094532132
    spectral_flux:
        dmean: 0.011131783016
        dmean2: 0.0170843396336
        dvar: 0.000229883968132
        dvar2: 0.000448320352007
        max: 0.13431699574
        mean: 0.0329467132688
        median: 0.0298374127597
        min: 6.34775426667e-011
        var: 0.000631434842944
    spectral_kurtosis:
        dmean: 3.60953521729
        dmean2: 5.88344860077
        dvar: 30.7162761688
        dvar2: 77.9938354492
        max: 82.2042236328
        mean: 6.74954891205
        median: 4.08450889587
        min: -1.25668799877
        var: 68.2356719971
    spectral_rms:
        dmean: 0.000367366475984
        dmean2: 0.000566097034607
        dvar: 2.53593071875e-007
        dvar2: 6.23933829047e-007
        max: 0.00490270322189
        mean: 0.00148747838102
        median: 0.00144538725726
        min: 3.11898141862e-012
        var: 8.19386912099e-007
    spectral_rolloff:
        dmean: 682.940612793
        dmean2: 1107.48327637
        dvar: 900511
        dvar2: 1830723.125
        max: 19509.0820313
        mean: 2490.77880859
        median: 2304.05273438
        min: 107.666015625
        var: 3663675.25
    spectral_skewness:
        dmean: 0.429529875517
        dmean2: 0.659445285797
        dvar: 0.256834864616
        dvar2: 0.586866855621
        max: 6.84937477112
        mean: 1.66156804562
        median: 1.55529975891
        min: -0.500620007515
        var: 0.841399312019
    spectral_spread:
        dmean: 695992.75
        dmean2: 1011168.875
        dvar: 1.0932617216e+012
        dvar2: 2.02392246682e+012
        max: 42690976
        mean: 4335674.5
        median: 3948789.75
        min: 858829.4375
        var: 1.09663957811e+013
    spectral_strongpeak:
        dmean: 0.254123777151
        dmean2: 0.432808816433
        dvar: 0.180954456329
        dvar2: 0.47950938344
        max: 5.14761829376
        mean: 0.404197305441
        median: 0.246176183224
        min: 7.39658195803e-011
        var: 0.228490024805
    zerocrossingrate:
        dmean: 0.0133961485699
        dmean2: 0.0146226203069
        dvar: 0.000225527299335
        dvar2: 0.000273256417131
        max: 0.52587890625
        mean: 0.0777610391378
        median: 0.06689453125
        min: 0.0068359375
        var: 0.00240063923411
    barkbands:
        dmean: [9.0212182613e-007, 6.76540512359e-005, 0.000138441653689, 0.000232170306845, 0.000363814498996, 0.000187747675227, 0.000192812702153, 0.00014005281264, 8.01703208708e-005, 9.53199269134e-005, 8.08326803963e-005, 6.11307841609e-005, 4.21665572503e-005, 6.42131417408e-005, 7.89311598055e-005, 8.18001426524e-005, 9.5749652246e-005, 8.19137421786e-005, 0.000104605889646, 0.000126459184685, 0.000129261883558, 5.21242182003e-005, 1.16767760119e-005, 2.73401519735e-006, 1.23772190364e-006, 2.67795066122e-008, 2.61679067304e-010]
        dmean2: [1.32203228986e-006, 0.000114326481707, 0.000250013777986, 0.000432672153693, 0.000651892332826, 0.00032080267556, 0.000322072824929, 0.000222174494411, 0.000128753526951, 0.00015882657317, 0.000134608810185, 0.000100088909676, 6.9406851253e-005, 0.000105415390863, 0.000128442450659, 0.000125750055304, 0.000149903382408, 0.000130466069095, 0.000166051191627, 0.000198956069653, 0.000207562523428, 8.0267789599e-005, 1.81005234481e-005, 4.19602793045e-006, 1.76404944341e-006, 4.04553937017e-008, 4.33917957121e-010]
        dvar: [6.37783706056e-012, 3.53255700247e-008, 2.48167481232e-007, 7.70013684814e-007, 9.72201974037e-007, 1.27473427369e-007, 1.9461857903e-007, 1.04068710982e-007, 3.16527213329e-008, 4.34313065512e-008, 3.18776507413e-008, 2.06586818763e-008, 1.06357118668e-008, 3.60085294915e-008, 3.27760503183e-008, 3.60314800218e-008, 4.06495743732e-008, 2.81749574782e-008, 5.28195158722e-008, 6.83528114109e-008, 7.21995974118e-008, 1.33170976468e-008, 6.5816008199e-010, 3.58398762057e-011, 1.36759353841e-011, 7.7062744139e-015, 5.52978562997e-019]
        dvar2: [1.34737195359e-011, 9.67416156072e-008, 7.17322279797e-007, 2.24242376134e-006, 2.7917992611e-006, 3.4572764207e-007, 4.98273038829e-007, 2.5173847007e-007, 7.44414023757e-008, 1.10945101994e-007, 8.30927149309e-008, 5.23163592447e-008, 2.63834269987e-008, 9.43480458204e-008, 7.83812836858e-008, 8.0402926983e-008, 9.5044569548e-008, 6.67671926635e-008, 1.28128476717e-007, 1.58999270639e-007, 1.82591875841e-007, 3.13581161038e-008, 1.64674962555e-009, 7.95578602997e-011, 2.6501323705e-011, 1.64919127481e-014, 1.39058925099e-018]
        max: [2.67017803708e-005, 0.00273209786974, 0.00627613440156, 0.00935034267604, 0.0124193793163, 0.00466892262921, 0.0084463711828, 0.00567655917257, 0.00375263998285, 0.00422933697701, 0.0024777171202, 0.00217345356941, 0.00180314888712, 0.00220968620852, 0.00383445294574, 0.0053342343308, 0.00401379726827, 0.0030018100515, 0.0031257160008, 0.00265194731764, 0.00292372354306, 0.0012433596421, 0.000260916654952, 9.5566487289e-005, 8.41736327857e-005, 2.65485823547e-006, 2.19615063912e-008]
        mean: [1.28397311983e-006, 0.000181935887667, 0.000151461164933, 0.000181432056706, 0.000369847810362, 0.000266504503088, 0.000230594378081, 0.000200669877813, 0.000112230998639, 0.00012183515355, 9.76757364697e-005, 8.06189054856e-005, 5.16022773809e-005, 7.25637073629e-005, 9.46171130636e-005, 0.000118724783533, 0.000148534614709, 0.000110054599645, 0.000137823910336, 0.000154786102939, 0.00014313882275, 6.15570825175e-005, 1.28084921016e-005, 3.63416938853e-006, 1.80604342859e-006, 3.67828469905e-008, 3.11650066864e-010]
        median: [2.3321453213e-008, 5.60038097319e-006, 2.66320603259e-005, 2.22922571993e-005, 0.000115304457722, 0.000111255227239, 4.97285946039e-005, 5.0569200539e-005, 2.28556673392e-005, 4.01353972848e-005, 2.35109837377e-005, 1.96100590983e-005, 1.02251533463e-005, 1.86741872312e-005, 1.15494967758e-005, 2.03208073799e-005, 4.24435238529e-005, 3.61166894436e-005, 4.22491357313e-005, 3.87371619581e-005, 1.70724561031e-005, 6.33425497654e-006, 1.09987308861e-006, 4.74552422247e-007, 1.64261138025e-007, 1.3844465574e-009, 5.70739705497e-011]
        min: [1.45142419344e-024, 3.62931236665e-024, 2.40129042613e-024, 5.98402568392e-025, 8.06000959425e-024, 5.48088171831e-024, 4.27395372118e-024, 8.16549134133e-024, 1.69494464769e-023, 1.90113916214e-023, 1.30316681876e-023, 1.95458417292e-023, 4.03535579842e-023, 3.26284797976e-023, 4.6488955229e-023, 5.48929239551e-023, 7.88753367702e-023, 8.89035448567e-023, 1.59436437741e-022, 1.96659590549e-022, 2.49476238912e-022, 3.36529904946e-022, 4.12146501493e-022, 5.96446446571e-022, 9.42264437681e-022, 1.30236265395e-021, 2.04657327463e-021]
        var: [1.19431712783e-011, 7.54865823183e-008, 1.75033690653e-007, 4.59909529127e-007, 6.76351817219e-007, 1.62008916504e-007, 2.42307862663e-007, 1.62182161034e-007, 5.74149083832e-008, 5.62032376195e-008, 3.79158215935e-008, 2.64241801773e-008, 1.38851374842e-008, 3.42430794831e-008, 5.32398054531e-008, 7.61263976301e-008, 8.68203144933e-008, 3.99897146508e-008, 6.79056100239e-008, 8.35549300859e-008, 7.78339028784e-008, 1.63002376041e-008, 7.29131754973e-010, 6.63490512531e-011, 3.18598897264e-011, 1.57303759184e-014, 7.74185477152e-019]
    frequency_bands:
        dmean: [9.0212182613e-007, 6.76540512359e-005, 0.000138441653689, 0.000232170306845, 0.000363814498996, 0.000187747675227, 0.000192812702153, 0.00014005281264, 8.01703208708e-005, 9.53199269134e-005, 8.08326803963e-005, 6.11307841609e-005, 4.21665572503e-005, 6.42131417408e-005, 7.89311598055e-005, 8.18001426524e-005, 9.5749652246e-005, 8.19137421786e-005, 0.000104605889646, 0.000126459184685, 0.000129261883558, 5.21242182003e-005, 1.16767760119e-005, 2.73401519735e-006, 1.23772190364e-006, 2.67795066122e-008, 2.61679067304e-010, 3.63949911875e-011]
        dmean2: [1.32203228986e-006, 0.000114326481707, 0.000250013777986, 0.000432672153693, 0.000651892332826, 0.00032080267556, 0.000322072824929, 0.000222174494411, 0.000128753526951, 0.00015882657317, 0.000134608810185, 0.000100088909676, 6.9406851253e-005, 0.000105415390863, 0.000128442450659, 0.000125750055304, 0.000149903382408, 0.000130466069095, 0.000166051191627, 0.000198956069653, 0.000207562523428, 8.0267789599e-005, 1.81005234481e-005, 4.19602793045e-006, 1.76404944341e-006, 4.04553937017e-008, 4.33917957121e-010, 6.80848710743e-011]
        dvar: [6.37783706056e-012, 3.53255700247e-008, 2.48167481232e-007, 7.70013684814e-007, 9.72201974037e-007, 1.27473427369e-007, 1.9461857903e-007, 1.04068710982e-007, 3.16527213329e-008, 4.34313065512e-008, 3.18776507413e-008, 2.06586818763e-008, 1.06357118668e-008, 3.60085294915e-008, 3.27760503183e-008, 3.60314800218e-008, 4.06495743732e-008, 2.81749574782e-008, 5.28195158722e-008, 6.83528114109e-008, 7.21995974118e-008, 1.33170976468e-008, 6.5816008199e-010, 3.58398762057e-011, 1.36759353841e-011, 7.7062744139e-015, 5.52978562997e-019, 4.29905474507e-021]
        dvar2: [1.34737195359e-011, 9.67416156072e-008, 7.17322279797e-007, 2.24242376134e-006, 2.7917992611e-006, 3.4572764207e-007, 4.98273038829e-007, 2.5173847007e-007, 7.44414023757e-008, 1.10945101994e-007, 8.30927149309e-008, 5.23163592447e-008, 2.63834269987e-008, 9.43480458204e-008, 7.83812836858e-008, 8.0402926983e-008, 9.5044569548e-008, 6.67671926635e-008, 1.28128476717e-007, 1.58999270639e-007, 1.82591875841e-007, 3.13581161038e-008, 1.64674962555e-009, 7.95578602997e-011, 2.6501323705e-011, 1.64919127481e-014, 1.39058925099e-018, 1.37596938942e-020]
        max: [2.67017803708e-005, 0.00273209786974, 0.00627613440156, 0.00935034267604, 0.0124193793163, 0.00466892262921, 0.0084463711828, 0.00567655917257, 0.00375263998285, 0.00422933697701, 0.0024777171202, 0.00217345356941, 0.00180314888712, 0.00220968620852, 0.00383445294574, 0.0053342343308, 0.00401379726827, 0.0030018100515, 0.0031257160008, 0.00265194731764, 0.00292372354306, 0.0012433596421, 0.000260916654952, 9.5566487289e-005, 8.41736327857e-005, 2.65485823547e-006, 2.19615063912e-008, 7.55691509369e-010]
        mean: [1.28397311983e-006, 0.000181935887667, 0.000151461164933, 0.000181432056706, 0.000369847810362, 0.000266504503088, 0.000230594378081, 0.000200669877813, 0.000112230998639, 0.00012183515355, 9.76757364697e-005, 8.06189054856e-005, 5.16022773809e-005, 7.25637073629e-005, 9.46171130636e-005, 0.000118724783533, 0.000148534614709, 0.000110054599645, 0.000137823910336, 0.000154786102939, 0.00014313882275, 6.15570825175e-005, 1.28084921016e-005, 3.63416938853e-006, 1.80604342859e-006, 3.67828469905e-008, 3.11650066864e-010, 2.74547936469e-011]
        median: [2.3321453213e-008, 5.60038097319e-006, 2.66320603259e-005, 2.22922571993e-005, 0.000115304457722, 0.000111255227239, 4.97285946039e-005, 5.0569200539e-005, 2.28556673392e-005, 4.01353972848e-005, 2.35109837377e-005, 1.96100590983e-005, 1.02251533463e-005, 1.86741872312e-005, 1.15494967758e-005, 2.03208073799e-005, 4.24435238529e-005, 3.61166894436e-005, 4.22491357313e-005, 3.87371619581e-005, 1.70724561031e-005, 6.33425497654e-006, 1.09987308861e-006, 4.74552422247e-007, 1.64261138025e-007, 1.3844465574e-009, 5.70739705497e-011, 5.98707802085e-012]
        min: [1.45142419344e-024, 3.62931236665e-024, 2.40129042613e-024, 5.98402568392e-025, 8.06000959425e-024, 5.48088171831e-024, 4.27395372118e-024, 8.16549134133e-024, 1.69494464769e-023, 1.90113916214e-023, 1.30316681876e-023, 1.95458417292e-023, 4.03535579842e-023, 3.26284797976e-023, 4.6488955229e-023, 5.48929239551e-023, 7.88753367702e-023, 8.89035448567e-023, 1.59436437741e-022, 1.96659590549e-022, 2.49476238912e-022, 3.36529904946e-022, 4.12146501493e-022, 5.96446446571e-022, 9.42264437681e-022, 1.30236265395e-021, 2.04657327463e-021, 5.04390897527e-022]
        var: [1.19431712783e-011, 7.54865823183e-008, 1.75033690653e-007, 4.59909529127e-007, 6.76351817219e-007, 1.62008916504e-007, 2.42307862663e-007, 1.62182161034e-007, 5.74149083832e-008, 5.62032376195e-008, 3.79158215935e-008, 2.64241801773e-008, 1.38851374842e-008, 3.42430794831e-008, 5.32398054531e-008, 7.61263976301e-008, 8.68203144933e-008, 3.99897146508e-008, 6.79056100239e-008, 8.35549300859e-008, 7.78339028784e-008, 1.63002376041e-008, 7.29131754973e-010, 6.63490512531e-011, 3.18598897264e-011, 1.57303759184e-014, 7.74185477152e-019, 3.27248220547e-021]
    mfcc:
        mean: [-789.167907715, 109.389442444, -35.9109115601, 33.5037078857, -18.9934749603, -9.53735160828, -7.41523551941, -6.05523443222, -3.56806564331, -8.14970207214, -8.74539470673, -5.72194719315, -3.47476029396]
        cov: [[13509.9414063, 408.68145752, -317.712463379, 2353.15527344, -388.35369873, 767.50213623, -261.005371094, -42.0207252502, 176.237503052, 160.4662323, 386.670593262, 468.21673584, 378.856292725], [408.68145752, 2361.45532227, -79.5278701782, -54.2620773315, 458.181793213, -208.524520874, 111.463630676, -73.2734451294, -6.74968194962, -22.097946167, 48.7139549255, 106.546958923, 155.612686157], [-317.712463379, -79.5278701782, 1023.34533691, 172.358062744, 142.562759399, 246.3099823, 186.803771973, 123.66305542, 34.0948829651, 59.2082824707, 97.9804611206, 136.005432129, 70.5572052002], [2353.15527344, -54.2620773315, 172.358062744, 850.028564453, 68.5691757202, 202.336608887, -31.9605960846, 23.6566448212, 112.634094238, 99.5025634766, 123.639434814, 112.024436951, 82.7246398926], [-388.35369873, 458.181793213, 142.562759399, 68.5691757202, 485.925262451, -15.0185642242, 68.0363998413, 47.5256385803, 97.8148040771, 102.34400177, 62.6073989868, 45.066783905, 76.7245864868], [767.50213623, -208.524520874, 246.3099823, 202.336608887, -15.0185642242, 336.929931641, 95.7245254517, 57.2461013794, 38.9399757385, 37.1475105286, 80.2572937012, 87.4774627686, 52.6606712341], [-261.005371094, 111.463630676, 186.803771973, -31.9605960846, 68.0363998413, 95.7245254517, 238.603378296, 107.235435486, 42.3249702454, 22.4093036652, 42.6515159607, 50.4465370178, 33.293182373], [-42.0207252502, -73.2734451294, 123.66305542, 23.6566448212, 47.5256385803, 57.2461013794, 107.235435486, 188.984313965, 95.8272018433, 38.3762283325, 29.8763389587, 14.1095714569, 16.8687667847], [176.237503052, -6.74968194962, 34.0948829651, 112.634094238, 97.8148040771, 38.9399757385, 42.3249702454, 95.8272018433, 183.42539978, 104.162384033, 52.47108078, 20.759311676, 24.360502243], [160.4662323, -22.097946167, 59.2082824707, 99.5025634766, 102.34400177, 37.1475105286, 22.4093036652, 38.3762283325, 104.162384033, 152.442108154, 86.7205886841, 32.2531738281, 13.0208530426], [386.670593262, 48.7139549255, 97.9804611206, 123.639434814, 62.6073989868, 80.2572937012, 42.6515159607, 29.8763389587, 52.47108078, 86.7205886841, 161.429168701, 107.853424072, 48.0962791443], [468.21673584, 106.546958923, 136.005432129, 112.024436951, 45.066783905, 87.4774627686, 50.4465370178, 14.1095714569, 20.759311676, 32.2531738281, 107.853424072, 176.38684082, 103.119163513], [378.856292725, 155.612686157, 70.5572052002, 82.7246398926, 76.7245864868, 52.6606712341, 33.293182373, 16.8687667847, 24.360502243, 13.0208530426, 48.0962791443, 103.119163513, 147.64125061]]
        icov: [[0.000234277657, -0.000155362751684, 0.00021859825938, -0.000586204463616, 0.000373252900317, -0.000392372778151, 0.000283068191493, -0.000241534609813, 0.000184178978088, -0.000211482300074, 6.30408612778e-005, -0.000189030426554, -0.000203930627322], [-0.000155362751684, 0.000784491479862, -4.34884896094e-005, 0.000333754054736, -0.000866674876306, 0.000797131564468, -0.000786032236647, 0.000711304426659, -0.000220795263886, 0.000766999903135, -0.000339040678227, -8.22437959869e-006, -0.000247377174674], [0.00021859825938, -4.34884896094e-005, 0.00167223997414, -0.000687084975652, -0.00015438022092, -0.00101389642805, -0.000302540545817, -0.000860065920278, 0.000996769987978, -0.000554332917091, 0.000474728323752, -0.0011324682273, 0.000199814792722], [-0.000586204463616, 0.000333754054736, -0.000687084975652, 0.00318116368726, -0.000949967303313, 2.59421867668e-005, 0.000305600347929, 0.000765132892411, -0.0013628032757, 0.000472120853374, -0.000652486342005, 0.000289512769086, 0.000220036919927], [0.000373252900317, -0.000866674876306, -0.00015438022092, -0.000949967303313, 0.00411479733884, -0.000146943086293, 0.000251143734204, -0.000440660922322, -0.000319423677865, -0.00233029248193, 0.000118036892673, 0.000672406866215, -0.00178034731653], [-0.000392372778151, 0.000797131564468, -0.00101389642805, 2.59421867668e-005, -0.000146943086293, 0.00596815440804, -0.00241713016294, 0.000822156318463, -0.000502599112224, 0.000791264814325, -0.00124701228924, 4.09769927501e-005, -0.000573790632188], [0.000283068191493, -0.000786032236647, -0.000302540545817, 0.000305600347929, 0.000251143734204, -0.00241713016294, 0.00805551186204, -0.00412178039551, 0.000549203774426, -0.000362576101907, 1.09900138341e-005, -0.00123521091882, 0.000262001150986], [-0.000241534609813, 0.000711304426659, -0.000860065920278, 0.000765132892411, -0.000440660922322, 0.000822156318463, -0.00412178039551, 0.0107780415565, -0.00592756690457, 0.00269410852343, -0.00140214175917, 0.00181360112038, -0.000583331275266], [0.000184178978088, -0.000220795263886, 0.000996769987978, -0.0013628032757, -0.000319423677865, -0.000502599112224, 0.000549203774426, -0.00592756690457, 0.0133344084024, -0.00797295104712, 0.00180062628351, -0.000267114315648, -0.000951000780333], [-0.000211482300074, 0.000766999903135, -0.000554332917091, 0.000472120853374, -0.00233029248193, 0.000791264814325, -0.000362576101907, 0.00269410852343, -0.00797295104712, 0.0170382056385, -0.0081971520558, 0.0024412847124, 0.00121546140872], [6.30408612778e-005, -0.000339040678227, 0.000474728323752, -0.000652486342005, 0.000118036892673, -0.00124701228924, 1.09900138341e-005, -0.00140214175917, 0.00180062628351, -0.0081971520558, 0.0166796203703, -0.00965560600162, 0.00261157099158], [-0.000189030426554, -8.22437959869e-006, -0.0011324682273, 0.000289512769086, 0.000672406866215, 4.09769927501e-005, -0.00123521091882, 0.00181360112038, -0.000267114315648, 0.0024412847124, -0.00965560600162, 0.017395824194, -0.00859578605741], [-0.000203930627322, -0.000247377174674, 0.000199814792722, 0.000220036919927, -0.00178034731653, -0.000573790632188, 0.000262001150986, -0.000583331275266, -0.000951000780333, 0.00121546140872, 0.00261157099158, -0.00859578605741, 0.013678483665]]
    sccoeffs:
        dmean: [0.0589220710099, 0.0532850921154, 0.0424050539732, 0.0368051640689, 0.0258477069438, 0.0251478403807]
        dmean2: [0.0964628309011, 0.0865755900741, 0.0681020766497, 0.0577718839049, 0.0405212081969, 0.0383138619363]
        dvar: [0.0034292684868, 0.00215092208236, 0.00130548921879, 0.00111491768621, 0.000610970368143, 0.000817686086521]
        dvar2: [0.0087214531377, 0.00530256703496, 0.00310922460631, 0.00250322767533, 0.00135462416802, 0.0017856976483]
        max: [-0.260369300842, -0.39167419076, -0.484567373991, -0.476017415524, -0.587390244007, -0.433538734913]
        mean: [-0.643115520477, -0.719048142433, -0.754656970501, -0.772335290909, -0.795187532902, -0.751558303833]
        median: [-0.653492569923, -0.722432613373, -0.763255417347, -0.781156778336, -0.799905776978, -0.75275105238]
        min: [-0.996958553791, -0.989796280861, -0.985110878944, -0.984017193317, -0.987669527531, -0.963193655014]
        var: [0.0107841053978, 0.00866819359362, 0.00485400157049, 0.00402489863336, 0.00254835700616, 0.00310632144101]
    scvalleys:
        dmean: [0.431266903877, 0.526064276695, 0.476801693439, 0.457014620304, 0.455891281366, 0.531484782696]
        dmean2: [0.68901604414, 0.83048582077, 0.72237932682, 0.669757783413, 0.619724929333, 0.682045519352]
        dvar: [0.149055153131, 0.312237650156, 0.245464593172, 0.254983872175, 0.305010557175, 0.514472365379]
        dvar2: [0.323551744223, 0.702917277813, 0.513673603535, 0.51423561573, 0.553279936314, 0.864273905754]
        max: [-4.92945432663, -4.57959794998, -4.98761129379, -5.21672439575, -5.47457551956, -7.58104944229]
        mean: [-8.14678859711, -7.4884929657, -7.81451654434, -8.32155036926, -8.32491970062, -11.0533132553]
        median: [-7.58573150635, -7.07784080505, -7.55743503571, -8.03831672668, -7.85964441299, -10.3432731628]
        min: [-28.0741691589, -27.9007415771, -27.9946193695, -27.6860389709, -27.4527263641, -27.4055023193]
        var: [5.8845539093, 4.4534740448, 3.83703923225, 4.0323843956, 4.49021053314, 5.99222135544]

rhythm:
    beats_loudness:
        dmean: 0.0024825357832
        dmean2: 0.00474311597645
        dvar: 4.27598024544e-006
        dvar2: 1.49131155922e-005
        max: 0.0168295037001
        mean: 0.0055139567703
        median: 0.00531050981954
        min: 0
        var: 1.54724384629e-005
    bpm: 89.913848877
    bpm_confidence: 0
    first_peak_bpm: 91
    first_peak_spread: 0.451612889767
    first_peak_weight: 0.53125
    onset_rate: 4.47379112244
    second_peak_bpm: 85
    second_peak_spread: 0.181818127632
    second_peak_weight: 0.0255681835115
    beats_loudness_band_ratio:
        dmean: [0.27696916461, 0.0881796181202, 0.100530199707, 0.151062756777, 0.158275917172, 0.168515741825]
        dmean2: [0.552471339703, 0.157278582454, 0.178897604346, 0.263803243637, 0.297966301441, 0.324398100376]
        dvar: [0.0509876981378, 0.0081883771345, 0.0188007168472, 0.0155112594366, 0.00961815658957, 0.0112899541855]
        dvar2: [0.186822205782, 0.0247192550451, 0.051716376096, 0.0444034449756, 0.0323967114091, 0.0398454256356]
        max: [0.863433122635, 0.706998825073, 0.931800782681, 0.937426567078, 0.632124900818, 0.714246034622]
        mean: [0.189787238836, 0.130102589726, 0.126209273934, 0.183784931898, 0.170559391379, 0.231557443738]
        median: [0.0746246948838, 0.0976701974869, 0.0842793881893, 0.149856820703, 0.170691356063, 0.223739892244]
        min: [0, 0, 0, 0, 0, 0]
        var: [0.0536762364209, 0.0134695190936, 0.0185612719506, 0.0312451161444, 0.0153393689543, 0.0262315478176]
    beats_position: [0.673378646374, 1.34675729275, 2.02013611794, 2.69351458549, 3.35528349876, 4.01705217361, 4.69043064117, 5.36380958557, 6.025578022, 6.68734693527, 7.36072540283, 8.0224943161, 8.68426322937, 9.35764122009, 10.0310201645, 10.6927890778, 11.354557991, 12.0279359818, 12.689704895, 13.3514738083, 14.0248527527, 14.6982307434, 15.3599996567, 16.0217685699, 16.6951465607, 17.3569164276, 18.0186843872, 18.6920623779, 19.365442276, 20.0272102356, 20.6889801025, 21.3623580933, 22.0241260529, 22.6858959198, 23.3592739105, 24.0210418701, 24.6828117371, 25.3561897278, 26.0295696259, 26.6913375854, 27.353105545, 28.0264854431, 28.6882534027, 29.3500213623, 30.0234012604, 30.6967792511, 31.358549118, 32.0203170776, 32.6936950684, 33.3554649353, 34.0172348022, 34.690612793, 35.3639907837, 36.0257606506, 36.6875267029, 37.3609046936, 38.0226745605, 38.6844444275, 39.3578224182, 40.0195922852, 40.6813583374, 41.3547401428, 42.0281181335, 42.6898841858, 43.3516540527, 44.0250320435, 44.6868019104, 45.3485717773, 46.0219497681, 46.6953277588, 47.3687057495, 48.0304756165, 48.6922454834, 49.3540115356, 50.0157814026, 50.6891593933, 51.362537384, 52.024307251, 52.6860771179, 53.3594551086, 54.0212249756, 54.6829910278, 55.3563690186, 56.029750824, 56.6915168762, 57.3532867432, 58.0266647339, 58.6884346008, 59.3502044678, 60.0235824585, 60.6853485107, 61.3471183777, 62.0204963684, 62.6938781738, 63.3556442261, 64.0174102783, 64.6907958984, 65.3525619507, 66.0143280029, 66.6877059937, 67.3610839844, 68.0344696045, 68.6962356567, 69.358001709, 70.0313796997, 70.6931533813, 71.3549194336, 72.0282974243, 72.6900634766, 73.3518371582, 74.0252151489, 74.6985931396, 75.3603591919, 76.0221328735, 76.6955108643, 77.3572769165, 78.0190429688, 78.6924285889, 79.3541946411, 80.0159606934, 80.6893386841, 81.3627166748, 82.0244903564, 82.6862564087, 83.3596343994, 84.0214080811, 84.6831741333, 85.356552124, 86.0299301147, 86.691696167, 87.3534698486, 88.0268478394, 88.6886138916, 89.3503875732, 90.023765564, 90.6971435547, 91.3589096069, 92.0206756592, 92.6940536499, 93.3558273315, 94.0175933838, 94.6909713745, 95.3643493652, 96.0261230469, 96.6878890991, 97.3612670898, 98.0230331421, 98.6848068237, 99.3581848145, 100.019950867, 100.681724548, 101.355102539, 102.016868591, 102.678634644, 103.352012634, 104.025398254, 104.698776245, 105.360542297, 106.02230835, 106.69568634, 107.36907196, 108.030838013, 108.692604065, 109.365982056, 110.027755737, 110.68952179, 111.36289978, 112.024665833, 112.686439514, 113.359817505, 114.033195496, 114.694961548, 115.356735229, 116.03011322, 116.703491211, 117.365257263, 118.027030945, 118.700408936, 119.362174988, 120.02394104, 120.697319031, 121.359092712, 122.020858765, 122.694236755, 123.367614746, 124.029388428, 124.69115448, 125.364532471, 126.026298523, 126.688072205, 127.361450195, 128.023223877, 128.6849823, 129.35836792, 130.031738281, 130.693511963, 131.355285645, 132.028656006, 132.702041626, 133.363800049, 134.02557373, 134.698959351, 135.360717773, 136.022491455, 136.695877075, 137.357635498, 138.01940918, 138.692779541, 139.354553223, 140.016326904, 140.689697266, 141.363082886, 142.036453247, 142.698226929, 143.36000061, 144.021759033, 144.683532715, 145.356918335, 146.030288696, 146.692062378, 147.35383606, 148.027206421, 148.700592041, 149.362350464, 150.024124146, 150.685897827, 151.359268188, 152.02104187, 152.694412231, 153.367797852, 154.029571533, 154.691329956, 155.364715576, 156.026489258, 156.688247681, 157.361633301, 158.035003662, 158.696777344, 159.358551025, 160.020309448, 160.68208313, 161.35546875, 162.028839111, 162.690612793, 163.352371216, 164.025756836, 164.699142456, 165.360900879, 166.022674561, 166.696044922, 167.369430542, 168.019592285, 168.692962646, 169.366348267, 170.028121948, 170.689880371, 171.363265991, 172.025024414, 172.686798096, 173.360183716, 174.033554077, 174.695327759, 175.35710144, 176.030471802, 176.703857422, 177.365615845, 178.027389526, 178.700775146, 179.374145508, 180.035919189, 180.697677612, 181.371063232, 182.044433594, 182.706207275, 183.367980957, 184.041351318, 184.703125, 185.364898682, 186.038269043, 186.711654663, 187.373413086, 188.035186768, 188.708572388, 189.381942749, 190.043716431, 190.705490112, 191.378860474, 192.040634155, 192.702392578, 193.375778198, 194.03755188, 194.699310303, 195.372695923, 196.046066284, 196.707839966, 197.369613647, 198.042984009, 198.716369629, 199.378143311, 200.039901733, 200.713287354, 201.375045776, 202.036819458, 202.710205078, 203.383575439, 204.045349121, 204.707122803, 205.380493164, 206.042266846, 206.715637207, 207.377410889, 208.050796509, 208.72416687, 209.385940552, 210.047698975, 210.721084595, 211.394470215, 212.056228638, 212.718002319, 213.379776001, 214.053146362, 214.714920044, 215.376678467, 216.038452148, 216.711837769, 217.38520813, 218.05859375, 218.720352173, 219.382125854, 220.043899536, 220.705657959, 221.379043579, 222.052429199, 222.725799561, 223.399185181, 224.072555542, 224.745941162, 225.419311523, 226.104309082, 226.789291382, 227.47428894, 228.15927124, 228.867477417, 229.575683594, 230.283889771, 230.980499268, 231.688705444, 232.385299683, 233.081893921, 233.790115356, 234.498321533, 235.218139648, 235.937957764]
