
metadata:
    version:
        essentia: "2.1-beta2"
    audio_properties:
        analysis_sample_rate: 44100
        bitrate: 320
        channels: 2
        equal_loudness: 1
        length: 232.271987915
        replay_gain: -16.4314136505
        downmix: "mix"
    tags:
        album: "The Rising Tied"
        artist: "Fort Minor"
        comment: ""
        date: "2005"
        genre: "Alternative Hip-Hop"
        title: "The Hard Way (feat Kenna)"
        tracknumber: "21"

configuration:
    average_loudness:
        compute: 1
        frameSize: 88200
        hopSize: 44100
        silentFrames: "noise"
        windowType: "hann"
    general:
        analysisSampleRate: 44100
        endTime: 2000
        equalLoudness: 1
        nequalLoudness: 0
        shortSound: 0
        startTime: 0
    lowlevel:
        compute: 1
        frameSize: 2048
        hopSize: 1024
        zeroPadding: 0
        silentFrames: "noise"
        windowType: "blackmanharris62"
        mfccStats: ["mean", "cov", "icov"]
        stats: ["mean", "var", "median", "min", "max", "dmean", "dmean2", "dvar", "dvar2"]
    panning:
        compute: 0
        frameSize: 8192
        hopSize: 2048
        zeroPadding: 8192
        silentFrames: "noise"
        windowType: "hann"
        stats: ["copy"]
    rhythm:
        compute: 1
        maxTempo: 208
        minTempo: 40
        method: "degara"
        stats: ["mean", "var", "median", "min", "max", "dmean", "dmean2", "dvar", "dvar2"]
    segmentation:
        compute: 0
        cpw: 5
        inc1: 300
        inc2: 50
        minimumSegmentsLength: 10
        size1: 1000
        size2: 600
    sfx:
        compute: 1
        stats: ["mean", "var", "median", "min", "max", "dmean", "dmean2", "dvar", "dvar2"]
    svm:
        compute: 0
    tonal:
        compute: 1
        frameSize: 4096
        hopSize: 2048
        zeroPadding: 0
        silentFrames: "noise"
        windowType: "blackmanharris62"
        stats: ["mean", "var", "median", "min", "max", "dmean", "dmean2", "dvar", "dvar2"]

lowlevel:
    average_loudness: 0.955402255058
    barkbands_kurtosis:
        dmean: 1.66888415813
        dmean2: 2.71652698517
        dvar: 9.61758613586
        dvar2: 24.8477535248
        max: 97.1650314331
        mean: 1.52594435215
        median: 0.036694843322
        min: -1.89743053913
        var: 36.6481132507
    barkbands_skewness:
        dmean: 0.444880455732
        dmean2: 0.690515816212
        dvar: 0.197753027081
        dvar2: 0.446521908045
        max: 6.82680082321
        mean: 0.978556156158
        median: 0.89376783371
        min: -3.24930906296
        var: 0.761723935604
    barkbands_spread:
        dmean: 5.37858486176
        dmean2: 8.43731689453
        dvar: 31.5220870972
        dvar2: 70.4333953857
        max: 90.9732131958
        mean: 22.5717315674
        median: 21.5249614716
        min: 0.203257769346
        var: 133.444030762
    dissonance:
        dmean: 0.02369136177
        dmean2: 0.039936106652
        dvar: 0.000549722346477
        dvar2: 0.00149067514576
        max: 0.500000059605
        mean: 0.456600397825
        median: 0.466497421265
        min: 0.191190749407
        var: 0.00140673702117
    hfc:
        dmean: 2.05579042435
        dmean2: 3.13630437851
        dvar: 10.5343647003
        dvar2: 24.7977428436
        max: 31.2000083923
        mean: 4.03501844406
        median: 2.69336843491
        min: 1.14370213421e-016
        var: 17.0489902496
    pitch:
        dmean: 363.889862061
        dmean2: 694.75982666
        dvar: 857077.5
        dvar2: 2209243
        max: 5442.02880859
        mean: 576.874938965
        median: 246.411209106
        min: 43.0243911743
        var: 1075673.5
    pitch_instantaneous_confidence:
        dmean: 0.0916043519974
        dmean2: 0.146877869964
        dvar: 0.00724058970809
        dvar2: 0.0159233193845
        max: 0.936829864979
        mean: 0.415039598942
        median: 0.38649559021
        min: 0.104537665844
        var: 0.0276795253158
    pitch_salience:
        dmean: 0.0705349966884
        dmean2: 0.116310782731
        dvar: 0.00395097211003
        dvar2: 0.00963393505663
        max: 0.879347205162
        mean: 0.636060595512
        median: 0.64843326807
        min: 0.185129359365
        var: 0.0112248137593
    silence_rate_20dB:
        dmean: 0
        dmean2: 0
        dvar: 0
        dvar2: 0
        max: 1
        mean: 1
        median: 1
        min: 1
        var: 0
    silence_rate_30dB:
        dmean: 0
        dmean2: 0
        dvar: 0
        dvar2: 0
        max: 1
        mean: 1
        median: 1
        min: 1
        var: 0
    silence_rate_60dB:
        dmean: 0.175729706883
        dmean2: 0.351494550705
        dvar: 0.144853234291
        dvar2: 0.263329535723
        max: 1
        mean: 0.536531746387
        median: 1
        min: 0
        var: 0.24866810441
    spectral_centroid:
        dmean: 236.368621826
        dmean2: 363.741821289
        dvar: 88040.8046875
        dvar2: 161772.546875
        max: 11572.5615234
        mean: 1064.70422363
        median: 982.055053711
        min: 130.784393311
        var: 349959.21875
    spectral_complexity:
        dmean: 3.8950419426
        dmean2: 6.01699495316
        dvar: 27.1476917267
        dvar2: 58.8239212036
        max: 49
        mean: 10.0477762222
        median: 8
        min: 0
        var: 56.4787864685
    spectral_crest:
        dmean: 2.25706958771
        dmean2: 3.71072387695
        dvar: 4.33364677429
        dvar2: 10.7669830322
        max: 26.0428676605
        mean: 8.09249210358
        median: 7.08458471298
        min: 2.2637553215
        var: 15.0666046143
    spectral_decrease:
        dmean: 3.97626098714e-010
        dmean2: 6.12282835544e-010
        dvar: 3.34733058832e-019
        dvar2: 7.38577523131e-019
        max: 1.99761630692e-028
        mean: -8.67476146471e-010
        median: -6.64914900916e-010
        min: -4.61636684435e-009
        var: 5.61147281738e-019
    spectral_energy:
        dmean: 0.0016672873171
        dmean2: 0.00255738012493
        dvar: 5.94669290876e-006
        dvar2: 1.32383775053e-005
        max: 0.0199595540762
        mean: 0.00364003167488
        median: 0.00280791567639
        min: 1.02986765073e-020
        var: 9.92396417132e-006
    spectral_energyband_high:
        dmean: 0.000113953523396
        dmean2: 0.000178437665454
        dvar: 4.2052391791e-008
        dvar2: 9.56164782906e-008
        max: 0.00310241151601
        mean: 0.000178525224328
        median: 5.84058834647e-005
        min: 7.26157706733e-021
        var: 7.77363524662e-008
    spectral_energyband_low:
        dmean: 0.000252140045632
        dmean2: 0.00040667646681
        dvar: 2.08585774431e-007
        dvar2: 5.05524781147e-007
        max: 0.00516948802397
        mean: 0.000372756941942
        median: 0.000181832059752
        min: 2.16644113094e-023
        var: 2.88978583285e-007
    spectral_energyband_middle_high:
        dmean: 0.000656161049847
        dmean2: 0.00104404904414
        dvar: 1.34669232921e-006
        dvar2: 3.30766738443e-006
        max: 0.0109605845064
        mean: 0.00114791688975
        median: 0.000724674435332
        min: 1.40219180244e-021
        var: 1.81044049441e-006
    spectral_energyband_middle_low:
        dmean: 0.00105537031777
        dmean2: 0.00167405675165
        dvar: 2.1881351131e-006
        dvar2: 4.84699057779e-006
        max: 0.0123527534306
        mean: 0.0021001168061
        median: 0.00153497653082
        min: 2.35685763842e-022
        var: 3.66468634638e-006
    spectral_flatness_db:
        dmean: 0.0200833082199
        dmean2: 0.0315467081964
        dvar: 0.000378339726012
        dvar2: 0.000840613734908
        max: 0.601668894291
        mean: 0.17217695713
        median: 0.153391495347
        min: 0.0494883172214
        var: 0.00591888837516
    spectral_flux:
        dmean: 0.0111649427563
        dmean2: 0.0170447323471
        dvar: 0.000214221756323
        dvar2: 0.000460247392766
        max: 0.124997362494
        mean: 0.0357071086764
        median: 0.0315043330193
        min: 6.65810948042e-011
        var: 0.00045046833111
    spectral_kurtosis:
        dmean: 5.50793504715
        dmean2: 9.7000169754
        dvar: 489.643188477
        dvar2: 1635.8302002
        max: 514.703674316
        mean: 14.0236244202
        median: 4.17078304291
        min: -1.21959328651
        var: 2106.5378418
    spectral_rms:
        dmean: 0.000388294516597
        dmean2: 0.000581673171837
        dvar: 2.38040826162e-007
        dvar2: 5.04805655055e-007
        max: 0.00441279215738
        mean: 0.0017171073705
        median: 0.00165512226522
        min: 3.16977759145e-012
        var: 6.02795694249e-007
    spectral_rolloff:
        dmean: 592.472229004
        dmean2: 972.521728516
        dvar: 509916.59375
        dvar2: 1038730.4375
        max: 19810.546875
        mean: 2052.62866211
        median: 1916.45507813
        min: 129.19921875
        var: 1601688.375
    spectral_skewness:
        dmean: 0.387822300196
        dmean2: 0.630672097206
        dvar: 0.415054440498
        dvar2: 1.20183205605
        max: 18.7701454163
        mean: 2.07188105583
        median: 1.62431955338
        min: -0.0366746783257
        var: 4.57917356491
    spectral_spread:
        dmean: 552091.875
        dmean2: 793770.875
        dvar: 726103883776
        dvar2: 1.32817000858e+012
        max: 41704544
        mean: 4075303
        median: 3861621.25
        min: 165381.796875
        var: 3.86237674291e+012
    spectral_strongpeak:
        dmean: 0.251889318228
        dmean2: 0.437377095222
        dvar: 0.193116545677
        dvar2: 0.531595230103
        max: 7.57813405991
        mean: 0.406419754028
        median: 0.291563570499
        min: 3.6340905285e-010
        var: 0.191221058369
    zerocrossingrate:
        dmean: 0.00918426550925
        dmean2: 0.010727445595
        dvar: 0.000103646423668
        dvar2: 0.000116059651191
        max: 0.5107421875
        mean: 0.0652202218771
        median: 0.0625
        min: 0.0068359375
        var: 0.000920156540815
    barkbands:
        dmean: [9.4144797913e-007, 6.30951544736e-005, 0.000135062931804, 0.000190798731637, 0.00034590595169, 0.000255266670138, 0.000233852595557, 0.000239118991885, 0.000219153487706, 0.000168425351148, 9.0920686489e-005, 8.77584534464e-005, 5.85766611039e-005, 6.57501223031e-005, 7.44626668165e-005, 6.35505057289e-005, 7.74783547968e-005, 0.000118783129437, 7.24910423742e-005, 8.96420460776e-005, 4.7414956498e-005, 1.85046083061e-005, 5.29896988155e-006, 1.69347231349e-006, 8.73108660926e-007, 2.34405757027e-008, 3.10381415014e-010]
        dmean2: [1.52926838837e-006, 0.000106727151433, 0.000227689582971, 0.000315587676596, 0.00058777508093, 0.000410888664192, 0.000399323325837, 0.000393543072278, 0.000364008767065, 0.000280470703728, 0.000154125067638, 0.000147094222484, 9.5189876447e-005, 0.000110008928459, 0.000123591074953, 0.000103499201941, 0.000124791957205, 0.000194970140001, 0.000116665331007, 0.000144945865031, 7.5792442658e-005, 2.83991648757e-005, 7.98170822236e-006, 2.53049665844e-006, 1.26116276533e-006, 3.41616797073e-008, 4.90294471689e-010]
        dvar: [1.52730573414e-012, 1.28611832295e-008, 8.54138164641e-008, 1.11741336184e-007, 4.70206032332e-007, 2.19387231937e-007, 2.38790931917e-007, 1.21062882386e-007, 1.35807454171e-007, 1.21973499745e-007, 3.89386549671e-008, 3.02905576177e-008, 1.07829389862e-008, 2.0229853348e-008, 2.57198404796e-008, 1.60707589458e-008, 1.80760846291e-008, 4.49460877405e-008, 1.3330812898e-008, 2.49314950906e-008, 7.22768112027e-009, 2.08679828972e-009, 1.25481736113e-010, 3.88013197961e-011, 1.13109643179e-011, 7.72037073621e-015, 5.14546200774e-019]
        dvar2: [4.30079930003e-012, 3.27362563723e-008, 2.19765382781e-007, 2.82617548919e-007, 1.21649839002e-006, 5.36534628282e-007, 6.32883597973e-007, 3.05620829977e-007, 3.30407061711e-007, 3.01058463492e-007, 1.00049582841e-007, 8.05366937584e-008, 2.63059209971e-008, 5.06024342428e-008, 6.64208243961e-008, 3.72824864314e-008, 4.29381543654e-008, 1.09298895268e-007, 2.88890706912e-008, 5.90826552127e-008, 1.66651297206e-008, 4.40559455583e-009, 2.57530191616e-010, 7.514307232e-011, 2.13749330735e-011, 1.50244264729e-014, 9.32183333101e-019]
        max: [1.1553067452e-005, 0.00140027306043, 0.00342633249238, 0.00401462242007, 0.00635486049578, 0.00820993259549, 0.00878101959825, 0.00536140426993, 0.00421584909782, 0.00465959869325, 0.00215749954805, 0.00216195429675, 0.0011780152563, 0.00148090231232, 0.00189194094855, 0.00259893666953, 0.00233747554012, 0.00310225714929, 0.00186896440573, 0.00218414282426, 0.00127971475013, 0.00159137195442, 0.000217158711166, 0.000154656052473, 0.000100905184809, 2.2441265628e-006, 2.43921345344e-008]
        mean: [1.46428749304e-006, 9.36423093663e-005, 0.000148471735884, 0.000233470098465, 0.000382243684726, 0.000390752393287, 0.000330578477588, 0.00039266271051, 0.000288365845336, 0.000216279586311, 0.000108579108201, 0.000116871728096, 7.94257357484e-005, 8.21743378765e-005, 9.02990504983e-005, 8.63616223796e-005, 9.87946987152e-005, 0.000137231560075, 0.000118183597806, 0.00013198464876, 7.24262354197e-005, 2.80842377833e-005, 7.84501935414e-006, 2.55228064816e-006, 1.26274528611e-006, 3.24790292439e-008, 3.77743891722e-010]
        median: [1.01339503544e-006, 5.20329995197e-005, 5.29658063897e-005, 7.9982150055e-005, 0.000173998807441, 0.000181350915227, 0.000170576502569, 0.000214868821786, 0.000114483460493, 7.63988646213e-005, 3.64477309631e-005, 5.30366996827e-005, 3.51175076503e-005, 3.43762840203e-005, 3.64863190043e-005, 3.3249041735e-005, 3.47099230567e-005, 5.64153779123e-005, 6.2220133259e-005, 4.85545278934e-005, 2.45376049861e-005, 9.04037642613e-006, 1.60340300681e-006, 3.78477324148e-007, 1.19116840835e-007, 3.0258928696e-009, 8.44778830222e-011]
        min: [1.29980256366e-024, 8.7624247549e-024, 2.59970274885e-024, 2.99729554762e-024, 3.31229725229e-023, 1.09230855864e-023, 2.21303062492e-023, 2.92241347839e-023, 2.82987094342e-023, 2.43812530002e-023, 4.44753025714e-023, 4.34721050028e-023, 2.21994499075e-023, 2.97041187794e-023, 8.63214579635e-023, 1.06815363773e-022, 1.50013399564e-022, 1.64934255514e-022, 1.59220895698e-022, 2.00624089914e-022, 3.75107853784e-022, 4.08668950188e-022, 4.51807625774e-022, 5.79055206433e-022, 1.04025615873e-021, 1.67637693195e-021, 2.22313958081e-021]
        var: [2.51760418069e-012, 1.76284764564e-008, 8.24438401992e-008, 1.36600988299e-007, 4.2673238454e-007, 3.31417595589e-007, 2.5924896363e-007, 2.22835680574e-007, 1.98835834908e-007, 1.53971498662e-007, 4.07961309179e-008, 3.42632553441e-008, 1.44750655906e-008, 2.1695912622e-008, 2.6745809123e-008, 2.73192952704e-008, 2.88011392513e-008, 4.70078127535e-008, 2.46331790521e-008, 4.32103526293e-008, 1.25182264554e-008, 3.72092912038e-009, 2.5305635365e-010, 8.3614268287e-011, 2.60927286722e-011, 1.58929825274e-014, 1.37704292769e-018]
    frequency_bands:
        dmean: [9.4144797913e-007, 6.30951544736e-005, 0.000135062931804, 0.000190798731637, 0.00034590595169, 0.000255266670138, 0.000233852595557, 0.000239118991885, 0.000219153487706, 0.000168425351148, 9.0920686489e-005, 8.77584534464e-005, 5.85766611039e-005, 6.57501223031e-005, 7.44626668165e-005, 6.35505057289e-005, 7.74783547968e-005, 0.000118783129437, 7.24910423742e-005, 8.96420460776e-005, 4.7414956498e-005, 1.85046083061e-005, 5.29896988155e-006, 1.69347231349e-006, 8.73108660926e-007, 2.34405757027e-008, 3.10381415014e-010, 4.45979295161e-011]
        dmean2: [1.52926838837e-006, 0.000106727151433, 0.000227689582971, 0.000315587676596, 0.00058777508093, 0.000410888664192, 0.000399323325837, 0.000393543072278, 0.000364008767065, 0.000280470703728, 0.000154125067638, 0.000147094222484, 9.5189876447e-005, 0.000110008928459, 0.000123591074953, 0.000103499201941, 0.000124791957205, 0.000194970140001, 0.000116665331007, 0.000144945865031, 7.5792442658e-005, 2.83991648757e-005, 7.98170822236e-006, 2.53049665844e-006, 1.26116276533e-006, 3.41616797073e-008, 4.90294471689e-010, 8.29369350974e-011]
        dvar: [1.52730573414e-012, 1.28611832295e-008, 8.54138164641e-008, 1.11741336184e-007, 4.70206032332e-007, 2.19387231937e-007, 2.38790931917e-007, 1.21062882386e-007, 1.35807454171e-007, 1.21973499745e-007, 3.89386549671e-008, 3.02905576177e-008, 1.07829389862e-008, 2.0229853348e-008, 2.57198404796e-008, 1.60707589458e-008, 1.80760846291e-008, 4.49460877405e-008, 1.3330812898e-008, 2.49314950906e-008, 7.22768112027e-009, 2.08679828972e-009, 1.25481736113e-010, 3.88013197961e-011, 1.13109643179e-011, 7.72037073621e-015, 5.14546200774e-019, 4.84640072185e-021]
        dvar2: [4.30079930003e-012, 3.27362563723e-008, 2.19765382781e-007, 2.82617548919e-007, 1.21649839002e-006, 5.36534628282e-007, 6.32883597973e-007, 3.05620829977e-007, 3.30407061711e-007, 3.01058463492e-007, 1.00049582841e-007, 8.05366937584e-008, 2.63059209971e-008, 5.06024342428e-008, 6.64208243961e-008, 3.72824864314e-008, 4.29381543654e-008, 1.09298895268e-007, 2.88890706912e-008, 5.90826552127e-008, 1.66651297206e-008, 4.40559455583e-009, 2.57530191616e-010, 7.514307232e-011, 2.13749330735e-011, 1.50244264729e-014, 9.32183333101e-019, 1.54396201702e-020]
        max: [1.1553067452e-005, 0.00140027306043, 0.00342633249238, 0.00401462242007, 0.00635486049578, 0.00820993259549, 0.00878101959825, 0.00536140426993, 0.00421584909782, 0.00465959869325, 0.00215749954805, 0.00216195429675, 0.0011780152563, 0.00148090231232, 0.00189194094855, 0.00259893666953, 0.00233747554012, 0.00310225714929, 0.00186896440573, 0.00218414282426, 0.00127971475013, 0.00159137195442, 0.000217158711166, 0.000154656052473, 0.000100905184809, 2.2441265628e-006, 2.43921345344e-008, 9.8539165716e-010]
        mean: [1.46428749304e-006, 9.36423093663e-005, 0.000148471735884, 0.000233470098465, 0.000382243684726, 0.000390752393287, 0.000330578477588, 0.00039266271051, 0.000288365845336, 0.000216279586311, 0.000108579108201, 0.000116871728096, 7.94257357484e-005, 8.21743378765e-005, 9.02990504983e-005, 8.63616223796e-005, 9.87946987152e-005, 0.000137231560075, 0.000118183597806, 0.00013198464876, 7.24262354197e-005, 2.80842377833e-005, 7.84501935414e-006, 2.55228064816e-006, 1.26274528611e-006, 3.24790292439e-008, 3.77743891722e-010, 3.41135765469e-011]
        median: [1.01339503544e-006, 5.20329995197e-005, 5.29658063897e-005, 7.9982150055e-005, 0.000173998807441, 0.000181350915227, 0.000170576502569, 0.000214868821786, 0.000114483460493, 7.63988646213e-005, 3.64477309631e-005, 5.30366996827e-005, 3.51175076503e-005, 3.43762840203e-005, 3.64863190043e-005, 3.3249041735e-005, 3.47099230567e-005, 5.64153779123e-005, 6.2220133259e-005, 4.85545278934e-005, 2.45376049861e-005, 9.04037642613e-006, 1.60340300681e-006, 3.78477324148e-007, 1.19116840835e-007, 3.0258928696e-009, 8.44778830222e-011, 1.06198392094e-011]
        min: [1.29980256366e-024, 8.7624247549e-024, 2.59970274885e-024, 2.99729554762e-024, 3.31229725229e-023, 1.09230855864e-023, 2.21303062492e-023, 2.92241347839e-023, 2.82987094342e-023, 2.43812530002e-023, 4.44753025714e-023, 4.34721050028e-023, 2.21994499075e-023, 2.97041187794e-023, 8.63214579635e-023, 1.06815363773e-022, 1.50013399564e-022, 1.64934255514e-022, 1.59220895698e-022, 2.00624089914e-022, 3.75107853784e-022, 4.08668950188e-022, 4.51807625774e-022, 5.79055206433e-022, 1.04025615873e-021, 1.67637693195e-021, 2.22313958081e-021, 5.41486949067e-022]
        var: [2.51760418069e-012, 1.76284764564e-008, 8.24438401992e-008, 1.36600988299e-007, 4.2673238454e-007, 3.31417595589e-007, 2.5924896363e-007, 2.22835680574e-007, 1.98835834908e-007, 1.53971498662e-007, 4.07961309179e-008, 3.42632553441e-008, 1.44750655906e-008, 2.1695912622e-008, 2.6745809123e-008, 2.73192952704e-008, 2.88011392513e-008, 4.70078127535e-008, 2.46331790521e-008, 4.32103526293e-008, 1.25182264554e-008, 3.72092912038e-009, 2.5305635365e-010, 8.3614268287e-011, 2.60927286722e-011, 1.58929825274e-014, 1.37704292769e-018, 3.83715434452e-021]
    mfcc:
        mean: [-751.978515625, 134.623306274, -34.8667221069, 38.9094429016, -25.4108581543, -6.80668592453, -7.721596241, -4.39746141434, -3.85554218292, -1.39812099934, -0.650186181068, -3.7562417984, -1.75925552845]
        cov: [[8410.87402344, -175.404083252, -1547.31591797, 799.944946289, -627.720703125, 335.286193848, 9.71265220642, 178.235336304, -44.6465682983, 79.9256515503, 18.1664028168, 119.394668579, 84.9970932007], [-175.404083252, 1142.40307617, -168.888320923, -50.0656280518, 32.3558692932, -97.9072265625, 12.0161437988, -47.9706535339, 9.63585567474, -41.7976074219, 17.8098049164, -33.2987289429, -15.8389911652], [-1547.31591797, -168.888320923, 976.481933594, -27.1585617065, 164.938751221, 31.2383232117, 9.10478973389, 2.02006435394, -3.33919119835, -21.2698554993, -56.4137954712, -39.9901313782, -23.1841564178], [799.944946289, -50.0656280518, -27.1585617065, 466.46496582, -20.4984073639, 152.879196167, 60.7458953857, 47.963684082, 14.7269697189, 34.8058815002, 9.78590869904, 32.2587928772, 44.2551345825], [-627.720703125, 32.3558692932, 164.938751221, -20.4984073639, 295.146850586, -35.1534957886, 0.180886432528, -5.39456987381, 41.1415100098, -6.59316825867, -0.363110482693, -20.9590530396, 11.3926105499], [335.286193848, -97.9072265625, 31.2383232117, 152.879196167, -35.1534957886, 165.964538574, 62.3749389648, 40.1875610352, 10.7535810471, 38.7896652222, 12.1927471161, 25.7437381744, 13.345618248], [9.71265220642, 12.0161437988, 9.10478973389, 60.7458953857, 0.180886432528, 62.3749389648, 121.508758545, 39.7018241882, 24.5701351166, 17.2132263184, 22.5175418854, 17.7600879669, 7.83746194839], [178.235336304, -47.9706535339, 2.02006435394, 47.963684082, -5.39456987381, 40.1875610352, 39.7018241882, 103.498954773, 16.5672550201, 18.9841594696, 7.81816959381, 14.5631961823, 6.22101020813], [-44.6465682983, 9.63585567474, -3.33919119835, 14.7269697189, 41.1415100098, 10.7535810471, 24.5701351166, 16.5672550201, 83.7286224365, 23.3851451874, 16.2042827606, 9.780418396, 6.43112230301], [79.9256515503, -41.7976074219, -21.2698554993, 34.8058815002, -6.59316825867, 38.7896652222, 17.2132263184, 18.9841594696, 23.3851451874, 88.3374938965, 43.6933555603, 22.8032512665, 7.32934427261], [18.1664028168, 17.8098049164, -56.4137954712, 9.78590869904, -0.363110482693, 12.1927471161, 22.5175418854, 7.81816959381, 16.2042827606, 43.6933555603, 93.667175293, 30.6222133636, 11.8566484451], [119.394668579, -33.2987289429, -39.9901313782, 32.2587928772, -20.9590530396, 25.7437381744, 17.7600879669, 14.5631961823, 9.780418396, 22.8032512665, 30.6222133636, 70.003868103, 31.2416000366], [84.9970932007, -15.8389911652, -23.1841564178, 44.2551345825, 11.3926105499, 13.345618248, 7.83746194839, 6.22101020813, 6.43112230301, 7.32934427261, 11.8566484451, 31.2416000366, 62.2611465454]]
        icov: [[0.000256296742009, 3.26151930494e-005, 0.000374802330043, -0.000327087647747, 0.000270394084509, -0.000284441834083, 0.000311829993734, -0.000308265705826, 2.9353548598e-005, 6.47984779789e-005, 0.000149525891175, 3.31088740495e-005, -2.22407343244e-005], [3.26151930494e-005, 0.00101495173294, 0.000224010611419, -0.000164170618518, -4.65582306788e-005, 0.000590723997448, -0.000488087214762, 0.000345742941136, -0.000148702922161, 0.000425303616794, -0.000367425760487, 0.000431362743257, 0.000141387499752], [0.000374802330043, 0.000224010611419, 0.00182479841169, -0.000299418956274, -0.000438564398792, -0.00098496011924, 0.000282431108644, -0.000395032140659, 0.000375020288629, 0.000139934752951, 0.000846467737574, 0.000245318515226, 0.000393433816498], [-0.000327087647747, -0.000164170618518, -0.000299418956274, 0.00372528843582, -0.000473231950309, -0.00265887146816, -0.000361876096576, -6.55310077491e-006, -3.51877242792e-005, -0.000107702559035, 0.000141817654367, 0.000310935894959, -0.00181864725892], [0.000270394084509, -4.65582306788e-005, -0.000438564398792, -0.000473231950309, 0.00483084237203, 0.00091656477889, 0.00022825182532, -0.000245674222242, -0.00235999049619, 0.000330330076395, -0.000514623185154, 0.00190138956532, -0.00194371643011], [-0.000284441834083, 0.000590723997448, -0.00098496011924, -0.00265887146816, 0.00091656477889, 0.0124129727483, -0.00451433239505, -0.000401722296374, 0.000425388047006, -0.00338378129527, 0.00098560389597, -0.00132070051041, 0.000671134970617], [0.000311829993734, -0.000488087214762, 0.000282431108644, -0.000361876096576, 0.00022825182532, -0.00451433239505, 0.0125102894381, -0.00336642679758, -0.00226823985577, 0.00179517641664, -0.00217553321272, -0.00060456211213, 0.000240584355197], [-0.000308265705826, 0.000345742941136, -0.000395032140659, -6.55310077491e-006, -0.000245674222242, -0.000401722296374, -0.00336642679758, 0.0122919948772, -0.00117514375597, -0.00126322673168, 0.000679559016135, -0.00104205182288, 0.00035655204556], [2.9353548598e-005, -0.000148702922161, 0.000375020288629, -3.51877242792e-005, -0.00235999049619, 0.000425388047006, -0.00226823985577, -0.00117514375597, 0.0150463609025, -0.00346967647783, 0.000170438288478, -0.00106267561205, 0.000185397060704], [6.47984779789e-005, 0.000425303616794, 0.000139934752951, -0.000107702559035, 0.000330330076395, -0.00338378129527, 0.00179517641664, -0.00126322673168, -0.00346967647783, 0.0177127607167, -0.00728936074302, -0.00114905938972, 0.000951483263634], [0.000149525891175, -0.000367425760487, 0.000846467737574, 0.000141817654367, -0.000514623185154, 0.00098560389597, -0.00217553321272, 0.000679559016135, 0.000170438288478, -0.00728936074302, 0.0165624339134, -0.00513096153736, 0.000266726390691], [3.31088740495e-005, 0.000431362743257, 0.000245318515226, 0.000310935894959, 0.00190138956532, -0.00132070051041, -0.00060456211213, -0.00104205182288, -0.00106267561205, -0.00114905938972, -0.00513096153736, 0.0232648793608, -0.0104015143588], [-2.22407343244e-005, 0.000141387499752, 0.000393433816498, -0.00181864725892, -0.00194371643011, 0.000671134970617, 0.000240584355197, 0.00035655204556, 0.000185397060704, 0.000951483263634, 0.000266726390691, -0.0104015143588, 0.0227501560003]]
    sccoeffs:
        dmean: [0.0560182742774, 0.0482758618891, 0.0385652780533, 0.0300486683846, 0.0224881283939, 0.0237402133644]
        dmean2: [0.0929714590311, 0.0794145464897, 0.0643289461732, 0.0493389330804, 0.0363182686269, 0.0367714650929]
        dvar: [0.00222628028132, 0.00158670637757, 0.000971692032181, 0.000647580309305, 0.00037596578477, 0.000506990356371]
        dvar2: [0.00589148048311, 0.00405429489911, 0.00262401043437, 0.00162944046315, 0.000881902698893, 0.00119340722449]
        max: [-0.336811125278, -0.42026168108, -0.495706290007, -0.601742088795, -0.583857774734, -0.553507447243]
        mean: [-0.688640296459, -0.730484008789, -0.788580477238, -0.796029806137, -0.804950773716, -0.750473439693]
        median: [-0.700318157673, -0.732458651066, -0.795499324799, -0.802493214607, -0.809803068638, -0.740612626076]
        min: [-0.972965419292, -0.973307788372, -0.969360530376, -0.968393981457, -0.963361978531, -0.965585947037]
        var: [0.00681574968621, 0.00444747274742, 0.0030075609684, 0.00224167807028, 0.00152293173596, 0.00349441054277]
    scvalleys:
        dmean: [0.383403480053, 0.419516265392, 0.419040769339, 0.383611142635, 0.371711432934, 0.474378615618]
        dmean2: [0.624207615852, 0.670981585979, 0.654916584492, 0.589076042175, 0.548338711262, 0.649209141731]
        dvar: [0.129357010126, 0.166769057512, 0.195923700929, 0.187491491437, 0.203659698367, 0.313701450825]
        dvar2: [0.273870408535, 0.351077407598, 0.408880203962, 0.371582180262, 0.423347502947, 0.638921737671]
        max: [-4.97111415863, -4.38170862198, -4.61218261719, -5.32124233246, -5.75047826767, -7.52855968475]
        mean: [-6.9719171524, -6.44850492477, -6.98602104187, -7.7147231102, -7.96434497833, -10.7413215637]
        median: [-6.63987588882, -6.26398229599, -6.79212713242, -7.45783662796, -7.57119655609, -10.4312849045]
        min: [-27.4584732056, -27.4937934875, -27.4583454132, -27.5192489624, -27.3389835358, -27.3895053864]
        var: [2.13127875328, 1.68276405334, 1.91051137447, 2.36228752136, 3.02948331833, 3.1231315136]

rhythm:
    beats_loudness:
        dmean: 0.00458348868415
        dmean2: 0.00811059959233
        dvar: 1.16004130177e-005
        dvar2: 3.61730708391e-005
        max: 0.0165252108127
        mean: 0.0067930072546
        median: 0.00648483587429
        min: 2.58958306187e-012
        var: 1.53588243847e-005
    bpm: 119.997871399
    bpm_confidence: 0
    first_peak_bpm: 120
    first_peak_spread: 0.221218988299
    first_peak_weight: 0.746753275394
    onset_rate: 4.31821346283
    second_peak_bpm: 136
    second_peak_spread: 0
    second_peak_weight: 0.0151515156031
    beats_loudness_band_ratio:
        dmean: [0.228111684322, 0.126883924007, 0.192250669003, 0.0934339985251, 0.0822810530663, 0.0844352766871]
        dmean2: [0.414606064558, 0.221593812108, 0.329183489084, 0.165868088603, 0.141163006425, 0.152225509286]
        dvar: [0.0241588745266, 0.0135769089684, 0.0159324910492, 0.00663716392592, 0.00552410911769, 0.00772632425651]
        dvar2: [0.0672292038798, 0.0383051484823, 0.0463087148964, 0.018059508875, 0.0158007983118, 0.0228811148554]
        max: [0.691637098789, 0.982418835163, 0.852718770504, 0.787912011147, 0.599343776703, 0.556944906712]
        mean: [0.208712667227, 0.223525241017, 0.29704284668, 0.10997531563, 0.100181601942, 0.104596041143]
        median: [0.141063883901, 0.190226495266, 0.279987901449, 0.0800566524267, 0.0880292952061, 0.0831940472126]
        min: [0, 0, 0, 0, 0, 0]
        var: [0.0285979676992, 0.0223075058311, 0.0272319093347, 0.00705455290154, 0.00640821177512, 0.00724243745208]
    beats_position: [0.510838985443, 1.04489791393, 1.57895684242, 2.11301589012, 2.61224484444, 3.15791368484, 3.7151927948, 4.27247142792, 4.82975053787, 5.38702917099, 5.93269824982, 6.47836732864, 7.02403593063, 7.52326536179, 8.0224943161, 8.52172279358, 9.03256225586, 9.54340076447, 10.0542402267, 10.5650787354, 11.0759181976, 11.5867567062, 12.1092061996, 12.6200447083, 13.1192741394, 13.6185035706, 14.117732048, 14.6285715103, 15.1161899567, 15.6154193878, 16.114648819, 16.6254863739, 17.1247158051, 17.6239452362, 18.1231746674, 18.6224040985, 19.1216316223, 19.6208610535, 20.1200904846, 20.6193199158, 21.1301574707, 21.6293869019, 22.128616333, 22.6278457642, 23.1270751953, 23.614692688, 24.1255321503, 24.6247615814, 25.1239910126, 25.6232185364, 26.1224479675, 26.6216773987, 27.1209068298, 27.620136261, 28.1193637848, 28.6185932159, 29.1178226471, 29.6286621094, 30.1162815094, 30.6155090332, 31.1147384644, 31.6255779266, 32.1248054504, 32.6240348816, 33.1232643127, 33.6224937439, 34.1333312988, 34.6209526062, 35.1201820374, 35.6194114685, 36.118637085, 36.6178665161, 37.1287078857, 37.6279373169, 38.1271629333, 38.6147842407, 39.1256217957, 39.613243103, 40.124080658, 40.6116981506, 41.1225395203, 41.6217689514, 42.1209983826, 42.6202278137, 43.1194534302, 43.6186828613, 44.1179122925, 44.6287536621, 45.1279792786, 45.6272087097, 46.1264381409, 46.625667572, 47.1248970032, 47.6241264343, 48.1233558655, 48.6225852966, 49.1218147278, 49.6210403442, 50.1202697754, 50.6194992065, 51.1303405762, 51.6295700073, 52.1287956238, 52.6164169312, 53.1156463623, 53.6148757935, 54.1257133484, 54.6249427795, 55.1241722107, 55.6234016418, 56.122631073, 56.6334686279, 57.1210861206, 57.6203155518, 58.1195449829, 58.6303825378, 59.129611969, 59.6288414001, 60.1164627075, 60.6156921387, 61.1149177551, 61.6257591248, 62.1249885559, 62.6242179871, 63.1234474182, 63.6226730347, 64.1219024658, 64.621131897, 65.1203613281, 65.6195907593, 66.1188201904, 66.6180496216, 67.1288909912, 67.6281204224, 68.1273422241, 68.6149673462, 69.1258010864, 69.6250305176, 70.1242599487, 70.6234893799, 71.1343307495, 71.6335601807, 72.1211776733, 72.6204071045, 73.1196365356, 73.6188659668, 74.1180953979, 74.6289291382, 75.1281585693, 75.6273880005, 76.1150131226, 76.6258468628, 77.1250762939, 77.6243057251, 78.1235351563, 78.6227645874, 79.1219940186, 79.6212234497, 80.1204528809, 80.619682312, 81.1189117432, 81.6181411743, 82.1289749146, 82.6282043457, 83.1274337769, 83.626663208, 84.1258926392, 84.6251220703, 85.1243515015, 85.6235809326, 86.1228103638, 86.6220397949, 87.1212692261, 87.6204986572, 88.1197280884, 88.6305618286, 89.1297912598, 89.6290206909, 90.116645813, 90.6158676147, 91.1150970459, 91.6259384155, 92.1251678467, 92.6243972778, 93.123626709, 93.6228561401, 94.1220855713, 94.6213150024, 95.1205444336, 95.6197738647, 96.1190032959, 96.6182327271, 97.1290664673, 97.6282958984, 98.1275253296, 98.6151428223, 99.1259841919, 99.625213623, 100.124443054, 100.623672485, 101.122901917, 101.622131348, 102.121360779, 102.62059021, 103.119819641, 103.630653381, 104.129882813, 104.629112244, 105.128341675, 105.627571106, 106.115188599, 106.626029968, 107.125259399, 107.624488831, 108.123718262, 108.622947693, 109.122177124, 109.621406555, 110.120635986, 110.619865417, 111.119087219, 111.61831665, 112.117546082, 112.616775513, 113.116004944, 113.615234375, 114.126075745, 114.625305176, 115.124534607, 115.623764038, 116.122993469, 116.6222229, 117.121452332, 117.620681763, 118.119903564, 118.630744934, 119.129974365, 119.629203796, 120.116821289, 120.61605072, 121.115280151, 121.626121521, 122.125350952, 122.624580383, 123.123809814, 123.623039246, 124.122268677, 124.621498108, 125.12071991, 125.619949341, 126.119178772, 126.618408203, 127.129249573, 127.628479004, 128.127700806, 128.615325928, 129.126159668, 129.625396729, 130.12461853, 130.623855591, 131.134689331, 131.633926392, 132.121536255, 132.620773315, 133.119995117, 133.619232178, 134.118453979, 134.62928772, 135.116912842, 135.616149902, 136.115371704, 136.626205444, 137.125442505, 137.624664307, 138.123901367, 138.623123169, 139.122360229, 139.621582031, 140.120819092, 140.620040894, 141.119277954, 141.618499756, 142.117736816, 142.616958618, 143.11618042, 143.61541748, 144.126251221, 144.625488281, 145.124710083, 145.623947144, 146.123168945, 146.622406006, 147.121627808, 147.620864868, 148.12008667, 148.61932373, 149.118545532, 149.617782593, 150.117004395, 150.616226196, 151.115463257, 151.626296997, 152.125534058, 152.624755859, 153.12399292, 153.623214722, 154.122451782, 154.621673584, 155.120910645, 155.620132446, 156.119369507, 156.618591309, 157.129425049, 157.628662109, 158.127883911, 158.615509033, 159.126342773, 159.625579834, 160.124801636, 160.624038696, 161.123260498, 161.622497559, 162.12171936, 162.620956421, 163.120178223, 163.619400024, 164.118637085, 164.629470825, 165.117095947, 165.616317749, 166.11555481, 166.62638855, 167.12562561, 167.624847412, 168.112472534, 168.611694336, 169.110931396, 169.621765137, 170.121002197, 170.620223999, 171.119445801, 171.618682861, 172.117904663, 172.617141724, 173.116363525, 173.615600586, 174.126434326, 174.637283325, 175.124893188, 175.624130249, 176.123352051, 176.610977173, 177.121810913, 177.621032715, 178.120269775, 178.631103516, 179.141952515, 179.629562378, 180.1171875, 180.616409302, 181.115646362, 181.626480103, 182.125717163, 182.624938965, 183.124176025, 183.623397827, 184.122619629, 184.621856689, 185.121078491, 185.620315552, 186.119537354, 186.618774414, 187.129608154, 187.628845215, 188.128067017, 188.615692139, 189.126525879, 189.625762939, 190.124984741, 190.624221802, 191.123443604, 191.622665405, 192.121902466, 192.621124268, 193.120361328, 193.61958313, 194.11882019, 194.629653931, 195.117279053, 195.616500854, 196.115737915, 196.614959717, 197.114196777, 197.625030518, 198.124252319, 198.62348938, 199.122711182, 199.621948242, 200.121170044, 200.620407104, 201.119628906, 201.618865967, 202.118087769, 202.617324829, 203.116546631, 203.615783691, 204.126617432, 204.625839233, 205.125076294, 205.624298096, 206.123535156, 206.611160278, 207.121994019, 207.62121582, 208.120452881, 208.619674683, 209.118911743, 209.618133545, 210.117370605, 210.616592407, 211.115829468, 211.626663208, 212.12588501, 212.62512207, 213.124343872, 213.623580933, 214.122802734, 214.622039795, 215.121261597, 215.620498657, 216.119720459, 216.61895752, 217.118179321, 217.617416382, 218.116638184, 218.615875244, 219.126708984, 219.625930786, 220.125167847, 220.624389648, 221.123626709, 221.622848511, 222.122085571, 222.621307373, 223.120544434, 223.619766235, 224.119003296, 224.618225098, 225.117462158, 225.61668396, 226.115921021, 226.615142822, 227.114364624, 227.601989746, 228.089614868, 228.577224731, 229.0184021, 229.459594727, 229.900772095, 230.341949463, 230.783126831, 231.224304199, 231.665481567]
