
metadata:
    version:
        essentia: "2.1-beta2"
    audio_properties:
        analysis_sample_rate: 44100
        bitrate: 280
        channels: 2
        equal_loudness: 1
        length: 274.520812988
        replay_gain: -12.6974487305
        downmix: "mix"
    tags:
        album: "L'Enfant Sauvage"
        artist: "Gojira"
        comment: ""
        date: "2012"
        genre: "Metal"
        title: "The Axe"
        tracknumber: "3"

configuration:
    average_loudness:
        compute: 1
        frameSize: 88200
        hopSize: 44100
        silentFrames: "noise"
        windowType: "hann"
    general:
        analysisSampleRate: 44100
        endTime: 2000
        equalLoudness: 1
        nequalLoudness: 0
        shortSound: 0
        startTime: 0
    lowlevel:
        compute: 1
        frameSize: 2048
        hopSize: 1024
        zeroPadding: 0
        silentFrames: "noise"
        windowType: "blackmanharris62"
        mfccStats: ["mean", "cov", "icov"]
        stats: ["mean", "var", "median", "min", "max", "dmean", "dmean2", "dvar", "dvar2"]
    panning:
        compute: 0
        frameSize: 8192
        hopSize: 2048
        zeroPadding: 8192
        silentFrames: "noise"
        windowType: "hann"
        stats: ["copy"]
    rhythm:
        compute: 1
        maxTempo: 208
        minTempo: 40
        method: "degara"
        stats: ["mean", "var", "median", "min", "max", "dmean", "dmean2", "dvar", "dvar2"]
    segmentation:
        compute: 0
        cpw: 5
        inc1: 300
        inc2: 50
        minimumSegmentsLength: 10
        size1: 1000
        size2: 600
    sfx:
        compute: 1
        stats: ["mean", "var", "median", "min", "max", "dmean", "dmean2", "dvar", "dvar2"]
    svm:
        compute: 0
    tonal:
        compute: 1
        frameSize: 4096
        hopSize: 2048
        zeroPadding: 0
        silentFrames: "noise"
        windowType: "blackmanharris62"
        stats: ["mean", "var", "median", "min", "max", "dmean", "dmean2", "dvar", "dvar2"]

lowlevel:
    average_loudness: 0.965463578701
    barkbands_kurtosis:
        dmean: 0.631177961826
        dmean2: 1.07935535908
        dvar: 0.641548633575
        dvar2: 1.67114078999
        max: 15.0624456406
        mean: -0.883563995361
        median: -1.15153825283
        min: -1.88341462612
        var: 0.987424612045
    barkbands_skewness:
        dmean: 0.451771080494
        dmean2: 0.725804030895
        dvar: 0.169083282351
        dvar2: 0.414233088493
        max: 3.62598323822
        mean: -0.159722298384
        median: -0.244699165225
        min: -2.95466113091
        var: 0.537257492542
    barkbands_spread:
        dmean: 5.95493412018
        dmean2: 9.9323425293
        dvar: 26.9727973938
        dvar2: 75.1435699463
        max: 68.4623794556
        mean: 36.1002578735
        median: 36.2126960754
        min: 5.26015520096
        var: 60.9320068359
    dissonance:
        dmean: 0.00860744807869
        dmean2: 0.0147659732029
        dvar: 6.22749430477e-005
        dvar2: 0.000177357607754
        max: 0.500000059605
        mean: 0.485584229231
        median: 0.487594902515
        min: 0.395816862583
        var: 9.18777441257e-005
    hfc:
        dmean: 4.64017152786
        dmean2: 8.20463466644
        dvar: 35.6521339417
        dvar2: 95.3874053955
        max: 48.4275588989
        mean: 10.9775762558
        median: 9.78582954407
        min: 1.06712605444e-016
        var: 36.0855026245
    pitch:
        dmean: 917.201660156
        dmean2: 1762.23205566
        dvar: 1909637.125
        dvar2: 4628476
        max: 4316.22412109
        mean: 2448.84448242
        median: 3629.47753906
        min: 64.793800354
        var: 2723709.5
    pitch_instantaneous_confidence:
        dmean: 0.076402798295
        dmean2: 0.129677310586
        dvar: 0.00346281169914
        dvar2: 0.0100616151467
        max: 0.733977913857
        mean: 0.325734436512
        median: 0.321673065424
        min: 0.0985042452812
        var: 0.00833612959832
    pitch_salience:
        dmean: 0.0530552491546
        dmean2: 0.0892113000154
        dvar: 0.00250797043554
        dvar2: 0.0070205386728
        max: 0.900050640106
        mean: 0.711981773376
        median: 0.725406289101
        min: 0.34471154213
        var: 0.00435516843572
    silence_rate_20dB:
        dmean: 0
        dmean2: 0
        dvar: 0
        dvar2: 0
        max: 1
        mean: 1
        median: 1
        min: 1
        var: 0
    silence_rate_30dB:
        dmean: 0
        dmean2: 0
        dvar: 0
        dvar2: 0
        max: 1
        mean: 1
        median: 1
        min: 1
        var: 0
    silence_rate_60dB:
        dmean: 0.0296033155173
        dmean2: 0.0592116378248
        dvar: 0.0287285577506
        dvar2: 0.0707529261708
        max: 1
        mean: 0.0404262505472
        median: 0
        min: 0
        var: 0.0387949980795
    spectral_centroid:
        dmean: 362.126159668
        dmean2: 594.038696289
        dvar: 116536.976563
        dvar2: 285239.84375
        max: 11777.2568359
        mean: 1909.40087891
        median: 1898.80737305
        min: 332.706604004
        var: 576666.375
    spectral_complexity:
        dmean: 5.92133998871
        dmean2: 9.59296226501
        dvar: 27.6531524658
        dvar2: 66.3821182251
        max: 49
        mean: 23.1244087219
        median: 23
        min: 0
        var: 80.0391082764
    spectral_crest:
        dmean: 1.78089118004
        dmean2: 2.97760033607
        dvar: 3.59157657623
        dvar2: 9.35066413879
        max: 19.0602607727
        mean: 5.96777629852
        median: 5.39285182953
        min: 2.21529746056
        var: 5.51993513107
    spectral_decrease:
        dmean: 4.33965557933e-010
        dmean2: 7.49961481805e-010
        dvar: 5.65581745303e-019
        dvar2: 1.54741225197e-018
        max: 2.09634055921e-028
        mean: -1.30315147562e-009
        median: -1.17489318274e-009
        min: -8.54027515373e-009
        var: 5.09767113086e-019
    spectral_energy:
        dmean: 0.00201380020007
        dmean2: 0.00350078940392
        dvar: 1.03002257674e-005
        dvar2: 2.80877629848e-005
        max: 0.0352927930653
        mean: 0.00591409299523
        median: 0.00533807836473
        min: 1.00832428097e-020
        var: 9.41704820434e-006
    spectral_energyband_high:
        dmean: 0.000434909597971
        dmean2: 0.000781287788413
        dvar: 3.59213146339e-007
        dvar2: 9.70352516561e-007
        max: 0.00444632582366
        mean: 0.00064307206776
        median: 0.000482119794469
        min: 7.12249197876e-021
        var: 3.00175429402e-007
    spectral_energyband_low:
        dmean: 0.000318843056448
        dmean2: 0.000545076909475
        dvar: 1.4825263861e-007
        dvar2: 4.12115980453e-007
        max: 0.00728423753753
        mean: 0.000496601045597
        median: 0.00037527520908
        min: 1.86111251758e-023
        var: 1.98613321345e-007
    spectral_energyband_middle_high:
        dmean: 0.000968434440438
        dmean2: 0.00165024655871
        dvar: 1.11650138024e-006
        dvar2: 2.96678399536e-006
        max: 0.0102143976837
        mean: 0.00289904419333
        median: 0.00265033962205
        min: 1.19869083147e-021
        var: 2.10056964534e-006
    spectral_energyband_middle_low:
        dmean: 0.0010156868957
        dmean2: 0.00171889504418
        dvar: 5.84934969083e-006
        dvar2: 1.59979426826e-005
        max: 0.0275892652571
        mean: 0.00206768861972
        median: 0.00156706618145
        min: 1.82265453871e-022
        var: 4.99205998494e-006
    spectral_flatness_db:
        dmean: 0.0126798832789
        dmean2: 0.0199944544584
        dvar: 0.000139191062772
        dvar2: 0.000325293774949
        max: 0.229825913906
        mean: 0.12336782366
        median: 0.120653927326
        min: 0.0614796020091
        var: 0.000469381106086
    spectral_flux:
        dmean: 0.00916807726026
        dmean2: 0.0146998930722
        dvar: 0.000139680400025
        dvar2: 0.000257074920228
        max: 0.157962322235
        mean: 0.0491161718965
        median: 0.0468473881483
        min: 6.47702794176e-011
        var: 0.000249131786404
    spectral_kurtosis:
        dmean: 0.982302844524
        dmean2: 1.68433523178
        dvar: 0.926521658897
        dvar2: 2.74237585068
        max: 17.1826839447
        mean: 3.35597991943
        median: 3.15604329109
        min: -1.24423480034
        var: 1.85738801956
    spectral_rms:
        dmean: 0.000369202432921
        dmean2: 0.000627572939266
        dvar: 2.06642212675e-007
        dvar2: 5.46770024812e-007
        max: 0.00586787797511
        mean: 0.00233700289391
        median: 0.0022820783779
        min: 3.13644856614e-012
        var: 3.08266663751e-007
    spectral_rolloff:
        dmean: 376.977539063
        dmean2: 617.114013672
        dvar: 229601.1875
        dvar2: 546110.0625
        max: 19573.6816406
        mean: 3638.26318359
        median: 3682.17773438
        min: 215.33203125
        var: 1103828.875
    spectral_skewness:
        dmean: 0.183351278305
        dmean2: 0.306769728661
        dvar: 0.0298112053424
        dvar2: 0.0801736339927
        max: 2.57640862465
        mean: 1.23833036423
        median: 1.20821523666
        min: -0.0657576844096
        var: 0.0819184035063
    spectral_spread:
        dmean: 405608.9375
        dmean2: 614761.5625
        dvar: 346903969792
        dvar2: 604150497280
        max: 42338848
        mean: 4498992
        median: 4274145.5
        min: 2573088.25
        var: 5.10588302131e+012
    spectral_strongpeak:
        dmean: 0.423530638218
        dmean2: 0.761107027531
        dvar: 0.403392225504
        dvar2: 1.10950565338
        max: 6.02707195282
        mean: 0.456163793802
        median: 0.235596656799
        min: 1.30828625711e-010
        var: 0.37335857749
    zerocrossingrate:
        dmean: 0.00876424182206
        dmean2: 0.0112911425531
        dvar: 7.04672565917e-005
        dvar2: 9.74610884441e-005
        max: 0.5244140625
        mean: 0.107521481812
        median: 0.10693359375
        min: 0.03076171875
        var: 0.000952722271904
    barkbands:
        dmean: [1.49198933741e-006, 0.000144171295688, 0.00016659971152, 0.000226840158575, 0.000662524369545, 0.000223643161007, 0.000157581205713, 9.83618738246e-005, 0.000108502965304, 0.00011787971016, 6.93290712661e-005, 7.94683292042e-005, 0.000105473242002, 8.24459129944e-005, 7.595482748e-005, 0.000113167952804, 0.000161143339938, 0.000234323277255, 0.000336514640367, 0.000395327573642, 0.000188896156033, 5.36208244739e-005, 6.49811317999e-006, 2.87870216198e-006, 1.11185102014e-006, 4.57442936863e-008, 5.6266535875e-010]
        dmean2: [2.25904432227e-006, 0.000249861244811, 0.000291671021841, 0.000384666665923, 0.00113380898256, 0.000374726922018, 0.000269613869023, 0.000164151366334, 0.000182912641321, 0.000201085829758, 0.000117047355161, 0.000133992885821, 0.000177334703039, 0.000138901654282, 0.000128775063786, 0.000192373539903, 0.000275587721262, 0.000415744114434, 0.000570681586396, 0.000698858464602, 0.000341216946254, 9.89928885247e-005, 1.13070382213e-005, 4.66717574454e-006, 1.85180044809e-006, 7.1665809287e-008, 9.03653762929e-010]
        dvar: [3.35341758702e-012, 3.23615942932e-008, 5.24554373271e-008, 9.27725807287e-008, 3.48564549313e-006, 1.65055396906e-007, 8.76075674228e-008, 2.46036915286e-008, 2.68804356551e-008, 3.28624949475e-008, 9.6091792301e-009, 2.66609525568e-008, 2.65251127729e-008, 1.1959669699e-008, 1.36719409127e-008, 1.62868083464e-008, 3.02832923182e-008, 8.59292299538e-008, 1.1887075857e-007, 2.60755882664e-007, 6.79561438233e-008, 6.47093578721e-009, 8.58350127086e-011, 2.48489111232e-011, 3.75808498904e-012, 1.30412140234e-014, 1.19145720244e-018]
        dvar2: [7.68449540112e-012, 8.51985078043e-008, 1.46801937717e-007, 2.41469791717e-007, 9.53763264988e-006, 4.45773196134e-007, 2.34487316675e-007, 6.46464783927e-008, 7.14478574082e-008, 9.2947928465e-008, 2.62238710746e-008, 7.39230259228e-008, 7.30774516455e-008, 3.13709023203e-008, 3.61125920278e-008, 4.38541007952e-008, 8.06977382695e-008, 2.36462383896e-007, 3.21666419723e-007, 7.09845551228e-007, 1.83041180435e-007, 1.75715779704e-008, 2.19552501179e-010, 5.23186632906e-011, 9.02219444987e-012, 2.97274005542e-014, 2.79037902514e-018]
        max: [1.69219638337e-005, 0.00161887123249, 0.00387503765523, 0.00621508155018, 0.0212688855827, 0.00552179664373, 0.00593563634902, 0.00346373976208, 0.00229308125563, 0.00331748416647, 0.00182113738265, 0.00618688575923, 0.00301578780636, 0.00365346879698, 0.00468422425911, 0.0043960432522, 0.00278386217542, 0.00272535765544, 0.00364066893235, 0.00548441056162, 0.00201975554228, 0.000583486107644, 0.000178243455593, 0.000108912136056, 5.60853477509e-005, 4.11465452999e-006, 2.53779646187e-008]
        mean: [2.10190341932e-006, 0.000161131029017, 0.00020094786305, 0.000315698329359, 0.00079633272253, 0.000331200135406, 0.000216892454773, 0.000153666551341, 0.000176864225068, 0.000191833692952, 0.000117627096188, 0.000141130221891, 0.000202464783797, 0.000158329494298, 0.000144638266647, 0.000227673648624, 0.000314414442983, 0.000347418303136, 0.000739984330721, 0.000653316150419, 0.000243154077907, 5.92947544646e-005, 1.0375407328e-005, 5.4659176385e-006, 2.05799597097e-006, 8.47559249451e-008, 9.4881902335e-010]
        median: [1.35778714139e-006, 9.79940232355e-005, 0.000133775247377, 0.000180222676136, 0.000386523024645, 0.00020391473663, 0.000119902368169, 8.91270174179e-005, 0.000107659274363, 0.000111135537736, 7.58472961024e-005, 7.35055073164e-005, 0.000125720340293, 0.000112948066089, 0.000105536484625, 0.000192603532923, 0.000259511318291, 0.000257837236859, 0.00066607282497, 0.000522774877027, 0.000163302858709, 3.02089119941e-005, 6.14470991422e-006, 3.21383640767e-006, 1.28615351969e-006, 4.00905797449e-008, 4.54597914867e-010]
        min: [8.25498120154e-025, 5.63643010047e-024, 1.53728835031e-024, 8.95433646934e-025, 8.57153303761e-024, 1.04685683875e-023, 1.22352910157e-023, 7.12470455059e-024, 2.22754014355e-023, 1.16224738878e-023, 1.33732118274e-023, 1.8913664377e-023, 3.82380128967e-023, 3.90846405083e-023, 6.06358187234e-023, 7.28919088457e-023, 6.5801993061e-023, 9.40492088108e-023, 1.34278060508e-022, 1.5667050208e-022, 2.65834285835e-022, 3.41270088084e-022, 4.18812691687e-022, 5.45903863316e-022, 9.88878468384e-022, 1.41483427664e-021, 1.90863181981e-021]
        var: [5.09322792275e-012, 3.23642659339e-008, 5.9422720966e-008, 1.64722962381e-007, 2.59423632087e-006, 1.85532428532e-007, 1.04073976104e-007, 3.98771504706e-008, 4.54462210087e-008, 5.66545637071e-008, 1.87804065632e-008, 5.23561425325e-008, 5.85665951292e-008, 2.58181049873e-008, 2.67396504938e-008, 2.72217057784e-008, 5.2672010753e-008, 8.68087681738e-008, 1.78777540327e-007, 2.5238375656e-007, 5.55722294848e-008, 5.16866194289e-009, 1.42221220911e-010, 6.79196490716e-011, 7.81319540316e-012, 2.49679037889e-014, 2.16272202775e-018]
    frequency_bands:
        dmean: [1.49198933741e-006, 0.000144171295688, 0.00016659971152, 0.000226840158575, 0.000662524369545, 0.000223643161007, 0.000157581205713, 9.83618738246e-005, 0.000108502965304, 0.00011787971016, 6.93290712661e-005, 7.94683292042e-005, 0.000105473242002, 8.24459129944e-005, 7.595482748e-005, 0.000113167952804, 0.000161143339938, 0.000234323277255, 0.000336514640367, 0.000395327573642, 0.000188896156033, 5.36208244739e-005, 6.49811317999e-006, 2.87870216198e-006, 1.11185102014e-006, 4.57442936863e-008, 5.6266535875e-010, 6.65211011275e-011]
        dmean2: [2.25904432227e-006, 0.000249861244811, 0.000291671021841, 0.000384666665923, 0.00113380898256, 0.000374726922018, 0.000269613869023, 0.000164151366334, 0.000182912641321, 0.000201085829758, 0.000117047355161, 0.000133992885821, 0.000177334703039, 0.000138901654282, 0.000128775063786, 0.000192373539903, 0.000275587721262, 0.000415744114434, 0.000570681586396, 0.000698858464602, 0.000341216946254, 9.89928885247e-005, 1.13070382213e-005, 4.66717574454e-006, 1.85180044809e-006, 7.1665809287e-008, 9.03653762929e-010, 1.23719562373e-010]
        dvar: [3.35341758702e-012, 3.23615942932e-008, 5.24554373271e-008, 9.27725807287e-008, 3.48564549313e-006, 1.65055396906e-007, 8.76075674228e-008, 2.46036915286e-008, 2.68804356551e-008, 3.28624949475e-008, 9.6091792301e-009, 2.66609525568e-008, 2.65251127729e-008, 1.1959669699e-008, 1.36719409127e-008, 1.62868083464e-008, 3.02832923182e-008, 8.59292299538e-008, 1.1887075857e-007, 2.60755882664e-007, 6.79561438233e-008, 6.47093578721e-009, 8.58350127086e-011, 2.48489111232e-011, 3.75808498904e-012, 1.30412140234e-014, 1.19145720244e-018, 7.88093662891e-021]
        dvar2: [7.68449540112e-012, 8.51985078043e-008, 1.46801937717e-007, 2.41469791717e-007, 9.53763264988e-006, 4.45773196134e-007, 2.34487316675e-007, 6.46464783927e-008, 7.14478574082e-008, 9.2947928465e-008, 2.62238710746e-008, 7.39230259228e-008, 7.30774516455e-008, 3.13709023203e-008, 3.61125920278e-008, 4.38541007952e-008, 8.06977382695e-008, 2.36462383896e-007, 3.21666419723e-007, 7.09845551228e-007, 1.83041180435e-007, 1.75715779704e-008, 2.19552501179e-010, 5.23186632906e-011, 9.02219444987e-012, 2.97274005542e-014, 2.79037902514e-018, 2.48264932264e-020]
        max: [1.69219638337e-005, 0.00161887123249, 0.00387503765523, 0.00621508155018, 0.0212688855827, 0.00552179664373, 0.00593563634902, 0.00346373976208, 0.00229308125563, 0.00331748416647, 0.00182113738265, 0.00618688575923, 0.00301578780636, 0.00365346879698, 0.00468422425911, 0.0043960432522, 0.00278386217542, 0.00272535765544, 0.00364066893235, 0.00548441056162, 0.00201975554228, 0.000583486107644, 0.000178243455593, 0.000108912136056, 5.60853477509e-005, 4.11465452999e-006, 2.53779646187e-008, 9.9752450744e-010]
        mean: [2.10190341932e-006, 0.000161131029017, 0.00020094786305, 0.000315698329359, 0.00079633272253, 0.000331200135406, 0.000216892454773, 0.000153666551341, 0.000176864225068, 0.000191833692952, 0.000117627096188, 0.000141130221891, 0.000202464783797, 0.000158329494298, 0.000144638266647, 0.000227673648624, 0.000314414442983, 0.000347418303136, 0.000739984330721, 0.000653316150419, 0.000243154077907, 5.92947544646e-005, 1.0375407328e-005, 5.4659176385e-006, 2.05799597097e-006, 8.47559249451e-008, 9.4881902335e-010, 5.16009006357e-011]
        median: [1.35778714139e-006, 9.79940232355e-005, 0.000133775247377, 0.000180222676136, 0.000386523024645, 0.00020391473663, 0.000119902368169, 8.91270174179e-005, 0.000107659274363, 0.000111135537736, 7.58472961024e-005, 7.35055073164e-005, 0.000125720340293, 0.000112948066089, 0.000105536484625, 0.000192603532923, 0.000259511318291, 0.000257837236859, 0.00066607282497, 0.000522774877027, 0.000163302858709, 3.02089119941e-005, 6.14470991422e-006, 3.21383640767e-006, 1.28615351969e-006, 4.00905797449e-008, 4.54597914867e-010, 2.16110740414e-011]
        min: [8.25498120154e-025, 5.63643010047e-024, 1.53728835031e-024, 8.95433646934e-025, 8.57153303761e-024, 1.04685683875e-023, 1.22352910157e-023, 7.12470455059e-024, 2.22754014355e-023, 1.16224738878e-023, 1.33732118274e-023, 1.8913664377e-023, 3.82380128967e-023, 3.90846405083e-023, 6.06358187234e-023, 7.28919088457e-023, 6.5801993061e-023, 9.40492088108e-023, 1.34278060508e-022, 1.5667050208e-022, 2.65834285835e-022, 3.41270088084e-022, 4.18812691687e-022, 5.45903863316e-022, 9.88878468384e-022, 1.41483427664e-021, 1.90863181981e-021, 5.87108706347e-022]
        var: [5.09322792275e-012, 3.23642659339e-008, 5.9422720966e-008, 1.64722962381e-007, 2.59423632087e-006, 1.85532428532e-007, 1.04073976104e-007, 3.98771504706e-008, 4.54462210087e-008, 5.66545637071e-008, 1.87804065632e-008, 5.23561425325e-008, 5.85665951292e-008, 2.58181049873e-008, 2.67396504938e-008, 2.72217057784e-008, 5.2672010753e-008, 8.68087681738e-008, 1.78777540327e-007, 2.5238375656e-007, 5.55722294848e-008, 5.16866194289e-009, 1.42221220911e-010, 6.79196490716e-011, 7.81319540316e-012, 2.49679037889e-014, 2.16272202775e-018, 6.34483395863e-021]
    mfcc:
        mean: [-677.046447754, 104.244827271, -51.7051010132, 57.4143486023, -13.5173282623, -1.69816124439, 6.89097642899, -7.04356145859, -3.42665314674, -1.14816498756, -6.17876434326, -3.36750626564, -3.62864518166]
        cov: [[3135.50805664, 225.400253296, -224.917526245, 174.181381226, -114.619430542, 6.18399763107, 14.6419324875, 0.233346879482, 14.950761795, -12.3046178818, 5.13671588898, 18.9780597687, -18.5336952209], [225.400253296, 635.905395508, -201.785125732, 97.5648193359, -36.4784011841, -46.8352088928, 6.48375988007, -39.4251213074, -41.8834075928, -15.3217811584, -23.9794807434, -15.4926319122, -18.6674690247], [-224.917526245, -201.785125732, 289.449707031, 1.03124821186, 51.9300880432, 11.3427190781, -26.9513893127, 7.02321434021, -22.1060123444, -23.9125862122, -12.0723009109, -9.81293010712, -6.36118173599], [174.181381226, 97.5648193359, 1.03124821186, 211.830627441, 13.6800222397, 28.3627204895, -10.3004522324, -9.44279384613, -1.12731766701, -2.50894021988, -12.462061882, -22.7367916107, 0.998231709003], [-114.619430542, -36.4784011841, 51.9300880432, 13.6800222397, 74.7768478394, 17.3560237885, 0.387328892946, -11.1975240707, 1.21753168106, 7.68615674973, -4.08278894424, -7.18406009674, -4.25430679321], [6.18399763107, -46.8352088928, 11.3427190781, 28.3627204895, 17.3560237885, 67.7478713989, 28.3370704651, 19.2816638947, 10.234913826, 4.47779178619, 0.98533141613, -1.75646328926, 0.311185151339], [14.6419324875, 6.48375988007, -26.9513893127, -10.3004522324, 0.387328892946, 28.3370704651, 79.9992370605, 34.6083717346, 16.5032730103, 2.42059254646, -1.14657640457, 4.97324752808, 1.62171089649], [0.233346879482, -39.4251213074, 7.02321434021, -9.44279384613, -11.1975240707, 19.2816638947, 34.6083717346, 66.9495391846, 21.7275485992, -0.0097938682884, 3.64923000336, 9.83504199982, -0.681294620037], [14.950761795, -41.8834075928, -22.1060123444, -1.12731766701, 1.21753168106, 10.234913826, 16.5032730103, 21.7275485992, 54.085067749, 27.0813808441, 12.8096628189, 4.11456823349, 6.10585784912], [-12.3046178818, -15.3217811584, -23.9125862122, -2.50894021988, 7.68615674973, 4.47779178619, 2.42059254646, -0.0097938682884, 27.0813808441, 51.9441490173, 19.9667415619, 7.635658741, 6.17713022232], [5.13671588898, -23.9794807434, -12.0723009109, -12.462061882, -4.08278894424, 0.98533141613, -1.14657640457, 3.64923000336, 12.8096628189, 19.9667415619, 46.2209396362, 25.3161220551, 10.0348768234], [18.9780597687, -15.4926319122, -9.81293010712, -22.7367916107, -7.18406009674, -1.75646328926, 4.97324752808, 9.83504199982, 4.11456823349, 7.635658741, 25.3161220551, 47.9762229919, 20.0195636749], [-18.5336952209, -18.6674690247, -6.36118173599, 0.998231709003, -4.25430679321, 0.311185151339, 1.62171089649, -0.681294620037, 6.10585784912, 6.17713022232, 10.0348768234, 20.0195636749, 42.8305473328]]
        icov: [[0.000382169586373, 3.20345825457e-005, 0.000209856429137, -0.000403602840379, 0.000543112750165, -4.95441418025e-005, -7.5799813203e-005, 0.000229108714848, -0.000213612103835, 0.000193445361219, 0.000103672951809, -0.000526768038981, 0.000505212170538], [3.20345825457e-005, 0.00294422870502, 0.00210805446841, -0.00176841497887, -0.000117068273539, 0.00246940692887, -0.00134082080331, 0.000421505101258, 0.00263563194312, -0.0001365384378, 0.000794574501924, -0.000548397249077, 0.00139342062175], [0.000209856429137, 0.00210805446841, 0.006404557731, -0.00102484389208, -0.00374795938842, 0.00110471842345, 0.00178222823888, -0.0026019057259, 0.00342157739215, 0.00193817703985, 0.000320010381984, 0.000256542407442, 0.000533315876964], [-0.000403602840379, -0.00176841497887, -0.00102484389208, 0.0070180464536, -0.000914065458346, -0.00441908370703, 0.00255934218876, -0.000239199958742, -0.00138928927481, 0.00027300833608, -0.000223872601055, 0.00358842662536, -0.00288671976887], [0.000543112750165, -0.000117068273539, -0.00374795938842, -0.000914065458346, 0.0196189787239, -0.00464373501018, -0.00221211230382, 0.00678112125024, -0.00219090422615, -0.0039804703556, 0.00241901609115, -0.00148393644486, 0.00283600250259], [-4.95441418025e-005, 0.00246940692887, 0.00110471842345, -0.00441908370703, -0.00464373501018, 0.023298971355, -0.00758352596313, -0.00372803746723, 0.00244248984382, -0.00090590090258, -0.00143556471448, 0.00113767350558, 0.000506239477545], [-7.5799813203e-005, -0.00134082080331, 0.00178222823888, 0.00255934218876, -0.00221211230382, -0.00758352596313, 0.0205912273377, -0.00876391585916, -0.00243296707049, 0.00117122777738, 0.00231903186068, -0.00024491379736, -0.00174676440656], [0.000229108714848, 0.000421505101258, -0.0026019057259, -0.000239199958742, 0.00678112125024, -0.00372803746723, -0.00876391585916, 0.0266716554761, -0.0108051151037, 0.00406237365678, 0.00182121107355, -0.0071412413381, 0.0052244188264], [-0.000213612103835, 0.00263563194312, 0.00342157739215, -0.00138928927481, -0.00219090422615, 0.00244248984382, -0.00243296707049, -0.0108051151037, 0.0347862876952, -0.0149076757953, -0.00310026528314, 0.00567119009793, -0.00345175433904], [0.000193445361219, -0.0001365384378, 0.00193817703985, 0.00027300833608, -0.0039804703556, -0.00090590090258, 0.00117122777738, 0.00406237365678, -0.0149076757953, 0.0324498675764, -0.0102033661678, 0.000515083549544, -0.000467799167382], [0.000103672951809, 0.000794574501924, 0.000320010381984, -0.000223872601055, 0.00241901609115, -0.00143556471448, 0.00231903186068, 0.00182121107355, -0.00310026528314, -0.0102033661678, 0.0373440347612, -0.019079098478, 0.00271770916879], [-0.000526768038981, -0.000548397249077, 0.000256542407442, 0.00358842662536, -0.00148393644486, 0.00113767350558, -0.00024491379736, -0.0071412413381, 0.00567119009793, 0.000515083549544, -0.019079098478, 0.0400785692036, -0.0159184020013], [0.000505212170538, 0.00139342062175, 0.000533315876964, -0.00288671976887, 0.00283600250259, 0.000506239477545, -0.00174676440656, 0.0052244188264, -0.00345175433904, -0.000467799167382, 0.00271770916879, -0.0159184020013, 0.0321107767522]]
    sccoeffs:
        dmean: [0.0589276477695, 0.0488111041486, 0.036304783076, 0.0267916955054, 0.0178755111992, 0.0220479033887]
        dmean2: [0.0976056531072, 0.0814471542835, 0.0618843510747, 0.0458419024944, 0.0306792054325, 0.03641743958]
        dvar: [0.00241644727066, 0.00146757322364, 0.000794472638518, 0.00044029977289, 0.000190336126252, 0.00038928660797]
        dvar2: [0.0062853815034, 0.00400836672634, 0.00232176785357, 0.00128537404817, 0.000544354203157, 0.00102608837187]
        max: [-0.311074405909, -0.511136293411, -0.653086483479, -0.628672242165, -0.719532132149, -0.643117845058]
        mean: [-0.686946451664, -0.764125943184, -0.811228275299, -0.810649693012, -0.804947674274, -0.746676206589]
        median: [-0.69338452816, -0.768483042717, -0.814142346382, -0.812916040421, -0.804500579834, -0.745454907417]
        min: [-0.979461610317, -0.980866968632, -0.972924292088, -0.969987928867, -0.969549417496, -0.965364813805]
        var: [0.00532396603376, 0.00343300588429, 0.00162614171859, 0.00106190505903, 0.000500942987856, 0.0011999765411]
    scvalleys:
        dmean: [0.359339892864, 0.344220459461, 0.28138807416, 0.235215604305, 0.264177381992, 0.331321716309]
        dmean2: [0.599939286709, 0.577364265919, 0.469123989344, 0.388859421015, 0.430575847626, 0.526929140091]
        dvar: [0.0912153795362, 0.096075065434, 0.0626720115542, 0.0503735728562, 0.0788542032242, 0.157599136233]
        dvar2: [0.226539418101, 0.238044857979, 0.144513979554, 0.105387076735, 0.173206657171, 0.355792731047]
        max: [-4.91528940201, -4.42142295837, -5.14347982407, -5.57192850113, -5.36662530899, -7.78816556931]
        mean: [-6.3932261467, -6.38398981094, -6.61252737045, -6.70770835876, -6.52387094498, -9.49383068085]
        median: [-6.24047279358, -6.25927782059, -6.49693489075, -6.56109523773, -6.401471138, -9.32110595703]
        min: [-27.9209938049, -28.0476131439, -27.6541671753, -27.5183429718, -27.4163379669, -27.4004192352]
        var: [2.24167132378, 2.17910075188, 2.12315106392, 2.03367400169, 1.97595357895, 1.71024310589]

rhythm:
    beats_loudness:
        dmean: 0.00221269973554
        dmean2: 0.004062642809
        dvar: 2.78139100374e-006
        dvar2: 7.97617667558e-006
        max: 0.0137265035883
        mean: 0.00623636413366
        median: 0.00591298006475
        min: 3.46766045782e-013
        var: 4.05225046052e-006
    bpm: 129.101043701
    bpm_confidence: 0
    first_peak_bpm: 129
    first_peak_spread: 0.375262051821
    first_peak_weight: 0.524647891521
    onset_rate: 4.21097421646
    second_peak_bpm: 123
    second_peak_spread: 0.0545454248786
    second_peak_weight: 0.0915492922068
    beats_loudness_band_ratio:
        dmean: [0.142455384135, 0.158336400986, 0.0624194964767, 0.0605020187795, 0.0810114219785, 0.100155390799]
        dmean2: [0.24969753623, 0.279345333576, 0.108401075006, 0.106439575553, 0.137462869287, 0.163464561105]
        dvar: [0.0119495857507, 0.0182450376451, 0.00341125880368, 0.00438313698396, 0.00394095480442, 0.00594038283452]
        dvar2: [0.0352389141917, 0.0462057925761, 0.00986076239496, 0.0141733661294, 0.0119237331674, 0.0174535084516]
        max: [0.770410478115, 0.613553524017, 0.468312799931, 0.574349403381, 0.497423201799, 0.711732149124]
        mean: [0.190708950162, 0.177308753133, 0.11547524482, 0.119997948408, 0.212586313486, 0.27358648181]
        median: [0.15333417058, 0.12269821763, 0.0944787561893, 0.101857617497, 0.205763056874, 0.2641915977]
        min: [0, 0, 0, 0, 0, 0]
        var: [0.0143663994968, 0.0209284741431, 0.00564201688394, 0.00595776736736, 0.00538893556222, 0.0110793346539]
    beats_position: [0.731428563595, 1.46285712719, 2.19428563118, 2.91410422325, 3.64553284645, 4.37696123123, 5.11999988556, 5.87464857101, 6.6176867485, 7.38394546509, 8.10376358032, 8.82358264923, 9.55501079559, 10.2864398956, 11.0062580109, 11.7260770798, 12.445895195, 13.1657142639, 13.8855323792, 14.6053514481, 15.3251695633, 16.0449886322, 16.7648067474, 17.4846248627, 18.2044448853, 18.9242630005, 19.6440811157, 20.363899231, 20.9560089111, 21.5597267151, 22.1634464264, 22.7555541992, 23.3360538483, 23.800453186, 24.2648525238, 24.7292518616, 25.1936511993, 25.6580486298, 26.1224479675, 26.5868473053, 27.0512466431, 27.5156459808, 27.9800453186, 28.4444446564, 28.9088420868, 29.3732414246, 29.8260307312, 30.2788200378, 30.7432193756, 31.1960086823, 31.66040802, 32.1248054504, 32.5892066956, 33.053604126, 33.5063934326, 33.9707946777, 34.4235839844, 34.8763694763, 35.3407707214, 35.8051681519, 36.2463493347, 36.7107467651, 37.151927948, 37.5931053162, 38.034286499, 38.4870758057, 38.9398651123, 39.4042625427, 39.8686599731, 40.3214492798, 40.7742385864, 41.2386398315, 41.703037262, 42.1674385071, 42.6318359375, 43.0962333679, 43.560634613, 44.0250320435, 44.4778213501, 44.9306106567, 45.3950119019, 45.8594093323, 46.3238105774, 46.7882080078, 47.2526054382, 47.7170066833, 48.16979599, 48.6341934204, 49.0869827271, 49.5513839722, 50.0157814026, 50.480178833, 50.9445800781, 51.3973693848, 51.8501586914, 52.3145561218, 52.7905654907, 53.2665748596, 53.7425842285, 54.2302017212, 54.7062110901, 55.182220459, 55.6582298279, 56.1458511353, 56.6334686279, 57.1094779968, 57.5854873657, 58.0731048584, 58.5491142273, 59.0251235962, 59.5127410889, 59.9887504578, 60.4647598267, 60.9407691956, 61.4167785645, 61.9043960571, 62.3920173645, 62.8680267334, 63.3440361023, 63.831653595, 64.3076629639, 64.7952804565, 65.2712936401, 65.7472991943, 66.2233123779, 66.6993179321, 67.1753311157, 67.6629486084, 68.1505661011, 68.6265716553, 69.1025848389, 69.5902023315, 70.0778198242, 70.5538330078, 71.029838562, 71.5058517456, 71.9818572998, 72.4694747925, 72.9454879761, 73.4331054688, 73.9091110229, 74.3851242065, 74.8611297607, 75.3487548828, 75.824760437, 76.3007659912, 76.7883911133, 77.2643966675, 77.7404098511, 78.2280273438, 78.7040328979, 79.1800460815, 79.6676635742, 80.1436691284, 80.619682312, 81.1072998047, 81.5833053589, 82.0593185425, 82.5469360352, 83.0229492188, 83.4989547729, 83.9749679565, 84.4509735107, 84.9385910034, 85.4262084961, 85.9138336182, 86.3782272339, 86.8542404175, 87.3302459717, 87.7946472168, 88.2590484619, 88.7234420776, 89.1878433228, 89.6522445679, 90.116645813, 90.5810394287, 91.0454406738, 91.4982299805, 91.9510192871, 92.4154205322, 92.8798141479, 93.3326034546, 93.7853927612, 94.2614059448, 94.7257995605, 95.1785888672, 95.6429901123, 96.1073913574, 96.5717926025, 97.0361862183, 97.5005874634, 97.9649887085, 98.4293823242, 98.8821716309, 99.3349609375, 99.7993621826, 100.263763428, 100.728164673, 101.192558289, 101.656959534, 102.121360779, 102.585754395, 103.038543701, 103.502944946, 103.955734253, 104.420135498, 104.884536743, 105.348930359, 105.813331604, 106.277732849, 106.730522156, 107.194915771, 107.647705078, 108.112106323, 108.576507568, 109.040908813, 109.505302429, 109.958091736, 110.410881042, 110.875282288, 111.339683533, 111.804077148, 112.268478394, 112.732879639, 113.197273254, 113.6616745, 114.114463806, 114.578865051, 115.031654358, 115.496055603, 115.960449219, 116.424850464, 116.889251709, 117.365257263, 117.841270447, 118.317276001, 118.793289185, 119.269294739, 119.745300293, 120.232925415, 120.720542908, 121.196548462, 121.672561646, 122.160179138, 122.647796631, 123.123809814, 123.599815369, 124.087432861, 124.575057983, 125.051063538, 125.527069092, 126.003082275, 126.47908783, 126.966712952, 127.442718506, 127.930335999, 128.406341553, 128.882354736, 129.35836792, 129.845977783, 130.333602905, 130.809616089, 131.285614014, 131.761627197, 132.237640381, 132.713653564, 133.189651489, 133.677276611, 134.153289795, 134.62928772, 135.116912842, 135.604537964, 136.080535889, 136.568161011, 137.044174194, 137.520172119, 137.996185303, 138.483810425, 138.959823608, 139.435821533, 139.923446655, 140.411056519, 140.898681641, 141.386306763, 141.873916626, 142.361541748, 142.837554932, 143.313552856, 143.78956604, 144.265579224, 144.741577148, 145.217590332, 145.681991577, 146.146392822, 146.610794067, 147.075195313, 147.539596558, 147.992385864, 148.445159912, 148.909561157, 149.373962402, 149.838363647, 150.302764893, 150.767166138, 151.231567383, 151.684356689, 152.137145996, 152.601531982, 153.065933228, 153.530334473, 153.994735718, 154.459136963, 154.923538208, 155.376327515, 155.829116821, 156.293518066, 156.757904053, 157.222305298, 157.686706543, 158.151107788, 158.615509033, 159.06829834, 159.521087646, 159.985488892, 160.449890137, 160.914276123, 161.378677368, 161.843078613, 162.307479858, 162.760269165, 163.213058472, 163.677459717, 164.141860962, 164.606262207, 165.070648193, 165.535049438, 165.987838745, 166.440628052, 166.905029297, 167.369430542, 167.833831787, 168.298233032, 168.762634277, 169.227020264, 169.691421509, 170.144210815, 170.597000122, 171.061401367, 171.525802612, 171.990203857, 172.454605103, 172.919006348, 173.371795654, 173.824569702, 174.288970947, 174.753372192, 175.217773438, 175.682174683, 176.146575928, 176.610977173, 177.075378418, 177.528152466, 177.980941772, 178.445343018, 178.909744263, 179.374145508, 179.838546753, 180.302947998, 180.767349243, 181.231735229, 181.696136475, 182.16053772, 182.624938965, 183.08934021, 183.553741455, 184.0181427, 184.482528687, 184.946929932, 185.411331177, 185.864120483, 186.328521729, 186.781311035, 187.24571228, 187.710113525, 188.174514771, 188.638900757, 189.11491394, 189.590927124, 190.055328369, 190.519729614, 190.984130859, 191.448516846, 191.912918091, 192.377319336, 192.841720581, 193.306121826, 193.770523071, 194.234924316, 194.699310303, 195.152099609, 195.616500854, 196.069290161, 196.533691406, 196.998092651, 197.462493896, 197.93850708, 198.402893066, 198.867294312, 199.331695557, 199.796096802, 200.248886108, 200.713287354, 201.177688599, 201.642089844, 202.10647583, 202.570877075, 203.03527832, 203.488067627, 203.940856934, 204.405258179, 204.869659424, 205.334060669, 205.810058594, 206.286071777, 206.750473022, 207.214874268, 207.679275513, 208.143676758, 208.608062744, 209.072463989, 209.536865234, 210.001266479, 210.465667725, 210.93006897, 211.394470215, 211.858856201, 212.323257446, 212.776046753, 213.22883606, 213.693237305, 214.15763855, 214.622039795, 215.08644104, 215.550842285, 216.003631592, 216.468017578, 216.920806885, 217.38520813, 217.849609375, 218.31401062, 218.778411865, 219.24281311, 219.707214355, 220.159988403, 220.61277771, 221.077178955, 221.5415802, 222.005981445, 222.47038269, 222.934783936, 223.399185181, 223.851974487, 224.304763794, 224.76914978, 225.233551025, 225.697952271, 226.162353516, 226.626754761, 227.091156006, 227.543945313, 227.996734619, 228.461135864, 228.925521851, 229.389923096, 229.854324341, 230.318725586, 230.783126831, 231.235916138, 231.688705444, 232.153106689, 232.617507935, 233.081893921, 233.546295166, 234.010696411, 234.475097656, 234.927886963, 235.38067627, 235.845077515, 236.30947876, 236.773880005, 237.238265991, 237.702667236, 238.167068481, 238.631469727, 239.084259033, 239.53704834, 240.001449585, 240.46585083, 240.930252075, 241.394638062, 241.859039307, 242.311828613, 242.76461792, 243.229019165, 243.69342041, 244.169433594, 244.633834839, 245.109832764, 245.574234009, 246.038635254, 246.503036499, 246.967437744, 247.431838989, 247.884628296, 248.337417603, 248.801803589, 249.266204834, 249.730606079, 250.195007324, 250.659408569, 251.123809814, 251.58821106, 252.052597046, 252.516998291, 252.993011475, 253.469024658, 253.933425903, 254.39781189, 254.862213135, 255.32661438, 255.791015625, 256.255401611, 256.719818115, 257.172607422, 257.625396729, 258.089782715, 258.554199219, 259.018585205, 259.483001709, 259.947387695, 260.411773682, 260.876190186, 261.340576172, 261.804992676, 262.269378662, 262.733795166, 263.198181152, 263.662567139, 264.126983643, 264.591369629, 265.055786133, 265.508575439, 265.972961426, 266.425750732, 266.890167236, 267.354553223, 267.830566406, 268.30657959, 268.794189453, 269.281799316, 269.7578125, 270.245422363, 270.733062744, 271.220672607, 271.708282471, 272.195922852, 272.695129395, 273.194366455, 273.693603516]
