
metadata:
    version:
        essentia: "2.1-beta2"
    audio_properties:
        analysis_sample_rate: 44100
        bitrate: 289
        channels: 2
        equal_loudness: 1
        length: 257.828582764
        replay_gain: -13.7742023468
        downmix: "mix"
    tags:
        album: "L'Enfant Sauvage"
        artist: "Gojira"
        comment: ""
        date: "2012"
        genre: "Metal"
        title: "Liquid Fire"
        tracknumber: "4"

configuration:
    average_loudness:
        compute: 1
        frameSize: 88200
        hopSize: 44100
        silentFrames: "noise"
        windowType: "hann"
    general:
        analysisSampleRate: 44100
        endTime: 2000
        equalLoudness: 1
        nequalLoudness: 0
        shortSound: 0
        startTime: 0
    lowlevel:
        compute: 1
        frameSize: 2048
        hopSize: 1024
        zeroPadding: 0
        silentFrames: "noise"
        windowType: "blackmanharris62"
        mfccStats: ["mean", "cov", "icov"]
        stats: ["mean", "var", "median", "min", "max", "dmean", "dmean2", "dvar", "dvar2"]
    panning:
        compute: 0
        frameSize: 8192
        hopSize: 2048
        zeroPadding: 8192
        silentFrames: "noise"
        windowType: "hann"
        stats: ["copy"]
    rhythm:
        compute: 1
        maxTempo: 208
        minTempo: 40
        method: "degara"
        stats: ["mean", "var", "median", "min", "max", "dmean", "dmean2", "dvar", "dvar2"]
    segmentation:
        compute: 0
        cpw: 5
        inc1: 300
        inc2: 50
        minimumSegmentsLength: 10
        size1: 1000
        size2: 600
    sfx:
        compute: 1
        stats: ["mean", "var", "median", "min", "max", "dmean", "dmean2", "dvar", "dvar2"]
    svm:
        compute: 0
    tonal:
        compute: 1
        frameSize: 4096
        hopSize: 2048
        zeroPadding: 0
        silentFrames: "noise"
        windowType: "blackmanharris62"
        stats: ["mean", "var", "median", "min", "max", "dmean", "dmean2", "dvar", "dvar2"]

lowlevel:
    average_loudness: 0.94726473093
    barkbands_kurtosis:
        dmean: 0.602417349815
        dmean2: 1.03745746613
        dvar: 0.59674179554
        dvar2: 1.63360285759
        max: 12.7796812057
        mean: -0.870495438576
        median: -1.05861926079
        min: -1.87520098686
        var: 0.723499596119
    barkbands_skewness:
        dmean: 0.443654000759
        dmean2: 0.704592168331
        dvar: 0.192462399602
        dvar2: 0.464407265186
        max: 3.61346817017
        mean: -0.290858656168
        median: -0.361835122108
        min: -2.55868530273
        var: 0.437366187572
    barkbands_spread:
        dmean: 5.51272535324
        dmean2: 9.1117143631
        dvar: 23.7543544769
        dvar2: 65.6966781616
        max: 62.6213035583
        mean: 34.3002204895
        median: 34.06199646
        min: 7.50363254547
        var: 66.7133255005
    dissonance:
        dmean: 0.00843574199826
        dmean2: 0.0145105356351
        dvar: 6.53772804071e-005
        dvar2: 0.000184258198715
        max: 0.500000059605
        mean: 0.486964941025
        median: 0.489404350519
        min: 0.399815648794
        var: 9.6986463177e-005
    hfc:
        dmean: 3.7173781395
        dmean2: 6.47694587708
        dvar: 24.8167572021
        dvar2: 68.6076278687
        max: 42.4320487976
        mean: 10.0805959702
        median: 9.3142490387
        min: 1.07831224948e-016
        var: 29.4775829315
    pitch:
        dmean: 992.243225098
        dmean2: 1896.99499512
        dvar: 1906312.125
        dvar2: 4394957
        max: 4535.62695313
        mean: 2202.12695313
        median: 3498.41357422
        min: 64.1949386597
        var: 2695929.75
    pitch_instantaneous_confidence:
        dmean: 0.0827494040132
        dmean2: 0.137402206659
        dvar: 0.00485693849623
        dvar2: 0.0121555719525
        max: 0.959325551987
        mean: 0.330532073975
        median: 0.314144670963
        min: 0.0927842259407
        var: 0.0119738541543
    pitch_salience:
        dmean: 0.0591939985752
        dmean2: 0.099011041224
        dvar: 0.00361651415005
        dvar2: 0.00979575049132
        max: 0.971247792244
        mean: 0.705718517303
        median: 0.725320756435
        min: 0.1965700984
        var: 0.00599887035787
    silence_rate_20dB:
        dmean: 0
        dmean2: 0
        dvar: 0
        dvar2: 0
        max: 1
        mean: 1
        median: 1
        min: 1
        var: 0
    silence_rate_30dB:
        dmean: 0
        dmean2: 0
        dvar: 0
        dvar2: 0
        max: 1
        mean: 1
        median: 1
        min: 1
        var: 0
    silence_rate_60dB:
        dmean: 0.110590778291
        dmean2: 0.221201479435
        dvar: 0.0983508229256
        dvar2: 0.206145584583
        max: 1
        mean: 0.1635299474
        median: 0
        min: 0
        var: 0.136783257127
    spectral_centroid:
        dmean: 335.899414063
        dmean2: 538.190307617
        dvar: 115474.453125
        dvar2: 273905.3125
        max: 11584.7714844
        mean: 1961.28283691
        median: 1981.26245117
        min: 356.230895996
        var: 414730.5
    spectral_complexity:
        dmean: 5.36203193665
        dmean2: 8.74052047729
        dvar: 23.8869495392
        dvar2: 61.6889343262
        max: 51
        mean: 21.6161193848
        median: 22
        min: 0
        var: 86.2421035767
    spectral_crest:
        dmean: 1.96483516693
        dmean2: 3.33051037788
        dvar: 4.5111989975
        dvar2: 11.908323288
        max: 21.9610347748
        mean: 6.12033367157
        median: 5.52667570114
        min: 2.42319130898
        var: 5.90732717514
    spectral_decrease:
        dmean: 4.19109469352e-010
        dmean2: 7.23588688967e-010
        dvar: 4.81579692942e-019
        dvar2: 1.31412870767e-018
        max: 1.19359857378e-028
        mean: -1.15868770134e-009
        median: -1.06501063524e-009
        min: -7.39798444727e-009
        var: 4.65501421485e-019
    spectral_energy:
        dmean: 0.00188212585635
        dmean2: 0.00326409423724
        dvar: 8.60680302139e-006
        dvar2: 2.34976851061e-005
        max: 0.0305209308863
        mean: 0.00528750102967
        median: 0.00485591217875
        min: 1.00635754598e-020
        var: 8.68954793987e-006
    spectral_energyband_high:
        dmean: 0.000305593450321
        dmean2: 0.000540824257769
        dvar: 2.18329759605e-007
        dvar2: 6.06664798397e-007
        max: 0.00377647974528
        mean: 0.000518086773809
        median: 0.000423084100476
        min: 6.90527224964e-021
        var: 1.76204991931e-007
    spectral_energyband_low:
        dmean: 0.000265629030764
        dmean2: 0.000417330913479
        dvar: 1.72165627532e-007
        dvar2: 3.88466617096e-007
        max: 0.00790759548545
        mean: 0.000408936612075
        median: 0.000277522893157
        min: 1.03117239069e-023
        var: 2.34235571384e-007
    spectral_energyband_middle_high:
        dmean: 0.000881871616002
        dmean2: 0.00149458216038
        dvar: 9.45703163779e-007
        dvar2: 2.601445658e-006
        max: 0.0113399643451
        mean: 0.00286713405512
        median: 0.00258758291602
        min: 1.40160625308e-021
        var: 2.48607830144e-006
    spectral_energyband_middle_low:
        dmean: 0.00101527257357
        dmean2: 0.00175259367097
        dvar: 5.00859232488e-006
        dvar2: 1.36924909384e-005
        max: 0.0232378728688
        mean: 0.00163831235841
        median: 0.00117739127018
        min: 1.55879129442e-022
        var: 3.80635447073e-006
    spectral_flatness_db:
        dmean: 0.0142663093284
        dmean2: 0.0223024524748
        dvar: 0.000183766809641
        dvar2: 0.000438148796093
        max: 0.338555753231
        mean: 0.130448445678
        median: 0.12711584568
        min: 0.0584110617638
        var: 0.000565469148569
    spectral_flux:
        dmean: 0.00957551598549
        dmean2: 0.0152914365754
        dvar: 0.000164526863955
        dvar2: 0.000296955142403
        max: 0.14535599947
        mean: 0.0469403266907
        median: 0.0453530661762
        min: 6.55240861569e-011
        var: 0.000284902082058
    spectral_kurtosis:
        dmean: 0.969019889832
        dmean2: 1.67423009872
        dvar: 0.852068901062
        dvar2: 2.6140203476
        max: 15.3660144806
        mean: 3.45304441452
        median: 3.32911896706
        min: -1.25185656548
        var: 1.48984742165
    spectral_rms:
        dmean: 0.000366557796951
        dmean2: 0.000618418271188
        dvar: 2.21748351237e-007
        dvar2: 5.88054831496e-007
        max: 0.00545678660274
        mean: 0.00218652631156
        median: 0.00217657419853
        min: 3.13338829709e-012
        var: 3.77611684144e-007
    spectral_rolloff:
        dmean: 321.452911377
        dmean2: 527.885375977
        dvar: 176901.890625
        dvar2: 431724.28125
        max: 19638.28125
        mean: 3647.17578125
        median: 3682.17773438
        min: 215.33203125
        var: 707043.125
    spectral_skewness:
        dmean: 0.159558460116
        dmean2: 0.265589267015
        dvar: 0.020885836333
        dvar2: 0.0587122626603
        max: 3.19912409782
        mean: 1.22892141342
        median: 1.2383929491
        min: -0.0550045073032
        var: 0.0606964752078
    spectral_spread:
        dmean: 419236.5625
        dmean2: 634568.5625
        dvar: 400125952000
        dvar2: 833460174848
        max: 42322900
        mean: 4145601.5
        median: 3932075.5
        min: 2376739.25
        var: 3.41965065421e+012
    spectral_strongpeak:
        dmean: 0.465460002422
        dmean2: 0.823254823685
        dvar: 0.399004310369
        dvar2: 1.08989882469
        max: 7.64218378067
        mean: 0.555530846119
        median: 0.297090679407
        min: 3.94495464073e-010
        var: 0.421510100365
    zerocrossingrate:
        dmean: 0.00910334102809
        dmean2: 0.0116477701813
        dvar: 7.64388096286e-005
        dvar2: 0.000117699833936
        max: 0.53466796875
        mean: 0.108716025949
        median: 0.10888671875
        min: 0.02880859375
        var: 0.00066590635106
    barkbands:
        dmean: [8.95655546174e-007, 7.66621378716e-005, 0.000173013017047, 0.00015734754561, 0.000652172311675, 0.000200728609343, 0.000139458061312, 8.95724879229e-005, 0.000107012398075, 0.000106985433376, 8.69028808665e-005, 9.0296176495e-005, 0.000117291237984, 8.69172727107e-005, 7.94796724222e-005, 0.000109129650809, 0.000169199352968, 0.000194709718926, 0.000312814634526, 0.000318766891723, 0.000127326711663, 3.32070485456e-005, 4.87506076752e-006, 2.7952594337e-006, 1.24829318793e-006, 4.40313705496e-008, 4.74583150556e-010]
        dmean2: [1.37956635626e-006, 0.000127019724459, 0.00027350441087, 0.000269645359367, 0.0011556961108, 0.000336654222338, 0.000238271299168, 0.000148999984958, 0.000178320566192, 0.000174816945218, 0.000145917234477, 0.000150247273268, 0.000195364220417, 0.000144815028762, 0.000133879628265, 0.00018554928829, 0.000285868678475, 0.000344767933711, 0.000530446879566, 0.000560319633223, 0.000226271833526, 5.94941411691e-005, 8.30808858154e-006, 4.64363256469e-006, 2.1634807581e-006, 7.45019974602e-008, 8.38961566885e-010]
        dvar: [1.93950563075e-012, 1.34782682792e-008, 9.7871392768e-008, 5.55137908975e-008, 2.93865628009e-006, 1.54336845526e-007, 7.05976717086e-008, 1.96192111446e-008, 2.85239352138e-008, 4.98225176671e-008, 2.40705286814e-008, 2.67392774589e-008, 3.79902793668e-008, 1.83162729428e-008, 1.56881938551e-008, 1.36704327858e-008, 4.15254497454e-008, 6.70111646173e-008, 1.11017733673e-007, 1.86155475035e-007, 3.88941074903e-008, 3.17219073231e-009, 7.35840624544e-011, 3.55675315589e-011, 1.0948852068e-011, 2.1570596939e-014, 3.40650719273e-018]
        dvar2: [4.50035017932e-012, 3.49410562706e-008, 2.15832770323e-007, 1.48013569401e-007, 8.04810224508e-006, 4.1809812501e-007, 1.90201816963e-007, 5.05519999194e-008, 7.31016243094e-008, 1.25535805751e-007, 6.54012382029e-008, 6.72906566024e-008, 1.00597802088e-007, 4.83725486333e-008, 4.05624369648e-008, 3.60892471463e-008, 1.12448446998e-007, 1.85510515394e-007, 3.02739834979e-007, 5.17692399171e-007, 1.07454184217e-007, 8.71825189819e-009, 1.83804499398e-010, 8.8059767811e-011, 3.02051543499e-011, 5.79356170243e-014, 9.47325370522e-018]
        max: [1.25346159621e-005, 0.00121905480046, 0.0052281729877, 0.00523887202144, 0.0168704483658, 0.0047997883521, 0.00457437476143, 0.0022000411991, 0.00391763681546, 0.00698570068926, 0.0036886013113, 0.00396698806435, 0.00325316586532, 0.00371234002523, 0.00237793498673, 0.00279713678174, 0.00469872215763, 0.00323102227412, 0.00436876527965, 0.00475015677512, 0.00228826189414, 0.000524426985066, 0.00022859951423, 0.000140241478221, 6.9177855039e-005, 5.44019576409e-006, 8.73361685194e-008]
        mean: [1.17529828003e-006, 0.000104565064248, 0.000213408740819, 0.000179867667612, 0.000618789403234, 0.00027524473262, 0.000181571274879, 0.000131382621475, 0.000171986612258, 0.000169556762557, 0.000144683377584, 0.000159254865139, 0.000211146965739, 0.000160146053531, 0.000148826875375, 0.0002273509308, 0.000344222382409, 0.000319785001921, 0.000702033925336, 0.000576943217311, 0.000189030208276, 4.31120570283e-005, 7.63435309636e-006, 4.17856517743e-006, 1.5513554672e-006, 5.28620702767e-008, 4.87727080944e-010]
        median: [6.28170312211e-007, 6.9774716394e-005, 0.000112921923574, 0.000108145140985, 0.000252969854046, 0.00014505533909, 9.41266916925e-005, 7.14208435966e-005, 9.40489044297e-005, 6.59153156448e-005, 7.44827411836e-005, 7.91794300312e-005, 0.000105097540654, 9.67250380199e-005, 9.89472537185e-005, 0.000191387007362, 0.000264246074948, 0.000242028676439, 0.000646717962809, 0.000486457603984, 0.000141684882692, 2.75280945061e-005, 4.82085988551e-006, 2.31632907344e-006, 8.21566004561e-007, 2.35574049157e-008, 2.47450115953e-010]
        min: [2.47922968635e-024, 5.90487512778e-024, 2.23235941315e-024, 1.51692646984e-024, 1.86057751211e-023, 1.53489991615e-023, 1.1009287573e-023, 1.02774920768e-023, 1.21483545996e-023, 2.43960551862e-023, 2.98084693e-023, 2.08791081669e-023, 2.8736984776e-023, 3.11822011467e-023, 4.88187896482e-023, 7.56618456085e-023, 8.31575198884e-023, 1.3662342602e-022, 1.92843598982e-022, 1.58302181977e-022, 2.91868891896e-022, 3.50116437384e-022, 3.82900916004e-022, 6.83641501723e-022, 9.62774619268e-022, 1.34792786569e-021, 2.08934957907e-021]
        var: [2.3967496824e-012, 1.34502666782e-008, 1.24599935702e-007, 5.30438271085e-008, 2.00581803256e-006, 1.6097035882e-007, 7.92371963598e-008, 3.09423029421e-008, 5.4313670006e-008, 1.01108305728e-007, 4.52832544795e-008, 5.13988744899e-008, 8.63172573418e-008, 3.74627404653e-008, 3.36355689967e-008, 2.92177553263e-008, 8.98055887433e-008, 7.22193433944e-008, 1.6294009697e-007, 1.76704219257e-007, 3.08486463041e-008, 2.46528530923e-009, 1.01769377647e-010, 4.70036405631e-011, 9.18842172487e-012, 1.6893430082e-014, 2.21549883917e-018]
    frequency_bands:
        dmean: [8.95655546174e-007, 7.66621378716e-005, 0.000173013017047, 0.00015734754561, 0.000652172311675, 0.000200728609343, 0.000139458061312, 8.95724879229e-005, 0.000107012398075, 0.000106985433376, 8.69028808665e-005, 9.0296176495e-005, 0.000117291237984, 8.69172727107e-005, 7.94796724222e-005, 0.000109129650809, 0.000169199352968, 0.000194709718926, 0.000312814634526, 0.000318766891723, 0.000127326711663, 3.32070485456e-005, 4.87506076752e-006, 2.7952594337e-006, 1.24829318793e-006, 4.40313705496e-008, 4.74583150556e-010, 5.95019866712e-011]
        dmean2: [1.37956635626e-006, 0.000127019724459, 0.00027350441087, 0.000269645359367, 0.0011556961108, 0.000336654222338, 0.000238271299168, 0.000148999984958, 0.000178320566192, 0.000174816945218, 0.000145917234477, 0.000150247273268, 0.000195364220417, 0.000144815028762, 0.000133879628265, 0.00018554928829, 0.000285868678475, 0.000344767933711, 0.000530446879566, 0.000560319633223, 0.000226271833526, 5.94941411691e-005, 8.30808858154e-006, 4.64363256469e-006, 2.1634807581e-006, 7.45019974602e-008, 8.38961566885e-010, 1.11001964564e-010]
        dvar: [1.93950563075e-012, 1.34782682792e-008, 9.7871392768e-008, 5.55137908975e-008, 2.93865628009e-006, 1.54336845526e-007, 7.05976717086e-008, 1.96192111446e-008, 2.85239352138e-008, 4.98225176671e-008, 2.40705286814e-008, 2.67392774589e-008, 3.79902793668e-008, 1.83162729428e-008, 1.56881938551e-008, 1.36704327858e-008, 4.15254497454e-008, 6.70111646173e-008, 1.11017733673e-007, 1.86155475035e-007, 3.88941074903e-008, 3.17219073231e-009, 7.35840624544e-011, 3.55675315589e-011, 1.0948852068e-011, 2.1570596939e-014, 3.40650719273e-018, 7.56369509254e-021]
        dvar2: [4.50035017932e-012, 3.49410562706e-008, 2.15832770323e-007, 1.48013569401e-007, 8.04810224508e-006, 4.1809812501e-007, 1.90201816963e-007, 5.05519999194e-008, 7.31016243094e-008, 1.25535805751e-007, 6.54012382029e-008, 6.72906566024e-008, 1.00597802088e-007, 4.83725486333e-008, 4.05624369648e-008, 3.60892471463e-008, 1.12448446998e-007, 1.85510515394e-007, 3.02739834979e-007, 5.17692399171e-007, 1.07454184217e-007, 8.71825189819e-009, 1.83804499398e-010, 8.8059767811e-011, 3.02051543499e-011, 5.79356170243e-014, 9.47325370522e-018, 2.42119254962e-020]
        max: [1.25346159621e-005, 0.00121905480046, 0.0052281729877, 0.00523887202144, 0.0168704483658, 0.0047997883521, 0.00457437476143, 0.0022000411991, 0.00391763681546, 0.00698570068926, 0.0036886013113, 0.00396698806435, 0.00325316586532, 0.00371234002523, 0.00237793498673, 0.00279713678174, 0.00469872215763, 0.00323102227412, 0.00436876527965, 0.00475015677512, 0.00228826189414, 0.000524426985066, 0.00022859951423, 0.000140241478221, 6.9177855039e-005, 5.44019576409e-006, 8.73361685194e-008, 1.21428989086e-009]
        mean: [1.17529828003e-006, 0.000104565064248, 0.000213408740819, 0.000179867667612, 0.000618789403234, 0.00027524473262, 0.000181571274879, 0.000131382621475, 0.000171986612258, 0.000169556762557, 0.000144683377584, 0.000159254865139, 0.000211146965739, 0.000160146053531, 0.000148826875375, 0.0002273509308, 0.000344222382409, 0.000319785001921, 0.000702033925336, 0.000576943217311, 0.000189030208276, 4.31120570283e-005, 7.63435309636e-006, 4.17856517743e-006, 1.5513554672e-006, 5.28620702767e-008, 4.87727080944e-010, 4.52971306297e-011]
        median: [6.28170312211e-007, 6.9774716394e-005, 0.000112921923574, 0.000108145140985, 0.000252969854046, 0.00014505533909, 9.41266916925e-005, 7.14208435966e-005, 9.40489044297e-005, 6.59153156448e-005, 7.44827411836e-005, 7.91794300312e-005, 0.000105097540654, 9.67250380199e-005, 9.89472537185e-005, 0.000191387007362, 0.000264246074948, 0.000242028676439, 0.000646717962809, 0.000486457603984, 0.000141684882692, 2.75280945061e-005, 4.82085988551e-006, 2.31632907344e-006, 8.21566004561e-007, 2.35574049157e-008, 2.47450115953e-010, 1.74492902766e-011]
        min: [2.47922968635e-024, 5.90487512778e-024, 2.23235941315e-024, 1.51692646984e-024, 1.86057751211e-023, 1.53489991615e-023, 1.1009287573e-023, 1.02774920768e-023, 1.21483545996e-023, 2.43960551862e-023, 2.98084693e-023, 2.08791081669e-023, 2.8736984776e-023, 3.11822011467e-023, 4.88187896482e-023, 7.56618456085e-023, 8.31575198884e-023, 1.3662342602e-022, 1.92843598982e-022, 1.58302181977e-022, 2.91868891896e-022, 3.50116437384e-022, 3.82900916004e-022, 6.83641501723e-022, 9.62774619268e-022, 1.34792786569e-021, 2.08934957907e-021, 5.28500203352e-022]
        var: [2.3967496824e-012, 1.34502666782e-008, 1.24599935702e-007, 5.30438271085e-008, 2.00581803256e-006, 1.6097035882e-007, 7.92371963598e-008, 3.09423029421e-008, 5.4313670006e-008, 1.01108305728e-007, 4.52832544795e-008, 5.13988744899e-008, 8.63172573418e-008, 3.74627404653e-008, 3.36355689967e-008, 2.92177553263e-008, 8.98055887433e-008, 7.22193433944e-008, 1.6294009697e-007, 1.76704219257e-007, 3.08486463041e-008, 2.46528530923e-009, 1.01769377647e-010, 4.70036405631e-011, 9.18842172487e-012, 1.6893430082e-014, 2.21549883917e-018, 5.73882682081e-021]
    mfcc:
        mean: [-688.211730957, 102.894790649, -58.0279655457, 56.6620826721, -13.6703863144, -1.97307693958, 6.42695140839, -6.64473819733, -3.83930516243, -1.62641811371, -5.89882278442, -1.99153828621, -0.918345630169]
        cov: [[4000.83422852, 474.252532959, -284.073608398, 143.805923462, -136.234909058, 12.7676868439, 100.969818115, 47.2250709534, 6.46099805832, 31.4366340637, 21.2524909973, 13.4762487411, -78.5149536133], [474.252532959, 502.030181885, -169.774185181, 79.9157562256, -69.6541213989, 8.39653587341, 15.7752103806, 8.8349609375, -11.1887950897, -3.64488768578, -1.64316284657, -2.59325551987, -8.6357460022], [-284.073608398, -169.774185181, 266.575042725, -0.0331782326102, 58.9974937439, 9.03495883942, -24.0935611725, -2.60126900673, -16.4661102295, -16.7633609772, -10.6768989563, -18.8225479126, -9.92607593536], [143.805923462, 79.9157562256, -0.0331782326102, 225.959609985, 36.5778121948, 32.8808937073, -28.4801445007, -29.3135700226, -2.1578066349, -7.34364891052, -16.0049476624, -21.6276626587, 15.4437017441], [-136.234909058, -69.6541213989, 58.9974937439, 36.5778121948, 91.5475921631, 22.5806713104, -7.1514172554, -15.4305038452, -1.87982702255, 7.45379257202, -2.20271205902, -7.35396671295, -2.03423237801], [12.7676868439, 8.39653587341, 9.03495883942, 32.8808937073, 22.5806713104, 77.7996520996, 29.9087638855, 18.9964866638, -0.273056954145, -0.0174325723201, 2.07008385658, -6.28369998932, -8.94524669647], [100.969818115, 15.7752103806, -24.0935611725, -28.4801445007, -7.1514172554, 29.9087638855, 104.193489075, 48.9068336487, 20.6864643097, 2.53943896294, 3.86211848259, 6.33473730087, -8.31323623657], [47.2250709534, 8.8349609375, -2.60126900673, -29.3135700226, -15.4305038452, 18.9964866638, 48.9068336487, 73.986907959, 26.2427082062, 7.78647422791, 8.29987049103, 7.07185125351, -7.90166902542], [6.46099805832, -11.1887950897, -16.4661102295, -2.1578066349, -1.87982702255, -0.273056954145, 20.6864643097, 26.2427082062, 57.0309791565, 27.7092723846, 10.4685401917, 1.5187330246, 1.08986377716], [31.4366340637, -3.64488768578, -16.7633609772, -7.34364891052, 7.45379257202, -0.0174325723201, 2.53943896294, 7.78647422791, 27.7092723846, 57.2076377869, 24.2401752472, 10.4382762909, 0.96357935667], [21.2524909973, -1.64316284657, -10.6768989563, -16.0049476624, -2.20271205902, 2.07008385658, 3.86211848259, 8.29987049103, 10.4685401917, 24.2401752472, 47.0027770996, 25.4026279449, 5.58422899246], [13.4762487411, -2.59325551987, -18.8225479126, -21.6276626587, -7.35396671295, -6.28369998932, 6.33473730087, 7.07185125351, 1.5187330246, 10.4382762909, 25.4026279449, 50.7172737122, 22.8766174316], [-78.5149536133, -8.6357460022, -9.92607593536, 15.4437017441, -2.03423237801, -8.94524669647, -8.31323623657, -7.90166902542, 1.08986377716, 0.96357935667, 5.58422899246, 22.8766174316, 52.0713653564]]
        icov: [[0.000330162496539, -0.000116723909741, 0.000148070117575, -0.000409781525377, 0.000405641534599, 0.000201344824745, -0.000357027747668, -2.70648579317e-005, 0.000266147078946, -0.000301097519696, -8.56154747453e-006, -0.000376690761186, 0.000783974363003], [-0.000116723909741, 0.00322200823575, 0.00164127361495, -0.00154064560775, 0.00176932767499, 3.89209890272e-005, -0.00016964864335, -0.000894277123734, 0.00179865013342, -0.000410048029153, -0.000170700383023, 0.000257973792031, 0.000916085322388], [0.000148070117575, 0.00164127361495, 0.00593769084662, -0.000366461463273, -0.00257407967001, 0.000367431202903, 0.00138976005837, -0.00262936553918, 0.00204243022017, 0.00134070473723, -0.000672409893014, 0.00158217153512, 0.000830910750665], [-0.000409781525377, -0.00154064560775, -0.000366461463273, 0.0075660282746, -0.00310855335556, -0.00381018128246, 0.00245579122566, 0.00216095452197, -0.00301669095643, 0.00163757684641, 0.00080436328426, 0.00302691967227, -0.00462647760287], [0.000405641534599, 0.00176932767499, -0.00257407967001, -0.00310855335556, 0.0178361106664, -0.00422468408942, -0.00159987213556, 0.00461902609095, 0.000512715312652, -0.00477676698938, 0.00145015295129, -0.00148879853077, 0.00232911109924], [0.000201344824745, 3.89209890272e-005, 0.000367431202903, -0.00381018128246, -0.00422468408942, 0.0195265579969, -0.00538195949048, -0.0052893627435, 0.00500687910244, -0.000418053445173, -0.0033841021359, 0.00226669991389, 0.00230767764151], [-0.000357027747668, -0.00016964864335, 0.00138976005837, 0.00245579122566, -0.00159987213556, -0.00538195949048, 0.0167449023575, -0.00776960141957, -0.00370124494657, 0.00278735719621, 0.00170535058714, -0.00158154312521, 1.51838767124e-005], [-2.70648579317e-005, -0.000894277123734, -0.00262936553918, 0.00216095452197, 0.00461902609095, -0.0052893627435, -0.00776960141957, 0.0260980594903, -0.0105546386912, 0.00142864277586, 7.60239709052e-006, -0.00388364540413, 0.00256028957665], [0.000266147078946, 0.00179865013342, 0.00204243022017, -0.00301669095643, 0.000512715312652, 0.00500687910244, -0.00370124494657, -0.0105546386912, 0.0314935930073, -0.0140088051558, -0.00122232665308, 0.00560256931931, -0.00205897516571], [-0.000301097519696, -0.000410048029153, 0.00134070473723, 0.00163757684641, -0.00477676698938, -0.000418053445173, 0.00278735719621, 0.00142864277586, -0.0140088051558, 0.0305673107505, -0.0124287130311, -5.46016599401e-006, 0.000714083143976], [-8.56154747453e-006, -0.000170700383023, -0.000672409893014, 0.00080436328426, 0.00145015295129, -0.0033841021359, 0.00170535058714, 7.60239709052e-006, -0.00122232665308, -0.0124287130311, 0.0375337228179, -0.0181374195963, 0.0035394965671], [-0.000376690761186, 0.000257973792031, 0.00158217153512, 0.00302691967227, -0.00148879853077, 0.00226669991389, -0.00158154312521, -0.00388364540413, 0.00560256931931, -5.46016599401e-006, -0.0181374195963, 0.0390876606107, -0.0169764757156], [0.000783974363003, 0.000916085322388, 0.000830910750665, -0.00462647760287, 0.00232911109924, 0.00230767764151, 1.51838767124e-005, 0.00256028957665, -0.00205897516571, 0.000714083143976, 0.0035394965671, -0.0169764757156, 0.0300559587777]]
    sccoeffs:
        dmean: [0.0618116445839, 0.0497900508344, 0.0358162932098, 0.0275574959815, 0.0197617802769, 0.0195839293301]
        dmean2: [0.100950568914, 0.0832646787167, 0.0612383335829, 0.0468303672969, 0.0333519764245, 0.0321223400533]
        dvar: [0.00297616166063, 0.00167861278169, 0.000780224858318, 0.000482219533296, 0.000258813641267, 0.00030872024945]
        dvar2: [0.00751010561362, 0.00442822044715, 0.00224186456762, 0.00133380212355, 0.000708553066943, 0.000820889894385]
        max: [-0.289041131735, -0.405173808336, -0.635716021061, -0.627225637436, -0.64680480957, -0.634329319]
        mean: [-0.699879407883, -0.775595724583, -0.813020706177, -0.806795477867, -0.801890611649, -0.74578088522]
        median: [-0.71057420969, -0.784781694412, -0.818186879158, -0.810751497746, -0.802264928818, -0.745727539063]
        min: [-0.974595427513, -0.97185921669, -0.98287320137, -0.976469039917, -0.970386862755, -0.963250875473]
        var: [0.00532257184386, 0.00421325676143, 0.00190586794633, 0.00124621251598, 0.000604026252404, 0.00107673904859]
    scvalleys:
        dmean: [0.358816534281, 0.381757587194, 0.299149394035, 0.241030097008, 0.253976553679, 0.354900211096]
        dmean2: [0.593961596489, 0.632215023041, 0.495872020721, 0.398559331894, 0.409026503563, 0.532137215137]
        dvar: [0.0930504947901, 0.129854679108, 0.0791285037994, 0.0617739856243, 0.0810533538461, 0.176208585501]
        dvar2: [0.229896500707, 0.309076160192, 0.184034004807, 0.133886709809, 0.190384045243, 0.429608613253]
        max: [-5.13558864594, -4.51347589493, -4.92035627365, -5.50093889236, -5.39120054245, -7.63013410568]
        mean: [-6.58333826065, -6.45609998703, -6.67011356354, -6.7654876709, -6.59061861038, -9.66681003571]
        median: [-6.38194274902, -6.30352878571, -6.54732036591, -6.60609865189, -6.4218711853, -9.49077224731]
        min: [-28.2250289917, -27.6716270447, -27.8741607666, -27.602148056, -27.5016307831, -27.3600234985]
        var: [2.04574084282, 1.8299267292, 1.83079206944, 1.73516559601, 1.73748028278, 1.57297921181]

rhythm:
    beats_loudness:
        dmean: 0.00144127744716
        dmean2: 0.00251066545025
        dvar: 1.31017884542e-006
        dvar2: 3.68794962924e-006
        max: 0.0107705993578
        mean: 0.00519530847669
        median: 0.00525443023071
        min: 2.88319784714e-011
        var: 3.14141425406e-006
    bpm: 105.481552124
    bpm_confidence: 0
    first_peak_bpm: 105
    first_peak_spread: 0.127551034093
    first_peak_weight: 0.342685371637
    onset_rate: 4.59607696533
    second_peak_bpm: 126
    second_peak_spread: 0.542253494263
    second_peak_weight: 0.260521054268
    beats_loudness_band_ratio:
        dmean: [0.113922446966, 0.128565728664, 0.06499247998, 0.0615839511156, 0.0885070338845, 0.102513596416]
        dmean2: [0.205779477954, 0.232281237841, 0.116270579398, 0.109861709177, 0.15966129303, 0.178086280823]
        dvar: [0.0109030660242, 0.0148862525821, 0.00470825936645, 0.00500172516331, 0.00588240707293, 0.00538083072752]
        dvar2: [0.0292753204703, 0.0415258482099, 0.0140286283568, 0.0142519678921, 0.0190362017602, 0.0163181237876]
        max: [0.574039459229, 0.569110512733, 0.489566653967, 0.462469965219, 0.563619375229, 0.542550563812]
        mean: [0.167497709394, 0.161376088858, 0.106370434165, 0.120353683829, 0.236965999007, 0.285115242004]
        median: [0.136913597584, 0.102313637733, 0.0842979922891, 0.0905498489738, 0.22883322835, 0.279372811317]
        min: [0, 0, 0, 0, 0, 0]
        var: [0.0125157395378, 0.0180782247335, 0.00554552581161, 0.00698109716177, 0.0068583143875, 0.00919271074235]
    beats_position: [0.487619042397, 0.986848056316, 1.48607707024, 1.97369611263, 2.4497051239, 2.92571425438, 3.40172338486, 3.87773227692, 4.34213161469, 4.81814050674, 5.2941493988, 5.7701587677, 6.24616765976, 6.71056699753, 7.18657588959, 7.66258478165, 8.13859367371, 8.60299301147, 9.17188167572, 9.74077033997, 10.3096599579, 10.8785486221, 11.4474372864, 12.0163259506, 12.5852155685, 13.1541042328, 13.722992897, 14.2918815613, 14.8607711792, 15.4296598434, 15.9985485077, 16.5674381256, 17.1363258362, 17.7052154541, 18.2741031647, 18.8429927826, 19.4118824005, 19.9807701111, 20.549659729, 21.1185474396, 21.6874370575, 22.2447166443, 22.8136043549, 23.3824939728, 23.9513835907, 24.5202713013, 25.0891609192, 25.6580486298, 26.2269382477, 26.7958278656, 27.3647155762, 27.9336051941, 28.5024929047, 29.0713825226, 29.6286621094, 30.1975498199, 30.7664394379, 31.3353290558, 31.9042167664, 32.4731063843, 33.0419960022, 33.6108856201, 34.1797714233, 34.7486610413, 35.3175506592, 35.8864402771, 36.455329895, 37.0242156982, 37.5931053162, 38.1736030579, 38.6496124268, 39.1372337341, 39.613243103, 40.0776405334, 40.5420417786, 41.0180473328, 41.4824485779, 41.9584579468, 42.4344673157, 42.9104766846, 43.374874115, 43.8624954224, 44.3268928528, 44.8029022217, 45.2789115906, 45.7549209595, 46.2193183899, 46.6953277588, 47.1597251892, 47.6357345581, 48.1001358032, 48.5761451721, 49.0405426025, 49.5165519714, 49.9925613403, 50.4685707092, 50.9445800781, 51.420589447, 51.8849868774, 52.3609962463, 52.8253974915, 53.3014030457, 53.7774124146, 54.2534217834, 54.7178230286, 55.1938323975, 55.6582298279, 56.1342391968, 56.6102485657, 57.0862579346, 57.5622673035, 58.0266647339, 58.491065979, 58.9786834717, 59.4546928406, 59.9307022095, 60.3950996399, 60.859500885, 61.3355102539, 61.8115196228, 62.2759170532, 62.7519264221, 63.2163238525, 63.6923332214, 64.1567306519, 64.6327438354, 65.1087493896, 65.5731506348, 66.0375518799, 66.5135574341, 66.9895706177, 67.4655761719, 67.9415893555, 68.4175949097, 68.8936004639, 69.3696136475, 69.8456192017, 70.3100204468, 70.7744216919, 71.2504272461, 71.7264404297, 72.2024459839, 72.6784591675, 73.1544647217, 73.6188659668, 74.094871521, 74.5592727661, 75.0352783203, 75.5112915039, 75.9872970581, 76.4633102417, 76.9277114868, 77.3921051025, 77.8681182861, 78.3441238403, 78.8201370239, 79.2961425781, 79.7721557617, 80.2365493774, 80.712562561, 81.1769561768, 81.6413574219, 82.105758667, 82.5817642212, 83.0577774048, 83.533782959, 83.9981842041, 84.4741897583, 84.9502029419, 85.4262084961, 85.8906097412, 86.4595031738, 87.0283889771, 87.5972747803, 88.1661682129, 88.7350540161, 89.3039474487, 89.872833252, 90.4417190552, 91.0106124878, 91.579498291, 92.1483917236, 92.7172775269, 93.2861633301, 93.8550567627, 94.4123306274, 94.9812240601, 95.5501098633, 96.1190032959, 96.6878890991, 97.2567749023, 97.825668335, 98.3945541382, 98.9634475708, 99.532333374, 100.101219177, 100.67011261, 101.238998413, 101.807891846, 102.376777649, 102.945663452, 103.514556885, 104.071838379, 104.640724182, 105.209609985, 105.778503418, 106.347389221, 106.916282654, 107.485168457, 108.05405426, 108.622947693, 109.180221558, 109.737503052, 110.283172607, 110.828842163, 111.374511719, 111.815689087, 112.268478394, 112.7212677, 113.174057007, 113.626846313, 114.07963562, 114.532424927, 114.985214233, 115.449615479, 115.925621033, 116.401634216, 116.877639771, 117.353645325, 117.81804657, 118.282447815, 118.758453369, 119.234466553, 119.710472107, 120.186485291, 120.650878906, 121.115280151, 121.591293335, 122.067298889, 122.543312073, 123.019317627, 123.495323181, 123.971336365, 124.43573761, 124.911743164, 125.387756348, 125.863761902, 126.328163147, 126.804168701, 127.268569946, 127.7445755, 128.220581055, 128.6849823, 129.149383545, 129.61378479, 130.101409912, 130.577407837, 131.053421021, 131.529434204, 132.005432129, 132.469833374, 132.934234619, 133.410247803, 133.886260986, 134.362258911, 134.838272095, 135.314285278, 135.790298462, 136.254684448, 136.719085693, 137.195098877, 137.671112061, 138.147125244, 138.623123169, 139.099136353, 139.563537598, 140.039550781, 140.503936768, 140.979949951, 141.455963135, 141.92036438, 142.384765625, 142.86076355, 143.336776733, 143.801177979, 144.277191162, 144.753189087, 145.229202271, 145.705215454, 146.169616699, 146.634017944, 147.110015869, 147.586029053, 148.062042236, 148.538040161, 149.002441406, 149.47845459, 149.954467773, 150.418869019, 150.894866943, 151.359268188, 151.835281372, 152.311294556, 152.78729248, 153.274917603, 153.762542725, 154.250152588, 154.73777771, 155.225387573, 155.713012695, 156.200637817, 156.688247681, 157.175872803, 157.663482666, 158.151107788, 158.63873291, 159.126342773, 159.613967896, 160.101577759, 160.589202881, 161.076828003, 161.564437866, 162.052062988, 162.539672852, 163.027297974, 163.514923096, 164.002532959, 164.490158081, 164.977767944, 165.465393066, 165.953018188, 166.440628052, 166.928253174, 167.415863037, 167.903488159, 168.391113281, 168.878723145, 169.366348267, 169.85395813, 170.341583252, 170.829208374, 171.316818237, 171.804443359, 172.292053223, 172.779678345, 173.267303467, 173.75491333, 174.242538452, 174.730148315, 175.217773438, 175.70539856, 176.193008423, 176.680633545, 177.168243408, 177.65586853, 178.143493652, 178.631103516, 179.118728638, 179.606338501, 180.093963623, 180.581588745, 181.069198608, 181.55682373, 182.044433594, 182.532058716, 183.019683838, 183.507293701, 183.994918823, 184.494140625, 184.993377686, 185.492599487, 185.968612671, 186.456237793, 186.943847656, 187.431472778, 187.919082642, 188.406707764, 188.894332886, 189.381942749, 189.869567871, 190.357177734, 190.844802856, 191.332427979, 191.820037842, 192.307662964, 192.795272827, 193.282897949, 193.770523071, 194.258132935, 194.745758057, 195.23336792, 195.720993042, 196.208618164, 196.696228027, 197.183853149, 197.7759552, 198.36807251, 198.960174561, 199.563903809, 200.156005859, 200.73651123, 201.317001343, 201.885894775, 202.454788208, 203.023666382, 203.592559814, 204.161453247, 204.730331421, 205.287612915, 205.856506348, 206.42539978, 206.994277954, 207.563171387, 208.132064819, 208.700942993, 209.269836426, 209.838729858, 210.407608032, 210.976501465, 211.545394897, 212.11428833, 212.683166504, 213.252059937, 213.820953369, 214.389831543, 214.958724976, 215.527618408, 216.084899902, 216.653778076, 217.222671509, 217.791564941, 218.360443115, 218.929336548, 219.49822998, 220.067123413, 220.636001587, 221.20489502, 221.773788452, 222.342666626, 222.911560059, 223.480453491, 224.049331665, 224.606613159, 225.175506592, 225.744400024, 226.313278198, 226.882171631, 227.451065063, 228.019943237, 228.58883667, 229.157730103, 229.726623535, 230.295501709, 230.864395142, 231.433288574, 231.990570068, 232.559448242, 233.128341675, 233.697235107, 234.266113281, 234.846618652, 235.403900146, 235.97277832, 236.541671753, 237.110565186, 237.679458618, 238.248336792, 238.817230225, 239.386123657, 239.955001831, 240.523895264, 241.092788696, 241.66166687, 242.218948364, 242.787841797, 243.356735229, 243.925613403, 244.494506836, 245.063400269, 245.632278442, 246.201171875, 246.770065308, 247.33895874, 247.907836914, 248.476730347, 249.045623779, 249.614501953, 250.183395386, 250.752288818, 251.321166992, 251.890060425, 252.447341919, 253.016235352, 253.585113525, 254.165618896, 254.757720947, 255.349838257, 255.941940308, 256.545654297, 257.149383545]
