
metadata:
    version:
        essentia: "2.1-beta2"
    audio_properties:
        analysis_sample_rate: 44100
        bitrate: 320
        channels: 2
        equal_loudness: 1
        length: 369.188568115
        replay_gain: -10.8003730774
        downmix: "mix"
    tags:
        album: "Hail to the King"
        artist: "Avenged Sevenfold"
        comment: ""
        date: "2013"
        genre: "Metal"
        title: "This Means War"
        tracknumber: "4"

configuration:
    average_loudness:
        compute: 1
        frameSize: 88200
        hopSize: 44100
        silentFrames: "noise"
        windowType: "hann"
    general:
        analysisSampleRate: 44100
        endTime: 2000
        equalLoudness: 1
        nequalLoudness: 0
        shortSound: 0
        startTime: 0
    lowlevel:
        compute: 1
        frameSize: 2048
        hopSize: 1024
        zeroPadding: 0
        silentFrames: "noise"
        windowType: "blackmanharris62"
        mfccStats: ["mean", "cov", "icov"]
        stats: ["mean", "var", "median", "min", "max", "dmean", "dmean2", "dvar", "dvar2"]
    panning:
        compute: 0
        frameSize: 8192
        hopSize: 2048
        zeroPadding: 8192
        silentFrames: "noise"
        windowType: "hann"
        stats: ["copy"]
    rhythm:
        compute: 1
        maxTempo: 208
        minTempo: 40
        method: "degara"
        stats: ["mean", "var", "median", "min", "max", "dmean", "dmean2", "dvar", "dvar2"]
    segmentation:
        compute: 0
        cpw: 5
        inc1: 300
        inc2: 50
        minimumSegmentsLength: 10
        size1: 1000
        size2: 600
    sfx:
        compute: 1
        stats: ["mean", "var", "median", "min", "max", "dmean", "dmean2", "dvar", "dvar2"]
    svm:
        compute: 0
    tonal:
        compute: 1
        frameSize: 4096
        hopSize: 2048
        zeroPadding: 0
        silentFrames: "noise"
        windowType: "blackmanharris62"
        stats: ["mean", "var", "median", "min", "max", "dmean", "dmean2", "dvar", "dvar2"]

lowlevel:
    average_loudness: 0.856975257397
    barkbands_kurtosis:
        dmean: 0.914748609066
        dmean2: 1.48688197136
        dvar: 3.57762503624
        dvar2: 9.39714622498
        max: 112.506362915
        mean: 0.0459372475743
        median: -0.782144784927
        min: -1.9106246233
        var: 8.21796798706
    barkbands_skewness:
        dmean: 0.383636772633
        dmean2: 0.607142806053
        dvar: 0.152959689498
        dvar2: 0.389001250267
        max: 5.86639499664
        mean: -0.629851579666
        median: -0.645286202431
        min: -3.98894286156
        var: 0.752107322216
    barkbands_spread:
        dmean: 6.05008172989
        dmean2: 9.58141517639
        dvar: 45.4135856628
        dvar2: 116.922874451
        max: 78.0812530518
        mean: 32.6281661987
        median: 31.4332046509
        min: 0.406475633383
        var: 157.777709961
    dissonance:
        dmean: 0.0109779341146
        dmean2: 0.018621372059
        dvar: 0.000189706144738
        dvar2: 0.000517665175721
        max: 0.500000059605
        mean: 0.481379270554
        median: 0.486596763134
        min: 0.202901542187
        var: 0.000338216486853
    hfc:
        dmean: 4.5167016983
        dmean2: 8.04617404938
        dvar: 118.630081177
        dvar2: 337.172454834
        max: 92.4842758179
        mean: 9.83850574493
        median: 7.63124227524
        min: 1.08877383429e-016
        var: 100.55796814
    pitch:
        dmean: 791.247192383
        dmean2: 1509.62878418
        dvar: 1685337.25
        dvar2: 4009245.25
        max: 5185.55712891
        mean: 2141.24804688
        median: 3238.55249023
        min: 55.2528266907
        var: 2954850.5
    pitch_instantaneous_confidence:
        dmean: 0.0772303938866
        dmean2: 0.127075150609
        dvar: 0.00412683188915
        dvar2: 0.0105674015358
        max: 0.939004540443
        mean: 0.43969142437
        median: 0.434032857418
        min: 0.0996885299683
        var: 0.0142877362669
    pitch_salience:
        dmean: 0.0559507869184
        dmean2: 0.0918308272958
        dvar: 0.00273208180442
        dvar2: 0.0073477444239
        max: 0.981293082237
        mean: 0.646694421768
        median: 0.658956229687
        min: 0.166058689356
        var: 0.00824550818652
    silence_rate_20dB:
        dmean: 0
        dmean2: 0
        dvar: 0
        dvar2: 0
        max: 1
        mean: 1
        median: 1
        min: 1
        var: 0
    silence_rate_30dB:
        dmean: 0
        dmean2: 0
        dvar: 0
        dvar2: 0
        max: 1
        mean: 1
        median: 1
        min: 1
        var: 0
    silence_rate_60dB:
        dmean: 0.084276728332
        dmean2: 0.168564066291
        dvar: 0.0771627575159
        dvar2: 0.161159873009
        max: 1
        mean: 0.447267472744
        median: 0
        min: 0
        var: 0.247181296349
    spectral_centroid:
        dmean: 286.394561768
        dmean2: 459.441986084
        dvar: 119933.257813
        dvar2: 294619.1875
        max: 11973.3242188
        mean: 2393.74121094
        median: 2377.38598633
        min: 110.903656006
        var: 757565.0625
    spectral_complexity:
        dmean: 3.73308181763
        dmean2: 6.04503440857
        dvar: 24.0357265472
        dvar2: 54.902633667
        max: 53
        mean: 13.7639141083
        median: 13
        min: 0
        var: 76.4050521851
    spectral_crest:
        dmean: 1.74485707283
        dmean2: 2.88246655464
        dvar: 2.58234357834
        dvar2: 6.69535923004
        max: 24.220993042
        mean: 7.23443841934
        median: 6.68309164047
        min: 2.6495718956
        var: 6.49052143097
    spectral_decrease:
        dmean: 3.19963083806e-010
        dmean2: 5.5340587668e-010
        dvar: 4.86308219215e-019
        dvar2: 1.33696768137e-018
        max: 1.64689555663e-028
        mean: -8.21637868853e-010
        median: -7.13422709797e-010
        min: -5.94962878964e-009
        var: 4.91712345253e-019
    spectral_energy:
        dmean: 0.00159271422308
        dmean2: 0.00277673825622
        dvar: 1.28438259708e-005
        dvar2: 3.55957417923e-005
        max: 0.0292827896774
        mean: 0.00399344461039
        median: 0.00342574017122
        min: 9.97939286876e-021
        var: 1.23449708553e-005
    spectral_energyband_high:
        dmean: 0.000527629745193
        dmean2: 0.000957548385486
        dvar: 1.82438679985e-006
        dvar2: 5.21054153069e-006
        max: 0.0105648888275
        mean: 0.000752751308028
        median: 0.000456531590316
        min: 6.8021105488e-021
        var: 1.27143869122e-006
    spectral_energyband_low:
        dmean: 0.000212874321733
        dmean2: 0.000373825401766
        dvar: 4.11333218153e-007
        dvar2: 1.21515950013e-006
        max: 0.00696927309036
        mean: 0.000302422384266
        median: 0.000172817861312
        min: 1.27293688001e-023
        var: 2.90006369141e-007
    spectral_energyband_middle_high:
        dmean: 0.000785579031799
        dmean2: 0.00133542565163
        dvar: 2.05520973395e-006
        dvar2: 5.69538815398e-006
        max: 0.0147242033854
        mean: 0.00223102187738
        median: 0.00186105724424
        min: 1.21764207245e-021
        var: 3.22586151924e-006
    spectral_energyband_middle_low:
        dmean: 0.000448058126494
        dmean2: 0.000733862339985
        dvar: 9.77630520538e-007
        dvar2: 2.58275326814e-006
        max: 0.0110149066895
        mean: 0.000863387889694
        median: 0.000541884859558
        min: 1.41208020544e-022
        var: 1.08282802103e-006
    spectral_flatness_db:
        dmean: 0.0134274819866
        dmean2: 0.0212572962046
        dvar: 0.000170460683876
        dvar2: 0.000400171324145
        max: 0.507310688496
        mean: 0.13899526
        median: 0.129470527172
        min: 0.0624824166298
        var: 0.00210090423934
    spectral_flux:
        dmean: 0.00936819985509
        dmean2: 0.0148918433115
        dvar: 0.000245671428274
        dvar2: 0.000453458371339
        max: 0.153606086969
        mean: 0.0375585593283
        median: 0.0335464514792
        min: 6.46776729396e-011
        var: 0.000492621853482
    spectral_kurtosis:
        dmean: 1.41204810143
        dmean2: 2.40139484406
        dvar: 49.8517990112
        dvar2: 152.146011353
        max: 278.612579346
        mean: 5.06806278229
        median: 2.97245669365
        min: -1.27369368076
        var: 296.771972656
    spectral_rms:
        dmean: 0.000313644588459
        dmean2: 0.000523010035977
        dvar: 3.14065431439e-007
        dvar2: 8.32991588595e-007
        max: 0.00534495804459
        mean: 0.00181191065349
        median: 0.00182816444431
        min: 3.12025513934e-012
        var: 6.13006875483e-007
    spectral_rolloff:
        dmean: 290.832641602
        dmean2: 476.749420166
        dvar: 222915.0625
        dvar2: 459757.5625
        max: 19724.4140625
        mean: 3998.12841797
        median: 4026.70898438
        min: 107.666015625
        var: 1613506.75
    spectral_skewness:
        dmean: 0.174392491579
        dmean2: 0.281499624252
        dvar: 0.109411016107
        dvar2: 0.319655686617
        max: 13.6001968384
        mean: 1.35543596745
        median: 1.29085254669
        min: -0.0910738632083
        var: 1.01003098488
    spectral_spread:
        dmean: 536274
        dmean2: 784519.375
        dvar: 543447187456
        dvar2: 989842374656
        max: 44119808
        mean: 5770759
        median: 5663627.5
        min: 340504.34375
        var: 7.66944477184e+012
    spectral_strongpeak:
        dmean: 0.610847234726
        dmean2: 1.04876232147
        dvar: 0.72953337431
        dvar2: 1.8599281311
        max: 11.7763843536
        mean: 1.0195248127
        median: 0.640563607216
        min: 0
        var: 1.41348588467
    zerocrossingrate:
        dmean: 0.00762047339231
        dmean2: 0.00911254622042
        dvar: 8.38710184325e-005
        dvar2: 9.47129301494e-005
        max: 0.5263671875
        mean: 0.127300515771
        median: 0.12744140625
        min: 0.005859375
        var: 0.0014237803407
    barkbands:
        dmean: [1.86261942758e-007, 6.67515341775e-005, 0.000129891486722, 8.10748897493e-005, 0.000213665814954, 6.51722220937e-005, 7.90482445154e-005, 4.70185441372e-005, 7.48263119021e-005, 0.000108729771455, 4.69577316835e-005, 5.95495585003e-005, 3.96947471017e-005, 3.58640063496e-005, 5.54376129003e-005, 8.4678089479e-005, 0.000140269316034, 0.000172746353201, 0.000347743363818, 0.000333240168402, 0.000207588338526, 0.000123785212054, 1.93698069779e-005, 7.57509724281e-006, 3.69918188881e-006, 1.59738547723e-007, 3.32512328782e-009]
        dmean2: [2.67438508672e-007, 0.000117349467473, 0.000231358673773, 0.0001348459773, 0.000383614562452, 0.000107914427645, 0.00012810959015, 7.63300340623e-005, 0.000117670242616, 0.000165131859831, 7.49963364797e-005, 9.51380134211e-005, 6.42840532237e-005, 5.82465654588e-005, 8.72253149282e-005, 0.000138892442919, 0.000238658161834, 0.000299760489725, 0.000601787585765, 0.000581603206228, 0.000381125049898, 0.000228959834203, 3.35778058798e-005, 1.22983810797e-005, 5.68488712815e-006, 2.42239337922e-007, 5.27502219683e-009]
        dvar: [2.95946399982e-013, 3.97492243565e-008, 1.57327718853e-007, 2.39221531473e-008, 5.56870588753e-007, 2.89313444313e-008, 4.86432121249e-008, 1.88452453642e-008, 2.66976591945e-008, 5.46435927617e-008, 1.6270174541e-008, 2.10736974537e-008, 1.22534542513e-008, 7.68836816434e-009, 2.15627480316e-008, 3.31976472978e-008, 5.94186850833e-008, 1.265448617e-007, 3.51709275037e-007, 3.93993389025e-007, 3.01464922359e-007, 1.33204096642e-007, 2.40489628212e-009, 4.75560868463e-010, 1.81638634689e-010, 1.14800204933e-013, 3.86160037635e-017]
        dvar2: [5.30690075218e-013, 1.15353621766e-007, 4.68396052611e-007, 6.56150263012e-008, 1.5747867792e-006, 7.19108541603e-008, 1.22662626723e-007, 4.78971173834e-008, 6.30751912922e-008, 1.23305881061e-007, 3.8557800508e-008, 5.34115223161e-008, 2.84879213552e-008, 1.78973067477e-008, 4.75487027529e-008, 8.14416551975e-008, 1.5996413083e-007, 3.52705598061e-007, 9.7748556982e-007, 1.09953259653e-006, 8.66490665885e-007, 3.80006241585e-007, 6.52681597657e-009, 1.10035103251e-009, 3.8910902278e-010, 2.56146937428e-013, 9.52207109256e-017]
        max: [2.45010432991e-005, 0.00219195755199, 0.00470564886928, 0.00189094454981, 0.00773875555024, 0.00389548647217, 0.00548706343397, 0.00496503198519, 0.00373481004499, 0.00435958337039, 0.00398462405428, 0.00310979993083, 0.00453414907679, 0.00307601853274, 0.00524923671037, 0.00410367082804, 0.00452792691067, 0.0064876107499, 0.00676612276584, 0.00649265106767, 0.00480751413852, 0.00265818741173, 0.000660417077597, 0.000514710845891, 0.000368725741282, 1.24176576719e-005, 1.19680748867e-007]
        mean: [2.61308798599e-007, 8.73243770911e-005, 0.000149500017869, 0.000114882226626, 0.000198427078431, 9.07243811525e-005, 0.000110644410597, 6.80777811795e-005, 0.000125212376588, 0.000267330033239, 8.02061331342e-005, 0.000106328065158, 6.28027119092e-005, 5.35417239007e-005, 9.55887226155e-005, 0.000155920977704, 0.000242128924583, 0.000282698951196, 0.000645500898827, 0.000627615314443, 0.000270444259513, 0.000114729678899, 2.34067701967e-005, 1.25174346977e-005, 7.30287592887e-006, 3.14104454446e-007, 4.57699433909e-009]
        median: [1.1701215108e-008, 4.4418273319e-005, 6.36955082882e-005, 6.49010471534e-005, 6.40005455352e-005, 4.17695009673e-005, 3.57617464033e-005, 1.70901985257e-005, 5.53548561584e-005, 4.84983465867e-005, 2.58795334958e-005, 3.45490807376e-005, 2.37698750425e-005, 2.48932847171e-005, 4.26852893725e-005, 7.14512643754e-005, 0.000148743347381, 0.000168941696757, 0.000462399679236, 0.000441148557002, 0.000153509783559, 3.9921982534e-005, 7.00292548572e-006, 5.15783949595e-006, 3.53955374521e-006, 1.95993479224e-007, 2.57311749685e-009]
        min: [1.11607725326e-024, 4.0181505843e-024, 1.93720256951e-024, 2.15317473877e-024, 6.95080805264e-024, 1.2968429942e-023, 2.6271829157e-024, 8.43535750157e-024, 1.25615346982e-023, 1.62300700179e-023, 6.2892353765e-024, 2.13135969763e-023, 2.04579321742e-023, 4.48911269318e-023, 4.14022475835e-023, 5.17827893492e-023, 8.81589295819e-023, 9.84721878233e-023, 1.53791753e-022, 1.13278053096e-022, 2.25005546441e-022, 3.2647423819e-022, 4.189075317e-022, 5.45957632076e-022, 8.90166801323e-022, 1.28371372972e-021, 1.96735821018e-021]
        var: [7.49314130709e-013, 2.93910833449e-008, 1.05928130267e-007, 2.56965773104e-008, 3.57281038532e-007, 3.11356949112e-008, 6.17897910615e-008, 2.83649441712e-008, 5.39762581298e-008, 2.79368521205e-007, 3.67743560048e-008, 4.72778296512e-008, 2.06150705395e-008, 1.22383614354e-008, 3.91237371389e-008, 7.76782869139e-008, 9.22703549122e-008, 1.3037158908e-007, 4.45498869794e-007, 4.44042626668e-007, 2.01725896432e-007, 8.25387189707e-008, 2.16470574799e-009, 7.09490466377e-010, 3.23624654852e-010, 2.39304588515e-013, 4.2538914436e-017]
    frequency_bands:
        dmean: [1.86261942758e-007, 6.67515341775e-005, 0.000129891486722, 8.10748897493e-005, 0.000213665814954, 6.51722220937e-005, 7.90482445154e-005, 4.70185441372e-005, 7.48263119021e-005, 0.000108729771455, 4.69577316835e-005, 5.95495585003e-005, 3.96947471017e-005, 3.58640063496e-005, 5.54376129003e-005, 8.4678089479e-005, 0.000140269316034, 0.000172746353201, 0.000347743363818, 0.000333240168402, 0.000207588338526, 0.000123785212054, 1.93698069779e-005, 7.57509724281e-006, 3.69918188881e-006, 1.59738547723e-007, 3.32512328782e-009, 4.85507120618e-011]
        dmean2: [2.67438508672e-007, 0.000117349467473, 0.000231358673773, 0.0001348459773, 0.000383614562452, 0.000107914427645, 0.00012810959015, 7.63300340623e-005, 0.000117670242616, 0.000165131859831, 7.49963364797e-005, 9.51380134211e-005, 6.42840532237e-005, 5.82465654588e-005, 8.72253149282e-005, 0.000138892442919, 0.000238658161834, 0.000299760489725, 0.000601787585765, 0.000581603206228, 0.000381125049898, 0.000228959834203, 3.35778058798e-005, 1.22983810797e-005, 5.68488712815e-006, 2.42239337922e-007, 5.27502219683e-009, 9.11094324985e-011]
        dvar: [2.95946399982e-013, 3.97492243565e-008, 1.57327718853e-007, 2.39221531473e-008, 5.56870588753e-007, 2.89313444313e-008, 4.86432121249e-008, 1.88452453642e-008, 2.66976591945e-008, 5.46435927617e-008, 1.6270174541e-008, 2.10736974537e-008, 1.22534542513e-008, 7.68836816434e-009, 2.15627480316e-008, 3.31976472978e-008, 5.94186850833e-008, 1.265448617e-007, 3.51709275037e-007, 3.93993389025e-007, 3.01464922359e-007, 1.33204096642e-007, 2.40489628212e-009, 4.75560868463e-010, 1.81638634689e-010, 1.14800204933e-013, 3.86160037635e-017, 8.32066551943e-021]
        dvar2: [5.30690075218e-013, 1.15353621766e-007, 4.68396052611e-007, 6.56150263012e-008, 1.5747867792e-006, 7.19108541603e-008, 1.22662626723e-007, 4.78971173834e-008, 6.30751912922e-008, 1.23305881061e-007, 3.8557800508e-008, 5.34115223161e-008, 2.84879213552e-008, 1.78973067477e-008, 4.75487027529e-008, 8.14416551975e-008, 1.5996413083e-007, 3.52705598061e-007, 9.7748556982e-007, 1.09953259653e-006, 8.66490665885e-007, 3.80006241585e-007, 6.52681597657e-009, 1.10035103251e-009, 3.8910902278e-010, 2.56146937428e-013, 9.52207109256e-017, 2.73965126934e-020]
        max: [2.45010432991e-005, 0.00219195755199, 0.00470564886928, 0.00189094454981, 0.00773875555024, 0.00389548647217, 0.00548706343397, 0.00496503198519, 0.00373481004499, 0.00435958337039, 0.00398462405428, 0.00310979993083, 0.00453414907679, 0.00307601853274, 0.00524923671037, 0.00410367082804, 0.00452792691067, 0.0064876107499, 0.00676612276584, 0.00649265106767, 0.00480751413852, 0.00265818741173, 0.000660417077597, 0.000514710845891, 0.000368725741282, 1.24176576719e-005, 1.19680748867e-007, 2.11600537092e-009]
        mean: [2.61308798599e-007, 8.73243770911e-005, 0.000149500017869, 0.000114882226626, 0.000198427078431, 9.07243811525e-005, 0.000110644410597, 6.80777811795e-005, 0.000125212376588, 0.000267330033239, 8.02061331342e-005, 0.000106328065158, 6.28027119092e-005, 5.35417239007e-005, 9.55887226155e-005, 0.000155920977704, 0.000242128924583, 0.000282698951196, 0.000645500898827, 0.000627615314443, 0.000270444259513, 0.000114729678899, 2.34067701967e-005, 1.25174346977e-005, 7.30287592887e-006, 3.14104454446e-007, 4.57699433909e-009, 3.64350771775e-011]
        median: [1.1701215108e-008, 4.4418273319e-005, 6.36955082882e-005, 6.49010471534e-005, 6.40005455352e-005, 4.17695009673e-005, 3.57617464033e-005, 1.70901985257e-005, 5.53548561584e-005, 4.84983465867e-005, 2.58795334958e-005, 3.45490807376e-005, 2.37698750425e-005, 2.48932847171e-005, 4.26852893725e-005, 7.14512643754e-005, 0.000148743347381, 0.000168941696757, 0.000462399679236, 0.000441148557002, 0.000153509783559, 3.9921982534e-005, 7.00292548572e-006, 5.15783949595e-006, 3.53955374521e-006, 1.95993479224e-007, 2.57311749685e-009, 1.147272468e-011]
        min: [1.11607725326e-024, 4.0181505843e-024, 1.93720256951e-024, 2.15317473877e-024, 6.95080805264e-024, 1.2968429942e-023, 2.6271829157e-024, 8.43535750157e-024, 1.25615346982e-023, 1.62300700179e-023, 6.2892353765e-024, 2.13135969763e-023, 2.04579321742e-023, 4.48911269318e-023, 4.14022475835e-023, 5.17827893492e-023, 8.81589295819e-023, 9.84721878233e-023, 1.53791753e-022, 1.13278053096e-022, 2.25005546441e-022, 3.2647423819e-022, 4.189075317e-022, 5.45957632076e-022, 8.90166801323e-022, 1.28371372972e-021, 1.96735821018e-021, 4.69547378349e-022]
        var: [7.49314130709e-013, 2.93910833449e-008, 1.05928130267e-007, 2.56965773104e-008, 3.57281038532e-007, 3.11356949112e-008, 6.17897910615e-008, 2.83649441712e-008, 5.39762581298e-008, 2.79368521205e-007, 3.67743560048e-008, 4.72778296512e-008, 2.06150705395e-008, 1.22383614354e-008, 3.91237371389e-008, 7.76782869139e-008, 9.22703549122e-008, 1.3037158908e-007, 4.45498869794e-007, 4.44042626668e-007, 2.01725896432e-007, 8.25387189707e-008, 2.16470574799e-009, 7.09490466377e-010, 3.23624654852e-010, 2.39304588515e-013, 4.2538914436e-017, 5.69675491236e-021]
    mfcc:
        mean: [-719.056152344, 68.7041778564, -40.662311554, 53.2235488892, -15.4667329788, -6.16505336761, 9.29699897766, -0.292911112309, 3.68243813515, -1.31631815434, -5.14169311523, -4.45186424255, -1.45729899406]
        cov: [[8223.90527344, 117.995315552, -769.935180664, 487.303314209, -286.925231934, 9.67279720306, 108.175354004, 66.0280456543, -11.6000165939, -1.02841246128, -82.7022323608, -62.0721473694, -13.3932495117], [117.995315552, 807.692260742, -109.085197449, 102.799079895, -65.4375457764, 8.48568630219, 110.530136108, 13.3947916031, 64.4826431274, -19.7719631195, -2.85118603706, -20.1731243134, 10.6305427551], [-769.935180664, -109.085197449, 730.547912598, -2.49894213676, 181.992019653, 85.9657516479, -62.7119827271, 44.1260871887, -54.2079696655, 17.1049041748, 10.3481903076, 20.2784118652, -31.9606494904], [487.303314209, 102.799079895, -2.49894213676, 383.915252686, 71.0541915894, 70.8615875244, -0.199681580067, -5.03241205215, 27.712600708, 28.7176456451, -8.47611236572, 3.41665482521, -0.0183454155922], [-286.925231934, -65.4375457764, 181.992019653, 71.0541915894, 229.104827881, 77.2334823608, -24.6517963409, -5.93935871124, -5.77011299133, 40.4827842712, 0.811387062073, 3.99718928337, 0.655706167221], [9.67279720306, 8.48568630219, 85.9657516479, 70.8615875244, 77.2334823608, 141.493865967, 61.818031311, 30.3245372772, -6.49919366837, 11.4362545013, 10.3720788956, 4.74574613571, -13.6160049438], [108.175354004, 110.530136108, -62.7119827271, -0.199681580067, -24.6517963409, 61.818031311, 203.261291504, 97.2379074097, 42.0309104919, -5.53299188614, 0.808400273323, 6.14397954941, -3.86176037788], [66.0280456543, 13.3947916031, 44.1260871887, -5.03241205215, -5.93935871124, 30.3245372772, 97.2379074097, 124.142936707, 46.4968147278, 5.72835969925, -2.94681715965, 5.9257068634, -5.01076984406], [-11.6000165939, 64.4826431274, -54.2079696655, 27.712600708, -5.77011299133, -6.49919366837, 42.0309104919, 46.4968147278, 94.6447525024, 39.7080993652, 5.09269523621, -0.761195898056, 8.64259529114], [-1.02841246128, -19.7719631195, 17.1049041748, 28.7176456451, 40.4827842712, 11.4362545013, -5.53299188614, 5.72835969925, 39.7080993652, 91.1141815186, 31.8132801056, 7.90849065781, 0.457473397255], [-82.7022323608, -2.85118603706, 10.3481903076, -8.47611236572, 0.811387062073, 10.3720788956, 0.808400273323, -2.94681715965, 5.09269523621, 31.8132801056, 66.2858276367, 26.5927333832, 1.08116865158], [-62.0721473694, -20.1731243134, 20.2784118652, 3.41665482521, 3.99718928337, 4.74574613571, 6.14397954941, 5.9257068634, -0.761195898056, 7.90849065781, 26.5927333832, 65.2057952881, 26.8602180481], [-13.3932495117, 10.6305427551, -31.9606494904, -0.0183454155922, 0.655706167221, -13.6160049438, -3.86176037788, -5.01076984406, 8.64259529114, 0.457473397255, 1.08116865158, 26.8602180481, 65.3294296265]]
        icov: [[0.000167964521097, 6.05790319241e-006, 0.000194208478206, -0.000259030144662, 0.00021301076049, -4.00696735596e-005, 7.10748354322e-005, -0.000372490088921, 0.000483285490191, -0.000303106498905, 0.00020245432097, 9.64409482549e-005, -1.12854249892e-005], [6.05790319241e-006, 0.00162558350712, -0.000239372457145, -0.000536033359822, 0.000444504898041, 0.000190862847376, -0.00129627296701, 0.00128031091299, -0.00140679173637, 0.000936984899454, -0.000612194940913, 0.000903708452825, -0.000505522475578], [0.000194208478206, -0.000239372457145, 0.00257289642468, 7.8557539382e-005, -0.00132813781966, -0.00078984349966, 0.00195543467999, -0.00311937904917, 0.00227602710947, -0.000564909481909, 0.000274684134638, -0.000945870182477, 0.00114975532051], [-0.000259030144662, -0.000536033359822, 7.8557539382e-005, 0.00383067200892, -0.000871387892403, -0.00213039736263, 0.00103533966467, 0.000804390525445, -0.00184099911712, -0.000199587448151, 0.00126082939096, -0.00133054621983, 0.000532389851287], [0.00021301076049, 0.000444504898041, -0.00132813781966, -0.000871387892403, 0.00805268343538, -0.00380677566864, 0.000640610523988, 0.00119790993631, 2.47503357969e-005, -0.0033851035405, 0.00235170917585, 0.00055235211039, -0.00166873785201], [-4.00696735596e-005, 0.000190862847376, -0.00078984349966, -0.00213039736263, -0.00380677566864, 0.0136073399335, -0.00544136296958, -0.000361202954082, 0.00337752141058, -3.09073402605e-005, -0.00280654686503, 0.00078833673615, 0.0013743423624], [7.10748354322e-005, -0.00129627296701, 0.00195543467999, 0.00103533966467, 0.000640610523988, -0.00544136296958, 0.0121361063793, -0.0085084810853, -0.000279965082882, 0.00079641706543, 0.000454929861007, -0.00162344705313, 0.000798117427621], [-0.000372490088921, 0.00128031091299, -0.00311937904917, 0.000804390525445, 0.00119790993631, -0.000361202954082, -0.0085084810853, 0.0198660492897, -0.010043377988, 0.00235441070981, 0.00143157725688, -0.001489766757, 0.00102392525878], [0.000483285490191, -0.00140679173637, 0.00227602710947, -0.00184099911712, 2.47503357969e-005, 0.00337752141058, -0.000279965082882, -0.010043377988, 0.0234670955688, -0.0109303984791, 0.00162325869314, 0.00209710886702, -0.0025592893362], [-0.000303106498905, 0.000936984899454, -0.000564909481909, -0.000199587448151, -0.0033851035405, -3.09073402605e-005, 0.00079641706543, 0.00235441070981, -0.0109303984791, 0.0208178665489, -0.00974486488849, 0.00111370068043, 0.000767770397943], [0.00020245432097, -0.000612194940913, 0.000274684134638, 0.00126082939096, 0.00235170917585, -0.00280654686503, 0.000454929861007, 0.00143157725688, 0.00162325869314, -0.00974486488849, 0.0246436186135, -0.0105960322544, 0.00360622326843], [9.64409482549e-005, 0.000903708452825, -0.000945870182477, -0.00133054621983, 0.00055235211039, 0.00078833673615, -0.00162344705313, -0.001489766757, 0.00209710886702, 0.00111370068043, -0.0105960322544, 0.0250276885927, -0.0110418796539], [-1.12854249892e-005, -0.000505522475578, 0.00114975532051, 0.000532389851287, -0.00166873785201, 0.0013743423624, 0.000798117427621, 0.00102392525878, -0.0025592893362, 0.000767770397943, 0.00360622326843, -0.0110418796539, 0.0211919136345]]
    sccoeffs:
        dmean: [0.0518217161298, 0.0441085658967, 0.0365729108453, 0.0285307448357, 0.0208264309913, 0.0198391079903]
        dmean2: [0.0864885374904, 0.0723505616188, 0.0589375644922, 0.0464029572904, 0.0339358299971, 0.0324756205082]
        dvar: [0.00232832063921, 0.00134385621641, 0.000951554742642, 0.000574279751163, 0.000322562787915, 0.000473398831673]
        dvar2: [0.0063733891584, 0.0034668520093, 0.00238291081041, 0.00141090829857, 0.00078826880781, 0.00118438736536]
        max: [-0.370583236217, -0.457546234131, -0.453784614801, -0.554190993309, -0.544674754143, -0.544818162918]
        mean: [-0.677312076092, -0.767792701721, -0.766966998577, -0.794898271561, -0.785133242607, -0.759603083134]
        median: [-0.679792761803, -0.774789988995, -0.777513623238, -0.801419317722, -0.788150191307, -0.763914763927]
        min: [-0.995963692665, -0.990165114403, -0.977218449116, -0.969501852989, -0.967580020428, -0.963398337364]
        var: [0.0054841414094, 0.00467995321378, 0.00575580913574, 0.00286535406485, 0.00182297406718, 0.00234303297475]
    scvalleys:
        dmean: [0.378837674856, 0.371129512787, 0.318914204836, 0.269144624472, 0.246429309249, 0.256782919168]
        dmean2: [0.620127618313, 0.601165115833, 0.500106811523, 0.419973015785, 0.383329719305, 0.371875047684]
        dvar: [0.126960024238, 0.129842251539, 0.097019046545, 0.0825788527727, 0.114512696862, 0.149952501059]
        dvar2: [0.287302732468, 0.286466687918, 0.190509498119, 0.152778640389, 0.23879852891, 0.297300726175]
        max: [-5.07116985321, -4.84003305435, -5.11408615112, -5.68327188492, -4.97598266602, -6.87216949463]
        mean: [-7.47185373306, -7.25611019135, -7.44675731659, -7.60771799088, -7.09594774246, -9.46575164795]
        median: [-7.149518013, -7.04718399048, -7.17320919037, -7.29840707779, -6.7497344017, -9.05594730377]
        min: [-28.6242198944, -28.0610752106, -27.7159729004, -27.6318149567, -27.4808559418, -27.4415569305]
        var: [2.92684864998, 2.71432232857, 2.81428384781, 2.80013370514, 3.36819767952, 3.96075844765]

rhythm:
    beats_loudness:
        dmean: 0.00277841323987
        dmean2: 0.00534478761256
        dvar: 2.96368511954e-006
        dvar2: 9.86551094684e-006
        max: 0.0116321705282
        mean: 0.00480715883896
        median: 0.00502206059173
        min: 0
        var: 5.95020583205e-006
    bpm: 90.0092849731
    bpm_confidence: 0
    first_peak_bpm: 91
    first_peak_spread: 0.425702780485
    first_peak_weight: 0.486394554377
    onset_rate: 2.85490989685
    second_peak_bpm: 178
    second_peak_spread: 0
    second_peak_weight: 0.0527210868895
    beats_loudness_band_ratio:
        dmean: [0.128403931856, 0.127909243107, 0.0753390789032, 0.0555193908513, 0.0715786516666, 0.0881129354239]
        dmean2: [0.243815228343, 0.244720488787, 0.133170992136, 0.0972676053643, 0.121785983443, 0.146696716547]
        dvar: [0.0116392280906, 0.00590110989287, 0.00439594779164, 0.00515013933182, 0.00558307068422, 0.00521630095318]
        dvar2: [0.034702796489, 0.0202336441725, 0.0121973715723, 0.0140692647547, 0.0160469487309, 0.0141953751445]
        max: [0.799225628376, 0.445004105568, 0.787158310413, 0.7064037323, 0.691508293152, 0.776417911053]
        mean: [0.212151572108, 0.126280128956, 0.109371826053, 0.0765937492251, 0.181075900793, 0.356897979975]
        median: [0.192830845714, 0.0891183018684, 0.0945704802871, 0.0474914722145, 0.166394114494, 0.357258111238]
        min: [0, 0, 0, 0, 0, 0]
        var: [0.0174426641315, 0.00991292018443, 0.00839217659086, 0.00619923742488, 0.00852073170245, 0.014806361869]
    beats_position: [0.325079351664, 0.66176867485, 0.99845802784, 1.33514738083, 1.68344664574, 2.08979582787, 2.48453521729, 2.87927436829, 3.27401351929, 3.62231278419, 3.95900225639, 4.3073015213, 4.6439909935, 4.99229001999, 5.34058952332, 5.67727899551, 6.01396799088, 6.3622674942, 6.71056699753, 7.04725599289, 7.38394546509, 7.72063493729, 8.05732440948, 8.40562343597, 8.75392246246, 9.0906124115, 9.42730140686, 9.76399040222, 10.1006803513, 10.4489793777, 10.7972784042, 11.1339683533, 11.4706573486, 11.8189563751, 12.1556463242, 12.5039453506, 12.840634346, 13.177324295, 13.5140132904, 13.8623123169, 14.2106122971, 14.5473012924, 14.8839902878, 15.2206802368, 15.5573692322, 15.9056682587, 16.2539672852, 16.5790481567, 16.9273471832, 17.2640361786, 17.600725174, 17.9490242004, 18.2973232269, 18.6340141296, 18.970703125, 19.3190021515, 19.6556911469, 19.9923801422, 20.3406791687, 20.6889801025, 21.037279129, 21.3855781555, 21.733877182, 22.0937862396, 22.4769153595, 22.8600444794, 23.2431735992, 23.6263027191, 24.0326519012, 24.4390010834, 24.8453502655, 25.286529541, 25.7277088165, 26.168888092, 26.563627243, 26.9815864563, 27.3995456696, 27.8291149139, 28.2819042206, 28.7346935272, 29.1874828339, 29.7215423584, 30.2439899445, 30.778049469, 31.4630374908, 32.1364173889, 32.7981834412, 33.4483451843, 34.1101112366, 34.7718811035, 35.4336509705, 36.0954170227, 36.7571868896, 37.4073448181, 38.0807266235, 38.7424926758, 39.4042625427, 40.0776405334, 40.7394104004, 41.4011802673, 42.0745582581, 42.7479362488, 43.4097061157, 44.071472168, 44.7332420349, 45.4066200256, 46.0683898926, 46.7417678833, 47.4035377502, 48.0653038025, 48.7386856079, 49.4120635986, 50.0738296509, 50.7355995178, 51.4089775085, 52.0823554993, 52.7441253662, 53.4058952332, 54.0676651001, 54.7410430908, 55.4028091431, 56.0761909485, 56.7495689392, 57.4113349915, 58.0731048584, 58.7348747253, 59.4082527161, 60.070022583, 60.7434005737, 61.4167785645, 62.0785484314, 62.7403144836, 63.4020843506, 64.0754623413, 64.7372360229, 65.4106140137, 66.0723800659, 66.7341461182, 67.4075241089, 68.0809020996, 68.7426757813, 69.4044418335, 70.0662155151, 70.7395935059, 71.4013595581, 72.0747375488, 72.7365036011, 73.3982772827, 74.0716552734, 74.7450332642, 75.4067993164, 76.068572998, 76.7419509888, 77.4153289795, 78.0770950317, 78.738861084, 79.4122467041, 80.0740127563, 80.7357788086, 81.4091567993, 82.08253479, 82.7559204102, 83.4060745239, 84.0678405762, 84.7412261963, 85.4029922485, 86.0647583008, 86.7265319824, 87.3999099731, 88.0732879639, 88.7350540161, 89.3968200684, 90.0702056885, 90.7435836792, 91.4053497314, 92.0671157837, 92.7404937744, 93.4138793945, 94.0756454468, 94.737411499, 95.4107894897, 96.0841674805, 96.7459411621, 97.4077072144, 98.0694732666, 98.7312469482, 99.404624939, 100.07800293, 100.739768982, 101.401542664, 102.074920654, 102.748298645, 103.410064697, 104.071838379, 104.74521637, 105.406982422, 106.068748474, 106.742126465, 107.403900146, 108.065666199, 108.739044189, 109.41242218, 110.074195862, 110.735961914, 111.409339905, 112.071105957, 112.744483948, 113.406257629, 114.07963562, 114.741401672, 115.403175354, 116.076553345, 116.738319397, 117.400085449, 118.07346344, 118.74684906, 119.408615112, 120.070381165, 120.732154846, 121.393920898, 122.067298889, 122.74067688, 123.414054871, 124.075828552, 124.737594604, 125.410972595, 126.072738647, 126.734512329, 127.40789032, 128.081268311, 128.743041992, 129.404800415, 130.078186035, 130.751556396, 131.413330078, 132.07510376, 132.748474121, 133.410247803, 134.072021484, 134.745391846, 135.407165527, 136.068939209, 136.74230957, 137.41569519, 138.077453613, 138.739227295, 139.401000977, 140.074371338, 140.73614502, 141.409515381, 142.071289063, 142.733062744, 143.406433105, 144.079818726, 144.741577148, 145.40335083, 146.065124512, 146.738494873, 147.400268555, 148.073654175, 148.735412598, 149.408798218, 150.070556641, 150.743942261, 151.405715942, 152.067474365, 152.729248047, 153.391021729, 154.06439209, 154.73777771, 155.411148071, 156.084533691, 156.757904053, 157.419677734, 158.081451416, 158.743209839, 159.404983521, 160.078369141, 160.740127563, 161.401901245, 162.075286865, 162.748657227, 163.410430908, 164.072189331, 164.745574951, 165.407348633, 166.069107056, 166.742492676, 167.415863037, 168.077636719, 168.7394104, 169.412780762, 170.074554443, 170.736328125, 171.409698486, 172.071472168, 172.73324585, 173.406616211, 174.068389893, 174.730148315, 175.403533936, 176.076919556, 176.738677979, 177.40045166, 178.073822021, 178.747207642, 179.420593262, 180.082351685, 180.744125366, 181.405899048, 182.067657471, 182.741043091, 183.402801514, 184.064575195, 184.737960815, 185.411331177, 186.073104858, 186.73487854, 187.408248901, 188.081634521, 188.743392944, 189.405166626, 190.078552246, 190.751922607, 191.402084351, 192.075454712, 192.748840332, 193.410614014, 194.072372437, 194.745758057, 195.407531738, 196.069290161, 196.742675781, 197.416046143, 198.077819824, 198.739593506, 199.412963867, 200.074737549, 200.73651123, 201.409881592, 202.071655273, 202.733413696, 203.406799316, 204.080184937, 204.741943359, 205.403717041, 206.077087402, 206.750473022, 207.412246704, 208.074005127, 208.735778809, 209.409164429, 210.070922852, 210.744308472, 211.417678833, 212.079452515, 212.741226196, 213.414596558, 214.076370239, 214.738143921, 215.399902344, 216.073287964, 216.735046387, 217.408432007, 218.070205688, 218.731964111, 219.405349731, 220.078720093, 220.740493774, 221.402267456, 222.075637817, 222.737411499, 223.399185181, 224.072555542, 224.734329224, 225.407699585, 226.069473267, 226.742858887, 227.40461731, 228.066390991, 228.739776611, 229.413146973, 230.074920654, 230.736679077, 231.410064697, 232.083435059, 232.74520874, 233.406982422, 234.080352783, 234.742126465, 235.403900146, 236.077270508, 236.739044189, 237.400817871, 238.074188232, 238.747573853, 239.409332275, 240.071105957, 240.744491577, 241.417861938, 242.07963562, 242.741394043, 243.414779663, 244.076553345, 244.738311768, 245.411697388, 246.073471069, 246.735229492, 247.408615112, 248.081985474, 248.755371094, 249.417144775, 250.078903198, 250.752288818, 251.414047241, 252.087432861, 252.749206543, 253.422576904, 254.084350586, 254.746124268, 255.419494629, 256.081268311, 256.743041992, 257.404815674, 258.066558838, 258.739959717, 259.413330078, 260.086700439, 260.760070801, 261.43347168, 262.095245361, 262.745391846, 263.407165527, 264.080535889, 264.75390625, 265.415679932, 266.077453613, 266.750823975, 267.412597656, 268.074371338, 268.747741699, 269.409515381, 270.071289063, 270.744659424, 271.418029785, 272.079803467, 272.741577148, 273.41494751, 274.076721191, 274.738494873, 275.400268555, 276.073638916, 276.735412598, 277.397186279, 278.070556641, 278.732330322, 279.405700684, 280.079101563, 280.740844727, 281.402618408, 282.07598877, 282.749389648, 283.41116333, 284.072906494, 284.734680176, 285.408081055, 286.069824219, 286.743225098, 287.393371582, 288.066741943, 288.740142822, 289.413513184, 290.075286865, 290.737060547, 291.410430908, 292.08380127, 292.745574951, 293.407348633, 294.069122314, 294.730865479, 295.404266357, 296.077636719, 296.7394104, 297.401184082, 298.074554443, 298.747924805, 299.409698486, 300.071472168, 300.73324585, 301.406616211, 302.068389893, 302.741760254, 303.415130615, 304.076904297, 304.738677979, 305.41204834, 306.073822021, 306.735595703, 307.408966064, 308.082366943, 308.744110107, 309.405883789, 310.067657471, 310.729431152, 311.402801514, 312.076171875, 312.737945557, 313.399719238, 314.0730896, 314.746490479, 315.408233643, 316.070007324, 316.743408203, 317.416778564, 318.078552246, 318.740325928, 319.402069092, 320.063842773, 320.737213135, 321.410614014, 322.072387695, 322.734130859, 323.407531738, 324.0809021, 324.742675781, 325.404449463, 326.077819824, 326.739593506, 327.401367188, 328.074737549, 328.74810791, 329.409881592, 330.071655273, 330.745025635, 331.406799316, 332.068572998, 332.741943359, 333.403717041, 334.065490723, 334.738861084, 335.412231445, 336.074005127, 336.735778809, 337.40914917, 338.070922852, 338.732696533, 339.406066895, 340.079437256, 340.741210938, 341.402984619, 342.07635498, 342.749755859, 343.411499023, 344.073272705, 344.746673584, 345.408416748, 346.07019043, 346.743591309, 347.405334473, 348.067108154, 348.740478516, 349.413879395, 350.075653076, 350.73739624, 351.410797119, 352.08416748, 352.745941162, 353.407714844, 354.081085205, 354.742858887, 355.404632568, 356.07800293, 356.751373291, 357.424743652, 358.098144531, 358.759887695, 359.421661377, 360.083435059, 360.74520874, 361.406982422, 362.068756104, 362.742126465, 363.438720703, 364.263031006, 365.087341309, 365.888427734, 366.68951416, 367.490600586, 368.291687012]
