
metadata:
    version:
        essentia: "2.1-beta2"
    audio_properties:
        analysis_sample_rate: 44100
        bitrate: 273
        channels: 2
        equal_loudness: 1
        length: 356.832641602
        replay_gain: -13.0701370239
        downmix: "mix"
    tags:
        album: "L'Enfant Sauvage"
        artist: "Gojira"
        comment: ""
        date: "2012"
        genre: "Metal"
        title: "The Gift Of Guilt"
        tracknumber: "8"

configuration:
    average_loudness:
        compute: 1
        frameSize: 88200
        hopSize: 44100
        silentFrames: "noise"
        windowType: "hann"
    general:
        analysisSampleRate: 44100
        endTime: 2000
        equalLoudness: 1
        nequalLoudness: 0
        shortSound: 0
        startTime: 0
    lowlevel:
        compute: 1
        frameSize: 2048
        hopSize: 1024
        zeroPadding: 0
        silentFrames: "noise"
        windowType: "blackmanharris62"
        mfccStats: ["mean", "cov", "icov"]
        stats: ["mean", "var", "median", "min", "max", "dmean", "dmean2", "dvar", "dvar2"]
    panning:
        compute: 0
        frameSize: 8192
        hopSize: 2048
        zeroPadding: 8192
        silentFrames: "noise"
        windowType: "hann"
        stats: ["copy"]
    rhythm:
        compute: 1
        maxTempo: 208
        minTempo: 40
        method: "degara"
        stats: ["mean", "var", "median", "min", "max", "dmean", "dmean2", "dvar", "dvar2"]
    segmentation:
        compute: 0
        cpw: 5
        inc1: 300
        inc2: 50
        minimumSegmentsLength: 10
        size1: 1000
        size2: 600
    sfx:
        compute: 1
        stats: ["mean", "var", "median", "min", "max", "dmean", "dmean2", "dvar", "dvar2"]
    svm:
        compute: 0
    tonal:
        compute: 1
        frameSize: 4096
        hopSize: 2048
        zeroPadding: 0
        silentFrames: "noise"
        windowType: "blackmanharris62"
        stats: ["mean", "var", "median", "min", "max", "dmean", "dmean2", "dvar", "dvar2"]

lowlevel:
    average_loudness: 0.836115539074
    barkbands_kurtosis:
        dmean: 0.451255142689
        dmean2: 0.773228883743
        dvar: 0.435018569231
        dvar2: 1.19145596027
        max: 7.81677961349
        mean: -1.05499088764
        median: -1.26844143867
        min: -1.85954725742
        var: 0.57810395956
    barkbands_skewness:
        dmean: 0.373480081558
        dmean2: 0.597208499908
        dvar: 0.140218436718
        dvar2: 0.351306766272
        max: 2.95019078255
        mean: -0.184287235141
        median: -0.194958731532
        min: -2.67077088356
        var: 0.324159264565
    barkbands_spread:
        dmean: 4.64134979248
        dmean2: 7.63385486603
        dvar: 18.9922771454
        dvar2: 53.2226715088
        max: 78.5294647217
        mean: 34.7237091064
        median: 35.2258529663
        min: 4.74475049973
        var: 75.5175704956
    dissonance:
        dmean: 0.00977868307382
        dmean2: 0.0166173353791
        dvar: 8.85227127583e-005
        dvar2: 0.000243621267145
        max: 0.500000059605
        mean: 0.481851458549
        median: 0.485596269369
        min: 0.342785596848
        var: 0.000214722749661
    hfc:
        dmean: 3.54000782967
        dmean2: 6.28085708618
        dvar: 44.2260437012
        dvar2: 124.343765259
        max: 75.0124664307
        mean: 7.85519790649
        median: 7.01656770706
        min: 1.11547039373e-016
        var: 53.1974563599
    pitch:
        dmean: 939.095092773
        dmean2: 1816.58239746
        dvar: 2061163.125
        dvar2: 5014897.5
        max: 4271.94091797
        mean: 1781.53759766
        median: 490.547241211
        min: 64.0228729248
        var: 2929244
    pitch_instantaneous_confidence:
        dmean: 0.0762279033661
        dmean2: 0.12670737505
        dvar: 0.0043017747812
        dvar2: 0.0114356791601
        max: 0.915865242481
        mean: 0.391674906015
        median: 0.367849349976
        min: 0.0967057347298
        var: 0.0231222491711
    pitch_salience:
        dmean: 0.0508549436927
        dmean2: 0.0852114185691
        dvar: 0.00213878438808
        dvar2: 0.00600608624518
        max: 0.866415977478
        mean: 0.696857154369
        median: 0.707571268082
        min: 0.287381619215
        var: 0.00459779426455
    silence_rate_20dB:
        dmean: 0
        dmean2: 0
        dvar: 0
        dvar2: 0
        max: 1
        mean: 1
        median: 1
        min: 1
        var: 0
    silence_rate_30dB:
        dmean: 0
        dmean2: 0
        dvar: 0
        dvar2: 0
        max: 1
        mean: 1
        median: 1
        min: 1
        var: 0
    silence_rate_60dB:
        dmean: 0.0637688711286
        dmean2: 0.127546042204
        dvar: 0.0597129538655
        dvar2: 0.136924043298
        max: 1
        mean: 0.395536482334
        median: 0
        min: 0
        var: 0.239124000072
    spectral_centroid:
        dmean: 297.796905518
        dmean2: 480.632873535
        dvar: 101757.820313
        dvar2: 251167.234375
        max: 11729.6035156
        mean: 1889.52746582
        median: 1856.72766113
        min: 373.089416504
        var: 499994.625
    spectral_complexity:
        dmean: 4.26002073288
        dmean2: 6.93759346008
        dvar: 27.8211956024
        dvar2: 68.5332717896
        max: 51
        mean: 16.1334495544
        median: 17
        min: 0
        var: 141.097366333
    spectral_crest:
        dmean: 1.63467156887
        dmean2: 2.74707269669
        dvar: 2.82430315018
        dvar2: 7.62239837646
        max: 21.4164447784
        mean: 5.83710002899
        median: 5.36158180237
        min: 2.37022042274
        var: 4.55935096741
    spectral_decrease:
        dmean: 3.28044119646e-010
        dmean2: 5.6895071987e-010
        dvar: 5.43013621555e-019
        dvar2: 1.53610562358e-018
        max: 1.70017797335e-028
        mean: -8.97457441695e-010
        median: -8.16309408957e-010
        min: -8.43392644612e-009
        var: 6.94786633201e-019
    spectral_energy:
        dmean: 0.00153207941912
        dmean2: 0.00267721293494
        dvar: 1.07354462671e-005
        dvar2: 3.03137330775e-005
        max: 0.0371421426535
        mean: 0.00409970991313
        median: 0.0037571687717
        min: 1.00229749473e-020
        var: 1.39617432069e-005
    spectral_energyband_high:
        dmean: 0.000323721586028
        dmean2: 0.000588015362155
        dvar: 4.58540512227e-007
        dvar2: 1.3050622556e-006
        max: 0.00894276145846
        mean: 0.000447932980023
        median: 0.000330788781866
        min: 7.26141470082e-021
        var: 3.51289202172e-007
    spectral_energyband_low:
        dmean: 0.000206761222216
        dmean2: 0.000330719689373
        dvar: 1.42411636261e-007
        dvar2: 3.44561357224e-007
        max: 0.00729744462296
        mean: 0.000345804524841
        median: 0.000218415865675
        min: 1.24681485554e-023
        var: 2.39276118918e-007
    spectral_energyband_middle_high:
        dmean: 0.000742786563933
        dmean2: 0.00126882561017
        dvar: 1.3644498722e-006
        dvar2: 3.74658088731e-006
        max: 0.0127944247797
        mean: 0.00210893619806
        median: 0.00180649070535
        min: 1.19207490118e-021
        var: 3.28161445395e-006
    spectral_energyband_middle_low:
        dmean: 0.000711502216291
        dmean2: 0.00122346053831
        dvar: 4.3364461817e-006
        dvar2: 1.23536519823e-005
        max: 0.0263845138252
        mean: 0.00131993892137
        median: 0.000999965588562
        min: 1.48327130493e-022
        var: 3.63747358278e-006
    spectral_flatness_db:
        dmean: 0.0117196412757
        dmean2: 0.0188628956676
        dvar: 0.00011878911755
        dvar2: 0.000302794214804
        max: 0.318834334612
        mean: 0.138044476509
        median: 0.124087668955
        min: 0.0540813356638
        var: 0.00179307721555
    spectral_flux:
        dmean: 0.00769726280123
        dmean2: 0.0124673126265
        dvar: 0.000165688426932
        dvar2: 0.000300886429613
        max: 0.162432044744
        mean: 0.0364839397371
        median: 0.0364059619606
        min: 6.33393129612e-011
        var: 0.000567439186852
    spectral_kurtosis:
        dmean: 1.27453696728
        dmean2: 2.22846841812
        dvar: 2.81934189796
        dvar2: 8.89590835571
        max: 27.1227111816
        mean: 3.74855184555
        median: 3.23388886452
        min: -1.24706959724
        var: 5.0034122467
    spectral_rms:
        dmean: 0.000286922848318
        dmean2: 0.000484976830194
        dvar: 2.32738443628e-007
        dvar2: 6.35415972283e-007
        max: 0.00601965421811
        mean: 0.00175543234218
        median: 0.0019145575352
        min: 3.12706132689e-012
        var: 9.18175260267e-007
    spectral_rolloff:
        dmean: 291.791748047
        dmean2: 482.362762451
        dvar: 126181.632813
        dvar2: 286699.21875
        max: 19616.7480469
        mean: 3582.68945313
        median: 3660.64453125
        min: 215.33203125
        var: 1093238.75
    spectral_skewness:
        dmean: 0.18345284462
        dmean2: 0.31219497323
        dvar: 0.0348506644368
        dvar2: 0.102105341852
        max: 3.23425602913
        mean: 1.24616730213
        median: 1.21510350704
        min: -0.0877010971308
        var: 0.116519674659
    spectral_spread:
        dmean: 318138.375
        dmean2: 493655.0625
        dvar: 329403138048
        dvar2: 637824532480
        max: 49215376
        mean: 4178796.25
        median: 4110231.5
        min: 1611441.625
        var: 5.76743328973e+012
    spectral_strongpeak:
        dmean: 0.385542660952
        dmean2: 0.693555116653
        dvar: 0.410456836224
        dvar2: 1.12919044495
        max: 5.62044811249
        mean: 0.432404965162
        median: 0.192544966936
        min: 0
        var: 0.407301217318
    zerocrossingrate:
        dmean: 0.00785345491022
        dmean2: 0.00994623173028
        dvar: 6.13758602412e-005
        dvar2: 8.84653563844e-005
        max: 0.52001953125
        mean: 0.105895526707
        median: 0.10595703125
        min: 0.0302734375
        var: 0.000897909398191
    barkbands:
        dmean: [8.80604773101e-007, 6.40279758954e-005, 0.000130842017825, 0.000129302134155, 0.000430333660915, 0.000148106919369, 0.000112565991003, 8.59528809087e-005, 8.72441669344e-005, 6.28483248875e-005, 5.29145399923e-005, 6.6470602178e-005, 7.83783179941e-005, 6.25749817118e-005, 5.80746236665e-005, 8.78386708791e-005, 0.000129907552036, 0.000171942127054, 0.000257314473856, 0.000319656421198, 0.000130012442241, 3.34935793944e-005, 4.37680500909e-006, 2.02467344934e-006, 7.98645885425e-007, 3.17136255035e-008, 3.66926100615e-010]
        dmean2: [1.37652625654e-006, 0.000107433159428, 0.000212435625144, 0.000212868326344, 0.000750224571675, 0.000249471282586, 0.000196328037418, 0.000143247409142, 0.000148298233398, 0.000105467152025, 8.91715317266e-005, 0.000110231099825, 0.000130104454001, 0.000104716869828, 9.68162785284e-005, 0.000147643702803, 0.000219354536966, 0.000304775196128, 0.000438460410805, 0.000571007025428, 0.000236174411839, 6.14297823631e-005, 7.65162258176e-006, 3.35388290296e-006, 1.36124401706e-006, 5.21559044842e-008, 6.16964590527e-010]
        dvar: [2.41488253006e-012, 1.66747717856e-008, 6.72109692346e-008, 6.52484786201e-008, 2.23897154683e-006, 1.36797012829e-007, 1.06762783503e-007, 2.68675179882e-008, 2.41567459369e-008, 1.67160045805e-008, 1.02396189305e-008, 1.84942230419e-008, 2.14662172482e-008, 1.45777123706e-008, 1.30049340186e-008, 1.67974398835e-008, 3.48548603313e-008, 9.79329328743e-008, 1.39006445465e-007, 3.72919515712e-007, 6.77135503224e-008, 5.04954433822e-009, 7.44442910094e-011, 2.24416162736e-011, 3.57657523389e-012, 1.18826194882e-014, 1.54331874192e-018]
        dvar2: [5.72621030454e-012, 4.35131077836e-008, 1.66280130998e-007, 1.65058281709e-007, 6.41762835585e-006, 3.75838624223e-007, 3.08997073262e-007, 7.14535559609e-008, 6.83178456029e-008, 4.40641940713e-008, 2.87768209262e-008, 4.91608140862e-008, 5.78517358463e-008, 3.83447122942e-008, 3.37025554131e-008, 4.53398101286e-008, 9.54372296746e-008, 2.72987023209e-007, 3.83659113368e-007, 1.05955405161e-006, 1.9195053369e-007, 1.43290908028e-008, 2.01832828228e-010, 5.62575715179e-011, 9.46769745935e-012, 3.09262028963e-014, 3.90581202204e-018]
        max: [1.31291471916e-005, 0.00193689332809, 0.00433147326112, 0.00657762214541, 0.018422961235, 0.00674759596586, 0.00773613434285, 0.00350523507223, 0.00297046243213, 0.00390618667006, 0.00243462226354, 0.0035050988663, 0.00253142323345, 0.00270138517953, 0.00357161648571, 0.00278397765942, 0.00292386184447, 0.00358206406236, 0.00450861360878, 0.00844473671168, 0.00344893406145, 0.000854295445606, 0.000164092329214, 0.000120980061183, 3.45746193489e-005, 3.22095161209e-006, 5.48268594969e-008]
        mean: [1.12700229238e-006, 8.29971613712e-005, 0.000173163614818, 0.000174886823515, 0.000475430890219, 0.000210467362194, 0.000136917602504, 0.000135299007525, 0.000145354264532, 0.000103729005787, 9.24954510992e-005, 0.000126153114252, 0.000145865924424, 0.000117227180453, 0.000109612366941, 0.00016927922843, 0.000249635922955, 0.000240775902057, 0.000513773818966, 0.000474271102576, 0.000169707287569, 3.94468770537e-005, 6.91761988492e-006, 3.72802855964e-006, 1.38705354402e-006, 5.18234735125e-008, 5.66077851261e-010]
        median: [5.51152709249e-007, 4.66176970804e-005, 7.71445047576e-005, 8.81225423655e-005, 0.000209519770578, 9.92323402897e-005, 6.34685711702e-005, 7.00104574207e-005, 7.83292998676e-005, 5.65030750295e-005, 5.00259629916e-005, 6.41259612166e-005, 6.82888639858e-005, 5.63788416912e-005, 6.21434228378e-005, 0.000117986593978, 0.000169722901774, 0.000149881539983, 0.000447730708402, 0.000367939501302, 0.0001183054992, 2.1365520297e-005, 3.80132587452e-006, 1.99415308089e-006, 7.1219739084e-007, 2.08244372857e-008, 2.11721362664e-010]
        min: [5.34866034756e-025, 3.0093978572e-024, 1.45812477797e-024, 2.18548529816e-024, 6.3458199748e-024, 1.1430995258e-023, 7.90015639814e-024, 8.05563299395e-024, 1.41725093624e-023, 8.77306412193e-024, 2.04302068688e-023, 1.95057833724e-023, 4.67516395995e-023, 2.85413662041e-023, 4.65215004745e-023, 7.1484397975e-023, 7.81712310807e-023, 1.21813856257e-022, 1.54045753589e-022, 1.63638075005e-022, 2.55751154097e-022, 3.4997742116e-022, 4.55274322354e-022, 6.33794479216e-022, 8.64277421399e-022, 1.19334020883e-021, 1.9408860072e-021]
        var: [2.81286864461e-012, 1.7722429746e-008, 9.02605705733e-008, 8.80104096268e-008, 1.50671621668e-006, 1.41123635444e-007, 8.54503738879e-008, 4.24637747187e-008, 4.55126674126e-008, 2.95148048224e-008, 2.03846273195e-008, 4.57635564999e-008, 5.52082042304e-008, 3.63601841968e-008, 3.58336507134e-008, 3.87444352157e-008, 7.43485841781e-008, 9.91179902599e-008, 2.15604828213e-007, 3.16929998689e-007, 5.2453888344e-008, 3.85236997857e-009, 1.00351317533e-010, 3.74800433744e-011, 5.64082417928e-012, 1.37936825183e-014, 2.17800170803e-018]
    frequency_bands:
        dmean: [8.80604773101e-007, 6.40279758954e-005, 0.000130842017825, 0.000129302134155, 0.000430333660915, 0.000148106919369, 0.000112565991003, 8.59528809087e-005, 8.72441669344e-005, 6.28483248875e-005, 5.29145399923e-005, 6.6470602178e-005, 7.83783179941e-005, 6.25749817118e-005, 5.80746236665e-005, 8.78386708791e-005, 0.000129907552036, 0.000171942127054, 0.000257314473856, 0.000319656421198, 0.000130012442241, 3.34935793944e-005, 4.37680500909e-006, 2.02467344934e-006, 7.98645885425e-007, 3.17136255035e-008, 3.66926100615e-010, 4.73724531824e-011]
        dmean2: [1.37652625654e-006, 0.000107433159428, 0.000212435625144, 0.000212868326344, 0.000750224571675, 0.000249471282586, 0.000196328037418, 0.000143247409142, 0.000148298233398, 0.000105467152025, 8.91715317266e-005, 0.000110231099825, 0.000130104454001, 0.000104716869828, 9.68162785284e-005, 0.000147643702803, 0.000219354536966, 0.000304775196128, 0.000438460410805, 0.000571007025428, 0.000236174411839, 6.14297823631e-005, 7.65162258176e-006, 3.35388290296e-006, 1.36124401706e-006, 5.21559044842e-008, 6.16964590527e-010, 8.83459833068e-011]
        dvar: [2.41488253006e-012, 1.66747717856e-008, 6.72109692346e-008, 6.52484786201e-008, 2.23897154683e-006, 1.36797012829e-007, 1.06762783503e-007, 2.68675179882e-008, 2.41567459369e-008, 1.67160045805e-008, 1.02396189305e-008, 1.84942230419e-008, 2.14662172482e-008, 1.45777123706e-008, 1.30049340186e-008, 1.67974398835e-008, 3.48548603313e-008, 9.79329328743e-008, 1.39006445465e-007, 3.72919515712e-007, 6.77135503224e-008, 5.04954433822e-009, 7.44442910094e-011, 2.24416162736e-011, 3.57657523389e-012, 1.18826194882e-014, 1.54331874192e-018, 7.82491452946e-021]
        dvar2: [5.72621030454e-012, 4.35131077836e-008, 1.66280130998e-007, 1.65058281709e-007, 6.41762835585e-006, 3.75838624223e-007, 3.08997073262e-007, 7.14535559609e-008, 6.83178456029e-008, 4.40641940713e-008, 2.87768209262e-008, 4.91608140862e-008, 5.78517358463e-008, 3.83447122942e-008, 3.37025554131e-008, 4.53398101286e-008, 9.54372296746e-008, 2.72987023209e-007, 3.83659113368e-007, 1.05955405161e-006, 1.9195053369e-007, 1.43290908028e-008, 2.01832828228e-010, 5.62575715179e-011, 9.46769745935e-012, 3.09262028963e-014, 3.90581202204e-018, 2.5689282995e-020]
        max: [1.31291471916e-005, 0.00193689332809, 0.00433147326112, 0.00657762214541, 0.018422961235, 0.00674759596586, 0.00773613434285, 0.00350523507223, 0.00297046243213, 0.00390618667006, 0.00243462226354, 0.0035050988663, 0.00253142323345, 0.00270138517953, 0.00357161648571, 0.00278397765942, 0.00292386184447, 0.00358206406236, 0.00450861360878, 0.00844473671168, 0.00344893406145, 0.000854295445606, 0.000164092329214, 0.000120980061183, 3.45746193489e-005, 3.22095161209e-006, 5.48268594969e-008, 1.32258104468e-009]
        mean: [1.12700229238e-006, 8.29971613712e-005, 0.000173163614818, 0.000174886823515, 0.000475430890219, 0.000210467362194, 0.000136917602504, 0.000135299007525, 0.000145354264532, 0.000103729005787, 9.24954510992e-005, 0.000126153114252, 0.000145865924424, 0.000117227180453, 0.000109612366941, 0.00016927922843, 0.000249635922955, 0.000240775902057, 0.000513773818966, 0.000474271102576, 0.000169707287569, 3.94468770537e-005, 6.91761988492e-006, 3.72802855964e-006, 1.38705354402e-006, 5.18234735125e-008, 5.66077851261e-010, 3.56870366591e-011]
        median: [5.51152709249e-007, 4.66176970804e-005, 7.71445047576e-005, 8.81225423655e-005, 0.000209519770578, 9.92323402897e-005, 6.34685711702e-005, 7.00104574207e-005, 7.83292998676e-005, 5.65030750295e-005, 5.00259629916e-005, 6.41259612166e-005, 6.82888639858e-005, 5.63788416912e-005, 6.21434228378e-005, 0.000117986593978, 0.000169722901774, 0.000149881539983, 0.000447730708402, 0.000367939501302, 0.0001183054992, 2.1365520297e-005, 3.80132587452e-006, 1.99415308089e-006, 7.1219739084e-007, 2.08244372857e-008, 2.11721362664e-010, 8.14508963748e-012]
        min: [5.34866034756e-025, 3.0093978572e-024, 1.45812477797e-024, 2.18548529816e-024, 6.3458199748e-024, 1.1430995258e-023, 7.90015639814e-024, 8.05563299395e-024, 1.41725093624e-023, 8.77306412193e-024, 2.04302068688e-023, 1.95057833724e-023, 4.67516395995e-023, 2.85413662041e-023, 4.65215004745e-023, 7.1484397975e-023, 7.81712310807e-023, 1.21813856257e-022, 1.54045753589e-022, 1.63638075005e-022, 2.55751154097e-022, 3.4997742116e-022, 4.55274322354e-022, 6.33794479216e-022, 8.64277421399e-022, 1.19334020883e-021, 1.9408860072e-021, 5.64709398529e-022]
        var: [2.81286864461e-012, 1.7722429746e-008, 9.02605705733e-008, 8.80104096268e-008, 1.50671621668e-006, 1.41123635444e-007, 8.54503738879e-008, 4.24637747187e-008, 4.55126674126e-008, 2.95148048224e-008, 2.03846273195e-008, 4.57635564999e-008, 5.52082042304e-008, 3.63601841968e-008, 3.58336507134e-008, 3.87444352157e-008, 7.43485841781e-008, 9.91179902599e-008, 2.15604828213e-007, 3.16929998689e-007, 5.2453888344e-008, 3.85236997857e-009, 1.00351317533e-010, 3.74800433744e-011, 5.64082417928e-012, 1.37936825183e-014, 2.17800170803e-018, 5.54941578912e-021]
    mfcc:
        mean: [-735.698364258, 100.348449707, -52.6811714172, 48.6972541809, -14.9249429703, -8.42024612427, 5.08056306839, -7.80924415588, -4.25170373917, -3.28321933746, -7.87403154373, -2.72279691696, -3.06866598129]
        cov: [[13336.0673828, 980.79864502, -538.243164063, 1580.73901367, -290.53137207, 850.119689941, 236.36541748, 66.9549865723, 89.259437561, 248.883544922, 280.816040039, 221.027145386, 131.476638794], [980.79864502, 579.500305176, -246.337081909, 174.343032837, -36.0997428894, -38.879196167, 22.7334194183, -41.6436309814, -26.6554412842, -10.8647890091, -30.5292320251, 1.81749665737, 2.16659474373], [-538.243164063, -246.337081909, 369.330566406, -36.4165420532, 55.8273658752, 66.6385726929, -0.430054783821, 45.8671340942, 11.8360548019, 15.3795986176, 26.1354999542, 8.89274215698, 27.9536056519], [1580.73901367, 174.343032837, -36.4165420532, 404.469848633, -6.4157409668, 131.722610474, 45.7211074829, -3.24309849739, 32.029548645, 41.8346405029, 33.799407959, 19.7974281311, 38.7666091919], [-290.53137207, -36.0997428894, 55.8273658752, -6.4157409668, 99.6145858765, 22.3895626068, 3.61421012878, 7.63638687134, 6.20044851303, 11.0256567001, -1.92138826847, -2.43275785446, 1.25277209282], [850.119689941, -38.879196167, 66.6385726929, 131.722610474, 22.3895626068, 200.668579102, 53.1664428711, 46.2102775574, 29.3762989044, 46.2480049133, 57.094669342, 29.5893306732, 22.7376728058], [236.36541748, 22.7334194183, -0.430054783821, 45.7211074829, 3.61421012878, 53.1664428711, 89.2968673706, 42.7517471313, 21.0223617554, 10.9709587097, 8.31430339813, 15.7593326569, 9.70041465759], [66.9549865723, -41.6436309814, 45.8671340942, -3.24309849739, 7.63638687134, 46.2102775574, 42.7517471313, 84.3474960327, 32.192150116, 19.1211967468, 19.9831104279, 19.184677124, 9.45945930481], [89.259437561, -26.6554412842, 11.8360548019, 32.029548645, 6.20044851303, 29.3762989044, 21.0223617554, 32.192150116, 60.3307113647, 34.9695777893, 18.3892745972, 8.0449962616, 8.04601955414], [248.883544922, -10.8647890091, 15.3795986176, 41.8346405029, 11.0256567001, 46.2480049133, 10.9709587097, 19.1211967468, 34.9695777893, 70.1840515137, 39.0756759644, 16.4265499115, 12.1740455627], [280.816040039, -30.5292320251, 26.1354999542, 33.799407959, -1.92138826847, 57.094669342, 8.31430339813, 19.9831104279, 18.3892745972, 39.0756759644, 67.1169586182, 34.0375976563, 16.3596858978], [221.027145386, 1.81749665737, 8.89274215698, 19.7974281311, -2.43275785446, 29.5893306732, 15.7593326569, 19.184677124, 8.0449962616, 16.4265499115, 34.0375976563, 57.2457618713, 27.5950679779], [131.476638794, 2.16659474373, 27.9536056519, 38.7666091919, 1.25277209282, 22.7376728058, 9.70041465759, 9.45945930481, 8.04601955414, 12.1740455627, 16.3596858978, 27.5950679779, 52.8428726196]]
        icov: [[0.000228922974202, -0.000116473187518, 0.000242273395997, -0.000610641145613, 0.000621304323431, -0.00074167229468, 0.000237220403505, -0.000189104423043, 0.000365693384083, -0.00030277701444, 0.000125731268781, -0.000467830774141, 0.000269178766757], [-0.000116473187518, 0.00322100240737, 0.00161740451586, -0.00126719928812, -0.000449811981525, 0.00144269422162, -0.00094436906511, -0.000213196690311, 0.00196946365759, -0.000812997575849, 0.00115301588085, -0.000429352687206, -0.000412140827393], [0.000242273395997, 0.00161740451586, 0.00490162149072, -0.000804344599601, -0.00109355174936, -0.00146954634693, 0.00111794564873, -0.00227743829601, 0.00186908920296, -0.00018154954887, -0.000245780509431, 0.00078520947136, -0.00238795788027], [-0.000610641145613, -0.00126719928812, -0.000804344599601, 0.00633924873546, -0.00105259288102, -0.00133921764791, -0.00125251885038, 0.00310398917645, -0.00352855189703, 0.000777821638621, -0.000473128427984, 0.00232521281578, -0.00308805448003], [0.000621304323431, -0.000449811981525, -0.00109355174936, -0.00105259288102, 0.0133997285739, -0.00366151868366, 0.000627825676929, 0.000160421797773, 0.000702992489096, -0.00364209106192, 0.00397780258209, -0.00166398438159, 0.0013066381216], [-0.00074167229468, 0.00144269422162, -0.00146954634693, -0.00133921764791, -0.00366151868366, 0.0132781909779, -0.00458157155663, -0.00190025568008, 0.00122452748474, -0.000513132777996, -0.00639673462138, 0.00224364642054, -0.000158912065672], [0.000237220403505, -0.00094436906511, 0.00111794564873, -0.00125251885038, 0.000627825676929, -0.00458157155663, 0.0184793993831, -0.00806994829327, -0.00173965422437, 0.000909883354325, 0.00439442461357, -0.00335570331663, 0.00023199840507], [-0.000189104423043, -0.000213196690311, -0.00227743829601, 0.00310398917645, 0.000160421797773, -0.00190025568008, -0.00806994829327, 0.0225654840469, -0.0096295401454, 0.00154062011279, -0.000861597131006, -0.00327226845548, 0.000749485974666], [0.000365693384083, 0.00196946365759, 0.00186908920296, -0.00352855189703, 0.000702992489096, 0.00122452748474, -0.00173965422437, -0.0096295401454, 0.0309132598341, -0.0137207750231, 0.00129257270601, 0.00174297625199, -0.000747459882405], [-0.00030277701444, -0.000812997575849, -0.00018154954887, 0.000777821638621, -0.00364209106192, -0.000513132777996, 0.000909883354325, 0.00154062011279, -0.0137207750231, 0.0294248443097, -0.0141499079764, 0.00302012939937, -0.00170984119177], [0.000125731268781, 0.00115301588085, -0.000245780509431, -0.000473128427984, 0.00397780258209, -0.00639673462138, 0.00439442461357, -0.000861597131006, 0.00129257270601, -0.0141499079764, 0.0362012423575, -0.0167175102979, 0.00270823040046], [-0.000467830774141, -0.000429352687206, 0.00078520947136, 0.00232521281578, -0.00166398438159, 0.00224364642054, -0.00335570331663, -0.00327226845548, 0.00174297625199, 0.00302012939937, -0.0167175102979, 0.0351066142321, -0.0147823821753], [0.000269178766757, -0.000412140827393, -0.00238795788027, -0.00308805448003, 0.0013066381216, -0.000158912065672, 0.00023199840507, 0.000749485974666, -0.000747459882405, -0.00170984119177, 0.00270823040046, -0.0147823821753, 0.0290493033826]]
    sccoeffs:
        dmean: [0.0528079494834, 0.0436011403799, 0.0339749008417, 0.0271776355803, 0.0190896261483, 0.018495734781]
        dmean2: [0.0854155644774, 0.0727267041802, 0.0572106689215, 0.0460778214037, 0.0320287644863, 0.0306556373835]
        dvar: [0.00232772645541, 0.00121648912318, 0.000711241154931, 0.000454241002444, 0.000243931732257, 0.000298145896522]
        dvar2: [0.00609540380538, 0.00333628826775, 0.00200629956089, 0.00128554797266, 0.000656029209495, 0.00079590221867]
        max: [-0.321576029062, -0.52196097374, -0.555559039116, -0.623586058617, -0.650828123093, -0.577246904373]
        mean: [-0.683834373951, -0.773175179958, -0.80385518074, -0.80471354723, -0.799133121967, -0.744975686073]
        median: [-0.692613363266, -0.777250051498, -0.80958122015, -0.809379637241, -0.799546420574, -0.747901260853]
        min: [-0.980284512043, -0.978176057339, -0.976354837418, -0.9701410532, -0.966475784779, -0.963221549988]
        var: [0.00607845652848, 0.00321379327215, 0.00222807261162, 0.00158102228306, 0.00106759869959, 0.00266892532818]
    scvalleys:
        dmean: [0.343910902739, 0.345951586962, 0.276250064373, 0.237313747406, 0.248175010085, 0.270450353622]
        dmean2: [0.568586289883, 0.577683091164, 0.461115211248, 0.389716565609, 0.405317872763, 0.44051939249]
        dvar: [0.0988624319434, 0.0977437868714, 0.0663465708494, 0.0533076375723, 0.0824021175504, 0.130571812391]
        dvar2: [0.240799576044, 0.239627197385, 0.154540941119, 0.115168526769, 0.18789100647, 0.312979191542]
        max: [-5.13224601746, -4.40110731125, -4.99185752869, -5.40480947495, -5.267993927, -7.76422452927]
        mean: [-7.33676862717, -6.98166322708, -7.22634458542, -7.41147184372, -7.2697520256, -10.484295845]
        median: [-6.53862333298, -6.48655605316, -6.72153949738, -6.86220741272, -6.65165805817, -9.61789989471]
        min: [-28.2539310455, -27.9858913422, -27.7803077698, -27.714214325, -27.5417842865, -27.3635749817]
        var: [4.71526288986, 3.49836301804, 3.43230009079, 3.52018713951, 3.70530486107, 5.27761173248]

rhythm:
    beats_loudness:
        dmean: 0.00110083760228
        dmean2: 0.00192321185023
        dvar: 1.43609338465e-006
        dvar2: 4.15418207922e-006
        max: 0.0125432247296
        mean: 0.00413427548483
        median: 0.00457494426519
        min: 0
        var: 7.33199840397e-006
    bpm: 155.143981934
    bpm_confidence: 0
    first_peak_bpm: 157
    first_peak_spread: 0.259649127722
    first_peak_weight: 0.467849224806
    onset_rate: 3.64876961708
    second_peak_bpm: 152
    second_peak_spread: 0.121076233685
    second_peak_weight: 0.217294901609
    beats_loudness_band_ratio:
        dmean: [0.112669818103, 0.123498827219, 0.0650962814689, 0.0632041022182, 0.0896448269486, 0.0817642211914]
        dmean2: [0.202679261565, 0.216095849872, 0.112068712711, 0.108072780073, 0.159687891603, 0.141048848629]
        dvar: [0.0117183616385, 0.0102382702753, 0.00402791798115, 0.00407560588792, 0.00652241287753, 0.00441254861653]
        dvar2: [0.0336641669273, 0.0281061641872, 0.0114839337766, 0.0109674073756, 0.0198126975447, 0.0121415965259]
        max: [0.657891452312, 0.655606210232, 0.568565607071, 0.585003077984, 0.637524783611, 0.574210882187]
        mean: [0.155672043562, 0.162638127804, 0.127397879958, 0.131249323487, 0.235742032528, 0.258842110634]
        median: [0.121621720493, 0.128680348396, 0.103202700615, 0.105810329318, 0.218798667192, 0.25088262558]
        min: [0, 0, 0, 0, 0, 0]
        var: [0.0139767983928, 0.0132201388478, 0.00772258639336, 0.00708597060293, 0.00863542221487, 0.0120918042958]
