
metadata:
    version:
        essentia: "2.1-beta2"
    audio_properties:
        analysis_sample_rate: 44100
        bitrate: 251
        channels: 2
        equal_loudness: 1
        length: 231.026931763
        replay_gain: -12.893781662
        downmix: "mix"
    tags:
        album: "L'Enfant Sauvage"
        artist: "Gojira"
        comment: ""
        date: "2012"
        genre: "Metal"
        title: "Born In Winter"
        tracknumber: "10/13"

configuration:
    average_loudness:
        compute: 1
        frameSize: 88200
        hopSize: 44100
        silentFrames: "noise"
        windowType: "hann"
    general:
        analysisSampleRate: 44100
        endTime: 2000
        equalLoudness: 1
        nequalLoudness: 0
        shortSound: 0
        startTime: 0
    lowlevel:
        compute: 1
        frameSize: 2048
        hopSize: 1024
        zeroPadding: 0
        silentFrames: "noise"
        windowType: "blackmanharris62"
        mfccStats: ["mean", "cov", "icov"]
        stats: ["mean", "var", "median", "min", "max", "dmean", "dmean2", "dvar", "dvar2"]
    panning:
        compute: 0
        frameSize: 8192
        hopSize: 2048
        zeroPadding: 8192
        silentFrames: "noise"
        windowType: "hann"
        stats: ["copy"]
    rhythm:
        compute: 1
        maxTempo: 208
        minTempo: 40
        method: "degara"
        stats: ["mean", "var", "median", "min", "max", "dmean", "dmean2", "dvar", "dvar2"]
    segmentation:
        compute: 0
        cpw: 5
        inc1: 300
        inc2: 50
        minimumSegmentsLength: 10
        size1: 1000
        size2: 600
    sfx:
        compute: 1
        stats: ["mean", "var", "median", "min", "max", "dmean", "dmean2", "dvar", "dvar2"]
    svm:
        compute: 0
    tonal:
        compute: 1
        frameSize: 4096
        hopSize: 2048
        zeroPadding: 0
        silentFrames: "noise"
        windowType: "blackmanharris62"
        stats: ["mean", "var", "median", "min", "max", "dmean", "dmean2", "dvar", "dvar2"]

lowlevel:
    average_loudness: 0.660821557045
    barkbands_kurtosis:
        dmean: 2.1760263443
        dmean2: 3.35423994064
        dvar: 12.0065746307
        dvar2: 24.4312801361
        max: 93.4623260498
        mean: 3.93548345566
        median: 1.31315112114
        min: -1.92086696625
        var: 46.1075630188
    barkbands_skewness:
        dmean: 0.481430947781
        dmean2: 0.757051169872
        dvar: 0.317630112171
        dvar2: 0.78238260746
        max: 7.65580415726
        mean: 1.27291154861
        median: 1.4401255846
        min: -2.39410972595
        var: 2.06391620636
    barkbands_spread:
        dmean: 6.31246519089
        dmean2: 9.82903194427
        dvar: 71.5311508179
        dvar2: 159.221374512
        max: 84.7111206055
        mean: 24.8436965942
        median: 24.4888439178
        min: 0.783963859081
        var: 223.123260498
    dissonance:
        dmean: 0.0142921088263
        dmean2: 0.0235047973692
        dvar: 0.000201478862436
        dvar2: 0.000514215964358
        max: 0.5
        mean: 0.467776179314
        median: 0.473813325167
        min: 0.283100783825
        var: 0.000632769253571
    hfc:
        dmean: 2.01899218559
        dmean2: 3.58491587639
        dvar: 21.0180015564
        dvar2: 60.0191917419
        max: 60.6649055481
        mean: 5.15564727783
        median: 1.06159174442
        min: 1.06996202663e-016
        var: 46.7408218384
    pitch:
        dmean: 661.282592773
        dmean2: 1280.1652832
        dvar: 1637483.875
        dvar2: 3978025
        max: 4834.01708984
        mean: 1181.7421875
        median: 199.828292847
        min: 62.7296867371
        var: 2559557
    pitch_instantaneous_confidence:
        dmean: 0.0732653513551
        dmean2: 0.121436357498
        dvar: 0.00443946896121
        dvar2: 0.0113317994401
        max: 0.89797604084
        mean: 0.373930484056
        median: 0.369254887104
        min: 0.0856947898865
        var: 0.014458171092
    pitch_salience:
        dmean: 0.0534448847175
        dmean2: 0.0880955606699
        dvar: 0.00261194258928
        dvar2: 0.00726276962087
        max: 0.914902925491
        mean: 0.676633536816
        median: 0.690811157227
        min: 0.224438741803
        var: 0.00672848662362
    silence_rate_20dB:
        dmean: 0
        dmean2: 0
        dvar: 0
        dvar2: 0
        max: 1
        mean: 1
        median: 1
        min: 1
        var: 0
    silence_rate_30dB:
        dmean: 0
        dmean2: 0
        dvar: 0
        dvar2: 0
        max: 1
        mean: 1
        median: 1
        min: 1
        var: 0
    silence_rate_60dB:
        dmean: 0.0303517580032
        dmean2: 0.060709618032
        dvar: 0.0294269099832
        dvar2: 0.0630491599441
        max: 1
        mean: 0.63280069828
        median: 1
        min: 0
        var: 0.232339397073
    spectral_centroid:
        dmean: 253.419021606
        dmean2: 412.156524658
        dvar: 160405.359375
        dvar2: 404076.3125
        max: 11693.9443359
        mean: 1125.33166504
        median: 718.275817871
        min: 152.034561157
        var: 1351463.375
    spectral_complexity:
        dmean: 2.68100500107
        dmean2: 4.52286672592
        dvar: 14.392870903
        dvar2: 37.9187240601
        max: 49
        mean: 12.0402975082
        median: 5
        min: 0
        var: 148.626052856
    spectral_crest:
        dmean: 1.76321899891
        dmean2: 2.91505026817
        dvar: 3.3954873085
        dvar2: 8.94597530365
        max: 24.6228103638
        mean: 8.142537117
        median: 7.62861537933
        min: 2.26858472824
        var: 11.2035799026
    spectral_decrease:
        dmean: 2.53395054939e-010
        dmean2: 4.37962888178e-010
        dvar: 3.63454992747e-019
        dvar2: 1.01174859545e-018
        max: 1.7323017626e-028
        mean: -7.86126441721e-010
        median: -4.53109910703e-010
        min: -8.12866929323e-009
        var: 6.17625416205e-019
    spectral_energy:
        dmean: 0.00112027698196
        dmean2: 0.00194714055397
        dvar: 6.75287219565e-006
        dvar2: 1.88567246369e-005
        max: 0.0359291248024
        mean: 0.00343465316109
        median: 0.00181083043572
        min: 1.02094128947e-020
        var: 1.242356484e-005
    spectral_energyband_high:
        dmean: 0.000176438756171
        dmean2: 0.000319236976793
        dvar: 1.91410805428e-007
        dvar2: 5.52678841359e-007
        max: 0.00605038180947
        mean: 0.000269743235549
        median: 3.29982867697e-005
        min: 6.88887000127e-021
        var: 1.97786206968e-007
    spectral_energyband_low:
        dmean: 0.000172946893144
        dmean2: 0.000278495193925
        dvar: 7.07988832005e-008
        dvar2: 1.81463647664e-007
        max: 0.00672403303906
        mean: 0.000469727674499
        median: 0.000398820469854
        min: 1.80692723972e-023
        var: 1.31641741064e-007
    spectral_energyband_middle_high:
        dmean: 0.00044627673924
        dmean2: 0.000764291267842
        dvar: 7.57071575208e-007
        dvar2: 2.11393194149e-006
        max: 0.0117810787633
        mean: 0.00140608812217
        median: 0.000228916513151
        min: 1.20338724229e-021
        var: 3.91981757275e-006
    spectral_energyband_middle_low:
        dmean: 0.000656793126836
        dmean2: 0.00112208933569
        dvar: 3.45294006365e-006
        dvar2: 9.57288466452e-006
        max: 0.0254715774208
        mean: 0.00143930327613
        median: 0.00101311563049
        min: 1.47637161191e-022
        var: 3.07278196487e-006
    spectral_flatness_db:
        dmean: 0.0229514352977
        dmean2: 0.0321175530553
        dvar: 0.00060763413785
        dvar2: 0.00111781130545
        max: 0.46209603548
        mean: 0.173138901591
        median: 0.156577423215
        min: 0.0426952913404
        var: 0.00405516242608
    spectral_flux:
        dmean: 0.00756968278438
        dmean2: 0.0121164703742
        dvar: 0.00013918033801
        dvar2: 0.000260274944594
        max: 0.152948155999
        mean: 0.0288575794548
        median: 0.0201576072723
        min: 6.33647093129e-011
        var: 0.000511940626893
    spectral_kurtosis:
        dmean: 3.90761828423
        dmean2: 6.05841112137
        dvar: 45.3553695679
        dvar2: 105.610969543
        max: 103.426315308
        mean: 7.11676645279
        median: 4.22183465958
        min: -1.27007710934
        var: 68.0498046875
    spectral_rms:
        dmean: 0.000242764741415
        dmean2: 0.000407611456467
        dvar: 1.65333034374e-007
        dvar2: 4.45539427574e-007
        max: 0.00592054100707
        mean: 0.00162986386567
        median: 0.00132915901486
        min: 3.1560106091e-012
        var: 6.94408925028e-007
    spectral_rolloff:
        dmean: 432.966369629
        dmean2: 740.432495117
        dvar: 683171.9375
        dvar2: 1562963.5
        max: 19552.1484375
        mean: 2094.70654297
        median: 1335.05859375
        min: 172.265625
        var: 4639378.5
    spectral_skewness:
        dmean: 0.44512617588
        dmean2: 0.659688353539
        dvar: 0.351727932692
        dvar2: 0.783488154411
        max: 7.70846223831
        mean: 1.84710335732
        median: 1.57751619816
        min: -0.0725386291742
        var: 0.764515936375
    spectral_spread:
        dmean: 804070.3125
        dmean2: 1080017.25
        dvar: 1.02682315981e+012
        dvar2: 1.83613731635e+012
        max: 42854560
        mean: 4671919
        median: 4208298
        min: 802168.625
        var: 1.28043848827e+013
    spectral_strongpeak:
        dmean: 0.189198821783
        dmean2: 0.333792150021
        dvar: 0.168009325862
        dvar2: 0.470776110888
        max: 5.22224521637
        mean: 0.270962804556
        median: 0.149552211165
        min: 0
        var: 0.185430794954
    zerocrossingrate:
        dmean: 0.0090958699584
        dmean2: 0.0112095614895
        dvar: 9.23984407564e-005
        dvar2: 0.000122545767226
        max: 0.52685546875
        mean: 0.0680182501674
        median: 0.0556640625
        min: 0.00634765625
        var: 0.00286566885188
    barkbands:
        dmean: [6.28728400898e-007, 7.29251551093e-005, 9.61023542914e-005, 0.000128747065901, 0.000419811462052, 0.000139062889502, 9.09238369786e-005, 6.58616409055e-005, 5.97978942096e-005, 5.75668054807e-005, 4.62225070805e-005, 4.66120327474e-005, 5.39881366421e-005, 5.05799980601e-005, 4.09031781601e-005, 4.73130239698e-005, 7.45479846955e-005, 0.000100765813841, 0.000153405606397, 0.000177405760041, 7.2645743785e-005, 1.92679526663e-005, 2.69730003311e-006, 1.07244920855e-006, 4.74064620448e-007, 2.63207997619e-008, 4.24291518586e-010]
        dmean2: [9.50031108005e-007, 0.000120439464808, 0.000152796099428, 0.00020860825316, 0.000724858022295, 0.000231306737987, 0.00015748210717, 0.000108148466097, 9.93592184386e-005, 9.71898989519e-005, 7.71152626839e-005, 7.86914461059e-005, 9.20376623981e-005, 8.48856143421e-005, 6.93855181453e-005, 8.10928322608e-005, 0.000126880579046, 0.000177652589628, 0.000263010006165, 0.000318206963129, 0.000132138549816, 3.48895737261e-005, 4.64090953756e-006, 1.70062162397e-006, 7.44528676933e-007, 3.98770367838e-008, 6.60041798994e-010]
        dvar: [2.18238708355e-012, 1.19386269759e-008, 3.02319058676e-008, 4.71038639205e-008, 1.81958682788e-006, 1.18907976798e-007, 5.74542085019e-008, 2.32723351701e-008, 1.84970669892e-008, 2.42513777948e-008, 1.29593917819e-008, 1.54248898099e-008, 2.28288410398e-008, 2.17449525053e-008, 1.57182338256e-008, 1.01662367413e-008, 2.07555732601e-008, 5.24474295105e-008, 8.07476325804e-008, 1.70754105966e-007, 3.00679836585e-008, 2.07074823955e-009, 3.26558745323e-011, 5.28297934912e-012, 9.30615719034e-013, 3.56697856067e-015, 8.11743147576e-019]
        dvar2: [5.63364242409e-012, 3.35356098446e-008, 7.40521315379e-008, 1.26742904172e-007, 5.04893296238e-006, 3.36031035886e-007, 1.60748712119e-007, 6.07409589293e-008, 5.16865235056e-008, 6.66295250085e-008, 3.53324729474e-008, 4.22850412463e-008, 6.47045084179e-008, 5.84186743424e-008, 4.27051212171e-008, 2.86155863449e-008, 5.82986956488e-008, 1.49530535509e-007, 2.28564829285e-007, 4.90918068863e-007, 8.63805027507e-008, 5.97625149368e-009, 9.23228160588e-011, 1.24240808613e-011, 2.23730257411e-012, 7.89192201308e-015, 1.78521003107e-018]
        max: [1.62159958563e-005, 0.00148617720697, 0.00374224456027, 0.0051736254245, 0.0187180098146, 0.00602279044688, 0.00368293374777, 0.00347633939236, 0.00241390313022, 0.00310933939181, 0.0024654911831, 0.00278500537388, 0.00382285867818, 0.00459395721555, 0.00347702600993, 0.0024718309287, 0.00298328883946, 0.00343939941376, 0.00410118466243, 0.00591994635761, 0.00226920400746, 0.000588695227634, 0.000108559499495, 6.9894362241e-005, 2.48078868026e-005, 2.08350570574e-006, 2.4190960346e-008]
        mean: [9.73574401542e-007, 0.000186207136721, 0.00016108941054, 0.000237318803556, 0.000585938803852, 0.00022851752874, 0.000125716644106, 0.000113186593808, 0.000103053644125, 9.82208002824e-005, 8.40543943923e-005, 9.0683453891e-005, 9.56592630246e-005, 9.6160947578e-005, 7.77153109084e-005, 8.97263089428e-005, 0.000152907246957, 0.000152805805556, 0.000337132194545, 0.000287651346298, 9.83462887234e-005, 2.38789380091e-005, 4.4596713451e-006, 2.31897388403e-006, 8.91793547453e-007, 4.5308176766e-008, 6.08251726764e-010]
        median: [4.16499062794e-007, 0.0001670136553, 9.24570122152e-005, 0.00015348829038, 0.000318511854857, 0.00013849955576, 5.67794304516e-005, 3.4138916817e-005, 3.13011187245e-005, 1.74000542756e-005, 1.49123534356e-005, 1.2329144738e-005, 9.9959961517e-006, 6.27079816695e-006, 4.22919447374e-006, 8.41908604343e-006, 2.8884580388e-005, 2.80123331322e-005, 4.2181716708e-005, 2.07312459679e-005, 1.39362564369e-005, 5.56668419449e-006, 1.3669996406e-006, 4.86283397549e-007, 2.91554556497e-007, 1.14746212532e-008, 1.60846377883e-010]
        min: [2.05123445947e-025, 4.06899385294e-024, 1.39147421591e-024, 5.2466448553e-025, 6.98252104989e-024, 6.62043310553e-024, 9.79544363231e-024, 7.68535509568e-024, 9.39110114243e-024, 1.66314030035e-023, 2.21879846031e-023, 1.52719842491e-023, 3.40064651823e-023, 5.28534944786e-023, 5.65028186687e-023, 7.59638594283e-023, 6.19148020644e-023, 1.08403119894e-022, 1.26572580781e-022, 1.76347192168e-022, 2.37847091261e-022, 3.22783252677e-022, 4.35235892209e-022, 5.77858460264e-022, 9.1072030084e-022, 1.32256042138e-021, 1.98034672294e-021]
        var: [2.69375559185e-012, 1.95034264294e-008, 4.98233312385e-008, 7.40814911637e-008, 1.33315529638e-006, 1.09127086034e-007, 5.18731333443e-008, 4.55154847145e-008, 3.74235007428e-008, 4.88337157378e-008, 3.14809227575e-008, 4.39812346542e-008, 4.9493330323e-008, 5.72604967886e-008, 4.38342233622e-008, 2.73128080153e-008, 5.88351234398e-008, 7.17128614269e-008, 2.33201873812e-007, 2.15555203908e-007, 2.81904242172e-008, 1.76868308888e-009, 4.54966966879e-011, 1.5034248152e-011, 2.01868795117e-012, 6.62318016051e-015, 1.30731232583e-018]
    frequency_bands:
        dmean: [6.28728400898e-007, 7.29251551093e-005, 9.61023542914e-005, 0.000128747065901, 0.000419811462052, 0.000139062889502, 9.09238369786e-005, 6.58616409055e-005, 5.97978942096e-005, 5.75668054807e-005, 4.62225070805e-005, 4.66120327474e-005, 5.39881366421e-005, 5.05799980601e-005, 4.09031781601e-005, 4.73130239698e-005, 7.45479846955e-005, 0.000100765813841, 0.000153405606397, 0.000177405760041, 7.2645743785e-005, 1.92679526663e-005, 2.69730003311e-006, 1.07244920855e-006, 4.74064620448e-007, 2.63207997619e-008, 4.24291518586e-010, 3.94888566291e-011]
        dmean2: [9.50031108005e-007, 0.000120439464808, 0.000152796099428, 0.00020860825316, 0.000724858022295, 0.000231306737987, 0.00015748210717, 0.000108148466097, 9.93592184386e-005, 9.71898989519e-005, 7.71152626839e-005, 7.86914461059e-005, 9.20376623981e-005, 8.48856143421e-005, 6.93855181453e-005, 8.10928322608e-005, 0.000126880579046, 0.000177652589628, 0.000263010006165, 0.000318206963129, 0.000132138549816, 3.48895737261e-005, 4.64090953756e-006, 1.70062162397e-006, 7.44528676933e-007, 3.98770367838e-008, 6.60041798994e-010, 7.33634403227e-011]
        dvar: [2.18238708355e-012, 1.19386269759e-008, 3.02319058676e-008, 4.71038639205e-008, 1.81958682788e-006, 1.18907976798e-007, 5.74542085019e-008, 2.32723351701e-008, 1.84970669892e-008, 2.42513777948e-008, 1.29593917819e-008, 1.54248898099e-008, 2.28288410398e-008, 2.17449525053e-008, 1.57182338256e-008, 1.01662367413e-008, 2.07555732601e-008, 5.24474295105e-008, 8.07476325804e-008, 1.70754105966e-007, 3.00679836585e-008, 2.07074823955e-009, 3.26558745323e-011, 5.28297934912e-012, 9.30615719034e-013, 3.56697856067e-015, 8.11743147576e-019, 5.65655344991e-021]
        dvar2: [5.63364242409e-012, 3.35356098446e-008, 7.40521315379e-008, 1.26742904172e-007, 5.04893296238e-006, 3.36031035886e-007, 1.60748712119e-007, 6.07409589293e-008, 5.16865235056e-008, 6.66295250085e-008, 3.53324729474e-008, 4.22850412463e-008, 6.47045084179e-008, 5.84186743424e-008, 4.27051212171e-008, 2.86155863449e-008, 5.82986956488e-008, 1.49530535509e-007, 2.28564829285e-007, 4.90918068863e-007, 8.63805027507e-008, 5.97625149368e-009, 9.23228160588e-011, 1.24240808613e-011, 2.23730257411e-012, 7.89192201308e-015, 1.78521003107e-018, 1.84690657661e-020]
        max: [1.62159958563e-005, 0.00148617720697, 0.00374224456027, 0.0051736254245, 0.0187180098146, 0.00602279044688, 0.00368293374777, 0.00347633939236, 0.00241390313022, 0.00310933939181, 0.0024654911831, 0.00278500537388, 0.00382285867818, 0.00459395721555, 0.00347702600993, 0.0024718309287, 0.00298328883946, 0.00343939941376, 0.00410118466243, 0.00591994635761, 0.00226920400746, 0.000588695227634, 0.000108559499495, 6.9894362241e-005, 2.48078868026e-005, 2.08350570574e-006, 2.4190960346e-008, 1.10076303628e-009]
        mean: [9.73574401542e-007, 0.000186207136721, 0.00016108941054, 0.000237318803556, 0.000585938803852, 0.00022851752874, 0.000125716644106, 0.000113186593808, 0.000103053644125, 9.82208002824e-005, 8.40543943923e-005, 9.0683453891e-005, 9.56592630246e-005, 9.6160947578e-005, 7.77153109084e-005, 8.97263089428e-005, 0.000152907246957, 0.000152805805556, 0.000337132194545, 0.000287651346298, 9.83462887234e-005, 2.38789380091e-005, 4.4596713451e-006, 2.31897388403e-006, 8.91793547453e-007, 4.5308176766e-008, 6.08251726764e-010, 2.99516071667e-011]
        median: [4.16499062794e-007, 0.0001670136553, 9.24570122152e-005, 0.00015348829038, 0.000318511854857, 0.00013849955576, 5.67794304516e-005, 3.4138916817e-005, 3.13011187245e-005, 1.74000542756e-005, 1.49123534356e-005, 1.2329144738e-005, 9.9959961517e-006, 6.27079816695e-006, 4.22919447374e-006, 8.41908604343e-006, 2.8884580388e-005, 2.80123331322e-005, 4.2181716708e-005, 2.07312459679e-005, 1.39362564369e-005, 5.56668419449e-006, 1.3669996406e-006, 4.86283397549e-007, 2.91554556497e-007, 1.14746212532e-008, 1.60846377883e-010, 8.16212462201e-012]
        min: [2.05123445947e-025, 4.06899385294e-024, 1.39147421591e-024, 5.2466448553e-025, 6.98252104989e-024, 6.62043310553e-024, 9.79544363231e-024, 7.68535509568e-024, 9.39110114243e-024, 1.66314030035e-023, 2.21879846031e-023, 1.52719842491e-023, 3.40064651823e-023, 5.28534944786e-023, 5.65028186687e-023, 7.59638594283e-023, 6.19148020644e-023, 1.08403119894e-022, 1.26572580781e-022, 1.76347192168e-022, 2.37847091261e-022, 3.22783252677e-022, 4.35235892209e-022, 5.77858460264e-022, 9.1072030084e-022, 1.32256042138e-021, 1.98034672294e-021, 5.01614359576e-022]
        var: [2.69375559185e-012, 1.95034264294e-008, 4.98233312385e-008, 7.40814911637e-008, 1.33315529638e-006, 1.09127086034e-007, 5.18731333443e-008, 4.55154847145e-008, 3.74235007428e-008, 4.88337157378e-008, 3.14809227575e-008, 4.39812346542e-008, 4.9493330323e-008, 5.72604967886e-008, 4.38342233622e-008, 2.73128080153e-008, 5.88351234398e-008, 7.17128614269e-008, 2.33201873812e-007, 2.15555203908e-007, 2.81904242172e-008, 1.76868308888e-009, 4.54966966879e-011, 1.5034248152e-011, 2.01868795117e-012, 6.62318016051e-015, 1.30731232583e-018, 4.14384932808e-021]
    mfcc:
        mean: [-769.919555664, 130.496200562, -19.5110187531, 56.421787262, -4.24836158752, -6.85102844238, 6.4588470459, -0.758280992508, -6.07013177872, -6.39142990112, -1.70503926277, -0.578307271004, -2.35005187988]
        cov: [[10702.9306641, -1355.08898926, -2226.24902344, 469.17276001, -1037.52844238, 383.008605957, 63.3415260315, -382.475128174, 147.935180664, 293.661621094, -230.024002075, -115.372184753, -38.8492393494], [-1355.08898926, 1579.91723633, 418.970245361, -38.2041015625, 338.139465332, -229.134063721, 60.5255661011, 133.121536255, -105.843292236, -106.433326721, 74.8086471558, 46.931804657, -0.37243437767], [-2226.24902344, 418.970245361, 838.340637207, 38.9047393799, 228.06993103, -59.1458091736, -41.4460258484, 98.4083175659, -31.3761692047, -111.760704041, 62.2753562927, 31.1677703857, 12.8495407104], [469.17276001, -38.2041015625, 38.9047393799, 358.247039795, -27.4144630432, 58.2525367737, -11.8888626099, -18.9361839294, 38.3776779175, -6.36333560944, -2.0066409111, -3.76376056671, 12.5596513748], [-1037.52844238, 338.139465332, 228.06993103, -27.4144630432, 257.457122803, -79.3972396851, -4.43067502975, 43.6243515015, -38.7785682678, -25.4969024658, 25.9136199951, 5.1922211647, -6.52150583267], [383.008605957, -229.134063721, -59.1458091736, 58.2525367737, -79.3972396851, 134.108901978, 14.7766551971, -19.2749881744, 37.0085411072, 11.6722593307, -7.19019842148, -2.79454684258, 4.83603572845], [63.3415260315, 60.5255661011, -41.4460258484, -11.8888626099, -4.43067502975, 14.7766551971, 93.0379180908, 39.8380622864, 9.96304130554, 3.80957865715, 3.79797339439, 12.5146179199, -1.29328560829], [-382.475128174, 133.121536255, 98.4083175659, -18.9361839294, 43.6243515015, -19.2749881744, 39.8380622864, 96.2454605103, 12.0206842422, -20.7322597504, 22.9912052155, 12.8652009964, -1.22464883327], [147.935180664, -105.843292236, -31.3761692047, 38.3776779175, -38.7785682678, 37.0085411072, 9.96304130554, 12.0206842422, 74.4656677246, 32.6813583374, 3.4515068531, 6.7662153244, 6.41327095032], [293.661621094, -106.433326721, -111.760704041, -6.36333560944, -25.4969024658, 11.6722593307, 3.80957865715, -20.7322597504, 32.6813583374, 77.482421875, 4.68171024323, 0.812529027462, 6.02776956558], [-230.024002075, 74.8086471558, 62.2753562927, -2.0066409111, 25.9136199951, -7.19019842148, 3.79797339439, 22.9912052155, 3.4515068531, 4.68171024323, 57.1554641724, 25.4753494263, 3.53055000305], [-115.372184753, 46.931804657, 31.1677703857, -3.76376056671, 5.1922211647, -2.79454684258, 12.5146179199, 12.8652009964, 6.7662153244, 0.812529027462, 25.4753494263, 50.9362106323, 22.1994934082], [-38.8492393494, -0.37243437767, 12.8495407104, 12.5596513748, -6.52150583267, 4.83603572845, -1.29328560829, -1.22464883327, 6.41327095032, 6.02776956558, 3.53055000305, 22.1994934082, 48.237247467]]
        icov: [[0.000349712121533, -0.000151970278239, 0.000710230728146, -0.000482863164507, 0.000797167536803, -0.000312038086122, 0.0001521629747, 8.6942964117e-005, 0.00030952351517, -0.000408699561376, 0.000406822684454, -0.000104070233647, 0.000390391622204], [-0.000151970278239, 0.0013280606363, -0.000407363724662, -4.7864523367e-005, -0.00120550161228, 0.00169307226315, -0.00122072489467, -0.00019920161867, 0.000382349186111, 0.00109712278936, -0.00101268023718, -0.000138492760016, -0.000411743676523], [0.000710230728146, -0.000407363724662, 0.00380358821712, -0.00116060499568, 4.91732898809e-005, -0.0010830948595, 0.00200925022364, -0.00116013817023, -0.000119591386465, 0.0020004818216, -0.000591207179241, -0.000413155270508, -3.17938065564e-006], [-0.000482863164507, -4.7864523367e-005, -0.00116060499568, 0.0040557901375, -0.00108527520206, -0.00078050349839, -5.20415669598e-005, 0.00132047419902, -0.00284162745811, 0.00190793559887, -0.00105425703805, 0.00124873034656, -0.00153059267905], [0.000797167536803, -0.00120550161228, 4.91732898809e-005, -0.00108527520206, 0.00897224061191, 0.00072434177855, 0.00062493130099, -0.00102013803553, 0.00303263263777, -0.00363378296606, 0.000884050794411, 0.00046043729526, 0.00180772214662], [-0.000312038086122, 0.00169307226315, -0.0010830948595, -0.00078050349839, 0.00072434177855, 0.0135316485539, -0.00491098547354, 0.00353745324537, -0.00476326560602, 0.00355174881406, -0.00283999810927, 0.00200100801885, -0.0015706178965], [0.0001521629747, -0.00122072489467, 0.00200925022364, -5.20415669598e-005, 0.00062493130099, -0.00491098547354, 0.0177577417344, -0.00959689542651, 0.00226559699513, -0.00322576938197, 0.0042634382844, -0.00563018536195, 0.00278166681528], [8.6942964117e-005, -0.00019920161867, -0.00116013817023, 0.00132047419902, -0.00102013803553, 0.00353745324537, -0.00959689542651, 0.0215429682285, -0.00934289302677, 0.00757531961426, -0.00663842167705, 0.00322262826376, -0.000870908552315], [0.00030952351517, 0.000382349186111, -0.000119591386465, -0.00284162745811, 0.00303263263777, -0.00476326560602, 0.00226559699513, -0.00934289302677, 0.0257646925747, -0.0131317302585, 0.00378655735403, -0.00440294947475, 0.00169969000854], [-0.000408699561376, 0.00109712278936, 0.0020004818216, 0.00190793559887, -0.00363378296606, 0.00355174881406, -0.00322576938197, 0.00757531961426, -0.0131317302585, 0.0258734561503, -0.0088946800679, 0.00435463711619, -0.00493219913915], [0.000406822684454, -0.00101268023718, -0.000591207179241, -0.00105425703805, 0.000884050794411, -0.00283999810927, 0.0042634382844, -0.00663842167705, 0.00378655735403, -0.0088946800679, 0.0297585707158, -0.0156598929316, 0.00673872698098], [-0.000104070233647, -0.000138492760016, -0.000413155270508, 0.00124873034656, 0.00046043729526, 0.00200100801885, -0.00563018536195, 0.00322262826376, -0.00440294947475, 0.00435463711619, -0.0156598929316, 0.0357166677713, -0.0157574024051], [0.000390391622204, -0.000411743676523, -3.17938065564e-006, -0.00153059267905, 0.00180772214662, -0.0015706178965, 0.00278166681528, -0.000870908552315, 0.00169969000854, -0.00493219913915, 0.00673872698098, -0.0157574024051, 0.0290447287261]]
    sccoeffs:
        dmean: [0.0446233525872, 0.040912553668, 0.0323231443763, 0.0258738491684, 0.0210917405784, 0.022742619738]
        dmean2: [0.0738377869129, 0.0682219937444, 0.054350476712, 0.0438034161925, 0.0340536050498, 0.0362089164555]
        dvar: [0.00175436504651, 0.00115462322719, 0.000667457759846, 0.000423886609497, 0.000304469693219, 0.000683877035044]
        dvar2: [0.0046890671365, 0.00319934589788, 0.00185451877769, 0.00120104814414, 0.000752399733756, 0.00159559317399]
        max: [-0.364820927382, -0.519492506981, -0.613633215427, -0.64044547081, -0.658051133156, -0.616006314754]
        mean: [-0.675056219101, -0.758651971817, -0.807314097881, -0.816577076912, -0.810401022434, -0.784766793251]
        median: [-0.675835430622, -0.758695363998, -0.808463811874, -0.819740772247, -0.80826073885, -0.787135243416]
        min: [-0.982582569122, -0.977203071117, -0.979206323624, -0.973648130894, -0.969105303288, -0.965174078941]
        var: [0.00485285092145, 0.00324535905384, 0.00184338947292, 0.00156214088202, 0.00115707074292, 0.00229392177425]
    scvalleys:
        dmean: [0.300294280052, 0.322841614485, 0.295217305422, 0.2865704, 0.405599921942, 0.526622354984]
        dmean2: [0.498614162207, 0.531511306763, 0.486136972904, 0.461211264133, 0.593105435371, 0.706641733646]
        dvar: [0.0723030939698, 0.0937965735793, 0.0853431746364, 0.106353484094, 0.258705586195, 0.38940256834]
        dvar2: [0.182223275304, 0.229175761342, 0.201505810022, 0.237149775028, 0.549991905689, 0.735227167606]
        max: [-5.06571865082, -4.38381576538, -5.03642511368, -5.55740690231, -5.29075813293, -8.07936668396]
        mean: [-6.73061990738, -6.95146131516, -7.68093681335, -8.11726474762, -7.97850322723, -10.6596269608]
        median: [-6.41212701797, -6.7275762558, -7.51688289642, -8.17506885529, -7.90673208237, -10.1528835297]
        min: [-27.8263225555, -28.1203327179, -27.7726745605, -27.5712566376, -27.565662384, -27.4253044128]
        var: [4.43051815033, 4.4081788063, 4.78357839584, 4.87615442276, 5.14760828018, 4.66244697571]

rhythm:
    beats_loudness:
        dmean: 0.00140417658258
        dmean2: 0.00245604361407
        dvar: 1.47264768202e-006
        dvar2: 4.16144439441e-006
        max: 0.0129391057417
        mean: 0.00362431979738
        median: 0.0023868305143
        min: 0
        var: 8.55996131577e-006
    bpm: 127.98285675
    bpm_confidence: 0
    first_peak_bpm: 129
    first_peak_spread: 0.411642432213
    first_peak_weight: 0.577551007271
    onset_rate: 4.27655792236
    second_peak_bpm: 123
    second_peak_spread: 0.428571432829
    second_peak_weight: 0.0081632649526
    beats_loudness_band_ratio:
        dmean: [0.15789732337, 0.185468941927, 0.0627055689692, 0.0401484519243, 0.0629936754704, 0.0851652175188]
        dmean2: [0.273195117712, 0.315222233534, 0.106599636376, 0.0684267729521, 0.112174548209, 0.147456333041]
        dvar: [0.0157158877701, 0.0208381582052, 0.00430208211765, 0.00341562274843, 0.00386385456659, 0.00539747485891]
        dvar2: [0.0479835495353, 0.0514013618231, 0.0122667355463, 0.0090603902936, 0.0117335151881, 0.0148974247277]
        max: [0.851760208607, 0.776807188988, 0.46060192585, 0.477140039206, 0.522669494152, 0.622547924519]
        mean: [0.341994464397, 0.303801774979, 0.100953891873, 0.0706442221999, 0.120750159025, 0.162255078554]
        median: [0.329465359449, 0.264474362135, 0.0777288079262, 0.0392119251192, 0.105019532144, 0.13446071744]
        min: [0, 0, 0, 0, 0, 0]
        var: [0.0377107411623, 0.0350151024759, 0.0058594965376, 0.00689794821665, 0.00702890194952, 0.0142630944028]
    beats_position: [0.452789098024, 0.917188167572, 1.39319729805, 1.8575963974, 2.33360528946, 2.80961441994, 3.29723358154, 3.79646253586, 4.3073015213, 4.80653047562, 5.28253936768, 5.7701587677, 6.28099775314, 6.78022670746, 7.25623559952, 7.73224496841, 8.20825386047, 8.68426322937, 9.14866161346, 9.61306095123, 10.0890703201, 10.5650787354, 11.0294780731, 11.4938774109, 11.9582767487, 12.4226751328, 12.8870744705, 13.3630838394, 13.8390922546, 14.3034915924, 14.7678909302, 15.2439002991, 15.7199087143, 16.1843090057, 16.6487064362, 17.1131057739, 17.5891151428, 18.0651245117, 18.5295238495, 18.9939231873, 19.458322525, 19.9227199554, 20.3987293243, 20.8747386932, 21.339138031, 21.8035373688, 22.2679367065, 22.7323360443, 23.2083435059, 23.6843528748, 24.1487522125, 24.6131515503, 25.0891609192, 25.5651702881, 26.0295696259, 26.4939670563, 26.958366394, 27.4227657318, 27.8987751007, 28.3747844696, 28.8391838074, 29.3035831451, 29.7679805756, 30.2439899445, 30.7199993134, 31.1843986511, 31.6487979889, 32.1131973267, 32.5892066956, 33.0652160645, 33.5296134949, 33.99401474, 34.4584121704, 34.9228096008, 35.3988189697, 35.8748283386, 36.3392295837, 36.8036270142, 37.2796363831, 37.7440338135, 38.2200431824, 38.6844444275, 39.1488418579, 39.613243103, 40.0892524719, 40.5536499023, 41.0296592712, 41.4940567017, 41.9584579468, 42.4228553772, 42.8988647461, 43.374874115, 43.8392753601, 44.3036727905, 44.7680702209, 45.2324714661, 45.708480835, 46.1844902039, 46.6488876343, 47.1132888794, 47.5776863098, 48.0536956787, 48.5297050476, 48.994102478, 49.4701118469, 49.9461212158, 50.4105224609, 50.8749198914, 51.3393173218, 51.8037185669, 52.2681159973, 52.7325172424, 53.2085266113, 53.6845359802, 54.1489334106, 54.6133308411, 55.08934021, 55.5653495789, 56.029750824, 56.4941482544, 56.9585494995, 57.4229469299, 57.8989562988, 58.3749656677, 58.8393630981, 59.3037643433, 59.7681617737, 60.2325630188, 60.708568573, 61.1845779419, 61.648979187, 62.1133766174, 62.5893859863, 63.0653953552, 63.5297966003, 63.9941940308, 64.4585952759, 64.9229888916, 65.3990020752, 65.8750076294, 66.3394088745, 66.8038101196, 67.2682037354, 67.7326049805, 68.2086181641, 68.6846237183, 69.1490249634, 69.6134262085, 70.0894317627, 70.5654373169, 71.029838562, 71.4942398071, 71.9586410522, 72.423034668, 72.8874359131, 73.3634490967, 73.8394546509, 74.303855896, 74.7682495117, 75.2326507568, 75.7086639404, 76.1846694946, 76.6490707397, 77.1134643555, 77.5778656006, 78.0538787842, 78.5298843384, 78.9942855835, 79.4586868286, 79.9230804443, 80.3990936279, 80.8750991821, 81.3395004272, 81.8039016724, 82.2682952881, 82.7326965332, 83.2087097168, 83.684715271, 84.1491165161, 84.6135101318, 85.0895233154, 85.5655288696, 86.0299301147, 86.4943313599, 86.9703369141, 87.4347381592, 87.9107437134, 88.3751449585, 88.8395462036, 89.3039474487, 89.7683410645, 90.2327423096, 90.7087478638, 91.1847610474, 91.6491622925, 92.1135559082, 92.5895690918, 93.065574646, 93.5299758911, 93.9943771362, 94.4703826904, 94.9347839355, 95.4107894897, 95.8751907349, 96.33959198, 96.8039855957, 97.2683868408, 97.7327880859, 98.2087936401, 98.6848068237, 99.1492080688, 99.6136016846, 100.089614868, 100.565620422, 101.030021667, 101.494422913, 101.958816528, 102.423217773, 102.899223328, 103.375236511, 103.839637756, 104.304031372, 104.768432617, 105.232833862, 105.697235107, 106.173240662, 106.649246216, 107.113647461, 107.589660645, 108.065666199, 108.530067444, 108.994468689, 109.458862305, 109.92326355, 110.387664795, 110.863670349, 111.339683533, 111.804077148, 112.268478394, 112.732879639, 113.220497131, 113.684898376, 114.149291992, 114.613693237, 115.089706421, 115.554100037, 116.03011322, 116.494506836, 116.958908081, 117.423309326, 117.887710571, 118.363716125, 118.839729309, 119.304122925, 119.76852417, 120.232925415, 120.708930969, 121.173332214, 121.649337769, 122.113739014, 122.589744568, 123.054145813, 123.518547058, 123.994552612, 124.458953857, 124.923355103, 125.387756348, 125.863761902, 126.339767456, 126.804168701, 127.268569946, 127.732971191, 128.208984375, 128.6849823, 129.149383545, 129.61378479, 130.089797974, 130.554199219, 131.030197144, 131.494598389, 131.958999634, 132.423400879, 132.887802124, 133.363800049, 133.839813232, 134.304214478, 134.768615723, 135.233016968, 135.709014893, 136.185028076, 136.649429321, 137.113830566, 137.58984375, 138.054244995, 138.53024292, 138.994644165, 139.45904541, 139.923446655, 140.399459839, 140.875457764, 141.351470947, 141.827484131, 142.291885376, 142.756271362, 143.232284546, 143.696685791, 144.172698975, 144.648712158, 145.124710083, 145.589111328, 146.065124512, 146.529525757, 147.005523682, 147.481536865, 147.957550049, 148.421951294, 148.897949219, 149.373962402, 149.838363647, 150.314376831, 150.790390015, 151.266387939, 151.742401123, 152.206802368, 152.682815552, 153.158813477, 153.623214722, 154.099227905, 154.575241089, 155.039627075, 155.50402832, 155.980041504, 156.456054688, 156.932067871, 157.408065796, 157.872467041, 158.336868286, 158.801269531, 159.265670776, 159.75328064, 160.217681885, 160.68208313, 161.146484375, 161.61088562, 162.075286865, 162.55128479, 163.027297974, 163.491699219, 163.956100464, 164.420501709, 164.884887695, 165.34928894, 165.813690186, 166.289703369, 166.765716553, 167.241714478, 167.717727661, 168.182128906, 168.646530151, 169.122543335, 169.586929321, 170.062942505, 170.52734375, 170.991744995, 171.45614624, 171.920547485, 172.39654541, 172.872558594, 173.336959839, 173.801361084, 174.265762329, 174.741760254, 175.217773438, 175.682174683, 176.146575928, 176.622589111, 177.098587036, 177.562988281, 178.027389526, 178.491790771, 178.956192017, 179.420593262, 179.896591187, 180.37260437, 180.837005615, 181.30140686, 181.765808105, 182.24180603, 182.717819214, 183.182220459, 183.646621704, 184.111022949, 184.575408936, 185.039810181, 185.504211426, 185.968612671, 186.444625854, 186.920639038, 187.396636963, 187.872650146, 188.337051392, 188.801452637, 189.265853882, 189.730239868, 190.206253052, 190.682266235, 191.14666748, 191.622665405, 192.098678589, 192.563079834, 193.027481079, 193.491882324, 193.956283569, 194.432281494, 194.908294678, 195.372695923, 195.837097168, 196.313110352, 196.777496338, 197.253509521, 197.717910767, 198.182312012, 198.646713257, 199.122711182, 199.598724365, 200.06312561, 200.527526855, 200.991928101, 201.456329346, 201.932327271, 202.408340454, 202.872741699, 203.337142944, 203.801544189, 204.265930176, 204.741943359, 205.217956543, 205.682357788, 206.146759033, 206.622756958, 207.098770142, 207.563171387, 208.027572632, 208.491973877, 208.956375122, 209.432373047, 209.90838623, 210.372787476, 210.837188721, 211.301589966, 211.765975952, 212.241989136, 212.718002319, 213.182403564, 213.64680481, 214.111190796, 214.575592041, 215.051605225, 215.527618408, 215.992019653, 216.45640564, 216.920806885, 217.396820068, 217.872833252, 218.337234497, 218.801635742, 219.266021729, 219.742034912, 220.218048096, 220.682449341, 221.146850586, 221.622848511, 222.098861694, 222.563262939, 223.027664185, 223.49206543, 223.956451416, 224.4324646, 224.908477783, 225.372879028, 225.848892212, 226.324890137, 226.80090332, 227.276916504, 227.729705811, 228.182495117, 228.635284424, 229.08807373, 229.540863037, 230.005249023, 230.45803833]
