
metadata:
    version:
        essentia: "2.1-beta2"
    audio_properties:
        analysis_sample_rate: 44100
        bitrate: 276
        channels: 2
        equal_loudness: 1
        length: 326.817962646
        replay_gain: -13.587594986
        downmix: "mix"
    tags:
        album: "L'Enfant Sauvage"
        artist: "Gojira"
        comment: ""
        date: "2012"
        genre: "Metal"
        title: "The Fall"
        tracknumber: "11/13"

configuration:
    average_loudness:
        compute: 1
        frameSize: 88200
        hopSize: 44100
        silentFrames: "noise"
        windowType: "hann"
    general:
        analysisSampleRate: 44100
        endTime: 2000
        equalLoudness: 1
        nequalLoudness: 0
        shortSound: 0
        startTime: 0
    lowlevel:
        compute: 1
        frameSize: 2048
        hopSize: 1024
        zeroPadding: 0
        silentFrames: "noise"
        windowType: "blackmanharris62"
        mfccStats: ["mean", "cov", "icov"]
        stats: ["mean", "var", "median", "min", "max", "dmean", "dmean2", "dvar", "dvar2"]
    panning:
        compute: 0
        frameSize: 8192
        hopSize: 2048
        zeroPadding: 8192
        silentFrames: "noise"
        windowType: "hann"
        stats: ["copy"]
    rhythm:
        compute: 1
        maxTempo: 208
        minTempo: 40
        method: "degara"
        stats: ["mean", "var", "median", "min", "max", "dmean", "dmean2", "dvar", "dvar2"]
    segmentation:
        compute: 0
        cpw: 5
        inc1: 300
        inc2: 50
        minimumSegmentsLength: 10
        size1: 1000
        size2: 600
    sfx:
        compute: 1
        stats: ["mean", "var", "median", "min", "max", "dmean", "dmean2", "dvar", "dvar2"]
    svm:
        compute: 0
    tonal:
        compute: 1
        frameSize: 4096
        hopSize: 2048
        zeroPadding: 0
        silentFrames: "noise"
        windowType: "blackmanharris62"
        stats: ["mean", "var", "median", "min", "max", "dmean", "dmean2", "dvar", "dvar2"]

lowlevel:
    average_loudness: 0.902942180634
    barkbands_kurtosis:
        dmean: 0.720204412937
        dmean2: 1.21654999256
        dvar: 7.83913183212
        dvar2: 20.9516944885
        max: 261.545135498
        mean: -0.457751870155
        median: -1.06913292408
        min: -1.89099490643
        var: 9.94989585876
    barkbands_skewness:
        dmean: 0.377661347389
        dmean2: 0.617965102196
        dvar: 0.158052057028
        dvar2: 0.402388334274
        max: 6.40647411346
        mean: -0.123719446361
        median: -0.105039656162
        min: -7.31924343109
        var: 0.791568934917
    barkbands_spread:
        dmean: 5.12941646576
        dmean2: 8.45111751556
        dvar: 24.5535125732
        dvar2: 66.9010696411
        max: 64.235710144
        mean: 33.56483078
        median: 33.4465789795
        min: 0.304699927568
        var: 94.1584091187
    dissonance:
        dmean: 0.00941078644246
        dmean2: 0.0161507111043
        dvar: 8.37214683997e-005
        dvar2: 0.00023458673968
        max: 0.500000119209
        mean: 0.484910845757
        median: 0.487644284964
        min: 0.337821722031
        var: 0.000136356757139
    hfc:
        dmean: 2.20128965378
        dmean2: 3.82158708572
        dvar: 12.0834636688
        dvar2: 33.6144142151
        max: 63.5752944946
        mean: 7.92695045471
        median: 7.48967885971
        min: 1.05984335781e-016
        var: 28.383813858
    pitch:
        dmean: 692.628112793
        dmean2: 1326.84277344
        dvar: 1470650.25
        dvar2: 3843562.5
        max: 4372.84423828
        mean: 1934.9967041
        median: 1183.75097656
        min: 48.9286193848
        var: 2920626.5
    pitch_instantaneous_confidence:
        dmean: 0.0719338357449
        dmean2: 0.120900653303
        dvar: 0.00351554877125
        dvar2: 0.00955809280276
        max: 0.998555719852
        mean: 0.353929698467
        median: 0.334134250879
        min: 0.0879635214806
        var: 0.0180838033557
    pitch_salience:
        dmean: 0.0548659972847
        dmean2: 0.092904523015
        dvar: 0.00291779520921
        dvar2: 0.00826671905816
        max: 0.997474253178
        mean: 0.689843535423
        median: 0.707734286785
        min: 0.0427599512041
        var: 0.00734830740839
    silence_rate_20dB:
        dmean: 0
        dmean2: 0
        dvar: 0
        dvar2: 0
        max: 1
        mean: 1
        median: 1
        min: 1
        var: 0
    silence_rate_30dB:
        dmean: 0
        dmean2: 0
        dvar: 0
        dvar2: 0
        max: 1
        mean: 1
        median: 1
        min: 1
        var: 0
    silence_rate_60dB:
        dmean: 0.0474600344896
        dmean2: 0.0949268117547
        dvar: 0.0452103614807
        dvar2: 0.109661631286
        max: 1
        mean: 0.315430521965
        median: 0
        min: 0
        var: 0.215948626399
    spectral_centroid:
        dmean: 262.928192139
        dmean2: 435.087097168
        dvar: 77340.1796875
        dvar2: 196222.796875
        max: 11812.6796875
        mean: 1904.4864502
        median: 1800.99047852
        min: 250.918182373
        var: 1295887.25
    spectral_complexity:
        dmean: 3.81413865089
        dmean2: 6.34403848648
        dvar: 16.3145065308
        dvar2: 42.7952384949
        max: 49
        mean: 16.9046611786
        median: 17
        min: 0
        var: 113.066635132
    spectral_crest:
        dmean: 1.87584400177
        dmean2: 3.17761111259
        dvar: 4.01641702652
        dvar2: 10.840798378
        max: 26.8184337616
        mean: 6.46493530273
        median: 5.75568532944
        min: 2.22707271576
        var: 8.8653011322
    spectral_decrease:
        dmean: 3.07152747681e-010
        dmean2: 5.29466470667e-010
        dvar: 3.44366326697e-019
        dvar2: 9.49185720399e-019
        max: 2.63035422899e-028
        mean: -1.03753927672e-009
        median: -9.7449226466e-010
        min: -6.88817491934e-009
        var: 5.58048508067e-019
    spectral_energy:
        dmean: 0.00132640136871
        dmean2: 0.00229037576355
        dvar: 5.92479636907e-006
        dvar2: 1.63331333169e-005
        max: 0.0285554230213
        mean: 0.00463490886614
        median: 0.00440041581169
        min: 9.95589657728e-021
        var: 1.03424963527e-005
    spectral_energyband_high:
        dmean: 0.000193335174117
        dmean2: 0.00034420582233
        dvar: 1.14915351901e-007
        dvar2: 3.27908821873e-007
        max: 0.00492760166526
        mean: 0.000425393140176
        median: 0.000362865219358
        min: 6.9717043848e-021
        var: 1.35547338687e-007
    spectral_energyband_low:
        dmean: 0.000260622560745
        dmean2: 0.000438833172666
        dvar: 2.86740743149e-007
        dvar2: 7.80442007908e-007
        max: 0.00871647614986
        mean: 0.000470382510684
        median: 0.00032015767647
        min: 1.90705593447e-023
        var: 3.87812718827e-007
    spectral_energyband_middle_high:
        dmean: 0.000556281593163
        dmean2: 0.000932382186875
        dvar: 5.11909263423e-007
        dvar2: 1.35133632284e-006
        max: 0.0130297504365
        mean: 0.00223045609891
        median: 0.00192195503041
        min: 1.10537179231e-021
        var: 2.63011634161e-006
    spectral_energyband_middle_low:
        dmean: 0.000847043760587
        dmean2: 0.00145576591603
        dvar: 3.59626233148e-006
        dvar2: 9.92979857983e-006
        max: 0.0216535404325
        mean: 0.00172691023909
        median: 0.00136835081503
        min: 1.71429673098e-022
        var: 3.66480321645e-006
    spectral_flatness_db:
        dmean: 0.0129041224718
        dmean2: 0.0210347212851
        dvar: 0.000181564173545
        dvar2: 0.00044404680375
        max: 0.599025607109
        mean: 0.141226515174
        median: 0.129773035645
        min: 0.0557365007699
        var: 0.00187866785564
    spectral_flux:
        dmean: 0.00658333022147
        dmean2: 0.010753467679
        dvar: 9.94372312562e-005
        dvar2: 0.000211425431189
        max: 0.140786826611
        mean: 0.0394196994603
        median: 0.0396671444178
        min: 6.32675994927e-011
        var: 0.000338235229719
    spectral_kurtosis:
        dmean: 1.1187633276
        dmean2: 1.95930850506
        dvar: 1.67786729336
        dvar2: 5.1756978035
        max: 19.0031890869
        mean: 3.32756876945
        median: 3.00604128838
        min: -1.26517808437
        var: 3.51514291763
    spectral_rms:
        dmean: 0.000261971261352
        dmean2: 0.000442939141067
        dvar: 1.46233332998e-007
        dvar2: 3.9430653942e-007
        max: 0.00527815753594
        mean: 0.00197674357332
        median: 0.00207197712734
        min: 3.11657991081e-012
        var: 6.14319105807e-007
    spectral_rolloff:
        dmean: 330.746612549
        dmean2: 562.576721191
        dvar: 222738.65625
        dvar2: 580867.375
        max: 19745.9472656
        mean: 3574.28466797
        median: 3639.11132813
        min: 172.265625
        var: 3111308.25
    spectral_skewness:
        dmean: 0.164172887802
        dmean2: 0.280459463596
        dvar: 0.0251304507256
        dvar2: 0.071794487536
        max: 3.47909235954
        mean: 1.16746747494
        median: 1.2016479969
        min: -0.119989596307
        var: 0.159051716328
    spectral_spread:
        dmean: 322463.71875
        dmean2: 495548.78125
        dvar: 250294108160
        dvar2: 482130919424
        max: 43174032
        mean: 4455938
        median: 4054592
        min: 1794531.375
        var: 1.50738640568e+013
    spectral_strongpeak:
        dmean: 0.361338853836
        dmean2: 0.639323890209
        dvar: 0.296867609024
        dvar2: 0.816903352737
        max: 5.3536272049
        mean: 0.470038354397
        median: 0.225822269917
        min: 0
        var: 0.358166486025
    zerocrossingrate:
        dmean: 0.00715371081606
        dmean2: 0.00945279095322
        dvar: 4.95032873005e-005
        dvar2: 7.56840818212e-005
        max: 0.53515625
        mean: 0.106825813651
        median: 0.10400390625
        min: 0.01806640625
        var: 0.00239440356381
    barkbands:
        dmean: [4.61643082872e-007, 6.38219280518e-005, 0.000139459298225, 0.000245568779064, 0.000510372279678, 0.000146433536429, 0.000110907021735, 0.000101917277789, 9.33650007937e-005, 8.65668844199e-005, 7.86909513408e-005, 8.63937093527e-005, 9.26791180973e-005, 7.55604851292e-005, 5.85109519307e-005, 8.00689085736e-005, 0.000114979317004, 0.000116401999549, 0.000216130065382, 0.00019968576089, 8.50516080391e-005, 2.20189522224e-005, 3.48869139088e-006, 1.70220369e-006, 6.17963394234e-007, 2.29536620822e-008, 2.88760293454e-010]
        dmean2: [7.4048392662e-007, 0.000107062653115, 0.000237142594415, 0.000412876572227, 0.000893637014087, 0.000250418612268, 0.000185317214346, 0.000167713529663, 0.000155601112056, 0.000144841324072, 0.000129103442305, 0.000142469143611, 0.00015418685507, 0.000128292056615, 9.75465445663e-005, 0.00013480859343, 0.000194526743144, 0.000200071808649, 0.000369146437151, 0.00035055342596, 0.000151017011376, 3.91402063542e-005, 5.9367312133e-006, 2.71332078228e-006, 1.02156741377e-006, 3.63940593218e-008, 4.99758789907e-010]
        dvar: [9.60625025706e-013, 1.38485631851e-008, 1.13385226541e-007, 1.61729232673e-007, 2.23477468353e-006, 6.74489797348e-008, 5.04030417403e-008, 3.49839304192e-008, 2.85039671866e-008, 2.73512750226e-008, 2.26417515847e-008, 3.26623528224e-008, 2.92178814476e-008, 2.68908024736e-008, 1.23751773273e-008, 1.26124666266e-008, 2.90416828364e-008, 2.94104474108e-008, 6.27182430435e-008, 9.84150005934e-008, 2.15683986227e-008, 1.75498104937e-009, 3.98095202636e-011, 1.11289640697e-011, 2.69251049408e-012, 3.95741289199e-015, 2.77182820743e-019]
        dvar2: [2.39248508158e-012, 3.78628897124e-008, 3.13343718972e-007, 4.47417193072e-007, 6.18787089479e-006, 1.90794267496e-007, 1.31828883809e-007, 9.09578901087e-008, 7.3212483187e-008, 7.19962756079e-008, 5.71201788091e-008, 8.21696701792e-008, 8.05175872642e-008, 7.70196635358e-008, 3.30378746582e-008, 3.34863834439e-008, 8.00716577487e-008, 7.92602747879e-008, 1.73009638615e-007, 2.807384476e-007, 6.15483912725e-008, 4.96918861614e-009, 1.0311323323e-010, 2.48836055927e-011, 6.68742882251e-012, 9.13454729879e-015, 7.21392742508e-019]
        max: [1.07998148451e-005, 0.00205658259802, 0.00583495851606, 0.00636818213388, 0.016713552177, 0.00467549869791, 0.00487714866176, 0.00457168323919, 0.00416408246383, 0.00443665217608, 0.00367853045464, 0.0049331234768, 0.00321652111597, 0.00377655192278, 0.00302944588475, 0.00288231717423, 0.00349752721377, 0.00300195696764, 0.00471513718367, 0.00663248728961, 0.00206997338682, 0.000694476533681, 0.000144035977428, 9.26627326407e-005, 4.84998563479e-005, 2.24007067118e-006, 1.67716667221e-008]
        mean: [8.23702066555e-007, 0.000101894234831, 0.00019191467436, 0.000370600755559, 0.000568377494346, 0.000233599203057, 0.000171097140992, 0.000160152834724, 0.000159813891514, 0.000146545848111, 0.000133325505885, 0.000153680186486, 0.000173403721419, 0.00013947604748, 0.000115274917334, 0.000169493883732, 0.000248738651862, 0.000220765869017, 0.000542443420272, 0.000422045442974, 0.000161409247085, 3.74842456949e-005, 7.2062352956e-006, 4.12336157751e-006, 1.1786688674e-006, 4.35569518231e-008, 4.10866285439e-010]
        median: [5.28420173396e-007, 6.55626645312e-005, 0.000110163717181, 0.000199882822926, 0.000274361664196, 0.000138373608934, 7.49832470319e-005, 7.11509783287e-005, 8.88916692929e-005, 7.22390104784e-005, 6.0577171098e-005, 6.12781004747e-005, 7.60189504945e-005, 6.09111411904e-005, 6.22966399533e-005, 0.000121191784274, 0.000171076884726, 0.000159569361131, 0.000487355631776, 0.000363925122656, 0.000126341881696, 2.55574777839e-005, 4.53653501609e-006, 2.33053924603e-006, 5.44623048881e-007, 1.82875332655e-008, 2.08769820875e-010]
        min: [8.33786657033e-026, 9.11195580858e-025, 1.70288050951e-024, 8.9072700695e-025, 4.26189203794e-024, 6.07449008316e-024, 9.21134261909e-024, 1.04671042617e-023, 1.46685214338e-023, 8.38467082182e-024, 1.02081362149e-023, 2.08831660674e-023, 1.63638103404e-023, 2.99176697374e-023, 2.05733519909e-023, 4.59978041185e-023, 4.96020843509e-023, 6.65238575873e-023, 9.42548301389e-023, 1.75585821487e-022, 2.03783484151e-022, 3.18154696513e-022, 3.7985982566e-022, 5.75044006502e-022, 8.40178011045e-022, 1.23310031307e-021, 1.92311959744e-021]
        var: [1.3115038569e-012, 1.85171309397e-008, 1.12497694715e-007, 2.58425188804e-007, 1.60658657933e-006, 9.83856267567e-008, 8.99897614204e-008, 7.31553200239e-008, 5.41062448178e-008, 5.45740945768e-008, 4.85737530198e-008, 7.64850014434e-008, 6.68106352464e-008, 6.09705423926e-008, 3.38726025007e-008, 3.44133610497e-008, 7.28643883008e-008, 5.28328030214e-008, 1.53032559069e-007, 1.22463347907e-007, 2.4505686369e-008, 1.9407477847e-009, 8.1482813552e-011, 3.69046355975e-011, 4.88062845347e-012, 8.29760759614e-015, 4.58549795617e-019]
    frequency_bands:
        dmean: [4.61643082872e-007, 6.38219280518e-005, 0.000139459298225, 0.000245568779064, 0.000510372279678, 0.000146433536429, 0.000110907021735, 0.000101917277789, 9.33650007937e-005, 8.65668844199e-005, 7.86909513408e-005, 8.63937093527e-005, 9.26791180973e-005, 7.55604851292e-005, 5.85109519307e-005, 8.00689085736e-005, 0.000114979317004, 0.000116401999549, 0.000216130065382, 0.00019968576089, 8.50516080391e-005, 2.20189522224e-005, 3.48869139088e-006, 1.70220369e-006, 6.17963394234e-007, 2.29536620822e-008, 2.88760293454e-010, 5.36631884762e-011]
        dmean2: [7.4048392662e-007, 0.000107062653115, 0.000237142594415, 0.000412876572227, 0.000893637014087, 0.000250418612268, 0.000185317214346, 0.000167713529663, 0.000155601112056, 0.000144841324072, 0.000129103442305, 0.000142469143611, 0.00015418685507, 0.000128292056615, 9.75465445663e-005, 0.00013480859343, 0.000194526743144, 0.000200071808649, 0.000369146437151, 0.00035055342596, 0.000151017011376, 3.91402063542e-005, 5.9367312133e-006, 2.71332078228e-006, 1.02156741377e-006, 3.63940593218e-008, 4.99758789907e-010, 9.9405768339e-011]
        dvar: [9.60625025706e-013, 1.38485631851e-008, 1.13385226541e-007, 1.61729232673e-007, 2.23477468353e-006, 6.74489797348e-008, 5.04030417403e-008, 3.49839304192e-008, 2.85039671866e-008, 2.73512750226e-008, 2.26417515847e-008, 3.26623528224e-008, 2.92178814476e-008, 2.68908024736e-008, 1.23751773273e-008, 1.26124666266e-008, 2.90416828364e-008, 2.94104474108e-008, 6.27182430435e-008, 9.84150005934e-008, 2.15683986227e-008, 1.75498104937e-009, 3.98095202636e-011, 1.11289640697e-011, 2.69251049408e-012, 3.95741289199e-015, 2.77182820743e-019, 6.7161455613e-021]
        dvar2: [2.39248508158e-012, 3.78628897124e-008, 3.13343718972e-007, 4.47417193072e-007, 6.18787089479e-006, 1.90794267496e-007, 1.31828883809e-007, 9.09578901087e-008, 7.3212483187e-008, 7.19962756079e-008, 5.71201788091e-008, 8.21696701792e-008, 8.05175872642e-008, 7.70196635358e-008, 3.30378746582e-008, 3.34863834439e-008, 8.00716577487e-008, 7.92602747879e-008, 1.73009638615e-007, 2.807384476e-007, 6.15483912725e-008, 4.96918861614e-009, 1.0311323323e-010, 2.48836055927e-011, 6.68742882251e-012, 9.13454729879e-015, 7.21392742508e-019, 2.1289540013e-020]
        max: [1.07998148451e-005, 0.00205658259802, 0.00583495851606, 0.00636818213388, 0.016713552177, 0.00467549869791, 0.00487714866176, 0.00457168323919, 0.00416408246383, 0.00443665217608, 0.00367853045464, 0.0049331234768, 0.00321652111597, 0.00377655192278, 0.00302944588475, 0.00288231717423, 0.00349752721377, 0.00300195696764, 0.00471513718367, 0.00663248728961, 0.00206997338682, 0.000694476533681, 0.000144035977428, 9.26627326407e-005, 4.84998563479e-005, 2.24007067118e-006, 1.67716667221e-008, 1.08020059564e-009]
        mean: [8.23702066555e-007, 0.000101894234831, 0.00019191467436, 0.000370600755559, 0.000568377494346, 0.000233599203057, 0.000171097140992, 0.000160152834724, 0.000159813891514, 0.000146545848111, 0.000133325505885, 0.000153680186486, 0.000173403721419, 0.00013947604748, 0.000115274917334, 0.000169493883732, 0.000248738651862, 0.000220765869017, 0.000542443420272, 0.000422045442974, 0.000161409247085, 3.74842456949e-005, 7.2062352956e-006, 4.12336157751e-006, 1.1786688674e-006, 4.35569518231e-008, 4.10866285439e-010, 4.19144059738e-011]
        median: [5.28420173396e-007, 6.55626645312e-005, 0.000110163717181, 0.000199882822926, 0.000274361664196, 0.000138373608934, 7.49832470319e-005, 7.11509783287e-005, 8.88916692929e-005, 7.22390104784e-005, 6.0577171098e-005, 6.12781004747e-005, 7.60189504945e-005, 6.09111411904e-005, 6.22966399533e-005, 0.000121191784274, 0.000171076884726, 0.000159569361131, 0.000487355631776, 0.000363925122656, 0.000126341881696, 2.55574777839e-005, 4.53653501609e-006, 2.33053924603e-006, 5.44623048881e-007, 1.82875332655e-008, 2.08769820875e-010, 1.32329893571e-011]
        min: [8.33786657033e-026, 9.11195580858e-025, 1.70288050951e-024, 8.9072700695e-025, 4.26189203794e-024, 6.07449008316e-024, 9.21134261909e-024, 1.04671042617e-023, 1.46685214338e-023, 8.38467082182e-024, 1.02081362149e-023, 2.08831660674e-023, 1.63638103404e-023, 2.99176697374e-023, 2.05733519909e-023, 4.59978041185e-023, 4.96020843509e-023, 6.65238575873e-023, 9.42548301389e-023, 1.75585821487e-022, 2.03783484151e-022, 3.18154696513e-022, 3.7985982566e-022, 5.75044006502e-022, 8.40178011045e-022, 1.23310031307e-021, 1.92311959744e-021, 4.82258212074e-022]
        var: [1.3115038569e-012, 1.85171309397e-008, 1.12497694715e-007, 2.58425188804e-007, 1.60658657933e-006, 9.83856267567e-008, 8.99897614204e-008, 7.31553200239e-008, 5.41062448178e-008, 5.45740945768e-008, 4.85737530198e-008, 7.64850014434e-008, 6.68106352464e-008, 6.09705423926e-008, 3.38726025007e-008, 3.44133610497e-008, 7.28643883008e-008, 5.28328030214e-008, 1.53032559069e-007, 1.22463347907e-007, 2.4505686369e-008, 1.9407477847e-009, 8.1482813552e-011, 3.69046355975e-011, 4.88062845347e-012, 8.29760759614e-015, 4.58549795617e-019, 5.31716908018e-021]
    mfcc:
        mean: [-713.678527832, 106.791427612, -53.3750724792, 55.6357841492, -16.7812347412, -1.47492110729, 7.25632953644, -6.678378582, -2.95346832275, -2.78832483292, -6.74415636063, -3.87088942528, -4.16463565826]
        cov: [[7997.06835938, 806.398132324, -226.314025879, 374.09664917, -223.50340271, 40.4115600586, -65.6557693481, 101.193214417, -149.681533813, 35.4297294617, -64.5567321777, 146.481155396, -82.2869110107], [806.398132324, 889.947143555, -160.423492432, 110.426818848, -54.7044219971, 2.56744265556, 44.3115577698, 23.8187351227, 51.3381881714, 10.5565385818, 36.8743209839, 8.59414100647, 0.45462295413], [-226.314025879, -160.423492432, 458.098693848, -107.3800354, 103.860443115, 40.1109886169, -27.7878952026, 56.3879585266, 1.60560262203, 33.449634552, 19.0382785797, 28.8797206879, -7.48581266403], [374.09664917, 110.426818848, -107.3800354, 271.450592041, -15.933473587, 1.1255685091, 0.166295394301, -40.7038955688, 6.11252880096, -19.5933685303, -27.300951004, -35.5195541382, 7.43173503876], [-223.50340271, -54.7044219971, 103.860443115, -15.933473587, 127.208114624, 43.4136009216, -11.6991949081, -6.07000780106, 11.1993217468, 24.0244426727, 4.68870067596, -0.368101298809, -12.8512706757], [40.4115600586, 2.56744265556, 40.1109886169, 1.1255685091, 43.4136009216, 90.6711730957, 28.7631835938, 19.325050354, 3.87728500366, 12.2902164459, 14.2532329559, 0.632893383503, -11.483250618], [-65.6557693481, 44.3115577698, -27.7878952026, 0.166295394301, -11.6991949081, 28.7631835938, 104.972709656, 42.3920516968, 13.4137744904, -9.14812660217, 3.40145611763, 4.06775856018, -6.99404907227], [101.193214417, 23.8187351227, 56.3879585266, -40.7038955688, -6.07000780106, 19.325050354, 42.3920516968, 97.1436691284, 30.1612930298, 8.53294563293, 8.49509239197, 17.7781734467, -0.407074689865], [-149.681533813, 51.3381881714, 1.60560262203, 6.11252880096, 11.1993217468, 3.87728500366, 13.4137744904, 30.1612930298, 74.3076248169, 28.6563606262, 13.5204486847, -8.22554397583, -1.31525921822], [35.4297294617, 10.5565385818, 33.449634552, -19.5933685303, 24.0244426727, 12.2902164459, -9.14812660217, 8.53294563293, 28.6563606262, 65.5417709351, 23.8635730743, 13.4146385193, -6.93999671936], [-64.5567321777, 36.8743209839, 19.0382785797, -27.300951004, 4.68870067596, 14.2532329559, 3.40145611763, 8.49509239197, 13.5204486847, 23.8635730743, 59.1440887451, 21.6095199585, 1.58077478409], [146.481155396, 8.59414100647, 28.8797206879, -35.5195541382, -0.368101298809, 0.632893383503, 4.06775856018, 17.7781734467, -8.22554397583, 13.4146385193, 21.6095199585, 60.9434623718, 17.0470428467], [-82.2869110107, 0.45462295413, -7.48581266403, 7.43173503876, -12.8512706757, -11.483250618, -6.99404907227, -0.407074689865, -1.31525921822, -6.93999671936, 1.58077478409, 17.0470428467, 59.7413825989]]
        icov: [[0.00023454996699, -0.000185501092346, 7.52257619752e-005, -0.000410966633353, 0.000424752361141, -0.000340715865605, 0.000570027681533, -0.000654429022688, 0.00074952171417, -0.000483121461002, 0.000578562787268, -0.000835092389025, 0.000656542601064], [-0.000185501092346, 0.00152946170419, 0.000326232868247, -0.000260436238023, -4.40190051449e-005, 0.000246197800152, -0.000582346867304, 0.000174785134732, -0.00131201231852, 0.000496975262649, -0.00138657295611, 0.000171794745256, -0.00020648589998], [7.52257619752e-005, 0.000326232868247, 0.00361128849909, 0.000363286497304, -0.00255507836118, -0.000169934050064, 0.00176445790567, -0.0032738505397, 0.00146011577453, -0.000536605424713, -0.000446633785032, -0.000494446896482, 0.000233125552768], [-0.000410966633353, -0.000260436238023, 0.000363286497304, 0.00568945240229, -0.000388631829992, -0.000785685493611, -0.00107078102883, 0.00333509757183, -0.00265288027003, 0.00142508454155, 0.00107208685949, 0.00286480784416, -0.00230226106942], [0.000424752361141, -4.40190051449e-005, -0.00255507836118, -0.000388631829992, 0.0141744427383, -0.00699209002778, 0.00196293159388, 0.003547671251, -0.00259025674313, -0.0024223937653, 0.00362532399595, -0.00288444804028, 0.00266140233725], [-0.000340715865605, 0.000246197800152, -0.000169934050064, -0.000785685493611, -0.00699209002778, 0.0178157389164, -0.00550449406728, -0.00276997475885, 0.0035570601467, -0.00162292295136, -0.00556166656315, 0.00425228103995, -0.000314089091262], [0.000570027681533, -0.000582346867304, 0.00176445790567, -0.00107078102883, 0.00196293159388, -0.00550449406728, 0.0158325042576, -0.00730608683079, 8.6728738097e-005, 0.00262963655405, 0.00140123756137, -0.00368501059711, 0.00363365933299], [-0.000654429022688, 0.000174785134732, -0.0032738505397, 0.00333509757183, 0.003547671251, -0.00276997475885, -0.00730608683079, 0.0220067314804, -0.0117176976055, 0.00330143747851, 0.00210013566539, -0.00358055345714, -0.00111082487274], [0.00074952171417, -0.00131201231852, 0.00146011577453, -0.00265288027003, -0.00259025674313, 0.0035570601467, 8.6728738097e-005, -0.0117176976055, 0.0270463619381, -0.0123015753925, -0.00285471859388, 0.00721250334755, -0.00120395643171], [-0.000483121461002, 0.000496975262649, -0.000536605424713, 0.00142508454155, -0.0024223937653, -0.00162292295136, 0.00262963655405, 0.00330143747851, -0.0123015753925, 0.0261950865388, -0.00602997560054, -0.00507771084085, 0.00296421395615], [0.000578562787268, -0.00138657295611, -0.000446633785032, 0.00107208685949, 0.00362532399595, -0.00556166656315, 0.00140123756137, 0.00210013566539, -0.00285471859388, -0.00602997560054, 0.0263728555292, -0.00991939846426, 0.00187660590746], [-0.000835092389025, 0.000171794745256, -0.000494446896482, 0.00286480784416, -0.00288444804028, 0.00425228103995, -0.00368501059711, -0.00358055345714, 0.00721250334755, -0.00507771084085, -0.00991939846426, 0.0300936102867, -0.0105845611542], [0.000656542601064, -0.00020648589998, 0.000233125552768, -0.00230226106942, 0.00266140233725, -0.000314089091262, 0.00363365933299, -0.00111082487274, -0.00120395643171, 0.00296421395615, 0.00187660590746, -0.0105845611542, 0.0221787337214]]
    sccoeffs:
        dmean: [0.0545373149216, 0.0446504242718, 0.0349562577903, 0.0272212196141, 0.0182507168502, 0.0160876996815]
        dmean2: [0.0909683182836, 0.0752838104963, 0.059141214937, 0.0461923032999, 0.0310727413744, 0.0266607254744]
        dvar: [0.00222702138126, 0.00124014832545, 0.00075278035365, 0.000475749897305, 0.000202931696549, 0.000214187530219]
        dvar2: [0.00606339937076, 0.00354754459113, 0.00213543791324, 0.00132912164554, 0.00058038381394, 0.000555275939405]
        max: [-0.310151606798, -0.483325093985, -0.493571430445, -0.438688099384, -0.598893344402, -0.55274027586]
        mean: [-0.667940676212, -0.784471333027, -0.809337198734, -0.806634008884, -0.804520487785, -0.733637213707]
        median: [-0.671025514603, -0.788980007172, -0.812683999538, -0.811635077, -0.802881598473, -0.737476170063]
        min: [-0.985704660416, -0.990931808949, -0.994509577751, -0.992105066776, -0.975993990898, -0.964046657085]
        var: [0.00618209084496, 0.00374026130885, 0.00243379874155, 0.00216455268674, 0.00101818796247, 0.00231146859005]
    scvalleys:
        dmean: [0.356987953186, 0.344206184149, 0.2766097188, 0.227996557951, 0.201166257262, 0.23277541995]
        dmean2: [0.592658042908, 0.577456474304, 0.463333159685, 0.375604391098, 0.334219694138, 0.361661672592]
        dvar: [0.0932962968946, 0.0883028879762, 0.0573355704546, 0.0423326417804, 0.0510188154876, 0.102625623345]
        dvar2: [0.249291658401, 0.229940831661, 0.141691505909, 0.0993276238441, 0.118496119976, 0.225303426385]
        max: [-4.88192272186, -4.59187412262, -5.18654680252, -5.49918413162, -5.33538484573, -7.79983568192]
        mean: [-7.07365560532, -6.7729473114, -7.04115581512, -7.22385692596, -7.06524038315, -10.2272195816]
        median: [-6.49081039429, -6.34363460541, -6.64713764191, -6.83960342407, -6.61268138885, -9.61783981323]
        min: [-28.1457252502, -28.4150829315, -27.7252883911, -27.7254543304, -27.5457134247, -27.4869098663]
        var: [6.11668968201, 5.8478884697, 5.63077926636, 5.39694452286, 5.3898434639, 4.76593446732]

rhythm:
    beats_loudness:
        dmean: 0.00173548527528
        dmean2: 0.00309760333039
        dvar: 2.98680561173e-006
        dvar2: 9.01107159734e-006
        max: 0.0126342242584
        mean: 0.00491644442081
        median: 0.00511879706755
        min: 0
        var: 7.4432805377e-006
    bpm: 97.8179397583
    bpm_confidence: 0
    first_peak_bpm: 98
    first_peak_spread: 0.202166050673
    first_peak_weight: 0.40255010128
    onset_rate: 2.00111413002
    second_peak_bpm: 103
    second_peak_spread: 0.249999970198
    second_peak_weight: 0.218579232693
    beats_loudness_band_ratio:
        dmean: [0.122846215963, 0.138237670064, 0.0641415044665, 0.063749499619, 0.0807691812515, 0.105023048818]
        dmean2: [0.214838072658, 0.237580344081, 0.111693106592, 0.106918998063, 0.144036710262, 0.180378779769]
        dvar: [0.0114050852135, 0.0154655734077, 0.00468466011807, 0.00380558823235, 0.00684906030074, 0.0095282997936]
        dvar2: [0.0305235758424, 0.043223246932, 0.0145102906972, 0.0111406650394, 0.0181797165424, 0.024873578921]
        max: [0.890345454216, 0.6025416255, 0.570310533047, 0.511997997761, 0.911837518215, 0.894191980362]
        mean: [0.220601081848, 0.168034493923, 0.1076008901, 0.117171287537, 0.191616803408, 0.263227313757]
        median: [0.178022161126, 0.118140488863, 0.0878861248493, 0.0932503640652, 0.176891744137, 0.225682750344]
        min: [0, 0, 0, 0, 0, 0]
        var: [0.0258956812322, 0.0185170993209, 0.00603977870196, 0.00659857923165, 0.0106584336609, 0.0237011332065]
    beats_position: [0.638548731804, 1.26548755169, 1.89242625237, 2.53097510338, 3.15791368484, 3.7732424736, 4.38857126236, 5.00390005112, 5.61922883987, 6.23455762863, 6.84988641739, 7.46521520615, 8.08054447174, 8.6958732605, 9.31120204926, 9.92653083801, 10.5418596268, 11.1571884155, 11.7725172043, 12.387845993, 13.0031747818, 13.6185035706, 14.2338323593, 14.8491611481, 15.4644899368, 16.0798187256, 16.6951465607, 17.3104763031, 17.9258041382, 18.5411338806, 19.1564617157, 19.7717914581, 20.3871192932, 21.0024490356, 21.6177768707, 22.2447166443, 22.8600444794, 23.4753742218, 24.0907020569, 24.7060317993, 25.3213596344, 25.9366893768, 26.5520172119, 27.1673469543, 27.7826747894, 28.3980045319, 29.0133323669, 29.6286621094, 30.2439899445, 30.8593196869, 31.474647522, 32.0899772644, 32.7053070068, 33.3206329346, 33.935962677, 34.5512924194, 35.1666221619, 35.7819480896, 36.397277832, 37.0126075745, 37.6279373169, 38.2432632446, 38.8585929871, 39.4739227295, 40.0892524719, 40.7045783997, 41.3199081421, 41.9352378845, 42.550567627, 43.1658935547, 43.7812232971, 44.3965530396, 45.011882782, 45.6272087097, 46.2425384521, 46.8578681946, 47.473197937, 48.0885238647, 48.6922454834, 49.3191833496, 49.9461212158, 50.5614509583, 51.1767807007, 51.7804985046, 52.3958282471, 53.0111541748, 53.6264839172, 54.2418136597, 54.8571434021, 55.4724693298, 56.0877990723, 56.7031288147, 57.3184585571, 57.9337844849, 58.5491142273, 59.1644439697, 59.7797737122, 60.3950996399, 61.0104293823, 61.6257591248, 62.2410888672, 62.8564147949, 63.4717445374, 64.0870742798, 64.7024002075, 65.3177337646, 65.9330596924, 66.5483856201, 67.1637191772, 67.779045105, 68.3943786621, 69.0097045898, 69.6250305176, 70.2403640747, 70.844078064, 71.4710159302, 72.0863494873, 72.701675415, 73.3170089722, 73.9323348999, 74.5476608276, 75.1629943848, 75.7783203125, 76.3936462402, 76.9973678589, 77.6126937866, 78.2280273438, 78.831741333, 79.4470748901, 80.0624008179, 80.6893386841, 81.3046722412, 81.9199981689, 82.5469360352, 83.1622695923, 83.7659835815, 84.3813171387, 84.9966430664, 85.6119689941, 86.2389068604, 86.8542404175, 87.4695663452, 88.0848999023, 88.7002258301, 89.3155517578, 89.9308853149, 90.5345993042, 91.1615371704, 91.7768707275, 92.3921966553, 93.0075302124, 93.6112442017, 94.2265777588, 94.8419036865, 95.4572296143, 96.0609512329, 96.6762771606, 97.2916107178, 97.9069366455, 98.5338745117, 99.1608123779, 99.7761459351, 100.391471863, 101.006797791, 101.622131348, 102.237457275, 102.852790833, 103.46811676, 104.083442688, 104.698776245, 105.314102173, 105.929428101, 106.533149719, 107.136871338, 107.752197266, 108.367523193, 108.98285675, 109.598182678, 110.225120544, 110.852058411, 111.490608215, 112.12915802, 112.767707825, 113.441085815, 114.114463806, 114.706573486, 115.298683167, 115.902404785, 116.471290588, 117.05178833, 117.632286072, 118.212783813, 118.781677246, 119.350563049, 119.907844543, 120.476730347, 121.045623779, 121.602897644, 122.160179138, 122.717460632, 123.274734497, 123.832015991, 124.389297485, 124.94657135, 125.503852844, 126.072738647, 126.64163208, 127.198905945, 127.756187439, 128.313461304, 128.870742798, 129.43963623, 130.008529663, 130.565795898, 131.123077393, 131.680358887, 132.249252319, 132.818145752, 133.375411987, 133.932693481, 134.489974976, 135.058868408, 135.627746582, 136.185028076, 136.765533447, 137.334411621, 137.914916992, 138.507034302, 139.087524414, 139.668029785, 140.248519897, 140.829025269, 141.409515381, 141.990020752, 142.582122803, 143.174240112, 143.754730225, 144.335235596, 144.915740967, 145.496231079, 146.07673645, 146.657226563, 147.237731934, 147.818222046, 148.398727417, 148.990829468, 149.582946777, 150.16343689, 150.743942261, 151.324447632, 151.904937744, 152.473831177, 153.054321289, 153.646438599, 154.226928711, 154.807434082, 155.399536133, 155.980041504, 156.572158813, 157.152648926, 157.733154297, 158.313644409, 158.89414978, 159.474639893, 160.055145264, 160.635650635, 161.216140747, 161.796646118, 162.37713623, 162.957641602, 163.549743652, 164.130249023, 164.710739136, 165.291244507, 165.871749878, 166.45223999, 167.0443573, 167.624847412, 168.205352783, 168.797454834, 169.389572144, 169.970062256, 170.550567627, 171.131057739, 171.71156311, 172.292053223, 172.872558594, 173.453063965, 174.033554077, 174.614059448, 175.194549561, 175.775054932, 176.355545044, 176.936050415, 177.516555786, 178.108657837, 178.67755127, 179.234832764, 179.792098999, 180.360992432, 180.929885864, 181.487167358, 182.044433594, 182.601715088, 183.158996582, 183.716278076, 184.27355957, 184.830841064, 185.399719238, 185.968612671, 186.525894165, 187.083175659, 187.640457153, 188.209335327, 188.766616821, 189.335510254, 189.892791748, 190.450057983, 191.007339478, 191.564620972, 192.121902466, 192.67918396, 193.236465454, 193.793731689, 194.362625122, 194.931518555, 195.512008667, 196.069290161, 196.649795532, 197.230285645, 197.810791016, 198.391296387, 198.971786499, 199.55229187, 200.132781982, 200.713287354, 201.293777466, 201.874282837, 202.466384888, 203.046890259, 203.63899231, 204.219497681, 204.800003052, 205.380493164, 205.960998535, 206.541488647, 207.121994019, 207.702484131, 208.282989502, 208.863494873, 209.443984985, 210.024490356, 210.604980469, 211.197097778, 211.777587891, 212.3697052, 212.961807251, 213.553924561, 214.134414673, 214.714920044, 215.295410156, 215.864303589, 216.433197021, 217.025299072, 217.617416382, 218.197906494, 218.778411865, 219.358901978, 219.939407349, 220.51991272, 221.100402832, 221.680908203, 222.261398315, 222.841903687, 223.434005737, 224.026123047, 224.606613159, 225.18711853, 225.767608643, 226.348114014, 226.928619385, 227.509109497, 228.101226807, 228.693328857, 229.273834229, 229.854324341, 230.434829712, 231.015319824, 231.595825195, 232.176315308, 232.756820679, 233.33732605, 233.894592285, 234.463485718, 235.020767212, 235.589660645, 236.14692688, 236.704208374, 237.261489868, 237.830383301, 238.399276733, 238.956542969, 239.513824463, 240.071105957, 240.628387451, 241.185668945, 241.754547119, 242.323440552, 242.880722046, 243.43800354, 243.995285034, 244.55255127, 245.121444702, 245.690338135, 246.247619629, 246.804885864, 247.362167358, 247.919448853, 248.476730347, 249.034011841, 249.602905273, 250.171783447, 250.729064941, 251.332778931, 251.936508179, 252.540222168, 253.143936157, 253.747665405, 254.362991333, 254.978317261, 255.593643188, 256.208984375, 256.824310303, 257.43963623, 258.054962158, 258.670288086, 259.285614014, 259.900939941, 260.516265869, 261.131591797, 261.746948242, 262.36227417, 262.977600098, 263.592926025, 264.208251953, 264.823577881, 265.438903809, 266.054229736, 266.669555664, 267.284881592, 267.90020752, 268.515563965, 269.130889893, 269.74621582, 270.361541748, 270.976867676, 271.592193604, 272.207519531, 272.822845459, 273.438171387, 274.053497314, 274.668823242, 275.284179688, 275.899505615, 276.514831543, 277.130157471, 277.745483398, 278.360809326, 278.976135254, 279.591461182, 280.19519043, 280.810516357, 281.437469482, 282.05279541, 282.679718018, 283.295043945, 283.910369873, 284.537322998, 285.152648926, 285.698303223, 286.255584717, 286.801269531, 287.346923828, 287.892608643, 288.461486816, 289.03036499, 289.599273682, 290.179779053, 290.748657227, 291.329162598, 291.909667969, 292.490142822, 293.082275391, 293.674377441, 294.336151123, 294.997894287, 295.648071289, 296.309844971, 296.971618652, 297.621765137, 298.283538818, 298.9453125, 299.607055664, 300.268829346, 300.930603027, 301.592376709, 302.17288208, 302.753387451, 303.333862305, 303.914367676, 304.494873047, 305.098602295, 305.713928223, 306.32925415, 306.956176758, 307.571502686, 308.198455811, 308.837005615, 309.47555542, 310.125701904, 310.775878906, 311.426025391, 312.064575195, 312.563812256, 313.074645996, 313.585479736, 314.096313477, 314.618774414, 315.141204834, 315.663665771, 316.197723389, 316.708557129, 317.219390869, 317.71862793, 318.22946167, 318.751922607, 319.274383545, 319.796813965, 320.319274902, 320.85333252, 321.387390137, 321.921447754, 322.455505371, 322.954742432, 323.453948975, 323.976409912, 324.49887085, 325.00970459, 325.53213501, 326.054595947]
