
metadata:
    version:
        essentia: "2.1-beta2"
    audio_properties:
        analysis_sample_rate: 44100
        bitrate: 279
        channels: 2
        equal_loudness: 1
        length: 239.151016235
        replay_gain: -13.1781272888
        downmix: "mix"
    tags:
        album: "L'Enfant Sauvage"
        artist: "Gojira"
        comment: ""
        date: "2012"
        genre: "Metal"
        title: "This Emptiness (Bonus)"
        tracknumber: "12/13"

configuration:
    average_loudness:
        compute: 1
        frameSize: 88200
        hopSize: 44100
        silentFrames: "noise"
        windowType: "hann"
    general:
        analysisSampleRate: 44100
        endTime: 2000
        equalLoudness: 1
        nequalLoudness: 0
        shortSound: 0
        startTime: 0
    lowlevel:
        compute: 1
        frameSize: 2048
        hopSize: 1024
        zeroPadding: 0
        silentFrames: "noise"
        windowType: "blackmanharris62"
        mfccStats: ["mean", "cov", "icov"]
        stats: ["mean", "var", "median", "min", "max", "dmean", "dmean2", "dvar", "dvar2"]
    panning:
        compute: 0
        frameSize: 8192
        hopSize: 2048
        zeroPadding: 8192
        silentFrames: "noise"
        windowType: "hann"
        stats: ["copy"]
    rhythm:
        compute: 1
        maxTempo: 208
        minTempo: 40
        method: "degara"
        stats: ["mean", "var", "median", "min", "max", "dmean", "dmean2", "dvar", "dvar2"]
    segmentation:
        compute: 0
        cpw: 5
        inc1: 300
        inc2: 50
        minimumSegmentsLength: 10
        size1: 1000
        size2: 600
    sfx:
        compute: 1
        stats: ["mean", "var", "median", "min", "max", "dmean", "dmean2", "dvar", "dvar2"]
    svm:
        compute: 0
    tonal:
        compute: 1
        frameSize: 4096
        hopSize: 2048
        zeroPadding: 0
        silentFrames: "noise"
        windowType: "blackmanharris62"
        stats: ["mean", "var", "median", "min", "max", "dmean", "dmean2", "dvar", "dvar2"]

lowlevel:
    average_loudness: 0.934207737446
    barkbands_kurtosis:
        dmean: 0.767358899117
        dmean2: 1.31638097763
        dvar: 1.46967601776
        dvar2: 3.77549767494
        max: 24.0629558563
        mean: -0.692159831524
        median: -1.06066679955
        min: -1.88974165916
        var: 2.18763756752
    barkbands_skewness:
        dmean: 0.455003321171
        dmean2: 0.729130089283
        dvar: 0.216086804867
        dvar2: 0.519561111927
        max: 3.60914516449
        mean: -0.266531348228
        median: -0.367942333221
        min: -3.64048099518
        var: 0.607982933521
    barkbands_spread:
        dmean: 5.91150569916
        dmean2: 9.74516296387
        dvar: 34.0605278015
        dvar2: 90.5013198853
        max: 66.962272644
        mean: 34.8606491089
        median: 35.2170219421
        min: 2.34028029442
        var: 93.6764526367
    dissonance:
        dmean: 0.00789635255933
        dmean2: 0.0136733725667
        dvar: 6.07476431469e-005
        dvar2: 0.000172160740476
        max: 0.5
        mean: 0.487260371447
        median: 0.489673674107
        min: 0.343637496233
        var: 9.61603727774e-005
    hfc:
        dmean: 3.56697630882
        dmean2: 6.27896642685
        dvar: 29.7424144745
        dvar2: 82.0391159058
        max: 45.6328163147
        mean: 9.42160320282
        median: 9.18525886536
        min: 1.07231922668e-016
        var: 34.959815979
    pitch:
        dmean: 721.687438965
        dmean2: 1373.06237793
        dvar: 1449674.5
        dvar2: 3737362.75
        max: 4355.06152344
        mean: 2567.19702148
        median: 3677.6965332
        min: 65.6896057129
        var: 2533114
    pitch_instantaneous_confidence:
        dmean: 0.0758984461427
        dmean2: 0.128667190671
        dvar: 0.00357593619265
        dvar2: 0.00996308960021
        max: 0.946670591831
        mean: 0.341006308794
        median: 0.329845428467
        min: 0.105423927307
        var: 0.0115162571892
    pitch_salience:
        dmean: 0.0558199211955
        dmean2: 0.0950733423233
        dvar: 0.00331584899686
        dvar2: 0.00936600100249
        max: 0.936259388924
        mean: 0.709121346474
        median: 0.728486418724
        min: 0.181290343404
        var: 0.0061391312629
    silence_rate_20dB:
        dmean: 0
        dmean2: 0
        dvar: 0
        dvar2: 0
        max: 1
        mean: 1
        median: 1
        min: 1
        var: 0
    silence_rate_30dB:
        dmean: 0
        dmean2: 0
        dvar: 0
        dvar2: 0
        max: 1
        mean: 1
        median: 1
        min: 1
        var: 0
    silence_rate_60dB:
        dmean: 0.0786407738924
        dmean2: 0.157296821475
        dvar: 0.0724559575319
        dvar2: 0.171789601445
        max: 1
        mean: 0.219978645444
        median: 0
        min: 0
        var: 0.171587944031
    spectral_centroid:
        dmean: 331.455444336
        dmean2: 534.263916016
        dvar: 122239.046875
        dvar2: 288368.6875
        max: 11316.3056641
        mean: 1972.88500977
        median: 1992.01074219
        min: 191.686752319
        var: 414169.09375
    spectral_complexity:
        dmean: 4.97631072998
        dmean2: 8.14855766296
        dvar: 26.6112499237
        dvar2: 65.2158432007
        max: 49
        mean: 20.0015525818
        median: 21
        min: 0
        var: 114.463623047
    spectral_crest:
        dmean: 1.86390185356
        dmean2: 3.20911383629
        dvar: 4.11714410782
        dvar2: 11.2386779785
        max: 20.66147995
        mean: 6.33001852036
        median: 5.65137958527
        min: 2.3417403698
        var: 6.76001358032
    spectral_decrease:
        dmean: 3.8368994093e-010
        dmean2: 6.67752242389e-010
        dvar: 4.53628329466e-019
        dvar2: 1.25767063233e-018
        max: 5.22024334576e-029
        mean: -1.07103348412e-009
        median: -9.41322353398e-010
        min: -6.7664673864e-009
        var: 5.13566250242e-019
    spectral_energy:
        dmean: 0.00173843035009
        dmean2: 0.003040028736
        dvar: 8.32226851344e-006
        dvar2: 2.300246706e-005
        max: 0.0280376002192
        mean: 0.00489689409733
        median: 0.00439551984891
        min: 1.02473404183e-020
        var: 9.76097180683e-006
    spectral_energyband_high:
        dmean: 0.000317381025525
        dmean2: 0.000571205047891
        dvar: 2.93044024602e-007
        dvar2: 8.20719606054e-007
        max: 0.00427761813626
        mean: 0.000527837139089
        median: 0.000444059056463
        min: 7.10051030022e-021
        var: 2.27584578738e-007
    spectral_energyband_low:
        dmean: 0.000272848410532
        dmean2: 0.000459257571492
        dvar: 2.41661666678e-007
        dvar2: 6.59234160594e-007
        max: 0.00958454888314
        mean: 0.000443816941697
        median: 0.000277411949355
        min: 2.88455604355e-023
        var: 3.45142836977e-007
    spectral_energyband_middle_high:
        dmean: 0.000816239684355
        dmean2: 0.00138358701952
        dvar: 1.06450841031e-006
        dvar2: 2.8809467949e-006
        max: 0.01154688932
        mean: 0.00259566679597
        median: 0.0023575804662
        min: 1.2995563791e-021
        var: 2.88817273031e-006
    spectral_energyband_middle_low:
        dmean: 0.00088459183462
        dmean2: 0.00153327942826
        dvar: 4.67627796752e-006
        dvar2: 1.29924492285e-005
        max: 0.0223115067929
        mean: 0.00148880900815
        median: 0.00101953081321
        min: 1.60524737624e-022
        var: 3.74580372409e-006
    spectral_flatness_db:
        dmean: 0.0135303679854
        dmean2: 0.0221394207329
        dvar: 0.000185393117135
        dvar2: 0.000460742623545
        max: 0.385907739401
        mean: 0.133715704083
        median: 0.123796619475
        min: 0.0545447356999
        var: 0.00132658926304
    spectral_flux:
        dmean: 0.00867155753076
        dmean2: 0.0141499005258
        dvar: 0.000155257352162
        dvar2: 0.000293136195978
        max: 0.144690841436
        mean: 0.0441419519484
        median: 0.0430918000638
        min: 6.25201349025e-011
        var: 0.000344729691278
    spectral_kurtosis:
        dmean: 1.09489071369
        dmean2: 1.87268006802
        dvar: 4.89562940598
        dvar2: 13.6813297272
        max: 92.5853424072
        mean: 3.5468108654
        median: 3.16655230522
        min: -1.25534760952
        var: 8.89679050446
    spectral_rms:
        dmean: 0.000345697830198
        dmean2: 0.000587036192883
        dvar: 2.20392223582e-007
        dvar2: 5.89460114497e-007
        max: 0.00523008173332
        mean: 0.00207167840563
        median: 0.00207082391717
        min: 3.16186746924e-012
        var: 4.85604914502e-007
    spectral_rolloff:
        dmean: 322.783721924
        dmean2: 538.110595703
        dvar: 227908.875
        dvar2: 558249.8125
        max: 19186.0839844
        mean: 3623.89086914
        median: 3725.24414063
        min: 193.798828125
        var: 684350.75
    spectral_skewness:
        dmean: 0.16157823801
        dmean2: 0.269512176514
        dvar: 0.0412335693836
        dvar2: 0.114705227315
        max: 7.18923616409
        mean: 1.22889208794
        median: 1.22200739384
        min: -0.0433923192322
        var: 0.164893239737
    spectral_spread:
        dmean: 386540.21875
        dmean2: 595093.0625
        dvar: 372039385088
        dvar2: 779178344448
        max: 41784632
        mean: 4339949.5
        median: 4200958.5
        min: 791717.125
        var: 2.68832210944e+012
    spectral_strongpeak:
        dmean: 0.44899135828
        dmean2: 0.803817510605
        dvar: 0.393668830395
        dvar2: 1.08584916592
        max: 6.10064744949
        mean: 0.516175210476
        median: 0.225859999657
        min: 0
        var: 0.412776738405
    zerocrossingrate:
        dmean: 0.00860773492604
        dmean2: 0.0108200833201
        dvar: 7.75731168687e-005
        dvar2: 0.000102413068817
        max: 0.52294921875
        mean: 0.109549060464
        median: 0.11083984375
        min: 0.013671875
        var: 0.000707911967766
    barkbands:
        dmean: [9.438649613e-007, 8.75091864145e-005, 0.000154519526404, 0.000203140705707, 0.000552534940653, 0.000167343401699, 9.42352999118e-005, 8.32793157315e-005, 0.000114841655886, 7.42812408134e-005, 6.86185594532e-005, 8.13112710603e-005, 0.000104755912616, 7.83308860264e-005, 8.36824110593e-005, 0.000112125999294, 0.000145281694131, 0.000176336499862, 0.000275184196653, 0.000314672710374, 0.00013258420222, 3.62657629012e-005, 5.21941547049e-006, 2.57573219642e-006, 1.11844985895e-006, 4.37153069299e-008, 4.91718998852e-010]
        dmean2: [1.46387037603e-006, 0.000148891791468, 0.000262381829089, 0.000343350082403, 0.000977459247224, 0.000289522577077, 0.000164458499057, 0.000139163661515, 0.00019220901595, 0.000126617494971, 0.000116048860946, 0.000135423892061, 0.000173552849446, 0.000130691143568, 0.000141155178426, 0.000190914885025, 0.000247174088145, 0.000312928546919, 0.000467995821964, 0.000555729784537, 0.000240300854784, 6.63733808324e-005, 9.1594110927e-006, 4.21358208769e-006, 1.8851784489e-006, 7.10539893589e-008, 8.18939083214e-010]
        dvar: [2.64756814562e-012, 2.20348397306e-008, 9.71881561895e-008, 1.36216726787e-007, 2.77925209957e-006, 1.18923040304e-007, 4.56632811563e-008, 2.18391225104e-008, 4.50472263935e-008, 1.63424473953e-008, 1.85112529749e-008, 3.99013373453e-008, 4.36914291413e-008, 1.69877321099e-008, 1.79766086461e-008, 2.03506864693e-008, 3.4778615543e-008, 7.81767397484e-008, 9.61372990105e-008, 2.16833001332e-007, 5.06925594834e-008, 4.61305615929e-009, 7.82476930472e-011, 2.63358189423e-011, 6.16195766287e-012, 1.89663162156e-014, 1.82983559794e-018]
        dvar2: [6.39806176789e-012, 5.90318371962e-008, 2.70076782272e-007, 3.63345407095e-007, 7.74722684582e-006, 3.26873049517e-007, 1.30224421468e-007, 5.7181836155e-008, 1.21115732554e-007, 4.54929001137e-008, 5.24799403934e-008, 1.05634015313e-007, 1.2027969376e-007, 4.56170035079e-008, 4.63849332277e-008, 5.54828822885e-008, 9.60861044064e-008, 2.16931013597e-007, 2.6318110713e-007, 6.04128956638e-007, 1.41658048847e-007, 1.2948405903e-008, 2.13526835102e-010, 6.22440987641e-011, 1.6585595744e-011, 4.95825169117e-014, 4.96045117302e-018]
        max: [1.5295954654e-005, 0.00199389923364, 0.00717577943578, 0.00654423469678, 0.0186960734427, 0.00489490758628, 0.00375409587286, 0.00316727976315, 0.00481273885816, 0.00262384070083, 0.00330876419321, 0.00493985787034, 0.00436721462756, 0.00261563900858, 0.00342303770594, 0.00282683363184, 0.00292337336577, 0.0037502006162, 0.0040670116432, 0.00463282223791, 0.00185896223411, 0.000590648967773, 0.000137712224387, 0.000107354149804, 4.41427400801e-005, 5.07227196067e-006, 5.16307707699e-008]
        mean: [1.26123632072e-006, 0.00011609273497, 0.000198236084543, 0.00025732233189, 0.00054408761207, 0.000218165572733, 0.000115915732749, 0.000128638886963, 0.000193438900169, 0.000128288331325, 0.000111814020784, 0.00014389383432, 0.000195173503016, 0.000148871942656, 0.000157346599735, 0.000231083133258, 0.000290589086944, 0.000268419942586, 0.000622757070232, 0.000574478937779, 0.000191875733435, 4.40906514996e-005, 8.35369701235e-006, 4.70233999295e-006, 1.92232641893e-006, 7.63489254041e-008, 8.09031897031e-010]
        median: [5.30442719082e-007, 6.46299886284e-005, 0.000105807666841, 0.000123296122183, 0.000228767908993, 0.000120836273709, 6.05522618571e-005, 6.39341160422e-005, 9.21698083403e-005, 7.82085844548e-005, 6.29505666438e-005, 5.37123560207e-005, 8.94330078154e-005, 8.88119757292e-005, 0.00010791215027, 0.000182204486919, 0.00021679890051, 0.000189025027794, 0.000598010607064, 0.000508463650476, 0.000145671292557, 2.7137593861e-005, 5.68846644455e-006, 2.91116657536e-006, 1.23899872051e-006, 4.01065527456e-008, 4.01305683129e-010]
        min: [1.6302660604e-024, 4.13944938696e-024, 4.18589909479e-024, 2.44372187371e-024, 1.16522462872e-023, 6.27632369564e-024, 2.02576356572e-023, 2.31358798668e-023, 2.42348088617e-023, 2.66856845206e-023, 2.72263603187e-023, 4.42481327188e-023, 4.42048652759e-023, 4.8990934875e-023, 5.54027742245e-023, 4.60004988674e-023, 1.33075811245e-022, 1.06373551179e-022, 1.41329101227e-022, 2.55012654072e-022, 2.10198690358e-022, 4.24858370203e-022, 4.86533459527e-022, 6.99236562378e-022, 9.55845668974e-022, 1.1716265158e-021, 2.10483599149e-021]
        var: [3.70389526341e-012, 2.72305555882e-008, 1.05545140627e-007, 1.83980105817e-007, 1.92848006009e-006, 1.17800418309e-007, 3.94967010209e-008, 3.53486946381e-008, 8.9333028086e-008, 3.2100331282e-008, 2.9111179245e-008, 8.9308187512e-008, 1.03959514774e-007, 4.02860571569e-008, 4.00632771402e-008, 4.70545664655e-008, 7.70743966427e-008, 7.93243941644e-008, 1.49709904917e-007, 2.03386420594e-007, 3.78839466464e-008, 3.27483085094e-009, 8.89076104404e-011, 4.81153311638e-011, 7.16458272917e-012, 2.01537225764e-014, 1.95943949709e-018]
    frequency_bands:
        dmean: [9.438649613e-007, 8.75091864145e-005, 0.000154519526404, 0.000203140705707, 0.000552534940653, 0.000167343401699, 9.42352999118e-005, 8.32793157315e-005, 0.000114841655886, 7.42812408134e-005, 6.86185594532e-005, 8.13112710603e-005, 0.000104755912616, 7.83308860264e-005, 8.36824110593e-005, 0.000112125999294, 0.000145281694131, 0.000176336499862, 0.000275184196653, 0.000314672710374, 0.00013258420222, 3.62657629012e-005, 5.21941547049e-006, 2.57573219642e-006, 1.11844985895e-006, 4.37153069299e-008, 4.91718998852e-010, 5.78181773292e-011]
        dmean2: [1.46387037603e-006, 0.000148891791468, 0.000262381829089, 0.000343350082403, 0.000977459247224, 0.000289522577077, 0.000164458499057, 0.000139163661515, 0.00019220901595, 0.000126617494971, 0.000116048860946, 0.000135423892061, 0.000173552849446, 0.000130691143568, 0.000141155178426, 0.000190914885025, 0.000247174088145, 0.000312928546919, 0.000467995821964, 0.000555729784537, 0.000240300854784, 6.63733808324e-005, 9.1594110927e-006, 4.21358208769e-006, 1.8851784489e-006, 7.10539893589e-008, 8.18939083214e-010, 1.07728582999e-010]
        dvar: [2.64756814562e-012, 2.20348397306e-008, 9.71881561895e-008, 1.36216726787e-007, 2.77925209957e-006, 1.18923040304e-007, 4.56632811563e-008, 2.18391225104e-008, 4.50472263935e-008, 1.63424473953e-008, 1.85112529749e-008, 3.99013373453e-008, 4.36914291413e-008, 1.69877321099e-008, 1.79766086461e-008, 2.03506864693e-008, 3.4778615543e-008, 7.81767397484e-008, 9.61372990105e-008, 2.16833001332e-007, 5.06925594834e-008, 4.61305615929e-009, 7.82476930472e-011, 2.63358189423e-011, 6.16195766287e-012, 1.89663162156e-014, 1.82983559794e-018, 8.02196688438e-021]
        dvar2: [6.39806176789e-012, 5.90318371962e-008, 2.70076782272e-007, 3.63345407095e-007, 7.74722684582e-006, 3.26873049517e-007, 1.30224421468e-007, 5.7181836155e-008, 1.21115732554e-007, 4.54929001137e-008, 5.24799403934e-008, 1.05634015313e-007, 1.2027969376e-007, 4.56170035079e-008, 4.63849332277e-008, 5.54828822885e-008, 9.60861044064e-008, 2.16931013597e-007, 2.6318110713e-007, 6.04128956638e-007, 1.41658048847e-007, 1.2948405903e-008, 2.13526835102e-010, 6.22440987641e-011, 1.6585595744e-011, 4.95825169117e-014, 4.96045117302e-018, 2.58708006718e-020]
        max: [1.5295954654e-005, 0.00199389923364, 0.00717577943578, 0.00654423469678, 0.0186960734427, 0.00489490758628, 0.00375409587286, 0.00316727976315, 0.00481273885816, 0.00262384070083, 0.00330876419321, 0.00493985787034, 0.00436721462756, 0.00261563900858, 0.00342303770594, 0.00282683363184, 0.00292337336577, 0.0037502006162, 0.0040670116432, 0.00463282223791, 0.00185896223411, 0.000590648967773, 0.000137712224387, 0.000107354149804, 4.41427400801e-005, 5.07227196067e-006, 5.16307707699e-008, 1.61382052166e-009]
        mean: [1.26123632072e-006, 0.00011609273497, 0.000198236084543, 0.00025732233189, 0.00054408761207, 0.000218165572733, 0.000115915732749, 0.000128638886963, 0.000193438900169, 0.000128288331325, 0.000111814020784, 0.00014389383432, 0.000195173503016, 0.000148871942656, 0.000157346599735, 0.000231083133258, 0.000290589086944, 0.000268419942586, 0.000622757070232, 0.000574478937779, 0.000191875733435, 4.40906514996e-005, 8.35369701235e-006, 4.70233999295e-006, 1.92232641893e-006, 7.63489254041e-008, 8.09031897031e-010, 4.36383394697e-011]
        median: [5.30442719082e-007, 6.46299886284e-005, 0.000105807666841, 0.000123296122183, 0.000228767908993, 0.000120836273709, 6.05522618571e-005, 6.39341160422e-005, 9.21698083403e-005, 7.82085844548e-005, 6.29505666438e-005, 5.37123560207e-005, 8.94330078154e-005, 8.88119757292e-005, 0.00010791215027, 0.000182204486919, 0.00021679890051, 0.000189025027794, 0.000598010607064, 0.000508463650476, 0.000145671292557, 2.7137593861e-005, 5.68846644455e-006, 2.91116657536e-006, 1.23899872051e-006, 4.01065527456e-008, 4.01305683129e-010, 1.53288787913e-011]
        min: [1.6302660604e-024, 4.13944938696e-024, 4.18589909479e-024, 2.44372187371e-024, 1.16522462872e-023, 6.27632369564e-024, 2.02576356572e-023, 2.31358798668e-023, 2.42348088617e-023, 2.66856845206e-023, 2.72263603187e-023, 4.42481327188e-023, 4.42048652759e-023, 4.8990934875e-023, 5.54027742245e-023, 4.60004988674e-023, 1.33075811245e-022, 1.06373551179e-022, 1.41329101227e-022, 2.55012654072e-022, 2.10198690358e-022, 4.24858370203e-022, 4.86533459527e-022, 6.99236562378e-022, 9.55845668974e-022, 1.1716265158e-021, 2.10483599149e-021, 5.79426589525e-022]
        var: [3.70389526341e-012, 2.72305555882e-008, 1.05545140627e-007, 1.83980105817e-007, 1.92848006009e-006, 1.17800418309e-007, 3.94967010209e-008, 3.53486946381e-008, 8.9333028086e-008, 3.2100331282e-008, 2.9111179245e-008, 8.9308187512e-008, 1.03959514774e-007, 4.02860571569e-008, 4.00632771402e-008, 4.70545664655e-008, 7.70743966427e-008, 7.93243941644e-008, 1.49709904917e-007, 2.03386420594e-007, 3.78839466464e-008, 3.27483085094e-009, 8.89076104404e-011, 4.81153311638e-011, 7.16458272917e-012, 2.01537225764e-014, 1.95943949709e-018, 5.89453226201e-021]
    mfcc:
        mean: [-698.001220703, 99.5285949707, -54.9514122009, 55.4321670532, -13.0412940979, -1.97368431091, 6.30461883545, -8.30407524109, -1.87473642826, -0.198616057634, -6.89405441284, -5.18574142456, -2.46270942688]
        cov: [[5242.68359375, 262.692138672, -269.25201416, 160.508270264, -85.3008804321, 150.315322876, 196.910675049, 189.45715332, 137.146759033, 144.415649414, -2.01017689705, 49.4700737, -62.7815704346], [262.692138672, 671.000671387, -193.342208862, 112.135993958, -28.112487793, -26.8616981506, -10.3300819397, -61.3047561646, -20.5621604919, -11.9909906387, -8.53225231171, -11.5727472305, 13.7998495102], [-269.25201416, -193.342208862, 313.104431152, 14.6631011963, 62.5820465088, 37.4716873169, 3.91151118279, 28.8468437195, 1.50645065308, -1.03507447243, -14.3366661072, -20.1656131744, -25.1579055786], [160.508270264, 112.135993958, 14.6631011963, 371.716339111, 5.66831541061, 64.8812561035, 22.2464065552, -39.310634613, 5.82336759567, 9.32566070557, -2.26432418823, -9.41599082947, 31.6323184967], [-85.3008804321, -28.112487793, 62.5820465088, 5.66831541061, 88.725112915, 38.1882476807, 10.0490055084, 15.4970006943, 13.9703063965, 16.3240966797, 2.65625882149, -5.02841615677, -16.5189285278], [150.315322876, -26.8616981506, 37.4716873169, 64.8812561035, 38.1882476807, 112.201202393, 67.1223678589, 58.2288780212, 32.0194244385, 26.9319267273, 9.77720832825, 0.150412991643, -13.1448440552], [196.910675049, -10.3300819397, 3.91151118279, 22.2464065552, 10.0490055084, 67.1223678589, 117.258346558, 68.8984680176, 37.3825149536, 22.5186672211, 5.62988948822, 14.2490882874, 2.31273818016], [189.45715332, -61.3047561646, 28.8468437195, -39.310634613, 15.4970006943, 58.2288780212, 68.8984680176, 123.600364685, 56.319229126, 30.3396987915, 12.9495859146, 3.02402806282, -23.7855758667], [137.146759033, -20.5621604919, 1.50645065308, 5.82336759567, 13.9703063965, 32.0194244385, 37.3825149536, 56.319229126, 75.5703659058, 48.6534538269, 15.4472417831, 4.35317611694, -8.01979732513], [144.415649414, -11.9909906387, -1.03507447243, 9.32566070557, 16.3240966797, 26.9319267273, 22.5186672211, 30.3396987915, 48.6534538269, 75.4898757935, 26.2266921997, 14.6502819061, -2.93613934517], [-2.01017689705, -8.53225231171, -14.3366661072, -2.26432418823, 2.65625882149, 9.77720832825, 5.62988948822, 12.9495859146, 15.4472417831, 26.2266921997, 51.0412788391, 28.4311466217, 5.50540065765], [49.4700737, -11.5727472305, -20.1656131744, -9.41599082947, -5.02841615677, 0.150412991643, 14.2490882874, 3.02402806282, 4.35317611694, 14.6502819061, 28.4311466217, 56.8198051453, 28.9119777679], [-62.7815704346, 13.7998495102, -25.1579055786, 31.6323184967, -16.5189285278, -13.1448440552, 2.31273818016, -23.7855758667, -8.01979732513, -2.93613934517, 5.50540065765, 28.9119777679, 59.3403091431]]
        icov: [[0.000259822292719, -5.50666045456e-005, 0.000209243531572, -0.000174218701432, 0.000358784454875, -0.000124991027405, -8.65487672854e-005, -0.000299195729895, 5.85023517488e-005, -0.000483241194161, 0.000685601204168, -0.000692703877576, 0.00068280135747], [-5.50666045456e-005, 0.00206589931622, 0.00132524268702, -0.000708407664206, -0.000581813917961, 0.000705325568561, -0.000459605245851, 0.00043484341586, 0.000394774338929, 7.05559159542e-006, -1.39420271807e-005, 0.000676142168231, 0.000312838179525], [0.000209243531572, 0.00132524268702, 0.00507162883878, -0.00095522677293, -0.00266466708854, 4.72981082567e-005, 0.000422625482315, -0.00157192733604, 0.00142669666093, -0.000415026326664, 0.00176247034688, -3.38169120369e-005, 0.00121993978973], [-0.000174218701432, -0.000708407664206, -0.00095522677293, 0.00451259734109, 0.000957723706961, -0.00429846858606, -4.29365209129e-005, 0.00358858285472, -0.00178892933764, 0.000432576111052, -0.00114032311831, 0.00271596619859, -0.00351340114139], [0.000358784454875, -0.000581813917961, -0.00266466708854, 0.000957723706961, 0.0167435165495, -0.00664807436988, 0.00138942338526, 0.00229145307094, -0.00182026810944, -0.00230416003615, 0.00123499135952, -0.00175690581091, 0.00330874114297], [-0.000124991027405, 0.000705325568561, 4.72981082567e-005, -0.00429846858606, -0.00664807436988, 0.0221603177488, -0.00821072701365, -0.00604815455154, 0.00322788627818, -0.00206846790388, -0.00251298071817, 0.0013762380695, 0.00286557455547], [-8.65487672854e-005, -0.000459605245851, 0.000422625482315, -4.29365209129e-005, 0.00138942338526, -0.00821072701365, 0.0181313883513, -0.00679921125993, -0.00198374432512, 0.000554884551093, 0.00445618713275, -0.00457315891981, -0.00307258125395], [-0.000299195729895, 0.00043484341586, -0.00157192733604, 0.00358858285472, 0.00229145307094, -0.00604815455154, -0.00679921125993, 0.0223203152418, -0.0121740447357, 0.00389146013185, -0.00315945944749, 0.000554510159418, 0.00408297311515], [5.85023517488e-005, 0.000394774338929, 0.00142669666093, -0.00178892933764, -0.00182026810944, 0.00322788627818, -0.00198374432512, -0.0121740447357, 0.0330726839602, -0.0171904731542, 5.55422884645e-005, 0.00373201654293, -0.00126987963449], [-0.000483241194161, 7.05559159542e-006, -0.000415026326664, 0.000432576111052, -0.00230416003615, -0.00206846790388, 0.000554884551093, 0.00389146013185, -0.0171904731542, 0.0281704831868, -0.00893212202936, -0.00183381966781, 0.000311886047712], [0.000685601204168, -1.39420271807e-005, 0.00176247034688, -0.00114032311831, 0.00123499135952, -0.00251298071817, 0.00445618713275, -0.00315945944749, 5.55422884645e-005, -0.00893212202936, 0.0356936715543, -0.0197732094675, 0.00631869304925], [-0.000692703877576, 0.000676142168231, -3.38169120369e-005, 0.00271596619859, -0.00175690581091, 0.0013762380695, -0.00457315891981, 0.000554510159418, 0.00373201654293, -0.00183381966781, -0.0197732094675, 0.0395706519485, -0.019167566672], [0.00068280135747, 0.000312838179525, 0.00121993978973, -0.00351340114139, 0.00330874114297, 0.00286557455547, -0.00307258125395, 0.00408297311515, -0.00126987963449, 0.000311886047712, 0.00631869304925, -0.019167566672, 0.0318003334105]]
    sccoeffs:
        dmean: [0.0592742338777, 0.0445760414004, 0.0350593626499, 0.0261993166059, 0.0185190960765, 0.0185667090118]
        dmean2: [0.0969835519791, 0.0753728151321, 0.0598269440234, 0.0444842912257, 0.0314295478165, 0.030840979889]
        dvar: [0.00269449362531, 0.00123474060092, 0.000747398880776, 0.000427152990596, 0.000212797604036, 0.000318281061482]
        dvar2: [0.00700617861003, 0.00340086687356, 0.00217626593076, 0.00122731598094, 0.000593517790549, 0.000813613820355]
        max: [-0.315759927034, -0.531042039394, -0.625164568424, -0.660836458206, -0.672190070152, -0.602894067764]
        mean: [-0.682529807091, -0.781996548176, -0.813254892826, -0.812154531479, -0.803190469742, -0.743996202946]
        median: [-0.693303823471, -0.789604306221, -0.815853476524, -0.815341830254, -0.803063929081, -0.749889075756]
        min: [-0.967472136021, -0.984301745892, -0.974247992039, -0.96917951107, -0.965788424015, -0.9655123353]
        var: [0.006371951662, 0.00338706048205, 0.0017379745841, 0.00128198589664, 0.000649516936392, 0.00180321198422]
    scvalleys:
        dmean: [0.375015497208, 0.365550905466, 0.28880700469, 0.244890272617, 0.239271655679, 0.308565616608]
        dmean2: [0.61507076025, 0.616252958775, 0.476890772581, 0.397886872292, 0.388089329004, 0.488297760487]
        dvar: [0.111635483801, 0.118079967797, 0.0728878751397, 0.0607175529003, 0.0818423107266, 0.174926355481]
        dvar2: [0.262147247791, 0.29618921876, 0.162004888058, 0.124200053513, 0.177674934268, 0.428241103888]
        max: [-5.09976530075, -4.45500040054, -4.96059989929, -5.42688035965, -5.35922718048, -7.74953985214]
        mean: [-6.78790521622, -6.61433601379, -6.79763412476, -6.84091329575, -6.71203804016, -9.77554988861]
        median: [-6.46535015106, -6.45266580582, -6.58620691299, -6.62364053726, -6.43903112411, -9.37778759003]
        min: [-27.9494552612, -28.1944942474, -27.5471134186, -27.4949512482, -27.4450492859, -27.3417758942]
        var: [2.29611229897, 1.83763468266, 1.92582261562, 1.75771164894, 1.76476061344, 2.17839741707]

rhythm:
    beats_loudness:
        dmean: 0.00132320541888
        dmean2: 0.00228766468354
        dvar: 1.52986649482e-006
        dvar2: 4.17731280322e-006
        max: 0.0119210062549
        mean: 0.00493239145726
        median: 0.00484889745712
        min: 9.57201332086e-012
        var: 4.60920546175e-006
    bpm: 139.947509766
    bpm_confidence: 0
    first_peak_bpm: 140
    first_peak_spread: 0.240875914693
    first_peak_weight: 0.208835348487
    onset_rate: 3.17372703552
    second_peak_bpm: 92
    second_peak_spread: 0.23287665844
    second_peak_weight: 0.224899590015
    beats_loudness_band_ratio:
        dmean: [0.15056681633, 0.152852445841, 0.045126337558, 0.0672394111753, 0.0788167640567, 0.107919968665]
        dmean2: [0.268718004227, 0.285556346178, 0.0786541551352, 0.114379703999, 0.136334776878, 0.191976726055]
        dvar: [0.0151139302179, 0.0188109558076, 0.00254326686263, 0.00606703385711, 0.0056511615403, 0.00840034242719]
        dvar2: [0.0452590696514, 0.0583953149617, 0.00720749143511, 0.0174689721316, 0.0167371127754, 0.0239135064185]
        max: [0.668503880501, 0.620805263519, 0.409109830856, 0.529939889908, 0.807330787182, 0.776687145233]
        mean: [0.205530583858, 0.165738120675, 0.0904575288296, 0.117636583745, 0.211524739861, 0.278665423393]
        median: [0.175494670868, 0.101758271456, 0.0719610229135, 0.0845458954573, 0.196529880166, 0.260367006063]
        min: [0, 0, 0, 0, 0, 0]
        var: [0.0223066322505, 0.0208763889968, 0.00436749076471, 0.00897291861475, 0.00862247217447, 0.0135424798355]
    beats_position: [0.417959183455, 0.847528338432, 1.27709746361, 1.70666658878, 2.13623571396, 2.55419492722, 2.96054410934, 3.40172338486, 3.83129239082, 4.26086139679, 4.69043064117, 5.10838985443, 5.52634906769, 5.94430828094, 6.37387752533, 6.80344676971, 7.23301553726, 7.66258478165, 8.09215450287, 8.52172279358, 8.95129203796, 9.38086128235, 9.81043052673, 10.2399997711, 10.6579589844, 11.0875282288, 11.5170974731, 11.9466667175, 12.3762359619, 12.8058052063, 13.235373497, 13.6649427414, 14.0945119858, 14.512471199, 14.9420404434, 15.3716096878, 15.8127889633, 16.2307472229, 16.6603164673, 17.0782756805, 17.4962348938, 17.9258041382, 18.3669834137, 18.8081626892, 19.2377319336, 19.667301178, 20.0968704224, 20.5264396667, 20.94439888, 21.3739681244, 21.8035373688, 22.2331066132, 22.6626758575, 23.0922451019, 23.5218143463, 23.9513835907, 24.3809528351, 24.8105201721, 25.2400894165, 25.6696586609, 26.0992279053, 26.5171871185, 26.9467563629, 27.3763256073, 27.8058948517, 28.2354640961, 28.6650333405, 29.0829925537, 29.500951767, 29.9189109802, 30.3484802246, 30.7896595001, 31.2888889313, 31.7881164551, 32.2873458862, 32.7749671936, 33.2625846863, 33.750202179, 34.2494316101, 34.7486610413, 35.2478904724, 35.7471199036, 36.2347373962, 36.7339668274, 37.2099761963, 37.6859855652, 38.1736030579, 38.6612243652, 39.1488418579, 39.6364631653, 40.1356925964, 40.6233100891, 41.1109275818, 41.6101570129, 42.0977783203, 42.585395813, 43.0730133057, 43.560634613, 44.0482521057, 44.5358734131, 45.0234909058, 45.5227203369, 46.0219497681, 46.5095672607, 46.9971885681, 47.4848060608, 47.9724235535, 48.4600448608, 48.9476623535, 49.4352836609, 49.9229011536, 50.3989105225, 50.8981399536, 51.3857574463, 51.8733787537, 52.5235366821, 53.1853065491, 53.8354644775, 54.4972343445, 55.1473922729, 55.7975502014, 56.4477081299, 57.0978660583, 57.7480278015, 58.39818573, 59.0483436584, 59.6985015869, 60.3486595154, 61.0104293823, 61.6721992493, 62.3339653015, 62.9725151062, 63.6226730347, 64.2728347778, 64.9229888916, 65.5731506348, 66.2233123779, 66.8734664917, 67.5352401733, 68.1853942871, 68.8471679688, 69.4973220825, 70.1474838257, 70.7976379395, 71.4477996826, 72.0979614258, 72.7481155396, 73.3982772827, 74.0484313965, 74.6985931396, 75.3487548828, 76.0105209351, 76.6722869873, 77.3224487305, 77.9726028442, 78.6227645874, 79.2729263306, 79.9230804443, 80.5732421875, 81.2233963013, 81.8735580444, 82.5237197876, 83.1854858398, 83.835647583, 84.4974136353, 85.1475753784, 85.7977294922, 86.4478912354, 87.0980453491, 87.7482070923, 88.3983688354, 89.0485229492, 89.6986846924, 90.3488388062, 90.9990005493, 91.6491622925, 92.3109283447, 92.9494781494, 93.6112442017, 94.2730178833, 94.9231719971, 95.5733337402, 96.2350997925, 96.8968658447, 97.5470275879, 98.1971893311, 98.8473434448, 99.497505188, 100.147659302, 100.797821045, 101.447982788, 102.098136902, 102.736686707, 103.38684845, 104.048614502, 104.698776245, 105.360542297, 106.010704041, 106.672470093, 107.322631836, 107.97278595, 108.622947693, 109.273101807, 109.92326355, 110.573425293, 111.223579407, 111.87374115, 112.523895264, 113.185668945, 113.835823059, 114.497596741, 115.147750854, 115.797912598, 116.448066711, 117.098228455, 117.748390198, 118.398544312, 119.048706055, 119.698867798, 120.349021912, 120.999183655, 121.649337769, 122.276275635, 122.90322113, 123.530158997, 124.157096863, 124.784034729, 125.410972595, 126.037910461, 126.664848328, 127.291786194, 127.91872406, 128.545669556, 129.172607422, 129.799545288, 130.426483154, 131.053421021, 131.691970825, 132.318908691, 132.957458496, 133.584396362, 134.211334229, 134.826660156, 135.453598022, 136.092147827, 136.719085693, 137.34602356, 137.972961426, 138.599899292, 139.226852417, 139.853790283, 140.503936768, 141.177322388, 141.827484131, 142.489242554, 143.151016235, 143.824401855, 144.497772217, 145.14793396, 145.798095703, 146.448257446, 147.098403931, 147.597640991, 148.096862793, 148.584487915, 148.909561157, 149.234649658, 149.571334839, 149.896408081, 150.209884644, 150.534957886, 150.871658325, 151.196731567, 151.533416748, 151.870117188, 152.19519043, 152.520263672, 152.833740234, 153.158813477, 153.483901978, 153.80897522, 154.134063721, 154.459136963, 154.784210205, 155.109298706, 155.434371948, 155.759460449, 156.084533691, 156.409606934, 156.734695435, 157.059768677, 157.384857178, 157.70993042, 158.035003662, 158.360092163, 158.696777344, 159.033462524, 159.358551025, 159.672012329, 159.99710083, 160.333786011, 160.658859253, 160.983947754, 161.309020996, 161.634094238, 161.959182739, 162.284255981, 162.620956421, 162.957641602, 163.282714844, 163.607803345, 163.932876587, 164.257949829, 164.571426392, 164.884887695, 165.209976196, 165.535049438, 165.860137939, 166.185211182, 166.521896362, 166.858596802, 167.183670044, 167.531967163, 167.880264282, 168.216964722, 168.553649902, 168.878723145, 169.215423584, 169.563720703, 169.900405884, 170.248703003, 170.597000122, 170.95690918, 171.316818237, 171.676727295, 172.036636353, 172.384933472, 172.73324585, 173.081542969, 173.429840088, 173.778137207, 174.126434326, 174.474731445, 174.823028564, 175.171340942, 175.54284668, 175.914367676, 176.285888672, 176.622589111, 176.959274292, 177.284347534, 177.609436035, 177.934509277, 178.25958252, 178.584671021, 178.909744263, 179.246429443, 179.583129883, 179.908203125, 180.233291626, 180.558364868, 180.88343811, 181.208526611, 181.533599854, 181.858688354, 182.183761597, 182.4972229, 182.810699463, 183.135772705, 183.449249268, 183.785934448, 184.111022949, 184.44770813, 184.784393311, 185.109481812, 185.434555054, 185.759628296, 186.084716797, 186.421401978, 186.74647522, 187.083175659, 187.408248901, 187.721725464, 188.046798706, 188.371871948, 188.696960449, 189.03364563, 189.358734131, 189.695419312, 190.032104492, 190.357177734, 190.670654297, 190.984130859, 191.309204102, 191.634277344, 191.959365845, 192.284439087, 192.609527588, 192.911376953, 193.306121826, 193.712463379, 194.130432129, 194.559997559, 194.989562988, 195.419128418, 195.848709106, 196.278274536, 196.707839966, 197.137405396, 197.555374146, 197.984939575, 198.414505005, 198.844070435, 199.273651123, 199.691604614, 200.121170044, 200.550750732, 200.980316162, 201.409881592, 201.85105896, 202.28062439, 202.710205078, 203.128158569, 203.557723999, 203.987304688, 204.416870117, 204.846435547, 205.276000977, 205.705581665, 206.123535156, 206.553100586, 206.982666016, 207.412246704, 207.841812134, 208.271377563, 208.700942993, 209.118911743, 209.548477173, 209.978042603, 210.407608032, 210.837188721, 211.26675415, 211.69631958, 212.12588501, 212.555465698, 212.985031128, 213.414596558, 213.844161987, 214.273742676, 214.703308105, 215.132873535, 215.550842285, 215.980407715, 216.409973145, 216.839538574, 217.269119263, 217.698684692, 218.128250122, 218.557815552, 218.987380981, 219.428573608, 219.869750977, 220.310928345, 220.752105713, 221.193283081, 221.622848511, 222.052429199, 222.493606567, 222.981216431, 223.468841553, 223.956451416, 224.478912354, 225.001358032, 225.523803711, 226.04624939, 226.568710327, 227.091156006, 227.625213623, 228.170883179, 228.704940796, 229.227386475, 229.738220215, 230.260681152, 230.771514893, 231.270736694, 231.769973755, 232.269195557, 232.768432617, 233.267654419, 233.766891479, 234.266113281, 234.765350342, 235.276184082, 235.775421143, 236.274642944, 236.773880005, 237.319549561, 237.853607178, 238.399276733]
    bpm_estimates: [139.674835205, 139.674835205, 139.674835205, 139.674835205, 143.554672241, 135.999130249, 139.674880981, 139.674880981, 139.674804688, 143.554672241, 143.554672241, 143.554672241, 139.674804688, 139.674804688, 139.674957275, 139.674804688, 139.6746521, 139.675109863, 139.674804688, 139.674804688, 139.674804688, 139.674804688, 143.554672241, 139.674804688, 139.674804688, 139.674804688, 139.674804688, 139.674804688, 139.675109863, 139.674804688, 139.674804688, 143.554672241, 139.674804688, 139.674804688, 135.999130249, 143.555007935, 139.674804688, 143.554672241, 143.554672241, 139.674804688, 135.999130249, 135.999130249, 139.674804688, 139.674804688, 139.674804688, 139.674804688, 143.554672241, 139.674804688, 139.674804688, 139.674804688, 139.674804688, 139.674804688, 139.674804688, 139.674804688, 139.674804688, 139.675430298, 139.674804688, 139.674804688, 139.674804688, 143.554672241, 139.674804688, 139.674804688, 139.674804688, 139.674804688, 139.674804688, 143.554672241, 143.554672241, 143.554672241, 139.674804688, 135.999130249, 143.55140686, 139.676040649, 139.676040649, 139.676040649, 139.671081543, 139.676040649, 139.676040649, 139.676040649, 143.55140686, 139.676040649, 139.676040649, 139.676040649, 139.671081543, 143.556640625, 139.676040649, 139.671081543, 139.676040649, 139.676040649, 135.999725342, 139.676040649, 139.671081543, 143.556640625, 139.676040649, 139.671081543, 139.676040649, 139.676040649, 139.676040649, 139.671081543, 143.556640625, 139.676040649, 139.676040649, 139.671081543, 139.676040649, 139.676040649, 139.676040649, 143.55140686, 139.676040649, 139.676040649, 139.676040649, 139.671081543, 139.676040649, 139.676040649, 139.676040649, 139.671081543, 139.676040649, 139.676040649, 139.676040649, 139.671081543, 139.676040649, 139.676040649, 143.55140686, 139.676040649, 139.676040649, 139.676040649, 139.671081543, 139.676040649, 139.676040649, 139.676040649, 139.676040649, 135.995025635, 135.999725342, 135.999725342, 135.999725342, 135.999725342, 139.676040649, 139.671081543, 135.999725342]
