
metadata:
    version:
        essentia: "2.1-beta2"
    audio_properties:
        analysis_sample_rate: 44100
        bitrate: 279
        channels: 2
        equal_loudness: 1
        length: 264.829376221
        replay_gain: -14.3341960907
        downmix: "mix"
    tags:
        album: "L'Enfant Sauvage"
        artist: "Gojira"
        comment: "Live at les Eurockéennes 2009."
        date: "2012"
        genre: "Metal"
        title: "The Heavest Matter of the Universe"
        tracknumber: "2/11"

configuration:
    average_loudness:
        compute: 1
        frameSize: 88200
        hopSize: 44100
        silentFrames: "noise"
        windowType: "hann"
    general:
        analysisSampleRate: 44100
        endTime: 2000
        equalLoudness: 1
        nequalLoudness: 0
        shortSound: 0
        startTime: 0
    lowlevel:
        compute: 1
        frameSize: 2048
        hopSize: 1024
        zeroPadding: 0
        silentFrames: "noise"
        windowType: "blackmanharris62"
        mfccStats: ["mean", "cov", "icov"]
        stats: ["mean", "var", "median", "min", "max", "dmean", "dmean2", "dvar", "dvar2"]
    panning:
        compute: 0
        frameSize: 8192
        hopSize: 2048
        zeroPadding: 8192
        silentFrames: "noise"
        windowType: "hann"
        stats: ["copy"]
    rhythm:
        compute: 1
        maxTempo: 208
        minTempo: 40
        method: "degara"
        stats: ["mean", "var", "median", "min", "max", "dmean", "dmean2", "dvar", "dvar2"]
    segmentation:
        compute: 0
        cpw: 5
        inc1: 300
        inc2: 50
        minimumSegmentsLength: 10
        size1: 1000
        size2: 600
    sfx:
        compute: 1
        stats: ["mean", "var", "median", "min", "max", "dmean", "dmean2", "dvar", "dvar2"]
    svm:
        compute: 0
    tonal:
        compute: 1
        frameSize: 4096
        hopSize: 2048
        zeroPadding: 0
        silentFrames: "noise"
        windowType: "blackmanharris62"
        stats: ["mean", "var", "median", "min", "max", "dmean", "dmean2", "dvar", "dvar2"]

lowlevel:
    average_loudness: 0.941189169884
    barkbands_kurtosis:
        dmean: 0.411252081394
        dmean2: 0.698877990246
        dvar: 0.295359551907
        dvar2: 0.855146884918
        max: 9.1463136673
        mean: -0.918563425541
        median: -1.11382830143
        min: -1.83246684074
        var: 0.547658503056
    barkbands_skewness:
        dmean: 0.319591760635
        dmean2: 0.521638393402
        dvar: 0.0806710645556
        dvar2: 0.211040630937
        max: 3.19579482079
        mean: 0.0827348828316
        median: 0.0341345705092
        min: -2.27924823761
        var: 0.296801030636
    barkbands_spread:
        dmean: 5.41157341003
        dmean2: 8.8898267746
        dvar: 23.0571975708
        dvar2: 61.8892936707
        max: 60.0509643555
        mean: 31.3457355499
        median: 31.5565319061
        min: 8.70936107635
        var: 68.8307266235
    dissonance:
        dmean: 0.0102673713118
        dmean2: 0.0177689157426
        dvar: 9.5564784715e-005
        dvar2: 0.000267054099822
        max: 0.500000119209
        mean: 0.484007686377
        median: 0.486733168364
        min: 0.310763001442
        var: 0.000141068099765
    hfc:
        dmean: 2.7450325489
        dmean2: 4.62665605545
        dvar: 10.5790472031
        dvar2: 26.7394447327
        max: 36.150554657
        mean: 8.15087890625
        median: 7.15230131149
        min: 5.06700052938e-005
        var: 23.3717021942
    pitch:
        dmean: 518.411254883
        dmean2: 979.455688477
        dvar: 910200.875
        dvar2: 2405457.5
        max: 4884.97363281
        mean: 579.470825195
        median: 267.138153076
        min: 65.8967056274
        var: 765126.125
    pitch_instantaneous_confidence:
        dmean: 0.0655929073691
        dmean2: 0.110296346247
        dvar: 0.00362303922884
        dvar2: 0.00932249426842
        max: 0.780562162399
        mean: 0.273122251034
        median: 0.24451905489
        min: 0.0641948580742
        var: 0.0110593354329
    pitch_salience:
        dmean: 0.0508451089263
        dmean2: 0.0862827897072
        dvar: 0.00194660015404
        dvar2: 0.00550601817667
        max: 0.952648282051
        mean: 0.701300144196
        median: 0.714420557022
        min: 0.265725851059
        var: 0.00483238883317
    silence_rate_20dB:
        dmean: 0
        dmean2: 0
        dvar: 0
        dvar2: 0
        max: 1
        mean: 1
        median: 1
        min: 1
        var: 0
    silence_rate_30dB:
        dmean: 0
        dmean2: 0
        dvar: 0
        dvar2: 0
        max: 1
        mean: 1
        median: 1
        min: 1
        var: 0
    silence_rate_60dB:
        dmean: 0.147992283106
        dmean2: 0.296010524035
        dvar: 0.126077651978
        dvar2: 0.266624718904
        max: 1
        mean: 0.263347059488
        median: 0
        min: 0
        var: 0.193982169032
    spectral_centroid:
        dmean: 236.781478882
        dmean2: 382.072692871
        dvar: 46605.5976563
        dvar2: 114242.4375
        max: 3428.80371094
        mean: 1596.37011719
        median: 1588.36157227
        min: 393.732147217
        var: 152506.15625
    spectral_complexity:
        dmean: 5.18078184128
        dmean2: 8.56142044067
        dvar: 25.5797748566
        dvar2: 63.154094696
        max: 50
        mean: 18.7137718201
        median: 18
        min: 0
        var: 77.9735641479
    spectral_crest:
        dmean: 1.92251884937
        dmean2: 3.28246974945
        dvar: 3.98322081566
        dvar2: 11.0296392441
        max: 21.7340393066
        mean: 5.80776119232
        median: 4.9286866188
        min: 2.04541611671
        var: 8.45882320404
    spectral_decrease:
        dmean: 3.80515174925e-010
        dmean2: 6.47732423253e-010
        dvar: 2.52358587723e-019
        dvar2: 6.60715787553e-019
        max: -8.02988504546e-015
        mean: -1.1429016622e-009
        median: -9.8678953897e-010
        min: -5.24311749572e-009
        var: 4.00563219755e-019
    spectral_energy:
        dmean: 0.00165729247965
        dmean2: 0.00282013486139
        dvar: 4.54210294265e-006
        dvar2: 1.17881527331e-005
        max: 0.0218580178916
        mean: 0.00505286641419
        median: 0.00439125159755
        min: 3.49024098512e-008
        var: 7.66469747759e-006
    spectral_energyband_high:
        dmean: 0.000196031454834
        dmean2: 0.000331737945089
        dvar: 6.6621254291e-008
        dvar2: 1.67555185726e-007
        max: 0.00526371132582
        mean: 0.000361356709618
        median: 0.000271841301583
        min: 2.93517232741e-009
        var: 9.51363503532e-008
    spectral_energyband_low:
        dmean: 0.000307922164211
        dmean2: 0.000550980097614
        dvar: 1.85817512488e-007
        dvar2: 5.13116219736e-007
        max: 0.00302359089255
        mean: 0.000374191295123
        median: 0.000261128006969
        min: 4.25856190589e-011
        var: 1.6229564892e-007
    spectral_energyband_middle_high:
        dmean: 0.000794771127403
        dmean2: 0.00132500252221
        dvar: 7.47788419631e-007
        dvar2: 1.87514615391e-006
        max: 0.0128537891433
        mean: 0.00267848558724
        median: 0.00223116041161
        min: 1.58942601303e-008
        var: 2.7535411391e-006
    spectral_energyband_middle_low:
        dmean: 0.000866702233907
        dmean2: 0.00147572497372
        dvar: 2.0682741706e-006
        dvar2: 5.65029358768e-006
        max: 0.0163730252534
        mean: 0.00177983846515
        median: 0.00137972133234
        min: 2.18131717133e-008
        var: 2.2371623345e-006
    spectral_flatness_db:
        dmean: 0.0137612521648
        dmean2: 0.0219496972859
        dvar: 0.000150953404955
        dvar2: 0.000387894368032
        max: 0.295505613089
        mean: 0.121090687811
        median: 0.109903909266
        min: 0.0553729571402
        var: 0.00148393365089
    spectral_flux:
        dmean: 0.00839430466294
        dmean2: 0.0135883204639
        dvar: 8.97039790289e-005
        dvar2: 0.000169852224644
        max: 0.118316233158
        mean: 0.0445484258235
        median: 0.0438431501389
        min: 0.000186821867828
        var: 0.000239668574068
    spectral_kurtosis:
        dmean: 1.01586866379
        dmean2: 1.6715067625
        dvar: 1.00640642643
        dvar2: 2.82032227516
        max: 12.8920040131
        mean: 3.38559818268
        median: 3.17825555801
        min: -0.61276614666
        var: 1.88137686253
    spectral_rms:
        dmean: 0.000340277561918
        dmean2: 0.000570308475289
        dvar: 1.44994615425e-007
        dvar2: 3.70298636199e-007
        max: 0.00461788848042
        mean: 0.00214360095561
        median: 0.00206981832162
        min: 5.83533483223e-006
        var: 3.34615293696e-007
    spectral_rolloff:
        dmean: 394.050628662
        dmean2: 644.496276855
        dvar: 152008.625
        dvar2: 380152.5625
        max: 5404.83398438
        mean: 3097.62011719
        median: 3143.84765625
        min: 322.998046875
        var: 444747.84375
    spectral_skewness:
        dmean: 0.165560975671
        dmean2: 0.269016861916
        dvar: 0.0217903424054
        dvar2: 0.0558813922107
        max: 3.2916996479
        mean: 1.45284438133
        median: 1.44517183304
        min: 0.221342533827
        var: 0.067262083292
    spectral_spread:
        dmean: 604660.4375
        dmean2: 914477.5
        dvar: 388222943232
        dvar2: 865403994112
        max: 14387486
        mean: 4974416.5
        median: 5015575
        min: 2206921.25
        var: 1.65284518298e+012
    spectral_strongpeak:
        dmean: 0.3396486938
        dmean2: 0.5903185606
        dvar: 0.264650523663
        dvar2: 0.701562225819
        max: 6.71858692169
        mean: 0.462454468012
        median: 0.248796194792
        min: 8.41676737764e-005
        var: 0.341893047094
    zerocrossingrate:
        dmean: 0.00766181154177
        dmean2: 0.00982265174389
        dvar: 4.226926103e-005
        dvar2: 6.4491359808e-005
        max: 0.16357421875
        mean: 0.0927284061909
        median: 0.0927734375
        min: 0.001953125
        var: 0.000326924782712
    barkbands:
        dmean: [1.48369827002e-006, 7.30199826648e-005, 0.000178546688403, 0.000161325122463, 0.000528782838956, 0.000224019691814, 7.26948492229e-005, 8.70386429597e-005, 0.000185007258551, 0.000172860614839, 0.000108266991447, 0.000138468807563, 0.000120493095892, 9.60820616456e-005, 9.77685194812e-005, 0.000157771370141, 0.000144224904943, 0.000166924583027, 0.000188430916751, 0.000156131151016, 9.47680091485e-005, 4.33807181253e-005, 7.23045150153e-006, 4.72165675092e-006, 2.60295769294e-006, 8.36102032054e-008, 7.07001901468e-010]
        dmean2: [2.29551073971e-006, 0.000125071310322, 0.000322680774843, 0.000288587791147, 0.000918574107345, 0.00037595120375, 0.000123430931126, 0.000147705170093, 0.000316069228575, 0.00029445279506, 0.000182286355994, 0.000231823360082, 0.000200215683435, 0.00016007994418, 0.000161977673997, 0.000266009825282, 0.000246203911956, 0.000278293591691, 0.000319723010762, 0.00026214987156, 0.000162797165103, 7.46185542084e-005, 1.19570122479e-005, 7.96024050942e-006, 4.39105679106e-006, 1.32456662527e-007, 1.11356956989e-009]
        dvar: [3.06473227872e-012, 8.79789041619e-009, 6.8830722455e-008, 5.37079642982e-008, 1.25491590097e-006, 1.08735655147e-007, 1.94495584083e-008, 2.11533190964e-008, 7.51455573322e-008, 5.94953384336e-008, 2.71557638598e-008, 4.86959486068e-008, 4.09250056066e-008, 2.83927938938e-008, 2.57853898233e-008, 3.70674548833e-008, 3.00495557326e-008, 5.32639070627e-008, 5.34713819889e-008, 4.48207515547e-008, 1.56923238848e-008, 3.07446335057e-009, 1.27407612238e-010, 6.97510937897e-011, 3.31573900281e-011, 2.41298595552e-014, 2.09328476482e-018]
        dvar2: [7.20037397761e-012, 2.4361597184e-008, 1.91021300111e-007, 1.50644339669e-007, 3.50943719241e-006, 2.77115759673e-007, 5.06928863331e-008, 5.56319257328e-008, 2.10692462588e-007, 1.65775205119e-007, 7.30498896928e-008, 1.29690889139e-007, 1.05638193304e-007, 6.88356465162e-008, 6.57108927271e-008, 8.80439330331e-008, 7.76129596147e-008, 1.3501153262e-007, 1.40197286669e-007, 1.11806635061e-007, 4.08012965636e-008, 7.67257191114e-009, 3.03987751638e-010, 1.82323905973e-010, 8.89401260973e-011, 5.84943335089e-014, 4.63119068942e-018]
        max: [1.34604551931e-005, 0.000935248797759, 0.00212498567998, 0.00375236850232, 0.0139356125146, 0.00680489558727, 0.00267050997354, 0.00259516621009, 0.00509558198974, 0.00420507229865, 0.00342650571838, 0.00458258995786, 0.00356646138243, 0.00368917593732, 0.00564143387601, 0.00551005406305, 0.00436070421711, 0.00498159741983, 0.00360077898949, 0.00391637580469, 0.00237991590984, 0.000627562287264, 0.000166056721355, 0.000133720051963, 0.000106258135929, 4.08510732086e-006, 2.9833884696e-008]
        mean: [1.61367529472e-006, 0.000107304185804, 0.000178544054506, 0.000164943397976, 0.000639881764073, 0.000365304236766, 9.85404549283e-005, 0.000114848349767, 0.000302252621623, 0.000287560513243, 0.000184431133675, 0.000253248232184, 0.000218029177631, 0.000159649935085, 0.000189758036868, 0.000321641244227, 0.000273857847787, 0.000331926392391, 0.000348939123796, 0.000258068233961, 0.00016049054102, 6.94190239301e-005, 1.17687322927e-005, 6.97889799994e-006, 3.71991768588e-006, 1.46646044641e-007, 1.12926612506e-009]
        median: [7.86277723819e-007, 8.03601651569e-005, 9.92763816612e-005, 9.52885384322e-005, 0.000335877703037, 0.000220960966544, 5.14281346113e-005, 6.03389853495e-005, 0.000186062665307, 0.000176416695467, 0.000116875271488, 0.000143906479934, 0.000109417756903, 8.55682737892e-005, 0.000131019347464, 0.000253166101174, 0.000206639553653, 0.000219733890845, 0.00025363342138, 0.0001762338361, 0.000116787661682, 4.7639477998e-005, 7.62947001931e-006, 4.54828568763e-006, 2.27677969633e-006, 8.61222630988e-008, 5.89911897109e-010]
        min: [6.77825363112e-013, 1.83739239101e-011, 1.21760223432e-011, 1.17117253395e-011, 3.16194327665e-011, 4.0047132277e-011, 8.28994928259e-011, 5.42649092328e-010, 8.56181081588e-009, 7.60508278574e-009, 6.69752656113e-011, 3.49770039321e-011, 1.27100829861e-011, 9.52312013969e-013, 3.38813937843e-012, 1.49764905338e-011, 2.53854697679e-011, 4.76387679305e-011, 3.16083847984e-009, 1.67723046562e-009, 8.65483018586e-010, 1.69993776e-011, 2.43748164014e-012, 1.03264488974e-011, 2.92828088166e-011, 1.08185847433e-011, 8.22540142551e-014]
        var: [3.92325104695e-012, 1.13348308517e-008, 5.50924603715e-008, 4.48975683298e-008, 1.10044879875e-006, 2.05427269862e-007, 2.60616825898e-008, 2.78509038054e-008, 1.26892800267e-007, 1.18654796211e-007, 5.21244736262e-008, 1.0822387253e-007, 9.72720499703e-008, 6.40657304984e-008, 5.25034060672e-008, 8.81409292219e-008, 6.04195733445e-008, 1.20060278164e-007, 9.2645194627e-008, 6.27136103049e-008, 2.15941131643e-008, 4.53492132735e-009, 1.93071961196e-010, 7.31346996852e-011, 3.06938745254e-011, 4.39361986734e-014, 3.65291147591e-018]
    frequency_bands:
        dmean: [1.48369827002e-006, 7.30199826648e-005, 0.000178546688403, 0.000161325122463, 0.000528782838956, 0.000224019691814, 7.26948492229e-005, 8.70386429597e-005, 0.000185007258551, 0.000172860614839, 0.000108266991447, 0.000138468807563, 0.000120493095892, 9.60820616456e-005, 9.77685194812e-005, 0.000157771370141, 0.000144224904943, 0.000166924583027, 0.000188430916751, 0.000156131151016, 9.47680091485e-005, 4.33807181253e-005, 7.23045150153e-006, 4.72165675092e-006, 2.60295769294e-006, 8.36102032054e-008, 7.07001901468e-010, 5.59928665933e-011]
        dmean2: [2.29551073971e-006, 0.000125071310322, 0.000322680774843, 0.000288587791147, 0.000918574107345, 0.00037595120375, 0.000123430931126, 0.000147705170093, 0.000316069228575, 0.00029445279506, 0.000182286355994, 0.000231823360082, 0.000200215683435, 0.00016007994418, 0.000161977673997, 0.000266009825282, 0.000246203911956, 0.000278293591691, 0.000319723010762, 0.00026214987156, 0.000162797165103, 7.46185542084e-005, 1.19570122479e-005, 7.96024050942e-006, 4.39105679106e-006, 1.32456662527e-007, 1.11356956989e-009, 1.04113530297e-010]
        dvar: [3.06473227872e-012, 8.79789041619e-009, 6.8830722455e-008, 5.37079642982e-008, 1.25491590097e-006, 1.08735655147e-007, 1.94495584083e-008, 2.11533190964e-008, 7.51455573322e-008, 5.94953384336e-008, 2.71557638598e-008, 4.86959486068e-008, 4.09250056066e-008, 2.83927938938e-008, 2.57853898233e-008, 3.70674548833e-008, 3.00495557326e-008, 5.32639070627e-008, 5.34713819889e-008, 4.48207515547e-008, 1.56923238848e-008, 3.07446335057e-009, 1.27407612238e-010, 6.97510937897e-011, 3.31573900281e-011, 2.41298595552e-014, 2.09328476482e-018, 6.28830698819e-021]
        dvar2: [7.20037397761e-012, 2.4361597184e-008, 1.91021300111e-007, 1.50644339669e-007, 3.50943719241e-006, 2.77115759673e-007, 5.06928863331e-008, 5.56319257328e-008, 2.10692462588e-007, 1.65775205119e-007, 7.30498896928e-008, 1.29690889139e-007, 1.05638193304e-007, 6.88356465162e-008, 6.57108927271e-008, 8.80439330331e-008, 7.76129596147e-008, 1.3501153262e-007, 1.40197286669e-007, 1.11806635061e-007, 4.08012965636e-008, 7.67257191114e-009, 3.03987751638e-010, 1.82323905973e-010, 8.89401260973e-011, 5.84943335089e-014, 4.63119068942e-018, 2.01361642801e-020]
        max: [1.34604551931e-005, 0.000935248797759, 0.00212498567998, 0.00375236850232, 0.0139356125146, 0.00680489558727, 0.00267050997354, 0.00259516621009, 0.00509558198974, 0.00420507229865, 0.00342650571838, 0.00458258995786, 0.00356646138243, 0.00368917593732, 0.00564143387601, 0.00551005406305, 0.00436070421711, 0.00498159741983, 0.00360077898949, 0.00391637580469, 0.00237991590984, 0.000627562287264, 0.000166056721355, 0.000133720051963, 0.000106258135929, 4.08510732086e-006, 2.9833884696e-008, 8.70124583496e-010]
        mean: [1.61367529472e-006, 0.000107304185804, 0.000178544054506, 0.000164943397976, 0.000639881764073, 0.000365304236766, 9.85404549283e-005, 0.000114848349767, 0.000302252621623, 0.000287560513243, 0.000184431133675, 0.000253248232184, 0.000218029177631, 0.000159649935085, 0.000189758036868, 0.000321641244227, 0.000273857847787, 0.000331926392391, 0.000348939123796, 0.000258068233961, 0.00016049054102, 6.94190239301e-005, 1.17687322927e-005, 6.97889799994e-006, 3.71991768588e-006, 1.46646044641e-007, 1.12926612506e-009, 4.28454806356e-011]
        median: [7.86277723819e-007, 8.03601651569e-005, 9.92763816612e-005, 9.52885384322e-005, 0.000335877703037, 0.000220960966544, 5.14281346113e-005, 6.03389853495e-005, 0.000186062665307, 0.000176416695467, 0.000116875271488, 0.000143906479934, 0.000109417756903, 8.55682737892e-005, 0.000131019347464, 0.000253166101174, 0.000206639553653, 0.000219733890845, 0.00025363342138, 0.0001762338361, 0.000116787661682, 4.7639477998e-005, 7.62947001931e-006, 4.54828568763e-006, 2.27677969633e-006, 8.61222630988e-008, 5.89911897109e-010, 1.62709359874e-011]
        min: [6.77825363112e-013, 1.83739239101e-011, 1.21760223432e-011, 1.17117253395e-011, 3.16194327665e-011, 4.0047132277e-011, 8.28994928259e-011, 5.42649092328e-010, 8.56181081588e-009, 7.60508278574e-009, 6.69752656113e-011, 3.49770039321e-011, 1.27100829861e-011, 9.52312013969e-013, 3.38813937843e-012, 1.49764905338e-011, 2.53854697679e-011, 4.76387679305e-011, 3.16083847984e-009, 1.67723046562e-009, 8.65483018586e-010, 1.69993776e-011, 2.43748164014e-012, 1.03264488974e-011, 2.92828088166e-011, 1.08185847433e-011, 8.22540142551e-014, 4.60529894363e-017]
        var: [3.92325104695e-012, 1.13348308517e-008, 5.50924603715e-008, 4.48975683298e-008, 1.10044879875e-006, 2.05427269862e-007, 2.60616825898e-008, 2.78509038054e-008, 1.26892800267e-007, 1.18654796211e-007, 5.21244736262e-008, 1.0822387253e-007, 9.72720499703e-008, 6.40657304984e-008, 5.25034060672e-008, 8.81409292219e-008, 6.04195733445e-008, 1.20060278164e-007, 9.2645194627e-008, 6.27136103049e-008, 2.15941131643e-008, 4.53492132735e-009, 1.93071961196e-010, 7.31346996852e-011, 3.06938745254e-011, 4.39361986734e-014, 3.65291147591e-018, 4.91574212553e-021]
    mfcc:
        mean: [-679.271484375, 103.033432007, -53.6705589294, 37.2539024353, -15.6084651947, 0.0257803983986, -1.49707710743, -1.63399243355, -1.23314189911, -10.5773515701, -9.78840827942, -9.55420017242, -6.8517241478]
        cov: [[1512.98242188, -262.847351074, 337.214172363, 92.0584640503, 158.155273438, 152.035461426, 207.839904785, 161.638259888, 109.270698547, 206.301330566, 156.552047729, 161.35269165, 42.8280029297], [-262.847351074, 410.396026611, -115.276512146, 94.4725341797, -9.61603546143, 22.1316184998, -28.7484741211, 0.125561162829, -20.0295772552, -23.4469585419, 10.8310775757, 0.0207557305694, 17.6608123779], [337.214172363, -115.276512146, 378.973449707, 109.876625061, 163.542755127, 58.0820350647, 91.963722229, 35.3804512024, 70.1999969482, 71.0045928955, 10.2201957703, 52.7124862671, 46.3700866699], [92.0584640503, 94.4725341797, 109.876625061, 261.721466064, 117.504753113, 92.5413513184, 43.4956207275, 39.7771186829, 58.0279884338, 60.7223167419, 29.4682998657, 34.7929115295, 42.7796554565], [158.155273438, -9.61603546143, 163.542755127, 117.504753113, 202.888977051, 73.6801452637, 77.6146011353, 30.8064727783, 77.1074676514, 70.6105117798, 29.9314060211, 41.6736068726, 39.4382858276], [152.035461426, 22.1316184998, 58.0820350647, 92.5413513184, 73.6801452637, 126.661064148, 57.9609413147, 46.2215385437, 40.9661483765, 52.6590957642, 40.1807746887, 42.4270324707, 28.5563583374], [207.839904785, -28.7484741211, 91.963722229, 43.4956207275, 77.6146011353, 57.9609413147, 145.060577393, 79.6029968262, 62.8920898438, 54.5510406494, 35.541179657, 43.0322570801, 27.1690483093], [161.638259888, 0.125561162829, 35.3804512024, 39.7771186829, 30.8064727783, 46.2215385437, 79.6029968262, 116.805259705, 58.1035766602, 46.4040298462, 38.9668464661, 41.9638900757, 19.549861908], [109.270698547, -20.0295772552, 70.1999969482, 58.0279884338, 77.1074676514, 40.9661483765, 62.8920898438, 58.1035766602, 109.350967407, 65.4960861206, 34.1688690186, 30.5066432953, 24.6290092468], [206.301330566, -23.4469585419, 71.0045928955, 60.7223167419, 70.6105117798, 52.6590957642, 54.5510406494, 46.4040298462, 65.4960861206, 111.569221497, 56.1580467224, 46.2409057617, 26.8263931274], [156.552047729, 10.8310775757, 10.2201957703, 29.4682998657, 29.9314060211, 40.1807746887, 35.541179657, 38.9668464661, 34.1688690186, 56.1580467224, 81.3834457397, 50.1429748535, 20.4481048584], [161.35269165, 0.0207557305694, 52.7124862671, 34.7929115295, 41.6736068726, 42.4270324707, 43.0322570801, 41.9638900757, 30.5066432953, 46.2409057617, 50.1429748535, 82.2925415039, 39.209438324], [42.8280029297, 17.6608123779, 46.3700866699, 42.7796554565, 39.4382858276, 28.5563583374, 27.1690483093, 19.549861908, 24.6290092468, 26.8263931274, 20.4481048584, 39.209438324, 63.769985199]]
        icov: [[0.00141926808283, 0.00063005508855, -0.000869876123033, -6.46581702313e-006, 0.000306188274408, -0.000428935774835, -0.000593157950789, -0.000648629793432, 0.0010264723096, -0.00115365081001, -0.00136863230728, -0.000917013327125, 0.00105503248051], [0.00063005508855, 0.00377274584025, 0.00116574228741, -0.0019076076569, -0.000291307776934, -0.000151509171701, 3.64820189134e-005, -0.000650022702757, 0.00113596767187, 0.000724860932678, -0.00127550156321, -0.000342778163031, -0.000728117825929], [-0.000869876123033, 0.00116574228741, 0.00588514376432, -0.00136228522751, -0.00308265211061, 0.000967808009591, -0.000975250266492, 0.000816435494926, -0.000299331004499, -9.36661381274e-005, 0.00351751688868, -0.00162714079488, -0.00143827684224], [-6.46581702313e-006, -0.0019076076569, -0.00136228522751, 0.00744418706745, -0.00199215509929, -0.00328103895299, 0.00170924188569, -0.00104508164804, -0.000692619883921, -0.00124947342556, 0.000485238007968, 0.0014118970139, -0.00140777346678], [0.000306188274408, -0.000291307776934, -0.00308265211061, -0.00199215509929, 0.0119254151359, -0.00220342352986, -0.00298969307914, 0.00386354327202, -0.00410912465304, -0.00145778257865, -0.000163062562933, -0.000521430687513, -0.000273058307357], [-0.000428935774835, -0.000151509171701, 0.000967808009591, -0.00328103895299, -0.00220342352986, 0.0142373088747, -0.00207106908783, -0.00127616804093, 0.00127035402693, -0.00106900325045, -0.00145966291893, -0.00163459125906, -0.0004796810681], [-0.000593157950789, 3.64820189134e-005, -0.000975250266492, 0.00170924188569, -0.00298969307914, -0.00207106908783, 0.0149589143693, -0.00744307367131, -0.0015858958941, 0.000372186244931, 0.000238698034082, 0.000456245266832, -0.00126536202151], [-0.000648629793432, -0.000650022702757, 0.000816435494926, -0.00104508164804, 0.00386354327202, -0.00127616804093, -0.00744307367131, 0.0185216926038, -0.00671176705509, 0.000629183545243, -0.00030397446244, -0.00393178360537, 0.0012405453017], [0.0010264723096, 0.00113596767187, -0.000299331004499, -0.000692619883921, -0.00410912465304, 0.00127035402693, -0.0015858958941, -0.00671176705509, 0.0202942080796, -0.00724855624139, -0.00168435822707, 0.00234927074052, -0.00130904174875], [-0.00115365081001, 0.000724860932678, -9.36661381274e-005, -0.00124947342556, -0.00145778257865, -0.00106900325045, 0.000372186244931, 0.000629183545243, -0.00724855624139, 0.0218220539391, -0.00832700356841, -0.000430977175711, -0.000936228199862], [-0.00136863230728, -0.00127550156321, 0.00351751688868, 0.000485238007968, -0.000163062562933, -0.00145966291893, 0.000238698034082, -0.00030397446244, -0.00168435822707, -0.00832700356841, 0.0285985078663, -0.0116388592869, 0.0012746239081], [-0.000917013327125, -0.000342778163031, -0.00162714079488, 0.0014118970139, -0.000521430687513, -0.00163459125906, 0.000456245266832, -0.00393178360537, 0.00234927074052, -0.000430977175711, -0.0116388592869, 0.0295088328421, -0.0121254632249], [0.00105503248051, -0.000728117825929, -0.00143827684224, -0.00140777346678, -0.000273058307357, -0.0004796810681, -0.00126536202151, 0.0012405453017, -0.00130904174875, -0.000936228199862, 0.0012746239081, -0.0121254632249, 0.0256532803178]]
    sccoeffs:
        dmean: [0.0604043081403, 0.0495268926024, 0.0369168147445, 0.0281993579119, 0.0196775961667, 0.0195497013628]
        dmean2: [0.100666321814, 0.0844577103853, 0.0632052496076, 0.0478306226432, 0.0328389145434, 0.0316986069083]
        dvar: [0.00236193742603, 0.00152830779552, 0.000813433434814, 0.000473436171887, 0.000242164416704, 0.000326114008203]
        dvar2: [0.00647309655324, 0.00426418147981, 0.00235483958386, 0.00136464240495, 0.000661246245727, 0.000800073554274]
        max: [-0.250898897648, -0.476500719786, -0.580771148205, -0.61253374815, -0.672490417957, -0.588991940022]
        mean: [-0.66627830267, -0.760140955448, -0.797242343426, -0.797643184662, -0.802648067474, -0.752441465855]
        median: [-0.691479504108, -0.767483055592, -0.801531136036, -0.802707314491, -0.806765913963, -0.756023585796]
        min: [-0.994736492634, -0.980776369572, -0.978998959064, -0.92551523447, -0.906768381596, -0.885471463203]
        var: [0.0111944787204, 0.00393876899034, 0.00182513555046, 0.00126040715259, 0.00068467418896, 0.00137907906901]
    scvalleys:
        dmean: [0.399304956198, 0.365335971117, 0.275708079338, 0.241425931454, 0.255939483643, 0.392346650362]
        dmean2: [0.665382385254, 0.617208182812, 0.464719593525, 0.405765026808, 0.417628079653, 0.606850981712]
        dvar: [0.106848485768, 0.0948450043797, 0.0518709607422, 0.0450285673141, 0.0582140013576, 0.193766012788]
        dvar2: [0.29124674201, 0.256684452295, 0.134800881147, 0.109393827617, 0.138260424137, 0.454225540161]
        max: [-5.03529167175, -4.53252124786, -4.9010014534, -5.24167823792, -5.62905979156, -7.4757232666]
        mean: [-6.77953481674, -6.41785144806, -6.21641540527, -6.58110618591, -6.77488327026, -9.31907272339]
        median: [-6.34749221802, -6.40280723572, -6.18225622177, -6.56208705902, -6.75136756897, -9.15664672852]
        min: [-12.941116333, -12.9109840393, -13.1095018387, -15.059044838, -13.9746465683, -15.4543762207]
        var: [1.6362298727, 0.255985587835, 0.203132227063, 0.16618925333, 0.17448066175, 0.601019263268]

rhythm:
    beats_loudness:
        dmean: 0.00306303612888
        dmean2: 0.00576011603698
        dvar: 6.17482646703e-006
        dvar2: 2.11400074477e-005
        max: 0.014401669614
        mean: 0.00597283244133
        median: 0.00559769384563
        min: 0.000810353609268
        var: 8.83845405042e-006
    bpm: 104.696983337
    bpm_confidence: 0
    first_peak_bpm: 105
    first_peak_spread: 0.592982470989
    first_peak_weight: 0.254945069551
    onset_rate: 3.47393488884
    second_peak_bpm: 96
    second_peak_spread: 0.56302523613
    second_peak_weight: 0.114285714924
    beats_loudness_band_ratio:
        dmean: [0.0582493916154, 0.167264133692, 0.056529533118, 0.0792433992028, 0.106321312487, 0.0830675587058]
        dmean2: [0.099804751575, 0.308118194342, 0.0969821587205, 0.134414628148, 0.197202384472, 0.147311642766]
        dvar: [0.00370157090947, 0.0148738361895, 0.00307837757282, 0.00576581992209, 0.011453922838, 0.00694824429229]
        dvar2: [0.00904595479369, 0.0438207238913, 0.00867890380323, 0.0150981023908, 0.035894330591, 0.0193514134735]
        max: [0.54784065485, 0.722840130329, 0.554013192654, 0.626295566559, 0.756670475006, 0.626390457153]
        mean: [0.0960405766964, 0.218759715557, 0.107727512717, 0.171754315495, 0.253032416105, 0.194290608168]
        median: [0.0782241672277, 0.187076926231, 0.0936913788319, 0.144733667374, 0.229322388768, 0.180371999741]
        min: [0.000151799540618, 0.00264059798792, 0.00762120261788, 0.0231980346143, 0.0476586595178, 0.0136808203533]
        var: [0.00537324836478, 0.0225777272135, 0.00422869063914, 0.00961531978101, 0.0126943029463, 0.00834898557514]
    beats_position: [0.557278871536, 1.11455774307, 1.68344664574, 2.24072551727, 2.80961441994, 3.41333317757, 4.01705217361, 4.59755086899, 5.18965959549, 5.78176879883, 6.37387752533, 6.96598625183, 7.5464849472, 8.12698364258, 8.70748329163, 9.287981987, 9.86848068237, 10.4489793777, 11.0294780731, 11.6099767685, 12.202085495, 12.7941951752, 13.3979139328, 14.0016326904, 14.6169614792, 15.2090702057, 15.8011789322, 16.3932876587, 16.9737873077, 17.5542850494, 18.1347846985, 18.7152824402, 19.2957820892, 19.8762817383, 20.4451694489, 21.0256690979, 21.6177768707, 22.1982765198, 22.7903842926, 23.3824939728, 23.974603653, 24.5783214569, 25.1704311371, 25.7625389099, 26.3546485901, 26.9467563629, 27.5388660431, 28.1309738159, 28.7230834961, 29.3151912689, 29.895690918, 30.476190567, 31.0682983398, 31.6487979889, 32.2292976379, 32.8097953796, 33.3902931213, 33.9707946777, 34.5512924194, 35.1317901611, 35.7122879028, 36.2927894592, 36.8848991394, 37.4770050049, 38.0575065613, 38.638004303, 39.2068939209, 39.7757797241, 40.3562812805, 40.9367790222, 41.5172767639, 42.0977783203, 42.678276062, 43.2587738037, 43.8508834839, 44.4429931641, 45.0234909058, 45.5923805237, 46.1612701416, 46.7301597595, 47.2990455627, 47.8795471191, 48.4600448608, 49.0289344788, 49.6094322205, 50.1783218384, 50.7355995178, 51.3044891357, 51.8733787537, 52.4422683716, 53.0111541748, 53.5684356689, 54.1489334106, 54.7178230286, 55.2867126465, 55.8439903259, 56.4128799438, 56.9817695618, 57.5390472412, 58.0963249207, 58.6652145386, 59.2341041565, 59.7913818359, 60.3486595154, 60.9175491333, 61.498046875, 62.0669364929, 62.6358261108, 63.2047157288, 63.7852134705, 64.3657150269, 64.9346008301, 65.5034942627, 66.0839920044, 66.6644897461, 67.2217712402, 67.7906570435, 68.3595428467, 68.9168243408, 69.485710144, 70.0546035767, 70.6234893799, 71.1923828125, 71.7728805542, 72.3417663574, 72.91065979, 73.4679336548, 74.0368270874, 74.6057128906, 75.1745986938, 75.8131484985, 76.4633102417, 77.1250762939, 77.7636260986, 78.4021759033, 79.040725708, 79.6908798218, 80.2946014404, 80.8867111206, 81.4788208008, 82.0941467285, 82.7094802856, 83.3248062134, 83.9517440796, 84.5786819458, 85.1940155029, 85.7977294922, 86.4478912354, 87.08644104, 87.7249908447, 88.3751449585, 89.0136947632, 89.6522445679, 90.2907943726, 90.7667999268, 91.2544174194, 91.7536468506, 92.2412643433, 92.7288894653, 93.216506958, 93.6925125122, 94.1685256958, 94.64453125, 95.1205444336, 95.5965499878, 96.0725631714, 96.5485687256, 97.1058502197, 97.6631240845, 98.2436294556, 98.8125152588, 99.381401062, 99.9502944946, 100.519180298, 101.08807373, 101.656959534, 102.225845337, 102.79473877, 103.363624573, 103.932518005, 104.513015747, 105.093513489, 105.662399292, 106.231292725, 106.800178528, 107.392288208, 107.996009827, 108.599723816, 109.203445435, 109.807167053, 110.399269104, 110.991378784, 111.606712341, 112.222038269, 112.825759888, 113.452697754, 114.07963562, 114.706573486, 115.345123291, 115.983673096, 116.610610962, 117.237548828, 117.864486694, 118.491424561, 119.118362427, 119.745300293, 120.36063385, 120.999183655, 121.626121521, 122.253059387, 122.879997253, 123.50693512, 124.133872986, 124.760810852, 125.399360657, 126.037910461, 126.676460266, 127.315010071, 127.953559875, 128.592102051, 129.230651855, 129.845977783, 130.472915649, 131.088256836, 131.703582764, 132.33052063, 132.957458496, 133.584396362, 134.211334229, 134.815048218, 135.441986084, 136.068939209, 136.684265137, 137.299591064, 137.914916992, 138.53024292, 139.157180786, 139.749298096, 140.364624023, 140.968338013, 141.58366394, 142.199005127, 142.825942993, 143.452880859, 144.079818726, 144.706756592, 145.333694458, 145.960632324, 146.575958252, 147.19128418, 147.818222046, 148.445159912, 149.072113037, 149.699050903, 150.32598877, 150.952926636, 151.579864502, 152.206802368, 152.833740234, 153.460678101, 154.087615967, 154.714553833, 155.341491699, 155.968429565, 156.60697937, 157.245529175, 157.872467041, 158.499404907, 159.126342773, 159.75328064, 160.380218506, 160.960723877, 161.541213989, 162.12171936, 162.690612793, 163.259490967, 163.839996338, 164.420501709, 165.000991821, 165.581497192, 166.161987305, 166.742492676, 167.322982788, 167.903488159, 168.48399353, 169.052871704, 169.621765137, 170.190658569, 170.759536743, 171.340042114, 171.897323608, 172.477813721, 173.046707153, 173.615600586, 174.196090698, 174.776596069, 175.345489502, 175.914367676, 176.483261108, 177.052154541, 177.632644653, 178.213150024, 178.793640137, 179.362533569, 179.931427002, 180.500320435, 181.069198608, 181.638092041, 182.206985474, 182.775863647, 183.34475708, 183.902038574, 184.470932007, 185.039810181, 185.608703613, 186.177597046, 186.74647522, 187.315368652, 187.872650146, 188.429931641, 188.987213135, 189.54447937, 190.113372803, 190.682266235, 191.239547729, 191.796829224, 192.365707397, 192.93460083, 193.503494263, 194.072372437, 194.641265869, 195.210159302, 195.767440796, 196.33631897, 196.905212402, 197.462493896, 198.03137207, 198.600265503, 199.157546997, 199.714828491, 200.283721924, 200.852600098, 201.42149353, 201.990386963, 202.547653198, 203.116546631, 203.685440063, 204.265930176, 204.82321167, 205.392105103, 205.960998535, 206.518280029, 207.075546265, 207.632827759, 208.21333313, 208.793823242, 209.351104736, 209.90838623, 210.477279663, 211.046157837, 211.603439331, 212.160720825, 212.729614258, 213.298492432, 213.855773926, 214.41305542, 214.970336914, 215.527618408, 216.084899902, 216.642166138, 217.199447632, 217.756729126, 218.325622559, 218.894515991, 219.475006104, 220.055511475, 220.61277771, 221.181671143, 221.750564575, 222.331054688, 222.89994812, 223.468841553, 224.049331665, 224.629837036, 225.198730469, 225.767608643, 226.336502075, 226.905395508, 227.48588562, 228.066390991, 228.646896362, 229.227386475, 229.796279907, 230.36517334, 230.945663452, 231.526168823, 232.095046997, 232.66394043, 233.244445801, 233.824935913, 234.405441284, 234.997543335, 235.578048706, 236.14692688, 236.704208374, 237.261489868, 237.841995239, 238.422485352, 239.002990723, 239.513824463, 240.024673462, 240.535507202, 241.057952881, 241.58039856, 242.114456177, 242.636917114, 243.170974731, 243.69342041, 244.227478027, 244.761535645, 245.283981323, 245.806442261, 246.340499878, 246.874557495, 247.408615112, 247.954284668, 248.476730347, 248.999176025, 249.521621704, 250.020858765, 250.520080566, 251.019317627, 251.518539429, 252.017776489, 252.516998291, 253.016235352, 253.515457153, 254.014694214, 254.490692139, 254.966705322, 255.442718506, 255.930328369, 256.42956543, 256.917175293, 257.43963623, 257.96206665, 258.577423096, 259.181121826, 259.784851074, 260.411773682, 261.038726807, 261.642456055, 262.257781982, 262.87310791, 263.488433838, 264.103759766]
