
metadata:
    version:
        essentia: "2.1-beta2"
    audio_properties:
        analysis_sample_rate: 44100
        bitrate: 320
        channels: 2
        equal_loudness: 1
        length: 264.411437988
        replay_gain: -10.9232349396
        downmix: "mix"
    tags:
        album: "Hail to the King"
        artist: "Avenged Sevenfold"
        comment: ""
        date: "2013"
        genre: "Metal"
        title: "Requiem"
        tracknumber: "5"

configuration:
    average_loudness:
        compute: 1
        frameSize: 88200
        hopSize: 44100
        silentFrames: "noise"
        windowType: "hann"
    general:
        analysisSampleRate: 44100
        endTime: 2000
        equalLoudness: 1
        nequalLoudness: 0
        shortSound: 0
        startTime: 0
    lowlevel:
        compute: 1
        frameSize: 2048
        hopSize: 1024
        zeroPadding: 0
        silentFrames: "noise"
        windowType: "blackmanharris62"
        mfccStats: ["mean", "cov", "icov"]
        stats: ["mean", "var", "median", "min", "max", "dmean", "dmean2", "dvar", "dvar2"]
    panning:
        compute: 0
        frameSize: 8192
        hopSize: 2048
        zeroPadding: 8192
        silentFrames: "noise"
        windowType: "hann"
        stats: ["copy"]
    rhythm:
        compute: 1
        maxTempo: 208
        minTempo: 40
        method: "degara"
        stats: ["mean", "var", "median", "min", "max", "dmean", "dmean2", "dvar", "dvar2"]
    segmentation:
        compute: 0
        cpw: 5
        inc1: 300
        inc2: 50
        minimumSegmentsLength: 10
        size1: 1000
        size2: 600
    sfx:
        compute: 1
        stats: ["mean", "var", "median", "min", "max", "dmean", "dmean2", "dvar", "dvar2"]
    svm:
        compute: 0
    tonal:
        compute: 1
        frameSize: 4096
        hopSize: 2048
        zeroPadding: 0
        silentFrames: "noise"
        windowType: "blackmanharris62"
        stats: ["mean", "var", "median", "min", "max", "dmean", "dmean2", "dvar", "dvar2"]

lowlevel:
    average_loudness: 0.814597666264
    barkbands_kurtosis:
        dmean: 0.957183659077
        dmean2: 1.57526361942
        dvar: 3.20156145096
        dvar2: 8.73559761047
        max: 65.9048309326
        mean: 0.129942163825
        median: -0.70129942894
        min: -1.89987194538
        var: 7.02034521103
    barkbands_skewness:
        dmean: 0.370868951082
        dmean2: 0.595975220203
        dvar: 0.149043217301
        dvar2: 0.390478014946
        max: 7.80510187149
        mean: -0.584362983704
        median: -0.627257227898
        min: -4.08227539063
        var: 0.918605387211
    barkbands_spread:
        dmean: 5.90538358688
        dmean2: 9.37101078033
        dvar: 36.643863678
        dvar2: 97.4061203003
        max: 82.6838378906
        mean: 31.5256443024
        median: 30.8851242065
        min: 3.00708961487
        var: 116.359313965
    dissonance:
        dmean: 0.0110703110695
        dmean2: 0.0188591703773
        dvar: 0.000162972064572
        dvar2: 0.000460873183329
        max: 0.500000119209
        mean: 0.481595188379
        median: 0.486697018147
        min: 0.275270402431
        var: 0.000283883709926
    hfc:
        dmean: 5.33135461807
        dmean2: 9.53238201141
        dvar: 135.979492188
        dvar2: 386.024536133
        max: 92.3333511353
        mean: 11.1087055206
        median: 8.51446533203
        min: 1.15213778828e-016
        var: 113.652786255
    pitch:
        dmean: 839.231201172
        dmean2: 1597.81384277
        dvar: 1721628.125
        dvar2: 4091170.5
        max: 5022.47802734
        mean: 1956.85839844
        median: 856.355041504
        min: 60.5713768005
        var: 2824776.5
    pitch_instantaneous_confidence:
        dmean: 0.0777257829905
        dmean2: 0.127687990665
        dvar: 0.00426047248766
        dvar2: 0.0107925720513
        max: 0.951893031597
        mean: 0.429920166731
        median: 0.413302600384
        min: 0.103884160519
        var: 0.018009070307
    pitch_salience:
        dmean: 0.0552095398307
        dmean2: 0.0904585719109
        dvar: 0.00248043914326
        dvar2: 0.00645417161286
        max: 0.861300706863
        mean: 0.654568314552
        median: 0.666807293892
        min: 0.143897071481
        var: 0.00777213647962
    silence_rate_20dB:
        dmean: 0
        dmean2: 0
        dvar: 0
        dvar2: 0
        max: 1
        mean: 1
        median: 1
        min: 1
        var: 0
    silence_rate_30dB:
        dmean: 0
        dmean2: 0
        dvar: 0
        dvar2: 0
        max: 1
        mean: 1
        median: 1
        min: 1
        var: 0
    silence_rate_60dB:
        dmean: 0.104495957494
        dmean2: 0.209010273218
        dvar: 0.0935778170824
        dvar2: 0.194311961532
        max: 1
        mean: 0.347001492977
        median: 0
        min: 0
        var: 0.226576626301
    spectral_centroid:
        dmean: 280.584747314
        dmean2: 450.871307373
        dvar: 118045.125
        dvar2: 290004.65625
        max: 11288.75
        mean: 2292.32495117
        median: 2351.07983398
        min: 89.4220733643
        var: 482789.84375
    spectral_complexity:
        dmean: 4.22023200989
        dmean2: 6.82901573181
        dvar: 24.5469055176
        dvar2: 58.0754051208
        max: 52
        mean: 15.4333124161
        median: 15
        min: 0
        var: 66.2120056152
    spectral_crest:
        dmean: 1.705722332
        dmean2: 2.79954004288
        dvar: 2.51489186287
        dvar2: 6.43025350571
        max: 23.9573173523
        mean: 7.2376408577
        median: 6.56530332565
        min: 2.52385926247
        var: 7.90072441101
    spectral_decrease:
        dmean: 3.17924242488e-010
        dmean2: 5.49499223901e-010
        dvar: 3.72488270325e-019
        dvar2: 1.03327493692e-018
        max: 4.1848275974e-030
        mean: -8.94605611812e-010
        median: -8.09142586267e-010
        min: -5.54292656219e-009
        var: 3.78149959727e-019
    spectral_energy:
        dmean: 0.00166369753424
        dmean2: 0.00290978490375
        dvar: 1.11437302621e-005
        dvar2: 3.11324074573e-005
        max: 0.0292951557785
        mean: 0.00438403803855
        median: 0.00383547064848
        min: 1.04344342941e-020
        var: 1.0540875337e-005
    spectral_energyband_high:
        dmean: 0.000634808442555
        dmean2: 0.00115700927563
        dvar: 2.22837843467e-006
        dvar2: 6.35014930594e-006
        max: 0.0120137725025
        mean: 0.000836972496472
        median: 0.000503118906636
        min: 7.89908613477e-021
        var: 1.5241314486e-006
    spectral_energyband_low:
        dmean: 0.000166103913216
        dmean2: 0.000282969995169
        dvar: 1.1665528632e-007
        dvar2: 3.37867646749e-007
        max: 0.00568371731788
        mean: 0.000293248915114
        median: 0.000210370591958
        min: 6.69180229826e-023
        var: 1.113949466e-007
    spectral_energyband_middle_high:
        dmean: 0.000878106278833
        dmean2: 0.00149207923096
        dvar: 2.10863640859e-006
        dvar2: 5.79644438403e-006
        max: 0.0149150779471
        mean: 0.0025723609142
        median: 0.00216886005364
        min: 1.49001764339e-021
        var: 3.43595593222e-006
    spectral_energyband_middle_low:
        dmean: 0.000347596418578
        dmean2: 0.000564202317037
        dvar: 3.94666869852e-007
        dvar2: 1.027428425e-006
        max: 0.00797522813082
        mean: 0.000783868599683
        median: 0.000596720492467
        min: 1.82724103912e-022
        var: 5.10180882429e-007
    spectral_flatness_db:
        dmean: 0.0126259308308
        dmean2: 0.0199046060443
        dvar: 0.000135958747705
        dvar2: 0.000328009598888
        max: 0.349155306816
        mean: 0.136247932911
        median: 0.129759162664
        min: 0.0543816536665
        var: 0.00108685868327
    spectral_flux:
        dmean: 0.0096568884328
        dmean2: 0.0155314682052
        dvar: 0.000219480483793
        dvar2: 0.00041214065277
        max: 0.14041569829
        mean: 0.0403767190874
        median: 0.0359142757952
        min: 1.02149080861e-010
        var: 0.000443253404228
    spectral_kurtosis:
        dmean: 0.766530275345
        dmean2: 1.25898087025
        dvar: 0.955279648304
        dvar2: 2.55864048004
        max: 39.493724823
        mean: 3.18139696121
        median: 2.83513379097
        min: -1.33417785168
        var: 3.56794118881
    spectral_rms:
        dmean: 0.00032480127993
        dmean2: 0.000545971910469
        dvar: 2.85800382471e-007
        dvar2: 7.75842352141e-007
        max: 0.00534608634189
        mean: 0.00193963688798
        median: 0.00193440495059
        min: 3.19060121205e-012
        var: 5.14892235515e-007
    spectral_rolloff:
        dmean: 311.053833008
        dmean2: 511.16317749
        dvar: 191422
        dvar2: 409295.5
        max: 18583.1542969
        mean: 3829.30664063
        median: 3962.109375
        min: 64.599609375
        var: 764359.0625
    spectral_skewness:
        dmean: 0.151115193963
        dmean2: 0.243328914046
        dvar: 0.027912767604
        dvar2: 0.0658782050014
        max: 4.58638906479
        mean: 1.24863398075
        median: 1.22101163864
        min: -0.251803636551
        var: 0.128215312958
    spectral_spread:
        dmean: 472239.78125
        dmean2: 679634.5
        dvar: 553399812096
        dvar2: 808156069888
        max: 50026772
        mean: 5199879.5
        median: 5149365
        min: 1540095.625
        var: 1.81258878976e+012
    spectral_strongpeak:
        dmean: 0.656737446785
        dmean2: 1.12014460564
        dvar: 0.793432414532
        dvar2: 2.01644539833
        max: 12.1288022995
        mean: 1.11183929443
        median: 0.70767056942
        min: 0
        var: 1.75831460953
    zerocrossingrate:
        dmean: 0.00754503440112
        dmean2: 0.00909977499396
        dvar: 7.15489732102e-005
        dvar2: 7.8401499195e-005
        max: 0.50146484375
        mean: 0.122265473008
        median: 0.12646484375
        min: 0.005859375
        var: 0.000873407581821
    barkbands:
        dmean: [2.51430918752e-007, 4.42823584308e-005, 0.000110408698674, 7.52607375034e-005, 0.000156217807671, 6.70824665576e-005, 6.34715906926e-005, 5.14959428983e-005, 8.79085710039e-005, 9.01968160179e-005, 3.877598283e-005, 5.45355323993e-005, 4.10225984524e-005, 5.67848692299e-005, 8.18269400042e-005, 0.000112115812954, 0.000146745922393, 0.00017799246416, 0.000414267618908, 0.000394164409954, 0.000256199447904, 0.000157628484885, 2.3806514946e-005, 6.68373286317e-006, 3.09265669785e-006, 1.29669473381e-007, 2.16347251225e-009]
        dmean2: [3.35810398155e-007, 7.42100382922e-005, 0.000188531601452, 0.000125707127154, 0.00026852771407, 0.000109237938887, 0.000107480540464, 8.37308180053e-005, 0.000138269140734, 0.000139430514537, 6.27863119007e-005, 8.82162130438e-005, 6.62708116579e-005, 9.1189671366e-005, 0.000129769017803, 0.000181618190254, 0.000242256690399, 0.000308599730488, 0.000722396885976, 0.00068760337308, 0.000471030944027, 0.000292784738122, 4.14812493545e-005, 1.13998030429e-005, 4.78091033074e-006, 2.03298952783e-007, 3.68810670892e-009]
        dvar: [4.81091132643e-013, 9.74944924792e-009, 4.97603984684e-008, 1.55713824057e-008, 1.88171000559e-007, 2.22879457112e-008, 2.14240252205e-008, 1.17554517232e-008, 3.51230085016e-008, 2.98286444433e-008, 1.29139419158e-008, 1.48531018596e-008, 9.13534048408e-009, 1.03902131343e-008, 3.14616563912e-008, 5.66669875468e-008, 6.4721668025e-008, 1.05278978424e-007, 5.21922572716e-007, 4.50431087984e-007, 3.78358578246e-007, 1.80424748919e-007, 3.03768388221e-009, 2.26405616477e-010, 9.05180513877e-011, 2.44444276019e-013, 2.20748134972e-017]
        dvar2: [8.66587129746e-013, 2.7943119818e-008, 1.44649220601e-007, 4.35673221943e-008, 5.17508397024e-007, 5.62749882249e-008, 5.85361270566e-008, 2.84618106861e-008, 7.92841063912e-008, 6.72868338825e-008, 3.30003402382e-008, 3.74530628733e-008, 2.16305817702e-008, 2.370237695e-008, 7.38902699027e-008, 1.3230740592e-007, 1.58493207891e-007, 2.88811008886e-007, 1.43095917338e-006, 1.25322003441e-006, 1.08365384222e-006, 5.15234773957e-007, 8.06752709082e-009, 6.02637106883e-010, 1.89890922431e-010, 5.76056943032e-013, 5.83752674109e-017]
        max: [1.37053384606e-005, 0.00132774445228, 0.00333673181012, 0.00496038747951, 0.00532106636092, 0.00347931706347, 0.0046027302742, 0.00284544518217, 0.00521779013798, 0.00312893860973, 0.004458675161, 0.00253112288192, 0.00247761537321, 0.00222192471847, 0.00370864500292, 0.00499099353328, 0.00541439233348, 0.00442611146718, 0.00958602689207, 0.00629508122802, 0.00556619092822, 0.00378230726346, 0.0011767904507, 0.000372017238988, 0.000283959379885, 2.40836670855e-005, 4.86163003188e-008]
        mean: [3.3322922377e-007, 6.77212665323e-005, 0.000167119185789, 0.000111029519758, 0.00017623353051, 0.000103656835563, 9.39692399697e-005, 8.24156159069e-005, 0.000175866269274, 0.000232893478824, 6.21469735052e-005, 8.97150748642e-005, 6.62412421661e-005, 0.000100548626506, 0.000152640452143, 0.000223951763473, 0.000275629805401, 0.000281402433757, 0.000712507229764, 0.000704772246536, 0.000319663726259, 0.00014052275219, 2.71568915196e-005, 1.01830582935e-005, 5.50271806787e-006, 2.1795491989e-007, 2.4900936868e-009]
        median: [2.96435267444e-008, 4.49538820249e-005, 0.000107106265204, 7.70468177507e-005, 7.7518139733e-005, 4.67843419756e-005, 3.86899191653e-005, 3.39624020853e-005, 7.0664609666e-005, 5.14080857101e-005, 2.14126885112e-005, 3.77001233574e-005, 3.18349775625e-005, 5.53353056603e-005, 5.58983410883e-005, 9.9176337244e-005, 0.000145326222992, 0.000181898722076, 0.00051747407997, 0.000492059160024, 0.000191081970115, 4.91369937663e-005, 1.00749984995e-005, 5.0608341553e-006, 2.77062076748e-006, 1.06704582947e-007, 9.05720554112e-010]
        min: [1.39371069574e-023, 2.88648433515e-023, 3.57123169364e-023, 8.43815322461e-025, 8.46054583027e-024, 1.12840770141e-023, 2.89792124055e-023, 1.81274587776e-023, 9.0057370682e-023, 5.93294903079e-023, 5.1060391553e-023, 6.15291816104e-023, 1.29949763736e-022, 7.72183691487e-023, 1.21368282374e-022, 1.47340435895e-022, 1.211260579e-022, 1.63313947836e-022, 3.56713258305e-022, 3.90661817942e-022, 3.93269628011e-022, 6.48974838849e-022, 6.08256085597e-022, 7.33688806547e-022, 1.3647897486e-021, 1.45862698733e-021, 2.56818153473e-021]
        var: [8.41784053487e-013, 8.65246274628e-009, 4.75595136606e-008, 1.62645292789e-008, 1.40854183428e-007, 3.20881738958e-008, 3.16418926616e-008, 2.11375557058e-008, 1.01234853389e-007, 2.10606515338e-007, 2.22557723362e-008, 2.84363981251e-008, 1.48216603435e-008, 2.07772448135e-008, 8.20203496232e-008, 1.84187555874e-007, 1.69475683265e-007, 1.12692262633e-007, 5.86390001445e-007, 5.42135239812e-007, 2.48034865535e-007, 1.1021205637e-007, 2.78248357688e-009, 2.55335808053e-010, 1.5700832301e-010, 2.78165457248e-013, 1.97971435564e-017]
    frequency_bands:
        dmean: [2.51430918752e-007, 4.42823584308e-005, 0.000110408698674, 7.52607375034e-005, 0.000156217807671, 6.70824665576e-005, 6.34715906926e-005, 5.14959428983e-005, 8.79085710039e-005, 9.01968160179e-005, 3.877598283e-005, 5.45355323993e-005, 4.10225984524e-005, 5.67848692299e-005, 8.18269400042e-005, 0.000112115812954, 0.000146745922393, 0.00017799246416, 0.000414267618908, 0.000394164409954, 0.000256199447904, 0.000157628484885, 2.3806514946e-005, 6.68373286317e-006, 3.09265669785e-006, 1.29669473381e-007, 2.16347251225e-009, 5.41561830103e-011]
        dmean2: [3.35810398155e-007, 7.42100382922e-005, 0.000188531601452, 0.000125707127154, 0.00026852771407, 0.000109237938887, 0.000107480540464, 8.37308180053e-005, 0.000138269140734, 0.000139430514537, 6.27863119007e-005, 8.82162130438e-005, 6.62708116579e-005, 9.1189671366e-005, 0.000129769017803, 0.000181618190254, 0.000242256690399, 0.000308599730488, 0.000722396885976, 0.00068760337308, 0.000471030944027, 0.000292784738122, 4.14812493545e-005, 1.13998030429e-005, 4.78091033074e-006, 2.03298952783e-007, 3.68810670892e-009, 1.01255802354e-010]
        dvar: [4.81091132643e-013, 9.74944924792e-009, 4.97603984684e-008, 1.55713824057e-008, 1.88171000559e-007, 2.22879457112e-008, 2.14240252205e-008, 1.17554517232e-008, 3.51230085016e-008, 2.98286444433e-008, 1.29139419158e-008, 1.48531018596e-008, 9.13534048408e-009, 1.03902131343e-008, 3.14616563912e-008, 5.66669875468e-008, 6.4721668025e-008, 1.05278978424e-007, 5.21922572716e-007, 4.50431087984e-007, 3.78358578246e-007, 1.80424748919e-007, 3.03768388221e-009, 2.26405616477e-010, 9.05180513877e-011, 2.44444276019e-013, 2.20748134972e-017, 9.0088765579e-021]
        dvar2: [8.66587129746e-013, 2.7943119818e-008, 1.44649220601e-007, 4.35673221943e-008, 5.17508397024e-007, 5.62749882249e-008, 5.85361270566e-008, 2.84618106861e-008, 7.92841063912e-008, 6.72868338825e-008, 3.30003402382e-008, 3.74530628733e-008, 2.16305817702e-008, 2.370237695e-008, 7.38902699027e-008, 1.3230740592e-007, 1.58493207891e-007, 2.88811008886e-007, 1.43095917338e-006, 1.25322003441e-006, 1.08365384222e-006, 5.15234773957e-007, 8.06752709082e-009, 6.02637106883e-010, 1.89890922431e-010, 5.76056943032e-013, 5.83752674109e-017, 2.95821080487e-020]
        max: [1.37053384606e-005, 0.00132774445228, 0.00333673181012, 0.00496038747951, 0.00532106636092, 0.00347931706347, 0.0046027302742, 0.00284544518217, 0.00521779013798, 0.00312893860973, 0.004458675161, 0.00253112288192, 0.00247761537321, 0.00222192471847, 0.00370864500292, 0.00499099353328, 0.00541439233348, 0.00442611146718, 0.00958602689207, 0.00629508122802, 0.00556619092822, 0.00378230726346, 0.0011767904507, 0.000372017238988, 0.000283959379885, 2.40836670855e-005, 4.86163003188e-008, 1.98936045415e-009]
        mean: [3.3322922377e-007, 6.77212665323e-005, 0.000167119185789, 0.000111029519758, 0.00017623353051, 0.000103656835563, 9.39692399697e-005, 8.24156159069e-005, 0.000175866269274, 0.000232893478824, 6.21469735052e-005, 8.97150748642e-005, 6.62412421661e-005, 0.000100548626506, 0.000152640452143, 0.000223951763473, 0.000275629805401, 0.000281402433757, 0.000712507229764, 0.000704772246536, 0.000319663726259, 0.00014052275219, 2.71568915196e-005, 1.01830582935e-005, 5.50271806787e-006, 2.1795491989e-007, 2.4900936868e-009, 4.081070204e-011]
        median: [2.96435267444e-008, 4.49538820249e-005, 0.000107106265204, 7.70468177507e-005, 7.7518139733e-005, 4.67843419756e-005, 3.86899191653e-005, 3.39624020853e-005, 7.0664609666e-005, 5.14080857101e-005, 2.14126885112e-005, 3.77001233574e-005, 3.18349775625e-005, 5.53353056603e-005, 5.58983410883e-005, 9.9176337244e-005, 0.000145326222992, 0.000181898722076, 0.00051747407997, 0.000492059160024, 0.000191081970115, 4.91369937663e-005, 1.00749984995e-005, 5.0608341553e-006, 2.77062076748e-006, 1.06704582947e-007, 9.05720554112e-010, 1.4210420167e-011]
        min: [1.39371069574e-023, 2.88648433515e-023, 3.57123169364e-023, 8.43815322461e-025, 8.46054583027e-024, 1.12840770141e-023, 2.89792124055e-023, 1.81274587776e-023, 9.0057370682e-023, 5.93294903079e-023, 5.1060391553e-023, 6.15291816104e-023, 1.29949763736e-022, 7.72183691487e-023, 1.21368282374e-022, 1.47340435895e-022, 1.211260579e-022, 1.63313947836e-022, 3.56713258305e-022, 3.90661817942e-022, 3.93269628011e-022, 6.48974838849e-022, 6.08256085597e-022, 7.33688806547e-022, 1.3647897486e-021, 1.45862698733e-021, 2.56818153473e-021, 5.515141411e-022]
        var: [8.41784053487e-013, 8.65246274628e-009, 4.75595136606e-008, 1.62645292789e-008, 1.40854183428e-007, 3.20881738958e-008, 3.16418926616e-008, 2.11375557058e-008, 1.01234853389e-007, 2.10606515338e-007, 2.22557723362e-008, 2.84363981251e-008, 1.48216603435e-008, 2.07772448135e-008, 8.20203496232e-008, 1.84187555874e-007, 1.69475683265e-007, 1.12692262633e-007, 5.86390001445e-007, 5.42135239812e-007, 2.48034865535e-007, 1.1021205637e-007, 2.78248357688e-009, 2.55335808053e-010, 1.5700832301e-010, 2.78165457248e-013, 1.97971435564e-017, 6.24432464795e-021]
    mfcc:
        mean: [-707.947143555, 72.6109466553, -44.3281860352, 52.7992515564, -15.9514455795, -4.09164953232, 5.74600028992, -2.14892721176, 2.59104156494, 1.99883878231, -3.32083463669, -6.09872722626, -4.12073755264]
        cov: [[7500.14550781, 137.714630127, -485.136901855, 916.678405762, -105.584411621, 219.485443115, 43.0783920288, -3.41036987305, 126.491218567, 152.459976196, 5.81747102737, -78.1435317993, -74.4992599487], [137.714630127, 796.21862793, -260.010528564, -16.7892894745, -138.05809021, -94.6305618286, 69.3757553101, -29.2370967865, 6.62859964371, -49.2881660461, -10.5882015228, -16.5774288177, -6.67654752731], [-485.136901855, -260.010528564, 447.61920166, -1.3466104269, 83.5588760376, 35.9973907471, 0.70353281498, 32.7875137329, -19.0222892761, 5.40116357803, 31.4318122864, 46.668548584, 18.143787384], [916.678405762, -16.7892894745, -1.3466104269, 428.50378418, 125.39251709, 112.186080933, 14.7962999344, -5.67636156082, 67.0910949707, 41.6980819702, 18.4969348907, 16.3339862823, 22.8376159668], [-105.584411621, -138.05809021, 83.5588760376, 125.39251709, 221.844024658, 74.2133407593, -12.9357700348, -14.1584434509, 39.5963897705, 33.594909668, 14.4992017746, 23.2850074768, 28.6184196472], [219.485443115, -94.6305618286, 35.9973907471, 112.186080933, 74.2133407593, 170.745986938, 74.6413955688, 18.7791004181, 26.9561882019, 37.3613624573, 34.1542816162, 8.21560287476, 6.31634473801], [43.0783920288, 69.3757553101, 0.70353281498, 14.7962999344, -12.9357700348, 74.6413955688, 175.993469238, 54.5744628906, 29.8153018951, 14.4859085083, 22.6625499725, 0.12193172425, -8.74100589752], [-3.41036987305, -29.2370967865, 32.7875137329, -5.67636156082, -14.1584434509, 18.7791004181, 54.5744628906, 94.3267440796, 45.7182159424, 16.1706790924, 1.63791620731, -12.855463028, -12.381401062], [126.491218567, 6.62859964371, -19.0222892761, 67.0910949707, 39.5963897705, 26.9561882019, 29.8153018951, 45.7182159424, 128.602813721, 67.6137466431, 5.2286696434, -30.42253685, -16.2813625336], [152.459976196, -49.2881660461, 5.40116357803, 41.6980819702, 33.594909668, 37.3613624573, 14.4859085083, 16.1706790924, 67.6137466431, 102.161155701, 36.6540336609, -7.9981918335, -14.4100551605], [5.81747102737, -10.5882015228, 31.4318122864, 18.4969348907, 14.4992017746, 34.1542816162, 22.6625499725, 1.63791620731, 5.2286696434, 36.6540336609, 71.0690841675, 32.3916969299, 3.92791485786], [-78.1435317993, -16.5774288177, 46.668548584, 16.3339862823, 23.2850074768, 8.21560287476, 0.12193172425, -12.855463028, -30.42253685, -7.9981918335, 32.3916969299, 94.4345779419, 42.6826210022], [-74.4992599487, -6.67654752731, 18.143787384, 22.8376159668, 28.6184196472, 6.31634473801, -8.74100589752, -12.381401062, -16.2813625336, -14.4100551605, 3.92791485786, 42.6826210022, 69.727973938]]
        icov: [[0.000236308711465, 4.75233318866e-005, 0.000209284640732, -0.000619446276687, 0.000428495317465, -0.000114448455861, 5.04342315253e-005, -5.44754439034e-005, 0.000233542043134, -0.000374743744032, 0.00017678628501, -6.63873152007e-006, 0.000207796634641], [4.75233318866e-005, 0.00214909482747, 0.000917887198739, -0.000490991049446, 0.000858261832036, 0.00154374283738, -0.001645510667, 0.00142487918492, -0.0011865372071, 0.00142234365921, -0.0010758099379, 0.000125640057377, -0.000266257178737], [0.000209284640732, 0.000917887198739, 0.00339082325809, -0.000430538086221, -0.000700563599821, 0.000388425251003, -0.000151586355059, -0.00156890542712, 0.000999037409201, 0.000187798083061, -0.00105272617657, -0.000798508059233, 0.00034512107959], [-0.000619446276687, -0.000490991049446, -0.000430538086221, 0.00509251654148, -0.00216154824011, -0.00197325879708, 0.000648587010801, 0.000686047424097, -0.00234072795138, 0.00128110672813, -0.000117015755677, -0.000692140019964, -0.000847232236993], [0.000428495317465, 0.000858261832036, -0.000700563599821, -0.00216154824011, 0.00864396058023, -0.00248875981197, 0.000881482032128, 0.00287040742114, -0.003015342867, -0.000496633350849, 0.00106140959542, -0.000982897239737, -0.00153669342399], [-0.000114448455861, 0.00154374283738, 0.000388425251003, -0.00197325879708, -0.00248875981197, 0.0121925156564, -0.00565434107557, 0.000321111438097, 0.00149506505113, -0.000930155394599, -0.00345051148906, 0.00197890400887, -0.00102415704168], [5.04342315253e-005, -0.001645510667, -0.000151586355059, 0.000648587010801, 0.000881482032128, -0.00565434107557, 0.0105129154399, -0.00512815406546, -0.000437036564108, 0.000692974950653, -0.00103127502371, -0.000859587278683, 0.000906486588065], [-5.44754439034e-005, 0.00142487918492, -0.00156890542712, 0.000686047424097, 0.00287040742114, 0.000321111438097, -0.00512815406546, 0.0186021719128, -0.00844276323915, 0.00276627810672, 0.000436343689216, -0.000140490650665, 0.000376594543923], [0.000233542043134, -0.0011865372071, 0.000999037409201, -0.00234072795138, -0.003015342867, 0.00149506505113, -0.000437036564108, -0.00844276323915, 0.0198433324695, -0.0122811160982, 0.00345369009301, 0.00357133988291, -9.4514907687e-005], [-0.000374743744032, 0.00142234365921, 0.000187798083061, 0.00128110672813, -0.000496633350849, -0.000930155394599, 0.000692974950653, 0.00276627810672, -0.0122811160982, 0.0231573916972, -0.0116774924099, 0.00136868271511, 0.00187162170187], [0.00017678628501, -0.0010758099379, -0.00105272617657, -0.000117015755677, 0.00106140959542, -0.00345051148906, -0.00103127502371, 0.000436343689216, 0.00345369009301, -0.0116774924099, 0.0261349882931, -0.00961247831583, 0.0030282640364], [-6.63873152007e-006, 0.000125640057377, -0.000798508059233, -0.000692140019964, -0.000982897239737, 0.00197890400887, -0.000859587278683, -0.000140490650665, 0.00357133988291, 0.00136868271511, -0.00961247831583, 0.0203870981932, -0.0102904643863], [0.000207796634641, -0.000266257178737, 0.00034512107959, -0.000847232236993, -0.00153669342399, -0.00102415704168, 0.000906486588065, 0.000376594543923, -9.4514907687e-005, 0.00187162170187, 0.0030282640364, -0.0102904643863, 0.0221228804439]]
    sccoeffs:
        dmean: [0.0503182597458, 0.0444929115474, 0.0366292148829, 0.0289176888764, 0.0200573652983, 0.0200758948922]
        dmean2: [0.0835398882627, 0.0735939964652, 0.0596805922687, 0.0473548993468, 0.0334691815078, 0.0325616896152]
        dvar: [0.00189475808293, 0.00128868792672, 0.00086380308494, 0.00054345530225, 0.000264031259576, 0.000420277909143]
        dvar2: [0.00519361998886, 0.00352068245411, 0.00224554352462, 0.00137724797241, 0.000698815390933, 0.00107133702841]
        max: [-0.344763696194, -0.469787448645, -0.516726434231, -0.552940487862, -0.611959517002, -0.57598811388]
        mean: [-0.670104205608, -0.769539415836, -0.770493090153, -0.784875154495, -0.791438281536, -0.755058050156]
        median: [-0.671973705292, -0.775854289532, -0.781609177589, -0.79064899683, -0.793459057808, -0.754999518394]
        min: [-0.964891314507, -0.969222426414, -0.967095017433, -0.967164814472, -0.960709214211, -0.96438574791]
        var: [0.00498098041862, 0.00425188895315, 0.00520336022601, 0.00276420707814, 0.00129720661789, 0.0017009631265]
    scvalleys:
        dmean: [0.363719403744, 0.353314995766, 0.285720586777, 0.245648145676, 0.241424992681, 0.27573159337]
        dmean2: [0.6037145257, 0.586004674435, 0.460681289434, 0.386893153191, 0.385150402784, 0.39897030592]
        dvar: [0.109579704702, 0.115279167891, 0.0738103464246, 0.0666314586997, 0.101565264165, 0.160549327731]
        dvar2: [0.259205520153, 0.269488960505, 0.151845827699, 0.122249595821, 0.212881207466, 0.341472893953]
        max: [-5.1528635025, -4.75628709793, -5.4504942894, -5.78744697571, -5.0507941246, -7.10527086258]
        mean: [-7.34034776688, -7.00537729263, -7.31083869934, -7.3705701828, -6.90036869049, -9.33627033234]
        median: [-7.05813884735, -6.84342861176, -7.12594366074, -7.13669013977, -6.62949132919, -9.05291461945]
        min: [-27.8826408386, -27.1276779175, -27.2301464081, -27.1108608246, -27.2233066559, -27.2198257446]
        var: [1.66785955429, 1.49607217312, 1.48009717464, 1.6497849226, 1.97202706337, 2.20005226135]

rhythm:
    beats_loudness:
        dmean: 0.00162339326926
        dmean2: 0.00283675245009
        dvar: 1.96368000616e-006
        dvar2: 5.70716338189e-006
        max: 0.0133525589481
        mean: 0.00472054863349
        median: 0.00463596824557
        min: 1.92782623198e-010
        var: 4.16749071519e-006
    bpm: 142.040664673
    bpm_confidence: 0
    first_peak_bpm: 144
    first_peak_spread: 0.397058814764
    first_peak_weight: 0.592295348644
    onset_rate: 3.13148355484
    second_peak_bpm: 136
    second_peak_spread: 0.111111104488
    second_peak_weight: 0.0128410914913
    beats_loudness_band_ratio:
        dmean: [0.0766504630446, 0.087045148015, 0.0780839025974, 0.0814267173409, 0.107640504837, 0.121284678578]
        dmean2: [0.134981438518, 0.153935775161, 0.138612046838, 0.144095942378, 0.191422045231, 0.213533848524]
        dvar: [0.00474267918617, 0.00525246886536, 0.00777253508568, 0.00981461443007, 0.0115579143167, 0.0100966384634]
        dvar2: [0.0134376790375, 0.013931857422, 0.0216753911227, 0.0264532137662, 0.0345013774931, 0.028943778947]
        max: [0.884246885777, 0.620316624641, 0.755901217461, 0.769296705723, 0.720910906792, 0.849446058273]
        mean: [0.14633384347, 0.0946369767189, 0.107559472322, 0.10803373158, 0.227671459317, 0.364350944757]
        median: [0.131046891212, 0.0692019760609, 0.0736722350121, 0.056611686945, 0.198889359832, 0.368822664022]
        min: [6.63712708047e-005, 0.00158906762954, 0.0065314238891, 0.00424618972465, 0.00872480589896, 0.00638322951272]
        var: [0.0129352994263, 0.00755983451381, 0.0108392816037, 0.014601313509, 0.0140251163393, 0.0205450933427]
    beats_position: [0.417959183455, 0.847528338432, 1.27709746361, 1.71827661991, 2.15945577621, 2.60063481331, 3.06503391266, 3.52943301201, 3.98222208023, 4.42340135574, 4.841360569, 5.25931978226, 5.67727899551, 6.09523820877, 6.52480697632, 6.94276618958, 7.3491153717, 7.77868461609, 8.19664382935, 8.6146030426, 9.04417228699, 9.47374153137, 9.89170074463, 10.321269989, 10.7508392334, 11.1687984467, 11.5867567062, 12.0047159195, 12.4226751328, 12.8522443771, 13.2702035904, 13.6881628036, 14.1061220169, 14.5356912613, 14.9536504745, 15.3832197189, 15.8127889633, 16.2307472229, 16.6487064362, 17.0666656494, 17.4962348938, 17.9258041382, 18.3437633514, 18.7617225647, 19.179681778, 19.6092510223, 20.0388202667, 20.45677948, 20.8747386932, 21.2926979065, 21.7106571198, 22.1402263641, 22.5697956085, 22.9877548218, 23.405714035, 23.8236732483, 24.2532424927, 24.6828117371, 25.1007709503, 25.5187301636, 25.948299408, 26.3662586212, 26.7958278656, 27.2137870789, 27.6317462921, 28.0613155365, 28.4908847809, 28.9088420868, 29.3268013, 29.7447605133, 30.1859397888, 30.6038990021, 31.0218582153, 31.4398174286, 31.869386673, 32.2873458862, 32.7169151306, 33.1348762512, 33.5528335571, 33.9707946777, 34.4003639221, 34.8299331665, 35.2478904724, 35.6658477783, 36.0954170227, 36.5249862671, 36.9429473877, 37.3609046936, 37.7788658142, 38.1968231201, 38.6263923645, 39.0559616089, 39.4739227295, 39.8918800354, 40.3214492798, 40.7394104004, 41.1689796448, 41.5869369507, 42.0048980713, 42.4228553772, 42.8408164978, 43.2703857422, 43.6999549866, 44.1179122925, 44.5474815369, 44.9770507813, 45.3950119019, 45.8129692078, 46.2309303284, 46.6488876343, 47.0784568787, 47.4964179993, 47.9143753052, 48.3439445496, 48.7619056702, 49.1798629761, 49.5978240967, 50.0273895264, 50.4569587708, 50.8749198914, 51.2928771973, 51.7224464417, 52.1404075623, 52.5699768066, 52.9879341125, 53.4058952332, 53.8354644775, 54.2534217834, 54.6829910278, 55.1009521484, 55.5189094543, 55.936870575, 56.3664398193, 56.7960090637, 57.2139663696, 57.6319274902, 58.0614967346, 58.491065979, 58.9090232849, 59.3269844055, 59.7449417114, 60.1745109558, 60.6040802002, 61.0220413208, 61.4399986267, 61.8579597473, 62.2759170532, 62.7054862976, 63.135055542, 63.5530128479, 63.9709739685, 64.3889312744, 64.8185043335, 65.2480697632, 65.6660308838, 66.0839920044, 66.5019454956, 66.9199066162, 67.3378677368, 67.7674331665, 68.1970062256, 68.6149673462, 69.0445327759, 69.474105835, 69.8920593262, 70.3100204468, 70.7279815674, 71.145942688, 71.5755081177, 72.0050811768, 72.423034668, 72.8526077271, 73.2821731567, 73.7001342773, 74.1180953979, 74.5360565186, 74.9656219482, 75.3951950073, 75.8131484985, 76.2311096191, 76.6606826782, 77.0786361694, 77.5082092285, 77.9261627197, 78.3441238403, 78.7620849609, 79.1916503906, 79.6096115112, 80.0391845703, 80.4571380615, 80.8750991821, 81.2930603027, 81.7226257324, 82.1521987915, 82.5701599121, 82.9881134033, 83.4060745239, 83.835647583, 84.2652130127, 84.6831741333, 85.1011352539, 85.5190887451, 85.9486618042, 86.3782272339, 86.7961883545, 87.2141494751, 87.6437149048, 88.0616760254, 88.4912490845, 88.9092025757, 89.3271636963, 89.7451248169, 90.1746902466, 90.5926513672, 91.0222167969, 91.4401779175, 91.8581390381, 92.2761001587, 92.7056655884, 93.1352386475, 93.5531921387, 93.9711532593, 94.4007263184, 94.8186798096, 95.2482528687, 95.6662139893, 96.0841674805, 96.5021286011, 96.9200897217, 97.3496551514, 97.7792282104, 98.1971893311, 98.6151428223, 99.0447158813, 99.462677002, 99.8922424316, 100.321815491, 100.739768982, 101.169342041, 101.587303162, 102.005256653, 102.423217773, 102.841178894, 103.270744324, 103.700317383, 104.118278503, 104.536231995, 104.954193115, 105.383758545, 105.813331604, 106.231292725, 106.649246216, 107.067207336, 107.485168457, 107.914733887, 108.344306946, 108.762268066, 109.180221558, 109.609794617, 110.039360046, 110.457321167, 110.875282288, 111.293243408, 111.711196899, 112.140769958, 112.570335388, 112.988296509, 113.406257629, 113.82421875, 114.25378418, 114.683357239, 115.10131073, 115.519271851, 115.94884491, 116.378410339, 116.79637146, 117.214332581, 117.632286072, 118.050247192, 118.468208313, 118.886169434, 119.304122925, 119.722084045, 120.140045166, 120.557998657, 120.975959778, 121.405532837, 121.835098267, 122.264671326, 122.694236755, 123.123809814, 123.553375244, 123.971336365, 124.400901794, 124.830474854, 125.248435974, 125.666389465, 126.084350586, 126.525527954, 126.943489075, 127.361450195, 127.779411316, 128.197372437, 128.615325928, 129.044891357, 129.474472046, 129.892425537, 130.310379028, 130.739959717, 131.169525146, 131.587478638, 132.005432129, 132.423400879, 132.84135437, 133.2709198, 133.700500488, 134.118453979, 134.536407471, 134.954376221, 135.38394165, 135.81350708, 136.23147583, 136.649429321, 137.067382813, 137.496963501, 137.926528931, 138.344482422, 138.762451172, 139.180404663, 139.609970093, 140.039550781, 140.457504272, 140.875457764, 141.293426514, 141.722991943, 142.152557373, 142.570526123, 142.988479614, 143.406433105, 143.824401855, 144.253967285, 144.683532715, 145.101501465, 145.519454956, 145.937408447, 146.366973877, 146.796554565, 147.214508057, 147.632461548, 148.050430298, 148.479995728, 148.909561157, 149.327529907, 149.745483398, 150.16343689, 150.593017578, 151.010971069, 151.440536499, 151.858505249, 152.27645874, 152.717636108, 153.135604858, 153.55355835, 153.971511841, 154.389480591, 154.807434082, 155.236999512, 155.6665802, 156.084533691, 156.514099121, 156.943664551, 157.361633301, 157.779586792, 158.197555542, 158.615509033, 159.045074463, 159.474639893, 159.892608643, 160.310562134, 160.728515625, 161.158096313, 161.587661743, 162.005615234, 162.423583984, 162.841537476, 163.259490967, 163.689071655, 164.118637085, 164.536590576, 164.954559326, 165.384124756, 165.813690186, 166.231658936, 166.649612427, 167.067565918, 167.485534668, 167.903488159, 168.333053589, 168.762634277, 169.180587769, 169.59854126, 170.028121948, 170.446075439, 170.875640869, 171.293609619, 171.71156311, 172.14112854, 172.57069397, 172.98866272, 173.406616211, 173.836181641, 174.265762329, 174.68371582, 175.101669312, 175.519638062, 175.937591553, 176.367156982, 176.796737671, 177.214691162, 177.632644653, 178.062225342, 178.491790771, 178.909744263, 179.327713013, 179.745666504, 180.163619995, 180.593200684, 181.022766113, 181.440719604, 181.858688354, 182.288253784, 182.717819214, 183.135772705, 183.553741455, 183.971694946, 184.389663696, 184.819229126, 185.248794556, 185.666748047, 186.084716797, 186.514282227, 186.943847656, 187.361816406, 187.779769897, 188.197723389, 188.615692139, 189.03364563, 189.451599121, 189.88117981, 190.310745239, 190.72869873, 191.14666748, 191.564620972, 191.994186401, 192.412155151, 192.841720581, 193.271286011, 193.70085144, 194.11882019, 194.536773682, 194.954742432, 195.372695923, 195.802261353, 196.231826782, 196.649795532, 197.067749023, 197.485717773, 197.915283203, 198.344848633, 198.762802124, 199.180770874, 199.610336304, 200.039901733, 200.457870483, 200.875823975, 201.293777466, 201.723358154, 202.152923584, 202.570877075, 202.988845825, 203.406799316, 203.836364746, 204.265930176, 204.683898926, 205.101852417, 205.519821167, 205.937774658, 206.355728149, 206.785308838, 207.214874268, 207.632827759, 208.050796509, 208.480361938, 208.909927368, 209.327880859, 209.745849609, 210.163803101, 210.581771851, 210.999725342, 211.429290771, 211.858856201, 212.276824951, 212.706390381, 213.135955811, 213.553924561, 213.971878052, 214.401443481, 214.831008911, 215.248977661, 215.666931152, 216.084899902, 216.502853394, 216.932418823, 217.361984253, 217.779953003, 218.197906494, 218.627471924, 219.057052612, 219.475006104, 219.892959595, 220.322540283, 220.740493774, 221.170059204, 221.588027954, 222.005981445, 222.423934937, 222.841903687, 223.271469116, 223.701034546, 224.119003296, 224.536956787, 224.954910278, 225.372879028, 225.79083252, 226.20880127, 226.638366699, 227.067932129, 227.48588562, 227.915466309, 228.3334198, 228.751373291, 229.180953979, 229.610519409, 230.040084839, 230.45803833, 230.87600708, 231.293960571, 231.711929321, 232.141494751, 232.571060181, 232.989013672, 233.406982422, 233.836547852, 234.266113281, 234.684082031, 235.102035522, 235.531600952, 235.949569702, 236.379135132, 236.797088623, 237.215057373, 237.633010864, 238.062576294, 238.480545044, 238.910110474, 239.328063965, 239.746032715, 240.163986206, 240.593551636, 241.023132324, 241.441085815, 241.859039307, 242.288604736, 242.706573486, 243.136138916, 243.554092407, 243.983673096, 244.413238525, 244.831192017, 245.249160767, 245.678726196, 246.085067749, 246.503036499, 246.932601929, 247.362167358, 247.780136108, 248.1980896, 248.616043091, 249.045623779, 249.475189209, 249.8931427, 250.31111145, 250.729064941, 251.158630371, 251.58821106, 252.006164551, 252.424118042, 252.842086792, 253.271652222, 253.701217651, 254.119186401, 254.537139893, 254.955093384, 255.384674072, 255.814239502, 256.232208252, 256.650146484, 257.068115234, 257.486083984, 257.915649414, 258.333587646, 258.751556396, 259.181121826, 259.610687256, 260.040252686, 260.458221436, 260.876190186, 261.305755615, 261.735321045, 262.176513672, 262.606079102, 263.035644531, 263.465209961, 263.894775391]
