
metadata:
    version:
        essentia: "2.1-beta2"
    audio_properties:
        analysis_sample_rate: 44100
        bitrate: 265
        channels: 2
        equal_loudness: 1
        length: 262.321624756
        replay_gain: -14.3582687378
        downmix: "mix"
    tags:
        album: "L'Enfant Sauvage"
        artist: "Gojira"
        comment: "Live at les Eurockéennes 2009."
        date: "2012"
        genre: "Metal"
        title: "Love"
        tracknumber: "4/11"

configuration:
    average_loudness:
        compute: 1
        frameSize: 88200
        hopSize: 44100
        silentFrames: "noise"
        windowType: "hann"
    general:
        analysisSampleRate: 44100
        endTime: 2000
        equalLoudness: 1
        nequalLoudness: 0
        shortSound: 0
        startTime: 0
    lowlevel:
        compute: 1
        frameSize: 2048
        hopSize: 1024
        zeroPadding: 0
        silentFrames: "noise"
        windowType: "blackmanharris62"
        mfccStats: ["mean", "cov", "icov"]
        stats: ["mean", "var", "median", "min", "max", "dmean", "dmean2", "dvar", "dvar2"]
    panning:
        compute: 0
        frameSize: 8192
        hopSize: 2048
        zeroPadding: 8192
        silentFrames: "noise"
        windowType: "hann"
        stats: ["copy"]
    rhythm:
        compute: 1
        maxTempo: 208
        minTempo: 40
        method: "degara"
        stats: ["mean", "var", "median", "min", "max", "dmean", "dmean2", "dvar", "dvar2"]
    segmentation:
        compute: 0
        cpw: 5
        inc1: 300
        inc2: 50
        minimumSegmentsLength: 10
        size1: 1000
        size2: 600
    sfx:
        compute: 1
        stats: ["mean", "var", "median", "min", "max", "dmean", "dmean2", "dvar", "dvar2"]
    svm:
        compute: 0
    tonal:
        compute: 1
        frameSize: 4096
        hopSize: 2048
        zeroPadding: 0
        silentFrames: "noise"
        windowType: "blackmanharris62"
        stats: ["mean", "var", "median", "min", "max", "dmean", "dmean2", "dvar", "dvar2"]

lowlevel:
    average_loudness: 0.878987550735
    barkbands_kurtosis:
        dmean: 0.531721711159
        dmean2: 0.888167202473
        dvar: 1.03345346451
        dvar2: 2.6132478714
        max: 34.2317466736
        mean: -0.749721944332
        median: -1.12298369408
        min: -1.90991806984
        var: 1.8996411562
    barkbands_skewness:
        dmean: 0.347773969173
        dmean2: 0.558523058891
        dvar: 0.112331449986
        dvar2: 0.27772885561
        max: 5.33116006851
        mean: 0.304418385029
        median: 0.211839452386
        min: -3.11859369278
        var: 0.412616252899
    barkbands_spread:
        dmean: 4.84694671631
        dmean2: 7.9408159256
        dvar: 20.7861633301
        dvar2: 53.2250213623
        max: 69.1798858643
        mean: 31.2053279877
        median: 31.6780185699
        min: 2.33014822006
        var: 75.9333648682
    dissonance:
        dmean: 0.0118911750615
        dmean2: 0.0204284843057
        dvar: 0.000144366567838
        dvar2: 0.000386131345294
        max: 0.500000119209
        mean: 0.480001121759
        median: 0.484423071146
        min: 0.169265851378
        var: 0.000282774388324
    hfc:
        dmean: 2.05460095406
        dmean2: 3.37928700447
        dvar: 10.6337957382
        dvar2: 25.6296005249
        max: 44.1008720398
        mean: 6.04492855072
        median: 4.34273147583
        min: 1.94130197397e-016
        var: 23.1208515167
    pitch:
        dmean: 499.57321167
        dmean2: 952.867370605
        dvar: 1037987.4375
        dvar2: 2797668.5
        max: 5905.98339844
        mean: 573.254882813
        median: 246.040420532
        min: 65.2945175171
        var: 906051.6875
    pitch_instantaneous_confidence:
        dmean: 0.0641315504909
        dmean2: 0.107194513083
        dvar: 0.00365256983787
        dvar2: 0.00932579208165
        max: 0.917948424816
        mean: 0.284752696753
        median: 0.247377932072
        min: 0.0972673892975
        var: 0.0150958299637
    pitch_salience:
        dmean: 0.0528268069029
        dmean2: 0.0895015448332
        dvar: 0.00225544488057
        dvar2: 0.00623410288244
        max: 0.876128613949
        mean: 0.699490308762
        median: 0.714187085629
        min: 0.164385408163
        var: 0.00529907178134
    silence_rate_20dB:
        dmean: 0
        dmean2: 0
        dvar: 0
        dvar2: 0
        max: 1
        mean: 1
        median: 1
        min: 1
        var: 0
    silence_rate_30dB:
        dmean: 0
        dmean2: 0
        dvar: 0
        dvar2: 0
        max: 1
        mean: 1
        median: 1
        min: 1
        var: 0
    silence_rate_60dB:
        dmean: 0.138785630465
        dmean2: 0.277595818043
        dvar: 0.119536496699
        dvar2: 0.25507837534
        max: 1
        mean: 0.526595294476
        median: 1
        min: 0
        var: 0.249310612679
    spectral_centroid:
        dmean: 232.294815063
        dmean2: 368.736358643
        dvar: 52828.5507813
        dvar2: 121457.625
        max: 4334.88769531
        mean: 1467.85571289
        median: 1487.92382813
        min: 287.060577393
        var: 184646.515625
    spectral_complexity:
        dmean: 4.37245512009
        dmean2: 7.17694950104
        dvar: 26.1193885803
        dvar2: 60.5535163879
        max: 53
        mean: 14.3302059174
        median: 12
        min: 0
        var: 87.0682220459
    spectral_crest:
        dmean: 2.12512755394
        dmean2: 3.59053850174
        dvar: 4.55374097824
        dvar2: 12.333896637
        max: 24.376619339
        mean: 6.32475233078
        median: 5.37661743164
        min: 1.9850372076
        var: 10.3282756805
    spectral_decrease:
        dmean: 3.24787807759e-010
        dmean2: 5.4588372711e-010
        dvar: 3.1294413922e-019
        dvar2: 8.02581812099e-019
        max: -3.39053002547e-026
        mean: -9.09902153623e-010
        median: -6.80363043681e-010
        min: -5.56021451104e-009
        var: 4.6244674688e-019
    spectral_energy:
        dmean: 0.00138953921851
        dmean2: 0.00232695881277
        dvar: 5.52440815227e-006
        dvar2: 1.40104457387e-005
        max: 0.0226639527828
        mean: 0.00398249318823
        median: 0.00295173306949
        min: 1.45574611274e-019
        var: 8.75148907653e-006
    spectral_energyband_high:
        dmean: 0.000143204451888
        dmean2: 0.000236662395764
        dvar: 5.19412068911e-008
        dvar2: 1.26359836372e-007
        max: 0.00248352438211
        mean: 0.000297552964184
        median: 0.000199817848625
        min: 1.11869893214e-020
        var: 8.79641319784e-008
    spectral_energyband_low:
        dmean: 0.000229698023759
        dmean2: 0.000401551340474
        dvar: 1.30621074845e-007
        dvar2: 3.64538010444e-007
        max: 0.00310172443278
        mean: 0.000317005906254
        median: 0.000226432443014
        min: 6.85506157867e-020
        var: 1.24616775565e-007
    spectral_energyband_middle_high:
        dmean: 0.00060590414796
        dmean2: 0.000996696646325
        dvar: 7.74700311013e-007
        dvar2: 1.88142803381e-006
        max: 0.0103721460328
        mean: 0.00187420507427
        median: 0.00134075421374
        min: 1.13050822785e-020
        var: 2.40857798417e-006
    spectral_energyband_middle_low:
        dmean: 0.000814521452412
        dmean2: 0.00138276058715
        dvar: 2.74059470939e-006
        dvar2: 7.38245171306e-006
        max: 0.0180098321289
        mean: 0.00160460732877
        median: 0.00122496695258
        min: 6.72584627346e-020
        var: 2.65224025497e-006
    spectral_flatness_db:
        dmean: 0.0136966360733
        dmean2: 0.0217830967158
        dvar: 0.000164197583217
        dvar2: 0.000405764963944
        max: 0.365173280239
        mean: 0.126124039292
        median: 0.111384883523
        min: 0.047135155648
        var: 0.00205811741762
    spectral_flux:
        dmean: 0.00753287319094
        dmean2: 0.0121561074629
        dvar: 0.000116815499496
        dvar2: 0.000235465500737
        max: 0.12811242044
        mean: 0.0379732400179
        median: 0.0337604172528
        min: 2.56826369878e-005
        var: 0.000308542366838
    spectral_kurtosis:
        dmean: 1.05201923847
        dmean2: 1.74617981911
        dvar: 1.44290208817
        dvar2: 4.20278072357
        max: 17.893404007
        mean: 3.7771499157
        median: 3.55780243874
        min: -0.872985303402
        var: 2.92541074753
    spectral_rms:
        dmean: 0.000299553765217
        dmean2: 0.000495490792673
        dvar: 1.6294806926e-007
        dvar2: 4.02913997277e-007
        max: 0.00470225187019
        mean: 0.00186217320152
        median: 0.00169697962701
        min: 1.19173828791e-011
        var: 4.17682713305e-007
    spectral_rolloff:
        dmean: 402.828033447
        dmean2: 653.230773926
        dvar: 182850.953125
        dvar2: 424347.875
        max: 6653.75976563
        mean: 2974.08276367
        median: 3079.24804688
        min: 215.33203125
        var: 642811.125
    spectral_skewness:
        dmean: 0.160763040185
        dmean2: 0.260886192322
        dvar: 0.0245687756687
        dvar2: 0.0603464320302
        max: 3.24445104599
        mean: 1.51614689827
        median: 1.5150629282
        min: -0.0274459328502
        var: 0.0822656676173
    spectral_spread:
        dmean: 531680.1875
        dmean2: 770133.5625
        dvar: 498168889344
        dvar2: 820658176000
        max: 48418740
        mean: 5020795.5
        median: 5051658.5
        min: 2136270
        var: 2.18136064819e+012
    spectral_strongpeak:
        dmean: 0.236428409815
        dmean2: 0.410974532366
        dvar: 0.158492088318
        dvar2: 0.423705071211
        max: 7.01412677765
        mean: 0.347458958626
        median: 0.204307407141
        min: 2.25650553798e-010
        var: 0.19937518239
    zerocrossingrate:
        dmean: 0.00769814429805
        dmean2: 0.0095686186105
        dvar: 6.71725501888e-005
        dvar2: 8.60578511492e-005
        max: 0.43017578125
        mean: 0.087067514658
        median: 0.08837890625
        min: 0.01123046875
        var: 0.000431678927271
    barkbands:
        dmean: [1.01528257801e-006, 6.03808148298e-005, 0.000133454246679, 0.000116866118333, 0.000540611799806, 0.000222882401431, 5.84607878409e-005, 5.9066045651e-005, 0.000153927961946, 0.000118597745313, 8.35112150526e-005, 8.01725109341e-005, 8.35378159536e-005, 7.04629565007e-005, 7.22097320249e-005, 0.000117802432214, 0.00011114696099, 0.000107233674498, 0.000138211355079, 0.000117965006211, 7.05026686774e-005, 2.73759123957e-005, 4.96857865073e-006, 2.89700346912e-006, 2.03262243303e-006, 1.04234842979e-007, 9.96200011372e-010]
        dmean2: [1.60664433224e-006, 0.000100950201158, 0.000235513027292, 0.000205279429792, 0.000925199419726, 0.000383396778489, 0.000100174635008, 0.000101380806882, 0.000258858548477, 0.000199340836843, 0.000140853953781, 0.000135262642289, 0.000139253286761, 0.00011913113849, 0.000120656572108, 0.000199188812985, 0.000189158643479, 0.000179633760126, 0.000234165650909, 0.000194443884538, 0.000119772732432, 4.61411618744e-005, 7.95003597887e-006, 4.61015088149e-006, 3.12679071612e-006, 1.53507940581e-007, 1.47571310727e-009]
        dvar: [2.70970117004e-012, 8.02177169135e-009, 4.77151083089e-008, 3.10033705375e-008, 1.61447508162e-006, 1.08913170038e-007, 1.57812358736e-008, 1.42904843514e-008, 6.20056752609e-008, 2.78988316893e-008, 2.32488748253e-008, 2.02584402587e-008, 3.2117739579e-008, 1.87463236045e-008, 1.78710948262e-008, 2.6234983963e-008, 3.11048147239e-008, 3.0639533577e-008, 4.81100279615e-008, 4.06573832379e-008, 1.29095081292e-008, 2.06617012388e-009, 8.66753960271e-011, 2.64156647944e-011, 2.08608616492e-011, 4.1249467763e-014, 3.55395875437e-018]
        dvar2: [6.44347769585e-012, 2.22727560839e-008, 1.34062574375e-007, 8.57627995288e-008, 4.36168647866e-006, 2.94106058618e-007, 4.26640163198e-008, 3.87769070187e-008, 1.66060473816e-007, 7.28325275645e-008, 6.00707821263e-008, 5.32502468786e-008, 8.31429360915e-008, 4.73143515478e-008, 4.59840627798e-008, 6.69238175988e-008, 7.97275774289e-008, 7.40471222116e-008, 1.24631881704e-007, 9.69057367683e-008, 3.31609193438e-008, 5.22192911134e-009, 1.96048580148e-010, 6.31807453577e-011, 5.08490576034e-011, 8.9831950472e-014, 7.3073557175e-018]
        max: [1.27738621813e-005, 0.000972341978922, 0.00197751726955, 0.00186807755381, 0.0142588848248, 0.00458044558764, 0.00245695188642, 0.00237824511714, 0.00515050813556, 0.00385969062336, 0.00400735298172, 0.00243411026895, 0.0041531776078, 0.00308453547768, 0.00403888290748, 0.00425291480497, 0.00499330693856, 0.00382240000181, 0.00462006824091, 0.00440569873899, 0.00157778337598, 0.000548498996068, 0.000135666719871, 8.92151656444e-005, 0.000128353509353, 4.52044150734e-006, 3.12924441914e-008]
        mean: [1.06782965759e-006, 9.24175037653e-005, 0.000152912805788, 0.000130973145133, 0.000641034683213, 0.000338421872584, 7.61841292842e-005, 7.73134888732e-005, 0.000274254998658, 0.000206984914257, 0.000144766992889, 0.000137629991514, 0.000157658054377, 0.000112744186481, 0.000139119889354, 0.000229020632105, 0.000204133742955, 0.000201833696337, 0.000257828301983, 0.000215978114284, 0.000127261286252, 4.505358811e-005, 8.99922633835e-006, 5.18209662914e-006, 3.5175839912e-006, 1.85030771149e-007, 1.68181790716e-009]
        median: [3.49373948438e-007, 6.28977140877e-005, 8.86114212335e-005, 7.18125884305e-005, 0.000331114919391, 0.000234194129007, 4.00406424887e-005, 4.31917069363e-005, 0.000169668972376, 0.000140858493978, 8.5314422904e-005, 8.04827359389e-005, 6.88623185852e-005, 5.60263470106e-005, 9.67191299424e-005, 0.000170243423781, 0.000141938900924, 0.000123372694361, 0.000179032242158, 0.000138185510878, 7.93382714619e-005, 2.38328702835e-005, 4.86007684231e-006, 2.84267503048e-006, 1.83480517535e-006, 8.45752552436e-008, 6.22070839285e-010]
        min: [1.18885321849e-021, 2.41187804356e-020, 2.97203861515e-020, 2.49369913084e-020, 2.1992818017e-020, 8.84759814888e-021, 4.33902235128e-021, 3.37221300509e-021, 3.18403648393e-021, 2.23457632213e-021, 1.56538750949e-021, 1.42680981627e-021, 1.17015350423e-021, 9.56905595108e-022, 9.68228639484e-022, 8.09591160068e-022, 7.10836831409e-022, 7.11077957789e-022, 7.02351060962e-022, 7.21830043575e-022, 8.78270223514e-022, 9.65808288009e-022, 9.84773362451e-022, 1.542090844e-021, 1.41855063191e-021, 1.81387500908e-021, 3.50512614691e-021]
        var: [3.11553647464e-012, 1.05889155222e-008, 4.07437710237e-008, 3.01310798534e-008, 1.38736231747e-006, 1.3980125857e-007, 1.75194134755e-008, 1.46990659644e-008, 1.05125465666e-007, 5.57029125048e-008, 4.96800645067e-008, 3.74081565724e-008, 9.79711458626e-008, 3.8168916916e-008, 3.75135620345e-008, 5.56828716469e-008, 5.9508845851e-008, 6.30985894645e-008, 7.004943825e-008, 6.21988078819e-008, 1.84916508772e-008, 3.00465208269e-009, 1.57374918652e-010, 4.70418218268e-011, 2.8290656276e-011, 7.91964828136e-014, 7.44591343319e-018]
    frequency_bands:
        dmean: [1.01528257801e-006, 6.03808148298e-005, 0.000133454246679, 0.000116866118333, 0.000540611799806, 0.000222882401431, 5.84607878409e-005, 5.9066045651e-005, 0.000153927961946, 0.000118597745313, 8.35112150526e-005, 8.01725109341e-005, 8.35378159536e-005, 7.04629565007e-005, 7.22097320249e-005, 0.000117802432214, 0.00011114696099, 0.000107233674498, 0.000138211355079, 0.000117965006211, 7.05026686774e-005, 2.73759123957e-005, 4.96857865073e-006, 2.89700346912e-006, 2.03262243303e-006, 1.04234842979e-007, 9.96200011372e-010, 4.71425433413e-011]
        dmean2: [1.60664433224e-006, 0.000100950201158, 0.000235513027292, 0.000205279429792, 0.000925199419726, 0.000383396778489, 0.000100174635008, 0.000101380806882, 0.000258858548477, 0.000199340836843, 0.000140853953781, 0.000135262642289, 0.000139253286761, 0.00011913113849, 0.000120656572108, 0.000199188812985, 0.000189158643479, 0.000179633760126, 0.000234165650909, 0.000194443884538, 0.000119772732432, 4.61411618744e-005, 7.95003597887e-006, 4.61015088149e-006, 3.12679071612e-006, 1.53507940581e-007, 1.47571310727e-009, 8.7590643072e-011]
        dvar: [2.70970117004e-012, 8.02177169135e-009, 4.77151083089e-008, 3.10033705375e-008, 1.61447508162e-006, 1.08913170038e-007, 1.57812358736e-008, 1.42904843514e-008, 6.20056752609e-008, 2.78988316893e-008, 2.32488748253e-008, 2.02584402587e-008, 3.2117739579e-008, 1.87463236045e-008, 1.78710948262e-008, 2.6234983963e-008, 3.11048147239e-008, 3.0639533577e-008, 4.81100279615e-008, 4.06573832379e-008, 1.29095081292e-008, 2.06617012388e-009, 8.66753960271e-011, 2.64156647944e-011, 2.08608616492e-011, 4.1249467763e-014, 3.55395875437e-018, 5.52564565562e-021]
        dvar2: [6.44347769585e-012, 2.22727560839e-008, 1.34062574375e-007, 8.57627995288e-008, 4.36168647866e-006, 2.94106058618e-007, 4.26640163198e-008, 3.87769070187e-008, 1.66060473816e-007, 7.28325275645e-008, 6.00707821263e-008, 5.32502468786e-008, 8.31429360915e-008, 4.73143515478e-008, 4.59840627798e-008, 6.69238175988e-008, 7.97275774289e-008, 7.40471222116e-008, 1.24631881704e-007, 9.69057367683e-008, 3.31609193438e-008, 5.22192911134e-009, 1.96048580148e-010, 6.31807453577e-011, 5.08490576034e-011, 8.9831950472e-014, 7.3073557175e-018, 1.76621478473e-020]
        max: [1.27738621813e-005, 0.000972341978922, 0.00197751726955, 0.00186807755381, 0.0142588848248, 0.00458044558764, 0.00245695188642, 0.00237824511714, 0.00515050813556, 0.00385969062336, 0.00400735298172, 0.00243411026895, 0.0041531776078, 0.00308453547768, 0.00403888290748, 0.00425291480497, 0.00499330693856, 0.00382240000181, 0.00462006824091, 0.00440569873899, 0.00157778337598, 0.000548498996068, 0.000135666719871, 8.92151656444e-005, 0.000128353509353, 4.52044150734e-006, 3.12924441914e-008, 1.21063947756e-009]
        mean: [1.06782965759e-006, 9.24175037653e-005, 0.000152912805788, 0.000130973145133, 0.000641034683213, 0.000338421872584, 7.61841292842e-005, 7.73134888732e-005, 0.000274254998658, 0.000206984914257, 0.000144766992889, 0.000137629991514, 0.000157658054377, 0.000112744186481, 0.000139119889354, 0.000229020632105, 0.000204133742955, 0.000201833696337, 0.000257828301983, 0.000215978114284, 0.000127261286252, 4.505358811e-005, 8.99922633835e-006, 5.18209662914e-006, 3.5175839912e-006, 1.85030771149e-007, 1.68181790716e-009, 3.58275215051e-011]
        median: [3.49373948438e-007, 6.28977140877e-005, 8.86114212335e-005, 7.18125884305e-005, 0.000331114919391, 0.000234194129007, 4.00406424887e-005, 4.31917069363e-005, 0.000169668972376, 0.000140858493978, 8.5314422904e-005, 8.04827359389e-005, 6.88623185852e-005, 5.60263470106e-005, 9.67191299424e-005, 0.000170243423781, 0.000141938900924, 0.000123372694361, 0.000179032242158, 0.000138185510878, 7.93382714619e-005, 2.38328702835e-005, 4.86007684231e-006, 2.84267503048e-006, 1.83480517535e-006, 8.45752552436e-008, 6.22070839285e-010, 1.2442310203e-011]
        min: [1.18885321849e-021, 2.41187804356e-020, 2.97203861515e-020, 2.49369913084e-020, 2.1992818017e-020, 8.84759814888e-021, 4.33902235128e-021, 3.37221300509e-021, 3.18403648393e-021, 2.23457632213e-021, 1.56538750949e-021, 1.42680981627e-021, 1.17015350423e-021, 9.56905595108e-022, 9.68228639484e-022, 8.09591160068e-022, 7.10836831409e-022, 7.11077957789e-022, 7.02351060962e-022, 7.21830043575e-022, 8.78270223514e-022, 9.65808288009e-022, 9.84773362451e-022, 1.542090844e-021, 1.41855063191e-021, 1.81387500908e-021, 3.50512614691e-021, 7.87714494688e-022]
        var: [3.11553647464e-012, 1.05889155222e-008, 4.07437710237e-008, 3.01310798534e-008, 1.38736231747e-006, 1.3980125857e-007, 1.75194134755e-008, 1.46990659644e-008, 1.05125465666e-007, 5.57029125048e-008, 4.96800645067e-008, 3.74081565724e-008, 9.79711458626e-008, 3.8168916916e-008, 3.75135620345e-008, 5.56828716469e-008, 5.9508845851e-008, 6.30985894645e-008, 7.004943825e-008, 6.21988078819e-008, 1.84916508772e-008, 3.00465208269e-009, 1.57374918652e-010, 4.70418218268e-011, 2.8290656276e-011, 7.91964828136e-014, 7.44591343319e-018, 4.23334558516e-021]
    mfcc:
        mean: [-702.778381348, 109.126678467, -50.0556030273, 38.8273086548, -15.4975852966, -2.82902956009, -0.00188965024427, -5.25469398499, 0.595894157887, -8.8566236496, -11.4268083572, -10.5932512283, -5.61339044571]
        cov: [[3362.35693359, -510.627502441, 434.983764648, 148.942764282, 194.680603027, 282.359893799, 231.7681427, 242.821029663, 156.423309326, 164.185180664, 139.448806763, 169.219024658, 83.5828018188], [-510.627502441, 527.473205566, -130.713516235, 91.1098098755, 8.88157939911, -16.8961811066, -46.7185134888, -51.1811256409, -12.190574646, -52.0206184387, -48.431728363, -26.8024425507, 29.1902599335], [434.983764648, -130.713516235, 408.557342529, 77.4212875366, 132.035430908, 62.0954856873, 82.5013809204, 46.5034866333, 31.1719799042, 48.088306427, -2.89653372765, 37.197063446, 24.3609657288], [148.942764282, 91.1098098755, 77.4212875366, 193.095016479, 64.1550750732, 63.4733085632, 9.54031848907, 10.8544902802, 22.5711688995, 2.13127470016, -23.4517555237, 8.46613788605, 29.607831955], [194.680603027, 8.88157939911, 132.035430908, 64.1550750732, 148.547607422, 52.7212295532, 47.7857437134, 23.0477638245, 46.1556015015, 33.2140655518, 9.97877311707, 33.2939834595, 28.8254871368], [282.359893799, -16.8961811066, 62.0954856873, 63.4733085632, 52.7212295532, 131.844436646, 66.5980453491, 62.0161323547, 41.1707267761, 41.8536758423, 34.4025306702, 37.2270469666, 14.3973865509], [231.7681427, -46.7185134888, 82.5013809204, 9.54031848907, 47.7857437134, 66.5980453491, 127.734565735, 85.2161560059, 57.6200828552, 46.1507568359, 39.9049224854, 37.9776725769, 14.7506752014], [242.821029663, -51.1811256409, 46.5034866333, 10.8544902802, 23.0477638245, 62.0161323547, 85.2161560059, 127.300819397, 75.0086898804, 57.963218689, 50.1122093201, 42.6604804993, 8.18046188354], [156.423309326, -12.190574646, 31.1719799042, 22.5711688995, 46.1556015015, 41.1707267761, 57.6200828552, 75.0086898804, 119.009506226, 63.7788009644, 33.588092804, 32.9182167053, 20.5283412933], [164.185180664, -52.0206184387, 48.088306427, 2.13127470016, 33.2140655518, 41.8536758423, 46.1507568359, 57.963218689, 63.7788009644, 99.2634887695, 55.6873550415, 34.9996757507, 8.90652561188], [139.448806763, -48.431728363, -2.89653372765, -23.4517555237, 9.97877311707, 34.4025306702, 39.9049224854, 50.1122093201, 33.588092804, 55.6873550415, 94.650138855, 42.4335098267, 1.22948694229], [169.219024658, -26.8024425507, 37.197063446, 8.46613788605, 33.2939834595, 37.2270469666, 37.9776725769, 42.6604804993, 32.9182167053, 34.9996757507, 42.4335098267, 66.8736801147, 28.1583938599], [83.5828018188, 29.1902599335, 24.3609657288, 29.607831955, 28.8254871368, 14.3973865509, 14.7506752014, 8.18046188354, 20.5283412933, 8.90652561188, 1.22948694229, 28.1583938599, 57.6861152649]]
        icov: [[0.000488432706334, 0.00044157312368, -0.000177195164724, -0.000255388149526, -6.92030735081e-005, -0.000514136219863, 3.76989737561e-005, -0.000324906781316, -5.55550241188e-006, 0.000154020308401, -0.000221042122575, -0.000164302036865, -0.000462793017505], [0.00044157312368, 0.00310301943682, 0.00115259015001, -0.00168997270521, -0.000943077378906, -3.71845708287e-005, -0.000154553825269, 2.31855592574e-005, -8.30381759442e-005, 0.000710858905222, 9.35078714974e-005, 0.000577925879043, -0.00167687819339], [-0.000177195164724, 0.00115259015001, 0.0048231841065, -0.00132420938462, -0.00345204467885, 0.00100803107489, -0.00203984905966, -0.000460408598883, 0.00213234778494, -0.00202025729232, 0.00249302666634, -0.000651268346701, 0.000194473366719], [-0.000255388149526, -0.00168997270521, -0.00132420938462, 0.00923619605601, -0.00141181342769, -0.00460671493784, 0.00283671868965, -0.000827396346722, -0.000907490029931, 0.00062541855732, 0.00219017267227, 0.00137694156729, -0.00220136833377], [-6.92030735081e-005, -0.000943077378906, -0.00345204467885, -0.00141181342769, 0.0132718747482, -0.00180485355668, -0.00202304893173, 0.00466950749978, -0.00422976538539, -0.000189387021237, -0.000259286141954, -0.00294260703959, -0.00059003836941], [-0.000514136219863, -3.71845708287e-005, 0.00100803107489, -0.00460671493784, -0.00180485355668, 0.0152261164039, -0.00452097458765, -0.00224644783884, 0.00198367307894, -0.00194127787836, -0.00114993960597, -0.00236242963001, 0.00205032154918], [3.76989737561e-005, -0.000154553825269, -0.00203984905966, 0.00283671868965, -0.00202304893173, -0.00452097458765, 0.0182502530515, -0.00883197505027, -0.00133524206467, 0.00158020784147, -0.00160734367091, 0.00116747990251, -0.00215036608279], [-0.000324906781316, 2.31855592574e-005, -0.000460408598883, -0.000827396346722, 0.00466950749978, -0.00224644783884, -0.00883197505027, 0.0224702060223, -0.00849113147706, -0.000958466844168, -0.00175525690429, -0.00512626487762, 0.00408672401682], [-5.55550241188e-006, -8.30381759442e-005, 0.00213234778494, -0.000907490029931, -0.00422976538539, 0.00198367307894, -0.00133524206467, -0.00849113147706, 0.0192076768726, -0.00867503322661, 0.00249277078547, 0.000951592926867, -0.00323412381113], [0.000154020308401, 0.000710858905222, -0.00202025729232, 0.00062541855732, -0.000189387021237, -0.00194127787836, 0.00158020784147, -0.000958466844168, -0.00867503322661, 0.0227420311421, -0.00968626048416, 0.000408786319895, -0.000156978712766], [-0.000221042122575, 9.35078714974e-005, 0.00249302666634, 0.00219017267227, -0.000259286141954, -0.00114993960597, -0.00160734367091, -0.00175525690429, 0.00249277078547, -0.00968626048416, 0.023435510695, -0.0113170435652, 0.00480566220358], [-0.000164302036865, 0.000577925879043, -0.000651268346701, 0.00137694156729, -0.00294260703959, -0.00236242963001, 0.00116747990251, -0.00512626487762, 0.000951592926867, 0.000408786319895, -0.0113170435652, 0.0338584631681, -0.014685543254], [-0.000462793017505, -0.00167687819339, 0.000194473366719, -0.00220136833377, -0.00059003836941, 0.00205032154918, -0.00215036608279, 0.00408672401682, -0.00323412381113, -0.000156978712766, 0.00480566220358, -0.014685543254, 0.0278966482729]]
    sccoeffs:
        dmean: [0.0597427152097, 0.049586519599, 0.03604965657, 0.0268871504813, 0.0184152200818, 0.0172043591738]
        dmean2: [0.0988618135452, 0.0848412066698, 0.0615915134549, 0.0456925481558, 0.0309249050915, 0.0278993528336]
        dvar: [0.00252311583608, 0.00149812339805, 0.000779933878221, 0.000428106402978, 0.000224386822083, 0.000238500375417]
        dvar2: [0.0065643354319, 0.00423850351945, 0.00226095644757, 0.00122823449783, 0.000600937753916, 0.000583516026381]
        max: [-0.197901889682, -0.474002659321, -0.566789805889, -0.588440001011, -0.637389659882, -0.601773321629]
        mean: [-0.658792197704, -0.752709627151, -0.802943885326, -0.80815911293, -0.813384950161, -0.760798811913]
        median: [-0.684468686581, -0.758938252926, -0.806625247002, -0.812153697014, -0.816693663597, -0.766155660152]
        min: [-0.954005777836, -0.976648688316, -0.982817292213, -0.975764214993, -0.964314937592, -0.95786190033]
        var: [0.011099293828, 0.00387562811375, 0.00162963522598, 0.0010832445696, 0.000611170835327, 0.00125792971812]
    scvalleys:
        dmean: [0.393894821405, 0.359797775745, 0.281767487526, 0.242748230696, 0.220643416047, 0.292558968067]
        dmean2: [0.651754498482, 0.607382893562, 0.475243240595, 0.401330113411, 0.352838307619, 0.432207882404]
        dvar: [0.121374055743, 0.112812936306, 0.0746014118195, 0.0654585584998, 0.0752165019512, 0.148517236114]
        dvar2: [0.29313352704, 0.263711243868, 0.154184758663, 0.12234210223, 0.130069926381, 0.278793901205]
        max: [-5.13346815109, -4.52453136444, -4.75347185135, -5.36512994766, -5.50364780426, -7.67988681793]
        mean: [-6.94643878937, -6.56988811493, -6.42305374146, -6.81484174728, -6.98775005341, -9.62498569489]
        median: [-6.47941970825, -6.50165748596, -6.35011339188, -6.75141763687, -6.91257572174, -9.35038471222]
        min: [-23.979637146, -24.4934635162, -25.0707302094, -25.7718448639, -26.5721263885, -27.0877609253]
        var: [1.82676839828, 0.410054534674, 0.359525442123, 0.342817157507, 0.391650229692, 1.1132080555]

rhythm:
    beats_loudness:
        dmean: 0.00322938733734
        dmean2: 0.00606172019616
        dvar: 1.15211942102e-005
        dvar2: 3.43048341165e-005
        max: 0.0142910555005
        mean: 0.00573322782293
        median: 0.00355290342122
        min: 1.16180190162e-005
        var: 1.73751486727e-005
    bpm: 151.47177124
    bpm_confidence: 0
    first_peak_bpm: 152
    first_peak_spread: 0.380645155907
    first_peak_weight: 0.184971094131
    onset_rate: 2.58461356163
    second_peak_bpm: 96
    second_peak_spread: 0.697530865669
    second_peak_weight: 0.0944123342633
    beats_loudness_band_ratio:
        dmean: [0.0750499144197, 0.154667779803, 0.0588086508214, 0.0602869056165, 0.0819514766335, 0.0860013514757]
        dmean2: [0.131396561861, 0.276279002428, 0.104099825025, 0.10338357091, 0.146190777421, 0.155689492822]
        dvar: [0.00563042564318, 0.013545487076, 0.00333074294031, 0.00364013132639, 0.00614717975259, 0.00919705815613]
        dvar2: [0.0148710189387, 0.042220685631, 0.00863057468086, 0.0104275709018, 0.0184407290071, 0.0276960749179]
        max: [0.619047284126, 0.911637425423, 0.508495151997, 0.561423122883, 0.66194319725, 0.794917225838]
        mean: [0.112943083048, 0.277638405561, 0.111873865128, 0.149924054742, 0.203569382429, 0.19273519516]
        median: [0.0930185168982, 0.263912826777, 0.0956872329116, 0.136529013515, 0.190118938684, 0.181392878294]
        min: [0.000444064702606, 0.00240981718525, 0.00856016390026, 0.00784797593951, 0.00888922810555, 0.00687893014401]
        var: [0.0080223204568, 0.0321518369019, 0.00508951256052, 0.00629547983408, 0.00710481731221, 0.0111717423424]
    beats_position: [0.383129239082, 0.789478421211, 1.19582760334, 1.60217678547, 1.99691605568, 2.39165520668, 2.7863945961, 3.19274377823, 3.58748292923, 3.99383211136, 4.38857126236, 4.80653047562, 5.21287965775, 5.630838871, 6.01396799088, 6.40870714188, 6.80344676971, 7.19818592072, 7.59292507172, 7.98766422272, 8.37079334259, 8.75392246246, 9.13705158234, 9.52018165588, 9.90331077576, 10.2864398956, 10.6695690155, 11.0526981354, 11.4474372864, 11.8421764374, 12.2369155884, 12.6316547394, 13.0263938904, 13.4095239639, 13.7926530838, 14.1757822037, 14.5589113235, 14.90721035, 15.2439002991, 15.5805892944, 15.9172782898, 16.2539672852, 16.5906581879, 16.9273471832, 17.2640361786, 17.600725174, 17.9374141693, 18.2741031647, 18.6107940674, 18.9358730316, 19.272562027, 19.6092510223, 19.9459400177, 20.2826309204, 20.6193199158, 20.9560089111, 21.2926979065, 21.6293869019, 21.9660758972, 22.3840351105, 22.8019943237, 23.2083435059, 23.6263027191, 24.0442619324, 24.4622211456, 24.8801803589, 25.286529541, 25.6928787231, 26.0992279053, 26.5055770874, 26.9119262695, 27.3182754517, 27.7362346649, 28.142583847, 28.5605430603, 28.9901123047, 29.4196815491, 29.9305210114, 30.4413604736, 30.9521980286, 31.5094776154, 32.0551452637, 32.6124267578, 33.1813163757, 33.750202179, 34.3190917969, 34.8879814148, 35.4568710327, 36.0141487122, 36.5714263916, 37.1170959473, 37.6627655029, 38.2084350586, 38.7541046143, 39.2881622314, 39.8338317871, 40.3795013428, 40.91355896, 41.4476165771, 41.981678009, 42.5157356262, 43.0497932434, 43.5954627991, 44.1411323547, 44.6868019104, 45.2324714661, 45.7665290833, 46.3005905151, 46.8346481323, 47.3687057495, 47.9027671814, 48.4368247986, 48.9824943542, 49.5281639099, 50.0622215271, 50.5962791443, 51.1303405762, 51.6643981934, 52.1984558105, 52.7325172424, 53.2665748596, 53.8006324768, 54.3346939087, 54.8687515259, 55.3795890808, 55.9020385742, 56.4361000061, 56.9817695618, 57.5274353027, 58.0731048584, 58.6071662903, 59.1412239075, 59.6636734009, 60.1861228943, 60.7201805115, 61.2542381287, 61.7882995605, 62.3223571777, 62.8448066711, 63.3672561646, 63.9013137817, 64.4353713989, 64.9462127686, 65.4802703857, 66.0259399414, 66.5716094971, 67.1056671143, 67.6397247314, 68.1737823486, 68.7078475952, 69.2419052124, 69.7759628296, 70.2984085083, 70.8324737549, 71.3549194336, 71.8889770508, 72.423034668, 72.9570999146, 73.4911575317, 74.0252151489, 74.6869812012, 75.3255310059, 75.9524688721, 76.5794067383, 77.2063446045, 77.8216781616, 78.4370040894, 79.0639419556, 79.6908798218, 80.2946014404, 80.9215393066, 81.5368728638, 82.1521987915, 82.7559204102, 83.3596343994, 83.9633560181, 84.5670700073, 85.170791626, 85.7745132446, 86.3666229248, 86.9587249756, 87.5508346558, 88.1429443359, 88.7466659546, 89.3387756348, 89.9308853149, 90.5345993042, 91.1150970459, 91.7072067261, 92.2993164063, 92.8914260864, 93.4835357666, 94.0872573853, 94.6909713745, 95.2946929932, 95.9100189209, 96.525352478, 97.1290664673, 97.7327880859, 98.3365097046, 98.9286117554, 99.532333374, 100.136054993, 100.75138092, 101.355102539, 101.958816528, 102.550926208, 103.143035889, 103.758361816, 104.396911621, 105.023849487, 105.662399292, 106.300949097, 106.939498901, 107.578048706, 108.216598511, 108.843536377, 109.470474243, 110.109024048, 110.759178162, 111.397727966, 112.059501648, 112.7212677, 113.383033752, 114.033195496, 114.683357239, 115.321899414, 115.972061157, 116.6222229, 117.283988953, 117.945755005, 118.607528687, 119.2576828, 119.907844543, 120.557998657, 121.2081604, 121.858322144, 122.496871948, 123.135414124, 123.785575867, 124.412513733, 125.039451599, 125.666389465, 126.293327332, 126.920272827, 127.535598755, 128.150924683, 128.777862549, 129.404800415, 130.031738281, 130.658676147, 131.274017334, 131.889343262, 132.516281128, 133.119995117, 133.746932983, 134.37387085, 135.000808716, 135.616149902, 136.23147583, 136.858413696, 137.473739624, 138.10067749, 138.739227295, 139.366165161, 139.993103027, 140.620040894, 141.223754883, 141.839096069, 142.454421997, 143.069747925, 143.708297729, 144.335235596, 144.962173462, 145.589111328, 146.216049194, 146.831375122, 147.446716309, 148.062042236, 148.700592041, 149.327529907, 149.954467773, 150.58140564, 151.196731567, 151.812057495, 152.438995361, 153.054321289, 153.692871094, 154.31980896, 154.946762085, 155.573699951, 156.189025879, 156.804351807, 157.431289673, 158.046615601, 158.685165405, 159.312103271, 159.939041138, 160.554367065, 161.169708252, 161.773422241, 162.388748169, 162.980865479, 163.596191406, 164.211517334, 164.8384552, 165.477005005, 166.11555481, 166.765716553, 167.415863037, 168.054412842, 168.704574585, 169.34312439, 169.981674194, 170.620223999, 171.258773804, 171.897323608, 172.547485352, 173.197631836, 173.836181641, 174.486343384, 175.136505127, 175.798278809, 176.448425293, 177.098587036, 177.748748779, 178.398910522, 179.025848389, 179.652786255, 180.29133606, 180.929885864, 181.568435669, 182.195373535, 182.810699463, 183.437637329, 184.064575195, 184.691513062, 185.330062866, 185.968612671, 186.595550537, 187.234100342, 187.895874023, 188.546035767, 189.196182251, 189.857955933, 190.519729614, 191.181488037, 191.843261719, 192.5050354, 193.166793823, 193.816955566, 194.46711731, 194.943130493, 195.419128418, 195.895141602, 196.313110352, 196.719451904, 197.125808716, 197.532150269, 197.93850708, 198.344848633, 198.762802124, 199.157546997, 199.55229187, 199.947021484, 200.341766357, 200.73651123, 201.142852783, 201.549209595, 201.967163086, 202.361907959, 202.756637573, 203.162994385, 203.569335938, 203.964080811, 204.370422363, 204.776779175, 205.171508789, 205.566253662, 205.960998535, 206.355728149, 206.750473022, 207.156814575, 207.563171387, 207.969512939, 208.375869751, 208.770614624, 209.165344238, 209.560089111, 209.954818726, 210.349563599, 210.75592041, 211.162261963, 211.557006836, 211.95173645, 212.346481323, 212.741226196, 213.135955811, 213.553924561, 213.960266113, 214.366622925, 214.784576416, 215.179321289, 215.585662842, 215.992019653, 216.386749268, 216.781494141, 217.199447632, 217.605804443, 218.012145996, 218.430114746, 218.82484436, 219.231201172, 219.625930786, 220.043899536, 220.461853027, 220.868209839, 221.28616333, 221.692520142, 222.098861694, 222.493606567, 222.888336182, 223.306304932, 223.724258423, 224.142211914, 224.560180664, 224.954910278, 225.36126709, 225.767608643, 226.162353516, 226.54548645, 226.928619385, 227.323348999, 227.718093872, 228.112823486, 228.507568359, 228.902313232, 229.297042847, 229.69178772, 230.086532593, 230.492874146, 230.887619019, 231.293960571, 231.688705444, 232.071838379, 232.454956055, 232.849700928, 233.244445801, 233.639175415, 234.033920288, 234.428665161, 234.835006714, 235.218139648, 235.612869263, 236.007614136, 236.413970947, 236.8203125, 237.215057373, 237.598175049, 237.981307983, 238.376052856, 238.770782471, 239.165527344, 239.560272217, 239.955001831, 240.349746704, 240.732879639, 241.115997314, 241.510742188, 241.905487061, 242.300216675, 242.694961548, 243.078094482, 243.461227417, 243.855957031, 244.250701904, 244.633834839, 245.016952515, 245.411697388, 245.806442261, 246.189559937, 246.572692871, 246.967437744, 247.362167358, 247.76852417, 248.174865723, 248.546386719, 248.929519653, 249.312652588, 249.684173584, 250.078903198, 250.473648071, 250.868392944, 251.263122559, 251.646255493, 252.029388428, 252.424118042, 252.795639038, 253.190383911, 253.585113525, 253.979858398, 254.374603271, 254.769332886, 255.164077759, 255.547210693, 255.930328369, 256.325073242, 256.719818115, 257.126159668, 257.532501221, 257.927246094, 258.321990967, 258.72833252, 259.134674072, 259.541046143, 259.958984375, 260.365356445, 260.771697998, 261.178039551, 261.584381104]
