
metadata:
    version:
        essentia: "2.1-beta2"
    audio_properties:
        analysis_sample_rate: 44100
        bitrate: 273
        channels: 2
        equal_loudness: 1
        length: 333.32244873
        replay_gain: -15.3037834167
        downmix: "mix"
    tags:
        album: "L'Enfant Sauvage"
        artist: "Gojira"
        comment: "Live at les Eurockéennes 2009."
        date: "2012"
        genre: "Metal"
        title: "A Sight to behold"
        tracknumber: "5/11"

configuration:
    average_loudness:
        compute: 1
        frameSize: 88200
        hopSize: 44100
        silentFrames: "noise"
        windowType: "hann"
    general:
        analysisSampleRate: 44100
        endTime: 2000
        equalLoudness: 1
        nequalLoudness: 0
        shortSound: 0
        startTime: 0
    lowlevel:
        compute: 1
        frameSize: 2048
        hopSize: 1024
        zeroPadding: 0
        silentFrames: "noise"
        windowType: "blackmanharris62"
        mfccStats: ["mean", "cov", "icov"]
        stats: ["mean", "var", "median", "min", "max", "dmean", "dmean2", "dvar", "dvar2"]
    panning:
        compute: 0
        frameSize: 8192
        hopSize: 2048
        zeroPadding: 8192
        silentFrames: "noise"
        windowType: "hann"
        stats: ["copy"]
    rhythm:
        compute: 1
        maxTempo: 208
        minTempo: 40
        method: "degara"
        stats: ["mean", "var", "median", "min", "max", "dmean", "dmean2", "dvar", "dvar2"]
    segmentation:
        compute: 0
        cpw: 5
        inc1: 300
        inc2: 50
        minimumSegmentsLength: 10
        size1: 1000
        size2: 600
    sfx:
        compute: 1
        stats: ["mean", "var", "median", "min", "max", "dmean", "dmean2", "dvar", "dvar2"]
    svm:
        compute: 0
    tonal:
        compute: 1
        frameSize: 4096
        hopSize: 2048
        zeroPadding: 0
        silentFrames: "noise"
        windowType: "blackmanharris62"
        stats: ["mean", "var", "median", "min", "max", "dmean", "dmean2", "dvar", "dvar2"]

lowlevel:
    average_loudness: 0.936332464218
    barkbands_kurtosis:
        dmean: 0.492562532425
        dmean2: 0.789219260216
        dvar: 0.501809120178
        dvar2: 1.20515096188
        max: 14.7105226517
        mean: -0.663108766079
        median: -1.04514527321
        min: -1.81137931347
        var: 1.41870331764
    barkbands_skewness:
        dmean: 0.332166284323
        dmean2: 0.518929064274
        dvar: 0.0938962474465
        dvar2: 0.227118104696
        max: 3.44733691216
        mean: 0.167640849948
        median: 0.133959800005
        min: -2.53361105919
        var: 0.374542832375
    barkbands_spread:
        dmean: 4.83252716064
        dmean2: 7.57842683792
        dvar: 21.5781459808
        dvar2: 51.9222869873
        max: 60.0668525696
        mean: 29.67877388
        median: 30.23828125
        min: 5.69060468674
        var: 89.9332733154
    dissonance:
        dmean: 0.0122267119586
        dmean2: 0.0210167169571
        dvar: 0.000162149852258
        dvar2: 0.000453315617051
        max: 0.500000119209
        mean: 0.481446504593
        median: 0.485276281834
        min: 0.267878443003
        var: 0.00023432468879
    hfc:
        dmean: 2.14555382729
        dmean2: 3.4159886837
        dvar: 8.33110427856
        dvar2: 20.2350082397
        max: 31.916179657
        mean: 6.94449567795
        median: 5.74196100235
        min: 0.000161431962624
        var: 21.9267196655
    pitch:
        dmean: 513.408935547
        dmean2: 984.704833984
        dvar: 1070341.875
        dvar2: 2840442
        max: 4789.99365234
        mean: 575.227233887
        median: 220.469909668
        min: 43.3955421448
        var: 912178.5
    pitch_instantaneous_confidence:
        dmean: 0.0705371573567
        dmean2: 0.115163110197
        dvar: 0.00403400184587
        dvar2: 0.00994655955583
        max: 0.82075548172
        mean: 0.312228262424
        median: 0.27383980155
        min: 0.0960949659348
        var: 0.0184346791357
    pitch_salience:
        dmean: 0.0503145903349
        dmean2: 0.0837569609284
        dvar: 0.00184467958752
        dvar2: 0.00501373503357
        max: 0.894207298756
        mean: 0.701294064522
        median: 0.709442079067
        min: 0.26957064867
        var: 0.00381556060165
    silence_rate_20dB:
        dmean: 0
        dmean2: 0
        dvar: 0
        dvar2: 0
        max: 1
        mean: 1
        median: 1
        min: 1
        var: 0
    silence_rate_30dB:
        dmean: 0
        dmean2: 0
        dvar: 0
        dvar2: 0
        max: 1
        mean: 1
        median: 1
        min: 1
        var: 0
    silence_rate_60dB:
        dmean: 0.119679555297
        dmean2: 0.239375784993
        dvar: 0.105350054801
        dvar2: 0.213017895818
        max: 1
        mean: 0.384577870369
        median: 0
        min: 0
        var: 0.236693874002
    spectral_centroid:
        dmean: 230.438812256
        dmean2: 356.91116333
        dvar: 48944.1445313
        dvar2: 115601.507813
        max: 4525.19628906
        mean: 1504.77062988
        median: 1509.19628906
        min: 303.781280518
        var: 188381.75
    spectral_complexity:
        dmean: 4.30275154114
        dmean2: 6.8715338707
        dvar: 21.4615116119
        dvar2: 50.4753608704
        max: 48
        mean: 16.3981609344
        median: 15
        min: 0
        var: 71.9991760254
    spectral_crest:
        dmean: 1.92736959457
        dmean2: 3.2049446106
        dvar: 3.80984330177
        dvar2: 10.1162614822
        max: 22.2119197845
        mean: 5.91978549957
        median: 5.18042945862
        min: 2.1030292511
        var: 7.34639692307
    spectral_decrease:
        dmean: 3.20133419773e-010
        dmean2: 5.25233356807e-010
        dvar: 2.4540419597e-019
        dvar2: 6.14474375059e-019
        max: -2.27870429774e-014
        mean: -1.03377040261e-009
        median: -8.66485549977e-010
        min: -5.24749177444e-009
        var: 4.19808145393e-019
    spectral_energy:
        dmean: 0.00137715903111
        dmean2: 0.00224438798614
        dvar: 4.31289799963e-006
        dvar2: 1.07345149445e-005
        max: 0.0214219205081
        mean: 0.00453157164156
        median: 0.00381936784834
        min: 1.0064528766e-007
        var: 7.92709306552e-006
    spectral_energyband_high:
        dmean: 0.000142407763633
        dmean2: 0.000233492144616
        dvar: 4.504554596e-008
        dvar2: 1.11931946378e-007
        max: 0.00240499386564
        mean: 0.000304782181047
        median: 0.000213973689824
        min: 4.76436756713e-009
        var: 7.8635771672e-008
    spectral_energyband_low:
        dmean: 0.000201108603505
        dmean2: 0.000347643654095
        dvar: 1.0349647539e-007
        dvar2: 2.93558372277e-007
        max: 0.00328087504022
        mean: 0.000323005224345
        median: 0.000250729033723
        min: 7.69034835812e-012
        var: 9.55655394819e-008
    spectral_energyband_middle_high:
        dmean: 0.000697234238032
        dmean2: 0.00109198049176
        dvar: 7.15653243333e-007
        dvar2: 1.6235358089e-006
        max: 0.0112909050658
        mean: 0.00234342971817
        median: 0.00174954463728
        min: 8.41332550294e-008
        var: 2.78862194136e-006
    spectral_energyband_middle_low:
        dmean: 0.00079699116759
        dmean2: 0.00133004388772
        dvar: 2.24473933486e-006
        dvar2: 5.8829837144e-006
        max: 0.0167721286416
        mean: 0.00167252006941
        median: 0.00125766126439
        min: 1.33436000027e-008
        var: 2.4900077733e-006
    spectral_flatness_db:
        dmean: 0.0128821767867
        dmean2: 0.0199662521482
        dvar: 0.000147419865243
        dvar2: 0.000342974351952
        max: 0.309423476458
        mean: 0.12287620455
        median: 0.116716176271
        min: 0.05696881935
        var: 0.000963006401435
    spectral_flux:
        dmean: 0.0079058194533
        dmean2: 0.0124890301377
        dvar: 0.000105307153717
        dvar2: 0.000208851517527
        max: 0.119922637939
        mean: 0.0396856851876
        median: 0.0371161922812
        min: 0.000317246420309
        var: 0.000271759810857
    spectral_kurtosis:
        dmean: 0.975630819798
        dmean2: 1.55854570866
        dvar: 1.06069386005
        dvar2: 2.63986802101
        max: 33.133266449
        mean: 3.79640817642
        median: 3.43334364891
        min: -1.27844393253
        var: 3.76796460152
    spectral_rms:
        dmean: 0.000292794691632
        dmean2: 0.000470467435662
        dvar: 1.3788873332e-007
        dvar2: 3.3775958741e-007
        max: 0.00457159010693
        mean: 0.00201167957857
        median: 0.00193033996038
        min: 9.90911303234e-006
        var: 3.74181439611e-007
    spectral_rolloff:
        dmean: 383.496063232
        dmean2: 609.391662598
        dvar: 191323.34375
        dvar2: 418534.96875
        max: 8850.14648438
        mean: 2932.63867188
        median: 3036.18164063
        min: 236.865234375
        var: 809352.9375
    spectral_skewness:
        dmean: 0.161824002862
        dmean2: 0.251571923494
        dvar: 0.0248791687191
        dvar2: 0.0543863549829
        max: 4.45692634583
        mean: 1.53815734386
        median: 1.47779011726
        min: 0.0216835197061
        var: 0.140588894486
    spectral_spread:
        dmean: 514603.71875
        dmean2: 738473.625
        dvar: 350940495872
        dvar2: 668193980416
        max: 13031865
        mean: 4949585.5
        median: 4894660
        min: 1851211.5
        var: 1.74362617446e+012
    spectral_strongpeak:
        dmean: 0.348442465067
        dmean2: 0.596392571926
        dvar: 0.268929034472
        dvar2: 0.677432179451
        max: 5.81893157959
        mean: 0.525774419308
        median: 0.264123439789
        min: 0.00124686246272
        var: 0.466327518225
    zerocrossingrate:
        dmean: 0.00773824565113
        dmean2: 0.00933779217303
        dvar: 4.81341921841e-005
        dvar2: 6.36547774775e-005
        max: 0.2431640625
        mean: 0.0878664106131
        median: 0.0888671875
        min: 0.02001953125
        var: 0.000450168678071
    barkbands:
        dmean: [8.50675121455e-007, 5.16068757861e-005, 0.000117870244139, 0.000114779992145, 0.000470055878395, 0.000272478238912, 7.03414916643e-005, 8.0522186181e-005, 0.000162329204613, 0.000123718273244, 0.000130252345116, 0.000123965117382, 0.00011062406702, 0.000106211729872, 0.000102240781416, 0.00012844298908, 0.000120124808745, 0.000133669600473, 0.000140935968375, 0.000118393429148, 7.44192730053e-005, 2.89713952952e-005, 5.28554937773e-006, 3.21253196489e-006, 1.6284591311e-006, 5.86674637759e-008, 6.02631333724e-010]
        dmean2: [1.32417915211e-006, 8.59256033436e-005, 0.000205303396797, 0.00019986636471, 0.000789631099906, 0.000459214817965, 0.000116350827739, 0.000131286971737, 0.000271167722531, 0.00020763122302, 0.00021288721473, 0.000199146714294, 0.000174437867827, 0.000167396006873, 0.000163288525073, 0.000207424134715, 0.000199001908186, 0.000215141248191, 0.000235910410993, 0.000194077380002, 0.000124663885799, 4.81726419821e-005, 8.31140005175e-006, 5.16649242854e-006, 2.56298471868e-006, 8.75333583394e-008, 9.10893305228e-010]
        dvar: [2.22579723749e-012, 5.64778446233e-009, 3.79873661416e-008, 2.55848302544e-008, 1.2425236946e-006, 1.81375881425e-007, 1.56428789921e-008, 1.75582712814e-008, 5.35241788668e-008, 2.74980909154e-008, 4.92417626674e-008, 4.49769146371e-008, 3.71221773321e-008, 3.60106717778e-008, 3.17804094152e-008, 4.72079335623e-008, 3.34089129694e-008, 4.48109460649e-008, 3.98504980126e-008, 3.25435038917e-008, 1.22939010083e-008, 2.02641259328e-009, 8.96887286661e-011, 3.52801017567e-011, 1.02893579074e-011, 1.18751207056e-014, 1.37491086966e-018]
        dvar2: [5.06310922008e-012, 1.54947166209e-008, 1.08876676563e-007, 7.31638252205e-008, 3.21798211189e-006, 4.9929690249e-007, 4.06456166502e-008, 4.29410604852e-008, 1.45334880131e-007, 7.17372614645e-008, 1.1879335915e-007, 1.04203174089e-007, 8.42672349677e-008, 7.97173598244e-008, 7.46590487211e-008, 1.07746693345e-007, 8.18124945567e-008, 1.04237784626e-007, 1.01145985809e-007, 7.99626889147e-008, 3.20128243914e-008, 5.03131403207e-009, 2.02235325708e-010, 8.61285279208e-011, 2.38100112543e-011, 2.48426936845e-014, 2.87002741914e-018]
        max: [1.17138961286e-005, 0.000866578833666, 0.00233054696582, 0.00218824972399, 0.0126533582807, 0.00648806244135, 0.00214839912951, 0.00291348062456, 0.00377130671404, 0.00389036117122, 0.00433943094686, 0.0038974841591, 0.00414111232385, 0.00399731518701, 0.00358793791384, 0.0053949309513, 0.0043457201682, 0.00537468958646, 0.00301111163571, 0.00287681957707, 0.00160406366922, 0.00067130336538, 0.000224293893552, 0.000143337194459, 0.000117873300042, 1.94667131836e-006, 2.54152698886e-008]
        mean: [9.21246567032e-007, 8.60010259203e-005, 0.000159096191055, 0.000145046273246, 0.000575417769141, 0.000404879683629, 0.000104672581074, 0.0001208590038, 0.000266583752818, 0.000209153993637, 0.000225959141972, 0.000219174311496, 0.00020506385772, 0.000184228585567, 0.000191186685697, 0.000251275283517, 0.00022788294882, 0.000257676001638, 0.000268042756943, 0.000219470952288, 0.000140176227433, 5.10700192535e-005, 9.30483656703e-006, 5.61941305932e-006, 2.69718361778e-006, 1.05025172559e-007, 9.92933624211e-010]
        median: [3.20224557981e-007, 5.75032754568e-005, 0.000107110696263, 9.62915655691e-005, 0.000270831689704, 0.0002419193479, 6.43733583274e-005, 7.03200275893e-005, 0.000171286956174, 0.000143548953929, 0.000118288473459, 0.000118018644571, 9.3182468845e-005, 8.4500585217e-005, 0.000108306208858, 0.000148221763084, 0.00013668416068, 0.000150127627421, 0.000188614823855, 0.000147701764945, 9.54658171395e-005, 3.07019799948e-005, 5.14090061188e-006, 3.46485239788e-006, 1.43870829561e-006, 5.38701243613e-008, 4.60723431628e-010]
        min: [4.09873822165e-014, 3.81389624743e-012, 3.35274689955e-012, 1.2802421883e-012, 6.33908377179e-012, 2.98672336863e-011, 5.22084819821e-010, 1.65612490388e-009, 9.35633348575e-009, 2.27487912952e-008, 3.32342459108e-010, 1.16725781818e-010, 1.17973950609e-008, 2.41504736209e-008, 2.66175720354e-010, 1.80876913447e-008, 9.71341271305e-011, 8.93083350328e-012, 5.40422018247e-009, 4.79653694541e-009, 4.16746801998e-012, 2.40525720001e-012, 2.45194516817e-013, 1.4756484229e-011, 2.27836385825e-013, 2.67736787601e-013, 1.47351138994e-013]
        var: [2.52050485518e-012, 8.252914796e-009, 3.32345990728e-008, 2.5418218641e-008, 1.17599779514e-006, 2.56628823081e-007, 1.90920701471e-008, 2.81694081394e-008, 8.70242615747e-008, 5.65949136444e-008, 1.14621826697e-007, 9.91855557686e-008, 1.03178031452e-007, 8.49112069545e-008, 7.47313251281e-008, 1.42379590784e-007, 7.88232767945e-008, 1.07625510282e-007, 7.24347231085e-008, 5.111635204e-008, 1.89905513537e-008, 3.46638784343e-009, 1.62926269698e-010, 5.89770593473e-011, 1.79470605044e-011, 2.45579737237e-014, 2.7353206428e-018]
    frequency_bands:
        dmean: [8.50675121455e-007, 5.16068757861e-005, 0.000117870244139, 0.000114779992145, 0.000470055878395, 0.000272478238912, 7.03414916643e-005, 8.0522186181e-005, 0.000162329204613, 0.000123718273244, 0.000130252345116, 0.000123965117382, 0.00011062406702, 0.000106211729872, 0.000102240781416, 0.00012844298908, 0.000120124808745, 0.000133669600473, 0.000140935968375, 0.000118393429148, 7.44192730053e-005, 2.89713952952e-005, 5.28554937773e-006, 3.21253196489e-006, 1.6284591311e-006, 5.86674637759e-008, 6.02631333724e-010, 5.11925224433e-011]
        dmean2: [1.32417915211e-006, 8.59256033436e-005, 0.000205303396797, 0.00019986636471, 0.000789631099906, 0.000459214817965, 0.000116350827739, 0.000131286971737, 0.000271167722531, 0.00020763122302, 0.00021288721473, 0.000199146714294, 0.000174437867827, 0.000167396006873, 0.000163288525073, 0.000207424134715, 0.000199001908186, 0.000215141248191, 0.000235910410993, 0.000194077380002, 0.000124663885799, 4.81726419821e-005, 8.31140005175e-006, 5.16649242854e-006, 2.56298471868e-006, 8.75333583394e-008, 9.10893305228e-010, 9.51536627269e-011]
        dvar: [2.22579723749e-012, 5.64778446233e-009, 3.79873661416e-008, 2.55848302544e-008, 1.2425236946e-006, 1.81375881425e-007, 1.56428789921e-008, 1.75582712814e-008, 5.35241788668e-008, 2.74980909154e-008, 4.92417626674e-008, 4.49769146371e-008, 3.71221773321e-008, 3.60106717778e-008, 3.17804094152e-008, 4.72079335623e-008, 3.34089129694e-008, 4.48109460649e-008, 3.98504980126e-008, 3.25435038917e-008, 1.22939010083e-008, 2.02641259328e-009, 8.96887286661e-011, 3.52801017567e-011, 1.02893579074e-011, 1.18751207056e-014, 1.37491086966e-018, 6.243741421e-021]
        dvar2: [5.06310922008e-012, 1.54947166209e-008, 1.08876676563e-007, 7.31638252205e-008, 3.21798211189e-006, 4.9929690249e-007, 4.06456166502e-008, 4.29410604852e-008, 1.45334880131e-007, 7.17372614645e-008, 1.1879335915e-007, 1.04203174089e-007, 8.42672349677e-008, 7.97173598244e-008, 7.46590487211e-008, 1.07746693345e-007, 8.18124945567e-008, 1.04237784626e-007, 1.01145985809e-007, 7.99626889147e-008, 3.20128243914e-008, 5.03131403207e-009, 2.02235325708e-010, 8.61285279208e-011, 2.38100112543e-011, 2.48426936845e-014, 2.87002741914e-018, 1.99860681575e-020]
        max: [1.17138961286e-005, 0.000866578833666, 0.00233054696582, 0.00218824972399, 0.0126533582807, 0.00648806244135, 0.00214839912951, 0.00291348062456, 0.00377130671404, 0.00389036117122, 0.00433943094686, 0.0038974841591, 0.00414111232385, 0.00399731518701, 0.00358793791384, 0.0053949309513, 0.0043457201682, 0.00537468958646, 0.00301111163571, 0.00287681957707, 0.00160406366922, 0.00067130336538, 0.000224293893552, 0.000143337194459, 0.000117873300042, 1.94667131836e-006, 2.54152698886e-008, 1.29970911811e-009]
        mean: [9.21246567032e-007, 8.60010259203e-005, 0.000159096191055, 0.000145046273246, 0.000575417769141, 0.000404879683629, 0.000104672581074, 0.0001208590038, 0.000266583752818, 0.000209153993637, 0.000225959141972, 0.000219174311496, 0.00020506385772, 0.000184228585567, 0.000191186685697, 0.000251275283517, 0.00022788294882, 0.000257676001638, 0.000268042756943, 0.000219470952288, 0.000140176227433, 5.10700192535e-005, 9.30483656703e-006, 5.61941305932e-006, 2.69718361778e-006, 1.05025172559e-007, 9.92933624211e-010, 3.95051387436e-011]
        median: [3.20224557981e-007, 5.75032754568e-005, 0.000107110696263, 9.62915655691e-005, 0.000270831689704, 0.0002419193479, 6.43733583274e-005, 7.03200275893e-005, 0.000171286956174, 0.000143548953929, 0.000118288473459, 0.000118018644571, 9.3182468845e-005, 8.4500585217e-005, 0.000108306208858, 0.000148221763084, 0.00013668416068, 0.000150127627421, 0.000188614823855, 0.000147701764945, 9.54658171395e-005, 3.07019799948e-005, 5.14090061188e-006, 3.46485239788e-006, 1.43870829561e-006, 5.38701243613e-008, 4.60723431628e-010, 1.49330305066e-011]
        min: [4.09873822165e-014, 3.81389624743e-012, 3.35274689955e-012, 1.2802421883e-012, 6.33908377179e-012, 2.98672336863e-011, 5.22084819821e-010, 1.65612490388e-009, 9.35633348575e-009, 2.27487912952e-008, 3.32342459108e-010, 1.16725781818e-010, 1.17973950609e-008, 2.41504736209e-008, 2.66175720354e-010, 1.80876913447e-008, 9.71341271305e-011, 8.93083350328e-012, 5.40422018247e-009, 4.79653694541e-009, 4.16746801998e-012, 2.40525720001e-012, 2.45194516817e-013, 1.4756484229e-011, 2.27836385825e-013, 2.67736787601e-013, 1.47351138994e-013, 1.40775419996e-017]
        var: [2.52050485518e-012, 8.252914796e-009, 3.32345990728e-008, 2.5418218641e-008, 1.17599779514e-006, 2.56628823081e-007, 1.90920701471e-008, 2.81694081394e-008, 8.70242615747e-008, 5.65949136444e-008, 1.14621826697e-007, 9.91855557686e-008, 1.03178031452e-007, 8.49112069545e-008, 7.47313251281e-008, 1.42379590784e-007, 7.88232767945e-008, 1.07625510282e-007, 7.24347231085e-008, 5.111635204e-008, 1.89905513537e-008, 3.46638784343e-009, 1.62926269698e-010, 5.89770593473e-011, 1.79470605044e-011, 2.45579737237e-014, 2.7353206428e-018, 4.80363128365e-021]
    mfcc:
        mean: [-690.736877441, 110.669616699, -49.2772750854, 35.7970504761, -16.4497756958, 0.960330486298, 0.51383048296, -3.77300786972, -1.92533111572, -7.66402769089, -8.57727622986, -6.85192155838, -6.58709049225]
        cov: [[1817.75537109, -413.568054199, 103.823570251, 185.961044312, 39.4696083069, 93.9996109009, 48.6538734436, 35.7640075684, 26.619726181, 34.0827178955, 11.1166229248, 42.098285675, 20.1345748901], [-413.568054199, 499.11541748, -54.5196228027, -4.54907894135, 0.408184617758, 27.236164093, 11.5828638077, -18.6211471558, -4.61932182312, -19.2342224121, 13.2019701004, 3.20287084579, 29.4659843445], [103.823570251, -54.5196228027, 421.118041992, 61.8782310486, 45.0287971497, 23.1808757782, 106.723114014, 6.64042329788, 32.1461906433, 27.5869693756, -14.2014169693, 9.42552661896, 40.6584091187], [185.961044312, -4.54907894135, 61.8782310486, 269.268035889, 14.6600542068, 33.6365699768, -1.16702961922, 30.9282188416, 38.1388053894, 28.1251792908, 1.63217508793, 10.1307811737, 27.2112770081], [39.4696083069, 0.408184617758, 45.0287971497, 14.6600542068, 158.975845337, 19.0880908966, -2.12338519096, -17.6807785034, 12.0625200272, 14.0812749863, 8.28978538513, 4.94308328629, 0.460797339678], [93.9996109009, 27.236164093, 23.1808757782, 33.6365699768, 19.0880908966, 117.685569763, 47.623626709, 16.8683834076, 19.4691486359, 10.6995563507, 11.7555894852, 8.56318092346, 14.2868795395], [48.6538734436, 11.5828638077, 106.723114014, -1.16702961922, -2.12338519096, 47.623626709, 143.257507324, 44.5923461914, 33.0975608826, 9.99698638916, 4.91228580475, 12.1674880981, 22.4414463043], [35.7640075684, -18.6211471558, 6.64042329788, 30.9282188416, -17.6807785034, 16.8683834076, 44.5923461914, 85.538192749, 39.0970039368, 9.71624279022, 8.45935153961, 13.8523292542, 3.74422645569], [26.619726181, -4.61932182312, 32.1461906433, 38.1388053894, 12.0625200272, 19.4691486359, 33.0975608826, 39.0970039368, 83.5198974609, 40.9085197449, 17.266368866, 14.1908760071, 10.8448143005], [34.0827178955, -19.2342224121, 27.5869693756, 28.1251792908, 14.0812749863, 10.6995563507, 9.99698638916, 9.71624279022, 40.9085197449, 76.5159683228, 24.7153453827, 13.0759525299, 5.55945491791], [11.1166229248, 13.2019701004, -14.2014169693, 1.63217508793, 8.28978538513, 11.7555894852, 4.91228580475, 8.45935153961, 17.266368866, 24.7153453827, 58.3637237549, 25.8929481506, 1.75351917744], [42.098285675, 3.20287084579, 9.42552661896, 10.1307811737, 4.94308328629, 8.56318092346, 12.1674880981, 13.8523292542, 14.1908760071, 13.0759525299, 25.8929481506, 51.9008636475, 19.2297649384], [20.1345748901, 29.4659843445, 40.6584091187, 27.2112770081, 0.460797339678, 14.2868795395, 22.4414463043, 3.74422645569, 10.8448143005, 5.55945491791, 1.75351917744, 19.2297649384, 53.6200675964]]
        icov: [[0.000810822413769, 0.00073841039557, 7.8504162957e-005, -0.000522389542311, -9.05419146875e-005, -0.000581777188927, -0.000267138326308, 0.000230347199249, 0.000203652278287, 9.10752933123e-005, -2.74602189165e-005, -0.000533353129867, -0.000111618923256], [0.00073841039557, 0.0029390915297, 0.00057964597363, -0.000517906912137, -0.000116804956633, -0.000852077209856, -0.000731699925382, 0.00110441085417, -0.000156971102115, 0.000973542220891, -0.000936568889301, 0.00013885703811, -0.00170030992012], [7.8504162957e-005, 0.00057964597363, 0.00368170812726, -0.000880322244484, -0.000908126763534, 0.000738988863304, -0.00329694245011, 0.00163837883156, -0.000165823017596, -0.000802405411378, 0.00129003764596, -0.000139267402119, -0.00149213999975], [-0.000522389542311, -0.000517906912137, -0.000880322244484, 0.005099656526, -7.60116890888e-005, -0.00103413383476, 0.00251886015758, -0.00230996636674, -0.00104369153269, -0.000963282596786, 0.000624676817097, 0.000801150687039, -0.0020531967748], [-9.05419146875e-005, -0.000116804956633, -0.000908126763534, -7.60116890888e-005, 0.00717363134027, -0.00128525809851, 0.000801728398073, 0.00228447047994, -0.00158613326494, -0.00011408199498, -0.000525770243257, -0.000737772788852, 0.00122551282402], [-0.000581777188927, -0.000852077209856, 0.000738988863304, -0.00103413383476, -0.00128525809851, 0.0113474000245, -0.00391913112253, 9.40491736401e-005, -0.000277471903246, -0.000144388744957, -0.00153069605585, 0.000964791222941, -0.000952432397753], [-0.000267138326308, -0.000731699925382, -0.00329694245011, 0.00251886015758, 0.000801728398073, -0.00391913112253, 0.0134790474549, -0.0061365570873, -0.00154298625421, 0.000580608786549, -0.00026786167291, 0.000735738140065, -0.00245461775921], [0.000230347199249, 0.00110441085417, 0.00163837883156, -0.00230996636674, 0.00228447047994, 9.40491736401e-005, -0.0061365570873, 0.0200731754303, -0.00813910551369, 0.00297709601, 0.000304240296828, -0.00409944076091, 0.00315618701279], [0.000203652278287, -0.000156971102115, -0.000165823017596, -0.00104369153269, -0.00158613326494, -0.000277471903246, -0.00154298625421, -0.00813910551369, 0.0222347266972, -0.0096147460863, -0.000984544749372, 0.000230023739277, -0.00158358411863], [9.10752933123e-005, 0.000973542220891, -0.000802405411378, -0.000963282596786, -0.00011408199498, -0.000144388744957, 0.000580608786549, 0.00297709601, -0.0096147460863, 0.0208396613598, -0.00685264589265, 6.3258157752e-005, 0.000101979188912], [-2.74602189165e-005, -0.000936568889301, 0.00129003764596, 0.000624676817097, -0.000525770243257, -0.00153069605585, -0.00026786167291, 0.000304240296828, -0.000984544749372, -0.00685264589265, 0.0268530249596, -0.0130382319912, 0.00444036955014], [-0.000533353129867, 0.00013885703811, -0.000139267402119, 0.000801150687039, -0.000737772788852, 0.000964791222941, 0.000735738140065, -0.00409944076091, 0.000230023739277, 6.3258157752e-005, -0.0130382319912, 0.0309612378478, -0.0111797163263], [-0.000111618923256, -0.00170030992012, -0.00149213999975, -0.0020531967748, 0.00122551282402, -0.000952432397753, -0.00245461775921, 0.00315618701279, -0.00158358411863, 0.000101979188912, 0.00444036955014, -0.0111797163263, 0.0270234812051]]
    sccoeffs:
        dmean: [0.0553986728191, 0.0486808046699, 0.0365899838507, 0.0283685233444, 0.0192101038992, 0.0176948830485]
        dmean2: [0.091247536242, 0.0817350596189, 0.0616243332624, 0.046838760376, 0.031686540693, 0.0282748267055]
        dvar: [0.00234625511803, 0.00148539489601, 0.00077291688649, 0.000494119827636, 0.000244091701461, 0.000276137259789]
        dvar2: [0.00600508600473, 0.00426764786243, 0.00220757303759, 0.00130738504231, 0.000618984573521, 0.000634307274595]
        max: [-0.282980054617, -0.491706222296, -0.553327798843, -0.5972468853, -0.636955201626, -0.547598779202]
        mean: [-0.677989602089, -0.757470786572, -0.793180823326, -0.793296217918, -0.808694064617, -0.759615421295]
        median: [-0.691469311714, -0.761876881123, -0.798152446747, -0.800981521606, -0.813630819321, -0.763067483902]
        min: [-0.927340865135, -0.927304148674, -0.903254687786, -0.920886516571, -0.892793595791, -0.876833736897]
        var: [0.00618973653764, 0.00327219138853, 0.00194453517906, 0.00181324442383, 0.000998157891445, 0.00153824209701]
    scvalleys:
        dmean: [0.370325624943, 0.349355489016, 0.283434599638, 0.249907106161, 0.225361377001, 0.288324952126]
        dmean2: [0.613412737846, 0.584128499031, 0.473922371864, 0.409176856279, 0.359004586935, 0.420223772526]
        dvar: [0.0971060171723, 0.0865231975913, 0.0541613213718, 0.0495493635535, 0.0600887537003, 0.128070563078]
        dvar2: [0.254265248775, 0.231189638376, 0.141472071409, 0.119889162481, 0.13564966619, 0.273119419813]
        max: [-5.06099891663, -4.58345222473, -4.95585632324, -5.37694787979, -5.55808162689, -7.85439920425]
        mean: [-6.70904922485, -6.38185548782, -6.31215763092, -6.74853372574, -6.9684548378, -9.45202541351]
        median: [-6.48384571075, -6.36332559586, -6.28380870819, -6.73406410217, -6.90148258209, -9.37375259399]
        min: [-14.5732097626, -12.8371305466, -13.1669111252, -12.4599342346, -14.4741048813, -16.9993305206]
        var: [0.862277209759, 0.240731582046, 0.22903431952, 0.220788881183, 0.297895938158, 0.481186538935]

rhythm:
    beats_loudness:
        dmean: 0.0059190839529
        dmean2: 0.0116692008451
        dvar: 9.38863831834e-006
        dvar2: 3.34053693223e-005
        max: 0.0154802650213
        mean: 0.0066626612097
        median: 0.0057882508263
        min: 0.00011860660743
        var: 1.49656725625e-005
    bpm: 86.7108535767
    bpm_confidence: 0
    first_peak_bpm: 86
    first_peak_spread: 0.402105271816
    first_peak_weight: 0.591666638851
    onset_rate: 3.41411161423
    second_peak_bpm: 96
    second_peak_spread: 0
    second_peak_weight: 0.0104166669771
    beats_loudness_band_ratio:
        dmean: [0.061202313751, 0.240486204624, 0.0611181221902, 0.112625397742, 0.124164819717, 0.0821525007486]
        dmean2: [0.109174840152, 0.471837937832, 0.111088037491, 0.203704968095, 0.227076277137, 0.145116865635]
        dvar: [0.00295752007514, 0.0158561151475, 0.00358044519089, 0.0143085690215, 0.0175573099405, 0.00528753874823]
        dvar2: [0.00889926683158, 0.054594065994, 0.0108438748866, 0.0430383756757, 0.0542416535318, 0.0159916374832]
        max: [0.349556982517, 0.60440659523, 0.504465699196, 0.81788289547, 0.80693846941, 0.578257322311]
        mean: [0.0980791524053, 0.233787551522, 0.103864736855, 0.189444959164, 0.229451239109, 0.190249428153]
        median: [0.0848530903459, 0.193489015102, 0.0869052633643, 0.154327809811, 0.186304286122, 0.182959735394]
        min: [0.000273770419881, 0.00232984498143, 0.0133585752919, 0.0277457740158, 0.0526326186955, 0.00644371844828]
        var: [0.00377081078477, 0.0253930781037, 0.0044925888069, 0.0148461703211, 0.0195608437061, 0.00865532271564]
    beats_position: [0.719818592072, 1.45124709606, 2.17106580734, 2.89088439941, 3.59909296036, 4.29569149017, 4.99229001999, 5.6888885498, 6.38548755646, 7.08208608627, 7.77868461609, 8.46367359161, 9.17188167572, 9.8800907135, 10.5650787354, 11.2500677109, 11.9350566864, 12.6200447083, 13.3050336838, 14.0016326904, 14.6982307434, 15.3948297501, 16.0798187256, 16.7648067474, 17.4497947693, 18.1580047607, 18.8662128448, 19.5512008667, 20.247800827, 20.94439888, 21.640996933, 22.3375968933, 23.0341949463, 23.7307929993, 24.4273910522, 25.1239910126, 25.8205890656, 26.5171871185, 27.1905670166, 27.8871650696, 28.5837631226, 29.2803630829, 29.9769611359, 30.6735591888, 31.3701572418, 32.0667572021, 32.7401351929, 33.4367332458, 34.1333312988, 34.8299331665, 35.5265312195, 36.2231292725, 36.9197273254, 37.6163253784, 38.2897033691, 38.9863014221, 39.6829032898, 40.3795013428, 41.0760993958, 41.7726974487, 42.4692955017, 43.1658935547, 43.8392753601, 44.5358734131, 45.2324714661, 45.929069519, 46.625667572, 47.322265625, 48.0072555542, 48.7038536072, 49.3888435364, 50.0854415894, 50.7820396423, 51.4786376953, 52.1752357483, 52.871837616, 53.5684356689, 54.2650337219, 54.9500198364, 55.6350097656, 56.3316078186, 57.0282058716, 57.7248077393, 58.4214057922, 59.1063919067, 59.7913818359, 60.4879798889, 61.1961898804, 61.8811798096, 62.5777778625, 63.2743759155, 63.9709739685, 64.655960083, 65.3409500122, 66.0375518799, 66.7341461182, 67.4307479858, 68.1273422241, 68.8123321533, 69.508934021, 70.2055282593, 70.8905181885, 71.5871200562, 72.2837142944, 72.9803161621, 73.6769180298, 74.3619003296, 75.0585021973, 75.7551040649, 76.4516983032, 77.1366882324, 77.8332901001, 78.5298843384, 79.2264862061, 79.9230804443, 80.619682312, 81.3046722412, 82.0012664795, 82.6862564087, 83.3828582764, 84.0794525146, 84.7760543823, 85.4726486206, 86.1692504883, 86.8542404175, 87.5392303467, 88.235824585, 88.9324264526, 89.6290206909, 90.3256225586, 91.0222167969, 91.7188186646, 92.4038085938, 93.100402832, 93.7853927612, 94.4819946289, 95.1785888672, 95.8751907349, 96.5717926025, 97.2683868408, 97.95337677, 98.6499786377, 99.3349609375, 100.031562805, 100.728164673, 101.424758911, 102.10974884, 102.79473877, 103.491333008, 104.187934875, 104.884536743, 105.581130981, 106.277732849, 106.974327087, 107.670928955, 108.355918884, 109.040908813, 109.737503052, 110.434104919, 111.130699158, 111.827301025, 112.523895264, 113.220497131, 113.905487061, 114.602081299, 115.298683167, 115.983673096, 116.680267334, 117.376869202, 118.07346344, 118.758453369, 119.443443298, 120.140045166, 120.836639404, 121.533241272, 122.22983551, 122.926437378, 123.623039246, 124.319633484, 125.016235352, 125.701225281, 126.386207581, 127.082809448, 127.779411316, 128.476013184, 129.172607422, 129.857589722, 130.54258728, 131.239181519, 131.935775757, 132.632385254, 133.328979492, 134.013961792, 134.710571289, 135.395553589, 136.092147827, 136.788757324, 137.485351563, 138.181945801, 138.878540039, 139.575149536, 140.271743774, 140.956726074, 141.653335571, 142.338317871, 143.034912109, 143.731521606, 144.428115845, 145.124710083, 145.82131958, 146.50630188, 147.19128418, 147.887893677, 148.584487915, 149.281082153, 149.97769165, 150.674285889, 151.359268188, 152.044265747, 152.740859985, 153.437454224, 154.134063721, 154.830657959, 155.527252197, 156.212234497, 156.897232056, 157.593826294, 158.290420532, 158.987030029, 159.683624268, 160.380218506, 161.076828003, 161.761810303, 162.458404541, 163.1434021, 163.839996338, 164.536590576, 165.233200073, 165.929794312, 166.62638855, 167.322982788, 168.019592285, 168.704574585, 169.389572144, 170.086166382, 170.78276062, 171.467758179, 172.164352417, 172.860946655, 173.545944214, 174.242538452, 174.93913269, 175.635726929, 176.332336426, 177.028930664, 177.725524902, 178.422134399, 179.118728638, 179.803710938, 180.488708496, 181.185302734, 181.881896973, 182.57850647, 183.275100708, 183.971694946, 184.656692505, 185.341674805, 186.038269043, 186.73487854, 187.431472778, 188.128067017, 188.813064575, 189.498046875, 190.171432495, 190.868026733, 191.553009033, 192.238006592, 192.922988892, 193.607971191, 194.304580688, 194.97795105, 195.662948608, 196.347930908, 197.032928467, 197.717910767, 198.402893066, 199.087890625, 199.784484863, 200.469467163, 201.154464722, 201.839447021, 202.52444458, 203.20942688, 203.894424438, 204.579406738, 205.264389038, 205.949386597, 206.634368896, 207.319366455, 208.004348755, 208.700942993, 209.374328613, 210.070922852, 210.75592041, 211.44090271, 212.12588501, 212.810882568, 213.495864868, 214.169250488, 214.854232788, 215.539230347, 216.224212646, 216.909194946, 217.594192505, 218.279174805, 218.975784302, 219.660766602, 220.345748901, 221.03074646, 221.71572876, 222.400726318, 223.085708618, 223.770706177, 224.455688477, 225.140670776, 225.837280273, 226.522262573, 227.207244873, 227.892242432, 228.577224731, 229.26222229, 229.94720459, 230.632202148, 231.317184448, 232.002166748, 232.687164307, 233.383758545, 234.068756104, 234.753738403, 235.438720703, 236.123718262, 236.808700562, 237.49369812, 238.17868042, 238.86366272, 239.548660278, 240.233642578, 240.918640137, 241.603622437, 242.288604736, 242.973602295, 243.670196533, 244.355194092, 245.040176392, 245.725158691, 246.41015625, 247.083526611, 247.76852417, 248.441894531, 249.115280151, 249.800262451, 250.496871948, 251.193466187, 251.890060425, 252.586654663, 253.271652222, 253.96824646, 254.653244019, 255.32661438, 256, 256.684997559, 257.3699646, 258.054962158, 258.751556396, 259.436553955, 260.133148193, 260.818145752, 261.503112793, 262.176513672, 262.861480713, 263.546478271, 264.23147583, 264.916442871, 265.60144043, 266.286437988, 266.983032227, 267.679626465, 268.376220703, 269.072814941, 269.7578125, 270.442810059, 271.139404297, 271.835998535, 272.532592773, 273.229187012, 273.925811768, 274.622406006, 275.307373047, 275.992370605, 276.688964844, 277.385559082, 278.082183838, 278.778778076, 279.475372314, 280.171966553, 280.856964111, 281.541931152, 282.238555908, 282.935150146, 283.620117188, 284.305114746, 285.001708984, 285.698303223, 286.394927979, 287.091522217, 287.788116455, 288.484710693, 289.181304932, 289.87789917, 290.562896729, 291.247894287, 291.944488525, 292.641082764, 293.337677002, 294.03427124, 294.730865479, 295.427490234, 296.124084473, 296.809051514, 297.494049072, 298.190643311, 298.887237549, 299.583862305, 300.268829346, 300.953826904, 301.650421143, 302.347015381, 303.043609619, 303.740234375, 304.436828613, 305.133422852, 305.83001709, 306.526611328, 307.211608887, 307.896606445, 308.593200684, 309.289794922, 309.98638916, 310.682983398, 311.379577637, 312.076171875, 312.761169434, 313.446166992, 314.14276123, 314.839355469, 315.535949707, 316.232543945, 316.929168701, 317.625762939, 318.322357178, 319.007354736, 319.692321777, 320.388916016, 321.085540771, 321.78213501, 322.467102051, 323.163726807, 323.848693848, 324.545288086, 325.241912842, 325.93850708, 326.635101318, 327.320098877, 328.016693115, 328.724884033, 329.433105469, 330.060028076, 330.686981201, 331.313903809, 331.940856934, 332.567779541]
