
metadata:
    version:
        essentia: "2.1-beta2"
    audio_properties:
        analysis_sample_rate: 44100
        bitrate: 275
        channels: 2
        equal_loudness: 1
        length: 497.893890381
        replay_gain: -14.2300834656
        downmix: "mix"
    tags:
        album: "L'Enfant Sauvage"
        artist: "Gojira"
        comment: "Live at les Eurockéennes 2009."
        date: "2012"
        genre: "Metal"
        title: "The Art of Dying"
        tracknumber: "6/11"

configuration:
    average_loudness:
        compute: 1
        frameSize: 88200
        hopSize: 44100
        silentFrames: "noise"
        windowType: "hann"
    general:
        analysisSampleRate: 44100
        endTime: 2000
        equalLoudness: 1
        nequalLoudness: 0
        shortSound: 0
        startTime: 0
    lowlevel:
        compute: 1
        frameSize: 2048
        hopSize: 1024
        zeroPadding: 0
        silentFrames: "noise"
        windowType: "blackmanharris62"
        mfccStats: ["mean", "cov", "icov"]
        stats: ["mean", "var", "median", "min", "max", "dmean", "dmean2", "dvar", "dvar2"]
    panning:
        compute: 0
        frameSize: 8192
        hopSize: 2048
        zeroPadding: 8192
        silentFrames: "noise"
        windowType: "hann"
        stats: ["copy"]
    rhythm:
        compute: 1
        maxTempo: 208
        minTempo: 40
        method: "degara"
        stats: ["mean", "var", "median", "min", "max", "dmean", "dmean2", "dvar", "dvar2"]
    segmentation:
        compute: 0
        cpw: 5
        inc1: 300
        inc2: 50
        minimumSegmentsLength: 10
        size1: 1000
        size2: 600
    sfx:
        compute: 1
        stats: ["mean", "var", "median", "min", "max", "dmean", "dmean2", "dvar", "dvar2"]
    svm:
        compute: 0
    tonal:
        compute: 1
        frameSize: 4096
        hopSize: 2048
        zeroPadding: 0
        silentFrames: "noise"
        windowType: "blackmanharris62"
        stats: ["mean", "var", "median", "min", "max", "dmean", "dmean2", "dvar", "dvar2"]

lowlevel:
    average_loudness: 0.881522595882
    barkbands_kurtosis:
        dmean: 0.477939844131
        dmean2: 0.810194432735
        dvar: 0.498266071081
        dvar2: 1.33158397675
        max: 18.147977829
        mean: -0.812035381794
        median: -1.11802613735
        min: -1.82350170612
        var: 1.1454180479
    barkbands_skewness:
        dmean: 0.334920078516
        dmean2: 0.540004193783
        dvar: 0.0976183712482
        dvar2: 0.253251791
        max: 3.86344981194
        mean: 0.0579939521849
        median: 0.00869438610971
        min: -3.59857678413
        var: 0.37080347538
    barkbands_spread:
        dmean: 5.12981843948
        dmean2: 8.43114948273
        dvar: 20.0972251892
        dvar2: 53.5274581909
        max: 61.2433052063
        mean: 31.516998291
        median: 32.0968093872
        min: 5.12017631531
        var: 73.9529418945
    dissonance:
        dmean: 0.0103834941983
        dmean2: 0.0180972442031
        dvar: 9.4356284535e-005
        dvar2: 0.000264992646407
        max: 0.500000178814
        mean: 0.485245317221
        median: 0.488157331944
        min: 0.387213021517
        var: 0.000134366651764
    hfc:
        dmean: 2.28931617737
        dmean2: 3.82110452652
        dvar: 10.2045412064
        dvar2: 25.6580429077
        max: 39.1737251282
        mean: 6.73445510864
        median: 5.45514059067
        min: 1.01006371551e-005
        var: 22.3885307312
    pitch:
        dmean: 581.697387695
        dmean2: 1094.88183594
        dvar: 1006638.75
        dvar2: 2649292.75
        max: 4716.13671875
        mean: 655.742675781
        median: 303.348388672
        min: 50.6720199585
        var: 898986.25
    pitch_instantaneous_confidence:
        dmean: 0.0618977323174
        dmean2: 0.105173461139
        dvar: 0.00305837811902
        dvar2: 0.00847565475851
        max: 0.933075666428
        mean: 0.255005985498
        median: 0.230805873871
        min: 0.0976220369339
        var: 0.00899759307504
    pitch_salience:
        dmean: 0.0522390641272
        dmean2: 0.0872800648212
        dvar: 0.00215765368193
        dvar2: 0.00584137765691
        max: 0.914806962013
        mean: 0.707506358624
        median: 0.718544840813
        min: 0.218473881483
        var: 0.00453061098233
    silence_rate_20dB:
        dmean: 0
        dmean2: 0
        dvar: 0
        dvar2: 0
        max: 1
        mean: 1
        median: 1
        min: 1
        var: 0
    silence_rate_30dB:
        dmean: 0
        dmean2: 0
        dvar: 0
        dvar2: 0
        max: 1
        mean: 1
        median: 1
        min: 1
        var: 0
    silence_rate_60dB:
        dmean: 0.110898658633
        dmean2: 0.221807673573
        dvar: 0.0986016020179
        dvar2: 0.214514151216
        max: 1
        mean: 0.432288765907
        median: 0
        min: 0
        var: 0.245392769575
    spectral_centroid:
        dmean: 248.314559937
        dmean2: 396.832763672
        dvar: 56378.0976563
        dvar2: 141686.75
        max: 3473.77880859
        mean: 1633.58813477
        median: 1618.12341309
        min: 236.023361206
        var: 204045.34375
    spectral_complexity:
        dmean: 4.64729738235
        dmean2: 7.64611530304
        dvar: 25.038646698
        dvar2: 60.3068466187
        max: 51
        mean: 15.722486496
        median: 14
        min: 0
        var: 95.216255188
    spectral_crest:
        dmean: 1.90851712227
        dmean2: 3.23652648926
        dvar: 3.98866391182
        dvar2: 10.6677465439
        max: 23.8001041412
        mean: 5.63046455383
        median: 4.82846736908
        min: 1.82427096367
        var: 7.43097925186
    spectral_decrease:
        dmean: 3.30671268145e-010
        dmean2: 5.60552271267e-010
        dvar: 2.98476982951e-019
        dvar2: 7.72692105954e-019
        max: -1.15049361792e-015
        mean: -9.5894403529e-010
        median: -7.64020013921e-010
        min: -6.0237579369e-009
        var: 4.92271364251e-019
    spectral_energy:
        dmean: 0.00143227749504
        dmean2: 0.00241944752634
        dvar: 5.21625770489e-006
        dvar2: 1.34020592668e-005
        max: 0.0242889523506
        mean: 0.00423011230305
        median: 0.00338767934591
        min: 5.25838483867e-009
        var: 9.1586034614e-006
    spectral_energyband_high:
        dmean: 0.00015755930508
        dmean2: 0.000261553534074
        dvar: 5.11612725518e-008
        dvar2: 1.2684961348e-007
        max: 0.00330238533206
        mean: 0.00033321409137
        median: 0.000261288194451
        min: 8.95572227488e-010
        var: 8.20293024617e-008
    spectral_energyband_low:
        dmean: 0.000240046720137
        dmean2: 0.000417801056756
        dvar: 1.39352579254e-007
        dvar2: 3.92488090029e-007
        max: 0.00326631963253
        mean: 0.000345583626768
        median: 0.000259350752458
        min: 5.52366399148e-012
        var: 1.32569041966e-007
    spectral_energyband_middle_high:
        dmean: 0.000683618942276
        dmean2: 0.00114497030154
        dvar: 7.85143470239e-007
        dvar2: 2.0053910248e-006
        max: 0.0109127061442
        mean: 0.00212084758095
        median: 0.00162021582946
        min: 2.06104666667e-009
        var: 2.72031184068e-006
    spectral_energyband_middle_low:
        dmean: 0.000782673829235
        dmean2: 0.00132558459882
        dvar: 2.76213768302e-006
        dvar2: 7.41570920582e-006
        max: 0.0199387334287
        mean: 0.00155479914974
        median: 0.00115391076542
        min: 9.82544712258e-010
        var: 2.99087992062e-006
    spectral_flatness_db:
        dmean: 0.0133696654812
        dmean2: 0.0216304175556
        dvar: 0.000144686215208
        dvar2: 0.000377543445211
        max: 0.300552755594
        mean: 0.120354920626
        median: 0.112025097013
        min: 0.0496872290969
        var: 0.00113475508988
    spectral_flux:
        dmean: 0.00768302194774
        dmean2: 0.0124689871445
        dvar: 0.000107577172457
        dvar2: 0.00020499654056
        max: 0.128793910146
        mean: 0.0399480722845
        median: 0.0367006137967
        min: 0.000242286507273
        var: 0.00029746509972
    spectral_kurtosis:
        dmean: 0.935123682022
        dmean2: 1.55389976501
        dvar: 1.10952961445
        dvar2: 3.19620323181
        max: 26.273015976
        mean: 3.37890267372
        median: 3.08143043518
        min: -0.0207243878394
        var: 2.61119699478
    spectral_rms:
        dmean: 0.000310572213493
        dmean2: 0.000518758548424
        dvar: 1.57745219553e-007
        dvar2: 4.02168069513e-007
        max: 0.0048679090105
        mean: 0.00191414891742
        median: 0.00181798054837
        min: 2.26497945732e-006
        var: 4.6294906042e-007
    spectral_rolloff:
        dmean: 382.153564453
        dmean2: 624.815856934
        dvar: 149071.546875
        dvar2: 359604.53125
        max: 5641.69921875
        mean: 3189.58813477
        median: 3273.046875
        min: 215.33203125
        var: 492177.03125
    spectral_skewness:
        dmean: 0.144558981061
        dmean2: 0.236097738147
        dvar: 0.0173731502146
        dvar2: 0.0458635464311
        max: 3.6181871891
        mean: 1.43491709232
        median: 1.41152083874
        min: 0.452068805695
        var: 0.066620901227
    spectral_spread:
        dmean: 535886.8125
        dmean2: 805609.375
        dvar: 301613056000
        dvar2: 667082162176
        max: 12139395
        mean: 4953217.5
        median: 4901371
        min: 1625523.625
        var: 1.58379907482e+012
    spectral_strongpeak:
        dmean: 0.272393286228
        dmean2: 0.474678337574
        dvar: 0.177983611822
        dvar2: 0.486098319292
        max: 5.88859272003
        mean: 0.372258096933
        median: 0.19696700573
        min: 0
        var: 0.242113798857
    zerocrossingrate:
        dmean: 0.00744169484824
        dmean2: 0.00947735179216
        dvar: 4.12554618379e-005
        dvar2: 6.16289980826e-005
        max: 0.16650390625
        mean: 0.0946966186166
        median: 0.0947265625
        min: 0.01611328125
        var: 0.000370756781194
    barkbands:
        dmean: [1.01393766272e-006, 6.41748920316e-005, 0.000139780007885, 0.000126784623717, 0.000492061139084, 0.000206324082683, 6.82169411448e-005, 6.5732114308e-005, 0.000156578578753, 0.000143095254316, 8.35110477055e-005, 9.60601391853e-005, 0.000114189555461, 7.79847759986e-005, 8.17803447717e-005, 0.000130728643853, 0.000116337767395, 0.000117812909593, 0.000167252044776, 0.000128982734168, 7.6858959801e-005, 3.25368673657e-005, 5.52442452317e-006, 3.37090864377e-006, 2.08641449717e-006, 8.97620253681e-008, 7.36206484664e-010]
        dmean2: [1.59546596024e-006, 0.000107322950498, 0.000245024566539, 0.000224077128223, 0.000842337263748, 0.000349449459463, 0.000114759153803, 0.000111820379971, 0.000268321455223, 0.000241821442614, 0.0001417233143, 0.000161947085871, 0.000195164364413, 0.000132931018015, 0.000138030751259, 0.000223098875722, 0.000199642687221, 0.000198471039766, 0.000288579874905, 0.000216714033741, 0.000129755600938, 5.48300122318e-005, 8.95370249054e-006, 5.51430957785e-006, 3.37577694154e-006, 1.41412016319e-007, 1.13044817951e-009]
        dvar: [2.83751928204e-012, 7.3898749342e-009, 5.03075980873e-008, 3.37339685075e-008, 1.63457877989e-006, 1.31318159902e-007, 1.64204454478e-008, 1.47661731731e-008, 6.68022011041e-008, 6.10308461546e-008, 2.0036790005e-008, 2.88336945431e-008, 4.28097166605e-008, 2.24615845923e-008, 1.69983724874e-008, 2.85314207815e-008, 2.76366947105e-008, 2.80232974603e-008, 5.60922437387e-008, 3.50906717017e-008, 1.29193917786e-008, 2.67720823288e-009, 7.92763008017e-011, 3.31513358431e-011, 1.73226624017e-011, 4.71063753326e-014, 2.84615622743e-018]
        dvar2: [6.55341232669e-012, 2.05642312068e-008, 1.42190401675e-007, 9.49492289237e-008, 4.43101635028e-006, 3.46909786231e-007, 4.1669700579e-008, 3.84385181462e-008, 1.84685433169e-007, 1.66942356827e-007, 5.1534357226e-008, 7.4975282871e-008, 1.18266065385e-007, 5.77258383316e-008, 4.42905090381e-008, 7.53568798473e-008, 7.27661557676e-008, 6.97391868698e-008, 1.49554225004e-007, 8.86861641902e-008, 3.3203154004e-008, 6.7675540727e-009, 1.81464676619e-010, 8.16665415848e-011, 4.33901560515e-011, 1.16810586811e-013, 6.21855814313e-018]
        max: [1.40374149851e-005, 0.00103740813211, 0.00217422842979, 0.00261429371312, 0.0159834995866, 0.00625841272995, 0.00348869408481, 0.00225335452706, 0.00525655364618, 0.00536885857582, 0.00366623862647, 0.00455928547308, 0.00503328302875, 0.0042996192351, 0.00362237147056, 0.00556794507429, 0.00384426652454, 0.0044627902098, 0.00309947459027, 0.00270805438049, 0.00222646794282, 0.000934400479309, 0.00016614071501, 0.000123061981867, 0.000111213361379, 5.59810723644e-006, 3.47815856117e-008]
        mean: [1.07483060674e-006, 0.00010415379802, 0.000165167977684, 0.000147019090946, 0.000589603208937, 0.000302806001855, 9.80170952971e-005, 8.78367864061e-005, 0.000249183503911, 0.000238315114984, 0.000134252200951, 0.00016555430193, 0.000201729490072, 0.00012779411918, 0.000160810785019, 0.000258630199824, 0.000214771513129, 0.00023154860537, 0.000298816594295, 0.000233183192904, 0.00014419737272, 5.61185624974e-005, 1.02539142972e-005, 5.82131042393e-006, 3.31562364408e-006, 1.37966480906e-007, 1.17295395619e-009]
        median: [3.35261347573e-007, 7.80616464908e-005, 0.000102015663288, 8.66788177518e-005, 0.000269419833785, 0.000174148808583, 5.11067701154e-005, 4.86645985802e-005, 0.000162073862157, 0.000129544932861, 8.50179931149e-005, 9.73957212409e-005, 0.00010380470485, 6.67765634716e-005, 0.000117091032735, 0.00019702091231, 0.00015542039182, 0.000157566159032, 0.000214589643292, 0.000171033389051, 0.000106154577225, 3.79679913749e-005, 6.46351827527e-006, 3.50555501427e-006, 1.61597949955e-006, 5.80226391378e-008, 4.55274040689e-010]
        min: [1.49656051169e-014, 2.38359435271e-013, 1.45234909169e-012, 1.26488958196e-011, 3.51193379933e-010, 8.58764864775e-011, 9.86952256032e-011, 6.29145208153e-011, 1.39203482075e-010, 2.21552401425e-010, 9.51639045343e-011, 3.10680751958e-011, 4.55785964526e-011, 2.19971596493e-010, 3.74869371655e-011, 5.92319734927e-011, 5.9542544506e-011, 2.76834999369e-010, 6.47959685907e-010, 8.2021911485e-010, 2.7891158827e-010, 1.06736446071e-010, 3.59859156362e-011, 5.79880154311e-012, 2.47723391279e-013, 8.46464554265e-013, 6.11066169995e-014]
        var: [3.34214036654e-012, 1.13797220536e-008, 4.34832401197e-008, 3.61997543052e-008, 1.419307182e-006, 1.73986094865e-007, 2.27370104966e-008, 1.79872934325e-008, 9.56903960514e-008, 1.43883966075e-007, 3.46848949562e-008, 6.05781593777e-008, 1.0838838449e-007, 4.5447556829e-008, 3.64553685017e-008, 6.29678424957e-008, 5.19299128143e-008, 6.43469064698e-008, 7.91620777818e-008, 4.89858820174e-008, 1.87785360595e-008, 3.75470143865e-009, 1.54441126554e-010, 5.2978545162e-011, 2.41712570098e-011, 6.51101351654e-014, 5.37358859791e-018]
    frequency_bands:
        dmean: [1.01393766272e-006, 6.41748920316e-005, 0.000139780007885, 0.000126784623717, 0.000492061139084, 0.000206324082683, 6.82169411448e-005, 6.5732114308e-005, 0.000156578578753, 0.000143095254316, 8.35110477055e-005, 9.60601391853e-005, 0.000114189555461, 7.79847759986e-005, 8.17803447717e-005, 0.000130728643853, 0.000116337767395, 0.000117812909593, 0.000167252044776, 0.000128982734168, 7.6858959801e-005, 3.25368673657e-005, 5.52442452317e-006, 3.37090864377e-006, 2.08641449717e-006, 8.97620253681e-008, 7.36206484664e-010, 4.81961137666e-011]
        dmean2: [1.59546596024e-006, 0.000107322950498, 0.000245024566539, 0.000224077128223, 0.000842337263748, 0.000349449459463, 0.000114759153803, 0.000111820379971, 0.000268321455223, 0.000241821442614, 0.0001417233143, 0.000161947085871, 0.000195164364413, 0.000132931018015, 0.000138030751259, 0.000223098875722, 0.000199642687221, 0.000198471039766, 0.000288579874905, 0.000216714033741, 0.000129755600938, 5.48300122318e-005, 8.95370249054e-006, 5.51430957785e-006, 3.37577694154e-006, 1.41412016319e-007, 1.13044817951e-009, 8.94448404232e-011]
        dvar: [2.83751928204e-012, 7.3898749342e-009, 5.03075980873e-008, 3.37339685075e-008, 1.63457877989e-006, 1.31318159902e-007, 1.64204454478e-008, 1.47661731731e-008, 6.68022011041e-008, 6.10308461546e-008, 2.0036790005e-008, 2.88336945431e-008, 4.28097166605e-008, 2.24615845923e-008, 1.69983724874e-008, 2.85314207815e-008, 2.76366947105e-008, 2.80232974603e-008, 5.60922437387e-008, 3.50906717017e-008, 1.29193917786e-008, 2.67720823288e-009, 7.92763008017e-011, 3.31513358431e-011, 1.73226624017e-011, 4.71063753326e-014, 2.84615622743e-018, 5.60516485435e-021]
        dvar2: [6.55341232669e-012, 2.05642312068e-008, 1.42190401675e-007, 9.49492289237e-008, 4.43101635028e-006, 3.46909786231e-007, 4.1669700579e-008, 3.84385181462e-008, 1.84685433169e-007, 1.66942356827e-007, 5.1534357226e-008, 7.4975282871e-008, 1.18266065385e-007, 5.77258383316e-008, 4.42905090381e-008, 7.53568798473e-008, 7.27661557676e-008, 6.97391868698e-008, 1.49554225004e-007, 8.86861641902e-008, 3.3203154004e-008, 6.7675540727e-009, 1.81464676619e-010, 8.16665415848e-011, 4.33901560515e-011, 1.16810586811e-013, 6.21855814313e-018, 1.80390061645e-020]
        max: [1.40374149851e-005, 0.00103740813211, 0.00217422842979, 0.00261429371312, 0.0159834995866, 0.00625841272995, 0.00348869408481, 0.00225335452706, 0.00525655364618, 0.00536885857582, 0.00366623862647, 0.00455928547308, 0.00503328302875, 0.0042996192351, 0.00362237147056, 0.00556794507429, 0.00384426652454, 0.0044627902098, 0.00309947459027, 0.00270805438049, 0.00222646794282, 0.000934400479309, 0.00016614071501, 0.000123061981867, 0.000111213361379, 5.59810723644e-006, 3.47815856117e-008, 1.12556586274e-009]
        mean: [1.07483060674e-006, 0.00010415379802, 0.000165167977684, 0.000147019090946, 0.000589603208937, 0.000302806001855, 9.80170952971e-005, 8.78367864061e-005, 0.000249183503911, 0.000238315114984, 0.000134252200951, 0.00016555430193, 0.000201729490072, 0.00012779411918, 0.000160810785019, 0.000258630199824, 0.000214771513129, 0.00023154860537, 0.000298816594295, 0.000233183192904, 0.00014419737272, 5.61185624974e-005, 1.02539142972e-005, 5.82131042393e-006, 3.31562364408e-006, 1.37966480906e-007, 1.17295395619e-009, 3.71665233312e-011]
        median: [3.35261347573e-007, 7.80616464908e-005, 0.000102015663288, 8.66788177518e-005, 0.000269419833785, 0.000174148808583, 5.11067701154e-005, 4.86645985802e-005, 0.000162073862157, 0.000129544932861, 8.50179931149e-005, 9.73957212409e-005, 0.00010380470485, 6.67765634716e-005, 0.000117091032735, 0.00019702091231, 0.00015542039182, 0.000157566159032, 0.000214589643292, 0.000171033389051, 0.000106154577225, 3.79679913749e-005, 6.46351827527e-006, 3.50555501427e-006, 1.61597949955e-006, 5.80226391378e-008, 4.55274040689e-010, 1.28500734359e-011]
        min: [1.49656051169e-014, 2.38359435271e-013, 1.45234909169e-012, 1.26488958196e-011, 3.51193379933e-010, 8.58764864775e-011, 9.86952256032e-011, 6.29145208153e-011, 1.39203482075e-010, 2.21552401425e-010, 9.51639045343e-011, 3.10680751958e-011, 4.55785964526e-011, 2.19971596493e-010, 3.74869371655e-011, 5.92319734927e-011, 5.9542544506e-011, 2.76834999369e-010, 6.47959685907e-010, 8.2021911485e-010, 2.7891158827e-010, 1.06736446071e-010, 3.59859156362e-011, 5.79880154311e-012, 2.47723391279e-013, 8.46464554265e-013, 6.11066169995e-014, 2.83982982603e-017]
        var: [3.34214036654e-012, 1.13797220536e-008, 4.34832401197e-008, 3.61997543052e-008, 1.419307182e-006, 1.73986094865e-007, 2.27370104966e-008, 1.79872934325e-008, 9.56903960514e-008, 1.43883966075e-007, 3.46848949562e-008, 6.05781593777e-008, 1.0838838449e-007, 4.5447556829e-008, 3.64553685017e-008, 6.29678424957e-008, 5.19299128143e-008, 6.43469064698e-008, 7.91620777818e-008, 4.89858820174e-008, 1.87785360595e-008, 3.75470143865e-009, 1.54441126554e-010, 5.2978545162e-011, 2.41712570098e-011, 6.51101351654e-014, 5.37358859791e-018, 4.38355075996e-021]
    mfcc:
        mean: [-693.943359375, 102.710502625, -51.4025650024, 39.4764785767, -14.4453039169, 1.16138648987, -0.0881697311997, -4.20363235474, -0.615724146366, -7.85479307175, -8.31262969971, -8.43845844269, -5.74104118347]
        cov: [[2592.96337891, -181.820541382, 414.454681396, 67.0829849243, 98.3253860474, 179.922729492, 234.515350342, 197.067642212, 176.474365234, 147.922729492, 37.6279029846, 77.5637054443, 77.4858932495], [-181.820541382, 659.873352051, -27.1572799683, 127.716423035, 28.2679290771, 5.45127153397, -4.52192401886, 13.6197690964, 55.4544792175, 8.95102024078, 21.6890468597, 5.50992631912, 31.4703369141], [414.454681396, -27.1572799683, 350.94619751, 53.831035614, 76.5758666992, 40.7537918091, 70.1022262573, 43.9593467712, 51.6081428528, 34.7500343323, -24.3028469086, 15.9909572601, 18.7175598145], [67.0829849243, 127.716423035, 53.831035614, 139.65007019, 40.6341743469, 36.8284988403, 10.4642734528, 16.4916400909, 33.6030158997, 14.7464742661, -5.02282238007, 7.30320215225, 18.6529865265], [98.3253860474, 28.2679290771, 76.5758666992, 40.6341743469, 108.256362915, 31.7043113708, 32.4873466492, 16.8368091583, 39.309261322, 25.9746189117, 3.10192060471, 14.0240859985, 16.2112483978], [179.922729492, 5.45127153397, 40.7537918091, 36.8284988403, 31.7043113708, 99.5273513794, 54.379737854, 43.2528305054, 34.5426712036, 28.8770866394, 9.67652893066, 18.3057403564, 18.6090221405], [234.515350342, -4.52192401886, 70.1022262573, 10.4642734528, 32.4873466492, 54.379737854, 132.401596069, 71.0015487671, 57.3371315002, 34.8496437073, 11.6373996735, 11.963224411, 15.9576206207], [197.067642212, 13.6197690964, 43.9593467712, 16.4916400909, 16.8368091583, 43.2528305054, 71.0015487671, 102.458854675, 61.0784454346, 35.4479560852, 18.4548568726, 17.6974124908, 7.75217199326], [176.474365234, 55.4544792175, 51.6081428528, 33.6030158997, 39.309261322, 34.5426712036, 57.3371315002, 61.0784454346, 108.350601196, 50.3565864563, 16.5670547485, 14.3000421524, 21.0469932556], [147.922729492, 8.95102024078, 34.7500343323, 14.7464742661, 25.9746189117, 28.8770866394, 34.8496437073, 35.4479560852, 50.3565864563, 69.1644134521, 22.0441112518, 16.123380661, 14.8331451416], [37.6279029846, 21.6890468597, -24.3028469086, -5.02282238007, 3.10192060471, 9.67652893066, 11.6373996735, 18.4548568726, 16.5670547485, 22.0441112518, 59.7081680298, 21.0043067932, 2.75802493095], [77.5637054443, 5.50992631912, 15.9909572601, 7.30320215225, 14.0240859985, 18.3057403564, 11.963224411, 17.6974124908, 14.3000421524, 16.123380661, 21.0043067932, 50.3030471802, 23.0670108795], [77.4858932495, 31.4703369141, 18.7175598145, 18.6529865265, 16.2112483978, 18.6090221405, 15.9576206207, 7.75217199326, 21.0469932556, 14.8331451416, 2.75802493095, 23.0670108795, 58.9456710815]]
        icov: [[0.000601350620855, 0.00019482888456, -0.000539537053555, -5.50853837922e-005, 0.000268645148026, -0.000385907973396, -0.000256744795479, -0.000329297326971, -0.000167708916706, -0.000375867035473, -0.000235768515267, -0.000104803213617, -0.000338485988323], [0.00019482888456, 0.00212213629857, 0.00021616651793, -0.00203360198066, 5.38741333003e-005, 0.000583065324463, 3.22006235365e-005, -0.000106008221337, -0.00103030225728, 0.000597977777943, -0.00111093674786, 0.00048729518312, -0.000929185538553], [-0.000539537053555, 0.00021616651793, 0.00456905178726, -0.00105130870361, -0.0021576883737, 0.000873726326972, -0.00120063568465, -0.000118077623483, 5.16381624038e-006, -0.000615241820924, 0.00288221542723, -0.00116790435277, 0.000608944217674], [-5.50853837922e-005, -0.00203360198066, -0.00105130870361, 0.0113310683519, -0.00205583055504, -0.00373935420066, 0.00228746980429, -0.00033578282455, -0.00126890686806, 0.000265419395873, 0.00182953011245, 0.000367913249647, -0.000766179291531], [0.000268645148026, 5.38741333003e-005, -0.0021576883737, -0.00205583055504, 0.0134741254151, -0.00180461024866, -0.0014221201418, 0.00295435544103, -0.00309174670838, -0.00140400533564, -0.000279278086964, -0.00178305373993, -1.76301236934e-005], [-0.000385907973396, 0.000583065324463, 0.000873726326972, -0.00373935420066, -0.00180461024866, 0.0163942594081, -0.00413796585053, -0.00275632087141, 0.00173883489333, -0.00213846261613, 0.000232816339121, -0.00196861219592, -0.00141802686267], [-0.000256744795479, 3.22006235365e-005, -0.00120063568465, 0.00228746980429, -0.0014221201418, -0.00413796585053, 0.0150623191148, -0.00697156786919, -0.00198570662178, 0.000314194970997, -0.000657673168462, 0.00284131593071, -0.00193677854259], [-0.000329297326971, -0.000106008221337, -0.000118077623483, -0.00033578282455, 0.00295435544103, -0.00275632087141, -0.00697156786919, 0.0213945284486, -0.00766203179955, -0.000556713552214, -0.00117106270045, -0.00423400616273, 0.00435207458213], [-0.000167708916706, -0.00103030225728, 5.16381624038e-006, -0.00126890686806, -0.00309174670838, 0.00173883489333, -0.00198570662178, -0.00766203179955, 0.0207831226289, -0.00883839745075, -0.000186610835954, 0.00237553659827, -0.00310054980218], [-0.000375867035473, 0.000597977777943, -0.000615241820924, 0.000265419395873, -0.00140400533564, -0.00213846261613, 0.000314194970997, -0.000556713552214, -0.00883839745075, 0.0259492490441, -0.0066080102697, -0.000354333984433, -0.00159062922467], [-0.000235768515267, -0.00111093674786, 0.00288221542723, 0.00182953011245, -0.000279278086964, 0.000232816339121, -0.000657673168462, -0.00117106270045, -0.000186610835954, -0.0066080102697, 0.0250545423478, -0.0104367285967, 0.00438560498878], [-0.000104803213617, 0.00048729518312, -0.00116790435277, 0.000367913249647, -0.00178305373993, -0.00196861219592, 0.00284131593071, -0.00423400616273, 0.00237553659827, -0.000354333984433, -0.0104367285967, 0.0314181223512, -0.0115339225158], [-0.000338485988323, -0.000929185538553, 0.000608944217674, -0.000766179291531, -1.76301236934e-005, -0.00141802686267, -0.00193677854259, 0.00435207458213, -0.00310054980218, -0.00159062922467, 0.00438560498878, -0.0115339225158, 0.0241750460118]]
    sccoeffs:
        dmean: [0.0599052347243, 0.0484344251454, 0.0368611477315, 0.0274552889168, 0.0184169430286, 0.0177957993001]
        dmean2: [0.0996579378843, 0.0825910791755, 0.0628585517406, 0.0468019135296, 0.0313423983753, 0.0290049817413]
        dvar: [0.00261368998326, 0.00141189596616, 0.000811450416222, 0.000442013115389, 0.000213173523662, 0.000237561907852]
        dvar2: [0.00700761470944, 0.00402390211821, 0.00236493325792, 0.00127149443142, 0.000600387633312, 0.000604460248724]
        max: [-0.25575697422, -0.509017944336, -0.608145713806, -0.610108971596, -0.655422091484, -0.574817240238]
        mean: [-0.672866761684, -0.775961577892, -0.802353024483, -0.804583668709, -0.812669575214, -0.757226169109]
        median: [-0.687997281551, -0.78058719635, -0.8062723279, -0.808061242104, -0.816092014313, -0.762053251266]
        min: [-0.939504802227, -0.944650828838, -0.935486614704, -0.911870121956, -0.914666652679, -0.847408235073]
        var: [0.00740345520899, 0.00291965785436, 0.00172575679608, 0.00105976080522, 0.000586954411119, 0.00113498454448]
    scvalleys:
        dmean: [0.383251041174, 0.35897564888, 0.289882749319, 0.249296605587, 0.237328320742, 0.338104456663]
        dmean2: [0.638552367687, 0.608811497688, 0.489055901766, 0.417672485113, 0.387459725142, 0.52603250742]
        dvar: [0.0980728939176, 0.088667139411, 0.0576284267008, 0.0521605201066, 0.067578561604, 0.15385325253]
        dvar2: [0.264440387487, 0.242304801941, 0.155279830098, 0.137229263783, 0.164949119091, 0.367904633284]
        max: [-5.01803302765, -4.49643754959, -4.60064649582, -5.34145641327, -5.49821472168, -7.63464355469]
        mean: [-6.84214258194, -6.48800897598, -6.45158195496, -6.67394208908, -6.87793493271, -9.43934822083]
        median: [-6.41974687576, -6.44225025177, -6.34800434113, -6.62403106689, -6.80004882813, -9.26826667786]
        min: [-15.552069664, -12.8994083405, -12.9402475357, -13.6704511642, -14.0563688278, -16.7537631989]
        var: [1.44359767437, 0.336525708437, 0.357358723879, 0.227228477597, 0.266811788082, 0.766673982143]

rhythm:
    beats_loudness:
        dmean: 0.00293431454338
        dmean2: 0.0052777598612
        dvar: 1.12662573883e-005
        dvar2: 2.93823995889e-005
        max: 0.0161261167377
        mean: 0.00484773376957
        median: 0.00345703377388
        min: 0.000308295362629
        var: 1.26147724586e-005
    bpm: 138.693847656
    bpm_confidence: 0
    first_peak_bpm: 140
    first_peak_spread: 0.382640630007
    first_peak_weight: 0.462454199791
    onset_rate: 3.2938747406
    second_peak_bpm: 101
    second_peak_spread: 0.470149248838
    second_peak_weight: 0.0650183185935
    beats_loudness_band_ratio:
        dmean: [0.0732587352395, 0.142889916897, 0.0542110055685, 0.0687764063478, 0.0899601504207, 0.0780751407146]
        dmean2: [0.127940505743, 0.250510424376, 0.093620814383, 0.119274161756, 0.158050626516, 0.134961828589]
        dvar: [0.00538182491437, 0.0155825391412, 0.00286619411781, 0.00526090990752, 0.00709857791662, 0.00455258879811]
        dvar2: [0.0149962231517, 0.0421165265143, 0.00838107988238, 0.0146511783823, 0.020128512755, 0.0139279896393]
        max: [0.734084784985, 0.779118418694, 0.592482507229, 0.62178581953, 0.761371731758, 0.544842004776]
        mean: [0.12487296015, 0.194424986839, 0.109983660281, 0.161426797509, 0.240262016654, 0.217482283711]
        median: [0.106601826847, 0.144393637776, 0.0974694937468, 0.14306858182, 0.225401133299, 0.206744119525]
        min: [0.000721704564057, 0.00430863909423, 0.00690022250637, 0.0202036034316, 0.018585415557, 0.00400726078078]
        var: [0.00873802788556, 0.0219816137105, 0.00425009289756, 0.00772536126897, 0.00984414760023, 0.0096982838586]
