
metadata:
    version:
        essentia: "2.1-beta2"
    audio_properties:
        analysis_sample_rate: 44100
        bitrate: 262
        channels: 2
        equal_loudness: 1
        length: 145.371429443
        replay_gain: -12.8286075592
        downmix: "mix"
    tags:
        album: "L'Enfant Sauvage"
        artist: "Gojira"
        comment: "Live at les Eurockéennes 2009."
        date: "2012"
        genre: "Metal"
        title: "Drum Solo"
        tracknumber: "7/11"

configuration:
    average_loudness:
        compute: 1
        frameSize: 88200
        hopSize: 44100
        silentFrames: "noise"
        windowType: "hann"
    general:
        analysisSampleRate: 44100
        endTime: 2000
        equalLoudness: 1
        nequalLoudness: 0
        shortSound: 0
        startTime: 0
    lowlevel:
        compute: 1
        frameSize: 2048
        hopSize: 1024
        zeroPadding: 0
        silentFrames: "noise"
        windowType: "blackmanharris62"
        mfccStats: ["mean", "cov", "icov"]
        stats: ["mean", "var", "median", "min", "max", "dmean", "dmean2", "dvar", "dvar2"]
    panning:
        compute: 0
        frameSize: 8192
        hopSize: 2048
        zeroPadding: 8192
        silentFrames: "noise"
        windowType: "hann"
        stats: ["copy"]
    rhythm:
        compute: 1
        maxTempo: 208
        minTempo: 40
        method: "degara"
        stats: ["mean", "var", "median", "min", "max", "dmean", "dmean2", "dvar", "dvar2"]
    segmentation:
        compute: 0
        cpw: 5
        inc1: 300
        inc2: 50
        minimumSegmentsLength: 10
        size1: 1000
        size2: 600
    sfx:
        compute: 1
        stats: ["mean", "var", "median", "min", "max", "dmean", "dmean2", "dvar", "dvar2"]
    svm:
        compute: 0
    tonal:
        compute: 1
        frameSize: 4096
        hopSize: 2048
        zeroPadding: 0
        silentFrames: "noise"
        windowType: "blackmanharris62"
        stats: ["mean", "var", "median", "min", "max", "dmean", "dmean2", "dvar", "dvar2"]

lowlevel:
    average_loudness: 0.862616896629
    barkbands_kurtosis:
        dmean: 2.66283082962
        dmean2: 4.58496236801
        dvar: 24.5369167328
        dvar2: 64.6098098755
        max: 61.0693092346
        mean: 1.03268909454
        median: -0.442434549332
        min: -1.87801456451
        var: 23.0560798645
    barkbands_skewness:
        dmean: 0.783197402954
        dmean2: 1.29971158504
        dvar: 0.593086063862
        dvar2: 1.53851521015
        max: 7.23603105545
        mean: 1.00501000881
        median: 0.86848706007
        min: -3.23634982109
        var: 1.12664985657
    barkbands_spread:
        dmean: 9.399518013
        dmean2: 15.2355670929
        dvar: 67.4117202759
        dvar2: 168.978713989
        max: 67.3414459229
        mean: 31.1698970795
        median: 31.2694625854
        min: 1.8750705719
        var: 169.316238403
    dissonance:
        dmean: 0.0152585748583
        dmean2: 0.0263986829668
        dvar: 0.000217789522139
        dvar2: 0.00058505916968
        max: 0.500000119209
        mean: 0.478610962629
        median: 0.482853531837
        min: 0.360283792019
        var: 0.00028652974288
    hfc:
        dmean: 3.20432591438
        dmean2: 5.51202964783
        dvar: 27.5276584625
        dvar2: 71.3924560547
        max: 51.9242553711
        mean: 3.67466425896
        median: 1.97868108749
        min: 0.000416983675677
        var: 25.5099067688
    pitch:
        dmean: 874.126586914
        dmean2: 1688.00842285
        dvar: 2105871.25
        dvar2: 5001027.5
        max: 4872.68896484
        mean: 1013.8303833
        median: 269.733459473
        min: 43.291103363
        var: 2149178.25
    pitch_instantaneous_confidence:
        dmean: 0.107537843287
        dmean2: 0.179146260023
        dvar: 0.00968154333532
        dvar2: 0.0242435280234
        max: 0.928492248058
        mean: 0.327009886503
        median: 0.293524295092
        min: 0.10020339489
        var: 0.0199029967189
    pitch_salience:
        dmean: 0.0998956486583
        dmean2: 0.170081019402
        dvar: 0.00800152122974
        dvar2: 0.0221028923988
        max: 0.902643978596
        mean: 0.628552496433
        median: 0.64644742012
        min: 0.149063199759
        var: 0.0123614659533
    silence_rate_20dB:
        dmean: 0
        dmean2: 0
        dvar: 0
        dvar2: 0
        max: 1
        mean: 1
        median: 1
        min: 1
        var: 0
    silence_rate_30dB:
        dmean: 0
        dmean2: 0
        dvar: 0
        dvar2: 0
        max: 1
        mean: 1
        median: 1
        min: 1
        var: 0
    silence_rate_60dB:
        dmean: 0.27727201581
        dmean2: 0.554632604122
        dvar: 0.200403407216
        dvar2: 0.319225490093
        max: 1
        mean: 0.608272135258
        median: 1
        min: 0
        var: 0.238272711635
    spectral_centroid:
        dmean: 398.632995605
        dmean2: 664.012023926
        dvar: 154143.234375
        dvar2: 403278.53125
        max: 4561.42822266
        mean: 1131.45935059
        median: 1024.64135742
        min: 241.346984863
        var: 342947.3125
    spectral_complexity:
        dmean: 4.68391609192
        dmean2: 7.9511179924
        dvar: 47.6681289673
        dvar2: 116.56678009
        max: 51
        mean: 7.15953350067
        median: 4
        min: 0
        var: 58.0893936157
    spectral_crest:
        dmean: 3.85377931595
        dmean2: 6.4674654007
        dvar: 12.825296402
        dvar2: 32.5765342712
        max: 25.3499717712
        mean: 9.20913887024
        median: 8.06303977966
        min: 2.38312649727
        var: 20.7053852081
    spectral_decrease:
        dmean: 7.30229043899e-010
        dmean2: 1.26774846176e-009
        dvar: 1.12117518131e-018
        dvar2: 2.84674435285e-018
        max: -4.96189223877e-014
        mean: -8.02115429632e-010
        median: -4.42170966508e-010
        min: -7.51336681759e-009
        var: 9.91754089082e-019
    spectral_energy:
        dmean: 0.00303275743499
        dmean2: 0.00525357294828
        dvar: 1.89774709725e-005
        dvar2: 4.80673552374e-005
        max: 0.0306377504021
        mean: 0.00336066796444
        median: 0.00186521699652
        min: 2.25093202744e-007
        var: 1.7044478227e-005
    spectral_energyband_high:
        dmean: 0.000203936520847
        dmean2: 0.000359683152055
        dvar: 1.30988539127e-007
        dvar2: 3.46462115886e-007
        max: 0.00491527467966
        mean: 0.000207208606298
        median: 7.67583114794e-005
        min: 4.81225148619e-009
        var: 1.17965001323e-007
    spectral_energyband_low:
        dmean: 0.000458440568764
        dmean2: 0.000790348392911
        dvar: 6.88394038661e-007
        dvar2: 1.87788577932e-006
        max: 0.00755040533841
        mean: 0.000511035381351
        median: 0.000254432932707
        min: 1.38412783457e-008
        var: 5.71721727738e-007
    spectral_energyband_middle_high:
        dmean: 0.000804502342362
        dmean2: 0.00137738720514
        dvar: 2.18920558837e-006
        dvar2: 5.69509802517e-006
        max: 0.0171297118068
        mean: 0.00097938766703
        median: 0.000494303181767
        min: 1.71485922351e-007
        var: 1.9908241029e-006
    spectral_energyband_middle_low:
        dmean: 0.00196045520715
        dmean2: 0.00346179725602
        dvar: 1.05415620055e-005
        dvar2: 2.75708898698e-005
        max: 0.0231114886701
        mean: 0.00181636551861
        median: 0.000751136452891
        min: 4.21742463175e-008
        var: 8.29135296954e-006
    spectral_flatness_db:
        dmean: 0.0312886685133
        dmean2: 0.0520225465298
        dvar: 0.000848354771733
        dvar2: 0.0021955166012
        max: 0.355441063643
        mean: 0.155264601111
        median: 0.146934628487
        min: 0.070028103888
        var: 0.0019582384266
    spectral_flux:
        dmean: 0.0194894298911
        dmean2: 0.0323606170714
        dvar: 0.000518180197105
        dvar2: 0.00103095802478
        max: 0.158498942852
        mean: 0.0403969995677
        median: 0.0315950103104
        min: 0.000474439875688
        var: 0.00068584602559
    spectral_kurtosis:
        dmean: 1.73678135872
        dmean2: 2.97442603111
        dvar: 4.11159086227
        dvar2: 11.327911377
        max: 24.1252040863
        mean: 3.62540698051
        median: 2.82551956177
        min: -0.300423324108
        var: 7.08608150482
    spectral_rms:
        dmean: 0.000712278240826
        dmean2: 0.00117369054351
        dvar: 6.44699980512e-007
        dvar2: 1.56444946242e-006
        max: 0.00546721927822
        mean: 0.0015763688134
        median: 0.00134897138923
        min: 1.48190119944e-005
        var: 7.93767640062e-007
    spectral_rolloff:
        dmean: 932.766418457
        dmean2: 1584.63916016
        dvar: 845875.9375
        dvar2: 2128909.5
        max: 6589.16015625
        mean: 2394.89208984
        median: 2519.38476563
        min: 150.732421875
        var: 1607325.25
    spectral_skewness:
        dmean: 0.26128038764
        dmean2: 0.426803052425
        dvar: 0.0611272752285
        dvar2: 0.153016746044
        max: 3.51171469688
        mean: 1.40922725201
        median: 1.35903692245
        min: 0.47047072649
        var: 0.154759511352
    spectral_spread:
        dmean: 715901.5
        dmean2: 1160961.125
        dvar: 557296648192
        dvar2: 1.37033731277e+012
        max: 9738423
        mean: 4648621
        median: 4729998.5
        min: 2049134.75
        var: 1.62340352819e+012
    spectral_strongpeak:
        dmean: 0.219662800431
        dmean2: 0.375047147274
        dvar: 0.183631673455
        dvar2: 0.471040636301
        max: 8.24012184143
        mean: 0.267803966999
        median: 0.120013251901
        min: 0.00345044722781
        var: 0.230665907264
    zerocrossingrate:
        dmean: 0.0107072489336
        dmean2: 0.0138469077647
        dvar: 7.39281022106e-005
        dvar2: 0.000122072204249
        max: 0.18994140625
        mean: 0.0719928666949
        median: 0.0703125
        min: 0.0146484375
        var: 0.000640831014607
    barkbands:
        dmean: [8.81129778918e-007, 0.000117639167001, 0.000233692975598, 0.000295562611427, 0.00144478934817, 0.000160410258104, 5.6482731452e-005, 5.00771893712e-005, 0.000124938596855, 0.000131644133944, 6.59896832076e-005, 8.47751143738e-005, 4.73065847473e-005, 5.65214977541e-005, 4.02887744713e-005, 8.2610102254e-005, 8.45396862132e-005, 0.000107313957415, 0.000145797399455, 0.000148065708345, 9.57294541877e-005, 3.38469399139e-005, 6.19916727373e-006, 4.02561408919e-006, 1.70703697222e-006, 5.51753025491e-008, 4.82198003748e-010]
        dmean2: [1.35276434321e-006, 0.000195275177248, 0.00040723872371, 0.0005368727725, 0.00258235959336, 0.000282048655208, 9.69938846538e-005, 9.20635138755e-005, 0.000222110538743, 0.000228366814554, 0.000113514761324, 0.000143502547871, 8.23656082503e-005, 0.000101961362816, 6.95525450283e-005, 0.00014863848628, 0.000153724380652, 0.000185426528333, 0.000256166240433, 0.000259182881564, 0.000170752260601, 6.07463298365e-005, 1.10013879748e-005, 7.19056379239e-006, 3.07600157612e-006, 9.5930175803e-008, 8.20974510596e-010]
        dvar: [3.55056218801e-012, 2.44105944347e-008, 2.20649852167e-007, 3.23327867591e-007, 7.85688007454e-006, 7.86653373552e-008, 1.13351434905e-008, 1.42730254282e-008, 1.33315239736e-007, 6.55736513977e-008, 2.02274623717e-008, 4.14179659458e-008, 1.34269422247e-008, 1.40936000648e-008, 6.7686487526e-009, 2.63683954671e-008, 2.98886391192e-008, 3.96347950016e-008, 8.07978750572e-008, 8.24284924761e-008, 3.23020152848e-008, 4.37753833182e-009, 1.4099253709e-010, 9.19615633643e-011, 1.90926094379e-011, 2.8542194785e-014, 2.14533986116e-018]
        dvar2: [7.81767272445e-012, 6.50964011584e-008, 5.96386314555e-007, 9.09296147711e-007, 2.09655936487e-005, 2.14399662468e-007, 2.89991870517e-008, 4.01998114796e-008, 3.78831487069e-007, 1.6806984604e-007, 5.22159346872e-008, 1.09653690572e-007, 3.63994949737e-008, 3.88057728173e-008, 1.77369194887e-008, 7.24450472944e-008, 8.27346582355e-008, 1.0144950835e-007, 2.06995466101e-007, 2.14578065538e-007, 8.70754277571e-008, 1.18297576179e-008, 3.75534103814e-010, 2.49139625597e-010, 5.25699345166e-011, 7.55819763872e-014, 5.692622234e-018]
        max: [1.45622652781e-005, 0.00141015043482, 0.00501479208469, 0.00537988683209, 0.0215043723583, 0.00400975905359, 0.00120912701823, 0.0017070240574, 0.00601326907054, 0.00352806039155, 0.00182049511932, 0.00401450041682, 0.00306564033963, 0.00181916693691, 0.00137551128864, 0.0018681883812, 0.00154755311087, 0.00268698437139, 0.00590425403789, 0.00563713721931, 0.003239544807, 0.000684033788275, 0.000171828680323, 0.000198294612346, 6.3324579969e-005, 4.38056440544e-006, 4.00173405524e-008]
        mean: [8.01916257842e-007, 0.000159363989951, 0.000216533589992, 0.000239471264649, 0.00113221863285, 0.000178140733624, 6.6899076046e-005, 4.14718815591e-005, 0.00012906442862, 0.000137851500767, 6.92780013196e-005, 0.000109652319225, 5.32558260602e-005, 5.20742978551e-005, 4.86825374537e-005, 8.47865594551e-005, 7.93282742961e-005, 0.000127891878947, 0.000147598824697, 0.00014915203792, 9.54075221671e-005, 3.11704716296e-005, 5.8653117776e-006, 3.3309893297e-006, 1.32845332246e-006, 4.56991529063e-008, 4.54419252227e-010]
        median: [9.52570076151e-008, 8.66567061166e-005, 7.47830490582e-005, 7.90008489275e-005, 0.000320165010635, 5.42488414794e-005, 2.25225703616e-005, 1.37655788421e-005, 4.44575416623e-005, 4.40901385446e-005, 2.55376180576e-005, 3.56460441253e-005, 2.45961055043e-005, 1.8349444872e-005, 2.01363018277e-005, 2.8485465009e-005, 2.80117892544e-005, 4.58978283859e-005, 5.28813543497e-005, 5.84004155826e-005, 3.21441111737e-005, 8.73372482602e-006, 1.45866124512e-006, 4.74939270134e-007, 1.32812573383e-007, 2.73641953541e-009, 1.0256193117e-010]
        min: [3.64280133835e-012, 3.09547693034e-010, 6.16251760732e-009, 1.52266341757e-008, 1.30475266147e-008, 4.31944646717e-010, 4.63909177739e-009, 8.52693116116e-009, 2.5262117398e-010, 2.04029304562e-009, 2.21518192678e-010, 6.23161167113e-009, 6.63970878279e-009, 6.84844003729e-009, 1.91188620491e-009, 1.02851529959e-007, 5.42398170822e-009, 3.92972623331e-008, 3.19982339236e-011, 4.36632197065e-009, 7.43399161673e-011, 5.08962273368e-012, 2.13159628837e-010, 1.39346062467e-010, 1.45753964453e-011, 2.60984354787e-012, 6.57795757968e-014]
        var: [3.74132972866e-012, 3.6221955213e-008, 1.73564728811e-007, 2.2530147703e-007, 5.61606293559e-006, 1.01244360451e-007, 1.36858870903e-008, 9.28084631369e-009, 9.81694583402e-008, 6.40153245968e-008, 1.79783832266e-008, 4.9427939075e-008, 1.06740269956e-008, 1.02208970176e-008, 6.65291288726e-009, 2.05036858603e-008, 2.10544630619e-008, 5.36663655737e-008, 7.35593417289e-008, 7.61262342053e-008, 2.83838517134e-008, 3.45305140037e-009, 1.23166699062e-010, 7.10862826936e-011, 1.38143428988e-011, 2.35966929725e-014, 1.90034364617e-018]
    frequency_bands:
        dmean: [8.81129778918e-007, 0.000117639167001, 0.000233692975598, 0.000295562611427, 0.00144478934817, 0.000160410258104, 5.6482731452e-005, 5.00771893712e-005, 0.000124938596855, 0.000131644133944, 6.59896832076e-005, 8.47751143738e-005, 4.73065847473e-005, 5.65214977541e-005, 4.02887744713e-005, 8.2610102254e-005, 8.45396862132e-005, 0.000107313957415, 0.000145797399455, 0.000148065708345, 9.57294541877e-005, 3.38469399139e-005, 6.19916727373e-006, 4.02561408919e-006, 1.70703697222e-006, 5.51753025491e-008, 4.82198003748e-010, 4.06602668201e-011]
        dmean2: [1.35276434321e-006, 0.000195275177248, 0.00040723872371, 0.0005368727725, 0.00258235959336, 0.000282048655208, 9.69938846538e-005, 9.20635138755e-005, 0.000222110538743, 0.000228366814554, 0.000113514761324, 0.000143502547871, 8.23656082503e-005, 0.000101961362816, 6.95525450283e-005, 0.00014863848628, 0.000153724380652, 0.000185426528333, 0.000256166240433, 0.000259182881564, 0.000170752260601, 6.07463298365e-005, 1.10013879748e-005, 7.19056379239e-006, 3.07600157612e-006, 9.5930175803e-008, 8.20974510596e-010, 7.72718694586e-011]
        dvar: [3.55056218801e-012, 2.44105944347e-008, 2.20649852167e-007, 3.23327867591e-007, 7.85688007454e-006, 7.86653373552e-008, 1.13351434905e-008, 1.42730254282e-008, 1.33315239736e-007, 6.55736513977e-008, 2.02274623717e-008, 4.14179659458e-008, 1.34269422247e-008, 1.40936000648e-008, 6.7686487526e-009, 2.63683954671e-008, 2.98886391192e-008, 3.96347950016e-008, 8.07978750572e-008, 8.24284924761e-008, 3.23020152848e-008, 4.37753833182e-009, 1.4099253709e-010, 9.19615633643e-011, 1.90926094379e-011, 2.8542194785e-014, 2.14533986116e-018, 4.4185932488e-021]
        dvar2: [7.81767272445e-012, 6.50964011584e-008, 5.96386314555e-007, 9.09296147711e-007, 2.09655936487e-005, 2.14399662468e-007, 2.89991870517e-008, 4.01998114796e-008, 3.78831487069e-007, 1.6806984604e-007, 5.22159346872e-008, 1.09653690572e-007, 3.63994949737e-008, 3.88057728173e-008, 1.77369194887e-008, 7.24450472944e-008, 8.27346582355e-008, 1.0144950835e-007, 2.06995466101e-007, 2.14578065538e-007, 8.70754277571e-008, 1.18297576179e-008, 3.75534103814e-010, 2.49139625597e-010, 5.25699345166e-011, 7.55819763872e-014, 5.692622234e-018, 1.45871216916e-020]
        max: [1.45622652781e-005, 0.00141015043482, 0.00501479208469, 0.00537988683209, 0.0215043723583, 0.00400975905359, 0.00120912701823, 0.0017070240574, 0.00601326907054, 0.00352806039155, 0.00182049511932, 0.00401450041682, 0.00306564033963, 0.00181916693691, 0.00137551128864, 0.0018681883812, 0.00154755311087, 0.00268698437139, 0.00590425403789, 0.00563713721931, 0.003239544807, 0.000684033788275, 0.000171828680323, 0.000198294612346, 6.3324579969e-005, 4.38056440544e-006, 4.00173405524e-008, 8.68608462934e-010]
        mean: [8.01916257842e-007, 0.000159363989951, 0.000216533589992, 0.000239471264649, 0.00113221863285, 0.000178140733624, 6.6899076046e-005, 4.14718815591e-005, 0.00012906442862, 0.000137851500767, 6.92780013196e-005, 0.000109652319225, 5.32558260602e-005, 5.20742978551e-005, 4.86825374537e-005, 8.47865594551e-005, 7.93282742961e-005, 0.000127891878947, 0.000147598824697, 0.00014915203792, 9.54075221671e-005, 3.11704716296e-005, 5.8653117776e-006, 3.3309893297e-006, 1.32845332246e-006, 4.56991529063e-008, 4.54419252227e-010, 2.93234915516e-011]
        median: [9.52570076151e-008, 8.66567061166e-005, 7.47830490582e-005, 7.90008489275e-005, 0.000320165010635, 5.42488414794e-005, 2.25225703616e-005, 1.37655788421e-005, 4.44575416623e-005, 4.40901385446e-005, 2.55376180576e-005, 3.56460441253e-005, 2.45961055043e-005, 1.8349444872e-005, 2.01363018277e-005, 2.8485465009e-005, 2.80117892544e-005, 4.58978283859e-005, 5.28813543497e-005, 5.84004155826e-005, 3.21441111737e-005, 8.73372482602e-006, 1.45866124512e-006, 4.74939270134e-007, 1.32812573383e-007, 2.73641953541e-009, 1.0256193117e-010, 8.31154069181e-012]
        min: [3.64280133835e-012, 3.09547693034e-010, 6.16251760732e-009, 1.52266341757e-008, 1.30475266147e-008, 4.31944646717e-010, 4.63909177739e-009, 8.52693116116e-009, 2.5262117398e-010, 2.04029304562e-009, 2.21518192678e-010, 6.23161167113e-009, 6.63970878279e-009, 6.84844003729e-009, 1.91188620491e-009, 1.02851529959e-007, 5.42398170822e-009, 3.92972623331e-008, 3.19982339236e-011, 4.36632197065e-009, 7.43399161673e-011, 5.08962273368e-012, 2.13159628837e-010, 1.39346062467e-010, 1.45753964453e-011, 2.60984354787e-012, 6.57795757968e-014, 3.3528452567e-017]
        var: [3.74132972866e-012, 3.6221955213e-008, 1.73564728811e-007, 2.2530147703e-007, 5.61606293559e-006, 1.01244360451e-007, 1.36858870903e-008, 9.28084631369e-009, 9.81694583402e-008, 6.40153245968e-008, 1.79783832266e-008, 4.9427939075e-008, 1.06740269956e-008, 1.02208970176e-008, 6.65291288726e-009, 2.05036858603e-008, 2.10544630619e-008, 5.36663655737e-008, 7.35593417289e-008, 7.61262342053e-008, 2.83838517134e-008, 3.45305140037e-009, 1.23166699062e-010, 7.10862826936e-011, 1.38143428988e-011, 2.35966929725e-014, 1.90034364617e-018, 3.21111190676e-021]
    mfcc:
        mean: [-751.320129395, 118.880752563, -36.4347343445, 51.8156929016, -14.1527175903, 7.19038963318, 8.72963428497, -0.198473319411, -1.4331792593, -8.34813117981, -10.1119260788, -8.35604572296, -7.14421367645]
        cov: [[4015.80566406, -528.050292969, 20.1427574158, 83.953704834, -18.6873855591, -57.0653381348, -160.919433594, -59.6209564209, -42.3087806702, -26.3360366821, -98.1211929321, -3.37785840034, 7.58097171783], [-528.050292969, 1054.36425781, -106.479598999, 15.9103088379, 25.2072620392, -14.8642940521, 14.8466873169, -79.2496109009, -29.4597454071, -46.2011260986, -48.7530632019, -20.5805721283, 106.38470459], [20.1427574158, -106.479598999, 565.061828613, 263.199523926, 204.07598877, 136.590515137, 42.2129745483, -8.2865562439, 15.5627422333, 34.2091751099, -28.0860977173, 34.471408844, 28.7403774261], [83.953704834, 15.9103088379, 263.199523926, 309.622039795, 154.244613647, 108.607948303, 30.0868206024, -11.6992607117, 13.5764665604, -0.437263548374, -24.9558143616, 28.1514625549, 48.1409606934], [-18.6873855591, 25.2072620392, 204.07598877, 154.244613647, 189.453079224, 76.4794387817, 34.3977890015, 7.72226381302, 24.7613792419, 1.16305017471, -8.38716125488, 25.5137615204, 31.6919174194], [-57.0653381348, -14.8642940521, 136.590515137, 108.607948303, 76.4794387817, 125.17035675, 43.4363555908, 20.1323127747, 27.9466285706, 20.2013111115, -1.43844103813, 24.3536891937, 21.8925132751], [-160.919433594, 14.8466873169, 42.2129745483, 30.0868206024, 34.3977890015, 43.4363555908, 86.7028808594, 34.0967712402, 20.7742538452, 16.7667598724, 9.32320213318, 5.72397708893, 7.1686706543], [-59.6209564209, -79.2496109009, -8.2865562439, -11.6992607117, 7.72226381302, 20.1323127747, 34.0967712402, 90.2480239868, 39.4916763306, 19.619102478, 30.924161911, 10.5513124466, -20.9576225281], [-42.3087806702, -29.4597454071, 15.5627422333, 13.5764665604, 24.7613792419, 27.9466285706, 20.7742538452, 39.4916763306, 69.9086914063, 30.9880466461, 18.2294311523, 14.5473604202, 1.52637279034], [-26.3360366821, -46.2011260986, 34.2091751099, -0.437263548374, 1.16305017471, 20.2013111115, 16.7667598724, 19.619102478, 30.9880466461, 69.6566162109, 28.6678447723, 11.1964864731, 1.13093018532], [-98.1211929321, -48.7530632019, -28.0860977173, -24.9558143616, -8.38716125488, -1.43844103813, 9.32320213318, 30.924161911, 18.2294311523, 28.6678447723, 72.652130127, 21.9945793152, -8.15818309784], [-3.37785840034, -20.5805721283, 34.471408844, 28.1514625549, 25.5137615204, 24.3536891937, 5.72397708893, 10.5513124466, 14.5473604202, 11.1964864731, 21.9945793152, 60.3949432373, 29.0126686096], [7.58097171783, 106.38470459, 28.7403774261, 48.1409606934, 31.6919174194, 21.8925132751, 7.1686706543, -20.9576225281, 1.52637279034, 1.13093018532, -8.15818309784, 29.0126686096, 78.1549072266]]
        icov: [[0.000314143107971, 0.000205181844649, 0.000108346292109, -0.000183458876563, -5.41062763659e-005, 0.000137314360472, 0.000529160664883, -0.000101513178379, 0.00010933179874, -0.000201050279429, 0.000537219224498, -9.48504111875e-006, -0.000268513045739], [0.000205181844649, 0.00144345965236, 0.000498436158523, -4.38612187281e-005, -0.000489195925184, 0.000144492412801, -0.000252195924986, 0.00072267872747, -1.50714058691e-005, 0.000312251097057, 0.000396394490963, 0.00111643364653, -0.00214349199086], [0.000108346292109, 0.000498436158523, 0.004314574413, -0.00178775470704, -0.00296139740385, -0.00127804744989, 6.36961485725e-005, 0.00077071035048, 0.00177370430902, -0.00305208121426, 0.00202155299485, -0.000988713582046, 0.00117284792941], [-0.000183458876563, -4.38612187281e-005, -0.00178775470704, 0.00756207294762, -0.00275025144219, -0.00316236703657, 0.000145489451825, 0.000805177784059, -0.000206858370802, 0.00159590272233, -3.52019378624e-005, 0.000433993263869, -0.00190328154713], [-5.41062763659e-005, -0.000489195925184, -0.00296139740385, -0.00275025144219, 0.011994461529, -0.000756627472583, -0.00145902170334, -0.000416628929088, -0.00351326819509, 0.00379713322036, -0.00130687735509, -0.000616411445662, -0.00106942094862], [0.000137314360472, 0.000144492412801, -0.00127804744989, -0.00316236703657, -0.000756627472583, 0.0158052835613, -0.00426345923916, -0.00135927041993, -0.0020929928869, -0.0018832180649, 0.00210513360798, -0.00279595307074, -0.000560263346415], [0.000529160664883, -0.000252195924986, 6.36961485725e-005, 0.000145489451825, -0.00145902170334, -0.00426345923916, 0.0179139655083, -0.00656738923863, 0.00116456474643, -0.00227043358609, 0.000342841231031, 0.00281079066917, -0.00243691680953], [-0.000101513178379, 0.00072267872747, 0.00077071035048, 0.000805177784059, -0.000416628929088, -0.00135927041993, -0.00656738923863, 0.0211732145399, -0.00882682856172, 0.002205647761, -0.00470685632899, -0.00214917771518, 0.00552350422367], [0.00010933179874, -1.50714058691e-005, 0.00177370430902, -0.000206858370802, -0.00351326819509, -0.0020929928869, 0.00116456474643, -0.00882682856172, 0.0248397979885, -0.00951628945768, 0.00195864774287, -0.00188514916226, -0.00042094613309], [-0.000201050279429, 0.000312251097057, -0.00305208121426, 0.00159590272233, 0.00379713322036, -0.0018832180649, -0.00227043358609, 0.002205647761, -0.00951628945768, 0.0240086298436, -0.00902858749032, 0.00239518750459, -0.002471862128], [0.000537219224498, 0.000396394490963, 0.00202155299485, -3.52019378624e-005, -0.00130687735509, 0.00210513360798, 0.000342841231031, -0.00470685632899, 0.00195864774287, -0.00902858749032, 0.0237368736416, -0.00958451721817, 0.00346137327142], [-9.48504111875e-006, 0.00111643364653, -0.000988713582046, 0.000433993263869, -0.000616411445662, -0.00279595307074, 0.00281079066917, -0.00214917771518, -0.00188514916226, 0.00239518750459, -0.00958451721817, 0.0284351538867, -0.0127775119618], [-0.000268513045739, -0.00214349199086, 0.00117284792941, -0.00190328154713, -0.00106942094862, -0.000560263346415, -0.00243691680953, 0.00552350422367, -0.00042094613309, -0.002471862128, 0.00346137327142, -0.0127775119618, 0.0239237807691]]
    sccoeffs:
        dmean: [0.0763265863061, 0.0516138896346, 0.0373882502317, 0.0268682874739, 0.0200498122722, 0.0210118889809]
        dmean2: [0.127070471644, 0.088211119175, 0.063454516232, 0.0455978289247, 0.0338927768171, 0.035273168236]
        dvar: [0.00435137236491, 0.00163566169795, 0.000844278663862, 0.000439637398813, 0.000277742830804, 0.000356660224497]
        dvar2: [0.0113721406087, 0.00460376078263, 0.002399869496, 0.00124736619182, 0.000743036624044, 0.000958503223956]
        max: [-0.241131022573, -0.501839518547, -0.589760303497, -0.67881000042, -0.661192834377, -0.597965598106]
        mean: [-0.661081969738, -0.792985200882, -0.810688793659, -0.826038300991, -0.825896918774, -0.757181227207]
        median: [-0.675141334534, -0.799773573875, -0.815076351166, -0.829431176186, -0.830126166344, -0.758049488068]
        min: [-0.850366771221, -0.937374472618, -0.934189558029, -0.90901607275, -0.908698379993, -0.87718886137]
        var: [0.00718778464943, 0.00322474353015, 0.00206918548793, 0.00102783984039, 0.000859130755998, 0.000825010880362]
    scvalleys:
        dmean: [0.49072304368, 0.586994290352, 0.480182111263, 0.459341555834, 0.486810058355, 0.664457440376]
        dmean2: [0.797225952148, 0.973585128784, 0.768871545792, 0.728606581688, 0.753411114216, 1.02188658714]
        dvar: [0.165730521083, 0.28913962841, 0.209061995149, 0.208767592907, 0.253256618977, 0.468140125275]
        dvar2: [0.390229612589, 0.749086618423, 0.49544903636, 0.502738177776, 0.598357975483, 1.11394739151]
        max: [-4.96133136749, -4.52800893784, -4.82087802887, -5.32981920242, -5.33970308304, -7.51636123657]
        mean: [-6.71943473816, -6.97125387192, -6.93744373322, -7.43309783936, -7.48776340485, -10.1847629547]
        median: [-6.55748748779, -7.01111459732, -6.95799350739, -7.45478725433, -7.49924659729, -10.2832355499]
        min: [-12.03881073, -11.8010473251, -13.2902135849, -11.9328069687, -14.3365697861, -15.840092659]
        var: [0.99133759737, 0.555520415306, 0.466505259275, 0.417976498604, 0.46970847249, 1.02770888805]

rhythm:
    beats_loudness:
        dmean: 0.0045559592545
        dmean2: 0.00863043405116
        dvar: 1.67950474861e-005
        dvar2: 6.23521555099e-005
        max: 0.0217736978084
        mean: 0.00473407562822
        median: 0.00303353997879
        min: 2.43349950324e-005
        var: 1.56502319442e-005
    bpm: 102.966056824
    bpm_confidence: 0
    first_peak_bpm: 103
    first_peak_spread: 0.526785731316
    first_peak_weight: 0.219008266926
    onset_rate: 6.08097505569
    second_peak_bpm: 96
    second_peak_spread: 0.53125
    second_peak_weight: 0.123966939747
    beats_loudness_band_ratio:
        dmean: [0.262985318899, 0.233012825251, 0.0504899322987, 0.0851090252399, 0.0511838756502, 0.0715968757868]
        dmean2: [0.495842903852, 0.43085244298, 0.0874048769474, 0.160207912326, 0.0929556638002, 0.130315244198]
        dvar: [0.0312878675759, 0.0294919926673, 0.00202016136609, 0.00723821576685, 0.00206757849082, 0.00894452817738]
        dvar2: [0.0952620878816, 0.0864306986332, 0.00489303236827, 0.0201813932508, 0.00606401450932, 0.0249727889895]
        max: [0.841268658638, 0.895876586437, 0.493499487638, 0.465641140938, 0.365055203438, 0.838720321655]
        mean: [0.319560319185, 0.301174581051, 0.0729058235884, 0.104803055525, 0.105067163706, 0.136464074254]
        median: [0.286102503538, 0.276304095984, 0.0533181354403, 0.0731068849564, 0.0929279178381, 0.115412570536]
        min: [0.000704824808054, 0.00146802270319, 0.0050020259805, 0.00833073537797, 0.0138899087906, 0.0050700684078]
        var: [0.0484172478318, 0.0436153449118, 0.005151248537, 0.0085779754445, 0.0037148357369, 0.0114298183471]
    beats_position: [0.394739210606, 0.789478421211, 1.18421769142, 1.57895684242, 1.97369611263, 2.36843538284, 2.76317453384, 3.16952371597, 3.5758728981, 3.98222208023, 4.38857126236, 4.78331041336, 5.17804956436, 5.5727891922, 5.9675283432, 6.35065746307, 6.73378658295, 7.12852573395, 7.52326536179, 7.91800451279, 8.31274318695, 8.70748329163, 9.10222244263, 9.49696159363, 9.89170074463, 10.4025392532, 10.9133787155, 11.4242172241, 12.0047159195, 12.5852155685, 13.177324295, 13.7810430527, 14.3847618103, 14.9652605057, 15.545759201, 16.1262588501, 16.7067565918, 17.298866272, 17.8793640137, 18.4598636627, 19.0403633118, 19.6208610535, 20.1897506714, 20.758638382, 21.339138031, 21.9196376801, 22.5001354218, 23.0806350708, 23.6727428436, 24.2532424927, 24.8337402344, 25.4258499146, 26.0063495636, 26.5868473053, 27.1673469543, 27.747844696, 28.3283443451, 28.9204521179, 29.5125617981, 30.1046714783, 30.7316093445, 31.3469390869, 31.9506568909, 32.5311546326, 33.111656189, 33.6921539307, 34.2726516724, 34.8647613525, 35.4568710327, 36.0373687744, 36.6178665161, 37.1983680725, 37.7788658142, 38.3593635559, 38.9398651123, 39.5087509155, 40.0776405334, 40.6581382751, 41.2386398315, 41.8075294495, 42.3764152527, 42.9569168091, 43.5374145508, 44.1179122925, 44.6984100342, 45.2789115906, 45.8594093323, 46.439907074, 47.0204086304, 47.5892944336, 48.1581840515, 48.7386856079, 49.3191833496, 49.8996810913, 50.480178833, 51.0490684509, 51.6179580688, 52.1984558105, 52.7557373047, 53.3362350464, 53.9167327881, 54.4972343445, 55.0777320862, 55.6466217041, 56.2155075073, 56.7843971252, 57.3532867432, 57.9221763611, 58.491065979, 59.0599517822, 59.6404533386, 60.2093429565, 60.7782287598, 61.3587303162, 61.9276161194, 62.531337738, 63.1234474182, 63.7155532837, 64.3076629639, 64.899772644, 65.5034942627, 66.107208252, 66.6993179321, 67.2914276123, 67.8835372925, 68.4756469727, 69.0561447144, 69.659866333, 70.2868041992, 70.9137420654, 71.5522918701, 72.1908340454, 72.8526077271, 73.5259857178, 74.303855896, 75.0585021973, 75.8131484985, 76.5445785522, 77.2876205444, 78.0190429688, 78.7504730225, 79.4586868286, 80.1552810669, 80.8286590576, 81.5020370483, 82.1521987915, 82.8139648438, 83.4757385254, 84.1258926392, 84.7760543823, 85.414604187, 86.0647583008, 86.7033081055, 87.3302459717, 87.9804077148, 88.6305618286, 89.2575073242, 89.907661438, 90.5462112427, 91.1847610474, 91.8116989136, 92.4386367798, 93.065574646, 93.6925125122, 94.3194503784, 94.946395874, 95.5733337402, 96.2002716064, 96.8272094727, 97.4541473389, 98.0578689575, 98.6731948853, 99.288520813, 99.9154663086, 100.519180298, 101.146118164, 101.77305603, 102.400001526, 103.05015564, 103.700317383, 104.350471497, 105.00063324, 105.557914734, 106.115188599, 106.672470093, 107.229751587, 107.79863739, 108.367523193, 109.017684937, 109.656234741, 110.294784546, 110.94493866, 111.595100403, 112.256866455, 112.918640137, 113.603622437, 114.300224304, 114.961990356, 115.635368347, 116.308753967, 116.958908081, 117.609069824, 118.23600769, 118.862945557, 119.501495361, 120.140045166, 120.766983032, 121.393920898, 122.020858765, 122.647796631, 123.25151825, 123.866844177, 124.482177734, 125.109115601, 125.71282959, 126.339767456, 126.943489075, 127.570426941, 128.17414856, 128.777862549, 129.381591797, 130.008529663, 130.612243652, 131.239181519, 131.842895508, 132.446624756, 133.050338745, 133.654052734, 134.269378662, 134.884719849, 135.534866333, 136.208251953, 136.928070068, 137.671112061, 138.437362671, 139.20362854, 139.981491089, 140.747756958, 141.50239563, 142.268661499, 143.034912109, 143.801177979, 144.579040527]
    bpm_estimates: [103.359405518, 103.359237671, 101.332740784, 99.3840255737, 99.3840255737, 103.359405518, 103.359405518, 103.359237671, 103.359573364, 101.332580566, 103.359573364, 103.359237671, 103.359237671, 103.359573364, 105.468612671, 105.468971252, 103.359237671, 103.359237671, 103.359573364, 103.359237671, 101.332901001, 103.359237671, 103.359573364, 101.332580566, 103.359237671, 103.359573364, 103.359237671, 103.359573364, 103.359237671, 101.332901001, 101.332580566, 101.332580566, 99.3841781616, 103.359573364, 103.358894348, 103.359573364, 103.359573364, 101.332580566, 101.332580566, 103.359573364, 103.359573364, 103.358894348, 103.359573364, 103.359573364, 103.358894348, 105.469322205, 105.468612671, 103.359573364, 103.358894348, 105.468612671, 105.469322205, 103.358894348, 103.359573364, 103.359573364, 103.359573364, 103.358894348, 103.359573364, 103.359573364, 103.358894348, 105.469322205, 105.468612671, 103.358894348, 103.359573364, 103.359573364, 103.359573364, 105.468612671, 105.468612671, 103.359573364, 107.665519714, 103.359573364, 103.359573364, 103.358894348, 103.359573364, 105.468612671, 105.469322205, 105.468612671, 105.468612671, 105.468612671, 105.468612671, 105.469322205, 103.358894348, 105.468612671, 105.469322205, 103.358894348, 105.469322205, 99.3835525513, 101.332580566, 101.333229065, 101.332580566, 101.332580566, 99.3835525513, 99.3848114014, 101.332580566, 101.332580566, 101.332580566, 101.332580566, 103.359573364, 99.3835525513, 99.3835525513, 99.3848114014, 107.665519714, 107.666992188, 107.665519714, 107.665519714, 105.469322205, 105.469322205, 99.3835525513, 99.3848114014, 99.3835525513, 99.3835525513, 99.3848114014, 99.3823013306, 99.3848114014, 99.3848114014, 99.3823013306, 99.3848114014, 99.3848114014]
    bpm_intervals: [0.394739210606, 0.39473927021, 0.394739151001, 0.39473927021, 0.39473927021, 0.394739151001, 0.406349182129, 0.406349182129, 0.406349182129, 0.406349182129, 0.394739151001, 0.394739151001, 0.394739627838, 0.394739151001, 0.383129119873, 0.383129119873, 0.394739151001, 0.394739627838, 0.394739151001, 0.394738674164, 0.394740104675, 0.394739151001, 0.394739151001, 0.394739151001, 0.510838508606, 0.51083946228, 0.510838508606, 0.580498695374, 0.580499649048, 0.592108726501, 0.603718757629, 0.603718757629, 0.580498695374, 0.580498695374, 0.580499649048, 0.580497741699, 0.592109680176, 0.580497741699, 0.580499649048, 0.580499649048, 0.580497741699, 0.56888961792, 0.568887710571, 0.580499649048, 0.580499649048, 0.580497741699, 0.580499649048, 0.592107772827, 0.580499649048, 0.580497741699, 0.592109680176, 0.580499649048, 0.580497741699, 0.580499649048, 0.580497741699, 0.580499649048, 0.592107772827, 0.592109680176, 0.592109680176, 0.626937866211, 0.615329742432, 0.603717803955, 0.580497741699, 0.580501556396, 0.580497741699, 0.580497741699, 0.592109680176, 0.592109680176, 0.580497741699, 0.580497741699, 0.580501556396, 0.580497741699, 0.580497741699, 0.580501556396, 0.568885803223, 0.56888961792, 0.580497741699, 0.580501556396, 0.56888961792, 0.568885803223, 0.580501556396, 0.580497741699, 0.580497741699, 0.580497741699, 0.580501556396, 0.580497741699, 0.580497741699, 0.580501556396, 0.568885803223, 0.56888961792, 0.580501556396, 0.580497741699, 0.580497741699, 0.580497741699, 0.56888961792, 0.56888961792, 0.580497741699, 0.557281494141, 0.580497741699, 0.580497741699, 0.580501556396, 0.580497741699, 0.56888961792, 0.568885803223, 0.56888961792, 0.56888961792, 0.56888961792, 0.56888961792, 0.568885803223, 0.580501556396, 0.56888961792, 0.568885803223, 0.580501556396, 0.568885803223, 0.603721618652, 0.592109680176, 0.592105865479, 0.592109680176, 0.592109680176, 0.603721618652, 0.603713989258, 0.592109680176, 0.592109680176, 0.592109680176, 0.592109680176, 0.580497741699, 0.603721618652, 0.626937866211, 0.626937866211, 0.638549804688, 0.638542175293, 0.661773681641, 0.673377990723, 0.777870178223, 0.75464630127, 0.75464630127, 0.731430053711, 0.743041992188, 0.731422424316, 0.731430053711, 0.708213806152, 0.696594238281, 0.673377990723, 0.673377990723, 0.650161743164, 0.661766052246, 0.661773681641, 0.65015411377, 0.650161743164, 0.638549804688, 0.65015411377, 0.638549804688, 0.626937866211, 0.650161743164, 0.65015411377, 0.626945495605, 0.65015411377, 0.638549804688, 0.638549804688, 0.626937866211, 0.626937866211, 0.626937866211, 0.626937866211, 0.626937866211, 0.626945495605, 0.626937866211, 0.626937866211, 0.626937866211, 0.626937866211, 0.603721618652, 0.615325927734, 0.615325927734, 0.626945495605, 0.603713989258, 0.626937866211, 0.626937866211, 0.626945495605, 0.65015411377, 0.650161743164, 0.65015411377, 0.650161743164, 0.557281494141, 0.557273864746, 0.557281494141, 0.557281494141, 0.568885803223, 0.568885803223, 0.650161743164, 0.638549804688, 0.638549804688, 0.65015411377, 0.650161743164, 0.661766052246, 0.661773681641, 0.684982299805, 0.696601867676, 0.661766052246, 0.673377990723, 0.673385620117, 0.65015411377, 0.650161743164, 0.626937866211, 0.626937866211, 0.638549804688, 0.638549804688, 0.626937866211, 0.626937866211, 0.626937866211, 0.626937866211, 0.603721618652, 0.615325927734, 0.615333557129, 0.626937866211, 0.603713989258, 0.626937866211, 0.603721618652, 0.626937866211, 0.603721618652, 0.603713989258, 0.603729248047, 0.626937866211, 0.603713989258, 0.626937866211, 0.603713989258, 0.603729248047, 0.603713989258, 0.603713989258, 0.615325927734, 0.615341186523, 0.650146484375, 0.673385620117, 0.719818115234, 0.743041992188, 0.766250610352, 0.766265869141, 0.777862548828, 0.766265869141, 0.754638671875, 0.766265869141, 0.766250610352, 0.766265869141, 0.777862548828]
