
metadata:
    version:
        essentia: "2.1-beta2"
    audio_properties:
        analysis_sample_rate: 44100
        bitrate: 278
        channels: 2
        equal_loudness: 1
        length: 370.546936035
        replay_gain: -14.4545440674
        downmix: "mix"
    tags:
        album: "L'Enfant Sauvage"
        artist: "Gojira"
        comment: "Live at les Eurockéennes 2009."
        date: "2012"
        genre: "Metal"
        title: "Flying Whales"
        tracknumber: "9/11"

configuration:
    average_loudness:
        compute: 1
        frameSize: 88200
        hopSize: 44100
        silentFrames: "noise"
        windowType: "hann"
    general:
        analysisSampleRate: 44100
        endTime: 2000
        equalLoudness: 1
        nequalLoudness: 0
        shortSound: 0
        startTime: 0
    lowlevel:
        compute: 1
        frameSize: 2048
        hopSize: 1024
        zeroPadding: 0
        silentFrames: "noise"
        windowType: "blackmanharris62"
        mfccStats: ["mean", "cov", "icov"]
        stats: ["mean", "var", "median", "min", "max", "dmean", "dmean2", "dvar", "dvar2"]
    panning:
        compute: 0
        frameSize: 8192
        hopSize: 2048
        zeroPadding: 8192
        silentFrames: "noise"
        windowType: "hann"
        stats: ["copy"]
    rhythm:
        compute: 1
        maxTempo: 208
        minTempo: 40
        method: "degara"
        stats: ["mean", "var", "median", "min", "max", "dmean", "dmean2", "dvar", "dvar2"]
    segmentation:
        compute: 0
        cpw: 5
        inc1: 300
        inc2: 50
        minimumSegmentsLength: 10
        size1: 1000
        size2: 600
    sfx:
        compute: 1
        stats: ["mean", "var", "median", "min", "max", "dmean", "dmean2", "dvar", "dvar2"]
    svm:
        compute: 0
    tonal:
        compute: 1
        frameSize: 4096
        hopSize: 2048
        zeroPadding: 0
        silentFrames: "noise"
        windowType: "blackmanharris62"
        stats: ["mean", "var", "median", "min", "max", "dmean", "dmean2", "dvar", "dvar2"]

lowlevel:
    average_loudness: 0.864123463631
    barkbands_kurtosis:
        dmean: 0.537854611874
        dmean2: 0.913702249527
        dvar: 2.73384666443
        dvar2: 7.60353803635
        max: 55.3365287781
        mean: -0.788120746613
        median: -1.11660575867
        min: -1.80454313755
        var: 3.59772443771
    barkbands_skewness:
        dmean: 0.335096418858
        dmean2: 0.544044911861
        dvar: 0.11197900027
        dvar2: 0.294224232435
        max: 7.08256101608
        mean: 0.122130557895
        median: 0.0668648630381
        min: -2.36087155342
        var: 0.413331627846
    barkbands_spread:
        dmean: 4.77819442749
        dmean2: 7.80800485611
        dvar: 18.6263751984
        dvar2: 49.0979003906
        max: 91.1876831055
        mean: 30.8251781464
        median: 31.214679718
        min: 1.70082867146
        var: 77.7205886841
    dissonance:
        dmean: 0.010636517778
        dmean2: 0.018412290141
        dvar: 0.000105572362372
        dvar2: 0.00030025333399
        max: 0.500000119209
        mean: 0.483422547579
        median: 0.486348807812
        min: 0.36656871438
        var: 0.00015825421724
    hfc:
        dmean: 1.96152663231
        dmean2: 3.2553498745
        dvar: 7.96778583527
        dvar2: 20.3919639587
        max: 34.3748664856
        mean: 6.63077735901
        median: 4.91875171661
        min: 1.18592209442e-016
        var: 26.7760734558
    pitch:
        dmean: 511.378662109
        dmean2: 967.37109375
        dvar: 938495.5625
        dvar2: 2536727.25
        max: 4607.38818359
        mean: 592.877197266
        median: 277.408782959
        min: 54.9955978394
        var: 799303.875
    pitch_instantaneous_confidence:
        dmean: 0.0645475834608
        dmean2: 0.108853511512
        dvar: 0.00351870013401
        dvar2: 0.00957230199128
        max: 0.872530937195
        mean: 0.277681827545
        median: 0.246300071478
        min: 0.102924287319
        var: 0.0129018956795
    pitch_salience:
        dmean: 0.0543277412653
        dmean2: 0.0915330573916
        dvar: 0.00293526425958
        dvar2: 0.00820864923298
        max: 0.884480953217
        mean: 0.689778506756
        median: 0.710272669792
        min: 0.115547433496
        var: 0.00758235855028
    silence_rate_20dB:
        dmean: 0
        dmean2: 0
        dvar: 0
        dvar2: 0
        max: 1
        mean: 1
        median: 1
        min: 1
        var: 0
    silence_rate_30dB:
        dmean: 0
        dmean2: 0
        dvar: 0
        dvar2: 0
        max: 1
        mean: 1
        median: 1
        min: 1
        var: 0
    silence_rate_60dB:
        dmean: 0.113540947437
        dmean2: 0.227096125484
        dvar: 0.100652597845
        dvar2: 0.22449991107
        max: 1
        mean: 0.484837085009
        median: 0
        min: 0
        var: 0.249777272344
    spectral_centroid:
        dmean: 230.41053772
        dmean2: 369.093536377
        dvar: 44303.453125
        dvar2: 106627.671875
        max: 8479.69921875
        mean: 1596.63500977
        median: 1594.96032715
        min: 289.624359131
        var: 186758.75
    spectral_complexity:
        dmean: 4.09060716629
        dmean2: 6.75817775726
        dvar: 21.1384735107
        dvar2: 52.8954353333
        max: 51
        mean: 15.0969924927
        median: 13
        min: 0
        var: 101.932281494
    spectral_crest:
        dmean: 1.94941520691
        dmean2: 3.2793135643
        dvar: 4.53029537201
        dvar2: 11.7891569138
        max: 25.8329048157
        mean: 6.01637172699
        median: 4.95307207108
        min: 1.97646057606
        var: 11.4521408081
    spectral_decrease:
        dmean: 3.03831543258e-010
        dmean2: 5.05230690617e-010
        dvar: 2.74175605626e-019
        dvar2: 7.04979307805e-019
        max: -8.92665351439e-028
        mean: -9.32653509977e-010
        median: -7.00902558215e-010
        min: -5.64997248986e-009
        var: 5.22698634397e-019
    spectral_energy:
        dmean: 0.00129844306502
        dmean2: 0.00215809885412
        dvar: 4.7057287702e-006
        dvar2: 1.20554122987e-005
        max: 0.0240421928465
        mean: 0.00412146793678
        median: 0.00310976128094
        min: 1.41257940167e-020
        var: 9.84429516393e-006
    spectral_energyband_high:
        dmean: 0.000140071220812
        dmean2: 0.00023522808624
        dvar: 4.62136213741e-008
        dvar2: 1.17534028732e-007
        max: 0.00288060633466
        mean: 0.000326337612933
        median: 0.000228685530601
        min: 7.79618696684e-021
        var: 9.66683302295e-008
    spectral_energyband_low:
        dmean: 0.000221621608944
        dmean2: 0.00038925363333
        dvar: 1.28456647985e-007
        dvar2: 3.60750760819e-007
        max: 0.00378906843252
        mean: 0.000308197631966
        median: 0.00021271026344
        min: 2.10095393756e-021
        var: 1.32914749429e-007
    spectral_energyband_middle_high:
        dmean: 0.0006096388679
        dmean2: 0.0010004414944
        dvar: 6.74706200243e-007
        dvar2: 1.6920142798e-006
        max: 0.0124604357406
        mean: 0.00210027769208
        median: 0.00148759875447
        min: 1.77056071412e-021
        var: 3.08125117954e-006
    spectral_energyband_middle_low:
        dmean: 0.000772651634179
        dmean2: 0.00128506554756
        dvar: 2.61217587649e-006
        dvar2: 6.86329485688e-006
        max: 0.016302594915
        mean: 0.00149940361734
        median: 0.00104730087332
        min: 1.41934358227e-021
        var: 3.03563729176e-006
    spectral_flatness_db:
        dmean: 0.0144043648615
        dmean2: 0.0231284815818
        dvar: 0.000217605993384
        dvar2: 0.00057859311346
        max: 0.402569413185
        mean: 0.129692688584
        median: 0.116530537605
        min: 0.0393441691995
        var: 0.00181504746433
    spectral_flux:
        dmean: 0.00690353335813
        dmean2: 0.0111603643745
        dvar: 9.37551158131e-005
        dvar2: 0.000208568977541
        max: 0.131347641349
        mean: 0.0386213697493
        median: 0.0357171222568
        min: 3.37384262821e-005
        var: 0.000335138465744
    spectral_kurtosis:
        dmean: 1.0532861948
        dmean2: 1.78578650951
        dvar: 1.67276716232
        dvar2: 5.11910486221
        max: 32.8936576843
        mean: 3.57086825371
        median: 3.25379562378
        min: -1.24672341347
        var: 3.58658671379
    spectral_rms:
        dmean: 0.000279062631307
        dmean2: 0.000457403046312
        dvar: 1.50702092583e-007
        dvar2: 3.81753551437e-007
        max: 0.00484311860055
        mean: 0.00186377705541
        median: 0.00174181326292
        min: 3.71231214172e-012
        var: 5.47286788333e-007
    spectral_rolloff:
        dmean: 374.830688477
        dmean2: 611.395935059
        dvar: 158457.46875
        dvar2: 378482.125
        max: 17764.8925781
        mean: 3115.42797852
        median: 3186.9140625
        min: 193.798828125
        var: 571929.1875
    spectral_skewness:
        dmean: 0.154555678368
        dmean2: 0.253460049629
        dvar: 0.0219641570002
        dvar2: 0.0607958436012
        max: 4.34463024139
        mean: 1.44790756702
        median: 1.43090760708
        min: 0.0205373000354
        var: 0.0793207809329
    spectral_spread:
        dmean: 584039.75
        dmean2: 894269.6875
        dvar: 571662729216
        dvar2: 1.17392592077e+012
        max: 44497592
        mean: 4800518
        median: 4774944
        min: 1872298.625
        var: 1.98284961382e+012
    spectral_strongpeak:
        dmean: 0.269709557295
        dmean2: 0.466713905334
        dvar: 0.165518522263
        dvar2: 0.446511864662
        max: 5.4294834137
        mean: 0.381815731525
        median: 0.205333501101
        min: 0
        var: 0.229176685214
    zerocrossingrate:
        dmean: 0.00735151022673
        dmean2: 0.0093328487128
        dvar: 4.9567046517e-005
        dvar2: 7.37349619158e-005
        max: 0.462890625
        mean: 0.0923687070608
        median: 0.09228515625
        min: 0.01123046875
        var: 0.000417090224801
    barkbands:
        dmean: [8.23780510473e-007, 6.25324682915e-005, 0.000127266655909, 0.000117722003779, 0.000508877972607, 0.000205485441256, 5.99232880631e-005, 6.84682599967e-005, 0.000133603622089, 0.000133832494612, 9.28725057747e-005, 9.88627798506e-005, 9.38844823395e-005, 8.06413590908e-005, 8.62686429173e-005, 0.00012841555872, 0.000111360524897, 0.000116541639727, 0.000140126387123, 0.000112754642032, 7.2461196396e-005, 2.96904254355e-005, 5.47050285604e-006, 3.19907758239e-006, 1.87534010365e-006, 7.95518673158e-008, 6.86193768473e-010]
        dmean2: [1.29830766582e-006, 0.000107307132566, 0.000226996678975, 0.000206029086257, 0.000858794606756, 0.000343330058968, 0.000102365818748, 0.000114940710773, 0.00022408652876, 0.000225874857279, 0.000155711415573, 0.000164057972142, 0.000155704969075, 0.000133009671117, 0.000141838230775, 0.000215317297261, 0.000186855555512, 0.000194390828256, 0.00023744351347, 0.000191694678506, 0.000122767130961, 5.00934693264e-005, 8.84658584255e-006, 5.26914072907e-006, 3.06856350107e-006, 1.28340758465e-007, 1.0855990551e-009]
        dvar: [1.93003035429e-012, 9.36034094678e-009, 4.96435639263e-008, 3.52239162282e-008, 1.89564377706e-006, 1.09881703736e-007, 1.57802233502e-008, 1.96633145322e-008, 4.31026094816e-008, 4.45988099784e-008, 2.76518186126e-008, 3.58761305108e-008, 3.48728121935e-008, 2.96007502953e-008, 2.99758653455e-008, 4.41715073407e-008, 2.91794854945e-008, 3.68142387686e-008, 3.93022183687e-008, 2.98737390381e-008, 1.22065353381e-008, 2.3358872614e-009, 1.0808251516e-010, 4.03162919715e-011, 1.90662693966e-011, 4.64508971923e-014, 2.99388489457e-018]
        dvar2: [4.6304366591e-012, 2.71687081721e-008, 1.39696581414e-007, 9.88982833405e-008, 5.05785874338e-006, 2.77621182931e-007, 4.07113063261e-008, 5.11650952717e-008, 1.14587223266e-007, 1.21041566103e-007, 7.01090598909e-008, 9.034314985e-008, 9.08298858349e-008, 7.11878129778e-008, 7.11391550112e-008, 1.10912544926e-007, 7.33284792886e-008, 9.31907351287e-008, 1.0410035145e-007, 7.77230226845e-008, 3.22837188094e-008, 5.91382764981e-009, 2.46895809353e-010, 1.03973545051e-010, 4.89365804823e-011, 1.20818556982e-013, 7.09741810522e-018]
        max: [1.26887634906e-005, 0.00112667772919, 0.00256246281788, 0.00379019696265, 0.0154153136536, 0.0066839158535, 0.00252384832129, 0.00389443733729, 0.00389273976907, 0.003976569511, 0.00371746974997, 0.00414905883372, 0.00460078008473, 0.00400961283594, 0.00505522219464, 0.00502125686035, 0.00376255391166, 0.0053735380061, 0.00329570285976, 0.00248315767385, 0.00182356045116, 0.000910902279429, 0.000221765163587, 0.000268976320513, 0.000106468658487, 7.37814752938e-006, 6.6554399325e-008]
        mean: [8.8065064574e-007, 9.52418558882e-005, 0.000139315874549, 0.000132497909362, 0.000581047264859, 0.000321827916196, 8.16038009361e-005, 9.65546569205e-005, 0.00021517847199, 0.000222820279305, 0.000155414090841, 0.000174678585608, 0.000166811019881, 0.000136214337545, 0.000164917131769, 0.00025136207114, 0.000214105122723, 0.000236348321778, 0.00029028946301, 0.000223522787564, 0.000146860795212, 5.54590696993e-005, 1.00415427369e-005, 5.54601956537e-006, 2.82253017758e-006, 1.16847758136e-007, 9.81983272474e-010]
        median: [2.67340226401e-007, 6.12573494436e-005, 6.9405301474e-005, 7.30118481442e-005, 0.000223280192586, 0.000201551563805, 4.2744082748e-005, 4.69916012662e-005, 0.000134191766847, 0.000132608198328, 8.78547289176e-005, 9.06280183699e-005, 7.63455464039e-005, 6.08886875852e-005, 0.000102734469692, 0.000179647191544, 0.000142251315992, 0.000142585849972, 0.000193644198589, 0.000149709987454, 9.65291910688e-005, 3.18163183692e-005, 5.52753772354e-006, 3.35296635967e-006, 1.45693979903e-006, 4.99217875927e-008, 3.96433552652e-010]
        min: [6.56743238121e-022, 9.14394650854e-022, 5.44513802049e-022, 4.5547793682e-022, 5.93541267495e-022, 1.2791926101e-022, 3.59420837191e-023, 1.01332490181e-022, 9.22943025302e-023, 9.16364998203e-023, 1.15634184983e-022, 1.10065508567e-022, 1.08198218007e-022, 2.19992556269e-022, 1.0121633199e-022, 8.53566432111e-023, 1.18371002209e-022, 1.98618818115e-022, 3.79401857194e-022, 4.3895517574e-022, 4.7289437002e-022, 7.00700940654e-022, 6.62439343971e-022, 8.22741383006e-022, 1.11192107963e-021, 1.75870109287e-021, 2.4763885186e-021]
        var: [2.24196486029e-012, 1.3114656916e-008, 4.34476135069e-008, 3.27121050248e-008, 1.82829955975e-006, 1.85623903803e-007, 1.9490173031e-008, 3.36606227336e-008, 6.91065977776e-008, 8.63148557073e-008, 5.56957182596e-008, 7.81533628924e-008, 7.96705208472e-008, 6.61303900529e-008, 6.67366037987e-008, 1.01256460994e-007, 6.63671286816e-008, 8.9665007863e-008, 8.5798383509e-008, 5.26641521503e-008, 2.29691874409e-008, 4.40137259972e-009, 2.25549759425e-010, 5.29239742308e-011, 2.17668834346e-011, 5.13458429962e-014, 4.01721422539e-018]
    frequency_bands:
        dmean: [8.23780510473e-007, 6.25324682915e-005, 0.000127266655909, 0.000117722003779, 0.000508877972607, 0.000205485441256, 5.99232880631e-005, 6.84682599967e-005, 0.000133603622089, 0.000133832494612, 9.28725057747e-005, 9.88627798506e-005, 9.38844823395e-005, 8.06413590908e-005, 8.62686429173e-005, 0.00012841555872, 0.000111360524897, 0.000116541639727, 0.000140126387123, 0.000112754642032, 7.2461196396e-005, 2.96904254355e-005, 5.47050285604e-006, 3.19907758239e-006, 1.87534010365e-006, 7.95518673158e-008, 6.86193768473e-010, 4.6684548588e-011]
        dmean2: [1.29830766582e-006, 0.000107307132566, 0.000226996678975, 0.000206029086257, 0.000858794606756, 0.000343330058968, 0.000102365818748, 0.000114940710773, 0.00022408652876, 0.000225874857279, 0.000155711415573, 0.000164057972142, 0.000155704969075, 0.000133009671117, 0.000141838230775, 0.000215317297261, 0.000186855555512, 0.000194390828256, 0.00023744351347, 0.000191694678506, 0.000122767130961, 5.00934693264e-005, 8.84658584255e-006, 5.26914072907e-006, 3.06856350107e-006, 1.28340758465e-007, 1.0855990551e-009, 8.65283539264e-011]
        dvar: [1.93003035429e-012, 9.36034094678e-009, 4.96435639263e-008, 3.52239162282e-008, 1.89564377706e-006, 1.09881703736e-007, 1.57802233502e-008, 1.96633145322e-008, 4.31026094816e-008, 4.45988099784e-008, 2.76518186126e-008, 3.58761305108e-008, 3.48728121935e-008, 2.96007502953e-008, 2.99758653455e-008, 4.41715073407e-008, 2.91794854945e-008, 3.68142387686e-008, 3.93022183687e-008, 2.98737390381e-008, 1.22065353381e-008, 2.3358872614e-009, 1.0808251516e-010, 4.03162919715e-011, 1.90662693966e-011, 4.64508971923e-014, 2.99388489457e-018, 5.90073450102e-021]
        dvar2: [4.6304366591e-012, 2.71687081721e-008, 1.39696581414e-007, 9.88982833405e-008, 5.05785874338e-006, 2.77621182931e-007, 4.07113063261e-008, 5.11650952717e-008, 1.14587223266e-007, 1.21041566103e-007, 7.01090598909e-008, 9.034314985e-008, 9.08298858349e-008, 7.11878129778e-008, 7.11391550112e-008, 1.10912544926e-007, 7.33284792886e-008, 9.31907351287e-008, 1.0410035145e-007, 7.77230226845e-008, 3.22837188094e-008, 5.91382764981e-009, 2.46895809353e-010, 1.03973545051e-010, 4.89365804823e-011, 1.20818556982e-013, 7.09741810522e-018, 1.89169372157e-020]
        max: [1.26887634906e-005, 0.00112667772919, 0.00256246281788, 0.00379019696265, 0.0154153136536, 0.0066839158535, 0.00252384832129, 0.00389443733729, 0.00389273976907, 0.003976569511, 0.00371746974997, 0.00414905883372, 0.00460078008473, 0.00400961283594, 0.00505522219464, 0.00502125686035, 0.00376255391166, 0.0053735380061, 0.00329570285976, 0.00248315767385, 0.00182356045116, 0.000910902279429, 0.000221765163587, 0.000268976320513, 0.000106468658487, 7.37814752938e-006, 6.6554399325e-008, 1.16664722327e-009]
        mean: [8.8065064574e-007, 9.52418558882e-005, 0.000139315874549, 0.000132497909362, 0.000581047264859, 0.000321827916196, 8.16038009361e-005, 9.65546569205e-005, 0.00021517847199, 0.000222820279305, 0.000155414090841, 0.000174678585608, 0.000166811019881, 0.000136214337545, 0.000164917131769, 0.00025136207114, 0.000214105122723, 0.000236348321778, 0.00029028946301, 0.000223522787564, 0.000146860795212, 5.54590696993e-005, 1.00415427369e-005, 5.54601956537e-006, 2.82253017758e-006, 1.16847758136e-007, 9.81983272474e-010, 3.63788998925e-011]
        median: [2.67340226401e-007, 6.12573494436e-005, 6.9405301474e-005, 7.30118481442e-005, 0.000223280192586, 0.000201551563805, 4.2744082748e-005, 4.69916012662e-005, 0.000134191766847, 0.000132608198328, 8.78547289176e-005, 9.06280183699e-005, 7.63455464039e-005, 6.08886875852e-005, 0.000102734469692, 0.000179647191544, 0.000142251315992, 0.000142585849972, 0.000193644198589, 0.000149709987454, 9.65291910688e-005, 3.18163183692e-005, 5.52753772354e-006, 3.35296635967e-006, 1.45693979903e-006, 4.99217875927e-008, 3.96433552652e-010, 1.17215482112e-011]
        min: [6.56743238121e-022, 9.14394650854e-022, 5.44513802049e-022, 4.5547793682e-022, 5.93541267495e-022, 1.2791926101e-022, 3.59420837191e-023, 1.01332490181e-022, 9.22943025302e-023, 9.16364998203e-023, 1.15634184983e-022, 1.10065508567e-022, 1.08198218007e-022, 2.19992556269e-022, 1.0121633199e-022, 8.53566432111e-023, 1.18371002209e-022, 1.98618818115e-022, 3.79401857194e-022, 4.3895517574e-022, 4.7289437002e-022, 7.00700940654e-022, 6.62439343971e-022, 8.22741383006e-022, 1.11192107963e-021, 1.75870109287e-021, 2.4763885186e-021, 6.30400080161e-022]
        var: [2.24196486029e-012, 1.3114656916e-008, 4.34476135069e-008, 3.27121050248e-008, 1.82829955975e-006, 1.85623903803e-007, 1.9490173031e-008, 3.36606227336e-008, 6.91065977776e-008, 8.63148557073e-008, 5.56957182596e-008, 7.81533628924e-008, 7.96705208472e-008, 6.61303900529e-008, 6.67366037987e-008, 1.01256460994e-007, 6.63671286816e-008, 8.9665007863e-008, 8.5798383509e-008, 5.26641521503e-008, 2.29691874409e-008, 4.40137259972e-009, 2.25549759425e-010, 5.29239742308e-011, 2.17668834346e-011, 5.13458429962e-014, 4.01721422539e-018, 4.61225650581e-021]
    mfcc:
        mean: [-704.177124023, 103.166442871, -54.7472419739, 35.9001922607, -17.4698066711, -2.51954221725, -1.57204246521, -5.37896442413, -2.42637753487, -9.54134368896, -11.5818738937, -10.1084079742, -7.21887874603]
        cov: [[4240.10595703, -350.052581787, 599.913269043, 540.944274902, 191.662994385, 513.888977051, 228.773788452, 274.499481201, 272.719665527, 250.266677856, 189.913635254, 280.64630127, 247.835098267], [-350.052581787, 446.979187012, -95.5631484985, 65.0335388184, -21.6537284851, 0.441334992647, -2.676435709, -6.76862859726, -23.6491661072, -18.3027515411, -20.0642261505, -17.1262836456, 10.5084571838], [599.913269043, -95.5631484985, 428.148620605, 153.570861816, 164.50328064, 105.068634033, 86.8261032104, 52.3045539856, 73.5578155518, 61.3968086243, 16.6915302277, 59.4260444641, 60.819644928], [540.944274902, 65.0335388184, 153.570861816, 271.395965576, 99.7730484009, 144.489013672, 52.204372406, 73.5791015625, 90.9557037354, 70.6987533569, 42.4959602356, 60.8119468689, 73.3630142212], [191.662994385, -21.6537284851, 164.50328064, 99.7730484009, 181.450485229, 76.2440567017, 53.9465827942, 28.4493637085, 60.1376190186, 48.1013717651, 27.2959156036, 40.3584403992, 38.2971572876], [513.888977051, 0.441334992647, 105.068634033, 144.489013672, 76.2440567017, 182.233032227, 72.4048614502, 80.2227325439, 71.1259841919, 64.5931243896, 54.7458229065, 61.6757240295, 52.1945266724], [228.773788452, -2.676435709, 86.8261032104, 52.204372406, 53.9465827942, 72.4048614502, 133.692123413, 68.9911880493, 48.387462616, 38.1726341248, 34.7611885071, 35.0170898438, 28.3679618835], [274.499481201, -6.76862859726, 52.3045539856, 73.5791015625, 28.4493637085, 80.2227325439, 68.9911880493, 121.736404419, 71.4303894043, 46.4523010254, 49.8625984192, 45.6393928528, 26.5730781555], [272.719665527, -23.6491661072, 73.5578155518, 90.9557037354, 60.1376190186, 71.1259841919, 48.387462616, 71.4303894043, 123.941390991, 65.8788299561, 45.1130065918, 44.2398300171, 42.6898841858], [250.266677856, -18.3027515411, 61.3968086243, 70.6987533569, 48.1013717651, 64.5931243896, 38.1726341248, 46.4523010254, 65.8788299561, 95.3223571777, 53.9088516235, 40.6005172729, 32.5688667297], [189.913635254, -20.0642261505, 16.6915302277, 42.4959602356, 27.2959156036, 54.7458229065, 34.7611885071, 49.8625984192, 45.1130065918, 53.9088516235, 100.995903015, 50.9401054382, 21.6463947296], [280.64630127, -17.1262836456, 59.4260444641, 60.8119468689, 40.3584403992, 61.6757240295, 35.0170898438, 45.6393928528, 44.2398300171, 40.6005172729, 50.9401054382, 80.4139480591, 47.2068824768], [247.835098267, 10.5084571838, 60.819644928, 73.3630142212, 38.2971572876, 52.1945266724, 28.3679618835, 26.5730781555, 42.6898841858, 32.5688667297, 21.6463947296, 47.2068824768, 80.9720001221]]
        icov: [[0.000515641411766, 0.000419306190452, -0.000362504390068, -0.000500620226376, 0.000675147923175, -0.000813829072285, -5.4145573813e-005, 7.98755809228e-006, 6.59697398078e-005, -0.000173212669324, 7.23593475414e-005, -0.000548833690118, -0.000349669920979], [0.000419306190452, 0.00320863793604, 0.0008857412613, -0.00225556525402, 0.000375625648303, -0.000103072496131, -0.000784867850598, -9.64461942203e-005, 0.00111534434836, 5.64969195693e-005, 0.000527428928763, 0.000147920829477, -0.000964078935795], [-0.000362504390068, 0.0008857412613, 0.00491479318589, -0.00146942294668, -0.00329323485494, 0.000989135354757, -0.00153850310016, -5.2682687965e-005, 0.000663895800244, -0.00053166836733, 0.00196008058265, -0.000743210199289, -0.000116247283586], [-0.000500620226376, -0.00225556525402, -0.00146942294668, 0.00993388704956, -0.00157118658535, -0.00409083627164, 0.00248195650056, -0.00113805709407, -0.00226050731726, -0.000610513379797, 0.0001366250508, 0.00128599849995, -0.00253658462316], [0.000675147923175, 0.000375625648303, -0.00329323485494, -0.00157118658535, 0.0110519332811, -0.00227439799346, -0.00167401845101, 0.00324371387251, -0.00251085544005, -0.000738880014978, -0.000464711309178, -0.00167540553957, 0.00026474459446], [-0.000813829072285, -0.000103072496131, 0.000989135354757, -0.00409083627164, -0.00227439799346, 0.0144788427278, -0.00245785689913, -0.00305179948919, 0.00130320829339, -0.00148463947698, -0.000907477922738, -0.00139579898678, 3.94785638491e-005], [-5.4145573813e-005, -0.000784867850598, -0.00153850310016, 0.00248195650056, -0.00167401845101, -0.00245785689913, 0.0128227425739, -0.00577065907419, 0.00015620260092, -0.000322545180097, -0.00077300745761, 0.00111164094415, -0.00144207081757], [7.98755809228e-006, -9.64461942203e-005, -5.2682687965e-005, -0.00113805709407, 0.00324371387251, -0.00305179948919, -0.00577065907419, 0.018824102357, -0.00718506844714, 0.00108254305087, -0.0022655739449, -0.00383922480978, 0.00353246740997], [6.59697398078e-005, 0.00111534434836, 0.000663895800244, -0.00226050731726, -0.00251085544005, 0.00130320829339, 0.00015620260092, -0.00718506844714, 0.0185122657567, -0.0068806251511, 0.000177197303856, 0.000827678944916, -0.00366884912364], [-0.000173212669324, 5.64969195693e-005, -0.00053166836733, -0.000610513379797, -0.000738880014978, -0.00148463947698, -0.000322545180097, 0.00108254305087, -0.0068806251511, 0.0217225402594, -0.00730923563242, 0.000481154274894, -0.000896737794392], [7.23593475414e-005, 0.000527428928763, 0.00196008058265, 0.0001366250508, -0.000464711309178, -0.000907477922738, -0.00077300745761, -0.0022655739449, 0.000177197303856, -0.00730923563242, 0.0196015555412, -0.00991270132363, 0.00331865111366], [-0.000548833690118, 0.000147920829477, -0.000743210199289, 0.00128599849995, -0.00167540553957, -0.00139579898678, 0.00111164094415, -0.00383922480978, 0.000827678944916, 0.000481154274894, -0.00991270132363, 0.0301602818072, -0.0119470739737], [-0.000349669920979, -0.000964078935795, -0.000116247283586, -0.00253658462316, 0.00026474459446, 3.94785638491e-005, -0.00144207081757, 0.00353246740997, -0.00366884912364, -0.000896737794392, 0.00331865111366, -0.0119470739737, 0.023499103263]]
    sccoeffs:
        dmean: [0.0580927431583, 0.049258235842, 0.0366705730557, 0.0278160646558, 0.018075492233, 0.018072122708]
        dmean2: [0.0966873392463, 0.0834177434444, 0.0620718412101, 0.0472263284028, 0.0307850744575, 0.0290101543069]
        dvar: [0.00226247194223, 0.00149972457439, 0.000794016174041, 0.00047484706738, 0.000203345742193, 0.000275973259704]
        dvar2: [0.00590289197862, 0.00428539002314, 0.00230321637355, 0.00134188274387, 0.000572728458792, 0.000667767249979]
        max: [-0.204914286733, -0.45376715064, -0.588521361351, -0.617274105549, -0.651266694069, -0.574939966202]
        mean: [-0.645342051983, -0.766934931278, -0.797723650932, -0.802750408649, -0.812014400959, -0.754770159721]
        median: [-0.674484431744, -0.772120177746, -0.802878975868, -0.806846082211, -0.814792394638, -0.756808280945]
        min: [-0.970916748047, -0.966274321079, -0.961659789085, -0.955546915531, -0.956100702286, -0.960930764675]
        var: [0.0125354230404, 0.00339556741528, 0.001945680473, 0.00118913466576, 0.000551715784241, 0.00121788377874]
    scvalleys:
        dmean: [0.417591750622, 0.359309136868, 0.28853777051, 0.236648663878, 0.210977211595, 0.32828143239]
        dmean2: [0.692655563354, 0.606948912144, 0.485580086708, 0.394392102957, 0.346808999777, 0.505525767803]
        dvar: [0.131987243891, 0.103980205953, 0.068911626935, 0.0525383204222, 0.0591119937599, 0.162947431207]
        dvar2: [0.332216441631, 0.262658178806, 0.158647358418, 0.112274512649, 0.123124301434, 0.377644658089]
        max: [-5.12237739563, -4.55076026917, -4.85289525986, -5.29816961288, -5.56018352509, -7.6870675087]
        mean: [-7.30020856857, -6.57916498184, -6.47386884689, -6.79156827927, -6.97513246536, -9.6248292923]
        median: [-6.58411073685, -6.50401449203, -6.37441587448, -6.71595954895, -6.85374927521, -9.34957695007]
        min: [-25.4196872711, -26.701789856, -27.222990036, -27.2911434174, -27.3460540771, -27.2239761353]
        var: [2.6275639534, 0.447455704212, 0.425910174847, 0.385646909475, 0.495168507099, 1.04828262329]

rhythm:
    beats_loudness:
        dmean: 0.00402608187869
        dmean2: 0.00759020633996
        dvar: 1.74108645297e-005
        dvar2: 5.95042365603e-005
        max: 0.0184240620583
        mean: 0.0054121138528
        median: 0.00357627146877
        min: 3.99819327868e-005
        var: 1.87815730897e-005
    bpm: 93.8854675293
    bpm_confidence: 0
    first_peak_bpm: 94
    first_peak_spread: 0.712802767754
    first_peak_weight: 0.12888199091
    onset_rate: 2.5988612175
    second_peak_bpm: 103
    second_peak_spread: 0.610062897205
    second_peak_weight: 0.0962732955813
    beats_loudness_band_ratio:
        dmean: [0.0647093355656, 0.204823628068, 0.0620332024992, 0.0889517590404, 0.102141022682, 0.0776779800653]
        dmean2: [0.112106919289, 0.375376701355, 0.105838984251, 0.159024000168, 0.177793517709, 0.13504858315]
        dvar: [0.00580543465912, 0.0290811788291, 0.00385190988891, 0.00754947168753, 0.010436931625, 0.00670495023951]
        dvar2: [0.015835788101, 0.0891921147704, 0.0104384254664, 0.0219869371504, 0.0284208264202, 0.0193450842053]
        max: [0.73227596283, 0.94738638401, 0.550943911076, 0.730659365654, 0.792313098907, 0.551401257515]
        mean: [0.103822410107, 0.248453229666, 0.11197835207, 0.169231936336, 0.228217214346, 0.179082453251]
        median: [0.087047919631, 0.18255636096, 0.0918444916606, 0.146279111505, 0.210984200239, 0.166997000575]
        min: [0.00027226304519, 0.00167687924113, 0.0130445249379, 0.0181638468057, 0.00706672249362, 0.00239748810418]
        var: [0.0081111304462, 0.0395936146379, 0.00549218477681, 0.00947957113385, 0.0149790123105, 0.00981560535729]
    beats_position: [0.650158703327, 1.31192743778, 1.98530614376, 2.65868473053, 3.32045340538, 3.98222208023, 4.65560102463, 5.32897949219, 6.01396799088, 6.68734693527, 7.36072540283, 8.03410434723, 8.70748329163, 9.287981987, 9.86848068237, 10.4489793777, 11.0294780731, 11.6099767685, 12.1788663864, 12.7477550507, 13.3166437149, 13.8855323792, 14.4544210434, 15.0233106613, 15.5805892944, 16.1378688812, 16.6951465607, 17.2524261475, 17.8097057343, 18.3785934448, 18.9474830627, 19.5163707733, 20.0852603912, 20.6541500092, 21.2230377197, 21.7919273376, 22.3608150482, 22.918094635, 23.4869842529, 24.0558719635, 24.6247615814, 25.1936511993, 25.774148941, 26.3546485901, 26.9235363007, 27.5040359497, 28.0845336914, 28.6650333405, 29.2455329895, 29.8144207001, 30.3949203491, 30.9754180908, 31.5559177399, 32.1480255127, 32.7401351929, 33.3206329346, 33.9127426147, 34.5048522949, 35.0853500366, 35.6658477783, 36.2463493347, 36.8268470764, 37.4073448181, 37.9878463745, 38.5683441162, 39.1488418579, 39.7293434143, 40.309841156, 40.8903388977, 41.4708366394, 42.0513381958, 42.6318359375, 43.2123336792, 43.7928352356, 44.3849411011, 44.9770507813, 45.5691604614, 46.1612701416, 46.7649879456, 47.3454856873, 47.9492073059, 48.5413131714, 49.1334228516, 49.7255325317, 50.3176422119, 50.9213600159, 51.513469696, 52.1055755615, 52.7092971802, 53.3130149841, 53.9167327881, 54.5088424683, 55.1009521484, 55.6814498901, 56.2735595703, 56.8656692505, 57.4461669922, 58.0382766724, 58.6303825378, 59.2108840942, 59.8146018982, 60.4183197021, 61.0336494446, 61.648979187, 62.2643089294, 62.8796348572, 63.4949645996, 64.1102905273, 64.7372360229, 65.3525619507, 65.9678878784, 66.5832214355, 67.1985473633, 67.813873291, 68.4292068481, 69.0445327759, 69.659866333, 70.2751922607, 70.8905181885, 71.4826278687, 72.0863494873, 72.6784591675, 73.2821731567, 73.8858947754, 74.489616394, 75.0701141357, 75.673828125, 76.2543258667, 76.8580474854, 77.4385452271, 78.0190429688, 78.6227645874, 79.2264862061, 79.8069839478, 80.3874816895, 80.9795913696, 81.5717010498, 82.16381073, 82.7559204102, 83.3364181519, 83.9169158936, 84.5090255737, 85.112739563, 85.7048492432, 86.3085708618, 86.900680542, 87.4927902222, 88.0848999023, 88.6770019531, 89.2691116333, 89.8612213135, 90.4533309937, 91.0338287354, 91.6143264771, 92.2064361572, 92.7869338989, 93.36743927, 93.9595413208, 94.551651001, 95.1553726196, 95.7590942383, 96.374420166, 96.9897460938, 97.6050796509, 98.2320175171, 98.8473434448, 99.474281311, 100.101219177, 100.739768982, 101.378318787, 102.005256653, 102.643806458, 103.282356262, 103.920906067, 104.547843933, 105.186393738, 105.824943542, 106.463493347, 107.102035522, 107.740585327, 108.379135132, 109.017684937, 109.644622803, 110.294784546, 110.933334351, 111.571876526, 112.210426331, 112.848976135, 113.499137878, 114.149291992, 114.799453735, 115.449615479, 115.983673096, 116.506118774, 117.05178833, 117.539405823, 118.027030945, 118.514648438, 118.990653992, 119.455055237, 119.931060791, 120.407073975, 120.883079529, 121.370697021, 121.846710205, 122.206619263, 122.554916382, 122.914825439, 123.263130188, 123.599815369, 123.92489624, 124.249977112, 124.575057983, 124.888526917, 125.20199585, 125.527069092, 125.852149963, 126.188842773, 126.502311707, 126.81578064, 127.129249573, 127.454330444, 127.779411316, 128.104492188, 128.42956543, 128.754638672, 129.079727173, 129.416412354, 129.753097534, 130.089797974, 130.426483154, 130.763168335, 131.099868774, 131.448165894, 131.796463013, 132.144760132, 132.469833374, 132.794921875, 133.131607056, 133.468292236, 133.793380737, 134.106842041, 134.420318604, 134.722167969, 135.035644531, 135.349105835, 135.662582397, 135.97605896, 136.289520264, 136.602996826, 136.91645813, 137.229934692, 137.555007935, 137.880081177, 138.205169678, 138.541854858, 138.878540039, 139.215240479, 139.540313721, 139.853790283, 140.178863525, 140.503936768, 140.829025269, 141.154098511, 141.479187012, 141.804260254, 142.129333496, 142.454421997, 142.779495239, 143.10458374, 143.429656982, 143.766342163, 144.242355347, 144.706756592, 145.171157837, 145.635559082, 146.099945068, 146.564346313, 147.01713562, 147.493148804, 147.969161987, 148.445159912, 148.956008911, 149.455230713, 149.954467773, 150.453689575, 150.952926636, 151.463760376, 151.962997437, 152.473831177, 153.112380981, 153.739318848, 154.366256714, 154.99319458, 155.631744385, 156.258682251, 156.897232056, 157.53578186, 158.174331665, 158.801269531, 159.428207397, 160.055145264, 160.68208313, 161.309020996, 161.935958862, 162.562896729, 163.189834595, 163.816772461, 164.455322266, 165.09387207, 165.744033813, 166.382583618, 167.021133423, 167.659683228, 168.298233032, 168.925170898, 169.563720703, 170.202270508, 170.829208374, 171.444534302, 172.071472168, 172.686798096, 173.313735962, 173.952285767, 174.590835571, 175.229385376, 175.867935181, 176.506484985, 177.14503479, 177.795196533, 178.445343018, 179.083892822, 179.722442627, 180.360992432, 181.011154175, 181.661315918, 182.299865723, 182.950012207, 183.60017395, 184.238723755, 184.87727356, 185.527435303, 186.177597046, 186.827758789, 187.477905273, 188.128067017, 188.77822876, 189.428390503, 190.078552246, 190.72869873, 191.402084351, 192.075454712, 192.748840332, 193.44543457, 194.153640747, 194.885070801, 195.628112793, 196.313110352, 196.998092651, 197.683074951, 198.36807251, 199.05305481, 199.749649048, 200.446258545, 201.142852783, 201.839447021, 202.489608765, 203.139770508, 203.789932251, 204.440093994, 205.07862854, 205.717178345, 206.355728149, 206.982666016, 207.609603882, 208.236557007, 208.863494873, 209.490432739, 210.117370605, 210.744308472, 211.371246338, 211.998184204, 212.62512207, 213.252059937, 213.878997803, 214.505935669, 215.132873535, 215.748199463, 216.363540649, 216.990478516, 217.617416382, 218.244354248, 218.871292114, 219.486618042, 220.10194397, 220.728881836, 221.344207764, 221.95954895, 222.586486816, 223.225036621, 223.851974487, 224.467300415, 225.094238281, 225.721176147, 226.348114014, 226.97505188, 227.601989746, 228.228927612, 228.855865479, 229.482803345, 230.109741211, 230.748291016, 231.38684082, 232.013778687, 232.640716553, 233.267654419, 233.894592285, 234.521530151, 235.148483276, 235.775421143, 236.402359009, 237.029296875, 237.656234741, 238.294784546, 238.933334351, 239.560272217, 240.187210083, 240.814147949, 241.452697754, 242.091247559, 242.741394043, 243.391555786, 244.030105591, 244.668655396, 245.330429077, 245.9921875, 246.642349243, 247.292510986, 247.942672729, 248.604446411, 249.254592896, 249.904754639, 250.578140259, 251.239898682, 251.890060425, 252.528610229, 253.190383911, 253.863754272, 254.537139893, 255.210510254, 255.872283936, 256.534057617, 257.172607422, 257.822753906, 258.484527588, 259.134674072, 259.784851074, 260.434997559, 261.108398438, 261.758544922, 262.408691406, 263.058868408, 263.709014893, 264.359191895, 264.997741699, 265.636291504, 266.286437988, 266.936584473, 267.586761475, 268.236907959, 268.887084961, 269.537231445, 270.17578125, 270.814331055, 271.464477539, 272.114654541, 272.753204346, 273.39175415, 274.041900635, 274.692047119, 275.342224121, 275.992370605, 276.642547607, 277.292694092, 277.919647217, 278.558166504, 279.208343506, 279.85848999, 280.497039795, 281.1355896, 281.785766602, 282.424316406, 283.062866211, 283.701385498, 284.328338623, 284.955291748, 285.593841553, 286.23236084, 286.859313965, 287.48626709, 288.113189697, 288.751739502, 289.390289307, 290.017242432, 290.644165039, 291.271118164, 291.909667969, 292.548217773, 293.175140381, 293.802093506, 294.45223999, 295.102386475, 295.740936279, 296.379486084, 297.018035889, 297.668212891, 298.306762695, 298.9453125, 299.583862305, 300.234008789, 300.872558594, 301.511108398, 302.161254883, 302.811431885, 303.461578369, 304.111755371, 304.761901855, 305.41204834, 306.062225342, 306.712371826, 307.362548828, 308.012695313, 308.662841797, 309.313018799, 309.963165283, 310.601715088, 311.251861572, 311.902038574, 312.563812256, 313.21395874, 313.864135742, 314.514282227, 315.164428711, 315.826202393, 316.487976074, 317.161346436, 317.834747314, 318.531341553, 319.239532471, 319.866485596, 320.5050354, 321.085540771, 321.677642822, 322.269744873, 322.861846924, 323.453948975, 324.034454346, 324.614959717, 325.218688965, 325.834014893, 326.44934082, 327.041442871, 327.633544922, 328.23727417, 328.829376221, 329.421478271, 330.01361084, 330.594085693, 331.186218262, 331.766693115, 332.347198486, 332.939300537, 333.543029785, 334.135131836, 334.727264404, 335.330963135, 335.923065186, 336.503570557, 337.084075928, 337.664581299, 338.24508667, 338.825561523, 339.406066895, 339.986572266, 340.567077637, 341.14755249, 341.751281738, 342.285339355, 342.807800293, 343.330230713, 343.86428833, 344.375152588, 344.885986328, 345.396820068, 345.907653809, 346.395263672, 346.882904053, 347.370513916, 347.858123779, 348.34576416, 348.844970703, 349.390655518, 349.924713135, 350.458770752, 350.992828369, 351.526885986, 352.049346924, 352.571777344, 353.094238281, 353.616668701, 354.115905762, 354.603546143, 355.102752686, 355.601989746, 356.101226807, 356.58883667, 357.076446533, 357.564086914, 358.051696777, 358.516082764, 358.980499268, 359.433288574, 359.862854004, 360.292419434, 360.721984863, 361.151550293, 361.581115723, 362.010681152, 362.4402771, 362.858215332, 363.276184082, 363.694152832, 364.123718262, 364.553283691, 364.982849121, 365.412414551, 365.830383301, 366.25994873, 366.68951416, 367.2003479, 367.711181641, 368.222045898, 368.732879639, 369.243713379, 369.754547119]
